ID,insum,outsum,diff
100000001,940,350,590
100000002,3099,5306,-2207
100000003,2924,3897,-973
100000004,119,1006,-887
100000005,2121,2428,-307
100000006,429,295,134
100000007,1573,855,718
100000008,66,373,-307
100000009,216,664,-448
100000010,12,127,-115
100000011,309,29,280
100000012,20,234,-214
100000013,2,62,-60
100000014,56,791,-735
100000015,755,1334,-579
100000016,179,1972,-1793
100000017,93,2443,-2350
100000018,668,405,263
100000019,1930,1617,313
100000020,993,4364,-3371
100000021,3690,1054,2636
100000022,408,3079,-2671
100000023,3264,1083,2181
100000025,333,981,-648
100000028,194,1916,-1722
100000029,20,780,-760
100000030,27,15,12
100000031,1055,4996,-3941
100000032,1143,3549,-2406
100000033,747,2654,-1907
100000034,60,1400,-1340
100000035,358,842,-484
100000036,393,1033,-640
100000037,664,237,427
100000038,1768,525,1243
100000039,137,117,20
100000040,505,98,407
100000041,1474,227,1247
100000042,1112,147,965
100000043,507,61,446
100000044,78,200,-122
100000045,144,229,-85
100000046,192,214,-22
100000047,105,137,-32
100000048,143,314,-171
100000049,671,565,106
100000051,404,392,12
100000053,31,3,28
100000054,176,20,156
100000055,448,98,350
100000056,228,245,-17
100000057,1489,191,1298
100000058,695,245,450
100000059,39,251,-212
100000060,668,239,429
100000061,1948,375,1573
100000062,1364,602,762
100000063,930,348,582
100000064,1167,444,723
100000065,203,348,-145
100000066,154,393,-239
100000067,173,513,-340
100000068,171,914,-743
100000069,131,731,-600
100000072,58,183,-125
100000073,801,602,199
100000075,581,115,466
100000076,917,5753,-4836
100000077,52,416,-364
100000078,1,20,-19
100000079,11,69,-58
100000080,3,38,-35
100000081,8,52,-44
100000102,1646,3976,-2330
100000103,1042,3720,-2678
100000104,2330,1582,748
100000105,800,1490,-690
100000106,496,2652,-2156
100000107,64,990,-926
100000108,107,872,-765
100000109,256,1123,-867
100000116,124,369,-245
100000117,25,93,-68
100000118,349,700,-351
100000119,694,702,-8
100000121,103,354,-251
100000122,311,1775,-1464
100000123,628,1369,-741
100000124,1567,1678,-111
100000125,6014,1603,4411
100000126,337,436,-99
100000127,800,614,186
100000128,403,3011,-2608
100000129,273,642,-369
100000130,711,104,607
100000131,377,621,-244
100000132,639,724,-85
100000133,723,368,355
100000135,422,566,-144
100000139,119,403,-284
100000140,92,30,62
100000142,378,335,43
100000143,673,223,450
100000144,574,220,354
100000147,1204,3852,-2648
100000150,92,340,-248
100000151,190,1130,-940
100000153,23,336,-313
100000154,23,367,-344
100000155,0,38,-38
100000156,25,162,-137
100000157,82,202,-120
100000158,94,84,10
100000159,38,1008,-970
100000165,614,286,328
100000169,12,1986,-1974
100000174,286,1011,-725
100000179,62,644,-582
100000180,466,716,-250
100000181,170,211,-41
100000188,23,35,-12
100000189,607,181,426
100000190,286,964,-678
100000191,514,304,210
100000192,5,120,-115
100000193,187,107,80
100000330,389,586,-197
100000355,172,245,-73
100000362,1193,535,658
100000363,4877,5921,-1044
100000364,28,108,-80
100000365,3485,5302,-1817
100000366,912,530,382
100000367,3514,3601,-87
100000368,1442,1409,33
100000369,353,1486,-1133
100000370,71,699,-628
100000376,33,429,-396
100000379,524,3245,-2721
100000380,2066,6172,-4106
100000384,3327,4544,-1217
100000385,827,3465,-2638
100000386,803,4696,-3893
100000387,2196,5437,-3241
100000388,976,2663,-1687
100000389,3124,4352,-1228
100000390,1363,1689,-326
100000391,1389,4304,-2915
100000392,319,1360,-1041
100000393,383,2917,-2534
100000394,986,2909,-1923
100000395,376,3061,-2685
100000396,408,1097,-689
100000397,861,4392,-3531
100000398,3396,2121,1275
100000413,1,1,0
100000414,27,347,-320
100900002,21,12,9
100900003,414,243,171
100900004,2,243,-241
100900005,186,11,175
100900006,14,19,-5
100900007,163,0,163
100900008,1,204,-203
100900009,6,11,-5
100900010,15,6,9
100900011,152,45,107
100900012,0,51,-51
100900013,729,4,725
100900014,5,0,5
100900015,19,25,-6
100900016,0,6,-6
100900017,835,21,814
100900018,0,16,-16
100900019,31,57,-26
100900020,368,2,366
100900021,314,1,313
100900022,1,1,0
100900023,1,38,-37
100900024,311,1,310
100900025,17,2,15
100900026,124,94,30
100900027,171,2031,-1860
100900028,60,283,-223
100900029,32,0,32
100900030,0,113,-113
100900031,888,8,880
100900032,345,0,345
100900033,106,253,-147
100900034,1608,2,1606
100900035,138,0,138
100900036,6,0,6
100900037,116,27,89
100900038,13,12,1
100900039,194,77,117
100900040,497,209,288
100900041,1238,95,1143
100900042,233,3085,-2852
100900043,0,30,-30
100900044,525,617,-92
100900045,11,0,11
100900046,970,4,966
100900047,232,24,208
100900048,48,2,46
100900049,44,42,2
100900050,0,1,-1
100900051,12,98,-86
100900052,187,2,185
100900053,477,31,446
100900054,13,7,6
100900055,238,1043,-805
100900056,22,42,-20
100900057,1502,277,1225
100900058,69,9,60
100900059,150,0,150
100900060,159,7,152
100900061,15,112,-97
100900062,0,4,-4
100900063,171,753,-582
100900064,370,6,364
100900065,11,129,-118
100900066,140,53,87
100900067,1,2,-1
100900068,65,134,-69
100900069,60,2,58
100900070,632,14,618
100900071,87,51,36
100900072,0,19,-19
100900073,60,75,-15
100900074,1,4,-3
100900075,747,47,700
100900076,1,7,-6
100900077,81,23,58
100900078,50,152,-102
100900079,0,5,-5
100900080,98,16,82
100900081,13,79,-66
100900082,271,39,232
100900083,0,13,-13
100900085,4,381,-377
100900086,2,215,-213
100900088,197,69,128
100900089,0,10,-10
100900090,31,495,-464
100900091,0,2,-2
100900092,55,99,-44
100900093,219,513,-294
100900094,140,39,101
100900095,16,25,-9
100900096,6,111,-105
100900097,17,0,17
100900098,4,3,1
100900099,0,295,-295
100900100,2,162,-160
100900101,134,9,125
100900102,1,16,-15
100900103,0,10,-10
100900104,2,61,-59
100900105,1,273,-272
100900106,1,1,0
100900107,1038,374,664
100900108,0,5,-5
100900109,1,25,-24
100900110,0,18,-18
100900111,22,137,-115
100900112,4,14,-10
100900113,7,10,-3
100900114,6,13,-7
100900115,7,36,-29
100900116,589,293,296
100900117,94,824,-730
100900118,21,17,4
100900119,1,14,-13
100900120,33,6,27
100900121,250,153,97
100900122,6,28,-22
100900123,152,35,117
100900124,0,1,-1
100900125,1,17,-16
100900126,500,46,454
100900127,2,2,0
100900128,10,251,-241
100900129,0,144,-144
100900131,3,32,-29
100900133,63,6,57
100900134,4,20,-16
100900135,0,192,-192
100900137,104,118,-14
100900138,268,249,19
100900139,2,24,-22
100900140,0,52,-52
100900141,0,252,-252
100900142,0,1,-1
100900143,104,248,-144
100900144,2,0,2
100900145,14,172,-158
100900147,1,1213,-1212
100900148,26,80,-54
100900149,12,490,-478
100900151,34,186,-152
100900152,41,0,41
100900153,1,197,-196
100900154,0,107,-107
100900155,9,3,6
100900156,3,0,3
100900157,7,170,-163
100900159,3,33,-30
100900160,30,1,29
100900161,6,0,6
100900162,5,122,-117
100900163,33,33,0
100900164,96,10,86
100900165,2,11,-9
100900166,1,2,-1
100900167,16,12,4
100900168,3,66,-63
100900169,13,414,-401
100900170,18,2,16
100900171,1,234,-233
100900172,0,63,-63
100900173,0,49,-49
100900174,2,5,-3
100900176,857,88,769
100900177,205,116,89
100900178,132,102,30
100900179,137,139,-2
100900180,0,0,0
100900181,6,5,1
100900182,14,8,6
100900184,72,21,51
100900186,160,171,-11
100900187,43,16,27
100900188,5,8,-3
100900189,1262,161,1101
100900191,193,775,-582
100900192,42,142,-100
100900195,42,206,-164
100900197,34,46,-12
100900198,8,17,-9
100900199,2,4,-2
100900200,359,79,280
100900201,12,297,-285
100900202,24,0,24
100900203,0,17,-17
100900204,7,107,-100
100900205,74,364,-290
100900206,133,180,-47
100900207,219,67,152
100900210,8,31,-23
100900211,280,46,234
100900213,48,19,29
100900214,68,105,-37
100900215,13,5,8
100900217,89,80,9
101000001,1584,1841,-257
101000002,5105,6402,-1297
101000003,205,737,-532
101000004,4722,5187,-465
101000005,3149,4917,-1768
101000006,4999,7417,-2418
101000007,1815,3192,-1377
101000009,2018,481,1537
101000010,775,519,256
101000011,794,218,576
101000012,200,279,-79
101000013,241,792,-551
101000014,242,199,43
101000015,1693,957,736
101000016,143,476,-333
101000017,130,209,-79
101000018,967,5110,-4143
101000020,1010,1140,-130
101000021,342,594,-252
101000022,42,233,-191
101000023,500,746,-246
101000025,252,535,-283
101000026,446,33,413
101000027,1069,2489,-1420
101000028,608,213,395
101000029,11,758,-747
101000030,352,125,227
101000031,26,398,-372
101000032,1319,2901,-1582
101000033,734,3651,-2917
101000034,450,1646,-1196
101000035,209,198,11
101000036,220,1849,-1629
101000037,466,3398,-2932
101000039,1181,1832,-651
101000040,2040,5312,-3272
101000041,1069,4231,-3162
101000042,47,687,-640
101000043,2143,4596,-2453
101000045,74,609,-535
101000046,442,1396,-954
101000047,455,3046,-2591
101000048,254,218,36
101000049,316,1315,-999
101000050,175,1163,-988
101000051,374,1073,-699
101000052,1257,1140,117
101000053,139,822,-683
101000054,885,464,421
101000055,732,936,-204
101000056,5,99,-94
101000057,460,2755,-2295
101000058,397,1635,-1238
101000059,1511,2842,-1331
101000060,1693,668,1025
101000061,143,1843,-1700
101000062,98,782,-684
101000063,62,1073,-1011
101000064,91,1268,-1177
101000065,99,718,-619
101000066,174,1046,-872
101000067,159,385,-226
101000068,23,169,-146
101000069,97,50,47
101000070,337,347,-10
101000071,2145,734,1411
101000072,306,1229,-923
101000073,316,818,-502
101000074,912,1650,-738
101000075,813,1246,-433
101000077,838,733,105
101000078,269,362,-93
101000079,477,573,-96
101000080,514,380,134
101000081,831,766,65
101000082,950,834,116
101000083,1939,1351,588
101000084,594,253,341
101000085,1212,741,471
101000086,540,456,84
101000087,448,486,-38
101000088,1359,608,751
101000089,833,921,-88
101000090,662,334,328
101000091,287,289,-2
101000092,1848,313,1535
101000093,1079,284,795
101000094,366,369,-3
101000095,348,337,11
101000096,696,200,496
101000097,274,398,-124
101000098,211,291,-80
101000099,232,612,-380
101000100,623,769,-146
101000101,115,555,-440
101000102,279,791,-512
101000103,210,531,-321
101000104,196,460,-264
101000105,235,282,-47
101000106,89,1214,-1125
101000107,105,426,-321
101000108,277,67,210
101000109,679,93,586
101000110,23,111,-88
101000111,38,77,-39
101000113,54,774,-720
101000114,964,3621,-2657
101000115,7,1,6
101000116,0,5,-5
101000117,569,100,469
101000119,9,100,-91
101000120,13,118,-105
101000121,27,29,-2
101000122,26,60,-34
101000123,16,38,-22
101000124,312,274,38
101000125,163,98,65
101000128,127,1186,-1059
101000130,106,82,24
101000131,1399,218,1181
101000132,537,271,266
101000135,2,17,-15
101000136,56,53,3
101000137,2,267,-265
101000141,547,3227,-2680
101000147,1152,249,903
101000148,869,17,852
101000149,10,29,-19
101000150,148,116,32
101000151,437,47,390
101000152,200,198,2
101000153,173,71,102
101000154,451,346,105
101000155,527,138,389
101000156,19,396,-377
101000157,13,184,-171
101000160,1,5,-4
101000163,41,411,-370
101000164,184,61,123
101000165,108,326,-218
101000166,146,134,12
101000168,1017,172,845
101000252,2053,490,1563
101000254,31,27,4
101000258,61,0,61
101000261,50,41,9
101000262,784,4551,-3767
101000263,168,800,-632
101000265,37,460,-423
101000266,211,158,53
101000269,10,58,-48
101000290,201,2331,-2130
101000293,1,4,-3
101000294,178,227,-49
101000295,231,93,138
101000301,170,526,-356
101000304,1676,2838,-1162
101000305,2004,1068,936
101000328,116,1064,-948
101900001,28,23,5
101900002,0,2,-2
101900003,24,55,-31
101900004,1,109,-108
101900005,656,2733,-2077
101900006,898,225,673
101900007,172,147,25
101900008,51,167,-116
101900009,7,399,-392
101900010,203,364,-161
101900011,23,1097,-1074
101900012,241,83,158
101900013,260,65,195
101900017,12,76,-64
101900018,561,266,295
101900019,16,82,-66
101900020,16,13,3
101900021,0,26,-26
101900022,128,401,-273
101900023,213,79,134
101900026,59,17,42
101900027,7,60,-53
102000001,2548,4993,-2445
102000002,1842,1824,18
102000003,1191,3248,-2057
102000004,2589,1974,615
102000005,855,2571,-1716
102000006,390,752,-362
102000007,1235,3238,-2003
102000008,3541,1059,2482
102000009,6050,6261,-211
102000010,2496,1421,1075
102000011,3636,3210,426
102000012,2738,1625,1113
102000018,1934,2456,-522
102000019,1816,1550,266
102000026,307,314,-7
102000029,218,151,67
102000030,88,314,-226
102000031,141,57,84
102000032,477,238,239
102000033,423,187,236
102000034,281,240,41
102000035,433,194,239
102000036,10,125,-115
102000037,107,21,86
102000038,141,108,33
102000039,48,84,-36
102000040,129,93,36
102000041,26,265,-239
102000042,32,168,-136
102000043,71,199,-128
102000044,344,762,-418
102000045,656,466,190
102000046,1142,374,768
102000047,978,435,543
102000048,571,303,268
102000049,577,578,-1
102000050,1069,703,366
102000051,145,306,-161
102000052,1123,510,613
102000053,561,500,61
102000054,617,669,-52
102000055,785,124,661
102000056,1510,140,1370
102000057,1507,422,1085
102000058,520,505,15
102000059,551,760,-209
102000060,509,583,-74
102000061,1244,903,341
102000062,1724,533,1191
102000063,877,1116,-239
102000064,405,459,-54
102000065,12,53,-41
102000066,455,274,181
102000067,4120,3462,658
102000068,5491,2918,2573
102000069,54,1643,-1589
102000070,1783,31,1752
102000071,4055,9650,-5595
102000072,1617,2635,-1018
102000073,211,203,8
102000074,617,415,202
102000075,123,86,37
102000076,396,38,358
102000077,628,191,437
102000078,1187,94,1093
102000079,143,42,101
102000080,257,79,178
102000081,148,272,-124
102000082,480,229,251
102000083,852,89,763
102000084,700,55,645
102000085,789,308,481
102000086,1226,451,775
102000087,337,611,-274
102000088,458,116,342
102000089,1297,143,1154
102000090,164,952,-788
102000091,756,531,225
102000092,168,423,-255
102000093,546,413,133
102000094,277,146,131
102000095,443,556,-113
102000096,190,133,57
102000097,314,202,112
102000098,191,172,19
102000099,416,441,-25
102000100,75,343,-268
102000101,165,272,-107
102000102,77,836,-759
102000103,2594,252,2342
102000104,398,264,134
102000105,211,216,-5
102000106,710,318,392
102000107,1983,70,1913
102000108,440,310,130
102000109,556,311,245
102000110,1209,281,928
102000111,0,620,-620
102000112,68,162,-94
102000113,15,40,-25
102000114,790,269,521
102000115,144,351,-207
102000116,196,578,-382
102000117,33,628,-595
102000118,516,1652,-1136
102000119,428,733,-305
102000120,203,392,-189
102000121,860,200,660
102000122,410,605,-195
102000123,550,337,213
102000124,1078,717,361
102000125,305,265,40
102000126,343,394,-51
102000127,833,252,581
102000128,611,547,64
102000129,915,321,594
102000130,487,557,-70
102000131,395,429,-34
102000132,227,457,-230
102000133,3540,1178,2362
102000134,1259,447,812
102000135,232,428,-196
102000136,353,297,56
102000137,250,121,129
102000138,194,56,138
102000139,53,114,-61
102000140,50,147,-97
102000141,109,172,-63
102000142,205,99,106
102000143,184,66,118
102000144,309,54,255
102000145,218,87,131
102000146,393,86,307
102000147,361,208,153
102000148,118,302,-184
102000149,361,56,305
102000150,728,52,676
102000151,81,46,35
102000152,298,102,196
102000153,483,192,291
102000154,77,151,-74
102000155,28,249,-221
102000156,152,70,82
102000157,34,437,-403
102000158,183,233,-50
102000159,839,978,-139
102000161,1761,1557,204
102000162,85,83,2
102000163,114,251,-137
102000164,338,570,-232
102000165,235,103,132
102000166,33,134,-101
102000167,128,171,-43
102000168,143,176,-33
102000169,80,412,-332
102000170,474,92,382
102000171,27,74,-47
102000172,0,299,-299
102000173,257,241,16
102000174,193,42,151
102000175,54,42,12
102000176,21,20,1
102000178,120,325,-205
102000179,363,183,180
102000180,767,174,593
102000181,936,143,793
102000182,498,328,170
102000183,1437,492,945
102000184,1756,280,1476
102000185,2318,253,2065
102000186,1475,398,1077
102000187,864,326,538
102000188,1074,827,247
102000189,763,97,666
102000190,337,1682,-1345
102000191,575,164,411
102000192,1564,1205,359
102000193,132,73,59
102000194,31,208,-177
102000195,521,255,266
102000196,235,192,43
102000197,1137,98,1039
102000198,187,258,-71
102000199,1260,80,1180
102000200,229,271,-42
102000201,1672,271,1401
102000202,8,113,-105
102000203,625,76,549
102000204,746,454,292
102000205,1212,635,577
102000206,579,411,168
102000207,520,392,128
102000208,381,465,-84
102000209,111,65,46
102000210,861,183,678
102000211,463,87,376
102000212,360,0,360
102000213,6,72,-66
102000214,533,2,531
102000215,12,99,-87
102000216,165,133,32
102000217,12,40,-28
102000218,296,156,140
102000219,72,70,2
102000225,193,848,-655
102000226,124,181,-57
102000227,157,0,157
102000228,0,37,-37
102000229,81,31,50
102000230,294,161,133
102000231,315,226,89
102000232,50,138,-88
102000233,817,238,579
102000234,77,793,-716
102000236,192,19,173
102000237,828,188,640
102000238,210,168,42
102000240,240,602,-362
102000241,60,53,7
102000243,3,46,-43
102000245,10,46,-36
102000246,9,56,-47
102000247,210,290,-80
102000248,184,721,-537
102000249,62,37,25
102000250,75,79,-4
102000254,404,72,332
102000266,0,85,-85
102000271,1,0,1
102000286,221,316,-95
102000297,1639,465,1174
102000307,0,4,-4
102000316,67,18,49
102900001,681,151,530
102900002,178,55,123
102900003,56,41,15
102900005,505,95,410
102900006,386,30,356
102900007,714,2,712
102900008,263,16,247
102900009,94,192,-98
102900010,227,505,-278
102900011,574,202,372
102900012,147,56,91
102900013,51,1,50
102900015,457,449,8
102900016,113,4,109
102900017,211,32,179
102900018,64,30,34
102900019,436,363,73
102900020,144,14,130
102900021,43,14,29
102900022,24,41,-17
102900023,14,3,11
102900024,30,14,16
102900025,48,7,41
102900026,225,1636,-1411
102900027,32,20,12
102900028,166,842,-676
102900029,41,261,-220
102900030,414,291,123
102900031,343,64,279
102900032,139,24,115
102900033,43,57,-14
102900034,567,5,562
102900035,218,63,155
102900036,251,59,192
102900037,115,197,-82
102900038,187,124,63
102900039,9,607,-598
102900040,186,217,-31
102900041,94,99,-5
102900042,262,86,176
102900043,264,60,204
102900044,364,639,-275
102900045,197,171,26
102900046,145,69,76
102900047,146,113,33
102900048,425,111,314
102900049,28,81,-53
102900050,104,394,-290
102900051,77,299,-222
102900053,116,368,-252
102900054,99,899,-800
102900055,49,342,-293
102900056,64,108,-44
102900057,1,62,-61
102900058,174,44,130
102900059,12,2,10
102900060,32,193,-161
102900061,108,244,-136
102900062,203,187,16
102900063,1733,138,1595
102900064,36,321,-285
102900065,400,77,323
102900066,149,9,140
102900068,8,87,-79
102900070,179,114,65
102900072,1,34,-33
102900073,13,0,13
102900075,0,53,-53
102900076,22,10,12
102900077,22,4,18
102900078,8,14,-6
102900079,201,1,200
102900080,385,16,369
102900081,7,72,-65
102900082,0,65,-65
102900083,53,1,52
102900084,1,5,-4
102900085,32,31,1
102900086,3,41,-38
102900087,255,33,222
102900088,69,29,40
102900089,173,69,104
102900090,22,61,-39
102900091,360,0,360
102900092,637,30,607
102900094,1,14,-13
102900095,31,0,31
102900096,87,4,83
102900097,3,10,-7
103000001,1459,1800,-341
103000002,2186,2034,152
103000003,2277,1512,765
103000004,688,332,356
103000005,1020,3609,-2589
103000006,861,1264,-403
103000007,263,164,99
103000008,871,529,342
103000009,1838,905,933
103000010,160,47,113
103000011,851,261,590
103000012,820,1016,-196
103000013,1717,1020,697
103000014,632,1616,-984
103000015,1062,663,399
103000016,474,1448,-974
103000017,142,905,-763
103000018,366,130,236
103000019,246,510,-264
103000020,1001,935,66
103000021,1693,2766,-1073
103000022,568,766,-198
103000023,615,1516,-901
103000024,60,72,-12
103000025,49,1029,-980
103000026,187,132,55
103000027,70,339,-269
103000028,51,79,-28
103000029,55,171,-116
103000030,1487,644,843
103000031,489,1965,-1476
103000032,1038,582,456
103000033,2735,1953,782
103000034,929,497,432
103000035,99,663,-564
103000036,210,97,113
103000037,306,181,125
103000038,246,505,-259
103000039,618,166,452
103000040,617,210,407
103000041,2033,644,1389
103000042,1822,93,1729
103000043,846,289,557
103000044,186,38,148
103000046,167,456,-289
103000047,581,229,352
103000048,138,110,28
103000049,52,38,14
103000050,748,64,684
103000051,560,163,397
103000052,624,76,548
103000053,186,186,0
103000054,1301,109,1192
103000055,1208,527,681
103000056,550,502,48
103000057,1271,92,1179
103000058,597,140,457
103000059,707,208,499
103000060,479,134,345
103000061,710,561,149
103000062,523,44,479
103000063,1043,368,675
103000064,60,44,16
103000065,5,87,-82
103000066,159,3,156
103000069,294,160,134
103000070,496,128,368
103000071,1629,466,1163
103000072,89,289,-200
103000073,1154,43,1111
103000074,744,73,671
103000075,82,311,-229
103000076,229,755,-526
103000077,12,152,-140
103000078,572,1083,-511
103000079,413,601,-188
103000080,188,217,-29
103000081,221,580,-359
103000082,424,87,337
103000083,85,190,-105
103000084,36,2,34
103000085,0,111,-111
103000086,223,327,-104
103000087,72,371,-299
103000088,53,219,-166
103000089,232,572,-340
103000090,2975,779,2196
103000091,747,459,288
103000092,261,118,143
103000093,208,344,-136
103000094,272,68,204
103000095,59,218,-159
103000096,520,18,502
103000097,35,465,-430
103000098,515,66,449
103000099,59,606,-547
103000100,158,227,-69
103000101,1157,75,1082
103000102,64,152,-88
103000103,562,43,519
103000104,173,93,80
103000105,253,111,142
103000106,16,68,-52
103000107,288,44,244
103000108,1324,1557,-233
103000109,387,670,-283
103000110,322,668,-346
103000111,156,508,-352
103000112,170,423,-253
103000113,367,1082,-715
103000114,1418,901,517
103000115,720,534,186
103000116,799,179,620
103000117,341,312,29
103000118,250,227,23
103000119,891,173,718
103000120,53,252,-199
103000121,39,116,-77
103000122,314,593,-279
103000125,5,14,-9
103000126,961,0,961
103000127,0,35,-35
103000128,197,1,196
103000129,1,32,-31
103000130,84,32,52
103000131,22,40,-18
103000132,16,61,-45
103000133,11,33,-22
103000134,85,965,-880
103000135,360,82,278
103000136,303,263,40
103000137,160,416,-256
103000138,286,336,-50
103000139,1,43,-42
103000140,60,3,57
103000141,3,73,-70
103000142,70,22,48
103000143,54,49,5
103000144,178,48,130
103000145,2,21,-19
103000150,93,30,63
103000152,129,325,-196
103000153,69,205,-136
103000156,1,32,-31
103000157,328,1,327
103000159,112,19,93
103000162,11,8,3
103000163,5,37,-32
103000164,2,3,-1
103000165,30,57,-27
103000166,262,640,-378
103000167,190,158,32
103000168,168,69,99
103000169,169,810,-641
103000170,1567,159,1408
103000171,22,86,-64
103000172,916,77,839
103000173,1072,81,991
103000174,473,211,262
103000175,374,81,293
103000176,762,1064,-302
103000177,112,530,-418
103000178,30,150,-120
103000179,33,3,30
103000183,591,35,556
103000185,119,98,21
103000186,392,55,337
103000187,1396,72,1324
103000188,32,46,-14
103000189,453,517,-64
103000191,279,103,176
103000292,619,1973,-1354
103000293,228,3112,-2884
103000295,69,147,-78
103000296,59,1,58
103000297,0,5,-5
103000504,3,5,-2
103000505,1,7,-6
103000506,0,63,-63
103000507,161,4,157
103000508,71,37,34
103000509,200,449,-249
103000514,99,1,98
103900001,0,7,-7
103900002,328,14,314
103900003,444,11,433
103900004,82,0,82
103900005,4,108,-104
103900006,8,1,7
103900007,171,2,169
103900008,6,0,6
103900009,330,56,274
103900010,222,31,191
103900011,741,29,712
103900012,30,113,-83
103900013,51,6,45
103900014,132,22,110
103900015,76,1,75
103900016,75,46,29
103900017,103,12,91
103900018,104,7,97
103900019,25,263,-238
103900020,227,223,4
103900021,37,19,18
103900022,233,116,117
103900023,256,0,256
103900024,85,154,-69
103900025,17,3,14
103900026,0,0,0
103900027,141,84,57
103900028,51,303,-252
103900029,1094,69,1025
103900030,184,37,147
103900031,75,0,75
103900032,103,117,-14
103900033,63,11,52
103900034,74,35,39
103900035,120,7,113
103900036,19,21,-2
103900037,150,43,107
103900038,45,168,-123
103900039,135,55,80
103900040,4,34,-30
103900041,100,6,94
103900042,140,16,124
103900043,337,12,325
103900044,18,515,-497
103900045,289,109,180
103900047,90,4,86
103900048,5,16,-11
103900049,77,630,-553
103900050,12,84,-72
103900051,0,41,-41
103900052,208,200,8
103900053,469,62,407
103900054,235,54,181
103900055,463,104,359
103900056,82,13,69
103900057,198,44,154
103900058,384,69,315
103900059,0,29,-29
103900060,89,55,34
103900061,237,0,237
103900062,886,240,646
103900063,4,0,4
103900064,204,1,203
103900065,58,146,-88
103900066,220,23,197
103900067,306,15,291
103900068,0,2,-2
103900069,130,16,114
103900070,74,104,-30
103900071,8,17,-9
103900072,66,32,34
103900073,72,24,48
103900074,124,1,123
103900075,251,11,240
103900076,390,86,304
103900077,15,124,-109
103900078,264,34,230
103900079,44,113,-69
103900080,1,5,-4
103900081,18,18,0
103900082,60,88,-28
103900083,957,1545,-588
103900084,9,140,-131
103900085,22,43,-21
103900086,1459,135,1324
103900088,173,178,-5
103900089,63,84,-21
103900090,2,37,-35
103900091,372,44,328
103900092,721,341,380
103900093,22,169,-147
103900094,1,32,-31
103900095,138,234,-96
103900096,150,9,141
103900097,10,70,-60
103900098,287,48,239
103900099,256,27,229
103900100,264,57,207
103900101,160,426,-266
103900102,2,14,-12
103900104,2,7,-5
103900105,9,22,-13
103900106,0,210,-210
103900107,314,9,305
103900108,62,43,19
103900109,237,5,232
103900110,291,17,274
103900111,364,92,272
103900112,22,24,-2
103900113,37,57,-20
103900114,335,57,278
103900115,51,107,-56
103900116,580,2271,-1691
103900117,14,10,4
103900119,9,156,-147
103900120,85,32,53
103900122,212,26,186
103900123,189,643,-454
103900124,22,77,-55
103900125,106,21,85
103900126,614,50,564
103900127,112,89,23
103900128,140,9,131
103900131,9,24,-15
103900133,511,4,507
103900134,0,23,-23
103900135,0,0,0
103900137,1,19,-18
103900138,313,28,285
103900139,254,3654,-3400
103900140,3,445,-442
103900141,107,23,84
103900142,655,74,581
103900143,329,0,329
103900144,2,25,-23
103900145,87,179,-92
103900146,198,212,-14
103900147,379,42,337
103900148,535,55,480
103900149,252,104,148
103900150,2167,4442,-2275
103900151,6,71,-65
103900152,1171,122,1049
103900153,17,2,15
103900154,115,2173,-2058
103900155,28,24,4
103900156,28,12,16
103900157,263,17,246
103900158,408,7,401
103900159,451,5,446
103900160,25,7,18
103900161,26,47,-21
103900162,42,20,22
103900163,3,149,-146
103900167,0,63,-63
103900168,57,30,27
103900169,13,32,-19
103900170,0,7,-7
103900171,6,16,-10
103900172,0,9,-9
103900173,21,37,-16
103900174,330,8,322
103900175,7,119,-112
103900176,2,24,-22
103900177,24,1,23
103900178,53,1,52
103900179,69,5,64
103900180,2,13,-11
103900181,14,17,-3
103900182,5,24,-19
103900184,123,35,88
103900185,8,1050,-1042
103900187,7,113,-106
103900188,73,66,7
103900189,102,0,102
103900190,102,2,100
103900191,24,20,4
103900192,12,20,-8
103900193,11,20,-9
103900194,22,36,-14
103900195,0,161,-161
103900196,38,30,8
103900197,9,22,-13
103900198,13,11,2
103900199,120,37,83
103900200,295,18,277
103900201,61,32,29
103900202,1,13,-12
103900203,24,16,8
103900204,0,19,-19
103900207,0,19,-19
103900208,146,0,146
103900209,0,29,-29
103900210,43,35,8
103900211,796,79,717
103900212,225,42,183
103900213,18,172,-154
103900214,100,267,-167
103900215,77,337,-260
103900216,7,49,-42
103900217,332,3,329
103900218,44,461,-417
103900219,387,76,311
103900233,90,6,84
103900235,9,89,-80
103900236,2,21,-19
103900242,0,0,0
103900243,0,7,-7
103900244,48,29,19
103900245,145,27,118
103900246,6,34,-28
103900247,5,25,-20
103900248,0,71,-71
103900249,0,81,-81
103900250,46,10,36
103900251,0,43,-43
103900253,1,71,-70
103900254,1,10,-9
103900255,0,24,-24
103900256,54,32,22
103900257,126,238,-112
103900258,15,9,6
103900259,16,15,1
103900261,60,1,59
103900262,33,2,31
103900263,9,48,-39
103900264,13,0,13
103900265,4,0,4
103900266,0,64,-64
103900267,1,16,-15
103900268,19,24,-5
103900269,325,28,297
103900270,28,10,18
103900271,10,20,-10
103900272,67,65,2
103900273,152,0,152
103900274,358,2,356
103900275,227,7,220
103900276,9,10,-1
103900277,51,1,50
103900278,1,18,-17
103900279,4,77,-73
103900280,14,8,6
103900281,378,342,36
103900282,12,6,6
103900283,77,10,67
103900284,6,21,-15
103900285,4,78,-74
103900286,14,349,-335
103900287,0,14,-14
103900288,1,53,-52
103900289,0,0,0
103900290,48,19,29
103900291,10,0,10
103900292,1,0,1
103900293,0,5,-5
103900294,0,5,-5
104000001,2447,1083,1364
104000002,1685,873,812
104000003,1688,934,754
104000004,2146,1106,1040
104000005,1980,1091,889
104000006,1996,1302,694
104000007,3545,2415,1130
104000008,159,93,66
104000009,224,124,100
104000010,151,475,-324
104000011,115,88,27
104000012,130,82,48
104000013,266,437,-171
104000014,248,134,114
104000015,453,74,379
104000016,275,122,153
104000018,661,169,492
104000019,564,228,336
104000020,43,171,-128
104000021,386,113,273
104000022,308,324,-16
104000023,1350,270,1080
104000024,231,145,86
104000026,77,80,-3
104000027,341,94,247
104000028,509,234,275
104000029,301,125,176
104000030,467,237,230
104000031,1128,83,1045
104000032,93,67,26
104000033,751,203,548
104000034,127,61,66
104000035,991,158,833
104000036,1023,200,823
104000037,95,70,25
104000038,393,344,49
104000039,197,32,165
104000040,48,464,-416
104000041,922,314,608
104000042,119,57,62
104000043,108,145,-37
104000044,176,710,-534
104000045,600,505,95
104000046,481,356,125
104000047,513,372,141
104000048,680,344,336
104000049,523,304,219
104000050,56,451,-395
104000051,190,285,-95
104000052,2466,1425,1041
104000053,1234,201,1033
104000054,365,58,307
104000055,1158,1030,128
104000056,546,368,178
104000057,553,164,389
104000058,1036,473,563
104000059,638,734,-96
104000060,1090,529,561
104000061,759,383,376
104000062,649,108,541
104000064,543,159,384
104000065,34,325,-291
104000069,283,1407,-1124
104000070,35,508,-473
104000071,564,141,423
104000072,694,229,465
104000075,26,177,-151
104000076,596,18,578
104000082,1395,2358,-963
104000083,359,130,229
104000084,80,166,-86
104000085,472,119,353
104000086,206,220,-14
104000087,287,1045,-758
104000090,1018,271,747
104000092,1537,370,1167
104000094,583,368,215
104000095,2401,839,1562
104000096,2502,40,2462
104000097,2474,231,2243
104000098,3596,200,3396
104000100,2342,446,1896
104000101,1329,914,415
104000106,76,433,-357
104000107,319,126,193
104000108,214,104,110
104000109,228,110,118
104000110,649,1110,-461
104000111,1323,3775,-2452
104000112,380,250,130
104000116,5,288,-283
104000117,306,120,186
104000118,1927,89,1838
104000119,1084,216,868
104000120,340,153,187
104000121,259,194,65
104000122,579,269,310
104000123,564,364,200
104000124,184,588,-404
104000125,917,4197,-3280
104000126,278,373,-95
104000127,1049,907,142
104000128,432,113,319
104000129,464,25,439
104000130,7,382,-375
104000131,145,315,-170
104000132,191,726,-535
104000133,1219,379,840
104000134,693,1131,-438
104000135,362,778,-416
104000136,291,1581,-1290
104000137,1230,189,1041
104000138,728,235,493
104000139,1586,1487,99
104000141,463,283,180
104000142,591,177,414
104000143,644,118,526
104000144,120,211,-91
104000145,204,85,119
104000146,71,327,-256
104000147,55,249,-194
104000148,436,87,349
104000149,139,39,100
104000150,760,189,571
104000151,294,84,210
104000152,522,75,447
104000153,697,347,350
104000154,329,103,226
104000155,305,716,-411
104000157,1060,603,457
104000158,35,173,-138
104000159,623,258,365
104000160,1214,1653,-439
104000161,144,41,103
104000162,93,69,24
104000165,838,501,337
104000167,463,1334,-871
104000168,1044,11,1033
104000169,239,17,222
104000170,107,222,-115
104000248,290,331,-41
104000251,38,72,-34
104000272,0,0,0
104000273,0,0,0
104000274,0,0,0
104000275,0,0,0
104000279,1063,1116,-53
104000290,39,166,-127
104000291,398,824,-426
104000293,1130,923,207
104000294,223,2,221
104000295,679,556,123
104000296,617,395,222
104000297,818,1174,-356
104000298,1227,477,750
104000299,939,388,551
104000302,153,67,86
104000303,167,149,18
104900001,41,63,-22
104900002,26,278,-252
104900003,61,30,31
104900004,40,38,2
104900005,704,141,563
104900006,733,40,693
104900007,659,51,608
104900009,63,44,19
104900010,87,4,83
104900011,2,9,-7
104900012,169,22,147
104900013,47,7,40
104900014,692,108,584
104900015,106,11,95
104900016,138,63,75
104900017,55,102,-47
104900018,0,43,-43
104900019,60,4213,-4153
104900020,39,103,-64
104900021,0,30,-30
104900022,1,159,-158
104900023,0,45,-45
104900024,10,250,-240
104900025,41,99,-58
104900026,14,36,-22
104900027,656,177,479
104900028,11,81,-70
104900029,1,12,-11
104900030,352,91,261
104900031,15,130,-115
104900032,19,15,4
104900033,288,36,252
104900034,201,104,97
104900035,408,195,213
104900036,341,29,312
104900037,113,58,55
104900038,35,2048,-2013
104900039,156,372,-216
104900040,362,4,358
104900041,233,51,182
104900042,158,82,76
104900043,47,497,-450
104900044,763,39,724
104900045,235,47,188
104900046,857,38,819
104900047,322,48,274
104900048,439,12,427
104900049,171,18,153
104900050,766,62,704
104900051,271,12,259
104900052,240,1,239
104900053,458,28,430
104900054,373,56,317
104900055,403,2,401
104900056,293,6,287
104900057,111,0,111
104900058,474,33,441
104900059,121,3,118
104900061,119,47,72
104900063,42,180,-138
104900064,0,78,-78
104900065,1,233,-232
104900066,0,11,-11
104900067,0,219,-219
104900068,41,210,-169
104900070,37,102,-65
104900071,0,141,-141
104900072,22,63,-41
104900073,100,56,44
104900074,28,41,-13
104900075,19,16,3
104900076,182,62,120
104900077,228,69,159
104900078,166,80,86
104900079,42,1082,-1040
104900080,106,115,-9
104900082,0,97,-97
104900085,4,86,-82
104900089,741,3,738
104900091,198,178,20
104900093,84,71,13
104900097,682,2894,-2212
104900098,270,12,258
104900099,22,345,-323
104900100,202,87,115
104900102,46,60,-14
104900103,144,23,121
104900106,288,45,243
104900107,32,59,-27
104900108,2,71,-69
104900109,127,219,-92
104900110,1,22,-21
104900111,191,12,179
104900112,244,60,184
104900113,731,77,654
104900114,705,155,550
104900115,855,89,766
104900116,623,28,595
104900118,5,6,-1
104900119,0,35,-35
104900120,42,1501,-1459
104900121,0,13,-13
104900122,1,41,-40
104900123,337,24,313
104900124,213,1,212
104900125,211,17,194
104900126,20,3,17
104900127,6,10,-4
104900128,117,40,77
104900129,380,2294,-1914
105000001,2459,782,1677
105000002,1660,1080,580
105000003,1777,2494,-717
105000004,1216,446,770
105000005,1764,1073,691
105000006,1020,1524,-504
105000007,1346,1903,-557
105000008,492,2053,-1561
105000009,2999,2782,217
105000010,1425,435,990
105000011,2288,2891,-603
105000012,1000,1025,-25
105000013,895,1009,-114
105000014,3301,2405,896
105000015,5282,11148,-5866
105000016,559,434,125
105000017,1161,795,366
105000018,318,1117,-799
105000019,727,640,87
105000020,15,415,-400
105000021,171,122,49
105000022,59,108,-49
105000023,746,168,578
105000028,22,61,-39
105000029,383,750,-367
105000030,1861,1256,605
105000031,6,22,-16
105000033,924,520,404
105000034,112,1169,-1057
105000037,492,118,374
105000038,549,885,-336
105000039,414,502,-88
105000040,604,774,-170
105000041,119,186,-67
105000042,1123,605,518
105000043,349,308,41
105000044,675,173,502
105000045,147,134,13
105000046,830,134,696
105000047,352,151,201
105000048,1139,245,894
105000049,187,301,-114
105000050,1013,442,571
105000051,139,157,-18
105000052,570,546,24
105000053,80,89,-9
105000054,378,485,-107
105000055,836,121,715
105000056,1900,1055,845
105000057,1291,240,1051
105000058,874,521,353
105000059,1450,601,849
105000060,613,270,343
105000061,1765,333,1432
105000062,431,380,51
105000063,272,142,130
105000064,2932,580,2352
105000065,311,243,68
105000066,532,529,3
105000067,1738,891,847
105000068,237,474,-237
105000069,808,2875,-2067
105000070,303,922,-619
105000071,136,1995,-1859
105000072,1141,7345,-6204
105000073,1073,586,487
105000074,249,291,-42
105000075,473,351,122
105000076,934,557,377
105000077,1590,418,1172
105000078,317,649,-332
105000079,476,1246,-770
105000080,1324,1512,-188
105000081,614,555,59
105000082,446,1060,-614
105000083,1267,1409,-142
105000084,444,432,12
105000085,1721,1406,315
105000086,815,726,89
105000087,1305,1323,-18
105000088,1746,2926,-1180
105000089,1067,742,325
105000090,271,197,74
105000091,242,285,-43
105000092,302,263,39
105000093,213,249,-36
105000094,165,112,53
105000095,191,505,-314
105000096,1137,1398,-261
105000097,296,371,-75
105000098,1583,1279,304
105000099,373,722,-349
105000100,2186,578,1608
105000101,1872,500,1372
105000102,1604,655,949
105000103,921,706,215
105000104,2142,884,1258
105000105,1201,946,255
105000106,1771,379,1392
105000107,1697,381,1316
105000108,1644,436,1208
105000109,3045,415,2630
105000110,939,187,752
105000111,1992,228,1764
105000112,765,274,491
105000113,494,450,44
105000114,792,994,-202
105000115,206,1993,-1787
105000116,1284,464,820
105000117,653,299,354
105000118,1241,212,1029
105000119,461,206,255
105000120,1974,340,1634
105000121,824,279,545
105000122,458,461,-3
105000123,410,334,76
105000124,2046,326,1720
105000125,1048,638,410
105000126,1903,782,1121
105000127,2889,702,2187
105000128,639,795,-156
105000129,1384,186,1198
105000130,132,3291,-3159
105000131,217,116,101
105000132,1595,789,806
105000133,231,280,-49
105000134,1702,212,1490
105000135,266,239,27
105000136,58,44,14
105000137,735,116,619
105000138,116,77,39
105000139,609,254,355
105000140,594,166,428
105000141,378,99,279
105000142,400,322,78
105000143,226,221,5
105000144,317,214,103
105000145,722,150,572
105000146,410,228,182
105000147,611,182,429
105000148,763,452,311
105000149,3033,983,2050
105000150,1151,278,873
105000151,1174,220,954
105000152,239,252,-13
105000153,1669,183,1486
105000154,674,233,441
105000155,850,224,626
105000156,218,257,-39
105000157,459,364,95
105000158,3369,342,3027
105000159,195,311,-116
105000160,4627,445,4182
105000161,534,338,196
105000162,761,3554,-2793
105000163,513,399,114
105000164,69,209,-140
105000165,518,11530,-11012
105000166,1945,2387,-442
105000167,895,3637,-2742
105000168,219,226,-7
105000169,1282,72,1210
105000170,580,668,-88
105000171,1010,101,909
105000172,498,3,495
105000173,976,3,973
105000174,234,16,218
105000175,286,17,269
105000176,818,52,766
105000177,554,244,310
105000178,482,70,412
105000179,1805,38,1767
105000180,514,27,487
105000181,185,95,90
105000182,106,38,68
105000183,1191,2115,-924
105000184,216,475,-259
105000185,249,740,-491
105000186,396,521,-125
105000187,760,225,535
105000188,89,128,-39
105000189,138,283,-145
105000190,181,139,42
105000191,298,199,99
105000192,349,48,301
105000193,41,34,7
105000194,800,68,732
105000195,245,203,42
105000196,59,372,-313
105000197,66,250,-184
105000198,103,40,63
105000199,69,1026,-957
105000200,90,333,-243
105000201,67,29,38
105000203,46,50,-4
105000204,58,28,30
105000205,103,42,61
105000207,141,32,109
105000208,72,206,-134
105000209,149,33,116
105000211,759,12,747
105000212,1028,253,775
105000213,16,52,-36
105000214,82,70,12
105000215,161,84,77
105000216,303,44,259
105000217,142,46,96
105000218,2622,530,2092
105000221,101,110,-9
105000222,500,69,431
105000223,665,104,561
105000226,205,62,143
105000227,75,51,24
105000228,18,943,-925
105000229,148,539,-391
105000231,349,114,235
105000233,955,616,339
105000234,301,353,-52
105000235,589,373,216
105000237,1342,82,1260
105000243,50,38,12
105000248,48,86,-38
105000262,498,171,327
105000269,53,91,-38
105000270,732,8,724
105000271,1,129,-128
105000282,54,22,32
105000287,110,62,48
105000288,880,292,588
105000289,377,861,-484
105000290,46,3,43
105000402,945,2917,-1972
105000426,151,202,-51
105000438,515,577,-62
105000440,42,8,34
105000446,3452,2376,1076
105000447,987,634,353
105000454,558,83,475
105000455,103,78,25
105000474,126,1,125
105000477,1174,392,782
105000478,2172,4543,-2371
105000479,57,85,-28
105000480,2863,4676,-1813
105000481,3354,3028,326
105000482,1290,1635,-345
105000483,1347,1913,-566
105000484,749,979,-230
105000485,599,2032,-1433
105000486,987,1019,-32
105000488,1410,964,446
105000489,1842,604,1238
105000549,149,158,-9
105000550,376,353,23
105000551,9,40,-31
105000552,1374,497,877
105000555,743,1309,-566
105000556,48,8,40
105000557,60,78,-18
105900001,8,1103,-1095
105900002,335,1566,-1231
105900003,18,92,-74
105900004,156,18,138
105900005,5,128,-123
105900006,8,9,-1
105900007,5,6,-1
105900008,137,103,34
105900009,41,27,14
105900011,163,7,156
105900012,394,40,354
105900013,2,22,-20
105900014,3,29,-26
105900015,40,135,-95
105900016,649,91,558
105900017,2236,7,2229
105900018,77,72,5
105900019,112,55,57
105900020,64,36,28
105900021,28,75,-47
105900022,174,95,79
105900023,20,34,-14
105900024,2,139,-137
105900025,403,10,393
105900026,89,6,83
105900027,5574,2476,3098
105900028,181,259,-78
105900029,1098,165,933
105900030,119,189,-70
105900031,457,79,378
105900032,139,39,100
105900033,111,109,2
105900034,488,99,389
105900035,418,148,270
105900036,123,23,100
105900037,261,7,254
105900038,123,186,-63
105900039,188,47,141
105900040,129,53,76
105900041,120,78,42
105900042,131,208,-77
105900043,392,6,386
105900044,15,374,-359
105900045,2,1528,-1526
105900046,0,96,-96
105900047,6,31,-25
105900048,95,348,-253
105900050,671,2609,-1938
105900051,26,513,-487
105900052,947,59,888
105900053,1609,4091,-2482
105900054,90,176,-86
105900056,173,494,-321
105900057,2,35,-33
105900058,7,5,2
105900059,0,156,-156
106000001,1493,1924,-431
106000002,541,1520,-979
106000003,2730,3384,-654
106000004,918,1388,-470
106000005,3876,2150,1726
106000006,2734,824,1910
106000007,475,191,284
106000008,281,148,133
106000009,516,122,394
106000010,176,301,-125
106000011,1633,581,1052
106000012,667,403,264
106000013,1431,871,560
106000014,811,634,177
106000015,2111,530,1581
106000016,891,611,280
106000017,776,376,400
106000018,403,246,157
106000019,455,220,235
106000020,249,111,138
106000021,397,219,178
106000022,276,95,181
106000023,724,195,529
106000024,417,192,225
106000025,186,160,26
106000026,78,108,-30
106000027,2225,850,1375
106000028,542,193,349
106000029,549,507,42
106000030,121,301,-180
106000034,56,263,-207
106000035,1094,983,111
106000036,63,316,-253
106000037,556,452,104
106000038,24,237,-213
106000039,11,126,-115
106000040,43,572,-529
106000041,449,252,197
106000043,294,147,147
106000046,175,15,160
106000047,30,228,-198
106000049,1485,88,1397
106000050,134,212,-78
106000051,1089,445,644
106000052,49,99,-50
106000053,497,57,440
106000054,89,76,13
106000055,951,215,736
106000056,140,126,14
106000057,624,75,549
106000058,85,18,67
106000059,506,111,395
106000060,87,143,-56
106000061,140,382,-242
106000062,99,109,-10
106000063,1094,652,442
106000064,0,91,-91
106000065,529,149,380
106000066,91,114,-23
106000067,511,71,440
106000068,133,191,-58
106000069,588,76,512
106000070,318,156,162
106000071,713,81,632
106000072,1859,928,931
106000073,957,5845,-4888
106000074,661,469,192
106000075,394,668,-274
106000076,803,1095,-292
106000077,1059,302,757
106000078,1317,149,1168
106000079,847,320,527
106000080,1149,164,985
106000081,920,367,553
106000082,1084,183,901
106000083,494,466,28
106000084,553,275,278
106000085,1025,492,533
106000086,293,247,46
106000087,634,195,439
106000088,343,279,64
106000089,943,110,833
106000090,429,267,162
106000091,218,308,-90
106000092,846,165,681
106000093,639,36,603
106000094,92,134,-42
106000095,879,304,575
106000096,1530,161,1369
106000097,1278,314,964
106000098,1074,219,855
106000099,84,184,-100
106000100,1874,86,1788
106000101,939,324,615
106000102,63,247,-184
106000103,171,172,-1
106000104,1117,153,964
106000105,230,287,-57
106000106,1050,100,950
106000107,225,163,62
106000108,788,67,721
106000109,134,83,51
106000110,539,96,443
106000111,124,92,32
106000112,349,868,-519
106000113,293,299,-6
106000114,470,1051,-581
106000115,212,200,12
106000116,389,115,274
106000117,545,160,385
106000118,1287,1044,243
106000119,647,179,468
106000120,1010,1811,-801
106000121,359,95,264
106000122,335,81,254
106000123,1069,21,1048
106000124,250,37,213
106000125,119,62,57
106000126,672,16,656
106000127,1771,207,1564
106000128,1436,119,1317
106000129,1265,188,1077
106000130,1196,303,893
106000131,163,692,-529
106000132,570,80,490
106000133,752,1873,-1121
106000134,485,3820,-3335
106000135,154,428,-274
106000136,962,2006,-1044
106000137,52,393,-341
106000138,3443,47,3396
106000139,81,23,58
106000140,65,21,44
106000141,124,13,111
106000142,131,11,120
106000143,54,36,18
106000144,98,51,47
106000145,627,81,546
106000146,679,45,634
106000147,1327,259,1068
106000148,2514,521,1993
106000149,809,238,571
106000150,846,2637,-1791
106000151,1792,335,1457
106000152,552,3257,-2705
106000153,106,1280,-1174
106000154,785,77,708
106000155,245,260,-15
106000156,1635,70,1565
106000157,372,1335,-963
106000158,827,426,401
106000159,1962,2317,-355
106000160,712,4273,-3561
106000161,437,88,349
106000162,500,1724,-1224
106000163,271,87,184
106000164,917,131,786
106000165,132,254,-122
106000166,1489,104,1385
106000167,369,367,2
106000168,1149,70,1079
106000169,262,162,100
106000170,1151,44,1107
106000171,216,520,-304
106000172,2380,676,1704
106000173,659,1452,-793
106000174,1628,143,1485
106000175,189,211,-22
106000176,2854,296,2558
106000177,1013,534,479
106000178,3138,544,2594
106000179,686,379,307
106000180,1313,342,971
106000181,2770,764,2006
106000182,2068,179,1889
106000183,2229,99,2130
106000184,1450,192,1258
106000185,2111,1429,682
106000186,213,33,180
106000187,31,1598,-1567
106000188,0,7,-7
106000189,2,18,-16
106000190,35,4,31
106000191,408,35,373
106000192,0,12,-12
106000193,197,263,-66
106000194,44,223,-179
106000195,93,22,71
106000196,65,163,-98
106000197,731,60,671
106000198,188,68,120
106000199,271,1643,-1372
106000200,319,154,165
106000201,280,8536,-8256
106000202,1586,473,1113
106000203,8,168,-160
106000204,104,3,101
106000205,3,112,-109
106000206,65,21,44
106000207,10,151,-141
106000208,1874,46,1828
106000209,2452,109,2343
106000210,270,266,4
106000211,224,616,-392
106000212,1675,248,1427
106000213,207,653,-446
106000214,1099,150,949
106000215,217,281,-64
106000216,721,171,550
106000217,122,227,-105
106000218,361,72,289
106000219,99,105,-6
106000220,758,70,688
106000221,319,41,278
106000222,156,38,118
106000223,559,60,499
106000224,238,37,201
106000225,111,78,33
106000226,42,59,-17
106000228,35,44,-9
106000229,177,310,-133
106000231,1610,76,1534
106000232,145,157,-12
106000233,756,64,692
106000234,78,365,-287
106000235,283,258,25
106000236,70,146,-76
106000237,0,10,-10
106000238,1,39,-38
106000239,0,182,-182
106000240,25,1,24
106000241,2,468,-466
106000242,218,14,204
106000249,92,29,63
106000250,22,818,-796
106000251,167,11,156
106000252,20,5,15
106000253,100,33,67
106000254,155,2,153
106000255,73,130,-57
106000256,59,9,50
106000257,68,118,-50
106000258,56,94,-38
106000259,10,103,-93
106000260,42,7,35
106000261,18,36,-18
106000262,89,6,83
106000263,42,22,20
106000264,206,4,202
106000265,38,65,-27
106000266,143,30,113
106000267,13,86,-73
106000268,246,60,186
106000269,42,31,11
106000270,127,124,3
106000271,42,38,4
106000272,106,19,87
106000273,13,103,-90
106000274,108,14,94
106000275,161,86,75
106000276,27,3,24
106000277,101,129,-28
106000278,90,0,90
106000279,15,18,-3
106000280,71,8,63
106000281,36,8,28
106000282,81,20,61
106000283,115,15,100
106000284,277,37,240
106000285,76,68,8
106000286,106,29,77
106000287,37,49,-12
106000288,133,33,100
106000289,66,47,19
106000290,84,60,24
106000291,76,17,59
106000292,156,20,136
106000293,97,34,63
106000294,110,15,95
106000295,18,26,-8
106000296,12,13,-1
106000297,29,55,-26
106000298,12,101,-89
106000299,27,33,-6
106000300,30,55,-25
106000301,23,73,-50
106000303,98,34,64
106000304,56,14,42
106000305,184,20,164
106000306,19,18,1
106000307,284,14,270
106000308,28,21,7
106000309,10,15,-5
106000310,267,78,189
106000311,425,74,351
106000312,249,61,188
106000313,434,41,393
106000318,39,296,-257
106000319,1510,378,1132
106000320,6,69,-63
106000321,229,208,21
106000322,255,38,217
106000324,84,80,4
106000325,1859,379,1480
106000326,496,497,-1
106000327,524,30,494
106000328,19,47,-28
106000329,35,80,-45
106000330,14,28,-14
106000428,102,177,-75
106000429,139,181,-42
106000430,192,671,-479
106000431,2809,288,2521
106000432,563,907,-344
106000433,2242,752,1490
106000434,3333,635,2698
106000435,763,873,-110
106000436,5,57,-52
106000437,956,51,905
106000438,186,534,-348
106000439,41,636,-595
106000440,503,274,229
106000441,14,1,13
106000442,391,10,381
106000443,289,98,191
106000450,0,59,-59
106000451,26,221,-195
106000454,2,208,-206
106000455,1,81,-80
106000456,184,22,162
106000457,30,168,-138
106000458,1353,198,1155
106000459,753,74,679
106000460,2514,16,2498
106000461,474,179,295
106000462,0,59,-59
106000463,9,55,-46
106000464,2,361,-359
106000465,1120,4,1116
106000466,1,155,-154
106000467,183,221,-38
106000468,220,48,172
106000469,173,1,172
106000470,111,2267,-2156
106000471,6,125,-119
106000472,395,7,388
106000473,18,0,18
106000474,455,249,206
106000475,1029,180,849
106000476,145,307,-162
106000477,92,54,38
106000480,0,1124,-1124
106900001,0,0,0
106900002,0,62,-62
106900003,21,148,-127
106900004,0,1,-1
106900006,0,1,-1
106900007,0,0,0
106900008,957,8,949
106900009,648,54,594
106900010,318,76,242
106900012,440,3354,-2914
106900013,536,56,480
106900014,208,1,207
106900015,20,0,20
106900016,448,13,435
106900017,16,0,16
106900018,34,0,34
106900019,298,5,293
106900020,650,2850,-2200
106900021,313,47,266
106900022,2003,5,1998
106900023,0,54,-54
106900024,524,17,507
106900025,1,89,-88
106900026,0,87,-87
106900027,1524,6,1518
106900028,0,55,-55
106900029,219,18,201
106900030,1,351,-350
107000001,2524,2617,-93
107000002,822,1161,-339
107000003,6941,5434,1507
107000004,1635,847,788
107000005,8655,4740,3915
107000006,1693,783,910
107000007,3772,5268,-1496
107000008,1855,1230,625
107000009,7468,4569,2899
107000010,2753,1873,880
107000011,383,370,13
107000012,999,730,269
107000013,117,19,98
107000014,80,39,41
107000015,542,232,310
107000016,901,230,671
107000017,395,462,-67
107000018,0,409,-409
107000020,426,427,-1
107000021,727,194,533
107000022,811,756,55
107000023,1386,49,1337
107000024,590,1115,-525
107000025,345,172,173
107000026,244,270,-26
107000027,1758,350,1408
107000028,951,317,634
107000029,3753,2275,1478
107000030,1353,739,614
107000031,5292,1721,3571
107000032,175,359,-184
107000033,1286,2627,-1341
107000034,1506,551,955
107000035,371,96,275
107000036,192,954,-762
107000037,121,398,-277
107000038,230,63,167
107000039,859,386,473
107000040,280,87,193
107000041,555,248,307
107000042,285,1944,-1659
107000043,603,476,127
107000044,134,96,38
107000045,46,72,-26
107000046,479,177,302
107000047,239,271,-32
107000048,377,112,265
107000049,294,307,-13
107000050,552,202,350
107000051,155,222,-67
107000052,687,2235,-1548
107000053,229,479,-250
107000054,13,102,-89
107000055,269,62,207
107000056,350,225,125
107000057,833,61,772
107000058,1676,1275,401
107000059,1417,1337,80
107000060,5541,2977,2564
107000061,2207,961,1246
107000062,7890,1847,6043
107000063,2138,1228,910
107000064,5452,3362,2090
107000065,1431,1712,-281
107000066,994,2250,-1256
107000067,1229,696,533
107000068,483,466,17
107000069,1118,573,545
107000070,757,1,756
107000071,5210,20,5190
107000072,6,510,-504
107000073,1105,1009,96
107000074,35,204,-169
107000075,1659,60,1599
107000076,125,372,-247
107000077,2697,223,2474
107000078,424,347,77
107000079,3172,530,2642
107000080,250,546,-296
107000081,4083,388,3695
107000082,280,373,-93
107000083,1556,829,727
107000084,100,339,-239
107000085,2025,1853,172
107000086,1802,1074,728
107000087,2693,1652,1041
107000088,1713,1565,148
107000089,1302,1645,-343
107000090,820,483,337
107000091,1782,517,1265
107000092,553,410,143
107000093,1457,789,668
107000094,663,447,216
107000095,1504,583,921
107000096,583,263,320
107000097,2200,418,1782
107000098,418,266,152
107000099,602,332,270
107000100,152,118,34
107000101,78,187,-109
107000102,137,169,-32
107000103,386,158,228
107000104,131,208,-77
107000105,599,157,442
107000106,154,88,66
107000107,781,88,693
107000108,177,166,11
107000109,1549,84,1465
107000110,157,92,65
107000111,1932,31,1901
107000112,127,84,43
107000113,1752,103,1649
107000114,32,146,-114
107000115,1054,1266,-212
107000116,66,201,-135
107000117,185,5352,-5167
107000118,37,58,-21
107000119,717,1475,-758
107000120,383,1023,-640
107000121,808,193,615
107000122,413,377,36
107000123,764,236,528
107000124,704,92,612
107000125,1323,182,1141
107000126,1763,146,1617
107000129,557,257,300
107000130,1484,120,1364
107000131,339,211,128
107000132,1000,116,884
107000133,263,55,208
107000134,228,1,227
107000135,0,172,-172
107000136,518,1,517
107000137,2,289,-287
107000138,70,22,48
107000139,4,307,-303
107000140,1547,19,1528
107000141,38,530,-492
107000142,399,21,378
107000143,12,786,-774
107000144,389,632,-243
107000145,31,292,-261
107000146,115,349,-234
107000147,3384,357,3027
107000150,93,4184,-4091
107000151,3,19,-16
107000152,360,2970,-2610
107000153,41,97,-56
107000154,12,86,-74
107000155,1136,0,1136
107000156,1146,1,1145
107000157,20,222,-202
107000158,1267,3,1264
107000159,9,184,-175
107000160,2269,136,2133
107000161,24,173,-149
107000162,227,697,-470
107000163,334,0,334
107000164,1104,0,1104
107000165,1887,0,1887
107000166,10,141,-131
107000167,1162,226,936
107000168,922,393,529
107000169,132,219,-87
107000170,4141,393,3748
107000171,394,309,85
107000172,1910,1942,-32
107000173,258,185,73
107000174,1059,6537,-5478
107000175,1677,290,1387
107000176,0,0,0
107000177,2,0,2
107000178,233,5,228
107000179,311,385,-74
107000180,1874,101,1773
107000181,335,255,80
107000182,2246,218,2028
107000183,239,226,13
107000184,1780,290,1490
107000185,220,340,-120
107000186,851,136,715
107000187,1074,545,529
107000188,607,121,486
107000189,831,369,462
107000190,980,159,821
107000191,1087,400,687
107000192,1268,142,1126
107000193,201,248,-47
107000194,422,176,246
107000197,943,88,855
107000198,238,278,-40
107000199,450,371,79
107000200,662,609,53
107000201,247,124,123
107000202,288,259,29
107000203,388,749,-361
107000204,383,1270,-887
107000205,392,182,210
107000206,115,481,-366
107000207,228,370,-142
107000208,164,234,-70
107000209,280,356,-76
107000210,44,76,-32
107000211,0,18,-18
107000212,3,67,-64
107000213,0,1,-1
107000214,27,21,6
107000215,718,58,660
107000216,421,58,363
107000217,144,72,72
107000219,35,148,-113
107000220,30,57,-27
107000222,194,157,37
107000224,437,61,376
107000225,177,79,98
107000226,709,51,658
107000227,141,74,67
107000228,59,471,-412
107000229,74,206,-132
107000230,827,369,458
107000231,319,699,-380
107000232,102,9,93
107000233,97,392,-295
107000234,1,74,-73
107000235,30,31,-1
107000236,2,497,-495
107000237,85,0,85
107000238,33,2,31
107000239,1050,593,457
107000240,53,151,-98
107000243,0,33,-33
107000244,9,13,-4
107000246,1,180,-179
107000249,1,267,-266
107000251,0,57,-57
107000252,1,145,-144
107000255,96,191,-95
107000257,0,493,-493
107000258,1,145,-144
107000259,0,79,-79
107000260,1985,4,1981
107000262,11,94,-83
107000263,805,6,799
107000266,20,10,10
107000267,10,71,-61
107000268,66,18,48
107000269,20,5,15
107000270,228,40,188
107000271,0,0,0
107000272,81,0,81
107000273,3,120,-117
107000274,253,0,253
107000275,96,823,-727
107000280,1969,9,1960
107000281,60,127,-67
107000282,12,165,-153
107000290,0,9,-9
107000291,17,13,4
107000292,0,37,-37
107000293,16,7,9
107000294,0,50,-50
107000295,18,6,12
107000296,0,25,-25
107000444,186,1,185
107000496,5,2,3
107000497,480,557,-77
107000500,435,125,310
107000501,28,122,-94
107000502,287,275,12
107000505,214,299,-85
107000506,0,0,0
107000508,1,75,-74
107000509,100,607,-507
107000510,93,26,67
107000514,21,428,-407
107000515,15,56,-41
107000516,560,186,374
107000518,1867,3968,-2101
107000519,427,263,164
107000520,223,34,189
107000521,1567,123,1444
107000522,2401,170,2231
107900001,77,39,38
107900002,27,0,27
107900003,587,21,566
107900004,2,0,2
107900005,4238,54,4184
107900006,188,5,183
107900007,555,20,535
107900008,4,0,4
107900009,45,1,44
107900010,113,0,113
107900012,351,39,312
107900013,99,2,97
107900014,257,3,254
107900015,2732,24,2708
107900016,113,35,78
107900017,100,0,100
107900018,81,395,-314
107900019,15,1,14
107900020,1,25,-24
107900021,294,7,287
107900023,11,4,7
107900024,0,0,0
107900025,159,22,137
107900026,67,4,63
107900027,0,31,-31
107900028,361,8,353
107900030,354,11,343
107900031,46,63,-17
107900032,109,9,100
107900033,24,25,-1
107900034,241,4,237
107900035,2563,266,2297
107900036,14,14,0
107900037,0,0,0
107900038,14,302,-288
107900039,62,8,54
107900040,2,83,-81
107900041,1,0,1
107900043,57,10,47
107900044,1,18,-17
107900045,137,45,92
107900046,435,815,-380
107900047,70,2,68
107900048,429,14,415
107900049,294,1024,-730
107900050,29,29,0
107900051,28,22,6
107900052,4,43,-39
107900053,185,18,167
107900055,260,52,208
107900056,64,167,-103
107900057,0,1,-1
107900058,18,204,-186
107900060,21,18,3
107900061,0,2,-2
107900063,70,56,14
107900064,91,899,-808
107900065,1013,25,988
107900066,36,0,36
107900067,1,0,1
107900068,92,642,-550
107900069,6,3963,-3957
107900070,113,167,-54
107900071,36,86,-50
107900072,217,16,201
107900073,51,8,43
107900074,119,395,-276
107900076,146,8,138
107900077,128,2,126
107900079,2,23,-21
107900080,82,788,-706
107900081,8,19,-11
107900082,3,18,-15
107900083,504,112,392
107900084,262,45,217
107900086,10,282,-272
107900087,133,9,124
107900088,58,3,55
107900089,130,287,-157
107900090,138,1388,-1250
107900091,50,61,-11
107900093,26,47,-21
107900095,601,669,-68
107900097,20,39,-19
107900098,144,242,-98
107900100,128,1554,-1426
107900101,165,12,153
107900102,21,0,21
107900103,38,78,-40
107900104,100,5,95
107900105,0,81,-81
107900106,1,117,-116
107900107,307,267,40
107900108,41,1,40
107900109,2551,55,2496
107900110,87,24,63
107900111,0,87,-87
107900112,25,487,-462
107900113,372,17,355
107900114,238,25,213
107900115,0,7,-7
107900116,347,34,313
107900117,170,151,19
107900118,7,25,-18
107900119,112,150,-38
107900120,60,2,58
107900121,6,69,-63
107900122,0,46,-46
107900123,8,88,-80
107900124,3,5,-2
107900125,1,25,-24
107900126,41,20,21
107900127,353,123,230
107900128,5,13,-8
107900129,296,3,293
107900130,187,6,181
107900131,26,44,-18
107900132,21,72,-51
107900133,0,13,-13
107900134,9,10,-1
107900135,2,16,-14
107900136,4,15,-11
107900137,22,16,6
107900138,162,4,158
107900139,131,6,125
107900141,13,27,-14
107900142,4,192,-188
107900143,12,10,2
107900144,1,22,-21
107900145,0,26,-26
107900146,34,31,3
107900147,10,0,10
107900148,79,36,43
107900149,199,13,186
107900150,16,113,-97
107900151,14,7,7
107900152,10,32,-22
107900153,45,129,-84
107900154,97,8,89
107900155,140,6,134
107900156,1,29,-28
107900157,20,26,-6
107900158,2064,114,1950
107900159,20,127,-107
107900160,135,10,125
107900161,112,10,102
107900162,1,17,-16
107900163,22,14,8
107900164,49,10,39
107900165,13,456,-443
107900166,43,16,27
107900167,2,48,-46
107900168,147,4,143
107900169,0,265,-265
107900171,0,186,-186
107900172,0,72,-72
107900173,33,9,24
107900174,91,0,91
107900175,1,62,-61
107900176,88,11,77
107900177,0,45,-45
107900178,0,21,-21
107900179,23,33,-10
107900180,99,1066,-967
107900181,82,72,10
107900182,0,124,-124
107900183,82,33,49
107900184,191,59,132
107900185,111,1,110
107900186,12,8,4
107900187,0,24,-24
107900188,279,40,239
107900189,25,84,-59
107900190,3,103,-100
107900191,26,57,-31
107900193,16,69,-53
107900194,101,3,98
107900195,505,130,375
107900196,100,9,91
107900197,117,98,19
107900199,0,157,-157
107900201,48,31,17
107900203,33,12,21
107900204,105,52,53
107900206,156,622,-466
107900207,0,98,-98
107900208,0,81,-81
107900209,158,77,81
107900210,7,15,-8
107900213,224,96,128
107900214,1,27,-26
107900215,86,201,-115
107900216,3,12,-9
107900217,14,41,-27
107900218,2,210,-208
107900219,49,11,38
107900220,27,53,-26
107900221,16,40,-24
107900223,183,81,102
107900224,49,225,-176
107900225,2,118,-116
107900226,6,10,-4
107900227,38,62,-24
107900228,26,37,-11
107900229,7,28,-21
107900230,39,4,35
107900231,57,32,25
107900232,345,8,337
107900233,1,39,-38
107900234,338,38,300
107900235,4,36,-32
107900236,556,31,525
107900237,2,88,-86
107900238,33,3,30
107900239,90,441,-351
107900240,52,3,49
107900241,1,7,-6
107900242,14,34,-20
107900243,0,3,-3
107900244,157,0,157
107900245,1152,41,1111
107900246,216,22,194
107900248,442,28,414
107900249,1274,194,1080
107900250,1,161,-160
107900251,2,361,-359
107900252,786,67,719
107900253,166,23,143
107900254,55,110,-55
107900255,59,13,46
107900256,258,466,-208
107900257,373,93,280
107900258,56,29,27
107900259,18,4161,-4143
107900261,0,140,-140
107900262,24,31,-7
107900264,751,59,692
107900265,100,33,67
107900267,533,6,527
107900268,1,0,1
107900269,1,3,-2
107900270,1,0,1
107900271,0,51,-51
107900272,5,19,-14
107900273,28,21,7
107900274,118,0,118
107900275,25,0,25
107900276,2,9,-7
107900277,0,3,-3
107900278,339,54,285
107900279,3,20,-17
107900280,1840,553,1287
107900281,472,9184,-8712
107900282,23,1139,-1116
107900283,201,563,-362
107900284,782,229,553
107900285,123,19,104
107900286,7,25,-18
107900287,957,21,936
107900290,1,798,-797
107900291,413,3,410
107900292,94,59,35
107900293,93,106,-13
107900295,18,14,4
107900297,1,176,-175
107900298,364,359,5
107900299,868,2738,-1870
107900301,611,397,214
107900302,77,12,65
107900303,569,105,464
107900304,575,33,542
107900305,418,7,411
107900306,0,49,-49
107900307,3,83,-80
107900308,185,33,152
107900309,13,0,13
107900310,10,0,10
107900311,144,246,-102
107900312,15,0,15
107900313,1,79,-78
107900314,0,279,-279
107900315,0,43,-43
107900316,26,0,26
107900317,87,7,80
107900318,1,172,-171
107900319,0,16,-16
107900320,0,74,-74
107900321,246,2,244
107900322,0,15,-15
107900323,3,56,-53
107900324,61,1,60
107900325,227,2,225
107900326,806,77,729
107900327,1,65,-64
107900328,2,0,2
107900329,14,122,-108
107900330,6,26,-20
107900331,692,26,666
107900332,673,13,660
107900333,170,13,157
107900334,11,22,-11
107900335,6,8,-2
107900336,26,26,0
107900337,245,1377,-1132
107900338,0,25,-25
107900339,0,2,-2
107900340,0,120,-120
107900341,35,0,35
107900342,185,22,163
107900343,58,0,58
107900344,4,29,-25
107900345,44,9,35
107900346,0,0,0
107900347,5,0,5
107900348,0,2,-2
107900349,1,2,-1
107900350,0,59,-59
107900351,27,14,13
107900352,1,17,-16
107900353,72,18,54
107900354,77,22,55
108000001,4465,2370,2095
108000002,979,865,114
108000003,2120,1094,1026
108000004,4956,4858,98
108000005,6246,2619,3627
108000006,1713,1490,223
108000007,4617,1924,2693
108000008,1444,1466,-22
108000009,5273,2730,2543
108000010,1208,1488,-280
108000011,10009,6860,3149
108000012,4151,4599,-448
108000014,323,928,-605
108000015,839,170,669
108000016,234,371,-137
108000017,957,164,793
108000018,1457,429,1028
108000019,646,250,396
108000020,888,152,736
108000021,58,609,-551
108000022,220,236,-16
108000023,1524,234,1290
108000024,357,82,275
108000025,533,82,451
108000026,1009,72,937
108000027,986,70,916
108000028,1055,149,906
108000029,793,131,662
108000030,420,107,313
108000031,147,267,-120
108000032,2702,393,2309
108000033,332,260,72
108000034,1564,371,1193
108000035,229,467,-238
108000036,159,259,-100
108000037,2854,185,2669
108000038,4503,212,4291
108000039,321,421,-100
108000040,2452,638,1814
108000041,192,525,-333
108000042,632,87,545
108000043,118,91,27
108000044,790,29,761
108000045,130,83,47
108000046,2376,82,2294
108000047,152,228,-76
108000048,34,75,-41
108000049,878,81,797
108000050,55,177,-122
108000051,288,303,-15
108000052,79,141,-62
108000053,440,277,163
108000054,98,289,-191
108000055,986,251,735
108000056,459,412,47
108000057,618,905,-287
108000058,1233,4141,-2908
108000059,825,516,309
108000060,289,583,-294
108000061,145,176,-31
108000062,1256,274,982
108000063,338,224,114
108000064,277,132,145
108000065,489,207,282
108000066,1488,649,839
108000067,2485,605,1880
108000068,780,204,576
108000069,122,250,-128
108000070,1980,256,1724
108000071,256,372,-116
108000072,982,309,673
108000073,275,252,23
108000074,746,265,481
108000075,109,100,9
108000076,926,217,709
108000077,247,183,64
108000078,3005,404,2601
108000079,234,270,-36
108000080,2252,232,2020
108000081,349,355,-6
108000082,273,363,-90
108000083,1869,426,1443
108000084,137,369,-232
108000085,1337,224,1113
108000086,129,163,-34
108000087,88,1919,-1831
108000088,1231,283,948
108000089,353,229,124
108000091,136,255,-119
108000092,591,98,493
108000093,435,245,190
108000094,1506,94,1412
108000095,188,140,48
108000096,858,221,637
108000097,203,264,-61
108000098,2635,705,1930
108000099,1059,132,927
108000100,190,294,-104
108000101,1145,677,468
108000102,886,2226,-1340
108000106,1110,0,1110
108000107,0,120,-120
108000108,670,51,619
108000109,1,183,-182
108000110,722,146,576
108000111,271,330,-59
108000112,26,106,-80
108000113,233,106,127
108000115,150,128,22
108000117,202,183,19
108000118,178,1778,-1600
108000119,362,130,232
108000120,193,944,-751
108000121,217,157,60
108000122,1012,202,810
108000123,653,143,510
108000124,307,187,120
108000125,815,103,712
108000126,405,163,242
108000127,745,163,582
108000128,949,98,851
108000129,142,138,4
108000130,728,178,550
108000131,704,75,629
108000132,184,208,-24
108000133,1077,150,927
108000134,268,135,133
108000135,1243,707,536
108000136,193,204,-11
108000137,516,83,433
108000138,317,187,130
108000139,694,114,580
108000140,826,6,820
108000141,25,18,7
108000142,19,36,-17
108000143,26,92,-66
108000144,1210,47,1163
108000145,38,1,37
108000146,1384,52,1332
108000147,37,9,28
108000148,1094,26,1068
108000149,9,6,3
108000150,91,25,66
108000151,4,23,-19
108000152,136,129,7
108000153,1665,100,1565
108000154,8,2,6
108000155,123,27,96
108000156,558,189,369
108000157,200,3039,-2839
108000158,21,959,-938
108000159,75,132,-57
108000160,940,1525,-585
108000161,657,4367,-3710
108000165,3,486,-483
108000172,0,224,-224
108000173,283,1904,-1621
108000175,948,97,851
108000178,190,75,115
108000179,104,602,-498
108000181,71,6,65
108000182,62,29,33
108000183,8,63,-55
108000184,195,3964,-3769
108000185,300,27,273
108000186,513,74,439
108000187,148,90,58
108000188,1249,47,1202
108000189,431,14650,-14219
108000190,21,39,-18
108000192,203,97,106
108000193,145,19,126
108000194,11,9,2
108000195,0,300,-300
108000196,88,113,-25
108000198,747,60,687
108000199,0,193,-193
108000200,950,47,903
108000203,333,150,183
108000204,218,59,159
108000205,28,72,-44
108000339,337,186,151
108000364,81,240,-159
108000365,79,107,-28
108000367,58,62,-4
108000368,6,55,-49
108000369,197,35,162
108000371,0,198,-198
108000372,908,17,891
108000373,226,44,182
108000376,290,13,277
108000377,1277,67,1210
108000378,6032,11574,-5542
108000379,17,129,-112
108000381,278,7,271
108000382,102,0,102
108000383,0,157,-157
108900001,1,102,-101
108900002,141,28,113
108900003,46,132,-86
108900004,24,347,-323
108900007,379,61,318
108900008,176,29,147
108900009,103,175,-72
108900010,502,58,444
108900011,927,66,861
108900012,427,130,297
108900013,80,135,-55
108900014,37,29,8
108900015,1,24,-23
108900016,0,29,-29
108900017,61,181,-120
108900018,61,105,-44
108900019,19,173,-154
108900020,58,19,39
108900021,67,66,1
108900022,52,1,51
108900023,58,48,10
108900024,32,12,20
108900025,333,13,320
108900026,13,9,4
108900027,0,12,-12
108900028,96,41,55
108900029,34,82,-48
108900030,0,3,-3
108900031,109,33,76
108900032,3,41,-38
108900033,64,23,41
108900034,0,24,-24
108900035,115,185,-70
108900038,0,76,-76
108900039,0,57,-57
108900040,5,14,-9
108900041,2293,2300,-7
108900042,1,137,-136
108900043,7,237,-230
108900044,0,51,-51
108900045,50,46,4
108900046,4,79,-75
108900047,55,76,-21
108900048,36,127,-91
108900049,507,2638,-2131
108900050,6,71,-65
108900051,0,31,-31
108900052,32,19,13
108900053,79,593,-514
108900054,24,45,-21
108900055,19,96,-77
108900056,0,11,-11
108900057,0,17,-17
108900058,37,43,-6
108900059,1535,33,1502
108900060,72,89,-17
108900061,13,9,4
108900062,0,20,-20
108900063,31,38,-7
108900064,488,5,483
108900065,13,52,-39
108900066,495,12,483
108900067,2,36,-34
108900068,24,59,-35
108900069,70,9,61
108900070,6,26,-20
108900071,169,30,139
108900072,683,84,599
108900073,20,137,-117
108900074,442,49,393
108900075,2,5,-3
108900076,658,12,646
108900077,17,85,-68
108900078,88,17,71
108900079,83,31,52
108900080,0,881,-881
108900081,15,78,-63
108900082,49,8,41
108900083,10,204,-194
108900085,604,47,557
108900086,298,29,269
108900087,41,68,-27
108900088,356,336,20
108900089,48,94,-46
108900090,67,29,38
108900091,92,7,85
108900092,222,247,-25
108900093,55,23,32
108900094,206,49,157
108900095,4,30,-26
108900096,153,4,149
108900097,180,49,131
108900098,522,988,-466
108900099,483,46,437
108900100,53,42,11
108900101,236,361,-125
108900102,5,1570,-1565
108900103,234,146,88
108900105,3,2679,-2676
108900106,441,34,407
108900108,139,8,131
108900109,1397,63,1334
108900110,132,40,92
108900111,362,37,325
108900113,88,40,48
108900114,394,37,357
108900115,203,169,34
108900116,71,6,65
108900117,411,19,392
108900118,1184,17,1167
108900119,486,9,477
108900120,454,191,263
108900121,249,45,204
108900122,390,12,378
108900123,421,35,386
108900124,1188,110,1078
108900125,989,7,982
108900126,228,58,170
108900127,344,4,340
108900128,271,19,252
108900129,1955,87,1868
108900130,912,2,910
108900131,761,3,758
108900132,651,28,623
108900133,403,13,390
108900134,737,41,696
108900135,509,7,502
108900136,35,0,35
108900137,315,0,315
108900138,919,42,877
108900140,989,23,966
108900141,744,6,738
108900142,61,9,52
108900143,142,0,142
108900144,199,0,199
108900145,379,14,365
108900146,121,0,121
108900147,494,0,494
108900148,69,10,59
108900150,232,11,221
108900151,45,1,44
108900152,149,2,147
108900153,337,37,300
108900154,5076,150,4926
108900156,246,2,244
108900157,22,78,-56
108900158,650,18,632
108900159,72,59,13
108900160,12,86,-74
108900161,88,142,-54
108900162,245,10,235
108900163,7,437,-430
108900164,63,10,53
108900168,1636,1569,67
108900169,35,52,-17
108900171,1496,3148,-1652
108900172,141,38,103
108900173,19,134,-115
108900174,828,109,719
108900176,19,124,-105
108900177,1284,9629,-8345
108900178,654,4905,-4251
108900180,79,75,4
108900183,100,22,78
108900184,275,32,243
108900185,29,101,-72
108900186,21,132,-111
108900189,524,26,498
108900190,975,474,501
108900192,64,71,-7
108900195,55,38,17
108900196,9,103,-94
108900199,151,136,15
108900200,710,354,356
108900201,158,317,-159
108900203,391,66,325
108900204,513,4,509
108900205,333,7,326
108900206,457,57,400
108900207,270,347,-77
108900208,7,94,-87
108900209,49,106,-57
108900210,43,37,6
108900211,100,471,-371
108900212,33,2015,-1982
108900215,15,140,-125
108900216,95,627,-532
108900217,70,0,70
108900218,25,16,9
108900221,35,20,15
108900224,6,33,-27
108900225,0,66,-66
108900227,223,176,47
108900230,19,39,-20
108900232,5,45,-40
108900233,398,115,283
108900234,285,166,119
108900235,29,102,-73
108900236,10,100,-90
108900240,80,22,58
108900241,81,22,59
108900245,1,1654,-1653
108900250,223,23,200
108900258,5,22,-17
108900259,1,3,-2
108900260,15,5,10
108900261,23,7,16
108900262,49,35,14
108900263,20,64,-44
108900264,54,71,-17
108900265,167,306,-139
108900266,86,1538,-1452
108900267,2,403,-401
108900268,21,35,-14
108900269,177,9,168
108900270,195,6,189
108900271,81,4,77
108900272,386,7,379
108900273,88,373,-285
108900274,126,14,112
109000001,3481,4555,-1074
109000002,486,3485,-2999
109000003,3139,268,2871
109000004,778,1252,-474
109000005,2041,241,1800
109000006,966,558,408
109000007,2236,398,1838
109000008,1131,759,372
109000009,3555,710,2845
109000010,678,986,-308
109000011,6388,1258,5130
109000012,1129,1165,-36
109000013,5573,4783,790
109000014,1178,659,519
109000015,3482,17062,-13580
109000016,1995,957,1038
109000017,3821,722,3099
109000018,828,847,-19
109000019,2745,983,1762
109000020,1112,938,174
109000023,258,10,248
109000024,3,115,-112
109000025,133,643,-510
109000026,426,199,227
109000027,46,369,-323
109000028,85,17,68
109000029,37,339,-302
109000030,18,207,-189
109000031,429,43,386
109000032,60,251,-191
109000033,598,107,491
109000034,30,51,-21
109000035,23,27,-4
109000036,54,195,-141
109000037,326,4089,-3763
109000038,182,99,83
109000039,1048,541,507
109000040,1356,13486,-12130
109000041,732,3137,-2405
109000042,685,1820,-1135
109000044,538,62,476
109000045,274,78,196
109000046,422,26,396
109000047,83,145,-62
109000048,284,371,-87
109000049,99,238,-139
109000050,332,199,133
109000051,170,67,103
109000052,297,253,44
109000053,4136,94,4042
109000054,64,140,-76
109000055,272,92,180
109000056,182,127,55
109000057,1098,405,693
109000058,237,78,159
109000059,81,1070,-989
109000060,151,462,-311
109000061,186,1650,-1464
109000062,121,319,-198
109000063,127,26,101
109000064,721,48,673
109000065,342,87,255
109000066,523,33,490
109000067,62,76,-14
109000068,379,6,373
109000069,432,17,415
109000070,7,601,-594
109000071,268,19,249
109000072,44,172,-128
109000073,127,35,92
109000074,8,75,-67
109000075,60,87,-27
109000076,91,295,-204
109000077,250,90,160
109000078,145,74,71
109000079,116,54,62
109000080,418,43,375
109000081,160,145,15
109000082,994,72,922
109000083,213,152,61
109000088,152,131,21
109000089,292,60,232
109000090,90,104,-14
109000091,633,32,601
109000092,84,94,-10
109000093,378,56,322
109000094,1246,5,1241
109000095,214,136,78
109000096,1243,130,1113
109000097,69,40,29
109000098,52,44,8
109000099,726,90,636
109000100,429,194,235
109000101,2178,137,2041
109000102,481,190,291
109000103,2023,236,1787
109000104,3212,118,3094
109000105,416,231,185
109000106,1940,175,1765
109000107,430,397,33
109000108,2708,235,2473
109000109,344,349,-5
109000110,1519,208,1311
109000111,377,578,-201
109000112,191,61,130
109000113,242,157,85
109000114,36,117,-81
109000115,613,46,567
109000116,13,521,-508
109000117,233,15,218
109000118,6,124,-118
109000119,2727,35,2692
109000120,643,163,480
109000121,1365,36,1329
109000122,531,133,398
109000123,96,64,32
109000124,1214,175,1039
109000125,895,178,717
109000126,480,191,289
109000127,3371,124,3247
109000128,560,249,311
109000129,4212,258,3954
109000130,335,301,34
109000131,1856,831,1025
109000132,258,620,-362
109000133,99,255,-156
109000134,293,317,-24
109000135,348,320,28
109000136,166,140,26
109000137,369,142,227
109000138,275,91,184
109000139,604,183,421
109000140,97,171,-74
109000141,1586,211,1375
109000142,85,258,-173
109000143,105,33,72
109000145,58,244,-186
109000146,62,35,27
109000148,830,1346,-516
109000149,11,59,-48
109000150,67,111,-44
109000155,1030,749,281
109000156,665,128,537
109000158,42,166,-124
109000159,82,151,-69
109000160,1957,95,1862
109000161,822,479,343
109000162,2295,173,2122
109000163,1397,313,1084
109000164,1601,712,889
109000165,1581,256,1325
109000166,1447,40,1407
109000167,94,152,-58
109000170,23,13,10
109000171,129,13,116
109000172,6,59,-53
109000173,1,184,-183
109000174,436,24,412
109000175,77,148,-71
109000176,533,110,423
109000177,31,41,-10
109000178,1332,96,1236
109000179,1422,6971,-5549
109000180,1665,2729,-1064
109000181,46,2,44
109000182,49,4,45
109000183,85,0,85
109000184,90,7,83
109000185,25,4,21
109000188,174,958,-784
109000189,3637,1006,2631
109000190,925,165,760
109000191,235,491,-256
109000192,758,44,714
109000193,223,67,156
109000194,374,26,348
109000195,305,24,281
109000196,240,18,222
109000197,195,91,104
109000198,387,32,355
109000199,156,105,51
109000206,177,15,162
109000207,283,9,274
109000208,105,74,31
109000209,115,60,55
109000210,91,147,-56
109000211,2199,242,1957
109000214,359,187,172
109000215,111,24,87
109000216,367,417,-50
109000217,62,51,11
109000218,287,178,109
109000221,131,245,-114
109000222,569,85,484
109000223,741,294,447
109000224,143,40,103
109000225,373,8,365
109000226,98,65,33
109000227,2528,133,2395
109000228,0,224,-224
109000231,0,56,-56
109000232,1073,90,983
109000236,159,234,-75
109000241,1562,336,1226
109000242,1289,192,1097
109000293,129,110,19
109000361,215,92,123
109000364,48,139,-91
109000396,3,92,-89
109000397,786,21,765
109000399,79,126,-47
109000400,60,84,-24
109000403,19,2006,-1987
109000406,955,1,954
109000407,124,41,83
109000408,0,125,-125
109000410,579,129,450
109000411,416,28,388
109000412,0,49,-49
109900001,189,0,189
109900002,1138,16,1122
109900003,952,0,952
109900005,18,0,18
109900006,825,64,761
109900007,2032,78,1954
109900008,0,5,-5
109900009,86,192,-106
109900010,879,39,840
109900011,4,7,-3
109900012,452,106,346
109900013,508,46,462
109900014,177,92,85
109900015,68,20,48
109900016,123,3,120
109900017,201,55,146
109900018,135,20,115
109900019,116,44,72
109900020,42,29,13
109900021,19,1,18
109900022,122,36,86
109900023,19,4,15
109900024,16,0,16
109900025,3,7,-4
109900027,9,2,7
109900028,293,3503,-3210
109900029,0,84,-84
109900030,37,12,25
109900031,1,663,-662
109900032,0,67,-67
109900033,1,156,-155
109900034,5,11,-6
109900035,202,181,21
109900036,5,22,-17
109900037,4,153,-149
109900038,91,56,35
109900039,2,0,2
109900040,27,94,-67
109900041,11,105,-94
109900042,31,213,-182
109900044,71,93,-22
109900045,77,3,74
109900046,233,38,195
109900047,144,84,60
109900048,5,27,-22
109900049,36,12,24
109900050,1,7,-6
109900051,0,1,-1
109900052,74,50,24
109900053,1,21,-20
109900054,1515,42,1473
109900055,207,39,168
109900056,15,127,-112
109900057,2,61,-59
109900058,1,28,-27
109900060,1163,33,1130
109900061,70,38,32
109900062,0,51,-51
109900064,776,39,737
109900065,17,21,-4
109900066,47,172,-125
109900067,0,57,-57
109900068,118,0,118
109900069,0,17,-17
109900071,0,3,-3
109900072,7,36,-29
109900073,681,85,596
109900074,3,12,-9
109900075,44,13,31
109900076,45,64,-19
109900077,3,21,-18
109900078,15,35,-20
109900080,74,36,38
109900081,0,93,-93
109900082,52,55,-3
109900083,9,8,1
109900084,27,109,-82
109900085,65,105,-40
109900086,86,1744,-1658
109900087,10,189,-179
109900089,669,102,567
109900092,182,64,118
109900093,1266,122,1144
109900094,73,35,38
109900095,45,87,-42
109900096,213,1,212
109900097,216,0,216
109900098,936,14,922
109900099,786,4,782
109900100,124,0,124
109900101,1280,4,1276
109900102,564,16,548
109900103,41,67,-26
109900104,1715,57,1658
109900105,643,12,631
109900106,475,12,463
109900107,569,15,554
109900108,66,46,20
109900109,14,17,-3
109900111,26,186,-160
109900114,254,873,-619
109900115,192,37,155
109900117,2010,55,1955
109900121,94,69,25
109900123,27,20,7
109900125,0,31,-31
109900126,557,3,554
109900130,1618,4168,-2550
109900131,20,13,7
109900132,4,24,-20
109900134,30,51,-21
109900135,160,36,124
109900137,256,96,160
109900140,125,50,75
109900149,1,12,-11
109900150,0,1,-1
109900151,0,1,-1
109900152,0,3,-3
109900153,0,19,-19
109900154,15,0,15
109900155,36,29,7
109900157,8,52,-44
109900159,68,5,63
109900161,353,5,348
109900162,227,45,182
109900163,150,47,103
109900164,37,111,-74
109900165,322,2,320
109900166,1,169,-168
109900167,167,117,50
109900168,74,235,-161
109900169,187,110,77
109900170,164,1766,-1602
109900171,430,63,367
109900172,363,362,1
109900173,891,1995,-1104
109900174,19,40,-21
109900175,50,68,-18
109900176,71,43,28
109900177,32,18,14
109900178,1,85,-84
109900179,2,7,-5
109900180,1,0,1
110000001,404,160,244
110000002,509,334,175
110000003,352,344,8
110000004,223,324,-101
110000005,143,2360,-2217
110000006,296,154,142
110000007,56,29,27
110000008,8,370,-362
110000009,40,14,26
110000010,82,143,-61
110000011,49,26,23
110000012,205,114,91
110000013,34,793,-759
110000014,506,335,171
110000015,114,702,-588
110000016,201,1599,-1398
110000017,1567,188,1379
110000018,1567,274,1293
110000019,23,41,-18
110000020,860,384,476
110000021,100,89,11
110000022,1274,74,1200
110000023,4,68,-64
110000024,253,68,185
110000025,1869,13,1856
110000026,9,166,-157
110000027,534,1134,-600
110000028,1207,192,1015
110000029,290,233,57
110000030,367,421,-54
110000031,203,153,50
110000032,1176,64,1112
110000033,142,118,24
110000034,1048,252,796
110000035,410,268,142
110000036,1831,259,1572
110000037,163,117,46
110000038,376,880,-504
110000039,773,8287,-7514
110000040,221,262,-41
110000041,319,3043,-2724
110000042,67,276,-209
110000043,723,241,482
110000044,3,201,-198
110000045,87,73,14
110000046,6,137,-131
110000047,7,6,1
110000048,2,137,-135
110000049,3,17,-14
110000050,6,140,-134
110000051,34,12,22
110000052,59,40,19
110000053,13,3,10
110000054,35,333,-298
110000055,63,92,-29
110000056,37,97,-60
110000057,190,194,-4
110000058,655,236,419
110000059,442,255,187
110000060,1203,452,751
110000061,199,210,-11
110000062,404,370,34
110000063,75,442,-367
110000064,59,13,46
110000065,213,213,0
110000066,63,5,58
110000067,25,34,-9
110000068,259,23,236
110000069,870,8,862
110000071,1276,9,1267
110000073,56,0,56
110000075,72,11,61
110000076,442,522,-80
110000077,174,1700,-1526
110000078,95,7,88
110000080,206,132,74
110000081,6,122,-116
110000082,26,206,-180
110000083,151,155,-4
110000084,1437,628,809
110000085,440,555,-115
110000086,451,1626,-1175
110000087,38,19,19
110000088,203,109,94
110000089,460,58,402
110000090,256,126,130
110000091,386,56,330
110000092,21,23,-2
110000093,32,5,27
110000094,396,73,323
110000095,88,558,-470
110000096,620,2650,-2030
110000097,549,1636,-1087
110000098,1337,302,1035
110000099,933,1215,-282
110000100,2433,111,2322
110000101,316,66,250
110000102,70,46,24
110000104,274,80,194
110000105,56,96,-40
110000106,212,416,-204
110000107,114,114,0
110000108,128,165,-37
110000109,123,107,16
110000110,767,2149,-1382
110000111,1821,2430,-609
110000112,91,985,-894
110000113,54,3362,-3308
110000114,898,713,185
110000115,1032,106,926
110000116,102,52,50
110000117,564,99,465
110000118,966,99,867
110000119,770,70,700
110000120,349,105,244
110000121,80,392,-312
110000122,176,99,77
110000123,440,64,376
110000124,0,301,-301
110000125,463,5,458
110000126,148,8,140
110000127,816,5,811
110000128,6,236,-230
110000129,2,114,-112
110000130,260,78,182
110000131,33,97,-64
110000132,1,137,-136
110000133,10,418,-408
110000134,31,287,-256
110000135,224,20,204
110000136,45,82,-37
110000137,834,63,771
110000138,659,140,519
110000139,1764,154,1610
110000140,672,358,314
110000143,224,172,52
110000144,1073,965,108
110000145,1261,981,280
110000146,885,253,632
110000147,192,622,-430
110000148,890,144,746
110000151,388,804,-416
110000152,198,405,-207
110000153,376,17,359
110000154,28,65,-37
110000155,182,1053,-871
110000156,592,490,102
110000157,617,1589,-972
110000160,263,123,140
110000161,128,98,30
110000166,1080,54,1026
110000167,1875,589,1286
110000168,448,798,-350
110000169,532,185,347
110000170,126,38,88
110000171,369,47,322
110000172,324,218,106
110000173,284,333,-49
110000174,147,145,2
110000175,1712,70,1642
110000176,46,954,-908
110000177,197,2405,-2208
110000178,261,3444,-3183
110000179,432,206,226
110000180,402,215,187
110000181,1455,163,1292
110000182,180,81,99
110000183,2812,6634,-3822
110000184,134,3491,-3357
110000185,309,574,-265
110000186,314,1610,-1296
110000191,1541,44,1497
110000192,1030,13,1017
110000193,1561,8,1553
110000194,0,226,-226
110000195,658,64,594
110000196,624,78,546
110000197,106,27,79
110000198,54,23,31
110000199,54,56,-2
110000200,312,276,36
110000201,986,918,68
110000202,1030,321,709
110000203,164,156,8
110000204,1,80,-79
110000205,437,24,413
110000206,171,164,7
110000207,2108,111,1997
110000208,124,242,-118
110000209,16,72,-56
110000210,1456,269,1187
110000211,786,315,471
110000212,443,1448,-1005
110000213,549,18,531
110000214,487,36,451
110000215,151,46,105
110000216,158,81,77
110000217,767,67,700
110000218,299,37,262
110000219,620,25,595
110000220,19,65,-46
110000221,630,28,602
110000222,54,64,-10
110000223,19,58,-39
110000224,1,0,1
110000225,146,377,-231
110000226,274,15,259
110000227,327,565,-238
110000228,325,22,303
110000229,0,82,-82
110000230,467,413,54
110000231,279,445,-166
110000232,108,93,15
110000233,94,223,-129
110000234,218,140,78
110000235,484,507,-23
110000236,795,255,540
110000237,2340,869,1471
110000238,656,495,161
110000239,1998,474,1524
110000240,1,16,-15
110000242,0,4,-4
110000243,307,65,242
110000244,19,73,-54
110000245,8,116,-108
110000246,1536,211,1325
110000247,946,1071,-125
110000248,773,803,-30
110000249,153,5,148
110000250,10,123,-113
110000251,628,139,489
110000252,673,99,574
110000253,2374,233,2141
110000254,829,213,616
110000255,165,275,-110
110000256,509,75,434
110000257,237,104,133
110000258,1,220,-219
110000259,538,35,503
110000260,120,39,81
110000263,789,10,779
110000264,806,119,687
110000265,991,813,178
110000266,655,1035,-380
110000267,24,33,-9
110000268,123,85,38
110000269,3,15,-12
110000270,102,0,102
110000271,934,76,858
110000272,644,478,166
110000273,650,338,312
110000274,135,3830,-3695
110000275,837,611,226
110000276,221,974,-753
110000277,419,238,181
110000278,366,369,-3
110000279,734,194,540
110000280,877,172,705
110000281,100,94,6
110000282,98,7,91
110000283,14,39,-25
110000284,6,4,2
110000285,0,50,-50
110000286,21,0,21
110000287,71,5,66
110000288,0,22,-22
110000289,339,2934,-2595
110000290,193,773,-580
110000291,1441,679,762
110000292,370,9218,-8848
110000293,618,168,450
110000294,1846,2377,-531
110000295,95,220,-125
110000296,927,113,814
110000297,3206,168,3038
110000298,49,225,-176
110000299,211,35,176
110000301,467,23,444
110000302,659,593,66
110000303,1117,4,1113
110000304,269,127,142
110000305,1961,8,1953
110000306,490,400,90
110000307,3491,4,3487
110000308,481,0,481
110000309,6,253,-247
110000310,1046,5,1041
110000311,0,190,-190
110000312,548,34,514
110000313,2401,1298,1103
110000314,0,76,-76
110000315,711,823,-112
110000316,270,616,-346
110000317,101,300,-199
110000318,5,40,-35
110000319,7,9,-2
110000320,40,45,-5
110000321,69,22,47
110000322,162,202,-40
110000323,986,120,866
110000324,1434,922,512
110000325,974,4914,-3940
110000327,294,64,230
110000328,42,183,-141
110000333,1049,1395,-346
110000334,240,883,-643
110000335,644,184,460
110000336,331,674,-343
110000337,1860,383,1477
110000338,536,167,369
110000339,553,91,462
110000340,17,109,-92
110000341,704,136,568
110000342,34,0,34
110000343,0,1,-1
110000344,18,115,-97
110000345,87,122,-35
110000346,879,1441,-562
110000347,1022,278,744
110000348,22,8,14
110000349,8,5,3
110000350,92,0,92
110000351,1369,237,1132
110000352,468,1803,-1335
110000353,1600,225,1375
110000354,700,4020,-3320
110000355,234,16,218
110000356,161,3,158
110000357,932,13,919
110000361,37,6,31
110000362,334,17,317
110000363,915,43,872
110000364,408,123,285
110000365,75,0,75
110000366,0,78,-78
110000367,599,49,550
110000368,4,39,-35
110000369,69,0,69
110000373,1,211,-210
110000374,100,43,57
110000375,59,687,-628
110000376,8,22,-14
110000377,71,148,-77
110000378,4,276,-272
110000379,716,3113,-2397
110000380,136,2,134
110000383,0,400,-400
110000384,715,95,620
110000385,0,61,-61
110000387,217,1,216
110000388,47,87,-40
110000389,604,18,586
110000391,982,215,767
110000396,367,16,351
110000397,76,19,57
110000398,30,5,25
110000399,248,24,224
110000587,210,61,149
110000589,254,40,214
110000640,124,4,120
110000652,2,170,-168
110000653,428,84,344
110000654,2,315,-313
110000656,0,137,-137
110000674,52,7,45
110000675,1,15,-14
110000676,0,16,-16
110000679,35,829,-794
110000682,146,239,-93
110000683,266,80,186
110000684,0,12,-12
110000685,2,10,-8
110000686,0,89,-89
110000687,10,4,6
110000688,23,1750,-1727
110000689,37,1,36
110000692,12,70,-58
110000693,17,328,-311
110000694,0,74,-74
110000695,128,353,-225
110000696,49,10,39
110000698,55,324,-269
110000699,71,138,-67
110900001,322,13,309
110900002,263,26,237
110900003,2458,66,2392
110900004,723,18,705
110900005,595,5279,-4684
110900006,83,57,26
110900007,317,190,127
110900008,10,9,1
110900009,313,950,-637
110900010,2,3,-1
110900011,17,22,-5
110900012,16,17,-1
110900013,1163,46,1117
110900014,785,3,782
110900015,136,366,-230
110900016,109,32,77
110900017,688,15,673
110900018,342,7,335
110900019,919,11,908
110900020,322,27,295
110900021,112,114,-2
110900022,37,39,-2
110900023,6,105,-99
110900024,179,64,115
110900025,2,17,-15
110900027,22,29,-7
110900028,3,28,-25
110900029,15,29,-14
110900030,26,30,-4
110900031,10,67,-57
110900032,0,22,-22
110900033,1,56,-55
110900035,5,306,-301
110900036,222,0,222
110900037,160,0,160
110900038,177,40,137
110900039,2,160,-158
110900040,219,4,215
110900041,3,19,-16
110900042,79,26,53
110900043,0,16,-16
110900044,61,12,49
110900045,129,108,21
110900046,4,104,-100
110900047,82,445,-363
110900049,205,33,172
110900050,39,0,39
110900052,4,96,-92
110900053,152,6,146
110900054,31,47,-16
110900055,16,0,16
110900056,46,42,4
110900057,18,45,-27
110900058,285,32,253
110900059,206,105,101
110900060,258,20,238
110900061,11,8,3
110900062,178,47,131
110900063,10,45,-35
110900064,6,0,6
110900065,18,55,-37
110900066,2,19,-17
110900067,45,502,-457
110900068,98,32,66
110900069,5,3,2
110900070,79,32,47
110900071,74,1251,-1177
110900073,0,2,-2
110900074,944,79,865
110900075,820,33,787
110900077,1983,211,1772
110900078,185,21,164
110900079,525,489,36
110900080,198,28,170
110900081,24,9,15
110900082,163,38,125
110900083,128,7,121
110900084,237,16,221
110900085,0,33,-33
110900086,49,194,-145
110900087,373,35,338
110900088,1,0,1
110900090,22,85,-63
110900091,0,12,-12
110900093,226,30,196
110900095,37,6,31
110900097,25,17,8
110900098,6,7,-1
110900099,1,43,-42
110900100,0,7,-7
110900102,32,3,29
110900105,214,15,199
110900108,20,6,14
110900111,167,26,141
110900112,398,1,397
110900113,184,164,20
110900115,0,20,-20
110900116,2219,329,1890
110900118,41,4959,-4918
110900119,746,46,700
110900120,427,67,360
110900121,67,1,66
110900122,480,97,383
110900125,257,1044,-787
110900127,116,655,-539
110900128,56,273,-217
110900129,64,670,-606
110900130,168,215,-47
110900131,419,35,384
110900132,744,26,718
110900133,37,114,-77
110900135,4,62,-58
110900136,453,22,431
110900138,0,0,0
110900139,1,0,1
110900140,0,0,0
110900141,225,94,131
110900142,30,37,-7
110900143,406,14,392
110900144,0,107,-107
110900145,193,108,85
110900146,73,327,-254
110900147,17,124,-107
110900148,0,64,-64
110900149,4,11,-7
110900150,27,5,22
110900151,1,38,-37
110900152,25,28,-3
110900153,183,20,163
111000001,2065,861,1204
111000002,562,310,252
111000003,3984,1396,2588
111000004,721,735,-14
111000005,2037,1946,91
111000006,603,1427,-824
111000007,3143,7156,-4013
111000008,2177,3655,-1478
111000009,349,614,-265
111000010,1218,390,828
111000011,165,452,-287
111000012,359,393,-34
111000013,521,929,-408
111000014,2461,300,2161
111000017,19,520,-501
111000018,44,270,-226
111000020,184,596,-412
111000021,13,49,-36
111000023,89,121,-32
111000025,1668,4133,-2465
111000029,80,68,12
111000030,17,29,-12
111000031,1155,297,858
111000032,415,233,182
111000033,152,50,102
111000034,29,111,-82
111000037,759,245,514
111000038,1510,849,661
111000039,1283,625,658
111000040,1088,468,620
111000041,222,220,2
111000042,1188,1825,-637
111000043,1266,6893,-5627
111000044,1593,339,1254
111000045,3064,874,2190
111000046,2625,856,1769
111000047,2441,5788,-3347
111000049,275,196,79
111000050,566,324,242
111000051,434,408,26
111000052,309,850,-541
111000053,185,278,-93
111000054,209,365,-156
111000055,361,612,-251
111000056,195,225,-30
111000057,150,142,8
111000058,1007,53,954
111000059,691,252,439
111000060,5686,672,5014
111000061,981,173,808
111000062,1177,495,682
111000063,1025,1038,-13
111000064,972,256,716
111000065,1059,379,680
111000066,1115,198,917
111000067,1436,141,1295
111000068,1101,202,899
111000069,786,848,-62
111000070,591,217,374
111000071,43,76,-33
111000072,1363,630,733
111000073,186,2033,-1847
111000074,907,622,285
111000075,538,229,309
111000076,782,217,565
111000077,811,402,409
111000078,950,148,802
111000079,618,392,226
111000080,716,266,450
111000081,1089,6329,-5240
111000082,888,174,714
111000084,773,195,578
111000085,879,593,286
111000086,1056,595,461
111000087,710,329,381
111000088,1957,4706,-2749
111000089,744,453,291
111000090,251,455,-204
111000091,529,137,392
111000092,2393,418,1975
111000093,1310,896,414
111000094,1537,1078,459
111000095,1006,2671,-1665
111000096,536,7052,-6516
111000097,1172,425,747
111000098,139,285,-146
111000099,277,544,-267
111000100,342,348,-6
111000101,176,237,-61
111000102,254,149,105
111000104,1021,62,959
111000107,102,160,-58
111000109,1022,76,946
111000110,1288,290,998
111000111,4215,81,4134
111000112,2967,147,2820
111000113,582,2783,-2201
111000114,740,6170,-5430
111000115,1523,470,1053
111000116,592,337,255
111000117,187,423,-236
111000118,577,393,184
111000119,1850,269,1581
111000120,778,518,260
111000121,211,613,-402
111000122,273,230,43
111000123,788,547,241
111000124,103,804,-701
111000125,170,341,-171
111000126,64,207,-143
111000127,1482,56,1426
111000128,3765,150,3615
111000129,3961,189,3772
111000130,3689,149,3540
111000131,3501,187,3314
111000132,2856,2449,407
111000133,189,19,170
111000134,82,50,32
111000135,116,46,70
111000136,441,78,363
111000138,68,1,67
111000140,0,1,-1
111000141,143,181,-38
111000142,1,44,-43
111000143,2,185,-183
111000144,7,365,-358
111000145,30,9,21
111000146,148,0,148
111000147,75,15,60
111000148,110,56,54
111000149,3,31,-28
111000150,151,2,149
111000151,11,18,-7
111000153,182,122,60
111000154,191,46,145
111000155,61,43,18
111000156,400,153,247
111000157,172,278,-106
111000158,715,308,407
111000159,1530,435,1095
111000160,396,91,305
111000161,2,133,-131
111000162,1,31,-30
111000163,1099,590,509
111000164,323,2125,-1802
111000165,447,92,355
111000166,146,55,91
111000167,81,193,-112
111000168,136,174,-38
111000169,251,101,150
111000170,128,105,23
111000171,252,291,-39
111000172,147,141,6
111000173,275,309,-34
111000174,436,69,367
111000175,57,99,-42
111000176,1094,33,1061
111000177,1494,82,1412
111000178,2679,92,2587
111000179,607,31,576
111000180,255,166,89
111000181,2239,79,2160
111000182,228,57,171
111000183,303,191,112
111000184,351,57,294
111000185,222,70,152
111000186,141,182,-41
111000187,167,46,121
111000188,461,156,305
111000189,156,132,24
111000190,170,72,98
111000191,145,88,57
111000192,129,137,-8
111000193,190,100,90
111000194,37,134,-97
111000195,93,49,44
111000196,72,14,58
111000197,1063,64,999
111000198,849,24,825
111000199,527,423,104
111000200,1089,797,292
111000201,1215,46,1169
111000202,506,54,452
111000203,572,258,314
111000204,247,1947,-1700
111000213,290,242,48
111000214,1033,400,633
111000215,959,336,623
111000217,1502,114,1388
111000218,2281,306,1975
111000219,181,55,126
111000220,444,375,69
111000221,159,16,143
111000224,42,134,-92
111000225,441,413,28
111000226,99,2,97
111000227,15,1,14
111000228,17,590,-573
111000229,9,1600,-1591
111000230,91,61,30
111000231,727,85,642
111000232,764,579,185
111000233,2530,245,2285
111000234,304,437,-133
111000239,39,16,23
111000240,60,565,-505
111000241,81,107,-26
111000242,371,21,350
111000243,191,155,36
111000244,1388,102,1286
111000245,493,186,307
111000246,715,96,619
111000247,617,140,477
111000248,676,122,554
111000249,378,111,267
111000250,52,27,25
111000251,100,41,59
111000253,12,14,-2
111000255,62,3,59
111000257,72,5,67
111000260,34,335,-301
111000261,2451,52,2399
111000271,29,116,-87
111000273,1662,561,1101
111000274,834,2445,-1611
111000275,185,14,171
111000276,120,361,-241
111000277,254,90,164
111000278,218,62,156
111000291,1914,15005,-13091
111000298,404,68,336
111000299,731,74,657
111000300,31,206,-175
111000302,393,18,375
111000303,83,60,23
111000312,63,25,38
111000315,10,95,-85
111000320,176,98,78
111000321,482,119,363
111000322,477,94,383
111000323,539,27,512
111000324,146,41,105
111000325,27,24,3
111000326,69,95,-26
111000327,258,161,97
111000328,411,427,-16
111000329,0,9,-9
111000330,294,4,290
111000331,53,4,49
111000332,197,358,-161
111000334,86,512,-426
111000335,1770,167,1603
111000337,2997,122,2875
111000338,173,16,157
111000339,1142,52,1090
111000340,55,321,-266
111000341,2436,1564,872
111000342,59,288,-229
111000344,1162,183,979
111000345,30,62,-32
111000346,44,53,-9
111000347,266,4,262
111000350,116,64,52
111000351,87,185,-98
111000352,153,27,126
111000353,184,57,127
111000354,571,67,504
111000355,364,139,225
111000358,124,201,-77
111000360,211,54,157
111000361,228,47,181
111000546,1306,108,1198
111000547,516,62,454
111000548,294,102,192
111000549,276,26,250
111000550,13,1247,-1234
111000551,158,23,135
111000552,396,76,320
111000907,3554,50,3504
111000908,41,0,41
111000916,3466,117,3349
111000917,63,244,-181
111000918,164,162,2
111000920,1553,6,1547
111000921,0,67,-67
111000922,1625,39,1586
111000924,35,136,-101
111000925,5242,1923,3319
111000926,1077,696,381
111000927,1709,4298,-2589
111000928,2148,738,1410
111000929,1910,424,1486
111000930,1060,1075,-15
111000931,1603,558,1045
111000932,1330,579,751
111000933,2254,2212,42
111000934,625,597,28
111000935,3190,764,2426
111000936,742,502,240
111000937,1444,953,491
111000938,681,516,165
111000939,1081,20,1061
111000940,1451,11,1440
111000941,559,68,491
111000943,906,73,833
111000944,145,65,80
111000945,414,293,121
111001109,317,811,-494
111001110,118,127,-9
111001111,266,0,266
111001112,55,1,54
111001113,1,171,-170
111001114,497,140,357
111001115,14,784,-770
111001116,1118,7780,-6662
111001117,245,3620,-3375
111001120,137,67,70
111001121,112,69,43
111001122,397,105,292
111001123,807,45,762
111001124,208,48,160
111001125,49,1067,-1018
111001126,11,0,11
111001127,1,22,-21
111001128,1842,237,1605
111001129,3,1249,-1246
111900001,8,16,-8
111900002,0,52,-52
111900003,0,57,-57
111900004,0,34,-34
111900006,36,98,-62
111900007,464,0,464
111900008,572,0,572
111900009,592,0,592
111900010,18,65,-47
111900012,21,18,3
111900013,7,8,-1
111900014,686,7113,-6427
111900015,0,5,-5
111900016,0,23,-23
111900017,0,6,-6
111900018,251,0,251
111900019,25,120,-95
111900020,0,11,-11
111900021,4,21,-17
111900022,15,16,-1
111900023,40,4,36
111900024,730,108,622
111900025,0,46,-46
111900026,0,36,-36
111900027,0,19,-19
111900028,3,45,-42
111900029,0,17,-17
111900030,8,87,-79
111900032,1,48,-47
111900033,0,14,-14
111900034,14,71,-57
111900035,74,282,-208
111900036,0,32,-32
111900038,14,116,-102
111900039,13,81,-68
111900040,0,58,-58
111900042,4,6,-2
111900043,0,87,-87
111900044,25,54,-29
111900046,7,9,-2
111900048,679,54,625
111900049,2,36,-34
111900050,224,10,214
111900051,2,53,-51
111900052,43,30,13
111900053,364,2809,-2445
111900054,464,0,464
111900055,0,65,-65
111900056,58,263,-205
111900057,216,10,206
111900058,1049,249,800
111900059,557,856,-299
111900060,199,3,196
111900061,2,27,-25
111900062,74,54,20
111900063,290,54,236
111900064,2,28,-26
111900065,242,10,232
111900066,105,110,-5
111900067,1,57,-56
111900068,47,156,-109
111900069,121,8,113
111900070,330,11,319
111900071,0,19,-19
111900072,29,69,-40
111900073,1311,138,1173
111900074,1,81,-80
111900075,46,4,42
111900076,458,56,402
111900077,11,1,10
111900078,605,52,553
111900079,37,53,-16
111900080,62,65,-3
111900082,386,71,315
111900083,504,59,445
111900084,202,7,195
111900085,28,12,16
111900086,211,15,196
111900087,247,0,247
111900088,1095,42,1053
111900089,25,0,25
111900090,32,80,-48
111900091,1019,11,1008
111900092,287,1,286
111900093,750,27,723
111900094,32,0,32
111900095,681,26,655
111900096,326,0,326
111900097,107,0,107
111900098,515,12,503
111900099,9,0,9
111900100,152,8,144
111900101,385,3,382
111900102,1186,98,1088
111900103,82,78,4
111900104,52,13,39
111900105,87,158,-71
111900106,132,2,130
111900110,672,65,607
111900111,109,0,109
111900112,78,5634,-5556
111900113,138,50,88
111900118,578,48,530
111900119,145,57,88
111900122,18,21,-3
111900123,7,10,-3
111900124,4,11,-7
111900125,1071,87,984
111900126,812,0,812
111900127,0,64,-64
111900128,9,112,-103
111900129,376,3,373
111900130,32,29,3
111900131,798,0,798
111900132,4,216,-212
111900133,18,86,-68
111900134,1,23,-22
111900135,4,13,-9
111900136,52,62,-10
111900137,39,10,29
111900138,10,33,-23
111900139,3,18,-15
111900140,131,36,95
111900141,121,1,120
111900142,92,7,85
111900143,304,23,281
111900144,24,22,2
111900145,1,83,-82
111900146,0,30,-30
111900147,20,148,-128
111900148,5,106,-101
111900149,4,59,-55
111900150,0,17,-17
111900151,3,11,-8
111900152,49,39,10
111900153,248,621,-373
111900154,16,947,-931
111900155,80,370,-290
111900156,36,32,4
111900157,299,22,277
111900158,718,59,659
111900159,783,88,695
111900160,423,3,420
111900161,537,3,534
111900162,218,539,-321
111900163,2,38,-36
111900164,94,15,79
111901113,1439,31,1408
111901114,380,279,101
111901115,413,1,412
111901116,82,2,80
111901117,30,100,-70
111901118,2,712,-710
111901119,96,6,90
111901121,1,24,-23
111901122,6,50,-44
111901123,521,35,486
111901124,386,3,383
111901125,1308,156,1152
111901127,313,1203,-890
111901128,4,12,-8
111901129,0,25,-25
111901130,2,28,-26
111901131,0,63,-63
111901132,154,41,113
111901133,254,1,253
111901134,434,0,434
111901135,80,6,74
111901138,4,17,-13
111901139,0,18,-18
111901140,1,24,-23
111901141,3,38,-35
111901142,0,30,-30
111901143,0,33,-33
111901144,54,17,37
111901145,32,361,-329
111901146,10,13,-3
111901147,131,0,131
111901148,5,118,-113
111901149,105,3,102
111901150,309,0,309
111901151,420,0,420
111901152,1,2,-1
112000001,2881,550,2331
112000002,750,1587,-837
112000003,4354,678,3676
112000004,1263,153,1110
112000005,4218,4357,-139
112000006,455,270,185
112000007,3739,2639,1100
112000008,3215,3075,140
112000009,1870,630,1240
112000010,3323,3968,-645
112000011,1086,513,573
112000012,2236,3801,-1565
112000013,974,1157,-183
112000014,505,2787,-2282
112000015,822,2293,-1471
112000016,1415,2280,-865
112000017,201,3193,-2992
112000024,269,106,163
112000026,995,774,221
112000027,429,457,-28
112000028,370,585,-215
112000029,464,523,-59
112000030,98,12,86
112000031,731,2686,-1955
112000032,79,2,77
112000033,1054,3163,-2109
112000034,79,10,69
112000035,22,561,-539
112000036,99,1057,-958
112000037,390,599,-209
112000038,595,847,-252
112000039,122,18,104
112000040,36,65,-29
112000041,178,199,-21
112000042,452,60,392
112000050,905,580,325
112000051,886,2316,-1430
112000054,860,874,-14
112000057,552,50,502
112000058,130,140,-10
112000059,393,279,114
112000061,1428,304,1124
112000062,280,691,-411
112000063,133,2833,-2700
112000064,1309,1072,237
112000065,495,465,30
112000066,2233,852,1381
112000067,262,230,32
112000068,2694,1562,1132
112000069,410,887,-477
112000070,840,570,270
112000071,890,809,81
112000072,3099,387,2712
112000073,746,1392,-646
112000074,869,886,-17
112000075,1409,1052,357
112000076,2266,1136,1130
112000077,1061,257,804
112000078,2021,339,1682
112000079,1773,666,1107
112000080,734,253,481
112000081,594,660,-66
112000082,1177,190,987
112000083,693,444,249
112000084,1099,307,792
112000085,1752,269,1483
112000086,2411,389,2022
112000087,1114,131,983
112000088,1072,123,949
112000089,237,148,89
112000090,137,84,53
112000091,331,197,134
112000092,2189,327,1862
112000093,1064,219,845
112000094,513,303,210
112000095,751,146,605
112000096,686,235,451
112000097,3254,265,2989
112000098,154,288,-134
112000099,825,2152,-1327
112000100,2992,262,2730
112000101,544,123,421
112000102,2702,215,2487
112000103,418,188,230
112000105,497,285,212
112000106,4909,205,4704
112000107,521,115,406
112000108,1440,368,1072
112000109,787,43,744
112000110,2866,441,2425
112000111,302,656,-354
112000112,1925,146,1779
112000113,605,434,171
112000114,2806,435,2371
112000115,375,126,249
112000116,591,150,441
112000117,1179,315,864
112000118,338,291,47
112000119,220,182,38
112000120,37,88,-51
112000121,239,85,154
112000122,757,57,700
112000123,1149,41,1108
112000124,760,73,687
112000125,446,192,254
112000126,1106,176,930
112000127,1444,1315,129
112000128,465,256,209
112000129,103,19,84
112000130,496,51,445
112000131,44,74,-30
112000132,243,70,173
112000133,686,35,651
112000134,528,123,405
112000135,1274,325,949
112000136,763,591,172
112000137,1533,700,833
112000138,891,387,504
112000139,484,451,33
112000140,171,353,-182
112000141,1123,182,941
112000142,132,220,-88
112000143,1435,61,1374
112000144,233,299,-66
112000145,3293,198,3095
112000146,343,422,-79
112000147,2912,886,2026
112000148,530,400,130
112000149,495,255,240
112000150,741,125,616
112000151,343,79,264
112000152,881,132,749
112000153,92,45,47
112000154,162,464,-302
112000155,98,55,43
112000157,285,581,-296
112000158,214,72,142
112000159,1614,114,1500
112000167,392,230,162
112000169,155,950,-795
112000173,1201,76,1125
112000175,614,96,518
112000176,400,583,-183
112000177,1390,318,1072
112000178,24,73,-49
112000179,406,22,384
112000180,338,91,247
112000181,534,281,253
112000182,1974,157,1817
112000183,14,5,9
112000184,364,97,267
112000185,1325,102,1223
112000187,3057,1745,1312
112000195,183,5,178
112000196,58,0,58
112000197,48,56,-8
112000198,20,47,-27
112000199,395,246,149
112000202,976,1,975
112000216,43,71,-28
112000230,135,0,135
112000231,0,47,-47
112000256,45,249,-204
112000313,88,13,75
112000314,55,53,2
112000337,80,398,-318
112000352,56,136,-80
112000392,1464,337,1127
112000398,2174,464,1710
112000399,1016,4569,-3553
112000400,523,617,-94
112000401,601,719,-118
112000402,3728,3389,339
112000403,886,7472,-6586
112000404,1635,818,817
112000405,3322,1772,1550
112000406,1269,536,733
112000407,8743,5280,3463
112000408,2310,865,1445
112000409,832,677,155
112000410,68,224,-156
112000411,882,1261,-379
112000412,167,70,97
112000413,1538,6127,-4589
112000414,156,13,143
112000415,202,2,200
112000416,4523,598,3925
112000417,205,43,162
112000421,101,13,88
112000422,161,77,84
112000424,812,3272,-2460
112000425,191,55,136
112000426,571,226,345
112000427,1,22,-21
112000428,398,135,263
112000429,1464,1085,379
112000430,1783,2362,-579
112000431,161,136,25
112000432,452,294,158
112000433,202,207,-5
112000437,34,35,-1
112900001,69,0,69
112900002,867,53,814
112900003,48,25,23
112900004,53,38,15
112900005,369,27,342
112900007,9,9,0
112900008,0,49,-49
112900009,299,140,159
112900010,408,113,295
112900011,27,94,-67
112900012,0,1,-1
112900013,0,83,-83
112900014,7,39,-32
112900015,26,160,-134
112900016,3,38,-35
112900017,14,32,-18
112900018,655,118,537
112900019,8,54,-46
112900020,81,187,-106
112900021,3,67,-64
112900022,3,12,-9
112900023,23,18,5
112900024,43,41,2
112900025,20,24,-4
112900026,0,16,-16
112900027,1,130,-129
112900028,17,28,-11
112900029,6,69,-63
112900030,26,29,-3
112900031,0,132,-132
112900032,105,67,38
112900034,0,10,-10
112900035,0,19,-19
112900036,1,35,-34
112900037,115,190,-75
112900038,763,18,745
112900039,0,122,-122
112900040,0,133,-133
112900041,229,473,-244
112900042,10,77,-67
112900043,37,19,18
112900044,71,29,42
112900045,46,70,-24
112900046,31,26,5
112900047,4,1,3
112900049,477,18,459
112900050,6,101,-95
112900051,29,76,-47
112900052,22,169,-147
112900053,70,110,-40
112900054,48,36,12
112900055,8,2,6
112900056,94,91,3
112900057,83,222,-139
112900058,200,562,-362
112900059,67,150,-83
112900060,28,27,1
112900061,29,38,-9
112900062,109,16,93
112900063,9,21,-12
112900064,23,35,-12
112900065,17,1,16
112900066,167,267,-100
112900067,195,32,163
112900068,40,117,-77
112900069,557,1219,-662
112900071,25,26,-1
112900072,24,5519,-5495
112900073,439,218,221
112900074,227,447,-220
112900075,363,1502,-1139
112900076,2,19,-17
112900078,158,774,-616
112900079,191,8,183
112900080,198,3,195
112900081,35,460,-425
112900082,590,7,583
112900083,191,154,37
112900084,357,324,33
112900086,139,0,139
112900087,1842,147,1695
112900088,421,2,419
112900089,899,10,889
112900090,131,87,44
112900091,509,10,499
112900092,66,838,-772
112900093,976,22,954
112900095,139,0,139
112900096,704,160,544
112900097,57,45,12
112900098,106,0,106
112900099,1397,4,1393
112900100,130,2,128
112900101,424,4,420
112900102,69,32,37
112900103,301,6,295
112900104,1283,8,1275
112900105,48,0,48
112900106,489,69,420
112900107,1,3,-2
112900108,0,0,0
112900109,206,0,206
112900110,1804,16,1788
112900111,998,6,992
112900112,530,2,528
112900113,0,2,-2
112900114,495,1,494
112900115,2402,2,2400
112900116,84,0,84
112900117,34,21,13
112900118,0,14,-14
112900119,422,8,414
112900120,222,83,139
112900121,9,26,-17
112900122,2,23,-21
112900123,246,22,224
112900124,1,19,-18
112900125,13,92,-79
112900126,18,36,-18
112900127,509,17,492
112900128,39,115,-76
112900129,0,155,-155
112900130,166,31,135
112900131,9,98,-89
112900132,62,135,-73
112900133,5,275,-270
112900134,0,56,-56
112900135,75,26,49
112900137,16,159,-143
112900138,0,37,-37
112900139,14,201,-187
112900141,725,2,723
112900142,56,255,-199
112900143,2,190,-188
112900144,18,268,-250
112900145,2,128,-126
112900146,22,107,-85
112900147,0,218,-218
112900148,23,6,17
112900149,71,121,-50
112900151,13,22,-9
112900152,1031,99,932
112900153,102,3670,-3568
112900154,0,28,-28
112900155,74,3,71
112900156,1205,220,985
112900157,325,8,317
112900158,99,5,94
112900159,73,262,-189
112900160,10,34,-24
112900161,225,12,213
112900162,0,9,-9
112900163,10,54,-44
112900164,18,196,-178
112900165,17,12,5
112900166,5,39,-34
112900167,7,253,-246
112900168,0,3,-3
112900169,2,12,-10
112900170,101,10,91
112900172,8,21,-13
112900173,44,71,-27
112900174,284,38,246
112900175,108,182,-74
112900176,6,54,-48
112900177,269,47,222
112900178,229,3652,-3423
112900179,7,105,-98
112900180,2017,571,1446
112900181,1046,24,1022
112900182,83,129,-46
112900183,50,77,-27
112900184,101,123,-22
112900185,15,138,-123
112900186,312,340,-28
112900187,33,189,-156
112900188,347,1044,-697
112900189,10,0,10
112900190,0,0,0
112900192,333,243,90
112900193,438,101,337
112900194,26,0,26
112900195,394,11,383
112900196,240,123,117
112900197,11,139,-128
112900199,540,40,500
112900200,460,20,440
112900201,166,131,35
112900202,627,198,429
112900203,330,47,283
112900204,114,105,9
112900205,41,0,41
112900206,53,21,32
112900207,4,0,4
112900208,33,921,-888
112900209,47,69,-22
112900210,1,15,-14
112900211,23,7,16
112900212,1,43,-42
112900213,59,30,29
112900214,6,17,-11
112900215,7,5,2
112900216,11,15,-4
112900217,2,32,-30
112900218,120,0,120
112900219,194,0,194
112900220,0,0,0
112900221,7,27,-20
112900222,0,53,-53
112900223,726,32,694
112900224,1179,93,1086
112900225,753,32,721
112900226,37,113,-76
112900227,416,39,377
112900228,70,8,62
112900229,457,9,448
112900230,3798,1468,2330
112900232,179,196,-17
112900233,65,22,43
112900234,73,0,73
112900235,9,0,9
112900236,1051,12,1039
112900237,1047,76,971
112900238,1,0,1
112900239,220,401,-181
112900240,4,6,-2
112900241,6,25,-19
112900242,3,24,-21
112900243,21,59,-38
112900244,0,41,-41
112900245,1,11,-10
112900246,1,1,0
112900247,33,11,22
112900248,0,0,0
112900249,31,2,29
112900250,177,3,174
112900251,383,2,381
112900252,406,3,403
112900253,209,1,208
112900254,32,5,27
112900255,47,39,8
112900256,0,27,-27
112900257,27,6,21
112900258,113,2,111
113000001,3545,2656,889
113000002,5361,2441,2920
113000003,1466,856,610
113000004,2324,955,1369
113000005,1381,747,634
113000006,1702,781,921
113000007,1888,707,1181
113000008,2047,765,1282
113000009,1108,341,767
113000010,2065,422,1643
113000011,782,494,288
113000012,921,544,377
113000013,305,316,-11
113000014,479,663,-184
113000015,32,71,-39
113000016,191,275,-84
113000017,33,265,-232
113000018,452,19,433
113000019,62,100,-38
113000020,149,7,142
113000021,1636,520,1116
113000022,721,1840,-1119
113000025,74,139,-65
113000026,661,403,258
113000027,583,410,173
113000028,257,699,-442
113000029,328,332,-4
113000030,88,240,-152
113000031,84,111,-27
113000032,96,54,42
113000033,91,89,2
113000034,61,47,14
113000035,9,1,8
113000036,17,25,-8
113000037,32,14,18
113000038,14,30,-16
113000039,18,158,-140
113000040,24,42,-18
113000042,735,361,374
113000051,1694,2179,-485
113000052,1785,187,1598
113000053,556,223,333
113000054,656,635,21
113000055,2064,191,1873
113000056,2055,602,1453
113000058,244,652,-408
113000059,847,182,665
113000060,366,541,-175
113000061,696,614,82
113000062,221,186,35
113000063,364,17,347
113000064,126,96,30
113000065,119,242,-123
113000066,1160,57,1103
113000067,3169,268,2901
113000068,350,295,55
113000069,433,200,233
113000070,2539,188,2351
113000071,427,167,260
113000072,1177,184,993
113000073,229,367,-138
113000074,759,384,375
113000075,1284,513,771
113000076,321,1503,-1182
113000077,379,330,49
113000078,168,674,-506
113000079,218,346,-128
113000080,457,469,-12
113000081,596,534,62
113000082,461,183,278
113000083,548,538,10
113000084,893,478,415
113000085,932,404,528
113000086,383,552,-169
113000087,936,801,135
113000088,702,690,12
113000089,659,988,-329
113000090,41,517,-476
113000091,86,222,-136
113000094,1367,122,1245
113000095,259,197,62
113000096,122,188,-66
113000097,867,131,736
113000098,34,41,-7
113000099,1013,210,803
113000100,102,177,-75
113000101,101,266,-165
113000102,515,262,253
113000103,2474,173,2301
113000104,617,2026,-1409
113000105,994,233,761
113000106,395,111,284
113000107,1112,481,631
113000108,1006,389,617
113000109,404,582,-178
113000110,4785,484,4301
113000111,302,252,50
113000112,1226,238,988
113000113,1502,190,1312
113000114,103,478,-375
113000116,214,92,122
113000117,349,32,317
113000118,30,816,-786
113000119,191,175,16
113000120,32,336,-304
113000121,276,438,-162
113000124,302,73,229
113000125,2,1014,-1012
113000127,668,64,604
113000128,1227,55,1172
113000129,149,556,-407
113000133,1154,168,986
113000134,3,1837,-1834
113000135,3595,3483,112
113000137,464,1626,-1162
113000139,136,55,81
113000140,44,27,17
113000141,26,13,13
113000142,103,104,-1
113000143,228,39,189
113000144,118,83,35
113000145,87,76,11
113000146,53,5,48
113000147,132,21,111
113000148,289,25,264
113000149,175,84,91
113000150,167,143,24
113000151,23,19,4
113000152,51,186,-135
113000153,431,114,317
113000154,163,1313,-1150
113000155,259,568,-309
113000156,78,72,6
113000157,150,113,37
113000158,360,44,316
113000159,723,89,634
113000160,211,106,105
113000161,234,40,194
113000162,673,48,625
113000163,33,18,15
113000164,23,15,8
113000166,279,10,269
113000167,54,29,25
113000168,100,20,80
113000169,246,15,231
113000170,99,24,75
113000171,23,30,-7
113000172,241,9,232
113000173,106,11,95
113000174,103,65,38
113000175,458,27,431
113000176,704,57,647
113000177,137,30,107
113000178,119,76,43
113000179,330,20,310
113000180,636,1135,-499
113000181,1471,728,743
113000182,51,481,-430
113000183,131,457,-326
113000184,6,32,-26
113000189,145,217,-72
113000190,149,72,77
113000192,417,2497,-2080
113000193,921,2112,-1191
113000194,734,1766,-1032
113000195,1003,1268,-265
113000196,636,56,580
113000197,872,1947,-1075
113000198,141,281,-140
113000199,1906,240,1666
113000201,837,304,533
113000202,6338,1444,4894
113000203,60,501,-441
113000204,387,2848,-2461
113000205,3,14,-11
113000206,27,13,14
113000207,58,10,48
113000208,34,16,18
113000209,15,20,-5
113000210,6,16,-10
113000211,25,116,-91
113000212,10,2,8
113000213,37,58,-21
113000214,175,192,-17
113000234,187,178,9
113000410,9,153,-144
113000411,594,684,-90
113000412,3578,641,2937
113000413,404,903,-499
113000414,2403,10594,-8191
113000415,1115,554,561
113000416,878,814,64
113000417,270,632,-362
113000418,3741,1900,1841
113000419,855,747,108
113000420,1629,3707,-2078
113000421,3253,4139,-886
113000422,4033,5865,-1832
113000423,434,2112,-1678
113000424,681,6520,-5839
113000425,2,96,-94
113000428,0,11,-11
113000430,0,13,-13
113000432,3123,87,3036
113000433,27,247,-220
113000434,12,124,-112
113000435,9,76,-67
113000436,5,283,-278
113000437,1724,40,1684
113000438,563,12,551
113000439,86,11,75
113000440,192,28,164
113000441,245,149,96
113000442,304,22,282
113000443,512,47,465
113000444,756,16,740
113000445,47,19,28
113000446,40,154,-114
113000448,301,411,-110
113000449,100,1102,-1002
113000450,496,4705,-4209
113000451,2870,664,2206
113000452,42,906,-864
113000453,18,553,-535
113000454,169,194,-25
113000455,7,667,-660
113000456,398,685,-287
113000468,351,50,301
113000469,31,113,-82
113000470,260,10,250
113000471,2,367,-365
113000472,71,94,-23
113000474,1446,446,1000
113000475,872,430,442
113000476,3099,1383,1716
113000477,3698,1062,2636
113000478,1584,1368,216
113000479,117,131,-14
113000483,0,0,0
113000484,0,0,0
113000485,0,0,0
113000486,0,0,0
113000487,0,0,0
113000488,0,0,0
113000489,0,0,0
113000490,0,0,0
113000491,0,0,0
113000492,0,0,0
113000493,0,0,0
113000495,259,39,220
113000496,79,126,-47
113900001,5,1618,-1613
113900002,3,44,-41
113900003,0,138,-138
113900004,0,239,-239
113900005,1,456,-455
113900006,2,235,-233
113900007,0,0,0
113900008,0,0,0
113900009,0,0,0
113900010,0,0,0
113900011,0,0,0
113900012,167,0,167
113900013,85,5,80
113900014,682,2,680
113900015,0,7,-7
113900016,7,0,7
113900017,0,8,-8
113900018,20,140,-120
113900019,321,1,320
113900020,229,0,229
113900022,71,0,71
113900023,32,0,32
113900024,26,1,25
113900025,69,4,65
113900026,34,0,34
113900027,7,8,-1
113900028,7,123,-116
113900029,70,10,60
113900030,715,1,714
113900031,19,5,14
113900032,49,0,49
113900033,46,3,43
113900035,17,0,17
113900036,67,13,54
113900037,103,367,-264
113900038,18,154,-136
113900039,289,2,287
113900040,1,14,-13
113900041,7,0,7
113900042,51,6,45
113900043,79,8,71
113900044,64,107,-43
113900045,45,0,45
113900046,48,285,-237
113900047,239,23,216
113900048,62,81,-19
113900049,68,437,-369
113900050,78,51,27
113900051,203,31,172
113900052,30,25,5
113900053,109,653,-544
113900054,21,0,21
113900055,74,241,-167
113900056,44,1,43
113900057,9,6,3
113900058,67,14,53
113900059,326,54,272
113900060,32,184,-152
113900061,132,35,97
113900062,32,0,32
113900063,49,16,33
113900064,2,27,-25
113900065,503,5,498
113900066,952,47,905
113900067,493,61,432
113900068,179,855,-676
113900069,5,1,4
113900070,30,93,-63
113900071,128,5,123
113900072,9,8,1
113900073,695,120,575
113900074,346,112,234
113900075,328,1917,-1589
113900076,37,1,36
113900077,11,26,-15
113900078,53,4,49
113900079,0,11,-11
113900080,262,48,214
113900081,109,16,93
113900082,158,146,12
113900083,629,40,589
113900084,157,40,117
113900085,7,93,-86
113900086,126,7,119
113900087,44,57,-13
113900088,50,125,-75
113900089,314,24,290
113900090,204,69,135
113900091,1,4,-3
113900092,5,26,-21
113900093,17,1459,-1442
113900094,597,146,451
113900095,106,39,67
113900096,148,75,73
113900097,47,32,15
113900098,808,171,637
113900099,0,0,0
113900100,0,0,0
113900101,3,29,-26
113900102,12,79,-67
113900103,81,271,-190
113900104,94,76,18
113900105,426,26,400
113900106,0,9,-9
113900107,0,1,-1
113900108,21,121,-100
113900109,51,161,-110
113900110,11,3,8
113900111,98,21,77
113900112,224,15,209
113900113,796,142,654
113900114,1,12,-11
113900115,0,19,-19
113900116,4,122,-118
113900117,4,12,-8
113900118,58,1036,-978
113900119,23,139,-116
113900120,77,12,65
113900121,166,8,158
113900122,73,4140,-4067
113900123,307,38,269
113900124,1,26,-25
113900125,337,51,286
113900126,28,17,11
113900127,209,330,-121
113900128,172,22,150
113900129,5,36,-31
113900130,2,48,-46
113900131,135,22,113
113900132,12,34,-22
113900133,5,16,-11
113900135,280,112,168
113900136,37,15,22
113900137,149,73,76
113900138,1,75,-74
113900139,169,221,-52
113900140,4,40,-36
113900141,674,55,619
113900142,51,4,47
113900143,1,75,-74
113900144,40,26,14
113900145,253,24,229
113900146,181,6,175
113900148,19,86,-67
113900149,63,147,-84
113900150,93,51,42
113900151,281,80,201
113900152,27,6,21
113900153,20,54,-34
113900154,0,24,-24
113900155,16,80,-64
113900156,128,67,61
113900157,16,236,-220
113900158,26,34,-8
113900159,2,90,-88
113900160,171,186,-15
113900161,109,120,-11
113900162,17,113,-96
113900163,135,23,112
113900164,456,6,450
113900165,159,115,44
113900166,4,25,-21
113900167,326,8,318
113900168,3,11,-8
113900169,82,66,16
113900171,260,22,238
113900172,1,40,-39
113900173,6,93,-87
113900174,185,113,72
113900175,186,101,85
113900176,103,126,-23
113900177,98,29,69
113900178,132,62,70
113900179,4,66,-62
113900180,38,17,21
113900181,1105,38,1067
113900182,293,133,160
113900183,13,15,-2
113900184,5,155,-150
113900185,53,15,38
113900186,3,6,-3
113900187,5,53,-48
113900188,12,9,3
113900189,184,131,53
113900190,52,1,51
113900191,27,32,-5
113900192,851,2230,-1379
113900193,1,13,-12
113900194,383,84,299
113900195,125,93,32
113900196,0,14,-14
113900197,1,15,-14
113900198,0,169,-169
113900199,15,56,-41
113900200,9,4,5
113900201,1,33,-32
113900202,21,9,12
113900203,15,16,-1
113900204,1,39,-38
113900205,0,20,-20
113900206,0,44,-44
113900207,0,26,-26
113900208,0,12,-12
113900209,0,12,-12
113900210,180,413,-233
113900211,96,19,77
113900212,269,112,157
113900214,43,62,-19
113900215,69,23,46
113900216,192,124,68
113900217,145,62,83
113900218,16,61,-45
113900219,66,142,-76
113900220,48,106,-58
113900221,74,475,-401
113900222,311,663,-352
113900223,277,113,164
113900224,49,21,28
113900225,291,61,230
113900226,177,79,98
113900227,132,74,58
113900228,75,238,-163
113900229,3,859,-856
113900230,547,1647,-1100
113900231,51,15,36
113900232,62,9,53
113900233,68,12,56
113900234,189,328,-139
113900235,68,5,63
113900236,287,27,260
113900237,111,6,105
113900238,37,187,-150
113900239,28,26,2
113900240,9,65,-56
113900241,5,32,-27
113900242,18,58,-40
113900243,3,39,-36
113900244,89,22,67
113900245,129,58,71
113900246,4,35,-31
113900247,15,358,-343
113900248,822,1414,-592
113900249,164,324,-160
113900250,8,292,-284
113900251,1032,7,1025
113900252,738,9,729
113900253,408,15,393
113900254,359,54,305
113900255,1152,14,1138
113900256,572,7,565
113900257,3,139,-136
113900258,19,121,-102
113900259,660,57,603
113900260,257,0,257
113900261,24,25,-1
113900262,131,121,10
113900263,2,73,-71
113900264,0,78,-78
113900265,70,479,-409
113900266,6,58,-52
113900267,19,245,-226
113900268,27,293,-266
113900269,40,90,-50
113900270,83,102,-19
113900271,239,135,104
113900273,7,3,4
113900274,43,38,5
113900275,3,40,-37
113900276,6,17,-11
113900277,283,10,273
113900278,28,48,-20
113900279,35,16,19
113900280,345,237,108
113900281,57,363,-306
113900282,34,59,-25
113900283,221,216,5
113900284,1225,76,1149
113900285,45,11,34
113900286,25,8,17
113900287,88,7,81
113900288,0,42,-42
113900289,170,146,24
113900290,150,555,-405
113900291,29,47,-18
113900292,0,4,-4
113900293,0,53,-53
113900294,957,26,931
113900295,178,35,143
113900296,196,56,140
113900297,1715,32,1683
113900298,20,402,-382
113900299,136,1,135
113900300,1150,1964,-814
113900301,75,702,-627
113900302,831,489,342
113900303,69,1228,-1159
113900304,0,63,-63
113900305,160,0,160
113900306,37,3,34
113900307,1,0,1
113900308,7,14,-7
113900309,0,98,-98
113900310,0,4,-4
113900311,3,1,2
113900312,49,66,-17
113900313,0,1,-1
113900314,5,3,2
113900315,457,0,457
114000001,598,491,107
114000002,374,81,293
114000003,431,266,165
114000004,719,104,615
114000005,663,98,565
114000006,1027,535,492
114000007,867,399,468
114000008,1771,1060,711
114000009,1638,168,1470
114000011,2386,827,1559
114000012,4417,614,3803
114000013,2378,447,1931
114000014,815,100,715
114000015,2382,129,2253
114000016,530,53,477
114000017,98,1229,-1131
114000018,58,15,43
114000026,3664,484,3180
114000027,5554,1917,3637
114000028,1520,2952,-1432
114000038,401,60,341
114000039,122,15,107
114000040,115,445,-330
114000042,79,70,9
114000043,211,173,38
114000044,585,19,566
114000045,42,9,33
114000046,1080,1973,-893
114000047,15,88,-73
114000048,129,81,48
114000049,2184,699,1485
114000050,1794,558,1236
114000051,3241,1134,2107
114000052,3107,2213,894
114000053,27,542,-515
114000054,314,427,-113
114000055,405,36,369
114000056,116,448,-332
114000057,1590,919,671
114000058,40,658,-618
114000059,9,1248,-1239
114000060,468,657,-189
114000061,1230,1940,-710
114000062,157,522,-365
114000063,485,638,-153
114000064,871,3970,-3099
114000065,666,906,-240
114000066,724,514,210
114000067,19,1537,-1518
114000068,254,860,-606
114000069,1171,215,956
114000070,1444,737,707
114000071,969,175,794
114000072,1458,145,1313
114000073,52,8,44
114000074,102,12,90
114000075,92,21,71
114000076,64,37,27
114000077,0,0,0
114000078,668,198,470
114000079,587,38,549
114000080,64,77,-13
114000081,151,78,73
114000082,57,84,-27
114000083,22,18,4
114000084,215,137,78
114000085,55,81,-26
114000086,200,109,91
114000087,360,14,346
114000088,7,39,-32
114000089,221,106,115
114000090,600,753,-153
114000091,606,599,7
114000092,532,209,323
114000093,1603,242,1361
114000094,617,266,351
114000095,293,202,91
114000096,41,98,-57
114000097,80,100,-20
114000098,871,95,776
114000099,1235,93,1142
114000100,2242,199,2043
114000101,432,175,257
114000102,1189,155,1034
114000103,159,38,121
114000104,5,54,-49
114000105,347,129,218
114000106,401,3047,-2646
114000107,557,179,378
114000108,598,296,302
114000109,793,6208,-5415
114000110,474,272,202
114000111,2733,2118,615
114000112,235,455,-220
114000113,3484,228,3256
114000114,244,396,-152
114000115,4119,299,3820
114000116,844,5467,-4623
114000117,5833,424,5409
114000118,5174,247,4927
114000119,4177,234,3943
114000120,462,214,248
114000121,407,277,130
114000122,401,238,163
114000123,2950,209,2741
114000124,2580,197,2383
114000125,729,392,337
114000126,2509,234,2275
114000127,200,71,129
114000128,1089,136,953
114000130,670,322,348
114000131,559,32,527
114000132,807,110,697
114000133,531,449,82
114000134,54,9,45
114000138,20,20,0
114000139,416,282,134
114000144,581,345,236
114000145,20,9,11
114000146,42,9,33
114000147,717,2236,-1519
114000148,461,1833,-1372
114000149,213,210,3
114000150,301,520,-219
114000151,365,4372,-4007
114000152,66,32,34
114000153,430,1419,-989
114000154,670,347,323
114000155,568,3781,-3213
114000156,462,421,41
114000157,325,1281,-956
114000158,427,280,147
114000159,279,172,107
114000160,44,193,-149
114000161,711,976,-265
114000162,1034,1622,-588
114000163,31,17,14
114000165,414,279,135
114000166,323,219,104
114000167,1375,1223,152
114000168,200,102,98
114000169,676,616,60
114000170,798,447,351
114000171,1391,14308,-12917
114000174,50,277,-227
114000176,136,169,-33
114000177,452,150,302
114000178,151,15,136
114000179,751,864,-113
114000180,111,103,8
114000181,836,7006,-6170
114000182,303,1507,-1204
114000183,423,255,168
114000184,1177,202,975
114000185,955,422,533
114000189,2123,88,2035
114000190,4120,328,3792
114000191,196,725,-529
114000192,58,243,-185
114000193,98,311,-213
114000194,1366,502,864
114000195,504,501,3
114000196,0,83,-83
114000197,2835,8,2827
114000198,525,213,312
114000199,741,949,-208
114000200,385,442,-57
114000201,243,302,-59
114000202,939,358,581
114000203,1241,510,731
114000204,266,238,28
114000205,254,981,-727
114000206,783,491,292
114000207,236,386,-150
114000208,287,392,-105
114000209,138,541,-403
114000210,97,359,-262
114000211,1622,771,851
114000212,839,842,-3
114000213,2171,260,1911
114000214,182,41,141
114000215,143,32,111
114000216,2278,299,1979
114000217,441,133,308
114000218,662,65,597
114000219,2168,68,2100
114000220,21,234,-213
114000221,1779,93,1686
114000222,113,229,-116
114000223,1036,102,934
114000224,37,197,-160
114000225,478,168,310
114000226,259,80,179
114000227,1301,340,961
114000228,908,208,700
114000229,1585,330,1255
114000230,1266,358,908
114000231,1020,717,303
114000232,1484,154,1330
114000233,3268,55,3213
114000234,1262,326,936
114000235,2234,859,1375
114000236,0,80,-80
114000237,88,197,-109
114000238,111,334,-223
114000239,158,384,-226
114000240,664,844,-180
114000241,345,380,-35
114000242,876,390,486
114000243,2625,932,1693
114000244,479,164,315
114000245,433,810,-377
114000246,156,28,128
114000247,501,336,165
114000248,2168,363,1805
114000249,536,270,266
114000250,821,148,673
114000251,302,49,253
114000252,51,12,39
114000253,49,14,35
114000254,46,10,36
114000255,322,151,171
114000256,183,501,-318
114000257,614,591,23
114000258,900,82,818
114000259,325,136,189
114000260,1,48,-47
114000261,46,26,20
114000262,461,74,387
114000263,15,0,15
114000264,1958,148,1810
114000265,0,1,-1
114000267,9,1766,-1757
114000268,0,294,-294
114000270,355,14,341
114000271,198,23,175
114000283,2416,203,2213
114000285,5,81,-76
114000288,211,104,107
114000289,3086,73,3013
114000293,341,286,55
114000294,261,312,-51
114000395,1764,78,1686
114000396,506,162,344
114000402,1112,61,1051
114000403,338,88,250
114000405,414,145,269
114000423,824,84,740
114000424,513,93,420
114000425,1432,72,1360
114000426,277,922,-645
114000427,94,47,47
114000428,36,81,-45
114000429,22,85,-63
114000432,124,25,99
114000434,30,19,11
114000435,0,8,-8
114900001,844,155,689
114900002,251,65,186
114900003,1039,129,910
114900004,163,374,-211
114900005,402,78,324
114900006,59,70,-11
114900007,148,1,147
114900008,418,86,332
114900010,625,2053,-1428
114900011,474,50,424
114900013,296,30,266
114900018,948,22,926
114900020,183,56,127
114900022,0,573,-573
114900025,603,45,558
114900026,184,94,90
114900029,289,4,285
114900030,359,82,277
114900031,1080,25,1055
114900032,973,10,963
114900034,13,27,-14
114900035,15,87,-72
114900036,209,123,86
114900039,1108,93,1015
114900040,109,7,102
114900041,1694,94,1600
114900042,2196,78,2118
114900044,151,37,114
114900047,81,5623,-5542
114900048,23,41,-18
114900049,21,41,-20
114900050,48,72,-24
114900051,14,42,-28
114900052,4,136,-132
114900053,25,176,-151
114900054,10,18,-8
114900057,149,10,139
114900058,0,19,-19
114900059,176,77,99
114900063,141,11,130
114900064,2758,83,2675
114900065,358,875,-517
114900067,41,96,-55
114900068,18,45,-27
114900069,102,13,89
114900070,763,51,712
114900072,0,55,-55
114900073,0,19,-19
114900074,1728,43,1685
114900075,113,6,107
114900076,1,23,-22
114900080,408,46,362
114900082,781,2090,-1309
114900083,80,247,-167
114900090,775,59,716
114900091,43,54,-11
114900097,148,2,146
114900098,7,39,-32
114900099,267,1,266
115000001,2956,1102,1854
115000002,2935,6260,-3325
115000003,2516,925,1591
115000004,3969,4946,-977
115000005,1244,1436,-192
115000006,1489,937,552
115000007,329,207,122
115000008,358,265,93
115000009,494,204,290
115000010,208,187,21
115000013,72,140,-68
115000015,34,323,-289
115000016,23,121,-98
115000019,15,377,-362
115000020,46,848,-802
115000021,49,336,-287
115000022,108,94,14
115000023,188,418,-230
115000024,193,67,126
115000025,568,346,222
115000026,158,74,84
115000027,317,160,157
115000028,110,104,6
115000029,832,22,810
115000030,258,236,22
115000031,459,41,418
115000032,21,127,-106
115000033,205,18,187
115000034,31,578,-547
115000035,637,119,518
115000036,0,246,-246
115000037,653,71,582
115000038,74,86,-12
115000039,1862,3879,-2017
115000040,2370,2163,207
115000041,1343,3467,-2124
115000042,386,419,-33
115000043,3014,2196,818
115000044,1735,2224,-489
115000045,3024,420,2604
115000046,3646,1832,1814
115000047,3074,958,2116
115000048,3342,1471,1871
115000049,1010,2498,-1488
115000050,2466,643,1823
115000051,1334,5110,-3776
115000052,1029,869,160
115000053,2450,2562,-112
115000054,581,395,186
115000055,176,692,-516
115000056,141,293,-152
115000057,372,862,-490
115000058,56,504,-448
115000059,75,224,-149
115000061,109,165,-56
115000062,373,385,-12
115000063,705,207,498
115000064,161,30,131
115000065,132,511,-379
115000067,309,8,301
115000069,29,172,-143
115000070,23,790,-767
115000071,71,13,58
115000072,3,8,-5
115000073,1102,56,1046
115000075,97,26,71
115000076,1414,811,603
115000077,1984,787,1197
115000078,2240,237,2003
115000079,1849,418,1431
115000080,4843,434,4409
115000081,87,205,-118
115000082,5467,3836,1631
115000083,2426,446,1980
115000084,3662,385,3277
115000085,1460,264,1196
115000086,1240,250,990
115000087,371,1401,-1030
115000088,1045,367,678
115000089,945,503,442
115000090,398,730,-332
115000091,279,197,82
115000092,870,1128,-258
115000093,983,0,983
115000094,2526,8415,-5889
115000095,2013,8533,-6520
115000096,1221,433,788
115000097,2873,1977,896
115000098,2390,255,2135
115000099,2520,673,1847
115000100,1885,391,1494
115000101,651,398,253
115000102,658,162,496
115000103,166,337,-171
115000105,85,33,52
115000106,941,439,502
115000107,124,124,0
115000108,993,959,34
115000109,1993,5278,-3285
115000110,603,2190,-1587
115000111,132,301,-169
115000112,334,158,176
115000113,201,230,-29
115000114,442,174,268
115000116,1048,877,171
115000117,911,1707,-796
115000118,1217,1055,162
115000119,1142,1466,-324
115000120,430,531,-101
115000121,284,392,-108
115000122,204,1002,-798
115000123,339,761,-422
115000124,690,826,-136
115000125,352,657,-305
115000126,52,257,-205
115000127,330,105,225
115000128,214,562,-348
115000129,120,976,-856
115000130,271,240,31
115000131,984,297,687
115000132,622,312,310
115000133,1396,245,1151
115000134,459,146,313
115000135,257,96,161
115000136,180,133,47
115000137,87,75,12
115000138,403,241,162
115000139,156,40,116
115000140,502,69,433
115000141,182,39,143
115000142,273,59,214
115000143,850,278,572
115000144,518,39,479
115000145,279,36,243
115000146,393,168,225
115000147,238,182,56
115000148,116,297,-181
115000149,696,121,575
115000150,295,260,35
115000151,1301,196,1105
115000152,462,327,135
115000153,1762,147,1615
115000154,905,61,844
115000155,659,472,187
115000156,663,241,422
115000157,153,287,-134
115000158,91,207,-116
115000159,341,150,191
115000160,203,142,61
115000161,124,341,-217
115000162,259,1040,-781
115000163,325,262,63
115000164,208,300,-92
115000165,103,377,-274
115000167,115,61,54
115000168,408,269,139
115000169,151,453,-302
115000170,65,112,-47
115000171,167,245,-78
115000172,458,567,-109
115000173,126,1008,-882
115000174,70,299,-229
115000175,215,151,64
115000176,17,119,-102
115000177,7,120,-113
115000178,12,125,-113
115000179,41,179,-138
115000180,71,94,-23
115000181,917,66,851
115000182,1267,94,1173
115000183,512,194,318
115000186,499,84,415
115000187,143,152,-9
115000188,320,181,139
115000189,394,268,126
115000190,291,378,-87
115000191,133,495,-362
115000194,171,52,119
115000195,54,109,-55
115000196,442,54,388
115000197,345,74,271
115000198,717,47,670
115000199,996,51,945
115000200,421,62,359
115000201,375,118,257
115000206,382,5,377
115000207,435,398,37
115000208,127,135,-8
115000209,653,468,185
115000210,223,104,119
115000211,142,90,52
115000212,660,151,509
115000224,135,3,132
115000225,79,30,49
115000229,75,35,40
115000230,161,124,37
115000231,334,225,109
115000232,3427,314,3113
115000233,109,91,18
115000234,35,111,-76
115000241,78,18,60
115000242,177,12,165
115000243,270,38,232
115000244,3,50,-47
115000246,32,18,14
115000247,22,6,16
115000248,27,6,21
115000249,11,13,-2
115000250,246,4,242
115000251,519,41,478
115000252,187,179,8
115000253,4,502,-498
115000258,366,20,346
115000259,85,9,76
115000261,51,11,40
115000262,13,19,-6
115000263,19,55,-36
115000264,3,27,-24
115000267,53,21,32
115000268,20,31,-11
115000269,142,8,134
115000270,9,10,-1
115000272,67,17,50
115000273,688,8,680
115000280,564,274,290
115000281,76,584,-508
115000282,240,793,-553
115000284,53,203,-150
115000296,328,10,318
115000297,30,185,-155
115000298,79,871,-792
115000300,170,44,126
115000302,704,65,639
115000303,1317,35,1282
115000304,1033,69,964
115000305,89,171,-82
115000306,423,63,360
115000307,286,108,178
115000308,12,23,-11
115000310,2306,150,2156
115000311,1498,419,1079
115000313,125,153,-28
115000314,443,271,172
115000315,267,953,-686
115000316,65,131,-66
115000317,518,282,236
115000318,1049,267,782
115000319,146,48,98
115000320,19,625,-606
115000321,183,4,179
115000322,33,46,-13
115000449,55,176,-121
115000557,2,2918,-2916
115000558,86,102,-16
115000587,1333,121,1212
115000588,1482,1443,39
115000589,4735,1613,3122
115000590,721,888,-167
115000591,1778,464,1314
115000592,521,907,-386
115000593,1447,470,977
115000594,143,1674,-1531
115000609,299,465,-166
115000617,564,2835,-2271
115000624,472,12,460
115000633,358,852,-494
115000634,2364,544,1820
115000635,492,74,418
115000638,112,165,-53
115000641,54,364,-310
115000642,230,100,130
115000643,116,121,-5
115000644,119,112,7
115000646,316,561,-245
115000647,162,268,-106
115000648,4096,346,3750
115000893,1321,555,766
115000894,135,433,-298
115000895,218,643,-425
115000896,728,295,433
115000897,264,61,203
115000898,180,214,-34
115000899,92,1102,-1010
115000900,13,233,-220
115000901,49,117,-68
115000912,412,83,329
115000913,5,16,-11
115000915,2,0,2
115000916,6,8,-2
115000917,1,12,-11
115000918,33,648,-615
115000919,1,29,-28
115000920,21,127,-106
115000921,187,140,47
115000922,251,559,-308
115000923,40,1220,-1180
115000925,299,188,111
115000927,26,146,-120
115000933,47,252,-205
115000934,32,106,-74
115000935,104,25,79
115000936,26,1283,-1257
115000937,568,304,264
115000938,12,156,-144
115000939,26,117,-91
115000940,6,24,-18
115000941,0,64,-64
115000942,7,86,-79
115000943,3,251,-248
115000944,2,4,-2
115900001,409,11,398
115900002,38,34,4
115900003,227,45,182
115900004,0,7,-7
115900005,327,17,310
115900006,40,56,-16
115900008,204,6,198
115900009,12,53,-41
115900010,821,33,788
115900011,355,35,320
115900012,430,2,428
115900013,421,29,392
115900014,161,53,108
115900015,472,19,453
115900016,122,31,91
115900017,213,26,187
115900018,57,7,50
115900019,24,4,20
115900020,329,0,329
115900021,220,305,-85
115900022,365,1,364
115900023,0,5,-5
115900025,10,59,-49
115900026,283,12,271
115900027,0,73,-73
115900028,97,18,79
115900029,0,42,-42
115900030,34,38,-4
115900031,56,233,-177
115900032,107,465,-358
115900033,0,24,-24
115900034,0,42,-42
115900035,84,10,74
115900036,21,3206,-3185
115900037,3,49,-46
115900038,42,2,40
115900039,192,22,170
115900041,74,1179,-1105
115900042,73,1,72
115900043,46,32,14
115900044,68,767,-699
115900046,815,59,756
115900047,39,166,-127
115900049,228,51,177
115900051,2,4,-2
115900052,4,27,-23
115900053,425,26,399
115900054,401,12,389
115900055,14,17,-3
115900056,252,29,223
115900057,6,11,-5
115900058,2,12,-10
115900060,64,21,43
115900061,404,2,402
115900062,58,44,14
115900063,15,0,15
115900064,103,142,-39
115900065,283,13,270
115900066,16,26,-10
115900067,1,41,-40
115900068,582,1976,-1394
115900069,12,78,-66
115900070,314,22,292
115900071,14,44,-30
115900072,3,42,-39
115900073,316,135,181
115900074,1,43,-42
115900075,39,86,-47
115900076,1,5,-4
115900077,1,26,-25
115900078,15,49,-34
115900079,596,3,593
115900080,46,14,32
115900081,6,2,4
115900082,65,47,18
115900084,768,0,768
115900085,40,52,-12
115900086,431,90,341
115900088,1,109,-108
115900089,724,146,578
115900090,969,31,938
115900091,0,10,-10
115900092,56,29,27
115900093,2,10,-8
115900094,8,58,-50
115900096,21,1,20
115900097,1,31,-30
115900098,450,76,374
115900099,126,35,91
115900100,14,102,-88
115900101,376,56,320
115900102,157,19,138
115900103,317,47,270
115900104,100,16,84
115900105,263,61,202
115900106,191,4,187
115900107,62,13,49
115900108,211,5,206
115900109,8,102,-94
115900110,2,1,1
115900111,0,14,-14
115900112,15,223,-208
115900113,35,4,31
115900114,1,29,-28
115900115,98,19,79
115900116,15,229,-214
115900117,195,4,191
115900118,1,38,-37
115900119,237,35,202
115900120,20,62,-42
115900121,388,46,342
115900124,164,756,-592
115900125,394,56,338
115900126,891,21,870
115900127,1450,31,1419
115900128,2,173,-171
115900129,522,8,514
115900130,6,354,-348
115900131,590,8,582
115900132,858,0,858
115900134,476,6,470
115900135,286,237,49
115900137,18,3,15
115900139,3,52,-49
115900140,642,25,617
115900141,0,34,-34
115900142,2,8,-6
115900143,234,69,165
115900144,354,54,300
115900146,25,17,8
115900147,94,273,-179
115900148,9,27,-18
115900149,197,2,195
115900150,236,4,232
115900151,81,52,29
115900152,236,39,197
115900153,156,64,92
115900154,98,207,-109
115900155,0,23,-23
115900156,532,513,19
115900157,371,374,-3
115900158,52,1,51
115900159,403,58,345
115900160,1,3,-2
115900161,39,3,36
115900163,358,7,351
115900164,1204,2,1202
115900166,38,37,1
115900168,526,61,465
115900171,100,102,-2
115900172,23,53,-30
115900173,221,115,106
115900174,43,125,-82
115900175,362,43,319
115900178,28,60,-32
115900179,550,2,548
115900180,10,24,-14
115900181,408,39,369
115900182,819,24,795
115900183,11,103,-92
115900184,230,5,225
115900187,3,168,-165
115900189,1,62,-61
115900190,51,646,-595
115900191,8,38,-30
115900192,6,100,-94
115900193,81,54,27
115900194,1037,24,1013
115900195,300,3574,-3274
115900198,178,145,33
115900199,396,38,358
115900200,187,19,168
115900201,100,162,-62
115900202,1,382,-381
115900203,2,3,-1
115900204,0,33,-33
115900205,3,2,1
115900206,564,27,537
115900207,99,7,92
115900208,96,55,41
115900209,19,79,-60
115900210,1,62,-61
115900211,0,40,-40
115900212,266,36,230
115900213,131,267,-136
115900214,941,26,915
115900215,13,135,-122
115900216,0,37,-37
115900217,1,13,-12
115900218,3,9,-6
115900219,262,2,260
115900220,411,4,407
115900221,172,2,170
115900222,36,35,1
115900223,3,481,-478
115900224,205,2377,-2172
115900225,13,8,5
115900226,2,4,-2
115900227,1,14,-13
115900228,2,17,-15
115900229,2,8,-6
115900230,30,20,10
115900231,236,3,233
115900232,144,0,144
115900233,147,6,141
115900234,120,9,111
115900235,24,8,16
115900236,17,24,-7
115900237,21,15,6
115900238,40,23,17
115900239,15,16,-1
115900240,24,27,-3
115900241,357,5,352
115900242,269,491,-222
115900243,10,1,9
115900244,31,3,28
115900245,28,0,28
115900246,1,0,1
115900247,0,0,0
115900248,4,0,4
115900249,2,1,1
115900250,30,2,28
115900251,3,2,1
115900252,1,2,-1
115900253,39,0,39
115900254,7,35,-28
115900255,0,22,-22
115900256,1,361,-360
115900257,0,6,-6
115900258,0,0,0
115900259,13,7,6
115900260,2,0,2
115900261,4,0,4
115900262,1,0,1
115900263,2,0,2
115900264,2,0,2
115900265,2,1,1
115900266,3,0,3
115900267,0,0,0
115900268,0,16,-16
115900269,1451,75,1376
115900270,292,64,228
115900271,460,0,460
115900272,131,7,124
115900273,9,17,-8
115900274,0,8,-8
115900275,0,0,0
115900276,0,1,-1
115900277,0,17,-17
115900278,62,37,25
115900279,10,186,-176
115900280,12,729,-717
115900281,116,480,-364
115900282,33,38,-5
115900283,65,0,65
115900284,15,2,13
116000001,2769,754,2015
116000002,3856,15069,-11213
116000003,552,584,-32
116000004,5169,6742,-1573
116000005,560,1413,-853
116000006,2474,4235,-1761
116000007,977,1065,-88
116000008,4743,2050,2693
116000009,542,582,-40
116000010,3832,959,2873
116000011,625,404,221
116000012,2321,658,1663
116000013,2649,1892,757
116000014,8999,24401,-15402
116000015,39,1795,-1756
116000016,1752,4532,-2780
116000017,420,1164,-744
116000018,314,343,-29
116000019,1341,173,1168
116000020,312,465,-153
116000021,1182,92,1090
116000022,612,209,403
116000023,1992,988,1004
116000024,558,392,166
116000025,1149,412,737
116000026,637,1692,-1055
116000027,240,279,-39
116000028,330,792,-462
116000029,241,179,62
116000030,557,333,224
116000031,12,48,-36
116000032,204,46,158
116000033,913,192,721
116000034,355,691,-336
116000035,447,202,245
116000036,149,1398,-1249
116000037,90,276,-186
116000038,65,687,-622
116000039,159,637,-478
116000040,191,554,-363
116000041,71,617,-546
116000042,1174,887,287
116000043,126,220,-94
116000044,9,111,-102
116000045,580,269,311
116000046,297,572,-275
116000047,939,2010,-1071
116000048,1901,971,930
116000049,1390,1482,-92
116000050,1429,1079,350
116000051,2222,2178,44
116000052,2564,1847,717
116000053,2253,387,1866
116000054,980,1454,-474
116000055,926,845,81
116000056,1368,575,793
116000057,1546,668,878
116000058,3261,2859,402
116000059,1498,3055,-1557
116000060,1673,946,727
116000061,329,1211,-882
116000062,621,169,452
116000063,532,1688,-1156
116000066,571,565,6
116000067,299,176,123
116000068,348,390,-42
116000069,544,112,432
116000078,520,593,-73
116000080,1372,253,1119
116000082,11,6,5
116000083,1945,224,1721
116000084,845,897,-52
116000085,1606,1844,-238
116000086,647,276,371
116000087,3146,1839,1307
116000088,1429,358,1071
116000089,132,66,66
116000090,228,126,102
116000091,134,600,-466
116000093,926,193,733
116000094,1100,132,968
116000095,756,182,574
116000096,2010,3032,-1022
116000097,793,302,491
116000098,126,13562,-13436
116000099,2975,745,2230
116000100,337,8,329
116000101,1766,151,1615
116000102,313,220,93
116000103,520,270,250
116000104,185,412,-227
116000105,2099,68,2031
116000106,545,730,-185
116000107,3411,311,3100
116000108,4,154,-150
116000111,233,46,187
116000113,108,23,85
116000114,12,46,-34
116000115,269,25,244
116000116,209,53,156
116000117,1367,722,645
116000118,1759,330,1429
116000119,3501,683,2818
116000120,2506,1102,1404
116000121,1167,245,922
116000122,553,290,263
116000123,1804,272,1532
116000124,501,117,384
116000125,3027,143,2884
116000126,398,174,224
116000127,700,218,482
116000128,2649,391,2258
116000129,1952,62,1890
116000130,1738,752,986
116000133,2609,266,2343
116000134,1364,359,1005
116000135,4086,623,3463
116000136,817,627,190
116000137,1294,445,849
116000138,677,300,377
116000139,2146,3141,-995
116000140,182,237,-55
116000141,917,148,769
116000142,1835,307,1528
116000143,2410,1105,1305
116000144,3109,1546,1563
116000145,3281,589,2692
116000146,1391,115,1276
116000147,342,176,166
116000148,1202,1021,181
116000149,584,279,305
116000151,446,115,331
116000153,356,108,248
116000155,236,802,-566
116000156,1487,485,1002
116000157,164,6,158
116000158,650,94,556
116000159,17,14,3
116000160,81,10,71
116000161,10,59,-49
116000162,16,429,-413
116000163,112,7,105
116000164,12,7,5
116000177,79,162,-83
116000194,215,490,-275
116000195,1726,559,1167
116000196,69,5,64
116000197,97,44,53
116000198,1756,1127,629
116000200,464,1113,-649
116000201,368,246,122
116000202,17,110,-93
116000203,0,11,-11
116000204,0,5,-5
116000205,0,28,-28
116000206,0,70,-70
116000207,11,52,-41
116000233,67,117,-50
116000287,451,50,401
116000288,467,161,306
116000292,140,67,73
116000296,52,75,-23
116000297,154,1,153
116000304,334,32,302
116000305,21,20,1
116000346,421,91,330
116000352,86,58,28
116000354,42,57,-15
116000357,0,29,-29
116000358,532,214,318
116000361,148,0,148
116000372,2768,8737,-5969
116000381,294,0,294
116000388,8,33,-25
116000389,969,67,902
116000445,1820,178,1642
116000446,907,136,771
116000447,76,287,-211
116000448,457,22,435
116000563,360,618,-258
116000565,114,200,-86
116000568,36,384,-348
116000579,15,174,-159
116000583,133,33,100
116000584,73,4,69
116000585,82,61,21
116000586,27,77,-50
116000587,237,69,168
116000589,49,29,20
116000590,224,26,198
116000591,376,74,302
116000592,2,12,-10
116000593,0,8,-8
116000594,1727,98,1629
116000595,972,28,944
116000596,451,3,448
116000597,645,279,366
116000598,53,106,-53
116000605,72,41,31
116000606,79,284,-205
116000607,0,13,-13
116000609,34,1552,-1518
116000611,341,60,281
116000612,2249,1852,397
116000613,855,366,489
116000614,470,104,366
116000615,0,300,-300
116000616,131,24,107
116000617,297,3,294
116000618,2,18,-16
116000619,23,70,-47
116000620,611,161,450
116000621,110,42,68
116000622,182,42,140
116000624,144,41,103
116000627,495,32,463
116000628,179,73,106
116000629,74,37,37
116000630,996,15,981
116000631,655,47,608
116000632,1969,3,1966
116000633,908,61,847
116000634,927,14,913
116000635,1948,3053,-1105
116000636,413,1261,-848
116000637,1039,4,1035
116000638,284,110,174
116000639,154,1,153
116000640,72,72,0
116000641,19,32,-13
116000643,221,59,162
116000644,347,87,260
116000645,100,7,93
116900001,193,52,141
116900002,216,1,215
116900003,135,0,135
116900004,99,146,-47
116900005,445,10,435
116900006,57,86,-29
116900007,56,72,-16
116900008,1177,90,1087
116900009,16,28,-12
116900010,2270,216,2054
116900011,1,5,-4
116900012,165,103,62
116900013,2,7,-5
116900014,302,64,238
116900015,1266,48,1218
116900016,366,4,362
116900017,232,145,87
116900018,118,75,43
116900019,0,26,-26
116900020,243,2746,-2503
116900023,16,7,9
116900024,1446,19,1427
116900025,2071,130,1941
116900026,19,181,-162
116900027,94,12,82
116900028,0,25,-25
116900029,0,290,-290
116900031,0,0,0
116900032,0,43,-43
116900033,19,3,16
116900034,0,7,-7
116900035,193,55,138
116900036,12,33,-21
116900038,1,1,0
116900041,70,1,69
116900042,87,118,-31
116900043,25,17,8
116900047,15,418,-403
116900049,14,74,-60
116900050,38,111,-73
116900051,610,8,602
116900052,118,34,84
116900055,0,22,-22
116900057,51,37,14
116900058,1,176,-175
116900059,0,7,-7
116900060,67,196,-129
116900062,5,14,-9
116900064,36,91,-55
116900065,19,79,-60
116900067,96,9,87
116900068,160,75,85
116900070,39,0,39
116900072,60,52,8
116900073,1,22,-21
116900074,2,20,-18
116900076,12,71,-59
116900077,3,18,-15
116900078,87,12,75
116900079,82,45,37
116900080,0,0,0
116900081,160,167,-7
116900082,73,1009,-936
116900083,0,1,-1
116900084,74,16,58
116900085,0,41,-41
116900086,28,73,-45
116900088,150,6,144
116900090,3,4,-1
116900091,884,12,872
116900092,106,128,-22
116900093,1867,806,1061
116900094,3252,6154,-2902
116900095,351,121,230
116900096,76,450,-374
116900097,661,5532,-4871
116900098,345,157,188
116900099,82,430,-348
116900100,1592,107,1485
116900101,146,411,-265
116900103,3,0,3
116900104,8,189,-181
116900105,589,289,300
116900106,1748,8,1740
116900107,397,3641,-3244
116900110,43,0,43
116900111,1283,246,1037
116900112,336,143,193
116900113,563,2863,-2300
116900116,17,387,-370
116900117,352,95,257
116900118,578,1004,-426
116900120,569,36,533
116900121,436,31,405
116900122,1948,160,1788
116900123,957,169,788
116900124,77,133,-56
116900125,782,45,737
116900126,116,889,-773
116900128,0,8,-8
116900129,2,111,-109
116900130,592,6036,-5444
116900131,7,176,-169
116900132,102,74,28
116900133,303,57,246
116900134,229,91,138
116900136,167,35,132
116900137,202,30,172
116900138,112,34,78
116900139,21,73,-52
116900140,108,23,85
116900141,160,28,132
116900142,5,23,-18
116900143,197,26,171
116900144,86,9,77
116900145,40,25,15
116900147,87,1076,-989
116900148,3,5,-2
116900149,42,174,-132
116900150,6,3,3
116900151,54,33,21
116900153,188,94,94
116900154,167,473,-306
116900155,118,86,32
116900157,1493,50,1443
116900158,140,262,-122
116900159,50,385,-335
116900160,866,369,497
116900161,2429,11723,-9294
116900162,29,71,-42
116900163,547,11,536
116900164,118,25,93
116900165,608,237,371
116900166,180,78,102
116900167,755,10,745
116900168,778,10,768
116900169,123,873,-750
116900170,643,252,391
116900171,49,49,0
116900172,55,686,-631
116900173,690,2,688
116900174,78,215,-137
116900175,316,333,-17
116900178,69,41,28
116900179,31,519,-488
116900180,175,0,175
116900182,728,138,590
116900183,425,54,371
116900185,25,17,8
116900186,136,25,111
116900187,40,55,-15
116900188,154,11,143
116900189,42,0,42
116900191,84,81,3
116900192,418,99,319
116900194,122,1546,-1424
116900195,17,11,6
116900196,23,24,-1
116900197,211,19,192
116900198,39,797,-758
116900200,212,1,211
116900201,590,4,586
116900202,53,18,35
116900203,211,5,206
116900204,15,355,-340
116900206,110,0,110
116900207,25,28,-3
116900208,19,43,-24
116900209,4,6,-2
116900210,310,162,148
116900211,155,3,152
116900212,152,0,152
116900213,140,31,109
116900214,339,130,209
116900215,25,17,8
116900216,299,66,233
116900218,0,99,-99
116900219,323,86,237
116900220,87,102,-15
116900221,193,215,-22
116900222,245,155,90
116900223,22,26,-4
116900226,247,9,238
116900227,382,27,355
116900228,580,64,516
116900230,111,35,76
116900231,103,93,10
116900232,38,134,-96
116900233,550,63,487
116900234,1,1,0
116900235,483,119,364
116900238,290,88,202
116900239,48,1277,-1229
116900240,2323,4379,-2056
116900241,58,27,31
116900242,330,1551,-1221
116900243,0,13,-13
116900245,51,63,-12
116900246,154,407,-253
116900247,1390,23,1367
116900248,116,9,107
116900249,600,20,580
116900250,796,54,742
116900251,193,1823,-1630
116900252,389,115,274
116900254,77,100,-23
116900255,155,276,-121
116900256,870,241,629
116900257,47,129,-82
116900258,1,15,-14
116900259,338,22,316
116900260,3,3,0
116900261,106,1,105
116900262,56,78,-22
116900263,0,15,-15
116900264,103,65,38
116900265,263,1,262
116900266,43,6,37
116900267,19,0,19
116900268,2,321,-319
116900269,315,986,-671
116900271,251,1025,-774
116900272,320,201,119
116900273,13,233,-220
116900274,135,27,108
116900275,310,52,258
116900276,247,525,-278
116900277,71,70,1
116900278,1,0,1
116900279,7,2,5
116900280,79,5,74
116900281,1594,7502,-5908
116900282,0,10,-10
116900283,1,9,-8
116900284,13,37,-24
116900285,28,541,-513
116900286,50,1,49
116900287,4,7,-3
116900288,219,51,168
116900289,24,2,22
116900290,21,1,20
116900291,24,10,14
116900292,0,35,-35
116900293,102,0,102
116900294,4,46,-42
116900295,162,216,-54
116900296,77,136,-59
116900297,0,53,-53
116900298,33,193,-160
116900299,7,604,-597
116900300,0,120,-120
116900301,13,380,-367
116900302,7,84,-77
116900303,39,196,-157
116900304,0,149,-149
116900305,6,37,-31
116900306,534,31,503
116900307,235,0,235
116900308,0,23,-23
116900309,498,5,493
116900310,68,8,60
116900311,0,140,-140
117000001,2667,3835,-1168
117000002,1669,2415,-746
117000003,5342,2331,3011
117000004,1590,3201,-1611
117000005,4953,1668,3285
117000006,1182,1634,-452
117000007,8482,1075,7407
117000008,1048,1776,-728
117000009,4984,1229,3755
117000010,957,1218,-261
117000011,4742,912,3830
117000012,1925,779,1146
117000013,3214,963,2251
117000014,1915,2116,-201
117000015,3213,1504,1709
117000016,271,379,-108
117000017,69,925,-856
117000018,95,1013,-918
117000019,72,63,9
117000020,439,2333,-1894
117000021,1579,885,694
117000022,44,449,-405
117000023,48,876,-828
117000024,107,765,-658
117000025,163,3503,-3340
117000026,1477,3037,-1560
117000027,809,2035,-1226
117000028,793,1319,-526
117000030,355,283,72
117000031,720,275,445
117000032,1414,1363,51
117000033,1578,984,594
117000034,217,190,27
117000035,434,307,127
117000036,509,326,183
117000037,411,202,209
117000038,207,332,-125
117000039,213,233,-20
117000040,67,346,-279
117000041,1814,109,1705
117000044,15,183,-168
117000045,1182,366,816
117000046,250,842,-592
117000047,970,820,150
117000048,974,507,467
117000049,32,264,-232
117000050,677,1197,-520
117000051,3360,47,3313
117000052,106,90,16
117000053,1574,9,1565
117000054,2154,6,2148
117000055,6,423,-417
117000056,717,45,672
117000057,312,578,-266
117000060,315,652,-337
117000061,2461,1748,713
117000062,144,554,-410
117000063,1566,660,906
117000064,594,385,209
117000066,155,409,-254
117000067,89,463,-374
117000074,10,192,-182
117000076,27,15,12
117000077,215,54,161
117000078,82,459,-377
117000079,298,123,175
117000080,0,451,-451
117000081,616,90,526
117000082,32,138,-106
117000083,354,395,-41
117000084,202,1,201
117000085,758,790,-32
117000086,590,232,358
117000087,151,421,-270
117000088,671,132,539
117000089,3735,157,3578
117000090,365,335,30
117000091,1847,81,1766
117000092,460,356,104
117000093,2675,172,2503
117000094,769,442,327
117000095,4074,204,3870
117000096,657,493,164
117000097,3157,462,2695
117000098,978,1003,-25
117000099,5685,677,5008
117000100,394,179,215
117000101,37,300,-263
117000102,2593,266,2327
117000103,348,475,-127
117000104,2295,346,1949
117000105,301,426,-125
117000106,2413,243,2170
117000107,459,460,-1
117000108,3009,664,2345
117000109,593,955,-362
117000110,1889,1882,7
117000111,3593,2812,781
117000112,4257,751,3506
117000113,59,82,-23
117000114,367,59,308
117000115,40,16,24
117000116,256,111,145
117000117,1344,673,671
117000118,540,508,32
117000119,123,660,-537
117000120,26,876,-850
117000121,27,827,-800
117000122,986,1530,-544
117000123,1868,40,1828
117000124,25,146,-121
117000125,30,673,-643
117000126,30,20,10
117000127,72,377,-305
117000128,39,874,-835
117000129,316,1498,-1182
117000130,486,17,469
117000131,0,97,-97
117000132,6266,9,6257
117000133,5557,16,5541
117000134,1,98,-97
117000135,20,214,-194
117000136,0,24,-24
117000137,372,86,286
117000138,1,749,-748
117000140,245,478,-233
117000141,2028,208,1820
117000181,166,96,70
117000182,2171,1765,406
117000195,41,182,-141
117000196,455,168,287
117000225,27,270,-243
117000226,4,254,-250
117000276,610,44,566
117000277,0,99,-99
117000310,641,3313,-2672
117000315,157,758,-601
117000320,84,0,84
117000906,943,13,930
117000907,1,92,-91
117000909,131,110,21
117000910,302,58,244
117000911,42,81,-39
117000915,1,88,-87
117000916,167,13,154
117000917,1690,110,1580
117000918,267,40,227
117000919,4,26,-22
117000920,1,535,-534
117000921,0,243,-243
117000922,5,60,-55
117000924,1525,910,615
117000926,542,452,90
117000927,322,408,-86
117000928,0,120,-120
117000929,1235,116,1119
117000930,1357,6,1351
117000931,99,51,48
117900002,23,781,-758
117900003,75,47,28
117900005,0,223,-223
117900006,1,21,-20
117900007,148,50,98
117900008,0,28,-28
117900010,674,57,617
117900011,3,721,-718
117900012,121,50,71
117900013,0,191,-191
117900014,927,162,765
117900015,4,50,-46
117900016,801,1396,-595
117900017,1888,589,1299
117900018,507,459,48
117900019,1241,226,1015
117900020,60,156,-96
117900021,35,117,-82
117900023,2478,50,2428
117900024,91,159,-68
117900025,5,0,5
117900026,619,211,408
117900028,159,12,147
117900029,444,262,182
117900031,371,528,-157
117900032,1329,485,844
117900033,726,312,414
117900034,92,28,64
117900035,414,297,117
117900036,424,151,273
117900037,301,27,274
117900038,21,37,-16
117900039,0,42,-42
117900040,123,53,70
117900041,0,16,-16
117900042,1734,593,1141
117900043,1,3,-2
117900044,170,6476,-6306
117900045,386,54,332
117900048,437,80,357
117900049,452,491,-39
117900050,1,433,-432
117900051,60,8,52
117900052,140,602,-462
117900053,2650,124,2526
117900054,0,4,-4
117900055,1620,256,1364
117900056,9,123,-114
117900057,1022,354,668
117900058,7,113,-106
117900059,77,175,-98
117900060,3149,809,2340
117900061,11,274,-263
117900063,883,173,710
117900065,183,538,-355
117900066,2,173,-171
117900067,1452,96,1356
117900069,2014,83,1931
117900070,25,345,-320
117900071,182,89,93
117900073,1393,82,1311
117900074,6,550,-544
117900075,168,76,92
117900076,39,114,-75
117900077,850,42,808
117900078,605,396,209
117900080,343,34,309
117900081,141,72,69
117900082,997,212,785
117900083,1361,425,936
117900086,223,20,203
117900087,164,5,159
117900088,381,659,-278
117900089,3244,399,2845
117900090,1455,556,899
117900091,198,43,155
117900092,230,38,192
117900093,272,15,257
117900094,60,29,31
117900095,847,1608,-761
117900096,320,283,37
117900097,204,19,185
117900098,169,14,155
117900099,306,645,-339
117900100,944,0,944
117900101,1129,2710,-1581
117900102,138,22,116
117900103,89,1,88
117900104,0,591,-591
117900105,45,131,-86
117900106,84,12,72
117900107,121,0,121
117900109,1648,385,1263
117900110,502,1,501
117900111,1810,162,1648
117900112,106,2,104
117900113,657,2377,-1720
117900114,103,0,103
117900115,1,368,-367
117900116,507,291,216
117900117,1062,56,1006
117900118,451,0,451
117900119,393,16,377
117900120,1018,27,991
117900121,145,12,133
117900122,696,7158,-6462
117900123,1188,474,714
117900124,193,378,-185
117900125,1703,579,1124
117900126,65,104,-39
117900127,929,146,783
117900128,460,253,207
117900129,209,1,208
117900130,1004,203,801
117900131,3,43,-40
117900132,1,15,-14
117900133,8,14,-6
117900134,39,36,3
117900135,30,41,-11
117900136,0,3,-3
117900137,7,67,-60
117900138,0,2,-2
117900139,42,48,-6
117900140,6091,77,6014
117900141,45,247,-202
117900142,37,593,-556
117900144,8,745,-737
117900145,1,488,-487
117900146,227,280,-53
117900147,137,70,67
117900148,1824,3879,-2055
117900149,94,32,62
117900150,73,25,48
117900151,64,164,-100
117900152,35,107,-72
117900153,10,148,-138
117900154,921,491,430
117900156,220,213,7
117900157,91,332,-241
117900158,358,52,306
117900160,999,550,449
117900161,460,360,100
117900162,1019,298,721
117900163,16,794,-778
117900165,0,1,-1
117900166,24,167,-143
117900168,168,83,85
117900169,4,43,-39
117900170,3,20,-17
117900171,1,1,0
117900172,7,1,6
117900173,14,9,5
117900174,40,23,17
117900175,0,8,-8
117900176,22,5,17
117900177,26,17,9
117900178,24,10,14
117900180,80,17,63
117900181,39,601,-562
117900182,0,121,-121
117900183,214,104,110
117900184,37,107,-70
117900185,76,0,76
117900186,118,14,104
117900187,48,1,47
117900188,118,15,103
117900189,56,19,37
117900190,9,0,9
117900191,26,0,26
117900192,174,0,174
117900193,0,28,-28
117900194,10,3,7
117900195,21,15,6
117900196,48,13,35
117900207,30,79,-49
117900208,15,27,-12
117900209,316,99,217
117900210,57,42,15
117900211,3,28,-25
117900212,137,58,79
117900213,39,5,34
117900214,0,2,-2
117900215,147,15,132
117900216,123,27,96
117900217,72,199,-127
117900218,72,321,-249
117900219,9,203,-194
117900220,6,205,-199
117900222,246,86,160
117900223,85,415,-330
118000001,556,2011,-1455
118000002,522,659,-137
118000003,1674,3395,-1721
118000004,763,3330,-2567
118000005,3189,1440,1749
118000006,2485,2757,-272
118000007,3655,8562,-4907
118000008,586,7586,-7000
118000009,995,3091,-2096
118000010,2993,2973,20
118000011,2572,700,1872
118000012,877,947,-70
118000013,1882,1926,-44
118000014,1370,966,404
118000016,336,101,235
118000017,574,322,252
118000018,338,80,258
118000019,946,1551,-605
118000020,328,1059,-731
118000021,386,1557,-1171
118000022,707,256,451
118000023,489,264,225
118000024,341,542,-201
118000027,6365,3698,2667
118000029,570,380,190
118000032,238,1126,-888
118000033,1230,2769,-1539
118000034,1483,1957,-474
118000035,1172,1234,-62
118000036,864,817,47
118000037,736,1107,-371
118000038,803,54,749
118000039,176,37,139
118000040,2032,1083,949
118000041,4065,1506,2559
118000045,407,308,99
118000046,475,850,-375
118000047,219,1686,-1467
118000048,1091,2672,-1581
118000051,561,2100,-1539
118000052,150,644,-494
118000053,298,976,-678
118000054,2551,760,1791
118000055,1698,1285,413
118000056,84,440,-356
118000057,167,292,-125
118000058,1420,4513,-3093
118000059,953,2719,-1766
118000060,1112,374,738
118000061,1309,1373,-64
118000062,376,154,222
118000063,230,625,-395
118000064,485,777,-292
118000065,1435,1435,0
118000066,1029,2307,-1278
118000067,393,560,-167
118000068,565,10643,-10078
118000069,667,1262,-595
118000070,4357,2206,2151
118000071,2889,10581,-7692
118000072,517,4452,-3935
118000073,304,1803,-1499
118000074,481,1749,-1268
118000075,469,607,-138
118000076,1655,8589,-6934
118000077,844,1012,-168
118000078,1627,1852,-225
118000079,136,347,-211
118000080,326,711,-385
118000081,1136,1137,-1
118000082,347,718,-371
118000083,793,1029,-236
118000084,876,2358,-1482
118000086,93,459,-366
118000087,2089,1519,570
118000088,910,1141,-231
118000089,2277,2602,-325
118000090,1193,3396,-2203
118000091,765,5068,-4303
118000092,653,402,251
118000093,37,495,-458
118000096,625,408,217
118000097,493,428,65
118000098,131,151,-20
118000099,779,233,546
118000101,1630,260,1370
118000102,458,374,84
118000107,1125,217,908
118000108,366,7002,-6636
118000110,0,23,-23
118000111,0,94,-94
118000112,2748,3,2745
118000113,1,214,-213
118000114,2035,25,2010
118000115,1,28,-27
118000116,78,1,77
118000117,403,557,-154
118000118,1227,1063,164
118000119,1544,1229,315
118000120,870,425,445
118000121,45,323,-278
118000122,350,272,78
118000123,47,191,-144
118000125,555,1227,-672
118000126,550,2973,-2423
118000127,1005,539,466
118000128,235,1049,-814
118000129,1432,1008,424
118000130,1160,2014,-854
118000131,313,598,-285
118000132,1969,1676,293
118000133,2190,770,1420
118000135,477,593,-116
118000136,71,504,-433
118000137,352,71,281
118000138,428,250,178
118000139,566,90,476
118000140,3316,8153,-4837
118000141,2918,1083,1835
118000142,3017,1096,1921
118000143,2997,1007,1990
118000144,461,153,308
118000145,1112,291,821
118000146,1380,126,1254
118000147,1096,368,728
118000148,1672,1508,164
118000149,952,277,675
118000150,1040,155,885
118000151,784,104,680
118000153,1831,335,1496
118000154,3944,684,3260
118000155,2384,419,1965
118000156,1539,3085,-1546
118000157,594,184,410
118000158,301,584,-283
118000159,30,129,-99
118000160,641,210,431
118000161,487,187,300
118000162,1806,417,1389
118000163,714,807,-93
118000164,1801,1039,762
118000168,363,896,-533
118000169,825,694,131
118000170,1952,1402,550
118000171,328,287,41
118000172,54,82,-28
118000173,788,1087,-299
118000175,220,158,62
118000176,460,145,315
118000177,357,301,56
118000178,22,24,-2
118000179,366,399,-33
118000180,425,240,185
118000181,387,51,336
118000182,284,51,233
118000183,165,91,74
118000184,1363,248,1115
118000185,303,1569,-1266
118000186,237,1108,-871
118000187,2475,208,2267
118000188,1299,54,1245
118000189,1471,129,1342
118000190,14,4,10
118000191,30,5,25
118000192,7,71,-64
118000193,7,145,-138
118000194,1523,672,851
118000195,230,2960,-2730
118000196,36,646,-610
118000197,66,480,-414
118000198,207,1666,-1459
118000199,175,1797,-1622
118000200,37,676,-639
118000201,57,1073,-1016
118000202,9,866,-857
118000203,218,1585,-1367
118000204,38,592,-554
118000205,52,299,-247
118000206,110,193,-83
118000207,0,75,-75
118000208,1568,843,725
118000209,2594,315,2279
118000210,325,8,317
118000211,195,20,175
118000213,360,3403,-3043
118000214,187,705,-518
118000215,344,76,268
118000216,10157,1823,8334
118000217,22,15,7
118000218,80,14,66
118000219,180,185,-5
118000220,67,22,45
118000221,943,857,86
118000222,82,10,72
118000223,114,26,88
118000224,51,49,2
118000225,194,434,-240
118000226,1864,123,1741
118000227,467,431,36
118000228,33,184,-151
118000229,43,647,-604
118000230,102,110,-8
118000231,5,136,-131
118000232,900,164,736
118000233,1348,295,1053
118000234,418,54,364
118000236,258,217,41
118000237,151,130,21
118000238,267,42,225
118000239,317,274,43
118000240,67,81,-14
118000241,213,43,170
118000242,685,62,623
118000243,245,107,138
118000244,83,20,63
118000246,10,53,-43
118000255,63,163,-100
118000256,204,109,95
118000259,11,61,-50
118000260,220,15,205
118000261,52,2,50
118000263,95,139,-44
118000266,151,68,83
118000267,1,213,-212
118000268,346,2,344
118000270,178,3,175
118000271,275,95,180
118000272,45,16,29
118000273,344,24,320
118000274,70,74,-4
118000276,360,39,321
118000295,35,65,-30
118000298,82,55,27
118000299,78,40,38
118000301,0,66,-66
118000302,45,11,34
118000311,1737,63,1674
118000312,357,53,304
118000313,85,21,64
118000314,135,19,116
118000315,28,7,21
118000316,1005,231,774
118000325,87,7,80
118000326,31,31,0
118000331,76,1,75
118000332,47,2,45
118000333,26,5,21
118000335,1118,1,1117
118000336,0,96,-96
118000407,314,10,304
118000457,1,75,-74
118000465,291,1786,-1495
118000480,50,17,33
118000489,1,566,-565
118000490,5,148,-143
118000492,956,100,856
118000510,22,2,20
118000514,38,256,-218
118000515,454,1871,-1417
118000517,276,176,100
118000524,227,300,-73
118000525,244,400,-156
118000530,11,117,-106
118000531,450,139,311
118000532,218,101,117
118000533,141,64,77
118000534,609,121,488
118000535,324,40,284
118000536,46,267,-221
118000537,17,111,-94
118000538,54,119,-65
118000539,14,321,-307
118000540,180,85,95
118000541,85,67,18
118000542,97,145,-48
118000543,390,282,108
118000546,58,46,12
118000553,0,0,0
118000560,498,2091,-1593
118000562,94,20,74
118000563,918,390,528
118000576,199,34,165
118000577,270,122,148
118000578,203,24,179
118000579,355,1816,-1461
118000583,0,0,0
118000595,278,20,258
118000596,0,215,-215
118000597,323,49,274
118000598,7,0,7
118000599,292,28,264
118000600,0,3,-3
118000601,5,0,5
118000602,0,10,-10
118000603,0,5,-5
118000605,132,76,56
118000606,31,9,22
118000607,407,84,323
118900001,362,1099,-737
118900002,553,752,-199
118900003,697,2,695
118900004,99,7,92
118900005,103,6,97
118900006,108,0,108
118900007,0,2,-2
118900008,674,21,653
118900009,125,128,-3
118900010,32,14,18
118900011,162,12,150
118900012,143,129,14
118900013,1111,824,287
118900015,477,20,457
118900016,1,2,-1
118900017,8,282,-274
118900018,716,47,669
118900019,1,2,-1
118900020,2,44,-42
118900021,51,353,-302
118900022,62,17,45
118900023,36,89,-53
118900024,61,70,-9
118900025,31,72,-41
118900026,11,12,-1
118900027,188,131,57
118900028,214,93,121
118900029,142,252,-110
118900030,1149,37,1112
118900031,77,30,47
118900032,171,62,109
118900033,269,590,-321
118900034,328,15,313
118900035,128,55,73
118900036,1205,153,1052
118900037,362,605,-243
118900038,509,28,481
118900039,1101,43,1058
118900040,116,61,55
118900041,963,67,896
118900042,180,16,164
118900045,116,112,4
118900046,229,236,-7
118900047,249,504,-255
118900048,39,236,-197
118900049,3,10,-7
118900050,129,6,123
118900051,81,105,-24
118900052,225,183,42
118900053,3,22,-19
118900054,182,26,156
118900055,186,21,165
118900056,45,143,-98
118900057,579,257,322
118900058,659,400,259
118900059,18,56,-38
118900062,171,63,108
118900064,88,559,-471
118900065,39,112,-73
118900066,145,43,102
118900067,2248,4591,-2343
118900068,8,598,-590
118900069,653,97,556
118900071,6,6,0
118900072,504,784,-280
118900073,403,39,364
118900074,98,35,63
118900075,385,10,375
118900076,180,59,121
118900077,457,87,370
118900078,1,0,1
118900079,14,52,-38
118900080,151,35,116
118900081,45,30,15
118900082,2133,154,1979
118900083,2,0,2
118900084,22,7,15
118900085,187,102,85
118900086,15,65,-50
118900087,88,1023,-935
118900088,0,0,0
118900089,2,9,-7
118900090,146,37,109
118900091,119,184,-65
118900092,279,28,251
118900093,50,1,49
118900096,13,52,-39
118900097,288,171,117
118900099,33,29,4
118900100,43,73,-30
118900101,151,83,68
118900102,29,32,-3
118900103,6,43,-37
118900104,262,74,188
118900105,61,20,41
118900107,36,13,23
118900108,9,64,-55
118900110,616,1099,-483
118900111,662,181,481
118900112,225,182,43
118900113,371,91,280
118900114,2,32,-30
118900115,38,237,-199
118900116,67,38,29
118900117,125,31,94
118900118,384,113,271
118900119,418,69,349
118900120,35,198,-163
118900121,1,55,-54
118900122,1,720,-719
118900123,122,126,-4
118900124,103,103,0
118900126,30,126,-96
118900129,282,63,219
118900130,10,30,-20
118900131,489,122,367
118900132,354,113,241
118900133,4,146,-142
118900135,267,91,176
118900136,257,77,180
118900137,1,76,-75
118900139,614,67,547
118900140,651,187,464
118900141,144,170,-26
118900144,221,111,110
118900145,13,90,-77
118900146,565,245,320
118900147,96,336,-240
118900148,51,12,39
118900150,338,567,-229
118900152,335,216,119
118900157,27,164,-137
118900158,314,18,296
118900159,0,83,-83
118900161,59,16,43
118900163,15,9,6
118900164,0,21,-21
118900165,57,71,-14
118900166,1,1,0
118900167,33,28,5
118900168,65,139,-74
118900169,184,124,60
118900170,417,40,377
118900171,55,6,49
118900174,19,15,4
118900175,445,151,294
118900176,114,73,41
118900177,111,4,107
118900178,83,24,59
118900179,99,5,94
118900182,12,11,1
118900183,57,65,-8
118900184,129,17,112
118900185,417,32,385
118900186,63,48,15
118900187,73,353,-280
118900188,217,141,76
118900189,26,531,-505
118900190,49,54,-5
118900191,533,47,486
118900192,761,7,754
118900193,1835,4,1831
118900195,131,233,-102
118900196,11,34,-23
118900197,564,11,553
118900198,37,1,36
118900199,65,14,51
118900200,42,21,21
118900201,40,37,3
118900202,0,37,-37
118900203,52,4,48
118900204,13,11,2
118900205,0,1,-1
118900206,0,1,-1
119000001,1288,972,316
119000002,2586,1797,789
119000003,4841,613,4228
119000004,3507,1812,1695
119000005,2143,2101,42
119000006,6274,1907,4367
119000007,3870,3263,607
119000008,1457,1344,113
119000009,1939,6343,-4404
119000010,3182,4045,-863
119000011,1357,1539,-182
119000012,766,2652,-1886
119000013,2784,1296,1488
119000014,1600,1942,-342
119000019,282,87,195
119000020,2722,1218,1504
119000021,4884,3166,1718
119000022,665,3505,-2840
119000023,116,303,-187
119000024,1206,20644,-19438
119000025,2531,980,1551
119000026,20,265,-245
119000027,108,290,-182
119000028,1280,385,895
119000029,13,83,-70
119000030,529,464,65
119000031,1375,440,935
119000032,770,953,-183
119000033,1760,709,1051
119000034,1568,364,1204
119000035,17,75,-58
119000036,3124,192,2932
119000037,1839,353,1486
119000038,379,187,192
119000039,729,449,280
119000040,669,983,-314
119000041,837,1865,-1028
119000048,1521,656,865
119000049,2758,785,1973
119000050,698,1064,-366
119000051,2383,786,1597
119000052,1919,1377,542
119000053,2177,631,1546
119000054,3012,548,2464
119000055,5824,741,5083
119000056,4086,847,3239
119000057,1603,296,1307
119000058,1058,424,634
119000059,581,450,131
119000060,2076,339,1737
119000061,765,221,544
119000062,743,414,329
119000063,703,617,86
119000064,474,478,-4
119000065,763,1473,-710
119000066,1692,1075,617
119000067,1162,534,628
119000068,2052,373,1679
119000069,1652,591,1061
119000070,4326,246,4080
119000071,308,187,121
119000072,2338,1634,704
119000073,4455,9063,-4608
119000074,1485,657,828
119000075,5311,1539,3772
119000076,208,127,81
119000077,633,86,547
119000078,567,164,403
119000079,767,143,624
119000080,860,132,728
119000081,400,153,247
119000082,1063,96,967
119000083,686,575,111
119000084,460,156,304
119000085,423,58,365
119000086,261,1212,-951
119000087,557,108,449
119000088,258,63,195
119000089,138,186,-48
119000090,55,30,25
119000091,94,229,-135
119000092,106,118,-12
119000093,2257,1192,1065
119000094,4882,3920,962
119000095,2854,1998,856
119000097,826,393,433
119000098,1103,5402,-4299
119000099,1159,456,703
119000100,4218,2203,2015
119000101,3320,1118,2202
119000102,298,1518,-1220
119000103,673,412,261
119000104,768,340,428
119000105,695,2856,-2161
119000106,420,253,167
119000107,1986,554,1432
119000108,683,221,462
119000109,144,125,19
119000110,188,36,152
119000111,56,383,-327
119000112,58,26,32
119000113,500,71,429
119000114,808,1245,-437
119000115,44,121,-77
119000116,87,46,41
119000117,31,206,-175
119000118,7,0,7
119000123,1626,1973,-347
119000124,1499,102,1397
119000125,5569,251,5318
119000126,2775,360,2415
119000127,1033,192,841
119000128,38,0,38
119000131,923,112,811
119000132,1,0,1
119000133,3,3,0
119000134,599,504,95
119000135,242,116,126
119000136,348,28,320
119000137,506,87,419
119000138,971,42,929
119000139,119,25,94
119000140,133,240,-107
119000284,740,1027,-287
119000285,994,565,429
119000286,1946,1639,307
119000287,1044,933,111
119000288,1772,453,1319
119000289,977,1563,-586
119000290,184,210,-26
119000291,40,265,-225
119000293,89,236,-147
119000294,37,28,9
119000295,1674,177,1497
119000296,341,81,260
119000302,853,830,23
119000303,6,147,-141
119000314,1228,12483,-11255
119000315,22,52,-30
119000316,280,32,248
119000317,158,68,90
119000319,1624,118,1506
119900001,54,1597,-1543
119900002,250,100,150
119900003,1,96,-95
119900004,104,2728,-2624
119900005,322,22,300
119900006,27,287,-260
119900007,363,151,212
119900008,1,59,-58
119900009,363,112,251
119900010,528,172,356
119900011,37,321,-284
119900012,5,157,-152
119900013,844,688,156
119900014,379,45,334
119900015,348,44,304
119900016,38,35,3
119900017,23,32,-9
119900018,432,1701,-1269
119900019,45,3,42
119900020,30,46,-16
119900021,118,16,102
119900022,37,1076,-1039
119900023,237,2847,-2610
119900025,492,13,479
119900026,320,29,291
119900027,0,12,-12
119900028,195,260,-65
119900029,2,0,2
119900030,429,122,307
119900031,64,747,-683
119900033,732,150,582
119900034,964,9,955
119900037,286,6,280
119900038,5,331,-326
119900039,62,2,60
119900040,60,20,40
119900041,225,5,220
119900042,41,66,-25
119900043,119,35,84
119900044,79,622,-543
119900046,334,8,326
119900047,309,240,69
119900049,147,1,146
119900050,40,66,-26
119900051,1850,5,1845
119900052,171,11,160
119900053,306,45,261
119900054,419,8,411
119900055,1037,95,942
119900057,527,10,517
119900058,432,9,423
119900059,38,8,30
119900060,433,16,417
119900061,855,3,852
119900062,223,6,217
119900063,4,74,-70
119900065,262,1,261
119900067,96,8,88
119900068,816,2,814
119900069,126,1,125
119900070,897,1,896
119900071,1051,23,1028
119900073,706,34,672
119900074,18,51,-33
119900075,733,1159,-426
119900076,146,13,133
119900077,1112,163,949
119900078,675,105,570
119900079,882,17,865
119900080,304,160,144
119900081,1622,5,1617
119900082,1744,103,1641
119900083,411,42,369
119900084,437,89,348
119900085,13,21,-8
119900086,332,223,109
119900087,153,278,-125
119900088,15,2,13
119900089,16,35,-19
119900090,37,6,31
119900091,45,174,-129
119900092,0,158,-158
119900093,1033,79,954
119900094,3,146,-143
119900095,109,17,92
119900096,29,33,-4
119900097,47,234,-187
119900098,14,16,-2
119900099,10,24,-14
119900100,303,1973,-1670
119900101,55,313,-258
119900102,30,53,-23
119900103,30,21,9
119900104,10,13,-3
119900105,241,419,-178
119900106,0,36,-36
119900107,55,444,-389
119900108,1652,246,1406
119900109,12,52,-40
119900110,450,224,226
119900111,325,80,245
119900112,286,895,-609
119900113,16,156,-140
119900114,207,199,8
119900115,581,150,431
119900116,53,270,-217
119900117,246,96,150
119900118,129,120,9
119900119,223,70,153
119900120,262,87,175
119900121,729,167,562
119900122,26,49,-23
119900123,61,86,-25
119900124,281,115,166
119900125,0,56,-56
119900126,753,128,625
119900127,328,110,218
119900128,483,230,253
119900129,318,95,223
119900130,5,27,-22
119900131,42,33,9
119900132,62,43,19
119900133,175,33,142
119900134,242,47,195
119900135,0,104,-104
119900136,20,94,-74
119900138,78,92,-14
119900139,7,136,-129
119900140,0,30,-30
119900141,3,779,-776
119900142,0,15,-15
119900143,5,64,-59
119900144,484,97,387
119900145,44,12,32
119900146,182,41,141
119900147,0,91,-91
119900148,387,14,373
119900149,218,6702,-6484
119900150,61,42,19
119900151,996,547,449
119900152,123,60,63
119900153,242,9,233
119900154,56,202,-146
119900155,24,27,-3
119900156,1,2,-1
119900157,169,39,130
119900158,150,32,118
119900159,15,114,-99
119900160,16,50,-34
119900161,79,27,52
119900162,1339,323,1016
119900163,59,43,16
119900164,0,1,-1
119900165,148,20,128
119900166,50,14,36
119900167,1,16,-15
119900168,1777,140,1637
119900169,9,112,-103
119900170,108,128,-20
119900171,470,156,314
119900172,13,7,6
119900173,0,45,-45
119900174,4,37,-33
119900175,2450,223,2227
119900177,5,26,-21
119900178,0,45,-45
119900179,226,1144,-918
119900180,1398,444,954
119900181,4,19,-15
119900182,1,58,-57
119900183,35,240,-205
119900184,326,195,131
119900185,16,303,-287
119900186,5,1520,-1515
119900187,1,96,-95
119900188,116,130,-14
119900189,33,162,-129
119900190,30,244,-214
119900191,74,310,-236
119900192,28,56,-28
119900193,835,67,768
119900194,20,17,3
119900195,2,95,-93
119900196,94,56,38
119900197,321,60,261
119900198,89,95,-6
119900199,116,3,113
119900200,640,264,376
119900201,77,49,28
119900202,9,186,-177
119900203,102,528,-426
119900204,188,171,17
119900205,1385,85,1300
119900206,413,66,347
119900208,135,54,81
119900209,393,1663,-1270
119900210,52,8,44
119900211,4,1,3
119900212,1009,226,783
119900213,1,41,-40
119900214,86,5,81
119900215,42,8,34
119900216,25,12,13
119900217,12,3,9
119900218,3,34,-31
119900219,3,11,-8
119900220,3,2,1
119900221,19,25,-6
119900222,5,52,-47
119900223,5,33,-28
119900224,4,1,3
119900225,103,18,85
119900226,69,1507,-1438
119900227,94,46,48
119900228,3,341,-338
119900229,35,100,-65
119900230,400,110,290
119900231,376,52,324
119900232,70,29,41
119900233,44,2,42
119900234,3,50,-47
119900235,0,16,-16
119900236,14,78,-64
119900237,28,224,-196
119900238,1,11,-10
119900240,33,14,19
119900241,56,45,11
119900242,1117,938,179
119900244,348,672,-324
119900245,154,99,55
119900246,44,240,-196
119900247,4,9,-5
119900248,32,642,-610
119900249,346,39,307
119900253,721,227,494
119900254,47,1383,-1336
119900255,95,243,-148
119900256,1304,225,1079
119900257,89,1,88
119900258,200,3,197
119900259,22,25,-3
119900260,197,12,185
119900261,500,60,440
119900262,0,49,-49
119900263,964,50,914
119900264,118,16,102
119900265,546,144,402
119900266,481,45,436
119900267,51,132,-81
119900268,254,38,216
119900269,805,248,557
119900271,9,41,-32
119900272,54,78,-24
119900275,146,28,118
119900276,178,0,178
119900277,18,3,15
119900278,174,25,149
119900279,62,308,-246
119900280,272,7,265
119900281,0,256,-256
119900282,8,64,-56
119900283,17,49,-32
119900284,49,71,-22
119900285,3,70,-67
119900286,0,7,-7
119900288,0,4,-4
119900289,0,2,-2
119900290,3,1,2
119900291,0,8,-8
119900292,8,47,-39
119900293,11,7,4
119900294,9,35,-26
119900295,15,5,10
119900296,38,3,35
119900297,2,1,1
119900298,0,0,0
119900299,50,68,-18
119900300,400,103,297
119900301,41,179,-138
119900302,10,68,-58
119900303,525,79,446
119900304,266,4,262
119900305,0,29,-29
119900306,15,2,13
119900307,52,11,41
119900308,2,19,-17
119900309,12,182,-170
119900310,91,68,23
119900311,143,13,130
119900312,120,3,117
119900313,188,88,100
119900314,181,275,-94
119900315,2986,497,2489
119900318,14,78,-64
119900319,2,22,-20
119900320,309,50,259
119900321,335,40,295
120000001,5606,28713,-23107
120000002,1915,1583,332
120000003,1370,479,891
120000004,2060,632,1428
120000005,1815,637,1178
120000006,1297,486,811
120000007,2211,4031,-1820
120000008,1096,460,636
120000009,901,682,219
120000010,2122,1550,572
120000011,1052,655,397
120000012,1544,778,766
120000013,3819,2029,1790
120000014,1067,859,208
120000015,2577,993,1584
120000016,3362,1342,2020
120000017,3393,4071,-678
120000018,1826,18250,-16424
120000019,1084,807,277
120000020,1530,1827,-297
120000021,1023,654,369
120000022,1701,2112,-411
120000023,1214,929,285
120000024,717,906,-189
120000025,2407,747,1660
120000026,4023,819,3204
120000027,1902,1282,620
120000028,376,703,-327
120000029,689,520,169
120000030,216,671,-455
120000031,1368,3559,-2191
120000032,2701,1166,1535
120000033,3915,583,3332
120000034,4671,514,4157
120000035,3371,604,2767
120000036,2708,3711,-1003
120000037,395,1827,-1432
120000038,1547,1504,43
120000039,343,920,-577
120000040,71,1884,-1813
120000041,384,616,-232
120000042,2705,772,1933
120000043,5705,468,5237
120000044,7945,895,7050
120000045,9163,415,8748
120000046,6607,4277,2330
120000047,402,11047,-10645
120000048,4810,2093,2717
120000049,4644,1899,2745
120000050,3301,2893,408
120000051,1284,3712,-2428
120000052,3326,623,2703
120000053,944,903,41
120000054,675,1364,-689
120000055,977,1503,-526
120000056,2812,1467,1345
120000057,3431,689,2742
120000058,1176,600,576
120000059,7,1665,-1658
120000061,167,399,-232
120000062,144,62,82
120000063,264,1336,-1072
120000064,337,324,13
120000065,343,417,-74
120000066,109,105,4
120000067,8,94,-86
120000068,320,120,200
120000069,933,173,760
120000070,189,300,-111
120000071,1284,56,1228
120000072,1341,266,1075
120000073,1424,15,1409
120000074,42,50,-8
120000075,886,124,762
120000076,3367,197,3170
120000077,3136,288,2848
120000078,2199,428,1771
120000079,666,195,471
120000080,216,131,85
120000081,540,56,484
120000082,706,143,563
120000083,86,761,-675
120000084,144,98,46
120000085,144,99,45
120000086,194,115,79
120000087,229,132,97
120000088,515,431,84
120000089,801,193,608
120000090,761,205,556
120000091,1218,394,824
120000092,830,144,686
120000093,1385,246,1139
120000094,348,398,-50
120000095,749,97,652
120000096,430,166,264
120000098,749,363,386
120000099,390,223,167
120000100,672,242,430
120000101,702,140,562
120000102,994,885,109
120000103,1697,617,1080
120000104,3273,176,3097
120000105,3387,119,3268
120000106,5015,105,4910
120000107,8314,213,8101
120000108,2908,78,2830
120000109,1423,35,1388
120000110,12,279,-267
120000111,130,289,-159
120000112,245,525,-280
120000113,211,724,-513
120000114,203,548,-345
120000115,204,463,-259
120000116,193,563,-370
120000117,311,507,-196
120000118,51,35,16
120000119,10,13,-3
120000120,242,230,12
120000121,5,8,-3
120000122,126,1037,-911
120000123,1450,10349,-8899
120000124,354,292,62
120000125,1212,319,893
120000126,545,1038,-493
120000127,634,536,98
120000128,2062,1841,221
120000129,203,76,127
120000130,689,206,483
120000131,520,326,194
120000134,128,124,4
120000135,1284,443,841
120000137,238,135,103
120000138,2799,102,2697
120000139,381,202,179
120000140,2351,91,2260
120000141,322,204,118
120000142,957,269,688
120000143,0,6,-6
120000144,82,19,63
120000145,774,0,774
120000146,586,995,-409
120000149,347,274,73
120000150,1036,11283,-10247
120000151,757,158,599
120000152,1552,58,1494
120000153,1011,252,759
120000154,1016,666,350
120000155,443,330,113
120000156,388,1989,-1601
120000157,1901,301,1600
120000158,1372,225,1147
120000159,1785,799,986
120000160,1329,997,332
120000161,4573,2078,2495
120000162,107,216,-109
120000163,801,235,566
120000164,891,95,796
120000165,1785,156,1629
120000166,2464,217,2247
120000167,48,115,-67
120000168,3,336,-333
120000169,5,1025,-1020
120000170,12,873,-861
120000171,3,179,-176
120000172,4,187,-183
120000173,66,233,-167
120000174,25,90,-65
120000175,24,16,8
120000176,5,17,-12
120000177,276,57,219
120000178,5,2,3
120000179,22,30,-8
120000180,6,28,-22
120000181,5,282,-277
120000182,6,399,-393
120000183,3,87,-84
120000184,57,385,-328
120000186,3,244,-241
120000187,11,286,-275
120000188,11,163,-152
120000190,20,21,-1
120000191,59,25,34
120000192,54,11,43
120000193,26,0,26
120000195,19,2,17
120000196,21,2,19
120000197,2,4,-2
120000198,399,16,383
120000199,286,0,286
120000200,475,0,475
120000201,34,53,-19
120000202,0,27,-27
120000203,172,66,106
120000207,2,4,-2
120000208,11,8,3
120000209,5,3,2
120000210,11,4,7
120000211,715,9,706
120000212,635,1,634
120000213,408,16,392
120000214,0,39,-39
120000215,1,16,-15
120000216,643,27,616
120000217,100,419,-319
120000218,7,405,-398
120000219,0,201,-201
120000220,2,445,-443
120000225,3433,3,3430
120000226,608,6,602
120000227,1047,143,904
120000228,6097,4457,1640
120000230,571,29,542
120000231,2376,363,2013
120000233,966,29,937
120000235,551,163,388
120000236,2230,1,2229
120000237,0,290,-290
120000238,0,271,-271
120000241,1161,5027,-3866
120000412,144,2,142
120000413,745,111,634
120000414,293,5,288
120000415,2,43,-41
120000416,270,19,251
120000417,24,74,-50
120000418,498,8,490
120000419,12,18,-6
120000420,14,6,8
120000421,5479,3017,2462
120000422,68,3957,-3889
120000423,11,121,-110
120000424,622,32,590
120000436,57,1671,-1614
120000437,28,35,-7
120000438,984,192,792
120000439,195,747,-552
120000443,139,1,138
120000444,2454,290,2164
120000445,2339,854,1485
120000446,692,75,617
120000447,791,1,790
120000449,286,26,260
120000450,16,37,-21
120000451,264,51,213
120000452,139,0,139
120000453,0,8,-8
120000454,22,54,-32
120000455,210,23,187
120000456,789,4755,-3966
120000457,169,157,12
120000458,223,231,-8
120000459,235,47,188
120000665,39,282,-243
120000668,46,821,-775
120000669,555,44,511
120000670,19,197,-178
120000671,2643,1008,1635
120000672,78,248,-170
120900001,82,41,41
120900002,81,232,-151
120900003,160,2,158
120900004,21,161,-140
120900005,46,304,-258
120900006,1077,127,950
120900007,151,18,133
120900008,589,147,442
120900009,201,16,185
120900010,1062,109,953
120900011,6,117,-111
120900012,16,1089,-1073
120900013,434,71,363
120900014,0,66,-66
120900015,1351,37,1314
120900016,2704,27,2677
120900017,698,12,686
120900018,472,53,419
120900019,451,300,151
120900020,256,334,-78
120900021,515,67,448
120900022,2,70,-68
120900023,585,137,448
120900024,935,238,697
120900025,686,263,423
120900026,64,13,51
120900027,284,6,278
120900028,744,237,507
120900029,8,1034,-1026
120900030,2755,232,2523
120900031,354,74,280
120900032,2370,62,2308
120900033,1940,83,1857
120900034,8,3294,-3286
120900035,25,27,-2
120900037,683,7,676
120900038,93,538,-445
120900039,181,25,156
120900040,658,15,643
120900041,24,19,5
120900042,881,23,858
120900043,167,44,123
120900044,1,368,-367
120900045,147,12,135
120900046,1405,4,1401
120900047,243,228,15
120900048,314,27,287
120900049,1070,6,1064
120900050,441,3709,-3268
120900051,614,35,579
120900052,1903,1,1902
120900053,409,7,402
120900054,449,98,351
120900055,1382,1,1381
120900056,1039,30,1009
120900057,507,14,493
120900058,1184,1,1183
120900059,314,4,310
120900060,91,4,87
120900061,111,29,82
120900062,625,2,623
120900063,1457,23,1434
120900064,1153,0,1153
120900065,983,0,983
120900066,848,65,783
120900067,320,124,196
120900068,852,1,851
120900069,766,6,760
120900071,23,1,22
120900072,1551,4,1547
120900073,1350,14,1336
120900074,837,9,828
120900076,852,0,852
120900077,561,91,470
120900078,1076,157,919
120900079,907,29,878
120900080,2086,184,1902
120900081,3748,262,3486
120900082,278,311,-33
120900083,121,0,121
120900084,476,426,50
120900085,18,67,-49
120900086,37,740,-703
120900087,484,196,288
120900088,183,710,-527
120900089,799,5376,-4577
120900090,416,166,250
120900091,154,653,-499
120900092,68,117,-49
120900093,530,32,498
120900094,99,65,34
120900095,233,5,228
120900096,91,78,13
120900097,302,254,48
120900098,36,68,-32
120900099,15,43,-28
120900100,41,42,-1
120900101,9,53,-44
120900102,81,6,75
120900103,72,107,-35
120900104,2,3,-1
120900105,11,124,-113
120900106,137,80,57
120900107,69,52,17
120900108,26,100,-74
120900109,32,111,-79
120900110,13,110,-97
120900111,145,91,54
120900112,16,134,-118
120900113,11,129,-118
120900114,29,99,-70
120900115,141,124,17
120900116,1156,89,1067
120900117,1,77,-76
120900118,6,71,-65
120900119,3174,1274,1900
120900120,66,128,-62
120900121,22,106,-84
120900122,1550,131,1419
120900123,1,33,-32
120900124,6,88,-82
120900125,1,105,-104
120900126,86,261,-175
120900127,1,50,-49
120900128,156,421,-265
120900129,0,92,-92
120900130,20,55,-35
120900131,43,26,17
120900132,1559,50,1509
120900133,15,364,-349
120900134,41,126,-85
120900135,2,245,-243
120900136,8,41,-33
120900137,465,6,459
120900138,1,97,-96
120900139,2,199,-197
120900140,0,96,-96
120900141,140,92,48
120900142,0,80,-80
120900143,0,167,-167
120900144,0,17,-17
120900145,146,461,-315
120900146,42,81,-39
120900147,316,19,297
120900148,109,58,51
120900149,0,81,-81
120900150,128,57,71
120900151,328,75,253
120900152,668,30,638
120900153,0,0,0
120900154,5,39,-34
120900155,396,146,250
120900156,1042,128,914
120900157,0,0,0
120900158,77,236,-159
120900159,0,16,-16
120900160,21,434,-413
120900161,6,132,-126
120900162,8,107,-99
120900163,14,149,-135
120900164,0,17,-17
120900165,0,47,-47
120900166,64,446,-382
120900167,67,18,49
120900169,102,43,59
120900170,92,5068,-4976
120900171,222,39,183
120900172,19,484,-465
120900173,16,9,7
120900174,1,43,-42
120900175,66,18,48
120900176,6,267,-261
120900177,2,2227,-2225
120900178,0,185,-185
120900179,32,109,-77
120900180,43,108,-65
120900181,6,4,2
120900182,37,34,3
120900183,453,282,171
120900184,30,42,-12
120900185,123,848,-725
120900186,0,77,-77
120900187,689,430,259
120900188,525,2,523
120900189,9,4385,-4376
120900190,364,15,349
120900191,184,4,180
120900192,3376,17122,-13746
120900194,85,26,59
120900195,110,69,41
120900196,227,32,195
120900197,851,36,815
120900198,29,191,-162
120900199,224,214,10
120900200,22,49,-27
120900201,139,39,100
120900202,0,52,-52
120900203,29,36,-7
120900204,19,56,-37
120900205,15,2,13
120900206,77,42,35
120900207,9,356,-347
121000001,687,1202,-515
121000002,1695,1647,48
121000003,4487,1754,2733
121000004,1588,2790,-1202
121000005,2215,2286,-71
121000006,1826,2232,-406
121000007,2472,3365,-893
121000008,3264,3704,-440
121000009,3739,5779,-2040
121000010,4145,4115,30
121000011,3805,3654,151
121000012,7254,2599,4655
121000013,4283,3450,833
121000014,3271,2162,1109
121000015,2837,4798,-1961
121000016,2642,3059,-417
121000017,1585,1146,439
121000018,2001,1294,707
121000019,5512,5632,-120
121000020,6057,9887,-3830
121000021,1128,1242,-114
121000022,2089,1902,187
121000023,1754,555,1199
121000024,3702,3217,485
121000025,189,1444,-1255
121000026,130,108,22
121000027,1099,851,248
121000028,603,499,104
121000029,969,411,558
121000030,438,358,80
121000031,279,437,-158
121000032,162,42,120
121000034,213,589,-376
121000035,116,158,-42
121000036,847,855,-8
121000037,502,889,-387
121000038,274,836,-562
121000039,107,314,-207
121000041,239,270,-31
121000042,184,286,-102
121000043,324,351,-27
121000044,1385,874,511
121000045,343,140,203
121000046,729,415,314
121000047,436,204,232
121000049,751,384,367
121000050,198,1135,-937
121000051,515,238,277
121000052,365,815,-450
121000053,279,175,104
121000054,23,281,-258
121000055,544,1696,-1152
121000056,686,1071,-385
121000057,95,209,-114
121000058,175,117,58
121000059,2754,706,2048
121000060,446,955,-509
121000061,9,330,-321
121000062,46,510,-464
121000063,817,819,-2
121000064,499,556,-57
121000065,166,382,-216
121000066,535,477,58
121000067,215,676,-461
121000068,271,262,9
121000069,90,1228,-1138
121000070,724,744,-20
121000071,1572,1177,395
121000072,262,690,-428
121000073,794,1027,-233
121000074,57,293,-236
121000075,5,31,-26
121000076,335,221,114
121000077,89,122,-33
121000078,40,88,-48
121000080,1086,344,742
121000081,1937,3021,-1084
121000082,80,209,-129
121000083,43,58,-15
121000084,169,304,-135
121000085,133,362,-229
121000086,732,523,209
121000087,43,161,-118
121000088,597,720,-123
121000089,124,341,-217
121000090,200,141,59
121000091,1062,536,526
121000092,128,27,101
121000093,289,113,176
121000094,279,603,-324
121000095,104,477,-373
121000096,4720,952,3768
121000097,374,1121,-747
121000098,435,283,152
121000099,627,295,332
121000100,1079,122,957
121000101,334,90,244
121000102,318,130,188
121000103,128,202,-74
121000104,356,64,292
121000105,301,17,284
121000106,88,147,-59
121000107,1230,1451,-221
121000109,680,549,131
121000110,105,455,-350
121000114,2153,1219,934
121000115,1396,378,1018
121000116,271,412,-141
121000117,116,262,-146
121000118,1280,160,1120
121000119,262,201,61
121000120,508,452,56
121000121,465,1013,-548
121000123,431,235,196
121000127,120,88,32
121000128,1380,52,1328
121000129,1364,89,1275
121000130,258,833,-575
121000131,1324,628,696
121000132,222,528,-306
121000135,74,124,-50
121000136,570,1289,-719
121000137,387,301,86
121000138,317,2039,-1722
121000139,146,650,-504
121000141,255,133,122
121000142,480,492,-12
121000143,60,21,39
121000144,344,496,-152
121000145,516,495,21
121000146,902,689,213
121000147,1362,438,924
121000148,673,431,242
121000149,2253,1611,642
121000152,207,196,11
121000153,802,260,542
121000154,1142,371,771
121000155,1725,587,1138
121000156,273,632,-359
121000157,338,660,-322
121000158,164,102,62
121000159,143,263,-120
121000160,235,146,89
121000161,165,227,-62
121000162,205,51,154
121000165,682,1409,-727
121000166,60,266,-206
121000168,503,139,364
121000169,85,56,29
121000170,391,77,314
121000171,54,86,-32
121000172,923,802,121
121000173,1042,991,51
121000174,638,432,206
121000175,1460,236,1224
121000176,317,204,113
121000177,570,446,124
121000178,53,66,-13
121000179,24,45,-21
121000181,248,336,-88
121000182,160,435,-275
121000183,32,135,-103
121000184,1,183,-182
121000185,38,319,-281
121000186,174,574,-400
121000187,243,76,167
121000188,267,20,247
121000192,633,215,418
121000193,623,96,527
121000194,1485,1291,194
121000195,214,1101,-887
121000196,363,310,53
121000197,63,917,-854
121000198,148,171,-23
121000199,191,508,-317
121000200,702,206,496
121000201,2,122,-120
121000202,655,89,566
121000203,550,834,-284
121000204,2773,359,2414
121000205,101,111,-10
121000206,77,53,24
121000207,1945,759,1186
121000208,5,187,-182
121000209,1025,54,971
121000210,664,344,320
121000211,529,50,479
121000212,380,444,-64
121000213,12548,2704,9844
121000214,1004,1748,-744
121000215,495,1257,-762
121000216,342,495,-153
121000217,3154,3633,-479
121000218,565,1461,-896
121000219,1156,667,489
121000220,232,66,166
121000221,615,452,163
121000222,5575,2410,3165
121000223,180,496,-316
121000224,127,390,-263
121000225,274,8007,-7733
121000226,865,2410,-1545
121000227,31,84,-53
121000228,17,380,-363
121000229,538,260,278
121000230,67,2803,-2736
121000231,1955,23,1932
121000232,286,229,57
121000233,729,342,387
121000234,2,13,-11
121000235,27,109,-82
121000236,1,6,-5
121000237,20,28,-8
121000238,0,25,-25
121000239,86,12,74
121000240,8,84,-76
121000241,81,3,78
121000242,6,109,-103
121000243,156,32,124
121000244,0,12,-12
121000245,8,0,8
121000246,1,29,-28
121000247,109,1,108
121000248,276,139,137
121000249,84,182,-98
121000250,630,715,-85
121000251,1,232,-231
121000252,141,76,65
121000253,418,701,-283
121000254,1240,394,846
121000255,87,544,-457
121000256,267,476,-209
121000257,15,205,-190
121000258,34,151,-117
121000259,18,120,-102
121000260,6,115,-109
121000261,35,176,-141
121000262,1455,245,1210
121000263,443,439,4
121000271,731,1348,-617
121000273,45,10,35
121000274,11,283,-272
121000275,15,9,6
121000276,1,94,-93
121000278,116,99,17
121000289,493,7,486
121000290,883,1011,-128
121000294,330,43,287
121000297,123,942,-819
121000299,73,3362,-3289
121000300,1263,821,442
121000302,9,367,-358
121000303,740,88,652
121000304,457,31,426
121000305,336,87,249
121000306,164,127,37
121000308,60,83,-23
121000309,137,141,-4
121000310,133,109,24
121000311,64,112,-48
121000312,372,262,110
121000313,137,113,24
121000314,3,17,-14
121000315,4,32,-28
121000530,1995,1256,739
121000531,1649,991,658
121000532,3356,3943,-587
121000533,2699,1901,798
121000918,10,81,-71
121000919,29,93,-64
121000938,102,117,-15
121000939,23,189,-166
121000956,1935,1602,333
121000957,6,24,-18
121000958,3,71,-68
121000959,1471,196,1275
121000960,1416,1117,299
121000961,361,30,331
121000962,88,183,-95
121000973,1,374,-373
121000976,0,57,-57
121000979,134,34,100
121000981,453,46,407
121000982,548,312,236
121000983,811,55,756
121000984,1,19,-18
121000985,1033,488,545
121000986,1060,205,855
121000987,231,490,-259
121000988,1336,64,1272
121001302,171,38,133
121001308,1,19,-18
121001309,13,437,-424
121001313,318,173,145
121001314,1686,1402,284
121001315,3331,3511,-180
121001326,329,283,46
121001327,117,77,40
121001328,50,5,45
121900001,135,236,-101
121900002,36,143,-107
121900003,356,1,355
121900004,63,648,-585
121900005,4,3,1
121900006,83,11,72
121900007,1318,999,319
121900008,41,93,-52
121900009,759,4,755
121900010,138,0,138
121900011,138,45,93
121900012,12,0,12
121900013,43,33,10
121900014,1859,350,1509
121900015,66,74,-8
121900016,4,23,-19
121900017,512,480,32
121900018,560,0,560
121900019,439,126,313
121900020,22,2,20
121900021,806,49,757
121900022,173,95,78
121900023,145,227,-82
121900024,198,49,149
121900025,440,320,120
121900026,202,50,152
121900027,229,125,104
121900028,223,4,219
121900029,53,312,-259
121900030,292,286,6
121900031,923,5479,-4556
121900032,71,42,29
121900033,56,240,-184
121900034,196,200,-4
121900035,3525,2026,1499
121900036,131,180,-49
121900037,98,557,-459
121900038,19,8,11
121900039,263,20,243
121900040,13,76,-63
121900041,49,217,-168
121900042,351,45,306
121900043,0,0,0
121900044,45,38,7
121900046,75,101,-26
121900047,76,93,-17
121900048,49,47,2
121900050,28,50,-22
121900051,63,291,-228
121900052,142,18,124
121900053,231,295,-64
121900054,305,1051,-746
121900055,1,11,-10
121900058,185,139,46
121900059,230,126,104
121900060,95,294,-199
121900062,47,27,20
121900063,1627,398,1229
121900064,510,381,129
121900066,31,34,-3
121900067,58,13,45
121900069,70,74,-4
121900070,74,129,-55
121900071,576,198,378
121900072,27,51,-24
121900073,119,177,-58
121900074,214,338,-124
121900075,219,676,-457
121900076,401,984,-583
121900078,81,41,40
121900079,0,0,0
121900080,668,113,555
121900082,58,23,35
121900084,4,14,-10
121900086,22,45,-23
121900087,48,22,26
121900088,862,997,-135
121900089,402,96,306
121900090,5,16,-11
121900091,41,25,16
121900092,118,83,35
121900093,22,22,0
121900094,7,17,-10
121900095,299,51,248
121900096,641,206,435
121900097,529,55,474
121900098,1,0,1
121900099,291,12,279
121900100,9,85,-76
121900101,109,62,47
121900102,0,47,-47
121900103,320,141,179
121900104,1361,160,1201
121900105,88,95,-7
121900106,0,3,-3
121900107,91,20,71
121900108,0,22,-22
121900109,224,83,141
121900110,478,168,310
121900111,352,272,80
121900112,81,60,21
121900113,18,447,-429
121900114,8,30,-22
121900117,75,79,-4
121900118,1339,300,1039
121900119,82,46,36
121900120,48,473,-425
121900121,149,9,140
121900122,49,14,35
121900123,183,293,-110
121900124,166,60,106
121900125,1566,786,780
121900127,8,93,-85
121900128,98,56,42
121900129,204,48,156
121900130,19,166,-147
121900131,197,14,183
121900132,134,54,80
121900133,14,533,-519
121900134,4,163,-159
121900135,2891,245,2646
121900136,151,170,-19
121900137,7,321,-314
121900138,47,147,-100
121900139,281,1787,-1506
121900140,47,46,1
121900141,57,9,48
121900142,56,19,37
121900143,7,86,-79
121900144,83,473,-390
121900145,90,103,-13
121900146,227,257,-30
121900147,66,162,-96
121900148,70,183,-113
121900149,206,109,97
121900150,22,58,-36
121900151,8,176,-168
121900152,161,30,131
121900153,2,118,-116
121900154,0,263,-263
121900155,0,200,-200
121900156,56,129,-73
121900157,1,143,-142
121900158,62,77,-15
121900159,0,78,-78
121900160,1,180,-179
121900161,94,104,-10
121900162,28,67,-39
121900163,738,146,592
121900164,88,182,-94
121900165,145,160,-15
121900166,80,78,2
121900167,64,23,41
121900168,85,27,58
121900169,22,130,-108
121900170,14,64,-50
121900171,652,295,357
121900172,368,201,167
121900173,451,286,165
121900174,36,12,24
121900175,19,663,-644
121900176,434,786,-352
121900177,145,37,108
121900178,28,22,6
121900179,148,141,7
121900180,701,4723,-4022
121900182,477,262,215
121900183,217,2058,-1841
121900184,13,553,-540
121900186,1,305,-304
121900187,27,36,-9
121900188,1034,54,980
121900189,76,33,43
121900190,107,282,-175
121900191,25,287,-262
121900192,145,1875,-1730
121900193,43,84,-41
121900194,3,144,-141
121900195,6,12,-6
121900196,716,754,-38
121900197,300,536,-236
121900198,2102,2449,-347
121900199,7,31,-24
121900200,17,116,-99
121900201,562,723,-161
121900202,94,578,-484
121900203,37,561,-524
121900204,837,1550,-713
121900205,5,81,-76
121900206,10,22,-12
121900207,5,44,-39
121900208,33,374,-341
121900209,44,62,-18
121900210,2498,733,1765
121900211,357,203,154
121900212,11,81,-70
121900213,534,25,509
121900214,0,299,-299
121900215,14,151,-137
121900216,4,225,-221
121900217,64,154,-90
121900218,91,460,-369
121900220,88,3,85
121900221,343,243,100
121900222,320,36,284
121900223,59,92,-33
121900224,64,90,-26
121900225,91,344,-253
121900226,118,26,92
121900227,210,1065,-855
121900228,79,66,13
121900230,32,181,-149
121900231,34,382,-348
121900232,61,242,-181
121900233,154,112,42
121900234,147,153,-6
121900235,753,82,671
121900236,270,64,206
121900237,89,439,-350
121900238,121,134,-13
121900239,48,21,27
121900240,72,64,8
121900241,11,21,-10
121900242,0,0,0
121900243,0,0,0
121900244,0,0,0
121900245,211,31,180
121900246,5455,154,5301
121900248,727,488,239
121900250,85,126,-41
121900251,223,25,198
121900252,174,69,105
121900253,58,436,-378
121900254,137,135,2
121900255,398,45,353
121900258,3807,1235,2572
121900259,103,250,-147
121900260,103,51,52
121900261,66,376,-310
121900262,271,860,-589
121900263,171,55,116
121900264,265,488,-223
121900265,286,41,245
121900266,765,164,601
121900267,102,7,95
121900269,202,419,-217
121900270,55,130,-75
121900271,13,124,-111
121900273,256,1596,-1340
121900274,513,136,377
121900277,158,1426,-1268
121900278,72,761,-689
121900279,168,114,54
121900280,54,267,-213
121900281,62,168,-106
121900284,7,1,6
121900286,51,91,-40
121900287,2,49,-47
121900288,3,0,3
121900290,61,816,-755
121900291,193,634,-441
121900292,152,34,118
121900293,631,3947,-3316
121900294,280,8,272
121900295,149,25,124
121900296,116,101,15
121900298,87,947,-860
121900299,0,4,-4
121900300,19,3,16
121900301,35,0,35
121900302,1,124,-123
121900303,86,457,-371
121900304,23,8,15
121900305,61,19,42
121900306,531,2,529
121900307,371,19,352
121900308,1,50,-49
121900309,15,98,-83
121900310,20,91,-71
121900311,563,10,553
121900312,465,6,459
121900313,372,3,369
121900314,0,3,-3
121900315,82,1,81
121900316,0,3,-3
121900317,41,20,21
121900318,2,2,0
121900319,49,218,-169
121900320,54,8,46
121900321,39,13,26
121900322,3,5,-2
121900323,13,19,-6
121900324,2,29,-27
121900325,17,1,16
121900326,0,3,-3
121900327,10,39,-29
121900328,0,8,-8
121900329,5,27,-22
121900330,0,69,-69
121900331,0,32,-32
121900332,15,18,-3
121900333,122,0,122
121900334,25,27,-2
122000001,918,1651,-733
122000002,1609,363,1246
122000003,317,820,-503
122000004,688,333,355
122000005,3621,1378,2243
122000006,375,576,-201
122000007,242,541,-299
122000008,405,1097,-692
122000009,165,301,-136
122000010,1143,1404,-261
122000011,2663,1134,1529
122000012,284,1233,-949
122000013,313,885,-572
122000014,4787,966,3821
122000015,778,371,407
122000016,174,343,-169
122000017,567,774,-207
122000018,1461,1090,371
122000019,641,1326,-685
122000020,136,237,-101
122000021,132,153,-21
122000022,488,823,-335
122000023,308,1144,-836
122000024,123,1224,-1101
122000025,302,1436,-1134
122000026,159,580,-421
122000027,369,419,-50
122000028,1007,389,618
122000029,145,471,-326
122000030,98,76,22
122000031,72,372,-300
122000032,1736,1352,384
122000033,175,1117,-942
122000034,174,577,-403
122000035,76,208,-132
122000036,202,253,-51
122000037,364,271,93
122000038,151,207,-56
122000039,337,332,5
122000040,120,164,-44
122000041,748,652,96
122000042,229,507,-278
122000043,48,86,-38
122000044,53,91,-38
122000045,950,570,380
122000046,440,534,-94
122000047,27,102,-75
122000048,1359,2045,-686
122000049,3394,2022,1372
122000050,307,280,27
122000051,143,393,-250
122000052,295,357,-62
122000053,161,979,-818
122000054,1479,1116,363
122000055,1158,1845,-687
122000056,1387,1071,316
122000057,1486,1619,-133
122000058,258,848,-590
122000059,276,1520,-1244
122000060,178,463,-285
122000061,100,228,-128
122000062,353,123,230
122000063,135,720,-585
122000064,1519,3202,-1683
122000065,1385,1502,-117
122000066,120,591,-471
122000067,667,1035,-368
122000068,1667,907,760
122000069,618,712,-94
122000070,932,851,81
122000071,3155,742,2413
122000072,567,399,168
122000073,91,744,-653
122000074,1618,1043,575
122000075,746,554,192
122000076,2687,883,1804
122000077,264,1331,-1067
122000078,252,965,-713
122000079,133,1462,-1329
122000080,391,200,191
122000081,55,60,-5
122000082,123,932,-809
122000083,4360,605,3755
122000084,3540,1117,2423
122000085,148,517,-369
122000086,1811,4684,-2873
122000087,127,122,5
122000088,47,78,-31
122000089,3681,2273,1408
122000090,184,949,-765
122000091,32,527,-495
122000092,46,103,-57
122000093,861,2737,-1876
122000094,4509,2025,2484
122000095,388,2411,-2023
122000096,341,1793,-1452
122000098,2538,2345,193
122000099,231,1678,-1447
122000100,422,334,88
122000101,162,347,-185
122000102,2574,814,1760
122000103,690,1553,-863
122000104,1388,119,1269
122000105,159,357,-198
122000106,319,1293,-974
122000107,796,182,614
122000108,386,337,49
122000109,230,171,59
122000110,289,308,-19
122000111,1258,869,389
122000112,1068,1262,-194
122000113,368,255,113
122000114,817,2661,-1844
122000115,1440,1008,432
122000116,123,443,-320
122000117,755,283,472
122000118,574,225,349
122000119,987,605,382
122000120,437,1329,-892
122000121,460,1215,-755
122000122,236,595,-359
122000123,592,1075,-483
122000124,453,231,222
122000125,144,405,-261
122000126,119,309,-190
122000127,126,675,-549
122000128,126,292,-166
122000129,255,2160,-1905
122000130,1548,571,977
122000131,754,409,345
122000132,182,228,-46
122000133,667,462,205
122000134,848,506,342
122000135,338,132,206
122000136,494,488,6
122000137,1703,354,1349
122000139,518,2525,-2007
122000140,74,699,-625
122000141,2578,1186,1392
122000142,60,1367,-1307
122000143,166,292,-126
122000144,1522,541,981
122000145,474,826,-352
122000146,243,1398,-1155
122000147,244,633,-389
122000148,224,984,-760
122000149,1077,531,546
122000150,1345,758,587
122000151,35,284,-249
122000152,349,234,115
122000153,266,286,-20
122000154,156,120,36
122000155,550,1483,-933
122000156,7577,3229,4348
122000157,303,7992,-7689
122000158,261,720,-459
122000159,757,605,152
122000160,1352,813,539
122000161,819,575,244
122000162,365,887,-522
122000163,224,61,163
122000164,16,102,-86
122000165,541,1139,-598
122000166,425,1735,-1310
122000167,178,351,-173
122000168,189,917,-728
122000169,170,123,47
122000170,178,158,20
122000171,3,68,-65
122000172,1667,921,746
122000173,1033,1390,-357
122000174,697,1886,-1189
122000175,249,223,26
122000176,262,1245,-983
122000177,381,1028,-647
122000178,2836,2492,344
122000179,2724,2874,-150
122000180,350,441,-91
122000181,362,894,-532
122000182,520,513,7
122000183,1371,870,501
122000184,1809,2327,-518
122000185,582,1854,-1272
122000186,565,1133,-568
122000187,1421,776,645
122000188,161,125,36
122000189,101,155,-54
122000190,420,1331,-911
122000191,447,471,-24
122000192,695,417,278
122000193,379,589,-210
122000194,186,137,49
122000195,93,903,-810
122000196,919,242,677
122000197,345,474,-129
122000198,284,1812,-1528
122000199,133,210,-77
122000200,515,543,-28
122000201,570,2214,-1644
122000202,519,1690,-1171
122000203,1330,771,559
122000204,679,573,106
122000205,428,392,36
122000206,4107,1124,2983
122000207,1582,1621,-39
122000208,1566,1232,334
122000209,1616,368,1248
122000210,1450,1575,-125
122000211,653,1400,-747
122000212,561,445,116
122000213,562,1523,-961
122000214,1208,1328,-120
122000215,1930,1593,337
122000217,680,1284,-604
122000218,385,83,302
122000219,781,451,330
122000220,173,556,-383
122000221,91,206,-115
122000222,388,113,275
122000223,469,606,-137
122000225,421,296,125
122000226,853,1042,-189
122000227,182,1045,-863
122000228,112,172,-60
122000229,12,303,-291
122000230,8,139,-131
122000231,145,488,-343
122000232,178,358,-180
122000233,0,55,-55
122000234,644,30,614
122000235,1400,40,1360
122000236,1136,33,1103
122000237,63,56,7
122000238,211,329,-118
122000239,422,192,230
122000240,865,220,645
122000241,2507,433,2074
122000242,385,62,323
122000243,279,34,245
122000244,33,209,-176
122000245,130,59,71
122000246,483,135,348
122000247,387,387,0
122000248,816,467,349
122000249,1636,929,707
122000250,1305,817,488
122000251,45,146,-101
122000252,181,10,171
122000253,30,62,-32
122000254,386,42,344
122000255,268,365,-97
122000256,190,287,-97
122000257,237,110,127
122000258,279,144,135
122000259,47,192,-145
122000260,216,416,-200
122000261,7,125,-118
122000262,1,10,-9
122000263,187,99,88
122000264,1797,188,1609
122000265,2064,713,1351
122000266,2939,578,2361
122000267,253,77,176
122000268,122,90,32
122000269,928,173,755
122000270,470,196,274
122000271,89,1734,-1645
122000272,273,375,-102
122000273,432,195,237
122000274,186,204,-18
122000275,328,180,148
122000276,1653,456,1197
122000277,623,2410,-1787
122000278,1645,149,1496
122000279,134,165,-31
122000280,345,373,-28
122000281,372,219,153
122000282,103,653,-550
122000283,484,256,228
122000284,46,50,-4
122000285,406,102,304
122000286,96,187,-91
122000287,1260,1703,-443
122000288,417,150,267
122000291,2083,430,1653
122000293,147,51,96
122000294,108,432,-324
122000295,1110,173,937
122000296,57,1050,-993
122000297,1396,3122,-1726
122000299,446,129,317
122000300,340,425,-85
122000301,4992,3916,1076
122000302,354,4375,-4021
122000303,1143,757,386
122000304,18,183,-165
122000305,1512,457,1055
122000306,71,155,-84
122000307,63,158,-95
122000309,38,67,-29
122000310,5,59,-54
122000311,16,51,-35
122000312,125,132,-7
122000313,6,99,-93
122000314,198,330,-132
122000315,298,11,287
122000316,1255,198,1057
122000317,2741,158,2583
122000318,131,928,-797
122000319,156,163,-7
122000320,176,591,-415
122000321,68,109,-41
122000322,788,1195,-407
122000323,267,1043,-776
122000324,1106,1670,-564
122000325,594,1239,-645
122000326,162,44,118
122000327,169,683,-514
122000328,317,308,9
122000330,1211,1148,63
122000333,43,33,10
122000337,1075,346,729
122000338,468,89,379
122000340,138,2594,-2456
122000342,900,534,366
122000343,427,429,-2
122000344,80,1,79
122000345,284,27,257
122000346,120,68,52
122000348,392,352,40
122000349,66,222,-156
122000351,296,104,192
122000352,108,216,-108
122000353,136,26,110
122000355,59,413,-354
122000356,120,1132,-1012
122000357,70,23,47
122000358,0,8,-8
122000359,0,24,-24
122000360,0,2,-2
122000362,10,9,1
122000364,505,115,390
122000365,1,31,-30
122000366,51,1,50
122000368,275,410,-135
122000370,26,31,-5
122000371,29,0,29
122000372,29,0,29
122000381,209,291,-82
122000382,33,108,-75
122000384,787,595,192
122000385,66,0,66
122000386,107,1274,-1167
122000387,206,1729,-1523
122000388,965,803,162
122000389,178,853,-675
122000390,206,492,-286
122000391,23,1003,-980
122000392,52,115,-63
122000393,648,283,365
122000394,591,136,455
122000395,154,115,39
122000396,266,32,234
122000397,43,60,-17
122000398,36,150,-114
122000399,105,33,72
122000400,17,986,-969
122000401,54,35,19
122000402,733,111,622
122000403,213,246,-33
122000404,246,67,179
122000408,367,598,-231
122000503,3,70,-67
122000524,37,175,-138
122000544,78,2975,-2897
122000614,231,286,-55
122000616,144,0,144
122000640,168,58,110
122000641,144,143,1
122000642,1324,333,991
122000643,46,173,-127
122000644,122,60,62
122000645,51,123,-72
122000651,232,1270,-1038
122000664,203,35,168
122000665,909,352,557
122000666,286,323,-37
122000673,35,112,-77
122000674,622,204,418
122000675,2159,432,1727
122000686,282,1235,-953
122000687,2104,227,1877
122000688,207,285,-78
122000689,1768,170,1598
122000690,4121,154,3967
122000691,1078,434,644
122000692,1158,125,1033
122000693,268,462,-194
122000695,315,140,175
122000696,767,115,652
122000698,369,84,285
122000699,390,40,350
122000701,2767,101,2666
122000702,501,818,-317
122000703,213,45,168
122000712,0,0,0
122000717,39,65,-26
122000718,377,3807,-3430
122000719,12,69,-57
122000720,1062,61,1001
122000724,81,163,-82
122900001,32,21,11
122900002,499,6244,-5745
122900003,489,3,486
122900004,3762,183,3579
122900005,20,235,-215
122900006,414,2076,-1662
122900007,15,39,-24
122900008,241,370,-129
122900009,371,156,215
122900010,150,70,80
122900012,97,266,-169
122900014,90,74,16
122900015,699,501,198
122900016,149,115,34
122900017,187,713,-526
122900018,162,10,152
122900020,224,552,-328
122900021,32,286,-254
122900022,1197,731,466
122900023,459,47,412
122900024,73,55,18
122900025,4,251,-247
122900026,7,76,-69
122900027,32,591,-559
122900028,51,30,21
122900029,5193,1359,3834
122900030,1466,181,1285
122900031,57,278,-221
122900032,423,200,223
122900033,135,80,55
122900034,2348,3102,-754
122900035,37,34,3
122900036,5,47,-42
122900037,320,212,108
122900038,29,1703,-1674
122900039,38,373,-335
122900040,202,776,-574
122900041,78,527,-449
122900042,143,113,30
122900043,358,169,189
122900044,141,199,-58
122900045,109,103,6
122900046,46,346,-300
122900047,67,76,-9
122900048,18,223,-205
122900049,2630,47,2583
122900051,10,368,-358
122900052,91,55,36
122900053,27,6,21
122900055,174,30,144
122900057,295,9,286
122900061,500,20,480
122900062,365,763,-398
122900063,169,70,99
122900064,850,496,354
122900065,328,111,217
122900066,510,107,403
122900067,404,255,149
122900069,176,1955,-1779
122900070,353,47,306
122900071,58,114,-56
122900073,99,33,66
122900074,1319,137,1182
122900075,0,11,-11
122900076,1,121,-120
122900077,12,27,-15
122900078,224,17,207
122900080,22,55,-33
122900081,180,61,119
122900082,1735,76,1659
122900083,82,12,70
122900084,5,92,-87
122900086,3,71,-68
122900087,590,103,487
122900088,36,421,-385
122900089,259,348,-89
122900090,0,116,-116
122900091,766,1,765
122900092,0,31,-31
122900093,0,46,-46
122900094,0,93,-93
122900095,263,17,246
122900096,809,85,724
122900097,28,109,-81
122900098,3,142,-139
122900099,203,60,143
122900100,63,1248,-1185
122900101,238,176,62
122900102,60,52,8
122900103,696,19,677
122900104,574,1,573
122900105,48,5,43
122900106,0,34,-34
122900107,0,49,-49
122900108,0,53,-53
122900109,416,61,355
123000001,603,503,100
123000002,1447,4598,-3151
123000003,3604,3269,335
123000004,1969,2577,-608
123000005,2676,1836,840
123000006,1687,1022,665
123000007,3715,1755,1960
123000008,1679,1953,-274
123000009,3983,2076,1907
123000010,2167,2575,-408
123000011,1075,903,172
123000012,406,2449,-2043
123000013,3944,849,3095
123000014,466,2315,-1849
123000015,2056,835,1221
123000016,1909,2112,-203
123000017,3615,1885,1730
123000018,166,37,129
123000019,1036,30,1006
123000020,637,50,587
123000021,444,584,-140
123000022,1147,2812,-1665
123000023,1611,2442,-831
123000024,1774,864,910
123000025,642,86,556
123000026,43,81,-38
123000027,44,485,-441
123000028,567,2625,-2058
123000029,812,1804,-992
123000030,351,185,166
123000031,636,128,508
123000032,867,135,732
123000033,542,107,435
123000034,1114,994,120
123000035,217,444,-227
123000036,208,1155,-947
123000037,212,94,118
123000038,44,259,-215
123000039,379,1156,-777
123000040,388,159,229
123000041,348,768,-420
123000042,319,600,-281
123000043,920,11142,-10222
123000044,2106,1443,663
123000045,1839,1051,788
123000046,155,824,-669
123000047,202,405,-203
123000048,51,1013,-962
123000049,3013,6880,-3867
123000050,2105,1245,860
123000051,71,245,-174
123000052,753,1914,-1161
123000053,1630,1439,191
123000054,2225,1507,718
123000055,1728,4178,-2450
123000056,1057,307,750
123000057,2093,3266,-1173
123000058,434,1139,-705
123000059,108,301,-193
123000060,1220,310,910
123000061,297,324,-27
123000063,1179,939,240
123000064,1534,120,1414
123000065,1792,1518,274
123000066,245,368,-123
123000067,828,219,609
123000068,894,921,-27
123000069,1499,617,882
123000070,154,161,-7
123000071,2131,390,1741
123000072,771,234,537
123000073,2461,454,2007
123000074,895,521,374
123000075,309,1483,-1174
123000076,767,200,567
123000077,1485,726,759
123000078,2642,530,2112
123000079,2560,785,1775
123000080,2015,433,1582
123000081,101,180,-79
123000082,134,318,-184
123000083,737,132,605
123000084,611,293,318
123000085,631,76,555
123000086,1155,56,1099
123000087,332,127,205
123000088,946,303,643
123000089,1220,498,722
123000090,1376,510,866
123000091,1608,934,674
123000092,742,799,-57
123000094,652,50,602
123000095,1102,468,634
123000096,1128,206,922
123000097,486,181,305
123000098,1178,161,1017
123000099,750,179,571
123000100,95,338,-243
123000101,199,117,82
123000102,252,612,-360
123000104,269,289,-20
123000105,191,73,118
123000106,587,179,408
123000107,237,113,124
123000108,243,447,-204
123000111,1384,180,1204
123000112,1567,262,1305
123000113,466,392,74
123000114,253,618,-365
123000115,375,331,44
123000116,102,38,64
123000117,2581,972,1609
123000118,551,236,315
123000119,330,264,66
123000120,186,271,-85
123000121,529,322,207
123000122,305,126,179
123000123,511,298,213
123000124,393,108,285
123000125,1405,722,683
123000126,854,3028,-2174
123000127,292,231,61
123000128,249,107,142
123000129,1232,65,1167
123000130,1370,20,1350
123000131,1498,782,716
123000132,249,235,14
123000133,168,69,99
123000134,235,59,176
123000135,2768,461,2307
123000136,149,152,-3
123000137,192,79,113
123000138,201,121,80
123000139,805,39,766
123000140,23,225,-202
123000141,419,22,397
123000142,953,634,319
123000143,673,1189,-516
123000144,1,13,-12
123000145,103,285,-182
123000146,23,212,-189
123000147,40,257,-217
123000149,347,128,219
123000150,98,128,-30
123000151,82,358,-276
123000152,19,132,-113
123000153,61,674,-613
123000154,671,1891,-1220
123000155,837,1429,-592
123000156,3,44,-41
123000157,864,840,24
123000158,313,987,-674
123000159,1577,4091,-2514
123000160,795,1210,-415
123000161,1033,1336,-303
123000162,1675,1870,-195
123000163,912,91,821
123000164,2705,134,2571
123000165,164,465,-301
123000166,6,45,-39
123000167,100,69,31
123000168,354,121,233
123000169,1166,51,1115
123000170,185,22,163
123000171,1811,8,1803
123000172,84,210,-126
123000173,587,141,446
123000174,537,381,156
123000175,143,378,-235
123000176,812,260,552
123000177,178,414,-236
123000178,1107,224,883
123000179,8,290,-282
123000180,1273,172,1101
123000181,112,293,-181
123000182,311,106,205
123000183,216,563,-347
123000184,13,289,-276
123000185,1136,819,317
123000186,39,171,-132
123000187,751,10,741
123000188,575,37,538
123000189,37,73,-36
123000190,9,118,-109
123000192,7,83,-76
123000193,25,149,-124
123000194,128,98,30
123000195,462,15,447
123000196,452,885,-433
123000197,175,291,-116
123000198,61,141,-80
123000199,34,177,-143
123000200,612,7,605
123000201,1020,20,1000
123000202,85,151,-66
123000203,1212,50,1162
123000204,44,255,-211
123000205,99,374,-275
123000206,2755,125,2630
123000207,65,274,-209
123000208,977,41,936
123000209,1647,402,1245
123000210,65,584,-519
123000211,208,601,-393
123000212,4414,262,4152
123000213,575,92,483
123000215,36,174,-138
123000216,117,1431,-1314
123000217,194,27,167
123000218,18,503,-485
123000219,265,152,113
123000220,497,226,271
123000221,300,76,224
123000222,379,88,291
123000223,765,104,661
123000224,499,145,354
123000225,408,27,381
123000226,214,109,105
123000227,139,74,65
123000228,277,59,218
123000229,419,424,-5
123000232,81,206,-125
123000233,944,97,847
123000234,116,334,-218
123000235,1921,116,1805
123000236,275,330,-55
123000237,691,119,572
123000238,13,229,-216
123000239,258,311,-53
123000240,89,714,-625
123000241,202,40,162
123000242,118,173,-55
123000243,686,638,48
123000244,608,311,297
123000245,2,110,-108
123000249,186,482,-296
123000252,717,302,415
123000253,1779,306,1473
123000254,489,196,293
123000255,782,515,267
123000256,5,111,-106
123000257,1318,818,500
123000258,441,299,142
123000259,493,384,109
123000260,825,167,658
123000261,342,90,252
123000262,21,65,-44
123000263,521,57,464
123000264,156,45,111
123000265,17,84,-67
123000266,318,311,7
123000267,732,129,603
123000268,50,36,14
123000269,40,45,-5
123000270,24,46,-22
123000271,24,33,-9
123000272,506,237,269
123000273,277,1049,-772
123000274,1230,504,726
123000275,101,417,-316
123000278,912,3355,-2443
123000279,224,88,136
123000280,226,177,49
123000281,267,68,199
123000282,104,175,-71
123000283,250,44,206
123000284,39,78,-39
123000286,34,335,-301
123000287,207,176,31
123000288,453,1072,-619
123000289,133,1288,-1155
123000291,71,394,-323
123000294,186,143,43
123000295,392,1087,-695
123000296,1017,543,474
123000297,1219,145,1074
123000298,1779,194,1585
123000299,384,198,186
123000300,1353,854,499
123000301,213,425,-212
123000302,257,63,194
123000303,79,682,-603
123000305,442,399,43
123000306,384,48,336
123000309,47,18,29
123000310,62,43,19
123000311,8,121,-113
123000312,562,280,282
123000313,592,1297,-705
123000315,330,138,192
123000316,89,97,-8
123000317,255,132,123
123000318,13,246,-233
123000329,5,20,-15
123000337,197,116,81
123000338,115,133,-18
123000339,593,73,520
123000340,127,166,-39
123000342,2,30,-28
123000343,123,6,117
123000344,215,84,131
123000345,211,145,66
123000346,602,56,546
123000352,564,432,132
123000353,85,43,42
123000354,1173,2,1171
123000355,0,728,-728
123000356,314,22,292
123000357,4,51,-47
123000359,43,26,17
123000360,134,304,-170
123000361,226,165,61
123000362,445,63,382
123000363,193,68,125
123000364,330,342,-12
123000365,34,306,-272
123000366,132,2577,-2445
123000367,199,209,-10
123000370,23,60,-37
123000371,779,29,750
123000372,404,37,367
123000373,20,106,-86
123000374,14,33,-19
123000375,386,107,279
123000376,1007,706,301
123000377,703,6,697
123000378,4,65,-61
123000379,1,189,-188
123000380,6,126,-120
123000381,14,111,-97
123000382,446,189,257
123000383,58,509,-451
123000384,914,117,797
123000385,133,271,-138
123000436,23,1525,-1502
123000507,17,85,-68
123000508,147,1154,-1007
123000517,155,7,148
123000518,5,11,-6
123000519,116,20,96
123000520,15,27,-12
123000521,595,61,534
123000522,49,21,28
123000541,7,2,5
123000542,0,2,-2
123000565,881,52,829
123000566,678,117,561
123000567,142,69,73
123000573,49,294,-245
123000574,1282,177,1105
123000575,3401,205,3196
123000576,1109,456,653
123000577,56,433,-377
123000578,574,53,521
123000579,695,5800,-5105
123000580,116,159,-43
123000582,551,7,544
123000583,1,98,-97
123000584,176,108,68
123000585,0,11,-11
123000586,157,0,157
123000596,39,53,-14
123000597,125,143,-18
123000602,233,38,195
123000603,2011,159,1852
123000604,1144,152,992
123000605,85,3,82
123000606,0,66,-66
123000609,17,264,-247
123000610,44,85,-41
123000613,216,51,165
123000614,414,52,362
123000615,214,116,98
123000616,1003,72,931
123000617,153,127,26
123000618,11,209,-198
123000619,498,8,490
123000620,15,115,-100
123000622,719,10,709
123000624,404,120,284
123000630,2963,752,2211
123000631,270,378,-108
123000632,459,298,161
123000633,0,20,-20
123000634,20,642,-622
123000635,41,219,-178
123000636,47,173,-126
123000637,306,9,297
123000638,1236,48,1188
123000639,762,8027,-7265
123000640,11,102,-91
123000648,1026,28,998
123000649,18,254,-236
123000650,207,98,109
123000651,38,133,-95
123000652,1476,33,1443
123000653,155,192,-37
123000654,155,47,108
123000655,24,158,-134
123000656,86,73,13
123000657,1,68,-67
123000658,354,2,352
123000659,6,2390,-2384
123000660,589,26,563
123000661,439,35,404
123900001,1043,33,1010
123900002,7,993,-986
123900003,44,193,-149
123900005,307,146,161
123900006,689,95,594
124000001,2138,165,1973
124000002,0,97,-97
124000003,1260,172,1088
124000004,35,204,-169
124000005,919,1483,-564
124000006,166,300,-134
124000007,978,107,871
124000008,2,423,-421
124000009,1389,457,932
124000010,452,397,55
124000011,850,685,165
124000012,157,178,-21
124000017,260,64,196
124000018,107,70,37
124000019,288,66,222
124000020,36,76,-40
124000021,96,62,34
124000022,33,92,-59
124000023,750,185,565
124000024,760,220,540
124000025,598,423,175
124000026,687,159,528
124000027,624,191,433
124000028,1330,313,1017
124000031,1330,11278,-9948
124000032,752,398,354
124000033,864,433,431
124000034,824,516,308
124000035,548,92,456
124000036,226,464,-238
124000037,221,379,-158
124000038,3,58,-55
124000039,273,110,163
124000040,105,497,-392
124000041,963,70,893
124000042,259,181,78
124000043,216,35,181
124000044,75,86,-11
124000045,2049,148,1901
124000046,168,458,-290
124000047,3671,258,3413
124000048,968,216,752
124000049,2574,184,2390
124000050,781,354,427
124000051,2016,226,1790
124000052,418,301,117
124000053,329,2935,-2606
124000054,356,166,190
124000055,780,6805,-6025
124000056,732,530,202
124000057,1935,169,1766
124000058,751,456,295
124000059,1500,1072,428
124000060,344,365,-21
124000061,1150,7236,-6086
124000062,1722,656,1066
124000063,940,480,460
124000064,914,665,249
124000065,3,789,-786
124000066,125,98,27
124000067,80,109,-29
124000068,57,303,-246
124000069,436,84,352
124000070,318,125,193
124000071,128,34,94
124000072,228,98,130
124000073,409,38,371
124000074,205,186,19
124000075,749,20,729
124000076,62,54,8
124000077,310,263,47
124000078,1154,509,645
124000079,153,670,-517
124000080,1090,178,912
124000081,129,355,-226
124000082,147,147,0
124000083,13,49,-36
124000084,12,1580,-1568
124000085,36,14,22
124000086,1,221,-220
124000087,71,188,-117
124000088,161,184,-23
124000089,609,150,459
124000090,241,76,165
124000091,723,104,619
124000092,318,354,-36
124000093,191,33,158
124000094,130,150,-20
124000095,109,25,84
124000096,151,43,108
124000097,287,64,223
124000098,253,28,225
124000099,337,113,224
124000100,68,121,-53
124000101,179,114,65
124000102,109,12,97
124000103,309,149,160
124000104,133,18,115
124000105,272,104,168
124000106,82,26,56
124000107,17,284,-267
124000108,37,15,22
124000109,155,59,96
124000110,95,65,30
124000111,171,93,78
124000112,1254,335,919
124000113,219,94,125
124000114,629,191,438
124000115,268,461,-193
124000116,76,202,-126
124000117,30,40,-10
124000118,40,47,-7
124000119,1166,511,655
124000120,731,266,465
124000121,1033,1149,-116
124000122,423,1405,-982
124000123,401,174,227
124000124,470,333,137
124000125,348,157,191
124000126,303,198,105
124000127,888,202,686
124000128,702,160,542
124000129,1239,824,415
124000130,233,169,64
124000131,541,348,193
124000132,302,387,-85
124000133,1060,476,584
124000134,588,358,230
124000135,1188,1288,-100
124000136,220,423,-203
124000137,490,516,-26
124000138,344,411,-67
124000139,907,123,784
124000140,18,717,-699
124000141,1569,9,1560
124000142,48,419,-371
124000143,82,7,75
124000144,0,120,-120
124000145,108,72,36
124000146,29,143,-114
124000148,3,51,-48
124000149,1247,126,1121
124000150,207,532,-325
124000151,1235,52,1183
124000152,413,402,11
124000153,1236,311,925
124000154,367,275,92
124000155,727,518,209
124000156,567,352,215
124000169,106,744,-638
124000170,441,394,47
124000171,340,383,-43
124000172,269,259,10
124000173,1210,148,1062
124000174,689,262,427
124000175,11,68,-57
124000176,53,18,35
124000177,10,59,-49
124000178,33,98,-65
124000185,58,4,54
124000186,1,21,-20
124000187,18,32,-14
124000188,210,2,208
124000190,35,49,-14
124000191,86,481,-395
124000192,999,576,423
124000193,96,2845,-2749
124000194,180,156,24
124000195,392,338,54
124000196,448,498,-50
124000197,91,17,74
124000198,72,28,44
124000201,25,244,-219
124000202,829,76,753
124000203,490,95,395
124000204,2912,44,2868
124000205,136,108,28
124000206,1668,105,1563
124000207,0,6,-6
124000209,91,102,-11
124000210,1558,123,1435
124000211,1368,5,1363
124000212,0,54,-54
124000213,935,135,800
124000214,1122,127,995
124000215,2062,125,1937
124000216,16,142,-126
124000329,20,497,-477
124000338,14,267,-253
124000339,3474,25,3449
124000341,3393,38,3355
124000344,46,3,43
124000357,1643,3513,-1870
124000358,1094,2836,-1742
124000359,1201,627,574
124000360,1671,447,1224
124000361,1512,887,625
124000362,914,2028,-1114
124000363,597,179,418
124000364,495,334,161
124000365,931,465,466
124000366,2398,1189,1209
124000367,39,150,-111
124000368,355,1852,-1497
124000369,67,58,9
124000370,10,529,-519
124000402,43,37,6
124000403,160,86,74
124000404,1,20,-19
124000405,563,406,157
124000406,480,215,265
124000407,1,4,-3
124000411,2,317,-315
124000412,573,7,566
124000413,110,277,-167
124000414,280,34,246
124000415,54,49,5
124000416,126,55,71
124000417,517,66,451
124000418,442,24,418
124000419,217,31,186
124000420,329,16,313
124000421,96,54,42
124000422,32,5,27
124000423,192,12,180
124000424,19,23,-4
124000425,66,248,-182
124000426,5,73,-68
124000427,344,22,322
124000428,5,1114,-1109
124000429,129,9,120
124000430,968,501,467
124000431,471,203,268
124000432,409,529,-120
124000439,193,2,191
124000443,13,24,-11
124000445,293,5035,-4742
124000446,873,706,167
124000447,7,1010,-1003
124000448,373,11,362
124000449,691,6,685
124000450,4,71,-67
124000451,1,20,-19
124000452,445,76,369
124000453,1269,1304,-35
124000454,1100,3344,-2244
124000455,0,300,-300
124000456,2399,50,2349
124000457,6,147,-141
124000458,32,136,-104
124000459,967,2,965
124000460,2,34,-32
124900001,1316,110,1206
124900002,163,81,82
124900003,706,95,611
124900004,1346,106,1240
124900005,112,46,66
124900006,1197,101,1096
124900008,746,271,475
124900009,35,356,-321
124900010,323,66,257
124900011,1110,211,899
124900012,190,54,136
124900013,789,67,722
124900014,358,50,308
124900015,91,400,-309
124900016,113,174,-61
124900017,194,6465,-6271
124900018,611,48,563
124900020,135,36,99
124900021,405,22,383
124900022,757,42,715
124900024,768,12,756
124900026,27,12,15
124900027,150,118,32
124900028,142,40,102
124900030,0,62,-62
124900031,4,64,-60
124900033,45,108,-63
124900035,88,22,66
124900036,5,52,-47
124900037,127,28,99
124900038,71,103,-32
124900039,5,43,-38
124900040,35,60,-25
124900041,286,257,29
124900042,38,18,20
124900043,232,124,108
124900044,56,1,55
124900045,116,505,-389
124900047,15,40,-25
124900050,407,92,315
124900052,183,77,106
124900053,316,186,130
124900054,806,528,278
124900055,1,19,-18
124900057,2,185,-183
124900060,20,185,-165
124900061,531,53,478
124900062,181,2,179
124900066,0,2,-2
124900067,21,121,-100
124900068,65,1005,-940
124900070,3,22,-19
124900072,296,354,-58
124900075,1032,449,583
124900076,95,2823,-2728
124900077,61,112,-51
124900078,88,4,84
124900080,344,141,203
124900081,1926,121,1805
124900082,298,183,115
124900083,441,380,61
124900085,289,138,151
124900086,14,696,-682
124900087,87,26,61
124900088,49,83,-34
124900089,444,93,351
124900090,638,111,527
124900091,301,72,229
124900092,313,41,272
124900093,563,48,515
124900094,820,62,758
124900095,131,505,-374
124900096,196,60,136
124900097,606,19,587
124900098,173,165,8
124900099,72,372,-300
124900100,548,29,519
124900101,566,124,442
124900102,505,31,474
124900103,103,33,70
124900104,38,40,-2
124900105,68,17,51
124900106,301,11,290
124900107,219,26,193
124900108,237,171,66
124900111,6,377,-371
124900112,303,131,172
124900113,6,120,-114
124900114,20,99,-79
124900115,6,42,-36
124900116,499,470,29
124900117,86,263,-177
124900118,84,1720,-1636
124900119,406,182,224
124900120,44,69,-25
124900121,201,446,-245
124900122,68,92,-24
124900123,293,348,-55
124900124,135,237,-102
124900125,1896,0,1896
124900126,10,397,-387
204000001,297,6,291
204000002,13,9,4
204000003,19,4,15
204000004,4,2,2
204000005,298,306,-8
204000006,886,1178,-292
204000011,2,5,-3
204000012,38,19,19
204000019,1058,199,859
204000020,1634,288,1346
204000021,934,740,194
204000022,1137,469,668
204000023,605,236,369
204000031,66,7,59
204000032,203,29,174
204000034,212,72,140
204000035,1,3,-2
204000036,0,59,-59
204000037,2,15,-13
204000038,0,5,-5
204000039,2,35,-33
204000040,1,24,-23
204000041,9,8,1
204000042,23,5,18
204000043,32,5,27
204000044,78,2,76
204000045,46,8,38
204000046,10,6,4
204000057,13,18,-5
204000062,37,20,17
204000068,83,288,-205
204000069,174,505,-331
204000070,49,56,-7
204000080,39,45,-6
204000085,970,331,639
204000086,1758,566,1192
204000087,99,8,91
204000088,11,8,3
204000090,621,189,432
204000093,876,43,833
204000096,1534,265,1269
204000097,543,38,505
204000099,879,2103,-1224
204000100,1234,822,412
204000105,1243,495,748
204000110,328,602,-274
204000111,504,387,117
204000112,384,236,148
204000113,228,332,-104
204000114,1160,1080,80
204000115,1555,233,1322
204000116,791,275,516
204000119,3045,972,2073
204000132,699,703,-4
204000133,955,64,891
204000134,283,38,245
204000135,873,10,863
204000136,685,245,440
204000138,226,986,-760
204000140,187,79,108
204000141,111,35,76
204000144,15,20,-5
204000145,619,21,598
204000146,5,62,-57
204000147,39,215,-176
204000148,147,63,84
204000154,2,0,2
204000155,2,3,-1
204000177,40,14,26
204000179,0,0,0
204000180,0,7,-7
204000222,1,9,-8
204000235,289,10,279
204000236,38,94,-56
204000238,23,16,7
204000240,307,14,293
204000263,609,542,67
204000268,474,174,300
204000308,51,25,26
204000317,90,70,20
204000322,107,55,52
204000323,15,8,7
204000328,312,40,272
204000329,279,32,247
204000330,237,92,145
204000331,506,67,439
204000352,226,1,225
205000001,708,770,-62
205000013,40,89,-49
205000014,119,113,6
205000015,157,22,135
205000016,87,36,51
205000017,57,52,5
205000022,315,265,50
205000025,1361,314,1047
205000029,863,6,857
205000045,298,169,129
205000046,159,129,30
205000047,48,176,-128
205000048,356,181,175
205000049,185,217,-32
205000050,338,80,258
205000059,1,331,-330
205000060,1,508,-507
205000061,23,1118,-1095
205000062,5,908,-903
205000063,44,1100,-1056
205000064,50,243,-193
205000065,251,600,-349
205000066,340,245,95
205000067,205,290,-85
205000069,137,11,126
205000082,158,65,93
205000110,42,59,-17
205000111,87,71,16
205000112,55,59,-4
205000113,82,60,22
205000121,96,30,66
205000123,167,115,52
205000126,663,71,592
205000127,650,83,567
205000128,313,58,255
205000129,784,83,701
205000130,335,23,312
205000131,33,18,15
205000132,85,2,83
205000133,14,3,11
205000134,200,0,200
205000137,296,56,240
205000138,521,91,430
205000139,76,30,46
205000144,71,52,19
205000145,137,65,72
205000151,111,42,69
205000152,78,20,58
205000153,185,28,157
205000154,84,34,50
205000155,67,8,59
205000207,2,17,-15
205000233,15,1,14
205000234,0,1,-1
205000243,0,0,0
205000244,0,5,-5
205000245,9,21,-12
205000249,0,8,-8
205000250,1,1,0
205000264,14,58,-44
206000027,5,17,-12
206000028,2,7,-5
206000043,5,37,-32
206000053,7,4,3
206000054,1,17,-16
206000055,0,17,-17
206000075,11,15,-4
206000076,58,4,54
206000077,87,6,81
206000078,15,7,8
206000079,22,4,18
206000082,200,109,91
206000100,12,278,-266
206000103,0,0,0
206000104,0,0,0
206000105,0,0,0
206000106,0,1,-1
206000125,175,0,175
206000157,6,122,-116
206000170,0,80,-80
206000171,9,115,-106
206000172,8,72,-64
206000173,2,65,-63
206000174,19,14,5
206000175,0,18,-18
206000176,28,23,5
206000177,0,24,-24
206000178,0,422,-422
206000179,2,52,-50
206000180,3,43,-40
206000181,2,29,-27
206000182,14,28,-14
206000183,15,27,-12
206000184,3,47,-44
206000185,4,17,-13
206000186,45,169,-124
206000223,3,126,-123
206000226,12,17,-5
206000227,73,5,68
206000237,29,116,-87
206000238,12,277,-265
206000239,154,1032,-878
206000240,0,1,-1
206000241,0,45,-45
206000242,6,42,-36
206000243,7,23,-16
206000244,40,68,-28
206000245,2570,38,2532
206000246,746,1,745
206000247,829,2,827
206000248,1287,4,1283
206000252,72,56,16
206000258,0,1,-1
206000315,53,4,49
206000317,672,178,494
206000318,728,64,664
206000319,3202,74,3128
206000320,803,25,778
206000321,837,2,835
206000322,1253,2,1251
206000323,496,1,495
206000324,494,10,484
206000325,308,14,294
206000326,245,18,227
206000327,76,10,66
206000328,480,7,473
206000329,906,4,902
206000330,209,5,204
206000331,571,0,571
206000332,99,0,99
206000333,1751,0,1751
206000334,981,0,981
206000335,0,26,-26
206000361,3,30,-27
206000392,1,4,-3
206000405,247,0,247
206000441,76,47,29
206000498,54,2,52
206000515,66,41,25
206000530,421,41,380
206000531,297,297,0
206000532,1141,361,780
206000535,91,1865,-1774
206000536,7,48,-41
206000537,11,78,-67
206000613,857,239,618
206000784,593,33,560
207000001,178,147,31
207000002,63,142,-79
207000003,76,101,-25
207000007,2184,61,2123
207000008,373,4,369
207000009,89,17,72
207000010,245,119,126
207000012,546,72,474
207000015,146,368,-222
207000019,615,68,547
207000021,324,239,85
207000022,294,91,203
207000023,371,40,331
207000024,0,20,-20
207000025,16,103,-87
207000026,88,30,58
207000027,15,61,-46
207000028,87,125,-38
207000029,208,129,79
207000033,359,147,212
207000034,273,70,203
207000039,774,21,753
207000040,867,23,844
207000041,33,8,25
207000042,411,25,386
207000043,409,208,201
207000051,90,154,-64
207000052,11,76,-65
207000053,267,157,110
207000054,49,34,15
207000055,138,55,83
207000056,183,194,-11
207000057,127,72,55
207000058,145,103,42
207000059,95,158,-63
207000060,32,204,-172
207000061,84,1876,-1792
207000062,1334,55,1279
207000063,1215,36,1179
207000064,543,29,514
207000065,318,108,210
207000066,728,174,554
207000067,169,44,125
207000068,240,27,213
207000069,1072,270,802
207000082,46,97,-51
207000083,69,112,-43
207000084,444,122,322
207000085,362,44,318
207000086,644,24,620
207000106,106,24,82
207000107,129,12,117
207000108,162,7,155
207000109,95,2,93
207000110,58,0,58
207000111,113,5,108
207000112,47,560,-513
207000114,0,17,-17
207000115,16,33,-17
207000116,16,128,-112
207000117,0,28,-28
207000118,2,13,-11
207000119,7,35,-28
207000123,289,4,285
207000124,278,10,268
207000125,84,3,81
207000126,58,5,53
207000134,457,92,365
207000135,150,67,83
207000148,159,204,-45
207000149,50,2,48
207000152,200,279,-79
207000153,194,453,-259
207000154,450,74,376
207000159,35,60,-25
207000160,113,109,4
207000238,0,84,-84
207000242,0,53,-53
207000248,19,18,1
207000249,79,7,72
207000250,266,68,198
207000251,43,74,-31
207000252,71,21,50
207000278,192,61,131
207000279,86,91,-5
207000280,1153,18,1135
207000281,118,211,-93
207000282,13,507,-494
207000283,7,53,-46
207000284,54,2085,-2031
207000285,52,81,-29
207000291,4,42,-38
207000304,31,25,6
207000306,35,174,-139
207000310,254,91,163
207000353,76,0,76
207000356,1,19,-18
207000357,4,45,-41
207000358,0,6,-6
207000415,1,32,-31
207000416,871,57,814
207000417,31,5,26
207000418,66,33,33
207000438,0,2,-2
207000439,269,102,167
207000446,127,2,125
207000460,217,2,215
207000466,14,83,-69
207000467,710,22,688
207000468,64,100,-36
207000476,20,11,9
207000477,329,6,323
207000478,0,12,-12
207000523,0,6,-6
207000524,79,7,72
207000527,501,116,385
207000530,491,7,484
207000531,260,0,260
207000532,74,23,51
207000534,139,25,114
207000535,1,80,-79
207000537,13,38,-25
207000540,2,11,-9
207000541,2,99,-97
207000548,5,74,-69
207000549,265,3,262
207000561,139,91,48
207000562,19,84,-65
207000567,57,112,-55
207000568,755,39,716
207000569,1493,88,1405
207000584,4,105,-101
207000585,4,30,-26
207000587,489,11,478
207000616,0,28,-28
207000617,176,0,176
207000624,36,29,7
207000631,20,24,-4
208000001,687,642,45
208000002,1044,484,560
208000003,893,255,638
208000004,850,537,313
208000005,2,64,-62
208000019,1594,154,1440
208000020,332,115,217
208000021,243,107,136
208000022,528,147,381
208000028,544,1083,-539
208000033,256,126,130
208000034,306,315,-9
208000037,653,28,625
208000040,394,122,272
208000041,862,464,398
208000042,1875,414,1461
208000047,96,109,-13
208000064,2110,949,1161
208000066,1136,535,601
208000070,738,580,158
208000071,801,131,670
208000072,1059,259,800
208000080,357,506,-149
208000081,414,115,299
208000082,648,136,512
208000083,429,179,250
208000084,17,112,-95
208000085,780,345,435
208000086,702,574,128
208000087,781,316,465
208000089,1210,131,1079
208000090,890,200,690
208000093,8,67,-59
208000094,487,364,123
208000095,628,253,375
208000104,2139,259,1880
208000105,1082,304,778
208000114,118,250,-132
208000115,637,326,311
208000116,1638,1529,109
208000117,14,111,-97
208000118,196,361,-165
208000155,879,712,167
208000158,1616,1403,213
208000186,763,1106,-343
208000204,1018,677,341
208000205,1906,549,1357
208000282,1167,644,523
209000004,658,105,553
209000005,132,23,109
209000006,291,183,108
209000007,433,468,-35
209000010,98,146,-48
209000011,31,125,-94
209000012,103,88,15
209000013,241,35,206
209000014,458,149,309
209000025,700,70,630
209000026,1425,170,1255
209000027,364,132,232
209000028,274,113,161
209000029,433,628,-195
209000030,398,813,-415
209000031,2512,764,1748
209000034,201,288,-87
209000035,209,312,-103
209000036,452,201,251
209000037,500,197,303
209000038,310,136,174
209000039,134,104,30
209000040,320,185,135
209000041,238,224,14
209000042,304,161,143
209000043,435,352,83
209000044,335,515,-180
209000045,596,157,439
209000046,529,147,382
209000047,466,251,215
209000048,579,469,110
209000049,132,40,92
209000050,222,45,177
209000051,358,49,309
209000052,181,96,85
209000062,91,28,63
209000063,134,28,106
209000064,25,13,12
209000065,201,11,190
209000066,256,6,250
209000067,274,26,248
209000080,0,116,-116
209000082,134,46,88
209000091,17,102,-85
209000093,69,74,-5
209000094,23,95,-72
209000110,68,69,-1
209000111,336,2487,-2151
209000112,1669,426,1243
209000113,3176,949,2227
209000114,1261,764,497
209000115,72,38,34
209000116,187,133,54
209000118,12,104,-92
209000119,18,108,-90
209000121,134,330,-196
209000135,133,62,71
209000142,647,4312,-3665
209000143,17,35,-18
209000144,95,295,-200
209000229,239,89,150
209000240,26,205,-179
209000259,50,22,28
209000260,18,169,-151
209000261,12,157,-145
209000262,19,109,-90
209000263,2,123,-121
209000264,0,136,-136
209000265,331,7,324
209000266,70,0,70
209000267,1402,1,1401
209000268,475,77,398
210000037,134,25,109
210000047,136,5,131
210000048,157,21,136
210000049,210,6,204
210000052,152,25,127
210000053,35,34,1
210000054,59,75,-16
210000070,294,44,250
210000071,150,5,145
210000072,66,0,66
210000073,0,20,-20
210000074,0,56,-56
210000075,0,52,-52
210000076,1,65,-64
210000077,2,128,-126
210000078,9,172,-163
210000079,13,14,-1
210000080,118,349,-231
210000081,181,5,176
210000082,21,1,20
210000083,74,0,74
210000084,147,1,146
210000085,0,35,-35
210000086,0,37,-37
210000099,54,66,-12
210000100,51,66,-15
210000101,45,59,-14
210000105,20,267,-247
210000159,0,316,-316
210000163,32,104,-72
210000164,401,131,270
210000168,350,5,345
210000187,0,6,-6
210000188,0,26,-26
210000214,4,0,4
210000219,146,45,101
210000220,188,18,170
210000232,1,24,-23
210000233,15,6,9
210000234,18,27,-9
210000235,85,18,67
210000245,2,19,-17
210000246,117,21,96
210000258,6,61,-55
210000259,378,15,363
210000282,6,51,-45
210000285,2,78,-76
210000286,59,92,-33
210000290,11,7,4
210000295,83,175,-92
210000296,111,43,68
210000320,551,25,526
210000321,481,14,467
210000338,63,117,-54
210000339,56,552,-496
210000340,25,131,-106
210000341,164,100,64
210000342,267,139,128
210000343,126,91,35
210000344,67,192,-125
210000345,85,397,-312
210000346,56,230,-174
210000347,16,329,-313
210000348,121,225,-104
210000349,70,152,-82
210000350,242,114,128
210000351,233,13,220
210000352,40,33,7
210000353,56,22,34
210000354,43,10,33
210000355,45,346,-301
210000356,5,461,-456
210000357,46,510,-464
210000358,797,490,307
210000359,100,332,-232
210000360,465,317,148
210000361,429,107,322
210000362,481,121,360
210000363,700,127,573
210000364,545,185,360
210000365,609,29,580
210000366,575,38,537
210000367,240,21,219
210000368,266,21,245
210000369,94,126,-32
210000370,146,201,-55
210000372,43,63,-20
210000373,4,160,-156
210000374,72,191,-119
210000375,24,16,8
210000376,12,309,-297
210000404,39,46,-7
210000439,245,4,241
210000472,73,5,68
210000482,113,84,29
210000564,296,166,130
210000567,1,79,-78
210000568,429,4,425
211000092,106,6,100
211000094,13,0,13
211000169,233,4,229
211000172,14,78,-64
211000209,1,50,-49
211000226,10,5,5
211000270,177,8,169
211000275,49,7,42
211000276,223,19,204
211000279,21,65,-44
211000281,250,17,233
211000302,20,18,2
211507980,0,25,-25
211977296,33,0,33
212000003,234,116,118
212000004,3,121,-118
212000005,15,163,-148
212000006,30,198,-168
212000008,206,200,6
212000009,91,95,-4
212000012,151,33,118
212000013,42,26,16
212000014,334,49,285
212000015,417,96,321
212000016,578,221,357
212000027,597,128,469
212000028,419,134,285
212000029,317,117,200
212000030,61,12,49
212000031,59,36,23
212000048,27,479,-452
212000049,5,318,-313
212000050,5,25,-20
212000051,399,67,332
212000052,350,76,274
212000053,258,137,121
212000054,607,31,576
212000055,647,62,585
212000056,29,14,15
212000057,25,9,16
212000058,118,39,79
212000070,216,44,172
212000077,255,72,183
212000099,485,73,412
212000108,297,335,-38
212000111,529,17,512
212000120,129,279,-150
212000138,307,75,232
212000156,0,19,-19
212000158,4,20,-16
212000159,678,39,639
212000160,678,33,645
212000161,146,0,146
212000310,67,6,61
212000311,21,34,-13
212000374,31,5,26
213000001,3,152,-149
213000005,734,43,691
213000006,693,54,639
213000007,69,16,53
213000009,234,116,118
213000010,443,50,393
213000011,193,16,177
213000012,150,45,105
213000014,36,17,19
213000015,213,4,209
213000016,406,15,391
213000017,32,0,32
213000018,6,1,5
213000019,1,24,-23
213000020,96,73,23
213000021,1,15,-14
213000023,586,155,431
213000033,265,1045,-780
213000034,345,101,244
213000035,239,471,-232
213000045,147,217,-70
213000046,25,55,-30
213000047,103,637,-534
213000056,258,6,252
213000069,36,7,29
213000073,0,21,-21
213000074,72,208,-136
213000075,1010,0,1010
213000076,11,27,-16
213000085,1,10,-9
213000086,15,54,-39
213000091,583,10,573
213000092,44,12,32
213000099,205,708,-503
213000100,775,159,616
213000101,959,50,909
213000102,882,130,752
213000103,561,242,319
213000104,29,121,-92
213000105,119,1953,-1834
213000106,45,251,-206
213000107,135,173,-38
213000108,25,189,-164
213000109,4,81,-77
213000110,14,49,-35
213000111,3,33,-30
213000112,18,49,-31
213000115,66,0,66
213000116,19,203,-184
213000117,4,278,-274
213000118,1087,262,825
213000119,19,188,-169
213000120,47,157,-110
213000122,98,207,-109
213000123,56,259,-203
213000124,210,405,-195
213000125,177,35,142
213000126,24,59,-35
213000127,19,72,-53
213000128,12,211,-199
213000129,84,2061,-1977
213000130,1229,684,545
213000132,1599,178,1421
213000133,1583,82,1501
213000134,2271,24,2247
213000136,710,5,705
213000137,617,29,588
213000139,478,12,466
213000147,33,28,5
213000148,6,49,-43
213000149,5,54,-49
213000150,1,790,-789
213000151,1,227,-226
213000152,0,218,-218
213000153,0,153,-153
213000154,100,120,-20
213000155,74,47,27
213000156,146,84,62
213000157,1118,139,979
213000158,392,225,167
213000159,300,192,108
213000163,2582,230,2352
213000165,539,176,363
213000171,83,11,72
213000172,105,35,70
213000173,3,21,-18
213000174,2,6,-4
213000175,26,2,24
213000176,47,41,6
213000177,1,8,-7
213000178,6,0,6
213000179,358,5,353
213000180,521,18,503
213000182,280,47,233
213000184,41,139,-98
213000188,814,44,770
213000189,1455,37,1418
213000190,723,279,444
213000191,1019,130,889
213000192,471,116,355
213000193,321,103,218
213000194,2,268,-266
213000195,79,159,-80
213000196,478,1736,-1258
213000197,575,1164,-589
213000198,12,0,12
213000200,111,291,-180
213000201,28,53,-25
213000202,6,221,-215
213000203,1120,181,939
213000204,1891,34,1857
213000205,756,31,725
213000206,1161,13,1148
213000207,32,3,29
213000208,34,1,33
213000209,93,2,91
213000210,206,0,206
213000211,2,8,-6
213000212,16,27,-11
213000213,33,53,-20
213000218,1371,1304,67
213000219,1589,56,1533
213000220,1605,7,1598
213000223,395,46,349
213000224,30,16,14
213000225,63,12,51
213000226,48,3,45
213000227,1679,78,1601
213000228,1115,50,1065
213000229,321,28,293
213000230,671,15,656
213000232,230,11,219
213000233,12,110,-98
213000234,1,21,-20
213000293,13,155,-142
213000294,133,68,65
213000295,13,85,-72
213000296,69,4,65
213000297,12,39,-27
213000298,26,60,-34
213000299,42,23,19
213000300,2,4,-2
213000303,0,4,-4
213000304,1,2,-1
213000305,0,27,-27
213000306,28,268,-240
213000307,84,116,-32
213000308,83,99,-16
213000309,315,23,292
213000310,274,67,207
213000311,127,347,-220
213000315,109,122,-13
213000316,540,48,492
213000322,0,7,-7
213000323,21,10,11
213000340,97,217,-120
213000341,1588,39,1549
213000346,39,181,-142
213000347,158,451,-293
213000348,5,113,-108
213000349,1,4,-3
213000350,160,479,-319
213000366,107,112,-5
213000367,590,20,570
213000379,8,20,-12
213000386,31,24,7
213000406,257,87,170
213000417,1917,632,1285
213000425,215,32,183
213000426,99,2,97
213000427,51,30,21
213000428,42,19,23
213000429,3,17,-14
213000430,55,141,-86
213000431,3,1,2
213000432,0,65,-65
213000433,34,21,13
213000434,221,38,183
213000435,145,23,122
213000439,46,27,19
213000441,0,0,0
213000443,512,245,267
213000445,0,50,-50
213000446,0,32,-32
213000447,0,77,-77
213000448,10,78,-68
213000449,1475,9,1466
213000450,25,27,-2
213000451,483,15,468
213000452,1,7,-6
213000453,16,143,-127
213000455,28,1,27
213000456,0,103,-103
213000481,1,1,0
213000482,22,0,22
213000489,158,80,78
213000491,10,294,-284
213000492,93,19,74
213000493,0,363,-363
213000494,207,21,186
213000496,399,77,322
213000497,9,112,-103
213000498,88,59,29
213000499,72,48,24
213000500,394,15,379
213000501,281,12,269
213000502,80,12,68
213000503,0,23,-23
213000504,0,30,-30
213000505,38,20,18
213000506,0,1,-1
213000507,0,33,-33
213900244,192,0,192
213900245,0,11,-11
218000003,22,11,11
218000004,61,37,24
218000005,12,43,-31
218000006,64,34,30
218000007,26,31,-5
218000012,110,376,-266
218000013,239,155,84
218000014,366,94,272
218000019,230,170,60
218000020,202,158,44
218000040,2,2,0
218000046,137,162,-25
218000047,29,65,-36
218000048,174,64,110
218000049,72,58,14
218000050,243,92,151
218000051,60,124,-64
218000052,0,30,-30
218000053,1,8,-7
218000054,6,50,-44
218000055,2,27,-25
218000056,26,101,-75
218000057,0,64,-64
218000064,15,0,15
218000065,96,2,94
218000066,36,43,-7
218000067,167,16,151
218000068,221,20,201
218000069,508,39,469
218000070,326,168,158
218000071,108,107,1
218000072,129,127,2
218000078,1312,227,1085
218000079,461,14,447
218000080,228,19,209
218000081,645,47,598
218000082,223,21,202
218000083,149,49,100
218000084,180,44,136
218000085,241,59,182
218000086,18,31,-13
218000087,151,42,109
218000090,14,338,-324
218000091,1282,487,795
218000092,274,25,249
218000093,133,21,112
218000094,419,174,245
218000099,218,165,53
218000100,373,111,262
218000101,268,98,170
218000102,523,72,451
218000103,171,16,155
218000104,163,4,159
218000105,31,5,26
218000106,24,0,24
218000107,124,31,93
218000108,3,21,-18
218000112,24,9,15
218000117,40,83,-43
218000134,483,167,316
218000135,7,44,-37
218000136,130,79,51
218000137,86,53,33
218000138,62,68,-6
218000139,112,176,-64
218000140,603,328,275
218000141,63,25,38
218000142,216,112,104
218000143,35,229,-194
218000144,2,204,-202
218000145,573,179,394
218000146,100,50,50
218000151,1,17,-16
218000152,34,32,2
218000170,0,29,-29
218000171,82,4,78
218000172,2,9,-7
218000173,4,16,-12
218000174,10,16,-6
218000176,233,13,220
218000177,340,25,315
218000178,125,58,67
218000179,278,18,260
218000180,112,25,87
218000181,343,32,311
218000187,22,31,-9
218000188,18,18,0
218000189,19,77,-58
218000190,0,3,-3
218000191,210,24,186
218000192,241,41,200
218000193,235,40,195
218000194,150,108,42
218000195,190,43,147
218000196,413,91,322
218000197,712,90,622
218000198,215,32,183
218000199,25,5,20
218000200,56,52,4
218000201,39,11,28
218000202,45,729,-684
218000207,10,11,-1
218000208,34,78,-44
218000211,22,5,17
218000213,185,160,25
218000214,0,35,-35
218000215,108,41,67
218000217,4,36,-32
218000218,346,45,301
218000219,0,64,-64
218000220,64,583,-519
218000221,638,240,398
218000222,0,70,-70
218000223,22,324,-302
218000224,1,124,-123
218000225,199,7,192
218000226,181,18,163
218000232,84,18,66
218000239,143,3,140
218000240,5,1,4
218000241,3,0,3
218000242,12,0,12
218000243,14,5,9
218000244,16,5,11
218000245,4,12,-8
218000246,1,3,-2
218000247,0,0,0
218000248,0,24,-24
218000249,0,2,-2
218000250,1,9,-8
218000251,1,11,-10
218000252,0,51,-51
218000253,0,20,-20
218000254,0,25,-25
218000255,0,7,-7
218000256,2,8,-6
218000267,383,713,-330
218000268,4,21,-17
218000269,0,13,-13
218000270,93,30,63
218000271,28,9,19
218000273,63,2,61
218000274,48,1,47
218000275,138,113,25
218000276,51,22,29
218000278,30,35,-5
218000279,78,16,62
218000280,2,10,-8
218000281,0,22,-22
218000282,456,1357,-901
218000284,77,3,74
218000301,28,81,-53
218000302,6,34,-28
218000303,3,65,-62
218000316,1892,553,1339
218000317,3240,283,2957
218000318,1623,286,1337
218000319,1556,280,1276
218000320,1257,532,725
218000338,17,31,-14
218000345,100,83,17
218000346,44,143,-99
218000459,33,118,-85
218000490,13,50,-37
218000501,156,18,138
218000502,101,9,92
218000503,146,16,130
218000504,117,31,86
218000505,16,22,-6
218000506,20,75,-55
218000508,13,2,11
218000510,86,11,75
218000520,103,101,2
218000521,14,52,-38
218000522,0,262,-262
218000523,177,5,172
218000524,1,67,-66
218000525,57,20,37
218000526,19,111,-92
218000529,74,58,16
218000531,73,10,63
218000532,56,5,51
218000534,537,9,528
218000537,25,118,-93
218000538,66,215,-149
218000540,12,37,-25
218000543,153,29,124
218000544,62,25,37
218000545,325,26,299
218000546,45,20,25
218000547,247,66,181
218000548,111,12,99
218000549,1012,67,945
218000550,191,67,124
218000551,34,150,-116
218000552,372,141,231
218000553,21,107,-86
218000554,4,18,-14
218000555,44,113,-69
218000556,236,288,-52
218000557,1126,145,981
218000558,12,0,12
218000559,0,27,-27
218000560,0,5,-5
218000561,9,0,9
218000562,18,80,-62
218000563,145,5,140
218000564,3,79,-76
218000565,49,20,29
218000566,19,19,0
218000567,1,26,-25
218000568,2,0,2
218000569,3,119,-116
218000570,14,7,7
218000571,0,73,-73
218000572,142,0,142
218000573,6,68,-62
218000574,38,20,18
218000575,80,1,79
218000576,0,41,-41
218000577,115,0,115
218000578,0,54,-54
218000579,40,27,13
218000581,1,74,-73
218000582,57,5,52
218000583,12,0,12
218000584,0,29,-29
218000585,8,17,-9
218000586,8,6,2
218000587,0,0,0
218000588,0,3,-3
218000589,0,9,-9
218000590,0,0,0
218000591,6,84,-78
218000592,18,45,-27
218000601,0,24,-24
218000602,3,16,-13
218000603,0,0,0
218000604,7,0,7
218000605,0,102,-102
218000606,103,0,103
218000607,4,56,-52
218000608,43,11,32
218000609,1,53,-52
218000610,33,1,32
218000611,33,0,33
218000612,0,10,-10
218000613,74,16,58
218000614,5,23,-18
218000615,111,4,107
218000616,0,107,-107
218000617,0,2,-2
218000618,2,18,-16
218000619,28,20,8
218000620,7,148,-141
218000621,0,1,-1
218000622,0,82,-82
218000623,44,1,43
218000624,0,145,-145
218000625,0,1,-1
218000626,0,16,-16
218000628,289,110,179
218000631,122,18,104
218000632,0,61,-61
218000633,69,0,69
218000634,5,0,5
218000635,20,8,12
218000636,748,190,558
218000637,1449,115,1334
218000638,401,14,387
218000639,20,27,-7
218000640,989,25,964
218000641,296,36,260
218000652,43,41,2
218000653,114,7,107
218000663,2,70,-68
218000675,23,86,-63
218000680,377,191,186
218000681,1131,103,1028
218000691,390,134,256
218000693,848,55,793
218000718,12,26,-14
218000719,72,109,-37
218000720,2,62,-60
218000721,6,0,6
218001147,1,91,-90
218001214,62,23,39
218001258,1181,5,1176
218001329,519,37,482
218001330,76,135,-59
218001351,45,20,25
218001352,45,23,22
218001353,17,27,-10
218001354,5,44,-39
218001355,10,88,-78
218001356,581,200,381
218001357,2,63,-61
218001358,889,16,873
218001361,1850,5,1845
218001362,1,60,-59
219000001,6,10,-4
219000002,33,17,16
219000003,44,18,26
219000004,31,94,-63
219000017,97,104,-7
219000020,218,16,202
219000022,196,3,193
219000023,80,4,76
219000029,0,95,-95
219000034,36,15,21
219000039,22,98,-76
219000040,5,70,-65
219000041,96,77,19
219000051,0,40,-40
219000052,0,45,-45
219000053,0,89,-89
219000055,356,0,356
219000056,0,0,0
219000057,50,0,50
219000062,6,94,-88
219000063,303,5,298
219000064,0,158,-158
219000110,232,225,7
219000111,90,27,63
219000112,303,39,264
219000113,245,29,216
219000114,190,34,156
219000116,110,55,55
219000117,166,19,147
219000118,159,69,90
219000123,199,80,119
219000124,94,25,69
219000125,41,4,37
219000126,37,64,-27
219000127,0,2,-2
219000128,22,118,-96
219000129,21,104,-83
219000130,176,266,-90
219000131,961,529,432
219000133,28,109,-81
219000134,18,67,-49
219000135,25,31,-6
219000136,56,270,-214
219000138,120,12,108
219000139,126,47,79
219000140,229,0,229
219000141,52,53,-1
219000142,46,42,4
219000143,45,11,34
219000145,13,10,3
219000146,0,0,0
219000147,10,6,4
219000148,4,16,-12
219000149,1,20,-19
219000150,0,10,-10
219000151,0,0,0
219000157,625,104,521
219000158,277,154,123
219000161,285,2,283
219000163,1342,291,1051
219000166,136,110,26
219000167,139,154,-15
219000168,270,147,123
219000174,488,84,404
219000175,199,2,197
219000176,273,9,264
219000177,151,4,147
219000178,130,1,129
219000179,115,12,103
219000180,134,19,115
219000182,157,1,156
219000183,131,5,126
219000184,93,0,93
219000185,1,1,0
219000186,131,14,117
219000187,33,14,19
219000189,91,108,-17
219000190,68,106,-38
219000191,98,508,-410
219000192,256,132,124
219000193,237,90,147
219000195,0,12,-12
219000196,0,32,-32
219000198,6,43,-37
219000199,5,43,-38
219000200,29,54,-25
219000201,32,50,-18
219000203,2,18,-16
219000204,51,227,-176
219000205,17,122,-105
219000207,53,195,-142
219000209,23,14,9
219000210,8,108,-100
219000213,32,172,-140
219000239,173,128,45
219000240,52,216,-164
219000241,69,116,-47
219000242,47,135,-88
219000243,95,163,-68
219000244,21,50,-29
219000245,4,15,-11
219000246,37,23,14
219000247,643,43,600
219000248,475,340,135
219000249,169,80,89
219000250,256,43,213
219000251,515,92,423
219000252,224,49,175
219000253,225,28,197
219000255,260,81,179
219000256,396,23,373
219000257,82,0,82
219000262,30,21,9
219000263,59,43,16
219000267,1,24,-23
219000268,0,3,-3
219000269,4,3,1
219000270,24,0,24
219000271,391,0,391
219000278,0,0,0
219000279,0,0,0
219000283,0,7,-7
219000295,10,138,-128
219000296,54,189,-135
219000297,26,33,-7
219000298,48,17,31
219000299,277,25,252
219000300,52,44,8
219000301,16,130,-114
219000302,23,77,-54
219000307,8,9,-1
219000308,31,45,-14
219000311,123,48,75
219000312,372,145,227
219000313,517,43,474
219000314,94,61,33
219000315,492,1,491
219000316,571,72,499
219000317,232,5,227
219000320,0,105,-105
219000321,1,19,-18
219000323,2,20,-18
219000325,0,0,0
219000326,39,13,26
219000327,6,4,2
219000328,28,4,24
219000329,395,107,288
219000330,23,5,18
219000331,34,9,25
219000332,226,37,189
219000333,113,2,111
219000335,47,0,47
219000337,1,1,0
219000338,31,0,31
219000344,16,29,-13
219000345,88,5,83
219000346,9,10,-1
219000348,85,45,40
219000349,56,96,-40
219000350,26,287,-261
219000351,0,2,-2
219000352,54,98,-44
219000353,317,34,283
219000354,537,34,503
219000355,146,30,116
219000356,314,814,-500
219000363,118,59,59
219000364,141,29,112
219000365,82,24,58
219000366,137,857,-720
219000368,412,377,35
219000370,801,320,481
219000371,3,3,0
219000382,7,19,-12
219000383,192,638,-446
219000385,121,469,-348
219000386,339,1177,-838
219000387,0,1,-1
219000390,17,0,17
219000391,3,0,3
219000397,45,7,38
219000398,34,43,-9
219000401,9,88,-79
219000402,34,63,-29
219000403,64,72,-8
219000404,26,72,-46
219000407,59,17,42
219000409,58,33,25
219000410,106,5,101
219000411,85,9,76
219000446,44,266,-222
219000447,1,11,-10
219000448,2,1,1
219000452,177,72,105
219000453,24,133,-109
219000454,296,286,10
219000556,750,30,720
219000558,82,147,-65
219000590,9,182,-173
219000591,245,54,191
219000592,45,110,-65
219000595,4,17,-13
219000635,212,42,170
219000636,57,19,38
219000657,20,6,14
219000658,27,98,-71
219000673,0,0,0
219000676,12,0,12
219000679,24,2,22
219000684,182,0,182
219000685,0,41,-41
219000686,0,1,-1
219000688,0,45,-45
219000689,7,66,-59
219000690,109,15,94
219000691,23,44,-21
219000692,129,3,126
219000693,0,7,-7
219000694,38,0,38
219000695,60,1,59
219000698,7,0,7
219000699,0,99,-99
219000727,3,59,-56
219000728,161,0,161
219000770,2,4,-2
219000771,1,35,-34
219000788,236,285,-49
219001150,0,51,-51
219001151,0,1,-1
219001166,66,114,-48
219001167,1,75,-74
219001178,61,0,61
220000001,6,219,-213
220000002,1,214,-213
220000003,166,65,101
220000004,212,226,-14
220000005,331,734,-403
220000006,131,304,-173
220000007,380,91,289
220000008,260,268,-8
220000009,193,264,-71
220000010,60,44,16
220000011,272,4144,-3872
220000012,9,451,-442
220000014,120,85,35
220000015,76,375,-299
220000017,27,209,-182
220000018,7297,1503,5794
220000019,170,732,-562
220000020,458,112,346
220000021,1094,219,875
220000022,1443,194,1249
220000023,347,111,236
220000024,884,384,500
220000025,430,1320,-890
220000026,538,731,-193
220000027,8,235,-227
220000028,30,116,-86
220000029,22,57,-35
220000030,32,89,-57
220000031,731,413,318
220000064,41,918,-877
221000046,1,0,1
221000047,0,0,0
221000048,0,1,-1
221000049,0,11,-11
221000050,4,1,3
221000055,34,46,-12
221000057,188,1,187
221000068,105,31,74
221000069,275,15,260
221000070,277,27,250
221000071,62,3,59
221000072,393,10,383
221000073,214,12,202
221000074,1,5,-4
221000075,3,29,-26
221000076,1,28,-27
221000077,6,34,-28
221000081,0,0,0
221000082,83,5,78
221000083,4,2,2
221000084,18,6,12
221000085,5,24,-19
221000086,5,41,-36
221000087,1,34,-33
221000088,4,90,-86
221000089,17,102,-85
221000090,15,178,-163
221000098,129,7,122
221000099,314,18,296
221000100,315,1,314
221000101,309,5,304
221000102,174,4,170
221000109,2,24,-22
221000110,3,20,-17
221000111,6,36,-30
221000112,3,64,-61
221000113,8,61,-53
221000114,4,41,-37
221000120,6,77,-71
221000121,0,41,-41
221000122,31,61,-30
221000123,23,8,15
221000124,32,46,-14
221000155,60,28,32
221000156,196,63,133
221000175,2,22,-20
221000176,1,1,0
221000182,131,0,131
221000241,282,131,151
221000242,29,118,-89
221000243,428,116,312
221000244,60,306,-246
221000245,262,73,189
221000246,9,214,-205
221000247,263,101,162
221000248,50,75,-25
221000267,25,334,-309
221000325,16,120,-104
221000331,2,22,-20
221000338,6,36,-30
221000378,391,39,352
221000381,37,70,-33
222000282,1,1,0
222000296,0,28,-28
222000568,305,4,301
222000569,167,24,143
222000570,111,25,86
222000571,361,24,337
222000577,8,14,-6
222000578,2,42,-40
222000579,2,27,-25
222000580,26,531,-505
222000599,0,42,-42
222000600,0,50,-50
222000601,0,294,-294
222000603,9,46,-37
222000604,0,113,-113
222000605,2,35,-33
222000606,0,46,-46
222000607,1,13,-12
222000608,0,24,-24
222000609,33,25,8
222000616,959,17,942
222000617,9,18,-9
222000618,1,9,-8
222000620,32,49,-17
222000621,53,38,15
222000623,634,7,627
222000624,644,5,639
222000625,1464,95,1369
222000636,54,0,54
222000686,13,58,-45
222000687,72,16,56
222001066,438,0,438
222001067,104,9,95
222001068,260,2,258
222001069,197,8,189
222001082,38,16,22
222001083,143,3,140
222001084,1,85,-84
222001085,0,300,-300
222001111,181,20,161
222001112,238,20,218
222001313,2,7,-5
222001314,1,92,-91
222001464,625,26,599
222001465,20,154,-134
222001484,433,28,405
222001485,20,19,1
222001494,1445,160,1285
222001495,89,70,19
222001496,645,65,580
222001497,60,173,-113
222001502,10,31,-21
222001503,379,8,371
222001504,9,44,-35
222001505,589,7,582
222001506,5,85,-80
222001507,429,13,416
222001510,1198,30,1168
222001511,9,122,-113
222001514,882,32,850
222001515,8,129,-121
222001518,910,14,896
222001519,26,87,-61
222001527,224,3,221
222001528,30,36,-6
222001529,528,15,513
222001530,23,49,-26
222001533,54,48,6
222001534,1043,7,1036
222001535,799,142,657
222001536,24,134,-110
222001537,571,14,557
222001538,10,90,-80
222001563,1556,19,1537
222001564,18,219,-201
222001568,160,53,107
222001576,8,10,-2
222001579,0,24,-24
222001583,7,32,-25
222001584,238,6,232
222001596,198,290,-92
222001597,1594,104,1490
222001626,0,28,-28
222001650,2,56,-54
222001651,19,146,-127
222001914,327,4,323
222001915,2,57,-55
222001968,644,165,479
222001969,166,180,-14
222001970,79,120,-41
222001971,141,8,133
222001972,9,4,5
225000001,567,91,476
225000002,1232,77,1155
225000003,1530,15,1515
225000004,1049,55,994
225000005,74,29,45
225000006,0,104,-104
225000007,596,1146,-550
225000010,231,9,222
225000011,255,1847,-1592
225000012,289,842,-553
225000013,245,74,171
225000014,749,76,673
225000015,102,136,-34
225000021,656,62,594
225000027,265,206,59
225000032,751,70,681
225000042,148,130,18
225000049,18,56,-38
225000050,225,6,219
225000053,0,91,-91
225000058,800,140,660
225000067,263,53,210
225000068,104,121,-17
225000069,70,252,-182
225000070,119,209,-90
225000071,10,67,-57
225000075,48,1002,-954
225000076,92,72,20
225000078,44,13,31
225000085,185,25,160
225000086,653,23,630
225000087,89,12,77
225000088,18,114,-96
225000089,41,108,-67
225000090,37,142,-105
225000091,22,44,-22
225000092,21,81,-60
225000093,291,86,205
225000094,7,76,-69
225000095,312,130,182
225000096,110,80,30
225000098,1057,138,919
225000099,617,31,586
225000100,976,64,912
225000104,100,342,-242
225000110,16,132,-116
225000111,329,269,60
225000112,562,652,-90
225000113,203,1269,-1066
225000114,155,606,-451
225000115,1295,703,592
225000116,293,102,191
225000117,549,342,207
225000118,1081,289,792
225000119,595,72,523
225000120,849,30,819
225000121,209,16,193
225000123,682,6,676
225000125,561,240,321
225000126,731,236,495
225000127,430,3704,-3274
225000128,403,1484,-1081
225000132,728,14,714
225000133,299,9,290
225000134,915,97,818
225000135,96,2,94
225000136,443,3,440
225000137,505,68,437
225000138,555,115,440
225000143,70,152,-82
225000144,16,206,-190
225000145,13,21,-8
225000146,73,22,51
225000147,28,43,-15
225000148,1,20,-19
225000149,49,54,-5
225000151,22,41,-19
225000155,113,81,32
225000156,211,989,-778
225000157,612,274,338
225000158,32,150,-118
225000171,8,149,-141
225000180,19,11,8
225000181,0,160,-160
225000182,63,2,61
225000185,1,286,-285
225000187,96,143,-47
225000191,41,0,41
225000194,0,4,-4
225000208,1,25,-24
225000209,57,1,56
225000210,0,97,-97
225000217,0,6,-6
225000218,38,1,37
225000223,2,725,-723
225000224,9,5,4
225000225,0,393,-393
225000226,35,4,31
225000227,85,248,-163
225000228,1,12,-11
225000229,0,33,-33
225000230,8,1,7
225000231,0,14,-14
225000232,175,1,174
225000241,66,0,66
225000242,0,26,-26
225000249,12,0,12
225000250,39,84,-45
225000251,789,136,653
226000042,131,235,-104
226000043,39,230,-191
226000044,155,524,-369
226000045,33,294,-261
226000046,1146,113,1033
226000047,828,145,683
226000048,667,106,561
226000049,802,215,587
226000070,0,9,-9
226000071,0,53,-53
226000072,0,31,-31
226000073,0,16,-16
226000074,0,17,-17
226000084,1,176,-175
226000085,0,135,-135
226000086,1,64,-63
226000087,0,37,-37
226000088,1,6,-5
226000090,923,191,732
226000091,3,106,-103
226000092,1,8,-7
226000093,14,8,6
226000094,1,14,-13
226000095,30,47,-17
226000105,1,0,1
226000106,7,0,7
226000107,2,0,2
226000108,4,0,4
226000109,341,0,341
226000124,182,106,76
226000134,1461,370,1091
226000135,2522,675,1847
226000136,1161,312,849
226000137,17,103,-86
226000138,3,39,-36
226000139,0,28,-28
226000156,492,8,484
226000157,495,11,484
226000163,62,60,2
226000202,17,43,-26
226000231,1497,2,1495
226000232,28,1,27
227000037,1136,12,1124
227000038,372,49,323
227000049,0,111,-111
227000050,0,136,-136
227000055,85,1,84
227000056,14,0,14
227000084,5,94,-89
227000085,2,134,-132
227000088,100,4,96
227000089,27,4,23
227000090,21,1,20
227000091,66,4,62
227000093,129,0,129
227000094,7,0,7
227000130,83,144,-61
227000131,22,139,-117
227000132,43,68,-25
227000133,16,67,-51
227000134,67,70,-3
227000152,0,1,-1
227000153,0,86,-86
227000155,3,27,-24
227000156,2,13,-11
227000165,4,101,-97
227000196,86,81,5
227000199,888,6,882
227000230,1,146,-145
227000232,761,32,729
227000241,1125,14,1111
227000242,49,191,-142
227000243,404,36,368
227000244,574,9,565
227000245,85,126,-41
227000246,67,176,-109
227000247,743,16,727
227000248,230,78,152
227000249,16,225,-209
227000251,86,355,-269
227000252,68,87,-19
227000253,319,26,293
227000262,833,14,819
227000266,2600,33,2567
227000267,1,354,-353
227000486,370,336,34
227000655,757,1,756
227000661,236,4,232
227000680,76,109,-33
229000265,91,30,61
229000296,0,23,-23
229000297,1,48,-47
229000298,6,310,-304
229000320,17,0,17
229000321,18,0,18
229000412,23,23,0
229000414,33,49,-16
229000415,15,3,12
229000416,1,1,0
229000417,2,1,1
229000419,104,162,-58
229000440,149,47,102
229000442,33,2,31
229000443,2,0,2
229000444,0,56,-56
229000445,93,3,90
229000446,58,69,-11
229000847,73,0,73
229000848,74,0,74
229000849,101,0,101
229000851,219,0,219
229000854,0,4,-4
229000856,3,130,-127
229000857,0,19,-19
229000858,0,9,-9
229000919,0,13,-13
229000930,1,10,-9
229000937,124,7,117
229000966,68,19,49
229000981,17,3,14
229000985,49,4,45
229000986,0,1,-1
229000987,0,1,-1
229000988,0,9,-9
229000989,14,12,2
229000990,0,11,-11
229000991,0,0,0
229000992,25,11,14
229000993,198,14,184
229000998,7,100,-93
229000999,91,8,83
229001034,0,55,-55
229001035,0,0,0
229001037,67,2,65
229001042,24,5,19
229001047,0,75,-75
229001050,84,38,46
229001200,51,3,48
229001338,0,1,-1
229001394,361,5,356
229001422,194,12,182
229001423,2,43,-41
229001431,51,38,13
229001432,1,7,-6
229001444,169,25,144
229001445,182,76,106
229001503,453,40,413
229001504,59,40,19
229001505,153,16,137
229001506,14,36,-22
229001509,73,2,71
229001545,108,26,82
229001546,0,17,-17
229001553,79,4,75
229001554,1,34,-33
229001559,3,1,2
229001560,8,21,-13
229001630,101,1,100
229001631,11,19,-8
229001635,0,16,-16
229001636,1,0,1
229001658,0,15,-15
229001659,31,12,19
229001660,0,8,-8
229001661,0,86,-86
229001662,7,0,7
229001663,0,33,-33
229002584,188,187,1
229002831,104,44,60
229002841,4,31,-27
229002842,33,27,6
229002843,36,26,10
229002844,1,98,-97
229002845,3,150,-147
229002846,8,39,-31
229002847,0,9,-9
229002848,2,15,-13
229002849,0,94,-94
229002850,0,0,0
229002851,4,94,-90
229002852,98,17,81
229002853,37,3,34
229002854,26,33,-7
229002855,6,62,-56
229002856,75,39,36
229002857,30,129,-99
229002858,1,27,-26
229002859,18,52,-34
229002860,39,23,16
229002861,73,41,32
229002862,9,54,-45
229002863,3,6,-3
229002864,26,41,-15
229002865,1,14,-13
229002866,5,10,-5
229002867,0,9,-9
229002868,4,66,-62
229002869,2,20,-18
229002870,25,3,22
235000066,166,24,142
235000067,107,36,71
235000072,0,0,0
235000073,0,0,0
235000074,17,11,6
235000080,0,18,-18
235000081,10,43,-33
235000082,320,50,270
235000083,286,37,249
235000084,30,32,-2
235000085,101,66,35
235000089,10,17,-7
235000092,0,0,0
235000093,0,0,0
235000097,1,2,-1
235000098,134,0,134
235000099,17,33,-16
235000116,9,20,-11
235000117,427,12,415
235000133,0,0,0
235000134,0,0,0
235000206,1,6,-5
235000207,1,3,-2
235000208,0,0,0
235000209,1,6,-5
235000210,3,0,3
235000212,0,3,-3
235000213,0,5,-5
235000220,0,1,-1
235000221,2,11,-9
235000238,7,262,-255
235000239,0,33,-33
235000242,220,903,-683
235000245,241,119,122
235000246,47,42,5
235000284,1,54,-53
235000295,71,0,71
235000305,428,25,403
235000306,406,0,406
235000307,17,0,17
235000308,11,0,11
235000309,104,0,104
235000310,39,0,39
235000311,17,69,-52
235000322,0,97,-97
235000323,0,28,-28
235000324,0,45,-45
235000325,0,12,-12
235000326,20,36,-16
235000351,0,52,-52
235000352,14,22,-8
235000353,0,7,-7
235000354,11,8,3
235000355,0,73,-73
235000356,63,2,61
235000357,15,2,13
235000358,33,1,32
235000359,32,1,31
235000360,49,2,47
235000361,94,0,94
235000381,30,22,8
235000382,82,16,66
235000390,3,1,2
235000391,148,5,143
235000392,219,114,105
235000393,146,95,51
235000395,127,42,85
235000396,398,32,366
235000400,15,75,-60
235000401,0,65,-65
235000405,97,26,71
235000406,10,26,-16
235000407,30,21,9
235000409,122,38,84
235000410,42,43,-1
235000411,0,29,-29
235000485,0,0,0
235000486,0,0,0
235000549,85,90,-5
235000550,13,12,1
235000599,30,7,23
235000600,1,1,0
235000601,5,21,-16
235000602,89,56,33
235000614,0,1,-1
235000648,0,0,0
235000649,23,1,22
235000685,0,0,0
235000815,0,2,-2
235000834,0,18,-18
235000855,54,25,29
235000862,0,28,-28
235000891,0,0,0
235000892,2,0,2
235000901,17,3,14
235000907,1,1,0
235001010,98,23,75
235001029,83,85,-2
235001030,137,25,112
235001078,101,36,65
235001079,18,23,-5
235001147,11,44,-33
235001166,2,18,-16
235001167,8,10,-2
235001169,72,93,-21
235001188,0,2,-2
235001189,0,2,-2
235001197,1,11,-10
235001200,0,0,0
235001207,390,55,335
235001210,74,73,1
235001215,14,34,-20
235001239,0,2,-2
235001244,0,21,-21
235016267,0,120,-120
277102712,6,0,6
277103813,0,0,0
277104249,0,0,0
277104250,0,16,-16
277104251,0,3,-3
277104252,1,3,-2
990011530,0,153,-153
990014944,0,53,-53
990015176,28,3,25
990016032,0,55,-55
990032570,2,14,-12
990070001,55,1,54
990070103,0,4,-4
990070601,0,11,-11
990070751,2572,26,2546
990070766,0,60,-60
990071180,376,57,319
990071343,36,0,36
990071387,0,3,-3
990071823,16,1,15
990072600,1,262,-261
990072964,0,86,-86
990073285,0,0,0
990074393,0,166,-166
990074870,2246,19,2227
990075106,387,1,386
990075746,570,19,551
990076437,5530,19,5511
990076458,0,191,-191
997000007,265,1,264
997000041,1,123,-122
997000058,68,0,68
997000062,7,1,6
997000069,0,0,0
997000070,0,4,-4
997000100,125,0,125
997000141,0,163,-163
997000198,7,144,-137
998000475,0,1,-1
998000736,0,60,-60
998000965,0,56,-56
998001031,0,47,-47
998001700,0,30,-30
998001899,0,0,0
998001900,4,0,4
998003073,1258,6,1252
998101900,0,0,0
998102850,0,61,-61
998501927,318,785,-467
998501929,125,9,116
998501930,50,0,50
998501931,169,1,168
998501932,18,0,18
998501933,61,14,47
998501937,12,0,12
998501944,56,2,54
998501950,0,0,0
998501970,263,4,259
998501971,0,12,-12
998501973,0,10,-10
998501974,4,58,-54
998501975,65,4,61
998501976,424,7,417
998501977,0,19,-19
998501978,6,0,6
998501979,0,0,0
998501980,80,3,77
998501981,69,0,69
998501982,0,54,-54
998501983,0,2,-2
998502006,0,0,0
998502032,0,0,0
998502062,47,26,21
998502063,0,0,0
998502173,9,0,9
998502269,0,0,0
998502546,2,245,-243
998502578,1,0,1
998502599,8,839,-831
998502621,0,0,0
998601159,0,15,-15
998601292,1,1,0
999033574,1,115,-114
999800001,20,2,18
999800002,0,11,-11
999800003,2,0,2
999800004,0,0,0
999800005,0,1,-1
