ID,insum,outsum,diff
100000001,421,509,-88
100000002,2128,1887,241
100000003,3111,3134,-23
100000004,524,612,-88
100000005,1696,3231,-1535
100000006,358,106,252
100000007,1233,573,660
100000008,145,350,-205
100000009,249,168,81
100000010,45,56,-11
100000011,682,102,580
100000012,74,751,-677
100000013,16,207,-191
100000014,134,240,-106
100000015,1022,1436,-414
100000016,564,960,-396
100000017,327,628,-301
100000018,916,447,469
100000019,2063,1454,609
100000020,1002,3693,-2691
100000021,3126,1561,1565
100000022,583,1513,-930
100000023,2923,1058,1865
100000025,482,890,-408
100000028,679,718,-39
100000029,74,255,-181
100000030,100,30,70
100000031,1321,3434,-2113
100000032,1199,2587,-1388
100000033,763,1690,-927
100000034,124,540,-416
100000035,733,993,-260
100000036,886,858,28
100000037,550,291,259
100000038,1669,773,896
100000039,336,231,105
100000040,189,114,75
100000041,1045,351,694
100000042,750,330,420
100000043,496,394,102
100000044,242,527,-285
100000045,364,615,-251
100000046,394,479,-85
100000047,175,282,-107
100000048,210,371,-161
100000049,965,1075,-110
100000051,363,592,-229
100000053,103,3,100
100000054,337,35,302
100000055,711,232,479
100000056,344,298,46
100000057,1403,495,908
100000058,534,729,-195
100000059,11,107,-96
100000060,342,244,98
100000061,1782,323,1459
100000062,1558,396,1162
100000063,688,179,509
100000064,861,221,640
100000065,251,409,-158
100000066,147,414,-267
100000067,265,411,-146
100000068,359,955,-596
100000069,244,800,-556
100000072,212,385,-173
100000073,679,719,-40
100000075,608,215,393
100000076,976,2014,-1038
100000077,155,200,-45
100000078,13,25,-12
100000079,25,49,-24
100000080,20,42,-22
100000081,103,192,-89
100000102,1698,2136,-438
100000103,1232,1001,231
100000104,1892,1704,188
100000105,1411,1195,216
100000106,1244,1814,-570
100000107,288,769,-481
100000108,273,501,-228
100000109,1118,835,283
100000116,626,647,-21
100000117,51,119,-68
100000118,797,990,-193
100000119,435,595,-160
100000121,211,314,-103
100000122,523,730,-207
100000123,1306,2252,-946
100000124,2533,3329,-796
100000125,2297,1151,1146
100000126,363,331,32
100000127,815,329,486
100000128,951,1572,-621
100000129,280,372,-92
100000130,354,282,72
100000131,1252,1485,-233
100000132,628,1600,-972
100000133,2414,1290,1124
100000135,416,902,-486
100000139,231,408,-177
100000140,334,241,93
100000142,341,400,-59
100000143,1154,432,722
100000144,2641,702,1939
100000147,843,2541,-1698
100000150,39,276,-237
100000151,603,1091,-488
100000153,113,293,-180
100000154,21,135,-114
100000155,12,28,-16
100000156,329,432,-103
100000157,182,124,58
100000158,284,118,166
100000159,186,377,-191
100000165,904,641,263
100000169,111,636,-525
100000174,284,575,-291
100000179,73,324,-251
100000180,568,1374,-806
100000181,324,153,171
100000188,49,179,-130
100000189,689,291,398
100000190,445,830,-385
100000191,536,539,-3
100000192,20,66,-46
100000193,273,180,93
100000330,670,577,93
100000355,145,499,-354
100000362,2916,1729,1187
100000363,3465,3646,-181
100000364,161,233,-72
100000365,4360,6287,-1927
100000366,3335,2104,1231
100000367,3496,5477,-1981
100000368,1897,824,1073
100000369,562,1370,-808
100000370,76,563,-487
100000376,77,112,-35
100000379,1193,1244,-51
100000380,2877,3156,-279
100000384,3294,3928,-634
100000385,2057,2978,-921
100000386,3481,3422,59
100000387,2570,3580,-1010
100000388,3161,4064,-903
100000389,3381,4234,-853
100000390,4306,4548,-242
100000391,3248,4897,-1649
100000392,2104,3296,-1192
100000393,1573,3530,-1957
100000394,4415,6039,-1624
100000395,2981,3873,-892
100000396,4697,2829,1868
100000397,3018,5821,-2803
100000398,8151,5693,2458
100000413,0,7,-7
100000414,156,370,-214
100900002,2,16,-14
100900003,366,178,188
100900004,13,635,-622
100900005,72,18,54
100900006,13,39,-26
100900007,153,3,150
100900008,0,261,-261
100900009,38,115,-77
100900010,55,22,33
100900011,150,135,15
100900012,0,123,-123
100900013,529,12,517
100900014,8,2,6
100900015,58,44,14
100900016,3,8,-5
100900017,489,50,439
100900018,0,16,-16
100900019,13,52,-39
100900020,247,3,244
100900021,356,2,354
100900022,1,19,-18
100900023,0,8,-8
100900024,261,0,261
100900025,3,5,-2
100900026,83,74,9
100900027,319,1710,-1391
100900028,54,116,-62
100900029,25,4,21
100900030,1,51,-50
100900031,420,21,399
100900032,300,1,299
100900033,117,127,-10
100900034,626,2,624
100900035,153,0,153
100900036,6,0,6
100900037,107,106,1
100900038,76,33,43
100900039,218,301,-83
100900040,368,426,-58
100900041,544,390,154
100900042,878,1115,-237
100900043,0,7,-7
100900044,1071,461,610
100900045,6,0,6
100900046,684,5,679
100900047,372,75,297
100900048,92,26,66
100900049,68,103,-35
100900050,4,9,-5
100900051,28,49,-21
100900052,166,27,139
100900053,346,16,330
100900054,5,22,-17
100900055,112,551,-439
100900056,44,60,-16
100900057,953,796,157
100900058,147,24,123
100900059,64,0,64
100900060,150,2,148
100900061,287,143,144
100900062,5,24,-19
100900063,182,528,-346
100900064,481,14,467
100900065,39,94,-55
100900066,148,139,9
100900067,2,3,-1
100900068,72,67,5
100900069,166,7,159
100900070,281,4,277
100900071,533,161,372
100900072,2,28,-26
100900073,104,223,-119
100900074,1,4,-3
100900075,1211,167,1044
100900076,5,16,-11
100900077,12,28,-16
100900078,32,155,-123
100900079,5,8,-3
100900080,26,68,-42
100900081,26,80,-54
100900082,151,394,-243
100900083,10,7,3
100900085,15,248,-233
100900086,70,257,-187
100900088,92,298,-206
100900089,5,5,0
100900090,51,217,-166
100900091,4,9,-5
100900092,102,105,-3
100900093,165,149,16
100900094,98,185,-87
100900095,1,17,-16
100900096,10,55,-45
100900097,8,0,8
100900098,18,17,1
100900099,16,262,-246
100900100,0,298,-298
100900101,146,33,113
100900102,9,31,-22
100900103,6,9,-3
100900104,4,88,-84
100900105,14,242,-228
100900106,20,13,7
100900107,1049,589,460
100900108,2,15,-13
100900109,16,7,9
100900110,2,20,-18
100900111,36,75,-39
100900112,4,12,-8
100900113,16,16,0
100900114,12,6,6
100900115,2,14,-12
100900116,489,354,135
100900117,186,611,-425
100900118,11,31,-20
100900119,16,8,8
100900120,4,10,-6
100900121,145,267,-122
100900122,99,106,-7
100900123,88,99,-11
100900124,2,3,-1
100900125,7,40,-33
100900126,156,104,52
100900127,6,11,-5
100900128,40,104,-64
100900129,0,103,-103
100900131,53,119,-66
100900133,56,22,34
100900134,1,3,-2
100900135,0,109,-109
100900137,216,111,105
100900138,266,269,-3
100900139,3,6,-3
100900140,9,279,-270
100900141,2,369,-367
100900142,4,5,-1
100900143,382,207,175
100900144,2,1,1
100900145,53,126,-73
100900146,0,23,-23
100900147,7,464,-457
100900148,30,377,-347
100900149,22,187,-165
100900150,0,25,-25
100900151,113,335,-222
100900152,54,5,49
100900153,2,97,-95
100900154,22,44,-22
100900155,3,15,-12
100900156,15,1,14
100900157,4,102,-98
100900159,1,18,-17
100900160,15,5,10
100900161,22,6,16
100900162,19,105,-86
100900163,123,111,12
100900164,29,21,8
100900165,1,2,-1
100900166,18,3,15
100900167,5,39,-34
100900168,43,93,-50
100900169,75,663,-588
100900170,5,4,1
100900171,7,365,-358
100900172,0,21,-21
100900173,5,170,-165
100900174,69,10,59
100900176,944,98,846
100900177,410,146,264
100900178,185,97,88
100900179,129,148,-19
100900180,0,2,-2
100900181,35,48,-13
100900182,22,19,3
100900184,9,76,-67
100900186,291,251,40
100900187,5,52,-47
100900188,30,10,20
100900189,888,126,762
100900191,609,796,-187
100900192,149,308,-159
100900195,89,103,-14
100900197,22,41,-19
100900198,29,102,-73
100900199,3,19,-16
100900200,582,282,300
100900201,36,333,-297
100900202,43,0,43
100900203,0,145,-145
100900204,70,376,-306
100900205,152,381,-229
100900206,160,48,112
100900207,145,92,53
100900210,41,280,-239
100900211,315,79,236
100900213,64,24,40
100900214,323,101,222
100900215,8,25,-17
100900217,71,70,1
101000001,1812,1607,205
101000002,3683,3657,26
101000003,284,810,-526
101000004,4733,4474,259
101000005,2355,2972,-617
101000006,3655,4486,-831
101000007,1751,2377,-626
101000009,1759,889,870
101000010,691,719,-28
101000011,851,274,577
101000012,781,506,275
101000013,453,797,-344
101000014,278,347,-69
101000015,828,585,243
101000016,211,249,-38
101000017,329,250,79
101000018,1444,1437,7
101000020,1366,713,653
101000021,476,290,186
101000023,952,426,526
101000025,206,327,-121
101000026,200,22,178
101000027,1194,1974,-780
101000028,546,145,401
101000029,119,1078,-959
101000030,1109,59,1050
101000031,389,591,-202
101000032,4074,3497,577
101000033,1311,2402,-1091
101000034,1130,1229,-99
101000035,409,167,242
101000036,889,841,48
101000037,1262,1307,-45
101000039,1021,1496,-475
101000040,1641,2935,-1294
101000041,4201,5721,-1520
101000042,197,746,-549
101000043,3537,5138,-1601
101000045,765,815,-50
101000046,1782,1296,486
101000047,1198,2740,-1542
101000048,423,347,76
101000049,337,1264,-927
101000050,856,1124,-268
101000051,887,1769,-882
101000052,898,757,141
101000053,516,796,-280
101000054,888,510,378
101000055,791,859,-68
101000056,27,78,-51
101000057,1006,932,74
101000058,597,827,-230
101000059,1201,1650,-449
101000060,1094,472,622
101000061,495,1038,-543
101000062,407,592,-185
101000063,401,806,-405
101000064,778,913,-135
101000065,281,386,-105
101000066,784,922,-138
101000067,970,932,38
101000068,145,342,-197
101000069,215,64,151
101000070,670,725,-55
101000071,1383,702,681
101000072,448,2004,-1556
101000073,538,904,-366
101000074,2964,2550,414
101000075,2272,3529,-1257
101000077,1085,1043,42
101000078,697,1139,-442
101000079,1137,348,789
101000080,1054,487,567
101000081,1287,1361,-74
101000082,2168,2133,35
101000083,1873,1902,-29
101000084,871,650,221
101000085,1178,971,207
101000086,742,944,-202
101000087,592,673,-81
101000088,891,909,-18
101000089,742,1116,-374
101000090,1509,846,663
101000091,343,474,-131
101000092,876,643,233
101000093,1025,543,482
101000094,831,644,187
101000095,438,327,111
101000096,316,332,-16
101000097,278,289,-11
101000098,282,375,-93
101000099,464,664,-200
101000100,623,636,-13
101000101,241,286,-45
101000102,425,364,61
101000103,463,464,-1
101000104,256,513,-257
101000105,206,371,-165
101000106,303,724,-421
101000107,178,274,-96
101000108,484,160,324
101000109,286,50,236
101000110,29,255,-226
101000111,60,117,-57
101000113,132,551,-419
101000114,4633,5328,-695
101000115,46,52,-6
101000116,46,43,3
101000117,680,124,556
101000119,50,44,6
101000120,75,46,29
101000121,36,49,-13
101000122,92,93,-1
101000123,28,87,-59
101000124,839,178,661
101000125,175,359,-184
101000128,181,345,-164
101000130,119,184,-65
101000131,664,395,269
101000132,578,511,67
101000135,20,48,-28
101000136,288,127,161
101000137,27,210,-183
101000141,582,2326,-1744
101000147,693,357,336
101000148,592,14,578
101000149,182,186,-4
101000150,79,406,-327
101000151,237,49,188
101000152,206,197,9
101000153,309,220,89
101000154,268,590,-322
101000155,224,146,78
101000156,25,280,-255
101000157,26,24,2
101000160,19,30,-11
101000163,139,291,-152
101000164,289,231,58
101000165,174,264,-90
101000166,198,170,28
101000168,683,337,346
101000252,1077,407,670
101000254,110,75,35
101000258,39,4,35
101000261,110,58,52
101000262,893,2056,-1163
101000263,198,677,-479
101000265,61,531,-470
101000266,207,186,21
101000269,18,14,4
101000290,438,1419,-981
101000293,30,15,15
101000294,419,307,112
101000295,106,246,-140
101000301,362,330,32
101000304,1346,1651,-305
101000305,1991,817,1174
101000328,119,282,-163
101900001,22,43,-21
101900002,0,5,-5
101900003,47,47,0
101900004,4,46,-42
101900005,1917,1775,142
101900006,600,312,288
101900007,415,110,305
101900008,31,167,-136
101900009,19,251,-232
101900010,670,521,149
101900011,101,612,-511
101900012,123,62,61
101900013,470,139,331
101900017,14,83,-69
101900018,759,208,551
101900019,184,100,84
101900020,17,27,-10
101900021,0,30,-30
101900022,80,647,-567
101900023,90,142,-52
101900026,125,32,93
101900027,10,84,-74
102000001,1677,3085,-1408
102000002,1544,683,861
102000003,1766,4655,-2889
102000004,3028,1877,1151
102000005,760,1564,-804
102000006,657,1196,-539
102000007,971,3219,-2248
102000008,2735,1042,1693
102000009,4072,5496,-1424
102000010,3113,2038,1075
102000011,2267,1921,346
102000012,2259,1902,357
102000018,1836,1952,-116
102000019,1473,1028,445
102000026,109,262,-153
102000029,145,132,13
102000030,89,226,-137
102000031,55,91,-36
102000032,396,198,198
102000033,206,271,-65
102000034,324,211,113
102000035,490,389,101
102000036,11,149,-138
102000037,104,30,74
102000038,165,222,-57
102000039,163,64,99
102000040,276,139,137
102000041,100,287,-187
102000042,127,220,-93
102000043,152,138,14
102000044,202,323,-121
102000045,487,561,-74
102000046,825,424,401
102000047,646,589,57
102000048,292,493,-201
102000049,660,597,63
102000050,636,717,-81
102000051,274,514,-240
102000052,745,525,220
102000053,576,526,50
102000054,606,742,-136
102000055,1069,451,618
102000056,850,581,269
102000057,986,359,627
102000058,811,819,-8
102000059,807,929,-122
102000060,724,656,68
102000061,1293,1182,111
102000062,1254,681,573
102000063,770,854,-84
102000064,518,577,-59
102000065,60,118,-58
102000066,567,528,39
102000067,1388,1792,-404
102000068,5898,1805,4093
102000069,68,1519,-1451
102000070,1002,43,959
102000071,4871,5727,-856
102000072,1825,2493,-668
102000073,378,392,-14
102000074,436,505,-69
102000075,73,155,-82
102000076,148,174,-26
102000077,431,516,-85
102000078,690,467,223
102000079,138,137,1
102000080,211,146,65
102000081,188,589,-401
102000082,496,279,217
102000083,480,166,314
102000084,353,173,180
102000085,1089,610,479
102000086,920,658,262
102000087,525,920,-395
102000088,252,206,46
102000089,969,299,670
102000090,265,718,-453
102000091,756,381,375
102000092,231,414,-183
102000093,510,578,-68
102000094,584,483,101
102000095,633,825,-192
102000096,373,536,-163
102000097,447,451,-4
102000098,364,424,-60
102000099,540,544,-4
102000100,411,944,-533
102000101,427,504,-77
102000102,184,804,-620
102000103,859,227,632
102000104,352,202,150
102000105,197,341,-144
102000106,661,335,326
102000107,1100,367,733
102000108,443,112,331
102000109,451,331,120
102000110,1141,661,480
102000111,3,179,-176
102000112,86,77,9
102000113,15,25,-10
102000114,514,223,291
102000115,170,215,-45
102000116,174,309,-135
102000117,116,318,-202
102000118,668,926,-258
102000119,916,623,293
102000120,111,272,-161
102000121,723,250,473
102000122,324,598,-274
102000123,825,673,152
102000124,633,642,-9
102000125,624,633,-9
102000126,643,582,61
102000127,955,460,495
102000128,516,612,-96
102000129,1075,454,621
102000130,664,427,237
102000131,817,349,468
102000132,446,383,63
102000133,1726,1504,222
102000134,618,469,149
102000135,458,571,-113
102000136,595,347,248
102000137,492,438,54
102000138,134,227,-93
102000139,52,239,-187
102000140,125,259,-134
102000141,157,323,-166
102000142,216,194,22
102000143,141,207,-66
102000144,262,247,15
102000145,183,280,-97
102000146,307,161,146
102000147,360,315,45
102000148,157,422,-265
102000149,155,197,-42
102000150,310,73,237
102000151,72,128,-56
102000152,193,87,106
102000153,831,430,401
102000154,152,392,-240
102000155,52,231,-179
102000156,175,84,91
102000157,83,269,-186
102000158,270,291,-21
102000159,528,409,119
102000161,1856,1392,464
102000162,130,92,38
102000163,76,343,-267
102000164,472,740,-268
102000165,164,96,68
102000166,89,128,-39
102000167,150,130,20
102000168,201,136,65
102000169,88,376,-288
102000170,285,83,202
102000171,94,68,26
102000172,30,270,-240
102000173,269,177,92
102000174,49,57,-8
102000175,81,57,24
102000176,40,17,23
102000178,199,280,-81
102000179,310,191,119
102000180,738,233,505
102000181,679,359,320
102000182,520,398,122
102000183,1489,1159,330
102000184,1429,504,925
102000185,2242,816,1426
102000186,964,1017,-53
102000187,635,824,-189
102000188,897,902,-5
102000189,1287,428,859
102000190,371,1825,-1454
102000191,756,312,444
102000192,798,953,-155
102000193,111,110,1
102000194,53,92,-39
102000195,221,224,-3
102000196,211,225,-14
102000197,530,296,234
102000198,199,382,-183
102000199,841,182,659
102000200,186,579,-393
102000201,1126,390,736
102000202,3,76,-73
102000203,344,118,226
102000204,390,406,-16
102000205,822,329,493
102000206,516,345,171
102000207,460,305,155
102000208,304,268,36
102000209,47,38,9
102000210,474,260,214
102000211,202,135,67
102000212,268,5,263
102000213,8,165,-157
102000214,216,10,206
102000215,10,194,-184
102000216,73,46,27
102000217,12,69,-57
102000218,213,153,60
102000219,233,162,71
102000225,441,485,-44
102000226,1006,606,400
102000227,99,1,98
102000228,0,89,-89
102000229,25,43,-18
102000230,269,266,3
102000231,205,224,-19
102000232,8,137,-129
102000233,321,400,-79
102000234,92,827,-735
102000236,151,51,100
102000237,334,90,244
102000238,135,149,-14
102000240,352,428,-76
102000241,104,79,25
102000243,30,33,-3
102000245,18,94,-76
102000246,1,37,-36
102000247,408,422,-14
102000248,288,551,-263
102000249,106,94,12
102000250,54,235,-181
102000254,126,161,-35
102000266,13,176,-163
102000271,18,0,18
102000286,257,253,4
102000297,1268,631,637
102000301,0,0,0
102000307,0,1,-1
102000316,225,136,89
102900001,786,525,261
102900002,364,19,345
102900003,84,113,-29
102900005,400,163,237
102900006,352,70,282
102900007,364,13,351
102900008,187,29,158
102900009,356,155,201
102900010,223,739,-516
102900011,1207,233,974
102900012,318,53,265
102900013,23,53,-30
102900015,428,435,-7
102900016,45,56,-11
102900017,149,287,-138
102900018,32,82,-50
102900019,300,203,97
102900020,156,20,136
102900021,10,50,-40
102900022,486,123,363
102900023,22,62,-40
102900024,62,29,33
102900025,118,59,59
102900026,214,1468,-1254
102900027,58,43,15
102900028,105,534,-429
102900029,90,156,-66
102900030,276,188,88
102900031,250,103,147
102900032,62,60,2
102900033,80,113,-33
102900034,468,44,424
102900035,117,147,-30
102900036,286,246,40
102900037,252,241,11
102900038,416,233,183
102900039,21,384,-363
102900040,67,200,-133
102900041,83,96,-13
102900042,175,194,-19
102900043,116,176,-60
102900044,410,1256,-846
102900045,113,314,-201
102900046,92,206,-114
102900047,94,379,-285
102900048,423,363,60
102900049,121,200,-79
102900050,170,185,-15
102900051,150,109,41
102900053,306,422,-116
102900054,292,740,-448
102900055,29,157,-128
102900056,87,296,-209
102900057,5,55,-50
102900058,237,57,180
102900059,15,42,-27
102900060,89,361,-272
102900061,104,258,-154
102900062,174,471,-297
102900063,983,275,708
102900064,68,269,-201
102900065,702,233,469
102900066,246,15,231
102900068,71,66,5
102900070,166,340,-174
102900072,22,39,-17
102900073,76,4,72
102900075,30,63,-33
102900076,70,92,-22
102900077,23,9,14
102900078,15,34,-19
102900079,136,14,122
102900080,333,21,312
102900081,87,169,-82
102900082,6,134,-128
102900083,134,8,126
102900084,9,17,-8
102900085,214,84,130
102900086,15,44,-29
102900087,100,75,25
102900088,39,19,20
102900089,222,84,138
102900090,0,194,-194
102900091,113,2,111
102900092,221,486,-265
102900094,2,127,-125
102900095,78,0,78
102900096,67,20,47
102900097,0,73,-73
103000001,1817,1681,136
103000002,1385,1689,-304
103000003,2224,1951,273
103000004,649,495,154
103000005,1402,2267,-865
103000006,617,1134,-517
103000007,303,485,-182
103000008,777,480,297
103000009,908,706,202
103000010,227,109,118
103000011,1127,938,189
103000012,1154,1060,94
103000013,2359,1328,1031
103000014,990,1897,-907
103000015,1040,441,599
103000016,423,973,-550
103000017,156,316,-160
103000018,423,233,190
103000019,259,253,6
103000020,1872,1042,830
103000021,1594,1906,-312
103000022,500,780,-280
103000023,506,1541,-1035
103000024,62,96,-34
103000025,96,583,-487
103000026,469,87,382
103000027,208,370,-162
103000028,201,203,-2
103000029,98,202,-104
103000030,879,738,141
103000031,748,1214,-466
103000032,1458,1027,431
103000033,2390,2232,158
103000034,984,749,235
103000035,270,892,-622
103000036,301,317,-16
103000037,353,324,29
103000038,325,647,-322
103000039,388,249,139
103000040,311,641,-330
103000041,1215,1278,-63
103000042,1087,320,767
103000043,542,626,-84
103000044,210,142,68
103000046,297,308,-11
103000047,562,400,162
103000048,156,154,2
103000049,57,107,-50
103000050,562,279,283
103000051,448,358,90
103000052,603,228,375
103000053,128,450,-322
103000054,2183,869,1314
103000055,1561,1521,40
103000056,572,771,-199
103000057,616,180,436
103000058,495,529,-34
103000059,389,588,-199
103000060,638,408,230
103000061,375,737,-362
103000062,818,333,485
103000063,587,716,-129
103000064,129,140,-11
103000065,6,306,-300
103000066,185,13,172
103000069,356,277,79
103000070,757,443,314
103000071,1013,368,645
103000072,99,393,-294
103000073,558,81,477
103000074,492,70,422
103000075,106,382,-276
103000076,201,301,-100
103000077,22,203,-181
103000078,536,459,77
103000079,403,463,-60
103000080,462,264,198
103000081,317,773,-456
103000082,318,129,189
103000083,102,209,-107
103000084,108,5,103
103000085,3,69,-66
103000086,275,270,5
103000087,73,356,-283
103000088,158,259,-101
103000089,173,338,-165
103000090,1602,737,865
103000091,416,430,-14
103000092,194,182,12
103000093,206,240,-34
103000094,159,84,75
103000095,61,284,-223
103000096,488,63,425
103000097,45,550,-505
103000098,565,106,459
103000099,187,555,-368
103000100,96,459,-363
103000101,750,94,656
103000102,90,354,-264
103000103,560,125,435
103000104,44,86,-42
103000105,126,77,49
103000106,14,83,-69
103000107,192,55,137
103000108,917,616,301
103000109,325,329,-4
103000110,330,384,-54
103000111,294,272,22
103000112,176,110,66
103000113,304,406,-102
103000114,874,304,570
103000115,539,374,165
103000116,582,319,263
103000117,338,303,35
103000118,322,354,-32
103000119,662,259,403
103000120,43,53,-10
103000121,129,309,-180
103000122,274,330,-56
103000125,11,132,-121
103000126,590,3,587
103000127,2,123,-121
103000128,127,2,125
103000129,0,69,-69
103000130,45,30,15
103000131,71,78,-7
103000132,56,96,-40
103000133,18,68,-50
103000134,213,494,-281
103000135,336,182,154
103000136,398,340,58
103000137,305,407,-102
103000138,383,523,-140
103000139,5,53,-48
103000140,99,22,77
103000141,19,84,-65
103000142,69,34,35
103000143,41,115,-74
103000144,105,38,67
103000145,6,46,-40
103000150,91,30,61
103000152,146,222,-76
103000153,138,113,25
103000156,9,198,-189
103000157,373,1,372
103000159,88,19,69
103000162,48,17,31
103000163,3,26,-23
103000164,12,14,-2
103000165,55,104,-49
103000166,176,262,-86
103000167,123,93,30
103000168,102,138,-36
103000169,155,354,-199
103000170,814,236,578
103000171,40,86,-46
103000172,328,247,81
103000173,412,263,149
103000174,182,243,-61
103000175,327,161,166
103000176,705,409,296
103000177,371,262,109
103000178,127,183,-56
103000179,152,26,126
103000183,142,36,106
103000185,139,28,111
103000186,107,112,-5
103000187,478,223,255
103000188,10,63,-53
103000189,513,531,-18
103000191,329,337,-8
103000292,1097,1199,-102
103000293,558,1698,-1140
103000295,58,123,-65
103000296,119,4,115
103000297,4,15,-11
103000504,3,8,-5
103000505,8,17,-9
103000506,0,179,-179
103000507,168,6,162
103000508,47,31,16
103000509,218,443,-225
103000514,20,0,20
103900001,2,119,-117
103900002,689,120,569
103900003,539,26,513
103900004,85,0,85
103900005,0,99,-99
103900006,0,1,-1
103900007,46,1,45
103900008,11,1,10
103900009,244,372,-128
103900010,86,184,-98
103900011,288,112,176
103900012,21,29,-8
103900013,54,46,8
103900014,46,8,38
103900015,52,5,47
103900016,162,116,46
103900017,27,51,-24
103900018,472,158,314
103900019,54,287,-233
103900020,189,285,-96
103900021,234,35,199
103900022,762,396,366
103900023,178,1,177
103900024,48,194,-146
103900025,6,40,-34
103900026,25,0,25
103900027,603,153,450
103900028,13,199,-186
103900029,930,150,780
103900030,245,87,158
103900031,16,0,16
103900032,115,84,31
103900033,56,6,50
103900034,22,109,-87
103900035,66,20,46
103900036,15,31,-16
103900037,70,42,28
103900038,88,237,-149
103900039,91,230,-139
103900040,4,77,-73
103900041,46,23,23
103900042,65,169,-104
103900043,119,26,93
103900044,69,190,-121
103900045,288,132,156
103900047,77,22,55
103900048,34,17,17
103900049,152,688,-536
103900050,17,124,-107
103900051,1,41,-40
103900052,131,273,-142
103900053,152,328,-176
103900054,97,184,-87
103900055,348,152,196
103900056,55,33,22
103900057,28,90,-62
103900058,217,357,-140
103900059,0,49,-49
103900060,50,125,-75
103900061,194,30,164
103900062,253,85,168
103900063,3,0,3
103900064,105,2,103
103900065,551,261,290
103900066,144,27,117
103900067,136,6,130
103900068,4,0,4
103900069,47,13,34
103900070,78,111,-33
103900071,5,54,-49
103900072,21,116,-95
103900073,19,13,6
103900074,85,39,46
103900075,149,33,116
103900076,498,304,194
103900077,18,87,-69
103900078,287,76,211
103900079,90,115,-25
103900080,7,27,-20
103900081,96,34,62
103900082,4,83,-79
103900083,922,895,27
103900084,43,61,-18
103900085,63,127,-64
103900086,573,288,285
103900088,241,415,-174
103900089,29,113,-84
103900090,2,64,-62
103900091,867,157,710
103900092,565,270,295
103900093,70,188,-118
103900094,5,86,-81
103900095,108,150,-42
103900096,19,91,-72
103900097,10,246,-236
103900098,152,74,78
103900099,54,60,-6
103900100,237,212,25
103900101,346,755,-409
103900102,0,30,-30
103900104,1,12,-11
103900105,49,119,-70
103900106,0,414,-414
103900107,105,95,10
103900108,95,167,-72
103900109,129,55,74
103900110,174,42,132
103900111,100,286,-186
103900112,31,52,-21
103900113,84,158,-74
103900114,208,217,-9
103900115,141,119,22
103900116,2611,2144,467
103900117,105,41,64
103900119,17,52,-35
103900120,57,74,-17
103900122,104,129,-25
103900123,806,444,362
103900124,35,241,-206
103900125,97,66,31
103900126,466,193,273
103900127,136,236,-100
103900128,75,82,-7
103900131,18,51,-33
103900133,547,15,532
103900134,0,3,-3
103900135,3,5,-2
103900137,0,20,-20
103900138,140,112,28
103900139,499,1616,-1117
103900140,2,146,-144
103900141,177,35,142
103900142,175,46,129
103900143,90,3,87
103900144,2,22,-20
103900145,161,160,1
103900146,226,129,97
103900147,245,114,131
103900148,178,163,15
103900149,272,396,-124
103900150,3216,2919,297
103900151,36,115,-79
103900152,535,261,274
103900153,3,4,-1
103900154,394,1301,-907
103900155,23,123,-100
103900156,51,102,-51
103900157,37,73,-36
103900158,112,85,27
103900159,175,40,135
103900160,44,27,17
103900161,66,122,-56
103900162,48,103,-55
103900163,18,377,-359
103900167,14,67,-53
103900168,69,65,4
103900169,25,36,-11
103900170,1,61,-60
103900171,2,41,-39
103900172,6,9,-3
103900173,12,12,0
103900174,137,34,103
103900175,18,45,-27
103900176,13,23,-10
103900177,3,55,-52
103900178,39,20,19
103900179,55,46,9
103900180,3,25,-22
103900181,29,19,10
103900182,25,6,19
103900184,218,58,160
103900185,64,305,-241
103900187,8,69,-61
103900188,44,21,23
103900189,69,4,65
103900190,53,43,10
103900191,27,33,-6
103900192,15,65,-50
103900193,105,99,6
103900194,51,128,-77
103900195,2,90,-88
103900196,26,16,10
103900197,12,14,-2
103900198,8,19,-11
103900199,92,49,43
103900200,111,59,52
103900201,85,84,1
103900202,21,42,-21
103900203,33,10,23
103900204,0,48,-48
103900207,0,36,-36
103900208,75,1,74
103900209,5,58,-53
103900210,41,22,19
103900211,402,235,167
103900212,97,233,-136
103900213,36,134,-98
103900214,148,146,2
103900215,174,267,-93
103900216,16,194,-178
103900217,307,22,285
103900218,31,224,-193
103900219,132,133,-1
103900233,18,1,17
103900235,21,19,2
103900236,18,5,13
103900242,2,9,-7
103900243,3,4,-1
103900244,84,110,-26
103900245,91,111,-20
103900246,41,8,33
103900247,24,74,-50
103900248,5,37,-32
103900249,9,51,-42
103900250,9,30,-21
103900251,0,27,-27
103900253,12,67,-55
103900254,5,29,-24
103900255,7,21,-14
103900256,14,16,-2
103900257,117,97,20
103900258,9,7,2
103900259,25,7,18
103900261,4,6,-2
103900262,19,4,15
103900263,11,17,-6
103900264,21,21,0
103900265,7,8,-1
103900266,4,61,-57
103900267,4,46,-42
103900268,10,43,-33
103900269,145,20,125
103900270,59,67,-8
103900271,14,53,-39
103900272,43,39,4
103900273,25,11,14
103900274,85,3,82
103900275,46,4,42
103900276,11,32,-21
103900277,2,28,-26
103900278,4,20,-16
103900279,0,17,-17
103900280,0,37,-37
103900281,163,194,-31
103900282,2,23,-21
103900283,53,17,36
103900284,38,8,30
103900285,9,67,-58
103900286,37,82,-45
103900287,2,63,-61
103900288,29,86,-57
103900289,14,0,14
103900290,101,36,65
103900291,43,1,42
103900292,12,5,7
103900293,7,12,-5
103900294,10,14,-4
104000001,1872,1241,631
104000002,1278,1534,-256
104000003,1683,1416,267
104000004,1876,1769,107
104000005,1234,1191,43
104000006,2219,1915,304
104000007,2254,2328,-74
104000008,169,182,-13
104000009,185,74,111
104000010,135,206,-71
104000011,290,154,136
104000012,101,173,-72
104000013,154,155,-1
104000014,145,420,-275
104000015,232,102,130
104000016,395,206,189
104000018,638,148,490
104000019,465,150,315
104000020,95,287,-192
104000021,194,300,-106
104000022,88,168,-80
104000023,713,306,407
104000024,197,213,-16
104000026,38,209,-171
104000027,239,161,78
104000028,285,200,85
104000029,240,198,42
104000030,245,167,78
104000031,985,332,653
104000032,181,163,18
104000033,522,360,162
104000034,242,168,74
104000035,740,265,475
104000036,660,348,312
104000037,244,149,95
104000038,149,217,-68
104000039,172,127,45
104000040,141,235,-94
104000041,881,400,481
104000042,64,79,-15
104000043,146,238,-92
104000044,141,341,-200
104000045,768,614,154
104000046,652,822,-170
104000047,511,600,-89
104000048,712,938,-226
104000049,302,194,108
104000050,114,422,-308
104000051,93,416,-323
104000052,1538,1225,313
104000053,666,245,421
104000054,252,178,74
104000055,2270,1318,952
104000056,839,256,583
104000057,199,412,-213
104000058,1011,1153,-142
104000059,328,595,-267
104000060,824,944,-120
104000061,1147,689,458
104000062,429,153,276
104000064,404,228,176
104000065,109,409,-300
104000069,621,846,-225
104000070,64,331,-267
104000071,219,364,-145
104000072,637,261,376
104000075,31,154,-123
104000076,353,46,307
104000082,1355,2052,-697
104000083,562,161,401
104000084,139,317,-178
104000085,248,269,-21
104000086,117,335,-218
104000087,312,1256,-944
104000090,658,741,-83
104000092,971,1141,-170
104000094,585,767,-182
104000095,1275,1186,89
104000096,1087,89,998
104000097,1466,501,965
104000098,1944,523,1421
104000100,1299,416,883
104000101,631,814,-183
104000106,80,430,-350
104000107,445,250,195
104000108,139,262,-123
104000109,276,85,191
104000110,567,654,-87
104000111,1705,1602,103
104000112,1030,371,659
104000116,2,535,-533
104000117,105,362,-257
104000118,554,137,417
104000119,500,221,279
104000120,176,401,-225
104000121,144,422,-278
104000122,582,524,58
104000123,479,517,-38
104000124,442,1033,-591
104000125,1823,3183,-1360
104000126,301,280,21
104000127,1047,1383,-336
104000128,403,260,143
104000129,266,21,245
104000130,4,155,-151
104000131,287,342,-55
104000132,301,362,-61
104000133,1185,578,607
104000134,786,1048,-262
104000135,345,1161,-816
104000136,453,2620,-2167
104000137,1166,293,873
104000138,634,182,452
104000139,3023,1757,1266
104000141,689,693,-4
104000142,540,415,125
104000143,438,279,159
104000144,79,148,-69
104000145,325,167,158
104000146,187,328,-141
104000147,110,187,-77
104000148,352,116,236
104000149,162,152,10
104000150,819,374,445
104000151,220,221,-1
104000152,413,326,87
104000153,454,359,95
104000154,594,262,332
104000155,391,447,-56
104000157,697,878,-181
104000158,236,250,-14
104000159,616,311,305
104000160,1383,1305,78
104000161,118,134,-16
104000162,46,99,-53
104000165,759,734,25
104000167,1172,1227,-55
104000168,545,4,541
104000169,85,33,52
104000170,203,356,-153
104000248,181,342,-161
104000251,53,107,-54
104000272,0,0,0
104000273,0,0,0
104000274,0,0,0
104000275,0,0,0
104000279,1812,1338,474
104000290,41,149,-108
104000291,762,985,-223
104000293,638,576,62
104000294,27,0,27
104000295,377,443,-66
104000296,304,446,-142
104000297,695,1185,-490
104000298,1186,693,493
104000299,507,951,-444
104000302,105,91,14
104000303,158,134,24
104900001,111,230,-119
104900002,25,129,-104
104900003,38,212,-174
104900004,63,130,-67
104900005,226,139,87
104900006,226,41,185
104900007,248,134,114
104900009,78,151,-73
104900010,36,29,7
104900011,10,7,3
104900012,120,22,98
104900013,97,14,83
104900014,1278,139,1139
104900015,63,7,56
104900016,167,94,73
104900017,137,88,49
104900018,8,63,-55
104900019,130,2111,-1981
104900020,17,164,-147
104900021,0,88,-88
104900022,1,107,-106
104900023,2,32,-30
104900024,21,126,-105
104900025,41,96,-55
104900026,1,55,-54
104900027,388,170,218
104900028,20,103,-83
104900029,35,38,-3
104900030,337,119,218
104900031,57,116,-59
104900032,47,53,-6
104900033,103,215,-112
104900034,258,135,123
104900035,244,150,94
104900036,158,50,108
104900037,104,110,-6
104900038,187,561,-374
104900039,271,203,68
104900040,341,86,255
104900041,154,127,27
104900042,116,138,-22
104900043,20,117,-97
104900044,510,132,378
104900045,360,22,338
104900046,153,54,99
104900047,271,90,181
104900048,248,46,202
104900049,33,16,17
104900050,194,44,150
104900051,219,32,187
104900052,72,3,69
104900053,392,82,310
104900054,115,12,103
104900055,86,0,86
104900056,125,12,113
104900057,32,1,31
104900058,268,98,170
104900059,123,60,63
104900061,112,252,-140
104900063,11,77,-66
104900064,0,34,-34
104900065,1,123,-122
104900066,0,61,-61
104900067,0,209,-209
104900068,7,118,-111
104900070,117,144,-27
104900071,1,282,-281
104900072,53,166,-113
104900073,27,62,-35
104900074,33,107,-74
104900075,24,23,1
104900076,58,137,-79
104900077,343,123,220
104900078,132,233,-101
104900079,64,302,-238
104900080,63,345,-282
104900082,8,228,-220
104900085,0,73,-73
104900089,210,0,210
104900091,295,241,54
104900093,123,263,-140
104900097,1286,1458,-172
104900098,90,20,70
104900099,32,263,-231
104900100,172,132,40
104900102,31,68,-37
104900103,275,34,241
104900106,62,66,-4
104900107,102,79,23
104900108,32,131,-99
104900109,71,82,-11
104900110,11,33,-22
104900111,68,46,22
104900112,168,311,-143
104900113,521,205,316
104900114,283,215,68
104900115,404,221,183
104900116,194,83,111
104900118,16,23,-7
104900119,3,26,-23
104900120,26,200,-174
104900121,0,31,-31
104900122,5,29,-24
104900123,50,5,45
104900124,40,0,40
104900125,264,74,190
104900126,36,28,8
104900127,22,45,-23
104900128,80,106,-26
104900129,732,1363,-631
105000001,2124,1015,1109
105000002,1810,1119,691
105000003,2294,2194,100
105000004,434,467,-33
105000005,691,844,-153
105000006,1032,1395,-363
105000007,848,1247,-399
105000008,1025,2740,-1715
105000009,1884,2299,-415
105000010,2186,1351,835
105000011,2713,1985,728
105000012,2954,1856,1098
105000013,712,811,-99
105000014,1712,1816,-104
105000015,6763,10942,-4179
105000016,1580,1253,327
105000017,1064,589,475
105000018,765,1136,-371
105000019,717,645,72
105000020,155,335,-180
105000021,176,67,109
105000022,223,113,110
105000023,457,261,196
105000028,38,105,-67
105000029,443,862,-419
105000030,2672,1611,1061
105000031,8,31,-23
105000033,763,1094,-331
105000034,108,630,-522
105000037,427,199,228
105000038,1036,1265,-229
105000039,1463,978,485
105000040,694,900,-206
105000041,366,771,-405
105000042,1958,1397,561
105000043,1158,1336,-178
105000044,512,393,119
105000045,297,425,-128
105000046,859,291,568
105000047,394,728,-334
105000048,585,188,397
105000049,205,311,-106
105000050,662,356,306
105000051,131,268,-137
105000052,483,605,-122
105000053,117,87,30
105000054,276,522,-246
105000055,450,184,266
105000056,1174,1349,-175
105000057,999,512,487
105000058,905,796,109
105000059,671,532,139
105000060,336,445,-109
105000061,585,362,223
105000062,404,479,-75
105000063,240,288,-48
105000064,1275,577,698
105000065,351,373,-22
105000066,670,746,-76
105000067,1036,657,379
105000068,301,493,-192
105000069,1085,1448,-363
105000070,380,688,-308
105000071,195,739,-544
105000072,1039,1959,-920
105000073,686,465,221
105000074,615,458,157
105000075,382,540,-158
105000076,807,602,205
105000077,1654,862,792
105000078,631,901,-270
105000079,794,2825,-2031
105000080,1164,1087,77
105000081,2825,1177,1648
105000082,828,1526,-698
105000083,3646,3359,287
105000084,618,556,62
105000085,1352,1826,-474
105000086,536,705,-169
105000087,949,1227,-278
105000088,1122,1271,-149
105000089,1510,1267,243
105000090,771,513,258
105000091,749,969,-220
105000092,412,622,-210
105000093,247,231,16
105000094,184,144,40
105000095,74,375,-301
105000096,766,831,-65
105000097,495,589,-94
105000098,787,502,285
105000099,555,510,45
105000100,1076,686,390
105000101,1520,1237,283
105000102,942,881,61
105000103,856,1343,-487
105000104,1494,675,819
105000105,825,1244,-419
105000106,965,960,5
105000107,1078,529,549
105000108,1196,901,295
105000109,1341,959,382
105000110,647,428,219
105000111,731,428,303
105000112,1001,437,564
105000113,383,476,-93
105000114,1657,853,804
105000115,266,950,-684
105000116,625,373,252
105000117,628,521,107
105000118,376,302,74
105000119,403,452,-49
105000120,823,376,447
105000121,516,563,-47
105000122,364,468,-104
105000123,717,690,27
105000124,1544,571,973
105000125,766,1164,-398
105000126,1596,975,621
105000127,1751,1219,532
105000128,363,728,-365
105000129,651,272,379
105000130,265,2511,-2246
105000131,466,215,251
105000132,715,577,138
105000133,320,529,-209
105000134,593,371,222
105000135,400,395,5
105000136,90,211,-121
105000137,496,143,353
105000138,184,232,-48
105000139,710,518,192
105000140,410,346,64
105000141,273,278,-5
105000142,206,285,-79
105000143,131,369,-238
105000144,173,509,-336
105000145,517,219,298
105000146,337,611,-274
105000147,636,245,391
105000148,930,435,495
105000149,1865,1512,353
105000150,1319,923,396
105000151,349,286,63
105000152,153,294,-141
105000153,448,494,-46
105000154,482,290,192
105000155,267,646,-379
105000156,523,428,95
105000157,498,977,-479
105000158,1401,546,855
105000159,239,621,-382
105000160,1560,504,1056
105000161,506,634,-128
105000162,442,1324,-882
105000163,715,584,131
105000164,163,209,-46
105000165,464,3985,-3521
105000166,3153,810,2343
105000167,945,1197,-252
105000168,482,457,25
105000169,556,182,374
105000170,242,926,-684
105000171,838,151,687
105000172,158,35,123
105000173,182,31,151
105000174,75,26,49
105000175,33,85,-52
105000176,334,67,267
105000177,291,160,131
105000178,153,258,-105
105000179,599,115,484
105000180,160,67,93
105000181,156,148,8
105000182,54,28,26
105000183,1389,1334,55
105000184,1119,622,497
105000185,881,756,125
105000186,391,570,-179
105000187,604,128,476
105000188,130,124,6
105000189,90,284,-194
105000190,217,269,-52
105000191,314,237,77
105000192,206,39,167
105000193,85,57,28
105000194,433,92,341
105000195,192,375,-183
105000196,63,222,-159
105000197,226,340,-114
105000198,414,171,243
105000199,218,571,-353
105000200,88,175,-87
105000201,97,22,75
105000203,18,188,-170
105000204,75,62,13
105000205,97,122,-25
105000207,303,132,171
105000208,169,397,-228
105000209,150,234,-84
105000211,242,29,213
105000212,1021,708,313
105000213,92,154,-62
105000214,114,117,-3
105000215,278,144,134
105000216,127,210,-83
105000217,110,179,-69
105000218,1031,836,195
105000221,148,118,30
105000222,287,113,174
105000223,191,130,61
105000226,87,142,-55
105000227,41,92,-51
105000228,140,1370,-1230
105000229,85,405,-320
105000231,291,227,64
105000233,688,486,202
105000234,428,805,-377
105000235,334,469,-135
105000237,621,62,559
105000243,14,16,-2
105000248,72,51,21
105000262,225,688,-463
105000269,103,122,-19
105000270,356,32,324
105000271,0,150,-150
105000282,41,35,6
105000287,326,65,261
105000288,436,264,172
105000289,2158,1629,529
105000290,29,7,22
105000402,1891,2729,-838
105000426,310,413,-103
105000438,3416,1436,1980
105000440,43,34,9
105000446,6085,3638,2447
105000447,3437,1671,1766
105000454,407,352,55
105000455,166,90,76
105000474,41,0,41
105000477,293,445,-152
105000478,1437,3597,-2160
105000479,78,90,-12
105000480,7750,6087,1663
105000481,3774,2572,1202
105000482,3077,5838,-2761
105000483,1249,1794,-545
105000484,1432,2309,-877
105000485,928,2735,-1807
105000486,2076,1639,437
105000488,7662,3411,4251
105000489,634,628,6
105000549,88,116,-28
105000550,376,996,-620
105000551,28,72,-44
105000552,1620,1021,599
105000555,1228,785,443
105000556,33,23,10
105000557,74,137,-63
105900001,1,876,-875
105900002,634,552,82
105900003,13,64,-51
105900004,126,81,45
105900005,0,145,-145
105900006,7,106,-99
105900007,25,21,4
105900008,37,291,-254
105900009,16,9,7
105900011,94,19,75
105900012,245,50,195
105900013,2,14,-12
105900014,4,25,-21
105900015,95,166,-71
105900016,267,157,110
105900017,1022,20,1002
105900018,136,94,42
105900019,32,108,-76
105900020,35,39,-4
105900021,5,116,-111
105900022,129,99,30
105900023,4,58,-54
105900024,1,52,-51
105900025,143,11,132
105900026,184,14,170
105900027,4681,3801,880
105900028,182,218,-36
105900029,962,225,737
105900030,149,157,-8
105900031,258,113,145
105900032,76,97,-21
105900033,77,73,4
105900034,140,117,23
105900035,91,89,2
105900036,84,76,8
105900037,77,63,14
105900038,144,134,10
105900039,144,56,88
105900040,46,65,-19
105900041,119,89,30
105900042,47,115,-68
105900043,723,32,691
105900044,5,132,-127
105900045,3,525,-522
105900046,1,157,-156
105900047,10,28,-18
105900048,98,337,-239
105900050,2845,2120,725
105900051,24,552,-528
105900052,390,139,251
105900053,1605,1871,-266
105900054,269,96,173
105900056,279,229,50
105900057,13,37,-24
105900058,14,14,0
105900059,0,30,-30
106000001,3077,1812,1265
106000002,1389,3641,-2252
106000003,2141,2663,-522
106000004,1054,1762,-708
106000005,2795,3819,-1024
106000006,4005,2327,1678
106000007,470,477,-7
106000008,292,219,73
106000009,553,286,267
106000010,389,430,-41
106000011,1032,789,243
106000012,668,846,-178
106000013,1369,1417,-48
106000014,1407,992,415
106000015,1544,898,646
106000016,948,1397,-449
106000017,463,466,-3
106000018,460,339,121
106000019,280,248,32
106000020,263,207,56
106000021,325,383,-58
106000022,309,166,143
106000023,544,280,264
106000024,420,312,108
106000025,121,172,-51
106000026,70,131,-61
106000027,1127,960,167
106000028,477,291,186
106000029,505,645,-140
106000030,320,368,-48
106000034,113,382,-269
106000035,580,1316,-736
106000036,120,320,-200
106000037,1463,883,580
106000038,197,104,93
106000039,92,83,9
106000040,94,611,-517
106000041,605,469,136
106000043,431,207,224
106000046,224,67,157
106000047,35,277,-242
106000049,897,131,766
106000050,190,378,-188
106000051,454,200,254
106000052,89,352,-263
106000053,363,79,284
106000054,240,217,23
106000055,821,514,307
106000056,210,250,-40
106000057,291,224,67
106000058,83,107,-24
106000059,280,170,110
106000060,253,357,-104
106000061,195,412,-217
106000062,142,280,-138
106000063,711,438,273
106000064,14,238,-224
106000065,312,217,95
106000066,80,213,-133
106000067,351,64,287
106000068,53,411,-358
106000069,218,45,173
106000070,360,510,-150
106000071,814,199,615
106000072,1805,1156,649
106000073,1048,2343,-1295
106000074,598,497,101
106000075,298,981,-683
106000076,1375,1464,-89
106000077,2304,976,1328
106000078,798,636,162
106000079,557,558,-1
106000080,1026,432,594
106000081,495,784,-289
106000082,1642,600,1042
106000083,347,938,-591
106000084,894,443,451
106000085,950,1061,-111
106000086,422,614,-192
106000087,710,429,281
106000088,345,559,-214
106000089,775,234,541
106000090,223,447,-224
106000091,209,292,-83
106000092,456,182,274
106000093,294,77,217
106000094,45,183,-138
106000095,630,455,175
106000096,639,436,203
106000097,799,531,268
106000098,659,625,34
106000099,163,412,-249
106000100,829,167,662
106000101,663,448,215
106000102,91,301,-210
106000103,175,164,11
106000104,233,156,77
106000105,394,384,10
106000106,534,246,288
106000107,133,187,-54
106000108,438,276,162
106000109,202,144,58
106000110,281,191,90
106000111,157,213,-56
106000112,252,286,-34
106000113,311,328,-17
106000114,261,406,-145
106000115,276,419,-143
106000116,516,402,114
106000117,796,448,348
106000118,949,841,108
106000119,957,588,369
106000120,607,922,-315
106000121,156,107,49
106000122,90,121,-31
106000123,357,103,254
106000124,50,130,-80
106000125,20,136,-116
106000126,272,54,218
106000127,456,429,27
106000128,799,183,616
106000129,613,305,308
106000130,638,531,107
106000131,98,429,-331
106000132,422,125,297
106000133,1074,858,216
106000134,376,1253,-877
106000135,342,456,-114
106000136,512,718,-206
106000137,28,436,-408
106000138,974,99,875
106000139,55,52,3
106000140,36,40,-4
106000141,76,25,51
106000142,82,48,34
106000143,42,26,16
106000144,59,68,-9
106000145,212,113,99
106000146,359,120,239
106000147,592,420,172
106000148,856,672,184
106000149,426,370,56
106000150,440,1461,-1021
106000151,2405,573,1832
106000152,727,1547,-820
106000153,112,1108,-996
106000154,830,176,654
106000155,109,197,-88
106000156,601,152,449
106000157,423,1099,-676
106000158,1461,631,830
106000159,1633,1417,216
106000160,379,1998,-1619
106000161,980,214,766
106000162,264,719,-455
106000163,289,240,49
106000164,385,194,191
106000165,203,314,-111
106000166,638,210,428
106000167,200,516,-316
106000168,501,192,309
106000169,222,402,-180
106000170,633,196,437
106000171,174,725,-551
106000172,1971,947,1024
106000173,588,1514,-926
106000174,921,251,670
106000175,195,484,-289
106000176,1233,625,608
106000177,549,1408,-859
106000178,2362,1234,1128
106000179,563,1212,-649
106000180,500,696,-196
106000181,625,985,-360
106000182,1260,438,822
106000183,1183,370,813
106000184,1109,357,752
106000185,770,708,62
106000186,515,94,421
106000187,181,827,-646
106000188,2,1,1
106000189,19,25,-6
106000190,13,2,11
106000191,445,130,315
106000192,1,16,-15
106000193,253,124,129
106000194,82,212,-130
106000195,175,53,122
106000196,71,246,-175
106000197,465,145,320
106000198,135,162,-27
106000199,397,570,-173
106000200,126,154,-28
106000201,317,1997,-1680
106000202,2041,397,1644
106000203,31,117,-86
106000204,66,4,62
106000205,17,99,-82
106000206,95,8,87
106000207,28,364,-336
106000208,1126,118,1008
106000209,1093,281,812
106000210,203,556,-353
106000211,203,719,-516
106000212,743,342,401
106000213,381,1160,-779
106000214,1294,367,927
106000215,186,315,-129
106000216,700,225,475
106000217,183,268,-85
106000218,325,256,69
106000219,109,190,-81
106000220,582,314,268
106000221,234,166,68
106000222,46,60,-14
106000223,249,84,165
106000224,187,120,67
106000225,86,106,-20
106000226,132,155,-23
106000228,58,77,-19
106000229,87,397,-310
106000231,749,65,684
106000232,106,191,-85
106000233,280,63,217
106000234,43,140,-97
106000235,249,95,154
106000236,136,52,84
106000237,1,11,-10
106000238,14,21,-7
106000239,2,85,-83
106000240,30,11,19
106000241,5,450,-445
106000242,263,31,232
106000249,62,64,-2
106000250,61,435,-374
106000251,107,10,97
106000252,9,34,-25
106000253,47,41,6
106000254,51,17,34
106000255,11,150,-139
106000256,35,35,0
106000257,139,120,19
106000258,252,27,225
106000259,6,27,-21
106000260,33,5,28
106000261,9,34,-25
106000262,107,12,95
106000263,10,37,-27
106000264,135,4,131
106000265,2,55,-53
106000266,84,13,71
106000267,0,38,-38
106000268,330,48,282
106000269,38,24,14
106000270,101,326,-225
106000271,55,139,-84
106000272,181,34,147
106000273,5,167,-162
106000274,104,33,71
106000275,79,218,-139
106000276,92,31,61
106000277,82,214,-132
106000278,116,13,103
106000279,6,21,-15
106000280,56,35,21
106000281,47,34,13
106000282,49,44,5
106000283,110,36,74
106000284,77,78,-1
106000285,75,59,16
106000286,110,107,3
106000287,87,43,44
106000288,55,102,-47
106000289,67,51,16
106000290,31,47,-16
106000291,73,83,-10
106000292,70,60,10
106000293,118,52,66
106000294,116,52,64
106000295,42,36,6
106000296,18,69,-51
106000297,40,148,-108
106000298,87,68,19
106000299,63,77,-14
106000300,41,63,-22
106000301,38,105,-67
106000303,35,41,-6
106000304,34,26,8
106000305,33,30,3
106000306,29,32,-3
106000307,32,42,-10
106000308,25,46,-21
106000309,8,51,-43
106000310,275,464,-189
106000311,299,121,178
106000312,203,167,36
106000313,147,131,16
106000318,51,307,-256
106000319,776,200,576
106000320,0,26,-26
106000321,110,109,1
106000322,187,82,105
106000324,33,61,-28
106000325,1419,668,751
106000326,712,1123,-411
106000327,151,60,91
106000328,42,110,-68
106000329,47,168,-121
106000330,23,40,-17
106000428,85,102,-17
106000429,131,339,-208
106000430,223,807,-584
106000431,1983,273,1710
106000432,1466,1955,-489
106000433,2087,1149,938
106000434,2642,1294,1348
106000435,1009,1692,-683
106000436,10,86,-76
106000437,219,19,200
106000438,245,131,114
106000439,33,260,-227
106000440,416,543,-127
106000441,0,0,0
106000442,118,11,107
106000443,158,202,-44
106000450,1,76,-75
106000451,26,33,-7
106000454,1,123,-122
106000455,5,116,-111
106000456,46,27,19
106000457,10,509,-499
106000458,669,104,565
106000459,143,188,-45
106000460,1172,20,1152
106000461,122,633,-511
106000462,0,30,-30
106000463,7,13,-6
106000464,15,253,-238
106000465,601,1,600
106000466,2,329,-327
106000467,234,305,-71
106000468,71,82,-11
106000469,130,0,130
106000470,205,1308,-1103
106000471,15,242,-227
106000472,108,13,95
106000473,21,11,10
106000474,506,274,232
106000475,435,176,259
106000476,219,362,-143
106000477,54,75,-21
106000480,0,248,-248
106900001,2,8,-6
106900002,0,226,-226
106900003,45,157,-112
106900004,0,13,-13
106900006,0,8,-8
106900007,0,8,-8
106900008,324,108,216
106900009,272,170,102
106900010,171,147,24
106900012,721,1276,-555
106900013,107,39,68
106900014,23,0,23
106900015,21,2,19
106900016,249,3,246
106900017,6,0,6
106900018,0,0,0
106900019,26,0,26
106900020,1029,958,71
106900021,118,109,9
106900022,737,7,730
106900023,4,144,-140
106900024,251,21,230
106900025,29,200,-171
106900026,2,280,-278
106900027,616,10,606
106900028,5,91,-86
106900029,108,7,101
106900030,4,148,-144
107000001,2631,2478,153
107000002,1672,2622,-950
107000003,4683,5107,-424
107000004,3184,2366,818
107000005,4028,4539,-511
107000006,2933,2152,781
107000007,4223,7180,-2957
107000008,6325,4651,1674
107000009,5712,5884,-172
107000010,6093,4709,1384
107000011,843,912,-69
107000012,2648,1954,694
107000013,52,74,-22
107000014,46,136,-90
107000015,436,541,-105
107000016,618,528,90
107000017,931,1205,-274
107000018,11,740,-729
107000020,754,1183,-429
107000021,802,276,526
107000022,538,1030,-492
107000023,1492,142,1350
107000024,486,816,-330
107000025,187,251,-64
107000026,189,291,-102
107000027,1079,638,441
107000028,993,962,31
107000029,2518,2165,353
107000030,1924,1821,103
107000031,3924,1956,1968
107000032,359,678,-319
107000033,2011,2446,-435
107000034,2283,1007,1276
107000035,327,195,132
107000036,235,805,-570
107000037,73,536,-463
107000038,192,159,33
107000039,594,580,14
107000040,119,217,-98
107000041,953,514,439
107000042,513,1403,-890
107000043,1632,837,795
107000044,374,246,128
107000045,61,228,-167
107000046,649,380,269
107000047,350,690,-340
107000048,520,211,309
107000049,468,565,-97
107000050,847,446,401
107000051,222,263,-41
107000052,800,770,30
107000053,279,164,115
107000054,64,177,-113
107000055,260,110,150
107000056,440,524,-84
107000057,1251,196,1055
107000058,1757,2031,-274
107000059,1290,2100,-810
107000060,3627,3927,-300
107000061,3204,2142,1062
107000062,3959,2138,1821
107000063,3120,2884,236
107000064,3696,1816,1880
107000065,2305,2933,-628
107000066,1365,2029,-664
107000067,896,967,-71
107000068,853,687,166
107000069,671,501,170
107000070,894,9,885
107000071,3008,38,2970
107000072,53,1587,-1534
107000073,619,312,307
107000074,121,555,-434
107000075,1535,444,1091
107000076,432,883,-451
107000077,2960,1144,1816
107000078,1941,1922,19
107000079,2424,946,1478
107000080,825,1920,-1095
107000081,1658,513,1145
107000082,466,953,-487
107000083,1173,404,769
107000084,249,843,-594
107000085,2311,2412,-101
107000086,2543,2369,174
107000087,2226,1602,624
107000088,2406,2598,-192
107000089,1225,1286,-61
107000090,855,734,121
107000091,1128,755,373
107000092,620,616,4
107000093,1013,665,348
107000094,704,804,-100
107000095,686,579,107
107000096,404,437,-33
107000097,735,295,440
107000098,419,341,78
107000099,354,237,117
107000100,160,157,3
107000101,25,118,-93
107000102,156,191,-35
107000103,248,178,70
107000104,157,194,-37
107000105,317,162,155
107000106,115,189,-74
107000107,634,134,500
107000108,129,374,-245
107000109,471,120,351
107000110,68,287,-219
107000111,360,20,340
107000112,58,227,-169
107000113,685,125,560
107000114,104,396,-292
107000115,586,191,395
107000116,91,530,-439
107000117,129,660,-531
107000118,126,128,-2
107000119,970,1311,-341
107000120,866,449,417
107000121,914,544,370
107000122,1009,610,399
107000123,541,458,83
107000124,503,537,-34
107000125,873,402,471
107000126,823,485,338
107000129,224,508,-284
107000130,590,210,380
107000131,289,394,-105
107000132,433,295,138
107000133,360,76,284
107000134,208,1,207
107000135,0,135,-135
107000136,529,7,522
107000137,8,229,-221
107000138,167,25,142
107000139,8,362,-354
107000140,1052,60,992
107000141,87,543,-456
107000142,361,78,283
107000143,29,476,-447
107000144,352,331,21
107000145,119,294,-175
107000146,138,233,-95
107000147,2844,836,2008
107000150,364,2063,-1699
107000151,27,77,-50
107000152,294,1072,-778
107000153,103,221,-118
107000154,227,247,-20
107000155,888,27,861
107000156,894,19,875
107000157,30,819,-789
107000158,631,25,606
107000159,33,558,-525
107000160,996,119,877
107000161,70,700,-630
107000162,183,368,-185
107000163,130,6,124
107000164,709,0,709
107000165,1024,9,1015
107000166,28,678,-650
107000167,563,150,413
107000168,831,351,480
107000169,454,538,-84
107000170,1914,656,1258
107000171,511,1088,-577
107000172,1012,1156,-144
107000173,491,548,-57
107000174,892,3872,-2980
107000175,4017,1009,3008
107000176,0,0,0
107000177,2,2,0
107000178,35,43,-8
107000179,272,1244,-972
107000180,1210,251,959
107000181,383,650,-267
107000182,1705,532,1173
107000183,156,413,-257
107000184,946,453,493
107000185,389,806,-417
107000186,947,316,631
107000187,1051,1016,35
107000188,501,385,116
107000189,499,805,-306
107000190,481,445,36
107000191,728,915,-187
107000192,1282,451,831
107000193,341,374,-33
107000194,691,514,177
107000197,773,213,560
107000198,226,549,-323
107000199,458,413,45
107000200,446,440,6
107000201,354,209,145
107000202,255,358,-103
107000203,532,658,-126
107000204,631,814,-183
107000205,1212,620,592
107000206,501,992,-491
107000207,464,701,-237
107000208,541,425,116
107000209,1097,1058,39
107000210,375,246,129
107000211,2,42,-40
107000212,4,201,-197
107000213,3,15,-12
107000214,17,87,-70
107000215,307,226,81
107000216,365,198,167
107000217,120,98,22
107000219,67,102,-35
107000220,114,105,9
107000222,191,396,-205
107000224,287,62,225
107000225,133,206,-73
107000226,429,87,342
107000227,78,139,-61
107000228,73,245,-172
107000229,89,100,-11
107000230,689,363,326
107000231,956,1202,-246
107000232,100,19,81
107000233,760,663,97
107000234,0,39,-39
107000235,74,5,69
107000236,21,346,-325
107000237,16,1,15
107000238,36,0,36
107000239,1797,413,1384
107000240,67,492,-425
107000243,0,21,-21
107000244,6,70,-64
107000246,0,828,-828
107000249,3,869,-866
107000251,1,187,-186
107000252,3,498,-495
107000255,199,86,113
107000257,0,255,-255
107000258,0,71,-71
107000259,1,97,-96
107000260,708,1,707
107000262,9,286,-277
107000263,309,8,301
107000266,8,19,-11
107000267,56,61,-5
107000268,85,86,-1
107000269,505,40,465
107000270,12,25,-13
107000271,19,333,-314
107000272,29,75,-46
107000273,1,145,-144
107000274,637,21,616
107000275,404,955,-551
107000280,792,27,765
107000281,42,497,-455
107000282,37,419,-382
107000290,5,23,-18
107000291,15,3,12
107000292,2,71,-69
107000293,25,3,22
107000294,0,35,-35
107000295,17,0,17
107000296,0,40,-40
107000444,207,7,200
107000496,3,13,-10
107000497,978,1317,-339
107000500,293,193,100
107000501,87,159,-72
107000502,132,236,-104
107000505,242,511,-269
107000506,0,19,-19
107000508,4,310,-306
107000509,126,441,-315
107000510,30,18,12
107000514,44,197,-153
107000515,8,93,-85
107000516,356,172,184
107000518,858,1343,-485
107000519,974,527,447
107000520,74,31,43
107000521,584,259,325
107000522,883,402,481
107900001,86,93,-7
107900002,57,2,55
107900003,252,37,215
107900004,0,0,0
107900005,1160,6,1154
107900006,153,1,152
107900007,233,18,215
107900008,59,13,46
107900009,80,3,77
107900010,54,2,52
107900012,226,26,200
107900013,139,11,128
107900014,22,3,19
107900015,849,11,838
107900016,216,75,141
107900017,11,2,9
107900018,46,131,-85
107900019,11,24,-13
107900020,37,5,32
107900021,77,48,29
107900023,1,9,-8
107900024,0,10,-10
107900025,181,170,11
107900026,47,19,28
107900027,13,19,-6
107900028,75,49,26
107900030,159,25,134
107900031,38,60,-22
107900032,10,2,8
107900033,24,6,18
107900034,269,11,258
107900035,709,34,675
107900036,58,29,29
107900037,1,18,-17
107900038,79,170,-91
107900039,38,20,18
107900040,23,131,-108
107900041,1,1,0
107900043,34,42,-8
107900044,1,0,1
107900045,82,30,52
107900046,152,146,6
107900047,49,13,36
107900048,155,8,147
107900049,186,604,-418
107900050,93,153,-60
107900051,54,33,21
107900052,25,48,-23
107900053,54,51,3
107900055,376,137,239
107900056,89,32,57
107900057,0,0,0
107900058,20,313,-293
107900060,6,37,-31
107900061,6,8,-2
107900063,55,83,-28
107900064,205,133,72
107900065,170,5,165
107900066,13,6,7
107900067,0,0,0
107900068,43,355,-312
107900069,24,1875,-1851
107900070,104,38,66
107900071,22,398,-376
107900072,71,60,11
107900073,90,89,1
107900074,419,274,145
107900076,132,34,98
107900077,67,0,67
107900079,5,14,-9
107900080,157,466,-309
107900081,37,46,-9
107900082,13,7,6
107900083,267,117,150
107900084,111,59,52
107900086,41,137,-96
107900087,349,122,227
107900088,25,5,20
107900089,159,539,-380
107900090,354,1427,-1073
107900091,129,213,-84
107900093,45,42,3
107900095,2102,1531,571
107900097,6,34,-28
107900098,38,156,-118
107900100,639,1054,-415
107900101,535,138,397
107900102,21,10,11
107900103,34,124,-90
107900104,127,1,126
107900105,0,252,-252
107900106,1,634,-633
107900107,543,320,223
107900108,116,81,35
107900109,1202,17,1185
107900110,44,46,-2
107900111,6,422,-416
107900112,43,311,-268
107900113,171,53,118
107900114,139,104,35
107900115,1,18,-17
107900116,140,59,81
107900117,186,159,27
107900118,69,87,-18
107900119,90,157,-67
107900120,39,32,7
107900121,1,101,-100
107900122,3,36,-33
107900123,5,35,-30
107900124,13,14,-1
107900125,21,126,-105
107900126,16,48,-32
107900127,339,290,49
107900128,47,86,-39
107900129,54,20,34
107900130,63,10,53
107900131,364,205,159
107900132,85,204,-119
107900133,0,49,-49
107900134,28,61,-33
107900135,4,65,-61
107900136,21,16,5
107900137,72,77,-5
107900138,62,18,44
107900139,29,21,8
107900141,35,16,19
107900142,53,426,-373
107900143,34,9,25
107900144,0,88,-88
107900145,7,50,-43
107900146,22,67,-45
107900147,41,22,19
107900148,71,48,23
107900149,492,148,344
107900150,56,366,-310
107900151,23,55,-32
107900152,6,75,-69
107900153,82,228,-146
107900154,50,13,37
107900155,62,40,22
107900156,5,149,-144
107900157,29,30,-1
107900158,623,25,598
107900159,21,375,-354
107900160,86,94,-8
107900161,21,109,-88
107900162,2,15,-13
107900163,18,24,-6
107900164,17,19,-2
107900165,44,111,-67
107900166,18,126,-108
107900167,12,48,-36
107900168,42,26,16
107900169,1,104,-103
107900171,3,634,-631
107900172,3,188,-185
107900173,8,82,-74
107900174,107,0,107
107900175,21,41,-20
107900176,32,20,12
107900177,0,35,-35
107900178,0,104,-104
107900179,22,98,-76
107900180,298,533,-235
107900181,178,150,28
107900182,0,535,-535
107900183,29,106,-77
107900184,81,198,-117
107900185,117,2,115
107900186,15,34,-19
107900187,0,63,-63
107900188,378,66,312
107900189,14,44,-30
107900190,39,53,-14
107900191,44,55,-11
107900193,5,43,-38
107900194,132,1,131
107900195,1246,178,1068
107900196,38,61,-23
107900197,417,283,134
107900199,0,556,-556
107900201,58,44,14
107900203,36,41,-5
107900204,141,118,23
107900206,693,189,504
107900207,2,437,-435
107900208,4,297,-293
107900209,258,60,198
107900210,44,65,-21
107900213,277,242,35
107900214,35,70,-35
107900215,83,256,-173
107900216,113,57,56
107900217,29,53,-24
107900218,6,768,-762
107900219,18,45,-27
107900220,155,183,-28
107900221,99,136,-37
107900223,99,311,-212
107900224,57,307,-250
107900225,16,325,-309
107900226,80,55,25
107900227,122,225,-103
107900228,14,53,-39
107900229,1,114,-113
107900230,19,35,-16
107900231,37,128,-91
107900232,98,82,16
107900233,0,62,-62
107900234,105,41,64
107900235,15,47,-32
107900236,111,44,67
107900237,29,207,-178
107900238,31,55,-24
107900239,453,365,88
107900240,9,69,-60
107900241,14,33,-19
107900242,16,118,-102
107900243,0,31,-31
107900244,143,1,142
107900245,622,27,595
107900246,192,15,177
107900248,269,173,96
107900249,717,54,663
107900250,0,230,-230
107900251,52,786,-734
107900252,647,13,634
107900253,188,3,185
107900254,39,127,-88
107900255,178,50,128
107900256,474,582,-108
107900257,123,83,40
107900258,72,122,-50
107900259,69,1580,-1511
107900261,1,136,-135
107900262,47,65,-18
107900264,377,4,373
107900265,98,68,30
107900267,209,8,201
107900268,7,1,6
107900269,0,3,-3
107900270,2,0,2
107900271,0,16,-16
107900272,49,37,12
107900273,41,70,-29
107900274,99,0,99
107900275,35,0,35
107900276,1,72,-71
107900277,0,97,-97
107900278,186,201,-15
107900279,61,147,-86
107900280,1361,1280,81
107900281,653,2435,-1782
107900282,52,354,-302
107900283,551,392,159
107900284,500,330,170
107900285,98,35,63
107900286,60,53,7
107900287,180,154,26
107900290,1,121,-120
107900291,350,26,324
107900292,119,97,22
107900293,86,271,-185
107900295,51,31,20
107900297,2,151,-149
107900298,545,469,76
107900299,1448,1916,-468
107900301,379,559,-180
107900302,63,21,42
107900303,151,134,17
107900304,334,242,92
107900305,207,8,199
107900306,2,27,-25
107900307,58,165,-107
107900308,131,104,27
107900309,61,0,61
107900310,187,0,187
107900311,5,187,-182
107900312,24,1,23
107900313,5,84,-79
107900314,0,16,-16
107900315,0,36,-36
107900316,35,0,35
107900317,75,15,60
107900318,6,53,-47
107900319,0,118,-118
107900320,0,75,-75
107900321,112,2,110
107900322,0,79,-79
107900323,2,62,-60
107900324,77,3,74
107900325,100,0,100
107900326,331,114,217
107900327,1,37,-36
107900328,59,1,58
107900329,82,37,45
107900330,7,178,-171
107900331,198,20,178
107900332,223,18,205
107900333,56,7,49
107900334,5,97,-92
107900335,35,33,2
107900336,43,50,-7
107900337,508,677,-169
107900338,0,75,-75
107900339,1,13,-12
107900340,0,42,-42
107900341,55,0,55
107900342,116,62,54
107900343,56,0,56
107900344,10,35,-25
107900345,78,22,56
107900346,13,0,13
107900347,10,2,8
107900348,0,1,-1
107900349,9,4,5
107900350,8,139,-131
107900351,4,123,-119
107900352,4,14,-10
107900353,10,4,6
107900354,11,41,-30
108000001,2535,2857,-322
108000002,1491,1611,-120
108000003,2661,2577,84
108000004,8487,9147,-660
108000005,6470,5263,1207
108000006,5887,4824,1063
108000007,4147,3220,927
108000008,3232,3922,-690
108000009,2906,3422,-516
108000010,2006,2766,-760
108000011,9749,9072,677
108000012,10479,9203,1276
108000014,586,644,-58
108000015,855,188,667
108000016,215,643,-428
108000017,932,258,674
108000018,1413,450,963
108000019,1315,602,713
108000020,1137,388,749
108000021,278,1149,-871
108000022,314,920,-606
108000023,989,151,838
108000024,213,337,-124
108000025,305,240,65
108000026,856,265,591
108000027,645,430,215
108000028,769,193,576
108000029,420,588,-168
108000030,402,159,243
108000031,156,371,-215
108000032,1568,542,1026
108000033,607,661,-54
108000034,1387,384,1003
108000035,575,1222,-647
108000036,317,718,-401
108000037,1442,365,1077
108000038,2175,457,1718
108000039,421,1164,-743
108000040,1465,683,782
108000041,489,1440,-951
108000042,297,191,106
108000043,199,212,-13
108000044,544,109,435
108000045,261,387,-126
108000046,1196,264,932
108000047,308,582,-274
108000048,134,236,-102
108000049,854,185,669
108000050,95,399,-304
108000051,281,113,168
108000052,171,417,-246
108000053,344,200,144
108000054,335,688,-353
108000055,838,428,410
108000056,878,855,23
108000057,526,953,-427
108000058,1516,2769,-1253
108000059,2250,1218,1032
108000060,196,513,-317
108000061,237,349,-112
108000062,704,462,242
108000063,384,319,65
108000064,273,186,87
108000065,436,325,111
108000066,1046,571,475
108000067,1495,473,1022
108000068,695,280,415
108000069,233,621,-388
108000070,1594,560,1034
108000071,568,870,-302
108000072,1520,839,681
108000073,849,1039,-190
108000074,487,325,162
108000075,273,459,-186
108000076,693,393,300
108000077,464,387,77
108000078,1941,955,986
108000079,582,849,-267
108000080,1238,424,814
108000081,383,881,-498
108000082,631,1118,-487
108000083,1489,759,730
108000084,314,666,-352
108000085,632,351,281
108000086,516,366,150
108000087,121,1614,-1493
108000088,585,172,413
108000089,326,240,86
108000091,135,328,-193
108000092,161,61,100
108000093,198,278,-80
108000094,552,76,476
108000095,158,183,-25
108000096,326,174,152
108000097,106,202,-96
108000098,1555,830,725
108000099,832,257,575
108000100,154,404,-250
108000101,1028,1177,-149
108000102,1353,2753,-1400
108000106,777,1,776
108000107,2,568,-566
108000108,522,29,493
108000109,2,603,-601
108000110,198,201,-3
108000111,102,404,-302
108000112,41,92,-51
108000113,333,169,164
108000115,217,175,42
108000117,438,251,187
108000118,361,1534,-1173
108000119,488,259,229
108000120,141,523,-382
108000121,144,305,-161
108000122,461,232,229
108000123,559,122,437
108000124,260,287,-27
108000125,357,185,172
108000126,133,222,-89
108000127,472,161,311
108000128,534,294,240
108000129,200,491,-291
108000130,401,135,266
108000131,820,435,385
108000132,1244,710,534
108000133,891,436,455
108000134,429,318,111
108000135,927,373,554
108000136,175,527,-352
108000137,414,184,230
108000138,337,576,-239
108000139,411,215,196
108000140,99,14,85
108000141,29,40,-11
108000142,42,52,-10
108000143,38,251,-213
108000144,462,39,423
108000145,37,7,30
108000146,614,38,576
108000147,22,18,4
108000148,555,57,498
108000149,9,8,1
108000150,43,10,33
108000151,135,47,88
108000152,102,256,-154
108000153,516,79,437
108000154,55,9,46
108000155,26,16,10
108000156,541,302,239
108000157,102,893,-791
108000158,68,576,-508
108000159,343,144,199
108000160,1704,859,845
108000161,1347,1800,-453
108000165,8,152,-144
108000172,11,224,-213
108000173,1006,1428,-422
108000175,628,101,527
108000178,314,170,144
108000179,156,666,-510
108000181,64,24,40
108000182,245,72,173
108000183,29,206,-177
108000184,628,1711,-1083
108000185,134,216,-82
108000186,286,218,68
108000187,113,341,-228
108000188,473,115,358
108000189,1214,6764,-5550
108000190,50,125,-75
108000192,184,355,-171
108000193,488,17,471
108000194,45,14,31
108000195,1,535,-534
108000196,221,150,71
108000198,625,231,394
108000199,1,232,-231
108000200,359,215,144
108000203,121,331,-210
108000204,109,55,54
108000205,136,240,-104
108000339,852,324,528
108000364,200,420,-220
108000365,82,188,-106
108000367,85,123,-38
108000368,5,35,-30
108000369,592,178,414
108000371,6,504,-498
108000372,630,4,626
108000373,197,108,89
108000376,74,35,39
108000377,406,185,221
108000378,7044,7911,-867
108000379,20,146,-126
108000381,53,4,49
108000382,171,0,171
108000383,0,157,-157
108900001,38,610,-572
108900002,141,41,100
108900003,227,455,-228
108900004,106,300,-194
108900007,237,151,86
108900008,134,93,41
108900009,92,103,-11
108900010,262,116,146
108900011,528,340,188
108900012,257,364,-107
108900013,237,210,27
108900014,9,86,-77
108900015,2,85,-83
108900016,1,149,-148
108900017,148,276,-128
108900018,143,262,-119
108900019,13,329,-316
108900020,31,128,-97
108900021,96,206,-110
108900022,82,1,81
108900023,56,29,27
108900024,45,62,-17
108900025,96,66,30
108900026,16,84,-68
108900027,2,45,-43
108900028,64,176,-112
108900029,43,177,-134
108900030,0,54,-54
108900031,143,223,-80
108900032,2,99,-97
108900033,0,54,-54
108900034,0,111,-111
108900035,267,678,-411
108900038,2,151,-149
108900039,0,214,-214
108900040,7,78,-71
108900041,3386,2559,827
108900042,9,277,-268
108900043,39,260,-221
108900044,2,247,-245
108900045,54,232,-178
108900046,39,402,-363
108900047,37,93,-56
108900048,130,509,-379
108900049,1509,1010,499
108900050,4,140,-136
108900051,1,91,-90
108900052,24,110,-86
108900053,55,134,-79
108900054,70,115,-45
108900055,20,194,-174
108900056,0,85,-85
108900057,0,82,-82
108900058,33,203,-170
108900059,377,23,354
108900060,52,101,-49
108900061,56,20,36
108900062,1,139,-138
108900063,18,150,-132
108900064,177,32,145
108900065,11,128,-117
108900066,356,102,254
108900067,11,96,-85
108900068,3,73,-70
108900069,65,20,45
108900070,18,63,-45
108900071,74,40,34
108900072,1129,311,818
108900073,13,211,-198
108900074,169,142,27
108900075,26,33,-7
108900076,273,52,221
108900077,81,241,-160
108900078,16,75,-59
108900079,574,111,463
108900080,19,532,-513
108900081,40,127,-87
108900082,84,65,19
108900083,14,170,-156
108900085,1096,113,983
108900086,110,144,-34
108900087,77,121,-44
108900088,804,377,427
108900089,16,80,-64
108900090,47,142,-95
108900091,95,33,62
108900092,462,212,250
108900093,63,66,-3
108900094,156,65,91
108900095,21,173,-152
108900096,244,9,235
108900097,189,160,29
108900098,1148,458,690
108900099,444,168,276
108900100,67,86,-19
108900101,183,216,-33
108900102,48,769,-721
108900103,58,98,-40
108900105,4,1136,-1132
108900106,448,196,252
108900108,194,32,162
108900109,295,46,249
108900110,195,248,-53
108900111,363,355,8
108900113,27,47,-20
108900114,69,7,62
108900115,76,46,30
108900116,29,10,19
108900117,172,7,165
108900118,491,18,473
108900119,235,15,220
108900120,235,136,99
108900121,202,83,119
108900122,153,24,129
108900123,132,88,44
108900124,411,126,285
108900125,393,7,386
108900126,96,27,69
108900127,151,23,128
108900128,109,57,52
108900129,632,115,517
108900130,337,1,336
108900131,258,7,251
108900132,469,60,409
108900133,228,24,204
108900134,333,133,200
108900135,130,5,125
108900136,43,2,41
108900137,118,0,118
108900138,657,40,617
108900140,368,143,225
108900141,293,12,281
108900142,57,3,54
108900143,88,2,86
108900144,72,1,71
108900145,230,8,222
108900146,64,0,64
108900147,187,2,185
108900148,58,21,37
108900150,178,18,160
108900151,79,9,70
108900152,154,2,152
108900153,229,169,60
108900154,3181,284,2897
108900156,92,7,85
108900157,10,246,-236
108900158,286,8,278
108900159,3,115,-112
108900160,9,147,-138
108900161,6,214,-208
108900162,86,3,83
108900163,6,220,-214
108900164,51,34,17
108900168,4364,1842,2522
108900169,56,85,-29
108900171,3248,2304,944
108900172,145,27,118
108900173,101,216,-115
108900174,766,409,357
108900176,77,270,-193
108900177,2764,4100,-1336
108900178,2102,2825,-723
108900180,78,269,-191
108900183,150,114,36
108900184,491,194,297
108900185,47,311,-264
108900186,46,256,-210
108900189,272,107,165
108900190,18,1453,-1435
108900192,62,152,-90
108900195,111,144,-33
108900196,40,196,-156
108900199,191,233,-42
108900200,442,260,182
108900201,399,928,-529
108900203,344,96,248
108900204,239,11,228
108900205,121,16,105
108900206,391,51,340
108900207,186,92,94
108900208,10,199,-189
108900209,125,292,-167
108900210,111,127,-16
108900211,96,392,-296
108900212,361,1022,-661
108900215,49,258,-209
108900216,316,227,89
108900217,53,0,53
108900218,39,11,28
108900221,28,136,-108
108900224,31,122,-91
108900225,0,104,-104
108900227,105,185,-80
108900230,113,166,-53
108900232,0,107,-107
108900233,216,60,156
108900234,190,108,82
108900235,124,299,-175
108900236,20,148,-128
108900240,74,47,27
108900241,23,27,-4
108900245,8,936,-928
108900250,125,33,92
108900258,11,116,-105
108900259,21,49,-28
108900260,7,46,-39
108900261,66,72,-6
108900262,100,85,15
108900263,38,107,-69
108900264,400,191,209
108900265,501,329,172
108900266,396,634,-238
108900267,6,117,-111
108900268,8,8,0
108900269,72,9,63
108900270,57,11,46
108900271,45,19,26
108900272,199,9,190
108900273,500,655,-155
108900274,146,31,115
109000001,1742,1483,259
109000002,889,1538,-649
109000003,2084,350,1734
109000004,433,1662,-1229
109000005,1791,479,1312
109000006,605,1476,-871
109000007,1387,420,967
109000008,481,1145,-664
109000009,2782,1036,1746
109000010,1080,2354,-1274
109000011,2813,1421,1392
109000012,1552,1903,-351
109000013,3106,2317,789
109000014,1454,1784,-330
109000015,3687,7829,-4142
109000016,3809,2106,1703
109000017,2057,940,1117
109000018,795,1848,-1053
109000019,2287,1065,1222
109000020,843,1285,-442
109000023,212,11,201
109000024,12,155,-143
109000025,272,358,-86
109000026,513,302,211
109000027,65,309,-244
109000028,103,51,52
109000029,101,150,-49
109000030,62,330,-268
109000031,154,111,43
109000032,107,306,-199
109000033,228,132,96
109000034,36,22,14
109000035,17,38,-21
109000036,54,230,-176
109000037,181,1284,-1103
109000038,359,230,129
109000039,676,548,128
109000040,1243,5088,-3845
109000041,1630,1505,125
109000042,360,891,-531
109000044,334,116,218
109000045,192,254,-62
109000046,329,63,266
109000047,42,245,-203
109000048,852,382,470
109000049,158,348,-190
109000050,456,364,92
109000051,136,184,-48
109000052,429,579,-150
109000053,1210,194,1016
109000054,67,254,-187
109000055,133,127,6
109000056,360,188,172
109000057,526,360,166
109000058,1156,213,943
109000059,583,1185,-602
109000060,624,261,363
109000061,609,829,-220
109000062,80,252,-172
109000063,135,109,26
109000064,200,88,112
109000065,129,132,-3
109000066,386,77,309
109000067,44,180,-136
109000068,1225,8,1217
109000069,541,20,521
109000070,4,1417,-1413
109000071,332,50,282
109000072,122,377,-255
109000073,40,51,-11
109000074,31,158,-127
109000075,34,215,-181
109000076,160,251,-91
109000077,259,253,6
109000078,77,133,-56
109000079,106,114,-8
109000080,187,82,105
109000081,116,309,-193
109000082,748,176,572
109000083,279,448,-169
109000088,73,284,-211
109000089,231,54,177
109000090,91,253,-162
109000091,250,137,113
109000092,212,283,-71
109000093,175,152,23
109000094,512,4,508
109000095,114,251,-137
109000096,561,214,347
109000097,96,97,-1
109000098,56,109,-53
109000099,683,195,488
109000100,185,408,-223
109000101,1134,358,776
109000102,298,521,-223
109000103,843,496,347
109000104,1490,442,1048
109000105,405,706,-301
109000106,1484,538,946
109000107,435,1087,-652
109000108,1453,403,1050
109000109,351,992,-641
109000110,861,332,529
109000111,641,1158,-517
109000112,253,86,167
109000113,294,73,221
109000114,83,244,-161
109000115,865,54,811
109000116,25,445,-420
109000117,222,58,164
109000118,9,215,-206
109000119,1117,181,936
109000120,168,490,-322
109000121,724,78,646
109000122,91,410,-319
109000123,51,123,-72
109000124,502,265,237
109000125,663,305,358
109000126,385,405,-20
109000127,1473,246,1227
109000128,403,784,-381
109000129,1767,539,1228
109000130,721,1353,-632
109000131,1207,831,376
109000132,901,1670,-769
109000133,222,640,-418
109000134,573,925,-352
109000135,744,1094,-350
109000136,286,237,49
109000137,288,299,-11
109000138,363,218,145
109000139,342,388,-46
109000140,179,390,-211
109000141,674,346,328
109000142,128,301,-173
109000143,87,50,37
109000145,73,289,-216
109000146,70,71,-1
109000148,1887,983,904
109000149,21,59,-38
109000150,98,200,-102
109000155,663,526,137
109000156,712,421,291
109000158,58,183,-125
109000159,95,240,-145
109000160,797,120,677
109000161,268,585,-317
109000162,1497,377,1120
109000163,815,1055,-240
109000164,1117,1701,-584
109000165,1096,357,739
109000166,669,86,583
109000167,81,263,-182
109000170,46,24,22
109000171,39,33,6
109000172,41,35,6
109000173,29,74,-45
109000174,95,46,49
109000175,122,165,-43
109000176,202,159,43
109000177,30,50,-20
109000178,628,206,422
109000179,2573,3499,-926
109000180,2758,2177,581
109000181,23,12,11
109000182,34,28,6
109000183,23,18,5
109000184,30,14,16
109000185,13,15,-2
109000188,293,1049,-756
109000189,1731,599,1132
109000190,513,345,168
109000191,280,270,10
109000192,407,137,270
109000193,129,181,-52
109000194,237,50,187
109000195,111,210,-99
109000196,172,68,104
109000197,153,180,-27
109000198,291,50,241
109000199,87,269,-182
109000206,145,32,113
109000207,126,26,100
109000208,63,65,-2
109000209,64,87,-23
109000210,151,330,-179
109000211,502,254,248
109000214,458,433,25
109000215,102,47,55
109000216,259,191,68
109000217,181,66,115
109000218,214,130,84
109000221,400,666,-266
109000222,799,216,583
109000223,275,171,104
109000224,54,73,-19
109000225,62,20,42
109000226,54,149,-95
109000227,825,534,291
109000228,3,1312,-1309
109000231,0,164,-164
109000232,315,189,126
109000236,215,590,-375
109000241,1742,1338,404
109000242,1575,978,597
109000293,63,128,-65
109000361,174,148,26
109000364,133,317,-184
109000396,1,289,-288
109000397,460,10,450
109000399,137,245,-108
109000400,77,227,-150
109000403,103,1102,-999
109000406,326,10,316
109000407,216,153,63
109000408,2,280,-278
109000410,695,143,552
109000411,209,31,178
109000412,4,47,-43
109900001,109,1,108
109900002,641,14,627
109900003,205,0,205
109900005,13,3,10
109900006,286,103,183
109900007,713,201,512
109900008,0,7,-7
109900009,71,244,-173
109900010,408,6,402
109900011,31,25,6
109900012,195,134,61
109900013,308,122,186
109900014,282,41,241
109900015,224,83,141
109900016,100,5,95
109900017,166,127,39
109900018,134,24,110
109900019,188,24,164
109900020,47,36,11
109900021,37,9,28
109900022,155,142,13
109900023,11,5,6
109900024,14,3,11
109900025,6,6,0
109900027,47,24,23
109900028,630,905,-275
109900029,2,119,-117
109900030,39,2,37
109900031,0,89,-89
109900032,5,205,-200
109900033,1,311,-310
109900034,30,1,29
109900035,18,26,-8
109900036,13,49,-36
109900037,21,270,-249
109900038,61,157,-96
109900039,13,0,13
109900040,22,277,-255
109900041,46,169,-123
109900042,11,301,-290
109900044,59,144,-85
109900045,119,61,58
109900046,120,65,55
109900047,173,214,-41
109900048,11,45,-34
109900049,4,23,-19
109900050,1,97,-96
109900051,1,23,-22
109900052,50,258,-208
109900053,0,141,-141
109900054,536,144,392
109900055,73,154,-81
109900056,20,156,-136
109900057,3,74,-71
109900058,0,63,-63
109900060,478,89,389
109900061,29,147,-118
109900062,0,95,-95
109900064,460,141,319
109900065,39,81,-42
109900066,208,445,-237
109900067,0,115,-115
109900068,35,2,33
109900069,2,24,-22
109900071,1,7,-6
109900072,12,99,-87
109900073,277,254,23
109900074,1,26,-25
109900075,16,8,8
109900076,19,140,-121
109900077,36,25,11
109900078,72,140,-68
109900080,86,177,-91
109900081,11,209,-198
109900082,40,211,-171
109900083,18,61,-43
109900084,41,105,-64
109900085,135,345,-210
109900086,97,434,-337
109900087,107,196,-89
109900089,618,177,441
109900092,279,14,265
109900093,814,97,717
109900094,50,57,-7
109900095,55,124,-69
109900096,26,0,26
109900097,121,2,119
109900098,432,22,410
109900099,171,1,170
109900100,29,0,29
109900101,458,5,453
109900102,325,13,312
109900103,15,24,-9
109900104,422,381,41
109900105,448,19,429
109900106,249,30,219
109900107,430,49,381
109900108,56,134,-78
109900109,33,130,-97
109900111,193,372,-179
109900114,493,363,130
109900115,122,42,80
109900117,784,111,673
109900121,246,280,-34
109900123,22,99,-77
109900125,1,99,-98
109900126,228,62,166
109900130,3443,1789,1654
109900131,55,73,-18
109900132,23,72,-49
109900134,42,39,3
109900135,264,40,224
109900137,89,164,-75
109900140,130,124,6
109900149,30,36,-6
109900150,3,56,-53
109900151,1,29,-28
109900152,0,19,-19
109900153,3,26,-23
109900154,35,0,35
109900155,52,21,31
109900157,68,137,-69
109900159,88,11,77
109900161,187,55,132
109900162,134,84,50
109900163,400,209,191
109900164,44,242,-198
109900165,202,2,200
109900166,4,132,-128
109900167,102,237,-135
109900168,163,392,-229
109900169,130,136,-6
109900170,181,749,-568
109900171,140,44,96
109900172,211,153,58
109900173,1480,1747,-267
109900174,26,54,-28
109900175,54,62,-8
109900176,76,76,0
109900177,30,148,-118
109900178,4,78,-74
109900179,7,7,0
109900180,10,7,3
110000001,654,372,282
110000002,488,536,-48
110000003,511,545,-34
110000004,375,487,-112
110000005,274,1093,-819
110000006,190,251,-61
110000007,96,52,44
110000008,6,40,-34
110000009,43,14,29
110000010,24,48,-24
110000011,30,36,-6
110000012,413,241,172
110000013,39,412,-373
110000014,483,286,197
110000015,151,453,-302
110000016,228,998,-770
110000017,1678,150,1528
110000018,1497,216,1281
110000019,5,66,-61
110000020,241,141,100
110000021,344,277,67
110000022,505,112,393
110000023,8,87,-79
110000024,393,304,89
110000025,389,1,388
110000026,6,129,-123
110000027,517,423,94
110000028,785,520,265
110000029,389,461,-72
110000030,215,205,10
110000031,216,261,-45
110000032,570,249,321
110000033,183,80,103
110000034,377,394,-17
110000035,656,314,342
110000036,630,353,277
110000037,136,248,-112
110000038,167,400,-233
110000039,528,2129,-1601
110000040,231,227,4
110000041,250,1092,-842
110000042,77,243,-166
110000043,527,204,323
110000044,69,218,-149
110000045,408,74,334
110000046,9,31,-22
110000047,50,27,23
110000048,5,31,-26
110000049,17,9,8
110000050,7,34,-27
110000051,21,5,16
110000052,39,33,6
110000053,36,10,26
110000054,77,199,-122
110000055,154,35,119
110000056,84,64,20
110000057,380,388,-8
110000058,847,327,520
110000059,681,395,286
110000060,764,779,-15
110000061,572,481,91
110000062,481,683,-202
110000063,45,89,-44
110000064,81,57,24
110000065,50,76,-26
110000066,43,27,16
110000067,51,108,-57
110000068,272,115,157
110000069,203,38,165
110000071,202,53,149
110000073,19,11,8
110000075,5,36,-31
110000076,193,176,17
110000077,241,569,-328
110000078,31,29,2
110000080,254,370,-116
110000081,67,226,-159
110000082,44,220,-176
110000083,212,502,-290
110000084,1055,670,385
110000085,1111,1165,-54
110000086,816,1771,-955
110000087,10,46,-36
110000088,66,134,-68
110000089,209,85,124
110000090,88,143,-55
110000091,607,143,464
110000092,28,23,5
110000093,40,11,29
110000094,415,118,297
110000095,111,416,-305
110000096,1240,1405,-165
110000097,902,1113,-211
110000098,1458,497,961
110000099,562,1222,-660
110000100,932,265,667
110000101,44,151,-107
110000102,84,17,67
110000104,250,123,127
110000105,40,181,-141
110000106,454,387,67
110000107,188,248,-60
110000108,107,78,29
110000109,193,180,13
110000110,1612,2799,-1187
110000111,3645,2142,1503
110000112,753,1060,-307
110000113,245,1694,-1449
110000114,223,436,-213
110000115,297,217,80
110000116,40,42,-2
110000117,195,179,16
110000118,379,104,275
110000119,183,168,15
110000120,237,113,124
110000121,37,247,-210
110000122,326,333,-7
110000123,520,244,276
110000124,2,577,-575
110000125,866,3,863
110000126,254,22,232
110000127,921,61,860
110000128,24,792,-768
110000129,5,460,-455
110000130,297,137,160
110000131,59,292,-233
110000132,2,393,-391
110000133,29,305,-276
110000134,10,291,-281
110000135,162,29,133
110000136,53,187,-134
110000137,514,362,152
110000138,630,417,213
110000139,858,625,233
110000140,774,596,178
110000143,447,273,174
110000144,3617,1219,2398
110000145,1471,699,772
110000146,1007,451,556
110000147,279,485,-206
110000148,335,163,172
110000151,533,819,-286
110000152,618,340,278
110000153,109,18,91
110000154,11,19,-8
110000155,846,2772,-1926
110000156,866,1655,-789
110000157,1052,1505,-453
110000160,278,204,74
110000161,160,205,-45
110000166,501,78,423
110000167,713,450,263
110000168,771,425,346
110000169,796,334,462
110000170,112,59,53
110000171,511,135,376
110000172,142,522,-380
110000173,765,713,52
110000174,131,480,-349
110000175,537,38,499
110000176,68,285,-217
110000177,173,757,-584
110000178,321,1189,-868
110000179,656,237,419
110000180,182,127,55
110000181,369,253,116
110000182,225,78,147
110000183,4392,4525,-133
110000184,255,1683,-1428
110000185,446,435,11
110000186,493,537,-44
110000191,1088,181,907
110000192,480,9,471
110000193,842,8,834
110000194,9,533,-524
110000195,356,163,193
110000196,327,214,113
110000197,93,79,14
110000198,77,43,34
110000199,60,77,-17
110000200,607,297,310
110000201,550,677,-127
110000202,875,492,383
110000203,447,419,28
110000204,5,136,-131
110000205,137,48,89
110000206,350,660,-310
110000207,895,242,653
110000208,143,149,-6
110000209,85,389,-304
110000210,1142,358,784
110000211,638,456,182
110000212,334,752,-418
110000213,208,38,170
110000214,226,69,157
110000215,143,188,-45
110000216,69,161,-92
110000217,258,90,168
110000218,117,175,-58
110000219,344,49,295
110000220,59,125,-66
110000221,284,53,231
110000222,67,119,-52
110000223,3,140,-137
110000224,32,16,16
110000225,194,447,-253
110000226,195,45,150
110000227,625,566,59
110000228,170,91,79
110000229,1,128,-127
110000230,388,476,-88
110000231,155,153,2
110000232,314,159,155
110000233,158,192,-34
110000234,392,419,-27
110000235,678,735,-57
110000236,564,414,150
110000237,1519,868,651
110000238,967,1064,-97
110000239,1501,921,580
110000240,1,47,-46
110000242,0,6,-6
110000243,115,70,45
110000244,74,203,-129
110000245,39,215,-176
110000246,656,344,312
110000247,814,3444,-2630
110000248,1474,1184,290
110000249,95,7,88
110000250,31,142,-111
110000251,252,351,-99
110000252,166,132,34
110000253,1127,506,621
110000254,434,737,-303
110000255,171,626,-455
110000256,384,208,176
110000257,487,314,173
110000258,3,286,-283
110000259,156,31,125
110000260,54,120,-66
110000263,395,82,313
110000264,220,248,-28
110000265,857,1234,-377
110000266,1018,1822,-804
110000267,21,99,-78
110000268,186,228,-42
110000269,2,48,-46
110000270,49,0,49
110000271,917,161,756
110000272,852,638,214
110000273,1806,974,832
110000274,119,1248,-1129
110000275,1354,418,936
110000276,217,270,-53
110000277,277,235,42
110000278,232,449,-217
110000279,646,533,113
110000280,391,245,146
110000281,33,239,-206
110000282,141,19,122
110000283,31,98,-67
110000284,37,25,12
110000285,3,291,-288
110000286,2,1,1
110000287,28,6,22
110000288,4,51,-47
110000289,337,1529,-1192
110000290,667,447,220
110000291,3123,968,2155
110000292,994,3543,-2549
110000293,542,543,-1
110000294,858,706,152
110000295,134,511,-377
110000296,359,258,101
110000297,1855,244,1611
110000298,204,396,-192
110000299,195,91,104
110000301,223,25,198
110000302,379,498,-119
110000303,302,6,296
110000304,199,150,49
110000305,986,23,963
110000306,178,678,-500
110000307,1339,4,1335
110000308,410,7,403
110000309,7,448,-441
110000310,575,42,533
110000311,10,473,-463
110000312,309,76,233
110000313,1691,2705,-1014
110000314,1,204,-203
110000315,1941,1842,99
110000316,413,873,-460
110000317,206,382,-176
110000318,8,48,-40
110000319,8,18,-10
110000320,62,28,34
110000321,13,42,-29
110000322,216,189,27
110000323,382,142,240
110000324,2254,1190,1064
110000325,1619,2528,-909
110000327,259,136,123
110000328,133,340,-207
110000333,704,609,95
110000334,549,828,-279
110000335,555,328,227
110000336,507,640,-133
110000337,1176,449,727
110000338,402,177,225
110000339,235,164,71
110000340,16,122,-106
110000341,356,363,-7
110000342,163,0,163
110000343,0,5,-5
110000344,42,84,-42
110000345,85,91,-6
110000346,1472,1322,150
110000347,866,538,328
110000348,23,11,12
110000349,14,12,2
110000350,28,2,26
110000351,821,532,289
110000352,586,1014,-428
110000353,1714,535,1179
110000354,836,2022,-1186
110000355,55,35,20
110000356,377,4,373
110000357,381,17,364
110000361,16,22,-6
110000362,54,3,51
110000363,334,55,279
110000364,217,207,10
110000365,108,0,108
110000366,1,46,-45
110000367,275,102,173
110000368,0,44,-44
110000369,37,1,36
110000373,3,146,-143
110000374,43,8,35
110000375,115,607,-492
110000376,27,69,-42
110000377,67,290,-223
110000378,13,264,-251
110000379,1556,1339,217
110000380,45,4,41
110000383,0,1103,-1103
110000384,1206,1069,137
110000385,0,89,-89
110000387,44,7,37
110000388,33,161,-128
110000389,657,2,655
110000391,514,214,300
110000396,156,76,80
110000397,133,83,50
110000398,3,17,-14
110000399,85,0,85
110000587,87,36,51
110000589,198,91,107
110000640,188,30,158
110000652,5,89,-84
110000653,353,303,50
110000654,50,604,-554
110000656,2,277,-275
110000674,20,8,12
110000675,2,9,-7
110000676,2,12,-10
110000679,214,831,-617
110000682,111,122,-11
110000683,196,321,-125
110000684,3,18,-15
110000685,3,10,-7
110000686,2,33,-31
110000687,4,3,1
110000688,23,656,-633
110000689,36,23,13
110000692,41,87,-46
110000693,53,194,-141
110000694,0,90,-90
110000695,144,393,-249
110000696,70,46,24
110000698,43,576,-533
110000699,77,288,-211
110900001,196,7,189
110900002,172,88,84
110900003,661,325,336
110900004,314,82,232
110900005,1290,1833,-543
110900006,55,4,51
110900007,92,20,72
110900008,9,39,-30
110900009,334,87,247
110900010,13,42,-29
110900011,23,37,-14
110900012,22,56,-34
110900013,705,102,603
110900014,268,20,248
110900015,283,458,-175
110900016,53,106,-53
110900017,337,24,313
110900018,260,30,230
110900019,255,27,228
110900020,100,140,-40
110900021,49,273,-224
110900022,78,145,-67
110900023,33,289,-256
110900024,16,178,-162
110900025,9,33,-24
110900027,36,121,-85
110900028,28,58,-30
110900029,10,209,-199
110900030,18,96,-78
110900031,12,116,-104
110900032,0,41,-41
110900033,27,119,-92
110900035,17,339,-322
110900036,91,9,82
110900037,76,13,63
110900038,426,117,309
110900039,13,186,-173
110900040,145,15,130
110900041,10,50,-40
110900042,99,24,75
110900043,5,51,-46
110900044,144,13,131
110900045,36,189,-153
110900046,13,144,-131
110900047,242,202,40
110900049,55,44,11
110900050,21,4,17
110900052,7,113,-106
110900053,82,14,68
110900054,22,90,-68
110900055,17,1,16
110900056,37,65,-28
110900057,15,106,-91
110900058,176,77,99
110900059,403,304,99
110900060,376,97,279
110900061,32,30,2
110900062,94,92,2
110900063,25,69,-44
110900064,14,0,14
110900065,217,105,112
110900066,13,36,-23
110900067,117,333,-216
110900068,185,148,37
110900069,6,19,-13
110900070,93,49,44
110900071,125,342,-217
110900073,0,25,-25
110900074,362,84,278
110900075,321,63,258
110900077,699,429,270
110900078,34,37,-3
110900079,1484,944,540
110900080,96,58,38
110900081,19,25,-6
110900082,118,49,69
110900083,88,28,60
110900084,40,58,-18
110900085,40,153,-113
110900086,41,218,-177
110900087,234,40,194
110900088,12,4,8
110900090,19,36,-17
110900091,4,31,-27
110900093,129,61,68
110900095,33,18,15
110900097,21,18,3
110900098,23,40,-17
110900099,22,237,-215
110900100,1,23,-22
110900102,23,1,22
110900105,350,139,211
110900108,15,35,-20
110900111,236,55,181
110900112,664,3,661
110900113,295,32,263
110900115,5,34,-29
110900116,580,856,-276
110900118,63,2533,-2470
110900119,1731,186,1545
110900120,12,39,-27
110900121,113,1,112
110900122,394,175,219
110900125,330,360,-30
110900127,328,818,-490
110900128,237,365,-128
110900129,218,651,-433
110900130,666,508,158
110900131,144,32,112
110900132,263,33,230
110900133,37,108,-71
110900135,39,206,-167
110900136,271,15,256
110900139,1,0,1
110900140,0,0,0
110900141,152,104,48
110900142,26,113,-87
110900143,102,48,54
110900144,1,457,-456
110900145,142,48,94
110900146,191,170,21
110900147,102,207,-105
110900148,4,175,-171
110900149,0,23,-23
110900150,13,7,6
110900151,1,33,-32
110900152,25,87,-62
110900153,117,31,86
111000001,555,496,59
111000002,574,501,73
111000003,1353,508,845
111000004,326,698,-372
111000005,1125,818,307
111000006,630,1343,-713
111000007,3086,2255,831
111000008,1310,2139,-829
111000009,428,603,-175
111000010,662,199,463
111000011,330,1003,-673
111000012,587,316,271
111000013,356,711,-355
111000014,1108,349,759
111000017,76,735,-659
111000018,210,277,-67
111000020,572,1436,-864
111000021,63,80,-17
111000023,74,48,26
111000025,2760,2769,-9
111000029,32,61,-29
111000030,30,63,-33
111000031,1516,686,830
111000032,419,249,170
111000033,178,223,-45
111000034,99,221,-122
111000037,989,579,410
111000038,2471,1251,1220
111000039,1270,1110,160
111000040,1357,1479,-122
111000041,1371,1055,316
111000042,1832,1586,246
111000043,1355,2710,-1355
111000044,1403,950,453
111000045,1975,1685,290
111000046,1255,1172,83
111000047,1814,3003,-1189
111000049,297,323,-26
111000050,986,870,116
111000051,461,651,-190
111000052,398,1097,-699
111000053,272,577,-305
111000054,283,491,-208
111000055,790,1009,-219
111000056,226,303,-77
111000057,84,297,-213
111000058,424,56,368
111000059,611,198,413
111000060,3255,650,2605
111000061,434,283,151
111000062,715,260,455
111000063,1431,755,676
111000064,683,399,284
111000065,931,697,234
111000066,423,274,149
111000067,357,407,-50
111000068,498,771,-273
111000069,1100,1143,-43
111000070,825,578,247
111000071,174,285,-111
111000072,1124,408,716
111000073,299,860,-561
111000074,1157,1231,-74
111000075,813,522,291
111000076,478,322,156
111000077,1418,1326,92
111000078,2361,1215,1146
111000079,944,537,407
111000080,456,526,-70
111000081,1087,2784,-1697
111000082,648,379,269
111000084,674,381,293
111000085,665,730,-65
111000086,1555,724,831
111000087,525,353,172
111000088,2746,1574,1172
111000089,633,528,105
111000090,525,955,-430
111000091,615,379,236
111000092,1198,525,673
111000093,602,818,-216
111000094,1381,816,565
111000095,516,1711,-1195
111000096,1053,5774,-4721
111000097,2960,1161,1799
111000098,535,775,-240
111000099,444,1074,-630
111000100,337,852,-515
111000101,284,537,-253
111000102,163,390,-227
111000104,477,112,365
111000107,94,363,-269
111000109,417,145,272
111000110,1120,423,697
111000111,2027,350,1677
111000112,1633,394,1239
111000113,759,1155,-396
111000114,1693,2688,-995
111000115,3412,903,2509
111000116,824,557,267
111000117,313,615,-302
111000118,1064,559,505
111000119,847,683,164
111000120,398,467,-69
111000121,298,522,-224
111000122,435,551,-116
111000123,923,1416,-493
111000124,310,1369,-1059
111000125,250,837,-587
111000126,67,487,-420
111000127,839,134,705
111000128,1640,248,1392
111000129,2189,323,1866
111000130,1953,443,1510
111000131,1556,421,1135
111000132,1256,696,560
111000133,184,91,93
111000134,119,63,56
111000135,35,95,-60
111000136,338,251,87
111000138,26,11,15
111000140,0,5,-5
111000141,146,246,-100
111000142,19,145,-126
111000143,5,195,-190
111000144,13,920,-907
111000145,419,12,407
111000146,96,3,93
111000147,165,14,151
111000148,95,55,40
111000149,2,20,-18
111000150,12,5,7
111000151,2,14,-12
111000153,434,598,-164
111000154,530,195,335
111000155,100,128,-28
111000156,355,489,-134
111000157,177,753,-576
111000158,699,506,193
111000159,1853,639,1214
111000160,374,337,37
111000161,14,240,-226
111000162,82,114,-32
111000163,640,496,144
111000164,436,1973,-1537
111000165,744,292,452
111000166,1129,240,889
111000167,142,276,-134
111000168,184,322,-138
111000169,233,428,-195
111000170,299,294,5
111000171,421,341,80
111000172,207,289,-82
111000173,378,533,-155
111000174,232,230,2
111000175,58,201,-143
111000176,288,77,211
111000177,343,177,166
111000178,1102,173,929
111000179,218,97,121
111000180,197,328,-131
111000181,1131,137,994
111000182,150,98,52
111000183,240,264,-24
111000184,291,194,97
111000185,239,266,-27
111000186,192,175,17
111000187,92,102,-10
111000188,203,230,-27
111000189,664,366,298
111000190,172,182,-10
111000191,146,164,-18
111000192,130,288,-158
111000193,220,207,13
111000194,50,221,-171
111000195,206,160,46
111000196,56,118,-62
111000197,468,115,353
111000198,649,71,578
111000199,206,124,82
111000200,399,256,143
111000201,590,209,381
111000202,278,149,129
111000203,355,208,147
111000204,393,1050,-657
111000213,240,392,-152
111000214,1166,969,197
111000215,1028,943,85
111000217,1062,553,509
111000218,952,721,231
111000219,304,171,133
111000220,845,375,470
111000221,434,75,359
111000224,56,201,-145
111000225,494,334,160
111000226,98,2,96
111000227,36,4,32
111000228,17,308,-291
111000229,37,611,-574
111000230,140,239,-99
111000231,818,427,391
111000232,458,586,-128
111000233,796,493,303
111000234,119,310,-191
111000239,69,80,-11
111000240,45,128,-83
111000241,20,173,-153
111000242,147,50,97
111000243,127,279,-152
111000244,409,67,342
111000245,873,228,645
111000246,461,166,295
111000247,293,497,-204
111000248,646,273,373
111000249,407,341,66
111000250,47,53,-6
111000251,35,96,-61
111000253,5,10,-5
111000255,36,7,29
111000257,60,6,54
111000260,37,700,-663
111000261,964,52,912
111000271,54,178,-124
111000273,1858,840,1018
111000274,1122,1609,-487
111000275,123,46,77
111000276,227,951,-724
111000277,113,254,-141
111000278,450,153,297
111000291,744,4848,-4104
111000298,505,147,358
111000299,520,96,424
111000300,78,321,-243
111000302,248,71,177
111000303,62,136,-74
111000312,60,48,12
111000315,8,77,-69
111000320,164,422,-258
111000321,233,113,120
111000322,240,236,4
111000323,232,21,211
111000324,282,138,144
111000325,30,61,-31
111000326,176,203,-27
111000327,319,209,110
111000328,225,376,-151
111000329,1,26,-25
111000330,44,5,39
111000331,17,6,11
111000332,375,864,-489
111000334,257,750,-493
111000335,1005,175,830
111000337,1173,230,943
111000338,55,56,-1
111000339,455,112,343
111000340,76,294,-218
111000341,1143,443,700
111000342,137,629,-492
111000344,800,447,353
111000345,122,72,50
111000346,20,136,-116
111000347,134,4,130
111000350,150,72,78
111000351,106,207,-101
111000352,148,61,87
111000353,115,159,-44
111000354,365,96,269
111000355,248,367,-119
111000358,180,597,-417
111000360,163,319,-156
111000361,153,124,29
111000546,586,384,202
111000547,326,213,113
111000548,126,190,-64
111000549,231,144,87
111000550,72,708,-636
111000551,538,144,394
111000552,654,144,510
111000907,493,33,460
111000908,28,0,28
111000916,1652,187,1465
111000917,23,314,-291
111000918,173,416,-243
111000920,476,9,467
111000921,7,143,-136
111000922,484,164,320
111000924,34,390,-356
111000925,2388,1387,1001
111000926,923,1042,-119
111000927,2198,3246,-1048
111000928,3149,2027,1122
111000929,1102,895,207
111000930,561,1375,-814
111000931,1697,1870,-173
111000932,2908,1281,1627
111000933,2764,1817,947
111000934,1372,2108,-736
111000935,1340,663,677
111000936,937,1262,-325
111000937,1013,953,60
111000938,1124,932,192
111000939,489,28,461
111000940,376,101,275
111000941,268,274,-6
111000943,439,160,279
111000944,181,209,-28
111000945,86,785,-699
111001109,406,320,86
111001110,99,349,-250
111001111,74,8,66
111001112,98,19,79
111001113,6,131,-125
111001114,413,162,251
111001115,39,415,-376
111001116,2731,2706,25
111001117,480,2136,-1656
111001120,110,138,-28
111001121,143,165,-22
111001122,181,310,-129
111001123,275,68,207
111001124,143,93,50
111001125,7,162,-155
111001126,0,0,0
111001127,0,28,-28
111001128,520,364,156
111001129,2,182,-180
111900001,0,120,-120
111900002,0,283,-283
111900003,0,153,-153
111900004,7,52,-45
111900006,7,27,-20
111900007,69,0,69
111900008,107,1,106
111900009,95,1,94
111900010,238,260,-22
111900012,47,43,4
111900013,1,6,-5
111900014,2618,3346,-728
111900015,0,26,-26
111900016,0,51,-51
111900017,1,41,-40
111900018,227,0,227
111900019,0,50,-50
111900020,3,28,-25
111900021,27,48,-21
111900022,4,29,-25
111900023,61,66,-5
111900024,92,127,-35
111900025,0,43,-43
111900026,1,52,-51
111900027,5,65,-60
111900028,3,195,-192
111900029,1,47,-46
111900030,17,174,-157
111900032,1,179,-178
111900033,5,45,-40
111900034,216,255,-39
111900035,53,118,-65
111900036,0,124,-124
111900038,201,301,-100
111900039,30,215,-185
111900040,3,276,-273
111900042,15,72,-57
111900043,2,159,-157
111900044,233,142,91
111900046,23,70,-47
111900048,132,269,-137
111900049,12,123,-111
111900050,80,20,60
111900051,1,96,-95
111900052,235,253,-18
111900053,472,991,-519
111900054,113,2,111
111900055,8,164,-156
111900056,80,230,-150
111900057,95,31,64
111900058,447,255,192
111900059,854,493,361
111900060,247,0,247
111900061,9,81,-72
111900062,26,29,-3
111900063,154,170,-16
111900064,65,101,-36
111900065,66,31,35
111900066,79,95,-16
111900067,0,177,-177
111900068,34,35,-1
111900069,60,29,31
111900070,109,74,35
111900071,1,94,-93
111900072,36,19,17
111900073,767,139,628
111900074,6,92,-86
111900075,59,4,55
111900076,138,60,78
111900077,30,2,28
111900078,205,22,183
111900079,31,25,6
111900080,210,188,22
111900082,141,33,108
111900083,84,8,76
111900084,93,2,91
111900085,29,91,-62
111900086,36,1,35
111900087,51,1,50
111900088,527,14,513
111900089,79,1,78
111900090,52,33,19
111900091,153,0,153
111900092,91,2,89
111900093,372,10,362
111900094,88,0,88
111900095,140,18,122
111900096,113,0,113
111900097,44,0,44
111900098,268,0,268
111900099,64,0,64
111900100,102,2,100
111900101,65,12,53
111900102,384,295,89
111900103,29,51,-22
111900104,72,34,38
111900105,184,129,55
111900106,379,25,354
111900110,758,234,524
111900111,139,2,137
111900112,230,2009,-1779
111900113,130,58,72
111900118,214,79,135
111900119,164,105,59
111900122,45,46,-1
111900123,40,27,13
111900124,8,32,-24
111900125,468,30,438
111900126,206,2,204
111900127,2,416,-414
111900128,1,284,-283
111900129,229,9,220
111900130,81,17,64
111900131,357,1,356
111900132,15,508,-493
111900133,24,197,-173
111900134,6,127,-121
111900135,9,24,-15
111900136,57,118,-61
111900137,30,28,2
111900138,12,43,-31
111900139,12,48,-36
111900140,90,19,71
111900141,63,22,41
111900142,125,32,93
111900143,15,38,-23
111900144,0,59,-59
111900145,0,238,-238
111900146,2,120,-118
111900147,75,219,-144
111900148,15,312,-297
111900149,4,117,-113
111900150,12,66,-54
111900151,4,15,-11
111900152,58,53,5
111900153,745,553,192
111900154,11,226,-215
111900155,26,63,-37
111900156,40,43,-3
111900157,114,6,108
111900158,446,46,400
111900159,297,13,284
111900160,221,1,220
111900161,147,2,145
111900162,49,109,-60
111900163,18,133,-115
111900164,56,28,28
111901113,369,164,205
111901114,140,111,29
111901115,46,3,43
111901116,19,0,19
111901117,13,23,-10
111901118,28,145,-117
111901119,368,30,338
111901121,88,98,-10
111901122,4,211,-207
111901123,135,144,-9
111901124,142,1,141
111901125,449,211,238
111901127,240,312,-72
111901128,2,31,-29
111901129,8,69,-61
111901130,7,69,-62
111901131,0,186,-186
111901132,83,41,42
111901133,13,1,12
111901134,45,1,44
111901135,13,13,0
111901138,163,21,142
111901139,14,8,6
111901140,4,37,-33
111901141,5,49,-44
111901142,0,50,-50
111901143,5,57,-52
111901144,39,36,3
111901145,85,201,-116
111901146,245,18,227
111901147,228,13,215
111901148,13,24,-11
111901149,15,1,14
111901150,16,0,16
111901151,0,0,0
111901152,2,17,-15
112000001,1355,466,889
112000002,449,1324,-875
112000003,1180,794,386
112000004,532,505,27
112000005,2854,2975,-121
112000006,1500,813,687
112000007,2576,1765,811
112000008,1684,2990,-1306
112000009,2018,1664,354
112000010,2262,2609,-347
112000011,1137,1013,124
112000012,2299,3379,-1080
112000013,2027,1940,87
112000014,1582,1824,-242
112000015,1907,2341,-434
112000016,2245,1030,1215
112000017,830,1845,-1015
112000024,1560,470,1090
112000026,1650,2213,-563
112000027,565,548,17
112000028,797,922,-125
112000029,390,492,-102
112000030,106,43,63
112000031,828,3291,-2463
112000032,163,23,140
112000033,1196,1667,-471
112000034,131,43,88
112000035,27,257,-230
112000036,354,796,-442
112000037,736,542,194
112000038,1088,695,393
112000039,106,47,59
112000040,42,148,-106
112000041,292,295,-3
112000042,627,245,382
112000050,959,939,20
112000051,841,1008,-167
112000054,980,856,124
112000057,257,281,-24
112000058,198,411,-213
112000059,256,472,-216
112000061,1787,1141,646
112000062,928,568,360
112000063,585,1497,-912
112000064,2305,3182,-877
112000065,1218,1465,-247
112000066,2833,1205,1628
112000067,565,505,60
112000068,2488,2363,125
112000069,446,1150,-704
112000070,1289,730,559
112000071,610,1469,-859
112000072,1917,645,1272
112000073,805,1247,-442
112000074,1031,713,318
112000075,1274,888,386
112000076,2440,1619,821
112000077,545,351,194
112000078,1570,457,1113
112000079,1011,805,206
112000080,633,472,161
112000081,932,1443,-511
112000082,1009,489,520
112000083,490,732,-242
112000084,1131,583,548
112000085,933,549,384
112000086,1509,787,722
112000087,461,402,59
112000088,623,256,367
112000089,195,192,3
112000090,234,163,71
112000091,512,662,-150
112000092,1652,799,853
112000093,1484,672,812
112000094,628,678,-50
112000095,704,618,86
112000096,480,484,-4
112000097,1083,508,575
112000098,586,509,77
112000099,654,1309,-655
112000100,1505,610,895
112000101,573,585,-12
112000102,1206,502,704
112000103,393,572,-179
112000105,597,967,-370
112000106,1776,400,1376
112000107,112,152,-40
112000108,351,883,-532
112000109,200,80,120
112000110,1597,516,1081
112000111,619,1687,-1068
112000112,2057,412,1645
112000113,511,1033,-522
112000114,1690,662,1028
112000115,304,348,-44
112000116,482,550,-68
112000117,1007,659,348
112000118,753,469,284
112000119,315,424,-109
112000120,63,225,-162
112000121,66,251,-185
112000122,241,136,105
112000123,682,157,525
112000124,357,59,298
112000125,253,180,73
112000126,253,266,-13
112000127,1384,1526,-142
112000128,342,497,-155
112000129,118,70,48
112000130,187,77,110
112000131,52,197,-145
112000132,153,172,-19
112000133,309,106,203
112000134,322,248,74
112000135,807,530,277
112000136,652,779,-127
112000137,1061,959,102
112000138,904,612,292
112000139,616,527,89
112000140,571,817,-246
112000141,793,302,491
112000142,128,356,-228
112000143,1021,199,822
112000144,236,637,-401
112000145,2178,402,1776
112000146,462,1050,-588
112000147,2325,1308,1017
112000148,1240,1311,-71
112000149,324,298,26
112000150,234,332,-98
112000151,269,216,53
112000152,324,239,85
112000153,148,162,-14
112000154,117,115,2
112000155,78,97,-19
112000157,380,338,42
112000158,298,244,54
112000159,441,214,227
112000167,350,97,253
112000169,171,265,-94
112000173,517,104,413
112000175,295,220,75
112000176,1403,1254,149
112000177,511,127,384
112000178,62,172,-110
112000179,218,63,155
112000180,270,263,7
112000181,1062,1194,-132
112000182,967,773,194
112000183,26,22,4
112000184,297,199,98
112000185,499,348,151
112000187,2710,1644,1066
112000195,100,10,90
112000196,139,1,138
112000197,90,68,22
112000198,26,208,-182
112000199,622,539,83
112000202,388,44,344
112000216,60,170,-110
112000230,67,2,65
112000231,0,120,-120
112000256,37,166,-129
112000313,38,98,-60
112000314,46,28,18
112000337,172,431,-259
112000352,196,320,-124
112000392,844,842,2
112000398,1162,569,593
112000399,1054,1856,-802
112000400,1163,1429,-266
112000401,1732,1033,699
112000402,2309,2611,-302
112000403,1052,2288,-1236
112000404,840,575,265
112000405,1713,2115,-402
112000406,1855,1190,665
112000407,5963,5758,205
112000408,5011,3281,1730
112000409,1143,2267,-1124
112000410,326,249,77
112000411,1940,1087,853
112000412,941,368,573
112000413,4592,4877,-285
112000414,89,79,10
112000415,66,36,30
112000416,2239,978,1261
112000417,223,51,172
112000421,62,54,8
112000422,280,221,59
112000424,1206,1787,-581
112000425,301,569,-268
112000426,136,229,-93
112000427,0,12,-12
112000428,220,188,32
112000429,1422,1251,171
112000430,1546,1704,-158
112000431,84,86,-2
112000432,529,659,-130
112000433,211,473,-262
112000437,56,112,-56
112900001,47,2,45
112900002,438,452,-14
112900003,48,194,-146
112900004,27,102,-75
112900005,182,114,68
112900007,15,75,-60
112900008,0,25,-25
112900009,239,81,158
112900010,331,489,-158
112900011,130,122,8
112900012,1,23,-22
112900013,0,73,-73
112900014,5,102,-97
112900015,232,470,-238
112900016,3,108,-105
112900017,12,128,-116
112900018,280,421,-141
112900019,15,86,-71
112900020,222,550,-328
112900021,3,74,-71
112900022,1,33,-32
112900023,3,85,-82
112900024,21,109,-88
112900025,56,122,-66
112900026,3,163,-160
112900027,5,679,-674
112900028,13,41,-28
112900029,13,333,-320
112900030,83,75,8
112900031,5,268,-263
112900032,139,178,-39
112900034,1,18,-17
112900035,4,238,-234
112900036,18,65,-47
112900037,90,192,-102
112900038,450,114,336
112900039,8,181,-173
112900040,3,175,-172
112900041,423,627,-204
112900042,27,160,-133
112900043,16,18,-2
112900044,315,292,23
112900045,166,181,-15
112900046,120,34,86
112900047,15,8,7
112900049,229,54,175
112900050,25,255,-230
112900051,144,241,-97
112900052,4,378,-374
112900053,139,55,84
112900054,91,44,47
112900055,62,16,46
112900056,220,150,70
112900057,19,283,-264
112900058,250,277,-27
112900059,96,71,25
112900060,8,68,-60
112900061,55,52,3
112900062,54,70,-16
112900063,76,15,61
112900064,97,89,8
112900065,21,25,-4
112900066,156,154,2
112900067,196,52,144
112900068,44,37,7
112900069,895,594,301
112900071,18,3,15
112900072,74,1534,-1460
112900073,280,93,187
112900074,61,274,-213
112900075,665,812,-147
112900076,46,18,28
112900078,234,371,-137
112900079,220,18,202
112900080,50,4,46
112900081,47,155,-108
112900082,423,35,388
112900083,86,92,-6
112900084,200,124,76
112900086,100,1,99
112900087,570,73,497
112900088,91,12,79
112900089,654,19,635
112900090,48,18,30
112900091,201,6,195
112900092,58,272,-214
112900093,918,19,899
112900095,37,1,36
112900096,413,108,305
112900097,72,195,-123
112900098,64,1,63
112900099,722,12,710
112900100,66,0,66
112900101,336,1,335
112900102,76,11,65
112900103,132,1,131
112900104,614,6,608
112900105,21,0,21
112900106,279,51,228
112900107,1,0,1
112900108,4,1,3
112900109,121,3,118
112900110,1142,20,1122
112900111,608,3,605
112900112,369,0,369
112900113,0,22,-22
112900114,156,20,136
112900115,1307,6,1301
112900116,124,7,117
112900117,67,45,22
112900118,9,48,-39
112900119,135,3,132
112900120,443,195,248
112900121,62,108,-46
112900122,9,32,-23
112900123,74,11,63
112900124,6,35,-29
112900125,20,229,-209
112900126,141,145,-4
112900127,281,56,225
112900128,143,407,-264
112900129,3,413,-410
112900130,193,52,141
112900131,13,157,-144
112900132,42,242,-200
112900133,45,654,-609
112900134,1,123,-122
112900135,61,45,16
112900137,54,342,-288
112900138,5,111,-106
112900139,114,681,-567
112900141,500,27,473
112900142,46,125,-79
112900143,15,261,-246
112900144,5,506,-501
112900145,23,225,-202
112900146,5,623,-618
112900147,3,893,-890
112900148,68,1,67
112900149,147,316,-169
112900151,25,46,-21
112900152,2444,431,2013
112900153,1070,1671,-601
112900154,0,80,-80
112900155,124,8,116
112900156,522,597,-75
112900157,178,11,167
112900158,46,4,42
112900159,147,81,66
112900160,38,170,-132
112900161,77,33,44
112900162,18,11,7
112900163,46,40,6
112900164,18,204,-186
112900165,59,10,49
112900166,9,52,-43
112900167,5,54,-49
112900168,1,3,-2
112900169,6,14,-8
112900170,92,47,45
112900172,29,16,13
112900173,136,44,92
112900174,220,63,157
112900175,86,124,-38
112900176,5,22,-17
112900177,222,35,187
112900178,572,2339,-1767
112900179,22,238,-216
112900180,1313,729,584
112900181,485,5,480
112900182,38,432,-394
112900183,72,198,-126
112900184,305,218,87
112900185,136,381,-245
112900186,648,609,39
112900187,56,359,-303
112900188,389,516,-127
112900189,6,8,-2
112900190,7,31,-24
112900192,410,463,-53
112900193,796,246,550
112900194,74,34,40
112900195,586,20,566
112900196,159,198,-39
112900197,99,233,-134
112900199,425,172,253
112900200,390,134,256
112900201,105,60,45
112900202,274,524,-250
112900203,204,168,36
112900204,606,413,193
112900205,9,8,1
112900206,31,52,-21
112900207,9,0,9
112900208,61,298,-237
112900209,357,244,113
112900210,0,15,-15
112900211,45,5,40
112900212,2,74,-72
112900213,53,4,49
112900214,15,16,-1
112900215,12,86,-74
112900216,27,53,-26
112900217,1,61,-60
112900218,55,1,54
112900219,65,7,58
112900220,0,0,0
112900221,10,60,-50
112900222,0,14,-14
112900223,701,10,691
112900224,268,252,16
112900225,410,186,224
112900226,102,177,-75
112900227,323,359,-36
112900228,42,14,28
112900229,204,30,174
112900230,3968,2535,1433
112900232,143,174,-31
112900233,54,127,-73
112900234,13,26,-13
112900235,41,13,28
112900236,253,4,249
112900237,203,194,9
112900238,11,13,-2
112900239,443,386,57
112900240,3,31,-28
112900241,4,48,-44
112900242,7,46,-39
112900243,4,92,-88
112900244,5,33,-28
112900245,0,22,-22
112900246,1,6,-5
112900247,85,17,68
112900248,5,0,5
112900249,24,5,19
112900250,56,14,42
112900251,47,10,37
112900252,52,11,41
112900253,17,6,11
112900254,10,6,4
112900255,4,9,-5
112900256,6,34,-28
112900257,7,15,-8
112900258,37,11,26
113000001,3871,2976,895
113000002,2586,2332,254
113000003,1291,951,340
113000004,1093,1436,-343
113000005,1126,544,582
113000006,729,792,-63
113000007,1180,659,521
113000008,1082,966,116
113000009,796,472,324
113000010,883,685,198
113000011,567,824,-257
113000012,1126,418,708
113000013,795,474,321
113000014,910,943,-33
113000015,220,127,93
113000016,261,512,-251
113000017,33,290,-257
113000018,287,25,262
113000019,75,317,-242
113000020,355,114,241
113000021,753,363,390
113000022,531,803,-272
113000025,107,246,-139
113000026,361,335,26
113000027,382,530,-148
113000028,401,381,20
113000029,583,534,49
113000030,229,309,-80
113000031,190,190,0
113000032,165,218,-53
113000033,208,312,-104
113000034,169,197,-28
113000035,22,34,-12
113000036,12,52,-40
113000037,33,25,8
113000038,6,32,-26
113000039,60,242,-182
113000040,56,95,-39
113000042,480,389,91
113000051,657,1568,-911
113000052,1618,507,1111
113000053,330,247,83
113000054,311,487,-176
113000055,1065,378,687
113000056,892,670,222
113000058,528,572,-44
113000059,858,383,475
113000060,189,372,-183
113000061,389,569,-180
113000062,430,229,201
113000063,189,66,123
113000064,64,149,-85
113000065,145,527,-382
113000066,589,72,517
113000067,1839,782,1057
113000068,364,733,-369
113000069,478,659,-181
113000070,1987,836,1151
113000071,313,373,-60
113000072,713,295,418
113000073,239,840,-601
113000074,696,260,436
113000075,1205,544,661
113000076,479,1647,-1168
113000077,761,478,283
113000078,429,1338,-909
113000079,359,605,-246
113000080,534,561,-27
113000081,526,562,-36
113000082,653,506,147
113000083,469,710,-241
113000084,1053,865,188
113000085,754,620,134
113000086,811,836,-25
113000087,800,718,82
113000088,1389,871,518
113000089,703,1128,-425
113000090,144,472,-328
113000091,320,310,10
113000094,911,171,740
113000095,181,622,-441
113000096,97,482,-385
113000097,918,250,668
113000098,74,31,43
113000099,684,279,405
113000100,101,253,-152
113000101,235,400,-165
113000102,459,422,37
113000103,1320,270,1050
113000104,385,1566,-1181
113000105,689,249,440
113000106,251,258,-7
113000107,729,583,146
113000108,505,628,-123
113000109,463,931,-468
113000110,1328,305,1023
113000111,180,415,-235
113000112,271,245,26
113000113,847,250,597
113000114,262,825,-563
113000116,361,192,169
113000117,596,85,511
113000118,74,305,-231
113000119,232,215,17
113000120,44,165,-121
113000121,311,579,-268
113000124,187,91,96
113000125,50,635,-585
113000127,1445,237,1208
113000128,497,219,278
113000129,286,497,-211
113000133,1565,849,716
113000134,1,775,-774
113000135,3143,3448,-305
113000137,1020,2389,-1369
113000139,227,171,56
113000140,52,101,-49
113000141,115,150,-35
113000142,249,553,-304
113000143,198,169,29
113000144,205,438,-233
113000145,54,74,-20
113000146,99,63,36
113000147,100,48,52
113000148,150,82,68
113000149,93,69,24
113000150,300,208,92
113000151,40,43,-3
113000152,31,71,-40
113000153,800,321,479
113000154,463,1021,-558
113000155,250,442,-192
113000156,111,260,-149
113000157,211,502,-291
113000158,474,190,284
113000159,726,470,256
113000160,529,611,-82
113000161,243,255,-12
113000162,575,216,359
113000163,89,30,59
113000164,27,55,-28
113000166,177,78,99
113000167,49,47,2
113000168,77,67,10
113000169,170,65,105
113000170,112,88,24
113000171,36,73,-37
113000172,220,46,174
113000173,60,32,28
113000174,100,251,-151
113000175,280,79,201
113000176,381,106,275
113000177,167,291,-124
113000178,155,169,-14
113000179,205,143,62
113000180,411,847,-436
113000181,883,611,272
113000182,124,194,-70
113000183,94,426,-332
113000184,18,62,-44
113000189,327,570,-243
113000190,415,295,120
113000192,747,2113,-1366
113000193,1567,1960,-393
113000194,690,1019,-329
113000195,1035,999,36
113000196,150,63,87
113000197,742,937,-195
113000198,87,216,-129
113000199,848,203,645
113000201,164,255,-91
113000202,2951,554,2397
113000203,194,148,46
113000204,553,1913,-1360
113000205,6,12,-6
113000206,5,20,-15
113000207,45,9,36
113000208,31,29,2
113000209,8,20,-12
113000210,7,20,-13
113000211,132,234,-102
113000212,71,31,40
113000213,21,68,-47
113000214,154,193,-39
113000234,153,517,-364
113000410,90,126,-36
113000411,1452,2460,-1008
113000412,3573,1648,1925
113000413,1240,1975,-735
113000414,3233,8877,-5644
113000415,1388,1542,-154
113000416,4080,2358,1722
113000417,1342,1451,-109
113000418,3247,2468,779
113000419,1060,1203,-143
113000420,2624,4124,-1500
113000421,2755,4724,-1969
113000422,6976,7086,-110
113000423,1104,3611,-2507
113000424,1641,6834,-5193
113000425,1,56,-55
113000428,37,9,28
113000430,4,17,-13
113000432,1768,190,1578
113000433,69,474,-405
113000434,13,85,-72
113000435,27,253,-226
113000436,23,562,-539
113000437,842,32,810
113000438,275,11,264
113000439,12,61,-49
113000440,85,28,57
113000441,186,155,31
113000442,104,108,-4
113000443,255,107,148
113000444,175,96,79
113000445,139,56,83
113000446,21,81,-60
113000448,177,136,41
113000449,143,540,-397
113000450,347,1319,-972
113000451,990,145,845
113000452,140,344,-204
113000453,60,270,-210
113000454,280,96,184
113000455,31,258,-227
113000456,2132,1679,453
113000468,966,69,897
113000469,40,60,-20
113000470,273,18,255
113000471,15,267,-252
113000472,77,193,-116
113000474,576,389,187
113000475,1082,984,98
113000476,1132,1385,-253
113000477,2725,1514,1211
113000478,2616,3024,-408
113000479,62,111,-49
113000485,0,0,0
113000486,1,0,1
113000487,0,0,0
113000489,0,2,-2
113000490,0,0,0
113000491,1,3,-2
113000492,0,1,-1
113000493,0,0,0
113000495,126,74,52
113000496,99,68,31
113900001,1,193,-192
113900002,1,37,-36
113900003,1,25,-24
113900004,2,37,-35
113900005,1,25,-24
113900006,1,12,-11
113900007,7,0,7
113900008,6,4,2
113900009,20,1,19
113900010,19,4,15
113900011,28,0,28
113900012,16,0,16
113900013,61,2,59
113900014,383,1,382
113900015,0,27,-27
113900016,11,0,11
113900017,5,25,-20
113900018,232,147,85
113900019,106,39,67
113900020,124,2,122
113900022,17,1,16
113900023,32,0,32
113900024,41,20,21
113900025,131,7,124
113900026,22,0,22
113900027,17,37,-20
113900028,30,312,-282
113900029,71,143,-72
113900030,250,0,250
113900031,6,0,6
113900032,30,0,30
113900033,71,36,35
113900035,27,0,27
113900036,19,25,-6
113900037,123,466,-343
113900038,43,91,-48
113900039,105,8,97
113900040,6,8,-2
113900041,10,2,8
113900042,39,32,7
113900043,125,57,68
113900044,166,212,-46
113900045,20,0,20
113900046,143,409,-266
113900047,44,99,-55
113900048,124,65,59
113900049,381,236,145
113900050,138,206,-68
113900051,177,216,-39
113900052,87,99,-12
113900053,339,307,32
113900054,10,0,10
113900055,42,265,-223
113900056,50,91,-41
113900057,8,36,-28
113900058,58,61,-3
113900059,184,174,10
113900060,86,99,-13
113900061,412,116,296
113900062,73,2,71
113900063,52,83,-31
113900064,14,70,-56
113900065,311,16,295
113900066,337,164,173
113900067,105,119,-14
113900068,349,340,9
113900069,6,15,-9
113900070,116,291,-175
113900071,38,55,-17
113900072,40,87,-47
113900073,221,196,25
113900074,97,144,-47
113900075,839,983,-144
113900076,69,11,58
113900077,25,114,-89
113900078,10,44,-34
113900079,1,22,-21
113900080,289,115,174
113900081,23,91,-68
113900082,77,129,-52
113900083,257,184,73
113900084,133,66,67
113900085,35,184,-149
113900086,26,13,13
113900087,60,91,-31
113900088,46,123,-77
113900089,244,31,213
113900090,379,207,172
113900091,8,7,1
113900092,21,68,-47
113900093,44,537,-493
113900094,356,183,173
113900095,114,58,56
113900096,197,38,159
113900097,38,47,-9
113900098,475,46,429
113900099,1,24,-23
113900100,0,3,-3
113900101,10,45,-35
113900102,61,122,-61
113900103,188,210,-22
113900104,88,130,-42
113900105,105,101,4
113900106,0,26,-26
113900107,0,7,-7
113900108,129,177,-48
113900109,194,180,14
113900110,23,12,11
113900111,94,57,37
113900112,94,40,54
113900113,586,319,267
113900114,0,33,-33
113900115,1,44,-43
113900116,80,85,-5
113900117,45,21,24
113900118,139,278,-139
113900119,119,262,-143
113900120,59,18,41
113900121,29,48,-19
113900122,213,1519,-1306
113900123,291,117,174
113900124,0,20,-20
113900125,503,86,417
113900126,57,16,41
113900127,176,426,-250
113900128,112,56,56
113900129,7,115,-108
113900130,1,61,-60
113900131,133,45,88
113900132,45,49,-4
113900133,28,59,-31
113900135,243,169,74
113900136,79,28,51
113900137,203,159,44
113900138,16,62,-46
113900139,151,140,11
113900140,105,199,-94
113900141,413,138,275
113900142,109,47,62
113900143,9,30,-21
113900144,86,173,-87
113900145,285,102,183
113900146,126,23,103
113900148,97,190,-93
113900149,88,57,31
113900150,228,238,-10
113900151,307,134,173
113900152,12,35,-23
113900153,96,272,-176
113900154,2,81,-79
113900155,113,165,-52
113900156,133,265,-132
113900157,22,171,-149
113900158,145,222,-77
113900159,9,166,-157
113900160,374,305,69
113900161,35,141,-106
113900162,183,425,-242
113900163,142,168,-26
113900164,268,50,218
113900165,436,201,235
113900166,104,116,-12
113900167,241,18,223
113900168,83,76,7
113900169,172,220,-48
113900171,148,66,82
113900172,4,83,-79
113900173,10,315,-305
113900174,320,342,-22
113900175,258,88,170
113900176,218,276,-58
113900177,348,106,242
113900178,153,107,46
113900179,27,221,-194
113900180,111,48,63
113900181,386,87,299
113900182,458,555,-97
113900183,32,57,-25
113900184,2,161,-159
113900185,107,60,47
113900186,31,26,5
113900187,24,108,-84
113900188,18,78,-60
113900189,171,127,44
113900190,140,59,81
113900191,36,99,-63
113900192,862,1186,-324
113900193,13,133,-120
113900194,884,651,233
113900195,159,207,-48
113900196,1,79,-78
113900197,0,91,-91
113900198,29,151,-122
113900199,83,439,-356
113900200,9,112,-103
113900201,0,98,-98
113900202,11,110,-99
113900203,11,53,-42
113900204,30,339,-309
113900205,3,58,-55
113900206,5,78,-73
113900207,0,16,-16
113900208,0,14,-14
113900209,0,32,-32
113900210,428,418,10
113900211,118,23,95
113900212,164,251,-87
113900214,200,346,-146
113900215,23,66,-43
113900216,92,415,-323
113900217,54,142,-88
113900218,114,94,20
113900219,46,229,-183
113900220,66,92,-26
113900221,235,184,51
113900222,757,545,212
113900223,155,521,-366
113900224,52,45,7
113900225,265,133,132
113900226,192,80,112
113900227,249,125,124
113900228,166,271,-105
113900229,44,488,-444
113900230,1828,2043,-215
113900231,125,85,40
113900232,58,46,12
113900233,66,32,34
113900234,192,254,-62
113900235,48,19,29
113900236,177,178,-1
113900237,115,5,110
113900238,153,276,-123
113900239,36,85,-49
113900240,0,92,-92
113900241,92,30,62
113900242,38,67,-29
113900243,56,257,-201
113900244,182,115,67
113900245,799,199,600
113900246,7,18,-11
113900247,101,332,-231
113900248,1406,1134,272
113900249,477,306,171
113900250,37,154,-117
113900251,596,126,470
113900252,381,14,367
113900253,461,33,428
113900254,480,63,417
113900255,311,11,300
113900256,273,27,246
113900257,18,301,-283
113900258,13,242,-229
113900259,421,101,320
113900260,143,3,140
113900261,11,57,-46
113900262,108,303,-195
113900263,81,422,-341
113900264,0,242,-242
113900265,64,190,-126
113900266,32,100,-68
113900267,101,293,-192
113900268,185,256,-71
113900269,62,76,-14
113900270,192,380,-188
113900271,452,521,-69
113900273,24,5,19
113900274,37,30,7
113900275,12,55,-43
113900276,2,73,-71
113900277,124,2,122
113900278,142,124,18
113900279,37,52,-15
113900280,1113,331,782
113900281,321,768,-447
113900282,363,372,-9
113900283,313,405,-92
113900284,554,138,416
113900285,83,32,51
113900286,21,55,-34
113900287,58,12,46
113900288,2,45,-43
113900289,459,57,402
113900290,158,187,-29
113900291,77,93,-16
113900292,6,0,6
113900293,3,157,-154
113900294,399,16,383
113900295,228,419,-191
113900296,586,155,431
113900297,1436,12,1424
113900298,5,1175,-1170
113900299,87,80,7
113900300,1684,1369,315
113900301,532,257,275
113900302,1696,609,1087
113900303,303,315,-12
113900304,1,64,-63
113900305,67,0,67
113900306,33,0,33
113900307,19,1,18
113900308,39,47,-8
113900309,2,386,-384
113900310,0,3,-3
113900311,3,0,3
113900312,121,163,-42
113900313,6,4,2
113900314,0,5,-5
113900315,29,2,27
114000001,793,1505,-712
114000002,241,214,27
114000003,198,587,-389
114000004,326,257,69
114000005,241,125,116
114000006,1707,1539,168
114000007,461,732,-271
114000008,1004,1220,-216
114000009,693,208,485
114000011,2198,1486,712
114000012,2121,1015,1106
114000013,1446,889,557
114000014,535,311,224
114000015,1570,247,1323
114000016,154,172,-18
114000017,55,309,-254
114000018,141,26,115
114000026,1710,771,939
114000027,2553,1371,1182
114000028,1753,2083,-330
114000038,210,148,62
114000039,169,171,-2
114000040,119,154,-35
114000042,187,102,85
114000043,341,241,100
114000044,308,116,192
114000045,71,35,36
114000046,2121,3278,-1157
114000047,3,50,-47
114000048,105,107,-2
114000049,1085,1167,-82
114000050,1170,1655,-485
114000051,2157,1520,637
114000052,2871,1406,1465
114000053,66,564,-498
114000054,164,611,-447
114000055,139,47,92
114000056,406,685,-279
114000057,2930,1238,1692
114000058,242,1133,-891
114000059,154,276,-122
114000060,417,646,-229
114000061,1967,2174,-207
114000062,1136,1100,36
114000063,1562,1033,529
114000064,3083,2824,259
114000065,1064,1426,-362
114000066,289,455,-166
114000067,24,484,-460
114000068,317,522,-205
114000069,554,374,180
114000070,1699,1322,377
114000071,507,272,235
114000072,313,151,162
114000073,13,40,-27
114000074,33,14,19
114000075,53,60,-7
114000076,18,82,-64
114000077,5,20,-15
114000078,232,308,-76
114000079,109,14,95
114000080,44,44,0
114000081,59,52,7
114000082,37,250,-213
114000083,50,127,-77
114000084,247,75,172
114000085,65,390,-325
114000086,179,243,-64
114000087,126,79,47
114000088,32,22,10
114000089,384,240,144
114000090,588,647,-59
114000091,841,669,172
114000092,674,439,235
114000093,968,548,420
114000094,339,285,54
114000095,175,131,44
114000096,76,174,-98
114000097,106,362,-256
114000098,462,71,391
114000099,582,318,264
114000100,1300,364,936
114000101,457,392,65
114000102,525,240,285
114000103,92,238,-146
114000104,12,110,-98
114000105,84,59,25
114000106,527,864,-337
114000107,331,71,260
114000108,1256,778,478
114000109,621,1292,-671
114000110,418,801,-383
114000111,1360,594,766
114000112,474,1473,-999
114000113,1551,373,1178
114000114,958,896,62
114000115,2067,828,1239
114000116,653,1535,-882
114000117,2620,346,2274
114000118,2061,309,1752
114000119,1460,356,1104
114000120,460,492,-32
114000121,322,587,-265
114000122,285,205,80
114000123,1881,315,1566
114000124,763,177,586
114000125,617,777,-160
114000126,1234,198,1036
114000127,188,112,76
114000128,674,191,483
114000130,358,352,6
114000131,226,69,157
114000132,467,332,135
114000133,538,843,-305
114000134,44,73,-29
114000138,38,143,-105
114000139,310,270,40
114000144,598,364,234
114000145,68,107,-39
114000146,77,118,-41
114000147,1067,1622,-555
114000148,1282,1255,27
114000149,320,204,116
114000150,987,1006,-19
114000151,1060,1862,-802
114000152,76,31,45
114000153,750,2259,-1509
114000154,558,654,-96
114000155,906,1707,-801
114000156,530,502,28
114000157,205,786,-581
114000158,876,528,348
114000159,168,271,-103
114000160,73,216,-143
114000161,915,2127,-1212
114000162,947,2125,-1178
114000163,23,60,-37
114000165,412,281,131
114000166,397,242,155
114000167,2002,1039,963
114000168,475,380,95
114000169,995,1010,-15
114000170,878,771,107
114000171,894,3276,-2382
114000174,128,279,-151
114000176,274,299,-25
114000177,1130,463,667
114000178,35,35,0
114000179,945,566,379
114000180,262,460,-198
114000181,1164,2659,-1495
114000182,1326,1550,-224
114000183,548,541,7
114000184,1836,556,1280
114000185,824,587,237
114000189,956,86,870
114000190,2277,310,1967
114000191,59,66,-7
114000192,90,731,-641
114000193,432,1359,-927
114000194,1268,550,718
114000195,115,41,74
114000196,3,114,-111
114000197,1145,36,1109
114000198,568,262,306
114000199,1269,1208,61
114000200,380,881,-501
114000201,112,483,-371
114000202,567,339,228
114000203,496,522,-26
114000204,111,264,-153
114000205,132,874,-742
114000206,457,836,-379
114000207,408,906,-498
114000208,325,1248,-923
114000209,423,1215,-792
114000210,189,669,-480
114000211,846,1043,-197
114000212,566,540,26
114000213,1058,399,659
114000214,77,86,-9
114000215,162,60,102
114000216,1097,299,798
114000217,326,174,152
114000218,144,126,18
114000219,1040,122,918
114000220,18,629,-611
114000221,672,92,580
114000222,82,568,-486
114000223,452,127,325
114000224,46,319,-273
114000225,229,383,-154
114000226,160,151,9
114000227,663,381,282
114000228,695,463,232
114000229,980,672,308
114000230,1184,653,531
114000231,601,896,-295
114000232,601,119,482
114000233,1597,115,1482
114000234,839,617,222
114000235,744,791,-47
114000236,0,224,-224
114000237,103,532,-429
114000238,81,190,-109
114000239,148,660,-512
114000240,574,634,-60
114000241,173,527,-354
114000242,548,527,21
114000243,1159,676,483
114000244,432,209,223
114000245,325,659,-334
114000246,85,36,49
114000247,556,433,123
114000248,804,336,468
114000249,393,362,31
114000250,438,405,33
114000251,317,140,177
114000252,80,30,50
114000253,38,60,-22
114000254,57,36,21
114000255,381,109,272
114000256,707,1464,-757
114000257,399,815,-416
114000258,229,213,16
114000259,83,176,-93
114000260,0,38,-38
114000261,42,27,15
114000262,166,80,86
114000263,11,0,11
114000264,870,261,609
114000265,0,3,-3
114000267,8,1234,-1226
114000268,1,700,-699
114000270,109,1,108
114000271,256,34,222
114000283,964,259,705
114000285,10,117,-107
114000288,111,207,-96
114000289,1198,150,1048
114000293,185,280,-95
114000294,153,154,-1
114000395,1203,89,1114
114000396,526,391,135
114000402,401,159,242
114000403,224,164,60
114000405,140,212,-72
114000423,270,162,108
114000424,313,54,259
114000425,723,135,588
114000426,219,637,-418
114000427,55,51,4
114000428,159,155,4
114000429,7,107,-100
114000432,123,72,51
114000434,34,53,-19
114000435,0,101,-101
114900001,502,459,43
114900002,293,73,220
114900003,601,646,-45
114900004,235,305,-70
114900005,491,377,114
114900006,50,38,12
114900007,181,11,170
114900008,124,98,26
114900010,1250,1572,-322
114900011,143,90,53
114900013,207,86,121
114900018,582,21,561
114900020,174,78,96
114900022,0,408,-408
114900025,313,125,188
114900026,81,104,-23
114900029,133,15,118
114900030,306,129,177
114900031,360,28,332
114900032,313,16,297
114900034,56,130,-74
114900035,80,183,-103
114900036,138,367,-229
114900039,415,296,119
114900040,65,93,-28
114900041,622,228,394
114900042,724,367,357
114900044,104,27,77
114900047,172,1643,-1471
114900048,89,174,-85
114900049,16,126,-110
114900050,37,209,-172
114900051,30,203,-173
114900052,21,165,-144
114900053,43,222,-179
114900054,32,75,-43
114900057,154,14,140
114900058,0,30,-30
114900059,51,56,-5
114900063,51,111,-60
114900064,1382,237,1145
114900065,430,436,-6
114900067,27,276,-249
114900068,44,160,-116
114900069,113,59,54
114900070,480,224,256
114900072,3,176,-173
114900073,0,87,-87
114900074,459,340,119
114900075,196,3,193
114900076,2,145,-143
114900080,1056,209,847
114900082,2255,2057,198
114900083,628,669,-41
114900090,242,150,92
114900091,70,93,-23
114900097,160,2,158
114900098,3,119,-116
114900099,193,2,191
115000001,3407,2035,1372
115000002,2972,3393,-421
115000003,3356,1601,1755
115000004,3243,4435,-1192
115000005,1357,1270,87
115000006,880,1112,-232
115000007,196,199,-3
115000008,287,385,-98
115000009,168,157,11
115000010,286,155,131
115000013,60,173,-113
115000015,70,272,-202
115000016,31,168,-137
115000019,51,342,-291
115000020,95,503,-408
115000021,210,365,-155
115000022,402,266,136
115000023,236,398,-162
115000024,653,270,383
115000025,702,518,184
115000026,99,302,-203
115000027,231,174,57
115000028,117,575,-458
115000029,556,72,484
115000030,542,762,-220
115000031,988,141,847
115000032,5,197,-192
115000033,164,31,133
115000034,35,651,-616
115000035,793,63,730
115000036,1,191,-190
115000037,420,4,416
115000038,44,125,-81
115000039,2245,2299,-54
115000040,3023,1688,1335
115000041,977,2566,-1589
115000042,468,368,100
115000043,3097,1705,1392
115000044,2899,2318,581
115000045,1795,1012,783
115000046,1993,1644,349
115000047,2045,1062,983
115000048,1493,1289,204
115000049,1234,1991,-757
115000050,2442,1193,1249
115000051,1221,2150,-929
115000052,1489,1056,433
115000053,1496,1267,229
115000054,416,729,-313
115000055,217,1001,-784
115000056,262,433,-171
115000057,459,1481,-1022
115000058,338,349,-11
115000059,144,157,-13
115000061,87,125,-38
115000062,120,198,-78
115000063,260,158,102
115000064,199,53,146
115000065,71,343,-272
115000067,156,9,147
115000069,68,249,-181
115000070,9,513,-504
115000071,79,7,72
115000072,6,50,-44
115000073,975,51,924
115000075,69,44,25
115000076,2090,1420,670
115000077,1369,1127,242
115000078,1117,792,325
115000079,1037,979,58
115000080,1894,1351,543
115000081,335,412,-77
115000082,3131,2494,637
115000083,1462,1095,367
115000084,1916,801,1115
115000085,559,515,44
115000086,982,459,523
115000087,375,903,-528
115000088,1367,534,833
115000089,1195,911,284
115000090,387,620,-233
115000091,198,506,-308
115000092,527,342,185
115000093,425,5,420
115000094,4012,4243,-231
115000095,2861,4375,-1514
115000096,743,770,-27
115000097,886,659,227
115000098,853,446,407
115000099,1882,1501,381
115000100,993,237,756
115000101,332,830,-498
115000102,403,190,213
115000103,225,423,-198
115000105,55,72,-17
115000106,538,258,280
115000107,174,307,-133
115000108,1903,1632,271
115000109,2623,3127,-504
115000110,1042,1076,-34
115000111,440,966,-526
115000112,429,475,-46
115000113,415,480,-65
115000114,1108,394,714
115000116,2481,1618,863
115000117,2259,1984,275
115000118,1370,1225,145
115000119,1169,1410,-241
115000120,404,978,-574
115000121,810,528,282
115000122,1493,1109,384
115000123,767,1391,-624
115000124,557,658,-101
115000125,293,461,-168
115000126,75,194,-119
115000127,219,83,136
115000128,345,552,-207
115000129,168,278,-110
115000130,298,483,-185
115000131,670,182,488
115000132,200,266,-66
115000133,447,234,213
115000134,218,118,100
115000135,164,137,27
115000136,185,215,-30
115000137,74,94,-20
115000138,368,223,145
115000139,222,121,101
115000140,336,184,152
115000141,171,122,49
115000142,190,149,41
115000143,683,487,196
115000144,436,47,389
115000145,218,179,39
115000146,325,262,63
115000147,273,247,26
115000148,233,465,-232
115000149,504,166,338
115000150,482,427,55
115000151,903,336,567
115000152,539,478,61
115000153,834,348,486
115000154,651,221,430
115000155,462,544,-82
115000156,672,418,254
115000157,380,465,-85
115000158,330,302,28
115000159,444,429,15
115000160,263,249,14
115000161,64,292,-228
115000162,460,535,-75
115000163,380,546,-166
115000164,593,454,139
115000165,238,321,-83
115000167,118,53,65
115000168,323,205,118
115000169,322,253,69
115000170,81,132,-51
115000171,232,208,24
115000172,594,404,190
115000173,196,404,-208
115000174,45,230,-185
115000175,145,54,91
115000176,62,50,12
115000177,60,39,21
115000178,4,104,-100
115000179,15,34,-19
115000180,74,304,-230
115000181,477,80,397
115000182,787,176,611
115000183,307,498,-191
115000186,536,179,357
115000187,123,378,-255
115000188,313,318,-5
115000189,133,291,-158
115000190,446,280,166
115000191,104,361,-257
115000194,94,138,-44
115000195,189,184,5
115000196,170,55,115
115000197,193,131,62
115000198,265,100,165
115000199,308,86,222
115000200,248,57,191
115000201,178,210,-32
115000206,251,34,217
115000207,106,171,-65
115000208,199,323,-124
115000209,524,226,298
115000210,84,102,-18
115000211,115,146,-31
115000212,785,254,531
115000224,320,46,274
115000225,29,59,-30
115000229,147,90,57
115000230,74,182,-108
115000231,220,883,-663
115000232,1460,201,1259
115000233,105,96,9
115000234,29,246,-217
115000241,76,114,-38
115000242,56,161,-105
115000243,56,94,-38
115000244,10,108,-98
115000246,56,21,35
115000247,17,18,-1
115000248,35,15,20
115000249,16,15,1
115000250,239,19,220
115000251,200,59,141
115000252,50,90,-40
115000253,20,315,-295
115000258,213,83,130
115000259,207,100,107
115000261,21,19,2
115000262,9,22,-13
115000263,21,42,-21
115000264,19,37,-18
115000267,60,35,25
115000268,33,88,-55
115000269,110,49,61
115000270,2,4,-2
115000272,57,109,-52
115000273,300,35,265
115000280,1258,397,861
115000281,301,820,-519
115000282,314,316,-2
115000284,175,112,63
115000296,925,9,916
115000297,103,182,-79
115000298,36,386,-350
115000300,148,119,29
115000302,555,70,485
115000303,588,76,512
115000304,529,41,488
115000305,123,340,-217
115000306,144,189,-45
115000307,144,131,13
115000308,11,17,-6
115000310,813,420,393
115000311,850,732,118
115000313,113,299,-186
115000314,283,112,171
115000315,602,471,131
115000316,74,74,0
115000317,134,246,-112
115000318,663,193,470
115000319,42,185,-143
115000320,12,230,-218
115000321,167,5,162
115000322,30,134,-104
115000449,149,163,-14
115000557,38,1015,-977
115000558,319,108,211
115000587,491,225,266
115000588,1516,1588,-72
115000589,2646,1607,1039
115000590,777,1016,-239
115000591,1071,516,555
115000592,416,1311,-895
115000593,1049,506,543
115000594,502,1888,-1386
115000609,141,108,33
115000617,772,2104,-1332
115000624,177,47,130
115000633,307,1325,-1018
115000634,2022,580,1442
115000635,539,130,409
115000638,437,413,24
115000641,47,105,-58
115000642,292,230,62
115000643,95,320,-225
115000644,97,255,-158
115000646,667,1055,-388
115000647,140,292,-152
115000648,1634,1034,600
115000893,2029,1082,947
115000894,107,635,-528
115000895,308,840,-532
115000896,919,304,615
115000897,307,101,206
115000898,284,149,135
115000899,291,732,-441
115000900,58,270,-212
115000901,30,71,-41
115000912,327,55,272
115000913,1,17,-16
115000915,7,2,5
115000916,4,0,4
115000917,0,12,-12
115000918,24,258,-234
115000919,1,6,-5
115000920,19,30,-11
115000921,328,58,270
115000922,654,567,87
115000923,284,1127,-843
115000925,57,68,-11
115000927,36,47,-11
115000933,159,275,-116
115000934,105,125,-20
115000935,128,51,77
115000936,25,521,-496
115000937,631,129,502
115000938,105,216,-111
115000939,148,182,-34
115000940,8,20,-12
115000941,6,14,-8
115000942,21,97,-76
115000943,18,20,-2
115000944,2,6,-4
115900001,133,24,109
115900002,54,50,4
115900003,120,56,64
115900004,0,23,-23
115900005,177,7,170
115900006,91,141,-50
115900008,52,9,43
115900009,75,119,-44
115900010,259,98,161
115900011,269,122,147
115900012,119,38,81
115900013,225,101,124
115900014,88,67,21
115900015,171,46,125
115900016,68,20,48
115900017,7,4,3
115900018,134,32,102
115900019,68,6,62
115900020,69,1,68
115900021,517,161,356
115900022,720,10,710
115900023,18,0,18
115900025,22,126,-104
115900026,461,122,339
115900027,1,171,-170
115900028,436,37,399
115900029,6,166,-160
115900030,10,27,-17
115900031,176,148,28
115900032,367,319,48
115900033,1,28,-27
115900034,8,178,-170
115900035,33,15,18
115900036,40,623,-583
115900037,15,118,-103
115900038,41,7,34
115900039,93,99,-6
115900041,271,483,-212
115900042,34,3,31
115900043,83,27,56
115900044,134,192,-58
115900046,232,111,121
115900047,121,110,11
115900049,137,132,5
115900051,4,31,-27
115900052,10,108,-98
115900053,212,113,99
115900054,224,24,200
115900055,16,61,-45
115900056,141,131,10
115900057,17,6,11
115900058,11,11,0
115900060,45,55,-10
115900061,233,0,233
115900062,29,158,-129
115900063,43,6,37
115900064,155,153,2
115900065,151,47,104
115900066,91,48,43
115900067,13,400,-387
115900068,1818,748,1070
115900069,24,101,-77
115900070,145,59,86
115900071,1,220,-219
115900072,18,101,-83
115900073,60,52,8
115900074,1,172,-171
115900075,21,132,-111
115900076,1,41,-40
115900077,4,122,-118
115900078,31,103,-72
115900079,198,11,187
115900080,189,98,91
115900081,10,28,-18
115900082,113,98,15
115900084,393,11,382
115900085,55,55,0
115900086,977,316,661
115900088,6,35,-29
115900089,218,384,-166
115900090,289,5,284
115900091,1,15,-14
115900092,22,86,-64
115900093,8,12,-4
115900094,7,128,-121
115900096,2,8,-6
115900097,4,176,-172
115900098,173,208,-35
115900099,44,76,-32
115900100,18,232,-214
115900101,149,130,19
115900102,89,45,44
115900103,246,101,145
115900104,39,46,-7
115900105,208,276,-68
115900106,57,14,43
115900107,36,65,-29
115900108,88,20,68
115900109,30,211,-181
115900110,4,6,-2
115900111,0,47,-47
115900112,28,476,-448
115900113,33,9,24
115900114,3,68,-65
115900115,46,116,-70
115900116,50,484,-434
115900117,46,11,35
115900118,1,148,-147
115900119,104,79,25
115900120,15,153,-138
115900121,155,92,63
115900124,208,441,-233
115900125,305,37,268
115900126,574,56,518
115900127,523,35,488
115900128,6,63,-57
115900129,451,42,409
115900130,23,149,-126
115900131,309,15,294
115900132,453,13,440
115900134,302,7,295
115900135,256,657,-401
115900137,29,4,25
115900139,26,53,-27
115900140,200,16,184
115900141,2,52,-50
115900142,6,18,-12
115900143,133,191,-58
115900144,99,99,0
115900146,7,55,-48
115900147,141,177,-36
115900148,58,5,53
115900149,85,14,71
115900150,85,25,60
115900151,5,61,-56
115900152,104,141,-37
115900153,118,118,0
115900154,217,231,-14
115900155,0,16,-16
115900156,440,535,-95
115900157,156,319,-163
115900158,5,4,1
115900159,121,150,-29
115900160,2,10,-8
115900161,29,71,-42
115900163,139,65,74
115900164,453,3,450
115900166,119,67,52
115900168,99,64,35
115900171,56,256,-200
115900172,45,88,-43
115900173,163,83,80
115900174,173,137,36
115900175,76,139,-63
115900178,1,362,-361
115900179,200,5,195
115900180,34,80,-46
115900181,126,77,49
115900182,296,86,210
115900183,12,25,-13
115900184,832,9,823
115900187,15,92,-77
115900189,1,124,-123
115900190,154,830,-676
115900191,23,175,-152
115900192,2,151,-149
115900193,95,68,27
115900194,482,41,441
115900195,366,1622,-1256
115900198,128,234,-106
115900199,136,115,21
115900200,171,189,-18
115900201,375,289,86
115900202,0,38,-38
115900203,4,14,-10
115900204,0,7,-7
115900205,63,28,35
115900206,147,75,72
115900207,46,21,25
115900208,73,87,-14
115900209,9,104,-95
115900210,10,95,-85
115900211,1,109,-108
115900212,123,127,-4
115900213,79,94,-15
115900214,444,89,355
115900215,18,113,-95
115900216,3,58,-55
115900217,1,28,-27
115900218,1,25,-24
115900219,83,5,78
115900220,133,5,128
115900221,82,5,77
115900222,57,18,39
115900223,6,313,-307
115900224,521,789,-268
115900225,50,14,36
115900226,8,20,-12
115900227,4,18,-14
115900228,5,17,-12
115900229,4,26,-22
115900230,43,72,-29
115900231,86,3,83
115900232,39,4,35
115900233,90,8,82
115900234,40,25,15
115900235,13,14,-1
115900236,17,57,-40
115900237,9,39,-30
115900238,17,22,-5
115900239,13,21,-8
115900240,18,34,-16
115900241,144,55,89
115900242,197,297,-100
115900243,5,7,-2
115900244,8,11,-3
115900245,20,1,19
115900246,6,6,0
115900247,13,10,3
115900248,18,1,17
115900249,12,10,2
115900250,9,12,-3
115900251,1,8,-7
115900252,5,2,3
115900253,16,6,10
115900254,7,16,-9
115900255,1,20,-19
115900256,14,75,-61
115900257,0,4,-4
115900258,0,1,-1
115900259,5,3,2
115900260,8,2,6
115900261,9,0,9
115900262,1,0,1
115900263,4,0,4
115900264,23,2,21
115900265,1,9,-8
115900266,4,10,-6
115900267,7,8,-1
115900268,1,15,-14
115900269,389,160,229
115900270,241,209,32
115900271,104,1,103
115900272,26,3,23
115900273,5,12,-7
115900274,1,4,-3
115900275,1,10,-9
115900276,0,17,-17
115900277,2,16,-14
115900278,47,74,-27
115900279,21,128,-107
115900280,21,342,-321
115900281,259,254,5
115900282,13,17,-4
115900283,9,12,-3
115900284,20,6,14
116000001,5809,2443,3366
116000002,3197,8422,-5225
116000003,1166,1152,14
116000004,2275,2756,-481
116000005,1018,1742,-724
116000006,1618,1806,-188
116000007,1618,1781,-163
116000008,2703,1525,1178
116000009,869,1351,-482
116000010,1932,1086,846
116000011,782,1215,-433
116000012,1440,911,529
116000013,4799,2612,2187
116000014,6092,9466,-3374
116000015,108,902,-794
116000016,2719,2340,379
116000017,22,549,-527
116000018,463,155,308
116000019,551,210,341
116000020,459,446,13
116000021,281,205,76
116000022,297,218,79
116000023,721,401,320
116000024,378,458,-80
116000025,487,571,-84
116000026,1166,1636,-470
116000027,373,408,-35
116000028,379,660,-281
116000029,328,517,-189
116000030,655,421,234
116000031,100,249,-149
116000032,268,130,138
116000033,243,337,-94
116000034,594,621,-27
116000035,227,440,-213
116000036,942,972,-30
116000037,425,392,33
116000038,223,361,-138
116000039,289,339,-50
116000040,446,312,134
116000041,89,306,-217
116000042,530,247,283
116000043,62,431,-369
116000044,30,49,-19
116000045,1299,1124,175
116000046,724,1193,-469
116000047,1232,1656,-424
116000048,1381,1461,-80
116000049,995,2374,-1379
116000050,1142,961,181
116000051,5106,1911,3195
116000052,4586,3739,847
116000053,1440,585,855
116000054,645,1683,-1038
116000055,619,607,12
116000056,754,862,-108
116000057,1964,1117,847
116000058,2013,2061,-48
116000059,1949,3098,-1149
116000060,1337,737,600
116000061,451,719,-268
116000062,458,160,298
116000063,406,826,-420
116000066,287,395,-108
116000067,192,348,-156
116000068,182,241,-59
116000069,193,224,-31
116000078,460,751,-291
116000080,1503,698,805
116000082,4,28,-24
116000083,1553,327,1226
116000084,1442,2265,-823
116000085,1931,1575,356
116000086,1334,780,554
116000087,1890,1300,590
116000088,595,507,88
116000089,103,58,45
116000090,87,95,-8
116000091,175,202,-27
116000093,595,315,280
116000094,472,425,47
116000095,562,346,216
116000096,637,1053,-416
116000097,894,392,502
116000098,83,4778,-4695
116000099,3450,194,3256
116000100,189,13,176
116000101,675,470,205
116000102,208,701,-493
116000103,487,245,242
116000104,170,748,-578
116000105,921,120,801
116000106,489,757,-268
116000107,1978,277,1701
116000108,519,275,244
116000111,147,23,124
116000113,90,64,26
116000114,53,88,-35
116000115,267,70,197
116000116,200,238,-38
116000117,1106,1179,-73
116000118,982,684,298
116000119,2542,1409,1133
116000120,2273,2313,-40
116000121,689,338,351
116000122,881,900,-19
116000123,1008,355,653
116000124,260,477,-217
116000125,2173,588,1585
116000126,227,862,-635
116000127,757,723,34
116000128,1364,677,687
116000129,1001,162,839
116000130,561,375,186
116000133,869,630,239
116000134,1520,1131,389
116000135,2137,1140,997
116000136,706,1273,-567
116000137,861,482,379
116000138,592,461,131
116000139,1159,1582,-423
116000140,108,120,-12
116000141,238,344,-106
116000142,2275,1706,569
116000143,1518,1377,141
116000144,1245,1356,-111
116000145,1493,801,692
116000146,487,108,379
116000147,182,109,73
116000148,392,321,71
116000149,466,413,53
116000151,440,321,119
116000153,83,263,-180
116000155,115,167,-52
116000156,439,654,-215
116000157,100,17,83
116000158,238,203,35
116000159,30,16,14
116000160,16,31,-15
116000161,15,59,-44
116000162,69,133,-64
116000163,24,12,12
116000164,1,15,-14
116000177,483,182,301
116000194,99,312,-213
116000195,1078,507,571
116000196,11,2,9
116000197,11,9,2
116000198,1391,732,659
116000200,445,440,5
116000201,410,406,4
116000202,14,188,-174
116000203,1,70,-69
116000204,12,60,-48
116000205,1,95,-94
116000206,1,77,-76
116000207,5,80,-75
116000233,99,213,-114
116000287,120,251,-131
116000288,232,119,113
116000292,40,54,-14
116000296,9,112,-103
116000297,105,16,89
116000304,97,25,72
116000305,34,45,-11
116000346,135,43,92
116000352,50,18,32
116000354,12,20,-8
116000357,6,39,-33
116000358,330,51,279
116000361,260,3,257
116000372,2806,3487,-681
116000381,101,0,101
116000388,2,41,-39
116000389,529,314,215
116000445,379,289,90
116000446,579,348,231
116000447,25,274,-249
116000448,366,109,257
116000563,589,734,-145
116000565,26,203,-177
116000568,71,119,-48
116000579,17,85,-68
116000583,79,39,40
116000584,24,5,19
116000585,24,16,8
116000586,51,83,-32
116000587,470,512,-42
116000589,32,26,6
116000590,48,50,-2
116000591,241,150,91
116000592,13,46,-33
116000593,0,25,-25
116000594,525,300,225
116000595,445,80,365
116000596,101,1,100
116000597,316,71,245
116000598,25,74,-49
116000605,181,93,88
116000606,63,194,-131
116000607,0,26,-26
116000609,76,681,-605
116000611,138,287,-149
116000612,777,1466,-689
116000613,433,205,228
116000614,305,355,-50
116000615,0,251,-251
116000616,44,51,-7
116000617,89,34,55
116000618,5,50,-45
116000619,24,58,-34
116000620,127,390,-263
116000621,67,74,-7
116000622,44,114,-70
116000624,185,72,113
116000627,81,24,57
116000628,43,153,-110
116000629,14,148,-134
116000630,195,15,180
116000631,100,40,60
116000632,618,54,564
116000633,127,134,-7
116000634,283,82,201
116000635,1820,1719,101
116000636,610,1001,-391
116000637,437,42,395
116000638,115,179,-64
116000639,82,2,80
116000640,22,8,14
116000641,22,110,-88
116000643,1,125,-124
116000644,22,225,-203
116000645,25,6,19
116900001,167,104,63
116900002,155,2,153
116900003,25,25,0
116900004,23,58,-35
116900005,189,27,162
116900006,80,89,-9
116900007,119,112,7
116900008,322,173,149
116900009,12,9,3
116900010,558,711,-153
116900011,2,18,-16
116900012,161,109,52
116900013,6,72,-66
116900014,154,145,9
116900015,309,36,273
116900016,175,1,174
116900017,12,317,-305
116900018,57,51,6
116900019,3,120,-117
116900020,498,731,-233
116900023,50,5,45
116900024,508,27,481
116900025,879,497,382
116900026,70,296,-226
116900027,23,31,-8
116900028,26,102,-76
116900029,0,33,-33
116900031,1,9,-8
116900032,6,185,-179
116900033,15,14,1
116900034,1,27,-26
116900035,133,72,61
116900036,2,54,-52
116900038,63,2,61
116900041,20,13,7
116900042,343,134,209
116900043,70,56,14
116900047,32,137,-105
116900049,22,211,-189
116900050,75,234,-159
116900051,102,88,14
116900052,115,33,82
116900055,1,4,-3
116900057,14,132,-118
116900058,23,220,-197
116900059,0,71,-71
116900060,151,94,57
116900062,1,10,-9
116900064,60,326,-266
116900065,10,63,-53
116900067,81,59,22
116900068,89,109,-20
116900070,2,0,2
116900072,18,144,-126
116900073,3,62,-59
116900074,5,35,-30
116900076,7,36,-29
116900077,6,74,-68
116900078,138,71,67
116900079,25,119,-94
116900080,3,7,-4
116900081,259,710,-451
116900082,220,478,-258
116900083,34,18,16
116900084,77,51,26
116900085,36,99,-63
116900086,26,128,-102
116900088,260,65,195
116900090,102,26,76
116900091,272,28,244
116900092,76,402,-326
116900093,1112,939,173
116900094,1946,2552,-606
116900095,157,79,78
116900096,48,201,-153
116900097,1489,2242,-753
116900098,539,252,287
116900099,345,354,-9
116900100,700,22,678
116900101,185,240,-55
116900103,12,0,12
116900104,74,79,-5
116900105,216,92,124
116900106,952,11,941
116900107,1797,1950,-153
116900110,13,0,13
116900111,551,307,244
116900112,211,590,-379
116900113,934,1100,-166
116900116,46,559,-513
116900117,99,66,33
116900118,455,604,-149
116900120,240,35,205
116900121,89,11,78
116900122,728,399,329
116900123,130,394,-264
116900124,149,568,-419
116900125,284,107,177
116900126,42,362,-320
116900128,0,30,-30
116900129,2,184,-182
116900130,324,2513,-2189
116900131,62,223,-161
116900132,31,68,-37
116900133,92,92,0
116900134,173,155,18
116900136,131,116,15
116900137,169,65,104
116900138,163,108,55
116900139,86,227,-141
116900140,152,95,57
116900141,495,299,196
116900142,0,44,-44
116900143,213,165,48
116900144,25,62,-37
116900145,28,103,-75
116900147,236,388,-152
116900148,5,16,-11
116900149,48,220,-172
116900150,7,6,1
116900151,34,7,27
116900153,110,34,76
116900154,216,342,-126
116900155,44,35,9
116900157,485,131,354
116900158,118,216,-98
116900159,44,211,-167
116900160,555,457,98
116900161,3766,5025,-1259
116900162,9,86,-77
116900163,131,56,75
116900164,76,48,28
116900165,270,143,127
116900166,43,37,6
116900167,300,37,263
116900168,286,27,259
116900169,247,402,-155
116900170,224,379,-155
116900171,36,107,-71
116900172,105,307,-202
116900173,125,30,95
116900174,23,50,-27
116900175,121,164,-43
116900178,20,56,-36
116900179,60,231,-171
116900180,95,14,81
116900182,277,177,100
116900183,102,61,41
116900185,22,32,-10
116900186,72,136,-64
116900187,38,27,11
116900188,116,17,99
116900189,20,1,19
116900191,299,445,-146
116900192,207,65,142
116900194,147,1129,-982
116900195,30,28,2
116900196,18,94,-76
116900197,84,12,72
116900198,93,188,-95
116900200,58,10,48
116900201,100,2,98
116900202,52,25,27
116900203,102,1,101
116900204,34,60,-26
116900206,23,5,18
116900207,33,30,3
116900208,8,61,-53
116900209,32,63,-31
116900210,360,171,189
116900211,93,2,91
116900212,81,43,38
116900213,156,89,67
116900214,130,102,28
116900215,50,42,8
116900216,272,131,141
116900218,2,155,-153
116900219,891,209,682
116900220,111,176,-65
116900221,52,172,-120
116900222,256,278,-22
116900223,86,178,-92
116900226,66,24,42
116900227,138,46,92
116900228,196,117,79
116900230,57,122,-65
116900231,29,169,-140
116900232,13,281,-268
116900233,202,57,145
116900234,4,0,4
116900235,355,196,159
116900238,1109,191,918
116900239,55,847,-792
116900240,2697,2176,521
116900241,55,59,-4
116900242,457,455,2
116900243,2,18,-16
116900245,19,17,2
116900246,104,10,94
116900247,592,9,583
116900248,59,20,39
116900249,193,45,148
116900250,269,44,225
116900251,297,442,-145
116900252,107,508,-401
116900254,18,50,-32
116900255,92,50,42
116900256,341,76,265
116900257,14,184,-170
116900258,4,146,-142
116900259,237,9,228
116900260,2,47,-45
116900261,73,0,73
116900262,120,100,20
116900263,0,10,-10
116900264,82,38,44
116900265,45,0,45
116900266,18,14,4
116900267,23,1,22
116900268,41,20,21
116900269,206,418,-212
116900271,621,230,391
116900272,220,198,22
116900273,80,48,32
116900274,109,34,75
116900275,119,47,72
116900276,273,150,123
116900277,272,7,265
116900278,2,2,0
116900279,3,7,-4
116900280,12,7,5
116900281,2842,3262,-420
116900282,6,58,-52
116900283,19,76,-57
116900284,6,114,-108
116900285,148,147,1
116900286,136,25,111
116900287,4,25,-21
116900288,82,80,2
116900289,10,0,10
116900290,9,5,4
116900291,23,13,10
116900292,0,12,-12
116900293,51,23,28
116900294,11,85,-74
116900295,81,40,41
116900296,36,65,-29
116900297,5,91,-86
116900298,47,39,8
116900299,8,38,-30
116900300,2,69,-67
116900301,36,122,-86
116900302,33,36,-3
116900303,92,83,9
116900304,0,106,-106
116900305,8,20,-12
116900306,149,77,72
116900307,64,1,63
116900308,1,72,-71
116900309,51,53,-2
116900310,18,48,-30
116900311,1,99,-98
117000001,1565,1185,380
117000002,1550,2680,-1130
117000003,4529,2295,2234
117000004,2479,3482,-1003
117000005,1954,1334,620
117000006,920,2220,-1300
117000007,3221,878,2343
117000008,664,2194,-1530
117000009,3434,1203,2231
117000010,1774,2491,-717
117000011,1694,1082,612
117000012,891,830,61
117000013,1363,590,773
117000014,862,1545,-683
117000015,1559,796,763
117000016,165,140,25
117000017,157,117,40
117000018,75,439,-364
117000019,72,21,51
117000020,292,879,-587
117000021,967,427,540
117000022,221,115,106
117000023,113,215,-102
117000024,118,230,-112
117000025,323,930,-607
117000026,1358,1334,24
117000027,1031,3016,-1985
117000028,1401,1249,152
117000030,263,309,-46
117000031,279,287,-8
117000032,1034,817,217
117000033,893,540,353
117000034,311,220,91
117000035,353,291,62
117000036,374,225,149
117000037,248,165,83
117000038,147,368,-221
117000039,284,167,117
117000040,230,575,-345
117000041,808,171,637
117000044,12,481,-469
117000045,489,88,401
117000046,383,635,-252
117000047,1020,555,465
117000048,1296,553,743
117000049,85,390,-305
117000050,155,975,-820
117000051,1870,64,1806
117000052,30,192,-162
117000053,535,28,507
117000054,1622,7,1615
117000055,56,1866,-1810
117000056,611,35,576
117000057,372,1482,-1110
117000060,409,782,-373
117000061,1386,706,680
117000062,196,390,-194
117000063,1266,708,558
117000064,476,401,75
117000066,415,591,-176
117000067,83,438,-355
117000074,83,121,-38
117000076,62,40,22
117000077,77,133,-56
117000078,91,449,-358
117000079,240,162,78
117000080,1,263,-262
117000081,785,59,726
117000082,18,44,-26
117000083,429,183,246
117000084,124,0,124
117000085,196,548,-352
117000086,606,289,317
117000087,85,395,-310
117000088,229,131,98
117000089,1395,204,1191
117000090,214,725,-511
117000091,774,163,611
117000092,330,876,-546
117000093,1112,584,528
117000094,1010,1763,-753
117000095,3127,616,2511
117000096,590,1479,-889
117000097,1361,887,474
117000098,1751,2535,-784
117000099,2874,1015,1859
117000100,219,228,-9
117000101,153,644,-491
117000102,1458,514,944
117000103,626,973,-347
117000104,1165,492,673
117000105,650,940,-290
117000106,1124,526,598
117000107,396,1022,-626
117000108,1500,754,746
117000109,920,1501,-581
117000110,1243,904,339
117000111,2680,2836,-156
117000112,2395,1139,1256
117000113,87,127,-40
117000114,206,99,107
117000115,84,47,37
117000116,114,199,-85
117000117,977,704,273
117000118,228,123,105
117000119,166,156,10
117000120,106,420,-314
117000121,54,629,-575
117000122,187,573,-386
117000123,936,36,900
117000124,260,68,192
117000125,152,90,62
117000126,33,9,24
117000127,133,205,-72
117000128,215,538,-323
117000129,265,757,-492
117000130,111,0,111
117000131,0,55,-55
117000132,2361,30,2331
117000133,1633,20,1613
117000134,1,81,-80
117000135,2,61,-59
117000136,0,16,-16
117000137,129,101,28
117000138,2,433,-431
117000140,314,910,-596
117000141,1299,456,843
117000181,293,131,162
117000182,310,499,-189
117000195,122,528,-406
117000196,198,118,80
117000225,79,34,45
117000226,4,93,-89
117000276,301,13,288
117000277,0,214,-214
117000310,1028,1370,-342
117000315,38,411,-373
117000320,61,0,61
117000906,388,9,379
117000907,4,193,-189
117000909,48,25,23
117000910,124,131,-7
117000911,84,117,-33
117000915,8,324,-316
117000916,33,6,27
117000917,1060,34,1026
117000918,48,37,11
117000919,4,34,-30
117000920,4,703,-699
117000921,0,748,-748
117000922,15,45,-30
117000924,302,589,-287
117000926,373,125,248
117000927,575,616,-41
117000928,0,79,-79
117000929,226,213,13
117000930,241,19,222
117000931,150,100,50
117900002,57,222,-165
117900003,318,198,120
117900005,20,24,-4
117900006,1,33,-32
117900007,67,48,19
117900008,0,23,-23
117900010,198,51,147
117900011,14,94,-80
117900012,51,32,19
117900013,0,94,-94
117900014,547,95,452
117900015,8,48,-40
117900016,561,511,50
117900017,628,305,323
117900018,92,123,-31
117900019,344,145,199
117900020,46,313,-267
117900021,26,32,-6
117900023,485,42,443
117900024,42,28,14
117900025,23,5,18
117900026,381,156,225
117900028,57,3,54
117900029,204,343,-139
117900031,68,66,2
117900032,833,487,346
117900033,277,304,-27
117900034,81,33,48
117900035,291,105,186
117900036,144,199,-55
117900037,168,36,132
117900038,21,136,-115
117900039,14,37,-23
117900040,114,161,-47
117900041,1,30,-29
117900042,2028,189,1839
117900043,16,36,-20
117900044,6,2863,-2857
117900045,111,60,51
117900048,381,212,169
117900049,151,305,-154
117900050,1,81,-80
117900051,23,1,22
117900052,56,285,-229
117900053,1626,387,1239
117900054,2,37,-35
117900055,167,149,18
117900056,83,64,19
117900057,761,837,-76
117900058,28,31,-3
117900059,189,69,120
117900060,1691,2919,-1228
117900061,10,132,-122
117900063,309,106,203
117900065,435,776,-341
117900066,5,54,-49
117900067,422,94,328
117900069,679,196,483
117900070,96,20,76
117900071,51,66,-15
117900073,397,186,211
117900074,80,57,23
117900075,43,58,-15
117900076,32,46,-14
117900077,405,73,332
117900078,248,668,-420
117900080,85,25,60
117900081,337,229,108
117900082,359,297,62
117900083,296,223,73
117900086,114,18,96
117900087,95,30,65
117900088,2306,1146,1160
117900089,1731,643,1088
117900090,416,248,168
117900091,63,124,-61
117900092,56,19,37
117900093,66,27,39
117900094,17,28,-11
117900095,335,524,-189
117900096,79,152,-73
117900097,135,23,112
117900098,45,8,37
117900099,135,140,-5
117900100,192,0,192
117900101,377,1252,-875
117900102,44,8,36
117900103,38,1,37
117900104,16,87,-71
117900105,98,145,-47
117900106,61,16,45
117900107,27,0,27
117900109,504,274,230
117900110,104,0,104
117900111,311,20,291
117900112,56,4,52
117900113,1334,1182,152
117900114,22,0,22
117900115,128,57,71
117900116,583,506,77
117900117,468,176,292
117900118,69,0,69
117900119,184,87,97
117900120,165,20,145
117900121,34,39,-5
117900122,675,2755,-2080
117900123,501,229,272
117900124,481,417,64
117900125,1281,1475,-194
117900126,133,313,-180
117900127,368,231,137
117900128,294,328,-34
117900129,59,0,59
117900130,507,229,278
117900131,1,92,-91
117900132,24,39,-15
117900133,6,38,-32
117900134,27,148,-121
117900135,19,96,-77
117900136,0,21,-21
117900137,47,193,-146
117900138,0,31,-31
117900139,150,64,86
117900140,2132,19,2113
117900141,89,128,-39
117900142,84,40,44
117900144,36,140,-104
117900145,13,30,-17
117900146,121,82,39
117900147,52,27,25
117900148,1475,1465,10
117900149,133,161,-28
117900150,16,18,-2
117900151,27,51,-24
117900152,58,39,19
117900153,23,64,-41
117900154,403,372,31
117900156,614,464,150
117900157,69,360,-291
117900158,193,82,111
117900160,576,656,-80
117900161,1718,1289,429
117900162,384,265,119
117900163,28,113,-85
117900165,2,10,-8
117900166,77,341,-264
117900168,161,134,27
117900169,3,76,-73
117900170,1,14,-13
117900171,1,9,-8
117900172,15,3,12
117900173,98,36,62
117900174,18,38,-20
117900175,2,15,-13
117900176,10,13,-3
117900177,9,24,-15
117900178,73,16,57
117900180,100,22,78
117900181,36,256,-220
117900182,4,17,-13
117900183,41,147,-106
117900184,7,34,-27
117900185,50,29,21
117900186,31,19,12
117900187,8,12,-4
117900188,123,27,96
117900189,45,28,17
117900190,15,0,15
117900191,42,0,42
117900192,103,0,103
117900193,0,35,-35
117900194,8,6,2
117900195,7,19,-12
117900196,36,38,-2
117900207,88,102,-14
117900208,16,14,2
117900209,160,120,40
117900210,68,128,-60
117900211,1,99,-98
117900212,72,62,10
117900213,10,7,3
117900214,6,18,-12
117900215,45,50,-5
117900216,35,24,11
117900217,63,171,-108
117900218,91,88,3
117900219,5,102,-97
117900220,39,75,-36
117900222,198,216,-18
117900223,141,266,-125
118000001,457,716,-259
118000002,411,1002,-591
118000003,1316,2463,-1147
118000004,1390,1442,-52
118000005,2813,3829,-1016
118000006,2622,5881,-3259
118000007,2629,2270,359
118000008,1523,2507,-984
118000009,1232,1840,-608
118000010,3568,2508,1060
118000011,1102,1086,16
118000012,669,1094,-425
118000013,1462,1370,92
118000014,1445,1496,-51
118000016,141,154,-13
118000017,339,245,94
118000018,252,205,47
118000019,1348,1000,348
118000020,717,1968,-1251
118000021,466,1951,-1485
118000022,949,528,421
118000023,698,286,412
118000024,736,786,-50
118000027,7590,7758,-168
118000029,445,533,-88
118000032,665,2796,-2131
118000033,1842,3927,-2085
118000034,3051,1672,1379
118000035,1277,1967,-690
118000036,674,816,-142
118000037,563,594,-31
118000038,193,40,153
118000039,71,101,-30
118000040,1057,950,107
118000041,1725,923,802
118000045,204,124,80
118000046,647,368,279
118000047,473,640,-167
118000048,1024,1160,-136
118000051,1169,872,297
118000052,833,457,376
118000053,112,211,-99
118000054,557,358,199
118000055,650,736,-86
118000056,143,239,-96
118000057,108,238,-130
118000058,1480,994,486
118000059,1111,817,294
118000060,745,360,385
118000061,945,768,177
118000062,391,176,215
118000063,284,404,-120
118000064,450,800,-350
118000065,1950,1109,841
118000066,539,1103,-564
118000067,586,477,109
118000068,748,3131,-2383
118000069,1287,782,505
118000070,3195,1316,1879
118000071,1679,4277,-2598
118000072,603,1023,-420
118000073,614,395,219
118000074,289,333,-44
118000075,354,222,132
118000076,778,1786,-1008
118000077,856,913,-57
118000078,1239,1638,-399
118000079,149,260,-111
118000080,602,636,-34
118000081,1310,1005,305
118000082,220,825,-605
118000083,1050,1066,-16
118000084,1814,1207,607
118000086,215,351,-136
118000087,2576,1851,725
118000088,1166,1068,98
118000089,2392,1726,666
118000090,904,1714,-810
118000091,676,1835,-1159
118000092,713,301,412
118000093,74,498,-424
118000096,392,437,-45
118000097,579,456,123
118000098,233,154,79
118000099,454,351,103
118000101,830,284,546
118000102,363,667,-304
118000107,986,335,651
118000108,399,1752,-1353
118000110,0,12,-12
118000111,4,169,-165
118000112,579,4,575
118000113,1,298,-297
118000114,446,3,443
118000115,3,8,-5
118000116,17,0,17
118000117,660,483,177
118000118,691,837,-146
118000119,674,898,-224
118000120,1274,717,557
118000121,89,566,-477
118000122,1038,304,734
118000123,48,212,-164
118000125,1155,641,514
118000126,500,1120,-620
118000127,1049,475,574
118000128,395,720,-325
118000129,659,298,361
118000130,1215,1715,-500
118000131,300,407,-107
118000132,1921,1468,453
118000133,805,327,478
118000135,437,293,144
118000136,101,325,-224
118000137,377,53,324
118000138,250,307,-57
118000139,383,71,312
118000140,1754,3529,-1775
118000141,1393,1126,267
118000142,1431,986,445
118000143,1652,930,722
118000144,736,475,261
118000145,1243,1023,220
118000146,937,505,432
118000147,742,856,-114
118000148,532,862,-330
118000149,798,666,132
118000150,323,256,67
118000151,417,263,154
118000153,1068,794,274
118000154,1642,1096,546
118000155,1123,932,191
118000156,1083,1669,-586
118000157,359,247,112
118000158,177,282,-105
118000159,10,71,-61
118000160,374,289,85
118000161,407,369,38
118000162,1169,576,593
118000163,671,525,146
118000164,1279,868,411
118000168,420,297,123
118000169,714,612,102
118000170,2252,2447,-195
118000171,216,371,-155
118000172,86,186,-100
118000173,764,678,86
118000175,204,303,-99
118000176,189,389,-200
118000177,161,470,-309
118000178,42,31,11
118000179,773,1053,-280
118000180,559,513,46
118000181,512,156,356
118000182,230,156,74
118000183,158,147,11
118000184,753,440,313
118000185,792,890,-98
118000186,602,750,-148
118000187,1008,353,655
118000188,460,82,378
118000189,402,282,120
118000190,3,2,1
118000191,17,6,11
118000192,50,75,-25
118000193,39,180,-141
118000194,853,557,296
118000195,294,718,-424
118000196,158,164,-6
118000197,147,144,3
118000198,310,526,-216
118000199,286,595,-309
118000200,45,167,-122
118000201,227,370,-143
118000202,21,44,-23
118000203,331,352,-21
118000204,35,317,-282
118000205,87,211,-124
118000206,129,158,-29
118000207,0,24,-24
118000208,968,1057,-89
118000209,1676,1008,668
118000210,68,32,36
118000211,21,31,-10
118000213,468,1054,-586
118000214,318,415,-97
118000215,173,47,126
118000216,1272,1022,250
118000217,24,63,-39
118000218,58,47,11
118000219,237,137,100
118000220,3,29,-26
118000221,176,155,21
118000222,27,3,24
118000223,31,23,8
118000224,83,69,14
118000225,88,448,-360
118000226,632,114,518
118000227,431,295,136
118000228,75,176,-101
118000229,61,54,7
118000230,65,117,-52
118000231,63,127,-64
118000232,567,414,153
118000233,864,465,399
118000234,342,103,239
118000236,225,167,58
118000237,71,218,-147
118000238,185,106,79
118000239,178,182,-4
118000240,202,99,103
118000241,100,73,27
118000242,202,213,-11
118000243,173,119,54
118000244,36,66,-30
118000246,8,7,1
118000255,69,185,-116
118000256,109,151,-42
118000259,6,14,-8
118000260,122,51,71
118000261,25,17,8
118000263,34,78,-44
118000266,88,148,-60
118000267,1,78,-77
118000268,157,1,156
118000270,56,13,43
118000271,133,157,-24
118000272,44,10,34
118000273,145,28,117
118000274,66,134,-68
118000276,326,245,81
118000295,10,67,-57
118000298,82,117,-35
118000299,62,81,-19
118000301,0,29,-29
118000302,84,24,60
118000311,389,69,320
118000312,190,125,65
118000313,31,62,-31
118000314,91,52,39
118000315,30,22,8
118000316,523,254,269
118000325,54,24,30
118000326,20,37,-17
118000331,37,25,12
118000332,12,12,0
118000333,14,32,-18
118000335,272,1,271
118000336,0,106,-106
118000407,144,41,103
118000457,4,51,-47
118000465,1584,2693,-1109
118000480,35,46,-11
118000489,18,241,-223
118000490,3,145,-142
118000492,285,119,166
118000510,31,14,17
118000514,96,218,-122
118000515,420,536,-116
118000517,231,128,103
118000524,212,220,-8
118000525,465,457,8
118000530,12,62,-50
118000531,293,214,79
118000532,162,169,-7
118000533,225,95,130
118000534,372,259,113
118000535,224,96,128
118000536,243,932,-689
118000537,16,105,-89
118000538,27,56,-29
118000539,13,68,-55
118000540,137,60,77
118000541,129,38,91
118000542,69,120,-51
118000543,85,144,-59
118000546,41,9,32
118000553,0,1,-1
118000557,0,0,0
118000560,971,1350,-379
118000562,51,76,-25
118000563,1029,845,184
118000576,219,82,137
118000577,127,126,1
118000578,203,106,97
118000579,424,837,-413
118000583,0,0,0
118000595,190,81,109
118000596,0,45,-45
118000597,163,67,96
118000598,2,0,2
118000599,69,32,37
118000600,2,0,2
118000601,1,0,1
118000602,4,3,1
118000603,0,20,-20
118000605,80,177,-97
118000606,48,28,20
118900001,284,651,-367
118900002,430,587,-157
118900003,164,2,162
118900004,46,35,11
118900005,77,2,75
118900006,95,4,91
118900007,4,1,3
118900008,1009,41,968
118900009,52,35,17
118900010,52,8,44
118900011,78,5,73
118900012,300,109,191
118900013,285,124,161
118900015,97,19,78
118900016,9,5,4
118900017,167,210,-43
118900018,548,18,530
118900019,30,15,15
118900020,88,99,-11
118900021,125,172,-47
118900022,93,92,1
118900023,110,67,43
118900024,57,74,-17
118900025,26,22,4
118900026,61,46,15
118900027,293,117,176
118900028,122,102,20
118900029,110,227,-117
118900030,236,59,177
118900031,116,63,53
118900032,155,108,47
118900033,207,259,-52
118900034,115,25,90
118900035,86,85,1
118900036,873,441,432
118900037,273,188,85
118900038,383,78,305
118900039,395,113,282
118900040,138,95,43
118900041,483,109,374
118900042,135,60,75
118900045,164,110,54
118900046,512,265,247
118900047,296,197,99
118900048,87,123,-36
118900049,38,34,4
118900050,15,20,-5
118900051,43,86,-43
118900052,117,138,-21
118900053,14,73,-59
118900054,94,34,60
118900055,45,30,15
118900056,32,247,-215
118900057,606,353,253
118900058,240,190,50
118900059,16,45,-29
118900060,49,112,-63
118900062,120,121,-1
118900064,340,402,-62
118900065,42,80,-38
118900066,74,50,24
118900067,2702,2784,-82
118900068,5,111,-106
118900069,381,166,215
118900071,2,30,-28
118900072,304,208,96
118900073,210,71,139
118900074,87,101,-14
118900075,52,36,16
118900076,150,44,106
118900077,187,113,74
118900078,16,1,15
118900079,28,92,-64
118900080,16,44,-28
118900081,45,33,12
118900082,760,96,664
118900083,30,2,28
118900084,10,6,4
118900085,425,452,-27
118900086,18,87,-69
118900087,24,169,-145
118900088,0,4,-4
118900089,14,14,0
118900090,378,231,147
118900091,88,119,-31
118900092,70,34,36
118900093,71,9,62
118900096,67,53,14
118900097,201,300,-99
118900099,72,115,-43
118900100,101,118,-17
118900101,44,137,-93
118900102,14,48,-34
118900103,19,65,-46
118900104,120,57,63
118900105,89,34,55
118900107,74,39,35
118900108,103,60,43
118900110,641,435,206
118900111,377,268,109
118900112,78,136,-58
118900113,198,183,15
118900114,11,57,-46
118900115,41,182,-141
118900116,82,189,-107
118900117,82,147,-65
118900118,242,187,55
118900119,106,121,-15
118900120,62,242,-180
118900121,12,79,-67
118900122,5,807,-802
118900123,134,160,-26
118900124,65,104,-39
118900126,19,243,-224
118900129,198,112,86
118900130,40,155,-115
118900131,152,115,37
118900132,226,137,89
118900133,8,71,-63
118900135,141,127,14
118900136,178,280,-102
118900137,3,27,-24
118900139,196,159,37
118900140,312,296,16
118900141,43,53,-10
118900144,118,207,-89
118900145,22,64,-42
118900146,207,404,-197
118900147,81,83,-2
118900148,48,27,21
118900150,273,438,-165
118900152,442,380,62
118900157,47,98,-51
118900158,55,36,19
118900159,0,101,-101
118900161,60,4,56
118900163,85,39,46
118900164,1,84,-83
118900165,32,71,-39
118900166,15,4,11
118900167,33,65,-32
118900168,41,60,-19
118900169,92,94,-2
118900170,90,55,35
118900171,14,12,2
118900174,38,33,5
118900175,322,313,9
118900176,101,188,-87
118900177,39,25,14
118900178,25,127,-102
118900179,31,16,15
118900181,50,49,1
118900182,32,20,12
118900183,14,68,-54
118900184,154,30,124
118900185,121,64,57
118900186,87,46,41
118900187,144,158,-14
118900188,239,157,82
118900189,33,615,-582
118900190,15,185,-170
118900191,177,29,148
118900192,201,18,183
118900193,394,5,389
118900195,194,340,-146
118900196,19,129,-110
118900197,127,27,100
118900198,22,2,20
118900199,51,7,44
118900200,18,7,11
118900201,6,18,-12
118900202,3,17,-14
118900203,9,8,1
118900204,6,9,-3
118900205,4,3,1
118900206,1,2,-1
119000001,910,1089,-179
119000002,3014,1784,1230
119000003,2064,696,1368
119000004,1707,985,722
119000005,1151,1427,-276
119000006,2390,1235,1155
119000007,2196,2252,-56
119000008,1315,1102,213
119000009,2465,3440,-975
119000010,3730,3012,718
119000011,2026,1886,140
119000012,1453,2257,-804
119000013,1925,1147,778
119000014,987,1484,-497
119000019,223,101,122
119000020,1495,1012,483
119000021,3105,1705,1400
119000022,1054,1548,-494
119000023,235,189,46
119000024,1224,8139,-6915
119000025,3335,722,2613
119000026,70,270,-200
119000027,140,205,-65
119000028,1082,467,615
119000029,69,212,-143
119000030,412,555,-143
119000031,629,327,302
119000032,1044,1292,-248
119000033,1091,747,344
119000034,771,579,192
119000035,22,167,-145
119000036,1564,602,962
119000037,1017,896,121
119000038,141,434,-293
119000039,831,275,556
119000040,430,318,112
119000041,454,847,-393
119000048,1911,1409,502
119000049,1502,1167,335
119000050,1042,1148,-106
119000051,1236,627,609
119000052,1210,1841,-631
119000053,1451,840,611
119000054,2522,1687,835
119000055,3933,1915,2018
119000056,2016,1401,615
119000057,1219,1183,36
119000058,1464,993,471
119000059,952,980,-28
119000060,1145,717,428
119000061,931,614,317
119000062,805,982,-177
119000063,408,302,106
119000064,636,632,4
119000065,1291,1797,-506
119000066,1576,871,705
119000067,1397,1291,106
119000068,1327,709,618
119000069,1180,1334,-154
119000070,2180,650,1530
119000071,451,475,-24
119000072,3234,1882,1352
119000073,2816,5323,-2507
119000074,1177,1272,-95
119000075,2023,1437,586
119000076,264,648,-384
119000077,379,275,104
119000078,440,272,168
119000079,186,531,-345
119000080,378,108,270
119000081,190,280,-90
119000082,652,154,498
119000083,479,360,119
119000084,266,343,-77
119000085,461,211,250
119000086,382,488,-106
119000087,1201,622,579
119000088,325,160,165
119000089,127,319,-192
119000090,158,114,44
119000091,155,383,-228
119000092,385,235,150
119000093,2406,1495,911
119000094,2528,3613,-1085
119000095,1324,1707,-383
119000097,1526,717,809
119000098,744,2148,-1404
119000099,1762,964,798
119000100,2878,2122,756
119000101,2369,1062,1307
119000102,498,729,-231
119000103,995,368,627
119000104,1369,615,754
119000105,669,1529,-860
119000106,283,701,-418
119000107,798,415,383
119000108,277,538,-261
119000109,76,307,-231
119000110,234,184,50
119000111,17,376,-359
119000112,125,59,66
119000113,1156,217,939
119000114,498,486,12
119000115,118,122,-4
119000116,51,53,-2
119000117,105,175,-70
119000118,4,1,3
119000123,2332,1329,1003
119000124,643,171,472
119000125,3071,486,2585
119000126,1141,419,722
119000127,505,317,188
119000128,23,1,22
119000131,861,382,479
119000132,1,1,0
119000133,0,1,-1
119000134,1195,338,857
119000135,130,98,32
119000136,169,105,64
119000137,152,169,-17
119000138,390,144,246
119000139,177,108,69
119000140,171,213,-42
119000284,680,1656,-976
119000285,1392,1224,168
119000286,4112,3201,911
119000287,1060,1243,-183
119000288,1375,712,663
119000289,1167,1509,-342
119000290,174,271,-97
119000291,39,253,-214
119000293,400,165,235
119000294,47,37,10
119000295,775,213,562
119000296,341,184,157
119000302,1330,759,571
119000303,16,87,-71
119000314,950,7107,-6157
119000315,0,183,-183
119000316,136,55,81
119000317,63,199,-136
119000319,680,159,521
119900001,109,794,-685
119900002,113,142,-29
119900003,24,501,-477
119900004,203,787,-584
119900005,165,73,92
119900006,153,272,-119
119900007,882,144,738
119900008,21,11,10
119900009,419,391,28
119900010,499,501,-2
119900011,7,80,-73
119900012,8,54,-46
119900013,1271,761,510
119900014,345,110,235
119900015,60,13,47
119900016,35,50,-15
119900017,27,31,-4
119900018,1150,723,427
119900019,25,6,19
119900020,97,117,-20
119900021,93,34,59
119900022,73,405,-332
119900023,332,1324,-992
119900025,121,12,109
119900026,436,100,336
119900027,72,14,58
119900028,173,61,112
119900029,2,2,0
119900030,465,303,162
119900031,27,262,-235
119900033,1104,183,921
119900034,248,61,187
119900037,153,23,130
119900038,23,259,-236
119900039,36,5,31
119900040,96,11,85
119900041,64,17,47
119900042,84,135,-51
119900043,84,92,-8
119900044,122,627,-505
119900046,87,24,63
119900047,230,59,171
119900049,123,4,119
119900050,56,76,-20
119900051,811,17,794
119900052,31,20,11
119900053,171,130,41
119900054,99,9,90
119900055,952,315,637
119900057,195,43,152
119900058,200,3,197
119900059,47,38,9
119900060,208,12,196
119900061,256,10,246
119900062,48,16,32
119900063,2,31,-29
119900065,154,11,143
119900067,62,3,59
119900068,361,3,358
119900069,69,4,65
119900070,587,10,577
119900071,420,13,407
119900073,1159,428,731
119900074,13,27,-14
119900075,2551,1501,1050
119900076,88,37,51
119900077,700,456,244
119900078,329,402,-73
119900079,203,90,113
119900080,241,145,96
119900081,507,32,475
119900082,910,61,849
119900083,197,82,115
119900084,368,175,193
119900085,31,40,-9
119900086,273,495,-222
119900087,300,156,144
119900088,24,22,2
119900089,21,328,-307
119900090,89,27,62
119900091,37,535,-498
119900092,27,228,-201
119900093,555,90,465
119900094,24,154,-130
119900095,128,69,59
119900096,22,61,-39
119900097,285,108,177
119900098,17,18,-1
119900099,18,88,-70
119900100,1124,1544,-420
119900101,114,756,-642
119900102,25,130,-105
119900103,38,117,-79
119900104,22,64,-42
119900105,420,1154,-734
119900106,7,83,-76
119900107,116,1256,-1140
119900108,1676,394,1282
119900109,13,73,-60
119900110,487,328,159
119900111,160,291,-131
119900112,698,312,386
119900113,37,124,-87
119900114,138,551,-413
119900115,243,556,-313
119900116,75,230,-155
119900117,220,368,-148
119900118,52,416,-364
119900119,167,152,15
119900120,420,287,133
119900121,268,470,-202
119900122,285,202,83
119900123,93,155,-62
119900124,143,371,-228
119900125,29,148,-119
119900126,1785,181,1604
119900127,1328,598,730
119900128,303,361,-58
119900129,158,226,-68
119900130,5,132,-127
119900131,33,119,-86
119900132,2,120,-118
119900133,26,46,-20
119900134,669,97,572
119900135,1,173,-172
119900136,106,168,-62
119900138,175,259,-84
119900139,12,81,-69
119900140,1,84,-83
119900141,67,436,-369
119900142,0,11,-11
119900143,4,101,-97
119900144,825,141,684
119900145,81,77,4
119900146,97,96,1
119900147,3,77,-74
119900148,128,36,92
119900149,474,2956,-2482
119900150,103,67,36
119900151,826,426,400
119900152,84,163,-79
119900153,92,52,40
119900154,11,341,-330
119900155,27,16,11
119900156,19,10,9
119900157,96,103,-7
119900158,112,43,69
119900159,6,693,-687
119900160,11,61,-50
119900161,115,93,22
119900162,635,587,48
119900163,40,88,-48
119900164,0,0,0
119900165,119,75,44
119900166,61,21,40
119900167,69,46,23
119900168,728,299,429
119900169,38,149,-111
119900170,111,208,-97
119900171,641,212,429
119900172,65,5,60
119900173,3,220,-217
119900174,0,92,-92
119900175,1122,410,712
119900177,11,129,-118
119900178,3,89,-86
119900179,82,409,-327
119900180,760,610,150
119900181,38,59,-21
119900182,86,194,-108
119900183,73,424,-351
119900184,1086,253,833
119900185,26,125,-99
119900186,17,667,-650
119900187,6,146,-140
119900188,74,213,-139
119900189,246,243,3
119900190,44,183,-139
119900191,119,144,-25
119900192,20,96,-76
119900193,276,134,142
119900194,21,46,-25
119900195,25,86,-61
119900196,450,153,297
119900197,144,127,17
119900198,92,154,-62
119900199,81,15,66
119900200,421,416,5
119900201,243,91,152
119900202,68,142,-74
119900203,101,418,-317
119900204,169,128,41
119900205,636,331,305
119900206,143,77,66
119900208,149,120,29
119900209,330,899,-569
119900210,15,14,1
119900211,41,3,38
119900212,476,331,145
119900213,10,62,-52
119900214,34,63,-29
119900215,56,41,15
119900216,12,28,-16
119900217,10,35,-25
119900218,1,31,-30
119900219,14,53,-39
119900220,6,57,-51
119900221,17,102,-85
119900222,11,82,-71
119900223,7,29,-22
119900224,4,9,-5
119900225,394,31,363
119900226,273,1202,-929
119900227,571,156,415
119900228,8,130,-122
119900229,179,176,3
119900230,762,267,495
119900231,163,127,36
119900232,115,60,55
119900233,38,5,33
119900234,8,30,-22
119900235,5,17,-12
119900236,8,80,-72
119900237,18,194,-176
119900238,28,37,-9
119900240,45,88,-43
119900241,113,124,-11
119900242,633,858,-225
119900244,349,670,-321
119900245,71,120,-49
119900246,185,353,-168
119900247,22,89,-67
119900248,40,162,-122
119900249,117,64,53
119900253,1270,243,1027
119900254,69,615,-546
119900255,69,377,-308
119900256,515,452,63
119900257,60,4,56
119900258,80,3,77
119900259,20,82,-62
119900260,86,9,77
119900261,227,90,137
119900262,0,113,-113
119900263,842,217,625
119900264,87,93,-6
119900265,381,264,117
119900266,245,114,131
119900267,153,227,-74
119900268,121,87,34
119900269,730,552,178
119900271,13,43,-30
119900272,169,112,57
119900275,150,64,86
119900276,45,3,42
119900277,8,5,3
119900278,55,44,11
119900279,49,121,-72
119900280,401,117,284
119900281,0,156,-156
119900282,23,77,-54
119900283,12,136,-124
119900284,10,104,-94
119900285,23,58,-35
119900286,3,10,-7
119900288,0,20,-20
119900289,0,13,-13
119900290,0,13,-13
119900291,2,42,-40
119900292,16,43,-27
119900293,21,29,-8
119900294,28,39,-11
119900295,17,26,-9
119900296,62,74,-12
119900297,1,11,-10
119900298,0,0,0
119900299,70,98,-28
119900300,116,83,33
119900301,24,19,5
119900302,14,44,-30
119900303,133,37,96
119900304,106,6,100
119900305,4,69,-65
119900306,13,1,12
119900307,25,49,-24
119900308,3,11,-8
119900309,23,91,-68
119900310,212,135,77
119900311,66,77,-11
119900312,76,48,28
119900313,160,138,22
119900314,105,233,-128
119900315,1396,1178,218
119900318,10,20,-10
119900319,9,120,-111
119900320,115,230,-115
119900321,49,2,47
120000001,3864,11742,-7878
120000002,2118,1849,269
120000003,2109,1130,979
120000004,1879,1294,585
120000005,2379,1349,1030
120000006,929,889,40
120000007,2348,2404,-56
120000008,743,867,-124
120000009,1701,773,928
120000010,1621,1668,-47
120000011,752,1081,-329
120000012,1344,1443,-99
120000013,2390,1893,497
120000014,578,894,-316
120000015,1978,1044,934
120000016,2759,1734,1025
120000017,2103,1886,217
120000018,2623,9124,-6501
120000019,809,1229,-420
120000020,2267,2564,-297
120000021,1447,1790,-343
120000022,1979,2941,-962
120000023,870,1219,-349
120000024,908,1896,-988
120000025,2163,1445,718
120000026,1870,1356,514
120000027,1570,1576,-6
120000028,454,1062,-608
120000029,1030,720,310
120000030,681,612,69
120000031,1291,3549,-2258
120000032,5137,2586,2551
120000033,3848,1269,2579
120000034,1618,1200,418
120000035,1708,1156,552
120000036,2472,3531,-1059
120000037,570,1157,-587
120000038,3253,2464,789
120000039,516,662,-146
120000040,123,234,-111
120000041,936,944,-8
120000042,1583,1726,-143
120000043,3584,1007,2577
120000044,4178,1132,3046
120000045,4781,793,3988
120000046,3045,2085,960
120000047,608,3959,-3351
120000048,4333,2708,1625
120000049,2506,2051,455
120000050,2478,2703,-225
120000051,2006,2572,-566
120000052,5430,1409,4021
120000053,1070,1480,-410
120000054,1046,2394,-1348
120000055,1483,2987,-1504
120000056,3301,2482,819
120000057,2832,941,1891
120000058,1777,898,879
120000059,6,1242,-1236
120000061,69,444,-375
120000062,143,232,-89
120000063,1087,1587,-500
120000064,243,681,-438
120000065,405,896,-491
120000066,174,255,-81
120000067,25,317,-292
120000068,176,539,-363
120000069,576,573,3
120000070,110,419,-309
120000071,510,90,420
120000072,631,379,252
120000073,813,73,740
120000074,92,49,43
120000075,551,259,292
120000076,1858,334,1524
120000077,1632,552,1080
120000078,2444,1008,1436
120000079,451,295,156
120000080,293,305,-12
120000081,376,172,204
120000082,306,290,16
120000083,92,649,-557
120000084,272,246,26
120000085,257,292,-35
120000086,275,382,-107
120000087,234,325,-91
120000088,599,687,-88
120000089,790,444,346
120000090,582,356,226
120000091,650,652,-2
120000092,987,397,590
120000093,438,314,124
120000094,120,538,-418
120000095,749,275,474
120000096,282,418,-136
120000098,675,523,152
120000099,267,546,-279
120000100,614,615,-1
120000101,506,286,220
120000102,501,680,-179
120000103,1313,767,546
120000104,1626,412,1214
120000105,2707,540,2167
120000106,2163,515,1648
120000107,3504,524,2980
120000108,1269,125,1144
120000109,904,66,838
120000110,89,612,-523
120000111,107,747,-640
120000112,566,1568,-1002
120000113,558,1196,-638
120000114,791,1615,-824
120000115,259,1341,-1082
120000116,522,1204,-682
120000117,784,975,-191
120000118,34,36,-2
120000119,20,30,-10
120000120,69,71,-2
120000121,19,49,-30
120000122,171,284,-113
120000123,2262,4700,-2438
120000124,369,239,130
120000125,449,440,9
120000126,308,808,-500
120000127,1283,770,513
120000128,2037,2875,-838
120000129,257,201,56
120000130,583,379,204
120000131,272,439,-167
120000134,310,561,-251
120000135,477,302,175
120000137,199,549,-350
120000138,955,277,678
120000139,216,404,-188
120000140,745,272,473
120000141,183,296,-113
120000142,568,403,165
120000143,0,48,-48
120000144,95,2,93
120000145,408,3,405
120000146,679,644,35
120000149,521,722,-201
120000150,1832,8090,-6258
120000151,375,288,87
120000152,401,103,298
120000153,167,337,-170
120000154,411,409,2
120000155,124,199,-75
120000156,753,803,-50
120000157,872,407,465
120000158,696,619,77
120000159,1693,1514,179
120000160,1865,1223,642
120000161,1772,1601,171
120000162,56,228,-172
120000163,625,747,-122
120000164,529,233,296
120000165,588,509,79
120000166,1373,310,1063
120000167,109,69,40
120000168,7,281,-274
120000169,33,1131,-1098
120000170,39,1009,-970
120000171,12,302,-290
120000172,15,319,-304
120000173,982,1121,-139
120000174,92,40,52
120000175,115,39,76
120000176,109,34,75
120000177,642,96,546
120000178,19,8,11
120000179,104,28,76
120000180,130,39,91
120000181,41,749,-708
120000182,26,471,-445
120000183,9,238,-229
120000184,143,747,-604
120000186,40,567,-527
120000187,24,295,-271
120000188,38,376,-338
120000190,285,48,237
120000191,303,65,238
120000192,286,27,259
120000193,129,6,123
120000195,15,1,14
120000196,71,12,59
120000197,17,45,-28
120000198,131,60,71
120000199,66,4,62
120000200,120,0,120
120000201,18,19,-1
120000202,4,24,-20
120000203,65,126,-61
120000207,1,31,-30
120000208,21,131,-110
120000209,4,46,-42
120000210,42,44,-2
120000211,184,3,181
120000212,152,2,150
120000213,133,127,6
120000214,0,132,-132
120000215,0,89,-89
120000216,85,17,68
120000217,501,888,-387
120000218,97,466,-369
120000219,5,262,-257
120000220,3,774,-771
120000225,1296,3,1293
120000226,232,1,231
120000227,739,57,682
120000228,7252,2549,4703
120000230,383,10,373
120000231,1076,1422,-346
120000233,223,3,220
120000235,227,436,-209
120000236,799,3,796
120000237,0,658,-658
120000238,2,791,-789
120000241,960,2498,-1538
120000412,200,7,193
120000413,166,94,72
120000414,143,1,142
120000415,1,54,-53
120000416,92,1,91
120000417,1,51,-50
120000418,94,5,89
120000419,1,133,-132
120000420,43,13,30
120000421,6014,3798,2216
120000422,107,1286,-1179
120000423,5,63,-58
120000424,75,102,-27
120000436,108,630,-522
120000437,104,78,26
120000438,1528,203,1325
120000439,142,418,-276
120000443,193,1,192
120000444,1246,319,927
120000445,1429,835,594
120000446,609,142,467
120000447,190,1,189
120000449,74,1,73
120000450,2,92,-90
120000451,69,128,-59
120000452,186,4,182
120000453,0,79,-79
120000454,65,37,28
120000455,80,37,43
120000456,1524,2732,-1208
120000457,561,340,221
120000458,369,455,-86
120000459,53,64,-11
120000665,413,167,246
120000668,71,550,-479
120000669,105,143,-38
120000670,103,574,-471
120000671,1010,427,583
120000672,92,413,-321
120900001,68,104,-36
120900002,138,235,-97
120900003,126,11,115
120900004,5,40,-35
120900005,13,845,-832
120900006,336,194,142
120900007,158,76,82
120900008,247,691,-444
120900009,579,33,546
120900010,351,88,263
120900011,181,145,36
120900012,90,797,-707
120900013,267,81,186
120900014,0,232,-232
120900015,892,86,806
120900016,775,50,725
120900017,1341,52,1289
120900018,89,225,-136
120900019,410,353,57
120900020,559,943,-384
120900021,679,163,516
120900022,26,193,-167
120900023,238,54,184
120900024,1215,382,833
120900025,1083,641,442
120900026,116,114,2
120900027,727,19,708
120900028,397,92,305
120900029,81,481,-400
120900030,1231,589,642
120900031,220,102,118
120900032,1134,71,1063
120900033,900,96,804
120900034,13,1877,-1864
120900035,37,51,-14
120900037,220,9,211
120900038,46,276,-230
120900039,59,32,27
120900040,231,4,227
120900041,108,25,83
120900042,525,35,490
120900043,63,42,21
120900044,13,226,-213
120900045,132,35,97
120900046,425,8,417
120900047,108,75,33
120900048,135,37,98
120900049,433,1,432
120900050,1094,1268,-174
120900051,283,58,225
120900052,560,6,554
120900053,239,30,209
120900054,1173,282,891
120900055,411,1,410
120900056,559,11,548
120900057,127,13,114
120900058,500,1,499
120900059,72,1,71
120900060,59,11,48
120900061,149,101,48
120900062,270,0,270
120900063,707,9,698
120900064,478,1,477
120900065,428,3,425
120900066,211,129,82
120900067,128,54,74
120900068,291,0,291
120900069,171,9,162
120900071,20,1,19
120900072,731,9,722
120900073,517,37,480
120900074,364,4,360
120900076,316,1,315
120900077,1270,98,1172
120900078,745,673,72
120900079,521,73,448
120900080,942,972,-30
120900081,1070,143,927
120900082,293,247,46
120900083,101,4,97
120900084,255,341,-86
120900085,38,125,-87
120900086,42,264,-222
120900087,359,387,-28
120900088,140,300,-160
120900089,1762,2217,-455
120900090,238,74,164
120900091,534,777,-243
120900092,977,286,691
120900093,1284,96,1188
120900094,320,106,214
120900095,272,4,268
120900096,14,76,-62
120900097,503,406,97
120900098,197,84,113
120900099,66,50,16
120900100,34,152,-118
120900101,414,144,270
120900102,43,56,-13
120900103,40,171,-131
120900104,16,51,-35
120900105,28,326,-298
120900106,1004,323,681
120900107,142,70,72
120900108,2,315,-313
120900109,25,376,-351
120900110,7,410,-403
120900111,173,218,-45
120900112,8,518,-510
120900113,12,422,-410
120900114,37,99,-62
120900115,133,219,-86
120900116,278,229,49
120900117,2,297,-295
120900118,8,368,-360
120900119,4261,2727,1534
120900120,49,275,-226
120900121,65,271,-206
120900122,370,224,146
120900123,4,203,-199
120900124,0,297,-297
120900125,4,373,-369
120900126,1118,612,506
120900127,6,284,-278
120900128,899,917,-18
120900129,26,160,-134
120900130,0,104,-104
120900131,128,47,81
120900132,916,134,782
120900133,77,418,-341
120900134,608,290,318
120900135,1,320,-319
120900136,25,33,-8
120900137,156,46,110
120900138,15,107,-92
120900139,4,319,-315
120900140,6,45,-39
120900141,87,153,-66
120900142,7,249,-242
120900143,1,398,-397
120900144,1,91,-90
120900145,154,543,-389
120900146,3,481,-478
120900147,34,323,-289
120900148,61,97,-36
120900149,0,111,-111
120900150,80,360,-280
120900151,31,318,-287
120900152,202,29,173
120900153,49,94,-45
120900154,0,122,-122
120900155,125,549,-424
120900156,138,260,-122
120900157,46,279,-233
120900158,61,351,-290
120900159,184,423,-239
120900160,18,516,-498
120900161,53,364,-311
120900162,122,466,-344
120900163,116,393,-277
120900164,0,48,-48
120900165,15,195,-180
120900166,25,239,-214
120900167,180,69,111
120900169,49,156,-107
120900170,528,2131,-1603
120900171,561,155,406
120900172,242,864,-622
120900173,4,36,-32
120900174,1,60,-59
120900175,229,67,162
120900176,7,258,-251
120900177,4,1115,-1111
120900178,6,216,-210
120900179,565,310,255
120900180,49,125,-76
120900181,47,30,17
120900182,14,254,-240
120900183,405,22,383
120900184,251,30,221
120900185,2,228,-226
120900186,0,314,-314
120900187,413,663,-250
120900188,202,5,197
120900189,63,1572,-1509
120900190,92,7,85
120900191,12,8,4
120900192,5104,6526,-1422
120900194,44,40,4
120900195,75,153,-78
120900196,610,28,582
120900197,606,111,495
120900198,159,360,-201
120900199,297,322,-25
120900200,53,90,-37
120900201,346,80,266
120900202,0,93,-93
120900203,34,64,-30
120900204,95,136,-41
120900205,35,31,4
120900206,22,20,2
120900207,47,751,-704
121000001,352,518,-166
121000002,1312,809,503
121000003,1805,1075,730
121000004,1476,2006,-530
121000005,1130,1627,-497
121000006,1845,1451,394
121000007,1561,1975,-414
121000008,3071,2616,455
121000009,2791,3398,-607
121000010,4319,3454,865
121000011,3516,5997,-2481
121000012,7937,4985,2952
121000013,3429,4414,-985
121000014,5158,4016,1142
121000015,2515,4618,-2103
121000016,2762,2183,579
121000017,1068,1816,-748
121000018,1155,966,189
121000019,8738,6200,2538
121000020,7341,10649,-3308
121000021,2571,3402,-831
121000022,1673,2089,-416
121000023,2328,1938,390
121000024,3414,3633,-219
121000025,148,648,-500
121000026,418,157,261
121000027,925,847,78
121000028,622,297,325
121000029,575,354,221
121000030,297,164,133
121000031,386,472,-86
121000032,134,109,25
121000034,243,163,80
121000035,138,137,1
121000036,422,445,-23
121000037,331,341,-10
121000038,354,545,-191
121000039,205,238,-33
121000041,397,250,147
121000042,180,266,-86
121000043,280,188,92
121000044,727,432,295
121000045,518,478,40
121000046,545,663,-118
121000047,232,282,-50
121000049,798,416,382
121000050,194,655,-461
121000051,689,277,412
121000052,448,553,-105
121000053,218,79,139
121000054,30,225,-195
121000055,815,871,-56
121000056,493,754,-261
121000057,44,167,-123
121000058,412,230,182
121000059,1216,676,540
121000060,274,690,-416
121000061,56,184,-128
121000062,79,224,-145
121000063,460,528,-68
121000064,464,550,-86
121000065,122,229,-107
121000066,474,410,64
121000067,333,320,13
121000068,381,292,89
121000069,287,554,-267
121000070,980,793,187
121000071,1140,985,155
121000072,771,456,315
121000073,766,704,62
121000074,77,123,-46
121000075,16,191,-175
121000076,467,241,226
121000077,74,130,-56
121000078,79,92,-13
121000080,1360,404,956
121000081,1678,2111,-433
121000082,0,0,0
121000083,183,180,3
121000084,438,360,78
121000085,312,501,-189
121000086,233,457,-224
121000087,47,189,-142
121000088,381,346,35
121000089,187,231,-44
121000090,226,281,-55
121000091,716,567,149
121000092,122,60,62
121000093,151,139,12
121000094,311,460,-149
121000095,251,520,-269
121000096,1914,1537,377
121000097,489,1494,-1005
121000098,350,533,-183
121000099,496,457,39
121000100,495,179,316
121000101,329,186,143
121000102,304,178,126
121000103,159,165,-6
121000104,208,99,109
121000105,319,143,176
121000106,255,241,14
121000107,1630,2544,-914
121000109,750,771,-21
121000110,198,436,-238
121000114,2560,1635,925
121000115,769,474,295
121000116,209,552,-343
121000117,358,147,211
121000118,1065,181,884
121000119,258,256,2
121000120,202,394,-192
121000121,339,1034,-695
121000123,1173,870,303
121000127,92,60,32
121000128,974,255,719
121000129,895,382,513
121000130,511,560,-49
121000131,1538,1473,65
121000132,1641,1377,264
121000135,187,228,-41
121000136,730,569,161
121000137,335,211,124
121000138,571,681,-110
121000139,321,232,89
121000141,146,82,64
121000142,1383,1425,-42
121000143,62,22,40
121000144,450,1192,-742
121000145,479,682,-203
121000146,985,782,203
121000147,878,343,535
121000148,745,693,52
121000149,1725,967,758
121000152,354,352,2
121000153,1214,434,780
121000154,782,376,406
121000155,945,691,254
121000156,316,784,-468
121000157,512,754,-242
121000158,233,209,24
121000159,160,229,-69
121000160,419,445,-26
121000161,168,199,-31
121000162,80,70,10
121000165,726,1339,-613
121000166,12,314,-302
121000168,343,219,124
121000169,59,76,-17
121000170,250,62,188
121000171,54,109,-55
121000172,588,426,162
121000173,849,856,-7
121000174,332,338,-6
121000175,809,274,535
121000176,354,192,162
121000177,606,376,230
121000178,91,35,56
121000179,73,45,28
121000181,438,261,177
121000182,101,143,-42
121000183,66,98,-32
121000184,41,102,-61
121000185,30,178,-148
121000186,169,345,-176
121000187,136,126,10
121000188,182,102,80
121000192,643,306,337
121000193,499,332,167
121000194,1171,1351,-180
121000195,154,600,-446
121000196,362,146,216
121000197,124,394,-270
121000198,141,75,66
121000199,92,176,-84
121000200,373,35,338
121000201,6,144,-138
121000202,422,96,326
121000203,618,1198,-580
121000204,2323,409,1914
121000205,63,149,-86
121000206,76,34,42
121000207,1386,292,1094
121000208,1,143,-142
121000209,236,64,172
121000210,538,260,278
121000211,211,60,151
121000212,387,360,27
121000213,5977,1825,4152
121000214,617,1248,-631
121000215,708,597,111
121000216,341,429,-88
121000217,2267,1981,286
121000218,295,948,-653
121000219,1111,779,332
121000220,103,56,47
121000221,78,191,-113
121000222,1035,1361,-326
121000223,385,201,184
121000224,204,239,-35
121000225,747,1446,-699
121000226,1811,959,852
121000227,10,118,-108
121000228,25,396,-371
121000229,263,233,30
121000230,70,1057,-987
121000231,742,35,707
121000232,287,232,55
121000233,410,263,147
121000234,16,20,-4
121000235,49,46,3
121000236,3,37,-34
121000237,72,8,64
121000238,2,35,-33
121000239,27,4,23
121000240,5,112,-107
121000241,84,10,74
121000242,44,374,-330
121000243,305,87,218
121000244,9,85,-76
121000245,46,14,32
121000246,4,89,-85
121000247,93,1,92
121000248,429,455,-26
121000249,189,311,-122
121000250,367,184,183
121000251,25,181,-156
121000252,69,57,12
121000253,182,159,23
121000254,484,96,388
121000255,123,191,-68
121000256,176,158,18
121000257,53,122,-69
121000258,56,76,-20
121000259,25,58,-33
121000260,39,44,-5
121000261,42,71,-29
121000262,624,406,218
121000263,453,384,69
121000271,241,799,-558
121000273,27,1,26
121000274,13,53,-40
121000275,1,14,-13
121000276,4,34,-30
121000278,48,20,28
121000279,14,21,-7
121000280,22,33,-11
121000289,211,16,195
121000290,795,838,-43
121000294,125,41,84
121000297,802,924,-122
121000299,78,357,-279
121000300,537,563,-26
121000302,28,519,-491
121000303,356,193,163
121000304,416,39,377
121000305,156,82,74
121000306,90,81,9
121000308,141,259,-118
121000309,302,405,-103
121000310,117,240,-123
121000311,56,419,-363
121000312,223,141,82
121000313,188,259,-71
121000314,213,188,25
121000315,111,190,-79
121000530,1249,886,363
121000531,1249,1172,77
121000532,4419,5090,-671
121000533,2319,2573,-254
121000919,41,69,-28
121000938,55,131,-76
121000939,63,107,-44
121000956,1147,719,428
121000957,2,9,-7
121000958,21,17,4
121000959,646,396,250
121000960,1040,1143,-103
121000961,213,42,171
121000962,255,329,-74
121000973,1,144,-143
121000976,16,124,-108
121000979,356,129,227
121000981,243,91,152
121000982,351,116,235
121000983,475,262,213
121000984,13,60,-47
121000985,595,356,239
121000986,248,88,160
121000987,230,580,-350
121000988,750,145,605
121001302,129,88,41
121001308,0,11,-11
121001309,23,107,-84
121001311,0,0,0
121001313,220,143,77
121001314,1328,1651,-323
121001315,3528,2230,1298
121001326,275,278,-3
121001327,73,94,-21
121001328,119,28,91
121900001,110,128,-18
121900002,35,32,3
121900003,314,3,311
121900004,66,248,-182
121900005,16,6,10
121900006,79,14,65
121900007,1032,1177,-145
121900008,194,167,27
121900009,277,7,270
121900010,189,2,187
121900011,106,166,-60
121900012,6,0,6
121900013,755,67,688
121900014,775,276,499
121900015,147,119,28
121900016,4,29,-25
121900017,349,216,133
121900018,265,5,260
121900019,295,143,152
121900020,13,3,10
121900021,768,29,739
121900022,199,167,32
121900023,99,152,-53
121900024,261,59,202
121900025,389,332,57
121900026,146,29,117
121900027,231,76,155
121900028,151,12,139
121900029,63,120,-57
121900030,296,404,-108
121900031,651,4120,-3469
121900032,54,45,9
121900033,115,195,-80
121900034,222,74,148
121900035,1742,1377,365
121900036,71,159,-88
121900037,102,795,-693
121900038,19,61,-42
121900039,252,27,225
121900040,63,72,-9
121900041,70,130,-60
121900042,255,86,169
121900043,4,4,0
121900044,49,32,17
121900046,133,176,-43
121900047,141,45,96
121900048,28,55,-27
121900050,28,51,-23
121900051,146,147,-1
121900052,103,27,76
121900053,316,164,152
121900054,303,637,-334
121900055,0,10,-10
121900058,162,85,77
121900059,211,89,122
121900060,102,263,-161
121900062,99,65,34
121900063,989,352,637
121900064,214,388,-174
121900066,47,18,29
121900067,17,22,-5
121900069,136,61,75
121900070,82,120,-38
121900071,270,145,125
121900072,39,105,-66
121900073,187,137,50
121900074,447,609,-162
121900075,285,417,-132
121900076,275,474,-199
121900078,42,18,24
121900079,0,0,0
121900080,435,209,226
121900082,43,64,-21
121900084,11,45,-34
121900086,12,26,-14
121900087,117,90,27
121900088,831,1383,-552
121900089,124,177,-53
121900090,15,45,-30
121900091,71,48,23
121900092,66,73,-7
121900093,75,51,24
121900094,7,13,-6
121900095,214,108,106
121900096,810,610,200
121900097,403,121,282
121900098,4,0,4
121900099,162,33,129
121900100,87,295,-208
121900101,97,114,-17
121900102,0,53,-53
121900103,282,222,60
121900104,1033,231,802
121900105,194,145,49
121900106,1,0,1
121900107,40,8,32
121900108,2,17,-15
121900109,185,108,77
121900110,418,380,38
121900111,468,116,352
121900112,91,103,-12
121900113,56,363,-307
121900114,21,34,-13
121900117,63,44,19
121900118,1044,454,590
121900119,116,56,60
121900120,34,703,-669
121900121,208,28,180
121900122,20,25,-5
121900123,143,250,-107
121900124,128,147,-19
121900125,715,579,136
121900127,15,47,-32
121900128,37,73,-36
121900129,294,116,178
121900130,51,151,-100
121900131,147,64,83
121900132,33,34,-1
121900133,62,926,-864
121900134,16,109,-93
121900135,2284,203,2081
121900136,282,197,85
121900137,16,136,-120
121900138,51,79,-28
121900139,228,538,-310
121900140,51,102,-51
121900141,81,27,54
121900142,96,55,41
121900143,3,93,-90
121900144,84,146,-62
121900145,146,171,-25
121900146,394,446,-52
121900147,47,106,-59
121900148,102,137,-35
121900149,158,370,-212
121900150,39,86,-47
121900151,57,182,-125
121900152,63,69,-6
121900153,47,417,-370
121900154,7,148,-141
121900155,4,88,-84
121900156,116,75,41
121900157,0,215,-215
121900158,50,74,-24
121900159,2,123,-121
121900160,1,180,-179
121900161,169,215,-46
121900162,58,97,-39
121900163,299,290,9
121900164,255,136,119
121900165,140,81,59
121900166,154,96,58
121900167,55,71,-16
121900168,105,121,-16
121900169,5,148,-143
121900170,9,107,-98
121900171,535,403,132
121900172,383,138,245
121900173,409,175,234
121900174,29,40,-11
121900175,101,126,-25
121900176,360,965,-605
121900177,155,73,82
121900178,57,18,39
121900179,299,127,172
121900180,1726,3006,-1280
121900182,480,215,265
121900183,365,647,-282
121900184,30,399,-369
121900186,0,196,-196
121900187,28,77,-49
121900188,316,201,115
121900189,30,36,-6
121900190,158,315,-157
121900191,50,166,-116
121900192,157,647,-490
121900193,36,129,-93
121900194,7,111,-104
121900195,32,50,-18
121900196,480,528,-48
121900197,213,918,-705
121900198,890,620,270
121900199,1,25,-24
121900200,36,168,-132
121900201,633,398,235
121900202,78,427,-349
121900203,112,473,-361
121900204,505,818,-313
121900205,15,47,-32
121900206,10,16,-6
121900207,75,17,58
121900208,118,189,-71
121900209,47,18,29
121900210,927,640,287
121900211,286,280,6
121900212,58,79,-21
121900213,149,51,98
121900214,5,268,-263
121900215,62,61,1
121900216,18,121,-103
121900217,115,116,-1
121900218,139,256,-117
121900220,47,8,39
121900221,153,307,-154
121900222,167,85,82
121900223,90,24,66
121900224,62,20,42
121900225,95,109,-14
121900226,170,83,87
121900227,146,386,-240
121900228,130,144,-14
121900230,72,151,-79
121900231,140,618,-478
121900232,67,190,-123
121900233,121,133,-12
121900234,187,119,68
121900235,340,80,260
121900236,191,72,119
121900237,161,168,-7
121900238,80,146,-66
121900239,100,10,90
121900240,166,54,112
121900241,39,39,0
121900242,8,0,8
121900243,4,0,4
121900244,23,1,22
121900245,107,42,65
121900246,1779,204,1575
121900248,729,842,-113
121900250,134,222,-88
121900251,314,27,287
121900252,311,69,242
121900253,108,667,-559
121900254,288,204,84
121900255,346,38,308
121900258,2431,1248,1183
121900259,319,414,-95
121900260,41,67,-26
121900261,118,324,-206
121900262,251,557,-306
121900263,190,185,5
121900264,980,721,259
121900265,183,128,55
121900266,343,73,270
121900267,60,29,31
121900269,129,465,-336
121900270,11,145,-134
121900271,23,87,-64
121900273,283,1213,-930
121900274,212,134,78
121900277,331,729,-398
121900278,60,604,-544
121900279,71,115,-44
121900280,36,190,-154
121900281,174,247,-73
121900284,46,5,41
121900286,84,41,43
121900287,7,16,-9
121900288,2,0,2
121900290,182,268,-86
121900291,236,491,-255
121900292,75,87,-12
121900293,712,1871,-1159
121900294,142,0,142
121900295,84,144,-60
121900296,26,62,-36
121900298,197,674,-477
121900299,0,4,-4
121900300,56,12,44
121900301,85,2,83
121900302,2,24,-22
121900303,181,178,3
121900304,3,22,-19
121900305,1,9,-8
121900306,219,0,219
121900307,81,0,81
121900308,27,140,-113
121900309,3,156,-153
121900310,10,231,-221
121900311,418,14,404
121900312,238,15,223
121900313,323,9,314
121900314,0,33,-33
121900315,11,0,11
121900316,0,8,-8
121900317,12,0,12
121900318,0,14,-14
121900319,29,83,-54
121900320,22,47,-25
121900321,15,0,15
121900322,0,11,-11
121900323,19,18,1
121900324,0,35,-35
121900325,10,1,9
121900326,2,6,-4
121900327,2,36,-34
121900328,0,18,-18
121900329,1,97,-96
121900330,2,51,-49
121900331,33,14,19
121900332,60,16,44
121900333,24,1,23
121900334,58,41,17
122000001,1212,3492,-2280
122000002,2459,1021,1438
122000003,1255,2308,-1053
122000004,1746,1006,740
122000005,1664,1462,202
122000006,1109,805,304
122000007,679,1254,-575
122000008,1656,2589,-933
122000009,352,320,32
122000010,1354,1710,-356
122000011,2013,1495,518
122000012,1039,1125,-86
122000013,608,749,-141
122000014,1416,745,671
122000015,811,622,189
122000016,343,530,-187
122000017,685,665,20
122000018,918,850,68
122000019,645,818,-173
122000020,117,131,-14
122000021,167,306,-139
122000022,867,674,193
122000023,487,950,-463
122000024,456,965,-509
122000025,543,1130,-587
122000026,520,999,-479
122000027,456,1079,-623
122000028,539,319,220
122000029,203,280,-77
122000030,146,105,41
122000031,114,220,-106
122000032,1394,1219,175
122000033,418,1021,-603
122000034,334,408,-74
122000035,126,383,-257
122000036,347,340,7
122000037,174,140,34
122000038,128,207,-79
122000039,447,324,123
122000040,161,197,-36
122000041,353,396,-43
122000042,225,376,-151
122000043,55,64,-9
122000044,85,82,3
122000045,1040,386,654
122000046,595,436,159
122000047,108,124,-16
122000048,2169,2584,-415
122000049,3476,2391,1085
122000050,899,588,311
122000051,151,270,-119
122000052,302,338,-36
122000053,142,653,-511
122000054,1649,1232,417
122000055,1570,2456,-886
122000056,2720,2195,525
122000057,1907,2629,-722
122000058,1286,1328,-42
122000059,1258,1720,-462
122000060,335,566,-231
122000061,276,417,-141
122000062,597,225,372
122000063,608,569,39
122000064,2143,2442,-299
122000065,1786,1401,385
122000066,297,311,-14
122000067,1230,930,300
122000068,972,667,305
122000069,637,607,30
122000070,523,831,-308
122000071,1265,685,580
122000072,347,339,8
122000073,292,587,-295
122000074,1778,1055,723
122000075,520,764,-244
122000076,2120,959,1161
122000077,646,995,-349
122000078,1053,2666,-1613
122000079,773,1194,-421
122000080,475,308,167
122000081,125,146,-21
122000082,440,804,-364
122000083,1163,912,251
122000084,978,548,430
122000085,177,488,-311
122000086,1652,3088,-1436
122000087,167,144,23
122000088,127,229,-102
122000089,2881,1454,1427
122000090,92,356,-264
122000091,79,59,20
122000092,51,21,30
122000093,647,1112,-465
122000094,3037,1823,1214
122000095,949,2122,-1173
122000096,960,1036,-76
122000098,1220,1325,-105
122000099,927,522,405
122000100,511,421,90
122000101,242,393,-151
122000102,1279,766,513
122000103,1327,1048,279
122000104,364,116,248
122000105,383,189,194
122000106,283,415,-132
122000107,686,240,446
122000108,301,526,-225
122000109,327,180,147
122000110,224,393,-169
122000111,1813,919,894
122000112,713,967,-254
122000113,488,451,37
122000114,1326,1049,277
122000115,1108,824,284
122000116,247,324,-77
122000117,801,339,462
122000118,460,559,-99
122000119,2085,1443,642
122000120,1501,3014,-1513
122000121,1134,2462,-1328
122000122,608,1118,-510
122000123,1099,964,135
122000124,954,686,268
122000125,309,448,-139
122000126,468,675,-207
122000127,639,850,-211
122000128,312,485,-173
122000129,363,1108,-745
122000130,1927,811,1116
122000131,1082,922,160
122000132,379,449,-70
122000133,659,743,-84
122000134,769,689,80
122000135,600,514,86
122000136,611,471,140
122000137,1221,599,622
122000139,665,2092,-1427
122000140,500,417,83
122000141,2057,613,1444
122000142,123,562,-439
122000143,332,384,-52
122000144,1095,962,133
122000145,600,535,65
122000146,464,788,-324
122000147,452,457,-5
122000148,438,642,-204
122000149,1306,1140,166
122000150,913,765,148
122000151,45,51,-6
122000152,331,541,-210
122000153,193,293,-100
122000154,204,213,-9
122000155,1058,1747,-689
122000156,799,1052,-253
122000157,1361,2205,-844
122000158,226,453,-227
122000159,587,1380,-793
122000160,2271,1893,378
122000161,940,1200,-260
122000162,1279,1618,-339
122000163,151,40,111
122000164,38,69,-31
122000165,500,474,26
122000166,672,723,-51
122000167,204,163,41
122000168,128,421,-293
122000169,229,149,80
122000170,276,156,120
122000171,26,55,-29
122000172,1239,830,409
122000173,933,1445,-512
122000174,1053,662,391
122000175,633,196,437
122000176,218,578,-360
122000177,1034,909,125
122000178,1641,1557,84
122000179,1024,1559,-535
122000180,890,795,95
122000181,1592,1943,-351
122000182,941,1020,-79
122000183,1492,712,780
122000184,2160,1574,586
122000185,1097,1375,-278
122000186,330,602,-272
122000187,1251,703,548
122000188,325,207,118
122000189,177,232,-55
122000190,601,823,-222
122000191,488,391,97
122000192,778,286,492
122000193,267,463,-196
122000194,388,160,228
122000195,120,327,-207
122000196,781,482,299
122000197,382,541,-159
122000198,507,618,-111
122000199,237,207,30
122000200,644,445,199
122000201,889,1297,-408
122000202,1040,1557,-517
122000203,1547,866,681
122000204,1386,1500,-114
122000205,807,887,-80
122000206,2027,782,1245
122000207,1456,1033,423
122000208,1469,966,503
122000209,1296,287,1009
122000210,1639,1162,477
122000211,1017,810,207
122000212,510,313,197
122000213,759,911,-152
122000214,1247,1090,157
122000215,1701,1475,226
122000217,1153,850,303
122000218,497,41,456
122000219,908,642,266
122000220,371,456,-85
122000221,58,226,-168
122000222,444,114,330
122000223,912,484,428
122000225,546,388,158
122000226,1335,1100,235
122000227,198,1494,-1296
122000228,261,254,7
122000229,21,317,-296
122000230,58,301,-243
122000231,166,545,-379
122000232,450,565,-115
122000233,1,71,-70
122000234,340,83,257
122000235,690,108,582
122000236,913,82,831
122000237,109,70,39
122000238,220,208,12
122000239,464,110,354
122000240,927,458,469
122000241,1481,370,1111
122000242,457,89,368
122000243,232,66,166
122000244,69,237,-168
122000245,86,142,-56
122000246,255,72,183
122000247,414,408,6
122000248,849,975,-126
122000249,1017,664,353
122000250,1794,924,870
122000251,165,343,-178
122000252,383,75,308
122000253,49,121,-72
122000254,211,55,156
122000255,458,852,-394
122000256,293,440,-147
122000257,110,180,-70
122000258,214,133,81
122000259,18,333,-315
122000260,150,476,-326
122000261,12,150,-138
122000262,3,28,-25
122000263,187,164,23
122000264,963,277,686
122000265,1671,695,976
122000266,2802,492,2310
122000267,204,90,114
122000268,97,214,-117
122000269,620,201,419
122000270,388,110,278
122000271,273,708,-435
122000272,246,639,-393
122000273,360,288,72
122000274,208,136,72
122000275,278,178,100
122000276,484,339,145
122000277,941,1028,-87
122000278,1929,887,1042
122000279,122,188,-66
122000280,542,370,172
122000281,416,357,59
122000282,147,356,-209
122000283,239,94,145
122000284,142,64,78
122000285,338,63,275
122000286,55,125,-70
122000287,941,963,-22
122000288,379,163,216
122000291,1596,542,1054
122000293,156,180,-24
122000294,98,210,-112
122000295,805,119,686
122000296,24,430,-406
122000297,1228,1626,-398
122000299,644,1275,-631
122000300,484,445,39
122000301,4867,2143,2724
122000302,378,1169,-791
122000303,1628,702,926
122000304,51,152,-101
122000305,854,367,487
122000306,38,331,-293
122000307,69,39,30
122000309,61,31,30
122000310,49,127,-78
122000311,158,167,-9
122000312,98,144,-46
122000313,182,73,109
122000314,127,180,-53
122000315,194,44,150
122000316,697,173,524
122000317,1144,191,953
122000318,155,282,-127
122000319,105,223,-118
122000320,195,714,-519
122000321,76,126,-50
122000322,1265,1467,-202
122000323,909,1770,-861
122000324,791,817,-26
122000325,551,1484,-933
122000326,83,53,30
122000327,323,633,-310
122000328,604,408,196
122000330,1366,552,814
122000333,10,74,-64
122000337,940,814,126
122000338,426,353,73
122000340,209,374,-165
122000342,1044,582,462
122000343,357,682,-325
122000344,80,12,68
122000345,281,51,230
122000346,248,223,25
122000348,696,521,175
122000349,75,391,-316
122000351,158,158,0
122000352,277,137,140
122000353,92,64,28
122000355,117,219,-102
122000356,921,1209,-288
122000357,47,9,38
122000358,0,37,-37
122000359,0,15,-15
122000360,0,26,-26
122000362,7,48,-41
122000364,147,203,-56
122000365,0,33,-33
122000366,4,6,-2
122000368,356,439,-83
122000370,16,31,-15
122000371,27,1,26
122000372,18,0,18
122000381,75,203,-128
122000382,58,244,-186
122000384,1310,765,545
122000385,48,0,48
122000386,172,909,-737
122000387,469,746,-277
122000388,802,557,245
122000389,126,541,-415
122000390,385,249,136
122000391,162,140,22
122000392,127,148,-21
122000393,266,259,7
122000394,363,195,168
122000395,112,108,4
122000396,213,84,129
122000399,151,49,102
122000400,84,529,-445
122000401,82,53,29
122000402,214,122,92
122000403,255,399,-144
122000404,103,58,45
122000408,566,705,-139
122000503,6,75,-69
122000524,116,91,25
122000544,33,1596,-1563
122000614,373,326,47
122000616,196,2,194
122000640,69,116,-47
122000641,128,161,-33
122000642,892,529,363
122000643,55,169,-114
122000644,186,105,81
122000645,211,300,-89
122000651,725,732,-7
122000664,177,38,139
122000665,774,389,385
122000666,496,782,-286
122000673,31,122,-91
122000674,130,34,96
122000675,1515,641,874
122000686,87,371,-284
122000687,577,108,469
122000688,183,320,-137
122000689,516,56,460
122000690,1675,289,1386
122000691,556,782,-226
122000692,1785,427,1358
122000693,583,1178,-595
122000695,195,164,31
122000696,334,102,232
122000698,391,397,-6
122000699,108,34,74
122000701,1689,354,1335
122000702,392,734,-342
122000703,103,40,63
122000712,0,0,0
122000717,689,145,544
122000718,432,1641,-1209
122000719,93,45,48
122000720,497,137,360
122000724,197,209,-12
122900001,25,10,15
122900002,636,3525,-2889
122900003,310,29,281
122900004,810,46,764
122900005,70,42,28
122900006,322,357,-35
122900007,91,59,32
122900008,285,160,125
122900009,298,277,21
122900010,114,85,29
122900012,158,313,-155
122900014,106,158,-52
122900015,678,607,71
122900016,105,155,-50
122900017,199,486,-287
122900018,104,29,75
122900020,122,270,-148
122900021,31,218,-187
122900022,707,546,161
122900023,268,84,184
122900024,78,88,-10
122900025,5,209,-204
122900026,28,171,-143
122900027,39,469,-430
122900028,114,105,9
122900029,3143,1888,1255
122900030,681,391,290
122900031,28,163,-135
122900032,86,200,-114
122900033,196,120,76
122900034,2719,3142,-423
122900035,10,5,5
122900036,27,44,-17
122900037,227,100,127
122900038,68,1813,-1745
122900039,77,399,-322
122900040,174,285,-111
122900041,230,264,-34
122900042,122,148,-26
122900043,191,182,9
122900044,78,217,-139
122900045,96,68,28
122900046,133,209,-76
122900047,85,176,-91
122900048,22,143,-121
122900049,1093,97,996
122900051,84,89,-5
122900052,112,142,-30
122900053,18,22,-4
122900055,170,47,123
122900057,192,41,151
122900061,355,94,261
122900062,406,373,33
122900063,121,138,-17
122900064,507,260,247
122900065,364,233,131
122900066,521,252,269
122900067,675,340,335
122900069,190,854,-664
122900070,247,43,204
122900071,99,200,-101
122900073,18,152,-134
122900074,590,282,308
122900075,5,32,-27
122900076,9,113,-104
122900077,5,63,-58
122900078,156,32,124
122900080,31,61,-30
122900081,117,86,31
122900082,617,131,486
122900083,71,65,6
122900084,6,126,-120
122900086,4,73,-69
122900087,319,302,17
122900088,18,128,-110
122900089,86,241,-155
122900090,2,253,-251
122900091,189,2,187
122900092,0,47,-47
122900093,1,116,-115
122900094,1,88,-87
122900095,77,16,61
122900096,250,87,163
122900097,29,38,-9
122900098,30,79,-49
122900099,72,14,58
122900100,91,185,-94
122900101,256,165,91
122900102,26,30,-4
122900103,140,7,133
122900104,225,2,223
122900105,7,12,-5
122900106,0,28,-28
122900107,2,75,-73
122900108,0,84,-84
122900109,182,82,100
123000001,622,257,365
123000002,1861,2506,-645
123000003,1827,2114,-287
123000004,2005,3006,-1001
123000005,1692,1684,8
123000006,1588,1919,-331
123000007,3161,2095,1066
123000008,1628,1566,62
123000009,3251,1854,1397
123000010,2251,2448,-197
123000011,1296,559,737
123000012,843,1646,-803
123000013,2174,592,1582
123000014,565,1562,-997
123000015,1688,766,922
123000016,821,2004,-1183
123000017,2533,1460,1073
123000018,53,72,-19
123000019,304,104,200
123000020,196,48,148
123000021,115,109,6
123000022,222,1260,-1038
123000023,1238,1299,-61
123000024,1340,526,814
123000025,214,57,157
123000026,37,69,-32
123000027,99,411,-312
123000028,800,698,102
123000029,595,973,-378
123000030,201,157,44
123000031,217,146,71
123000032,258,110,148
123000033,232,67,165
123000034,832,491,341
123000035,289,288,1
123000036,163,610,-447
123000037,240,204,36
123000038,27,172,-145
123000039,317,1213,-896
123000040,486,224,262
123000041,858,908,-50
123000042,604,463,141
123000043,886,3024,-2138
123000044,2829,1554,1275
123000045,2435,1467,968
123000046,376,1127,-751
123000047,794,425,369
123000048,34,798,-764
123000049,2235,5671,-3436
123000050,1461,1917,-456
123000051,84,211,-127
123000052,783,2031,-1248
123000053,1360,1835,-475
123000054,1292,1455,-163
123000055,1506,1968,-462
123000056,777,784,-7
123000057,5330,4438,892
123000058,582,760,-178
123000059,767,2773,-2006
123000060,820,468,352
123000061,1346,1438,-92
123000063,283,267,16
123000064,780,233,547
123000065,1718,1063,655
123000066,510,440,70
123000067,791,460,331
123000068,1771,1648,123
123000069,4026,2049,1977
123000070,109,130,-21
123000071,686,392,294
123000072,580,343,237
123000073,1155,647,508
123000074,1181,939,242
123000075,660,1076,-416
123000076,585,497,88
123000077,1166,1119,47
123000078,863,821,42
123000079,1346,1354,-8
123000080,1882,1391,491
123000081,127,415,-288
123000082,201,535,-334
123000083,891,388,503
123000084,487,412,75
123000085,317,80,237
123000086,473,93,380
123000087,420,370,50
123000088,1072,906,166
123000089,525,779,-254
123000090,946,517,429
123000091,1336,1190,146
123000092,1237,1088,149
123000094,574,259,315
123000095,415,470,-55
123000096,688,271,417
123000097,482,382,100
123000098,666,423,243
123000099,483,431,52
123000100,430,418,12
123000101,390,464,-74
123000102,363,473,-110
123000104,299,356,-57
123000105,303,318,-15
123000106,399,363,36
123000107,278,330,-52
123000108,1155,756,399
123000111,682,259,423
123000112,570,248,322
123000113,360,518,-158
123000114,283,451,-168
123000115,202,204,-2
123000116,64,69,-5
123000117,593,627,-34
123000118,202,269,-67
123000119,371,566,-195
123000120,506,602,-96
123000121,290,287,3
123000122,270,166,104
123000123,411,436,-25
123000124,369,303,66
123000125,705,916,-211
123000126,1050,2989,-1939
123000127,468,510,-42
123000128,243,211,32
123000129,529,147,382
123000130,526,65,461
123000131,811,676,135
123000132,219,414,-195
123000133,153,275,-122
123000134,234,131,103
123000135,1275,652,623
123000136,130,460,-330
123000137,78,145,-67
123000138,75,195,-120
123000139,390,75,315
123000140,72,457,-385
123000141,485,85,400
123000142,765,772,-7
123000143,830,1297,-467
123000144,18,22,-4
123000145,73,92,-19
123000146,14,77,-63
123000147,46,39,7
123000149,303,335,-32
123000150,102,172,-70
123000151,165,359,-194
123000152,60,278,-218
123000153,94,552,-458
123000154,1031,1474,-443
123000155,1291,936,355
123000156,22,70,-48
123000157,517,555,-38
123000158,358,648,-290
123000159,1479,1255,224
123000160,810,657,153
123000161,1117,533,584
123000162,813,1122,-309
123000163,429,86,343
123000164,775,197,578
123000165,240,635,-395
123000166,27,92,-65
123000167,94,160,-66
123000168,233,130,103
123000169,567,94,473
123000170,69,95,-26
123000171,616,17,599
123000172,112,244,-132
123000173,404,188,216
123000174,770,324,446
123000175,417,592,-175
123000176,1009,301,708
123000177,187,507,-320
123000178,584,135,449
123000179,22,179,-157
123000180,1108,278,830
123000181,143,486,-343
123000183,139,411,-272
123000186,84,362,-278
123000187,486,9,477
123000188,275,49,226
123000189,89,121,-32
123000190,0,67,-67
123000192,32,172,-140
123000193,150,531,-381
123000194,343,236,107
123000195,159,36,123
123000196,97,11,86
123000197,102,60,42
123000198,38,504,-466
123000199,25,472,-447
123000200,252,23,229
123000201,361,4,357
123000202,53,633,-580
123000203,494,50,444
123000204,111,641,-530
123000205,387,1040,-653
123000206,1596,182,1414
123000207,104,593,-489
123000208,625,143,482
123000209,1831,462,1369
123000210,428,1303,-875
123000211,512,1602,-1090
123000212,2697,519,2178
123000213,630,231,399
123000215,62,172,-110
123000216,100,533,-433
123000217,179,28,151
123000218,30,361,-331
123000219,444,68,376
123000220,376,55,321
123000222,244,110,134
123000223,236,103,133
123000224,220,149,71
123000225,160,55,105
123000226,46,193,-147
123000227,59,198,-139
123000228,210,29,181
123000229,657,847,-190
123000232,74,407,-333
123000233,581,136,445
123000234,120,381,-261
123000235,917,196,721
123000236,223,403,-180
123000237,258,60,198
123000238,79,252,-173
123000239,261,572,-311
123000240,29,369,-340
123000241,381,67,314
123000243,932,735,197
123000244,642,587,55
123000245,23,112,-89
123000249,213,407,-194
123000252,533,135,398
123000253,1128,367,761
123000254,579,558,21
123000255,868,740,128
123000256,207,308,-101
123000257,866,644,222
123000258,1205,815,390
123000259,318,235,83
123000260,342,251,91
123000261,504,244,260
123000262,115,154,-39
123000263,384,79,305
123000264,174,66,108
123000265,46,88,-42
123000266,531,505,26
123000267,603,338,265
123000268,63,48,15
123000269,39,32,7
123000270,21,20,1
123000271,67,51,16
123000272,545,222,323
123000273,258,509,-251
123000274,958,403,555
123000275,216,554,-338
123000278,1873,2087,-214
123000279,99,65,34
123000280,296,317,-21
123000281,283,74,209
123000282,92,155,-63
123000283,120,39,81
123000284,70,37,33
123000286,252,458,-206
123000287,556,288,268
123000288,1005,673,332
123000289,344,724,-380
123000291,201,587,-386
123000294,246,201,45
123000295,776,686,90
123000296,781,549,232
123000297,689,358,331
123000298,565,316,249
123000299,241,246,-5
123000300,1913,1634,279
123000301,220,360,-140
123000302,66,103,-37
123000303,69,161,-92
123000305,614,662,-48
123000306,101,96,5
123000309,47,19,28
123000310,46,37,9
123000311,32,86,-54
123000312,552,668,-116
123000313,942,608,334
123000315,139,172,-33
123000316,194,314,-120
123000317,174,53,121
123000318,36,139,-103
123000329,8,27,-19
123000337,673,379,294
123000338,179,70,109
123000339,182,44,138
123000340,256,386,-130
123000342,14,70,-56
123000343,40,12,28
123000344,1075,249,826
123000345,809,569,240
123000346,624,256,368
123000352,747,541,206
123000353,35,71,-36
123000354,555,5,550
123000355,36,612,-576
123000356,293,8,285
123000357,3,97,-94
123000359,6,85,-79
123000360,136,78,58
123000361,120,157,-37
123000362,259,70,189
123000363,77,102,-25
123000364,756,671,85
123000365,21,263,-242
123000366,650,1941,-1291
123000367,738,1025,-287
123000370,15,116,-101
123000371,302,20,282
123000372,218,22,196
123000373,10,154,-144
123000374,13,93,-80
123000375,293,54,239
123000376,727,511,216
123000377,215,4,211
123000378,10,145,-135
123000379,1,115,-114
123000380,35,242,-207
123000381,80,105,-25
123000382,551,112,439
123000383,84,739,-655
123000384,305,87,218
123000385,102,348,-246
123000436,119,2077,-1958
123000507,316,186,130
123000508,393,1016,-623
123000517,108,20,88
123000518,12,174,-162
123000519,180,31,149
123000520,36,144,-108
123000521,407,148,259
123000522,230,478,-248
123000541,7,5,2
123000542,0,2,-2
123000565,687,49,638
123000566,224,336,-112
123000567,54,133,-79
123000575,35,340,-305
123000576,581,22,559
123000577,123,491,-368
123000578,272,48,224
123000579,1601,4251,-2650
123000580,117,30,87
123000582,271,21,250
123000583,8,226,-218
123000584,117,190,-73
123000585,0,36,-36
123000586,51,0,51
123000596,66,52,14
123000597,49,115,-66
123000602,40,18,22
123000603,545,50,495
123000604,149,314,-165
123000605,605,17,588
123000606,0,314,-314
123000609,11,200,-189
123000610,127,69,58
123000613,18,46,-28
123000615,51,85,-34
123000616,221,49,172
123000617,102,170,-68
123000618,55,384,-329
123000619,578,48,530
123000620,62,1055,-993
123000622,712,56,656
123000624,159,74,85
123000630,1724,431,1293
123000631,2356,1555,801
123000632,1093,1058,35
123000633,111,408,-297
123000634,46,110,-64
123000635,55,79,-24
123000636,47,299,-252
123000637,152,26,126
123000638,482,35,447
123000639,1671,3511,-1840
123000640,32,352,-320
123000648,1027,292,735
123000649,173,437,-264
123000650,145,66,79
123000651,275,258,17
123000652,479,26,453
123000653,119,133,-14
123000654,134,308,-174
123000655,48,237,-189
123000656,473,65,408
123000657,3,51,-48
123000658,135,6,129
123900001,786,38,748
123900002,23,908,-885
123900003,151,232,-81
123900005,167,142,25
123900006,222,40,182
124000001,1424,133,1291
124000002,10,403,-393
124000003,714,108,606
124000004,40,251,-211
124000005,763,336,427
124000006,186,561,-375
124000007,349,96,253
124000008,14,335,-321
124000009,621,162,459
124000010,166,298,-132
124000011,640,171,469
124000012,198,263,-65
124000017,162,90,72
124000018,94,39,55
124000019,125,77,48
124000020,32,95,-63
124000021,99,69,30
124000022,58,111,-53
124000023,448,140,308
124000024,767,287,480
124000025,557,327,230
124000026,568,256,312
124000027,912,590,322
124000028,1433,520,913
124000031,1373,2499,-1126
124000032,1276,758,518
124000033,852,403,449
124000034,398,684,-286
124000035,340,163,177
124000036,100,361,-261
124000037,265,985,-720
124000038,34,43,-9
124000039,602,410,192
124000040,362,819,-457
124000041,336,90,246
124000042,99,315,-216
124000043,81,86,-5
124000044,72,136,-64
124000045,763,369,394
124000046,243,404,-161
124000047,1354,602,752
124000048,649,766,-117
124000049,1385,450,935
124000050,682,983,-301
124000051,856,418,438
124000052,484,464,20
124000053,397,1215,-818
124000054,704,310,394
124000055,1062,2111,-1049
124000056,1402,899,503
124000057,888,336,552
124000058,444,726,-282
124000059,559,856,-297
124000060,722,385,337
124000061,1089,4542,-3453
124000062,3381,1113,2268
124000063,813,1001,-188
124000064,1233,824,409
124000065,89,382,-293
124000066,220,82,138
124000067,153,123,30
124000068,37,95,-58
124000069,509,132,377
124000070,238,326,-88
124000071,79,67,12
124000072,122,188,-66
124000073,658,157,501
124000074,213,447,-234
124000075,269,35,234
124000076,15,87,-72
124000077,1038,506,532
124000078,1593,1075,518
124000079,266,835,-569
124000080,408,98,310
124000081,141,299,-158
124000082,86,127,-41
124000083,82,66,16
124000084,74,423,-349
124000085,52,31,21
124000086,35,74,-39
124000087,102,70,32
124000088,72,247,-175
124000089,609,206,403
124000090,123,253,-130
124000091,588,91,497
124000092,104,408,-304
124000093,61,78,-17
124000094,103,346,-243
124000095,106,77,29
124000096,112,109,3
124000097,107,86,21
124000098,70,76,-6
124000099,197,71,126
124000100,33,97,-64
124000101,88,144,-56
124000102,71,28,43
124000103,106,124,-18
124000104,59,34,25
124000105,89,68,21
124000106,105,52,53
124000107,17,133,-116
124000108,31,21,10
124000109,125,84,41
124000110,170,69,101
124000111,207,119,88
124000112,576,370,206
124000113,79,77,2
124000114,270,225,45
124000115,295,420,-125
124000116,100,107,-7
124000117,78,70,8
124000118,31,75,-44
124000119,633,311,322
124000120,405,308,97
124000121,1441,670,771
124000122,360,982,-622
124000123,684,324,360
124000124,305,675,-370
124000125,331,306,25
124000126,220,449,-229
124000127,582,229,353
124000128,499,506,-7
124000129,1459,1083,376
124000130,608,380,228
124000131,656,396,260
124000132,565,495,70
124000133,696,570,126
124000134,631,394,237
124000135,1240,1242,-2
124000136,577,609,-32
124000137,730,531,199
124000138,677,823,-146
124000139,572,63,509
124000140,46,337,-291
124000141,686,23,663
124000142,50,321,-271
124000143,98,8,90
124000144,9,161,-152
124000145,95,22,73
124000146,10,71,-61
124000148,6,85,-79
124000149,860,324,536
124000150,232,513,-281
124000151,771,253,518
124000152,566,988,-422
124000153,539,504,35
124000154,279,471,-192
124000155,984,665,319
124000156,970,645,325
124000169,160,348,-188
124000170,296,298,-2
124000171,221,188,33
124000172,237,291,-54
124000173,396,183,213
124000174,293,272,21
124000175,2,61,-59
124000176,40,10,30
124000177,8,20,-12
124000178,25,51,-26
124000185,35,10,25
124000186,6,37,-31
124000187,17,43,-26
124000188,94,12,82
124000190,74,53,21
124000191,84,197,-113
124000192,952,273,679
124000193,190,584,-394
124000194,258,240,18
124000195,285,393,-108
124000196,611,587,24
124000197,56,21,35
124000198,29,59,-30
124000201,239,419,-180
124000202,492,223,269
124000203,318,281,37
124000204,738,209,529
124000205,51,242,-191
124000206,643,187,456
124000207,1,52,-51
124000209,107,166,-59
124000210,456,77,379
124000211,599,4,595
124000212,1,221,-220
124000213,337,182,155
124000214,379,325,54
124000215,483,49,434
124000216,2,277,-275
124000329,115,794,-679
124000338,76,370,-294
124000339,900,61,839
124000341,1402,71,1331
124000344,49,3,46
124000357,1271,2722,-1451
124000358,1314,2172,-858
124000359,1091,518,573
124000360,813,373,440
124000361,1191,678,513
124000362,676,884,-208
124000363,247,219,28
124000364,446,539,-93
124000365,559,803,-244
124000366,1306,1150,156
124000367,105,291,-186
124000368,356,324,32
124000369,92,58,34
124000370,52,254,-202
124000402,19,8,11
124000403,130,17,113
124000404,11,43,-32
124000405,748,504,244
124000406,448,448,0
124000407,2,16,-14
124000411,9,148,-139
124000412,447,13,434
124000413,126,30,96
124000414,86,89,-3
124000415,41,51,-10
124000416,132,142,-10
124000417,136,72,64
124000418,141,65,76
124000419,98,76,22
124000420,79,41,38
124000421,96,83,13
124000422,36,11,25
124000423,106,27,79
124000424,0,87,-87
124000425,96,13,83
124000426,1,112,-111
124000427,122,5,117
124000428,8,74,-66
124000429,69,43,26
124000430,609,382,227
124000431,249,258,-9
124000432,168,500,-332
124000439,41,4,37
124000443,2,25,-23
124000445,212,1135,-923
124000446,705,137,568
124000447,19,124,-105
124000448,70,14,56
124000449,196,4,192
124000450,28,83,-55
124000451,1,35,-34
124000452,341,51,290
124000453,2032,2813,-781
124000454,1668,3392,-1724
124000455,4,701,-697
124000456,664,4,660
124000457,2,231,-229
124000458,3,152,-149
124000459,146,1,145
124000460,4,108,-104
124900001,553,290,263
124900002,117,136,-19
124900003,885,508,377
124900004,646,205,441
124900005,132,83,49
124900006,684,202,482
124900008,738,363,375
124900009,108,242,-134
124900010,121,91,30
124900011,454,231,223
124900012,379,92,287
124900013,332,120,212
124900014,165,29,136
124900015,95,239,-144
124900016,88,64,24
124900017,390,1564,-1174
124900018,74,28,46
124900020,57,41,16
124900021,196,30,166
124900022,66,11,55
124900024,204,1,203
124900026,83,11,72
124900027,86,331,-245
124900028,198,45,153
124900029,19,362,-343
124900030,3,63,-60
124900031,35,149,-114
124900032,95,183,-88
124900033,124,132,-8
124900034,2,45,-43
124900035,163,226,-63
124900036,1,30,-29
124900037,132,109,23
124900038,145,170,-25
124900039,4,31,-27
124900040,110,62,48
124900041,266,551,-285
124900042,48,0,48
124900043,394,583,-189
124900044,66,1,65
124900045,342,741,-399
124900047,95,102,-7
124900048,110,67,43
124900050,109,119,-10
124900052,96,234,-138
124900053,93,176,-83
124900054,1282,369,913
124900055,3,104,-101
124900057,15,341,-326
124900060,38,143,-105
124900061,77,11,66
124900062,153,16,137
124900066,0,4,-4
124900067,15,74,-59
124900068,143,329,-186
124900070,77,14,63
124900072,66,33,33
124900075,177,139,38
124900076,8,931,-923
124900077,22,79,-57
124900078,37,15,22
124900079,264,129,135
124900080,288,349,-61
124900081,867,257,610
124900082,305,528,-223
124900083,288,305,-17
124900085,610,308,302
124900086,30,886,-856
124900087,442,46,396
124900088,283,67,216
124900089,773,14,759
124900090,222,152,70
124900091,261,160,101
124900092,156,116,40
124900093,279,112,167
124900094,347,129,218
124900095,80,332,-252
124900096,286,141,145
124900097,301,39,262
124900098,60,141,-81
124900099,285,268,17
124900100,192,23,169
124900101,98,256,-158
124900102,193,10,183
124900103,128,114,14
124900104,55,78,-23
124900105,124,66,58
124900106,255,16,239
124900107,95,8,87
124900108,117,52,65
124900111,1,78,-77
124900112,67,267,-200
124900113,48,258,-210
124900114,108,134,-26
124900115,20,24,-4
124900116,144,147,-3
124900117,173,98,75
124900118,95,314,-219
124900119,245,143,102
124900120,49,197,-148
124900121,52,275,-223
124900122,184,116,68
124900123,162,80,82
124900124,49,219,-170
124900125,714,4,710
124900126,3,335,-332
204000001,91,4,87
204000002,10,6,4
204000003,11,3,8
204000004,4,0,4
204000005,586,474,112
204000006,1096,1168,-72
204000011,14,25,-11
204000012,29,88,-59
204000019,558,316,242
204000020,572,462,110
204000021,1047,609,438
204000022,479,350,129
204000023,425,392,33
204000031,46,11,35
204000032,257,26,231
204000034,20,55,-35
204000035,0,3,-3
204000036,8,16,-8
204000037,3,14,-11
204000038,0,14,-14
204000039,5,11,-6
204000040,5,10,-5
204000041,7,8,-1
204000042,10,9,1
204000043,36,3,33
204000044,27,2,25
204000045,34,5,29
204000046,15,1,14
204000057,9,5,4
204000062,49,46,3
204000068,20,188,-168
204000069,64,273,-209
204000070,79,65,14
204000080,25,61,-36
204000085,1814,1010,804
204000086,2106,1140,966
204000087,34,7,27
204000088,3,73,-70
204000090,21,85,-64
204000093,36,40,-4
204000096,782,913,-131
204000097,366,4,362
204000099,816,1250,-434
204000100,1141,1614,-473
204000105,1803,941,862
204000110,356,644,-288
204000111,346,380,-34
204000112,459,347,112
204000113,321,438,-117
204000114,509,560,-51
204000115,500,262,238
204000116,500,439,61
204000119,1604,2033,-429
204000132,720,317,403
204000133,931,154,777
204000134,196,70,126
204000135,509,44,465
204000136,539,172,367
204000138,381,411,-30
204000140,184,108,76
204000141,125,92,33
204000144,5,21,-16
204000145,381,23,358
204000146,30,535,-505
204000147,100,142,-42
204000148,312,19,293
204000154,5,3,2
204000155,5,3,2
204000177,47,41,6
204000179,9,1,8
204000180,0,43,-43
204000222,4,3,1
204000236,43,373,-330
204000238,35,19,16
204000240,610,83,527
204000263,564,712,-148
204000268,828,609,219
204000308,28,2,26
204000317,13,58,-45
204000322,44,44,0
204000323,122,21,101
204000328,296,132,164
204000329,140,310,-170
204000330,178,57,121
204000331,208,241,-33
205000001,738,1272,-534
205000013,5,59,-54
205000014,15,86,-71
205000015,37,147,-110
205000016,33,128,-95
205000017,27,69,-42
205000022,245,675,-430
205000025,1237,804,433
205000029,155,2,153
205000045,105,422,-317
205000046,133,498,-365
205000047,27,285,-258
205000048,283,716,-433
205000049,144,591,-447
205000050,444,247,197
205000059,0,162,-162
205000060,0,83,-83
205000061,3,200,-197
205000062,0,148,-148
205000063,37,147,-110
205000064,45,89,-44
205000065,81,436,-355
205000066,116,539,-423
205000067,53,696,-643
205000069,144,15,129
205000082,132,147,-15
205000110,87,176,-89
205000111,189,175,14
205000112,145,214,-69
205000113,187,260,-73
205000121,179,49,130
205000123,45,163,-118
205000126,402,74,328
205000127,807,139,668
205000128,471,67,404
205000129,808,71,737
205000130,153,26,127
205000131,59,7,52
205000132,157,3,154
205000133,59,3,56
205000134,248,0,248
205000137,47,92,-45
205000138,114,183,-69
205000139,39,96,-57
205000144,76,58,18
205000145,177,161,16
205000151,113,29,84
205000152,165,36,129
205000153,206,29,177
205000154,61,34,27
205000155,127,10,117
205000207,5,100,-95
205000233,24,1,23
205000234,0,2,-2
205000243,0,0,0
205000244,0,4,-4
205000245,21,98,-77
205000249,0,12,-12
205000250,3,2,1
205000264,6,79,-73
206000027,4,7,-3
206000028,0,2,-2
206000043,4,32,-28
206000053,5,6,-1
206000054,0,16,-16
206000055,1,11,-10
206000075,8,11,-3
206000076,12,16,-4
206000077,16,7,9
206000078,10,6,4
206000079,19,16,3
206000082,255,60,195
206000100,20,192,-172
206000103,10,11,-1
206000104,22,27,-5
206000105,5,4,1
206000106,10,13,-3
206000125,42,0,42
206000157,43,282,-239
206000170,1,88,-87
206000171,3,143,-140
206000172,6,147,-141
206000173,0,98,-98
206000174,10,40,-30
206000175,2,53,-51
206000176,14,59,-45
206000177,2,65,-63
206000178,0,93,-93
206000179,2,50,-48
206000180,7,47,-40
206000181,4,47,-43
206000182,9,55,-46
206000183,26,180,-154
206000184,11,165,-154
206000185,20,64,-44
206000186,102,383,-281
206000223,10,118,-108
206000226,3,2,1
206000227,15,1,14
206000237,55,151,-96
206000238,21,272,-251
206000239,158,963,-805
206000240,1,45,-44
206000241,0,49,-49
206000242,9,107,-98
206000243,8,91,-83
206000244,51,220,-169
206000245,780,77,703
206000246,244,8,236
206000247,222,8,214
206000248,268,18,250
206000252,51,46,5
206000258,26,34,-8
206000315,35,13,22
206000317,439,108,331
206000318,511,80,431
206000319,1404,114,1290
206000320,250,45,205
206000321,176,9,167
206000322,432,26,406
206000323,180,17,163
206000324,151,7,144
206000325,140,15,125
206000326,162,10,152
206000327,138,12,126
206000328,215,7,208
206000329,251,9,242
206000330,50,4,46
206000331,173,7,166
206000332,48,2,46
206000333,618,1,617
206000334,232,8,224
206000335,0,10,-10
206000361,3,91,-88
206000392,2,6,-4
206000405,117,5,112
206000441,19,27,-8
206000498,39,3,36
206000515,72,36,36
206000530,285,67,218
206000531,211,186,25
206000532,1194,311,883
206000535,128,976,-848
206000536,10,82,-72
206000537,22,87,-65
206000613,1079,198,881
206000784,318,49,269
207000001,193,522,-329
207000002,72,275,-203
207000003,147,108,39
207000007,1023,200,823
207000008,155,10,145
207000009,63,60,3
207000010,316,258,58
207000012,384,156,228
207000015,174,686,-512
207000019,208,44,164
207000021,402,166,236
207000022,151,110,41
207000023,184,67,117
207000024,6,9,-3
207000025,29,69,-40
207000026,82,34,48
207000027,9,31,-22
207000028,43,135,-92
207000029,130,265,-135
207000033,169,372,-203
207000034,236,120,116
207000039,497,90,407
207000040,418,50,368
207000041,44,14,30
207000042,138,38,100
207000043,166,142,24
207000051,80,141,-61
207000052,18,73,-55
207000053,361,389,-28
207000054,50,102,-52
207000055,158,100,58
207000056,281,189,92
207000057,132,176,-44
207000058,184,194,-10
207000059,110,308,-198
207000060,71,165,-94
207000061,167,533,-366
207000062,348,37,311
207000063,400,96,304
207000064,254,135,119
207000065,356,207,149
207000066,225,133,92
207000067,43,65,-22
207000068,133,52,81
207000069,662,281,381
207000082,6,180,-174
207000083,48,174,-126
207000084,290,248,42
207000085,172,22,150
207000086,197,0,197
207000106,38,19,19
207000107,75,21,54
207000108,78,11,67
207000109,38,12,26
207000110,38,48,-10
207000111,68,60,8
207000112,100,614,-514
207000114,29,18,11
207000115,16,35,-19
207000116,16,263,-247
207000117,10,56,-46
207000118,3,36,-33
207000119,15,52,-37
207000123,169,14,155
207000124,61,20,41
207000125,62,38,24
207000126,51,47,4
207000134,112,99,13
207000135,18,147,-129
207000148,67,319,-252
207000149,57,23,34
207000152,97,331,-234
207000153,641,940,-299
207000154,372,123,249
207000159,84,80,4
207000160,123,186,-63
207000238,0,211,-211
207000242,5,113,-108
207000248,28,16,12
207000249,106,27,79
207000250,386,50,336
207000251,82,70,12
207000252,65,38,27
207000278,90,68,22
207000279,22,80,-58
207000280,703,85,618
207000281,100,478,-378
207000282,64,101,-37
207000283,40,146,-106
207000284,22,296,-274
207000285,72,84,-12
207000291,15,77,-62
207000304,76,75,1
207000306,68,309,-241
207000310,80,52,28
207000353,294,9,285
207000356,17,13,4
207000357,0,9,-9
207000358,1,7,-6
207000415,1,102,-101
207000417,84,3,81
207000418,94,126,-32
207000438,0,2,-2
207000439,589,545,44
207000446,131,11,120
207000460,30,22,8
207000466,131,79,52
207000467,294,54,240
207000468,70,157,-87
207000476,9,43,-34
207000477,499,36,463
207000478,3,18,-15
207000523,0,10,-10
207000524,96,1,95
207000527,120,121,-1
207000530,470,13,457
207000531,357,9,348
207000532,65,38,27
207000534,232,49,183
207000535,37,193,-156
207000537,14,64,-50
207000540,5,102,-97
207000541,4,154,-150
207000548,16,188,-172
207000549,270,11,259
207000561,148,110,38
207000562,27,102,-75
207000567,133,137,-4
207000568,205,36,169
207000569,442,352,90
207000584,207,97,110
207000585,39,203,-164
207000587,163,13,150
207000616,0,52,-52
207000617,88,0,88
207000624,54,43,11
207000631,4,92,-88
207900008,296,79,217
208000001,544,872,-328
208000002,586,419,167
208000003,921,343,578
208000004,876,568,308
208000005,3,8,-5
208000019,478,755,-277
208000020,142,384,-242
208000021,268,237,31
208000022,838,311,527
208000028,558,869,-311
208000033,490,351,139
208000034,755,922,-167
208000037,249,21,228
208000040,104,108,-4
208000041,537,435,102
208000042,653,472,181
208000047,106,192,-86
208000064,1787,1192,595
208000066,1238,1895,-657
208000070,273,276,-3
208000071,335,547,-212
208000072,369,969,-600
208000080,226,278,-52
208000081,362,113,249
208000082,326,151,175
208000083,132,241,-109
208000084,4,16,-12
208000085,563,395,168
208000086,439,763,-324
208000087,302,650,-348
208000089,906,237,669
208000090,889,364,525
208000093,188,182,6
208000094,475,304,171
208000095,675,324,351
208000104,780,760,20
208000105,506,819,-313
208000114,75,235,-160
208000115,323,184,139
208000116,440,752,-312
208000117,178,169,9
208000118,96,123,-27
208000155,624,692,-68
208000158,1089,2749,-1660
208000186,2600,3135,-535
208000204,521,728,-207
208000205,1059,648,411
208000282,3642,2220,1422
209000004,288,146,142
209000005,45,38,7
209000006,370,130,240
209000007,186,229,-43
209000010,277,84,193
209000011,123,184,-61
209000012,94,64,30
209000013,163,142,21
209000014,301,474,-173
209000025,315,47,268
209000026,676,96,580
209000027,339,462,-123
209000028,343,418,-75
209000029,369,359,10
209000030,305,607,-302
209000031,1565,1003,562
209000034,132,180,-48
209000035,111,162,-51
209000036,210,90,120
209000037,230,216,14
209000038,134,142,-8
209000039,68,112,-44
209000040,263,347,-84
209000041,152,304,-152
209000042,193,278,-85
209000043,557,803,-246
209000044,157,688,-531
209000045,1001,347,654
209000046,456,297,159
209000047,303,116,187
209000048,425,260,165
209000049,63,55,8
209000050,192,95,97
209000051,233,191,42
209000052,133,148,-15
209000062,34,57,-23
209000063,65,38,27
209000064,39,33,6
209000065,96,28,68
209000066,93,22,71
209000067,79,33,46
209000080,14,143,-129
209000082,55,29,26
209000091,23,77,-54
209000093,22,19,3
209000094,95,117,-22
209000110,23,98,-75
209000111,399,1291,-892
209000112,793,421,372
209000113,1312,446,866
209000114,641,303,338
209000115,72,62,10
209000116,376,206,170
209000118,17,36,-19
209000119,18,10,8
209000121,76,197,-121
209000135,37,115,-78
209000142,484,1250,-766
209000143,47,46,1
209000144,34,109,-75
209000229,213,98,115
209000240,53,216,-163
209000259,50,55,-5
209000260,33,555,-522
209000261,18,374,-356
209000262,5,258,-253
209000263,0,175,-175
209000264,1,175,-174
209000265,315,0,315
209000266,64,0,64
209000267,772,9,763
209000268,451,57,394
210000037,58,21,37
210000047,95,14,81
210000048,62,14,48
210000049,60,5,55
210000052,54,44,10
210000053,20,30,-10
210000054,58,40,18
210000070,100,2,98
210000071,113,0,113
210000072,26,0,26
210000073,0,18,-18
210000074,0,64,-64
210000075,0,66,-66
210000076,2,100,-98
210000077,12,32,-20
210000078,19,46,-27
210000079,17,9,8
210000080,60,71,-11
210000081,124,14,110
210000082,108,4,104
210000083,46,0,46
210000084,9,0,9
210000085,0,39,-39
210000086,0,48,-48
210000099,15,191,-176
210000100,34,126,-92
210000101,58,131,-73
210000105,33,120,-87
210000159,0,140,-140
210000163,77,174,-97
210000164,244,143,101
210000168,112,33,79
210000187,0,19,-19
210000188,0,15,-15
210000214,16,0,16
210000219,27,35,-8
210000220,90,25,65
210000232,4,21,-17
210000233,33,42,-9
210000234,27,53,-26
210000235,41,37,4
210000245,4,25,-21
210000246,29,3,26
210000258,9,43,-34
210000259,239,36,203
210000282,66,143,-77
210000285,1,83,-82
210000286,8,97,-89
210000290,30,9,21
210000295,33,67,-34
210000296,31,19,12
210000320,146,36,110
210000321,99,39,60
210000338,33,60,-27
210000339,204,904,-700
210000340,98,276,-178
210000341,163,173,-10
210000342,128,145,-17
210000343,125,143,-18
210000344,124,91,33
210000345,91,163,-72
210000346,55,111,-56
210000347,27,59,-32
210000348,85,22,63
210000349,61,19,42
210000350,131,69,62
210000351,168,70,98
210000352,58,36,22
210000353,46,52,-6
210000354,38,43,-5
210000355,42,51,-9
210000356,27,35,-8
210000357,54,46,8
210000358,171,101,70
210000359,35,74,-39
210000360,107,117,-10
210000361,142,125,17
210000362,177,127,50
210000363,405,187,218
210000364,94,103,-9
210000365,108,55,53
210000366,113,63,50
210000367,67,12,55
210000368,126,23,103
210000369,10,35,-25
210000370,37,26,11
210000372,35,31,4
210000373,33,24,9
210000374,55,22,33
210000375,39,43,-4
210000376,55,62,-7
210000404,40,75,-35
210000439,40,43,-3
210000472,69,5,64
210000482,66,87,-21
210000564,192,173,19
210000567,0,30,-30
210000568,237,2,235
211000092,30,18,12
211000094,25,10,15
211000169,165,8,157
211000172,7,172,-165
211000209,0,20,-20
211000226,6,24,-18
211000270,25,23,2
211000275,10,11,-1
211000276,73,10,63
211000279,14,24,-10
211000281,45,24,21
211000302,19,30,-11
211507980,3,28,-25
211977296,27,3,24
212000003,138,51,87
212000004,24,22,2
212000005,11,29,-18
212000006,28,37,-9
212000008,128,111,17
212000009,24,83,-59
212000012,93,62,31
212000013,34,39,-5
212000014,223,107,116
212000015,270,170,100
212000016,399,349,50
212000027,402,254,148
212000028,264,248,16
212000029,191,159,32
212000030,36,17,19
212000031,41,40,1
212000048,19,128,-109
212000049,20,107,-87
212000050,20,4,16
212000051,208,111,97
212000052,181,167,14
212000053,288,319,-31
212000054,243,63,180
212000055,226,117,109
212000056,8,31,-23
212000057,11,21,-10
212000058,164,23,141
212000070,109,103,6
212000077,163,314,-151
212000099,237,221,16
212000108,195,113,82
212000111,246,77,169
212000120,78,40,38
212000138,113,25,88
212000156,11,61,-50
212000158,3,7,-4
212000159,363,41,322
212000160,537,189,348
212000161,91,10,81
212000310,44,13,31
212000311,12,61,-49
212000374,20,1,19
213000001,35,202,-167
213000005,244,105,139
213000006,710,203,507
213000007,76,5,71
213000009,556,396,160
213000010,173,289,-116
213000011,161,79,82
213000012,111,158,-47
213000014,65,14,51
213000015,149,4,145
213000016,325,1,324
213000017,60,0,60
213000018,1,111,-110
213000019,5,102,-97
213000020,87,192,-105
213000021,3,90,-87
213000023,236,143,93
213000033,226,1211,-985
213000034,529,133,396
213000035,113,137,-24
213000045,145,208,-63
213000046,116,120,-4
213000047,466,1148,-682
213000056,61,13,48
213000069,74,0,74
213000073,0,41,-41
213000074,28,291,-263
213000075,442,3,439
213000076,20,1,19
213000085,5,37,-32
213000086,41,119,-78
213000091,197,25,172
213000092,64,18,46
213000099,211,848,-637
213000100,1043,289,754
213000101,409,89,320
213000102,471,188,283
213000103,748,583,165
213000104,56,261,-205
213000105,3,158,-155
213000106,49,56,-7
213000107,130,315,-185
213000108,33,276,-243
213000109,8,144,-136
213000110,13,43,-30
213000111,6,29,-23
213000112,111,83,28
213000115,89,5,84
213000116,51,258,-207
213000117,6,554,-548
213000118,343,174,169
213000119,31,414,-383
213000120,108,285,-177
213000122,114,359,-245
213000123,231,651,-420
213000124,98,689,-591
213000125,119,24,95
213000126,40,68,-28
213000127,88,134,-46
213000128,222,674,-452
213000129,212,615,-403
213000130,541,313,228
213000132,341,97,244
213000133,567,101,466
213000134,878,20,858
213000136,471,25,446
213000137,525,68,457
213000139,258,17,241
213000147,28,2,26
213000148,13,14,-1
213000149,50,10,40
213000150,0,121,-121
213000151,1,78,-77
213000152,8,79,-71
213000153,5,90,-85
213000154,34,184,-150
213000155,27,132,-105
213000156,87,343,-256
213000157,420,285,135
213000158,204,533,-329
213000159,279,337,-58
213000163,803,113,690
213000165,665,206,459
213000171,54,111,-57
213000172,37,117,-80
213000173,5,67,-62
213000174,0,6,-6
213000175,34,24,10
213000176,4,80,-76
213000177,7,12,-5
213000178,20,5,15
213000179,177,34,143
213000180,191,42,149
213000184,51,288,-237
213000188,248,110,138
213000189,369,54,315
213000190,727,516,211
213000191,324,268,56
213000192,184,248,-64
213000193,585,166,419
213000194,1,89,-88
213000195,14,310,-296
213000196,235,894,-659
213000197,431,364,67
213000198,24,0,24
213000200,123,493,-370
213000201,41,24,17
213000202,9,437,-428
213000203,2351,441,1910
213000204,643,41,602
213000205,182,40,142
213000206,349,33,316
213000207,58,3,55
213000208,85,5,80
213000209,103,4,99
213000210,192,1,191
213000211,11,18,-7
213000212,8,32,-24
213000213,12,26,-14
213000218,169,269,-100
213000219,459,7,452
213000220,424,4,420
213000223,114,185,-71
213000224,34,60,-26
213000225,47,5,42
213000226,42,12,30
213000227,754,150,604
213000228,332,70,262
213000229,123,32,91
213000230,483,36,447
213000232,38,842,-804
213000233,10,49,-39
213000234,2,55,-53
213000293,19,52,-33
213000294,76,26,50
213000295,7,66,-59
213000296,34,13,21
213000297,7,65,-58
213000298,12,38,-26
213000299,25,34,-9
213000300,5,4,1
213000303,4,24,-20
213000304,1,6,-5
213000305,0,24,-24
213000306,29,19,10
213000307,103,42,61
213000308,72,99,-27
213000309,132,39,93
213000310,297,105,192
213000311,180,529,-349
213000315,82,62,20
213000316,110,34,76
213000322,22,38,-16
213000323,23,37,-14
213000340,145,311,-166
213000341,605,95,510
213000346,118,158,-40
213000347,472,280,192
213000348,3,108,-105
213000349,10,5,5
213000350,259,603,-344
213000366,66,199,-133
213000367,211,15,196
213000379,27,34,-7
213000386,6,233,-227
213000406,52,284,-232
213000417,999,331,668
213000425,123,13,110
213000426,141,30,111
213000427,24,98,-74
213000428,50,71,-21
213000429,10,3,7
213000430,115,372,-257
213000431,23,1,22
213000432,0,21,-21
213000433,5,99,-94
213000434,78,46,32
213000435,112,90,22
213000439,45,13,32
213000441,0,3,-3
213000443,302,238,64
213000445,0,60,-60
213000446,1,30,-29
213000447,4,29,-25
213000448,10,100,-90
213000449,423,4,419
213000450,12,26,-14
213000451,192,58,134
213000452,21,10,11
213000453,36,199,-163
213000455,156,1,155
213000456,1,192,-191
213000481,10,10,0
213000482,32,8,24
213000489,203,43,160
213000491,1,172,-171
213000492,82,0,82
213000493,0,52,-52
213000494,123,89,34
213000495,0,8,-8
213000496,308,101,207
213000497,20,172,-152
213000498,77,86,-9
213000499,106,190,-84
213000500,303,46,257
213000501,117,23,94
213000502,142,61,81
213000503,2,37,-35
213000504,8,56,-48
213000505,5,73,-68
213000506,0,6,-6
213000507,4,77,-73
213900244,39,0,39
213900245,0,5,-5
218000003,32,34,-2
218000004,41,27,14
218000005,55,34,21
218000006,29,22,7
218000007,8,12,-4
218000012,153,123,30
218000013,123,145,-22
218000014,338,373,-35
218000019,561,379,182
218000020,229,352,-123
218000040,4,5,-1
218000046,51,105,-54
218000047,9,135,-126
218000048,49,83,-34
218000049,79,96,-17
218000050,300,223,77
218000051,65,207,-142
218000052,0,75,-75
218000053,1,14,-13
218000054,8,44,-36
218000055,5,13,-8
218000056,16,19,-3
218000057,3,15,-12
218000064,2,6,-4
218000065,75,15,60
218000066,3,41,-38
218000067,37,50,-13
218000068,111,44,67
218000069,217,112,105
218000070,161,144,17
218000071,202,120,82
218000072,131,100,31
218000078,785,446,339
218000079,131,61,70
218000080,99,49,50
218000081,372,136,236
218000082,41,63,-22
218000083,52,26,26
218000084,97,81,16
218000085,132,140,-8
218000086,92,62,30
218000087,166,90,76
218000090,8,90,-82
218000091,992,370,622
218000092,75,117,-42
218000093,91,51,40
218000094,414,444,-30
218000099,228,528,-300
218000100,241,212,29
218000101,296,113,183
218000102,383,146,237
218000103,81,66,15
218000104,72,15,57
218000105,11,18,-7
218000106,14,6,8
218000107,80,39,41
218000108,2,19,-17
218000112,39,18,21
218000117,30,34,-4
218000134,420,320,100
218000135,29,48,-19
218000136,110,90,20
218000137,154,76,78
218000138,16,66,-50
218000139,149,205,-56
218000140,374,212,162
218000141,48,69,-21
218000142,172,135,37
218000143,50,196,-146
218000144,32,100,-68
218000145,343,236,107
218000146,106,137,-31
218000151,12,7,5
218000152,135,40,95
218000170,1,14,-13
218000171,32,4,28
218000172,21,14,7
218000173,28,7,21
218000174,20,6,14
218000176,212,13,199
218000177,303,124,179
218000178,64,129,-65
218000179,155,41,114
218000180,69,14,55
218000181,173,30,143
218000187,10,15,-5
218000188,42,28,14
218000189,12,33,-21
218000190,1,5,-4
218000191,139,34,105
218000192,145,127,18
218000193,346,208,138
218000194,102,193,-91
218000195,121,47,74
218000196,308,182,126
218000197,304,224,80
218000198,34,71,-37
218000199,33,39,-6
218000200,51,34,17
218000201,13,14,-1
218000202,58,218,-160
218000207,5,14,-9
218000208,20,23,-3
218000211,33,25,8
218000213,67,91,-24
218000214,8,25,-17
218000215,36,42,-6
218000217,4,88,-84
218000218,130,52,78
218000219,14,33,-19
218000220,54,272,-218
218000221,368,151,217
218000222,8,31,-23
218000223,26,188,-162
218000224,9,104,-95
218000225,134,16,118
218000226,132,43,89
218000232,35,49,-14
218000239,100,16,84
218000240,7,3,4
218000241,23,0,23
218000242,19,3,16
218000243,12,2,10
218000244,60,4,56
218000245,34,3,31
218000246,5,0,5
218000247,0,0,0
218000248,0,20,-20
218000249,4,4,0
218000250,1,9,-8
218000251,8,28,-20
218000252,4,64,-60
218000253,0,83,-83
218000254,1,21,-20
218000255,4,38,-34
218000256,2,49,-47
218000267,296,759,-463
218000268,11,32,-21
218000269,3,7,-4
218000270,91,39,52
218000271,12,23,-11
218000273,12,1,11
218000274,20,3,17
218000275,47,43,4
218000276,9,36,-27
218000278,18,28,-10
218000279,127,50,77
218000280,7,29,-22
218000281,17,15,2
218000282,452,424,28
218000284,44,2,42
218000301,39,75,-36
218000302,61,33,28
218000303,21,49,-28
218000316,682,746,-64
218000317,1242,589,653
218000318,688,542,146
218000319,977,582,395
218000320,855,380,475
218000338,35,29,6
218000345,65,72,-7
218000346,28,171,-143
218000459,32,273,-241
218000490,14,43,-29
218000501,138,16,122
218000502,39,47,-8
218000503,118,19,99
218000504,283,28,255
218000505,31,139,-108
218000506,35,229,-194
218000508,0,6,-6
218000510,178,10,168
218000520,84,71,13
218000521,21,27,-6
218000522,1,67,-66
218000523,91,3,88
218000524,4,181,-177
218000525,74,15,59
218000526,15,121,-106
218000529,41,89,-48
218000531,7,12,-5
218000532,20,15,5
218000534,132,20,112
218000537,9,65,-56
218000538,90,185,-95
218000540,122,35,87
218000543,141,37,104
218000544,25,63,-38
218000545,60,64,-4
218000546,31,60,-29
218000547,94,130,-36
218000548,106,77,29
218000549,271,474,-203
218000550,138,178,-40
218000551,62,829,-767
218000552,253,57,196
218000553,44,97,-53
218000554,41,48,-7
218000555,31,62,-31
218000556,226,145,81
218000557,224,161,63
218000558,15,0,15
218000559,0,34,-34
218000560,0,21,-21
218000561,13,0,13
218000562,23,111,-88
218000563,119,11,108
218000564,2,93,-91
218000565,117,33,84
218000566,76,13,63
218000567,1,49,-48
218000568,11,0,11
218000569,4,123,-119
218000570,80,6,74
218000571,1,81,-80
218000572,154,0,154
218000573,8,137,-129
218000574,57,21,36
218000575,119,1,118
218000576,1,53,-52
218000577,85,0,85
218000578,0,105,-105
218000585,65,0,65
218000586,4,36,-32
218000587,10,5,5
218000589,0,4,-4
218000590,8,2,6
218000591,6,9,-3
218000592,4,0,4
218000593,2,0,2
218000594,17,4,13
218000597,4,1,3
218000598,0,1,-1
218000599,7,5,2
218000600,0,0,0
218000601,0,2,-2
218000602,11,7,4
218000603,0,2,-2
218000604,1,0,1
218000605,0,36,-36
218000606,63,0,63
218000607,11,24,-13
218000608,18,56,-38
218000609,9,17,-8
218000610,25,43,-18
218000611,30,20,10
218000612,9,44,-35
218000613,72,60,12
218000614,3,29,-26
218000615,175,12,163
218000616,2,99,-97
218000617,59,8,51
218000618,7,35,-28
218000619,10,14,-4
218000620,2,16,-14
218000621,1,2,-1
218000622,0,46,-46
218000623,54,3,51
218000624,0,51,-51
218000625,13,3,10
218000626,0,6,-6
218000628,179,26,153
218000631,43,24,19
218000632,2,83,-81
218000633,80,2,78
218000634,7,10,-3
218000635,27,7,20
218000636,594,570,24
218000637,813,369,444
218000638,184,17,167
218000639,18,109,-91
218000640,189,22,167
218000641,63,125,-62
218000652,42,44,-2
218000653,141,34,107
218000663,18,196,-178
218000675,31,58,-27
218000680,191,214,-23
218000681,368,189,179
218000691,172,115,57
218000693,283,116,167
218000718,119,733,-614
218000719,348,471,-123
218000720,4,135,-131
218000721,93,20,73
218001147,3,116,-113
218001214,9,17,-8
218001258,264,13,251
218001329,111,91,20
218001330,103,105,-2
218001351,22,20,2
218001352,15,18,-3
218001353,10,3,7
218001354,8,17,-9
218001355,27,127,-100
218001356,317,43,274
218001357,45,101,-56
218001358,252,27,225
218001361,501,6,495
218001362,0,120,-120
219000001,34,19,15
219000002,46,23,23
219000003,63,32,31
219000004,45,65,-20
219000017,72,27,45
219000020,123,45,78
219000022,114,3,111
219000023,88,2,86
219000029,4,48,-44
219000034,35,19,16
219000039,66,99,-33
219000040,27,31,-4
219000041,126,20,106
219000051,0,35,-35
219000052,0,24,-24
219000053,1,56,-55
219000055,191,1,190
219000056,11,0,11
219000057,56,0,56
219000062,38,78,-40
219000063,60,9,51
219000064,1,79,-78
219000110,342,101,241
219000111,142,50,92
219000112,182,55,127
219000113,167,50,117
219000114,186,57,129
219000116,62,39,23
219000117,114,39,75
219000118,114,45,69
219000123,209,77,132
219000124,107,35,72
219000125,15,8,7
219000126,75,94,-19
219000127,1,9,-8
219000128,14,82,-68
219000129,20,139,-119
219000130,310,402,-92
219000131,562,786,-224
219000133,39,75,-36
219000134,12,35,-23
219000135,20,69,-49
219000136,76,222,-146
219000138,55,20,35
219000139,27,33,-6
219000140,60,0,60
219000141,41,80,-39
219000142,18,56,-38
219000143,5,47,-42
219000145,23,30,-7
219000146,4,20,-16
219000147,1,16,-15
219000148,3,14,-11
219000149,4,41,-37
219000150,2,38,-36
219000151,6,26,-20
219000157,235,115,120
219000158,159,208,-49
219000161,101,11,90
219000163,869,431,438
219000166,134,128,6
219000167,58,129,-71
219000168,299,117,182
219000174,483,82,401
219000175,80,8,72
219000176,104,4,100
219000177,35,3,32
219000178,29,0,29
219000179,17,13,4
219000180,29,32,-3
219000182,135,11,124
219000183,52,16,36
219000184,84,1,83
219000185,0,22,-22
219000186,50,24,26
219000187,9,54,-45
219000189,36,136,-100
219000190,54,155,-101
219000191,506,997,-491
219000192,180,125,55
219000193,187,120,67
219000195,1,45,-44
219000196,7,78,-71
219000198,17,42,-25
219000199,68,136,-68
219000200,43,125,-82
219000201,50,130,-80
219000203,29,99,-70
219000204,81,220,-139
219000205,34,138,-104
219000207,158,206,-48
219000209,24,51,-27
219000210,36,78,-42
219000213,13,135,-122
219000239,164,141,23
219000240,171,242,-71
219000241,117,107,10
219000242,31,92,-61
219000243,61,139,-78
219000244,11,61,-50
219000245,18,31,-13
219000246,15,23,-8
219000247,239,27,212
219000248,457,339,118
219000249,111,86,25
219000250,123,61,62
219000251,419,155,264
219000252,153,109,44
219000253,351,85,266
219000255,130,76,54
219000256,214,85,129
219000257,65,0,65
219000262,71,96,-25
219000263,44,106,-62
219000267,2,50,-48
219000268,2,7,-5
219000269,3,1,2
219000270,13,0,13
219000271,144,3,141
219000278,0,5,-5
219000279,0,0,0
219000283,0,10,-10
219000295,14,64,-50
219000296,90,256,-166
219000297,7,61,-54
219000298,19,67,-48
219000299,352,40,312
219000300,13,139,-126
219000301,162,234,-72
219000302,33,152,-119
219000307,33,42,-9
219000308,68,43,25
219000311,162,47,115
219000312,459,129,330
219000313,278,47,231
219000314,39,202,-163
219000315,215,18,197
219000316,466,44,422
219000317,84,11,73
219000320,9,32,-23
219000321,0,16,-16
219000323,4,41,-37
219000325,0,10,-10
219000326,38,35,3
219000327,45,22,23
219000328,30,29,1
219000329,218,99,119
219000330,31,37,-6
219000331,49,24,25
219000332,159,71,88
219000333,14,1,13
219000335,61,2,59
219000337,9,0,9
219000338,30,0,30
219000344,11,45,-34
219000345,36,53,-17
219000346,33,76,-43
219000348,90,76,14
219000349,70,86,-16
219000350,86,166,-80
219000351,4,5,-1
219000352,259,64,195
219000353,88,38,50
219000354,184,85,99
219000355,124,46,78
219000356,651,1134,-483
219000363,171,72,99
219000364,88,49,39
219000365,107,22,85
219000366,229,299,-70
219000368,269,480,-211
219000370,814,448,366
219000371,13,26,-13
219000382,7,21,-14
219000383,409,782,-373
219000385,293,317,-24
219000386,510,1164,-654
219000387,0,21,-21
219000390,1,2,-1
219000391,5,1,4
219000397,39,53,-14
219000398,32,58,-26
219000401,12,84,-72
219000402,21,47,-26
219000403,111,262,-151
219000404,31,99,-68
219000407,4,15,-11
219000409,49,42,7
219000410,91,44,47
219000411,64,17,47
219000446,123,239,-116
219000447,4,20,-16
219000448,9,4,5
219000452,88,82,6
219000453,66,135,-69
219000454,134,209,-75
219000556,243,68,175
219000558,86,55,31
219000590,16,102,-86
219000591,68,53,15
219000592,80,216,-136
219000595,2,7,-5
219000635,166,14,152
219000636,46,51,-5
219000657,14,16,-2
219000658,24,64,-40
219000673,0,17,-17
219000676,10,0,10
219000679,29,12,17
219000684,84,2,82
219000685,1,40,-39
219000686,0,6,-6
219000688,0,50,-50
219000689,25,136,-111
219000690,109,10,99
219000691,33,132,-99
219000692,123,13,110
219000693,0,6,-6
219000694,5,0,5
219000695,29,2,27
219000698,8,0,8
219000699,0,85,-85
219000727,2,115,-113
219000728,91,2,89
219000770,43,1,42
219000771,4,26,-22
219000788,325,223,102
219001150,0,22,-22
219001151,0,1,-1
219001166,38,19,19
219001167,1,69,-68
219001178,49,0,49
220000001,41,73,-32
220000002,3,85,-82
220000003,188,119,69
220000004,289,236,53
220000005,620,924,-304
220000006,205,543,-338
220000007,332,281,51
220000008,253,471,-218
220000009,276,218,58
220000010,114,71,43
220000011,208,1901,-1693
220000012,180,339,-159
220000014,299,317,-18
220000015,42,253,-211
220000017,43,150,-107
220000018,2440,898,1542
220000019,67,283,-216
220000020,306,181,125
220000021,559,136,423
220000022,833,356,477
220000023,359,155,204
220000024,1128,403,725
220000025,465,860,-395
220000026,319,301,18
220000027,26,85,-59
220000028,35,32,3
220000029,283,184,99
220000030,82,97,-15
220000031,404,291,113
220000064,21,593,-572
221000046,2,0,2
221000047,0,2,-2
221000048,0,4,-4
221000049,0,3,-3
221000050,14,0,14
221000055,36,34,2
221000057,78,6,72
221000068,246,103,143
221000069,283,67,216
221000070,161,20,141
221000071,93,13,80
221000072,214,10,204
221000073,143,45,98
221000074,2,12,-10
221000075,11,33,-22
221000076,13,31,-18
221000077,20,51,-31
221000081,18,5,13
221000082,59,5,54
221000083,56,0,56
221000084,5,2,3
221000085,8,25,-17
221000086,10,77,-67
221000087,5,91,-86
221000088,18,77,-59
221000089,34,160,-126
221000090,79,372,-293
221000098,86,8,78
221000099,198,9,189
221000100,102,5,97
221000101,188,22,166
221000102,109,5,104
221000109,4,50,-46
221000110,8,60,-52
221000111,12,146,-134
221000112,7,104,-97
221000113,19,94,-75
221000114,9,94,-85
221000120,21,18,3
221000121,6,29,-23
221000122,30,26,4
221000123,9,13,-4
221000124,27,112,-85
221000155,58,16,42
221000156,50,28,22
221000175,5,8,-3
221000176,0,3,-3
221000182,37,4,33
221000241,478,237,241
221000242,79,314,-235
221000243,542,151,391
221000244,233,362,-129
221000245,131,87,44
221000246,39,198,-159
221000247,134,101,33
221000248,157,140,17
221000267,54,365,-311
221000325,42,43,-1
221000331,5,53,-48
221000338,3,9,-6
221000378,181,32,149
221000381,66,35,31
222000282,21,0,21
222000296,1,16,-15
222000568,269,24,245
222000569,184,49,135
222000570,110,20,90
222000571,237,6,231
222000577,8,73,-65
222000578,16,100,-84
222000579,36,81,-45
222000580,55,529,-474
222000599,1,79,-78
222000600,1,189,-188
222000601,3,499,-496
222000603,5,17,-12
222000604,4,38,-34
222000605,20,17,3
222000606,0,9,-9
222000607,4,1,3
222000608,13,16,-3
222000609,41,74,-33
222000616,333,28,305
222000617,5,9,-4
222000618,12,3,9
222000620,14,7,7
222000621,20,9,11
222000623,437,6,431
222000624,281,5,276
222000625,362,6,356
222000636,46,7,39
222000686,11,13,-2
222000687,30,14,16
222001066,136,1,135
222001067,6,3,3
222001068,67,3,64
222001069,29,14,15
222001082,7,12,-5
222001083,17,25,-8
222001084,1,19,-18
222001085,2,94,-92
222001111,32,70,-38
222001112,88,9,79
222001313,22,9,13
222001314,11,62,-51
222001464,208,31,177
222001465,24,91,-67
222001484,105,32,73
222001485,26,34,-8
222001494,443,110,333
222001495,71,124,-53
222001496,245,75,170
222001497,91,209,-118
222001502,6,63,-57
222001503,79,43,36
222001504,21,202,-181
222001505,331,11,320
222001506,15,245,-230
222001507,238,15,223
222001510,465,37,428
222001511,44,196,-152
222001514,449,109,340
222001515,160,326,-166
222001518,319,43,276
222001519,65,133,-68
222001527,177,43,134
222001528,51,101,-50
222001529,243,51,192
222001530,52,106,-54
222001533,112,159,-47
222001534,208,48,160
222001535,249,182,67
222001536,54,125,-71
222001537,260,32,228
222001538,62,227,-165
222001563,700,90,610
222001564,47,286,-239
222001568,180,90,90
222001576,1,5,-4
222001579,1,22,-21
222001583,12,75,-63
222001584,82,8,74
222001596,302,657,-355
222001597,935,212,723
222001626,0,54,-54
222001650,39,69,-30
222001651,50,174,-124
222001914,175,54,121
222001915,39,158,-119
222001968,393,214,179
222001969,310,384,-74
222001970,103,148,-45
222001971,11,3,8
222001972,4,6,-2
225000001,343,170,173
225000002,490,121,369
225000003,516,69,447
225000004,298,140,158
225000005,57,32,25
225000006,1,130,-129
225000007,847,845,2
225000010,251,14,237
225000011,212,841,-629
225000012,202,509,-307
225000013,68,104,-36
225000014,642,55,587
225000015,78,92,-14
225000021,580,119,461
225000027,169,371,-202
225000032,529,116,413
225000042,69,419,-350
225000049,46,39,7
225000050,68,22,46
225000053,1,175,-174
225000058,615,105,510
225000067,122,139,-17
225000068,116,178,-62
225000069,107,281,-174
225000070,78,181,-103
225000071,60,89,-29
225000075,33,614,-581
225000076,90,66,24
225000078,42,53,-11
225000085,72,102,-30
225000086,199,73,126
225000087,193,15,178
225000088,6,159,-153
225000089,207,716,-509
225000090,35,325,-290
225000091,162,103,59
225000092,28,55,-27
225000093,177,213,-36
225000094,7,147,-140
225000095,278,158,120
225000096,304,240,64
225000098,590,217,373
225000099,298,133,165
225000100,284,101,183
225000104,96,258,-162
225000110,18,305,-287
225000111,211,586,-375
225000112,278,737,-459
225000113,165,430,-265
225000114,46,196,-150
225000115,921,437,484
225000116,707,191,516
225000117,673,193,480
225000118,928,213,715
225000119,243,65,178
225000120,540,31,509
225000121,168,21,147
225000123,429,9,420
225000125,366,130,236
225000126,525,131,394
225000127,498,903,-405
225000128,476,611,-135
225000132,282,17,265
225000133,132,14,118
225000134,527,124,403
225000135,45,6,39
225000136,273,12,261
225000137,247,39,208
225000138,332,85,247
225000143,49,116,-67
225000144,4,191,-187
225000145,38,20,18
225000146,67,68,-1
225000147,33,158,-125
225000148,9,114,-105
225000149,43,251,-208
225000151,23,88,-65
225000155,366,265,101
225000156,141,571,-430
225000157,205,253,-48
225000158,47,200,-153
225000171,5,106,-101
225000180,31,2,29
225000181,0,45,-45
225000182,47,3,44
225000185,1,367,-366
225000187,30,323,-293
225000191,41,5,36
225000194,0,9,-9
225000208,1,31,-30
225000209,81,11,70
225000210,2,120,-118
225000217,0,15,-15
225000218,8,2,6
225000223,2,82,-80
225000224,58,0,58
225000225,3,18,-15
225000226,34,0,34
225000227,22,75,-53
225000228,7,6,1
225000229,1,71,-70
225000230,10,1,9
225000231,0,38,-38
225000232,141,0,141
225000241,88,0,88
225000242,2,62,-60
225000249,10,0,10
225000250,33,391,-358
225000251,331,26,305
226000042,102,161,-59
226000043,94,241,-147
226000044,105,281,-176
226000045,66,344,-278
226000046,386,65,321
226000047,361,99,262
226000048,347,70,277
226000049,222,142,80
226000070,0,8,-8
226000071,0,36,-36
226000072,0,13,-13
226000073,1,6,-5
226000074,0,9,-9
226000084,0,27,-27
226000085,4,10,-6
226000086,3,7,-4
226000087,0,11,-11
226000088,5,12,-7
226000090,211,93,118
226000091,12,27,-15
226000092,2,6,-4
226000093,16,1,15
226000094,4,7,-3
226000095,19,2,17
226000105,4,3,1
226000106,7,0,7
226000107,4,0,4
226000108,11,0,11
226000109,59,0,59
226000124,115,60,55
226000134,554,321,233
226000135,1161,475,686
226000136,441,377,64
226000137,5,110,-105
226000138,11,171,-160
226000139,11,74,-63
226000156,176,0,176
226000157,132,16,116
226000163,122,202,-80
226000202,6,174,-168
226000231,431,9,422
226000232,11,2,9
227000037,464,29,435
227000038,197,44,153
227000049,0,28,-28
227000050,0,55,-55
227000055,110,2,108
227000056,30,0,30
227000084,3,47,-44
227000085,0,38,-38
227000088,35,4,31
227000089,72,1,71
227000090,30,1,29
227000091,26,0,26
227000093,122,0,122
227000094,11,0,11
227000130,7,94,-87
227000131,13,109,-96
227000132,19,96,-77
227000133,9,112,-103
227000134,19,170,-151
227000152,0,3,-3
227000153,0,36,-36
227000155,1,17,-16
227000156,2,9,-7
227000165,2,52,-50
227000196,24,107,-83
227000199,314,13,301
227000230,7,235,-228
227000232,294,23,271
227000241,428,25,403
227000242,70,270,-200
227000243,444,113,331
227000244,341,99,242
227000245,31,193,-162
227000246,59,260,-201
227000247,381,87,294
227000248,202,35,167
227000249,29,155,-126
227000251,103,210,-107
227000252,27,138,-111
227000253,179,28,151
227000262,402,68,334
227000266,882,34,848
227000267,17,659,-642
227000486,303,209,94
227000655,262,8,254
227000661,81,17,64
227000680,104,30,74
229000265,11,19,-8
229000296,0,21,-21
229000297,5,14,-9
229000298,5,71,-66
229000320,9,6,3
229000321,8,4,4
229000412,11,19,-8
229000414,6,31,-25
229000415,16,1,15
229000416,2,6,-4
229000417,2,15,-13
229000419,50,204,-154
229000440,234,42,192
229000442,6,0,6
229000443,3,0,3
229000444,0,19,-19
229000445,43,4,39
229000446,57,4,53
229000847,31,0,31
229000848,12,0,12
229000849,62,4,58
229000851,42,0,42
229000854,0,6,-6
229000856,0,31,-31
229000857,0,9,-9
229000858,0,15,-15
229000919,13,67,-54
229000930,9,189,-180
229000937,73,8,65
229000966,64,17,47
229000981,19,21,-2
229000985,11,15,-4
229000986,0,2,-2
229000987,0,0,0
229000988,8,2,6
229000989,0,7,-7
229000990,1,6,-5
229000991,0,0,0
229000992,7,3,4
229000993,81,16,65
229000998,3,22,-19
229000999,39,8,31
229001034,0,5,-5
229001035,4,2,2
229001037,31,1,30
229001042,10,14,-4
229001047,6,26,-20
229001050,37,35,2
229001200,14,1,13
229001338,2,7,-5
229001394,286,3,283
229001422,133,23,110
229001423,15,102,-87
229001431,46,55,-9
229001432,58,49,9
229001444,116,28,88
229001445,24,105,-81
229001503,233,85,148
229001504,102,112,-10
229001505,114,37,77
229001506,58,91,-33
229001509,18,15,3
229001545,91,3,88
229001546,5,71,-66
229001553,77,11,66
229001554,12,44,-32
229001559,4,5,-1
229001560,3,20,-17
229001630,34,10,24
229001631,9,9,0
229001635,0,10,-10
229001636,3,0,3
229001658,2,80,-78
229001659,69,1,68
229001660,11,2,9
229001661,4,18,-14
229001662,11,0,11
229001663,0,25,-25
229002584,75,89,-14
229002831,99,74,25
229002841,11,2,9
229002842,5,8,-3
229002843,36,9,27
229002844,28,28,0
229002845,12,62,-50
229002846,31,5,26
229002847,0,4,-4
229002848,6,2,4
229002849,1,45,-44
229002850,8,2,6
229002851,31,57,-26
229002852,107,11,96
229002853,70,5,65
229002854,25,43,-18
229002855,14,19,-5
229002856,19,20,-1
229002857,10,87,-77
229002858,6,6,0
229002859,12,75,-63
229002860,123,9,114
229002861,23,10,13
229002862,15,10,5
229002863,13,13,0
229002864,48,10,38
229002865,6,11,-5
229002866,15,6,9
229002867,1,19,-18
229002868,8,5,3
229002869,19,79,-60
229002870,42,4,38
235000066,193,39,154
235000067,81,62,19
235000072,22,40,-18
235000073,95,220,-125
235000074,24,25,-1
235000080,18,107,-89
235000081,58,87,-29
235000082,275,25,250
235000083,132,38,94
235000084,36,45,-9
235000085,121,60,61
235000089,11,14,-3
235000092,20,95,-75
235000093,11,7,4
235000097,6,1,5
235000098,76,10,66
235000099,13,15,-2
235000116,60,13,47
235000117,343,9,334
235000133,10,352,-342
235000134,9,167,-158
235000206,10,6,4
235000207,4,5,-1
235000208,2,2,0
235000209,5,1,4
235000210,3,3,0
235000212,2,13,-11
235000213,6,9,-3
235000220,6,8,-2
235000221,33,17,16
235000238,9,131,-122
235000239,2,31,-29
235000242,238,642,-404
235000245,399,137,262
235000246,19,57,-38
235000284,1,122,-121
235000295,47,5,42
235000305,197,15,182
235000306,213,6,207
235000307,6,1,5
235000308,6,2,4
235000309,66,6,60
235000310,12,0,12
235000311,30,14,16
235000322,0,18,-18
235000323,0,35,-35
235000324,1,18,-17
235000325,0,13,-13
235000326,14,72,-58
235000351,2,47,-45
235000352,12,39,-27
235000353,2,37,-35
235000354,18,22,-4
235000355,11,44,-33
235000356,43,2,41
235000357,26,7,19
235000358,56,13,43
235000359,11,7,4
235000360,12,2,10
235000361,59,4,55
235000381,80,96,-16
235000382,138,18,120
235000390,11,3,8
235000391,154,18,136
235000392,210,193,17
235000393,141,111,30
235000395,93,24,69
235000396,391,32,359
235000400,57,58,-1
235000401,17,73,-56
235000405,88,160,-72
235000406,29,142,-113
235000407,38,54,-16
235000409,151,92,59
235000410,38,147,-109
235000411,1,41,-40
235000485,0,7,-7
235000486,13,0,13
235000549,45,31,14
235000550,91,72,19
235000599,111,24,87
235000600,15,7,8
235000601,15,20,-5
235000602,61,46,15
235000614,1,2,-1
235000648,1,20,-19
235000649,37,0,37
235000685,1,5,-4
235000815,19,62,-43
235000834,0,8,-8
235000855,32,41,-9
235000862,46,86,-40
235000891,0,14,-14
235000892,4,1,3
235000901,28,40,-12
235000907,6,18,-12
235001010,68,23,45
235001029,292,242,50
235001030,317,114,203
235001078,85,66,19
235001079,62,53,9
235001147,34,29,5
235001166,13,42,-29
235001167,46,19,27
235001169,26,215,-189
235001188,0,6,-6
235001189,10,0,10
235001197,10,11,-1
235001200,38,27,11
235001207,418,12,406
235001210,63,112,-49
235001215,24,94,-70
235001239,0,59,-59
235001244,0,10,-10
235016267,0,31,-31
277102712,0,0,0
277103813,0,0,0
277104249,0,2,-2
277104250,1,7,-6
277104251,0,7,-7
277104252,0,4,-4
990011530,0,117,-117
990014944,5,241,-236
990015176,51,1,50
990016032,1,176,-175
990032570,0,17,-17
990070001,52,0,52
990070103,0,3,-3
990070601,0,29,-29
990070751,781,2,779
990070766,1,201,-200
990071180,292,108,184
990071343,26,6,20
990071387,0,17,-17
990071823,25,2,23
990072600,0,808,-808
990072964,0,210,-210
990073285,0,0,0
990074393,0,409,-409
990074870,1234,5,1229
990075106,928,13,915
990075746,439,26,413
990076437,1153,16,1137
990076458,1,379,-378
997000007,349,12,337
997000041,0,120,-120
997000058,33,0,33
997000062,17,2,15
997000069,0,2,-2
997000070,0,15,-15
997000100,44,1,43
997000141,1,532,-531
997000198,32,424,-392
998000475,0,25,-25
998000736,0,85,-85
998000965,0,5,-5
998001031,0,63,-63
998001700,0,0,0
998001899,1,2,-1
998001900,7,0,7
998003073,616,6,610
998101900,0,0,0
998102850,0,128,-128
998501927,586,765,-179
998501929,72,7,65
998501930,64,0,64
998501931,133,40,93
998501932,2,1,1
998501933,30,3,27
998501937,12,0,12
998501944,3,0,3
998501950,0,9,-9
998501970,37,1,36
998501971,0,46,-46
998501973,0,21,-21
998501974,0,142,-142
998501975,76,3,73
998501976,94,2,92
998501977,0,16,-16
998501978,10,1,9
998501979,0,6,-6
998501980,24,1,23
998501981,37,1,36
998501982,0,72,-72
998501983,0,0,0
998502006,0,1,-1
998502024,0,9,-9
998502032,1,3,-2
998502062,13,0,13
998502063,0,0,0
998502173,34,0,34
998502269,0,18,-18
998502546,0,148,-148
998502578,2,1,1
998502599,12,232,-220
998502621,0,0,0
998601159,3,65,-62
998601292,0,12,-12
999033574,1,230,-229
999800001,17,5,12
999800002,0,2,-2
999800003,0,0,0
999800004,0,0,0
999800005,0,4,-4
