ID,insum,outsum,diff
100000001,486,420,66
100000002,1657,356,1301
100000003,3069,1212,1857
100000004,957,533,424
100000005,946,1736,-790
100000006,360,82,278
100000007,1093,344,749
100000008,115,594,-479
100000009,288,91,197
100000010,26,24,2
100000011,218,51,167
100000012,43,617,-574
100000013,20,188,-168
100000014,205,304,-99
100000015,1277,879,398
100000016,852,1322,-470
100000017,510,1073,-563
100000018,1147,464,683
100000019,4019,1351,2668
100000020,1124,2267,-1143
100000021,6117,1962,4155
100000022,1152,558,594
100000023,5309,683,4626
100000025,1768,327,1441
100000028,1764,623,1141
100000029,344,176,168
100000030,451,35,416
100000031,3049,3042,7
100000032,1655,2175,-520
100000033,647,1602,-955
100000034,539,173,366
100000035,1379,554,825
100000036,1790,801,989
100000037,293,419,-126
100000038,960,695,265
100000039,508,112,396
100000040,89,90,-1
100000041,524,293,231
100000042,343,205,138
100000043,427,189,238
100000044,320,703,-383
100000045,346,1460,-1114
100000046,513,1272,-759
100000047,287,753,-466
100000048,371,617,-246
100000049,1523,2607,-1084
100000051,322,1118,-796
100000053,26,1,25
100000054,150,23,127
100000055,385,185,200
100000056,198,641,-443
100000057,1100,854,246
100000058,492,1195,-703
100000059,1,70,-69
100000060,233,244,-11
100000061,1299,380,919
100000062,836,339,497
100000063,263,179,84
100000064,670,348,322
100000065,307,882,-575
100000066,143,949,-806
100000067,226,842,-616
100000068,409,1583,-1174
100000069,236,2072,-1836
100000072,526,819,-293
100000073,985,1167,-182
100000075,440,264,176
100000076,1759,1130,629
100000077,614,69,545
100000078,45,20,25
100000079,18,17,1
100000080,3,4,-1
100000081,77,40,37
100000102,3074,740,2334
100000103,2679,518,2161
100000104,2964,825,2139
100000105,2706,448,2258
100000106,1625,795,830
100000107,442,255,187
100000108,742,687,55
100000109,2966,823,2143
100000116,1018,432,586
100000117,34,25,9
100000118,843,492,351
100000119,584,359,225
100000121,172,612,-440
100000122,1446,587,859
100000123,2398,3634,-1236
100000124,3965,4803,-838
100000125,1575,529,1046
100000126,538,154,384
100000127,1648,251,1397
100000128,665,609,56
100000129,361,237,124
100000130,166,431,-265
100000131,1958,2104,-146
100000132,787,1199,-412
100000133,4633,2196,2437
100000135,359,418,-59
100000139,173,329,-156
100000140,79,112,-33
100000142,250,447,-197
100000143,1706,804,902
100000144,4084,882,3202
100000147,652,1582,-930
100000150,22,463,-441
100000151,455,333,122
100000153,363,156,207
100000154,150,33,117
100000155,5,10,-5
100000156,30,35,-5
100000157,6,253,-247
100000158,40,188,-148
100000159,695,295,400
100000165,943,600,343
100000169,556,341,215
100000174,1429,328,1101
100000179,67,388,-321
100000180,559,989,-430
100000181,90,247,-157
100000188,96,443,-347
100000189,437,217,220
100000190,378,179,199
100000191,432,340,92
100000192,51,49,2
100000193,106,156,-50
100000330,1355,376,979
100000355,69,345,-276
100000362,4665,3115,1550
100000363,1665,2884,-1219
100000364,354,110,244
100000365,2261,6096,-3835
100000366,3735,1812,1923
100000367,1909,2964,-1055
100000368,1622,1414,208
100000369,668,842,-174
100000370,49,227,-178
100000376,42,50,-8
100000379,3095,947,2148
100000380,3612,1324,2288
100000384,4019,1809,2210
100000385,5340,2088,3252
100000386,6500,2269,4231
100000387,5949,2242,3707
100000388,6123,2286,3837
100000389,5836,2449,3387
100000390,6696,1779,4917
100000391,4592,2164,2428
100000392,4234,773,3461
100000393,1549,879,670
100000394,6144,1947,4197
100000395,2831,847,1984
100000396,4877,1119,3758
100000397,2203,927,1276
100000398,8716,6107,2609
100000413,12,3,9
100000414,425,133,292
100900002,1,72,-71
100900003,184,43,141
100900004,20,573,-553
100900005,80,10,70
100900006,2,208,-206
100900007,253,4,249
100900008,4,450,-446
100900009,23,27,-4
100900010,6,114,-108
100900011,26,249,-223
100900012,3,241,-238
100900013,306,1,305
100900014,2,5,-3
100900015,87,116,-29
100900016,2,38,-36
100900017,333,33,300
100900018,0,12,-12
100900019,4,14,-10
100900020,187,0,187
100900021,219,0,219
100900022,1,3,-2
100900023,0,10,-10
100900024,594,3,591
100900025,15,10,5
100900026,29,135,-106
100900027,276,1505,-1229
100900028,81,98,-17
100900029,132,7,125
100900030,1,22,-21
100900031,215,8,207
100900032,99,0,99
100900033,126,79,47
100900034,221,2,219
100900035,308,0,308
100900036,5,0,5
100900037,33,236,-203
100900038,136,7,129
100900039,168,564,-396
100900040,129,781,-652
100900041,122,1130,-1008
100900042,466,136,330
100900043,0,0,0
100900044,2543,205,2338
100900045,22,0,22
100900046,598,8,590
100900047,657,35,622
100900048,80,12,68
100900049,41,193,-152
100900050,0,7,-7
100900051,21,15,6
100900052,120,6,114
100900053,185,16,169
100900054,5,91,-86
100900055,99,225,-126
100900056,61,140,-79
100900057,393,818,-425
100900058,189,18,171
100900059,54,0,54
100900060,21,12,9
100900061,247,244,3
100900062,0,67,-67
100900063,88,230,-142
100900064,372,11,361
100900065,48,33,15
100900066,28,67,-39
100900067,4,2,2
100900068,49,159,-110
100900069,414,1,413
100900070,95,2,93
100900071,528,251,277
100900072,1,61,-60
100900073,31,553,-522
100900074,1,12,-11
100900075,2063,207,1856
100900076,7,17,-10
100900077,10,121,-111
100900078,48,185,-137
100900079,1,33,-32
100900080,3,117,-114
100900081,18,72,-54
100900082,46,953,-907
100900083,0,38,-38
100900085,2,41,-39
100900086,76,459,-383
100900088,34,763,-729
100900089,3,25,-22
100900090,41,185,-144
100900091,1,25,-24
100900092,115,123,-8
100900093,89,116,-27
100900094,32,700,-668
100900095,2,24,-22
100900096,16,64,-48
100900097,3,8,-5
100900098,7,13,-6
100900099,18,632,-614
100900100,6,232,-226
100900101,291,13,278
100900102,7,21,-14
100900103,3,16,-13
100900104,8,138,-130
100900105,3,83,-80
100900106,32,1,31
100900107,1252,290,962
100900108,1,4,-3
100900109,0,12,-12
100900110,0,0,0
100900111,33,108,-75
100900112,0,3,-3
100900113,7,16,-9
100900114,1,7,-6
100900115,0,10,-10
100900116,443,406,37
100900117,162,378,-216
100900118,2,79,-77
100900119,1,23,-22
100900120,1,13,-12
100900121,124,227,-103
100900122,135,145,-10
100900123,42,69,-27
100900124,0,0,0
100900125,11,68,-57
100900126,35,152,-117
100900127,1,16,-15
100900128,44,76,-32
100900129,7,60,-53
100900131,28,118,-90
100900133,21,16,5
100900134,0,8,-8
100900135,0,69,-69
100900137,293,145,148
100900138,306,181,125
100900139,0,3,-3
100900140,3,911,-908
100900141,0,253,-253
100900142,1,2,-1
100900143,586,184,402
100900144,12,0,12
100900145,26,90,-64
100900146,0,0,0
100900147,48,128,-80
100900148,25,1304,-1279
100900149,35,35,0
100900150,0,3,-3
100900151,93,552,-459
100900152,69,3,66
100900153,1,80,-79
100900154,17,20,-3
100900155,1,2,-1
100900156,5,1,4
100900157,3,56,-53
100900159,2,3,-1
100900160,2,3,-1
100900161,107,1,106
100900162,22,127,-105
100900163,147,145,2
100900164,32,29,3
100900165,0,9,-9
100900166,20,1,19
100900167,2,76,-74
100900168,16,96,-80
100900169,128,817,-689
100900170,9,7,2
100900171,8,786,-778
100900172,0,9,-9
100900173,4,753,-749
100900174,182,53,129
100900176,860,49,811
100900177,992,157,835
100900178,262,86,176
100900179,58,32,26
100900180,4,3,1
100900181,90,17,73
100900182,14,10,4
100900184,8,103,-95
100900186,941,439,502
100900187,8,190,-182
100900188,33,9,24
100900189,550,110,440
100900191,943,451,492
100900192,296,80,216
100900195,88,113,-25
100900197,0,0,0
100900198,12,344,-332
100900199,0,0,0
100900200,432,283,149
100900201,34,729,-695
100900202,4,0,4
100900203,3,68,-65
100900204,106,106,0
100900205,81,247,-166
100900206,31,17,14
100900207,124,55,69
100900210,65,676,-611
100900211,177,40,137
100900213,25,28,-3
100900214,867,69,798
100900215,0,18,-18
100900217,116,26,90
101000001,3181,2048,1133
101000002,2937,2686,251
101000003,656,1225,-569
101000004,7321,6432,889
101000005,3433,3437,-4
101000006,5643,5567,76
101000007,1545,1808,-263
101000009,1223,2321,-1098
101000010,558,1747,-1189
101000011,1849,582,1267
101000012,2308,412,1896
101000013,303,637,-334
101000014,458,516,-58
101000015,548,587,-39
101000016,443,262,181
101000017,380,430,-50
101000018,3992,1494,2498
101000020,4409,790,3619
101000021,1339,181,1158
101000023,1498,558,940
101000025,89,235,-146
101000026,445,16,429
101000027,1344,874,470
101000028,762,120,642
101000029,25,467,-442
101000030,683,29,654
101000031,314,79,235
101000032,5042,1452,3590
101000033,2015,1225,790
101000034,2444,688,1756
101000035,984,144,840
101000036,1314,316,998
101000037,3820,773,3047
101000039,2335,664,1671
101000040,3310,2163,1147
101000041,9544,2623,6921
101000042,548,374,174
101000043,5992,1857,4135
101000045,1349,333,1016
101000046,1645,492,1153
101000047,719,679,40
101000048,664,784,-120
101000049,570,549,21
101000050,1219,463,756
101000051,1534,815,719
101000052,1420,339,1081
101000053,660,632,28
101000054,968,666,302
101000055,1201,793,408
101000056,74,41,33
101000057,1653,314,1339
101000058,1442,546,896
101000059,3210,1013,2197
101000060,1523,179,1344
101000061,937,507,430
101000062,962,230,732
101000063,535,256,279
101000064,1447,320,1127
101000065,197,180,17
101000066,381,126,255
101000067,905,321,584
101000068,292,118,174
101000069,456,32,424
101000070,1295,619,676
101000071,1500,662,838
101000072,726,2573,-1847
101000073,424,345,79
101000074,2797,2043,754
101000075,4169,2460,1709
101000077,664,1476,-812
101000078,736,1211,-475
101000079,259,749,-490
101000080,365,350,15
101000081,874,1165,-291
101000082,3155,2100,1055
101000083,1559,1429,130
101000084,1168,978,190
101000085,1276,850,426
101000086,1117,908,209
101000087,853,1254,-401
101000088,735,792,-57
101000089,640,1065,-425
101000090,2009,1440,569
101000091,225,1685,-1460
101000092,445,854,-409
101000093,1169,745,424
101000094,477,1125,-648
101000095,159,673,-514
101000096,186,605,-419
101000097,345,230,115
101000098,355,386,-31
101000099,761,899,-138
101000100,681,389,292
101000101,460,267,193
101000102,1110,283,827
101000103,671,318,353
101000104,371,352,19
101000105,853,149,704
101000106,444,354,90
101000107,119,313,-194
101000108,1571,300,1271
101000109,121,81,40
101000110,13,705,-692
101000111,24,118,-94
101000113,70,366,-296
101000114,2271,835,1436
101000115,36,81,-45
101000116,53,92,-39
101000117,225,167,58
101000119,84,16,68
101000120,161,7,154
101000121,74,12,62
101000122,121,14,107
101000123,54,12,42
101000124,114,172,-58
101000125,128,518,-390
101000128,636,164,472
101000130,197,187,10
101000131,326,767,-441
101000132,348,1994,-1646
101000135,62,11,51
101000136,200,49,151
101000137,20,129,-109
101000141,1479,1126,353
101000147,673,581,92
101000148,2098,9,2089
101000149,51,35,16
101000150,30,1360,-1330
101000151,86,97,-11
101000152,280,192,88
101000153,507,437,70
101000154,97,1967,-1870
101000155,92,134,-42
101000156,22,238,-216
101000157,48,5,43
101000160,27,42,-15
101000163,105,93,12
101000164,459,514,-55
101000165,197,470,-273
101000166,191,299,-108
101000168,782,309,473
101000252,647,458,189
101000254,243,29,214
101000258,16,20,-4
101000261,87,249,-162
101000262,751,683,68
101000263,89,446,-357
101000265,19,366,-347
101000266,209,249,-40
101000269,93,5,88
101000290,1079,1586,-507
101000293,12,48,-36
101000294,331,347,-16
101000295,72,339,-267
101000301,623,157,466
101000304,1363,1988,-625
101000305,1929,1418,511
101000328,72,302,-230
101900001,27,67,-40
101900002,0,8,-8
101900003,153,74,79
101900004,4,21,-17
101900005,5781,874,4907
101900006,827,125,702
101900007,302,25,277
101900008,134,159,-25
101900009,40,292,-252
101900010,876,413,463
101900011,296,754,-458
101900012,86,212,-126
101900013,1286,126,1160
101900017,30,115,-85
101900018,2030,139,1891
101900019,225,99,126
101900020,18,70,-52
101900021,4,30,-26
101900022,63,1481,-1418
101900023,36,233,-197
101900026,83,33,50
101900027,11,119,-108
102000001,1820,2816,-996
102000002,2410,1156,1254
102000003,2235,3255,-1020
102000004,6752,2249,4503
102000005,923,1451,-528
102000006,1553,1363,190
102000007,908,3095,-2187
102000008,4555,1680,2875
102000009,3348,5331,-1983
102000010,4303,2869,1434
102000011,1580,1654,-74
102000012,2511,2882,-371
102000018,3277,1961,1316
102000019,2924,1564,1360
102000026,187,737,-550
102000029,361,274,87
102000030,47,251,-204
102000031,32,276,-244
102000032,205,428,-223
102000033,101,479,-378
102000034,343,524,-181
102000035,749,528,221
102000036,7,412,-405
102000037,138,68,70
102000038,393,108,285
102000039,412,76,336
102000040,656,77,579
102000041,242,235,7
102000042,293,98,195
102000043,301,154,147
102000044,669,586,83
102000045,616,1189,-573
102000046,835,442,393
102000047,404,1274,-870
102000048,193,738,-545
102000049,1128,713,415
102000050,1000,975,25
102000051,398,564,-166
102000052,1097,739,358
102000053,1026,796,230
102000054,284,809,-525
102000055,475,1349,-874
102000056,392,1329,-937
102000057,720,409,311
102000058,811,2162,-1351
102000059,867,1192,-325
102000060,747,791,-44
102000061,617,2457,-1840
102000062,807,1185,-378
102000063,1211,1431,-220
102000064,435,519,-84
102000065,18,135,-117
102000066,629,1488,-859
102000067,1698,2222,-524
102000068,9655,2893,6762
102000069,51,1769,-1718
102000070,1657,48,1609
102000071,5928,7388,-1460
102000072,2414,4809,-2395
102000073,276,772,-496
102000074,283,897,-614
102000075,54,326,-272
102000076,87,436,-349
102000077,183,1593,-1410
102000078,416,880,-464
102000079,129,243,-114
102000080,160,181,-21
102000081,277,819,-542
102000082,613,202,411
102000083,205,521,-316
102000084,65,454,-389
102000085,1260,1142,118
102000086,750,880,-130
102000087,588,1650,-1062
102000088,149,285,-136
102000089,613,450,163
102000090,309,985,-676
102000091,998,328,670
102000092,226,521,-295
102000093,507,433,74
102000094,692,419,273
102000095,781,676,105
102000096,550,496,54
102000097,729,605,124
102000098,424,569,-145
102000099,747,343,404
102000100,815,654,161
102000101,1020,239,781
102000102,195,2613,-2418
102000103,865,269,596
102000104,1184,349,835
102000105,193,965,-772
102000106,389,1083,-694
102000107,531,680,-149
102000108,355,338,17
102000109,260,674,-414
102000110,420,1993,-1573
102000111,3,433,-430
102000112,87,51,36
102000113,3,40,-37
102000114,1397,406,991
102000115,172,153,19
102000116,339,198,141
102000117,125,460,-335
102000118,1526,687,839
102000119,2311,519,1792
102000120,66,400,-334
102000121,484,263,221
102000122,250,553,-303
102000123,1181,749,432
102000124,653,665,-12
102000125,628,703,-75
102000126,544,613,-69
102000127,657,501,156
102000128,386,902,-516
102000129,565,884,-319
102000130,339,632,-293
102000131,673,515,158
102000132,220,456,-236
102000133,731,2433,-1702
102000134,386,690,-304
102000135,1059,854,205
102000136,1082,457,625
102000137,668,635,33
102000138,136,336,-200
102000139,47,259,-212
102000140,177,163,14
102000141,83,435,-352
102000142,119,332,-213
102000143,64,500,-436
102000144,111,412,-301
102000145,134,428,-294
102000146,182,317,-135
102000147,189,271,-82
102000148,179,202,-23
102000149,124,615,-491
102000150,103,389,-286
102000151,119,390,-271
102000152,68,210,-142
102000153,740,266,474
102000154,466,624,-158
102000155,75,258,-183
102000156,511,23,488
102000157,262,100,162
102000158,508,271,237
102000159,1745,275,1470
102000161,4602,1262,3340
102000162,112,137,-25
102000163,49,263,-214
102000164,735,639,96
102000165,195,120,75
102000166,56,118,-62
102000167,140,131,9
102000168,147,95,52
102000169,54,376,-322
102000170,529,85,444
102000171,77,57,20
102000172,48,198,-150
102000173,316,187,129
102000174,15,46,-31
102000175,58,127,-69
102000176,17,52,-35
102000178,184,689,-505
102000179,239,189,50
102000180,312,700,-388
102000181,229,738,-509
102000182,304,743,-439
102000183,973,2194,-1221
102000184,869,850,19
102000185,1306,2057,-751
102000186,517,2169,-1652
102000187,291,2046,-1755
102000188,361,1358,-997
102000189,2863,925,1938
102000190,398,1589,-1191
102000191,1055,483,572
102000192,455,683,-228
102000193,23,238,-215
102000194,60,126,-66
102000195,273,402,-129
102000196,65,723,-658
102000197,302,659,-357
102000198,64,1120,-1056
102000199,384,445,-61
102000200,166,1574,-1408
102000201,409,753,-344
102000202,4,199,-195
102000203,146,304,-158
102000204,204,1129,-925
102000205,556,714,-158
102000206,472,726,-254
102000207,707,450,257
102000208,329,577,-248
102000209,24,53,-29
102000210,264,794,-530
102000211,175,529,-354
102000212,85,7,78
102000213,3,538,-535
102000214,102,30,72
102000215,4,783,-779
102000216,33,35,-2
102000217,13,296,-283
102000218,107,60,47
102000219,459,388,71
102000225,652,676,-24
102000226,1799,280,1519
102000227,98,2,96
102000228,0,127,-127
102000229,21,18,3
102000230,208,740,-532
102000231,246,410,-164
102000232,11,251,-240
102000233,262,576,-314
102000234,78,934,-856
102000236,161,61,100
102000237,621,184,437
102000238,107,384,-277
102000240,457,293,164
102000241,149,85,64
102000243,8,48,-40
102000245,9,96,-87
102000246,7,16,-9
102000247,780,718,62
102000248,394,460,-66
102000249,69,196,-127
102000250,33,485,-452
102000254,35,521,-486
102000266,38,111,-73
102000271,12,1,11
102000286,411,305,106
102000297,1575,1058,517
102000301,0,0,0
102000307,0,10,-10
102000316,112,284,-172
102900001,900,1134,-234
102900002,172,21,151
102900003,20,338,-318
102900005,153,390,-237
102900006,330,326,4
102900007,289,34,255
102900008,130,107,23
102900009,356,141,215
102900010,518,349,169
102900011,1866,326,1540
102900012,220,53,167
102900013,14,91,-77
102900015,696,226,470
102900016,24,67,-43
102900017,59,443,-384
102900018,5,113,-108
102900019,313,564,-251
102900020,61,30,31
102900021,2,102,-100
102900022,421,48,373
102900023,25,115,-90
102900024,8,26,-18
102900025,222,97,125
102900026,634,1054,-420
102900027,28,46,-18
102900028,68,361,-293
102900029,132,135,-3
102900030,254,179,75
102900031,118,191,-73
102900032,24,143,-119
102900033,49,140,-91
102900034,166,127,39
102900035,71,559,-488
102900036,169,676,-507
102900037,130,840,-710
102900038,285,722,-437
102900039,14,238,-224
102900040,55,154,-99
102900041,38,208,-170
102900042,113,421,-308
102900043,83,255,-172
102900044,384,1912,-1528
102900045,48,529,-481
102900046,65,378,-313
102900047,38,760,-722
102900048,412,941,-529
102900049,83,419,-336
102900050,181,395,-214
102900051,147,206,-59
102900053,256,895,-639
102900054,946,640,306
102900055,41,77,-36
102900056,88,541,-453
102900057,3,25,-22
102900058,219,46,173
102900059,2,30,-28
102900060,68,371,-303
102900061,70,543,-473
102900062,112,1548,-1436
102900063,522,479,43
102900064,58,387,-329
102900065,1884,541,1343
102900066,210,60,150
102900068,66,90,-24
102900070,163,845,-682
102900072,5,40,-35
102900073,82,4,78
102900075,33,33,0
102900076,234,39,195
102900077,20,28,-8
102900078,24,55,-31
102900079,149,16,133
102900080,248,22,226
102900081,58,320,-262
102900082,9,231,-222
102900083,244,9,235
102900084,2,14,-12
102900085,111,64,47
102900086,6,72,-66
102900087,75,177,-102
102900088,38,43,-5
102900089,229,135,94
102900090,2,590,-588
102900091,82,2,80
102900092,106,1125,-1019
102900094,2,63,-61
102900095,154,1,153
102900096,32,18,14
102900097,1,126,-125
103000001,1898,2615,-717
103000002,2160,2086,74
103000003,3195,2400,795
103000004,870,514,356
103000005,2229,2317,-88
103000006,537,1418,-881
103000007,404,845,-441
103000008,899,1427,-528
103000009,611,718,-107
103000010,218,246,-28
103000011,1536,692,844
103000012,920,1284,-364
103000013,5454,1661,3793
103000014,1076,1388,-312
103000015,3203,841,2362
103000016,516,838,-322
103000017,149,290,-141
103000018,1169,454,715
103000019,128,159,-31
103000020,2160,1197,963
103000021,1434,1478,-44
103000022,1197,1216,-19
103000023,454,1082,-628
103000024,148,204,-56
103000025,30,217,-187
103000026,1665,135,1530
103000027,193,242,-49
103000028,476,243,233
103000029,274,119,155
103000030,1573,498,1075
103000031,1285,1617,-332
103000032,1482,1251,231
103000033,1900,2186,-286
103000034,1066,651,415
103000035,330,965,-635
103000036,278,380,-102
103000037,428,299,129
103000038,301,702,-401
103000039,143,520,-377
103000040,182,1345,-1163
103000041,1236,2691,-1455
103000042,519,830,-311
103000043,231,1336,-1105
103000044,98,281,-183
103000046,226,430,-204
103000047,613,633,-20
103000048,132,196,-64
103000049,55,177,-122
103000050,638,822,-184
103000051,262,561,-299
103000052,647,438,209
103000053,130,436,-306
103000054,1637,1090,547
103000055,1195,1680,-485
103000056,456,2439,-1983
103000057,229,263,-34
103000058,288,973,-685
103000059,174,695,-521
103000060,501,904,-403
103000061,201,756,-555
103000062,716,673,43
103000063,401,541,-140
103000064,82,314,-232
103000065,0,305,-305
103000066,87,10,77
103000069,126,324,-198
103000070,546,1203,-657
103000071,566,346,220
103000072,150,1130,-980
103000073,431,136,295
103000074,465,84,381
103000075,104,970,-866
103000076,137,228,-91
103000077,31,366,-335
103000078,1309,354,955
103000079,1750,425,1325
103000080,861,222,639
103000081,381,623,-242
103000082,400,207,193
103000083,90,331,-241
103000084,163,5,158
103000085,3,72,-69
103000086,862,316,546
103000087,199,335,-136
103000088,460,319,141
103000089,228,408,-180
103000090,1322,995,327
103000091,373,492,-119
103000092,278,290,-12
103000093,293,533,-240
103000094,162,119,43
103000095,36,442,-406
103000096,556,131,425
103000097,42,703,-661
103000098,836,184,652
103000099,353,676,-323
103000100,74,1030,-956
103000101,368,133,235
103000102,90,764,-674
103000103,390,274,116
103000104,71,127,-56
103000105,103,203,-100
103000106,17,62,-45
103000107,262,86,176
103000108,1152,491,661
103000109,476,221,255
103000110,362,439,-77
103000111,600,290,310
103000112,259,181,78
103000113,875,716,159
103000114,1782,321,1461
103000115,305,563,-258
103000116,354,666,-312
103000117,257,640,-383
103000118,1805,858,947
103000119,2623,588,2035
103000120,48,70,-22
103000121,177,508,-331
103000122,239,184,55
103000125,5,580,-575
103000126,207,3,204
103000127,2,309,-307
103000128,100,0,100
103000129,3,174,-171
103000130,28,15,13
103000131,244,80,164
103000132,38,61,-23
103000133,4,151,-147
103000134,564,501,63
103000135,983,176,807
103000136,739,275,464
103000137,647,443,204
103000138,801,513,288
103000139,2,42,-40
103000140,198,20,178
103000141,26,100,-74
103000142,126,84,42
103000143,71,204,-133
103000144,173,114,59
103000145,10,9,1
103000150,37,60,-23
103000152,460,213,247
103000153,380,132,248
103000156,3,622,-619
103000157,226,4,222
103000159,42,34,8
103000162,109,51,58
103000163,3,10,-7
103000164,7,14,-7
103000165,260,522,-262
103000166,120,124,-4
103000167,172,92,80
103000168,47,148,-101
103000169,95,317,-222
103000170,260,547,-287
103000171,52,51,1
103000172,137,388,-251
103000173,167,973,-806
103000174,105,374,-269
103000175,105,530,-425
103000176,846,315,531
103000177,774,365,409
103000178,300,223,77
103000179,110,19,91
103000183,138,207,-69
103000185,40,131,-91
103000186,50,151,-101
103000187,212,896,-684
103000188,12,58,-46
103000189,1564,1216,348
103000191,367,584,-217
103000292,3595,752,2843
103000293,1417,897,520
103000295,105,65,40
103000296,108,3,105
103000297,12,0,12
103000504,37,21,16
103000505,8,3,5
103000506,2,213,-211
103000507,133,1,132
103000508,31,10,21
103000509,267,460,-193
103000514,20,5,15
103900001,1,531,-530
103900002,1806,117,1689
103900003,1071,33,1038
103900004,42,1,41
103900005,3,266,-263
103900006,0,0,0
103900007,9,1,8
103900008,25,0,25
103900009,112,320,-208
103900010,102,281,-179
103900011,123,323,-200
103900012,10,14,-4
103900013,15,101,-86
103900014,19,13,6
103900015,23,10,13
103900016,271,309,-38
103900017,19,83,-64
103900018,657,263,394
103900019,49,104,-55
103900020,139,315,-176
103900021,862,59,803
103900022,559,464,95
103900023,90,1,89
103900024,79,663,-584
103900025,22,78,-56
103900026,7,0,7
103900027,415,374,41
103900028,19,168,-149
103900029,657,165,492
103900030,515,27,488
103900031,6,1,5
103900032,39,69,-30
103900033,59,3,56
103900034,25,401,-376
103900035,74,73,1
103900036,45,19,26
103900037,21,41,-20
103900038,38,100,-62
103900039,18,550,-532
103900040,2,159,-157
103900041,20,39,-19
103900042,20,494,-474
103900043,68,175,-107
103900044,253,152,101
103900045,106,116,-10
103900047,17,23,-6
103900048,72,12,60
103900049,176,1441,-1265
103900050,0,45,-45
103900051,0,22,-22
103900052,101,723,-622
103900053,99,1424,-1325
103900054,40,608,-568
103900055,318,339,-21
103900056,14,40,-26
103900057,28,412,-384
103900058,88,782,-694
103900059,0,2,-2
103900060,18,291,-273
103900061,52,63,-11
103900062,152,57,95
103900063,2,0,2
103900064,36,2,34
103900065,640,427,213
103900066,56,8,48
103900067,81,5,76
103900068,1,0,1
103900069,67,6,61
103900070,77,342,-265
103900071,13,184,-171
103900072,7,367,-360
103900073,29,5,24
103900074,16,92,-76
103900075,94,117,-23
103900076,210,843,-633
103900077,51,43,8
103900078,61,135,-74
103900079,100,251,-151
103900080,12,12,0
103900081,140,16,124
103900082,6,105,-99
103900083,2016,845,1171
103900084,10,192,-182
103900085,59,87,-28
103900086,239,274,-35
103900088,264,183,81
103900089,45,223,-178
103900090,2,306,-304
103900091,730,218,512
103900092,386,694,-308
103900093,84,370,-286
103900094,6,147,-141
103900095,217,163,54
103900096,13,370,-357
103900097,1,437,-436
103900098,133,78,55
103900099,52,369,-317
103900100,118,415,-297
103900101,32,951,-919
103900102,2,37,-35
103900104,20,39,-19
103900105,71,250,-179
103900106,0,20,-20
103900107,21,273,-252
103900108,37,492,-455
103900109,30,98,-68
103900110,165,32,133
103900111,30,956,-926
103900112,30,75,-45
103900113,134,160,-26
103900114,590,341,249
103900115,195,91,104
103900116,8187,1572,6615
103900117,243,184,59
103900119,15,38,-23
103900120,22,132,-110
103900122,25,403,-378
103900123,1861,532,1329
103900124,24,642,-618
103900125,57,84,-27
103900126,272,716,-444
103900127,70,1190,-1120
103900128,22,264,-242
103900131,13,126,-113
103900133,905,35,870
103900134,0,1,-1
103900135,0,2,-2
103900137,0,40,-40
103900138,40,536,-496
103900139,1064,869,195
103900140,6,38,-32
103900141,209,59,150
103900142,43,239,-196
103900143,16,1,15
103900144,1,92,-91
103900145,124,393,-269
103900146,156,405,-249
103900147,137,91,46
103900148,133,264,-131
103900149,136,957,-821
103900150,8001,2052,5949
103900151,26,185,-159
103900152,161,837,-676
103900153,7,9,-2
103900154,982,808,174
103900155,18,244,-226
103900156,14,225,-211
103900157,12,325,-313
103900158,51,338,-287
103900159,48,98,-50
103900160,30,11,19
103900161,55,209,-154
103900162,34,455,-421
103900163,3,417,-414
103900167,3,69,-66
103900168,54,130,-76
103900169,14,28,-14
103900170,0,96,-96
103900171,1,93,-92
103900172,6,47,-41
103900173,1,4,-3
103900174,43,49,-6
103900175,48,24,24
103900176,2,6,-4
103900177,5,46,-41
103900178,18,148,-130
103900179,18,310,-292
103900180,3,139,-136
103900181,43,54,-11
103900182,47,12,35
103900184,665,49,616
103900185,368,81,287
103900187,101,32,69
103900188,19,12,7
103900189,92,4,88
103900190,37,28,9
103900191,30,47,-17
103900192,17,89,-72
103900193,119,128,-9
103900194,44,340,-296
103900195,0,17,-17
103900196,15,16,-1
103900197,6,27,-21
103900198,13,52,-39
103900199,60,120,-60
103900200,103,243,-140
103900201,67,184,-117
103900202,6,81,-75
103900203,13,29,-16
103900204,2,164,-162
103900207,2,234,-232
103900208,19,0,19
103900209,2,159,-157
103900210,7,34,-27
103900211,262,778,-516
103900212,49,702,-653
103900213,173,170,3
103900214,377,83,294
103900215,567,187,380
103900216,6,477,-471
103900217,320,14,306
103900218,25,449,-424
103900219,87,495,-408
103900233,28,2,26
103900235,22,9,13
103900236,14,1,13
103900242,0,8,-8
103900243,3,9,-6
103900244,81,320,-239
103900245,62,192,-130
103900246,78,32,46
103900247,30,101,-71
103900248,2,21,-19
103900249,9,15,-6
103900250,38,21,17
103900251,8,52,-44
103900253,66,87,-21
103900254,17,23,-6
103900255,23,11,12
103900256,33,18,15
103900257,169,131,38
103900258,35,6,29
103900259,82,10,72
103900261,9,2,7
103900262,23,3,20
103900263,48,53,-5
103900264,63,16,47
103900265,23,7,16
103900266,0,61,-61
103900267,1,49,-48
103900268,9,195,-186
103900269,65,41,24
103900270,5,145,-140
103900271,13,228,-215
103900272,51,109,-58
103900273,12,144,-132
103900274,18,7,11
103900275,8,3,5
103900276,2,196,-194
103900277,5,183,-178
103900278,2,104,-102
103900279,0,9,-9
103900280,0,339,-339
103900281,81,73,8
103900282,5,20,-15
103900283,11,17,-6
103900284,3,6,-3
103900285,33,22,11
103900286,68,65,3
103900287,0,9,-9
103900288,101,25,76
103900289,24,0,24
103900290,216,16,200
103900291,6,0,6
103900292,1,6,-5
103900293,20,30,-10
103900294,6,17,-11
104000001,1755,2179,-424
104000002,1352,3122,-1770
104000003,1780,2240,-460
104000004,2828,2724,104
104000005,1035,1779,-744
104000006,2259,3156,-897
104000007,3386,3282,104
104000008,328,516,-188
104000009,96,131,-35
104000010,81,192,-111
104000011,939,466,473
104000012,146,559,-413
104000013,77,135,-58
104000014,226,846,-620
104000015,203,175,28
104000016,548,525,23
104000018,378,160,218
104000019,291,122,169
104000020,241,933,-692
104000021,309,786,-477
104000022,178,316,-138
104000023,349,435,-86
104000024,247,463,-216
104000026,74,271,-197
104000027,312,495,-183
104000028,324,360,-36
104000029,473,600,-127
104000030,260,273,-13
104000031,671,320,351
104000032,186,379,-193
104000033,406,474,-68
104000034,271,416,-145
104000035,401,438,-37
104000036,482,710,-228
104000037,196,307,-111
104000038,126,377,-251
104000039,146,474,-328
104000040,689,468,221
104000041,671,553,118
104000042,87,177,-90
104000043,284,521,-237
104000044,262,1059,-797
104000045,937,1709,-772
104000046,1701,1827,-126
104000047,495,1471,-976
104000048,1014,1888,-874
104000049,310,265,45
104000050,119,529,-410
104000051,104,859,-755
104000052,884,1441,-557
104000053,411,666,-255
104000054,218,427,-209
104000055,3487,2715,772
104000056,1655,262,1393
104000057,194,748,-554
104000058,1025,1139,-114
104000059,325,1154,-829
104000060,735,1532,-797
104000061,1188,1708,-520
104000062,269,338,-69
104000064,528,435,93
104000065,132,407,-275
104000069,1545,698,847
104000070,49,254,-205
104000071,258,516,-258
104000072,484,477,7
104000075,42,346,-304
104000076,411,35,376
104000082,1541,2174,-633
104000083,557,235,322
104000084,88,429,-341
104000085,204,226,-22
104000086,128,459,-331
104000087,420,851,-431
104000090,456,1847,-1391
104000092,602,3286,-2684
104000094,692,2408,-1716
104000095,1129,1686,-557
104000096,610,679,-69
104000097,1118,1476,-358
104000098,1018,1793,-775
104000100,819,782,37
104000101,478,2474,-1996
104000106,232,613,-381
104000107,528,576,-48
104000108,414,680,-266
104000109,212,50,162
104000110,735,1009,-274
104000111,5467,1252,4215
104000112,2460,650,1810
104000116,3,1370,-1367
104000117,57,1734,-1677
104000118,200,274,-74
104000119,260,236,24
104000120,171,1627,-1456
104000121,146,730,-584
104000122,485,598,-113
104000123,953,1138,-185
104000124,1026,2388,-1362
104000125,6258,2422,3836
104000126,210,482,-272
104000127,1507,3775,-2268
104000128,720,487,233
104000129,478,46,432
104000130,11,192,-181
104000131,1009,664,345
104000132,1031,994,37
104000133,943,927,16
104000134,502,1549,-1047
104000135,291,804,-513
104000136,560,1774,-1214
104000137,1265,202,1063
104000138,1262,417,845
104000139,8449,2598,5851
104000141,964,2139,-1175
104000142,631,1174,-543
104000143,497,891,-394
104000144,102,236,-134
104000145,356,135,221
104000146,427,671,-244
104000147,123,412,-289
104000148,138,161,-23
104000149,133,488,-355
104000150,362,515,-153
104000151,249,695,-446
104000152,345,883,-538
104000153,325,511,-186
104000154,1043,774,269
104000155,282,380,-98
104000157,861,2027,-1166
104000158,152,242,-90
104000159,425,302,123
104000160,1299,1240,59
104000161,315,156,159
104000162,50,131,-81
104000165,1924,1256,668
104000167,672,907,-235
104000168,309,3,306
104000169,34,54,-20
104000170,594,276,318
104000248,163,1390,-1227
104000251,57,399,-342
104000272,0,0,0
104000273,0,0,0
104000274,0,0,0
104000275,0,0,0
104000279,3593,1245,2348
104000290,53,393,-340
104000291,826,1652,-826
104000293,710,867,-157
104000294,3,1,2
104000295,347,708,-361
104000296,217,783,-566
104000297,803,1309,-506
104000298,1292,950,342
104000299,627,1600,-973
104000302,72,184,-112
104000303,133,184,-51
104900001,104,470,-366
104900002,26,61,-35
104900003,22,403,-381
104900004,34,347,-313
104900005,113,144,-31
104900006,110,84,26
104900007,168,228,-60
104900009,52,465,-413
104900010,23,11,12
104900011,6,7,-1
104900012,140,20,120
104900013,32,10,22
104900014,3601,250,3351
104900015,88,2,86
104900016,109,336,-227
104900017,70,190,-120
104900018,2,229,-227
104900019,204,961,-757
104900020,27,322,-295
104900021,2,517,-515
104900022,11,205,-194
104900023,1,229,-228
104900024,26,162,-136
104900025,73,597,-524
104900026,2,257,-255
104900027,200,251,-51
104900028,26,134,-108
104900029,35,153,-118
104900030,230,150,80
104900031,108,196,-88
104900032,45,206,-161
104900033,66,230,-164
104900034,140,59,81
104900035,122,93,29
104900036,90,52,38
104900037,77,448,-371
104900038,616,216,400
104900039,1354,81,1273
104900040,113,62,51
104900041,109,179,-70
104900042,73,546,-473
104900043,14,78,-64
104900044,180,167,13
104900045,283,41,242
104900046,59,132,-73
104900047,143,108,35
104900048,82,54,28
104900049,15,4,11
104900050,114,54,60
104900051,169,27,142
104900052,9,0,9
104900053,208,54,154
104900054,39,33,6
104900055,34,0,34
104900056,157,11,146
104900057,10,0,10
104900058,310,103,207
104900059,16,54,-38
104900061,235,586,-351
104900063,21,177,-156
104900064,1,186,-185
104900065,0,82,-82
104900066,1,372,-371
104900067,4,172,-168
104900068,4,261,-257
104900070,76,305,-229
104900071,4,1051,-1047
104900072,25,197,-172
104900073,22,503,-481
104900074,22,213,-191
104900075,23,145,-122
104900076,42,531,-489
104900077,1779,78,1701
104900078,108,817,-709
104900079,144,153,-9
104900080,32,629,-597
104900082,5,302,-297
104900085,9,295,-286
104900089,41,0,41
104900091,265,1082,-817
104900093,221,555,-334
104900097,3785,1062,2723
104900098,44,63,-19
104900099,34,266,-232
104900100,1097,221,876
104900102,23,386,-363
104900103,263,151,112
104900106,14,143,-129
104900107,31,395,-364
104900108,19,505,-486
104900109,35,192,-157
104900110,12,75,-63
104900111,90,84,6
104900112,166,1205,-1039
104900113,360,459,-99
104900114,185,854,-669
104900115,204,744,-540
104900116,99,311,-212
104900118,6,99,-93
104900119,2,18,-16
104900120,244,76,168
104900121,0,178,-178
104900122,5,131,-126
104900123,8,1,7
104900124,10,0,10
104900125,254,113,141
104900126,67,69,-2
104900127,16,35,-19
104900128,22,76,-54
104900129,2607,840,1767
105000001,1999,1668,331
105000002,2398,1678,720
105000003,3029,3444,-415
105000004,315,1109,-794
105000005,497,1247,-750
105000006,869,1398,-529
105000007,923,1453,-530
105000008,806,1844,-1038
105000009,958,2526,-1568
105000010,2979,2840,139
105000011,1291,1882,-591
105000012,3331,3219,112
105000013,497,886,-389
105000014,877,1553,-676
105000015,6550,4901,1649
105000016,3790,1426,2364
105000017,1682,1038,644
105000018,1143,845,298
105000019,1314,751,563
105000020,188,267,-79
105000021,296,133,163
105000022,96,26,70
105000023,389,172,217
105000028,101,176,-75
105000029,386,890,-504
105000030,3429,3768,-339
105000031,3,39,-36
105000033,824,2204,-1380
105000034,156,528,-372
105000037,547,743,-196
105000038,921,918,3
105000039,2505,1597,908
105000040,375,614,-239
105000041,334,1229,-895
105000042,1354,938,416
105000043,1604,1776,-172
105000044,240,342,-102
105000045,274,944,-670
105000046,531,408,123
105000047,441,1634,-1193
105000048,368,198,170
105000049,267,928,-661
105000050,289,347,-58
105000051,297,661,-364
105000052,322,1058,-736
105000053,111,237,-126
105000054,153,1364,-1211
105000055,323,517,-194
105000056,640,3314,-2674
105000057,930,1374,-444
105000058,1304,1737,-433
105000059,529,600,-71
105000060,595,949,-354
105000061,294,418,-124
105000062,997,1598,-601
105000063,323,934,-611
105000064,1030,688,342
105000065,399,1543,-1144
105000066,941,2943,-2002
105000067,765,492,273
105000068,757,1005,-248
105000069,4483,774,3709
105000070,980,723,257
105000071,284,545,-261
105000072,1476,1280,196
105000073,694,560,134
105000074,729,922,-193
105000075,456,779,-323
105000076,1323,938,385
105000077,1618,700,918
105000078,1370,1091,279
105000079,1585,1648,-63
105000080,1285,784,501
105000081,1264,666,598
105000082,545,370,175
105000083,917,518,399
105000084,510,1065,-555
105000085,1027,784,243
105000086,637,980,-343
105000087,4164,2111,2053
105000088,1054,1333,-279
105000089,2514,2138,376
105000090,651,698,-47
105000091,1186,1589,-403
105000092,500,1234,-734
105000093,252,115,137
105000094,202,197,5
105000095,77,299,-222
105000096,912,559,353
105000097,1057,808,249
105000098,565,571,-6
105000099,748,1144,-396
105000100,610,1307,-697
105000101,1231,2511,-1280
105000102,804,1625,-821
105000103,953,2403,-1450
105000104,1115,1296,-181
105000105,776,2452,-1676
105000106,815,1800,-985
105000107,548,1207,-659
105000108,814,2677,-1863
105000109,921,1928,-1007
105000110,506,1283,-777
105000111,568,613,-45
105000112,952,1089,-137
105000113,314,492,-178
105000114,5425,1177,4248
105000115,240,757,-517
105000116,564,442,122
105000117,702,1782,-1080
105000118,161,362,-201
105000119,383,1694,-1311
105000120,450,643,-193
105000121,726,1706,-980
105000122,197,494,-297
105000123,1002,1770,-768
105000124,970,1231,-261
105000125,479,2311,-1832
105000126,1648,2930,-1282
105000127,2068,1970,98
105000128,370,2019,-1649
105000129,562,482,80
105000130,102,1182,-1080
105000131,719,398,321
105000132,506,410,96
105000133,311,1187,-876
105000134,550,555,-5
105000135,386,713,-327
105000136,72,376,-304
105000137,235,234,1
105000138,167,344,-177
105000139,872,1303,-431
105000140,249,454,-205
105000141,114,738,-624
105000142,101,520,-419
105000143,172,871,-699
105000144,243,803,-560
105000145,335,554,-219
105000146,641,780,-139
105000147,491,460,31
105000148,911,939,-28
105000149,1551,2105,-554
105000150,1719,1623,96
105000151,386,371,15
105000152,175,941,-766
105000153,560,408,152
105000154,593,1711,-1118
105000155,278,484,-206
105000156,793,1330,-537
105000157,874,3230,-2356
105000158,1665,837,828
105000159,315,2165,-1850
105000160,1446,634,812
105000161,786,2995,-2209
105000162,759,1397,-638
105000163,2489,1835,654
105000164,180,459,-279
105000165,2762,3966,-1204
105000166,10878,308,10570
105000167,4020,1319,2701
105000168,114,1285,-1171
105000169,198,402,-204
105000170,49,1452,-1403
105000171,916,481,435
105000172,43,93,-50
105000173,29,52,-23
105000174,15,32,-17
105000175,42,144,-102
105000176,105,70,35
105000177,194,139,55
105000178,85,1123,-1038
105000179,134,88,46
105000180,84,105,-21
105000181,35,835,-800
105000182,30,48,-18
105000183,2988,1680,1308
105000184,989,665,324
105000185,682,517,165
105000186,287,844,-557
105000187,408,232,176
105000188,164,89,75
105000189,118,559,-441
105000190,153,287,-134
105000191,305,499,-194
105000192,77,60,17
105000193,56,127,-71
105000194,298,69,229
105000195,205,1057,-852
105000196,58,102,-44
105000197,223,677,-454
105000198,592,210,382
105000199,311,277,34
105000200,83,189,-106
105000201,65,20,45
105000203,26,419,-393
105000204,42,78,-36
105000205,69,295,-226
105000207,452,183,269
105000208,170,378,-208
105000209,208,331,-123
105000211,80,25,55
105000212,759,2019,-1260
105000213,123,97,26
105000214,44,246,-202
105000215,105,411,-306
105000216,49,264,-215
105000217,73,312,-239
105000218,490,1382,-892
105000221,270,429,-159
105000222,66,68,-2
105000223,106,252,-146
105000226,46,576,-530
105000227,35,302,-267
105000228,395,652,-257
105000229,56,263,-207
105000231,189,303,-114
105000233,430,648,-218
105000234,386,1211,-825
105000235,217,454,-237
105000237,589,92,497
105000243,12,42,-30
105000248,44,40,4
105000262,135,2257,-2122
105000269,103,156,-53
105000270,212,144,68
105000271,2,448,-446
105000282,224,59,165
105000287,207,193,14
105000288,224,473,-249
105000289,1310,686,624
105000290,7,2,5
105000402,4836,1379,3457
105000426,237,455,-218
105000438,1176,606,570
105000440,11,35,-24
105000446,15041,4240,10801
105000447,7318,2461,4857
105000454,134,1091,-957
105000455,232,175,57
105000474,11,0,11
105000477,203,415,-212
105000478,1047,1769,-722
105000479,126,75,51
105000480,1999,1769,230
105000481,2020,1982,38
105000482,4004,2600,1404
105000483,938,1097,-159
105000484,2002,2409,-407
105000485,745,1263,-518
105000486,2832,2141,691
105000488,3274,2350,924
105000489,524,863,-339
105000549,20,177,-157
105000550,585,1245,-660
105000551,6,93,-87
105000552,3827,2108,1719
105000555,1149,572,577
105000556,17,31,-14
105000557,39,375,-336
105900001,5,920,-915
105900002,2252,364,1888
105900003,11,82,-71
105900004,168,107,61
105900005,2,234,-232
105900006,2,29,-27
105900007,11,13,-2
105900008,27,1024,-997
105900009,10,14,-4
105900011,48,46,2
105900012,168,139,29
105900013,3,11,-8
105900014,5,104,-99
105900015,86,311,-225
105900016,87,835,-748
105900017,494,54,440
105900018,171,444,-273
105900019,39,517,-478
105900020,15,54,-39
105900021,35,318,-283
105900022,115,420,-305
105900023,0,136,-136
105900024,2,106,-104
105900025,39,85,-46
105900026,226,44,182
105900027,4093,2001,2092
105900028,50,205,-155
105900029,1838,272,1566
105900030,143,225,-82
105900031,470,142,328
105900032,69,112,-43
105900033,51,94,-43
105900034,68,235,-167
105900035,99,170,-71
105900036,29,192,-163
105900037,47,92,-45
105900038,153,445,-292
105900039,50,220,-170
105900040,45,87,-42
105900041,159,583,-424
105900042,11,126,-115
105900043,2276,40,2236
105900044,3,122,-119
105900045,0,420,-420
105900046,1,109,-108
105900047,0,22,-22
105900048,46,440,-394
105900050,1242,360,882
105900051,6,1313,-1307
105900052,231,42,189
105900053,4148,1138,3010
105900054,198,314,-116
105900056,829,142,687
105900057,12,152,-140
105900058,4,30,-26
105900059,0,39,-39
106000001,2983,1401,1582
106000002,2843,4798,-1955
106000003,2834,2645,189
106000004,2936,2470,466
106000005,1915,4498,-2583
106000006,4975,4839,136
106000007,351,435,-84
106000008,271,247,24
106000009,416,249,167
106000010,413,523,-110
106000011,462,874,-412
106000012,712,1668,-956
106000013,1347,1437,-90
106000014,1675,1681,-6
106000015,1022,930,92
106000016,1010,2457,-1447
106000017,723,592,131
106000018,478,749,-271
106000019,206,334,-128
106000020,182,529,-347
106000021,354,547,-193
106000022,313,351,-38
106000023,532,624,-92
106000024,607,1021,-414
106000025,106,224,-118
106000026,149,491,-342
106000027,696,1401,-705
106000028,410,718,-308
106000029,801,1462,-661
106000030,766,257,509
106000034,171,543,-372
106000035,637,920,-283
106000036,420,382,38
106000037,1809,1906,-97
106000038,320,61,259
106000039,144,37,107
106000040,155,776,-621
106000041,752,239,513
106000043,612,84,528
106000046,392,40,352
106000047,83,394,-311
106000049,458,157,301
106000050,241,1095,-854
106000051,363,287,76
106000052,90,791,-701
106000053,133,98,35
106000054,346,569,-223
106000055,620,1132,-512
106000056,324,600,-276
106000057,160,275,-115
106000058,155,251,-96
106000059,266,249,17
106000060,520,860,-340
106000061,223,405,-182
106000062,153,811,-658
106000063,507,516,-9
106000064,43,549,-506
106000065,321,215,106
106000066,125,503,-378
106000067,222,109,113
106000068,40,733,-693
106000069,141,112,29
106000070,445,869,-424
106000071,758,391,367
106000072,6765,1541,5224
106000073,1764,2090,-326
106000074,312,725,-413
106000075,237,1202,-965
106000076,1463,1554,-91
106000077,3704,1564,2140
106000078,607,1076,-469
106000079,465,1009,-544
106000080,1066,929,137
106000081,625,1115,-490
106000082,2100,1058,1042
106000083,288,1231,-943
106000084,800,710,90
106000085,1718,1137,581
106000086,532,742,-210
106000087,789,597,192
106000088,424,754,-330
106000089,829,562,267
106000090,204,638,-434
106000091,242,981,-739
106000092,556,283,273
106000093,383,91,292
106000094,77,581,-504
106000095,407,1763,-1356
106000096,765,803,-38
106000097,552,1865,-1313
106000098,425,1127,-702
106000099,148,1202,-1054
106000100,597,358,239
106000101,681,916,-235
106000102,79,698,-619
106000103,157,381,-224
106000104,293,328,-35
106000105,388,1214,-826
106000106,453,501,-48
106000107,127,691,-564
106000108,371,563,-192
106000109,84,661,-577
106000110,187,344,-157
106000111,79,834,-755
106000112,95,385,-290
106000113,1500,753,747
106000114,268,441,-173
106000115,348,1073,-725
106000116,398,470,-72
106000117,829,1040,-211
106000118,975,1012,-37
106000119,3256,1292,1964
106000120,469,658,-189
106000121,240,326,-86
106000122,99,414,-315
106000123,144,522,-378
106000124,31,400,-369
106000125,31,493,-462
106000126,161,352,-191
106000127,258,1184,-926
106000128,630,650,-20
106000129,759,822,-63
106000130,679,1428,-749
106000131,196,964,-768
106000132,1359,300,1059
106000133,6360,1251,5109
106000134,1214,938,276
106000135,542,1716,-1174
106000136,669,656,13
106000137,75,2554,-2479
106000138,878,99,779
106000139,60,132,-72
106000140,17,122,-105
106000141,31,100,-69
106000142,25,95,-70
106000143,19,120,-101
106000144,20,72,-52
106000145,122,369,-247
106000146,171,250,-79
106000147,576,1920,-1344
106000148,752,1660,-908
106000149,406,1374,-968
106000150,457,2056,-1599
106000151,8071,850,7221
106000152,1469,1240,229
106000153,75,1401,-1326
106000154,1794,354,1440
106000155,50,262,-212
106000156,404,348,56
106000157,474,1915,-1441
106000158,4403,768,3635
106000159,6165,1286,4879
106000160,263,1638,-1375
106000161,1774,629,1145
106000162,157,615,-458
106000163,205,738,-533
106000164,226,340,-114
106000165,190,1103,-913
106000166,652,296,356
106000167,250,1948,-1698
106000168,203,264,-61
106000169,128,1105,-977
106000170,230,346,-116
106000171,76,1324,-1248
106000172,1985,1010,975
106000173,659,3675,-3016
106000174,623,255,368
106000175,243,1342,-1099
106000176,861,818,43
106000177,541,2801,-2260
106000178,2109,2025,84
106000179,855,2391,-1536
106000180,564,2194,-1630
106000181,394,2382,-1988
106000182,495,1020,-525
106000183,504,1624,-1120
106000184,511,1585,-1074
106000185,345,906,-561
106000186,736,131,605
106000187,208,698,-490
106000188,0,0,0
106000189,2,46,-44
106000190,4,2,2
106000191,428,146,282
106000192,3,8,-5
106000193,388,100,288
106000194,94,251,-157
106000195,130,61,69
106000196,44,337,-293
106000197,175,460,-285
106000198,76,286,-210
106000199,967,350,617
106000200,614,119,495
106000201,447,1141,-694
106000202,9890,578,9312
106000203,231,270,-39
106000204,29,6,23
106000205,32,162,-130
106000206,41,25,16
106000207,51,1082,-1031
106000208,458,133,325
106000209,773,294,479
106000210,145,1793,-1648
106000211,333,1927,-1594
106000212,522,206,316
106000213,679,1521,-842
106000214,1903,333,1570
106000215,243,620,-377
106000216,970,287,683
106000217,254,582,-328
106000218,386,332,54
106000219,116,336,-220
106000220,674,450,224
106000221,67,333,-266
106000222,58,231,-173
106000223,88,163,-75
106000224,158,394,-236
106000225,49,57,-8
106000226,168,395,-227
106000228,22,164,-142
106000229,130,955,-825
106000231,695,205,490
106000232,39,554,-515
106000233,157,179,-22
106000234,36,197,-161
106000235,131,103,28
106000236,105,51,54
106000237,1,7,-6
106000238,12,7,5
106000239,0,110,-110
106000240,19,1,18
106000241,13,868,-855
106000242,119,26,93
106000249,61,80,-19
106000250,45,390,-345
106000251,15,26,-11
106000252,7,136,-129
106000253,12,73,-61
106000254,10,85,-75
106000255,15,104,-89
106000256,44,80,-36
106000257,71,338,-267
106000258,76,15,61
106000259,13,36,-23
106000260,39,11,28
106000261,4,43,-39
106000262,52,19,33
106000263,7,91,-84
106000264,118,10,108
106000265,8,116,-108
106000266,102,25,77
106000267,5,122,-117
106000268,436,22,414
106000269,78,78,0
106000270,195,327,-132
106000271,41,164,-123
106000272,93,36,57
106000273,3,191,-188
106000274,129,51,78
106000275,166,171,-5
106000276,81,72,9
106000277,113,152,-39
106000278,117,48,69
106000279,12,65,-53
106000280,15,229,-214
106000281,44,112,-68
106000282,52,56,-4
106000283,58,131,-73
106000284,39,87,-48
106000285,108,210,-102
106000286,75,162,-87
106000287,63,126,-63
106000288,140,159,-19
106000289,73,114,-41
106000290,56,111,-55
106000291,79,174,-95
106000292,76,147,-71
106000293,75,117,-42
106000294,124,131,-7
106000295,33,52,-19
106000296,68,122,-54
106000297,53,228,-175
106000298,149,56,93
106000299,56,173,-117
106000300,43,88,-45
106000301,42,85,-43
106000303,9,57,-48
106000304,23,52,-29
106000305,12,26,-14
106000306,51,87,-36
106000307,18,13,5
106000308,18,230,-212
106000309,13,76,-63
106000310,380,748,-368
106000311,176,113,63
106000312,73,503,-430
106000313,129,196,-67
106000318,174,144,30
106000319,541,116,425
106000320,0,19,-19
106000321,348,53,295
106000322,60,243,-183
106000324,3,200,-197
106000325,933,791,142
106000326,958,2119,-1161
106000327,72,211,-139
106000328,11,97,-86
106000329,222,397,-175
106000330,28,49,-21
106000428,34,187,-153
106000429,82,941,-859
106000430,377,2049,-1672
106000431,1337,306,1031
106000432,1991,3775,-1784
106000433,1393,864,529
106000434,2106,924,1182
106000435,2285,3386,-1101
106000436,21,468,-447
106000437,116,24,92
106000438,110,64,46
106000439,32,587,-555
106000440,431,1038,-607
106000441,3,0,3
106000442,201,2,199
106000443,65,658,-593
106000450,5,277,-272
106000451,26,29,-3
106000454,10,104,-94
106000455,31,181,-150
106000456,160,19,141
106000457,4,1356,-1352
106000458,206,451,-245
106000459,62,539,-477
106000460,428,89,339
106000461,46,2524,-2478
106000462,0,14,-14
106000463,1,65,-64
106000464,4,920,-916
106000465,138,2,136
106000466,3,1021,-1018
106000467,845,590,255
106000468,26,277,-251
106000469,580,3,577
106000470,175,1297,-1122
106000471,26,884,-858
106000472,84,15,69
106000473,16,42,-26
106000474,328,1283,-955
106000475,284,287,-3
106000476,277,292,-15
106000477,33,214,-181
106000480,6,108,-102
106900001,0,52,-52
106900002,3,769,-766
106900003,60,430,-370
106900004,0,114,-114
106900006,0,33,-33
106900007,0,44,-44
106900008,103,410,-307
106900009,170,789,-619
106900010,200,554,-354
106900012,3028,779,2249
106900013,83,12,71
106900014,24,0,24
106900015,5,1,4
106900016,99,0,99
106900017,6,0,6
106900018,0,0,0
106900019,14,2,12
106900020,3402,672,2730
106900021,36,146,-110
106900022,192,0,192
106900023,2,327,-325
106900024,163,2,161
106900025,25,479,-454
106900026,3,1156,-1153
106900027,621,7,614
106900028,13,213,-200
106900029,67,9,58
106900030,12,143,-131
107000001,2201,1613,588
107000002,3263,3312,-49
107000003,2683,4064,-1381
107000004,4306,5603,-1297
107000005,1440,3149,-1709
107000006,3080,7124,-4044
107000007,2780,4520,-1740
107000008,14728,10422,4306
107000009,2878,3605,-727
107000010,8323,10171,-1848
107000011,1195,1200,-5
107000012,4595,4298,297
107000013,41,180,-139
107000014,13,371,-358
107000015,381,1066,-685
107000016,328,1580,-1252
107000017,1449,664,785
107000018,4,151,-147
107000020,595,279,316
107000021,560,795,-235
107000022,447,1191,-744
107000023,880,335,545
107000024,207,1854,-1647
107000025,87,380,-293
107000026,113,788,-675
107000027,596,927,-331
107000028,959,2057,-1098
107000029,1173,1461,-288
107000030,2944,3686,-742
107000031,2015,1539,476
107000032,339,965,-626
107000033,3912,3434,478
107000034,5523,2181,3342
107000035,316,158,158
107000036,464,947,-483
107000037,41,570,-529
107000038,167,171,-4
107000039,497,538,-41
107000040,118,271,-153
107000041,1479,669,810
107000042,723,1541,-818
107000043,3553,883,2670
107000044,653,301,352
107000045,138,339,-201
107000046,466,333,133
107000047,399,962,-563
107000048,628,352,276
107000049,595,805,-210
107000050,845,519,326
107000051,809,293,516
107000052,839,714,125
107000053,322,210,112
107000054,49,250,-201
107000055,384,160,224
107000056,441,526,-85
107000057,3046,221,2825
107000058,1636,2133,-497
107000059,2061,3136,-1075
107000060,2323,4340,-2017
107000061,4709,4496,213
107000062,2163,2558,-395
107000063,3313,7495,-4182
107000064,2327,1603,724
107000065,3198,6513,-3315
107000066,969,1355,-386
107000067,473,715,-242
107000068,918,415,503
107000069,672,363,309
107000070,249,3,246
107000071,1222,16,1206
107000072,41,4517,-4476
107000073,213,155,58
107000074,152,971,-819
107000075,707,334,373
107000076,884,1491,-607
107000077,1671,815,856
107000078,1813,3127,-1314
107000079,1206,430,776
107000080,1099,3155,-2056
107000081,551,461,90
107000082,460,3071,-2611
107000083,692,258,434
107000084,422,2710,-2288
107000085,2125,2627,-502
107000086,2852,2859,-7
107000087,1933,1524,409
107000088,2231,3151,-920
107000089,1162,1591,-429
107000090,969,1212,-243
107000091,732,883,-151
107000092,694,1386,-692
107000093,824,808,16
107000094,832,1554,-722
107000095,386,808,-422
107000096,562,1388,-826
107000097,472,380,92
107000098,399,1374,-975
107000099,347,193,154
107000100,301,406,-105
107000101,57,175,-118
107000102,392,433,-41
107000103,341,232,109
107000104,335,459,-124
107000105,326,139,187
107000106,152,394,-242
107000107,385,194,191
107000108,122,1072,-950
107000109,349,120,229
107000110,71,899,-828
107000111,142,40,102
107000112,31,873,-842
107000113,433,106,327
107000114,152,1526,-1374
107000115,356,109,247
107000116,127,1399,-1272
107000117,107,299,-192
107000118,235,373,-138
107000119,2554,1164,1390
107000120,4809,332,4477
107000121,416,905,-489
107000122,1007,858,149
107000123,185,1092,-907
107000124,417,1011,-594
107000125,337,1207,-870
107000126,477,1106,-629
107000129,181,1881,-1700
107000130,334,262,72
107000131,348,1183,-835
107000132,332,294,38
107000133,245,139,106
107000134,77,2,75
107000135,12,245,-233
107000136,352,2,350
107000137,9,481,-472
107000138,168,11,157
107000139,9,336,-327
107000140,579,46,533
107000141,114,968,-854
107000142,183,42,141
107000143,37,996,-959
107000144,192,209,-17
107000145,132,644,-512
107000146,87,152,-65
107000147,4397,975,3422
107000150,850,1169,-319
107000151,26,41,-15
107000152,733,484,249
107000153,813,429,384
107000154,261,115,146
107000155,263,18,245
107000156,502,10,492
107000157,17,2597,-2580
107000158,307,6,301
107000159,57,2177,-2120
107000160,349,62,287
107000161,78,2674,-2596
107000162,127,199,-72
107000163,25,1,24
107000164,154,1,153
107000165,237,2,235
107000166,49,1711,-1662
107000167,282,281,1
107000168,443,290,153
107000169,1139,941,198
107000170,680,472,208
107000171,335,3276,-2941
107000172,389,580,-191
107000173,692,1568,-876
107000174,484,1692,-1208
107000175,11163,1579,9584
107000176,1,0,1
107000177,0,0,0
107000178,10,76,-66
107000179,183,3848,-3665
107000180,678,376,302
107000181,385,2117,-1732
107000182,996,1090,-94
107000183,111,1083,-972
107000184,549,1004,-455
107000185,375,1233,-858
107000186,652,373,279
107000187,822,1633,-811
107000188,347,584,-237
107000189,266,983,-717
107000190,375,1058,-683
107000191,562,1244,-682
107000192,1099,1551,-452
107000193,248,333,-85
107000194,803,1068,-265
107000197,744,201,543
107000198,320,919,-599
107000199,334,536,-202
107000200,1177,475,702
107000201,228,198,30
107000202,222,425,-203
107000203,607,288,319
107000204,796,367,429
107000205,1873,684,1189
107000206,539,521,18
107000207,588,841,-253
107000208,956,300,656
107000209,2013,535,1478
107000210,864,295,569
107000211,2,41,-39
107000212,8,249,-241
107000213,6,29,-23
107000214,5,109,-104
107000215,176,626,-450
107000216,153,620,-467
107000217,49,172,-123
107000219,53,82,-29
107000220,85,290,-205
107000222,179,602,-423
107000224,179,41,138
107000225,103,684,-581
107000226,84,61,23
107000227,54,462,-408
107000228,100,137,-37
107000229,579,124,455
107000230,987,523,464
107000231,1289,621,668
107000232,106,165,-59
107000233,1063,464,599
107000234,0,32,-32
107000235,55,0,55
107000236,13,323,-310
107000237,1,0,1
107000238,18,0,18
107000239,6936,476,6460
107000240,49,1614,-1565
107000243,0,77,-77
107000244,8,65,-57
107000246,1,1178,-1177
107000249,2,1241,-1239
107000251,2,332,-330
107000252,9,1598,-1589
107000255,1141,116,1025
107000257,6,811,-805
107000258,0,199,-199
107000259,3,306,-303
107000260,231,0,231
107000262,3,1162,-1159
107000263,124,3,121
107000266,6,3,3
107000267,64,283,-219
107000268,157,234,-77
107000269,231,17,214
107000270,0,3,-3
107000271,11,1269,-1258
107000272,8,205,-197
107000273,1,252,-251
107000274,328,0,328
107000275,194,747,-553
107000280,255,23,232
107000281,26,1610,-1584
107000282,13,1592,-1579
107000290,1,37,-36
107000291,19,8,11
107000292,3,27,-24
107000293,32,9,23
107000294,1,29,-28
107000295,14,3,11
107000296,3,15,-12
107000444,105,2,103
107000496,1,15,-14
107000497,1209,3626,-2417
107000500,266,361,-95
107000501,59,274,-215
107000502,209,492,-283
107000505,1122,761,361
107000506,0,8,-8
107000508,3,853,-850
107000509,140,327,-187
107000510,18,11,7
107000514,7,196,-189
107000515,17,407,-390
107000516,190,184,6
107000518,751,495,256
107000519,5924,1157,4767
107000520,29,9,20
107000521,450,562,-112
107000522,526,1469,-943
107900001,24,273,-249
107900002,25,0,25
107900003,109,94,15
107900004,0,0,0
107900005,319,0,319
107900006,45,0,45
107900007,174,16,158
107900008,54,73,-19
107900009,53,4,49
107900010,6,0,6
107900012,206,11,195
107900013,209,96,113
107900014,7,2,5
107900015,350,4,346
107900016,331,97,234
107900017,8,0,8
107900018,58,53,5
107900019,6,129,-123
107900020,15,10,5
107900021,27,203,-176
107900023,0,0,0
107900024,0,30,-30
107900025,158,413,-255
107900026,31,171,-140
107900027,50,37,13
107900028,16,84,-68
107900030,106,16,90
107900031,27,488,-461
107900032,4,1,3
107900033,4,4,0
107900034,205,8,197
107900035,358,24,334
107900036,13,0,13
107900037,2,40,-38
107900038,164,92,72
107900039,12,122,-110
107900040,19,24,-5
107900041,3,0,3
107900043,44,346,-302
107900044,1,5,-4
107900045,37,7,30
107900046,90,72,18
107900047,7,93,-86
107900048,83,4,79
107900049,285,272,13
107900050,80,409,-329
107900051,46,157,-111
107900052,6,3,3
107900053,12,84,-72
107900055,376,251,125
107900056,68,7,61
107900057,1,0,1
107900058,17,901,-884
107900060,6,40,-34
107900061,4,1,3
107900063,46,116,-70
107900064,264,28,236
107900065,59,6,53
107900066,6,8,-2
107900067,0,0,0
107900068,117,141,-24
107900069,26,571,-545
107900070,55,11,44
107900071,16,1165,-1149
107900072,29,337,-308
107900073,23,155,-132
107900074,1168,116,1052
107900076,173,90,83
107900077,24,0,24
107900079,3,12,-9
107900080,93,110,-17
107900081,6,96,-90
107900082,21,22,-1
107900083,253,77,176
107900084,77,88,-11
107900086,53,79,-26
107900087,371,80,291
107900088,6,9,-3
107900089,241,643,-402
107900090,411,834,-423
107900091,154,599,-445
107900093,47,87,-40
107900095,2740,1012,1728
107900097,9,29,-20
107900098,33,140,-107
107900100,931,517,414
107900101,1480,166,1314
107900102,26,2,24
107900103,27,114,-87
107900104,113,4,109
107900105,3,865,-862
107900106,3,1705,-1702
107900107,1116,194,922
107900108,340,79,261
107900109,342,4,338
107900110,7,141,-134
107900111,21,1418,-1397
107900112,131,248,-117
107900113,50,171,-121
107900114,38,279,-241
107900115,1,62,-61
107900116,36,364,-328
107900117,238,521,-283
107900118,70,164,-94
107900119,29,73,-44
107900120,25,12,13
107900121,4,82,-78
107900122,2,42,-40
107900123,0,19,-19
107900124,40,24,16
107900125,28,289,-261
107900126,5,35,-30
107900127,332,80,252
107900128,84,55,29
107900129,22,92,-70
107900130,12,23,-11
107900131,414,67,347
107900132,105,597,-492
107900133,2,73,-71
107900134,12,10,2
107900135,6,196,-190
107900136,20,24,-4
107900137,85,96,-11
107900138,16,26,-10
107900139,5,30,-25
107900141,16,21,-5
107900142,65,1672,-1607
107900143,15,56,-41
107900144,1,143,-142
107900145,8,89,-81
107900146,26,126,-100
107900147,49,25,24
107900148,156,130,26
107900149,2329,169,2160
107900150,103,1322,-1219
107900151,1,88,-87
107900152,10,319,-309
107900153,157,199,-42
107900154,36,9,27
107900155,34,21,13
107900156,0,508,-508
107900157,24,83,-59
107900158,264,15,249
107900159,30,1502,-1472
107900160,33,152,-119
107900161,9,388,-379
107900162,2,45,-43
107900163,31,13,18
107900164,1,30,-29
107900165,15,52,-37
107900166,19,386,-367
107900167,3,2,1
107900168,9,36,-27
107900169,0,109,-109
107900171,11,3104,-3093
107900172,3,419,-416
107900173,7,275,-268
107900174,39,6,33
107900175,12,5,7
107900176,1,37,-36
107900177,0,31,-31
107900178,0,274,-274
107900179,2,226,-224
107900180,1309,169,1140
107900181,206,625,-419
107900182,12,2144,-2132
107900183,8,487,-479
107900184,37,209,-172
107900185,45,7,38
107900186,7,28,-21
107900187,0,91,-91
107900188,1025,121,904
107900189,8,182,-174
107900190,88,35,53
107900191,34,197,-163
107900193,53,40,13
107900194,56,2,54
107900195,5086,495,4591
107900196,22,54,-32
107900197,651,160,491
107900199,1,1065,-1064
107900201,101,140,-39
107900203,23,64,-41
107900204,274,221,53
107900206,394,97,297
107900207,1,876,-875
107900208,17,906,-889
107900209,373,135,238
107900210,66,201,-135
107900213,369,415,-46
107900214,4,224,-220
107900215,184,207,-23
107900216,74,51,23
107900217,10,42,-32
107900218,12,1865,-1853
107900219,32,248,-216
107900220,119,76,43
107900221,169,238,-69
107900223,58,730,-672
107900224,243,206,37
107900225,2,1047,-1045
107900226,64,98,-34
107900227,99,501,-402
107900228,11,86,-75
107900229,1,386,-385
107900230,32,250,-218
107900231,4,301,-297
107900232,32,308,-276
107900233,9,112,-103
107900234,60,207,-147
107900235,17,64,-47
107900236,48,79,-31
107900237,76,528,-452
107900238,10,127,-117
107900239,1878,327,1551
107900240,2,200,-198
107900241,14,92,-78
107900242,21,553,-532
107900243,1,38,-37
107900244,122,0,122
107900245,244,23,221
107900246,40,1,39
107900248,101,260,-159
107900249,239,7,232
107900250,4,613,-609
107900251,50,1522,-1472
107900252,375,7,368
107900253,65,2,63
107900254,40,104,-64
107900255,291,47,244
107900256,271,388,-117
107900257,65,24,41
107900258,48,209,-161
107900259,81,711,-630
107900261,0,390,-390
107900262,35,159,-124
107900264,82,5,77
107900265,68,339,-271
107900267,60,21,39
107900268,72,2,70
107900269,1,8,-7
107900270,0,0,0
107900271,0,3,-3
107900272,109,8,101
107900273,6,50,-44
107900274,23,0,23
107900275,4,0,4
107900276,0,82,-82
107900277,0,226,-226
107900278,105,329,-224
107900279,102,91,11
107900280,1655,1051,604
107900281,5131,952,4179
107900282,118,210,-92
107900283,1476,313,1163
107900284,158,981,-823
107900285,31,215,-184
107900286,47,81,-34
107900287,53,170,-117
107900290,0,59,-59
107900291,290,10,280
107900292,65,374,-309
107900293,38,700,-662
107900295,56,216,-160
107900297,1,239,-238
107900298,769,1057,-288
107900299,4836,1648,3188
107900301,300,276,24
107900302,63,19,44
107900303,37,466,-429
107900304,84,677,-593
107900305,100,9,91
107900306,7,10,-3
107900307,37,388,-351
107900308,210,36,174
107900309,32,0,32
107900310,6,0,6
107900311,223,56,167
107900312,12,0,12
107900313,2,50,-48
107900314,1,45,-44
107900315,3,58,-55
107900316,57,0,57
107900317,55,5,50
107900318,2,117,-115
107900319,1,307,-306
107900320,1,172,-171
107900321,46,1,45
107900322,2,208,-206
107900323,9,145,-136
107900324,105,1,104
107900325,27,0,27
107900326,73,476,-403
107900327,2,4,-2
107900328,20,0,20
107900329,4,1,3
107900330,10,759,-749
107900331,63,38,25
107900332,57,12,45
107900333,17,10,7
107900334,4,486,-482
107900335,52,97,-45
107900336,22,27,-5
107900337,1735,346,1389
107900338,0,119,-119
107900339,0,23,-23
107900340,0,73,-73
107900341,16,0,16
107900342,96,159,-63
107900343,15,1,14
107900344,4,213,-209
107900345,54,18,36
107900346,19,0,19
107900347,12,1,11
107900348,1,3,-2
107900349,34,8,26
107900350,48,267,-219
107900351,6,305,-299
107900352,2,138,-136
107900353,7,3,4
107900354,10,149,-139
108000001,1831,2556,-725
108000002,2158,3497,-1339
108000003,2006,1613,393
108000004,17250,13689,3561
108000005,4386,2960,1426
108000006,6241,6311,-70
108000007,3137,2639,498
108000008,4595,5441,-846
108000009,2402,2472,-70
108000010,2593,5295,-2702
108000011,7720,6807,913
108000012,17975,14602,3373
108000014,504,469,35
108000015,321,348,-27
108000016,95,623,-528
108000017,499,288,211
108000018,788,380,408
108000019,753,449,304
108000020,850,341,509
108000021,371,1719,-1348
108000022,558,1507,-949
108000023,723,131,592
108000024,114,860,-746
108000025,140,201,-61
108000026,340,813,-473
108000027,293,756,-463
108000028,188,277,-89
108000029,182,1171,-989
108000030,247,231,16
108000031,159,515,-356
108000032,706,444,262
108000033,523,1457,-934
108000034,877,358,519
108000035,933,2648,-1715
108000036,343,1866,-1523
108000037,846,321,525
108000038,1438,320,1118
108000039,466,3751,-3285
108000040,888,444,444
108000041,510,3126,-2616
108000042,138,243,-105
108000043,96,282,-186
108000044,141,176,-35
108000045,120,752,-632
108000046,744,202,542
108000047,348,1189,-841
108000048,123,499,-376
108000049,273,205,68
108000050,177,869,-692
108000051,145,78,67
108000052,353,832,-479
108000053,225,75,150
108000054,533,1132,-599
108000055,815,321,494
108000056,993,1234,-241
108000057,491,587,-96
108000058,1829,1849,-20
108000059,4225,2058,2167
108000060,101,404,-303
108000061,331,703,-372
108000062,272,329,-57
108000063,286,646,-360
108000064,97,254,-157
108000065,403,657,-254
108000066,1664,864,800
108000067,1148,390,758
108000068,497,277,220
108000069,262,1179,-917
108000070,1056,571,485
108000071,531,1823,-1292
108000072,881,708,173
108000073,1462,1979,-517
108000074,203,383,-180
108000075,295,789,-494
108000076,604,411,193
108000077,755,654,101
108000078,1179,1378,-199
108000079,740,1867,-1127
108000080,558,553,5
108000081,316,2858,-2542
108000082,893,2009,-1116
108000083,1041,590,451
108000084,336,1498,-1162
108000085,407,278,129
108000086,679,917,-238
108000087,143,1013,-870
108000088,467,219,248
108000089,193,222,-29
108000091,77,788,-711
108000092,50,113,-63
108000093,81,1252,-1171
108000094,514,115,399
108000095,177,838,-661
108000096,144,173,-29
108000097,136,939,-803
108000098,591,1534,-943
108000099,562,284,278
108000100,67,429,-362
108000101,455,798,-343
108000102,1062,1693,-631
108000106,364,0,364
108000107,0,740,-740
108000108,315,27,288
108000109,3,1091,-1088
108000110,224,172,52
108000111,121,970,-849
108000112,37,98,-61
108000113,501,347,154
108000115,504,688,-184
108000117,631,331,300
108000118,325,787,-462
108000119,727,577,150
108000120,93,524,-431
108000121,172,811,-639
108000122,174,338,-164
108000123,251,380,-129
108000124,124,559,-435
108000125,136,423,-287
108000126,89,794,-705
108000127,160,386,-226
108000128,328,892,-564
108000129,145,1541,-1396
108000130,170,344,-174
108000131,432,266,166
108000132,1654,1435,219
108000133,492,430,62
108000134,608,790,-182
108000135,650,268,382
108000136,1262,1115,147
108000137,138,361,-223
108000138,226,1340,-1114
108000139,95,406,-311
108000140,20,19,1
108000141,11,260,-249
108000142,35,332,-297
108000143,28,1106,-1078
108000144,123,83,40
108000145,12,148,-136
108000146,225,56,169
108000147,5,180,-175
108000148,154,46,108
108000149,49,82,-33
108000150,20,1,19
108000151,60,37,23
108000152,96,847,-751
108000153,182,111,71
108000154,61,52,9
108000155,17,11,6
108000156,776,675,101
108000157,81,345,-264
108000158,74,369,-295
108000159,990,158,832
108000160,7173,648,6525
108000161,5685,881,4804
108000165,2,76,-74
108000172,1,179,-178
108000173,3424,1038,2386
108000175,194,85,109
108000178,274,330,-56
108000179,208,453,-245
108000181,54,33,21
108000182,386,89,297
108000183,18,409,-391
108000184,1465,1140,325
108000185,72,698,-626
108000186,124,690,-566
108000187,51,1109,-1058
108000188,154,206,-52
108000189,2775,2652,123
108000190,14,89,-75
108000192,90,822,-732
108000193,481,36,445
108000194,30,36,-6
108000195,3,1588,-1585
108000196,89,96,-7
108000198,437,381,56
108000199,0,107,-107
108000200,87,834,-747
108000203,43,1328,-1285
108000204,54,33,21
108000205,403,744,-341
108000339,1469,227,1242
108000364,350,756,-406
108000365,42,456,-414
108000367,86,310,-224
108000368,5,38,-33
108000369,1971,124,1847
108000371,11,839,-828
108000372,364,3,361
108000373,56,178,-122
108000376,27,36,-9
108000377,315,333,-18
108000378,6985,6131,854
108000379,40,155,-115
108000381,11,16,-5
108000382,124,0,124
108000383,0,166,-166
108900001,90,1497,-1407
108900002,175,70,105
108900003,337,1629,-1292
108900004,139,172,-33
108900007,103,157,-54
108900008,23,156,-133
108900009,36,85,-49
108900010,47,152,-105
108900011,162,347,-185
108900012,158,502,-344
108900013,81,291,-210
108900014,4,72,-68
108900015,0,5,-5
108900016,1,219,-218
108900017,94,108,-14
108900018,62,791,-729
108900019,9,1696,-1687
108900020,19,453,-434
108900021,41,361,-320
108900022,37,0,37
108900023,21,14,7
108900024,2,178,-176
108900025,22,145,-123
108900026,14,98,-84
108900027,2,156,-154
108900028,30,550,-520
108900029,43,147,-104
108900030,0,130,-130
108900031,55,737,-682
108900032,2,341,-339
108900033,1,78,-77
108900034,1,389,-388
108900035,140,1886,-1746
108900038,1,490,-489
108900039,1,700,-699
108900040,4,196,-192
108900041,6173,1756,4417
108900042,4,279,-275
108900043,24,609,-585
108900044,3,872,-869
108900045,17,1032,-1015
108900046,54,1577,-1523
108900047,3,142,-139
108900048,54,1384,-1330
108900049,6762,472,6290
108900050,3,408,-405
108900051,0,308,-308
108900052,7,374,-367
108900053,135,70,65
108900054,44,307,-263
108900055,49,548,-499
108900056,1,211,-210
108900057,1,201,-200
108900058,12,480,-468
108900059,156,11,145
108900060,61,107,-46
108900061,46,42,4
108900062,6,454,-448
108900063,6,481,-475
108900064,28,42,-14
108900065,5,461,-456
108900066,122,101,21
108900067,6,301,-295
108900068,4,374,-370
108900069,15,180,-165
108900070,18,225,-207
108900071,29,58,-29
108900072,2532,197,2335
108900073,33,787,-754
108900074,39,768,-729
108900075,47,74,-27
108900076,119,69,50
108900077,138,712,-574
108900078,9,265,-256
108900079,935,338,597
108900080,9,251,-242
108900081,62,356,-294
108900082,14,134,-120
108900083,16,105,-89
108900085,2745,173,2572
108900086,33,508,-475
108900087,107,250,-143
108900088,491,234,257
108900089,4,70,-66
108900090,13,490,-477
108900091,128,102,26
108900092,265,271,-6
108900093,84,30,54
108900094,171,78,93
108900095,54,818,-764
108900096,565,32,533
108900097,260,235,25
108900098,3987,287,3700
108900099,146,361,-215
108900100,31,162,-131
108900101,134,53,81
108900102,76,401,-325
108900103,36,52,-16
108900105,30,518,-488
108900106,156,767,-611
108900108,133,23,110
108900109,138,28,110
108900110,86,727,-641
108900111,152,1182,-1030
108900113,42,18,24
108900114,37,11,26
108900115,44,57,-13
108900116,24,5,19
108900117,57,18,39
108900118,244,1,243
108900119,76,70,6
108900120,119,79,40
108900121,168,36,132
108900122,39,37,2
108900123,46,47,-1
108900124,313,66,247
108900125,145,0,145
108900126,101,5,96
108900127,39,14,25
108900128,60,18,42
108900129,515,63,452
108900130,86,1,85
108900131,131,2,129
108900132,191,46,145
108900133,103,31,72
108900134,93,271,-178
108900135,45,4,41
108900136,2,0,2
108900137,61,2,59
108900138,250,7,243
108900140,120,247,-127
108900141,133,9,124
108900142,32,2,30
108900143,7,0,7
108900144,18,1,17
108900145,42,1,41
108900146,29,0,29
108900147,63,1,62
108900148,53,35,18
108900150,104,4,100
108900151,13,2,11
108900152,14,0,14
108900153,32,576,-544
108900154,2401,329,2072
108900156,35,8,27
108900157,10,804,-794
108900158,134,26,108
108900159,6,461,-455
108900160,10,353,-343
108900161,5,551,-546
108900162,42,0,42
108900163,5,189,-184
108900164,47,92,-45
108900168,11620,1361,10259
108900169,30,142,-112
108900171,9767,1358,8409
108900172,144,24,120
108900173,161,484,-323
108900174,299,301,-2
108900176,100,797,-697
108900177,11542,2059,9483
108900178,6489,1820,4669
108900180,34,171,-137
108900183,156,206,-50
108900184,183,121,62
108900185,39,287,-248
108900186,20,316,-296
108900189,94,129,-35
108900190,24,3963,-3939
108900192,37,292,-255
108900195,77,524,-447
108900196,14,832,-818
108900199,146,290,-144
108900200,204,265,-61
108900201,233,1238,-1005
108900203,312,14,298
108900204,260,11,249
108900205,87,12,75
108900206,148,30,118
108900207,91,48,43
108900208,30,424,-394
108900209,230,673,-443
108900210,98,207,-109
108900211,76,238,-162
108900212,853,603,250
108900215,116,982,-866
108900216,304,88,216
108900217,39,0,39
108900218,44,1,43
108900221,37,59,-22
108900224,23,86,-63
108900225,0,147,-147
108900227,113,101,12
108900230,537,393,144
108900232,3,552,-549
108900233,106,27,79
108900234,109,50,59
108900235,168,696,-528
108900236,22,374,-352
108900240,24,54,-30
108900241,11,31,-20
108900245,4,351,-347
108900250,48,75,-27
108900258,16,414,-398
108900259,27,98,-71
108900260,6,128,-122
108900261,233,189,44
108900262,227,125,102
108900263,42,294,-252
108900264,493,299,194
108900265,1584,216,1368
108900266,1711,286,1425
108900267,24,55,-31
108900268,8,2,6
108900269,17,3,14
108900270,46,0,46
108900271,8,2,6
108900272,63,4,59
108900273,934,341,593
108900274,16,77,-61
109000001,3991,1030,2961
109000002,4091,1270,2821
109000003,1325,707,618
109000004,491,2986,-2495
109000005,1622,1039,583
109000006,665,2467,-1802
109000007,908,795,113
109000008,417,2284,-1867
109000009,2326,1146,1180
109000010,1524,4829,-3305
109000011,1704,1451,253
109000012,1314,5085,-3771
109000013,1726,1788,-62
109000014,1254,4413,-3159
109000015,4579,4760,-181
109000016,14353,4760,9593
109000017,1210,1151,59
109000018,838,3529,-2691
109000019,1955,1235,720
109000020,1458,2598,-1140
109000023,122,13,109
109000024,7,123,-116
109000025,273,390,-117
109000026,807,275,532
109000027,36,279,-243
109000028,117,90,27
109000029,97,182,-85
109000030,66,575,-509
109000031,99,83,16
109000032,61,562,-501
109000033,198,79,119
109000034,49,36,13
109000035,7,25,-18
109000036,69,405,-336
109000037,131,764,-633
109000038,479,461,18
109000039,500,281,219
109000040,4756,2027,2729
109000041,7514,1048,6466
109000042,1041,1015,26
109000044,190,155,35
109000045,110,632,-522
109000046,178,91,87
109000047,60,405,-345
109000048,883,374,509
109000049,180,389,-209
109000050,410,587,-177
109000051,225,218,7
109000052,355,2696,-2341
109000053,431,275,156
109000054,44,973,-929
109000055,58,142,-84
109000056,151,710,-559
109000057,163,198,-35
109000058,1190,618,572
109000059,519,733,-214
109000060,545,213,332
109000061,1775,460,1315
109000062,92,132,-40
109000063,172,266,-94
109000064,75,159,-84
109000065,68,443,-375
109000066,186,125,61
109000067,14,457,-443
109000068,549,7,542
109000069,445,26,419
109000070,6,894,-888
109000071,247,48,199
109000072,98,669,-571
109000073,32,70,-38
109000074,21,353,-332
109000075,50,381,-331
109000076,101,157,-56
109000077,424,368,56
109000078,44,115,-71
109000079,99,256,-157
109000080,77,136,-59
109000081,57,720,-663
109000082,303,340,-37
109000083,193,1109,-916
109000088,109,781,-672
109000089,146,17,129
109000090,132,710,-578
109000091,144,54,90
109000092,288,891,-603
109000093,121,127,-6
109000094,198,1,197
109000095,94,913,-819
109000096,319,198,121
109000097,62,174,-112
109000098,34,78,-44
109000099,465,421,44
109000100,130,543,-413
109000101,493,911,-418
109000102,168,813,-645
109000103,342,675,-333
109000104,587,657,-70
109000105,208,1726,-1518
109000106,922,594,328
109000107,364,2427,-2063
109000108,839,430,409
109000109,326,2283,-1957
109000110,809,390,419
109000111,692,2472,-1780
109000112,250,193,57
109000113,154,131,23
109000114,123,359,-236
109000115,1107,71,1036
109000116,7,495,-488
109000117,74,134,-60
109000118,5,299,-294
109000119,348,707,-359
109000120,86,1380,-1294
109000121,228,215,13
109000122,70,1444,-1374
109000123,30,400,-370
109000124,251,297,-46
109000125,312,330,-18
109000126,278,1267,-989
109000127,517,300,217
109000128,347,3340,-2993
109000129,870,343,527
109000130,925,5083,-4158
109000131,769,440,329
109000132,881,4254,-3373
109000133,261,1157,-896
109000134,664,1520,-856
109000135,758,1291,-533
109000136,295,504,-209
109000137,159,299,-140
109000138,248,535,-287
109000139,183,466,-283
109000140,97,1444,-1347
109000141,308,485,-177
109000142,76,616,-540
109000143,42,52,-10
109000145,52,183,-131
109000146,86,82,4
109000148,4640,616,4024
109000149,24,24,0
109000150,132,133,-1
109000155,268,526,-258
109000156,1455,899,556
109000158,25,199,-174
109000159,35,964,-929
109000160,469,222,247
109000161,180,1885,-1705
109000162,1039,1021,18
109000163,533,2060,-1527
109000164,756,3331,-2575
109000165,710,635,75
109000166,430,127,303
109000167,76,1180,-1104
109000170,15,42,-27
109000171,54,37,17
109000172,60,54,6
109000173,41,54,-13
109000174,72,39,33
109000175,51,567,-516
109000176,123,260,-137
109000177,9,112,-103
109000178,291,729,-438
109000179,9626,1835,7791
109000180,4575,1927,2648
109000181,3,47,-44
109000182,12,42,-30
109000183,25,30,-5
109000184,7,21,-14
109000185,30,102,-72
109000188,233,3822,-3589
109000189,903,839,64
109000190,337,495,-158
109000191,164,786,-622
109000192,200,226,-26
109000193,147,628,-481
109000194,63,139,-76
109000195,76,669,-593
109000196,143,88,55
109000197,92,644,-552
109000198,125,54,71
109000199,96,732,-636
109000206,259,25,234
109000207,103,16,87
109000208,71,55,16
109000209,88,97,-9
109000210,108,540,-432
109000211,225,384,-159
109000214,271,1936,-1665
109000215,65,73,-8
109000216,199,109,90
109000217,74,82,-8
109000218,133,94,39
109000221,383,1608,-1225
109000222,602,164,438
109000223,182,223,-41
109000224,33,505,-472
109000225,36,37,-1
109000226,43,459,-416
109000227,457,2086,-1629
109000228,1,321,-320
109000231,4,663,-659
109000232,91,531,-440
109000236,152,864,-712
109000241,1450,2481,-1031
109000242,1130,1646,-516
109000293,53,140,-87
109000361,146,303,-157
109000364,111,772,-661
109000396,5,1175,-1170
109000397,208,3,205
109000399,126,810,-684
109000400,60,447,-387
109000403,33,310,-277
109000406,263,20,243
109000407,115,267,-152
109000408,0,985,-985
109000410,459,143,316
109000411,82,38,44
109000412,1,234,-233
109900001,76,0,76
109900002,410,16,394
109900003,76,0,76
109900005,4,1,3
109900006,152,426,-274
109900007,280,1226,-946
109900008,0,43,-43
109900009,89,1076,-987
109900010,201,11,190
109900011,45,25,20
109900012,91,139,-48
109900013,212,84,128
109900014,110,31,79
109900015,140,62,78
109900016,40,52,-12
109900017,79,69,10
109900018,70,197,-127
109900019,29,105,-76
109900020,8,22,-14
109900021,8,8,0
109900022,65,471,-406
109900023,11,0,11
109900024,9,0,9
109900025,6,36,-30
109900027,19,6,13
109900028,3907,394,3513
109900029,5,875,-870
109900030,15,1,14
109900031,0,52,-52
109900032,6,328,-322
109900033,1,657,-656
109900034,8,0,8
109900035,2,12,-10
109900036,3,104,-101
109900037,15,605,-590
109900038,28,198,-170
109900039,2,0,2
109900040,10,876,-866
109900041,36,702,-666
109900042,5,503,-498
109900044,62,326,-264
109900045,21,18,3
109900046,60,91,-31
109900047,262,353,-91
109900048,1,92,-91
109900049,2,25,-23
109900050,2,543,-541
109900051,0,48,-48
109900052,92,258,-166
109900053,3,912,-909
109900054,271,97,174
109900055,27,264,-237
109900056,7,85,-78
109900057,7,455,-448
109900058,0,189,-189
109900060,306,251,55
109900061,95,296,-201
109900062,0,425,-425
109900064,263,467,-204
109900065,146,98,48
109900066,220,1306,-1086
109900067,0,656,-656
109900068,12,4,8
109900069,1,23,-22
109900071,0,36,-36
109900072,16,98,-82
109900073,84,1217,-1133
109900074,7,52,-45
109900075,10,21,-11
109900076,22,726,-704
109900077,23,35,-12
109900078,67,400,-333
109900080,97,418,-321
109900081,17,75,-58
109900082,32,734,-702
109900083,4,65,-61
109900084,15,198,-183
109900085,154,1725,-1571
109900086,70,180,-110
109900087,96,288,-192
109900089,344,64,280
109900092,169,6,163
109900093,327,96,231
109900094,25,65,-40
109900095,66,278,-212
109900096,12,4,8
109900097,31,1,30
109900098,96,17,79
109900099,88,0,88
109900100,15,0,15
109900101,111,5,106
109900102,142,13,129
109900103,13,25,-12
109900104,185,1723,-1538
109900105,236,46,190
109900106,102,56,46
109900107,110,65,45
109900108,32,552,-520
109900109,19,252,-233
109900111,243,2013,-1770
109900114,348,176,172
109900115,71,59,12
109900117,320,87,233
109900121,298,144,154
109900123,4,252,-248
109900125,2,313,-311
109900126,44,289,-245
109900130,17752,1023,16729
109900131,98,159,-61
109900132,47,210,-163
109900134,53,33,20
109900135,483,68,415
109900137,44,564,-520
109900140,131,620,-489
109900149,26,48,-22
109900150,3,59,-56
109900151,2,44,-42
109900152,0,24,-24
109900153,0,57,-57
109900154,17,0,17
109900155,11,2,9
109900157,50,410,-360
109900159,79,18,61
109900161,151,42,109
109900162,100,46,54
109900163,624,396,228
109900164,28,253,-225
109900165,84,0,84
109900166,2,169,-167
109900167,119,605,-486
109900168,100,527,-427
109900169,51,173,-122
109900170,227,472,-245
109900171,77,60,17
109900172,90,107,-17
109900173,4897,1035,3862
109900174,62,177,-115
109900175,23,55,-32
109900176,63,302,-239
109900177,56,452,-396
109900178,0,111,-111
109900179,5,26,-21
109900180,3,7,-4
110000001,733,537,196
110000002,528,318,210
110000003,661,570,91
110000004,464,355,109
110000005,657,1051,-394
110000006,899,338,561
110000007,120,228,-108
110000008,10,37,-27
110000009,15,94,-79
110000010,41,46,-5
110000011,21,158,-137
110000012,773,542,231
110000013,29,298,-269
110000014,612,356,256
110000015,248,378,-130
110000016,253,758,-505
110000017,4755,250,4505
110000018,4838,464,4374
110000019,7,218,-211
110000020,680,289,391
110000021,411,287,124
110000022,407,90,317
110000023,4,254,-250
110000024,439,462,-23
110000025,90,4,86
110000026,14,912,-898
110000027,476,304,172
110000028,471,582,-111
110000029,395,1280,-885
110000030,140,245,-105
110000031,150,759,-609
110000032,481,346,135
110000033,102,80,22
110000034,132,575,-443
110000035,267,1510,-1243
110000036,336,525,-189
110000037,75,923,-848
110000038,133,378,-245
110000039,429,1157,-728
110000040,224,463,-239
110000041,128,755,-627
110000042,42,288,-246
110000043,217,143,74
110000044,33,47,-14
110000045,187,42,145
110000046,3,10,-7
110000047,6,3,3
110000048,4,29,-25
110000049,14,3,11
110000050,5,21,-16
110000051,46,2,44
110000052,17,17,0
110000053,50,1,49
110000054,75,216,-141
110000055,99,20,79
110000056,163,22,141
110000057,246,1159,-913
110000058,532,739,-207
110000059,492,537,-45
110000060,370,585,-215
110000061,574,900,-326
110000062,439,524,-85
110000063,31,43,-12
110000064,76,166,-90
110000065,35,98,-63
110000066,61,24,37
110000067,60,479,-419
110000068,97,1014,-917
110000069,84,84,0
110000071,24,137,-113
110000073,1,12,-11
110000075,4,73,-69
110000076,173,130,43
110000077,508,326,182
110000078,6,52,-46
110000080,223,674,-451
110000081,13,241,-228
110000082,36,213,-177
110000083,182,749,-567
110000084,564,380,184
110000085,2320,1303,1017
110000086,788,666,122
110000087,7,45,-38
110000088,26,238,-212
110000089,146,298,-152
110000090,52,403,-351
110000091,2619,311,2308
110000092,16,180,-164
110000093,31,5,26
110000094,444,226,218
110000095,53,383,-330
110000096,5221,1431,3790
110000097,667,876,-209
110000098,1306,602,704
110000099,708,1270,-562
110000100,258,1180,-922
110000101,13,628,-615
110000102,13,13,0
110000104,102,55,47
110000105,33,325,-292
110000106,330,158,172
110000107,462,406,56
110000108,101,28,73
110000109,235,340,-105
110000110,4594,1652,2942
110000111,9337,1359,7978
110000112,1527,370,1157
110000113,582,633,-51
110000114,95,241,-146
110000115,236,237,-1
110000116,32,46,-14
110000117,77,890,-813
110000118,170,409,-239
110000119,112,550,-438
110000120,212,229,-17
110000121,92,275,-183
110000122,240,536,-296
110000123,323,197,126
110000124,2,735,-733
110000125,648,8,640
110000126,142,14,128
110000127,425,19,406
110000128,17,1429,-1412
110000129,6,843,-837
110000130,132,101,31
110000131,87,592,-505
110000132,2,608,-606
110000133,39,260,-221
110000134,17,287,-270
110000135,183,25,158
110000136,27,312,-285
110000137,248,788,-540
110000138,331,1089,-758
110000139,471,1819,-1348
110000140,883,334,549
110000143,645,299,346
110000144,3449,954,2495
110000145,982,598,384
110000146,1151,532,619
110000147,180,604,-424
110000148,209,422,-213
110000151,505,422,83
110000152,585,225,360
110000153,47,164,-117
110000154,11,13,-2
110000155,1170,1360,-190
110000156,576,879,-303
110000157,727,1201,-474
110000160,236,566,-330
110000161,117,659,-542
110000166,129,192,-63
110000167,445,431,14
110000168,564,301,263
110000169,466,332,134
110000170,59,98,-39
110000171,400,184,216
110000172,115,890,-775
110000173,1650,1362,288
110000174,66,1907,-1841
110000175,235,120,115
110000176,37,189,-152
110000177,112,593,-481
110000178,397,634,-237
110000179,1743,385,1358
110000180,86,432,-346
110000181,130,351,-221
110000182,366,416,-50
110000183,12740,3868,8872
110000184,1070,1332,-262
110000185,549,570,-21
110000186,545,521,24
110000191,291,440,-149
110000192,126,3,123
110000193,251,3,248
110000194,9,1746,-1737
110000195,164,538,-374
110000196,121,672,-551
110000197,28,223,-195
110000198,54,112,-58
110000199,40,92,-52
110000200,1170,584,586
110000201,286,443,-157
110000202,770,384,386
110000203,681,1093,-412
110000204,3,517,-514
110000205,42,65,-23
110000206,644,2090,-1446
110000207,302,311,-9
110000208,73,56,17
110000209,116,1079,-963
110000210,396,942,-546
110000211,269,1037,-768
110000212,378,703,-325
110000213,69,54,15
110000214,74,70,4
110000215,84,808,-724
110000216,57,910,-853
110000217,120,330,-210
110000218,100,775,-675
110000219,112,82,30
110000220,21,633,-612
110000221,140,79,61
110000222,19,439,-420
110000223,11,90,-79
110000224,143,20,123
110000225,113,510,-397
110000226,114,48,66
110000227,540,442,98
110000228,381,288,93
110000229,0,287,-287
110000230,376,796,-420
110000231,87,170,-83
110000232,106,186,-80
110000233,97,364,-267
110000234,418,318,100
110000235,1548,664,884
110000236,243,963,-720
110000237,775,918,-143
110000238,659,1463,-804
110000239,1060,1304,-244
110000240,0,117,-117
110000242,0,16,-16
110000243,41,315,-274
110000244,101,545,-444
110000245,34,599,-565
110000246,360,868,-508
110000247,1262,4477,-3215
110000248,1720,1871,-151
110000249,20,3,17
110000250,15,271,-256
110000251,76,557,-481
110000252,102,334,-232
110000253,596,469,127
110000254,558,1838,-1280
110000255,152,1605,-1453
110000256,290,194,96
110000257,611,458,153
110000258,7,838,-831
110000259,49,30,19
110000260,7,713,-706
110000263,457,96,361
110000264,139,873,-734
110000265,664,1093,-429
110000266,1236,1555,-319
110000267,8,168,-160
110000268,153,583,-430
110000269,0,70,-70
110000270,23,0,23
110000271,2446,216,2230
110000272,589,802,-213
110000273,1373,946,427
110000274,114,813,-699
110000275,4548,391,4157
110000276,97,178,-81
110000277,82,586,-504
110000278,152,1126,-974
110000279,414,745,-331
110000280,152,435,-283
110000281,7,180,-173
110000282,172,56,116
110000283,33,46,-13
110000284,27,52,-25
110000285,2,147,-145
110000286,12,1,11
110000287,23,0,23
110000288,1,70,-69
110000289,452,1041,-589
110000290,1536,573,963
110000291,8060,1485,6575
110000292,1134,2538,-1404
110000293,320,1169,-849
110000294,371,707,-336
110000295,53,1193,-1140
110000296,140,352,-212
110000297,2004,274,1730
110000298,374,721,-347
110000299,357,21,336
110000301,151,5,146
110000302,170,2147,-1977
110000303,162,2,160
110000304,91,419,-328
110000305,401,6,395
110000306,70,2626,-2556
110000307,601,20,581
110000308,144,5,139
110000309,12,1748,-1736
110000310,285,91,194
110000311,19,985,-966
110000312,298,44,254
110000313,2018,2052,-34
110000314,1,349,-348
110000315,2922,1440,1482
110000316,607,975,-368
110000317,302,227,75
110000318,3,154,-151
110000319,0,12,-12
110000320,15,62,-47
110000321,0,40,-40
110000322,93,673,-580
110000323,160,275,-115
110000324,6936,897,6039
110000325,1784,1466,318
110000327,240,151,89
110000328,125,571,-446
110000333,304,349,-45
110000334,395,1484,-1089
110000335,435,497,-62
110000336,290,1552,-1262
110000337,534,416,118
110000338,114,262,-148
110000339,105,293,-188
110000340,7,211,-204
110000341,130,709,-579
110000342,246,4,242
110000343,0,11,-11
110000344,17,172,-155
110000345,20,64,-44
110000346,2227,1055,1172
110000347,735,547,188
110000348,5,32,-27
110000349,8,20,-12
110000350,24,4,20
110000351,395,1001,-606
110000352,286,1203,-917
110000353,4365,710,3655
110000354,759,1441,-682
110000355,38,51,-13
110000356,973,7,966
110000357,167,25,142
110000361,8,198,-190
110000362,26,103,-77
110000363,163,131,32
110000364,72,654,-582
110000365,87,0,87
110000366,0,69,-69
110000367,145,235,-90
110000368,0,59,-59
110000369,19,0,19
110000373,5,330,-325
110000374,39,3,36
110000375,239,574,-335
110000376,22,112,-90
110000377,52,249,-197
110000378,23,238,-215
110000379,4741,760,3981
110000380,30,9,21
110000383,2,1042,-1040
110000384,2033,854,1179
110000385,3,188,-185
110000387,27,9,18
110000388,47,278,-231
110000389,299,4,295
110000391,161,408,-247
110000396,29,160,-131
110000397,41,307,-266
110000398,7,29,-22
110000399,125,2,123
110000587,39,49,-10
110000589,96,185,-89
110000640,91,111,-20
110000652,9,85,-76
110000653,98,508,-410
110000654,2,27,-25
110000656,5,712,-707
110000674,13,15,-2
110000675,2,6,-4
110000676,1,40,-39
110000679,549,431,118
110000682,63,103,-40
110000683,244,308,-64
110000684,0,49,-49
110000685,7,13,-6
110000686,2,15,-13
110000687,13,1,12
110000688,44,321,-277
110000689,17,39,-22
110000692,52,353,-301
110000693,126,187,-61
110000694,1,108,-107
110000695,128,980,-852
110000696,212,162,50
110000698,22,348,-326
110000699,68,481,-413
110900001,113,1,112
110900002,94,185,-91
110900003,163,1213,-1050
110900004,81,232,-151
110900005,5819,1120,4699
110900006,33,2,31
110900007,70,6,64
110900008,12,112,-100
110900009,208,19,189
110900010,10,78,-68
110900011,6,180,-174
110900012,11,164,-153
110900013,332,168,164
110900014,86,36,50
110900015,1425,248,1177
110900016,11,280,-269
110900017,139,61,78
110900018,223,35,188
110900019,65,31,34
110900020,40,687,-647
110900021,47,751,-704
110900022,63,516,-453
110900023,53,756,-703
110900024,28,565,-537
110900025,4,50,-46
110900027,14,305,-291
110900028,22,226,-204
110900029,32,502,-470
110900030,7,456,-449
110900031,2,177,-175
110900032,1,114,-113
110900033,19,290,-271
110900035,28,416,-388
110900036,90,15,75
110900037,39,23,16
110900038,1544,154,1390
110900039,14,212,-198
110900040,125,31,94
110900041,2,254,-252
110900042,31,54,-23
110900043,0,242,-242
110900044,136,22,114
110900045,22,887,-865
110900046,188,335,-147
110900047,731,78,653
110900049,31,22,9
110900050,7,0,7
110900052,7,368,-361
110900053,44,38,6
110900054,13,320,-307
110900055,18,0,18
110900056,26,87,-61
110900057,10,490,-480
110900058,66,212,-146
110900059,527,1099,-572
110900060,155,72,83
110900061,21,43,-22
110900062,43,311,-268
110900063,10,72,-62
110900064,1,0,1
110900065,410,112,298
110900066,15,78,-63
110900067,520,222,298
110900068,253,273,-20
110900069,1,42,-41
110900070,118,41,77
110900071,185,211,-26
110900073,0,19,-19
110900074,208,149,59
110900075,160,75,85
110900077,296,373,-77
110900078,11,257,-246
110900079,2355,394,1961
110900080,35,55,-20
110900081,5,182,-177
110900082,19,444,-425
110900083,62,36,26
110900084,44,385,-341
110900085,31,450,-419
110900086,24,102,-78
110900087,92,80,12
110900088,2,0,2
110900090,15,18,-3
110900091,3,44,-41
110900093,117,66,51
110900095,24,27,-3
110900097,4,21,-17
110900098,6,158,-152
110900099,27,705,-678
110900100,0,25,-25
110900102,8,19,-11
110900105,787,426,361
110900108,3,183,-180
110900111,213,57,156
110900112,281,0,281
110900113,491,44,447
110900115,1,198,-197
110900116,188,3387,-3199
110900118,181,1139,-958
110900119,6554,219,6335
110900120,5,297,-292
110900121,21,1,20
110900122,102,124,-22
110900125,157,178,-21
110900127,383,468,-85
110900128,385,250,135
110900129,179,214,-35
110900130,1274,301,973
110900131,54,51,3
110900132,160,23,137
110900133,32,317,-285
110900135,96,582,-486
110900136,148,5,143
110900139,2,0,2
110900140,0,0,0
110900141,139,76,63
110900142,38,247,-209
110900143,60,53,7
110900144,2,845,-843
110900145,37,17,20
110900146,232,26,206
110900147,373,262,111
110900148,0,492,-492
110900149,0,86,-86
110900150,30,27,3
110900151,0,68,-68
110900152,11,638,-627
110900153,73,9,64
111000001,294,446,-152
111000002,655,908,-253
111000003,756,656,100
111000004,519,1708,-1189
111000005,956,939,17
111000006,880,2272,-1392
111000007,5138,2347,2791
111000008,5518,3287,2231
111000009,317,911,-594
111000010,357,222,135
111000011,338,864,-526
111000012,354,289,65
111000013,287,1354,-1067
111000014,614,559,55
111000017,75,425,-350
111000018,179,320,-141
111000020,3307,1693,1614
111000021,89,203,-114
111000023,50,180,-130
111000025,9343,1997,7346
111000029,48,69,-21
111000030,27,45,-18
111000031,1727,575,1152
111000032,590,214,376
111000033,243,122,121
111000034,401,131,270
111000037,4135,1590,2545
111000038,3190,2637,553
111000039,1028,2921,-1893
111000040,1294,3376,-2082
111000041,1658,1885,-227
111000042,8536,2591,5945
111000043,2354,1215,1139
111000044,1178,750,428
111000045,1090,1737,-647
111000046,658,1373,-715
111000047,1296,2309,-1013
111000049,227,578,-351
111000050,2182,1847,335
111000051,311,1227,-916
111000052,491,1447,-956
111000053,301,1203,-902
111000054,229,1373,-1144
111000055,1110,2147,-1037
111000056,83,869,-786
111000057,44,1104,-1060
111000058,103,101,2
111000059,119,262,-143
111000060,1731,426,1305
111000061,226,236,-10
111000062,438,185,253
111000063,1213,796,417
111000064,270,488,-218
111000065,721,683,38
111000066,215,260,-45
111000067,436,553,-117
111000068,292,657,-365
111000069,1198,1511,-313
111000070,2760,1041,1719
111000071,163,811,-648
111000072,388,280,108
111000073,174,524,-350
111000074,975,1236,-261
111000075,540,1034,-494
111000076,285,1029,-744
111000077,834,1299,-465
111000078,1756,1181,575
111000079,1136,635,501
111000080,306,483,-177
111000081,2409,2584,-175
111000082,315,677,-362
111000084,383,499,-116
111000085,795,1472,-677
111000086,4310,1205,3105
111000087,661,782,-121
111000088,8329,1666,6663
111000089,386,825,-439
111000090,1048,1245,-197
111000091,372,707,-335
111000092,686,1084,-398
111000093,384,606,-222
111000094,1200,706,494
111000095,568,1462,-894
111000096,2466,4389,-1923
111000097,7867,1007,6860
111000098,517,1700,-1183
111000099,433,3132,-2699
111000100,259,3127,-2868
111000101,308,908,-600
111000102,78,1149,-1071
111000104,173,263,-90
111000107,72,1081,-1009
111000109,115,241,-126
111000110,480,421,59
111000111,818,359,459
111000112,900,225,675
111000113,474,500,-26
111000114,1969,1097,872
111000115,8189,764,7425
111000116,529,862,-333
111000117,450,786,-336
111000118,1150,1053,97
111000119,570,1808,-1238
111000120,263,454,-191
111000121,137,382,-245
111000122,304,808,-504
111000123,801,3771,-2970
111000124,314,4398,-4084
111000125,136,2538,-2402
111000126,50,1219,-1169
111000127,408,143,265
111000128,607,278,329
111000129,1027,352,675
111000130,970,621,349
111000131,714,394,320
111000132,467,296,171
111000133,73,135,-62
111000134,54,123,-69
111000135,17,91,-74
111000136,192,320,-128
111000138,2,8,-6
111000140,0,9,-9
111000141,86,261,-175
111000142,11,165,-154
111000143,8,120,-112
111000144,15,111,-96
111000145,387,3,384
111000146,36,7,29
111000147,129,11,118
111000148,99,48,51
111000149,0,20,-20
111000150,8,4,4
111000151,1,12,-11
111000153,379,483,-104
111000154,784,169,615
111000155,82,126,-44
111000156,440,331,109
111000157,161,449,-288
111000158,741,479,262
111000159,3069,782,2287
111000160,158,589,-431
111000161,13,346,-333
111000162,5,157,-152
111000163,317,694,-377
111000164,749,1654,-905
111000165,1224,387,837
111000166,1465,280,1185
111000167,125,495,-370
111000168,160,424,-264
111000169,246,546,-300
111000170,456,351,105
111000171,316,1129,-813
111000172,54,1020,-966
111000173,125,2211,-2086
111000174,73,1172,-1099
111000175,36,306,-270
111000176,93,167,-74
111000177,142,362,-220
111000178,388,450,-62
111000179,77,252,-175
111000180,106,303,-197
111000181,438,346,92
111000182,104,166,-62
111000183,234,223,11
111000184,185,188,-3
111000185,299,427,-128
111000186,210,326,-116
111000187,118,341,-223
111000188,134,542,-408
111000189,1927,528,1399
111000190,122,624,-502
111000191,74,513,-439
111000192,164,798,-634
111000193,679,492,187
111000194,21,547,-526
111000195,63,677,-614
111000196,36,468,-432
111000197,166,223,-57
111000198,238,131,107
111000199,74,161,-87
111000200,105,308,-203
111000201,229,189,40
111000202,98,198,-100
111000203,168,162,6
111000204,322,368,-46
111000213,128,467,-339
111000214,1003,2473,-1470
111000215,753,1765,-1012
111000217,737,1211,-474
111000218,573,978,-405
111000219,346,270,76
111000220,3518,384,3134
111000221,926,160,766
111000224,187,437,-250
111000225,176,191,-15
111000226,140,2,138
111000227,56,4,52
111000228,8,144,-136
111000229,25,277,-252
111000230,187,677,-490
111000231,367,1887,-1520
111000232,217,882,-665
111000233,233,794,-561
111000234,39,173,-134
111000239,132,251,-119
111000240,25,65,-40
111000241,16,549,-533
111000242,49,69,-20
111000243,65,1102,-1037
111000244,179,85,94
111000245,430,726,-296
111000246,115,870,-755
111000247,89,1300,-1211
111000248,277,473,-196
111000249,383,1021,-638
111000250,26,195,-169
111000251,23,173,-150
111000253,1,2,-1
111000255,11,11,0
111000257,22,20,2
111000260,34,1622,-1588
111000261,363,71,292
111000271,36,367,-331
111000273,9476,1598,7878
111000274,1010,1331,-321
111000275,95,92,3
111000276,288,2841,-2553
111000277,92,519,-427
111000278,361,201,160
111000291,485,2322,-1837
111000298,208,325,-117
111000299,307,107,200
111000300,68,791,-723
111000302,100,92,8
111000303,83,367,-284
111000312,21,79,-58
111000315,44,503,-459
111000320,246,699,-453
111000321,178,52,126
111000322,139,620,-481
111000323,72,11,61
111000324,275,352,-77
111000325,23,45,-22
111000326,60,339,-279
111000327,237,513,-276
111000328,116,353,-237
111000329,1,15,-14
111000330,21,7,14
111000331,18,6,12
111000332,261,1279,-1018
111000334,349,2079,-1730
111000335,276,107,169
111000337,373,352,21
111000338,33,147,-114
111000339,95,722,-627
111000340,56,1215,-1159
111000341,637,234,403
111000342,92,291,-199
111000344,539,809,-270
111000345,119,24,95
111000346,44,116,-72
111000347,37,1,36
111000350,119,151,-32
111000351,55,174,-119
111000352,129,185,-56
111000353,37,170,-133
111000354,197,175,22
111000355,132,599,-467
111000358,97,2634,-2537
111000360,68,1384,-1316
111000361,73,688,-615
111000546,229,820,-591
111000547,146,1209,-1063
111000548,42,154,-112
111000549,151,811,-660
111000550,98,314,-216
111000551,694,246,448
111000552,473,39,434
111000907,447,12,435
111000908,12,0,12
111000916,550,188,362
111000917,20,343,-323
111000918,85,1609,-1524
111000920,189,14,175
111000921,1,691,-690
111000922,147,340,-193
111000924,30,1545,-1515
111000925,1118,1508,-390
111000926,708,3405,-2697
111000927,2066,2786,-720
111000928,6713,3472,3241
111000929,731,910,-179
111000930,642,2555,-1913
111000931,1141,1316,-175
111000932,3412,2302,1110
111000933,2426,1419,1007
111000934,1960,2494,-534
111000935,690,903,-213
111000936,680,2278,-1598
111000937,541,996,-455
111000938,1745,2647,-902
111000939,104,18,86
111000940,175,250,-75
111000941,92,1010,-918
111000943,159,254,-95
111000944,84,821,-737
111000945,36,3000,-2964
111001109,255,142,113
111001110,197,655,-458
111001111,26,3,23
111001112,49,3,46
111001113,5,106,-101
111001114,1417,74,1343
111001115,174,348,-174
111001116,6265,1568,4697
111001117,737,608,129
111001120,66,462,-396
111001121,152,399,-247
111001122,166,1054,-888
111001123,60,162,-102
111001124,71,561,-490
111001125,1,19,-18
111001126,4,5,-1
111001127,1,214,-213
111001128,295,663,-368
111001129,2,141,-139
111900001,0,361,-361
111900002,4,954,-950
111900003,4,504,-500
111900004,19,166,-147
111900006,3,11,-8
111900007,43,1,42
111900008,46,0,46
111900009,17,0,17
111900010,261,540,-279
111900012,120,111,9
111900013,5,31,-26
111900014,9176,1475,7701
111900015,1,69,-68
111900016,3,260,-257
111900017,0,183,-183
111900018,65,0,65
111900019,2,153,-151
111900020,2,46,-44
111900021,39,136,-97
111900022,11,70,-59
111900023,204,57,147
111900024,96,344,-248
111900025,0,55,-55
111900026,3,153,-150
111900027,4,224,-220
111900028,3,473,-470
111900029,0,145,-145
111900030,52,537,-485
111900032,6,540,-534
111900033,8,127,-119
111900034,254,905,-651
111900035,16,323,-307
111900036,3,549,-546
111900038,405,812,-407
111900039,43,514,-471
111900040,5,989,-984
111900042,19,99,-80
111900043,7,739,-732
111900044,227,426,-199
111900046,36,317,-281
111900048,66,1097,-1031
111900049,28,272,-244
111900050,29,6,23
111900051,0,451,-451
111900052,447,607,-160
111900053,1597,309,1288
111900054,39,1,38
111900055,26,913,-887
111900056,160,74,86
111900057,28,100,-72
111900058,125,924,-799
111900059,4269,213,4056
111900060,110,0,110
111900061,11,410,-399
111900062,34,21,13
111900063,50,251,-201
111900064,105,442,-337
111900065,42,34,8
111900066,31,93,-62
111900067,1,416,-415
111900068,37,15,22
111900069,34,24,10
111900070,72,118,-46
111900071,0,421,-421
111900072,34,5,29
111900073,170,59,111
111900074,7,252,-245
111900075,48,4,44
111900076,40,21,19
111900077,4,0,4
111900078,74,3,71
111900079,15,9,6
111900080,150,99,51
111900082,60,7,53
111900083,31,4,27
111900084,14,1,13
111900085,17,50,-33
111900086,20,2,18
111900087,13,2,11
111900088,221,1,220
111900089,18,0,18
111900090,24,12,12
111900091,66,2,64
111900092,22,2,20
111900093,84,3,81
111900094,4,0,4
111900095,108,5,103
111900096,57,0,57
111900097,4,1,3
111900098,29,1,28
111900099,11,0,11
111900100,49,1,48
111900101,36,6,30
111900102,127,1163,-1036
111900103,49,34,15
111900104,81,56,25
111900105,146,94,52
111900106,1576,52,1524
111900110,2999,178,2821
111900111,9,12,-3
111900112,989,659,330
111900113,256,39,217
111900118,120,49,71
111900119,166,58,108
111900122,44,21,23
111900123,4,16,-12
111900124,21,197,-176
111900125,191,9,182
111900126,85,0,85
111900127,5,948,-943
111900128,5,766,-761
111900129,65,1,64
111900130,41,6,35
111900131,154,1,153
111900132,36,2073,-2037
111900133,4,492,-488
111900134,11,435,-424
111900135,2,13,-11
111900136,51,69,-18
111900137,47,72,-25
111900138,10,150,-140
111900139,7,288,-281
111900140,43,15,28
111900141,36,14,22
111900142,23,19,4
111900143,2,114,-112
111900144,0,149,-149
111900145,2,868,-866
111900146,1,466,-465
111900147,165,684,-519
111900148,22,1307,-1285
111900149,5,453,-448
111900150,7,212,-205
111900151,4,18,-14
111900152,99,39,60
111900153,2216,153,2063
111900154,0,112,-112
111900155,42,23,19
111900156,17,20,-3
111900157,26,2,24
111900158,138,15,123
111900159,56,4,52
111900160,84,0,84
111900161,38,0,38
111900162,137,84,53
111900163,48,380,-332
111900164,37,28,9
111901113,89,588,-499
111901114,70,509,-439
111901115,29,1,28
111901116,16,0,16
111901117,3,16,-13
111901118,172,67,105
111901119,2031,99,1932
111901121,125,558,-433
111901122,3,824,-821
111901123,63,576,-513
111901124,62,0,62
111901125,174,237,-63
111901127,1260,121,1139
111901128,3,114,-111
111901129,1,273,-272
111901130,6,387,-381
111901131,1,380,-379
111901132,84,7,77
111901133,22,2,20
111901134,13,0,13
111901135,3,4,-1
111901138,45,36,9
111901139,7,35,-28
111901140,1,143,-142
111901141,13,320,-307
111901142,3,328,-325
111901143,1,144,-143
111901144,48,15,33
111901145,86,137,-51
111901146,392,17,375
111901147,1691,11,1680
111901148,28,29,-1
111901149,9,0,9
111901150,37,2,35
111901151,0,0,0
111901152,2,63,-61
112000001,1082,900,182
112000002,645,2273,-1628
112000003,286,934,-648
112000004,434,2086,-1652
112000005,1296,1418,-122
112000006,1449,1996,-547
112000007,1107,959,148
112000008,1510,3065,-1555
112000009,3757,3677,80
112000010,1479,2064,-585
112000011,1470,2379,-909
112000012,2967,1023,1944
112000013,4079,2469,1610
112000014,1678,390,1288
112000015,1864,1609,255
112000016,2693,559,2134
112000017,1197,762,435
112000024,2678,527,2151
112000026,4381,5352,-971
112000027,615,333,282
112000028,2101,1645,456
112000029,202,365,-163
112000030,212,89,123
112000031,916,1622,-706
112000032,371,40,331
112000033,1244,576,668
112000034,220,38,182
112000035,35,268,-233
112000036,630,568,62
112000037,553,750,-197
112000038,693,681,12
112000039,20,79,-59
112000040,106,258,-152
112000041,380,469,-89
112000042,1033,341,692
112000050,602,1192,-590
112000051,428,615,-187
112000054,1366,2379,-1013
112000057,341,340,1
112000058,267,501,-234
112000059,411,450,-39
112000061,4655,1189,3466
112000062,1769,413,1356
112000063,1394,716,678
112000064,4648,6095,-1447
112000065,2441,3108,-667
112000066,2479,723,1756
112000067,829,671,158
112000068,1564,970,594
112000069,566,2094,-1528
112000070,1060,557,503
112000071,567,3437,-2870
112000072,695,803,-108
112000073,1125,1932,-807
112000074,783,808,-25
112000075,752,943,-191
112000076,2754,3363,-609
112000077,301,839,-538
112000078,695,596,99
112000079,781,1257,-476
112000080,285,878,-593
112000081,1256,1707,-451
112000082,751,552,199
112000083,485,1624,-1139
112000084,691,606,85
112000085,581,1701,-1120
112000086,825,1698,-873
112000087,132,1210,-1078
112000088,237,844,-607
112000089,98,271,-173
112000090,65,441,-376
112000091,663,1388,-725
112000092,871,831,40
112000093,1544,1186,358
112000094,293,733,-440
112000095,594,754,-160
112000096,208,666,-458
112000097,762,468,294
112000098,647,1841,-1194
112000099,447,567,-120
112000100,658,1243,-585
112000101,468,1082,-614
112000102,392,757,-365
112000103,300,1590,-1290
112000105,619,3194,-2575
112000106,765,620,145
112000107,30,155,-125
112000108,138,2351,-2213
112000109,118,167,-49
112000110,872,523,349
112000111,1125,3938,-2813
112000112,1160,515,645
112000113,768,2190,-1422
112000114,872,1013,-141
112000115,192,696,-504
112000116,178,1260,-1082
112000117,592,1360,-768
112000118,786,885,-99
112000119,291,1117,-826
112000120,38,411,-373
112000121,35,833,-798
112000122,146,181,-35
112000123,230,194,36
112000124,114,93,21
112000125,111,119,-8
112000126,88,1125,-1037
112000127,1383,838,545
112000128,637,534,103
112000129,58,107,-49
112000130,111,63,48
112000131,23,539,-516
112000132,68,325,-257
112000133,170,452,-282
112000134,234,444,-210
112000135,350,725,-375
112000136,655,1323,-668
112000137,592,1608,-1016
112000138,820,1100,-280
112000139,896,228,668
112000140,735,1257,-522
112000141,316,208,108
112000142,132,1325,-1193
112000143,466,227,239
112000144,221,2591,-2370
112000145,1063,622,441
112000146,444,3250,-2806
112000147,1105,1519,-414
112000148,1466,3051,-1585
112000149,128,1342,-1214
112000150,86,726,-640
112000151,394,892,-498
112000152,156,344,-188
112000153,302,428,-126
112000154,89,108,-19
112000155,107,73,34
112000157,502,389,113
112000158,144,1293,-1149
112000159,174,302,-128
112000167,117,30,87
112000169,358,253,105
112000173,204,156,48
112000175,213,464,-251
112000176,3299,1281,2018
112000177,188,88,100
112000178,62,626,-564
112000179,57,194,-137
112000180,175,231,-56
112000181,899,2224,-1325
112000182,360,2104,-1744
112000183,22,54,-32
112000184,190,874,-684
112000185,214,582,-368
112000187,1906,1692,214
112000195,96,1,95
112000196,17,0,17
112000197,12,66,-54
112000198,36,370,-334
112000199,976,723,253
112000202,176,44,132
112000216,55,160,-105
112000230,16,3,13
112000231,1,443,-442
112000256,54,149,-95
112000313,116,106,10
112000314,8,21,-13
112000337,154,514,-360
112000352,234,169,65
112000392,1820,837,983
112000398,545,591,-46
112000399,3228,1285,1943
112000400,1573,4236,-2663
112000401,2056,2494,-438
112000402,1103,1583,-480
112000403,1785,1228,557
112000404,269,499,-230
112000405,1051,1864,-813
112000406,2910,3220,-310
112000407,2774,4314,-1540
112000408,8101,6972,1129
112000409,1319,5516,-4197
112000410,201,98,103
112000411,6778,520,6258
112000412,1290,277,1013
112000413,12047,1903,10144
112000414,67,243,-176
112000415,61,60,1
112000416,1011,1056,-45
112000417,118,52,66
112000421,45,222,-177
112000422,216,764,-548
112000424,3270,1461,1809
112000425,220,2253,-2033
112000426,61,266,-205
112000427,0,21,-21
112000428,89,725,-636
112000429,1600,2624,-1024
112000430,1591,2483,-892
112000431,31,120,-89
112000432,421,3305,-2884
112000433,437,494,-57
112000437,13,321,-308
112900001,33,3,30
112900002,117,1420,-1303
112900003,16,331,-315
112900004,14,282,-268
112900005,52,239,-187
112900007,7,169,-162
112900008,0,5,-5
112900009,128,35,93
112900010,115,824,-709
112900011,550,332,218
112900012,0,54,-54
112900013,2,150,-148
112900014,4,336,-332
112900015,295,962,-667
112900016,3,309,-306
112900017,38,261,-223
112900018,60,1181,-1121
112900019,37,164,-127
112900020,354,1608,-1254
112900021,0,320,-320
112900022,8,79,-71
112900023,2,428,-426
112900024,19,237,-218
112900025,53,264,-211
112900026,2,431,-429
112900027,9,1656,-1647
112900028,11,125,-114
112900029,21,1002,-981
112900030,240,225,15
112900031,2,680,-678
112900032,59,252,-193
112900034,2,83,-81
112900035,12,575,-563
112900036,15,99,-84
112900037,126,104,22
112900038,208,88,120
112900039,12,375,-363
112900040,3,354,-351
112900041,1304,551,753
112900042,28,716,-688
112900043,5,32,-27
112900044,967,360,607
112900045,465,360,105
112900046,236,62,174
112900047,22,17,5
112900049,48,45,3
112900050,72,542,-470
112900051,241,1009,-768
112900052,13,1564,-1551
112900053,276,162,114
112900054,217,26,191
112900055,86,7,79
112900056,132,91,41
112900057,10,823,-813
112900058,199,96,103
112900059,85,138,-53
112900060,5,274,-269
112900061,50,178,-128
112900062,25,137,-112
112900063,109,7,102
112900064,141,231,-90
112900065,18,11,7
112900066,93,48,45
112900067,432,134,298
112900068,22,14,8
112900069,2816,330,2486
112900071,3,2,1
112900072,490,584,-94
112900073,141,28,113
112900074,48,85,-37
112900075,2474,425,2049
112900076,57,3,54
112900078,133,219,-86
112900079,76,20,56
112900080,4,1,3
112900081,21,90,-69
112900082,147,12,135
112900083,35,22,13
112900084,61,37,24
112900086,34,0,34
112900087,251,54,197
112900088,31,3,28
112900089,233,7,226
112900090,5,9,-4
112900091,58,3,55
112900092,101,91,10
112900093,423,7,416
112900095,7,0,7
112900096,127,55,72
112900097,23,496,-473
112900098,17,0,17
112900099,281,9,272
112900100,14,0,14
112900101,92,4,88
112900102,17,4,13
112900103,61,2,59
112900104,240,2,238
112900105,1,0,1
112900106,180,37,143
112900107,1,0,1
112900108,11,1,10
112900109,27,2,25
112900110,398,8,390
112900111,219,2,217
112900112,168,2,166
112900113,0,24,-24
112900114,47,13,34
112900115,268,2,266
112900116,23,0,23
112900117,190,129,61
112900118,22,86,-64
112900119,93,0,93
112900120,710,242,468
112900121,419,128,291
112900122,12,167,-155
112900123,128,8,120
112900124,0,172,-172
112900125,14,214,-200
112900126,109,237,-128
112900127,151,40,111
112900128,451,1019,-568
112900129,1,944,-943
112900130,104,38,66
112900131,52,375,-323
112900132,47,683,-636
112900133,33,1168,-1135
112900134,1,338,-337
112900135,29,25,4
112900137,11,1025,-1014
112900138,3,578,-575
112900139,150,1375,-1225
112900141,190,12,178
112900142,39,63,-24
112900143,50,926,-876
112900144,11,1852,-1841
112900145,32,556,-524
112900146,16,2032,-2016
112900147,6,2832,-2826
112900148,11,0,11
112900149,99,621,-522
112900151,15,38,-23
112900152,6438,787,5651
112900153,1672,726,946
112900154,0,107,-107
112900155,63,4,59
112900156,189,2189,-2000
112900157,54,141,-87
112900158,27,11,16
112900159,88,43,45
112900160,25,303,-278
112900161,49,18,31
112900162,32,10,22
112900163,122,11,111
112900164,41,69,-28
112900165,73,25,48
112900166,7,14,-7
112900167,2,23,-21
112900168,0,1,-1
112900169,3,1,2
112900170,26,102,-76
112900172,58,5,53
112900173,217,78,139
112900174,196,18,178
112900175,83,64,19
112900176,14,11,3
112900177,134,28,106
112900178,347,1053,-706
112900179,40,564,-524
112900180,687,2299,-1612
112900181,175,3,172
112900182,31,1648,-1617
112900183,73,121,-48
112900184,380,242,138
112900185,161,267,-106
112900186,1161,415,746
112900187,44,166,-122
112900188,477,205,272
112900189,0,19,-19
112900190,0,50,-50
112900192,246,211,35
112900193,537,169,368
112900194,20,128,-108
112900195,362,16,346
112900196,241,603,-362
112900197,124,447,-323
112900199,97,332,-235
112900200,170,349,-179
112900201,57,89,-32
112900202,182,1146,-964
112900203,89,537,-448
112900204,744,331,413
112900205,1,9,-8
112900206,2,34,-32
112900207,1,0,1
112900208,44,70,-26
112900209,377,485,-108
112900210,0,12,-12
112900211,20,16,4
112900212,0,99,-99
112900213,5,0,5
112900214,36,7,29
112900215,12,288,-276
112900216,15,53,-38
112900217,1,58,-57
112900218,15,3,12
112900219,14,5,9
112900220,12,0,12
112900221,4,186,-182
112900222,0,16,-16
112900223,311,8,303
112900224,66,1121,-1055
112900225,159,597,-438
112900226,77,134,-57
112900227,84,1103,-1019
112900228,25,22,3
112900229,48,54,-6
112900230,7634,2241,5393
112900232,81,68,13
112900233,29,253,-224
112900234,0,134,-134
112900235,38,12,26
112900236,123,11,112
112900237,82,1145,-1063
112900238,3,42,-39
112900239,469,256,213
112900240,3,248,-245
112900241,6,397,-391
112900242,7,680,-673
112900243,6,484,-478
112900244,4,219,-215
112900245,3,69,-66
112900246,0,23,-23
112900247,100,28,72
112900248,18,3,15
112900249,29,2,27
112900250,30,25,5
112900251,35,8,27
112900252,71,22,49
112900253,28,17,11
112900254,3,12,-9
112900255,0,28,-28
112900256,10,32,-22
112900257,17,14,3
112900258,20,27,-7
113000001,3724,5164,-1440
113000002,2294,3154,-860
113000003,1583,2279,-696
113000004,1537,1945,-408
113000005,1043,1130,-87
113000006,820,1208,-388
113000007,999,1436,-437
113000008,958,1770,-812
113000009,558,962,-404
113000010,638,1468,-830
113000011,906,1302,-396
113000012,648,1111,-463
113000013,611,476,135
113000014,1427,928,499
113000015,319,142,177
113000016,199,206,-7
113000017,18,240,-222
113000018,269,50,219
113000019,19,258,-239
113000020,71,15,56
113000021,1861,678,1183
113000022,550,1511,-961
113000025,40,265,-225
113000026,199,482,-283
113000027,1227,330,897
113000028,1062,300,762
113000029,592,555,37
113000030,620,479,141
113000031,318,224,94
113000032,216,210,6
113000033,243,262,-19
113000034,366,268,98
113000035,19,20,-1
113000036,26,35,-9
113000037,25,19,6
113000038,6,29,-23
113000039,47,640,-593
113000040,41,99,-58
113000042,903,476,427
113000051,487,1862,-1375
113000052,2656,995,1661
113000053,193,785,-592
113000054,157,761,-604
113000055,697,1172,-475
113000056,603,1842,-1239
113000058,519,595,-76
113000059,1235,648,587
113000060,72,464,-392
113000061,963,800,163
113000062,1344,211,1133
113000063,50,387,-337
113000064,19,472,-453
113000065,129,1603,-1474
113000066,271,132,139
113000067,746,1126,-380
113000068,352,2687,-2335
113000069,322,1895,-1573
113000070,833,904,-71
113000071,216,766,-550
113000072,314,453,-139
113000073,501,1402,-901
113000074,636,311,325
113000075,1686,476,1210
113000076,1257,1719,-462
113000077,853,323,530
113000078,649,1285,-636
113000079,484,525,-41
113000080,443,448,-5
113000081,446,620,-174
113000082,721,561,160
113000083,400,663,-263
113000084,1295,906,389
113000085,594,620,-26
113000086,763,1014,-251
113000087,726,672,54
113000088,1821,1022,799
113000089,748,1045,-297
113000090,212,421,-209
113000091,605,204,401
113000094,735,253,482
113000095,331,1549,-1218
113000096,186,1173,-987
113000097,655,251,404
113000098,65,33,32
113000099,1067,299,768
113000100,134,522,-388
113000101,371,698,-327
113000102,461,279,182
113000103,2393,479,1914
113000104,280,2763,-2483
113000105,280,522,-242
113000106,232,526,-294
113000107,526,964,-438
113000108,868,1600,-732
113000109,423,4009,-3586
113000110,1051,453,598
113000111,156,864,-708
113000112,239,392,-153
113000113,1283,354,929
113000114,287,1047,-760
113000116,528,220,308
113000117,985,124,861
113000118,115,338,-223
113000119,224,426,-202
113000120,20,173,-153
113000121,351,981,-630
113000124,134,113,21
113000125,26,450,-424
113000127,4195,583,3612
113000128,527,298,229
113000129,308,1378,-1070
113000133,5574,768,4806
113000134,7,1166,-1159
113000135,2430,1915,515
113000137,1666,1423,243
113000139,225,109,116
113000140,99,231,-132
113000141,155,101,54
113000142,383,586,-203
113000143,157,156,1
113000144,253,518,-265
113000145,24,107,-83
113000146,78,75,3
113000147,56,138,-82
113000148,74,157,-83
113000149,47,90,-43
113000150,350,467,-117
113000151,94,64,30
113000152,10,108,-98
113000153,1660,379,1281
113000154,372,1219,-847
113000155,199,321,-122
113000156,136,357,-221
113000157,238,751,-513
113000158,296,221,75
113000159,474,506,-32
113000160,535,1049,-514
113000161,187,618,-431
113000162,287,317,-30
113000163,57,49,8
113000164,36,98,-62
113000166,66,73,-7
113000167,24,272,-248
113000168,45,171,-126
113000169,56,64,-8
113000170,79,78,1
113000171,48,91,-43
113000172,147,91,56
113000173,28,26,2
113000174,94,527,-433
113000175,234,166,68
113000176,304,164,140
113000177,160,492,-332
113000178,153,469,-316
113000179,222,107,115
113000180,652,1905,-1253
113000181,836,1196,-360
113000182,241,286,-45
113000183,186,475,-289
113000184,21,97,-76
113000189,429,573,-144
113000190,842,273,569
113000192,3299,1109,2190
113000193,5945,994,4951
113000194,2657,951,1706
113000195,2730,455,2275
113000196,98,125,-27
113000197,1293,870,423
113000198,37,385,-348
113000199,583,387,196
113000201,1383,170,1213
113000202,4280,3112,1168
113000203,621,272,349
113000204,2169,1203,966
113000205,42,18,24
113000206,10,30,-20
113000207,64,21,43
113000208,15,32,-17
113000209,12,28,-16
113000210,5,20,-15
113000211,346,180,166
113000212,275,22,253
113000213,10,176,-166
113000214,97,275,-178
113000234,134,1496,-1362
113000410,45,102,-57
113000411,1789,3294,-1505
113000412,9216,1615,7601
113000413,3398,1604,1794
113000414,7486,6558,928
113000415,1996,2095,-99
113000416,7732,3001,4731
113000417,2287,2019,268
113000418,2023,2105,-82
113000419,971,1216,-245
113000420,2718,2423,295
113000421,2554,3758,-1204
113000422,13792,5951,7841
113000423,1930,2173,-243
113000424,3766,6278,-2512
113000425,11,78,-67
113000428,15,3,12
113000430,1,23,-22
113000432,1307,229,1078
113000433,123,1142,-1019
113000434,11,468,-457
113000435,15,1226,-1211
113000436,79,2066,-1987
113000437,343,7,336
113000438,103,10,93
113000439,13,207,-194
113000440,63,30,33
113000441,66,321,-255
113000442,72,392,-320
113000443,41,423,-382
113000444,63,509,-446
113000445,53,232,-179
113000446,33,82,-49
113000448,639,155,484
113000449,383,1222,-839
113000450,831,4315,-3484
113000451,3062,191,2871
113000452,412,488,-76
113000453,163,268,-105
113000454,2361,26,2335
113000455,98,141,-43
113000456,3092,1307,1785
113000468,3631,172,3459
113000469,261,97,164
113000470,705,117,588
113000471,10,568,-558
113000472,58,329,-271
113000474,235,592,-357
113000475,1221,1989,-768
113000476,582,1693,-1111
113000477,1325,1765,-440
113000478,2950,6027,-3077
113000479,11,289,-278
113000485,0,0,0
113000486,0,0,0
113000487,0,0,0
113000489,0,0,0
113000490,0,0,0
113000491,1,0,1
113000492,1,0,1
113000493,0,0,0
113000495,281,265,16
113000496,97,120,-23
113900001,2,232,-230
113900002,2,331,-329
113900003,0,296,-296
113900004,7,75,-68
113900005,5,54,-49
113900006,0,60,-60
113900007,277,0,277
113900008,116,0,116
113900009,406,2,404
113900010,254,2,252
113900011,45,0,45
113900012,10,4,6
113900013,1390,16,1374
113900014,311,0,311
113900015,1,43,-42
113900016,3,2,1
113900017,3,83,-80
113900018,385,78,307
113900019,76,54,22
113900020,39,0,39
113900022,3,0,3
113900023,8,0,8
113900024,28,80,-52
113900025,219,6,213
113900026,39,0,39
113900027,2,151,-149
113900028,15,533,-518
113900029,41,313,-272
113900030,104,3,101
113900031,5,1,4
113900032,9,1,8
113900033,39,87,-48
113900035,15,0,15
113900036,4,191,-187
113900037,30,708,-678
113900038,62,67,-5
113900039,44,4,40
113900040,26,16,10
113900041,4,0,4
113900042,74,49,25
113900043,175,93,82
113900044,136,47,89
113900045,25,0,25
113900046,154,790,-636
113900047,49,187,-138
113900048,287,34,253
113900049,974,194,780
113900050,99,476,-377
113900051,137,433,-296
113900052,114,101,13
113900053,277,134,143
113900054,2,26,-24
113900055,67,693,-626
113900056,62,180,-118
113900057,15,104,-89
113900058,48,240,-192
113900059,161,329,-168
113900060,62,163,-101
113900061,743,72,671
113900062,25,12,13
113900063,47,154,-107
113900064,17,201,-184
113900065,347,13,334
113900066,132,502,-370
113900067,27,358,-331
113900068,198,239,-41
113900069,5,15,-10
113900070,190,462,-272
113900071,42,104,-62
113900072,26,155,-129
113900073,102,292,-190
113900074,20,491,-471
113900075,637,699,-62
113900076,54,7,47
113900077,25,264,-239
113900078,19,92,-73
113900079,0,76,-76
113900080,194,115,79
113900081,11,264,-253
113900082,78,194,-116
113900083,125,708,-583
113900084,142,62,80
113900085,36,488,-452
113900086,11,21,-10
113900087,37,258,-221
113900088,48,69,-21
113900089,233,29,204
113900090,271,222,49
113900091,15,16,-1
113900092,39,44,-5
113900093,70,450,-380
113900094,148,453,-305
113900095,62,59,3
113900096,73,32,41
113900097,6,109,-103
113900098,439,42,397
113900099,0,50,-50
113900100,1,2,-1
113900101,23,40,-17
113900102,74,65,9
113900103,141,131,10
113900104,100,118,-18
113900105,24,546,-522
113900106,0,110,-110
113900107,0,39,-39
113900108,213,119,94
113900109,254,42,212
113900110,17,4,13
113900111,60,79,-19
113900112,70,87,-17
113900113,435,388,47
113900114,0,112,-112
113900115,2,174,-172
113900116,75,100,-25
113900117,60,12,48
113900118,157,135,22
113900119,224,182,42
113900120,48,25,23
113900121,21,64,-43
113900122,230,1215,-985
113900123,283,185,98
113900124,0,71,-71
113900125,1315,110,1205
113900126,79,44,35
113900127,140,293,-153
113900128,50,43,7
113900129,8,58,-50
113900130,0,10,-10
113900131,69,74,-5
113900132,25,31,-6
113900133,7,28,-21
113900135,185,578,-393
113900136,77,60,17
113900137,243,193,50
113900138,17,66,-49
113900139,554,80,474
113900140,243,143,100
113900141,195,636,-441
113900142,38,74,-36
113900143,4,22,-18
113900144,201,105,96
113900145,203,168,35
113900146,46,62,-16
113900148,127,144,-17
113900149,105,44,61
113900150,753,332,421
113900151,120,233,-113
113900152,8,49,-41
113900153,352,268,84
113900154,0,51,-51
113900155,167,54,113
113900156,212,539,-327
113900157,26,174,-148
113900158,170,110,60
113900159,14,128,-114
113900160,320,704,-384
113900161,19,177,-158
113900162,342,332,10
113900163,181,179,2
113900164,250,46,204
113900165,432,457,-25
113900166,129,96,33
113900167,170,35,135
113900168,145,106,39
113900169,168,396,-228
113900171,58,43,15
113900172,5,261,-256
113900173,61,815,-754
113900174,330,580,-250
113900175,186,64,122
113900176,142,540,-398
113900177,199,202,-3
113900178,129,55,74
113900179,25,997,-972
113900180,152,89,63
113900181,409,54,355
113900182,265,915,-650
113900183,31,74,-43
113900184,8,607,-599
113900185,152,67,85
113900186,11,45,-34
113900187,24,107,-83
113900188,18,114,-96
113900189,164,63,101
113900190,269,120,149
113900191,48,194,-146
113900192,2534,1005,1529
113900193,18,387,-369
113900194,2584,872,1712
113900195,253,450,-197
113900196,1,87,-86
113900197,3,489,-486
113900198,30,101,-71
113900199,136,568,-432
113900200,6,147,-141
113900201,1,345,-344
113900202,24,150,-126
113900203,5,206,-201
113900204,38,657,-619
113900205,8,86,-78
113900206,2,70,-68
113900207,0,37,-37
113900208,0,47,-47
113900209,0,46,-46
113900210,620,377,243
113900211,135,21,114
113900212,69,780,-711
113900214,245,368,-123
113900215,16,98,-82
113900216,50,1574,-1524
113900217,29,393,-364
113900218,54,48,6
113900219,143,652,-509
113900220,58,56,2
113900221,213,108,105
113900222,1947,458,1489
113900223,89,1185,-1096
113900224,95,66,29
113900225,732,166,566
113900226,178,97,81
113900227,181,115,66
113900228,283,215,68
113900229,38,431,-393
113900230,4226,1221,3005
113900231,76,246,-170
113900232,47,110,-63
113900233,15,52,-37
113900234,153,305,-152
113900235,12,12,0
113900236,26,445,-419
113900237,38,2,36
113900238,130,269,-139
113900239,55,51,4
113900240,4,43,-39
113900241,56,72,-16
113900242,50,175,-125
113900243,117,292,-175
113900244,420,116,304
113900245,1139,178,961
113900246,11,12,-1
113900247,162,168,-6
113900248,3224,1008,2216
113900249,1383,160,1223
113900250,20,85,-65
113900251,240,240,0
113900252,262,9,253
113900253,366,17,349
113900254,379,63,316
113900255,232,25,207
113900256,175,25,150
113900257,21,1050,-1029
113900258,4,724,-720
113900259,203,288,-85
113900260,64,7,57
113900261,12,123,-111
113900262,115,980,-865
113900263,125,547,-422
113900264,4,795,-791
113900265,133,323,-190
113900266,37,260,-223
113900267,131,581,-450
113900268,110,202,-92
113900269,51,97,-46
113900270,288,270,18
113900271,315,1140,-825
113900273,8,0,8
113900274,23,16,7
113900275,12,40,-28
113900276,3,400,-397
113900277,39,0,39
113900278,208,82,126
113900279,79,139,-60
113900280,775,403,372
113900281,238,553,-315
113900282,530,261,269
113900283,224,488,-264
113900284,328,125,203
113900285,111,26,85
113900286,2,113,-111
113900287,18,21,-3
113900288,0,76,-76
113900289,1578,94,1484
113900290,503,108,395
113900291,86,104,-18
113900292,4,4,0
113900293,3,196,-193
113900294,242,17,225
113900295,300,252,48
113900296,1214,116,1098
113900297,424,22,402
113900298,2,1769,-1767
113900299,21,299,-278
113900300,4440,1308,3132
113900301,1074,268,806
113900302,2725,608,2117
113900303,571,180,391
113900304,1,171,-170
113900305,19,0,19
113900306,11,0,11
113900307,46,0,46
113900308,59,87,-28
113900309,3,890,-887
113900310,1,18,-17
113900311,3,0,3
113900312,44,92,-48
113900313,22,7,15
113900314,1,50,-49
113900315,11,0,11
114000001,883,4349,-3466
114000002,104,555,-451
114000003,143,1721,-1578
114000004,181,418,-237
114000005,105,278,-173
114000006,2167,2336,-169
114000007,427,1450,-1023
114000008,1043,1004,39
114000009,294,211,83
114000011,1707,4536,-2829
114000012,1043,3639,-2596
114000013,1057,2717,-1660
114000014,320,859,-539
114000015,714,722,-8
114000016,159,478,-319
114000017,104,118,-14
114000018,757,84,673
114000026,684,2074,-1390
114000027,1147,2313,-1166
114000028,1308,1751,-443
114000038,75,118,-43
114000039,113,434,-321
114000040,45,118,-73
114000042,79,174,-95
114000043,167,348,-181
114000044,170,255,-85
114000045,34,134,-100
114000046,1810,5018,-3208
114000047,6,52,-46
114000048,76,218,-142
114000049,1040,1184,-144
114000050,1192,1193,-1
114000051,2253,1510,743
114000052,1877,879,998
114000053,41,588,-547
114000054,118,1900,-1782
114000055,150,11,139
114000056,876,425,451
114000057,12219,2150,10069
114000058,475,660,-185
114000059,270,132,138
114000060,389,585,-196
114000061,3093,1037,2056
114000062,1928,823,1105
114000063,2810,1334,1476
114000064,6595,2101,4494
114000065,1558,1856,-298
114000066,285,689,-404
114000067,18,247,-229
114000068,262,354,-92
114000069,386,311,75
114000070,1605,1071,534
114000071,338,509,-171
114000072,120,745,-625
114000073,9,148,-139
114000074,8,16,-8
114000075,60,208,-148
114000076,7,208,-201
114000077,7,84,-77
114000078,74,1129,-1055
114000079,36,28,8
114000080,78,67,11
114000081,22,95,-73
114000082,21,664,-643
114000083,55,327,-272
114000084,100,56,44
114000085,61,1018,-957
114000086,165,818,-653
114000087,29,283,-254
114000088,21,80,-59
114000089,2335,535,1800
114000090,393,363,30
114000091,1101,311,790
114000092,579,177,402
114000093,432,556,-124
114000094,224,392,-168
114000095,45,77,-32
114000096,82,609,-527
114000097,135,1020,-885
114000098,151,70,81
114000099,142,1466,-1324
114000100,427,977,-550
114000101,187,1254,-1067
114000102,181,349,-168
114000103,78,543,-465
114000104,7,526,-519
114000105,28,29,-1
114000106,1600,415,1185
114000107,93,84,9
114000108,6627,1764,4863
114000109,252,563,-311
114000110,476,2753,-2277
114000111,566,379,187
114000112,293,4254,-3961
114000113,621,443,178
114000114,1062,2926,-1864
114000115,1152,697,455
114000116,302,809,-507
114000117,987,325,662
114000118,1114,264,850
114000119,687,295,392
114000120,449,1163,-714
114000121,388,547,-159
114000122,246,265,-19
114000123,557,268,289
114000124,348,320,28
114000125,769,2237,-1468
114000126,630,230,400
114000127,78,148,-70
114000128,515,660,-145
114000130,251,476,-225
114000131,84,32,52
114000132,459,841,-382
114000133,696,1514,-818
114000134,30,238,-208
114000138,29,209,-180
114000139,204,115,89
114000144,349,348,1
114000145,90,169,-79
114000146,56,341,-285
114000147,746,817,-71
114000148,2983,1162,1821
114000149,131,183,-52
114000150,1759,775,984
114000151,2778,816,1962
114000152,140,19,121
114000153,1209,1552,-343
114000154,690,740,-50
114000155,918,1413,-495
114000156,640,474,166
114000157,200,734,-534
114000158,2902,549,2353
114000159,221,378,-157
114000160,63,271,-208
114000161,1087,1006,81
114000162,501,758,-257
114000163,12,134,-122
114000165,183,109,74
114000166,521,195,326
114000167,5594,1077,4517
114000168,648,559,89
114000169,1835,483,1352
114000170,724,380,344
114000171,485,1224,-739
114000174,156,423,-267
114000176,566,304,262
114000177,3282,693,2589
114000178,31,70,-39
114000179,979,663,316
114000180,434,505,-71
114000181,1149,1767,-618
114000182,7421,2107,5314
114000183,798,984,-186
114000184,9624,1624,8000
114000185,638,840,-202
114000189,241,50,191
114000190,1033,122,911
114000191,20,41,-21
114000192,281,2361,-2080
114000193,1211,4566,-3355
114000194,955,1500,-545
114000195,56,27,29
114000196,1,620,-619
114000197,514,57,457
114000198,1447,410,1037
114000199,2359,836,1523
114000200,474,2966,-2492
114000201,126,1508,-1382
114000202,705,1018,-313
114000203,498,1488,-990
114000204,114,638,-524
114000205,201,2088,-1887
114000206,289,1215,-926
114000207,599,2843,-2244
114000208,404,4890,-4486
114000209,592,4783,-4191
114000210,334,2382,-2048
114000211,730,1898,-1168
114000212,363,843,-480
114000213,730,645,85
114000214,82,215,-133
114000215,77,123,-46
114000216,573,387,186
114000217,75,488,-413
114000218,63,294,-231
114000219,482,254,228
114000220,12,2555,-2543
114000221,268,119,149
114000222,262,1805,-1543
114000223,272,50,222
114000224,143,1094,-951
114000225,196,597,-401
114000226,51,269,-218
114000227,561,548,13
114000228,447,1199,-752
114000229,675,1495,-820
114000230,1219,1995,-776
114000231,617,1121,-504
114000232,279,102,177
114000233,1038,111,927
114000234,824,1141,-317
114000235,605,1912,-1307
114000236,0,624,-624
114000237,65,1382,-1317
114000238,44,261,-217
114000239,114,1872,-1758
114000240,551,604,-53
114000241,187,1514,-1327
114000242,1180,1405,-225
114000243,943,899,44
114000244,592,372,220
114000245,257,524,-267
114000246,197,43,154
114000247,497,740,-243
114000248,447,528,-81
114000249,413,668,-255
114000250,244,626,-382
114000251,161,444,-283
114000252,84,101,-17
114000253,20,355,-335
114000254,6,83,-77
114000255,795,134,661
114000256,1702,555,1147
114000257,787,2157,-1370
114000258,95,476,-381
114000259,38,394,-356
114000260,0,26,-26
114000261,16,24,-8
114000262,30,154,-124
114000263,7,2,5
114000264,384,732,-348
114000265,0,4,-4
114000267,1,1430,-1429
114000268,5,2624,-2619
114000270,68,3,65
114000271,442,110,332
114000283,348,418,-70
114000285,43,419,-376
114000288,30,589,-559
114000289,639,160,479
114000293,65,472,-407
114000294,130,205,-75
114000395,938,87,851
114000396,177,320,-143
114000402,174,351,-177
114000403,145,908,-763
114000405,61,769,-708
114000423,76,656,-580
114000424,64,257,-193
114000425,186,869,-683
114000426,195,470,-275
114000427,51,77,-26
114000428,244,60,184
114000429,15,231,-216
114000432,52,226,-174
114000434,27,128,-101
114000435,2,144,-142
114900001,242,2275,-2033
114900002,193,49,144
114900003,197,3296,-3099
114900004,69,111,-42
114900005,211,1233,-1022
114900006,8,28,-20
114900007,49,4,45
114900008,57,48,9
114900010,2594,1292,1302
114900011,36,89,-53
114900013,81,65,16
114900018,708,74,634
114900020,86,41,45
114900022,0,966,-966
114900025,137,302,-165
114900026,36,59,-23
114900029,62,24,38
114900030,134,306,-172
114900031,83,37,46
114900032,95,36,59
114900034,37,314,-277
114900035,160,295,-135
114900036,217,1507,-1290
114900039,317,794,-477
114900040,58,441,-383
114900041,269,762,-493
114900042,378,923,-545
114900044,33,16,17
114900047,141,1010,-869
114900048,43,486,-443
114900049,13,588,-575
114900050,36,980,-944
114900051,18,696,-678
114900052,60,136,-76
114900053,65,270,-205
114900054,38,124,-86
114900057,110,3,107
114900058,0,68,-68
114900059,33,21,12
114900063,62,277,-215
114900064,538,624,-86
114900065,147,525,-378
114900067,15,340,-325
114900068,106,571,-465
114900069,197,239,-42
114900070,199,977,-778
114900072,6,322,-316
114900073,1,184,-183
114900074,151,1392,-1241
114900075,40,4,36
114900076,2,306,-304
114900080,5292,483,4809
114900082,3904,1132,2772
114900083,778,667,111
114900090,108,142,-34
114900091,204,145,59
114900097,34,1,33
114900098,3,338,-335
114900099,56,6,50
115000001,11396,5877,5519
115000002,2375,2690,-315
115000003,3491,4356,-865
115000004,1795,3797,-2002
115000005,1093,3364,-2271
115000006,432,1341,-909
115000007,63,171,-108
115000008,395,534,-139
115000009,187,562,-375
115000010,270,186,84
115000013,51,137,-86
115000015,74,220,-146
115000016,22,157,-135
115000019,14,292,-278
115000020,173,326,-153
115000021,283,301,-18
115000022,347,261,86
115000023,144,310,-166
115000024,990,451,539
115000025,576,294,282
115000026,103,322,-219
115000027,132,186,-54
115000028,86,706,-620
115000029,210,134,76
115000030,353,705,-352
115000031,607,134,473
115000032,7,273,-266
115000033,88,15,73
115000034,206,828,-622
115000035,648,69,579
115000036,0,349,-349
115000037,206,10,196
115000038,42,244,-202
115000039,3281,2061,1220
115000040,7219,3887,3332
115000041,765,1911,-1146
115000042,430,635,-205
115000043,2488,2083,405
115000044,2279,4850,-2571
115000045,1803,3411,-1608
115000046,999,3014,-2015
115000047,1082,2623,-1541
115000048,1050,3339,-2289
115000049,1234,2946,-1712
115000050,2978,2168,810
115000051,2085,1576,509
115000052,4651,1953,2698
115000053,1171,1089,82
115000054,792,1707,-915
115000055,109,401,-292
115000056,215,221,-6
115000057,343,470,-127
115000058,121,108,13
115000059,129,119,10
115000061,97,96,1
115000062,221,318,-97
115000063,87,420,-333
115000064,146,212,-66
115000065,35,255,-220
115000067,243,29,214
115000069,37,254,-217
115000070,24,619,-595
115000071,70,10,60
115000072,13,72,-59
115000073,1100,28,1072
115000075,53,63,-10
115000076,4213,3981,232
115000077,1005,4763,-3758
115000078,511,2484,-1973
115000079,652,2917,-2265
115000080,1337,3686,-2349
115000081,309,824,-515
115000082,2127,2555,-428
115000083,1462,4077,-2615
115000084,782,1590,-808
115000085,389,920,-531
115000086,424,1301,-877
115000087,458,1251,-793
115000088,1441,657,784
115000089,1351,1303,48
115000090,663,614,49
115000091,499,1355,-856
115000092,199,322,-123
115000093,240,0,240
115000094,11240,4238,7002
115000095,7888,3371,4517
115000096,375,3121,-2746
115000097,388,853,-465
115000098,434,855,-421
115000099,1161,5333,-4172
115000100,456,642,-186
115000101,347,1663,-1316
115000102,287,163,124
115000103,373,1049,-676
115000105,49,287,-238
115000106,221,258,-37
115000107,114,635,-521
115000108,4752,2563,2189
115000109,6716,2090,4626
115000110,802,630,172
115000111,517,1234,-717
115000112,386,339,47
115000113,465,610,-145
115000114,1248,592,656
115000116,3387,1255,2132
115000117,4581,1541,3040
115000118,1170,1369,-199
115000119,1259,1362,-103
115000120,393,515,-122
115000121,1044,579,465
115000122,2552,920,1632
115000123,1625,992,633
115000124,744,678,66
115000125,339,545,-206
115000126,69,192,-123
115000127,323,90,233
115000128,1855,729,1126
115000129,139,176,-37
115000130,199,1474,-1275
115000131,335,233,102
115000132,130,1016,-886
115000133,262,471,-209
115000134,94,293,-199
115000135,79,339,-260
115000136,93,229,-136
115000137,64,197,-133
115000138,121,232,-111
115000139,169,235,-66
115000140,90,217,-127
115000141,104,332,-228
115000142,92,412,-320
115000143,268,503,-235
115000144,216,77,139
115000145,202,518,-316
115000146,122,181,-59
115000147,276,529,-253
115000148,218,1651,-1433
115000149,283,154,129
115000150,495,1522,-1027
115000151,422,382,40
115000152,468,2153,-1685
115000153,591,419,172
115000154,268,317,-49
115000155,393,1343,-950
115000156,953,528,425
115000157,928,927,1
115000158,577,376,201
115000159,802,324,478
115000160,506,190,316
115000161,127,489,-362
115000162,630,407,223
115000163,644,577,67
115000164,470,542,-72
115000165,263,310,-47
115000167,115,99,16
115000168,479,217,262
115000169,556,269,287
115000170,105,162,-57
115000171,184,156,28
115000172,2437,523,1914
115000173,206,211,-5
115000174,74,248,-174
115000175,128,84,44
115000176,53,42,11
115000177,39,24,15
115000178,8,298,-290
115000179,18,18,0
115000180,37,762,-725
115000181,218,94,124
115000182,263,497,-234
115000183,149,1256,-1107
115000186,378,209,169
115000187,113,665,-552
115000188,295,411,-116
115000189,159,404,-245
115000190,710,416,294
115000191,250,340,-90
115000194,150,93,57
115000195,249,264,-15
115000196,44,186,-142
115000197,105,480,-375
115000198,111,377,-266
115000199,115,477,-362
115000200,135,123,12
115000201,105,449,-344
115000206,117,90,27
115000207,23,314,-291
115000208,727,751,-24
115000209,254,134,120
115000210,76,77,-1
115000211,167,187,-20
115000212,1282,213,1069
115000224,208,89,119
115000225,23,57,-34
115000229,331,154,177
115000230,65,594,-529
115000231,241,3408,-3167
115000232,631,366,265
115000233,78,175,-97
115000234,23,308,-285
115000241,31,297,-266
115000242,54,429,-375
115000243,28,249,-221
115000244,7,103,-96
115000246,75,7,68
115000247,8,15,-7
115000248,13,19,-6
115000249,15,17,-2
115000250,235,41,194
115000251,78,133,-55
115000252,14,162,-148
115000253,10,211,-201
115000258,129,220,-91
115000259,386,145,241
115000261,10,37,-27
115000262,4,32,-28
115000263,10,68,-58
115000264,6,66,-60
115000267,58,73,-15
115000268,21,128,-107
115000269,56,60,-4
115000270,6,17,-11
115000272,31,193,-162
115000273,155,22,133
115000280,2030,83,1947
115000281,445,249,196
115000282,723,336,387
115000284,213,77,136
115000296,764,6,758
115000297,154,50,104
115000298,72,169,-97
115000300,52,217,-165
115000302,148,261,-113
115000303,321,160,161
115000304,254,66,188
115000305,36,1405,-1369
115000306,71,930,-859
115000307,18,392,-374
115000308,140,25,115
115000310,541,1194,-653
115000311,337,1969,-1632
115000313,163,915,-752
115000314,252,70,182
115000315,1050,405,645
115000316,37,39,-2
115000317,101,690,-589
115000318,357,200,157
115000319,44,342,-298
115000320,24,115,-91
115000321,307,11,296
115000322,27,288,-261
115000449,274,112,162
115000557,146,551,-405
115000558,228,93,135
115000587,240,365,-125
115000588,1958,4349,-2391
115000589,2126,3209,-1083
115000590,537,1557,-1020
115000591,643,717,-74
115000592,466,1317,-851
115000593,851,528,323
115000594,579,1260,-681
115000609,112,211,-99
115000617,1927,1537,390
115000624,108,180,-72
115000633,245,1462,-1217
115000634,1882,503,1379
115000635,250,122,128
115000638,2015,642,1373
115000641,71,88,-17
115000642,249,238,11
115000643,63,421,-358
115000644,130,354,-224
115000646,500,855,-355
115000647,136,360,-224
115000648,922,1852,-930
115000893,2956,914,2042
115000894,66,1012,-946
115000895,423,768,-345
115000896,1452,294,1158
115000897,296,71,225
115000898,471,139,332
115000899,1082,989,93
115000900,115,443,-328
115000901,82,76,6
115000912,120,65,55
115000913,2,45,-43
115000915,12,0,12
115000916,4,1,3
115000917,0,3,-3
115000918,71,148,-77
115000919,24,5,19
115000920,42,16,26
115000921,1623,60,1563
115000922,1475,391,1084
115000923,511,693,-182
115000925,27,85,-58
115000927,24,47,-23
115000933,490,118,372
115000934,92,192,-100
115000935,76,102,-26
115000936,83,218,-135
115000937,1453,147,1306
115000938,209,147,62
115000939,314,115,199
115000940,2,8,-6
115000941,1,5,-4
115000942,115,29,86
115000943,98,10,88
115000944,6,8,-2
115900001,45,125,-80
115900002,80,260,-180
115900003,64,120,-56
115900004,0,89,-89
115900005,64,4,60
115900006,66,706,-640
115900008,17,27,-10
115900009,75,474,-399
115900010,73,254,-181
115900011,161,310,-149
115900012,43,161,-118
115900013,246,153,93
115900014,58,173,-115
115900015,34,227,-193
115900016,24,23,1
115900017,2,0,2
115900018,122,113,9
115900019,144,25,119
115900020,6,0,6
115900021,1532,80,1452
115900022,3694,15,3679
115900023,2,1,1
115900025,32,139,-107
115900026,692,434,258
115900027,1,601,-600
115900028,538,73,465
115900029,3,646,-643
115900030,5,7,-2
115900031,306,142,164
115900032,166,604,-438
115900033,1,51,-50
115900034,35,669,-634
115900035,5,75,-70
115900036,642,261,381
115900037,24,524,-500
115900038,7,10,-3
115900039,76,383,-307
115900041,416,306,110
115900042,14,2,12
115900043,43,166,-123
115900044,278,168,110
115900046,123,334,-211
115900047,46,43,3
115900049,68,247,-179
115900051,0,53,-53
115900052,5,294,-289
115900053,87,350,-263
115900054,58,72,-14
115900055,6,94,-88
115900056,91,506,-415
115900057,17,0,17
115900058,16,42,-26
115900060,9,192,-183
115900061,52,1,51
115900062,15,414,-399
115900063,26,12,14
115900064,138,225,-87
115900065,40,161,-121
115900066,189,239,-50
115900067,7,1230,-1223
115900068,3716,208,3508
115900069,28,179,-151
115900070,61,322,-261
115900071,3,1124,-1121
115900072,67,375,-308
115900073,38,33,5
115900074,4,349,-345
115900075,9,382,-373
115900076,1,89,-88
115900077,3,379,-376
115900078,18,154,-136
115900079,80,8,72
115900080,537,371,166
115900081,25,151,-126
115900082,140,129,11
115900084,107,15,92
115900085,35,38,-3
115900086,1831,381,1450
115900088,5,31,-26
115900089,84,785,-701
115900090,88,22,66
115900091,6,5,1
115900092,14,260,-246
115900093,1,33,-32
115900094,3,453,-450
115900096,1,23,-22
115900097,3,516,-513
115900098,66,764,-698
115900099,26,98,-72
115900100,3,879,-876
115900101,52,697,-645
115900102,9,114,-105
115900103,105,368,-263
115900104,15,206,-191
115900105,47,1024,-977
115900106,14,28,-14
115900107,9,250,-241
115900108,13,39,-26
115900109,47,465,-418
115900110,0,25,-25
115900111,4,82,-78
115900112,17,1140,-1123
115900113,23,42,-19
115900114,1,177,-176
115900115,12,98,-86
115900116,57,1272,-1215
115900117,24,25,-1
115900118,8,381,-373
115900119,101,49,52
115900120,20,556,-536
115900121,46,312,-266
115900124,107,244,-137
115900125,127,33,94
115900126,266,45,221
115900127,217,41,176
115900128,14,105,-91
115900129,307,24,283
115900130,45,206,-161
115900131,61,23,38
115900132,190,5,185
115900134,165,14,151
115900135,676,388,288
115900137,8,1,7
115900139,44,30,14
115900140,50,17,33
115900141,11,9,2
115900142,5,5,0
115900143,107,237,-130
115900144,21,207,-186
115900146,17,210,-193
115900147,155,149,6
115900148,7,8,-1
115900149,18,35,-17
115900150,14,107,-93
115900151,5,66,-61
115900152,30,548,-518
115900153,43,290,-247
115900154,807,226,581
115900155,0,177,-177
115900156,278,377,-99
115900157,75,299,-224
115900158,59,10,49
115900159,33,339,-306
115900160,12,6,6
115900161,19,219,-200
115900163,51,176,-125
115900164,161,0,161
115900166,110,355,-245
115900168,25,118,-93
115900171,52,544,-492
115900172,25,106,-81
115900173,114,161,-47
115900174,358,197,161
115900175,51,135,-84
115900178,7,952,-945
115900179,74,9,65
115900180,46,592,-546
115900181,85,378,-293
115900182,141,397,-256
115900183,48,8,40
115900184,1395,18,1377
115900187,8,128,-120
115900189,0,65,-65
115900190,198,454,-256
115900191,61,701,-640
115900192,11,70,-59
115900193,29,61,-32
115900194,190,42,148
115900195,445,588,-143
115900198,156,225,-69
115900199,121,362,-241
115900200,196,369,-173
115900201,190,191,-1
115900202,1,11,-10
115900203,0,0,0
115900204,0,3,-3
115900205,41,4,37
115900206,72,146,-74
115900207,18,33,-15
115900208,57,472,-415
115900209,1,232,-231
115900210,1,148,-147
115900211,1,311,-310
115900212,57,312,-255
115900213,44,13,31
115900214,143,216,-73
115900215,17,30,-13
115900216,9,62,-53
115900217,1,100,-99
115900218,2,65,-63
115900219,23,2,21
115900220,42,9,33
115900221,34,3,31
115900222,17,6,11
115900223,20,70,-50
115900224,2165,289,1876
115900225,61,16,45
115900226,4,51,-47
115900227,4,28,-24
115900228,10,47,-37
115900229,6,54,-48
115900230,24,112,-88
115900231,67,0,67
115900232,23,1,22
115900233,24,13,11
115900234,45,26,19
115900235,1,19,-18
115900236,13,22,-9
115900237,6,27,-21
115900238,4,20,-16
115900239,0,28,-28
115900240,6,51,-45
115900241,70,54,16
115900242,261,171,90
115900243,4,8,-4
115900244,2,17,-15
115900245,3,11,-8
115900246,3,4,-1
115900247,9,9,0
115900248,9,7,2
115900249,4,2,2
115900250,1,14,-13
115900251,0,7,-7
115900252,0,0,0
115900253,3,10,-7
115900254,17,16,1
115900255,1,11,-10
115900256,24,12,12
115900257,2,3,-1
115900258,0,0,0
115900259,0,2,-2
115900260,10,0,10
115900261,2,0,2
115900262,2,1,1
115900263,2,0,2
115900264,1,6,-5
115900265,3,5,-2
115900266,4,2,2
115900267,3,1,2
115900268,4,8,-4
115900269,157,336,-179
115900270,116,1338,-1222
115900271,20,1,19
115900272,17,3,14
115900273,3,6,-3
115900274,7,23,-16
115900275,0,57,-57
115900276,1,105,-104
115900277,1,233,-232
115900278,15,86,-71
115900279,6,94,-88
115900280,9,122,-113
115900281,773,137,636
115900282,30,9,21
115900283,8,3,5
115900284,3,14,-11
116000001,17302,5305,11997
116000002,2743,4601,-1858
116000003,1370,2366,-996
116000004,2169,1652,517
116000005,2757,3583,-826
116000006,1645,822,823
116000007,2893,5031,-2138
116000008,1337,1102,235
116000009,1644,2873,-1229
116000010,1073,691,382
116000011,867,2446,-1579
116000012,634,550,84
116000013,21665,3854,17811
116000014,24365,7729,16636
116000015,660,710,-50
116000016,7659,1653,6006
116000017,37,376,-339
116000018,598,510,88
116000019,425,244,181
116000020,337,1622,-1285
116000021,250,263,-13
116000022,177,868,-691
116000023,573,510,63
116000024,503,1731,-1228
116000025,536,424,112
116000026,1240,2014,-774
116000027,298,470,-172
116000028,286,410,-124
116000029,694,392,302
116000030,396,228,168
116000031,71,137,-66
116000032,285,169,116
116000033,249,490,-241
116000034,422,968,-546
116000035,315,353,-38
116000036,1854,453,1401
116000037,705,481,224
116000038,806,261,545
116000039,595,206,389
116000040,1487,190,1297
116000041,223,486,-263
116000042,329,159,170
116000043,51,406,-355
116000044,34,250,-216
116000045,1375,841,534
116000046,1070,872,198
116000047,1817,1585,232
116000048,1805,1510,295
116000049,728,1614,-886
116000050,989,1315,-326
116000051,2759,1275,1484
116000052,2937,3043,-106
116000053,1134,977,157
116000054,517,1795,-1278
116000055,380,1177,-797
116000056,479,1037,-558
116000057,2592,1785,807
116000058,2531,1332,1199
116000059,2524,3931,-1407
116000060,2231,722,1509
116000061,541,586,-45
116000062,914,273,641
116000063,515,1061,-546
116000066,189,385,-196
116000067,218,715,-497
116000068,163,208,-45
116000069,267,413,-146
116000078,267,1052,-785
116000080,812,1059,-247
116000082,5,111,-106
116000083,670,350,320
116000084,2155,4113,-1958
116000085,1323,859,464
116000086,3366,1727,1639
116000087,683,1088,-405
116000088,621,1191,-570
116000089,99,149,-50
116000090,126,161,-35
116000091,96,141,-45
116000093,281,846,-565
116000094,352,698,-346
116000095,283,991,-708
116000096,470,869,-399
116000097,279,1311,-1032
116000098,372,2974,-2602
116000099,14193,539,13654
116000100,52,10,42
116000101,248,2215,-1967
116000102,172,1950,-1778
116000103,210,218,-8
116000104,93,2284,-2191
116000105,458,188,270
116000106,183,1954,-1771
116000107,640,533,107
116000108,30,216,-186
116000111,101,34,67
116000113,51,50,1
116000114,18,127,-109
116000115,96,100,-4
116000116,154,605,-451
116000117,810,2436,-1626
116000118,820,1466,-646
116000119,1385,2056,-671
116000120,2090,4692,-2602
116000121,337,472,-135
116000122,1300,2993,-1693
116000123,255,542,-287
116000124,182,1117,-935
116000125,1206,603,603
116000126,159,1448,-1289
116000127,1113,1839,-726
116000128,849,754,95
116000129,533,151,382
116000130,191,229,-38
116000133,267,1256,-989
116000134,1120,4070,-2950
116000135,934,1311,-377
116000136,703,3347,-2644
116000137,485,573,-88
116000138,706,297,409
116000139,1227,2200,-973
116000140,127,306,-179
116000141,377,1391,-1014
116000142,4119,4547,-428
116000143,1820,1501,319
116000144,929,3218,-2289
116000145,1016,1595,-579
116000146,197,431,-234
116000147,343,196,147
116000148,273,388,-115
116000149,270,495,-225
116000151,547,1329,-782
116000153,51,730,-679
116000155,265,301,-36
116000156,322,1197,-875
116000157,32,39,-7
116000158,206,253,-47
116000159,31,10,21
116000160,10,140,-130
116000161,4,132,-128
116000162,42,68,-26
116000163,14,10,4
116000164,1,11,-10
116000177,39,132,-93
116000194,52,309,-257
116000195,1704,595,1109
116000196,3,9,-6
116000197,0,6,-6
116000198,2256,858,1398
116000200,893,150,743
116000201,561,570,-9
116000202,4,451,-447
116000203,11,103,-92
116000204,11,50,-39
116000205,0,115,-115
116000206,0,76,-76
116000207,1,33,-32
116000233,80,930,-850
116000287,66,770,-704
116000288,101,428,-327
116000292,33,148,-115
116000296,12,291,-279
116000297,41,33,8
116000304,49,16,33
116000305,18,87,-69
116000346,157,187,-30
116000352,48,33,15
116000354,31,11,20
116000357,3,12,-9
116000358,91,38,53
116000361,670,2,668
116000372,11956,2174,9782
116000381,37,2,35
116000388,0,27,-27
116000389,421,698,-277
116000445,176,778,-602
116000446,233,1893,-1660
116000447,4,316,-312
116000448,609,442,167
116000563,851,642,209
116000565,98,396,-298
116000568,30,78,-48
116000579,17,117,-100
116000583,46,121,-75
116000584,13,11,2
116000585,6,13,-7
116000586,299,93,206
116000587,314,540,-226
116000589,40,73,-33
116000590,38,36,2
116000591,73,389,-316
116000592,16,156,-140
116000593,0,139,-139
116000594,224,648,-424
116000595,332,147,185
116000596,39,8,31
116000597,98,34,64
116000598,16,211,-195
116000605,270,144,126
116000606,53,129,-76
116000607,4,69,-65
116000609,166,582,-416
116000611,109,585,-476
116000612,430,1671,-1241
116000613,255,439,-184
116000614,444,1038,-594
116000615,0,125,-125
116000616,19,193,-174
116000617,63,146,-83
116000618,1,292,-291
116000619,6,44,-38
116000620,39,387,-348
116000621,16,90,-74
116000622,27,152,-125
116000624,26,77,-51
116000627,24,266,-242
116000628,27,1244,-1217
116000629,40,680,-640
116000630,65,71,-6
116000631,36,73,-37
116000632,160,211,-51
116000633,61,666,-605
116000634,146,298,-152
116000635,3355,1316,2039
116000636,2228,951,1277
116000637,170,137,33
116000638,56,699,-643
116000639,25,4,21
116000640,13,5,8
116000641,45,272,-227
116000643,0,268,-268
116000644,12,1341,-1329
116000645,5,61,-56
116900001,115,181,-66
116900002,274,4,270
116900003,6,94,-88
116900004,23,18,5
116900005,154,57,97
116900006,265,153,112
116900007,76,220,-144
116900008,159,629,-470
116900009,7,1,6
116900010,389,2861,-2472
116900011,7,49,-42
116900012,72,214,-142
116900013,13,196,-183
116900014,50,423,-373
116900015,116,113,3
116900016,74,0,74
116900017,3,1126,-1123
116900018,26,49,-23
116900019,3,545,-542
116900020,2058,217,1841
116900023,15,8,7
116900024,197,127,70
116900025,280,1391,-1111
116900026,220,1066,-846
116900027,12,39,-27
116900028,6,182,-176
116900029,1,18,-17
116900031,0,14,-14
116900032,3,534,-531
116900033,0,6,-6
116900034,9,113,-104
116900035,74,344,-270
116900036,1,98,-97
116900038,4,1,3
116900041,10,6,4
116900042,1133,224,909
116900043,5,132,-127
116900047,166,27,139
116900049,23,407,-384
116900050,63,736,-673
116900051,37,410,-373
116900052,137,67,70
116900055,0,2,-2
116900057,12,469,-457
116900058,22,617,-595
116900059,2,214,-212
116900060,251,299,-48
116900062,0,8,-8
116900064,33,1611,-1578
116900065,3,223,-220
116900067,63,131,-68
116900068,97,361,-264
116900070,0,10,-10
116900072,8,611,-603
116900073,3,395,-392
116900074,1,40,-39
116900076,8,38,-30
116900077,8,465,-457
116900078,254,176,78
116900079,12,747,-735
116900080,1,7,-6
116900081,253,2220,-1967
116900082,103,771,-668
116900083,40,139,-99
116900084,206,78,128
116900085,26,191,-165
116900086,30,405,-375
116900088,421,55,366
116900090,121,88,33
116900091,74,129,-55
116900092,60,1302,-1242
116900093,1199,1640,-441
116900094,5914,1966,3948
116900095,275,347,-72
116900096,98,97,1
116900097,6075,1604,4471
116900098,734,236,498
116900099,379,482,-103
116900100,372,20,352
116900101,251,822,-571
116900103,1,1,0
116900104,29,103,-74
116900105,210,59,151
116900106,261,2,259
116900107,5542,968,4574
116900110,15,0,15
116900111,172,1540,-1368
116900112,94,1651,-1557
116900113,4338,696,3642
116900116,101,237,-136
116900117,18,85,-67
116900118,1107,464,643
116900120,89,200,-111
116900121,29,66,-37
116900122,240,1060,-820
116900123,54,1227,-1173
116900124,132,1538,-1406
116900125,74,333,-259
116900126,340,450,-110
116900128,0,37,-37
116900129,0,367,-367
116900130,1197,1449,-252
116900131,44,146,-102
116900132,21,60,-39
116900133,55,92,-37
116900134,94,221,-127
116900136,59,142,-83
116900137,246,187,59
116900138,96,285,-189
116900139,67,408,-341
116900140,82,103,-21
116900141,325,193,132
116900142,4,22,-18
116900143,142,439,-297
116900144,3,32,-29
116900145,57,359,-302
116900147,759,268,491
116900148,3,17,-14
116900149,7,109,-102
116900150,10,5,5
116900151,56,17,39
116900153,48,51,-3
116900154,401,172,229
116900155,39,32,7
116900157,240,412,-172
116900158,102,128,-26
116900159,33,219,-186
116900160,499,199,300
116900161,12651,3104,9547
116900162,6,193,-187
116900163,62,232,-170
116900164,67,15,52
116900165,125,75,50
116900166,6,93,-87
116900167,223,97,126
116900168,139,64,75
116900169,831,180,651
116900170,135,195,-60
116900171,17,307,-290
116900172,268,45,223
116900173,53,58,-5
116900174,19,30,-11
116900175,136,48,88
116900178,9,259,-250
116900179,62,78,-16
116900180,44,39,5
116900182,207,185,22
116900183,82,85,-3
116900185,8,19,-11
116900186,71,417,-346
116900187,13,7,6
116900188,74,15,59
116900189,4,0,4
116900191,217,286,-69
116900192,112,247,-135
116900194,35,448,-413
116900195,38,12,26
116900196,16,148,-132
116900197,49,5,44
116900198,189,103,86
116900200,10,46,-36
116900201,31,4,27
116900202,74,66,8
116900203,30,2,28
116900204,41,80,-39
116900206,8,73,-65
116900207,27,16,11
116900208,4,152,-148
116900209,9,189,-180
116900210,187,204,-17
116900211,178,20,158
116900212,8,149,-141
116900213,107,308,-201
116900214,99,116,-17
116900215,48,128,-80
116900216,191,286,-95
116900218,3,358,-355
116900219,580,281,299
116900220,51,152,-101
116900221,35,209,-174
116900222,262,265,-3
116900223,70,139,-69
116900226,16,78,-62
116900227,80,93,-13
116900228,125,326,-201
116900230,53,527,-474
116900231,18,755,-737
116900232,16,1008,-992
116900233,152,93,59
116900234,2,5,-3
116900235,190,502,-312
116900238,1677,544,1133
116900239,87,710,-623
116900240,9046,2263,6783
116900241,19,187,-168
116900242,2002,231,1771
116900243,1,62,-61
116900245,20,11,9
116900246,24,29,-5
116900247,164,20,144
116900248,64,20,44
116900249,61,105,-44
116900250,128,34,94
116900251,502,176,326
116900252,34,1416,-1382
116900254,10,103,-93
116900255,34,27,7
116900256,104,117,-13
116900257,19,1060,-1041
116900258,4,370,-366
116900259,49,2,47
116900260,3,145,-142
116900261,25,1,24
116900262,39,129,-90
116900263,0,10,-10
116900264,38,23,15
116900265,8,0,8
116900266,6,126,-120
116900267,0,0,0
116900268,36,7,29
116900269,263,511,-248
116900271,1240,47,1193
116900272,547,799,-252
116900273,490,50,440
116900274,48,131,-83
116900275,44,170,-126
116900276,555,52,503
116900277,642,11,631
116900278,2,10,-8
116900279,0,30,-30
116900280,11,43,-32
116900281,10057,1956,8101
116900282,9,213,-204
116900283,12,283,-271
116900284,9,264,-255
116900285,484,259,225
116900286,131,7,124
116900287,2,124,-122
116900288,31,260,-229
116900289,3,44,-41
116900290,2,86,-84
116900291,3,11,-8
116900292,0,5,-5
116900293,12,89,-77
116900294,27,137,-110
116900295,271,40,231
116900296,86,58,28
116900297,9,77,-68
116900298,138,36,102
116900299,66,29,37
116900300,0,80,-80
116900301,65,130,-65
116900302,85,31,54
116900303,395,49,346
116900304,0,82,-82
116900305,29,71,-42
116900306,37,374,-337
116900307,22,0,22
116900308,0,338,-338
116900309,23,185,-162
116900310,4,71,-67
116900311,0,109,-109
117000001,1295,1233,62
117000002,2241,4947,-2706
117000003,7535,2167,5368
117000004,4822,6701,-1879
117000005,1524,1248,276
117000006,1362,6338,-4976
117000007,1879,1039,840
117000008,1499,6723,-5224
117000009,3345,1379,1966
117000010,2747,5750,-3003
117000011,1053,2045,-992
117000012,1099,2531,-1432
117000013,1368,1594,-226
117000014,1051,3338,-2287
117000015,3817,1103,2714
117000016,954,52,902
117000017,784,264,520
117000018,238,260,-22
117000019,315,24,291
117000020,814,845,-31
117000021,3751,691,3060
117000022,764,98,666
117000023,951,160,791
117000024,699,80,619
117000025,1652,559,1093
117000026,5039,696,4343
117000027,2261,1524,737
117000028,3338,719,2619
117000030,802,830,-28
117000031,241,251,-10
117000032,2360,1505,855
117000033,1237,1100,137
117000034,383,475,-92
117000035,285,302,-17
117000036,441,514,-73
117000037,291,208,83
117000038,432,692,-260
117000039,404,296,108
117000040,130,1639,-1509
117000041,294,106,188
117000044,34,1966,-1932
117000045,264,52,212
117000046,586,1241,-655
117000047,696,426,270
117000048,2729,2402,327
117000049,106,415,-309
117000050,129,3479,-3350
117000051,1166,142,1024
117000052,13,741,-728
117000053,133,96,37
117000054,927,3,924
117000055,123,4646,-4523
117000056,252,17,235
117000057,620,2782,-2162
117000060,311,1787,-1476
117000061,1362,923,439
117000062,156,632,-476
117000063,1547,672,875
117000064,1088,1252,-164
117000066,1047,747,300
117000067,185,224,-39
117000074,129,190,-61
117000076,75,58,17
117000077,102,80,22
117000078,144,923,-779
117000079,270,154,116
117000080,1,439,-438
117000081,749,111,638
117000082,47,99,-52
117000083,396,187,209
117000084,358,2,356
117000085,133,521,-388
117000086,1133,919,214
117000087,110,605,-495
117000088,360,272,88
117000089,1010,340,670
117000090,265,2226,-1961
117000091,345,334,11
117000092,262,2365,-2103
117000093,614,777,-163
117000094,889,3602,-2713
117000095,1794,840,954
117000096,448,3625,-3177
117000097,685,1197,-512
117000098,3195,7546,-4351
117000099,1817,810,1007
117000100,159,144,15
117000101,241,1949,-1708
117000102,967,526,441
117000103,843,2581,-1738
117000104,881,527,354
117000105,1052,2581,-1529
117000106,942,829,113
117000107,480,2771,-2291
117000108,1105,946,159
117000109,2225,3686,-1461
117000110,912,692,220
117000111,3959,6156,-2197
117000112,2095,2238,-143
117000113,68,483,-415
117000114,101,179,-78
117000115,61,268,-207
117000116,79,313,-234
117000117,1722,412,1310
117000118,343,178,165
117000119,692,78,614
117000120,671,180,491
117000121,95,910,-815
117000122,583,1128,-545
117000123,2413,26,2387
117000124,759,54,705
117000125,754,71,683
117000126,147,54,93
117000127,271,399,-128
117000128,584,685,-101
117000129,1177,477,700
117000130,70,8,62
117000131,1,459,-458
117000132,682,71,611
117000133,511,134,377
117000134,1,70,-69
117000135,9,26,-17
117000136,2,48,-46
117000137,60,61,-1
117000138,0,547,-547
117000140,536,2002,-1466
117000141,1306,662,644
117000181,1328,542,786
117000182,218,132,86
117000195,154,1651,-1497
117000196,111,41,70
117000225,235,2,233
117000226,14,196,-182
117000276,79,10,69
117000277,3,929,-926
117000310,2354,3360,-1006
117000315,33,1251,-1218
117000320,86,0,86
117000906,126,11,115
117000907,25,682,-657
117000909,60,27,33
117000910,130,123,7
117000911,84,194,-110
117000915,7,1025,-1018
117000916,5,2,3
117000917,284,14,270
117000918,43,29,14
117000919,2,258,-256
117000920,7,1987,-1980
117000921,9,3125,-3116
117000922,90,197,-107
117000924,459,706,-247
117000926,1298,134,1164
117000927,1631,407,1224
117000928,3,500,-497
117000929,74,1172,-1098
117000930,135,20,115
117000931,490,104,386
117900002,231,401,-170
117900003,818,435,383
117900005,13,37,-24
117900006,0,36,-36
117900007,96,182,-86
117900008,0,126,-126
117900010,629,220,409
117900011,29,17,12
117900012,72,202,-130
117900013,3,564,-561
117900014,1541,400,1141
117900015,33,282,-249
117900016,2285,398,1887
117900017,993,912,81
117900018,363,69,294
117900019,190,986,-796
117900020,51,187,-136
117900021,25,125,-100
117900023,669,289,380
117900024,57,184,-127
117900025,11,8,3
117900026,206,945,-739
117900028,94,7,87
117900029,125,2408,-2283
117900031,226,123,103
117900032,351,366,-15
117900033,114,1617,-1503
117900034,77,72,5
117900035,104,75,29
117900036,175,1125,-950
117900037,37,116,-79
117900038,22,512,-490
117900039,3,118,-115
117900040,81,869,-788
117900041,1,59,-58
117900042,6285,591,5694
117900043,21,107,-86
117900044,37,5312,-5275
117900045,121,112,9
117900048,133,338,-205
117900049,160,1476,-1316
117900050,4,86,-82
117900051,49,4,45
117900052,57,277,-220
117900053,554,886,-332
117900054,0,12,-12
117900055,160,293,-133
117900056,204,53,151
117900057,719,1467,-748
117900058,104,29,75
117900059,716,64,652
117900060,433,6613,-6180
117900061,10,243,-233
117900063,170,349,-179
117900065,583,1286,-703
117900066,6,42,-36
117900067,218,418,-200
117900069,509,666,-157
117900070,257,2,255
117900071,61,172,-111
117900073,190,720,-530
117900074,282,9,273
117900075,72,95,-23
117900076,8,70,-62
117900077,100,116,-16
117900078,128,322,-194
117900080,152,49,103
117900081,483,514,-31
117900082,224,181,43
117900083,156,1051,-895
117900086,133,47,86
117900087,37,43,-6
117900088,2586,2356,230
117900089,974,277,697
117900090,580,1465,-885
117900091,265,145,120
117900092,30,48,-18
117900093,24,99,-75
117900094,4,4,0
117900095,482,1865,-1383
117900096,41,283,-242
117900097,66,100,-34
117900098,5,2,3
117900099,215,851,-636
117900100,73,0,73
117900101,445,932,-487
117900102,24,63,-39
117900103,3,1,2
117900104,22,217,-195
117900105,113,420,-307
117900106,66,46,20
117900107,19,0,19
117900109,256,260,-4
117900110,11,0,11
117900111,204,5,199
117900112,34,8,26
117900113,6661,2120,4541
117900114,10,0,10
117900115,281,49,232
117900116,1062,1034,28
117900117,233,373,-140
117900118,7,0,7
117900119,38,322,-284
117900120,41,294,-253
117900121,59,69,-10
117900122,1322,1369,-47
117900123,779,1318,-539
117900124,492,672,-180
117900125,1033,678,355
117900126,251,819,-568
117900127,280,841,-561
117900128,193,1616,-1423
117900129,21,0,21
117900130,679,550,129
117900131,0,139,-139
117900132,3,114,-111
117900133,3,134,-131
117900134,42,195,-153
117900135,34,274,-240
117900136,0,55,-55
117900137,20,323,-303
117900138,0,55,-55
117900139,43,240,-197
117900140,7831,54,7777
117900141,277,413,-136
117900142,372,4,368
117900144,131,108,23
117900145,74,7,67
117900146,288,89,199
117900147,61,61,0
117900148,3616,911,2705
117900149,30,190,-160
117900150,16,100,-84
117900151,19,216,-197
117900152,150,111,39
117900153,16,100,-84
117900154,372,1130,-758
117900156,894,1078,-184
117900157,75,581,-506
117900158,106,63,43
117900160,267,213,54
117900161,2386,3516,-1130
117900162,376,483,-107
117900163,250,23,227
117900165,0,20,-20
117900166,91,186,-95
117900168,78,145,-67
117900169,0,112,-112
117900170,1,36,-35
117900171,0,13,-13
117900172,13,32,-19
117900173,109,60,49
117900174,15,37,-22
117900175,1,34,-33
117900176,0,47,-47
117900177,6,139,-133
117900178,74,36,38
117900180,224,18,206
117900181,207,119,88
117900182,0,24,-24
117900183,32,79,-47
117900184,1,24,-23
117900185,5,11,-6
117900186,12,14,-2
117900187,3,11,-8
117900188,68,25,43
117900189,45,25,20
117900190,7,1,6
117900191,25,0,25
117900192,64,0,64
117900193,2,21,-19
117900194,0,12,-12
117900195,0,15,-15
117900196,8,22,-14
117900207,85,49,36
117900208,15,30,-15
117900209,159,170,-11
117900210,160,295,-135
117900211,8,263,-255
117900212,42,145,-103
117900213,3,3,0
117900214,0,36,-36
117900215,32,102,-70
117900216,149,43,106
117900217,138,78,60
117900218,291,315,-24
117900219,4,66,-62
117900220,123,39,84
117900222,130,329,-199
117900223,122,255,-133
118000001,621,428,193
118000002,1052,1542,-490
118000003,2529,1333,1196
118000004,3293,1652,1641
118000005,4676,2141,2535
118000006,5854,6045,-191
118000007,5348,1395,3953
118000008,3978,2091,1887
118000009,2669,2182,487
118000010,2199,3426,-1227
118000011,606,3238,-2632
118000012,938,3494,-2556
118000013,3599,3064,535
118000014,1660,4106,-2446
118000016,171,407,-236
118000017,94,352,-258
118000018,196,548,-352
118000019,1762,1228,534
118000020,859,1083,-224
118000021,660,1433,-773
118000022,1419,505,914
118000023,932,350,582
118000024,1168,590,578
118000027,15951,5875,10076
118000029,719,516,203
118000032,1355,2177,-822
118000033,1832,2039,-207
118000034,4177,1529,2648
118000035,1121,1439,-318
118000036,1303,929,374
118000037,493,1159,-666
118000038,65,154,-89
118000039,65,496,-431
118000040,1170,3100,-1930
118000041,1557,1561,-4
118000045,625,54,571
118000046,2282,338,1944
118000047,2138,431,1707
118000048,3215,716,2499
118000051,1655,525,1130
118000052,934,349,585
118000053,517,337,180
118000054,1316,1010,306
118000055,897,1874,-977
118000056,127,222,-95
118000057,108,362,-254
118000058,3756,1136,2620
118000059,2828,596,2232
118000060,708,845,-137
118000061,553,1235,-682
118000062,342,227,115
118000063,274,390,-116
118000064,856,1134,-278
118000065,4285,1459,2826
118000066,1000,913,87
118000067,1423,561,862
118000068,1711,2913,-1202
118000069,3240,869,2371
118000070,8006,1246,6760
118000071,3025,4815,-1790
118000072,1968,886,1082
118000073,2563,249,2314
118000074,377,566,-189
118000075,627,244,383
118000076,1317,926,391
118000077,1080,990,90
118000078,1808,1368,440
118000079,217,224,-7
118000080,1096,745,351
118000081,1861,821,1040
118000082,286,612,-326
118000083,2399,957,1442
118000084,2282,1317,965
118000086,189,402,-213
118000087,6493,2409,4084
118000088,1368,1575,-207
118000089,4626,2202,2424
118000090,2430,2413,17
118000091,1808,1760,48
118000092,1184,381,803
118000093,144,631,-487
118000096,412,508,-96
118000097,580,594,-14
118000098,240,186,54
118000099,185,943,-758
118000101,593,410,183
118000102,282,1377,-1095
118000107,5615,380,5235
118000108,467,1309,-842
118000110,0,24,-24
118000111,6,1336,-1330
118000112,255,2,253
118000113,7,1777,-1770
118000114,161,5,156
118000115,23,17,6
118000116,110,1,109
118000117,1317,976,341
118000118,849,560,289
118000119,498,957,-459
118000120,1404,1546,-142
118000121,127,554,-427
118000122,1308,275,1033
118000123,58,340,-282
118000125,2260,1288,972
118000126,716,1185,-469
118000127,2036,599,1437
118000128,754,1153,-399
118000129,670,230,440
118000130,2622,3820,-1198
118000131,696,1178,-482
118000132,1591,1190,401
118000133,658,510,148
118000135,410,300,110
118000136,135,611,-476
118000137,924,105,819
118000138,264,1162,-898
118000139,171,156,15
118000140,1676,2896,-1220
118000141,907,1561,-654
118000142,769,1915,-1146
118000143,975,1054,-79
118000144,1417,1006,411
118000145,1168,2700,-1532
118000146,713,1284,-571
118000147,465,1998,-1533
118000148,415,1874,-1459
118000149,483,1633,-1150
118000150,199,398,-199
118000151,151,464,-313
118000153,595,1234,-639
118000154,764,2391,-1627
118000155,586,1383,-797
118000156,2474,2193,281
118000157,361,461,-100
118000158,76,379,-303
118000159,12,51,-39
118000160,251,397,-146
118000161,240,720,-480
118000162,690,1158,-468
118000163,356,659,-303
118000164,2764,1617,1147
118000168,1311,179,1132
118000169,941,1751,-810
118000170,3056,6855,-3799
118000171,129,759,-630
118000172,95,358,-263
118000173,789,1417,-628
118000175,189,311,-122
118000176,168,296,-128
118000177,107,474,-367
118000178,213,48,165
118000179,1498,610,888
118000180,572,832,-260
118000181,628,295,333
118000182,260,313,-53
118000183,187,342,-155
118000184,433,1081,-648
118000185,621,560,61
118000186,405,482,-77
118000187,645,700,-55
118000188,308,250,58
118000189,218,845,-627
118000190,5,24,-19
118000191,15,72,-57
118000192,19,76,-57
118000193,28,228,-200
118000194,2526,767,1759
118000195,695,360,335
118000196,530,72,458
118000197,462,98,364
118000198,651,272,379
118000199,1292,538,754
118000200,35,231,-196
118000201,488,253,235
118000202,24,48,-24
118000203,1407,209,1198
118000204,120,127,-7
118000205,284,229,55
118000206,221,206,15
118000207,0,128,-128
118000208,715,1792,-1077
118000209,1231,2962,-1731
118000210,11,28,-17
118000211,6,13,-7
118000213,733,603,130
118000214,570,440,130
118000215,377,56,321
118000216,1148,3606,-2458
118000217,9,128,-119
118000218,28,133,-105
118000219,228,382,-154
118000220,0,21,-21
118000221,33,189,-156
118000222,46,16,30
118000223,23,31,-8
118000224,323,81,242
118000225,72,1574,-1502
118000226,860,118,742
118000227,845,219,626
118000228,80,126,-46
118000229,205,30,175
118000230,56,270,-214
118000231,39,257,-218
118000232,436,1084,-648
118000233,416,888,-472
118000234,131,352,-221
118000236,206,526,-320
118000237,29,632,-603
118000238,77,558,-481
118000239,159,349,-190
118000240,557,70,487
118000241,55,436,-381
118000242,145,525,-380
118000243,112,222,-110
118000244,23,223,-200
118000246,26,2,24
118000255,123,265,-142
118000256,138,274,-136
118000259,2,32,-30
118000260,41,146,-105
118000261,16,115,-99
118000263,45,223,-178
118000266,79,492,-413
118000267,0,80,-80
118000268,408,8,400
118000270,17,35,-18
118000271,159,270,-111
118000272,18,5,13
118000273,47,75,-28
118000274,80,315,-235
118000276,142,284,-142
118000295,1,52,-51
118000298,104,423,-319
118000299,63,199,-136
118000301,0,82,-82
118000302,48,152,-104
118000311,137,108,29
118000312,122,221,-99
118000313,16,179,-163
118000314,41,123,-82
118000315,12,84,-72
118000316,313,736,-423
118000325,18,84,-66
118000326,4,28,-24
118000331,13,60,-47
118000332,26,45,-19
118000333,16,56,-40
118000335,129,2,127
118000336,2,439,-437
118000407,74,71,3
118000457,5,20,-15
118000465,3135,2435,700
118000480,11,188,-177
118000489,23,128,-105
118000490,32,488,-456
118000492,137,250,-113
118000510,39,8,31
118000514,178,409,-231
118000515,529,425,104
118000517,458,201,257
118000524,792,150,642
118000525,554,705,-151
118000530,4,102,-98
118000531,114,387,-273
118000532,162,298,-136
118000533,474,164,310
118000534,581,362,219
118000535,157,123,34
118000536,687,558,129
118000537,14,56,-42
118000538,18,152,-134
118000539,16,76,-60
118000540,218,286,-68
118000541,188,112,76
118000542,46,173,-127
118000543,195,196,-1
118000546,21,30,-9
118000553,0,2,-2
118000557,0,0,0
118000560,3066,624,2442
118000562,28,817,-789
118000563,2215,1470,745
118000576,185,288,-103
118000577,288,139,149
118000578,147,130,17
118000579,1095,1014,81
118000583,0,0,0
118000595,90,83,7
118000596,0,100,-100
118000597,145,159,-14
118000598,3,0,3
118000599,39,72,-33
118000600,4,19,-15
118000601,0,0,0
118000602,1,15,-14
118000603,1,119,-118
118000605,36,944,-908
118000606,26,57,-31
118900001,1485,798,687
118900002,1028,562,466
118900003,61,34,27
118900004,33,114,-81
118900005,57,0,57
118900006,51,0,51
118900007,7,1,6
118900008,1066,47,1019
118900009,17,11,6
118900010,22,1,21
118900011,108,9,99
118900012,245,216,29
118900013,857,30,827
118900015,67,21,46
118900016,0,43,-43
118900017,152,217,-65
118900018,1214,12,1202
118900019,25,6,19
118900020,130,80,50
118900021,123,415,-292
118900022,104,87,17
118900023,64,126,-62
118900024,40,247,-207
118900025,48,27,21
118900026,19,78,-59
118900027,505,258,247
118900028,62,187,-125
118900029,83,520,-437
118900030,113,71,42
118900031,73,155,-82
118900032,78,215,-137
118900033,305,953,-648
118900034,83,7,76
118900035,102,343,-241
118900036,492,816,-324
118900037,309,314,-5
118900038,320,419,-99
118900039,203,263,-60
118900040,118,169,-51
118900041,171,336,-165
118900042,155,110,45
118900045,222,194,28
118900046,621,157,464
118900047,1010,318,692
118900048,319,189,130
118900049,25,30,-5
118900050,5,83,-78
118900051,126,45,81
118900052,224,267,-43
118900053,16,49,-33
118900054,57,113,-56
118900055,7,104,-97
118900056,91,120,-29
118900057,306,262,44
118900058,264,499,-235
118900059,10,60,-50
118900060,18,279,-261
118900062,47,225,-178
118900064,578,290,288
118900065,10,113,-103
118900066,52,122,-70
118900067,6264,2127,4137
118900068,4,332,-328
118900069,255,365,-110
118900071,1,62,-61
118900072,281,372,-91
118900073,52,139,-87
118900074,57,128,-71
118900075,14,77,-63
118900076,148,77,71
118900077,109,178,-69
118900078,38,18,20
118900079,42,157,-115
118900080,4,74,-70
118900081,50,17,33
118900082,331,151,180
118900083,7,10,-3
118900084,19,17,2
118900085,380,981,-601
118900086,18,47,-29
118900087,73,177,-104
118900088,1,5,-4
118900089,15,4,11
118900090,263,442,-179
118900091,132,92,40
118900092,57,54,3
118900093,86,7,79
118900096,77,66,11
118900097,138,978,-840
118900099,38,403,-365
118900100,141,274,-133
118900101,21,450,-429
118900102,9,72,-63
118900103,24,49,-25
118900104,37,168,-131
118900105,105,83,22
118900107,86,83,3
118900108,49,61,-12
118900110,1193,334,859
118900111,215,731,-516
118900112,62,122,-60
118900113,127,811,-684
118900114,10,99,-89
118900115,32,431,-399
118900116,54,139,-85
118900117,40,147,-107
118900118,156,601,-445
118900119,80,432,-352
118900120,66,467,-401
118900121,4,455,-451
118900122,4,529,-525
118900123,79,246,-167
118900124,18,162,-144
118900126,31,229,-198
118900129,390,156,234
118900130,52,91,-39
118900131,52,346,-294
118900132,254,141,113
118900133,30,60,-30
118900135,108,193,-85
118900136,136,1022,-886
118900137,1,9,-8
118900139,117,997,-880
118900140,267,1029,-762
118900141,22,382,-360
118900144,110,818,-708
118900145,13,234,-221
118900146,115,1031,-916
118900147,146,88,58
118900148,32,79,-47
118900150,593,495,98
118900152,225,934,-709
118900157,110,157,-47
118900158,19,129,-110
118900159,1,325,-324
118900161,126,10,116
118900163,411,70,341
118900164,2,144,-142
118900165,11,220,-209
118900166,25,4,21
118900167,34,160,-126
118900168,115,29,86
118900169,47,439,-392
118900170,42,122,-80
118900171,2,17,-15
118900174,19,68,-49
118900175,189,287,-98
118900176,48,132,-84
118900177,12,54,-42
118900178,11,115,-104
118900179,8,35,-27
118900181,58,121,-63
118900182,53,27,26
118900183,7,50,-43
118900184,127,27,100
118900185,69,237,-168
118900186,67,87,-20
118900187,138,355,-217
118900188,132,361,-229
118900189,18,435,-417
118900190,8,926,-918
118900191,131,51,80
118900192,71,29,42
118900193,158,5,153
118900195,279,1166,-887
118900196,24,179,-155
118900197,55,137,-82
118900198,5,44,-39
118900199,5,38,-33
118900200,0,0,0
118900201,7,2,5
118900202,4,36,-32
118900203,1,36,-35
118900204,1,6,-5
118900205,0,17,-17
118900206,0,11,-11
119000001,875,1408,-533
119000002,1569,2775,-1206
119000003,878,1898,-1020
119000004,1144,1566,-422
119000005,1546,1929,-383
119000006,1368,1718,-350
119000007,2047,2685,-638
119000008,1338,2095,-757
119000009,2887,2162,725
119000010,8663,3108,5555
119000011,4271,1588,2683
119000012,3171,2214,957
119000013,1799,1185,614
119000014,1725,2776,-1051
119000019,101,154,-53
119000020,640,1329,-689
119000021,2142,1942,200
119000022,3747,1460,2287
119000023,286,150,136
119000024,2146,4755,-2609
119000025,14262,909,13353
119000026,173,208,-35
119000027,296,244,52
119000028,1873,1105,768
119000029,92,214,-122
119000030,315,1265,-950
119000031,382,430,-48
119000032,1766,1728,38
119000033,1135,1414,-279
119000034,694,894,-200
119000035,26,324,-298
119000036,752,1648,-896
119000037,653,2578,-1925
119000038,74,1533,-1459
119000039,286,694,-408
119000040,1043,349,694
119000041,1114,1096,18
119000048,2845,4610,-1765
119000049,1000,4582,-3582
119000050,1516,2964,-1448
119000051,1626,1013,613
119000052,2664,3300,-636
119000053,1195,999,196
119000054,1995,5116,-3121
119000055,2105,3869,-1764
119000056,1142,2110,-968
119000057,860,3274,-2414
119000058,1262,2676,-1414
119000059,785,1893,-1108
119000060,854,738,116
119000061,646,917,-271
119000062,779,1160,-381
119000063,233,256,-23
119000064,1647,1765,-118
119000065,1659,2694,-1035
119000066,926,858,68
119000067,1517,3340,-1823
119000068,766,1009,-243
119000069,1146,3415,-2269
119000070,1400,1230,170
119000071,723,1085,-362
119000072,7843,4310,3533
119000073,4057,4554,-497
119000074,587,5229,-4642
119000075,745,2719,-1974
119000076,343,807,-464
119000077,355,389,-34
119000078,273,720,-447
119000079,117,1047,-930
119000080,163,262,-99
119000081,104,379,-275
119000082,275,290,-15
119000083,296,436,-140
119000084,347,736,-389
119000085,705,510,195
119000086,235,364,-129
119000087,1701,1144,557
119000088,202,181,21
119000089,125,203,-78
119000090,171,211,-40
119000091,199,232,-33
119000092,779,403,376
119000093,4423,4483,-60
119000094,1375,5505,-4130
119000095,852,3749,-2897
119000097,2895,1772,1123
119000098,467,1482,-1015
119000099,1944,2082,-138
119000100,1861,1954,-93
119000101,1331,1664,-333
119000102,445,484,-39
119000103,792,351,441
119000104,4250,1625,2625
119000105,550,952,-402
119000106,185,2853,-2668
119000107,299,614,-315
119000108,176,2024,-1848
119000109,43,232,-189
119000110,235,303,-68
119000111,24,380,-356
119000112,93,70,23
119000113,1541,227,1314
119000114,625,547,78
119000115,169,186,-17
119000116,105,60,45
119000117,40,346,-306
119000118,0,4,-4
119000123,3067,632,2435
119000124,256,349,-93
119000125,1212,1381,-169
119000126,402,1506,-1104
119000127,237,1399,-1162
119000128,13,3,10
119000131,424,1655,-1231
119000132,0,0,0
119000133,0,8,-8
119000134,3683,530,3153
119000135,50,213,-163
119000136,85,344,-259
119000137,90,746,-656
119000138,103,541,-438
119000139,130,274,-144
119000140,61,234,-173
119000284,1119,2176,-1057
119000285,2372,1775,597
119000286,5772,4194,1578
119000287,1078,2130,-1052
119000288,1593,1871,-278
119000289,2390,4019,-1629
119000290,124,653,-529
119000291,15,412,-397
119000293,244,315,-71
119000294,34,49,-15
119000295,2978,646,2332
119000296,128,114,14
119000302,4881,1299,3582
119000303,32,312,-280
119000314,1075,4035,-2960
119000315,3,818,-815
119000316,44,134,-90
119000317,18,630,-612
119000319,230,781,-551
119900001,99,636,-537
119900002,50,302,-252
119900003,68,1422,-1354
119900004,354,267,87
119900005,68,210,-142
119900006,84,304,-220
119900007,459,44,415
119900008,23,29,-6
119900009,201,426,-225
119900010,455,919,-464
119900011,9,34,-25
119900012,8,44,-36
119900013,1150,464,686
119900014,369,192,177
119900015,31,10,21
119900016,32,104,-72
119900017,7,31,-24
119900018,1356,212,1144
119900019,13,3,10
119900020,48,114,-66
119900021,70,43,27
119900022,157,180,-23
119900023,1022,478,544
119900025,37,12,25
119900026,936,46,890
119900027,6,26,-20
119900028,179,39,140
119900029,1,7,-6
119900030,273,541,-268
119900031,25,157,-132
119900033,1184,101,1083
119900034,90,162,-72
119900037,62,36,26
119900038,9,104,-95
119900039,8,0,8
119900040,37,7,30
119900041,20,84,-64
119900042,37,200,-163
119900043,29,180,-151
119900044,105,246,-141
119900046,17,53,-36
119900047,105,27,78
119900049,16,6,10
119900050,36,33,3
119900051,345,6,339
119900052,18,51,-33
119900053,76,367,-291
119900054,41,1,40
119900055,382,249,133
119900057,29,48,-19
119900058,51,2,49
119900059,67,46,21
119900060,74,1,73
119900061,66,6,60
119900062,9,22,-13
119900063,4,41,-37
119900065,103,2,101
119900067,18,17,1
119900068,150,1,149
119900069,48,3,45
119900070,246,2,244
119900071,186,7,179
119900073,2120,422,1698
119900074,19,11,8
119900075,6927,1410,5517
119900076,23,81,-58
119900077,208,1625,-1417
119900078,207,702,-495
119900079,43,442,-399
119900080,191,297,-106
119900081,150,18,132
119900082,306,18,288
119900083,249,79,170
119900084,699,230,469
119900085,152,69,83
119900086,130,1377,-1247
119900087,343,177,166
119900088,25,47,-22
119900089,2,764,-762
119900090,151,58,93
119900091,32,1781,-1749
119900092,12,391,-379
119900093,590,124,466
119900094,25,260,-235
119900095,130,75,55
119900096,25,54,-29
119900097,474,188,286
119900098,20,80,-60
119900099,7,255,-248
119900100,3285,1202,2083
119900101,159,573,-414
119900102,10,314,-304
119900103,6,433,-427
119900104,4,176,-172
119900105,319,962,-643
119900106,20,267,-247
119900107,317,5003,-4686
119900108,1864,785,1079
119900109,13,429,-416
119900110,224,917,-693
119900111,64,655,-591
119900112,4112,367,3745
119900113,60,462,-402
119900114,118,2495,-2377
119900115,70,1752,-1682
119900116,82,256,-174
119900117,123,1233,-1110
119900118,15,1696,-1681
119900119,134,325,-191
119900120,366,751,-385
119900121,94,1917,-1823
119900122,244,332,-88
119900123,135,319,-184
119900124,88,1366,-1278
119900125,37,442,-405
119900126,5705,141,5564
119900127,3213,922,2291
119900128,215,1227,-1012
119900129,96,1329,-1233
119900130,28,285,-257
119900131,18,383,-365
119900132,9,739,-730
119900133,10,28,-18
119900134,2851,228,2623
119900135,4,795,-791
119900136,99,496,-397
119900138,358,581,-223
119900139,16,46,-30
119900140,2,192,-190
119900141,146,301,-155
119900142,1,13,-12
119900143,9,214,-205
119900144,2030,184,1846
119900145,37,281,-244
119900146,110,100,10
119900147,12,96,-84
119900148,68,42,26
119900149,1753,1445,308
119900150,105,191,-86
119900151,1263,578,685
119900152,64,504,-440
119900153,30,42,-12
119900154,11,1506,-1495
119900155,17,38,-21
119900156,3,0,3
119900157,21,343,-322
119900158,28,44,-16
119900159,6,2422,-2416
119900160,11,247,-236
119900161,186,356,-170
119900162,421,483,-62
119900163,60,85,-25
119900164,0,0,0
119900165,31,421,-390
119900166,26,14,12
119900167,121,100,21
119900168,315,426,-111
119900169,84,215,-131
119900170,105,82,23
119900171,444,680,-236
119900172,63,9,54
119900173,6,755,-749
119900174,7,339,-332
119900175,484,661,-177
119900177,27,296,-269
119900178,3,363,-360
119900179,40,171,-131
119900180,582,466,116
119900181,21,28,-7
119900182,8,783,-775
119900183,96,1101,-1005
119900184,3726,567,3159
119900185,6,93,-87
119900186,50,263,-213
119900187,7,796,-789
119900188,17,288,-271
119900189,260,153,107
119900190,16,92,-76
119900191,246,128,118
119900192,6,212,-206
119900193,127,249,-122
119900194,3,23,-20
119900195,11,225,-214
119900196,1842,465,1377
119900197,46,94,-48
119900198,38,554,-516
119900199,67,17,50
119900200,204,505,-301
119900201,292,124,168
119900202,212,76,136
119900203,75,220,-145
119900204,98,276,-178
119900205,194,862,-668
119900206,35,147,-112
119900208,138,136,2
119900209,197,507,-310
119900210,11,52,-41
119900211,88,11,77
119900212,154,1020,-866
119900213,2,27,-25
119900214,8,61,-53
119900215,28,101,-73
119900216,5,85,-80
119900217,1,74,-73
119900218,13,64,-51
119900219,7,151,-144
119900220,2,129,-127
119900221,9,545,-536
119900222,6,343,-337
119900223,7,137,-130
119900224,10,41,-31
119900225,1335,31,1304
119900226,773,785,-12
119900227,1132,288,844
119900228,10,298,-288
119900229,228,317,-89
119900230,1460,657,803
119900231,78,261,-183
119900232,88,32,56
119900233,12,0,12
119900234,8,21,-13
119900235,15,17,-2
119900236,15,323,-308
119900237,16,763,-747
119900238,0,75,-75
119900240,37,138,-101
119900241,109,196,-87
119900242,2375,1277,1098
119900244,760,746,14
119900245,54,114,-60
119900246,188,281,-93
119900247,10,23,-13
119900248,17,62,-45
119900249,104,23,81
119900253,5129,353,4776
119900254,24,162,-138
119900255,25,499,-474
119900256,145,1524,-1379
119900257,13,0,13
119900258,21,0,21
119900259,1,352,-351
119900260,27,4,23
119900261,121,202,-81
119900262,7,430,-423
119900263,794,374,420
119900264,31,398,-367
119900265,105,406,-301
119900266,118,390,-272
119900267,110,358,-248
119900268,108,259,-151
119900269,267,1551,-1284
119900271,5,121,-116
119900272,83,48,35
119900275,33,1,32
119900276,17,0,17
119900277,9,2,7
119900278,274,37,237
119900279,63,140,-77
119900280,1340,187,1153
119900281,0,50,-50
119900282,20,15,5
119900283,1,403,-402
119900284,22,115,-93
119900285,15,75,-60
119900286,8,9,-1
119900288,1,35,-34
119900289,0,34,-34
119900290,2,22,-20
119900291,1,22,-21
119900292,9,18,-9
119900293,4,61,-57
119900294,4,73,-69
119900295,9,35,-26
119900296,7,218,-211
119900297,0,8,-8
119900298,1,0,1
119900299,15,431,-416
119900300,94,320,-226
119900301,52,24,28
119900302,23,64,-41
119900303,90,318,-228
119900304,57,18,39
119900305,20,130,-110
119900306,14,2,12
119900307,11,216,-205
119900308,4,22,-18
119900309,13,28,-15
119900310,167,343,-176
119900311,10,297,-287
119900312,37,96,-59
119900313,117,470,-353
119900314,66,252,-186
119900315,506,3656,-3150
119900318,3,12,-9
119900319,4,380,-376
119900320,38,795,-757
119900321,19,0,19
120000001,9260,9064,196
120000002,1699,3091,-1392
120000003,2944,1817,1127
120000004,2479,2438,41
120000005,4769,1880,2889
120000006,1093,1289,-196
120000007,3760,2429,1331
120000008,1131,1462,-331
120000009,5986,788,5198
120000010,1821,3757,-1936
120000011,1257,2712,-1455
120000012,1162,3343,-2181
120000013,2071,3293,-1222
120000014,530,1934,-1404
120000015,2609,1725,884
120000016,2532,3229,-697
120000017,1931,2336,-405
120000018,5540,6561,-1021
120000019,637,1373,-736
120000020,3085,2669,416
120000021,1916,1791,125
120000022,2244,3053,-809
120000023,628,1666,-1038
120000024,997,2142,-1145
120000025,1636,2424,-788
120000026,638,2081,-1443
120000027,988,1498,-510
120000028,612,438,174
120000029,1633,472,1161
120000030,137,618,-481
120000031,1424,4219,-2795
120000032,12542,3459,9083
120000033,2818,2469,349
120000034,1056,3049,-1993
120000035,1392,3272,-1880
120000036,2338,4448,-2110
120000037,453,854,-401
120000038,13356,3168,10188
120000039,385,1401,-1016
120000040,86,158,-72
120000041,356,2219,-1863
120000042,1079,5329,-4250
120000043,3151,3212,-61
120000044,2553,1328,1225
120000045,2375,991,1384
120000046,1381,1588,-207
120000047,2474,2206,268
120000048,9563,3885,5678
120000049,3133,3587,-454
120000050,3019,5956,-2937
120000051,3921,3944,-23
120000052,20475,2826,17649
120000053,984,6687,-5703
120000054,1369,9895,-8526
120000055,1240,7183,-5943
120000056,2176,5918,-3742
120000057,989,912,77
120000058,356,223,133
120000059,23,751,-728
120000061,79,743,-664
120000062,174,188,-14
120000063,1810,3681,-1871
120000064,184,2214,-2030
120000065,376,2412,-2036
120000066,143,398,-255
120000067,31,844,-813
120000068,145,1705,-1560
120000069,554,2157,-1603
120000070,30,1298,-1268
120000071,164,275,-111
120000072,185,702,-517
120000073,250,101,149
120000074,59,87,-28
120000075,177,249,-72
120000076,695,426,269
120000077,690,493,197
120000078,2151,657,1494
120000079,153,1010,-857
120000080,183,336,-153
120000081,158,189,-31
120000082,157,217,-60
120000083,108,339,-231
120000084,544,751,-207
120000085,272,646,-374
120000086,299,1075,-776
120000087,195,1979,-1784
120000088,442,1815,-1373
120000089,821,783,38
120000090,355,661,-306
120000091,468,1030,-562
120000092,839,632,207
120000093,186,555,-369
120000094,99,561,-462
120000095,682,960,-278
120000096,196,1790,-1594
120000098,663,1408,-745
120000099,222,890,-668
120000100,511,1016,-505
120000101,280,539,-259
120000102,312,434,-122
120000103,671,384,287
120000104,1007,275,732
120000105,1442,370,1072
120000106,922,424,498
120000107,1388,386,1002
120000108,420,116,304
120000109,551,51,500
120000110,134,1501,-1367
120000111,123,2098,-1975
120000112,708,6424,-5716
120000113,511,4835,-4324
120000114,754,4821,-4067
120000115,356,4100,-3744
120000116,671,2975,-2304
120000117,1998,2190,-192
120000118,38,40,-2
120000119,48,73,-25
120000120,45,52,-7
120000121,33,109,-76
120000122,270,289,-19
120000123,8332,2983,5349
120000124,324,675,-351
120000125,300,727,-427
120000126,209,965,-756
120000127,1785,892,893
120000128,3819,2159,1660
120000129,232,343,-111
120000130,585,1038,-453
120000131,156,468,-312
120000134,406,1978,-1572
120000135,106,304,-198
120000137,98,3549,-3451
120000138,258,596,-338
120000139,127,1726,-1599
120000140,228,760,-532
120000141,115,841,-726
120000142,135,660,-525
120000143,1,107,-106
120000144,23,0,23
120000145,130,1,129
120000146,3071,796,2275
120000149,521,1231,-710
120000150,6213,6344,-131
120000151,308,785,-477
120000152,234,492,-258
120000153,75,1222,-1147
120000154,403,428,-25
120000155,62,202,-140
120000156,4096,535,3561
120000157,919,987,-68
120000158,557,1400,-843
120000159,1461,2146,-685
120000160,1454,1381,73
120000161,902,3258,-2356
120000162,140,260,-120
120000163,290,2395,-2105
120000164,189,647,-458
120000165,192,1507,-1315
120000166,419,794,-375
120000167,16,17,-1
120000168,5,84,-79
120000169,151,237,-86
120000170,185,174,11
120000171,26,44,-18
120000172,35,28,7
120000173,2480,187,2293
120000174,573,17,556
120000175,724,16,708
120000176,351,46,305
120000177,805,363,442
120000178,39,5,34
120000179,358,23,335
120000180,320,25,295
120000181,77,87,-10
120000182,75,63,12
120000183,5,81,-76
120000184,60,684,-624
120000186,62,67,-5
120000187,244,48,196
120000188,213,41,172
120000190,1204,15,1189
120000191,2234,23,2211
120000192,1975,12,1963
120000193,470,3,467
120000195,51,6,45
120000196,152,63,89
120000197,53,196,-143
120000198,65,237,-172
120000199,22,3,19
120000200,40,0,40
120000201,10,3,7
120000202,3,87,-84
120000203,36,542,-506
120000207,0,99,-99
120000208,30,450,-420
120000209,4,111,-107
120000210,163,84,79
120000211,24,5,19
120000212,46,1,45
120000213,55,454,-399
120000214,0,523,-523
120000215,8,207,-199
120000216,20,7,13
120000217,921,2064,-1143
120000218,275,1568,-1293
120000219,6,918,-912
120000220,16,3459,-3443
120000225,397,18,379
120000226,106,3,103
120000227,295,23,272
120000228,7960,1582,6378
120000230,109,9,100
120000231,517,3440,-2923
120000233,143,29,114
120000235,103,991,-888
120000236,344,0,344
120000237,8,3150,-3142
120000238,27,104,-77
120000241,875,3531,-2656
120000412,797,18,779
120000413,72,423,-351
120000414,37,3,34
120000415,6,289,-283
120000416,11,12,-1
120000417,0,92,-92
120000418,42,12,30
120000419,3,760,-757
120000420,67,44,23
120000421,17160,5647,11513
120000422,284,430,-146
120000423,2,38,-36
120000424,23,257,-234
120000436,87,413,-326
120000437,200,207,-7
120000438,7135,447,6688
120000439,74,287,-213
120000443,92,0,92
120000444,573,878,-305
120000445,1447,1808,-361
120000446,1585,396,1189
120000447,87,5,82
120000449,26,5,21
120000450,6,482,-476
120000451,94,378,-284
120000452,38,2,36
120000453,0,391,-391
120000454,76,22,54
120000455,109,97,12
120000456,3450,2011,1439
120000457,1398,1486,-88
120000458,613,1016,-403
120000459,34,121,-87
120000665,813,112,701
120000668,69,105,-36
120000669,74,640,-566
120000670,174,430,-256
120000671,567,268,299
120000672,96,502,-406
120900001,21,31,-10
120900002,234,195,39
120900003,157,33,124
120900004,7,37,-30
120900005,13,3567,-3554
120900006,156,184,-28
120900007,64,241,-177
120900008,72,1327,-1255
120900009,515,87,428
120900010,218,55,163
120900011,489,100,389
120900012,1387,504,883
120900013,161,28,133
120900014,1,1134,-1133
120900015,206,95,111
120900016,215,54,161
120900017,3750,84,3666
120900018,36,545,-509
120900019,425,98,327
120900020,844,545,299
120900021,341,46,295
120900022,27,556,-529
120900023,106,30,76
120900024,1021,340,681
120900025,2063,858,1205
120900026,42,188,-146
120900027,432,118,314
120900028,148,43,105
120900029,112,223,-111
120900030,627,411,216
120900031,65,55,10
120900032,362,237,125
120900033,487,25,462
120900034,91,1318,-1227
120900035,50,180,-130
120900037,77,10,67
120900038,33,108,-75
120900039,42,15,27
120900040,95,2,93
120900041,132,32,100
120900042,135,100,35
120900043,10,14,-4
120900044,3,537,-534
120900045,104,195,-91
120900046,197,3,194
120900047,95,48,47
120900048,44,3,41
120900049,93,2,91
120900050,5280,980,4300
120900051,195,137,58
120900052,160,10,150
120900053,64,105,-41
120900054,1355,942,413
120900055,150,1,149
120900056,196,13,183
120900057,48,15,33
120900058,184,2,182
120900059,20,2,18
120900060,25,43,-18
120900061,150,449,-299
120900062,79,0,79
120900063,207,1,206
120900064,210,0,210
120900065,128,1,127
120900066,71,264,-193
120900067,112,16,96
120900068,119,2,117
120900069,105,49,56
120900071,2,1,1
120900072,311,3,308
120900073,109,155,-46
120900074,141,3,138
120900076,93,0,93
120900077,4127,193,3934
120900078,240,1418,-1178
120900079,175,83,92
120900080,234,3510,-3276
120900081,410,236,174
120900082,625,213,412
120900083,20,4,16
120900084,112,155,-43
120900085,168,131,37
120900086,208,160,48
120900087,146,85,61
120900088,146,163,-17
120900089,6740,1330,5410
120900090,45,297,-252
120900091,328,261,67
120900092,1064,1030,34
120900093,6397,306,6091
120900094,473,349,124
120900095,112,15,97
120900096,13,118,-105
120900097,500,1491,-991
120900098,288,228,60
120900099,51,63,-12
120900100,51,671,-620
120900101,638,382,256
120900102,7,111,-104
120900103,60,200,-140
120900104,21,46,-25
120900105,38,1183,-1145
120900106,1450,739,711
120900107,395,138,257
120900108,4,1607,-1603
120900109,48,1113,-1065
120900110,7,657,-650
120900111,116,648,-532
120900112,26,2690,-2664
120900113,12,1455,-1443
120900114,25,273,-248
120900115,132,163,-31
120900116,84,1110,-1026
120900117,3,847,-844
120900118,1,1244,-1243
120900119,3148,3482,-334
120900120,34,1109,-1075
120900121,44,515,-471
120900122,97,1160,-1063
120900123,3,899,-896
120900124,3,1237,-1234
120900125,10,1883,-1873
120900126,1436,1393,43
120900127,4,846,-842
120900128,947,1366,-419
120900129,27,475,-448
120900130,0,199,-199
120900131,14,55,-41
120900132,305,525,-220
120900133,207,1614,-1407
120900134,581,604,-23
120900135,2,908,-906
120900136,10,10,0
120900137,77,172,-95
120900138,13,287,-274
120900139,2,1229,-1227
120900140,0,67,-67
120900141,43,85,-42
120900142,40,1397,-1357
120900143,7,1429,-1422
120900144,2,379,-377
120900145,57,1236,-1179
120900146,5,1553,-1548
120900147,15,364,-349
120900148,75,139,-64
120900149,0,615,-615
120900150,6,992,-986
120900151,26,1034,-1008
120900152,72,42,30
120900153,5,108,-103
120900154,0,645,-645
120900155,73,1758,-1685
120900156,74,475,-401
120900157,16,354,-338
120900158,13,713,-700
120900159,55,571,-516
120900160,26,443,-417
120900161,6,694,-688
120900162,14,740,-726
120900163,11,89,-78
120900164,0,2,-2
120900165,0,2,-2
120900166,40,120,-80
120900167,276,110,166
120900169,13,619,-606
120900170,4089,1120,2969
120900171,1182,451,731
120900172,736,138,598
120900173,2,79,-77
120900174,5,135,-130
120900175,247,241,6
120900176,4,183,-179
120900177,1,433,-432
120900178,84,135,-51
120900179,956,671,285
120900180,105,59,46
120900181,17,37,-20
120900182,4,460,-456
120900183,325,83,242
120900184,89,85,4
120900185,5,414,-409
120900186,1,868,-867
120900187,214,794,-580
120900188,65,10,55
120900189,221,450,-229
120900190,19,6,13
120900191,1,31,-30
120900192,18485,2092,16393
120900194,9,82,-73
120900195,126,343,-217
120900196,290,63,227
120900197,203,49,154
120900198,209,993,-784
120900199,112,130,-18
120900200,81,112,-31
120900201,708,124,584
120900202,1,306,-305
120900203,20,54,-34
120900204,237,498,-261
120900205,45,192,-147
120900206,4,9,-5
120900207,41,1639,-1598
121000001,597,906,-309
121000002,2617,1349,1268
121000003,3927,1935,1992
121000004,1963,4791,-2828
121000005,1925,2386,-461
121000006,2251,1883,368
121000007,3065,2961,104
121000008,5988,2796,3192
121000009,5366,5109,257
121000010,7757,4431,3326
121000011,6478,8942,-2464
121000012,10530,5132,5398
121000013,5017,6126,-1109
121000014,7041,7161,-120
121000015,4343,5093,-750
121000016,4317,4214,103
121000017,1173,2246,-1073
121000018,936,1204,-268
121000019,15946,6677,9269
121000020,8884,7213,1671
121000021,4291,4339,-48
121000022,1187,1308,-121
121000023,2999,3563,-564
121000024,1973,2669,-696
121000025,293,859,-566
121000026,231,128,103
121000027,1183,870,313
121000028,535,390,145
121000029,784,579,205
121000030,315,308,7
121000031,569,489,80
121000032,133,64,69
121000034,424,188,236
121000035,242,83,159
121000036,923,687,236
121000037,431,549,-118
121000038,458,397,61
121000039,258,233,25
121000041,329,299,30
121000042,153,342,-189
121000043,366,372,-6
121000044,1363,469,894
121000045,577,789,-212
121000046,350,901,-551
121000047,172,288,-116
121000049,1403,510,893
121000050,198,756,-558
121000051,750,385,365
121000052,353,889,-536
121000053,335,87,248
121000054,38,211,-173
121000055,1285,1149,136
121000056,538,936,-398
121000057,17,115,-98
121000058,697,171,526
121000059,1612,906,706
121000060,293,707,-414
121000061,152,122,30
121000062,64,149,-85
121000063,449,420,29
121000064,470,746,-276
121000065,408,207,201
121000066,584,461,123
121000067,693,273,420
121000068,415,211,204
121000069,367,257,110
121000070,1553,1216,337
121000071,934,876,58
121000072,1233,902,331
121000073,1028,651,377
121000074,63,133,-70
121000075,32,49,-17
121000076,997,292,705
121000077,80,108,-28
121000078,58,90,-32
121000080,2308,624,1684
121000081,2199,2298,-99
121000082,0,0,0
121000083,235,296,-61
121000084,411,182,229
121000085,317,576,-259
121000086,122,626,-504
121000087,72,223,-151
121000088,268,689,-421
121000089,341,230,111
121000090,306,344,-38
121000091,1264,648,616
121000092,125,76,49
121000093,98,200,-102
121000094,285,476,-191
121000095,280,462,-182
121000096,1795,2111,-316
121000097,978,1345,-367
121000098,184,1254,-1070
121000099,234,1100,-866
121000100,392,345,47
121000101,89,315,-226
121000102,118,343,-225
121000103,74,390,-316
121000104,93,148,-55
121000105,180,208,-28
121000106,72,408,-336
121000107,2420,4308,-1888
121000109,1176,1059,117
121000110,191,425,-234
121000114,2340,1994,346
121000115,715,620,95
121000116,503,720,-217
121000117,755,350,405
121000118,1119,276,843
121000119,164,306,-142
121000120,147,432,-285
121000121,370,770,-400
121000123,1409,769,640
121000127,136,126,10
121000128,668,563,105
121000129,419,418,1
121000130,221,1293,-1072
121000131,1719,1247,472
121000132,2030,1535,495
121000135,265,213,52
121000136,694,416,278
121000137,339,116,223
121000138,552,384,168
121000139,351,57,294
121000141,144,127,17
121000142,1428,682,746
121000143,137,19,118
121000144,782,840,-58
121000145,401,1547,-1146
121000146,1040,985,55
121000147,530,543,-13
121000148,856,1062,-206
121000149,1698,1270,428
121000152,508,673,-165
121000153,1512,585,927
121000154,709,822,-113
121000155,1049,1053,-4
121000156,344,1037,-693
121000157,1173,2004,-831
121000158,245,470,-225
121000159,112,716,-604
121000160,540,1453,-913
121000161,69,314,-245
121000162,34,253,-219
121000165,1085,1101,-16
121000166,43,553,-510
121000168,211,304,-93
121000169,36,162,-126
121000170,251,157,94
121000171,63,149,-86
121000172,504,376,128
121000173,984,531,453
121000174,149,320,-171
121000175,460,580,-120
121000176,236,226,10
121000177,740,659,81
121000178,125,63,62
121000179,114,83,31
121000181,338,373,-35
121000182,51,133,-82
121000183,22,56,-34
121000184,29,65,-36
121000185,24,165,-141
121000186,92,193,-101
121000187,104,312,-208
121000188,52,306,-254
121000192,375,401,-26
121000193,450,402,48
121000194,1665,1738,-73
121000195,347,1068,-721
121000196,1152,181,971
121000197,314,932,-618
121000198,318,85,233
121000199,96,561,-465
121000200,215,70,145
121000201,6,251,-245
121000202,847,100,747
121000203,481,2562,-2081
121000204,1554,610,944
121000205,141,335,-194
121000206,101,30,71
121000207,1151,668,483
121000208,5,489,-484
121000209,88,331,-243
121000210,196,1043,-847
121000211,299,99,200
121000212,196,1355,-1159
121000213,10359,2726,7633
121000214,782,1735,-953
121000215,1306,762,544
121000216,408,477,-69
121000217,3361,2335,1026
121000218,537,1713,-1176
121000219,1776,704,1072
121000220,297,101,196
121000221,91,229,-138
121000222,1836,2238,-402
121000223,932,246,686
121000224,401,148,253
121000225,2465,1025,1440
121000226,4882,647,4235
121000227,13,380,-367
121000228,36,888,-852
121000229,150,647,-497
121000230,67,2049,-1982
121000231,463,42,421
121000232,420,180,240
121000233,424,296,128
121000234,24,26,-2
121000235,37,34,3
121000236,0,60,-60
121000237,3,4,-1
121000238,2,79,-77
121000239,6,1,5
121000240,16,262,-246
121000241,36,13,23
121000242,28,141,-113
121000243,217,47,170
121000244,4,66,-62
121000245,12,3,9
121000246,0,110,-110
121000247,41,1,40
121000248,430,451,-21
121000249,581,396,185
121000250,298,76,222
121000251,31,585,-554
121000252,62,23,39
121000253,193,502,-309
121000254,438,218,220
121000255,177,261,-84
121000256,309,187,122
121000257,57,77,-20
121000258,83,47,36
121000259,24,21,3
121000260,74,97,-23
121000261,81,40,41
121000262,805,954,-149
121000263,406,586,-180
121000271,209,2077,-1868
121000273,171,12,159
121000274,17,20,-3
121000275,1,41,-40
121000276,2,21,-19
121000278,74,56,18
121000279,29,18,11
121000280,28,46,-18
121000289,191,24,167
121000290,1538,866,672
121000294,65,243,-178
121000297,1066,1087,-21
121000299,247,254,-7
121000300,679,568,111
121000302,70,648,-578
121000303,423,427,-4
121000304,290,41,249
121000305,114,89,25
121000306,32,104,-72
121000308,111,386,-275
121000309,396,778,-382
121000310,151,561,-410
121000311,79,624,-545
121000312,224,174,50
121000313,403,389,14
121000314,141,123,18
121000315,240,333,-93
121000530,706,1721,-1015
121000531,769,1557,-788
121000532,4974,3602,1372
121000533,2086,2559,-473
121000919,31,52,-21
121000938,175,136,39
121000939,198,155,43
121000956,451,2083,-1632
121000957,0,20,-20
121000958,132,36,96
121000959,321,1123,-802
121000960,1854,2784,-930
121000961,72,63,9
121000962,294,1122,-828
121000973,2,429,-427
121000976,4,110,-106
121000979,189,44,145
121000981,206,104,102
121000982,169,414,-245
121000983,471,531,-60
121000984,16,41,-25
121000985,268,1451,-1183
121000986,159,590,-431
121000987,258,2349,-2091
121000988,532,304,228
121001302,221,83,138
121001308,8,6,2
121001309,113,71,42
121001311,0,0,0
121001313,191,598,-407
121001314,3322,3276,46
121001315,3685,1620,2065
121001326,397,382,15
121001327,84,59,25
121001328,293,39,254
121900001,55,193,-138
121900002,68,5,63
121900003,250,5,245
121900004,116,353,-237
121900005,8,6,2
121900006,55,14,41
121900007,2190,1849,341
121900008,290,68,222
121900009,493,13,480
121900010,178,4,174
121900011,75,324,-249
121900012,6,1,5
121900013,1478,30,1448
121900014,1161,321,840
121900015,84,137,-53
121900016,1,37,-36
121900017,288,610,-322
121900018,192,5,187
121900019,180,262,-82
121900020,13,0,13
121900021,795,14,781
121900022,124,182,-58
121900023,29,463,-434
121900024,331,69,262
121900025,289,338,-49
121900026,255,21,234
121900027,129,114,15
121900028,294,12,282
121900029,63,146,-83
121900030,548,552,-4
121900031,1342,5302,-3960
121900032,63,57,6
121900033,91,163,-72
121900034,278,84,194
121900035,2372,1312,1060
121900036,57,559,-502
121900037,107,595,-488
121900038,33,113,-80
121900039,237,11,226
121900040,18,76,-58
121900041,49,153,-104
121900042,213,85,128
121900043,1,6,-5
121900044,208,31,177
121900046,142,195,-53
121900047,102,64,38
121900048,16,117,-101
121900050,8,29,-21
121900051,109,216,-107
121900052,55,30,25
121900053,150,270,-120
121900054,392,652,-260
121900055,0,4,-4
121900058,121,289,-168
121900059,211,97,114
121900060,174,302,-128
121900062,31,51,-20
121900063,668,257,411
121900064,111,795,-684
121900066,30,21,9
121900067,8,26,-18
121900069,130,75,55
121900070,188,91,97
121900071,81,260,-179
121900072,20,166,-146
121900073,203,175,28
121900074,481,532,-51
121900075,1066,282,784
121900076,303,562,-259
121900078,26,61,-35
121900079,0,0,0
121900080,465,392,73
121900082,28,92,-64
121900084,7,148,-141
121900086,6,39,-33
121900087,208,80,128
121900088,1344,1539,-195
121900089,88,465,-377
121900090,4,82,-78
121900091,15,66,-51
121900092,44,107,-63
121900093,55,70,-15
121900094,23,8,15
121900095,130,99,31
121900096,1041,335,706
121900097,245,128,117
121900098,3,0,3
121900099,162,101,61
121900100,81,145,-64
121900101,115,95,20
121900102,3,78,-75
121900103,386,136,250
121900104,1029,289,740
121900105,172,84,88
121900106,1,3,-2
121900107,35,25,10
121900108,1,20,-19
121900109,363,156,207
121900110,150,1269,-1119
121900111,561,134,427
121900112,80,73,7
121900113,69,260,-191
121900114,10,34,-24
121900117,53,16,37
121900118,2164,267,1897
121900119,64,103,-39
121900120,29,1130,-1101
121900121,403,50,353
121900122,21,30,-9
121900123,144,546,-402
121900124,70,224,-154
121900125,738,777,-39
121900127,3,58,-55
121900128,37,130,-93
121900129,803,113,690
121900130,92,274,-182
121900131,159,122,37
121900132,7,107,-100
121900133,115,441,-326
121900134,38,101,-63
121900135,2175,177,1998
121900136,98,461,-363
121900137,38,176,-138
121900138,60,197,-137
121900139,312,569,-257
121900140,41,131,-90
121900141,20,7,13
121900142,61,116,-55
121900143,4,84,-80
121900144,121,211,-90
121900145,97,127,-30
121900146,471,554,-83
121900147,43,195,-152
121900148,130,230,-100
121900149,273,599,-326
121900150,72,130,-58
121900151,41,197,-156
121900152,33,115,-82
121900153,86,388,-302
121900154,6,141,-135
121900155,0,43,-43
121900156,149,77,72
121900157,2,493,-491
121900158,46,59,-13
121900159,1,203,-202
121900160,2,244,-242
121900161,288,254,34
121900162,63,96,-33
121900163,124,739,-615
121900164,316,194,122
121900165,172,209,-37
121900166,161,175,-14
121900167,103,56,47
121900168,202,116,86
121900169,2,573,-571
121900170,1,151,-150
121900171,346,572,-226
121900172,231,300,-69
121900173,698,173,525
121900174,21,24,-3
121900175,193,127,66
121900176,448,2109,-1661
121900177,152,62,90
121900178,38,63,-25
121900179,177,98,79
121900180,4898,2048,2850
121900182,756,279,477
121900183,237,357,-120
121900184,37,476,-439
121900186,2,344,-342
121900187,20,104,-84
121900188,408,325,83
121900189,10,82,-72
121900190,168,490,-322
121900191,30,127,-97
121900192,327,758,-431
121900193,42,147,-105
121900194,4,120,-116
121900195,45,55,-10
121900196,685,608,77
121900197,198,2271,-2073
121900198,907,1088,-181
121900199,2,19,-17
121900200,97,180,-83
121900201,925,380,545
121900202,138,296,-158
121900203,165,604,-439
121900204,1038,930,108
121900205,10,75,-65
121900206,10,11,-1
121900207,121,35,86
121900208,153,223,-70
121900209,14,20,-6
121900210,1284,919,365
121900211,213,773,-560
121900212,106,107,-1
121900213,69,136,-67
121900214,3,281,-278
121900215,21,63,-42
121900216,32,58,-26
121900217,142,58,84
121900218,291,381,-90
121900220,108,11,97
121900221,151,431,-280
121900222,85,154,-69
121900223,62,79,-17
121900224,27,81,-54
121900225,169,70,99
121900226,167,250,-83
121900227,92,479,-387
121900228,164,258,-94
121900230,93,78,15
121900231,257,389,-132
121900232,179,304,-125
121900233,253,178,75
121900234,127,438,-311
121900235,224,288,-64
121900236,174,162,12
121900237,139,247,-108
121900238,86,130,-44
121900239,53,21,32
121900240,100,86,14
121900241,17,52,-35
121900242,1,0,1
121900243,1,0,1
121900244,0,0,0
121900245,98,100,-2
121900246,1314,421,893
121900248,1059,904,155
121900250,211,261,-50
121900251,209,20,189
121900252,464,121,343
121900253,131,1000,-869
121900254,331,221,110
121900255,163,97,66
121900258,2412,1540,872
121900259,272,452,-180
121900260,24,142,-118
121900261,115,389,-274
121900262,406,907,-501
121900263,73,278,-205
121900264,1830,1155,675
121900265,137,316,-179
121900266,191,199,-8
121900267,32,11,21
121900269,64,261,-197
121900270,3,122,-119
121900271,30,89,-59
121900273,507,1364,-857
121900274,147,283,-136
121900277,243,1736,-1493
121900278,120,979,-859
121900279,101,298,-197
121900280,172,295,-123
121900281,257,100,157
121900284,24,5,19
121900286,25,73,-48
121900287,7,14,-7
121900288,0,2,-2
121900290,200,280,-80
121900291,470,543,-73
121900292,196,94,102
121900293,837,3257,-2420
121900294,171,4,167
121900295,40,217,-177
121900296,52,26,26
121900298,436,397,39
121900299,0,0,0
121900300,27,0,27
121900301,27,1,26
121900302,0,77,-77
121900303,451,358,93
121900304,0,3,-3
121900305,1,1,0
121900306,34,0,34
121900307,17,3,14
121900308,9,302,-293
121900309,13,205,-192
121900310,16,518,-502
121900311,175,10,165
121900312,89,17,72
121900313,208,11,197
121900314,2,42,-40
121900315,2,0,2
121900316,2,18,-16
121900317,0,2,-2
121900318,1,27,-26
121900319,20,111,-91
121900320,48,91,-43
121900321,1,3,-2
121900322,1,22,-21
121900323,43,11,32
121900324,3,70,-67
121900325,0,6,-6
121900326,2,26,-24
121900327,1,60,-59
121900328,1,30,-29
121900329,1,236,-235
121900330,0,64,-64
121900331,91,10,81
121900332,37,10,27
121900333,13,0,13
121900334,158,58,100
122000001,1683,2913,-1230
122000002,4330,1262,3068
122000003,1566,1386,180
122000004,2463,1013,1450
122000005,2808,815,1993
122000006,3129,454,2675
122000007,1565,1189,376
122000008,4813,3773,1040
122000009,394,214,180
122000010,1744,2105,-361
122000011,2850,1493,1357
122000012,1486,727,759
122000013,3178,1357,1821
122000014,1539,3270,-1731
122000015,1475,904,571
122000016,408,728,-320
122000017,824,885,-61
122000018,1166,860,306
122000019,795,1447,-652
122000020,79,152,-73
122000021,391,360,31
122000022,1187,1371,-184
122000023,450,2985,-2535
122000024,931,696,235
122000025,2126,828,1298
122000026,1974,599,1375
122000027,461,6091,-5630
122000028,663,352,311
122000029,401,217,184
122000030,292,103,189
122000031,149,191,-42
122000032,1636,3815,-2179
122000033,1198,659,539
122000034,555,484,71
122000035,261,819,-558
122000036,473,475,-2
122000037,294,268,26
122000038,241,341,-100
122000039,705,434,271
122000040,275,353,-78
122000041,388,431,-43
122000042,408,400,8
122000043,124,91,33
122000044,98,127,-29
122000045,1387,589,798
122000046,857,1135,-278
122000047,256,124,132
122000048,2313,4144,-1831
122000049,4020,1729,2291
122000050,2214,616,1598
122000051,503,511,-8
122000052,538,174,364
122000053,150,327,-177
122000054,1999,1642,357
122000055,2440,1805,635
122000056,4840,3431,1409
122000057,2875,2207,668
122000058,4418,896,3522
122000059,3396,1043,2353
122000060,759,372,387
122000061,492,211,281
122000062,1067,284,783
122000063,1743,378,1365
122000064,3766,2696,1070
122000065,4864,2175,2689
122000066,466,321,145
122000067,2371,1310,1061
122000068,1139,1478,-339
122000069,674,545,129
122000070,469,4272,-3803
122000071,759,1907,-1148
122000072,461,292,169
122000073,586,434,152
122000074,1607,1329,278
122000075,398,1463,-1065
122000076,1368,870,498
122000077,1564,573,991
122000078,2886,1611,1275
122000079,3030,785,2245
122000080,1433,366,1067
122000081,164,344,-180
122000082,1182,569,613
122000083,1104,4344,-3240
122000084,809,643,166
122000085,177,1688,-1511
122000086,2084,5416,-3332
122000087,308,93,215
122000088,137,185,-48
122000089,5755,3176,2579
122000090,260,349,-89
122000091,379,54,325
122000092,138,9,129
122000093,1486,507,979
122000094,6186,1205,4981
122000095,2463,2264,199
122000096,2436,1478,958
122000098,1846,1016,830
122000099,3452,574,2878
122000100,1299,632,667
122000101,186,923,-737
122000102,1491,1021,470
122000103,1402,1259,143
122000104,239,179,60
122000105,241,270,-29
122000106,419,415,4
122000107,769,425,344
122000108,208,679,-471
122000109,264,387,-123
122000110,223,406,-183
122000111,2125,855,1270
122000112,543,1106,-563
122000113,412,535,-123
122000114,3276,1117,2159
122000115,2677,2029,648
122000116,172,281,-109
122000117,849,319,530
122000118,208,357,-149
122000119,2322,1096,1226
122000120,2004,2021,-17
122000121,1771,1745,26
122000122,1018,1070,-52
122000123,1266,894,372
122000124,856,378,478
122000125,255,353,-98
122000126,400,548,-148
122000127,866,596,270
122000128,532,678,-146
122000129,204,792,-588
122000130,1541,336,1205
122000131,907,448,459
122000132,638,356,282
122000133,838,1869,-1031
122000134,403,416,-13
122000135,698,725,-27
122000136,235,265,-30
122000137,681,541,140
122000139,1343,2150,-807
122000140,1323,362,961
122000141,4266,977,3289
122000142,650,593,57
122000143,352,223,129
122000144,1241,766,475
122000145,1242,448,794
122000146,620,672,-52
122000147,983,350,633
122000148,980,631,349
122000149,1275,655,620
122000150,1028,605,423
122000151,60,57,3
122000152,544,475,69
122000153,239,265,-26
122000154,269,236,33
122000155,1021,1590,-569
122000156,847,773,74
122000157,2475,1725,750
122000158,394,476,-82
122000159,973,1487,-514
122000160,2347,606,1741
122000161,1025,538,487
122000162,1538,1167,371
122000163,201,38,163
122000164,13,58,-45
122000165,662,706,-44
122000166,1152,1318,-166
122000167,130,153,-23
122000168,169,489,-320
122000169,430,165,265
122000170,148,208,-60
122000171,12,57,-45
122000172,1463,1655,-192
122000173,1143,2165,-1022
122000174,1389,1438,-49
122000175,1154,293,861
122000176,288,631,-343
122000177,1624,1105,519
122000178,2457,3250,-793
122000179,1867,2934,-1067
122000180,1444,792,652
122000181,2336,2368,-32
122000182,1294,928,366
122000183,1326,1230,96
122000184,2056,1310,746
122000185,1094,1027,67
122000186,572,944,-372
122000187,2763,959,1804
122000188,382,147,235
122000189,246,362,-116
122000190,1056,827,229
122000191,1034,438,596
122000192,592,332,260
122000193,242,523,-281
122000194,574,178,396
122000195,182,384,-202
122000196,791,589,202
122000197,541,616,-75
122000198,593,1068,-475
122000199,442,317,125
122000200,1585,553,1032
122000201,949,1233,-284
122000202,1189,1495,-306
122000203,1795,1167,628
122000204,1388,1903,-515
122000205,1317,1120,197
122000206,2195,776,1419
122000207,813,1091,-278
122000208,2278,1437,841
122000209,3183,436,2747
122000210,2497,2017,480
122000211,1544,1136,408
122000212,438,278,160
122000213,688,728,-40
122000214,1313,1212,101
122000215,1915,1461,454
122000217,2180,1267,913
122000218,697,63,634
122000219,2093,902,1191
122000220,622,657,-35
122000221,146,398,-252
122000222,463,73,390
122000223,927,395,532
122000225,582,290,292
122000226,950,1882,-932
122000227,267,3053,-2786
122000228,300,372,-72
122000229,40,352,-312
122000230,64,658,-594
122000231,171,765,-594
122000232,428,1284,-856
122000233,1,121,-120
122000234,124,362,-238
122000235,461,313,148
122000236,357,173,184
122000237,92,83,9
122000238,137,229,-92
122000239,336,87,249
122000240,689,331,358
122000241,569,446,123
122000242,226,89,137
122000243,94,55,39
122000244,26,584,-558
122000245,50,301,-251
122000246,132,114,18
122000247,370,977,-607
122000248,1766,1905,-139
122000249,278,485,-207
122000250,1093,665,428
122000251,160,292,-132
122000252,437,60,377
122000253,22,223,-201
122000254,57,70,-13
122000255,501,1606,-1105
122000256,309,1358,-1049
122000257,94,483,-389
122000258,51,151,-100
122000259,21,985,-964
122000260,174,1218,-1044
122000261,5,298,-293
122000262,0,96,-96
122000263,114,133,-19
122000264,808,541,267
122000265,2294,814,1480
122000266,4883,537,4346
122000267,93,177,-84
122000268,106,401,-295
122000269,823,304,519
122000270,1387,95,1292
122000271,452,1332,-880
122000272,174,1288,-1114
122000273,272,642,-370
122000274,76,447,-371
122000275,104,361,-257
122000276,136,569,-433
122000277,511,1050,-539
122000278,541,1286,-745
122000279,65,326,-261
122000280,565,655,-90
122000281,255,507,-252
122000282,98,91,7
122000283,301,38,263
122000284,102,72,30
122000285,367,143,224
122000286,86,159,-73
122000287,462,1226,-764
122000288,209,189,20
122000291,583,378,205
122000293,482,255,227
122000294,81,127,-46
122000295,1092,210,882
122000296,60,498,-438
122000297,3222,1575,1647
122000299,634,965,-331
122000300,329,527,-198
122000301,16429,2105,14324
122000302,773,744,29
122000303,3508,972,2536
122000304,13,198,-185
122000305,552,885,-333
122000306,18,879,-861
122000307,65,84,-19
122000309,79,87,-8
122000310,40,58,-18
122000311,107,77,30
122000312,150,33,117
122000313,82,31,51
122000314,153,243,-90
122000315,185,6,179
122000316,258,203,55
122000317,585,214,371
122000318,114,221,-107
122000319,205,804,-599
122000320,313,3320,-3007
122000321,69,379,-310
122000322,1870,3923,-2053
122000323,1646,1920,-274
122000324,1593,1617,-24
122000325,940,831,109
122000326,27,166,-139
122000327,241,388,-147
122000328,1178,819,359
122000330,1745,528,1217
122000333,13,268,-255
122000337,568,1862,-1294
122000338,458,555,-97
122000340,446,303,143
122000342,3853,1014,2839
122000343,414,2140,-1726
122000344,38,35,3
122000345,91,249,-158
122000346,195,588,-393
122000348,277,911,-634
122000349,71,593,-522
122000351,122,318,-196
122000352,195,101,94
122000353,89,138,-49
122000355,128,137,-9
122000356,2213,993,1220
122000357,34,9,25
122000358,0,77,-77
122000359,0,38,-38
122000360,0,29,-29
122000362,12,93,-81
122000364,93,485,-392
122000365,1,17,-16
122000366,15,10,5
122000368,396,732,-336
122000370,5,71,-66
122000371,2,0,2
122000372,7,0,7
122000381,24,385,-361
122000382,46,346,-300
122000384,5813,2439,3374
122000385,9,0,9
122000386,930,718,212
122000387,690,805,-115
122000388,2262,330,1932
122000389,245,739,-494
122000390,675,370,305
122000391,321,125,196
122000392,184,263,-79
122000393,126,947,-821
122000394,423,299,124
122000395,89,265,-176
122000396,193,116,77
122000399,65,108,-43
122000400,299,358,-59
122000401,73,93,-20
122000402,189,117,72
122000403,203,1482,-1279
122000404,30,262,-232
122000408,707,968,-261
122000503,5,107,-102
122000524,178,99,79
122000544,36,3326,-3290
122000614,524,315,209
122000616,362,13,349
122000640,35,155,-120
122000641,47,545,-498
122000642,661,1452,-791
122000643,32,140,-108
122000644,338,93,245
122000645,530,457,73
122000651,2435,587,1848
122000664,154,68,86
122000665,694,473,221
122000666,414,889,-475
122000673,20,430,-410
122000674,69,34,35
122000675,1166,1446,-280
122000686,85,1097,-1012
122000687,659,89,570
122000688,85,1085,-1000
122000689,263,121,142
122000690,433,721,-288
122000691,213,3646,-3433
122000692,1023,915,108
122000693,506,3150,-2644
122000695,60,494,-434
122000696,97,387,-290
122000698,248,1370,-1122
122000699,108,61,47
122000701,1159,663,496
122000702,577,3465,-2888
122000703,101,52,49
122000712,1,0,1
122000717,2735,169,2566
122000718,586,1002,-416
122000719,32,46,-14
122000720,185,412,-227
122000724,215,362,-147
122900001,16,3,13
122900002,1187,2148,-961
122900003,212,44,168
122900004,303,25,278
122900005,28,11,17
122900006,461,97,364
122900007,39,14,25
122900008,448,31,417
122900009,489,249,240
122900010,179,144,35
122900012,193,275,-82
122900014,100,274,-174
122900015,1978,333,1645
122900016,81,326,-245
122900017,469,714,-245
122900018,200,11,189
122900020,345,409,-64
122900021,60,536,-476
122900022,276,865,-589
122900023,116,181,-65
122900024,87,92,-5
122900025,2,99,-97
122900026,163,291,-128
122900027,45,743,-698
122900028,97,165,-68
122900029,5347,2696,2651
122900030,1366,292,1074
122900031,90,125,-35
122900032,82,161,-79
122900033,133,148,-15
122900034,3601,4856,-1255
122900035,31,2,29
122900036,35,225,-190
122900037,282,87,195
122900038,106,1660,-1554
122900039,54,326,-272
122900040,242,353,-111
122900041,132,136,-4
122900042,114,249,-135
122900043,385,240,145
122900044,82,266,-184
122900045,95,113,-18
122900046,67,73,-6
122900047,421,117,304
122900048,26,192,-166
122900049,2465,139,2326
122900051,106,130,-24
122900052,50,139,-89
122900053,4,11,-7
122900055,195,117,78
122900057,273,21,252
122900061,272,119,153
122900062,227,341,-114
122900063,106,359,-253
122900064,750,595,155
122900065,221,114,107
122900066,271,178,93
122900067,1739,792,947
122900069,128,931,-803
122900070,195,37,158
122900071,111,461,-350
122900073,43,374,-331
122900074,206,833,-627
122900075,1,58,-57
122900076,9,270,-261
122900077,0,141,-141
122900078,29,205,-176
122900080,70,25,45
122900081,137,163,-26
122900082,617,198,419
122900083,142,103,39
122900084,0,289,-289
122900086,2,38,-36
122900087,166,566,-400
122900088,53,63,-10
122900089,32,298,-266
122900090,10,1003,-993
122900091,109,0,109
122900092,0,119,-119
122900093,4,565,-561
122900094,5,342,-337
122900095,112,2,110
122900096,119,619,-500
122900097,10,12,-2
122900098,62,114,-52
122900099,7,2,5
122900100,290,118,172
122900101,753,192,561
122900102,15,8,7
122900103,54,7,47
122900104,38,5,33
122900105,3,3,0
122900106,0,143,-143
122900107,4,410,-406
122900108,3,369,-366
122900109,54,176,-122
123000001,1319,278,1041
123000002,5039,1709,3330
123000003,2123,1605,518
123000004,2692,3158,-466
123000005,1626,1916,-290
123000006,2480,3408,-928
123000007,2744,2400,344
123000008,2010,3054,-1044
123000009,3402,2322,1080
123000010,3189,3654,-465
123000011,3814,539,3275
123000012,1471,2339,-868
123000013,2069,644,1425
123000014,1337,2455,-1118
123000015,4016,701,3315
123000016,1809,3227,-1418
123000017,3311,1265,2046
123000018,29,121,-92
123000019,69,370,-301
123000020,53,133,-80
123000021,52,181,-129
123000022,502,1730,-1228
123000023,1046,1175,-129
123000024,991,595,396
123000025,123,90,33
123000026,9,162,-153
123000027,360,224,136
123000028,882,117,765
123000029,1406,250,1156
123000030,193,763,-570
123000031,74,701,-627
123000032,158,402,-244
123000033,170,80,90
123000034,646,591,55
123000035,211,269,-58
123000036,163,433,-270
123000037,244,289,-45
123000038,57,161,-104
123000039,391,630,-239
123000040,1409,304,1105
123000041,1103,471,632
123000042,1118,400,718
123000043,1402,1715,-313
123000044,6194,1902,4292
123000045,6883,1399,5484
123000046,751,627,124
123000047,2166,555,1611
123000048,25,318,-293
123000049,3012,3724,-712
123000050,1071,1566,-495
123000051,65,149,-84
123000052,508,1643,-1135
123000053,1343,1963,-620
123000054,922,1428,-506
123000055,852,1214,-362
123000056,829,1287,-458
123000057,18263,5105,13158
123000058,754,578,176
123000059,1968,1745,223
123000060,1096,431,665
123000061,3320,821,2499
123000063,157,266,-109
123000064,540,237,303
123000065,5190,2156,3034
123000066,1500,790,710
123000067,290,606,-316
123000068,3336,2881,455
123000069,6253,3953,2300
123000070,135,254,-119
123000071,273,591,-318
123000072,682,1426,-744
123000073,683,950,-267
123000074,2343,2661,-318
123000075,501,1109,-608
123000076,400,1319,-919
123000077,1278,3017,-1739
123000078,541,1218,-677
123000079,778,2137,-1359
123000080,1972,3511,-1539
123000081,190,952,-762
123000082,330,1014,-684
123000083,657,357,300
123000084,417,995,-578
123000085,113,124,-11
123000086,176,582,-406
123000087,307,1222,-915
123000088,977,2532,-1555
123000089,264,1699,-1435
123000090,866,1450,-584
123000091,1823,1561,262
123000092,1493,1935,-442
123000094,421,549,-128
123000095,242,626,-384
123000096,275,484,-209
123000097,342,1274,-932
123000098,419,674,-255
123000099,370,1389,-1019
123000100,410,720,-310
123000101,556,434,122
123000102,426,484,-58
123000104,260,304,-44
123000105,486,543,-57
123000106,440,239,201
123000107,319,536,-217
123000108,2903,1184,1719
123000111,451,305,146
123000112,326,492,-166
123000113,455,1366,-911
123000114,477,468,9
123000115,167,276,-109
123000116,29,206,-177
123000117,556,1317,-761
123000118,239,441,-202
123000119,660,1617,-957
123000120,678,1303,-625
123000121,302,470,-168
123000122,300,244,56
123000123,444,682,-238
123000124,554,568,-14
123000125,828,592,236
123000126,1596,1603,-7
123000127,1062,945,117
123000128,237,522,-285
123000129,284,211,73
123000130,260,83,177
123000131,584,418,166
123000132,352,637,-285
123000133,249,429,-180
123000134,345,190,155
123000135,699,1292,-593
123000136,153,1571,-1418
123000137,90,544,-454
123000138,88,557,-469
123000139,224,178,46
123000140,141,677,-536
123000141,592,111,481
123000142,902,1051,-149
123000143,1173,2828,-1655
123000144,13,19,-6
123000145,170,131,39
123000146,45,114,-69
123000147,95,114,-19
123000149,237,331,-94
123000150,175,216,-41
123000151,170,321,-151
123000152,42,345,-303
123000153,95,426,-331
123000154,1993,1472,521
123000155,2510,611,1899
123000156,35,69,-34
123000157,441,802,-361
123000158,586,504,82
123000159,2756,1203,1553
123000160,481,485,-4
123000161,650,440,210
123000162,294,1209,-915
123000163,176,42,134
123000164,458,150,308
123000165,238,1606,-1368
123000166,24,252,-228
123000167,85,384,-299
123000168,101,471,-370
123000169,318,107,211
123000170,34,567,-533
123000171,186,116,70
123000172,156,724,-568
123000173,302,147,155
123000174,484,170,314
123000175,1008,1216,-208
123000176,604,193,411
123000177,320,1183,-863
123000178,494,109,385
123000179,14,418,-404
123000180,698,277,421
123000181,212,931,-719
123000183,115,226,-111
123000186,85,665,-580
123000187,294,2,292
123000188,141,64,77
123000189,161,134,27
123000190,1,62,-61
123000192,40,396,-356
123000193,90,993,-903
123000194,439,300,139
123000195,119,15,104
123000196,125,7,118
123000197,41,25,16
123000198,21,210,-189
123000199,20,580,-560
123000200,119,28,91
123000201,228,7,221
123000202,64,1248,-1184
123000203,385,83,302
123000204,66,1121,-1055
123000205,534,2211,-1677
123000206,885,147,738
123000207,114,1317,-1203
123000208,331,115,216
123000209,1113,297,816
123000210,422,1912,-1490
123000211,677,4814,-4137
123000212,1592,399,1193
123000213,431,141,290
123000215,146,135,11
123000216,135,396,-261
123000217,155,48,107
123000218,115,309,-194
123000219,1222,73,1149
123000220,407,100,307
123000222,191,342,-151
123000223,177,634,-457
123000224,219,910,-691
123000225,129,111,18
123000226,51,421,-370
123000227,69,405,-336
123000228,165,80,85
123000229,1047,2136,-1089
123000232,88,597,-509
123000233,409,193,216
123000234,123,792,-669
123000235,304,393,-89
123000236,145,907,-762
123000237,145,68,77
123000238,56,941,-885
123000239,285,2156,-1871
123000240,30,276,-246
123000241,1655,136,1519
123000243,1311,1051,260
123000244,758,533,225
123000245,79,148,-69
123000249,400,710,-310
123000252,373,74,299
123000253,355,316,39
123000254,319,1182,-863
123000255,713,908,-195
123000256,216,525,-309
123000257,2370,1540,830
123000258,2208,1747,461
123000259,143,157,-14
123000260,196,488,-292
123000261,255,947,-692
123000262,94,351,-257
123000263,208,121,87
123000264,178,48,130
123000265,63,269,-206
123000266,362,732,-370
123000267,317,385,-68
123000268,48,67,-19
123000269,24,36,-12
123000270,33,33,0
123000271,53,100,-47
123000272,655,146,509
123000273,196,377,-181
123000274,691,393,298
123000275,198,1151,-953
123000278,3930,4227,-297
123000279,69,120,-51
123000280,435,367,68
123000281,226,87,139
123000282,57,267,-210
123000283,86,38,48
123000284,59,168,-109
123000286,312,487,-175
123000287,611,318,293
123000288,591,376,215
123000289,353,452,-99
123000291,243,713,-470
123000294,468,242,226
123000295,717,706,11
123000296,331,488,-157
123000297,320,1484,-1164
123000298,295,877,-582
123000299,144,718,-574
123000300,1485,1505,-20
123000301,125,479,-354
123000302,44,278,-234
123000303,105,111,-6
123000305,989,1044,-55
123000306,27,323,-296
123000309,34,62,-28
123000310,55,35,20
123000311,19,284,-265
123000312,1555,1820,-265
123000313,388,684,-296
123000315,31,466,-435
123000316,435,180,255
123000317,153,42,111
123000318,44,377,-333
123000329,7,19,-12
123000337,216,395,-179
123000338,360,57,303
123000339,114,367,-253
123000340,203,1039,-836
123000342,17,349,-332
123000343,85,1,84
123000344,1815,456,1359
123000345,1378,989,389
123000346,287,440,-153
123000352,2623,612,2011
123000353,12,321,-309
123000354,720,15,705
123000355,52,1482,-1430
123000356,91,10,81
123000357,0,386,-386
123000359,9,288,-279
123000360,175,35,140
123000361,947,303,644
123000362,150,144,6
123000363,77,262,-185
123000364,746,606,140
123000365,26,294,-268
123000366,515,1310,-795
123000367,884,2876,-1992
123000370,31,434,-403
123000371,88,26,62
123000372,100,18,82
123000373,11,438,-427
123000374,9,242,-233
123000375,156,36,120
123000376,543,655,-112
123000377,132,9,123
123000378,4,552,-548
123000379,1,300,-299
123000380,65,217,-152
123000381,195,53,142
123000382,1237,69,1168
123000383,408,685,-277
123000384,452,127,325
123000385,423,846,-423
123000436,143,1739,-1596
123000507,585,508,77
123000508,234,604,-370
123000517,90,14,76
123000518,38,257,-219
123000519,196,19,177
123000520,63,283,-220
123000521,180,141,39
123000522,306,1323,-1017
123000541,2,0,2
123000542,0,49,-49
123000565,197,23,174
123000566,49,1222,-1173
123000567,165,375,-210
123000575,42,1036,-994
123000576,403,38,365
123000577,159,648,-489
123000578,623,61,562
123000579,5140,2780,2360
123000580,60,14,46
123000582,152,19,133
123000583,6,613,-607
123000584,69,168,-99
123000585,0,202,-202
123000586,48,0,48
123000596,123,206,-83
123000597,46,78,-32
123000602,8,1,7
123000603,257,63,194
123000604,821,978,-157
123000605,775,17,758
123000606,1,228,-227
123000609,23,226,-203
123000610,108,99,9
123000613,7,215,-208
123000615,52,379,-327
123000616,124,65,59
123000617,53,548,-495
123000618,45,827,-782
123000619,195,70,125
123000620,51,3671,-3620
123000622,651,49,602
123000624,107,225,-118
123000630,1218,1155,63
123000631,7856,4098,3758
123000632,2344,2499,-155
123000633,38,587,-549
123000634,129,45,84
123000635,358,108,250
123000636,10,804,-794
123000637,127,70,57
123000638,335,505,-170
123000639,1449,2166,-717
123000640,41,1322,-1281
123000648,468,208,260
123000649,279,1472,-1193
123000650,85,110,-25
123000651,279,583,-304
123000652,141,146,-5
123000653,99,903,-804
123000654,659,502,157
123000655,37,589,-552
123000656,433,247,186
123000657,0,63,-63
123000658,44,19,25
123900001,1328,63,1265
123900002,16,815,-799
123900003,294,773,-479
123900005,127,74,53
123900006,191,29,162
124000001,986,53,933
124000002,28,1217,-1189
124000003,282,63,219
124000004,54,857,-803
124000005,433,166,267
124000006,365,1667,-1302
124000007,790,87,703
124000008,27,514,-487
124000009,212,379,-167
124000010,181,737,-556
124000011,664,390,274
124000012,239,908,-669
124000017,70,75,-5
124000018,64,70,-6
124000019,72,83,-11
124000020,31,219,-188
124000021,63,41,22
124000022,64,238,-174
124000023,591,134,457
124000024,972,703,269
124000025,542,251,291
124000026,709,550,159
124000027,1209,381,828
124000028,2791,940,1851
124000031,711,811,-100
124000032,8288,1520,6768
124000033,593,437,156
124000034,2427,1284,1143
124000035,101,89,12
124000036,131,727,-596
124000037,157,419,-262
124000038,41,105,-64
124000039,764,240,524
124000040,573,381,192
124000041,113,78,35
124000042,70,391,-321
124000043,51,48,3
124000044,37,352,-315
124000045,244,608,-364
124000046,157,986,-829
124000047,809,1059,-250
124000048,552,2813,-2261
124000049,697,641,56
124000050,465,3433,-2968
124000051,260,412,-152
124000052,469,1996,-1527
124000053,348,801,-453
124000054,856,894,-38
124000055,829,1025,-196
124000056,5772,1373,4399
124000057,492,350,142
124000058,306,1902,-1596
124000059,324,496,-172
124000060,811,1231,-420
124000061,1051,2351,-1300
124000062,10141,1659,8482
124000063,1185,1494,-309
124000064,2949,1613,1336
124000065,812,290,522
124000066,552,42,510
124000067,63,249,-186
124000068,38,118,-80
124000069,268,394,-126
124000070,144,443,-299
124000071,50,119,-69
124000072,164,513,-349
124000073,431,137,294
124000074,177,925,-748
124000075,59,63,-4
124000076,4,275,-271
124000077,1457,479,978
124000078,1317,358,959
124000079,457,631,-174
124000080,186,97,89
124000081,94,900,-806
124000082,28,95,-67
124000083,32,279,-247
124000084,56,220,-164
124000085,30,46,-16
124000086,28,81,-53
124000087,95,40,55
124000088,82,415,-333
124000089,302,436,-134
124000090,96,447,-351
124000091,477,195,282
124000092,116,911,-795
124000093,61,64,-3
124000094,97,392,-295
124000095,27,40,-13
124000096,82,335,-253
124000097,82,44,38
124000098,46,241,-195
124000099,112,96,16
124000100,46,111,-65
124000101,41,115,-74
124000102,82,99,-17
124000103,73,92,-19
124000104,73,155,-82
124000105,41,50,-9
124000106,150,189,-39
124000107,3,104,-101
124000108,71,86,-15
124000109,80,51,29
124000110,200,149,51
124000111,197,128,69
124000112,344,797,-453
124000113,46,62,-16
124000114,148,860,-712
124000115,233,973,-740
124000116,79,71,8
124000117,63,117,-54
124000118,24,66,-42
124000119,934,669,265
124000120,357,772,-415
124000121,3734,588,3146
124000122,508,1096,-588
124000123,619,362,257
124000124,482,821,-339
124000125,208,290,-82
124000126,263,514,-251
124000127,534,363,171
124000128,416,888,-472
124000129,1456,1136,320
124000130,624,688,-64
124000131,782,452,330
124000132,709,811,-102
124000133,542,664,-122
124000134,587,842,-255
124000135,1331,1072,259
124000136,999,1192,-193
124000137,829,402,427
124000138,920,886,34
124000139,567,70,497
124000140,76,759,-683
124000141,273,39,234
124000142,28,1143,-1115
124000143,52,3,49
124000144,5,220,-215
124000145,29,16,13
124000146,5,105,-100
124000148,2,26,-24
124000149,500,269,231
124000150,321,536,-215
124000151,359,223,136
124000152,598,1441,-843
124000153,247,388,-141
124000154,239,1131,-892
124000155,739,479,260
124000156,1655,887,768
124000169,153,306,-153
124000170,838,460,378
124000171,178,247,-69
124000172,279,736,-457
124000173,229,426,-197
124000174,258,932,-674
124000175,7,143,-136
124000176,15,3,12
124000177,12,31,-19
124000178,6,16,-10
124000185,32,12,20
124000186,11,144,-133
124000187,5,197,-192
124000188,16,15,1
124000190,283,37,246
124000191,1215,80,1135
124000192,1723,236,1487
124000193,475,1191,-716
124000194,336,583,-247
124000195,234,410,-176
124000196,952,1202,-250
124000197,66,71,-5
124000198,12,41,-29
124000201,348,1579,-1231
124000202,359,159,200
124000203,89,1418,-1329
124000204,285,828,-543
124000205,20,996,-976
124000206,199,597,-398
124000207,0,64,-64
124000209,152,555,-403
124000210,184,156,28
124000211,168,2,166
124000212,4,909,-905
124000213,149,490,-341
124000214,113,1219,-1106
124000215,158,19,139
124000216,4,919,-915
124000329,76,3654,-3578
124000338,39,2006,-1967
124000339,251,84,167
124000341,413,56,357
124000344,59,35,24
124000357,1104,2343,-1239
124000358,999,1893,-894
124000359,580,503,77
124000360,284,431,-147
124000361,909,571,338
124000362,1585,1839,-254
124000363,259,714,-455
124000364,530,1250,-720
124000365,626,1308,-682
124000366,3074,1498,1576
124000367,115,822,-707
124000368,167,143,24
124000369,78,108,-30
124000370,52,624,-572
124000402,16,9,7
124000403,34,5,29
124000404,3,116,-113
124000405,628,500,128
124000406,810,796,14
124000407,2,35,-33
124000411,13,464,-451
124000412,203,16,187
124000413,540,57,483
124000414,52,103,-51
124000415,65,277,-212
124000416,103,496,-393
124000417,100,107,-7
124000418,89,143,-54
124000419,79,289,-210
124000420,53,86,-33
124000421,22,408,-386
124000422,30,5,25
124000423,59,47,12
124000424,3,228,-225
124000425,38,6,32
124000426,1,339,-338
124000427,64,10,54
124000428,36,50,-14
124000429,25,62,-37
124000430,433,968,-535
124000431,252,830,-578
124000432,68,1063,-995
124000439,7,3,4
124000443,3,112,-109
124000445,292,465,-173
124000446,3583,60,3523
124000447,11,120,-109
124000448,30,10,20
124000449,38,16,22
124000450,30,786,-756
124000451,7,362,-355
124000452,457,65,392
124000453,2155,2022,133
124000454,3872,3643,229
124000455,8,1632,-1624
124000456,184,7,177
124000457,6,1127,-1121
124000458,1,624,-623
124000459,95,8,87
124000460,4,300,-296
124900001,279,184,95
124900002,72,514,-442
124900003,408,537,-129
124900004,247,357,-110
124900005,139,279,-140
124900006,275,397,-122
124900008,1018,354,664
124900009,77,123,-46
124900010,55,38,17
124900011,153,102,51
124900012,126,61,65
124900013,159,171,-12
124900014,81,99,-18
124900015,107,113,-6
124900016,44,49,-5
124900017,615,391,224
124900018,6,8,-2
124900020,23,31,-8
124900021,83,26,57
124900022,15,7,8
124900024,124,29,95
124900026,33,6,27
124900027,46,101,-55
124900028,648,105,543
124900029,5,254,-249
124900030,4,135,-131
124900031,35,445,-410
124900032,242,127,115
124900033,69,406,-337
124900034,7,131,-124
124900035,100,491,-391
124900036,0,44,-44
124900037,96,454,-358
124900038,175,511,-336
124900039,0,16,-16
124900040,25,89,-64
124900041,202,1732,-1530
124900042,24,2,22
124900043,397,1673,-1276
124900044,57,1,56
124900045,460,737,-277
124900047,83,185,-102
124900048,119,216,-97
124900050,117,405,-288
124900052,98,329,-231
124900053,42,307,-265
124900054,6116,315,5801
124900055,0,162,-162
124900057,25,993,-968
124900060,74,311,-237
124900061,21,4,17
124900062,16,3,13
124900066,0,27,-27
124900067,5,368,-363
124900068,152,168,-16
124900070,21,16,5
124900072,36,22,14
124900075,58,169,-111
124900076,17,389,-372
124900077,11,83,-72
124900078,50,5,45
124900079,885,64,821
124900080,218,996,-778
124900081,377,157,220
124900082,330,1417,-1087
124900083,175,725,-550
124900085,1278,132,1146
124900086,39,394,-355
124900087,498,42,456
124900088,474,101,373
124900089,1685,18,1667
124900090,114,204,-90
124900091,175,717,-542
124900092,181,628,-447
124900093,117,146,-29
124900094,190,208,-18
124900095,31,293,-262
124900096,477,119,358
124900097,188,45,143
124900098,88,417,-329
124900099,584,295,289
124900100,137,33,104
124900101,17,213,-196
124900102,59,31,28
124900103,67,487,-420
124900104,16,458,-442
124900105,45,283,-238
124900106,154,33,121
124900107,55,13,42
124900108,162,41,121
124900111,0,48,-48
124900112,31,996,-965
124900113,75,100,-25
124900114,138,43,95
124900115,24,18,6
124900116,58,76,-18
124900117,1336,141,1195
124900118,115,135,-20
124900119,132,90,42
124900120,54,486,-432
124900121,100,117,-17
124900122,735,225,510
124900123,246,56,190
124900124,132,108,24
124900125,225,5,220
124900126,10,1574,-1564
204000001,33,41,-8
204000002,21,39,-18
204000003,16,3,13
204000004,1,1,0
204000005,350,578,-228
204000006,790,1906,-1116
204000011,9,78,-69
204000012,19,80,-61
204000019,413,615,-202
204000020,321,1169,-848
204000021,2496,1053,1443
204000022,332,558,-226
204000023,279,1047,-768
204000031,109,29,80
204000032,552,36,516
204000034,20,148,-128
204000035,0,1,-1
204000036,13,22,-9
204000037,6,33,-27
204000038,0,42,-42
204000039,2,53,-51
204000040,3,37,-34
204000041,4,37,-33
204000042,23,15,8
204000043,8,0,8
204000044,17,1,16
204000045,16,2,14
204000046,4,4,0
204000057,1,22,-21
204000062,17,251,-234
204000068,38,173,-135
204000069,24,195,-171
204000070,62,140,-78
204000080,17,42,-25
204000085,1376,1753,-377
204000086,3565,2074,1491
204000087,45,22,23
204000088,23,155,-132
204000090,9,272,-263
204000093,11,169,-158
204000096,546,1010,-464
204000097,153,19,134
204000099,731,1259,-528
204000100,768,1272,-504
204000105,1829,1957,-128
204000110,556,1028,-472
204000111,280,817,-537
204000112,446,1092,-646
204000113,336,1003,-667
204000114,439,422,17
204000115,338,497,-159
204000116,423,811,-388
204000119,1591,2350,-759
204000132,407,204,203
204000133,496,318,178
204000134,108,128,-20
204000135,323,138,185
204000136,196,248,-52
204000138,189,269,-80
204000140,105,99,6
204000141,106,69,37
204000144,4,38,-34
204000145,432,36,396
204000146,40,1347,-1307
204000147,67,233,-166
204000148,1075,39,1036
204000154,1,0,1
204000155,1,6,-5
204000177,34,88,-54
204000179,2,4,-2
204000180,0,48,-48
204000222,1,6,-5
204000236,64,792,-728
204000238,13,49,-36
204000240,431,130,301
204000263,538,1729,-1191
204000268,931,836,95
204000308,9,4,5
204000317,5,69,-64
204000322,10,40,-30
204000323,258,58,200
204000328,351,555,-204
204000329,176,682,-506
204000330,237,372,-135
204000331,115,587,-472
205000001,864,1321,-457
205000013,15,52,-37
205000014,13,89,-76
205000015,39,227,-188
205000016,12,168,-156
205000017,20,94,-74
205000022,282,623,-341
205000025,2006,1067,939
205000029,132,6,126
205000045,78,322,-244
205000046,47,838,-791
205000047,17,711,-694
205000048,241,1682,-1441
205000049,142,1059,-917
205000050,2104,368,1736
205000059,1,403,-402
205000060,0,78,-78
205000061,9,51,-42
205000062,3,74,-71
205000063,42,148,-106
205000064,14,172,-158
205000065,48,574,-526
205000066,82,963,-881
205000067,20,1206,-1186
205000069,197,30,167
205000082,157,376,-219
205000110,74,265,-191
205000111,192,342,-150
205000112,111,194,-83
205000113,132,176,-44
205000121,191,134,57
205000123,36,200,-164
205000126,351,268,83
205000127,580,334,246
205000128,623,310,313
205000129,715,220,495
205000130,1049,71,978
205000131,668,20,648
205000132,885,2,883
205000133,448,1,447
205000134,155,0,155
205000137,91,156,-65
205000138,261,242,19
205000139,13,69,-56
205000144,78,112,-34
205000145,198,236,-38
205000151,173,88,85
205000152,119,67,52
205000153,118,112,6
205000154,42,114,-72
205000155,115,36,79
205000207,16,141,-125
205000233,24,2,22
205000234,0,0,0
205000243,0,0,0
205000244,0,5,-5
205000245,15,322,-307
205000249,0,34,-34
205000250,0,1,-1
205000264,9,78,-69
206000027,8,3,5
206000028,4,1,3
206000043,13,113,-100
206000053,2,3,-1
206000054,5,15,-10
206000055,1,34,-33
206000075,2,7,-5
206000076,5,7,-2
206000077,11,10,1
206000078,6,7,-1
206000079,27,7,20
206000082,217,16,201
206000100,94,584,-490
206000103,3,19,-16
206000104,9,18,-9
206000105,4,23,-19
206000106,6,43,-37
206000125,45,0,45
206000157,97,596,-499
206000170,0,141,-141
206000171,3,194,-191
206000172,3,1013,-1010
206000173,1,404,-403
206000174,4,142,-138
206000175,1,240,-239
206000176,9,425,-416
206000177,0,287,-287
206000178,5,187,-182
206000179,3,124,-121
206000180,25,237,-212
206000181,13,366,-353
206000182,14,379,-365
206000183,30,1353,-1323
206000184,2,459,-457
206000185,2,450,-448
206000186,70,2261,-2191
206000223,5,371,-366
206000226,4,5,-1
206000227,18,2,16
206000237,29,560,-531
206000238,52,889,-837
206000239,814,2500,-1686
206000240,3,64,-61
206000241,0,118,-118
206000242,13,604,-591
206000243,4,554,-550
206000244,56,1273,-1217
206000245,287,42,245
206000246,39,7,32
206000247,63,18,45
206000248,172,7,165
206000252,35,14,21
206000258,21,30,-9
206000315,18,6,12
206000317,220,66,154
206000318,184,50,134
206000319,331,77,254
206000320,22,34,-12
206000321,29,5,24
206000322,119,7,112
206000323,41,6,35
206000324,39,5,34
206000325,64,10,54
206000326,73,1,72
206000327,195,13,182
206000328,71,4,67
206000329,51,18,33
206000330,25,9,16
206000331,45,2,43
206000332,6,6,0
206000333,206,3,203
206000334,91,0,91
206000335,0,12,-12
206000361,4,277,-273
206000392,4,34,-30
206000405,100,1,99
206000441,15,15,0
206000498,44,11,33
206000515,65,18,47
206000530,86,51,35
206000531,81,76,5
206000532,2370,63,2307
206000535,374,2635,-2261
206000536,28,359,-331
206000537,21,211,-190
206000613,914,130,784
206000784,310,26,284
207000001,144,408,-264
207000002,142,413,-271
207000003,125,284,-159
207000007,418,239,179
207000008,34,13,21
207000009,51,29,22
207000010,415,784,-369
207000012,157,234,-77
207000015,369,2270,-1901
207000019,167,92,75
207000021,319,158,161
207000022,102,63,39
207000023,81,23,58
207000024,2,12,-10
207000025,12,60,-48
207000026,102,59,43
207000027,19,74,-55
207000028,89,233,-144
207000029,262,382,-120
207000033,191,189,2
207000034,168,69,99
207000039,207,107,100
207000040,109,105,4
207000041,23,29,-6
207000042,105,56,49
207000043,155,147,8
207000051,87,360,-273
207000052,13,269,-256
207000053,340,871,-531
207000054,30,214,-184
207000055,54,305,-251
207000056,179,610,-431
207000057,120,348,-228
207000058,80,742,-662
207000059,50,1475,-1425
207000060,51,525,-474
207000061,132,204,-72
207000062,153,78,75
207000063,151,146,5
207000064,198,165,33
207000065,204,189,15
207000066,91,166,-75
207000067,41,111,-70
207000068,100,67,33
207000069,476,353,123
207000082,39,635,-596
207000083,52,595,-543
207000084,84,178,-94
207000085,127,3,124
207000086,71,6,65
207000106,10,25,-15
207000107,34,15,19
207000108,27,7,20
207000109,26,20,6
207000110,36,56,-20
207000111,36,82,-46
207000112,145,254,-109
207000114,13,39,-26
207000115,9,113,-104
207000116,6,235,-229
207000117,4,116,-112
207000118,11,90,-79
207000119,14,101,-87
207000123,94,23,71
207000124,60,13,47
207000125,41,42,-1
207000126,48,44,4
207000134,25,387,-362
207000135,19,423,-404
207000148,41,194,-153
207000149,92,23,69
207000152,159,330,-171
207000153,776,884,-108
207000154,404,194,210
207000159,62,435,-373
207000160,86,907,-821
207000238,1,125,-124
207000242,4,177,-173
207000248,19,23,-4
207000249,129,68,61
207000250,694,56,638
207000251,78,65,13
207000252,41,68,-27
207000278,25,56,-31
207000279,19,302,-283
207000280,171,64,107
207000281,76,1955,-1879
207000282,114,26,88
207000283,75,391,-316
207000284,36,62,-26
207000285,251,37,214
207000291,11,119,-108
207000304,54,48,6
207000306,60,461,-401
207000310,36,56,-20
207000353,311,9,302
207000356,6,21,-15
207000357,15,5,10
207000358,3,23,-20
207000415,14,152,-138
207000417,8,5,3
207000418,59,149,-90
207000438,0,5,-5
207000439,861,264,597
207000446,102,22,80
207000460,21,7,14
207000466,182,200,-18
207000467,104,72,32
207000468,27,786,-759
207000476,5,112,-107
207000477,171,100,71
207000478,3,9,-6
207000523,0,15,-15
207000524,94,0,94
207000527,71,126,-55
207000530,147,23,124
207000531,135,6,129
207000532,30,11,19
207000534,553,38,515
207000535,46,171,-125
207000537,21,61,-40
207000540,6,205,-199
207000541,1,343,-342
207000548,12,297,-285
207000549,116,11,105
207000561,54,94,-40
207000562,24,206,-182
207000567,140,323,-183
207000568,42,130,-88
207000569,150,1602,-1452
207000584,246,139,107
207000585,77,145,-68
207000587,31,28,3
207000616,0,193,-193
207000617,58,0,58
207000624,61,30,31
207000631,1,51,-50
207900008,79,509,-430
208000001,356,813,-457
208000002,373,632,-259
208000003,686,870,-184
208000004,847,868,-21
208000005,23,20,3
208000019,288,861,-573
208000020,143,476,-333
208000021,113,796,-683
208000022,461,935,-474
208000028,1199,687,512
208000033,294,1037,-743
208000034,1360,2149,-789
208000037,477,63,414
208000040,56,147,-91
208000041,422,392,30
208000042,439,464,-25
208000047,90,569,-479
208000064,2196,1594,602
208000066,1287,1153,134
208000070,225,459,-234
208000071,233,960,-727
208000072,242,1520,-1278
208000080,133,422,-289
208000081,159,286,-127
208000082,146,339,-193
208000083,130,447,-317
208000084,34,15,19
208000085,887,595,292
208000086,415,891,-476
208000087,236,890,-654
208000089,656,916,-260
208000090,421,1423,-1002
208000093,74,145,-71
208000094,331,688,-357
208000095,541,455,86
208000104,749,1200,-451
208000105,446,1215,-769
208000114,57,152,-95
208000115,353,380,-27
208000116,162,778,-616
208000117,41,125,-84
208000118,78,102,-24
208000155,481,1102,-621
208000158,1325,2778,-1453
208000186,2791,2426,365
208000204,350,1221,-871
208000205,911,1828,-917
208000282,3555,1430,2125
209000004,88,261,-173
209000005,23,28,-5
209000006,579,98,481
209000007,344,162,182
209000010,462,171,291
209000011,189,256,-67
209000012,92,153,-61
209000013,173,749,-576
209000014,552,1917,-1365
209000025,175,38,137
209000026,548,73,475
209000027,450,1552,-1102
209000028,281,1265,-984
209000029,906,1221,-315
209000030,582,2143,-1561
209000031,5436,2594,2842
209000034,132,137,-5
209000035,127,114,13
209000036,101,123,-22
209000037,128,269,-141
209000038,75,177,-102
209000039,39,166,-127
209000040,281,473,-192
209000041,148,380,-232
209000042,192,372,-180
209000043,666,698,-32
209000044,153,670,-517
209000045,990,389,601
209000046,258,521,-263
209000047,211,205,6
209000048,283,227,56
209000049,61,187,-126
209000050,147,267,-120
209000051,240,565,-325
209000052,168,569,-401
209000062,38,164,-126
209000063,36,179,-143
209000064,16,185,-169
209000065,17,52,-35
209000066,30,68,-38
209000067,45,129,-84
209000080,36,297,-261
209000082,64,54,10
209000091,27,94,-67
209000093,59,45,14
209000094,197,159,38
209000110,18,64,-46
209000111,248,1122,-874
209000112,579,576,3
209000113,1609,454,1155
209000114,184,370,-186
209000115,63,262,-199
209000116,1233,687,546
209000118,52,44,8
209000119,61,10,51
209000121,108,732,-624
209000135,69,74,-5
209000142,574,1272,-698
209000143,128,108,20
209000144,60,55,5
209000229,99,205,-106
209000240,69,785,-716
209000259,62,167,-105
209000260,76,931,-855
209000261,6,658,-652
209000262,1,714,-713
209000263,0,133,-133
209000264,0,28,-28
209000265,174,0,174
209000266,62,1,61
209000267,355,10,345
209000268,313,46,267
210000037,38,31,7
210000047,46,31,15
210000048,29,52,-23
210000049,34,36,-2
210000052,23,166,-143
210000053,11,120,-109
210000054,36,118,-82
210000070,47,0,47
210000071,38,0,38
210000072,15,0,15
210000073,0,58,-58
210000074,0,125,-125
210000075,0,54,-54
210000076,13,135,-122
210000077,51,35,16
210000078,54,31,23
210000079,54,10,44
210000080,130,43,87
210000081,84,13,71
210000082,61,0,61
210000083,38,0,38
210000084,19,1,18
210000085,1,130,-129
210000086,2,148,-146
210000099,48,264,-216
210000100,30,250,-220
210000101,50,330,-280
210000105,32,233,-201
210000159,0,85,-85
210000163,241,261,-20
210000164,220,86,134
210000168,264,22,242
210000187,0,21,-21
210000188,0,43,-43
210000214,6,0,6
210000219,15,61,-46
210000220,51,199,-148
210000232,3,21,-18
210000233,25,67,-42
210000234,26,163,-137
210000235,15,207,-192
210000245,1,39,-38
210000246,62,30,32
210000258,12,115,-103
210000259,162,23,139
210000282,61,190,-129
210000285,2,121,-119
210000286,14,179,-165
210000290,1,12,-11
210000295,27,248,-221
210000296,43,106,-63
210000320,112,197,-85
210000321,103,88,15
210000338,105,148,-43
210000339,507,737,-230
210000340,132,263,-131
210000341,131,290,-159
210000342,104,199,-95
210000343,79,207,-128
210000344,268,124,144
210000345,191,202,-11
210000346,57,110,-53
210000347,201,31,170
210000348,224,12,212
210000349,148,14,134
210000350,37,55,-18
210000351,67,128,-61
210000352,46,141,-95
210000353,14,161,-147
210000354,46,134,-88
210000355,66,101,-35
210000356,80,53,27
210000357,45,55,-10
210000358,393,95,298
210000359,138,59,79
210000360,137,107,30
210000361,115,168,-53
210000362,147,174,-27
210000363,855,138,717
210000364,91,84,7
210000365,76,33,43
210000366,91,41,50
210000367,33,41,-8
210000368,131,25,106
210000369,15,28,-13
210000370,51,90,-39
210000372,124,37,87
210000373,112,14,98
210000374,50,1,49
210000375,36,120,-84
210000376,86,194,-108
210000404,85,184,-99
210000439,10,74,-64
210000472,95,8,87
210000482,63,84,-21
210000564,408,96,312
210000567,2,40,-38
210000568,666,4,662
211000092,14,88,-74
211000094,25,10,15
211000169,218,6,212
211000172,10,267,-257
211000209,1,20,-19
211000226,13,20,-7
211000270,32,8,24
211000275,18,41,-23
211000276,56,29,27
211000279,0,80,-80
211000281,25,95,-70
211000302,18,80,-62
211507980,0,15,-15
211977296,47,3,44
212000003,149,65,84
212000004,89,22,67
212000005,31,33,-2
212000006,26,131,-105
212000008,97,396,-299
212000009,17,339,-322
212000012,35,81,-46
212000013,5,51,-46
212000014,133,160,-27
212000015,160,256,-96
212000016,278,649,-371
212000027,327,624,-297
212000028,198,491,-293
212000029,122,325,-203
212000030,8,44,-36
212000031,23,107,-84
212000048,10,60,-50
212000049,6,80,-74
212000050,6,11,-5
212000051,112,330,-218
212000052,90,550,-460
212000053,216,725,-509
212000054,68,128,-60
212000055,151,276,-125
212000056,6,45,-39
212000057,9,31,-22
212000058,522,28,494
212000070,78,452,-374
212000077,67,784,-717
212000099,107,266,-159
212000108,229,235,-6
212000111,129,165,-36
212000120,233,189,44
212000138,60,23,37
212000156,8,100,-92
212000158,5,24,-19
212000159,114,67,47
212000160,256,217,39
212000161,30,14,16
212000310,12,25,-13
212000311,6,105,-99
212000374,15,15,0
213000001,32,862,-830
213000005,257,89,168
213000006,825,102,723
213000007,89,17,72
213000009,566,198,368
213000010,147,169,-22
213000011,179,109,70
213000012,116,324,-208
213000014,38,9,29
213000015,104,5,99
213000016,153,1,152
213000017,3,0,3
213000018,1,211,-210
213000019,2,232,-230
213000020,84,343,-259
213000021,6,110,-104
213000023,123,166,-43
213000033,168,805,-637
213000034,528,265,263
213000035,74,238,-164
213000045,80,311,-231
213000046,136,242,-106
213000047,496,721,-225
213000056,43,28,15
213000069,52,2,50
213000073,1,12,-11
213000074,164,730,-566
213000075,336,12,324
213000076,11,4,7
213000085,3,44,-41
213000086,10,331,-321
213000091,72,10,62
213000092,14,3,11
213000099,166,805,-639
213000100,997,227,770
213000101,141,124,17
213000102,191,471,-280
213000103,695,968,-273
213000104,43,736,-693
213000105,2,112,-110
213000106,19,265,-246
213000107,119,954,-835
213000108,28,609,-581
213000109,1,323,-322
213000110,11,89,-78
213000111,6,77,-71
213000112,157,144,13
213000115,22,3,19
213000116,132,1232,-1100
213000117,11,1705,-1694
213000118,137,424,-287
213000119,46,1168,-1122
213000120,98,1179,-1081
213000122,330,954,-624
213000123,1039,1150,-111
213000124,66,1240,-1174
213000125,87,10,77
213000126,39,102,-63
213000127,155,148,7
213000128,756,422,334
213000129,347,316,31
213000130,208,192,16
213000132,128,72,56
213000133,173,129,44
213000134,533,19,514
213000136,261,19,242
213000137,335,69,266
213000139,399,12,387
213000147,77,1,76
213000148,16,11,5
213000149,75,4,71
213000150,0,53,-53
213000151,3,87,-84
213000152,0,79,-79
213000153,0,33,-33
213000154,26,424,-398
213000155,17,494,-477
213000156,69,1212,-1143
213000157,1321,581,740
213000158,168,482,-314
213000159,239,799,-560
213000163,276,93,183
213000165,330,131,199
213000171,34,195,-161
213000172,37,391,-354
213000173,1,127,-126
213000174,0,27,-27
213000175,7,72,-65
213000176,5,121,-116
213000177,4,22,-18
213000178,10,5,5
213000179,124,32,92
213000180,89,86,3
213000184,60,620,-560
213000188,161,118,43
213000189,176,30,146
213000190,544,930,-386
213000191,182,658,-476
213000192,102,852,-750
213000193,2585,139,2446
213000194,0,46,-46
213000195,13,707,-694
213000196,250,1008,-758
213000197,191,452,-261
213000198,19,0,19
213000200,75,1255,-1180
213000201,56,54,2
213000202,13,1110,-1097
213000203,4478,392,4086
213000204,405,58,347
213000205,113,45,68
213000206,235,49,186
213000207,49,19,30
213000208,86,0,86
213000209,94,2,92
213000210,347,1,346
213000211,4,14,-10
213000212,10,14,-4
213000213,9,8,1
213000218,150,908,-758
213000219,279,9,270
213000220,277,4,273
213000223,162,104,58
213000224,32,29,3
213000225,28,5,23
213000226,45,10,35
213000227,366,184,182
213000228,142,92,50
213000229,405,35,370
213000230,236,27,209
213000232,99,561,-462
213000233,2,17,-15
213000234,9,46,-37
213000293,6,62,-56
213000294,90,10,80
213000295,6,73,-67
213000296,50,24,26
213000297,4,115,-111
213000298,6,72,-66
213000299,46,66,-20
213000300,35,4,31
213000303,2,17,-15
213000304,2,5,-3
213000305,3,6,-3
213000306,74,32,42
213000307,381,79,302
213000308,68,375,-307
213000309,94,53,41
213000310,66,104,-38
213000311,231,687,-456
213000315,58,211,-153
213000316,37,40,-3
213000322,33,37,-4
213000323,14,45,-31
213000340,91,1270,-1179
213000341,145,121,24
213000346,108,60,48
213000347,642,91,551
213000348,1,112,-111
213000349,28,5,23
213000350,233,1893,-1660
213000366,45,483,-438
213000367,127,59,68
213000379,36,265,-229
213000386,9,243,-234
213000406,96,297,-201
213000417,787,300,487
213000425,25,36,-11
213000426,25,69,-44
213000427,10,366,-356
213000428,20,282,-262
213000429,12,5,7
213000430,86,1596,-1510
213000431,30,4,26
213000432,0,14,-14
213000433,6,136,-130
213000434,24,118,-94
213000435,38,135,-97
213000439,40,14,26
213000441,0,2,-2
213000443,306,505,-199
213000445,0,149,-149
213000446,1,9,-8
213000447,5,62,-57
213000448,6,72,-66
213000449,90,1,89
213000450,6,47,-41
213000451,86,55,31
213000452,9,30,-21
213000453,46,397,-351
213000455,140,0,140
213000456,1,83,-82
213000481,23,14,9
213000482,30,4,26
213000489,407,51,356
213000491,0,152,-152
213000492,299,1,298
213000493,0,62,-62
213000494,63,121,-58
213000495,0,21,-21
213000496,114,234,-120
213000497,27,258,-231
213000498,50,183,-133
213000499,71,444,-373
213000500,76,68,8
213000501,25,21,4
213000502,148,30,118
213000503,1,41,-40
213000504,0,75,-75
213000505,6,158,-152
213000506,0,3,-3
213000507,1,119,-118
213900244,3,0,3
213900245,0,22,-22
218000003,29,12,17
218000004,22,7,15
218000005,17,47,-30
218000006,49,23,26
218000007,1,20,-19
218000012,455,147,308
218000013,59,128,-69
218000014,292,325,-33
218000019,673,456,217
218000020,218,519,-301
218000040,2,1,1
218000046,22,187,-165
218000047,5,281,-276
218000048,14,422,-408
218000049,80,278,-198
218000050,226,356,-130
218000051,45,512,-467
218000052,0,178,-178
218000053,5,25,-20
218000054,18,20,-2
218000055,6,13,-7
218000056,9,36,-27
218000057,4,43,-39
218000064,1,3,-2
218000065,19,62,-43
218000066,1,50,-49
218000067,19,164,-145
218000068,26,100,-74
218000069,72,255,-183
218000070,73,312,-239
218000071,125,247,-122
218000072,235,297,-62
218000078,557,1680,-1123
218000079,30,45,-15
218000080,34,71,-37
218000081,139,303,-164
218000082,20,180,-160
218000083,22,59,-37
218000084,33,152,-119
218000085,80,496,-416
218000086,20,223,-203
218000087,143,318,-175
218000090,1,76,-75
218000091,670,449,221
218000092,45,210,-165
218000093,48,150,-102
218000094,364,758,-394
218000099,213,345,-132
218000100,142,221,-79
218000101,90,138,-48
218000102,149,355,-206
218000103,39,175,-136
218000104,36,61,-25
218000105,22,7,15
218000106,12,6,6
218000107,44,80,-36
218000108,1,51,-50
218000112,42,21,21
218000117,20,39,-19
218000134,264,1101,-837
218000135,29,179,-150
218000136,172,57,115
218000137,137,97,40
218000138,14,119,-105
218000139,99,365,-266
218000140,157,205,-48
218000141,45,63,-18
218000142,79,103,-24
218000143,23,105,-82
218000144,28,69,-41
218000145,177,470,-293
218000146,67,119,-52
218000151,4,18,-14
218000152,46,37,9
218000170,1,24,-23
218000171,19,17,2
218000172,7,10,-3
218000173,35,15,20
218000174,7,3,4
218000176,85,31,54
218000177,191,128,63
218000178,40,109,-69
218000179,64,56,8
218000180,46,19,27
218000181,93,36,57
218000187,7,19,-12
218000188,26,49,-23
218000189,19,61,-42
218000190,0,9,-9
218000191,59,206,-147
218000192,107,580,-473
218000193,279,635,-356
218000194,48,625,-577
218000195,71,76,-5
218000196,188,280,-92
218000197,99,369,-270
218000198,5,156,-151
218000199,18,39,-21
218000200,37,62,-25
218000201,3,20,-17
218000202,308,165,143
218000207,23,93,-70
218000208,21,89,-68
218000211,46,27,19
218000213,111,90,21
218000214,6,39,-33
218000215,62,87,-25
218000217,2,213,-211
218000218,115,84,31
218000219,87,24,63
218000220,249,301,-52
218000221,1142,154,988
218000222,41,20,21
218000223,16,136,-120
218000224,8,55,-47
218000225,81,15,66
218000226,36,46,-10
218000232,29,146,-117
218000239,50,2,48
218000240,3,2,1
218000241,8,0,8
218000242,14,1,13
218000243,30,2,28
218000244,8,1,7
218000245,15,2,13
218000246,0,5,-5
218000247,1,1,0
218000248,0,30,-30
218000249,0,2,-2
218000250,3,11,-8
218000251,0,20,-20
218000252,1,22,-21
218000253,6,16,-10
218000254,0,13,-13
218000255,1,6,-5
218000256,0,45,-45
218000267,1424,1063,361
218000268,11,48,-37
218000269,4,9,-5
218000270,31,81,-50
218000271,16,68,-52
218000273,3,22,-19
218000274,6,17,-11
218000275,8,33,-25
218000276,4,43,-39
218000278,9,16,-7
218000279,13,110,-97
218000280,8,45,-37
218000281,6,13,-7
218000282,571,260,311
218000284,210,27,183
218000301,43,88,-45
218000302,32,35,-3
218000303,31,84,-53
218000316,547,1245,-698
218000317,598,1303,-705
218000318,266,909,-643
218000319,568,2231,-1663
218000320,374,927,-553
218000338,70,27,43
218000345,118,52,66
218000346,69,130,-61
218000459,30,412,-382
218000490,76,70,6
218000501,45,29,16
218000502,81,111,-30
218000503,44,9,35
218000504,132,9,123
218000505,29,195,-166
218000506,23,195,-172
218000508,0,4,-4
218000510,143,10,133
218000520,106,85,21
218000521,3,143,-140
218000522,0,152,-152
218000523,164,7,157
218000524,7,107,-100
218000525,34,14,20
218000526,14,83,-69
218000529,31,574,-543
218000531,4,27,-23
218000532,14,39,-25
218000534,49,17,32
218000537,49,35,14
218000538,107,119,-12
218000540,211,34,177
218000543,66,43,23
218000544,32,104,-72
218000545,33,44,-11
218000546,18,150,-132
218000547,51,76,-25
218000548,68,278,-210
218000549,219,121,98
218000550,160,619,-459
218000551,150,567,-417
218000552,302,29,273
218000553,28,86,-58
218000554,17,61,-44
218000555,18,69,-51
218000556,84,566,-482
218000557,175,177,-2
218000558,14,0,14
218000559,0,16,-16
218000560,1,15,-14
218000561,13,1,12
218000562,36,175,-139
218000563,146,11,135
218000564,7,95,-88
218000565,64,18,46
218000566,160,13,147
218000567,2,46,-44
218000568,4,5,-1
218000569,5,97,-92
218000570,112,6,106
218000571,0,95,-95
218000572,85,0,85
218000573,9,45,-36
218000574,73,56,17
218000575,60,0,60
218000576,0,62,-62
218000577,60,0,60
218000578,0,111,-111
218000585,21,0,21
218000586,1,60,-59
218000587,45,2,43
218000589,0,2,-2
218000590,4,0,4
218000591,6,6,0
218000592,2,0,2
218000593,4,0,4
218000594,15,7,8
218000597,4,0,4
218000598,0,0,0
218000599,10,3,7
218000600,0,0,0
218000601,0,2,-2
218000602,0,9,-9
218000603,0,2,-2
218000604,25,22,3
218000605,0,15,-15
218000606,118,0,118
218000607,17,50,-33
218000608,10,63,-53
218000609,7,42,-35
218000610,14,74,-60
218000611,87,23,64
218000612,2,44,-42
218000613,83,56,27
218000614,8,34,-26
218000615,107,25,82
218000616,2,158,-156
218000617,51,4,47
218000618,0,40,-40
218000619,9,27,-18
218000620,0,9,-9
218000621,1,1,0
218000622,0,1,-1
218000623,17,2,15
218000624,0,9,-9
218000625,3,3,0
218000626,0,2,-2
218000628,83,25,58
218000631,30,24,6
218000632,1,64,-63
218000633,25,1,24
218000634,1,28,-27
218000635,6,11,-5
218000636,448,1932,-1484
218000637,422,646,-224
218000638,59,87,-28
218000639,13,237,-224
218000640,86,65,21
218000641,45,450,-405
218000652,50,148,-98
218000653,95,33,62
218000663,5,296,-291
218000675,29,61,-32
218000680,159,947,-788
218000681,384,152,232
218000691,85,727,-642
218000693,91,182,-91
218000718,670,511,159
218000719,1230,115,1115
218000720,3,45,-42
218000721,30,14,16
218001147,5,821,-816
218001214,16,17,-1
218001258,89,6,83
218001329,150,130,20
218001330,124,200,-76
218001351,6,12,-6
218001352,5,12,-7
218001353,9,10,-1
218001354,7,19,-12
218001355,109,576,-467
218001356,65,7,58
218001357,42,522,-480
218001358,56,8,48
218001361,156,28,128
218001362,1,1077,-1076
219000001,37,111,-74
219000002,48,68,-20
219000003,47,38,9
219000004,39,56,-17
219000017,144,14,130
219000020,62,15,47
219000022,104,1,103
219000023,58,0,58
219000029,0,95,-95
219000034,27,11,16
219000039,28,59,-31
219000040,17,15,2
219000041,55,53,2
219000051,0,45,-45
219000052,0,19,-19
219000053,2,376,-374
219000055,50,0,50
219000056,17,0,17
219000057,63,0,63
219000062,27,381,-354
219000063,48,7,41
219000064,6,38,-32
219000110,190,34,156
219000111,114,20,94
219000112,117,44,73
219000113,98,36,62
219000114,168,37,131
219000116,40,31,9
219000117,99,92,7
219000118,57,83,-26
219000123,480,119,361
219000124,41,60,-19
219000125,14,29,-15
219000126,99,98,1
219000127,1,10,-9
219000128,25,99,-74
219000129,23,175,-152
219000130,664,715,-51
219000131,553,464,89
219000133,70,40,30
219000134,3,24,-21
219000135,13,35,-22
219000136,139,187,-48
219000138,33,13,20
219000139,10,77,-67
219000140,21,1,20
219000141,7,165,-158
219000142,5,140,-135
219000143,6,122,-116
219000145,20,68,-48
219000146,10,64,-54
219000147,1,67,-66
219000148,1,97,-96
219000149,17,246,-229
219000150,0,148,-148
219000151,5,101,-96
219000157,126,143,-17
219000158,104,289,-185
219000161,132,14,118
219000163,1332,455,877
219000166,43,194,-151
219000167,77,278,-201
219000168,216,90,126
219000174,214,109,105
219000175,26,0,26
219000176,55,6,49
219000177,11,2,9
219000178,11,3,8
219000179,2,6,-4
219000180,12,38,-26
219000182,54,17,37
219000183,14,28,-14
219000184,30,8,22
219000185,0,105,-105
219000186,28,59,-31
219000187,21,130,-109
219000189,188,184,4
219000190,162,301,-139
219000191,1327,847,480
219000192,128,74,54
219000193,756,161,595
219000195,2,74,-72
219000196,3,151,-148
219000198,27,211,-184
219000199,123,171,-48
219000200,35,187,-152
219000201,87,226,-139
219000203,31,121,-90
219000204,92,230,-138
219000205,54,216,-162
219000207,209,233,-24
219000209,27,102,-75
219000210,98,145,-47
219000213,15,479,-464
219000239,166,279,-113
219000240,137,312,-175
219000241,76,339,-263
219000242,41,261,-220
219000243,79,502,-423
219000244,51,268,-217
219000245,42,61,-19
219000246,37,18,19
219000247,54,40,14
219000248,397,202,195
219000249,107,44,63
219000250,49,84,-35
219000251,369,148,221
219000252,190,121,69
219000253,165,54,111
219000255,46,85,-39
219000256,60,75,-15
219000257,90,25,65
219000262,82,290,-208
219000263,27,296,-269
219000267,1,268,-267
219000268,4,13,-9
219000269,4,5,-1
219000270,5,0,5
219000271,68,4,64
219000278,0,27,-27
219000279,1,0,1
219000283,0,14,-14
219000295,4,160,-156
219000296,36,649,-613
219000297,9,193,-184
219000298,8,307,-299
219000299,253,70,183
219000300,18,304,-286
219000301,437,299,138
219000302,21,194,-173
219000307,28,49,-21
219000308,20,29,-9
219000311,58,64,-6
219000312,285,52,233
219000313,101,26,75
219000314,83,579,-496
219000315,144,16,128
219000316,197,37,160
219000317,22,30,-8
219000320,0,27,-27
219000321,0,8,-8
219000323,2,112,-110
219000325,3,48,-45
219000326,56,123,-67
219000327,17,54,-37
219000328,10,65,-55
219000329,201,79,122
219000330,15,36,-21
219000331,24,40,-16
219000332,30,69,-39
219000333,2,1,1
219000335,53,4,49
219000337,3,2,1
219000338,71,1,70
219000344,26,102,-76
219000345,67,126,-59
219000346,26,172,-146
219000348,42,318,-276
219000349,30,357,-327
219000350,31,81,-50
219000351,18,2,16
219000352,149,37,112
219000353,75,33,42
219000354,91,151,-60
219000355,84,39,45
219000356,1196,421,775
219000363,170,26,144
219000364,72,25,47
219000365,44,10,34
219000366,254,210,44
219000368,300,335,-35
219000370,883,215,668
219000371,10,9,1
219000382,3,9,-6
219000383,710,791,-81
219000385,481,495,-14
219000386,984,1366,-382
219000387,3,4,-1
219000390,3,2,1
219000391,1,1,0
219000397,53,71,-18
219000398,38,17,21
219000401,6,98,-92
219000402,16,120,-104
219000403,98,178,-80
219000404,17,88,-71
219000407,5,21,-16
219000409,19,32,-13
219000410,32,26,6
219000411,30,13,17
219000446,265,439,-174
219000447,1,22,-21
219000448,6,1,5
219000452,87,50,37
219000453,70,134,-64
219000454,302,165,137
219000556,113,53,60
219000558,90,420,-330
219000590,16,224,-208
219000591,33,48,-15
219000592,67,382,-315
219000595,1,35,-34
219000635,58,85,-27
219000636,24,124,-100
219000657,11,14,-3
219000658,5,36,-31
219000673,0,9,-9
219000676,3,0,3
219000679,34,5,29
219000684,40,2,38
219000685,0,100,-100
219000686,0,1,-1
219000688,1,130,-129
219000689,40,190,-150
219000690,114,17,97
219000691,74,162,-88
219000692,141,28,113
219000693,1,23,-22
219000694,4,0,4
219000695,13,1,12
219000698,84,0,84
219000699,0,6,-6
219000727,13,317,-304
219000728,56,3,53
219000770,5,1,4
219000771,0,20,-20
219000788,268,440,-172
219001150,3,13,-10
219001151,0,5,-5
219001166,45,8,37
219001167,0,108,-108
219001178,29,2,27
220000001,34,39,-5
220000002,16,195,-179
220000003,377,291,86
220000004,643,682,-39
220000005,1304,1251,53
220000006,239,918,-679
220000007,251,834,-583
220000008,278,1327,-1049
220000009,168,624,-456
220000010,196,246,-50
220000011,552,2820,-2268
220000012,255,652,-397
220000014,596,373,223
220000015,42,197,-155
220000017,39,479,-440
220000018,7674,1347,6327
220000019,44,215,-171
220000020,307,230,77
220000021,299,157,142
220000022,273,635,-362
220000023,90,192,-102
220000024,1208,327,881
220000025,640,437,203
220000026,171,146,25
220000027,15,110,-95
220000028,23,38,-15
220000029,817,558,259
220000030,151,171,-20
220000031,157,330,-173
220000064,26,1203,-1177
221000046,3,0,3
221000047,0,1,-1
221000048,0,5,-5
221000049,0,8,-8
221000050,7,0,7
221000055,29,42,-13
221000057,23,18,5
221000068,301,54,247
221000069,273,47,226
221000070,120,22,98
221000071,33,10,23
221000072,151,16,135
221000073,105,31,74
221000074,4,8,-4
221000075,7,14,-7
221000076,6,33,-27
221000077,18,72,-54
221000081,27,5,22
221000082,23,3,20
221000083,60,3,57
221000084,2,1,1
221000085,9,53,-44
221000086,8,127,-119
221000087,1,143,-142
221000088,8,142,-134
221000089,31,229,-198
221000090,86,491,-405
221000098,95,12,83
221000099,117,14,103
221000100,64,4,60
221000101,165,12,153
221000102,69,30,39
221000109,5,74,-69
221000110,10,132,-122
221000111,23,175,-152
221000112,5,191,-186
221000113,14,232,-218
221000114,7,211,-204
221000120,6,21,-15
221000121,13,14,-1
221000122,19,13,6
221000123,12,54,-42
221000124,28,294,-266
221000155,44,13,31
221000156,49,52,-3
221000175,0,5,-5
221000176,3,2,1
221000182,23,5,18
221000241,559,187,372
221000242,170,351,-181
221000243,357,73,284
221000244,113,506,-393
221000245,72,107,-35
221000246,21,364,-343
221000247,77,84,-7
221000248,76,260,-184
221000267,21,1017,-996
221000325,22,43,-21
221000331,0,131,-131
221000338,7,26,-19
221000378,68,19,49
221000381,91,143,-52
222000282,2,1,1
222000296,0,11,-11
222000568,231,8,223
222000569,92,17,75
222000570,63,5,58
222000571,149,11,138
222000577,2,310,-308
222000578,23,230,-207
222000579,55,191,-136
222000580,149,817,-668
222000599,1,151,-150
222000600,0,287,-287
222000601,10,857,-847
222000603,4,10,-6
222000604,4,19,-15
222000605,6,12,-6
222000606,1,3,-2
222000607,4,1,3
222000608,7,13,-6
222000609,34,470,-436
222000616,122,40,82
222000617,8,22,-14
222000618,2,5,-3
222000620,72,13,59
222000621,35,12,23
222000623,349,2,347
222000624,229,3,226
222000625,195,35,160
222000636,67,1,66
222000686,11,9,2
222000687,12,22,-10
222001066,431,5,426
222001067,7,25,-18
222001068,10,149,-139
222001069,10,99,-89
222001082,1,49,-48
222001083,0,55,-55
222001084,0,41,-41
222001085,0,60,-60
222001111,9,355,-346
222001112,49,52,-3
222001313,4,4,0
222001314,2,69,-67
222001464,57,40,17
222001465,17,451,-434
222001484,49,35,14
222001485,14,91,-77
222001494,95,97,-2
222001495,65,743,-678
222001496,159,60,99
222001497,83,864,-781
222001502,10,126,-116
222001503,40,39,1
222001504,13,225,-212
222001505,117,13,104
222001506,18,172,-154
222001507,80,22,58
222001510,165,20,145
222001511,20,489,-469
222001514,311,98,213
222001515,177,820,-643
222001518,112,46,66
222001519,26,495,-469
222001527,137,12,125
222001528,53,216,-163
222001529,103,32,71
222001530,17,294,-277
222001533,97,470,-373
222001534,81,25,56
222001535,118,113,5
222001536,60,687,-627
222001537,138,21,117
222001538,27,625,-598
222001563,218,87,131
222001564,26,1068,-1042
222001568,119,66,53
222001576,0,2,-2
222001579,0,1,-1
222001583,12,364,-352
222001584,33,44,-11
222001596,498,2011,-1513
222001597,575,194,381
222001626,0,198,-198
222001650,22,68,-46
222001651,44,120,-76
222001914,109,27,82
222001915,58,285,-227
222001968,266,118,148
222001969,356,1365,-1009
222001970,96,286,-190
222001971,7,75,-68
222001972,1,15,-14
225000001,239,136,103
225000002,167,114,53
225000003,262,107,155
225000004,122,242,-120
225000005,10,85,-75
225000006,0,177,-177
225000007,4218,981,3237
225000010,123,1,122
225000011,552,993,-441
225000012,135,585,-450
225000013,117,229,-112
225000014,740,80,660
225000015,59,253,-194
225000021,385,324,61
225000027,242,588,-346
225000032,373,232,141
225000042,73,839,-766
225000049,24,62,-38
225000050,27,22,5
225000053,5,205,-200
225000058,525,153,372
225000067,74,242,-168
225000068,67,656,-589
225000069,140,669,-529
225000070,47,631,-584
225000071,18,433,-415
225000075,27,1099,-1072
225000076,55,155,-100
225000078,74,46,28
225000085,24,90,-66
225000086,175,47,128
225000087,183,25,158
225000088,13,127,-114
225000089,330,640,-310
225000090,22,435,-413
225000091,98,285,-187
225000092,49,96,-47
225000093,119,547,-428
225000094,3,717,-714
225000095,247,738,-491
225000096,275,521,-246
225000098,351,164,187
225000099,126,123,3
225000100,86,121,-35
225000104,76,520,-444
225000110,5,522,-517
225000111,229,1230,-1001
225000112,344,1071,-727
225000113,105,858,-753
225000114,57,388,-331
225000115,3531,444,3087
225000116,804,116,688
225000117,800,450,350
225000118,500,391,109
225000119,136,115,21
225000120,391,79,312
225000121,294,30,264
225000123,2329,13,2316
225000125,196,445,-249
225000126,1452,246,1206
225000127,897,433,464
225000128,332,394,-62
225000132,155,33,122
225000133,148,32,116
225000134,361,107,254
225000135,20,7,13
225000136,128,20,108
225000137,113,68,45
225000138,287,38,249
225000143,141,149,-8
225000144,4,294,-290
225000145,11,86,-75
225000146,49,171,-122
225000147,12,420,-408
225000148,4,344,-340
225000149,41,538,-497
225000151,36,310,-274
225000155,274,469,-195
225000156,280,629,-349
225000157,218,395,-177
225000158,96,581,-485
225000171,1,192,-191
225000180,21,0,21
225000181,0,96,-96
225000182,95,9,86
225000185,11,435,-424
225000187,45,549,-504
225000191,76,0,76
225000194,0,14,-14
225000208,3,57,-54
225000209,56,35,21
225000210,4,218,-214
225000217,1,15,-14
225000218,5,2,3
225000223,3,234,-231
225000224,441,0,441
225000225,6,70,-64
225000226,273,5,268
225000227,71,80,-9
225000228,27,20,7
225000229,1,151,-150
225000230,0,0,0
225000231,0,158,-158
225000232,35,0,35
225000241,85,0,85
225000242,2,41,-39
225000249,31,25,6
225000250,41,1008,-967
225000251,220,16,204
226000042,268,447,-179
226000043,201,429,-228
226000044,174,973,-799
226000045,147,996,-849
226000046,354,29,325
226000047,227,53,174
226000048,214,65,149
226000049,192,78,114
226000070,0,29,-29
226000071,0,63,-63
226000072,0,18,-18
226000073,0,11,-11
226000074,0,5,-5
226000084,0,28,-28
226000085,3,19,-16
226000086,2,13,-11
226000087,1,8,-7
226000088,7,16,-9
226000090,90,33,57
226000091,6,5,1
226000092,0,3,-3
226000093,10,0,10
226000094,15,2,13
226000095,30,2,28
226000105,4,0,4
226000106,10,0,10
226000107,1,0,1
226000108,13,0,13
226000109,68,2,66
226000124,121,50,71
226000134,251,419,-168
226000135,487,633,-146
226000136,165,413,-248
226000137,4,390,-386
226000138,9,627,-618
226000139,4,171,-167
226000156,44,2,42
226000157,64,6,58
226000163,269,795,-526
226000202,8,854,-846
226000231,189,4,185
226000232,13,11,2
227000037,111,20,91
227000038,163,16,147
227000049,0,8,-8
227000050,0,57,-57
227000055,27,0,27
227000056,25,0,25
227000084,3,31,-28
227000085,2,26,-24
227000088,70,2,68
227000089,55,1,54
227000090,25,0,25
227000091,8,4,4
227000093,57,0,57
227000094,2,0,2
227000130,45,91,-46
227000131,9,324,-315
227000132,16,294,-278
227000133,14,312,-298
227000134,8,481,-473
227000152,0,0,0
227000153,0,12,-12
227000155,0,8,-8
227000156,0,8,-8
227000165,0,28,-28
227000196,7,565,-558
227000199,154,34,120
227000230,31,380,-349
227000232,159,42,117
227000241,92,26,66
227000242,42,550,-508
227000243,249,59,190
227000244,167,49,118
227000245,22,425,-403
227000246,37,676,-639
227000247,174,49,125
227000248,194,15,179
227000249,23,396,-373
227000251,240,459,-219
227000252,7,484,-477
227000253,51,15,36
227000262,150,21,129
227000266,275,14,261
227000267,45,2183,-2138
227000486,365,129,236
227000655,57,1,56
227000661,120,14,106
227000680,142,23,119
229000265,8,51,-43
229000296,0,3,-3
229000297,4,37,-33
229000298,5,153,-148
229000320,2,17,-15
229000321,7,7,0
229000412,8,28,-20
229000414,7,63,-56
229000415,16,1,15
229000416,1,8,-7
229000417,3,8,-5
229000419,65,214,-149
229000440,149,73,76
229000442,22,0,22
229000443,6,7,-1
229000444,1,50,-49
229000445,25,9,16
229000446,33,7,26
229000847,31,0,31
229000848,9,0,9
229000849,77,1,76
229000851,41,0,41
229000854,2,103,-101
229000856,4,205,-201
229000857,0,66,-66
229000858,0,173,-173
229000919,12,124,-112
229000930,4,348,-344
229000937,34,10,24
229000966,30,21,9
229000981,14,101,-87
229000985,4,39,-35
229000986,0,8,-8
229000987,0,1,-1
229000988,0,0,0
229000989,3,3,0
229000990,1,0,1
229000991,0,0,0
229000992,3,7,-4
229000993,212,11,201
229000998,11,48,-37
229000999,46,15,31
229001034,0,14,-14
229001035,2,1,1
229001037,30,4,26
229001042,9,23,-14
229001047,2,65,-63
229001050,55,54,1
229001200,12,0,12
229001338,4,17,-13
229001394,150,4,146
229001422,53,17,36
229001423,43,167,-124
229001431,25,36,-11
229001432,34,118,-84
229001444,56,102,-46
229001445,25,154,-129
229001503,126,59,67
229001504,100,350,-250
229001505,49,53,-4
229001506,35,341,-306
229001509,45,21,24
229001545,41,6,35
229001546,10,112,-102
229001553,30,9,21
229001554,22,122,-100
229001559,2,9,-7
229001560,5,27,-22
229001630,32,15,17
229001631,5,29,-24
229001635,0,4,-4
229001636,0,3,-3
229001658,0,84,-84
229001659,46,3,43
229001660,0,0,0
229001661,0,15,-15
229001662,39,1,38
229001663,0,19,-19
229002584,78,119,-41
229002831,194,95,99
229002841,6,17,-11
229002842,2,14,-12
229002843,24,10,14
229002844,10,44,-34
229002845,10,36,-26
229002846,18,8,10
229002847,0,11,-11
229002848,0,7,-7
229002849,0,50,-50
229002850,4,0,4
229002851,27,96,-69
229002852,45,11,34
229002853,47,15,32
229002854,31,45,-14
229002855,21,11,10
229002856,13,6,7
229002857,4,29,-25
229002858,0,2,-2
229002859,28,11,17
229002860,38,6,32
229002861,21,4,17
229002862,5,15,-10
229002863,24,11,13
229002864,3,21,-18
229002865,23,10,13
229002866,25,5,20
229002867,5,10,-5
229002868,5,6,-1
229002869,3,103,-100
229002870,31,7,24
235000066,158,72,86
235000067,85,94,-9
235000072,10,32,-22
235000073,34,186,-152
235000074,7,74,-67
235000080,19,54,-35
235000081,40,117,-77
235000082,46,48,-2
235000083,57,80,-23
235000084,41,24,17
235000085,34,34,0
235000089,3,45,-42
235000092,7,89,-82
235000093,1,4,-3
235000097,0,7,-7
235000098,23,16,7
235000099,17,19,-2
235000116,35,21,14
235000117,460,7,453
235000133,3,150,-147
235000134,5,69,-64
235000206,2,3,-1
235000207,1,1,0
235000208,0,1,-1
235000209,5,0,5
235000210,1,0,1
235000212,1,20,-19
235000213,1,27,-26
235000220,2,1,1
235000221,21,4,17
235000238,8,21,-13
235000239,0,1,-1
235000242,197,159,38
235000245,1006,180,826
235000246,5,74,-69
235000284,4,94,-90
235000295,130,4,126
235000305,97,9,88
235000306,71,1,70
235000307,14,0,14
235000308,7,2,5
235000309,31,0,31
235000310,9,1,8
235000311,23,3,20
235000322,0,38,-38
235000323,0,65,-65
235000324,0,27,-27
235000325,0,21,-21
235000326,9,328,-319
235000351,3,96,-93
235000352,2,39,-37
235000353,2,36,-34
235000354,5,27,-22
235000355,8,40,-32
235000356,33,32,1
235000357,2,11,-9
235000358,29,14,15
235000359,5,3,2
235000360,26,9,17
235000361,19,6,13
235000381,29,299,-270
235000382,62,38,24
235000390,2,0,2
235000391,22,9,13
235000392,52,94,-42
235000393,31,34,-3
235000395,36,33,3
235000396,92,65,27
235000400,79,84,-5
235000401,24,163,-139
235000405,61,241,-180
235000406,18,264,-246
235000407,48,114,-66
235000409,182,149,33
235000410,28,216,-188
235000411,0,79,-79
235000485,0,5,-5
235000486,1,0,1
235000549,9,39,-30
235000550,19,166,-147
235000599,39,54,-15
235000600,11,14,-3
235000601,7,20,-13
235000602,25,69,-44
235000614,0,3,-3
235000648,0,21,-21
235000649,4,1,3
235000685,0,1,-1
235000815,2,15,-13
235000834,0,2,-2
235000855,16,35,-19
235000862,12,213,-201
235000891,0,1,-1
235000892,7,4,3
235000901,35,75,-40
235000907,10,10,0
235001010,8,43,-35
235001029,336,349,-13
235001030,153,81,72
235001078,36,39,-3
235001079,43,102,-59
235001147,10,39,-29
235001166,1,63,-62
235001167,13,35,-22
235001169,30,340,-310
235001188,0,9,-9
235001189,0,0,0
235001197,2,25,-23
235001200,16,13,3
235001207,101,34,67
235001210,45,378,-333
235001215,41,244,-203
235001239,0,23,-23
235001244,0,7,-7
235016267,0,16,-16
277102712,0,0,0
277103813,0,0,0
277104249,0,6,-6
277104250,0,15,-15
277104251,0,15,-15
277104252,0,2,-2
990011530,0,219,-219
990014944,0,391,-391
990015176,3,11,-8
990016032,1,492,-491
990032570,2,83,-81
990070001,72,2,70
990070103,0,0,0
990070601,0,41,-41
990070751,176,0,176
990070766,1,929,-928
990071180,641,144,497
990071343,58,1,57
990071387,0,3,-3
990071823,20,2,18
990072600,2,628,-626
990072964,1,470,-469
990073285,0,0,0
990074393,4,1349,-1345
990074870,331,6,325
990075106,298,5,293
990075746,120,1,119
990076437,315,6,309
990076458,3,1713,-1710
997000007,84,3,81
997000041,0,76,-76
997000058,18,0,18
997000062,32,0,32
997000069,0,3,-3
997000070,1,169,-168
997000100,9,3,6
997000141,1,404,-403
997000198,79,188,-109
998000475,0,10,-10
998000736,0,398,-398
998000965,0,2,-2
998001031,0,54,-54
998001700,0,17,-17
998001899,0,1,-1
998001900,3,1,2
998003073,254,1,253
998101900,0,0,0
998102850,0,60,-60
998501927,590,289,301
998501929,23,0,23
998501930,60,0,60
998501931,148,72,76
998501932,3,1,2
998501933,30,1,29
998501937,3,0,3
998501944,3,2,1
998501950,0,0,0
998501970,45,17,28
998501971,2,62,-60
998501973,0,112,-112
998501974,1,254,-253
998501975,175,1,174
998501976,80,32,48
998501977,1,10,-9
998501978,16,0,16
998501979,0,6,-6
998501980,109,39,70
998501981,13,2,11
998501982,1,48,-47
998501983,0,0,0
998502006,0,0,0
998502024,0,2,-2
998502032,0,2,-2
998502062,37,3,34
998502063,0,0,0
998502173,72,0,72
998502269,1,33,-32
998502546,3,85,-82
998502578,0,0,0
998502599,72,231,-159
998502621,0,0,0
998601159,2,388,-386
998601292,0,17,-17
999033574,3,1606,-1603
999800001,6,2,4
999800002,0,3,-3
999800003,2,1,1
999800004,0,5,-5
999800005,0,2,-2
