ID,insum,outsum,diff
100000001,360,468,-108
100000002,2694,1933,761
100000003,2814,3065,-251
100000004,303,674,-371
100000005,1520,2836,-1316
100000006,427,155,272
100000007,1530,509,1021
100000008,84,272,-188
100000009,224,169,55
100000010,21,67,-46
100000011,454,122,332
100000012,65,935,-870
100000013,10,272,-262
100000014,134,219,-85
100000015,1024,1516,-492
100000016,407,825,-418
100000017,371,519,-148
100000018,662,336,326
100000019,1979,1369,610
100000020,999,3637,-2638
100000021,2960,1411,1549
100000022,461,1628,-1167
100000023,2449,916,1533
100000025,381,884,-503
100000028,544,630,-86
100000029,53,272,-219
100000030,46,34,12
100000031,1216,3657,-2441
100000032,1049,2488,-1439
100000033,759,1784,-1025
100000034,97,668,-571
100000035,627,839,-212
100000036,736,932,-196
100000037,455,311,144
100000038,1603,704,899
100000039,356,187,169
100000040,227,121,106
100000041,973,313,660
100000042,693,300,393
100000043,450,413,37
100000044,163,378,-215
100000045,262,473,-211
100000046,409,439,-30
100000047,122,207,-85
100000048,212,359,-147
100000049,845,795,50
100000051,366,440,-74
100000053,63,4,59
100000054,249,27,222
100000055,569,225,344
100000056,311,407,-96
100000057,1361,341,1020
100000058,479,566,-87
100000059,7,132,-125
100000060,353,190,163
100000061,1691,273,1418
100000062,1107,350,757
100000063,635,205,430
100000064,807,198,609
100000065,196,434,-238
100000066,144,308,-164
100000067,189,396,-207
100000068,270,782,-512
100000069,189,697,-508
100000072,176,389,-213
100000073,673,620,53
100000075,543,189,354
100000076,991,2290,-1299
100000077,101,302,-201
100000078,9,30,-21
100000079,13,33,-20
100000080,12,45,-33
100000081,50,165,-115
100000102,1919,2743,-824
100000103,1259,955,304
100000104,1550,1637,-87
100000105,1099,1197,-98
100000106,1092,1904,-812
100000107,178,809,-631
100000108,312,475,-163
100000109,1045,901,144
100000116,528,541,-13
100000117,31,121,-90
100000118,606,1032,-426
100000119,387,615,-228
100000121,157,302,-145
100000122,963,750,213
100000123,1076,1821,-745
100000124,2764,2921,-157
100000125,2214,1131,1083
100000126,382,308,74
100000127,775,283,492
100000128,1416,1400,16
100000129,285,414,-129
100000130,278,226,52
100000131,928,1315,-387
100000132,506,1274,-768
100000133,1915,1200,715
100000135,427,952,-525
100000139,194,455,-261
100000140,201,220,-19
100000142,356,403,-47
100000143,876,312,564
100000144,1744,589,1155
100000147,839,2540,-1701
100000150,30,317,-287
100000151,485,1318,-833
100000153,147,308,-161
100000154,23,208,-185
100000155,10,36,-26
100000156,282,346,-64
100000157,271,128,143
100000158,203,164,39
100000159,180,404,-224
100000165,633,520,113
100000169,92,735,-643
100000174,229,626,-397
100000179,73,277,-204
100000180,710,875,-165
100000181,217,180,37
100000188,56,120,-64
100000189,878,254,624
100000190,385,970,-585
100000191,535,474,61
100000192,22,63,-41
100000193,219,172,47
100000330,517,677,-160
100000355,102,451,-349
100000362,2429,1414,1015
100000363,3571,3593,-22
100000364,101,175,-74
100000365,4053,6640,-2587
100000366,2388,1778,610
100000367,3118,5231,-2113
100000368,2307,747,1560
100000369,426,1447,-1021
100000370,81,618,-537
100000376,68,120,-52
100000379,1197,997,200
100000380,3163,3372,-209
100000384,3354,4366,-1012
100000385,1731,2696,-965
100000386,3223,3906,-683
100000387,2120,4008,-1888
100000388,2547,3796,-1249
100000389,2603,4061,-1458
100000390,3399,4361,-962
100000391,2325,5004,-2679
100000392,1752,3212,-1460
100000393,1345,3758,-2413
100000394,3704,6267,-2563
100000395,2343,4307,-1964
100000396,3871,2894,977
100000397,2457,5984,-3527
100000398,6463,5105,1358
100000413,7,2,5
100000414,107,327,-220
100900002,9,8,1
100900003,251,172,79
100900004,10,676,-666
100900005,63,18,45
100900006,13,37,-24
100900007,106,3,103
100900008,1,212,-211
100900009,31,125,-94
100900010,30,29,1
100900011,136,131,5
100900012,1,125,-124
100900013,615,2,613
100900014,0,2,-2
100900015,30,64,-34
100900016,0,13,-13
100900017,629,44,585
100900018,0,11,-11
100900019,16,43,-27
100900020,244,4,240
100900021,323,1,322
100900022,3,17,-14
100900023,0,14,-14
100900024,166,1,165
100900025,3,3,0
100900026,42,72,-30
100900027,329,1539,-1210
100900028,87,151,-64
100900029,28,3,25
100900030,1,65,-64
100900031,462,33,429
100900032,254,0,254
100900033,157,106,51
100900034,551,3,548
100900035,141,1,140
100900036,7,2,5
100900037,85,69,16
100900038,78,38,40
100900039,217,207,10
100900040,313,258,55
100900041,518,297,221
100900042,1366,1013,353
100900043,0,11,-11
100900044,844,284,560
100900045,22,0,22
100900046,767,9,758
100900047,311,61,250
100900048,97,36,61
100900049,24,85,-61
100900050,1,13,-12
100900051,10,49,-39
100900052,186,19,167
100900053,411,13,398
100900054,2,37,-35
100900055,129,534,-405
100900056,25,62,-37
100900057,819,972,-153
100900058,123,19,104
100900059,53,0,53
100900060,140,2,138
100900061,207,93,114
100900062,4,12,-8
100900063,151,544,-393
100900064,486,23,463
100900065,34,108,-74
100900066,116,173,-57
100900067,0,0,0
100900068,36,34,2
100900069,446,3,443
100900070,304,9,295
100900071,387,124,263
100900072,4,34,-30
100900073,57,164,-107
100900074,4,6,-2
100900075,1050,180,870
100900076,2,23,-21
100900077,21,26,-5
100900078,36,208,-172
100900079,2,9,-7
100900080,28,53,-25
100900081,39,94,-55
100900082,181,259,-78
100900083,10,6,4
100900085,15,249,-234
100900086,88,443,-355
100900088,105,240,-135
100900089,15,7,8
100900090,33,257,-224
100900091,1,11,-10
100900092,76,146,-70
100900093,182,183,-1
100900094,83,188,-105
100900095,1,19,-18
100900096,19,57,-38
100900097,10,1,9
100900098,16,18,-2
100900099,10,288,-278
100900100,3,232,-229
100900101,163,25,138
100900102,10,26,-16
100900103,3,17,-14
100900104,7,83,-76
100900105,12,277,-265
100900106,26,13,13
100900107,833,564,269
100900108,6,13,-7
100900109,11,31,-20
100900110,0,25,-25
100900111,15,110,-95
100900112,4,6,-2
100900113,5,14,-9
100900114,8,12,-4
100900115,5,9,-4
100900116,407,346,61
100900117,151,663,-512
100900118,13,23,-10
100900119,16,6,10
100900120,11,5,6
100900121,163,280,-117
100900122,63,86,-23
100900123,51,92,-41
100900124,5,5,0
100900125,6,28,-22
100900126,167,60,107
100900127,10,4,6
100900128,49,93,-44
100900129,5,143,-138
100900131,27,120,-93
100900133,34,21,13
100900134,3,6,-3
100900135,1,120,-119
100900137,237,97,140
100900138,222,283,-61
100900139,2,4,-2
100900140,0,160,-160
100900141,1,294,-293
100900142,0,2,-2
100900143,316,253,63
100900144,2,5,-3
100900145,24,111,-87
100900146,1,24,-23
100900147,11,256,-245
100900148,19,294,-275
100900149,41,136,-95
100900150,0,15,-15
100900151,67,262,-195
100900152,54,10,44
100900153,2,86,-84
100900154,113,102,11
100900155,2,8,-6
100900156,11,6,5
100900157,5,152,-147
100900159,0,26,-26
100900160,13,2,11
100900161,21,3,18
100900162,16,173,-157
100900163,93,87,6
100900164,28,18,10
100900165,0,9,-9
100900166,8,0,8
100900167,1,25,-24
100900168,23,80,-57
100900169,51,615,-564
100900170,17,3,14
100900171,10,275,-265
100900172,0,19,-19
100900173,5,142,-137
100900174,39,17,22
100900176,804,103,701
100900177,364,124,240
100900178,143,90,53
100900179,146,183,-37
100900180,4,4,0
100900181,42,45,-3
100900182,16,11,5
100900184,15,42,-27
100900186,296,256,40
100900187,5,53,-48
100900188,35,10,25
100900189,802,99,703
100900191,558,801,-243
100900192,109,279,-170
100900195,61,89,-28
100900197,1,11,-10
100900198,19,90,-71
100900199,0,2,-2
100900200,426,240,186
100900201,33,278,-245
100900202,37,1,36
100900203,1,181,-180
100900204,207,501,-294
100900205,73,465,-392
100900206,146,47,99
100900207,205,125,80
100900210,19,169,-150
100900211,301,91,210
100900213,93,23,70
100900214,280,104,176
100900215,6,16,-10
100900217,57,74,-17
101000001,1493,1438,55
101000002,3512,3859,-347
101000003,258,617,-359
101000004,3816,3920,-104
101000005,2029,2845,-816
101000006,3104,4154,-1050
101000007,1655,2309,-654
101000009,1683,638,1045
101000010,577,494,83
101000011,669,220,449
101000012,597,489,108
101000013,441,684,-243
101000014,274,285,-11
101000015,928,623,305
101000016,217,283,-66
101000017,261,216,45
101000018,1382,1340,42
101000020,1266,592,674
101000021,505,237,268
101000023,825,495,330
101000025,199,303,-104
101000026,174,13,161
101000027,1374,2254,-880
101000028,536,195,341
101000029,88,1127,-1039
101000030,704,102,602
101000031,260,663,-403
101000032,2861,3337,-476
101000033,1208,2302,-1094
101000034,1011,1205,-194
101000035,364,162,202
101000036,1038,726,312
101000037,1354,1436,-82
101000039,1028,1632,-604
101000040,1600,2972,-1372
101000041,2876,5755,-2879
101000042,177,761,-584
101000043,2744,5102,-2358
101000045,553,754,-201
101000046,1291,1442,-151
101000047,979,3091,-2112
101000048,330,310,20
101000049,297,1305,-1008
101000050,714,1249,-535
101000051,674,1782,-1108
101000052,919,787,132
101000053,534,793,-259
101000054,1010,532,478
101000055,693,938,-245
101000056,31,74,-43
101000057,910,949,-39
101000058,498,843,-345
101000059,1233,1576,-343
101000060,1197,521,676
101000061,452,1054,-602
101000062,319,594,-275
101000063,375,851,-476
101000064,625,952,-327
101000065,179,480,-301
101000066,661,1020,-359
101000067,841,889,-48
101000068,144,357,-213
101000069,165,46,119
101000070,624,678,-54
101000071,1237,727,510
101000072,351,1921,-1570
101000073,466,856,-390
101000074,2352,2746,-394
101000075,1844,3497,-1653
101000077,1022,963,59
101000078,665,1054,-389
101000079,1382,539,843
101000080,1030,659,371
101000081,1192,1191,1
101000082,1708,1986,-278
101000083,1778,1750,28
101000084,768,514,254
101000085,953,895,58
101000086,768,865,-97
101000087,620,708,-88
101000088,802,926,-124
101000089,741,1199,-458
101000090,1357,772,585
101000091,332,383,-51
101000092,946,475,471
101000093,973,454,519
101000094,756,661,95
101000095,444,369,75
101000096,290,264,26
101000097,270,306,-36
101000098,226,372,-146
101000099,398,596,-198
101000100,550,597,-47
101000101,172,286,-114
101000102,445,413,32
101000103,437,494,-57
101000104,282,485,-203
101000105,236,532,-296
101000106,314,904,-590
101000107,186,297,-111
101000108,432,115,317
101000109,379,59,320
101000110,26,177,-151
101000111,50,121,-71
101000113,165,390,-225
101000114,3735,6677,-2942
101000115,36,37,-1
101000116,14,36,-22
101000117,1018,107,911
101000119,25,41,-16
101000120,81,48,33
101000121,48,55,-7
101000122,81,101,-20
101000123,27,67,-40
101000124,1014,266,748
101000125,113,297,-184
101000128,117,344,-227
101000130,90,169,-79
101000131,728,267,461
101000132,586,445,141
101000135,30,48,-18
101000136,238,142,96
101000137,16,314,-298
101000141,602,2592,-1990
101000147,704,331,373
101000148,490,9,481
101000149,169,248,-79
101000150,73,346,-273
101000151,196,36,160
101000152,157,195,-38
101000153,248,148,100
101000154,213,422,-209
101000155,280,80,200
101000156,13,234,-221
101000157,29,21,8
101000160,17,21,-4
101000163,97,344,-247
101000164,262,191,71
101000165,154,252,-98
101000166,156,170,-14
101000168,538,359,179
101000252,971,323,648
101000254,93,73,20
101000258,47,5,42
101000261,142,68,74
101000262,1003,2024,-1021
101000263,155,693,-538
101000265,47,532,-485
101000266,162,145,17
101000269,17,14,3
101000290,359,1441,-1082
101000293,24,17,7
101000294,366,283,83
101000295,95,207,-112
101000301,321,385,-64
101000304,1468,1663,-195
101000305,1948,705,1243
101000328,63,284,-221
101900001,46,35,11
101900002,0,6,-6
101900003,39,38,1
101900004,1,57,-56
101900005,1652,1924,-272
101900006,734,293,441
101900007,362,96,266
101900008,38,123,-85
101900009,22,272,-250
101900010,558,427,131
101900011,85,480,-395
101900012,110,59,51
101900013,310,125,185
101900017,9,104,-95
101900018,627,205,422
101900019,136,108,28
101900020,23,17,6
101900021,2,32,-30
101900022,70,447,-377
101900023,92,94,-2
101900026,103,26,77
101900027,15,69,-54
102000001,1807,2953,-1146
102000002,1374,573,801
102000003,1526,4359,-2833
102000004,2311,1617,694
102000005,762,1653,-891
102000006,560,1127,-567
102000007,884,3148,-2264
102000008,2332,991,1341
102000009,3928,5442,-1514
102000010,2571,1778,793
102000011,2150,1898,252
102000012,1987,1677,310
102000018,1776,1833,-57
102000019,1485,1020,465
102000026,136,253,-117
102000029,158,139,19
102000030,76,192,-116
102000031,57,91,-34
102000032,368,201,167
102000033,206,207,-1
102000034,285,214,71
102000035,443,313,130
102000036,18,133,-115
102000037,104,18,86
102000038,119,243,-124
102000039,120,70,50
102000040,212,153,59
102000041,66,326,-260
102000042,102,251,-149
102000043,108,170,-62
102000044,208,279,-71
102000045,390,547,-157
102000046,755,411,344
102000047,444,523,-79
102000048,242,473,-231
102000049,661,542,119
102000050,567,759,-192
102000051,241,465,-224
102000052,736,407,329
102000053,502,725,-223
102000054,606,700,-94
102000055,925,312,613
102000056,677,461,216
102000057,975,336,639
102000058,606,666,-60
102000059,910,821,89
102000060,596,560,36
102000061,1034,902,132
102000062,1454,618,836
102000063,728,778,-50
102000064,352,420,-68
102000065,31,163,-132
102000066,596,492,104
102000067,1534,1593,-59
102000068,5764,1812,3952
102000069,58,1670,-1612
102000070,1000,33,967
102000071,4901,5829,-928
102000072,1739,2402,-663
102000073,241,368,-127
102000074,301,399,-98
102000075,87,144,-57
102000076,165,157,8
102000077,439,371,68
102000078,617,281,336
102000079,121,113,8
102000080,191,137,54
102000081,195,593,-398
102000082,445,284,161
102000083,456,140,316
102000084,281,116,165
102000085,1016,508,508
102000086,774,438,336
102000087,462,744,-282
102000088,243,149,94
102000089,996,211,785
102000090,281,631,-350
102000091,916,343,573
102000092,206,309,-103
102000093,414,500,-86
102000094,525,414,111
102000095,570,704,-134
102000096,258,522,-264
102000097,372,365,7
102000098,392,382,10
102000099,461,574,-113
102000100,291,859,-568
102000101,335,510,-175
102000102,220,599,-379
102000103,851,227,624
102000104,333,222,111
102000105,188,257,-69
102000106,600,284,316
102000107,1082,285,797
102000108,465,85,380
102000109,442,306,136
102000110,931,495,436
102000111,6,132,-126
102000112,70,92,-22
102000113,9,14,-5
102000114,433,186,247
102000115,161,221,-60
102000116,218,309,-91
102000117,100,327,-227
102000118,551,958,-407
102000119,951,720,231
102000120,99,279,-180
102000121,622,242,380
102000122,311,507,-196
102000123,688,597,91
102000124,599,636,-37
102000125,420,591,-171
102000126,442,527,-85
102000127,838,380,458
102000128,388,486,-98
102000129,1045,453,592
102000130,576,460,116
102000131,749,313,436
102000132,395,393,2
102000133,1750,985,765
102000134,605,431,174
102000135,411,475,-64
102000136,463,355,108
102000137,373,418,-45
102000138,164,213,-49
102000139,35,243,-208
102000140,109,295,-186
102000141,123,199,-76
102000142,169,158,11
102000143,149,147,2
102000144,240,140,100
102000145,270,235,35
102000146,277,138,139
102000147,372,265,107
102000148,131,312,-181
102000149,127,144,-17
102000150,380,64,316
102000151,72,142,-70
102000152,156,98,58
102000153,720,394,326
102000154,174,406,-232
102000155,63,220,-157
102000156,162,99,63
102000157,73,369,-296
102000158,253,261,-8
102000159,512,475,37
102000161,1330,1266,64
102000162,82,94,-12
102000163,73,354,-281
102000164,367,662,-295
102000165,164,105,59
102000166,82,155,-73
102000167,159,181,-22
102000168,196,137,59
102000169,55,297,-242
102000170,221,71,150
102000171,64,43,21
102000172,57,199,-142
102000173,285,158,127
102000174,49,40,9
102000175,36,46,-10
102000176,35,29,6
102000178,219,234,-15
102000179,335,147,188
102000180,766,268,498
102000181,682,309,373
102000182,442,332,110
102000183,1259,967,292
102000184,1348,390,958
102000185,2238,744,1494
102000186,1092,879,213
102000187,604,766,-162
102000188,901,844,57
102000189,1162,378,784
102000190,296,1618,-1322
102000191,890,253,637
102000192,825,1037,-212
102000193,37,63,-26
102000194,28,71,-43
102000195,196,173,23
102000196,151,203,-52
102000197,525,207,318
102000198,151,382,-231
102000199,844,144,700
102000200,193,429,-236
102000201,1142,283,859
102000202,4,63,-59
102000203,276,117,159
102000204,372,304,68
102000205,796,209,587
102000206,523,208,315
102000207,415,263,152
102000208,270,201,69
102000209,44,44,0
102000210,491,242,249
102000211,234,65,169
102000212,265,0,265
102000213,3,113,-110
102000214,252,10,242
102000215,3,149,-146
102000216,50,50,0
102000217,6,59,-53
102000218,224,161,63
102000219,176,142,34
102000225,428,307,121
102000226,486,551,-65
102000227,123,0,123
102000228,0,40,-40
102000229,13,43,-30
102000230,213,261,-48
102000231,187,184,3
102000232,16,87,-71
102000233,228,330,-102
102000234,59,670,-611
102000236,123,36,87
102000237,262,83,179
102000238,133,133,0
102000240,385,505,-120
102000241,101,62,39
102000243,6,27,-21
102000245,8,56,-48
102000246,4,32,-28
102000247,288,333,-45
102000248,231,507,-276
102000249,82,70,12
102000250,41,150,-109
102000254,122,90,32
102000266,3,199,-196
102000271,18,0,18
102000286,243,230,13
102000297,1224,607,617
102000301,0,0,0
102000307,0,6,-6
102000316,139,106,33
102900001,716,337,379
102900002,291,30,261
102900003,71,112,-41
102900005,260,139,121
102900006,310,63,247
102900007,395,21,374
102900008,193,40,153
102900009,404,169,235
102900010,223,647,-424
102900011,882,260,622
102900012,319,65,254
102900013,36,32,4
102900015,401,357,44
102900016,38,52,-14
102900017,116,210,-94
102900018,32,59,-27
102900019,232,221,11
102900020,99,21,78
102900021,39,44,-5
102900022,310,143,167
102900023,7,43,-36
102900024,28,34,-6
102900025,136,63,73
102900026,234,1303,-1069
102900027,65,28,37
102900028,124,505,-381
102900029,96,146,-50
102900030,271,184,87
102900031,180,68,112
102900032,58,40,18
102900033,52,91,-39
102900034,315,36,279
102900035,115,137,-22
102900036,242,227,15
102900037,159,190,-31
102900038,386,168,218
102900039,7,289,-282
102900040,97,124,-27
102900041,46,68,-22
102900042,142,185,-43
102900043,149,180,-31
102900044,305,1029,-724
102900045,110,271,-161
102900046,116,145,-29
102900047,87,216,-129
102900048,343,289,54
102900049,80,205,-125
102900050,103,196,-93
102900051,114,119,-5
102900053,208,347,-139
102900054,242,640,-398
102900055,74,137,-63
102900056,77,183,-106
102900057,15,42,-27
102900058,217,57,160
102900059,23,41,-18
102900060,73,284,-211
102900061,135,237,-102
102900062,149,400,-251
102900063,967,190,777
102900064,49,250,-201
102900065,630,198,432
102900066,231,11,220
102900068,53,47,6
102900070,164,251,-87
102900072,4,53,-49
102900073,53,3,50
102900075,19,62,-43
102900076,44,77,-33
102900077,31,36,-5
102900078,10,33,-23
102900079,127,13,114
102900080,258,36,222
102900081,42,169,-127
102900082,3,110,-107
102900083,116,7,109
102900084,1,27,-26
102900085,209,91,118
102900086,16,70,-54
102900087,112,59,53
102900088,23,15,8
102900089,128,99,29
102900090,1,113,-112
102900091,118,4,114
102900092,331,350,-19
102900094,3,142,-139
102900095,93,0,93
102900096,78,5,73
102900097,0,39,-39
103000001,1544,1580,-36
103000002,1343,1752,-409
103000003,1955,1757,198
103000004,644,515,129
103000005,1211,2282,-1071
103000006,551,1192,-641
103000007,248,383,-135
103000008,677,365,312
103000009,998,595,403
103000010,168,85,83
103000011,1116,706,410
103000012,1081,1034,47
103000013,1964,1196,768
103000014,888,1778,-890
103000015,974,397,577
103000016,381,947,-566
103000017,184,271,-87
103000018,363,196,167
103000019,211,194,17
103000020,1626,1014,612
103000021,1424,1650,-226
103000022,450,686,-236
103000023,522,1439,-917
103000024,45,94,-49
103000025,77,491,-414
103000026,423,56,367
103000027,125,413,-288
103000028,152,166,-14
103000029,92,184,-92
103000030,828,640,188
103000031,660,1215,-555
103000032,1298,908,390
103000033,1967,1875,92
103000034,814,586,228
103000035,241,840,-599
103000036,248,252,-4
103000037,342,317,25
103000038,290,643,-353
103000039,412,184,228
103000040,339,459,-120
103000041,1130,953,177
103000042,945,239,706
103000043,495,532,-37
103000044,222,98,124
103000046,320,255,65
103000047,464,314,150
103000048,143,106,37
103000049,87,73,14
103000050,473,200,273
103000051,446,347,99
103000052,499,145,354
103000053,86,331,-245
103000054,1831,877,954
103000055,1332,1389,-57
103000056,524,661,-137
103000057,538,117,421
103000058,379,471,-92
103000059,371,453,-82
103000060,578,324,254
103000061,310,609,-299
103000062,746,286,460
103000063,558,661,-103
103000064,102,95,7
103000065,2,230,-228
103000066,159,3,156
103000069,291,149,142
103000070,645,407,238
103000071,876,277,599
103000072,109,347,-238
103000073,518,102,416
103000074,383,89,294
103000075,90,365,-275
103000076,192,300,-108
103000077,16,161,-145
103000078,500,428,72
103000079,352,374,-22
103000080,399,228,171
103000081,224,643,-419
103000082,301,175,126
103000083,68,174,-106
103000084,72,6,66
103000085,1,83,-82
103000086,237,263,-26
103000087,50,320,-270
103000088,135,223,-88
103000089,187,324,-137
103000090,1730,785,945
103000091,430,420,10
103000092,148,171,-23
103000093,281,294,-13
103000094,146,89,57
103000095,67,302,-235
103000096,459,69,390
103000097,49,626,-577
103000098,472,114,358
103000099,159,611,-452
103000100,99,407,-308
103000101,648,94,554
103000102,73,309,-236
103000103,556,112,444
103000104,45,57,-12
103000105,144,92,52
103000106,5,103,-98
103000107,162,57,105
103000108,804,612,192
103000109,305,332,-27
103000110,318,398,-80
103000111,249,256,-7
103000112,181,133,48
103000113,406,481,-75
103000114,1134,369,765
103000115,517,335,182
103000116,519,266,253
103000117,307,236,71
103000118,265,302,-37
103000119,573,265,308
103000120,40,60,-20
103000121,106,226,-120
103000122,211,302,-91
103000125,9,85,-76
103000126,508,2,506
103000127,4,91,-87
103000128,112,1,111
103000129,0,63,-63
103000130,45,23,22
103000131,55,38,17
103000132,60,97,-37
103000133,5,51,-46
103000134,183,494,-311
103000135,338,131,207
103000136,406,291,115
103000137,252,397,-145
103000138,333,435,-102
103000139,3,52,-49
103000140,93,15,78
103000141,20,110,-90
103000142,68,45,23
103000143,47,120,-73
103000144,89,47,42
103000145,7,37,-30
103000150,57,15,42
103000152,155,199,-44
103000153,139,129,10
103000156,8,126,-118
103000157,303,0,303
103000159,65,22,43
103000162,25,12,13
103000163,3,16,-13
103000164,12,8,4
103000165,44,131,-87
103000166,117,218,-101
103000167,114,73,41
103000168,87,121,-34
103000169,123,271,-148
103000170,864,199,665
103000171,22,66,-44
103000172,390,177,213
103000173,408,178,230
103000174,158,165,-7
103000175,295,117,178
103000176,544,487,57
103000177,284,265,19
103000178,107,194,-87
103000179,114,22,92
103000183,170,46,124
103000185,69,37,32
103000186,109,86,23
103000187,486,160,326
103000188,14,76,-62
103000189,510,492,18
103000191,277,343,-66
103000292,874,1179,-305
103000293,387,1550,-1163
103000295,39,106,-67
103000296,138,1,137
103000297,7,9,-2
103000504,64,5,59
103000505,7,12,-5
103000506,0,120,-120
103000507,158,2,156
103000508,31,25,6
103000509,194,462,-268
103000514,7,0,7
103900001,4,66,-62
103900002,487,102,385
103900003,443,7,436
103900004,98,1,97
103900005,1,82,-81
103900006,6,1,5
103900007,35,0,35
103900008,5,0,5
103900009,199,349,-150
103900010,106,207,-101
103900011,334,51,283
103900012,11,18,-7
103900013,59,37,22
103900014,43,8,35
103900015,78,8,70
103900016,156,65,91
103900017,34,48,-14
103900018,330,93,237
103900019,63,268,-205
103900020,145,314,-169
103900021,177,40,137
103900022,606,296,310
103900023,138,5,133
103900024,33,149,-116
103900025,11,25,-14
103900026,37,1,36
103900027,616,122,494
103900028,6,202,-196
103900029,863,133,730
103900030,195,73,122
103900031,23,6,17
103900032,59,90,-31
103900033,85,12,73
103900034,33,49,-16
103900035,35,11,24
103900036,26,29,-3
103900037,44,26,18
103900038,72,177,-105
103900039,65,125,-60
103900040,14,57,-43
103900041,50,34,16
103900042,62,99,-37
103900043,166,23,143
103900044,49,194,-145
103900045,268,87,181
103900047,82,15,67
103900048,41,10,31
103900049,100,640,-540
103900050,9,105,-96
103900051,0,19,-19
103900052,153,177,-24
103900053,246,243,3
103900054,74,157,-83
103900055,344,148,196
103900056,30,31,-1
103900057,34,72,-38
103900058,196,275,-79
103900059,0,22,-22
103900060,48,91,-43
103900061,119,19,100
103900062,242,49,193
103900063,5,1,4
103900064,102,1,101
103900065,404,233,171
103900066,159,18,141
103900067,174,7,167
103900068,0,1,-1
103900069,39,17,22
103900070,106,116,-10
103900071,9,45,-36
103900072,19,84,-65
103900073,32,22,10
103900074,93,30,63
103900075,137,21,116
103900076,534,216,318
103900077,20,92,-72
103900078,152,51,101
103900079,86,89,-3
103900080,15,26,-11
103900081,60,55,5
103900082,9,82,-73
103900083,797,978,-181
103900084,26,64,-38
103900085,39,88,-49
103900086,596,231,365
103900088,194,374,-180
103900089,18,72,-54
103900090,1,65,-64
103900091,671,152,519
103900092,478,217,261
103900093,28,203,-175
103900094,1,77,-76
103900095,152,113,39
103900096,15,73,-58
103900097,3,201,-198
103900098,158,83,75
103900099,67,56,11
103900100,224,169,55
103900101,53,599,-546
103900102,0,17,-17
103900104,7,12,-5
103900105,52,95,-43
103900106,0,40,-40
103900107,116,86,30
103900108,91,148,-57
103900109,138,34,104
103900110,118,16,102
103900111,86,253,-167
103900112,40,47,-7
103900113,118,129,-11
103900114,165,157,8
103900115,161,137,24
103900116,1730,1864,-134
103900117,83,32,51
103900119,13,41,-28
103900120,67,65,2
103900122,95,108,-13
103900123,620,405,215
103900124,73,206,-133
103900125,97,43,54
103900126,393,194,199
103900127,116,160,-44
103900128,85,41,44
103900131,25,70,-45
103900133,562,32,530
103900134,0,4,-4
103900135,0,2,-2
103900137,0,11,-11
103900138,193,79,114
103900139,300,1486,-1186
103900140,5,173,-168
103900141,137,26,111
103900142,142,66,76
103900143,59,0,59
103900144,0,9,-9
103900145,91,121,-30
103900146,172,89,83
103900147,221,68,153
103900148,190,104,86
103900149,268,303,-35
103900150,2452,2773,-321
103900151,24,119,-95
103900152,544,191,353
103900153,5,11,-6
103900154,306,1292,-986
103900155,42,113,-71
103900156,77,77,0
103900157,27,64,-37
103900158,56,52,4
103900159,114,21,93
103900160,42,29,13
103900161,77,84,-7
103900162,39,80,-41
103900163,7,232,-225
103900167,10,93,-83
103900168,75,39,36
103900169,29,36,-7
103900170,0,44,-44
103900171,1,21,-20
103900172,0,2,-2
103900173,6,10,-4
103900174,152,23,129
103900175,15,40,-25
103900176,9,28,-19
103900177,10,56,-46
103900178,37,27,10
103900179,34,33,1
103900180,2,14,-12
103900181,33,22,11
103900182,26,14,12
103900184,181,84,97
103900185,72,246,-174
103900187,5,66,-61
103900188,32,32,0
103900189,106,8,98
103900190,67,37,30
103900191,24,38,-14
103900192,23,52,-29
103900193,87,105,-18
103900194,70,88,-18
103900195,5,63,-58
103900196,18,16,2
103900197,10,5,5
103900198,16,14,2
103900199,62,46,16
103900200,119,40,79
103900201,81,60,21
103900202,11,28,-17
103900203,29,9,20
103900204,0,36,-36
103900207,0,24,-24
103900208,73,0,73
103900209,2,42,-40
103900210,33,26,7
103900211,404,152,252
103900212,103,185,-82
103900213,47,137,-90
103900214,229,118,111
103900215,124,204,-80
103900216,9,111,-102
103900217,192,6,186
103900218,50,209,-159
103900219,95,133,-38
103900233,22,0,22
103900235,17,28,-11
103900236,4,3,1
103900242,1,7,-6
103900243,0,5,-5
103900244,82,128,-46
103900245,68,100,-32
103900246,20,15,5
103900247,22,31,-9
103900248,3,47,-44
103900249,6,39,-33
103900250,17,21,-4
103900251,3,25,-22
103900253,15,109,-94
103900254,2,8,-6
103900255,0,4,-4
103900256,15,11,4
103900257,111,102,9
103900258,9,10,-1
103900259,35,3,32
103900261,2,0,2
103900262,13,1,12
103900263,12,32,-20
103900264,31,6,25
103900265,52,2,50
103900266,4,63,-59
103900267,2,35,-33
103900268,2,30,-28
103900269,122,24,98
103900270,34,55,-21
103900271,10,30,-20
103900272,28,29,-1
103900273,9,4,5
103900274,53,3,50
103900275,21,2,19
103900276,1,16,-15
103900277,2,27,-25
103900278,7,18,-11
103900279,0,14,-14
103900280,1,20,-19
103900281,154,194,-40
103900282,7,16,-9
103900283,41,5,36
103900284,14,14,0
103900285,13,61,-48
103900286,32,120,-88
103900287,3,60,-57
103900288,35,85,-50
103900289,23,0,23
103900290,93,36,57
103900291,42,1,41
103900292,10,13,-3
103900293,5,9,-4
103900294,2,10,-8
104000001,1709,1103,606
104000002,1152,1370,-218
104000003,1571,1338,233
104000004,1698,1485,213
104000005,1224,1181,43
104000006,2083,1619,464
104000007,2104,1992,112
104000008,101,162,-61
104000009,178,85,93
104000010,134,198,-64
104000011,241,123,118
104000012,76,187,-111
104000013,180,153,27
104000014,144,382,-238
104000015,252,84,168
104000016,376,228,148
104000018,550,124,426
104000019,556,148,408
104000020,81,290,-209
104000021,182,293,-111
104000022,111,184,-73
104000023,681,247,434
104000024,239,172,67
104000026,50,190,-140
104000027,182,121,61
104000028,284,204,80
104000029,289,160,129
104000030,185,182,3
104000031,874,296,578
104000032,150,138,12
104000033,493,364,129
104000034,208,145,63
104000035,738,262,476
104000036,650,352,298
104000037,278,117,161
104000038,156,196,-40
104000039,150,116,34
104000040,141,223,-82
104000041,879,271,608
104000042,51,76,-25
104000043,132,189,-57
104000044,156,281,-125
104000045,655,504,151
104000046,534,901,-367
104000047,411,575,-164
104000048,644,628,16
104000049,417,166,251
104000050,98,373,-275
104000051,82,304,-222
104000052,1368,1137,231
104000053,483,211,272
104000054,154,116,38
104000055,2205,1281,924
104000056,610,217,393
104000057,225,317,-92
104000058,943,1051,-108
104000059,302,563,-261
104000060,814,1002,-188
104000061,899,707,192
104000062,434,111,323
104000064,342,176,166
104000065,94,433,-339
104000069,404,791,-387
104000070,36,310,-274
104000071,203,274,-71
104000072,428,200,228
104000075,23,123,-100
104000076,360,37,323
104000082,1460,1888,-428
104000083,613,127,486
104000084,106,347,-241
104000085,272,208,64
104000086,138,267,-129
104000087,269,975,-706
104000090,659,585,74
104000092,870,912,-42
104000094,546,691,-145
104000095,1250,1129,121
104000096,1047,123,924
104000097,1246,437,809
104000098,1729,444,1285
104000100,1227,368,859
104000101,603,691,-88
104000106,82,438,-356
104000107,372,177,195
104000108,147,253,-106
104000109,189,65,124
104000110,489,487,2
104000111,1367,1375,-8
104000112,802,314,488
104000116,1,388,-387
104000117,145,228,-83
104000118,508,93,415
104000119,379,168,211
104000120,162,271,-109
104000121,187,430,-243
104000122,530,574,-44
104000123,510,412,98
104000124,370,771,-401
104000125,1546,2864,-1318
104000126,327,293,34
104000127,780,1116,-336
104000128,406,195,211
104000129,364,18,346
104000130,5,105,-100
104000131,254,310,-56
104000132,300,289,11
104000133,1030,518,512
104000134,621,963,-342
104000135,350,1087,-737
104000136,446,2168,-1722
104000137,1005,284,721
104000138,450,198,252
104000139,2617,1517,1100
104000141,554,536,18
104000142,414,326,88
104000143,448,252,196
104000144,51,130,-79
104000145,269,158,111
104000146,146,298,-152
104000147,84,170,-86
104000148,254,114,140
104000149,141,135,6
104000150,666,307,359
104000151,181,197,-16
104000152,366,237,129
104000153,415,377,38
104000154,571,250,321
104000155,346,461,-115
104000157,552,761,-209
104000158,203,229,-26
104000159,612,267,345
104000160,1157,1221,-64
104000161,114,122,-8
104000162,82,86,-4
104000165,584,680,-96
104000167,1077,1147,-70
104000168,354,1,353
104000169,81,17,64
104000170,216,332,-116
104000248,175,335,-160
104000251,27,123,-96
104000272,0,0,0
104000273,0,0,0
104000274,0,0,0
104000275,0,0,0
104000279,1442,1399,43
104000290,43,136,-93
104000291,591,917,-326
104000293,531,545,-14
104000294,21,0,21
104000295,337,407,-70
104000296,318,374,-56
104000297,473,1129,-656
104000298,1203,603,600
104000299,483,839,-356
104000302,70,100,-30
104000303,132,137,-5
104900001,82,157,-75
104900002,44,94,-50
104900003,27,159,-132
104900004,51,115,-64
104900005,174,146,28
104900006,234,48,186
104900007,223,131,92
104900009,87,166,-79
104900010,39,32,7
104900011,5,8,-3
104900012,106,16,90
104900013,79,9,70
104900014,1093,166,927
104900015,53,4,49
104900016,153,68,85
104900017,101,79,22
104900018,14,80,-66
104900019,127,2067,-1940
104900020,27,121,-94
104900021,1,71,-70
104900022,5,84,-79
104900023,0,27,-27
104900024,10,159,-149
104900025,35,83,-48
104900026,0,23,-23
104900027,351,183,168
104900028,41,82,-41
104900029,19,27,-8
104900030,301,130,171
104900031,66,111,-45
104900032,38,34,4
104900033,95,151,-56
104900034,204,123,81
104900035,265,107,158
104900036,194,51,143
104900037,98,81,17
104900038,118,589,-471
104900039,269,227,42
104900040,282,64,218
104900041,145,96,49
104900042,96,84,12
104900043,8,137,-129
104900044,487,107,380
104900045,197,30,167
104900046,165,53,112
104900047,295,61,234
104900048,220,55,165
104900049,25,22,3
104900050,215,40,175
104900051,194,25,169
104900052,60,0,60
104900053,247,76,171
104900054,98,15,83
104900055,83,0,83
104900056,93,8,85
104900057,51,0,51
104900058,316,116,200
104900059,86,66,20
104900061,88,226,-138
104900063,7,79,-72
104900064,0,37,-37
104900065,2,83,-81
104900066,1,40,-39
104900067,3,163,-160
104900068,7,90,-83
104900070,90,135,-45
104900071,0,206,-206
104900072,32,134,-102
104900073,41,70,-29
104900074,20,91,-71
104900075,24,7,17
104900076,60,86,-26
104900077,261,173,88
104900078,108,204,-96
104900079,51,290,-239
104900080,57,328,-271
104900082,4,223,-219
104900085,5,120,-115
104900089,206,1,205
104900091,346,236,110
104900093,171,208,-37
104900097,1013,1422,-409
104900098,66,21,45
104900099,43,283,-240
104900100,164,130,34
104900102,17,52,-35
104900103,242,14,228
104900106,93,48,45
104900107,82,49,33
104900108,36,79,-43
104900109,78,95,-17
104900110,8,37,-29
104900111,82,38,44
104900112,204,252,-48
104900113,514,169,345
104900114,239,156,83
104900115,454,152,302
104900116,192,65,127
104900118,13,16,-3
104900119,1,19,-18
104900120,31,246,-215
104900121,0,38,-38
104900122,0,24,-24
104900123,53,13,40
104900124,37,0,37
104900125,279,41,238
104900126,30,24,6
104900127,11,39,-28
104900128,72,68,4
104900129,579,1268,-689
105000001,1925,998,927
105000002,1656,1004,652
105000003,2112,2109,3
105000004,379,460,-81
105000005,640,796,-156
105000006,863,1180,-317
105000007,887,1304,-417
105000008,828,2508,-1680
105000009,1727,2052,-325
105000010,1940,1048,892
105000011,2749,1851,898
105000012,2541,1473,1068
105000013,730,718,12
105000014,1618,1908,-290
105000015,5737,10656,-4919
105000016,1186,1126,60
105000017,1019,422,597
105000018,622,1018,-396
105000019,601,571,30
105000020,121,352,-231
105000021,183,76,107
105000022,136,104,32
105000023,341,240,101
105000028,48,68,-20
105000029,437,909,-472
105000030,2216,1381,835
105000031,5,18,-13
105000033,755,898,-143
105000034,122,539,-417
105000037,431,144,287
105000038,923,1147,-224
105000039,1335,813,522
105000040,681,808,-127
105000041,234,648,-414
105000042,1851,1125,726
105000043,887,1019,-132
105000044,402,313,89
105000045,219,382,-163
105000046,849,250,599
105000047,373,592,-219
105000048,431,115,316
105000049,131,242,-111
105000050,560,310,250
105000051,100,211,-111
105000052,388,525,-137
105000053,98,87,11
105000054,301,509,-208
105000055,503,153,350
105000056,1005,1118,-113
105000057,876,385,491
105000058,683,631,52
105000059,548,492,56
105000060,312,325,-13
105000061,613,346,267
105000062,336,413,-77
105000063,213,175,38
105000064,1138,552,586
105000065,320,307,13
105000066,686,724,-38
105000067,1014,587,427
105000068,299,512,-213
105000069,1049,1193,-144
105000070,350,638,-288
105000071,169,648,-479
105000072,811,1682,-871
105000073,549,380,169
105000074,644,380,264
105000075,286,458,-172
105000076,729,551,178
105000077,1375,742,633
105000078,608,830,-222
105000079,732,2731,-1999
105000080,1045,1096,-51
105000081,2356,1096,1260
105000082,619,1575,-956
105000083,2985,3485,-500
105000084,421,511,-90
105000085,1278,1847,-569
105000086,465,538,-73
105000087,818,902,-84
105000088,902,1081,-179
105000089,1396,1091,305
105000090,667,404,263
105000091,682,844,-162
105000092,360,541,-181
105000093,192,240,-48
105000094,168,147,21
105000095,66,294,-228
105000096,808,782,26
105000097,520,543,-23
105000098,715,505,210
105000099,472,453,19
105000100,996,658,338
105000101,1262,1123,139
105000102,924,763,161
105000103,746,1296,-550
105000104,1532,537,995
105000105,676,1158,-482
105000106,935,916,19
105000107,1053,492,561
105000108,1169,800,369
105000109,1286,859,427
105000110,573,323,250
105000111,667,367,300
105000112,813,361,452
105000113,369,533,-164
105000114,1318,827,491
105000115,257,935,-678
105000116,616,339,277
105000117,609,456,153
105000118,439,238,201
105000119,388,400,-12
105000120,797,335,462
105000121,525,441,84
105000122,358,457,-99
105000123,588,636,-48
105000124,1415,439,976
105000125,661,1009,-348
105000126,1429,839,590
105000127,1613,1015,598
105000128,476,567,-91
105000129,571,157,414
105000130,232,2460,-2228
105000131,441,165,276
105000132,680,543,137
105000133,299,460,-161
105000134,665,361,304
105000135,276,254,22
105000136,81,193,-112
105000137,438,106,332
105000138,149,185,-36
105000139,556,470,86
105000140,337,304,33
105000141,247,245,2
105000142,195,306,-111
105000143,191,306,-115
105000144,213,433,-220
105000145,553,198,355
105000146,250,486,-236
105000147,557,173,384
105000148,836,435,401
105000149,1629,1410,219
105000150,1123,722,401
105000151,394,206,188
105000152,139,284,-145
105000153,512,410,102
105000154,369,296,73
105000155,246,509,-263
105000156,367,356,11
105000157,431,821,-390
105000158,1208,536,672
105000159,212,626,-414
105000160,1605,490,1115
105000161,484,546,-62
105000162,417,1234,-817
105000163,581,471,110
105000164,151,147,4
105000165,405,3768,-3363
105000166,2603,710,1893
105000167,830,1227,-397
105000168,331,344,-13
105000169,511,158,353
105000170,197,733,-536
105000171,677,136,541
105000172,118,17,101
105000173,199,32,167
105000174,59,29,30
105000175,44,91,-47
105000176,317,111,206
105000177,232,151,81
105000178,147,167,-20
105000179,497,94,403
105000180,136,85,51
105000181,93,130,-37
105000182,39,41,-2
105000183,1178,1263,-85
105000184,1025,555,470
105000185,790,719,71
105000186,349,421,-72
105000187,480,116,364
105000188,172,79,93
105000189,127,243,-116
105000190,203,208,-5
105000191,240,206,34
105000192,243,43,200
105000193,46,54,-8
105000194,435,120,315
105000195,163,334,-171
105000196,81,248,-167
105000197,185,271,-86
105000198,308,198,110
105000199,184,577,-393
105000200,86,211,-125
105000201,66,16,50
105000203,13,99,-86
105000204,89,70,19
105000205,71,101,-30
105000207,250,96,154
105000208,109,289,-180
105000209,151,186,-35
105000211,226,17,209
105000212,963,594,369
105000213,60,141,-81
105000214,87,121,-34
105000215,199,92,107
105000216,182,129,53
105000217,101,158,-57
105000218,1096,727,369
105000221,173,96,77
105000222,361,105,256
105000223,259,79,180
105000226,83,180,-97
105000227,55,83,-28
105000228,117,1265,-1148
105000229,94,357,-263
105000231,291,194,97
105000233,818,468,350
105000234,378,612,-234
105000235,279,467,-188
105000237,549,41,508
105000243,18,12,6
105000248,47,48,-1
105000262,268,453,-185
105000269,141,136,5
105000270,318,26,292
105000271,0,100,-100
105000282,42,19,23
105000287,283,39,244
105000288,412,207,205
105000289,1757,1487,270
105000290,20,6,14
105000402,1638,2543,-905
105000426,223,319,-96
105000438,2616,1283,1333
105000440,46,18,28
105000446,5211,3269,1942
105000447,2640,1360,1280
105000454,424,246,178
105000455,186,77,109
105000474,29,0,29
105000477,319,396,-77
105000478,1248,3636,-2388
105000479,57,88,-31
105000480,6524,6231,293
105000481,3234,2466,768
105000482,2609,5176,-2567
105000483,1197,1588,-391
105000484,1160,1950,-790
105000485,866,2387,-1521
105000486,1677,1573,104
105000488,6605,3116,3489
105000489,597,502,95
105000549,61,67,-6
105000550,303,841,-538
105000551,33,47,-14
105000552,1491,917,574
105000555,896,891,5
105000556,41,16,25
105000557,27,147,-120
105900001,4,913,-909
105900002,453,461,-8
105900003,20,86,-66
105900004,128,59,69
105900005,4,98,-94
105900006,3,48,-45
105900007,26,12,14
105900008,27,225,-198
105900009,11,9,2
105900011,65,10,55
105900012,276,49,227
105900013,2,27,-25
105900014,7,43,-36
105900015,99,173,-74
105900016,275,155,120
105900017,948,21,927
105900018,80,91,-11
105900019,39,119,-80
105900020,22,55,-33
105900021,13,100,-87
105900022,149,79,70
105900023,4,48,-44
105900024,1,47,-46
105900025,130,18,112
105900026,126,17,109
105900027,4065,4425,-360
105900028,268,252,16
105900029,829,173,656
105900030,119,171,-52
105900031,158,105,53
105900032,66,93,-27
105900033,71,87,-16
105900034,151,93,58
105900035,93,96,-3
105900036,94,68,26
105900037,115,36,79
105900038,147,132,15
105900039,104,69,35
105900040,89,50,39
105900041,103,94,9
105900042,55,134,-79
105900043,702,36,666
105900044,8,167,-159
105900045,2,449,-447
105900046,3,139,-136
105900047,2,40,-38
105900048,57,293,-236
105900050,3947,2441,1506
105900051,23,520,-497
105900052,298,209,89
105900053,1266,1707,-441
105900054,244,85,159
105900056,242,190,52
105900057,8,54,-46
105900058,21,7,14
105900059,0,46,-46
106000001,2408,1653,755
106000002,1141,3110,-1969
106000003,1871,2498,-627
106000004,978,1528,-550
106000005,2410,3110,-700
106000006,3368,1879,1489
106000007,391,380,11
106000008,304,169,135
106000009,499,241,258
106000010,365,299,66
106000011,859,687,172
106000012,602,689,-87
106000013,1433,1383,50
106000014,974,869,105
106000015,1399,890,509
106000016,732,1150,-418
106000017,456,473,-17
106000018,390,242,148
106000019,259,216,43
106000020,246,215,31
106000021,268,335,-67
106000022,257,117,140
106000023,457,280,177
106000024,344,258,86
106000025,99,188,-89
106000026,55,142,-87
106000027,1080,882,198
106000028,390,227,163
106000029,481,521,-40
106000030,247,302,-55
106000034,99,313,-214
106000035,544,1505,-961
106000036,126,305,-179
106000037,1134,960,174
106000038,145,53,92
106000039,74,66,8
106000040,113,509,-396
106000041,455,481,-26
106000043,358,177,181
106000046,224,55,169
106000047,21,263,-242
106000049,806,130,676
106000050,170,315,-145
106000051,491,193,298
106000052,84,265,-181
106000053,308,95,213
106000054,211,207,4
106000055,762,474,288
106000056,187,200,-13
106000057,324,183,141
106000058,97,112,-15
106000059,266,166,100
106000060,211,291,-80
106000061,181,427,-246
106000062,141,261,-120
106000063,730,450,280
106000064,31,141,-110
106000065,252,179,73
106000066,50,180,-130
106000067,257,91,166
106000068,47,375,-328
106000069,237,39,198
106000070,328,434,-106
106000071,717,187,530
106000072,1545,994,551
106000073,1096,2117,-1021
106000074,457,527,-70
106000075,269,1038,-769
106000076,1315,1257,58
106000077,1991,952,1039
106000078,718,600,118
106000079,518,488,30
106000080,962,285,677
106000081,499,701,-202
106000082,1462,487,975
106000083,350,929,-579
106000084,785,411,374
106000085,891,1108,-217
106000086,426,628,-202
106000087,622,344,278
106000088,317,481,-164
106000089,731,229,502
106000090,221,398,-177
106000091,230,265,-35
106000092,382,196,186
106000093,275,78,197
106000094,65,173,-108
106000095,521,398,123
106000096,689,354,335
106000097,717,486,231
106000098,536,476,60
106000099,131,305,-174
106000100,834,131,703
106000101,491,313,178
106000102,100,227,-127
106000103,156,88,68
106000104,226,133,93
106000105,403,246,157
106000106,521,226,295
106000107,103,141,-38
106000108,380,205,175
106000109,159,133,26
106000110,239,142,97
106000111,121,174,-53
106000112,192,235,-43
106000113,337,349,-12
106000114,167,354,-187
106000115,242,329,-87
106000116,452,347,105
106000117,536,376,160
106000118,770,860,-90
106000119,722,497,225
106000120,617,939,-322
106000121,154,117,37
106000122,113,78,35
106000123,395,95,300
106000124,61,106,-45
106000125,21,99,-78
106000126,256,49,207
106000127,516,377,139
106000128,665,117,548
106000129,604,360,244
106000130,603,464,139
106000131,74,485,-411
106000132,399,141,258
106000133,887,764,123
106000134,299,1176,-877
106000135,278,433,-155
106000136,404,635,-231
106000137,43,375,-332
106000138,852,86,766
106000139,31,64,-33
106000140,37,24,13
106000141,85,19,66
106000142,94,33,61
106000143,23,24,-1
106000144,45,34,11
106000145,239,119,120
106000146,288,98,190
106000147,579,342,237
106000148,779,536,243
106000149,450,356,94
106000150,322,1405,-1083
106000151,2000,511,1489
106000152,545,1419,-874
106000153,57,1040,-983
106000154,640,132,508
106000155,118,180,-62
106000156,562,134,428
106000157,383,1008,-625
106000158,1322,609,713
106000159,1456,1297,159
106000160,313,1759,-1446
106000161,842,164,678
106000162,196,644,-448
106000163,278,154,124
106000164,347,188,159
106000165,154,209,-55
106000166,512,142,370
106000167,184,438,-254
106000168,460,148,312
106000169,219,299,-80
106000170,547,165,382
106000171,170,684,-514
106000172,1730,818,912
106000173,645,1330,-685
106000174,828,210,618
106000175,186,410,-224
106000176,1305,617,688
106000177,409,1073,-664
106000178,2250,1143,1107
106000179,574,1072,-498
106000180,443,595,-152
106000181,694,817,-123
106000182,1032,328,704
106000183,1106,255,851
106000184,1362,273,1089
106000185,721,646,75
106000186,502,68,434
106000187,133,648,-515
106000188,0,0,0
106000189,9,21,-12
106000190,17,0,17
106000191,447,91,356
106000192,0,16,-16
106000193,262,132,130
106000194,93,181,-88
106000195,181,58,123
106000196,76,223,-147
106000197,404,144,260
106000198,103,122,-19
106000199,387,470,-83
106000200,96,111,-15
106000201,251,1910,-1659
106000202,1479,314,1165
106000203,19,115,-96
106000204,98,5,93
106000205,11,94,-83
106000206,90,16,74
106000207,22,301,-279
106000208,1038,114,924
106000209,1111,322,789
106000210,202,351,-149
106000211,167,590,-423
106000212,623,401,222
106000213,296,973,-677
106000214,914,332,582
106000215,215,248,-33
106000216,640,214,426
106000217,178,172,6
106000218,268,224,44
106000219,106,186,-80
106000220,581,214,367
106000221,160,109,51
106000222,59,51,8
106000223,237,72,165
106000224,165,81,84
106000225,53,82,-29
106000226,72,132,-60
106000228,42,47,-5
106000229,61,418,-357
106000231,687,76,611
106000232,85,175,-90
106000233,330,50,280
106000234,59,163,-104
106000235,306,182,124
106000236,99,132,-33
106000237,1,27,-26
106000238,5,27,-22
106000239,2,83,-81
106000240,27,6,21
106000241,5,354,-349
106000242,229,16,213
106000249,41,26,15
106000250,42,422,-380
106000251,108,12,96
106000252,0,31,-31
106000253,45,39,6
106000254,25,28,-3
106000255,17,124,-107
106000256,32,24,8
106000257,101,93,8
106000258,97,92,5
106000259,8,65,-57
106000260,16,5,11
106000261,6,42,-36
106000262,66,9,57
106000263,15,26,-11
106000264,121,15,106
106000265,3,55,-52
106000266,61,21,40
106000267,4,49,-45
106000268,232,33,199
106000269,34,30,4
106000270,85,225,-140
106000271,37,84,-47
106000272,121,40,81
106000273,9,110,-101
106000274,82,26,56
106000275,99,148,-49
106000276,74,32,42
106000277,91,177,-86
106000278,95,26,69
106000279,8,21,-13
106000280,66,24,42
106000281,57,31,26
106000282,38,62,-24
106000283,92,34,58
106000284,67,60,7
106000285,60,37,23
106000286,83,77,6
106000287,69,43,26
106000288,61,91,-30
106000289,79,47,32
106000290,49,51,-2
106000291,50,58,-8
106000292,52,40,12
106000293,105,51,54
106000294,78,59,19
106000295,30,37,-7
106000296,26,82,-56
106000297,34,125,-91
106000298,68,50,18
106000299,52,72,-20
106000300,41,58,-17
106000301,60,82,-22
106000303,19,14,5
106000304,17,18,-1
106000305,54,31,23
106000306,33,25,8
106000307,43,23,20
106000308,34,29,5
106000309,20,34,-14
106000310,233,279,-46
106000311,245,104,141
106000312,220,131,89
106000313,163,108,55
106000318,33,257,-224
106000319,747,228,519
106000320,0,52,-52
106000321,162,77,85
106000322,178,61,117
106000324,11,72,-61
106000325,1312,626,686
106000326,596,896,-300
106000327,194,34,160
106000328,14,60,-46
106000329,49,143,-94
106000330,24,43,-19
106000428,92,143,-51
106000429,148,309,-161
106000430,283,753,-470
106000431,1840,244,1596
106000432,1191,1823,-632
106000433,2035,1151,884
106000434,2309,1060,1249
106000435,829,1604,-775
106000436,12,72,-60
106000437,170,28,142
106000438,368,127,241
106000439,52,193,-141
106000440,364,450,-86
106000441,0,0,0
106000442,243,4,239
106000443,184,172,12
106000450,1,66,-65
106000451,37,52,-15
106000454,2,102,-100
106000455,3,89,-86
106000456,74,30,44
106000457,9,371,-362
106000458,717,62,655
106000459,129,125,4
106000460,1031,10,1021
106000461,102,378,-276
106000462,0,18,-18
106000463,3,12,-9
106000464,5,197,-192
106000465,619,5,614
106000466,5,223,-218
106000467,130,202,-72
106000468,100,76,24
106000469,90,0,90
106000470,143,1168,-1025
106000471,8,232,-224
106000472,120,7,113
106000473,33,14,19
106000474,352,249,103
106000475,403,231,172
106000476,206,338,-132
106000477,54,50,4
106000480,0,224,-224
106900001,0,8,-8
106900002,0,173,-173
106900003,39,134,-95
106900004,0,9,-9
106900006,0,11,-11
106900007,0,8,-8
106900008,268,100,168
106900009,279,137,142
106900010,185,139,46
106900012,688,1140,-452
106900013,116,40,76
106900014,19,2,17
106900015,8,0,8
106900016,255,6,249
106900017,10,0,10
106900018,2,0,2
106900019,48,1,47
106900020,790,933,-143
106900021,120,141,-21
106900022,624,1,623
106900023,4,112,-108
106900024,224,9,215
106900025,18,171,-153
106900026,0,229,-229
106900027,560,4,556
106900028,3,80,-77
106900029,103,12,91
106900030,3,145,-142
107000001,2308,2591,-283
107000002,1451,2140,-689
107000003,4204,4338,-134
107000004,2573,1840,733
107000005,4230,4059,171
107000006,2495,1629,866
107000007,3508,6363,-2855
107000008,4593,3243,1350
107000009,5588,5279,309
107000010,4783,4070,713
107000011,587,731,-144
107000012,2128,1385,743
107000013,54,39,15
107000014,48,98,-50
107000015,403,403,0
107000016,640,417,223
107000017,767,896,-129
107000018,11,663,-652
107000020,520,969,-449
107000021,785,245,540
107000022,444,882,-438
107000023,1080,122,958
107000024,328,660,-332
107000025,122,225,-103
107000026,201,215,-14
107000027,1048,627,421
107000028,980,659,321
107000029,2476,1910,566
107000030,1531,1462,69
107000031,3496,1697,1799
107000032,265,500,-235
107000033,1605,2072,-467
107000034,1926,748,1178
107000035,293,150,143
107000036,202,792,-590
107000037,66,554,-488
107000038,134,157,-23
107000039,557,546,11
107000040,111,161,-50
107000041,914,491,423
107000042,408,1305,-897
107000043,1397,889,508
107000044,304,200,104
107000045,89,197,-108
107000046,565,317,248
107000047,340,547,-207
107000048,447,160,287
107000049,468,512,-44
107000050,804,380,424
107000051,155,220,-65
107000052,794,799,-5
107000053,239,180,59
107000054,47,176,-129
107000055,301,114,187
107000056,380,507,-127
107000057,994,142,852
107000058,1578,1784,-206
107000059,1198,1946,-748
107000060,3635,3671,-36
107000061,3142,1777,1365
107000062,3978,2033,1945
107000063,2821,2352,469
107000064,3632,1590,2042
107000065,1972,2502,-530
107000066,1042,1971,-929
107000067,873,1042,-169
107000068,743,748,-5
107000069,749,398,351
107000070,831,9,822
107000071,2794,47,2747
107000072,25,1343,-1318
107000073,581,410,171
107000074,105,466,-361
107000075,1489,438,1051
107000076,327,725,-398
107000077,2884,1176,1708
107000078,1647,1630,17
107000079,2074,960,1114
107000080,684,1693,-1009
107000081,1572,458,1114
107000082,368,745,-377
107000083,1091,393,698
107000084,242,693,-451
107000085,2142,2192,-50
107000086,2192,2102,90
107000087,2302,1523,779
107000088,2269,2251,18
107000089,1301,1104,197
107000090,687,638,49
107000091,1219,628,591
107000092,551,498,53
107000093,1004,715,289
107000094,565,604,-39
107000095,631,480,151
107000096,357,351,6
107000097,674,282,392
107000098,355,355,0
107000099,297,245,52
107000100,145,161,-16
107000101,37,116,-79
107000102,131,137,-6
107000103,215,144,71
107000104,151,197,-46
107000105,337,92,245
107000106,132,171,-39
107000107,491,73,418
107000108,96,372,-276
107000109,489,108,381
107000110,58,250,-192
107000111,361,44,317
107000112,65,155,-90
107000113,630,78,552
107000114,79,308,-229
107000115,548,174,374
107000116,76,397,-321
107000117,111,593,-482
107000118,127,134,-7
107000119,948,1275,-327
107000120,715,405,310
107000121,720,489,231
107000122,921,455,466
107000123,499,395,104
107000124,512,485,27
107000125,828,415,413
107000126,794,379,415
107000129,161,358,-197
107000130,605,221,384
107000131,246,348,-102
107000132,448,214,234
107000133,257,110,147
107000134,137,0,137
107000135,2,179,-177
107000136,497,4,493
107000137,11,223,-212
107000138,162,12,150
107000139,4,349,-345
107000140,1036,40,996
107000141,76,467,-391
107000142,358,70,288
107000143,43,387,-344
107000144,409,341,68
107000145,79,303,-224
107000146,113,204,-91
107000147,2532,714,1818
107000150,277,1829,-1552
107000151,14,57,-43
107000152,334,1206,-872
107000153,67,222,-155
107000154,150,231,-81
107000155,553,10,543
107000156,841,9,832
107000157,31,582,-551
107000158,621,22,599
107000159,29,395,-366
107000160,996,95,901
107000161,54,578,-524
107000162,205,326,-121
107000163,118,1,117
107000164,591,1,590
107000165,986,2,984
107000166,20,482,-462
107000167,466,141,325
107000168,749,391,358
107000169,378,453,-75
107000170,1922,553,1369
107000171,447,729,-282
107000172,984,1107,-123
107000173,431,420,11
107000174,898,3978,-3080
107000175,3110,836,2274
107000176,0,0,0
107000177,0,3,-3
107000178,25,14,11
107000179,203,972,-769
107000180,1219,144,1075
107000181,360,582,-222
107000182,1526,522,1004
107000183,117,358,-241
107000184,904,419,485
107000185,353,662,-309
107000186,922,308,614
107000187,979,793,186
107000188,428,416,12
107000189,370,629,-259
107000190,554,390,164
107000191,615,733,-118
107000192,1132,400,732
107000193,260,320,-60
107000194,698,389,309
107000197,691,221,470
107000198,195,482,-287
107000199,489,336,153
107000200,350,407,-57
107000201,316,195,121
107000202,239,337,-98
107000203,621,690,-69
107000204,763,815,-52
107000205,1285,533,752
107000206,409,821,-412
107000207,422,596,-174
107000208,532,366,166
107000209,846,1053,-207
107000210,293,120,173
107000211,4,43,-39
107000212,5,191,-186
107000213,12,18,-6
107000214,31,87,-56
107000215,286,220,66
107000216,331,222,109
107000217,131,66,65
107000219,77,95,-18
107000220,104,67,37
107000222,197,311,-114
107000224,359,46,313
107000225,94,157,-63
107000226,271,52,219
107000227,43,59,-16
107000228,61,311,-250
107000229,50,57,-7
107000230,552,291,261
107000231,679,1219,-540
107000232,111,26,85
107000233,543,648,-105
107000234,1,48,-47
107000235,60,5,55
107000236,12,269,-257
107000237,37,0,37
107000238,26,0,26
107000239,1296,308,988
107000240,42,335,-293
107000243,0,39,-39
107000244,6,49,-43
107000246,4,787,-783
107000249,1,933,-932
107000251,0,252,-252
107000252,1,355,-354
107000255,141,108,33
107000257,2,283,-281
107000258,1,124,-123
107000259,0,69,-69
107000260,1231,7,1224
107000262,6,217,-211
107000263,306,1,305
107000266,1,5,-4
107000267,43,67,-24
107000268,66,61,5
107000269,56,5,51
107000270,197,61,136
107000271,7,73,-66
107000272,127,10,117
107000273,3,132,-129
107000274,332,6,326
107000275,196,746,-550
107000280,750,20,730
107000281,22,298,-276
107000282,12,350,-338
107000290,3,26,-23
107000291,10,4,6
107000292,1,71,-70
107000293,14,0,14
107000294,0,37,-37
107000295,18,0,18
107000296,0,11,-11
107000444,261,4,257
107000496,0,6,-6
107000497,960,1024,-64
107000500,231,174,57
107000501,51,104,-53
107000502,99,187,-88
107000505,260,465,-205
107000506,0,0,0
107000508,1,230,-229
107000509,131,384,-253
107000510,33,24,9
107000514,41,207,-166
107000515,4,73,-69
107000516,322,179,143
107000518,929,1298,-369
107000519,775,409,366
107000520,49,41,8
107000521,512,191,321
107000522,883,329,554
107900001,75,49,26
107900002,23,9,14
107900003,310,45,265
107900004,6,0,6
107900005,1181,3,1178
107900006,130,0,130
107900007,262,23,239
107900008,40,13,27
107900009,68,2,66
107900010,41,1,40
107900012,247,33,214
107900013,122,18,104
107900014,37,3,34
107900015,781,7,774
107900016,152,43,109
107900017,13,2,11
107900018,47,147,-100
107900019,17,12,5
107900020,22,7,15
107900021,56,45,11
107900023,3,2,1
107900024,0,2,-2
107900025,154,131,23
107900026,52,22,30
107900027,10,27,-17
107900028,89,51,38
107900030,160,31,129
107900031,70,30,40
107900032,8,1,7
107900033,18,9,9
107900034,211,16,195
107900035,695,31,664
107900036,37,18,19
107900037,0,5,-5
107900038,51,170,-119
107900039,53,15,38
107900040,15,92,-77
107900041,3,3,0
107900043,44,54,-10
107900044,4,9,-5
107900045,85,39,46
107900046,151,121,30
107900047,11,4,7
107900048,151,5,146
107900049,134,475,-341
107900050,50,128,-78
107900051,71,29,42
107900052,28,37,-9
107900053,36,43,-7
107900055,351,142,209
107900056,81,45,36
107900057,2,0,2
107900058,16,268,-252
107900060,21,26,-5
107900061,7,6,1
107900063,56,97,-41
107900064,202,132,70
107900065,135,10,125
107900066,37,3,34
107900067,0,0,0
107900068,57,371,-314
107900069,51,1785,-1734
107900070,133,52,81
107900071,20,322,-302
107900072,95,62,33
107900073,80,34,46
107900074,358,303,55
107900076,139,15,124
107900077,106,6,100
107900079,7,10,-3
107900080,159,435,-276
107900081,37,33,4
107900082,3,9,-6
107900083,295,99,196
107900084,86,68,18
107900086,34,130,-96
107900087,271,123,148
107900088,28,7,21
107900089,122,462,-340
107900090,258,1422,-1164
107900091,117,156,-39
107900093,51,45,6
107900095,1716,1616,100
107900097,7,32,-25
107900098,44,113,-69
107900100,518,879,-361
107900101,522,105,417
107900102,21,1,20
107900103,26,83,-57
107900104,91,2,89
107900105,0,194,-194
107900106,1,380,-379
107900107,526,356,170
107900108,123,83,40
107900109,1218,22,1196
107900110,46,28,18
107900111,1,309,-308
107900112,40,257,-217
107900113,166,28,138
107900114,138,59,79
107900115,1,16,-15
107900116,153,40,113
107900117,136,151,-15
107900118,50,68,-18
107900119,72,139,-67
107900120,18,21,-3
107900121,17,77,-60
107900122,0,41,-41
107900123,3,16,-13
107900124,9,18,-9
107900125,22,96,-74
107900126,4,36,-32
107900127,232,292,-60
107900128,28,63,-35
107900129,58,17,41
107900130,53,8,45
107900131,277,221,56
107900132,54,149,-95
107900133,0,25,-25
107900134,23,78,-55
107900135,7,89,-82
107900136,21,10,11
107900137,81,74,7
107900138,70,19,51
107900139,42,20,22
107900141,18,6,12
107900142,47,328,-281
107900143,33,12,21
107900144,2,54,-52
107900145,2,35,-33
107900146,26,98,-72
107900147,33,25,8
107900148,61,41,20
107900149,340,105,235
107900150,51,276,-225
107900151,19,56,-37
107900152,14,71,-57
107900153,66,198,-132
107900154,39,15,24
107900155,52,36,16
107900156,5,130,-125
107900157,13,16,-3
107900158,570,23,547
107900159,14,296,-282
107900160,109,85,24
107900161,31,74,-43
107900162,2,27,-25
107900163,7,25,-18
107900164,10,15,-5
107900165,27,124,-97
107900166,14,78,-64
107900167,15,41,-26
107900168,49,21,28
107900169,2,103,-101
107900171,10,527,-517
107900172,1,106,-105
107900173,10,37,-27
107900174,127,0,127
107900175,10,26,-16
107900176,32,11,21
107900177,1,39,-38
107900178,1,69,-68
107900179,20,81,-61
107900180,205,532,-327
107900181,160,148,12
107900182,0,449,-449
107900183,30,92,-62
107900184,74,131,-57
107900185,109,3,106
107900186,15,24,-9
107900187,0,90,-90
107900188,331,81,250
107900189,10,65,-55
107900190,34,87,-53
107900191,28,61,-33
107900193,12,54,-42
107900194,141,5,136
107900195,939,155,784
107900196,34,52,-18
107900197,295,263,32
107900199,0,392,-392
107900201,54,49,5
107900203,20,24,-4
107900204,115,113,2
107900206,745,186,559
107900207,4,353,-349
107900208,8,220,-212
107900209,189,76,113
107900210,49,42,7
107900213,233,251,-18
107900214,9,31,-22
107900215,80,248,-168
107900216,113,19,94
107900217,11,65,-54
107900218,16,576,-560
107900219,16,41,-25
107900220,125,186,-61
107900221,58,97,-39
107900223,87,219,-132
107900224,65,260,-195
107900225,5,221,-216
107900226,75,35,40
107900227,74,187,-113
107900228,18,42,-24
107900229,2,89,-87
107900230,10,38,-28
107900231,8,99,-91
107900232,56,63,-7
107900233,3,46,-43
107900234,92,55,37
107900235,23,59,-36
107900236,140,30,110
107900237,24,142,-118
107900238,19,50,-31
107900239,328,376,-48
107900240,1,44,-43
107900241,8,30,-22
107900242,20,95,-75
107900243,2,22,-20
107900244,162,0,162
107900245,515,38,477
107900246,168,8,160
107900248,217,124,93
107900249,666,25,641
107900250,1,200,-199
107900251,46,602,-556
107900252,648,16,632
107900253,139,1,138
107900254,30,152,-122
107900255,123,72,51
107900256,513,520,-7
107900257,122,60,62
107900258,87,102,-15
107900259,81,1608,-1527
107900261,1,99,-98
107900262,30,55,-25
107900264,419,5,414
107900265,101,72,29
107900267,231,4,227
107900268,2,1,1
107900269,1,2,-1
107900270,0,0,0
107900271,0,5,-5
107900272,9,8,1
107900273,30,36,-6
107900274,91,0,91
107900275,21,0,21
107900276,0,46,-46
107900277,0,81,-81
107900278,155,168,-13
107900279,34,102,-68
107900280,1231,1374,-143
107900281,423,2209,-1786
107900282,36,352,-316
107900283,366,319,47
107900284,454,300,154
107900285,69,34,35
107900286,57,54,3
107900287,169,145,24
107900290,0,126,-126
107900291,419,17,402
107900292,59,64,-5
107900293,71,182,-111
107900295,35,18,17
107900297,1,152,-151
107900298,442,394,48
107900299,1435,1852,-417
107900301,324,570,-246
107900302,85,23,62
107900303,188,74,114
107900304,245,174,71
107900305,226,6,220
107900306,5,28,-23
107900307,58,165,-107
107900308,137,90,47
107900309,53,0,53
107900310,184,1,183
107900311,6,170,-164
107900312,41,0,41
107900313,0,70,-70
107900314,0,32,-32
107900315,0,22,-22
107900316,21,1,20
107900317,80,5,75
107900318,9,57,-48
107900319,1,90,-89
107900320,1,62,-61
107900321,117,0,117
107900322,0,40,-40
107900323,2,44,-42
107900324,57,3,54
107900325,70,0,70
107900326,311,75,236
107900327,2,45,-43
107900328,30,0,30
107900329,20,40,-20
107900330,6,151,-145
107900331,234,14,220
107900332,276,10,266
107900333,59,15,44
107900334,3,90,-87
107900335,40,20,20
107900336,30,50,-20
107900337,364,647,-283
107900338,2,88,-86
107900339,0,13,-13
107900340,0,50,-50
107900341,41,1,40
107900342,100,67,33
107900343,29,2,27
107900344,6,40,-34
107900345,52,8,44
107900346,7,1,6
107900347,9,4,5
107900348,2,2,0
107900349,16,2,14
107900350,18,134,-116
107900351,4,59,-55
107900352,3,14,-11
107900353,10,1,9
107900354,16,45,-29
108000001,2349,2663,-314
108000002,1301,1350,-49
108000003,2409,2496,-87
108000004,7543,7854,-311
108000005,5496,4965,531
108000006,4759,4144,615
108000007,3803,3050,753
108000008,2940,3408,-468
108000009,3148,3289,-141
108000010,2096,2587,-491
108000011,8805,8555,250
108000012,9074,8090,984
108000014,464,680,-216
108000015,742,212,530
108000016,203,569,-366
108000017,879,256,623
108000018,1324,410,914
108000019,1007,557,450
108000020,978,334,644
108000021,206,1061,-855
108000022,212,696,-484
108000023,967,148,819
108000024,216,255,-39
108000025,250,145,105
108000026,701,193,508
108000027,557,365,192
108000028,634,108,526
108000029,366,374,-8
108000030,366,131,235
108000031,162,277,-115
108000032,1302,432,870
108000033,469,587,-118
108000034,1326,318,1008
108000035,395,993,-598
108000036,310,583,-273
108000037,1470,264,1206
108000038,2073,379,1694
108000039,362,1136,-774
108000040,1383,689,694
108000041,452,1302,-850
108000042,250,99,151
108000043,196,124,72
108000044,500,93,407
108000045,215,215,0
108000046,1230,235,995
108000047,296,404,-108
108000048,94,204,-110
108000049,608,138,470
108000050,86,332,-246
108000051,268,108,160
108000052,76,305,-229
108000053,305,164,141
108000054,308,716,-408
108000055,737,401,336
108000056,823,841,-18
108000057,480,946,-466
108000058,1407,2812,-1405
108000059,1818,1142,676
108000060,150,529,-379
108000061,250,272,-22
108000062,726,451,275
108000063,322,274,48
108000064,206,146,60
108000065,390,265,125
108000066,1022,525,497
108000067,1434,401,1033
108000068,559,285,274
108000069,135,418,-283
108000070,1510,516,994
108000071,449,651,-202
108000072,1261,712,549
108000073,715,836,-121
108000074,525,266,259
108000075,264,416,-152
108000076,632,394,238
108000077,419,345,74
108000078,1699,744,955
108000079,484,678,-194
108000080,1156,313,843
108000081,350,645,-295
108000082,584,1037,-453
108000083,1422,667,755
108000084,285,617,-332
108000085,615,316,299
108000086,472,381,91
108000087,100,1636,-1536
108000088,597,165,432
108000089,251,179,72
108000091,244,283,-39
108000092,128,79,49
108000093,134,196,-62
108000094,430,71,359
108000095,118,180,-62
108000096,341,129,212
108000097,110,197,-87
108000098,1486,792,694
108000099,766,178,588
108000100,147,335,-188
108000101,910,1089,-179
108000102,1212,2787,-1575
108000106,705,0,705
108000107,1,399,-398
108000108,431,34,397
108000109,4,459,-455
108000110,239,191,48
108000111,125,336,-211
108000112,41,101,-60
108000113,313,129,184
108000115,168,157,11
108000117,393,246,147
108000118,356,1503,-1147
108000119,354,158,196
108000120,123,578,-455
108000121,157,263,-106
108000122,519,210,309
108000123,436,85,351
108000124,210,220,-10
108000125,391,139,252
108000126,143,160,-17
108000127,422,123,299
108000128,454,205,249
108000129,199,362,-163
108000130,372,134,238
108000131,692,418,274
108000132,1008,718,290
108000133,867,378,489
108000134,306,251,55
108000135,847,323,524
108000136,154,407,-253
108000137,436,149,287
108000138,337,425,-88
108000139,508,136,372
108000140,74,24,50
108000141,20,25,-5
108000142,37,41,-4
108000143,44,190,-146
108000144,448,46,402
108000145,56,11,45
108000146,616,44,572
108000147,35,16,19
108000148,461,38,423
108000149,13,9,4
108000150,38,3,35
108000151,140,36,104
108000152,99,194,-95
108000153,534,73,461
108000154,33,6,27
108000155,34,16,18
108000156,476,253,223
108000157,130,949,-819
108000158,60,641,-581
108000159,260,138,122
108000160,1295,792,503
108000161,1097,1806,-709
108000165,7,124,-117
108000172,19,217,-198
108000173,841,1364,-523
108000175,474,77,397
108000178,315,151,164
108000179,90,591,-501
108000181,55,27,28
108000182,163,58,105
108000183,18,124,-106
108000184,485,1700,-1215
108000185,112,160,-48
108000186,326,176,150
108000187,71,166,-95
108000188,528,122,406
108000189,860,6757,-5897
108000190,17,68,-51
108000192,207,242,-35
108000193,241,5,236
108000194,35,10,25
108000195,0,493,-493
108000196,131,74,57
108000198,542,166,376
108000199,0,275,-275
108000200,386,173,213
108000203,79,205,-126
108000204,114,59,55
108000205,91,128,-37
108000339,773,311,462
108000364,209,446,-237
108000365,39,156,-117
108000367,88,185,-97
108000368,4,36,-32
108000369,469,196,273
108000371,4,446,-442
108000372,463,9,454
108000373,166,101,65
108000376,64,27,37
108000377,355,121,234
108000378,6262,7537,-1275
108000379,4,112,-108
108000381,77,8,69
108000382,121,0,121
108000383,0,205,-205
108900001,39,442,-403
108900002,111,41,70
108900003,191,360,-169
108900004,90,336,-246
108900007,338,123,215
108900008,123,113,10
108900009,54,89,-35
108900010,228,94,134
108900011,463,236,227
108900012,297,306,-9
108900013,155,191,-36
108900014,20,99,-79
108900015,1,113,-112
108900016,0,131,-131
108900017,142,268,-126
108900018,129,177,-48
108900019,13,257,-244
108900020,33,107,-74
108900021,115,99,16
108900022,69,0,69
108900023,54,36,18
108900024,26,56,-30
108900025,97,49,48
108900026,4,44,-40
108900027,0,48,-48
108900028,82,160,-78
108900029,41,108,-67
108900030,0,31,-31
108900031,127,145,-18
108900032,3,70,-67
108900033,0,52,-52
108900034,2,76,-74
108900035,239,497,-258
108900038,4,181,-177
108900039,0,170,-170
108900040,8,58,-50
108900041,2866,2488,378
108900042,7,229,-222
108900043,22,222,-200
108900044,0,222,-222
108900045,65,194,-129
108900046,29,347,-318
108900047,47,114,-67
108900048,64,342,-278
108900049,1153,913,240
108900050,0,99,-99
108900051,0,54,-54
108900052,31,92,-61
108900053,39,150,-111
108900054,34,115,-81
108900055,21,202,-181
108900056,0,70,-70
108900057,0,71,-71
108900058,32,141,-109
108900059,387,30,357
108900060,44,95,-51
108900061,41,16,25
108900062,0,98,-98
108900063,3,112,-109
108900064,190,27,163
108900065,5,87,-82
108900066,335,85,250
108900067,5,81,-76
108900068,8,65,-57
108900069,43,36,7
108900070,23,45,-22
108900071,113,56,57
108900072,1005,308,697
108900073,19,129,-110
108900074,154,88,66
108900075,25,29,-4
108900076,285,38,247
108900077,58,214,-156
108900078,34,48,-14
108900079,410,104,306
108900080,29,499,-470
108900081,28,121,-93
108900082,52,74,-22
108900083,9,182,-173
108900085,873,117,756
108900086,115,113,2
108900087,56,95,-39
108900088,664,301,363
108900089,12,74,-62
108900090,41,94,-53
108900091,105,30,75
108900092,427,235,192
108900093,85,59,26
108900094,141,38,103
108900095,15,141,-126
108900096,167,10,157
108900097,247,115,132
108900098,885,520,365
108900099,408,128,280
108900100,51,65,-14
108900101,123,138,-15
108900102,67,721,-654
108900103,83,97,-14
108900105,4,972,-968
108900106,447,124,323
108900108,256,25,231
108900109,351,70,281
108900110,183,185,-2
108900111,407,228,179
108900113,41,66,-25
108900114,89,6,83
108900115,62,36,26
108900116,30,7,23
108900117,135,7,128
108900118,489,16,473
108900119,224,14,210
108900120,210,128,82
108900121,217,89,128
108900122,161,17,144
108900123,96,102,-6
108900124,460,137,323
108900125,392,4,388
108900126,114,24,90
108900127,153,23,130
108900128,92,40,52
108900129,590,104,486
108900130,305,6,299
108900131,343,6,337
108900132,422,33,389
108900133,209,24,185
108900134,356,101,255
108900135,177,11,166
108900136,31,2,29
108900137,140,1,139
108900138,626,31,595
108900140,366,108,258
108900141,239,3,236
108900142,53,6,47
108900143,83,0,83
108900144,98,0,98
108900145,164,20,144
108900146,73,0,73
108900147,192,2,190
108900148,29,15,14
108900150,188,8,180
108900151,43,3,40
108900152,156,7,149
108900153,165,103,62
108900154,3298,266,3032
108900156,90,1,89
108900157,7,165,-158
108900158,270,14,256
108900159,1,74,-73
108900160,8,125,-117
108900161,2,155,-153
108900162,73,4,69
108900163,5,226,-221
108900164,33,53,-20
108900168,3485,1783,1702
108900169,53,62,-9
108900171,2730,2261,469
108900172,177,23,154
108900173,47,204,-157
108900174,736,377,359
108900176,67,188,-121
108900177,2176,4229,-2053
108900178,1901,2638,-737
108900180,100,259,-159
108900183,176,118,58
108900184,539,160,379
108900185,72,249,-177
108900186,73,268,-195
108900189,283,90,193
108900190,26,1184,-1158
108900192,58,140,-82
108900195,52,109,-57
108900196,22,124,-102
108900199,181,200,-19
108900200,477,240,237
108900201,349,840,-491
108900203,316,83,233
108900204,206,24,182
108900205,134,31,103
108900206,250,42,208
108900207,141,72,69
108900208,7,155,-148
108900209,119,263,-144
108900210,92,111,-19
108900211,143,326,-183
108900212,289,955,-666
108900215,38,190,-152
108900216,216,229,-13
108900217,56,0,56
108900218,40,5,35
108900221,28,76,-48
108900224,11,68,-57
108900225,0,101,-101
108900227,86,254,-168
108900230,100,138,-38
108900232,1,127,-126
108900233,218,43,175
108900234,216,82,134
108900235,111,265,-154
108900236,26,111,-85
108900240,70,80,-10
108900241,19,20,-1
108900245,5,775,-770
108900250,92,25,67
108900258,2,73,-71
108900259,17,26,-9
108900260,3,44,-41
108900261,49,80,-31
108900262,93,103,-10
108900263,28,68,-40
108900264,327,130,197
108900265,319,277,42
108900266,326,563,-237
108900267,3,101,-98
108900268,4,5,-1
108900269,72,8,64
108900270,63,2,61
108900271,43,2,41
108900272,151,7,144
108900273,370,470,-100
108900274,72,13,59
109000001,1632,1486,146
109000002,667,1381,-714
109000003,2018,318,1700
109000004,424,1426,-1002
109000005,1819,546,1273
109000006,588,1303,-715
109000007,1228,444,784
109000008,483,1128,-645
109000009,2408,1057,1351
109000010,864,2166,-1302
109000011,2698,1362,1336
109000012,1386,1698,-312
109000013,2849,2318,531
109000014,1367,1583,-216
109000015,3445,7523,-4078
109000016,3618,1820,1798
109000017,2063,906,1157
109000018,913,1575,-662
109000019,1928,1105,823
109000020,668,1059,-391
109000023,192,14,178
109000024,33,129,-96
109000025,282,390,-108
109000026,450,252,198
109000027,56,269,-213
109000028,100,49,51
109000029,71,115,-44
109000030,48,344,-296
109000031,194,148,46
109000032,87,261,-174
109000033,192,145,47
109000034,54,36,18
109000035,8,34,-26
109000036,63,226,-163
109000037,167,1398,-1231
109000038,360,225,135
109000039,747,634,113
109000040,1233,5323,-4090
109000041,1313,1359,-46
109000042,354,842,-488
109000044,310,124,186
109000045,229,281,-52
109000046,242,55,187
109000047,56,284,-228
109000048,777,342,435
109000049,119,279,-160
109000050,379,307,72
109000051,141,105,36
109000052,336,357,-21
109000053,1089,163,926
109000054,55,187,-132
109000055,160,149,11
109000056,229,128,101
109000057,508,394,114
109000058,1088,181,907
109000059,446,1123,-677
109000060,535,319,216
109000061,406,662,-256
109000062,109,218,-109
109000063,110,79,31
109000064,230,92,138
109000065,95,83,12
109000066,261,34,227
109000067,35,149,-114
109000068,823,5,818
109000069,520,15,505
109000070,11,1456,-1445
109000071,361,43,318
109000072,71,376,-305
109000073,61,79,-18
109000074,14,145,-131
109000075,72,216,-144
109000076,116,211,-95
109000077,246,220,26
109000078,113,125,-12
109000079,101,127,-26
109000080,190,57,133
109000081,117,239,-122
109000082,629,128,501
109000083,211,326,-115
109000088,98,253,-155
109000089,194,34,160
109000090,94,254,-160
109000091,234,117,117
109000092,182,235,-53
109000093,283,127,156
109000094,476,2,474
109000095,78,154,-76
109000096,547,211,336
109000097,78,89,-11
109000098,62,93,-31
109000099,579,110,469
109000100,144,387,-243
109000101,1186,301,885
109000102,256,464,-208
109000103,646,326,320
109000104,1451,312,1139
109000105,386,526,-140
109000106,1427,471,956
109000107,406,897,-491
109000108,1376,339,1037
109000109,347,859,-512
109000110,847,341,506
109000111,550,952,-402
109000112,215,61,154
109000113,211,69,142
109000114,76,235,-159
109000115,745,67,678
109000116,11,409,-398
109000117,251,55,196
109000118,8,203,-195
109000119,1089,114,975
109000120,165,324,-159
109000121,720,29,691
109000122,128,308,-180
109000123,31,100,-69
109000124,619,216,403
109000125,566,208,358
109000126,343,330,13
109000127,1478,183,1295
109000128,370,600,-230
109000129,1751,460,1291
109000130,570,914,-344
109000131,1191,901,290
109000132,872,1397,-525
109000133,214,528,-314
109000134,394,695,-301
109000135,549,891,-342
109000136,211,168,43
109000137,255,236,19
109000138,350,130,220
109000139,395,257,138
109000140,204,291,-87
109000141,721,249,472
109000142,94,259,-165
109000143,76,64,12
109000145,74,271,-197
109000146,45,48,-3
109000148,1502,961,541
109000149,14,56,-42
109000150,61,152,-91
109000155,732,489,243
109000156,610,358,252
109000158,53,167,-114
109000159,61,211,-150
109000160,741,133,608
109000161,297,508,-211
109000162,1324,367,957
109000163,764,953,-189
109000164,990,1505,-515
109000165,947,325,622
109000166,618,90,528
109000167,105,265,-160
109000170,29,28,1
109000171,39,31,8
109000172,38,57,-19
109000173,15,58,-43
109000174,83,32,51
109000175,87,167,-80
109000176,193,130,63
109000177,25,38,-13
109000178,582,160,422
109000179,1846,3344,-1498
109000180,2209,2111,98
109000181,28,15,13
109000182,42,15,27
109000183,26,3,23
109000184,35,7,28
109000185,39,5,34
109000188,308,754,-446
109000189,1529,511,1018
109000190,468,300,168
109000191,224,236,-12
109000192,363,109,254
109000193,127,110,17
109000194,195,33,162
109000195,98,125,-27
109000196,199,68,131
109000197,186,170,16
109000198,252,31,221
109000199,93,203,-110
109000206,164,31,133
109000207,125,38,87
109000208,67,66,1
109000209,78,46,32
109000210,74,271,-197
109000211,547,240,307
109000214,346,309,37
109000215,120,35,85
109000216,239,211,28
109000217,101,81,20
109000218,188,137,51
109000221,338,587,-249
109000222,756,184,572
109000223,262,244,18
109000224,32,55,-23
109000225,88,42,46
109000226,37,121,-84
109000227,850,409,441
109000228,5,1834,-1829
109000231,3,120,-117
109000232,343,152,191
109000236,138,468,-330
109000241,1483,1199,284
109000242,1359,805,554
109000293,42,122,-80
109000361,166,172,-6
109000364,117,221,-104
109000396,1,195,-194
109000397,462,13,449
109000399,96,220,-124
109000400,56,121,-65
109000403,63,1063,-1000
109000406,201,10,191
109000407,182,110,72
109000408,0,240,-240
109000410,711,98,613
109000411,194,35,159
109000412,1,25,-24
109900001,68,2,66
109900002,723,17,706
109900003,263,0,263
109900005,28,1,27
109900006,318,81,237
109900007,616,255,361
109900008,0,14,-14
109900009,95,196,-101
109900010,403,11,392
109900011,59,33,26
109900012,164,137,27
109900013,233,81,152
109900014,309,36,273
109900015,179,77,102
109900016,106,6,100
109900017,151,135,16
109900018,146,19,127
109900019,225,17,208
109900020,19,25,-6
109900021,33,5,28
109900022,151,126,25
109900023,7,8,-1
109900024,15,3,12
109900025,4,6,-2
109900027,22,17,5
109900028,421,830,-409
109900029,4,94,-90
109900030,28,4,24
109900031,0,98,-98
109900032,5,175,-170
109900033,0,256,-256
109900034,25,2,23
109900035,14,14,0
109900036,2,29,-27
109900037,18,230,-212
109900038,56,144,-88
109900039,8,0,8
109900040,19,211,-192
109900041,34,145,-111
109900042,3,243,-240
109900044,68,117,-49
109900045,65,82,-17
109900046,95,57,38
109900047,124,147,-23
109900048,5,33,-28
109900049,11,29,-18
109900050,1,86,-85
109900051,1,16,-15
109900052,41,132,-91
109900053,0,147,-147
109900054,513,83,430
109900055,65,129,-64
109900056,11,108,-97
109900057,5,78,-73
109900058,0,51,-51
109900060,415,66,349
109900061,32,104,-72
109900062,0,64,-64
109900064,369,92,277
109900065,35,70,-35
109900066,228,363,-135
109900067,0,90,-90
109900068,58,4,54
109900069,3,22,-19
109900071,3,16,-13
109900072,8,83,-75
109900073,299,184,115
109900074,6,13,-7
109900075,10,17,-7
109900076,29,118,-89
109900077,33,32,1
109900078,55,132,-77
109900080,85,133,-48
109900081,19,180,-161
109900082,21,184,-163
109900083,20,40,-20
109900084,31,60,-29
109900085,125,302,-177
109900086,113,460,-347
109900087,94,230,-136
109900089,580,147,433
109900092,209,9,200
109900093,750,96,654
109900094,70,57,13
109900095,54,106,-52
109900096,38,0,38
109900097,88,1,87
109900098,395,13,382
109900099,207,0,207
109900100,52,0,52
109900101,441,5,436
109900102,319,13,306
109900103,24,18,6
109900104,546,258,288
109900105,422,13,409
109900106,214,26,188
109900107,358,28,330
109900108,69,102,-33
109900109,25,45,-20
109900111,133,404,-271
109900114,792,519,273
109900115,152,35,117
109900117,782,78,704
109900121,219,301,-82
109900123,13,98,-85
109900125,1,78,-77
109900126,250,52,198
109900130,2731,1856,875
109900131,34,113,-79
109900132,28,86,-58
109900134,58,43,15
109900135,187,43,144
109900137,79,145,-66
109900140,160,83,77
109900149,14,45,-31
109900150,13,52,-39
109900151,3,16,-13
109900152,0,15,-15
109900153,0,28,-28
109900154,33,0,33
109900155,52,9,43
109900157,35,111,-76
109900159,94,20,74
109900161,169,53,116
109900162,104,87,17
109900163,340,175,165
109900164,41,135,-94
109900165,150,4,146
109900166,2,66,-64
109900167,116,173,-57
109900168,150,296,-146
109900169,131,75,56
109900170,146,620,-474
109900171,154,61,93
109900172,108,140,-32
109900173,1145,1711,-566
109900174,33,68,-35
109900175,66,43,23
109900176,72,72,0
109900177,17,111,-94
109900178,2,52,-50
109900179,12,6,6
109900180,2,16,-14
110000001,654,356,298
110000002,399,458,-59
110000003,453,379,74
110000004,325,409,-84
110000005,257,1158,-901
110000006,179,212,-33
110000007,80,45,35
110000008,5,43,-38
110000009,38,18,20
110000010,20,33,-13
110000011,32,35,-3
110000012,407,178,229
110000013,40,395,-355
110000014,399,213,186
110000015,189,344,-155
110000016,204,1087,-883
110000017,1498,155,1343
110000018,1230,203,1027
110000019,3,34,-31
110000020,202,132,70
110000021,309,234,75
110000022,408,113,295
110000023,2,59,-57
110000024,457,228,229
110000025,393,9,384
110000026,9,107,-98
110000027,743,462,281
110000028,712,353,359
110000029,327,373,-46
110000030,176,197,-21
110000031,162,264,-102
110000032,511,211,300
110000033,183,75,108
110000034,314,295,19
110000035,448,276,172
110000036,592,342,250
110000037,122,214,-92
110000038,184,384,-200
110000039,587,2172,-1585
110000040,221,173,48
110000041,219,1126,-907
110000042,47,218,-171
110000043,486,179,307
110000044,35,169,-134
110000045,210,86,124
110000046,6,19,-13
110000047,17,20,-3
110000048,13,11,2
110000049,22,9,13
110000050,5,18,-13
110000051,40,16,24
110000052,26,33,-7
110000053,39,12,27
110000054,52,147,-95
110000055,119,32,87
110000056,97,66,31
110000057,269,300,-31
110000058,678,259,419
110000059,691,322,369
110000060,716,650,66
110000061,452,446,6
110000062,444,570,-126
110000063,48,108,-60
110000064,61,22,39
110000065,60,43,17
110000066,44,20,24
110000067,57,86,-29
110000068,242,50,192
110000069,226,25,201
110000071,160,30,130
110000073,16,10,6
110000075,9,26,-17
110000076,188,159,29
110000077,226,490,-264
110000078,18,11,7
110000080,294,405,-111
110000081,42,133,-91
110000082,38,239,-201
110000083,199,410,-211
110000084,961,634,327
110000085,917,930,-13
110000086,771,1539,-768
110000087,9,33,-24
110000088,89,124,-35
110000089,152,77,75
110000090,98,134,-36
110000091,552,146,406
110000092,10,36,-26
110000093,31,22,9
110000094,286,151,135
110000095,113,372,-259
110000096,963,1248,-285
110000097,909,1079,-170
110000098,1283,475,808
110000099,499,1043,-544
110000100,777,175,602
110000101,25,117,-92
110000102,105,44,61
110000104,281,97,184
110000105,36,163,-127
110000106,445,362,83
110000107,163,212,-49
110000108,112,106,6
110000109,184,177,7
110000110,1349,2327,-978
110000111,2650,2023,627
110000112,576,914,-338
110000113,173,1662,-1489
110000114,156,373,-217
110000115,282,148,134
110000116,43,35,8
110000117,163,93,70
110000118,356,63,293
110000119,191,164,27
110000120,260,93,167
110000121,61,281,-220
110000122,212,288,-76
110000123,407,274,133
110000124,2,411,-409
110000125,771,10,761
110000126,236,23,213
110000127,835,42,793
110000128,26,589,-563
110000129,2,367,-365
110000130,273,123,150
110000131,49,229,-180
110000132,1,325,-324
110000133,21,276,-255
110000134,12,264,-252
110000135,141,22,119
110000136,34,148,-114
110000137,348,338,10
110000138,626,356,270
110000139,671,519,152
110000140,619,489,130
110000143,380,271,109
110000144,3552,1355,2197
110000145,1627,772,855
110000146,972,374,598
110000147,248,303,-55
110000148,336,118,218
110000151,685,897,-212
110000152,612,340,272
110000153,79,18,61
110000154,14,19,-5
110000155,827,2695,-1868
110000156,950,1804,-854
110000157,1345,1465,-120
110000160,241,154,87
110000161,125,124,1
110000166,422,44,378
110000167,532,463,69
110000168,672,514,158
110000169,676,296,380
110000170,84,46,38
110000171,480,94,386
110000172,124,412,-288
110000173,729,672,57
110000174,119,456,-337
110000175,568,33,535
110000176,73,302,-229
110000177,121,661,-540
110000178,248,924,-676
110000179,530,215,315
110000180,187,122,65
110000181,329,184,145
110000182,198,48,150
110000183,3619,4490,-871
110000184,186,1584,-1398
110000185,350,402,-52
110000186,435,513,-78
110000191,860,142,718
110000192,398,5,393
110000193,749,9,740
110000194,14,392,-378
110000195,313,117,196
110000196,233,137,96
110000197,75,53,22
110000198,73,23,50
110000199,93,62,31
110000200,521,198,323
110000201,471,623,-152
110000202,890,443,447
110000203,348,300,48
110000204,6,95,-89
110000205,130,34,96
110000206,328,526,-198
110000207,883,217,666
110000208,123,130,-7
110000209,83,345,-262
110000210,1106,267,839
110000211,624,368,256
110000212,342,713,-371
110000213,180,34,146
110000214,252,43,209
110000215,128,133,-5
110000216,98,130,-32
110000217,284,84,200
110000218,123,125,-2
110000219,272,25,247
110000220,60,91,-31
110000221,289,24,265
110000222,40,133,-93
110000223,1,162,-161
110000224,26,8,18
110000225,152,354,-202
110000226,236,44,192
110000227,548,553,-5
110000228,162,97,65
110000229,1,124,-123
110000230,310,366,-56
110000231,145,217,-72
110000232,135,145,-10
110000233,108,274,-166
110000234,324,391,-67
110000235,584,584,0
110000236,441,351,90
110000237,1445,709,736
110000238,804,944,-140
110000239,1282,650,632
110000240,2,23,-21
110000242,2,8,-6
110000243,106,47,59
110000244,66,162,-96
110000245,18,185,-167
110000246,549,289,260
110000247,619,2487,-1868
110000248,1093,894,199
110000249,30,3,27
110000250,28,81,-53
110000251,257,237,20
110000252,239,115,124
110000253,989,434,555
110000254,389,482,-93
110000255,112,551,-439
110000256,324,192,132
110000257,418,269,149
110000258,9,145,-136
110000259,149,25,124
110000260,34,76,-42
110000263,268,44,224
110000264,288,204,84
110000265,737,953,-216
110000266,899,1592,-693
110000267,22,49,-27
110000268,147,196,-49
110000269,6,46,-40
110000270,70,2,68
110000271,669,100,569
110000272,759,605,154
110000273,1534,755,779
110000274,120,1244,-1124
110000275,894,378,516
110000276,226,219,7
110000277,255,192,63
110000278,203,434,-231
110000279,612,539,73
110000280,368,197,171
110000281,46,170,-124
110000282,122,9,113
110000283,21,46,-25
110000284,16,18,-2
110000285,5,295,-290
110000286,7,0,7
110000287,38,1,37
110000288,4,42,-38
110000289,329,1277,-948
110000290,487,403,84
110000291,2265,881,1384
110000292,881,2958,-2077
110000293,456,400,56
110000294,936,615,321
110000295,145,469,-324
110000296,381,200,181
110000297,1444,272,1172
110000298,141,309,-168
110000299,90,46,44
110000301,167,20,147
110000302,324,379,-55
110000303,298,9,289
110000304,146,124,22
110000305,781,24,757
110000306,95,600,-505
110000307,1313,2,1311
110000308,344,5,339
110000309,4,388,-384
110000310,526,49,477
110000311,4,318,-314
110000312,309,93,216
110000313,1227,2108,-881
110000314,0,122,-122
110000315,1650,1463,187
110000316,372,831,-459
110000317,171,343,-172
110000318,1,34,-33
110000319,11,4,7
110000320,31,21,10
110000321,5,20,-15
110000322,182,176,6
110000323,297,101,196
110000324,1968,931,1037
110000325,1397,1858,-461
110000327,266,143,123
110000328,100,186,-86
110000333,680,405,275
110000334,513,633,-120
110000335,528,253,275
110000336,409,494,-85
110000337,1088,326,762
110000338,391,122,269
110000339,253,122,131
110000340,29,119,-90
110000341,331,346,-15
110000342,122,2,120
110000343,0,4,-4
110000344,119,92,27
110000345,138,81,57
110000346,1225,1090,135
110000347,803,491,312
110000348,14,14,0
110000349,11,8,3
110000350,58,3,55
110000351,727,448,279
110000352,543,1019,-476
110000353,1398,395,1003
110000354,698,1892,-1194
110000355,59,29,30
110000356,414,6,408
110000357,317,8,309
110000361,22,21,1
110000362,67,3,64
110000363,388,84,304
110000364,172,151,21
110000365,81,0,81
110000366,0,48,-48
110000367,251,88,163
110000368,0,35,-35
110000369,51,0,51
110000373,1,133,-132
110000374,36,7,29
110000375,97,545,-448
110000376,21,49,-28
110000377,68,326,-258
110000378,15,249,-234
110000379,1252,1200,52
110000380,45,4,41
110000383,0,1116,-1116
110000384,951,772,179
110000385,0,85,-85
110000387,66,5,61
110000388,28,81,-53
110000389,569,1,568
110000391,477,125,352
110000396,140,67,73
110000397,116,43,73
110000398,8,17,-9
110000399,101,1,100
110000587,112,40,72
110000589,157,77,80
110000640,184,46,138
110000652,4,74,-70
110000653,234,245,-11
110000654,70,914,-844
110000656,1,241,-240
110000674,10,8,2
110000675,4,7,-3
110000676,1,31,-30
110000679,181,807,-626
110000682,68,99,-31
110000683,148,237,-89
110000684,1,19,-18
110000685,2,10,-8
110000686,0,15,-15
110000687,12,1,11
110000688,22,683,-661
110000689,24,8,16
110000692,22,81,-59
110000693,41,125,-84
110000694,2,91,-89
110000695,155,327,-172
110000696,35,31,4
110000698,63,521,-458
110000699,82,258,-176
110900001,191,16,175
110900002,204,84,120
110900003,618,232,386
110900004,344,85,259
110900005,1219,1784,-565
110900006,78,10,68
110900007,77,22,55
110900008,9,46,-37
110900009,322,130,192
110900010,11,31,-20
110900011,21,25,-4
110900012,21,54,-33
110900013,669,101,568
110900014,258,20,238
110900015,205,454,-249
110900016,43,82,-39
110900017,367,30,337
110900018,261,25,236
110900019,226,14,212
110900020,72,102,-30
110900021,39,214,-175
110900022,64,119,-55
110900023,37,204,-167
110900024,38,147,-109
110900025,18,27,-9
110900027,32,99,-67
110900028,15,52,-37
110900029,6,135,-129
110900030,26,106,-80
110900031,8,91,-83
110900032,0,32,-32
110900033,36,94,-58
110900035,16,344,-328
110900036,51,13,38
110900037,96,12,84
110900038,394,114,280
110900039,6,156,-150
110900040,155,11,144
110900041,5,34,-29
110900042,72,31,41
110900043,5,39,-34
110900044,119,5,114
110900045,26,160,-134
110900046,14,118,-104
110900047,167,127,40
110900049,56,52,4
110900050,18,2,16
110900052,3,83,-80
110900053,42,10,32
110900054,24,59,-35
110900055,14,1,13
110900056,37,68,-31
110900057,6,64,-58
110900058,133,71,62
110900059,340,199,141
110900060,292,77,215
110900061,11,24,-13
110900062,104,78,26
110900063,28,60,-32
110900064,8,0,8
110900065,193,78,115
110900066,5,21,-16
110900067,106,321,-215
110900068,135,125,10
110900069,7,8,-1
110900070,91,54,37
110900071,120,329,-209
110900073,0,10,-10
110900074,327,92,235
110900075,282,45,237
110900077,587,340,247
110900078,29,27,2
110900079,1404,979,425
110900080,101,46,55
110900081,8,25,-17
110900082,100,44,56
110900083,86,35,51
110900084,49,53,-4
110900085,36,117,-81
110900086,26,240,-214
110900087,283,37,246
110900088,2,8,-6
110900090,19,27,-8
110900091,4,27,-23
110900093,131,47,84
110900095,26,27,-1
110900097,10,17,-7
110900098,17,36,-19
110900099,17,143,-126
110900100,0,11,-11
110900102,38,12,26
110900105,312,95,217
110900108,13,25,-12
110900111,244,76,168
110900112,510,5,505
110900113,199,17,182
110900115,3,30,-27
110900116,595,648,-53
110900118,63,2305,-2242
110900119,1304,166,1138
110900120,11,51,-40
110900121,96,1,95
110900122,381,120,261
110900125,307,306,1
110900127,456,1003,-547
110900128,316,393,-77
110900129,210,680,-470
110900130,559,501,58
110900131,120,10,110
110900132,253,40,213
110900133,34,90,-56
110900135,30,174,-144
110900136,277,9,268
110900139,0,0,0
110900140,0,0,0
110900141,148,104,44
110900142,36,68,-32
110900143,110,24,86
110900144,1,305,-304
110900145,102,46,56
110900146,141,143,-2
110900147,50,152,-102
110900148,2,117,-115
110900149,1,26,-25
110900150,30,8,22
110900151,4,14,-10
110900152,35,81,-46
110900153,128,30,98
111000001,427,334,93
111000002,555,437,118
111000003,1239,514,725
111000004,344,597,-253
111000005,1095,824,271
111000006,555,1127,-572
111000007,2637,1951,686
111000008,1025,1828,-803
111000009,301,460,-159
111000010,612,199,413
111000011,240,711,-471
111000012,500,319,181
111000013,348,585,-237
111000014,1151,386,765
111000017,108,633,-525
111000018,166,271,-105
111000020,525,1237,-712
111000021,59,73,-14
111000023,66,80,-14
111000025,3078,2530,548
111000029,47,64,-17
111000030,43,86,-43
111000031,1297,672,625
111000032,361,220,141
111000033,147,197,-50
111000034,95,237,-142
111000037,768,419,349
111000038,2227,1120,1107
111000039,1256,1158,98
111000040,1242,1291,-49
111000041,975,833,142
111000042,1545,1358,187
111000043,1238,2360,-1122
111000044,1221,933,288
111000045,1931,1761,170
111000046,1239,1204,35
111000047,2032,3113,-1081
111000049,345,255,90
111000050,777,765,12
111000051,375,568,-193
111000052,412,983,-571
111000053,214,470,-256
111000054,236,429,-193
111000055,718,817,-99
111000056,140,152,-12
111000057,74,251,-177
111000058,408,48,360
111000059,388,158,230
111000060,2928,627,2301
111000061,485,249,236
111000062,636,283,353
111000063,1398,704,694
111000064,598,389,209
111000065,857,645,212
111000066,458,274,184
111000067,379,327,52
111000068,478,731,-253
111000069,1081,1175,-94
111000070,628,431,197
111000071,158,227,-69
111000072,1060,375,685
111000073,272,813,-541
111000074,1130,1212,-82
111000075,768,398,370
111000076,420,313,107
111000077,1234,1215,19
111000078,2067,1101,966
111000079,848,410,438
111000080,363,415,-52
111000081,930,2684,-1754
111000082,433,405,28
111000084,524,280,244
111000085,640,636,4
111000086,1218,584,634
111000087,478,297,181
111000088,2348,1573,775
111000089,554,488,66
111000090,581,885,-304
111000091,523,278,245
111000092,1209,516,693
111000093,556,800,-244
111000094,1312,735,577
111000095,527,1664,-1137
111000096,783,5253,-4470
111000097,2607,1107,1500
111000098,522,691,-169
111000099,388,899,-511
111000100,312,763,-451
111000101,256,433,-177
111000102,182,282,-100
111000104,445,102,343
111000107,54,355,-301
111000109,476,112,364
111000110,988,389,599
111000111,1941,346,1595
111000112,1530,435,1095
111000113,628,1239,-611
111000114,1554,2542,-988
111000115,2696,669,2027
111000116,790,559,231
111000117,274,603,-329
111000118,784,454,330
111000119,916,579,337
111000120,428,386,42
111000121,204,465,-261
111000122,343,589,-246
111000123,652,1199,-547
111000124,254,1101,-847
111000125,223,572,-349
111000126,77,388,-311
111000127,805,78,727
111000128,1475,177,1298
111000129,2165,310,1855
111000130,1657,388,1269
111000131,1464,350,1114
111000132,1299,672,627
111000133,119,68,51
111000134,117,55,62
111000135,39,73,-34
111000136,386,194,192
111000138,7,4,3
111000140,1,4,-3
111000141,179,259,-80
111000142,28,232,-204
111000143,10,342,-332
111000144,32,1473,-1441
111000145,266,10,256
111000146,127,6,121
111000147,154,9,145
111000148,104,54,50
111000149,3,13,-10
111000150,8,4,4
111000151,2,10,-8
111000153,368,539,-171
111000154,453,180,273
111000155,58,122,-64
111000156,324,445,-121
111000157,161,633,-472
111000158,496,500,-4
111000159,1937,593,1344
111000160,345,313,32
111000161,10,310,-300
111000162,31,106,-75
111000163,616,417,199
111000164,376,1651,-1275
111000165,595,301,294
111000166,917,210,707
111000167,140,185,-45
111000168,155,281,-126
111000169,270,456,-186
111000170,269,243,26
111000171,320,257,63
111000172,156,215,-59
111000173,344,357,-13
111000174,165,164,1
111000175,35,160,-125
111000176,200,98,102
111000177,318,100,218
111000178,1215,167,1048
111000179,265,73,192
111000180,222,306,-84
111000181,1151,150,1001
111000182,155,115,40
111000183,174,167,7
111000184,272,140,132
111000185,232,193,39
111000186,199,139,60
111000187,78,111,-33
111000188,258,237,21
111000189,515,372,143
111000190,159,158,1
111000191,114,136,-22
111000192,110,269,-159
111000193,236,180,56
111000194,46,164,-118
111000195,99,161,-62
111000196,63,103,-40
111000197,440,97,343
111000198,467,52,415
111000199,190,84,106
111000200,386,247,139
111000201,651,177,474
111000202,213,171,42
111000203,301,214,87
111000204,307,1030,-723
111000213,162,340,-178
111000214,995,734,261
111000215,877,673,204
111000217,1117,508,609
111000218,900,634,266
111000219,243,181,62
111000220,684,324,360
111000221,338,55,283
111000224,85,244,-159
111000225,308,234,74
111000226,72,2,70
111000227,24,1,23
111000228,10,311,-301
111000229,35,658,-623
111000230,121,151,-30
111000231,856,327,529
111000232,411,393,18
111000233,827,380,447
111000234,95,282,-187
111000239,52,63,-11
111000240,36,162,-126
111000241,46,130,-84
111000242,155,55,100
111000243,68,216,-148
111000244,372,53,319
111000245,711,193,518
111000246,496,145,351
111000247,210,300,-90
111000248,556,266,290
111000249,348,305,43
111000250,33,32,1
111000251,32,40,-8
111000253,15,6,9
111000255,50,3,47
111000257,44,6,38
111000260,36,614,-578
111000261,980,72,908
111000271,41,160,-119
111000273,1530,684,846
111000274,905,1436,-531
111000275,178,36,142
111000276,193,773,-580
111000277,135,214,-79
111000278,372,118,254
111000291,715,4617,-3902
111000298,376,123,253
111000299,455,88,367
111000300,55,337,-282
111000302,229,39,190
111000303,88,62,26
111000312,35,42,-7
111000315,13,58,-45
111000320,141,323,-182
111000321,258,97,161
111000322,237,217,20
111000323,204,13,191
111000324,242,155,87
111000325,27,45,-18
111000326,153,179,-26
111000327,252,171,81
111000328,233,317,-84
111000329,0,18,-18
111000330,41,6,35
111000331,4,1,3
111000332,424,931,-507
111000334,233,637,-404
111000335,658,171,487
111000337,1050,220,830
111000338,56,35,21
111000339,423,99,324
111000340,53,277,-224
111000341,1002,315,687
111000342,100,800,-700
111000344,748,422,326
111000345,121,84,37
111000346,29,183,-154
111000347,156,5,151
111000350,122,63,59
111000351,101,174,-73
111000352,197,39,158
111000353,120,119,1
111000354,279,70,209
111000355,264,289,-25
111000358,103,442,-339
111000360,158,223,-65
111000361,128,118,10
111000546,522,286,236
111000547,304,174,130
111000548,99,158,-59
111000549,215,138,77
111000550,59,575,-516
111000551,490,160,330
111000552,489,114,375
111000907,362,18,344
111000908,32,0,32
111000916,1379,131,1248
111000917,37,241,-204
111000918,164,309,-145
111000920,459,5,454
111000921,17,84,-67
111000922,420,116,304
111000924,20,312,-292
111000925,2308,1311,997
111000926,859,875,-16
111000927,2022,3033,-1011
111000928,2710,1667,1043
111000929,1011,782,229
111000930,520,1132,-612
111000931,1553,1816,-263
111000932,2498,1089,1409
111000933,2359,1783,576
111000934,1049,1664,-615
111000935,1194,601,593
111000936,784,1010,-226
111000937,899,816,83
111000938,1005,777,228
111000939,425,28,397
111000940,364,67,297
111000941,258,198,60
111000943,403,168,235
111000944,125,150,-25
111000945,76,660,-584
111001109,331,317,14
111001110,149,281,-132
111001111,87,2,85
111001112,99,15,84
111001113,6,112,-106
111001114,357,120,237
111001115,48,539,-491
111001116,2208,2820,-612
111001117,382,1635,-1253
111001120,117,112,5
111001121,112,91,21
111001122,156,209,-53
111001123,261,79,182
111001124,108,60,48
111001125,2,121,-119
111001126,0,0,0
111001127,0,16,-16
111001128,586,328,258
111001129,4,214,-210
111900001,3,105,-102
111900002,2,205,-203
111900003,0,126,-126
111900004,7,42,-35
111900006,8,31,-23
111900007,71,6,65
111900008,138,2,136
111900009,115,4,111
111900010,160,192,-32
111900012,48,60,-12
111900013,14,14,0
111900014,1768,3036,-1268
111900015,4,19,-15
111900016,0,43,-43
111900017,0,53,-53
111900018,133,3,130
111900019,1,59,-58
111900020,1,17,-16
111900021,22,55,-33
111900022,4,35,-31
111900023,63,60,3
111900024,252,76,176
111900025,0,23,-23
111900026,0,52,-52
111900027,1,68,-67
111900028,9,113,-104
111900029,3,38,-35
111900030,23,133,-110
111900032,3,116,-113
111900033,1,41,-40
111900034,173,212,-39
111900035,36,82,-46
111900036,0,95,-95
111900038,156,270,-114
111900039,29,168,-139
111900040,0,168,-168
111900042,10,95,-85
111900043,0,114,-114
111900044,171,100,71
111900046,27,70,-43
111900048,226,196,30
111900049,7,96,-89
111900050,70,8,62
111900051,1,116,-115
111900052,195,159,36
111900053,443,1136,-693
111900054,89,0,89
111900055,1,143,-142
111900056,78,263,-185
111900057,80,28,52
111900058,460,212,248
111900059,678,437,241
111900060,263,5,258
111900061,3,68,-65
111900062,17,54,-37
111900063,163,190,-27
111900064,47,99,-52
111900065,73,5,68
111900066,101,122,-21
111900067,1,205,-204
111900068,23,23,0
111900069,56,16,40
111900070,150,67,83
111900071,0,82,-82
111900072,29,7,22
111900073,649,140,509
111900074,8,95,-87
111900075,38,6,32
111900076,161,66,95
111900077,28,2,26
111900078,206,24,182
111900079,32,30,2
111900080,133,224,-91
111900082,187,24,163
111900083,117,23,94
111900084,105,4,101
111900085,22,103,-81
111900086,50,9,41
111900087,35,0,35
111900088,500,19,481
111900089,44,0,44
111900090,32,20,12
111900091,210,2,208
111900092,70,2,68
111900093,314,5,309
111900094,70,0,70
111900095,173,27,146
111900096,136,5,131
111900097,41,0,41
111900098,214,0,214
111900099,26,0,26
111900100,81,1,80
111900101,59,18,41
111900102,404,213,191
111900103,31,52,-21
111900104,76,30,46
111900105,172,95,77
111900106,301,39,262
111900110,699,195,504
111900111,62,0,62
111900112,236,2124,-1888
111900113,134,65,69
111900118,252,78,174
111900119,213,132,81
111900122,71,76,-5
111900123,16,20,-4
111900124,19,36,-17
111900125,381,26,355
111900126,182,3,179
111900127,2,267,-265
111900128,1,186,-185
111900129,210,1,209
111900130,108,20,88
111900131,392,3,389
111900132,6,330,-324
111900133,30,126,-96
111900134,8,105,-97
111900135,7,18,-11
111900136,60,105,-45
111900137,35,31,4
111900138,16,29,-13
111900139,12,44,-32
111900140,106,14,92
111900141,56,6,50
111900142,83,19,64
111900143,23,29,-6
111900144,4,40,-36
111900145,0,182,-182
111900146,1,91,-90
111900147,81,152,-71
111900148,13,264,-251
111900149,5,113,-108
111900150,4,53,-49
111900151,1,6,-5
111900152,63,66,-3
111900153,643,551,92
111900154,16,252,-236
111900155,43,61,-18
111900156,56,50,6
111900157,139,17,122
111900158,383,57,326
111900159,273,25,248
111900160,264,2,262
111900161,186,0,186
111900162,50,108,-58
111900163,7,109,-102
111900164,60,39,21
111901113,396,131,265
111901114,143,126,17
111901115,42,1,41
111901116,14,2,12
111901117,21,32,-11
111901118,32,170,-138
111901119,264,27,237
111901121,75,71,4
111901122,1,216,-215
111901123,176,127,49
111901124,164,2,162
111901125,368,152,216
111901127,157,331,-174
111901128,9,16,-7
111901129,2,35,-33
111901130,4,43,-39
111901131,3,147,-144
111901132,123,28,95
111901133,17,0,17
111901134,47,0,47
111901135,17,6,11
111901138,111,17,94
111901139,9,14,-5
111901140,2,31,-29
111901141,1,47,-46
111901142,0,51,-51
111901143,1,36,-35
111901144,49,23,26
111901145,94,178,-84
111901146,201,18,183
111901147,159,5,154
111901148,6,34,-28
111901149,9,5,4
111901150,16,0,16
111901151,0,0,0
111901152,6,11,-5
112000001,1240,427,813
112000002,428,1143,-715
112000003,1201,750,451
112000004,467,340,127
112000005,2630,2922,-292
112000006,1328,736,592
112000007,2260,1672,588
112000008,1695,2749,-1054
112000009,1728,1339,389
112000010,2096,2472,-376
112000011,997,855,142
112000012,1972,3083,-1111
112000013,1984,1858,126
112000014,1405,1717,-312
112000015,2219,2000,219
112000016,1974,1254,720
112000017,789,1650,-861
112000024,1290,442,848
112000026,1376,1880,-504
112000027,476,490,-14
112000028,608,676,-68
112000029,412,476,-64
112000030,132,32,100
112000031,788,2712,-1924
112000032,125,28,97
112000033,1088,1438,-350
112000034,125,23,102
112000035,40,204,-164
112000036,371,714,-343
112000037,470,475,-5
112000038,801,752,49
112000039,135,30,105
112000040,46,129,-83
112000041,293,249,44
112000042,622,299,323
112000050,936,903,33
112000051,820,993,-173
112000054,888,814,74
112000057,237,279,-42
112000058,128,341,-213
112000059,206,369,-163
112000061,1373,848,525
112000062,715,538,177
112000063,435,1432,-997
112000064,1787,2519,-732
112000065,996,1303,-307
112000066,2341,1109,1232
112000067,462,378,84
112000068,2324,2126,198
112000069,347,943,-596
112000070,1111,715,396
112000071,653,1249,-596
112000072,1890,546,1344
112000073,945,1116,-171
112000074,1157,740,417
112000075,1178,861,317
112000076,2137,1408,729
112000077,627,267,360
112000078,1544,352,1192
112000079,1042,759,283
112000080,554,366,188
112000081,893,1351,-458
112000082,922,515,407
112000083,400,648,-248
112000084,958,507,451
112000085,914,512,402
112000086,1196,754,442
112000087,460,330,130
112000088,721,237,484
112000089,219,166,53
112000090,157,121,36
112000091,501,521,-20
112000092,1475,840,635
112000093,1247,599,648
112000094,532,521,11
112000095,672,554,118
112000096,444,359,85
112000097,1146,608,538
112000098,466,372,94
112000099,545,1347,-802
112000100,1620,533,1087
112000101,439,438,1
112000102,1212,397,815
112000103,377,495,-118
112000105,529,751,-222
112000106,1685,275,1410
112000107,106,120,-14
112000108,272,736,-464
112000109,193,80,113
112000110,1597,468,1129
112000111,619,1248,-629
112000112,2342,369,1973
112000113,535,896,-361
112000114,1703,621,1082
112000115,216,228,-12
112000116,470,401,69
112000117,868,517,351
112000118,717,458,259
112000119,287,358,-71
112000120,39,157,-118
112000121,66,183,-117
112000122,214,97,117
112000123,619,91,528
112000124,333,41,292
112000125,220,199,21
112000126,226,214,12
112000127,1122,1403,-281
112000128,267,349,-82
112000129,75,45,30
112000130,165,86,79
112000131,46,153,-107
112000132,99,186,-87
112000133,320,109,211
112000134,300,185,115
112000135,957,437,520
112000136,583,622,-39
112000137,908,789,119
112000138,698,514,184
112000139,495,437,58
112000140,465,767,-302
112000141,735,244,491
112000142,130,312,-182
112000143,872,143,729
112000144,159,514,-355
112000145,2137,401,1736
112000146,462,985,-523
112000147,2324,1194,1130
112000148,1015,1049,-34
112000149,383,265,118
112000150,211,274,-63
112000151,265,183,82
112000152,382,203,179
112000153,149,106,43
112000154,83,156,-73
112000155,103,78,25
112000157,371,359,12
112000158,201,179,22
112000159,467,212,255
112000167,285,80,205
112000169,215,252,-37
112000173,612,111,501
112000175,230,201,29
112000176,1069,1012,57
112000177,544,135,409
112000178,59,133,-74
112000179,231,48,183
112000180,241,231,10
112000181,1052,937,115
112000182,1055,540,515
112000183,20,15,5
112000184,372,144,228
112000185,546,266,280
112000187,2381,1522,859
112000195,96,8,88
112000196,110,1,109
112000197,69,93,-24
112000198,29,165,-136
112000199,598,514,84
112000202,375,22,353
112000216,43,155,-112
112000230,61,3,58
112000231,3,125,-122
112000256,41,158,-117
112000313,45,45,0
112000314,24,49,-25
112000337,125,325,-200
112000352,116,263,-147
112000392,713,704,9
112000398,1220,547,673
112000399,1088,1731,-643
112000400,957,1050,-93
112000401,1618,947,671
112000402,2314,2573,-259
112000403,926,2450,-1524
112000404,898,689,209
112000405,1661,2114,-453
112000406,1618,933,685
112000407,5724,5884,-160
112000408,4329,2746,1583
112000409,1106,1965,-859
112000410,186,275,-89
112000411,1596,1078,518
112000412,845,362,483
112000413,3777,4737,-960
112000414,74,46,28
112000415,61,21,40
112000416,2051,930,1121
112000417,289,45,244
112000421,86,64,22
112000422,207,112,95
112000424,1068,2123,-1055
112000425,235,398,-163
112000426,167,203,-36
112000427,0,9,-9
112000428,212,212,0
112000429,1447,1227,220
112000430,1700,1758,-58
112000431,75,102,-27
112000432,378,507,-129
112000433,156,334,-178
112000437,61,74,-13
112900001,56,2,54
112900002,434,389,45
112900003,51,147,-96
112900004,19,62,-43
112900005,193,81,112
112900007,17,98,-81
112900008,0,24,-24
112900009,251,87,164
112900010,397,396,1
112900011,91,106,-15
112900012,2,31,-29
112900013,0,67,-67
112900014,2,91,-89
112900015,196,383,-187
112900016,10,120,-110
112900017,22,107,-85
112900018,309,335,-26
112900019,11,58,-47
112900020,193,539,-346
112900021,0,94,-94
112900022,6,39,-33
112900023,1,68,-67
112900024,36,125,-89
112900025,30,103,-73
112900026,7,92,-85
112900027,4,396,-392
112900028,11,51,-40
112900029,15,237,-222
112900030,44,65,-21
112900031,3,244,-241
112900032,136,141,-5
112900034,0,13,-13
112900035,2,216,-214
112900036,27,78,-51
112900037,113,153,-40
112900038,449,58,391
112900039,6,134,-128
112900040,4,225,-221
112900041,299,659,-360
112900042,12,122,-110
112900043,19,16,3
112900044,306,199,107
112900045,120,158,-38
112900046,97,44,53
112900047,10,15,-5
112900049,216,26,190
112900050,20,232,-212
112900051,108,198,-90
112900052,9,321,-312
112900053,106,56,50
112900054,88,42,46
112900055,48,21,27
112900056,210,150,60
112900057,8,255,-247
112900058,243,305,-62
112900059,81,58,23
112900060,16,80,-64
112900061,64,45,19
112900062,42,51,-9
112900063,64,15,49
112900064,50,83,-33
112900065,14,22,-8
112900066,187,137,50
112900067,152,51,101
112900068,48,35,13
112900069,737,571,166
112900071,14,6,8
112900072,54,1587,-1533
112900073,304,86,218
112900074,58,287,-229
112900075,493,666,-173
112900076,43,20,23
112900078,198,387,-189
112900079,167,15,152
112900080,25,2,23
112900081,26,174,-148
112900082,478,31,447
112900083,93,77,16
112900084,182,125,57
112900086,40,0,40
112900087,529,62,467
112900088,108,5,103
112900089,605,20,585
112900090,81,41,40
112900091,200,3,197
112900092,57,283,-226
112900093,919,18,901
112900095,42,2,40
112900096,465,141,324
112900097,57,126,-69
112900098,36,2,34
112900099,613,10,603
112900100,52,1,51
112900101,303,3,300
112900102,78,4,74
112900103,137,2,135
112900104,514,1,513
112900105,16,0,16
112900106,289,76,213
112900107,2,1,1
112900108,3,0,3
112900109,110,1,109
112900110,1216,20,1196
112900111,611,3,608
112900112,380,0,380
112900113,0,20,-20
112900114,150,10,140
112900115,1186,0,1186
112900116,130,1,129
112900117,83,21,62
112900118,10,46,-36
112900119,122,4,118
112900120,351,182,169
112900121,44,67,-23
112900122,4,45,-41
112900123,41,11,30
112900124,5,41,-36
112900125,21,173,-152
112900126,105,131,-26
112900127,226,74,152
112900128,127,391,-264
112900129,3,302,-299
112900130,203,72,131
112900131,16,166,-150
112900132,78,245,-167
112900133,9,445,-436
112900134,0,103,-103
112900135,64,40,24
112900137,95,253,-158
112900138,4,81,-77
112900139,100,561,-461
112900141,491,22,469
112900142,55,125,-70
112900143,19,202,-183
112900144,4,367,-363
112900145,17,243,-226
112900146,3,424,-421
112900147,1,581,-580
112900148,45,0,45
112900149,132,233,-101
112900151,4,25,-21
112900152,1912,370,1542
112900153,809,1727,-918
112900154,0,32,-32
112900155,114,13,101
112900156,416,546,-130
112900157,137,9,128
112900158,55,4,51
112900159,124,134,-10
112900160,38,157,-119
112900161,128,34,94
112900162,29,9,20
112900163,47,32,15
112900164,23,144,-121
112900165,55,13,42
112900166,12,54,-42
112900167,2,50,-48
112900168,2,4,-2
112900169,13,15,-2
112900170,102,55,47
112900172,22,25,-3
112900173,78,50,28
112900174,187,52,135
112900175,67,128,-61
112900176,23,43,-20
112900177,168,33,135
112900178,458,2011,-1553
112900179,21,181,-160
112900180,1393,763,630
112900181,507,5,502
112900182,26,363,-337
112900183,55,159,-104
112900184,203,218,-15
112900185,93,336,-243
112900186,561,666,-105
112900187,72,364,-292
112900188,442,559,-117
112900189,4,4,0
112900190,11,15,-4
112900192,410,467,-57
112900193,709,262,447
112900194,58,24,34
112900195,679,24,655
112900196,168,186,-18
112900197,90,188,-98
112900199,329,137,192
112900200,380,123,257
112900201,129,52,77
112900202,343,394,-51
112900203,211,139,72
112900204,639,407,232
112900205,5,11,-6
112900206,17,88,-71
112900207,13,0,13
112900208,70,319,-249
112900209,316,181,135
112900210,0,22,-22
112900211,75,5,70
112900212,1,48,-47
112900213,65,4,61
112900214,9,22,-13
112900215,9,88,-79
112900216,20,47,-27
112900217,0,51,-51
112900218,83,0,83
112900219,79,3,76
112900220,1,0,1
112900221,15,67,-52
112900222,0,14,-14
112900223,667,9,658
112900224,281,179,102
112900225,396,159,237
112900226,68,150,-82
112900227,341,220,121
112900228,74,22,52
112900229,211,26,185
112900230,3164,2166,998
112900232,112,229,-117
112900233,44,72,-28
112900234,13,30,-17
112900235,87,19,68
112900236,231,7,224
112900237,251,117,134
112900238,3,5,-2
112900239,455,306,149
112900240,1,20,-19
112900241,8,23,-15
112900242,4,51,-47
112900243,6,49,-43
112900244,9,48,-39
112900245,1,20,-19
112900246,1,5,-4
112900247,60,41,19
112900248,2,0,2
112900249,23,2,21
112900250,79,9,70
112900251,37,3,34
112900252,73,11,62
112900253,29,3,26
112900254,10,2,8
112900255,0,19,-19
112900256,4,40,-36
112900257,8,23,-15
112900258,36,11,25
113000001,3916,3153,763
113000002,2221,2244,-23
113000003,1128,983,145
113000004,1046,1471,-425
113000005,1041,586,455
113000006,811,782,29
113000007,1425,619,806
113000008,1087,911,176
113000009,759,457,302
113000010,726,649,77
113000011,497,655,-158
113000012,1102,401,701
113000013,624,446,178
113000014,657,759,-102
113000015,170,88,82
113000016,188,410,-222
113000017,23,206,-183
113000018,286,27,259
113000019,126,183,-57
113000020,416,53,363
113000021,701,426,275
113000022,491,618,-127
113000025,44,164,-120
113000026,389,305,84
113000027,398,498,-100
113000028,375,426,-51
113000029,408,519,-111
113000030,124,327,-203
113000031,168,220,-52
113000032,154,207,-53
113000033,171,246,-75
113000034,140,203,-63
113000035,43,30,13
113000036,16,33,-17
113000037,41,21,20
113000038,13,41,-28
113000039,57,236,-179
113000040,50,52,-2
113000042,508,363,145
113000051,517,1558,-1041
113000052,1293,459,834
113000053,281,200,81
113000054,223,402,-179
113000055,966,279,687
113000056,914,548,366
113000058,354,521,-167
113000059,607,258,349
113000060,223,363,-140
113000061,322,528,-206
113000062,360,200,160
113000063,203,38,165
113000064,78,137,-59
113000065,136,396,-260
113000066,570,88,482
113000067,1922,593,1329
113000068,294,512,-218
113000069,386,499,-113
113000070,1833,568,1265
113000071,289,302,-13
113000072,659,291,368
113000073,199,728,-529
113000074,545,217,328
113000075,1142,580,562
113000076,447,1515,-1068
113000077,540,520,20
113000078,434,1332,-898
113000079,379,501,-122
113000080,472,490,-18
113000081,424,480,-56
113000082,633,386,247
113000083,428,583,-155
113000084,949,618,331
113000085,544,460,84
113000086,549,606,-57
113000087,491,647,-156
113000088,1262,821,441
113000089,628,1167,-539
113000090,118,494,-376
113000091,338,291,47
113000094,898,170,728
113000095,163,448,-285
113000096,107,460,-353
113000097,697,217,480
113000098,57,29,28
113000099,618,328,290
113000100,70,210,-140
113000101,170,346,-176
113000102,444,418,26
113000103,1090,205,885
113000104,360,1428,-1068
113000105,542,244,298
113000106,230,191,39
113000107,639,469,170
113000108,421,516,-95
113000109,360,854,-494
113000110,1194,263,931
113000111,143,359,-216
113000112,260,192,68
113000113,692,223,469
113000114,205,700,-495
113000116,389,167,222
113000117,569,70,499
113000118,51,251,-200
113000119,220,197,23
113000120,45,169,-124
113000121,291,543,-252
113000124,151,88,63
113000125,48,596,-548
113000127,1061,157,904
113000128,454,189,265
113000129,265,501,-236
113000133,1222,706,516
113000134,4,736,-732
113000135,2978,3333,-355
113000137,866,2333,-1467
113000139,186,117,69
113000140,36,127,-91
113000141,86,113,-27
113000142,173,440,-267
113000143,135,109,26
113000144,160,426,-266
113000145,61,65,-4
113000146,84,42,42
113000147,127,37,90
113000148,163,86,77
113000149,82,60,22
113000150,307,187,120
113000151,32,32,0
113000152,24,75,-51
113000153,655,245,410
113000154,378,985,-607
113000155,238,433,-195
113000156,96,185,-89
113000157,173,414,-241
113000158,433,153,280
113000159,529,414,115
113000160,384,475,-91
113000161,184,192,-8
113000162,542,180,362
113000163,82,57,25
113000164,36,37,-1
113000166,128,72,56
113000167,20,37,-17
113000168,40,62,-22
113000169,187,35,152
113000170,73,84,-11
113000171,27,59,-32
113000172,203,39,164
113000173,94,32,62
113000174,71,182,-111
113000175,325,56,269
113000176,329,108,221
113000177,124,203,-79
113000178,96,160,-64
113000179,206,142,64
113000180,368,613,-245
113000181,883,497,386
113000182,81,211,-130
113000183,82,385,-303
113000184,6,47,-41
113000189,236,532,-296
113000190,285,268,17
113000192,632,1934,-1302
113000193,1378,1808,-430
113000194,591,900,-309
113000195,798,917,-119
113000196,151,72,79
113000197,726,863,-137
113000198,82,119,-37
113000199,717,139,578
113000201,167,288,-121
113000202,2612,476,2136
113000203,60,184,-124
113000204,471,1738,-1267
113000205,14,14,0
113000206,1,21,-20
113000207,66,9,57
113000208,31,33,-2
113000209,18,14,4
113000210,7,16,-9
113000211,128,256,-128
113000212,46,22,24
113000213,11,62,-51
113000214,134,185,-51
113000234,107,355,-248
113000410,42,173,-131
113000411,1197,1961,-764
113000412,2825,1431,1394
113000413,949,2005,-1056
113000414,2617,8092,-5475
113000415,1164,1289,-125
113000416,3282,2006,1276
113000417,1090,1314,-224
113000418,2634,2199,435
113000419,842,1021,-179
113000420,2208,3605,-1397
113000421,2401,4293,-1892
113000422,5678,6433,-755
113000423,1032,3328,-2296
113000424,1277,6305,-5028
113000425,0,98,-98
113000428,8,7,1
113000430,2,13,-11
113000432,1692,199,1493
113000433,42,362,-320
113000434,17,50,-33
113000435,35,190,-155
113000436,17,525,-508
113000437,888,18,870
113000438,235,14,221
113000439,34,45,-11
113000440,126,28,98
113000441,224,150,74
113000442,126,69,57
113000443,216,82,134
113000444,181,77,104
113000445,119,49,70
113000446,23,82,-59
113000448,177,120,57
113000449,102,493,-391
113000450,305,1140,-835
113000451,855,151,704
113000452,100,299,-199
113000453,34,301,-267
113000454,237,66,171
113000455,22,272,-250
113000456,1776,1360,416
113000468,695,97,598
113000469,21,45,-24
113000470,265,9,256
113000471,15,260,-245
113000472,50,154,-104
113000474,631,428,203
113000475,898,875,23
113000476,1064,1295,-231
113000477,2623,1351,1272
113000478,2174,2596,-422
113000479,59,68,-9
113000485,0,0,0
113000486,0,0,0
113000487,0,0,0
113000489,0,4,-4
113000490,0,0,0
113000491,1,0,1
113000492,1,0,1
113000493,0,0,0
113000495,117,101,16
113000496,91,62,29
113900001,4,137,-133
113900002,0,39,-39
113900003,0,40,-40
113900004,2,42,-40
113900005,2,36,-34
113900006,0,16,-16
113900007,5,0,5
113900008,23,1,22
113900009,30,2,28
113900010,20,0,20
113900011,45,0,45
113900012,18,0,18
113900013,39,2,37
113900014,381,2,379
113900015,0,21,-21
113900016,24,0,24
113900017,0,30,-30
113900018,200,213,-13
113900019,95,29,66
113900020,95,3,92
113900022,13,0,13
113900023,28,0,28
113900024,28,28,0
113900025,107,10,97
113900026,20,1,19
113900027,7,37,-30
113900028,40,227,-187
113900029,66,85,-19
113900030,177,2,175
113900031,11,0,11
113900032,40,0,40
113900033,94,26,68
113900035,48,0,48
113900036,15,50,-35
113900037,140,192,-52
113900038,38,92,-54
113900039,118,8,110
113900040,10,17,-7
113900041,8,2,6
113900042,72,19,53
113900043,91,51,40
113900044,185,202,-17
113900045,49,2,47
113900046,98,373,-275
113900047,40,75,-35
113900048,114,87,27
113900049,292,273,19
113900050,180,196,-16
113900051,146,129,17
113900052,84,88,-4
113900053,343,387,-44
113900054,5,2,3
113900055,68,231,-163
113900056,47,88,-41
113900057,6,21,-15
113900058,40,69,-29
113900059,163,185,-22
113900060,62,86,-24
113900061,246,160,86
113900062,42,7,35
113900063,61,57,4
113900064,17,46,-29
113900065,336,6,330
113900066,285,162,123
113900067,121,81,40
113900068,258,296,-38
113900069,5,8,-3
113900070,127,224,-97
113900071,31,27,4
113900072,30,85,-55
113900073,254,175,79
113900074,63,142,-79
113900075,629,885,-256
113900076,96,14,82
113900077,24,86,-62
113900078,12,44,-32
113900079,1,7,-6
113900080,273,86,187
113900081,38,76,-38
113900082,81,98,-17
113900083,242,140,102
113900084,143,101,42
113900085,38,122,-84
113900086,37,12,25
113900087,63,72,-9
113900088,38,108,-70
113900089,219,26,193
113900090,337,186,151
113900091,8,5,3
113900092,9,33,-24
113900093,44,531,-487
113900094,284,156,128
113900095,92,89,3
113900096,139,45,94
113900097,25,29,-4
113900098,535,88,447
113900099,1,17,-16
113900100,0,4,-4
113900101,8,45,-37
113900102,73,134,-61
113900103,189,175,14
113900104,93,157,-64
113900105,102,79,23
113900106,0,24,-24
113900107,1,4,-3
113900108,116,152,-36
113900109,244,170,74
113900110,16,16,0
113900111,123,37,86
113900112,88,44,44
113900113,607,304,303
113900114,2,16,-14
113900115,0,34,-34
113900116,70,99,-29
113900117,25,19,6
113900118,127,233,-106
113900119,119,277,-158
113900120,41,26,15
113900121,35,29,6
113900122,177,1459,-1282
113900123,246,132,114
113900124,0,22,-22
113900125,411,96,315
113900126,56,34,22
113900127,220,485,-265
113900128,61,59,2
113900129,11,110,-99
113900130,2,93,-91
113900131,155,45,110
113900132,37,52,-15
113900133,12,35,-23
113900135,198,165,33
113900136,53,32,21
113900137,163,178,-15
113900138,21,61,-40
113900139,116,113,3
113900140,80,170,-90
113900141,344,135,209
113900142,116,28,88
113900143,7,51,-44
113900144,81,142,-61
113900145,210,74,136
113900146,96,29,67
113900148,54,189,-135
113900149,78,45,33
113900150,179,209,-30
113900151,268,89,179
113900152,52,15,37
113900153,69,267,-198
113900154,3,72,-69
113900155,110,174,-64
113900156,94,184,-90
113900157,27,150,-123
113900158,82,168,-86
113900159,7,118,-111
113900160,236,248,-12
113900161,44,135,-91
113900162,129,358,-229
113900163,104,136,-32
113900164,229,32,197
113900165,283,182,101
113900166,58,104,-46
113900167,207,27,180
113900168,45,30,15
113900169,170,184,-14
113900171,154,44,110
113900172,5,61,-56
113900173,15,218,-203
113900174,341,260,81
113900175,175,94,81
113900176,154,222,-68
113900177,198,115,83
113900178,158,99,59
113900179,9,183,-174
113900180,104,40,64
113900181,427,66,361
113900182,405,453,-48
113900183,34,42,-8
113900184,9,160,-151
113900185,87,52,35
113900186,11,10,1
113900187,20,56,-36
113900188,8,72,-64
113900189,178,66,112
113900190,106,68,38
113900191,47,59,-12
113900192,793,1167,-374
113900193,10,88,-78
113900194,693,480,213
113900195,147,176,-29
113900196,6,68,-62
113900197,0,63,-63
113900198,25,172,-147
113900199,52,332,-280
113900200,3,86,-83
113900201,0,68,-68
113900202,5,97,-92
113900203,11,22,-11
113900204,14,203,-189
113900205,3,57,-54
113900206,1,61,-60
113900207,0,21,-21
113900208,0,33,-33
113900209,0,19,-19
113900210,219,352,-133
113900211,102,35,67
113900212,134,206,-72
113900214,163,341,-178
113900215,16,56,-40
113900216,118,291,-173
113900217,83,102,-19
113900218,87,75,12
113900219,51,203,-152
113900220,67,73,-6
113900221,192,146,46
113900222,579,517,62
113900223,183,340,-157
113900224,37,31,6
113900225,221,87,134
113900226,176,61,115
113900227,172,117,55
113900228,156,266,-110
113900229,39,466,-427
113900230,1618,1893,-275
113900231,92,75,17
113900232,75,49,26
113900233,46,38,8
113900234,195,234,-39
113900235,48,12,36
113900236,136,128,8
113900237,105,11,94
113900238,101,345,-244
113900239,20,76,-56
113900240,1,120,-119
113900241,79,24,55
113900242,27,55,-28
113900243,36,211,-175
113900244,135,106,29
113900245,603,162,441
113900246,6,10,-4
113900247,73,328,-255
113900248,1197,1060,137
113900249,387,295,92
113900250,25,122,-97
113900251,576,60,516
113900252,425,10,415
113900253,390,28,362
113900254,445,88,357
113900255,319,13,306
113900256,238,16,222
113900257,13,218,-205
113900258,8,189,-181
113900259,362,59,303
113900260,163,4,159
113900261,35,34,1
113900262,68,233,-165
113900263,75,322,-247
113900264,1,200,-199
113900265,60,190,-130
113900266,28,61,-33
113900267,67,290,-223
113900268,189,179,10
113900269,41,63,-22
113900270,115,371,-256
113900271,372,411,-39
113900273,8,9,-1
113900274,31,23,8
113900275,17,34,-17
113900276,1,54,-53
113900277,77,4,73
113900278,136,80,56
113900279,24,35,-11
113900280,894,344,550
113900281,283,625,-342
113900282,239,278,-39
113900283,304,346,-42
113900284,605,105,500
113900285,68,24,44
113900286,16,42,-26
113900287,69,4,65
113900288,1,50,-49
113900289,323,63,260
113900290,119,244,-125
113900291,74,103,-29
113900292,8,1,7
113900293,15,80,-65
113900294,335,12,323
113900295,244,263,-19
113900296,491,147,344
113900297,1622,33,1589
113900298,13,665,-652
113900299,108,53,55
113900300,1387,1327,60
113900301,458,261,197
113900302,1183,674,509
113900303,206,291,-85
113900304,0,53,-53
113900305,94,0,94
113900306,40,1,39
113900307,8,0,8
113900308,30,62,-32
113900309,0,257,-257
113900310,0,7,-7
113900311,0,0,0
113900312,117,140,-23
113900313,6,3,3
113900314,0,5,-5
113900315,31,0,31
114000001,668,1421,-753
114000002,231,174,57
114000003,131,372,-241
114000004,292,162,130
114000005,229,103,126
114000006,1224,1030,194
114000007,382,608,-226
114000008,846,1212,-366
114000009,566,146,420
114000011,1912,1336,576
114000012,1927,936,991
114000013,1194,787,407
114000014,458,215,243
114000015,1577,225,1352
114000016,167,126,41
114000017,49,220,-171
114000018,81,22,59
114000026,1607,536,1071
114000027,2548,1277,1271
114000028,1420,1819,-399
114000038,211,72,139
114000039,130,116,14
114000040,97,140,-43
114000042,129,99,30
114000043,273,130,143
114000044,304,91,213
114000045,27,31,-4
114000046,1694,2412,-718
114000047,5,34,-29
114000048,66,67,-1
114000049,938,847,91
114000050,906,1109,-203
114000051,1742,1249,493
114000052,2680,1258,1422
114000053,77,457,-380
114000054,187,385,-198
114000055,162,16,146
114000056,290,778,-488
114000057,2648,1332,1316
114000058,158,1008,-850
114000059,65,264,-199
114000060,331,489,-158
114000061,1456,2158,-702
114000062,704,1057,-353
114000063,1165,936,229
114000064,2030,2352,-322
114000065,834,1199,-365
114000066,306,355,-49
114000067,28,519,-491
114000068,352,429,-77
114000069,605,395,210
114000070,1431,1464,-33
114000071,374,235,139
114000072,315,111,204
114000073,12,29,-17
114000074,32,14,18
114000075,59,54,5
114000076,15,42,-27
114000077,4,14,-10
114000078,241,188,53
114000079,121,11,110
114000080,41,62,-21
114000081,64,52,12
114000082,12,179,-167
114000083,48,80,-32
114000084,232,59,173
114000085,54,282,-228
114000086,149,132,17
114000087,83,58,25
114000088,27,15,12
114000089,271,170,101
114000090,555,532,23
114000091,841,547,294
114000092,558,249,309
114000093,887,409,478
114000094,237,186,51
114000095,159,101,58
114000096,50,148,-98
114000097,72,218,-146
114000098,422,52,370
114000099,474,229,245
114000100,1113,315,798
114000101,300,253,47
114000102,393,200,193
114000103,77,140,-63
114000104,27,87,-60
114000105,84,45,39
114000106,421,679,-258
114000107,309,62,247
114000108,894,666,228
114000109,557,1484,-927
114000110,322,679,-357
114000111,1287,627,660
114000112,386,1218,-832
114000113,1309,366,943
114000114,809,786,23
114000115,1878,811,1067
114000116,634,1636,-1002
114000117,2499,398,2101
114000118,2088,371,1717
114000119,1491,334,1157
114000120,355,382,-27
114000121,314,522,-208
114000122,241,223,18
114000123,1405,224,1181
114000124,686,153,533
114000125,567,570,-3
114000126,1099,151,948
114000127,181,88,93
114000128,607,158,449
114000130,347,341,6
114000131,208,56,152
114000132,351,240,111
114000133,481,611,-130
114000134,45,40,5
114000138,35,94,-59
114000139,277,199,78
114000144,513,338,175
114000145,44,99,-55
114000146,62,79,-17
114000147,957,1630,-673
114000148,1133,1215,-82
114000149,217,196,21
114000150,697,901,-204
114000151,859,1732,-873
114000152,90,30,60
114000153,660,1595,-935
114000154,532,524,8
114000155,754,1624,-870
114000156,558,468,90
114000157,174,675,-501
114000158,629,513,116
114000159,120,234,-114
114000160,59,199,-140
114000161,736,2059,-1323
114000162,800,1890,-1090
114000163,3,35,-32
114000165,443,206,237
114000166,476,243,233
114000167,1706,848,858
114000168,330,313,17
114000169,891,1053,-162
114000170,831,928,-97
114000171,948,3315,-2367
114000174,124,245,-121
114000176,254,320,-66
114000177,947,432,515
114000178,27,35,-8
114000179,825,556,269
114000180,211,397,-186
114000181,1304,2779,-1475
114000182,1044,1467,-423
114000183,461,519,-58
114000184,1600,512,1088
114000185,648,415,233
114000189,876,84,792
114000190,2398,338,2060
114000191,58,80,-22
114000192,74,669,-595
114000193,318,1008,-690
114000194,1012,407,605
114000195,215,20,195
114000196,2,88,-86
114000197,1178,39,1139
114000198,443,164,279
114000199,1119,1234,-115
114000200,338,717,-379
114000201,67,341,-274
114000202,550,261,289
114000203,418,385,33
114000204,128,217,-89
114000205,98,640,-542
114000206,388,692,-304
114000207,295,752,-457
114000208,250,970,-720
114000209,285,1044,-759
114000210,135,567,-432
114000211,841,895,-54
114000212,519,415,104
114000213,1006,331,675
114000214,64,77,-13
114000215,116,32,84
114000216,964,223,741
114000217,287,112,175
114000218,107,110,-3
114000219,909,75,834
114000220,8,437,-429
114000221,619,77,542
114000222,88,508,-420
114000223,381,114,267
114000224,45,303,-258
114000225,193,292,-99
114000226,131,144,-13
114000227,622,307,315
114000228,548,384,164
114000229,857,609,248
114000230,1020,610,410
114000231,691,761,-70
114000232,599,107,492
114000233,1600,88,1512
114000234,811,476,335
114000235,741,799,-58
114000236,0,215,-215
114000237,86,471,-385
114000238,108,130,-22
114000239,129,525,-396
114000240,503,641,-138
114000241,163,453,-290
114000242,480,440,40
114000243,1061,571,490
114000244,402,212,190
114000245,294,467,-173
114000246,63,29,34
114000247,573,369,204
114000248,798,330,468
114000249,375,302,73
114000250,440,333,107
114000251,293,124,169
114000252,35,19,16
114000253,19,61,-42
114000254,33,37,-4
114000255,292,105,187
114000256,413,1407,-994
114000257,308,577,-269
114000258,192,125,67
114000259,81,123,-42
114000260,0,18,-18
114000261,51,17,34
114000262,91,60,31
114000263,9,1,8
114000264,803,199,604
114000265,0,0,0
114000267,2,981,-979
114000268,1,533,-532
114000270,81,7,74
114000271,222,18,204
114000283,995,200,795
114000285,11,80,-69
114000288,64,132,-68
114000289,1030,106,924
114000293,109,317,-208
114000294,136,134,2
114000395,1030,149,881
114000396,411,410,1
114000402,349,125,224
114000403,223,146,77
114000405,141,185,-44
114000423,275,146,129
114000424,248,45,203
114000425,655,98,557
114000426,228,599,-371
114000427,45,36,9
114000428,128,135,-7
114000429,10,82,-72
114000432,68,67,1
114000434,27,31,-4
114000435,2,69,-67
114900001,454,379,75
114900002,244,69,175
114900003,598,502,96
114900004,164,265,-101
114900005,385,320,65
114900006,80,48,32
114900007,179,17,162
114900008,140,83,57
114900010,935,1272,-337
114900011,113,82,31
114900013,162,64,98
114900018,597,50,547
114900020,128,57,71
114900022,1,333,-332
114900025,353,110,243
114900026,90,75,15
114900029,126,15,111
114900030,204,120,84
114900031,326,20,306
114900032,333,12,321
114900034,29,85,-56
114900035,62,170,-108
114900036,149,226,-77
114900039,322,169,153
114900040,46,56,-10
114900041,627,172,455
114900042,666,236,430
114900044,93,26,67
114900047,170,1729,-1559
114900048,70,139,-69
114900049,21,81,-60
114900050,32,169,-137
114900051,20,128,-108
114900052,25,88,-63
114900053,55,154,-99
114900054,28,57,-29
114900057,126,7,119
114900058,0,43,-43
114900059,75,51,24
114900063,58,60,-2
114900064,1203,144,1059
114900065,406,317,89
114900067,25,249,-224
114900068,32,98,-66
114900069,101,43,58
114900070,405,171,234
114900072,7,148,-141
114900073,1,88,-87
114900074,521,223,298
114900075,197,3,194
114900076,3,146,-143
114900080,935,169,766
114900082,1728,1711,17
114900083,484,639,-155
114900090,221,120,101
114900091,54,94,-40
114900097,123,1,122
114900098,2,81,-79
114900099,157,10,147
115000001,2825,1624,1201
115000002,2429,3157,-728
115000003,3008,1349,1659
115000004,2963,4102,-1139
115000005,1198,1144,54
115000006,780,1109,-329
115000007,166,148,18
115000008,286,365,-79
115000009,161,136,25
115000010,172,144,28
115000013,35,162,-127
115000015,47,238,-191
115000016,18,155,-137
115000019,26,299,-273
115000020,74,585,-511
115000021,187,289,-102
115000022,369,240,129
115000023,227,479,-252
115000024,598,265,333
115000025,572,516,56
115000026,93,229,-136
115000027,190,224,-34
115000028,99,453,-354
115000029,434,56,378
115000030,460,740,-280
115000031,944,130,814
115000032,11,180,-169
115000033,134,32,102
115000034,40,652,-612
115000035,640,45,595
115000036,0,167,-167
115000037,394,13,381
115000038,33,104,-71
115000039,2053,2366,-313
115000040,2499,1825,674
115000041,912,2437,-1525
115000042,411,377,34
115000043,3225,1646,1579
115000044,2994,2003,991
115000045,1801,843,958
115000046,1988,1579,409
115000047,1860,838,1022
115000048,1209,1063,146
115000049,913,1740,-827
115000050,2095,951,1144
115000051,1025,2126,-1101
115000052,1085,981,104
115000053,1317,1261,56
115000054,383,580,-197
115000055,120,524,-404
115000056,218,398,-180
115000057,556,770,-214
115000058,503,281,222
115000059,201,110,91
115000061,101,96,5
115000062,176,160,16
115000063,299,155,144
115000064,151,39,112
115000065,48,369,-321
115000067,127,19,108
115000069,94,163,-69
115000070,20,417,-397
115000071,51,3,48
115000072,12,48,-36
115000073,918,62,856
115000075,86,31,55
115000076,1706,1330,376
115000077,1219,840,379
115000078,1003,635,368
115000079,921,826,95
115000080,1980,1073,907
115000081,323,417,-94
115000082,3080,2400,680
115000083,1293,904,389
115000084,1835,765,1070
115000085,537,450,87
115000086,832,385,447
115000087,297,799,-502
115000088,1133,419,714
115000089,836,685,151
115000090,277,546,-269
115000091,172,444,-272
115000092,566,266,300
115000093,314,3,311
115000094,3390,3940,-550
115000095,2453,4116,-1663
115000096,587,656,-69
115000097,802,607,195
115000098,813,426,387
115000099,1868,1491,377
115000100,1022,228,794
115000101,372,716,-344
115000102,372,190,182
115000103,198,344,-146
115000105,56,64,-8
115000106,497,242,255
115000107,121,205,-84
115000108,1535,1362,173
115000109,2181,3089,-908
115000110,839,1092,-253
115000111,366,751,-385
115000112,426,515,-89
115000113,341,489,-148
115000114,1091,403,688
115000116,2013,1359,654
115000117,1684,1768,-84
115000118,1283,1145,138
115000119,1127,1372,-245
115000120,339,865,-526
115000121,682,495,187
115000122,1117,1027,90
115000123,641,1295,-654
115000124,463,587,-124
115000125,250,406,-156
115000126,85,186,-101
115000127,236,83,153
115000128,217,484,-267
115000129,157,258,-101
115000130,266,316,-50
115000131,655,152,503
115000132,213,126,87
115000133,532,139,393
115000134,205,135,70
115000135,157,78,79
115000136,193,161,32
115000137,74,67,7
115000138,273,187,86
115000139,195,112,83
115000140,328,137,191
115000141,187,106,81
115000142,129,103,26
115000143,722,398,324
115000144,406,53,353
115000145,190,166,24
115000146,409,216,193
115000147,218,259,-41
115000148,170,413,-243
115000149,374,129,245
115000150,443,332,111
115000151,851,351,500
115000152,441,339,102
115000153,801,329,472
115000154,689,192,497
115000155,427,463,-36
115000156,536,477,59
115000157,301,469,-168
115000158,229,330,-101
115000159,304,323,-19
115000160,261,233,28
115000161,73,275,-202
115000162,399,500,-101
115000163,364,468,-104
115000164,500,491,9
115000165,226,353,-127
115000167,106,41,65
115000168,230,209,21
115000169,265,279,-14
115000170,99,133,-34
115000171,205,221,-16
115000172,459,380,79
115000173,176,433,-257
115000174,48,232,-184
115000175,130,46,84
115000176,32,46,-14
115000177,60,39,21
115000178,25,115,-90
115000179,13,17,-4
115000180,68,291,-223
115000181,435,70,365
115000182,584,144,440
115000183,299,421,-122
115000186,426,155,271
115000187,135,399,-264
115000188,275,277,-2
115000189,129,245,-116
115000190,385,214,171
115000191,66,304,-238
115000194,70,103,-33
115000195,138,200,-62
115000196,215,56,159
115000197,184,115,69
115000198,221,88,133
115000199,324,85,239
115000200,312,67,245
115000201,134,155,-21
115000206,217,28,189
115000207,101,132,-31
115000208,164,267,-103
115000209,377,201,176
115000210,87,94,-7
115000211,150,161,-11
115000212,767,223,544
115000224,270,39,231
115000225,44,62,-18
115000229,105,63,42
115000230,69,183,-114
115000231,154,634,-480
115000232,1194,167,1027
115000233,96,97,-1
115000234,22,213,-191
115000241,87,99,-12
115000242,92,158,-66
115000243,42,111,-69
115000244,7,66,-59
115000246,65,14,51
115000247,20,9,11
115000248,27,8,19
115000249,7,8,-1
115000250,207,25,182
115000251,205,47,158
115000252,75,116,-41
115000253,16,291,-275
115000258,162,72,90
115000259,193,57,136
115000261,19,26,-7
115000262,8,23,-15
115000263,9,27,-18
115000264,48,19,29
115000267,64,40,24
115000268,35,77,-42
115000269,92,64,28
115000270,7,15,-8
115000272,45,60,-15
115000273,277,20,257
115000280,1384,164,1220
115000281,222,548,-326
115000282,246,279,-33
115000284,162,104,58
115000296,714,9,705
115000297,117,135,-18
115000298,49,311,-262
115000300,130,93,37
115000302,497,53,444
115000303,560,73,487
115000304,518,52,466
115000305,71,261,-190
115000306,118,132,-14
115000307,77,92,-15
115000308,20,7,13
115000310,839,363,476
115000311,880,637,243
115000313,107,256,-149
115000314,408,118,290
115000315,495,483,12
115000316,81,90,-9
115000317,91,217,-126
115000318,492,237,255
115000319,72,198,-126
115000320,9,223,-214
115000321,124,4,120
115000322,49,127,-78
115000449,110,97,13
115000557,10,914,-904
115000558,297,64,233
115000587,537,212,325
115000588,1343,1416,-73
115000589,2392,1491,901
115000590,860,856,4
115000591,949,451,498
115000592,302,1062,-760
115000593,955,445,510
115000594,371,1784,-1413
115000609,112,119,-7
115000617,572,2142,-1570
115000624,244,34,210
115000633,242,1067,-825
115000634,1807,493,1314
115000635,438,105,333
115000638,287,299,-12
115000641,27,130,-103
115000642,204,172,32
115000643,84,185,-101
115000644,83,220,-137
115000646,531,1052,-521
115000647,131,287,-156
115000648,1536,911,625
115000893,1586,1012,574
115000894,64,597,-533
115000895,268,691,-423
115000896,852,314,538
115000897,383,89,294
115000898,316,134,182
115000899,188,788,-600
115000900,42,288,-246
115000901,48,60,-12
115000912,313,65,248
115000913,1,4,-3
115000915,2,0,2
115000916,5,0,5
115000917,0,6,-6
115000918,19,337,-318
115000919,3,10,-7
115000920,21,17,4
115000921,208,100,108
115000922,505,644,-139
115000923,197,1049,-852
115000925,85,67,18
115000927,33,44,-11
115000933,163,256,-93
115000934,127,114,13
115000935,94,30,64
115000936,20,494,-474
115000937,456,149,307
115000938,103,203,-100
115000939,155,162,-7
115000940,1,7,-6
115000941,1,17,-16
115000942,21,75,-54
115000943,15,27,-12
115000944,0,5,-5
115900001,121,31,90
115900002,46,72,-26
115900003,166,46,120
115900004,0,23,-23
115900005,178,4,174
115900006,58,133,-75
115900008,59,2,57
115900009,34,91,-57
115900010,229,93,136
115900011,248,104,144
115900012,133,24,109
115900013,201,80,121
115900014,108,62,46
115900015,151,39,112
115900016,61,16,45
115900017,17,8,9
115900018,175,21,154
115900019,70,6,64
115900020,66,0,66
115900021,461,206,255
115900022,495,7,488
115900023,11,4,7
115900025,22,117,-95
115900026,428,111,317
115900027,2,121,-119
115900028,298,34,264
115900029,7,169,-162
115900030,24,20,4
115900031,141,129,12
115900032,282,353,-71
115900033,0,16,-16
115900034,16,106,-90
115900035,30,10,20
115900036,25,704,-679
115900037,17,145,-128
115900038,43,5,38
115900039,95,73,22
115900041,229,440,-211
115900042,46,5,41
115900043,54,21,33
115900044,95,165,-70
115900046,178,112,66
115900047,96,122,-26
115900049,122,79,43
115900051,1,24,-23
115900052,12,108,-96
115900053,170,54,116
115900054,236,12,224
115900055,14,72,-58
115900056,141,83,58
115900057,26,14,12
115900058,25,27,-2
115900060,30,19,11
115900061,166,2,164
115900062,33,132,-99
115900063,35,8,27
115900064,136,121,15
115900065,95,23,72
115900066,74,49,25
115900067,4,241,-237
115900068,1436,782,654
115900069,40,94,-54
115900070,113,67,46
115900071,0,170,-170
115900072,19,56,-37
115900073,74,60,14
115900074,2,158,-156
115900075,19,106,-87
115900076,3,22,-19
115900077,4,95,-91
115900078,26,65,-39
115900079,205,13,192
115900080,146,92,54
115900081,9,27,-18
115900082,77,70,7
115900084,341,3,338
115900085,18,40,-22
115900086,725,318,407
115900088,1,38,-37
115900089,241,339,-98
115900090,290,6,284
115900091,3,3,0
115900092,69,43,26
115900093,5,6,-1
115900094,0,90,-90
115900096,5,5,0
115900097,6,151,-145
115900098,174,137,37
115900099,35,41,-6
115900100,18,209,-191
115900101,134,94,40
115900102,57,41,16
115900103,171,87,84
115900104,57,37,20
115900105,183,194,-11
115900106,59,12,47
115900107,42,40,2
115900108,127,4,123
115900109,21,132,-111
115900110,7,1,6
115900111,0,32,-32
115900112,17,271,-254
115900113,27,4,23
115900114,1,83,-82
115900115,41,85,-44
115900116,48,328,-280
115900117,59,9,50
115900118,0,97,-97
115900119,80,61,19
115900120,17,142,-125
115900121,163,97,66
115900124,252,403,-151
115900125,227,30,197
115900126,441,52,389
115900127,431,36,395
115900128,8,53,-45
115900129,371,32,339
115900130,15,166,-151
115900131,361,18,343
115900132,469,10,459
115900134,229,44,185
115900135,235,670,-435
115900137,42,2,40
115900139,31,49,-18
115900140,183,19,164
115900141,4,36,-32
115900142,8,29,-21
115900143,157,151,6
115900144,102,88,14
115900146,8,43,-35
115900147,139,170,-31
115900148,58,4,54
115900149,87,2,85
115900150,82,11,71
115900151,8,53,-45
115900152,92,138,-46
115900153,100,80,20
115900154,206,208,-2
115900155,0,12,-12
115900156,486,526,-40
115900157,155,275,-120
115900158,5,1,4
115900159,94,123,-29
115900160,2,5,-3
115900161,12,67,-55
115900163,122,66,56
115900164,457,1,456
115900166,97,67,30
115900168,108,39,69
115900171,67,293,-226
115900172,39,73,-34
115900173,177,60,117
115900174,131,182,-51
115900175,68,113,-45
115900178,7,213,-206
115900179,201,7,194
115900180,30,48,-18
115900181,136,71,65
115900182,338,79,259
115900183,28,36,-8
115900184,583,4,579
115900187,6,105,-99
115900189,1,138,-137
115900190,120,705,-585
115900191,33,130,-97
115900192,10,84,-74
115900193,93,51,42
115900194,430,36,394
115900195,310,1427,-1117
115900198,142,173,-31
115900199,124,87,37
115900200,161,175,-14
115900201,282,312,-30
115900202,0,48,-48
115900203,3,7,-4
115900204,0,7,-7
115900205,76,11,65
115900206,167,55,112
115900207,38,6,32
115900208,60,42,18
115900209,13,96,-83
115900210,3,53,-50
115900211,1,56,-55
115900212,133,96,37
115900213,78,72,6
115900214,405,61,344
115900215,31,149,-118
115900216,4,60,-56
115900217,4,26,-22
115900218,0,24,-24
115900219,104,6,98
115900220,178,4,174
115900221,75,7,68
115900222,31,28,3
115900223,2,357,-355
115900224,431,864,-433
115900225,44,19,25
115900226,12,18,-6
115900227,3,37,-34
115900228,5,26,-21
115900229,13,38,-25
115900230,29,49,-20
115900231,91,1,90
115900232,33,3,30
115900233,73,6,67
115900234,49,9,40
115900235,10,22,-12
115900236,13,76,-63
115900237,12,30,-18
115900238,11,13,-2
115900239,13,12,1
115900240,8,22,-14
115900241,115,42,73
115900242,155,264,-109
115900243,3,5,-2
115900244,3,7,-4
115900245,29,2,27
115900246,6,7,-1
115900247,13,15,-2
115900248,11,2,9
115900249,2,10,-8
115900250,6,9,-3
115900251,1,13,-12
115900252,1,1,0
115900253,5,6,-1
115900254,6,20,-14
115900255,1,10,-9
115900256,7,48,-41
115900257,4,5,-1
115900258,0,0,0
115900259,1,1,0
115900260,9,0,9
115900261,1,0,1
115900262,0,0,0
115900263,23,0,23
115900264,7,1,6
115900265,1,4,-3
115900266,5,12,-7
115900267,9,5,4
115900268,3,12,-9
115900269,357,124,233
115900270,218,132,86
115900271,75,0,75
115900272,24,5,19
115900273,8,10,-2
115900274,1,8,-7
115900275,2,7,-5
115900276,0,10,-10
115900277,0,30,-30
115900278,22,50,-28
115900279,22,104,-82
115900280,11,282,-271
115900281,165,280,-115
115900282,7,8,-1
115900283,14,10,4
115900284,18,2,16
116000001,4299,1929,2370
116000002,2767,8169,-5402
116000003,819,871,-52
116000004,1766,2694,-928
116000005,869,1478,-609
116000006,1593,1776,-183
116000007,1407,1555,-148
116000008,2481,1457,1024
116000009,771,1164,-393
116000010,1870,1027,843
116000011,564,1008,-444
116000012,1312,923,389
116000013,3945,2392,1553
116000014,5338,8885,-3547
116000015,88,1004,-916
116000016,2203,2431,-228
116000017,23,527,-504
116000018,456,140,316
116000019,777,192,585
116000020,456,421,35
116000021,448,179,269
116000022,259,223,36
116000023,640,436,204
116000024,359,423,-64
116000025,502,544,-42
116000026,1174,1532,-358
116000027,375,434,-59
116000028,361,720,-359
116000029,307,510,-203
116000030,512,411,101
116000031,86,204,-118
116000032,198,107,91
116000033,249,368,-119
116000034,538,637,-99
116000035,242,433,-191
116000036,814,1068,-254
116000037,391,310,81
116000038,162,300,-138
116000039,273,345,-72
116000040,323,348,-25
116000041,75,279,-204
116000042,450,229,221
116000043,54,360,-306
116000044,3,59,-56
116000045,1344,1116,228
116000046,751,1111,-360
116000047,1157,1635,-478
116000048,1395,1374,21
116000049,1057,2385,-1328
116000050,1027,963,64
116000051,4931,2033,2898
116000052,4624,3792,832
116000053,1496,681,815
116000054,694,1630,-936
116000055,589,516,73
116000056,705,771,-66
116000057,1940,1034,906
116000058,1794,1707,87
116000059,1752,2991,-1239
116000060,1099,787,312
116000061,475,709,-234
116000062,414,155,259
116000063,319,860,-541
116000066,171,466,-295
116000067,149,298,-149
116000068,136,214,-78
116000069,151,210,-59
116000078,381,729,-348
116000080,1391,528,863
116000082,4,21,-17
116000083,1342,320,1022
116000084,1087,1750,-663
116000085,1733,1452,281
116000086,1093,586,507
116000087,1708,1213,495
116000088,558,470,88
116000089,111,37,74
116000090,77,61,16
116000091,189,267,-78
116000093,390,176,214
116000094,394,307,87
116000095,514,219,295
116000096,524,974,-450
116000097,685,299,386
116000098,56,4112,-4056
116000099,2492,146,2346
116000100,172,11,161
116000101,598,281,317
116000102,205,575,-370
116000103,381,186,195
116000104,143,500,-357
116000105,876,87,789
116000106,334,478,-144
116000107,1580,178,1402
116000108,244,131,113
116000111,107,27,80
116000113,106,59,47
116000114,41,82,-41
116000115,228,65,163
116000116,159,180,-21
116000117,1074,1068,6
116000118,1058,696,362
116000119,2337,1190,1147
116000120,2138,1895,243
116000121,703,410,293
116000122,738,650,88
116000123,912,287,625
116000124,284,373,-89
116000125,2246,525,1721
116000126,234,689,-455
116000127,608,616,-8
116000128,1266,694,572
116000129,979,190,789
116000130,585,448,137
116000133,929,562,367
116000134,1247,782,465
116000135,1888,985,903
116000136,563,1049,-486
116000137,906,360,546
116000138,512,478,34
116000139,1186,1497,-311
116000140,95,101,-6
116000141,199,269,-70
116000142,1981,1518,463
116000143,1389,1237,152
116000144,1049,1003,46
116000145,1371,664,707
116000146,484,80,404
116000147,141,111,30
116000148,432,394,38
116000149,403,397,6
116000151,407,263,144
116000153,77,188,-111
116000155,111,152,-41
116000156,357,466,-109
116000157,61,11,50
116000158,269,239,30
116000159,12,6,6
116000160,8,19,-11
116000161,3,40,-37
116000162,31,89,-58
116000163,21,4,17
116000164,9,27,-18
116000177,215,106,109
116000194,63,238,-175
116000195,918,380,538
116000196,8,3,5
116000197,4,11,-7
116000198,1412,734,678
116000200,414,337,77
116000201,433,467,-34
116000202,10,133,-123
116000203,1,58,-57
116000204,5,43,-38
116000205,0,94,-94
116000206,1,126,-125
116000207,7,40,-33
116000233,101,194,-93
116000287,124,212,-88
116000288,252,115,137
116000292,30,44,-14
116000296,12,78,-66
116000297,109,14,95
116000304,102,16,86
116000305,31,36,-5
116000346,69,48,21
116000352,101,13,88
116000354,13,6,7
116000357,3,23,-20
116000358,232,63,169
116000361,195,1,194
116000372,2200,3188,-988
116000381,95,1,94
116000388,1,20,-19
116000389,535,330,205
116000445,418,261,157
116000446,453,278,175
116000447,19,252,-233
116000448,327,109,218
116000563,535,696,-161
116000565,36,161,-125
116000568,26,141,-115
116000579,11,84,-73
116000583,88,30,58
116000584,38,6,32
116000585,21,12,9
116000586,45,47,-2
116000587,373,439,-66
116000589,38,45,-7
116000590,70,29,41
116000591,223,112,111
116000592,7,42,-35
116000593,0,18,-18
116000594,461,139,322
116000595,469,65,404
116000596,129,3,126
116000597,219,53,166
116000598,13,53,-40
116000605,95,66,29
116000606,39,185,-146
116000607,1,16,-15
116000609,73,599,-526
116000611,135,208,-73
116000612,728,1328,-600
116000613,482,277,205
116000614,304,353,-49
116000615,2,202,-200
116000616,38,53,-15
116000617,172,18,154
116000618,0,38,-38
116000619,20,52,-32
116000620,158,344,-186
116000621,61,75,-14
116000622,61,132,-71
116000624,236,95,141
116000627,87,26,61
116000628,42,122,-80
116000629,7,99,-92
116000630,184,11,173
116000631,98,11,87
116000632,625,27,598
116000633,96,102,-6
116000634,304,76,228
116000635,1581,1814,-233
116000636,508,960,-452
116000637,302,32,270
116000638,117,134,-17
116000639,79,1,78
116000640,26,9,17
116000641,28,62,-34
116000643,0,94,-94
116000644,17,138,-121
116000645,13,5,8
116900001,156,131,25
116900002,167,2,165
116900003,29,12,17
116900004,25,59,-34
116900005,229,31,198
116900006,49,61,-12
116900007,77,108,-31
116900008,289,169,120
116900009,10,6,4
116900010,592,545,47
116900011,9,10,-1
116900012,117,117,0
116900013,1,69,-68
116900014,119,64,55
116900015,388,41,347
116900016,185,2,183
116900017,6,245,-239
116900018,50,36,14
116900019,2,107,-105
116900020,344,637,-293
116900023,65,4,61
116900024,445,28,417
116900025,909,326,583
116900026,62,268,-206
116900027,15,21,-6
116900028,7,51,-44
116900029,0,44,-44
116900031,1,1,0
116900032,2,144,-142
116900033,8,6,2
116900034,4,37,-33
116900035,110,85,25
116900036,2,50,-48
116900038,10,5,5
116900041,20,3,17
116900042,233,144,89
116900043,15,21,-6
116900047,13,100,-87
116900049,8,124,-116
116900050,68,226,-158
116900051,76,51,25
116900052,81,47,34
116900055,0,4,-4
116900057,10,113,-103
116900058,13,222,-209
116900059,0,57,-57
116900060,118,112,6
116900062,4,13,-9
116900064,77,235,-158
116900065,14,54,-40
116900067,72,39,33
116900068,80,136,-56
116900070,1,2,-1
116900072,34,155,-121
116900073,9,52,-43
116900074,3,21,-18
116900076,6,31,-25
116900077,4,35,-31
116900078,98,57,41
116900079,31,98,-67
116900080,5,7,-2
116900081,240,604,-364
116900082,216,495,-279
116900083,17,13,4
116900084,109,44,65
116900085,28,76,-48
116900086,23,134,-111
116900088,229,64,165
116900090,70,25,45
116900091,260,21,239
116900092,67,318,-251
116900093,1109,901,208
116900094,1709,2407,-698
116900095,211,81,130
116900096,26,192,-166
116900097,1403,2102,-699
116900098,548,246,302
116900099,305,457,-152
116900100,683,28,655
116900101,164,257,-93
116900103,6,0,6
116900104,59,76,-17
116900105,240,110,130
116900106,732,4,728
116900107,1346,1676,-330
116900110,26,3,23
116900111,481,230,251
116900112,204,393,-189
116900113,694,924,-230
116900116,57,565,-508
116900117,97,62,35
116900118,462,612,-150
116900120,252,34,218
116900121,86,5,81
116900122,696,324,372
116900123,174,322,-148
116900124,116,535,-419
116900125,290,107,183
116900126,40,278,-238
116900128,0,24,-24
116900129,2,140,-138
116900130,331,2269,-1938
116900131,56,181,-125
116900132,35,50,-15
116900133,95,83,12
116900134,155,134,21
116900136,127,105,22
116900137,153,65,88
116900138,137,79,58
116900139,86,200,-114
116900140,117,110,7
116900141,418,305,113
116900142,1,32,-31
116900143,134,173,-39
116900144,20,47,-27
116900145,34,76,-42
116900147,241,442,-201
116900148,3,19,-16
116900149,42,209,-167
116900150,8,2,6
116900151,44,11,33
116900153,95,50,45
116900154,179,434,-255
116900155,47,54,-7
116900157,507,90,417
116900158,122,237,-115
116900159,44,186,-142
116900160,546,430,116
116900161,3121,4782,-1661
116900162,8,47,-39
116900163,147,45,102
116900164,48,54,-6
116900165,199,145,54
116900166,38,19,19
116900167,304,15,289
116900168,304,37,267
116900169,213,413,-200
116900170,260,377,-117
116900171,26,61,-35
116900172,93,277,-184
116900173,123,14,109
116900174,37,40,-3
116900175,104,138,-34
116900178,19,59,-40
116900179,50,260,-210
116900180,53,16,37
116900182,272,137,135
116900183,126,41,85
116900185,24,56,-32
116900186,54,102,-48
116900187,16,41,-25
116900188,106,13,93
116900189,17,0,17
116900191,278,363,-85
116900192,204,61,143
116900194,110,1094,-984
116900195,19,21,-2
116900196,27,51,-24
116900197,79,15,64
116900198,67,177,-110
116900200,48,8,40
116900201,115,4,111
116900202,41,23,18
116900203,106,8,98
116900204,45,62,-17
116900206,20,10,10
116900207,10,17,-7
116900208,13,36,-23
116900209,36,55,-19
116900210,363,171,192
116900211,119,1,118
116900212,54,31,23
116900213,151,81,70
116900214,110,105,5
116900215,22,32,-10
116900216,196,117,79
116900218,2,121,-119
116900219,962,241,721
116900220,108,121,-13
116900221,69,151,-82
116900222,341,281,60
116900223,79,170,-91
116900226,40,25,15
116900227,155,41,114
116900228,219,83,136
116900230,43,125,-82
116900231,24,170,-146
116900232,10,185,-175
116900233,251,56,195
116900234,7,3,4
116900235,302,185,117
116900238,1032,189,843
116900239,9,833,-824
116900240,2567,1970,597
116900241,86,42,44
116900242,297,489,-192
116900243,2,5,-3
116900245,27,22,5
116900246,90,13,77
116900247,702,12,690
116900248,63,35,28
116900249,236,23,213
116900250,283,38,245
116900251,241,438,-197
116900252,124,367,-243
116900254,12,75,-63
116900255,81,52,29
116900256,286,79,207
116900257,21,165,-144
116900258,0,70,-70
116900259,218,6,212
116900260,1,51,-50
116900261,54,0,54
116900262,129,78,51
116900263,0,8,-8
116900264,122,27,95
116900265,33,0,33
116900266,9,9,0
116900267,6,1,5
116900268,29,9,20
116900269,241,421,-180
116900271,442,174,268
116900272,223,173,50
116900273,89,62,27
116900274,94,25,69
116900275,107,38,69
116900276,219,133,86
116900277,219,25,194
116900278,2,2,0
116900279,5,9,-4
116900280,27,9,18
116900281,2297,3066,-769
116900282,5,35,-30
116900283,5,49,-44
116900284,3,120,-117
116900285,124,153,-29
116900286,99,20,79
116900287,1,19,-18
116900288,70,59,11
116900289,9,8,1
116900290,19,6,13
116900291,39,3,36
116900292,0,16,-16
116900293,32,13,19
116900294,16,76,-60
116900295,57,34,23
116900296,30,56,-26
116900297,3,84,-81
116900298,31,45,-14
116900299,20,64,-44
116900300,6,53,-47
116900301,21,151,-130
116900302,10,39,-29
116900303,82,59,23
116900304,0,79,-79
116900305,5,22,-17
116900306,157,63,94
116900307,69,0,69
116900308,2,55,-53
116900309,49,33,16
116900310,14,27,-13
116900311,4,163,-159
117000001,1505,1262,243
117000002,1426,2585,-1159
117000003,4330,2446,1884
117000004,2158,3112,-954
117000005,1904,1514,390
117000006,913,1732,-819
117000007,3508,862,2646
117000008,626,1962,-1336
117000009,3415,1358,2057
117000010,1515,2187,-672
117000011,1566,1133,433
117000012,773,763,10
117000013,1473,606,867
117000014,786,1428,-642
117000015,1647,905,742
117000016,165,140,25
117000017,105,136,-31
117000018,89,456,-367
117000019,51,26,25
117000020,272,1064,-792
117000021,862,520,342
117000022,151,147,4
117000023,85,283,-198
117000024,143,233,-90
117000025,226,949,-723
117000026,1268,1277,-9
117000027,729,2481,-1752
117000028,911,1195,-284
117000030,213,279,-66
117000031,334,262,72
117000032,906,798,108
117000033,948,538,410
117000034,313,195,118
117000035,370,295,75
117000036,324,207,117
117000037,238,184,54
117000038,97,409,-312
117000039,292,164,128
117000040,205,488,-283
117000041,785,147,638
117000044,9,379,-370
117000045,420,53,367
117000046,349,686,-337
117000047,906,409,497
117000048,1050,486,564
117000049,51,342,-291
117000050,101,849,-748
117000051,1765,40,1725
117000052,37,155,-118
117000053,436,35,401
117000054,1452,8,1444
117000055,34,1368,-1334
117000056,493,30,463
117000057,269,1276,-1007
117000060,299,614,-315
117000061,1399,624,775
117000062,193,365,-172
117000063,1278,746,532
117000064,450,458,-8
117000066,380,550,-170
117000067,72,413,-341
117000074,56,121,-65
117000076,37,26,11
117000077,90,130,-40
117000078,74,328,-254
117000079,245,138,107
117000080,2,216,-214
117000081,705,76,629
117000082,11,42,-31
117000083,437,160,277
117000084,89,1,88
117000085,193,462,-269
117000086,506,213,293
117000087,67,351,-284
117000088,227,97,130
117000089,1293,174,1119
117000090,217,697,-480
117000091,700,160,540
117000092,253,633,-380
117000093,1012,488,524
117000094,887,1487,-600
117000095,2862,602,2260
117000096,456,1443,-987
117000097,1268,675,593
117000098,1402,2237,-835
117000099,2810,881,1929
117000100,201,238,-37
117000101,105,519,-414
117000102,1445,513,932
117000103,483,851,-368
117000104,1021,417,604
117000105,593,777,-184
117000106,968,501,467
117000107,384,939,-555
117000108,1335,739,596
117000109,908,1386,-478
117000110,1315,908,407
117000111,2357,2655,-298
117000112,2340,948,1392
117000113,81,101,-20
117000114,114,58,56
117000115,41,51,-10
117000116,86,118,-32
117000117,995,634,361
117000118,142,89,53
117000119,168,138,30
117000120,81,404,-323
117000121,30,602,-572
117000122,225,594,-369
117000123,967,36,931
117000124,147,100,47
117000125,100,128,-28
117000126,27,13,14
117000127,94,211,-117
117000128,226,497,-271
117000129,230,882,-652
117000130,81,0,81
117000131,0,62,-62
117000132,2027,53,1974
117000133,1760,14,1746
117000134,0,69,-69
117000135,5,67,-62
117000136,1,11,-10
117000137,91,88,3
117000138,5,402,-397
117000140,314,865,-551
117000141,1414,346,1068
117000181,244,112,132
117000182,353,408,-55
117000195,94,410,-316
117000196,192,117,75
117000225,76,42,34
117000226,8,114,-106
117000276,218,8,210
117000277,0,157,-157
117000310,863,1502,-639
117000315,70,464,-394
117000320,63,1,62
117000906,282,10,272
117000907,7,168,-161
117000909,50,25,25
117000910,118,134,-16
117000911,44,99,-55
117000915,1,254,-253
117000916,57,5,52
117000917,960,23,937
117000918,76,38,38
117000919,5,29,-24
117000920,1,488,-487
117000921,2,481,-479
117000922,19,33,-14
117000924,267,525,-258
117000926,367,116,251
117000927,375,501,-126
117000928,1,80,-79
117000929,248,255,-7
117000930,213,11,202
117000931,95,85,10
117900002,54,180,-126
117900003,298,270,28
117900005,1,46,-45
117900006,3,19,-16
117900007,62,54,8
117900008,0,9,-9
117900010,192,42,150
117900011,13,100,-87
117900012,42,38,4
117900013,1,74,-73
117900014,512,117,395
117900015,4,47,-43
117900016,525,553,-28
117900017,535,299,236
117900018,119,123,-4
117900019,390,140,250
117900020,30,354,-324
117900021,30,32,-2
117900023,541,56,485
117900024,34,31,3
117900025,21,4,17
117900026,322,123,199
117900028,53,5,48
117900029,218,280,-62
117900031,64,77,-13
117900032,761,464,297
117900033,238,254,-16
117900034,56,18,38
117900035,250,89,161
117900036,164,159,5
117900037,106,60,46
117900038,29,97,-68
117900039,0,22,-22
117900040,64,141,-77
117900041,2,15,-13
117900042,1871,185,1686
117900043,15,20,-5
117900044,8,2740,-2732
117900045,109,81,28
117900048,361,162,199
117900049,180,314,-134
117900050,4,59,-55
117900051,8,2,6
117900052,46,240,-194
117900053,1403,285,1118
117900054,0,10,-10
117900055,198,128,70
117900056,34,49,-15
117900057,622,669,-47
117900058,30,48,-18
117900059,130,59,71
117900060,1644,2275,-631
117900061,17,146,-129
117900063,249,90,159
117900065,279,558,-279
117900066,2,49,-47
117900067,419,78,341
117900069,614,147,467
117900070,59,42,17
117900071,45,46,-1
117900073,348,124,224
117900074,73,53,20
117900075,43,48,-5
117900076,24,34,-10
117900077,281,93,188
117900078,196,623,-427
117900080,92,22,70
117900081,282,208,74
117900082,377,244,133
117900083,269,218,51
117900086,104,16,88
117900087,82,23,59
117900088,1812,1131,681
117900089,1706,557,1149
117900090,393,241,152
117900091,53,90,-37
117900092,38,25,13
117900093,73,14,59
117900094,24,44,-20
117900095,274,462,-188
117900096,61,165,-104
117900097,191,37,154
117900098,29,11,18
117900099,91,129,-38
117900100,138,2,136
117900101,364,1250,-886
117900102,72,14,58
117900103,43,1,42
117900104,17,92,-75
117900105,66,88,-22
117900106,53,10,43
117900107,21,0,21
117900109,463,285,178
117900110,86,0,86
117900111,305,18,287
117900112,41,4,37
117900113,1046,996,50
117900114,39,0,39
117900115,75,60,15
117900116,543,503,40
117900117,444,150,294
117900118,74,1,73
117900119,138,44,94
117900120,153,16,137
117900121,72,15,57
117900122,650,2659,-2009
117900123,477,193,284
117900124,384,363,21
117900125,1202,1404,-202
117900126,117,217,-100
117900127,333,185,148
117900128,247,221,26
117900129,57,1,56
117900130,384,183,201
117900131,0,68,-68
117900132,6,46,-40
117900133,6,49,-43
117900134,24,110,-86
117900135,5,67,-62
117900136,0,19,-19
117900137,16,132,-116
117900138,0,13,-13
117900139,91,70,21
117900140,2061,44,2017
117900141,61,101,-40
117900142,95,46,49
117900144,26,175,-149
117900145,11,48,-37
117900146,99,104,-5
117900147,82,19,63
117900148,1249,1268,-19
117900149,83,113,-30
117900150,17,19,-2
117900151,29,41,-12
117900152,44,43,1
117900153,5,46,-41
117900154,280,355,-75
117900156,543,522,21
117900157,80,344,-264
117900158,115,76,39
117900160,516,594,-78
117900161,1306,1060,246
117900162,330,336,-6
117900163,27,166,-139
117900165,1,5,-4
117900166,83,358,-275
117900168,125,72,53
117900169,0,83,-83
117900170,0,16,-16
117900171,2,2,0
117900172,17,7,10
117900173,85,45,40
117900174,24,26,-2
117900175,12,15,-3
117900176,5,11,-6
117900177,13,14,-1
117900178,29,19,10
117900180,131,20,111
117900181,31,221,-190
117900182,0,17,-17
117900183,34,106,-72
117900184,2,27,-25
117900185,24,32,-8
117900186,22,8,14
117900187,37,5,32
117900188,78,20,58
117900189,42,16,26
117900190,12,1,11
117900191,23,1,22
117900192,121,1,120
117900193,3,35,-32
117900194,3,15,-12
117900195,6,21,-15
117900196,16,16,0
117900207,89,69,20
117900208,8,9,-1
117900209,121,105,16
117900210,55,133,-78
117900211,1,101,-100
117900212,69,83,-14
117900213,17,10,7
117900214,8,14,-6
117900215,30,20,10
117900216,24,21,3
117900217,47,151,-104
117900218,102,68,34
117900219,1,72,-71
117900220,59,65,-6
117900222,113,149,-36
117900223,119,215,-96
118000001,386,793,-407
118000002,318,968,-650
118000003,1403,2372,-969
118000004,1647,1434,213
118000005,1808,3269,-1461
118000006,2033,5155,-3122
118000007,2632,2466,166
118000008,1432,2221,-789
118000009,1202,1661,-459
118000010,4266,2209,2057
118000011,1114,892,222
118000012,629,829,-200
118000013,1214,1212,2
118000014,1207,1112,95
118000016,132,175,-43
118000017,312,248,64
118000018,199,165,34
118000019,1151,1058,93
118000020,691,1880,-1189
118000021,392,1946,-1554
118000022,786,518,268
118000023,634,223,411
118000024,564,725,-161
118000027,5801,7263,-1462
118000029,322,514,-192
118000032,389,2472,-2083
118000033,1736,4278,-2542
118000034,2788,1852,936
118000035,1328,1993,-665
118000036,561,809,-248
118000037,491,504,-13
118000038,208,51,157
118000039,54,63,-9
118000040,1097,809,288
118000041,1605,848,757
118000045,280,98,182
118000046,634,398,236
118000047,377,701,-324
118000048,1007,1064,-57
118000051,1020,781,239
118000052,659,422,237
118000053,103,154,-51
118000054,649,320,329
118000055,480,575,-95
118000056,104,218,-114
118000057,107,224,-117
118000058,1885,1103,782
118000059,1066,841,225
118000060,792,319,473
118000061,838,654,184
118000062,373,217,156
118000063,205,462,-257
118000064,461,757,-296
118000065,1515,1259,256
118000066,639,1257,-618
118000067,530,446,84
118000068,881,3370,-2489
118000069,1128,683,445
118000070,2958,1205,1753
118000071,1495,4312,-2817
118000072,718,968,-250
118000073,568,410,158
118000074,262,246,16
118000075,321,228,93
118000076,1044,1827,-783
118000077,834,833,1
118000078,1026,1689,-663
118000079,115,287,-172
118000080,701,641,60
118000081,1295,1051,244
118000082,209,800,-591
118000083,843,1098,-255
118000084,1829,1147,682
118000086,168,301,-133
118000087,2043,1483,560
118000088,994,1063,-69
118000089,2173,1658,515
118000090,818,1670,-852
118000091,534,1694,-1160
118000092,665,313,352
118000093,44,456,-412
118000096,317,432,-115
118000097,568,482,86
118000098,179,138,41
118000099,497,410,87
118000101,870,285,585
118000102,383,580,-197
118000107,795,326,469
118000108,323,1525,-1202
118000110,0,14,-14
118000111,1,131,-130
118000112,550,5,545
118000113,3,225,-222
118000114,334,4,330
118000115,3,14,-11
118000116,26,0,26
118000117,602,438,164
118000118,570,898,-328
118000119,601,890,-289
118000120,1030,670,360
118000121,90,566,-476
118000122,900,311,589
118000123,37,207,-170
118000125,952,501,451
118000126,372,1002,-630
118000127,820,472,348
118000128,318,650,-332
118000129,593,247,346
118000130,1089,1494,-405
118000131,247,292,-45
118000132,1892,1339,553
118000133,888,276,612
118000135,355,318,37
118000136,50,306,-256
118000137,301,55,246
118000138,237,293,-56
118000139,347,75,272
118000140,1607,3462,-1855
118000141,1275,938,337
118000142,1383,856,527
118000143,1502,788,714
118000144,703,406,297
118000145,1214,821,393
118000146,910,369,541
118000147,697,733,-36
118000148,527,714,-187
118000149,742,500,242
118000150,325,247,78
118000151,350,264,86
118000153,889,768,121
118000154,1383,1122,261
118000155,1075,986,89
118000156,1046,1421,-375
118000157,339,249,90
118000158,200,270,-70
118000159,9,73,-64
118000160,343,259,84
118000161,400,352,48
118000162,1200,627,573
118000163,607,617,-10
118000164,1117,904,213
118000168,369,285,84
118000169,668,495,173
118000170,1987,2103,-116
118000171,236,248,-12
118000172,104,145,-41
118000173,790,627,163
118000175,228,321,-93
118000176,216,502,-286
118000177,161,486,-325
118000178,44,44,0
118000179,747,1158,-411
118000180,521,572,-51
118000181,562,233,329
118000182,240,183,57
118000183,193,238,-45
118000184,696,495,201
118000185,809,1030,-221
118000186,584,840,-256
118000187,1147,412,735
118000188,362,31,331
118000189,478,223,255
118000190,4,4,0
118000191,7,9,-2
118000192,30,63,-33
118000193,26,137,-111
118000194,775,520,255
118000195,248,791,-543
118000196,148,138,10
118000197,186,121,65
118000198,310,431,-121
118000199,286,587,-301
118000200,22,122,-100
118000201,238,395,-157
118000202,35,39,-4
118000203,371,489,-118
118000204,44,322,-278
118000205,83,225,-142
118000206,132,155,-23
118000207,0,16,-16
118000208,911,897,14
118000209,1565,938,627
118000210,53,28,25
118000211,13,28,-15
118000213,387,934,-547
118000214,210,446,-236
118000215,181,56,125
118000216,1244,651,593
118000217,25,69,-44
118000218,61,46,15
118000219,248,124,124
118000220,0,33,-33
118000221,178,163,15
118000222,33,5,28
118000223,11,35,-24
118000224,76,47,29
118000225,70,339,-269
118000226,542,130,412
118000227,403,225,178
118000228,60,149,-89
118000229,51,55,-4
118000230,56,139,-83
118000231,41,124,-83
118000232,514,380,134
118000233,757,391,366
118000234,305,58,247
118000236,133,147,-14
118000237,44,84,-40
118000238,165,80,85
118000239,179,146,33
118000240,160,88,72
118000241,136,53,83
118000242,239,215,24
118000243,169,112,57
118000244,53,65,-12
118000246,7,12,-5
118000255,59,185,-126
118000256,139,186,-47
118000259,3,30,-27
118000260,108,28,80
118000261,33,15,18
118000263,40,83,-43
118000266,94,127,-33
118000267,2,90,-88
118000268,145,3,142
118000270,54,14,40
118000271,136,141,-5
118000272,50,27,23
118000273,118,36,82
118000274,66,135,-69
118000276,377,191,186
118000295,9,64,-55
118000298,74,105,-31
118000299,72,50,22
118000301,0,45,-45
118000302,77,27,50
118000311,448,44,404
118000312,158,91,67
118000313,20,39,-19
118000314,86,34,52
118000315,36,14,22
118000316,440,284,156
118000325,40,23,17
118000326,9,25,-16
118000331,37,14,23
118000332,12,10,2
118000333,11,31,-20
118000335,217,1,216
118000336,0,85,-85
118000407,95,29,66
118000457,6,20,-14
118000465,1001,2391,-1390
118000480,24,33,-9
118000489,11,242,-231
118000490,16,96,-80
118000492,191,93,98
118000510,42,9,33
118000514,58,205,-147
118000515,436,478,-42
118000517,215,152,63
118000524,158,233,-75
118000525,403,392,11
118000530,19,37,-18
118000531,242,187,55
118000532,231,159,72
118000533,208,96,112
118000534,351,187,164
118000535,224,87,137
118000536,140,829,-689
118000537,17,101,-84
118000538,35,65,-30
118000539,4,49,-45
118000540,155,43,112
118000541,84,35,49
118000542,85,98,-13
118000543,101,117,-16
118000546,20,13,7
118000553,0,4,-4
118000557,0,1,-1
118000560,949,1233,-284
118000562,33,52,-19
118000563,928,692,236
118000576,211,82,129
118000577,146,147,-1
118000578,136,94,42
118000579,412,734,-322
118000583,0,0,0
118000595,178,81,97
118000596,0,55,-55
118000597,145,96,49
118000598,3,1,2
118000599,79,27,52
118000600,5,7,-2
118000601,4,0,4
118000602,0,2,-2
118000603,0,12,-12
118000605,54,101,-47
118000606,16,30,-14
118900001,250,749,-499
118900002,466,511,-45
118900003,137,3,134
118900004,46,14,32
118900005,33,3,30
118900006,55,1,54
118900007,2,0,2
118900008,992,51,941
118900009,41,31,10
118900010,47,2,45
118900011,85,6,79
118900012,244,152,92
118900013,281,91,190
118900015,106,15,91
118900016,2,2,0
118900017,160,173,-13
118900018,574,24,550
118900019,11,11,0
118900020,75,61,14
118900021,97,188,-91
118900022,98,81,17
118900023,116,61,55
118900024,83,69,14
118900025,26,17,9
118900026,53,34,19
118900027,216,95,121
118900028,104,96,8
118900029,205,273,-68
118900030,286,37,249
118900031,116,56,60
118900032,174,88,86
118900033,222,254,-32
118900034,76,16,60
118900035,90,84,6
118900036,796,367,429
118900037,234,168,66
118900038,285,114,171
118900039,357,86,271
118900040,146,113,33
118900041,404,99,305
118900042,136,57,79
118900045,170,111,59
118900046,505,282,223
118900047,342,214,128
118900048,42,159,-117
118900049,37,36,1
118900050,28,16,12
118900051,71,49,22
118900052,162,152,10
118900053,14,63,-49
118900054,94,25,69
118900055,37,18,19
118900056,24,217,-193
118900057,520,334,186
118900058,244,166,78
118900059,24,40,-16
118900060,50,119,-69
118900062,237,80,157
118900064,222,442,-220
118900065,38,57,-19
118900066,42,63,-21
118900067,2013,2484,-471
118900068,4,113,-109
118900069,283,157,126
118900071,4,35,-31
118900072,329,192,137
118900073,137,59,78
118900074,118,62,56
118900075,63,31,32
118900076,97,61,36
118900077,129,118,11
118900078,13,0,13
118900079,20,75,-55
118900080,12,68,-56
118900081,51,38,13
118900082,679,88,591
118900083,10,2,8
118900084,12,13,-1
118900085,485,384,101
118900086,33,70,-37
118900087,72,184,-112
118900088,0,1,-1
118900089,21,11,10
118900090,422,193,229
118900091,111,110,1
118900092,65,20,45
118900093,68,10,58
118900096,49,88,-39
118900097,182,255,-73
118900099,63,106,-43
118900100,71,96,-25
118900101,49,119,-70
118900102,26,44,-18
118900103,6,59,-53
118900104,80,46,34
118900105,86,42,44
118900107,59,36,23
118900108,87,27,60
118900110,559,467,92
118900111,331,238,93
118900112,42,117,-75
118900113,166,183,-17
118900114,9,35,-26
118900115,66,154,-88
118900116,108,189,-81
118900117,60,139,-79
118900118,202,182,20
118900119,155,146,9
118900120,73,215,-142
118900121,12,59,-47
118900122,5,724,-719
118900123,79,106,-27
118900124,46,85,-39
118900126,12,251,-239
118900129,138,145,-7
118900130,43,147,-104
118900131,128,121,7
118900132,160,152,8
118900133,9,91,-82
118900135,120,100,20
118900136,181,256,-75
118900137,9,34,-25
118900139,152,128,24
118900140,377,290,87
118900141,69,42,27
118900144,86,174,-88
118900145,30,77,-47
118900146,280,339,-59
118900147,72,96,-24
118900148,49,31,18
118900150,242,406,-164
118900152,372,416,-44
118900157,66,128,-62
118900158,87,21,66
118900159,1,82,-81
118900161,42,4,38
118900163,46,57,-11
118900164,1,46,-45
118900165,18,27,-9
118900166,18,1,17
118900167,42,92,-50
118900168,30,84,-54
118900169,68,62,6
118900170,99,30,69
118900171,14,32,-18
118900174,51,32,19
118900175,354,349,5
118900176,97,135,-38
118900177,21,18,3
118900178,29,107,-78
118900179,37,13,24
118900181,37,39,-2
118900182,43,20,23
118900183,22,50,-28
118900184,170,26,144
118900185,131,63,68
118900186,75,52,23
118900187,120,181,-61
118900188,205,170,35
118900189,29,635,-606
118900190,12,135,-123
118900191,181,22,159
118900192,191,13,178
118900193,380,2,378
118900195,147,277,-130
118900196,19,75,-56
118900197,90,34,56
118900198,24,2,22
118900199,34,15,19
118900200,8,9,-1
118900201,16,12,4
118900202,5,35,-30
118900203,13,4,9
118900204,5,11,-6
118900205,4,3,1
118900206,0,6,-6
119000001,776,1128,-352
119000002,2630,1873,757
119000003,1827,554,1273
119000004,1456,849,607
119000005,1067,1291,-224
119000006,2151,1018,1133
119000007,2022,1871,151
119000008,1215,886,329
119000009,2108,3059,-951
119000010,3305,2783,522
119000011,1566,1608,-42
119000012,1002,1770,-768
119000013,1749,1130,619
119000014,836,1283,-447
119000019,148,97,51
119000020,1402,862,540
119000021,3079,1542,1537
119000022,868,1442,-574
119000023,219,191,28
119000024,929,7532,-6603
119000025,2604,593,2011
119000026,55,217,-162
119000027,114,202,-88
119000028,1015,371,644
119000029,64,204,-140
119000030,408,458,-50
119000031,532,231,301
119000032,985,1204,-219
119000033,976,637,339
119000034,615,445,170
119000035,14,164,-150
119000036,1360,547,813
119000037,879,677,202
119000038,103,324,-221
119000039,808,209,599
119000040,415,337,78
119000041,365,764,-399
119000048,1687,1315,372
119000049,1371,902,469
119000050,844,950,-106
119000051,1057,561,496
119000052,1050,1687,-637
119000053,1118,711,407
119000054,2038,1510,528
119000055,3402,1819,1583
119000056,1929,1159,770
119000057,1186,1038,148
119000058,1354,907,447
119000059,881,894,-13
119000060,1071,672,399
119000061,745,477,268
119000062,788,820,-32
119000063,467,331,136
119000064,596,482,114
119000065,1253,1843,-590
119000066,1355,823,532
119000067,1241,1059,182
119000068,1139,715,424
119000069,1040,1094,-54
119000070,1864,568,1296
119000071,339,365,-26
119000072,2578,1467,1111
119000073,2549,4517,-1968
119000074,953,1153,-200
119000075,1965,1314,651
119000076,210,579,-369
119000077,340,260,80
119000078,459,247,212
119000079,197,412,-215
119000080,425,91,334
119000081,206,242,-36
119000082,652,123,529
119000083,561,346,215
119000084,200,246,-46
119000085,312,203,109
119000086,331,472,-141
119000087,960,494,466
119000088,213,173,40
119000089,90,323,-233
119000090,124,129,-5
119000091,138,334,-196
119000092,335,216,119
119000093,2180,1361,819
119000094,2381,3109,-728
119000095,1241,1398,-157
119000097,1400,631,769
119000098,701,1969,-1268
119000099,1660,815,845
119000100,2632,2036,596
119000101,2253,817,1436
119000102,543,757,-214
119000103,885,376,509
119000104,1184,606,578
119000105,561,1642,-1081
119000106,254,518,-264
119000107,750,392,358
119000108,299,424,-125
119000109,94,303,-209
119000110,215,162,53
119000111,28,333,-305
119000112,95,41,54
119000113,895,186,709
119000114,511,531,-20
119000115,119,98,21
119000116,86,60,26
119000117,66,147,-81
119000118,8,0,8
119000123,2572,1105,1467
119000124,567,113,454
119000125,3007,339,2668
119000126,1065,364,701
119000127,414,250,164
119000128,9,0,9
119000131,729,254,475
119000132,0,0,0
119000133,0,3,-3
119000134,1095,325,770
119000135,135,120,15
119000136,218,100,118
119000137,172,162,10
119000138,424,94,330
119000139,159,80,79
119000140,195,218,-23
119000284,657,1325,-668
119000285,1189,1089,100
119000286,3323,2691,632
119000287,896,958,-62
119000288,1277,543,734
119000289,1009,1267,-258
119000290,128,208,-80
119000291,38,178,-140
119000293,347,127,220
119000294,53,18,35
119000295,575,105,470
119000296,233,188,45
119000302,957,690,267
119000303,20,94,-74
119000314,856,6593,-5737
119000315,2,167,-165
119000316,123,54,69
119000317,81,137,-56
119000319,609,113,496
119900001,136,894,-758
119900002,93,106,-13
119900003,23,434,-411
119900004,148,842,-694
119900005,126,39,87
119900006,168,255,-87
119900007,628,165,463
119900008,16,20,-4
119900009,423,361,62
119900010,430,426,4
119900011,12,61,-49
119900012,12,60,-48
119900013,1187,816,371
119900014,267,85,182
119900015,75,25,50
119900016,22,34,-12
119900017,25,18,7
119900018,1014,715,299
119900019,15,2,13
119900020,116,93,23
119900021,76,34,42
119900022,65,440,-375
119900023,220,1324,-1104
119900025,131,11,120
119900026,439,109,330
119900027,10,9,1
119900028,240,89,151
119900029,0,5,-5
119900030,362,251,111
119900031,35,308,-273
119900033,1241,209,1032
119900034,304,41,263
119900037,124,22,102
119900038,20,254,-234
119900039,25,8,17
119900040,69,9,60
119900041,68,15,53
119900042,114,126,-12
119900043,86,58,28
119900044,92,648,-556
119900046,107,17,90
119900047,242,58,184
119900049,76,5,71
119900050,49,62,-13
119900051,815,12,803
119900052,40,14,26
119900053,139,129,10
119900054,138,9,129
119900055,934,304,630
119900057,160,20,140
119900058,174,3,171
119900059,50,25,25
119900060,212,12,200
119900061,237,3,234
119900062,37,11,26
119900063,3,33,-30
119900065,152,4,148
119900067,40,2,38
119900068,458,0,458
119900069,76,4,72
119900070,622,3,619
119900071,408,13,395
119900073,938,401,537
119900074,14,11,3
119900075,1816,1504,312
119900076,50,26,24
119900077,667,318,349
119900078,326,330,-4
119900079,172,73,99
119900080,286,107,179
119900081,496,13,483
119900082,977,71,906
119900083,186,56,130
119900084,319,172,147
119900085,20,22,-2
119900086,272,470,-198
119900087,381,163,218
119900088,10,15,-5
119900089,24,231,-207
119900090,64,23,41
119900091,42,402,-360
119900092,23,147,-124
119900093,517,95,422
119900094,16,120,-104
119900095,109,55,54
119900096,15,50,-35
119900097,294,141,153
119900098,15,18,-3
119900099,29,75,-46
119900100,834,1501,-667
119900101,102,610,-508
119900102,20,110,-90
119900103,20,96,-76
119900104,14,61,-47
119900105,360,1202,-842
119900106,7,62,-55
119900107,157,1031,-874
119900108,1555,413,1142
119900109,16,64,-48
119900110,423,292,131
119900111,158,240,-82
119900112,553,331,222
119900113,25,104,-79
119900114,158,459,-301
119900115,203,439,-236
119900116,52,215,-163
119900117,251,252,-1
119900118,78,433,-355
119900119,153,68,85
119900120,352,194,158
119900121,291,351,-60
119900122,214,178,36
119900123,92,188,-96
119900124,145,362,-217
119900125,18,109,-91
119900126,1495,139,1356
119900127,1126,571,555
119900128,314,267,47
119900129,148,178,-30
119900130,9,109,-100
119900131,45,85,-40
119900132,13,83,-70
119900133,18,35,-17
119900134,605,93,512
119900135,0,138,-138
119900136,128,134,-6
119900138,151,271,-120
119900139,13,39,-26
119900140,1,38,-37
119900141,41,447,-406
119900142,1,14,-13
119900143,12,90,-78
119900144,720,91,629
119900145,84,78,6
119900146,84,72,12
119900147,2,65,-63
119900148,126,15,111
119900149,433,2846,-2413
119900150,87,73,14
119900151,724,408,316
119900152,84,102,-18
119900153,107,30,77
119900154,15,310,-295
119900155,9,26,-17
119900156,8,4,4
119900157,101,94,7
119900158,138,56,82
119900159,3,474,-471
119900160,21,42,-21
119900161,127,73,54
119900162,609,534,75
119900163,39,70,-31
119900164,0,1,-1
119900165,89,56,33
119900166,37,32,5
119900167,38,51,-13
119900168,672,293,379
119900169,17,189,-172
119900170,94,143,-49
119900171,522,145,377
119900172,72,8,64
119900173,1,159,-158
119900174,6,94,-88
119900175,980,287,693
119900177,8,93,-85
119900178,4,64,-60
119900179,79,402,-323
119900180,759,510,249
119900181,23,50,-27
119900182,60,134,-74
119900183,54,392,-338
119900184,749,222,527
119900185,35,121,-86
119900186,22,625,-603
119900187,3,133,-130
119900188,63,158,-95
119900189,199,221,-22
119900190,67,178,-111
119900191,121,136,-15
119900192,40,88,-48
119900193,248,124,124
119900194,22,34,-12
119900195,6,70,-64
119900196,364,168,196
119900197,158,111,47
119900198,134,139,-5
119900199,68,16,52
119900200,350,360,-10
119900201,163,70,93
119900202,47,165,-118
119900203,109,326,-217
119900204,205,127,78
119900205,529,224,305
119900206,172,46,126
119900208,110,109,1
119900209,346,972,-626
119900210,18,13,5
119900211,37,0,37
119900212,453,285,168
119900213,6,36,-30
119900214,25,29,-4
119900215,21,28,-7
119900216,14,14,0
119900217,12,34,-22
119900218,3,31,-28
119900219,15,45,-30
119900220,4,25,-21
119900221,21,73,-52
119900222,6,42,-36
119900223,8,20,-12
119900224,6,9,-3
119900225,319,25,294
119900226,219,1021,-802
119900227,382,161,221
119900228,8,90,-82
119900229,167,177,-10
119900230,660,214,446
119900231,185,97,88
119900232,81,52,29
119900233,45,1,44
119900234,27,19,8
119900235,5,7,-2
119900236,8,95,-87
119900237,19,133,-114
119900238,1,32,-31
119900240,58,48,10
119900241,120,102,18
119900242,444,700,-256
119900244,267,836,-569
119900245,63,98,-35
119900246,136,321,-185
119900247,15,82,-67
119900248,27,155,-128
119900249,140,56,84
119900253,1020,232,788
119900254,78,536,-458
119900255,47,388,-341
119900256,485,273,212
119900257,74,1,73
119900258,99,2,97
119900259,5,47,-42
119900260,99,8,91
119900261,244,66,178
119900262,3,85,-82
119900263,822,184,638
119900264,50,70,-20
119900265,264,193,71
119900266,211,119,92
119900267,135,211,-76
119900268,154,65,89
119900269,661,412,249
119900271,5,38,-33
119900272,243,136,107
119900275,158,75,83
119900276,66,6,60
119900277,7,2,5
119900278,53,50,3
119900279,61,109,-48
119900280,306,70,236
119900281,0,132,-132
119900282,21,94,-73
119900283,10,90,-80
119900284,7,99,-92
119900285,8,46,-38
119900286,1,8,-7
119900288,2,16,-14
119900289,0,6,-6
119900290,5,8,-3
119900291,1,26,-25
119900292,33,46,-13
119900293,29,37,-8
119900294,17,26,-9
119900295,27,18,9
119900296,39,79,-40
119900297,1,9,-8
119900298,1,0,1
119900299,27,72,-45
119900300,87,68,19
119900301,44,22,22
119900302,22,37,-15
119900303,150,37,113
119900304,108,7,101
119900305,3,57,-54
119900306,30,8,22
119900307,22,30,-8
119900308,1,10,-9
119900309,24,82,-58
119900310,124,140,-16
119900311,62,37,25
119900312,66,38,28
119900313,184,142,42
119900314,139,248,-109
119900315,1322,801,521
119900318,6,17,-11
119900319,7,64,-57
119900320,109,153,-44
119900321,49,6,43
120000001,3648,11598,-7950
120000002,1779,1487,292
120000003,1694,935,759
120000004,1621,1039,582
120000005,2217,1152,1065
120000006,863,806,57
120000007,1844,2183,-339
120000008,708,801,-93
120000009,1451,619,832
120000010,1522,1353,169
120000011,805,967,-162
120000012,1210,1248,-38
120000013,2326,1833,493
120000014,480,898,-418
120000015,1624,1054,570
120000016,2787,1521,1266
120000017,1991,1726,265
120000018,2325,8699,-6374
120000019,737,976,-239
120000020,1912,2363,-451
120000021,1275,1649,-374
120000022,1774,2812,-1038
120000023,814,1189,-375
120000024,783,1676,-893
120000025,1866,1201,665
120000026,1794,1167,627
120000027,1433,1365,68
120000028,495,1497,-1002
120000029,787,737,50
120000030,598,603,-5
120000031,1231,3014,-1783
120000032,4122,2300,1822
120000033,3385,1046,2339
120000034,1734,1007,727
120000035,1672,1178,494
120000036,2234,3431,-1197
120000037,498,1107,-609
120000038,2669,2216,453
120000039,480,562,-82
120000040,140,254,-114
120000041,531,682,-151
120000042,1166,1115,51
120000043,2798,818,1980
120000044,3989,949,3040
120000045,4787,736,4051
120000046,2827,1814,1013
120000047,455,4067,-3612
120000048,3763,2578,1185
120000049,2560,1641,919
120000050,2735,2322,413
120000051,1868,2445,-577
120000052,4615,1182,3433
120000053,1091,1292,-201
120000054,1056,2090,-1034
120000055,1270,2678,-1408
120000056,2992,2179,813
120000057,2496,991,1505
120000058,1230,1453,-223
120000059,8,1076,-1068
120000061,64,289,-225
120000062,86,171,-85
120000063,762,1307,-545
120000064,184,549,-365
120000065,369,722,-353
120000066,201,247,-46
120000067,26,299,-273
120000068,205,456,-251
120000069,496,434,62
120000070,74,330,-256
120000071,523,77,446
120000072,722,287,435
120000073,763,62,701
120000074,79,71,8
120000075,507,240,267
120000076,1665,290,1375
120000077,1600,524,1076
120000078,2111,923,1188
120000079,478,272,206
120000080,290,237,53
120000081,258,130,128
120000082,294,229,65
120000083,118,618,-500
120000084,280,187,93
120000085,185,199,-14
120000086,277,293,-16
120000087,219,264,-45
120000088,548,624,-76
120000089,823,369,454
120000090,539,306,233
120000091,679,527,152
120000092,842,390,452
120000093,401,300,101
120000094,100,436,-336
120000095,627,235,392
120000096,204,333,-129
120000098,566,404,162
120000099,272,419,-147
120000100,536,487,49
120000101,381,260,121
120000102,497,727,-230
120000103,1096,713,383
120000104,1557,319,1238
120000105,2632,539,2093
120000106,2029,574,1455
120000107,3362,451,2911
120000108,1139,96,1043
120000109,902,56,846
120000110,79,549,-470
120000111,66,571,-505
120000112,519,1350,-831
120000113,503,1011,-508
120000114,684,1367,-683
120000115,178,1208,-1030
120000116,434,1025,-591
120000117,663,883,-220
120000118,61,39,22
120000119,21,35,-14
120000120,100,81,19
120000121,13,34,-21
120000122,175,334,-159
120000123,1998,4668,-2670
120000124,361,213,148
120000125,483,346,137
120000126,290,742,-452
120000127,1315,782,533
120000128,1848,2260,-412
120000129,190,195,-5
120000130,539,305,234
120000131,291,381,-90
120000134,261,454,-193
120000135,460,294,166
120000137,170,485,-315
120000138,852,185,667
120000139,203,307,-104
120000140,698,248,450
120000141,192,198,-6
120000142,570,272,298
120000143,1,55,-54
120000144,103,2,101
120000145,325,2,323
120000146,652,700,-48
120000149,401,611,-210
120000150,1410,7215,-5805
120000151,313,291,22
120000152,422,129,293
120000153,141,329,-188
120000154,348,276,72
120000155,124,188,-64
120000156,564,732,-168
120000157,621,339,282
120000158,698,516,182
120000159,1392,1448,-56
120000160,1783,1167,616
120000161,1842,1474,368
120000162,76,242,-166
120000163,513,556,-43
120000164,489,215,274
120000165,601,351,250
120000166,1155,268,887
120000167,121,93,28
120000168,6,391,-385
120000169,24,1286,-1262
120000170,25,1227,-1202
120000171,10,465,-455
120000172,11,408,-397
120000173,595,1460,-865
120000174,79,35,44
120000175,99,46,53
120000176,57,17,40
120000177,550,83,467
120000178,15,9,6
120000179,65,35,30
120000180,150,46,104
120000181,44,695,-651
120000182,39,450,-411
120000183,8,170,-162
120000184,131,675,-544
120000186,28,665,-637
120000187,24,338,-314
120000188,46,446,-400
120000190,201,54,147
120000191,256,69,187
120000192,279,23,256
120000193,104,6,98
120000195,14,1,13
120000196,46,12,34
120000197,21,29,-8
120000198,162,40,122
120000199,57,0,57
120000200,177,2,175
120000201,31,18,13
120000202,5,28,-23
120000203,50,103,-53
120000207,0,32,-32
120000208,32,107,-75
120000209,2,47,-45
120000210,60,67,-7
120000211,140,1,139
120000212,163,0,163
120000213,127,98,29
120000214,0,106,-106
120000215,2,65,-63
120000216,83,21,62
120000217,434,728,-294
120000218,68,435,-367
120000219,3,205,-202
120000220,18,615,-597
120000225,1250,0,1250
120000226,336,4,332
120000227,606,43,563
120000228,7347,2681,4666
120000230,438,15,423
120000231,1185,1212,-27
120000233,241,6,235
120000235,258,363,-105
120000236,674,4,670
120000237,0,492,-492
120000238,0,840,-840
120000241,751,2166,-1415
120000412,113,2,111
120000413,143,65,78
120000414,134,0,134
120000415,1,29,-28
120000416,45,1,44
120000417,1,21,-20
120000418,111,3,108
120000419,6,78,-72
120000420,32,9,23
120000421,4806,3170,1636
120000422,71,1217,-1146
120000423,1,40,-39
120000424,65,50,15
120000436,72,599,-527
120000437,76,72,4
120000438,1208,136,1072
120000439,149,439,-290
120000443,148,0,148
120000444,1172,288,884
120000445,1164,748,416
120000446,478,160,318
120000447,135,0,135
120000449,72,0,72
120000450,4,98,-94
120000451,70,116,-46
120000452,166,3,163
120000453,0,77,-77
120000454,28,33,-5
120000455,84,33,51
120000456,1470,2708,-1238
120000457,412,281,131
120000458,358,396,-38
120000459,73,40,33
120000665,411,177,234
120000668,109,659,-550
120000669,113,133,-20
120000670,64,791,-727
120000671,1050,463,587
120000672,73,369,-296
120900001,44,64,-20
120900002,87,241,-154
120900003,134,14,120
120900004,8,61,-53
120900005,16,782,-766
120900006,291,149,142
120900007,115,33,82
120900008,253,548,-295
120900009,449,20,429
120900010,392,100,292
120900011,90,168,-78
120900012,85,680,-595
120900013,245,83,162
120900014,4,194,-190
120900015,569,94,475
120900016,808,40,768
120900017,1106,32,1074
120900018,90,185,-95
120900019,469,382,87
120900020,534,885,-351
120900021,646,173,473
120900022,11,137,-126
120900023,221,25,196
120900024,1141,291,850
120900025,859,673,186
120900026,78,79,-1
120900027,684,15,669
120900028,376,94,282
120900029,56,474,-418
120900030,1140,512,628
120900031,204,131,73
120900032,945,53,892
120900033,708,54,654
120900034,15,1796,-1781
120900035,48,114,-66
120900037,209,5,204
120900038,44,250,-206
120900039,86,47,39
120900040,243,5,238
120900041,80,29,51
120900042,541,23,518
120900043,69,19,50
120900044,6,203,-197
120900045,113,44,69
120900046,413,5,408
120900047,113,92,21
120900048,110,23,87
120900049,446,1,445
120900050,913,1231,-318
120900051,305,70,235
120900052,514,9,505
120900053,214,20,194
120900054,971,285,686
120900055,352,3,349
120900056,530,17,513
120900057,128,4,124
120900058,498,1,497
120900059,76,0,76
120900060,51,9,42
120900061,173,98,75
120900062,214,2,212
120900063,594,7,587
120900064,557,0,557
120900065,476,0,476
120900066,142,96,46
120900067,136,45,91
120900068,199,0,199
120900069,225,12,213
120900071,2,0,2
120900072,737,12,725
120900073,469,20,449
120900074,401,5,396
120900076,358,0,358
120900077,1192,119,1073
120900078,794,522,272
120900079,577,64,513
120900080,810,687,123
120900081,1035,72,963
120900082,253,265,-12
120900083,67,0,67
120900084,274,441,-167
120900085,31,145,-114
120900086,80,279,-199
120900087,360,301,59
120900088,104,353,-249
120900089,1328,2382,-1054
120900090,266,52,214
120900091,481,731,-250
120900092,677,279,398
120900093,930,107,823
120900094,274,98,176
120900095,159,4,155
120900096,32,91,-59
120900097,473,320,153
120900098,164,75,89
120900099,47,31,16
120900100,30,100,-70
120900101,348,118,230
120900102,27,49,-22
120900103,37,158,-121
120900104,12,34,-22
120900105,21,181,-160
120900106,674,216,458
120900107,140,100,40
120900108,10,260,-250
120900109,13,260,-247
120900110,1,276,-275
120900111,110,200,-90
120900112,15,354,-339
120900113,8,335,-327
120900114,25,79,-54
120900115,107,210,-103
120900116,301,160,141
120900117,3,211,-208
120900118,12,306,-294
120900119,3941,2119,1822
120900120,56,317,-261
120900121,48,229,-181
120900122,322,173,149
120900123,7,145,-138
120900124,2,267,-265
120900125,5,269,-264
120900126,1055,555,500
120900127,5,186,-181
120900128,819,825,-6
120900129,33,151,-118
120900130,0,113,-113
120900131,78,40,38
120900132,928,106,822
120900133,61,355,-294
120900134,532,192,340
120900135,4,228,-224
120900136,44,15,29
120900137,173,39,134
120900138,9,105,-96
120900139,0,267,-267
120900140,1,28,-27
120900141,89,176,-87
120900142,11,179,-168
120900143,0,393,-393
120900144,0,62,-62
120900145,161,505,-344
120900146,3,368,-365
120900147,63,262,-199
120900148,69,89,-20
120900149,0,121,-121
120900150,56,303,-247
120900151,60,304,-244
120900152,177,30,147
120900153,72,52,20
120900154,1,120,-119
120900155,142,475,-333
120900156,201,202,-1
120900157,48,201,-153
120900158,55,274,-219
120900159,161,242,-81
120900160,24,442,-418
120900161,28,182,-154
120900162,92,375,-283
120900163,126,410,-284
120900164,0,68,-68
120900165,15,468,-453
120900166,29,223,-194
120900167,150,74,76
120900169,43,99,-56
120900170,466,2153,-1687
120900171,420,118,302
120900172,254,956,-702
120900173,5,33,-28
120900174,5,54,-49
120900175,124,61,63
120900176,16,282,-266
120900177,0,942,-942
120900178,5,218,-213
120900179,448,266,182
120900180,50,123,-73
120900181,48,15,33
120900182,26,174,-148
120900183,300,32,268
120900184,158,47,111
120900185,21,176,-155
120900186,1,224,-223
120900187,342,714,-372
120900188,201,8,193
120900189,47,1559,-1512
120900190,103,10,93
120900191,9,5,4
120900192,4228,6371,-2143
120900194,57,39,18
120900195,66,142,-76
120900196,453,20,433
120900197,535,133,402
120900198,149,300,-151
120900199,239,345,-106
120900200,40,103,-63
120900201,291,65,226
120900202,1,58,-57
120900203,26,54,-28
120900204,74,111,-37
120900205,17,25,-8
120900206,22,20,2
120900207,48,562,-514
121000001,236,560,-324
121000002,1218,788,430
121000003,1879,1000,879
121000004,1472,1910,-438
121000005,1124,1503,-379
121000006,1627,1555,72
121000007,1328,1976,-648
121000008,2809,2587,222
121000009,2527,3317,-790
121000010,3955,3461,494
121000011,2446,5535,-3089
121000012,6420,4328,2092
121000013,3155,4099,-944
121000014,4442,3752,690
121000015,2549,4637,-2088
121000016,2593,2170,423
121000017,933,1499,-566
121000018,927,821,106
121000019,6467,5447,1020
121000020,6326,10674,-4348
121000021,2213,2659,-446
121000022,1360,1961,-601
121000023,1843,1507,336
121000024,2867,2972,-105
121000025,155,670,-515
121000026,229,136,93
121000027,821,736,85
121000028,471,255,216
121000029,437,273,164
121000030,345,144,201
121000031,371,322,49
121000032,143,120,23
121000034,203,175,28
121000035,104,111,-7
121000036,458,402,56
121000037,320,258,62
121000038,288,469,-181
121000039,125,208,-83
121000041,285,230,55
121000042,191,268,-77
121000043,256,243,13
121000044,625,435,190
121000045,477,362,115
121000046,588,592,-4
121000047,179,177,2
121000049,665,338,327
121000050,168,734,-566
121000051,575,212,363
121000052,348,524,-176
121000053,192,56,136
121000054,20,217,-197
121000055,568,826,-258
121000056,483,663,-180
121000057,79,125,-46
121000058,346,241,105
121000059,1292,732,560
121000060,253,723,-470
121000061,87,211,-124
121000062,123,255,-132
121000063,417,523,-106
121000064,433,448,-15
121000065,131,257,-126
121000066,464,405,59
121000067,286,368,-82
121000068,383,230,153
121000069,179,537,-358
121000070,876,648,228
121000071,984,889,95
121000072,590,396,194
121000073,658,640,18
121000074,41,100,-59
121000075,18,158,-140
121000076,268,209,59
121000077,84,131,-47
121000078,84,113,-29
121000080,1037,369,668
121000081,1560,2114,-554
121000082,0,0,0
121000083,163,191,-28
121000084,380,296,84
121000085,274,448,-174
121000086,264,447,-183
121000087,57,154,-97
121000088,303,353,-50
121000089,154,176,-22
121000090,186,219,-33
121000091,615,492,123
121000092,124,40,84
121000093,153,129,24
121000094,247,382,-135
121000095,257,465,-208
121000096,1817,1350,467
121000097,383,1217,-834
121000098,277,333,-56
121000099,488,312,176
121000100,484,130,354
121000101,271,184,87
121000102,188,115,73
121000103,135,142,-7
121000104,176,59,117
121000105,275,100,175
121000106,229,154,75
121000107,1385,2251,-866
121000109,646,636,10
121000110,171,474,-303
121000114,2574,1649,925
121000115,801,468,333
121000116,215,578,-363
121000117,240,174,66
121000118,1080,169,911
121000119,228,205,23
121000120,143,237,-94
121000121,282,769,-487
121000123,842,669,173
121000127,99,51,48
121000128,915,234,681
121000129,721,289,432
121000130,456,384,72
121000131,1097,1229,-132
121000132,1362,1611,-249
121000135,130,208,-78
121000136,770,567,203
121000137,293,194,99
121000138,596,777,-181
121000139,400,261,139
121000141,147,59,88
121000142,1011,1113,-102
121000143,58,16,42
121000144,351,1087,-736
121000145,418,567,-149
121000146,1000,770,230
121000147,705,282,423
121000148,582,569,13
121000149,1410,958,452
121000152,308,315,-7
121000153,999,364,635
121000154,768,335,433
121000155,865,720,145
121000156,261,671,-410
121000157,346,652,-306
121000158,176,159,17
121000159,135,188,-53
121000160,301,340,-39
121000161,165,165,0
121000162,92,88,4
121000165,559,1206,-647
121000166,24,291,-267
121000168,321,161,160
121000169,51,79,-28
121000170,251,62,189
121000171,50,93,-43
121000172,518,346,172
121000173,744,689,55
121000174,317,333,-16
121000175,717,249,468
121000176,230,200,30
121000177,566,279,287
121000178,81,29,52
121000179,53,44,9
121000181,339,280,59
121000182,61,181,-120
121000183,54,49,5
121000184,20,83,-63
121000185,22,141,-119
121000186,141,267,-126
121000187,100,74,26
121000188,176,68,108
121000192,510,265,245
121000193,403,310,93
121000194,914,1293,-379
121000195,149,588,-439
121000196,335,142,193
121000197,131,380,-249
121000198,129,74,55
121000199,93,110,-17
121000200,364,53,311
121000201,2,122,-120
121000202,597,53,544
121000203,660,1080,-420
121000204,2100,455,1645
121000205,57,123,-66
121000206,75,33,42
121000207,1245,579,666
121000208,1,227,-226
121000209,196,37,159
121000210,526,195,331
121000211,229,31,198
121000212,397,216,181
121000213,5963,1636,4327
121000214,506,1174,-668
121000215,587,592,-5
121000216,332,373,-41
121000217,2019,1671,348
121000218,286,984,-698
121000219,1094,622,472
121000220,90,32,58
121000221,83,205,-122
121000222,1052,1413,-361
121000223,334,190,144
121000224,150,270,-120
121000225,790,1770,-980
121000226,1259,902,357
121000227,18,111,-93
121000228,24,339,-315
121000229,241,257,-16
121000230,38,915,-877
121000231,814,36,778
121000232,252,173,79
121000233,407,214,193
121000234,28,23,5
121000235,59,69,-10
121000236,3,52,-49
121000237,30,20,10
121000238,6,62,-56
121000239,38,5,33
121000240,7,116,-109
121000241,48,12,36
121000242,28,475,-447
121000243,201,57,144
121000244,4,73,-69
121000245,31,10,21
121000246,2,86,-84
121000247,94,0,94
121000248,330,602,-272
121000249,200,398,-198
121000250,306,213,93
121000251,12,180,-168
121000252,53,44,9
121000253,192,148,44
121000254,433,68,365
121000255,140,163,-23
121000256,184,75,109
121000257,42,67,-25
121000258,66,50,16
121000259,24,51,-27
121000260,21,46,-25
121000261,52,38,14
121000262,558,315,243
121000263,400,373,27
121000271,269,777,-508
121000273,9,8,1
121000274,13,34,-21
121000275,5,24,-19
121000276,3,10,-7
121000278,43,24,19
121000279,6,23,-17
121000280,17,27,-10
121000289,174,19,155
121000290,709,726,-17
121000294,112,39,73
121000297,537,858,-321
121000299,67,337,-270
121000300,558,489,69
121000302,18,459,-441
121000303,384,153,231
121000304,312,42,270
121000305,174,95,79
121000306,83,89,-6
121000308,114,170,-56
121000309,228,318,-90
121000310,176,229,-53
121000311,55,322,-267
121000312,191,126,65
121000313,149,237,-88
121000314,214,111,103
121000315,86,180,-94
121000530,1129,856,273
121000531,1048,903,145
121000532,3949,4758,-809
121000533,2076,2312,-236
121000919,38,62,-24
121000938,29,195,-166
121000939,59,162,-103
121000956,1154,772,382
121000957,2,4,-2
121000958,16,20,-4
121000959,677,349,328
121000960,810,1299,-489
121000961,221,31,190
121000962,325,342,-17
121000973,1,145,-144
121000976,5,67,-62
121000979,247,70,177
121000981,188,79,109
121000982,369,101,268
121000983,398,152,246
121000984,15,28,-13
121000985,554,255,299
121000986,243,73,170
121000987,187,434,-247
121000988,774,96,678
121001302,153,70,83
121001308,4,9,-5
121001309,12,210,-198
121001311,0,0,0
121001313,173,116,57
121001314,1035,1380,-345
121001315,3412,2136,1276
121001326,256,250,6
121001327,91,97,-6
121001328,95,30,65
121900001,81,123,-42
121900002,37,31,6
121900003,298,2,296
121900004,57,128,-71
121900005,14,4,10
121900006,51,13,38
121900007,1047,1007,40
121900008,101,144,-43
121900009,260,9,251
121900010,130,1,129
121900011,78,112,-34
121900012,5,0,5
121900013,648,89,559
121900014,723,252,471
121900015,119,124,-5
121900016,7,24,-17
121900017,375,210,165
121900018,290,3,287
121900019,330,122,208
121900020,13,4,9
121900021,623,13,610
121900022,157,143,14
121900023,68,155,-87
121900024,219,64,155
121900025,336,333,3
121900026,108,19,89
121900027,229,67,162
121900028,140,9,131
121900029,42,118,-76
121900030,213,421,-208
121900031,521,4043,-3522
121900032,43,30,13
121900033,112,190,-78
121900034,193,55,138
121900035,1399,1235,164
121900036,57,209,-152
121900037,62,564,-502
121900038,20,40,-20
121900039,189,30,159
121900040,51,54,-3
121900041,67,139,-72
121900042,294,120,174
121900043,8,1,7
121900044,37,24,13
121900046,122,138,-16
121900047,114,44,70
121900048,21,30,-9
121900050,21,30,-9
121900051,107,149,-42
121900052,104,16,88
121900053,282,176,106
121900054,195,490,-295
121900055,0,4,-4
121900058,155,53,102
121900059,178,99,79
121900060,85,169,-84
121900062,68,50,18
121900063,975,238,737
121900064,152,311,-159
121900066,29,10,19
121900067,19,12,7
121900069,95,55,40
121900070,86,93,-7
121900071,292,109,183
121900072,37,75,-38
121900073,120,202,-82
121900074,280,615,-335
121900075,293,400,-107
121900076,321,279,42
121900078,20,17,3
121900079,0,1,-1
121900080,468,167,301
121900082,35,58,-23
121900084,12,29,-17
121900086,6,44,-38
121900087,84,85,-1
121900088,680,1148,-468
121900089,145,146,-1
121900090,16,37,-21
121900091,72,32,40
121900092,40,80,-40
121900093,52,47,5
121900094,13,16,-3
121900095,232,90,142
121900096,555,449,106
121900097,466,116,350
121900098,1,1,0
121900099,120,30,90
121900100,57,239,-182
121900101,75,80,-5
121900102,1,49,-48
121900103,202,131,71
121900104,1062,223,839
121900105,189,135,54
121900106,3,4,-1
121900107,30,8,22
121900108,0,10,-10
121900109,132,95,37
121900110,353,282,71
121900111,550,124,426
121900112,83,69,14
121900113,64,316,-252
121900114,18,16,2
121900117,73,78,-5
121900118,1093,480,613
121900119,102,33,69
121900120,41,614,-573
121900121,189,19,170
121900122,14,59,-45
121900123,115,214,-99
121900124,84,98,-14
121900125,686,491,195
121900127,12,61,-49
121900128,31,41,-10
121900129,205,121,84
121900130,60,156,-96
121900131,116,59,57
121900132,35,45,-10
121900133,46,936,-890
121900134,7,119,-112
121900135,1860,228,1632
121900136,264,136,128
121900137,22,158,-136
121900138,32,46,-14
121900139,188,544,-356
121900140,47,79,-32
121900141,57,12,45
121900142,106,48,58
121900143,7,86,-79
121900144,66,161,-95
121900145,92,141,-49
121900146,305,353,-48
121900147,57,97,-40
121900148,125,174,-49
121900149,167,310,-143
121900150,28,108,-80
121900151,50,139,-89
121900152,64,61,3
121900153,27,307,-280
121900154,6,206,-200
121900155,1,73,-72
121900156,103,72,31
121900157,1,175,-174
121900158,33,56,-23
121900159,0,120,-120
121900160,3,220,-217
121900161,151,279,-128
121900162,65,110,-45
121900163,220,217,3
121900164,231,123,108
121900165,166,69,97
121900166,98,93,5
121900167,70,86,-16
121900168,100,167,-67
121900169,4,111,-107
121900170,4,120,-116
121900171,500,307,193
121900172,379,82,297
121900173,341,125,216
121900174,29,35,-6
121900175,126,104,22
121900176,324,899,-575
121900177,118,41,77
121900178,28,29,-1
121900179,251,131,120
121900180,1378,2903,-1525
121900182,410,274,136
121900183,430,651,-221
121900184,51,332,-281
121900186,1,240,-239
121900187,19,86,-67
121900188,249,221,28
121900189,22,35,-13
121900190,178,293,-115
121900191,43,153,-110
121900192,172,772,-600
121900193,22,87,-65
121900194,3,128,-125
121900195,28,32,-4
121900196,454,538,-84
121900197,225,662,-437
121900198,809,630,179
121900199,7,15,-8
121900200,51,130,-79
121900201,406,416,-10
121900202,82,353,-271
121900203,62,513,-451
121900204,389,731,-342
121900205,9,62,-53
121900206,14,10,4
121900207,33,17,16
121900208,81,190,-109
121900209,39,36,3
121900210,797,626,171
121900211,267,249,18
121900212,40,84,-44
121900213,131,25,106
121900214,4,277,-273
121900215,40,70,-30
121900216,34,102,-68
121900217,127,81,46
121900218,78,258,-180
121900220,45,4,41
121900221,153,280,-127
121900222,134,85,49
121900223,67,17,50
121900224,49,17,32
121900225,63,69,-6
121900226,107,53,54
121900227,162,300,-138
121900228,138,159,-21
121900230,43,140,-97
121900231,66,609,-543
121900232,98,201,-103
121900233,92,108,-16
121900234,192,80,112
121900235,323,84,239
121900236,207,98,109
121900237,118,193,-75
121900238,112,154,-42
121900239,130,13,117
121900240,126,35,91
121900241,56,34,22
121900242,4,0,4
121900243,3,0,3
121900244,5,0,5
121900245,97,43,54
121900246,1800,95,1705
121900248,724,704,20
121900250,121,224,-103
121900251,235,26,209
121900252,245,103,142
121900253,100,510,-410
121900254,266,199,67
121900255,269,36,233
121900258,2255,1152,1103
121900259,174,329,-155
121900260,50,45,5
121900261,143,375,-232
121900262,239,617,-378
121900263,210,129,81
121900264,695,629,66
121900265,236,102,134
121900266,334,76,258
121900267,46,27,19
121900269,92,448,-356
121900270,26,142,-116
121900271,17,81,-64
121900273,267,1091,-824
121900274,208,126,82
121900277,275,489,-214
121900278,50,517,-467
121900279,84,88,-4
121900280,58,210,-152
121900281,91,250,-159
121900284,47,5,42
121900286,64,46,18
121900287,12,10,2
121900288,0,1,-1
121900290,183,358,-175
121900291,237,545,-308
121900292,81,82,-1
121900293,612,1984,-1372
121900294,150,8,142
121900295,58,83,-25
121900296,21,64,-43
121900298,167,605,-438
121900299,0,5,-5
121900300,55,14,41
121900301,61,1,60
121900302,0,51,-51
121900303,192,157,35
121900304,0,10,-10
121900305,4,4,0
121900306,187,1,186
121900307,81,0,81
121900308,9,124,-115
121900309,7,64,-57
121900310,11,165,-154
121900311,267,7,260
121900312,234,8,226
121900313,247,7,240
121900314,2,12,-10
121900315,13,0,13
121900316,1,11,-10
121900317,8,1,7
121900318,0,13,-13
121900319,27,90,-63
121900320,18,25,-7
121900321,27,3,24
121900322,1,8,-7
121900323,27,16,11
121900324,3,30,-27
121900325,6,4,2
121900326,1,11,-10
121900327,0,18,-18
121900328,0,15,-15
121900329,1,76,-75
121900330,1,66,-65
121900331,33,14,19
121900332,39,14,25
121900333,29,0,29
121900334,49,30,19
122000001,1112,3242,-2130
122000002,1862,810,1052
122000003,925,2126,-1201
122000004,1388,798,590
122000005,1841,1432,409
122000006,860,800,60
122000007,473,1256,-783
122000008,1367,2235,-868
122000009,288,334,-46
122000010,1462,1628,-166
122000011,2251,1545,706
122000012,939,1321,-382
122000013,503,734,-231
122000014,1470,780,690
122000015,637,572,65
122000016,301,539,-238
122000017,670,598,72
122000018,961,926,35
122000019,575,762,-187
122000020,105,193,-88
122000021,117,238,-121
122000022,682,717,-35
122000023,466,936,-470
122000024,398,1157,-759
122000025,524,1311,-787
122000026,409,891,-482
122000027,350,804,-454
122000028,509,337,172
122000029,254,281,-27
122000030,127,123,4
122000031,106,220,-114
122000032,1651,1204,447
122000033,283,1209,-926
122000034,314,357,-43
122000035,143,470,-327
122000036,362,300,62
122000037,219,130,89
122000038,138,194,-56
122000039,407,321,86
122000040,160,160,0
122000041,296,350,-54
122000042,208,314,-106
122000043,44,76,-32
122000044,66,68,-2
122000045,998,403,595
122000046,534,497,37
122000047,87,100,-13
122000048,1744,2577,-833
122000049,3210,2197,1013
122000050,790,550,240
122000051,140,332,-192
122000052,279,315,-36
122000053,141,730,-589
122000054,1431,1234,197
122000055,1417,2603,-1186
122000056,2209,2074,135
122000057,1639,2740,-1101
122000058,1017,1309,-292
122000059,1002,1932,-930
122000060,302,642,-340
122000061,230,398,-168
122000062,459,213,246
122000063,489,544,-55
122000064,1829,2715,-886
122000065,1397,1188,209
122000066,269,282,-13
122000067,1038,830,208
122000068,857,569,288
122000069,591,580,11
122000070,449,683,-234
122000071,1252,799,453
122000072,323,401,-78
122000073,222,643,-421
122000074,1800,1040,760
122000075,502,716,-214
122000076,2779,966,1813
122000077,533,989,-456
122000078,829,2860,-2031
122000079,535,1397,-862
122000080,370,357,13
122000081,101,130,-29
122000082,270,898,-628
122000083,1162,714,448
122000084,1133,524,609
122000085,146,433,-287
122000086,1261,2725,-1464
122000087,177,136,41
122000088,97,198,-101
122000089,2581,1256,1325
122000090,84,351,-267
122000091,73,56,17
122000092,50,26,24
122000093,680,1249,-569
122000094,2919,1728,1191
122000095,659,1912,-1253
122000096,574,925,-351
122000098,1160,1564,-404
122000099,724,504,220
122000100,477,368,109
122000101,237,299,-62
122000102,1190,764,426
122000103,1118,929,189
122000104,406,98,308
122000105,265,190,75
122000106,298,578,-280
122000107,700,280,420
122000108,256,479,-223
122000109,267,143,124
122000110,329,325,4
122000111,1719,911,808
122000112,723,764,-41
122000113,440,438,2
122000114,1067,1203,-136
122000115,964,861,103
122000116,199,227,-28
122000117,710,266,444
122000118,357,416,-59
122000119,1218,894,324
122000120,947,1675,-728
122000121,566,1580,-1014
122000122,402,954,-552
122000123,856,734,122
122000124,626,635,-9
122000125,241,356,-115
122000126,307,529,-222
122000127,448,547,-99
122000128,256,381,-125
122000129,324,1141,-817
122000130,1493,694,799
122000131,687,646,41
122000132,184,269,-85
122000133,545,670,-125
122000134,632,529,103
122000135,455,420,35
122000136,505,477,28
122000137,1078,515,563
122000139,568,1745,-1177
122000140,450,397,53
122000141,1733,649,1084
122000142,93,533,-440
122000143,220,294,-74
122000144,829,739,90
122000145,468,450,18
122000146,417,709,-292
122000147,331,317,14
122000148,355,611,-256
122000149,963,873,90
122000150,822,688,134
122000151,21,31,-10
122000152,237,477,-240
122000153,131,252,-121
122000154,215,158,57
122000155,795,1592,-797
122000156,795,1016,-221
122000157,1384,2539,-1155
122000158,203,402,-199
122000159,448,898,-450
122000160,1353,1255,98
122000161,707,779,-72
122000162,967,1201,-234
122000163,143,42,101
122000164,35,69,-34
122000165,523,539,-16
122000166,632,796,-164
122000167,166,118,48
122000168,120,438,-318
122000169,202,170,32
122000170,229,129,100
122000171,22,53,-31
122000172,1053,762,291
122000173,726,1399,-673
122000174,1080,723,357
122000175,508,262,246
122000176,274,580,-306
122000177,883,981,-98
122000178,1814,1553,261
122000179,1074,1596,-522
122000180,736,812,-76
122000181,1289,1780,-491
122000182,882,804,78
122000183,1360,655,705
122000184,2124,1486,638
122000185,1023,1486,-463
122000186,240,710,-470
122000187,1124,642,482
122000188,322,224,98
122000189,105,283,-178
122000190,490,780,-290
122000191,481,446,35
122000192,647,244,403
122000193,268,461,-193
122000194,310,157,153
122000195,89,296,-207
122000196,663,414,249
122000197,337,473,-136
122000198,380,635,-255
122000199,190,236,-46
122000200,589,420,169
122000201,826,1304,-478
122000202,901,1557,-656
122000203,1158,860,298
122000204,935,1187,-252
122000205,654,647,7
122000206,1604,579,1025
122000207,1325,868,457
122000208,1384,861,523
122000209,1133,275,858
122000210,1344,1125,219
122000211,784,758,26
122000212,424,331,93
122000213,592,823,-231
122000214,1204,1000,204
122000215,1555,1405,150
122000217,890,954,-64
122000218,442,66,376
122000219,754,579,175
122000220,249,419,-170
122000221,73,321,-248
122000222,414,137,277
122000223,785,400,385
122000225,442,295,147
122000226,984,978,6
122000227,167,1222,-1055
122000228,158,172,-14
122000229,14,266,-252
122000230,36,207,-171
122000231,202,507,-305
122000232,436,485,-49
122000233,0,62,-62
122000234,320,47,273
122000235,650,53,597
122000236,798,39,759
122000237,69,47,22
122000238,167,242,-75
122000239,437,67,370
122000240,967,359,608
122000241,1349,325,1024
122000242,393,84,309
122000243,202,45,157
122000244,51,167,-116
122000245,85,94,-9
122000246,249,73,176
122000247,322,280,42
122000248,686,789,-103
122000249,732,553,179
122000250,1327,879,448
122000251,99,310,-211
122000252,245,110,135
122000253,30,133,-103
122000254,163,53,110
122000255,485,567,-82
122000256,227,329,-102
122000257,121,153,-32
122000258,190,110,80
122000259,22,281,-259
122000260,127,382,-255
122000261,12,174,-162
122000262,0,21,-21
122000263,170,242,-72
122000264,931,194,737
122000265,1642,599,1043
122000266,2573,455,2118
122000267,177,84,93
122000268,115,236,-121
122000269,589,231,358
122000270,332,153,179
122000271,201,616,-415
122000272,187,534,-347
122000273,269,267,2
122000274,140,131,9
122000275,236,135,101
122000276,435,214,221
122000277,705,757,-52
122000278,1458,597,861
122000279,93,163,-70
122000280,415,301,114
122000281,440,325,115
122000282,209,244,-35
122000283,264,92,172
122000284,165,42,123
122000285,271,54,217
122000286,46,111,-65
122000287,891,827,64
122000288,351,221,130
122000291,1464,502,962
122000293,153,115,38
122000294,89,198,-109
122000295,746,137,609
122000296,18,329,-311
122000297,854,1560,-706
122000299,454,1049,-595
122000300,427,411,16
122000301,3713,2069,1644
122000302,295,1019,-724
122000303,1408,728,680
122000304,58,105,-47
122000305,777,304,473
122000306,24,249,-225
122000307,35,48,-13
122000309,24,35,-11
122000310,37,78,-41
122000311,66,101,-35
122000312,62,158,-96
122000313,79,63,16
122000314,95,176,-81
122000315,178,59,119
122000316,580,115,465
122000317,1185,191,994
122000318,139,246,-107
122000319,93,158,-65
122000320,127,548,-421
122000321,70,93,-23
122000322,1032,1479,-447
122000323,739,1788,-1049
122000324,833,916,-83
122000325,581,1518,-937
122000326,83,59,24
122000327,228,457,-229
122000328,342,291,51
122000330,1108,632,476
122000333,10,75,-65
122000337,855,528,327
122000338,400,237,163
122000340,158,491,-333
122000342,882,422,460
122000343,305,466,-161
122000344,57,12,45
122000345,178,25,153
122000346,211,162,49
122000348,526,431,95
122000349,47,217,-170
122000351,145,145,0
122000352,234,106,128
122000353,95,57,38
122000355,163,189,-26
122000356,776,1190,-414
122000357,75,18,57
122000358,2,29,-27
122000359,0,17,-17
122000360,1,15,-14
122000362,2,32,-30
122000364,93,204,-111
122000365,1,27,-26
122000366,8,3,5
122000368,307,420,-113
122000370,16,17,-1
122000371,19,0,19
122000372,4,0,4
122000381,118,192,-74
122000382,61,184,-123
122000384,968,686,282
122000385,62,0,62
122000386,149,858,-709
122000387,432,695,-263
122000388,659,507,152
122000389,148,555,-407
122000390,380,287,93
122000391,151,147,4
122000392,95,109,-14
122000393,281,197,84
122000394,329,137,192
122000395,102,62,40
122000396,203,69,134
122000399,148,41,107
122000400,86,595,-509
122000401,120,43,77
122000402,232,104,128
122000403,198,354,-156
122000404,75,60,15
122000408,366,574,-208
122000503,6,54,-48
122000524,121,101,20
122000544,35,1451,-1416
122000614,297,280,17
122000616,131,3,128
122000640,38,67,-29
122000641,107,132,-25
122000642,830,455,375
122000643,55,147,-92
122000644,135,34,101
122000645,147,329,-182
122000651,597,938,-341
122000664,149,31,118
122000665,696,321,375
122000666,511,660,-149
122000673,19,118,-99
122000674,125,51,74
122000675,1320,420,900
122000686,81,283,-202
122000687,535,85,450
122000688,158,193,-35
122000689,392,56,336
122000690,1380,203,1177
122000691,453,650,-197
122000692,1433,294,1139
122000693,391,926,-535
122000695,210,153,57
122000696,300,73,227
122000698,357,277,80
122000699,94,25,69
122000701,1471,260,1211
122000702,372,565,-193
122000703,100,41,59
122000712,0,0,0
122000717,525,103,422
122000718,327,1393,-1066
122000719,96,45,51
122000720,542,106,436
122000724,169,164,5
122900001,19,4,15
122900002,528,3558,-3030
122900003,280,20,260
122900004,725,35,690
122900005,97,65,32
122900006,355,373,-18
122900007,49,56,-7
122900008,227,75,152
122900009,312,232,80
122900010,142,52,90
122900012,144,240,-96
122900014,94,116,-22
122900015,502,525,-23
122900016,93,136,-43
122900017,198,423,-225
122900018,89,7,82
122900020,78,234,-156
122900021,40,206,-166
122900022,711,472,239
122900023,211,75,136
122900024,73,68,5
122900025,6,155,-149
122900026,14,128,-114
122900027,30,310,-280
122900028,93,91,2
122900029,2984,1757,1227
122900030,735,335,400
122900031,26,171,-145
122900032,60,237,-177
122900033,141,106,35
122900034,2350,3075,-725
122900035,7,8,-1
122900036,35,24,11
122900037,213,64,149
122900038,75,1738,-1663
122900039,78,312,-234
122900040,172,265,-93
122900041,246,171,75
122900042,94,162,-68
122900043,188,157,31
122900044,62,210,-148
122900045,53,90,-37
122900046,121,156,-35
122900047,65,169,-104
122900048,27,133,-106
122900049,924,87,837
122900051,38,94,-56
122900052,95,128,-33
122900053,16,28,-12
122900055,168,50,118
122900057,150,44,106
122900061,315,133,182
122900062,347,385,-38
122900063,123,104,19
122900064,556,244,312
122900065,388,155,233
122900066,416,254,162
122900067,478,288,190
122900069,218,827,-609
122900070,230,25,205
122900071,78,209,-131
122900073,17,98,-81
122900074,520,204,316
122900075,1,51,-50
122900076,1,96,-95
122900077,3,49,-46
122900078,90,27,63
122900080,20,37,-17
122900081,108,112,-4
122900082,653,111,542
122900083,78,89,-11
122900084,4,84,-80
122900086,11,58,-47
122900087,283,289,-6
122900088,33,169,-136
122900089,118,125,-7
122900090,6,183,-177
122900091,184,2,182
122900092,0,44,-44
122900093,0,58,-58
122900094,0,73,-73
122900095,81,12,69
122900096,262,66,196
122900097,28,26,2
122900098,38,74,-36
122900099,78,17,61
122900100,95,254,-159
122900101,223,135,88
122900102,28,18,10
122900103,117,7,110
122900104,189,0,189
122900105,8,2,6
122900106,5,22,-17
122900107,2,56,-54
122900108,4,66,-62
122900109,149,57,92
123000001,524,336,188
123000002,1588,2682,-1094
123000003,1876,2091,-215
123000004,1662,2880,-1218
123000005,1537,1635,-98
123000006,1403,1632,-229
123000007,3083,1954,1129
123000008,1481,1345,136
123000009,3350,1950,1400
123000010,2173,2154,19
123000011,1125,576,549
123000012,763,1675,-912
123000013,2107,591,1516
123000014,462,1409,-947
123000015,1366,633,733
123000016,613,1773,-1160
123000017,2402,1360,1042
123000018,40,64,-24
123000019,354,60,294
123000020,194,28,166
123000021,89,141,-52
123000022,137,1314,-1177
123000023,1374,1275,99
123000024,1269,528,741
123000025,255,88,167
123000026,23,56,-33
123000027,70,397,-327
123000028,1004,584,420
123000029,660,728,-68
123000030,178,122,56
123000031,194,104,90
123000032,352,68,284
123000033,207,63,144
123000034,843,520,323
123000035,237,261,-24
123000036,175,695,-520
123000037,151,107,44
123000038,46,185,-139
123000039,276,1125,-849
123000040,359,165,194
123000041,697,924,-227
123000042,468,470,-2
123000043,856,3034,-2178
123000044,2176,1500,676
123000045,1771,1337,434
123000046,350,1048,-698
123000047,581,332,249
123000048,24,635,-611
123000049,2083,5429,-3346
123000050,1389,1741,-352
123000051,102,233,-131
123000052,689,2096,-1407
123000053,1162,1755,-593
123000054,1062,1364,-302
123000055,1319,1844,-525
123000056,516,601,-85
123000057,3753,3720,33
123000058,475,729,-254
123000059,576,2789,-2213
123000060,612,402,210
123000061,1025,1244,-219
123000063,230,243,-13
123000064,611,211,400
123000065,1531,920,611
123000066,363,331,32
123000067,604,334,270
123000068,1398,1370,28
123000069,3167,1749,1418
123000070,66,112,-46
123000071,565,286,279
123000072,498,258,240
123000073,1088,562,526
123000074,856,816,40
123000075,641,1039,-398
123000076,525,316,209
123000077,1072,797,275
123000078,831,657,174
123000079,1224,1127,97
123000080,1620,982,638
123000081,145,295,-150
123000082,170,464,-294
123000083,807,410,397
123000084,474,335,139
123000085,304,51,253
123000086,531,92,439
123000087,405,292,113
123000088,1019,622,397
123000089,500,634,-134
123000090,887,432,455
123000091,1209,1134,75
123000092,1108,1066,42
123000094,381,192,189
123000095,373,460,-87
123000096,614,218,396
123000097,498,285,213
123000098,619,311,308
123000099,447,406,41
123000100,384,431,-47
123000101,351,437,-86
123000102,292,435,-143
123000104,269,380,-111
123000105,262,342,-80
123000106,285,352,-67
123000107,191,268,-77
123000108,1033,680,353
123000111,624,236,388
123000112,550,176,374
123000113,272,395,-123
123000114,248,389,-141
123000115,216,167,49
123000116,34,58,-24
123000117,513,435,78
123000118,164,228,-64
123000119,366,466,-100
123000120,461,528,-67
123000121,227,298,-71
123000122,173,169,4
123000123,386,396,-10
123000124,284,270,14
123000125,656,871,-215
123000126,953,2907,-1954
123000127,464,414,50
123000128,176,194,-18
123000129,475,136,339
123000130,536,68,468
123000131,856,642,214
123000132,183,346,-163
123000133,93,194,-101
123000134,133,97,36
123000135,1153,430,723
123000136,132,345,-213
123000137,57,127,-70
123000138,73,175,-102
123000139,344,72,272
123000140,44,313,-269
123000141,459,85,374
123000142,530,493,37
123000143,763,926,-163
123000144,8,18,-10
123000145,94,89,5
123000146,12,62,-50
123000147,41,48,-7
123000149,254,249,5
123000150,87,139,-52
123000151,157,363,-206
123000152,63,237,-174
123000153,102,467,-365
123000154,752,1227,-475
123000155,1084,766,318
123000156,16,66,-50
123000157,439,410,29
123000158,291,499,-208
123000159,1406,1225,181
123000160,790,562,228
123000161,858,498,360
123000162,814,1025,-211
123000163,456,98,358
123000164,747,170,577
123000165,195,513,-318
123000166,31,84,-53
123000167,117,142,-25
123000168,213,129,84
123000169,685,106,579
123000170,80,44,36
123000171,578,11,567
123000172,117,217,-100
123000173,284,191,93
123000174,606,246,360
123000175,280,542,-262
123000176,997,256,741
123000177,182,421,-239
123000178,499,115,384
123000179,22,142,-120
123000180,1127,233,894
123000181,111,389,-278
123000183,188,396,-208
123000186,82,304,-222
123000187,396,6,390
123000188,230,35,195
123000189,60,100,-40
123000190,0,90,-90
123000192,31,184,-153
123000193,136,447,-311
123000194,255,215,40
123000195,152,25,127
123000196,118,18,100
123000197,99,33,66
123000198,49,634,-585
123000199,28,460,-432
123000200,290,20,270
123000201,381,8,373
123000202,42,463,-421
123000203,507,30,477
123000204,76,502,-426
123000205,316,743,-427
123000206,1435,178,1257
123000207,84,443,-359
123000208,629,148,481
123000209,1756,429,1327
123000210,376,1044,-668
123000211,506,1357,-851
123000212,2483,441,2042
123000213,604,214,390
123000215,43,149,-106
123000216,109,470,-361
123000217,169,27,142
123000218,47,356,-309
123000219,337,48,289
123000220,308,61,247
123000222,229,102,127
123000223,272,105,167
123000224,208,153,55
123000225,169,55,114
123000226,52,119,-67
123000227,58,115,-57
123000228,200,45,155
123000229,634,738,-104
123000232,66,366,-300
123000233,504,95,409
123000234,93,337,-244
123000235,837,147,690
123000236,137,321,-184
123000237,272,58,214
123000238,50,207,-157
123000239,180,497,-317
123000240,33,356,-323
123000241,360,60,300
123000243,813,627,186
123000244,691,616,75
123000245,17,96,-79
123000249,155,309,-154
123000252,524,161,363
123000253,957,328,629
123000254,480,461,19
123000255,840,704,136
123000256,195,225,-30
123000257,670,504,166
123000258,820,616,204
123000259,264,198,66
123000260,358,180,178
123000261,398,149,249
123000262,101,99,2
123000263,434,59,375
123000264,119,69,50
123000265,31,55,-24
123000266,452,366,86
123000267,479,263,216
123000268,37,43,-6
123000269,43,55,-12
123000270,28,53,-25
123000271,48,37,11
123000272,480,238,242
123000273,152,464,-312
123000274,848,370,478
123000275,185,383,-198
123000278,1572,1849,-277
123000279,90,67,23
123000280,304,337,-33
123000281,175,76,99
123000282,98,158,-60
123000283,89,54,35
123000284,43,51,-8
123000286,192,444,-252
123000287,572,267,305
123000288,1002,706,296
123000289,300,746,-446
123000291,181,571,-390
123000294,180,198,-18
123000295,662,578,84
123000296,664,546,118
123000297,587,314,273
123000298,506,205,301
123000299,235,199,36
123000300,1818,1354,464
123000301,157,333,-176
123000302,53,71,-18
123000303,55,154,-99
123000305,594,668,-74
123000306,154,42,112
123000309,34,25,9
123000310,38,30,8
123000311,13,55,-42
123000312,514,557,-43
123000313,880,481,399
123000315,98,118,-20
123000316,152,301,-149
123000317,181,43,138
123000318,43,119,-76
123000329,4,12,-8
123000337,496,497,-1
123000338,184,141,43
123000339,231,84,147
123000340,265,325,-60
123000342,20,41,-21
123000343,29,3,26
123000344,868,220,648
123000345,780,396,384
123000346,589,195,394
123000352,621,541,80
123000353,37,61,-24
123000354,510,4,506
123000355,30,579,-549
123000356,251,16,235
123000357,4,48,-44
123000359,18,77,-59
123000360,141,71,70
123000361,98,165,-67
123000362,256,63,193
123000363,72,67,5
123000364,640,580,60
123000365,16,247,-231
123000366,576,1747,-1171
123000367,692,868,-176
123000370,22,95,-73
123000371,240,13,227
123000372,193,14,179
123000373,6,124,-118
123000374,17,80,-63
123000375,207,41,166
123000376,616,512,104
123000377,216,8,208
123000378,4,116,-112
123000379,7,99,-92
123000380,21,208,-187
123000381,56,99,-43
123000382,371,120,251
123000383,58,686,-628
123000384,343,82,261
123000385,65,294,-229
123000436,62,1695,-1633
123000507,285,166,119
123000508,338,881,-543
123000517,155,16,139
123000518,16,127,-111
123000519,134,18,116
123000520,25,124,-99
123000521,373,173,200
123000522,187,439,-252
123000541,2,2,0
123000542,0,9,-9
123000565,690,41,649
123000566,224,229,-5
123000567,56,109,-53
123000575,23,322,-299
123000576,540,24,516
123000577,104,434,-330
123000578,274,57,217
123000579,1197,4015,-2818
123000580,109,29,80
123000582,302,25,277
123000583,3,147,-144
123000584,126,192,-66
123000585,1,46,-45
123000586,52,0,52
123000596,75,63,12
123000597,32,131,-99
123000602,54,11,43
123000603,395,25,370
123000604,116,222,-106
123000605,508,50,458
123000606,0,306,-306
123000609,17,102,-85
123000610,91,83,8
123000613,2,31,-29
123000615,44,70,-26
123000616,176,40,136
123000617,81,123,-42
123000618,42,351,-309
123000619,430,23,407
123000620,77,763,-686
123000622,573,35,538
123000624,119,62,57
123000630,1679,308,1371
123000631,1667,1203,464
123000632,945,823,122
123000633,64,235,-171
123000634,45,93,-48
123000635,48,64,-16
123000636,42,218,-176
123000637,102,22,80
123000638,386,25,361
123000639,1676,3087,-1411
123000640,44,282,-238
123000648,768,226,542
123000649,142,335,-193
123000650,148,54,94
123000651,224,197,27
123000652,355,42,313
123000653,68,129,-61
123000654,111,284,-173
123000655,29,188,-159
123000656,382,28,354
123000657,6,52,-46
123000658,91,5,86
123900001,635,35,600
123900002,26,969,-943
123900003,136,174,-38
123900005,179,99,80
123900006,212,41,171
124000001,1312,104,1208
124000002,14,401,-387
124000003,702,114,588
124000004,43,214,-171
124000005,809,341,468
124000006,118,488,-370
124000007,266,104,162
124000008,7,283,-276
124000009,589,138,451
124000010,134,206,-72
124000011,745,164,581
124000012,165,207,-42
124000017,113,90,23
124000018,61,32,29
124000019,97,80,17
124000020,46,72,-26
124000021,75,67,8
124000022,49,89,-40
124000023,501,157,344
124000024,730,276,454
124000025,546,390,156
124000026,363,215,148
124000027,889,573,316
124000028,1133,404,729
124000031,1108,2497,-1389
124000032,1058,578,480
124000033,704,391,313
124000034,243,553,-310
124000035,285,150,135
124000036,91,288,-197
124000037,226,854,-628
124000038,28,55,-27
124000039,552,377,175
124000040,286,775,-489
124000041,266,85,181
124000042,86,324,-238
124000043,57,134,-77
124000044,82,86,-4
124000045,633,399,234
124000046,173,310,-137
124000047,1047,494,553
124000048,647,495,152
124000049,1275,356,919
124000050,673,767,-94
124000051,730,370,360
124000052,377,456,-79
124000053,367,1185,-818
124000054,593,236,357
124000055,947,2025,-1078
124000056,1031,764,267
124000057,826,355,471
124000058,293,679,-386
124000059,370,690,-320
124000060,565,400,165
124000061,913,4350,-3437
124000062,2682,1035,1647
124000063,795,945,-150
124000064,1158,681,477
124000065,90,389,-299
124000066,176,103,73
124000067,136,81,55
124000068,44,75,-31
124000069,465,110,355
124000070,182,257,-75
124000071,267,129,138
124000072,166,204,-38
124000073,643,118,525
124000074,210,351,-141
124000075,214,21,193
124000076,11,54,-43
124000077,886,475,411
124000078,1722,915,807
124000079,239,696,-457
124000080,410,124,286
124000081,107,232,-125
124000082,46,120,-74
124000083,57,40,17
124000084,52,474,-422
124000085,61,38,23
124000086,13,73,-60
124000087,77,54,23
124000088,58,242,-184
124000089,626,165,461
124000090,75,172,-97
124000091,432,99,333
124000092,106,352,-246
124000093,79,64,15
124000094,59,216,-157
124000095,106,67,39
124000096,77,90,-13
124000097,95,78,17
124000098,41,62,-21
124000099,198,76,122
124000100,38,84,-46
124000101,57,94,-37
124000102,62,30,32
124000103,104,75,29
124000104,103,31,72
124000105,88,59,29
124000106,103,33,70
124000107,15,151,-136
124000108,45,18,27
124000109,110,82,28
124000110,104,59,45
124000111,144,98,46
124000112,511,386,125
124000113,83,84,-1
124000114,280,213,67
124000115,227,383,-156
124000116,81,109,-28
124000117,26,70,-44
124000118,35,58,-23
124000119,494,263,231
124000120,291,269,22
124000121,1184,614,570
124000122,339,830,-491
124000123,633,297,336
124000124,265,549,-284
124000125,286,342,-56
124000126,219,327,-108
124000127,619,231,388
124000128,292,497,-205
124000129,1523,1148,375
124000130,542,339,203
124000131,694,434,260
124000132,560,500,60
124000133,676,486,190
124000134,527,353,174
124000135,1167,1099,68
124000136,431,572,-141
124000137,643,460,183
124000138,644,718,-74
124000139,382,48,334
124000140,36,289,-253
124000141,570,24,546
124000142,46,265,-219
124000143,97,4,93
124000144,7,83,-76
124000145,62,12,50
124000146,20,34,-14
124000148,13,65,-52
124000149,865,287,578
124000150,190,367,-177
124000151,709,233,476
124000152,403,708,-305
124000153,495,455,40
124000154,187,363,-176
124000155,939,709,230
124000156,795,577,218
124000169,118,239,-121
124000170,276,287,-11
124000171,194,162,32
124000172,228,302,-74
124000173,366,133,233
124000174,276,278,-2
124000175,4,44,-40
124000176,47,14,33
124000177,4,24,-20
124000178,18,40,-22
124000185,42,10,32
124000186,3,28,-25
124000187,3,30,-27
124000188,81,7,74
124000190,70,41,29
124000191,41,162,-121
124000192,726,256,470
124000193,139,538,-399
124000194,229,221,8
124000195,219,405,-186
124000196,595,432,163
124000197,25,21,4
124000198,38,32,6
124000201,252,341,-89
124000202,510,296,214
124000203,319,221,98
124000204,707,130,577
124000205,58,209,-151
124000206,641,160,481
124000207,0,30,-30
124000209,100,107,-7
124000210,392,104,288
124000211,570,3,567
124000212,0,193,-193
124000213,381,133,248
124000214,271,218,53
124000215,587,53,534
124000216,9,160,-151
124000329,96,660,-564
124000338,67,250,-183
124000339,864,54,810
124000341,1339,69,1270
124000344,38,5,33
124000357,1326,2598,-1272
124000358,1317,2126,-809
124000359,1061,461,600
124000360,760,309,451
124000361,1092,633,459
124000362,524,694,-170
124000363,208,191,17
124000364,427,482,-55
124000365,516,694,-178
124000366,1094,875,219
124000367,84,253,-169
124000368,314,322,-8
124000369,69,59,10
124000370,27,268,-241
124000402,14,16,-2
124000403,91,5,86
124000404,10,28,-18
124000405,621,504,117
124000406,437,477,-40
124000407,0,15,-15
124000411,3,108,-105
124000412,320,3,317
124000413,109,21,88
124000414,83,79,4
124000415,60,53,7
124000416,100,99,1
124000417,120,75,45
124000418,172,72,100
124000419,128,70,58
124000420,100,50,50
124000421,47,54,-7
124000422,20,6,14
124000423,82,6,76
124000424,3,49,-46
124000425,94,11,83
124000426,1,86,-85
124000427,134,9,125
124000428,4,42,-38
124000429,54,64,-10
124000430,477,251,226
124000431,246,223,23
124000432,204,403,-199
124000439,48,0,48
124000443,2,27,-25
124000445,314,1104,-790
124000446,564,154,410
124000447,13,100,-87
124000448,90,11,79
124000449,129,8,121
124000450,33,63,-30
124000451,2,24,-22
124000452,291,81,210
124000453,1805,2771,-966
124000454,1285,2842,-1557
124000455,2,574,-572
124000456,621,2,619
124000457,8,200,-192
124000458,17,156,-139
124000459,192,6,186
124000460,4,93,-89
124900001,578,350,228
124900002,102,136,-34
124900003,869,440,429
124900004,617,213,404
124900005,113,74,39
124900006,651,206,445
124900008,635,325,310
124900009,114,238,-124
124900010,149,193,-44
124900011,401,173,228
124900012,339,112,227
124900013,355,124,231
124900014,192,29,163
124900015,62,217,-155
124900016,62,69,-7
124900017,328,1573,-1245
124900018,51,33,18
124900020,61,18,43
124900021,210,16,194
124900022,57,13,44
124900024,229,2,227
124900026,66,9,57
124900027,119,263,-144
124900028,158,50,108
124900029,18,343,-325
124900030,7,41,-34
124900031,22,117,-95
124900032,83,134,-51
124900033,46,122,-76
124900034,5,40,-35
124900035,84,183,-99
124900036,2,36,-34
124900037,89,117,-28
124900038,137,171,-34
124900039,3,55,-52
124900040,82,48,34
124900041,201,478,-277
124900042,64,2,62
124900043,358,488,-130
124900044,86,3,83
124900045,280,648,-368
124900047,73,97,-24
124900048,127,46,81
124900050,91,77,14
124900052,125,256,-131
124900053,71,191,-120
124900054,1009,292,717
124900055,0,75,-75
124900057,12,257,-245
124900060,26,105,-79
124900061,74,11,63
124900062,112,27,85
124900066,0,6,-6
124900067,6,72,-66
124900068,124,356,-232
124900070,36,11,25
124900072,79,41,38
124900075,151,142,9
124900076,26,855,-829
124900077,20,58,-38
124900078,41,12,29
124900079,212,127,85
124900080,225,254,-29
124900081,877,210,667
124900082,273,407,-134
124900083,217,240,-23
124900085,557,310,247
124900086,39,729,-690
124900087,280,49,231
124900088,244,48,196
124900089,564,35,529
124900090,285,162,123
124900091,252,109,143
124900092,169,104,65
124900093,288,122,166
124900094,326,124,202
124900095,61,324,-263
124900096,294,158,136
124900097,262,41,221
124900098,65,163,-98
124900099,222,312,-90
124900100,181,24,157
124900101,75,179,-104
124900102,168,3,165
124900103,86,78,8
124900104,19,72,-53
124900105,66,64,2
124900106,235,25,210
124900107,62,16,46
124900108,92,62,30
124900111,0,82,-82
124900112,75,148,-73
124900113,27,145,-118
124900114,79,82,-3
124900115,31,19,12
124900116,149,96,53
124900117,156,113,43
124900118,103,293,-190
124900119,259,141,118
124900120,80,150,-70
124900121,62,284,-222
124900122,171,143,28
124900123,209,76,133
124900124,99,178,-79
124900125,696,0,696
124900126,4,266,-262
204000001,141,5,136
204000002,15,3,12
204000003,9,1,8
204000004,0,0,0
204000005,645,480,165
204000006,947,1007,-60
204000011,16,27,-11
204000012,37,72,-35
204000019,541,302,239
204000020,474,346,128
204000021,790,507,283
204000022,503,297,206
204000023,481,363,118
204000031,48,8,40
204000032,320,20,300
204000034,30,39,-9
204000035,1,5,-4
204000036,6,14,-8
204000037,2,25,-23
204000038,2,11,-9
204000039,13,11,2
204000040,10,8,2
204000041,11,12,-1
204000042,15,2,13
204000043,38,5,33
204000044,18,1,17
204000045,34,0,34
204000046,9,2,7
204000057,5,5,0
204000062,37,27,10
204000068,16,181,-165
204000069,57,258,-201
204000070,57,65,-8
204000080,27,51,-24
204000085,1590,925,665
204000086,1766,1058,708
204000087,19,7,12
204000088,6,52,-46
204000090,38,68,-30
204000093,28,36,-8
204000096,859,828,31
204000097,300,7,293
204000099,738,1345,-607
204000100,1233,1740,-507
204000105,1583,772,811
204000110,272,608,-336
204000111,366,256,110
204000112,453,282,171
204000113,261,333,-72
204000114,424,423,1
204000115,544,236,308
204000116,415,349,66
204000119,1536,2033,-497
204000132,678,242,436
204000133,816,169,647
204000134,151,45,106
204000135,437,33,404
204000136,465,128,337
204000138,353,366,-13
204000140,182,111,71
204000141,123,78,45
204000144,4,18,-14
204000145,339,18,321
204000146,26,482,-456
204000147,119,101,18
204000148,264,19,245
204000154,2,0,2
204000155,3,0,3
204000177,47,24,23
204000179,16,4,12
204000180,0,40,-40
204000222,1,1,0
204000236,31,248,-217
204000238,20,8,12
204000240,499,91,408
204000263,588,627,-39
204000268,753,480,273
204000308,47,7,40
204000317,20,57,-37
204000322,42,24,18
204000323,85,22,63
204000328,211,126,85
204000329,110,269,-159
204000330,170,53,117
204000331,197,265,-68
205000001,759,1120,-361
205000013,5,48,-43
205000014,8,52,-44
205000015,27,105,-78
205000016,12,99,-87
205000017,28,52,-24
205000022,263,629,-366
205000025,1212,709,503
205000029,143,7,136
205000045,90,563,-473
205000046,133,472,-339
205000047,45,300,-255
205000048,264,620,-356
205000049,121,558,-437
205000050,473,238,235
205000059,1,150,-149
205000060,0,71,-71
205000061,4,175,-171
205000062,5,231,-226
205000063,32,135,-103
205000064,25,67,-42
205000065,67,446,-379
205000066,96,473,-377
205000067,32,601,-569
205000069,186,13,173
205000082,102,136,-34
205000110,57,149,-92
205000111,164,137,27
205000112,119,155,-36
205000113,149,271,-122
205000121,166,33,133
205000123,39,150,-111
205000126,401,91,310
205000127,815,129,686
205000128,404,74,330
205000129,652,59,593
205000130,127,23,104
205000131,64,4,60
205000132,115,2,113
205000133,44,1,43
205000134,247,0,247
205000137,56,132,-76
205000138,91,179,-88
205000139,24,86,-62
205000144,60,65,-5
205000145,201,150,51
205000151,157,25,132
205000152,177,23,154
205000153,205,26,179
205000154,73,29,44
205000155,134,6,128
205000207,6,113,-107
205000233,29,0,29
205000234,0,1,-1
205000243,0,0,0
205000244,0,1,-1
205000245,6,69,-63
205000249,0,6,-6
205000250,3,0,3
205000264,5,59,-54
206000027,3,1,2
206000028,2,2,0
206000043,4,23,-19
206000053,4,1,3
206000054,1,10,-9
206000055,6,12,-6
206000075,12,9,3
206000076,10,9,1
206000077,23,11,12
206000078,15,8,7
206000079,19,4,15
206000082,206,31,175
206000100,11,175,-164
206000103,4,12,-8
206000104,10,9,1
206000105,3,3,0
206000106,5,6,-1
206000125,70,0,70
206000157,38,261,-223
206000170,1,63,-62
206000171,2,98,-96
206000172,5,112,-107
206000173,1,77,-76
206000174,16,29,-13
206000175,2,50,-48
206000176,14,68,-54
206000177,0,68,-68
206000178,2,92,-90
206000179,1,51,-50
206000180,8,44,-36
206000181,5,34,-29
206000182,7,32,-25
206000183,12,132,-120
206000184,8,113,-105
206000185,9,33,-24
206000186,73,289,-216
206000223,4,88,-84
206000226,5,0,5
206000227,4,2,2
206000237,31,105,-74
206000238,20,215,-195
206000239,135,764,-629
206000240,1,47,-46
206000241,0,32,-32
206000242,6,62,-56
206000243,2,63,-61
206000244,44,156,-112
206000245,669,52,617
206000246,240,4,236
206000247,212,6,206
206000248,311,26,285
206000252,43,34,9
206000258,21,27,-6
206000315,26,6,20
206000317,369,86,283
206000318,493,41,452
206000319,1285,85,1200
206000320,235,25,210
206000321,220,11,209
206000322,342,17,325
206000323,144,10,134
206000324,146,2,144
206000325,150,12,138
206000326,129,8,121
206000327,98,8,90
206000328,161,10,151
206000329,239,5,234
206000330,46,2,44
206000331,171,1,170
206000332,45,5,40
206000333,631,1,630
206000334,257,2,255
206000335,0,23,-23
206000361,2,94,-92
206000392,2,9,-7
206000405,85,0,85
206000441,24,18,6
206000498,35,14,21
206000515,65,26,39
206000530,314,46,268
206000531,152,182,-30
206000532,1000,271,729
206000535,92,963,-871
206000536,7,68,-61
206000537,27,102,-75
206000613,981,216,765
206000784,326,39,287
207000001,97,458,-361
207000002,56,243,-187
207000003,104,99,5
207000007,1012,192,820
207000008,104,5,99
207000009,39,44,-5
207000010,323,204,119
207000012,334,129,205
207000015,158,552,-394
207000019,186,71,115
207000021,327,119,208
207000022,149,110,39
207000023,160,50,110
207000024,0,10,-10
207000025,20,45,-25
207000026,120,24,96
207000027,12,39,-27
207000028,56,105,-49
207000029,170,258,-88
207000033,174,321,-147
207000034,198,109,89
207000039,467,75,392
207000040,386,41,345
207000041,28,9,19
207000042,123,31,92
207000043,134,83,51
207000051,107,120,-13
207000052,13,84,-71
207000053,288,293,-5
207000054,49,43,6
207000055,171,58,113
207000056,168,148,20
207000057,108,126,-18
207000058,168,177,-9
207000059,107,276,-169
207000060,70,105,-35
207000061,143,571,-428
207000062,424,26,398
207000063,348,68,280
207000064,291,81,210
207000065,283,147,136
207000066,262,120,142
207000067,35,73,-38
207000068,120,42,78
207000069,658,200,458
207000082,12,106,-94
207000083,47,139,-92
207000084,269,187,82
207000085,198,12,186
207000086,240,7,233
207000106,38,23,15
207000107,57,12,45
207000108,44,6,38
207000109,43,9,34
207000110,61,53,8
207000111,63,56,7
207000112,72,457,-385
207000114,24,20,4
207000115,30,31,-1
207000116,26,252,-226
207000117,9,63,-54
207000118,7,39,-32
207000119,13,47,-34
207000123,107,13,94
207000124,56,21,35
207000125,54,40,14
207000126,49,51,-2
207000134,101,80,21
207000135,20,109,-89
207000148,65,203,-138
207000149,73,26,47
207000152,70,261,-191
207000153,445,818,-373
207000154,355,106,249
207000159,70,66,4
207000160,111,153,-42
207000238,0,173,-173
207000242,0,89,-89
207000248,36,19,17
207000249,74,25,49
207000250,335,56,279
207000251,44,55,-11
207000252,48,33,15
207000278,108,53,55
207000279,10,72,-62
207000280,698,45,653
207000281,94,373,-279
207000282,55,128,-73
207000283,33,112,-79
207000284,23,259,-236
207000285,46,56,-10
207000291,20,61,-41
207000304,67,29,38
207000306,73,228,-155
207000310,95,43,52
207000353,211,5,206
207000356,8,17,-9
207000357,4,6,-2
207000358,0,14,-14
207000415,2,84,-82
207000417,48,2,46
207000418,89,81,8
207000438,0,1,-1
207000439,465,551,-86
207000446,111,2,109
207000460,48,7,41
207000466,97,81,16
207000467,293,38,255
207000468,44,132,-88
207000476,9,39,-30
207000477,539,51,488
207000478,0,19,-19
207000523,0,9,-9
207000524,68,1,67
207000527,124,112,12
207000530,404,11,393
207000531,252,13,239
207000532,40,22,18
207000534,165,28,137
207000535,36,240,-204
207000537,26,54,-28
207000540,4,87,-83
207000541,2,155,-153
207000548,11,131,-120
207000549,197,11,186
207000561,113,125,-12
207000562,21,64,-43
207000567,92,136,-44
207000568,200,18,182
207000569,423,226,197
207000584,179,110,69
207000585,17,209,-192
207000587,163,19,144
207000616,0,72,-72
207000617,84,0,84
207000624,39,24,15
207000631,5,51,-46
207900008,259,60,199
208000001,516,928,-412
208000002,718,455,263
208000003,994,304,690
208000004,791,541,250
208000005,8,8,0
208000019,499,620,-121
208000020,118,369,-251
208000021,210,197,13
208000022,849,250,599
208000028,474,815,-341
208000033,475,297,178
208000034,644,777,-133
208000037,230,15,215
208000040,103,89,14
208000041,501,361,140
208000042,605,432,173
208000047,142,178,-36
208000064,1499,1183,316
208000066,1152,1884,-732
208000070,327,234,93
208000071,459,521,-62
208000072,333,786,-453
208000080,228,278,-50
208000081,284,96,188
208000082,257,152,105
208000083,136,233,-97
208000084,4,8,-4
208000085,516,345,171
208000086,395,724,-329
208000087,375,484,-109
208000089,1017,216,801
208000090,911,361,550
208000093,185,144,41
208000094,431,263,168
208000095,545,326,219
208000104,790,577,213
208000105,532,660,-128
208000114,140,221,-81
208000115,386,202,184
208000116,490,713,-223
208000117,156,175,-19
208000118,97,110,-13
208000155,543,722,-179
208000158,1092,2841,-1749
208000186,2014,3030,-1016
208000204,512,700,-188
208000205,1047,670,377
208000282,2977,2101,876
209000004,352,140,212
209000005,37,34,3
209000006,298,187,111
209000007,163,233,-70
209000010,209,79,130
209000011,88,218,-130
209000012,72,60,12
209000013,148,111,37
209000014,286,397,-111
209000025,312,61,251
209000026,615,88,527
209000027,284,453,-169
209000028,276,285,-9
209000029,246,302,-56
209000030,255,558,-303
209000031,1377,830,547
209000034,161,184,-23
209000035,85,158,-73
209000036,192,104,88
209000037,204,128,76
209000038,156,95,61
209000039,52,102,-50
209000040,210,340,-130
209000041,134,247,-113
209000042,197,259,-62
209000043,421,632,-211
209000044,183,701,-518
209000045,808,302,506
209000046,431,296,135
209000047,250,120,130
209000048,510,190,320
209000049,76,51,25
209000050,192,86,106
209000051,223,159,64
209000052,118,104,14
209000062,50,50,0
209000063,54,22,32
209000064,23,37,-14
209000065,78,23,55
209000066,61,6,55
209000067,61,30,31
209000080,23,177,-154
209000082,56,42,14
209000091,18,63,-45
209000093,27,9,18
209000094,77,102,-25
209000110,27,97,-70
209000111,369,1129,-760
209000112,784,410,374
209000113,1214,413,801
209000114,562,408,154
209000115,50,59,-9
209000116,322,160,162
209000118,13,21,-8
209000119,10,6,4
209000121,77,176,-99
209000135,33,125,-92
209000142,513,1149,-636
209000143,28,37,-9
209000144,24,82,-58
209000229,216,85,131
209000240,37,157,-120
209000259,45,46,-1
209000260,29,500,-471
209000261,1,215,-214
209000262,1,214,-213
209000263,0,189,-189
209000264,0,132,-132
209000265,252,0,252
209000266,86,0,86
209000267,710,6,704
209000268,397,31,366
210000037,40,15,25
210000047,67,11,56
210000048,76,10,66
210000049,53,6,47
210000052,60,29,31
210000053,24,30,-6
210000054,38,43,-5
210000070,117,3,114
210000071,85,0,85
210000072,19,0,19
210000073,0,12,-12
210000074,0,65,-65
210000075,2,66,-64
210000076,3,156,-153
210000077,6,45,-39
210000078,15,38,-23
210000079,15,5,10
210000080,39,63,-24
210000081,130,15,115
210000082,76,2,74
210000083,59,0,59
210000084,45,0,45
210000085,0,32,-32
210000086,1,45,-44
210000099,21,151,-130
210000100,26,112,-86
210000101,41,113,-72
210000105,25,126,-101
210000159,0,150,-150
210000163,70,145,-75
210000164,160,132,28
210000168,114,42,72
210000187,0,13,-13
210000188,0,11,-11
210000214,19,0,19
210000219,39,27,12
210000220,106,30,76
210000232,1,18,-17
210000233,22,32,-10
210000234,16,66,-50
210000235,30,38,-8
210000245,0,29,-29
210000246,29,15,14
210000258,10,64,-54
210000259,216,42,174
210000282,60,164,-104
210000285,2,83,-81
210000286,17,76,-59
210000290,13,11,2
210000295,39,91,-52
210000296,35,15,20
210000320,155,24,131
210000321,77,31,46
210000338,38,37,1
210000339,194,743,-549
210000340,90,260,-170
210000341,183,203,-20
210000342,142,126,16
210000343,124,124,0
210000344,103,92,11
210000345,125,154,-29
210000346,48,92,-44
210000347,28,27,1
210000348,85,30,55
210000349,36,17,19
210000350,116,41,75
210000351,151,47,104
210000352,60,41,19
210000353,26,33,-7
210000354,44,35,9
210000355,33,43,-10
210000356,12,32,-20
210000357,32,27,5
210000358,144,76,68
210000359,37,73,-36
210000360,107,101,6
210000361,136,121,15
210000362,173,155,18
210000363,392,173,219
210000364,63,77,-14
210000365,86,41,45
210000366,82,28,54
210000367,55,23,32
210000368,72,23,49
210000369,25,14,11
210000370,40,25,15
210000372,4,24,-20
210000373,22,40,-18
210000374,44,28,16
210000375,26,25,1
210000376,36,59,-23
210000404,30,71,-41
210000439,23,18,5
210000472,63,0,63
210000482,47,77,-30
210000564,123,148,-25
210000567,0,32,-32
210000568,174,2,172
211000092,36,21,15
211000094,9,4,5
211000169,121,7,114
211000172,10,165,-155
211000209,0,8,-8
211000226,11,16,-5
211000270,34,5,29
211000275,40,10,30
211000276,46,13,33
211000279,10,15,-5
211000281,73,22,51
211000302,21,34,-13
211507980,0,44,-44
211977296,24,3,21
212000003,73,24,49
212000004,14,26,-12
212000005,5,34,-29
212000006,33,53,-20
212000008,120,62,58
212000009,25,55,-30
212000012,51,51,0
212000013,25,26,-1
212000014,168,83,85
212000015,250,128,122
212000016,347,332,15
212000027,391,220,171
212000028,277,234,43
212000029,137,110,27
212000030,29,16,13
212000031,66,20,46
212000048,32,121,-89
212000049,16,104,-88
212000050,16,3,13
212000051,159,74,85
212000052,163,105,58
212000053,253,215,38
212000054,258,57,201
212000055,259,95,164
212000056,15,17,-2
212000057,10,15,-5
212000058,100,16,84
212000070,94,103,-9
212000077,98,264,-166
212000099,192,157,35
212000108,173,127,46
212000111,147,71,76
212000120,95,41,54
212000138,129,28,101
212000156,1,62,-61
212000158,6,11,-5
212000159,325,30,295
212000160,571,149,422
212000161,60,5,55
212000310,28,8,20
212000311,11,20,-9
212000374,20,7,13
213000001,29,199,-170
213000005,281,79,202
213000006,544,211,333
213000007,57,15,42
213000009,380,355,25
213000010,175,192,-17
213000011,173,72,101
213000012,94,157,-63
213000014,59,3,56
213000015,196,2,194
213000016,330,2,328
213000017,70,0,70
213000018,0,63,-63
213000019,1,93,-92
213000020,81,207,-126
213000021,5,75,-70
213000023,248,165,83
213000033,266,1263,-997
213000034,404,152,252
213000035,96,126,-30
213000045,98,186,-88
213000046,112,118,-6
213000047,411,983,-572
213000056,93,6,87
213000069,102,1,101
213000073,0,25,-25
213000074,49,247,-198
213000075,348,8,340
213000076,26,1,25
213000085,2,39,-37
213000086,15,94,-79
213000091,157,4,153
213000092,69,5,64
213000099,149,918,-769
213000100,878,240,638
213000101,382,59,323
213000102,397,140,257
213000103,577,568,9
213000104,65,234,-169
213000105,3,153,-150
213000106,39,45,-6
213000107,119,256,-137
213000108,33,255,-222
213000109,7,146,-139
213000110,11,35,-24
213000111,1,31,-30
213000112,105,65,40
213000115,47,6,41
213000116,33,232,-199
213000117,6,437,-431
213000118,327,179,148
213000119,36,379,-343
213000120,88,238,-150
213000122,115,253,-138
213000123,232,562,-330
213000124,115,576,-461
213000125,106,19,87
213000126,32,50,-18
213000127,72,132,-60
213000128,195,609,-414
213000129,200,576,-376
213000130,563,300,263
213000132,316,111,205
213000133,513,69,444
213000134,740,9,731
213000136,411,11,400
213000137,427,44,383
213000139,241,11,230
213000147,32,9,23
213000148,12,15,-3
213000149,20,10,10
213000150,0,134,-134
213000151,0,88,-88
213000152,0,75,-75
213000153,2,80,-78
213000154,48,127,-79
213000155,23,98,-75
213000156,90,279,-189
213000157,335,246,89
213000158,218,521,-303
213000159,281,340,-59
213000163,726,120,606
213000165,491,202,289
213000171,37,42,-5
213000172,52,113,-61
213000173,6,65,-59
213000174,1,18,-17
213000175,38,19,19
213000176,15,90,-75
213000177,5,12,-7
213000178,37,1,36
213000179,135,29,106
213000180,175,40,135
213000184,55,231,-176
213000188,269,74,195
213000189,304,35,269
213000190,578,467,111
213000191,341,220,121
213000192,188,183,5
213000193,461,136,325
213000194,2,58,-56
213000195,24,269,-245
213000196,200,939,-739
213000197,340,385,-45
213000198,18,1,17
213000200,100,446,-346
213000201,42,34,8
213000202,9,365,-356
213000203,1883,446,1437
213000204,653,50,603
213000205,235,53,182
213000206,350,17,333
213000207,47,10,37
213000208,31,1,30
213000209,60,2,58
213000210,207,2,205
213000211,8,22,-14
213000212,24,23,1
213000213,12,42,-30
213000218,193,233,-40
213000219,366,18,348
213000220,271,6,265
213000223,144,187,-43
213000224,32,58,-26
213000225,39,8,31
213000226,37,7,30
213000227,709,173,536
213000228,388,78,310
213000229,85,31,54
213000230,373,14,359
213000232,61,646,-585
213000233,6,38,-32
213000234,4,38,-34
213000293,17,50,-33
213000294,56,31,25
213000295,13,76,-63
213000296,42,8,34
213000297,7,55,-48
213000298,10,50,-40
213000299,45,22,23
213000300,4,4,0
213000303,10,33,-23
213000304,1,5,-4
213000305,0,12,-12
213000306,30,27,3
213000307,67,42,25
213000308,52,72,-20
213000309,84,36,48
213000310,317,130,187
213000311,179,466,-287
213000315,61,63,-2
213000316,105,32,73
213000322,18,30,-12
213000323,9,31,-22
213000340,138,250,-112
213000341,448,84,364
213000346,153,156,-3
213000347,386,302,84
213000348,3,133,-130
213000349,7,12,-5
213000350,183,453,-270
213000366,65,139,-74
213000367,241,15,226
213000379,34,36,-2
213000386,12,194,-182
213000406,78,196,-118
213000417,956,322,634
213000425,96,26,70
213000426,102,26,76
213000427,33,82,-49
213000428,30,81,-51
213000429,11,5,6
213000430,45,203,-158
213000431,13,0,13
213000432,1,17,-16
213000433,8,86,-78
213000434,71,38,33
213000435,101,60,41
213000439,30,5,25
213000441,0,0,0
213000443,257,213,44
213000445,0,47,-47
213000446,0,30,-30
213000447,5,32,-27
213000448,13,116,-103
213000449,341,2,339
213000450,11,23,-12
213000451,173,37,136
213000452,17,13,4
213000453,23,136,-113
213000455,100,1,99
213000456,0,129,-129
213000481,12,7,5
213000482,38,1,37
213000489,168,39,129
213000491,3,153,-150
213000492,83,4,79
213000493,1,75,-74
213000494,129,59,70
213000495,0,7,-7
213000496,213,87,126
213000497,20,162,-142
213000498,55,63,-8
213000499,139,164,-25
213000500,244,48,196
213000501,117,17,100
213000502,133,72,61
213000503,0,29,-29
213000504,4,26,-22
213000505,7,37,-30
213000506,0,3,-3
213000507,3,46,-43
213900244,19,0,19
213900245,0,8,-8
218000003,11,15,-4
218000004,12,14,-2
218000005,17,28,-11
218000006,40,20,20
218000007,9,15,-6
218000012,77,76,1
218000013,121,100,21
218000014,278,289,-11
218000019,442,475,-33
218000020,165,310,-145
218000040,4,1,3
218000046,39,42,-3
218000047,2,76,-74
218000048,23,51,-28
218000049,51,66,-15
218000050,165,141,24
218000051,56,131,-75
218000052,3,55,-52
218000053,2,7,-5
218000054,1,30,-29
218000055,1,4,-3
218000056,15,18,-3
218000057,2,20,-18
218000064,1,6,-5
218000065,60,7,53
218000066,9,27,-18
218000067,59,38,21
218000068,67,42,25
218000069,243,59,184
218000070,178,90,88
218000071,168,110,58
218000072,135,164,-29
218000078,737,376,361
218000079,73,45,28
218000080,90,52,38
218000081,360,127,233
218000082,34,50,-16
218000083,56,30,26
218000084,95,63,32
218000085,93,145,-52
218000086,54,61,-7
218000087,133,85,48
218000090,14,93,-79
218000091,802,381,421
218000092,79,132,-53
218000093,50,31,19
218000094,318,335,-17
218000099,190,487,-297
218000100,218,162,56
218000101,219,79,140
218000102,364,84,280
218000103,96,42,54
218000104,74,19,55
218000105,8,17,-9
218000106,3,8,-5
218000107,38,29,9
218000108,0,15,-15
218000112,25,28,-3
218000117,45,49,-4
218000134,470,283,187
218000135,23,52,-29
218000136,119,63,56
218000137,129,88,41
218000138,18,65,-47
218000139,166,197,-31
218000140,440,231,209
218000141,49,63,-14
218000142,158,130,28
218000143,43,163,-120
218000144,19,60,-41
218000145,330,163,167
218000146,94,131,-37
218000151,2,7,-5
218000152,102,24,78
218000170,7,19,-12
218000171,33,1,32
218000172,8,6,2
218000173,11,4,7
218000174,14,7,7
218000176,241,42,199
218000177,325,99,226
218000178,94,127,-33
218000179,150,27,123
218000180,63,4,59
218000181,171,21,150
218000187,9,43,-34
218000188,23,46,-23
218000189,17,22,-5
218000190,1,6,-5
218000191,133,50,83
218000192,150,87,63
218000193,250,187,63
218000194,83,133,-50
218000195,97,34,63
218000196,271,156,115
218000197,302,161,141
218000198,28,68,-40
218000199,33,19,14
218000200,47,21,26
218000201,9,14,-5
218000202,50,244,-194
218000207,4,8,-4
218000208,27,27,0
218000211,25,10,15
218000213,32,71,-39
218000214,2,9,-7
218000215,25,33,-8
218000217,0,73,-73
218000218,108,44,64
218000219,11,19,-8
218000220,48,280,-232
218000221,346,120,226
218000222,3,35,-32
218000223,14,198,-184
218000224,6,59,-53
218000225,150,13,137
218000226,122,22,100
218000232,22,28,-6
218000239,97,6,91
218000240,5,2,3
218000241,9,0,9
218000242,10,0,10
218000243,12,1,11
218000244,16,5,11
218000245,15,2,13
218000246,4,7,-3
218000247,1,0,1
218000248,0,23,-23
218000249,0,7,-7
218000250,0,19,-19
218000251,5,30,-25
218000252,1,137,-136
218000253,0,122,-122
218000254,0,74,-74
218000255,5,38,-33
218000256,4,90,-86
218000267,275,614,-339
218000268,10,26,-16
218000269,12,8,4
218000270,91,20,71
218000271,7,14,-7
218000273,11,2,9
218000274,14,4,10
218000275,24,36,-12
218000276,4,24,-20
218000278,14,46,-32
218000279,81,23,58
218000280,4,16,-12
218000281,6,12,-6
218000282,377,485,-108
218000284,50,4,46
218000301,57,79,-22
218000302,53,24,29
218000303,23,54,-31
218000316,613,507,106
218000317,1118,529,589
218000318,696,383,313
218000319,848,475,373
218000320,711,362,349
218000338,26,28,-2
218000345,48,40,8
218000346,25,132,-107
218000459,26,128,-102
218000490,20,42,-22
218000501,74,23,51
218000502,48,32,16
218000503,64,16,48
218000504,118,21,97
218000505,24,74,-50
218000506,23,184,-161
218000508,1,7,-6
218000510,136,8,128
218000520,62,68,-6
218000521,16,22,-6
218000522,1,90,-89
218000523,118,1,117
218000524,5,178,-173
218000525,61,21,40
218000526,15,142,-127
218000529,38,74,-36
218000531,10,10,0
218000532,14,17,-3
218000534,181,10,171
218000537,15,45,-30
218000538,78,127,-49
218000540,91,49,42
218000543,143,40,103
218000544,16,49,-33
218000545,64,36,28
218000546,28,32,-4
218000547,65,108,-43
218000548,60,57,3
218000549,356,336,20
218000550,133,132,1
218000551,69,665,-596
218000552,193,59,134
218000553,15,88,-73
218000554,15,27,-12
218000555,34,36,-2
218000556,165,112,53
218000557,251,127,124
218000558,28,1,27
218000559,0,23,-23
218000560,0,32,-32
218000561,22,0,22
218000562,10,114,-104
218000563,135,20,115
218000564,4,69,-65
218000565,67,41,26
218000566,79,15,64
218000567,3,52,-49
218000568,8,3,5
218000569,3,137,-134
218000570,51,8,43
218000571,1,83,-82
218000572,98,4,94
218000573,3,151,-148
218000574,43,23,20
218000575,92,0,92
218000576,3,47,-44
218000577,67,0,67
218000578,0,47,-47
218000585,32,1,31
218000586,4,25,-21
218000587,31,5,26
218000589,1,9,-8
218000590,20,5,15
218000591,16,8,8
218000592,4,1,3
218000593,8,7,1
218000594,23,2,21
218000597,1,0,1
218000598,0,0,0
218000599,5,18,-13
218000600,0,1,-1
218000601,3,2,1
218000602,6,11,-5
218000603,0,4,-4
218000604,5,0,5
218000605,0,53,-53
218000606,87,0,87
218000607,15,20,-5
218000608,26,57,-31
218000609,5,18,-13
218000610,19,39,-20
218000611,46,16,30
218000612,15,51,-36
218000613,84,67,17
218000614,9,20,-11
218000615,158,16,142
218000616,6,57,-51
218000617,54,13,41
218000618,8,39,-31
218000619,8,8,0
218000620,1,24,-23
218000621,0,1,-1
218000622,0,20,-20
218000623,26,0,26
218000624,1,16,-15
218000625,5,1,4
218000626,1,16,-15
218000628,134,22,112
218000631,41,9,32
218000632,4,74,-70
218000633,74,0,74
218000634,4,14,-10
218000635,7,9,-2
218000636,604,495,109
218000637,806,270,536
218000638,178,16,162
218000639,12,69,-57
218000640,182,14,168
218000641,65,86,-21
218000652,24,24,0
218000653,138,35,103
218000663,8,152,-144
218000675,40,48,-8
218000680,145,203,-58
218000681,325,126,199
218000691,209,102,107
218000693,290,92,198
218000718,98,590,-492
218000719,196,391,-195
218000720,12,174,-162
218000721,74,22,52
218001147,2,117,-115
218001214,5,42,-37
218001258,226,14,212
218001329,137,71,66
218001330,97,68,29
218001351,21,9,12
218001352,9,14,-5
218001353,12,9,3
218001354,7,9,-2
218001355,25,84,-59
218001356,297,32,265
218001357,22,69,-47
218001358,268,23,245
218001361,460,3,457
218001362,1,74,-73
219000001,23,30,-7
219000002,33,27,6
219000003,54,23,31
219000004,64,38,26
219000017,59,23,36
219000020,156,35,121
219000022,121,6,115
219000023,71,1,70
219000029,0,45,-45
219000034,33,11,22
219000039,80,61,19
219000040,38,34,4
219000041,125,17,108
219000051,0,22,-22
219000052,0,19,-19
219000053,1,54,-53
219000055,212,0,212
219000056,8,0,8
219000057,62,0,62
219000062,37,51,-14
219000063,74,10,64
219000064,0,51,-51
219000110,346,76,270
219000111,68,39,29
219000112,129,56,73
219000113,101,38,63
219000114,148,38,110
219000116,78,38,40
219000117,129,55,74
219000118,86,48,38
219000123,162,50,112
219000124,82,39,43
219000125,20,14,6
219000126,63,137,-74
219000127,1,0,1
219000128,10,95,-85
219000129,18,112,-94
219000130,257,315,-58
219000131,463,637,-174
219000133,52,92,-40
219000134,9,41,-32
219000135,24,50,-26
219000136,94,155,-61
219000138,47,15,32
219000139,51,21,30
219000140,48,0,48
219000141,34,44,-10
219000142,5,44,-39
219000143,3,43,-40
219000145,17,26,-9
219000146,2,14,-12
219000147,3,12,-9
219000148,2,12,-10
219000149,7,15,-8
219000150,1,34,-33
219000151,4,20,-16
219000157,138,61,77
219000158,136,133,3
219000161,96,8,88
219000163,790,390,400
219000166,97,143,-46
219000167,112,102,10
219000168,208,100,108
219000174,339,89,250
219000175,71,3,68
219000176,159,5,154
219000177,45,1,44
219000178,54,1,53
219000179,14,3,11
219000180,42,35,7
219000182,141,13,128
219000183,57,11,46
219000184,85,4,81
219000185,1,22,-21
219000186,53,15,38
219000187,17,30,-13
219000189,50,145,-95
219000190,63,167,-104
219000191,411,820,-409
219000192,140,142,-2
219000193,133,125,8
219000195,1,47,-46
219000196,4,66,-62
219000198,33,54,-21
219000199,43,116,-73
219000200,34,101,-67
219000201,61,88,-27
219000203,16,75,-59
219000204,51,215,-164
219000205,52,130,-78
219000207,92,102,-10
219000209,19,29,-10
219000210,56,51,5
219000213,8,105,-97
219000239,159,120,39
219000240,178,167,11
219000241,117,84,33
219000242,36,60,-24
219000243,56,149,-93
219000244,12,45,-33
219000245,7,41,-34
219000246,32,25,7
219000247,251,25,226
219000248,348,330,18
219000249,103,85,18
219000250,158,87,71
219000251,440,183,257
219000252,211,102,109
219000253,326,100,226
219000255,148,66,82
219000256,207,66,141
219000257,80,0,80
219000262,64,65,-1
219000263,53,96,-43
219000267,2,53,-51
219000268,2,2,0
219000269,4,3,1
219000270,12,0,12
219000271,122,2,120
219000278,0,7,-7
219000279,0,3,-3
219000283,0,6,-6
219000295,8,61,-53
219000296,55,212,-157
219000297,16,55,-39
219000298,18,52,-34
219000299,254,50,204
219000300,25,79,-54
219000301,130,196,-66
219000302,29,144,-115
219000307,35,26,9
219000308,56,36,20
219000311,124,43,81
219000312,362,147,215
219000313,306,36,270
219000314,37,187,-150
219000315,217,30,187
219000316,445,46,399
219000317,70,12,58
219000320,1,52,-51
219000321,0,24,-24
219000323,4,56,-52
219000325,0,14,-14
219000326,29,42,-13
219000327,46,31,15
219000328,13,31,-18
219000329,194,90,104
219000330,12,20,-8
219000331,29,29,0
219000332,95,43,52
219000333,21,2,19
219000335,84,0,84
219000337,12,2,10
219000338,29,0,29
219000344,9,73,-64
219000345,39,38,1
219000346,28,61,-33
219000348,108,60,48
219000349,52,88,-36
219000350,114,140,-26
219000351,0,1,-1
219000352,283,55,228
219000353,73,39,34
219000354,134,60,74
219000355,144,60,84
219000356,493,1048,-555
219000363,164,89,75
219000364,76,55,21
219000365,104,20,84
219000366,153,290,-137
219000368,295,451,-156
219000370,666,504,162
219000371,7,22,-15
219000382,4,29,-25
219000383,326,824,-498
219000385,262,430,-168
219000386,386,1113,-727
219000387,2,22,-20
219000390,4,1,3
219000391,3,0,3
219000397,20,23,-3
219000398,34,22,12
219000401,7,61,-54
219000402,29,60,-31
219000403,106,240,-134
219000404,14,95,-81
219000407,8,14,-6
219000409,50,66,-16
219000410,86,38,48
219000411,40,12,28
219000446,66,215,-149
219000447,1,16,-15
219000448,9,3,6
219000452,73,68,5
219000453,48,114,-66
219000454,116,216,-100
219000556,236,40,196
219000558,81,77,4
219000590,21,107,-86
219000591,90,36,54
219000592,53,193,-140
219000595,2,15,-13
219000635,150,26,124
219000636,9,34,-25
219000657,6,19,-13
219000658,17,60,-43
219000673,0,13,-13
219000676,7,2,5
219000679,20,11,9
219000684,95,0,95
219000685,2,19,-17
219000686,2,2,0
219000688,2,40,-38
219000689,20,128,-108
219000690,133,5,128
219000691,36,121,-85
219000692,119,20,99
219000693,1,6,-5
219000694,3,0,3
219000695,27,1,26
219000698,6,1,5
219000699,0,9,-9
219000727,1,66,-65
219000728,86,3,83
219000770,28,2,26
219000771,0,17,-17
219000788,265,195,70
219001150,2,21,-19
219001151,1,2,-1
219001166,49,42,7
219001167,3,58,-55
219001178,18,0,18
220000001,15,62,-47
220000002,6,53,-47
220000003,139,110,29
220000004,207,180,27
220000005,492,818,-326
220000006,212,478,-266
220000007,335,227,108
220000008,234,348,-114
220000009,190,175,15
220000010,128,75,53
220000011,237,1716,-1479
220000012,115,292,-177
220000014,246,288,-42
220000015,41,277,-236
220000017,18,128,-110
220000018,2560,852,1708
220000019,81,255,-174
220000020,298,128,170
220000021,531,148,383
220000022,706,280,426
220000023,256,103,153
220000024,1016,391,625
220000025,485,879,-394
220000026,245,273,-28
220000027,26,74,-48
220000028,26,27,-1
220000029,250,160,90
220000030,88,66,22
220000031,370,259,111
220000064,26,588,-562
221000046,1,0,1
221000047,0,1,-1
221000048,0,5,-5
221000049,0,10,-10
221000050,2,0,2
221000055,19,30,-11
221000057,75,11,64
221000068,236,109,127
221000069,187,48,139
221000070,147,24,123
221000071,53,7,46
221000072,149,7,142
221000073,106,25,81
221000074,0,4,-4
221000075,7,20,-13
221000076,8,21,-13
221000077,15,63,-48
221000081,14,1,13
221000082,68,4,64
221000083,24,0,24
221000084,5,2,3
221000085,9,24,-15
221000086,14,50,-36
221000087,2,93,-91
221000088,9,93,-84
221000089,16,164,-148
221000090,67,325,-258
221000098,70,11,59
221000099,196,11,185
221000100,114,6,108
221000101,198,6,192
221000102,81,10,71
221000109,5,74,-69
221000110,3,55,-52
221000111,21,137,-116
221000112,16,96,-80
221000113,20,98,-78
221000114,8,86,-78
221000120,21,17,4
221000121,9,22,-13
221000122,38,35,3
221000123,14,11,3
221000124,20,55,-35
221000155,79,10,69
221000156,55,23,32
221000175,1,15,-14
221000176,0,1,-1
221000182,30,3,27
221000241,454,202,252
221000242,98,320,-222
221000243,503,142,361
221000244,221,338,-117
221000245,118,61,57
221000246,41,185,-144
221000247,120,73,47
221000248,130,110,20
221000267,38,278,-240
221000325,32,31,1
221000331,6,39,-33
221000338,23,31,-8
221000378,153,15,138
221000381,39,16,23
222000282,12,3,9
222000296,1,9,-8
222000568,175,9,166
222000569,146,34,112
222000570,115,11,104
222000571,293,14,279
222000577,8,61,-53
222000578,17,111,-94
222000579,38,74,-36
222000580,44,383,-339
222000599,0,77,-77
222000600,1,142,-141
222000601,5,435,-430
222000603,7,27,-20
222000604,7,32,-25
222000605,29,13,16
222000606,1,17,-16
222000607,0,7,-7
222000608,9,10,-1
222000609,57,90,-33
222000616,341,11,330
222000617,8,18,-10
222000618,4,8,-4
222000620,5,4,1
222000621,14,7,7
222000623,388,5,383
222000624,315,5,310
222000625,351,7,344
222000636,30,2,28
222000686,14,10,4
222000687,32,11,21
222001066,142,1,141
222001067,19,1,18
222001068,23,12,11
222001069,35,7,28
222001082,29,21,8
222001083,13,26,-13
222001084,0,22,-22
222001085,0,97,-97
222001111,45,79,-34
222001112,99,19,80
222001313,15,2,13
222001314,4,66,-62
222001464,204,33,171
222001465,16,90,-74
222001484,104,24,80
222001485,14,31,-17
222001494,424,62,362
222001495,51,116,-65
222001496,325,69,256
222001497,108,199,-91
222001502,18,51,-33
222001503,142,23,119
222001504,24,152,-128
222001505,284,11,273
222001506,31,244,-213
222001507,228,13,215
222001510,461,18,443
222001511,57,161,-104
222001514,402,136,266
222001515,135,261,-126
222001518,296,64,232
222001519,38,109,-71
222001527,169,37,132
222001528,24,92,-68
222001529,237,29,208
222001530,47,110,-63
222001533,114,112,2
222001534,278,65,213
222001535,269,206,63
222001536,37,92,-55
222001537,257,47,210
222001538,52,223,-171
222001563,687,65,622
222001564,51,216,-165
222001568,158,107,51
222001576,0,1,-1
222001579,1,7,-6
222001583,10,56,-46
222001584,50,8,42
222001596,328,471,-143
222001597,916,174,742
222001626,0,52,-52
222001650,19,71,-52
222001651,23,167,-144
222001914,162,54,108
222001915,36,132,-96
222001968,376,173,203
222001969,318,255,63
222001970,131,188,-57
222001971,36,4,32
222001972,0,12,-12
225000001,292,165,127
225000002,428,134,294
225000003,484,42,442
225000004,328,100,228
225000005,56,25,31
225000006,1,122,-121
225000007,683,786,-103
225000010,245,13,232
225000011,150,762,-612
225000012,158,424,-266
225000013,49,76,-27
225000014,539,53,486
225000015,72,78,-6
225000021,525,136,389
225000027,110,242,-132
225000032,456,89,367
225000042,49,317,-268
225000049,30,27,3
225000050,65,4,61
225000053,4,143,-139
225000058,581,158,423
225000067,128,86,42
225000068,54,171,-117
225000069,72,263,-191
225000070,73,177,-104
225000071,24,53,-29
225000075,10,351,-341
225000076,51,88,-37
225000078,62,33,29
225000085,80,111,-31
225000086,209,49,160
225000087,134,16,118
225000088,5,101,-96
225000089,152,733,-581
225000090,35,243,-208
225000091,103,78,25
225000092,30,38,-8
225000093,138,132,6
225000094,3,123,-120
225000095,265,159,106
225000096,215,259,-44
225000098,528,272,256
225000099,292,150,142
225000100,276,100,176
225000104,86,227,-141
225000110,3,204,-201
225000111,160,571,-411
225000112,205,700,-495
225000113,177,363,-186
225000114,90,160,-70
225000115,774,404,370
225000116,584,182,402
225000117,730,165,565
225000118,888,188,700
225000119,184,59,125
225000120,451,43,408
225000121,121,14,107
225000123,391,6,385
225000125,320,89,231
225000126,525,179,346
225000127,438,977,-539
225000128,412,620,-208
225000132,351,35,316
225000133,182,21,161
225000134,433,142,291
225000135,49,8,41
225000136,253,2,251
225000137,186,31,155
225000138,284,73,211
225000143,47,141,-94
225000144,1,185,-184
225000145,32,17,15
225000146,73,32,41
225000147,38,99,-61
225000148,4,83,-79
225000149,42,200,-158
225000151,38,72,-34
225000155,322,222,100
225000156,104,543,-439
225000157,199,219,-20
225000158,39,122,-83
225000171,2,78,-76
225000180,27,7,20
225000181,0,45,-45
225000182,67,3,64
225000185,4,295,-291
225000187,31,214,-183
225000191,75,2,73
225000194,0,15,-15
225000208,0,24,-24
225000209,138,3,135
225000210,6,125,-119
225000217,0,8,-8
225000218,4,5,-1
225000223,0,56,-56
225000224,41,0,41
225000225,0,21,-21
225000226,23,0,23
225000227,21,41,-20
225000228,6,5,1
225000229,0,36,-36
225000230,13,0,13
225000231,0,34,-34
225000232,136,0,136
225000241,37,1,36
225000242,1,33,-32
225000249,6,3,3
225000250,38,297,-259
225000251,373,35,338
226000042,67,118,-51
226000043,57,180,-123
226000044,79,241,-162
226000045,68,294,-226
226000046,418,49,369
226000047,385,59,326
226000048,330,90,240
226000049,258,161,97
226000070,0,2,-2
226000071,1,18,-17
226000072,0,8,-8
226000073,0,8,-8
226000074,1,6,-5
226000084,1,8,-7
226000085,3,10,-7
226000086,3,7,-4
226000087,1,16,-15
226000088,8,7,1
226000090,203,76,127
226000091,9,23,-14
226000092,3,5,-2
226000093,8,0,8
226000094,3,0,3
226000095,14,2,12
226000105,3,0,3
226000106,3,0,3
226000107,2,0,2
226000108,7,0,7
226000109,61,0,61
226000124,88,41,47
226000134,578,384,194
226000135,1062,514,548
226000136,452,378,74
226000137,1,94,-93
226000138,3,142,-139
226000139,3,64,-61
226000156,186,0,186
226000157,99,5,94
226000163,128,191,-63
226000202,11,167,-156
226000231,430,5,425
226000232,22,4,18
227000037,333,27,306
227000038,153,26,127
227000049,0,23,-23
227000050,0,52,-52
227000055,80,0,80
227000056,16,0,16
227000084,3,61,-58
227000085,0,35,-35
227000088,26,2,24
227000089,79,2,77
227000090,25,3,22
227000091,24,1,23
227000093,73,1,72
227000094,22,2,20
227000130,21,161,-140
227000131,12,133,-121
227000132,6,116,-110
227000133,6,104,-98
227000134,12,146,-134
227000152,1,5,-4
227000153,0,48,-48
227000155,0,17,-17
227000156,1,13,-12
227000165,4,99,-95
227000196,23,95,-72
227000199,377,16,361
227000230,7,177,-170
227000232,279,11,268
227000241,415,27,388
227000242,53,250,-197
227000243,438,86,352
227000244,277,44,233
227000245,19,133,-114
227000246,49,211,-162
227000247,253,45,208
227000248,134,38,96
227000249,24,114,-90
227000251,85,195,-110
227000252,24,107,-83
227000253,150,25,125
227000262,368,42,326
227000266,774,15,759
227000267,14,449,-435
227000486,269,158,111
227000655,320,2,318
227000661,49,22,27
227000680,74,27,47
229000265,13,17,-4
229000296,0,8,-8
229000297,3,5,-2
229000298,2,53,-51
229000320,4,8,-4
229000321,13,0,13
229000412,7,21,-14
229000414,3,35,-32
229000415,5,0,5
229000416,2,9,-7
229000417,1,10,-9
229000419,33,174,-141
229000440,237,55,182
229000442,8,1,7
229000443,5,4,1
229000444,1,28,-27
229000445,51,7,44
229000446,29,10,19
229000847,67,0,67
229000848,16,0,16
229000849,70,0,70
229000851,28,0,28
229000854,0,9,-9
229000856,0,19,-19
229000857,0,8,-8
229000858,0,16,-16
229000919,7,46,-39
229000930,2,151,-149
229000937,98,8,90
229000966,36,19,17
229000981,34,10,24
229000985,3,10,-7
229000986,0,1,-1
229000987,0,1,-1
229000988,0,1,-1
229000989,5,6,-1
229000990,0,3,-3
229000991,0,0,0
229000992,10,4,6
229000993,78,13,65
229000998,17,17,0
229000999,75,11,64
229001034,0,5,-5
229001035,0,0,0
229001037,69,2,67
229001042,7,9,-2
229001047,11,14,-3
229001050,37,30,7
229001200,11,2,9
229001338,1,6,-5
229001394,165,0,165
229001422,130,19,111
229001423,6,93,-87
229001431,30,50,-20
229001432,24,55,-31
229001444,108,37,71
229001445,16,73,-57
229001503,205,63,142
229001504,93,78,15
229001505,92,20,72
229001506,52,63,-11
229001509,28,11,17
229001545,102,6,96
229001546,6,49,-43
229001553,68,7,61
229001554,28,49,-21
229001559,2,7,-5
229001560,4,23,-19
229001630,43,8,35
229001631,7,8,-1
229001635,0,11,-11
229001636,0,0,0
229001658,0,94,-94
229001659,34,2,32
229001660,10,2,8
229001661,2,8,-6
229001662,8,0,8
229001663,0,5,-5
229002584,101,82,19
229002831,58,66,-8
229002841,9,11,-2
229002842,8,9,-1
229002843,19,13,6
229002844,17,19,-2
229002845,7,49,-42
229002846,16,11,5
229002847,0,6,-6
229002848,6,6,0
229002849,2,40,-38
229002850,9,0,9
229002851,20,62,-42
229002852,95,12,83
229002853,94,5,89
229002854,26,45,-19
229002855,8,10,-2
229002856,16,7,9
229002857,5,94,-89
229002858,20,7,13
229002859,12,55,-43
229002860,80,8,72
229002861,19,14,5
229002862,17,5,12
229002863,4,11,-7
229002864,23,16,7
229002865,4,7,-3
229002866,11,23,-12
229002867,3,11,-8
229002868,7,15,-8
229002869,15,72,-57
229002870,27,5,22
235000066,188,24,164
235000067,71,62,9
235000072,37,40,-3
235000073,68,218,-150
235000074,17,28,-11
235000080,11,44,-33
235000081,86,54,32
235000082,213,19,194
235000083,152,35,117
235000084,15,39,-24
235000085,122,29,93
235000089,18,20,-2
235000092,17,64,-47
235000093,3,38,-35
235000097,3,3,0
235000098,52,1,51
235000099,2,10,-8
235000116,44,17,27
235000117,327,9,318
235000133,4,336,-332
235000134,11,137,-126
235000206,8,4,4
235000207,3,3,0
235000208,0,0,0
235000209,9,1,8
235000210,9,3,6
235000212,1,16,-15
235000213,1,19,-18
235000220,2,5,-3
235000221,39,17,22
235000238,11,91,-80
235000239,1,23,-22
235000242,293,572,-279
235000245,403,123,280
235000246,8,48,-40
235000284,4,113,-109
235000295,95,8,87
235000305,175,20,155
235000306,218,2,216
235000307,15,1,14
235000308,7,0,7
235000309,31,0,31
235000310,14,0,14
235000311,38,15,23
235000322,0,12,-12
235000323,0,13,-13
235000324,1,19,-18
235000325,0,12,-12
235000326,2,74,-72
235000351,7,46,-39
235000352,1,25,-24
235000353,4,24,-20
235000354,7,27,-20
235000355,13,70,-57
235000356,46,4,42
235000357,15,7,8
235000358,28,12,16
235000359,13,15,-2
235000360,12,6,6
235000361,47,3,44
235000381,47,83,-36
235000382,98,10,88
235000390,7,3,4
235000391,157,11,146
235000392,160,232,-72
235000393,91,147,-56
235000395,101,31,70
235000396,400,47,353
235000400,24,69,-45
235000401,8,80,-72
235000405,70,100,-30
235000406,30,101,-71
235000407,35,53,-18
235000409,129,60,69
235000410,21,132,-111
235000411,1,53,-52
235000485,0,5,-5
235000486,3,0,3
235000549,72,31,41
235000550,66,52,14
235000599,104,23,81
235000600,5,10,-5
235000601,8,28,-20
235000602,46,28,18
235000614,0,3,-3
235000648,0,8,-8
235000649,22,2,20
235000685,0,4,-4
235000815,11,156,-145
235000834,0,4,-4
235000855,24,16,8
235000862,28,50,-22
235000891,0,12,-12
235000892,10,1,9
235000901,46,43,3
235000907,6,4,2
235001010,62,32,30
235001029,235,201,34
235001030,259,116,143
235001078,61,74,-13
235001079,32,62,-30
235001147,37,15,22
235001166,25,16,9
235001167,44,16,28
235001169,20,224,-204
235001188,0,8,-8
235001189,7,0,7
235001197,4,12,-8
235001200,36,22,14
235001207,375,45,330
235001210,74,59,15
235001215,16,77,-61
235001239,0,27,-27
235001244,0,22,-22
235016267,0,23,-23
277102712,7,1,6
277103813,0,0,0
277104249,0,2,-2
277104250,0,3,-3
277104251,0,3,-3
277104252,0,0,0
990011530,0,101,-101
990014944,2,175,-173
990015176,7,1,6
990016032,0,140,-140
990032570,1,25,-24
990070001,65,2,63
990070103,1,2,-1
990070601,0,21,-21
990070751,795,3,792
990070766,2,140,-138
990071180,281,111,170
990071343,38,21,17
990071387,0,11,-11
990071823,4,0,4
990072600,1,888,-887
990072964,4,191,-187
990073285,0,2,-2
990074393,0,347,-347
990074870,1112,26,1086
990075106,721,7,714
990075746,376,2,374
990076437,1083,27,1056
990076458,1,225,-224
997000007,289,15,274
997000041,0,101,-101
997000058,53,0,53
997000062,21,0,21
997000069,0,3,-3
997000070,0,6,-6
997000100,39,1,38
997000141,0,562,-562
997000198,60,534,-474
998000475,0,6,-6
998000736,0,65,-65
998000965,0,0,0
998001031,0,45,-45
998001700,0,2,-2
998001899,0,0,0
998001900,6,0,6
998003073,479,2,477
998101900,0,0,0
998102850,1,136,-135
998501927,472,704,-232
998501929,93,24,69
998501930,26,0,26
998501931,137,45,92
998501932,5,0,5
998501933,31,1,30
998501937,24,1,23
998501944,3,0,3
998501950,0,7,-7
998501970,40,2,38
998501971,0,56,-56
998501973,0,20,-20
998501974,0,109,-109
998501975,100,56,44
998501976,118,0,118
998501977,0,13,-13
998501978,9,0,9
998501979,0,3,-3
998501980,14,0,14
998501981,20,0,20
998501982,0,61,-61
998501983,0,0,0
998502006,0,0,0
998502024,0,7,-7
998502032,0,3,-3
998502062,5,0,5
998502063,0,0,0
998502173,19,0,19
998502269,0,16,-16
998502546,0,129,-129
998502578,2,1,1
998502599,13,241,-228
998502621,0,2,-2
998601159,0,54,-54
998601292,0,9,-9
999033574,1,164,-163
999800001,32,25,7
999800002,0,3,-3
999800003,4,0,4
999800004,0,3,-3
999800005,0,4,-4
