ID,insum,outsum,diff
100000001,517,479,38
100000002,3206,1208,1998
100000003,3799,2561,1238
100000004,840,719,121
100000005,1598,3137,-1539
100000006,507,85,422
100000007,1501,574,927
100000008,145,414,-269
100000009,321,193,128
100000010,78,93,-15
100000011,1067,103,964
100000012,143,594,-451
100000013,56,174,-118
100000014,262,267,-5
100000015,1296,1521,-225
100000016,997,1129,-132
100000017,542,729,-187
100000018,1249,459,790
100000019,3687,1608,2079
100000020,1344,4155,-2811
100000021,3947,1872,2075
100000022,1338,1420,-82
100000023,4332,1151,3181
100000025,1499,784,715
100000028,1474,790,684
100000029,157,199,-42
100000030,263,48,215
100000031,2481,4149,-1668
100000032,2055,2516,-461
100000033,779,1549,-770
100000034,413,333,80
100000035,1299,973,326
100000036,1681,1025,656
100000037,621,412,209
100000038,1554,747,807
100000039,518,169,349
100000040,170,142,28
100000041,922,379,543
100000042,913,402,511
100000043,804,358,446
100000044,402,571,-169
100000045,564,1015,-451
100000046,681,778,-97
100000047,298,523,-225
100000048,452,513,-61
100000049,1293,1607,-314
100000051,459,787,-328
100000053,230,5,225
100000054,576,49,527
100000055,1712,266,1446
100000056,529,343,186
100000057,1456,508,948
100000058,845,990,-145
100000059,10,121,-111
100000060,350,192,158
100000061,1787,402,1385
100000062,1695,433,1262
100000063,570,213,357
100000064,1082,335,747
100000065,427,542,-115
100000066,151,467,-316
100000067,547,669,-122
100000068,483,1372,-889
100000069,274,1258,-984
100000072,275,669,-394
100000073,891,844,47
100000075,601,263,338
100000076,1676,1907,-231
100000077,416,138,278
100000078,19,19,0
100000079,26,46,-20
100000080,42,56,-14
100000081,143,184,-41
100000102,1894,1521,373
100000103,3065,989,2076
100000104,3241,1938,1303
100000105,2841,1120,1721
100000106,1951,1629,322
100000107,409,626,-217
100000108,638,752,-114
100000109,2675,1074,1601
100000116,1305,841,464
100000117,52,108,-56
100000118,1254,794,460
100000119,479,528,-49
100000121,198,396,-198
100000122,768,738,30
100000123,2612,3009,-397
100000124,5626,4157,1469
100000125,2500,1014,1486
100000126,698,261,437
100000127,1300,302,998
100000128,1866,1273,593
100000129,317,338,-21
100000130,301,430,-129
100000131,2113,1876,237
100000132,906,1728,-822
100000133,4189,1933,2256
100000135,585,901,-316
100000139,488,256,232
100000140,309,273,36
100000142,401,513,-112
100000143,1138,560,578
100000144,3132,822,2310
100000147,974,2256,-1282
100000150,39,319,-280
100000151,787,789,-2
100000153,202,295,-93
100000154,100,122,-22
100000155,26,34,-8
100000156,335,396,-61
100000157,107,105,2
100000158,245,80,165
100000159,457,400,57
100000165,1489,709,780
100000169,282,430,-148
100000174,612,361,251
100000179,87,440,-353
100000180,1291,897,394
100000181,558,170,388
100000188,66,190,-124
100000189,996,283,713
100000190,780,651,129
100000191,632,486,146
100000192,39,83,-44
100000193,269,165,104
100000330,1301,798,503
100000355,265,389,-124
100000362,5208,3038,2170
100000363,3067,4334,-1267
100000364,259,237,22
100000365,4655,5283,-628
100000366,6576,2775,3801
100000367,4709,4914,-205
100000368,3069,1435,1634
100000369,763,1224,-461
100000370,139,569,-430
100000376,143,122,21
100000379,1994,1213,781
100000380,4082,2696,1386
100000384,4626,3723,903
100000385,4397,3460,937
100000386,7362,3630,3732
100000387,4775,4008,767
100000388,6460,4389,2071
100000389,5245,4277,968
100000390,6271,4608,1663
100000391,4747,4943,-196
100000392,3697,3176,521
100000393,2492,3351,-859
100000394,8012,6208,1804
100000395,4822,3338,1484
100000396,8173,3103,5070
100000397,4773,5359,-586
100000398,10086,7305,2781
100000413,9,9,0
100000414,268,321,-53
100900002,4,30,-26
100900003,262,168,94
100900004,13,556,-543
100900005,81,11,70
100900006,11,81,-70
100900007,277,3,274
100900008,1,270,-269
100900009,54,133,-79
100900010,31,44,-13
100900011,76,176,-100
100900012,0,179,-179
100900013,479,4,475
100900014,2,3,-1
100900015,53,89,-36
100900016,1,41,-40
100900017,445,36,409
100900018,1,15,-14
100900019,12,48,-36
100900020,321,14,307
100900021,343,0,343
100900022,7,19,-12
100900023,0,7,-7
100900024,475,2,473
100900025,7,7,0
100900026,74,68,6
100900027,352,1871,-1519
100900028,99,130,-31
100900029,34,8,26
100900030,0,51,-51
100900031,427,32,395
100900032,218,0,218
100900033,145,125,20
100900034,510,2,508
100900035,417,5,412
100900036,21,3,18
100900037,75,151,-76
100900038,125,46,79
100900039,251,395,-144
100900040,341,568,-227
100900041,473,522,-49
100900042,1316,574,742
100900043,0,0,0
100900044,1462,316,1146
100900045,80,1,79
100900046,824,13,811
100900047,452,75,377
100900048,114,44,70
100900049,70,183,-113
100900050,1,12,-11
100900051,30,50,-20
100900052,201,24,177
100900053,304,16,288
100900054,5,55,-50
100900055,139,500,-361
100900056,137,153,-16
100900057,564,1011,-447
100900058,128,24,104
100900059,97,5,92
100900060,125,3,122
100900061,299,178,121
100900062,7,16,-9
100900063,161,511,-350
100900064,625,28,597
100900065,53,107,-54
100900066,111,157,-46
100900067,4,11,-7
100900068,52,52,0
100900069,357,11,346
100900070,264,4,260
100900071,729,223,506
100900072,7,25,-18
100900073,78,380,-302
100900074,15,11,4
100900075,1235,276,959
100900076,6,28,-22
100900077,35,62,-27
100900078,67,167,-100
100900079,2,17,-15
100900080,39,123,-84
100900081,28,76,-48
100900082,115,489,-374
100900083,3,19,-16
100900085,22,176,-154
100900086,140,470,-330
100900088,117,511,-394
100900089,2,17,-15
100900090,90,276,-186
100900091,1,19,-18
100900092,152,133,19
100900093,149,144,5
100900094,95,376,-281
100900095,0,28,-28
100900096,37,76,-39
100900097,2,7,-5
100900098,25,17,8
100900099,21,403,-382
100900100,8,344,-336
100900101,229,36,193
100900102,46,67,-21
100900103,9,10,-1
100900104,5,101,-96
100900105,10,264,-254
100900106,55,4,51
100900107,1336,628,708
100900108,12,26,-14
100900109,23,25,-2
100900110,0,0,0
100900111,42,104,-62
100900112,2,14,-12
100900113,12,29,-17
100900114,15,11,4
100900115,1,20,-19
100900116,539,437,102
100900117,200,542,-342
100900118,14,32,-18
100900119,7,24,-17
100900120,5,10,-5
100900121,139,342,-203
100900122,115,158,-43
100900123,45,179,-134
100900124,3,3,0
100900125,19,52,-33
100900126,113,142,-29
100900127,4,7,-3
100900128,52,96,-44
100900129,1,101,-100
100900131,57,168,-111
100900133,37,38,-1
100900134,7,3,4
100900135,0,121,-121
100900137,255,123,132
100900138,437,331,106
100900139,2,8,-6
100900140,4,406,-402
100900141,2,300,-298
100900142,2,8,-6
100900143,678,295,383
100900144,4,4,0
100900145,92,176,-84
100900146,0,0,0
100900147,11,226,-215
100900148,19,497,-478
100900149,61,134,-73
100900150,0,0,0
100900151,141,388,-247
100900152,71,8,63
100900153,5,116,-111
100900154,296,140,156
100900155,6,14,-8
100900156,13,2,11
100900157,7,129,-122
100900159,3,21,-18
100900160,17,3,14
100900161,50,7,43
100900162,13,173,-160
100900163,192,198,-6
100900164,30,58,-28
100900165,1,12,-11
100900166,16,4,12
100900167,12,31,-19
100900168,20,97,-77
100900169,109,716,-607
100900170,18,6,12
100900171,18,460,-442
100900172,0,11,-11
100900173,7,288,-281
100900174,190,37,153
100900176,991,121,870
100900177,514,179,335
100900178,190,123,67
100900179,100,108,-8
100900180,5,5,0
100900181,62,59,3
100900182,13,16,-3
100900184,15,100,-85
100900186,500,366,134
100900187,17,111,-94
100900188,22,10,12
100900189,643,160,483
100900191,1042,764,278
100900192,285,262,23
100900195,80,72,8
100900197,0,0,0
100900198,18,169,-151
100900199,0,0,0
100900200,449,340,109
100900201,38,425,-387
100900202,57,0,57
100900203,0,102,-102
100900204,151,223,-72
100900205,115,371,-256
100900206,108,50,58
100900207,162,99,63
100900210,54,346,-292
100900211,257,103,154
100900213,76,37,39
100900214,489,128,361
100900215,5,43,-38
100900217,86,76,10
101000001,2619,1770,849
101000002,3448,2954,494
101000003,422,1087,-665
101000004,6751,5622,1129
101000005,2619,3279,-660
101000006,4914,4649,265
101000007,1872,2103,-231
101000009,1648,1456,192
101000010,679,1053,-374
101000011,1070,448,622
101000012,1755,697,1058
101000013,442,812,-370
101000014,415,549,-134
101000015,789,654,135
101000016,311,315,-4
101000017,569,374,195
101000018,3636,1609,2027
101000020,3014,984,2030
101000021,737,356,381
101000023,1613,633,980
101000025,208,292,-84
101000026,286,17,269
101000027,1403,1685,-282
101000028,683,124,559
101000029,105,1078,-973
101000030,1491,84,1407
101000031,764,374,390
101000032,8086,3687,4399
101000033,2389,2219,170
101000034,1945,1145,800
101000035,642,261,381
101000036,1745,713,1032
101000037,2994,1323,1671
101000039,2416,1451,965
101000040,3327,2524,803
101000041,9369,5841,3528
101000042,429,887,-458
101000043,7014,5025,1989
101000045,1506,758,748
101000046,3307,1175,2132
101000047,1843,2191,-348
101000048,562,537,25
101000049,652,1173,-521
101000050,1528,1106,422
101000051,1660,1802,-142
101000052,1282,690,592
101000053,729,1109,-380
101000054,1087,830,257
101000055,1082,949,133
101000056,55,70,-15
101000057,2078,866,1212
101000058,1170,856,314
101000059,2290,1651,639
101000060,1730,451,1279
101000061,777,985,-208
101000062,855,588,267
101000063,601,712,-111
101000064,1364,819,545
101000065,369,311,58
101000066,1157,832,325
101000067,1517,934,583
101000068,369,348,21
101000069,333,64,269
101000070,1467,854,613
101000071,1510,745,765
101000072,609,2064,-1455
101000073,782,784,-2
101000074,4932,2540,2392
101000075,4188,3670,518
101000077,1106,1004,102
101000078,758,1725,-967
101000079,643,325,318
101000080,635,401,234
101000081,1619,1408,211
101000082,3082,2955,127
101000083,2354,2184,170
101000084,1200,744,456
101000085,1390,1110,280
101000086,1123,1038,85
101000087,805,1051,-246
101000088,823,1087,-264
101000089,724,1343,-619
101000090,1767,1216,551
101000091,360,864,-504
101000092,684,933,-249
101000093,1022,799,223
101000094,727,880,-153
101000095,428,516,-88
101000096,365,451,-86
101000097,335,280,55
101000098,361,385,-24
101000099,913,738,175
101000100,786,598,188
101000101,271,304,-33
101000102,842,372,470
101000103,724,399,325
101000104,391,511,-120
101000105,518,327,191
101000106,760,498,262
101000107,206,324,-118
101000108,795,227,568
101000109,260,78,182
101000110,38,429,-391
101000111,90,119,-29
101000113,125,458,-333
101000114,7276,4315,2961
101000115,127,126,1
101000116,94,90,4
101000117,830,248,582
101000119,56,37,19
101000120,84,25,59
101000121,70,33,37
101000122,158,95,63
101000123,89,92,-3
101000124,581,168,413
101000125,268,485,-217
101000128,297,249,48
101000130,192,235,-43
101000131,600,384,216
101000132,457,718,-261
101000135,60,32,28
101000136,449,141,308
101000137,26,199,-173
101000141,1408,2134,-726
101000147,881,475,406
101000148,974,13,961
101000149,225,289,-64
101000150,92,613,-521
101000151,124,58,66
101000152,256,350,-94
101000153,447,262,185
101000154,264,899,-635
101000155,227,127,100
101000156,9,277,-268
101000157,31,25,6
101000160,50,49,1
101000163,197,257,-60
101000164,492,326,166
101000165,191,356,-165
101000166,232,239,-7
101000168,784,381,403
101000252,952,467,485
101000254,389,69,320
101000258,18,8,10
101000261,126,37,89
101000262,845,1516,-671
101000263,200,638,-438
101000265,62,544,-482
101000266,283,207,76
101000269,29,9,20
101000290,815,1730,-915
101000293,30,58,-28
101000294,466,336,130
101000295,102,427,-325
101000301,667,318,349
101000304,1631,1997,-366
101000305,2648,1180,1468
101000328,167,263,-96
101900001,44,66,-22
101900002,0,8,-8
101900003,65,64,1
101900004,11,79,-68
101900005,3213,1606,1607
101900006,704,284,420
101900007,489,130,359
101900008,67,257,-190
101900009,31,299,-268
101900010,842,685,157
101900011,148,723,-575
101900012,138,156,-18
101900013,995,212,783
101900017,20,126,-106
101900018,1053,155,898
101900019,215,126,89
101900020,31,41,-10
101900021,0,31,-31
101900022,107,886,-779
101900023,77,221,-144
101900026,91,33,58
101900027,25,137,-112
102000001,1768,3429,-1661
102000002,2318,833,1485
102000003,2434,5348,-2914
102000004,5757,2445,3312
102000005,948,1453,-505
102000006,1155,1427,-272
102000007,1091,3101,-2010
102000008,3752,1159,2593
102000009,3759,5741,-1982
102000010,4427,2503,1924
102000011,2158,1898,260
102000012,3036,2514,522
102000018,2380,2088,292
102000019,1869,1163,706
102000026,133,348,-215
102000029,220,193,27
102000030,99,245,-146
102000031,52,164,-112
102000032,360,270,90
102000033,215,321,-106
102000034,338,254,84
102000035,614,484,130
102000036,17,182,-165
102000037,127,52,75
102000038,155,210,-55
102000039,213,63,150
102000040,455,177,278
102000041,151,213,-62
102000042,162,190,-28
102000043,334,185,149
102000044,247,282,-35
102000045,587,669,-82
102000046,828,472,356
102000047,649,849,-200
102000048,226,546,-320
102000049,871,573,298
102000050,909,1099,-190
102000051,343,585,-242
102000052,962,649,313
102000053,600,838,-238
102000054,443,728,-285
102000055,973,581,392
102000056,610,947,-337
102000057,1042,383,659
102000058,897,1286,-389
102000059,1328,1079,249
102000060,931,748,183
102000061,1214,1534,-320
102000062,1299,889,410
102000063,920,976,-56
102000064,504,624,-120
102000065,40,104,-64
102000066,830,607,223
102000067,1424,2175,-751
102000068,6852,2256,4596
102000069,54,1149,-1095
102000070,1403,43,1360
102000071,6122,6926,-804
102000072,2820,3211,-391
102000073,465,457,8
102000074,663,658,5
102000075,77,199,-122
102000076,159,340,-181
102000077,394,795,-401
102000078,699,780,-81
102000079,141,177,-36
102000080,269,209,60
102000081,288,604,-316
102000082,580,269,311
102000083,431,300,131
102000084,229,267,-38
102000085,1169,849,320
102000086,843,702,141
102000087,736,1394,-658
102000088,259,223,36
102000089,830,323,507
102000090,325,920,-595
102000091,1219,416,803
102000092,336,581,-245
102000093,548,704,-156
102000094,1020,561,459
102000095,909,984,-75
102000096,594,643,-49
102000097,743,567,176
102000098,574,626,-52
102000099,656,622,34
102000100,795,1013,-218
102000101,912,621,291
102000102,327,1035,-708
102000103,841,293,548
102000104,554,240,314
102000105,219,465,-246
102000106,680,552,128
102000107,899,450,449
102000108,457,129,328
102000109,319,491,-172
102000110,720,1076,-356
102000111,5,222,-217
102000112,149,97,52
102000113,11,27,-16
102000114,623,319,304
102000115,200,249,-49
102000116,344,288,56
102000117,240,298,-58
102000118,1070,977,93
102000119,1710,533,1177
102000120,114,352,-238
102000121,759,324,435
102000122,453,632,-179
102000123,1008,826,182
102000124,744,788,-44
102000125,753,697,56
102000126,727,726,1
102000127,1067,597,470
102000128,549,769,-220
102000129,1171,715,456
102000130,665,572,93
102000131,1082,511,571
102000132,454,495,-41
102000133,1396,1561,-165
102000134,571,566,5
102000135,543,565,-22
102000136,651,415,236
102000137,726,523,203
102000138,201,303,-102
102000139,75,264,-189
102000140,165,240,-75
102000141,136,353,-217
102000142,274,302,-28
102000143,109,365,-256
102000144,247,277,-30
102000145,260,366,-106
102000146,308,244,64
102000147,440,328,112
102000148,162,356,-194
102000149,105,335,-230
102000150,275,97,178
102000151,77,238,-161
102000152,159,126,33
102000153,1073,470,603
102000154,267,603,-336
102000155,123,317,-194
102000156,240,98,142
102000157,127,347,-220
102000158,493,368,125
102000159,822,404,418
102000161,3232,1641,1591
102000162,182,140,42
102000163,100,454,-354
102000164,780,919,-139
102000165,229,142,87
102000166,108,180,-72
102000167,205,153,52
102000168,300,208,92
102000169,100,328,-228
102000170,428,131,297
102000171,149,111,38
102000172,127,213,-86
102000173,387,228,159
102000174,39,63,-24
102000175,89,70,19
102000176,34,20,14
102000178,255,457,-202
102000179,240,221,19
102000180,673,455,218
102000181,532,542,-10
102000182,465,535,-70
102000183,1349,1612,-263
102000184,1621,761,860
102000185,2281,1345,936
102000186,1192,1821,-629
102000187,762,1503,-741
102000188,769,1081,-312
102000189,1964,644,1320
102000190,481,2038,-1557
102000191,1019,360,659
102000192,808,1075,-267
102000193,42,107,-65
102000194,55,95,-40
102000195,248,268,-20
102000196,173,350,-177
102000197,535,354,181
102000198,154,707,-553
102000199,910,290,620
102000200,256,780,-524
102000201,999,423,576
102000202,1,83,-82
102000203,372,156,216
102000204,350,550,-200
102000205,804,368,436
102000206,532,453,79
102000207,399,355,44
102000208,272,368,-96
102000209,36,34,2
102000210,420,469,-49
102000211,259,222,37
102000212,245,9,236
102000213,2,260,-258
102000214,218,6,212
102000215,7,408,-401
102000216,32,42,-10
102000217,15,125,-110
102000218,282,153,129
102000219,441,246,195
102000225,676,461,215
102000226,2210,773,1437
102000227,148,1,147
102000228,2,89,-87
102000229,25,48,-23
102000230,229,368,-139
102000231,260,366,-106
102000232,11,124,-113
102000233,235,492,-257
102000234,104,1002,-898
102000236,176,72,104
102000237,469,107,362
102000238,162,177,-15
102000240,564,666,-102
102000241,130,97,33
102000243,10,51,-41
102000245,23,98,-75
102000246,13,29,-16
102000247,1048,781,267
102000248,483,719,-236
102000249,126,119,7
102000250,57,379,-322
102000254,71,281,-210
102000266,25,172,-147
102000271,34,1,33
102000286,312,370,-58
102000297,1419,850,569
102000301,0,0,0
102000307,0,5,-5
102000316,279,353,-74
102900001,1003,698,305
102900002,358,46,312
102900003,68,199,-131
102900005,316,283,33
102900006,385,152,233
102900007,361,32,329
102900008,181,66,115
102900009,517,228,289
102900010,520,640,-120
102900011,1651,305,1346
102900012,336,64,272
102900013,25,66,-41
102900015,546,515,31
102900016,51,96,-45
102900017,128,553,-425
102900018,49,162,-113
102900019,379,314,65
102900020,134,41,93
102900021,22,93,-71
102900022,768,178,590
102900023,45,96,-51
102900024,40,53,-13
102900025,222,126,96
102900026,292,1462,-1170
102900027,56,48,8
102900028,143,594,-451
102900029,180,152,28
102900030,296,235,61
102900031,168,140,28
102900032,72,90,-18
102900033,81,168,-87
102900034,374,72,302
102900035,127,284,-157
102900036,281,456,-175
102900037,218,498,-280
102900038,448,518,-70
102900039,12,317,-305
102900040,114,216,-102
102900041,63,129,-66
102900042,143,256,-113
102900043,130,218,-88
102900044,395,1560,-1165
102900045,109,462,-353
102900046,111,218,-107
102900047,79,444,-365
102900048,448,531,-83
102900049,107,289,-182
102900050,168,369,-201
102900051,182,193,-11
102900053,326,539,-213
102900054,609,762,-153
102900055,56,143,-87
102900056,112,338,-226
102900057,6,53,-47
102900058,254,64,190
102900059,24,61,-37
102900060,80,328,-248
102900061,131,372,-241
102900062,170,766,-596
102900063,884,377,507
102900064,118,294,-176
102900065,1173,385,788
102900066,295,31,264
102900068,82,78,4
102900070,152,420,-268
102900072,30,53,-23
102900073,134,13,121
102900075,23,42,-19
102900076,149,114,35
102900077,63,42,21
102900078,19,75,-56
102900079,135,17,118
102900080,315,50,265
102900081,67,282,-215
102900082,13,154,-141
102900083,234,9,225
102900084,5,24,-19
102900085,350,121,229
102900086,20,48,-28
102900087,88,79,9
102900088,36,25,11
102900089,208,103,105
102900090,0,246,-246
102900091,105,2,103
102900092,206,699,-493
102900094,0,81,-81
102900095,75,3,72
102900096,54,39,15
102900097,10,84,-74
103000001,1973,2354,-381
103000002,1820,2155,-335
103000003,2918,2377,541
103000004,796,636,160
103000005,1425,2273,-848
103000006,568,1325,-757
103000007,337,605,-268
103000008,928,704,224
103000009,838,860,-22
103000010,210,144,66
103000011,1385,1106,279
103000012,1072,1318,-246
103000013,3603,1813,1790
103000014,1086,1982,-896
103000015,1572,701,871
103000016,435,1038,-603
103000017,169,312,-143
103000018,604,359,245
103000019,231,236,-5
103000020,2649,1331,1318
103000021,1714,1745,-31
103000022,795,1070,-275
103000023,557,1415,-858
103000024,73,160,-87
103000025,98,443,-345
103000026,1106,127,979
103000027,233,413,-180
103000028,287,323,-36
103000029,194,172,22
103000030,1260,728,532
103000031,1058,1378,-320
103000032,1915,1576,339
103000033,2188,2229,-41
103000034,1188,893,295
103000035,357,1103,-746
103000036,356,365,-9
103000037,483,397,86
103000038,382,709,-327
103000039,354,369,-15
103000040,404,814,-410
103000041,1424,2085,-661
103000042,1034,494,540
103000043,526,871,-345
103000044,180,156,24
103000046,299,390,-91
103000047,503,565,-62
103000048,109,155,-46
103000049,111,133,-22
103000050,522,363,159
103000051,340,512,-172
103000052,787,336,451
103000053,120,660,-540
103000054,2387,1428,959
103000055,1833,2143,-310
103000056,636,1517,-881
103000057,467,216,251
103000058,433,722,-289
103000059,315,661,-346
103000060,795,552,243
103000061,291,881,-590
103000062,960,475,485
103000063,544,742,-198
103000064,168,140,28
103000065,7,452,-445
103000066,184,10,174
103000069,378,379,-1
103000070,987,734,253
103000071,889,448,441
103000072,112,614,-502
103000073,412,75,337
103000074,430,64,366
103000075,94,551,-457
103000076,265,258,7
103000077,40,247,-207
103000078,951,464,487
103000079,728,447,281
103000080,942,339,603
103000081,419,847,-428
103000082,403,128,275
103000083,107,269,-162
103000084,109,5,104
103000085,0,72,-72
103000086,516,293,223
103000087,124,395,-271
103000088,391,351,40
103000089,267,352,-85
103000090,1523,656,867
103000091,609,408,201
103000092,199,267,-68
103000093,282,358,-76
103000094,129,104,25
103000095,55,313,-258
103000096,544,108,436
103000097,78,608,-530
103000098,875,190,685
103000099,282,555,-273
103000100,107,655,-548
103000101,636,127,509
103000102,64,502,-438
103000103,547,167,380
103000104,46,80,-34
103000105,92,94,-2
103000106,9,83,-74
103000107,199,46,153
103000108,809,687,122
103000109,297,333,-36
103000110,386,361,25
103000111,429,411,18
103000112,300,158,142
103000113,652,615,37
103000114,1429,401,1028
103000115,445,486,-41
103000116,545,402,143
103000117,335,420,-85
103000118,710,673,37
103000119,987,528,459
103000120,74,85,-11
103000121,309,600,-291
103000122,374,354,20
103000125,10,251,-241
103000126,482,2,480
103000127,5,147,-142
103000128,180,1,179
103000129,2,103,-101
103000130,50,24,26
103000131,131,66,65
103000132,90,106,-16
103000133,13,72,-59
103000134,433,536,-103
103000135,495,204,291
103000136,592,328,264
103000137,403,456,-53
103000138,637,588,49
103000139,5,73,-68
103000140,143,23,120
103000141,40,102,-62
103000142,126,51,75
103000143,54,183,-129
103000144,171,55,116
103000145,23,73,-50
103000150,79,44,35
103000152,258,253,5
103000153,210,156,54
103000156,2,284,-282
103000157,298,4,294
103000159,75,20,55
103000162,56,15,41
103000163,13,27,-14
103000164,53,14,39
103000165,129,221,-92
103000166,158,247,-89
103000167,113,107,6
103000168,61,204,-143
103000169,174,318,-144
103000170,599,326,273
103000171,50,73,-23
103000172,390,322,68
103000173,353,383,-30
103000174,126,332,-206
103000175,292,242,50
103000176,678,550,128
103000177,452,406,46
103000178,197,298,-101
103000179,170,29,141
103000183,154,51,103
103000185,66,48,18
103000186,106,173,-67
103000187,397,345,52
103000188,12,58,-46
103000189,927,845,82
103000191,391,381,10
103000292,1987,1220,767
103000293,815,1613,-798
103000295,79,100,-21
103000296,213,2,211
103000297,18,9,9
103000504,0,5,-5
103000505,5,22,-17
103000506,2,240,-238
103000507,231,5,226
103000508,35,47,-12
103000509,267,509,-242
103000514,7,3,4
103900001,3,149,-146
103900002,917,182,735
103900003,950,24,926
103900004,136,2,134
103900005,6,179,-173
103900006,0,0,0
103900007,40,8,32
103900008,7,0,7
103900009,216,476,-260
103900010,105,314,-209
103900011,202,167,35
103900012,9,21,-12
103900013,31,61,-30
103900014,47,8,39
103900015,25,8,17
103900016,236,166,70
103900017,19,119,-100
103900018,649,216,433
103900019,78,260,-182
103900020,219,333,-114
103900021,398,64,334
103900022,752,558,194
103900023,117,3,114
103900024,59,216,-157
103900025,37,38,-1
103900026,102,1,101
103900027,725,240,485
103900028,14,244,-230
103900029,1000,213,787
103900030,300,65,235
103900031,23,5,18
103900032,77,74,3
103900033,85,19,66
103900034,21,112,-91
103900035,67,37,30
103900036,42,25,17
103900037,107,54,53
103900038,68,153,-85
103900039,46,329,-283
103900040,14,114,-100
103900041,49,51,-2
103900042,77,355,-278
103900043,125,44,81
103900044,135,221,-86
103900045,288,118,170
103900047,48,19,29
103900048,44,27,17
103900049,195,808,-613
103900050,2,90,-88
103900051,0,35,-35
103900052,163,310,-147
103900053,182,473,-291
103900054,77,296,-219
103900055,348,226,122
103900056,30,45,-15
103900057,22,180,-158
103900058,203,611,-408
103900059,0,10,-10
103900060,25,168,-143
103900061,189,54,135
103900062,149,86,63
103900063,7,0,7
103900064,86,3,83
103900065,747,328,419
103900066,125,16,109
103900067,136,7,129
103900068,8,0,8
103900069,67,45,22
103900070,136,191,-55
103900071,19,108,-89
103900072,18,142,-124
103900073,29,41,-12
103900074,96,66,30
103900075,145,68,77
103900076,400,406,-6
103900077,50,93,-43
103900078,183,95,88
103900079,104,140,-36
103900080,13,27,-14
103900081,131,35,96
103900082,4,103,-99
103900083,1346,742,604
103900084,43,104,-61
103900085,74,102,-28
103900086,485,288,197
103900088,295,415,-120
103900089,54,134,-80
103900090,0,119,-119
103900091,1062,294,768
103900092,451,350,101
103900093,83,290,-207
103900094,10,114,-104
103900095,204,176,28
103900096,21,193,-172
103900097,7,354,-347
103900098,135,73,62
103900099,55,118,-63
103900100,157,317,-160
103900101,45,883,-838
103900102,5,20,-15
103900104,0,29,-29
103900105,77,226,-149
103900106,0,31,-31
103900107,95,162,-67
103900108,31,257,-226
103900109,93,79,14
103900110,187,30,157
103900111,63,511,-448
103900112,39,79,-40
103900113,134,201,-67
103900114,267,277,-10
103900115,176,155,21
103900116,4696,2392,2304
103900117,136,66,70
103900119,23,68,-45
103900120,55,109,-54
103900122,82,161,-79
103900123,1283,590,693
103900124,65,358,-293
103900125,96,85,11
103900126,338,356,-18
103900127,142,334,-192
103900128,91,138,-47
103900131,36,96,-60
103900133,725,71,654
103900134,0,4,-4
103900135,1,6,-5
103900137,0,26,-26
103900138,88,234,-146
103900139,438,1431,-993
103900140,5,95,-90
103900141,257,57,200
103900142,106,85,21
103900143,54,5,49
103900144,0,44,-44
103900145,138,198,-60
103900146,214,172,42
103900147,228,101,127
103900148,146,185,-39
103900149,232,553,-321
103900150,4579,2641,1938
103900151,45,122,-77
103900152,372,369,3
103900153,10,6,4
103900154,560,1149,-589
103900155,29,239,-210
103900156,62,149,-87
103900157,32,147,-115
103900158,53,145,-92
103900159,100,71,29
103900160,62,43,19
103900161,88,176,-88
103900162,42,141,-99
103900163,7,406,-399
103900167,16,79,-63
103900168,78,91,-13
103900169,40,30,10
103900170,1,83,-82
103900171,2,68,-66
103900172,6,12,-6
103900173,14,12,2
103900174,106,38,68
103900175,34,37,-3
103900176,4,28,-24
103900177,13,77,-64
103900178,31,26,5
103900179,48,73,-25
103900180,9,51,-42
103900181,43,32,11
103900182,28,11,17
103900184,342,69,273
103900185,86,216,-130
103900187,17,76,-59
103900188,43,18,25
103900189,75,6,69
103900190,45,41,4
103900191,38,33,5
103900192,40,96,-56
103900193,145,135,10
103900194,57,218,-161
103900195,3,61,-58
103900196,26,27,-1
103900197,18,24,-6
103900198,21,46,-25
103900199,133,47,86
103900200,143,108,35
103900201,95,127,-32
103900202,2,54,-52
103900203,18,15,3
103900204,0,64,-64
103900207,0,96,-96
103900208,84,1,83
103900209,4,61,-57
103900210,18,16,2
103900211,416,332,84
103900212,79,300,-221
103900213,56,230,-174
103900214,238,172,66
103900215,402,299,103
103900216,17,289,-272
103900217,278,16,262
103900218,8,325,-317
103900219,86,201,-115
103900233,0,0,0
103900235,15,12,3
103900236,25,5,20
103900242,0,17,-17
103900243,2,3,-1
103900244,91,249,-158
103900245,62,199,-137
103900246,35,26,9
103900247,31,86,-55
103900248,5,30,-25
103900249,20,34,-14
103900250,20,20,0
103900251,0,19,-19
103900253,21,80,-59
103900254,1,11,-10
103900255,7,14,-7
103900256,11,20,-9
103900257,136,70,66
103900258,32,1,31
103900259,71,5,66
103900261,3,2,1
103900262,33,0,33
103900263,23,26,-3
103900264,62,30,32
103900265,52,11,41
103900266,1,62,-61
103900267,2,80,-78
103900268,8,92,-84
103900269,146,40,106
103900270,35,137,-102
103900271,19,66,-47
103900272,52,80,-28
103900273,37,58,-21
103900274,70,7,63
103900275,31,5,26
103900276,2,59,-57
103900277,4,49,-45
103900278,7,50,-43
103900279,3,22,-19
103900280,0,99,-99
103900281,94,216,-122
103900282,7,12,-5
103900283,44,9,35
103900284,11,9,2
103900285,14,51,-37
103900286,39,84,-45
103900287,2,43,-41
103900288,70,67,3
103900289,21,1,20
103900290,164,12,152
103900291,81,2,79
103900292,8,4,4
103900293,14,16,-2
103900294,18,17,1
104000001,1751,1623,128
104000002,1274,2246,-972
104000003,1850,1738,112
104000004,2202,2190,12
104000005,1119,1548,-429
104000006,2593,2308,285
104000007,2859,2652,207
104000008,225,368,-143
104000009,153,99,54
104000010,136,263,-127
104000011,372,243,129
104000012,149,295,-146
104000013,157,153,4
104000014,185,662,-477
104000015,273,134,139
104000016,520,388,132
104000018,729,159,570
104000019,520,142,378
104000020,144,683,-539
104000021,259,771,-512
104000022,117,293,-176
104000023,561,342,219
104000024,254,339,-85
104000026,39,317,-278
104000027,234,328,-94
104000028,283,198,85
104000029,338,334,4
104000030,185,178,7
104000031,932,412,520
104000032,206,248,-42
104000033,402,464,-62
104000034,295,232,63
104000035,640,389,251
104000036,573,471,102
104000037,226,194,32
104000038,128,280,-152
104000039,137,277,-140
104000040,244,377,-133
104000041,840,439,401
104000042,83,128,-45
104000043,214,344,-130
104000044,206,566,-360
104000045,935,1048,-113
104000046,1129,1391,-262
104000047,571,1067,-496
104000048,887,1466,-579
104000049,316,216,100
104000050,179,436,-257
104000051,102,439,-337
104000052,1300,1360,-60
104000053,512,357,155
104000054,246,329,-83
104000055,3139,1977,1162
104000056,1275,281,994
104000057,194,600,-406
104000058,1179,1198,-19
104000059,275,711,-436
104000060,931,1154,-223
104000061,1220,1017,203
104000062,448,160,288
104000064,493,257,236
104000065,199,516,-317
104000069,825,885,-60
104000070,59,379,-320
104000071,220,408,-188
104000072,666,257,409
104000075,43,240,-197
104000076,394,103,291
104000082,1720,2237,-517
104000083,794,184,610
104000084,141,468,-327
104000085,216,249,-33
104000086,153,377,-224
104000087,373,1379,-1006
104000090,640,1009,-369
104000092,863,1779,-916
104000094,638,1277,-639
104000095,1348,1349,-1
104000096,1023,207,816
104000097,1324,776,548
104000098,1630,915,715
104000100,1264,596,668
104000101,600,1038,-438
104000106,130,555,-425
104000107,574,427,147
104000108,245,408,-163
104000109,269,73,196
104000110,726,814,-88
104000111,2726,1542,1184
104000112,1900,441,1459
104000116,3,831,-828
104000117,132,494,-362
104000118,407,201,206
104000119,427,175,252
104000120,199,540,-341
104000121,172,596,-424
104000122,551,595,-44
104000123,728,915,-187
104000124,907,1733,-826
104000125,2401,3019,-618
104000126,333,304,29
104000127,1448,2831,-1383
104000128,522,385,137
104000129,251,60,191
104000130,8,158,-150
104000131,668,493,175
104000132,708,641,67
104000133,1206,709,497
104000134,803,1225,-422
104000135,363,1406,-1043
104000136,598,3140,-2542
104000137,1202,340,862
104000138,632,211,421
104000139,5690,2403,3287
104000141,934,1135,-201
104000142,535,766,-231
104000143,484,557,-73
104000144,65,157,-92
104000145,303,167,136
104000146,316,493,-177
104000147,131,288,-157
104000148,303,126,177
104000149,155,250,-95
104000150,699,333,366
104000151,329,367,-38
104000152,422,476,-54
104000153,416,497,-81
104000154,890,515,375
104000155,333,510,-177
104000157,695,1229,-534
104000158,268,257,11
104000159,661,365,296
104000160,1454,1531,-77
104000161,182,158,24
104000162,59,107,-48
104000165,1247,1142,105
104000167,1046,1173,-127
104000168,384,9,375
104000169,91,34,57
104000170,411,500,-89
104000248,193,558,-365
104000251,47,203,-156
104000272,0,0,0
104000273,0,0,0
104000274,0,0,0
104000275,0,0,0
104000279,2496,1526,970
104000290,73,196,-123
104000291,973,1280,-307
104000293,616,791,-175
104000294,9,0,9
104000295,473,537,-64
104000296,304,594,-290
104000297,800,1331,-531
104000298,1432,698,734
104000299,599,1296,-697
104000302,116,120,-4
104000303,141,121,20
104900001,153,346,-193
104900002,39,126,-87
104900003,57,217,-160
104900004,53,199,-146
104900005,189,144,45
104900006,251,79,172
104900007,185,188,-3
104900009,93,234,-141
104900010,51,60,-9
104900011,12,8,4
104900012,196,17,179
104900013,100,10,90
104900014,2217,238,1979
104900015,82,2,80
104900016,137,161,-24
104900017,114,126,-12
104900018,12,132,-120
104900019,289,1910,-1621
104900020,41,199,-158
104900021,2,134,-132
104900022,6,161,-155
104900023,0,82,-82
104900024,22,165,-143
104900025,54,160,-106
104900026,1,73,-72
104900027,299,226,73
104900028,21,80,-59
104900029,40,99,-59
104900030,338,155,183
104900031,78,199,-121
104900032,43,60,-17
104900033,103,255,-152
104900034,284,105,179
104900035,269,119,150
104900036,166,84,82
104900037,85,168,-83
104900038,346,562,-216
104900039,555,269,286
104900040,404,86,318
104900041,178,160,18
104900042,115,162,-47
104900043,13,112,-99
104900044,536,179,357
104900045,367,36,331
104900046,171,93,78
104900047,204,94,110
104900048,185,74,111
104900049,27,24,3
104900050,183,58,125
104900051,214,35,179
104900052,43,0,43
104900053,277,89,188
104900054,101,15,86
104900055,91,0,91
104900056,121,13,108
104900057,14,2,12
104900058,452,152,300
104900059,195,55,140
104900061,136,410,-274
104900063,48,103,-55
104900064,1,48,-47
104900065,5,111,-106
104900066,1,78,-77
104900067,1,217,-216
104900068,9,160,-151
104900070,148,206,-58
104900071,1,346,-345
104900072,41,260,-219
104900073,40,108,-68
104900074,50,183,-133
104900075,45,24,21
104900076,49,259,-210
104900077,603,246,357
104900078,167,427,-260
104900079,105,329,-224
104900080,59,378,-319
104900082,10,312,-302
104900085,2,156,-154
104900089,114,1,113
104900091,401,430,-29
104900093,174,346,-172
104900097,1904,1557,347
104900098,66,32,34
104900099,30,361,-331
104900100,314,171,143
104900102,19,101,-82
104900103,326,46,280
104900106,55,112,-57
104900107,110,114,-4
104900108,28,151,-123
104900109,75,132,-57
104900110,5,54,-49
104900111,65,66,-1
104900112,216,565,-349
104900113,508,260,248
104900114,279,376,-97
104900115,498,332,166
104900116,159,178,-19
104900118,10,42,-32
104900119,1,30,-29
104900120,55,215,-160
104900121,1,39,-38
104900122,9,58,-49
104900123,33,2,31
104900124,39,1,38
104900125,361,96,265
104900126,34,35,-1
104900127,27,38,-11
104900128,76,66,10
104900129,1096,1094,2
105000001,2096,1455,641
105000002,1954,1363,591
105000003,2845,2761,84
105000004,389,788,-399
105000005,518,822,-304
105000006,1168,1443,-275
105000007,938,1146,-208
105000008,1589,2143,-554
105000009,1767,2451,-684
105000010,2824,2076,748
105000011,2529,2190,339
105000012,3286,2751,535
105000013,798,893,-95
105000014,1273,2038,-765
105000015,7498,10311,-2813
105000016,3030,1648,1382
105000017,1659,725,934
105000018,1039,1110,-71
105000019,977,702,275
105000020,194,369,-175
105000021,253,95,158
105000022,288,86,202
105000023,488,393,95
105000028,81,117,-36
105000029,498,946,-448
105000030,3429,2416,1013
105000031,0,19,-19
105000033,1008,1680,-672
105000034,109,660,-551
105000037,527,218,309
105000038,1578,1319,259
105000039,2244,1299,945
105000040,740,903,-163
105000041,379,1001,-622
105000042,2393,1395,998
105000043,1465,1633,-168
105000044,495,410,85
105000045,367,674,-307
105000046,871,311,560
105000047,466,1114,-648
105000048,543,146,397
105000049,269,457,-188
105000050,547,341,206
105000051,145,356,-211
105000052,452,648,-196
105000053,126,137,-11
105000054,253,702,-449
105000055,570,305,265
105000056,870,1610,-740
105000057,891,745,146
105000058,1005,1070,-65
105000059,583,487,96
105000060,380,500,-120
105000061,449,455,-6
105000062,581,688,-107
105000063,277,414,-137
105000064,1060,695,365
105000065,327,555,-228
105000066,946,1316,-370
105000067,1066,592,474
105000068,600,823,-223
105000069,1504,1252,252
105000070,641,744,-103
105000071,230,615,-385
105000072,908,1552,-644
105000073,693,435,258
105000074,954,666,288
105000075,464,702,-238
105000076,915,886,29
105000077,2424,900,1524
105000078,1139,1200,-61
105000079,1489,3207,-1718
105000080,1388,1152,236
105000081,4099,1375,2724
105000082,1046,1520,-474
105000083,4995,3121,1874
105000084,559,782,-223
105000085,1277,1634,-357
105000086,590,895,-305
105000087,1286,1496,-210
105000088,1248,1434,-186
105000089,2395,1803,592
105000090,889,686,203
105000091,1031,1249,-218
105000092,635,787,-152
105000093,286,219,67
105000094,272,198,74
105000095,95,417,-322
105000096,1005,795,210
105000097,1005,745,260
105000098,751,549,202
105000099,855,562,293
105000100,1010,870,140
105000101,1629,1697,-68
105000102,1098,1014,84
105000103,988,1741,-753
105000104,1630,815,815
105000105,877,1656,-779
105000106,998,1422,-424
105000107,923,751,172
105000108,1238,1304,-66
105000109,1261,1320,-59
105000110,583,522,61
105000111,546,698,-152
105000112,1061,544,517
105000113,312,646,-334
105000114,2270,945,1325
105000115,304,1005,-701
105000116,510,403,107
105000117,788,875,-87
105000118,354,322,32
105000119,472,787,-315
105000120,752,494,258
105000121,729,943,-214
105000122,319,565,-246
105000123,820,1081,-261
105000124,1352,645,707
105000125,730,1586,-856
105000126,1514,1451,63
105000127,1899,1694,205
105000128,448,891,-443
105000129,612,340,272
105000130,364,2278,-1914
105000131,759,336,423
105000132,643,503,140
105000133,392,740,-348
105000134,496,454,42
105000135,390,547,-157
105000136,126,308,-182
105000137,410,209,201
105000138,206,318,-112
105000139,872,810,62
105000140,360,496,-136
105000141,271,432,-161
105000142,165,434,-269
105000143,131,554,-423
105000144,252,766,-514
105000145,474,358,116
105000146,410,802,-392
105000147,481,287,194
105000148,1021,577,444
105000149,1726,1574,152
105000150,1711,1284,427
105000151,374,326,48
105000152,183,432,-249
105000153,472,499,-27
105000154,586,425,161
105000155,261,678,-417
105000156,764,534,230
105000157,655,1258,-603
105000158,1496,675,821
105000159,255,772,-517
105000160,1451,563,888
105000161,526,853,-327
105000162,415,1329,-914
105000163,916,646,270
105000164,208,200,8
105000165,800,3676,-2876
105000166,3751,630,3121
105000167,1617,1096,521
105000168,304,582,-278
105000169,467,345,122
105000170,153,1103,-950
105000171,833,167,666
105000172,104,28,76
105000173,111,23,88
105000174,52,32,20
105000175,64,129,-65
105000176,432,119,313
105000177,238,159,79
105000178,102,350,-248
105000179,371,122,249
105000180,109,101,8
105000181,80,217,-137
105000182,37,46,-9
105000183,1859,1412,447
105000184,1712,786,926
105000185,1254,690,564
105000186,517,729,-212
105000187,636,160,476
105000188,227,110,117
105000189,208,426,-218
105000190,209,321,-112
105000191,348,314,34
105000192,204,68,136
105000193,80,79,1
105000194,379,130,249
105000195,215,558,-343
105000196,83,197,-114
105000197,238,509,-271
105000198,619,259,360
105000199,320,563,-243
105000200,122,191,-69
105000201,79,31,48
105000203,15,198,-183
105000204,82,57,25
105000205,134,220,-86
105000207,409,178,231
105000208,174,392,-218
105000209,193,299,-106
105000211,217,29,188
105000212,1016,1006,10
105000213,145,162,-17
105000214,134,226,-92
105000215,232,174,58
105000216,156,289,-133
105000217,91,221,-130
105000218,917,978,-61
105000221,121,155,-34
105000222,363,81,282
105000223,236,145,91
105000226,72,213,-141
105000227,67,127,-60
105000228,223,1211,-988
105000229,152,432,-280
105000231,282,226,56
105000233,785,563,222
105000234,449,1012,-563
105000235,293,433,-140
105000237,504,61,443
105000243,23,28,-5
105000248,64,76,-12
105000262,220,1060,-840
105000269,82,219,-137
105000270,363,57,306
105000271,3,210,-207
105000282,79,49,30
105000287,361,99,262
105000288,428,343,85
105000289,3249,1775,1474
105000290,16,9,7
105000402,3069,2749,320
105000426,576,473,103
105000438,4768,1745,3023
105000440,27,22,5
105000446,9891,4785,5106
105000447,6013,2389,3624
105000454,318,597,-279
105000455,260,166,94
105000474,46,0,46
105000477,305,440,-135
105000478,1355,3139,-1784
105000479,116,123,-7
105000480,9930,5797,4133
105000481,4101,2647,1454
105000482,5045,7660,-2615
105000483,1384,1546,-162
105000484,2051,2977,-926
105000485,1113,2431,-1318
105000486,3187,2152,1035
105000488,11473,5488,5985
105000489,593,711,-118
105000549,82,112,-30
105000550,584,1364,-780
105000551,41,108,-67
105000552,2589,1683,906
105000555,1532,844,688
105000556,38,30,8
105000557,37,191,-154
105900001,10,750,-740
105900002,969,422,547
105900003,7,88,-81
105900004,119,112,7
105900005,3,137,-134
105900006,9,57,-48
105900007,49,16,33
105900008,71,441,-370
105900009,13,13,0
105900011,128,22,106
105900012,251,74,177
105900013,0,27,-27
105900014,6,49,-43
105900015,131,238,-107
105900016,235,376,-141
105900017,836,19,817
105900018,160,134,26
105900019,36,242,-206
105900020,46,53,-7
105900021,34,130,-96
105900022,197,142,55
105900023,3,63,-60
105900024,6,67,-61
105900025,153,21,132
105900026,203,15,188
105900027,4019,5615,-1596
105900028,305,193,112
105900029,1058,305,753
105900030,157,206,-49
105900031,280,168,112
105900032,57,97,-40
105900033,81,75,6
105900034,148,126,22
105900035,104,110,-6
105900036,76,109,-33
105900037,55,54,1
105900038,126,184,-58
105900039,108,122,-14
105900040,50,93,-43
105900041,164,135,29
105900042,31,133,-102
105900043,911,34,877
105900044,6,186,-180
105900045,6,478,-472
105900046,5,182,-177
105900047,9,19,-10
105900048,48,414,-366
105900050,5193,2028,3165
105900051,14,598,-584
105900052,345,287,58
105900053,2121,1628,493
105900054,277,104,173
105900056,466,205,261
105900057,23,45,-22
105900058,11,23,-12
105900059,0,38,-38
106000001,3948,2128,1820
106000002,2263,4916,-2653
106000003,2156,2913,-757
106000004,1449,2370,-921
106000005,2435,4670,-2235
106000006,5088,3767,1321
106000007,372,633,-261
106000008,363,273,90
106000009,442,342,100
106000010,468,471,-3
106000011,861,913,-52
106000012,729,1165,-436
106000013,1249,1742,-493
106000014,1536,1433,103
106000015,1136,1025,111
106000016,1034,2039,-1005
106000017,455,493,-38
106000018,533,452,81
106000019,251,283,-32
106000020,207,316,-109
106000021,297,424,-127
106000022,268,228,40
106000023,457,308,149
106000024,412,504,-92
106000025,96,131,-35
106000026,91,364,-273
106000027,862,1047,-185
106000028,479,529,-50
106000029,687,1136,-449
106000030,540,419,121
106000034,186,592,-406
106000035,751,1497,-746
106000036,194,339,-145
106000037,1807,1364,443
106000038,438,104,334
106000039,149,106,43
106000040,154,737,-583
106000041,607,515,92
106000043,515,213,302
106000046,283,79,204
106000047,58,318,-260
106000049,766,178,588
106000050,302,657,-355
106000051,461,256,205
106000052,98,550,-452
106000053,274,100,174
106000054,319,424,-105
106000055,819,690,129
106000056,222,361,-139
106000057,227,201,26
106000058,117,173,-56
106000059,257,199,58
106000060,302,481,-179
106000061,172,358,-186
106000062,159,472,-313
106000063,544,502,42
106000064,31,321,-290
106000065,266,267,-1
106000066,100,289,-189
106000067,236,80,156
106000068,54,520,-466
106000069,143,60,83
106000070,375,669,-294
106000071,834,290,544
106000072,2382,1356,1026
106000073,1388,2441,-1053
106000074,547,558,-11
106000075,260,1328,-1068
106000076,1638,1803,-165
106000077,2969,1370,1599
106000078,716,882,-166
106000079,423,791,-368
106000080,1004,576,428
106000081,441,936,-495
106000082,1934,765,1169
106000083,388,1253,-865
106000084,959,575,384
106000085,1176,1295,-119
106000086,535,777,-242
106000087,819,505,314
106000088,375,765,-390
106000089,714,339,375
106000090,272,495,-223
106000091,235,356,-121
106000092,498,248,250
106000093,285,111,174
106000094,81,230,-149
106000095,514,641,-127
106000096,696,595,101
106000097,693,742,-49
106000098,597,839,-242
106000099,102,547,-445
106000100,823,235,588
106000101,713,552,161
106000102,136,366,-230
106000103,200,180,20
106000104,223,211,12
106000105,409,541,-132
106000106,562,444,118
106000107,175,371,-196
106000108,355,369,-14
106000109,158,305,-147
106000110,270,283,-13
106000111,162,308,-146
106000112,201,319,-118
106000113,580,441,139
106000114,251,360,-109
106000115,288,679,-391
106000116,523,427,96
106000117,836,594,242
106000118,869,1133,-264
106000119,1313,912,401
106000120,742,935,-193
106000121,135,144,-9
106000122,71,171,-100
106000123,356,114,242
106000124,63,171,-108
106000125,32,195,-163
106000126,220,135,85
106000127,519,562,-43
106000128,673,223,450
106000129,614,540,74
106000130,593,607,-14
106000131,98,682,-584
106000132,453,164,289
106000133,1649,999,650
106000134,513,986,-473
106000135,468,710,-242
106000136,446,705,-259
106000137,56,659,-603
106000138,795,93,702
106000139,47,98,-51
106000140,45,47,-2
106000141,82,45,37
106000142,45,55,-10
106000143,45,63,-18
106000144,59,58,1
106000145,148,246,-98
106000146,291,107,184
106000147,708,604,104
106000148,856,884,-28
106000149,496,458,38
106000150,405,1463,-1058
106000151,3066,581,2485
106000152,875,1513,-638
106000153,113,1119,-1006
106000154,985,196,789
106000155,85,221,-136
106000156,516,262,254
106000157,506,1298,-792
106000158,2026,893,1133
106000159,2480,1466,1014
106000160,338,1923,-1585
106000161,1140,315,825
106000162,203,681,-478
106000163,302,344,-42
106000164,252,276,-24
106000165,143,491,-348
106000166,451,256,195
106000167,186,817,-631
106000168,405,246,159
106000169,230,507,-277
106000170,568,231,337
106000171,171,881,-710
106000172,2341,1131,1210
106000173,752,1930,-1178
106000174,787,338,449
106000175,305,704,-399
106000176,1097,670,427
106000177,547,1838,-1291
106000178,2749,1480,1269
106000179,993,1803,-810
106000180,685,1092,-407
106000181,530,1317,-787
106000182,959,515,444
106000183,1056,518,538
106000184,1512,511,1001
106000185,790,791,-1
106000186,738,141,597
106000187,155,862,-707
106000188,0,3,-3
106000189,13,47,-34
106000190,13,0,13
106000191,473,143,330
106000192,0,16,-16
106000193,291,138,153
106000194,131,241,-110
106000195,281,83,198
106000196,118,269,-151
106000197,446,205,241
106000198,115,224,-109
106000199,592,502,90
106000200,148,180,-32
106000201,333,1644,-1311
106000202,2810,432,2378
106000203,39,192,-153
106000204,64,5,59
106000205,21,126,-105
106000206,66,12,54
106000207,43,523,-480
106000208,950,148,802
106000209,1098,256,842
106000210,242,764,-522
106000211,262,978,-716
106000212,553,378,175
106000213,725,1491,-766
106000214,1831,466,1365
106000215,204,466,-262
106000216,997,356,641
106000217,228,383,-155
106000218,366,320,46
106000219,148,281,-133
106000220,666,471,195
106000221,121,216,-95
106000222,41,83,-42
106000223,185,108,77
106000224,151,222,-71
106000225,52,88,-36
106000226,101,282,-181
106000228,32,90,-58
106000229,81,636,-555
106000231,692,72,620
106000232,55,305,-250
106000233,299,54,245
106000234,40,166,-126
106000235,249,52,197
106000236,92,54,38
106000237,0,9,-9
106000238,30,10,20
106000239,9,71,-62
106000240,29,0,29
106000241,7,540,-533
106000242,249,23,226
106000249,45,54,-9
106000250,56,475,-419
106000251,73,20,53
106000252,10,53,-43
106000253,32,52,-20
106000254,33,31,2
106000255,19,133,-114
106000256,28,37,-9
106000257,125,181,-56
106000258,127,13,114
106000259,4,44,-40
106000260,20,4,16
106000261,2,55,-53
106000262,91,6,85
106000263,7,66,-59
106000264,141,5,136
106000265,14,87,-73
106000266,89,18,71
106000267,4,71,-67
106000268,531,55,476
106000269,62,39,23
106000270,116,385,-269
106000271,60,166,-106
106000272,183,70,113
106000273,7,203,-196
106000274,89,44,45
106000275,153,244,-91
106000276,129,34,95
106000277,104,200,-96
106000278,217,31,186
106000279,7,42,-35
106000280,67,66,1
106000281,57,47,10
106000282,68,69,-1
106000283,101,47,54
106000284,43,71,-28
106000285,120,82,38
106000286,72,95,-23
106000287,93,76,17
106000288,65,142,-77
106000289,78,42,36
106000290,54,91,-37
106000291,88,73,15
106000292,75,99,-24
106000293,128,83,45
106000294,145,93,52
106000295,25,45,-20
106000296,30,99,-69
106000297,64,170,-106
106000298,106,75,31
106000299,74,113,-39
106000300,48,78,-30
106000301,52,113,-61
106000303,7,55,-48
106000304,21,21,0
106000305,28,29,-1
106000306,27,45,-18
106000307,27,16,11
106000308,17,87,-70
106000309,15,49,-34
106000310,343,559,-216
106000311,286,158,128
106000312,202,258,-56
106000313,151,176,-25
106000318,79,370,-291
106000319,849,200,649
106000320,3,43,-40
106000321,192,80,112
106000322,108,130,-22
106000324,11,117,-106
106000325,1115,785,330
106000326,787,1562,-775
106000327,115,121,-6
106000328,24,86,-62
106000329,33,191,-158
106000330,30,65,-35
106000428,77,161,-84
106000429,130,493,-363
106000430,277,1101,-824
106000431,1560,337,1223
106000432,2032,2707,-675
106000433,2068,1258,810
106000434,2545,1262,1283
106000435,1364,2346,-982
106000436,11,136,-125
106000437,224,28,196
106000438,453,128,325
106000439,72,267,-195
106000440,448,617,-169
106000441,1,0,1
106000442,135,5,130
106000443,151,318,-167
106000450,1,119,-118
106000451,30,32,-2
106000454,4,101,-97
106000455,7,174,-167
106000456,108,41,67
106000457,11,746,-735
106000458,620,132,488
106000459,267,291,-24
106000460,945,27,918
106000461,108,851,-743
106000462,0,74,-74
106000463,3,16,-13
106000464,5,376,-371
106000465,488,1,487
106000466,2,439,-437
106000467,298,392,-94
106000468,32,106,-74
106000469,185,1,184
106000470,226,1231,-1005
106000471,18,390,-372
106000472,134,8,126
106000473,27,18,9
106000474,455,584,-129
106000475,330,244,86
106000476,274,331,-57
106000477,56,145,-89
106000480,1,317,-316
106900001,0,10,-10
106900002,2,360,-358
106900003,73,192,-119
106900004,0,26,-26
106900006,0,5,-5
106900007,0,8,-8
106900008,240,149,91
106900009,246,210,36
106900010,164,223,-59
106900012,1131,976,155
106900013,118,35,83
106900014,34,4,30
106900015,8,3,5
106900016,245,7,238
106900017,2,0,2
106900018,2,0,2
106900019,28,1,27
106900020,1402,944,458
106900021,140,156,-16
106900022,548,2,546
106900023,6,174,-168
106900024,188,21,167
106900025,27,306,-279
106900026,1,455,-454
106900027,685,0,685
106900028,7,119,-112
106900029,144,26,118
106900030,6,99,-93
107000001,3112,2590,522
107000002,2860,4074,-1214
107000003,3864,5047,-1183
107000004,3987,4100,-113
107000005,3118,4255,-1137
107000006,3946,4048,-102
107000007,3874,7587,-3713
107000008,10075,7467,2608
107000009,5118,5683,-565
107000010,8857,8821,36
107000011,1336,1235,101
107000012,3551,2826,725
107000013,50,114,-64
107000014,49,236,-187
107000015,588,721,-133
107000016,621,741,-120
107000017,2412,787,1625
107000018,14,386,-372
107000020,1086,656,430
107000021,879,428,451
107000022,581,844,-263
107000023,1218,220,998
107000024,419,1181,-762
107000025,214,332,-118
107000026,179,460,-281
107000027,1134,830,304
107000028,1023,1358,-335
107000029,2444,2148,296
107000030,2608,2711,-103
107000031,3327,2181,1146
107000032,469,909,-440
107000033,2372,3120,-748
107000034,2300,1430,870
107000035,286,190,96
107000036,303,1088,-785
107000037,75,643,-568
107000038,214,192,22
107000039,739,659,80
107000040,120,258,-138
107000041,1234,693,541
107000042,731,1623,-892
107000043,2021,1048,973
107000044,534,270,264
107000045,140,269,-129
107000046,623,359,264
107000047,406,777,-371
107000048,626,224,402
107000049,605,776,-171
107000050,1040,560,480
107000051,396,317,79
107000052,962,878,84
107000053,302,159,143
107000054,84,287,-203
107000055,337,143,194
107000056,443,702,-259
107000057,1410,235,1175
107000058,1790,1900,-110
107000059,1831,2997,-1166
107000060,3525,4317,-792
107000061,4406,3167,1239
107000062,3388,2599,789
107000063,3924,4500,-576
107000064,3442,2019,1423
107000065,3518,4227,-709
107000066,1492,2147,-655
107000067,928,879,49
107000068,1014,574,440
107000069,672,415,257
107000070,1122,3,1119
107000071,2464,47,2417
107000072,46,2567,-2521
107000073,619,317,302
107000074,209,783,-574
107000075,1368,398,970
107000076,623,1347,-724
107000077,2811,1400,1411
107000078,2846,2948,-102
107000079,2307,905,1402
107000080,1297,2944,-1647
107000081,1327,635,692
107000082,526,1670,-1144
107000083,1090,416,674
107000084,302,1443,-1141
107000085,2544,3027,-483
107000086,3404,3148,256
107000087,2459,1792,667
107000088,2925,3390,-465
107000089,1199,1449,-250
107000090,728,1029,-301
107000091,1246,845,401
107000092,708,979,-271
107000093,1044,686,358
107000094,914,1119,-205
107000095,522,577,-55
107000096,519,653,-134
107000097,666,317,349
107000098,568,575,-7
107000099,370,253,117
107000100,222,261,-39
107000101,56,158,-102
107000102,199,216,-17
107000103,245,206,39
107000104,195,277,-82
107000105,338,117,221
107000106,130,245,-115
107000107,500,149,351
107000108,174,566,-392
107000109,493,172,321
107000110,71,380,-309
107000111,276,52,224
107000112,66,371,-305
107000113,542,125,417
107000114,134,625,-491
107000115,467,151,316
107000116,125,706,-581
107000117,101,498,-397
107000118,165,191,-26
107000119,1097,1304,-207
107000120,1123,372,751
107000121,801,730,71
107000122,1106,860,246
107000123,360,643,-283
107000124,484,963,-479
107000125,673,513,160
107000126,842,787,55
107000129,268,717,-449
107000130,628,229,399
107000131,301,552,-251
107000132,477,324,153
107000133,840,98,742
107000134,229,2,227
107000135,1,188,-187
107000136,692,10,682
107000137,18,322,-304
107000138,300,21,279
107000139,15,360,-345
107000140,1052,66,986
107000141,134,629,-495
107000142,426,95,331
107000143,52,630,-578
107000144,371,352,19
107000145,163,425,-262
107000146,163,341,-178
107000147,3583,995,2588
107000150,537,2089,-1552
107000151,38,124,-86
107000152,382,1040,-658
107000153,145,309,-164
107000154,293,246,47
107000155,763,22,741
107000156,847,26,821
107000157,33,1398,-1365
107000158,505,28,477
107000159,46,921,-875
107000160,867,105,762
107000161,69,1155,-1086
107000162,185,391,-206
107000163,190,5,185
107000164,538,2,536
107000165,786,5,781
107000166,57,1007,-950
107000167,477,232,245
107000168,813,441,372
107000169,652,808,-156
107000170,1579,662,917
107000171,505,1598,-1093
107000172,883,1240,-357
107000173,625,823,-198
107000174,722,3724,-3002
107000175,5423,1533,3890
107000176,0,0,0
107000177,4,1,3
107000178,27,55,-28
107000179,253,1966,-1713
107000180,1125,256,869
107000181,523,1227,-704
107000182,1486,811,675
107000183,149,718,-569
107000184,907,594,313
107000185,345,1228,-883
107000186,920,367,553
107000187,1092,1187,-95
107000188,500,510,-10
107000189,413,946,-533
107000190,514,634,-120
107000191,765,1135,-370
107000192,1404,645,759
107000193,283,471,-188
107000194,854,608,246
107000197,731,242,489
107000198,307,769,-462
107000199,513,562,-49
107000200,533,536,-3
107000201,336,250,86
107000202,245,415,-170
107000203,1057,607,450
107000204,1356,720,636
107000205,2095,682,1413
107000206,695,963,-268
107000207,595,805,-210
107000208,723,384,339
107000209,1714,1071,643
107000210,695,328,367
107000211,5,48,-43
107000212,10,245,-235
107000213,5,18,-13
107000214,11,127,-116
107000215,389,295,94
107000216,368,252,116
107000217,114,88,26
107000219,57,85,-28
107000220,114,214,-100
107000222,230,580,-350
107000224,314,75,239
107000225,156,318,-162
107000226,281,68,213
107000227,52,188,-136
107000228,67,208,-141
107000229,128,98,30
107000230,744,374,370
107000231,1576,1454,122
107000232,104,44,60
107000233,1382,800,582
107000234,1,32,-31
107000235,48,7,41
107000236,12,297,-285
107000237,20,0,20
107000238,47,3,44
107000239,2283,369,1914
107000240,94,752,-658
107000243,0,32,-32
107000244,10,51,-41
107000246,5,936,-931
107000249,2,1017,-1015
107000251,1,282,-281
107000252,1,917,-916
107000255,299,97,202
107000257,4,428,-424
107000258,0,121,-121
107000259,7,185,-178
107000260,499,7,492
107000262,4,423,-419
107000263,213,5,208
107000266,7,10,-3
107000267,71,140,-69
107000268,101,130,-29
107000269,477,52,425
107000270,0,2,-2
107000271,8,518,-510
107000272,19,100,-81
107000273,2,172,-170
107000274,827,3,824
107000275,400,691,-291
107000280,636,31,605
107000281,39,824,-785
107000282,25,683,-658
107000290,2,27,-25
107000291,7,8,-1
107000292,1,51,-50
107000293,58,2,56
107000294,2,21,-19
107000295,11,0,11
107000296,2,14,-12
107000444,228,2,226
107000496,0,16,-16
107000497,1425,2084,-659
107000500,250,270,-20
107000501,102,156,-54
107000502,174,309,-135
107000505,348,713,-365
107000506,0,22,-22
107000508,6,511,-505
107000509,208,746,-538
107000510,19,32,-13
107000514,53,301,-248
107000515,12,170,-158
107000516,265,216,49
107000518,820,971,-151
107000519,1575,778,797
107000520,46,18,28
107000521,555,379,176
107000522,801,517,284
107900001,54,176,-122
107900002,39,10,29
107900003,209,71,138
107900004,7,0,7
107900005,1014,6,1008
107900006,133,1,132
107900007,196,16,180
107900008,54,15,39
107900009,86,7,79
107900010,18,0,18
107900012,198,15,183
107900013,175,38,137
107900014,27,5,22
107900015,777,6,771
107900016,233,59,174
107900017,17,3,14
107900018,46,75,-29
107900019,9,40,-31
107900020,18,6,12
107900021,51,110,-59
107900023,2,1,1
107900024,0,32,-32
107900025,118,193,-75
107900026,57,55,2
107900027,24,24,0
107900028,82,77,5
107900030,123,28,95
107900031,52,103,-51
107900032,12,1,11
107900033,24,2,22
107900034,224,12,212
107900035,615,37,578
107900036,60,7,53
107900037,0,40,-40
107900038,116,156,-40
107900039,37,31,6
107900040,23,68,-45
107900041,2,2,0
107900043,29,93,-64
107900044,53,5,48
107900045,88,44,44
107900046,109,155,-46
107900047,17,76,-59
107900048,128,1,127
107900049,250,735,-485
107900050,95,258,-163
107900051,64,35,29
107900052,44,24,20
107900053,47,77,-30
107900055,413,164,249
107900056,108,43,65
107900057,2,0,2
107900058,31,446,-415
107900060,18,35,-17
107900061,7,0,7
107900063,51,107,-56
107900064,204,92,112
107900065,103,11,92
107900066,31,5,26
107900067,0,0,0
107900068,104,265,-161
107900069,47,1335,-1288
107900070,94,23,71
107900071,32,544,-512
107900072,92,120,-28
107900073,121,77,44
107900074,778,277,501
107900076,101,55,46
107900077,58,1,57
107900079,8,15,-7
107900080,255,389,-134
107900081,45,79,-34
107900082,28,21,7
107900083,268,136,132
107900084,69,61,8
107900086,89,121,-32
107900087,600,153,447
107900088,21,5,16
107900089,217,554,-337
107900090,373,1349,-976
107900091,155,312,-157
107900093,52,53,-1
107900095,3100,1811,1289
107900097,23,35,-12
107900098,51,139,-88
107900100,831,798,33
107900101,830,194,636
107900102,23,8,15
107900103,23,131,-108
107900104,136,6,130
107900105,2,373,-371
107900106,4,929,-925
107900107,505,337,168
107900108,214,101,113
107900109,916,8,908
107900110,28,99,-71
107900111,12,655,-643
107900112,63,296,-233
107900113,120,76,44
107900114,145,159,-14
107900115,2,25,-23
107900116,129,122,7
107900117,310,291,19
107900118,83,129,-46
107900119,51,197,-146
107900120,17,21,-4
107900121,7,118,-111
107900122,1,67,-66
107900123,3,25,-22
107900124,11,27,-16
107900125,41,152,-111
107900126,9,54,-45
107900127,285,249,36
107900128,90,72,18
107900129,44,33,11
107900130,44,12,32
107900131,559,224,335
107900132,120,277,-157
107900133,2,49,-47
107900134,17,64,-47
107900135,4,142,-138
107900136,16,33,-17
107900137,110,76,34
107900138,37,22,15
107900139,20,52,-32
107900141,61,28,33
107900142,69,612,-543
107900143,32,10,22
107900144,1,133,-132
107900145,9,56,-47
107900146,16,78,-62
107900147,27,37,-10
107900148,102,79,23
107900149,631,189,442
107900150,72,509,-437
107900151,16,100,-84
107900152,5,94,-89
107900153,145,238,-93
107900154,36,28,8
107900155,44,64,-20
107900156,1,313,-312
107900157,31,63,-32
107900158,592,27,565
107900159,30,594,-564
107900160,95,194,-99
107900161,21,141,-120
107900162,2,18,-16
107900163,45,13,32
107900164,9,63,-54
107900165,53,98,-45
107900166,7,187,-180
107900167,19,25,-6
107900168,24,43,-19
107900169,3,100,-97
107900171,7,1102,-1095
107900172,0,244,-244
107900173,13,124,-111
107900174,95,6,89
107900175,18,28,-10
107900176,14,33,-19
107900177,0,33,-33
107900178,1,154,-153
107900179,17,113,-96
107900180,483,386,97
107900181,268,259,9
107900182,9,950,-941
107900183,35,203,-168
107900184,84,223,-139
107900185,68,10,58
107900186,11,33,-22
107900187,0,86,-86
107900188,631,99,532
107900189,18,73,-55
107900190,62,102,-40
107900191,49,101,-52
107900193,13,48,-35
107900194,151,8,143
107900195,1824,298,1526
107900196,29,111,-82
107900197,866,295,571
107900199,0,884,-884
107900201,66,92,-26
107900203,42,43,-1
107900204,156,132,24
107900206,968,169,799
107900207,5,580,-575
107900208,4,421,-417
107900209,273,82,191
107900210,88,86,2
107900213,363,340,23
107900214,13,95,-82
107900215,132,240,-108
107900216,163,87,76
107900217,38,71,-33
107900218,11,1009,-998
107900219,33,77,-44
107900220,196,188,8
107900221,114,170,-56
107900223,68,492,-424
107900224,89,283,-194
107900225,1,487,-486
107900226,129,115,14
107900227,119,335,-216
107900228,29,114,-85
107900229,1,153,-152
107900230,20,101,-81
107900231,16,186,-170
107900232,68,127,-59
107900233,6,101,-95
107900234,76,73,3
107900235,10,98,-88
107900236,52,45,7
107900237,63,311,-248
107900238,21,91,-70
107900239,729,434,295
107900240,18,82,-64
107900241,13,51,-38
107900242,21,198,-177
107900243,2,54,-52
107900244,173,2,171
107900245,444,48,396
107900246,123,5,118
107900248,225,207,18
107900249,382,12,370
107900250,3,390,-387
107900251,105,1070,-965
107900252,590,24,566
107900253,112,3,109
107900254,43,288,-245
107900255,227,79,148
107900256,1027,386,641
107900257,110,72,38
107900258,94,151,-57
107900259,99,1173,-1074
107900261,1,222,-221
107900262,64,76,-12
107900264,285,5,280
107900265,113,133,-20
107900267,180,20,160
107900268,33,9,24
107900269,0,2,-2
107900270,0,0,0
107900271,1,9,-8
107900272,140,8,132
107900273,31,105,-74
107900274,47,0,47
107900275,13,1,12
107900276,1,74,-73
107900277,1,178,-177
107900278,242,296,-54
107900279,78,164,-86
107900280,1235,1659,-424
107900281,1147,1963,-816
107900282,53,327,-274
107900283,797,406,391
107900284,396,505,-109
107900285,95,75,20
107900286,109,82,27
107900287,195,144,51
107900290,0,83,-83
107900291,351,8,343
107900292,110,206,-96
107900293,57,347,-290
107900295,79,46,33
107900297,4,184,-180
107900298,696,640,56
107900299,2304,1714,590
107900301,418,609,-191
107900302,82,22,60
107900303,161,176,-15
107900304,166,405,-239
107900305,186,7,179
107900306,9,27,-18
107900307,85,214,-129
107900308,175,88,87
107900309,75,4,71
107900310,255,4,251
107900311,8,162,-154
107900312,27,2,25
107900313,2,98,-96
107900314,0,53,-53
107900315,0,42,-42
107900316,31,1,30
107900317,73,4,69
107900318,15,106,-91
107900319,4,127,-123
107900320,0,127,-127
107900321,105,2,103
107900322,3,115,-112
107900323,10,117,-107
107900324,101,0,101
107900325,101,0,101
107900326,190,211,-21
107900327,0,49,-49
107900328,128,1,127
107900329,39,52,-13
107900330,8,293,-285
107900331,140,29,111
107900332,172,42,130
107900333,60,12,48
107900334,10,140,-130
107900335,52,46,6
107900336,28,32,-4
107900337,774,531,243
107900338,3,105,-102
107900339,4,16,-12
107900340,0,45,-45
107900341,46,0,46
107900342,154,87,67
107900343,47,0,47
107900344,5,69,-64
107900345,79,11,68
107900346,14,1,13
107900347,20,3,17
107900348,5,3,2
107900349,10,7,3
107900350,31,251,-220
107900351,5,138,-133
107900352,2,23,-21
107900353,10,6,4
107900354,25,72,-47
108000001,2401,3188,-787
108000002,2023,2457,-434
108000003,2883,2989,-106
108000004,11223,13493,-2270
108000005,7219,5931,1288
108000006,8537,7913,624
108000007,4204,3801,403
108000008,4065,5983,-1918
108000009,2837,3963,-1126
108000010,2780,4170,-1390
108000011,9574,10364,-790
108000012,16016,14143,1873
108000014,875,525,350
108000015,735,283,452
108000016,222,652,-430
108000017,852,327,525
108000018,1599,493,1106
108000019,1751,693,1058
108000020,1182,500,682
108000021,340,1505,-1165
108000022,365,1113,-748
108000023,1020,184,836
108000024,278,439,-161
108000025,280,216,64
108000026,712,406,306
108000027,720,630,90
108000028,557,218,339
108000029,364,786,-422
108000030,448,218,230
108000031,218,563,-345
108000032,1269,586,683
108000033,654,1084,-430
108000034,1180,415,765
108000035,548,2013,-1465
108000036,273,955,-682
108000037,1324,362,962
108000038,2031,519,1512
108000039,539,1854,-1315
108000040,1359,892,467
108000041,629,2011,-1382
108000042,253,219,34
108000043,204,252,-48
108000044,378,216,162
108000045,233,493,-260
108000046,1086,278,808
108000047,362,822,-460
108000048,133,300,-167
108000049,655,235,420
108000050,119,536,-417
108000051,247,95,152
108000052,209,650,-441
108000053,400,134,266
108000054,420,873,-453
108000055,821,506,315
108000056,1263,1124,139
108000057,442,987,-545
108000058,1855,3399,-1544
108000059,3196,1909,1287
108000060,218,586,-368
108000061,335,475,-140
108000062,552,537,15
108000063,406,482,-76
108000064,163,197,-34
108000065,468,415,53
108000066,1366,778,588
108000067,1541,458,1083
108000068,575,383,192
108000069,229,889,-660
108000070,1473,714,759
108000071,531,1351,-820
108000072,1383,1056,327
108000073,1339,1712,-373
108000074,435,349,86
108000075,326,862,-536
108000076,604,420,184
108000077,548,687,-139
108000078,1641,1052,589
108000079,774,1556,-782
108000080,952,543,409
108000081,518,1550,-1032
108000082,923,1638,-715
108000083,1453,882,571
108000084,402,986,-584
108000085,605,390,215
108000086,752,565,187
108000087,119,1507,-1388
108000088,533,198,335
108000089,312,265,47
108000091,275,400,-125
108000092,76,77,-1
108000093,171,451,-280
108000094,435,85,350
108000095,116,326,-210
108000096,228,175,53
108000097,120,351,-231
108000098,1249,1117,132
108000099,1052,312,740
108000100,113,430,-317
108000101,927,1252,-325
108000102,1404,3081,-1677
108000106,1188,0,1188
108000107,0,482,-482
108000108,622,30,592
108000109,3,559,-556
108000110,158,290,-132
108000111,168,513,-345
108000112,54,137,-83
108000113,457,282,175
108000115,258,245,13
108000117,598,275,323
108000118,547,1439,-892
108000119,597,316,281
108000120,121,617,-496
108000121,190,436,-246
108000122,382,272,110
108000123,560,188,372
108000124,227,429,-202
108000125,281,258,23
108000126,136,371,-235
108000127,445,229,216
108000128,572,487,85
108000129,234,954,-720
108000130,281,192,89
108000131,818,506,312
108000132,2049,1429,620
108000133,798,448,350
108000134,610,587,23
108000135,861,400,461
108000136,325,834,-509
108000137,389,235,154
108000138,352,887,-535
108000139,446,300,146
108000140,103,26,77
108000141,34,87,-53
108000142,59,60,-1
108000143,56,405,-349
108000144,361,51,310
108000145,48,28,20
108000146,453,49,404
108000147,18,40,-22
108000148,409,78,331
108000149,17,11,6
108000150,34,9,25
108000151,232,54,178
108000152,142,350,-208
108000153,417,120,297
108000154,55,15,40
108000155,55,30,25
108000156,749,426,323
108000157,132,751,-619
108000158,83,684,-601
108000159,565,196,369
108000160,2804,979,1825
108000161,2024,1661,363
108000165,2,127,-125
108000172,8,281,-273
108000173,1770,1688,82
108000175,400,114,286
108000178,338,323,15
108000179,142,760,-618
108000181,91,35,56
108000182,335,105,230
108000183,43,363,-320
108000184,890,1731,-841
108000185,155,404,-249
108000186,355,319,36
108000187,80,471,-391
108000188,418,143,275
108000189,1644,5727,-4083
108000190,27,105,-78
108000192,166,526,-360
108000193,538,14,524
108000194,45,10,35
108000195,3,947,-944
108000196,126,158,-32
108000198,644,304,340
108000199,1,185,-184
108000200,294,316,-22
108000203,92,507,-415
108000204,93,69,24
108000205,251,358,-107
108000339,1127,400,727
108000364,291,612,-321
108000365,45,258,-213
108000367,76,210,-134
108000368,15,69,-54
108000369,1235,198,1037
108000371,2,508,-506
108000372,676,8,668
108000373,176,119,57
108000376,62,35,27
108000377,280,284,-4
108000378,7851,8696,-845
108000379,5,174,-169
108000381,57,11,46
108000382,162,3,159
108000383,1,160,-159
108900001,68,950,-882
108900002,142,54,88
108900003,285,594,-309
108900004,133,427,-294
108900007,183,179,4
108900008,101,128,-27
108900009,47,102,-55
108900010,160,142,18
108900011,431,401,30
108900012,234,453,-219
108900013,154,244,-90
108900014,15,104,-89
108900015,9,34,-25
108900016,2,205,-203
108900017,202,272,-70
108900018,99,351,-252
108900019,18,628,-610
108900020,45,151,-106
108900021,94,182,-88
108900022,62,2,60
108900023,41,33,8
108900024,18,109,-91
108900025,84,124,-40
108900026,12,81,-69
108900027,0,57,-57
108900028,67,273,-206
108900029,43,216,-173
108900030,0,79,-79
108900031,85,313,-228
108900032,5,167,-162
108900033,1,70,-69
108900034,5,197,-192
108900035,230,1086,-856
108900038,1,221,-220
108900039,2,387,-385
108900040,5,102,-97
108900041,4276,2603,1673
108900042,6,260,-254
108900043,28,324,-296
108900044,1,359,-358
108900045,53,474,-421
108900046,60,583,-523
108900047,24,91,-67
108900048,102,699,-597
108900049,2852,794,2058
108900050,1,235,-234
108900051,0,110,-110
108900052,39,193,-154
108900053,61,142,-81
108900054,81,140,-59
108900055,37,258,-221
108900056,1,150,-149
108900057,1,105,-104
108900058,38,289,-251
108900059,326,32,294
108900060,63,113,-50
108900061,94,34,60
108900062,4,199,-195
108900063,5,202,-197
108900064,119,40,79
108900065,11,248,-237
108900066,317,108,209
108900067,11,160,-149
108900068,5,124,-119
108900069,40,65,-25
108900070,45,110,-65
108900071,67,62,5
108900072,1530,547,983
108900073,27,283,-256
108900074,124,297,-173
108900075,55,54,1
108900076,236,73,163
108900077,105,345,-240
108900078,28,117,-89
108900079,936,183,753
108900080,26,460,-434
108900081,40,188,-148
108900082,48,94,-46
108900083,28,224,-196
108900085,1595,104,1491
108900086,78,283,-205
108900087,126,167,-41
108900088,843,296,547
108900089,11,100,-89
108900090,34,195,-161
108900091,147,68,79
108900092,418,294,124
108900093,81,71,10
108900094,214,56,158
108900095,26,310,-284
108900096,281,26,255
108900097,205,182,23
108900098,1925,557,1368
108900099,364,216,148
108900100,83,132,-49
108900101,183,135,48
108900102,72,637,-565
108900103,50,106,-56
108900105,6,840,-834
108900106,353,261,92
108900108,313,46,267
108900109,245,52,193
108900110,204,338,-134
108900111,359,434,-75
108900113,25,39,-14
108900114,40,14,26
108900115,44,80,-36
108900116,41,11,30
108900117,145,15,130
108900118,495,15,480
108900119,233,18,215
108900120,168,141,27
108900121,194,104,90
108900122,88,13,75
108900123,108,155,-47
108900124,322,169,153
108900125,283,1,282
108900126,64,20,44
108900127,116,25,91
108900128,104,54,50
108900129,536,114,422
108900130,241,0,241
108900131,283,4,279
108900132,372,64,308
108900133,116,29,87
108900134,275,194,81
108900135,104,20,84
108900136,28,0,28
108900137,118,1,117
108900138,610,29,581
108900140,269,227,42
108900141,306,16,290
108900142,77,5,72
108900143,40,0,40
108900144,74,3,71
108900145,156,5,151
108900146,43,0,43
108900147,183,1,182
108900148,67,37,30
108900150,215,2,213
108900151,162,15,147
108900152,139,0,139
108900153,126,278,-152
108900154,3412,360,3052
108900156,78,5,73
108900157,46,403,-357
108900158,302,16,286
108900159,3,184,-181
108900160,17,260,-243
108900161,4,335,-331
108900162,71,1,70
108900163,21,200,-179
108900164,33,64,-31
108900168,6496,2095,4401
108900169,35,89,-54
108900171,5105,2307,2798
108900172,143,42,101
108900173,156,293,-137
108900174,591,508,83
108900176,70,383,-313
108900177,4223,3326,897
108900178,3126,2393,733
108900180,84,224,-140
108900183,156,156,0
108900184,451,159,292
108900185,147,305,-158
108900186,73,315,-242
108900189,353,141,212
108900190,54,2175,-2121
108900192,64,184,-120
108900195,96,228,-132
108900196,33,295,-262
108900199,222,323,-101
108900200,595,337,258
108900201,461,1237,-776
108900203,313,71,242
108900204,178,12,166
108900205,99,23,76
108900206,265,20,245
108900207,149,65,84
108900208,8,250,-242
108900209,199,376,-177
108900210,98,145,-47
108900211,137,402,-265
108900212,668,1108,-440
108900215,56,364,-308
108900216,412,104,308
108900217,85,0,85
108900218,94,15,79
108900221,33,108,-75
108900224,20,108,-88
108900225,0,138,-138
108900227,66,206,-140
108900230,161,251,-90
108900232,2,198,-196
108900233,201,70,131
108900234,222,139,83
108900235,142,417,-275
108900236,26,204,-178
108900240,98,73,25
108900241,24,26,-2
108900245,11,831,-820
108900250,96,60,36
108900258,9,159,-150
108900259,67,82,-15
108900260,4,71,-67
108900261,73,146,-73
108900262,131,156,-25
108900263,28,120,-92
108900264,618,224,394
108900265,788,312,476
108900266,721,373,348
108900267,5,69,-64
108900268,5,6,-1
108900269,53,15,38
108900270,51,3,48
108900271,35,15,20
108900272,139,11,128
108900273,948,680,268
108900274,61,42,19
109000001,2704,1143,1561
109000002,1673,1317,356
109000003,1945,378,1567
109000004,468,2017,-1549
109000005,2257,671,1586
109000006,719,1860,-1141
109000007,1211,526,685
109000008,391,1660,-1269
109000009,3102,1335,1767
109000010,1478,3211,-1733
109000011,2604,1792,812
109000012,1568,2915,-1347
109000013,2553,2349,204
109000014,1596,2741,-1145
109000015,4235,6602,-2367
109000016,5523,3328,2195
109000017,1985,1195,790
109000018,899,2548,-1649
109000019,2221,1316,905
109000020,933,1706,-773
109000023,217,46,171
109000024,7,216,-209
109000025,347,433,-86
109000026,673,309,364
109000027,62,274,-212
109000028,167,106,61
109000029,84,127,-43
109000030,96,468,-372
109000031,129,139,-10
109000032,103,385,-282
109000033,320,180,140
109000034,46,43,3
109000035,33,46,-13
109000036,68,322,-254
109000037,222,1021,-799
109000038,529,360,169
109000039,680,584,96
109000040,1901,4049,-2148
109000041,2750,1470,1280
109000042,476,1039,-563
109000044,368,169,199
109000045,238,326,-88
109000046,281,73,208
109000047,87,360,-273
109000048,1111,430,681
109000049,204,408,-204
109000050,512,474,38
109000051,185,234,-49
109000052,464,811,-347
109000053,972,277,695
109000054,156,347,-191
109000055,149,215,-66
109000056,324,297,27
109000057,443,441,2
109000058,2081,286,1795
109000059,970,1244,-274
109000060,835,315,520
109000061,909,806,103
109000062,90,322,-232
109000063,180,142,38
109000064,158,140,18
109000065,84,190,-106
109000066,305,84,221
109000067,52,290,-238
109000068,2670,13,2657
109000069,812,29,783
109000070,8,1052,-1044
109000071,334,91,243
109000072,122,554,-432
109000073,59,68,-9
109000074,37,186,-149
109000075,95,325,-230
109000076,226,270,-44
109000077,380,335,45
109000078,74,166,-92
109000079,132,176,-44
109000080,150,103,47
109000081,114,522,-408
109000082,629,168,461
109000083,323,631,-308
109000088,108,437,-329
109000089,211,43,168
109000090,155,365,-210
109000091,247,179,68
109000092,254,422,-168
109000093,187,170,17
109000094,428,2,426
109000095,119,362,-243
109000096,508,308,200
109000097,89,184,-95
109000098,53,142,-89
109000099,788,247,541
109000100,154,471,-317
109000101,1254,534,720
109000102,288,655,-367
109000103,752,627,125
109000104,1156,482,674
109000105,431,961,-530
109000106,1646,625,1021
109000107,462,1602,-1140
109000108,1316,442,874
109000109,392,1540,-1148
109000110,913,508,405
109000111,757,1603,-846
109000112,335,118,217
109000113,419,145,274
109000114,138,348,-210
109000115,1152,109,1043
109000116,31,550,-519
109000117,190,83,107
109000118,12,288,-276
109000119,906,204,702
109000120,158,601,-443
109000121,642,95,547
109000122,115,639,-524
109000123,73,182,-109
109000124,538,395,143
109000125,572,343,229
109000126,331,667,-336
109000127,1025,330,695
109000128,399,1225,-826
109000129,1546,660,886
109000130,922,2152,-1230
109000131,1259,960,299
109000132,1133,2350,-1217
109000133,382,877,-495
109000134,596,1245,-649
109000135,1072,1362,-290
109000136,360,285,75
109000137,281,322,-41
109000138,431,234,197
109000139,385,378,7
109000140,201,563,-362
109000141,626,497,129
109000142,117,447,-330
109000143,64,93,-29
109000145,92,373,-281
109000146,94,93,1
109000148,2837,1034,1803
109000149,23,56,-33
109000150,185,223,-38
109000155,566,547,19
109000156,906,543,363
109000158,115,218,-103
109000159,101,390,-289
109000160,728,168,560
109000161,215,841,-626
109000162,1464,510,954
109000163,837,1533,-696
109000164,964,2257,-1293
109000165,1026,463,563
109000166,575,107,468
109000167,113,464,-351
109000170,37,37,0
109000171,55,41,14
109000172,56,44,12
109000173,26,61,-35
109000174,54,53,1
109000175,124,312,-188
109000176,206,207,-1
109000177,37,111,-74
109000178,628,375,253
109000179,3672,3357,315
109000180,3563,2510,1053
109000181,15,26,-11
109000182,41,21,20
109000183,32,25,7
109000184,50,19,31
109000185,13,44,-31
109000188,444,1492,-1048
109000189,1775,777,998
109000190,477,390,87
109000191,251,397,-146
109000192,296,155,141
109000193,146,302,-156
109000194,186,73,113
109000195,126,282,-156
109000196,196,107,89
109000197,168,373,-205
109000198,261,42,219
109000199,97,357,-260
109000206,179,27,152
109000207,90,23,67
109000208,81,45,36
109000209,126,141,-15
109000210,189,441,-252
109000211,454,465,-11
109000214,426,717,-291
109000215,126,56,70
109000216,272,219,53
109000217,132,68,64
109000218,312,178,134
109000221,577,1108,-531
109000222,960,323,637
109000223,290,252,38
109000224,32,142,-110
109000225,61,26,35
109000226,57,223,-166
109000227,773,822,-49
109000228,3,767,-764
109000231,2,268,-266
109000232,289,310,-21
109000236,187,725,-538
109000241,1900,1898,2
109000242,1808,1385,423
109000293,43,155,-112
109000361,171,276,-105
109000364,174,376,-202
109000396,4,436,-432
109000397,383,16,367
109000399,145,362,-217
109000400,73,194,-121
109000403,91,1103,-1012
109000406,370,5,365
109000407,246,181,65
109000408,2,362,-360
109000410,807,267,540
109000411,228,31,197
109000412,2,75,-73
109900001,73,1,72
109900002,665,11,654
109900003,163,1,162
109900005,26,5,21
109900006,299,137,162
109900007,521,417,104
109900008,0,22,-22
109900009,103,415,-312
109900010,459,8,451
109900011,71,43,28
109900012,169,188,-19
109900013,308,162,146
109900014,324,46,278
109900015,273,145,128
109900016,87,18,69
109900017,126,212,-86
109900018,169,65,104
109900019,189,41,148
109900020,32,29,3
109900021,20,16,4
109900022,163,175,-12
109900023,23,0,23
109900024,18,1,17
109900025,19,8,11
109900027,37,33,4
109900028,1205,786,419
109900029,0,204,-204
109900030,34,6,28
109900031,0,67,-67
109900032,4,240,-236
109900033,2,313,-311
109900034,33,5,28
109900035,9,31,-22
109900036,24,48,-24
109900037,19,436,-417
109900038,57,189,-132
109900039,5,0,5
109900040,24,438,-414
109900041,50,319,-269
109900042,30,330,-300
109900044,76,213,-137
109900045,206,39,167
109900046,137,95,42
109900047,232,236,-4
109900048,1,84,-83
109900049,7,15,-8
109900050,0,167,-167
109900051,1,62,-61
109900052,93,290,-197
109900053,1,278,-277
109900054,378,190,188
109900055,57,238,-181
109900056,33,170,-137
109900057,8,178,-170
109900058,1,61,-60
109900060,324,108,216
109900061,50,201,-151
109900062,0,141,-141
109900064,441,209,232
109900065,55,123,-68
109900066,323,738,-415
109900067,0,203,-203
109900068,19,3,16
109900069,5,41,-36
109900071,2,35,-33
109900072,23,134,-111
109900073,293,375,-82
109900074,8,31,-23
109900075,24,19,5
109900076,21,252,-231
109900077,38,71,-33
109900078,101,184,-83
109900080,61,270,-209
109900081,29,225,-196
109900082,25,296,-271
109900083,21,49,-28
109900084,43,129,-86
109900085,145,530,-385
109900086,125,317,-192
109900087,143,299,-156
109900089,505,145,360
109900092,375,24,351
109900093,668,112,556
109900094,71,115,-44
109900095,68,173,-105
109900096,22,0,22
109900097,66,0,66
109900098,326,34,292
109900099,173,2,171
109900100,31,0,31
109900101,296,6,290
109900102,357,13,344
109900103,26,24,2
109900104,486,570,-84
109900105,450,17,433
109900106,281,43,238
109900107,346,56,290
109900108,76,247,-171
109900109,31,116,-85
109900111,255,605,-350
109900114,929,513,416
109900115,118,68,50
109900117,605,113,492
109900121,362,374,-12
109900123,15,114,-99
109900125,2,139,-137
109900126,213,100,113
109900130,5140,1717,3423
109900131,56,125,-69
109900132,23,93,-70
109900134,53,74,-21
109900135,400,80,320
109900137,105,219,-114
109900140,152,147,5
109900149,23,65,-42
109900150,3,78,-75
109900151,4,42,-38
109900152,1,29,-28
109900153,0,32,-32
109900154,42,1,41
109900155,51,12,39
109900157,43,211,-168
109900159,150,34,116
109900161,204,47,157
109900162,151,95,56
109900163,515,234,281
109900164,45,183,-138
109900165,225,2,223
109900166,0,136,-136
109900167,127,346,-219
109900168,182,484,-302
109900169,136,161,-25
109900170,167,532,-365
109900171,142,73,69
109900172,129,165,-36
109900173,2374,1766,608
109900174,32,80,-48
109900175,51,74,-23
109900176,65,132,-67
109900177,56,176,-120
109900178,13,98,-85
109900179,15,11,4
109900180,9,8,1
110000001,889,556,333
110000002,549,663,-114
110000003,664,601,63
110000004,442,591,-149
110000005,421,1297,-876
110000006,268,302,-34
110000007,83,106,-23
110000008,12,44,-32
110000009,63,52,11
110000010,36,54,-18
110000011,36,56,-20
110000012,500,367,133
110000013,38,447,-409
110000014,625,418,207
110000015,249,448,-199
110000016,199,1235,-1036
110000017,1881,217,1664
110000018,1754,289,1465
110000019,11,90,-79
110000020,315,201,114
110000021,434,325,109
110000022,493,128,365
110000023,11,107,-96
110000024,629,238,391
110000025,355,5,350
110000026,6,208,-202
110000027,957,574,383
110000028,698,557,141
110000029,416,623,-207
110000030,214,273,-59
110000031,216,387,-171
110000032,639,383,256
110000033,374,73,301
110000034,315,534,-219
110000035,910,403,507
110000036,895,508,387
110000037,181,341,-160
110000038,166,488,-322
110000039,562,2046,-1484
110000040,221,248,-27
110000041,264,889,-625
110000042,145,163,-18
110000043,717,215,502
110000044,203,79,124
110000045,1202,85,1117
110000046,11,20,-9
110000047,64,30,34
110000048,16,11,5
110000049,51,3,48
110000050,11,26,-15
110000051,84,13,71
110000052,44,28,16
110000053,60,8,52
110000054,87,140,-53
110000055,341,20,321
110000056,212,72,140
110000057,351,458,-107
110000058,906,391,515
110000059,896,415,481
110000060,713,912,-199
110000061,638,650,-12
110000062,500,749,-249
110000063,37,83,-46
110000064,88,50,38
110000065,47,62,-15
110000066,40,25,15
110000067,71,138,-67
110000068,264,162,102
110000069,139,66,73
110000071,95,119,-24
110000073,14,19,-5
110000075,10,65,-55
110000076,206,228,-22
110000077,292,652,-360
110000078,22,33,-11
110000080,326,620,-294
110000081,54,233,-179
110000082,45,354,-309
110000083,210,608,-398
110000084,993,663,330
110000085,1679,1350,329
110000086,1092,1801,-709
110000087,8,53,-45
110000088,97,205,-108
110000089,253,159,94
110000090,157,192,-35
110000091,932,299,633
110000092,14,76,-62
110000093,46,15,31
110000094,393,228,165
110000095,172,425,-253
110000096,1903,1717,186
110000097,830,1065,-235
110000098,1578,518,1060
110000099,702,1289,-587
110000100,729,410,319
110000101,32,288,-256
110000102,74,51,23
110000104,348,113,235
110000105,64,224,-160
110000106,499,329,170
110000107,284,372,-88
110000108,99,69,30
110000109,210,237,-27
110000110,2314,3134,-820
110000111,4797,2469,2328
110000112,1160,1198,-38
110000113,322,1822,-1500
110000114,160,476,-316
110000115,314,267,47
110000116,52,47,5
110000117,174,188,-14
110000118,344,112,232
110000119,173,232,-59
110000120,242,123,119
110000121,63,303,-240
110000122,301,455,-154
110000123,474,371,103
110000124,1,792,-791
110000125,879,2,877
110000126,264,33,231
110000127,902,56,846
110000128,46,958,-912
110000129,2,570,-568
110000130,344,153,191
110000131,83,389,-306
110000132,0,610,-610
110000133,29,394,-365
110000134,21,303,-282
110000135,148,29,119
110000136,54,231,-177
110000137,443,475,-32
110000138,667,510,157
110000139,593,936,-343
110000140,792,573,219
110000143,580,350,230
110000144,5017,1417,3600
110000145,1979,808,1171
110000146,1339,610,729
110000147,308,414,-106
110000148,361,212,149
110000151,701,838,-137
110000152,823,354,469
110000153,73,43,30
110000154,14,40,-26
110000155,1260,3510,-2250
110000156,1071,1965,-894
110000157,1680,1566,114
110000160,297,236,61
110000161,179,275,-96
110000166,335,74,261
110000167,688,449,239
110000168,751,449,302
110000169,768,344,424
110000170,77,68,9
110000171,466,168,298
110000172,133,663,-530
110000173,1079,1045,34
110000174,121,665,-544
110000175,436,65,371
110000176,107,233,-126
110000177,146,695,-549
110000178,309,986,-677
110000179,965,290,675
110000180,146,166,-20
110000181,268,303,-35
110000182,280,121,159
110000183,6306,4819,1487
110000184,291,1706,-1415
110000185,732,552,180
110000186,620,618,2
110000191,764,284,480
110000192,437,7,430
110000193,855,14,841
110000194,14,867,-853
110000195,355,226,129
110000196,338,328,10
110000197,77,105,-28
110000198,92,76,16
110000199,56,97,-41
110000200,866,389,477
110000201,563,772,-209
110000202,998,516,482
110000203,576,626,-50
110000204,6,190,-184
110000205,73,52,21
110000206,638,1065,-427
110000207,767,335,432
110000208,123,168,-45
110000209,130,598,-468
110000210,917,486,431
110000211,555,606,-51
110000212,384,756,-372
110000213,105,73,32
110000214,201,87,114
110000215,127,303,-176
110000216,94,234,-140
110000217,208,194,14
110000218,101,255,-154
110000219,236,76,160
110000220,64,231,-167
110000221,223,63,160
110000222,66,216,-150
110000223,14,171,-157
110000224,86,16,70
110000225,224,553,-329
110000226,198,68,130
110000227,554,534,20
110000228,221,264,-43
110000229,0,211,-211
110000230,437,597,-160
110000231,114,177,-63
110000232,265,192,73
110000233,235,201,34
110000234,469,380,89
110000235,692,799,-107
110000236,517,674,-157
110000237,1638,976,662
110000238,1012,1339,-327
110000239,1671,992,679
110000240,0,52,-52
110000242,0,10,-10
110000243,120,122,-2
110000244,102,264,-162
110000245,48,303,-255
110000246,665,425,240
110000247,1144,3676,-2532
110000248,1869,1178,691
110000249,84,7,77
110000250,14,116,-102
110000251,291,449,-158
110000252,195,145,50
110000253,1201,611,590
110000254,556,939,-383
110000255,189,720,-531
110000256,406,283,123
110000257,621,390,231
110000258,8,249,-241
110000259,63,12,51
110000260,29,209,-180
110000263,511,118,393
110000264,266,364,-98
110000265,868,1286,-418
110000266,1420,2072,-652
110000267,36,155,-119
110000268,245,308,-63
110000269,2,44,-42
110000270,36,4,32
110000271,1097,194,903
110000272,1066,810,256
110000273,2709,1193,1516
110000274,123,1079,-956
110000275,1220,390,830
110000276,277,234,43
110000277,250,246,4
110000278,255,594,-339
110000279,617,649,-32
110000280,258,394,-136
110000281,34,241,-207
110000282,243,30,213
110000283,42,78,-36
110000284,62,45,17
110000285,2,382,-380
110000286,14,0,14
110000287,54,1,53
110000288,1,57,-56
110000289,389,1192,-803
110000290,836,455,381
110000291,3596,1196,2400
110000292,1286,3366,-2080
110000293,583,643,-60
110000294,788,864,-76
110000295,109,628,-519
110000296,320,308,12
110000297,2063,254,1809
110000298,255,516,-261
110000299,332,91,241
110000301,192,14,178
110000302,316,738,-422
110000303,257,3,254
110000304,172,196,-24
110000305,818,15,803
110000306,111,925,-814
110000307,1270,6,1264
110000308,407,2,405
110000309,1,533,-532
110000310,535,59,476
110000311,11,484,-473
110000312,369,71,298
110000313,2227,2736,-509
110000314,4,204,-200
110000315,2466,1929,537
110000316,387,1036,-649
110000317,299,277,22
110000318,6,45,-39
110000319,26,26,0
110000320,48,34,14
110000321,21,40,-19
110000322,242,295,-53
110000323,293,155,138
110000324,2467,1266,1201
110000325,2014,2136,-122
110000327,341,179,162
110000328,168,268,-100
110000333,661,509,152
110000334,685,1088,-403
110000335,557,430,127
110000336,523,853,-330
110000337,896,501,395
110000338,445,193,252
110000339,226,200,26
110000340,29,140,-111
110000341,422,476,-54
110000342,278,1,277
110000343,0,21,-21
110000344,84,96,-12
110000345,158,69,89
110000346,1901,1396,505
110000347,1011,650,361
110000348,16,16,0
110000349,7,18,-11
110000350,33,1,32
110000351,701,690,11
110000352,582,1142,-560
110000353,2086,632,1454
110000354,856,2066,-1210
110000355,66,44,22
110000356,420,7,413
110000357,213,17,196
110000361,20,52,-32
110000362,47,19,28
110000363,268,141,127
110000364,151,288,-137
110000365,115,2,113
110000366,1,69,-68
110000367,315,140,175
110000368,0,44,-44
110000369,19,4,15
110000373,4,203,-199
110000374,88,19,69
110000375,86,693,-607
110000376,41,116,-75
110000377,70,476,-406
110000378,17,281,-264
110000379,2085,1332,753
110000380,40,20,20
110000383,6,1214,-1208
110000384,2670,1234,1436
110000385,0,89,-89
110000387,46,8,38
110000388,38,194,-156
110000389,627,5,622
110000391,376,224,152
110000396,126,116,10
110000397,103,109,-6
110000398,3,33,-30
110000399,121,0,121
110000587,68,36,32
110000589,170,152,18
110000640,148,41,107
110000652,9,84,-75
110000653,323,340,-17
110000654,164,222,-58
110000656,1,473,-472
110000674,23,6,17
110000675,7,3,4
110000676,0,17,-17
110000679,352,1017,-665
110000682,97,126,-29
110000683,208,459,-251
110000684,2,26,-24
110000685,7,8,-1
110000686,1,19,-18
110000687,26,5,21
110000688,59,632,-573
110000689,27,23,4
110000692,47,108,-61
110000693,57,184,-127
110000694,0,171,-171
110000695,144,456,-312
110000696,72,88,-16
110000698,46,641,-595
110000699,134,422,-288
110900001,181,6,175
110900002,202,145,57
110900003,555,478,77
110900004,338,151,187
110900005,2001,1494,507
110900006,28,5,23
110900007,97,17,80
110900008,16,53,-37
110900009,310,75,235
110900010,10,48,-38
110900011,16,75,-59
110900012,16,63,-47
110900013,755,84,671
110900014,312,21,291
110900015,406,480,-74
110900016,36,112,-76
110900017,339,37,302
110900018,306,44,262
110900019,114,33,81
110900020,64,198,-134
110900021,46,404,-358
110900022,85,247,-162
110900023,81,269,-188
110900024,27,260,-233
110900025,17,44,-27
110900027,40,151,-111
110900028,32,94,-62
110900029,9,234,-225
110900030,40,177,-137
110900031,7,106,-99
110900032,0,42,-42
110900033,28,99,-71
110900035,18,387,-369
110900036,101,20,81
110900037,29,25,4
110900038,644,147,497
110900039,8,145,-137
110900040,142,22,120
110900041,7,68,-61
110900042,85,41,44
110900043,5,80,-75
110900044,185,10,175
110900045,30,347,-317
110900046,37,221,-184
110900047,348,145,203
110900049,50,82,-32
110900050,33,4,29
110900052,5,188,-183
110900053,51,15,36
110900054,18,131,-113
110900055,15,2,13
110900056,50,98,-48
110900057,7,187,-180
110900058,114,100,14
110900059,581,455,126
110900060,350,94,256
110900061,29,32,-3
110900062,108,149,-41
110900063,33,94,-61
110900064,15,2,13
110900065,344,120,224
110900066,2,54,-52
110900067,180,331,-151
110900068,207,193,14
110900069,3,18,-15
110900070,106,54,52
110900071,202,321,-119
110900073,1,28,-27
110900074,249,83,166
110900075,234,57,177
110900077,539,464,75
110900078,18,28,-10
110900079,2168,1140,1028
110900080,70,73,-3
110900081,3,41,-38
110900082,143,89,54
110900083,90,42,48
110900084,41,99,-58
110900085,39,183,-144
110900086,43,223,-180
110900087,217,66,151
110900088,10,1,9
110900090,20,22,-2
110900091,0,41,-41
110900093,114,85,29
110900095,41,22,19
110900097,13,17,-4
110900098,15,58,-43
110900099,31,276,-245
110900100,0,14,-14
110900102,52,19,33
110900105,302,205,97
110900108,15,49,-34
110900111,249,120,129
110900112,606,7,599
110900113,364,9,355
110900115,6,43,-37
110900116,556,1320,-764
110900118,149,2154,-2005
110900119,2872,309,2563
110900120,5,58,-53
110900121,107,1,106
110900122,327,154,173
110900125,279,384,-105
110900127,552,960,-408
110900128,400,456,-56
110900129,315,647,-332
110900130,1074,643,431
110900131,103,28,75
110900132,228,42,186
110900133,69,142,-73
110900135,62,182,-120
110900136,258,17,241
110900139,1,0,1
110900140,0,0,0
110900141,284,89,195
110900142,33,140,-107
110900143,117,81,36
110900144,5,633,-628
110900145,165,21,144
110900146,202,123,79
110900147,110,254,-144
110900148,4,243,-239
110900149,0,37,-37
110900150,17,20,-3
110900151,8,47,-39
110900152,34,185,-151
110900153,85,30,55
111000001,453,514,-61
111000002,967,659,308
111000003,1028,523,505
111000004,437,867,-430
111000005,1336,893,443
111000006,708,1625,-917
111000007,3283,2233,1050
111000008,1859,2735,-876
111000009,394,628,-234
111000010,656,214,442
111000011,479,1000,-521
111000012,687,316,371
111000013,313,840,-527
111000014,1702,541,1161
111000017,94,820,-726
111000018,288,326,-38
111000020,711,2146,-1435
111000021,63,80,-17
111000023,86,70,16
111000025,3446,2993,453
111000029,100,146,-46
111000030,35,110,-75
111000031,1614,997,617
111000032,452,347,105
111000033,243,305,-62
111000034,165,209,-44
111000037,1425,1317,108
111000038,3753,2286,1467
111000039,2061,2038,23
111000040,1841,2328,-487
111000041,2019,1858,161
111000042,2683,2257,426
111000043,1501,2370,-869
111000044,1583,1059,524
111000045,1761,1984,-223
111000046,1260,1484,-224
111000047,1824,3147,-1323
111000049,376,459,-83
111000050,1373,1378,-5
111000051,443,1000,-557
111000052,523,1493,-970
111000053,369,890,-521
111000054,317,820,-503
111000055,913,1332,-419
111000056,105,416,-311
111000057,54,401,-347
111000058,307,66,241
111000059,281,212,69
111000060,2701,728,1973
111000061,401,337,64
111000062,577,251,326
111000063,1515,805,710
111000064,522,516,6
111000065,948,789,159
111000066,405,353,52
111000067,352,640,-288
111000068,642,1137,-495
111000069,1415,1784,-369
111000070,1243,976,267
111000071,215,459,-244
111000072,995,426,569
111000073,309,794,-485
111000074,1183,1475,-292
111000075,1096,655,441
111000076,406,438,-32
111000077,1780,1815,-35
111000078,3245,1732,1513
111000079,1267,711,556
111000080,426,600,-174
111000081,1301,3064,-1763
111000082,503,537,-34
111000084,659,448,211
111000085,812,1050,-238
111000086,1953,1005,948
111000087,626,612,14
111000088,3612,1905,1707
111000089,653,650,3
111000090,822,1262,-440
111000091,673,473,200
111000092,1107,794,313
111000093,611,893,-282
111000094,1489,1015,474
111000095,574,1901,-1327
111000096,1572,6190,-4618
111000097,3791,1595,2196
111000098,744,1162,-418
111000099,577,1646,-1069
111000100,291,1418,-1127
111000101,344,645,-301
111000102,242,461,-219
111000104,451,182,269
111000107,108,502,-394
111000109,379,230,149
111000110,1160,597,563
111000111,1633,408,1225
111000112,1296,500,796
111000113,803,1245,-442
111000114,2367,2737,-370
111000115,4618,1071,3547
111000116,808,868,-60
111000117,424,789,-365
111000118,1305,823,482
111000119,830,969,-139
111000120,404,517,-113
111000121,218,570,-352
111000122,476,836,-360
111000123,916,2344,-1428
111000124,394,2042,-1648
111000125,167,1149,-982
111000126,78,753,-675
111000127,664,146,518
111000128,1330,240,1090
111000129,1963,378,1585
111000130,1489,574,915
111000131,1413,517,896
111000132,981,524,457
111000133,194,170,24
111000134,147,98,49
111000135,29,118,-89
111000136,385,272,113
111000138,16,5,11
111000140,7,8,-1
111000141,165,286,-121
111000142,13,111,-98
111000143,12,94,-82
111000144,38,248,-210
111000145,1745,9,1736
111000146,166,14,152
111000147,313,37,276
111000148,123,73,50
111000149,4,32,-28
111000150,21,5,16
111000151,6,20,-14
111000153,525,664,-139
111000154,893,216,677
111000155,110,139,-29
111000156,271,464,-193
111000157,244,897,-653
111000158,732,621,111
111000159,1846,590,1256
111000160,375,271,104
111000161,12,259,-247
111000162,105,131,-26
111000163,629,857,-228
111000164,602,3139,-2537
111000165,929,438,491
111000166,2168,360,1808
111000167,201,422,-221
111000168,193,359,-166
111000169,243,612,-369
111000170,483,407,76
111000171,438,605,-167
111000172,226,483,-257
111000173,370,758,-388
111000174,169,308,-139
111000175,66,231,-165
111000176,218,125,93
111000177,281,202,79
111000178,1007,280,727
111000179,181,145,36
111000180,198,398,-200
111000181,712,221,491
111000182,149,168,-19
111000183,273,302,-29
111000184,309,202,107
111000185,314,465,-151
111000186,283,272,11
111000187,105,222,-117
111000188,195,411,-216
111000189,1027,604,423
111000190,168,315,-147
111000191,234,311,-77
111000192,206,524,-318
111000193,303,298,5
111000194,65,273,-208
111000195,111,310,-199
111000196,66,182,-116
111000197,360,112,248
111000198,536,129,407
111000199,191,119,72
111000200,360,304,56
111000201,488,241,247
111000202,256,176,80
111000203,260,213,47
111000204,438,888,-450
111000213,223,465,-242
111000214,1436,1278,158
111000215,1084,1265,-181
111000217,1030,728,302
111000218,759,899,-140
111000219,420,192,228
111000220,1375,474,901
111000221,863,97,766
111000224,96,404,-308
111000225,368,264,104
111000226,82,2,80
111000227,38,6,32
111000228,17,255,-238
111000229,55,600,-545
111000230,218,288,-70
111000231,919,696,223
111000232,447,777,-330
111000233,685,686,-1
111000234,120,330,-210
111000239,122,126,-4
111000240,30,174,-144
111000241,40,283,-243
111000242,148,49,99
111000243,98,505,-407
111000244,373,73,300
111000245,987,394,593
111000246,437,326,111
111000247,274,826,-552
111000248,499,465,34
111000249,330,627,-297
111000250,42,68,-26
111000251,48,93,-45
111000253,9,4,5
111000255,18,7,11
111000257,21,12,9
111000260,60,720,-660
111000261,1058,96,962
111000271,49,339,-290
111000273,2935,1523,1412
111000274,991,1644,-653
111000275,123,78,45
111000276,231,1651,-1420
111000277,170,372,-202
111000278,457,224,233
111000291,707,3753,-3046
111000298,483,239,244
111000299,607,114,493
111000300,87,527,-440
111000302,213,101,112
111000303,68,211,-143
111000312,43,59,-16
111000315,10,129,-119
111000320,278,673,-395
111000321,269,119,150
111000322,303,480,-177
111000323,165,29,136
111000324,299,238,61
111000325,45,56,-11
111000326,136,324,-188
111000327,321,359,-38
111000328,227,473,-246
111000329,0,31,-31
111000330,53,15,38
111000331,13,4,9
111000332,423,1235,-812
111000334,362,1059,-697
111000335,783,240,543
111000337,928,450,478
111000338,47,120,-73
111000339,525,319,206
111000340,92,451,-359
111000341,1052,641,411
111000342,351,527,-176
111000344,794,617,177
111000345,206,50,156
111000346,27,121,-94
111000347,149,19,130
111000350,197,87,110
111000351,155,212,-57
111000352,165,64,101
111000353,89,184,-95
111000354,392,109,283
111000355,401,430,-29
111000358,163,918,-755
111000360,223,568,-345
111000361,94,254,-160
111000546,520,459,61
111000547,268,409,-141
111000548,79,222,-143
111000549,249,232,17
111000550,124,651,-527
111000551,730,199,531
111000552,1806,156,1650
111000907,473,21,452
111000908,20,0,20
111000916,1352,350,1002
111000917,41,323,-282
111000918,163,654,-491
111000920,331,34,297
111000921,5,158,-153
111000922,326,224,102
111000924,51,548,-497
111000925,2099,1723,376
111000926,937,1657,-720
111000927,2456,3692,-1236
111000928,3851,3239,612
111000929,894,1095,-201
111000930,595,2130,-1535
111000931,1633,2404,-771
111000932,3676,2186,1490
111000933,3013,1939,1074
111000934,1716,3198,-1482
111000935,1113,914,199
111000936,958,2005,-1047
111000937,905,1264,-359
111000938,1241,1453,-212
111000939,330,30,300
111000940,292,154,138
111000941,224,416,-192
111000943,293,245,48
111000944,190,380,-190
111000945,64,1158,-1094
111001109,397,266,131
111001110,138,489,-351
111001111,62,8,54
111001112,129,3,126
111001113,4,189,-185
111001114,862,113,749
111001115,76,383,-307
111001116,4569,3151,1418
111001117,605,2404,-1799
111001120,117,228,-111
111001121,226,225,1
111001122,191,504,-313
111001123,245,118,127
111001124,90,237,-147
111001125,6,195,-189
111001126,0,0,0
111001127,1,33,-32
111001128,486,507,-21
111001129,4,201,-197
111900001,1,172,-171
111900002,0,495,-495
111900003,3,253,-250
111900004,25,91,-66
111900006,8,33,-25
111900007,60,4,56
111900008,100,2,98
111900009,120,3,117
111900010,347,352,-5
111900012,71,74,-3
111900013,3,9,-6
111900014,4144,2628,1516
111900015,0,39,-39
111900016,1,88,-87
111900017,0,109,-109
111900018,148,8,140
111900019,1,58,-57
111900020,5,43,-38
111900021,33,93,-60
111900022,4,72,-68
111900023,71,101,-30
111900024,291,155,136
111900025,0,23,-23
111900026,0,63,-63
111900027,5,125,-120
111900028,1,257,-256
111900029,2,60,-58
111900030,25,238,-213
111900032,2,241,-239
111900033,6,68,-62
111900034,293,376,-83
111900035,56,163,-107
111900036,0,222,-222
111900038,263,427,-164
111900039,28,361,-333
111900040,0,379,-379
111900042,27,131,-104
111900043,3,268,-265
111900044,400,154,246
111900046,34,113,-79
111900048,126,581,-455
111900049,24,149,-125
111900050,64,28,36
111900051,1,160,-159
111900052,399,307,92
111900053,905,797,108
111900054,99,4,95
111900055,17,308,-291
111900056,143,242,-99
111900057,109,99,10
111900058,298,475,-177
111900059,1205,397,808
111900060,337,5,332
111900061,7,180,-173
111900062,21,67,-46
111900063,297,185,112
111900064,119,205,-86
111900065,71,20,51
111900066,106,118,-12
111900067,0,264,-264
111900068,26,29,-3
111900069,53,30,23
111900070,102,139,-37
111900071,0,164,-164
111900072,44,19,25
111900073,542,107,435
111900074,12,92,-80
111900075,35,10,25
111900076,98,69,29
111900077,31,1,30
111900078,181,9,172
111900079,19,30,-11
111900080,204,191,13
111900082,127,15,112
111900083,82,7,75
111900084,75,4,71
111900085,22,79,-57
111900086,26,10,16
111900087,56,0,56
111900088,318,6,312
111900089,35,2,33
111900090,44,15,29
111900091,156,5,151
111900092,80,1,79
111900093,268,5,263
111900094,44,1,43
111900095,144,11,133
111900096,93,8,85
111900097,52,1,51
111900098,129,1,128
111900099,15,0,15
111900100,89,1,88
111900101,54,25,29
111900102,274,490,-216
111900103,61,92,-31
111900104,78,61,17
111900105,272,111,161
111900106,717,53,664
111900110,1167,249,918
111900111,78,9,69
111900112,364,1643,-1279
111900113,187,76,111
111900118,240,67,173
111900119,246,118,128
111900122,75,74,1
111900123,15,41,-26
111900124,25,115,-90
111900125,316,22,294
111900126,238,1,237
111900127,1,621,-620
111900128,0,389,-389
111900129,187,4,183
111900130,119,11,108
111900131,371,3,368
111900132,24,729,-705
111900133,16,269,-253
111900134,2,186,-184
111900135,9,20,-11
111900136,58,142,-84
111900137,62,68,-6
111900138,7,107,-100
111900139,14,110,-96
111900140,73,23,50
111900141,106,17,89
111900142,90,36,54
111900143,52,103,-51
111900144,1,75,-74
111900145,0,308,-308
111900146,2,184,-182
111900147,132,369,-237
111900148,25,515,-490
111900149,2,190,-188
111900150,11,116,-105
111900151,5,15,-10
111900152,83,75,8
111900153,1323,435,888
111900154,9,164,-155
111900155,30,64,-34
111900156,26,68,-42
111900157,85,12,73
111900158,358,40,318
111900159,222,9,213
111900160,207,1,206
111900161,114,0,114
111900162,43,138,-95
111900163,41,164,-123
111900164,113,64,49
111901113,292,216,76
111901114,146,175,-29
111901115,39,0,39
111901116,27,1,26
111901117,26,15,11
111901118,62,132,-70
111901119,671,53,618
111901121,169,184,-15
111901122,5,479,-474
111901123,102,288,-186
111901124,109,5,104
111901125,325,191,134
111901127,343,207,136
111901128,6,48,-42
111901129,3,61,-58
111901130,3,82,-79
111901131,4,155,-151
111901132,221,13,208
111901133,37,1,36
111901134,32,3,29
111901135,26,9,17
111901138,249,16,233
111901139,14,27,-13
111901140,5,48,-43
111901141,10,89,-79
111901142,2,59,-57
111901143,5,51,-46
111901144,46,44,2
111901145,143,225,-82
111901146,457,35,422
111901147,439,13,426
111901148,28,18,10
111901149,8,2,6
111901150,12,0,12
111901151,0,0,0
111901152,5,17,-12
112000001,1534,615,919
112000002,546,1826,-1280
112000003,802,766,36
112000004,488,795,-307
112000005,2457,2924,-467
112000006,2121,1392,729
112000007,1990,1527,463
112000008,1739,3088,-1349
112000009,2899,2420,479
112000010,2109,2337,-228
112000011,1420,1273,147
112000012,2731,2513,218
112000013,3922,2042,1880
112000014,2485,1418,1067
112000015,3460,2124,1336
112000016,3392,887,2505
112000017,1526,1383,143
112000024,2231,814,1417
112000026,2831,3990,-1159
112000027,743,595,148
112000028,1447,1255,192
112000029,344,568,-224
112000030,140,66,74
112000031,1043,3287,-2244
112000032,389,31,358
112000033,1461,1244,217
112000034,329,47,282
112000035,104,254,-150
112000036,643,765,-122
112000037,653,586,67
112000038,921,601,320
112000039,73,85,-12
112000040,96,208,-112
112000041,459,420,39
112000042,997,355,642
112000050,1126,1079,47
112000051,829,892,-63
112000054,1282,1492,-210
112000057,272,381,-109
112000058,205,556,-351
112000059,319,557,-238
112000061,2392,1534,858
112000062,1129,506,623
112000063,862,1137,-275
112000064,3648,4437,-789
112000065,1802,2190,-388
112000066,3040,1312,1728
112000067,914,639,275
112000068,2562,2062,500
112000069,701,1403,-702
112000070,1626,789,837
112000071,782,2028,-1246
112000072,1728,755,973
112000073,1206,1667,-461
112000074,1283,895,388
112000075,1337,1108,229
112000076,2863,2351,512
112000077,579,480,99
112000078,1473,570,903
112000079,1232,1029,203
112000080,608,653,-45
112000081,1344,1974,-630
112000082,1250,691,559
112000083,551,1051,-500
112000084,1021,849,172
112000085,970,833,137
112000086,1436,1189,247
112000087,331,653,-322
112000088,682,535,147
112000089,197,225,-28
112000090,219,274,-55
112000091,712,1028,-316
112000092,1551,1128,423
112000093,1669,944,725
112000094,547,857,-310
112000095,706,868,-162
112000096,437,619,-182
112000097,960,610,350
112000098,768,795,-27
112000099,557,1226,-669
112000100,1495,757,738
112000101,611,935,-324
112000102,994,555,439
112000103,404,985,-581
112000105,717,1455,-738
112000106,1362,481,881
112000107,71,174,-103
112000108,263,1420,-1157
112000109,191,108,83
112000110,1811,651,1160
112000111,933,2288,-1355
112000112,3063,570,2493
112000113,754,1460,-706
112000114,1890,857,1033
112000115,308,369,-61
112000116,485,893,-408
112000117,960,930,30
112000118,870,779,91
112000119,401,743,-342
112000120,80,285,-205
112000121,86,364,-278
112000122,252,155,97
112000123,637,178,459
112000124,370,102,268
112000125,209,253,-44
112000126,194,383,-189
112000127,1585,1446,139
112000128,491,441,50
112000129,147,85,62
112000130,203,72,131
112000131,39,313,-274
112000132,149,176,-27
112000133,309,227,82
112000134,316,326,-10
112000135,1011,645,366
112000136,997,1022,-25
112000137,1167,1153,14
112000138,1272,994,278
112000139,740,517,223
112000140,1018,988,30
112000141,578,262,316
112000142,144,531,-387
112000143,851,199,652
112000144,360,1109,-749
112000145,2067,530,1537
112000146,522,1828,-1306
112000147,2271,1813,458
112000148,1716,2134,-418
112000149,379,441,-62
112000150,196,523,-327
112000151,364,328,36
112000152,258,365,-107
112000153,175,239,-64
112000154,109,147,-38
112000155,141,89,52
112000157,560,448,112
112000158,274,424,-150
112000159,405,352,53
112000167,251,47,204
112000169,274,253,21
112000173,464,153,311
112000175,313,352,-39
112000176,2528,1611,917
112000177,430,160,270
112000178,103,270,-167
112000179,163,92,71
112000180,218,351,-133
112000181,1330,1825,-495
112000182,969,1337,-368
112000183,39,50,-11
112000184,312,263,49
112000185,378,480,-102
112000187,2635,1673,962
112000195,98,22,76
112000196,138,3,135
112000197,73,93,-20
112000198,27,196,-169
112000199,958,713,245
112000202,329,9,320
112000216,60,190,-130
112000230,71,3,68
112000231,2,214,-212
112000256,45,159,-114
112000313,50,94,-44
112000314,43,37,6
112000337,254,472,-218
112000352,271,317,-46
112000392,988,924,64
112000398,968,705,263
112000399,1335,1611,-276
112000400,1392,2502,-1110
112000401,2634,1902,732
112000402,2043,2394,-351
112000403,1405,2187,-782
112000404,594,667,-73
112000405,1452,2350,-898
112000406,3085,2372,713
112000407,5327,6647,-1320
112000408,6869,6454,415
112000409,1549,4461,-2912
112000410,350,239,111
112000411,3145,1040,2105
112000412,1335,488,847
112000413,7012,4278,2734
112000414,86,87,-1
112000415,89,39,50
112000416,1892,1148,744
112000417,192,68,124
112000421,91,75,16
112000422,375,306,69
112000424,2006,2116,-110
112000425,321,801,-480
112000426,106,356,-250
112000427,0,8,-8
112000428,192,301,-109
112000429,1940,1878,62
112000430,1984,2085,-101
112000431,60,132,-72
112000432,576,1056,-480
112000433,342,640,-298
112000437,73,194,-121
112900001,43,0,43
112900002,333,881,-548
112900003,42,264,-222
112900004,26,177,-151
112900005,163,195,-32
112900007,13,129,-116
112900008,0,20,-20
112900009,232,72,160
112900010,310,773,-463
112900011,200,256,-56
112900012,1,43,-42
112900013,3,116,-113
112900014,4,172,-168
112900015,297,554,-257
112900016,11,222,-211
112900017,30,122,-92
112900018,258,670,-412
112900019,29,107,-78
112900020,322,865,-543
112900021,14,164,-150
112900022,8,57,-49
112900023,0,179,-179
112900024,23,144,-121
112900025,67,233,-166
112900026,6,238,-232
112900027,4,970,-966
112900028,9,88,-79
112900029,13,576,-563
112900030,131,134,-3
112900031,7,438,-431
112900032,184,236,-52
112900034,1,40,-39
112900035,8,383,-375
112900036,32,99,-67
112900037,130,184,-54
112900038,393,130,263
112900039,8,247,-239
112900040,2,201,-199
112900041,525,812,-287
112900042,42,258,-216
112900043,26,34,-8
112900044,469,348,121
112900045,286,281,5
112900046,141,55,86
112900047,6,17,-11
112900049,143,52,91
112900050,36,342,-306
112900051,231,386,-155
112900052,16,644,-628
112900053,177,63,114
112900054,150,47,103
112900055,71,20,51
112900056,237,162,75
112900057,28,442,-414
112900058,240,377,-137
112900059,102,78,24
112900060,8,106,-98
112900061,46,92,-46
112900062,69,81,-12
112900063,187,21,166
112900064,127,168,-41
112900065,46,8,38
112900066,169,125,44
112900067,336,144,192
112900068,47,52,-5
112900069,1315,657,658
112900071,13,2,11
112900072,133,1187,-1054
112900073,249,83,166
112900074,72,228,-156
112900075,1057,747,310
112900076,72,27,45
112900078,268,345,-77
112900079,185,47,138
112900080,36,1,35
112900081,23,145,-122
112900082,404,18,386
112900083,76,106,-30
112900084,189,85,104
112900086,33,0,33
112900087,435,89,346
112900088,72,10,62
112900089,575,10,565
112900090,46,12,34
112900091,237,3,234
112900092,103,232,-129
112900093,1144,10,1134
112900095,18,0,18
112900096,361,100,261
112900097,57,206,-149
112900098,56,0,56
112900099,618,8,610
112900100,57,1,56
112900101,313,3,310
112900102,243,4,239
112900103,124,4,120
112900104,498,3,495
112900105,7,0,7
112900106,298,82,216
112900107,4,1,3
112900108,24,0,24
112900109,84,0,84
112900110,947,19,928
112900111,522,1,521
112900112,301,2,299
112900113,0,12,-12
112900114,107,22,85
112900115,1121,2,1119
112900116,128,5,123
112900117,80,82,-2
112900118,12,65,-53
112900119,150,1,149
112900120,707,230,477
112900121,110,143,-33
112900122,7,69,-62
112900123,94,16,78
112900124,6,78,-72
112900125,35,300,-265
112900126,157,203,-46
112900127,249,76,173
112900128,261,656,-395
112900129,2,742,-740
112900130,264,69,195
112900131,44,232,-188
112900132,56,338,-282
112900133,22,757,-735
112900134,0,189,-189
112900135,103,36,67
112900137,3,464,-461
112900138,9,213,-204
112900139,155,903,-748
112900141,546,56,490
112900142,56,92,-36
112900143,32,414,-382
112900144,4,671,-667
112900145,44,416,-372
112900146,7,911,-904
112900147,4,1538,-1534
112900148,38,3,35
112900149,184,417,-233
112900151,11,51,-40
112900152,3333,780,2553
112900153,1747,1745,2
112900154,1,85,-84
112900155,176,10,166
112900156,352,922,-570
112900157,149,45,104
112900158,57,11,46
112900159,150,84,66
112900160,82,221,-139
112900161,106,24,82
112900162,19,12,7
112900163,92,31,61
112900164,29,175,-146
112900165,104,22,82
112900166,15,35,-20
112900167,3,26,-23
112900168,0,1,-1
112900169,8,13,-5
112900170,69,51,18
112900172,59,8,51
112900173,137,68,69
112900174,161,38,123
112900175,156,92,64
112900176,11,32,-21
112900177,227,51,176
112900178,697,1903,-1206
112900179,50,341,-291
112900180,1283,1297,-14
112900181,391,4,387
112900182,45,861,-816
112900183,89,192,-103
112900184,284,247,37
112900185,158,412,-254
112900186,998,717,281
112900187,66,443,-377
112900188,508,237,271
112900189,5,5,0
112900190,9,24,-15
112900192,455,548,-93
112900193,838,243,595
112900194,41,51,-10
112900195,717,28,689
112900196,170,223,-53
112900197,188,281,-93
112900199,300,266,34
112900200,346,199,147
112900201,61,69,-8
112900202,317,804,-487
112900203,252,211,41
112900204,982,533,449
112900205,14,29,-15
112900206,15,80,-65
112900207,7,0,7
112900208,85,324,-239
112900209,531,332,199
112900210,0,42,-42
112900211,73,28,45
112900212,0,89,-89
112900213,94,13,81
112900214,31,48,-17
112900215,7,132,-125
112900216,36,44,-8
112900217,0,63,-63
112900218,31,1,30
112900219,64,0,64
112900220,2,0,2
112900221,3,124,-121
112900222,0,24,-24
112900223,721,7,714
112900224,227,362,-135
112900225,310,338,-28
112900226,94,212,-118
112900227,295,550,-255
112900228,34,17,17
112900229,189,51,138
112900230,5117,3106,2011
112900232,169,198,-29
112900233,56,130,-74
112900234,12,56,-44
112900235,101,25,76
112900236,178,16,162
112900237,214,348,-134
112900238,2,38,-36
112900239,664,244,420
112900240,1,75,-74
112900241,31,133,-102
112900242,4,117,-113
112900243,5,132,-127
112900244,7,60,-53
112900245,1,30,-29
112900246,2,11,-9
112900247,135,27,108
112900248,4,0,4
112900249,32,6,26
112900250,95,22,73
112900251,51,10,41
112900252,62,26,36
112900253,21,15,6
112900254,9,7,2
112900255,2,29,-27
112900256,13,47,-34
112900257,10,16,-6
112900258,16,24,-8
113000001,4503,3475,1028
113000002,2794,2675,119
113000003,1559,1294,265
113000004,1497,1889,-392
113000005,1313,778,535
113000006,819,1080,-261
113000007,1550,1015,535
113000008,1448,1354,94
113000009,815,620,195
113000010,960,1012,-52
113000011,588,1238,-650
113000012,1360,632,728
113000013,1202,621,581
113000014,1462,1122,340
113000015,391,151,240
113000016,207,473,-266
113000017,70,291,-221
113000018,352,29,323
113000019,239,403,-164
113000020,532,98,434
113000021,1122,610,512
113000022,555,860,-305
113000025,139,288,-149
113000026,339,401,-62
113000027,579,450,129
113000028,873,320,553
113000029,551,599,-48
113000030,369,618,-249
113000031,319,297,22
113000032,197,264,-67
113000033,205,321,-116
113000034,297,249,48
113000035,14,30,-16
113000036,13,36,-23
113000037,47,35,12
113000038,9,55,-46
113000039,72,276,-204
113000040,71,88,-17
113000042,723,473,250
113000051,722,1922,-1200
113000052,1686,614,1072
113000053,319,299,20
113000054,264,609,-345
113000055,943,566,377
113000056,718,782,-64
113000058,595,775,-180
113000059,810,540,270
113000060,216,458,-242
113000061,526,617,-91
113000062,673,183,490
113000063,132,90,42
113000064,41,232,-191
113000065,105,676,-571
113000066,502,143,359
113000067,1538,1205,333
113000068,364,1050,-686
113000069,543,982,-439
113000070,2034,864,1170
113000071,347,479,-132
113000072,646,427,219
113000073,317,1186,-869
113000074,733,340,393
113000075,1706,589,1117
113000076,593,1459,-866
113000077,816,506,310
113000078,521,1653,-1132
113000079,463,552,-89
113000080,539,518,21
113000081,568,579,-11
113000082,795,533,262
113000083,399,718,-319
113000084,1225,1045,180
113000085,651,574,77
113000086,826,959,-133
113000087,782,789,-7
113000088,1916,946,970
113000089,790,1394,-604
113000090,226,414,-188
113000091,431,326,105
113000094,772,227,545
113000095,215,743,-528
113000096,136,660,-524
113000097,892,342,550
113000098,87,32,55
113000099,766,336,430
113000100,114,297,-183
113000101,343,490,-147
113000102,485,425,60
113000103,1703,471,1232
113000104,303,1508,-1205
113000105,541,354,187
113000106,306,432,-126
113000107,693,705,-12
113000108,583,1035,-452
113000109,457,1307,-850
113000110,970,309,661
113000111,165,404,-239
113000112,297,300,-3
113000113,991,362,629
113000114,350,951,-601
113000116,478,251,227
113000117,572,104,468
113000118,89,319,-230
113000119,328,266,62
113000120,59,208,-149
113000121,343,550,-207
113000124,189,131,58
113000125,52,610,-558
113000127,2113,318,1795
113000128,352,351,1
113000129,372,676,-304
113000133,1948,1195,753
113000134,5,910,-905
113000135,3394,3772,-378
113000137,1459,2652,-1193
113000139,229,135,94
113000140,112,203,-91
113000141,143,115,28
113000142,426,716,-290
113000143,191,174,17
113000144,290,498,-208
113000145,56,121,-65
113000146,129,69,60
113000147,138,81,57
113000148,141,110,31
113000149,84,90,-6
113000150,374,291,83
113000151,67,52,15
113000152,31,70,-39
113000153,1205,450,755
113000154,618,1349,-731
113000155,267,417,-150
113000156,80,323,-243
113000157,293,827,-534
113000158,716,232,484
113000159,738,669,69
113000160,719,889,-170
113000161,269,346,-77
113000162,565,348,217
113000163,85,56,29
113000164,24,106,-82
113000166,132,91,41
113000167,45,92,-47
113000168,75,84,-9
113000169,141,79,62
113000170,72,98,-26
113000171,55,94,-39
113000172,232,62,170
113000173,52,27,25
113000174,104,435,-331
113000175,380,117,263
113000176,457,170,287
113000177,148,461,-313
113000178,208,327,-119
113000179,255,196,59
113000180,503,957,-454
113000181,1023,874,149
113000182,130,366,-236
113000183,127,426,-299
113000184,19,97,-78
113000189,488,631,-143
113000190,703,432,271
113000192,1469,1506,-37
113000193,3423,1178,2245
113000194,1492,929,563
113000195,1972,727,1245
113000196,192,91,101
113000197,1138,840,298
113000198,58,233,-175
113000199,907,247,660
113000201,224,177,47
113000202,2435,734,1701
113000203,240,74,166
113000204,1301,1680,-379
113000205,20,22,-2
113000206,12,35,-23
113000207,51,20,31
113000208,42,30,12
113000209,11,30,-19
113000210,4,27,-23
113000211,263,213,50
113000212,158,23,135
113000213,31,75,-44
113000214,191,216,-25
113000234,141,635,-494
113000410,128,234,-106
113000411,2055,3266,-1211
113000412,5611,2095,3516
113000413,2240,2371,-131
113000414,5501,10045,-4544
113000415,1826,2321,-495
113000416,6859,3275,3584
113000417,1734,2277,-543
113000418,3028,2360,668
113000419,1051,1374,-323
113000420,3282,4313,-1031
113000421,2791,4933,-2142
113000422,9530,8872,658
113000423,1559,3877,-2318
113000424,2691,6723,-4032
113000425,1,71,-70
113000428,34,16,18
113000430,7,54,-47
113000432,2065,215,1850
113000433,91,549,-458
113000434,36,115,-79
113000435,42,406,-364
113000436,16,988,-972
113000437,807,22,785
113000438,199,18,181
113000439,46,113,-67
113000440,111,59,52
113000441,172,172,0
113000442,146,136,10
113000443,220,143,77
113000444,165,172,-7
113000445,139,92,47
113000446,41,76,-35
113000448,177,120,57
113000449,142,757,-615
113000450,376,1710,-1334
113000451,893,203,690
113000452,323,367,-44
113000453,97,243,-146
113000454,724,85,639
113000455,64,216,-152
113000456,3110,2260,850
113000468,1235,143,1092
113000469,52,39,13
113000470,297,28,269
113000471,25,325,-300
113000472,57,244,-187
113000474,506,496,10
113000475,1294,1523,-229
113000476,993,1653,-660
113000477,2490,1793,697
113000478,3172,4803,-1631
113000479,69,166,-97
113000485,0,0,0
113000486,5,0,5
113000487,1,1,0
113000489,0,1,-1
113000490,0,4,-4
113000491,1,1,0
113000492,0,0,0
113000493,0,0,0
113000495,183,207,-24
113000496,102,128,-26
113900001,4,88,-84
113900002,0,44,-44
113900003,0,53,-53
113900004,6,27,-21
113900005,1,56,-55
113900006,0,24,-24
113900007,9,0,9
113900008,14,0,14
113900009,141,4,137
113900010,84,2,82
113900011,43,1,42
113900012,16,1,15
113900013,188,9,179
113900014,419,2,417
113900015,0,34,-34
113900016,8,3,5
113900017,3,54,-51
113900018,283,150,133
113900019,109,36,73
113900020,101,1,100
113900022,17,0,17
113900023,16,0,16
113900024,27,52,-25
113900025,178,15,163
113900026,23,2,21
113900027,7,52,-45
113900028,33,407,-374
113900029,44,165,-121
113900030,153,0,153
113900031,17,0,17
113900032,21,0,21
113900033,65,71,-6
113900035,39,3,36
113900036,18,104,-86
113900037,122,383,-261
113900038,71,95,-24
113900039,124,13,111
113900040,2,4,-2
113900041,4,4,0
113900042,72,41,31
113900043,151,111,40
113900044,334,290,44
113900045,47,4,43
113900046,265,445,-180
113900047,26,96,-70
113900048,205,70,135
113900049,454,193,261
113900050,193,261,-68
113900051,220,320,-100
113900052,128,140,-12
113900053,455,454,1
113900054,13,0,13
113900055,91,346,-255
113900056,35,171,-136
113900057,20,53,-33
113900058,50,112,-62
113900059,163,258,-95
113900060,55,111,-56
113900061,665,219,446
113900062,55,5,50
113900063,72,100,-28
113900064,39,103,-64
113900065,374,17,357
113900066,213,238,-25
113900067,81,181,-100
113900068,379,300,79
113900069,15,25,-10
113900070,191,416,-225
113900071,33,49,-16
113900072,47,144,-97
113900073,241,342,-101
113900074,69,181,-112
113900075,1121,827,294
113900076,80,5,75
113900077,30,140,-110
113900078,33,66,-33
113900079,1,29,-28
113900080,293,180,113
113900081,51,127,-76
113900082,74,177,-103
113900083,184,345,-161
113900084,213,83,130
113900085,56,216,-160
113900086,29,16,13
113900087,44,107,-63
113900088,57,80,-23
113900089,325,41,284
113900090,394,308,86
113900091,9,15,-6
113900092,27,74,-47
113900093,94,481,-387
113900094,268,312,-44
113900095,85,97,-12
113900096,158,33,125
113900097,26,62,-36
113900098,422,40,382
113900099,0,29,-29
113900100,0,1,-1
113900101,10,74,-64
113900102,120,113,7
113900103,251,214,37
113900104,82,182,-100
113900105,91,216,-125
113900106,0,63,-63
113900107,0,20,-20
113900108,232,190,42
113900109,293,109,184
113900110,30,10,20
113900111,146,65,81
113900112,64,44,20
113900113,637,353,284
113900114,1,32,-31
113900115,0,88,-88
113900116,96,114,-18
113900117,81,23,58
113900118,181,196,-15
113900119,150,454,-304
113900120,40,29,11
113900121,49,70,-21
113900122,247,1492,-1245
113900123,312,197,115
113900124,2,71,-69
113900125,641,90,551
113900126,127,39,88
113900127,230,537,-307
113900128,119,60,59
113900129,6,144,-138
113900130,0,21,-21
113900131,132,59,73
113900132,44,37,7
113900133,19,102,-83
113900135,269,270,-1
113900136,106,76,30
113900137,233,212,21
113900138,23,89,-66
113900139,216,128,88
113900140,192,220,-28
113900141,450,271,179
113900142,85,71,14
113900143,14,36,-22
113900144,189,143,46
113900145,290,114,176
113900146,102,39,63
113900148,95,218,-123
113900149,102,70,32
113900150,492,403,89
113900151,334,127,207
113900152,27,42,-15
113900153,246,434,-188
113900154,3,88,-85
113900155,159,144,15
113900156,279,299,-20
113900157,32,207,-175
113900158,231,229,2
113900159,18,181,-163
113900160,480,422,58
113900161,45,164,-119
113900162,347,449,-102
113900163,198,200,-2
113900164,177,43,134
113900165,462,398,64
113900166,122,125,-3
113900167,180,40,140
113900168,78,90,-12
113900169,183,277,-94
113900171,146,66,80
113900172,6,125,-119
113900173,61,463,-402
113900174,385,414,-29
113900175,260,102,158
113900176,241,438,-197
113900177,273,146,127
113900178,122,114,8
113900179,13,356,-343
113900180,135,87,48
113900181,392,109,283
113900182,501,788,-287
113900183,44,70,-26
113900184,22,260,-238
113900185,194,60,134
113900186,15,23,-8
113900187,35,106,-71
113900188,18,87,-69
113900189,204,84,120
113900190,214,72,142
113900191,61,136,-75
113900192,1413,1124,289
113900193,21,158,-137
113900194,1173,1033,140
113900195,278,293,-15
113900196,3,98,-95
113900197,0,133,-133
113900198,18,123,-105
113900199,77,530,-453
113900200,9,147,-138
113900201,0,134,-134
113900202,8,141,-133
113900203,14,87,-73
113900204,37,411,-374
113900205,4,93,-89
113900206,6,77,-71
113900207,0,35,-35
113900208,0,30,-30
113900209,2,46,-44
113900210,523,563,-40
113900211,163,54,109
113900212,113,315,-202
113900214,317,291,26
113900215,14,76,-62
113900216,65,689,-624
113900217,52,233,-181
113900218,152,88,64
113900219,77,290,-213
113900220,116,86,30
113900221,377,133,244
113900222,1014,593,421
113900223,101,702,-601
113900224,67,77,-10
113900225,332,205,127
113900226,288,101,187
113900227,276,155,121
113900228,214,294,-80
113900229,64,471,-407
113900230,3285,2531,754
113900231,118,135,-17
113900232,75,113,-38
113900233,45,54,-9
113900234,236,340,-104
113900235,54,20,34
113900236,126,314,-188
113900237,120,2,118
113900238,173,391,-218
113900239,42,52,-10
113900240,5,116,-111
113900241,81,28,53
113900242,37,67,-30
113900243,87,301,-214
113900244,258,185,73
113900245,1033,201,832
113900246,7,18,-11
113900247,158,364,-206
113900248,1750,1101,649
113900249,719,353,366
113900250,50,109,-59
113900251,506,170,336
113900252,397,11,386
113900253,505,41,464
113900254,790,125,665
113900255,345,5,340
113900256,342,24,318
113900257,31,373,-342
113900258,3,320,-317
113900259,336,126,210
113900260,165,19,146
113900261,8,92,-84
113900262,120,466,-346
113900263,145,616,-471
113900264,6,394,-388
113900265,118,230,-112
113900266,25,140,-115
113900267,100,363,-263
113900268,265,359,-94
113900269,55,104,-49
113900270,307,540,-233
113900271,460,831,-371
113900273,31,4,27
113900274,83,36,47
113900275,32,50,-18
113900276,1,118,-117
113900277,93,6,87
113900278,203,152,51
113900279,57,79,-22
113900280,1076,459,617
113900281,527,918,-391
113900282,468,400,68
113900283,363,388,-25
113900284,640,154,486
113900285,123,46,77
113900286,15,72,-57
113900287,45,18,27
113900288,2,103,-101
113900289,707,68,639
113900290,332,143,189
113900291,72,114,-42
113900292,12,2,10
113900293,1,189,-188
113900294,332,18,314
113900295,288,293,-5
113900296,772,188,584
113900297,2044,28,2016
113900298,19,1495,-1476
113900299,75,104,-29
113900300,2155,1135,1020
113900301,582,247,335
113900302,1993,860,1133
113900303,362,278,84
113900304,0,102,-102
113900305,68,0,68
113900306,17,0,17
113900307,27,0,27
113900308,60,94,-34
113900309,3,457,-454
113900310,0,16,-16
113900311,3,0,3
113900312,138,192,-54
113900313,13,8,5
113900314,1,13,-12
113900315,47,0,47
114000001,842,2331,-1489
114000002,250,255,-5
114000003,181,642,-461
114000004,295,290,5
114000005,201,191,10
114000006,2547,1615,932
114000007,552,877,-325
114000008,1131,1264,-133
114000009,573,160,413
114000011,2187,2180,7
114000012,1799,1439,360
114000013,1172,1318,-146
114000014,549,442,107
114000015,1514,366,1148
114000016,197,321,-124
114000017,61,202,-141
114000018,160,35,125
114000026,1269,1025,244
114000027,2239,1649,590
114000028,1806,2225,-419
114000038,230,123,107
114000039,211,254,-43
114000040,65,154,-89
114000042,144,123,21
114000043,292,202,90
114000044,222,223,-1
114000045,61,61,0
114000046,3299,3444,-145
114000047,11,33,-22
114000048,87,147,-60
114000049,1242,1219,23
114000050,1187,1624,-437
114000051,2613,1458,1155
114000052,4090,1277,2813
114000053,119,405,-286
114000054,287,587,-300
114000055,307,25,282
114000056,1080,651,429
114000057,4186,1857,2329
114000058,430,1351,-921
114000059,259,303,-44
114000060,502,698,-196
114000061,2430,2221,209
114000062,1995,1153,842
114000063,2831,1414,1417
114000064,5192,3118,2074
114000065,1577,1921,-344
114000066,355,468,-113
114000067,16,457,-441
114000068,404,468,-64
114000069,743,400,343
114000070,1726,1634,92
114000071,591,348,243
114000072,309,173,136
114000073,20,69,-49
114000074,29,11,18
114000075,48,74,-26
114000076,14,97,-83
114000077,13,35,-22
114000078,203,524,-321
114000079,72,17,55
114000080,49,74,-25
114000081,92,68,24
114000082,55,393,-338
114000083,79,194,-115
114000084,250,74,176
114000085,92,428,-336
114000086,209,382,-173
114000087,69,129,-60
114000088,47,37,10
114000089,741,364,377
114000090,656,585,71
114000091,1145,613,532
114000092,840,362,478
114000093,1024,680,344
114000094,333,293,40
114000095,143,129,14
114000096,120,311,-191
114000097,122,527,-405
114000098,501,90,411
114000099,472,572,-100
114000100,1003,535,468
114000101,418,610,-192
114000102,360,321,39
114000103,156,330,-174
114000104,5,198,-193
114000105,78,73,5
114000106,597,713,-116
114000107,223,118,105
114000108,1841,1106,735
114000109,446,1261,-815
114000110,453,1492,-1039
114000111,1288,613,675
114000112,564,2313,-1749
114000113,1307,435,872
114000114,1352,1509,-157
114000115,1833,906,927
114000116,544,1106,-562
114000117,2024,368,1656
114000118,1786,376,1410
114000119,1231,331,900
114000120,485,708,-223
114000121,361,679,-318
114000122,378,236,142
114000123,1532,242,1290
114000124,732,182,550
114000125,716,1017,-301
114000126,1175,170,1005
114000127,195,128,67
114000128,777,284,493
114000130,358,388,-30
114000131,194,80,114
114000132,576,395,181
114000133,971,1142,-171
114000134,95,146,-51
114000138,39,163,-124
114000139,376,190,186
114000144,641,360,281
114000145,61,165,-104
114000146,85,204,-119
114000147,1014,1466,-452
114000148,1979,1715,264
114000149,323,209,114
114000150,1744,1200,544
114000151,1243,1631,-388
114000152,129,33,96
114000153,1126,1992,-866
114000154,898,826,72
114000155,932,1783,-851
114000156,673,444,229
114000157,258,789,-531
114000158,1294,672,622
114000159,180,356,-176
114000160,135,305,-170
114000161,1114,2469,-1355
114000162,915,1830,-915
114000163,27,81,-54
114000165,552,250,302
114000166,718,300,418
114000167,2524,1302,1222
114000168,728,621,107
114000169,1173,899,274
114000170,892,875,17
114000171,876,2304,-1428
114000174,169,384,-215
114000176,577,370,207
114000177,1858,890,968
114000178,49,37,12
114000179,1083,669,414
114000180,396,715,-319
114000181,1435,2773,-1338
114000182,2461,2098,363
114000183,689,948,-259
114000184,3352,1101,2251
114000185,706,643,63
114000189,615,81,534
114000190,1920,249,1671
114000191,34,53,-19
114000192,205,1245,-1040
114000193,705,2380,-1675
114000194,1056,831,225
114000195,112,15,97
114000196,0,224,-224
114000197,795,15,780
114000198,708,284,424
114000199,1755,1453,302
114000200,534,1390,-856
114000201,118,675,-557
114000202,817,508,309
114000203,525,651,-126
114000204,150,332,-182
114000205,163,1288,-1125
114000206,410,1081,-671
114000207,580,1584,-1004
114000208,390,2029,-1639
114000209,507,1939,-1432
114000210,234,1141,-907
114000211,807,1265,-458
114000212,564,645,-81
114000213,1121,454,667
114000214,95,179,-84
114000215,139,79,60
114000216,953,243,710
114000217,232,193,39
114000218,109,262,-153
114000219,905,161,744
114000220,26,813,-787
114000221,584,132,452
114000222,104,833,-729
114000223,354,115,239
114000224,64,424,-360
114000225,174,534,-360
114000226,119,191,-72
114000227,663,451,212
114000228,600,766,-166
114000229,879,978,-99
114000230,1340,1132,208
114000231,727,1047,-320
114000232,524,107,417
114000233,1502,134,1368
114000234,934,784,150
114000235,748,1256,-508
114000236,1,365,-364
114000237,79,759,-680
114000238,138,124,14
114000239,115,1000,-885
114000240,620,627,-7
114000241,257,867,-610
114000242,836,759,77
114000243,1021,693,328
114000244,407,350,57
114000245,351,547,-196
114000246,111,59,52
114000247,453,528,-75
114000248,766,404,362
114000249,422,427,-5
114000250,355,592,-237
114000251,332,217,115
114000252,73,42,31
114000253,41,75,-34
114000254,42,73,-31
114000255,337,126,211
114000256,1541,1772,-231
114000257,508,1148,-640
114000258,204,304,-100
114000259,89,195,-106
114000260,0,21,-21
114000261,44,31,13
114000262,116,101,15
114000263,4,3,1
114000264,804,353,451
114000265,0,2,-2
114000267,4,1262,-1258
114000268,1,1418,-1417
114000270,121,2,119
114000271,352,45,307
114000283,929,318,611
114000285,27,170,-143
114000288,54,254,-200
114000289,939,143,796
114000293,121,317,-196
114000294,136,184,-48
114000395,1215,57,1158
114000396,420,434,-14
114000402,380,246,134
114000403,199,273,-74
114000405,91,341,-250
114000423,267,313,-46
114000424,303,127,176
114000425,621,271,350
114000426,232,707,-475
114000427,50,80,-30
114000428,231,164,67
114000429,10,196,-186
114000432,72,79,-7
114000434,35,81,-46
114000435,1,114,-113
114900001,532,808,-276
114900002,303,40,263
114900003,508,1142,-634
114900004,200,303,-103
114900005,469,796,-327
114900006,62,52,10
114900007,190,22,168
114900008,136,77,59
114900010,1637,1717,-80
114900011,158,111,47
114900013,164,107,57
114900018,582,30,552
114900020,198,71,127
114900022,76,476,-400
114900025,347,171,176
114900026,93,105,-12
114900029,93,36,57
114900030,287,168,119
114900031,301,33,268
114900032,240,38,202
114900034,39,151,-112
114900035,125,218,-93
114900036,193,587,-394
114900039,395,455,-60
114900040,97,103,-6
114900041,568,434,134
114900042,605,692,-87
114900044,117,19,98
114900047,177,1426,-1249
114900048,111,267,-156
114900049,34,204,-170
114900050,30,373,-343
114900051,16,265,-249
114900052,33,141,-108
114900053,50,276,-226
114900054,18,111,-93
114900057,196,12,184
114900058,0,72,-72
114900059,54,44,10
114900063,56,179,-123
114900064,1022,484,538
114900065,359,633,-274
114900067,30,371,-341
114900068,74,202,-128
114900069,181,94,87
114900070,507,349,158
114900072,6,194,-188
114900073,1,130,-129
114900074,511,485,26
114900075,259,6,253
114900076,4,228,-224
114900080,1548,384,1164
114900082,2925,1744,1181
114900083,1014,1042,-28
114900090,190,136,54
114900091,100,133,-33
114900097,132,2,130
114900098,3,178,-175
114900099,164,4,160
115000001,5292,3489,1803
115000002,2710,3062,-352
115000003,4405,2883,1522
115000004,2903,4818,-1915
115000005,1264,1856,-592
115000006,656,1346,-690
115000007,99,145,-46
115000008,426,457,-31
115000009,153,214,-61
115000010,204,133,71
115000013,63,164,-101
115000015,68,283,-215
115000016,39,137,-98
115000019,57,367,-310
115000020,98,446,-348
115000021,250,396,-146
115000022,457,308,149
115000023,294,437,-143
115000024,936,454,482
115000025,714,563,151
115000026,146,399,-253
115000027,217,227,-10
115000028,208,782,-574
115000029,431,120,311
115000030,666,1001,-335
115000031,1141,211,930
115000032,4,238,-234
115000033,143,62,81
115000034,61,913,-852
115000035,880,48,832
115000036,1,338,-337
115000037,532,8,524
115000038,52,173,-121
115000039,2615,2588,27
115000040,4867,2677,2190
115000041,989,2317,-1328
115000042,698,541,157
115000043,3222,1855,1367
115000044,3590,3364,226
115000045,2081,1677,404
115000046,1805,2169,-364
115000047,1611,1386,225
115000048,1249,2095,-846
115000049,1293,3055,-1762
115000050,2569,1655,914
115000051,1194,1996,-802
115000052,2097,1597,500
115000053,1294,1252,42
115000054,619,1069,-450
115000055,176,616,-440
115000056,277,496,-219
115000057,774,1397,-623
115000058,690,310,380
115000059,193,169,24
115000061,165,112,53
115000062,167,198,-31
115000063,213,265,-52
115000064,148,85,63
115000065,39,424,-385
115000067,182,16,166
115000069,61,285,-224
115000070,34,611,-577
115000071,94,18,76
115000072,8,88,-80
115000073,945,28,917
115000075,72,39,33
115000076,2922,2196,726
115000077,1520,2043,-523
115000078,1035,1252,-217
115000079,931,1631,-700
115000080,1678,1972,-294
115000081,509,850,-341
115000082,3355,2999,356
115000083,1755,2166,-411
115000084,1537,963,574
115000085,562,921,-359
115000086,754,525,229
115000087,359,1217,-858
115000088,1486,504,982
115000089,1114,1040,74
115000090,413,630,-217
115000091,198,825,-627
115000092,361,297,64
115000093,373,2,371
115000094,5542,4437,1105
115000095,3732,4477,-745
115000096,640,1207,-567
115000097,659,709,-50
115000098,800,709,91
115000099,2067,2398,-331
115000100,685,323,362
115000101,328,1413,-1085
115000102,378,225,153
115000103,295,643,-348
115000105,76,121,-45
115000106,462,248,214
115000107,159,424,-265
115000108,2798,2084,714
115000109,3349,3197,152
115000110,1079,1071,8
115000111,575,1527,-952
115000112,611,545,66
115000113,528,740,-212
115000114,1419,707,712
115000116,3207,1768,1439
115000117,3221,2653,568
115000118,1568,1506,62
115000119,1570,1814,-244
115000120,514,1015,-501
115000121,1473,739,734
115000122,3022,1207,1815
115000123,1209,1579,-370
115000124,1055,832,223
115000125,348,458,-110
115000126,111,258,-147
115000127,335,83,252
115000128,486,724,-238
115000129,254,268,-14
115000130,361,784,-423
115000131,779,253,526
115000132,276,285,-9
115000133,540,248,292
115000134,230,203,27
115000135,201,167,34
115000136,204,239,-35
115000137,109,135,-26
115000138,242,262,-20
115000139,215,182,33
115000140,299,251,48
115000141,139,235,-96
115000142,158,210,-52
115000143,582,556,26
115000144,511,70,441
115000145,253,340,-87
115000146,294,265,29
115000147,317,413,-96
115000148,251,924,-673
115000149,388,156,232
115000150,707,731,-24
115000151,956,554,402
115000152,595,937,-342
115000153,789,447,342
115000154,707,307,400
115000155,662,789,-127
115000156,860,536,324
115000157,813,667,146
115000158,583,322,261
115000159,607,516,91
115000160,352,268,84
115000161,135,436,-301
115000162,705,603,102
115000163,510,565,-55
115000164,657,522,135
115000165,313,419,-106
115000167,138,98,40
115000168,523,284,239
115000169,479,298,181
115000170,254,130,124
115000171,262,185,77
115000172,903,496,407
115000173,340,350,-10
115000174,144,279,-135
115000175,221,93,128
115000176,99,67,32
115000177,108,57,51
115000178,40,188,-148
115000179,41,25,16
115000180,122,449,-327
115000181,494,124,370
115000182,612,281,331
115000183,287,698,-411
115000186,534,216,318
115000187,169,634,-465
115000188,389,424,-35
115000189,160,353,-193
115000190,628,307,321
115000191,120,395,-275
115000194,76,150,-74
115000195,229,265,-36
115000196,105,98,7
115000197,190,223,-33
115000198,239,187,52
115000199,255,164,91
115000200,323,105,218
115000201,153,283,-130
115000206,239,39,200
115000207,98,263,-165
115000208,321,560,-239
115000209,427,231,196
115000210,118,99,19
115000211,215,158,57
115000212,1342,251,1091
115000224,399,36,363
115000225,38,76,-38
115000229,149,119,30
115000230,64,320,-256
115000231,231,1499,-1268
115000232,1253,223,1030
115000233,104,149,-45
115000234,23,290,-267
115000241,64,213,-149
115000242,84,288,-204
115000243,37,237,-200
115000244,12,93,-81
115000246,35,11,24
115000247,33,21,12
115000248,29,15,14
115000249,27,12,15
115000250,229,46,183
115000251,181,87,94
115000252,67,123,-56
115000253,12,348,-336
115000258,220,148,72
115000259,294,173,121
115000261,18,18,0
115000262,10,41,-31
115000263,11,60,-49
115000264,31,41,-10
115000267,66,57,9
115000268,30,142,-112
115000269,114,67,47
115000270,2,22,-20
115000272,59,140,-81
115000273,274,39,235
115000280,1835,141,1694
115000281,440,625,-185
115000282,490,405,85
115000284,405,155,250
115000296,1075,8,1067
115000297,164,106,58
115000298,103,332,-229
115000300,145,179,-34
115000302,483,117,366
115000303,542,125,417
115000304,513,88,425
115000305,75,514,-439
115000306,183,279,-96
115000307,86,212,-126
115000308,19,10,9
115000310,805,745,60
115000311,719,911,-192
115000313,153,484,-331
115000314,353,111,242
115000315,942,471,471
115000316,80,126,-46
115000317,124,443,-319
115000318,562,268,294
115000319,29,317,-288
115000320,9,204,-195
115000321,252,7,245
115000322,49,206,-157
115000449,180,156,24
115000557,18,872,-854
115000558,554,99,455
115000587,445,311,134
115000588,1987,2145,-158
115000589,2577,1986,591
115000590,952,961,-9
115000591,1449,618,831
115000592,528,1327,-799
115000593,1102,418,684
115000594,893,2022,-1129
115000609,149,203,-54
115000617,1422,2690,-1268
115000624,227,65,162
115000633,356,1579,-1223
115000634,1921,686,1235
115000635,454,166,288
115000638,599,616,-17
115000641,38,110,-72
115000642,244,285,-41
115000643,157,406,-249
115000644,160,347,-187
115000646,746,1320,-574
115000647,175,429,-254
115000648,1367,1760,-393
115000893,2832,1446,1386
115000894,113,938,-825
115000895,469,810,-341
115000896,1170,371,799
115000897,363,122,241
115000898,577,206,371
115000899,450,965,-515
115000900,126,346,-220
115000901,57,110,-53
115000912,369,77,292
115000913,1,9,-8
115000915,10,0,10
115000916,2,0,2
115000917,0,4,-4
115000918,54,213,-159
115000919,4,18,-14
115000920,65,38,27
115000921,518,93,425
115000922,1134,683,451
115000923,530,1101,-571
115000925,88,60,28
115000927,33,46,-13
115000933,322,255,67
115000934,132,179,-47
115000935,96,87,9
115000936,33,420,-387
115000937,857,143,714
115000938,247,247,0
115000939,416,227,189
115000940,48,15,33
115000941,12,12,0
115000942,45,94,-49
115000943,69,18,51
115000944,5,3,2
115900001,72,29,43
115900002,63,64,-1
115900003,162,116,46
115900004,1,27,-26
115900005,155,3,152
115900006,81,170,-89
115900008,38,1,37
115900009,61,135,-74
115900010,189,160,29
115900011,310,200,110
115900012,128,57,71
115900013,252,124,128
115900014,91,97,-6
115900015,97,55,42
115900016,72,13,59
115900017,5,7,-2
115900018,135,56,79
115900019,63,6,57
115900020,52,2,50
115900021,1015,148,867
115900022,1080,13,1067
115900023,19,2,17
115900025,32,146,-114
115900026,692,209,483
115900027,0,216,-216
115900028,509,44,465
115900029,15,281,-266
115900030,14,24,-10
115900031,328,224,104
115900032,318,538,-220
115900033,0,28,-28
115900034,18,287,-269
115900035,37,11,26
115900036,77,542,-465
115900037,46,234,-188
115900038,25,7,18
115900039,122,137,-15
115900041,454,449,5
115900042,16,8,8
115900043,78,45,33
115900044,136,197,-61
115900046,178,133,45
115900047,148,94,54
115900049,129,159,-30
115900051,2,37,-35
115900052,10,217,-207
115900053,175,155,20
115900054,173,54,119
115900055,8,126,-118
115900056,154,187,-33
115900057,30,8,22
115900058,46,76,-30
115900060,33,62,-29
115900061,229,0,229
115900062,42,296,-254
115900063,77,10,67
115900064,122,256,-134
115900065,143,59,84
115900066,134,123,11
115900067,16,515,-499
115900068,2801,643,2158
115900069,41,190,-149
115900070,176,122,54
115900071,5,376,-371
115900072,31,113,-82
115900073,47,52,-5
115900074,2,313,-311
115900075,24,150,-126
115900076,6,57,-51
115900077,4,232,-228
115900078,33,74,-41
115900079,142,17,125
115900080,307,184,123
115900081,15,68,-53
115900082,96,98,-2
115900084,328,33,295
115900085,38,72,-34
115900086,1176,515,661
115900088,5,88,-83
115900089,203,616,-413
115900090,323,20,303
115900091,9,13,-4
115900092,21,160,-139
115900093,8,18,-10
115900094,0,200,-200
115900096,6,13,-7
115900097,3,297,-294
115900098,164,227,-63
115900099,77,27,50
115900100,7,450,-443
115900101,98,229,-131
115900102,44,52,-8
115900103,217,128,89
115900104,30,87,-57
115900105,165,423,-258
115900106,59,17,42
115900107,39,74,-35
115900108,98,42,56
115900109,42,285,-243
115900110,4,11,-7
115900111,1,68,-67
115900112,29,509,-480
115900113,41,10,31
115900114,5,96,-91
115900115,47,137,-90
115900116,100,608,-508
115900117,47,6,41
115900118,1,256,-255
115900119,85,79,6
115900120,20,237,-217
115900121,111,148,-37
115900124,190,478,-288
115900125,208,24,184
115900126,511,55,456
115900127,528,52,476
115900128,7,124,-117
115900129,500,39,461
115900130,15,255,-240
115900131,210,7,203
115900132,419,16,403
115900134,278,17,261
115900135,471,722,-251
115900137,34,10,24
115900139,27,42,-15
115900140,159,27,132
115900141,5,27,-22
115900142,5,27,-22
115900143,118,188,-70
115900144,62,159,-97
115900146,4,60,-56
115900147,145,149,-4
115900148,69,4,65
115900149,84,30,54
115900150,54,39,15
115900151,9,78,-69
115900152,75,212,-137
115900153,99,189,-90
115900154,304,273,31
115900155,1,34,-33
115900156,439,582,-143
115900157,101,339,-238
115900158,14,13,1
115900159,81,192,-111
115900160,5,9,-4
115900161,47,101,-54
115900163,116,96,20
115900164,378,4,374
115900166,178,108,70
115900168,54,93,-39
115900171,65,248,-183
115900172,71,102,-31
115900173,170,118,52
115900174,207,197,10
115900175,89,185,-96
115900178,8,466,-458
115900179,225,15,210
115900180,24,107,-83
115900181,145,156,-11
115900182,361,123,238
115900183,54,16,38
115900184,1390,12,1378
115900187,11,123,-112
115900189,1,153,-152
115900190,256,967,-711
115900191,66,270,-204
115900192,7,138,-131
115900193,79,108,-29
115900194,484,31,453
115900195,479,1377,-898
115900198,185,236,-51
115900199,138,137,1
115900200,175,233,-58
115900201,442,324,118
115900202,2,41,-39
115900203,5,6,-1
115900204,0,3,-3
115900205,115,29,86
115900206,107,103,4
115900207,28,20,8
115900208,100,109,-9
115900209,7,141,-134
115900210,3,100,-97
115900211,3,186,-183
115900212,131,167,-36
115900213,136,70,66
115900214,288,145,143
115900215,24,67,-43
115900216,7,77,-70
115900217,3,31,-28
115900218,0,27,-27
115900219,66,3,63
115900220,92,10,82
115900221,54,8,46
115900222,20,23,-3
115900223,6,244,-238
115900224,809,709,100
115900225,79,22,57
115900226,29,30,-1
115900227,8,28,-20
115900228,7,26,-19
115900229,6,50,-44
115900230,22,90,-68
115900231,100,1,99
115900232,46,0,46
115900233,60,13,47
115900234,21,20,1
115900235,5,19,-14
115900236,35,23,12
115900237,11,31,-20
115900238,10,17,-7
115900239,7,34,-27
115900240,15,27,-12
115900241,126,68,58
115900242,225,242,-17
115900243,4,3,1
115900244,4,19,-15
115900245,14,4,10
115900246,8,11,-3
115900247,17,10,7
115900248,9,3,6
115900249,9,10,-1
115900250,10,15,-5
115900251,3,15,-12
115900252,4,4,0
115900253,3,10,-7
115900254,9,16,-7
115900255,2,18,-16
115900256,12,86,-74
115900257,5,2,3
115900258,0,1,-1
115900259,2,2,0
115900260,7,2,5
115900261,10,0,10
115900262,3,0,3
115900263,11,0,11
115900264,11,1,10
115900265,1,8,-7
115900266,5,14,-9
115900267,9,13,-4
115900268,3,4,-1
115900269,293,268,25
115900270,285,304,-19
115900271,122,2,120
115900272,12,8,4
115900273,2,12,-10
115900274,0,6,-6
115900275,0,18,-18
115900276,0,13,-13
115900277,0,55,-55
115900278,25,71,-46
115900279,16,122,-106
115900280,14,247,-233
115900281,378,186,192
115900282,15,10,5
115900283,3,7,-4
115900284,8,5,3
116000001,9514,3991,5523
116000002,3642,7238,-3596
116000003,1329,1494,-165
116000004,1789,2510,-721
116000005,2003,2382,-379
116000006,1989,1460,529
116000007,2539,3115,-576
116000008,2822,1641,1181
116000009,1730,2511,-781
116000010,1738,1098,640
116000011,848,1887,-1039
116000012,1108,876,232
116000013,7925,3510,4415
116000014,10053,7515,2538
116000015,280,986,-706
116000016,3584,2211,1373
116000017,12,633,-621
116000018,688,266,422
116000019,621,305,316
116000020,468,582,-114
116000021,250,264,-14
116000022,328,271,57
116000023,649,518,131
116000024,508,653,-145
116000025,571,585,-14
116000026,1614,1904,-290
116000027,513,492,21
116000028,432,605,-173
116000029,635,619,16
116000030,732,377,355
116000031,124,297,-173
116000032,367,159,208
116000033,232,434,-202
116000034,457,763,-306
116000035,288,572,-284
116000036,1884,913,971
116000037,703,411,292
116000038,403,371,32
116000039,590,244,346
116000040,772,234,538
116000041,162,319,-157
116000042,523,212,311
116000043,44,582,-538
116000044,21,83,-62
116000045,1501,986,515
116000046,856,1274,-418
116000047,1334,1966,-632
116000048,1502,1391,111
116000049,964,2559,-1595
116000050,1191,1090,101
116000051,6051,2239,3812
116000052,5575,4522,1053
116000053,1626,835,791
116000054,664,2029,-1365
116000055,541,787,-246
116000056,721,1074,-353
116000057,2291,1558,733
116000058,2299,1916,383
116000059,2898,3927,-1029
116000060,1542,761,781
116000061,503,769,-266
116000062,605,210,395
116000063,510,792,-282
116000066,208,438,-230
116000067,168,425,-257
116000068,214,208,6
116000069,181,340,-159
116000078,421,898,-477
116000080,1500,940,560
116000082,5,64,-59
116000083,1410,400,1010
116000084,1980,3812,-1832
116000085,1790,1516,274
116000086,2024,1363,661
116000087,1344,1248,96
116000088,651,889,-238
116000089,143,62,81
116000090,84,179,-95
116000091,171,199,-28
116000093,473,215,258
116000094,400,600,-200
116000095,547,374,173
116000096,551,965,-414
116000097,644,481,163
116000098,118,4103,-3985
116000099,4436,223,4213
116000100,200,10,190
116000101,694,698,-4
116000102,224,1007,-783
116000103,462,219,243
116000104,168,1027,-859
116000105,812,110,702
116000106,415,770,-355
116000107,1653,289,1364
116000108,232,123,109
116000111,130,35,95
116000113,116,94,22
116000114,54,125,-71
116000115,276,113,163
116000116,260,454,-194
116000117,1099,1519,-420
116000118,1134,1133,1
116000119,2295,1864,431
116000120,2644,3414,-770
116000121,714,475,239
116000122,1038,1520,-482
116000123,792,295,497
116000124,343,882,-539
116000125,2106,588,1518
116000126,195,1381,-1186
116000127,927,1091,-164
116000128,1182,772,410
116000129,939,242,697
116000130,435,369,66
116000133,700,695,5
116000134,1603,2041,-438
116000135,1942,1334,608
116000136,1060,1977,-917
116000137,860,562,298
116000138,636,491,145
116000139,1425,1766,-341
116000140,120,164,-44
116000141,284,605,-321
116000142,2610,2654,-44
116000143,1420,1474,-54
116000144,1424,1802,-378
116000145,1207,1008,199
116000146,325,225,100
116000147,205,97,108
116000148,352,341,11
116000149,468,420,48
116000151,619,530,89
116000153,81,394,-313
116000155,169,204,-35
116000156,306,804,-498
116000157,60,12,48
116000158,260,299,-39
116000159,14,16,-2
116000160,10,38,-28
116000161,1,43,-42
116000162,72,83,-11
116000163,21,6,15
116000164,3,15,-12
116000177,178,91,87
116000194,67,370,-303
116000195,1073,623,450
116000196,12,2,10
116000197,7,6,1
116000198,2043,946,1097
116000200,492,330,162
116000201,463,543,-80
116000202,7,241,-234
116000203,2,125,-123
116000204,11,95,-84
116000205,0,143,-143
116000206,0,108,-108
116000207,11,52,-41
116000233,121,331,-210
116000287,98,380,-282
116000288,235,194,41
116000292,36,96,-60
116000296,21,155,-134
116000297,134,30,104
116000304,101,39,62
116000305,22,56,-34
116000346,95,81,14
116000352,45,17,28
116000354,16,7,9
116000357,6,26,-20
116000358,261,34,227
116000361,246,2,244
116000372,4867,2824,2043
116000381,80,0,80
116000388,3,41,-38
116000389,675,518,157
116000445,268,526,-258
116000446,492,521,-29
116000447,23,315,-292
116000448,409,214,195
116000563,895,708,187
116000565,34,377,-343
116000568,47,99,-52
116000579,27,111,-84
116000583,88,63,25
116000584,10,9,1
116000585,15,25,-10
116000586,83,69,14
116000587,459,531,-72
116000589,32,69,-37
116000590,46,66,-20
116000591,175,199,-24
116000592,20,66,-46
116000593,0,14,-14
116000594,361,355,6
116000595,395,128,267
116000596,92,5,87
116000597,284,59,225
116000598,12,137,-125
116000605,228,108,120
116000606,77,193,-116
116000607,5,21,-16
116000609,132,721,-589
116000611,102,447,-345
116000612,516,1539,-1023
116000613,476,364,112
116000614,313,505,-192
116000615,1,221,-220
116000616,50,73,-23
116000617,78,42,36
116000618,1,60,-59
116000619,35,66,-31
116000620,79,462,-383
116000621,43,79,-36
116000622,58,173,-115
116000624,129,64,65
116000627,43,38,5
116000628,79,254,-175
116000629,25,182,-157
116000630,254,20,234
116000631,103,42,61
116000632,462,63,399
116000633,103,168,-65
116000634,257,152,105
116000635,2661,1638,1023
116000636,1066,978,88
116000637,402,66,336
116000638,74,305,-231
116000639,65,2,63
116000640,30,9,21
116000641,31,154,-123
116000643,5,116,-111
116000644,14,367,-353
116000645,33,13,20
116900001,177,137,40
116900002,170,1,169
116900003,17,57,-40
116900004,21,34,-13
116900005,250,69,181
116900006,85,160,-75
116900007,85,148,-63
116900008,292,269,23
116900009,10,2,8
116900010,588,1090,-502
116900011,7,35,-28
116900012,93,121,-28
116900013,3,125,-122
116900014,75,162,-87
116900015,281,48,233
116900016,154,2,152
116900017,8,380,-372
116900018,55,51,4
116900019,6,234,-228
116900020,674,645,29
116900023,50,4,46
116900024,368,42,326
116900025,660,642,18
116900026,103,495,-392
116900027,16,52,-36
116900028,7,88,-81
116900029,0,37,-37
116900031,2,6,-4
116900032,2,307,-305
116900033,7,7,0
116900034,5,71,-66
116900035,108,122,-14
116900036,5,80,-75
116900038,22,3,19
116900041,17,12,5
116900042,555,231,324
116900043,15,41,-26
116900047,29,102,-73
116900049,21,235,-214
116900050,109,366,-257
116900051,91,145,-54
116900052,154,53,101
116900055,0,12,-12
116900057,28,180,-152
116900058,13,327,-314
116900059,2,105,-103
116900060,117,154,-37
116900062,5,11,-6
116900064,130,590,-460
116900065,20,103,-83
116900067,86,54,32
116900068,99,146,-47
116900070,3,1,2
116900072,16,291,-275
116900073,13,94,-81
116900074,3,29,-26
116900076,5,23,-18
116900077,11,142,-131
116900078,199,89,110
116900079,46,207,-161
116900080,18,12,6
116900081,348,1000,-652
116900082,375,663,-288
116900083,60,31,29
116900084,165,43,122
116900085,41,125,-84
116900086,55,179,-124
116900088,277,71,206
116900090,140,40,100
116900091,329,53,276
116900092,77,510,-433
116900093,1079,1497,-418
116900094,3014,2313,701
116900095,126,87,39
116900096,72,194,-122
116900097,2404,1829,575
116900098,709,305,404
116900099,596,451,145
116900100,623,32,591
116900101,260,360,-100
116900103,3,1,2
116900104,52,70,-18
116900105,170,99,71
116900106,736,6,730
116900107,2614,1808,806
116900110,7,2,5
116900111,445,466,-21
116900112,187,617,-430
116900113,1277,1037,240
116900116,134,422,-288
116900117,70,109,-39
116900118,567,592,-25
116900120,301,62,239
116900121,61,13,48
116900122,605,684,-79
116900123,112,649,-537
116900124,140,814,-674
116900125,284,155,129
116900126,90,384,-294
116900128,0,39,-39
116900129,3,259,-256
116900130,458,2245,-1787
116900131,77,234,-157
116900132,34,72,-38
116900133,76,113,-37
116900134,139,223,-84
116900136,170,133,37
116900137,243,118,125
116900138,146,159,-13
116900139,125,326,-201
116900140,149,136,13
116900141,674,408,266
116900142,2,37,-35
116900143,199,292,-93
116900144,17,81,-64
116900145,78,164,-86
116900147,490,260,230
116900148,2,32,-30
116900149,64,199,-135
116900150,9,6,3
116900151,46,22,24
116900153,114,59,55
116900154,391,366,25
116900155,44,41,3
116900157,410,293,117
116900158,177,217,-40
116900159,100,213,-113
116900160,771,467,304
116900161,5648,3911,1737
116900162,17,84,-67
116900163,134,148,-14
116900164,86,40,46
116900165,202,137,65
116900166,21,87,-66
116900167,275,52,223
116900168,255,59,196
116900169,503,316,187
116900170,215,364,-149
116900171,36,126,-90
116900172,153,215,-62
116900173,148,31,117
116900174,31,47,-16
116900175,143,100,43
116900178,20,88,-68
116900179,72,213,-141
116900180,68,19,49
116900182,278,172,106
116900183,110,91,19
116900185,32,57,-25
116900186,59,185,-126
116900187,59,25,34
116900188,140,24,116
116900189,25,0,25
116900191,389,487,-98
116900192,126,87,39
116900194,89,865,-776
116900195,37,13,24
116900196,9,65,-56
116900197,79,3,76
116900198,133,140,-7
116900200,60,31,29
116900201,76,6,70
116900202,103,45,58
116900203,84,3,81
116900204,44,86,-42
116900206,17,40,-23
116900207,39,35,4
116900208,6,69,-63
116900209,55,72,-17
116900210,354,224,130
116900211,104,1,103
116900212,38,59,-21
116900213,198,156,42
116900214,140,140,0
116900215,25,62,-37
116900216,211,156,55
116900218,7,195,-188
116900219,1289,347,942
116900220,75,131,-56
116900221,60,278,-218
116900222,305,263,42
116900223,77,206,-129
116900226,32,40,-8
116900227,124,64,60
116900228,194,182,12
116900230,43,211,-168
116900231,17,308,-291
116900232,14,366,-352
116900233,135,65,70
116900234,2,3,-1
116900235,336,299,37
116900238,1488,272,1216
116900239,8,1008,-1000
116900240,4384,2453,1931
116900241,63,97,-34
116900242,713,360,353
116900243,1,29,-28
116900245,23,10,13
116900246,84,23,61
116900247,489,9,480
116900248,105,38,67
116900249,184,56,128
116900250,206,33,173
116900251,337,342,-5
116900252,86,625,-539
116900254,24,81,-57
116900255,68,35,33
116900256,267,127,140
116900257,26,395,-369
116900258,3,232,-229
116900259,136,5,131
116900260,3,95,-92
116900261,78,4,74
116900262,180,144,36
116900263,0,21,-21
116900264,95,45,50
116900265,19,1,18
116900266,7,24,-17
116900267,3,2,1
116900268,72,31,41
116900269,192,466,-274
116900271,931,124,807
116900272,390,248,142
116900273,173,41,132
116900274,108,62,46
116900275,133,87,46
116900276,278,107,171
116900277,348,7,341
116900278,2,10,-8
116900279,3,23,-20
116900280,6,17,-11
116900281,3982,2681,1301
116900282,4,74,-70
116900283,12,79,-67
116900284,5,154,-149
116900285,241,147,94
116900286,145,17,128
116900287,8,30,-22
116900288,60,127,-67
116900289,14,9,5
116900290,5,16,-11
116900291,21,4,17
116900292,0,11,-11
116900293,12,35,-23
116900294,30,110,-80
116900295,118,46,72
116900296,58,63,-5
116900297,6,80,-74
116900298,79,34,45
116900299,22,56,-34
116900300,7,72,-65
116900301,40,99,-59
116900302,99,46,53
116900303,192,92,100
116900304,0,101,-101
116900305,14,31,-17
116900306,123,97,26
116900307,63,0,63
116900308,2,108,-106
116900309,64,63,1
116900310,26,38,-12
116900311,1,138,-137
117000001,1357,1168,189
117000002,1743,3656,-1913
117000003,5274,2641,2633
117000004,3319,4434,-1115
117000005,1663,1579,84
117000006,1178,2797,-1619
117000007,3165,1012,2153
117000008,990,3261,-2271
117000009,4234,1697,2537
117000010,2649,3725,-1076
117000011,1700,1536,164
117000012,997,1274,-277
117000013,1717,756,961
117000014,1110,2111,-1001
117000015,1989,1089,900
117000016,324,67,257
117000017,340,96,244
117000018,133,382,-249
117000019,108,28,80
117000020,411,859,-448
117000021,1684,572,1112
117000022,452,94,358
117000023,307,206,101
117000024,220,166,54
117000025,496,741,-245
117000026,2101,989,1112
117000027,2250,3266,-1016
117000028,3337,1345,1992
117000030,579,434,145
117000031,284,243,41
117000032,1515,981,534
117000033,1017,646,371
117000034,407,277,130
117000035,309,303,6
117000036,353,329,24
117000037,191,230,-39
117000038,191,539,-348
117000039,397,210,187
117000040,228,810,-582
117000041,674,162,512
117000044,31,682,-651
117000045,365,84,281
117000046,414,683,-269
117000047,795,566,229
117000048,1638,979,659
117000049,69,481,-412
117000050,93,1501,-1408
117000051,1614,134,1480
117000052,41,278,-237
117000053,419,53,366
117000054,1493,11,1482
117000055,104,2671,-2567
117000056,531,29,502
117000057,516,2021,-1505
117000060,428,1295,-867
117000061,1250,762,488
117000062,264,615,-351
117000063,1375,792,583
117000064,807,786,21
117000066,772,741,31
117000067,133,420,-287
117000074,185,198,-13
117000076,42,52,-10
117000077,134,144,-10
117000078,81,644,-563
117000079,313,221,92
117000080,0,353,-353
117000081,867,154,713
117000082,19,60,-41
117000083,466,332,134
117000084,127,0,127
117000085,185,548,-363
117000086,676,390,286
117000087,112,486,-374
117000088,317,162,155
117000089,1309,247,1062
117000090,246,1234,-988
117000091,654,255,399
117000092,370,1181,-811
117000093,940,775,165
117000094,1347,2811,-1464
117000095,3125,803,2322
117000096,500,2281,-1781
117000097,1039,1117,-78
117000098,2451,4056,-1605
117000099,2475,1171,1304
117000100,140,259,-119
117000101,175,961,-786
117000102,1242,703,539
117000103,665,1537,-872
117000104,973,620,353
117000105,830,1335,-505
117000106,824,621,203
117000107,459,1584,-1125
117000108,1185,808,377
117000109,1379,2183,-804
117000110,1152,856,296
117000111,3181,3766,-585
117000112,2339,1508,831
117000113,84,220,-136
117000114,148,142,6
117000115,84,112,-28
117000116,113,180,-67
117000117,1235,774,461
117000118,275,149,126
117000119,405,136,269
117000120,187,345,-158
117000121,124,861,-737
117000122,291,653,-362
117000123,1342,33,1309
117000124,701,50,651
117000125,377,74,303
117000126,115,23,92
117000127,196,299,-103
117000128,589,816,-227
117000129,377,604,-227
117000130,126,1,125
117000131,0,132,-132
117000132,1734,32,1702
117000133,1115,41,1074
117000134,0,51,-51
117000135,1,36,-35
117000136,1,21,-20
117000137,78,114,-36
117000138,1,473,-472
117000140,376,1162,-786
117000141,1243,487,756
117000181,513,495,18
117000182,262,260,2
117000195,136,775,-639
117000196,144,91,53
117000225,152,21,131
117000226,15,228,-213
117000276,186,7,179
117000277,0,339,-339
117000310,1517,1929,-412
117000315,20,544,-524
117000320,82,0,82
117000906,206,20,186
117000907,4,231,-227
117000909,48,32,16
117000910,175,155,20
117000911,78,198,-120
117000915,6,473,-467
117000916,28,1,27
117000917,756,17,739
117000918,43,65,-22
117000919,19,95,-76
117000920,2,1010,-1008
117000921,4,1101,-1097
117000922,32,90,-58
117000924,286,651,-365
117000926,647,92,555
117000927,1648,634,1014
117000928,0,142,-142
117000929,184,351,-167
117000930,153,32,121
117000931,482,128,354
117900002,94,269,-175
117900003,631,350,281
117900005,5,27,-22
117900006,1,20,-19
117900007,119,91,28
117900008,0,22,-22
117900010,194,88,106
117900011,110,70,40
117900012,37,83,-46
117900013,0,155,-155
117900014,627,161,466
117900015,17,83,-66
117900016,840,560,280
117900017,450,300,150
117900018,282,62,220
117900019,273,247,26
117900020,58,376,-318
117900021,32,58,-26
117900023,571,124,447
117900024,30,68,-38
117900025,36,12,24
117900026,255,207,48
117900028,66,4,62
117900029,180,600,-420
117900031,148,85,63
117900032,795,434,361
117900033,201,511,-310
117900034,67,42,25
117900035,225,105,120
117900036,177,323,-146
117900037,113,49,64
117900038,17,259,-242
117900039,6,50,-44
117900040,98,354,-256
117900041,4,35,-31
117900042,2771,316,2455
117900043,37,58,-21
117900044,56,2640,-2584
117900045,118,104,14
117900048,299,290,9
117900049,177,354,-177
117900050,8,21,-13
117900051,20,5,15
117900052,46,230,-184
117900053,1425,621,804
117900054,1,29,-28
117900055,100,171,-71
117900056,176,42,134
117900057,1034,1005,29
117900058,140,30,110
117900059,400,95,305
117900060,1569,4609,-3040
117900061,16,133,-117
117900063,268,156,112
117900065,537,1022,-485
117900066,2,50,-48
117900067,349,149,200
117900069,471,211,260
117900070,203,12,191
117900071,57,92,-35
117900073,313,245,68
117900074,183,29,154
117900075,51,64,-13
117900076,26,73,-47
117900077,250,73,177
117900078,238,724,-486
117900080,120,48,72
117900081,514,353,161
117900082,324,324,0
117900083,229,303,-74
117900086,115,42,73
117900087,142,27,115
117900088,3570,1985,1585
117900089,1614,686,928
117900090,329,374,-45
117900091,165,162,3
117900092,53,28,25
117900093,52,27,25
117900094,33,24,9
117900095,314,456,-142
117900096,83,185,-102
117900097,145,59,86
117900098,26,7,19
117900099,122,174,-52
117900100,119,1,118
117900101,371,1295,-924
117900102,55,24,31
117900103,26,2,24
117900104,53,87,-34
117900105,90,199,-109
117900106,65,31,34
117900107,46,0,46
117900109,382,246,136
117900110,63,0,63
117900111,225,16,209
117900112,35,6,29
117900113,2633,1232,1401
117900114,17,0,17
117900115,244,55,189
117900116,873,762,111
117900117,391,297,94
117900118,32,0,32
117900119,112,181,-69
117900120,122,91,31
117900121,69,22,47
117900122,1066,2500,-1434
117900123,549,377,172
117900124,606,598,8
117900125,1570,1743,-173
117900126,201,473,-272
117900127,365,392,-27
117900128,345,504,-159
117900129,37,0,37
117900130,494,327,167
117900131,0,82,-82
117900132,12,91,-79
117900133,6,105,-99
117900134,22,179,-157
117900135,22,178,-156
117900136,0,28,-28
117900137,22,259,-237
117900138,0,33,-33
117900139,140,105,35
117900140,2785,25,2760
117900141,182,195,-13
117900142,134,28,106
117900144,66,102,-36
117900145,30,24,6
117900146,168,112,56
117900147,49,30,19
117900148,2044,1191,853
117900149,105,177,-72
117900150,39,26,13
117900151,45,72,-27
117900152,52,61,-9
117900153,15,68,-53
117900154,297,463,-166
117900156,899,811,88
117900157,76,504,-428
117900158,149,72,77
117900160,571,597,-26
117900161,2455,1925,530
117900162,283,331,-48
117900163,139,82,57
117900165,0,16,-16
117900166,78,403,-325
117900168,119,90,29
117900169,0,66,-66
117900170,1,19,-18
117900171,0,7,-7
117900172,7,21,-14
117900173,88,52,36
117900174,17,39,-22
117900175,2,28,-26
117900176,6,17,-11
117900177,11,42,-31
117900178,78,33,45
117900180,179,12,167
117900181,62,178,-116
117900182,5,13,-8
117900183,28,86,-58
117900184,3,39,-36
117900185,25,45,-20
117900186,21,10,11
117900187,7,9,-2
117900188,74,38,36
117900189,38,30,8
117900190,14,2,12
117900191,64,1,63
117900192,105,5,100
117900193,7,21,-14
117900194,9,4,5
117900195,6,23,-17
117900196,9,19,-10
117900207,105,109,-4
117900208,50,20,30
117900209,195,163,32
117900210,131,185,-54
117900211,3,123,-120
117900212,81,133,-52
117900213,11,13,-2
117900214,8,14,-6
117900215,39,47,-8
117900216,38,18,20
117900217,123,246,-123
117900218,149,123,26
117900219,4,96,-92
117900220,55,44,11
117900222,201,296,-95
117900223,209,223,-14
118000001,633,797,-164
118000002,860,1561,-701
118000003,1990,2381,-391
118000004,3370,2181,1189
118000005,4091,4290,-199
118000006,5151,8163,-3012
118000007,4029,1995,2034
118000008,3942,2795,1147
118000009,1740,2242,-502
118000010,4498,3474,1024
118000011,1049,1742,-693
118000012,981,1542,-561
118000013,2138,1946,192
118000014,1851,2092,-241
118000016,197,437,-240
118000017,344,286,58
118000018,269,461,-192
118000019,2179,1190,989
118000020,1243,2261,-1018
118000021,724,2261,-1537
118000022,1444,666,778
118000023,982,303,679
118000024,1222,819,403
118000027,12878,9936,2942
118000029,808,622,186
118000032,1324,3124,-1800
118000033,2677,4304,-1627
118000034,4849,2223,2626
118000035,1439,2256,-817
118000036,1009,1016,-7
118000037,657,772,-115
118000038,118,55,63
118000039,60,128,-68
118000040,1388,1193,195
118000041,1778,1166,612
118000045,438,131,307
118000046,1152,341,811
118000047,841,644,197
118000048,2784,1010,1774
118000051,1315,511,804
118000052,713,336,377
118000053,316,267,49
118000054,760,635,125
118000055,840,1111,-271
118000056,167,201,-34
118000057,143,299,-156
118000058,3169,957,2212
118000059,1703,666,1037
118000060,768,428,340
118000061,911,883,28
118000062,632,256,376
118000063,267,391,-124
118000064,614,884,-270
118000065,3886,1292,2594
118000066,521,1036,-515
118000067,1380,701,679
118000068,1548,2982,-1434
118000069,2563,877,1686
118000070,4739,1377,3362
118000071,2285,4415,-2130
118000072,1690,967,723
118000073,2219,390,1829
118000074,408,397,11
118000075,600,245,355
118000076,1130,1459,-329
118000077,1211,1043,168
118000078,1471,1804,-333
118000079,186,280,-94
118000080,1251,873,378
118000081,1582,940,642
118000082,256,925,-669
118000083,1266,1373,-107
118000084,3021,1221,1800
118000086,294,511,-217
118000087,3791,2203,1588
118000088,1584,1281,303
118000089,2710,1716,994
118000090,1193,2096,-903
118000091,861,1523,-662
118000092,899,372,527
118000093,93,590,-497
118000096,422,506,-84
118000097,739,579,160
118000098,273,170,103
118000099,386,570,-184
118000101,838,340,498
118000102,327,1143,-816
118000107,1419,388,1031
118000108,464,1366,-902
118000110,1,17,-16
118000111,0,301,-301
118000112,476,4,472
118000113,3,548,-545
118000114,272,11,261
118000115,5,16,-11
118000116,39,0,39
118000117,1277,622,655
118000118,716,738,-22
118000119,718,1021,-303
118000120,1402,1009,393
118000121,130,691,-561
118000122,1373,324,1049
118000123,69,295,-226
118000125,1641,811,830
118000126,617,1221,-604
118000127,1359,558,801
118000128,582,948,-366
118000129,760,309,451
118000130,1758,2409,-651
118000131,743,590,153
118000132,1868,1400,468
118000133,814,380,434
118000135,465,384,81
118000136,112,447,-335
118000137,508,80,428
118000138,264,419,-155
118000139,302,91,211
118000140,1802,3305,-1503
118000141,1095,1467,-372
118000142,1415,1266,149
118000143,1582,1011,571
118000144,885,708,177
118000145,1360,1802,-442
118000146,988,866,122
118000147,596,1449,-853
118000148,617,1060,-443
118000149,816,921,-105
118000150,294,317,-23
118000151,354,323,31
118000153,988,891,97
118000154,1512,1447,65
118000155,956,1142,-186
118000156,1452,1858,-406
118000157,389,433,-44
118000158,151,350,-199
118000159,22,91,-69
118000160,370,373,-3
118000161,394,667,-273
118000162,1616,874,742
118000163,631,690,-59
118000164,1517,1310,207
118000168,692,234,458
118000169,858,976,-118
118000170,3456,4273,-817
118000171,237,530,-293
118000172,107,206,-99
118000173,946,1117,-171
118000175,185,290,-105
118000176,169,354,-185
118000177,155,381,-226
118000178,38,39,-1
118000179,1178,907,271
118000180,629,590,39
118000181,680,240,440
118000182,246,233,13
118000183,173,188,-15
118000184,602,516,86
118000185,976,923,53
118000186,658,843,-185
118000187,934,572,362
118000188,393,133,260
118000189,358,482,-124
118000190,3,18,-15
118000191,12,9,3
118000192,128,133,-5
118000193,113,253,-140
118000194,1302,687,615
118000195,824,647,177
118000196,419,161,258
118000197,421,175,246
118000198,486,488,-2
118000199,512,615,-103
118000200,47,115,-68
118000201,315,333,-18
118000202,15,49,-34
118000203,1340,444,896
118000204,127,290,-163
118000205,162,324,-162
118000206,172,146,26
118000207,1,22,-21
118000208,985,1237,-252
118000209,1641,1816,-175
118000210,54,37,17
118000211,35,42,-7
118000213,724,746,-22
118000214,471,367,104
118000215,243,41,202
118000216,1039,2096,-1057
118000217,25,149,-124
118000218,49,82,-33
118000219,319,297,22
118000220,2,36,-34
118000221,110,232,-122
118000222,47,1,46
118000223,19,37,-18
118000224,91,134,-43
118000225,98,520,-422
118000226,661,131,530
118000227,652,282,370
118000228,137,164,-27
118000229,150,41,109
118000230,140,147,-7
118000231,51,136,-85
118000232,600,681,-81
118000233,808,593,215
118000234,292,188,104
118000236,265,236,29
118000237,72,247,-175
118000238,174,155,19
118000239,231,183,48
118000240,363,115,248
118000241,63,128,-65
118000242,239,437,-198
118000243,172,146,26
118000244,32,139,-107
118000246,14,21,-7
118000255,81,235,-154
118000256,115,246,-131
118000259,4,31,-27
118000260,114,36,78
118000261,15,23,-8
118000263,43,93,-50
118000266,106,241,-135
118000267,0,82,-82
118000268,288,3,285
118000270,86,18,68
118000271,184,274,-90
118000272,38,32,6
118000273,91,56,35
118000274,81,193,-112
118000276,323,249,74
118000295,2,78,-76
118000298,98,287,-189
118000299,41,130,-89
118000301,0,44,-44
118000302,48,73,-25
118000311,328,75,253
118000312,256,133,123
118000313,16,104,-88
118000314,59,69,-10
118000315,17,35,-18
118000316,496,374,122
118000325,39,39,0
118000326,10,35,-25
118000331,25,35,-10
118000332,7,16,-9
118000333,16,59,-43
118000335,250,0,250
118000336,0,168,-168
118000407,99,37,62
118000457,3,29,-26
118000465,3427,3682,-255
118000480,24,63,-39
118000489,38,164,-126
118000490,51,243,-192
118000492,184,153,31
118000510,42,11,31
118000514,156,186,-30
118000515,555,594,-39
118000517,283,150,133
118000524,316,203,113
118000525,645,587,58
118000530,12,60,-48
118000531,207,246,-39
118000532,162,215,-53
118000533,257,129,128
118000534,489,325,164
118000535,237,125,112
118000536,548,1110,-562
118000537,27,101,-74
118000538,76,46,30
118000539,15,53,-38
118000540,194,51,143
118000541,141,26,115
118000542,53,101,-48
118000543,153,127,26
118000546,38,17,21
118000553,0,1,-1
118000557,0,0,0
118000560,1985,1397,588
118000562,26,168,-142
118000563,1248,1147,101
118000576,184,164,20
118000577,168,173,-5
118000578,196,127,69
118000579,589,752,-163
118000583,0,0,0
118000595,190,82,108
118000596,0,39,-39
118000597,157,129,28
118000598,5,2,3
118000599,48,29,19
118000600,4,4,0
118000601,1,1,0
118000602,2,2,0
118000603,1,41,-40
118000605,61,234,-173
118000606,37,39,-2
118900001,449,936,-487
118900002,686,651,35
118900003,171,13,158
118900004,64,44,20
118900005,42,4,38
118900006,103,0,103
118900007,5,2,3
118900008,1257,41,1216
118900009,35,19,16
118900010,50,4,46
118900011,111,16,95
118900012,359,156,203
118900013,277,64,213
118900015,115,27,88
118900016,8,8,0
118900017,321,258,63
118900018,510,10,500
118900019,36,14,22
118900020,147,109,38
118900021,107,256,-149
118900022,156,127,29
118900023,91,61,30
118900024,54,91,-37
118900025,28,26,2
118900026,57,106,-49
118900027,268,176,92
118900028,133,162,-29
118900029,198,200,-2
118900030,225,69,156
118900031,106,97,9
118900032,160,160,0
118900033,273,321,-48
118900034,96,15,81
118900035,77,177,-100
118900036,841,607,234
118900037,326,162,164
118900038,267,204,63
118900039,292,129,163
118900040,140,156,-16
118900041,395,147,248
118900042,193,79,114
118900045,236,161,75
118900046,715,296,419
118900047,387,177,210
118900048,143,124,19
118900049,62,37,25
118900050,9,71,-62
118900051,94,95,-1
118900052,219,163,56
118900053,23,76,-53
118900054,91,56,35
118900055,51,74,-23
118900056,70,227,-157
118900057,555,321,234
118900058,270,219,51
118900059,16,105,-89
118900060,79,158,-79
118900062,229,122,107
118900064,546,349,197
118900065,33,102,-69
118900066,54,107,-53
118900067,3133,2495,638
118900068,12,125,-113
118900069,251,197,54
118900071,3,62,-59
118900072,304,235,69
118900073,100,90,10
118900074,69,148,-79
118900075,43,43,0
118900076,160,96,64
118900077,124,116,8
118900078,37,13,24
118900079,22,119,-97
118900080,15,81,-66
118900081,76,33,43
118900082,460,92,368
118900083,19,1,18
118900084,6,14,-8
118900085,436,787,-351
118900086,38,70,-32
118900087,55,140,-85
118900088,0,8,-8
118900089,34,11,23
118900090,314,284,30
118900091,136,137,-1
118900092,40,51,-11
118900093,133,8,125
118900096,99,113,-14
118900097,172,440,-268
118900099,53,182,-129
118900100,84,136,-52
118900101,39,235,-196
118900102,21,60,-39
118900103,21,56,-35
118900104,141,75,66
118900105,111,66,45
118900107,106,63,43
118900108,65,69,-4
118900110,971,416,555
118900111,249,367,-118
118900112,46,135,-89
118900113,181,311,-130
118900114,14,45,-31
118900115,68,256,-188
118900116,111,182,-71
118900117,90,171,-81
118900118,156,287,-131
118900119,101,215,-114
118900120,64,374,-310
118900121,18,130,-112
118900122,17,644,-627
118900123,82,191,-109
118900124,45,128,-83
118900126,25,267,-242
118900129,227,178,49
118900130,40,123,-83
118900131,118,201,-83
118900132,260,163,97
118900133,25,122,-97
118900135,249,134,115
118900136,135,402,-267
118900137,7,24,-17
118900139,144,235,-91
118900140,296,424,-128
118900141,81,101,-20
118900144,109,318,-209
118900145,21,76,-55
118900146,174,566,-392
118900147,129,91,38
118900148,64,22,42
118900150,192,441,-249
118900152,377,639,-262
118900157,52,130,-78
118900158,56,46,10
118900159,0,108,-108
118900161,105,5,100
118900163,121,94,27
118900164,3,78,-75
118900165,17,96,-79
118900166,16,2,14
118900167,52,69,-17
118900168,38,107,-69
118900169,75,160,-85
118900170,65,49,16
118900171,10,21,-11
118900174,21,30,-9
118900175,283,436,-153
118900176,107,173,-66
118900177,32,50,-18
118900178,22,150,-128
118900179,34,37,-3
118900181,38,77,-39
118900182,64,29,35
118900183,15,80,-65
118900184,179,45,134
118900185,137,128,9
118900186,79,85,-6
118900187,138,222,-84
118900188,254,211,43
118900189,26,649,-623
118900190,9,251,-242
118900191,108,37,71
118900192,119,17,102
118900193,306,7,299
118900195,212,396,-184
118900196,22,74,-52
118900197,64,39,25
118900198,13,29,-16
118900199,64,24,40
118900200,22,13,9
118900201,10,17,-7
118900202,6,26,-20
118900203,9,23,-14
118900204,10,13,-3
118900205,10,2,8
118900206,4,9,-5
119000001,995,1306,-311
119000002,3033,2357,676
119000003,1752,905,847
119000004,1622,1027,595
119000005,1199,1407,-208
119000006,2056,1387,669
119000007,2138,2350,-212
119000008,1586,1527,59
119000009,2707,3077,-370
119000010,5426,3769,1657
119000011,2810,1866,944
119000012,2268,2503,-235
119000013,1813,1246,567
119000014,1467,2424,-957
119000019,258,96,162
119000020,1358,1005,353
119000021,3216,1830,1386
119000022,1826,1400,426
119000023,284,207,77
119000024,1151,6602,-5451
119000025,5484,1015,4469
119000026,115,287,-172
119000027,164,266,-102
119000028,1559,720,839
119000029,73,214,-141
119000030,428,757,-329
119000031,617,500,117
119000032,1273,1851,-578
119000033,1128,891,237
119000034,710,823,-113
119000035,30,311,-281
119000036,1481,934,547
119000037,1034,1423,-389
119000038,124,703,-579
119000039,667,382,285
119000040,546,276,270
119000041,483,910,-427
119000048,2598,2596,2
119000049,1558,2121,-563
119000050,1350,1662,-312
119000051,1338,896,442
119000052,1599,2599,-1000
119000053,1693,932,761
119000054,2610,2838,-228
119000055,3414,3231,183
119000056,1664,1829,-165
119000057,1182,1782,-600
119000058,1531,1525,6
119000059,1115,1275,-160
119000060,1189,974,215
119000061,844,648,196
119000062,1002,1183,-181
119000063,325,346,-21
119000064,790,1084,-294
119000065,1690,2554,-864
119000066,1565,1002,563
119000067,1719,1835,-116
119000068,1223,933,290
119000069,1221,1929,-708
119000070,2049,867,1182
119000071,448,541,-93
119000072,4267,2338,1929
119000073,3437,5180,-1743
119000074,916,2111,-1195
119000075,1581,1898,-317
119000076,315,639,-324
119000077,410,285,125
119000078,390,297,93
119000079,229,575,-346
119000080,349,136,213
119000081,269,279,-10
119000082,739,205,534
119000083,486,319,167
119000084,318,371,-53
119000085,431,284,147
119000086,301,535,-234
119000087,1564,874,690
119000088,253,215,38
119000089,124,287,-163
119000090,165,169,-4
119000091,170,361,-191
119000092,525,339,186
119000093,3024,2305,719
119000094,2344,4507,-2163
119000095,1413,2075,-662
119000097,1860,1196,664
119000098,654,1807,-1153
119000099,1984,1487,497
119000100,2577,2374,203
119000101,2745,1428,1317
119000102,697,852,-155
119000103,1328,376,952
119000104,2076,1100,976
119000105,720,1341,-621
119000106,278,1052,-774
119000107,599,400,199
119000108,279,901,-622
119000109,114,295,-181
119000110,362,242,120
119000111,37,466,-429
119000112,206,70,136
119000113,1656,212,1444
119000114,528,633,-105
119000115,103,100,3
119000116,112,65,47
119000117,106,230,-124
119000118,1,1,0
119000123,3747,1145,2602
119000124,480,193,287
119000125,2667,613,2054
119000126,801,562,239
119000127,426,540,-114
119000128,13,5,8
119000131,771,682,89
119000132,2,1,1
119000133,1,5,-4
119000134,1650,462,1188
119000135,106,141,-35
119000136,219,210,9
119000137,141,301,-160
119000138,305,273,32
119000139,202,164,38
119000140,144,304,-160
119000284,1041,2225,-1184
119000285,1826,1768,58
119000286,6433,4708,1725
119000287,1107,1906,-799
119000288,1679,1097,582
119000289,1759,2313,-554
119000290,156,422,-266
119000291,37,286,-249
119000293,435,176,259
119000294,33,35,-2
119000295,999,305,694
119000296,231,187,44
119000302,2132,1171,961
119000303,57,160,-103
119000314,1235,7106,-5871
119000315,1,439,-438
119000316,98,98,0
119000317,86,267,-181
119000319,518,185,333
119900001,195,1001,-806
119900002,119,200,-81
119900003,57,851,-794
119900004,316,661,-345
119900005,129,95,34
119900006,148,295,-147
119900007,1182,156,1026
119900008,22,21,1
119900009,469,519,-50
119900010,635,720,-85
119900011,18,79,-61
119900012,11,61,-50
119900013,1411,683,728
119900014,380,158,222
119900015,58,32,26
119900016,30,45,-15
119900017,19,32,-13
119900018,1880,678,1202
119900019,21,3,18
119900020,146,172,-26
119900021,134,47,87
119900022,78,356,-278
119900023,458,1080,-622
119900025,102,16,86
119900026,702,112,590
119900027,11,15,-4
119900028,283,87,196
119900029,0,7,-7
119900030,390,397,-7
119900031,49,264,-215
119900033,1667,200,1467
119900034,208,92,116
119900037,166,29,137
119900038,26,208,-182
119900039,47,8,39
119900040,126,15,111
119900041,56,19,37
119900042,94,159,-65
119900043,64,112,-48
119900044,138,726,-588
119900046,114,32,82
119900047,174,49,125
119900049,152,10,142
119900050,59,69,-10
119900051,753,20,733
119900052,40,25,15
119900053,140,124,16
119900054,91,9,82
119900055,1001,373,628
119900057,170,46,124
119900058,153,1,152
119900059,61,44,17
119900060,160,6,154
119900061,210,8,202
119900062,31,15,16
119900063,14,35,-21
119900065,139,6,133
119900067,54,13,41
119900068,335,2,333
119900069,72,4,68
119900070,554,9,545
119900071,421,17,404
119900073,1490,535,955
119900074,38,30,8
119900075,4177,1987,2190
119900076,127,74,53
119900077,655,861,-206
119900078,330,565,-235
119900079,163,181,-18
119900080,340,237,103
119900081,473,27,446
119900082,783,31,752
119900083,303,119,184
119900084,499,218,281
119900085,34,36,-2
119900086,341,970,-629
119900087,449,171,278
119900088,22,30,-8
119900089,20,389,-369
119900090,79,40,39
119900091,47,817,-770
119900092,42,242,-200
119900093,671,161,510
119900094,50,158,-108
119900095,145,80,65
119900096,41,81,-40
119900097,434,165,269
119900098,20,41,-21
119900099,23,138,-115
119900100,1884,1792,92
119900101,165,685,-520
119900102,50,167,-117
119900103,28,233,-205
119900104,23,108,-85
119900105,465,926,-461
119900106,11,123,-112
119900107,196,2221,-2025
119900108,1497,522,975
119900109,58,132,-74
119900110,468,418,50
119900111,151,467,-316
119900112,1455,456,999
119900113,47,232,-185
119900114,167,834,-667
119900115,206,961,-755
119900116,135,304,-169
119900117,295,492,-197
119900118,62,752,-690
119900119,213,161,52
119900120,384,387,-3
119900121,346,889,-543
119900122,484,278,206
119900123,116,226,-110
119900124,192,649,-457
119900125,28,204,-176
119900126,2510,212,2298
119900127,2133,827,1306
119900128,346,533,-187
119900129,203,469,-266
119900130,11,201,-190
119900131,54,183,-129
119900132,5,202,-197
119900133,27,62,-35
119900134,1325,166,1159
119900135,1,264,-263
119900136,165,264,-99
119900138,261,314,-53
119900139,18,50,-32
119900140,4,90,-86
119900141,100,551,-451
119900142,2,10,-8
119900143,12,122,-110
119900144,1209,171,1038
119900145,93,142,-49
119900146,100,116,-16
119900147,2,102,-100
119900148,108,46,62
119900149,898,2432,-1534
119900150,128,120,8
119900151,1021,501,520
119900152,83,298,-215
119900153,113,52,61
119900154,26,686,-660
119900155,18,35,-17
119900156,18,6,12
119900157,80,170,-90
119900158,97,64,33
119900159,7,1165,-1158
119900160,17,129,-112
119900161,143,148,-5
119900162,502,646,-144
119900163,89,126,-37
119900164,0,1,-1
119900165,90,187,-97
119900166,51,32,19
119900167,82,62,20
119900168,629,326,303
119900169,72,264,-192
119900170,104,239,-135
119900171,766,342,424
119900172,87,9,78
119900173,11,372,-361
119900174,8,135,-127
119900175,872,568,304
119900177,18,191,-173
119900178,2,148,-146
119900179,70,332,-262
119900180,716,706,10
119900181,44,74,-30
119900182,78,304,-226
119900183,110,568,-458
119900184,1584,381,1203
119900185,22,102,-80
119900186,35,538,-503
119900187,5,242,-237
119900188,67,282,-215
119900189,413,351,62
119900190,35,188,-153
119900191,282,156,126
119900192,33,124,-91
119900193,242,156,86
119900194,12,69,-57
119900195,22,109,-87
119900196,1063,343,720
119900197,77,131,-54
119900198,126,266,-140
119900199,112,15,97
119900200,400,542,-142
119900201,309,131,178
119900202,121,115,6
119900203,151,384,-233
119900204,159,203,-44
119900205,531,428,103
119900206,132,166,-34
119900208,126,144,-18
119900209,348,947,-599
119900210,37,16,21
119900211,37,5,32
119900212,278,520,-242
119900213,11,52,-41
119900214,16,79,-63
119900215,38,76,-38
119900216,18,80,-62
119900217,4,42,-38
119900218,10,60,-50
119900219,19,96,-77
119900220,9,85,-76
119900221,16,186,-170
119900222,10,118,-108
119900223,18,51,-33
119900224,21,28,-7
119900225,677,40,637
119900226,451,1220,-769
119900227,726,190,536
119900228,24,193,-169
119900229,256,265,-9
119900230,1206,432,774
119900231,174,155,19
119900232,140,65,75
119900233,32,2,30
119900234,10,28,-18
119900235,22,25,-3
119900236,18,162,-144
119900237,45,290,-245
119900238,3,57,-54
119900240,61,105,-44
119900241,132,198,-66
119900242,850,1037,-187
119900244,404,1079,-675
119900245,107,133,-26
119900246,183,471,-288
119900247,30,72,-42
119900248,60,140,-80
119900249,156,53,103
119900253,2131,320,1811
119900254,62,456,-394
119900255,60,442,-382
119900256,458,777,-319
119900257,53,0,53
119900258,81,2,79
119900259,8,119,-111
119900260,56,2,54
119900261,210,118,92
119900262,3,221,-218
119900263,815,331,484
119900264,63,163,-100
119900265,260,364,-104
119900266,187,216,-29
119900267,211,354,-143
119900268,188,130,58
119900269,747,829,-82
119900271,11,65,-54
119900272,244,97,147
119900275,100,24,76
119900276,43,1,42
119900277,7,7,0
119900278,142,50,92
119900279,66,165,-99
119900280,644,151,493
119900281,0,99,-99
119900282,26,59,-33
119900283,8,218,-210
119900284,35,143,-108
119900285,9,42,-33
119900286,1,8,-7
119900288,2,24,-22
119900289,1,19,-18
119900290,4,15,-11
119900291,1,40,-39
119900292,21,26,-5
119900293,15,63,-48
119900294,48,43,5
119900295,16,29,-13
119900296,8,133,-125
119900297,0,10,-10
119900298,1,2,-1
119900299,27,152,-125
119900300,126,113,13
119900301,20,21,-1
119900302,16,23,-7
119900303,131,123,8
119900304,113,20,93
119900305,11,100,-89
119900306,26,4,22
119900307,25,72,-47
119900308,1,18,-17
119900309,30,95,-65
119900310,236,266,-30
119900311,61,92,-31
119900312,66,54,12
119900313,258,231,27
119900314,129,314,-185
119900315,1125,1720,-595
119900318,6,13,-7
119900319,0,191,-191
119900320,107,371,-264
119900321,37,2,35
120000001,4683,10136,-5453
120000002,2036,2657,-621
120000003,3114,1577,1537
120000004,2680,2103,577
120000005,4079,1770,2309
120000006,1198,1382,-184
120000007,3359,2764,595
120000008,1002,1274,-272
120000009,2982,909,2073
120000010,1618,2379,-761
120000011,934,1713,-779
120000012,1304,2298,-994
120000013,2450,2404,46
120000014,569,1313,-744
120000015,2061,1397,664
120000016,2890,1943,947
120000017,2006,1937,69
120000018,3430,8304,-4874
120000019,756,1249,-493
120000020,2584,2678,-94
120000021,1476,1911,-435
120000022,2146,3092,-946
120000023,854,1403,-549
120000024,1167,2183,-1016
120000025,1994,1935,59
120000026,1411,1577,-166
120000027,1601,1874,-273
120000028,716,562,154
120000029,2302,465,1837
120000030,139,689,-550
120000031,1434,4243,-2809
120000032,7163,3848,3315
120000033,4612,1890,2722
120000034,1274,1701,-427
120000035,1421,1756,-335
120000036,2530,4438,-1908
120000037,744,1169,-425
120000038,5631,2705,2926
120000039,586,717,-131
120000040,81,181,-100
120000041,1453,1210,243
120000042,1667,2326,-659
120000043,3961,1674,2287
120000044,3842,1409,2433
120000045,4411,1008,3403
120000046,2473,2061,412
120000047,982,3701,-2719
120000048,5849,3577,2272
120000049,2546,2409,137
120000050,3550,3648,-98
120000051,2727,3576,-849
120000052,8061,2084,5977
120000053,1299,2731,-1432
120000054,1263,4134,-2871
120000055,1687,4501,-2814
120000056,3051,3097,-46
120000057,1996,628,1368
120000058,3289,429,2860
120000059,20,1320,-1300
120000061,70,486,-416
120000062,177,221,-44
120000063,1622,2245,-623
120000064,181,1121,-940
120000065,472,1421,-949
120000066,233,356,-123
120000067,56,381,-325
120000068,184,907,-723
120000069,528,1020,-492
120000070,111,681,-570
120000071,345,157,188
120000072,679,422,257
120000073,713,76,637
120000074,135,87,48
120000075,444,281,163
120000076,1380,399,981
120000077,1436,589,847
120000078,2551,1031,1520
120000079,410,497,-87
120000080,275,314,-39
120000081,348,207,141
120000082,253,251,2
120000083,137,681,-544
120000084,393,325,68
120000085,249,291,-42
120000086,301,559,-258
120000087,245,575,-330
120000088,681,1101,-420
120000089,917,648,269
120000090,565,430,135
120000091,642,871,-229
120000092,981,596,385
120000093,291,424,-133
120000094,166,624,-458
120000095,959,502,457
120000096,194,796,-602
120000098,889,662,227
120000099,424,803,-379
120000100,669,1035,-366
120000101,419,470,-51
120000102,443,595,-152
120000103,1197,769,428
120000104,1295,411,884
120000105,2480,669,1811
120000106,1800,610,1190
120000107,2636,596,2040
120000108,974,140,834
120000109,979,82,897
120000110,93,971,-878
120000111,95,977,-882
120000112,822,2679,-1857
120000113,753,1961,-1208
120000114,987,2836,-1849
120000115,379,2327,-1948
120000116,707,1857,-1150
120000117,1203,1379,-176
120000118,43,33,10
120000119,37,51,-14
120000120,44,65,-21
120000121,27,76,-49
120000122,181,238,-57
120000123,4604,4121,483
120000124,469,337,132
120000125,424,566,-142
120000126,299,716,-417
120000127,2372,778,1594
120000128,3492,3065,427
120000129,266,228,38
120000130,628,422,206
120000131,255,542,-287
120000134,380,955,-575
120000135,360,358,2
120000137,222,1202,-980
120000138,692,361,331
120000139,206,707,-501
120000140,587,418,169
120000141,208,543,-335
120000142,437,491,-54
120000143,3,123,-120
120000144,69,3,66
120000145,335,3,332
120000146,1138,854,284
120000149,663,1011,-348
120000150,3043,8338,-5295
120000151,312,471,-159
120000152,307,161,146
120000153,165,510,-345
120000154,418,388,30
120000155,111,208,-97
120000156,1373,609,764
120000157,770,505,265
120000158,724,679,45
120000159,2135,2474,-339
120000160,2084,1297,787
120000161,1550,2035,-485
120000162,77,253,-176
120000163,792,1122,-330
120000164,453,330,123
120000165,431,789,-358
120000166,1073,534,539
120000167,79,84,-5
120000168,5,211,-206
120000169,42,713,-671
120000170,38,528,-490
120000171,23,161,-138
120000172,66,100,-34
120000173,2389,570,1819
120000174,341,18,323
120000175,297,28,269
120000176,252,29,223
120000177,883,96,787
120000178,67,10,57
120000179,245,27,218
120000180,471,59,412
120000181,68,339,-271
120000182,61,244,-183
120000183,7,161,-154
120000184,90,685,-595
120000186,68,276,-208
120000187,165,118,47
120000188,127,170,-43
120000190,957,39,918
120000191,827,54,773
120000192,816,13,803
120000193,466,8,458
120000195,65,9,56
120000196,289,21,268
120000197,74,64,10
120000198,75,82,-7
120000199,67,1,66
120000200,62,4,58
120000201,27,16,11
120000202,3,31,-28
120000203,24,169,-145
120000207,0,63,-63
120000208,24,191,-167
120000209,0,64,-64
120000210,80,64,16
120000211,97,3,94
120000212,100,0,100
120000213,89,263,-174
120000214,3,270,-267
120000215,2,123,-121
120000216,48,16,32
120000217,625,987,-362
120000218,124,658,-534
120000219,6,375,-369
120000220,6,1327,-1321
120000225,1075,0,1075
120000226,261,6,255
120000227,593,38,555
120000228,5704,2568,3136
120000230,278,11,267
120000231,1063,1913,-850
120000233,132,2,130
120000235,231,684,-453
120000236,682,5,677
120000237,1,1252,-1251
120000238,0,324,-324
120000241,906,2854,-1948
120000412,376,8,368
120000413,117,196,-79
120000414,61,4,57
120000415,1,89,-88
120000416,67,5,62
120000417,6,51,-45
120000418,63,14,49
120000419,11,228,-217
120000420,30,27,3
120000421,9344,5190,4154
120000422,110,734,-624
120000423,0,30,-30
120000424,46,126,-80
120000436,161,535,-374
120000437,178,128,50
120000438,2845,285,2560
120000439,165,467,-302
120000443,143,0,143
120000444,1273,437,836
120000445,1177,999,178
120000446,538,188,350
120000447,138,0,138
120000449,60,1,59
120000450,2,157,-155
120000451,84,186,-102
120000452,88,4,84
120000453,1,227,-226
120000454,61,33,28
120000455,73,44,29
120000456,2038,2894,-856
120000457,832,516,316
120000458,410,737,-327
120000459,64,55,9
120000665,753,172,581
120000668,114,330,-216
120000669,40,167,-127
120000670,249,328,-79
120000671,895,343,552
120000672,97,588,-491
120900001,54,109,-55
120900002,280,254,26
120900003,212,18,194
120900004,12,55,-43
120900005,11,1220,-1209
120900006,348,218,130
120900007,137,90,47
120900008,191,1023,-832
120900009,635,28,607
120900010,306,86,220
120900011,217,171,46
120900012,334,857,-523
120900013,153,69,84
120900014,5,446,-441
120900015,562,87,475
120900016,643,43,600
120900017,1960,65,1895
120900018,99,378,-279
120900019,460,287,173
120900020,888,1113,-225
120900021,535,123,412
120900022,28,259,-231
120900023,187,20,167
120900024,1502,441,1061
120900025,1549,1049,500
120900026,174,114,60
120900027,588,22,566
120900028,282,73,209
120900029,187,358,-171
120900030,976,535,441
120900031,159,96,63
120900032,771,140,631
120900033,668,54,614
120900034,31,1863,-1832
120900035,15,55,-40
120900037,175,8,167
120900038,38,221,-183
120900039,70,27,43
120900040,171,3,168
120900041,144,17,127
120900042,349,64,285
120900043,25,24,1
120900044,16,324,-308
120900045,123,80,43
120900046,329,2,327
120900047,127,71,56
120900048,114,22,92
120900049,306,3,303
120900050,1746,1228,518
120900051,279,119,160
120900052,462,6,456
120900053,132,37,95
120900054,1507,399,1108
120900055,254,1,253
120900056,396,17,379
120900057,115,15,100
120900058,374,2,372
120900059,47,7,40
120900060,42,11,31
120900061,224,142,82
120900062,193,1,192
120900063,483,8,475
120900064,404,3,401
120900065,370,3,367
120900066,97,109,-12
120900067,142,57,85
120900068,190,1,189
120900069,174,33,141
120900071,10,0,10
120900072,665,5,660
120900073,383,92,291
120900074,295,5,290
120900076,249,3,246
120900077,2260,252,2008
120900078,614,1246,-632
120900079,420,101,319
120900080,618,1934,-1316
120900081,1024,196,828
120900082,500,373,127
120900083,81,0,81
120900084,223,288,-65
120900085,93,111,-18
120900086,133,245,-112
120900087,353,327,26
120900088,108,292,-184
120900089,3141,1811,1330
120900090,170,141,29
120900091,694,697,-3
120900092,1621,642,979
120900093,2143,194,1949
120900094,527,171,356
120900095,351,12,339
120900096,28,156,-128
120900097,567,666,-99
120900098,297,170,127
120900099,51,58,-7
120900100,97,263,-166
120900101,822,267,555
120900102,26,48,-22
120900103,50,158,-108
120900104,14,40,-26
120900105,33,480,-447
120900106,1501,515,986
120900107,219,118,101
120900108,6,561,-555
120900109,61,604,-543
120900110,5,558,-553
120900111,173,332,-159
120900112,13,825,-812
120900113,17,731,-714
120900114,44,177,-133
120900115,146,192,-46
120900116,221,337,-116
120900117,1,446,-445
120900118,4,753,-749
120900119,2814,3764,-950
120900120,76,563,-487
120900121,146,532,-386
120900122,279,437,-158
120900123,3,420,-417
120900124,1,600,-599
120900125,6,696,-690
120900126,1669,1267,402
120900127,4,413,-409
120900128,1381,1372,9
120900129,76,278,-202
120900130,0,192,-192
120900131,41,45,-4
120900132,732,274,458
120900133,116,775,-659
120900134,1085,416,669
120900135,14,510,-496
120900136,22,18,4
120900137,137,59,78
120900138,17,214,-197
120900139,0,547,-547
120900140,1,25,-24
120900141,90,152,-62
120900142,30,452,-422
120900143,2,782,-780
120900144,0,126,-126
120900145,97,772,-675
120900146,1,900,-899
120900147,15,485,-470
120900148,73,93,-20
120900149,0,235,-235
120900150,38,590,-552
120900151,30,640,-610
120900152,146,27,119
120900153,20,68,-48
120900154,0,250,-250
120900155,143,1007,-864
120900156,146,376,-230
120900157,66,209,-143
120900158,47,612,-565
120900159,172,352,-180
120900160,30,627,-597
120900161,23,376,-353
120900162,27,565,-538
120900163,34,347,-313
120900164,4,10,-6
120900165,14,33,-19
120900166,49,190,-141
120900167,238,107,131
120900169,50,286,-236
120900170,1291,2010,-719
120900171,974,284,690
120900172,668,599,69
120900173,8,72,-64
120900174,1,86,-85
120900175,247,111,136
120900176,9,234,-225
120900177,0,847,-847
120900178,40,289,-249
120900179,1100,485,615
120900180,98,119,-21
120900181,70,68,2
120900182,12,243,-231
120900183,284,47,237
120900184,124,74,50
120900185,8,208,-200
120900186,1,399,-398
120900187,372,876,-504
120900188,165,6,159
120900189,86,940,-854
120900190,60,15,45
120900191,10,19,-9
120900192,9653,4926,4727
120900194,30,46,-16
120900195,118,188,-70
120900196,476,28,448
120900197,403,114,289
120900198,242,579,-337
120900199,218,274,-56
120900200,75,101,-26
120900201,516,151,365
120900202,2,125,-123
120900203,33,80,-47
120900204,148,248,-100
120900205,32,49,-17
120900206,10,23,-13
120900207,54,1254,-1200
121000001,482,641,-159
121000002,1587,910,677
121000003,1995,1341,654
121000004,2108,2390,-282
121000005,1519,1966,-447
121000006,2542,1354,1188
121000007,2160,2241,-81
121000008,4005,2364,1641
121000009,3718,3812,-94
121000010,5643,3563,2080
121000011,4974,7472,-2498
121000012,10072,5986,4086
121000013,4133,5426,-1293
121000014,6359,5290,1069
121000015,3250,5491,-2241
121000016,3952,2724,1228
121000017,1220,2103,-883
121000018,1212,990,222
121000019,13217,7897,5320
121000020,8606,11094,-2488
121000021,4177,4213,-36
121000022,1870,2110,-240
121000023,3351,2728,623
121000024,3374,3562,-188
121000025,209,737,-528
121000026,252,129,123
121000027,1175,865,310
121000028,607,337,270
121000029,664,470,194
121000030,381,200,181
121000031,542,479,63
121000032,173,98,75
121000034,505,197,308
121000035,153,99,54
121000036,898,609,289
121000037,399,395,4
121000038,417,591,-174
121000039,200,249,-49
121000041,490,359,131
121000042,221,300,-79
121000043,306,233,73
121000044,930,465,465
121000045,672,523,149
121000046,564,726,-162
121000047,358,298,60
121000049,1228,532,696
121000050,228,680,-452
121000051,960,362,598
121000052,417,684,-267
121000053,294,66,228
121000054,31,299,-268
121000055,942,900,42
121000056,472,780,-308
121000057,120,161,-41
121000058,679,295,384
121000059,1514,1032,482
121000060,432,732,-300
121000061,83,199,-116
121000062,392,276,116
121000063,537,510,27
121000064,636,651,-15
121000065,307,278,29
121000066,706,579,127
121000067,782,488,294
121000068,603,295,308
121000069,507,549,-42
121000070,1476,1088,388
121000071,1199,1034,165
121000072,1005,719,286
121000073,639,662,-23
121000074,89,152,-63
121000075,57,280,-223
121000076,1142,521,621
121000077,127,153,-26
121000078,93,94,-1
121000080,1957,545,1412
121000081,2151,2139,12
121000082,0,0,0
121000083,320,231,89
121000084,401,347,54
121000085,440,595,-155
121000086,131,593,-462
121000087,51,257,-206
121000088,367,444,-77
121000089,236,274,-38
121000090,281,247,34
121000091,1035,621,414
121000092,160,62,98
121000093,132,190,-58
121000094,407,492,-85
121000095,371,385,-14
121000096,1915,1992,-77
121000097,822,1472,-650
121000098,353,731,-378
121000099,530,644,-114
121000100,596,281,315
121000101,334,231,103
121000102,339,249,90
121000103,197,218,-21
121000104,194,117,77
121000105,300,179,121
121000106,233,312,-79
121000107,2071,3538,-1467
121000109,1081,857,224
121000110,274,568,-294
121000114,2587,1778,809
121000115,719,632,87
121000116,273,761,-488
121000117,667,212,455
121000118,1134,179,955
121000119,273,265,8
121000120,171,349,-178
121000121,411,699,-288
121000123,1587,717,870
121000127,145,74,71
121000128,1032,387,645
121000129,791,462,329
121000130,478,679,-201
121000131,2120,1796,324
121000132,2271,1537,734
121000135,281,250,31
121000136,1613,548,1065
121000137,394,188,206
121000138,981,694,287
121000139,666,230,436
121000141,176,105,71
121000142,1512,1342,170
121000143,80,29,51
121000144,833,1376,-543
121000145,541,916,-375
121000146,1152,751,401
121000147,915,388,527
121000148,950,891,59
121000149,1729,1050,679
121000152,594,525,69
121000153,1374,467,907
121000154,765,542,223
121000155,1079,913,166
121000156,334,861,-527
121000157,723,1086,-363
121000158,246,345,-99
121000159,189,365,-176
121000160,468,707,-239
121000161,151,222,-71
121000162,66,120,-54
121000165,913,1284,-371
121000166,19,463,-444
121000168,312,242,70
121000169,84,159,-75
121000170,276,81,195
121000171,61,129,-68
121000172,587,475,112
121000173,872,805,67
121000174,264,308,-44
121000175,727,297,430
121000176,290,264,26
121000177,1085,551,534
121000178,84,47,37
121000179,75,82,-7
121000181,444,394,50
121000182,84,172,-88
121000183,68,65,3
121000184,63,64,-1
121000185,34,119,-85
121000186,147,321,-174
121000187,157,139,18
121000188,134,172,-38
121000192,718,311,407
121000193,544,449,95
121000194,1448,1679,-231
121000195,352,796,-444
121000196,740,272,468
121000197,204,472,-268
121000198,173,80,93
121000199,103,252,-149
121000200,317,62,255
121000201,6,144,-138
121000202,653,88,565
121000203,763,1784,-1021
121000204,1985,632,1353
121000205,189,197,-8
121000206,89,28,61
121000207,1488,240,1248
121000208,2,187,-185
121000209,268,163,105
121000210,462,399,63
121000211,240,109,131
121000212,352,420,-68
121000213,6573,2181,4392
121000214,487,1891,-1404
121000215,983,687,296
121000216,481,542,-61
121000217,2759,1838,921
121000218,460,1172,-712
121000219,1450,588,862
121000220,157,42,115
121000221,71,154,-83
121000222,1313,1558,-245
121000223,756,235,521
121000224,442,201,241
121000225,1626,1246,380
121000226,2500,865,1635
121000227,13,144,-131
121000228,15,483,-468
121000229,210,251,-41
121000230,64,1352,-1288
121000231,625,23,602
121000232,336,247,89
121000233,491,321,170
121000234,11,23,-12
121000235,89,52,37
121000236,10,27,-17
121000237,56,23,33
121000238,9,54,-45
121000239,49,9,40
121000240,9,133,-124
121000241,122,14,108
121000242,38,197,-159
121000243,504,180,324
121000244,3,67,-64
121000245,81,48,33
121000246,0,68,-68
121000247,91,8,83
121000248,1561,345,1216
121000249,389,283,106
121000250,352,131,221
121000251,49,306,-257
121000252,83,36,47
121000253,279,214,65
121000254,521,111,410
121000255,319,143,176
121000256,321,133,188
121000257,125,78,47
121000258,105,43,62
121000259,75,44,31
121000260,110,75,35
121000261,167,29,138
121000262,623,548,75
121000263,466,513,-47
121000271,239,1054,-815
121000273,47,13,34
121000274,8,24,-16
121000275,0,20,-20
121000276,0,16,-16
121000278,76,35,41
121000279,28,8,20
121000280,33,35,-2
121000289,185,21,164
121000290,1093,896,197
121000294,127,125,2
121000297,1054,1038,16
121000299,202,265,-63
121000300,731,656,75
121000302,32,703,-671
121000303,363,262,101
121000304,376,34,342
121000305,145,108,37
121000306,88,100,-12
121000308,113,251,-138
121000309,417,593,-176
121000310,194,381,-187
121000311,53,572,-519
121000312,195,126,69
121000313,251,359,-108
121000314,280,169,111
121000315,192,304,-112
121000530,1153,1097,56
121000531,1142,1173,-31
121000532,5344,5640,-296
121000533,2650,2826,-176
121000919,60,54,6
121000938,175,165,10
121000939,202,124,78
121000956,1147,922,225
121000957,4,10,-6
121000958,90,19,71
121000959,671,637,34
121000960,1470,1651,-181
121000961,246,150,96
121000962,194,436,-242
121000973,1,94,-93
121000976,5,146,-141
121000979,271,89,182
121000981,444,309,135
121000982,318,136,182
121000983,429,387,42
121000984,22,74,-52
121000985,528,376,152
121000986,301,164,137
121000987,375,920,-545
121000988,750,160,590
121001302,291,91,200
121001308,2,5,-3
121001309,43,40,3
121001311,0,0,0
121001313,320,311,9
121001314,1885,2395,-510
121001315,3233,1863,1370
121001326,290,327,-37
121001327,83,83,0
121001328,201,43,158
121900001,131,131,0
121900002,58,30,28
121900003,355,6,349
121900004,144,232,-88
121900005,21,11,10
121900006,90,2,88
121900007,1234,1606,-372
121900008,604,255,349
121900009,388,27,361
121900010,164,1,163
121900011,123,196,-73
121900012,7,1,6
121900013,1556,110,1446
121900014,961,328,633
121900015,132,156,-24
121900016,3,24,-21
121900017,384,367,17
121900018,284,2,282
121900019,313,174,139
121900020,10,1,9
121900021,820,14,806
121900022,194,184,10
121900023,79,161,-82
121900024,298,103,195
121900025,461,348,113
121900026,196,26,170
121900027,230,99,131
121900028,172,11,161
121900029,48,97,-49
121900030,401,489,-88
121900031,716,4265,-3549
121900032,70,54,16
121900033,154,138,16
121900034,264,75,189
121900035,1766,1539,227
121900036,66,228,-162
121900037,112,494,-382
121900038,21,124,-103
121900039,299,36,263
121900040,57,94,-37
121900041,65,108,-43
121900042,309,119,190
121900043,6,4,2
121900044,103,28,75
121900046,261,212,49
121900047,151,55,96
121900048,49,94,-45
121900050,31,57,-26
121900051,148,112,36
121900052,108,31,77
121900053,365,247,118
121900054,397,666,-269
121900055,0,8,-8
121900058,123,101,22
121900059,322,119,203
121900060,112,269,-157
121900062,120,68,52
121900063,936,373,563
121900064,209,459,-250
121900066,75,15,60
121900067,34,44,-10
121900069,143,98,45
121900070,170,60,110
121900071,238,158,80
121900072,58,141,-83
121900073,206,167,39
121900074,450,781,-331
121900075,378,405,-27
121900076,303,474,-171
121900078,40,13,27
121900079,0,0,0
121900080,663,289,374
121900082,39,64,-25
121900084,8,110,-102
121900086,16,32,-16
121900087,164,73,91
121900088,1101,1787,-686
121900089,143,250,-107
121900090,5,65,-60
121900091,44,125,-81
121900092,63,74,-11
121900093,59,42,17
121900094,17,2,15
121900095,248,127,121
121900096,838,536,302
121900097,435,150,285
121900098,5,0,5
121900099,163,59,104
121900100,238,357,-119
121900101,103,98,5
121900102,16,113,-97
121900103,396,135,261
121900104,1100,325,775
121900105,224,143,81
121900106,5,2,3
121900107,31,25,6
121900108,2,15,-13
121900109,267,135,132
121900110,376,702,-326
121900111,965,128,837
121900112,116,74,42
121900113,66,278,-212
121900114,33,48,-15
121900117,148,34,114
121900118,1492,478,1014
121900119,138,118,20
121900120,41,1181,-1140
121900121,355,44,311
121900122,31,63,-32
121900123,101,376,-275
121900124,120,128,-8
121900125,886,766,120
121900127,19,73,-54
121900128,54,74,-20
121900129,516,141,375
121900130,60,228,-168
121900131,194,81,113
121900132,45,46,-1
121900133,128,793,-665
121900134,22,155,-133
121900135,1534,193,1341
121900136,213,340,-127
121900137,32,214,-182
121900138,140,116,24
121900139,307,522,-215
121900140,81,142,-61
121900141,62,41,21
121900142,103,101,2
121900143,3,82,-79
121900144,106,240,-134
121900145,139,167,-28
121900146,526,596,-70
121900147,57,127,-70
121900148,156,220,-64
121900149,241,501,-260
121900150,77,98,-21
121900151,78,213,-135
121900152,64,128,-64
121900153,88,454,-366
121900154,16,182,-166
121900155,1,61,-60
121900156,149,112,37
121900157,3,312,-309
121900158,71,83,-12
121900159,2,174,-172
121900160,3,212,-209
121900161,336,201,135
121900162,74,139,-65
121900163,322,455,-133
121900164,420,161,259
121900165,189,117,72
121900166,189,139,50
121900167,87,103,-16
121900168,145,226,-81
121900169,3,187,-184
121900170,2,159,-157
121900171,522,385,137
121900172,454,183,271
121900173,588,164,424
121900174,35,41,-6
121900175,130,159,-29
121900176,446,1203,-757
121900177,145,74,71
121900178,18,34,-16
121900179,293,93,200
121900180,2938,2925,13
121900182,526,180,346
121900183,645,749,-104
121900184,70,340,-270
121900186,2,270,-268
121900187,26,141,-115
121900188,365,322,43
121900189,25,82,-57
121900190,226,432,-206
121900191,63,211,-148
121900192,239,521,-282
121900193,27,110,-83
121900194,7,100,-93
121900195,48,73,-25
121900196,655,708,-53
121900197,275,1139,-864
121900198,984,647,337
121900199,8,10,-2
121900200,64,200,-136
121900201,731,506,225
121900202,87,460,-373
121900203,145,581,-436
121900204,674,843,-169
121900205,20,74,-54
121900206,17,23,-6
121900207,97,40,57
121900208,162,186,-24
121900209,45,27,18
121900210,976,788,188
121900211,339,443,-104
121900212,140,88,52
121900213,142,70,72
121900214,13,321,-308
121900215,57,87,-30
121900216,46,110,-64
121900217,191,143,48
121900218,152,316,-164
121900220,101,10,91
121900221,135,531,-396
121900222,108,89,19
121900223,105,24,81
121900224,94,32,62
121900225,73,87,-14
121900226,161,315,-154
121900227,198,397,-199
121900228,193,303,-110
121900230,106,137,-31
121900231,310,818,-508
121900232,188,357,-169
121900233,140,144,-4
121900234,234,175,59
121900235,357,132,225
121900236,283,102,181
121900237,179,206,-27
121900238,104,249,-145
121900239,103,18,85
121900240,203,65,138
121900241,27,41,-14
121900242,7,0,7
121900243,8,0,8
121900244,16,1,15
121900245,137,57,80
121900246,1567,241,1326
121900248,1159,872,287
121900250,181,216,-35
121900251,203,29,174
121900252,457,99,358
121900253,224,651,-427
121900254,526,186,340
121900255,271,71,200
121900258,2378,1884,494
121900259,366,460,-94
121900260,76,116,-40
121900261,192,469,-277
121900262,290,726,-436
121900263,205,205,0
121900264,1315,1204,111
121900265,205,211,-6
121900266,342,186,156
121900267,58,29,29
121900269,115,453,-338
121900270,31,180,-149
121900271,56,97,-41
121900273,379,1262,-883
121900274,208,176,32
121900277,501,780,-279
121900278,92,830,-738
121900279,78,161,-83
121900280,126,209,-83
121900281,285,276,9
121900284,20,4,16
121900286,124,97,27
121900287,9,17,-8
121900288,4,1,3
121900290,247,244,3
121900291,417,477,-60
121900292,117,160,-43
121900293,936,2270,-1334
121900294,182,2,180
121900295,116,154,-38
121900296,35,52,-17
121900298,216,516,-300
121900299,0,4,-4
121900300,152,10,142
121900301,80,2,78
121900302,0,20,-20
121900303,203,246,-43
121900304,1,15,-14
121900305,4,6,-2
121900306,228,40,188
121900307,59,5,54
121900308,25,257,-232
121900309,14,166,-152
121900310,27,407,-380
121900311,343,19,324
121900312,258,22,236
121900313,320,14,306
121900314,2,29,-27
121900315,32,2,30
121900316,0,26,-26
121900317,7,5,2
121900318,2,13,-11
121900319,46,107,-61
121900320,60,74,-14
121900321,16,1,15
121900322,0,19,-19
121900323,13,10,3
121900324,3,63,-60
121900325,12,3,9
121900326,3,20,-17
121900327,8,40,-32
121900328,0,30,-30
121900329,12,168,-156
121900330,2,15,-13
121900331,119,23,96
121900332,81,13,68
121900333,26,4,22
121900334,75,39,36
122000001,1877,3741,-1864
122000002,3480,1265,2215
122000003,1651,2224,-573
122000004,2347,1172,1175
122000005,1929,1560,369
122000006,1574,790,784
122000007,1074,1601,-527
122000008,3418,3566,-148
122000009,382,370,12
122000010,1821,2004,-183
122000011,2759,1699,1060
122000012,1331,1141,190
122000013,988,768,220
122000014,1283,980,303
122000015,1009,844,165
122000016,471,730,-259
122000017,828,729,99
122000018,1154,914,240
122000019,574,832,-258
122000020,133,150,-17
122000021,269,333,-64
122000022,1031,743,288
122000023,614,1267,-653
122000024,733,985,-252
122000025,1375,1114,261
122000026,1159,862,297
122000027,440,2118,-1678
122000028,598,376,222
122000029,338,320,18
122000030,359,115,244
122000031,184,222,-38
122000032,1509,1757,-248
122000033,567,974,-407
122000034,598,481,117
122000035,248,622,-374
122000036,501,433,68
122000037,261,179,82
122000038,220,265,-45
122000039,609,366,243
122000040,211,220,-9
122000041,397,465,-68
122000042,277,466,-189
122000043,102,91,11
122000044,93,130,-37
122000045,1066,421,645
122000046,608,628,-20
122000047,290,183,107
122000048,2523,3352,-829
122000049,4432,2573,1859
122000050,1304,697,607
122000051,311,229,82
122000052,527,334,193
122000053,145,675,-530
122000054,2069,1672,397
122000055,2202,2482,-280
122000056,3989,2991,998
122000057,2608,2942,-334
122000058,2721,1174,1547
122000059,2623,1521,1102
122000060,676,504,172
122000061,444,437,7
122000062,1275,281,994
122000063,1025,540,485
122000064,2753,2320,433
122000065,3259,1902,1357
122000066,720,402,318
122000067,1691,1052,639
122000068,872,843,29
122000069,942,616,326
122000070,557,1250,-693
122000071,1099,1023,76
122000072,341,324,17
122000073,407,531,-124
122000074,2495,1407,1088
122000075,585,892,-307
122000076,1642,889,753
122000077,1095,674,421
122000078,2330,2484,-154
122000079,1409,1228,181
122000080,708,319,389
122000081,182,213,-31
122000082,798,681,117
122000083,1058,1782,-724
122000084,987,615,372
122000085,219,729,-510
122000086,1618,3678,-2060
122000087,259,150,109
122000088,197,266,-69
122000089,4174,1817,2357
122000090,139,332,-193
122000091,153,45,108
122000092,74,14,60
122000093,919,897,22
122000094,4386,1936,2450
122000095,1800,2593,-793
122000096,1845,1352,493
122000098,1831,1302,529
122000099,1736,544,1192
122000100,872,414,458
122000101,365,581,-216
122000102,1640,940,700
122000103,1842,1485,357
122000104,293,158,135
122000105,427,237,190
122000106,370,471,-101
122000107,736,355,381
122000108,381,598,-217
122000109,303,214,89
122000110,303,465,-162
122000111,1839,1004,835
122000112,699,1027,-328
122000113,568,430,138
122000114,1915,1096,819
122000115,1532,971,561
122000116,288,302,-14
122000117,873,350,523
122000118,426,599,-173
122000119,2022,1408,614
122000120,1943,2631,-688
122000121,1627,2292,-665
122000122,926,1436,-510
122000123,1427,1115,312
122000124,1137,648,489
122000125,298,401,-103
122000126,542,734,-192
122000127,903,944,-41
122000128,533,688,-155
122000129,433,1113,-680
122000130,2259,744,1515
122000131,1200,788,412
122000132,442,445,-3
122000133,790,1034,-244
122000134,683,585,98
122000135,757,646,111
122000136,692,534,158
122000137,1117,687,430
122000139,1139,2445,-1306
122000140,1038,502,536
122000141,2592,656,1936
122000142,240,561,-321
122000143,348,423,-75
122000144,1253,981,272
122000145,845,727,118
122000146,553,620,-67
122000147,597,446,151
122000148,1219,787,432
122000149,1409,1102,307
122000150,1153,781,372
122000151,44,60,-16
122000152,477,571,-94
122000153,232,227,5
122000154,226,185,41
122000155,1208,1789,-581
122000156,1151,992,159
122000157,2526,2358,168
122000158,287,417,-130
122000159,715,1203,-488
122000160,2509,1541,968
122000161,1123,915,208
122000162,1721,1677,44
122000163,185,59,126
122000164,27,63,-36
122000165,879,572,307
122000166,1183,846,337
122000167,174,142,32
122000168,200,408,-208
122000169,439,158,281
122000170,313,172,141
122000171,44,56,-12
122000172,1126,1115,11
122000173,1101,1870,-769
122000174,1592,745,847
122000175,1072,246,826
122000176,339,588,-249
122000177,1405,1006,399
122000178,2083,2014,69
122000179,1296,1839,-543
122000180,1085,923,162
122000181,2256,2406,-150
122000182,1261,1057,204
122000183,1518,747,771
122000184,2562,1723,839
122000185,1443,1399,44
122000186,365,609,-244
122000187,1687,858,829
122000188,306,202,104
122000189,198,259,-61
122000190,836,873,-37
122000191,563,422,141
122000192,809,264,545
122000193,335,493,-158
122000194,454,166,288
122000195,141,395,-254
122000196,1054,544,510
122000197,452,488,-36
122000198,603,672,-69
122000199,286,262,24
122000200,906,529,377
122000201,1271,1181,90
122000202,1394,1705,-311
122000203,1501,884,617
122000204,1514,1668,-154
122000205,1288,1185,103
122000206,1829,682,1147
122000207,1751,979,772
122000208,1790,1086,704
122000209,1854,290,1564
122000210,1764,1416,348
122000211,1221,899,322
122000212,640,388,252
122000213,908,914,-6
122000214,1574,1234,340
122000215,1614,1556,58
122000217,1327,1058,269
122000218,546,80,466
122000219,1225,804,421
122000220,485,501,-16
122000221,95,343,-248
122000222,489,138,351
122000223,1178,470,708
122000225,581,336,245
122000226,1746,1249,497
122000227,277,1748,-1471
122000228,330,262,68
122000229,27,369,-342
122000230,38,366,-328
122000231,234,723,-489
122000232,579,731,-152
122000233,1,82,-81
122000234,337,154,183
122000235,707,184,523
122000236,765,116,649
122000237,173,64,109
122000238,236,259,-23
122000239,492,114,378
122000240,1109,624,485
122000241,1480,362,1118
122000242,498,169,329
122000243,217,66,151
122000244,51,328,-277
122000245,79,161,-82
122000246,317,132,185
122000247,434,533,-99
122000248,1123,1370,-247
122000249,878,657,221
122000250,1773,1082,691
122000251,249,422,-173
122000252,536,107,429
122000253,49,208,-159
122000254,192,87,105
122000255,639,1278,-639
122000256,506,767,-261
122000257,167,308,-141
122000258,196,186,10
122000259,18,384,-366
122000260,199,672,-473
122000261,3,150,-147
122000262,0,57,-57
122000263,249,105,144
122000264,950,378,572
122000265,1805,727,1078
122000266,3612,661,2951
122000267,136,136,0
122000268,134,327,-193
122000269,697,311,386
122000270,635,158,477
122000271,417,875,-458
122000272,298,843,-545
122000273,348,376,-28
122000274,196,252,-56
122000275,268,192,76
122000276,418,303,115
122000277,777,959,-182
122000278,1702,1053,649
122000279,145,278,-133
122000280,669,523,146
122000281,554,436,118
122000282,273,223,50
122000283,831,108,723
122000284,197,79,118
122000285,689,89,600
122000286,146,152,-6
122000287,1081,1207,-126
122000288,478,210,268
122000291,1271,638,633
122000293,181,237,-56
122000294,100,191,-91
122000295,1013,166,847
122000296,43,543,-500
122000297,1491,1525,-34
122000299,574,923,-349
122000300,539,575,-36
122000301,6782,2902,3880
122000302,558,919,-361
122000303,2168,1027,1141
122000304,55,197,-142
122000305,856,498,358
122000306,43,560,-517
122000307,136,72,64
122000309,102,53,49
122000310,69,183,-114
122000311,251,153,98
122000312,151,107,44
122000313,200,62,138
122000314,166,207,-41
122000315,210,51,159
122000316,654,214,440
122000317,1027,263,764
122000318,180,279,-99
122000319,158,287,-129
122000320,428,1091,-663
122000321,149,204,-55
122000322,1937,1884,53
122000323,1501,1835,-334
122000324,1054,933,121
122000325,671,1164,-493
122000326,74,84,-10
122000327,402,572,-170
122000328,690,449,241
122000330,1423,550,873
122000333,18,132,-114
122000337,894,1190,-296
122000338,401,491,-90
122000340,281,381,-100
122000342,1495,816,679
122000343,381,893,-512
122000344,76,16,60
122000345,225,123,102
122000346,276,412,-136
122000348,626,573,53
122000349,77,513,-436
122000351,142,185,-43
122000352,451,144,307
122000353,97,81,16
122000355,143,177,-34
122000356,1585,1465,120
122000357,62,20,42
122000358,0,30,-30
122000359,0,29,-29
122000360,0,34,-34
122000362,9,79,-70
122000364,140,255,-115
122000365,1,26,-25
122000366,17,5,12
122000368,354,463,-109
122000370,33,50,-17
122000371,28,0,28
122000372,20,5,15
122000381,64,320,-256
122000382,75,266,-191
122000384,2133,1070,1063
122000385,54,0,54
122000386,390,929,-539
122000387,675,703,-28
122000388,1226,567,659
122000389,172,474,-302
122000390,603,280,323
122000391,246,109,137
122000392,191,173,18
122000393,248,355,-107
122000394,518,268,250
122000395,78,166,-88
122000396,276,139,137
122000399,149,88,61
122000400,192,483,-291
122000401,128,103,25
122000402,226,104,122
122000403,273,565,-292
122000404,73,158,-85
122000408,601,860,-259
122000503,17,73,-56
122000524,180,99,81
122000544,57,1948,-1891
122000614,337,343,-6
122000616,205,2,203
122000640,84,121,-37
122000641,75,282,-207
122000642,1303,946,357
122000643,82,189,-107
122000644,250,82,168
122000645,293,272,21
122000651,1319,643,676
122000664,207,56,151
122000665,998,508,490
122000666,574,877,-303
122000673,26,229,-203
122000674,111,53,58
122000675,1618,848,770
122000686,150,397,-247
122000687,615,135,480
122000688,208,511,-303
122000689,526,133,393
122000690,1238,476,762
122000691,504,1423,-919
122000692,1669,694,975
122000693,507,1610,-1103
122000695,179,239,-60
122000696,209,211,-2
122000698,371,541,-170
122000699,182,40,142
122000701,1460,493,967
122000702,634,1148,-514
122000703,129,52,77
122000712,0,0,0
122000717,913,137,776
122000718,579,1386,-807
122000719,84,78,6
122000720,474,270,204
122000724,211,226,-15
122900001,31,2,29
122900002,905,3115,-2210
122900003,261,59,202
122900004,419,20,399
122900005,71,28,43
122900006,979,184,795
122900007,70,57,13
122900008,667,39,628
122900009,473,310,163
122900010,178,86,92
122900012,210,270,-60
122900014,124,235,-111
122900015,1270,601,669
122900016,106,193,-87
122900017,372,519,-147
122900018,156,12,144
122900020,318,297,21
122900021,15,438,-423
122900022,707,610,97
122900023,237,115,122
122900024,95,82,13
122900025,14,199,-185
122900026,34,262,-228
122900027,46,591,-545
122900028,111,177,-66
122900029,3731,2581,1150
122900030,839,431,408
122900031,58,199,-141
122900032,71,270,-199
122900033,209,118,91
122900034,3324,3888,-564
122900035,10,14,-4
122900036,41,77,-36
122900037,273,96,177
122900038,130,2080,-1950
122900039,101,399,-298
122900040,273,322,-49
122900041,264,198,66
122900042,138,262,-124
122900043,326,167,159
122900044,51,237,-186
122900045,87,90,-3
122900046,163,160,3
122900047,105,152,-47
122900048,61,125,-64
122900049,1379,112,1267
122900051,95,98,-3
122900052,116,157,-41
122900053,11,22,-11
122900055,253,124,129
122900057,228,69,159
122900061,430,175,255
122900062,430,528,-98
122900063,151,251,-100
122900064,1020,263,757
122900065,494,192,302
122900066,526,292,234
122900067,807,615,192
122900069,212,1170,-958
122900070,265,34,231
122900071,139,299,-160
122900073,31,185,-154
122900074,634,477,157
122900075,1,41,-40
122900076,2,152,-150
122900077,0,129,-129
122900078,136,81,55
122900080,31,41,-10
122900081,163,140,23
122900082,804,156,648
122900083,223,121,102
122900084,6,190,-184
122900086,6,74,-68
122900087,292,420,-128
122900088,41,123,-82
122900089,66,175,-109
122900090,10,412,-402
122900091,240,4,236
122900092,0,71,-71
122900093,0,198,-198
122900094,8,120,-112
122900095,129,16,113
122900096,383,184,199
122900097,18,54,-36
122900098,75,108,-33
122900099,58,21,37
122900100,252,126,126
122900101,354,181,173
122900102,24,80,-56
122900103,125,11,114
122900104,91,7,84
122900105,3,16,-13
122900106,1,53,-52
122900107,4,165,-161
122900108,20,175,-155
122900109,153,103,50
123000001,967,281,686
123000002,2781,2639,142
123000003,2178,2122,56
123000004,2416,3032,-616
123000005,1900,1973,-73
123000006,1741,2454,-713
123000007,3292,2472,820
123000008,2103,1987,116
123000009,4025,2358,1667
123000010,3070,2859,211
123000011,2113,576,1537
123000012,1053,2174,-1121
123000013,2407,646,1761
123000014,824,1727,-903
123000015,2677,1007,1670
123000016,1317,2388,-1071
123000017,2655,1833,822
123000018,77,110,-33
123000019,183,126,57
123000020,147,69,78
123000021,62,218,-156
123000022,244,2287,-2043
123000023,1247,1366,-119
123000024,1320,624,696
123000025,242,168,74
123000026,33,63,-30
123000027,273,320,-47
123000028,1988,320,1668
123000029,2176,744,1432
123000030,182,301,-119
123000031,164,262,-98
123000032,294,182,112
123000033,264,102,162
123000034,1119,984,135
123000035,342,310,32
123000036,226,674,-448
123000037,167,232,-65
123000038,68,249,-181
123000039,333,1219,-886
123000040,718,265,453
123000041,1045,1003,42
123000042,926,555,371
123000043,1429,3046,-1617
123000044,4302,2066,2236
123000045,4134,2035,2099
123000046,679,1346,-667
123000047,1204,412,792
123000048,51,585,-534
123000049,2825,5977,-3152
123000050,1626,1900,-274
123000051,75,199,-124
123000052,742,2224,-1482
123000053,1458,2418,-960
123000054,1193,1683,-490
123000055,1073,1593,-520
123000056,698,929,-231
123000057,10229,5936,4293
123000058,818,793,25
123000059,1207,2575,-1368
123000060,1058,574,484
123000061,1842,1323,519
123000063,300,312,-12
123000064,883,272,611
123000065,2490,1588,902
123000066,583,550,33
123000067,689,510,179
123000068,2327,2282,45
123000069,5131,3139,1992
123000070,182,209,-27
123000071,413,457,-44
123000072,694,525,169
123000073,929,751,178
123000074,1262,1156,106
123000075,604,1084,-480
123000076,625,645,-20
123000077,1419,1503,-84
123000078,689,1082,-393
123000079,1049,1788,-739
123000080,2179,1888,291
123000081,178,446,-268
123000082,316,489,-173
123000083,942,388,554
123000084,621,525,96
123000085,273,102,171
123000086,467,179,288
123000087,391,597,-206
123000088,1133,1403,-270
123000089,444,1024,-580
123000090,1043,706,337
123000091,1470,1409,61
123000092,1398,1408,-10
123000094,570,339,231
123000095,404,585,-181
123000096,564,361,203
123000097,396,535,-139
123000098,713,519,194
123000099,471,649,-178
123000100,490,574,-84
123000101,553,611,-58
123000102,462,480,-18
123000104,359,353,6
123000105,379,409,-30
123000106,417,359,58
123000107,392,394,-2
123000108,2063,890,1173
123000111,660,388,272
123000112,456,241,215
123000113,483,716,-233
123000114,335,552,-217
123000115,201,265,-64
123000116,46,103,-57
123000117,645,641,4
123000118,264,361,-97
123000119,484,811,-327
123000120,672,861,-189
123000121,255,430,-175
123000122,251,214,37
123000123,493,618,-125
123000124,462,447,15
123000125,762,991,-229
123000126,1370,3156,-1786
123000127,840,708,132
123000128,264,238,26
123000129,529,162,367
123000130,459,79,380
123000131,659,683,-24
123000132,255,447,-192
123000133,254,308,-54
123000134,351,168,183
123000135,1227,709,518
123000136,169,619,-450
123000137,124,215,-91
123000138,91,336,-245
123000139,346,115,231
123000140,89,613,-524
123000141,740,110,630
123000142,826,870,-44
123000143,1266,1757,-491
123000144,16,11,5
123000145,90,120,-30
123000146,41,44,-3
123000147,102,78,24
123000149,354,301,53
123000150,166,157,9
123000151,238,438,-200
123000152,75,334,-259
123000153,156,610,-454
123000154,1369,1427,-58
123000155,1708,792,916
123000156,31,90,-59
123000157,608,690,-82
123000158,496,664,-168
123000159,1758,1265,493
123000160,845,649,196
123000161,937,534,403
123000162,707,1125,-418
123000163,369,99,270
123000164,705,253,452
123000165,278,980,-702
123000166,35,132,-97
123000167,122,262,-140
123000168,225,215,10
123000169,621,130,491
123000170,80,167,-87
123000171,445,26,419
123000172,153,386,-233
123000173,401,259,142
123000174,741,345,396
123000175,525,947,-422
123000176,896,327,569
123000177,219,722,-503
123000178,701,151,550
123000179,32,203,-171
123000180,1174,331,843
123000181,142,849,-707
123000183,151,462,-311
123000186,104,661,-557
123000187,506,20,486
123000188,256,57,199
123000189,114,127,-13
123000190,1,46,-45
123000192,43,253,-210
123000193,160,743,-583
123000194,362,319,43
123000195,162,35,127
123000196,139,21,118
123000197,125,61,64
123000198,52,238,-186
123000199,29,483,-454
123000200,298,28,270
123000201,397,11,386
123000202,70,823,-753
123000203,563,77,486
123000204,72,974,-902
123000205,529,1490,-961
123000206,1586,198,1388
123000207,120,776,-656
123000208,714,192,522
123000209,1998,560,1438
123000210,573,1965,-1392
123000211,624,2712,-2088
123000212,2517,657,1860
123000213,851,240,611
123000215,90,177,-87
123000216,131,814,-683
123000217,190,37,153
123000218,45,464,-419
123000219,696,94,602
123000220,436,94,342
123000222,279,195,84
123000223,242,215,27
123000224,336,324,12
123000225,191,71,120
123000226,44,254,-210
123000227,93,300,-207
123000228,197,77,120
123000229,1068,1377,-309
123000232,76,546,-470
123000233,493,174,319
123000234,133,508,-375
123000235,641,281,360
123000236,238,553,-315
123000237,215,69,146
123000238,98,387,-289
123000239,313,1017,-704
123000240,54,326,-272
123000241,756,80,676
123000243,1087,762,325
123000244,907,687,220
123000245,35,156,-121
123000249,262,549,-287
123000252,605,119,486
123000253,830,396,434
123000254,527,770,-243
123000255,991,887,104
123000256,272,395,-123
123000257,1201,1053,148
123000258,1314,1129,185
123000259,257,259,-2
123000260,310,280,30
123000261,461,278,183
123000262,133,161,-28
123000263,323,75,248
123000264,121,79,42
123000265,36,148,-112
123000266,562,681,-119
123000267,470,362,108
123000268,44,70,-26
123000269,33,38,-5
123000270,34,57,-23
123000271,66,63,3
123000272,591,295,296
123000273,178,448,-270
123000274,887,492,395
123000275,298,672,-374
123000278,2600,2742,-142
123000279,81,106,-25
123000280,417,359,58
123000281,254,81,173
123000282,90,212,-122
123000283,102,84,18
123000284,55,112,-57
123000286,376,546,-170
123000287,682,311,371
123000288,1144,609,535
123000289,433,715,-282
123000291,243,724,-481
123000294,317,256,61
123000295,754,578,176
123000296,683,575,108
123000297,625,535,90
123000298,477,406,71
123000299,186,360,-174
123000300,1809,1527,282
123000301,207,354,-147
123000302,52,163,-111
123000303,95,169,-74
123000305,778,872,-94
123000306,100,121,-21
123000309,57,76,-19
123000310,51,54,-3
123000311,50,125,-75
123000312,682,1277,-595
123000313,928,830,98
123000315,56,302,-246
123000316,334,257,77
123000317,268,56,212
123000318,45,162,-117
123000329,8,15,-7
123000337,961,300,661
123000338,592,33,559
123000339,185,173,12
123000340,319,711,-392
123000342,5,121,-116
123000343,24,6,18
123000344,1302,436,866
123000345,1245,658,587
123000346,437,272,165
123000352,1060,636,424
123000353,14,139,-125
123000354,823,11,812
123000355,48,889,-841
123000356,316,20,296
123000357,2,124,-122
123000359,14,152,-138
123000360,136,71,65
123000361,292,213,79
123000362,260,81,179
123000363,60,113,-53
123000364,832,808,24
123000365,12,244,-232
123000366,671,1904,-1233
123000367,906,1808,-902
123000370,19,156,-137
123000371,181,27,154
123000372,281,16,265
123000373,8,316,-308
123000374,21,183,-162
123000375,279,54,225
123000376,720,597,123
123000377,217,24,193
123000378,5,186,-181
123000379,1,211,-210
123000380,71,279,-208
123000381,164,56,108
123000382,956,159,797
123000383,186,876,-690
123000384,349,112,237
123000385,188,433,-245
123000436,136,2012,-1876
123000507,720,323,397
123000508,524,1021,-497
123000517,146,21,125
123000518,29,217,-188
123000519,266,21,245
123000520,49,188,-139
123000521,425,142,283
123000522,324,636,-312
123000541,10,8,2
123000542,0,17,-17
123000565,615,45,570
123000566,210,493,-283
123000567,84,161,-77
123000575,46,456,-410
123000576,564,24,540
123000577,142,554,-412
123000578,424,59,365
123000579,3140,4111,-971
123000580,104,42,62
123000582,294,29,265
123000583,15,255,-240
123000584,157,203,-46
123000585,1,58,-57
123000586,71,0,71
123000596,76,108,-32
123000597,66,118,-52
123000602,23,7,16
123000603,446,68,378
123000604,166,503,-337
123000605,806,14,792
123000606,3,327,-324
123000609,20,257,-237
123000610,141,102,39
123000613,10,47,-37
123000615,99,120,-21
123000616,176,54,122
123000617,124,238,-114
123000618,67,366,-299
123000619,351,46,305
123000620,27,1189,-1162
123000622,753,45,708
123000624,207,52,155
123000630,1475,609,866
123000631,3096,2386,710
123000632,1845,1218,627
123000633,60,432,-372
123000634,44,92,-48
123000635,91,89,2
123000636,47,359,-312
123000637,108,18,90
123000638,400,94,306
123000639,1639,3068,-1429
123000640,40,587,-547
123000648,848,339,509
123000649,302,751,-449
123000650,259,122,137
123000651,242,384,-142
123000652,414,57,357
123000653,83,282,-199
123000654,182,469,-287
123000655,51,313,-262
123000656,625,84,541
123000657,5,83,-78
123000658,176,16,160
123900001,917,55,862
123900002,18,1146,-1128
123900003,279,289,-10
123900005,166,144,22
123900006,176,35,141
124000001,1544,112,1432
124000002,21,570,-549
124000003,637,139,498
124000004,54,375,-321
124000005,754,323,431
124000006,206,885,-679
124000007,411,56,355
124000008,26,388,-362
124000009,494,197,297
124000010,160,400,-240
124000011,650,242,408
124000012,192,426,-234
124000017,103,130,-27
124000018,91,55,36
124000019,115,106,9
124000020,61,141,-80
124000021,121,70,51
124000022,84,154,-70
124000023,633,190,443
124000024,891,488,403
124000025,678,361,317
124000026,622,433,189
124000027,1142,719,423
124000028,2132,837,1295
124000031,1544,1915,-371
124000032,1912,1065,847
124000033,853,480,373
124000034,571,899,-328
124000035,288,198,90
124000036,130,539,-409
124000037,308,1062,-754
124000038,47,113,-66
124000039,914,454,460
124000040,512,1077,-565
124000041,237,94,143
124000042,103,394,-291
124000043,98,68,30
124000044,62,157,-95
124000045,617,467,150
124000046,304,561,-257
124000047,1217,785,432
124000048,857,1053,-196
124000049,1270,606,664
124000050,661,1487,-826
124000051,805,483,322
124000052,646,867,-221
124000053,465,1326,-861
124000054,948,475,473
124000055,1231,1976,-745
124000056,1956,1425,531
124000057,908,490,418
124000058,436,1171,-735
124000059,489,955,-466
124000060,1100,659,441
124000061,1239,4378,-3139
124000062,5469,1802,3667
124000063,1312,1619,-307
124000064,1933,1305,628
124000065,154,439,-285
124000066,270,126,144
124000067,133,163,-30
124000068,35,104,-69
124000069,495,184,311
124000070,211,423,-212
124000071,97,110,-13
124000072,163,325,-162
124000073,693,151,542
124000074,238,647,-409
124000075,201,31,170
124000076,17,132,-115
124000077,1882,649,1233
124000078,2388,1243,1145
124000079,365,920,-555
124000080,327,156,171
124000081,111,338,-227
124000082,46,131,-85
124000083,85,109,-24
124000084,96,286,-190
124000085,164,27,137
124000086,50,51,-1
124000087,122,73,49
124000088,138,221,-83
124000089,778,292,486
124000090,99,304,-205
124000091,474,105,369
124000092,116,576,-460
124000093,102,78,24
124000094,96,376,-280
124000095,89,84,5
124000096,129,176,-47
124000097,103,146,-43
124000098,50,111,-61
124000099,223,96,127
124000100,99,105,-6
124000101,82,86,-4
124000102,103,61,42
124000103,62,123,-61
124000104,109,47,62
124000105,60,85,-25
124000106,170,54,116
124000107,14,126,-112
124000108,45,23,22
124000109,106,101,5
124000110,234,108,126
124000111,170,111,59
124000112,545,659,-114
124000113,78,88,-10
124000114,260,396,-136
124000115,388,618,-230
124000116,107,134,-27
124000117,55,70,-15
124000118,28,71,-43
124000119,899,378,521
124000120,429,320,109
124000121,1729,778,951
124000122,428,959,-531
124000123,717,477,240
124000124,380,985,-605
124000125,321,423,-102
124000126,249,592,-343
124000127,689,298,391
124000128,446,879,-433
124000129,1798,1485,313
124000130,748,610,138
124000131,863,543,320
124000132,799,703,96
124000133,689,677,12
124000134,644,574,70
124000135,1428,1410,18
124000136,758,885,-127
124000137,949,566,383
124000138,980,1027,-47
124000139,627,48,579
124000140,58,503,-445
124000141,527,28,499
124000142,60,537,-477
124000143,66,3,63
124000144,24,153,-129
124000145,86,16,70
124000146,23,89,-66
124000148,9,80,-71
124000149,956,398,558
124000150,339,513,-174
124000151,723,328,395
124000152,785,1055,-270
124000153,483,522,-39
124000154,277,572,-295
124000155,1116,873,243
124000156,1545,837,708
124000169,166,299,-133
124000170,334,375,-41
124000171,237,183,54
124000172,358,405,-47
124000173,374,205,169
124000174,339,455,-116
124000175,6,92,-86
124000176,38,19,19
124000177,7,33,-26
124000178,21,25,-4
124000185,34,21,13
124000186,3,37,-34
124000187,10,77,-67
124000188,39,9,30
124000190,109,32,77
124000191,161,110,51
124000192,1262,295,967
124000193,260,645,-385
124000194,429,406,23
124000195,270,484,-214
124000196,1125,890,235
124000197,55,63,-8
124000198,23,42,-19
124000201,391,592,-201
124000202,675,313,362
124000203,317,480,-163
124000204,552,279,273
124000205,105,418,-313
124000206,549,277,272
124000207,0,47,-47
124000209,131,206,-75
124000210,376,139,237
124000211,484,4,480
124000212,0,361,-361
124000213,328,245,83
124000214,245,387,-142
124000215,478,48,430
124000216,7,338,-331
124000329,180,1332,-1152
124000338,97,636,-539
124000339,758,106,652
124000341,1185,97,1088
124000344,59,20,39
124000357,1226,2550,-1324
124000358,1302,2204,-902
124000359,864,784,80
124000360,681,486,195
124000361,1200,698,502
124000362,995,1169,-174
124000363,262,336,-74
124000364,586,795,-209
124000365,794,1093,-299
124000366,1619,1327,292
124000367,126,408,-282
124000368,407,283,124
124000369,69,71,-2
124000370,49,347,-298
124000402,29,17,12
124000403,88,15,73
124000404,6,97,-91
124000405,836,657,179
124000406,592,752,-160
124000407,2,21,-19
124000411,5,235,-230
124000412,424,12,412
124000413,298,31,267
124000414,72,101,-29
124000415,49,122,-73
124000416,135,263,-128
124000417,126,72,54
124000418,127,100,27
124000419,62,109,-47
124000420,57,89,-32
124000421,49,170,-121
124000422,23,11,12
124000423,158,26,132
124000424,5,129,-124
124000425,104,16,88
124000426,4,172,-168
124000427,131,7,124
124000428,10,48,-38
124000429,38,52,-14
124000430,403,307,96
124000431,226,399,-173
124000432,203,565,-362
124000439,45,8,37
124000443,0,62,-62
124000445,645,734,-89
124000446,1449,99,1350
124000447,20,115,-95
124000448,66,18,48
124000449,128,23,105
124000450,16,166,-150
124000451,9,106,-97
124000452,423,82,341
124000453,2180,3399,-1219
124000454,2655,4489,-1834
124000455,10,962,-952
124000456,634,15,619
124000457,6,383,-377
124000458,8,232,-224
124000459,268,3,265
124000460,7,164,-157
124900001,437,352,85
124900002,115,253,-138
124900003,870,581,289
124900004,456,331,125
124900005,169,110,59
124900006,498,305,193
124900008,1003,441,562
124900009,181,278,-97
124900010,108,78,30
124900011,380,146,234
124900012,317,111,206
124900013,365,139,226
124900014,185,53,132
124900015,98,231,-133
124900016,42,41,1
124900017,574,1174,-600
124900018,25,26,-1
124900020,53,45,8
124900021,155,28,127
124900022,54,13,41
124900024,208,10,198
124900026,133,12,121
124900027,82,348,-266
124900028,262,62,200
124900029,14,422,-408
124900030,2,73,-71
124900031,26,250,-224
124900032,149,203,-54
124900033,98,185,-87
124900034,4,69,-65
124900035,116,282,-166
124900036,2,48,-46
124900037,181,210,-29
124900038,201,373,-172
124900039,4,58,-54
124900040,103,66,37
124900041,246,1013,-767
124900042,100,3,97
124900043,482,934,-452
124900044,51,2,49
124900045,390,883,-493
124900047,155,173,-18
124900048,174,100,74
124900050,172,216,-44
124900052,99,304,-205
124900053,87,257,-170
124900054,1685,377,1308
124900055,3,150,-147
124900057,17,421,-404
124900060,45,134,-89
124900061,105,11,94
124900062,129,31,98
124900066,0,14,-14
124900067,18,115,-97
124900068,207,328,-121
124900070,36,25,11
124900072,75,60,15
124900075,189,170,19
124900076,42,950,-908
124900077,29,66,-37
124900078,84,15,69
124900079,556,119,437
124900080,245,540,-295
124900081,800,272,528
124900082,344,832,-488
124900083,225,466,-241
124900085,1193,283,910
124900086,39,1035,-996
124900087,555,76,479
124900088,452,79,373
124900089,1224,23,1201
124900090,196,209,-13
124900091,233,286,-53
124900092,172,192,-20
124900093,213,149,64
124900094,263,209,54
124900095,63,311,-248
124900096,368,143,225
124900097,228,52,176
124900098,103,253,-150
124900099,468,314,154
124900100,273,50,223
124900101,51,301,-250
124900102,165,19,146
124900103,150,129,21
124900104,81,138,-57
124900105,99,94,5
124900106,248,38,210
124900107,62,6,56
124900108,191,51,140
124900111,0,67,-67
124900112,54,368,-314
124900113,114,220,-106
124900114,139,121,18
124900115,34,16,18
124900116,134,79,55
124900117,245,85,160
124900118,175,232,-57
124900119,272,154,118
124900120,51,321,-270
124900121,141,332,-191
124900122,251,173,78
124900123,307,117,190
124900124,146,305,-159
124900125,667,5,662
124900126,2,447,-445
204000001,99,6,93
204000002,25,13,12
204000003,14,2,12
204000004,2,0,2
204000005,663,601,62
204000006,1226,1270,-44
204000011,11,26,-15
204000012,57,111,-54
204000019,530,493,37
204000020,548,542,6
204000021,1106,727,379
204000022,486,412,74
204000023,441,795,-354
204000031,175,16,159
204000032,745,24,721
204000034,19,43,-24
204000035,1,2,-1
204000036,3,13,-10
204000037,0,15,-15
204000038,0,10,-10
204000039,5,15,-10
204000040,2,25,-23
204000041,10,21,-11
204000042,24,14,10
204000043,33,5,28
204000044,43,0,43
204000045,16,4,12
204000046,9,1,8
204000057,6,14,-8
204000062,40,75,-35
204000068,24,212,-188
204000069,49,306,-257
204000070,66,74,-8
204000080,45,95,-50
204000085,2292,1760,532
204000086,2754,1851,903
204000087,28,13,15
204000088,5,55,-50
204000090,12,109,-97
204000093,32,41,-9
204000096,782,1115,-333
204000097,283,5,278
204000099,921,1453,-532
204000100,1237,2022,-785
204000105,2500,1341,1159
204000110,379,1037,-658
204000111,438,553,-115
204000112,1289,464,825
204000113,401,529,-128
204000114,638,603,35
204000115,378,323,55
204000116,1375,423,952
204000119,1888,2874,-986
204000132,630,347,283
204000133,866,399,467
204000134,217,154,63
204000135,569,93,476
204000136,698,182,516
204000138,425,378,47
204000140,212,160,52
204000141,155,61,94
204000144,22,22,0
204000145,438,30,408
204000146,93,810,-717
204000147,97,141,-44
204000148,391,13,378
204000154,4,11,-7
204000155,0,3,-3
204000177,44,36,8
204000179,6,2,4
204000180,0,44,-44
204000222,2,1,1
204000236,46,465,-419
204000238,18,27,-9
204000240,586,134,452
204000263,717,969,-252
204000268,1074,721,353
204000308,28,5,23
204000317,15,70,-55
204000322,22,37,-15
204000323,171,30,141
204000328,295,149,146
204000329,156,383,-227
204000330,152,53,99
204000331,152,387,-235
205000001,939,1652,-713
205000013,7,55,-48
205000014,16,79,-63
205000015,22,192,-170
205000016,10,158,-148
205000017,17,78,-61
205000022,375,887,-512
205000025,1376,1124,252
205000029,185,5,180
205000045,113,288,-175
205000046,83,545,-462
205000047,59,381,-322
205000048,375,1339,-964
205000049,182,866,-684
205000050,736,352,384
205000059,0,232,-232
205000060,1,78,-77
205000061,5,67,-62
205000062,3,91,-88
205000063,24,60,-36
205000064,24,86,-62
205000065,40,543,-503
205000066,140,770,-630
205000067,57,867,-810
205000069,168,29,139
205000082,211,155,56
205000110,56,296,-240
205000111,198,300,-102
205000112,182,220,-38
205000113,215,359,-144
205000121,180,51,129
205000123,35,195,-160
205000126,417,109,308
205000127,884,242,642
205000128,605,129,476
205000129,645,129,516
205000130,258,46,212
205000131,202,7,195
205000132,414,2,412
205000133,234,3,231
205000134,311,0,311
205000137,49,133,-84
205000138,138,301,-163
205000139,22,142,-120
205000144,101,76,25
205000145,276,160,116
205000151,122,30,92
205000152,170,30,140
205000153,247,38,209
205000154,72,47,25
205000155,135,8,127
205000207,4,131,-127
205000233,35,1,34
205000234,0,1,-1
205000243,0,0,0
205000244,0,3,-3
205000245,8,123,-115
205000249,0,38,-38
205000250,3,0,3
205000264,4,89,-85
206000027,11,2,9
206000028,8,2,6
206000043,14,45,-31
206000053,3,5,-2
206000054,4,18,-14
206000055,0,12,-12
206000075,2,19,-17
206000076,17,21,-4
206000077,11,8,3
206000078,23,4,19
206000079,10,8,2
206000082,212,31,181
206000100,21,303,-282
206000103,6,6,0
206000104,10,8,2
206000105,2,8,-6
206000106,5,15,-10
206000125,34,0,34
206000157,48,347,-299
206000170,2,106,-104
206000171,3,127,-124
206000172,3,275,-272
206000173,1,185,-184
206000174,8,52,-44
206000175,2,66,-64
206000176,13,135,-122
206000177,0,117,-117
206000178,2,124,-122
206000179,2,41,-39
206000180,13,94,-81
206000181,6,93,-87
206000182,17,131,-114
206000183,22,299,-277
206000184,8,205,-197
206000185,9,104,-95
206000186,97,758,-661
206000223,12,148,-136
206000226,6,2,4
206000227,11,3,8
206000237,31,241,-210
206000238,18,342,-324
206000239,230,1245,-1015
206000240,0,31,-31
206000241,0,55,-55
206000242,14,184,-170
206000243,10,158,-148
206000244,73,347,-274
206000245,522,50,472
206000246,149,8,141
206000247,173,7,166
206000248,244,19,225
206000252,103,34,69
206000258,30,29,1
206000315,29,6,23
206000317,349,69,280
206000318,334,50,284
206000319,792,112,680
206000320,120,39,81
206000321,117,9,108
206000322,289,22,267
206000323,111,13,98
206000324,104,9,95
206000325,114,8,106
206000326,84,11,73
206000327,235,8,227
206000328,118,3,115
206000329,194,8,186
206000330,24,5,19
206000331,116,3,113
206000332,24,2,22
206000333,383,4,379
206000334,151,1,150
206000335,0,24,-24
206000361,6,128,-122
206000392,3,12,-9
206000405,73,0,73
206000441,8,12,-4
206000498,31,14,17
206000515,67,27,40
206000530,148,59,89
206000531,119,147,-28
206000532,1023,255,768
206000535,230,1125,-895
206000536,39,105,-66
206000537,11,104,-93
206000613,897,195,702
206000784,338,43,295
207000001,209,581,-372
207000002,108,303,-195
207000003,156,158,-2
207000007,834,277,557
207000008,67,9,58
207000009,50,37,13
207000010,453,405,48
207000012,234,218,16
207000015,259,1145,-886
207000019,192,70,122
207000021,461,180,281
207000022,155,100,55
207000023,186,34,152
207000024,2,16,-14
207000025,21,88,-67
207000026,96,49,47
207000027,21,63,-42
207000028,45,155,-110
207000029,160,399,-239
207000033,233,366,-133
207000034,238,93,145
207000039,300,140,160
207000040,254,76,178
207000041,94,16,78
207000042,150,69,81
207000043,160,173,-13
207000051,112,172,-60
207000052,17,126,-109
207000053,405,515,-110
207000054,65,110,-45
207000055,187,102,85
207000056,288,291,-3
207000057,149,225,-76
207000058,175,218,-43
207000059,160,443,-283
207000060,71,180,-109
207000061,235,414,-179
207000062,319,55,264
207000063,299,118,181
207000064,307,144,163
207000065,266,232,34
207000066,180,156,24
207000067,60,115,-55
207000068,130,43,87
207000069,658,298,360
207000082,8,226,-218
207000083,74,265,-191
207000084,213,297,-84
207000085,176,19,157
207000086,156,3,153
207000106,32,36,-4
207000107,67,20,47
207000108,45,7,38
207000109,55,12,43
207000110,46,78,-32
207000111,65,98,-33
207000112,135,500,-365
207000114,30,36,-6
207000115,28,67,-39
207000116,31,252,-221
207000117,12,62,-50
207000118,4,58,-54
207000119,37,54,-17
207000123,161,20,141
207000124,63,28,35
207000125,62,75,-13
207000126,56,80,-24
207000134,98,155,-57
207000135,19,191,-172
207000148,54,261,-207
207000149,84,32,52
207000152,107,358,-251
207000153,769,1142,-373
207000154,433,122,311
207000159,107,144,-37
207000160,154,400,-246
207000238,0,240,-240
207000242,8,162,-154
207000248,35,23,12
207000249,154,35,119
207000250,593,73,520
207000251,138,64,74
207000252,51,63,-12
207000278,69,86,-17
207000279,30,146,-116
207000280,496,56,440
207000281,127,862,-735
207000282,146,62,84
207000283,118,186,-68
207000284,70,179,-109
207000285,120,61,59
207000291,15,60,-45
207000304,89,70,19
207000306,109,375,-266
207000310,54,91,-37
207000353,345,10,335
207000356,26,17,9
207000357,13,7,6
207000358,7,13,-6
207000415,1,154,-153
207000417,49,3,46
207000418,128,151,-23
207000438,0,1,-1
207000439,916,632,284
207000446,119,6,113
207000460,22,13,9
207000466,134,95,39
207000467,189,123,66
207000468,48,310,-262
207000476,8,64,-56
207000477,450,68,382
207000478,1,14,-13
207000523,0,15,-15
207000524,87,0,87
207000527,138,144,-6
207000530,489,14,475
207000531,280,24,256
207000532,109,19,90
207000534,387,53,334
207000535,52,247,-195
207000537,14,80,-66
207000540,6,161,-155
207000541,3,255,-252
207000548,6,237,-231
207000549,286,13,273
207000561,137,150,-13
207000562,45,166,-121
207000567,179,246,-67
207000568,177,92,85
207000569,449,552,-103
207000584,288,155,133
207000585,50,263,-213
207000587,127,32,95
207000616,0,140,-140
207000617,121,0,121
207000624,56,42,14
207000631,12,65,-53
207900008,256,124,132
208000001,546,837,-291
208000002,670,509,161
208000003,1060,537,523
208000004,1079,628,451
208000005,10,11,-1
208000019,497,948,-451
208000020,112,493,-381
208000021,259,342,-83
208000022,991,441,550
208000028,923,663,260
208000033,527,346,181
208000034,998,1035,-37
208000037,221,15,206
208000040,137,196,-59
208000041,806,517,289
208000042,1228,626,602
208000047,160,269,-109
208000064,2217,1338,879
208000066,1616,2134,-518
208000070,293,364,-71
208000071,340,815,-475
208000072,319,1305,-986
208000080,257,298,-41
208000081,346,132,214
208000082,263,251,12
208000083,100,434,-334
208000084,12,19,-7
208000085,850,689,161
208000086,436,1083,-647
208000087,301,878,-577
208000089,1088,327,761
208000090,949,553,396
208000093,280,189,91
208000094,536,382,154
208000095,471,342,129
208000104,784,914,-130
208000105,529,1011,-482
208000114,100,297,-197
208000115,390,255,135
208000116,469,896,-427
208000117,196,234,-38
208000118,79,118,-39
208000155,685,1035,-350
208000158,1221,3231,-2010
208000186,3801,4193,-392
208000204,575,866,-291
208000205,1160,906,254
208000282,6000,2690,3310
209000004,193,151,42
209000005,68,23,45
209000006,392,118,274
209000007,237,220,17
209000010,354,112,242
209000011,128,210,-82
209000012,87,76,11
209000013,183,267,-84
209000014,608,761,-153
209000025,285,45,240
209000026,659,122,537
209000027,605,690,-85
209000028,497,565,-68
209000029,584,498,86
209000030,572,1010,-438
209000031,2107,1520,587
209000034,123,186,-63
209000035,84,140,-56
209000036,140,122,18
209000037,225,214,11
209000038,102,150,-48
209000039,48,141,-93
209000040,165,433,-268
209000041,132,409,-277
209000042,216,355,-139
209000043,586,856,-270
209000044,178,612,-434
209000045,1531,434,1097
209000046,604,430,174
209000047,409,175,234
209000048,476,230,246
209000049,99,102,-3
209000050,215,138,77
209000051,305,292,13
209000052,170,283,-113
209000062,34,107,-73
209000063,58,80,-22
209000064,50,78,-28
209000065,59,31,28
209000066,55,37,18
209000067,71,36,35
209000080,36,231,-195
209000082,62,57,5
209000091,31,81,-50
209000093,38,19,19
209000094,223,164,59
209000110,37,96,-59
209000111,327,1049,-722
209000112,651,472,179
209000113,1087,400,687
209000114,467,323,144
209000115,88,158,-70
209000116,663,391,272
209000118,28,39,-11
209000119,56,19,37
209000121,116,320,-204
209000135,44,168,-124
209000142,445,1059,-614
209000143,80,55,25
209000144,34,77,-43
209000229,215,153,62
209000240,95,315,-220
209000259,120,118,2
209000260,38,734,-696
209000261,1,397,-396
209000262,0,301,-301
209000263,0,153,-153
209000264,0,54,-54
209000265,474,7,467
209000266,107,2,105
209000267,746,7,739
209000268,484,32,452
210000037,70,24,46
210000047,66,30,36
210000048,119,19,100
210000049,51,20,31
210000052,50,81,-31
210000053,51,36,15
210000054,89,51,38
210000070,125,3,122
210000071,87,0,87
210000072,41,0,41
210000073,0,17,-17
210000074,0,74,-74
210000075,1,87,-86
210000076,3,113,-110
210000077,26,27,-1
210000078,37,16,21
210000079,22,18,4
210000080,108,43,65
210000081,174,15,159
210000082,158,1,157
210000083,78,0,78
210000084,28,0,28
210000085,2,53,-51
210000086,3,83,-80
210000099,19,227,-208
210000100,39,149,-110
210000101,74,174,-100
210000105,33,168,-135
210000159,1,153,-152
210000163,110,192,-82
210000164,211,162,49
210000168,113,43,70
210000187,0,10,-10
210000188,0,26,-26
210000214,44,0,44
210000219,33,46,-13
210000220,81,29,52
210000232,2,24,-22
210000233,35,38,-3
210000234,25,99,-74
210000235,22,60,-38
210000245,0,39,-39
210000246,22,25,-3
210000258,9,75,-66
210000259,299,58,241
210000282,92,232,-140
210000285,1,112,-111
210000286,13,125,-112
210000290,4,6,-2
210000295,39,105,-66
210000296,34,22,12
210000320,133,36,97
210000321,101,55,46
210000338,43,41,2
210000339,276,907,-631
210000340,103,287,-184
210000341,196,179,17
210000342,160,137,23
210000343,133,139,-6
210000344,232,87,145
210000345,124,135,-11
210000346,48,67,-19
210000347,78,30,48
210000348,90,10,80
210000349,51,15,36
210000350,90,46,44
210000351,109,88,21
210000352,49,70,-21
210000353,52,80,-28
210000354,59,81,-22
210000355,46,71,-25
210000356,21,29,-8
210000357,60,24,36
210000358,155,109,46
210000359,74,77,-3
210000360,132,91,41
210000361,177,124,53
210000362,200,169,31
210000363,739,247,492
210000364,113,120,-7
210000365,117,47,70
210000366,94,49,45
210000367,104,27,77
210000368,112,16,96
210000369,14,8,6
210000370,29,31,-2
210000372,18,38,-20
210000373,44,31,13
210000374,40,8,32
210000375,32,60,-28
210000376,50,99,-49
210000404,47,87,-40
210000439,31,21,10
210000472,93,2,91
210000482,72,116,-44
210000564,359,245,114
210000567,0,30,-30
210000568,273,3,270
211000092,45,30,15
211000094,28,15,13
211000169,197,13,184
211000172,15,254,-239
211000209,0,16,-16
211000226,11,22,-11
211000270,20,21,-1
211000275,15,11,4
211000276,41,15,26
211000279,13,16,-3
211000281,51,30,21
211000302,34,73,-39
211507980,2,24,-22
211977296,29,11,18
212000003,98,39,59
212000004,45,17,28
212000005,19,37,-18
212000006,41,32,9
212000008,162,198,-36
212000009,25,88,-63
212000012,43,63,-20
212000013,27,38,-11
212000014,174,114,60
212000015,254,220,34
212000016,317,449,-132
212000027,381,323,58
212000028,277,371,-94
212000029,174,262,-88
212000030,52,28,24
212000031,52,54,-2
212000048,60,97,-37
212000049,20,99,-79
212000050,30,9,21
212000051,168,159,9
212000052,138,207,-69
212000053,335,492,-157
212000054,157,91,66
212000055,155,204,-49
212000056,13,38,-25
212000057,10,19,-9
212000058,178,25,153
212000070,107,150,-43
212000077,96,541,-445
212000099,157,225,-68
212000108,141,127,14
212000111,122,104,18
212000120,79,61,18
212000138,63,26,37
212000156,9,82,-73
212000158,8,11,-3
212000159,225,38,187
212000160,420,222,198
212000161,32,12,20
212000310,47,10,37
212000311,8,56,-48
212000374,23,12,11
213000001,32,320,-288
213000005,302,123,179
213000006,779,246,533
213000007,149,10,139
213000009,729,422,307
213000010,129,252,-123
213000011,165,91,74
213000012,109,283,-174
213000014,77,7,70
213000015,158,8,150
213000016,306,2,304
213000017,90,0,90
213000018,7,159,-152
213000019,2,173,-171
213000020,98,293,-195
213000021,3,118,-115
213000023,233,120,113
213000033,282,1520,-1238
213000034,711,208,503
213000035,120,230,-110
213000045,142,266,-124
213000046,175,147,28
213000047,773,1216,-443
213000056,64,23,41
213000069,86,0,86
213000073,1,21,-20
213000074,46,275,-229
213000075,537,14,523
213000076,43,2,41
213000085,10,44,-34
213000086,21,154,-133
213000091,128,13,115
213000092,60,14,46
213000099,181,1068,-887
213000100,1030,185,845
213000101,274,157,117
213000102,424,278,146
213000103,683,801,-118
213000104,54,327,-273
213000105,2,166,-164
213000106,28,105,-77
213000107,168,447,-279
213000108,37,424,-387
213000109,9,256,-247
213000110,6,72,-66
213000111,9,60,-51
213000112,189,71,118
213000115,87,5,82
213000116,33,392,-359
213000117,8,622,-614
213000118,267,181,86
213000119,44,636,-592
213000120,110,460,-350
213000122,147,440,-293
213000123,353,1124,-771
213000124,113,1016,-903
213000125,96,14,82
213000126,56,98,-42
213000127,133,174,-41
213000128,409,889,-480
213000129,226,464,-238
213000130,326,263,63
213000132,249,91,158
213000133,407,107,300
213000134,632,33,599
213000136,422,34,388
213000137,519,93,426
213000139,405,27,378
213000147,42,4,38
213000148,24,5,19
213000149,49,4,45
213000150,1,101,-100
213000151,3,70,-67
213000152,4,91,-87
213000153,4,50,-46
213000154,21,177,-156
213000155,22,179,-157
213000156,91,520,-429
213000157,411,369,42
213000158,252,654,-402
213000159,397,511,-114
213000163,662,82,580
213000165,552,198,354
213000171,54,133,-79
213000172,43,298,-255
213000173,11,109,-98
213000174,1,22,-21
213000175,23,30,-7
213000176,7,129,-122
213000177,0,12,-12
213000178,28,6,22
213000179,152,52,100
213000180,162,87,75
213000184,87,318,-231
213000188,280,103,177
213000189,212,42,170
213000190,799,756,43
213000191,291,383,-92
213000192,194,365,-171
213000193,806,195,611
213000194,0,77,-77
213000195,10,404,-394
213000196,233,1010,-777
213000197,355,488,-133
213000198,47,1,46
213000200,121,848,-727
213000201,93,49,44
213000202,17,490,-473
213000203,3082,583,2499
213000204,612,84,528
213000205,152,99,53
213000206,324,48,276
213000207,145,9,136
213000208,114,2,112
213000209,159,1,158
213000210,405,3,402
213000211,3,29,-26
213000212,15,36,-21
213000213,25,31,-6
213000218,182,533,-351
213000219,344,20,324
213000220,349,11,338
213000223,201,225,-24
213000224,37,53,-16
213000225,75,9,66
213000226,62,21,41
213000227,710,205,505
213000228,369,91,278
213000229,405,22,383
213000230,410,38,372
213000232,60,869,-809
213000233,4,30,-26
213000234,2,44,-42
213000293,31,81,-50
213000294,118,11,107
213000295,36,76,-40
213000296,44,32,12
213000297,13,73,-60
213000298,59,74,-15
213000299,68,47,21
213000300,73,11,62
213000303,33,29,4
213000304,5,3,2
213000305,14,10,4
213000306,64,23,41
213000307,106,66,40
213000308,78,170,-92
213000309,164,59,105
213000310,356,140,216
213000311,332,588,-256
213000315,80,89,-9
213000316,134,62,72
213000322,36,27,9
213000323,10,16,-6
213000340,142,457,-315
213000341,357,133,224
213000346,244,179,65
213000347,622,268,354
213000348,10,69,-59
213000349,31,9,22
213000350,373,864,-491
213000366,53,228,-175
213000367,219,39,180
213000379,90,48,42
213000386,27,244,-217
213000406,51,254,-203
213000417,1051,453,598
213000425,93,32,61
213000426,77,27,50
213000427,29,145,-116
213000428,31,160,-129
213000429,28,8,20
213000430,112,596,-484
213000431,305,5,300
213000432,2,89,-87
213000433,12,110,-98
213000434,41,62,-21
213000435,87,84,3
213000439,43,24,19
213000441,3,1,2
213000443,487,305,182
213000445,0,62,-62
213000446,2,144,-142
213000447,4,38,-34
213000448,5,77,-72
213000449,199,6,193
213000450,13,36,-23
213000451,151,69,82
213000452,16,23,-7
213000453,38,211,-173
213000455,341,0,341
213000456,0,223,-223
213000481,28,13,15
213000482,92,5,87
213000489,279,53,226
213000491,4,164,-160
213000492,212,2,210
213000493,0,94,-94
213000494,123,66,57
213000495,0,10,-10
213000496,198,100,98
213000497,42,205,-163
213000498,117,147,-30
213000499,154,298,-144
213000500,240,42,198
213000501,92,16,76
213000502,148,76,72
213000503,6,47,-41
213000504,2,76,-74
213000505,4,104,-100
213000506,0,5,-5
213000507,0,112,-112
213900244,21,0,21
213900245,0,26,-26
218000003,27,51,-24
218000004,38,29,9
218000005,62,43,19
218000006,63,25,38
218000007,10,11,-1
218000012,170,161,9
218000013,131,108,23
218000014,348,424,-76
218000019,825,556,269
218000020,268,388,-120
218000040,8,0,8
218000046,20,84,-64
218000047,7,133,-126
218000048,20,78,-58
218000049,71,140,-69
218000050,244,222,22
218000051,57,218,-161
218000052,1,70,-69
218000053,2,9,-7
218000054,11,26,-15
218000055,8,5,3
218000056,12,22,-10
218000057,1,18,-17
218000064,1,2,-1
218000065,53,32,21
218000066,20,45,-25
218000067,35,84,-49
218000068,83,64,19
218000069,170,157,13
218000070,259,235,24
218000071,162,171,-9
218000072,262,183,79
218000078,744,714,30
218000079,51,85,-34
218000080,57,85,-28
218000081,211,156,55
218000082,23,102,-79
218000083,71,56,15
218000084,85,93,-8
218000085,135,309,-174
218000086,50,115,-65
218000087,203,135,68
218000090,9,133,-124
218000091,791,448,343
218000092,69,154,-85
218000093,91,51,40
218000094,475,678,-203
218000099,215,661,-446
218000100,254,328,-74
218000101,337,133,204
218000102,420,237,183
218000103,90,105,-15
218000104,95,32,63
218000105,15,21,-6
218000106,19,14,5
218000107,58,79,-21
218000108,4,52,-48
218000112,42,33,9
218000117,59,53,6
218000134,487,512,-25
218000135,33,59,-26
218000136,110,82,28
218000137,157,144,13
218000138,24,82,-58
218000139,125,293,-168
218000140,303,178,125
218000141,63,80,-17
218000142,170,139,31
218000143,71,190,-119
218000144,38,70,-32
218000145,233,296,-63
218000146,68,189,-121
218000151,4,24,-20
218000152,115,49,66
218000170,10,32,-22
218000171,35,7,28
218000172,35,5,30
218000173,25,10,15
218000174,21,4,17
218000176,156,17,139
218000177,276,141,135
218000178,50,150,-100
218000179,144,44,100
218000180,55,22,33
218000181,143,33,110
218000187,7,27,-20
218000188,19,61,-42
218000189,19,56,-37
218000190,2,10,-8
218000191,161,35,126
218000192,129,189,-60
218000193,378,297,81
218000194,59,231,-172
218000195,96,61,35
218000196,229,275,-46
218000197,232,318,-86
218000198,33,166,-133
218000199,31,46,-15
218000200,92,42,50
218000201,11,11,0
218000202,83,233,-150
218000207,6,27,-21
218000208,54,25,29
218000211,59,10,49
218000213,65,63,2
218000214,7,13,-6
218000215,35,58,-23
218000217,0,78,-78
218000218,104,55,49
218000219,56,29,27
218000220,64,284,-220
218000221,602,181,421
218000222,18,37,-19
218000223,24,229,-205
218000224,7,104,-97
218000225,140,13,127
218000226,135,35,100
218000232,38,52,-14
218000239,265,14,251
218000240,37,3,34
218000241,79,3,76
218000242,86,2,84
218000243,97,1,96
218000244,64,3,61
218000245,26,9,17
218000246,19,0,19
218000247,3,0,3
218000248,0,13,-13
218000249,0,2,-2
218000250,0,2,-2
218000251,4,14,-10
218000252,0,33,-33
218000253,2,27,-25
218000254,1,19,-18
218000255,2,9,-7
218000256,8,45,-37
218000267,467,928,-461
218000268,11,40,-29
218000269,4,3,1
218000270,131,64,67
218000271,18,45,-27
218000273,12,11,1
218000274,35,22,13
218000275,28,53,-25
218000276,23,54,-31
218000278,18,36,-18
218000279,49,48,1
218000280,6,45,-39
218000281,15,4,11
218000282,405,374,31
218000284,96,5,91
218000301,61,89,-28
218000302,102,47,55
218000303,41,39,2
218000316,571,1045,-474
218000317,868,1126,-258
218000318,498,818,-320
218000319,928,982,-54
218000320,696,591,105
218000338,77,35,42
218000345,113,72,41
218000346,66,164,-98
218000459,14,156,-142
218000490,55,31,24
218000501,72,19,53
218000502,21,57,-36
218000503,92,12,80
218000504,142,41,101
218000505,49,122,-73
218000506,24,270,-246
218000508,3,9,-6
218000510,168,12,156
218000520,87,102,-15
218000521,16,55,-39
218000522,0,138,-138
218000523,123,2,121
218000524,57,124,-67
218000525,108,5,103
218000526,44,103,-59
218000529,31,137,-106
218000531,15,24,-9
218000532,11,24,-13
218000534,131,32,99
218000537,57,34,23
218000538,86,163,-77
218000540,112,51,61
218000543,112,27,85
218000544,52,70,-18
218000545,45,47,-2
218000546,42,71,-29
218000547,90,117,-27
218000548,171,88,83
218000549,335,332,3
218000550,217,273,-56
218000551,114,959,-845
218000552,428,33,395
218000553,47,69,-22
218000554,57,20,37
218000555,40,36,4
218000556,161,198,-37
218000557,242,186,56
218000558,39,1,38
218000559,0,31,-31
218000560,0,13,-13
218000561,38,0,38
218000562,35,138,-103
218000563,167,15,152
218000564,5,87,-82
218000565,224,22,202
218000566,303,17,286
218000567,2,62,-60
218000568,5,1,4
218000569,14,87,-73
218000570,74,5,69
218000571,1,131,-130
218000572,141,2,139
218000573,20,93,-73
218000574,125,45,80
218000575,75,1,74
218000576,0,63,-63
218000577,73,1,72
218000578,0,65,-65
218000585,34,0,34
218000586,0,30,-30
218000587,9,10,-1
218000589,0,4,-4
218000590,4,13,-9
218000591,8,5,3
218000592,4,1,3
218000593,4,3,1
218000594,42,3,39
218000597,2,0,2
218000598,0,0,0
218000599,42,3,39
218000600,0,0,0
218000601,8,1,7
218000602,15,15,0
218000603,0,4,-4
218000604,7,3,4
218000605,0,43,-43
218000606,158,6,152
218000607,15,42,-27
218000608,27,82,-55
218000609,11,57,-46
218000610,31,45,-14
218000611,82,19,63
218000612,9,54,-45
218000613,93,51,42
218000614,8,30,-22
218000615,155,9,146
218000616,7,87,-80
218000617,52,3,49
218000618,1,37,-36
218000619,4,27,-23
218000620,10,11,-1
218000621,0,0,0
218000622,0,9,-9
218000623,92,1,91
218000624,11,19,-8
218000625,11,0,11
218000626,0,9,-9
218000628,126,43,83
218000631,70,25,45
218000632,2,108,-106
218000633,134,0,134
218000634,7,15,-8
218000635,6,7,-1
218000636,622,1024,-402
218000637,750,550,200
218000638,98,24,74
218000639,15,139,-124
218000640,180,40,140
218000641,99,214,-115
218000652,53,69,-16
218000653,144,31,113
218000663,11,289,-278
218000675,120,45,75
218000680,187,381,-194
218000681,474,156,318
218000691,214,220,-6
218000693,217,142,75
218000718,627,1195,-568
218000719,961,559,402
218000720,29,124,-95
218000721,221,25,196
218001147,6,187,-181
218001214,5,34,-29
218001258,217,6,211
218001329,133,109,24
218001330,206,87,119
218001351,35,38,-3
218001352,23,11,12
218001353,10,27,-17
218001354,25,21,4
218001355,42,226,-184
218001356,335,30,305
218001357,55,169,-114
218001358,279,30,249
218001361,379,7,372
218001362,0,216,-216
219000001,44,50,-6
219000002,45,63,-18
219000003,51,35,16
219000004,58,55,3
219000017,94,32,62
219000020,104,53,51
219000022,105,5,100
219000023,103,2,101
219000029,0,101,-101
219000034,66,18,48
219000039,129,95,34
219000040,36,43,-7
219000041,100,40,60
219000051,0,35,-35
219000052,0,17,-17
219000053,2,97,-95
219000055,210,4,206
219000056,8,0,8
219000057,85,0,85
219000062,20,68,-48
219000063,80,14,66
219000064,4,69,-65
219000110,453,42,411
219000111,81,52,29
219000112,153,66,87
219000113,128,38,90
219000114,176,68,108
219000116,82,47,35
219000117,171,54,117
219000118,138,48,90
219000123,249,72,177
219000124,91,58,33
219000125,22,18,4
219000126,102,115,-13
219000127,2,8,-6
219000128,23,101,-78
219000129,29,105,-76
219000130,620,527,93
219000131,762,861,-99
219000133,84,54,30
219000134,17,19,-2
219000135,35,63,-28
219000136,97,210,-113
219000138,46,24,22
219000139,32,53,-21
219000140,36,1,35
219000141,25,117,-92
219000142,6,102,-96
219000143,24,91,-67
219000145,12,31,-19
219000146,4,20,-16
219000147,2,27,-25
219000148,5,21,-16
219000149,21,61,-40
219000150,0,47,-47
219000151,3,30,-27
219000157,197,190,7
219000158,176,227,-51
219000161,111,17,94
219000163,1435,505,930
219000166,159,203,-44
219000167,170,200,-30
219000168,310,104,206
219000174,454,111,343
219000175,58,2,56
219000176,78,5,73
219000177,18,3,15
219000178,34,4,30
219000179,9,4,5
219000180,35,35,0
219000182,150,15,135
219000183,55,19,36
219000184,116,6,110
219000185,3,31,-28
219000186,46,41,5
219000187,24,64,-40
219000189,138,183,-45
219000190,76,278,-202
219000191,1035,1157,-122
219000192,182,127,55
219000193,246,161,85
219000195,0,81,-81
219000196,5,115,-110
219000198,29,117,-88
219000199,69,196,-127
219000200,51,182,-131
219000201,88,207,-119
219000203,46,136,-90
219000204,234,191,43
219000205,87,145,-58
219000207,177,174,3
219000209,14,52,-38
219000210,64,86,-22
219000213,16,134,-118
219000239,204,232,-28
219000240,192,273,-81
219000241,120,149,-29
219000242,99,129,-30
219000243,89,190,-101
219000244,16,81,-65
219000245,56,57,-1
219000246,48,30,18
219000247,143,34,109
219000248,485,332,153
219000249,145,122,23
219000250,111,107,4
219000251,484,193,291
219000252,253,142,111
219000253,384,96,288
219000255,102,78,24
219000256,213,70,143
219000257,103,0,103
219000262,97,150,-53
219000263,72,142,-70
219000267,3,109,-106
219000268,2,2,0
219000269,7,5,2
219000270,20,0,20
219000271,136,0,136
219000278,0,9,-9
219000279,2,4,-2
219000283,0,10,-10
219000295,13,89,-76
219000296,47,389,-342
219000297,12,126,-114
219000298,32,142,-110
219000299,390,85,305
219000300,30,194,-164
219000301,222,378,-156
219000302,50,271,-221
219000307,47,53,-6
219000308,48,40,8
219000311,164,53,111
219000312,556,112,444
219000313,334,42,292
219000314,69,393,-324
219000315,227,31,196
219000316,378,61,317
219000317,82,9,73
219000320,1,69,-68
219000321,1,23,-22
219000323,6,42,-36
219000325,1,15,-14
219000326,59,72,-13
219000327,52,24,28
219000328,48,44,4
219000329,282,130,152
219000330,34,29,5
219000331,44,58,-14
219000332,96,79,17
219000333,11,4,7
219000335,45,0,45
219000337,10,0,10
219000338,69,1,68
219000344,22,68,-46
219000345,45,114,-69
219000346,19,100,-81
219000348,191,112,79
219000349,64,129,-65
219000350,177,182,-5
219000351,9,3,6
219000352,540,61,479
219000353,89,56,33
219000354,130,111,19
219000355,169,84,85
219000356,1159,1298,-139
219000363,219,56,163
219000364,77,64,13
219000365,122,34,88
219000366,222,285,-63
219000368,388,549,-161
219000370,1222,502,720
219000371,16,21,-5
219000382,30,24,6
219000383,832,893,-61
219000385,368,380,-12
219000386,701,1285,-584
219000387,2,9,-7
219000390,8,0,8
219000391,3,2,1
219000397,54,51,3
219000398,97,43,54
219000401,17,93,-76
219000402,36,67,-31
219000403,180,302,-122
219000404,30,140,-110
219000407,1,26,-25
219000409,54,50,4
219000410,90,29,61
219000411,75,17,58
219000446,148,281,-133
219000447,10,21,-11
219000448,9,3,6
219000452,185,87,98
219000453,112,133,-21
219000454,142,254,-112
219000556,205,87,118
219000558,147,180,-33
219000590,34,120,-86
219000591,68,66,2
219000592,126,300,-174
219000595,1,7,-6
219000635,156,27,129
219000636,17,80,-63
219000657,23,11,12
219000658,50,76,-26
219000673,0,30,-30
219000676,8,3,5
219000679,42,3,39
219000684,84,2,82
219000685,3,51,-48
219000686,3,1,2
219000688,0,81,-81
219000689,14,230,-216
219000690,145,26,119
219000691,59,134,-75
219000692,130,31,99
219000693,0,13,-13
219000694,4,0,4
219000695,15,0,15
219000698,10,0,10
219000699,0,10,-10
219000727,2,118,-116
219000728,68,2,66
219000770,25,0,25
219000771,0,20,-20
219000788,499,274,225
219001150,3,25,-22
219001151,1,2,-1
219001166,50,23,27
219001167,6,82,-76
219001178,22,0,22
220000001,29,49,-20
220000002,3,60,-57
220000003,249,136,113
220000004,411,377,34
220000005,1290,1195,95
220000006,368,793,-425
220000007,432,476,-44
220000008,309,683,-374
220000009,238,258,-20
220000010,223,124,99
220000011,393,2141,-1748
220000012,173,476,-303
220000014,680,381,299
220000015,65,194,-129
220000017,33,126,-93
220000018,2856,1018,1838
220000019,63,223,-160
220000020,309,254,55
220000021,584,156,428
220000022,644,394,250
220000023,310,152,158
220000024,1133,354,779
220000025,472,744,-272
220000026,230,178,52
220000027,24,84,-60
220000028,47,49,-2
220000029,306,321,-15
220000030,191,94,97
220000031,313,261,52
220000064,20,733,-713
221000046,5,0,5
221000047,0,1,-1
221000048,0,3,-3
221000049,1,11,-10
221000050,6,0,6
221000055,39,35,4
221000057,65,11,54
221000068,265,137,128
221000069,217,57,160
221000070,163,22,141
221000071,60,4,56
221000072,142,14,128
221000073,119,40,79
221000074,2,9,-7
221000075,15,8,7
221000076,8,27,-19
221000077,17,75,-58
221000081,27,1,26
221000082,56,3,53
221000083,66,1,65
221000084,14,10,4
221000085,14,44,-30
221000086,11,100,-89
221000087,6,149,-143
221000088,10,144,-134
221000089,31,197,-166
221000090,119,503,-384
221000098,87,6,81
221000099,141,11,130
221000100,82,5,77
221000101,183,25,158
221000102,84,14,70
221000109,1,70,-69
221000110,7,80,-73
221000111,15,161,-146
221000112,5,178,-173
221000113,18,140,-122
221000114,8,135,-127
221000120,55,16,39
221000121,4,41,-37
221000122,18,24,-6
221000123,33,18,15
221000124,46,108,-62
221000155,47,19,28
221000156,59,24,35
221000175,1,9,-8
221000176,0,7,-7
221000182,38,0,38
221000241,725,275,450
221000242,131,397,-266
221000243,633,174,459
221000244,254,460,-206
221000245,111,104,7
221000246,39,264,-225
221000247,92,138,-46
221000248,109,165,-56
221000267,43,400,-357
221000325,102,36,66
221000331,5,36,-31
221000338,12,8,4
221000378,123,34,89
221000381,55,58,-3
222000282,4,0,4
222000296,3,21,-18
222000568,222,17,205
222000569,141,35,106
222000570,83,13,70
222000571,142,14,128
222000577,8,126,-118
222000578,32,163,-131
222000579,56,135,-79
222000580,81,751,-670
222000599,0,117,-117
222000600,3,252,-249
222000601,9,739,-730
222000603,17,38,-21
222000604,7,23,-16
222000605,6,7,-1
222000606,1,6,-5
222000607,3,4,-1
222000608,32,6,26
222000609,71,174,-103
222000616,230,40,190
222000617,6,12,-6
222000618,21,3,18
222000620,19,10,9
222000621,78,12,66
222000623,523,8,515
222000624,306,6,300
222000625,422,10,412
222000636,42,4,38
222000686,19,2,17
222000687,28,25,3
222001066,117,3,114
222001067,7,3,4
222001068,24,9,15
222001069,17,16,1
222001082,8,41,-33
222001083,17,34,-17
222001084,0,50,-50
222001085,0,75,-75
222001111,24,135,-111
222001112,63,12,51
222001313,32,22,10
222001314,6,108,-102
222001464,125,46,79
222001465,29,119,-90
222001484,96,52,44
222001485,22,51,-29
222001494,323,104,219
222001495,175,206,-31
222001496,240,81,159
222001497,130,339,-209
222001502,15,75,-60
222001503,74,25,49
222001504,8,248,-240
222001505,205,13,192
222001506,50,318,-268
222001507,255,14,241
222001510,269,28,241
222001511,45,271,-226
222001514,387,134,253
222001515,220,405,-185
222001518,206,67,139
222001519,59,186,-127
222001527,189,53,136
222001528,49,145,-96
222001529,149,45,104
222001530,69,170,-101
222001533,132,218,-86
222001534,161,53,108
222001535,201,223,-22
222001536,82,210,-128
222001537,228,46,182
222001538,72,333,-261
222001563,478,87,391
222001564,66,469,-403
222001568,271,121,150
222001576,0,3,-3
222001579,0,6,-6
222001583,18,98,-80
222001584,74,28,46
222001596,478,844,-366
222001597,1179,277,902
222001626,1,96,-95
222001650,40,108,-68
222001651,41,113,-72
222001914,140,54,86
222001915,47,179,-132
222001968,352,263,89
222001969,491,536,-45
222001970,119,160,-41
222001971,8,7,1
222001972,1,13,-12
225000001,319,147,172
225000002,426,104,322
225000003,497,51,446
225000004,245,142,103
225000005,79,51,28
225000006,0,147,-147
225000007,1043,1204,-161
225000010,210,14,196
225000011,288,875,-587
225000012,172,439,-267
225000013,124,106,18
225000014,667,52,615
225000015,97,166,-69
225000021,506,144,362
225000027,225,375,-150
225000032,555,110,445
225000042,72,492,-420
225000049,26,49,-23
225000050,47,7,40
225000053,7,218,-211
225000058,545,136,409
225000067,165,138,27
225000068,68,212,-144
225000069,122,321,-199
225000070,67,263,-196
225000071,35,118,-83
225000075,17,655,-638
225000076,54,117,-63
225000078,58,43,15
225000085,34,147,-113
225000086,188,71,117
225000087,169,10,159
225000088,7,123,-116
225000089,306,831,-525
225000090,34,315,-281
225000091,154,125,29
225000092,28,57,-29
225000093,129,220,-91
225000094,21,238,-217
225000095,255,325,-70
225000096,405,393,12
225000098,491,280,211
225000099,274,187,87
225000100,272,127,145
225000104,118,433,-315
225000110,6,301,-295
225000111,241,776,-535
225000112,242,911,-669
225000113,150,481,-331
225000114,47,239,-192
225000115,1386,544,842
225000116,939,159,780
225000117,734,255,479
225000118,728,212,516
225000119,176,51,125
225000120,560,34,526
225000121,310,17,293
225000123,552,18,534
225000125,272,162,110
225000126,621,177,444
225000127,626,655,-29
225000128,516,519,-3
225000132,191,23,168
225000133,134,28,106
225000134,437,128,309
225000135,35,12,23
225000136,280,14,266
225000137,171,33,138
225000138,273,46,227
225000143,45,137,-92
225000144,5,311,-306
225000145,39,29,10
225000146,35,121,-86
225000147,33,190,-157
225000148,5,200,-195
225000149,61,437,-376
225000151,46,156,-110
225000155,497,458,39
225000156,202,681,-479
225000157,182,322,-140
225000158,60,265,-205
225000171,3,142,-139
225000180,84,34,50
225000181,1,61,-60
225000182,92,24,68
225000185,15,369,-354
225000187,44,252,-208
225000191,128,6,122
225000194,0,12,-12
225000208,2,43,-41
225000209,62,22,40
225000210,13,173,-160
225000217,0,14,-14
225000218,23,1,22
225000223,0,49,-49
225000224,81,2,79
225000225,1,16,-15
225000226,37,1,36
225000227,32,80,-48
225000228,23,8,15
225000229,0,76,-76
225000230,10,0,10
225000231,0,65,-65
225000232,107,0,107
225000241,84,0,84
225000242,0,53,-53
225000249,6,0,6
225000250,38,604,-566
225000251,266,22,244
226000042,112,222,-110
226000043,105,309,-204
226000044,115,503,-388
226000045,114,528,-414
226000046,330,86,244
226000047,415,74,341
226000048,303,71,232
226000049,253,125,128
226000070,0,10,-10
226000071,0,51,-51
226000072,0,25,-25
226000073,1,7,-6
226000074,0,3,-3
226000084,2,18,-16
226000085,1,17,-16
226000086,3,7,-4
226000087,2,9,-7
226000088,63,9,54
226000090,174,72,102
226000091,18,30,-12
226000092,6,2,4
226000093,45,0,45
226000094,16,3,13
226000095,17,20,-3
226000105,5,2,3
226000106,5,2,3
226000107,4,0,4
226000108,19,1,18
226000109,45,0,45
226000124,78,84,-6
226000134,422,360,62
226000135,902,483,419
226000136,337,343,-6
226000137,3,149,-146
226000138,5,271,-266
226000139,11,95,-84
226000156,107,1,106
226000157,110,4,106
226000163,214,325,-111
226000202,5,298,-293
226000231,351,8,343
226000232,18,6,12
227000037,269,36,233
227000038,343,55,288
227000049,0,21,-21
227000050,0,66,-66
227000055,91,1,90
227000056,24,0,24
227000084,1,62,-61
227000085,1,41,-40
227000088,68,10,58
227000089,156,3,153
227000090,41,4,37
227000091,9,1,8
227000093,121,1,120
227000094,18,0,18
227000130,33,67,-34
227000131,19,195,-176
227000132,25,177,-152
227000133,11,151,-140
227000134,28,288,-260
227000152,0,7,-7
227000153,0,43,-43
227000155,1,19,-18
227000156,7,8,-1
227000165,7,24,-17
227000196,36,249,-213
227000199,225,26,199
227000230,24,392,-368
227000232,250,19,231
227000241,291,41,250
227000242,62,412,-350
227000243,439,116,323
227000244,254,93,161
227000245,20,220,-200
227000246,86,421,-335
227000247,241,64,177
227000248,205,23,182
227000249,49,187,-138
227000251,156,242,-86
227000252,14,255,-241
227000253,106,22,84
227000262,281,60,221
227000266,656,20,636
227000267,32,882,-850
227000486,426,163,263
227000655,237,4,233
227000661,96,20,76
227000680,187,17,170
229000265,8,25,-17
229000296,0,7,-7
229000297,4,27,-23
229000298,7,93,-86
229000320,6,15,-9
229000321,11,2,9
229000412,25,25,0
229000414,4,30,-26
229000415,34,1,33
229000416,5,0,5
229000417,2,10,-8
229000419,50,127,-77
229000440,247,58,189
229000442,14,1,13
229000443,19,3,16
229000444,0,10,-10
229000445,56,4,52
229000446,60,7,53
229000847,34,1,33
229000848,5,0,5
229000849,41,1,40
229000851,11,0,11
229000854,1,22,-21
229000856,2,61,-59
229000857,0,25,-25
229000858,0,30,-30
229000919,18,80,-62
229000930,3,183,-180
229000937,102,11,91
229000966,59,33,26
229000981,34,46,-12
229000985,2,14,-12
229000986,0,3,-3
229000987,0,1,-1
229000988,2,2,0
229000989,4,1,3
229000990,0,0,0
229000991,0,0,0
229000992,6,5,1
229000993,83,19,64
229000998,18,37,-19
229000999,52,12,40
229001034,1,9,-8
229001035,1,0,1
229001037,36,9,27
229001042,9,20,-11
229001047,1,29,-28
229001050,47,27,20
229001200,15,0,15
229001338,12,12,0
229001394,190,5,185
229001422,97,13,84
229001423,26,126,-100
229001431,54,63,-9
229001432,68,82,-14
229001444,118,45,73
229001445,19,112,-93
229001503,143,92,51
229001504,146,195,-49
229001505,140,74,66
229001506,55,119,-64
229001509,49,22,27
229001545,82,4,78
229001546,8,117,-109
229001553,83,17,66
229001554,27,88,-61
229001559,3,3,0
229001560,4,19,-15
229001630,44,13,31
229001631,7,22,-15
229001635,2,8,-6
229001636,8,1,7
229001658,0,99,-99
229001659,60,7,53
229001660,17,3,14
229001661,10,20,-10
229001662,16,1,15
229001663,0,17,-17
229002584,70,105,-35
229002831,100,77,23
229002841,5,8,-3
229002842,14,14,0
229002843,44,17,27
229002844,26,25,1
229002845,39,46,-7
229002846,26,9,17
229002847,0,4,-4
229002848,25,9,16
229002849,0,42,-42
229002850,23,2,21
229002851,25,62,-37
229002852,127,26,101
229002853,63,3,60
229002854,33,32,1
229002855,8,13,-5
229002856,28,20,8
229002857,7,51,-44
229002858,14,5,9
229002859,35,31,4
229002860,135,14,121
229002861,52,27,25
229002862,30,10,20
229002863,15,4,11
229002864,28,22,6
229002865,11,2,9
229002866,25,11,14
229002867,0,13,-13
229002868,6,6,0
229002869,12,82,-70
229002870,22,10,12
235000066,417,66,351
235000067,87,102,-15
235000072,29,59,-30
235000073,63,221,-158
235000074,21,72,-51
235000080,23,82,-59
235000081,86,106,-20
235000082,149,36,113
235000083,131,64,67
235000084,44,43,1
235000085,157,62,95
235000089,23,44,-21
235000092,21,135,-114
235000093,8,8,0
235000097,3,7,-4
235000098,44,15,29
235000099,27,19,8
235000116,78,23,55
235000117,538,12,526
235000133,9,320,-311
235000134,13,148,-135
235000206,11,1,10
235000207,4,3,1
235000208,5,2,3
235000209,7,1,6
235000210,9,3,6
235000212,0,21,-21
235000213,3,3,0
235000220,3,3,0
235000221,49,14,35
235000238,9,63,-54
235000239,1,9,-8
235000242,224,414,-190
235000245,481,167,314
235000246,10,58,-48
235000284,7,90,-83
235000295,86,12,74
235000305,247,17,230
235000306,185,4,181
235000307,17,1,16
235000308,28,0,28
235000309,38,0,38
235000310,15,1,14
235000311,118,8,110
235000322,0,25,-25
235000323,0,32,-32
235000324,0,15,-15
235000325,1,15,-14
235000326,8,153,-145
235000351,10,40,-30
235000352,5,22,-17
235000353,4,14,-10
235000354,6,23,-17
235000355,2,27,-25
235000356,109,14,95
235000357,15,9,6
235000358,99,5,94
235000359,14,5,9
235000360,40,16,24
235000361,43,10,33
235000381,62,137,-75
235000382,130,30,100
235000390,13,5,8
235000391,164,15,149
235000392,124,257,-133
235000393,98,116,-18
235000395,76,39,37
235000396,373,61,312
235000400,52,58,-6
235000401,7,72,-65
235000405,117,170,-53
235000406,68,152,-84
235000407,52,70,-18
235000409,126,95,31
235000410,48,179,-131
235000411,0,64,-64
235000485,0,12,-12
235000486,5,0,5
235000549,58,82,-24
235000550,70,114,-44
235000599,68,36,32
235000600,8,11,-3
235000601,9,20,-11
235000602,55,64,-9
235000614,8,5,3
235000648,0,10,-10
235000649,45,5,40
235000685,0,3,-3
235000815,9,33,-24
235000834,0,7,-7
235000855,35,62,-27
235000862,60,95,-35
235000891,0,7,-7
235000892,16,4,12
235000901,39,67,-28
235000907,3,9,-6
235001010,57,76,-19
235001029,336,318,18
235001030,272,196,76
235001078,116,109,7
235001079,42,60,-18
235001147,27,28,-1
235001166,2,55,-53
235001167,50,27,23
235001169,20,245,-225
235001188,0,3,-3
235001189,0,1,-1
235001197,8,22,-14
235001200,44,40,4
235001207,296,47,249
235001210,96,167,-71
235001215,34,163,-129
235001239,1,37,-36
235001244,0,11,-11
235016267,0,17,-17
277102712,1,0,1
277103813,0,0,0
277104249,0,4,-4
277104250,0,9,-9
277104251,0,9,-9
277104252,0,2,-2
990011530,0,158,-158
990014944,1,389,-388
990015176,18,12,6
990016032,0,189,-189
990032570,0,31,-31
990070001,38,0,38
990070103,0,1,-1
990070601,0,21,-21
990070751,628,0,628
990070766,1,344,-343
990071180,395,203,192
990071343,20,2,18
990071387,0,10,-10
990071823,20,2,18
990072600,2,598,-596
990072964,0,266,-266
990073285,0,4,-4
990074393,0,527,-527
990074870,1237,6,1231
990075106,1237,6,1231
990075746,390,11,379
990076437,810,32,778
990076458,1,604,-603
997000007,485,5,480
997000041,0,129,-129
997000058,39,0,39
997000062,15,0,15
997000069,0,5,-5
997000070,0,16,-16
997000100,25,2,23
997000141,1,735,-734
997000198,127,751,-624
998000475,0,13,-13
998000736,0,126,-126
998000965,0,8,-8
998001031,0,69,-69
998001700,0,12,-12
998001899,0,1,-1
998001900,9,2,7
998003073,530,4,526
998101900,0,0,0
998102850,2,109,-107
998501927,843,516,327
998501929,62,1,61
998501930,29,0,29
998501931,229,40,189
998501932,5,1,4
998501933,55,4,51
998501937,13,1,12
998501944,5,0,5
998501950,0,4,-4
998501970,29,5,24
998501971,0,61,-61
998501973,0,27,-27
998501974,0,214,-214
998501975,96,30,66
998501976,126,10,116
998501977,0,18,-18
998501978,29,1,28
998501979,0,8,-8
998501980,30,1,29
998501981,39,2,37
998501982,0,43,-43
998501983,0,1,-1
998502006,0,0,0
998502024,0,9,-9
998502032,0,3,-3
998502062,13,0,13
998502063,0,0,0
998502173,28,1,27
998502269,0,10,-10
998502546,1,116,-115
998502578,6,1,5
998502599,31,193,-162
998502621,0,5,-5
998601159,0,122,-122
998601292,0,17,-17
999033574,0,390,-390
999800001,22,1,21
999800002,0,3,-3
999800003,1,2,-1
999800004,0,1,-1
999800005,0,4,-4
