ID,insum,outsum,diff
100000001,897,615,282
100000002,3836,5600,-1764
100000003,3487,5474,-1987
100000004,222,981,-759
100000005,2297,3961,-1664
100000006,496,285,211
100000007,2084,862,1222
100000008,65,803,-738
100000009,319,391,-72
100000010,9,82,-73
100000011,411,149,262
100000012,35,801,-766
100000013,33,251,-218
100000014,183,572,-389
100000015,1328,1895,-567
100000016,453,1674,-1221
100000017,491,1392,-901
100000018,785,834,-49
100000019,2966,2494,472
100000020,1072,5375,-4303
100000021,4440,1648,2792
100000022,689,3217,-2528
100000023,3688,1215,2473
100000025,330,1841,-1511
100000028,371,1710,-1339
100000029,37,833,-796
100000030,39,57,-18
100000031,1356,5435,-4079
100000032,1650,3913,-2263
100000033,1077,3244,-2167
100000034,143,1516,-1373
100000035,802,1316,-514
100000036,525,1602,-1077
100000037,588,372,216
100000038,2002,1012,990
100000039,231,314,-83
100000040,270,167,103
100000041,1213,464,749
100000042,906,304,602
100000043,706,432,274
100000044,162,597,-435
100000045,253,517,-264
100000046,350,434,-84
100000047,152,272,-120
100000048,185,600,-415
100000049,1201,903,298
100000051,474,543,-69
100000053,63,7,56
100000054,207,22,185
100000055,494,306,188
100000056,306,615,-309
100000057,1677,438,1239
100000058,556,634,-78
100000059,5,182,-177
100000060,611,231,380
100000061,1838,476,1362
100000062,1499,587,912
100000063,758,336,422
100000064,990,582,408
100000065,224,711,-487
100000066,145,463,-318
100000067,170,499,-329
100000068,280,1126,-846
100000069,294,1054,-760
100000072,155,343,-188
100000073,736,678,58
100000075,747,150,597
100000076,1006,4327,-3321
100000077,54,485,-431
100000078,4,52,-48
100000079,10,58,-48
100000080,11,70,-59
100000081,43,201,-158
100000102,2773,6035,-3262
100000103,1136,1568,-432
100000104,2836,2044,792
100000105,1031,1875,-844
100000106,698,4021,-3323
100000107,99,1503,-1404
100000108,163,991,-828
100000109,607,1535,-928
100000116,310,503,-193
100000117,44,150,-106
100000118,451,995,-544
100000119,645,985,-340
100000121,116,497,-381
100000122,401,1945,-1544
100000123,895,2644,-1749
100000124,1772,2784,-1012
100000125,4853,1905,2948
100000126,511,928,-417
100000127,823,692,131
100000128,653,2472,-1819
100000129,318,828,-510
100000130,490,163,327
100000131,610,1218,-608
100000132,500,1460,-960
100000133,1230,821,409
100000135,725,1203,-478
100000139,163,538,-375
100000140,100,144,-44
100000142,422,589,-167
100000143,1164,292,872
100000144,1400,507,893
100000147,1214,3563,-2349
100000150,59,602,-543
100000151,381,2436,-2055
100000153,74,440,-366
100000154,12,443,-431
100000155,7,41,-34
100000156,197,299,-102
100000157,249,172,77
100000158,215,198,17
100000159,110,1249,-1139
100000165,410,549,-139
100000169,35,1671,-1636
100000174,206,1015,-809
100000179,53,748,-695
100000180,345,1540,-1195
100000181,246,307,-61
100000188,45,209,-164
100000189,779,389,390
100000190,356,1582,-1226
100000191,832,646,186
100000192,29,128,-99
100000193,183,222,-39
100000330,479,815,-336
100000355,136,569,-433
100000362,1857,939,918
100000363,5849,6751,-902
100000364,69,324,-255
100000365,4896,8321,-3425
100000366,1489,1032,457
100000367,3879,5837,-1958
100000368,2035,807,1228
100000369,478,2170,-1692
100000370,107,852,-745
100000376,66,205,-139
100000379,779,2768,-1989
100000380,2726,6872,-4146
100000384,4237,7089,-2852
100000385,897,4460,-3563
100000386,1706,6941,-5235
100000387,2100,6408,-4308
100000388,1471,4947,-3476
100000389,2785,6478,-3693
100000390,2269,4155,-1886
100000391,1646,7687,-6041
100000392,637,2591,-1954
100000393,451,5229,-4778
100000394,2107,5263,-3156
100000395,1052,5255,-4203
100000396,1438,2305,-867
100000397,1593,7181,-5588
100000398,4938,3481,1457
100000413,2,0,2
100000414,114,648,-534
100900002,6,9,-3
100900003,310,275,35
100900004,4,727,-723
100900005,112,29,83
100900006,16,13,3
100900007,96,0,96
100900008,1,315,-314
100900009,21,93,-72
100900010,82,11,71
100900011,196,63,133
100900012,1,82,-81
100900013,817,22,795
100900014,8,3,5
100900015,27,48,-21
100900016,1,16,-15
100900017,848,38,810
100900018,0,15,-15
100900019,22,50,-28
100900020,376,1,375
100900021,271,1,270
100900022,5,18,-13
100900023,0,18,-18
100900024,301,1,300
100900025,4,13,-9
100900026,99,49,50
100900027,403,1844,-1441
100900028,84,357,-273
100900029,60,3,57
100900030,4,340,-336
100900031,618,44,574
100900032,338,2,336
100900033,84,388,-304
100900034,1014,1,1013
100900035,94,0,94
100900036,4,0,4
100900037,137,106,31
100900038,34,124,-90
100900039,237,218,19
100900040,498,208,290
100900041,790,185,605
100900042,641,2014,-1373
100900043,0,27,-27
100900044,601,152,449
100900045,0,1,-1
100900046,700,30,670
100900047,375,122,253
100900048,128,18,110
100900049,50,58,-8
100900050,0,2,-2
100900051,46,83,-37
100900052,169,14,155
100900053,560,17,543
100900054,4,46,-42
100900055,249,924,-675
100900056,44,56,-12
100900057,1897,635,1262
100900058,89,51,38
100900059,64,11,53
100900060,148,11,137
100900061,109,85,24
100900062,1,59,-58
100900063,187,697,-510
100900064,506,22,484
100900065,53,123,-70
100900066,202,147,55
100900067,2,4,-2
100900068,92,116,-24
100900069,126,10,116
100900070,444,1,443
100900071,147,84,63
100900072,2,23,-21
100900073,78,170,-92
100900074,0,19,-19
100900075,1488,117,1371
100900076,2,16,-14
100900077,31,7,24
100900078,49,168,-119
100900079,3,59,-56
100900080,61,62,-1
100900081,17,63,-46
100900082,164,77,87
100900083,8,31,-23
100900085,17,487,-470
100900086,40,285,-245
100900088,129,100,29
100900089,1,14,-13
100900090,63,582,-519
100900091,4,6,-2
100900092,81,79,2
100900093,319,281,38
100900094,120,98,22
100900095,0,41,-41
100900096,23,246,-223
100900097,6,1,5
100900098,17,18,-1
100900099,8,306,-298
100900100,7,334,-327
100900101,169,30,139
100900102,5,65,-60
100900103,5,19,-14
100900104,5,178,-173
100900105,10,451,-441
100900106,10,13,-3
100900107,1596,906,690
100900108,8,15,-7
100900109,3,27,-24
100900110,1,16,-15
100900111,14,185,-171
100900112,1,28,-27
100900113,22,4,18
100900114,2,11,-9
100900115,13,25,-12
100900116,790,343,447
100900117,143,801,-658
100900118,4,12,-8
100900119,15,29,-14
100900120,18,3,15
100900121,219,288,-69
100900122,72,52,20
100900123,46,68,-22
100900124,1,13,-12
100900125,2,30,-28
100900126,235,100,135
100900127,4,2,2
100900128,59,350,-291
100900129,1,334,-333
100900131,13,146,-133
100900133,42,37,5
100900134,1,5,-4
100900135,1,438,-437
100900137,202,150,52
100900138,304,305,-1
100900139,2,14,-12
100900140,11,150,-139
100900141,3,634,-631
100900142,1,5,-4
100900143,186,421,-235
100900144,3,0,3
100900145,46,287,-241
100900147,7,1020,-1013
100900148,42,126,-84
100900149,10,79,-69
100900151,60,340,-280
100900152,109,3,106
100900153,1,220,-219
100900154,189,271,-82
100900155,2,13,-11
100900156,9,2,7
100900157,18,732,-714
100900159,3,86,-83
100900160,17,27,-10
100900161,34,5,29
100900162,12,367,-355
100900163,91,55,36
100900164,22,46,-24
100900165,3,20,-17
100900166,10,1,9
100900167,31,32,-1
100900168,21,158,-137
100900169,59,625,-566
100900170,12,5,7
100900171,55,439,-384
100900172,0,33,-33
100900173,4,63,-59
100900174,27,20,7
100900176,1325,143,1182
100900177,314,143,171
100900178,136,225,-89
100900179,252,295,-43
100900180,1,0,1
100900181,34,46,-12
100900182,17,14,3
100900184,10,72,-62
100900186,257,232,25
100900187,38,40,-2
100900188,14,9,5
100900189,1902,134,1768
100900191,342,1005,-663
100900192,79,450,-371
100900195,82,224,-142
100900197,15,65,-50
100900198,13,50,-37
100900199,13,0,13
100900200,649,312,337
100900201,46,505,-459
100900202,31,0,31
100900203,1,143,-142
100900204,23,535,-512
100900205,81,465,-384
100900206,194,92,102
100900207,204,118,86
100900210,103,90,13
100900211,337,135,202
100900213,132,54,78
100900214,236,137,99
100900215,17,34,-17
100900217,102,100,2
101000001,1357,1625,-268
101000002,5938,5891,47
101000003,302,865,-563
101000004,4626,4275,351
101000005,2776,4077,-1301
101000006,3859,7785,-3926
101000007,2119,3829,-1710
101000009,2266,678,1588
101000010,685,451,234
101000011,1061,144,917
101000012,306,488,-182
101000013,493,1013,-520
101000014,236,316,-80
101000015,1618,1096,522
101000016,212,687,-475
101000017,225,437,-212
101000018,1025,3989,-2964
101000020,1035,591,444
101000021,422,1032,-610
101000022,26,166,-140
101000023,593,1107,-514
101000025,209,483,-274
101000026,236,5,231
101000027,1329,3760,-2431
101000028,688,359,329
101000029,42,997,-955
101000030,515,95,420
101000031,90,552,-462
101000032,1749,4077,-2328
101000033,867,4002,-3135
101000034,588,2067,-1479
101000035,279,265,14
101000036,523,1828,-1305
101000037,671,2980,-2309
101000039,1312,2447,-1135
101000040,2189,5159,-2970
101000041,1586,5457,-3871
101000042,67,717,-650
101000043,2210,5848,-3638
101000045,238,708,-470
101000046,607,1683,-1076
101000047,667,3476,-2809
101000048,363,320,43
101000049,413,1573,-1160
101000050,460,1285,-825
101000051,446,1840,-1394
101000052,976,1065,-89
101000053,376,1220,-844
101000054,966,606,360
101000055,661,1583,-922
101000056,33,181,-148
101000057,628,1799,-1171
101000058,586,1444,-858
101000059,1430,2096,-666
101000060,1540,944,596
101000061,252,1881,-1629
101000062,271,612,-341
101000063,220,1625,-1405
101000064,322,1174,-852
101000065,164,1033,-869
101000066,241,1428,-1187
101000067,306,866,-560
101000068,79,338,-259
101000069,153,59,94
101000070,362,590,-228
101000071,2054,962,1092
101000072,343,1874,-1531
101000073,420,1088,-668
101000074,1442,2478,-1036
101000075,1281,2620,-1339
101000077,1072,1198,-126
101000078,427,821,-394
101000079,713,855,-142
101000080,623,1014,-391
101000081,1303,1276,27
101000082,1532,1401,131
101000083,2673,1865,808
101000084,660,377,283
101000085,1056,1059,-3
101000086,752,1142,-390
101000087,645,694,-49
101000088,1600,828,772
101000089,839,1315,-476
101000090,1255,760,495
101000091,423,420,3
101000092,2086,482,1604
101000093,1300,538,762
101000094,991,689,302
101000095,486,434,52
101000096,668,284,384
101000097,277,689,-412
101000098,365,747,-382
101000099,363,866,-503
101000100,616,989,-373
101000101,185,560,-375
101000102,328,890,-562
101000103,343,739,-396
101000104,249,958,-709
101000105,134,378,-244
101000106,131,789,-658
101000107,208,359,-151
101000108,422,97,325
101000109,508,85,423
101000110,33,113,-80
101000111,24,119,-95
101000113,110,783,-673
101000114,1718,6299,-4581
101000115,11,17,-6
101000116,19,10,9
101000117,727,100,627
101000119,27,68,-41
101000120,32,94,-62
101000121,26,63,-37
101000122,38,67,-29
101000123,17,57,-40
101000124,443,375,68
101000125,67,180,-113
101000128,115,715,-600
101000130,106,180,-74
101000131,1218,361,857
101000132,715,454,261
101000135,9,19,-10
101000136,86,118,-32
101000137,30,424,-394
101000141,430,3753,-3323
101000147,1143,317,826
101000148,851,6,845
101000149,17,67,-50
101000150,137,196,-59
101000151,263,18,245
101000152,286,345,-59
101000153,273,124,149
101000154,305,310,-5
101000155,425,124,301
101000156,63,418,-355
101000157,72,26,46
101000160,17,14,3
101000163,71,469,-398
101000164,305,99,206
101000165,225,404,-179
101000166,115,195,-80
101000168,901,668,233
101000252,2274,906,1368
101000254,14,18,-4
101000258,20,10,10
101000261,60,110,-50
101000262,971,4741,-3770
101000263,210,1062,-852
101000265,33,607,-574
101000266,165,201,-36
101000269,17,37,-20
101000290,288,2356,-2068
101000293,9,40,-31
101000294,511,393,118
101000295,254,190,64
101000301,231,495,-264
101000304,1636,2698,-1062
101000305,2454,894,1560
101000328,99,527,-428
101900001,38,16,22
101900002,0,7,-7
101900003,26,154,-128
101900004,3,234,-231
101900005,890,2883,-1993
101900006,1375,296,1079
101900007,364,150,214
101900008,34,222,-188
101900009,9,450,-441
101900010,362,559,-197
101900011,40,837,-797
101900012,222,64,158
101900013,354,78,276
101900017,13,102,-89
101900018,575,169,406
101900019,43,154,-111
101900020,28,18,10
101900021,1,39,-38
101900022,179,347,-168
101900023,131,84,47
101900026,97,27,70
101900027,32,105,-73
102000001,2445,5345,-2900
102000002,1976,1262,714
102000003,1877,6216,-4339
102000004,2831,2217,614
102000005,831,3027,-2196
102000006,392,1220,-828
102000007,1491,4054,-2563
102000008,3461,1090,2371
102000009,5274,7270,-1996
102000010,2747,1993,754
102000011,3330,3290,40
102000012,2755,2037,718
102000018,2416,2637,-221
102000019,1697,1440,257
102000026,587,269,318
102000029,226,287,-61
102000030,132,246,-114
102000031,52,100,-48
102000032,455,296,159
102000033,352,275,77
102000034,279,272,7
102000035,787,346,441
102000036,33,234,-201
102000037,256,39,217
102000038,73,617,-544
102000039,105,264,-159
102000040,157,353,-196
102000041,27,953,-926
102000042,71,508,-437
102000043,71,620,-549
102000044,348,1277,-929
102000045,543,710,-167
102000046,1072,679,393
102000047,599,714,-115
102000048,389,599,-210
102000049,688,1031,-343
102000050,1144,1292,-148
102000051,156,677,-521
102000052,904,1441,-537
102000053,626,1526,-900
102000054,953,775,178
102000055,1202,212,990
102000056,1345,305,1040
102000057,1675,408,1267
102000058,955,630,325
102000059,831,1201,-370
102000060,825,760,65
102000061,1528,1083,445
102000062,2096,874,1222
102000063,1026,1074,-48
102000064,552,517,35
102000065,36,131,-95
102000066,691,850,-159
102000067,4152,3036,1116
102000068,8570,3186,5384
102000069,89,2693,-2604
102000070,1575,24,1551
102000071,7160,9268,-2108
102000072,1867,3768,-1901
102000073,277,503,-226
102000074,594,813,-219
102000075,128,203,-75
102000076,346,126,220
102000077,655,295,360
102000078,1303,283,1020
102000079,115,150,-35
102000080,343,151,192
102000081,144,846,-702
102000082,576,337,239
102000083,689,137,552
102000084,515,188,327
102000085,2011,570,1441
102000086,1378,657,721
102000087,716,917,-201
102000088,355,305,50
102000089,1181,314,867
102000090,246,803,-557
102000091,1086,396,690
102000092,247,383,-136
102000093,1042,545,497
102000094,406,395,11
102000095,640,564,76
102000096,284,408,-124
102000097,569,333,236
102000098,244,581,-337
102000099,811,755,56
102000100,152,1336,-1184
102000101,358,544,-186
102000102,639,1086,-447
102000103,3433,379,3054
102000104,728,187,541
102000105,195,544,-349
102000106,824,369,455
102000107,1921,221,1700
102000108,502,109,393
102000109,596,402,194
102000110,1401,510,891
102000111,2,397,-395
102000112,99,146,-47
102000113,38,36,2
102000114,843,255,588
102000115,220,309,-89
102000116,236,447,-211
102000117,86,996,-910
102000118,662,1480,-818
102000119,925,1718,-793
102000120,188,518,-330
102000121,756,322,434
102000122,479,854,-375
102000123,802,555,247
102000124,987,1177,-190
102000125,339,550,-211
102000126,363,780,-417
102000127,1050,514,536
102000128,581,854,-273
102000129,1153,405,748
102000130,629,734,-105
102000131,631,376,255
102000132,281,480,-199
102000133,2668,1114,1554
102000134,829,652,177
102000135,679,490,189
102000136,875,345,530
102000137,277,655,-378
102000138,122,215,-93
102000139,29,674,-645
102000140,88,1025,-937
102000141,103,208,-105
102000142,325,195,130
102000143,266,185,81
102000144,277,165,112
102000145,335,190,145
102000146,295,196,99
102000147,454,268,186
102000148,220,365,-145
102000149,251,95,156
102000150,521,66,455
102000151,78,92,-14
102000152,266,137,129
102000153,706,612,94
102000154,149,356,-207
102000155,32,648,-616
102000156,185,165,20
102000157,53,1062,-1009
102000158,224,347,-123
102000159,1356,1030,326
102000161,1998,1571,427
102000162,82,238,-156
102000163,88,332,-244
102000164,624,540,84
102000165,243,197,46
102000166,67,173,-106
102000167,131,219,-88
102000168,177,172,5
102000169,79,477,-398
102000170,531,85,446
102000171,67,113,-46
102000172,24,254,-230
102000173,343,232,111
102000174,119,56,63
102000175,58,71,-13
102000176,37,18,19
102000178,194,355,-161
102000179,420,175,245
102000180,1082,181,901
102000181,1054,222,832
102000182,491,313,178
102000183,1656,826,830
102000184,1968,576,1392
102000185,2818,616,2202
102000186,2276,852,1424
102000187,1188,705,483
102000188,1147,919,228
102000189,1487,305,1182
102000190,467,1962,-1495
102000191,694,269,425
102000192,1917,1531,386
102000193,65,77,-12
102000194,36,228,-192
102000195,446,355,91
102000196,238,277,-39
102000197,787,197,590
102000198,157,443,-286
102000199,1185,172,1013
102000200,234,456,-222
102000201,1426,255,1171
102000202,12,164,-152
102000203,422,145,277
102000204,574,407,167
102000205,1127,513,614
102000206,701,324,377
102000207,451,494,-43
102000208,395,572,-177
102000209,55,107,-52
102000210,606,280,326
102000211,257,169,88
102000212,400,10,390
102000213,7,134,-127
102000214,376,4,372
102000215,7,175,-168
102000216,76,94,-18
102000217,19,44,-25
102000218,297,174,123
102000219,149,126,23
102000225,242,504,-262
102000226,94,320,-226
102000227,120,2,118
102000228,0,124,-124
102000229,57,46,11
102000230,323,247,76
102000231,251,218,33
102000232,40,222,-182
102000233,1067,347,720
102000234,63,769,-706
102000236,266,85,181
102000237,507,559,-52
102000238,224,331,-107
102000240,433,855,-422
102000241,196,83,113
102000243,9,18,-9
102000245,19,78,-59
102000246,14,29,-15
102000247,310,379,-69
102000248,328,774,-446
102000249,178,120,58
102000250,88,166,-78
102000254,244,110,134
102000266,0,640,-640
102000271,27,0,27
102000286,370,229,141
102000297,1766,1047,719
102000307,0,10,-10
102000316,144,28,116
102900001,834,472,362
102900002,280,50,230
102900003,111,153,-42
102900005,416,150,266
102900006,436,42,394
102900007,654,9,645
102900008,259,13,246
102900009,221,350,-129
102900010,115,1003,-888
102900011,739,422,317
102900012,454,111,343
102900013,53,34,19
102900015,568,481,87
102900016,51,31,20
102900017,223,130,93
102900018,68,31,37
102900019,351,484,-133
102900020,262,36,226
102900021,77,33,44
102900022,90,50,40
102900023,44,41,3
102900024,47,10,37
102900025,83,50,33
102900026,323,1784,-1461
102900027,106,61,45
102900028,169,729,-560
102900029,73,250,-177
102900030,291,268,23
102900031,241,84,157
102900032,80,30,50
102900033,54,104,-50
102900034,516,32,484
102900035,117,246,-129
102900036,374,130,244
102900037,299,121,178
102900038,374,135,239
102900039,9,588,-579
102900040,231,203,28
102900041,92,81,11
102900042,296,150,146
102900043,210,147,63
102900044,409,911,-502
102900045,259,239,20
102900046,171,72,99
102900047,124,415,-291
102900048,407,150,257
102900049,67,298,-231
102900050,193,317,-124
102900051,133,182,-49
102900053,272,443,-171
102900054,184,1131,-947
102900055,157,187,-30
102900056,84,263,-179
102900057,0,53,-53
102900058,469,65,404
102900059,24,17,7
102900060,68,240,-172
102900061,139,197,-58
102900062,303,349,-46
102900063,1532,236,1296
102900064,103,347,-244
102900065,575,138,437
102900066,271,8,263
102900068,27,108,-81
102900070,166,272,-106
102900072,9,35,-26
102900073,47,7,40
102900075,7,110,-103
102900076,28,149,-121
102900077,24,18,6
102900078,18,30,-12
102900079,174,4,170
102900080,323,23,300
102900081,77,229,-152
102900082,8,290,-282
102900083,74,6,68
102900084,2,45,-43
102900085,209,57,152
102900086,14,99,-85
102900087,171,92,79
102900088,20,39,-19
102900089,166,105,61
102900090,0,152,-152
102900091,151,1,150
102900092,339,95,244
102900094,3,290,-287
102900095,64,0,64
102900096,86,11,75
102900097,3,20,-17
103000001,1734,2023,-289
103000002,1897,2281,-384
103000003,2476,2805,-329
103000004,483,543,-60
103000005,1425,3753,-2328
103000006,810,1365,-555
103000007,372,420,-48
103000008,752,634,118
103000009,1571,997,574
103000010,220,123,97
103000011,1028,734,294
103000012,908,1385,-477
103000013,1912,1352,560
103000014,958,2474,-1516
103000015,1468,761,707
103000016,561,1568,-1007
103000017,291,540,-249
103000018,634,121,513
103000019,357,502,-145
103000020,1131,1122,9
103000021,1487,2114,-627
103000022,590,732,-142
103000023,828,2020,-1192
103000024,60,43,17
103000025,138,908,-770
103000026,270,59,211
103000027,134,587,-453
103000028,98,162,-64
103000029,58,175,-117
103000030,1518,1345,173
103000031,600,1835,-1235
103000032,1411,954,457
103000033,2115,2337,-222
103000034,974,662,312
103000035,164,1068,-904
103000036,248,256,-8
103000037,375,281,94
103000038,281,695,-414
103000039,582,277,305
103000040,625,428,197
103000041,1852,863,989
103000042,1488,159,1329
103000043,843,500,343
103000044,227,59,168
103000046,344,307,37
103000047,742,210,532
103000048,208,166,42
103000049,74,78,-4
103000050,573,162,411
103000051,444,313,131
103000052,774,156,618
103000053,150,241,-91
103000054,1459,647,812
103000055,1452,1019,433
103000056,544,530,14
103000057,1302,183,1119
103000058,553,458,95
103000059,627,459,168
103000060,671,224,447
103000061,506,551,-45
103000062,732,315,417
103000063,845,818,27
103000064,174,73,101
103000065,13,190,-177
103000066,230,12,218
103000069,312,89,223
103000070,541,505,36
103000071,1401,447,954
103000072,175,345,-170
103000073,880,98,782
103000074,654,123,531
103000075,146,414,-268
103000076,265,638,-373
103000077,19,152,-133
103000078,883,1336,-453
103000079,469,843,-374
103000080,367,373,-6
103000081,205,1031,-826
103000082,431,163,268
103000083,59,473,-414
103000084,88,6,82
103000085,0,150,-150
103000086,206,569,-363
103000087,84,590,-506
103000088,219,446,-227
103000089,226,710,-484
103000090,4381,1019,3362
103000091,1346,474,872
103000092,293,198,95
103000093,315,610,-295
103000094,208,85,123
103000095,114,264,-150
103000096,535,35,500
103000097,57,644,-587
103000098,484,114,370
103000099,118,578,-460
103000100,133,331,-198
103000101,1176,82,1094
103000102,117,246,-129
103000103,584,124,460
103000104,107,52,55
103000105,179,61,118
103000106,46,124,-78
103000107,214,105,109
103000108,1764,2312,-548
103000109,749,655,94
103000110,700,445,255
103000111,214,692,-478
103000112,182,454,-272
103000113,195,1232,-1037
103000114,1313,1094,219
103000115,737,767,-30
103000116,712,289,423
103000117,508,400,108
103000118,259,209,50
103000119,784,228,556
103000120,41,115,-74
103000121,69,112,-43
103000122,347,296,51
103000125,28,54,-26
103000126,742,1,741
103000127,16,64,-48
103000128,175,1,174
103000129,1,35,-34
103000130,98,59,39
103000131,47,59,-12
103000132,34,118,-84
103000133,12,96,-84
103000134,157,781,-624
103000135,449,219,230
103000136,431,433,-2
103000137,364,683,-319
103000138,491,678,-187
103000139,0,122,-122
103000140,145,26,119
103000141,41,200,-159
103000142,60,107,-47
103000143,72,187,-115
103000144,138,108,30
103000145,8,231,-223
103000150,91,67,24
103000152,167,482,-315
103000153,179,473,-294
103000156,3,112,-109
103000157,493,1,492
103000159,129,21,108
103000162,25,6,19
103000163,7,12,-5
103000164,3,5,-2
103000165,35,120,-85
103000166,319,469,-150
103000167,214,259,-45
103000168,156,135,21
103000169,136,476,-340
103000170,1152,161,991
103000171,12,131,-119
103000172,656,166,490
103000173,863,123,740
103000174,228,189,39
103000175,347,98,249
103000176,777,764,13
103000177,163,342,-179
103000178,63,204,-141
103000179,113,21,92
103000183,295,5,290
103000185,242,47,195
103000186,213,54,159
103000187,826,86,740
103000188,30,99,-69
103000189,668,1219,-551
103000191,288,254,34
103000292,777,1756,-979
103000293,497,2857,-2360
103000295,70,80,-10
103000296,87,3,84
103000297,0,15,-15
103000504,7,10,-3
103000505,1,56,-55
103000506,0,90,-90
103000507,220,8,212
103000508,47,48,-1
103000509,209,520,-311
103000514,52,1,51
103900001,0,16,-16
103900002,430,118,312
103900003,449,21,428
103900004,103,1,102
103900005,1,53,-52
103900006,1,7,-6
103900007,51,0,51
103900008,36,2,34
103900009,360,199,161
103900010,223,130,93
103900011,515,77,438
103900012,15,51,-36
103900013,87,23,64
103900014,64,20,44
103900015,81,2,79
103900016,153,104,49
103900017,64,39,25
103900018,240,56,184
103900019,76,278,-202
103900020,212,417,-205
103900021,60,18,42
103900022,505,261,244
103900023,220,0,220
103900024,63,168,-105
103900025,15,13,2
103900026,8,0,8
103900027,319,200,119
103900028,36,247,-211
103900029,1212,152,1060
103900030,364,149,215
103900031,50,0,50
103900032,87,105,-18
103900033,26,32,-6
103900034,24,23,1
103900035,79,29,50
103900036,36,49,-13
103900037,130,54,76
103900038,73,201,-128
103900039,157,56,101
103900040,18,61,-43
103900041,40,20,20
103900042,82,52,30
103900043,294,39,255
103900044,23,570,-547
103900045,275,120,155
103900047,114,6,108
103900048,29,56,-27
103900049,60,1230,-1170
103900050,16,156,-140
103900051,1,50,-49
103900052,193,247,-54
103900053,312,130,182
103900054,147,100,47
103900055,348,127,221
103900056,55,28,27
103900057,130,55,75
103900058,396,142,254
103900059,0,85,-85
103900060,50,45,5
103900061,310,19,291
103900062,469,141,328
103900063,5,0,5
103900064,261,2,259
103900065,222,234,-12
103900066,301,60,241
103900067,223,4,219
103900068,6,0,6
103900069,127,7,120
103900070,147,94,53
103900071,23,25,-2
103900072,44,35,9
103900073,40,83,-43
103900074,89,13,76
103900075,305,24,281
103900076,590,180,410
103900077,26,249,-223
103900078,273,62,211
103900079,119,140,-21
103900080,3,25,-22
103900081,19,36,-17
103900082,47,148,-101
103900083,2649,1635,1014
103900084,70,171,-101
103900085,44,84,-40
103900086,950,190,760
103900088,190,334,-144
103900089,44,97,-53
103900090,2,46,-44
103900091,403,81,322
103900092,742,401,341
103900093,30,248,-218
103900094,12,43,-31
103900095,231,177,54
103900096,99,81,18
103900097,11,131,-120
103900098,365,89,276
103900099,188,48,140
103900100,306,75,231
103900101,172,506,-334
103900102,1,37,-36
103900104,3,6,-3
103900105,38,68,-30
103900106,1,132,-131
103900107,217,40,177
103900108,66,115,-49
103900109,179,33,146
103900110,197,29,168
103900111,157,121,36
103900112,28,75,-47
103900113,38,174,-136
103900114,343,160,183
103900115,154,175,-21
103900116,895,2240,-1345
103900117,63,10,53
103900119,32,126,-94
103900120,97,33,64
103900122,225,42,183
103900123,368,555,-187
103900124,52,142,-90
103900125,112,45,67
103900126,566,112,454
103900127,163,117,46
103900128,116,46,70
103900131,13,70,-57
103900133,953,29,924
103900134,3,21,-18
103900135,1,2,-1
103900137,1,3,-2
103900138,299,37,262
103900139,308,3167,-2859
103900140,3,283,-280
103900141,147,28,119
103900142,313,52,261
103900143,118,1,117
103900144,0,18,-18
103900145,88,106,-18
103900146,230,78,152
103900147,309,102,207
103900148,289,109,180
103900149,310,164,146
103900150,3067,4337,-1270
103900151,5,148,-143
103900152,1048,121,927
103900153,14,7,7
103900154,321,2064,-1743
103900155,33,58,-25
103900156,77,36,41
103900157,104,34,70
103900158,158,27,131
103900159,179,12,167
103900160,47,27,20
103900161,54,91,-37
103900162,44,42,2
103900163,5,197,-192
103900167,0,104,-104
103900168,60,37,23
103900169,8,45,-37
103900170,0,34,-34
103900171,7,14,-7
103900172,3,16,-13
103900173,15,20,-5
103900174,263,24,239
103900175,23,96,-73
103900176,7,39,-32
103900177,16,28,-12
103900178,68,8,60
103900179,54,15,39
103900180,8,21,-13
103900181,16,21,-5
103900182,13,10,3
103900184,120,75,45
103900185,34,580,-546
103900187,23,97,-74
103900188,71,40,31
103900189,121,4,117
103900190,54,46,8
103900191,14,66,-52
103900192,24,62,-38
103900193,57,110,-53
103900194,59,93,-34
103900195,0,103,-103
103900196,49,30,19
103900197,12,19,-7
103900198,18,32,-14
103900199,103,38,65
103900200,221,31,190
103900201,53,90,-37
103900202,1,42,-41
103900203,40,21,19
103900204,0,22,-22
103900207,1,10,-9
103900208,126,1,125
103900209,3,35,-32
103900210,26,23,3
103900211,609,72,537
103900212,148,101,47
103900213,35,245,-210
103900214,223,306,-83
103900215,128,365,-237
103900216,7,81,-74
103900217,164,7,157
103900218,32,304,-272
103900219,197,144,53
103900233,53,5,48
103900235,11,103,-92
103900236,17,14,3
103900242,1,5,-4
103900243,1,13,-12
103900244,94,101,-7
103900245,95,72,23
103900246,17,21,-4
103900247,6,43,-37
103900248,0,34,-34
103900249,0,33,-33
103900250,61,88,-27
103900251,2,52,-50
103900253,4,45,-41
103900254,3,39,-36
103900255,3,14,-11
103900256,26,27,-1
103900257,379,347,32
103900258,4,2,2
103900259,7,8,-1
103900261,32,4,28
103900262,46,2,44
103900263,32,60,-28
103900264,12,5,7
103900265,7,4,3
103900266,2,106,-104
103900267,0,32,-32
103900268,8,19,-11
103900269,190,8,182
103900270,49,22,27
103900271,11,27,-16
103900272,62,21,41
103900273,75,6,69
103900274,204,0,204
103900275,77,9,68
103900276,6,5,1
103900277,10,18,-8
103900278,6,17,-11
103900279,5,39,-34
103900280,3,10,-7
103900281,278,234,44
103900282,16,28,-12
103900283,56,20,36
103900284,24,14,10
103900285,3,77,-74
103900286,19,85,-66
103900287,1,126,-125
103900288,4,188,-184
103900289,3,0,3
103900290,36,89,-53
103900291,23,1,22
103900292,5,0,5
103900293,0,5,-5
103900294,2,1,1
104000001,2686,1580,1106
104000002,1763,1695,68
104000003,1885,1690,195
104000004,2014,1970,44
104000005,2120,1857,263
104000006,2765,1992,773
104000007,3631,3131,500
104000008,160,176,-16
104000009,261,81,180
104000010,137,375,-238
104000011,228,139,89
104000012,109,190,-81
104000013,295,235,60
104000014,195,278,-83
104000015,389,104,285
104000016,275,186,89
104000018,762,183,579
104000019,531,239,292
104000020,91,215,-124
104000021,278,204,74
104000022,208,260,-52
104000023,1151,346,805
104000024,248,266,-18
104000026,98,156,-58
104000027,218,156,62
104000028,475,201,274
104000029,335,216,119
104000030,372,144,228
104000031,993,274,719
104000032,166,103,63
104000033,606,380,226
104000034,290,91,199
104000035,937,277,660
104000036,1083,259,824
104000037,235,96,139
104000038,569,375,194
104000039,88,84,4
104000040,108,336,-228
104000041,741,244,497
104000042,116,129,-13
104000043,162,212,-50
104000044,255,320,-65
104000045,692,491,201
104000046,509,713,-204
104000047,375,583,-208
104000048,584,618,-34
104000049,594,232,362
104000050,122,559,-437
104000051,237,559,-322
104000052,2825,2245,580
104000053,940,420,520
104000054,280,106,174
104000055,2137,1567,570
104000056,624,302,322
104000057,274,379,-105
104000058,887,817,70
104000059,623,776,-153
104000060,1045,1285,-240
104000061,856,533,323
104000062,632,165,467
104000064,507,358,149
104000065,136,490,-354
104000069,435,1543,-1108
104000070,65,457,-392
104000071,321,351,-30
104000072,568,314,254
104000075,100,191,-91
104000076,476,48,428
104000082,1836,2986,-1150
104000083,593,157,436
104000084,120,282,-162
104000085,379,242,137
104000086,231,315,-84
104000087,249,1292,-1043
104000090,1097,573,524
104000092,1446,723,723
104000094,722,568,154
104000095,2963,1023,1940
104000096,1713,91,1622
104000097,2318,381,1937
104000098,3273,388,2885
104000100,2025,584,1441
104000101,1293,1064,229
104000106,87,557,-470
104000107,586,188,398
104000108,108,196,-88
104000109,294,93,201
104000110,561,721,-160
104000111,1557,2422,-865
104000112,586,340,246
104000116,0,397,-397
104000117,311,276,35
104000118,973,80,893
104000119,640,202,438
104000120,228,283,-55
104000121,242,364,-122
104000122,931,633,298
104000123,543,452,91
104000124,344,672,-328
104000125,1794,4342,-2548
104000126,584,472,112
104000127,1072,1145,-73
104000128,479,133,346
104000129,355,23,332
104000130,2,256,-254
104000131,245,458,-213
104000132,254,793,-539
104000133,1309,633,676
104000134,1083,1177,-94
104000135,575,1249,-674
104000136,539,2585,-2046
104000137,1643,327,1316
104000138,944,251,693
104000139,2579,1650,929
104000141,863,505,358
104000142,571,317,254
104000143,725,237,488
104000144,113,167,-54
104000145,393,154,239
104000146,88,359,-271
104000147,103,226,-123
104000148,404,99,305
104000149,135,53,82
104000150,937,437,500
104000151,235,119,116
104000152,614,198,416
104000153,728,491,237
104000154,662,189,473
104000155,507,728,-221
104000157,1376,870,506
104000158,139,474,-335
104000159,758,594,164
104000160,1593,1815,-222
104000161,296,104,192
104000162,109,130,-21
104000165,536,574,-38
104000167,626,1223,-597
104000168,674,6,668
104000169,225,50,175
104000170,181,365,-184
104000248,262,355,-93
104000251,63,100,-37
104000272,0,0,0
104000273,0,0,0
104000274,0,0,0
104000275,0,0,0
104000279,1466,1926,-460
104000290,60,184,-124
104000291,452,945,-493
104000293,1129,1302,-173
104000294,107,0,107
104000295,669,610,59
104000296,572,453,119
104000297,640,1539,-899
104000298,1314,719,595
104000299,754,811,-57
104000302,136,123,13
104000303,237,222,15
104900001,56,154,-98
104900002,88,229,-141
104900003,52,165,-113
104900004,68,94,-26
104900005,426,202,224
104900006,556,65,491
104900007,444,145,299
104900009,78,87,-9
104900010,62,18,44
104900011,73,19,54
104900012,135,18,117
104900013,85,3,82
104900014,951,213,738
104900015,79,5,74
104900016,150,120,30
104900017,82,117,-35
104900018,18,89,-71
104900019,131,4419,-4288
104900020,27,156,-129
104900021,0,33,-33
104900022,1,383,-382
104900023,0,11,-11
104900024,18,1707,-1689
104900025,69,136,-67
104900026,0,34,-34
104900027,616,235,381
104900028,16,164,-148
104900029,12,13,-1
104900030,459,135,324
104900031,60,181,-121
104900032,74,42,32
104900033,152,126,26
104900034,321,143,178
104900035,352,111,241
104900036,244,27,217
104900037,111,131,-20
104900038,85,1094,-1009
104900039,165,216,-51
104900040,409,33,376
104900041,324,137,187
104900042,155,166,-11
104900043,31,277,-246
104900044,800,104,696
104900045,314,34,280
104900046,391,78,313
104900047,368,80,288
104900048,383,28,355
104900049,45,35,10
104900050,355,38,317
104900051,253,9,244
104900052,191,4,187
104900053,363,69,294
104900054,151,15,136
104900055,260,1,259
104900056,239,10,229
104900057,41,0,41
104900058,262,324,-62
104900059,66,43,23
104900061,75,217,-142
104900063,30,260,-230
104900064,1,63,-62
104900065,4,213,-209
104900066,0,41,-41
104900067,1,221,-220
104900068,64,103,-39
104900070,91,137,-46
104900071,3,261,-258
104900072,45,133,-88
104900073,53,31,22
104900074,41,75,-34
104900075,44,6,38
104900076,135,115,20
104900077,249,140,109
104900078,145,148,-3
104900079,90,851,-761
104900080,106,289,-183
104900082,14,190,-176
104900085,1,64,-63
104900089,399,1,398
104900091,465,246,219
104900093,150,210,-60
104900097,880,2558,-1678
104900098,226,27,199
104900099,27,446,-419
104900100,273,158,115
104900102,47,58,-11
104900103,257,21,236
104900106,202,79,123
104900107,95,99,-4
104900108,15,99,-84
104900109,62,115,-53
104900110,10,53,-43
104900111,355,34,321
104900112,256,228,28
104900113,816,161,655
104900114,500,240,260
104900115,799,130,669
104900116,424,70,354
104900118,20,29,-9
104900119,0,26,-26
104900120,9,754,-745
104900121,1,22,-21
104900122,15,23,-8
104900123,110,11,99
104900124,67,0,67
104900125,289,49,240
104900126,15,29,-14
104900127,11,27,-16
104900128,61,30,31
104900129,657,2166,-1509
105000001,3069,1169,1900
105000002,2416,1379,1037
105000003,2155,3358,-1203
105000004,737,572,165
105000005,1126,931,195
105000006,1124,1580,-456
105000007,1454,2203,-749
105000008,783,3623,-2840
105000009,2561,3069,-508
105000010,2013,784,1229
105000011,2984,2906,78
105000012,1982,1292,690
105000013,1113,1255,-142
105000014,2673,3332,-659
105000015,6130,12054,-5924
105000016,794,873,-79
105000017,1078,589,489
105000018,901,1569,-668
105000019,643,1095,-452
105000020,107,542,-435
105000021,200,181,19
105000022,122,195,-73
105000023,464,140,324
105000028,42,48,-6
105000029,494,1265,-771
105000030,2096,1281,815
105000031,6,56,-50
105000033,847,764,83
105000034,122,999,-877
105000037,397,127,270
105000038,1035,1717,-682
105000039,988,825,163
105000040,675,1302,-627
105000041,215,701,-486
105000042,1748,1570,178
105000043,715,976,-261
105000044,562,358,204
105000045,223,216,7
105000046,964,257,707
105000047,387,319,68
105000048,818,243,575
105000049,180,344,-164
105000050,969,446,523
105000051,141,203,-62
105000052,527,663,-136
105000053,63,82,-19
105000054,452,722,-270
105000055,675,222,453
105000056,1279,1295,-16
105000057,1007,379,628
105000058,930,583,347
105000059,779,565,214
105000060,352,229,123
105000061,1381,600,781
105000062,392,287,105
105000063,331,255,76
105000064,2082,582,1500
105000065,307,480,-173
105000066,566,824,-258
105000067,1552,881,671
105000068,246,557,-311
105000069,1109,2061,-952
105000070,344,1165,-821
105000071,153,1529,-1376
105000072,1196,4599,-3403
105000073,877,638,239
105000074,442,325,117
105000075,461,399,62
105000076,813,711,102
105000077,1388,717,671
105000078,568,970,-402
105000079,737,2433,-1696
105000080,1440,1295,145
105000081,1220,1111,109
105000082,524,1625,-1101
105000083,1802,3029,-1227
105000084,452,514,-62
105000085,1932,1842,90
105000086,698,684,14
105000087,1253,1271,-18
105000088,1390,2017,-627
105000089,1393,981,412
105000090,428,351,77
105000091,522,912,-390
105000092,489,997,-508
105000093,287,340,-53
105000094,229,189,40
105000095,108,533,-425
105000096,1042,1397,-355
105000097,515,504,11
105000098,1177,887,290
105000099,553,626,-73
105000100,1650,744,906
105000101,2010,920,1090
105000102,1347,1144,203
105000103,904,1416,-512
105000104,1919,705,1214
105000105,1015,1111,-96
105000106,1193,711,482
105000107,1249,487,762
105000108,1408,854,554
105000109,2076,855,1221
105000110,856,342,514
105000111,1304,306,998
105000112,899,478,421
105000113,494,558,-64
105000114,1214,1199,15
105000115,317,1480,-1163
105000116,1138,484,654
105000117,802,622,180
105000118,704,296,408
105000119,404,365,39
105000120,1328,501,827
105000121,547,385,162
105000122,346,501,-155
105000123,524,424,100
105000124,1948,457,1491
105000125,820,700,120
105000126,1837,948,889
105000127,2254,1033,1221
105000128,549,810,-261
105000129,1019,204,815
105000130,189,2862,-2673
105000131,440,102,338
105000132,1239,626,613
105000133,386,534,-148
105000134,1129,476,653
105000135,375,557,-182
105000136,110,197,-87
105000137,627,177,450
105000138,128,138,-10
105000139,708,381,327
105000140,469,240,229
105000141,307,166,141
105000142,316,288,28
105000143,152,262,-110
105000144,222,429,-207
105000145,671,204,467
105000146,258,449,-191
105000147,611,274,337
105000148,756,623,133
105000149,2459,1932,527
105000150,1064,753,311
105000151,607,336,271
105000152,189,295,-106
105000153,796,531,265
105000154,539,313,226
105000155,460,582,-122
105000156,284,448,-164
105000157,429,1123,-694
105000158,1988,845,1143
105000159,309,678,-369
105000160,3309,763,2546
105000161,521,857,-336
105000162,733,2408,-1675
105000163,773,772,1
105000164,112,262,-150
105000165,559,7848,-7289
105000166,3590,1157,2433
105000167,841,2088,-1247
105000168,519,323,196
105000169,725,109,616
105000170,295,789,-494
105000171,1141,106,1035
105000172,204,19,185
105000173,307,13,294
105000174,71,19,52
105000175,90,41,49
105000176,461,60,401
105000177,397,158,239
105000178,301,222,79
105000179,746,62,684
105000180,242,37,205
105000181,207,117,90
105000182,94,22,72
105000183,1483,2209,-726
105000184,592,807,-215
105000185,484,1130,-646
105000186,486,425,61
105000187,678,186,492
105000188,149,145,4
105000189,133,417,-284
105000190,212,193,19
105000191,351,232,119
105000192,252,47,205
105000193,86,73,13
105000194,724,75,649
105000195,214,375,-161
105000196,80,254,-174
105000197,171,376,-205
105000198,255,118,137
105000199,106,574,-468
105000200,91,286,-195
105000201,68,50,18
105000203,18,94,-76
105000204,60,37,23
105000205,120,122,-2
105000207,144,90,54
105000208,175,489,-314
105000209,128,169,-41
105000211,344,9,335
105000212,1119,329,790
105000213,44,174,-130
105000214,109,115,-6
105000215,323,111,212
105000216,251,66,185
105000217,200,116,84
105000218,1627,848,779
105000221,103,143,-40
105000222,287,143,144
105000223,412,147,265
105000226,109,91,18
105000227,59,61,-2
105000228,83,1727,-1644
105000229,218,494,-276
105000231,421,248,173
105000233,782,653,129
105000234,435,611,-176
105000235,388,437,-49
105000237,1031,40,991
105000243,23,20,3
105000248,41,58,-17
105000262,291,338,-47
105000269,122,104,18
105000270,536,9,527
105000271,2,136,-134
105000282,45,45,0
105000287,205,70,135
105000288,630,305,325
105000289,776,1594,-818
105000290,20,14,6
105000402,1253,2887,-1634
105000426,178,343,-165
105000438,1171,1129,42
105000440,24,9,15
105000446,4361,3243,1118
105000447,1534,1177,357
105000454,682,143,539
105000455,178,73,105
105000474,56,0,56
105000477,652,393,259
105000478,1846,4810,-2964
105000479,100,168,-68
105000480,4409,6951,-2542
105000481,4036,4049,-13
105000482,1824,3126,-1302
105000483,1660,2832,-1172
105000484,1023,1449,-426
105000485,859,2853,-1994
105000486,1185,1516,-331
105000488,2868,1723,1145
105000489,1144,849,295
105000549,116,158,-42
105000550,248,802,-554
105000551,25,60,-35
105000552,1692,881,811
105000555,1006,1215,-209
105000556,76,14,62
105000557,42,173,-131
105900001,0,1654,-1654
105900002,402,759,-357
105900003,21,103,-82
105900004,107,65,42
105900005,17,154,-137
105900006,4,49,-45
105900007,24,29,-5
105900008,68,175,-107
105900009,42,28,14
105900011,62,18,44
105900012,341,53,288
105900013,1,18,-17
105900014,1,49,-48
105900015,54,180,-126
105900016,367,155,212
105900017,1202,18,1184
105900018,127,127,0
105900019,59,122,-63
105900020,58,70,-12
105900021,16,143,-127
105900022,181,107,74
105900023,4,57,-53
105900024,8,220,-212
105900025,222,25,197
105900026,185,12,173
105900027,8832,3438,5394
105900028,167,349,-182
105900029,1641,277,1364
105900030,151,230,-79
105900031,328,131,197
105900032,84,131,-47
105900033,48,40,8
105900034,312,112,200
105900035,240,82,158
105900036,116,54,62
105900037,148,20,128
105900038,155,183,-28
105900039,128,83,45
105900040,98,62,36
105900041,128,58,70
105900042,160,128,32
105900043,701,17,684
105900044,1,242,-241
105900045,3,935,-932
105900046,1,213,-212
105900047,9,73,-64
105900048,140,299,-159
105900050,2254,5434,-3180
105900051,37,753,-716
105900052,694,112,582
105900053,1396,2726,-1330
105900054,164,114,50
105900056,265,270,-5
105900057,5,70,-65
105900058,13,15,-2
105900059,0,50,-50
106000001,1348,1677,-329
106000002,627,2405,-1778
106000003,2289,3203,-914
106000004,1140,1742,-602
106000005,3033,3426,-393
106000006,3359,1259,2100
106000007,358,325,33
106000008,371,248,123
106000009,446,216,230
106000010,322,335,-13
106000011,1522,848,674
106000012,747,633,114
106000013,1615,1376,239
106000014,1321,903,418
106000015,2064,900,1164
106000016,1027,1032,-5
106000017,474,638,-164
106000018,435,393,42
106000019,421,417,4
106000020,323,261,62
106000021,308,357,-49
106000022,340,132,208
106000023,721,344,377
106000024,389,255,134
106000025,191,186,5
106000026,39,130,-91
106000027,1606,1275,331
106000028,644,167,477
106000029,534,478,56
106000030,155,454,-299
106000034,126,304,-178
106000035,792,1630,-838
106000036,160,268,-108
106000037,838,1028,-190
106000038,58,128,-70
106000039,44,118,-74
106000040,78,681,-603
106000041,538,337,201
106000043,457,217,240
106000046,262,68,194
106000047,16,405,-389
106000049,1248,153,1095
106000050,144,198,-54
106000051,967,408,559
106000052,97,149,-52
106000053,530,130,400
106000054,214,117,97
106000055,798,396,402
106000056,176,148,28
106000057,485,156,329
106000058,122,57,65
106000059,393,203,190
106000060,189,202,-13
106000061,156,568,-412
106000062,81,170,-89
106000063,830,630,200
106000064,6,154,-148
106000065,349,139,210
106000066,116,159,-43
106000067,409,53,356
106000068,77,316,-239
106000069,256,75,181
106000070,279,317,-38
106000071,565,218,347
106000072,2083,1125,958
106000073,1155,4012,-2857
106000074,604,624,-20
106000075,359,890,-531
106000076,1153,1147,6
106000077,1604,756,848
106000078,1157,431,726
106000079,860,503,357
106000080,975,287,688
106000081,958,656,302
106000082,1270,440,830
106000083,417,956,-539
106000084,663,462,201
106000085,1044,1038,6
106000086,408,517,-109
106000087,750,321,429
106000088,334,523,-189
106000089,934,198,736
106000090,209,501,-292
106000091,253,253,0
106000092,793,125,668
106000093,412,79,333
106000094,68,169,-101
106000095,889,455,434
106000096,946,347,599
106000097,1190,470,720
106000098,908,401,507
106000099,159,523,-364
106000100,1177,130,1047
106000101,636,798,-162
106000102,108,423,-315
106000103,263,476,-213
106000104,934,221,713
106000105,410,409,1
106000106,664,218,446
106000107,167,154,13
106000108,494,124,370
106000109,197,115,82
106000110,347,106,241
106000111,195,152,43
106000112,332,584,-252
106000113,474,400,74
106000114,481,757,-276
106000115,191,295,-104
106000116,296,130,166
106000117,654,377,277
106000118,1344,1089,255
106000119,797,363,434
106000120,865,1346,-481
106000121,338,113,225
106000122,185,130,55
106000123,714,84,630
106000124,149,81,68
106000125,49,102,-53
106000126,467,48,419
106000127,897,294,603
106000128,839,137,702
106000129,1033,263,770
106000130,969,503,466
106000131,109,655,-546
106000132,524,99,425
106000133,1413,1462,-49
106000134,310,2792,-2482
106000135,194,580,-386
106000136,647,1083,-436
106000137,90,583,-493
106000138,2044,86,1958
106000139,41,67,-26
106000140,41,26,15
106000141,136,27,109
106000142,106,65,41
106000143,53,28,25
106000144,50,67,-17
106000145,381,66,315
106000146,420,74,346
106000147,807,295,512
106000148,1120,467,653
106000149,548,305,243
106000150,666,1916,-1250
106000151,2014,555,1459
106000152,559,2660,-2101
106000153,102,1574,-1472
106000154,1039,123,916
106000155,140,246,-106
106000156,1013,104,909
106000157,449,1131,-682
106000158,1145,718,427
106000159,1719,1938,-219
106000160,422,3636,-3214
106000161,911,136,775
106000162,394,1208,-814
106000163,332,226,106
106000164,866,186,680
106000165,289,187,102
106000166,968,187,781
106000167,303,566,-263
106000168,839,143,696
106000169,276,205,71
106000170,1051,139,912
106000171,181,788,-607
106000172,2271,999,1272
106000173,716,1932,-1216
106000174,1136,291,845
106000175,167,418,-251
106000176,1786,604,1182
106000177,748,1136,-388
106000178,2235,1126,1109
106000179,375,974,-599
106000180,532,412,120
106000181,950,866,84
106000182,1621,376,1245
106000183,1702,243,1459
106000184,1306,362,944
106000185,1110,896,214
106000186,431,38,393
106000187,39,743,-704
106000188,1,0,1
106000189,15,28,-13
106000190,44,1,43
106000191,500,47,453
106000192,0,5,-5
106000193,268,150,118
106000194,74,187,-113
106000195,180,72,108
106000196,28,211,-183
106000197,607,102,505
106000198,161,111,50
106000199,468,680,-212
106000200,176,161,15
106000201,318,3329,-3011
106000202,1803,378,1425
106000203,15,322,-307
106000204,67,4,63
106000205,20,119,-99
106000206,125,17,108
106000207,18,181,-163
106000208,1266,128,1138
106000209,1727,330,1397
106000210,184,416,-232
106000211,169,768,-599
106000212,1006,350,656
106000213,151,743,-592
106000214,992,240,752
106000215,305,276,29
106000216,476,306,170
106000217,162,213,-51
106000218,196,223,-27
106000219,185,190,-5
106000220,400,149,251
106000221,244,73,171
106000222,121,59,62
106000223,434,100,334
106000224,296,51,245
106000225,175,164,11
106000226,56,67,-11
106000228,53,99,-46
106000229,92,384,-292
106000231,1091,90,1001
106000232,61,249,-188
106000233,356,66,290
106000234,64,232,-168
106000235,274,153,121
106000236,119,124,-5
106000237,0,6,-6
106000238,13,38,-25
106000239,1,83,-82
106000240,37,2,35
106000241,19,513,-494
106000242,275,25,250
106000249,42,40,2
106000250,66,446,-380
106000251,116,10,106
106000252,3,23,-20
106000253,31,61,-30
106000254,73,23,50
106000255,37,116,-79
106000256,70,23,47
106000257,115,166,-51
106000258,76,54,22
106000259,6,65,-59
106000260,21,11,10
106000261,2,46,-44
106000262,88,7,81
106000263,27,37,-10
106000264,150,9,141
106000265,9,78,-69
106000266,131,12,119
106000267,5,64,-59
106000268,207,55,152
106000269,19,22,-3
106000270,66,198,-132
106000271,115,94,21
106000272,141,27,114
106000273,19,164,-145
106000274,101,13,88
106000275,125,161,-36
106000276,35,12,23
106000277,106,160,-54
106000278,62,17,45
106000279,8,7,1
106000280,84,26,58
106000281,120,40,80
106000282,72,35,37
106000283,99,31,68
106000284,110,52,58
106000285,65,44,21
106000286,140,58,82
106000287,96,56,40
106000288,65,97,-32
106000289,84,57,27
106000290,72,36,36
106000291,74,84,-10
106000292,75,27,48
106000293,125,86,39
106000294,47,37,10
106000295,37,34,3
106000296,38,35,3
106000297,33,169,-136
106000298,40,57,-17
106000299,51,66,-15
106000300,36,38,-2
106000301,57,73,-16
106000303,31,54,-23
106000304,7,18,-11
106000305,42,18,24
106000306,39,14,25
106000307,113,13,100
106000308,34,71,-37
106000309,18,53,-35
106000310,311,195,116
106000311,415,82,333
106000312,118,109,9
106000313,288,86,202
106000318,30,303,-273
106000319,1008,241,767
106000320,5,82,-77
106000321,132,107,25
106000322,195,63,132
106000324,12,67,-55
106000325,1733,647,1086
106000326,730,872,-142
106000327,263,53,210
106000328,30,126,-96
106000329,73,173,-100
106000330,65,64,1
106000428,76,188,-112
106000429,161,245,-84
106000430,263,749,-486
106000431,2092,367,1725
106000432,876,1521,-645
106000433,2127,1134,993
106000434,2877,994,1883
106000435,768,1534,-766
106000436,16,99,-83
106000437,313,52,261
106000438,184,169,15
106000439,46,324,-278
106000440,349,450,-101
106000441,1,0,1
106000442,291,1,290
106000443,182,112,70
106000450,1,52,-51
106000451,12,55,-43
106000454,1,163,-162
106000455,6,100,-94
106000456,83,18,65
106000457,27,265,-238
106000458,852,56,796
106000459,236,77,159
106000460,1281,17,1264
106000461,178,220,-42
106000462,1,43,-42
106000463,2,4,-2
106000464,16,698,-682
106000465,625,7,618
106000466,1,248,-247
106000467,261,238,23
106000468,111,98,13
106000469,67,0,67
106000470,123,1848,-1725
106000471,4,246,-242
106000472,124,13,111
106000473,46,7,39
106000474,550,221,329
106000475,891,122,769
106000476,152,247,-95
106000477,64,60,4
106000480,0,419,-419
106900001,0,19,-19
106900002,0,170,-170
106900003,57,203,-146
106900004,0,5,-5
106900006,0,3,-3
106900007,0,8,-8
106900008,526,63,463
106900009,386,141,245
106900010,250,98,152
106900012,655,2156,-1501
106900013,222,55,167
106900014,63,1,62
106900015,17,1,16
106900016,479,19,460
106900017,12,0,12
106900018,0,0,0
106900019,87,0,87
106900020,1183,1610,-427
106900021,192,108,84
106900022,1119,2,1117
106900023,2,77,-75
106900024,332,19,313
106900025,9,193,-184
106900026,1,177,-176
106900027,886,1,885
106900028,3,139,-136
106900029,225,40,185
106900030,4,191,-187
107000001,2217,4859,-2642
107000002,1287,1811,-524
107000003,6266,5560,706
107000004,2384,1468,916
107000005,7068,5306,1762
107000006,2436,1263,1173
107000007,4742,7265,-2523
107000008,3145,2479,666
107000009,8107,7290,817
107000010,4105,3279,826
107000011,445,569,-124
107000012,1469,1174,295
107000013,128,33,95
107000014,60,77,-17
107000015,417,258,159
107000016,811,287,524
107000017,472,1991,-1519
107000018,5,1820,-1815
107000020,573,2334,-1761
107000021,947,346,601
107000022,780,1501,-721
107000023,1349,187,1162
107000024,491,1517,-1026
107000025,227,237,-10
107000026,289,333,-44
107000027,1427,658,769
107000028,1189,606,583
107000029,3537,2859,678
107000030,1808,1251,557
107000031,4567,1982,2585
107000032,269,609,-340
107000033,1646,2477,-831
107000034,3712,810,2902
107000035,383,165,218
107000036,327,1077,-750
107000037,134,588,-454
107000038,252,100,152
107000039,1034,724,310
107000040,170,167,3
107000041,1120,675,445
107000042,377,1745,-1368
107000043,1360,987,373
107000044,224,202,22
107000045,58,144,-86
107000046,723,386,337
107000047,375,405,-30
107000048,701,225,476
107000049,411,450,-39
107000050,787,482,305
107000051,154,187,-33
107000052,871,1145,-274
107000053,337,296,41
107000054,53,118,-65
107000055,378,121,257
107000056,423,340,83
107000057,1249,136,1113
107000058,1610,1955,-345
107000059,1535,1773,-238
107000060,4577,4507,70
107000061,3061,1447,1614
107000062,5554,2465,3089
107000063,3011,1788,1223
107000064,4788,2426,2362
107000065,2041,2148,-107
107000066,1277,2463,-1186
107000067,1198,1227,-29
107000068,725,1092,-367
107000069,1133,592,541
107000070,1067,5,1062
107000071,3805,44,3761
107000072,15,939,-924
107000073,803,593,210
107000074,87,474,-387
107000075,1743,479,1264
107000076,211,605,-394
107000077,3414,1035,2379
107000078,875,1293,-418
107000079,2642,851,1791
107000080,461,1210,-749
107000081,2606,495,2111
107000082,457,447,10
107000083,1458,544,914
107000084,185,568,-383
107000085,2629,2775,-146
107000086,1947,1808,139
107000087,2977,2166,811
107000088,2154,2354,-200
107000089,1767,1941,-174
107000090,818,487,331
107000091,1767,965,802
107000092,699,594,105
107000093,1240,1060,180
107000094,784,646,138
107000095,807,452,355
107000096,402,337,65
107000097,951,211,740
107000098,349,319,30
107000099,490,273,217
107000100,199,160,39
107000101,125,189,-64
107000102,174,121,53
107000103,253,168,85
107000104,110,196,-86
107000105,480,134,346
107000106,80,141,-61
107000107,607,137,470
107000108,117,356,-239
107000109,692,145,547
107000110,76,148,-72
107000111,832,41,791
107000112,71,133,-62
107000113,1018,49,969
107000114,63,287,-224
107000115,1024,484,540
107000116,72,372,-300
107000117,121,1915,-1794
107000118,68,85,-17
107000119,989,1493,-504
107000120,795,695,100
107000121,939,522,417
107000122,776,408,368
107000123,563,386,177
107000124,662,322,340
107000125,1151,330,821
107000126,1098,252,846
107000129,266,314,-48
107000130,980,220,760
107000131,246,338,-92
107000132,735,234,501
107000133,283,244,39
107000134,178,1,177
107000135,3,247,-244
107000136,478,4,474
107000137,15,483,-468
107000138,108,12,96
107000139,9,609,-600
107000140,1420,30,1390
107000141,63,725,-662
107000142,524,55,469
107000143,56,437,-381
107000144,603,510,93
107000145,97,293,-196
107000146,138,238,-100
107000147,3797,645,3152
107000150,301,2843,-2542
107000151,25,46,-21
107000152,923,2174,-1251
107000153,64,173,-109
107000154,13,300,-287
107000155,802,7,795
107000156,1104,11,1093
107000157,75,349,-274
107000158,994,16,978
107000159,16,339,-323
107000160,1518,133,1385
107000161,28,308,-280
107000162,348,549,-201
107000163,120,0,120
107000164,888,0,888
107000165,1535,5,1530
107000166,23,269,-246
107000167,919,173,746
107000168,961,395,566
107000169,286,272,14
107000170,2919,570,2349
107000171,430,542,-112
107000172,1490,1651,-161
107000173,373,356,17
107000174,943,5759,-4816
107000175,2268,676,1592
107000176,0,0,0
107000177,1,0,1
107000178,37,13,24
107000179,291,583,-292
107000180,2000,136,1864
107000181,486,386,100
107000182,2043,385,1658
107000183,207,326,-119
107000184,1323,332,991
107000185,345,671,-326
107000186,1104,333,771
107000187,1007,914,93
107000188,520,372,148
107000189,487,543,-56
107000190,667,491,176
107000191,961,897,64
107000192,1588,382,1206
107000193,355,474,-119
107000194,667,490,177
107000197,906,196,710
107000198,266,351,-85
107000199,1112,389,723
107000200,571,441,130
107000201,317,431,-114
107000202,370,365,5
107000203,444,1551,-1107
107000204,435,1695,-1260
107000205,735,545,190
107000206,335,1385,-1050
107000207,362,1165,-803
107000208,382,459,-77
107000209,484,883,-399
107000210,163,160,3
107000211,0,49,-49
107000212,13,124,-111
107000213,10,8,2
107000214,28,47,-19
107000215,466,116,350
107000216,411,250,161
107000217,142,77,65
107000219,65,160,-95
107000220,133,63,70
107000222,200,262,-62
107000224,485,114,371
107000225,144,144,0
107000226,462,92,370
107000227,93,58,35
107000228,236,418,-182
107000229,43,131,-88
107000230,898,294,604
107000231,435,1929,-1494
107000232,150,9,141
107000233,191,963,-772
107000234,1,50,-49
107000235,96,21,75
107000236,5,426,-421
107000237,18,0,18
107000238,19,1,18
107000239,1562,507,1055
107000240,73,228,-155
107000243,0,21,-21
107000244,6,46,-40
107000246,1,761,-760
107000249,1,738,-737
107000251,0,169,-169
107000252,0,291,-291
107000255,124,171,-47
107000257,1,276,-275
107000258,3,133,-130
107000259,1,126,-125
107000260,1782,9,1773
107000262,10,160,-150
107000263,417,5,412
107000266,6,13,-7
107000267,16,74,-58
107000268,116,42,74
107000269,33,5,28
107000270,246,73,173
107000271,4,0,4
107000272,165,0,165
107000273,3,290,-287
107000274,331,23,308
107000275,127,1487,-1360
107000280,1113,14,1099
107000281,20,196,-176
107000282,43,285,-242
107000290,10,40,-30
107000291,19,16,3
107000292,3,283,-280
107000293,13,13,0
107000294,0,89,-89
107000295,50,4,46
107000296,0,10,-10
107000444,216,1,215
107000496,1,3,-2
107000497,711,818,-107
107000500,297,299,-2
107000501,147,162,-15
107000502,263,352,-89
107000505,276,452,-176
107000506,0,1,-1
107000508,4,129,-125
107000509,167,538,-371
107000510,25,28,-3
107000514,25,384,-359
107000515,36,56,-20
107000516,504,285,219
107000518,1365,2653,-1288
107000519,943,442,501
107000520,75,35,40
107000521,890,168,722
107000522,1335,284,1051
107900001,142,49,93
107900002,57,1,56
107900003,406,13,393
107900004,3,0,3
107900005,2025,3,2022
107900006,174,12,162
107900007,370,48,322
107900008,23,1,22
107900009,54,1,53
107900010,62,2,60
107900012,287,32,255
107900013,138,12,126
107900014,100,3,97
107900015,1117,6,1111
107900016,321,48,273
107900017,14,2,12
107900018,85,294,-209
107900019,8,2,6
107900020,4,3,1
107900021,116,18,98
107900023,2,6,-4
107900024,0,3,-3
107900025,191,103,88
107900026,98,11,87
107900027,10,15,-5
107900028,137,21,116
107900030,232,50,182
107900031,41,33,8
107900032,32,2,30
107900033,21,3,18
107900034,212,16,196
107900035,1398,58,1340
107900036,49,27,22
107900037,0,1,-1
107900038,30,238,-208
107900039,35,25,10
107900040,10,109,-99
107900041,1,5,-4
107900043,50,52,-2
107900044,5,11,-6
107900045,175,50,125
107900046,254,254,0
107900047,49,6,43
107900048,344,34,310
107900049,162,649,-487
107900050,35,99,-64
107900051,30,15,15
107900052,9,38,-29
107900053,51,35,16
107900055,290,129,161
107900056,127,108,19
107900057,5,0,5
107900058,8,171,-163
107900060,12,31,-19
107900061,3,9,-6
107900063,63,83,-20
107900064,129,382,-253
107900065,318,8,310
107900066,19,3,16
107900067,1,0,1
107900068,61,1046,-985
107900069,24,2902,-2878
107900070,147,92,55
107900071,18,128,-110
107900072,185,25,160
107900073,123,42,81
107900074,124,309,-185
107900076,131,10,121
107900077,111,3,108
107900079,17,19,-2
107900080,113,834,-721
107900081,56,44,12
107900082,2,3,-1
107900083,314,145,169
107900084,146,59,87
107900086,47,225,-178
107900087,153,86,67
107900088,55,14,41
107900089,190,401,-211
107900090,236,1934,-1698
107900091,99,99,0
107900093,39,39,0
107900095,819,1188,-369
107900097,10,65,-55
107900098,43,194,-151
107900100,692,1100,-408
107900101,286,53,233
107900102,29,9,20
107900103,36,85,-49
107900104,120,2,118
107900105,1,87,-86
107900106,0,283,-283
107900107,667,380,287
107900108,105,46,59
107900109,1865,27,1838
107900110,57,28,29
107900111,4,206,-202
107900112,57,383,-326
107900113,238,45,193
107900114,262,37,225
107900115,0,7,-7
107900116,265,27,238
107900117,148,87,61
107900118,23,60,-37
107900119,101,135,-34
107900120,36,43,-7
107900121,5,71,-66
107900122,1,70,-69
107900123,18,28,-10
107900124,13,32,-19
107900125,3,168,-165
107900126,42,59,-17
107900127,294,280,14
107900128,58,43,15
107900129,99,18,81
107900130,96,8,88
107900131,85,469,-384
107900132,32,139,-107
107900133,1,21,-20
107900134,19,92,-73
107900135,4,81,-77
107900136,20,14,6
107900137,59,54,5
107900138,106,12,94
107900139,56,24,32
107900141,17,19,-2
107900142,13,318,-305
107900143,13,3,10
107900144,2,96,-94
107900145,12,27,-15
107900146,17,98,-81
107900147,29,19,10
107900148,40,39,1
107900149,318,49,269
107900150,17,157,-140
107900151,41,26,15
107900152,21,68,-47
107900153,59,202,-143
107900154,52,21,31
107900155,69,55,14
107900156,7,45,-38
107900157,4,14,-10
107900158,858,20,838
107900159,24,218,-194
107900160,178,52,126
107900161,57,23,34
107900162,1,21,-20
107900163,4,43,-39
107900164,9,25,-16
107900165,16,197,-181
107900166,31,12,19
107900167,5,46,-41
107900168,72,9,63
107900169,1,211,-210
107900171,4,177,-173
107900172,0,82,-82
107900173,17,37,-20
107900174,146,1,145
107900175,7,59,-52
107900176,80,13,67
107900177,0,67,-67
107900178,0,41,-41
107900179,20,47,-27
107900180,292,942,-650
107900181,157,118,39
107900182,1,255,-254
107900183,57,28,29
107900184,90,65,25
107900185,163,4,159
107900186,5,14,-9
107900187,0,43,-43
107900188,280,71,209
107900189,34,52,-18
107900190,12,167,-155
107900191,27,29,-2
107900193,11,106,-95
107900194,172,12,160
107900195,603,105,498
107900196,95,24,71
107900197,135,286,-151
107900199,2,270,-268
107900201,94,19,75
107900203,33,21,12
107900204,143,93,50
107900206,393,450,-57
107900207,3,164,-161
107900208,22,113,-91
107900209,131,116,15
107900210,21,32,-11
107900213,118,267,-149
107900214,14,24,-10
107900215,66,295,-229
107900216,33,17,16
107900217,15,41,-26
107900218,21,944,-923
107900219,12,13,-1
107900220,31,171,-140
107900221,72,84,-12
107900223,87,100,-13
107900224,45,281,-236
107900225,4,179,-175
107900226,28,45,-17
107900227,47,120,-73
107900228,87,32,55
107900229,0,63,-63
107900230,24,8,16
107900231,16,57,-41
107900232,133,37,96
107900233,22,22,0
107900234,101,80,21
107900235,3,60,-57
107900236,328,41,287
107900237,2,113,-111
107900238,34,23,11
107900239,153,507,-354
107900240,35,27,8
107900241,2,4,-2
107900242,19,41,-22
107900243,2,24,-22
107900244,198,6,192
107900245,849,40,809
107900246,223,34,189
107900248,310,46,264
107900249,966,67,899
107900250,0,122,-122
107900251,15,435,-420
107900252,714,41,673
107900253,213,12,201
107900254,42,98,-56
107900255,86,60,26
107900256,277,738,-461
107900257,278,79,199
107900258,146,60,86
107900259,34,2599,-2565
107900261,0,41,-41
107900262,33,36,-3
107900264,554,34,520
107900265,127,76,51
107900267,422,10,412
107900268,2,0,2
107900269,0,1,-1
107900270,0,0,0
107900271,5,32,-27
107900272,19,32,-13
107900273,56,46,10
107900274,113,0,113
107900275,23,0,23
107900276,1,39,-38
107900277,0,73,-73
107900278,292,76,216
107900279,43,54,-11
107900280,1967,922,1045
107900281,470,4253,-3783
107900282,46,899,-853
107900283,514,586,-72
107900284,595,233,362
107900285,125,12,113
107900286,18,32,-14
107900287,325,95,230
107900290,0,271,-271
107900291,475,32,443
107900292,118,42,76
107900293,61,85,-24
107900295,40,13,27
107900297,3,138,-135
107900298,374,226,148
107900299,988,2375,-1387
107900301,661,725,-64
107900302,88,21,67
107900303,268,144,124
107900304,412,53,359
107900305,335,9,326
107900306,4,40,-36
107900307,36,106,-70
107900308,150,109,41
107900309,26,0,26
107900310,48,0,48
107900311,2,334,-332
107900312,36,0,36
107900313,1,142,-141
107900314,2,71,-69
107900315,0,35,-35
107900316,19,1,18
107900317,79,5,74
107900318,2,154,-152
107900319,4,55,-51
107900320,0,50,-50
107900321,191,0,191
107900322,2,51,-49
107900323,2,55,-53
107900324,58,4,54
107900325,127,3,124
107900326,371,67,304
107900327,2,118,-116
107900328,23,0,23
107900329,65,180,-115
107900330,3,59,-56
107900331,399,9,390
107900332,407,11,396
107900333,61,23,38
107900334,4,38,-34
107900335,7,33,-26
107900336,34,47,-13
107900337,293,936,-643
107900338,4,36,-32
107900339,1,12,-11
107900340,0,53,-53
107900341,49,0,49
107900342,143,21,122
107900343,62,0,62
107900344,5,18,-13
107900345,52,11,41
107900346,13,0,13
107900347,7,3,4
107900348,1,4,-3
107900349,21,7,14
107900350,6,97,-91
107900351,4,46,-42
107900352,0,8,-8
107900353,14,11,3
107900354,53,36,17
108000001,3814,3397,417
108000002,1448,1157,291
108000003,2535,2848,-313
108000004,7245,7704,-459
108000005,6508,5021,1487
108000006,3040,3121,-81
108000007,4274,4013,261
108000008,2406,2944,-538
108000009,4207,4640,-433
108000010,1848,2475,-627
108000011,10357,9460,897
108000012,6910,6828,82
108000014,438,1011,-573
108000015,748,157,591
108000016,216,681,-465
108000017,1013,244,769
108000018,1451,455,996
108000019,882,650,232
108000020,1082,318,764
108000021,203,848,-645
108000022,281,553,-272
108000023,1301,190,1111
108000024,311,234,77
108000025,370,84,286
108000026,988,201,787
108000027,766,267,499
108000028,962,110,852
108000029,661,317,344
108000030,429,75,354
108000031,183,158,25
108000032,1959,478,1481
108000033,455,414,41
108000034,1550,406,1144
108000035,514,905,-391
108000036,267,442,-175
108000037,2029,264,1765
108000038,3274,346,2928
108000039,305,769,-464
108000040,1962,762,1200
108000041,393,1157,-764
108000042,446,108,338
108000043,220,64,156
108000044,717,98,619
108000045,256,120,136
108000046,1531,272,1259
108000047,256,313,-57
108000048,83,142,-59
108000049,897,145,752
108000050,52,326,-274
108000051,407,178,229
108000052,92,266,-174
108000053,459,237,222
108000054,254,549,-295
108000055,991,564,427
108000056,484,985,-501
108000057,609,1245,-636
108000058,1478,3764,-2286
108000059,1338,1047,291
108000060,281,1009,-728
108000061,215,299,-84
108000062,944,455,489
108000063,308,257,51
108000064,354,126,228
108000065,590,321,269
108000066,1162,691,471
108000067,1799,634,1165
108000068,975,367,608
108000069,135,379,-244
108000070,2089,550,1539
108000071,461,694,-233
108000072,1284,561,723
108000073,632,672,-40
108000074,655,332,323
108000075,318,290,28
108000076,867,320,547
108000077,421,307,114
108000078,2197,727,1470
108000079,361,553,-192
108000080,1680,337,1343
108000081,482,553,-71
108000082,414,830,-416
108000083,1385,792,593
108000084,304,547,-243
108000085,1094,426,668
108000086,349,325,24
108000087,178,1848,-1670
108000088,712,267,445
108000089,296,238,58
108000091,249,251,-2
108000092,160,68,92
108000093,214,280,-66
108000094,649,92,557
108000095,205,167,38
108000096,468,175,293
108000097,172,224,-52
108000098,1955,748,1207
108000099,1215,164,1051
108000100,194,505,-311
108000101,1463,1482,-19
108000102,1522,3388,-1866
108000106,864,0,864
108000107,2,444,-442
108000108,470,44,426
108000109,11,366,-355
108000110,455,166,289
108000111,229,381,-152
108000112,53,113,-60
108000113,248,95,153
108000115,191,237,-46
108000117,299,300,-1
108000118,291,2256,-1965
108000119,348,175,173
108000120,155,845,-690
108000121,253,294,-41
108000122,650,309,341
108000123,676,88,588
108000124,353,258,95
108000125,717,98,619
108000126,225,184,41
108000127,616,161,455
108000128,603,115,488
108000129,339,260,79
108000130,479,194,285
108000131,785,362,423
108000132,411,561,-150
108000133,1031,362,669
108000134,435,223,212
108000135,975,565,410
108000136,190,280,-90
108000137,492,152,340
108000138,421,328,93
108000139,614,140,474
108000140,416,6,410
108000141,55,22,33
108000142,50,59,-9
108000143,55,118,-63
108000144,727,43,684
108000145,62,1,61
108000146,953,32,921
108000147,25,8,17
108000148,689,43,646
108000149,25,7,18
108000150,102,5,97
108000151,28,50,-22
108000152,127,167,-40
108000153,750,92,658
108000154,46,3,43
108000155,69,26,43
108000156,466,244,222
108000157,155,1811,-1656
108000158,124,875,-751
108000159,138,213,-75
108000160,1124,1322,-198
108000161,884,3389,-2505
108000165,4,287,-283
108000172,0,283,-283
108000173,414,1997,-1583
108000175,715,91,624
108000178,323,246,77
108000179,147,1011,-864
108000181,123,19,104
108000182,95,42,53
108000183,6,120,-114
108000184,538,2878,-2340
108000185,178,93,85
108000186,483,100,383
108000187,91,110,-19
108000188,705,109,596
108000189,921,10889,-9968
108000190,28,51,-23
108000192,227,110,117
108000193,190,7,183
108000194,17,11,6
108000195,0,419,-419
108000196,106,82,24
108000198,884,79,805
108000199,0,293,-293
108000200,458,90,368
108000203,122,142,-20
108000204,172,66,106
108000205,117,137,-20
108000339,672,362,310
108000364,152,384,-232
108000365,42,228,-186
108000367,64,100,-36
108000368,10,61,-51
108000369,309,107,202
108000371,6,467,-461
108000372,688,4,684
108000373,155,83,72
108000376,95,20,75
108000377,622,90,532
108000378,6613,11375,-4762
108000379,31,130,-99
108000381,103,11,92
108000382,118,0,118
108000383,2,290,-288
108900001,12,186,-174
108900002,182,48,134
108900003,80,324,-244
108900004,28,360,-332
108900007,250,79,171
108900008,154,56,98
108900009,116,57,59
108900010,307,59,248
108900011,713,151,562
108900012,395,164,231
108900013,168,143,25
108900014,12,73,-61
108900015,3,116,-113
108900016,0,104,-104
108900017,118,294,-176
108900018,152,167,-15
108900019,16,184,-168
108900020,73,57,16
108900021,110,89,21
108900022,40,1,39
108900023,33,35,-2
108900024,33,20,13
108900025,240,41,199
108900026,2,47,-45
108900027,1,29,-28
108900028,87,32,55
108900029,84,119,-35
108900030,0,14,-14
108900031,150,76,74
108900032,0,83,-83
108900033,41,42,-1
108900034,0,40,-40
108900035,146,273,-127
108900038,1,81,-80
108900039,1,53,-52
108900040,8,40,-32
108900041,2231,2687,-456
108900042,1,278,-277
108900043,32,148,-116
108900044,1,87,-86
108900045,74,82,-8
108900046,7,171,-164
108900047,23,292,-269
108900048,67,180,-113
108900049,719,1903,-1184
108900050,0,63,-63
108900051,2,72,-70
108900052,19,63,-44
108900053,30,330,-300
108900054,72,71,1
108900055,12,273,-261
108900056,4,48,-44
108900057,0,42,-42
108900058,28,103,-75
108900059,663,36,627
108900060,64,169,-105
108900061,50,10,40
108900062,0,105,-105
108900063,5,55,-50
108900064,332,2,330
108900065,9,66,-57
108900066,476,90,386
108900067,7,97,-90
108900068,14,69,-55
108900069,67,16,51
108900070,20,29,-9
108900071,128,41,87
108900072,821,291,530
108900073,37,106,-69
108900074,352,43,309
108900075,15,19,-4
108900076,450,38,412
108900077,69,98,-29
108900078,44,21,23
108900079,127,54,73
108900080,5,707,-702
108900081,46,149,-103
108900082,55,30,25
108900083,11,214,-203
108900085,675,61,614
108900086,174,102,72
108900087,43,98,-55
108900088,699,286,413
108900089,7,132,-125
108900090,53,45,8
108900091,135,11,124
108900092,498,180,318
108900093,84,87,-3
108900094,266,83,183
108900095,18,78,-60
108900096,158,2,156
108900097,273,50,223
108900098,645,651,-6
108900099,449,70,379
108900100,56,37,19
108900101,160,258,-98
108900102,37,1140,-1103
108900103,113,138,-25
108900105,5,1890,-1885
108900106,532,68,464
108900108,309,12,297
108900109,511,70,441
108900110,159,136,23
108900111,517,155,362
108900113,49,42,7
108900114,95,6,89
108900115,107,64,43
108900116,41,3,38
108900117,260,9,251
108900118,689,28,661
108900119,358,23,335
108900120,266,211,55
108900121,250,88,162
108900122,182,23,159
108900123,250,122,128
108900124,875,167,708
108900125,690,2,688
108900126,222,32,190
108900127,239,52,187
108900128,220,41,179
108900129,1212,116,1096
108900130,445,4,441
108900131,523,9,514
108900132,462,29,433
108900133,313,26,287
108900134,792,63,729
108900135,341,10,331
108900136,43,1,42
108900137,250,10,240
108900138,911,37,874
108900140,493,40,453
108900141,500,4,496
108900142,70,12,58
108900143,71,1,70
108900144,91,5,86
108900145,245,13,232
108900146,102,0,102
108900147,284,5,279
108900148,64,6,58
108900150,211,8,203
108900151,27,3,24
108900152,151,2,149
108900153,192,85,107
108900154,3594,228,3366
108900156,88,8,80
108900157,18,183,-165
108900158,416,20,396
108900159,2,70,-68
108900160,29,77,-48
108900161,6,103,-97
108900162,210,1,209
108900163,9,387,-378
108900164,47,20,27
108900168,2251,1957,294
108900169,55,64,-9
108900171,1576,3067,-1491
108900172,123,30,93
108900173,48,145,-97
108900174,910,252,658
108900176,58,214,-156
108900177,1972,7405,-5433
108900178,1479,3619,-2140
108900180,93,253,-160
108900183,145,116,29
108900184,560,172,388
108900185,65,225,-160
108900186,65,251,-186
108900189,352,57,295
108900190,469,894,-425
108900192,59,105,-46
108900195,69,66,3
108900196,36,102,-66
108900199,138,186,-48
108900200,635,235,400
108900201,252,676,-424
108900203,367,136,231
108900204,305,8,297
108900205,265,15,250
108900206,350,45,305
108900207,171,168,3
108900208,5,137,-132
108900209,186,296,-110
108900210,73,92,-19
108900211,168,529,-361
108900212,103,1406,-1303
108900215,45,260,-215
108900216,129,224,-95
108900217,77,0,77
108900218,33,11,22
108900221,21,56,-35
108900224,13,71,-58
108900225,0,77,-77
108900227,147,335,-188
108900230,56,91,-35
108900232,0,71,-71
108900233,390,97,293
108900234,198,102,96
108900235,84,249,-165
108900236,21,102,-81
108900240,63,47,16
108900241,52,23,29
108900245,2,1144,-1142
108900250,114,26,88
108900258,34,39,-5
108900259,7,14,-7
108900260,4,34,-30
108900261,25,48,-23
108900262,68,105,-37
108900263,19,122,-103
108900264,97,189,-92
108900265,412,403,9
108900266,141,978,-837
108900267,14,230,-216
108900268,7,9,-2
108900269,172,14,158
108900270,83,12,71
108900271,39,12,27
108900272,215,23,192
108900273,154,628,-474
108900274,73,21,52
109000001,2503,2304,199
109000002,743,2183,-1440
109000003,3151,397,2754
109000004,504,1413,-909
109000005,2128,496,1632
109000006,704,1202,-498
109000007,1735,536,1199
109000008,712,961,-249
109000009,3042,1083,1959
109000010,625,2046,-1421
109000011,4139,1655,2484
109000012,1418,1739,-321
109000013,4174,3597,577
109000014,1332,1403,-71
109000015,4133,12268,-8135
109000016,3741,1626,2115
109000017,2965,1118,1847
109000018,1052,1433,-381
109000019,2329,1252,1077
109000020,759,1337,-578
109000023,236,18,218
109000024,10,78,-68
109000025,255,593,-338
109000026,443,276,167
109000027,87,355,-268
109000028,75,34,41
109000029,112,312,-200
109000030,21,250,-229
109000031,246,114,132
109000032,114,218,-104
109000033,392,236,156
109000034,23,33,-10
109000035,4,59,-55
109000036,37,225,-188
109000037,323,2511,-2188
109000038,275,210,65
109000039,890,660,230
109000040,1416,8512,-7096
109000041,1223,2235,-1012
109000042,368,1058,-690
109000044,420,194,226
109000045,180,334,-154
109000046,488,59,429
109000047,64,265,-201
109000048,588,381,207
109000049,133,297,-164
109000050,393,333,60
109000051,147,74,73
109000052,564,422,142
109000053,1612,210,1402
109000054,123,259,-136
109000055,258,234,24
109000056,301,179,122
109000057,780,412,368
109000058,570,81,489
109000059,215,1132,-917
109000060,381,423,-42
109000061,291,1307,-1016
109000062,114,351,-237
109000063,156,77,79
109000064,304,76,228
109000065,142,124,18
109000066,490,43,447
109000067,53,148,-95
109000068,601,3,598
109000069,401,8,393
109000070,51,1149,-1098
109000071,456,58,398
109000072,97,233,-136
109000073,91,78,13
109000074,17,98,-81
109000075,71,190,-119
109000076,211,282,-71
109000077,235,168,67
109000078,146,142,4
109000079,120,63,57
109000080,307,46,261
109000081,180,226,-46
109000082,911,81,830
109000083,262,289,-27
109000088,167,256,-89
109000089,260,42,218
109000090,137,204,-67
109000091,336,97,239
109000092,199,212,-13
109000093,259,124,135
109000094,831,4,827
109000095,197,219,-22
109000096,816,201,615
109000097,59,101,-42
109000098,37,124,-87
109000099,716,104,612
109000100,184,426,-242
109000101,1440,305,1135
109000102,456,329,127
109000103,1075,355,720
109000104,2242,299,1943
109000105,474,492,-18
109000106,1584,401,1183
109000107,394,869,-475
109000108,1953,411,1542
109000109,304,832,-528
109000110,1057,335,722
109000111,540,1278,-738
109000112,233,76,157
109000113,328,100,228
109000114,94,220,-126
109000115,825,58,767
109000116,22,388,-366
109000117,256,36,220
109000118,10,131,-121
109000119,1361,72,1289
109000120,270,259,11
109000121,888,36,852
109000122,177,212,-35
109000123,69,136,-67
109000124,851,171,680
109000125,656,218,438
109000126,412,301,111
109000127,2212,220,1992
109000128,615,440,175
109000129,2606,469,2137
109000130,370,587,-217
109000131,1525,1080,445
109000132,650,1184,-534
109000133,180,403,-223
109000134,435,612,-177
109000135,530,756,-226
109000136,238,145,93
109000137,332,202,130
109000138,431,113,318
109000139,491,203,288
109000140,211,205,6
109000141,1009,310,699
109000142,99,256,-157
109000143,121,61,60
109000145,103,398,-295
109000146,61,64,-3
109000148,1035,1140,-105
109000149,13,93,-80
109000150,122,287,-165
109000155,933,556,377
109000156,655,205,450
109000158,46,139,-93
109000159,65,211,-146
109000160,1335,96,1239
109000161,525,523,2
109000162,1776,253,1523
109000163,1239,852,387
109000164,1441,1195,246
109000165,1388,321,1067
109000166,1188,62,1126
109000167,147,289,-142
109000170,31,17,14
109000171,118,33,85
109000172,16,38,-22
109000173,47,88,-41
109000174,168,25,143
109000175,111,131,-20
109000176,434,83,351
109000177,38,45,-7
109000178,793,161,632
109000179,1708,4475,-2767
109000180,2068,2323,-255
109000181,43,16,27
109000182,47,22,25
109000183,76,5,71
109000184,49,12,37
109000185,39,24,15
109000188,286,680,-394
109000189,2255,481,1774
109000190,610,254,356
109000191,370,269,101
109000192,541,54,487
109000193,255,60,195
109000194,283,24,259
109000195,142,83,59
109000196,326,28,298
109000197,185,167,18
109000198,334,22,312
109000199,187,201,-14
109000206,178,45,133
109000207,264,49,215
109000208,109,108,1
109000209,150,83,67
109000210,108,240,-132
109000211,876,280,596
109000214,409,231,178
109000215,123,49,74
109000216,338,258,80
109000217,104,91,13
109000218,267,185,82
109000221,185,527,-342
109000222,691,160,531
109000223,438,265,173
109000224,52,37,15
109000225,129,19,110
109000226,69,141,-72
109000227,1373,261,1112
109000228,2,1450,-1448
109000231,0,67,-67
109000232,430,55,375
109000236,165,387,-222
109000241,1521,860,661
109000242,1245,575,670
109000293,64,84,-20
109000361,148,193,-45
109000364,106,185,-79
109000396,0,186,-186
109000397,726,26,700
109000399,116,186,-70
109000400,116,180,-64
109000403,38,1408,-1370
109000406,434,1,433
109000407,309,130,179
109000408,0,218,-218
109000410,701,136,565
109000411,381,24,357
109000412,3,46,-43
109900001,107,0,107
109900002,787,18,769
109900003,381,3,378
109900005,26,0,26
109900006,409,123,286
109900007,1084,116,968
109900008,0,14,-14
109900009,137,135,2
109900010,583,14,569
109900011,44,29,15
109900012,238,119,119
109900013,373,87,286
109900014,350,52,298
109900015,171,77,94
109900016,145,10,135
109900017,185,206,-21
109900018,187,27,160
109900019,257,36,221
109900020,24,30,-6
109900021,24,6,18
109900022,150,158,-8
109900023,7,4,3
109900024,36,0,36
109900025,8,14,-6
109900027,27,20,7
109900028,313,1476,-1163
109900029,3,91,-88
109900030,54,9,45
109900031,0,116,-116
109900032,3,132,-129
109900033,3,295,-292
109900034,35,0,35
109900035,12,14,-2
109900036,20,20,0
109900037,5,166,-161
109900038,119,145,-26
109900039,8,0,8
109900040,24,163,-139
109900041,41,113,-72
109900042,9,435,-426
109900044,70,116,-46
109900045,54,46,8
109900046,196,39,157
109900047,90,154,-64
109900048,0,42,-42
109900049,6,26,-20
109900050,0,48,-48
109900051,0,12,-12
109900052,53,111,-58
109900053,0,47,-47
109900054,888,105,783
109900055,67,102,-35
109900056,18,259,-241
109900057,3,52,-49
109900058,0,36,-36
109900060,634,76,558
109900061,32,76,-44
109900062,0,62,-62
109900064,574,100,474
109900065,48,77,-29
109900066,192,284,-92
109900067,0,59,-59
109900068,88,1,87
109900069,21,7,14
109900071,1,11,-10
109900072,33,74,-41
109900073,389,79,310
109900074,13,3,10
109900075,21,35,-14
109900076,15,60,-45
109900077,21,8,13
109900078,57,135,-78
109900080,87,90,-3
109900081,6,148,-142
109900082,37,110,-73
109900083,20,27,-7
109900084,41,59,-18
109900085,85,204,-119
109900086,74,853,-779
109900087,66,265,-199
109900089,797,151,646
109900092,165,23,142
109900093,1026,96,930
109900094,109,53,56
109900095,25,101,-76
109900096,103,2,101
109900097,178,1,177
109900098,645,16,629
109900099,396,1,395
109900100,90,0,90
109900101,659,8,651
109900102,485,18,467
109900103,21,20,1
109900104,907,124,783
109900105,487,24,463
109900106,384,25,359
109900107,524,32,492
109900108,105,104,1
109900109,40,67,-27
109900111,76,188,-112
109900114,532,1089,-557
109900115,173,46,127
109900117,1095,68,1027
109900121,220,235,-15
109900123,22,32,-10
109900125,0,77,-77
109900126,308,31,277
109900130,1850,2374,-524
109900131,24,87,-63
109900132,7,105,-98
109900134,32,69,-37
109900135,165,21,144
109900137,129,137,-8
109900140,174,33,141
109900149,28,33,-5
109900150,0,41,-41
109900151,5,33,-28
109900152,0,12,-12
109900153,0,51,-51
109900154,31,0,31
109900155,50,18,32
109900157,27,93,-66
109900159,115,28,87
109900161,253,57,196
109900162,222,131,91
109900163,186,116,70
109900164,59,147,-88
109900165,299,1,298
109900166,0,62,-62
109900167,108,115,-7
109900168,247,274,-27
109900169,157,67,90
109900170,236,1053,-817
109900171,243,76,167
109900172,235,295,-60
109900173,648,2426,-1778
109900174,5,80,-75
109900175,66,76,-10
109900176,138,163,-25
109900177,15,64,-49
109900178,1,216,-215
109900179,5,18,-13
109900180,11,11,0
110000001,553,289,264
110000002,388,664,-276
110000003,413,528,-115
110000004,324,407,-83
110000005,218,1633,-1415
110000006,244,207,37
110000007,92,85,7
110000008,33,101,-68
110000009,38,19,19
110000010,27,87,-60
110000011,20,27,-7
110000012,443,140,303
110000013,70,766,-696
110000014,499,293,206
110000015,188,564,-376
110000016,141,1460,-1319
110000017,1883,198,1685
110000018,2011,208,1803
110000019,4,67,-63
110000020,446,180,266
110000021,181,374,-193
110000022,627,79,548
110000023,4,72,-68
110000024,406,291,115
110000025,517,2,515
110000026,7,148,-141
110000027,403,986,-583
110000028,931,478,453
110000029,464,431,33
110000030,305,304,1
110000031,323,201,122
110000032,607,182,425
110000033,192,142,50
110000034,378,384,-6
110000035,601,335,266
110000036,881,346,535
110000037,242,238,4
110000038,197,481,-284
110000039,902,3966,-3064
110000040,287,135,152
110000041,284,1773,-1489
110000042,87,329,-242
110000043,655,264,391
110000044,19,566,-547
110000045,88,87,1
110000046,1,69,-68
110000047,8,56,-48
110000048,8,18,-10
110000049,12,13,-1
110000050,11,74,-63
110000051,28,0,28
110000052,42,26,16
110000053,27,15,12
110000054,81,334,-253
110000055,132,57,75
110000056,58,77,-19
110000057,368,467,-99
110000058,757,303,454
110000059,725,324,401
110000060,1076,742,334
110000061,382,410,-28
110000062,499,689,-190
110000063,66,197,-131
110000064,130,40,90
110000065,88,65,23
110000066,64,6,58
110000067,48,88,-40
110000068,321,64,257
110000069,400,19,381
110000071,332,35,297
110000073,44,7,37
110000075,34,39,-5
110000076,247,182,65
110000077,222,662,-440
110000078,57,9,48
110000080,251,297,-46
110000081,42,142,-100
110000082,41,232,-191
110000083,170,367,-197
110000084,1292,808,484
110000085,710,915,-205
110000086,800,2217,-1417
110000087,17,31,-14
110000088,148,183,-35
110000089,331,27,304
110000090,184,118,66
110000091,618,113,505
110000092,17,38,-21
110000093,45,34,11
110000094,293,102,191
110000095,128,607,-479
110000096,948,1434,-486
110000097,756,1452,-696
110000098,1399,591,808
110000099,619,1053,-434
110000100,1262,175,1087
110000101,43,81,-38
110000102,118,57,61
110000104,367,223,144
110000105,42,154,-112
110000106,410,598,-188
110000107,142,262,-120
110000108,91,73,18
110000109,125,192,-67
110000110,1111,2473,-1362
110000111,2441,2786,-345
110000112,210,1065,-855
110000113,58,2316,-2258
110000114,316,514,-198
110000115,525,289,236
110000116,73,81,-8
110000117,347,123,224
110000118,586,118,468
110000119,304,91,213
110000120,330,130,200
110000121,55,199,-144
110000122,224,198,26
110000123,550,208,342
110000124,1,476,-475
110000125,905,4,901
110000126,273,20,253
110000127,1212,55,1157
110000128,15,372,-357
110000129,3,233,-230
110000130,294,185,109
110000131,32,224,-192
110000132,0,219,-219
110000133,36,417,-381
110000134,41,282,-241
110000135,174,26,148
110000136,88,261,-173
110000137,648,238,410
110000138,831,358,473
110000139,1148,346,802
110000140,751,688,63
110000143,389,154,235
110000144,1762,1775,-13
110000145,1274,1320,-46
110000146,815,428,387
110000147,319,506,-187
110000148,540,108,432
110000151,411,1374,-963
110000152,427,405,22
110000153,119,7,112
110000154,11,26,-15
110000155,383,2715,-2332
110000156,760,1860,-1100
110000157,970,1728,-758
110000160,255,348,-93
110000161,184,162,22
110000166,553,24,529
110000167,826,515,311
110000168,801,568,233
110000169,676,227,449
110000170,168,48,120
110000171,501,88,413
110000172,167,331,-164
110000173,551,729,-178
110000174,113,400,-287
110000175,835,39,796
110000176,122,505,-383
110000177,176,1097,-921
110000178,379,2161,-1782
110000179,667,269,398
110000180,243,149,94
110000181,832,276,556
110000182,272,86,186
110000183,3289,6105,-2816
110000184,193,2137,-1944
110000185,374,555,-181
110000186,497,554,-57
110000191,1297,86,1211
110000192,514,14,500
110000193,1239,7,1232
110000194,2,312,-310
110000195,584,120,464
110000196,480,70,410
110000197,95,51,44
110000198,81,41,40
110000199,30,69,-39
110000200,437,330,107
110000201,755,1062,-307
110000202,926,454,472
110000203,316,329,-13
110000204,6,134,-128
110000205,263,38,225
110000206,341,355,-14
110000207,1172,226,946
110000208,141,241,-100
110000209,60,330,-270
110000210,1527,268,1259
110000211,673,482,191
110000212,375,848,-473
110000213,340,51,289
110000214,480,33,447
110000215,145,113,32
110000216,100,85,15
110000217,419,66,353
110000218,185,99,86
110000219,449,22,427
110000220,30,80,-50
110000221,372,11,361
110000222,78,224,-146
110000223,5,172,-167
110000224,2,4,-2
110000225,154,453,-299
110000226,265,45,220
110000227,626,559,67
110000228,264,52,212
110000229,0,46,-46
110000230,505,557,-52
110000231,161,182,-21
110000232,115,142,-27
110000233,132,212,-80
110000234,384,825,-441
110000235,894,795,99
110000236,679,317,362
110000237,2085,921,1164
110000238,733,914,-181
110000239,1622,650,972
110000240,0,13,-13
110000242,0,2,-2
110000243,163,27,136
110000244,64,186,-122
110000245,37,167,-130
110000246,663,250,413
110000247,442,2825,-2383
110000248,793,927,-134
110000249,69,7,62
110000250,13,125,-112
110000251,385,248,137
110000252,308,66,242
110000253,1408,403,1005
110000254,367,452,-85
110000255,97,461,-364
110000256,413,151,262
110000257,302,229,73
110000258,2,216,-214
110000259,215,6,209
110000260,32,90,-58
110000263,307,31,276
110000264,468,254,214
110000265,963,1158,-195
110000266,833,1541,-708
110000267,19,60,-41
110000268,170,164,6
110000269,5,17,-12
110000270,64,0,64
110000271,1019,112,907
110000272,1032,617,415
110000273,1267,941,326
110000274,138,1964,-1826
110000275,1132,345,787
110000276,291,376,-85
110000277,276,205,71
110000278,326,429,-103
110000279,675,492,183
110000280,590,315,275
110000281,71,196,-125
110000282,210,14,196
110000283,32,26,6
110000284,18,13,5
110000285,0,339,-339
110000286,1,0,1
110000287,56,3,53
110000288,0,61,-61
110000289,353,2302,-1949
110000290,334,521,-187
110000291,2691,765,1926
110000292,740,4591,-3851
110000293,576,374,202
110000294,1066,832,234
110000295,142,456,-314
110000296,414,200,214
110000297,1710,200,1510
110000298,102,433,-331
110000299,72,65,7
110000301,323,20,303
110000302,426,751,-325
110000303,417,7,410
110000304,253,169,84
110000305,1189,12,1177
110000306,227,620,-393
110000307,1494,3,1491
110000308,330,5,325
110000309,0,316,-316
110000310,722,32,690
110000311,17,309,-292
110000312,420,48,372
110000313,1172,2033,-861
110000314,0,202,-202
110000315,1186,1436,-250
110000316,385,787,-402
110000317,107,695,-588
110000318,6,87,-81
110000319,7,13,-6
110000320,72,52,20
110000321,49,61,-12
110000322,219,162,57
110000323,487,109,378
110000324,2047,1188,859
110000325,1032,3068,-2036
110000327,186,194,-8
110000328,95,251,-156
110000333,817,683,134
110000334,391,842,-451
110000335,606,351,255
110000336,601,741,-140
110000337,1464,391,1073
110000338,511,259,252
110000339,384,101,283
110000340,81,104,-23
110000341,520,253,267
110000342,83,6,77
110000343,0,4,-4
110000344,65,227,-162
110000345,116,233,-117
110000346,919,1339,-420
110000347,1303,428,875
110000348,36,19,17
110000349,18,19,-1
110000350,35,1,34
110000351,1038,373,665
110000352,599,1409,-810
110000353,1767,287,1480
110000354,1153,3243,-2090
110000355,54,53,1
110000356,712,4,708
110000357,511,2,509
110000361,4,22,-18
110000362,80,1,79
110000363,710,33,677
110000364,294,191,103
110000365,112,0,112
110000366,0,34,-34
110000367,377,65,312
110000368,13,26,-13
110000369,75,2,73
110000373,2,202,-200
110000374,88,27,61
110000375,114,719,-605
110000376,27,52,-25
110000377,62,308,-246
110000378,16,337,-321
110000379,1382,2045,-663
110000380,52,4,48
110000383,2,866,-864
110000384,467,389,78
110000385,0,132,-132
110000387,38,11,27
110000388,56,142,-86
110000389,1042,7,1035
110000391,813,129,684
110000396,213,42,171
110000397,191,32,159
110000398,8,12,-4
110000399,182,28,154
110000587,119,97,22
110000589,229,115,114
110000640,188,43,145
110000652,9,233,-224
110000653,279,221,58
110000654,21,1024,-1003
110000656,0,140,-140
110000674,28,10,18
110000675,8,8,0
110000676,2,22,-20
110000679,73,953,-880
110000682,81,179,-98
110000683,136,262,-126
110000684,2,10,-8
110000685,4,9,-5
110000686,4,27,-23
110000687,15,2,13
110000688,47,1274,-1227
110000689,63,10,53
110000692,16,156,-140
110000693,17,249,-232
110000694,1,159,-158
110000695,84,352,-268
110000696,36,24,12
110000698,58,442,-384
110000699,71,275,-204
110900001,240,6,234
110900002,230,206,24
110900003,850,159,691
110900004,519,25,494
110900005,879,2840,-1961
110900006,50,22,28
110900007,92,50,42
110900008,8,24,-16
110900009,311,252,59
110900010,13,16,-3
110900011,11,48,-37
110900012,9,13,-4
110900013,995,84,911
110900014,431,11,420
110900015,265,501,-236
110900016,55,36,19
110900017,477,36,441
110900018,237,27,210
110900019,401,12,389
110900020,140,101,39
110900021,60,229,-169
110900022,56,76,-20
110900023,17,301,-284
110900024,32,134,-102
110900025,9,25,-16
110900027,28,65,-37
110900028,16,40,-24
110900029,12,76,-64
110900030,28,62,-34
110900031,0,85,-85
110900032,0,27,-27
110900033,37,76,-39
110900035,13,307,-294
110900036,52,4,48
110900037,116,7,109
110900038,287,115,172
110900039,3,227,-224
110900040,205,7,198
110900041,27,52,-25
110900042,80,25,55
110900043,2,17,-15
110900044,118,5,113
110900045,33,107,-74
110900046,10,83,-73
110900047,100,273,-173
110900049,94,80,14
110900050,38,4,34
110900052,12,56,-44
110900053,99,8,91
110900054,25,63,-38
110900055,16,2,14
110900056,23,67,-44
110900057,12,61,-49
110900058,220,35,185
110900059,314,87,227
110900060,333,106,227
110900061,9,39,-30
110900062,134,35,99
110900063,45,36,9
110900064,6,0,6
110900065,92,136,-44
110900066,7,19,-12
110900067,47,389,-342
110900068,174,89,85
110900069,3,6,-3
110900070,112,19,93
110900071,113,530,-417
110900073,1,25,-24
110900074,382,59,323
110900075,327,39,288
110900077,991,279,712
110900078,51,19,32
110900079,895,1313,-418
110900080,220,46,174
110900081,12,17,-5
110900082,162,41,121
110900083,72,22,50
110900084,66,24,42
110900085,20,75,-55
110900086,63,242,-179
110900087,320,52,268
110900088,5,1,4
110900090,42,47,-5
110900091,3,9,-6
110900093,172,56,116
110900095,37,13,24
110900097,17,29,-12
110900098,17,48,-31
110900099,21,176,-155
110900100,0,8,-8
110900102,75,18,57
110900105,663,73,590
110900108,12,15,-3
110900111,285,37,248
110900112,622,7,615
110900113,234,58,176
110900115,2,32,-30
110900116,832,462,370
110900118,65,3590,-3525
110900119,949,86,863
110900120,79,35,44
110900121,75,1,74
110900122,488,134,354
110900125,469,431,38
110900127,217,1129,-912
110900128,175,590,-415
110900129,109,970,-861
110900130,324,659,-335
110900131,251,25,226
110900132,431,36,395
110900133,59,65,-6
110900135,42,118,-76
110900136,399,25,374
110900138,0,0,0
110900139,0,0,0
110900140,0,0,0
110900141,200,261,-61
110900142,30,39,-9
110900143,161,35,126
110900144,1,145,-144
110900145,105,55,50
110900146,143,224,-81
110900147,52,265,-213
110900148,0,108,-108
110900149,0,29,-29
110900150,23,3,20
110900151,5,41,-36
110900152,21,44,-23
110900153,278,26,252
111000001,930,535,395
111000002,670,336,334
111000003,2111,803,1308
111000004,545,768,-223
111000005,1416,1462,-46
111000006,784,1495,-711
111000007,3755,4079,-324
111000008,2163,2322,-159
111000009,362,621,-259
111000010,828,274,554
111000011,207,765,-558
111000012,370,406,-36
111000013,372,846,-474
111000014,1581,448,1133
111000017,179,669,-490
111000018,107,251,-144
111000020,448,895,-447
111000021,26,74,-48
111000023,121,57,64
111000025,3953,2946,1007
111000029,74,71,3
111000030,24,71,-47
111000031,1215,520,695
111000032,474,177,297
111000033,147,165,-18
111000034,35,236,-201
111000037,807,363,444
111000038,2066,1040,1026
111000039,1356,1228,128
111000040,1211,1005,206
111000041,454,544,-90
111000042,1410,1532,-122
111000043,1775,4245,-2470
111000044,1450,763,687
111000045,2699,1818,881
111000046,2069,1522,547
111000047,2808,4963,-2155
111000049,397,325,72
111000050,860,627,233
111000051,450,550,-100
111000052,326,862,-536
111000053,192,407,-215
111000054,247,369,-122
111000055,1099,1183,-84
111000056,192,385,-193
111000057,130,307,-177
111000058,668,40,628
111000059,563,176,387
111000060,4001,722,3279
111000061,689,250,439
111000062,851,332,519
111000063,1281,947,334
111000064,1035,446,589
111000065,1192,670,522
111000066,564,212,352
111000067,757,274,483
111000068,509,454,55
111000069,1127,1174,-47
111000070,675,401,274
111000071,132,194,-62
111000072,1310,511,799
111000073,287,1433,-1146
111000074,1261,1112,149
111000075,534,365,169
111000076,662,469,193
111000077,1030,858,172
111000078,1640,673,967
111000079,632,449,183
111000080,566,371,195
111000081,1353,4012,-2659
111000082,722,321,401
111000084,874,323,551
111000085,849,701,148
111000086,1313,644,669
111000087,570,309,261
111000088,2749,2548,201
111000089,628,498,130
111000090,434,764,-330
111000091,629,185,444
111000092,1565,564,1001
111000093,875,967,-92
111000094,1584,968,616
111000095,659,2197,-1538
111000096,515,6840,-6325
111000097,2384,792,1592
111000098,249,586,-337
111000099,287,883,-596
111000100,381,552,-171
111000101,283,454,-171
111000102,183,320,-137
111000104,609,107,502
111000107,86,402,-316
111000109,718,110,608
111000110,1225,391,834
111000111,3086,253,2833
111000112,2451,341,2110
111000113,715,1814,-1099
111000114,1058,3881,-2823
111000115,2169,651,1518
111000116,702,586,116
111000117,309,638,-329
111000118,673,454,219
111000119,1270,492,778
111000120,559,448,111
111000121,261,614,-353
111000122,423,522,-99
111000123,1000,1000,0
111000124,410,947,-537
111000125,281,451,-170
111000126,69,301,-232
111000127,1317,101,1216
111000128,2553,218,2335
111000129,3063,391,2672
111000130,2495,373,2122
111000131,2511,338,2173
111000132,2104,1149,955
111000133,226,86,140
111000134,178,58,120
111000135,48,92,-44
111000136,412,267,145
111000138,18,4,14
111000140,0,1,-1
111000141,139,338,-199
111000142,8,224,-216
111000143,7,386,-379
111000144,46,2192,-2146
111000145,94,9,85
111000146,82,16,66
111000147,110,16,94
111000148,99,69,30
111000149,18,9,9
111000150,35,11,24
111000151,0,6,-6
111000153,345,402,-57
111000154,371,168,203
111000155,159,104,55
111000156,564,360,204
111000157,184,605,-421
111000158,721,735,-14
111000159,2832,858,1974
111000160,453,295,158
111000161,14,536,-522
111000162,10,87,-77
111000163,1009,615,394
111000164,361,2281,-1920
111000165,514,196,318
111000166,318,101,217
111000167,107,149,-42
111000168,155,232,-77
111000169,212,309,-97
111000170,243,250,-7
111000171,419,303,116
111000172,215,220,-5
111000173,283,552,-269
111000174,241,171,70
111000175,36,180,-144
111000176,340,43,297
111000177,706,102,604
111000178,1872,123,1749
111000179,605,73,532
111000180,293,361,-68
111000181,1684,157,1527
111000182,220,103,117
111000183,170,162,8
111000184,357,140,217
111000185,282,222,60
111000186,218,95,123
111000187,233,59,174
111000188,424,234,190
111000189,338,356,-18
111000190,178,143,35
111000191,175,110,65
111000192,108,192,-84
111000193,309,129,180
111000194,46,184,-138
111000195,102,161,-59
111000196,53,72,-19
111000197,618,93,525
111000198,632,80,552
111000199,323,130,193
111000200,772,265,507
111000201,819,106,713
111000202,492,81,411
111000203,507,244,263
111000204,330,1628,-1298
111000213,168,366,-198
111000214,1168,630,538
111000215,1251,692,559
111000217,1561,386,1175
111000218,1450,608,842
111000219,243,122,121
111000220,488,415,73
111000221,274,32,242
111000224,43,156,-113
111000225,416,334,82
111000226,62,2,60
111000227,48,1,47
111000228,6,606,-600
111000229,27,1126,-1099
111000230,150,74,76
111000231,998,210,788
111000232,743,353,390
111000233,1388,433,955
111000234,143,580,-437
111000239,58,42,16
111000240,28,247,-219
111000241,45,90,-45
111000242,247,45,202
111000243,132,194,-62
111000244,686,100,586
111000245,906,160,746
111000246,663,120,543
111000247,520,194,326
111000248,633,241,392
111000249,516,150,366
111000250,55,31,24
111000251,54,30,24
111000253,23,9,14
111000255,83,11,72
111000257,52,9,43
111000260,39,494,-455
111000261,1278,43,1235
111000271,30,217,-187
111000273,2066,716,1350
111000274,1367,2227,-860
111000275,179,24,155
111000276,199,526,-327
111000277,224,204,20
111000278,322,146,176
111000291,1474,10382,-8908
111000298,459,144,315
111000299,657,153,504
111000300,42,317,-275
111000302,337,59,278
111000303,114,76,38
111000312,38,41,-3
111000315,5,58,-53
111000320,98,221,-123
111000321,509,177,332
111000322,310,107,203
111000323,368,24,344
111000324,181,89,92
111000325,60,32,28
111000326,150,164,-14
111000327,326,289,37
111000328,303,414,-111
111000329,1,33,-32
111000330,121,4,117
111000331,15,9,6
111000332,471,818,-347
111000334,228,605,-377
111000335,1227,142,1085
111000337,1575,135,1440
111000338,74,51,23
111000339,674,67,607
111000340,130,349,-219
111000341,1493,666,827
111000342,66,870,-804
111000344,1088,406,682
111000345,60,102,-42
111000346,30,225,-195
111000347,147,14,133
111000350,237,75,162
111000351,92,251,-159
111000352,194,76,118
111000353,106,84,22
111000354,387,151,236
111000355,257,351,-94
111000358,160,330,-170
111000360,169,192,-23
111000361,162,77,85
111000546,639,217,422
111000547,347,206,141
111000548,140,156,-16
111000549,228,165,63
111000550,28,701,-673
111000551,299,104,195
111000552,263,149,114
111000907,922,27,895
111000908,92,2,90
111000916,1945,138,1807
111000917,39,217,-178
111000918,209,198,11
111000920,729,11,718
111000921,6,45,-39
111000922,596,93,503
111000924,29,192,-163
111000925,4100,1946,2154
111000926,987,1020,-33
111000927,2311,4541,-2230
111000928,2518,1276,1242
111000929,1642,1101,541
111000930,796,1016,-220
111000931,1636,2102,-466
111000932,2234,893,1341
111000933,2791,2687,104
111000934,1281,1557,-276
111000935,2425,750,1675
111000936,945,981,-36
111000937,1155,1121,34
111000938,970,648,322
111000939,614,13,601
111000940,585,48,537
111000941,268,186,82
111000943,820,259,561
111000944,196,128,68
111000945,107,718,-611
111001109,396,545,-149
111001110,164,317,-153
111001111,92,5,87
111001112,33,2,31
111001113,1,237,-236
111001114,581,296,285
111001115,27,1718,-1691
111001116,1647,4477,-2830
111001117,339,2153,-1814
111001120,85,108,-23
111001121,126,117,9
111001122,188,166,22
111001123,430,74,356
111001124,168,75,93
111001125,1,332,-331
111001126,0,0,0
111001127,0,24,-24
111001128,898,304,594
111001129,1,609,-608
111900001,2,22,-20
111900002,0,97,-97
111900003,1,59,-58
111900004,6,13,-7
111900006,10,57,-47
111900007,171,4,167
111900008,282,0,282
111900009,148,1,147
111900010,59,162,-103
111900012,25,21,4
111900013,4,3,1
111900014,1300,5110,-3810
111900015,0,11,-11
111900016,0,21,-21
111900017,2,13,-11
111900018,253,5,248
111900019,8,117,-109
111900020,0,26,-26
111900021,12,12,0
111900022,4,13,-9
111900023,30,13,17
111900024,401,29,372
111900025,0,13,-13
111900026,1,8,-7
111900027,3,15,-12
111900028,6,48,-42
111900029,0,5,-5
111900030,5,149,-144
111900032,0,42,-42
111900033,2,53,-51
111900034,60,195,-135
111900035,44,120,-76
111900036,0,39,-39
111900038,79,214,-135
111900039,24,79,-55
111900040,0,140,-140
111900042,10,39,-29
111900043,2,49,-47
111900044,38,110,-72
111900046,5,33,-28
111900048,366,186,180
111900049,11,68,-57
111900050,73,18,55
111900051,1,91,-90
111900052,110,134,-24
111900053,250,1794,-1544
111900054,131,3,128
111900055,2,103,-101
111900056,59,329,-270
111900057,104,8,96
111900058,757,126,631
111900059,701,638,63
111900060,244,4,240
111900061,2,55,-53
111900062,25,75,-50
111900063,147,175,-28
111900064,35,74,-39
111900065,129,13,116
111900066,154,126,28
111900067,2,159,-157
111900068,27,75,-48
111900069,80,15,65
111900070,197,74,123
111900071,0,86,-86
111900072,84,40,44
111900073,940,182,758
111900074,4,49,-45
111900075,131,11,120
111900076,310,86,224
111900077,68,2,66
111900078,340,37,303
111900079,43,51,-8
111900080,85,146,-61
111900082,212,43,169
111900083,196,34,162
111900084,202,2,200
111900085,27,64,-37
111900086,76,11,65
111900087,140,0,140
111900088,770,20,750
111900089,30,6,24
111900090,46,29,17
111900091,536,9,527
111900092,114,3,111
111900093,596,10,586
111900094,66,0,66
111900095,428,20,408
111900096,252,0,252
111900097,117,0,117
111900098,265,3,262
111900099,29,0,29
111900100,135,2,133
111900101,110,18,92
111900102,688,207,481
111900103,75,54,21
111900104,79,21,58
111900105,161,147,14
111900106,160,6,154
111900110,675,140,535
111900111,127,0,127
111900112,214,3838,-3624
111900113,172,86,86
111900118,302,81,221
111900119,253,128,125
111900122,60,79,-19
111900123,13,38,-25
111900124,38,18,20
111900125,506,50,456
111900126,317,3,314
111900127,2,127,-125
111900128,7,114,-107
111900129,219,5,214
111900130,94,34,60
111900131,671,2,669
111900132,5,213,-208
111900133,31,124,-93
111900134,1,52,-51
111900135,8,40,-32
111900136,43,134,-91
111900137,18,39,-21
111900138,9,32,-23
111900139,19,32,-13
111900140,142,41,101
111900141,86,11,75
111900142,72,9,63
111900143,18,24,-6
111900144,3,24,-21
111900145,1,98,-97
111900146,0,40,-40
111900147,22,214,-192
111900148,3,208,-205
111900149,4,81,-77
111900150,10,58,-48
111900151,4,13,-9
111900152,79,70,9
111900153,470,769,-299
111900154,14,570,-556
111900155,77,117,-40
111900156,113,61,52
111900157,208,27,181
111900158,556,81,475
111900159,504,33,471
111900160,345,15,330
111900161,358,6,352
111900162,103,232,-129
111900163,10,140,-130
111900164,93,34,59
111901113,632,55,577
111901114,136,137,-1
111901115,188,0,188
111901116,38,0,38
111901117,11,33,-22
111901118,12,328,-316
111901119,122,25,97
111901121,15,16,-1
111901122,1,58,-57
111901123,298,59,239
111901124,290,1,289
111901125,871,175,696
111901127,187,651,-464
111901128,3,60,-57
111901129,4,31,-27
111901130,0,29,-29
111901131,5,167,-162
111901132,134,65,69
111901133,37,0,37
111901134,65,1,64
111901135,74,19,55
111901138,34,7,27
111901139,2,10,-8
111901140,0,10,-10
111901141,1,18,-17
111901142,0,23,-23
111901143,0,28,-28
111901144,41,37,4
111901145,60,277,-217
111901146,25,5,20
111901147,100,5,95
111901148,9,43,-34
111901149,9,1,8
111901150,53,1,52
111901151,0,0,0
111901152,1,2,-1
112000001,2147,662,1485
112000002,701,1231,-530
112000003,2280,829,1451
112000004,652,258,394
112000005,3540,3695,-155
112000006,600,469,131
112000007,3761,2852,909
112000008,2828,3707,-879
112000009,2357,1268,1089
112000010,3678,4603,-925
112000011,1370,864,506
112000012,2894,4966,-2072
112000013,1480,2660,-1180
112000014,1021,3202,-2181
112000015,1300,2872,-1572
112000016,1709,2928,-1219
112000017,402,3032,-2630
112000024,710,343,367
112000026,1251,1590,-339
112000027,517,617,-100
112000028,522,626,-104
112000029,598,683,-85
112000030,114,15,99
112000031,1113,3453,-2340
112000032,70,29,41
112000033,1017,3148,-2131
112000034,109,38,71
112000035,16,765,-749
112000036,239,1169,-930
112000037,445,774,-329
112000038,931,1227,-296
112000039,117,50,67
112000040,47,97,-50
112000041,231,287,-56
112000042,503,227,276
112000050,1153,840,313
112000051,1100,2094,-994
112000054,847,937,-90
112000057,523,147,376
112000058,192,251,-59
112000059,365,491,-126
112000061,1781,676,1105
112000062,623,1130,-507
112000063,166,3147,-2981
112000064,1919,2511,-592
112000065,725,1950,-1225
112000066,2820,1447,1373
112000067,389,385,4
112000068,3183,2961,222
112000069,375,1226,-851
112000070,1262,797,465
112000071,841,1172,-331
112000072,2451,745,1706
112000073,1088,1245,-157
112000074,1038,771,267
112000075,1126,1041,85
112000076,2403,1662,741
112000077,1026,263,763
112000078,2348,415,1933
112000079,1724,767,957
112000080,680,386,294
112000081,635,1343,-708
112000082,916,430,486
112000083,694,701,-7
112000084,1010,440,570
112000085,1500,621,879
112000086,1641,661,980
112000087,726,278,448
112000088,661,217,444
112000089,232,200,32
112000090,144,99,45
112000091,423,377,46
112000092,1983,808,1175
112000093,1309,343,966
112000094,679,545,134
112000095,650,266,384
112000096,631,349,282
112000097,1783,658,1125
112000098,297,413,-116
112000099,589,1751,-1162
112000100,1976,559,1417
112000101,521,296,225
112000102,1644,399,1245
112000103,344,352,-8
112000105,605,485,120
112000106,2518,331,2187
112000107,193,79,114
112000108,468,523,-55
112000109,288,51,237
112000110,1806,544,1262
112000111,413,1345,-932
112000112,2006,369,1637
112000113,553,660,-107
112000114,2045,481,1564
112000115,315,223,92
112000116,467,362,105
112000117,1007,415,592
112000118,606,470,136
112000119,243,357,-114
112000120,46,190,-144
112000121,61,178,-117
112000122,394,85,309
112000123,799,77,722
112000124,631,57,574
112000125,382,232,150
112000126,427,159,268
112000127,1586,2260,-674
112000128,389,549,-160
112000129,149,90,59
112000130,267,122,145
112000131,52,80,-28
112000132,229,127,102
112000133,386,43,343
112000134,471,253,218
112000135,1122,510,612
112000136,696,780,-84
112000137,1303,1552,-249
112000138,704,731,-27
112000139,573,666,-93
112000140,220,906,-686
112000141,1236,435,801
112000142,108,252,-144
112000143,1414,190,1224
112000144,205,414,-209
112000145,2889,359,2530
112000146,395,823,-428
112000147,2552,1307,1245
112000148,802,861,-59
112000149,473,320,153
112000150,374,156,218
112000151,377,108,269
112000152,865,204,661
112000153,169,144,25
112000154,195,269,-74
112000155,133,113,20
112000157,329,790,-461
112000158,286,196,90
112000159,780,148,632
112000167,361,221,140
112000169,211,553,-342
112000173,950,126,824
112000175,375,136,239
112000176,516,884,-368
112000177,886,206,680
112000178,23,128,-105
112000179,303,45,258
112000180,258,181,77
112000181,819,629,190
112000182,1542,359,1183
112000183,24,7,17
112000184,535,146,389
112000185,1046,212,834
112000187,3006,1956,1050
112000195,98,9,89
112000196,87,0,87
112000197,44,110,-66
112000198,25,197,-172
112000199,527,387,140
112000202,464,1,463
112000216,69,121,-52
112000230,128,0,128
112000231,0,76,-76
112000256,88,240,-152
112000313,21,40,-19
112000314,36,73,-37
112000337,184,595,-411
112000352,123,300,-177
112000392,1663,638,1025
112000398,1782,566,1216
112000399,1172,6135,-4963
112000400,896,841,55
112000401,1215,730,485
112000402,4314,4627,-313
112000403,926,6024,-5098
112000404,1468,1195,273
112000405,2657,2470,187
112000406,1448,730,718
112000407,8435,6160,2275
112000408,3559,1855,1704
112000409,969,1377,-408
112000410,309,387,-78
112000411,1190,1190,0
112000412,413,303,110
112000413,2256,7490,-5234
112000414,104,25,79
112000415,87,36,51
112000416,3439,949,2490
112000417,305,85,220
112000421,57,18,39
112000422,287,137,150
112000424,713,3278,-2565
112000425,240,177,63
112000426,240,172,68
112000427,0,22,-22
112000428,383,115,268
112000429,1673,1519,154
112000430,2208,2698,-490
112000431,132,128,4
112000432,607,524,83
112000433,256,486,-230
112000437,54,45,9
112900001,78,1,77
112900002,701,245,456
112900003,49,49,0
112900004,31,44,-13
112900005,318,35,283
112900007,21,15,6
112900008,0,35,-35
112900009,389,99,290
112900010,502,241,261
112900011,44,128,-84
112900012,7,7,0
112900013,2,60,-58
112900014,9,41,-32
112900015,77,472,-395
112900016,7,124,-117
112900017,29,51,-22
112900018,584,208,376
112900019,12,74,-62
112900020,157,595,-438
112900021,6,94,-88
112900022,9,14,-5
112900023,1,25,-24
112900024,12,46,-34
112900025,68,75,-7
112900026,5,42,-37
112900027,2,203,-201
112900028,11,27,-16
112900029,32,89,-57
112900030,32,33,-1
112900031,0,129,-129
112900032,139,184,-45
112900034,1,13,-12
112900035,1,90,-89
112900036,13,65,-52
112900037,213,249,-36
112900038,589,69,520
112900039,6,94,-88
112900040,7,318,-311
112900041,294,783,-489
112900042,41,121,-80
112900043,24,54,-30
112900044,205,135,70
112900045,64,72,-8
112900046,85,47,38
112900047,9,20,-11
112900049,384,25,359
112900050,12,248,-236
112900051,123,183,-60
112900052,5,219,-214
112900053,76,100,-24
112900054,75,38,37
112900055,38,13,25
112900056,256,194,62
112900057,7,135,-128
112900058,266,351,-85
112900059,110,331,-221
112900060,13,33,-20
112900061,70,113,-43
112900062,74,49,25
112900063,41,12,29
112900064,16,133,-117
112900065,5,16,-11
112900066,189,217,-28
112900067,248,52,196
112900068,33,53,-20
112900069,1046,1080,-34
112900071,36,4,32
112900072,60,3557,-3497
112900073,409,174,235
112900074,128,338,-210
112900075,489,1140,-651
112900076,11,22,-11
112900078,215,568,-353
112900079,211,17,194
112900080,80,5,75
112900081,65,378,-313
112900082,511,38,473
112900083,130,129,1
112900084,329,211,118
112900086,115,2,113
112900087,1308,86,1222
112900088,180,14,166
112900089,597,14,583
112900090,119,67,52
112900091,411,16,395
112900092,50,486,-436
112900093,1211,30,1181
112900095,58,0,58
112900096,604,138,466
112900097,117,133,-16
112900098,79,1,78
112900099,976,10,966
112900100,106,3,103
112900101,407,8,399
112900102,61,15,46
112900103,227,13,214
112900104,702,4,698
112900105,20,0,20
112900106,412,85,327
112900107,2,4,-2
112900108,0,0,0
112900109,200,0,200
112900110,1663,14,1649
112900111,1004,14,990
112900112,375,0,375
112900113,0,8,-8
112900114,240,9,231
112900115,1578,2,1576
112900116,97,2,95
112900117,47,27,20
112900118,5,103,-98
112900119,178,3,175
112900120,227,163,64
112900121,31,62,-31
112900122,6,70,-64
112900123,104,19,85
112900124,5,17,-12
112900125,21,241,-220
112900126,51,70,-19
112900127,308,86,222
112900128,68,237,-169
112900129,1,258,-257
112900130,178,60,118
112900131,32,149,-117
112900132,63,253,-190
112900133,12,618,-606
112900134,0,99,-99
112900135,77,48,29
112900137,70,144,-74
112900138,2,61,-59
112900139,45,373,-328
112900141,706,11,695
112900142,36,247,-211
112900143,11,179,-168
112900144,14,195,-181
112900145,14,297,-283
112900146,40,226,-186
112900147,0,326,-326
112900148,45,1,44
112900149,103,258,-155
112900151,4,30,-26
112900152,1819,290,1529
112900153,250,2503,-2253
112900154,0,40,-40
112900155,171,11,160
112900156,688,325,363
112900157,298,18,280
112900158,74,3,71
112900159,147,166,-19
112900160,13,133,-120
112900161,178,38,140
112900162,9,16,-7
112900163,20,39,-19
112900164,33,200,-167
112900165,26,12,14
112900166,6,69,-63
112900167,4,109,-105
112900168,0,11,-11
112900169,9,10,-1
112900170,119,47,72
112900172,49,11,38
112900173,89,42,47
112900174,250,46,204
112900175,144,177,-33
112900176,9,23,-14
112900177,260,67,193
112900178,423,2780,-2357
112900179,9,207,-198
112900180,1690,1044,646
112900181,803,6,797
112900182,43,200,-157
112900183,41,203,-162
112900184,345,330,15
112900185,77,361,-284
112900186,606,816,-210
112900187,88,369,-281
112900188,500,2190,-1690
112900189,30,24,6
112900190,7,28,-21
112900192,486,439,47
112900193,723,239,484
112900194,59,3,56
112900195,617,36,581
112900196,281,299,-18
112900197,85,288,-203
112900199,615,109,506
112900200,468,56,412
112900201,183,90,93
112900202,640,277,363
112900203,313,51,262
112900204,338,332,6
112900205,7,3,4
112900206,16,44,-28
112900207,22,0,22
112900208,69,392,-323
112900209,128,134,-6
112900210,2,39,-37
112900211,48,1,47
112900212,0,20,-20
112900213,56,5,51
112900214,12,15,-3
112900215,18,18,0
112900216,19,17,2
112900217,0,45,-45
112900218,165,1,164
112900219,107,5,102
112900220,0,0,0
112900221,12,94,-82
112900222,0,35,-35
112900223,812,13,799
112900224,430,166,264
112900225,390,155,235
112900226,108,244,-136
112900227,291,70,221
112900228,106,29,77
112900229,409,6,403
112900230,5541,2003,3538
112900232,220,232,-12
112900233,60,79,-19
112900234,14,12,2
112900235,7,5,2
112900236,437,3,434
112900237,415,81,334
112900238,5,1,4
112900239,340,613,-273
112900240,6,10,-4
112900241,22,32,-10
112900242,6,51,-45
112900243,9,28,-19
112900244,5,13,-8
112900245,0,24,-24
112900246,2,4,-2
112900247,34,43,-9
112900248,3,0,3
112900249,12,0,12
112900250,123,3,120
112900251,88,3,85
112900252,161,2,159
112900253,59,0,59
112900254,21,1,20
112900255,9,25,-16
112900256,4,42,-38
112900257,10,11,-1
112900258,67,8,59
113000001,4528,4303,225
113000002,4122,3241,881
113000003,1543,1420,123
113000004,1745,1738,7
113000005,1523,1077,446
113000006,890,1251,-361
113000007,1803,996,807
113000008,1505,1392,113
113000009,1194,492,702
113000010,1293,747,546
113000011,1233,608,625
113000012,1162,561,601
113000013,583,404,179
113000014,701,1067,-366
113000015,121,139,-18
113000016,242,373,-131
113000017,42,403,-361
113000018,308,30,278
113000019,115,259,-144
113000020,325,89,236
113000021,1119,918,201
113000022,637,2569,-1932
113000025,174,226,-52
113000026,474,748,-274
113000027,400,1118,-718
113000028,336,1697,-1361
113000029,721,752,-31
113000030,126,367,-241
113000031,100,149,-49
113000032,137,384,-247
113000033,188,264,-76
113000034,142,121,21
113000035,23,22,1
113000036,9,48,-39
113000037,34,20,14
113000038,16,53,-37
113000039,52,202,-150
113000040,55,106,-51
113000042,615,511,104
113000051,1493,2210,-717
113000052,2020,401,1619
113000053,562,312,250
113000054,520,629,-109
113000055,1863,366,1497
113000056,1354,815,539
113000058,395,922,-527
113000059,593,289,304
113000060,377,523,-146
113000061,453,660,-207
113000062,389,281,108
113000063,342,72,270
113000064,68,105,-37
113000065,188,314,-126
113000066,891,111,780
113000067,2410,731,1679
113000068,528,329,199
113000069,592,333,259
113000070,2265,612,1653
113000071,425,274,151
113000072,1002,256,746
113000073,297,1192,-895
113000074,731,358,373
113000075,1356,721,635
113000076,289,3062,-2773
113000077,566,778,-212
113000078,395,1235,-840
113000079,249,976,-727
113000080,585,835,-250
113000081,512,654,-142
113000082,764,577,187
113000083,571,799,-228
113000084,1487,681,806
113000085,781,588,193
113000086,701,831,-130
113000087,800,1166,-366
113000088,1347,1092,255
113000089,598,1623,-1025
113000090,109,608,-499
113000091,227,444,-217
113000094,1271,357,914
113000095,219,756,-537
113000096,117,843,-726
113000097,1080,449,631
113000098,134,74,60
113000099,918,467,451
113000100,194,439,-245
113000101,161,752,-591
113000102,655,757,-102
113000103,2435,281,2154
113000104,561,2501,-1940
113000105,872,374,498
113000106,489,276,213
113000107,931,882,49
113000108,803,806,-3
113000109,474,916,-442
113000110,4949,688,4261
113000111,305,514,-209
113000112,573,285,288
113000113,1211,303,908
113000114,176,989,-813
113000116,430,226,204
113000117,863,89,774
113000118,46,531,-485
113000119,311,354,-43
113000120,30,276,-246
113000121,302,1032,-730
113000124,272,125,147
113000125,33,873,-840
113000127,1350,112,1238
113000128,1714,218,1496
113000129,237,581,-344
113000133,2725,564,2161
113000134,4,1302,-1298
113000135,4006,4070,-64
113000137,567,2720,-2153
113000139,234,127,107
113000140,37,71,-34
113000141,60,106,-46
113000142,221,319,-98
113000143,255,87,168
113000144,148,315,-167
113000145,97,92,5
113000146,88,28,60
113000147,123,32,91
113000148,251,90,161
113000149,158,109,49
113000150,295,309,-14
113000151,52,26,26
113000152,42,192,-150
113000153,763,195,568
113000154,335,1201,-866
113000155,227,477,-250
113000156,172,220,-48
113000157,283,257,26
113000158,358,142,216
113000159,697,407,290
113000160,434,232,202
113000161,312,140,172
113000162,590,172,418
113000163,156,43,113
113000164,28,31,-3
113000166,233,77,156
113000167,60,69,-9
113000168,87,48,39
113000169,202,31,171
113000170,79,66,13
113000171,55,42,13
113000172,252,33,219
113000173,76,19,57
113000174,110,60,50
113000175,558,56,502
113000176,486,71,415
113000177,109,94,15
113000178,156,120,36
113000179,272,93,179
113000180,605,1256,-651
113000181,1001,539,462
113000182,115,274,-159
113000183,198,607,-409
113000184,36,94,-58
113000189,246,484,-238
113000190,102,170,-68
113000192,578,6309,-5731
113000193,1216,4518,-3302
113000194,727,4393,-3666
113000195,871,2874,-2003
113000196,324,96,228
113000197,810,2400,-1590
113000198,104,285,-181
113000199,1321,257,1064
113000201,380,758,-378
113000202,11754,1224,10530
113000203,123,955,-832
113000204,388,6938,-6550
113000205,6,3,3
113000206,4,66,-62
113000207,68,13,55
113000208,12,38,-26
113000209,17,7,10
113000210,2,22,-20
113000211,102,490,-388
113000212,74,41,33
113000213,7,76,-69
113000214,161,289,-128
113000234,235,588,-353
113000410,15,145,-130
113000411,894,1748,-854
113000412,3784,1353,2431
113000413,650,2345,-1695
113000414,2387,10388,-8001
113000415,1450,1013,437
113000416,1839,1748,91
113000417,678,998,-320
113000418,3667,3068,599
113000419,1066,1615,-549
113000420,1643,4430,-2787
113000421,3454,5660,-2206
113000422,6548,7484,-936
113000423,774,4672,-3898
113000424,1352,9073,-7721
113000425,37,63,-26
113000428,4,24,-20
113000430,0,46,-46
113000432,2272,166,2106
113000433,59,385,-326
113000434,15,76,-61
113000435,27,110,-83
113000436,14,347,-333
113000437,1107,20,1087
113000438,390,12,378
113000439,18,36,-18
113000440,157,44,113
113000441,212,133,79
113000442,209,43,166
113000443,315,81,234
113000444,273,28,245
113000445,116,19,97
113000446,59,81,-22
113000448,1049,254,795
113000449,152,970,-818
113000450,1069,2496,-1427
113000451,4527,337,4190
113000452,92,620,-528
113000453,69,795,-726
113000454,406,153,253
113000455,31,2719,-2688
113000456,1480,1465,15
113000468,958,40,918
113000469,56,89,-33
113000470,455,24,431
113000471,11,268,-257
113000472,47,190,-143
113000474,1343,578,765
113000475,1030,737,293
113000476,2105,1792,313
113000477,3863,1507,2356
113000478,2139,1970,169
113000479,195,57,138
113000483,0,0,0
113000484,0,0,0
113000485,0,0,0
113000486,0,0,0
113000487,0,0,0
113000488,0,0,0
113000489,0,0,0
113000490,0,0,0
113000491,0,0,0
113000492,0,0,0
113000493,0,0,0
113000495,477,68,409
113000496,292,98,194
113900001,8,2657,-2649
113900002,1,86,-85
113900003,0,208,-208
113900004,2,400,-398
113900005,4,747,-743
113900006,0,80,-80
113900007,37,0,37
113900008,12,6,6
113900009,87,6,81
113900010,54,4,50
113900011,95,0,95
113900012,67,3,64
113900013,97,5,92
113900014,779,1,778
113900015,0,11,-11
113900016,32,0,32
113900017,1,55,-54
113900018,84,172,-88
113900019,166,21,145
113900020,122,3,119
113900022,33,0,33
113900023,27,0,27
113900024,60,40,20
113900025,119,15,104
113900026,68,1,67
113900027,14,78,-64
113900028,38,108,-70
113900029,98,78,20
113900030,239,2,237
113900031,33,1,32
113900032,35,0,35
113900033,69,29,40
113900035,23,0,23
113900036,23,59,-36
113900037,120,144,-24
113900038,31,120,-89
113900039,193,20,173
113900040,4,20,-16
113900041,33,4,29
113900042,80,15,65
113900043,123,53,70
113900044,74,239,-165
113900045,59,1,58
113900046,192,1241,-1049
113900047,127,100,27
113900048,77,68,9
113900049,121,297,-176
113900050,142,238,-96
113900051,170,149,21
113900052,89,38,51
113900053,351,574,-223
113900054,30,0,30
113900055,102,309,-207
113900056,61,98,-37
113900057,10,11,-1
113900058,64,47,17
113900059,201,152,49
113900060,51,130,-79
113900061,331,79,252
113900062,76,17,59
113900063,176,88,88
113900064,10,41,-31
113900065,411,6,405
113900066,440,92,348
113900067,239,96,143
113900068,290,616,-326
113900069,5,19,-14
113900070,40,233,-193
113900071,79,14,65
113900072,53,35,18
113900073,271,320,-49
113900074,122,224,-102
113900075,802,1936,-1134
113900076,76,11,65
113900077,56,67,-11
113900078,38,5,33
113900079,0,11,-11
113900080,401,93,308
113900081,32,49,-17
113900082,129,99,30
113900083,381,113,268
113900084,173,124,49
113900085,47,128,-81
113900086,44,6,38
113900087,89,41,48
113900088,79,108,-29
113900089,314,42,272
113900090,365,222,143
113900091,1,8,-7
113900092,20,69,-49
113900093,50,721,-671
113900094,420,211,209
113900095,107,214,-107
113900096,207,76,131
113900097,12,68,-56
113900098,727,69,658
113900099,1,4,-3
113900100,0,1,-1
113900101,3,59,-56
113900102,52,133,-81
113900103,142,370,-228
113900104,96,355,-259
113900105,218,33,185
113900106,0,24,-24
113900107,0,4,-4
113900108,72,217,-145
113900109,149,169,-20
113900110,28,14,14
113900111,250,47,203
113900112,165,22,143
113900113,812,349,463
113900114,0,8,-8
113900115,0,15,-15
113900116,29,150,-121
113900117,39,30,9
113900118,86,379,-293
113900119,45,303,-258
113900120,63,22,41
113900121,56,38,18
113900122,243,3023,-2780
113900123,298,172,126
113900124,0,69,-69
113900125,668,77,591
113900126,65,43,22
113900127,227,500,-273
113900128,159,41,118
113900129,9,150,-141
113900130,0,110,-110
113900131,235,31,204
113900132,14,72,-58
113900133,6,21,-15
113900135,225,276,-51
113900136,103,43,60
113900137,160,302,-142
113900138,17,105,-88
113900139,155,210,-55
113900140,24,172,-148
113900141,572,163,409
113900142,82,36,46
113900143,9,43,-34
113900144,46,184,-138
113900145,295,104,191
113900146,123,20,103
113900148,67,254,-187
113900149,87,58,29
113900150,164,267,-103
113900151,286,84,202
113900152,22,37,-15
113900153,33,210,-177
113900154,2,62,-60
113900155,40,147,-107
113900156,192,187,5
113900157,24,229,-205
113900158,62,175,-113
113900159,3,136,-133
113900160,287,231,56
113900161,45,248,-203
113900162,64,407,-343
113900163,106,80,26
113900164,382,40,342
113900165,422,218,204
113900166,9,31,-22
113900167,359,8,351
113900168,36,36,0
113900169,104,202,-98
113900171,155,36,119
113900172,3,51,-48
113900173,24,187,-163
113900174,345,309,36
113900175,179,115,64
113900176,216,159,57
113900177,286,132,154
113900178,228,163,65
113900179,10,219,-209
113900180,98,78,20
113900181,678,111,567
113900182,339,303,36
113900183,46,35,11
113900184,10,238,-228
113900185,84,36,48
113900186,31,10,21
113900187,16,75,-59
113900188,10,41,-31
113900189,244,208,36
113900190,115,78,37
113900191,30,35,-5
113900192,1632,1808,-176
113900193,2,59,-57
113900194,1001,346,655
113900195,149,241,-92
113900196,1,41,-40
113900197,0,67,-67
113900198,6,518,-512
113900199,26,246,-220
113900200,8,61,-53
113900201,0,52,-52
113900202,29,71,-42
113900203,13,18,-5
113900204,3,149,-146
113900205,0,41,-41
113900206,0,42,-42
113900207,0,10,-10
113900208,1,28,-27
113900209,0,41,-41
113900210,380,288,92
113900211,121,59,62
113900212,240,232,8
113900214,228,382,-154
113900215,23,67,-44
113900216,116,260,-144
113900217,131,59,72
113900218,53,82,-29
113900219,81,655,-574
113900220,96,142,-46
113900221,163,232,-69
113900222,954,607,347
113900223,237,173,64
113900224,51,53,-2
113900225,388,75,313
113900226,282,93,189
113900227,155,133,22
113900228,130,388,-258
113900229,26,682,-656
113900230,1217,2167,-950
113900231,117,63,54
113900232,159,24,135
113900233,82,29,53
113900234,392,290,102
113900235,97,14,83
113900236,222,81,141
113900237,150,14,136
113900238,154,452,-298
113900239,8,168,-160
113900240,8,129,-121
113900241,34,52,-18
113900242,27,185,-158
113900243,25,215,-190
113900244,112,92,20
113900245,489,249,240
113900246,8,22,-14
113900247,69,475,-406
113900248,1438,1202,236
113900249,239,375,-136
113900250,20,143,-123
113900251,991,46,945
113900252,904,19,885
113900253,568,20,548
113900254,430,149,281
113900255,684,16,668
113900256,352,22,330
113900257,29,226,-197
113900258,10,347,-337
113900259,667,87,580
113900260,264,2,262
113900261,34,43,-9
113900262,133,212,-79
113900263,24,221,-197
113900264,0,127,-127
113900265,74,306,-232
113900266,43,118,-75
113900267,40,855,-815
113900268,139,281,-142
113900269,72,103,-31
113900270,82,370,-288
113900271,430,281,149
113900273,6,7,-1
113900274,34,30,4
113900275,25,135,-110
113900276,2,86,-84
113900277,154,7,147
113900278,108,76,32
113900279,29,27,2
113900280,758,534,224
113900281,141,684,-543
113900282,123,200,-77
113900283,347,375,-28
113900284,829,84,745
113900285,71,34,37
113900286,7,22,-15
113900287,74,10,64
113900288,4,129,-125
113900289,222,82,140
113900290,197,262,-65
113900291,39,47,-8
113900292,9,3,6
113900293,4,121,-117
113900294,515,8,507
113900295,268,308,-40
113900296,631,170,461
113900297,1921,41,1880
113900298,32,840,-808
113900299,161,7,154
113900300,2440,1872,568
113900301,522,576,-54
113900302,783,769,14
113900303,108,528,-420
113900304,1,73,-72
113900305,111,0,111
113900306,82,0,82
113900307,7,0,7
113900308,29,52,-23
113900309,0,298,-298
113900310,0,2,-2
113900311,7,0,7
113900312,94,160,-66
113900313,3,4,-1
113900314,0,1,-1
113900315,138,3,135
114000001,625,1457,-832
114000002,423,174,249
114000003,283,412,-129
114000004,461,166,295
114000005,328,136,192
114000006,1022,1397,-375
114000007,535,684,-149
114000008,1269,1751,-482
114000009,977,230,747
114000011,2521,1315,1206
114000012,3477,964,2513
114000013,2175,766,1409
114000014,471,184,287
114000015,1972,132,1840
114000016,262,64,198
114000017,62,631,-569
114000018,71,19,52
114000026,2461,711,1750
114000027,4008,1675,2333
114000028,1799,2949,-1150
114000038,297,63,234
114000039,153,88,65
114000040,131,221,-90
114000042,192,85,107
114000043,239,113,126
114000044,469,38,431
114000045,55,41,14
114000046,1373,3258,-1885
114000047,14,121,-107
114000048,86,62,24
114000049,1372,1372,0
114000050,1356,1640,-284
114000051,2179,1894,285
114000052,2618,2259,359
114000053,44,721,-677
114000054,154,554,-400
114000055,205,51,154
114000056,92,939,-847
114000057,2464,1443,1021
114000058,55,1009,-954
114000059,23,575,-552
114000060,446,645,-199
114000061,2046,3012,-966
114000062,330,1269,-939
114000063,829,979,-150
114000064,1368,3240,-1872
114000065,549,1717,-1168
114000066,401,628,-227
114000067,8,734,-726
114000068,386,564,-178
114000069,726,563,163
114000070,1584,1362,222
114000071,585,361,224
114000072,465,127,338
114000073,16,8,8
114000074,59,6,53
114000075,63,14,49
114000076,20,8,12
114000077,2,5,-3
114000078,301,363,-62
114000079,241,33,208
114000080,56,56,0
114000081,64,50,14
114000082,24,146,-122
114000083,58,44,14
114000084,145,107,38
114000085,68,167,-99
114000086,166,136,30
114000087,138,27,111
114000088,46,10,36
114000089,355,141,214
114000090,642,919,-277
114000091,791,780,11
114000092,513,337,176
114000093,960,443,517
114000094,540,449,91
114000095,209,185,24
114000096,58,163,-105
114000097,65,158,-93
114000098,506,100,406
114000099,764,109,655
114000100,1521,345,1176
114000101,463,231,232
114000102,661,242,419
114000103,97,133,-36
114000104,17,102,-85
114000105,112,77,35
114000106,617,1574,-957
114000107,575,65,510
114000108,756,526,230
114000109,714,2553,-1839
114000110,353,441,-88
114000111,1954,1049,905
114000112,302,838,-536
114000113,2021,374,1647
114000114,328,595,-267
114000115,2345,757,1588
114000116,939,3322,-2383
114000117,3978,494,3484
114000118,3191,341,2850
114000119,2517,422,2095
114000120,308,378,-70
114000121,437,536,-99
114000122,458,286,172
114000123,2165,385,1780
114000124,996,380,616
114000125,699,482,217
114000126,1562,228,1334
114000127,194,68,126
114000128,760,177,583
114000130,409,387,22
114000131,264,95,169
114000132,493,282,211
114000133,375,798,-423
114000134,64,31,33
114000138,14,143,-129
114000139,363,434,-71
114000144,652,612,40
114000145,33,114,-81
114000146,79,44,35
114000147,1110,2287,-1177
114000148,694,1467,-773
114000149,279,428,-149
114000150,441,1120,-679
114000151,881,3026,-2145
114000152,63,38,25
114000153,552,2315,-1763
114000154,515,761,-246
114000155,986,2573,-1587
114000156,602,734,-132
114000157,251,1396,-1145
114000158,855,533,322
114000159,91,370,-279
114000160,60,451,-391
114000161,768,2770,-2002
114000162,997,2502,-1505
114000163,21,31,-10
114000165,415,476,-61
114000166,383,452,-69
114000167,1622,1077,545
114000168,332,240,92
114000169,717,1193,-476
114000170,887,1125,-238
114000171,1195,8047,-6852
114000174,136,182,-46
114000176,188,395,-207
114000177,519,269,250
114000178,85,74,11
114000179,733,697,36
114000180,109,218,-109
114000181,1230,4789,-3559
114000182,619,2080,-1461
114000183,380,463,-83
114000184,1506,446,1060
114000185,1055,512,543
114000189,1164,101,1063
114000190,3393,388,3005
114000191,94,239,-145
114000192,69,480,-411
114000193,118,674,-556
114000194,1222,506,716
114000195,227,116,111
114000196,1,37,-36
114000197,1871,25,1846
114000198,519,165,354
114000199,1025,1166,-141
114000200,410,639,-229
114000201,127,452,-325
114000202,719,337,382
114000203,809,673,136
114000204,64,266,-202
114000205,162,663,-501
114000206,526,761,-235
114000207,322,571,-249
114000208,311,814,-503
114000209,252,909,-657
114000210,128,444,-316
114000211,1209,736,473
114000212,635,557,78
114000213,1509,311,1198
114000214,68,55,13
114000215,164,60,104
114000216,1358,234,1124
114000217,482,132,350
114000218,246,81,165
114000219,1492,120,1372
114000220,46,278,-232
114000221,957,143,814
114000222,67,318,-251
114000223,608,126,482
114000224,41,279,-238
114000225,240,195,45
114000226,194,135,59
114000227,961,338,623
114000228,702,296,406
114000229,1019,470,549
114000230,1316,528,788
114000231,924,1012,-88
114000232,1052,134,918
114000233,2510,59,2451
114000234,1095,398,697
114000235,1320,966,354
114000236,0,250,-250
114000237,131,364,-233
114000238,99,222,-123
114000239,108,515,-407
114000240,814,865,-51
114000241,273,410,-137
114000242,486,348,138
114000243,1734,618,1116
114000244,435,211,224
114000245,470,564,-94
114000246,102,25,77
114000247,420,386,34
114000248,1359,459,900
114000249,494,297,197
114000250,502,278,224
114000251,320,80,240
114000252,71,17,54
114000253,43,43,0
114000254,60,12,48
114000255,421,134,287
114000256,379,1895,-1516
114000257,366,593,-227
114000258,277,96,181
114000259,71,132,-61
114000260,0,19,-19
114000261,45,20,25
114000262,183,92,91
114000263,8,1,7
114000264,1092,220,872
114000265,0,0,0
114000267,8,1429,-1421
114000268,2,302,-300
114000270,175,2,173
114000271,235,45,190
114000283,1226,266,960
114000285,5,62,-57
114000288,153,200,-47
114000289,1747,182,1565
114000293,181,446,-265
114000294,146,134,12
114000395,1110,9,1101
114000396,563,620,-57
114000402,870,154,716
114000403,246,158,88
114000405,189,125,64
114000423,323,95,228
114000424,321,42,279
114000425,896,68,828
114000426,255,713,-458
114000427,110,34,76
114000428,99,184,-85
114000429,12,82,-70
114000432,158,34,124
114000434,29,48,-19
114000435,0,26,-26
114900001,758,201,557
114900002,293,94,199
114900003,919,305,614
114900004,155,322,-167
114900005,652,262,390
114900006,55,34,21
114900007,207,16,191
114900008,239,119,120
114900010,814,1460,-646
114900011,164,98,66
114900013,191,90,101
114900018,662,47,615
114900020,130,83,47
114900022,1,318,-317
114900025,362,101,261
114900026,63,76,-13
114900029,219,9,210
114900030,266,167,99
114900031,552,43,509
114900032,372,10,362
114900034,27,24,3
114900035,80,236,-156
114900036,170,178,-8
114900039,468,168,300
114900040,98,40,58
114900041,1019,127,892
114900042,1365,190,1175
114900044,134,22,112
114900047,185,3314,-3129
114900048,30,83,-53
114900049,23,51,-28
114900050,72,82,-10
114900051,26,112,-86
114900052,15,137,-122
114900053,49,100,-51
114900054,13,28,-15
114900057,155,18,137
114900058,0,20,-20
114900059,58,66,-8
114900063,82,66,16
114900064,2162,123,2039
114900065,547,621,-74
114900067,11,278,-267
114900068,17,50,-33
114900069,129,40,89
114900070,619,153,466
114900072,2,156,-154
114900073,0,20,-20
114900074,783,102,681
114900075,252,4,248
114900076,3,67,-64
114900080,647,130,517
114900082,1673,2539,-866
114900083,254,606,-352
114900090,428,147,281
114900091,60,79,-19
114900097,152,0,152
114900098,1,63,-62
114900099,208,2,206
115000001,3120,1630,1490
115000002,3432,5069,-1637
115000003,3606,1340,2266
115000004,4510,5473,-963
115000005,1747,1589,158
115000006,1167,1348,-181
115000007,439,192,247
115000008,503,454,49
115000009,519,172,347
115000010,280,132,148
115000013,48,177,-129
115000015,10,322,-312
115000016,23,165,-142
115000019,35,393,-358
115000020,141,756,-615
115000021,221,287,-66
115000022,351,164,187
115000023,229,354,-125
115000024,505,233,272
115000025,910,444,466
115000026,152,155,-3
115000027,291,158,133
115000028,141,379,-238
115000029,699,49,650
115000030,340,589,-249
115000031,709,143,566
115000032,6,141,-135
115000033,204,27,177
115000034,39,444,-405
115000035,737,62,675
115000036,4,297,-293
115000037,466,28,438
115000038,50,137,-87
115000039,2737,3629,-892
115000040,2737,2069,668
115000041,1877,3897,-2020
115000042,277,442,-165
115000043,3489,2335,1154
115000044,2244,2448,-204
115000045,2242,833,1409
115000046,2808,2633,175
115000047,2738,1294,1444
115000048,2003,1237,766
115000049,842,2105,-1263
115000050,3004,1227,1777
115000051,1380,3545,-2165
115000052,850,1038,-188
115000053,1912,1895,17
115000054,394,472,-78
115000055,169,775,-606
115000056,122,374,-252
115000057,553,1393,-840
115000058,299,390,-91
115000059,229,280,-51
115000061,106,203,-97
115000062,209,343,-134
115000063,307,250,57
115000064,177,142,35
115000065,109,377,-268
115000067,378,24,354
115000069,77,204,-127
115000070,24,660,-636
115000071,42,19,23
115000072,2,65,-63
115000073,1171,74,1097
115000075,91,51,40
115000076,1738,1382,356
115000077,1944,991,953
115000078,1586,670,916
115000079,1490,811,679
115000080,3226,1063,2163
115000081,205,371,-166
115000082,4420,3691,729
115000083,1765,645,1120
115000084,2836,868,1968
115000085,967,481,486
115000086,1375,406,969
115000087,346,979,-633
115000088,1511,447,1064
115000089,1049,734,315
115000090,358,720,-362
115000091,248,358,-110
115000092,737,642,95
115000093,563,1,562
115000094,3538,6432,-2894
115000095,2647,6042,-3395
115000096,935,520,415
115000097,1990,1073,917
115000098,1553,428,1125
115000099,2569,1097,1472
115000100,1373,179,1194
115000101,407,517,-110
115000102,540,196,344
115000103,280,332,-52
115000105,71,51,20
115000106,694,290,404
115000107,160,167,-7
115000108,1320,1294,26
115000109,2422,4168,-1746
115000110,939,1679,-740
115000111,273,702,-429
115000112,518,454,64
115000113,312,463,-151
115000114,796,322,474
115000116,1856,1301,555
115000117,1252,1482,-230
115000118,1345,1463,-118
115000119,1017,1281,-264
115000120,598,1145,-547
115000121,433,509,-76
115000122,491,1229,-738
115000123,625,1476,-851
115000124,563,740,-177
115000125,305,680,-375
115000126,81,300,-219
115000127,305,101,204
115000128,218,611,-393
115000129,146,412,-266
115000130,412,353,59
115000131,807,204,603
115000132,458,302,156
115000133,748,240,508
115000134,229,184,45
115000135,148,121,27
115000136,150,140,10
115000137,57,116,-59
115000138,377,166,211
115000139,208,127,81
115000140,395,156,239
115000141,252,99,153
115000142,251,63,188
115000143,845,564,281
115000144,524,80,444
115000145,248,87,161
115000146,508,402,106
115000147,273,293,-20
115000148,198,366,-168
115000149,646,150,496
115000150,464,352,112
115000151,1115,326,789
115000152,708,642,66
115000153,1324,323,1001
115000154,710,169,541
115000155,640,825,-185
115000156,604,854,-250
115000157,276,1192,-916
115000158,107,428,-321
115000159,371,569,-198
115000160,289,301,-12
115000161,132,340,-208
115000162,343,727,-384
115000163,379,501,-122
115000164,429,742,-313
115000165,119,568,-449
115000167,116,105,11
115000168,370,487,-117
115000169,256,711,-455
115000170,62,145,-83
115000171,160,472,-312
115000172,484,490,-6
115000173,190,606,-416
115000174,44,332,-288
115000175,180,105,75
115000176,34,81,-47
115000177,37,120,-83
115000178,8,104,-96
115000179,9,54,-45
115000180,62,216,-154
115000181,676,104,572
115000182,881,174,707
115000183,333,325,8
115000186,549,112,437
115000187,116,294,-178
115000188,401,382,19
115000189,205,265,-60
115000190,543,298,245
115000191,181,351,-170
115000194,61,137,-76
115000195,95,335,-240
115000196,226,109,117
115000197,300,95,205
115000198,491,85,406
115000199,472,59,413
115000200,424,118,306
115000201,240,199,41
115000206,262,11,251
115000207,131,242,-111
115000208,127,284,-157
115000209,540,247,293
115000210,101,89,12
115000211,158,113,45
115000212,838,261,577
115000224,198,39,159
115000225,78,44,34
115000229,168,70,98
115000230,129,498,-369
115000231,216,543,-327
115000232,2388,296,2092
115000233,80,200,-120
115000234,11,235,-224
115000241,83,61,22
115000242,202,80,122
115000243,91,57,34
115000244,14,132,-118
115000246,83,21,62
115000247,66,15,51
115000248,88,5,83
115000249,19,14,5
115000250,294,22,272
115000251,339,45,294
115000252,64,146,-82
115000253,13,348,-335
115000258,320,37,283
115000259,155,69,86
115000261,29,13,16
115000262,16,31,-15
115000263,13,26,-13
115000264,16,8,8
115000267,63,53,10
115000268,25,71,-46
115000269,112,25,87
115000270,0,28,-28
115000272,39,59,-20
115000273,438,26,412
115000280,1120,137,983
115000281,116,395,-279
115000282,529,354,175
115000284,88,203,-115
115000296,519,4,515
115000297,97,86,11
115000298,62,670,-608
115000300,148,70,78
115000302,566,117,449
115000303,1026,83,943
115000304,757,60,697
115000305,71,257,-186
115000306,183,130,53
115000307,101,236,-135
115000308,36,15,21
115000310,1584,351,1233
115000311,1369,839,530
115000313,92,323,-231
115000314,521,190,331
115000315,900,1112,-212
115000316,166,62,104
115000317,191,321,-130
115000318,619,193,426
115000319,83,178,-95
115000320,24,396,-372
115000321,192,2,190
115000322,34,96,-62
115000449,146,157,-11
115000557,26,1467,-1441
115000558,262,130,132
115000587,860,271,589
115000588,2055,1713,342
115000589,3592,2144,1448
115000590,866,1250,-384
115000591,1013,644,369
115000592,404,1644,-1240
115000593,1318,762,556
115000594,218,2732,-2514
115000609,271,131,140
115000617,445,2185,-1740
115000624,278,31,247
115000633,215,898,-683
115000634,2525,748,1777
115000635,615,198,417
115000638,174,240,-66
115000641,25,228,-203
115000642,137,119,18
115000643,84,257,-173
115000644,100,201,-101
115000646,519,1114,-595
115000647,239,482,-243
115000648,2290,695,1595
115000893,1495,1243,252
115000894,78,518,-440
115000895,202,1511,-1309
115000896,923,686,237
115000897,368,138,230
115000898,316,231,85
115000899,184,1269,-1085
115000900,48,758,-710
115000901,32,204,-172
115000912,498,111,387
115000913,1,28,-27
115000915,6,0,6
115000916,9,9,0
115000917,0,2,-2
115000918,25,564,-539
115000919,4,44,-40
115000920,15,48,-33
115000921,269,91,178
115000922,306,1411,-1105
115000923,75,2746,-2671
115000925,123,106,17
115000927,78,56,22
115000933,85,944,-859
115000934,134,105,29
115000935,173,57,116
115000936,109,860,-751
115000937,1518,378,1140
115000938,49,473,-424
115000939,40,214,-174
115000940,1,27,-26
115000941,1,60,-59
115000942,20,158,-138
115000943,3,168,-165
115000944,8,5,3
115900001,169,6,163
115900002,54,58,-4
115900003,167,36,131
115900004,2,3,-1
115900005,180,3,177
115900006,40,87,-47
115900008,99,1,98
115900009,59,167,-108
115900010,399,53,346
115900011,283,183,100
115900012,241,6,235
115900013,147,60,87
115900014,90,71,19
115900015,204,9,195
115900016,58,22,36
115900017,19,4,15
115900018,145,20,125
115900019,96,15,81
115900020,82,0,82
115900021,405,306,99
115900022,532,1,531
115900023,8,4,4
115900025,24,164,-140
115900026,417,96,321
115900027,1,92,-91
115900028,197,38,159
115900029,15,126,-111
115900030,31,22,9
115900031,88,185,-97
115900032,194,425,-231
115900033,0,38,-38
115900034,39,69,-30
115900035,33,44,-11
115900036,19,2027,-2008
115900037,40,78,-38
115900038,59,25,34
115900039,173,82,91
115900041,71,675,-604
115900042,61,20,41
115900043,80,30,50
115900044,134,251,-117
115900046,651,71,580
115900047,73,151,-78
115900049,148,112,36
115900051,2,17,-15
115900052,13,62,-49
115900053,211,43,168
115900054,415,32,383
115900055,30,43,-13
115900056,187,75,112
115900057,13,15,-2
115900058,6,25,-19
115900060,45,50,-5
115900061,306,0,306
115900062,18,100,-82
115900063,13,2,11
115900064,203,190,13
115900065,170,59,111
115900066,61,33,28
115900067,4,78,-74
115900068,924,1164,-240
115900069,58,103,-45
115900070,167,68,99
115900071,2,87,-85
115900072,13,69,-56
115900073,128,104,24
115900074,1,99,-98
115900075,21,115,-94
115900076,1,23,-22
115900077,1,35,-34
115900078,15,121,-106
115900079,383,13,370
115900080,76,75,1
115900081,33,14,19
115900082,84,88,-4
115900084,461,4,457
115900085,39,109,-70
115900086,721,249,472
115900088,1,108,-107
115900089,416,225,191
115900090,646,2,644
115900091,24,33,-9
115900092,38,53,-15
115900093,5,6,-1
115900094,3,44,-41
115900096,33,5,28
115900097,6,62,-56
115900098,313,131,182
115900099,57,116,-59
115900100,8,93,-85
115900101,215,72,143
115900102,81,75,6
115900103,287,56,231
115900104,55,36,19
115900105,217,135,82
115900106,103,6,97
115900107,90,37,53
115900108,118,19,99
115900109,18,109,-91
115900110,4,1,3
115900111,1,20,-19
115900112,60,335,-275
115900113,52,19,33
115900114,1,77,-76
115900115,53,122,-69
115900116,35,323,-288
115900117,85,4,81
115900118,1,60,-59
115900119,104,87,17
115900120,20,160,-140
115900121,205,85,120
115900124,210,692,-482
115900125,415,37,378
115900126,776,35,741
115900127,768,33,735
115900128,1,107,-106
115900129,399,35,364
115900130,9,319,-310
115900131,223,26,197
115900132,681,10,671
115900134,304,46,258
115900135,314,623,-309
115900137,28,8,20
115900139,15,70,-55
115900140,475,28,447
115900141,0,35,-35
115900142,0,44,-44
115900143,299,341,-42
115900144,130,130,0
115900146,6,32,-26
115900147,192,153,39
115900148,149,3,146
115900149,216,17,199
115900150,96,3,93
115900151,28,79,-51
115900152,225,172,53
115900153,143,100,43
115900154,245,306,-61
115900155,0,6,-6
115900156,647,563,84
115900157,238,341,-103
115900158,2,3,-1
115900159,173,116,57
115900160,0,14,-14
115900161,19,48,-29
115900163,189,66,123
115900164,691,2,689
115900166,89,86,3
115900168,149,49,100
115900171,68,280,-212
115900172,41,99,-58
115900173,178,61,117
115900174,200,355,-155
115900175,108,69,39
115900178,17,119,-102
115900179,368,3,365
115900180,14,49,-35
115900181,203,54,149
115900182,475,37,438
115900183,9,56,-47
115900184,384,7,377
115900187,11,228,-217
115900189,1,127,-126
115900190,45,857,-812
115900191,32,88,-56
115900192,24,103,-79
115900193,99,75,24
115900194,771,90,681
115900195,276,2237,-1961
115900198,155,190,-35
115900199,235,74,161
115900200,186,105,81
115900201,179,224,-45
115900202,1,49,-48
115900203,5,20,-15
115900204,0,11,-11
115900205,40,13,27
115900206,291,52,239
115900207,63,5,58
115900208,77,49,28
115900209,5,83,-78
115900210,7,185,-178
115900211,0,74,-74
115900212,166,60,106
115900213,81,118,-37
115900214,558,52,506
115900215,28,193,-165
115900216,3,25,-22
115900217,2,16,-14
115900218,1,13,-12
115900219,159,4,155
115900220,238,1,237
115900221,135,10,125
115900222,102,46,56
115900223,1,525,-524
115900224,512,1608,-1096
115900225,27,15,12
115900226,12,24,-12
115900227,5,65,-60
115900228,4,44,-40
115900229,1,27,-26
115900230,37,75,-38
115900231,91,0,91
115900232,79,0,79
115900233,64,3,61
115900234,51,23,28
115900235,18,42,-24
115900236,5,151,-146
115900237,15,24,-9
115900238,14,3,11
115900239,20,8,12
115900240,12,11,1
115900241,180,13,167
115900242,311,538,-227
115900243,29,2,27
115900244,7,2,5
115900245,13,0,13
115900246,19,10,9
115900247,3,11,-8
115900248,9,2,7
115900249,25,7,18
115900250,5,5,0
115900251,11,7,4
115900252,2,1,1
115900253,28,11,17
115900254,5,21,-16
115900255,0,30,-30
115900256,18,111,-93
115900257,2,10,-8
115900258,0,0,0
115900259,0,3,-3
115900260,9,1,8
115900261,4,2,2
115900262,2,0,2
115900263,6,0,6
115900264,12,7,5
115900265,4,8,-4
115900266,2,16,-14
115900267,1,6,-5
115900268,0,12,-12
115900269,575,77,498
115900270,285,105,180
115900271,103,0,103
115900272,54,9,45
115900273,20,7,13
115900274,0,3,-3
115900275,1,6,-5
115900276,0,7,-7
115900277,1,68,-67
115900278,55,55,0
115900279,34,131,-97
115900280,19,593,-574
115900281,119,415,-296
115900282,40,48,-8
115900283,21,1,20
115900284,23,5,18
116000001,4653,1442,3211
116000002,3697,10947,-7250
116000003,948,1386,-438
116000004,3026,5119,-2093
116000005,916,2272,-1356
116000006,2097,3699,-1602
116000007,1176,1651,-475
116000008,3836,2436,1400
116000009,693,892,-199
116000010,3043,1448,1595
116000011,613,606,7
116000012,1809,1050,759
116000013,3207,4174,-967
116000014,8550,19429,-10879
116000015,106,1247,-1141
116000016,2143,3014,-871
116000017,747,1303,-556
116000018,478,484,-6
116000019,792,262,530
116000020,502,940,-438
116000021,643,164,479
116000022,445,289,156
116000023,1496,762,734
116000024,524,572,-48
116000025,820,493,327
116000026,769,1282,-513
116000027,256,320,-64
116000028,488,909,-421
116000029,283,401,-118
116000030,500,452,48
116000031,49,137,-88
116000032,241,89,152
116000033,530,413,117
116000034,608,568,40
116000035,441,318,123
116000036,377,3008,-2631
116000037,295,427,-132
116000038,139,1106,-967
116000039,218,1502,-1284
116000040,190,795,-605
116000041,93,1158,-1065
116000042,976,1160,-184
116000043,89,387,-298
116000044,5,24,-19
116000045,1032,400,632
116000046,464,1068,-604
116000047,1106,2287,-1181
116000048,2005,1114,891
116000049,1523,2526,-1003
116000050,1431,1219,212
116000051,3555,3444,111
116000052,3560,3733,-173
116000053,1987,730,1257
116000054,1096,2250,-1154
116000055,990,984,6
116000056,1423,692,731
116000057,2054,1016,1038
116000058,3483,3377,106
116000059,1653,3431,-1778
116000060,2139,1022,1117
116000061,536,1230,-694
116000062,461,274,187
116000063,558,1885,-1327
116000066,492,600,-108
116000067,248,310,-62
116000068,295,551,-256
116000069,666,223,443
116000078,493,750,-257
116000080,1652,484,1168
116000082,1,18,-17
116000083,1542,452,1090
116000084,1008,1560,-552
116000085,1832,1537,295
116000086,798,618,180
116000087,2684,1685,999
116000088,870,519,351
116000089,143,45,98
116000090,122,95,27
116000091,172,244,-72
116000093,822,491,331
116000094,519,166,353
116000095,811,400,411
116000096,981,1272,-291
116000097,828,463,365
116000098,85,7620,-7535
116000099,3494,235,3259
116000100,320,7,313
116000101,882,260,622
116000102,263,477,-214
116000103,415,244,171
116000104,191,570,-379
116000105,1368,78,1290
116000106,465,858,-393
116000107,2671,257,2414
116000108,58,258,-200
116000111,112,26,86
116000113,157,55,102
116000114,28,89,-61
116000115,284,71,213
116000116,180,149,31
116000117,1342,1053,289
116000118,1329,646,683
116000119,3001,1126,1875
116000120,2380,1817,563
116000121,773,412,361
116000122,564,629,-65
116000123,1249,376,873
116000124,339,325,14
116000125,2396,459,1937
116000126,307,398,-91
116000127,640,355,285
116000128,1768,620,1148
116000129,1264,189,1075
116000130,1237,679,558
116000133,1301,623,678
116000134,1317,676,641
116000135,2599,1062,1537
116000136,701,881,-180
116000137,1189,630,559
116000138,1443,760,683
116000139,1757,3407,-1650
116000140,105,181,-76
116000141,309,151,158
116000142,1689,335,1354
116000143,1797,1233,564
116000144,2309,1740,569
116000145,2214,671,1543
116000146,959,140,819
116000147,221,268,-47
116000148,790,1248,-458
116000149,749,704,45
116000151,346,145,201
116000153,357,109,248
116000155,275,597,-322
116000156,741,622,119
116000157,91,15,76
116000158,363,184,179
116000159,32,20,12
116000160,50,32,18
116000161,8,43,-35
116000162,55,132,-77
116000163,68,9,59
116000164,5,37,-32
116000177,78,265,-187
116000194,338,345,-7
116000195,1094,426,668
116000196,35,3,32
116000197,16,9,7
116000198,1870,1263,607
116000200,517,593,-76
116000201,577,344,233
116000202,4,83,-79
116000203,0,27,-27
116000204,1,37,-36
116000205,0,72,-72
116000206,2,119,-117
116000207,12,61,-49
116000233,112,327,-215
116000287,207,123,84
116000288,335,145,190
116000292,65,65,0
116000296,11,71,-60
116000297,112,3,109
116000304,161,12,149
116000305,24,49,-25
116000346,172,114,58
116000352,119,81,38
116000354,24,23,1
116000357,4,25,-21
116000358,290,42,248
116000361,199,0,199
116000372,3059,6925,-3866
116000381,119,0,119
116000388,2,16,-14
116000389,637,250,387
116000445,651,181,470
116000446,778,164,614
116000447,46,311,-265
116000448,382,93,289
116000563,606,644,-38
116000565,14,276,-262
116000568,30,239,-209
116000579,18,42,-24
116000583,117,17,100
116000584,32,4,28
116000585,49,33,16
116000586,56,45,11
116000587,374,305,69
116000589,26,50,-24
116000590,94,51,43
116000591,249,191,58
116000592,36,26,10
116000593,0,13,-13
116000594,959,108,851
116000595,679,43,636
116000596,174,6,168
116000597,437,157,280
116000598,35,78,-43
116000605,147,103,44
116000606,20,313,-293
116000607,3,116,-113
116000609,66,791,-725
116000611,185,114,71
116000612,1398,1643,-245
116000613,627,284,343
116000614,376,196,180
116000615,4,596,-592
116000616,56,55,1
116000617,105,60,45
116000618,3,40,-37
116000619,60,71,-11
116000620,190,196,-6
116000621,168,41,127
116000622,162,69,93
116000624,154,120,34
116000627,110,11,99
116000628,43,76,-33
116000629,47,78,-31
116000630,466,9,457
116000631,300,16,284
116000632,857,33,824
116000633,233,75,158
116000634,397,25,372
116000635,2250,4188,-1938
116000636,414,1936,-1522
116000637,476,6,470
116000638,119,100,19
116000639,172,4,168
116000640,62,23,39
116000641,23,53,-30
116000643,52,99,-47
116000644,91,123,-32
116000645,21,8,13
116900001,415,116,299
116900002,226,1,225
116900003,43,21,22
116900004,43,70,-27
116900005,256,42,214
116900006,95,125,-30
116900007,169,262,-93
116900008,627,66,561
116900009,13,8,5
116900010,1073,482,591
116900011,12,11,1
116900012,267,329,-62
116900013,1,26,-25
116900014,266,14,252
116900015,562,33,529
116900016,314,1,313
116900017,50,158,-108
116900018,86,68,18
116900019,3,81,-78
116900020,219,1314,-1095
116900023,59,10,49
116900024,753,31,722
116900025,1226,240,986
116900026,30,256,-226
116900027,23,59,-36
116900028,2,32,-30
116900029,0,89,-89
116900031,0,2,-2
116900032,1,82,-81
116900033,46,1,45
116900034,2,30,-28
116900035,160,95,65
116900036,2,62,-60
116900038,12,1,11
116900041,49,8,41
116900042,158,110,48
116900043,10,29,-19
116900047,15,165,-150
116900049,17,131,-114
116900050,68,146,-78
116900051,179,19,160
116900052,167,54,113
116900055,0,10,-10
116900057,30,78,-48
116900058,17,174,-157
116900059,0,30,-30
116900060,99,292,-193
116900062,2,49,-47
116900064,66,162,-96
116900065,23,52,-29
116900067,119,50,69
116900068,125,55,70
116900070,3,3,0
116900072,42,90,-48
116900073,20,68,-48
116900074,0,22,-22
116900076,9,110,-101
116900077,5,30,-25
116900078,94,29,65
116900079,47,86,-39
116900080,7,5,2
116900081,140,480,-340
116900082,138,645,-507
116900083,3,3,0
116900084,74,91,-17
116900085,11,34,-23
116900086,33,85,-52
116900088,221,28,193
116900090,13,14,-1
116900091,329,48,281
116900092,66,232,-166
116900093,3179,951,2228
116900094,2369,4886,-2517
116900095,190,580,-390
116900096,35,308,-273
116900097,1064,3380,-2316
116900098,632,441,191
116900099,217,845,-628
116900100,884,34,850
116900101,102,434,-332
116900103,14,0,14
116900104,35,166,-131
116900105,270,157,113
116900106,1162,7,1155
116900107,953,2306,-1353
116900110,15,0,15
116900111,789,128,661
116900112,191,320,-129
116900113,591,2085,-1494
116900116,31,1010,-979
116900117,194,115,79
116900118,1283,832,451
116900120,325,38,287
116900121,127,3,124
116900122,861,158,703
116900123,325,193,132
116900124,98,386,-288
116900125,551,56,495
116900126,58,390,-332
116900128,0,52,-52
116900129,1,136,-135
116900130,1156,3782,-2626
116900131,33,218,-185
116900132,43,51,-8
116900133,167,117,50
116900134,199,165,34
116900136,176,145,31
116900137,219,123,96
116900138,97,63,34
116900139,60,149,-89
116900140,99,39,60
116900141,325,130,195
116900142,5,54,-49
116900143,281,126,155
116900144,29,73,-44
116900145,31,90,-59
116900147,156,2301,-2145
116900148,20,29,-9
116900149,34,228,-194
116900150,14,5,9
116900151,69,67,2
116900153,127,64,63
116900154,134,413,-279
116900155,40,70,-30
116900157,689,73,616
116900158,131,322,-191
116900159,99,608,-509
116900160,728,764,-36
116900161,3264,8620,-5356
116900162,6,47,-41
116900163,255,28,227
116900164,86,53,33
116900165,543,376,167
116900166,30,10,20
116900167,423,29,394
116900168,360,27,333
116900169,132,1912,-1780
116900170,623,367,256
116900171,38,32,6
116900172,83,425,-342
116900173,277,10,267
116900174,106,77,29
116900175,188,465,-277
116900178,58,53,5
116900179,23,325,-302
116900180,56,6,50
116900182,998,192,806
116900183,194,73,121
116900185,50,34,16
116900186,84,37,47
116900187,22,60,-38
116900188,112,21,91
116900189,20,0,20
116900191,242,290,-48
116900192,283,80,203
116900194,82,1503,-1421
116900195,30,16,14
116900196,8,14,-6
116900197,93,12,81
116900198,48,325,-277
116900200,120,5,115
116900201,182,5,177
116900202,20,7,13
116900203,146,14,132
116900204,31,154,-123
116900206,55,0,55
116900207,9,28,-19
116900208,8,44,-36
116900209,17,18,-1
116900210,533,271,262
116900211,196,5,191
116900212,111,13,98
116900213,269,84,185
116900214,265,152,113
116900215,40,46,-6
116900216,309,181,128
116900218,4,178,-174
116900219,404,192,212
116900220,144,189,-45
116900221,106,209,-103
116900222,443,223,220
116900223,112,160,-48
116900226,102,29,73
116900227,162,34,128
116900228,296,93,203
116900230,65,55,10
116900231,59,134,-75
116900232,11,143,-132
116900233,274,69,205
116900234,9,4,5
116900235,497,210,287
116900238,562,144,418
116900239,15,817,-802
116900240,2632,2800,-168
116900241,114,20,94
116900242,384,870,-486
116900243,0,9,-9
116900245,45,26,19
116900246,140,116,24
116900247,954,34,920
116900248,64,37,27
116900249,367,10,357
116900250,474,33,441
116900251,284,984,-700
116900252,142,335,-193
116900254,29,84,-55
116900255,122,96,26
116900256,549,122,427
116900257,26,199,-173
116900258,0,43,-43
116900259,334,6,328
116900260,1,52,-51
116900261,74,1,73
116900262,181,65,116
116900263,2,13,-11
116900264,83,57,26
116900265,111,0,111
116900266,17,8,9
116900267,18,0,18
116900268,58,44,14
116900269,333,889,-556
116900271,519,369,150
116900272,569,471,98
116900273,18,645,-627
116900274,161,14,147
116900275,187,44,143
116900276,308,233,75
116900277,98,13,85
116900278,15,2,13
116900279,2,17,-15
116900280,21,10,11
116900281,2003,4885,-2882
116900282,0,21,-21
116900283,2,28,-26
116900284,7,78,-71
116900285,120,226,-106
116900286,68,13,55
116900287,6,9,-3
116900288,108,26,82
116900289,14,0,14
116900290,10,1,9
116900291,45,20,25
116900292,0,26,-26
116900293,79,8,71
116900294,14,79,-65
116900295,120,302,-182
116900296,78,318,-240
116900297,3,113,-110
116900298,44,369,-325
116900299,10,398,-388
116900300,0,158,-158
116900301,15,824,-809
116900302,28,99,-71
116900303,122,259,-137
116900304,0,135,-135
116900305,12,11,1
116900306,247,19,228
116900307,125,1,124
116900308,0,17,-17
116900309,153,35,118
116900310,32,36,-4
116900311,1,165,-164
117000001,2550,2771,-221
117000002,1508,2368,-860
117000003,5268,3075,2193
117000004,1827,4436,-2609
117000005,3590,2061,1529
117000006,907,1868,-961
117000007,6099,1149,4950
117000008,829,2162,-1333
117000009,4054,1404,2650
117000010,1173,2077,-904
117000011,2773,1098,1675
117000012,1457,711,746
117000013,2030,828,1202
117000014,1142,1745,-603
117000015,2457,1284,1173
117000016,326,636,-310
117000017,159,2128,-1969
117000018,137,980,-843
117000019,70,151,-81
117000020,651,1816,-1165
117000021,2654,816,1838
117000022,156,497,-341
117000023,61,1053,-992
117000024,103,1397,-1294
117000025,143,4360,-4217
117000026,1253,3591,-2338
117000027,1188,3954,-2766
117000028,884,3128,-2244
117000030,297,301,-4
117000031,485,517,-32
117000032,1168,1362,-194
117000033,1640,1146,494
117000034,271,156,115
117000035,364,529,-165
117000036,436,208,228
117000037,236,218,18
117000038,243,376,-133
117000039,303,251,52
117000040,201,459,-258
117000041,1108,76,1032
117000044,12,538,-526
117000045,935,166,769
117000046,340,812,-472
117000047,1124,704,420
117000048,1133,614,519
117000049,37,299,-262
117000050,158,968,-810
117000051,2569,47,2522
117000052,22,176,-154
117000053,753,26,727
117000054,1800,15,1785
117000055,16,934,-918
117000056,595,25,570
117000057,362,1116,-754
117000060,334,808,-474
117000061,2468,1252,1216
117000062,140,536,-396
117000063,1765,812,953
117000064,618,625,-7
117000066,335,580,-245
117000067,101,471,-370
117000074,23,133,-110
117000076,40,41,-1
117000077,221,125,96
117000078,130,436,-306
117000079,370,234,136
117000080,0,366,-366
117000081,924,126,798
117000082,26,78,-52
117000083,660,194,466
117000084,125,1,124
117000085,314,708,-394
117000086,627,243,384
117000087,71,432,-361
117000088,280,144,136
117000089,2111,193,1918
117000090,221,697,-476
117000091,1061,185,876
117000092,394,496,-102
117000093,1782,563,1219
117000094,718,1025,-307
117000095,3097,572,2525
117000096,583,1022,-439
117000097,2066,693,1373
117000098,1172,1715,-543
117000099,4261,894,3367
117000100,213,254,-41
117000101,109,432,-323
117000102,2340,504,1836
117000103,420,713,-293
117000104,1683,435,1248
117000105,381,768,-387
117000106,1814,435,1379
117000107,434,620,-186
117000108,2901,845,2056
117000109,764,1179,-415
117000110,2402,1735,667
117000111,3734,3363,371
117000112,3652,1172,2480
117000113,89,43,46
117000114,279,119,160
117000115,50,26,24
117000116,221,122,99
117000117,1620,868,752
117000118,387,167,220
117000119,122,757,-635
117000120,50,1664,-1614
117000121,33,1012,-979
117000122,890,1670,-780
117000123,2844,81,2763
117000124,93,287,-194
117000125,44,997,-953
117000126,36,18,18
117000127,113,498,-385
117000128,71,1643,-1572
117000129,394,1832,-1438
117000130,265,0,265
117000131,0,57,-57
117000132,3487,16,3471
117000133,2692,9,2683
117000134,0,309,-309
117000135,17,261,-244
117000136,1,78,-77
117000137,231,150,81
117000138,2,967,-965
117000140,369,724,-355
117000141,2141,397,1744
117000181,264,118,146
117000182,2020,882,1138
117000195,89,344,-255
117000196,336,128,208
117000225,43,243,-200
117000226,7,391,-384
117000276,338,15,323
117000277,0,110,-110
117000310,870,1835,-965
117000315,186,596,-410
117000320,78,0,78
117000906,604,12,592
117000907,5,133,-128
117000909,103,59,44
117000910,269,100,169
117000911,25,105,-80
117000915,1,163,-162
117000916,105,3,102
117000917,1427,25,1402
117000918,224,43,181
117000919,2,26,-24
117000920,1,525,-524
117000921,2,283,-281
117000922,20,30,-10
117000924,704,728,-24
117000926,771,751,20
117000927,188,636,-448
117000928,0,131,-131
117000929,518,200,318
117000930,600,5,595
117000931,123,191,-68
117900002,42,954,-912
117900003,91,170,-79
117900005,1,275,-274
117900006,1,17,-16
117900007,98,63,35
117900008,0,10,-10
117900010,573,71,502
117900011,21,745,-724
117900012,64,47,17
117900013,1,149,-148
117900014,964,231,733
117900015,13,73,-60
117900016,872,775,97
117900017,1346,914,432
117900018,381,851,-470
117900019,916,260,656
117900020,31,378,-347
117900021,30,79,-49
117900023,3138,60,3078
117900024,122,49,73
117900025,21,0,21
117900026,519,136,383
117900028,50,10,40
117900029,487,381,106
117900031,154,546,-392
117900032,1004,631,373
117900033,605,354,251
117900034,61,13,48
117900035,354,162,192
117900036,417,139,278
117900037,149,32,117
117900038,30,71,-41
117900039,0,10,-10
117900040,113,155,-42
117900041,0,9,-9
117900042,1760,265,1495
117900043,6,20,-14
117900044,58,6110,-6052
117900045,327,93,234
117900048,367,69,298
117900049,466,339,127
117900050,5,828,-823
117900051,10,28,-18
117900052,91,385,-294
117900053,1809,130,1679
117900054,0,12,-12
117900055,1893,350,1543
117900056,34,202,-168
117900057,672,697,-25
117900058,17,122,-105
117900059,105,71,34
117900060,2045,1539,506
117900061,18,410,-392
117900063,613,149,464
117900065,266,494,-228
117900066,2,84,-82
117900067,948,121,827
117900069,1360,110,1250
117900070,31,226,-195
117900071,203,112,91
117900073,769,146,623
117900074,26,514,-488
117900075,85,41,44
117900076,54,100,-46
117900077,585,65,520
117900078,436,587,-151
117900080,234,41,193
117900081,183,136,47
117900082,642,315,327
117900083,568,183,385
117900086,198,25,173
117900087,119,22,97
117900088,804,955,-151
117900089,2136,476,1660
117900090,645,246,399
117900091,75,49,26
117900092,91,19,72
117900093,105,37,68
117900094,39,29,10
117900095,496,2375,-1879
117900096,196,355,-159
117900097,105,16,89
117900098,67,17,50
117900099,209,714,-505
117900100,400,9,391
117900101,793,2120,-1327
117900102,65,15,50
117900103,46,3,43
117900104,8,475,-467
117900105,46,113,-67
117900106,109,33,76
117900107,44,0,44
117900109,757,264,493
117900110,199,0,199
117900111,593,25,568
117900112,40,6,34
117900113,898,1749,-851
117900114,26,0,26
117900115,50,346,-296
117900116,549,397,152
117900117,628,90,538
117900118,128,0,128
117900119,182,27,155
117900120,629,37,592
117900121,66,23,43
117900122,646,4546,-3900
117900123,1183,272,911
117900124,283,323,-40
117900125,1359,1212,147
117900126,139,226,-87
117900127,556,128,428
117900128,293,153,140
117900129,117,2,115
117900130,425,335,90
117900131,4,60,-56
117900132,4,73,-69
117900133,35,55,-20
117900134,34,77,-43
117900135,26,50,-24
117900136,0,5,-5
117900137,33,129,-96
117900138,0,6,-6
117900139,82,78,4
117900140,5924,93,5831
117900141,50,279,-229
117900142,27,423,-396
117900144,24,1212,-1188
117900145,5,226,-221
117900146,118,246,-128
117900147,92,50,42
117900148,2720,2718,2
117900149,96,74,22
117900150,71,32,39
117900151,73,108,-35
117900152,106,73,33
117900153,7,98,-91
117900154,629,371,258
117900156,349,500,-151
117900157,104,506,-402
117900158,283,80,203
117900160,687,660,27
117900161,835,709,126
117900162,949,430,519
117900163,33,1262,-1229
117900165,0,5,-5
117900166,48,441,-393
117900168,85,80,5
117900169,3,46,-43
117900170,0,11,-11
117900171,1,6,-5
117900172,11,3,8
117900173,26,39,-13
117900174,27,45,-18
117900175,3,16,-13
117900176,25,13,12
117900177,17,11,6
117900178,90,16,74
117900180,94,13,81
117900181,31,309,-278
117900182,1,28,-27
117900183,55,112,-57
117900184,8,40,-32
117900185,62,11,51
117900186,56,15,41
117900187,10,4,6
117900188,149,59,90
117900189,71,26,45
117900190,33,0,33
117900191,114,0,114
117900192,143,0,143
117900193,0,68,-68
117900194,19,3,16
117900195,4,61,-57
117900196,25,12,13
117900207,59,189,-130
117900208,4,15,-11
117900209,128,121,7
117900210,91,100,-9
117900211,0,46,-46
117900212,75,133,-58
117900213,47,4,43
117900214,11,4,7
117900215,120,15,105
117900216,43,80,-37
117900217,65,237,-172
117900218,66,125,-59
117900219,9,228,-219
117900220,29,466,-437
117900222,171,109,62
117900223,116,257,-141
118000001,559,2397,-1838
118000002,781,834,-53
118000003,2071,4966,-2895
118000004,973,4874,-3901
118000005,3129,3041,88
118000006,3595,4782,-1187
118000007,3466,7508,-4042
118000008,816,4294,-3478
118000009,1263,2400,-1137
118000010,3399,3175,224
118000011,1759,834,925
118000012,1080,1249,-169
118000013,1756,1641,115
118000014,1559,1153,406
118000016,276,145,131
118000017,756,331,425
118000018,330,170,160
118000019,1035,1815,-780
118000020,432,2039,-1607
118000021,443,2746,-2303
118000022,674,608,66
118000023,473,307,166
118000024,345,851,-506
118000027,7619,6437,1182
118000029,550,805,-255
118000032,153,2085,-1932
118000033,1543,4400,-2857
118000034,2527,3236,-709
118000035,1638,2227,-589
118000036,678,1128,-450
118000037,679,1681,-1002
118000038,618,116,502
118000039,150,46,104
118000040,1550,1515,35
118000041,2879,1137,1742
118000045,451,376,75
118000046,682,1463,-781
118000047,371,3092,-2721
118000048,884,3435,-2551
118000051,534,3860,-3326
118000052,196,1224,-1028
118000053,153,339,-186
118000054,2395,562,1833
118000055,2153,1654,499
118000056,64,417,-353
118000057,140,266,-126
118000058,1378,4238,-2860
118000059,1141,2767,-1626
118000060,958,508,450
118000061,1000,937,63
118000062,332,274,58
118000063,240,864,-624
118000064,456,1217,-761
118000065,1277,1371,-94
118000066,1380,3511,-2131
118000067,335,494,-159
118000068,594,8704,-8110
118000069,886,1169,-283
118000070,4890,1792,3098
118000071,2533,8782,-6249
118000072,545,3460,-2915
118000073,367,1656,-1289
118000074,682,1180,-498
118000075,423,563,-140
118000076,1685,6336,-4651
118000077,802,1996,-1194
118000078,1596,2799,-1203
118000079,213,421,-208
118000080,617,1303,-686
118000081,1319,2223,-904
118000082,325,1154,-829
118000083,1135,1501,-366
118000084,1579,1957,-378
118000086,132,495,-363
118000087,2961,1920,1041
118000088,844,1549,-705
118000089,3031,2431,600
118000090,823,2714,-1891
118000091,846,3910,-3064
118000092,673,508,165
118000093,98,557,-459
118000096,454,772,-318
118000097,507,706,-199
118000098,229,258,-29
118000099,883,335,548
118000101,1937,411,1526
118000102,390,516,-126
118000107,2254,603,1651
118000108,410,3646,-3236
118000110,0,55,-55
118000111,0,153,-153
118000112,1047,3,1044
118000113,9,266,-257
118000114,750,9,741
118000115,9,9,0
118000116,7,0,7
118000117,594,728,-134
118000118,831,2244,-1413
118000119,895,1814,-919
118000120,1176,946,230
118000121,13,583,-570
118000122,495,344,151
118000123,77,248,-171
118000125,875,1378,-503
118000126,453,2120,-1667
118000127,986,1001,-15
118000128,241,1767,-1526
118000129,1450,770,680
118000130,1643,2220,-577
118000131,294,635,-341
118000132,2766,1947,819
118000133,1435,715,720
118000135,385,980,-595
118000136,142,816,-674
118000137,485,105,380
118000138,309,327,-18
118000139,443,85,358
118000140,3269,7003,-3734
118000141,2427,1241,1186
118000142,2508,1274,1234
118000143,3099,1306,1793
118000144,783,336,447
118000145,1216,991,225
118000146,1112,315,797
118000147,1091,713,378
118000148,1160,1047,113
118000149,1072,483,589
118000150,733,264,469
118000151,925,173,752
118000153,1615,714,901
118000154,2121,1059,1062
118000155,2519,1002,1517
118000156,1625,2685,-1060
118000157,534,191,343
118000158,311,363,-52
118000159,29,78,-49
118000160,708,246,462
118000161,632,276,356
118000162,1393,784,609
118000163,907,763,144
118000164,1655,1107,548
118000168,256,633,-377
118000169,999,651,348
118000170,2209,1738,471
118000171,376,274,102
118000172,112,165,-53
118000173,915,991,-76
118000175,249,292,-43
118000176,337,437,-100
118000177,284,575,-291
118000178,25,40,-15
118000179,697,968,-271
118000180,538,454,84
118000181,570,148,422
118000182,248,138,110
118000183,287,189,98
118000184,1142,325,817
118000185,477,1616,-1139
118000186,477,1032,-555
118000187,1989,338,1651
118000188,730,47,683
118000189,755,189,566
118000190,13,8,5
118000191,19,11,8
118000192,16,71,-55
118000193,10,120,-110
118000194,1371,553,818
118000195,307,4527,-4220
118000196,99,686,-587
118000197,98,497,-399
118000198,318,1479,-1161
118000199,284,1252,-968
118000200,51,716,-665
118000201,155,842,-687
118000202,28,361,-333
118000203,329,1312,-983
118000204,39,441,-402
118000205,51,232,-181
118000206,255,187,68
118000207,1,34,-33
118000208,1234,1028,206
118000209,2502,834,1668
118000210,118,32,86
118000211,85,36,49
118000213,336,4217,-3881
118000214,214,680,-466
118000215,428,61,367
118000216,5328,1256,4072
118000217,17,32,-15
118000218,33,26,7
118000219,192,189,3
118000220,6,40,-34
118000221,441,356,85
118000222,45,18,27
118000223,81,42,39
118000224,75,32,43
118000225,119,1375,-1256
118000226,1155,173,982
118000227,840,419,421
118000228,30,350,-320
118000229,23,578,-555
118000230,91,128,-37
118000231,36,236,-200
118000232,828,240,588
118000233,1077,422,655
118000234,419,53,366
118000236,200,213,-13
118000237,104,85,19
118000238,157,49,108
118000239,264,163,101
118000240,111,83,28
118000241,265,75,190
118000242,366,108,258
118000243,282,93,189
118000244,87,28,59
118000246,6,39,-33
118000255,80,259,-179
118000256,226,152,74
118000259,5,50,-45
118000260,158,28,130
118000261,35,8,27
118000263,73,100,-27
118000266,142,177,-35
118000267,2,331,-329
118000268,197,0,197
118000270,75,2,73
118000271,272,158,114
118000272,30,10,20
118000273,346,17,329
118000274,60,153,-93
118000276,400,142,258
118000295,12,63,-51
118000298,103,131,-28
118000299,71,86,-15
118000301,0,192,-192
118000302,128,20,108
118000311,876,32,844
118000312,310,72,238
118000313,32,28,4
118000314,174,18,156
118000315,40,7,33
118000316,801,273,528
118000325,64,17,47
118000326,49,17,32
118000331,27,7,20
118000332,13,14,-1
118000333,22,26,-4
118000335,550,0,550
118000336,0,145,-145
118000407,227,28,199
118000457,2,64,-62
118000465,451,2495,-2044
118000480,35,26,9
118000489,3,483,-480
118000490,14,183,-169
118000492,420,147,273
118000510,60,20,40
118000514,83,695,-612
118000515,395,877,-482
118000517,303,162,141
118000524,101,302,-201
118000525,407,474,-67
118000530,32,148,-116
118000531,409,144,265
118000532,272,141,131
118000533,266,75,191
118000534,495,182,313
118000535,335,108,227
118000536,54,401,-347
118000537,17,105,-88
118000538,85,115,-30
118000539,22,178,-156
118000540,107,145,-38
118000541,53,77,-24
118000542,52,202,-150
118000543,117,420,-303
118000546,45,90,-45
118000553,0,0,0
118000560,760,1839,-1079
118000562,21,73,-52
118000563,905,833,72
118000576,222,55,167
118000577,167,187,-20
118000578,146,66,80
118000579,597,1638,-1041
118000583,0,0,0
118000595,198,71,127
118000596,1,507,-506
118000597,212,98,114
118000598,3,0,3
118000599,186,26,160
118000600,0,7,-7
118000601,4,0,4
118000602,2,13,-11
118000603,0,30,-30
118000605,64,151,-87
118000606,19,29,-10
118000607,192,150,42
118900001,259,710,-451
118900002,479,767,-288
118900003,210,3,207
118900004,32,5,27
118900005,85,13,72
118900006,143,2,141
118900007,1,3,-2
118900008,739,31,708
118900009,67,54,13
118900010,83,6,77
118900011,147,6,141
118900012,224,175,49
118900013,661,237,424
118900015,194,27,167
118900016,1,4,-3
118900017,14,131,-117
118900018,752,39,713
118900019,16,7,9
118900020,38,163,-125
118900021,90,378,-288
118900022,144,39,105
118900023,89,105,-16
118900024,60,62,-2
118900025,32,9,23
118900026,55,16,39
118900027,314,104,210
118900028,266,102,164
118900029,179,249,-70
118900030,423,32,391
118900031,136,16,120
118900032,267,74,193
118900033,157,558,-401
118900034,142,20,122
118900035,101,41,60
118900036,1087,304,783
118900037,176,354,-178
118900038,421,89,332
118900039,538,92,446
118900040,191,93,98
118900041,637,226,411
118900042,119,63,56
118900045,162,150,12
118900046,283,313,-30
118900047,250,447,-197
118900048,122,372,-250
118900049,93,34,59
118900050,64,1,63
118900051,48,142,-94
118900052,151,433,-282
118900053,5,79,-74
118900054,158,45,113
118900055,40,21,19
118900056,39,182,-143
118900057,689,438,251
118900058,331,392,-61
118900059,25,127,-102
118900062,130,76,54
118900064,137,572,-435
118900065,30,91,-61
118900066,89,66,23
118900067,2613,3668,-1055
118900068,24,207,-183
118900069,607,152,455
118900071,3,8,-5
118900072,581,368,213
118900073,193,76,117
118900074,170,48,122
118900075,88,28,60
118900076,201,175,26
118900077,274,89,185
118900078,8,0,8
118900079,33,62,-29
118900080,19,40,-21
118900081,59,63,-4
118900082,1550,113,1437
118900083,10,0,10
118900084,11,9,2
118900085,337,305,32
118900086,52,60,-8
118900087,120,423,-303
118900088,0,3,-3
118900089,9,10,-1
118900090,393,141,252
118900091,48,204,-156
118900092,149,29,120
118900093,67,7,60
118900096,83,158,-75
118900097,332,353,-21
118900099,59,87,-28
118900100,62,134,-72
118900101,92,67,25
118900102,22,142,-120
118900103,5,126,-121
118900104,195,48,147
118900105,180,38,142
118900107,35,20,15
118900108,65,48,17
118900110,637,676,-39
118900111,533,209,324
118900112,119,193,-74
118900113,158,190,-32
118900114,9,128,-119
118900115,50,242,-192
118900116,106,122,-16
118900117,149,87,62
118900118,286,202,84
118900119,241,111,130
118900120,93,210,-117
118900121,12,37,-25
118900122,9,881,-872
118900123,89,194,-105
118900124,76,85,-9
118900126,11,277,-266
118900129,216,128,88
118900130,19,198,-179
118900131,388,78,310
118900132,248,117,131
118900133,5,170,-165
118900135,235,76,159
118900136,250,265,-15
118900137,8,57,-49
118900139,275,86,189
118900140,448,302,146
118900141,144,37,107
118900144,189,211,-22
118900145,14,48,-34
118900146,291,348,-57
118900147,63,437,-374
118900148,40,16,24
118900150,303,417,-114
118900152,411,377,34
118900157,18,230,-212
118900158,96,15,81
118900159,15,55,-40
118900161,31,10,21
118900163,23,32,-9
118900164,0,30,-30
118900165,42,14,28
118900166,10,0,10
118900167,47,63,-16
118900168,22,201,-179
118900169,91,38,53
118900170,162,18,144
118900171,33,20,13
118900174,78,18,60
118900175,586,262,324
118900176,175,193,-18
118900177,50,8,42
118900178,65,56,9
118900179,71,4,67
118900182,7,34,-27
118900183,16,93,-77
118900184,160,50,110
118900185,273,53,220
118900186,50,91,-41
118900187,104,289,-185
118900188,198,195,3
118900189,24,601,-577
118900190,28,91,-63
118900191,385,18,367
118900192,333,6,327
118900193,681,1,680
118900195,162,258,-96
118900196,24,112,-88
118900197,390,62,328
118900198,10,4,6
118900199,51,10,41
118900200,19,13,6
118900201,17,20,-3
118900202,4,43,-39
118900203,17,4,13
118900204,29,8,21
118900205,0,0,0
118900206,1,1,0
119000001,1336,1836,-500
119000002,3066,2809,257
119000003,3100,640,2460
119000004,2151,1602,549
119000005,1947,2244,-297
119000006,4338,1555,2783
119000007,3312,3230,82
119000008,1621,1371,250
119000009,2376,5884,-3508
119000010,3338,3597,-259
119000011,1667,1979,-312
119000012,768,2044,-1276
119000013,2476,1385,1091
119000014,1047,1464,-417
119000019,160,97,63
119000020,2383,1668,715
119000021,5416,3350,2066
119000022,780,2796,-2016
119000023,219,297,-78
119000024,1464,15736,-14272
119000025,2846,648,2198
119000026,19,389,-370
119000027,111,287,-176
119000028,1307,335,972
119000029,56,200,-144
119000030,517,636,-119
119000031,777,391,386
119000032,1530,1263,267
119000033,1829,742,1087
119000034,1104,385,719
119000035,35,147,-112
119000036,2458,301,2157
119000037,1423,556,867
119000038,154,261,-107
119000039,559,240,319
119000040,827,730,97
119000041,515,1184,-669
119000048,1712,1177,535
119000049,2977,1312,1665
119000050,1217,1378,-161
119000051,2409,1003,1406
119000052,2553,1981,572
119000053,1741,891,850
119000054,3158,1401,1757
119000055,5263,1824,3439
119000056,3566,1234,2332
119000057,1780,828,952
119000058,1404,824,580
119000059,929,810,119
119000060,1483,585,898
119000061,926,494,432
119000062,873,1001,-128
119000063,805,610,195
119000064,761,680,81
119000065,1022,2562,-1540
119000066,1808,1180,628
119000067,1622,1087,535
119000068,1677,730,947
119000069,1737,1245,492
119000070,2768,533,2235
119000071,492,344,148
119000072,3797,2141,1656
119000073,2868,8503,-5635
119000074,1518,1205,313
119000075,3587,1746,1841
119000076,278,1020,-742
119000077,430,280,150
119000078,504,410,94
119000079,283,547,-264
119000080,909,69,840
119000081,186,185,1
119000082,855,166,689
119000083,782,575,207
119000084,306,231,75
119000085,494,150,344
119000086,361,1017,-656
119000087,599,294,305
119000088,376,166,210
119000089,226,218,8
119000090,190,67,123
119000091,240,333,-93
119000092,307,163,144
119000093,3266,1882,1384
119000094,3960,4779,-819
119000095,2071,3489,-1418
119000097,1561,694,867
119000098,1270,3620,-2350
119000099,1911,742,1169
119000100,3787,2454,1333
119000101,2226,1236,990
119000102,377,1425,-1048
119000103,676,453,223
119000104,1013,598,415
119000105,639,2609,-1970
119000106,398,432,-34
119000107,1247,582,665
119000108,591,343,248
119000109,161,642,-481
119000110,264,352,-88
119000111,25,679,-654
119000112,137,135,2
119000113,917,350,567
119000114,1075,753,322
119000115,106,96,10
119000116,89,81,8
119000117,81,247,-166
119000118,3,1,2
119000123,1888,3134,-1246
119000124,1111,133,978
119000125,5198,334,4864
119000126,1901,343,1558
119000127,1019,257,762
119000128,8,2,6
119000131,1051,215,836
119000132,0,1,-1
119000133,0,4,-4
119000134,1137,469,668
119000135,209,162,47
119000136,372,99,273
119000137,282,121,161
119000138,789,80,709
119000139,115,55,60
119000140,332,299,33
119000284,813,1277,-464
119000285,1263,921,342
119000286,2434,2163,271
119000287,1007,1139,-132
119000288,1556,664,892
119000289,968,2287,-1319
119000290,197,129,68
119000291,46,189,-143
119000293,161,154,7
119000294,45,18,27
119000295,1183,166,1017
119000296,460,132,328
119000302,1396,831,565
119000303,36,282,-246
119000314,1112,13030,-11918
119000315,0,154,-154
119000316,298,87,211
119000317,127,62,65
119000319,1049,109,940
119900001,123,1515,-1392
119900002,183,159,24
119900003,19,402,-383
119900004,106,1700,-1594
119900005,285,48,237
119900006,126,363,-237
119900007,496,136,360
119900008,65,58,7
119900009,388,227,161
119900010,404,506,-102
119900011,37,197,-160
119900012,9,97,-88
119900013,1656,1300,356
119900014,342,139,203
119900015,265,16,249
119900016,63,24,39
119900017,51,26,25
119900018,770,1061,-291
119900019,20,4,16
119900020,111,113,-2
119900021,137,30,107
119900022,100,744,-644
119900023,250,2795,-2545
119900025,303,22,281
119900026,308,126,182
119900027,19,56,-37
119900028,190,141,49
119900029,1,1,0
119900030,391,243,148
119900031,56,662,-606
119900033,960,241,719
119900034,587,24,563
119900037,195,6,189
119900038,41,406,-365
119900039,37,9,28
119900040,107,35,72
119900041,160,13,147
119900042,40,169,-129
119900043,161,71,90
119900044,80,884,-804
119900046,147,8,139
119900047,319,102,217
119900049,198,5,193
119900050,77,108,-31
119900051,1172,11,1161
119900052,64,10,54
119900053,267,61,206
119900054,423,6,417
119900055,1352,268,1084
119900057,235,6,229
119900058,358,2,356
119900059,75,5,70
119900060,226,32,194
119900061,342,7,335
119900062,68,3,65
119900063,1,53,-52
119900065,239,4,235
119900067,43,2,41
119900068,697,7,690
119900069,108,11,97
119900070,849,5,844
119900071,630,29,601
119900073,787,268,519
119900074,10,17,-7
119900075,1104,1544,-440
119900076,114,10,104
119900077,929,252,677
119900078,630,327,303
119900079,447,51,396
119900080,379,245,134
119900081,893,9,884
119900082,1808,114,1694
119900083,237,28,209
119900084,282,290,-8
119900085,28,9,19
119900086,368,347,21
119900087,285,741,-456
119900088,17,18,-1
119900089,24,105,-81
119900090,71,14,57
119900091,42,177,-135
119900092,31,101,-70
119900093,1512,109,1403
119900094,26,116,-90
119900095,83,33,50
119900096,12,42,-30
119900097,101,121,-20
119900098,32,9,23
119900099,13,51,-38
119900100,369,2208,-1839
119900101,85,1458,-1373
119900102,44,78,-34
119900103,30,65,-35
119900104,12,26,-14
119900105,348,2232,-1884
119900106,4,61,-57
119900107,148,810,-662
119900108,3158,417,2741
119900109,36,72,-36
119900110,562,276,286
119900111,227,123,104
119900112,450,629,-179
119900113,34,164,-130
119900114,177,451,-274
119900115,312,197,115
119900116,50,290,-240
119900117,378,252,126
119900118,89,135,-46
119900119,266,125,141
119900120,313,260,53
119900121,551,303,248
119900122,60,108,-48
119900123,76,254,-178
119900124,285,214,71
119900125,25,169,-144
119900126,1986,153,1833
119900127,470,329,141
119900128,388,311,77
119900129,311,68,243
119900130,4,140,-136
119900131,31,38,-7
119900132,14,73,-59
119900133,80,55,25
119900134,337,58,279
119900135,0,86,-86
119900136,67,124,-57
119900138,90,166,-76
119900139,14,109,-95
119900140,2,73,-71
119900141,34,670,-636
119900142,3,14,-11
119900143,18,152,-134
119900144,647,95,552
119900145,57,41,16
119900146,102,73,29
119900147,1,93,-92
119900148,168,12,156
119900149,349,4649,-4300
119900150,73,37,36
119900151,918,465,453
119900152,135,47,88
119900153,161,15,146
119900154,23,139,-116
119900155,30,23,7
119900156,17,7,10
119900157,118,58,60
119900158,192,17,175
119900159,15,278,-263
119900160,6,41,-35
119900161,73,54,19
119900162,847,559,288
119900163,60,68,-8
119900164,1,1,0
119900165,131,42,89
119900166,65,13,52
119900167,5,14,-9
119900168,1250,233,1017
119900169,17,185,-168
119900170,48,185,-137
119900171,693,205,488
119900172,35,12,23
119900173,1,105,-104
119900174,0,41,-41
119900175,1714,217,1497
119900177,31,68,-37
119900178,1,78,-77
119900179,131,682,-551
119900180,796,501,295
119900181,8,69,-61
119900182,0,72,-72
119900183,106,406,-300
119900184,430,131,299
119900185,25,202,-177
119900186,6,1329,-1323
119900187,3,109,-106
119900188,107,152,-45
119900189,79,210,-131
119900190,41,231,-190
119900191,112,411,-299
119900192,56,107,-51
119900193,407,48,359
119900194,15,52,-37
119900195,11,51,-40
119900196,165,60,105
119900197,227,80,147
119900198,159,168,-9
119900199,89,8,81
119900200,581,319,262
119900201,104,64,40
119900202,33,196,-163
119900203,124,531,-407
119900204,208,178,30
119900205,887,188,699
119900206,249,79,170
119900208,123,113,10
119900209,548,1616,-1068
119900210,48,13,35
119900211,47,6,41
119900212,719,312,407
119900213,6,45,-39
119900214,60,18,42
119900215,44,11,33
119900216,25,6,19
119900217,28,14,14
119900218,1,70,-69
119900219,23,38,-15
119900220,3,7,-4
119900221,71,46,25
119900222,35,46,-11
119900223,32,22,10
119900224,17,10,7
119900225,155,10,145
119900226,103,1202,-1099
119900227,184,163,21
119900228,62,174,-112
119900229,104,124,-20
119900230,644,182,462
119900231,296,50,246
119900232,121,59,62
119900233,42,4,38
119900234,10,71,-61
119900235,3,10,-7
119900236,17,143,-126
119900237,34,201,-167
119900238,2,99,-97
119900240,77,59,18
119900241,108,79,29
119900242,954,1075,-121
119900244,420,797,-377
119900245,152,114,38
119900246,118,403,-285
119900247,16,104,-88
119900248,21,286,-265
119900249,287,46,241
119900253,712,210,502
119900254,46,1090,-1044
119900255,75,877,-802
119900256,812,180,632
119900257,112,1,111
119900258,182,10,172
119900259,10,22,-12
119900260,146,7,139
119900261,409,125,284
119900262,0,63,-63
119900263,1352,227,1125
119900264,72,43,29
119900265,441,143,298
119900266,337,54,283
119900267,118,203,-85
119900268,179,55,124
119900269,944,339,605
119900271,8,55,-47
119900272,144,261,-117
119900275,200,48,152
119900276,152,3,149
119900277,18,5,13
119900278,159,54,105
119900279,68,219,-151
119900280,335,56,279
119900281,2,361,-359
119900282,10,77,-67
119900283,21,57,-36
119900284,19,69,-50
119900285,8,78,-70
119900286,0,18,-18
119900288,2,2,0
119900289,1,5,-4
119900290,4,3,1
119900291,0,27,-27
119900292,21,38,-17
119900293,14,12,2
119900294,17,12,5
119900295,18,4,14
119900296,47,17,30
119900297,0,12,-12
119900298,2,2,0
119900299,48,105,-57
119900300,205,85,120
119900301,37,81,-44
119900302,9,43,-34
119900303,181,99,82
119900304,168,18,150
119900305,6,71,-65
119900306,38,4,34
119900307,31,20,11
119900308,7,5,2
119900309,12,172,-160
119900310,245,187,58
119900311,143,34,109
119900312,153,40,113
119900313,202,149,53
119900314,166,259,-93
119900315,1802,611,1191
119900318,12,46,-34
119900319,0,46,-46
119900320,230,129,101
119900321,113,2,111
120000001,5313,26551,-21238
120000002,2309,2021,288
120000003,1731,962,769
120000004,2234,983,1251
120000005,1932,1167,765
120000006,1291,878,413
120000007,2271,4277,-2006
120000008,909,968,-59
120000009,1197,697,500
120000010,2154,2038,116
120000011,1089,1000,89
120000012,1423,1302,121
120000013,3419,2158,1261
120000014,727,1094,-367
120000015,2385,1203,1182
120000016,4295,1855,2440
120000017,4518,3458,1060
120000018,2631,16095,-13464
120000019,1258,1459,-201
120000020,2162,3259,-1097
120000021,1680,2098,-418
120000022,2259,3477,-1218
120000023,1313,1426,-113
120000024,1135,2152,-1017
120000025,2840,1684,1156
120000026,3644,1649,1995
120000027,2557,2093,464
120000028,840,2735,-1895
120000029,604,1497,-893
120000030,181,659,-478
120000031,1481,4092,-2611
120000032,3724,2594,1130
120000033,3477,1243,2234
120000034,3086,918,2168
120000035,3507,1595,1912
120000036,3062,4711,-1649
120000037,625,1799,-1174
120000038,3067,2538,529
120000039,793,778,15
120000040,100,768,-668
120000041,442,1443,-1001
120000042,1725,1165,560
120000043,3949,716,3233
120000044,5962,1110,4852
120000045,8446,746,7700
120000046,5849,3115,2734
120000047,370,8121,-7751
120000048,6659,3699,2960
120000049,4368,2835,1533
120000050,3237,3957,-720
120000051,2042,3537,-1495
120000052,5723,1350,4373
120000053,1512,1454,58
120000054,1198,1875,-677
120000055,1269,2628,-1359
120000056,4501,2915,1586
120000057,4761,1451,3310
120000058,1221,1910,-689
120000059,11,1604,-1593
120000061,116,333,-217
120000062,115,201,-86
120000063,377,1522,-1145
120000064,224,529,-305
120000065,303,583,-280
120000066,159,256,-97
120000067,26,202,-176
120000068,297,242,55
120000069,558,249,309
120000070,153,254,-101
120000071,722,69,653
120000072,906,323,583
120000073,1058,43,1015
120000074,94,92,2
120000075,701,268,433
120000076,2552,286,2266
120000077,2159,629,1530
120000078,2383,955,1428
120000079,721,313,408
120000080,322,264,58
120000081,612,166,446
120000082,511,299,212
120000083,140,979,-839
120000084,346,317,29
120000085,201,262,-61
120000086,250,229,21
120000087,241,178,63
120000088,674,640,34
120000089,1125,295,830
120000090,832,288,544
120000091,1011,602,409
120000092,1161,441,720
120000093,901,427,474
120000094,365,772,-407
120000095,713,199,514
120000096,400,327,73
120000098,806,299,507
120000099,327,365,-38
120000100,704,455,249
120000101,728,235,493
120000102,922,939,-17
120000103,1617,846,771
120000104,2338,396,1942
120000105,3304,491,2813
120000106,3328,526,2802
120000107,6008,588,5420
120000108,2034,112,1922
120000109,1314,56,1258
120000110,33,349,-316
120000111,122,540,-418
120000112,562,1093,-531
120000113,425,919,-494
120000114,437,1141,-704
120000115,262,1099,-837
120000116,371,904,-533
120000117,519,914,-395
120000118,35,32,3
120000119,29,36,-7
120000120,169,169,0
120000121,22,30,-8
120000122,189,810,-621
120000123,1868,8887,-7019
120000124,536,354,182
120000125,1064,325,739
120000126,444,1796,-1352
120000127,966,1861,-895
120000128,1942,4526,-2584
120000129,178,223,-45
120000130,896,390,506
120000131,506,472,34
120000134,245,257,-12
120000135,890,412,478
120000137,265,258,7
120000138,1764,201,1563
120000139,216,185,31
120000140,1310,123,1187
120000141,286,155,131
120000142,919,253,666
120000143,3,37,-34
120000144,176,3,173
120000145,744,4,740
120000146,896,1632,-736
120000149,501,592,-91
120000150,1565,11361,-9796
120000151,468,358,110
120000152,805,113,692
120000153,545,401,144
120000154,683,650,33
120000155,213,321,-108
120000156,401,1845,-1444
120000157,813,401,412
120000158,1152,570,582
120000159,1854,1389,465
120000160,2119,1511,608
120000161,3160,2034,1126
120000162,112,339,-227
120000163,856,440,416
120000164,691,118,573
120000165,824,244,580
120000166,1459,223,1236
120000167,417,154,263
120000168,13,682,-669
120000169,99,2748,-2649
120000170,18,3407,-3389
120000171,16,1130,-1114
120000172,32,822,-790
120000173,247,2336,-2089
120000174,36,114,-78
120000175,32,108,-76
120000176,26,54,-28
120000177,534,58,476
120000178,10,21,-11
120000179,26,50,-24
120000180,33,65,-32
120000181,39,1248,-1209
120000182,38,1123,-1085
120000183,3,304,-301
120000184,353,1114,-761
120000186,57,2319,-2262
120000187,29,1113,-1084
120000188,25,979,-954
120000190,83,117,-34
120000191,97,208,-111
120000192,100,52,48
120000193,43,13,30
120000195,11,1,10
120000196,31,5,26
120000197,7,16,-9
120000198,249,30,219
120000199,247,0,247
120000200,441,0,441
120000201,83,65,18
120000202,2,38,-36
120000203,132,96,36
120000207,3,22,-19
120000208,23,76,-53
120000209,2,15,-13
120000210,47,16,31
120000211,290,1,289
120000212,272,1,271
120000213,220,76,144
120000214,1,86,-85
120000215,5,55,-50
120000216,229,18,211
120000217,236,684,-448
120000218,38,421,-383
120000219,1,229,-228
120000220,1,557,-556
120000225,2466,5,2461
120000226,506,3,503
120000227,1014,83,931
120000228,12437,4467,7970
120000230,513,21,492
120000231,1807,555,1252
120000233,412,46,366
120000235,277,261,16
120000236,1164,7,1157
120000237,0,517,-517
120000238,2,1400,-1398
120000241,1084,4070,-2986
120000412,134,14,120
120000413,379,91,288
120000414,187,0,187
120000415,0,25,-25
120000416,42,1,41
120000417,8,111,-103
120000418,252,5,247
120000419,4,54,-50
120000420,21,10,11
120000421,5391,3174,2217
120000422,103,2691,-2588
120000423,4,103,-99
120000424,260,70,190
120000436,153,1188,-1035
120000437,46,113,-67
120000438,1414,204,1210
120000439,243,507,-264
120000443,192,0,192
120000444,1889,302,1587
120000445,2227,1050,1177
120000446,1541,166,1375
120000447,298,2,296
120000449,234,0,234
120000450,4,75,-71
120000451,164,167,-3
120000452,348,2,346
120000453,0,33,-33
120000454,26,53,-27
120000455,145,46,99
120000456,2003,4591,-2588
120000457,359,302,57
120000458,323,295,28
120000459,80,62,18
120000665,169,287,-118
120000668,83,1670,-1587
120000669,198,175,23
120000670,49,1243,-1194
120000671,2254,848,1406
120000672,36,293,-257
120900001,54,66,-12
120900002,61,389,-328
120900003,225,5,220
120900004,15,164,-149
120900005,12,494,-482
120900006,789,211,578
120900007,209,58,151
120900008,382,273,109
120900009,465,11,454
120900010,706,155,551
120900011,40,254,-214
120900012,25,1157,-1132
120900013,386,81,305
120900014,3,193,-190
120900015,934,92,842
120900016,1757,50,1707
120900017,1167,12,1155
120900018,118,93,25
120900019,569,402,167
120900020,510,890,-380
120900021,666,168,498
120900022,5,229,-224
120900023,420,53,367
120900024,1198,324,874
120900025,874,961,-87
120900026,145,87,58
120900027,547,36,511
120900028,677,148,529
120900029,42,938,-896
120900030,2810,604,2206
120900031,444,148,296
120900032,1542,44,1498
120900033,1415,88,1327
120900034,23,3563,-3540
120900035,25,18,7
120900037,355,8,347
120900038,157,520,-363
120900039,225,59,166
120900040,413,10,403
120900041,36,9,27
120900042,699,21,678
120900043,125,32,93
120900044,10,436,-426
120900045,67,38,29
120900046,894,9,885
120900047,163,144,19
120900048,171,38,133
120900049,575,4,571
120900050,864,2405,-1541
120900051,351,79,272
120900052,1005,5,1000
120900053,418,29,389
120900054,508,219,289
120900055,862,23,839
120900056,1061,41,1020
120900057,393,13,380
120900058,753,0,753
120900059,202,13,189
120900060,44,13,31
120900061,153,95,58
120900062,406,3,403
120900063,1574,17,1557
120900064,1085,1,1084
120900065,762,2,760
120900066,296,76,220
120900067,221,52,169
120900068,389,1,388
120900069,594,8,586
120900071,16,1,15
120900072,1488,6,1482
120900073,939,14,925
120900074,658,14,644
120900076,476,1,475
120900077,878,64,814
120900078,962,289,673
120900079,689,22,667
120900080,1528,333,1195
120900081,1941,119,1822
120900082,160,278,-118
120900083,99,1,98
120900084,642,518,124
120900085,62,92,-30
120900086,35,627,-592
120900087,398,312,86
120900088,140,645,-505
120900089,1109,3975,-2866
120900090,258,10,248
120900091,374,886,-512
120900092,285,236,49
120900093,843,90,753
120900094,136,92,44
120900095,202,8,194
120900096,48,91,-43
120900097,499,368,131
120900098,82,75,7
120900099,77,59,18
120900100,26,191,-165
120900101,89,112,-23
120900102,41,25,16
120900103,59,169,-110
120900104,3,38,-35
120900105,32,291,-259
120900106,322,161,161
120900107,117,78,39
120900108,16,199,-183
120900109,20,171,-151
120900110,3,218,-215
120900111,115,127,-12
120900112,18,219,-201
120900113,15,200,-185
120900114,31,113,-82
120900115,111,230,-119
120900116,519,103,416
120900117,7,89,-82
120900118,29,166,-137
120900119,8388,2092,6296
120900120,33,282,-249
120900121,30,226,-196
120900122,847,83,764
120900123,5,94,-89
120900124,3,127,-124
120900125,2,244,-242
120900126,392,461,-69
120900127,13,121,-108
120900128,307,637,-330
120900129,22,109,-87
120900130,0,96,-96
120900131,243,32,211
120900132,1208,116,1092
120900133,20,213,-193
120900134,144,195,-51
120900135,7,186,-179
120900136,47,22,25
120900137,315,62,253
120900138,16,107,-91
120900139,0,195,-195
120900140,3,81,-78
120900141,163,124,39
120900142,2,91,-89
120900143,0,202,-202
120900144,0,24,-24
120900145,105,424,-319
120900146,23,199,-176
120900147,133,326,-193
120900148,138,95,43
120900149,0,61,-61
120900150,60,123,-63
120900151,132,157,-25
120900152,533,20,513
120900153,2,2,0
120900154,4,60,-56
120900155,153,232,-79
120900156,337,88,249
120900157,0,1,-1
120900158,37,109,-72
120900159,4,28,-24
120900160,24,214,-190
120900161,47,231,-184
120900162,84,404,-320
120900163,286,1023,-737
120900164,0,92,-92
120900165,1,317,-316
120900166,31,788,-757
120900167,115,24,91
120900169,139,79,60
120900170,181,4127,-3946
120900171,236,133,103
120900172,67,2170,-2103
120900173,6,16,-10
120900174,3,51,-48
120900175,116,91,25
120900176,15,288,-273
120900177,2,1658,-1656
120900178,21,361,-340
120900179,128,229,-101
120900180,53,95,-42
120900181,13,21,-8
120900182,38,82,-44
120900183,1083,406,677
120900184,292,35,257
120900185,1182,1590,-408
120900186,0,86,-86
120900187,411,699,-288
120900188,278,4,274
120900189,82,3881,-3799
120900190,224,4,220
120900191,65,11,54
120900192,3864,13742,-9878
120900194,42,63,-21
120900195,62,120,-58
120900196,435,52,383
120900197,656,204,452
120900198,138,176,-38
120900199,333,337,-4
120900200,6,80,-74
120900201,122,49,73
120900202,1,59,-58
120900203,25,28,-3
120900204,71,149,-78
120900205,43,8,35
120900206,74,28,46
120900207,26,441,-415
121000001,436,2271,-1835
121000002,2023,1755,268
121000003,4420,1794,2626
121000004,1987,2685,-698
121000005,1621,2251,-630
121000006,2595,2588,7
121000007,1718,6235,-4517
121000008,3098,5133,-2035
121000009,3912,7225,-3313
121000010,5754,5807,-53
121000011,5456,9741,-4285
121000012,10076,5861,4215
121000013,5699,6718,-1019
121000014,5252,4588,664
121000015,4647,8287,-3640
121000016,3865,3996,-131
121000017,1507,1373,134
121000018,2563,1649,914
121000019,6359,6148,211
121000020,9187,13838,-4651
121000021,1253,1341,-88
121000022,2079,2824,-745
121000023,2024,782,1242
121000024,4487,4251,236
121000025,267,1297,-1030
121000026,281,136,145
121000027,1602,1321,281
121000028,696,814,-118
121000029,882,489,393
121000030,615,356,259
121000031,472,870,-398
121000032,158,114,44
121000034,352,411,-59
121000035,253,245,8
121000036,779,987,-208
121000037,380,1363,-983
121000038,271,942,-671
121000039,179,300,-121
121000041,475,353,122
121000042,168,371,-203
121000043,629,641,-12
121000044,1532,1195,337
121000045,357,202,155
121000046,712,779,-67
121000047,360,179,181
121000049,901,669,232
121000050,307,2013,-1706
121000051,634,294,340
121000052,485,1173,-688
121000053,235,100,135
121000054,56,432,-376
121000055,781,2837,-2056
121000056,652,1102,-450
121000057,142,692,-550
121000058,267,328,-61
121000059,2927,1169,1758
121000060,478,1095,-617
121000061,86,373,-287
121000062,136,744,-608
121000063,875,1239,-364
121000064,590,882,-292
121000065,174,974,-800
121000066,696,1577,-881
121000067,282,709,-427
121000068,413,616,-203
121000069,115,1262,-1147
121000070,1036,1493,-457
121000071,1420,2091,-671
121000072,884,963,-79
121000073,1024,1851,-827
121000074,58,310,-252
121000075,10,188,-178
121000076,310,321,-11
121000077,130,162,-32
121000078,93,213,-120
121000080,1769,597,1172
121000081,3475,3232,243
121000082,96,380,-284
121000083,91,239,-148
121000084,297,455,-158
121000085,378,471,-93
121000086,1008,451,557
121000087,63,201,-138
121000088,591,636,-45
121000089,113,505,-392
121000090,188,404,-216
121000091,994,763,231
121000092,179,62,117
121000093,200,230,-30
121000094,239,608,-369
121000095,121,920,-799
121000096,6209,2516,3693
121000097,344,2503,-2159
121000098,713,494,219
121000099,714,505,209
121000100,863,178,685
121000101,387,212,175
121000102,295,94,201
121000103,262,124,138
121000104,253,35,218
121000105,388,54,334
121000106,258,128,130
121000107,1373,2392,-1019
121000109,948,675,273
121000110,134,622,-488
121000114,4471,2177,2294
121000115,3786,833,2953
121000116,278,1393,-1115
121000117,183,348,-165
121000118,1426,276,1150
121000119,262,230,32
121000120,403,262,141
121000121,356,1507,-1151
121000123,552,413,139
121000127,117,110,7
121000128,1032,147,885
121000129,794,223,571
121000130,616,494,122
121000131,963,849,114
121000132,668,1363,-695
121000135,213,283,-70
121000136,704,1214,-510
121000137,733,279,454
121000138,430,1465,-1035
121000139,224,509,-285
121000141,335,197,138
121000142,498,1017,-519
121000143,100,23,77
121000144,311,912,-601
121000145,618,874,-256
121000146,1108,1772,-664
121000147,1005,661,344
121000148,770,1020,-250
121000149,2004,2521,-517
121000152,306,254,52
121000153,1340,441,899
121000154,1575,520,1055
121000155,2515,1057,1458
121000156,382,1022,-640
121000157,894,1076,-182
121000158,233,288,-55
121000159,239,368,-129
121000160,287,540,-253
121000161,215,248,-33
121000162,117,54,63
121000165,1009,1872,-863
121000166,36,424,-388
121000168,270,204,66
121000169,63,143,-80
121000170,302,96,206
121000171,90,154,-64
121000172,1096,1031,65
121000173,1781,1362,419
121000174,680,695,-15
121000175,1754,751,1003
121000176,381,351,30
121000177,671,577,94
121000178,72,93,-21
121000179,34,69,-35
121000181,365,336,29
121000182,108,284,-176
121000183,57,81,-24
121000184,25,197,-172
121000185,19,472,-453
121000186,294,716,-422
121000187,194,104,90
121000188,365,73,292
121000192,669,303,366
121000193,637,317,320
121000194,1606,1691,-85
121000195,265,1279,-1014
121000196,636,440,196
121000197,133,1570,-1437
121000198,204,280,-76
121000199,132,176,-44
121000200,535,143,392
121000201,3,150,-147
121000202,572,115,457
121000203,537,1497,-960
121000204,2762,636,2126
121000205,91,230,-139
121000206,87,56,31
121000207,1891,564,1327
121000208,9,250,-241
121000209,685,72,613
121000210,782,244,538
121000211,391,209,182
121000212,434,513,-79
121000213,17225,3095,14130
121000214,1181,1774,-593
121000215,610,2944,-2334
121000216,464,532,-68
121000217,3410,3202,208
121000218,367,2590,-2223
121000219,1539,849,690
121000220,155,69,86
121000221,140,479,-339
121000222,3284,3003,281
121000223,212,908,-696
121000224,98,631,-533
121000225,405,3959,-3554
121000226,796,1480,-684
121000227,21,158,-137
121000228,25,841,-816
121000229,363,553,-190
121000230,47,2552,-2505
121000231,1428,30,1398
121000232,448,293,155
121000233,592,299,293
121000234,12,54,-42
121000235,48,78,-30
121000236,9,91,-82
121000237,18,16,2
121000238,8,53,-45
121000239,63,3,60
121000240,7,100,-93
121000241,84,28,56
121000242,47,446,-399
121000243,146,38,108
121000244,6,44,-38
121000245,12,9,3
121000246,10,121,-111
121000247,166,2,164
121000248,297,1091,-794
121000249,34,239,-205
121000250,443,303,140
121000251,8,164,-156
121000252,102,73,29
121000253,351,331,20
121000254,824,150,674
121000255,138,309,-171
121000256,289,273,16
121000257,53,116,-63
121000258,48,129,-81
121000259,19,73,-54
121000260,58,70,-12
121000261,34,105,-71
121000262,2898,300,2598
121000263,437,412,25
121000271,1335,1915,-580
121000273,28,19,9
121000274,17,91,-74
121000275,1,12,-11
121000276,15,37,-22
121000278,40,25,15
121000289,401,8,393
121000290,1569,1523,46
121000294,220,28,192
121000297,346,1020,-674
121000299,62,1268,-1206
121000300,2192,1822,370
121000302,17,562,-545
121000303,456,184,272
121000304,408,49,359
121000305,401,162,239
121000306,222,200,22
121000308,76,224,-148
121000309,290,494,-204
121000310,167,306,-139
121000311,34,287,-253
121000312,495,407,88
121000313,331,225,106
121000314,22,48,-26
121000315,22,27,-5
121000530,1706,1889,-183
121000531,1831,1693,138
121000532,4976,5629,-653
121000533,2686,3578,-892
121000918,36,34,2
121000919,43,122,-79
121000938,65,105,-40
121000939,29,223,-194
121000956,1538,1491,47
121000957,2,11,-9
121000958,7,68,-61
121000959,1098,273,825
121000960,1060,1206,-146
121000961,269,52,217
121000962,605,392,213
121000973,1,266,-265
121000976,4,48,-44
121000979,364,97,267
121000981,348,74,274
121000982,414,217,197
121000983,384,188,196
121000984,8,43,-35
121000985,962,314,648
121000986,376,94,282
121000987,190,404,-214
121000988,908,144,764
121001302,183,109,74
121001308,0,21,-21
121001309,25,220,-195
121001313,134,39,95
121001314,1292,1252,40
121001315,5272,4100,1172
121001326,607,370,237
121001327,226,201,25
121001328,114,15,99
121900001,162,345,-183
121900002,23,25,-2
121900003,494,2,492
121900004,76,432,-356
121900005,12,1,11
121900006,132,12,120
121900007,1656,1343,313
121900008,46,236,-190
121900009,878,15,863
121900010,259,4,255
121900011,182,83,99
121900012,4,0,4
121900013,242,57,185
121900014,2280,365,1915
121900015,108,104,4
121900016,1,22,-21
121900017,541,743,-202
121900018,484,1,483
121900019,560,146,414
121900020,56,0,56
121900021,900,27,873
121900022,202,322,-120
121900023,117,236,-119
121900024,344,24,320
121900025,497,508,-11
121900026,261,96,165
121900027,353,157,196
121900028,211,6,205
121900029,59,221,-162
121900030,272,501,-229
121900031,1270,5504,-4234
121900032,121,22,99
121900033,185,381,-196
121900034,196,206,-10
121900035,5265,2891,2374
121900036,166,429,-263
121900037,109,1152,-1043
121900038,25,44,-19
121900039,256,28,228
121900040,37,82,-45
121900041,43,277,-234
121900042,320,220,100
121900043,1,3,-2
121900044,81,22,59
121900046,100,113,-13
121900047,187,70,117
121900048,36,31,5
121900050,20,57,-37
121900051,143,253,-110
121900052,108,48,60
121900053,489,277,212
121900054,222,1842,-1620
121900055,1,8,-7
121900058,377,562,-185
121900059,287,154,133
121900060,100,623,-523
121900062,54,62,-8
121900063,1273,394,879
121900064,317,564,-247
121900066,49,12,37
121900067,16,19,-3
121900069,132,97,35
121900070,75,228,-153
121900071,683,264,419
121900072,54,124,-70
121900073,193,409,-216
121900074,186,514,-328
121900075,263,928,-665
121900076,339,1049,-710
121900078,84,20,64
121900079,0,0,0
121900080,651,184,467
121900082,64,161,-97
121900084,6,11,-5
121900086,9,25,-16
121900087,101,238,-137
121900088,851,1577,-726
121900089,257,159,98
121900090,26,36,-10
121900091,79,12,67
121900092,113,83,30
121900093,73,59,14
121900094,26,10,16
121900095,314,99,215
121900096,660,654,6
121900097,634,119,515
121900098,1,0,1
121900099,215,28,187
121900100,33,224,-191
121900101,92,97,-5
121900102,1,93,-92
121900103,320,322,-2
121900104,1418,377,1041
121900105,223,133,90
121900106,3,12,-9
121900107,51,15,36
121900108,0,10,-10
121900109,199,162,37
121900110,539,421,118
121900111,488,268,220
121900112,79,179,-100
121900113,67,390,-323
121900114,33,26,7
121900117,107,117,-10
121900118,2662,719,1943
121900119,180,78,102
121900120,81,643,-562
121900121,412,33,379
121900122,31,37,-6
121900123,168,374,-206
121900124,277,146,131
121900125,2675,1218,1457
121900127,14,102,-88
121900128,75,56,19
121900129,160,176,-16
121900130,110,207,-97
121900131,178,106,72
121900132,38,77,-39
121900133,17,776,-759
121900134,16,523,-507
121900135,4157,363,3794
121900136,307,227,80
121900137,16,224,-208
121900138,37,130,-93
121900139,226,4243,-4017
121900140,36,106,-70
121900141,85,22,63
121900142,72,62,10
121900143,21,72,-51
121900144,83,986,-903
121900145,154,155,-1
121900146,334,559,-225
121900147,32,349,-317
121900148,264,381,-117
121900149,224,387,-163
121900150,27,160,-133
121900151,45,473,-428
121900152,111,59,52
121900153,10,199,-189
121900154,5,505,-500
121900155,1,171,-170
121900156,78,179,-101
121900157,1,332,-331
121900158,81,83,-2
121900159,1,177,-176
121900160,2,362,-360
121900161,161,572,-411
121900162,66,153,-87
121900163,365,170,195
121900164,189,370,-181
121900165,95,193,-98
121900166,79,199,-120
121900167,29,66,-37
121900168,64,145,-81
121900169,9,270,-261
121900170,11,78,-67
121900171,751,769,-18
121900172,510,344,166
121900173,519,328,191
121900174,54,30,24
121900175,55,567,-512
121900176,497,2258,-1761
121900177,129,86,43
121900178,46,129,-83
121900179,424,462,-38
121900180,1460,4945,-3485
121900182,531,970,-439
121900183,387,1599,-1212
121900184,29,1388,-1359
121900186,6,770,-764
121900187,30,86,-56
121900188,805,226,579
121900189,64,39,25
121900190,215,490,-275
121900191,60,539,-479
121900192,129,2786,-2657
121900193,41,474,-433
121900194,10,307,-297
121900195,18,29,-11
121900196,777,907,-130
121900197,241,1494,-1253
121900198,3527,2556,971
121900199,2,25,-23
121900200,82,156,-74
121900201,675,487,188
121900202,133,656,-523
121900203,70,1600,-1530
121900204,1461,1148,313
121900205,9,176,-167
121900206,2,43,-41
121900207,22,35,-13
121900208,87,676,-589
121900209,37,52,-15
121900210,2935,1777,1158
121900211,743,368,375
121900212,23,112,-89
121900213,348,25,323
121900214,6,343,-337
121900215,36,129,-93
121900216,18,192,-174
121900217,151,122,29
121900218,101,1237,-1136
121900220,89,8,81
121900221,534,462,72
121900222,274,82,192
121900223,116,126,-10
121900224,59,105,-46
121900225,135,161,-26
121900226,209,22,187
121900227,295,1683,-1388
121900228,134,110,24
121900230,56,331,-275
121900231,46,1422,-1376
121900232,88,398,-310
121900233,407,188,219
121900234,207,159,48
121900235,503,148,355
121900236,251,164,87
121900237,210,731,-521
121900238,135,300,-165
121900239,97,31,66
121900240,151,105,46
121900241,40,42,-2
121900242,6,0,6
121900243,16,1,15
121900244,4,1,3
121900245,265,74,191
121900246,8211,561,7650
121900248,1508,858,650
121900250,130,604,-474
121900251,563,18,545
121900252,308,130,178
121900253,95,1325,-1230
121900254,288,536,-248
121900255,601,122,479
121900258,4632,1116,3516
121900259,149,524,-375
121900260,60,60,0
121900261,88,661,-573
121900262,832,1266,-434
121900263,165,111,54
121900264,642,722,-80
121900265,298,79,219
121900266,539,90,449
121900267,63,21,42
121900269,141,610,-469
121900270,51,186,-135
121900271,35,182,-147
121900273,341,1445,-1104
121900274,305,273,32
121900277,245,733,-488
121900278,78,1222,-1144
121900279,132,228,-96
121900280,91,499,-408
121900281,83,452,-369
121900284,37,1,36
121900286,102,66,36
121900287,14,17,-3
121900288,3,10,-7
121900290,134,2012,-1878
121900291,348,1244,-896
121900292,139,146,-7
121900293,648,5722,-5074
121900294,271,2,269
121900295,97,83,14
121900296,82,197,-115
121900298,89,1083,-994
121900299,0,0,0
121900300,26,2,24
121900301,52,0,52
121900302,0,62,-62
121900303,165,682,-517
121900304,1,16,-15
121900305,1,7,-6
121900306,298,1,297
121900307,124,1,123
121900308,3,87,-84
121900309,3,62,-59
121900310,10,105,-95
121900311,555,14,541
121900312,442,8,434
121900313,434,29,405
121900314,2,8,-6
121900315,22,2,20
121900316,1,5,-4
121900317,58,11,47
121900318,0,4,-4
121900319,27,279,-252
121900320,27,31,-4
121900321,28,4,24
121900322,2,2,0
121900323,61,33,28
121900324,3,27,-24
121900325,20,10,10
121900326,3,3,0
121900327,6,25,-19
121900328,0,14,-14
121900329,4,67,-63
121900330,0,90,-90
121900331,10,16,-6
121900332,53,23,30
121900333,50,1,49
121900334,40,38,2
122000001,1000,5209,-4209
122000002,1755,1062,693
122000003,942,2602,-1660
122000004,960,1069,-109
122000005,6022,2578,3444
122000006,631,1723,-1092
122000007,474,1946,-1472
122000008,744,3014,-2270
122000009,679,577,102
122000010,2913,3103,-190
122000011,7553,3534,4019
122000012,679,5736,-5057
122000013,520,2478,-1958
122000014,6571,1832,4739
122000015,804,929,-125
122000016,357,644,-287
122000017,1171,1253,-82
122000018,2366,2149,217
122000019,839,2542,-1703
122000020,135,523,-388
122000021,183,365,-182
122000022,1269,2041,-772
122000023,1093,2028,-935
122000024,491,3566,-3075
122000025,520,4460,-3940
122000026,269,1644,-1375
122000027,508,819,-311
122000028,1644,688,956
122000029,156,984,-828
122000030,151,208,-57
122000031,175,393,-218
122000032,8086,3715,4371
122000033,354,5723,-5369
122000034,171,997,-826
122000035,162,599,-437
122000036,421,599,-178
122000037,1214,300,914
122000038,227,537,-310
122000039,628,1169,-541
122000040,229,316,-87
122000041,951,1200,-249
122000042,377,1005,-628
122000043,83,239,-156
122000044,90,130,-40
122000045,2980,1310,1670
122000046,846,1629,-783
122000047,59,265,-206
122000048,1510,3187,-1677
122000049,6872,3725,3147
122000050,594,1082,-488
122000051,148,411,-263
122000052,337,534,-197
122000053,212,1069,-857
122000054,1337,2782,-1445
122000055,1429,3981,-2552
122000056,2772,2442,330
122000057,4735,4163,572
122000058,591,2566,-1975
122000059,764,5244,-4480
122000060,158,1506,-1348
122000061,103,1139,-1036
122000062,378,298,80
122000063,312,1709,-1397
122000064,2411,8287,-5876
122000065,1786,4153,-2367
122000066,152,1171,-1019
122000067,988,1959,-971
122000068,2769,984,1785
122000069,1530,1699,-169
122000070,821,1451,-630
122000071,4908,1243,3665
122000072,1651,1149,502
122000073,189,2498,-2309
122000074,2087,1360,727
122000075,1235,824,411
122000076,12215,2671,9544
122000077,474,3190,-2716
122000078,448,5972,-5524
122000079,223,3307,-3084
122000080,340,900,-560
122000081,70,245,-175
122000082,215,1429,-1214
122000083,5429,707,4722
122000084,5198,1592,3606
122000085,189,976,-787
122000086,2883,6638,-3755
122000087,224,289,-65
122000088,68,230,-162
122000089,7180,2483,4697
122000090,225,1238,-1013
122000091,112,570,-458
122000092,40,114,-74
122000093,1617,4493,-2876
122000094,6305,2631,3674
122000095,495,4072,-3577
122000096,415,2574,-2159
122000098,3884,3688,196
122000099,535,2118,-1583
122000100,556,796,-240
122000101,298,358,-60
122000102,3364,956,2408
122000103,1068,1575,-507
122000104,2513,239,2274
122000105,441,629,-188
122000106,508,2597,-2089
122000107,1075,540,535
122000108,585,711,-126
122000109,543,233,310
122000110,566,733,-167
122000111,3887,1455,2432
122000112,2190,1559,631
122000113,901,967,-66
122000114,1299,3378,-2079
122000115,1524,1172,352
122000116,236,528,-292
122000117,1117,397,720
122000118,610,421,189
122000119,2297,1564,733
122000120,562,3031,-2469
122000121,570,1910,-1340
122000122,278,767,-489
122000123,935,1409,-474
122000124,490,483,7
122000125,347,505,-158
122000126,288,561,-273
122000127,302,641,-339
122000128,206,307,-101
122000129,279,1642,-1363
122000130,2134,1189,945
122000131,790,1214,-424
122000132,201,423,-222
122000133,555,765,-210
122000134,821,617,204
122000135,389,217,172
122000136,777,537,240
122000137,1802,872,930
122000139,718,3022,-2304
122000140,314,1465,-1151
122000141,4798,2577,2221
122000142,74,2820,-2746
122000143,212,557,-345
122000144,1200,1187,13
122000145,560,1028,-468
122000146,390,3653,-3263
122000147,447,905,-458
122000148,357,1251,-894
122000149,1369,1114,255
122000150,1089,916,173
122000151,115,372,-257
122000152,268,339,-71
122000153,313,553,-240
122000154,222,243,-21
122000155,1307,2238,-931
122000156,8134,4016,4118
122000157,490,8237,-7747
122000158,248,1103,-855
122000159,519,1376,-857
122000160,1611,1945,-334
122000161,913,836,77
122000162,714,1388,-674
122000163,328,142,186
122000164,69,292,-223
122000165,1047,1853,-806
122000166,692,2535,-1843
122000167,235,532,-297
122000168,149,1192,-1043
122000169,354,271,83
122000170,326,336,-10
122000171,27,80,-53
122000172,2074,1281,793
122000173,1379,2436,-1057
122000174,1129,1652,-523
122000175,663,349,314
122000176,335,1472,-1137
122000177,803,1587,-784
122000178,6191,3332,2859
122000179,3598,3969,-371
122000180,452,913,-461
122000181,619,1468,-849
122000182,1554,900,654
122000183,2895,1090,1805
122000184,2772,3685,-913
122000185,907,4021,-3114
122000186,723,2886,-2163
122000187,1406,1954,-548
122000188,358,378,-20
122000189,228,471,-243
122000190,664,2250,-1586
122000191,668,695,-27
122000192,1115,475,640
122000193,297,762,-465
122000194,350,266,84
122000195,94,859,-765
122000196,718,381,337
122000197,420,617,-197
122000198,400,2555,-2155
122000199,292,497,-205
122000200,1024,741,283
122000201,1059,3336,-2277
122000202,689,2764,-2075
122000203,2090,1135,955
122000204,922,1245,-323
122000205,554,816,-262
122000206,5912,1185,4727
122000207,1467,1823,-356
122000208,1700,2587,-887
122000209,1998,786,1212
122000210,1848,4023,-2175
122000211,1037,1765,-728
122000212,655,510,145
122000213,760,1455,-695
122000214,1496,1387,109
122000215,2084,1717,367
122000217,1347,3028,-1681
122000218,672,107,565
122000219,1183,926,257
122000220,224,638,-414
122000221,96,238,-142
122000222,493,163,330
122000223,724,652,72
122000225,393,485,-92
122000226,1094,1261,-167
122000227,209,1363,-1154
122000228,231,232,-1
122000229,16,281,-265
122000230,54,335,-281
122000231,238,604,-366
122000232,303,533,-230
122000233,0,48,-48
122000234,521,84,437
122000235,992,82,910
122000236,1129,31,1098
122000237,87,91,-4
122000238,280,320,-40
122000239,650,191,459
122000240,1184,542,642
122000241,1895,347,1548
122000242,591,143,448
122000243,419,44,375
122000244,108,271,-163
122000245,130,114,16
122000246,485,188,297
122000247,474,256,218
122000248,848,537,311
122000249,1294,915,379
122000250,1870,1124,746
122000251,77,299,-222
122000252,151,147,4
122000253,50,153,-103
122000254,290,68,222
122000255,381,503,-122
122000256,206,352,-146
122000257,207,95,112
122000258,241,195,46
122000259,30,240,-210
122000260,215,462,-247
122000261,5,264,-259
122000262,0,33,-33
122000263,159,331,-172
122000264,1186,380,806
122000265,2331,994,1337
122000266,3539,666,2873
122000267,193,124,69
122000268,184,381,-197
122000269,734,402,332
122000270,474,253,221
122000271,221,2176,-1955
122000272,405,1354,-949
122000273,414,618,-204
122000274,218,145,73
122000275,348,216,132
122000276,943,393,550
122000277,984,1371,-387
122000278,1963,331,1632
122000279,218,226,-8
122000280,581,338,243
122000281,492,482,10
122000282,135,420,-285
122000283,148,160,-12
122000284,136,75,61
122000285,272,58,214
122000286,29,113,-84
122000287,1313,1111,202
122000288,509,234,275
122000291,2817,658,2159
122000293,128,75,53
122000294,121,294,-173
122000295,988,187,801
122000296,21,819,-798
122000297,1626,3495,-1869
122000299,561,360,201
122000300,314,312,2
122000301,6142,3226,2916
122000302,368,2424,-2056
122000303,1569,684,885
122000304,28,143,-115
122000305,1323,567,756
122000306,67,290,-223
122000307,60,113,-53
122000309,39,32,7
122000310,9,55,-46
122000311,59,95,-36
122000312,104,304,-200
122000313,85,74,11
122000314,109,335,-226
122000315,251,22,229
122000316,1073,310,763
122000317,2094,251,1843
122000318,170,576,-406
122000319,94,331,-237
122000320,223,702,-479
122000321,51,138,-87
122000322,1680,2116,-436
122000323,573,4025,-3452
122000324,2080,2609,-529
122000325,686,5745,-5059
122000326,120,86,34
122000327,300,1128,-828
122000328,420,491,-71
122000330,2823,2091,732
122000333,20,51,-31
122000337,784,281,503
122000338,430,214,216
122000340,141,4125,-3984
122000342,1461,545,916
122000343,435,343,92
122000344,90,5,85
122000345,301,39,262
122000346,176,111,65
122000348,655,644,11
122000349,52,459,-407
122000351,204,262,-58
122000352,153,187,-34
122000353,132,88,44
122000355,110,224,-114
122000356,376,1979,-1603
122000357,49,5,44
122000358,1,3,-2
122000359,0,16,-16
122000360,1,27,-26
122000362,3,25,-22
122000364,222,147,75
122000365,2,21,-19
122000366,10,4,6
122000368,405,751,-346
122000370,28,9,19
122000371,15,0,15
122000372,8,1,7
122000381,165,333,-168
122000382,66,196,-130
122000384,1156,1354,-198
122000385,45,0,45
122000386,127,1946,-1819
122000387,366,1677,-1311
122000388,842,1310,-468
122000389,181,2212,-2031
122000390,332,400,-68
122000391,132,1232,-1100
122000392,183,103,80
122000393,391,216,175
122000394,577,143,434
122000395,99,79,20
122000396,249,78,171
122000397,24,36,-12
122000398,15,79,-64
122000399,156,70,86
122000400,52,1274,-1222
122000401,148,53,95
122000402,445,134,311
122000403,333,328,5
122000404,171,123,48
122000408,424,740,-316
122000503,3,88,-85
122000524,63,351,-288
122000544,57,2655,-2598
122000614,404,474,-70
122000616,130,1,129
122000640,94,64,30
122000641,143,109,34
122000642,1125,395,730
122000643,37,172,-135
122000644,84,30,54
122000645,12,135,-123
122000651,452,3530,-3078
122000664,150,34,116
122000665,1139,435,704
122000666,507,903,-396
122000673,48,92,-44
122000674,289,74,215
122000675,1745,480,1265
122000686,308,2029,-1721
122000687,1399,460,939
122000688,250,247,3
122000689,1144,96,1048
122000690,3153,188,2965
122000691,769,470,299
122000692,958,233,725
122000693,347,660,-313
122000695,318,185,133
122000696,604,89,515
122000698,346,185,161
122000699,245,26,219
122000701,1806,179,1627
122000702,331,1177,-846
122000703,190,59,131
122000712,0,0,0
122000717,34,90,-56
122000718,458,2869,-2411
122000719,97,80,17
122000720,969,52,917
122000724,235,226,9
122900001,36,12,24
122900002,476,6076,-5600
122900003,400,15,385
122900004,1224,50,1174
122900005,39,82,-43
122900006,187,539,-352
122900007,52,124,-72
122900008,96,90,6
122900009,1153,392,761
122900010,228,120,108
122900012,127,352,-225
122900014,85,126,-41
122900015,609,820,-211
122900016,140,121,19
122900017,172,1488,-1316
122900018,156,8,148
122900020,80,325,-245
122900021,25,213,-188
122900022,1107,759,348
122900023,368,86,282
122900024,92,87,5
122900025,10,232,-222
122900026,20,107,-87
122900027,24,374,-350
122900028,38,81,-43
122900029,7396,2108,5288
122900030,2160,344,1816
122900031,51,313,-262
122900032,527,274,253
122900033,130,189,-59
122900034,2873,3564,-691
122900035,69,76,-7
122900036,31,34,-3
122900037,353,140,213
122900038,71,2687,-2616
122900039,63,423,-360
122900040,175,1380,-1205
122900041,184,365,-181
122900042,104,315,-211
122900043,231,176,55
122900044,79,246,-167
122900045,150,292,-142
122900046,109,261,-152
122900047,117,169,-52
122900048,18,185,-167
122900049,2909,160,2749
122900051,28,574,-546
122900052,130,41,89
122900053,28,22,6
122900055,231,30,201
122900057,272,34,238
122900061,338,64,274
122900062,460,540,-80
122900063,184,110,74
122900064,526,300,226
122900065,545,220,325
122900066,521,238,283
122900067,511,285,226
122900069,293,1159,-866
122900070,299,34,265
122900071,103,205,-102
122900073,7,57,-50
122900074,738,82,656
122900075,0,58,-58
122900076,4,200,-196
122900077,19,30,-11
122900078,248,18,230
122900080,36,70,-34
122900081,110,126,-16
122900082,939,189,750
122900083,102,81,21
122900084,2,95,-93
122900086,3,105,-102
122900087,665,262,403
122900088,18,728,-710
122900089,173,123,50
122900090,2,293,-291
122900091,275,3,272
122900092,0,47,-47
122900093,0,93,-93
122900094,3,92,-89
122900095,173,50,123
122900096,435,43,392
122900097,14,50,-36
122900098,23,142,-119
122900099,112,24,88
122900100,48,666,-618
122900101,418,336,82
122900102,42,35,7
122900103,343,2,341
122900104,333,9,324
122900105,26,21,5
122900106,0,30,-30
122900107,1,50,-49
122900108,10,117,-107
122900109,364,77,287
123000001,585,1070,-485
123000002,2163,6570,-4407
123000003,4170,3980,190
123000004,2764,3605,-841
123000005,2977,2444,533
123000006,2004,1799,205
123000007,3880,2402,1478
123000008,2079,2359,-280
123000009,3391,2540,851
123000010,2631,3762,-1131
123000011,1226,2075,-849
123000012,561,5021,-4460
123000013,3751,1609,2142
123000014,550,3294,-2744
123000015,1801,1189,612
123000016,2205,2340,-135
123000017,3975,1821,2154
123000018,82,87,-5
123000019,603,46,557
123000020,349,24,325
123000021,200,226,-26
123000022,291,1693,-1402
123000023,2294,2354,-60
123000024,1788,945,843
123000025,402,131,271
123000026,52,124,-72
123000027,47,918,-871
123000028,534,1426,-892
123000029,297,1159,-862
123000030,248,45,203
123000031,299,118,181
123000032,608,73,535
123000033,382,159,223
123000034,1139,747,392
123000035,388,513,-125
123000036,200,1325,-1125
123000037,167,102,65
123000038,30,362,-332
123000039,419,1679,-1260
123000040,279,199,80
123000041,597,1620,-1023
123000042,428,1138,-710
123000043,1272,14122,-12850
123000044,2159,2089,70
123000045,3515,1840,1675
123000046,165,1180,-1015
123000047,573,1532,-959
123000048,44,1434,-1390
123000049,4359,7732,-3373
123000050,1960,1535,425
123000051,83,195,-112
123000052,751,3111,-2360
123000053,1964,2573,-609
123000054,2127,1368,759
123000055,1776,4514,-2738
123000056,979,568,411
123000057,3070,4398,-1328
123000058,531,1217,-686
123000059,212,314,-102
123000060,979,355,624
123000061,270,552,-282
123000063,1126,855,271
123000064,1266,203,1063
123000065,2918,1862,1056
123000066,345,450,-105
123000067,1118,543,575
123000068,1243,1714,-471
123000069,2418,1117,1301
123000070,169,381,-212
123000071,1833,740,1093
123000072,1100,341,759
123000073,2764,942,1822
123000074,1211,824,387
123000075,539,1684,-1145
123000076,752,483,269
123000077,2090,1313,777
123000078,2755,1236,1519
123000079,2451,1483,968
123000080,2311,848,1463
123000081,166,307,-141
123000082,280,795,-515
123000083,1021,257,764
123000084,911,358,553
123000085,477,119,358
123000086,1055,56,999
123000087,401,193,208
123000088,1264,433,831
123000089,1063,860,203
123000090,1483,675,808
123000091,1566,1190,376
123000092,1012,1004,8
123000094,684,148,536
123000095,784,706,78
123000096,1332,301,1031
123000097,711,344,367
123000098,1104,355,749
123000099,715,347,368
123000100,182,684,-502
123000101,303,451,-148
123000102,529,724,-195
123000104,453,415,38
123000105,309,413,-104
123000106,385,393,-8
123000107,272,310,-38
123000108,422,1120,-698
123000111,1054,379,675
123000112,1226,358,868
123000113,600,577,23
123000114,393,689,-296
123000115,220,311,-91
123000116,50,99,-49
123000117,1632,928,704
123000118,479,393,86
123000119,174,432,-258
123000120,321,379,-58
123000121,606,703,-97
123000122,367,317,50
123000123,563,689,-126
123000124,470,349,121
123000125,1414,1361,53
123000126,957,4112,-3155
123000127,358,614,-256
123000128,241,298,-57
123000129,852,178,674
123000130,861,96,765
123000131,1390,934,456
123000132,276,590,-314
123000133,147,256,-109
123000134,214,137,77
123000135,2389,923,1466
123000136,139,305,-166
123000137,105,142,-37
123000138,111,170,-59
123000139,659,110,549
123000140,30,334,-304
123000141,571,115,456
123000142,893,679,214
123000143,723,1330,-607
123000144,9,39,-30
123000145,159,225,-66
123000146,21,130,-109
123000147,24,152,-128
123000149,275,326,-51
123000150,139,266,-127
123000151,125,558,-433
123000152,42,262,-220
123000153,101,682,-581
123000154,767,1929,-1162
123000155,1508,1196,312
123000156,39,139,-100
123000157,503,592,-89
123000158,355,665,-310
123000159,2593,3257,-664
123000160,949,1041,-92
123000161,1522,864,658
123000162,1232,1471,-239
123000163,717,142,575
123000164,1827,190,1637
123000165,296,736,-440
123000166,20,50,-30
123000167,86,125,-39
123000168,255,109,146
123000169,804,71,733
123000170,120,42,78
123000171,879,9,870
123000172,87,280,-193
123000173,642,291,351
123000174,676,351,325
123000175,248,607,-359
123000176,832,231,601
123000177,179,569,-390
123000178,930,150,780
123000179,29,254,-225
123000180,1690,369,1321
123000181,217,629,-412
123000182,193,125,68
123000183,135,453,-318
123000184,68,323,-255
123000185,884,505,379
123000186,53,336,-283
123000187,604,11,593
123000188,386,57,329
123000189,93,102,-9
123000190,29,116,-87
123000192,22,183,-161
123000193,74,383,-309
123000194,182,199,-17
123000195,367,45,322
123000196,384,273,111
123000197,176,99,77
123000198,74,604,-530
123000199,30,401,-371
123000200,646,31,615
123000201,1176,32,1144
123000202,58,321,-263
123000203,1016,60,956
123000204,95,327,-232
123000205,203,461,-258
123000206,2453,252,2201
123000207,89,320,-231
123000208,703,191,512
123000209,1809,586,1223
123000210,164,967,-803
123000211,328,1112,-784
123000212,3625,384,3241
123000213,573,67,506
123000215,71,179,-108
123000216,114,1047,-933
123000217,188,40,148
123000218,27,580,-553
123000219,512,119,393
123000220,529,99,430
123000221,143,112,31
123000222,272,214,58
123000223,431,133,298
123000224,396,193,203
123000225,261,62,199
123000226,81,243,-162
123000227,92,156,-64
123000228,222,42,180
123000229,540,865,-325
123000232,61,368,-307
123000233,877,156,721
123000234,132,366,-234
123000235,1308,188,1120
123000236,243,323,-80
123000237,437,94,343
123000238,57,264,-207
123000239,318,470,-152
123000240,63,949,-886
123000241,329,79,250
123000242,81,289,-208
123000243,733,700,33
123000244,577,481,96
123000245,33,131,-98
123000249,303,382,-79
123000252,821,274,547
123000253,1408,519,889
123000254,430,441,-11
123000255,895,628,267
123000256,39,104,-65
123000257,1561,826,735
123000258,720,343,377
123000259,562,362,200
123000260,665,174,491
123000261,298,170,128
123000262,72,104,-32
123000263,470,78,392
123000264,178,137,41
123000265,28,95,-67
123000266,303,336,-33
123000267,504,317,187
123000268,27,26,1
123000269,72,100,-28
123000270,32,65,-33
123000271,38,26,12
123000272,628,326,302
123000273,216,873,-657
123000274,983,811,172
123000275,185,665,-480
123000278,1369,2444,-1075
123000279,172,51,121
123000280,293,260,33
123000281,411,116,295
123000282,72,302,-230
123000283,226,94,132
123000284,43,41,2
123000286,111,371,-260
123000287,284,311,-27
123000288,796,1044,-248
123000289,172,1155,-983
123000291,127,716,-589
123000294,169,276,-107
123000295,462,1063,-601
123000296,626,450,176
123000297,871,278,593
123000298,1043,130,913
123000299,300,232,68
123000300,1396,1141,255
123000301,102,359,-257
123000302,97,81,16
123000303,47,283,-236
123000305,858,834,24
123000306,244,48,196
123000309,30,66,-36
123000310,55,38,17
123000311,13,94,-81
123000312,504,380,124
123000313,598,565,33
123000315,102,208,-106
123000316,62,55,7
123000317,193,63,130
123000318,61,160,-99
123000329,12,19,-7
123000337,292,478,-186
123000338,125,194,-69
123000339,373,18,355
123000340,46,150,-104
123000342,23,74,-51
123000343,84,26,58
123000344,478,177,301
123000345,281,440,-159
123000346,620,36,584
123000352,812,707,105
123000353,106,99,7
123000354,759,16,743
123000355,0,557,-557
123000356,461,13,448
123000357,1,62,-61
123000359,21,77,-56
123000360,163,137,26
123000361,209,160,49
123000362,412,83,329
123000363,76,84,-8
123000364,434,659,-225
123000365,25,363,-338
123000366,288,2596,-2308
123000367,249,432,-183
123000370,35,166,-131
123000371,406,92,314
123000372,343,42,301
123000373,4,227,-223
123000374,19,66,-47
123000375,371,42,329
123000376,781,823,-42
123000377,404,24,380
123000378,7,220,-213
123000379,3,187,-184
123000380,21,198,-177
123000381,41,122,-81
123000382,422,207,215
123000383,105,589,-484
123000384,458,159,299
123000385,88,388,-300
123000436,8,1079,-1071
123000507,96,150,-54
123000508,243,1357,-1114
123000517,203,45,158
123000518,14,102,-88
123000519,125,84,41
123000520,58,97,-39
123000521,657,105,552
123000522,151,197,-46
123000541,8,4,4
123000542,0,5,-5
123000565,1020,31,989
123000566,324,102,222
123000567,75,49,26
123000573,19,486,-467
123000574,661,46,615
123000575,1421,564,857
123000576,588,940,-352
123000577,49,596,-547
123000578,233,123,110
123000579,825,7405,-6580
123000580,132,54,78
123000582,295,27,268
123000583,9,216,-207
123000584,177,212,-35
123000585,0,20,-20
123000586,132,0,132
123000596,46,80,-34
123000597,36,249,-213
123000602,117,10,107
123000603,1232,348,884
123000604,728,272,456
123000605,55,0,55
123000606,0,43,-43
123000609,24,274,-250
123000610,82,77,5
123000613,80,158,-78
123000614,222,29,193
123000615,69,78,-9
123000616,641,56,585
123000617,154,106,48
123000618,22,423,-401
123000619,297,92,205
123000620,14,217,-203
123000622,340,22,318
123000624,199,52,147
123000630,1964,374,1590
123000631,174,446,-272
123000632,721,574,147
123000633,0,13,-13
123000634,47,285,-238
123000635,40,100,-60
123000636,62,237,-175
123000637,200,26,174
123000638,471,20,451
123000639,560,4738,-4178
123000640,16,204,-188
123000648,568,87,481
123000649,44,326,-282
123000650,175,51,124
123000651,13,48,-35
123000652,691,34,657
123000653,125,58,67
123000654,31,102,-71
123000655,29,187,-158
123000656,114,34,80
123000657,33,47,-14
123000658,295,2,293
123000659,10,1796,-1786
123000660,545,3,542
123000661,522,30,492
123900001,773,67,706
123900002,32,1017,-985
123900003,83,318,-235
123900005,270,216,54
123900006,406,90,316
124000001,1350,94,1256
124000002,1,221,-220
124000003,1017,138,879
124000004,37,253,-216
124000005,963,424,539
124000006,148,387,-239
124000007,508,91,417
124000008,18,318,-300
124000009,967,228,739
124000010,233,265,-32
124000011,902,386,516
124000012,134,205,-71
124000017,235,98,137
124000018,119,65,54
124000019,225,124,101
124000020,65,85,-20
124000021,116,77,39
124000022,42,98,-56
124000023,490,221,269
124000024,913,375,538
124000025,662,468,194
124000026,660,295,365
124000027,781,562,219
124000028,938,387,551
124000031,1439,4139,-2700
124000032,1007,422,585
124000033,804,525,279
124000034,331,559,-228
124000035,372,139,233
124000036,103,285,-182
124000037,209,873,-664
124000038,8,58,-50
124000039,268,281,-13
124000040,185,772,-587
124000041,400,96,304
124000042,74,321,-247
124000043,104,77,27
124000044,77,72,5
124000045,1095,255,840
124000046,200,410,-210
124000047,1738,492,1246
124000048,674,456,218
124000049,1893,436,1457
124000050,675,821,-146
124000051,1258,373,885
124000052,480,414,66
124000053,527,1968,-1441
124000054,424,267,157
124000055,818,4452,-3634
124000056,1116,536,580
124000057,1288,365,923
124000058,497,539,-42
124000059,857,1021,-164
124000060,317,314,3
124000061,1109,5918,-4809
124000062,2053,1027,1026
124000063,1045,834,211
124000064,1071,803,268
124000065,30,267,-237
124000066,133,109,24
124000067,144,72,72
124000068,72,126,-54
124000069,467,74,393
124000070,241,106,135
124000071,86,96,-10
124000072,86,137,-51
124000073,532,117,415
124000074,129,336,-207
124000075,395,24,371
124000076,24,58,-34
124000077,313,411,-98
124000078,1045,1185,-140
124000079,79,852,-773
124000080,760,176,584
124000081,90,285,-195
124000082,95,185,-90
124000083,33,81,-48
124000084,26,884,-858
124000085,37,28,9
124000086,7,137,-130
124000087,157,117,40
124000088,57,388,-331
124000089,664,221,443
124000090,167,256,-89
124000091,563,106,457
124000092,235,398,-163
124000093,106,80,26
124000094,61,234,-173
124000095,103,71,32
124000096,136,119,17
124000097,169,108,61
124000098,120,57,63
124000099,163,77,86
124000100,57,126,-69
124000101,130,145,-15
124000102,115,27,88
124000103,232,184,48
124000104,110,42,68
124000105,166,109,57
124000106,86,19,67
124000107,28,265,-237
124000108,39,14,25
124000109,121,92,29
124000110,59,43,16
124000111,273,59,214
124000112,833,383,450
124000113,123,111,12
124000114,359,205,154
124000115,211,674,-463
124000116,90,215,-125
124000117,37,89,-52
124000118,29,99,-70
124000119,821,736,85
124000120,469,515,-46
124000121,1245,725,520
124000122,369,1106,-737
124000123,757,443,314
124000124,200,549,-349
124000125,418,302,116
124000126,291,289,2
124000127,898,264,634
124000128,397,398,-1
124000129,1409,1260,149
124000130,263,359,-96
124000131,711,598,113
124000132,391,475,-84
124000133,1134,671,463
124000134,666,526,140
124000135,1257,1450,-193
124000136,402,622,-220
124000137,772,789,-17
124000138,712,780,-68
124000139,496,127,369
124000140,23,441,-418
124000141,832,41,791
124000142,33,364,-331
124000143,95,20,75
124000144,10,67,-57
124000145,155,63,92
124000146,19,85,-66
124000148,4,88,-84
124000149,926,332,594
124000150,156,489,-333
124000151,658,146,512
124000152,394,551,-157
124000153,589,495,94
124000154,267,435,-168
124000155,890,649,241
124000156,564,570,-6
124000169,151,473,-322
124000170,587,500,87
124000171,261,290,-29
124000172,251,385,-134
124000173,716,203,513
124000174,408,428,-20
124000175,8,42,-34
124000176,42,16,26
124000177,12,25,-13
124000178,31,50,-19
124000185,96,19,77
124000186,11,28,-17
124000187,5,63,-58
124000188,112,13,99
124000190,43,84,-41
124000191,48,371,-323
124000192,764,550,214
124000193,101,1829,-1728
124000194,240,254,-14
124000195,270,404,-134
124000196,570,522,48
124000197,66,38,28
124000198,77,65,12
124000201,102,294,-192
124000202,691,183,508
124000203,340,129,211
124000204,1078,85,993
124000205,75,130,-55
124000206,743,224,519
124000207,0,14,-14
124000209,82,42,40
124000210,594,89,505
124000211,756,11,745
124000212,0,76,-76
124000213,519,131,388
124000214,545,158,387
124000215,867,51,816
124000216,5,118,-113
124000329,117,388,-271
124000338,96,238,-142
124000339,1522,61,1461
124000341,2013,65,1948
124000344,84,23,61
124000357,1601,3364,-1763
124000358,1228,2791,-1563
124000359,1010,913,97
124000360,1023,573,450
124000361,1224,870,354
124000362,959,1214,-255
124000363,340,237,103
124000364,457,353,104
124000365,651,797,-146
124000366,2098,1228,870
124000367,63,162,-99
124000368,416,559,-143
124000369,40,71,-31
124000370,50,379,-329
124000402,18,10,8
124000403,166,20,146
124000404,19,21,-2
124000405,696,426,270
124000406,388,334,54
124000407,4,5,-1
124000411,4,137,-133
124000412,424,7,417
124000413,58,128,-70
124000414,179,106,73
124000415,50,21,29
124000416,99,111,-12
124000417,273,101,172
124000418,296,40,256
124000419,141,32,109
124000420,147,22,125
124000421,106,39,67
124000422,16,12,4
124000423,104,22,82
124000424,5,31,-26
124000425,91,15,76
124000426,5,55,-50
124000427,168,2,166
124000428,3,307,-304
124000429,57,24,33
124000430,764,317,447
124000431,284,210,74
124000432,223,607,-384
124000439,63,0,63
124000443,2,13,-11
124000445,157,2915,-2758
124000446,576,273,303
124000447,29,135,-106
124000448,257,28,229
124000449,281,4,277
124000450,22,47,-25
124000451,2,35,-33
124000452,466,73,393
124000453,1722,2568,-846
124000454,934,3270,-2336
124000455,2,587,-585
124000456,1172,13,1159
124000457,4,183,-179
124000458,4,142,-138
124000459,330,1,329
124000460,1,59,-58
124900001,927,278,649
124900002,220,138,82
124900003,870,245,625
124900004,1073,266,807
124900005,198,52,146
124900006,897,178,719
124900008,865,451,414
124900009,64,317,-253
124900010,119,122,-3
124900011,494,251,243
124900012,245,83,162
124900013,642,168,474
124900014,335,92,243
124900015,76,243,-167
124900016,58,62,-4
124900017,410,2930,-2520
124900018,302,68,234
124900020,82,43,39
124900021,280,36,244
124900022,466,12,454
124900024,397,0,397
124900026,40,10,30
124900027,113,327,-214
124900028,206,113,93
124900030,1,35,-34
124900031,28,150,-122
124900033,85,110,-25
124900035,101,228,-127
124900036,3,58,-55
124900037,73,98,-25
124900038,49,120,-71
124900039,1,52,-51
124900040,60,77,-17
124900041,241,361,-120
124900042,83,37,46
124900043,264,183,81
124900044,65,0,65
124900045,195,668,-473
124900047,49,86,-37
124900050,398,133,265
124900052,104,193,-89
124900053,175,279,-104
124900054,831,411,420
124900055,2,90,-88
124900057,7,195,-188
124900060,31,147,-116
124900061,226,33,193
124900062,169,10,159
124900066,0,6,-6
124900067,23,160,-137
124900068,122,425,-303
124900070,29,22,7
124900072,225,179,46
124900075,569,399,170
124900076,66,2003,-1937
124900077,55,134,-79
124900078,85,10,75
124900080,381,189,192
124900081,1195,190,1005
124900082,382,337,45
124900083,469,484,-15
124900085,377,258,119
124900086,26,926,-900
124900087,227,53,174
124900088,108,64,44
124900089,553,93,460
124900090,457,174,283
124900091,187,103,84
124900092,238,112,126
124900093,434,110,324
124900094,682,140,542
124900095,65,443,-378
124900096,178,123,55
124900097,437,25,412
124900098,148,165,-17
124900099,142,413,-271
124900100,383,25,358
124900101,191,230,-39
124900102,252,5,247
124900103,177,125,52
124900104,34,86,-52
124900105,90,44,46
124900106,247,26,221
124900107,93,17,76
124900108,186,215,-29
124900111,3,239,-236
124900112,116,129,-13
124900113,45,198,-153
124900114,68,148,-80
124900115,32,30,2
124900116,244,262,-18
124900117,123,182,-59
124900118,77,981,-904
124900119,235,114,121
124900120,37,122,-85
124900121,149,222,-73
124900122,84,106,-22
124900123,247,283,-36
124900124,177,436,-259
124900125,816,2,814
124900126,9,224,-215
204000001,163,21,142
204000002,33,12,21
204000003,14,9,5
204000004,2,0,2
204000005,481,407,74
204000006,1002,1124,-122
204000011,15,25,-10
204000012,39,105,-66
204000019,991,295,696
204000020,995,535,460
204000021,1274,665,609
204000022,1049,400,649
204000023,517,338,179
204000031,29,8,21
204000032,159,16,143
204000034,121,70,51
204000035,0,0,0
204000036,4,11,-7
204000037,4,37,-33
204000038,2,8,-6
204000039,5,3,2
204000040,3,6,-3
204000041,8,10,-2
204000042,17,17,0
204000043,28,5,23
204000044,34,5,29
204000045,28,3,25
204000046,3,3,0
204000057,4,2,2
204000062,43,31,12
204000068,53,631,-578
204000069,202,453,-251
204000070,28,34,-6
204000080,79,52,27
204000085,1113,848,265
204000086,1675,1029,646
204000087,88,17,71
204000088,5,80,-75
204000090,294,186,108
204000093,532,117,415
204000096,1139,778,361
204000097,384,47,337
204000099,1030,2076,-1046
204000100,1737,1362,375
204000105,1038,621,417
204000110,277,668,-391
204000111,536,395,141
204000112,508,392,116
204000113,245,434,-189
204000114,918,1121,-203
204000115,1163,425,738
204000116,609,723,-114
204000119,1956,1857,99
204000132,736,396,340
204000133,827,94,733
204000134,137,49,88
204000135,604,29,575
204000136,380,96,284
204000138,356,643,-287
204000140,244,112,132
204000141,156,51,105
204000144,13,6,7
204000145,358,41,317
204000146,19,195,-176
204000147,69,237,-168
204000148,161,48,113
204000154,2,3,-1
204000155,2,1,1
204000177,59,18,41
204000179,6,2,4
204000180,0,7,-7
204000222,0,9,-9
204000235,111,8,103
204000236,38,263,-225
204000238,7,62,-55
204000240,295,66,229
204000263,573,688,-115
204000268,555,358,197
204000308,84,40,44
204000317,46,43,3
204000322,84,27,57
204000323,11,10,1
204000328,204,76,128
204000329,193,169,24
204000330,202,82,120
204000331,315,193,122
204000352,142,0,142
205000001,490,870,-380
205000013,6,81,-75
205000014,35,87,-52
205000015,33,51,-18
205000016,14,65,-51
205000017,39,52,-13
205000022,248,467,-219
205000025,1227,538,689
205000029,360,15,345
205000045,230,448,-218
205000046,178,370,-192
205000047,51,183,-132
205000048,416,360,56
205000049,198,337,-139
205000050,502,159,343
205000059,0,159,-159
205000060,1,190,-189
205000061,1,451,-450
205000062,3,641,-638
205000063,22,597,-575
205000064,23,135,-112
205000065,155,520,-365
205000066,124,338,-214
205000067,52,431,-379
205000069,191,16,175
205000082,124,177,-53
205000110,81,127,-46
205000111,186,136,50
205000112,129,165,-36
205000113,90,128,-38
205000121,180,48,132
205000123,63,119,-56
205000126,555,82,473
205000127,818,145,673
205000128,414,56,358
205000129,816,55,761
205000130,61,18,43
205000131,45,9,36
205000132,103,2,101
205000133,31,0,31
205000134,245,1,244
205000137,138,80,58
205000138,163,136,27
205000139,29,59,-30
205000144,85,80,5
205000145,296,111,185
205000151,132,40,92
205000152,138,16,122
205000153,220,25,195
205000154,72,37,35
205000155,141,7,134
205000207,4,92,-88
205000233,15,0,15
205000234,0,0,0
205000243,0,0,0
205000244,0,8,-8
205000245,16,203,-187
205000249,0,6,-6
205000250,3,0,3
205000264,16,60,-44
206000027,2,4,-2
206000028,10,2,8
206000043,0,22,-22
206000053,1,1,0
206000054,3,5,-2
206000055,2,13,-11
206000075,6,17,-11
206000076,22,9,13
206000077,28,5,23
206000078,24,16,8
206000079,28,8,20
206000082,206,123,83
206000100,26,323,-297
206000103,5,8,-3
206000104,16,18,-2
206000105,6,2,4
206000106,6,15,-9
206000125,85,0,85
206000157,16,256,-240
206000170,0,72,-72
206000171,7,153,-146
206000172,11,97,-86
206000173,1,76,-75
206000174,2,24,-22
206000175,0,31,-31
206000176,13,52,-39
206000177,0,30,-30
206000178,0,181,-181
206000179,0,77,-77
206000180,4,58,-54
206000181,6,16,-10
206000182,10,90,-80
206000183,9,75,-66
206000184,18,108,-90
206000185,11,45,-34
206000186,56,292,-236
206000223,4,232,-228
206000226,18,1,17
206000227,34,6,28
206000237,33,111,-78
206000238,27,186,-159
206000239,212,1073,-861
206000240,5,48,-43
206000241,0,39,-39
206000242,3,112,-109
206000243,4,42,-38
206000244,62,147,-85
206000245,987,83,904
206000246,399,16,383
206000247,418,9,409
206000248,456,45,411
206000252,41,39,2
206000258,17,36,-19
206000315,42,8,34
206000317,570,133,437
206000318,896,101,795
206000319,2035,58,1977
206000320,368,16,352
206000321,386,9,377
206000322,609,30,579
206000323,173,11,162
206000324,273,17,256
206000325,128,6,122
206000326,155,8,147
206000327,67,12,55
206000328,237,3,234
206000329,328,1,327
206000330,61,7,54
206000331,224,5,219
206000332,52,2,50
206000333,894,2,892
206000334,341,1,340
206000335,0,24,-24
206000361,5,85,-80
206000392,2,12,-10
206000405,108,0,108
206000441,62,25,37
206000498,31,2,29
206000515,52,35,17
206000530,373,91,282
206000531,197,311,-114
206000532,1175,587,588
206000535,164,3201,-3037
206000536,20,72,-52
206000537,37,160,-123
206000613,1049,250,799
206000784,346,77,269
207000001,122,478,-356
207000002,95,324,-229
207000003,120,109,11
207000007,1577,222,1355
207000008,151,8,143
207000009,72,33,39
207000010,295,207,88
207000012,382,122,260
207000015,208,449,-241
207000019,271,101,170
207000021,381,141,240
207000022,201,147,54
207000023,200,123,77
207000024,1,24,-23
207000025,24,84,-60
207000026,96,52,44
207000027,7,39,-32
207000028,59,125,-66
207000029,115,319,-204
207000033,274,304,-30
207000034,329,121,208
207000039,590,70,520
207000040,611,27,584
207000041,28,25,3
207000042,122,43,79
207000043,171,173,-2
207000051,105,176,-71
207000052,18,116,-98
207000053,251,307,-56
207000054,28,80,-52
207000055,187,52,135
207000056,228,153,75
207000057,149,145,4
207000058,182,143,39
207000059,112,188,-76
207000060,53,185,-132
207000061,106,913,-807
207000062,725,34,691
207000063,614,49,565
207000064,350,78,272
207000065,280,163,117
207000066,361,136,225
207000067,93,41,52
207000068,217,51,166
207000069,662,322,340
207000082,5,129,-124
207000083,63,144,-81
207000084,368,251,117
207000085,284,19,265
207000086,348,9,339
207000106,39,12,27
207000107,90,7,83
207000108,77,6,71
207000109,74,2,72
207000110,61,29,32
207000111,70,79,-9
207000112,69,891,-822
207000114,21,34,-13
207000115,26,51,-25
207000116,13,338,-325
207000117,16,66,-50
207000118,5,29,-24
207000119,11,48,-37
207000123,177,2,175
207000124,82,18,64
207000125,54,18,36
207000126,56,25,31
207000134,137,79,58
207000135,26,147,-121
207000148,65,266,-201
207000149,50,21,29
207000152,94,324,-230
207000153,280,733,-453
207000154,332,217,115
207000159,105,108,-3
207000160,175,189,-14
207000238,1,143,-142
207000242,1,70,-69
207000248,33,46,-13
207000249,139,15,124
207000250,483,117,366
207000251,63,132,-69
207000252,48,34,14
207000278,175,108,67
207000279,45,64,-19
207000280,1030,58,972
207000281,116,300,-184
207000282,42,280,-238
207000283,21,120,-99
207000284,30,820,-790
207000285,47,133,-86
207000291,8,41,-33
207000304,87,72,15
207000306,53,225,-172
207000310,115,55,60
207000353,99,1,98
207000356,16,44,-28
207000357,10,18,-8
207000358,1,38,-37
207000415,2,130,-128
207000416,398,102,296
207000417,65,1,64
207000418,132,124,8
207000438,0,1,-1
207000439,355,394,-39
207000446,184,4,180
207000460,76,10,66
207000466,208,96,112
207000467,345,50,295
207000468,60,123,-63
207000476,9,24,-15
207000477,523,22,501
207000478,1,35,-34
207000523,0,3,-3
207000524,119,1,118
207000527,250,178,72
207000530,491,7,484
207000531,295,0,295
207000532,38,19,19
207000534,163,52,111
207000535,28,556,-528
207000537,21,54,-33
207000540,2,56,-54
207000541,4,152,-148
207000548,13,71,-58
207000549,335,13,322
207000561,237,167,70
207000562,34,81,-47
207000567,105,123,-18
207000568,272,12,260
207000569,698,107,591
207000584,104,293,-189
207000585,13,200,-187
207000587,210,35,175
207000616,0,83,-83
207000617,105,0,105
207000624,47,24,23
207000631,33,42,-9
208000001,487,1146,-659
208000002,856,592,264
208000003,935,533,402
208000004,746,762,-16
208000005,3,14,-11
208000019,847,423,424
208000020,225,253,-28
208000021,252,124,128
208000022,801,345,456
208000028,622,938,-316
208000033,590,336,254
208000034,728,1095,-367
208000037,309,30,279
208000040,201,67,134
208000041,721,404,317
208000042,823,456,367
208000047,157,119,38
208000064,1406,1451,-45
208000066,956,1759,-803
208000070,485,325,160
208000071,616,324,292
208000072,599,570,29
208000080,285,442,-157
208000081,448,108,340
208000082,443,158,285
208000083,211,122,89
208000084,3,36,-33
208000085,549,433,116
208000086,454,870,-416
208000087,376,632,-256
208000089,1054,239,815
208000090,977,347,630
208000093,58,79,-21
208000094,629,586,43
208000095,428,210,218
208000104,1049,416,633
208000105,734,518,216
208000114,75,262,-187
208000115,316,233,83
208000116,772,934,-162
208000117,68,96,-28
208000118,140,161,-21
208000155,635,930,-295
208000158,1263,2543,-1280
208000186,964,2563,-1599
208000204,839,1131,-292
208000205,1451,650,801
208000282,1262,1828,-566
209000004,546,176,370
209000005,78,20,58
209000006,379,204,175
209000007,347,494,-147
209000010,228,189,39
209000011,51,197,-146
209000012,61,47,14
209000013,198,162,36
209000014,302,441,-139
209000025,520,64,456
209000026,970,129,841
209000027,264,244,20
209000028,207,209,-2
209000029,389,1253,-864
209000030,231,1316,-1085
209000031,2640,1047,1593
209000034,251,290,-39
209000035,138,284,-146
209000036,294,190,104
209000037,381,201,180
209000038,225,174,51
209000039,87,133,-46
209000040,208,264,-56
209000041,171,315,-144
209000042,218,189,29
209000043,393,461,-68
209000044,272,759,-487
209000045,579,254,325
209000046,490,403,87
209000047,331,196,135
209000048,383,251,132
209000049,137,36,101
209000050,234,70,164
209000051,317,136,181
209000052,172,163,9
209000062,73,36,37
209000063,90,44,46
209000064,47,17,30
209000065,178,33,145
209000066,163,30,133
209000067,272,48,224
209000080,13,115,-102
209000082,54,54,0
209000091,21,50,-29
209000093,20,34,-14
209000094,30,132,-102
209000110,22,163,-141
209000111,521,1751,-1230
209000112,1199,720,479
209000113,1608,1048,560
209000114,900,763,137
209000115,49,78,-29
209000116,356,184,172
209000118,17,65,-48
209000119,6,21,-15
209000121,92,247,-155
209000135,31,230,-199
209000142,477,2020,-1543
209000143,33,39,-6
209000144,45,161,-116
209000229,150,81,69
209000240,26,154,-128
209000259,49,75,-26
209000260,62,522,-460
209000261,12,224,-212
209000262,2,145,-143
209000263,1,197,-196
209000264,0,230,-230
209000265,257,2,255
209000266,42,0,42
209000267,1039,5,1034
209000268,440,43,397
210000037,67,26,41
210000047,104,14,90
210000048,188,17,171
210000049,78,9,69
210000052,57,66,-9
210000053,30,22,8
210000054,44,38,6
210000070,147,3,144
210000071,110,0,110
210000072,49,0,49
210000073,0,14,-14
210000074,1,84,-83
210000075,1,115,-114
210000076,1,207,-206
210000077,5,82,-77
210000078,29,129,-100
210000079,25,26,-1
210000080,27,138,-111
210000081,113,14,99
210000082,47,0,47
210000083,40,0,40
210000084,88,0,88
210000085,0,26,-26
210000086,0,50,-50
210000099,49,143,-94
210000100,77,118,-41
210000101,66,122,-56
210000105,7,206,-199
210000159,0,168,-168
210000163,61,245,-184
210000164,169,209,-40
210000168,156,57,99
210000187,0,26,-26
210000188,1,22,-21
210000214,1,0,1
210000219,46,52,-6
210000220,119,27,92
210000232,3,25,-22
210000233,30,33,-3
210000234,20,58,-38
210000235,49,42,7
210000245,0,39,-39
210000246,15,6,9
210000258,14,47,-33
210000259,185,20,165
210000282,31,150,-119
210000285,0,139,-139
210000286,13,71,-58
210000290,9,16,-7
210000295,54,132,-78
210000296,66,29,37
210000320,258,33,225
210000321,99,10,89
210000338,36,68,-32
210000339,108,687,-579
210000340,106,219,-113
210000341,195,206,-11
210000342,196,153,43
210000343,138,193,-55
210000344,92,135,-43
210000345,95,221,-126
210000346,35,105,-70
210000347,16,51,-35
210000348,81,39,42
210000349,42,24,18
210000350,132,44,88
210000351,138,31,107
210000352,66,25,41
210000353,37,51,-14
210000354,61,50,11
210000355,23,92,-69
210000356,10,136,-126
210000357,34,161,-127
210000358,260,234,26
210000359,40,144,-104
210000360,160,206,-46
210000361,177,142,35
210000362,227,179,48
210000363,463,234,229
210000364,162,175,-13
210000365,177,68,109
210000366,169,42,127
210000367,105,32,73
210000368,112,34,78
210000369,30,35,-5
210000370,29,59,-30
210000372,28,18,10
210000373,8,65,-57
210000374,31,97,-66
210000375,57,35,22
210000376,60,133,-73
210000404,14,71,-57
210000439,40,8,32
210000472,43,0,43
210000482,56,88,-32
210000564,87,247,-160
210000567,1,42,-41
210000568,180,1,179
211000092,25,10,15
211000094,15,2,13
211000169,190,10,180
211000172,14,197,-183
211000209,1,62,-61
211000226,4,11,-7
211000270,27,21,6
211000275,21,20,1
211000276,105,5,100
211000279,7,18,-11
211000281,64,17,47
211000302,49,39,10
211507980,0,33,-33
211977296,31,4,27
212000003,173,44,129
212000004,7,40,-33
212000005,6,61,-55
212000006,52,57,-5
212000008,215,101,114
212000009,32,62,-30
212000012,104,23,81
212000013,21,16,5
212000014,149,68,81
212000015,247,117,130
212000016,354,248,106
212000027,433,180,253
212000028,329,213,116
212000029,217,113,104
212000030,35,24,11
212000031,64,23,41
212000048,17,233,-216
212000049,29,173,-144
212000050,9,9,0
212000051,196,49,147
212000052,167,113,54
212000053,138,179,-41
212000054,466,44,422
212000055,367,80,287
212000056,6,22,-16
212000057,3,24,-21
212000058,71,18,53
212000070,128,85,43
212000077,92,168,-76
212000099,338,171,167
212000108,220,138,82
212000111,284,37,247
212000120,107,83,24
212000138,147,22,125
212000156,10,58,-48
212000158,2,9,-7
212000159,544,36,508
212000160,567,117,450
212000161,57,1,56
212000310,42,5,37
212000311,10,42,-32
212000374,17,8,9
213000001,21,226,-205
213000005,422,119,303
213000006,540,294,246
213000007,61,50,11
213000009,253,177,76
213000010,266,123,143
213000011,147,189,-42
213000012,155,144,11
213000014,53,20,33
213000015,225,10,215
213000016,373,2,371
213000017,46,0,46
213000018,1,10,-9
213000019,1,54,-53
213000020,74,92,-18
213000021,0,35,-35
213000023,310,194,116
213000033,321,1105,-784
213000034,215,120,95
213000035,97,251,-154
213000045,215,249,-34
213000046,116,108,8
213000047,353,817,-464
213000056,116,13,103
213000069,26,2,24
213000073,0,38,-38
213000074,223,457,-234
213000075,546,4,542
213000076,5,1,4
213000085,6,32,-26
213000086,11,141,-130
213000091,299,7,292
213000092,45,6,39
213000099,189,1242,-1053
213000100,658,291,367
213000101,637,44,593
213000102,734,82,652
213000103,626,438,188
213000104,49,215,-166
213000105,89,1359,-1270
213000106,33,57,-24
213000107,125,173,-48
213000108,29,174,-145
213000109,5,91,-86
213000110,10,31,-21
213000111,6,53,-47
213000112,46,81,-35
213000115,25,4,21
213000116,53,362,-309
213000117,16,408,-392
213000118,629,272,357
213000119,39,299,-260
213000120,96,168,-72
213000122,138,202,-64
213000123,170,416,-246
213000124,183,398,-215
213000125,127,15,112
213000126,35,127,-92
213000127,33,143,-110
213000128,59,701,-642
213000129,123,945,-822
213000130,965,530,435
213000132,641,138,503
213000133,1111,52,1059
213000134,1361,4,1357
213000136,468,19,449
213000137,472,56,416
213000139,254,14,240
213000147,27,14,13
213000148,12,42,-30
213000149,57,42,15
213000150,1,421,-420
213000151,0,160,-160
213000152,6,129,-123
213000153,2,128,-126
213000154,97,147,-50
213000155,47,94,-47
213000156,105,231,-126
213000157,604,267,337
213000158,249,504,-255
213000159,264,263,1
213000163,1265,155,1110
213000165,626,309,317
213000171,83,23,60
213000172,54,61,-7
213000173,3,46,-43
213000174,3,13,-10
213000175,55,13,42
213000176,12,61,-49
213000177,3,11,-8
213000178,27,8,19
213000179,151,26,125
213000180,225,26,199
213000182,200,12,188
213000184,72,291,-219
213000188,266,45,221
213000189,420,25,395
213000190,494,438,56
213000191,399,168,231
213000192,283,122,161
213000193,521,124,397
213000194,5,93,-88
213000195,17,266,-249
213000196,169,1175,-1006
213000197,490,690,-200
213000198,30,1,29
213000200,76,351,-275
213000201,27,76,-49
213000202,20,383,-363
213000203,1454,331,1123
213000204,970,51,919
213000205,320,65,255
213000206,515,24,491
213000207,27,8,19
213000208,63,1,62
213000209,72,2,70
213000210,183,1,182
213000211,7,7,0
213000212,34,23,11
213000213,23,37,-14
213000218,1119,1321,-202
213000219,777,24,753
213000220,565,7,558
213000223,180,186,-6
213000224,32,59,-27
213000225,46,17,29
213000226,89,17,72
213000227,1062,189,873
213000228,527,66,461
213000229,54,19,35
213000230,600,52,548
213000232,93,146,-53
213000233,6,75,-69
213000234,3,47,-44
213000293,18,81,-63
213000294,96,64,32
213000295,40,171,-131
213000296,35,12,23
213000297,10,42,-32
213000298,8,43,-35
213000299,36,15,21
213000300,7,5,2
213000303,1,16,-15
213000304,1,17,-16
213000305,1,19,-18
213000306,16,96,-80
213000307,76,98,-22
213000308,81,104,-23
213000309,110,28,82
213000310,265,183,82
213000311,104,872,-768
213000315,83,101,-18
213000316,160,50,110
213000322,18,12,6
213000323,28,25,3
213000340,151,205,-54
213000341,760,65,695
213000346,123,199,-76
213000347,272,406,-134
213000348,1,252,-251
213000349,1,60,-59
213000350,281,576,-295
213000366,87,132,-45
213000367,346,12,334
213000379,10,293,-283
213000386,47,79,-32
213000406,182,101,81
213000417,1352,341,1011
213000425,205,33,172
213000426,129,41,88
213000427,39,34,5
213000428,29,44,-15
213000429,1,14,-13
213000430,44,205,-161
213000431,7,1,6
213000432,1,48,-47
213000433,8,38,-30
213000434,146,68,78
213000435,121,92,29
213000439,19,6,13
213000441,0,1,-1
213000443,371,196,175
213000445,0,58,-58
213000446,0,78,-78
213000447,6,75,-69
213000448,4,141,-137
213000449,524,13,511
213000450,18,28,-10
213000451,288,28,260
213000452,12,9,3
213000453,29,125,-96
213000455,56,0,56
213000456,2,118,-116
213000481,4,3,1
213000482,54,3,51
213000489,108,82,26
213000491,2,195,-193
213000492,108,3,105
213000493,2,105,-103
213000494,105,81,24
213000496,385,71,314
213000497,24,95,-71
213000498,94,61,33
213000499,119,91,28
213000500,314,40,274
213000501,131,12,119
213000502,130,96,34
213000503,0,42,-42
213000504,3,15,-12
213000505,3,14,-11
213000506,0,9,-9
213000507,1,59,-58
213900244,79,0,79
213900245,1,13,-12
218000003,47,27,20
218000004,26,26,0
218000005,18,42,-24
218000006,76,39,37
218000007,18,20,-2
218000012,233,138,95
218000013,239,176,63
218000014,258,272,-14
218000019,381,453,-72
218000020,205,252,-47
218000040,6,9,-3
218000046,48,36,12
218000047,6,34,-28
218000048,34,36,-2
218000049,34,64,-30
218000050,145,87,58
218000051,52,114,-62
218000052,1,32,-31
218000053,6,8,-2
218000054,5,37,-32
218000055,7,22,-15
218000056,21,54,-33
218000057,0,12,-12
218000064,0,22,-22
218000065,72,89,-17
218000066,10,20,-10
218000067,84,47,37
218000068,123,42,81
218000069,330,89,241
218000070,162,130,32
218000071,131,169,-38
218000072,85,207,-122
218000078,1354,297,1057
218000079,233,33,200
218000080,181,29,152
218000081,459,61,398
218000082,67,41,26
218000083,78,35,43
218000084,203,39,164
218000085,135,157,-22
218000086,76,65,11
218000087,191,59,132
218000090,7,165,-158
218000091,1026,493,533
218000092,108,107,1
218000093,108,32,76
218000094,385,310,75
218000099,209,556,-347
218000100,378,250,128
218000101,331,103,228
218000102,471,147,324
218000103,139,67,72
218000104,121,12,109
218000105,30,17,13
218000106,10,7,3
218000107,88,17,71
218000108,1,14,-13
218000112,68,19,49
218000117,35,75,-40
218000134,569,206,363
218000135,15,51,-36
218000136,140,56,84
218000137,161,72,89
218000138,58,63,-5
218000139,155,159,-4
218000140,600,209,391
218000141,93,55,38
218000142,136,77,59
218000143,56,235,-179
218000144,8,96,-88
218000145,488,184,304
218000146,105,101,4
218000151,7,7,0
218000152,124,28,96
218000170,4,25,-21
218000171,67,6,61
218000172,7,8,-1
218000173,11,25,-14
218000174,12,16,-4
218000176,369,40,329
218000177,477,130,347
218000178,110,128,-18
218000179,297,33,264
218000180,157,17,140
218000181,439,68,371
218000187,36,61,-25
218000188,20,65,-45
218000189,11,65,-54
218000190,2,4,-2
218000191,264,19,245
218000192,256,54,202
218000193,450,170,280
218000194,151,172,-21
218000195,104,63,41
218000196,267,118,149
218000197,524,116,408
218000198,68,54,14
218000199,34,13,21
218000200,53,24,29
218000201,13,9,4
218000202,69,369,-300
218000207,5,25,-20
218000208,34,33,1
218000211,64,85,-21
218000213,73,47,26
218000214,2,9,-7
218000215,32,23,9
218000217,1,23,-22
218000218,107,17,90
218000219,1,50,-49
218000220,36,663,-627
218000221,399,175,224
218000222,2,88,-86
218000223,31,324,-293
218000224,9,122,-113
218000225,260,27,233
218000226,227,65,162
218000232,49,44,5
218000239,98,9,89
218000240,1,6,-5
218000241,14,0,14
218000242,7,0,7
218000243,19,1,18
218000244,32,7,25
218000245,29,21,8
218000246,0,4,-4
218000247,2,0,2
218000248,0,29,-29
218000249,0,0,0
218000250,6,21,-15
218000251,1,45,-44
218000252,2,286,-284
218000253,1,126,-125
218000254,0,21,-21
218000255,4,10,-6
218000256,4,89,-85
218000267,312,828,-516
218000268,9,25,-16
218000269,19,26,-7
218000270,167,11,156
218000271,19,14,5
218000273,32,8,24
218000274,14,6,8
218000275,44,46,-2
218000276,19,18,1
218000278,16,86,-70
218000279,76,26,50
218000280,4,31,-27
218000281,6,25,-19
218000282,470,676,-206
218000284,58,4,54
218000301,59,68,-9
218000302,30,38,-8
218000303,11,77,-66
218000316,1047,674,373
218000317,1625,640,985
218000318,1102,331,771
218000319,1290,510,780
218000320,1252,547,705
218000338,12,64,-52
218000345,78,76,2
218000346,56,127,-71
218000459,11,80,-69
218000490,13,71,-58
218000501,128,41,87
218000502,54,24,30
218000503,93,20,73
218000504,142,25,117
218000505,9,83,-74
218000506,27,217,-190
218000508,2,8,-6
218000510,93,9,84
218000520,73,67,6
218000521,36,25,11
218000522,1,238,-237
218000523,111,6,105
218000524,5,416,-411
218000525,81,45,36
218000526,18,251,-233
218000529,51,64,-13
218000531,19,6,13
218000532,50,17,33
218000534,174,26,148
218000537,7,81,-74
218000538,62,207,-145
218000540,126,48,78
218000543,181,77,104
218000544,18,79,-61
218000545,88,68,20
218000546,30,69,-39
218000547,147,142,5
218000548,62,81,-19
218000549,546,166,380
218000550,165,111,54
218000551,100,685,-585
218000552,261,370,-109
218000553,21,77,-56
218000554,32,46,-14
218000555,16,86,-70
218000556,204,185,19
218000557,327,191,136
218000558,42,0,42
218000559,0,14,-14
218000560,1,18,-17
218000561,14,0,14
218000562,9,105,-96
218000563,146,49,97
218000564,7,82,-75
218000565,56,37,19
218000566,32,16,16
218000567,0,86,-86
218000568,7,2,5
218000569,2,306,-304
218000570,39,8,31
218000571,0,90,-90
218000572,173,1,172
218000573,8,200,-192
218000574,23,28,-5
218000575,143,3,140
218000576,2,37,-35
218000577,94,3,91
218000578,0,96,-96
218000579,7,23,-16
218000581,7,57,-50
218000582,52,0,52
218000583,8,0,8
218000584,0,23,-23
218000585,56,3,53
218000586,14,31,-17
218000587,0,0,0
218000588,0,4,-4
218000589,0,4,-4
218000590,5,1,4
218000591,4,12,-8
218000592,5,11,-6
218000601,0,7,-7
218000602,2,4,-2
218000603,0,5,-5
218000604,9,0,9
218000605,0,21,-21
218000606,85,0,85
218000607,11,53,-42
218000608,51,13,38
218000609,3,28,-25
218000610,66,4,62
218000611,36,0,36
218000612,1,27,-26
218000613,38,0,38
218000614,4,39,-35
218000615,145,2,143
218000616,4,76,-72
218000617,18,3,15
218000618,0,12,-12
218000619,10,14,-4
218000620,2,16,-14
218000621,0,4,-4
218000622,0,24,-24
218000623,22,1,21
218000624,3,33,-30
218000625,3,0,3
218000626,0,20,-20
218000628,194,89,105
218000631,45,36,9
218000632,1,103,-102
218000633,108,0,108
218000634,3,15,-12
218000635,6,25,-19
218000636,940,381,559
218000637,932,240,692
218000638,205,21,184
218000639,18,39,-21
218000640,384,19,365
218000641,134,95,39
218000652,30,18,12
218000653,246,74,172
218000663,4,51,-47
218000675,33,82,-49
218000680,185,157,28
218000681,530,130,400
218000691,198,107,91
218000693,381,54,327
218000718,23,190,-167
218000719,63,338,-275
218000720,6,219,-213
218000721,32,40,-8
218001147,7,92,-85
218001214,17,44,-27
218001258,446,11,435
218001329,109,87,22
218001330,95,120,-25
218001351,19,52,-33
218001352,10,20,-10
218001353,9,29,-20
218001354,10,24,-14
218001355,12,119,-107
218001356,475,85,390
218001357,13,120,-107
218001358,389,19,370
218001361,813,5,808
218001362,2,63,-61
219000001,38,38,0
219000002,41,30,11
219000003,30,34,-4
219000004,73,69,4
219000017,44,116,-72
219000020,199,31,168
219000022,201,1,200
219000023,85,4,81
219000029,1,81,-80
219000034,44,73,-29
219000039,22,187,-165
219000040,12,91,-79
219000041,144,35,109
219000051,0,83,-83
219000052,0,30,-30
219000053,1,56,-55
219000055,372,2,370
219000056,8,1,7
219000057,51,0,51
219000062,28,77,-49
219000063,104,23,81
219000064,4,101,-97
219000110,149,137,12
219000111,107,46,61
219000112,165,62,103
219000113,183,52,131
219000114,132,48,84
219000116,222,57,165
219000117,131,102,29
219000118,163,80,83
219000123,127,53,74
219000124,38,22,16
219000125,17,11,6
219000126,37,87,-50
219000127,0,8,-8
219000128,32,127,-95
219000129,11,115,-104
219000130,228,610,-382
219000131,636,1214,-578
219000133,54,113,-59
219000134,18,46,-28
219000135,27,56,-29
219000136,89,189,-100
219000138,75,16,59
219000139,72,13,59
219000140,82,0,82
219000141,28,64,-36
219000142,17,32,-15
219000143,44,38,6
219000145,9,23,-14
219000146,3,14,-11
219000147,2,29,-27
219000148,2,9,-7
219000149,7,17,-10
219000150,2,19,-17
219000151,3,34,-31
219000157,176,94,82
219000158,115,179,-64
219000161,106,15,91
219000163,1024,337,687
219000166,99,168,-69
219000167,128,97,31
219000168,136,128,8
219000174,454,92,362
219000175,150,6,144
219000176,203,12,191
219000177,75,3,72
219000178,85,0,85
219000179,39,1,38
219000180,22,9,13
219000182,172,20,152
219000183,100,34,66
219000184,168,5,163
219000185,0,13,-13
219000186,64,6,58
219000187,7,37,-30
219000189,50,197,-147
219000190,53,198,-145
219000191,179,1721,-1542
219000192,192,216,-24
219000193,197,114,83
219000195,3,66,-63
219000196,2,122,-120
219000198,7,39,-32
219000199,44,183,-139
219000200,42,100,-58
219000201,65,129,-64
219000203,23,97,-74
219000204,52,292,-240
219000205,29,222,-193
219000207,105,180,-75
219000209,33,24,9
219000210,16,169,-153
219000213,5,132,-127
219000239,124,126,-2
219000240,176,307,-131
219000241,122,164,-42
219000242,55,231,-176
219000243,83,148,-65
219000244,11,51,-40
219000245,21,58,-37
219000246,29,48,-19
219000247,227,72,155
219000248,376,418,-42
219000249,157,181,-24
219000250,140,135,5
219000251,479,174,305
219000252,227,123,104
219000253,336,54,282
219000255,164,135,29
219000256,265,76,189
219000257,166,0,166
219000262,35,74,-39
219000263,50,91,-41
219000267,1,51,-50
219000268,2,17,-15
219000269,5,2,3
219000270,29,0,29
219000271,270,3,267
219000278,0,15,-15
219000279,0,2,-2
219000283,0,8,-8
219000295,5,63,-58
219000296,73,184,-111
219000297,40,45,-5
219000298,40,62,-22
219000299,298,38,260
219000300,40,70,-30
219000301,84,157,-73
219000302,28,125,-97
219000307,25,13,12
219000308,73,67,6
219000311,169,77,92
219000312,432,158,274
219000313,512,34,478
219000314,45,141,-96
219000315,407,35,372
219000316,543,55,488
219000317,135,3,132
219000320,0,82,-82
219000321,1,33,-32
219000323,2,38,-36
219000325,0,5,-5
219000326,58,64,-6
219000327,22,16,6
219000328,17,18,-1
219000329,237,103,134
219000330,34,16,18
219000331,58,70,-12
219000332,221,102,119
219000333,31,4,27
219000335,57,0,57
219000337,34,3,31
219000338,75,0,75
219000344,22,30,-8
219000345,69,11,58
219000346,16,39,-23
219000348,178,69,109
219000349,47,70,-23
219000350,86,365,-279
219000351,0,5,-5
219000352,195,103,92
219000353,144,46,98
219000354,217,48,169
219000355,135,74,61
219000356,349,2154,-1805
219000363,81,96,-15
219000364,163,53,110
219000365,90,22,68
219000366,167,556,-389
219000368,203,543,-340
219000370,379,868,-489
219000371,8,15,-7
219000382,19,30,-11
219000383,247,1510,-1263
219000385,302,566,-264
219000386,589,1347,-758
219000387,1,18,-17
219000390,8,1,7
219000391,3,1,2
219000397,40,18,22
219000398,45,63,-18
219000401,12,66,-54
219000402,34,43,-9
219000403,58,176,-118
219000404,19,56,-37
219000407,8,27,-19
219000409,72,39,33
219000410,120,30,90
219000411,74,4,70
219000446,96,252,-156
219000447,1,18,-17
219000448,5,9,-4
219000452,63,90,-27
219000453,61,256,-195
219000454,154,372,-218
219000556,331,60,271
219000558,87,123,-36
219000590,40,133,-93
219000591,131,73,58
219000592,43,215,-172
219000595,4,11,-7
219000635,196,47,149
219000636,33,41,-8
219000657,12,18,-6
219000658,42,123,-81
219000673,0,17,-17
219000676,5,0,5
219000679,21,24,-3
219000684,77,12,65
219000685,0,43,-43
219000686,0,19,-19
219000688,0,24,-24
219000689,9,100,-91
219000690,120,7,113
219000691,26,118,-92
219000692,127,13,114
219000693,0,8,-8
219000694,19,0,19
219000695,36,0,36
219000698,8,0,8
219000699,0,33,-33
219000727,3,110,-107
219000728,91,0,91
219000770,35,5,30
219000771,0,57,-57
219000788,192,357,-165
219001150,1,34,-33
219001151,0,1,-1
219001166,59,38,21
219001167,3,38,-35
219001178,56,0,56
220000001,18,105,-87
220000002,4,83,-79
220000003,188,142,46
220000004,259,202,57
220000005,484,1013,-529
220000006,164,415,-251
220000007,330,160,170
220000008,204,391,-187
220000009,291,352,-61
220000010,82,51,31
220000011,365,2861,-2496
220000012,23,228,-205
220000014,107,53,54
220000015,41,455,-414
220000017,14,356,-342
220000018,5604,1361,4243
220000019,110,459,-349
220000020,474,131,343
220000021,838,192,646
220000022,1158,339,819
220000023,435,140,295
220000024,1029,598,431
220000025,582,1467,-885
220000026,377,424,-47
220000027,17,103,-86
220000028,28,62,-34
220000029,26,52,-26
220000030,54,101,-47
220000031,544,408,136
220000064,27,1738,-1711
221000046,1,0,1
221000047,0,0,0
221000048,0,0,0
221000049,0,4,-4
221000050,8,0,8
221000055,33,38,-5
221000057,54,10,44
221000068,193,75,118
221000069,242,36,206
221000070,238,21,217
221000071,100,6,94
221000072,287,4,283
221000073,127,18,109
221000074,0,8,-8
221000075,6,19,-13
221000076,6,20,-14
221000077,14,72,-58
221000081,3,3,0
221000082,85,1,84
221000083,11,6,5
221000084,18,5,13
221000085,16,24,-8
221000086,18,53,-35
221000087,5,89,-84
221000088,11,85,-74
221000089,22,107,-85
221000090,48,300,-252
221000098,95,10,85
221000099,188,9,179
221000100,122,3,119
221000101,190,11,179
221000102,99,8,91
221000109,7,44,-37
221000110,6,47,-41
221000111,6,103,-97
221000112,7,91,-84
221000113,8,77,-69
221000114,8,70,-62
221000120,9,22,-13
221000121,2,40,-38
221000122,15,63,-48
221000123,23,57,-34
221000124,8,137,-129
221000155,58,8,50
221000156,93,90,3
221000175,2,30,-28
221000176,0,0,0
221000182,38,5,33
221000241,263,275,-12
221000242,64,288,-224
221000243,375,197,178
221000244,164,539,-375
221000245,131,56,75
221000246,39,294,-255
221000247,102,42,60
221000248,121,137,-16
221000267,64,563,-499
221000325,21,81,-60
221000331,4,15,-11
221000338,22,17,5
221000378,221,89,132
221000381,64,105,-41
222000282,8,2,6
222000296,2,16,-14
222000568,363,20,343
222000569,191,43,148
222000570,119,22,97
222000571,336,15,321
222000577,4,62,-58
222000578,7,80,-73
222000579,22,57,-35
222000580,21,366,-345
222000599,0,74,-74
222000600,1,171,-170
222000601,2,453,-451
222000603,22,37,-15
222000604,1,59,-58
222000605,22,27,-5
222000606,1,13,-12
222000607,3,8,-5
222000608,14,25,-11
222000609,39,94,-55
222000616,484,20,464
222000617,18,41,-23
222000618,2,5,-3
222000620,14,14,0
222000621,28,16,12
222000623,531,3,528
222000624,450,4,446
222000625,602,20,582
222000636,64,7,57
222000686,27,29,-2
222000687,37,41,-4
222001066,177,2,175
222001067,13,0,13
222001068,53,1,52
222001069,97,12,85
222001082,5,6,-1
222001083,23,11,12
222001084,0,19,-19
222001085,1,78,-77
222001111,49,32,17
222001112,252,12,240
222001313,16,6,10
222001314,5,110,-105
222001464,352,39,313
222001465,16,80,-64
222001484,164,17,147
222001485,12,64,-52
222001494,619,88,531
222001495,98,64,34
222001496,453,70,383
222001497,129,198,-69
222001502,12,39,-27
222001503,119,34,85
222001504,25,145,-120
222001505,374,10,364
222001506,54,259,-205
222001507,189,7,182
222001510,656,9,647
222001511,93,116,-23
222001514,483,103,380
222001515,73,346,-273
222001518,457,54,403
222001519,61,88,-27
222001527,201,62,139
222001528,15,106,-91
222001529,408,48,360
222001530,42,108,-66
222001533,156,100,56
222001534,417,59,358
222001535,408,279,129
222001536,61,158,-97
222001537,410,27,383
222001538,47,269,-222
222001563,1028,57,971
222001564,75,192,-117
222001568,165,185,-20
222001576,0,1,-1
222001579,0,14,-14
222001583,14,40,-26
222001584,66,16,50
222001596,549,1089,-540
222001597,944,191,753
222001626,0,69,-69
222001650,10,117,-107
222001651,46,507,-461
222001914,148,37,111
222001915,59,241,-182
222001968,488,245,243
222001969,163,341,-178
222001970,173,333,-160
222001971,26,1,25
222001972,2,10,-8
225000001,271,132,139
225000002,545,110,435
225000003,612,51,561
225000004,482,138,344
225000005,66,39,27
225000006,0,165,-165
225000007,867,982,-115
225000010,235,9,226
225000011,227,1330,-1103
225000012,365,725,-360
225000013,111,135,-24
225000014,579,122,457
225000015,136,71,65
225000021,628,171,457
225000027,155,281,-126
225000032,561,129,432
225000042,88,357,-269
225000049,69,36,33
225000050,85,10,75
225000053,5,176,-171
225000058,718,182,536
225000067,172,64,108
225000068,91,127,-36
225000069,50,269,-219
225000070,77,195,-118
225000071,34,49,-15
225000075,16,846,-830
225000076,29,132,-103
225000078,34,32,2
225000085,100,115,-15
225000086,331,68,263
225000087,165,5,160
225000088,11,125,-114
225000089,79,726,-647
225000090,49,345,-296
225000091,101,98,3
225000092,37,19,18
225000093,154,117,37
225000094,11,95,-84
225000095,201,215,-14
225000096,111,232,-121
225000098,658,264,394
225000099,439,131,308
225000100,406,139,267
225000104,81,228,-147
225000110,5,234,-229
225000111,222,510,-288
225000112,227,738,-511
225000113,162,476,-314
225000114,121,216,-95
225000115,818,474,344
225000116,474,174,300
225000117,733,312,421
225000118,935,310,625
225000119,307,87,220
225000120,649,41,608
225000121,147,10,137
225000123,535,11,524
225000125,601,164,437
225000126,849,233,616
225000127,464,1416,-952
225000128,619,819,-200
225000132,526,42,484
225000133,228,29,199
225000134,616,135,481
225000135,112,10,102
225000136,448,17,431
225000137,245,70,175
225000138,420,88,332
225000143,44,137,-93
225000144,4,239,-235
225000145,65,24,41
225000146,50,16,34
225000147,33,85,-52
225000148,5,48,-43
225000149,48,118,-70
225000151,49,95,-46
225000155,265,227,38
225000156,174,672,-498
225000157,371,192,179
225000158,35,238,-203
225000171,2,97,-95
225000180,34,16,18
225000181,0,37,-37
225000182,104,12,92
225000185,2,316,-314
225000187,40,249,-209
225000191,62,2,60
225000194,0,16,-16
225000208,0,40,-40
225000209,130,12,118
225000210,6,131,-125
225000217,1,7,-6
225000218,16,1,15
225000223,1,123,-122
225000224,39,0,39
225000225,3,72,-69
225000226,11,4,7
225000227,49,88,-39
225000228,7,5,2
225000229,0,56,-56
225000230,21,0,21
225000231,0,41,-41
225000232,166,0,166
225000241,79,1,78
225000242,0,44,-44
225000249,48,0,48
225000250,57,311,-254
225000251,601,55,546
226000042,112,264,-152
226000043,31,144,-113
226000044,100,274,-174
226000045,28,191,-163
226000046,547,92,455
226000047,450,171,279
226000048,397,107,290
226000049,345,271,74
226000070,0,7,-7
226000071,0,23,-23
226000072,0,8,-8
226000073,0,8,-8
226000074,0,18,-18
226000084,0,11,-11
226000085,2,8,-6
226000086,2,9,-7
226000087,0,27,-27
226000088,10,29,-19
226000090,258,189,69
226000091,9,76,-67
226000092,1,8,-7
226000093,14,1,13
226000094,10,5,5
226000095,2,3,-1
226000105,42,0,42
226000106,3,0,3
226000107,9,0,9
226000108,14,0,14
226000109,89,0,89
226000124,119,68,51
226000134,764,646,118
226000135,1453,622,831
226000136,646,364,282
226000137,3,106,-103
226000138,5,66,-61
226000139,1,13,-12
226000156,292,3,289
226000157,262,3,259
226000163,60,171,-111
226000202,11,124,-113
226000231,687,5,682
226000232,38,13,25
227000037,541,32,509
227000038,147,30,117
227000049,0,35,-35
227000050,0,66,-66
227000055,58,1,57
227000056,50,0,50
227000084,5,62,-57
227000085,1,66,-65
227000088,33,1,32
227000089,59,1,58
227000090,39,0,39
227000091,12,1,11
227000093,90,0,90
227000094,5,0,5
227000130,23,180,-157
227000131,7,107,-100
227000132,10,86,-76
227000133,4,56,-52
227000134,19,135,-116
227000152,0,3,-3
227000153,0,61,-61
227000155,1,17,-16
227000156,0,9,-9
227000165,0,183,-183
227000196,11,52,-41
227000199,490,7,483
227000230,30,109,-79
227000232,312,10,302
227000241,741,31,710
227000242,26,345,-319
227000243,429,80,349
227000244,390,50,340
227000245,13,195,-182
227000246,71,199,-128
227000247,465,35,430
227000248,155,48,107
227000249,22,339,-317
227000251,113,560,-447
227000252,52,92,-40
227000253,211,22,189
227000262,700,45,655
227000266,1044,21,1023
227000267,14,482,-468
227000486,269,295,-26
227000655,333,2,331
227000661,88,10,78
227000680,129,43,86
229000265,25,27,-2
229000296,3,18,-15
229000297,5,2,3
229000298,2,58,-56
229000320,5,8,-3
229000321,8,5,3
229000412,8,15,-7
229000414,1,32,-31
229000415,7,4,3
229000416,0,1,-1
229000417,0,4,-4
229000419,51,174,-123
229000440,224,49,175
229000442,18,20,-2
229000443,4,1,3
229000444,0,14,-14
229000445,69,4,65
229000446,41,6,35
229000847,53,1,52
229000848,30,0,30
229000849,65,0,65
229000851,52,0,52
229000854,0,9,-9
229000856,0,40,-40
229000857,1,20,-19
229000858,0,10,-10
229000919,4,61,-57
229000930,2,187,-185
229000937,80,1,79
229000966,100,36,64
229000981,36,17,19
229000985,12,11,1
229000986,0,1,-1
229000987,1,0,1
229000988,2,1,1
229000989,9,0,9
229000990,0,1,-1
229000991,0,2,-2
229000992,8,2,6
229000993,72,12,60
229000998,9,19,-10
229000999,51,6,45
229001034,0,21,-21
229001035,6,0,6
229001037,65,1,64
229001042,19,3,16
229001047,14,15,-1
229001050,39,32,7
229001200,14,21,-7
229001338,2,3,-1
229001394,239,10,229
229001422,137,17,120
229001423,18,76,-58
229001431,39,76,-37
229001432,33,43,-10
229001444,173,49,124
229001445,36,75,-39
229001503,276,58,218
229001504,108,104,4
229001505,158,45,113
229001506,102,81,21
229001509,54,12,42
229001545,91,1,90
229001546,8,39,-31
229001553,82,8,74
229001554,16,61,-45
229001559,3,3,0
229001560,3,21,-18
229001630,48,3,45
229001631,6,13,-7
229001635,0,5,-5
229001636,2,0,2
229001658,0,109,-109
229001659,103,2,101
229001660,4,1,3
229001661,3,34,-31
229001662,30,2,28
229001663,0,67,-67
229002584,136,110,26
229002831,42,33,9
229002841,4,6,-2
229002842,12,15,-3
229002843,47,5,42
229002844,13,42,-29
229002845,7,54,-47
229002846,32,24,8
229002847,1,28,-27
229002848,5,9,-4
229002849,2,30,-28
229002850,32,0,32
229002851,28,49,-21
229002852,61,17,44
229002853,61,14,47
229002854,25,15,10
229002855,8,10,-2
229002856,19,16,3
229002857,17,83,-66
229002858,10,7,3
229002859,19,69,-50
229002860,65,14,51
229002861,32,20,12
229002862,18,10,8
229002863,10,29,-19
229002864,36,21,15
229002865,3,3,0
229002866,5,19,-14
229002867,0,12,-12
229002868,15,22,-7
229002869,14,54,-40
229002870,57,12,45
235000066,139,29,110
235000067,49,48,1
235000072,18,51,-33
235000073,74,211,-137
235000074,26,14,12
235000080,10,43,-33
235000081,82,58,24
235000082,213,7,206
235000083,149,29,120
235000084,35,40,-5
235000085,132,38,94
235000089,18,9,9
235000092,46,99,-53
235000093,2,3,-1
235000097,3,5,-2
235000098,64,6,58
235000099,39,19,20
235000116,11,8,3
235000117,347,6,341
235000133,5,362,-357
235000134,12,189,-177
235000206,8,2,6
235000207,1,5,-4
235000208,1,1,0
235000209,3,0,3
235000210,14,4,10
235000212,5,4,1
235000213,2,12,-10
235000220,1,5,-4
235000221,28,22,6
235000238,13,177,-164
235000239,1,44,-43
235000242,321,737,-416
235000245,292,164,128
235000246,13,34,-21
235000284,1,101,-100
235000295,70,17,53
235000305,267,30,237
235000306,347,18,329
235000307,17,0,17
235000308,11,1,10
235000309,52,0,52
235000310,17,0,17
235000311,259,13,246
235000322,0,14,-14
235000323,0,45,-45
235000324,0,41,-41
235000325,0,29,-29
235000326,22,33,-11
235000351,16,38,-22
235000352,4,46,-42
235000353,4,37,-33
235000354,19,38,-19
235000355,9,101,-92
235000356,51,9,42
235000357,52,9,43
235000358,24,9,15
235000359,11,4,7
235000360,44,5,39
235000361,124,6,118
235000381,123,59,64
235000382,96,24,72
235000390,6,8,-2
235000391,190,5,185
235000392,206,178,28
235000393,133,126,7
235000395,136,31,105
235000396,553,77,476
235000400,26,97,-71
235000401,4,92,-88
235000405,51,73,-22
235000406,29,55,-26
235000407,17,38,-21
235000409,91,38,53
235000410,27,109,-82
235000411,0,18,-18
235000485,0,5,-5
235000486,2,0,2
235000549,57,56,1
235000550,116,33,83
235000599,95,27,68
235000600,9,13,-4
235000601,8,10,-2
235000602,89,33,56
235000614,3,7,-4
235000648,2,7,-5
235000649,26,2,24
235000685,6,3,3
235000815,12,117,-105
235000834,0,4,-4
235000855,31,33,-2
235000862,50,52,-2
235000891,0,28,-28
235000892,4,0,4
235000901,21,17,4
235000907,0,6,-6
235001010,63,24,39
235001029,112,171,-59
235001030,232,141,91
235001078,70,74,-4
235001079,42,54,-12
235001147,14,48,-34
235001166,3,8,-5
235001167,25,12,13
235001169,19,235,-216
235001188,2,7,-5
235001189,4,0,4
235001197,3,6,-3
235001200,54,44,10
235001207,314,57,257
235001210,131,65,66
235001215,21,53,-32
235001239,0,22,-22
235001244,0,14,-14
235016267,0,32,-32
277102712,4,0,4
277103813,0,0,0
277104249,0,1,-1
277104250,0,1,-1
277104251,0,1,-1
277104252,0,2,-2
990011530,0,227,-227
990014944,1,158,-157
990015176,155,1,154
990016032,0,155,-155
990032570,0,21,-21
990070001,60,3,57
990070103,1,3,-2
990070601,0,28,-28
990070751,1550,26,1524
990070766,0,156,-156
990071180,331,170,161
990071343,33,1,32
990071387,0,6,-6
990071823,26,0,26
990072600,0,856,-856
990072964,0,224,-224
990073285,0,1,-1
990074393,0,300,-300
990074870,1522,2,1520
990075106,556,4,552
990075746,431,6,425
990076437,2200,21,2179
990076458,0,124,-124
997000007,233,9,224
997000041,0,104,-104
997000058,43,0,43
997000062,20,1,19
997000069,0,3,-3
997000070,0,11,-11
997000100,53,1,52
997000141,0,280,-280
997000198,1,210,-209
998000475,0,2,-2
998000736,0,78,-78
998000965,0,8,-8
998001031,0,44,-44
998001700,0,14,-14
998001899,0,0,0
998001900,5,1,4
998003073,780,3,777
998101900,0,0,0
998102850,1,170,-169
998501927,329,876,-547
998501929,61,3,58
998501930,64,0,64
998501931,111,3,108
998501932,4,0,4
998501933,56,7,49
998501937,19,3,16
998501944,3,0,3
998501950,0,7,-7
998501970,99,3,96
998501971,0,29,-29
998501973,0,8,-8
998501974,0,77,-77
998501975,92,1,91
998501976,319,48,271
998501977,0,22,-22
998501978,4,0,4
998501979,0,3,-3
998501980,33,0,33
998501981,32,1,31
998501982,0,72,-72
998501983,0,0,0
998502006,0,1,-1
998502032,0,2,-2
998502062,13,0,13
998502063,0,0,0
998502173,21,0,21
998502269,0,1,-1
998502546,1,306,-305
998502578,0,1,-1
998502599,9,433,-424
998502621,0,0,0
998601159,2,39,-37
998601292,0,5,-5
999033574,1,188,-187
999800001,28,2,26
999800002,0,7,-7
999800003,0,1,-1
999800004,0,1,-1
999800005,0,28,-28
