ID,insum,outsum,diff
100000001,495,565,-70
100000002,2607,2516,91
100000003,4118,3738,380
100000004,731,728,3
100000005,1855,3749,-1894
100000006,481,155,326
100000007,1378,741,637
100000008,166,445,-279
100000009,445,285,160
100000010,86,88,-2
100000011,1154,170,984
100000012,119,1081,-962
100000013,76,300,-224
100000014,339,376,-37
100000015,1575,1915,-340
100000016,981,1272,-291
100000017,579,785,-206
100000018,1328,560,768
100000019,3241,1730,1511
100000020,1555,4515,-2960
100000021,3773,2062,1711
100000022,1180,1958,-778
100000023,3986,1285,2701
100000025,1013,1036,-23
100000028,1143,942,201
100000029,159,249,-90
100000030,186,40,146
100000031,2076,4329,-2253
100000032,1911,3008,-1097
100000033,832,1932,-1100
100000034,261,531,-270
100000035,1402,1340,62
100000036,1530,1221,309
100000037,698,389,309
100000038,1857,787,1070
100000039,444,174,270
100000040,152,140,12
100000041,1016,385,631
100000042,949,447,502
100000043,1044,489,555
100000044,429,828,-399
100000045,509,953,-444
100000046,535,652,-117
100000047,233,411,-178
100000048,291,438,-147
100000049,1282,1532,-250
100000051,465,763,-298
100000053,256,12,244
100000054,528,28,500
100000055,1488,255,1233
100000056,536,353,183
100000057,1613,508,1105
100000058,850,873,-23
100000059,5,89,-84
100000060,345,288,57
100000061,2082,385,1697
100000062,1646,483,1163
100000063,661,274,387
100000064,1178,296,882
100000065,364,572,-208
100000066,146,481,-335
100000067,376,598,-222
100000068,368,1290,-922
100000069,311,1199,-888
100000072,285,593,-308
100000073,802,821,-19
100000075,756,310,446
100000076,1499,2410,-911
100000077,312,194,118
100000078,27,22,5
100000079,29,48,-19
100000080,24,52,-28
100000081,104,156,-52
100000102,1973,1850,123
100000103,2173,1281,892
100000104,3374,2313,1061
100000105,2284,1338,946
100000106,1646,1862,-216
100000107,442,827,-385
100000108,515,706,-191
100000109,2022,1021,1001
100000116,1119,770,349
100000117,64,100,-36
100000118,1001,1087,-86
100000119,473,675,-202
100000121,232,360,-128
100000122,570,849,-279
100000123,1830,3182,-1352
100000124,3723,4705,-982
100000125,2684,1651,1033
100000126,555,291,264
100000127,1027,289,738
100000128,1329,2143,-814
100000129,358,322,36
100000130,399,393,6
100000131,1735,1927,-192
100000132,832,2172,-1340
100000133,3524,1750,1774
100000135,502,949,-447
100000139,356,415,-59
100000140,251,222,29
100000142,404,487,-83
100000143,1193,447,746
100000144,2629,776,1853
100000147,1047,2732,-1685
100000150,42,294,-252
100000151,811,1140,-329
100000153,165,331,-166
100000154,42,162,-120
100000155,26,32,-6
100000156,359,397,-38
100000157,79,107,-28
100000158,273,138,135
100000159,253,510,-257
100000165,1365,701,664
100000169,217,606,-389
100000174,519,612,-93
100000179,112,391,-279
100000180,862,1026,-164
100000181,677,192,485
100000188,71,206,-135
100000189,838,322,516
100000190,594,807,-213
100000191,607,523,84
100000192,40,81,-41
100000193,334,180,154
100000330,1151,762,389
100000355,217,382,-165
100000362,3893,2469,1424
100000363,3417,3800,-383
100000364,223,305,-82
100000365,4657,6117,-1460
100000366,5677,2616,3061
100000367,4728,5627,-899
100000368,2361,1173,1188
100000369,910,1609,-699
100000370,160,719,-559
100000376,88,128,-40
100000379,1831,1376,455
100000380,3511,3410,101
100000384,3974,4015,-41
100000385,3679,3558,121
100000386,6137,3709,2428
100000387,4230,4197,33
100000388,4833,4739,94
100000389,5045,4948,97
100000390,5718,5183,535
100000391,4546,5826,-1280
100000392,3294,3395,-101
100000393,2330,3906,-1576
100000394,6575,6802,-227
100000395,4581,3953,628
100000396,7044,3329,3715
100000397,4185,6017,-1832
100000398,8521,6716,1805
100000413,7,1,6
100000414,326,422,-96
100900002,4,21,-17
100900003,206,139,67
100900004,12,637,-625
100900005,73,18,55
100900006,16,64,-48
100900007,238,6,232
100900008,10,284,-274
100900009,63,117,-54
100900010,30,51,-21
100900011,101,126,-25
100900012,1,153,-152
100900013,524,5,519
100900014,0,3,-3
100900015,64,56,8
100900016,10,37,-27
100900017,556,38,518
100900018,1,14,-13
100900019,7,42,-35
100900020,284,10,274
100900021,317,2,315
100900022,7,19,-12
100900023,0,19,-19
100900024,485,6,479
100900025,5,6,-1
100900026,65,68,-3
100900027,381,1716,-1335
100900028,100,154,-54
100900029,37,3,34
100900030,2,87,-85
100900031,365,25,340
100900032,223,1,222
100900033,193,135,58
100900034,500,0,500
100900035,330,1,329
100900036,20,0,20
100900037,105,139,-34
100900038,95,29,66
100900039,290,409,-119
100900040,332,449,-117
100900041,516,512,4
100900042,1121,1280,-159
100900043,0,0,0
100900044,1032,284,748
100900045,7,2,5
100900046,801,12,789
100900047,396,88,308
100900048,143,24,119
100900049,27,107,-80
100900050,5,8,-3
100900051,27,50,-23
100900052,195,41,154
100900053,301,24,277
100900054,7,37,-30
100900055,165,475,-310
100900056,106,129,-23
100900057,1038,841,197
100900058,157,29,128
100900059,102,15,87
100900060,155,8,147
100900061,319,163,156
100900062,5,25,-20
100900063,191,475,-284
100900064,532,24,508
100900065,63,91,-28
100900066,122,139,-17
100900067,2,5,-3
100900068,48,45,3
100900069,256,12,244
100900070,342,3,339
100900071,584,170,414
100900072,3,27,-24
100900073,134,263,-129
100900074,0,2,-2
100900075,1290,239,1051
100900076,6,19,-13
100900077,21,36,-15
100900078,53,172,-119
100900079,7,25,-18
100900080,38,89,-51
100900081,14,81,-67
100900082,150,411,-261
100900083,8,26,-18
100900085,11,402,-391
100900086,89,351,-262
100900088,112,312,-200
100900089,5,16,-11
100900090,82,279,-197
100900091,0,14,-14
100900092,156,124,32
100900093,192,197,-5
100900094,120,311,-191
100900095,0,39,-39
100900096,24,96,-72
100900097,2,5,-3
100900098,20,24,-4
100900099,19,387,-368
100900100,2,378,-376
100900101,182,34,148
100900102,28,88,-60
100900103,5,12,-7
100900104,3,126,-123
100900105,26,435,-409
100900106,35,10,25
100900107,1173,603,570
100900108,8,29,-21
100900109,18,22,-4
100900110,0,0,0
100900111,39,131,-92
100900112,0,9,-9
100900113,14,18,-4
100900114,30,18,12
100900115,3,19,-16
100900116,583,402,181
100900117,191,630,-439
100900118,18,28,-10
100900119,9,14,-5
100900120,2,14,-12
100900121,220,305,-85
100900122,114,85,29
100900123,59,188,-129
100900124,6,5,1
100900125,19,52,-33
100900126,129,152,-23
100900127,4,4,0
100900128,66,111,-45
100900129,3,146,-143
100900131,52,222,-170
100900133,38,25,13
100900134,2,5,-3
100900135,0,131,-131
100900137,211,126,85
100900138,419,334,85
100900139,6,14,-8
100900140,1,324,-323
100900141,1,473,-472
100900142,5,4,1
100900143,594,260,334
100900144,10,1,9
100900145,71,167,-96
100900147,10,349,-339
100900148,44,375,-331
100900149,21,89,-68
100900151,95,334,-239
100900152,60,4,56
100900153,0,124,-124
100900154,325,204,121
100900155,17,8,9
100900156,12,4,8
100900157,7,108,-101
100900159,3,62,-59
100900160,7,3,4
100900161,42,5,37
100900162,14,258,-244
100900163,135,161,-26
100900164,22,44,-22
100900165,8,13,-5
100900166,10,2,8
100900167,10,43,-33
100900168,36,107,-71
100900169,92,772,-680
100900170,25,19,6
100900171,14,415,-401
100900172,0,29,-29
100900173,7,218,-211
100900174,279,43,236
100900176,1132,133,999
100900177,487,184,303
100900178,212,151,61
100900179,182,204,-22
100900180,3,7,-4
100900181,93,55,38
100900182,18,9,9
100900184,10,84,-74
100900186,388,315,73
100900187,10,77,-67
100900188,13,10,3
100900189,875,152,723
100900191,811,760,51
100900192,242,344,-102
100900195,85,103,-18
100900197,0,0,0
100900198,16,108,-92
100900199,0,0,0
100900200,513,283,230
100900201,49,418,-369
100900202,86,2,84
100900203,1,177,-176
100900204,146,479,-333
100900205,114,394,-280
100900206,116,57,59
100900207,181,118,63
100900210,50,308,-258
100900211,323,135,188
100900213,111,43,68
100900214,368,111,257
100900215,14,60,-46
100900217,144,78,66
101000001,2706,1699,1007
101000002,4002,3806,196
101000003,371,975,-604
101000004,5711,5135,576
101000005,2515,3388,-873
101000006,3931,4745,-814
101000007,1701,2411,-710
101000009,1645,1036,609
101000010,779,842,-63
101000011,885,359,526
101000012,1198,522,676
101000013,502,747,-245
101000014,349,476,-127
101000015,906,673,233
101000016,264,379,-115
101000017,416,416,0
101000018,2720,1801,919
101000020,2230,836,1394
101000021,825,414,411
101000022,95,44,51
101000023,1155,578,577
101000025,252,324,-72
101000026,269,20,249
101000027,1476,1858,-382
101000028,773,201,572
101000029,152,1378,-1226
101000030,1542,86,1456
101000031,667,541,126
101000032,6698,4148,2550
101000033,2114,2815,-701
101000034,1842,1339,503
101000035,694,201,493
101000036,1429,880,549
101000037,2479,1527,952
101000039,1770,1760,10
101000040,2615,3064,-449
101000041,7229,6619,610
101000042,341,902,-561
101000043,5683,5475,208
101000045,1359,947,412
101000046,2828,1332,1496
101000047,1662,2856,-1194
101000048,569,515,54
101000049,624,1561,-937
101000050,1254,1255,-1
101000051,1359,2109,-750
101000052,1310,767,543
101000053,909,1224,-315
101000054,1419,905,514
101000055,1096,935,161
101000056,58,85,-27
101000057,1605,908,697
101000058,904,872,32
101000059,1586,1794,-208
101000060,1533,492,1041
101000061,666,1156,-490
101000062,670,667,3
101000063,530,873,-343
101000064,854,915,-61
101000065,361,425,-64
101000066,967,810,157
101000067,1302,930,372
101000068,286,376,-90
101000069,301,62,239
101000070,1007,839,168
101000071,1731,806,925
101000072,591,2198,-1607
101000073,692,960,-268
101000074,4453,3007,1446
101000075,3469,4277,-808
101000077,1135,1021,114
101000078,657,1474,-817
101000079,626,393,233
101000080,421,445,-24
101000081,1569,1315,254
101000082,2832,2379,453
101000083,2207,2102,105
101000084,1075,658,417
101000085,1285,1025,260
101000086,1049,1003,46
101000087,777,802,-25
101000088,994,914,80
101000089,790,1269,-479
101000090,1493,989,504
101000091,376,570,-194
101000092,786,779,7
101000093,1108,674,434
101000094,849,765,84
101000095,429,445,-16
101000096,281,461,-180
101000097,406,341,65
101000098,281,383,-102
101000099,888,776,112
101000100,621,646,-25
101000101,315,338,-23
101000102,670,426,244
101000103,691,391,300
101000104,275,485,-210
101000105,432,377,55
101000106,611,643,-32
101000107,224,324,-100
101000108,662,223,439
101000109,352,71,281
101000110,42,313,-271
101000111,98,145,-47
101000113,152,566,-414
101000114,6706,5590,1116
101000115,140,145,-5
101000116,154,128,26
101000117,1284,243,1041
101000119,34,41,-7
101000120,80,39,41
101000121,74,49,25
101000122,156,84,72
101000123,54,109,-55
101000124,475,201,274
101000125,228,380,-152
101000128,298,334,-36
101000130,155,243,-88
101000131,641,405,236
101000132,537,687,-150
101000135,52,36,16
101000136,414,139,275
101000137,29,240,-211
101000141,1036,2375,-1339
101000147,779,371,408
101000148,934,13,921
101000149,275,408,-133
101000150,108,511,-403
101000151,183,51,132
101000152,249,296,-47
101000153,472,227,245
101000154,266,696,-430
101000155,239,90,149
101000156,21,251,-230
101000157,27,12,15
101000160,90,96,-6
101000163,189,297,-108
101000164,351,277,74
101000165,160,317,-157
101000166,217,255,-38
101000168,748,356,392
101000252,1700,805,895
101000254,337,83,254
101000258,29,3,26
101000261,100,44,56
101000262,888,1884,-996
101000263,196,655,-459
101000265,78,576,-498
101000266,361,270,91
101000269,26,11,15
101000290,732,1735,-1003
101000293,27,57,-30
101000294,532,332,200
101000295,106,310,-204
101000301,562,387,175
101000304,1338,1970,-632
101000305,2220,1087,1133
101000328,128,307,-179
101900001,21,58,-37
101900002,0,14,-14
101900003,46,46,0
101900004,5,79,-74
101900005,2477,1823,654
101900006,876,404,472
101900007,654,151,503
101900008,55,265,-210
101900009,27,264,-237
101900010,653,537,116
101900011,130,748,-618
101900012,156,133,23
101900013,639,148,491
101900017,20,117,-97
101900018,879,148,731
101900019,213,142,71
101900020,31,29,2
101900021,0,37,-37
101900022,93,578,-485
101900023,80,135,-55
101900026,91,25,66
101900027,18,117,-99
102000001,1900,3471,-1571
102000002,1932,874,1058
102000003,2516,5762,-3246
102000004,4685,2424,2261
102000005,931,1508,-577
102000006,1107,1460,-353
102000007,1229,3678,-2449
102000008,2944,1140,1804
102000009,4610,6097,-1487
102000010,3932,2505,1427
102000011,2491,1871,620
102000012,2691,2340,351
102000018,2328,2012,316
102000019,1681,1129,552
102000026,148,369,-221
102000029,283,212,71
102000030,92,259,-167
102000031,71,144,-73
102000032,363,233,130
102000033,232,288,-56
102000034,346,279,67
102000035,616,502,114
102000036,19,179,-160
102000037,104,46,58
102000038,169,245,-76
102000039,181,59,122
102000040,340,206,134
102000041,114,330,-216
102000042,135,258,-123
102000043,264,204,60
102000044,282,319,-37
102000045,708,663,45
102000046,845,529,316
102000047,651,870,-219
102000048,256,531,-275
102000049,755,563,192
102000050,790,969,-179
102000051,335,555,-220
102000052,919,595,324
102000053,707,791,-84
102000054,680,883,-203
102000055,985,485,500
102000056,817,838,-21
102000057,1133,463,670
102000058,893,1140,-247
102000059,1193,1107,86
102000060,919,811,108
102000061,1285,1402,-117
102000062,1426,845,581
102000063,794,945,-151
102000064,498,601,-103
102000065,54,101,-47
102000066,836,727,109
102000067,1565,2310,-745
102000068,6606,2323,4283
102000069,110,1665,-1555
102000070,1330,59,1271
102000071,5858,6838,-980
102000072,2274,2981,-707
102000073,620,540,80
102000074,583,728,-145
102000075,105,278,-173
102000076,192,405,-213
102000077,519,744,-225
102000078,867,749,118
102000079,131,148,-17
102000080,247,202,45
102000081,314,648,-334
102000082,540,292,248
102000083,507,248,259
102000084,256,241,15
102000085,1229,851,378
102000086,846,716,130
102000087,634,1207,-573
102000088,290,232,58
102000089,946,302,644
102000090,359,878,-519
102000091,1085,394,691
102000092,304,511,-207
102000093,653,690,-37
102000094,839,552,287
102000095,926,832,94
102000096,545,613,-68
102000097,729,573,156
102000098,502,586,-84
102000099,703,662,41
102000100,736,1329,-593
102000101,948,844,104
102000102,263,1161,-898
102000103,898,403,495
102000104,482,236,246
102000105,225,380,-155
102000106,736,437,299
102000107,1186,379,807
102000108,600,167,433
102000109,403,442,-39
102000110,905,923,-18
102000111,12,267,-255
102000112,134,95,39
102000113,26,43,-17
102000114,625,290,335
102000115,198,284,-86
102000116,333,315,18
102000117,154,341,-187
102000118,950,902,48
102000119,1234,592,642
102000120,183,372,-189
102000121,738,380,358
102000122,523,774,-251
102000123,930,748,182
102000124,865,981,-116
102000125,692,636,56
102000126,490,598,-108
102000127,941,560,381
102000128,587,774,-187
102000129,1152,668,484
102000130,629,575,54
102000131,1074,478,596
102000132,361,438,-77
102000133,1640,1354,286
102000134,642,517,125
102000135,532,577,-45
102000136,629,425,204
102000137,619,499,120
102000138,182,257,-75
102000139,66,292,-226
102000140,216,236,-20
102000141,118,305,-187
102000142,245,287,-42
102000143,173,329,-156
102000144,338,265,73
102000145,279,353,-74
102000146,338,240,98
102000147,336,331,5
102000148,145,346,-201
102000149,107,237,-130
102000150,308,85,223
102000151,75,214,-139
102000152,169,133,36
102000153,1030,477,553
102000154,235,516,-281
102000155,97,297,-200
102000156,231,127,104
102000157,142,330,-188
102000158,475,395,80
102000159,690,385,305
102000161,2808,1655,1153
102000162,162,157,5
102000163,104,536,-432
102000164,771,898,-127
102000165,363,159,204
102000166,102,161,-59
102000167,236,211,25
102000168,275,157,118
102000169,85,344,-259
102000170,357,176,181
102000171,136,205,-69
102000172,160,327,-167
102000173,368,236,132
102000174,58,57,1
102000175,92,61,31
102000176,43,28,15
102000178,249,345,-96
102000179,302,224,78
102000180,761,338,423
102000181,656,422,234
102000182,556,424,132
102000183,1442,1221,221
102000184,1587,626,961
102000185,2211,1060,1151
102000186,1039,1365,-326
102000187,680,1092,-412
102000188,849,933,-84
102000189,1708,628,1080
102000190,590,1904,-1314
102000191,804,348,456
102000192,936,1084,-148
102000193,43,112,-69
102000194,43,99,-56
102000195,373,332,41
102000196,204,241,-37
102000197,709,279,430
102000198,184,664,-480
102000199,811,221,590
102000200,304,855,-551
102000201,913,293,620
102000202,10,74,-64
102000203,400,182,218
102000204,441,561,-120
102000205,859,314,545
102000206,604,405,199
102000207,476,349,127
102000208,289,333,-44
102000209,78,43,35
102000210,491,329,162
102000211,259,174,85
102000212,229,24,205
102000213,10,231,-221
102000214,202,12,190
102000215,7,278,-271
102000216,43,61,-18
102000217,7,93,-86
102000218,274,168,106
102000219,355,224,131
102000225,460,503,-43
102000226,2249,1120,1129
102000227,167,1,166
102000228,0,89,-89
102000229,35,43,-8
102000230,241,338,-97
102000231,222,324,-102
102000232,27,109,-82
102000233,272,472,-200
102000234,92,832,-740
102000236,204,59,145
102000237,391,106,285
102000238,172,167,5
102000240,451,536,-85
102000241,140,99,41
102000243,21,66,-45
102000245,19,91,-72
102000246,13,33,-20
102000247,759,729,30
102000248,478,996,-518
102000249,146,118,28
102000250,83,356,-273
102000254,107,179,-72
102000266,25,216,-191
102000271,21,2,19
102000286,288,267,21
102000297,1383,771,612
102000307,0,4,-4
102000316,402,316,86
102900001,959,700,259
102900002,361,41,320
102900003,79,187,-108
102900005,390,271,119
102900006,484,125,359
102900007,344,19,325
102900008,174,40,134
102900009,339,214,125
102900010,359,674,-315
102900011,1355,217,1138
102900012,343,56,287
102900013,28,62,-34
102900015,562,478,84
102900016,45,66,-21
102900017,131,366,-235
102900018,31,96,-65
102900019,284,319,-35
102900020,132,21,111
102900021,26,90,-64
102900022,557,182,375
102900023,21,41,-20
102900024,42,36,6
102900025,150,73,77
102900026,279,1424,-1145
102900027,57,60,-3
102900028,118,596,-478
102900029,155,157,-2
102900030,248,269,-21
102900031,170,128,42
102900032,89,67,22
102900033,90,114,-24
102900034,377,76,301
102900035,108,228,-120
102900036,243,378,-135
102900037,308,359,-51
102900038,324,321,3
102900039,15,328,-313
102900040,85,199,-114
102900041,81,161,-80
102900042,142,270,-128
102900043,85,154,-69
102900044,379,1443,-1064
102900045,97,496,-399
102900046,105,192,-87
102900047,82,439,-357
102900048,468,423,45
102900049,125,301,-176
102900050,186,210,-24
102900051,182,122,60
102900053,366,393,-27
102900054,452,739,-287
102900055,78,121,-43
102900056,91,267,-176
102900057,5,54,-49
102900058,277,46,231
102900059,15,42,-27
102900060,105,370,-265
102900061,137,302,-165
102900062,163,607,-444
102900063,940,299,641
102900064,89,305,-216
102900065,948,196,752
102900066,269,26,243
102900068,78,57,21
102900070,139,373,-234
102900072,9,38,-29
102900073,158,8,150
102900075,25,60,-35
102900076,137,98,39
102900077,46,34,12
102900078,29,64,-35
102900079,163,7,156
102900080,323,49,274
102900081,86,260,-174
102900082,8,156,-148
102900083,162,20,142
102900084,5,23,-18
102900085,282,87,195
102900086,13,38,-25
102900087,96,76,20
102900088,35,22,13
102900089,188,83,105
102900090,4,175,-171
102900091,107,5,102
102900092,197,556,-359
102900094,3,90,-87
102900095,113,0,113
102900096,53,24,29
102900097,2,71,-69
103000001,1890,2018,-128
103000002,1684,1850,-166
103000003,2596,2120,476
103000004,726,649,77
103000005,1361,2283,-922
103000006,613,1135,-522
103000007,276,463,-187
103000008,736,501,235
103000009,877,863,14
103000010,194,120,74
103000011,1157,1039,118
103000012,1129,1158,-29
103000013,3030,1714,1316
103000014,1133,1993,-860
103000015,1166,524,642
103000016,435,1102,-667
103000017,185,324,-139
103000018,515,217,298
103000019,278,240,38
103000020,2299,1202,1097
103000021,1651,1704,-53
103000022,687,878,-191
103000023,541,1470,-929
103000024,84,110,-26
103000025,75,519,-444
103000026,649,136,513
103000027,277,441,-164
103000028,244,324,-80
103000029,202,256,-54
103000030,1089,789,300
103000031,898,1290,-392
103000032,1694,1391,303
103000033,2109,2121,-12
103000034,1218,867,351
103000035,367,1202,-835
103000036,347,431,-84
103000037,382,372,10
103000038,371,836,-465
103000039,319,280,39
103000040,380,699,-319
103000041,1360,1640,-280
103000042,1002,379,623
103000043,529,640,-111
103000044,226,152,74
103000046,275,392,-117
103000047,599,498,101
103000048,145,175,-30
103000049,90,102,-12
103000050,603,333,270
103000051,378,385,-7
103000052,717,313,404
103000053,128,580,-452
103000054,2454,1115,1339
103000055,1599,1879,-280
103000056,593,1033,-440
103000057,557,191,366
103000058,595,608,-13
103000059,448,577,-129
103000060,736,526,210
103000061,308,854,-546
103000062,930,432,498
103000063,668,706,-38
103000064,146,127,19
103000065,6,307,-301
103000066,220,6,214
103000069,345,256,89
103000070,892,566,326
103000071,931,478,453
103000072,76,485,-409
103000073,460,103,357
103000074,480,74,406
103000075,123,485,-362
103000076,228,230,-2
103000077,43,239,-196
103000078,702,481,221
103000079,555,502,53
103000080,770,245,525
103000081,416,946,-530
103000082,382,164,218
103000083,77,245,-168
103000084,114,5,109
103000085,3,106,-103
103000086,507,349,158
103000087,128,410,-282
103000088,265,285,-20
103000089,252,331,-79
103000090,1609,706,903
103000091,497,430,67
103000092,237,195,42
103000093,260,320,-60
103000094,142,80,62
103000095,77,311,-234
103000096,498,52,446
103000097,82,582,-500
103000098,586,138,448
103000099,241,560,-319
103000100,77,491,-414
103000101,696,107,589
103000102,73,376,-303
103000103,588,152,436
103000104,54,60,-6
103000105,88,94,-6
103000106,7,69,-62
103000107,185,43,142
103000108,838,663,175
103000109,367,378,-11
103000110,403,381,22
103000111,398,375,23
103000112,240,136,104
103000113,552,592,-40
103000114,1267,362,905
103000115,531,459,72
103000116,483,358,125
103000117,338,368,-30
103000118,509,450,59
103000119,749,385,364
103000120,46,81,-35
103000121,247,550,-303
103000122,402,583,-181
103000125,3,159,-156
103000126,531,5,526
103000127,7,117,-110
103000128,165,2,163
103000129,2,88,-86
103000130,41,51,-10
103000131,116,67,49
103000132,56,136,-80
103000133,12,81,-69
103000134,410,571,-161
103000135,434,267,167
103000136,527,385,142
103000137,407,483,-76
103000138,607,597,10
103000139,5,48,-43
103000140,123,32,91
103000141,71,120,-49
103000142,107,56,51
103000143,41,115,-74
103000144,115,43,72
103000145,35,112,-77
103000150,92,44,48
103000152,241,205,36
103000153,174,123,51
103000156,2,217,-215
103000157,393,3,390
103000159,103,18,85
103000162,56,26,30
103000163,15,27,-12
103000164,24,15,9
103000165,66,172,-106
103000166,163,254,-91
103000167,163,102,61
103000168,84,163,-79
103000169,211,349,-138
103000170,790,272,518
103000171,54,72,-18
103000172,390,270,120
103000173,463,341,122
103000174,161,336,-175
103000175,298,162,136
103000176,630,538,92
103000177,407,312,95
103000178,132,222,-90
103000179,182,52,130
103000183,91,12,79
103000185,98,44,54
103000186,100,164,-64
103000187,409,250,159
103000188,10,51,-41
103000189,761,776,-15
103000191,370,352,18
103000292,1547,1421,126
103000293,637,1679,-1042
103000295,102,91,11
103000296,261,4,257
103000297,7,15,-8
103000504,0,6,-6
103000505,5,11,-6
103000506,0,184,-184
103000507,158,7,151
103000508,37,31,6
103000509,248,472,-224
103000514,17,0,17
103900001,1,121,-120
103900002,659,109,550
103900003,543,19,524
103900004,99,2,97
103900005,1,150,-149
103900006,1,0,1
103900007,49,6,43
103900008,20,2,18
103900009,148,405,-257
103900010,100,270,-170
103900011,261,120,141
103900012,12,20,-8
103900013,39,44,-5
103900014,48,7,41
103900015,48,8,40
103900016,217,134,83
103900017,24,87,-63
103900018,469,175,294
103900019,96,322,-226
103900020,172,415,-243
103900021,287,29,258
103900022,777,412,365
103900023,133,2,131
103900024,80,242,-162
103900025,16,20,-4
103900026,66,0,66
103900027,639,190,449
103900028,11,225,-214
103900029,973,152,821
103900030,283,64,219
103900031,26,6,20
103900032,93,73,20
103900033,103,19,84
103900034,20,85,-65
103900035,76,41,35
103900036,30,38,-8
103900037,71,69,2
103900038,116,193,-77
103900039,70,256,-186
103900040,12,85,-73
103900041,41,53,-12
103900042,62,272,-210
103900043,155,36,119
103900044,73,192,-119
103900045,241,130,111
103900047,64,22,42
103900048,33,26,7
103900049,152,903,-751
103900050,11,86,-75
103900051,1,50,-49
103900052,180,262,-82
103900053,223,383,-160
103900054,107,201,-94
103900055,350,169,181
103900056,46,34,12
103900057,26,106,-80
103900058,190,446,-256
103900059,0,19,-19
103900060,25,139,-114
103900061,169,43,126
103900062,187,50,137
103900063,7,0,7
103900064,122,4,118
103900065,550,347,203
103900066,142,25,117
103900067,177,7,170
103900068,10,0,10
103900069,71,25,46
103900070,128,145,-17
103900071,14,93,-79
103900072,9,123,-114
103900073,30,36,-6
103900074,61,51,10
103900075,160,47,113
103900076,506,377,129
103900077,55,82,-27
103900078,202,76,126
103900079,117,162,-45
103900080,8,28,-20
103900081,86,39,47
103900082,8,138,-130
103900083,1257,867,390
103900084,49,90,-41
103900085,63,115,-52
103900086,573,230,343
103900088,246,450,-204
103900089,33,108,-75
103900090,1,98,-97
103900091,891,217,674
103900092,516,279,237
103900093,69,244,-175
103900094,9,80,-71
103900095,200,148,52
103900096,25,120,-95
103900097,4,278,-274
103900098,179,75,104
103900099,38,93,-55
103900100,172,264,-92
103900101,63,788,-725
103900102,4,22,-18
103900104,1,29,-28
103900105,102,142,-40
103900106,2,66,-64
103900107,116,112,4
103900108,73,241,-168
103900109,137,60,77
103900110,140,38,102
103900111,83,407,-324
103900112,51,77,-26
103900113,86,196,-110
103900114,309,223,86
103900115,215,164,51
103900116,3390,2330,1060
103900117,110,40,70
103900119,38,88,-50
103900120,58,66,-8
103900122,110,157,-47
103900123,1022,511,511
103900124,45,272,-227
103900125,80,67,13
103900126,373,217,156
103900127,138,322,-184
103900128,119,118,1
103900131,18,86,-68
103900133,710,25,685
103900134,1,4,-3
103900135,0,5,-5
103900137,1,20,-19
103900138,119,180,-61
103900139,499,1435,-936
103900140,14,120,-106
103900141,187,32,155
103900142,174,114,60
103900143,63,1,62
103900144,1,26,-25
103900145,118,204,-86
103900146,251,160,91
103900147,221,91,130
103900148,181,229,-48
103900149,342,437,-95
103900150,3978,2862,1116
103900151,45,134,-89
103900152,432,248,184
103900153,5,10,-5
103900154,423,1377,-954
103900155,41,168,-127
103900156,62,120,-58
103900157,16,79,-63
103900158,82,92,-10
103900159,153,55,98
103900160,43,47,-4
103900161,94,114,-20
103900162,46,138,-92
103900163,3,295,-292
103900167,13,78,-65
103900168,86,64,22
103900169,38,51,-13
103900170,1,51,-50
103900171,0,21,-21
103900172,5,19,-14
103900173,10,18,-8
103900174,146,51,95
103900175,32,50,-18
103900176,15,30,-15
103900177,9,73,-64
103900178,55,38,17
103900179,56,73,-17
103900180,13,42,-29
103900181,29,19,10
103900182,22,13,9
103900184,348,69,279
103900185,92,289,-197
103900187,23,42,-19
103900188,48,21,27
103900189,111,5,106
103900190,65,59,6
103900191,23,38,-15
103900192,28,79,-51
103900193,69,118,-49
103900194,48,134,-86
103900195,0,101,-101
103900196,21,29,-8
103900197,7,31,-24
103900198,17,26,-9
103900199,94,37,57
103900200,145,72,73
103900201,88,129,-41
103900202,4,43,-39
103900203,31,17,14
103900204,6,71,-65
103900207,0,63,-63
103900208,69,1,68
103900209,7,52,-45
103900210,29,27,2
103900211,408,238,170
103900212,85,238,-153
103900213,63,171,-108
103900214,222,161,61
103900215,294,290,4
103900216,8,214,-206
103900217,306,14,292
103900218,31,234,-203
103900219,150,163,-13
103900233,9,0,9
103900235,20,7,13
103900236,21,4,17
103900242,3,24,-21
103900243,3,12,-9
103900244,69,145,-76
103900245,63,111,-48
103900246,28,19,9
103900247,8,60,-52
103900248,10,64,-54
103900249,28,81,-53
103900250,39,33,6
103900251,7,40,-33
103900253,20,77,-57
103900254,3,13,-10
103900255,5,19,-14
103900256,18,8,10
103900257,118,96,22
103900258,30,2,28
103900259,60,6,54
103900261,4,2,2
103900262,12,1,11
103900263,21,39,-18
103900264,57,49,8
103900265,59,7,52
103900266,5,82,-77
103900267,3,54,-51
103900268,7,50,-43
103900269,126,44,82
103900270,50,90,-40
103900271,6,45,-39
103900272,53,68,-15
103900273,28,34,-6
103900274,93,1,92
103900275,21,2,19
103900276,3,43,-40
103900277,2,45,-43
103900278,6,28,-22
103900279,0,21,-21
103900280,4,48,-44
103900281,201,233,-32
103900282,9,31,-22
103900283,55,24,31
103900284,11,8,3
103900285,9,80,-71
103900286,21,162,-141
103900287,1,50,-49
103900288,55,89,-34
103900289,19,0,19
103900290,53,35,18
103900291,39,0,39
103900292,7,4,3
103900293,8,15,-7
103900294,12,9,3
104000001,1840,1321,519
104000002,1164,1890,-726
104000003,1808,1596,212
104000004,2078,2038,40
104000005,1235,1460,-225
104000006,2479,2141,338
104000007,3622,3343,279
104000008,162,197,-35
104000009,211,99,112
104000010,140,210,-70
104000011,310,224,86
104000012,118,246,-128
104000013,181,124,57
104000014,156,554,-398
104000015,292,119,173
104000016,480,271,209
104000018,663,127,536
104000019,523,167,356
104000020,120,440,-320
104000021,231,448,-217
104000022,118,226,-108
104000023,645,287,358
104000024,225,299,-74
104000026,44,253,-209
104000027,168,202,-34
104000028,293,192,101
104000029,276,248,28
104000030,251,166,85
104000031,976,343,633
104000032,171,189,-18
104000033,525,448,77
104000034,281,183,98
104000035,718,324,394
104000036,576,372,204
104000037,258,181,77
104000038,427,428,-1
104000039,140,185,-45
104000040,207,245,-38
104000041,723,279,444
104000042,204,267,-63
104000043,208,305,-97
104000044,210,449,-239
104000045,739,736,3
104000046,835,1065,-230
104000047,576,799,-223
104000048,787,1005,-218
104000049,371,199,172
104000050,169,434,-265
104000051,96,486,-390
104000052,1738,1693,45
104000053,793,373,420
104000054,294,251,43
104000055,2727,1606,1121
104000056,832,254,578
104000057,213,487,-274
104000058,711,588,123
104000059,388,789,-401
104000060,813,982,-169
104000061,973,752,221
104000062,432,131,301
104000064,483,223,260
104000065,194,534,-340
104000069,728,915,-187
104000070,61,393,-332
104000071,243,397,-154
104000072,572,233,339
104000075,44,226,-182
104000076,330,55,275
104000082,1619,2385,-766
104000083,755,142,613
104000084,79,471,-392
104000085,289,207,82
104000086,131,349,-218
104000087,326,1410,-1084
104000090,677,900,-223
104000092,970,1479,-509
104000094,555,976,-421
104000095,1453,1091,362
104000096,1129,148,981
104000097,1373,571,802
104000098,1733,667,1066
104000100,1296,477,819
104000101,961,1155,-194
104000106,77,476,-399
104000107,547,333,214
104000108,223,390,-167
104000109,247,61,186
104000110,629,700,-71
104000111,2130,1519,611
104000112,1466,409,1057
104000116,0,674,-674
104000117,155,405,-250
104000118,412,163,249
104000119,429,222,207
104000120,186,453,-267
104000121,200,543,-343
104000122,563,684,-121
104000123,510,694,-184
104000124,691,1354,-663
104000125,2210,3296,-1086
104000126,305,290,15
104000127,1084,2035,-951
104000128,418,300,118
104000129,288,34,254
104000130,7,190,-183
104000131,532,346,186
104000132,516,507,9
104000133,1159,700,459
104000134,681,1097,-416
104000135,345,1375,-1030
104000136,552,3007,-2455
104000137,1116,260,856
104000138,572,197,375
104000139,4174,2034,2140
104000141,813,907,-94
104000142,430,517,-87
104000143,502,419,83
104000144,81,146,-65
104000145,325,207,118
104000146,280,390,-110
104000147,121,220,-99
104000148,278,118,160
104000149,164,174,-10
104000150,667,375,292
104000151,254,278,-24
104000152,515,323,192
104000153,531,410,121
104000154,720,353,367
104000155,416,472,-56
104000157,783,984,-201
104000158,266,348,-82
104000159,661,396,265
104000160,1383,1505,-122
104000161,155,157,-2
104000162,59,113,-54
104000165,873,740,133
104000167,536,807,-271
104000168,351,10,341
104000169,85,20,65
104000170,349,466,-117
104000248,153,436,-283
104000251,37,149,-112
104000272,0,0,0
104000273,0,0,0
104000274,0,0,0
104000275,0,0,0
104000279,2241,1662,579
104000290,94,204,-110
104000291,519,830,-311
104000293,646,653,-7
104000294,36,11,25
104000295,505,517,-12
104000296,248,516,-268
104000297,782,1322,-540
104000298,1570,674,896
104000299,586,1079,-493
104000302,101,106,-5
104000303,169,135,34
104900001,119,214,-95
104900002,44,124,-80
104900003,46,180,-134
104900004,59,139,-80
104900005,204,134,70
104900006,190,56,134
104900007,228,155,73
104900009,93,194,-101
104900010,55,34,21
104900011,3,7,-4
104900012,215,26,189
104900013,79,19,60
104900014,1430,176,1254
104900015,61,9,52
104900016,173,122,51
104900017,161,109,52
104900018,6,121,-115
104900019,198,1866,-1668
104900020,44,165,-121
104900021,1,106,-105
104900022,4,241,-237
104900023,0,43,-43
104900024,17,151,-134
104900025,62,171,-109
104900026,1,47,-46
104900027,317,220,97
104900028,22,77,-55
104900029,27,40,-13
104900030,385,158,227
104900031,49,194,-145
104900032,43,70,-27
104900033,130,192,-62
104900034,222,80,142
104900035,231,118,113
104900036,167,51,116
104900037,109,135,-26
104900038,249,567,-318
104900039,379,281,98
104900040,336,82,254
104900041,187,132,55
104900042,85,175,-90
104900043,15,141,-126
104900044,463,99,364
104900045,339,46,293
104900046,139,72,67
104900047,215,67,148
104900048,171,38,133
104900049,37,42,-5
104900050,245,62,183
104900051,205,24,181
104900052,69,0,69
104900053,331,78,253
104900054,108,30,78
104900055,93,0,93
104900056,118,13,105
104900057,28,1,27
104900058,506,210,296
104900059,199,92,107
104900061,138,333,-195
104900063,14,93,-79
104900064,0,44,-44
104900065,0,101,-101
104900066,2,76,-74
104900067,2,205,-203
104900068,12,156,-144
104900070,119,179,-60
104900071,1,318,-317
104900072,27,196,-169
104900073,59,96,-37
104900074,33,138,-105
104900075,43,31,12
104900076,52,186,-134
104900077,488,176,312
104900078,174,331,-157
104900079,78,307,-229
104900080,58,351,-293
104900082,12,349,-337
104900085,0,114,-114
104900089,166,0,166
104900091,465,373,92
104900093,166,352,-186
104900097,1554,1520,34
104900098,74,46,28
104900099,59,345,-286
104900100,270,160,110
104900102,28,87,-59
104900103,353,37,316
104900106,61,77,-16
104900107,136,110,26
104900108,37,134,-97
104900109,65,157,-92
104900110,4,45,-41
104900111,70,61,9
104900112,173,427,-254
104900113,532,246,286
104900114,269,268,1
104900115,525,278,247
104900116,127,152,-25
104900118,13,34,-21
104900119,1,37,-36
104900120,33,193,-160
104900121,0,52,-52
104900122,5,32,-27
104900123,62,14,48
104900124,46,0,46
104900125,294,77,217
104900126,59,18,41
104900127,19,61,-42
104900128,67,77,-10
104900129,1032,1357,-325
105000001,2008,1185,823
105000002,1941,1193,748
105000003,2692,2415,277
105000004,483,694,-211
105000005,565,861,-296
105000006,1021,1348,-327
105000007,961,1199,-238
105000008,1398,2634,-1236
105000009,1902,2382,-480
105000010,2256,1562,694
105000011,2549,2184,365
105000012,2711,2299,412
105000013,750,902,-152
105000014,1375,2239,-864
105000015,7558,11332,-3774
105000016,2346,1601,745
105000017,1410,603,807
105000018,877,1079,-202
105000019,945,650,295
105000020,180,382,-202
105000021,179,88,91
105000022,235,86,149
105000023,481,336,145
105000028,107,106,1
105000029,395,1117,-722
105000030,3067,2059,1008
105000031,1,21,-20
105000033,843,1409,-566
105000034,113,729,-616
105000037,464,182,282
105000038,1378,1494,-116
105000039,1652,1231,421
105000040,741,916,-175
105000041,443,856,-413
105000042,2289,1387,902
105000043,1251,1411,-160
105000044,426,362,64
105000045,306,531,-225
105000046,992,291,701
105000047,467,934,-467
105000048,570,188,382
105000049,210,381,-171
105000050,608,345,263
105000051,156,294,-138
105000052,472,649,-177
105000053,122,95,27
105000054,328,633,-305
105000055,586,285,301
105000056,946,1440,-494
105000057,1042,598,444
105000058,1065,918,147
105000059,656,459,197
105000060,417,485,-68
105000061,443,492,-49
105000062,529,543,-14
105000063,306,343,-37
105000064,1166,557,609
105000065,330,393,-63
105000066,864,889,-25
105000067,1070,617,453
105000068,375,632,-257
105000069,1338,1323,15
105000070,409,797,-388
105000071,189,627,-438
105000072,969,1684,-715
105000073,659,514,145
105000074,904,562,342
105000075,351,688,-337
105000076,900,742,158
105000077,2223,839,1384
105000078,964,1071,-107
105000079,1166,3102,-1936
105000080,1270,1110,160
105000081,3630,1257,2373
105000082,898,1856,-958
105000083,4605,3782,823
105000084,537,614,-77
105000085,1286,1872,-586
105000086,569,645,-76
105000087,996,1287,-291
105000088,1122,1358,-236
105000089,2050,1544,506
105000090,854,615,239
105000091,1046,1111,-65
105000092,572,575,-3
105000093,234,211,23
105000094,203,194,9
105000095,113,361,-248
105000096,963,800,163
105000097,706,676,30
105000098,668,489,179
105000099,660,536,124
105000100,1063,878,185
105000101,1524,1354,170
105000102,1052,980,72
105000103,1039,1530,-491
105000104,1533,702,831
105000105,815,1406,-591
105000106,1007,1251,-244
105000107,1124,661,463
105000108,1251,1062,189
105000109,1188,1118,70
105000110,726,403,323
105000111,660,577,83
105000112,1040,480,560
105000113,398,571,-173
105000114,1760,850,910
105000115,282,970,-688
105000116,604,426,178
105000117,820,702,118
105000118,394,302,92
105000119,390,656,-266
105000120,769,456,313
105000121,657,757,-100
105000122,366,548,-182
105000123,842,912,-70
105000124,1553,590,963
105000125,618,1156,-538
105000126,1697,1386,311
105000127,1886,1413,473
105000128,478,729,-251
105000129,671,295,376
105000130,344,2654,-2310
105000131,626,296,330
105000132,658,541,117
105000133,438,678,-240
105000134,579,484,95
105000135,404,386,18
105000136,149,302,-153
105000137,418,162,256
105000138,196,322,-126
105000139,834,694,140
105000140,426,371,55
105000141,259,396,-137
105000142,211,380,-169
105000143,187,469,-282
105000144,229,700,-471
105000145,511,297,214
105000146,323,774,-451
105000147,557,279,278
105000148,1022,520,502
105000149,1818,1649,169
105000150,1464,1203,261
105000151,339,293,46
105000152,209,374,-165
105000153,465,543,-78
105000154,565,384,181
105000155,281,730,-449
105000156,667,501,166
105000157,654,1098,-444
105000158,1386,611,775
105000159,254,700,-446
105000160,1445,473,972
105000161,497,697,-200
105000162,489,1260,-771
105000163,884,589,295
105000164,258,171,87
105000165,612,3708,-3096
105000166,3434,697,2737
105000167,1250,1053,197
105000168,367,440,-73
105000169,519,255,264
105000170,164,919,-755
105000171,770,158,612
105000172,155,21,134
105000173,156,25,131
105000174,56,21,35
105000175,38,92,-54
105000176,274,89,185
105000177,260,134,126
105000178,110,353,-243
105000179,346,103,243
105000180,109,94,15
105000181,107,183,-76
105000182,62,29,33
105000183,1724,1674,50
105000184,1174,759,415
105000185,972,1014,-42
105000186,507,781,-274
105000187,595,161,434
105000188,192,114,78
105000189,127,384,-257
105000190,220,244,-24
105000191,301,301,0
105000192,253,64,189
105000193,69,112,-43
105000194,422,130,292
105000195,198,467,-269
105000196,67,280,-213
105000197,235,392,-157
105000198,582,251,331
105000199,338,603,-265
105000200,103,223,-120
105000201,68,33,35
105000203,14,192,-178
105000204,71,57,14
105000205,93,188,-95
105000207,288,170,118
105000208,178,416,-238
105000209,210,232,-22
105000211,230,14,216
105000212,929,764,165
105000213,137,118,19
105000214,98,164,-66
105000215,272,195,77
105000216,142,228,-86
105000217,110,188,-78
105000218,1035,996,39
105000221,121,109,12
105000222,454,132,322
105000223,250,156,94
105000226,106,146,-40
105000227,77,107,-30
105000228,206,1481,-1275
105000229,143,427,-284
105000231,306,269,37
105000233,841,611,230
105000234,421,941,-520
105000235,324,455,-131
105000237,587,77,510
105000243,14,32,-18
105000248,68,60,8
105000262,266,780,-514
105000269,71,183,-112
105000270,335,34,301
105000271,0,172,-172
105000282,46,32,14
105000287,328,90,238
105000288,355,302,53
105000289,2852,1846,1006
105000290,21,14,7
105000402,2469,2858,-389
105000426,438,475,-37
105000438,3977,1684,2293
105000440,47,27,20
105000446,7883,4331,3552
105000447,4998,1897,3101
105000454,378,469,-91
105000455,224,101,123
105000474,26,0,26
105000477,261,451,-190
105000478,1359,3532,-2173
105000479,98,88,10
105000480,9369,6735,2634
105000481,4373,2770,1603
105000482,4060,7022,-2962
105000483,1332,1581,-249
105000484,1743,2738,-995
105000485,1241,2748,-1507
105000486,2763,1774,989
105000488,9583,4469,5114
105000489,671,636,35
105000549,121,125,-4
105000550,461,1293,-832
105000551,30,75,-45
105000552,2166,1272,894
105000555,1365,853,512
105000556,53,33,20
105000557,48,181,-133
105900001,4,1125,-1121
105900002,768,475,293
105900003,17,84,-67
105900004,105,84,21
105900005,12,139,-127
105900006,6,62,-56
105900007,38,21,17
105900008,69,361,-292
105900009,19,13,6
105900011,76,23,53
105900012,239,56,183
105900013,2,9,-7
105900014,7,28,-21
105900015,105,207,-102
105900016,219,215,4
105900017,814,29,785
105900018,139,109,30
105900019,35,157,-122
105900020,40,57,-17
105900021,10,113,-103
105900022,177,107,70
105900023,6,50,-44
105900024,1,73,-72
105900025,143,31,112
105900026,182,29,153
105900027,5429,4234,1195
105900028,433,251,182
105900029,1021,270,751
105900030,132,157,-25
105900031,305,127,178
105900032,60,95,-35
105900033,80,68,12
105900034,152,150,2
105900035,94,114,-20
105900036,101,94,7
105900037,80,46,34
105900038,137,217,-80
105900039,116,85,31
105900040,50,74,-24
105900041,144,138,6
105900042,53,130,-77
105900043,890,38,852
105900044,5,150,-145
105900045,1,504,-503
105900046,2,197,-195
105900047,14,46,-32
105900048,98,301,-203
105900050,3859,3141,718
105900051,30,768,-738
105900052,311,175,136
105900053,1642,1855,-213
105900054,271,92,179
105900056,383,246,137
105900057,12,68,-56
105900058,20,10,10
105900059,0,37,-37
106000001,3717,2013,1704
106000002,1905,4266,-2361
106000003,2266,2893,-627
106000004,1286,2088,-802
106000005,2671,4089,-1418
106000006,4429,2980,1449
106000007,420,449,-29
106000008,455,270,185
106000009,503,301,202
106000010,483,405,78
106000011,975,779,196
106000012,711,994,-283
106000013,1274,1449,-175
106000014,1541,1146,395
106000015,1449,971,478
106000016,866,1471,-605
106000017,437,560,-123
106000018,534,401,133
106000019,268,356,-88
106000020,276,268,8
106000021,232,304,-72
106000022,304,164,140
106000023,533,308,225
106000024,423,351,72
106000025,119,157,-38
106000026,72,177,-105
106000027,1062,1051,11
106000028,423,307,116
106000029,557,735,-178
106000030,397,376,21
106000034,139,421,-282
106000035,916,1772,-856
106000036,184,321,-137
106000037,1552,1245,307
106000038,303,107,196
106000039,114,83,31
106000040,139,580,-441
106000041,586,441,145
106000043,473,230,243
106000046,259,60,199
106000047,43,326,-283
106000049,850,125,725
106000050,252,494,-242
106000051,594,368,226
106000052,104,441,-337
106000053,314,104,210
106000054,295,313,-18
106000055,814,636,178
106000056,222,265,-43
106000057,326,233,93
106000058,132,142,-10
106000059,250,184,66
106000060,239,386,-147
106000061,205,356,-151
106000062,130,405,-275
106000063,618,478,140
106000064,26,268,-242
106000065,250,222,28
106000066,87,277,-190
106000067,242,94,148
106000068,32,429,-397
106000069,214,46,168
106000070,347,573,-226
106000071,796,242,554
106000072,1953,1172,781
106000073,1209,2209,-1000
106000074,503,533,-30
106000075,279,1126,-847
106000076,1575,1573,2
106000077,2714,1149,1565
106000078,785,688,97
106000079,570,673,-103
106000080,960,535,425
106000081,512,923,-411
106000082,1830,671,1159
106000083,400,1188,-788
106000084,946,518,428
106000085,1102,1202,-100
106000086,494,747,-253
106000087,752,421,331
106000088,340,670,-330
106000089,826,251,575
106000090,182,492,-310
106000091,276,337,-61
106000092,397,197,200
106000093,289,100,189
106000094,72,226,-154
106000095,615,577,38
106000096,673,450,223
106000097,772,538,234
106000098,541,657,-116
106000099,186,544,-358
106000100,829,172,657
106000101,741,493,248
106000102,140,408,-268
106000103,232,390,-158
106000104,608,328,280
106000105,414,414,0
106000106,556,380,176
106000107,175,255,-80
106000108,304,249,55
106000109,172,226,-54
106000110,207,221,-14
106000111,176,253,-77
106000112,209,358,-149
106000113,446,396,50
106000114,398,466,-68
106000115,202,314,-112
106000116,227,148,79
106000117,952,459,493
106000118,939,894,45
106000119,1086,693,393
106000120,642,876,-234
106000121,158,127,31
106000122,109,131,-22
106000123,409,94,315
106000124,57,127,-70
106000125,28,201,-173
106000126,254,99,155
106000127,555,547,8
106000128,701,178,523
106000129,654,447,207
106000130,656,512,144
106000131,131,573,-442
106000132,483,164,319
106000133,1262,1034,228
106000134,506,1206,-700
106000135,408,622,-214
106000136,537,760,-223
106000137,68,549,-481
106000138,795,89,706
106000139,47,73,-26
106000140,36,44,-8
106000141,76,32,44
106000142,47,56,-9
106000143,30,49,-19
106000144,48,58,-10
106000145,185,160,25
106000146,302,107,195
106000147,637,428,209
106000148,744,785,-41
106000149,423,398,25
106000150,372,1400,-1028
106000151,2632,582,2050
106000152,758,1333,-575
106000153,85,1186,-1101
106000154,1013,172,841
106000155,100,205,-105
106000156,569,190,379
106000157,432,1075,-643
106000158,1556,746,810
106000159,1926,1448,478
106000160,318,2003,-1685
106000161,1120,249,871
106000162,233,726,-493
106000163,312,266,46
106000164,314,207,107
106000165,147,304,-157
106000166,530,197,333
106000167,377,636,-259
106000168,462,196,266
106000169,236,404,-168
106000170,718,194,524
106000171,162,859,-697
106000172,2037,1107,930
106000173,817,1901,-1084
106000174,861,368,493
106000175,261,579,-318
106000176,1097,710,387
106000177,551,1670,-1119
106000178,2557,1414,1143
106000179,896,1717,-821
106000180,633,849,-216
106000181,631,1113,-482
106000182,1070,529,541
106000183,979,338,641
106000184,1507,431,1076
106000185,762,898,-136
106000186,682,90,592
106000187,160,794,-634
106000188,0,3,-3
106000189,11,43,-32
106000190,28,2,26
106000191,537,157,380
106000192,2,8,-6
106000193,364,182,182
106000194,159,282,-123
106000195,393,107,286
106000196,154,312,-158
106000197,517,176,341
106000198,156,179,-23
106000199,449,483,-34
106000200,139,161,-22
106000201,328,1748,-1420
106000202,2419,484,1935
106000203,37,161,-124
106000204,69,3,66
106000205,19,108,-89
106000206,78,17,61
106000207,35,451,-416
106000208,1184,147,1037
106000209,1111,299,812
106000210,248,657,-409
106000211,240,795,-555
106000212,542,379,163
106000213,522,1398,-876
106000214,2007,591,1416
106000215,187,385,-198
106000216,248,295,-47
106000217,264,283,-19
106000218,374,344,30
106000219,128,258,-130
106000220,301,159,142
106000221,138,170,-32
106000222,46,63,-17
106000223,223,95,128
106000224,219,148,71
106000225,59,135,-76
106000226,106,212,-106
106000228,32,74,-42
106000229,73,517,-444
106000231,816,98,718
106000232,42,267,-225
106000233,436,77,359
106000234,56,141,-85
106000235,248,68,180
106000236,104,81,23
106000237,4,17,-13
106000238,18,10,8
106000239,2,82,-80
106000240,33,3,30
106000241,12,420,-408
106000242,251,31,220
106000249,60,71,-11
106000250,44,370,-326
106000251,76,15,61
106000252,8,49,-41
106000253,34,46,-12
106000254,47,21,26
106000255,17,128,-111
106000256,41,42,-1
106000257,127,146,-19
106000258,104,12,92
106000259,1,50,-49
106000260,20,8,12
106000261,12,41,-29
106000262,73,6,67
106000263,7,49,-42
106000264,149,10,139
106000265,7,119,-112
106000266,93,16,77
106000267,6,58,-52
106000268,437,35,402
106000269,61,34,27
106000270,91,434,-343
106000271,100,199,-99
106000272,211,52,159
106000273,9,213,-204
106000274,101,40,61
106000275,105,189,-84
106000276,103,15,88
106000277,119,245,-126
106000278,156,36,120
106000279,15,26,-11
106000280,56,42,14
106000281,72,39,33
106000282,73,43,30
106000283,92,48,44
106000284,56,77,-21
106000285,67,79,-12
106000286,83,98,-15
106000287,78,53,25
106000288,59,114,-55
106000289,88,55,33
106000290,44,63,-19
106000291,107,57,50
106000292,49,79,-30
106000293,106,63,43
106000294,101,109,-8
106000295,46,33,13
106000296,30,75,-45
106000297,39,181,-142
106000298,81,53,28
106000299,55,86,-31
106000300,44,82,-38
106000301,57,89,-32
106000303,27,66,-39
106000304,13,24,-11
106000305,32,29,3
106000306,30,42,-12
106000307,37,19,18
106000308,10,83,-73
106000309,10,40,-30
106000310,285,334,-49
106000311,309,144,165
106000312,103,111,-8
106000313,165,156,9
106000318,72,315,-243
106000319,906,203,703
106000320,1,48,-47
106000321,177,104,73
106000322,134,105,29
106000324,26,114,-88
106000325,1242,675,567
106000326,756,1344,-588
106000327,193,94,99
106000328,9,97,-88
106000329,39,178,-139
106000330,42,51,-9
106000428,90,172,-82
106000429,151,434,-283
106000430,332,904,-572
106000431,1595,359,1236
106000432,1728,2219,-491
106000433,2012,1347,665
106000434,2484,1232,1252
106000435,1134,1915,-781
106000436,12,122,-110
106000437,264,41,223
106000438,317,129,188
106000439,42,376,-334
106000440,402,412,-10
106000441,1,1,0
106000442,121,8,113
106000443,122,213,-91
106000450,5,101,-96
106000451,35,42,-7
106000454,2,87,-85
106000455,3,132,-129
106000456,120,26,94
106000457,12,558,-546
106000458,667,60,607
106000459,166,258,-92
106000460,1148,11,1137
106000461,95,705,-610
106000462,0,21,-21
106000463,4,11,-7
106000464,1,349,-348
106000465,672,3,669
106000466,3,344,-341
106000467,251,311,-60
106000468,76,111,-35
106000469,88,0,88
106000470,210,1250,-1040
106000471,11,336,-325
106000472,129,12,117
106000473,44,17,27
106000474,435,379,56
106000475,337,198,139
106000476,119,203,-84
106000477,54,106,-52
106000480,0,266,-266
106900001,0,7,-7
106900002,0,255,-255
106900003,47,194,-147
106900004,0,9,-9
106900006,0,3,-3
106900007,1,9,-8
106900008,210,87,123
106900009,260,164,96
106900010,170,143,27
106900012,803,1040,-237
106900013,93,46,47
106900014,23,6,17
106900015,10,4,6
106900016,191,12,179
106900017,4,4,0
106900018,2,0,2
106900019,42,0,42
106900020,1158,846,312
106900021,167,136,31
106900022,584,5,579
106900023,2,132,-130
106900024,205,15,190
106900025,25,203,-178
106900026,1,316,-315
106900027,673,3,670
106900028,12,114,-102
106900029,98,13,85
106900030,19,126,-107
107000001,3032,2778,254
107000002,2188,3509,-1321
107000003,4892,4928,-36
107000004,3511,3212,299
107000005,3871,4608,-737
107000006,2998,2911,87
107000007,4349,8278,-3929
107000008,8058,5545,2513
107000009,5850,6510,-660
107000010,7285,6654,631
107000011,1089,1032,57
107000012,2755,2067,688
107000013,71,77,-6
107000014,52,247,-195
107000015,523,692,-169
107000016,619,611,8
107000017,1526,903,623
107000018,13,546,-533
107000020,893,817,76
107000021,949,360,589
107000022,571,893,-322
107000023,1439,196,1243
107000024,408,1048,-640
107000025,266,296,-30
107000026,211,358,-147
107000027,1310,765,545
107000028,929,1121,-192
107000029,2841,2276,565
107000030,2169,2200,-31
107000031,3573,2105,1468
107000032,392,746,-354
107000033,2212,2787,-575
107000034,2052,1127,925
107000035,272,198,74
107000036,284,1060,-776
107000037,57,685,-628
107000038,218,202,16
107000039,765,694,71
107000040,158,215,-57
107000041,1259,682,577
107000042,606,1454,-848
107000043,2014,1028,986
107000044,444,260,184
107000045,86,202,-116
107000046,636,362,274
107000047,356,591,-235
107000048,549,224,325
107000049,516,690,-174
107000050,1004,465,539
107000051,270,281,-11
107000052,973,749,224
107000053,278,176,102
107000054,57,222,-165
107000055,290,117,173
107000056,450,600,-150
107000057,1410,205,1205
107000058,1823,1865,-42
107000059,1678,2514,-836
107000060,3417,4385,-968
107000061,3626,2636,990
107000062,3857,2384,1473
107000063,3472,3555,-83
107000064,3607,1846,1761
107000065,2797,3446,-649
107000066,1555,2066,-511
107000067,994,1023,-29
107000068,1117,570,547
107000069,723,424,299
107000070,1194,24,1170
107000071,2814,31,2783
107000072,43,2062,-2019
107000073,662,317,345
107000074,136,714,-578
107000075,1485,497,988
107000076,565,1061,-496
107000077,3154,1410,1744
107000078,2201,2220,-19
107000079,2299,955,1344
107000080,957,2344,-1387
107000081,1695,580,1115
107000082,546,1255,-709
107000083,1327,449,878
107000084,272,1236,-964
107000085,2442,2770,-328
107000086,3036,2860,176
107000087,2610,1748,862
107000088,2707,2960,-253
107000089,1260,1410,-150
107000090,742,808,-66
107000091,1199,742,457
107000092,664,749,-85
107000093,1152,734,418
107000094,843,916,-73
107000095,595,466,129
107000096,525,543,-18
107000097,686,294,392
107000098,490,477,13
107000099,329,187,142
107000100,220,226,-6
107000101,45,138,-93
107000102,163,235,-72
107000103,204,181,23
107000104,211,187,24
107000105,366,124,242
107000106,171,187,-16
107000107,539,156,383
107000108,127,430,-303
107000109,508,175,333
107000110,53,414,-361
107000111,391,61,330
107000112,94,373,-279
107000113,599,99,500
107000114,113,528,-415
107000115,600,118,482
107000116,86,625,-539
107000117,133,630,-497
107000118,141,115,26
107000119,931,1334,-403
107000120,1099,398,701
107000121,843,606,237
107000122,1146,740,406
107000123,459,498,-39
107000124,440,657,-217
107000125,850,434,416
107000126,740,582,158
107000129,259,584,-325
107000130,763,247,516
107000131,315,553,-238
107000132,606,295,311
107000133,570,81,489
107000134,278,2,276
107000135,0,231,-231
107000136,701,6,695
107000137,9,340,-331
107000138,292,32,260
107000139,13,359,-346
107000140,1152,70,1082
107000141,125,667,-542
107000142,422,86,336
107000143,64,497,-433
107000144,444,343,101
107000145,113,340,-227
107000146,190,233,-43
107000147,3295,880,2415
107000150,482,2070,-1588
107000151,27,117,-90
107000152,491,1050,-559
107000153,157,323,-166
107000154,229,253,-24
107000155,707,13,694
107000156,1001,22,979
107000157,39,989,-950
107000158,710,33,677
107000159,34,658,-624
107000160,927,119,808
107000161,57,968,-911
107000162,278,406,-128
107000163,160,4,156
107000164,632,2,630
107000165,864,5,859
107000166,35,767,-732
107000167,517,173,344
107000168,954,365,589
107000169,580,806,-226
107000170,1870,690,1180
107000171,563,1337,-774
107000172,936,1347,-411
107000173,538,701,-163
107000174,865,3991,-3126
107000175,4747,1218,3529
107000176,1,2,-1
107000177,5,1,4
107000178,16,25,-9
107000179,230,1426,-1196
107000180,1197,288,909
107000181,401,856,-455
107000182,1722,678,1044
107000183,124,582,-458
107000184,1077,566,511
107000185,368,977,-609
107000186,888,361,527
107000187,1045,1069,-24
107000188,505,527,-22
107000189,429,819,-390
107000190,532,535,-3
107000191,735,945,-210
107000192,1407,554,853
107000193,297,381,-84
107000194,816,533,283
107000197,860,230,630
107000198,262,605,-343
107000199,437,471,-34
107000200,436,540,-104
107000201,364,198,166
107000202,304,444,-140
107000203,599,691,-92
107000204,799,1000,-201
107000205,1682,722,960
107000206,683,1025,-342
107000207,547,722,-175
107000208,734,424,310
107000209,1434,1255,179
107000210,556,330,226
107000211,10,62,-52
107000212,13,248,-235
107000213,4,35,-31
107000214,7,122,-115
107000215,291,239,52
107000216,316,252,64
107000217,94,112,-18
107000219,52,102,-50
107000220,113,144,-31
107000222,240,470,-230
107000224,319,124,195
107000225,176,304,-128
107000226,314,97,217
107000227,60,188,-128
107000228,90,262,-172
107000229,141,117,24
107000230,788,356,432
107000231,1257,1551,-294
107000232,146,20,126
107000233,1062,792,270
107000234,4,59,-55
107000235,68,8,60
107000236,12,354,-342
107000237,17,0,17
107000238,35,3,32
107000239,2041,431,1610
107000240,89,666,-577
107000243,0,26,-26
107000244,4,49,-45
107000246,0,774,-774
107000249,4,883,-879
107000251,1,328,-327
107000252,0,677,-677
107000255,182,61,121
107000257,2,292,-290
107000258,1,96,-95
107000259,1,146,-145
107000260,665,4,661
107000262,11,388,-377
107000263,224,2,222
107000266,14,7,7
107000267,51,82,-31
107000268,104,89,15
107000269,442,86,356
107000270,0,17,-17
107000271,18,450,-432
107000272,18,68,-50
107000273,6,130,-124
107000274,555,4,551
107000275,272,1013,-741
107000280,840,33,807
107000281,31,610,-579
107000282,35,565,-530
107000290,4,20,-16
107000291,17,18,-1
107000292,1,38,-37
107000293,58,6,52
107000294,1,29,-28
107000295,102,3,99
107000296,0,12,-12
107000444,241,5,236
107000496,3,23,-20
107000497,1150,1611,-461
107000500,290,296,-6
107000501,99,148,-49
107000502,195,306,-111
107000505,257,605,-348
107000506,1,34,-33
107000508,4,423,-419
107000509,225,596,-371
107000510,27,38,-11
107000514,51,301,-250
107000515,23,148,-125
107000516,319,214,105
107000518,899,1182,-283
107000519,1301,721,580
107000520,98,32,66
107000521,588,307,281
107000522,899,417,482
107900001,78,176,-98
107900002,47,12,35
107900003,168,55,113
107900004,0,0,0
107900005,1221,6,1215
107900006,119,1,118
107900007,203,22,181
107900008,105,12,93
107900009,112,5,107
107900010,28,0,28
107900012,202,28,174
107900013,133,20,113
107900014,29,2,27
107900015,774,9,765
107900016,343,60,283
107900017,13,0,13
107900018,54,106,-52
107900019,20,40,-20
107900020,47,20,27
107900021,79,81,-2
107900023,3,1,2
107900024,0,21,-21
107900025,145,133,12
107900026,71,39,32
107900027,23,29,-6
107900028,72,53,19
107900030,151,33,118
107900031,66,46,20
107900032,13,3,10
107900033,17,11,6
107900034,256,25,231
107900035,680,78,602
107900036,52,7,45
107900037,0,27,-27
107900038,87,162,-75
107900039,24,28,-4
107900040,22,84,-62
107900041,1,0,1
107900043,59,52,7
107900044,3,9,-6
107900045,93,35,58
107900046,117,136,-19
107900047,31,45,-14
107900048,170,5,165
107900049,217,568,-351
107900050,81,193,-112
107900051,72,51,21
107900052,62,53,9
107900053,40,58,-18
107900055,362,164,198
107900056,69,42,27
107900057,1,0,1
107900058,19,376,-357
107900060,18,33,-15
107900061,11,2,9
107900063,59,80,-21
107900064,204,86,118
107900065,126,4,122
107900066,16,8,8
107900067,0,0,0
107900068,67,345,-278
107900069,36,1542,-1506
107900070,112,38,74
107900071,21,425,-404
107900072,129,115,14
107900073,160,72,88
107900074,641,300,341
107900076,97,37,60
107900077,59,1,58
107900079,9,14,-5
107900080,141,585,-444
107900081,57,69,-12
107900082,16,11,5
107900083,247,106,141
107900084,74,98,-24
107900086,43,104,-61
107900087,426,162,264
107900088,41,10,31
107900089,195,519,-324
107900090,375,1416,-1041
107900091,160,273,-113
107900093,72,59,13
107900095,2414,1695,719
107900097,10,39,-29
107900098,39,176,-137
107900100,699,925,-226
107900101,695,145,550
107900102,25,6,19
107900103,31,124,-93
107900104,162,5,157
107900105,0,309,-309
107900106,5,662,-657
107900107,694,400,294
107900108,148,107,41
107900109,967,12,955
107900110,58,64,-6
107900111,2,509,-507
107900112,49,229,-180
107900113,161,62,99
107900114,134,122,12
107900115,0,36,-36
107900116,137,113,24
107900117,298,240,58
107900118,85,83,2
107900119,75,158,-83
107900120,19,33,-14
107900121,6,100,-94
107900122,0,52,-52
107900123,6,30,-24
107900124,9,32,-23
107900125,23,156,-133
107900126,3,57,-54
107900127,304,255,49
107900128,69,69,0
107900129,72,28,44
107900130,54,25,29
107900131,491,188,303
107900132,92,264,-172
107900133,1,64,-63
107900134,22,100,-78
107900135,3,102,-99
107900136,30,22,8
107900137,88,91,-3
107900138,94,32,62
107900139,37,40,-3
107900141,28,24,4
107900142,63,434,-371
107900143,49,24,25
107900144,1,97,-96
107900145,4,67,-63
107900146,24,70,-46
107900147,37,26,11
107900148,93,59,34
107900149,539,143,396
107900150,59,379,-320
107900151,30,69,-39
107900152,5,96,-91
107900153,95,241,-146
107900154,55,16,39
107900155,49,43,6
107900156,5,219,-214
107900157,25,36,-11
107900158,729,27,702
107900159,23,441,-418
107900160,121,142,-21
107900161,19,125,-106
107900162,0,15,-15
107900163,24,33,-9
107900164,12,47,-35
107900165,44,104,-60
107900166,15,131,-116
107900167,27,70,-43
107900168,25,32,-7
107900169,2,105,-103
107900171,12,797,-785
107900172,1,170,-169
107900173,17,85,-68
107900174,98,2,96
107900175,10,68,-58
107900176,21,29,-8
107900177,0,53,-53
107900178,0,110,-110
107900179,15,105,-90
107900180,396,504,-108
107900181,215,179,36
107900182,6,724,-718
107900183,22,138,-116
107900184,86,200,-114
107900185,91,2,89
107900186,10,21,-11
107900187,0,82,-82
107900188,444,105,339
107900189,17,76,-59
107900190,48,146,-98
107900191,58,82,-24
107900193,22,47,-25
107900194,152,4,148
107900195,1588,260,1328
107900196,80,97,-17
107900197,585,316,269
107900199,0,755,-755
107900201,56,85,-29
107900203,28,67,-39
107900204,154,132,22
107900206,653,251,402
107900207,2,401,-399
107900208,6,393,-387
107900209,247,98,149
107900210,69,78,-9
107900213,333,354,-21
107900214,11,72,-61
107900215,97,247,-150
107900216,120,51,69
107900217,40,65,-25
107900218,7,865,-858
107900219,25,65,-40
107900220,162,223,-61
107900221,123,145,-22
107900223,84,345,-261
107900224,58,266,-208
107900225,5,433,-428
107900226,101,79,22
107900227,104,291,-187
107900228,16,58,-42
107900229,2,137,-135
107900230,18,71,-53
107900231,16,148,-132
107900232,107,104,3
107900233,5,96,-91
107900234,67,64,3
107900235,21,85,-64
107900236,67,32,35
107900237,31,241,-210
107900238,24,80,-56
107900239,566,372,194
107900240,19,93,-74
107900241,9,45,-36
107900242,17,162,-145
107900243,3,44,-41
107900244,177,3,174
107900245,542,41,501
107900246,183,14,169
107900248,270,156,114
107900249,595,10,585
107900250,0,276,-276
107900251,79,965,-886
107900252,738,13,725
107900253,138,0,138
107900254,38,152,-114
107900255,188,74,114
107900256,520,562,-42
107900257,120,50,70
107900258,82,172,-90
107900259,88,1552,-1464
107900261,2,183,-181
107900262,33,47,-14
107900264,346,6,340
107900265,161,105,56
107900267,229,21,208
107900268,31,8,23
107900269,0,2,-2
107900270,2,0,2
107900271,2,17,-15
107900272,74,17,57
107900273,38,61,-23
107900274,85,0,85
107900275,19,0,19
107900276,0,47,-47
107900277,1,141,-140
107900278,278,260,18
107900279,61,125,-64
107900280,1285,1334,-49
107900281,803,1946,-1143
107900282,30,401,-371
107900283,573,393,180
107900284,377,428,-51
107900285,111,50,61
107900286,88,76,12
107900287,151,121,30
107900290,0,76,-76
107900291,363,10,353
107900292,85,134,-49
107900293,45,341,-296
107900295,67,26,41
107900297,0,170,-170
107900298,672,610,62
107900299,2003,1899,104
107900301,444,700,-256
107900302,61,39,22
107900303,152,167,-15
107900304,216,241,-25
107900305,185,10,175
107900306,8,22,-14
107900307,53,233,-180
107900308,147,95,52
107900309,91,2,89
107900310,227,3,224
107900311,0,283,-283
107900312,40,0,40
107900313,1,108,-107
107900314,1,30,-29
107900315,0,26,-26
107900316,26,2,24
107900317,77,12,65
107900318,8,103,-95
107900319,3,99,-96
107900320,1,92,-91
107900321,118,9,109
107900322,1,87,-86
107900323,7,76,-69
107900324,109,2,107
107900325,88,2,86
107900326,257,154,103
107900327,4,31,-27
107900328,91,1,90
107900329,60,69,-9
107900330,2,211,-209
107900331,243,18,225
107900332,204,24,180
107900333,56,14,42
107900334,9,90,-81
107900335,47,31,16
107900336,26,39,-13
107900337,697,614,83
107900338,1,114,-113
107900339,10,21,-11
107900340,0,28,-28
107900341,31,0,31
107900342,143,44,99
107900343,29,3,26
107900344,12,68,-56
107900345,94,25,69
107900346,15,0,15
107900347,5,1,4
107900348,2,2,0
107900349,19,2,17
107900350,11,164,-153
107900351,1,115,-114
107900352,0,31,-31
107900353,12,4,8
107900354,35,74,-39
108000001,2522,3090,-568
108000002,1721,2016,-295
108000003,2768,3030,-262
108000004,9468,10873,-1405
108000005,6793,6018,775
108000006,6944,6310,634
108000007,4189,3598,591
108000008,3361,4840,-1479
108000009,2817,3870,-1053
108000010,2458,3366,-908
108000011,9826,10476,-650
108000012,12900,11978,922
108000014,913,580,333
108000015,787,242,545
108000016,207,593,-386
108000017,925,294,631
108000018,1644,489,1155
108000019,1480,727,753
108000020,1186,480,706
108000021,255,1420,-1165
108000022,404,981,-577
108000023,1049,156,893
108000024,337,345,-8
108000025,262,209,53
108000026,786,341,445
108000027,636,436,200
108000028,705,218,487
108000029,454,587,-133
108000030,466,160,306
108000031,194,435,-241
108000032,1446,524,922
108000033,585,796,-211
108000034,1371,351,1020
108000035,569,1541,-972
108000036,270,784,-514
108000037,1394,339,1055
108000038,2194,458,1736
108000039,442,1333,-891
108000040,1574,843,731
108000041,549,1589,-1040
108000042,252,184,68
108000043,181,188,-7
108000044,447,164,283
108000045,245,417,-172
108000046,1204,264,940
108000047,364,704,-340
108000048,145,281,-136
108000049,742,221,521
108000050,103,441,-338
108000051,328,103,225
108000052,159,431,-272
108000053,402,154,248
108000054,402,804,-402
108000055,745,488,257
108000056,1070,1070,0
108000057,486,976,-490
108000058,1554,3279,-1725
108000059,2476,1424,1052
108000060,178,633,-455
108000061,325,360,-35
108000062,664,486,178
108000063,418,338,80
108000064,198,201,-3
108000065,402,353,49
108000066,1018,652,366
108000067,1442,476,966
108000068,767,395,372
108000069,203,736,-533
108000070,1516,666,850
108000071,600,1096,-496
108000072,1434,1041,393
108000073,1065,1251,-186
108000074,458,370,88
108000075,315,630,-315
108000076,666,520,146
108000077,430,518,-88
108000078,1741,1042,699
108000079,618,1094,-476
108000080,1081,440,641
108000081,431,1114,-683
108000082,681,1298,-617
108000083,1458,798,660
108000084,323,795,-472
108000085,579,389,190
108000086,630,473,157
108000087,117,1611,-1494
108000088,566,213,353
108000089,311,235,76
108000091,308,403,-95
108000092,117,61,56
108000093,174,355,-181
108000094,509,80,429
108000095,135,258,-123
108000096,275,123,152
108000097,156,271,-115
108000098,1457,991,466
108000099,1076,288,788
108000100,155,414,-259
108000101,1143,1186,-43
108000102,1480,3156,-1676
108000106,1116,3,1113
108000107,2,661,-659
108000108,651,38,613
108000109,8,537,-529
108000110,187,272,-85
108000111,155,447,-292
108000112,64,150,-86
108000113,359,221,138
108000115,268,204,64
108000117,517,306,211
108000118,477,1713,-1236
108000119,508,278,230
108000120,148,649,-501
108000121,148,357,-209
108000122,439,317,122
108000123,643,177,466
108000124,249,399,-150
108000125,338,182,156
108000126,138,249,-111
108000127,620,268,352
108000128,522,359,163
108000129,264,736,-472
108000130,344,162,182
108000131,766,499,267
108000132,1466,982,484
108000133,820,489,331
108000134,446,460,-14
108000135,889,392,497
108000136,241,580,-339
108000137,477,232,245
108000138,362,716,-354
108000139,511,273,238
108000140,118,24,94
108000141,26,51,-25
108000142,78,57,21
108000143,40,325,-285
108000144,355,37,318
108000145,30,13,17
108000146,527,40,487
108000147,40,34,6
108000148,471,55,416
108000149,25,16,9
108000150,30,15,15
108000151,205,74,131
108000152,139,331,-192
108000153,456,101,355
108000154,58,12,46
108000155,62,14,48
108000156,664,276,388
108000157,110,830,-720
108000158,88,648,-560
108000159,419,177,242
108000160,2094,1029,1065
108000161,1620,1894,-274
108000165,3,110,-107
108000172,6,286,-280
108000173,1233,1710,-477
108000175,391,118,273
108000178,319,234,85
108000179,152,748,-596
108000181,65,22,43
108000182,232,90,142
108000183,50,362,-312
108000184,821,1830,-1009
108000185,166,290,-124
108000186,372,395,-23
108000187,101,295,-194
108000188,577,180,397
108000189,1319,6183,-4864
108000190,28,82,-54
108000192,196,403,-207
108000193,513,16,497
108000194,63,8,55
108000195,1,643,-642
108000196,154,149,5
108000198,656,266,390
108000199,0,169,-169
108000200,343,352,-9
108000203,69,382,-313
108000204,125,78,47
108000205,207,270,-63
108000339,974,397,577
108000364,264,517,-253
108000365,37,240,-203
108000367,109,261,-152
108000368,20,52,-32
108000369,719,251,468
108000371,3,525,-522
108000372,671,13,658
108000373,223,102,121
108000376,87,34,53
108000377,377,174,203
108000378,7462,8423,-961
108000379,9,147,-138
108000381,54,10,44
108000382,163,0,163
108000383,0,192,-192
108900001,44,772,-728
108900002,123,54,69
108900003,204,487,-283
108900004,149,386,-237
108900007,210,164,46
108900008,78,106,-28
108900009,89,92,-3
108900010,193,136,57
108900011,471,289,182
108900012,314,349,-35
108900013,146,206,-60
108900014,11,78,-67
108900015,13,57,-44
108900016,3,197,-194
108900017,163,275,-112
108900018,137,268,-131
108900019,38,411,-373
108900020,36,110,-74
108900021,116,174,-58
108900022,105,2,103
108900023,11,22,-11
108900024,27,77,-50
108900025,88,74,14
108900026,11,70,-59
108900027,0,41,-41
108900028,64,210,-146
108900029,47,180,-133
108900030,0,54,-54
108900031,99,220,-121
108900032,8,113,-105
108900033,10,83,-73
108900034,1,116,-115
108900035,232,790,-558
108900038,0,166,-166
108900039,0,270,-270
108900040,16,92,-76
108900041,3555,2756,799
108900042,7,294,-287
108900043,47,305,-258
108900044,0,294,-294
108900045,82,315,-233
108900046,24,399,-375
108900047,29,97,-68
108900048,83,609,-526
108900049,1847,842,1005
108900050,0,165,-165
108900051,0,101,-101
108900052,22,141,-119
108900053,47,106,-59
108900054,50,149,-99
108900055,38,214,-176
108900056,0,97,-97
108900057,1,88,-87
108900058,29,233,-204
108900059,289,30,259
108900060,80,84,-4
108900061,38,15,23
108900062,3,144,-141
108900063,11,191,-180
108900064,182,38,144
108900065,12,179,-167
108900066,346,92,254
108900067,6,141,-135
108900068,4,88,-84
108900069,71,45,26
108900070,33,78,-45
108900071,110,53,57
108900072,1246,480,766
108900073,19,212,-193
108900074,165,219,-54
108900075,44,51,-7
108900076,272,61,211
108900077,90,266,-176
108900078,15,76,-61
108900079,723,126,597
108900080,13,606,-593
108900081,37,140,-103
108900082,58,74,-16
108900083,17,170,-153
108900085,1430,98,1332
108900086,92,161,-69
108900087,111,136,-25
108900088,805,353,452
108900089,29,124,-95
108900090,34,165,-131
108900091,97,55,42
108900092,444,258,186
108900093,76,76,0
108900094,193,56,137
108900095,22,184,-162
108900096,282,15,267
108900097,282,170,112
108900098,1438,558,880
108900099,371,210,161
108900100,60,103,-43
108900101,169,124,45
108900102,63,616,-553
108900103,47,110,-63
108900105,9,1097,-1088
108900106,369,208,161
108900108,238,43,195
108900109,269,57,212
108900110,266,221,45
108900111,456,387,69
108900113,34,49,-15
108900114,60,11,49
108900115,53,81,-28
108900116,43,18,25
108900117,154,18,136
108900118,515,14,501
108900119,167,19,148
108900120,251,133,118
108900121,239,75,164
108900122,103,17,86
108900123,122,96,26
108900124,383,176,207
108900125,331,2,329
108900126,67,20,47
108900127,159,18,141
108900128,111,45,66
108900129,631,115,516
108900130,253,1,252
108900131,305,10,295
108900132,358,52,306
108900133,140,60,80
108900134,307,158,149
108900135,114,7,107
108900136,39,0,39
108900137,141,3,138
108900138,627,31,596
108900140,271,163,108
108900141,360,21,339
108900142,83,4,79
108900143,53,0,53
108900144,71,1,70
108900145,176,10,166
108900146,60,0,60
108900147,226,0,226
108900148,50,23,27
108900150,224,7,217
108900151,147,5,142
108900152,150,2,148
108900153,119,201,-82
108900154,2959,282,2677
108900156,87,8,79
108900157,81,426,-345
108900158,266,22,244
108900159,3,166,-163
108900160,8,231,-223
108900161,4,288,-284
108900162,105,1,104
108900163,8,223,-215
108900164,46,55,-9
108900168,4882,1825,3057
108900169,50,127,-77
108900171,4466,2357,2109
108900172,146,37,109
108900173,166,246,-80
108900174,681,450,231
108900176,95,295,-200
108900177,3274,3755,-481
108900178,2372,2618,-246
108900180,91,251,-160
108900183,153,131,22
108900184,442,200,242
108900185,92,298,-206
108900186,55,332,-277
108900189,410,132,278
108900190,444,1709,-1265
108900192,89,134,-45
108900195,84,155,-71
108900196,25,192,-167
108900199,210,255,-45
108900200,639,381,258
108900201,363,991,-628
108900203,279,106,173
108900204,251,14,237
108900205,110,16,94
108900206,311,49,262
108900207,156,69,87
108900208,20,170,-150
108900209,170,335,-165
108900210,107,139,-32
108900211,146,384,-238
108900212,420,1177,-757
108900215,70,315,-245
108900216,376,149,227
108900217,95,1,94
108900218,87,13,74
108900221,46,115,-69
108900224,24,142,-118
108900225,1,128,-127
108900227,65,255,-190
108900230,124,163,-39
108900232,3,125,-122
108900233,293,60,233
108900234,274,125,149
108900235,132,388,-256
108900236,16,142,-126
108900240,91,94,-3
108900241,27,19,8
108900245,11,914,-903
108900250,178,74,104
108900258,9,144,-135
108900259,54,32,22
108900260,9,52,-43
108900261,78,88,-10
108900262,92,117,-25
108900263,29,109,-80
108900264,501,259,242
108900265,545,297,248
108900266,500,506,-6
108900267,4,64,-60
108900268,16,4,12
108900269,91,9,82
108900270,47,2,45
108900271,60,24,36
108900272,165,6,159
108900273,668,655,13
108900274,56,40,16
109000001,2416,1310,1106
109000002,1280,1324,-44
109000003,2199,344,1855
109000004,392,1640,-1248
109000005,2120,517,1603
109000006,628,1652,-1024
109000007,1203,480,723
109000008,332,1284,-952
109000009,3047,1175,1872
109000010,1192,2619,-1427
109000011,2597,1708,889
109000012,1528,2292,-764
109000013,2719,2393,326
109000014,1425,2036,-611
109000015,4206,7704,-3498
109000016,4494,2653,1841
109000017,2016,1083,933
109000018,775,2080,-1305
109000019,2188,1270,918
109000020,793,1455,-662
109000023,258,36,222
109000024,10,164,-154
109000025,308,426,-118
109000026,617,233,384
109000027,47,309,-262
109000028,117,68,49
109000029,88,116,-28
109000030,75,454,-379
109000031,118,148,-30
109000032,135,393,-258
109000033,248,199,49
109000034,72,50,22
109000035,20,59,-39
109000036,60,292,-232
109000037,162,1126,-964
109000038,383,294,89
109000039,727,486,241
109000040,1633,4480,-2847
109000041,2293,1428,865
109000042,408,855,-447
109000044,367,162,205
109000045,261,235,26
109000046,240,67,173
109000047,98,340,-242
109000048,958,424,534
109000049,203,478,-275
109000050,467,458,9
109000051,214,199,15
109000052,426,587,-161
109000053,1096,285,811
109000054,133,290,-157
109000055,180,267,-87
109000056,305,243,62
109000057,452,442,10
109000058,1451,250,1201
109000059,847,1387,-540
109000060,635,329,306
109000061,642,833,-191
109000062,81,245,-164
109000063,172,111,61
109000064,150,147,3
109000065,106,112,-6
109000066,284,40,244
109000067,49,176,-127
109000068,2486,8,2478
109000069,817,29,788
109000070,7,1202,-1195
109000071,334,57,277
109000072,87,416,-329
109000073,45,77,-32
109000074,26,123,-97
109000075,84,253,-169
109000076,167,256,-89
109000077,287,264,23
109000078,117,119,-2
109000079,132,128,4
109000080,198,108,90
109000081,164,352,-188
109000082,598,149,449
109000083,263,478,-215
109000088,115,344,-229
109000089,230,64,166
109000090,115,305,-190
109000091,255,168,87
109000092,242,334,-92
109000093,130,160,-30
109000094,423,2,421
109000095,105,268,-163
109000096,555,258,297
109000097,114,132,-18
109000098,54,135,-81
109000099,834,204,630
109000100,202,437,-235
109000101,1252,508,744
109000102,242,495,-253
109000103,664,439,225
109000104,1352,397,955
109000105,389,758,-369
109000106,1596,594,1002
109000107,469,1318,-849
109000108,1388,452,936
109000109,291,1166,-875
109000110,958,458,500
109000111,646,1363,-717
109000112,287,87,200
109000113,307,132,175
109000114,95,265,-170
109000115,1061,74,987
109000116,20,627,-607
109000117,186,76,110
109000118,4,248,-244
109000119,1054,172,882
109000120,145,496,-351
109000121,721,92,629
109000122,118,470,-352
109000123,49,148,-99
109000124,561,332,229
109000125,653,289,364
109000126,356,528,-172
109000127,1254,286,968
109000128,449,896,-447
109000129,1662,699,963
109000130,724,1560,-836
109000131,1366,1077,289
109000132,1053,1992,-939
109000133,272,764,-492
109000134,682,1057,-375
109000135,886,1264,-378
109000136,248,243,5
109000137,269,306,-37
109000138,457,198,259
109000139,393,330,63
109000140,192,481,-289
109000141,765,408,357
109000142,111,422,-311
109000143,92,63,29
109000145,118,299,-181
109000146,91,97,-6
109000148,2120,1023,1097
109000149,20,54,-34
109000150,137,226,-89
109000155,589,492,97
109000156,755,429,326
109000158,72,188,-116
109000159,98,328,-230
109000160,857,179,678
109000161,241,674,-433
109000162,1434,502,932
109000163,850,1181,-331
109000164,1166,1919,-753
109000165,1058,386,672
109000166,626,70,556
109000167,91,332,-241
109000170,33,33,0
109000171,59,38,21
109000172,54,43,11
109000173,32,70,-38
109000174,83,61,22
109000175,149,215,-66
109000176,166,197,-31
109000177,26,75,-49
109000178,557,233,324
109000179,2920,3345,-425
109000180,3209,2358,851
109000181,14,16,-2
109000182,49,14,35
109000183,43,18,25
109000184,23,20,3
109000185,13,37,-24
109000188,358,1161,-803
109000189,1799,623,1176
109000190,460,393,67
109000191,289,321,-32
109000192,315,145,170
109000193,155,174,-19
109000194,270,83,187
109000195,135,213,-78
109000196,276,98,178
109000197,156,233,-77
109000198,291,49,242
109000199,102,298,-196
109000206,179,42,137
109000207,97,30,67
109000208,83,61,22
109000209,114,140,-26
109000210,191,378,-187
109000211,495,356,139
109000214,504,546,-42
109000215,131,54,77
109000216,215,225,-10
109000217,126,85,41
109000218,218,125,93
109000221,469,851,-382
109000222,837,327,510
109000223,338,244,94
109000224,43,98,-55
109000225,73,19,54
109000226,60,144,-84
109000227,771,643,128
109000228,1,1133,-1132
109000231,0,205,-205
109000232,359,217,142
109000236,167,626,-459
109000241,1806,1611,195
109000242,1623,1143,480
109000293,55,168,-113
109000361,179,208,-29
109000364,154,347,-193
109000396,1,336,-335
109000397,377,6,371
109000399,142,290,-148
109000400,61,209,-148
109000403,83,1247,-1164
109000406,315,4,311
109000407,225,148,77
109000408,1,295,-294
109000410,786,218,568
109000411,216,25,191
109000412,1,47,-46
109900001,86,0,86
109900002,669,21,648
109900003,276,2,274
109900005,34,2,32
109900006,250,122,128
109900007,681,302,379
109900008,1,22,-21
109900009,112,305,-193
109900010,442,8,434
109900011,70,27,43
109900012,199,133,66
109900013,406,143,263
109900014,357,47,310
109900015,240,116,124
109900016,155,20,135
109900017,131,227,-96
109900018,191,56,135
109900019,253,29,224
109900020,28,25,3
109900021,35,8,27
109900022,144,125,19
109900023,15,0,15
109900024,17,3,14
109900025,34,9,25
109900027,32,24,8
109900028,872,781,91
109900029,2,146,-144
109900030,31,14,17
109900031,0,84,-84
109900032,7,225,-218
109900033,4,258,-254
109900034,61,4,57
109900035,8,19,-11
109900036,13,47,-34
109900037,22,327,-305
109900038,70,148,-78
109900039,17,1,16
109900040,21,370,-349
109900041,36,206,-170
109900042,10,290,-280
109900044,40,183,-143
109900045,144,59,85
109900046,106,63,43
109900047,249,251,-2
109900048,0,78,-78
109900049,4,27,-23
109900050,0,111,-111
109900051,0,24,-24
109900052,48,251,-203
109900053,6,185,-179
109900054,454,158,296
109900055,42,198,-156
109900056,26,236,-210
109900057,2,111,-109
109900058,1,64,-63
109900060,386,84,302
109900061,51,208,-157
109900062,1,118,-117
109900064,497,151,346
109900065,67,107,-40
109900066,263,542,-279
109900067,3,152,-149
109900068,45,4,41
109900069,2,26,-24
109900071,0,19,-19
109900072,40,95,-55
109900073,338,270,68
109900074,5,13,-8
109900075,22,22,0
109900076,33,187,-154
109900077,29,43,-14
109900078,79,127,-48
109900080,109,204,-95
109900081,22,230,-208
109900082,50,198,-148
109900083,26,51,-25
109900084,65,95,-30
109900085,162,394,-232
109900086,128,389,-261
109900087,110,323,-213
109900089,609,174,435
109900092,273,17,256
109900093,786,135,651
109900094,84,114,-30
109900095,90,142,-52
109900096,21,5,16
109900097,45,5,40
109900098,361,28,333
109900099,154,1,153
109900100,38,1,37
109900101,335,7,328
109900102,380,18,362
109900103,29,22,7
109900104,457,484,-27
109900105,469,18,451
109900106,225,54,171
109900107,389,41,348
109900108,117,200,-83
109900109,28,114,-86
109900111,190,481,-291
109900114,625,749,-124
109900115,173,64,109
109900117,728,106,622
109900121,303,385,-82
109900123,11,101,-90
109900125,1,86,-85
109900126,184,80,104
109900130,3857,1615,2242
109900131,48,95,-47
109900132,20,88,-68
109900134,53,62,-9
109900135,294,75,219
109900137,68,187,-119
109900140,182,134,48
109900149,17,58,-41
109900150,4,71,-67
109900151,0,34,-34
109900152,1,21,-20
109900153,1,18,-17
109900154,33,0,33
109900155,32,13,19
109900157,58,132,-74
109900159,120,24,96
109900161,178,60,118
109900162,149,133,16
109900163,388,202,186
109900164,55,128,-73
109900165,154,4,150
109900166,2,96,-94
109900167,125,263,-138
109900168,155,387,-232
109900169,178,117,61
109900170,166,560,-394
109900171,135,71,64
109900172,142,207,-65
109900173,1656,1915,-259
109900174,46,83,-37
109900175,47,55,-8
109900176,93,125,-32
109900177,24,140,-116
109900178,12,71,-59
109900179,27,16,11
109900180,2,9,-7
110000001,887,468,419
110000002,455,704,-249
110000003,633,556,77
110000004,391,536,-145
110000005,331,1299,-968
110000006,251,279,-28
110000007,62,89,-27
110000008,16,58,-42
110000009,44,27,17
110000010,51,58,-7
110000011,27,52,-25
110000012,436,306,130
110000013,37,405,-368
110000014,524,344,180
110000015,201,475,-274
110000016,174,1164,-990
110000017,1813,168,1645
110000018,1638,280,1358
110000019,8,88,-80
110000020,321,162,159
110000021,439,317,122
110000022,524,126,398
110000023,9,114,-105
110000024,548,262,286
110000025,321,9,312
110000026,10,214,-204
110000027,740,726,14
110000028,717,548,169
110000029,446,581,-135
110000030,227,288,-61
110000031,265,388,-123
110000032,538,328,210
110000033,307,98,209
110000034,389,499,-110
110000035,853,378,475
110000036,630,457,173
110000037,198,290,-92
110000038,200,471,-271
110000039,461,1967,-1506
110000040,226,259,-33
110000041,259,1044,-785
110000042,94,258,-164
110000043,550,257,293
110000044,63,244,-181
110000045,431,85,346
110000046,6,30,-24
110000047,46,24,22
110000048,15,28,-13
110000049,73,6,67
110000050,12,42,-30
110000051,30,11,19
110000052,35,28,7
110000053,67,19,48
110000054,92,203,-111
110000055,222,50,172
110000056,167,63,104
110000057,320,423,-103
110000058,1001,451,550
110000059,768,407,361
110000060,692,773,-81
110000061,663,599,64
110000062,498,781,-283
110000063,30,66,-36
110000064,72,47,25
110000065,45,43,2
110000066,66,24,42
110000067,58,114,-56
110000068,285,110,175
110000069,237,53,184
110000071,133,64,69
110000073,12,13,-1
110000075,12,53,-41
110000076,215,183,32
110000077,287,649,-362
110000078,30,34,-4
110000080,248,505,-257
110000081,55,180,-125
110000082,76,271,-195
110000083,215,547,-332
110000084,1077,687,390
110000085,1327,1319,8
110000086,1151,1884,-733
110000087,5,55,-50
110000088,57,168,-111
110000089,243,82,161
110000090,179,161,18
110000091,664,222,442
110000092,12,43,-31
110000093,72,5,67
110000094,353,180,173
110000095,123,399,-276
110000096,1488,1493,-5
110000097,986,985,1
110000098,1675,470,1205
110000099,620,1256,-636
110000100,771,334,437
110000101,31,238,-207
110000102,115,28,87
110000104,323,110,213
110000105,57,186,-129
110000106,534,348,186
110000107,200,332,-132
110000108,99,57,42
110000109,180,222,-42
110000110,2321,3339,-1018
110000111,4181,2164,2017
110000112,1005,1233,-228
110000113,302,2061,-1759
110000114,149,425,-276
110000115,308,254,54
110000116,39,41,-2
110000117,173,195,-22
110000118,339,121,218
110000119,172,199,-27
110000120,309,130,179
110000121,77,234,-157
110000122,340,358,-18
110000123,473,328,145
110000124,1,606,-605
110000125,898,20,878
110000126,283,28,255
110000127,997,49,948
110000128,29,795,-766
110000129,7,420,-413
110000130,330,154,176
110000131,69,348,-279
110000132,2,435,-433
110000133,31,429,-398
110000134,22,268,-246
110000135,145,36,109
110000136,63,205,-142
110000137,460,423,37
110000138,579,406,173
110000139,705,765,-60
110000140,834,597,237
110000143,559,335,224
110000144,4253,1665,2588
110000145,1658,1050,608
110000146,1216,528,688
110000147,335,394,-59
110000148,391,147,244
110000151,646,989,-343
110000152,616,341,275
110000153,72,25,47
110000154,12,24,-12
110000155,1103,3807,-2704
110000156,945,2157,-1212
110000157,1238,1898,-660
110000160,321,187,134
110000161,192,183,9
110000166,383,68,315
110000167,660,475,185
110000168,694,430,264
110000169,744,298,446
110000170,108,47,61
110000171,459,128,331
110000172,169,539,-370
110000173,786,773,13
110000174,131,587,-456
110000175,527,73,454
110000176,182,242,-60
110000177,160,714,-554
110000178,290,1124,-834
110000179,851,249,602
110000180,175,153,22
110000181,273,308,-35
110000182,275,102,173
110000183,5170,4893,277
110000184,315,1683,-1368
110000185,625,470,155
110000186,659,528,131
110000191,905,207,698
110000192,439,19,420
110000193,995,12,983
110000194,13,700,-687
110000195,436,217,219
110000196,406,248,158
110000197,99,72,27
110000198,101,48,53
110000199,71,94,-23
110000200,752,354,398
110000201,624,783,-159
110000202,903,498,405
110000203,566,498,68
110000204,7,158,-151
110000205,109,44,65
110000206,433,815,-382
110000207,809,313,496
110000208,135,171,-36
110000209,122,502,-380
110000210,956,352,604
110000211,625,558,67
110000212,335,740,-405
110000213,155,75,80
110000214,185,103,82
110000215,152,215,-63
110000216,78,200,-122
110000217,235,144,91
110000218,142,212,-70
110000219,308,66,242
110000220,97,155,-58
110000221,285,66,219
110000222,53,151,-98
110000223,2,213,-211
110000224,98,10,88
110000225,221,504,-283
110000226,182,49,133
110000227,473,521,-48
110000228,200,144,56
110000229,1,175,-174
110000230,420,547,-127
110000231,123,141,-18
110000232,244,154,90
110000233,181,169,12
110000234,547,356,191
110000235,707,741,-34
110000236,552,483,69
110000237,1770,953,817
110000238,933,1259,-326
110000239,1590,873,717
110000240,3,57,-54
110000242,0,7,-7
110000243,109,77,32
110000244,93,230,-137
110000245,29,248,-219
110000246,613,462,151
110000247,900,3932,-3032
110000248,1627,1256,371
110000249,84,11,73
110000250,28,135,-107
110000251,262,465,-203
110000252,179,163,16
110000253,1097,650,447
110000254,495,985,-490
110000255,180,704,-524
110000256,401,216,185
110000257,595,378,217
110000258,8,253,-245
110000259,111,20,91
110000260,19,142,-123
110000263,384,74,310
110000264,208,289,-81
110000265,777,1333,-556
110000266,1486,2230,-744
110000267,19,118,-99
110000268,173,276,-103
110000269,2,58,-56
110000270,42,2,40
110000271,895,177,718
110000272,889,791,98
110000273,2533,1209,1324
110000274,114,1166,-1052
110000275,1256,344,912
110000276,217,212,5
110000277,238,243,-5
110000278,242,528,-286
110000279,644,568,76
110000280,285,312,-27
110000281,38,288,-250
110000282,240,32,208
110000283,49,105,-56
110000284,53,48,5
110000285,1,457,-456
110000286,15,0,15
110000287,46,4,42
110000288,4,62,-58
110000289,322,1367,-1045
110000290,621,482,139
110000291,3212,1004,2208
110000292,973,3119,-2146
110000293,550,518,32
110000294,804,839,-35
110000295,138,652,-514
110000296,329,208,121
110000297,2049,312,1737
110000298,213,587,-374
110000299,277,101,176
110000301,266,29,237
110000302,366,549,-183
110000303,326,4,322
110000304,184,145,39
110000305,795,15,780
110000306,143,700,-557
110000307,1264,6,1258
110000308,376,9,367
110000309,2,489,-487
110000310,571,48,523
110000311,20,467,-447
110000312,418,79,339
110000313,1816,3100,-1284
110000314,0,213,-213
110000315,2295,1999,296
110000316,456,1009,-553
110000317,264,316,-52
110000318,5,42,-37
110000319,14,17,-3
110000320,67,24,43
110000321,11,33,-22
110000322,256,243,13
110000323,313,139,174
110000324,2400,1374,1026
110000325,1830,2069,-239
110000327,341,175,166
110000328,138,264,-126
110000333,624,546,78
110000334,662,1080,-418
110000335,590,394,196
110000336,562,743,-181
110000337,1050,494,556
110000338,475,212,263
110000339,289,183,106
110000340,42,149,-107
110000341,413,401,12
110000342,279,4,275
110000343,0,9,-9
110000344,144,69,75
110000345,229,86,143
110000346,1634,1546,88
110000347,825,479,346
110000348,26,11,15
110000349,9,11,-2
110000350,33,2,31
110000351,767,577,190
110000352,594,1140,-546
110000353,1735,552,1183
110000354,1025,2155,-1130
110000355,50,39,11
110000356,428,9,419
110000357,294,8,286
110000361,13,38,-25
110000362,54,6,48
110000363,298,106,192
110000364,167,282,-115
110000365,110,2,108
110000366,0,59,-59
110000367,272,118,154
110000368,6,43,-37
110000369,33,0,33
110000373,1,177,-176
110000374,96,12,84
110000375,75,756,-681
110000376,28,79,-51
110000377,65,340,-275
110000378,21,250,-229
110000379,1762,1379,383
110000380,52,8,44
110000383,4,1065,-1061
110000384,1914,1067,847
110000385,2,128,-126
110000387,55,12,43
110000388,45,205,-160
110000389,709,2,707
110000391,483,187,296
110000396,144,148,-4
110000397,149,70,79
110000398,4,26,-22
110000399,89,1,88
110000587,71,35,36
110000589,236,122,114
110000640,248,89,159
110000652,29,121,-92
110000653,279,288,-9
110000654,193,482,-289
110000656,2,393,-391
110000674,16,11,5
110000675,13,5,8
110000676,1,25,-24
110000679,368,969,-601
110000682,89,171,-82
110000683,227,454,-227
110000684,1,22,-21
110000685,0,8,-8
110000686,0,23,-23
110000687,14,3,11
110000688,50,712,-662
110000689,37,31,6
110000692,41,76,-35
110000693,72,240,-168
110000694,1,177,-176
110000695,161,472,-311
110000696,64,65,-1
110000698,54,631,-577
110000699,126,309,-183
110900001,199,13,186
110900002,252,115,137
110900003,639,405,234
110900004,426,96,330
110900005,1541,1475,66
110900006,45,9,36
110900007,90,18,72
110900008,19,34,-15
110900009,364,97,267
110900010,13,45,-32
110900011,15,54,-39
110900012,9,44,-35
110900013,755,103,652
110900014,307,16,291
110900015,285,473,-188
110900016,50,106,-56
110900017,309,26,283
110900018,270,28,242
110900019,182,15,167
110900020,46,157,-111
110900021,65,329,-264
110900022,68,215,-147
110900023,55,276,-221
110900024,28,224,-196
110900025,2,26,-24
110900027,36,123,-87
110900028,19,91,-72
110900029,15,189,-174
110900030,27,128,-101
110900031,6,124,-118
110900032,0,40,-40
110900033,28,98,-70
110900035,21,362,-341
110900036,69,14,55
110900037,55,20,35
110900038,512,133,379
110900039,7,204,-197
110900040,160,26,134
110900041,9,54,-45
110900042,104,37,67
110900043,5,81,-76
110900044,140,12,128
110900045,49,239,-190
110900046,23,211,-188
110900047,202,161,41
110900049,45,43,2
110900050,24,3,21
110900052,15,140,-125
110900053,69,10,59
110900054,28,137,-109
110900055,35,2,33
110900056,39,81,-42
110900057,17,156,-139
110900058,194,83,111
110900059,462,359,103
110900060,424,109,315
110900061,10,21,-11
110900062,103,104,-1
110900063,27,83,-56
110900064,13,1,12
110900065,284,118,166
110900066,7,48,-41
110900067,151,341,-190
110900068,186,167,19
110900069,4,17,-13
110900070,95,47,48
110900071,157,333,-176
110900073,2,15,-13
110900074,258,78,180
110900075,280,51,229
110900077,705,474,231
110900078,34,27,7
110900079,1866,1114,752
110900080,88,64,24
110900081,5,42,-37
110900082,126,57,69
110900083,64,36,28
110900084,39,62,-23
110900085,33,145,-112
110900086,57,238,-181
110900087,281,51,230
110900088,15,2,13
110900090,9,26,-17
110900091,3,30,-27
110900093,114,76,38
110900095,36,28,8
110900097,12,16,-4
110900098,19,36,-17
110900099,30,216,-186
110900100,0,12,-12
110900102,50,10,40
110900105,291,189,102
110900108,13,24,-11
110900111,275,93,182
110900112,655,4,651
110900113,391,37,354
110900115,4,36,-32
110900116,563,1114,-551
110900118,108,2796,-2688
110900119,2328,242,2086
110900120,13,53,-40
110900121,119,0,119
110900122,320,151,169
110900125,349,369,-20
110900127,483,1058,-575
110900128,297,526,-229
110900129,269,721,-452
110900130,833,591,242
110900131,177,30,147
110900132,232,47,185
110900133,57,136,-79
110900135,40,173,-133
110900136,295,22,273
110900138,0,0,0
110900139,4,0,4
110900140,8,0,8
110900141,200,80,120
110900142,38,90,-52
110900143,101,49,52
110900144,1,454,-453
110900145,128,25,103
110900146,249,106,143
110900147,109,265,-156
110900148,0,188,-188
110900149,1,37,-36
110900150,23,16,7
110900151,3,48,-45
110900152,25,140,-115
110900153,140,46,94
111000001,503,490,13
111000002,747,549,198
111000003,1140,511,629
111000004,390,799,-409
111000005,1182,1018,164
111000006,760,1449,-689
111000007,3177,2345,832
111000008,1605,2319,-714
111000009,424,683,-259
111000010,729,242,487
111000011,323,1169,-846
111000012,703,369,334
111000013,361,996,-635
111000014,1055,496,559
111000017,152,897,-745
111000018,278,375,-97
111000020,611,1922,-1311
111000021,64,71,-7
111000023,79,69,10
111000025,3002,3122,-120
111000029,48,103,-55
111000030,24,108,-84
111000031,1538,933,605
111000032,440,303,137
111000033,217,302,-85
111000034,151,201,-50
111000037,1116,815,301
111000038,3073,1737,1336
111000039,1455,1464,-9
111000040,1480,1750,-270
111000041,1495,1373,122
111000042,2294,1789,505
111000043,1566,2585,-1019
111000044,1641,1157,484
111000045,1793,2048,-255
111000046,1134,1617,-483
111000047,1852,3189,-1337
111000049,448,440,8
111000050,1162,1084,78
111000051,413,883,-470
111000052,478,1455,-977
111000053,264,670,-406
111000054,341,618,-277
111000055,846,1260,-414
111000056,139,398,-259
111000057,73,343,-270
111000058,381,53,328
111000059,471,266,205
111000060,2938,771,2167
111000061,465,263,202
111000062,634,280,354
111000063,1429,809,620
111000064,635,454,181
111000065,851,702,149
111000066,442,323,119
111000067,410,520,-110
111000068,587,968,-381
111000069,1229,1462,-233
111000070,1089,824,265
111000071,229,458,-229
111000072,1060,428,632
111000073,313,816,-503
111000074,1205,1428,-223
111000075,1000,559,441
111000076,429,463,-34
111000077,1493,1560,-67
111000078,2533,1290,1243
111000079,1140,649,491
111000080,410,550,-140
111000081,1230,2985,-1755
111000082,617,504,113
111000084,690,451,239
111000085,761,889,-128
111000086,1881,894,987
111000087,617,479,138
111000088,3338,1669,1669
111000089,702,565,137
111000090,724,1089,-365
111000091,732,400,332
111000092,1062,697,365
111000093,537,970,-433
111000094,1325,959,366
111000095,466,1893,-1427
111000096,1295,5852,-4557
111000097,3180,1474,1706
111000098,642,857,-215
111000099,579,1348,-769
111000100,316,993,-677
111000101,325,572,-247
111000102,258,342,-84
111000104,480,129,351
111000107,126,498,-372
111000109,416,194,222
111000110,1157,499,658
111000111,1847,446,1401
111000112,1536,603,933
111000113,776,1371,-595
111000114,1984,2722,-738
111000115,4430,999,3431
111000116,740,742,-2
111000117,341,730,-389
111000118,1094,688,406
111000119,866,805,61
111000120,422,481,-59
111000121,259,558,-299
111000122,544,778,-234
111000123,931,1866,-935
111000124,411,1633,-1222
111000125,287,1054,-767
111000126,112,658,-546
111000127,865,135,730
111000128,1625,262,1363
111000129,2165,366,1799
111000130,1555,472,1083
111000131,1431,456,975
111000132,1202,612,590
111000133,162,144,18
111000134,142,70,72
111000135,45,124,-79
111000136,393,280,113
111000138,10,6,4
111000140,2,5,-3
111000141,222,266,-44
111000142,15,98,-83
111000143,10,122,-112
111000144,24,407,-383
111000145,1490,11,1479
111000146,148,16,132
111000147,303,37,266
111000148,109,47,62
111000149,1,21,-20
111000150,18,5,13
111000151,5,19,-14
111000153,478,611,-133
111000154,728,145,583
111000155,64,123,-59
111000156,372,483,-111
111000157,223,843,-620
111000158,746,591,155
111000159,1873,627,1246
111000160,468,306,162
111000161,15,240,-225
111000162,134,104,30
111000163,712,736,-24
111000164,448,2722,-2274
111000165,772,455,317
111000166,1721,342,1379
111000167,180,317,-137
111000168,178,382,-204
111000169,320,542,-222
111000170,441,379,62
111000171,487,431,56
111000172,202,345,-143
111000173,390,601,-211
111000174,239,247,-8
111000175,49,218,-169
111000176,233,99,134
111000177,314,183,131
111000178,1008,238,770
111000179,242,153,89
111000180,182,424,-242
111000181,998,167,831
111000182,195,193,2
111000183,329,299,30
111000184,317,202,115
111000185,287,385,-98
111000186,262,223,39
111000187,141,153,-12
111000188,221,307,-86
111000189,865,505,360
111000190,175,228,-53
111000191,205,246,-41
111000192,215,406,-191
111000193,274,257,17
111000194,55,301,-246
111000195,143,249,-106
111000196,74,152,-78
111000197,347,118,229
111000198,539,70,469
111000199,232,104,128
111000200,374,260,114
111000201,533,186,347
111000202,290,157,133
111000203,294,218,76
111000204,457,1084,-627
111000213,174,471,-297
111000214,1258,1040,218
111000215,1076,1061,15
111000217,1058,684,374
111000218,953,854,99
111000219,489,202,287
111000220,1004,435,569
111000221,566,100,466
111000224,92,331,-239
111000225,400,300,100
111000226,79,3,76
111000227,29,3,26
111000228,24,241,-217
111000229,57,725,-668
111000230,228,208,20
111000231,920,493,427
111000232,446,619,-173
111000233,825,581,244
111000234,116,344,-228
111000239,95,103,-8
111000240,41,158,-117
111000241,25,232,-207
111000242,102,39,63
111000243,107,381,-274
111000244,451,59,392
111000245,1051,308,743
111000246,507,293,214
111000247,235,570,-335
111000248,601,351,250
111000249,358,476,-118
111000250,45,43,2
111000251,55,62,-7
111000253,4,10,-6
111000255,24,8,16
111000257,39,14,25
111000260,53,782,-729
111000261,1119,71,1048
111000271,45,270,-225
111000273,2343,1247,1096
111000274,1035,1656,-621
111000275,133,49,84
111000276,197,1302,-1105
111000277,148,314,-166
111000278,433,178,255
111000291,726,4145,-3419
111000298,444,161,283
111000299,556,140,416
111000300,60,372,-312
111000302,240,91,149
111000303,60,154,-94
111000312,49,57,-8
111000315,19,127,-108
111000320,225,536,-311
111000321,304,106,198
111000322,330,300,30
111000323,214,20,194
111000324,297,153,144
111000325,65,60,5
111000326,183,228,-45
111000327,374,285,89
111000328,242,411,-169
111000329,1,31,-30
111000330,76,9,67
111000331,19,9,10
111000332,371,1068,-697
111000334,266,922,-656
111000335,753,215,538
111000337,1197,303,894
111000338,49,74,-25
111000339,437,194,243
111000340,96,349,-253
111000341,1065,592,473
111000342,271,985,-714
111000344,820,563,257
111000345,269,80,189
111000346,24,93,-69
111000347,170,5,165
111000350,156,103,53
111000351,103,234,-131
111000352,143,88,55
111000353,100,196,-96
111000354,386,114,272
111000355,294,414,-120
111000358,100,664,-564
111000360,200,394,-194
111000361,137,168,-31
111000546,551,388,163
111000547,319,340,-21
111000548,92,270,-178
111000549,251,184,67
111000550,86,773,-687
111000551,550,188,362
111000552,1651,208,1443
111000907,451,14,437
111000908,36,1,35
111000916,1399,248,1151
111000917,45,350,-305
111000918,183,481,-298
111000920,442,10,432
111000921,10,131,-121
111000922,379,209,170
111000924,26,424,-398
111000925,2068,1613,455
111000926,936,1312,-376
111000927,2520,3532,-1012
111000928,3419,2559,860
111000929,870,951,-81
111000930,623,1699,-1076
111000931,1601,2303,-702
111000932,3319,1819,1500
111000933,2963,1866,1097
111000934,1705,2592,-887
111000935,1224,738,486
111000936,1107,1643,-536
111000937,941,1136,-195
111000938,1319,1102,217
111000939,447,37,410
111000940,421,136,285
111000941,273,282,-9
111000943,348,203,145
111000944,149,252,-103
111000945,89,1036,-947
111001109,343,295,48
111001110,147,375,-228
111001111,90,5,85
111001112,93,5,88
111001113,9,187,-178
111001114,772,126,646
111001115,75,317,-242
111001116,3921,3616,305
111001117,733,2070,-1337
111001120,114,191,-77
111001121,196,192,4
111001122,231,349,-118
111001123,254,104,150
111001124,99,142,-43
111001125,5,145,-140
111001126,0,0,0
111001127,0,27,-27
111001128,549,514,35
111001129,3,248,-245
111900001,0,134,-134
111900002,1,365,-364
111900003,3,213,-210
111900004,27,64,-37
111900006,7,31,-24
111900007,63,0,63
111900008,115,0,115
111900009,106,0,106
111900010,220,278,-58
111900012,49,71,-22
111900013,6,8,-2
111900014,3277,2995,282
111900015,0,53,-53
111900016,0,71,-71
111900017,0,49,-49
111900018,218,6,212
111900019,7,74,-67
111900020,3,50,-47
111900021,27,72,-45
111900022,7,34,-27
111900023,29,60,-31
111900024,123,159,-36
111900025,0,35,-35
111900026,1,79,-78
111900027,3,104,-101
111900028,10,222,-212
111900029,2,54,-52
111900030,17,201,-184
111900032,3,217,-214
111900033,7,51,-44
111900034,217,284,-67
111900035,37,135,-98
111900036,0,166,-166
111900038,231,386,-155
111900039,36,305,-269
111900040,2,311,-309
111900042,24,99,-75
111900043,2,236,-234
111900044,282,143,139
111900046,53,95,-42
111900048,174,356,-182
111900049,26,144,-118
111900050,84,22,62
111900051,0,111,-111
111900052,271,206,65
111900053,633,988,-355
111900054,100,2,98
111900055,18,267,-249
111900056,93,244,-151
111900057,119,50,69
111900058,322,377,-55
111900059,1032,422,610
111900060,264,1,263
111900061,6,114,-108
111900062,29,56,-27
111900063,243,137,106
111900064,56,173,-117
111900065,51,23,28
111900066,91,128,-37
111900067,1,206,-205
111900068,37,48,-11
111900069,70,21,49
111900070,125,74,51
111900071,0,117,-117
111900072,53,15,38
111900073,589,98,491
111900074,5,93,-88
111900075,88,4,84
111900076,121,51,70
111900077,52,0,52
111900078,195,20,175
111900079,44,57,-13
111900080,139,239,-100
111900082,123,26,97
111900083,90,7,83
111900084,83,7,76
111900085,23,72,-49
111900086,32,6,26
111900087,49,1,48
111900088,422,4,418
111900089,87,1,86
111900090,53,52,1
111900091,140,3,137
111900092,78,0,78
111900093,360,4,356
111900094,100,1,99
111900095,153,22,131
111900096,124,11,113
111900097,67,0,67
111900098,165,3,162
111900099,58,0,58
111900100,99,5,94
111900101,76,15,61
111900102,338,308,30
111900103,81,74,7
111900104,101,45,56
111900105,254,103,151
111900106,461,26,435
111900110,974,248,726
111900111,142,6,136
111900112,324,1965,-1641
111900113,187,68,119
111900118,251,83,168
111900119,236,114,122
111900122,83,103,-20
111900123,10,18,-8
111900124,26,79,-53
111900125,381,16,365
111900126,184,4,180
111900127,0,446,-446
111900128,3,302,-299
111900129,185,1,184
111900130,124,15,109
111900131,500,3,497
111900132,20,605,-585
111900133,49,282,-233
111900134,11,161,-150
111900135,8,32,-24
111900136,78,139,-61
111900137,41,46,-5
111900138,8,52,-44
111900139,11,92,-81
111900140,87,16,71
111900141,38,14,24
111900142,90,33,57
111900143,77,66,11
111900144,0,56,-56
111900145,1,293,-292
111900146,2,154,-152
111900147,101,269,-168
111900148,17,394,-377
111900149,4,170,-166
111900150,13,77,-64
111900151,3,16,-13
111900152,35,67,-32
111900153,1047,438,609
111900154,10,197,-187
111900155,33,54,-21
111900156,33,41,-8
111900157,100,10,90
111900158,398,45,353
111900159,213,13,200
111900160,185,0,185
111900161,177,0,177
111900162,54,138,-84
111900163,35,126,-91
111900164,72,53,19
111901113,282,185,97
111901114,106,165,-59
111901115,44,3,41
111901116,24,2,22
111901117,13,21,-8
111901118,48,107,-59
111901119,393,28,365
111901121,78,91,-13
111901122,1,272,-271
111901123,121,198,-77
111901124,121,1,120
111901125,331,191,140
111901127,297,194,103
111901128,0,41,-41
111901129,1,40,-39
111901130,5,83,-78
111901131,4,142,-138
111901132,111,24,87
111901133,31,3,28
111901134,29,4,25
111901135,22,8,14
111901138,162,28,134
111901139,12,17,-5
111901140,14,37,-23
111901141,13,57,-44
111901142,3,70,-67
111901143,0,52,-52
111901144,34,30,4
111901145,115,209,-94
111901146,292,21,271
111901147,300,5,295
111901148,16,28,-12
111901149,14,5,9
111901150,18,0,18
111901151,0,0,0
111901152,14,23,-9
112000001,1526,562,964
112000002,481,1513,-1032
112000003,1075,863,212
112000004,487,620,-133
112000005,2740,3122,-382
112000006,1735,1211,524
112000007,2263,1732,531
112000008,2093,3328,-1235
112000009,2387,2367,20
112000010,2088,2721,-633
112000011,1204,1162,42
112000012,2759,3395,-636
112000013,3084,2014,1070
112000014,1928,1939,-11
112000015,2908,2455,453
112000016,2579,1135,1444
112000017,1100,1884,-784
112000024,1879,681,1198
112000026,2225,3165,-940
112000027,805,640,165
112000028,1022,1176,-154
112000029,363,563,-200
112000030,163,72,91
112000031,912,3454,-2542
112000032,277,38,239
112000033,1256,1583,-327
112000034,295,54,241
112000035,59,280,-221
112000036,620,767,-147
112000037,587,616,-29
112000038,901,703,198
112000039,108,49,59
112000040,60,245,-185
112000041,375,371,4
112000042,832,342,490
112000050,1000,1016,-16
112000051,837,981,-144
112000054,1123,1108,15
112000057,252,272,-20
112000058,276,396,-120
112000059,351,538,-187
112000061,2242,1648,594
112000062,1145,629,516
112000063,835,1305,-470
112000064,3123,4276,-1153
112000065,1455,1818,-363
112000066,2917,1395,1522
112000067,694,601,93
112000068,2851,2338,513
112000069,715,1238,-523
112000070,1425,868,557
112000071,927,1853,-926
112000072,1903,790,1113
112000073,1331,1689,-358
112000074,1197,902,295
112000075,1267,1070,197
112000076,2443,1906,537
112000077,660,416,244
112000078,1524,505,1019
112000079,1113,992,121
112000080,649,658,-9
112000081,1231,1742,-511
112000082,1148,685,463
112000083,531,875,-344
112000084,1027,711,316
112000085,1046,898,148
112000086,1555,1031,524
112000087,428,477,-49
112000088,803,425,378
112000089,183,246,-63
112000090,178,232,-54
112000091,548,701,-153
112000092,1713,899,814
112000093,1386,657,729
112000094,683,738,-55
112000095,552,658,-106
112000096,504,465,39
112000097,1113,659,454
112000098,671,774,-103
112000099,600,1333,-733
112000100,1445,617,828
112000101,429,619,-190
112000102,1067,548,519
112000103,283,740,-457
112000105,616,1172,-556
112000106,1819,386,1433
112000107,110,137,-27
112000108,303,1164,-861
112000109,171,79,92
112000110,1631,635,996
112000111,690,2190,-1500
112000112,2880,548,2332
112000113,670,1222,-552
112000114,1904,785,1119
112000115,281,284,-3
112000116,463,714,-251
112000117,878,722,156
112000118,838,578,260
112000119,399,633,-234
112000120,86,257,-171
112000121,93,303,-210
112000122,277,141,136
112000123,626,136,490
112000124,377,86,291
112000125,236,212,24
112000126,236,349,-113
112000127,1623,1585,38
112000128,609,464,145
112000129,128,100,28
112000130,139,64,75
112000131,63,199,-136
112000132,99,141,-42
112000133,287,138,149
112000134,324,247,77
112000135,1120,623,497
112000136,988,1127,-139
112000137,1296,1297,-1
112000138,1032,962,70
112000139,759,587,172
112000140,759,1061,-302
112000141,737,351,386
112000142,213,441,-228
112000143,952,180,772
112000144,287,788,-501
112000145,2211,472,1739
112000146,457,1378,-921
112000147,2219,1484,735
112000148,1355,1658,-303
112000149,368,381,-13
112000150,226,398,-172
112000151,332,241,91
112000152,339,291,48
112000153,188,154,34
112000154,105,131,-26
112000155,115,69,46
112000157,525,407,118
112000158,289,298,-9
112000159,388,286,102
112000167,299,68,231
112000169,264,298,-34
112000173,498,136,362
112000175,317,347,-30
112000176,2069,1654,415
112000177,516,162,354
112000178,57,225,-168
112000179,219,71,148
112000180,195,286,-91
112000181,1119,1257,-138
112000182,1140,953,187
112000183,33,30,3
112000184,390,259,131
112000185,440,412,28
112000187,2982,1828,1154
112000195,77,13,64
112000196,165,1,164
112000197,118,137,-19
112000198,46,150,-104
112000199,778,609,169
112000202,351,1,350
112000216,64,207,-143
112000230,47,5,42
112000231,4,133,-129
112000256,47,204,-157
112000313,51,93,-42
112000314,32,21,11
112000337,318,461,-143
112000352,280,390,-110
112000392,956,969,-13
112000398,1114,708,406
112000399,1266,1656,-390
112000400,1372,2004,-632
112000401,2040,1542,498
112000402,2224,2862,-638
112000403,1124,2311,-1187
112000404,707,654,53
112000405,1672,2426,-754
112000406,2537,1660,877
112000407,5702,6475,-773
112000408,5828,4767,1061
112000409,1270,3136,-1866
112000410,355,247,108
112000411,2232,1094,1138
112000412,1041,429,612
112000413,5262,4548,714
112000414,76,73,3
112000415,105,31,74
112000416,2172,1144,1028
112000417,298,65,233
112000421,48,53,-5
112000422,262,230,32
112000424,1579,2235,-656
112000425,177,258,-81
112000426,108,267,-159
112000427,0,12,-12
112000428,179,262,-83
112000429,1690,1746,-56
112000430,2008,2048,-40
112000431,68,119,-51
112000432,650,1186,-536
112000433,307,646,-339
112000437,80,128,-48
112900001,39,1,38
112900002,374,681,-307
112900003,52,246,-194
112900004,48,196,-148
112900005,149,107,42
112900007,23,105,-82
112900008,0,27,-27
112900009,282,68,214
112900010,346,637,-291
112900011,144,165,-21
112900012,1,45,-44
112900013,6,83,-77
112900014,4,144,-140
112900015,241,544,-303
112900016,3,123,-120
112900017,27,102,-75
112900018,292,524,-232
112900019,23,108,-85
112900020,244,777,-533
112900021,6,90,-84
112900022,8,40,-32
112900023,0,150,-150
112900024,10,85,-75
112900025,40,171,-131
112900026,5,185,-180
112900027,8,730,-722
112900028,4,58,-54
112900029,18,383,-365
112900030,137,119,18
112900031,2,285,-283
112900032,150,194,-44
112900034,0,37,-37
112900035,4,284,-280
112900036,36,94,-58
112900037,133,216,-83
112900038,506,100,406
112900039,13,190,-177
112900040,4,218,-214
112900041,539,776,-237
112900042,32,163,-131
112900043,37,16,21
112900044,354,296,58
112900045,217,231,-14
112900046,112,50,62
112900047,9,17,-8
112900049,190,58,132
112900050,23,328,-305
112900051,149,295,-146
112900052,3,482,-479
112900053,224,62,162
112900054,128,57,71
112900055,69,30,39
112900056,267,173,94
112900057,15,333,-318
112900058,281,288,-7
112900059,152,64,88
112900060,8,87,-79
112900061,76,77,-1
112900062,72,80,-8
112900063,103,26,77
112900064,93,106,-13
112900065,24,18,6
112900066,186,196,-10
112900067,232,94,138
112900068,37,37,0
112900069,1077,562,515
112900071,23,6,17
112900072,101,1314,-1213
112900073,350,64,286
112900074,77,262,-185
112900075,805,597,208
112900076,57,35,22
112900078,246,306,-60
112900079,182,38,144
112900080,56,4,52
112900081,41,163,-122
112900082,455,32,423
112900083,81,93,-12
112900084,155,90,65
112900086,55,1,54
112900087,481,96,385
112900088,100,28,72
112900089,703,31,672
112900090,58,18,40
112900091,230,3,227
112900092,90,210,-120
112900093,936,18,918
112900095,33,1,32
112900096,372,99,273
112900097,74,164,-90
112900098,67,1,66
112900099,678,8,670
112900100,61,1,60
112900101,266,1,265
112900102,74,19,55
112900103,146,10,136
112900104,456,5,451
112900105,21,0,21
112900106,362,85,277
112900107,7,1,6
112900108,34,0,34
112900109,69,0,69
112900110,1121,17,1104
112900111,587,0,587
112900112,275,11,264
112900113,0,14,-14
112900114,127,23,104
112900115,1155,1,1154
112900116,109,2,107
112900117,87,66,21
112900118,16,78,-62
112900119,143,3,140
112900120,571,153,418
112900121,78,127,-49
112900122,3,58,-55
112900123,44,11,33
112900124,12,84,-72
112900125,37,319,-282
112900126,163,175,-12
112900127,265,101,164
112900128,254,536,-282
112900129,2,549,-547
112900130,205,70,135
112900131,39,196,-157
112900132,84,329,-245
112900133,29,718,-689
112900134,0,162,-162
112900135,70,42,28
112900137,10,366,-356
112900138,4,143,-139
112900139,135,724,-589
112900141,598,44,554
112900142,57,130,-73
112900143,31,404,-373
112900144,9,549,-540
112900145,24,338,-314
112900146,5,734,-729
112900147,5,1170,-1165
112900148,37,6,31
112900149,126,308,-182
112900151,14,63,-49
112900152,2744,579,2165
112900153,1348,1871,-523
112900154,0,62,-62
112900155,164,32,132
112900156,411,814,-403
112900157,178,79,99
112900158,46,10,36
112900159,134,94,40
112900160,50,178,-128
112900161,94,40,54
112900162,26,23,3
112900163,77,31,46
112900164,28,151,-123
112900165,105,17,88
112900166,21,41,-20
112900167,7,33,-26
112900168,3,1,2
112900169,6,16,-10
112900170,85,59,26
112900172,31,7,24
112900173,115,76,39
112900174,132,31,101
112900175,111,101,10
112900176,19,45,-26
112900177,219,41,178
112900178,616,1829,-1213
112900179,36,314,-278
112900180,1371,1033,338
112900181,467,8,459
112900182,73,661,-588
112900183,129,237,-108
112900184,338,304,34
112900185,148,482,-334
112900186,964,745,219
112900187,59,440,-381
112900188,499,301,198
112900189,4,6,-2
112900190,9,22,-13
112900192,472,441,31
112900193,795,232,563
112900194,31,28,3
112900195,697,25,672
112900196,160,222,-62
112900197,152,297,-145
112900199,339,207,132
112900200,401,141,260
112900201,146,74,72
112900202,333,577,-244
112900203,290,151,139
112900204,706,530,176
112900205,20,22,-2
112900206,31,66,-35
112900207,17,0,17
112900208,94,308,-214
112900209,394,231,163
112900210,0,22,-22
112900211,62,16,46
112900212,1,92,-91
112900213,42,14,28
112900214,18,11,7
112900215,10,108,-98
112900216,23,32,-9
112900217,0,64,-64
112900218,90,1,89
112900219,91,17,74
112900220,0,0,0
112900221,8,92,-84
112900222,2,8,-6
112900223,795,20,775
112900224,250,292,-42
112900225,339,193,146
112900226,135,304,-169
112900227,312,416,-104
112900228,45,12,33
112900229,220,23,197
112900230,4570,2925,1645
112900232,170,207,-37
112900233,67,75,-8
112900234,13,39,-26
112900235,61,21,40
112900236,201,8,193
112900237,180,222,-42
112900238,6,14,-8
112900239,465,270,195
112900240,6,52,-46
112900241,14,57,-43
112900242,4,91,-87
112900243,13,99,-86
112900244,8,49,-41
112900245,3,34,-31
112900246,0,10,-10
112900247,95,35,60
112900248,15,1,14
112900249,38,1,37
112900250,58,16,42
112900251,91,8,83
112900252,54,40,14
112900253,43,11,32
112900254,14,4,10
112900255,1,27,-26
112900256,5,44,-39
112900257,16,30,-14
112900258,34,13,21
113000001,4457,3442,1015
113000002,2886,2545,341
113000003,1471,1215,256
113000004,1365,1725,-360
113000005,1310,784,526
113000006,765,1052,-287
113000007,1454,851,603
113000008,1233,1235,-2
113000009,818,599,219
113000010,942,962,-20
113000011,537,1156,-619
113000012,1426,461,965
113000013,1120,721,399
113000014,1233,1083,150
113000015,270,161,109
113000016,243,631,-388
113000017,29,302,-273
113000018,424,46,378
113000019,199,355,-156
113000020,505,94,411
113000021,947,516,431
113000022,560,767,-207
113000025,127,316,-189
113000026,373,352,21
113000027,402,491,-89
113000028,513,348,165
113000029,592,626,-34
113000030,322,514,-192
113000031,297,320,-23
113000032,237,251,-14
113000033,243,321,-78
113000034,312,300,12
113000035,44,19,25
113000036,11,36,-25
113000037,63,32,31
113000038,10,49,-39
113000039,85,332,-247
113000040,60,88,-28
113000042,611,491,120
113000051,706,1815,-1109
113000052,1438,647,791
113000053,322,300,22
113000054,287,542,-255
113000055,941,482,459
113000056,764,725,39
113000058,637,689,-52
113000059,948,509,439
113000060,270,393,-123
113000061,429,696,-267
113000062,542,229,313
113000063,175,94,81
113000064,63,188,-125
113000065,146,588,-442
113000066,602,92,510
113000067,1823,938,885
113000068,381,891,-510
113000069,505,834,-329
113000070,2210,856,1354
113000071,291,391,-100
113000072,716,375,341
113000073,216,943,-727
113000074,752,334,418
113000075,1679,566,1113
113000076,516,1532,-1016
113000077,813,581,232
113000078,589,1788,-1199
113000079,549,671,-122
113000080,558,555,3
113000081,543,650,-107
113000082,855,644,211
113000083,409,711,-302
113000084,1304,946,358
113000085,758,624,134
113000086,854,1002,-148
113000087,711,722,-11
113000088,1676,978,698
113000089,746,1329,-583
113000090,202,494,-292
113000091,371,264,107
113000094,912,160,752
113000095,187,632,-445
113000096,130,610,-480
113000097,886,272,614
113000098,102,39,63
113000099,728,338,390
113000100,88,397,-309
113000101,291,446,-155
113000102,610,400,210
113000103,1453,342,1111
113000104,382,1522,-1140
113000105,593,349,244
113000106,269,291,-22
113000107,813,696,117
113000108,582,852,-270
113000109,547,1296,-749
113000110,1274,342,932
113000111,175,415,-240
113000112,309,295,14
113000113,1029,340,689
113000114,199,956,-757
113000116,468,270,198
113000117,629,83,546
113000118,66,332,-266
113000119,273,262,11
113000120,51,197,-146
113000121,386,576,-190
113000124,201,118,83
113000125,53,549,-496
113000127,1830,265,1565
113000128,415,360,55
113000129,385,614,-229
113000133,1772,1373,399
113000134,4,889,-885
113000135,3577,4025,-448
113000137,1507,2805,-1298
113000139,281,151,130
113000140,87,194,-107
113000141,197,177,20
113000142,456,792,-336
113000143,213,260,-47
113000144,337,536,-199
113000145,54,85,-31
113000146,121,66,55
113000147,166,77,89
113000148,159,106,53
113000149,99,95,4
113000150,490,225,265
113000151,55,34,21
113000152,37,90,-53
113000153,1126,457,669
113000154,688,1302,-614
113000155,346,473,-127
113000156,129,332,-203
113000157,312,802,-490
113000158,568,256,312
113000159,796,677,119
113000160,645,830,-185
113000161,199,300,-101
113000162,629,289,340
113000163,82,73,9
113000164,20,66,-46
113000166,114,96,18
113000167,34,63,-29
113000168,67,89,-22
113000169,169,76,93
113000170,99,93,6
113000171,45,95,-50
113000172,269,71,198
113000173,57,24,33
113000174,122,405,-283
113000175,396,104,292
113000176,489,176,313
113000177,175,475,-300
113000178,172,267,-95
113000179,264,175,89
113000180,485,798,-313
113000181,1146,726,420
113000182,142,363,-221
113000183,136,450,-314
113000184,6,100,-94
113000189,447,599,-152
113000190,773,432,341
113000192,933,1871,-938
113000193,2789,1391,1398
113000194,1214,1047,167
113000195,1674,792,882
113000196,213,95,118
113000197,895,876,19
113000198,51,206,-155
113000199,976,254,722
113000201,196,210,-14
113000202,2453,696,1757
113000203,160,87,73
113000204,920,1760,-840
113000205,12,16,-4
113000206,14,40,-26
113000207,64,17,47
113000208,25,43,-18
113000209,16,21,-5
113000210,5,19,-14
113000211,248,305,-57
113000212,89,32,57
113000213,30,80,-50
113000214,179,221,-42
113000234,174,586,-412
113000410,118,203,-85
113000411,1820,3066,-1246
113000412,5081,2040,3041
113000413,1816,2239,-423
113000414,4650,10396,-5746
113000415,1613,2172,-559
113000416,6153,3080,3073
113000417,1650,2011,-361
113000418,3582,2714,868
113000419,1038,1642,-604
113000420,3143,4762,-1619
113000421,3118,5100,-1982
113000422,9109,9891,-782
113000423,1550,4351,-2801
113000424,2398,7471,-5073
113000425,9,57,-48
113000428,20,39,-19
113000430,12,87,-75
113000432,1893,148,1745
113000433,50,557,-507
113000434,27,111,-84
113000435,23,376,-353
113000436,9,757,-748
113000437,961,38,923
113000438,221,15,206
113000439,33,79,-46
113000440,100,42,58
113000441,236,177,59
113000442,112,114,-2
113000443,277,160,117
113000444,183,117,66
113000445,149,97,52
113000446,41,76,-35
113000448,184,124,60
113000449,169,686,-517
113000450,376,1476,-1100
113000451,829,146,683
113000452,275,358,-83
113000453,78,186,-108
113000454,462,115,347
113000455,34,256,-222
113000456,2654,2301,353
113000468,1252,129,1123
113000469,51,60,-9
113000470,341,32,309
113000471,17,278,-261
113000472,90,227,-137
113000474,645,507,138
113000475,1273,1207,66
113000476,1177,1441,-264
113000477,2650,1705,945
113000478,2764,3975,-1211
113000479,57,154,-97
113000483,0,0,0
113000484,0,0,0
113000485,0,0,0
113000486,4,0,4
113000487,0,1,-1
113000488,0,0,0
113000489,0,2,-2
113000490,0,0,0
113000491,2,0,2
113000492,0,3,-3
113000493,3,0,3
113000495,134,160,-26
113000496,101,135,-34
113900001,5,110,-105
113900002,0,37,-37
113900003,0,45,-45
113900004,1,37,-36
113900005,2,33,-31
113900006,2,12,-10
113900007,20,0,20
113900008,10,0,10
113900009,88,4,84
113900010,42,4,38
113900011,50,0,50
113900012,22,0,22
113900013,116,3,113
113900014,503,0,503
113900015,0,26,-26
113900016,36,0,36
113900017,5,30,-25
113900018,276,200,76
113900019,135,47,88
113900020,98,0,98
113900022,15,0,15
113900023,25,0,25
113900024,31,32,-1
113900025,168,9,159
113900026,37,0,37
113900027,5,42,-37
113900028,35,266,-231
113900029,67,180,-113
113900030,178,2,176
113900031,9,0,9
113900032,19,1,18
113900033,103,38,65
113900035,31,0,31
113900036,16,42,-26
113900037,103,304,-201
113900038,63,89,-26
113900039,132,13,119
113900040,5,4,1
113900041,2,2,0
113900042,55,33,22
113900043,58,60,-2
113900044,270,259,11
113900045,63,5,58
113900046,188,437,-249
113900047,27,88,-61
113900048,135,65,70
113900049,358,212,146
113900050,176,214,-38
113900051,149,211,-62
113900052,134,153,-19
113900053,431,382,49
113900054,20,2,18
113900055,40,268,-228
113900056,45,161,-116
113900057,11,36,-25
113900058,56,71,-15
113900059,156,224,-68
113900060,88,88,0
113900061,544,184,360
113900062,51,6,45
113900063,65,121,-56
113900064,21,92,-71
113900065,382,11,371
113900066,253,182,71
113900067,85,116,-31
113900068,398,302,96
113900069,16,15,1
113900070,133,359,-226
113900071,47,68,-21
113900072,43,99,-56
113900073,209,234,-25
113900074,59,197,-138
113900075,1079,836,243
113900076,90,15,75
113900077,35,128,-93
113900078,30,58,-28
113900079,0,25,-25
113900080,374,163,211
113900081,32,120,-88
113900082,96,142,-46
113900083,213,241,-28
113900084,212,79,133
113900085,47,235,-188
113900086,27,36,-9
113900087,63,88,-25
113900088,72,73,-1
113900089,324,37,287
113900090,445,242,203
113900091,12,10,2
113900092,18,57,-39
113900093,46,503,-457
113900094,378,299,79
113900095,153,79,74
113900096,229,41,188
113900097,34,53,-19
113900098,527,55,472
113900099,0,17,-17
113900100,0,0,0
113900101,23,46,-23
113900102,91,127,-36
113900103,212,210,2
113900104,135,180,-45
113900105,109,111,-2
113900106,1,22,-21
113900107,0,17,-17
113900108,191,190,1
113900109,259,142,117
113900110,31,10,21
113900111,128,95,33
113900112,76,41,35
113900113,613,395,218
113900114,0,37,-37
113900115,0,57,-57
113900116,74,106,-32
113900117,58,20,38
113900118,190,219,-29
113900119,145,476,-331
113900120,47,20,27
113900121,33,81,-48
113900122,243,1546,-1303
113900123,316,161,155
113900124,0,50,-50
113900125,535,80,455
113900126,67,31,36
113900127,191,498,-307
113900128,146,59,87
113900129,10,124,-114
113900130,0,29,-29
113900131,166,47,119
113900132,53,45,8
113900133,27,82,-55
113900135,266,225,41
113900136,69,55,14
113900137,279,216,63
113900138,32,108,-76
113900139,147,137,10
113900140,157,217,-60
113900141,428,188,240
113900142,98,47,51
113900143,16,23,-7
113900144,165,157,8
113900145,314,138,176
113900146,107,40,67
113900148,121,275,-154
113900149,76,49,27
113900150,442,342,100
113900151,328,125,203
113900152,23,43,-20
113900153,243,447,-204
113900154,0,90,-90
113900155,123,134,-11
113900156,207,292,-85
113900157,24,221,-197
113900158,236,267,-31
113900159,21,165,-144
113900160,432,345,87
113900161,31,183,-152
113900162,307,480,-173
113900163,185,191,-6
113900164,206,60,146
113900165,440,300,140
113900166,141,90,51
113900167,202,40,162
113900168,69,76,-7
113900169,184,275,-91
113900171,167,41,126
113900172,7,100,-93
113900173,48,428,-380
113900174,412,388,24
113900175,303,104,199
113900176,220,347,-127
113900177,332,159,173
113900178,201,111,90
113900179,18,293,-275
113900180,113,80,33
113900181,434,107,327
113900182,525,622,-97
113900183,41,51,-10
113900184,16,359,-343
113900185,159,68,91
113900186,15,25,-10
113900187,41,107,-66
113900188,26,68,-42
113900189,198,139,59
113900190,227,113,114
113900191,78,99,-21
113900192,961,1089,-128
113900193,14,141,-127
113900194,1063,900,163
113900195,232,249,-17
113900196,1,88,-87
113900197,0,99,-99
113900198,18,132,-114
113900199,90,445,-355
113900200,13,135,-122
113900201,0,107,-107
113900202,27,149,-122
113900203,9,87,-78
113900204,19,383,-364
113900205,5,125,-120
113900206,7,95,-88
113900207,1,39,-38
113900208,0,30,-30
113900209,1,47,-46
113900210,429,551,-122
113900211,170,44,126
113900212,130,296,-166
113900214,358,294,64
113900215,49,76,-27
113900216,105,510,-405
113900217,55,170,-115
113900218,122,94,28
113900219,86,299,-213
113900220,81,72,9
113900221,316,154,162
113900222,997,614,383
113900223,145,534,-389
113900224,56,54,2
113900225,329,146,183
113900226,307,95,212
113900227,354,150,204
113900228,198,301,-103
113900229,58,545,-487
113900230,2431,2584,-153
113900231,112,133,-21
113900232,75,86,-11
113900233,79,53,26
113900234,230,279,-49
113900235,102,26,76
113900236,112,241,-129
113900237,122,9,113
113900238,196,385,-189
113900239,30,62,-32
113900240,1,117,-116
113900241,41,39,2
113900242,34,72,-38
113900243,95,311,-216
113900244,249,156,93
113900245,946,216,730
113900246,9,15,-6
113900247,124,374,-250
113900248,1587,1233,354
113900249,573,322,251
113900250,38,109,-71
113900251,564,160,404
113900252,483,12,471
113900253,575,49,526
113900254,752,96,656
113900255,309,17,292
113900256,319,20,299
113900257,20,383,-363
113900258,10,385,-375
113900259,447,127,320
113900260,168,11,157
113900261,8,66,-58
113900262,94,366,-272
113900263,99,472,-373
113900264,1,297,-296
113900265,112,158,-46
113900266,46,105,-59
113900267,66,335,-269
113900268,243,304,-61
113900269,73,89,-16
113900270,229,489,-260
113900271,457,684,-227
113900273,30,14,16
113900274,63,16,47
113900275,19,66,-47
113900276,0,106,-106
113900277,88,5,83
113900278,201,115,86
113900279,54,65,-11
113900280,1067,498,569
113900281,421,1085,-664
113900282,401,385,16
113900283,326,377,-51
113900284,576,234,342
113900285,106,36,70
113900286,44,82,-38
113900287,47,12,35
113900288,2,89,-87
113900289,556,76,480
113900290,213,158,55
113900291,71,145,-74
113900292,15,1,14
113900293,13,144,-131
113900294,334,13,321
113900295,367,369,-2
113900296,776,248,528
113900297,1841,32,1809
113900298,11,1253,-1242
113900299,74,103,-29
113900300,1983,1432,551
113900301,653,256,397
113900302,1628,691,937
113900303,318,290,28
113900304,2,70,-68
113900305,77,0,77
113900306,25,0,25
113900307,15,0,15
113900308,74,69,5
113900309,0,541,-541
113900310,1,6,-5
113900311,2,0,2
113900312,154,189,-35
113900313,8,5,3
113900314,0,4,-4
113900315,37,0,37
114000001,739,1898,-1159
114000002,232,274,-42
114000003,192,591,-399
114000004,261,254,7
114000005,189,213,-24
114000006,1989,1868,121
114000007,559,848,-289
114000008,1149,1449,-300
114000009,666,229,437
114000011,2124,1923,201
114000012,2072,1239,833
114000013,1336,1123,213
114000014,576,385,191
114000015,1621,290,1331
114000016,215,227,-12
114000017,90,195,-105
114000018,153,22,131
114000026,1460,881,579
114000027,2562,1542,1020
114000028,1956,2080,-124
114000038,253,101,152
114000039,191,151,40
114000040,97,159,-62
114000042,167,126,41
114000043,323,195,128
114000044,358,147,211
114000045,33,49,-16
114000046,2449,3779,-1330
114000047,10,48,-38
114000048,116,122,-6
114000049,1115,1342,-227
114000050,1209,1809,-600
114000051,2236,1814,422
114000052,2796,1595,1201
114000053,70,557,-487
114000054,163,529,-366
114000055,147,17,130
114000056,819,631,188
114000057,3368,1585,1783
114000058,349,1179,-830
114000059,223,307,-84
114000060,551,693,-142
114000061,2274,2502,-228
114000062,1748,1336,412
114000063,2214,1379,835
114000064,4329,2990,1339
114000065,1269,1809,-540
114000066,397,418,-21
114000067,28,610,-582
114000068,471,522,-51
114000069,666,428,238
114000070,1943,1472,471
114000071,578,324,254
114000072,321,127,194
114000073,14,40,-26
114000074,27,9,18
114000075,39,58,-19
114000076,15,96,-81
114000077,15,25,-10
114000078,226,427,-201
114000079,91,25,66
114000080,88,63,25
114000081,76,74,2
114000082,30,299,-269
114000083,31,155,-124
114000084,269,73,196
114000085,83,358,-275
114000086,148,275,-127
114000087,107,107,0
114000088,58,39,19
114000089,504,275,229
114000090,703,625,78
114000091,1139,834,305
114000092,785,458,327
114000093,1078,632,446
114000094,304,293,11
114000095,196,120,76
114000096,107,271,-164
114000097,106,381,-275
114000098,449,76,373
114000099,628,431,197
114000100,1115,422,693
114000101,341,463,-122
114000102,422,252,170
114000103,150,311,-161
114000104,17,164,-147
114000105,88,62,26
114000106,612,775,-163
114000107,272,72,200
114000108,1601,895,706
114000109,491,1353,-862
114000110,437,1088,-651
114000111,1476,566,910
114000112,449,1685,-1236
114000113,1526,407,1119
114000114,1003,1083,-80
114000115,2095,958,1137
114000116,587,1297,-710
114000117,2369,337,2032
114000118,2024,378,1646
114000119,1414,407,1007
114000120,272,285,-13
114000121,385,634,-249
114000122,338,235,103
114000123,1637,259,1378
114000124,716,211,505
114000125,442,592,-150
114000126,1536,187,1349
114000127,179,121,58
114000128,657,247,410
114000130,376,373,3
114000131,223,90,133
114000132,483,387,96
114000133,728,945,-217
114000134,51,92,-41
114000138,30,141,-111
114000139,352,208,144
114000144,662,405,257
114000145,59,137,-78
114000146,93,174,-81
114000147,1181,1775,-594
114000148,1636,1521,115
114000149,336,229,107
114000150,1286,1243,43
114000151,1066,1740,-674
114000152,122,37,85
114000153,850,2085,-1235
114000154,693,716,-23
114000155,1279,1830,-551
114000156,595,485,110
114000157,249,754,-505
114000158,1111,597,514
114000159,197,386,-189
114000160,97,327,-230
114000161,1087,2549,-1462
114000162,896,2347,-1451
114000163,19,79,-60
114000165,536,269,267
114000166,631,299,332
114000167,2153,1281,872
114000168,576,468,108
114000169,1247,1051,196
114000170,896,1004,-108
114000171,1004,2757,-1753
114000174,197,335,-138
114000176,396,324,72
114000177,1416,701,715
114000178,37,35,2
114000179,1008,641,367
114000180,376,511,-135
114000181,1208,2935,-1727
114000182,1895,1928,-33
114000183,662,770,-108
114000184,2496,874,1622
114000185,831,589,242
114000189,760,108,652
114000190,2213,290,1923
114000191,79,72,7
114000192,147,857,-710
114000193,457,1797,-1340
114000194,1054,602,452
114000195,121,20,101
114000196,0,161,-161
114000197,1033,7,1026
114000198,629,313,316
114000199,1466,1319,147
114000200,430,1143,-713
114000201,111,564,-453
114000202,664,385,279
114000203,679,737,-58
114000204,137,337,-200
114000205,107,968,-861
114000206,395,912,-517
114000207,454,1176,-722
114000208,344,1497,-1153
114000209,447,1603,-1156
114000210,145,790,-645
114000211,770,1141,-371
114000212,479,673,-194
114000213,986,490,496
114000214,71,121,-50
114000215,203,57,146
114000216,1052,208,844
114000217,314,150,164
114000218,95,152,-57
114000219,1143,148,995
114000220,35,714,-679
114000221,671,93,578
114000222,106,673,-567
114000223,376,129,247
114000224,59,386,-327
114000225,173,392,-219
114000226,150,193,-43
114000227,720,383,337
114000228,612,639,-27
114000229,772,597,175
114000230,1260,836,424
114000231,742,867,-125
114000232,583,112,471
114000233,1665,107,1558
114000234,928,671,257
114000235,1015,1272,-257
114000236,1,260,-259
114000237,117,517,-400
114000238,99,195,-96
114000239,115,759,-644
114000240,548,650,-102
114000241,235,642,-407
114000242,703,547,156
114000243,1192,701,491
114000244,414,293,121
114000245,379,526,-147
114000246,102,40,62
114000247,478,472,6
114000248,915,399,516
114000249,412,395,17
114000250,341,461,-120
114000251,314,177,137
114000252,68,44,24
114000253,33,95,-62
114000254,27,32,-5
114000255,350,192,158
114000256,1254,1746,-492
114000257,453,916,-463
114000258,189,337,-148
114000259,71,153,-82
114000260,0,24,-24
114000261,62,22,40
114000262,101,83,18
114000263,12,1,11
114000264,826,275,551
114000265,0,1,-1
114000267,1,1228,-1227
114000268,1,845,-844
114000270,153,6,147
114000271,296,50,246
114000283,904,307,597
114000285,11,155,-144
114000288,75,194,-119
114000289,1085,160,925
114000293,123,326,-203
114000294,133,178,-45
114000395,1040,30,1010
114000396,521,448,73
114000402,486,197,289
114000403,239,204,35
114000405,134,300,-166
114000423,253,246,7
114000424,292,116,176
114000425,635,261,374
114000426,274,674,-400
114000427,55,68,-13
114000428,203,181,22
114000429,8,142,-134
114000432,71,63,8
114000434,27,57,-30
114000435,0,108,-108
114900001,607,653,-46
114900002,374,41,333
114900003,581,860,-279
114900004,167,263,-96
114900005,565,451,114
114900006,69,49,20
114900007,184,9,175
114900008,154,112,42
114900010,1359,1689,-330
114900011,140,106,34
114900013,211,120,91
114900018,632,15,617
114900020,236,75,161
114900022,19,403,-384
114900025,367,148,219
114900026,91,98,-7
114900029,137,27,110
114900030,335,173,162
114900031,316,35,281
114900032,290,42,248
114900034,66,140,-74
114900035,82,203,-121
114900036,197,474,-277
114900039,420,370,50
114900040,81,85,-4
114900041,628,362,266
114900042,680,537,143
114900044,106,19,87
114900047,199,1633,-1434
114900048,100,213,-113
114900049,33,206,-173
114900050,46,314,-268
114900051,16,215,-199
114900052,56,129,-73
114900053,56,217,-161
114900054,15,83,-68
114900057,174,10,164
114900058,0,47,-47
114900059,76,64,12
114900063,79,144,-65
114900064,1214,368,846
114900065,397,498,-101
114900067,36,313,-277
114900068,64,173,-109
114900069,147,79,68
114900070,525,307,218
114900072,8,262,-254
114900073,1,92,-91
114900074,565,393,172
114900075,175,3,172
114900076,10,185,-175
114900080,1359,269,1090
114900082,2597,1875,722
114900083,840,932,-92
114900090,316,245,71
114900091,131,162,-31
114900097,93,1,92
114900098,4,129,-125
114900099,181,16,165
115000001,4295,2780,1515
115000002,3056,3252,-196
115000003,3973,2324,1649
115000004,3332,4704,-1372
115000005,1222,1530,-308
115000006,811,1326,-515
115000007,132,124,8
115000008,318,398,-80
115000009,141,205,-64
115000010,205,147,58
115000013,75,181,-106
115000015,101,392,-291
115000016,53,224,-171
115000019,61,373,-312
115000020,77,560,-483
115000021,213,365,-152
115000022,386,288,98
115000023,238,481,-243
115000024,732,343,389
115000025,589,542,47
115000026,139,314,-175
115000027,192,216,-24
115000028,165,631,-466
115000029,437,81,356
115000030,597,811,-214
115000031,984,190,794
115000032,12,209,-197
115000033,155,42,113
115000034,53,549,-496
115000035,912,55,857
115000036,3,358,-355
115000037,514,21,493
115000038,49,135,-86
115000039,2615,2608,7
115000040,3953,2248,1705
115000041,997,2613,-1616
115000042,507,511,-4
115000043,3337,2035,1302
115000044,3082,3040,42
115000045,2159,1273,886
115000046,1822,2084,-262
115000047,1867,1184,683
115000048,1319,1552,-233
115000049,1183,2416,-1233
115000050,2482,1395,1087
115000051,1307,2157,-850
115000052,1726,1351,375
115000053,1506,1428,78
115000054,464,888,-424
115000055,190,793,-603
115000056,250,472,-222
115000057,701,1356,-655
115000058,717,364,353
115000059,170,131,39
115000061,123,148,-25
115000062,204,243,-39
115000063,252,200,52
115000064,192,82,110
115000065,88,438,-350
115000067,140,14,126
115000069,60,211,-151
115000070,27,560,-533
115000071,141,14,127
115000072,13,64,-51
115000073,916,61,855
115000075,77,55,22
115000076,2336,1994,342
115000077,1648,1504,144
115000078,1165,926,239
115000079,972,1146,-174
115000080,1812,1636,176
115000081,378,673,-295
115000082,3037,2816,221
115000083,1647,1433,214
115000084,1971,921,1050
115000085,571,615,-44
115000086,922,538,384
115000087,367,1057,-690
115000088,1468,462,1006
115000089,1087,993,94
115000090,373,636,-263
115000091,154,679,-525
115000092,437,304,133
115000093,390,1,389
115000094,4510,4139,371
115000095,3143,4142,-999
115000096,716,911,-195
115000097,760,658,102
115000098,796,564,232
115000099,2072,1688,384
115000100,822,263,559
115000101,359,996,-637
115000102,402,202,200
115000103,223,509,-286
115000105,78,105,-27
115000106,500,230,270
115000107,148,289,-141
115000108,1971,1676,295
115000109,2889,3259,-370
115000110,1034,1141,-107
115000111,540,1140,-600
115000112,515,539,-24
115000113,423,599,-176
115000114,1152,603,549
115000116,3271,1972,1299
115000117,2670,2655,15
115000118,1626,1564,62
115000119,1473,1895,-422
115000120,447,1155,-708
115000121,1045,746,299
115000122,2443,1229,1214
115000123,1030,1847,-817
115000124,797,856,-59
115000125,322,512,-190
115000126,92,219,-127
115000127,311,70,241
115000128,311,652,-341
115000129,197,289,-92
115000130,399,549,-150
115000131,751,229,522
115000132,192,274,-82
115000133,477,207,270
115000134,218,163,55
115000135,230,116,114
115000136,197,199,-2
115000137,132,148,-16
115000138,284,260,24
115000139,232,153,79
115000140,314,178,136
115000141,203,126,77
115000142,164,168,-4
115000143,626,435,191
115000144,499,73,426
115000145,254,221,33
115000146,384,258,126
115000147,251,309,-58
115000148,190,639,-449
115000149,358,120,238
115000150,562,636,-74
115000151,905,412,493
115000152,565,675,-110
115000153,920,461,459
115000154,653,260,393
115000155,513,625,-112
115000156,831,598,233
115000157,593,594,-1
115000158,478,352,126
115000159,609,439,170
115000160,282,256,26
115000161,127,332,-205
115000162,498,547,-49
115000163,457,588,-131
115000164,587,493,94
115000165,274,454,-180
115000167,155,111,44
115000168,449,281,168
115000169,468,253,215
115000170,132,129,3
115000171,309,217,92
115000172,763,440,323
115000173,233,380,-147
115000174,138,250,-112
115000175,186,149,37
115000176,101,103,-2
115000177,90,103,-13
115000178,11,170,-159
115000179,14,43,-29
115000180,124,378,-254
115000181,531,112,419
115000182,611,202,409
115000183,284,553,-269
115000186,616,180,436
115000187,149,559,-410
115000188,402,339,63
115000189,149,329,-180
115000190,511,285,226
115000191,90,344,-254
115000194,95,166,-71
115000195,246,274,-28
115000196,137,81,56
115000197,197,161,36
115000198,251,135,116
115000199,352,116,236
115000200,283,109,174
115000201,172,231,-59
115000206,257,27,230
115000207,80,319,-239
115000208,182,338,-156
115000209,479,200,279
115000210,94,103,-9
115000211,131,99,32
115000212,1115,264,851
115000224,376,35,341
115000225,40,57,-17
115000229,149,93,56
115000230,78,325,-247
115000231,229,1028,-799
115000232,1307,215,1092
115000233,116,136,-20
115000234,15,220,-205
115000241,70,186,-116
115000242,76,242,-166
115000243,31,168,-137
115000244,13,79,-66
115000246,34,16,18
115000247,27,7,20
115000248,34,13,21
115000249,16,15,1
115000250,218,32,186
115000251,191,73,118
115000252,66,134,-68
115000253,11,351,-340
115000258,237,102,135
115000259,264,97,167
115000261,29,17,12
115000262,13,30,-17
115000263,15,58,-43
115000264,24,53,-29
115000267,75,52,23
115000268,28,99,-71
115000269,113,75,38
115000270,15,29,-14
115000272,72,123,-51
115000273,252,31,221
115000280,2365,134,2231
115000281,303,435,-132
115000282,441,289,152
115000284,243,159,84
115000296,936,9,927
115000297,94,82,12
115000298,188,617,-429
115000300,153,148,5
115000302,480,103,377
115000303,549,85,464
115000304,542,51,491
115000305,95,410,-315
115000306,163,232,-69
115000307,54,198,-144
115000308,17,15,2
115000310,748,533,215
115000311,795,802,-7
115000313,155,401,-246
115000314,362,147,215
115000315,830,613,217
115000316,61,119,-58
115000317,196,373,-177
115000318,610,240,370
115000319,38,297,-259
115000320,16,231,-215
115000321,265,13,252
115000322,40,162,-122
115000449,194,136,58
115000557,26,831,-805
115000558,485,133,352
115000587,571,314,257
115000588,1828,1959,-131
115000589,2714,1827,887
115000590,964,965,-1
115000591,1094,597,497
115000592,465,1347,-882
115000593,1033,522,511
115000594,634,2064,-1430
115000609,154,138,16
115000617,1372,2835,-1463
115000624,274,40,234
115000633,355,1430,-1075
115000634,2144,754,1390
115000635,487,145,342
115000638,451,416,35
115000641,58,114,-56
115000642,212,210,2
115000643,125,388,-263
115000644,99,366,-267
115000646,672,1332,-660
115000647,211,486,-275
115000648,1590,1390,200
115000893,2404,1371,1033
115000894,104,809,-705
115000895,401,801,-400
115000896,1141,370,771
115000897,452,124,328
115000898,494,182,312
115000899,369,843,-474
115000900,72,271,-199
115000901,68,134,-66
115000912,424,85,339
115000913,1,11,-10
115000915,9,0,9
115000916,8,1,7
115000917,0,2,-2
115000918,57,240,-183
115000919,7,7,0
115000920,21,36,-15
115000921,390,64,326
115000922,908,659,249
115000923,367,1163,-796
115000925,95,91,4
115000927,31,48,-17
115000933,257,282,-25
115000934,146,138,8
115000935,135,68,67
115000936,46,454,-408
115000937,649,125,524
115000938,207,230,-23
115000939,283,250,33
115000940,36,18,18
115000941,15,12,3
115000942,30,111,-81
115000943,30,24,6
115000944,1,32,-31
115900001,96,16,80
115900002,64,63,1
115900003,173,69,104
115900004,0,35,-35
115900005,140,11,129
115900006,105,162,-57
115900008,49,1,48
115900009,65,120,-55
115900010,233,90,143
115900011,297,135,162
115900012,115,40,75
115900013,272,93,179
115900014,77,85,-8
115900015,110,44,66
115900016,60,18,42
115900017,11,5,6
115900018,155,24,131
115900019,82,11,71
115900020,58,1,57
115900021,790,183,607
115900022,899,11,888
115900023,42,4,38
115900025,36,147,-111
115900026,622,165,457
115900027,2,178,-176
115900028,427,41,386
115900029,10,233,-223
115900030,18,28,-10
115900031,254,236,18
115900032,405,488,-83
115900033,1,30,-29
115900034,17,193,-176
115900035,15,21,-6
115900036,51,585,-534
115900037,26,178,-152
115900038,23,7,16
115900039,119,144,-25
115900041,384,468,-84
115900042,23,7,16
115900043,87,44,43
115900044,169,173,-4
115900046,200,127,73
115900047,129,112,17
115900049,125,159,-34
115900051,1,14,-13
115900052,14,158,-144
115900053,197,133,64
115900054,176,31,145
115900055,23,101,-78
115900056,157,150,7
115900057,18,9,9
115900058,24,45,-21
115900060,40,67,-27
115900061,168,0,168
115900062,18,171,-153
115900063,55,6,49
115900064,124,205,-81
115900065,111,78,33
115900066,95,70,25
115900067,10,320,-310
115900068,1914,618,1296
115900069,46,105,-59
115900070,165,119,46
115900071,1,274,-273
115900072,29,102,-73
115900073,68,80,-12
115900074,3,175,-172
115900075,20,125,-105
115900076,4,47,-43
115900077,0,141,-141
115900078,32,76,-44
115900079,119,13,106
115900080,335,149,186
115900081,18,51,-33
115900082,96,120,-24
115900084,304,20,284
115900085,21,38,-17
115900086,940,445,495
115900088,1,40,-39
115900089,273,413,-140
115900090,305,11,294
115900091,2,13,-11
115900092,15,116,-101
115900093,4,16,-12
115900094,1,204,-203
115900096,6,6,0
115900097,5,252,-247
115900098,175,220,-45
115900099,72,50,22
115900100,5,346,-341
115900101,94,120,-26
115900102,56,73,-17
115900103,197,94,103
115900104,35,61,-26
115900105,218,260,-42
115900106,66,22,44
115900107,67,57,10
115900108,105,27,78
115900109,36,232,-196
115900110,4,19,-15
115900111,1,71,-70
115900112,20,517,-497
115900113,43,21,22
115900114,2,85,-83
115900115,32,175,-143
115900116,60,483,-423
115900117,54,10,44
115900118,0,123,-123
115900119,85,75,10
115900120,37,161,-124
115900121,148,135,13
115900124,180,526,-346
115900125,285,42,243
115900126,574,63,511
115900127,549,64,485
115900128,8,99,-91
115900129,589,65,524
115900130,23,175,-152
115900131,199,19,180
115900132,415,5,410
115900134,260,13,247
115900135,390,849,-459
115900137,27,5,22
115900139,21,40,-19
115900140,167,28,139
115900141,9,56,-47
115900142,8,38,-30
115900143,163,206,-43
115900144,86,143,-57
115900146,9,59,-50
115900147,151,141,10
115900148,90,1,89
115900149,83,13,70
115900150,71,20,51
115900151,13,55,-42
115900152,113,204,-91
115900153,92,168,-76
115900154,245,273,-28
115900155,0,20,-20
115900156,488,728,-240
115900157,131,314,-183
115900158,11,12,-1
115900159,146,178,-32
115900160,5,5,0
115900161,16,115,-99
115900163,139,82,57
115900164,477,1,476
115900166,137,109,28
115900168,71,64,7
115900171,75,246,-171
115900172,37,74,-37
115900173,185,106,79
115900174,193,213,-20
115900175,79,174,-95
115900178,1,394,-393
115900179,200,6,194
115900180,37,114,-77
115900181,136,143,-7
115900182,314,158,156
115900183,29,35,-6
115900184,1128,10,1118
115900187,12,104,-92
115900189,0,121,-121
115900190,188,1093,-905
115900191,21,217,-196
115900192,7,106,-99
115900193,112,107,5
115900194,653,35,618
115900195,494,1560,-1066
115900198,168,246,-78
115900199,157,115,42
115900200,202,229,-27
115900201,390,306,84
115900202,2,47,-45
115900203,17,12,5
115900204,0,5,-5
115900205,98,21,77
115900206,145,98,47
115900207,37,22,15
115900208,124,88,36
115900209,1,130,-129
115900210,1,93,-92
115900211,0,121,-121
115900212,107,149,-42
115900213,94,61,33
115900214,432,148,284
115900215,21,89,-68
115900216,4,89,-85
115900217,2,33,-31
115900218,15,16,-1
115900219,64,3,61
115900220,108,14,94
115900221,88,22,66
115900222,35,34,1
115900223,7,302,-295
115900224,618,772,-154
115900225,67,29,38
115900226,21,18,3
115900227,8,26,-18
115900228,6,22,-16
115900229,3,34,-31
115900230,33,74,-41
115900231,106,1,105
115900232,49,3,46
115900233,77,3,74
115900234,29,20,9
115900235,15,28,-13
115900236,35,31,4
115900237,20,33,-13
115900238,30,23,7
115900239,19,26,-7
115900240,19,38,-19
115900241,167,88,79
115900242,185,248,-63
115900243,5,4,1
115900244,13,11,2
115900245,16,5,11
115900246,10,10,0
115900247,27,8,19
115900248,11,2,9
115900249,1,8,-7
115900250,7,22,-15
115900251,2,11,-9
115900252,4,2,2
115900253,16,16,0
115900254,9,16,-7
115900255,0,17,-17
115900256,15,60,-45
115900257,8,1,7
115900258,0,0,0
115900259,3,1,2
115900260,10,2,8
115900261,6,0,6
115900262,3,1,2
115900263,16,0,16
115900264,9,0,9
115900265,4,7,-3
115900266,2,11,-9
115900267,9,13,-4
115900268,0,6,-6
115900269,301,264,37
115900270,295,232,63
115900271,68,0,68
115900272,24,7,17
115900273,3,15,-12
115900274,5,6,-1
115900275,1,9,-8
115900276,0,15,-15
115900277,0,37,-37
115900278,30,67,-37
115900279,34,118,-84
115900280,8,250,-242
115900281,304,297,7
115900282,14,10,4
115900283,3,15,-12
115900284,22,4,18
116000001,7011,3009,4002
116000002,3272,6795,-3523
116000003,1269,1213,56
116000004,1982,2744,-762
116000005,1575,1686,-111
116000006,1813,1633,180
116000007,1831,2463,-632
116000008,2518,1756,762
116000009,1092,1755,-663
116000010,1908,1131,777
116000011,766,1513,-747
116000012,1314,870,444
116000013,6185,2897,3288
116000014,7581,8426,-845
116000015,183,806,-623
116000016,1975,1570,405
116000017,842,893,-51
116000018,627,313,314
116000019,394,309,85
116000020,491,519,-28
116000021,287,260,27
116000022,289,296,-7
116000023,560,522,38
116000024,443,437,6
116000025,562,481,81
116000026,1042,1145,-103
116000027,223,268,-45
116000028,411,658,-247
116000029,440,525,-85
116000030,708,342,366
116000031,141,243,-102
116000032,277,119,158
116000033,281,341,-60
116000034,485,582,-97
116000035,270,469,-199
116000036,1379,904,475
116000037,551,440,111
116000038,411,397,14
116000039,429,286,143
116000040,311,187,124
116000041,160,309,-149
116000042,793,285,508
116000043,42,478,-436
116000044,11,61,-50
116000045,1108,447,661
116000046,323,837,-514
116000047,982,1403,-421
116000048,1238,1233,5
116000049,1040,2543,-1503
116000050,1342,1059,283
116000051,5477,2889,2588
116000052,4496,4206,290
116000053,1565,750,815
116000054,849,2128,-1279
116000055,531,809,-278
116000056,776,958,-182
116000057,1886,1433,453
116000058,2557,2760,-203
116000059,2142,3432,-1290
116000060,1474,761,713
116000061,571,681,-110
116000062,473,200,273
116000063,508,762,-254
116000066,363,601,-238
116000067,216,301,-85
116000068,318,432,-114
116000069,511,443,68
116000078,572,781,-209
116000080,1416,753,663
116000082,8,40,-32
116000083,1196,392,804
116000084,1577,2604,-1027
116000085,1712,1360,352
116000086,1559,1130,429
116000087,1713,1463,250
116000088,575,662,-87
116000089,128,56,72
116000090,78,132,-54
116000091,162,152,10
116000093,626,320,306
116000094,349,329,20
116000095,582,327,255
116000096,491,935,-444
116000097,678,449,229
116000098,131,4062,-3931
116000099,3474,151,3323
116000100,211,16,195
116000101,626,496,130
116000102,192,849,-657
116000103,487,205,282
116000104,135,805,-670
116000105,885,125,760
116000106,384,641,-257
116000107,1687,241,1446
116000108,100,101,-1
116000111,101,24,77
116000113,132,103,29
116000114,41,131,-90
116000115,282,141,141
116000116,157,381,-224
116000117,1104,1299,-195
116000118,955,871,84
116000119,2419,1490,929
116000120,2248,2633,-385
116000121,760,493,267
116000122,1001,1143,-142
116000123,906,374,532
116000124,261,583,-322
116000125,1889,520,1369
116000126,188,1016,-828
116000127,796,847,-51
116000128,1495,700,795
116000129,972,203,769
116000130,830,502,328
116000133,826,596,230
116000134,1377,1535,-158
116000135,1946,1223,723
116000136,918,1531,-613
116000137,888,533,355
116000138,553,487,66
116000139,1244,1685,-441
116000140,80,142,-62
116000141,147,261,-114
116000142,1309,564,745
116000143,1378,1401,-23
116000144,1732,1978,-246
116000145,1351,846,505
116000146,360,179,181
116000147,199,112,87
116000148,424,353,71
116000149,497,412,85
116000151,206,163,43
116000153,174,127,47
116000155,321,387,-66
116000156,490,891,-401
116000157,86,11,75
116000158,282,221,61
116000159,30,8,22
116000160,7,28,-21
116000161,3,63,-60
116000162,48,76,-28
116000163,25,9,16
116000164,1,19,-18
116000177,59,76,-17
116000194,348,336,12
116000195,1134,490,644
116000196,12,3,9
116000197,4,26,-22
116000198,2567,1263,1304
116000200,472,365,107
116000201,461,461,0
116000202,18,190,-172
116000203,4,87,-83
116000204,9,80,-71
116000205,0,133,-133
116000206,1,102,-101
116000207,6,42,-36
116000233,143,260,-117
116000287,131,252,-121
116000288,252,162,90
116000292,26,79,-53
116000296,16,141,-125
116000297,91,16,75
116000304,85,35,50
116000305,31,31,0
116000346,109,74,35
116000352,50,19,31
116000354,18,14,4
116000357,12,33,-21
116000358,246,35,211
116000361,259,2,257
116000372,3626,3261,365
116000381,89,1,88
116000388,6,30,-24
116000389,566,387,179
116000445,320,367,-47
116000446,543,417,126
116000447,21,239,-218
116000448,455,153,302
116000563,819,695,124
116000565,40,264,-224
116000568,39,155,-116
116000579,35,82,-47
116000583,109,38,71
116000584,13,3,10
116000585,22,21,1
116000586,65,83,-18
116000587,431,461,-30
116000589,39,60,-21
116000590,64,54,10
116000591,215,157,58
116000592,14,52,-38
116000593,0,25,-25
116000594,473,249,224
116000595,464,103,361
116000596,88,7,81
116000597,330,70,260
116000598,16,119,-103
116000605,219,103,116
116000606,62,194,-132
116000607,1,28,-27
116000609,114,639,-525
116000611,129,290,-161
116000612,594,1532,-938
116000613,501,259,242
116000614,302,415,-113
116000615,2,269,-267
116000616,36,52,-16
116000617,70,38,32
116000618,1,55,-54
116000619,32,67,-35
116000620,95,343,-248
116000621,56,82,-26
116000622,52,133,-81
116000624,171,80,91
116000627,43,37,6
116000628,72,172,-100
116000629,29,144,-115
116000630,235,17,218
116000631,133,39,94
116000632,509,53,456
116000633,158,172,-14
116000634,236,46,190
116000635,2575,2375,200
116000636,843,1033,-190
116000637,298,13,285
116000638,68,191,-123
116000639,87,4,83
116000640,22,10,12
116000641,55,97,-42
116000643,57,225,-168
116000644,76,393,-317
116000645,17,7,10
116900001,151,164,-13
116900002,193,5,188
116900003,27,30,-3
116900004,34,30,4
116900005,216,33,183
116900006,57,122,-65
116900007,94,131,-37
116900008,331,210,121
116900009,10,2,8
116900010,558,849,-291
116900011,9,6,3
116900012,123,123,0
116900013,1,113,-112
116900014,106,153,-47
116900015,305,23,282
116900016,188,1,187
116900017,2,320,-318
116900018,66,32,34
116900019,1,191,-190
116900020,523,585,-62
116900023,47,8,39
116900024,422,22,400
116900025,660,549,111
116900026,74,368,-294
116900027,24,50,-26
116900028,2,68,-66
116900029,1,23,-22
116900031,0,4,-4
116900032,2,237,-235
116900033,11,7,4
116900034,3,28,-25
116900035,151,117,34
116900036,3,58,-55
116900038,24,3,21
116900041,11,8,3
116900042,396,182,214
116900043,15,48,-33
116900047,19,93,-74
116900049,22,255,-233
116900050,76,341,-265
116900051,86,91,-5
116900052,139,52,87
116900055,0,5,-5
116900057,26,197,-171
116900058,20,263,-243
116900059,0,76,-76
116900060,147,113,34
116900062,0,4,-4
116900064,91,415,-324
116900065,26,96,-70
116900067,66,55,11
116900068,87,116,-29
116900070,7,6,1
116900072,16,190,-174
116900073,15,70,-55
116900074,2,33,-31
116900076,7,18,-11
116900077,6,76,-70
116900078,168,65,103
116900079,41,134,-93
116900080,10,10,0
116900081,291,914,-623
116900082,199,632,-433
116900083,28,30,-2
116900084,138,61,77
116900085,34,91,-57
116900086,33,105,-72
116900088,281,60,221
116900090,96,31,65
116900091,198,38,160
116900092,50,407,-357
116900093,1066,1356,-290
116900094,2120,2291,-171
116900095,146,74,72
116900096,57,238,-181
116900097,1909,1988,-79
116900098,640,256,384
116900099,533,461,72
116900100,580,18,562
116900101,235,285,-50
116900103,4,1,3
116900104,64,63,1
116900105,221,47,174
116900106,751,10,741
116900107,2191,1795,396
116900110,9,0,9
116900111,540,370,170
116900112,206,570,-364
116900113,969,951,18
116900116,88,448,-360
116900117,81,78,3
116900118,469,583,-114
116900120,281,55,226
116900121,65,16,49
116900122,612,462,150
116900123,137,488,-351
116900124,127,594,-467
116900125,296,146,150
116900126,85,339,-254
116900128,0,24,-24
116900129,1,239,-238
116900130,405,2465,-2060
116900131,88,260,-172
116900132,38,62,-24
116900133,115,114,1
116900134,146,185,-39
116900136,161,150,11
116900137,188,104,84
116900138,185,134,51
116900139,115,277,-162
116900140,142,98,44
116900141,643,391,252
116900142,4,48,-44
116900143,314,281,33
116900144,9,49,-40
116900145,68,145,-77
116900147,452,280,172
116900148,4,29,-25
116900149,35,222,-187
116900150,7,14,-7
116900151,39,9,30
116900153,77,59,18
116900154,308,390,-82
116900155,64,32,32
116900157,417,190,227
116900158,103,208,-105
116900159,50,167,-117
116900160,549,577,-28
116900161,4018,4305,-287
116900162,7,56,-49
116900163,101,67,34
116900164,53,58,-5
116900165,245,231,14
116900166,46,80,-34
116900167,336,49,287
116900168,249,43,206
116900169,371,366,5
116900170,230,470,-240
116900171,39,90,-51
116900172,149,271,-122
116900173,145,15,130
116900174,46,56,-10
116900175,135,114,21
116900178,38,68,-30
116900179,64,221,-157
116900180,71,16,55
116900182,331,177,154
116900183,109,74,35
116900185,31,48,-17
116900186,68,148,-80
116900187,85,29,56
116900188,132,15,117
116900189,25,1,24
116900191,363,517,-154
116900192,177,60,117
116900194,92,1048,-956
116900195,35,20,15
116900196,18,68,-50
116900197,106,5,101
116900198,107,179,-72
116900200,52,23,29
116900201,94,9,85
116900202,77,44,33
116900203,121,3,118
116900204,39,92,-53
116900206,30,14,16
116900207,24,19,5
116900208,8,45,-37
116900209,31,61,-30
116900210,389,233,156
116900211,126,2,124
116900212,43,32,11
116900213,135,104,31
116900214,110,104,6
116900215,31,46,-15
116900216,207,148,59
116900218,4,199,-195
116900219,901,251,650
116900220,117,119,-2
116900221,53,210,-157
116900222,274,250,24
116900223,94,229,-135
116900226,36,40,-4
116900227,157,66,91
116900228,238,146,92
116900230,42,197,-155
116900231,18,272,-254
116900232,4,264,-260
116900233,194,57,137
116900234,0,5,-5
116900235,345,254,91
116900238,1214,260,954
116900239,10,694,-684
116900240,3547,2448,1099
116900241,65,62,3
116900242,577,450,127
116900243,0,17,-17
116900245,28,15,13
116900246,97,88,9
116900247,582,11,571
116900248,69,33,36
116900249,199,46,153
116900250,291,34,257
116900251,308,420,-112
116900252,127,433,-306
116900254,18,72,-54
116900255,81,48,33
116900256,412,104,308
116900257,16,306,-290
116900258,1,141,-140
116900259,129,4,125
116900260,1,86,-85
116900261,49,3,46
116900262,185,110,75
116900263,0,14,-14
116900264,42,28,14
116900265,20,0,20
116900266,5,27,-22
116900267,3,0,3
116900268,59,44,15
116900269,172,398,-226
116900271,757,131,626
116900272,317,188,129
116900273,135,88,47
116900274,82,48,34
116900275,146,63,83
116900276,291,118,173
116900277,317,5,312
116900278,5,5,0
116900279,1,14,-13
116900280,10,23,-13
116900281,3351,2920,431
116900282,10,66,-56
116900283,13,73,-60
116900284,11,133,-122
116900285,144,140,4
116900286,166,12,154
116900287,9,27,-18
116900288,80,83,-3
116900289,7,3,4
116900290,6,11,-5
116900291,16,3,13
116900292,0,8,-8
116900293,33,41,-8
116900294,8,105,-97
116900295,126,40,86
116900296,67,54,13
116900297,1,96,-95
116900298,59,48,11
116900299,43,37,6
116900300,1,54,-53
116900301,29,83,-54
116900302,50,48,2
116900303,196,78,118
116900304,1,66,-65
116900305,13,43,-30
116900306,87,101,-14
116900307,66,0,66
116900308,1,75,-74
116900309,55,30,25
116900310,18,34,-16
116900311,3,122,-119
117000001,1395,1299,96
117000002,1444,2583,-1139
117000003,4876,2578,2298
117000004,2803,3779,-976
117000005,1737,1530,207
117000006,954,2311,-1357
117000007,3190,939,2251
117000008,755,2561,-1806
117000009,3926,1671,2255
117000010,2019,2714,-695
117000011,1726,1338,388
117000012,996,1001,-5
117000013,1596,646,950
117000014,1027,1596,-569
117000015,1843,935,908
117000016,218,87,131
117000017,214,94,120
117000018,142,347,-205
117000019,83,30,53
117000020,427,812,-385
117000021,1289,431,858
117000022,275,103,172
117000023,221,200,21
117000024,174,173,1
117000025,394,756,-362
117000026,1725,917,808
117000027,1749,3727,-1978
117000028,2730,1449,1281
117000030,414,386,28
117000031,331,244,87
117000032,1149,855,294
117000033,1031,950,81
117000034,287,288,-1
117000035,308,275,33
117000036,337,251,86
117000037,218,193,25
117000038,134,406,-272
117000039,377,177,200
117000040,197,559,-362
117000041,752,129,623
117000044,14,482,-468
117000045,375,53,322
117000046,411,838,-427
117000047,988,579,409
117000048,1407,701,706
117000049,71,469,-398
117000050,117,1228,-1111
117000051,1795,113,1682
117000052,26,249,-223
117000053,461,38,423
117000054,1450,14,1436
117000055,62,1765,-1703
117000056,575,12,563
117000057,499,1634,-1135
117000060,365,865,-500
117000061,1233,724,509
117000062,188,488,-300
117000063,1315,854,461
117000064,644,681,-37
117000066,637,733,-96
117000067,121,424,-303
117000074,107,159,-52
117000076,47,37,10
117000077,149,133,16
117000078,108,522,-414
117000079,300,180,120
117000080,0,268,-268
117000081,919,118,801
117000082,29,82,-53
117000083,513,174,339
117000084,142,3,139
117000085,257,564,-307
117000086,647,321,326
117000087,72,366,-294
117000088,227,168,59
117000089,1219,254,965
117000090,193,990,-797
117000091,702,191,511
117000092,319,852,-533
117000093,993,621,372
117000094,1035,1902,-867
117000095,3079,679,2400
117000096,674,1651,-977
117000097,1138,1012,126
117000098,1776,2918,-1142
117000099,2772,1039,1733
117000100,168,296,-128
117000101,149,742,-593
117000102,1380,570,810
117000103,682,1253,-571
117000104,1060,530,530
117000105,685,1036,-351
117000106,988,624,364
117000107,385,1034,-649
117000108,1359,762,597
117000109,1174,1931,-757
117000110,1225,841,384
117000111,2715,3155,-440
117000112,2440,1307,1133
117000113,129,172,-43
117000114,201,110,91
117000115,104,74,30
117000116,104,160,-56
117000117,1125,784,341
117000118,213,84,129
117000119,225,175,50
117000120,138,413,-275
117000121,89,946,-857
117000122,196,497,-301
117000123,1147,22,1125
117000124,611,76,535
117000125,236,91,145
117000126,55,23,32
117000127,120,180,-60
117000128,399,550,-151
117000129,314,705,-391
117000130,130,2,128
117000131,0,66,-66
117000132,2138,16,2122
117000133,1241,23,1218
117000134,1,59,-58
117000135,12,67,-55
117000136,2,27,-25
117000137,113,100,13
117000138,2,466,-464
117000140,449,1224,-775
117000141,1358,451,907
117000181,303,216,87
117000182,250,324,-74
117000195,129,589,-460
117000196,197,91,106
117000225,135,14,121
117000226,2,81,-79
117000276,227,15,212
117000277,0,243,-243
117000310,1082,1618,-536
117000315,27,435,-408
117000320,66,0,66
117000906,271,10,261
117000907,20,236,-216
117000909,36,34,2
117000910,175,147,28
117000911,82,173,-91
117000915,5,346,-341
117000916,29,5,24
117000917,911,26,885
117000918,68,62,6
117000919,7,65,-58
117000920,1,933,-932
117000921,1,881,-880
117000922,17,79,-62
117000924,290,602,-312
117000926,546,82,464
117000927,1212,845,367
117000928,0,141,-141
117000929,221,257,-36
117000930,212,13,199
117000931,304,150,154
117900002,85,236,-151
117900003,476,326,150
117900005,1,19,-18
117900006,0,14,-14
117900007,109,74,35
117900008,0,28,-28
117900010,187,67,120
117900011,33,59,-26
117900012,49,55,-6
117900013,0,129,-129
117900014,541,107,434
117900015,10,73,-63
117900016,749,619,130
117900017,507,245,262
117900018,158,64,94
117900019,253,188,65
117900020,56,371,-315
117900021,24,38,-14
117900023,418,94,324
117900024,42,38,4
117900025,38,10,28
117900026,258,225,33
117900028,39,3,36
117900029,166,429,-263
117900031,128,50,78
117900032,783,490,293
117900033,199,367,-168
117900034,55,29,26
117900035,228,125,103
117900036,195,235,-40
117900037,122,66,56
117900038,25,220,-195
117900039,1,33,-32
117900040,92,233,-141
117900041,2,34,-32
117900042,2482,232,2250
117900043,17,31,-14
117900044,16,2616,-2600
117900045,102,85,17
117900048,357,224,133
117900049,192,366,-174
117900050,3,29,-26
117900051,39,2,37
117900052,49,233,-184
117900053,1514,508,1006
117900054,1,22,-21
117900055,116,142,-26
117900056,194,50,144
117900057,819,937,-118
117900058,84,30,54
117900059,286,65,221
117900060,1802,3869,-2067
117900061,13,159,-146
117900063,235,114,121
117900065,541,874,-333
117900066,3,72,-69
117900067,368,125,243
117900069,579,168,411
117900070,147,14,133
117900071,52,90,-38
117900073,388,190,198
117900074,115,41,74
117900075,58,79,-21
117900076,18,46,-28
117900077,338,73,265
117900078,239,633,-394
117900080,85,26,59
117900081,424,277,147
117900082,297,286,11
117900083,252,269,-17
117900086,85,31,54
117900087,108,41,67
117900088,2634,1604,1030
117900089,1623,654,969
117900090,334,279,55
117900091,238,138,100
117900092,54,21,33
117900093,48,36,12
117900094,28,21,7
117900095,311,392,-81
117900096,67,158,-91
117900097,153,65,88
117900098,39,12,27
117900099,137,131,6
117900100,136,2,134
117900101,345,1386,-1041
117900102,54,26,28
117900103,42,5,37
117900104,26,114,-88
117900105,130,170,-40
117900106,105,26,79
117900107,41,2,39
117900109,406,277,129
117900110,72,0,72
117900111,230,31,199
117900112,31,17,14
117900113,1855,1156,699
117900114,19,0,19
117900115,221,47,174
117900116,687,555,132
117900117,432,215,217
117900118,64,2,62
117900119,123,97,26
117900120,108,54,54
117900121,95,29,66
117900122,1000,2771,-1771
117900123,528,261,267
117900124,573,532,41
117900125,1521,1758,-237
117900126,160,409,-249
117900127,344,305,39
117900128,323,354,-31
117900129,61,0,61
117900130,604,276,328
117900131,0,74,-74
117900132,8,91,-83
117900133,13,71,-58
117900134,53,166,-113
117900135,27,126,-99
117900136,0,26,-26
117900137,27,198,-171
117900138,0,21,-21
117900139,117,84,33
117900140,2338,35,2303
117900141,83,119,-36
117900142,79,48,31
117900144,42,91,-49
117900145,25,27,-2
117900146,145,84,61
117900147,50,36,14
117900148,1562,1222,340
117900149,143,126,17
117900150,30,17,13
117900151,22,52,-30
117900152,107,53,54
117900153,12,66,-54
117900154,312,449,-137
117900156,736,604,132
117900157,76,470,-394
117900158,172,77,95
117900160,582,624,-42
117900161,1932,1483,449
117900162,268,328,-60
117900163,58,62,-4
117900165,1,12,-11
117900166,111,509,-398
117900168,87,88,-1
117900169,0,49,-49
117900170,0,15,-15
117900171,6,6,0
117900172,11,29,-18
117900173,73,78,-5
117900174,18,56,-38
117900175,4,22,-18
117900176,9,14,-5
117900177,21,23,-2
117900178,70,20,50
117900180,165,16,149
117900181,70,230,-160
117900182,3,21,-18
117900183,27,155,-128
117900184,8,43,-35
117900185,47,36,11
117900186,27,17,10
117900187,16,9,7
117900188,145,69,76
117900189,69,24,45
117900190,11,1,10
117900191,80,1,79
117900192,160,1,159
117900193,25,60,-35
117900194,8,7,1
117900195,20,35,-15
117900196,20,38,-18
117900207,92,88,4
117900208,29,15,14
117900209,172,141,31
117900210,95,146,-51
117900211,3,119,-116
117900212,84,85,-1
117900213,25,8,17
117900214,6,21,-15
117900215,29,35,-6
117900216,30,24,6
117900217,94,233,-139
117900218,125,101,24
117900219,6,94,-88
117900220,60,69,-9
117900222,185,190,-5
117900223,170,232,-62
118000001,701,946,-245
118000002,1117,1476,-359
118000003,1752,2554,-802
118000004,2281,1906,375
118000005,3649,4459,-810
118000006,3897,7499,-3602
118000007,3770,2788,982
118000008,4195,3346,849
118000009,1370,1933,-563
118000010,3660,2967,693
118000011,1167,1540,-373
118000012,862,1343,-481
118000013,1831,1623,208
118000014,1469,1798,-329
118000016,157,272,-115
118000017,367,273,94
118000018,265,268,-3
118000019,1734,1157,577
118000020,1079,2413,-1334
118000021,514,2148,-1634
118000022,1170,580,590
118000023,778,248,530
118000024,1049,882,167
118000027,10682,9711,971
118000029,921,586,335
118000032,1049,3260,-2211
118000033,2005,4789,-2784
118000034,3941,2278,1663
118000035,1269,2257,-988
118000036,778,948,-170
118000037,519,592,-73
118000038,160,59,101
118000039,74,153,-79
118000040,1316,908,408
118000041,1735,952,783
118000045,692,410,282
118000046,1069,399,670
118000047,617,624,-7
118000048,1953,1308,645
118000051,1826,871,955
118000052,1117,393,724
118000053,266,489,-223
118000054,1231,1219,12
118000055,1095,1240,-145
118000056,155,306,-151
118000057,180,349,-169
118000058,1985,1439,546
118000059,1259,1046,213
118000060,896,449,447
118000061,936,991,-55
118000062,446,192,254
118000063,240,556,-316
118000064,535,967,-432
118000065,2936,1093,1843
118000066,542,1123,-581
118000067,877,636,241
118000068,1432,3390,-1958
118000069,2295,792,1503
118000070,3835,1356,2479
118000071,2267,4675,-2408
118000072,1380,1376,4
118000073,1786,459,1327
118000074,716,1154,-438
118000075,638,608,30
118000076,1214,1989,-775
118000077,1111,1038,73
118000078,1433,1872,-439
118000079,161,322,-161
118000080,847,789,58
118000081,1608,983,625
118000082,265,942,-677
118000083,1162,1348,-186
118000084,2540,1129,1411
118000086,216,375,-159
118000087,2922,1899,1023
118000088,1517,1232,285
118000089,2215,1427,788
118000090,1171,1755,-584
118000091,736,1658,-922
118000092,778,341,437
118000093,97,531,-434
118000096,358,510,-152
118000097,710,535,175
118000098,277,170,107
118000099,524,468,56
118000101,921,318,603
118000102,284,854,-570
118000107,1280,358,922
118000108,461,1522,-1061
118000110,0,12,-12
118000111,2,235,-233
118000112,534,1,533
118000113,3,423,-420
118000114,306,3,303
118000115,6,6,0
118000116,29,1,28
118000117,1061,564,497
118000118,678,704,-26
118000119,672,975,-303
118000120,1345,864,481
118000121,99,653,-554
118000122,1264,359,905
118000123,41,268,-227
118000125,1402,735,667
118000126,601,1202,-601
118000127,1380,557,823
118000128,525,849,-324
118000129,948,471,477
118000130,1368,2018,-650
118000131,483,702,-219
118000132,1883,1350,533
118000133,908,389,519
118000135,382,289,93
118000136,90,380,-290
118000137,492,81,411
118000138,353,427,-74
118000139,295,87,208
118000140,1684,3328,-1644
118000141,1379,1323,56
118000142,1370,1085,285
118000143,1580,887,693
118000144,771,578,193
118000145,1288,1285,3
118000146,866,533,333
118000147,660,1120,-460
118000148,527,930,-403
118000149,776,736,40
118000150,399,246,153
118000151,464,348,116
118000153,894,778,116
118000154,1674,1232,442
118000155,911,938,-27
118000156,1231,1655,-424
118000157,420,268,152
118000158,172,281,-109
118000159,31,61,-30
118000160,362,249,113
118000161,371,486,-115
118000162,1200,669,531
118000163,708,519,189
118000164,1351,1022,329
118000168,463,271,192
118000169,833,761,72
118000170,2965,3614,-649
118000171,298,449,-151
118000172,121,215,-94
118000173,742,929,-187
118000175,213,281,-68
118000176,202,321,-119
118000177,188,451,-263
118000178,46,35,11
118000179,942,982,-40
118000180,598,514,84
118000181,594,230,364
118000182,228,164,64
118000183,169,202,-33
118000184,677,455,222
118000185,903,932,-29
118000186,583,850,-267
118000187,1020,529,491
118000188,381,119,262
118000189,387,403,-16
118000190,7,7,0
118000191,28,14,14
118000192,171,191,-20
118000193,85,338,-253
118000194,938,610,328
118000195,1023,715,308
118000196,272,126,146
118000197,527,479,48
118000198,657,943,-286
118000199,859,517,342
118000200,66,180,-114
118000201,347,401,-54
118000202,31,53,-22
118000203,950,474,476
118000204,110,292,-182
118000205,148,209,-61
118000206,185,138,47
118000207,1,32,-31
118000208,830,1069,-239
118000209,1656,1402,254
118000210,42,36,6
118000211,41,38,3
118000213,940,1066,-126
118000214,433,458,-25
118000215,327,141,186
118000216,1236,1375,-139
118000217,26,81,-55
118000218,58,67,-9
118000219,291,155,136
118000220,4,40,-36
118000221,168,191,-23
118000222,49,9,40
118000223,22,40,-18
118000224,106,70,36
118000225,97,461,-364
118000226,715,148,567
118000227,508,280,228
118000228,97,206,-109
118000229,159,49,110
118000230,79,115,-36
118000231,50,120,-70
118000232,634,483,151
118000233,825,590,235
118000234,300,107,193
118000236,286,168,118
118000237,78,218,-140
118000238,188,115,73
118000239,208,196,12
118000240,239,131,108
118000241,93,98,-5
118000242,241,332,-91
118000243,212,126,86
118000244,37,78,-41
118000246,3,30,-27
118000255,64,224,-160
118000256,104,211,-107
118000259,4,34,-30
118000260,107,55,52
118000261,19,25,-6
118000263,44,95,-51
118000266,117,167,-50
118000267,0,94,-94
118000268,216,3,213
118000270,73,14,59
118000271,196,223,-27
118000272,67,26,41
118000273,103,51,52
118000274,92,161,-69
118000276,394,268,126
118000295,9,71,-62
118000298,85,177,-92
118000299,44,102,-58
118000301,0,34,-34
118000302,62,34,28
118000311,302,66,236
118000312,177,100,77
118000313,32,98,-66
118000314,70,45,25
118000315,16,24,-8
118000316,503,306,197
118000325,42,35,7
118000326,15,11,4
118000331,28,28,0
118000332,13,22,-9
118000333,18,63,-45
118000335,229,0,229
118000336,0,122,-122
118000407,129,42,87
118000457,8,28,-20
118000465,2641,3246,-605
118000480,20,61,-41
118000489,52,258,-206
118000490,31,170,-139
118000492,209,145,64
118000510,28,16,12
118000514,159,200,-41
118000515,563,475,88
118000517,267,148,119
118000524,230,198,32
118000525,590,489,101
118000530,23,49,-26
118000531,281,243,38
118000532,174,173,1
118000533,200,100,100
118000534,353,288,65
118000535,207,97,110
118000536,676,1019,-343
118000537,93,323,-230
118000538,86,52,34
118000539,34,169,-135
118000540,163,72,91
118000541,157,45,112
118000542,63,86,-23
118000543,156,184,-28
118000546,88,124,-36
118000553,0,0,0
118000560,1465,1528,-63
118000562,24,136,-112
118000563,1069,774,295
118000576,171,126,45
118000577,170,139,31
118000578,171,91,80
118000579,452,768,-316
118000583,0,1,-1
118000595,200,88,112
118000596,0,32,-32
118000597,153,119,34
118000598,6,0,6
118000599,71,38,33
118000600,0,3,-3
118000601,5,0,5
118000602,0,5,-5
118000603,0,23,-23
118000605,61,197,-136
118000606,32,18,14
118000607,159,237,-78
118900001,375,740,-365
118900002,464,554,-90
118900003,170,9,161
118900004,50,29,21
118900005,59,5,54
118900006,113,1,112
118900007,6,1,5
118900008,1310,52,1258
118900009,51,17,34
118900010,69,6,63
118900011,113,16,97
118900012,332,99,233
118900013,293,71,222
118900015,106,18,88
118900016,10,11,-1
118900017,271,252,19
118900018,492,20,472
118900019,28,12,16
118900020,159,85,74
118900021,117,238,-121
118900022,135,70,65
118900023,130,67,63
118900024,77,61,16
118900025,35,19,16
118900026,62,62,0
118900027,292,157,135
118900028,121,129,-8
118900029,168,207,-39
118900030,260,66,194
118900031,158,82,76
118900032,189,153,36
118900033,265,255,10
118900034,103,58,45
118900035,97,119,-22
118900036,796,460,336
118900037,234,176,58
118900038,294,128,166
118900039,242,99,143
118900040,159,111,48
118900041,443,125,318
118900042,170,78,92
118900045,209,122,87
118900046,656,320,336
118900047,349,204,145
118900048,110,120,-10
118900049,51,26,25
118900050,31,54,-23
118900051,147,75,72
118900052,197,126,71
118900053,28,98,-70
118900054,134,40,94
118900055,51,32,19
118900056,72,270,-198
118900057,607,356,251
118900058,210,172,38
118900059,20,61,-41
118900062,166,123,43
118900064,526,426,100
118900065,28,86,-58
118900066,61,86,-25
118900067,2842,2525,317
118900068,2,124,-122
118900069,309,164,145
118900071,5,58,-53
118900072,284,248,36
118900073,89,100,-11
118900074,91,133,-42
118900075,34,47,-13
118900076,108,95,13
118900077,163,136,27
118900078,20,4,16
118900079,54,181,-127
118900080,15,63,-48
118900081,67,32,35
118900082,564,108,456
118900083,17,6,11
118900084,8,16,-8
118900085,460,638,-178
118900086,57,52,5
118900087,28,162,-134
118900088,3,6,-3
118900089,27,13,14
118900090,376,266,110
118900091,124,130,-6
118900092,67,57,10
118900093,139,20,119
118900096,67,65,2
118900097,217,306,-89
118900099,68,114,-46
118900100,84,176,-92
118900101,58,167,-109
118900102,24,70,-46
118900103,11,75,-64
118900104,124,53,71
118900105,131,73,58
118900107,92,58,34
118900108,79,37,42
118900110,574,471,103
118900111,301,346,-45
118900112,50,118,-68
118900113,158,242,-84
118900114,18,33,-15
118900115,57,197,-140
118900116,76,157,-81
118900117,82,124,-42
118900118,173,252,-79
118900119,107,182,-75
118900120,71,259,-188
118900121,25,98,-73
118900122,14,686,-672
118900123,91,171,-80
118900124,60,119,-59
118900126,16,306,-290
118900129,152,147,5
118900130,53,152,-99
118900131,134,171,-37
118900132,183,143,40
118900133,11,85,-74
118900135,161,136,25
118900136,153,302,-149
118900137,5,27,-22
118900139,194,241,-47
118900140,308,357,-49
118900141,90,84,6
118900144,102,202,-100
118900145,18,58,-40
118900146,236,410,-174
118900147,97,93,4
118900148,51,34,17
118900150,348,482,-134
118900152,390,512,-122
118900157,51,86,-35
118900158,59,52,7
118900159,0,71,-71
118900161,56,8,48
118900163,72,76,-4
118900164,0,76,-76
118900165,28,66,-38
118900166,24,2,22
118900167,50,74,-24
118900168,40,128,-88
118900169,73,121,-48
118900170,78,38,40
118900171,19,41,-22
118900174,35,39,-4
118900175,347,409,-62
118900176,109,246,-137
118900177,44,24,20
118900178,39,128,-89
118900179,59,18,41
118900182,41,16,25
118900183,15,88,-73
118900184,111,38,73
118900185,139,114,25
118900186,99,69,30
118900187,114,161,-47
118900188,237,167,70
118900189,13,549,-536
118900190,8,165,-157
118900191,108,34,74
118900192,114,11,103
118900193,346,5,341
118900195,186,315,-129
118900196,24,67,-43
118900197,105,38,67
118900198,16,9,7
118900199,39,18,21
118900200,5,10,-5
118900201,12,13,-1
118900202,5,29,-24
118900203,3,11,-8
118900204,4,14,-10
118900205,1,3,-2
118900206,4,4,0
119000001,931,1303,-372
119000002,2684,2310,374
119000003,1895,841,1054
119000004,1762,927,835
119000005,1308,1404,-96
119000006,2371,1239,1132
119000007,2224,2199,25
119000008,1410,1301,109
119000009,2628,3266,-638
119000010,4462,3246,1216
119000011,2499,1840,659
119000012,2063,2397,-334
119000013,1873,1166,707
119000014,1203,1848,-645
119000019,241,105,136
119000020,1407,971,436
119000021,3297,1666,1631
119000022,1354,1431,-77
119000023,226,227,-1
119000024,1162,7403,-6241
119000025,4460,890,3570
119000026,93,244,-151
119000027,185,289,-104
119000028,1189,637,552
119000029,63,205,-142
119000030,439,758,-319
119000031,684,489,195
119000032,1235,1892,-657
119000033,1669,1038,631
119000034,778,675,103
119000035,23,240,-217
119000036,1385,511,874
119000037,905,970,-65
119000038,132,572,-440
119000039,266,182,84
119000040,525,430,95
119000041,461,874,-413
119000048,2320,2122,198
119000049,1398,1686,-288
119000050,1402,1400,2
119000051,1628,765,863
119000052,1507,2193,-686
119000053,1613,880,733
119000054,2501,2299,202
119000055,3435,2594,841
119000056,1922,1457,465
119000057,1185,1335,-150
119000058,1731,1256,475
119000059,1021,1107,-86
119000060,1290,790,500
119000061,901,593,308
119000062,852,1060,-208
119000063,382,441,-59
119000064,836,897,-61
119000065,1394,2272,-878
119000066,1582,893,689
119000067,1464,1546,-82
119000068,1429,865,564
119000069,1233,1502,-269
119000070,1935,756,1179
119000071,487,405,82
119000072,3535,2039,1496
119000073,3126,5065,-1939
119000074,973,1568,-595
119000075,1914,1765,149
119000076,301,624,-323
119000077,418,305,113
119000078,332,270,62
119000079,202,553,-351
119000080,350,94,256
119000081,193,223,-30
119000082,640,181,459
119000083,500,338,162
119000084,255,376,-121
119000085,387,213,174
119000086,323,499,-176
119000087,1279,752,527
119000088,356,254,102
119000089,119,210,-91
119000090,152,147,5
119000091,194,430,-236
119000092,401,296,105
119000093,2727,1927,800
119000094,2375,3653,-1278
119000095,1327,2172,-845
119000097,1615,940,675
119000098,748,2052,-1304
119000099,1760,1184,576
119000100,2703,2267,436
119000101,2895,1317,1578
119000102,653,887,-234
119000103,1210,418,792
119000104,1739,926,813
119000105,755,1514,-759
119000106,293,821,-528
119000107,727,389,338
119000108,276,686,-410
119000109,79,260,-181
119000110,241,213,28
119000111,36,468,-432
119000112,117,75,42
119000113,1488,204,1284
119000114,589,577,12
119000115,94,91,3
119000116,76,63,13
119000117,88,163,-75
119000118,3,0,3
119000123,2830,1648,1182
119000124,478,149,329
119000125,2901,485,2416
119000126,987,502,485
119000127,447,397,50
119000128,10,2,8
119000131,723,470,253
119000132,3,2,1
119000133,2,6,-4
119000134,1506,383,1123
119000135,104,100,4
119000136,178,131,47
119000137,169,190,-21
119000138,364,190,174
119000139,175,136,39
119000140,185,233,-48
119000284,1030,1942,-912
119000285,1591,1516,75
119000286,5421,4298,1123
119000287,958,1642,-684
119000288,1587,934,653
119000289,1431,1906,-475
119000290,137,295,-158
119000291,5,165,-160
119000293,129,111,18
119000294,47,38,9
119000295,962,251,711
119000296,288,160,128
119000302,1680,838,842
119000303,41,121,-80
119000314,1127,7560,-6433
119000315,1,277,-276
119000316,131,77,54
119000317,84,195,-111
119000319,596,177,419
119900001,212,966,-754
119900002,108,150,-42
119900003,41,608,-567
119900004,280,720,-440
119900005,158,86,72
119900006,143,248,-105
119900007,956,180,776
119900008,25,21,4
119900009,454,497,-43
119900010,431,606,-175
119900011,14,57,-43
119900012,6,50,-44
119900013,1369,809,560
119900014,312,130,182
119900015,78,33,45
119900016,26,32,-6
119900017,31,36,-5
119900018,1351,785,566
119900019,23,5,18
119900020,133,154,-21
119900021,128,46,82
119900022,100,433,-333
119900023,381,1175,-794
119900025,110,19,91
119900026,479,141,338
119900027,11,13,-2
119900028,240,101,139
119900029,2,3,-1
119900030,450,376,74
119900031,44,251,-207
119900033,1577,206,1371
119900034,268,70,198
119900037,139,35,104
119900038,23,217,-194
119900039,54,7,47
119900040,67,11,56
119900041,89,36,53
119900042,93,139,-46
119900043,74,102,-28
119900044,130,758,-628
119900046,64,40,24
119900047,237,52,185
119900049,163,5,158
119900050,53,63,-10
119900051,963,8,955
119900052,53,16,37
119900053,145,115,30
119900054,101,3,98
119900055,964,333,631
119900057,190,50,140
119900058,171,4,167
119900059,59,30,29
119900060,179,11,168
119900061,274,5,269
119900062,79,14,65
119900063,4,28,-24
119900065,195,7,188
119900067,67,10,57
119900068,369,2,367
119900069,93,7,86
119900070,589,4,585
119900071,475,17,458
119900073,1122,523,599
119900074,18,31,-13
119900075,3162,1810,1352
119900076,64,27,37
119900077,663,603,60
119900078,298,506,-208
119900079,197,102,95
119900080,286,205,81
119900081,504,33,471
119900082,953,60,893
119900083,270,111,159
119900084,401,227,174
119900085,38,36,2
119900086,367,723,-356
119900087,323,203,120
119900088,26,26,0
119900089,15,329,-314
119900090,139,42,97
119900091,46,592,-546
119900092,20,178,-158
119900093,672,159,513
119900094,37,164,-127
119900095,144,62,82
119900096,22,76,-54
119900097,375,135,240
119900098,23,30,-7
119900099,35,96,-61
119900100,1237,1873,-636
119900101,132,724,-592
119900102,25,127,-102
119900103,27,149,-122
119900104,23,83,-60
119900105,344,1215,-871
119900106,12,109,-97
119900107,176,1789,-1613
119900108,1572,450,1122
119900109,35,103,-68
119900110,501,443,58
119900111,137,385,-248
119900112,1014,405,609
119900113,53,177,-124
119900114,198,858,-660
119900115,222,634,-412
119900116,83,358,-275
119900117,248,386,-138
119900118,49,505,-456
119900119,208,191,17
119900120,408,328,80
119900121,348,674,-326
119900122,338,224,114
119900123,116,205,-89
119900124,192,584,-392
119900125,47,176,-129
119900126,2537,183,2354
119900127,1504,764,740
119900128,374,483,-109
119900129,220,366,-146
119900130,9,159,-150
119900131,28,143,-115
119900132,8,150,-142
119900133,30,70,-40
119900134,1015,133,882
119900135,0,226,-226
119900136,102,207,-105
119900138,217,325,-108
119900139,8,98,-90
119900140,6,95,-89
119900141,51,453,-402
119900142,0,26,-26
119900143,11,118,-107
119900144,973,134,839
119900145,60,113,-53
119900146,80,110,-30
119900147,1,85,-84
119900148,154,38,116
119900149,633,2681,-2048
119900150,118,81,37
119900151,914,444,470
119900152,57,231,-174
119900153,108,52,56
119900154,3,540,-537
119900155,19,25,-6
119900156,18,4,14
119900157,104,133,-29
119900158,105,50,55
119900159,4,960,-956
119900160,18,93,-75
119900161,131,98,33
119900162,579,577,2
119900163,62,119,-57
119900164,0,0,0
119900165,105,93,12
119900166,47,20,27
119900167,62,83,-21
119900168,721,354,367
119900169,78,185,-107
119900170,155,199,-44
119900171,675,251,424
119900172,97,16,81
119900173,1,268,-267
119900174,1,100,-99
119900175,939,454,485
119900177,19,114,-95
119900178,1,111,-110
119900179,99,421,-322
119900180,742,658,84
119900181,33,73,-40
119900182,5,192,-187
119900183,101,459,-358
119900184,1330,323,1007
119900185,33,103,-70
119900186,29,692,-663
119900187,12,249,-237
119900188,61,295,-234
119900189,294,329,-35
119900190,28,197,-169
119900191,258,251,7
119900192,35,102,-67
119900193,272,122,150
119900194,10,49,-39
119900195,16,109,-93
119900196,666,264,402
119900197,132,141,-9
119900198,87,208,-121
119900199,109,19,90
119900200,455,474,-19
119900201,263,109,154
119900202,90,144,-54
119900203,124,448,-324
119900204,170,161,9
119900205,556,328,228
119900206,158,110,48
119900208,109,87,22
119900209,393,948,-555
119900210,32,13,19
119900211,48,4,44
119900212,393,362,31
119900213,13,47,-34
119900214,21,63,-42
119900215,38,51,-13
119900216,6,39,-33
119900217,8,37,-29
119900218,9,46,-37
119900219,9,72,-63
119900220,7,55,-48
119900221,9,124,-115
119900222,13,98,-85
119900223,11,34,-23
119900224,6,20,-14
119900225,483,34,449
119900226,365,1082,-717
119900227,699,195,504
119900228,37,157,-120
119900229,237,218,19
119900230,857,357,500
119900231,180,139,41
119900232,152,77,75
119900233,45,5,40
119900234,8,37,-29
119900235,9,34,-25
119900236,6,125,-119
119900237,21,196,-175
119900238,2,53,-51
119900240,57,97,-40
119900241,133,170,-37
119900242,635,892,-257
119900244,422,937,-515
119900245,90,136,-46
119900246,168,466,-298
119900247,20,95,-75
119900248,64,169,-105
119900249,134,43,91
119900253,1600,267,1333
119900254,75,549,-474
119900255,62,334,-272
119900256,530,554,-24
119900257,55,1,54
119900258,62,2,60
119900259,11,90,-79
119900260,81,7,74
119900261,194,104,90
119900262,1,169,-168
119900263,825,209,616
119900264,87,99,-12
119900265,259,265,-6
119900266,264,171,93
119900267,204,322,-118
119900268,153,113,40
119900269,791,596,195
119900271,25,44,-19
119900272,220,165,55
119900275,154,78,76
119900276,55,2,53
119900277,8,4,4
119900278,114,53,61
119900279,56,164,-108
119900280,477,90,387
119900281,2,152,-150
119900282,29,84,-55
119900283,6,175,-169
119900284,16,133,-117
119900285,20,33,-13
119900286,0,12,-12
119900288,5,21,-16
119900289,1,28,-27
119900290,6,26,-20
119900291,2,47,-45
119900292,24,43,-19
119900293,11,46,-35
119900294,14,33,-19
119900295,16,23,-7
119900296,41,90,-49
119900297,1,10,-9
119900298,2,2,0
119900299,42,144,-102
119900300,147,84,63
119900301,24,23,1
119900302,20,17,3
119900303,165,68,97
119900304,109,36,73
119900305,6,94,-88
119900306,18,1,17
119900307,35,45,-10
119900308,14,16,-2
119900309,27,70,-43
119900310,151,195,-44
119900311,61,68,-7
119900312,45,63,-18
119900313,216,160,56
119900314,134,255,-121
119900315,1344,1386,-42
119900318,12,23,-11
119900319,0,168,-168
119900320,108,315,-207
119900321,41,2,39
120000001,4209,11016,-6807
120000002,2151,2090,61
120000003,2629,1335,1294
120000004,2223,1674,549
120000005,3088,1625,1463
120000006,1073,1118,-45
120000007,2829,2393,436
120000008,894,1029,-135
120000009,2234,756,1478
120000010,1521,1947,-426
120000011,813,1431,-618
120000012,1280,1785,-505
120000013,2315,2121,194
120000014,529,1061,-532
120000015,1898,1311,587
120000016,2899,1775,1124
120000017,2175,1867,308
120000018,2698,8743,-6045
120000019,922,1113,-191
120000020,2346,2502,-156
120000021,1386,1975,-589
120000022,2196,3148,-952
120000023,868,1255,-387
120000024,1143,1928,-785
120000025,2049,1645,404
120000026,1603,1329,274
120000027,1729,1547,182
120000028,591,1003,-412
120000029,2211,788,1423
120000030,221,813,-592
120000031,1371,4692,-3321
120000032,5785,3184,2601
120000033,3812,1575,2237
120000034,1639,1271,368
120000035,1689,1519,170
120000036,2279,3866,-1587
120000037,573,1298,-725
120000038,4197,2624,1573
120000039,514,708,-194
120000040,92,339,-247
120000041,1542,1286,256
120000042,1322,1751,-429
120000043,3495,1201,2294
120000044,4085,1120,2965
120000045,4620,839,3781
120000046,2443,2088,355
120000047,717,3201,-2484
120000048,5099,3311,1788
120000049,2639,2348,291
120000050,3064,3255,-191
120000051,2071,3204,-1133
120000052,6218,1939,4279
120000053,1046,1855,-809
120000054,1049,2945,-1896
120000055,1424,3482,-2058
120000056,2947,2467,480
120000057,2374,740,1634
120000058,3137,779,2358
120000059,6,1141,-1135
120000061,118,364,-246
120000062,211,255,-44
120000063,1224,1748,-524
120000064,194,798,-604
120000065,494,954,-460
120000066,129,306,-177
120000067,67,377,-310
120000068,158,623,-465
120000069,519,665,-146
120000070,69,481,-412
120000071,513,109,404
120000072,680,361,319
120000073,787,69,718
120000074,124,63,61
120000075,568,243,325
120000076,1724,354,1370
120000077,1655,608,1047
120000078,2452,1048,1404
120000079,388,413,-25
120000080,276,245,31
120000081,319,173,146
120000082,303,292,11
120000083,153,680,-527
120000084,285,233,52
120000085,204,230,-26
120000086,236,369,-133
120000087,175,369,-194
120000088,662,801,-139
120000089,890,479,411
120000090,636,463,173
120000091,689,750,-61
120000092,1014,512,502
120000093,388,434,-46
120000094,142,650,-508
120000095,744,334,410
120000096,221,573,-352
120000098,707,584,123
120000099,372,565,-193
120000100,664,672,-8
120000101,406,287,119
120000102,505,682,-177
120000103,1152,773,379
120000104,1638,498,1140
120000105,2569,613,1956
120000106,1951,642,1309
120000107,3054,541,2513
120000108,1062,121,941
120000109,1025,74,951
120000110,77,633,-556
120000111,91,744,-653
120000112,592,1771,-1179
120000113,552,1523,-971
120000114,797,1864,-1067
120000115,289,1595,-1306
120000116,546,1377,-831
120000117,1054,1275,-221
120000118,44,34,10
120000119,19,42,-23
120000120,67,84,-17
120000121,33,46,-13
120000122,218,295,-77
120000123,3040,4104,-1064
120000124,382,292,90
120000125,433,436,-3
120000126,310,735,-425
120000127,1916,821,1095
120000128,2643,3202,-559
120000129,246,245,1
120000130,625,431,194
120000131,255,526,-271
120000134,255,800,-545
120000135,415,342,73
120000137,206,876,-670
120000138,839,306,533
120000139,225,484,-259
120000140,679,349,330
120000141,208,338,-130
120000142,531,398,133
120000143,3,85,-82
120000144,105,6,99
120000145,369,1,368
120000146,1012,791,221
120000149,495,808,-313
120000150,2405,7823,-5418
120000151,324,347,-23
120000152,378,120,258
120000153,145,412,-267
120000154,373,410,-37
120000155,98,168,-70
120000156,699,668,31
120000157,751,515,236
120000158,771,631,140
120000159,1635,1854,-219
120000160,1845,1287,558
120000161,1612,1699,-87
120000162,74,255,-181
120000163,582,936,-354
120000164,517,301,216
120000165,557,576,-19
120000166,1278,421,857
120000167,105,139,-34
120000168,10,365,-355
120000169,37,1045,-1008
120000170,41,648,-607
120000171,19,269,-250
120000172,33,221,-188
120000173,2541,762,1779
120000174,246,26,220
120000175,192,28,164
120000176,248,30,218
120000177,717,90,627
120000178,49,14,35
120000179,145,48,97
120000180,307,59,248
120000181,84,641,-557
120000182,32,412,-380
120000183,5,266,-261
120000184,86,788,-702
120000186,55,397,-342
120000187,43,188,-145
120000188,101,304,-203
120000190,723,48,675
120000191,566,62,504
120000192,653,27,626
120000193,230,6,224
120000195,61,4,57
120000196,197,31,166
120000197,42,117,-75
120000198,129,66,63
120000199,67,1,66
120000200,112,0,112
120000201,17,23,-6
120000202,7,25,-18
120000203,39,124,-85
120000207,0,43,-43
120000208,10,143,-133
120000209,3,44,-41
120000210,53,87,-34
120000211,88,1,87
120000212,152,0,152
120000213,93,179,-86
120000214,2,196,-194
120000215,4,102,-98
120000216,59,11,48
120000217,429,810,-381
120000218,113,478,-365
120000219,0,326,-326
120000220,12,1071,-1059
120000225,1203,8,1195
120000226,245,4,241
120000227,661,36,625
120000228,6818,2457,4361
120000230,275,17,258
120000231,1024,1300,-276
120000233,197,26,171
120000235,158,421,-263
120000236,654,3,651
120000237,0,833,-833
120000238,3,444,-441
120000241,895,2579,-1684
120000412,443,9,434
120000413,156,123,33
120000414,86,1,85
120000415,0,70,-70
120000416,60,3,57
120000417,6,66,-60
120000418,77,11,66
120000419,3,166,-163
120000420,31,21,10
120000421,7269,4223,3046
120000422,97,949,-852
120000423,7,58,-51
120000424,39,92,-53
120000436,97,544,-447
120000437,126,85,41
120000438,1850,224,1626
120000439,165,425,-260
120000443,145,0,145
120000444,1250,481,769
120000445,1169,868,301
120000446,535,172,363
120000447,233,6,227
120000449,63,3,60
120000450,3,126,-123
120000451,78,146,-68
120000452,97,0,97
120000453,1,218,-217
120000454,50,44,6
120000455,57,36,21
120000456,1497,2659,-1162
120000457,622,379,243
120000458,370,613,-243
120000459,73,41,32
120000665,544,237,307
120000668,101,630,-529
120000669,50,123,-73
120000670,173,554,-381
120000671,1006,395,611
120000672,74,428,-354
120900001,59,98,-39
120900002,198,305,-107
120900003,151,9,142
120900004,7,48,-41
120900005,27,1048,-1021
120900006,289,199,90
120900007,98,67,31
120900008,221,796,-575
120900009,483,21,462
120900010,296,77,219
120900011,143,180,-37
120900012,212,808,-596
120900013,197,67,130
120900014,3,313,-310
120900015,619,65,554
120900016,643,35,608
120900017,1659,49,1610
120900018,94,288,-194
120900019,489,332,157
120900020,635,1074,-439
120900021,581,118,463
120900022,22,216,-194
120900023,225,21,204
120900024,1390,380,1010
120900025,1315,949,366
120900026,99,125,-26
120900027,561,16,545
120900028,330,99,231
120900029,140,432,-292
120900030,957,640,317
120900031,208,121,87
120900032,882,78,804
120900033,845,83,762
120900034,23,1815,-1792
120900035,17,19,-2
120900037,187,7,180
120900038,57,261,-204
120900039,61,29,32
120900040,223,9,214
120900041,86,15,71
120900042,457,29,428
120900043,39,19,20
120900044,8,254,-246
120900045,89,64,25
120900046,351,7,344
120900047,125,90,35
120900048,109,27,82
120900049,345,0,345
120900050,1372,1102,270
120900051,303,65,238
120900052,457,2,455
120900053,209,27,182
120900054,1325,412,913
120900055,338,0,338
120900056,446,15,431
120900057,111,18,93
120900058,418,2,416
120900059,73,3,70
120900060,55,13,42
120900061,156,118,38
120900062,229,1,228
120900063,511,7,504
120900064,528,1,527
120900065,396,0,396
120900066,101,129,-28
120900067,164,45,119
120900068,228,0,228
120900069,197,24,173
120900071,8,0,8
120900072,763,8,755
120900073,423,34,389
120900074,353,4,349
120900076,242,0,242
120900077,1627,158,1469
120900078,662,848,-186
120900079,463,76,387
120900080,791,1344,-553
120900081,916,135,781
120900082,284,280,4
120900083,76,4,72
120900084,206,384,-178
120900085,80,164,-84
120900086,73,264,-191
120900087,304,379,-75
120900088,88,318,-230
120900089,2292,2120,172
120900090,226,85,141
120900091,534,799,-265
120900092,1136,365,771
120900093,1496,136,1360
120900094,409,144,265
120900095,269,16,253
120900096,24,102,-78
120900097,524,461,63
120900098,201,141,60
120900099,48,55,-7
120900100,64,152,-88
120900101,526,197,329
120900102,31,71,-40
120900103,48,161,-113
120900104,14,41,-27
120900105,27,324,-297
120900106,948,363,585
120900107,189,109,80
120900108,5,388,-383
120900109,54,416,-362
120900110,6,446,-440
120900111,108,247,-139
120900112,9,592,-583
120900113,18,495,-477
120900114,31,103,-72
120900115,97,220,-123
120900116,273,233,40
120900117,2,322,-320
120900118,8,503,-495
120900119,3304,3197,107
120900120,54,359,-305
120900121,67,347,-280
120900122,285,303,-18
120900123,7,283,-276
120900124,3,405,-402
120900125,1,435,-434
120900126,1153,739,414
120900127,10,346,-336
120900128,1074,1078,-4
120900129,47,225,-178
120900130,0,137,-137
120900131,25,32,-7
120900132,866,188,678
120900133,73,568,-495
120900134,752,318,434
120900135,3,378,-375
120900136,23,31,-8
120900137,146,47,99
120900138,22,128,-106
120900139,4,438,-434
120900140,0,62,-62
120900141,80,127,-47
120900142,8,313,-305
120900143,1,517,-516
120900144,0,82,-82
120900145,130,662,-532
120900146,2,560,-558
120900147,26,276,-250
120900148,71,109,-38
120900149,0,141,-141
120900150,36,390,-354
120900151,57,393,-336
120900152,188,32,156
120900153,31,63,-32
120900154,4,157,-153
120900155,158,783,-625
120900156,147,262,-115
120900157,50,225,-175
120900158,48,460,-412
120900159,185,457,-272
120900160,15,506,-491
120900161,25,395,-370
120900162,47,482,-435
120900163,46,427,-381
120900164,5,16,-11
120900165,23,85,-62
120900166,55,297,-242
120900167,161,105,56
120900169,53,200,-147
120900170,857,1901,-1044
120900171,754,171,583
120900172,429,701,-272
120900173,16,66,-50
120900174,3,62,-59
120900175,238,70,168
120900176,6,248,-242
120900177,0,931,-931
120900178,12,225,-213
120900179,701,356,345
120900180,51,110,-59
120900181,85,29,56
120900182,17,244,-227
120900183,382,47,335
120900184,202,29,173
120900185,7,252,-245
120900186,1,305,-304
120900187,378,822,-444
120900188,156,6,150
120900189,84,1162,-1078
120900190,72,5,67
120900191,7,11,-4
120900192,6483,5457,1026
120900194,41,43,-2
120900195,116,171,-55
120900196,490,28,462
120900197,514,129,385
120900198,179,385,-206
120900199,258,323,-65
120900200,62,101,-39
120900201,323,108,215
120900202,1,92,-91
120900203,41,75,-34
120900204,116,171,-55
120900205,29,26,3
120900206,14,23,-9
120900207,49,870,-821
121000001,535,772,-237
121000002,1677,918,759
121000003,1810,1334,476
121000004,1822,2403,-581
121000005,1211,1866,-655
121000006,2307,1269,1038
121000007,1811,2131,-320
121000008,3831,2415,1416
121000009,3464,3977,-513
121000010,5742,4119,1623
121000011,5947,8849,-2902
121000012,11430,7664,3766
121000013,3823,5444,-1621
121000014,4790,4232,558
121000015,3034,5963,-2929
121000016,3527,2559,968
121000017,1360,2621,-1261
121000018,1768,1273,495
121000019,13348,9624,3724
121000020,10260,13720,-3460
121000021,2255,2218,37
121000022,1876,2487,-611
121000023,2971,2095,876
121000024,3772,3724,48
121000025,440,1051,-611
121000026,264,148,116
121000027,1110,931,179
121000028,709,381,328
121000029,767,466,301
121000030,505,283,222
121000031,491,475,16
121000032,163,89,74
121000034,364,164,200
121000035,139,164,-25
121000036,919,609,310
121000037,519,490,29
121000038,323,595,-272
121000039,209,309,-100
121000041,461,308,153
121000042,210,294,-84
121000043,581,515,66
121000044,1241,679,562
121000045,308,215,93
121000046,507,676,-169
121000047,265,295,-30
121000049,1207,488,719
121000050,292,950,-658
121000051,591,242,349
121000052,417,459,-42
121000053,360,86,274
121000054,51,304,-253
121000055,884,869,15
121000056,590,785,-195
121000057,232,379,-147
121000058,615,337,278
121000059,1873,1012,861
121000060,472,791,-319
121000061,74,275,-201
121000062,146,303,-157
121000063,772,636,136
121000064,602,729,-127
121000065,442,471,-29
121000066,654,574,80
121000067,559,539,20
121000068,641,282,359
121000069,550,774,-224
121000070,1520,1040,480
121000071,1083,1000,83
121000072,798,599,199
121000073,751,722,29
121000074,119,165,-46
121000075,64,540,-476
121000076,825,459,366
121000077,90,160,-70
121000078,95,131,-36
121000080,1543,456,1087
121000081,2503,2242,261
121000082,120,229,-109
121000083,194,123,71
121000084,249,254,-5
121000085,231,410,-179
121000086,166,578,-412
121000087,68,271,-203
121000088,432,383,49
121000089,231,308,-77
121000090,314,286,28
121000091,974,658,316
121000092,165,77,88
121000093,166,153,13
121000094,375,487,-112
121000095,287,440,-153
121000096,2002,1914,88
121000097,744,1593,-849
121000098,558,927,-369
121000099,683,637,46
121000100,894,347,547
121000101,342,256,86
121000102,220,211,9
121000103,154,167,-13
121000104,234,102,132
121000105,362,158,204
121000106,266,311,-45
121000107,1453,2089,-636
121000109,878,758,120
121000110,258,564,-306
121000114,2051,1587,464
121000115,686,583,103
121000116,247,727,-480
121000117,535,192,343
121000118,1129,170,959
121000119,251,328,-77
121000120,168,300,-132
121000121,482,978,-496
121000123,1324,451,873
121000127,100,68,32
121000128,915,374,541
121000129,528,395,133
121000130,457,699,-242
121000131,1716,1481,235
121000132,1389,1372,17
121000135,325,310,15
121000136,872,728,144
121000137,425,225,200
121000138,689,1394,-705
121000139,356,413,-57
121000141,173,99,74
121000142,645,998,-353
121000143,98,31,67
121000144,800,1539,-739
121000145,457,839,-382
121000146,1145,811,334
121000147,879,400,479
121000148,733,898,-165
121000149,1804,1139,665
121000152,331,392,-61
121000153,1415,442,973
121000154,878,508,370
121000155,1212,868,344
121000156,387,805,-418
121000157,755,1272,-517
121000158,356,386,-30
121000159,176,338,-162
121000160,247,303,-56
121000161,158,226,-68
121000162,88,85,3
121000165,1155,1545,-390
121000166,24,349,-325
121000168,292,191,101
121000169,51,99,-48
121000170,288,96,192
121000171,149,142,7
121000172,458,412,46
121000173,824,874,-50
121000174,271,358,-87
121000175,849,297,552
121000176,270,225,45
121000177,730,452,278
121000178,172,66,106
121000179,78,50,28
121000181,402,338,64
121000182,123,186,-63
121000183,81,61,20
121000184,50,61,-11
121000185,41,133,-92
121000186,154,545,-391
121000187,132,123,9
121000188,136,164,-28
121000192,839,370,469
121000193,491,410,81
121000194,1774,1682,92
121000195,182,654,-472
121000196,558,169,389
121000197,158,422,-264
121000198,152,82,70
121000199,89,247,-158
121000200,405,57,348
121000201,5,140,-135
121000202,612,88,524
121000203,568,1541,-973
121000204,2143,616,1527
121000205,118,154,-36
121000206,107,32,75
121000207,1763,273,1490
121000208,4,248,-244
121000209,393,225,168
121000210,497,277,220
121000211,205,91,114
121000212,357,376,-19
121000213,6265,2077,4188
121000214,624,1628,-1004
121000215,755,652,103
121000216,408,505,-97
121000217,2969,2084,885
121000218,362,1240,-878
121000219,1166,329,837
121000220,135,52,83
121000221,84,162,-78
121000222,1831,1679,152
121000223,564,413,151
121000224,353,274,79
121000225,857,1263,-406
121000226,1759,881,878
121000227,15,139,-124
121000228,17,427,-410
121000229,245,246,-1
121000230,72,1177,-1105
121000231,757,33,724
121000232,355,241,114
121000233,512,284,228
121000234,17,20,-3
121000235,66,76,-10
121000236,3,32,-29
121000237,25,15,10
121000238,4,47,-43
121000239,40,3,37
121000240,5,95,-90
121000241,62,12,50
121000242,54,353,-299
121000243,583,210,373
121000244,9,46,-37
121000245,84,43,41
121000246,3,93,-90
121000247,130,5,125
121000248,1306,380,926
121000249,61,150,-89
121000250,369,140,229
121000251,21,264,-243
121000252,87,58,29
121000253,226,309,-83
121000254,526,144,382
121000255,128,178,-50
121000256,234,120,114
121000257,43,68,-25
121000258,84,53,31
121000259,51,26,25
121000260,85,68,17
121000261,74,61,13
121000262,702,474,228
121000263,475,343,132
121000271,207,1077,-870
121000273,16,7,9
121000274,19,30,-11
121000275,1,11,-10
121000276,5,12,-7
121000278,62,22,40
121000289,163,12,151
121000290,798,758,40
121000294,162,63,99
121000297,645,897,-252
121000299,151,291,-140
121000300,728,759,-31
121000302,62,909,-847
121000303,411,338,73
121000304,412,41,371
121000305,202,112,90
121000306,73,103,-30
121000308,117,190,-73
121000309,396,446,-50
121000310,127,268,-141
121000311,35,497,-462
121000312,232,151,81
121000313,193,302,-109
121000314,115,103,12
121000315,37,123,-86
121000530,1302,1039,263
121000531,1299,1205,94
121000532,5134,5847,-713
121000533,2579,2732,-153
121000918,47,102,-55
121000919,50,71,-21
121000938,153,246,-93
121000939,177,193,-16
121000956,1151,796,355
121000957,6,3,3
121000958,27,24,3
121000959,677,487,190
121000960,1118,1411,-293
121000961,213,173,40
121000962,195,432,-237
121000973,0,129,-129
121000976,11,139,-128
121000979,326,100,226
121000981,376,252,124
121000982,340,140,200
121000983,346,265,81
121000984,9,53,-44
121000985,723,324,399
121000986,197,143,54
121000987,166,646,-480
121000988,559,110,449
121001302,254,86,168
121001308,2,13,-11
121001309,42,58,-16
121001313,166,166,0
121001314,1442,2015,-573
121001315,3597,2004,1593
121001326,332,306,26
121001327,154,158,-4
121001328,183,15,168
121900001,138,141,-3
121900002,39,21,18
121900003,369,6,363
121900004,70,209,-139
121900005,14,10,4
121900006,78,10,68
121900007,1297,1210,87
121900008,618,482,136
121900009,404,13,391
121900010,179,1,178
121900011,160,210,-50
121900012,5,0,5
121900013,1139,108,1031
121900014,820,289,531
121900015,142,117,25
121900016,4,39,-35
121900017,434,360,74
121900018,298,6,292
121900019,392,155,237
121900020,8,4,4
121900021,845,9,836
121900022,220,180,40
121900023,148,157,-9
121900024,255,85,170
121900025,461,312,149
121900026,207,40,167
121900027,258,75,183
121900028,174,16,158
121900029,64,121,-57
121900030,334,411,-77
121900031,651,4602,-3951
121900032,67,44,23
121900033,159,160,-1
121900034,192,80,112
121900035,1981,1371,610
121900036,85,297,-212
121900037,103,640,-537
121900038,20,78,-58
121900039,320,42,278
121900040,74,76,-2
121900041,61,178,-117
121900042,313,116,197
121900043,3,9,-6
121900044,77,45,32
121900046,200,158,42
121900047,132,75,57
121900048,18,65,-47
121900050,29,30,-1
121900051,142,156,-14
121900052,92,26,66
121900053,416,207,209
121900054,344,724,-380
121900055,1,9,-8
121900058,200,78,122
121900059,288,150,138
121900060,126,266,-140
121900062,102,73,29
121900063,930,461,469
121900064,230,411,-181
121900066,54,22,32
121900067,41,32,9
121900069,134,86,48
121900070,116,58,58
121900071,313,152,161
121900072,48,158,-110
121900073,239,181,58
121900074,450,813,-363
121900075,355,314,41
121900076,274,425,-151
121900078,40,22,18
121900079,1,0,1
121900080,550,219,331
121900082,74,95,-21
121900084,14,77,-63
121900086,11,33,-22
121900087,159,83,76
121900088,1034,1906,-872
121900089,142,200,-58
121900090,13,64,-51
121900091,31,64,-33
121900092,69,49,20
121900093,60,33,27
121900094,13,10,3
121900095,215,127,88
121900096,793,608,185
121900097,500,118,382
121900098,2,1,1
121900099,161,64,97
121900100,202,419,-217
121900101,106,105,1
121900102,7,93,-86
121900103,280,168,112
121900104,1054,300,754
121900105,224,117,107
121900106,4,2,2
121900107,34,20,14
121900108,0,17,-17
121900109,230,144,86
121900110,369,520,-151
121900111,453,144,309
121900112,88,78,10
121900113,62,294,-232
121900114,13,47,-34
121900117,126,57,69
121900118,1266,557,709
121900119,147,92,55
121900120,41,816,-775
121900121,291,36,255
121900122,26,35,-9
121900123,173,313,-140
121900124,140,128,12
121900125,1087,637,450
121900127,25,86,-61
121900128,47,65,-18
121900129,426,174,252
121900130,86,198,-112
121900131,143,65,78
121900132,46,70,-24
121900133,90,868,-778
121900134,33,103,-70
121900135,1769,205,1564
121900136,283,251,32
121900137,47,184,-137
121900138,63,91,-28
121900139,305,512,-207
121900140,79,121,-42
121900141,53,38,15
121900142,118,85,33
121900143,10,96,-86
121900144,76,211,-135
121900145,136,165,-29
121900146,438,554,-116
121900147,52,82,-30
121900148,118,201,-83
121900149,241,421,-180
121900150,75,102,-27
121900151,58,176,-118
121900152,80,80,0
121900153,67,438,-371
121900154,19,181,-162
121900155,1,120,-119
121900156,127,90,37
121900157,1,216,-215
121900158,56,70,-14
121900159,0,164,-164
121900160,2,192,-190
121900161,261,243,18
121900162,93,126,-33
121900163,222,334,-112
121900164,327,141,186
121900165,151,122,29
121900166,195,132,63
121900167,66,90,-24
121900168,146,190,-44
121900169,3,165,-162
121900170,9,114,-105
121900171,550,362,188
121900172,459,146,313
121900173,534,167,367
121900174,30,39,-9
121900175,99,155,-56
121900176,466,1034,-568
121900177,166,55,111
121900178,18,33,-15
121900179,298,145,153
121900180,2248,2870,-622
121900182,559,231,328
121900183,515,1168,-653
121900184,64,337,-273
121900186,4,238,-234
121900187,30,115,-85
121900188,371,251,120
121900189,19,76,-57
121900190,258,380,-122
121900191,100,196,-96
121900192,269,690,-421
121900193,38,109,-71
121900194,4,103,-99
121900195,53,60,-7
121900196,656,745,-89
121900197,214,1026,-812
121900198,978,684,294
121900199,2,15,-13
121900200,45,151,-106
121900201,696,474,222
121900202,122,544,-422
121900203,130,647,-517
121900204,498,786,-288
121900205,14,66,-52
121900206,13,27,-14
121900207,55,22,33
121900208,103,208,-105
121900209,72,31,41
121900210,1073,741,332
121900211,315,420,-105
121900212,130,93,37
121900213,139,35,104
121900214,7,321,-314
121900215,48,51,-3
121900216,24,158,-134
121900217,128,118,10
121900218,156,303,-147
121900220,76,12,64
121900221,178,422,-244
121900222,112,99,13
121900223,115,39,76
121900224,78,22,56
121900225,78,98,-20
121900226,143,298,-155
121900227,180,372,-192
121900228,151,199,-48
121900230,81,195,-114
121900231,333,1369,-1036
121900232,142,289,-147
121900233,108,155,-47
121900234,239,181,58
121900235,394,118,276
121900236,240,125,115
121900237,187,198,-11
121900238,138,216,-78
121900239,132,22,110
121900240,187,58,129
121900241,44,41,3
121900242,2,0,2
121900243,4,0,4
121900244,10,0,10
121900245,110,66,44
121900246,1658,185,1473
121900248,959,962,-3
121900250,188,252,-64
121900251,269,28,241
121900252,456,115,341
121900253,194,732,-538
121900254,448,221,227
121900255,392,68,324
121900258,2431,1617,814
121900259,261,456,-195
121900260,46,88,-42
121900261,165,509,-344
121900262,301,659,-358
121900263,228,214,14
121900264,1170,954,216
121900265,224,172,52
121900266,404,121,283
121900267,52,26,26
121900269,190,542,-352
121900270,27,144,-117
121900271,35,112,-77
121900273,397,1371,-974
121900274,231,181,50
121900277,375,711,-336
121900278,94,595,-501
121900279,64,140,-76
121900280,74,211,-137
121900281,296,497,-201
121900284,43,1,42
121900286,92,48,44
121900287,10,17,-7
121900288,17,0,17
121900290,208,266,-58
121900291,289,412,-123
121900292,138,146,-8
121900293,793,2108,-1315
121900294,167,1,166
121900295,101,148,-47
121900296,40,127,-87
121900298,205,526,-321
121900299,0,3,-3
121900300,51,3,48
121900301,67,2,65
121900302,2,27,-25
121900303,224,192,32
121900304,3,16,-13
121900305,1,5,-4
121900306,168,0,168
121900307,66,5,61
121900308,14,216,-202
121900309,5,168,-163
121900310,17,296,-279
121900311,443,22,421
121900312,279,22,257
121900313,300,8,292
121900314,2,32,-30
121900315,22,0,22
121900316,0,21,-21
121900317,15,10,5
121900318,0,21,-21
121900319,30,85,-55
121900320,28,59,-31
121900321,11,5,6
121900322,6,36,-30
121900323,21,13,8
121900324,2,46,-44
121900325,16,3,13
121900326,7,16,-9
121900327,3,39,-36
121900328,0,15,-15
121900329,0,111,-111
121900330,1,12,-11
121900331,15,25,-10
121900332,57,13,44
121900333,32,1,31
121900334,57,49,8
122000001,1735,4377,-2642
122000002,3425,1292,2133
122000003,1589,2295,-706
122000004,2299,1219,1080
122000005,1833,1558,275
122000006,1445,838,607
122000007,972,1698,-726
122000008,2942,3396,-454
122000009,394,430,-36
122000010,1601,2332,-731
122000011,2477,1959,518
122000012,1189,1345,-156
122000013,921,708,213
122000014,1274,918,356
122000015,1038,786,252
122000016,449,697,-248
122000017,860,745,115
122000018,1005,862,143
122000019,581,823,-242
122000020,153,188,-35
122000021,196,374,-178
122000022,1019,715,304
122000023,590,1150,-560
122000024,650,1086,-436
122000025,1061,1313,-252
122000026,824,969,-145
122000027,466,1481,-1015
122000028,638,326,312
122000029,358,408,-50
122000030,215,98,117
122000031,161,212,-51
122000032,1377,1428,-51
122000033,455,1096,-641
122000034,454,454,0
122000035,238,509,-271
122000036,477,395,82
122000037,255,173,82
122000038,204,223,-19
122000039,531,337,194
122000040,249,194,55
122000041,402,457,-55
122000042,300,422,-122
122000043,79,105,-26
122000044,119,144,-25
122000045,1066,423,643
122000046,576,546,30
122000047,175,169,6
122000048,2317,3363,-1046
122000049,4306,2591,1715
122000050,984,680,304
122000051,264,271,-7
122000052,403,325,78
122000053,170,745,-575
122000054,1936,1522,414
122000055,1813,2541,-728
122000056,3782,2898,884
122000057,2512,2940,-428
122000058,2122,1272,850
122000059,2361,1764,597
122000060,582,591,-9
122000061,390,527,-137
122000062,893,298,595
122000063,772,502,270
122000064,2649,2462,187
122000065,2924,1932,992
122000066,476,371,105
122000067,1032,795,237
122000068,812,765,47
122000069,789,694,95
122000070,596,987,-391
122000071,1166,936,230
122000072,323,379,-56
122000073,425,576,-151
122000074,2302,1262,1040
122000075,677,934,-257
122000076,1905,832,1073
122000077,948,671,277
122000078,1725,2418,-693
122000079,734,1032,-298
122000080,539,315,224
122000081,158,199,-41
122000082,518,666,-148
122000083,1039,1250,-211
122000084,879,612,267
122000085,227,640,-413
122000086,1712,3662,-1950
122000087,320,195,125
122000088,201,288,-87
122000089,3452,1668,1784
122000090,157,317,-160
122000091,144,63,81
122000092,124,18,106
122000093,1276,1488,-212
122000094,3860,2083,1777
122000095,1620,2425,-805
122000096,1602,1165,437
122000098,2238,1698,540
122000099,1200,523,677
122000100,868,466,402
122000101,335,541,-206
122000102,1491,966,525
122000103,1469,1409,60
122000104,249,136,113
122000105,527,182,345
122000106,412,497,-85
122000107,810,303,507
122000108,339,549,-210
122000109,324,215,109
122000110,338,392,-54
122000111,1827,1054,773
122000112,789,1046,-257
122000113,509,496,13
122000114,1812,1071,741
122000115,1239,928,311
122000116,383,425,-42
122000117,848,421,427
122000118,479,682,-203
122000119,2330,1826,504
122000120,1410,3035,-1625
122000121,1632,2298,-666
122000122,670,1482,-812
122000123,1615,1666,-51
122000124,834,539,295
122000125,499,704,-205
122000126,496,1122,-626
122000127,842,1351,-509
122000128,504,639,-135
122000129,405,1139,-734
122000130,2665,1197,1468
122000131,1098,1079,19
122000132,460,451,9
122000133,714,961,-247
122000134,807,739,68
122000135,621,559,62
122000136,667,692,-25
122000137,1243,692,551
122000139,996,2648,-1652
122000140,737,561,176
122000141,2355,639,1716
122000142,219,579,-360
122000143,338,449,-111
122000144,1134,1131,3
122000145,839,668,171
122000146,534,938,-404
122000147,518,450,68
122000148,1244,1400,-156
122000149,1784,1511,273
122000150,1022,890,132
122000151,135,321,-186
122000152,320,347,-27
122000153,299,255,44
122000154,239,182,57
122000155,1180,1921,-741
122000156,1609,1819,-210
122000157,1207,1571,-364
122000158,290,507,-217
122000159,629,1244,-615
122000160,2602,2223,379
122000161,802,879,-77
122000162,1526,1468,58
122000163,140,71,69
122000164,36,59,-23
122000165,664,594,70
122000166,878,836,42
122000167,172,147,25
122000168,177,384,-207
122000169,327,135,192
122000170,246,170,76
122000171,27,55,-28
122000172,1179,984,195
122000173,993,1678,-685
122000174,1472,684,788
122000175,771,214,557
122000176,291,518,-227
122000177,991,1087,-96
122000178,2033,1768,265
122000179,1140,1829,-689
122000180,1218,1070,148
122000181,1305,1964,-659
122000182,1168,1108,60
122000183,1660,803,857
122000184,1920,1760,160
122000185,1071,1197,-126
122000186,380,632,-252
122000187,1418,761,657
122000188,356,146,210
122000189,265,242,23
122000190,807,810,-3
122000191,560,444,116
122000192,790,275,515
122000193,310,561,-251
122000194,412,159,253
122000195,122,398,-276
122000196,891,588,303
122000197,416,418,-2
122000198,392,625,-233
122000199,276,221,55
122000200,709,474,235
122000201,970,1192,-222
122000202,977,1050,-73
122000203,2038,1155,883
122000204,1348,1537,-189
122000205,1270,1129,141
122000206,2009,751,1258
122000207,1393,1031,362
122000208,1536,1067,469
122000209,1430,312,1118
122000210,1870,1323,547
122000211,1175,967,208
122000212,645,436,209
122000213,862,1144,-282
122000214,1711,1454,257
122000215,1432,1314,118
122000217,1305,1069,236
122000218,643,62,581
122000219,936,779,157
122000220,372,500,-128
122000221,56,295,-239
122000222,545,136,409
122000223,1241,477,764
122000225,578,239,339
122000226,1459,1203,256
122000227,264,1695,-1431
122000228,371,307,64
122000229,35,422,-387
122000230,97,394,-297
122000231,237,644,-407
122000232,535,744,-209
122000233,4,85,-81
122000234,322,132,190
122000235,814,148,666
122000236,949,80,869
122000237,87,65,22
122000238,330,237,93
122000239,499,119,380
122000240,987,572,415
122000241,1596,445,1151
122000242,624,151,473
122000243,331,58,273
122000244,87,262,-175
122000245,114,219,-105
122000246,441,153,288
122000247,382,464,-82
122000248,915,1232,-317
122000249,953,603,350
122000250,1723,1000,723
122000251,217,409,-192
122000252,430,126,304
122000253,52,154,-102
122000254,264,62,202
122000255,533,1102,-569
122000256,373,654,-281
122000257,147,214,-67
122000258,270,257,13
122000259,22,376,-354
122000260,178,694,-516
122000261,18,174,-156
122000262,3,43,-40
122000263,249,138,111
122000264,1012,278,734
122000265,1797,655,1142
122000266,3332,652,2680
122000267,171,117,54
122000268,117,276,-159
122000269,672,252,420
122000270,482,139,343
122000271,273,674,-401
122000272,347,826,-479
122000273,400,329,71
122000274,180,164,16
122000275,364,226,138
122000276,744,407,337
122000277,1027,1435,-408
122000278,1669,645,1024
122000279,232,336,-104
122000280,581,440,141
122000281,622,525,97
122000282,184,666,-482
122000283,236,129,107
122000284,176,90,86
122000285,358,83,275
122000286,72,198,-126
122000287,936,1251,-315
122000288,448,262,186
122000291,1460,555,905
122000293,177,190,-13
122000294,114,214,-100
122000295,1018,170,848
122000296,36,413,-377
122000297,1554,2454,-900
122000299,457,254,203
122000300,431,481,-50
122000301,6127,2384,3743
122000302,426,1204,-778
122000303,2041,953,1088
122000304,68,139,-71
122000305,926,425,501
122000306,35,442,-407
122000307,108,111,-3
122000309,65,43,22
122000310,12,105,-93
122000311,162,163,-1
122000312,104,146,-42
122000313,130,59,71
122000314,80,172,-92
122000315,204,39,165
122000316,765,196,569
122000317,1244,248,996
122000318,222,341,-119
122000319,145,249,-104
122000320,308,887,-579
122000321,87,135,-48
122000322,1742,1581,161
122000323,1264,1829,-565
122000324,904,977,-73
122000325,624,1247,-623
122000326,97,83,14
122000327,370,614,-244
122000328,585,436,149
122000330,1371,620,751
122000333,17,85,-68
122000337,802,989,-187
122000338,322,233,89
122000340,269,384,-115
122000342,1325,687,638
122000343,347,851,-504
122000344,75,15,60
122000345,314,84,230
122000346,270,363,-93
122000348,556,431,125
122000349,94,483,-389
122000351,162,142,20
122000352,275,143,132
122000353,111,72,39
122000355,146,256,-110
122000356,930,870,60
122000357,58,23,35
122000358,0,33,-33
122000359,0,14,-14
122000360,0,22,-22
122000362,6,53,-47
122000364,125,204,-79
122000365,3,27,-24
122000366,17,7,10
122000368,396,509,-113
122000370,24,41,-17
122000371,16,0,16
122000372,13,0,13
122000381,79,224,-145
122000382,89,223,-134
122000384,1807,869,938
122000385,74,1,73
122000386,196,874,-678
122000387,357,528,-171
122000388,997,532,465
122000389,136,489,-353
122000390,285,184,101
122000391,195,114,81
122000392,155,130,25
122000393,310,310,0
122000394,427,180,247
122000395,113,126,-13
122000396,273,113,160
122000397,49,37,12
122000398,65,33,32
122000399,166,78,88
122000400,106,432,-326
122000401,123,110,13
122000402,256,135,121
122000403,366,494,-128
122000404,175,168,7
122000408,688,960,-272
122000503,17,77,-60
122000524,144,88,56
122000544,77,1765,-1688
122000614,393,395,-2
122000616,251,1,250
122000640,60,99,-39
122000641,83,226,-143
122000642,915,633,282
122000643,35,142,-107
122000644,96,26,70
122000645,93,138,-45
122000651,1098,780,318
122000664,167,23,144
122000665,975,465,510
122000666,698,889,-191
122000673,13,192,-179
122000674,139,57,82
122000675,1369,664,705
122000686,409,736,-327
122000687,1256,230,1026
122000688,227,397,-170
122000689,828,291,537
122000690,1631,413,1218
122000691,505,1132,-627
122000692,1054,307,747
122000693,394,1151,-757
122000695,286,221,65
122000696,356,193,163
122000698,362,391,-29
122000699,137,38,99
122000701,1135,229,906
122000702,436,837,-401
122000703,121,48,73
122000712,0,1,-1
122000717,39,54,-15
122000718,366,1332,-966
122000719,105,72,33
122000720,472,165,307
122000724,186,241,-55
122900001,46,4,42
122900002,797,3608,-2811
122900003,259,24,235
122900004,701,38,663
122900005,67,35,32
122900006,410,372,38
122900007,107,74,33
122900008,275,64,211
122900009,451,345,106
122900010,197,82,115
122900012,179,301,-122
122900014,122,208,-86
122900015,1092,640,452
122900016,88,155,-67
122900017,258,510,-252
122900018,164,31,133
122900020,160,314,-154
122900021,37,262,-225
122900022,802,792,10
122900023,202,92,110
122900024,89,84,5
122900025,3,270,-267
122900026,30,184,-154
122900027,36,421,-385
122900028,89,115,-26
122900029,3244,2171,1073
122900030,826,441,385
122900031,73,184,-111
122900032,90,290,-200
122900033,233,114,119
122900034,3172,3772,-600
122900035,8,19,-11
122900036,38,63,-25
122900037,233,82,151
122900038,65,2034,-1969
122900039,111,382,-271
122900040,211,344,-133
122900041,293,262,31
122900042,149,210,-61
122900043,291,201,90
122900044,89,215,-126
122900045,99,69,30
122900046,154,176,-22
122900047,77,123,-46
122900048,56,149,-93
122900049,1124,100,1024
122900051,78,80,-2
122900052,94,138,-44
122900053,26,38,-12
122900055,221,63,158
122900057,208,41,167
122900061,321,128,193
122900062,522,340,182
122900063,83,213,-130
122900064,583,229,354
122900065,446,203,243
122900066,571,276,295
122900067,760,527,233
122900069,279,833,-554
122900070,301,33,268
122900071,84,227,-143
122900073,27,140,-113
122900074,623,298,325
122900075,0,70,-70
122900076,4,132,-128
122900077,1,67,-66
122900078,161,46,115
122900080,46,43,3
122900081,133,138,-5
122900082,735,205,530
122900083,163,135,28
122900084,4,155,-151
122900086,3,100,-97
122900087,308,376,-68
122900088,30,134,-104
122900089,151,225,-74
122900090,7,324,-317
122900091,216,1,215
122900092,1,65,-64
122900093,0,127,-127
122900094,2,94,-92
122900095,87,11,76
122900096,285,101,184
122900097,25,41,-16
122900098,60,85,-25
122900099,68,5,63
122900100,101,158,-57
122900101,367,212,155
122900102,15,32,-17
122900103,112,8,104
122900104,168,8,160
122900105,7,4,3
122900106,2,48,-46
122900107,3,103,-100
122900108,2,153,-151
122900109,143,76,67
123000001,992,414,578
123000002,2695,4207,-1512
123000003,2811,3430,-619
123000004,2501,3084,-583
123000005,2145,2183,-38
123000006,1950,1908,42
123000007,3183,2312,871
123000008,2274,2560,-286
123000009,3402,2044,1358
123000010,2565,2758,-193
123000011,2026,723,1303
123000012,689,1561,-872
123000013,2477,688,1789
123000014,639,2339,-1700
123000015,2454,901,1553
123000016,2775,3021,-246
123000017,2678,1489,1189
123000018,62,68,-6
123000019,278,135,143
123000020,144,63,81
123000021,93,198,-105
123000022,204,1493,-1289
123000023,1304,1254,50
123000024,1323,486,837
123000025,292,111,181
123000026,65,72,-7
123000027,281,426,-145
123000028,1032,816,216
123000029,1137,1097,40
123000030,188,189,-1
123000031,163,169,-6
123000032,338,102,236
123000033,257,57,200
123000034,967,581,386
123000035,332,285,47
123000036,228,750,-522
123000037,205,223,-18
123000038,67,209,-142
123000039,277,1243,-966
123000040,584,215,369
123000041,934,1060,-126
123000042,824,547,277
123000043,2160,7457,-5297
123000044,3502,2079,1423
123000045,5955,2532,3423
123000046,551,1358,-807
123000047,1412,910,502
123000048,72,697,-625
123000049,4526,6852,-2326
123000050,1054,1105,-51
123000051,92,161,-69
123000052,591,2760,-2169
123000053,1878,2646,-768
123000054,1163,1149,14
123000055,885,1531,-646
123000056,1011,1258,-247
123000057,7648,4999,2649
123000058,499,738,-239
123000059,335,423,-88
123000060,743,294,449
123000061,234,551,-317
123000063,612,801,-189
123000064,685,183,502
123000065,2765,1788,977
123000066,524,403,121
123000067,704,524,180
123000068,2094,1907,187
123000069,4662,2090,2572
123000070,237,467,-230
123000071,789,687,102
123000072,878,631,247
123000073,914,593,321
123000074,787,843,-56
123000075,278,817,-539
123000076,684,471,213
123000077,1616,1776,-160
123000078,1193,1295,-102
123000079,1163,1418,-255
123000080,1645,1146,499
123000081,109,253,-144
123000082,307,713,-406
123000083,711,205,506
123000084,579,507,72
123000085,224,61,163
123000086,415,155,260
123000087,240,176,64
123000088,925,447,478
123000089,405,816,-411
123000090,871,709,162
123000091,1104,1022,82
123000092,798,875,-77
123000094,392,178,214
123000095,359,484,-125
123000096,529,261,268
123000097,373,485,-112
123000098,625,465,160
123000099,509,494,15
123000100,405,539,-134
123000101,503,571,-68
123000102,413,498,-85
123000104,318,398,-80
123000105,385,369,16
123000106,471,374,97
123000107,369,480,-111
123000108,582,969,-387
123000111,649,353,296
123000112,940,499,441
123000113,484,876,-392
123000114,394,527,-133
123000115,199,222,-23
123000116,35,78,-43
123000117,1312,1251,61
123000118,343,558,-215
123000119,217,547,-330
123000120,244,499,-255
123000121,437,513,-76
123000122,225,255,-30
123000123,345,524,-179
123000124,403,384,19
123000125,880,1054,-174
123000126,954,3390,-2436
123000127,566,566,0
123000128,202,246,-44
123000129,492,149,343
123000130,487,80,407
123000131,695,630,65
123000132,259,443,-184
123000133,248,336,-88
123000134,234,145,89
123000135,1897,915,982
123000136,160,515,-355
123000137,95,232,-137
123000138,79,305,-226
123000139,430,96,334
123000140,108,500,-392
123000141,656,142,514
123000142,855,766,89
123000143,982,1414,-432
123000144,20,14,6
123000145,104,101,3
123000146,25,57,-32
123000147,57,98,-41
123000149,326,245,81
123000150,108,164,-56
123000151,217,425,-208
123000152,78,317,-239
123000153,151,590,-439
123000154,1029,1435,-406
123000155,1503,800,703
123000156,39,92,-53
123000157,512,633,-121
123000158,470,630,-160
123000159,2377,1905,472
123000160,957,690,267
123000161,1207,831,376
123000162,781,1233,-452
123000163,433,89,344
123000164,1152,328,824
123000165,394,962,-568
123000166,43,84,-41
123000167,122,194,-72
123000168,206,134,72
123000169,581,116,465
123000170,82,141,-59
123000171,528,22,506
123000172,170,338,-168
123000173,428,255,173
123000174,767,339,428
123000175,503,814,-311
123000176,754,240,514
123000177,220,583,-363
123000178,629,181,448
123000179,48,298,-250
123000180,1192,284,908
123000181,247,989,-742
123000182,161,209,-48
123000183,163,455,-292
123000184,73,363,-290
123000185,617,425,192
123000186,72,509,-437
123000187,568,1,567
123000188,230,55,175
123000189,69,195,-126
123000190,44,194,-150
123000192,28,219,-191
123000193,111,636,-525
123000194,272,303,-31
123000195,358,62,296
123000196,332,155,177
123000197,133,97,36
123000198,27,430,-403
123000199,31,438,-407
123000200,496,46,450
123000201,993,47,946
123000202,66,606,-540
123000203,761,95,666
123000204,79,799,-720
123000205,412,1001,-589
123000206,1921,263,1658
123000207,137,631,-494
123000208,398,184,214
123000209,1803,598,1205
123000210,387,1545,-1158
123000211,405,1539,-1134
123000212,2285,502,1783
123000213,622,140,482
123000215,57,158,-101
123000216,116,533,-417
123000217,147,17,130
123000218,52,457,-405
123000219,577,80,497
123000220,436,70,366
123000221,125,54,71
123000222,288,215,73
123000223,188,215,-27
123000224,312,318,-6
123000225,194,75,119
123000226,41,229,-188
123000227,67,216,-149
123000228,200,55,145
123000229,796,909,-113
123000232,81,378,-297
123000233,572,109,463
123000234,123,498,-375
123000235,799,203,596
123000236,177,460,-283
123000237,249,59,190
123000238,58,279,-221
123000239,380,839,-459
123000240,27,325,-298
123000241,463,64,399
123000242,75,159,-84
123000243,627,645,-18
123000244,717,607,110
123000245,50,118,-68
123000249,218,426,-208
123000252,671,179,492
123000253,958,433,525
123000254,467,625,-158
123000255,906,736,170
123000256,18,145,-127
123000257,1966,1345,621
123000258,685,592,93
123000259,297,318,-21
123000260,360,263,97
123000261,179,93,86
123000262,115,143,-28
123000263,405,118,287
123000264,129,76,53
123000265,54,98,-44
123000266,423,515,-92
123000267,512,260,252
123000268,52,35,17
123000269,48,81,-33
123000270,35,40,-5
123000271,58,57,1
123000272,546,251,295
123000273,165,521,-356
123000274,994,497,497
123000275,220,519,-299
123000278,1663,1771,-108
123000279,102,70,32
123000280,273,252,21
123000281,250,85,165
123000282,113,221,-108
123000283,157,79,78
123000284,62,91,-29
123000286,163,297,-134
123000287,410,196,214
123000288,1016,635,381
123000289,422,706,-284
123000291,289,676,-387
123000294,227,278,-51
123000295,825,643,182
123000296,582,316,266
123000297,635,455,180
123000298,464,306,158
123000299,178,281,-103
123000300,766,766,0
123000301,56,192,-136
123000302,75,133,-58
123000303,68,139,-71
123000305,702,732,-30
123000306,88,98,-10
123000309,41,44,-3
123000310,40,35,5
123000311,40,95,-55
123000312,561,547,14
123000313,475,446,29
123000315,84,185,-101
123000316,47,16,31
123000317,209,59,150
123000318,55,144,-89
123000329,5,18,-13
123000337,854,373,481
123000338,289,62,227
123000339,190,112,78
123000340,134,314,-180
123000342,34,121,-87
123000343,23,2,21
123000344,911,380,531
123000345,300,393,-93
123000346,328,53,275
123000352,888,641,247
123000353,32,134,-102
123000354,660,5,655
123000355,1,634,-633
123000356,257,11,246
123000357,6,62,-56
123000359,6,68,-62
123000360,152,70,82
123000361,211,200,11
123000362,265,106,159
123000363,60,136,-76
123000364,368,461,-93
123000365,15,281,-266
123000366,311,1442,-1131
123000367,241,734,-493
123000370,23,204,-181
123000371,294,18,276
123000372,198,16,182
123000373,14,234,-220
123000374,28,148,-120
123000375,227,51,176
123000376,707,540,167
123000377,217,16,201
123000378,11,175,-164
123000379,0,128,-128
123000380,57,295,-238
123000381,119,41,78
123000382,784,102,682
123000383,139,943,-804
123000384,382,78,304
123000385,121,331,-210
123000436,7,789,-782
123000507,113,185,-72
123000508,123,936,-813
123000517,267,20,247
123000518,31,257,-226
123000519,116,53,63
123000520,59,173,-114
123000521,248,74,174
123000522,133,273,-140
123000541,11,7,4
123000542,0,15,-15
123000565,808,44,764
123000566,237,385,-148
123000567,87,143,-56
123000573,25,535,-510
123000574,501,79,422
123000575,1019,714,305
123000576,577,984,-407
123000577,52,519,-467
123000578,361,46,315
123000579,1886,4400,-2514
123000580,130,44,86
123000582,254,17,237
123000583,5,215,-210
123000584,142,172,-30
123000585,0,54,-54
123000586,69,0,69
123000596,79,69,10
123000597,40,138,-98
123000602,42,10,32
123000603,550,387,163
123000604,454,432,22
123000605,35,2,33
123000606,0,21,-21
123000609,18,226,-208
123000610,222,117,105
123000613,70,144,-74
123000614,159,46,113
123000615,60,142,-82
123000616,484,52,432
123000617,138,245,-107
123000618,71,388,-317
123000619,393,53,340
123000620,24,259,-235
123000622,304,18,286
123000624,123,57,66
123000630,1060,348,712
123000631,216,940,-724
123000632,647,590,57
123000633,0,14,-14
123000634,58,66,-8
123000635,83,86,-3
123000636,24,320,-296
123000637,158,9,149
123000638,506,24,482
123000639,682,2934,-2252
123000640,35,401,-366
123000648,365,88,277
123000649,99,381,-282
123000650,97,55,42
123000651,14,94,-80
123000652,433,61,372
123000653,71,153,-82
123000654,107,132,-25
123000655,41,275,-234
123000656,112,31,81
123000657,5,98,-93
123000658,208,9,199
123000659,15,952,-937
123000660,626,18,608
123000661,654,46,608
123900001,840,32,808
123900002,11,913,-902
123900003,181,280,-99
123900005,143,97,46
123900006,199,31,168
124000001,1221,80,1141
124000002,3,330,-327
124000003,701,117,584
124000004,29,310,-281
124000005,722,240,482
124000006,183,724,-541
124000007,347,87,260
124000008,13,404,-391
124000009,611,217,394
124000010,173,376,-203
124000011,834,258,576
124000012,253,392,-139
124000017,136,88,48
124000018,88,45,43
124000019,103,127,-24
124000020,62,129,-67
124000021,110,72,38
124000022,61,129,-68
124000023,512,141,371
124000024,715,338,377
124000025,542,393,149
124000026,560,300,260
124000027,905,753,152
124000028,1787,668,1119
124000031,1535,2161,-626
124000032,1725,947,778
124000033,927,450,477
124000034,419,769,-350
124000035,314,201,113
124000036,117,436,-319
124000037,336,1205,-869
124000038,43,108,-65
124000039,821,467,354
124000040,452,1073,-621
124000041,288,62,226
124000042,91,429,-338
124000043,88,103,-15
124000044,74,174,-100
124000045,751,459,292
124000046,315,523,-208
124000047,1275,693,582
124000048,797,909,-112
124000049,1369,519,850
124000050,689,1119,-430
124000051,748,485,263
124000052,579,570,9
124000053,453,1243,-790
124000054,851,392,459
124000055,1132,2132,-1000
124000056,1711,1208,503
124000057,840,451,389
124000058,374,908,-534
124000059,541,983,-442
124000060,791,445,346
124000061,1105,4331,-3226
124000062,4168,1468,2700
124000063,985,1401,-416
124000064,1528,1042,486
124000065,95,255,-160
124000066,159,50,109
124000067,187,98,89
124000068,75,123,-48
124000069,472,111,361
124000070,139,259,-120
124000071,89,39,50
124000072,93,157,-64
124000073,440,108,332
124000074,206,463,-257
124000075,275,24,251
124000076,10,140,-130
124000077,1364,595,769
124000078,1980,1437,543
124000079,306,1037,-731
124000080,367,122,245
124000081,148,385,-237
124000082,42,166,-124
124000083,92,100,-8
124000084,95,433,-338
124000085,102,62,40
124000086,35,50,-15
124000087,126,74,52
124000088,102,239,-137
124000089,624,252,372
124000090,102,286,-184
124000091,463,115,348
124000092,107,477,-370
124000093,62,89,-27
124000094,87,324,-237
124000095,114,78,36
124000096,105,156,-51
124000097,92,117,-25
124000098,41,68,-27
124000099,202,82,120
124000100,52,83,-31
124000101,76,79,-3
124000102,95,58,37
124000103,82,72,10
124000104,94,35,59
124000105,60,94,-34
124000106,160,49,111
124000107,18,164,-146
124000108,47,14,33
124000109,123,94,29
124000110,219,87,132
124000111,167,127,40
124000112,528,488,40
124000113,94,85,9
124000114,247,285,-38
124000115,311,465,-154
124000116,94,100,-6
124000117,36,65,-29
124000118,33,85,-52
124000119,590,399,191
124000120,384,290,94
124000121,1605,750,855
124000122,461,1016,-555
124000123,789,391,398
124000124,351,794,-443
124000125,287,359,-72
124000126,218,474,-256
124000127,686,259,427
124000128,458,643,-185
124000129,1513,1385,128
124000130,687,488,199
124000131,764,431,333
124000132,667,579,88
124000133,695,647,48
124000134,737,448,289
124000135,1201,1287,-86
124000136,723,765,-42
124000137,978,537,441
124000138,953,977,-24
124000139,643,44,599
124000140,71,478,-407
124000141,679,21,658
124000142,67,464,-397
124000143,108,15,93
124000144,15,126,-111
124000145,132,54,78
124000146,37,58,-21
124000148,22,98,-76
124000149,891,377,514
124000150,286,529,-243
124000151,535,184,351
124000152,424,703,-279
124000153,543,605,-62
124000154,285,540,-255
124000155,1026,817,209
124000156,1026,755,271
124000169,171,265,-94
124000170,290,376,-86
124000171,250,155,95
124000172,249,338,-89
124000173,359,157,202
124000174,338,306,32
124000175,4,43,-39
124000176,28,10,18
124000177,12,47,-35
124000178,36,50,-14
124000185,30,9,21
124000186,1,25,-24
124000187,6,48,-42
124000188,68,13,55
124000190,116,37,79
124000191,110,203,-93
124000192,948,290,658
124000193,251,700,-449
124000194,417,341,76
124000195,214,484,-270
124000196,885,721,164
124000197,45,51,-6
124000198,26,40,-14
124000201,287,610,-323
124000202,526,309,217
124000203,254,338,-84
124000204,718,174,544
124000205,66,296,-230
124000206,559,235,324
124000207,0,40,-40
124000209,115,191,-76
124000210,409,115,294
124000211,552,2,550
124000212,2,229,-227
124000213,336,209,127
124000214,300,321,-21
124000215,535,61,474
124000216,2,278,-276
124000329,156,1081,-925
124000338,100,464,-364
124000339,773,86,687
124000341,1241,127,1114
124000344,129,58,71
124000357,1336,2516,-1180
124000358,1314,2177,-863
124000359,965,656,309
124000360,760,550,210
124000361,1228,592,636
124000362,814,1022,-208
124000363,290,324,-34
124000364,586,691,-105
124000365,541,916,-375
124000366,1369,1247,122
124000367,148,382,-234
124000368,377,273,104
124000369,99,68,31
124000370,42,371,-329
124000402,26,21,5
124000403,97,14,83
124000404,11,65,-54
124000405,803,556,247
124000406,557,580,-23
124000407,5,25,-20
124000411,6,187,-181
124000412,442,3,439
124000413,224,23,201
124000414,62,96,-34
124000415,37,89,-52
124000416,131,147,-16
124000417,131,91,40
124000418,132,78,54
124000419,92,86,6
124000420,90,41,49
124000421,21,117,-96
124000422,27,7,20
124000423,107,28,79
124000424,3,96,-93
124000425,122,19,103
124000426,5,146,-141
124000427,156,10,146
124000428,7,45,-38
124000429,61,55,6
124000430,460,288,172
124000431,202,360,-158
124000432,225,544,-319
124000439,38,6,32
124000443,1,68,-67
124000445,362,1001,-639
124000446,1096,243,853
124000447,26,108,-82
124000448,115,12,103
124000449,118,18,100
124000450,19,118,-99
124000451,8,81,-73
124000452,400,73,327
124000453,1967,3350,-1383
124000454,2054,4332,-2278
124000455,7,833,-826
124000456,646,18,628
124000457,17,388,-371
124000458,10,260,-250
124000459,302,6,296
124000460,12,160,-148
124900001,471,347,124
124900002,109,217,-108
124900003,651,273,378
124900004,573,271,302
124900005,172,86,86
124900006,557,229,328
124900008,1048,523,525
124900009,157,239,-82
124900010,129,85,44
124900011,375,152,223
124900012,340,93,247
124900013,536,210,326
124900014,334,87,247
124900015,110,229,-119
124900016,37,45,-8
124900017,524,1516,-992
124900018,200,54,146
124900020,63,47,16
124900021,130,36,94
124900022,266,3,263
124900024,205,5,200
124900026,140,14,126
124900027,130,393,-263
124900028,206,48,158
124900030,8,65,-57
124900031,25,155,-130
124900033,52,146,-94
124900035,94,228,-134
124900036,6,65,-59
124900037,146,144,2
124900038,163,242,-79
124900039,7,76,-69
124900040,78,76,2
124900041,246,615,-369
124900042,100,37,63
124900043,214,465,-251
124900044,79,3,76
124900045,423,715,-292
124900047,95,110,-15
124900050,352,276,76
124900052,118,242,-124
124900053,122,338,-216
124900054,1465,401,1064
124900055,1,157,-156
124900057,16,399,-383
124900060,51,135,-84
124900061,155,34,121
124900062,171,20,151
124900066,0,19,-19
124900067,35,238,-203
124900068,198,359,-161
124900070,34,19,15
124900072,226,103,123
124900075,222,461,-239
124900076,104,1124,-1020
124900077,89,183,-94
124900078,71,11,60
124900080,286,470,-184
124900081,791,241,550
124900082,306,528,-222
124900083,290,646,-356
124900085,802,279,523
124900086,38,1007,-969
124900087,474,47,427
124900088,378,71,307
124900089,1192,107,1085
124900090,176,156,20
124900091,194,186,8
124900092,214,143,71
124900093,245,134,111
124900094,285,162,123
124900095,74,266,-192
124900096,320,197,123
124900097,271,43,228
124900098,105,249,-144
124900099,323,388,-65
124900100,242,26,216
124900101,101,258,-157
124900102,183,13,170
124900103,107,113,-6
124900104,103,90,13
124900105,60,55,5
124900106,273,44,229
124900107,61,10,51
124900108,369,117,252
124900111,5,224,-219
124900112,67,284,-217
124900113,45,224,-179
124900114,130,152,-22
124900115,46,23,23
124900116,116,116,0
124900117,219,94,125
124900118,144,250,-106
124900119,238,117,121
124900120,67,191,-124
124900121,181,215,-34
124900122,76,207,-131
124900123,359,330,29
124900124,227,529,-302
124900125,568,5,563
124900126,6,385,-379
204000001,86,9,77
204000002,15,7,8
204000003,16,6,10
204000004,2,1,1
204000005,589,585,4
204000006,1158,1161,-3
204000011,12,28,-16
204000012,45,98,-53
204000019,564,388,176
204000020,494,443,51
204000021,1006,553,453
204000022,480,325,155
204000023,479,554,-75
204000031,94,20,74
204000032,303,28,275
204000034,67,95,-28
204000035,2,1,1
204000036,7,8,-1
204000037,2,14,-12
204000038,2,12,-10
204000039,1,13,-12
204000040,2,13,-11
204000041,6,20,-14
204000042,11,9,2
204000043,32,3,29
204000044,29,2,27
204000045,22,1,21
204000046,8,0,8
204000057,5,8,-3
204000062,20,41,-21
204000068,67,252,-185
204000069,90,309,-219
204000070,70,41,29
204000080,38,73,-35
204000085,2082,1239,843
204000086,2198,1490,708
204000087,37,9,28
204000088,7,96,-89
204000090,134,213,-79
204000093,308,99,209
204000096,618,1027,-409
204000097,338,36,302
204000099,827,1214,-387
204000100,1201,1861,-660
204000105,2095,1072,1023
204000110,383,673,-290
204000111,413,389,24
204000112,635,405,230
204000113,490,483,7
204000114,569,492,77
204000115,429,262,167
204000116,599,472,127
204000119,1646,2542,-896
204000132,737,264,473
204000133,891,188,703
204000134,213,74,139
204000135,563,54,509
204000136,727,158,569
204000138,416,364,52
204000140,250,188,62
204000141,160,71,89
204000144,4,20,-16
204000145,428,28,400
204000146,26,245,-219
204000147,72,141,-69
204000148,231,59,172
204000154,6,6,0
204000155,2,1,1
204000177,91,40,51
204000179,4,0,4
204000180,0,0,0
204000222,3,3,0
204000235,42,15,27
204000236,61,242,-181
204000238,14,37,-23
204000240,357,41,316
204000263,734,909,-175
204000268,928,799,129
204000308,123,69,54
204000317,59,44,15
204000322,42,19,23
204000323,10,15,-5
204000328,187,122,65
204000329,104,172,-68
204000330,173,85,88
204000331,135,118,17
204000352,98,0,98
205000001,822,1514,-692
205000013,2,68,-66
205000014,19,79,-60
205000015,28,193,-165
205000016,13,119,-106
205000017,22,68,-46
205000022,273,783,-510
205000025,1126,987,139
205000029,145,13,132
205000045,102,460,-358
205000046,145,531,-386
205000047,56,373,-317
205000048,322,829,-507
205000049,154,737,-583
205000050,536,274,262
205000059,0,185,-185
205000060,1,71,-70
205000061,1,63,-62
205000062,3,55,-52
205000063,27,85,-58
205000064,7,80,-73
205000065,45,416,-371
205000066,98,630,-532
205000067,38,756,-718
205000069,196,14,182
205000082,174,170,4
205000110,77,257,-180
205000111,234,235,-1
205000112,158,244,-86
205000113,221,313,-92
205000121,296,60,236
205000123,28,211,-183
205000126,484,85,399
205000127,769,127,642
205000128,409,73,336
205000129,682,45,637
205000130,215,22,193
205000131,118,8,110
205000132,195,2,193
205000133,102,0,102
205000134,262,2,260
205000137,62,134,-72
205000138,156,200,-44
205000139,15,101,-86
205000144,91,93,-2
205000145,262,193,69
205000151,132,24,108
205000152,153,15,138
205000153,265,31,234
205000154,74,30,44
205000155,102,9,93
205000207,10,153,-143
205000233,20,0,20
205000234,0,1,-1
205000243,0,1,-1
205000244,0,1,-1
205000245,9,102,-93
205000249,0,13,-13
205000250,6,0,6
205000264,9,82,-73
206000027,2,3,-1
206000028,2,0,2
206000043,6,42,-36
206000053,3,3,0
206000054,2,10,-8
206000055,1,8,-7
206000075,9,26,-17
206000076,12,19,-7
206000077,17,9,8
206000078,23,10,13
206000079,18,15,3
206000082,253,46,207
206000100,40,270,-230
206000103,14,11,3
206000104,14,14,0
206000105,7,6,1
206000106,4,15,-11
206000125,46,0,46
206000157,44,361,-317
206000170,0,124,-124
206000171,1,101,-100
206000172,5,234,-229
206000173,2,127,-125
206000174,3,34,-31
206000175,3,50,-47
206000176,13,127,-114
206000177,3,93,-90
206000178,0,136,-136
206000179,4,63,-59
206000180,6,109,-103
206000181,1,69,-68
206000182,5,76,-71
206000183,14,233,-219
206000184,3,195,-192
206000185,1,69,-68
206000186,103,602,-499
206000223,5,147,-142
206000226,8,2,6
206000227,10,1,9
206000237,23,220,-197
206000238,30,335,-305
206000239,182,1122,-940
206000240,1,48,-47
206000241,0,38,-38
206000242,11,125,-114
206000243,8,106,-98
206000244,55,353,-298
206000245,608,63,545
206000246,193,12,181
206000247,177,4,173
206000248,269,7,262
206000252,47,56,-9
206000258,30,34,-4
206000315,19,3,16
206000317,389,97,292
206000318,410,49,361
206000319,1075,83,992
206000320,145,36,109
206000321,150,16,134
206000322,346,21,325
206000323,100,9,91
206000324,103,16,87
206000325,117,12,105
206000326,99,8,91
206000327,141,13,128
206000328,141,4,137
206000329,210,5,205
206000330,37,11,26
206000331,134,2,132
206000332,27,1,26
206000333,431,3,428
206000334,221,2,219
206000335,1,5,-4
206000361,4,99,-95
206000392,1,12,-11
206000405,86,0,86
206000441,18,13,5
206000498,29,15,14
206000515,59,32,27
206000530,249,68,181
206000531,155,165,-10
206000532,1371,247,1124
206000535,235,1132,-897
206000536,17,105,-88
206000537,25,143,-118
206000613,1181,202,979
206000784,372,28,344
207000001,133,660,-527
207000002,129,272,-143
207000003,155,142,13
207000007,785,209,576
207000008,100,10,90
207000009,69,44,25
207000010,404,312,92
207000012,314,225,89
207000015,188,935,-747
207000019,194,79,115
207000021,349,152,197
207000022,127,92,35
207000023,189,36,153
207000024,7,20,-13
207000025,21,83,-62
207000026,98,43,55
207000027,6,48,-42
207000028,46,154,-108
207000029,135,343,-208
207000033,174,404,-230
207000034,169,90,79
207000039,331,93,238
207000040,332,79,253
207000041,60,29,31
207000042,131,54,77
207000043,164,198,-34
207000051,110,161,-51
207000052,36,88,-52
207000053,422,453,-31
207000054,57,93,-36
207000055,185,121,64
207000056,331,206,125
207000057,172,201,-29
207000058,219,222,-3
207000059,132,340,-208
207000060,73,136,-63
207000061,185,406,-221
207000062,398,44,354
207000063,300,117,183
207000064,281,114,167
207000065,278,184,94
207000066,207,126,81
207000067,34,93,-59
207000068,131,49,82
207000069,626,309,317
207000082,7,213,-206
207000083,75,195,-120
207000084,185,270,-85
207000085,188,17,171
207000086,168,4,164
207000106,36,39,-3
207000107,48,16,32
207000108,55,8,47
207000109,77,12,65
207000110,44,65,-21
207000111,62,55,7
207000112,120,614,-494
207000114,24,29,-5
207000115,22,54,-32
207000116,34,302,-268
207000117,10,79,-69
207000118,5,60,-55
207000119,39,57,-18
207000123,176,30,146
207000124,57,17,40
207000125,80,56,24
207000126,69,71,-2
207000134,63,127,-64
207000135,13,167,-154
207000148,46,307,-261
207000149,57,26,31
207000152,121,309,-188
207000153,845,1147,-302
207000154,360,142,218
207000159,77,109,-32
207000160,141,258,-117
207000238,1,197,-196
207000242,5,127,-122
207000248,29,34,-5
207000249,131,18,113
207000250,438,50,388
207000251,94,64,30
207000252,59,51,8
207000278,68,86,-18
207000279,32,82,-50
207000280,521,54,467
207000281,93,601,-508
207000282,90,68,22
207000283,95,176,-81
207000284,89,165,-76
207000285,114,77,37
207000291,12,64,-52
207000304,91,78,13
207000306,100,328,-228
207000310,59,67,-8
207000353,308,8,300
207000356,12,19,-7
207000357,10,16,-6
207000358,5,10,-5
207000415,2,118,-116
207000416,207,122,85
207000417,50,4,46
207000418,114,121,-7
207000438,0,1,-1
207000439,735,689,46
207000446,162,4,158
207000460,25,9,16
207000466,143,124,19
207000467,182,108,74
207000468,49,191,-142
207000476,5,41,-36
207000477,585,65,520
207000478,4,21,-17
207000523,0,14,-14
207000524,75,2,73
207000527,104,135,-31
207000530,350,8,342
207000531,307,3,304
207000532,58,31,27
207000534,354,42,312
207000535,50,309,-259
207000537,29,72,-43
207000540,5,102,-97
207000541,6,216,-210
207000548,6,187,-181
207000549,354,15,339
207000561,114,149,-35
207000562,49,150,-101
207000567,181,153,28
207000568,164,44,120
207000569,338,351,-13
207000584,269,124,145
207000585,60,308,-248
207000587,182,34,148
207000616,1,84,-83
207000617,119,0,119
207000624,33,38,-5
207000631,10,58,-48
208000001,454,871,-417
208000002,703,396,307
208000003,1151,421,730
208000004,1092,549,543
208000005,9,9,0
208000019,502,812,-310
208000020,137,423,-286
208000021,191,158,33
208000022,878,340,538
208000028,899,680,219
208000033,689,361,328
208000034,826,807,19
208000037,208,7,201
208000040,146,159,-13
208000041,659,468,191
208000042,1107,526,581
208000047,165,202,-37
208000064,1990,1329,661
208000066,1173,2258,-1085
208000070,265,310,-45
208000071,345,653,-308
208000072,278,1029,-751
208000080,266,273,-7
208000081,347,129,218
208000082,237,229,8
208000083,86,309,-223
208000084,14,19,-5
208000085,744,456,288
208000086,365,829,-464
208000087,326,674,-348
208000089,987,296,691
208000090,1009,455,554
208000093,147,101,46
208000094,724,523,201
208000095,343,179,164
208000104,713,747,-34
208000105,529,913,-384
208000114,68,268,-200
208000115,428,252,176
208000116,431,816,-385
208000117,103,159,-56
208000118,112,130,-18
208000155,512,893,-381
208000158,1020,2891,-1871
208000186,3104,3983,-879
208000204,674,1125,-451
208000205,1170,827,343
208000282,4707,3006,1701
209000004,330,118,212
209000005,37,29,8
209000006,414,180,234
209000007,227,248,-21
209000010,383,101,282
209000011,118,186,-68
209000012,92,95,-3
209000013,233,214,19
209000014,477,642,-165
209000025,299,51,248
209000026,592,109,483
209000027,500,559,-59
209000028,338,448,-110
209000029,493,434,59
209000030,422,809,-387
209000031,1821,1345,476
209000034,146,209,-63
209000035,128,193,-65
209000036,177,115,62
209000037,252,244,8
209000038,115,179,-64
209000039,63,146,-83
209000040,128,253,-125
209000041,145,389,-244
209000042,166,341,-175
209000043,428,716,-288
209000044,292,929,-637
209000045,1283,353,930
209000046,488,342,146
209000047,393,148,245
209000048,514,215,299
209000049,77,76,1
209000050,170,120,50
209000051,253,211,42
209000052,141,180,-39
209000062,30,66,-36
209000063,53,49,4
209000064,46,74,-28
209000065,59,30,29
209000066,58,27,31
209000067,92,27,65
209000080,20,179,-159
209000082,92,37,55
209000091,34,64,-30
209000093,43,14,29
209000094,144,167,-23
209000110,23,72,-49
209000111,355,1049,-694
209000112,754,418,336
209000113,1117,433,684
209000114,523,368,155
209000115,62,95,-33
209000116,402,219,183
209000118,17,25,-8
209000119,24,16,8
209000121,126,381,-255
209000135,43,197,-154
209000142,503,1253,-750
209000143,38,44,-6
209000144,47,93,-46
209000229,245,121,124
209000240,27,187,-160
209000259,76,83,-7
209000260,42,563,-521
209000261,4,356,-352
209000262,3,236,-233
209000263,0,122,-122
209000264,0,78,-78
209000265,393,2,391
209000266,64,1,63
209000267,752,4,748
209000268,464,37,427
210000037,49,25,24
210000047,82,18,64
210000048,90,17,73
210000049,43,20,23
210000052,56,49,7
210000053,25,48,-23
210000054,86,58,28
210000070,87,2,85
210000071,73,0,73
210000072,18,0,18
210000073,0,26,-26
210000074,0,93,-93
210000075,2,92,-90
210000076,2,109,-107
210000077,7,42,-35
210000078,34,25,9
210000079,24,24,0
210000080,71,51,20
210000081,131,10,121
210000082,147,3,144
210000083,38,1,37
210000084,22,0,22
210000085,3,41,-38
210000086,2,65,-63
210000099,23,209,-186
210000100,42,117,-75
210000101,55,117,-62
210000105,32,162,-130
210000159,1,189,-188
210000163,103,219,-116
210000164,225,209,16
210000168,118,43,75
210000187,0,16,-16
210000188,0,5,-5
210000214,16,0,16
210000219,45,53,-8
210000220,85,39,46
210000232,7,23,-16
210000233,38,73,-35
210000234,20,125,-105
210000235,35,66,-31
210000245,2,37,-35
210000246,10,0,10
210000258,10,62,-52
210000259,277,57,220
210000282,68,165,-97
210000285,1,84,-83
210000286,13,98,-85
210000290,5,14,-9
210000295,57,109,-52
210000296,33,32,1
210000320,161,45,116
210000321,110,38,72
210000338,61,59,2
210000339,245,955,-710
210000340,87,333,-246
210000341,162,236,-74
210000342,157,168,-11
210000343,174,191,-17
210000344,157,101,56
210000345,151,151,0
210000346,59,101,-42
210000347,94,39,55
210000348,93,31,62
210000349,58,19,39
210000350,129,55,74
210000351,151,96,55
210000352,87,50,37
210000353,57,112,-55
210000354,81,83,-2
210000355,57,81,-24
210000356,40,27,13
210000357,50,29,21
210000358,194,107,87
210000359,75,72,3
210000360,119,116,3
210000361,162,146,16
210000362,233,200,33
210000363,717,223,494
210000364,104,105,-1
210000365,132,40,92
210000366,94,43,51
210000367,103,23,80
210000368,133,24,109
210000369,26,15,11
210000370,24,20,4
210000372,35,48,-13
210000373,35,11,24
210000374,43,10,33
210000375,44,54,-10
210000376,83,102,-19
210000404,52,77,-25
210000439,23,24,-1
210000472,113,5,108
210000482,47,104,-57
210000564,340,233,107
210000567,6,23,-17
210000568,260,9,251
211000092,33,41,-8
211000094,12,13,-1
211000169,187,10,177
211000172,8,201,-193
211000209,1,15,-14
211000226,5,20,-15
211000270,26,15,11
211000275,11,7,4
211000276,53,11,42
211000279,10,17,-7
211000281,43,27,16
211000302,27,75,-48
211507980,3,44,-41
211977296,40,0,40
212000003,81,46,35
212000004,27,16,11
212000005,16,36,-20
212000006,22,50,-28
212000008,188,113,75
212000009,36,78,-42
212000012,81,85,-4
212000013,24,43,-19
212000014,221,124,97
212000015,277,218,59
212000016,416,396,20
212000027,431,472,-41
212000028,293,416,-123
212000029,186,258,-72
212000030,63,33,30
212000031,61,55,6
212000048,42,109,-67
212000049,25,80,-55
212000050,16,4,12
212000051,217,158,59
212000052,162,200,-38
212000053,388,357,31
212000054,247,93,154
212000055,227,193,34
212000056,22,31,-9
212000057,12,17,-5
212000058,232,31,201
212000070,100,137,-37
212000077,114,398,-284
212000099,192,266,-74
212000108,162,111,51
212000111,177,81,96
212000120,102,74,28
212000138,136,20,116
212000156,11,68,-57
212000158,5,17,-12
212000159,356,46,310
212000160,575,291,284
212000161,55,2,53
212000310,41,18,23
212000311,24,66,-42
212000374,28,9,19
213000001,24,291,-267
213000005,268,137,131
213000006,826,264,562
213000007,181,12,169
213000009,741,371,370
213000010,160,270,-110
213000011,155,95,60
213000012,105,241,-136
213000014,95,11,84
213000015,199,7,192
213000016,359,2,357
213000017,86,0,86
213000018,0,128,-128
213000019,2,141,-139
213000020,66,187,-121
213000021,3,66,-63
213000023,286,100,186
213000033,244,1410,-1166
213000034,666,172,494
213000035,101,180,-79
213000045,148,243,-95
213000046,179,136,43
213000047,576,1112,-536
213000056,63,33,30
213000069,9,1,8
213000073,1,30,-29
213000074,54,256,-202
213000075,413,9,404
213000076,29,3,26
213000085,12,49,-37
213000086,22,131,-109
213000091,166,15,151
213000092,60,10,50
213000099,160,953,-793
213000100,934,262,672
213000101,288,122,166
213000102,415,203,212
213000103,795,620,175
213000104,64,281,-217
213000105,3,204,-201
213000106,22,84,-62
213000107,149,399,-250
213000108,23,320,-297
213000109,8,165,-157
213000110,13,56,-43
213000111,6,39,-33
213000112,126,91,35
213000115,69,11,58
213000116,39,256,-217
213000117,10,501,-491
213000118,228,175,53
213000119,33,474,-441
213000120,179,354,-175
213000122,114,348,-234
213000123,288,891,-603
213000124,111,924,-813
213000125,110,19,91
213000126,42,107,-65
213000127,99,129,-30
213000128,268,924,-656
213000129,224,524,-300
213000130,439,235,204
213000132,323,98,225
213000133,477,98,379
213000134,597,32,565
213000136,355,27,328
213000137,574,85,489
213000139,301,30,271
213000147,62,6,56
213000148,25,12,13
213000149,32,3,29
213000150,0,107,-107
213000151,6,91,-85
213000152,1,84,-83
213000153,3,70,-67
213000154,24,176,-152
213000155,14,163,-149
213000156,87,400,-313
213000157,433,297,136
213000158,248,611,-363
213000159,291,385,-94
213000163,749,61,688
213000165,642,242,400
213000171,55,102,-47
213000172,53,177,-124
213000173,9,92,-83
213000174,1,13,-12
213000175,38,13,25
213000176,4,92,-88
213000177,2,17,-15
213000178,17,2,15
213000179,133,32,101
213000180,175,30,145
213000182,41,2,39
213000184,95,310,-215
213000188,262,83,179
213000189,256,33,223
213000190,682,648,34
213000191,298,304,-6
213000192,166,279,-113
213000193,612,149,463
213000194,1,50,-49
213000195,12,297,-285
213000196,198,986,-788
213000197,333,410,-77
213000198,57,1,56
213000200,94,620,-526
213000201,72,49,23
213000202,8,448,-440
213000203,2590,477,2113
213000204,542,55,487
213000205,146,60,86
213000206,361,46,315
213000207,89,11,78
213000208,58,0,58
213000209,139,7,132
213000210,301,4,297
213000211,3,12,-9
213000212,29,17,12
213000213,15,38,-23
213000218,1039,1617,-578
213000219,401,15,386
213000220,360,11,349
213000223,133,230,-97
213000224,46,63,-17
213000225,83,4,79
213000226,61,11,50
213000227,694,191,503
213000228,316,106,210
213000229,222,46,176
213000230,525,23,502
213000232,77,912,-835
213000233,5,80,-75
213000234,2,42,-40
213000293,15,47,-32
213000294,149,12,137
213000295,25,104,-79
213000296,39,20,19
213000297,14,77,-63
213000298,14,60,-46
213000299,47,29,18
213000300,23,12,11
213000303,5,25,-20
213000304,0,9,-9
213000305,2,8,-6
213000306,60,25,35
213000307,130,39,91
213000308,98,128,-30
213000309,113,40,73
213000310,260,128,132
213000311,272,507,-235
213000315,73,76,-3
213000316,100,48,52
213000322,16,18,-2
213000323,18,19,-1
213000340,183,351,-168
213000341,465,95,370
213000346,162,179,-17
213000347,543,294,249
213000348,11,82,-71
213000349,18,11,7
213000350,261,692,-431
213000366,84,211,-127
213000367,211,26,185
213000379,63,56,7
213000386,8,232,-224
213000406,74,281,-207
213000417,1011,374,637
213000425,92,35,57
213000426,119,41,78
213000427,29,108,-79
213000428,40,112,-72
213000429,20,3,17
213000430,89,382,-293
213000431,87,1,86
213000432,0,85,-85
213000433,7,73,-66
213000434,64,58,6
213000435,86,68,18
213000439,53,9,44
213000441,1,1,0
213000443,310,268,42
213000445,0,56,-56
213000446,0,190,-190
213000447,2,64,-62
213000448,4,111,-107
213000449,217,1,216
213000450,17,33,-16
213000451,191,48,143
213000452,15,18,-3
213000453,32,168,-136
213000455,367,2,365
213000456,1,193,-192
213000481,9,9,0
213000482,66,5,61
213000489,229,61,168
213000491,1,154,-153
213000492,179,5,174
213000493,0,78,-78
213000494,113,67,46
213000496,219,87,132
213000497,28,178,-150
213000498,60,125,-65
213000499,92,244,-152
213000500,255,42,213
213000501,93,12,81
213000502,147,70,77
213000503,0,42,-42
213000504,0,41,-41
213000505,8,80,-72
213000506,0,3,-3
213000507,1,109,-108
213900244,23,0,23
213900245,0,15,-15
218000003,25,26,-1
218000004,25,26,-1
218000005,31,31,0
218000006,38,26,12
218000007,14,13,1
218000012,130,126,4
218000013,109,118,-9
218000014,310,407,-97
218000019,720,515,205
218000020,282,315,-33
218000040,3,4,-1
218000046,27,88,-61
218000047,9,117,-108
218000048,33,95,-62
218000049,98,118,-20
218000050,273,222,51
218000051,59,220,-161
218000052,2,73,-71
218000053,4,12,-8
218000054,8,40,-32
218000055,9,24,-15
218000056,13,21,-8
218000057,1,19,-18
218000064,0,0,0
218000065,78,32,46
218000066,10,41,-31
218000067,37,80,-43
218000068,99,78,21
218000069,238,113,125
218000070,224,184,40
218000071,171,174,-3
218000072,224,148,76
218000078,796,621,175
218000079,74,81,-7
218000080,108,58,50
218000081,345,198,147
218000082,51,83,-32
218000083,42,28,14
218000084,167,84,83
218000085,150,214,-64
218000086,51,110,-59
218000087,156,118,38
218000090,12,93,-81
218000091,908,445,463
218000092,77,168,-91
218000093,89,37,52
218000094,382,550,-168
218000099,204,572,-368
218000100,231,212,19
218000101,254,102,152
218000102,418,171,247
218000103,98,81,17
218000104,66,22,44
218000105,20,17,3
218000106,6,11,-5
218000107,64,42,22
218000108,6,46,-40
218000112,53,27,26
218000117,48,42,6
218000134,395,395,0
218000135,19,65,-46
218000136,172,46,126
218000137,236,131,105
218000138,25,86,-61
218000139,187,279,-92
218000140,376,230,146
218000141,79,51,28
218000142,173,148,25
218000143,100,183,-83
218000144,40,75,-35
218000145,299,237,62
218000146,62,152,-90
218000151,12,12,0
218000152,109,25,84
218000170,3,32,-29
218000171,23,5,18
218000172,15,2,13
218000173,61,9,52
218000174,21,4,17
218000176,116,28,88
218000177,207,108,99
218000178,55,136,-81
218000179,76,49,27
218000180,40,21,19
218000181,102,35,67
218000187,6,24,-18
218000188,35,38,-3
218000189,23,61,-38
218000190,0,21,-21
218000191,182,44,138
218000192,122,145,-23
218000193,320,247,73
218000194,65,187,-122
218000195,79,54,25
218000196,248,211,37
218000197,287,231,56
218000198,21,91,-70
218000199,38,20,18
218000200,60,26,34
218000201,12,16,-4
218000202,69,215,-146
218000207,2,20,-18
218000208,26,33,-7
218000211,51,16,35
218000213,63,81,-18
218000214,4,35,-31
218000215,24,41,-17
218000217,7,78,-71
218000218,132,43,89
218000219,17,18,-1
218000220,67,312,-245
218000221,393,188,205
218000222,2,25,-23
218000223,10,241,-231
218000224,4,91,-87
218000225,101,20,81
218000226,84,45,39
218000232,56,52,4
218000239,196,17,179
218000240,42,2,40
218000241,47,2,45
218000242,66,4,62
218000243,74,8,66
218000244,58,7,51
218000245,27,2,25
218000246,8,2,6
218000247,1,0,1
218000248,2,11,-9
218000249,0,6,-6
218000250,6,6,0
218000251,2,10,-8
218000252,9,31,-22
218000253,0,21,-21
218000254,0,14,-14
218000255,1,14,-13
218000256,15,51,-36
218000267,407,829,-422
218000268,19,29,-10
218000269,2,3,-1
218000270,60,45,15
218000271,39,43,-4
218000273,23,6,17
218000274,10,3,7
218000275,32,58,-26
218000276,12,33,-21
218000278,14,29,-15
218000279,83,56,27
218000280,5,32,-27
218000281,28,12,16
218000282,469,385,84
218000284,85,10,75
218000301,73,88,-15
218000302,95,16,79
218000303,29,55,-26
218000316,605,736,-131
218000317,898,803,95
218000318,570,648,-78
218000319,1032,838,194
218000320,669,488,181
218000338,42,23,19
218000345,75,59,16
218000346,71,150,-79
218000459,29,170,-141
218000490,30,26,4
218000501,110,30,80
218000502,34,101,-67
218000503,93,26,67
218000504,177,47,130
218000505,37,143,-106
218000506,37,336,-299
218000508,2,3,-1
218000510,170,10,160
218000520,84,62,22
218000521,32,43,-11
218000522,0,112,-112
218000523,153,8,145
218000524,15,210,-195
218000525,131,9,122
218000526,25,127,-102
218000529,28,124,-96
218000531,16,26,-10
218000532,22,15,7
218000534,126,16,110
218000537,36,54,-18
218000538,78,144,-66
218000540,146,46,100
218000543,130,33,97
218000544,34,72,-38
218000545,80,45,35
218000546,53,57,-4
218000547,60,105,-45
218000548,76,89,-13
218000549,339,398,-59
218000550,198,246,-48
218000551,88,1074,-986
218000552,345,40,305
218000553,35,103,-68
218000554,35,28,7
218000555,37,32,5
218000556,207,195,12
218000557,225,197,28
218000558,37,0,37
218000559,0,33,-33
218000560,0,40,-40
218000561,26,0,26
218000562,31,139,-108
218000563,164,21,143
218000564,3,87,-84
218000565,160,17,143
218000566,302,19,283
218000567,2,50,-48
218000568,20,1,19
218000569,9,114,-105
218000570,127,11,116
218000571,0,140,-140
218000572,103,0,103
218000573,25,170,-145
218000574,134,24,110
218000575,124,2,122
218000576,0,71,-71
218000577,94,1,93
218000578,0,60,-60
218000579,19,16,3
218000581,4,37,-33
218000582,28,2,26
218000583,5,0,5
218000584,0,25,-25
218000585,36,4,32
218000586,15,39,-24
218000587,4,2,2
218000588,1,0,1
218000589,2,2,0
218000590,5,0,5
218000591,20,9,11
218000592,28,10,18
218000601,1,1,0
218000602,17,6,11
218000603,0,4,-4
218000604,15,1,14
218000605,0,57,-57
218000606,97,0,97
218000607,8,27,-19
218000608,69,18,51
218000609,8,28,-20
218000610,55,9,46
218000611,18,0,18
218000612,1,12,-11
218000613,34,1,33
218000614,0,25,-25
218000615,125,3,122
218000616,8,48,-40
218000617,14,0,14
218000618,2,15,-13
218000619,2,23,-21
218000620,1,11,-10
218000621,0,0,0
218000622,0,5,-5
218000623,170,0,170
218000624,2,12,-10
218000625,16,0,16
218000626,2,10,-8
218000628,142,36,106
218000631,62,25,37
218000632,2,95,-93
218000633,88,2,86
218000634,8,13,-5
218000635,10,7,3
218000636,725,828,-103
218000637,774,443,331
218000638,113,22,91
218000639,16,117,-101
218000640,221,20,201
218000641,73,188,-115
218000652,33,42,-9
218000653,90,46,44
218000663,9,272,-263
218000675,94,45,49
218000680,180,306,-126
218000681,456,129,327
218000691,145,191,-46
218000693,225,157,68
218000718,435,1451,-1016
218000719,914,831,83
218000720,30,195,-165
218000721,153,27,126
218001147,9,185,-176
218001214,13,40,-27
218001258,347,19,328
218001329,161,137,24
218001330,104,95,9
218001351,11,38,-27
218001352,14,8,6
218001353,10,10,0
218001354,20,24,-4
218001355,51,182,-131
218001356,324,49,275
218001357,45,157,-112
218001358,285,31,254
218001361,416,9,407
218001362,2,193,-191
219000001,54,57,-3
219000002,65,44,21
219000003,70,47,23
219000004,51,66,-15
219000017,98,28,70
219000020,132,46,86
219000022,130,4,126
219000023,59,3,56
219000029,0,68,-68
219000034,39,15,24
219000039,76,96,-20
219000040,39,52,-13
219000041,114,39,75
219000051,0,38,-38
219000052,0,19,-19
219000053,0,70,-70
219000055,205,1,204
219000056,7,0,7
219000057,75,0,75
219000062,26,73,-47
219000063,79,9,70
219000064,3,56,-53
219000110,379,80,299
219000111,88,52,36
219000112,137,86,51
219000113,119,47,72
219000114,245,68,177
219000116,85,53,32
219000117,131,57,74
219000118,193,52,141
219000123,221,84,137
219000124,70,35,35
219000125,21,11,10
219000126,94,91,3
219000127,1,5,-4
219000128,7,97,-90
219000129,10,107,-97
219000130,437,469,-32
219000131,556,959,-403
219000133,38,58,-20
219000134,27,35,-8
219000135,34,48,-14
219000136,113,245,-132
219000138,39,27,12
219000139,25,39,-14
219000140,40,0,40
219000141,23,67,-44
219000142,18,83,-65
219000143,12,63,-51
219000145,21,29,-8
219000146,5,22,-17
219000147,5,25,-20
219000148,6,14,-8
219000149,10,50,-40
219000150,3,45,-42
219000151,1,18,-17
219000157,231,127,104
219000158,187,154,33
219000161,102,8,94
219000163,1027,445,582
219000166,111,192,-81
219000167,97,158,-61
219000168,287,136,151
219000174,399,106,293
219000175,62,6,56
219000176,91,6,85
219000177,43,0,43
219000178,44,8,36
219000179,26,7,19
219000180,25,29,-4
219000182,175,15,160
219000183,84,18,66
219000184,124,11,113
219000185,3,23,-20
219000186,70,13,57
219000187,15,47,-32
219000189,88,177,-89
219000190,56,183,-127
219000191,689,1271,-582
219000192,175,156,19
219000193,198,151,47
219000195,0,45,-45
219000196,10,95,-85
219000198,14,82,-68
219000199,53,189,-136
219000200,41,122,-81
219000201,70,172,-102
219000203,36,128,-92
219000204,116,231,-115
219000205,47,121,-74
219000207,173,173,0
219000209,26,63,-37
219000210,24,56,-32
219000213,18,113,-95
219000239,187,193,-6
219000240,204,273,-69
219000241,110,162,-52
219000242,63,88,-25
219000243,79,186,-107
219000244,16,60,-44
219000245,39,61,-22
219000246,39,27,12
219000247,179,35,144
219000248,523,359,164
219000249,137,44,93
219000250,98,77,21
219000251,436,205,231
219000252,183,143,40
219000253,413,120,293
219000255,110,104,6
219000256,218,69,149
219000257,90,0,90
219000262,72,104,-32
219000263,59,112,-53
219000267,3,49,-46
219000268,3,11,-8
219000269,6,2,4
219000270,5,0,5
219000271,135,8,127
219000278,0,11,-11
219000279,1,2,-1
219000283,0,12,-12
219000295,22,71,-49
219000296,45,320,-275
219000297,11,96,-85
219000298,18,65,-47
219000299,356,48,308
219000300,36,178,-142
219000301,240,286,-46
219000302,35,230,-195
219000307,30,43,-13
219000308,54,37,17
219000311,179,39,140
219000312,587,177,410
219000313,335,47,288
219000314,58,307,-249
219000315,288,26,262
219000316,470,52,418
219000317,113,14,99
219000320,0,49,-49
219000321,1,16,-15
219000323,3,35,-32
219000325,2,13,-11
219000326,45,67,-22
219000327,47,16,31
219000328,26,24,2
219000329,243,120,123
219000330,21,30,-9
219000331,61,62,-1
219000332,91,75,16
219000333,24,3,21
219000335,59,2,57
219000337,15,0,15
219000338,55,1,54
219000344,11,58,-47
219000345,23,76,-53
219000346,35,68,-33
219000348,146,96,50
219000349,56,101,-45
219000350,84,239,-155
219000351,4,13,-9
219000352,252,76,176
219000353,76,72,4
219000354,145,66,79
219000355,125,73,52
219000356,942,1512,-570
219000363,182,87,95
219000364,98,43,55
219000365,117,13,104
219000366,213,297,-84
219000368,287,533,-246
219000370,897,541,356
219000371,33,22,11
219000382,17,28,-11
219000383,516,914,-398
219000385,368,340,28
219000386,664,1200,-536
219000387,4,12,-8
219000390,6,1,5
219000391,4,2,2
219000397,38,42,-4
219000398,72,44,28
219000401,20,70,-50
219000402,27,75,-48
219000403,181,327,-146
219000404,25,118,-93
219000407,5,32,-27
219000409,44,51,-7
219000410,82,30,52
219000411,56,11,45
219000446,96,239,-143
219000447,0,20,-20
219000448,15,7,8
219000452,116,72,44
219000453,56,142,-86
219000454,176,288,-112
219000556,185,58,127
219000558,147,156,-9
219000590,22,135,-113
219000591,62,68,-6
219000592,96,250,-154
219000595,3,30,-27
219000635,182,35,147
219000636,34,74,-40
219000657,16,21,-5
219000658,23,64,-41
219000673,0,27,-27
219000676,11,3,8
219000679,29,4,25
219000684,82,5,77
219000685,0,42,-42
219000686,0,3,-3
219000688,0,64,-64
219000689,22,137,-115
219000690,133,34,99
219000691,54,148,-94
219000692,148,36,112
219000693,0,18,-18
219000694,8,0,8
219000695,8,1,7
219000698,14,0,14
219000699,0,6,-6
219000727,0,93,-93
219000728,110,4,106
219000770,37,1,36
219000771,0,36,-36
219000788,386,269,117
219001150,3,29,-26
219001151,0,3,-3
219001166,42,24,18
219001167,2,76,-74
219001178,51,0,51
220000001,18,52,-34
220000002,7,85,-78
220000003,390,183,207
220000004,379,349,30
220000005,996,1239,-243
220000006,182,647,-465
220000007,375,338,37
220000008,321,593,-272
220000009,256,310,-54
220000010,186,71,115
220000011,380,2134,-1754
220000012,95,175,-80
220000014,97,47,50
220000015,66,183,-117
220000017,68,133,-65
220000018,2575,862,1713
220000019,91,245,-154
220000020,383,209,174
220000021,533,113,420
220000022,768,387,381
220000023,364,174,190
220000024,1340,389,951
220000025,527,815,-288
220000026,320,310,10
220000027,17,85,-68
220000028,38,24,14
220000029,79,76,3
220000030,52,74,-22
220000031,326,271,55
220000064,14,676,-662
221000046,4,0,4
221000047,0,2,-2
221000048,0,2,-2
221000049,0,6,-6
221000050,10,0,10
221000055,27,37,-10
221000057,47,7,40
221000068,218,145,73
221000069,237,86,151
221000070,163,34,129
221000071,79,13,66
221000072,188,12,176
221000073,128,45,83
221000074,2,7,-5
221000075,7,32,-25
221000076,6,28,-22
221000077,15,72,-57
221000081,14,9,5
221000082,89,6,83
221000083,71,5,66
221000084,3,0,3
221000085,11,35,-24
221000086,11,84,-73
221000087,6,88,-82
221000088,10,144,-134
221000089,29,174,-145
221000090,86,360,-274
221000098,98,25,73
221000099,131,5,126
221000100,86,8,78
221000101,247,22,225
221000102,128,11,117
221000109,4,45,-41
221000110,4,51,-47
221000111,19,131,-112
221000112,9,145,-136
221000113,10,142,-132
221000114,2,141,-139
221000120,16,12,4
221000121,10,36,-26
221000122,29,9,20
221000123,11,14,-3
221000124,27,101,-74
221000155,53,25,28
221000156,77,32,45
221000175,1,10,-9
221000176,5,27,-22
221000182,47,3,44
221000241,557,273,284
221000242,87,363,-276
221000243,470,153,317
221000244,170,456,-286
221000245,85,88,-3
221000246,54,214,-160
221000247,118,94,24
221000248,132,126,6
221000267,44,399,-355
221000325,81,44,37
221000331,7,27,-20
221000338,12,11,1
221000378,127,31,96
221000381,39,44,-5
222000282,10,2,8
222000296,0,10,-10
222000568,250,18,232
222000569,129,42,87
222000570,76,16,60
222000571,208,23,185
222000577,7,106,-99
222000578,24,81,-57
222000579,33,86,-53
222000580,72,487,-415
222000599,0,74,-74
222000600,1,178,-177
222000601,8,561,-553
222000603,14,29,-15
222000604,2,39,-37
222000605,14,26,-12
222000606,1,9,-8
222000607,1,3,-2
222000608,11,5,6
222000609,36,130,-94
222000616,246,31,215
222000617,14,14,0
222000618,19,1,18
222000620,28,6,22
222000621,27,17,10
222000623,432,8,424
222000624,284,1,283
222000625,426,9,417
222000636,43,4,39
222000686,26,10,16
222000687,27,20,7
222001066,138,0,138
222001067,6,0,6
222001068,32,4,28
222001069,34,8,26
222001082,11,21,-10
222001083,9,32,-23
222001084,1,25,-24
222001085,1,80,-79
222001111,23,94,-71
222001112,90,19,71
222001313,29,4,25
222001314,4,66,-62
222001464,143,37,106
222001465,32,97,-65
222001484,78,33,45
222001485,12,50,-38
222001494,402,107,295
222001495,69,159,-90
222001496,322,73,249
222001497,79,281,-202
222001502,28,90,-62
222001503,96,34,62
222001504,14,240,-226
222001505,211,10,201
222001506,34,320,-286
222001507,243,18,225
222001510,296,19,277
222001511,50,221,-171
222001514,423,136,287
222001515,193,326,-133
222001518,239,42,197
222001519,42,125,-83
222001527,183,58,125
222001528,52,164,-112
222001529,177,25,152
222001530,73,137,-64
222001533,146,176,-30
222001534,244,63,181
222001535,187,258,-71
222001536,76,163,-87
222001537,241,49,192
222001538,76,312,-236
222001563,558,68,490
222001564,60,374,-314
222001568,372,103,269
222001576,1,2,-1
222001579,2,4,-2
222001583,10,95,-85
222001584,69,23,46
222001596,419,836,-417
222001597,1205,286,919
222001626,0,94,-94
222001650,51,94,-43
222001651,62,201,-139
222001914,186,73,113
222001915,51,225,-174
222001968,443,265,178
222001969,355,527,-172
222001970,151,175,-24
222001971,12,2,10
222001972,1,14,-13
225000001,323,167,156
225000002,449,131,318
225000003,477,65,412
225000004,312,136,176
225000005,58,41,17
225000006,0,152,-152
225000007,1017,945,72
225000010,240,5,235
225000011,267,722,-455
225000012,217,392,-175
225000013,112,113,-1
225000014,576,77,499
225000015,95,142,-47
225000021,434,135,299
225000027,173,373,-200
225000032,546,98,448
225000042,66,477,-411
225000049,18,50,-32
225000050,59,14,45
225000053,1,211,-210
225000058,552,120,432
225000067,139,100,39
225000068,56,208,-152
225000069,169,388,-219
225000070,77,270,-193
225000071,31,84,-53
225000075,15,466,-451
225000076,60,111,-51
225000078,52,47,5
225000085,36,143,-107
225000086,201,58,143
225000087,130,12,118
225000088,6,181,-175
225000089,217,814,-597
225000090,65,310,-245
225000091,192,87,105
225000092,43,74,-31
225000093,201,190,11
225000094,9,144,-135
225000095,291,238,53
225000096,307,333,-26
225000098,530,316,214
225000099,317,147,170
225000100,252,134,118
225000104,107,376,-269
225000110,4,278,-274
225000111,222,723,-501
225000112,217,869,-652
225000113,169,480,-311
225000114,58,202,-144
225000115,1231,490,741
225000116,818,197,621
225000117,659,207,452
225000118,744,200,544
225000119,197,39,158
225000120,545,22,523
225000121,238,28,210
225000123,450,16,434
225000125,332,119,213
225000126,573,161,412
225000127,559,815,-256
225000128,499,583,-84
225000132,226,30,196
225000133,148,21,127
225000134,401,134,267
225000135,47,13,34
225000136,237,13,224
225000137,198,39,159
225000138,323,56,267
225000143,43,122,-79
225000144,1,223,-222
225000145,38,36,2
225000146,38,88,-50
225000147,22,156,-134
225000148,4,166,-162
225000149,58,271,-213
225000151,35,142,-107
225000155,329,393,-64
225000156,123,569,-446
225000157,178,226,-48
225000158,58,201,-143
225000171,10,141,-131
225000180,32,13,19
225000181,0,58,-58
225000182,86,4,82
225000185,8,346,-338
225000187,33,265,-232
225000191,96,3,93
225000194,0,6,-6
225000208,1,25,-24
225000209,89,5,84
225000210,3,133,-130
225000217,0,9,-9
225000218,35,1,34
225000223,0,49,-49
225000224,100,2,98
225000225,1,33,-32
225000226,39,0,39
225000227,23,50,-27
225000228,12,5,7
225000229,0,81,-81
225000230,10,0,10
225000231,0,51,-51
225000232,71,0,71
225000241,102,1,101
225000242,0,38,-38
225000249,12,0,12
225000250,36,517,-481
225000251,257,10,247
226000042,240,367,-127
226000043,63,222,-159
226000044,116,434,-318
226000045,45,252,-207
226000046,346,58,288
226000047,319,79,240
226000048,301,110,191
226000049,256,124,132
226000070,0,30,-30
226000071,0,70,-70
226000072,0,17,-17
226000073,0,1,-1
226000074,2,6,-4
226000084,0,45,-45
226000085,0,6,-6
226000086,1,4,-3
226000087,0,11,-11
226000088,17,11,6
226000090,215,100,115
226000091,17,43,-26
226000092,4,7,-3
226000093,19,4,15
226000094,12,1,11
226000095,17,3,14
226000105,6,5,1
226000106,9,0,9
226000107,9,0,9
226000108,27,0,27
226000109,67,0,67
226000124,110,71,39
226000134,559,431,128
226000135,864,485,379
226000136,338,302,36
226000137,10,222,-212
226000138,7,160,-153
226000139,0,18,-18
226000156,112,1,111
226000157,123,10,113
226000163,61,121,-60
226000202,18,164,-146
226000231,396,11,385
226000232,26,7,19
227000037,288,37,251
227000038,298,49,249
227000049,0,16,-16
227000050,0,35,-35
227000055,81,0,81
227000056,23,0,23
227000084,0,54,-54
227000085,1,56,-55
227000088,45,1,44
227000089,130,5,125
227000090,27,2,25
227000091,18,3,15
227000093,125,0,125
227000094,5,0,5
227000130,19,58,-39
227000131,6,137,-131
227000132,15,123,-108
227000133,10,162,-152
227000134,23,194,-171
227000152,0,8,-8
227000153,0,26,-26
227000155,2,20,-18
227000156,1,12,-11
227000165,3,34,-31
227000196,23,202,-179
227000199,319,28,291
227000230,7,269,-262
227000232,265,26,239
227000241,268,47,221
227000242,42,349,-307
227000243,385,86,299
227000244,296,102,194
227000245,32,189,-157
227000246,76,367,-291
227000247,292,71,221
227000248,105,23,82
227000249,34,191,-157
227000251,110,203,-93
227000252,18,221,-203
227000253,143,20,123
227000262,260,45,215
227000266,703,21,682
227000267,22,776,-754
227000486,349,163,186
227000655,308,7,301
227000661,91,17,74
227000680,125,22,103
229000265,7,29,-22
229000296,0,10,-10
229000297,7,14,-7
229000298,5,89,-84
229000320,8,5,3
229000321,12,6,6
229000412,16,37,-21
229000414,7,36,-29
229000415,14,0,14
229000416,3,5,-2
229000417,1,14,-13
229000419,73,191,-118
229000440,298,39,259
229000442,9,0,9
229000443,12,1,11
229000444,1,18,-17
229000445,46,3,43
229000446,37,9,28
229000847,35,0,35
229000848,17,1,16
229000849,120,0,120
229000851,40,0,40
229000854,0,17,-17
229000856,0,21,-21
229000857,0,13,-13
229000858,0,14,-14
229000919,16,65,-49
229000930,8,208,-200
229000937,103,6,97
229000966,52,18,34
229000981,24,24,0
229000985,3,10,-7
229000986,0,2,-2
229000987,0,2,-2
229000988,2,8,-6
229000989,7,3,4
229000990,0,0,0
229000991,0,0,0
229000992,12,4,8
229000993,87,22,65
229000998,18,44,-26
229000999,49,18,31
229001034,0,5,-5
229001035,8,0,8
229001037,29,7,22
229001042,15,13,2
229001047,6,24,-18
229001050,28,44,-16
229001200,14,3,11
229001338,9,15,-6
229001394,225,6,219
229001422,134,24,110
229001423,19,107,-88
229001431,60,75,-15
229001432,38,84,-46
229001444,133,32,101
229001445,19,83,-64
229001503,182,85,97
229001504,114,152,-38
229001505,108,56,52
229001506,99,113,-14
229001509,44,19,25
229001545,86,4,82
229001546,14,102,-88
229001553,87,20,67
229001554,20,63,-43
229001559,2,10,-8
229001560,1,23,-22
229001630,42,7,35
229001631,15,31,-16
229001635,1,5,-4
229001636,9,2,7
229001658,0,128,-128
229001659,50,4,46
229001660,15,4,11
229001661,11,11,0
229001662,19,1,18
229001663,0,19,-19
229002584,90,104,-14
229002831,108,88,20
229002841,11,11,0
229002842,19,20,-1
229002843,75,14,61
229002844,24,26,-2
229002845,26,48,-22
229002846,27,11,16
229002847,2,4,-2
229002848,14,9,5
229002849,2,65,-63
229002850,12,1,11
229002851,26,112,-86
229002852,166,15,151
229002853,133,14,119
229002854,27,28,-1
229002855,7,18,-11
229002856,18,19,-1
229002857,12,97,-85
229002858,13,5,8
229002859,11,81,-70
229002860,299,16,283
229002861,17,20,-3
229002862,23,4,19
229002863,19,7,12
229002864,22,14,8
229002865,14,7,7
229002866,23,17,6
229002867,1,18,-17
229002868,5,14,-9
229002869,34,84,-50
229002870,49,19,30
235000066,314,68,246
235000067,106,93,13
235000072,12,83,-71
235000073,70,291,-221
235000074,32,55,-23
235000080,10,82,-72
235000081,81,85,-4
235000082,203,56,147
235000083,154,55,99
235000084,19,37,-18
235000085,115,61,54
235000089,23,18,5
235000092,12,125,-113
235000093,17,6,11
235000097,7,5,2
235000098,66,12,54
235000099,31,9,22
235000116,65,11,54
235000117,525,8,517
235000133,6,288,-282
235000134,5,159,-154
235000206,7,3,4
235000207,4,0,4
235000208,3,1,2
235000209,5,1,4
235000210,5,0,5
235000212,5,18,-13
235000213,1,19,-18
235000220,0,1,-1
235000221,50,8,42
235000238,8,70,-62
235000239,2,20,-18
235000242,296,444,-148
235000245,493,143,350
235000246,6,49,-43
235000284,6,96,-90
235000295,103,23,80
235000305,224,18,206
235000306,207,2,205
235000307,26,2,24
235000308,12,0,12
235000309,39,1,38
235000310,12,2,10
235000311,72,10,62
235000322,0,17,-17
235000323,0,33,-33
235000324,0,14,-14
235000325,0,13,-13
235000326,3,86,-83
235000351,2,30,-28
235000352,7,21,-14
235000353,6,12,-6
235000354,5,16,-11
235000355,7,49,-42
235000356,115,6,109
235000357,24,9,15
235000358,152,3,149
235000359,26,5,21
235000360,27,10,17
235000361,61,5,56
235000381,82,122,-40
235000382,143,19,124
235000390,10,4,6
235000391,105,15,90
235000392,181,229,-48
235000393,92,124,-32
235000395,107,29,78
235000396,328,46,282
235000400,42,50,-8
235000401,21,83,-62
235000405,65,226,-161
235000406,46,212,-166
235000407,51,70,-19
235000409,131,111,20
235000410,46,188,-142
235000411,3,57,-54
235000485,1,2,-1
235000486,1,0,1
235000549,66,94,-28
235000550,97,149,-52
235000599,90,43,47
235000600,11,19,-8
235000601,26,38,-12
235000602,49,91,-42
235000614,1,3,-2
235000648,0,9,-9
235000649,34,3,31
235000685,0,2,-2
235000815,9,35,-26
235000834,0,4,-4
235000855,33,95,-62
235000862,76,87,-11
235000891,0,6,-6
235000892,8,3,5
235000901,50,71,-21
235000907,5,12,-7
235001010,59,38,21
235001029,413,338,75
235001030,318,227,91
235001078,70,89,-19
235001079,43,67,-24
235001147,14,29,-15
235001166,33,51,-18
235001167,51,46,5
235001169,14,181,-167
235001188,3,3,0
235001189,3,1,2
235001197,12,24,-12
235001200,44,36,8
235001207,211,30,181
235001210,93,118,-25
235001215,31,105,-74
235001239,0,50,-50
235001244,1,16,-15
235016267,0,28,-28
277102712,0,0,0
277103813,0,0,0
277104249,0,1,-1
277104250,0,3,-3
277104251,7,18,-11
277104252,0,1,-1
990011530,0,113,-113
990014944,1,288,-287
990015176,24,9,15
990016032,0,214,-214
990032570,1,13,-12
990070001,38,3,35
990070103,0,1,-1
990070601,0,27,-27
990070751,562,7,555
990070766,1,260,-259
990071180,353,140,213
990071343,8,4,4
990071387,1,11,-10
990071823,30,1,29
990072600,5,663,-658
990072964,2,198,-196
990073285,0,3,-3
990074393,2,406,-404
990074870,1313,3,1310
990075106,1268,9,1259
990075746,421,9,412
990076437,1007,1,1006
990076458,0,393,-393
997000007,580,11,569
997000041,2,153,-151
997000058,37,0,37
997000062,17,0,17
997000069,0,3,-3
997000070,0,14,-14
997000100,25,3,22
997000141,7,1076,-1069
997000198,179,951,-772
998000475,1,34,-33
998000736,0,106,-106
998000965,0,6,-6
998001031,1,67,-66
998001700,0,3,-3
998001899,0,0,0
998001900,11,2,9
998003073,638,36,602
998101900,0,0,0
998102850,1,150,-149
998501927,932,713,219
998501929,83,15,68
998501930,66,33,33
998501931,113,17,96
998501932,0,0,0
998501933,23,2,21
998501937,27,0,27
998501944,2,0,2
998501950,0,4,-4
998501970,37,3,34
998501971,0,50,-50
998501973,0,24,-24
998501974,1,216,-215
998501975,76,0,76
998501976,123,0,123
998501977,0,6,-6
998501978,27,0,27
998501979,0,10,-10
998501980,29,0,29
998501981,29,2,27
998501982,0,78,-78
998501983,0,3,-3
998502006,0,0,0
998502032,0,3,-3
998502062,13,1,12
998502063,0,0,0
998502173,34,0,34
998502269,0,0,0
998502546,1,111,-110
998502578,3,1,2
998502599,27,228,-201
998502621,0,1,-1
998601159,0,92,-92
998601292,0,21,-21
999033574,1,340,-339
999800001,10,3,7
999800002,0,21,-21
999800003,0,0,0
999800004,0,1,-1
999800005,1,8,-7
