ID,insum,outsum,diff
100000001,367,225,142
100000002,727,285,442
100000003,3370,812,2558
100000004,852,264,588
100000005,996,972,24
100000006,109,50,59
100000007,298,182,116
100000008,49,314,-265
100000009,132,91,41
100000010,7,18,-11
100000011,104,40,64
100000012,70,314,-244
100000013,10,111,-101
100000014,94,277,-183
100000015,395,296,99
100000016,384,700,-316
100000017,210,718,-508
100000018,687,274,413
100000019,2853,746,2107
100000020,756,790,-34
100000021,3895,748,3147
100000022,460,283,177
100000023,3223,311,2912
100000025,1060,162,898
100000028,852,384,468
100000029,136,92,44
100000030,388,13,375
100000031,1714,1204,510
100000032,1598,1216,382
100000033,301,870,-569
100000034,429,116,313
100000035,627,293,334
100000036,1025,417,608
100000037,144,229,-85
100000038,324,313,11
100000039,255,76,179
100000040,34,42,-8
100000041,144,141,3
100000042,130,150,-20
100000043,97,105,-8
100000044,122,462,-340
100000045,198,899,-701
100000046,201,715,-514
100000047,112,488,-376
100000048,150,468,-318
100000049,791,1607,-816
100000051,132,684,-552
100000053,8,1,7
100000054,29,13,16
100000055,190,193,-3
100000056,63,236,-173
100000057,543,340,203
100000058,209,823,-614
100000059,1,40,-39
100000060,112,97,15
100000061,435,222,213
100000062,704,236,468
100000063,186,136,50
100000064,239,157,82
100000065,213,691,-478
100000066,70,661,-591
100000067,319,527,-208
100000068,172,860,-688
100000069,94,1190,-1096
100000072,275,723,-448
100000073,556,811,-255
100000075,241,216,25
100000076,931,698,233
100000077,326,24,302
100000078,65,6,59
100000079,25,13,12
100000080,1,4,-3
100000081,15,10,5
100000102,966,501,465
100000103,1586,273,1313
100000104,1917,411,1506
100000105,2167,218,1949
100000106,944,346,598
100000107,154,86,68
100000108,426,732,-306
100000109,1762,686,1076
100000116,536,181,355
100000117,19,9,10
100000118,374,259,115
100000119,229,241,-12
100000121,50,454,-404
100000122,416,380,36
100000123,2710,2314,396
100000124,4845,2544,2301
100000125,2129,469,1660
100000126,424,134,290
100000127,1192,229,963
100000128,500,482,18
100000129,325,190,135
100000130,203,334,-131
100000131,2383,1275,1108
100000132,1074,504,570
100000133,5030,1701,3329
100000135,169,240,-71
100000139,56,220,-164
100000140,70,90,-20
100000142,90,230,-140
100000143,934,644,290
100000144,2227,731,1496
100000147,349,856,-507
100000150,17,293,-276
100000151,235,158,77
100000153,124,100,24
100000154,18,30,-12
100000155,1,3,-2
100000156,15,28,-13
100000157,38,131,-93
100000158,33,54,-21
100000159,196,228,-32
100000165,654,416,238
100000169,238,162,76
100000174,816,163,653
100000179,31,380,-349
100000180,202,500,-298
100000181,38,105,-67
100000188,41,215,-174
100000189,180,146,34
100000190,201,129,72
100000191,230,222,8
100000192,40,35,5
100000193,62,62,0
100000330,935,135,800
100000355,181,307,-126
100000362,2942,2069,873
100000363,813,1521,-708
100000364,169,123,46
100000365,1555,2441,-886
100000366,2529,1497,1032
100000367,1077,1657,-580
100000368,1372,962,410
100000369,298,568,-270
100000370,42,133,-91
100000376,31,37,-6
100000379,1250,560,690
100000380,1562,732,830
100000384,2912,855,2057
100000385,2612,1148,1464
100000386,3962,961,3001
100000387,3762,1066,2696
100000388,6435,1059,5376
100000389,5522,1170,4352
100000390,6308,976,5332
100000391,4076,1061,3015
100000392,1648,415,1233
100000393,546,388,158
100000394,2731,1029,1702
100000395,1218,354,864
100000396,2108,671,1437
100000397,962,481,481
100000398,6303,4612,1691
100000413,8,4,4
100000414,230,97,133
100900002,0,32,-32
100900003,48,75,-27
100900004,15,565,-550
100900005,14,0,14
100900006,4,81,-77
100900007,72,0,72
100900008,4,332,-328
100900009,2,8,-6
100900010,7,49,-42
100900011,15,252,-237
100900012,0,143,-143
100900013,87,1,86
100900014,0,5,-5
100900015,66,40,26
100900016,0,32,-32
100900017,171,13,158
100900018,0,4,-4
100900019,0,8,-8
100900020,59,2,57
100900021,284,3,281
100900022,1,2,-1
100900023,0,3,-3
100900024,189,0,189
100900025,0,4,-4
100900026,13,96,-83
100900027,100,554,-454
100900028,22,40,-18
100900029,69,1,68
100900030,2,6,-4
100900031,60,6,54
100900032,26,0,26
100900033,101,43,58
100900034,83,0,83
100900035,83,0,83
100900036,3,0,3
100900037,7,239,-232
100900038,16,3,13
100900039,97,421,-324
100900040,50,585,-535
100900041,39,646,-607
100900042,180,221,-41
100900043,0,0,0
100900044,1587,91,1496
100900045,5,0,5
100900046,270,2,268
100900047,265,12,253
100900048,15,3,12
100900049,11,147,-136
100900050,0,6,-6
100900051,16,17,-1
100900052,17,29,-12
100900053,38,7,31
100900054,1,73,-72
100900055,45,52,-7
100900056,18,37,-19
100900057,216,165,51
100900058,27,12,15
100900059,15,0,15
100900060,32,5,27
100900061,118,151,-33
100900062,1,36,-35
100900063,33,147,-114
100900064,141,3,138
100900065,5,23,-18
100900066,25,15,10
100900067,1,4,-3
100900068,6,65,-59
100900069,68,0,68
100900070,26,0,26
100900071,276,103,173
100900072,1,41,-40
100900073,8,330,-322
100900074,1,6,-5
100900075,1492,71,1421
100900076,1,9,-8
100900077,3,54,-51
100900078,21,33,-12
100900079,0,25,-25
100900080,1,48,-47
100900081,5,24,-19
100900082,13,516,-503
100900083,0,35,-35
100900085,0,48,-48
100900086,21,69,-48
100900088,7,466,-459
100900089,0,30,-30
100900090,73,121,-48
100900091,0,10,-10
100900092,26,25,1
100900093,18,50,-32
100900094,17,436,-419
100900095,1,12,-11
100900096,8,59,-51
100900097,2,0,2
100900098,0,61,-61
100900099,7,263,-256
100900100,7,112,-105
100900101,250,7,243
100900102,1,9,-8
100900103,0,19,-19
100900104,6,88,-82
100900105,4,30,-26
100900106,24,1,23
100900107,735,157,578
100900108,0,3,-3
100900109,1,36,-35
100900110,0,0,0
100900111,46,61,-15
100900112,0,0,0
100900113,0,14,-14
100900114,0,10,-10
100900115,0,5,-5
100900116,263,88,175
100900117,93,131,-38
100900118,1,26,-25
100900119,0,16,-16
100900120,0,8,-8
100900121,81,68,13
100900122,64,106,-42
100900123,8,20,-12
100900124,3,0,3
100900125,0,31,-31
100900126,8,47,-39
100900127,1,7,-6
100900128,39,49,-10
100900129,0,32,-32
100900131,10,58,-48
100900133,6,31,-25
100900134,0,1,-1
100900135,0,36,-36
100900137,168,71,97
100900138,114,60,54
100900139,1,3,-2
100900140,0,564,-564
100900141,0,85,-85
100900142,1,2,-1
100900143,531,73,458
100900144,8,0,8
100900145,8,48,-40
100900147,2,92,-90
100900148,9,635,-626
100900149,28,25,3
100900151,33,301,-268
100900152,36,2,34
100900153,0,47,-47
100900154,19,4,15
100900155,0,3,-3
100900156,8,0,8
100900157,0,34,-34
100900159,0,4,-4
100900160,1,3,-2
100900161,47,1,46
100900162,3,85,-82
100900163,44,123,-79
100900164,0,6,-6
100900165,8,4,4
100900166,9,0,9
100900167,11,42,-31
100900168,1,62,-61
100900169,103,844,-741
100900170,2,1,1
100900171,1,577,-576
100900172,0,3,-3
100900173,4,439,-435
100900174,9,5,4
100900176,551,8,543
100900177,569,44,525
100900178,16,63,-47
100900179,33,20,13
100900180,0,0,0
100900181,19,16,3
100900182,7,1,6
100900184,0,37,-37
100900186,547,287,260
100900187,1,124,-123
100900188,7,4,3
100900189,366,39,327
100900191,545,231,314
100900192,87,51,36
100900195,16,38,-22
100900197,0,0,0
100900198,8,106,-98
100900199,0,0,0
100900200,268,190,78
100900201,27,504,-477
100900202,0,0,0
100900203,0,24,-24
100900204,88,17,71
100900205,44,81,-37
100900206,22,10,12
100900207,53,15,38
100900210,25,350,-325
100900211,83,6,77
100900213,5,10,-5
100900214,474,38,436
100900215,0,8,-8
100900217,47,29,18
101000001,2335,1276,1059
101000002,1804,1329,475
101000003,378,616,-238
101000004,5468,3069,2399
101000005,2549,1997,552
101000006,4168,2701,1467
101000007,1058,1364,-306
101000009,527,1390,-863
101000010,269,827,-558
101000011,1103,284,819
101000012,845,149,696
101000013,232,343,-111
101000014,295,294,1
101000015,408,398,10
101000016,94,170,-76
101000017,201,252,-51
101000018,2008,1150,858
101000020,2796,465,2331
101000021,515,94,421
101000022,138,30,108
101000023,799,384,415
101000025,33,141,-108
101000026,248,11,237
101000027,623,566,57
101000028,471,77,394
101000029,3,242,-239
101000030,256,22,234
101000031,84,60,24
101000032,2291,994,1297
101000033,1337,733,604
101000034,1238,379,859
101000035,666,84,582
101000036,820,170,650
101000037,2324,443,1881
101000039,1740,254,1486
101000040,2103,1120,983
101000041,3580,1168,2412
101000042,199,171,28
101000043,2122,866,1256
101000045,313,127,186
101000046,896,249,647
101000047,453,410,43
101000048,270,394,-124
101000049,236,329,-93
101000050,507,238,269
101000051,645,353,292
101000052,883,186,697
101000053,414,324,90
101000054,804,326,478
101000055,848,374,474
101000056,25,20,5
101000057,1296,216,1080
101000058,934,244,690
101000059,1842,804,1038
101000060,1384,117,1267
101000061,875,274,601
101000062,1147,110,1037
101000063,345,114,231
101000064,739,156,583
101000065,110,99,11
101000066,171,94,77
101000067,430,160,270
101000068,143,68,75
101000069,204,26,178
101000070,966,290,676
101000071,889,312,577
101000072,526,1277,-751
101000073,262,147,115
101000074,1464,724,740
101000075,3035,1328,1707
101000077,926,492,434
101000078,686,745,-59
101000079,223,504,-281
101000080,449,354,95
101000081,560,488,72
101000082,2074,1294,780
101000083,728,624,104
101000084,620,777,-157
101000085,868,482,386
101000086,837,673,164
101000087,494,849,-355
101000088,397,415,-18
101000089,413,534,-121
101000090,1397,816,581
101000091,120,1180,-1060
101000092,439,609,-170
101000093,605,386,219
101000094,249,690,-441
101000095,120,475,-355
101000096,164,295,-131
101000097,145,171,-26
101000098,198,245,-47
101000099,681,622,59
101000100,410,264,146
101000101,183,175,8
101000102,523,146,377
101000103,383,166,217
101000104,127,150,-23
101000105,572,72,500
101000106,298,150,148
101000107,56,157,-101
101000108,1002,205,797
101000109,60,39,21
101000110,8,462,-454
101000111,46,89,-43
101000113,52,183,-131
101000114,1118,507,611
101000115,25,22,3
101000116,4,27,-23
101000117,31,86,-55
101000119,65,8,57
101000120,124,2,122
101000121,33,3,30
101000122,35,13,22
101000123,22,7,15
101000124,183,168,15
101000125,61,194,-133
101000128,335,163,172
101000130,168,153,15
101000131,266,372,-106
101000132,127,1048,-921
101000135,36,4,32
101000136,86,41,45
101000137,18,80,-62
101000141,1095,491,604
101000147,495,372,123
101000148,1656,15,1641
101000149,16,10,6
101000150,13,846,-833
101000151,27,52,-25
101000152,168,124,44
101000153,483,244,239
101000154,39,1164,-1125
101000155,56,66,-10
101000156,13,157,-144
101000157,38,10,28
101000160,22,15,7
101000163,30,29,1
101000164,198,213,-15
101000165,126,144,-18
101000166,145,224,-79
101000168,210,157,53
101000252,354,296,58
101000254,119,9,110
101000258,37,6,31
101000261,102,77,25
101000262,272,502,-230
101000263,76,239,-163
101000265,10,260,-250
101000266,109,78,31
101000269,85,2,83
101000290,607,514,93
101000293,6,28,-22
101000294,267,316,-49
101000295,44,192,-148
101000301,474,64,410
101000304,868,1413,-545
101000305,1321,834,487
101000328,50,216,-166
101900001,10,53,-43
101900002,0,11,-11
101900003,54,30,24
101900004,1,22,-21
101900005,2818,314,2504
101900006,366,53,313
101900007,191,13,178
101900008,67,37,30
101900009,16,67,-51
101900010,496,122,374
101900011,85,171,-86
101900012,28,72,-44
101900013,637,17,620
101900017,6,23,-17
101900018,1164,39,1125
101900019,33,30,3
101900020,4,28,-24
101900021,4,9,-5
101900022,19,1015,-996
101900023,10,190,-180
101900026,59,21,38
101900027,3,100,-97
102000001,924,1793,-869
102000002,1529,668,861
102000003,1664,1530,134
102000004,4136,1028,3108
102000005,899,887,12
102000006,1331,541,790
102000007,799,1845,-1046
102000008,4725,904,3821
102000009,3090,3548,-458
102000010,3672,1258,2414
102000011,1143,1326,-183
102000012,1748,1928,-180
102000018,1878,1034,844
102000019,1517,478,1039
102000026,105,170,-65
102000029,246,70,176
102000030,44,86,-42
102000031,10,108,-98
102000032,102,218,-116
102000033,74,239,-165
102000034,167,151,16
102000035,399,244,155
102000036,4,96,-92
102000037,63,51,12
102000038,54,48,6
102000039,32,21,11
102000040,208,25,183
102000041,51,72,-21
102000042,49,46,3
102000043,71,75,-4
102000044,107,274,-167
102000045,362,603,-241
102000046,423,228,195
102000047,362,573,-211
102000048,84,415,-331
102000049,317,291,26
102000050,333,549,-216
102000051,153,232,-79
102000052,520,471,49
102000053,236,456,-220
102000054,141,483,-342
102000055,384,626,-242
102000056,241,623,-382
102000057,668,188,480
102000058,679,1139,-460
102000059,792,720,72
102000060,597,453,144
102000061,446,1710,-1264
102000062,320,726,-406
102000063,614,802,-188
102000064,296,350,-54
102000065,15,69,-54
102000066,649,583,66
102000067,1825,1323,502
102000068,5211,1653,3558
102000069,32,864,-832
102000070,1914,52,1862
102000071,4343,5337,-994
102000072,2245,2951,-706
102000073,97,444,-347
102000074,124,453,-329
102000075,27,241,-214
102000076,72,282,-210
102000077,175,981,-806
102000078,250,603,-353
102000079,48,233,-185
102000080,78,139,-61
102000081,181,585,-404
102000082,345,102,243
102000083,94,566,-472
102000084,63,304,-241
102000085,796,886,-90
102000086,459,598,-139
102000087,265,1514,-1249
102000088,98,169,-71
102000089,334,345,-11
102000090,263,857,-594
102000091,732,337,395
102000092,316,477,-161
102000093,418,292,126
102000094,633,253,380
102000095,474,388,86
102000096,855,279,576
102000097,938,353,585
102000098,368,405,-37
102000099,390,211,179
102000100,495,310,185
102000101,640,179,461
102000102,294,843,-549
102000103,968,148,820
102000104,647,212,435
102000105,55,593,-538
102000106,208,653,-445
102000107,319,253,66
102000108,225,165,60
102000109,108,369,-261
102000110,283,1164,-881
102000111,6,205,-199
102000112,41,36,5
102000113,1,27,-26
102000114,658,139,519
102000115,122,94,28
102000116,139,164,-25
102000117,105,296,-191
102000118,1082,519,563
102000119,1715,247,1468
102000120,28,245,-217
102000121,351,318,33
102000122,96,340,-244
102000123,620,399,221
102000124,374,403,-29
102000125,381,332,49
102000126,238,266,-28
102000127,421,355,66
102000128,219,576,-357
102000129,327,602,-275
102000130,174,325,-151
102000131,194,375,-181
102000132,96,215,-119
102000133,529,1861,-1332
102000134,193,414,-221
102000135,842,245,597
102000136,603,138,465
102000137,282,319,-37
102000138,92,167,-75
102000139,25,157,-132
102000140,111,121,-10
102000141,53,351,-298
102000142,64,172,-108
102000143,25,266,-241
102000144,26,248,-222
102000145,64,187,-123
102000146,108,158,-50
102000147,88,122,-34
102000148,83,89,-6
102000149,64,410,-346
102000150,97,153,-56
102000151,34,208,-174
102000152,49,46,3
102000153,303,97,206
102000154,211,287,-76
102000155,64,129,-65
102000156,239,16,223
102000157,28,67,-39
102000158,172,85,87
102000159,885,63,822
102000161,2181,459,1722
102000162,77,59,18
102000163,39,217,-178
102000164,374,190,184
102000165,208,63,145
102000166,48,113,-65
102000167,87,94,-7
102000168,88,105,-17
102000169,39,153,-114
102000170,427,57,370
102000171,44,39,5
102000172,7,64,-57
102000173,160,124,36
102000174,19,25,-6
102000175,22,115,-93
102000176,12,33,-21
102000178,76,343,-267
102000179,78,159,-81
102000180,194,390,-196
102000181,94,514,-420
102000182,165,470,-305
102000183,429,1321,-892
102000184,412,709,-297
102000185,476,1245,-769
102000186,254,1463,-1209
102000187,204,1293,-1089
102000188,240,946,-706
102000189,2223,500,1723
102000190,345,741,-396
102000191,803,317,486
102000192,335,549,-214
102000193,12,129,-117
102000194,19,78,-59
102000195,138,291,-153
102000196,45,381,-336
102000197,110,352,-242
102000198,22,569,-547
102000199,176,222,-46
102000200,99,799,-700
102000201,149,328,-179
102000202,0,82,-82
102000203,103,199,-96
102000204,87,724,-637
102000205,217,492,-275
102000206,168,382,-214
102000207,193,289,-96
102000208,103,348,-245
102000209,10,18,-8
102000210,76,481,-405
102000211,34,276,-242
102000212,19,8,11
102000213,1,214,-213
102000214,38,8,30
102000215,6,427,-421
102000216,3,4,-1
102000217,8,162,-154
102000218,57,17,40
102000219,213,197,16
102000225,743,437,306
102000226,665,48,617
102000227,34,0,34
102000228,1,45,-44
102000229,20,12,8
102000230,104,483,-379
102000231,152,295,-143
102000232,7,73,-66
102000233,228,296,-68
102000234,46,960,-914
102000236,186,45,141
102000237,184,87,97
102000238,98,161,-63
102000240,558,279,279
102000241,121,38,83
102000243,7,37,-30
102000245,10,62,-52
102000246,10,12,-2
102000247,699,545,154
102000248,339,371,-32
102000249,27,79,-52
102000250,23,298,-275
102000254,25,364,-339
102000266,22,62,-40
102000271,6,1,5
102000286,198,137,61
102000297,773,447,326
102000307,0,7,-7
102000316,29,98,-69
102900001,488,592,-104
102900002,178,16,162
102900003,17,215,-198
102900005,45,196,-151
102900006,212,143,69
102900007,155,17,138
102900008,81,48,33
102900009,150,38,112
102900010,365,196,169
102900011,1417,113,1304
102900012,157,21,136
102900013,9,32,-23
102900015,277,94,183
102900016,20,50,-30
102900017,33,331,-298
102900018,4,100,-96
102900019,96,207,-111
102900020,27,28,-1
102900021,2,76,-74
102900022,148,28,120
102900023,6,31,-25
102900024,0,38,-38
102900025,102,39,63
102900026,287,488,-201
102900027,31,51,-20
102900028,35,138,-103
102900029,53,40,13
102900030,54,83,-29
102900031,43,101,-58
102900032,24,111,-87
102900033,17,83,-66
102900034,70,108,-38
102900035,27,306,-279
102900036,47,337,-290
102900037,26,401,-375
102900038,107,223,-116
102900039,2,132,-130
102900040,36,123,-87
102900041,19,79,-60
102900042,46,166,-120
102900043,23,153,-130
102900044,226,1125,-899
102900045,13,324,-311
102900046,38,222,-184
102900047,25,539,-514
102900048,179,518,-339
102900049,34,176,-142
102900050,68,194,-126
102900051,32,110,-78
102900053,132,501,-369
102900054,437,269,168
102900055,28,45,-17
102900056,59,257,-198
102900057,1,19,-18
102900058,153,13,140
102900059,0,19,-19
102900060,24,162,-138
102900061,28,265,-237
102900062,36,1028,-992
102900063,236,261,-25
102900064,104,211,-107
102900065,1014,351,663
102900066,139,23,116
102900068,13,44,-31
102900070,46,483,-437
102900072,3,20,-17
102900073,21,4,17
102900075,3,9,-6
102900076,73,12,61
102900077,13,10,3
102900078,22,29,-7
102900079,72,4,68
102900080,80,17,63
102900081,32,117,-85
102900082,2,154,-152
102900083,161,2,159
102900084,0,6,-6
102900085,19,31,-12
102900086,0,9,-9
102900087,13,92,-79
102900088,9,24,-15
102900089,146,62,84
102900090,5,254,-249
102900091,23,1,22
102900092,22,485,-463
102900094,0,24,-24
102900095,41,0,41
102900096,9,5,4
102900097,1,57,-56
103000001,1149,1739,-590
103000002,941,1102,-161
103000003,1455,1308,147
103000004,604,394,210
103000005,888,1130,-242
103000006,374,719,-345
103000007,266,512,-246
103000008,470,821,-351
103000009,234,329,-95
103000010,108,129,-21
103000011,1052,482,570
103000012,499,662,-163
103000013,4337,1229,3108
103000014,643,560,83
103000015,1644,599,1045
103000016,279,366,-87
103000017,64,113,-49
103000018,725,181,544
103000019,49,71,-22
103000020,869,959,-90
103000021,482,550,-68
103000022,604,932,-328
103000023,248,486,-238
103000024,76,91,-15
103000025,42,93,-51
103000026,1165,88,1077
103000027,152,88,64
103000028,429,109,320
103000029,253,37,216
103000030,1242,245,997
103000031,909,539,370
103000032,1033,1058,-25
103000033,1367,1266,101
103000034,966,338,628
103000035,184,431,-247
103000036,278,222,56
103000037,406,174,232
103000038,387,344,43
103000039,69,398,-329
103000040,113,839,-726
103000041,949,2202,-1253
103000042,363,549,-186
103000043,144,850,-706
103000044,61,184,-123
103000046,130,99,31
103000047,237,386,-149
103000048,63,68,-5
103000049,57,116,-59
103000050,190,436,-246
103000051,119,245,-126
103000052,379,255,124
103000053,59,222,-163
103000054,764,690,74
103000055,776,810,-34
103000056,362,1810,-1448
103000057,252,145,107
103000058,144,630,-486
103000059,186,632,-446
103000060,481,511,-30
103000061,229,457,-228
103000062,365,449,-84
103000063,342,424,-82
103000064,68,203,-135
103000065,0,228,-228
103000066,22,11,11
103000069,58,239,-181
103000070,231,763,-532
103000071,343,213,130
103000072,51,700,-649
103000073,146,97,49
103000074,183,73,110
103000075,73,640,-567
103000076,65,56,9
103000077,16,249,-233
103000078,692,128,564
103000079,1030,233,797
103000080,536,68,468
103000081,223,292,-69
103000082,168,71,97
103000083,36,214,-178
103000084,101,3,98
103000085,2,44,-42
103000086,381,122,259
103000087,37,197,-160
103000088,189,145,44
103000089,73,155,-82
103000090,570,630,-60
103000091,261,256,5
103000092,117,130,-13
103000093,162,364,-202
103000094,64,47,17
103000095,10,231,-221
103000096,374,49,325
103000097,20,345,-325
103000098,335,47,288
103000099,101,286,-185
103000100,27,568,-541
103000101,184,97,87
103000102,50,434,-384
103000103,196,125,71
103000104,14,110,-96
103000105,20,67,-47
103000106,2,63,-61
103000107,268,37,231
103000108,387,349,38
103000109,154,122,32
103000110,175,220,-45
103000111,294,196,98
103000112,140,127,13
103000113,229,400,-171
103000114,405,119,286
103000115,172,255,-83
103000116,177,276,-99
103000117,65,288,-223
103000118,595,674,-79
103000119,1503,528,975
103000120,8,52,-44
103000121,122,384,-262
103000122,170,154,16
103000125,4,390,-386
103000126,107,0,107
103000127,2,240,-238
103000128,90,0,90
103000129,3,120,-117
103000130,10,10,0
103000131,138,52,86
103000132,84,21,63
103000133,1,117,-116
103000134,296,203,93
103000135,401,87,314
103000136,374,168,206
103000137,325,229,96
103000138,564,250,314
103000139,0,24,-24
103000140,76,14,62
103000141,9,60,-51
103000142,80,24,56
103000143,15,127,-112
103000144,54,45,9
103000145,7,17,-10
103000150,33,31,2
103000152,159,127,32
103000153,91,101,-10
103000156,4,459,-455
103000157,100,0,100
103000159,35,26,9
103000162,35,7,28
103000163,11,9,2
103000164,12,15,-3
103000165,72,318,-246
103000166,45,76,-31
103000167,70,63,7
103000168,41,141,-100
103000169,51,106,-55
103000170,310,335,-25
103000171,14,26,-12
103000172,46,207,-161
103000173,108,538,-430
103000174,94,170,-76
103000175,104,417,-313
103000176,437,92,345
103000177,362,281,81
103000178,238,210,28
103000179,54,17,37
103000183,32,20,12
103000185,21,45,-24
103000186,33,111,-78
103000187,83,539,-456
103000188,6,72,-66
103000189,383,713,-330
103000191,145,301,-156
103000292,2553,333,2220
103000293,999,342,657
103000295,23,22,1
103000296,20,0,20
103000297,5,2,3
103000504,101,6,95
103000505,2,6,-4
103000506,1,143,-142
103000507,38,3,35
103000508,44,6,38
103000509,166,348,-182
103000514,0,2,-2
103900001,1,203,-202
103900002,1154,60,1094
103900003,689,5,684
103900004,1,0,1
103900005,0,148,-148
103900006,0,0,0
103900007,5,0,5
103900008,3,1,2
103900009,54,100,-46
103900010,76,107,-31
103900011,29,161,-132
103900012,0,7,-7
103900013,8,54,-46
103900014,4,19,-15
103900015,6,5,1
103900016,120,231,-111
103900017,7,42,-35
103900018,458,104,354
103900019,19,79,-60
103900020,32,92,-60
103900021,420,6,414
103900022,202,254,-52
103900023,21,2,19
103900024,40,363,-323
103900025,1,27,-26
103900026,2,0,2
103900027,78,146,-68
103900028,2,117,-115
103900029,326,94,232
103900030,38,10,28
103900031,0,1,-1
103900032,16,11,5
103900033,7,2,5
103900034,5,127,-122
103900035,27,28,-1
103900036,35,6,29
103900037,12,14,-2
103900038,6,35,-29
103900039,11,337,-326
103900040,2,100,-98
103900041,3,5,-2
103900042,9,416,-407
103900043,24,56,-32
103900044,102,40,62
103900045,43,93,-50
103900047,23,16,7
103900048,9,8,1
103900049,84,630,-546
103900050,1,51,-50
103900051,0,18,-18
103900052,35,464,-429
103900053,25,625,-600
103900054,10,481,-471
103900055,98,105,-7
103900056,6,38,-32
103900057,1,224,-223
103900058,41,457,-416
103900059,0,2,-2
103900060,14,116,-102
103900061,28,44,-16
103900062,23,20,3
103900063,3,0,3
103900064,12,1,11
103900065,333,144,189
103900066,18,2,16
103900067,13,2,11
103900068,1,0,1
103900069,9,0,9
103900070,39,153,-114
103900071,13,83,-70
103900072,6,179,-173
103900073,18,4,14
103900074,5,55,-50
103900075,34,52,-18
103900076,82,488,-406
103900077,32,13,19
103900078,14,52,-38
103900079,15,172,-157
103900080,3,11,-8
103900081,55,3,52
103900082,0,50,-50
103900083,1578,130,1448
103900084,3,59,-56
103900085,59,54,5
103900086,84,107,-23
103900088,178,63,115
103900089,54,82,-28
103900090,0,100,-100
103900091,360,113,247
103900092,122,394,-272
103900093,46,320,-274
103900094,1,115,-114
103900095,50,79,-29
103900096,4,289,-285
103900097,4,370,-366
103900098,72,17,55
103900099,4,163,-159
103900100,24,238,-214
103900101,42,468,-426
103900102,0,16,-16
103900104,1,13,-12
103900105,49,110,-61
103900106,0,21,-21
103900107,10,117,-107
103900108,25,306,-281
103900109,2,41,-39
103900110,38,15,23
103900111,9,492,-483
103900112,7,21,-14
103900113,47,84,-37
103900114,365,161,204
103900115,109,29,80
103900116,3092,478,2614
103900117,182,52,130
103900119,7,19,-12
103900120,14,60,-46
103900122,5,233,-228
103900123,860,263,597
103900124,16,464,-448
103900125,17,50,-33
103900126,79,303,-224
103900127,36,539,-503
103900128,5,128,-123
103900131,2,99,-97
103900133,258,4,254
103900134,0,0,0
103900135,0,4,-4
103900137,0,44,-44
103900138,19,255,-236
103900139,416,441,-25
103900140,2,20,-18
103900141,73,60,13
103900142,32,102,-70
103900143,6,0,6
103900144,0,41,-41
103900145,50,205,-155
103900146,81,237,-156
103900147,98,45,53
103900148,60,132,-72
103900149,33,495,-462
103900150,4039,672,3367
103900151,3,74,-71
103900152,68,562,-494
103900153,5,0,5
103900154,383,336,47
103900155,2,90,-88
103900156,5,98,-93
103900157,7,130,-123
103900158,3,90,-87
103900159,11,37,-26
103900160,9,7,2
103900161,9,94,-85
103900162,29,178,-149
103900163,2,202,-200
103900167,2,26,-24
103900168,8,78,-70
103900169,5,15,-10
103900170,1,69,-68
103900171,0,42,-42
103900172,3,17,-14
103900173,0,3,-3
103900174,16,24,-8
103900175,15,17,-2
103900176,6,8,-2
103900177,2,13,-11
103900178,6,24,-18
103900179,10,97,-87
103900180,1,71,-70
103900181,22,10,12
103900182,5,6,-1
103900184,284,9,275
103900185,82,26,56
103900187,25,6,19
103900188,6,0,6
103900189,25,6,19
103900190,5,28,-23
103900191,3,9,-6
103900192,12,31,-19
103900193,48,42,6
103900194,6,152,-146
103900195,1,11,-10
103900196,4,6,-2
103900197,3,16,-13
103900198,8,24,-16
103900199,41,57,-16
103900200,46,125,-79
103900201,27,126,-99
103900202,4,36,-32
103900203,4,5,-1
103900204,0,66,-66
103900207,0,89,-89
103900208,8,1,7
103900209,3,57,-54
103900210,1,24,-23
103900211,49,352,-303
103900212,13,326,-313
103900213,50,163,-113
103900214,139,54,85
103900215,565,152,413
103900216,7,240,-233
103900217,108,5,103
103900218,14,92,-78
103900219,27,199,-172
103900233,8,0,8
103900235,11,10,1
103900236,10,0,10
103900242,3,5,-2
103900243,2,3,-1
103900244,16,225,-209
103900245,25,115,-90
103900246,23,13,10
103900247,16,56,-40
103900248,2,8,-6
103900249,6,9,-3
103900250,14,6,8
103900251,3,33,-30
103900253,5,13,-8
103900254,1,11,-10
103900255,3,7,-4
103900256,15,11,4
103900257,74,31,43
103900258,9,0,9
103900259,16,1,15
103900261,1,1,0
103900262,10,1,9
103900263,15,21,-6
103900264,30,3,27
103900265,13,0,13
103900266,3,17,-14
103900267,0,45,-45
103900268,1,114,-113
103900269,55,25,30
103900270,0,65,-65
103900271,13,130,-117
103900272,1,21,-20
103900273,2,4,-2
103900274,0,1,-1
103900275,2,0,2
103900276,0,7,-7
103900277,1,13,-12
103900278,7,3,4
103900279,0,4,-4
103900280,1,26,-25
103900281,17,11,6
103900282,0,5,-5
103900283,3,2,1
103900284,0,0,0
103900285,37,3,34
103900286,41,12,29
103900287,3,5,-2
103900288,69,5,64
103900289,18,0,18
103900290,155,3,152
103900291,26,2,24
103900292,2,8,-6
103900293,11,10,1
103900294,17,18,-1
104000001,994,1458,-464
104000002,777,1456,-679
104000003,1242,1337,-95
104000004,1863,1459,404
104000005,478,1068,-590
104000006,1246,1808,-562
104000007,1852,1797,55
104000008,198,472,-274
104000009,45,100,-55
104000010,54,134,-80
104000011,418,358,60
104000012,60,376,-316
104000013,24,66,-42
104000014,154,523,-369
104000015,65,71,-6
104000016,174,265,-91
104000018,197,73,124
104000019,144,75,69
104000020,87,758,-671
104000021,124,571,-447
104000022,33,188,-155
104000023,185,201,-16
104000024,86,189,-103
104000026,32,110,-78
104000027,123,374,-251
104000028,132,148,-16
104000029,262,522,-260
104000030,44,196,-152
104000031,206,131,75
104000032,79,260,-181
104000033,122,219,-97
104000034,150,306,-156
104000035,181,242,-61
104000036,237,366,-129
104000037,132,206,-74
104000038,97,257,-160
104000039,58,340,-282
104000040,266,290,-24
104000041,285,190,95
104000042,142,373,-231
104000043,121,266,-145
104000044,111,679,-568
104000045,408,921,-513
104000046,891,1026,-135
104000047,238,926,-688
104000048,696,1412,-716
104000049,193,171,22
104000050,69,321,-252
104000051,44,521,-477
104000052,500,960,-460
104000053,442,482,-40
104000054,140,266,-126
104000055,2366,1684,682
104000056,1055,149,906
104000057,81,558,-477
104000058,336,462,-126
104000059,212,792,-580
104000060,169,638,-469
104000061,681,851,-170
104000062,118,186,-68
104000064,466,169,297
104000065,58,176,-118
104000069,755,321,434
104000070,32,136,-104
104000071,140,352,-212
104000072,414,267,147
104000075,20,136,-116
104000076,199,15,184
104000082,957,1087,-130
104000083,344,93,251
104000084,58,274,-216
104000085,146,117,29
104000086,58,320,-262
104000087,199,333,-134
104000090,218,1007,-789
104000092,246,1840,-1594
104000094,342,1431,-1089
104000095,719,851,-132
104000096,367,316,51
104000097,477,674,-197
104000098,485,965,-480
104000100,438,412,26
104000101,619,1727,-1108
104000106,139,371,-232
104000107,257,450,-193
104000108,200,375,-175
104000109,119,17,102
104000110,440,549,-109
104000111,2890,602,2288
104000112,951,312,639
104000116,1,1022,-1021
104000117,33,683,-650
104000118,86,146,-60
104000119,168,160,8
104000120,61,746,-685
104000121,95,431,-336
104000122,240,372,-132
104000123,521,988,-467
104000124,783,1655,-872
104000125,3025,1184,1841
104000126,79,279,-200
104000127,1180,3299,-2119
104000128,587,318,269
104000129,168,41,127
104000130,4,112,-108
104000131,841,577,264
104000132,568,916,-348
104000133,668,491,177
104000134,373,666,-293
104000135,205,381,-176
104000136,315,546,-231
104000137,1023,98,925
104000138,874,242,632
104000139,5495,1798,3697
104000141,841,1539,-698
104000142,398,960,-562
104000143,201,684,-483
104000144,42,96,-54
104000145,155,74,81
104000146,342,349,-7
104000147,53,228,-175
104000148,52,64,-12
104000149,111,321,-210
104000150,212,232,-20
104000151,159,567,-408
104000152,159,685,-526
104000153,78,232,-154
104000154,728,457,271
104000155,62,202,-140
104000157,747,1348,-601
104000158,98,117,-19
104000159,177,185,-8
104000160,871,656,215
104000161,137,70,67
104000162,28,65,-37
104000165,826,569,257
104000167,139,221,-82
104000168,194,4,190
104000169,10,33,-23
104000170,511,72,439
104000248,57,504,-447
104000251,25,299,-274
104000272,0,0,0
104000273,0,0,0
104000274,0,0,0
104000275,0,0,0
104000279,1667,391,1276
104000290,16,209,-193
104000291,506,606,-100
104000293,370,424,-54
104000294,1,0,1
104000295,202,464,-262
104000296,124,506,-382
104000297,499,894,-395
104000298,1134,623,511
104000299,306,790,-484
104000302,128,112,16
104000303,127,129,-2
104900001,28,209,-181
104900002,14,42,-28
104900003,15,245,-230
104900004,12,204,-192
104900005,63,106,-43
104900006,38,36,2
104900007,66,142,-76
104900009,28,334,-306
104900010,7,4,3
104900011,0,1,-1
104900012,60,2,58
104900013,16,2,14
104900014,2772,122,2650
104900015,26,2,24
104900016,21,249,-228
104900017,18,149,-131
104900018,1,136,-135
104900019,114,404,-290
104900020,15,145,-130
104900021,0,192,-192
104900022,3,125,-122
104900023,0,96,-96
104900024,13,103,-90
104900025,23,265,-242
104900026,1,63,-62
104900027,57,117,-60
104900028,16,81,-65
104900029,15,34,-19
104900030,89,109,-20
104900031,95,154,-59
104900032,55,94,-39
104900033,19,67,-48
104900034,37,16,21
104900035,48,28,20
104900036,32,13,19
104900037,41,190,-149
104900038,238,82,156
104900039,371,22,349
104900040,31,22,9
104900041,52,46,6
104900042,64,282,-218
104900043,6,9,-3
104900044,98,74,24
104900045,77,3,74
104900046,18,58,-40
104900047,43,61,-18
104900048,23,29,-6
104900049,7,3,4
104900050,32,32,0
104900051,15,16,-1
104900052,4,0,4
104900053,72,10,62
104900054,28,2,26
104900055,3,1,2
104900056,47,4,43
104900057,6,0,6
104900058,87,60,27
104900059,0,8,-8
104900061,123,304,-181
104900063,2,87,-85
104900064,1,87,-86
104900065,1,44,-43
104900066,1,113,-112
104900067,0,132,-132
104900068,1,149,-148
104900070,28,164,-136
104900071,1,498,-497
104900072,11,119,-108
104900073,4,186,-182
104900074,7,107,-100
104900075,6,47,-41
104900076,22,277,-255
104900077,663,23,640
104900078,34,614,-580
104900079,97,30,67
104900080,14,435,-421
104900082,1,200,-199
104900085,1,179,-178
104900089,13,0,13
104900091,181,607,-426
104900093,84,294,-210
104900097,1816,454,1362
104900098,15,24,-9
104900099,14,140,-126
104900100,556,57,499
104900102,7,137,-130
104900103,207,37,170
104900106,16,115,-99
104900107,15,205,-190
104900108,8,178,-170
104900109,16,19,-3
104900110,1,28,-27
104900111,59,49,10
104900112,57,583,-526
104900113,207,265,-58
104900114,81,458,-377
104900115,111,377,-266
104900116,16,155,-139
104900118,10,71,-61
104900119,0,17,-17
104900120,93,5,88
104900121,0,64,-64
104900122,0,37,-37
104900123,8,0,8
104900124,0,0,0
104900125,109,55,54
104900126,35,38,-3
104900127,10,6,4
104900128,12,38,-26
104900129,1217,352,865
105000001,1106,1278,-172
105000002,961,1224,-263
105000003,1306,2379,-1073
105000004,200,699,-499
105000005,303,626,-323
105000006,438,713,-275
105000007,346,696,-350
105000008,257,853,-596
105000009,444,1198,-754
105000010,1824,1757,67
105000011,786,943,-157
105000012,2251,2050,201
105000013,278,472,-194
105000014,475,855,-380
105000015,2906,1990,916
105000016,1536,852,684
105000017,813,681,132
105000018,623,431,192
105000019,611,467,144
105000020,67,138,-71
105000021,142,86,56
105000022,42,17,25
105000023,150,87,63
105000028,18,86,-68
105000029,180,382,-202
105000030,2627,2347,280
105000031,1,24,-23
105000033,635,1525,-890
105000034,69,261,-192
105000037,274,401,-127
105000038,669,392,277
105000039,2162,1107,1055
105000040,199,305,-106
105000041,207,773,-566
105000042,774,421,353
105000043,986,1315,-329
105000044,108,144,-36
105000045,117,645,-528
105000046,193,186,7
105000047,158,913,-755
105000048,175,159,16
105000049,147,673,-526
105000050,185,189,-4
105000051,95,410,-315
105000052,158,666,-508
105000053,94,118,-24
105000054,75,626,-551
105000055,163,270,-107
105000056,282,1644,-1362
105000057,503,726,-223
105000058,825,1032,-207
105000059,241,226,15
105000060,293,407,-114
105000061,146,183,-37
105000062,480,781,-301
105000063,187,596,-409
105000064,260,321,-61
105000065,180,810,-630
105000066,420,1458,-1038
105000067,237,301,-64
105000068,265,619,-354
105000069,1585,260,1325
105000070,508,516,-8
105000071,80,230,-150
105000072,440,435,5
105000073,309,194,115
105000074,413,723,-310
105000075,232,470,-238
105000076,686,755,-69
105000077,930,470,460
105000078,605,617,-12
105000079,915,1121,-206
105000080,597,372,225
105000081,482,490,-8
105000082,275,196,79
105000083,302,267,35
105000084,254,729,-475
105000085,515,468,47
105000086,304,660,-356
105000087,1488,1306,182
105000088,573,632,-59
105000089,1565,1534,31
105000090,474,567,-93
105000091,1021,1014,7
105000092,302,875,-573
105000093,133,106,27
105000094,125,77,48
105000095,35,185,-150
105000096,534,349,185
105000097,513,553,-40
105000098,284,270,14
105000099,334,654,-320
105000100,357,743,-386
105000101,774,1277,-503
105000102,559,989,-430
105000103,644,1300,-656
105000104,473,708,-235
105000105,371,1124,-753
105000106,390,839,-449
105000107,305,527,-222
105000108,383,1104,-721
105000109,389,836,-447
105000110,181,514,-333
105000111,226,332,-106
105000112,267,469,-202
105000113,112,254,-142
105000114,2362,439,1923
105000115,174,374,-200
105000116,172,204,-32
105000117,517,1053,-536
105000118,83,186,-103
105000119,175,842,-667
105000120,246,310,-64
105000121,324,746,-422
105000122,89,222,-133
105000123,559,915,-356
105000124,473,616,-143
105000125,260,1102,-842
105000126,688,1254,-566
105000127,747,1009,-262
105000128,90,855,-765
105000129,266,293,-27
105000130,43,379,-336
105000131,211,202,9
105000132,172,160,12
105000133,109,636,-527
105000134,163,307,-144
105000135,167,497,-330
105000136,55,232,-177
105000137,127,108,19
105000138,172,235,-63
105000139,447,816,-369
105000140,119,168,-49
105000141,68,433,-365
105000142,18,264,-246
105000143,82,346,-264
105000144,135,402,-267
105000145,122,291,-169
105000146,233,448,-215
105000147,128,197,-69
105000148,353,396,-43
105000149,573,619,-46
105000150,1000,893,107
105000151,76,153,-77
105000152,57,384,-327
105000153,206,229,-23
105000154,338,697,-359
105000155,138,196,-58
105000156,317,697,-380
105000157,542,1285,-743
105000158,863,400,463
105000159,200,863,-663
105000160,625,345,280
105000161,323,1505,-1182
105000162,155,566,-411
105000163,704,909,-205
105000164,120,194,-74
105000165,1048,1513,-465
105000166,5657,135,5522
105000167,1645,633,1012
105000168,64,640,-576
105000169,130,301,-171
105000170,12,702,-690
105000171,534,223,311
105000172,19,23,-4
105000173,10,10,0
105000174,9,7,2
105000175,54,135,-81
105000176,32,35,-3
105000177,16,59,-43
105000178,38,412,-374
105000179,49,59,-10
105000180,13,91,-78
105000181,17,257,-240
105000182,22,75,-53
105000183,1794,640,1154
105000184,998,391,607
105000185,528,219,309
105000186,230,680,-450
105000187,419,149,270
105000188,76,58,18
105000189,46,425,-379
105000190,54,169,-115
105000191,139,334,-195
105000192,34,66,-32
105000193,29,74,-45
105000194,59,48,11
105000195,69,731,-662
105000196,30,36,-6
105000197,80,479,-399
105000198,266,129,137
105000199,71,59,12
105000200,33,95,-62
105000201,28,14,14
105000203,6,232,-226
105000204,68,76,-8
105000205,41,174,-133
105000207,296,110,186
105000208,107,114,-7
105000209,103,263,-160
105000211,25,13,12
105000212,373,929,-556
105000213,118,64,54
105000214,34,105,-71
105000215,34,179,-145
105000216,42,224,-182
105000217,37,276,-239
105000218,195,516,-321
105000221,89,177,-88
105000222,20,17,3
105000223,58,141,-83
105000226,6,225,-219
105000227,20,113,-93
105000228,70,290,-220
105000229,45,149,-104
105000231,38,91,-53
105000233,347,315,32
105000234,316,756,-440
105000235,69,275,-206
105000237,208,28,180
105000243,8,14,-6
105000248,33,29,4
105000262,64,1165,-1101
105000269,34,106,-72
105000270,116,64,52
105000271,0,164,-164
105000282,35,13,22
105000287,161,84,77
105000288,129,273,-144
105000289,308,408,-100
105000290,6,1,5
105000402,2796,571,2225
105000426,158,318,-160
105000438,259,304,-45
105000440,2,23,-21
105000446,6496,2355,4141
105000447,3283,1412,1871
105000454,55,674,-619
105000455,200,139,61
105000474,7,0,7
105000477,53,200,-147
105000478,444,834,-390
105000479,23,62,-39
105000480,516,911,-395
105000481,972,862,110
105000482,2403,1716,687
105000483,479,532,-53
105000484,1181,1580,-399
105000485,408,701,-293
105000486,1566,1365,201
105000488,1168,1306,-138
105000489,248,419,-171
105000549,8,51,-43
105000550,273,538,-265
105000551,11,48,-37
105000552,2429,1309,1120
105000555,614,350,264
105000556,13,7,6
105000557,12,219,-207
105900001,1,382,-381
105900002,1135,122,1013
105900003,14,43,-29
105900004,149,43,106
105900005,4,157,-153
105900006,0,16,-16
105900007,7,1,6
105900008,14,587,-573
105900009,3,11,-8
105900011,35,13,22
105900012,54,91,-37
105900013,0,3,-3
105900014,0,30,-30
105900015,28,180,-152
105900016,17,395,-378
105900017,216,29,187
105900018,69,146,-77
105900019,5,264,-259
105900020,8,41,-33
105900021,1,133,-132
105900022,38,170,-132
105900023,1,71,-70
105900024,0,42,-42
105900025,18,16,2
105900026,96,3,93
105900027,1585,772,813
105900028,11,95,-84
105900029,1099,128,971
105900030,42,172,-130
105900031,186,102,84
105900032,30,56,-26
105900033,11,81,-70
105900034,67,106,-39
105900035,65,98,-33
105900036,11,59,-48
105900037,29,49,-20
105900038,35,206,-171
105900039,20,133,-113
105900040,22,34,-12
105900041,91,205,-114
105900042,16,64,-48
105900043,951,15,936
105900044,0,51,-51
105900045,1,255,-254
105900046,0,107,-107
105900047,0,30,-30
105900048,31,214,-183
105900050,404,174,230
105900051,4,551,-547
105900052,78,8,70
105900053,2295,496,1799
105900054,116,124,-8
105900056,312,23,289
105900057,4,86,-82
105900058,6,21,-15
105900059,0,12,-12
106000001,996,406,590
106000002,1186,1811,-625
106000003,1598,1130,468
106000004,1432,1123,309
106000005,934,2085,-1151
106000006,2777,2404,373
106000007,266,288,-22
106000008,249,257,-8
106000009,217,156,61
106000010,221,288,-67
106000011,207,530,-323
106000012,301,1098,-797
106000013,565,985,-420
106000014,886,1054,-168
106000015,494,495,-1
106000016,512,1499,-987
106000017,311,385,-74
106000018,284,451,-167
106000019,119,293,-174
106000020,119,360,-241
106000021,102,283,-181
106000022,129,268,-139
106000023,143,247,-104
106000024,239,639,-400
106000025,50,108,-58
106000026,84,415,-331
106000027,316,464,-148
106000028,238,645,-407
106000029,513,1174,-661
106000030,395,97,298
106000034,84,324,-240
106000035,293,438,-145
106000036,222,124,98
106000037,616,926,-310
106000038,114,32,82
106000039,58,18,40
106000040,79,321,-242
106000041,460,130,330
106000043,223,25,198
106000046,103,31,72
106000047,6,148,-142
106000049,174,47,127
106000050,122,556,-434
106000051,173,193,-20
106000052,36,443,-407
106000053,86,39,47
106000054,177,338,-161
106000055,166,338,-172
106000056,142,447,-305
106000057,75,92,-17
106000058,50,110,-60
106000059,82,147,-65
106000060,259,457,-198
106000061,97,144,-47
106000062,124,428,-304
106000063,225,243,-18
106000064,14,284,-270
106000065,89,42,47
106000066,37,213,-176
106000067,61,48,13
106000068,23,411,-388
106000069,52,80,-28
106000070,97,453,-356
106000071,209,133,76
106000072,2848,673,2175
106000073,805,882,-77
106000074,141,385,-244
106000075,119,499,-380
106000076,445,689,-244
106000077,1226,571,655
106000078,218,543,-325
106000079,170,531,-361
106000080,355,549,-194
106000081,181,460,-279
106000082,1085,508,577
106000083,130,409,-279
106000084,241,267,-26
106000085,573,430,143
106000086,250,305,-55
106000087,214,295,-81
106000088,137,426,-289
106000089,226,258,-32
106000090,101,371,-270
106000091,136,361,-225
106000092,192,131,61
106000093,62,50,12
106000094,24,290,-266
106000095,141,886,-745
106000096,182,474,-292
106000097,239,1046,-807
106000098,143,611,-468
106000099,68,637,-569
106000100,194,168,26
106000101,347,307,40
106000102,44,361,-317
106000103,90,458,-368
106000104,189,222,-33
106000105,193,665,-472
106000106,135,244,-109
106000107,65,432,-367
106000108,93,196,-103
106000109,58,391,-333
106000110,56,109,-53
106000111,32,423,-391
106000112,30,180,-150
106000113,707,442,265
106000114,282,161,121
106000115,96,446,-350
106000116,96,135,-39
106000117,514,628,-114
106000118,443,577,-134
106000119,1682,556,1126
106000120,249,339,-90
106000121,35,126,-91
106000122,15,203,-188
106000123,84,231,-147
106000124,14,261,-247
106000125,11,302,-291
106000126,54,169,-115
106000127,97,711,-614
106000128,183,226,-43
106000129,221,552,-331
106000130,222,466,-244
106000131,54,387,-333
106000132,547,80,467
106000133,3037,515,2522
106000134,315,247,68
106000135,124,762,-638
106000136,253,119,134
106000137,32,1294,-1262
106000138,203,37,166
106000139,16,47,-31
106000140,9,74,-65
106000141,21,98,-77
106000142,4,34,-30
106000143,5,148,-143
106000144,22,15,7
106000145,42,276,-234
106000146,50,59,-9
106000147,236,770,-534
106000148,333,650,-317
106000149,196,520,-324
106000150,230,828,-598
106000151,3169,415,2754
106000152,692,427,265
106000153,42,550,-508
106000154,955,150,805
106000155,36,72,-36
106000156,201,124,77
106000157,190,1012,-822
106000158,2002,333,1669
106000159,3254,556,2698
106000160,66,663,-597
106000161,571,373,198
106000162,67,239,-172
106000163,91,397,-306
106000164,81,121,-40
106000165,58,467,-409
106000166,160,135,25
106000167,102,1045,-943
106000168,70,129,-59
106000169,69,587,-518
106000170,100,102,-2
106000171,29,572,-543
106000172,919,408,511
106000173,346,1476,-1130
106000174,261,125,136
106000175,107,662,-555
106000176,307,343,-36
106000177,249,1315,-1066
106000178,854,691,163
106000179,310,984,-674
106000180,420,1103,-683
106000181,130,1299,-1169
106000182,212,403,-191
106000183,213,684,-471
106000184,450,643,-193
106000185,320,431,-111
106000186,304,96,208
106000187,73,351,-278
106000188,0,0,0
106000189,1,23,-22
106000190,2,0,2
106000191,263,105,158
106000192,1,5,-4
106000193,161,73,88
106000194,57,241,-184
106000195,58,30,28
106000196,43,187,-144
106000197,68,197,-129
106000198,51,182,-131
106000199,476,349,127
106000200,254,100,154
106000201,204,397,-193
106000202,4073,271,3802
106000203,114,108,6
106000204,11,2,9
106000205,7,76,-69
106000206,23,21,2
106000207,25,637,-612
106000208,183,27,156
106000209,239,130,109
106000210,75,866,-791
106000211,148,1159,-1011
106000212,152,87,65
106000213,196,575,-379
106000214,971,176,795
106000215,80,335,-255
106000216,142,149,-7
106000217,81,296,-215
106000218,162,140,22
106000219,26,207,-181
106000220,120,118,2
106000221,35,184,-149
106000222,17,128,-111
106000223,27,90,-63
106000224,44,248,-204
106000225,10,56,-46
106000226,73,211,-138
106000228,9,69,-60
106000229,32,615,-583
106000231,113,53,60
106000232,21,262,-241
106000233,127,69,58
106000234,58,138,-80
106000235,53,38,15
106000236,42,20,22
106000237,1,13,-12
106000238,2,4,-2
106000239,2,63,-61
106000240,20,0,20
106000241,7,442,-435
106000242,63,4,59
106000249,15,26,-11
106000250,16,233,-217
106000251,10,18,-8
106000252,6,86,-80
106000253,2,30,-28
106000254,16,53,-37
106000255,9,45,-36
106000256,27,73,-46
106000257,35,202,-167
106000258,24,9,15
106000259,2,18,-16
106000260,12,8,4
106000261,0,18,-18
106000262,2,7,-5
106000263,3,74,-71
106000264,63,2,61
106000265,3,118,-115
106000266,29,7,22
106000267,2,64,-62
106000268,159,10,149
106000269,44,30,14
106000270,51,204,-153
106000271,21,85,-64
106000272,53,39,14
106000273,1,67,-66
106000274,113,28,85
106000275,29,83,-54
106000276,21,26,-5
106000277,68,82,-14
106000278,98,23,75
106000279,5,44,-39
106000280,15,128,-113
106000281,19,56,-37
106000282,22,40,-18
106000283,16,68,-52
106000284,9,71,-62
106000285,35,95,-60
106000286,36,76,-40
106000287,27,106,-79
106000288,49,102,-53
106000289,14,62,-48
106000290,29,80,-51
106000291,21,62,-41
106000292,22,82,-60
106000293,24,38,-14
106000294,46,77,-31
106000295,15,14,1
106000296,14,66,-52
106000297,37,106,-69
106000298,108,20,88
106000299,24,51,-27
106000300,7,52,-45
106000301,52,36,16
106000303,3,14,-11
106000304,7,23,-16
106000305,5,5,0
106000306,36,44,-8
106000307,12,1,11
106000308,28,74,-46
106000309,1,48,-47
106000310,102,355,-253
106000311,103,44,59
106000312,15,85,-70
106000313,36,103,-67
106000318,80,61,19
106000319,183,13,170
106000320,0,21,-21
106000321,184,23,161
106000322,41,147,-106
106000324,3,106,-103
106000325,422,488,-66
106000326,372,1122,-750
106000327,36,113,-77
106000328,4,57,-53
106000329,31,166,-135
106000330,18,36,-18
106000428,23,113,-90
106000429,52,416,-364
106000430,154,1118,-964
106000431,348,141,207
106000432,634,1703,-1069
106000433,445,367,78
106000434,974,363,611
106000435,1188,1707,-519
106000436,20,250,-230
106000437,69,14,55
106000438,150,36,114
106000439,59,293,-234
106000440,103,378,-275
106000441,0,1,-1
106000442,57,2,55
106000443,20,498,-478
106000450,2,125,-123
106000451,14,6,8
106000454,6,40,-34
106000455,5,105,-100
106000456,62,14,48
106000457,1,769,-768
106000458,70,108,-38
106000459,17,295,-278
106000460,136,16,120
106000461,15,1335,-1320
106000462,0,17,-17
106000463,11,21,-10
106000464,5,423,-418
106000465,72,1,71
106000466,0,471,-471
106000467,349,331,18
106000468,19,123,-104
106000469,167,1,166
106000470,109,585,-476
106000471,12,335,-323
106000472,24,1,23
106000473,15,19,-4
106000474,222,731,-509
106000475,138,135,3
106000476,167,99,68
106000477,22,168,-146
106000480,1,41,-40
106900001,0,4,-4
106900002,2,439,-437
106900003,12,184,-172
106900004,0,33,-33
106900006,0,11,-11
106900007,0,9,-9
106900008,30,159,-129
106900009,88,314,-226
106900010,33,236,-203
106900012,1123,216,907
106900013,22,0,22
106900014,4,0,4
106900015,1,0,1
106900016,26,1,25
106900017,0,1,-1
106900018,1,0,1
106900019,7,0,7
106900020,1601,156,1445
106900021,10,51,-41
106900022,33,2,31
106900023,3,185,-182
106900024,28,1,27
106900025,19,274,-255
106900026,1,657,-656
106900027,111,3,108
106900028,1,67,-66
106900029,44,4,40
106900030,6,31,-25
107000001,865,726,139
107000002,1480,2045,-565
107000003,1657,2497,-840
107000004,3207,3917,-710
107000005,619,1529,-910
107000006,1883,4681,-2798
107000007,2114,1848,266
107000008,12039,7723,4316
107000009,2009,2156,-147
107000010,6058,7648,-1590
107000011,568,817,-249
107000012,2276,2273,3
107000013,40,174,-134
107000014,8,233,-225
107000015,187,675,-488
107000016,111,931,-820
107000017,963,493,470
107000018,3,173,-170
107000020,561,147,414
107000021,317,657,-340
107000022,315,958,-643
107000023,549,303,246
107000024,177,1470,-1293
107000025,77,256,-179
107000026,56,599,-543
107000027,513,486,27
107000028,551,1048,-497
107000029,543,683,-140
107000030,2017,2179,-162
107000031,905,757,148
107000032,149,484,-335
107000033,2423,2248,175
107000034,3477,1145,2332
107000035,188,94,94
107000036,262,515,-253
107000037,20,381,-361
107000038,165,170,-5
107000039,229,278,-49
107000040,77,176,-99
107000041,509,273,236
107000042,278,783,-505
107000043,1559,383,1176
107000044,262,214,48
107000045,84,215,-131
107000046,166,140,26
107000047,126,553,-427
107000048,137,170,-33
107000049,171,351,-180
107000050,202,287,-85
107000051,249,159,90
107000052,519,302,217
107000053,90,59,31
107000054,23,137,-114
107000055,160,99,61
107000056,283,417,-134
107000057,1466,162,1304
107000058,578,885,-307
107000059,705,1734,-1029
107000060,1180,2159,-979
107000061,2743,2667,76
107000062,835,1287,-452
107000063,1816,3841,-2025
107000064,987,1023,-36
107000065,1630,4014,-2384
107000066,537,899,-362
107000067,301,361,-60
107000068,665,254,411
107000069,193,188,5
107000070,122,0,122
107000071,389,10,379
107000072,21,2321,-2300
107000073,90,57,33
107000074,58,521,-463
107000075,293,74,219
107000076,315,1253,-938
107000077,648,141,507
107000078,606,2058,-1452
107000079,539,169,370
107000080,487,2209,-1722
107000081,351,217,134
107000082,196,2149,-1953
107000083,303,113,190
107000084,250,1814,-1564
107000085,1193,1687,-494
107000086,1834,1561,273
107000087,1079,1086,-7
107000088,1365,1975,-610
107000089,695,871,-176
107000090,520,648,-128
107000091,372,655,-283
107000092,321,807,-486
107000093,366,531,-165
107000094,477,862,-385
107000095,160,343,-183
107000096,353,745,-392
107000097,246,237,9
107000098,240,630,-390
107000099,141,144,-3
107000100,101,245,-144
107000101,20,98,-78
107000102,269,270,-1
107000103,112,111,1
107000104,126,241,-115
107000105,102,100,2
107000106,83,211,-128
107000107,175,108,67
107000108,83,669,-586
107000109,132,70,62
107000110,33,377,-344
107000111,60,12,48
107000112,11,536,-525
107000113,89,39,50
107000114,33,823,-790
107000115,83,42,41
107000116,30,750,-720
107000117,33,100,-67
107000118,62,204,-142
107000119,967,410,557
107000120,2358,176,2182
107000121,114,386,-272
107000122,425,342,83
107000123,51,557,-506
107000124,171,513,-342
107000125,135,596,-461
107000126,238,677,-439
107000129,67,938,-871
107000130,132,159,-27
107000131,102,767,-665
107000132,169,178,-9
107000133,115,58,57
107000134,34,2,32
107000135,0,137,-137
107000136,107,1,106
107000137,0,224,-224
107000138,81,2,79
107000139,1,158,-157
107000140,202,9,193
107000141,65,573,-508
107000142,134,12,122
107000143,13,545,-532
107000144,189,65,124
107000145,62,368,-306
107000146,71,56,15
107000147,2888,613,2275
107000150,479,608,-129
107000151,30,23,7
107000152,297,227,70
107000153,246,138,108
107000154,48,24,24
107000155,191,9,182
107000156,326,12,314
107000157,9,1929,-1920
107000158,133,22,111
107000159,11,961,-950
107000160,133,41,92
107000161,14,1439,-1425
107000162,41,86,-45
107000163,3,0,3
107000164,71,0,71
107000165,131,0,131
107000166,30,1030,-1000
107000167,152,128,24
107000168,237,121,116
107000169,505,799,-294
107000170,305,170,135
107000171,223,2144,-1921
107000172,290,314,-24
107000173,450,778,-328
107000174,435,702,-267
107000175,7720,1035,6685
107000176,0,0,0
107000177,0,0,0
107000178,2,14,-12
107000179,88,2421,-2333
107000180,215,185,30
107000181,98,1068,-970
107000182,318,438,-120
107000183,68,740,-672
107000184,199,407,-208
107000185,113,741,-628
107000186,87,153,-66
107000187,446,645,-199
107000188,237,202,35
107000189,104,467,-363
107000190,165,429,-264
107000191,255,793,-538
107000192,491,692,-201
107000193,151,173,-22
107000194,439,464,-25
107000197,162,98,64
107000198,62,524,-462
107000199,286,402,-116
107000200,579,247,332
107000201,180,161,19
107000202,132,268,-136
107000203,361,265,96
107000204,441,402,39
107000205,1460,527,933
107000206,301,273,28
107000207,311,345,-34
107000208,593,100,493
107000209,881,144,737
107000210,822,67,755
107000211,2,11,-9
107000212,3,70,-67
107000213,12,6,6
107000214,1,40,-39
107000215,109,375,-266
107000216,30,371,-341
107000217,45,78,-33
107000219,26,49,-23
107000220,24,207,-183
107000222,81,345,-264
107000224,80,13,67
107000225,59,435,-376
107000226,91,37,54
107000227,44,310,-266
107000228,37,86,-49
107000229,147,41,106
107000230,598,429,169
107000231,389,140,249
107000232,30,35,-5
107000233,158,118,40
107000234,0,9,-9
107000235,15,0,15
107000236,5,157,-152
107000237,0,0,0
107000238,6,1,5
107000239,3976,197,3779
107000240,28,845,-817
107000243,0,22,-22
107000244,8,62,-54
107000246,7,874,-867
107000249,2,626,-624
107000251,1,196,-195
107000252,3,1197,-1194
107000255,447,44,403
107000257,0,520,-520
107000258,0,99,-99
107000259,0,184,-184
107000260,91,0,91
107000262,3,717,-714
107000263,25,1,24
107000266,2,1,1
107000267,35,110,-75
107000268,67,130,-63
107000269,71,18,53
107000270,1,1,0
107000271,6,748,-742
107000272,4,224,-220
107000273,0,168,-168
107000274,237,7,230
107000275,87,653,-566
107000280,116,14,102
107000281,15,891,-876
107000282,4,1320,-1316
107000290,0,27,-27
107000291,3,10,-7
107000292,0,4,-4
107000293,15,7,8
107000294,0,30,-30
107000295,22,3,19
107000296,0,3,-3
107000444,88,2,86
107000496,1,21,-20
107000497,596,2409,-1813
107000500,112,222,-110
107000501,36,158,-122
107000502,62,256,-194
107000505,332,452,-120
107000506,0,2,-2
107000508,1,645,-644
107000509,74,169,-95
107000510,14,10,4
107000514,3,139,-136
107000515,11,244,-233
107000516,53,94,-41
107000518,190,127,63
107000519,2655,758,1897
107000520,28,3,25
107000521,158,375,-217
107000522,208,660,-452
107900001,16,172,-156
107900002,11,0,11
107900003,47,8,39
107900004,0,0,0
107900005,111,0,111
107900006,25,0,25
107900007,36,3,33
107900008,24,57,-33
107900009,22,1,21
107900010,6,0,6
107900012,72,4,68
107900013,73,20,53
107900014,1,2,-1
107900015,127,0,127
107900016,138,40,98
107900017,2,0,2
107900018,13,15,-2
107900019,3,73,-70
107900020,21,7,14
107900021,3,101,-98
107900023,1,0,1
107900024,0,16,-16
107900025,97,193,-96
107900026,5,100,-95
107900027,1,34,-33
107900028,5,65,-60
107900030,25,2,23
107900031,8,192,-184
107900032,1,0,1
107900033,4,0,4
107900034,40,2,38
107900035,168,5,163
107900036,9,4,5
107900037,1,27,-26
107900038,72,33,39
107900039,5,47,-42
107900040,30,23,7
107900041,0,0,0
107900043,5,117,-112
107900044,0,0,0
107900045,9,13,-4
107900046,57,13,44
107900047,7,66,-59
107900048,25,0,25
107900049,99,112,-13
107900050,29,238,-209
107900051,12,41,-29
107900052,1,0,1
107900053,11,57,-46
107900055,82,81,1
107900056,24,2,22
107900057,0,0,0
107900058,7,596,-589
107900060,0,22,-22
107900061,14,0,14
107900063,12,71,-59
107900064,69,14,55
107900065,17,4,13
107900066,2,4,-2
107900067,0,0,0
107900068,40,117,-77
107900069,37,191,-154
107900070,15,12,3
107900071,5,668,-663
107900072,13,160,-147
107900073,5,64,-59
107900074,519,64,455
107900076,28,18,10
107900077,15,0,15
107900079,3,3,0
107900080,79,100,-21
107900081,2,29,-27
107900082,6,10,-4
107900083,72,14,58
107900084,17,31,-14
107900086,22,31,-9
107900087,121,11,110
107900088,1,7,-6
107900089,158,309,-151
107900090,158,227,-69
107900091,49,268,-219
107900093,24,21,3
107900095,1387,396,991
107900097,1,8,-7
107900098,4,55,-51
107900100,442,134,308
107900101,624,72,552
107900102,5,0,5
107900103,6,93,-87
107900104,48,0,48
107900105,2,441,-439
107900106,5,1064,-1059
107900107,498,69,429
107900108,127,25,102
107900109,119,1,118
107900110,3,89,-86
107900111,6,893,-887
107900112,40,82,-42
107900113,22,100,-78
107900114,23,199,-176
107900115,0,18,-18
107900116,24,181,-157
107900117,126,260,-134
107900118,24,63,-39
107900119,5,13,-8
107900120,4,0,4
107900121,0,61,-61
107900122,0,24,-24
107900123,0,5,-5
107900124,6,19,-13
107900125,8,113,-105
107900126,1,6,-5
107900127,232,18,214
107900128,31,37,-6
107900129,11,31,-20
107900130,12,16,-4
107900131,56,13,43
107900132,43,289,-246
107900133,1,67,-66
107900134,8,3,5
107900135,1,99,-98
107900136,12,12,0
107900137,28,31,-3
107900138,5,17,-12
107900139,2,19,-17
107900141,5,0,5
107900142,26,766,-740
107900143,22,39,-17
107900144,2,83,-81
107900145,0,52,-52
107900146,15,52,-37
107900147,12,7,5
107900148,65,58,7
107900149,1123,40,1083
107900150,38,503,-465
107900151,0,59,-59
107900152,6,104,-98
107900153,46,83,-37
107900154,5,5,0
107900155,8,23,-15
107900156,0,282,-282
107900157,14,33,-19
107900158,110,5,105
107900159,24,716,-692
107900160,13,62,-49
107900161,0,170,-170
107900162,0,25,-25
107900163,6,15,-9
107900164,0,9,-9
107900165,66,35,31
107900166,0,208,-208
107900167,1,5,-4
107900168,4,41,-37
107900169,0,143,-143
107900171,2,1249,-1247
107900172,0,258,-258
107900173,4,130,-126
107900174,5,4,1
107900175,0,0,0
107900176,2,30,-28
107900177,0,15,-15
107900178,1,168,-167
107900179,2,103,-101
107900180,726,80,646
107900181,122,308,-186
107900182,2,1040,-1038
107900183,5,249,-244
107900184,13,130,-117
107900185,8,4,4
107900186,2,13,-11
107900187,0,92,-92
107900188,353,24,329
107900189,1,74,-73
107900190,66,8,58
107900191,2,124,-122
107900193,21,10,11
107900194,1,1,0
107900195,2790,125,2665
107900196,16,28,-12
107900197,147,38,109
107900199,2,818,-816
107900201,12,108,-96
107900203,22,47,-25
107900204,123,103,20
107900206,107,93,14
107900207,0,589,-589
107900208,5,557,-552
107900209,139,44,95
107900210,26,79,-53
107900213,84,176,-92
107900214,3,146,-143
107900215,105,182,-77
107900216,11,43,-32
107900217,9,15,-6
107900218,6,1022,-1016
107900219,5,138,-133
107900220,31,15,16
107900221,114,137,-23
107900223,28,283,-255
107900224,68,148,-80
107900225,3,505,-502
107900226,24,82,-58
107900227,42,226,-184
107900228,5,41,-36
107900229,0,272,-272
107900230,1,103,-102
107900231,5,117,-112
107900232,20,174,-154
107900233,3,87,-84
107900234,23,120,-97
107900235,21,54,-33
107900236,17,98,-81
107900237,52,254,-202
107900238,4,64,-60
107900239,752,169,583
107900240,5,106,-101
107900241,4,49,-45
107900242,2,324,-322
107900243,3,26,-23
107900244,32,0,32
107900245,62,9,53
107900246,20,5,15
107900248,43,155,-112
107900249,70,0,70
107900250,1,322,-321
107900251,4,642,-638
107900252,82,2,80
107900253,17,0,17
107900254,18,40,-22
107900255,148,24,124
107900256,116,241,-125
107900257,12,5,7
107900258,12,165,-153
107900259,28,234,-206
107900261,1,258,-257
107900262,12,53,-41
107900264,42,0,42
107900265,14,150,-136
107900267,15,3,12
107900268,40,1,39
107900269,0,1,-1
107900270,0,0,0
107900271,1,3,-2
107900272,60,1,59
107900273,5,33,-28
107900274,3,0,3
107900275,1,0,1
107900276,0,26,-26
107900277,0,146,-146
107900278,59,216,-157
107900279,88,44,44
107900280,899,349,550
107900281,2333,411,1922
107900282,29,69,-40
107900283,962,163,799
107900284,33,538,-505
107900285,12,111,-99
107900286,26,27,-1
107900287,35,57,-22
107900290,0,16,-16
107900291,102,2,100
107900292,22,169,-147
107900293,23,376,-353
107900295,10,82,-72
107900297,1,118,-117
107900298,345,559,-214
107900299,2486,399,2087
107900301,114,118,-4
107900302,15,6,9
107900303,13,181,-168
107900304,22,351,-329
107900305,50,3,47
107900306,4,1,3
107900307,9,236,-227
107900308,36,12,24
107900309,4,0,4
107900310,0,0,0
107900311,48,26,22
107900312,0,0,0
107900313,0,33,-33
107900314,0,30,-30
107900315,0,23,-23
107900316,5,0,5
107900317,15,1,14
107900318,0,68,-68
107900319,2,110,-108
107900320,0,92,-92
107900321,9,0,9
107900322,2,121,-119
107900323,1,72,-71
107900324,23,0,23
107900325,16,0,16
107900326,39,350,-311
107900327,0,1,-1
107900328,0,0,0
107900329,0,0,0
107900330,5,340,-335
107900331,36,10,26
107900332,20,14,6
107900333,19,1,18
107900334,2,173,-171
107900335,14,58,-44
107900336,6,10,-4
107900337,854,212,642
107900338,1,74,-73
107900339,0,17,-17
107900340,0,48,-48
107900341,1,2,-1
107900342,21,15,6
107900343,11,2,9
107900344,1,104,-103
107900345,14,6,8
107900346,1,0,1
107900347,3,2,1
107900348,0,2,-2
107900349,4,3,1
107900350,16,142,-126
107900351,0,169,-169
107900352,0,46,-46
107900353,0,6,-6
107900354,9,99,-90
108000001,1120,1090,30
108000002,1584,2528,-944
108000003,1226,774,452
108000004,10721,8754,1967
108000005,1893,1290,603
108000006,2392,3753,-1361
108000007,1516,1486,30
108000008,2378,3658,-1280
108000009,875,1444,-569
108000010,1102,3575,-2473
108000011,4137,3060,1077
108000012,10449,9667,782
108000014,140,156,-16
108000015,132,155,-23
108000016,85,462,-377
108000017,224,152,72
108000018,362,158,204
108000019,281,200,81
108000020,370,177,193
108000021,164,989,-825
108000022,221,914,-693
108000023,354,68,286
108000024,61,488,-427
108000025,51,186,-135
108000026,123,369,-246
108000027,98,529,-431
108000028,60,175,-115
108000029,65,688,-623
108000030,109,125,-16
108000031,47,451,-404
108000032,317,125,192
108000033,215,838,-623
108000034,391,164,227
108000035,438,1722,-1284
108000036,107,1125,-1018
108000037,428,114,314
108000038,564,104,460
108000039,197,1891,-1694
108000040,395,135,260
108000041,390,1836,-1446
108000042,38,184,-146
108000043,115,284,-169
108000044,68,102,-34
108000045,77,615,-538
108000046,388,93,295
108000047,130,774,-644
108000048,46,309,-263
108000049,70,68,2
108000050,106,461,-355
108000051,51,43,8
108000052,161,508,-347
108000053,73,55,18
108000054,201,591,-390
108000055,308,152,156
108000056,650,607,43
108000057,202,268,-66
108000058,804,671,133
108000059,1970,983,987
108000060,55,211,-156
108000061,175,435,-260
108000062,140,153,-13
108000063,121,463,-342
108000064,96,148,-52
108000065,194,369,-175
108000066,724,300,424
108000067,360,167,193
108000068,230,139,91
108000069,91,833,-742
108000070,436,284,152
108000071,229,1317,-1088
108000072,274,386,-112
108000073,438,1179,-741
108000074,107,142,-35
108000075,134,470,-336
108000076,160,170,-10
108000077,312,593,-281
108000078,605,463,142
108000079,587,1212,-625
108000080,314,246,68
108000081,237,2066,-1829
108000082,563,816,-253
108000083,676,371,305
108000084,195,675,-480
108000085,136,118,18
108000086,458,420,38
108000087,54,494,-440
108000088,181,98,83
108000089,74,96,-22
108000091,66,362,-296
108000092,38,33,5
108000093,42,502,-460
108000094,129,64,65
108000095,65,366,-301
108000096,73,100,-27
108000097,53,409,-356
108000098,234,705,-471
108000099,226,162,64
108000100,31,219,-188
108000101,291,295,-4
108000102,493,805,-312
108000106,267,1,266
108000107,1,438,-437
108000108,107,4,103
108000109,4,490,-486
108000110,50,92,-42
108000111,67,464,-397
108000112,11,35,-24
108000113,300,214,86
108000115,334,239,95
108000117,359,121,238
108000118,166,303,-137
108000119,440,364,76
108000120,45,296,-251
108000121,76,387,-311
108000122,82,188,-106
108000123,107,173,-66
108000124,41,353,-312
108000125,46,259,-213
108000126,44,569,-525
108000127,47,311,-264
108000128,107,628,-521
108000129,61,1359,-1298
108000130,54,237,-183
108000131,171,60,111
108000132,561,712,-151
108000133,175,177,-2
108000134,289,722,-433
108000135,172,152,20
108000136,627,912,-285
108000137,75,277,-202
108000138,117,776,-659
108000139,39,258,-219
108000140,8,14,-6
108000141,6,129,-123
108000142,10,98,-88
108000143,12,531,-519
108000144,37,27,10
108000145,17,37,-20
108000146,57,27,30
108000147,18,32,-14
108000148,65,22,43
108000149,4,21,-17
108000150,5,0,5
108000151,57,34,23
108000152,38,421,-383
108000153,23,37,-14
108000154,34,12,22
108000155,18,5,13
108000156,356,293,63
108000157,36,105,-69
108000158,44,140,-96
108000159,471,85,386
108000160,3373,229,3144
108000161,2739,345,2394
108000165,4,43,-39
108000172,2,52,-50
108000173,1628,416,1212
108000175,71,53,18
108000178,301,226,75
108000179,111,293,-182
108000181,50,18,32
108000182,161,40,121
108000183,14,250,-236
108000184,750,480,270
108000185,34,516,-482
108000186,27,368,-341
108000187,13,548,-535
108000188,74,164,-90
108000189,910,817,93
108000190,2,58,-56
108000192,28,399,-371
108000193,256,13,243
108000194,7,3,4
108000195,2,680,-678
108000196,18,40,-22
108000198,198,227,-29
108000199,0,75,-75
108000200,52,413,-361
108000203,16,745,-729
108000204,17,6,11
108000205,317,276,41
108000339,837,101,736
108000364,208,226,-18
108000365,28,261,-233
108000367,46,152,-106
108000368,7,28,-21
108000369,994,29,965
108000371,1,490,-489
108000372,75,1,74
108000373,70,117,-47
108000376,28,6,22
108000377,92,228,-136
108000378,5095,2960,2135
108000379,15,56,-41
108000381,9,3,6
108000382,73,10,63
108000383,1,68,-67
108900001,53,746,-693
108900002,84,14,70
108900003,174,798,-624
108900004,112,49,63
108900007,49,66,-17
108900008,5,82,-77
108900009,9,58,-49
108900010,16,87,-71
108900011,44,206,-162
108900012,36,305,-269
108900013,15,125,-110
108900014,0,45,-45
108900015,1,6,-5
108900016,0,124,-124
108900017,37,62,-25
108900018,20,363,-343
108900019,3,922,-919
108900020,6,240,-234
108900021,33,239,-206
108900022,4,0,4
108900023,1,22,-21
108900024,0,121,-121
108900025,11,55,-44
108900026,1,50,-49
108900027,0,93,-93
108900028,9,364,-355
108900029,13,121,-108
108900030,2,65,-63
108900031,18,463,-445
108900032,1,149,-148
108900033,0,44,-44
108900034,1,185,-184
108900035,66,1387,-1321
108900038,1,327,-326
108900039,1,441,-440
108900040,13,69,-56
108900041,3523,635,2888
108900042,3,160,-157
108900043,12,260,-248
108900044,2,654,-652
108900045,11,418,-407
108900046,17,754,-737
108900047,4,56,-52
108900048,15,698,-683
108900049,3309,234,3075
108900050,1,258,-257
108900051,2,122,-120
108900052,0,203,-203
108900053,26,27,-1
108900054,12,156,-144
108900055,18,359,-341
108900056,0,105,-105
108900057,0,123,-123
108900058,4,324,-320
108900059,65,0,65
108900060,11,24,-13
108900061,5,2,3
108900062,3,313,-310
108900063,9,337,-328
108900064,23,43,-20
108900065,4,290,-286
108900066,36,49,-13
108900067,5,203,-198
108900068,2,199,-197
108900069,4,71,-67
108900070,28,157,-129
108900071,14,26,-12
108900072,1329,88,1241
108900073,10,411,-401
108900074,15,312,-297
108900075,25,64,-39
108900076,35,34,1
108900077,102,449,-347
108900078,5,131,-126
108900079,337,105,232
108900080,7,88,-81
108900081,26,172,-146
108900082,7,111,-104
108900083,3,52,-49
108900085,1353,96,1257
108900086,17,244,-227
108900087,53,122,-69
108900088,199,83,116
108900089,14,13,1
108900090,3,255,-252
108900091,59,68,-9
108900092,98,85,13
108900093,5,9,-4
108900094,56,37,19
108900095,20,508,-488
108900096,315,16,299
108900097,75,107,-32
108900098,2048,75,1973
108900099,93,202,-109
108900100,9,44,-35
108900101,27,27,0
108900102,29,119,-90
108900103,53,21,32
108900105,1,102,-101
108900106,44,428,-384
108900108,50,11,39
108900109,28,13,15
108900110,26,275,-249
108900111,23,488,-465
108900113,7,11,-4
108900114,6,7,-1
108900115,9,9,0
108900116,0,1,-1
108900117,8,24,-16
108900118,38,0,38
108900119,12,20,-8
108900120,59,36,23
108900121,35,5,30
108900122,4,16,-12
108900123,12,10,2
108900124,69,22,47
108900125,23,1,22
108900126,21,7,14
108900127,11,7,4
108900128,6,3,3
108900129,158,30,128
108900130,53,0,53
108900131,43,0,43
108900132,55,14,41
108900133,28,20,8
108900134,33,146,-113
108900135,11,3,8
108900136,1,0,1
108900137,9,0,9
108900138,77,1,76
108900140,19,109,-90
108900141,22,3,19
108900142,15,0,15
108900143,2,0,2
108900144,7,0,7
108900145,19,1,18
108900146,2,0,2
108900147,18,0,18
108900148,19,12,7
108900150,93,0,93
108900151,3,1,2
108900152,5,1,4
108900153,16,273,-257
108900154,872,92,780
108900156,13,7,6
108900157,1,490,-489
108900158,18,28,-10
108900159,0,211,-211
108900160,10,175,-165
108900161,0,274,-274
108900162,7,0,7
108900163,3,41,-38
108900164,9,66,-57
108900168,6526,501,6025
108900169,16,49,-33
108900171,4277,453,3824
108900172,36,5,31
108900173,82,178,-96
108900174,89,188,-99
108900176,29,491,-462
108900177,5905,722,5183
108900178,3302,337,2965
108900180,18,75,-57
108900183,133,118,15
108900184,56,84,-28
108900185,19,202,-183
108900186,3,235,-232
108900189,34,92,-58
108900190,84,1812,-1728
108900192,15,212,-197
108900195,16,276,-260
108900196,2,369,-367
108900199,32,203,-171
108900200,125,149,-24
108900201,58,689,-631
108900203,49,8,41
108900204,68,1,67
108900205,44,2,42
108900206,29,5,24
108900207,28,27,1
108900208,8,221,-213
108900209,87,327,-240
108900210,48,89,-41
108900211,51,28,23
108900212,297,179,118
108900215,50,527,-477
108900216,112,23,89
108900217,4,0,4
108900218,17,2,15
108900221,14,18,-4
108900224,10,43,-33
108900225,0,73,-73
108900227,10,21,-11
108900230,248,196,52
108900232,1,277,-276
108900233,73,16,57
108900234,56,9,47
108900235,70,315,-245
108900236,7,223,-216
108900240,11,30,-19
108900241,2,5,-3
108900245,1,181,-180
108900250,23,57,-34
108900258,2,154,-152
108900259,3,40,-37
108900260,0,74,-74
108900261,52,61,-9
108900262,236,41,195
108900263,31,182,-151
108900264,139,101,38
108900265,764,87,677
108900266,501,45,456
108900267,1,19,-18
108900268,3,0,3
108900269,10,1,9
108900270,7,3,4
108900271,2,2,0
108900272,10,2,8
108900273,574,143,431
108900274,5,24,-19
109000001,1530,469,1061
109000002,2635,859,1776
109000003,741,327,414
109000004,251,1824,-1573
109000005,575,488,87
109000006,369,1343,-974
109000007,390,326,64
109000008,193,1230,-1037
109000009,1058,479,579
109000010,680,2453,-1773
109000011,889,707,182
109000012,819,3233,-2414
109000013,838,776,62
109000014,610,2863,-2253
109000015,2095,1681,414
109000016,6574,2869,3705
109000017,766,515,251
109000018,411,2472,-2061
109000019,856,398,458
109000020,808,1659,-851
109000023,118,5,113
109000024,4,142,-138
109000025,176,168,8
109000026,444,184,260
109000027,33,178,-145
109000028,61,62,-1
109000029,72,47,25
109000030,24,292,-268
109000031,23,31,-8
109000032,28,275,-247
109000033,50,30,20
109000034,46,10,36
109000035,5,14,-9
109000036,34,239,-205
109000037,53,281,-228
109000038,460,182,278
109000039,164,154,10
109000040,1944,682,1262
109000041,4016,506,3510
109000042,519,473,46
109000044,107,135,-28
109000045,66,290,-224
109000046,54,64,-10
109000047,37,284,-247
109000048,451,223,228
109000049,105,270,-165
109000050,241,307,-66
109000051,154,183,-29
109000052,150,1304,-1154
109000053,163,119,44
109000054,58,425,-367
109000055,17,81,-64
109000056,86,407,-321
109000057,87,93,-6
109000058,411,274,137
109000059,102,444,-342
109000060,204,53,151
109000061,942,218,724
109000062,51,57,-6
109000063,75,138,-63
109000064,31,68,-37
109000065,26,264,-238
109000066,66,60,6
109000067,21,227,-206
109000068,77,0,77
109000069,135,2,133
109000070,7,536,-529
109000071,119,50,69
109000072,74,362,-288
109000073,9,47,-38
109000074,13,165,-152
109000075,24,301,-277
109000076,52,96,-44
109000077,274,189,85
109000078,16,86,-70
109000079,74,205,-131
109000080,38,99,-61
109000081,20,459,-439
109000082,122,179,-57
109000083,103,686,-583
109000088,41,221,-180
109000089,57,14,43
109000090,106,358,-252
109000091,83,24,59
109000092,181,501,-320
109000093,75,12,63
109000094,44,1,43
109000095,51,703,-652
109000096,152,65,87
109000097,50,72,-22
109000098,16,27,-11
109000099,154,121,33
109000100,56,434,-378
109000101,193,352,-159
109000102,73,632,-559
109000103,156,381,-225
109000104,317,311,6
109000105,123,1240,-1117
109000106,423,168,255
109000107,160,1315,-1155
109000108,412,162,250
109000109,191,1355,-1164
109000110,320,126,194
109000111,355,1517,-1162
109000112,129,104,25
109000113,42,130,-88
109000114,45,260,-215
109000115,494,71,423
109000116,14,314,-300
109000117,25,71,-46
109000118,1,259,-258
109000119,118,181,-63
109000120,50,870,-820
109000121,93,66,27
109000122,18,941,-923
109000123,14,164,-150
109000124,136,262,-126
109000125,161,215,-54
109000126,127,669,-542
109000127,210,179,31
109000128,152,1883,-1731
109000129,371,118,253
109000130,350,2361,-2011
109000131,325,167,158
109000132,427,1680,-1253
109000133,148,588,-440
109000134,239,886,-647
109000135,344,698,-354
109000136,84,290,-206
109000137,57,137,-80
109000138,94,314,-220
109000139,96,189,-93
109000140,41,643,-602
109000141,106,348,-242
109000142,68,269,-201
109000143,46,19,27
109000145,32,60,-28
109000146,37,47,-10
109000148,2168,171,1997
109000149,13,18,-5
109000150,47,56,-9
109000155,112,277,-165
109000156,628,622,6
109000158,12,157,-145
109000159,20,420,-400
109000160,128,203,-75
109000161,94,1017,-923
109000162,481,663,-182
109000163,235,1007,-772
109000164,388,1487,-1099
109000165,292,476,-184
109000166,100,90,10
109000167,42,607,-565
109000170,14,24,-10
109000171,28,28,0
109000172,29,22,7
109000173,6,21,-15
109000174,18,39,-21
109000175,21,277,-256
109000176,70,222,-152
109000177,13,82,-69
109000178,127,285,-158
109000179,4888,728,4160
109000180,2817,1380,1437
109000181,2,16,-14
109000182,12,29,-17
109000183,9,27,-18
109000184,6,19,-13
109000185,6,66,-60
109000188,100,1868,-1768
109000189,346,510,-164
109000190,129,342,-213
109000191,122,437,-315
109000192,19,137,-118
109000193,51,343,-292
109000194,25,83,-58
109000195,27,299,-272
109000196,62,65,-3
109000197,41,340,-299
109000198,34,37,-3
109000199,51,330,-279
109000206,59,23,36
109000207,27,19,8
109000208,26,22,4
109000209,58,27,31
109000210,105,275,-170
109000211,54,146,-92
109000214,128,1088,-960
109000215,29,43,-14
109000216,58,41,17
109000217,59,35,24
109000218,56,28,28
109000221,71,741,-670
109000222,167,34,133
109000223,106,104,2
109000224,13,197,-184
109000225,23,30,-7
109000226,15,217,-202
109000227,232,991,-759
109000228,1,245,-244
109000231,2,369,-367
109000232,88,402,-314
109000236,71,585,-514
109000241,461,1161,-700
109000242,313,708,-395
109000293,20,91,-71
109000361,61,165,-104
109000364,61,361,-300
109000396,5,705,-700
109000397,76,1,75
109000399,90,374,-284
109000400,37,370,-333
109000403,2,126,-124
109000406,49,1,48
109000407,58,109,-51
109000408,4,424,-420
109000410,225,64,161
109000411,18,9,9
109000412,1,78,-77
109900001,39,0,39
109900002,109,3,106
109900003,5,0,5
109900005,5,3,2
109900006,28,162,-134
109900007,100,660,-560
109900008,0,21,-21
109900009,38,638,-600
109900010,75,4,71
109900011,8,7,1
109900012,50,48,2
109900013,61,22,39
109900014,36,19,17
109900015,48,30,18
109900016,17,31,-14
109900017,13,17,-4
109900018,22,83,-61
109900019,28,67,-39
109900020,2,13,-11
109900021,19,3,16
109900022,45,270,-225
109900023,9,1,8
109900024,2,1,1
109900025,1,13,-12
109900027,7,1,6
109900028,1699,142,1557
109900029,4,454,-450
109900030,5,0,5
109900031,0,28,-28
109900032,4,196,-192
109900033,0,330,-330
109900034,2,0,2
109900035,8,5,3
109900036,16,34,-18
109900037,1,381,-380
109900038,18,108,-90
109900039,2,0,2
109900040,7,434,-427
109900041,27,333,-306
109900042,1,328,-327
109900044,25,168,-143
109900045,10,10,0
109900046,51,38,13
109900047,81,209,-128
109900048,0,42,-42
109900049,1,10,-9
109900050,2,258,-256
109900051,0,25,-25
109900052,8,140,-132
109900053,3,384,-381
109900054,90,31,59
109900055,15,156,-141
109900056,5,17,-12
109900057,1,171,-170
109900058,0,102,-102
109900060,97,117,-20
109900061,36,143,-107
109900062,0,189,-189
109900064,81,153,-72
109900065,54,65,-11
109900066,119,563,-444
109900067,0,292,-292
109900068,1,0,1
109900069,1,13,-12
109900071,1,11,-10
109900072,1,39,-38
109900073,28,429,-401
109900074,3,42,-39
109900075,6,2,4
109900076,9,413,-404
109900077,9,37,-28
109900078,20,139,-119
109900080,35,195,-160
109900081,1,48,-47
109900082,5,336,-331
109900083,9,19,-10
109900084,12,83,-71
109900085,46,819,-773
109900086,12,66,-54
109900087,30,132,-102
109900089,61,21,40
109900092,120,1,119
109900093,85,30,55
109900094,11,39,-28
109900095,50,117,-67
109900096,5,0,5
109900097,7,0,7
109900098,83,4,79
109900099,10,0,10
109900100,8,0,8
109900101,63,1,62
109900102,89,11,78
109900103,3,14,-11
109900104,40,849,-809
109900105,65,18,47
109900106,23,35,-12
109900107,47,24,23
109900108,20,408,-388
109900109,4,191,-187
109900111,55,737,-682
109900114,434,39,395
109900115,25,23,2
109900117,113,52,61
109900121,88,27,61
109900123,0,126,-126
109900125,0,149,-149
109900126,9,144,-135
109900130,7884,515,7369
109900131,42,56,-14
109900132,12,81,-69
109900134,13,10,3
109900135,171,35,136
109900137,31,246,-215
109900140,63,307,-244
109900149,12,9,3
109900150,0,18,-18
109900151,1,16,-15
109900152,0,18,-18
109900153,0,28,-28
109900154,1,0,1
109900155,2,2,0
109900157,10,115,-105
109900159,20,17,3
109900161,36,23,13
109900162,22,30,-8
109900163,403,176,227
109900164,14,176,-162
109900165,25,4,21
109900166,2,81,-79
109900167,40,340,-300
109900168,28,378,-350
109900169,21,84,-63
109900170,100,146,-46
109900171,30,22,8
109900172,29,59,-30
109900173,2382,281,2101
109900174,14,70,-56
109900175,12,28,-16
109900176,36,122,-86
109900177,2,157,-155
109900178,1,61,-60
109900179,1,12,-11
109900180,1,3,-2
110000001,302,346,-44
110000002,270,265,5
110000003,470,455,15
110000004,320,328,-8
110000005,585,557,28
110000006,479,213,266
110000007,36,123,-87
110000008,4,32,-28
110000009,8,41,-33
110000010,3,28,-25
110000011,6,81,-75
110000012,418,281,137
110000013,15,137,-122
110000014,496,254,242
110000015,233,208,25
110000016,103,364,-261
110000017,3024,147,2877
110000018,2794,404,2390
110000019,12,174,-162
110000020,319,125,194
110000021,211,177,34
110000022,265,46,219
110000023,4,146,-142
110000024,306,194,112
110000025,48,1,47
110000026,2,428,-426
110000027,246,197,49
110000028,226,432,-206
110000029,195,620,-425
110000030,75,161,-86
110000031,89,378,-289
110000032,287,281,6
110000033,56,52,4
110000034,142,616,-474
110000035,150,779,-629
110000036,102,514,-412
110000037,41,424,-383
110000038,87,338,-251
110000039,218,620,-402
110000040,164,341,-177
110000041,77,240,-163
110000042,49,262,-213
110000043,151,77,74
110000044,14,50,-36
110000045,73,12,61
110000046,1,4,-3
110000047,1,2,-1
110000048,1,6,-5
110000049,7,3,4
110000050,6,6,0
110000051,32,1,31
110000052,13,33,-20
110000053,10,0,10
110000054,30,77,-47
110000055,50,8,42
110000056,6,19,-13
110000057,164,555,-391
110000058,327,365,-38
110000059,241,393,-152
110000060,256,458,-202
110000061,538,561,-23
110000062,348,324,24
110000063,12,47,-35
110000064,46,56,-10
110000065,14,62,-48
110000066,20,31,-11
110000067,15,182,-167
110000068,37,339,-302
110000069,32,74,-42
110000071,10,99,-89
110000073,0,13,-13
110000075,2,56,-54
110000076,155,78,77
110000077,234,132,102
110000078,2,26,-24
110000080,111,316,-205
110000081,1,160,-159
110000082,6,110,-104
110000083,76,422,-346
110000084,308,231,77
110000085,2290,754,1536
110000086,841,290,551
110000087,1,37,-36
110000088,16,138,-122
110000089,94,168,-74
110000090,42,212,-170
110000091,1458,186,1272
110000092,12,87,-75
110000093,13,1,12
110000094,149,164,-15
110000095,38,242,-204
110000096,2427,921,1506
110000097,458,376,82
110000098,436,229,207
110000099,455,880,-425
110000100,59,635,-576
110000101,7,476,-469
110000102,13,22,-9
110000104,40,47,-7
110000105,29,169,-140
110000106,128,69,59
110000107,167,265,-98
110000108,48,3,45
110000109,106,215,-109
110000110,2714,780,1934
110000111,6021,653,5368
110000112,775,233,542
110000113,414,319,95
110000114,64,151,-87
110000115,106,228,-122
110000116,16,20,-4
110000117,47,493,-446
110000118,118,199,-81
110000119,79,313,-234
110000120,131,98,33
110000121,68,148,-80
110000122,101,294,-193
110000123,122,165,-43
110000124,1,489,-488
110000125,357,1,356
110000126,59,10,49
110000127,190,6,184
110000128,15,880,-865
110000129,0,490,-490
110000130,41,40,1
110000131,36,411,-375
110000132,1,436,-435
110000133,40,171,-131
110000134,24,193,-169
110000135,159,3,156
110000136,23,216,-193
110000137,139,354,-215
110000138,124,696,-572
110000139,247,892,-645
110000140,329,124,205
110000143,395,148,247
110000144,1903,505,1398
110000145,568,334,234
110000146,718,304,414
110000147,56,329,-273
110000148,167,188,-21
110000151,483,306,177
110000152,392,134,258
110000153,27,64,-37
110000154,0,8,-8
110000155,481,669,-188
110000156,375,451,-76
110000157,711,764,-53
110000160,196,302,-106
110000161,84,361,-277
110000166,85,57,28
110000167,252,259,-7
110000168,275,131,144
110000169,122,154,-32
110000170,48,39,9
110000171,185,134,51
110000172,79,570,-491
110000173,629,771,-142
110000174,22,1146,-1124
110000175,120,94,26
110000176,35,137,-102
110000177,77,391,-314
110000178,173,263,-90
110000179,765,166,599
110000180,45,184,-139
110000181,87,198,-111
110000182,217,190,27
110000183,6458,1940,4518
110000184,286,764,-478
110000185,235,323,-88
110000186,269,248,21
110000191,82,304,-222
110000192,112,0,112
110000193,116,2,114
110000194,4,928,-924
110000195,41,296,-255
110000196,62,425,-363
110000197,5,121,-116
110000198,20,42,-22
110000199,22,68,-46
110000200,750,395,355
110000201,163,241,-78
110000202,340,204,136
110000203,321,560,-239
110000204,1,230,-229
110000205,14,23,-9
110000206,203,1066,-863
110000207,108,182,-74
110000208,22,82,-60
110000209,56,492,-436
110000210,99,302,-203
110000211,185,401,-216
110000212,92,385,-293
110000213,14,27,-13
110000214,37,61,-24
110000215,34,460,-426
110000216,19,377,-358
110000217,48,177,-129
110000218,40,339,-299
110000219,65,24,41
110000220,8,324,-316
110000221,73,20,53
110000222,11,272,-261
110000223,3,14,-11
110000224,22,6,16
110000225,25,269,-244
110000226,45,25,20
110000227,205,171,34
110000228,140,105,35
110000229,0,171,-171
110000230,145,460,-315
110000231,32,87,-55
110000232,28,112,-84
110000233,49,118,-69
110000234,174,157,17
110000235,531,372,159
110000236,146,720,-574
110000237,521,618,-97
110000238,298,727,-429
110000239,426,800,-374
110000240,1,47,-46
110000242,0,9,-9
110000243,26,151,-125
110000244,36,219,-183
110000245,15,267,-252
110000246,239,499,-260
110000247,1208,2405,-1197
110000248,1593,838,755
110000249,23,2,21
110000250,4,154,-150
110000251,31,336,-305
110000252,90,215,-125
110000253,440,251,189
110000254,513,1010,-497
110000255,77,835,-758
110000256,161,100,61
110000257,241,231,10
110000258,9,353,-344
110000259,46,14,32
110000260,7,388,-381
110000263,352,61,291
110000264,60,454,-394
110000265,457,761,-304
110000266,686,1003,-317
110000267,2,71,-69
110000268,88,265,-177
110000269,0,53,-53
110000270,5,0,5
110000271,1414,119,1295
110000272,229,557,-328
110000273,939,633,306
110000274,74,465,-391
110000275,2274,179,2095
110000276,38,108,-70
110000277,40,198,-158
110000278,132,622,-490
110000279,204,355,-151
110000280,86,283,-197
110000281,10,84,-74
110000282,48,14,34
110000283,7,20,-13
110000284,5,8,-3
110000285,0,74,-74
110000286,3,0,3
110000287,8,0,8
110000288,1,32,-31
110000289,181,501,-320
110000290,780,324,456
110000291,4463,725,3738
110000292,579,2142,-1563
110000293,156,719,-563
110000294,192,565,-373
110000295,55,589,-534
110000296,103,241,-138
110000297,1662,223,1439
110000298,380,341,39
110000299,307,9,298
110000301,107,3,104
110000302,135,1009,-874
110000303,61,4,57
110000304,42,199,-157
110000305,189,4,185
110000306,64,1816,-1752
110000307,282,0,282
110000308,50,10,40
110000309,8,1245,-1237
110000310,168,47,121
110000311,10,645,-635
110000312,387,17,370
110000313,2021,1077,944
110000314,0,153,-153
110000315,1320,740,580
110000316,386,684,-298
110000317,213,165,48
110000318,0,68,-68
110000319,1,1,0
110000320,11,30,-19
110000321,2,32,-30
110000322,61,446,-385
110000323,127,245,-118
110000324,4040,637,3403
110000325,995,1187,-192
110000327,154,58,96
110000328,72,388,-316
110000333,315,283,32
110000334,293,1091,-798
110000335,378,376,2
110000336,131,987,-856
110000337,254,312,-58
110000338,43,178,-135
110000339,83,173,-90
110000340,6,102,-96
110000341,100,440,-340
110000342,57,0,57
110000343,1,7,-6
110000344,30,107,-77
110000345,13,33,-20
110000346,1222,640,582
110000347,594,474,120
110000348,1,17,-16
110000349,6,15,-9
110000350,8,4,4
110000351,232,473,-241
110000352,129,871,-742
110000353,2207,508,1699
110000354,337,941,-604
110000355,11,40,-29
110000356,226,2,224
110000357,134,11,123
110000361,2,75,-73
110000362,7,33,-26
110000363,64,53,11
110000364,41,206,-165
110000365,41,0,41
110000366,0,41,-41
110000367,124,155,-31
110000368,0,50,-50
110000369,11,0,11
110000373,4,190,-186
110000374,8,9,-1
110000375,102,263,-161
110000376,30,79,-49
110000377,31,89,-58
110000378,20,243,-223
110000379,2478,413,2065
110000380,8,4,4
110000383,0,302,-302
110000384,588,99,489
110000385,1,122,-121
110000387,10,5,5
110000388,10,207,-197
110000389,66,1,65
110000391,107,323,-216
110000396,21,67,-46
110000397,19,99,-80
110000398,3,21,-18
110000399,105,31,74
110000587,18,32,-14
110000589,64,112,-48
110000640,67,103,-36
110000652,5,27,-22
110000653,80,305,-225
110000654,2,7,-5
110000656,3,423,-420
110000674,6,15,-9
110000675,8,11,-3
110000676,1,17,-16
110000679,460,157,303
110000682,41,30,11
110000683,181,246,-65
110000684,1,34,-33
110000685,1,3,-2
110000686,0,13,-13
110000687,0,0,0
110000688,16,130,-114
110000689,23,27,-4
110000692,72,173,-101
110000693,74,129,-55
110000694,0,79,-79
110000695,62,541,-479
110000696,61,64,-3
110000698,13,180,-167
110000699,61,283,-222
110900001,49,4,45
110900002,19,92,-73
110900003,78,877,-799
110900004,49,245,-196
110900005,3096,422,2674
110900006,10,2,8
110900007,10,1,9
110900008,8,49,-41
110900009,64,16,48
110900010,1,44,-43
110900011,4,54,-50
110900012,3,111,-108
110900013,156,61,95
110900014,39,9,30
110900015,499,94,405
110900016,0,158,-158
110900017,42,18,24
110900018,87,9,78
110900019,24,18,6
110900020,7,393,-386
110900021,33,457,-424
110900022,38,268,-230
110900023,25,332,-307
110900024,13,349,-336
110900025,0,23,-23
110900027,3,173,-170
110900028,11,113,-102
110900029,19,318,-299
110900030,11,176,-165
110900031,1,113,-112
110900032,0,97,-97
110900033,12,196,-184
110900035,18,303,-285
110900036,17,16,1
110900037,8,12,-4
110900038,747,62,685
110900039,5,119,-114
110900040,39,8,31
110900041,3,116,-113
110900042,15,20,-5
110900043,5,161,-156
110900044,166,10,156
110900045,45,435,-390
110900046,101,207,-106
110900047,359,40,319
110900049,7,15,-8
110900050,3,0,3
110900052,6,228,-222
110900053,17,20,-3
110900054,2,164,-162
110900055,5,1,4
110900056,13,74,-61
110900057,8,340,-332
110900058,33,150,-117
110900059,222,635,-413
110900060,64,27,37
110900061,13,18,-5
110900062,9,218,-209
110900063,19,49,-30
110900064,5,0,5
110900065,160,31,129
110900066,2,34,-32
110900067,342,91,251
110900068,144,138,6
110900069,1,17,-16
110900070,72,28,44
110900071,73,95,-22
110900073,1,18,-17
110900074,55,55,0
110900075,66,39,27
110900077,67,175,-108
110900078,2,124,-122
110900079,1287,171,1116
110900080,7,18,-11
110900081,0,89,-89
110900082,18,160,-142
110900083,44,5,39
110900084,7,187,-180
110900085,25,207,-182
110900086,19,30,-11
110900087,47,47,0
110900088,3,0,3
110900090,2,6,-4
110900091,0,33,-33
110900093,56,24,32
110900095,11,11,0
110900097,4,17,-13
110900098,2,88,-86
110900099,24,331,-307
110900100,0,14,-14
110900102,3,12,-9
110900105,331,155,176
110900108,1,57,-56
110900111,82,24,58
110900112,92,3,89
110900113,295,3,292
110900115,0,65,-65
110900116,91,1688,-1597
110900118,95,254,-159
110900119,4219,135,4084
110900120,1,137,-136
110900121,12,5,7
110900122,58,87,-29
110900125,35,80,-45
110900127,297,197,100
110900128,244,124,120
110900129,71,47,24
110900130,601,82,519
110900131,8,20,-12
110900132,47,8,39
110900133,22,160,-138
110900135,34,321,-287
110900136,56,12,44
110900138,0,0,0
110900139,31,0,31
110900140,0,0,0
110900141,55,40,15
110900142,10,132,-122
110900143,12,21,-9
110900144,0,494,-494
110900145,19,2,17
110900146,115,54,61
110900147,98,105,-7
110900148,1,165,-164
110900149,1,59,-58
110900150,1,7,-6
110900151,1,32,-31
110900152,10,277,-267
110900153,16,5,11
111000001,157,265,-108
111000002,493,585,-92
111000003,272,216,56
111000004,260,1011,-751
111000005,384,285,99
111000006,413,1147,-734
111000007,1914,681,1233
111000008,2368,1926,442
111000009,164,601,-437
111000010,208,149,59
111000011,377,633,-256
111000012,390,142,248
111000013,167,866,-699
111000014,683,284,399
111000017,45,224,-179
111000018,89,212,-123
111000020,1484,987,497
111000021,28,81,-53
111000023,55,58,-3
111000025,4323,889,3434
111000029,20,55,-35
111000030,23,37,-14
111000031,1245,291,954
111000032,296,105,191
111000033,120,75,45
111000034,161,75,86
111000037,1997,906,1091
111000038,1581,1377,204
111000039,605,1440,-835
111000040,580,1448,-868
111000041,615,755,-140
111000042,4644,1673,2971
111000043,868,639,229
111000044,384,196,188
111000045,470,747,-277
111000046,304,684,-380
111000047,597,1062,-465
111000049,133,383,-250
111000050,1115,1241,-126
111000051,189,818,-629
111000052,283,914,-631
111000053,200,620,-420
111000054,151,631,-480
111000055,585,1429,-844
111000056,52,592,-540
111000057,26,640,-614
111000058,44,96,-52
111000059,104,169,-65
111000060,868,267,601
111000061,235,212,23
111000062,170,123,47
111000063,712,453,259
111000064,217,332,-115
111000065,355,416,-61
111000066,75,111,-36
111000067,134,436,-302
111000068,81,317,-236
111000069,929,1043,-114
111000070,1991,854,1137
111000071,125,514,-389
111000072,149,114,35
111000073,51,255,-204
111000074,722,599,123
111000075,206,417,-211
111000076,113,496,-383
111000077,401,641,-240
111000078,922,654,268
111000079,629,436,193
111000080,118,444,-326
111000081,1437,1528,-91
111000082,260,379,-119
111000084,265,310,-45
111000085,429,1143,-714
111000086,2055,904,1151
111000087,455,539,-84
111000088,3853,959,2894
111000089,223,626,-403
111000090,781,872,-91
111000091,276,558,-282
111000092,274,964,-690
111000093,140,441,-301
111000094,648,569,79
111000095,263,847,-584
111000096,1780,2325,-545
111000097,4153,779,3374
111000098,120,988,-868
111000099,152,1968,-1816
111000100,128,1874,-1746
111000101,183,596,-413
111000102,34,625,-591
111000104,47,102,-55
111000107,20,507,-487
111000109,91,75,16
111000110,241,204,37
111000111,356,198,158
111000112,352,104,248
111000113,199,182,17
111000114,620,323,297
111000115,4929,377,4552
111000116,421,342,79
111000117,256,391,-135
111000118,742,564,178
111000119,462,1055,-593
111000120,147,326,-179
111000121,124,306,-182
111000122,132,693,-561
111000123,332,2472,-2140
111000124,174,3090,-2916
111000125,63,1764,-1701
111000126,32,874,-842
111000127,234,52,182
111000128,250,101,149
111000129,636,141,495
111000130,421,482,-61
111000131,245,349,-104
111000132,228,165,63
111000133,64,82,-18
111000134,35,73,-38
111000135,5,62,-57
111000136,103,160,-57
111000138,7,4,3
111000140,0,2,-2
111000141,24,128,-104
111000142,10,92,-82
111000143,0,70,-70
111000144,1,70,-69
111000145,18,1,17
111000146,16,2,14
111000147,13,0,13
111000148,25,39,-14
111000149,1,14,-13
111000150,4,8,-4
111000151,2,11,-9
111000153,240,230,10
111000154,200,125,75
111000155,38,94,-56
111000156,219,72,147
111000157,51,127,-76
111000158,294,313,-19
111000159,1450,335,1115
111000160,111,314,-203
111000161,8,133,-125
111000162,1,102,-101
111000163,161,427,-266
111000164,510,1046,-536
111000165,644,210,434
111000166,480,168,312
111000167,84,300,-216
111000168,121,278,-157
111000169,101,242,-141
111000170,222,211,11
111000171,215,739,-524
111000172,67,554,-487
111000173,118,965,-847
111000174,43,440,-397
111000175,26,225,-199
111000176,47,175,-128
111000177,53,285,-232
111000178,301,333,-32
111000179,38,159,-121
111000180,63,219,-156
111000181,189,169,20
111000182,26,106,-80
111000183,89,144,-55
111000184,97,141,-44
111000185,104,370,-266
111000186,79,253,-174
111000187,25,241,-216
111000188,62,287,-225
111000189,1092,388,704
111000190,95,461,-366
111000191,37,384,-347
111000192,80,546,-466
111000193,312,347,-35
111000194,19,372,-353
111000195,36,356,-320
111000196,19,244,-225
111000197,70,130,-60
111000198,94,65,29
111000199,44,116,-72
111000200,41,180,-139
111000201,145,116,29
111000202,57,118,-61
111000203,102,97,5
111000204,191,135,56
111000213,41,244,-203
111000214,514,1219,-705
111000215,387,919,-532
111000217,390,523,-133
111000218,403,584,-181
111000219,213,188,25
111000220,1776,290,1486
111000221,261,44,217
111000224,133,333,-200
111000225,143,112,31
111000226,74,0,74
111000227,19,7,12
111000228,0,100,-100
111000229,19,147,-128
111000230,81,251,-170
111000231,99,870,-771
111000232,59,537,-478
111000233,106,482,-376
111000234,9,89,-80
111000239,94,117,-23
111000240,7,26,-19
111000241,19,351,-332
111000242,26,24,2
111000243,14,761,-747
111000244,30,60,-30
111000245,124,439,-315
111000246,46,411,-365
111000247,41,890,-849
111000248,72,211,-139
111000249,200,728,-528
111000250,15,68,-53
111000251,23,77,-54
111000253,0,0,0
111000255,0,0,0
111000257,0,0,0
111000260,22,903,-881
111000261,145,35,110
111000271,21,253,-232
111000273,4468,868,3600
111000274,545,838,-293
111000275,27,50,-23
111000276,156,1880,-1724
111000277,67,339,-272
111000278,135,150,-15
111000291,234,1130,-896
111000298,138,134,4
111000299,182,25,157
111000300,16,380,-364
111000302,36,47,-11
111000303,25,176,-151
111000312,32,45,-13
111000315,14,170,-156
111000320,105,445,-340
111000321,112,17,95
111000322,46,374,-328
111000323,37,7,30
111000324,182,188,-6
111000325,16,35,-19
111000326,49,238,-189
111000327,141,408,-267
111000328,64,213,-149
111000329,0,31,-31
111000330,17,4,13
111000331,7,0,7
111000332,137,613,-476
111000334,205,1254,-1049
111000335,109,52,57
111000337,123,290,-167
111000338,3,65,-62
111000339,32,453,-421
111000340,37,629,-592
111000341,347,85,262
111000342,32,160,-128
111000344,340,373,-33
111000345,33,12,21
111000346,4,46,-42
111000347,15,2,13
111000350,106,70,36
111000351,42,153,-111
111000352,60,64,-4
111000353,13,196,-183
111000354,150,88,62
111000355,97,526,-429
111000358,47,1315,-1268
111000360,26,806,-780
111000361,26,302,-276
111000546,62,536,-474
111000547,86,451,-365
111000548,35,102,-67
111000549,69,318,-249
111000550,40,108,-68
111000551,238,46,192
111000552,84,34,50
111000907,111,35,76
111000908,8,0,8
111000916,167,117,50
111000917,6,236,-230
111000918,38,801,-763
111000920,107,18,89
111000921,2,300,-298
111000922,73,260,-187
111000924,8,745,-737
111000925,671,678,-7
111000926,471,2094,-1623
111000927,1307,1148,159
111000928,4410,2190,2220
111000929,306,470,-164
111000930,307,1500,-1193
111000931,425,652,-227
111000932,1875,1411,464
111000933,1187,677,510
111000934,1320,1729,-409
111000935,343,458,-115
111000936,367,1650,-1283
111000937,323,548,-225
111000938,912,1764,-852
111000939,95,17,78
111000940,114,225,-111
111000941,47,358,-311
111000943,57,149,-92
111000944,37,491,-454
111000945,7,1768,-1761
111001109,137,41,96
111001110,64,476,-412
111001111,6,0,6
111001112,50,3,47
111001113,20,92,-72
111001114,498,50,448
111001115,69,195,-126
111001116,2663,424,2239
111001117,327,253,74
111001120,61,255,-194
111001121,80,316,-236
111001122,125,718,-593
111001123,45,79,-34
111001124,62,418,-356
111001125,1,25,-24
111001126,0,1,-1
111001127,0,45,-45
111001128,152,438,-286
111001129,1,32,-31
111900001,0,134,-134
111900002,0,388,-388
111900003,1,236,-235
111900004,10,86,-76
111900006,2,1,1
111900007,7,1,6
111900008,16,0,16
111900009,15,0,15
111900010,74,259,-185
111900012,50,37,13
111900013,1,10,-9
111900014,4963,625,4338
111900015,0,39,-39
111900016,0,171,-171
111900017,0,85,-85
111900018,43,2,41
111900019,0,65,-65
111900020,2,38,-36
111900021,18,50,-32
111900022,11,40,-29
111900023,80,28,52
111900024,31,200,-169
111900025,0,42,-42
111900026,1,72,-71
111900027,1,131,-130
111900028,2,252,-250
111900029,3,60,-57
111900030,26,187,-161
111900032,0,314,-314
111900033,8,78,-70
111900034,44,323,-279
111900035,4,133,-129
111900036,0,249,-249
111900038,126,321,-195
111900039,25,229,-204
111900040,1,596,-595
111900042,20,26,-6
111900043,1,398,-397
111900044,64,141,-77
111900046,29,180,-151
111900048,21,656,-635
111900049,14,256,-242
111900050,12,1,11
111900051,2,139,-137
111900052,146,302,-156
111900053,910,121,789
111900054,5,0,5
111900055,7,535,-528
111900056,76,45,31
111900057,12,47,-35
111900058,51,516,-465
111900059,1452,101,1351
111900060,37,1,36
111900061,5,296,-291
111900062,6,5,1
111900063,26,90,-64
111900064,49,213,-164
111900065,15,4,11
111900066,23,62,-39
111900067,0,151,-151
111900068,8,8,0
111900069,3,2,1
111900070,10,75,-65
111900071,1,150,-149
111900072,4,4,0
111900073,84,5,79
111900074,3,98,-95
111900075,22,8,14
111900076,14,11,3
111900077,4,0,4
111900078,31,2,29
111900079,1,2,-1
111900080,85,17,68
111900082,18,2,16
111900083,4,1,3
111900084,1,1,0
111900085,15,9,6
111900086,13,0,13
111900087,13,0,13
111900088,43,0,43
111900089,1,0,1
111900090,24,4,20
111900091,15,1,14
111900092,10,1,9
111900093,37,0,37
111900094,3,0,3
111900095,30,0,30
111900096,15,0,15
111900097,4,0,4
111900098,8,0,8
111900099,0,0,0
111900100,4,1,3
111900101,11,1,10
111900102,43,557,-514
111900103,17,28,-11
111900104,17,29,-12
111900105,43,54,-11
111900106,750,19,731
111900110,1835,38,1797
111900111,2,4,-2
111900112,379,196,183
111900113,178,25,153
111900118,23,10,13
111900119,74,27,47
111900122,27,5,22
111900123,2,6,-4
111900124,19,47,-28
111900125,73,3,70
111900126,24,0,24
111900127,0,472,-472
111900128,1,378,-377
111900129,30,5,25
111900130,11,3,8
111900131,65,0,65
111900132,18,874,-856
111900133,2,271,-269
111900134,11,275,-264
111900135,0,1,-1
111900136,17,20,-3
111900137,16,12,4
111900138,5,52,-47
111900139,5,121,-116
111900140,8,9,-1
111900141,5,5,0
111900142,23,8,15
111900143,1,94,-93
111900144,2,101,-99
111900145,3,485,-482
111900146,1,329,-328
111900147,61,367,-306
111900148,20,692,-672
111900149,16,338,-322
111900150,15,123,-108
111900151,1,8,-7
111900152,62,14,48
111900153,1184,83,1101
111900154,0,49,-49
111900155,2,9,-7
111900156,3,10,-7
111900157,5,5,0
111900158,40,1,39
111900159,18,3,15
111900160,19,0,19
111900161,6,0,6
111900162,66,31,35
111900163,12,150,-138
111900164,35,6,29
111901113,18,285,-267
111901114,8,232,-224
111901115,3,0,3
111901116,7,0,7
111901117,0,0,0
111901118,41,5,36
111901119,756,25,731
111901121,68,164,-96
111901122,2,369,-367
111901123,8,265,-257
111901124,28,1,27
111901125,41,100,-59
111901127,436,43,393
111901128,2,33,-31
111901129,2,53,-51
111901130,6,108,-102
111901131,0,211,-211
111901132,17,4,13
111901133,5,1,4
111901134,10,2,8
111901135,2,1,1
111901138,15,16,-1
111901139,4,33,-29
111901140,2,94,-92
111901141,4,141,-137
111901142,2,94,-92
111901143,2,76,-74
111901144,17,7,10
111901145,65,67,-2
111901146,36,5,31
111901147,854,6,848
111901148,2,8,-6
111901149,0,1,-1
111901150,3,0,3
111901151,0,0,0
111901152,2,25,-23
112000001,544,419,125
112000002,408,1526,-1118
112000003,233,402,-169
112000004,277,1198,-921
112000005,519,660,-141
112000006,672,1272,-600
112000007,606,573,33
112000008,915,1522,-607
112000009,2327,2103,224
112000010,1059,1239,-180
112000011,979,1712,-733
112000012,2864,620,2244
112000013,4123,1831,2292
112000014,1578,184,1394
112000015,2215,1041,1174
112000016,1371,465,906
112000017,614,516,98
112000024,1233,363,870
112000026,3275,3784,-509
112000027,306,193,113
112000028,1120,1114,6
112000029,87,186,-99
112000030,143,70,73
112000031,822,578,244
112000032,367,19,348
112000033,1346,333,1013
112000034,315,29,286
112000035,17,129,-112
112000036,345,231,114
112000037,297,633,-336
112000038,327,516,-189
112000039,10,71,-61
112000040,68,209,-141
112000041,238,394,-156
112000042,478,180,298
112000050,219,641,-422
112000051,236,342,-106
112000054,990,1486,-496
112000057,317,185,132
112000058,162,224,-62
112000059,307,210,97
112000061,4578,823,3755
112000062,1642,220,1422
112000063,1118,287,831
112000064,4352,4287,65
112000065,2010,2284,-274
112000066,1311,407,904
112000067,458,446,12
112000068,631,449,182
112000069,291,1549,-1258
112000070,519,221,298
112000071,393,2494,-2101
112000072,375,484,-109
112000073,594,1267,-673
112000074,305,392,-87
112000075,383,407,-24
112000076,1614,1877,-263
112000077,158,549,-391
112000078,415,436,-21
112000079,498,887,-389
112000080,197,604,-407
112000081,480,1165,-685
112000082,319,298,21
112000083,263,1318,-1055
112000084,373,328,45
112000085,389,1119,-730
112000086,595,894,-299
112000087,74,711,-637
112000088,96,559,-463
112000089,56,188,-132
112000090,136,270,-134
112000091,257,879,-622
112000092,433,429,4
112000093,747,986,-239
112000094,161,461,-300
112000095,231,512,-281
112000096,182,434,-252
112000097,280,220,60
112000098,299,1356,-1057
112000099,169,178,-9
112000100,297,447,-150
112000101,142,758,-616
112000102,201,339,-138
112000103,116,1096,-980
112000105,347,1910,-1563
112000106,351,222,129
112000107,24,75,-51
112000108,110,1262,-1152
112000109,48,44,4
112000110,469,239,230
112000111,725,3333,-2608
112000112,969,232,737
112000113,593,1818,-1225
112000114,564,461,103
112000115,76,358,-282
112000116,89,583,-494
112000117,157,463,-306
112000118,261,634,-373
112000119,154,733,-579
112000120,34,233,-199
112000121,24,472,-448
112000122,45,73,-28
112000123,83,64,19
112000124,68,38,30
112000125,37,53,-16
112000126,43,676,-633
112000127,949,461,488
112000128,639,254,385
112000129,21,49,-28
112000130,10,37,-27
112000131,9,223,-214
112000132,23,248,-225
112000133,52,103,-51
112000134,165,323,-158
112000135,228,390,-162
112000136,287,1009,-722
112000137,315,741,-426
112000138,450,974,-524
112000139,337,110,227
112000140,475,936,-461
112000141,133,106,27
112000142,73,822,-749
112000143,207,127,80
112000144,106,1569,-1463
112000145,571,431,140
112000146,271,1929,-1658
112000147,441,749,-308
112000148,646,1793,-1147
112000149,66,496,-430
112000150,50,419,-369
112000151,151,437,-286
112000152,70,206,-136
112000153,166,175,-9
112000154,44,59,-15
112000155,51,25,26
112000157,222,231,-9
112000158,56,421,-365
112000159,110,245,-135
112000167,66,12,54
112000169,128,168,-40
112000173,150,125,25
112000175,52,179,-127
112000176,2962,853,2109
112000177,82,28,54
112000178,17,306,-289
112000179,47,154,-107
112000180,107,122,-15
112000181,364,1247,-883
112000182,211,1421,-1210
112000183,9,22,-13
112000184,96,386,-290
112000185,90,399,-309
112000187,878,1127,-249
112000195,47,4,43
112000196,14,0,14
112000197,3,60,-57
112000198,23,252,-229
112000199,333,703,-370
112000202,66,2,64
112000216,22,55,-33
112000230,14,0,14
112000231,0,263,-263
112000256,8,61,-53
112000313,62,134,-72
112000314,1,2,-1
112000337,40,306,-266
112000352,72,51,21
112000392,884,603,281
112000398,248,404,-156
112000399,1025,689,336
112000400,1032,2864,-1832
112000401,1378,1743,-365
112000402,602,833,-231
112000403,810,732,78
112000404,162,237,-75
112000405,573,1007,-434
112000406,1768,2230,-462
112000407,1292,2253,-961
112000408,4904,4418,486
112000409,781,3147,-2366
112000410,53,43,10
112000411,3004,140,2864
112000412,426,99,327
112000413,5964,623,5341
112000414,23,76,-53
112000415,29,18,11
112000416,536,605,-69
112000417,56,33,23
112000421,12,97,-85
112000422,140,313,-173
112000424,1119,568,551
112000425,53,427,-374
112000426,53,132,-79
112000427,0,6,-6
112000428,21,296,-275
112000429,835,1773,-938
112000430,942,1900,-958
112000431,22,43,-21
112000432,269,2308,-2039
112000433,326,248,78
112000437,13,275,-262
112900001,25,0,25
112900002,31,855,-824
112900003,16,181,-165
112900004,3,215,-212
112900005,20,159,-139
112900007,0,81,-81
112900008,0,3,-3
112900009,78,23,55
112900010,15,382,-367
112900011,260,121,139
112900012,0,29,-29
112900013,0,98,-98
112900014,1,196,-195
112900015,112,573,-461
112900016,1,88,-87
112900017,12,112,-100
112900018,35,684,-649
112900019,10,93,-83
112900020,288,1066,-778
112900021,0,107,-107
112900022,3,38,-35
112900023,1,257,-256
112900024,12,82,-70
112900025,44,127,-83
112900026,1,169,-168
112900027,2,989,-987
112900028,7,69,-62
112900029,0,408,-408
112900030,205,63,142
112900031,3,387,-384
112900032,49,157,-108
112900034,0,23,-23
112900035,2,399,-397
112900036,11,80,-69
112900037,79,27,52
112900038,21,81,-60
112900039,7,260,-253
112900040,2,177,-175
112900041,471,234,237
112900042,10,260,-250
112900043,5,18,-13
112900044,318,151,167
112900045,354,147,207
112900046,113,30,83
112900047,11,4,7
112900049,7,27,-20
112900050,34,365,-331
112900051,150,452,-302
112900052,12,832,-820
112900053,136,30,106
112900054,164,8,156
112900055,31,1,30
112900056,39,44,-5
112900057,3,525,-522
112900058,120,49,71
112900059,27,82,-55
112900060,1,122,-121
112900061,7,105,-98
112900062,15,65,-50
112900063,28,1,27
112900064,41,38,3
112900065,5,1,4
112900066,27,21,6
112900067,334,36,298
112900068,9,10,-1
112900069,1912,119,1793
112900071,5,1,4
112900072,82,116,-34
112900073,42,8,34
112900074,6,22,-16
112900075,1364,120,1244
112900076,11,1,10
112900078,23,62,-39
112900079,33,0,33
112900080,5,0,5
112900081,1,28,-27
112900082,71,8,63
112900083,3,8,-5
112900084,31,9,22
112900086,4,0,4
112900087,65,12,53
112900088,5,0,5
112900089,135,6,129
112900090,1,1,0
112900091,21,1,20
112900092,38,37,1
112900093,110,4,106
112900095,0,1,-1
112900096,69,21,48
112900097,12,290,-278
112900098,4,0,4
112900099,91,3,88
112900100,4,0,4
112900101,30,0,30
112900102,30,0,30
112900103,44,1,43
112900104,73,1,72
112900105,0,0,0
112900106,92,12,80
112900107,1,0,1
112900108,1,0,1
112900109,5,0,5
112900110,93,2,91
112900111,85,0,85
112900112,29,0,29
112900113,0,4,-4
112900114,2,2,0
112900115,116,0,116
112900116,15,4,11
112900117,88,56,32
112900118,4,34,-30
112900119,10,0,10
112900120,375,61,314
112900121,137,35,102
112900122,4,53,-49
112900123,45,0,45
112900124,0,65,-65
112900125,9,85,-76
112900126,79,179,-100
112900127,65,3,62
112900128,262,539,-277
112900129,1,713,-712
112900130,30,11,19
112900131,17,205,-188
112900132,43,436,-393
112900133,10,842,-832
112900134,0,213,-213
112900135,21,3,18
112900137,4,598,-594
112900138,1,270,-269
112900139,96,685,-589
112900141,75,12,63
112900142,9,14,-5
112900143,29,422,-393
112900144,2,1051,-1049
112900145,33,274,-241
112900146,7,959,-952
112900147,4,1946,-1942
112900148,0,0,0
112900149,30,320,-290
112900151,19,11,8
112900152,3973,475,3498
112900153,486,242,244
112900154,1,45,-44
112900155,26,0,26
112900156,50,1236,-1186
112900157,21,110,-89
112900158,1,3,-2
112900159,28,10,18
112900160,8,154,-146
112900161,10,5,5
112900162,18,7,11
112900163,36,9,27
112900164,12,26,-14
112900165,19,12,7
112900166,7,7,0
112900167,1,7,-6
112900168,0,1,-1
112900169,0,1,-1
112900170,15,41,-26
112900172,58,0,58
112900173,74,60,14
112900174,50,0,50
112900175,31,9,22
112900176,6,12,-6
112900177,45,4,41
112900178,105,318,-213
112900179,20,448,-428
112900180,260,1538,-1278
112900181,58,5,53
112900182,7,1068,-1061
112900183,40,56,-16
112900184,179,156,23
112900185,57,164,-107
112900186,603,192,411
112900187,5,50,-45
112900188,535,101,434
112900189,1,12,-11
112900190,0,35,-35
112900192,102,78,24
112900193,261,64,197
112900194,3,58,-55
112900195,117,7,110
112900196,162,421,-259
112900197,49,287,-238
112900199,59,204,-145
112900200,64,138,-74
112900201,29,46,-17
112900202,50,578,-528
112900203,17,162,-145
112900204,215,114,101
112900205,1,0,1
112900206,2,27,-25
112900207,0,0,0
112900208,12,14,-2
112900209,109,218,-109
112900210,0,2,-2
112900211,21,1,20
112900212,0,14,-14
112900213,1,7,-6
112900214,7,0,7
112900215,2,108,-106
112900216,13,12,1
112900217,1,62,-61
112900218,1,0,1
112900219,2,10,-8
112900220,0,0,0
112900221,1,85,-84
112900222,0,11,-11
112900223,125,2,123
112900224,56,514,-458
112900225,71,400,-329
112900226,51,65,-14
112900227,31,685,-654
112900228,3,17,-14
112900229,8,37,-29
112900230,4682,917,3765
112900232,45,48,-3
112900233,11,117,-106
112900234,0,51,-51
112900235,2,2,0
112900236,24,6,18
112900237,15,365,-350
112900238,0,19,-19
112900239,248,105,143
112900240,2,141,-139
112900241,4,177,-173
112900242,0,246,-246
112900243,4,226,-222
112900244,2,151,-149
112900245,1,36,-35
112900246,0,6,-6
112900247,64,9,55
112900248,12,2,10
112900249,11,1,10
112900250,13,17,-4
112900251,9,5,4
112900252,7,12,-5
112900253,7,8,-1
112900254,1,3,-2
112900255,0,3,-3
112900256,1,6,-5
112900257,9,6,3
112900258,5,22,-17
113000001,2897,2529,368
113000002,1835,1682,153
113000003,1067,930,137
113000004,1155,1013,142
113000005,652,578,74
113000006,504,729,-225
113000007,640,823,-183
113000008,567,864,-297
113000009,317,668,-351
113000010,300,800,-500
113000011,339,1116,-777
113000012,350,412,-62
113000013,401,207,194
113000014,766,735,31
113000015,251,114,137
113000016,72,88,-16
113000017,15,180,-165
113000018,72,25,47
113000019,17,184,-167
113000020,23,7,16
113000021,280,432,-152
113000022,191,912,-721
113000025,16,156,-140
113000026,111,190,-79
113000027,343,178,165
113000028,479,190,289
113000029,406,278,128
113000030,513,330,183
113000031,342,117,225
113000032,175,82,93
113000033,243,144,99
113000034,382,151,231
113000035,9,10,-1
113000036,12,13,-1
113000037,29,22,7
113000038,5,25,-20
113000039,52,266,-214
113000040,32,75,-43
113000042,471,363,108
113000051,295,795,-500
113000052,1501,649,852
113000053,117,427,-310
113000054,89,398,-309
113000055,379,629,-250
113000056,345,1375,-1030
113000058,306,610,-304
113000059,635,398,237
113000060,25,455,-430
113000061,376,424,-48
113000062,754,90,664
113000063,19,182,-163
113000064,13,222,-209
113000065,34,862,-828
113000066,120,57,63
113000067,421,463,-42
113000068,150,1507,-1357
113000069,170,1005,-835
113000070,307,318,-11
113000071,110,372,-262
113000072,155,195,-40
113000073,219,831,-612
113000074,444,115,329
113000075,1000,213,787
113000076,701,834,-133
113000077,799,287,512
113000078,574,667,-93
113000079,469,343,126
113000080,383,382,1
113000081,408,448,-40
113000082,501,474,27
113000083,282,396,-114
113000084,920,568,352
113000085,460,274,186
113000086,434,678,-244
113000087,408,405,3
113000088,1152,706,446
113000089,537,687,-150
113000090,114,107,7
113000091,468,126,342
113000094,254,77,177
113000095,110,834,-724
113000096,74,638,-564
113000097,218,171,47
113000098,22,24,-2
113000099,422,123,299
113000100,76,292,-216
113000101,195,359,-164
113000102,181,97,84
113000103,1423,357,1066
113000104,184,1408,-1224
113000105,175,279,-104
113000106,145,393,-248
113000107,225,521,-296
113000108,377,1131,-754
113000109,257,1570,-1313
113000110,713,246,467
113000111,106,360,-254
113000112,191,259,-68
113000113,1032,168,864
113000114,294,432,-138
113000116,288,171,117
113000117,404,95,309
113000118,60,135,-75
113000119,85,243,-158
113000120,13,161,-148
113000121,137,542,-405
113000124,65,69,-4
113000125,9,294,-285
113000127,2384,344,2040
113000128,257,179,78
113000129,341,692,-351
113000133,2867,243,2624
113000134,0,199,-199
113000135,1450,914,536
113000137,1251,693,558
113000139,310,24,286
113000140,165,89,76
113000141,179,34,145
113000142,303,239,64
113000143,150,78,72
113000144,200,335,-135
113000145,37,46,-9
113000146,51,34,17
113000147,35,78,-43
113000148,30,79,-49
113000149,28,46,-18
113000150,274,198,76
113000151,81,21,60
113000152,25,45,-20
113000153,971,232,739
113000154,227,482,-255
113000155,123,141,-18
113000156,133,154,-21
113000157,183,354,-171
113000158,187,106,81
113000159,341,255,86
113000160,349,664,-315
113000161,111,505,-394
113000162,200,158,42
113000163,20,26,-6
113000164,33,55,-22
113000166,20,29,-9
113000167,9,234,-225
113000168,24,202,-178
113000169,32,24,8
113000170,38,27,11
113000171,37,77,-40
113000172,91,36,55
113000173,10,5,5
113000174,80,496,-416
113000175,80,49,31
113000176,104,55,49
113000177,50,328,-278
113000178,88,398,-310
113000179,114,28,86
113000180,221,782,-561
113000181,338,713,-375
113000182,119,105,14
113000183,78,307,-229
113000184,36,81,-45
113000189,325,324,1
113000190,782,154,628
113000192,1579,697,882
113000193,2429,492,1937
113000194,982,664,318
113000195,1322,242,1080
113000196,36,57,-21
113000197,442,364,78
113000198,15,220,-205
113000199,259,242,17
113000201,117,88,29
113000202,2144,561,1583
113000203,232,68,164
113000204,797,694,103
113000205,4,11,-7
113000206,6,25,-19
113000207,22,9,13
113000208,22,39,-17
113000209,5,5,0
113000210,8,14,-6
113000211,252,89,163
113000212,191,19,172
113000213,6,59,-53
113000214,47,137,-90
113000234,72,1098,-1026
113000410,6,36,-30
113000411,1252,2375,-1123
113000412,7382,842,6540
113000413,3044,835,2209
113000414,7095,3233,3862
113000415,1559,1087,472
113000416,5301,1403,3898
113000417,1622,1152,470
113000418,1656,1336,320
113000419,650,932,-282
113000420,1926,1311,615
113000421,2186,2051,135
113000422,12255,2816,9439
113000423,1943,1200,743
113000424,2922,2981,-59
113000425,8,31,-23
113000428,12,4,8
113000430,1,3,-2
113000432,451,27,424
113000433,70,600,-530
113000434,15,393,-378
113000435,9,848,-839
113000436,52,1061,-1009
113000437,88,12,76
113000438,51,11,40
113000439,10,168,-158
113000440,18,25,-7
113000441,41,133,-92
113000442,48,232,-184
113000443,33,215,-182
113000444,29,302,-273
113000445,31,109,-78
113000446,17,91,-74
113000448,204,62,142
113000449,180,352,-172
113000450,431,767,-336
113000451,1360,86,1274
113000452,170,196,-26
113000453,127,161,-34
113000454,397,40,357
113000455,69,102,-33
113000456,1680,925,755
113000468,1948,165,1783
113000469,87,36,51
113000470,387,74,313
113000471,7,151,-144
113000472,23,142,-119
113000474,108,462,-354
113000475,628,1143,-515
113000476,447,1264,-817
113000477,881,1445,-564
113000478,1582,3759,-2177
113000479,9,215,-206
113000483,0,0,0
113000484,0,0,0
113000485,0,0,0
113000486,0,0,0
113000487,0,0,0
113000488,0,0,0
113000489,0,0,0
113000490,0,0,0
113000491,0,0,0
113000492,0,0,0
113000493,0,0,0
113000495,148,140,8
113000496,37,47,-10
113900001,3,29,-26
113900002,0,79,-79
113900003,0,39,-39
113900004,0,8,-8
113900005,0,8,-8
113900006,0,8,-8
113900007,15,0,15
113900008,3,0,3
113900009,41,0,41
113900010,33,1,32
113900011,5,0,5
113900012,3,0,3
113900013,97,1,96
113900014,238,0,238
113900015,0,39,-39
113900016,3,0,3
113900017,0,31,-31
113900018,188,23,165
113900019,11,33,-22
113900020,18,0,18
113900022,2,0,2
113900023,0,0,0
113900024,14,45,-31
113900025,140,2,138
113900026,8,0,8
113900027,2,50,-48
113900028,6,264,-258
113900029,9,189,-180
113900030,58,1,57
113900031,0,0,0
113900032,0,0,0
113900033,43,37,6
113900035,13,0,13
113900036,4,71,-67
113900037,7,419,-412
113900038,47,14,33
113900039,25,0,25
113900040,1,4,-3
113900041,0,0,0
113900042,13,21,-8
113900043,112,32,80
113900044,49,19,30
113900045,17,1,16
113900046,154,487,-333
113900047,23,112,-89
113900048,180,5,175
113900049,623,68,555
113900050,79,223,-144
113900051,57,213,-156
113900052,65,84,-19
113900053,129,62,67
113900054,2,0,2
113900055,44,451,-407
113900056,37,80,-43
113900057,8,66,-58
113900058,27,104,-77
113900059,43,207,-164
113900060,54,141,-87
113900061,318,26,292
113900062,30,0,30
113900063,35,93,-58
113900064,8,144,-136
113900065,205,3,202
113900066,49,309,-260
113900067,9,218,-209
113900068,127,140,-13
113900069,26,4,22
113900070,117,337,-220
113900071,22,47,-25
113900072,7,106,-99
113900073,65,202,-137
113900074,8,276,-268
113900075,342,360,-18
113900076,33,5,28
113900077,11,159,-148
113900078,12,36,-24
113900079,0,41,-41
113900080,82,36,46
113900081,14,155,-141
113900082,33,81,-48
113900083,19,367,-348
113900084,68,23,45
113900085,18,302,-284
113900086,8,9,-1
113900087,19,134,-115
113900088,10,14,-4
113900089,174,21,153
113900090,104,107,-3
113900091,1,5,-4
113900092,11,26,-15
113900093,36,178,-142
113900094,47,241,-194
113900095,27,50,-23
113900096,33,24,9
113900097,7,102,-95
113900098,139,32,107
113900099,0,31,-31
113900100,0,2,-2
113900101,11,19,-8
113900102,30,34,-4
113900103,74,62,12
113900104,17,59,-42
113900105,7,249,-242
113900106,0,36,-36
113900107,0,6,-6
113900108,88,77,11
113900109,115,40,75
113900110,8,5,3
113900111,18,39,-21
113900112,7,63,-56
113900113,162,117,45
113900114,0,32,-32
113900115,0,7,-7
113900116,30,56,-26
113900117,16,3,13
113900118,69,78,-9
113900119,138,88,50
113900120,9,11,-2
113900121,19,48,-29
113900122,80,636,-556
113900123,127,53,74
113900124,0,7,-7
113900125,807,53,754
113900126,40,10,30
113900127,81,115,-34
113900128,65,23,42
113900129,6,38,-32
113900130,0,0,0
113900131,26,43,-17
113900132,23,16,7
113900133,2,21,-19
113900135,69,272,-203
113900136,48,33,15
113900137,52,75,-23
113900138,14,51,-37
113900139,320,24,296
113900140,169,28,141
113900141,64,365,-301
113900142,13,36,-23
113900143,2,6,-4
113900144,157,27,130
113900145,44,113,-69
113900146,11,17,-6
113900148,70,52,18
113900149,36,17,19
113900150,1076,110,966
113900151,55,114,-59
113900152,8,33,-25
113900153,411,71,340
113900154,0,37,-37
113900155,113,17,96
113900156,116,436,-320
113900157,10,97,-87
113900158,232,30,202
113900159,2,65,-63
113900160,196,468,-272
113900161,13,69,-56
113900162,217,91,126
113900163,103,78,25
113900164,64,37,27
113900165,222,317,-95
113900166,66,34,32
113900167,61,13,48
113900168,45,75,-30
113900169,60,295,-235
113900171,31,6,25
113900172,7,146,-139
113900173,34,492,-458
113900174,133,416,-283
113900175,76,19,57
113900176,67,497,-430
113900177,112,98,14
113900178,64,28,36
113900179,2,593,-591
113900180,42,71,-29
113900181,123,25,98
113900182,123,547,-424
113900183,7,26,-19
113900184,8,425,-417
113900185,72,33,39
113900186,9,22,-13
113900187,16,86,-70
113900188,7,59,-52
113900189,49,15,34
113900190,191,49,142
113900191,31,87,-56
113900192,1736,446,1290
113900193,8,232,-224
113900194,1255,402,853
113900195,194,351,-157
113900196,0,70,-70
113900197,1,305,-304
113900198,2,87,-85
113900199,108,400,-292
113900200,2,89,-87
113900201,1,197,-196
113900202,17,93,-76
113900203,4,161,-157
113900204,10,453,-443
113900205,16,36,-20
113900206,0,53,-53
113900207,0,26,-26
113900208,0,23,-23
113900209,0,35,-35
113900210,244,106,138
113900211,46,9,37
113900212,44,377,-333
113900214,227,184,43
113900215,3,88,-85
113900216,12,1011,-999
113900217,4,238,-234
113900218,19,14,5
113900219,38,333,-295
113900220,40,17,23
113900221,99,56,43
113900222,747,135,612
113900223,6,569,-563
113900224,69,34,35
113900225,332,59,273
113900226,132,53,79
113900227,84,55,29
113900228,135,105,30
113900229,26,242,-216
113900230,2289,487,1802
113900231,42,98,-56
113900232,23,55,-32
113900233,16,31,-15
113900234,35,154,-119
113900235,12,10,2
113900236,10,127,-117
113900237,12,5,7
113900238,56,156,-100
113900239,26,17,9
113900240,1,17,-16
113900241,63,28,35
113900242,17,68,-51
113900243,48,213,-165
113900244,411,78,333
113900245,871,109,762
113900246,0,2,-2
113900247,56,47,9
113900248,2139,307,1832
113900249,487,66,421
113900250,6,56,-50
113900251,147,161,-14
113900252,108,10,98
113900253,203,5,198
113900254,118,12,106
113900255,91,5,86
113900256,96,4,92
113900257,24,616,-592
113900258,4,378,-374
113900259,116,225,-109
113900260,33,2,31
113900261,7,112,-105
113900262,53,552,-499
113900263,22,321,-299
113900264,4,566,-562
113900265,66,213,-147
113900266,8,227,-219
113900267,40,322,-282
113900268,23,115,-92
113900269,15,64,-49
113900270,88,127,-39
113900271,141,984,-843
113900273,2,0,2
113900274,9,2,7
113900275,2,37,-35
113900276,0,186,-186
113900277,15,1,14
113900278,120,62,58
113900279,53,65,-12
113900280,435,306,129
113900281,115,353,-238
113900282,314,101,213
113900283,133,254,-121
113900284,204,50,154
113900285,47,11,36
113900286,1,96,-95
113900287,13,13,0
113900288,2,38,-36
113900289,1010,41,969
113900290,261,19,242
113900291,70,79,-9
113900292,5,3,2
113900293,3,100,-97
113900294,117,4,113
113900295,223,164,59
113900296,1015,84,931
113900297,212,12,200
113900298,8,851,-843
113900299,3,13,-10
113900300,2349,415,1934
113900301,452,151,301
113900302,1580,362,1218
113900303,358,45,313
113900304,0,101,-101
113900305,4,0,4
113900306,5,0,5
113900307,0,0,0
113900308,40,59,-19
113900309,6,614,-608
113900310,0,12,-12
113900311,1,0,1
113900312,30,34,-4
113900313,3,1,2
113900314,0,13,-13
113900315,12,0,12
114000001,599,2305,-1706
114000002,66,327,-261
114000003,104,1261,-1157
114000004,116,333,-217
114000005,98,202,-104
114000006,1825,1469,356
114000007,284,957,-673
114000008,1080,514,566
114000009,160,125,35
114000011,996,2136,-1140
114000012,631,1968,-1337
114000013,418,1539,-1121
114000014,350,419,-69
114000015,372,413,-41
114000016,157,262,-105
114000017,36,91,-55
114000018,228,36,192
114000026,316,1290,-974
114000027,654,1326,-672
114000028,673,1003,-330
114000038,52,120,-68
114000039,52,253,-201
114000040,40,96,-56
114000042,41,155,-114
114000043,42,220,-178
114000044,60,229,-169
114000045,5,87,-82
114000046,1464,2941,-1477
114000047,19,24,-5
114000048,51,156,-105
114000049,760,610,150
114000050,905,634,271
114000051,2155,864,1291
114000052,2049,639,1410
114000053,9,257,-248
114000054,14,997,-983
114000055,96,11,85
114000056,438,201,237
114000057,6088,1432,4656
114000058,181,167,14
114000059,96,70,26
114000060,263,426,-163
114000061,2078,477,1601
114000062,876,232,644
114000063,1944,951,993
114000064,4872,1169,3703
114000065,1177,1126,51
114000066,132,356,-224
114000067,29,122,-93
114000068,282,169,113
114000069,268,174,94
114000070,1297,671,626
114000071,180,366,-186
114000072,56,288,-232
114000073,4,66,-62
114000074,8,21,-13
114000075,9,160,-151
114000076,4,139,-135
114000077,1,29,-28
114000078,48,1060,-1012
114000079,16,32,-16
114000080,55,51,4
114000081,27,46,-19
114000082,38,465,-427
114000083,4,247,-243
114000084,23,47,-24
114000085,45,605,-560
114000086,59,551,-492
114000087,11,250,-239
114000088,10,34,-24
114000089,1097,272,825
114000090,319,194,125
114000091,674,219,455
114000092,529,151,378
114000093,360,353,7
114000094,180,250,-70
114000095,33,38,-5
114000096,49,458,-409
114000097,55,744,-689
114000098,93,21,72
114000099,54,881,-827
114000100,170,459,-289
114000101,115,984,-869
114000102,79,144,-65
114000103,69,336,-267
114000104,2,176,-174
114000105,29,17,12
114000106,504,151,353
114000107,25,60,-35
114000108,2566,1043,1523
114000109,83,241,-158
114000110,193,1243,-1050
114000111,229,175,54
114000112,140,1923,-1783
114000113,271,161,110
114000114,634,1547,-913
114000115,472,215,257
114000116,132,307,-175
114000117,402,171,231
114000118,317,157,160
114000119,291,86,205
114000120,187,436,-249
114000121,251,363,-112
114000122,146,168,-22
114000123,226,99,127
114000124,120,155,-35
114000125,274,756,-482
114000126,225,91,134
114000127,43,71,-28
114000128,303,267,36
114000130,121,196,-75
114000131,35,13,22
114000132,294,624,-330
114000133,575,937,-362
114000134,29,150,-121
114000138,29,130,-101
114000139,452,65,387
114000144,221,92,129
114000145,29,106,-77
114000146,52,201,-149
114000147,347,344,3
114000148,1336,389,947
114000149,181,79,102
114000150,1386,538,848
114000151,1278,474,804
114000152,111,4,107
114000153,803,893,-90
114000154,737,482,255
114000155,821,778,43
114000156,398,226,172
114000157,125,398,-273
114000158,1766,378,1388
114000159,213,224,-11
114000160,78,141,-63
114000161,801,300,501
114000162,480,308,172
114000163,9,144,-135
114000165,153,82,71
114000166,435,86,349
114000167,3043,637,2406
114000168,536,485,51
114000169,942,185,757
114000170,413,165,248
114000171,337,462,-125
114000174,118,302,-184
114000176,393,252,141
114000177,1365,450,915
114000178,7,50,-43
114000179,673,316,357
114000180,159,312,-153
114000181,634,820,-186
114000182,3435,1198,2237
114000183,648,728,-80
114000184,5345,1166,4179
114000185,379,448,-69
114000189,71,9,62
114000190,384,33,351
114000191,6,9,-3
114000192,224,1108,-884
114000193,709,2312,-1603
114000194,490,913,-423
114000195,17,4,13
114000196,5,270,-265
114000197,238,3,235
114000198,664,221,443
114000199,1061,535,526
114000200,259,1802,-1543
114000201,52,822,-770
114000202,333,501,-168
114000203,330,1055,-725
114000204,40,274,-234
114000205,128,1153,-1025
114000206,185,836,-651
114000207,362,1780,-1418
114000208,273,2479,-2206
114000209,341,2835,-2494
114000210,203,1328,-1125
114000211,399,797,-398
114000212,313,457,-144
114000213,496,387,109
114000214,23,149,-126
114000215,21,37,-16
114000216,185,85,100
114000217,20,222,-202
114000218,51,269,-218
114000219,214,187,27
114000220,4,1271,-1267
114000221,150,42,108
114000222,111,1027,-916
114000223,118,17,101
114000224,61,473,-412
114000225,37,345,-308
114000226,14,213,-199
114000227,353,353,0
114000228,196,706,-510
114000229,176,630,-454
114000230,431,1101,-670
114000231,229,855,-626
114000232,133,76,57
114000233,408,74,334
114000234,378,642,-264
114000235,276,1353,-1077
114000236,2,394,-392
114000237,43,893,-850
114000238,20,85,-65
114000239,71,1198,-1127
114000240,221,420,-199
114000241,136,837,-701
114000242,487,651,-164
114000243,272,332,-60
114000244,149,128,21
114000245,133,416,-283
114000246,101,36,65
114000247,203,409,-206
114000248,204,259,-55
114000249,194,275,-81
114000250,74,358,-284
114000251,29,253,-224
114000252,45,54,-9
114000253,18,192,-174
114000254,12,57,-45
114000255,250,107,143
114000256,667,138,529
114000257,565,1490,-925
114000258,48,326,-278
114000259,38,212,-174
114000260,0,12,-12
114000261,19,14,5
114000262,21,132,-111
114000263,0,0,0
114000264,115,455,-340
114000265,0,1,-1
114000267,2,872,-870
114000268,4,1679,-1675
114000270,45,3,42
114000271,133,70,63
114000283,264,233,31
114000285,45,240,-195
114000288,17,372,-355
114000289,432,161,271
114000293,29,218,-189
114000294,81,169,-88
114000395,428,27,401
114000396,64,109,-45
114000402,98,235,-137
114000403,106,386,-280
114000405,34,495,-461
114000423,41,413,-372
114000424,189,151,38
114000425,83,499,-416
114000426,109,194,-85
114000427,21,102,-81
114000428,135,33,102
114000429,4,146,-142
114000432,23,84,-61
114000434,17,72,-55
114000435,0,126,-126
114900001,81,1158,-1077
114900002,83,25,58
114900003,66,1764,-1698
114900004,46,48,-2
114900005,97,757,-660
114900006,9,5,4
114900007,33,1,32
114900008,33,17,16
114900010,2024,780,1244
114900011,20,40,-20
114900013,25,26,-1
114900018,257,19,238
114900020,28,35,-7
114900022,1,333,-332
114900025,92,131,-39
114900026,15,13,2
114900029,18,22,-4
114900030,73,158,-85
114900031,28,33,-5
114900032,9,13,-4
114900034,23,241,-218
114900035,92,108,-16
114900036,101,1054,-953
114900039,255,669,-414
114900040,19,195,-176
114900041,101,678,-577
114900042,171,771,-600
114900044,13,5,8
114900047,92,592,-500
114900048,15,150,-135
114900049,15,309,-294
114900050,22,520,-498
114900051,4,390,-386
114900052,39,86,-47
114900053,18,114,-96
114900054,29,91,-62
114900057,46,0,46
114900058,0,51,-51
114900059,10,11,-1
114900063,14,240,-226
114900064,235,605,-370
114900065,72,348,-276
114900067,13,220,-207
114900068,26,197,-171
114900069,118,113,5
114900070,94,563,-469
114900072,9,139,-130
114900073,1,125,-124
114900074,59,623,-564
114900075,25,0,25
114900076,2,227,-225
114900080,2444,233,2211
114900082,2539,889,1650
114900083,122,364,-242
114900090,67,52,15
114900091,59,86,-27
114900097,17,2,15
114900098,2,183,-181
114900099,19,1,18
115000001,6568,4461,2107
115000002,1465,1594,-129
115000003,2335,3484,-1149
115000004,832,2356,-1524
115000005,651,2181,-1530
115000006,204,791,-587
115000007,46,71,-25
115000008,174,264,-90
115000009,78,247,-169
115000010,131,77,54
115000013,53,52,1
115000015,100,92,8
115000016,43,79,-36
115000019,27,143,-116
115000020,65,68,-3
115000021,141,234,-93
115000022,169,203,-34
115000023,111,102,9
115000024,536,330,206
115000025,276,165,111
115000026,39,221,-182
115000027,123,94,29
115000028,37,317,-280
115000029,74,46,28
115000030,73,447,-374
115000031,224,61,163
115000032,4,223,-219
115000033,44,6,38
115000034,63,321,-258
115000035,220,2,218
115000036,3,281,-278
115000037,59,0,59
115000038,31,126,-95
115000039,1331,822,509
115000040,3701,1508,2193
115000041,462,947,-485
115000042,430,240,190
115000043,1785,991,794
115000044,2385,2786,-401
115000045,987,2229,-1242
115000046,610,1356,-746
115000047,667,1371,-704
115000048,810,2478,-1668
115000049,776,1914,-1138
115000050,1187,949,238
115000051,923,541,382
115000052,2306,1275,1031
115000053,619,481,138
115000054,586,960,-374
115000055,34,290,-256
115000056,60,105,-45
115000057,146,346,-200
115000058,86,88,-2
115000059,36,200,-164
115000061,69,53,16
115000062,42,241,-199
115000063,36,239,-203
115000064,79,92,-13
115000065,16,109,-93
115000067,65,11,54
115000069,16,170,-154
115000070,12,238,-226
115000071,51,1,50
115000072,15,27,-12
115000073,554,32,522
115000075,5,47,-42
115000076,2169,2266,-97
115000077,573,3287,-2714
115000078,252,1433,-1181
115000079,336,2020,-1684
115000080,692,2450,-1758
115000081,197,685,-488
115000082,1199,1492,-293
115000083,774,2627,-1853
115000084,357,635,-278
115000085,179,830,-651
115000086,143,715,-572
115000087,247,874,-627
115000088,687,353,334
115000089,1081,1021,60
115000090,409,326,83
115000091,238,1012,-774
115000092,173,226,-53
115000093,173,1,172
115000094,5192,2276,2916
115000095,4233,2006,2227
115000096,276,1830,-1554
115000097,162,475,-313
115000098,252,598,-346
115000099,542,2420,-1878
115000100,253,355,-102
115000101,171,1133,-962
115000102,118,98,20
115000103,224,773,-549
115000105,43,170,-127
115000106,96,132,-36
115000107,54,527,-473
115000108,2276,2018,258
115000109,3338,927,2411
115000110,501,341,160
115000111,266,775,-509
115000112,226,153,73
115000113,298,432,-134
115000114,660,435,225
115000116,1517,548,969
115000117,1800,649,1151
115000118,812,666,146
115000119,744,709,35
115000120,268,281,-13
115000121,1145,327,818
115000122,1933,273,1660
115000123,969,369,600
115000124,383,335,48
115000125,107,402,-295
115000126,39,146,-107
115000127,125,67,58
115000128,733,368,365
115000129,67,78,-11
115000130,103,760,-657
115000131,105,187,-82
115000132,46,437,-391
115000133,103,248,-145
115000134,33,176,-143
115000135,32,158,-126
115000136,66,137,-71
115000137,26,127,-101
115000138,67,161,-94
115000139,113,178,-65
115000140,40,122,-82
115000141,66,230,-164
115000142,53,210,-157
115000143,111,317,-206
115000144,142,42,100
115000145,78,430,-352
115000146,82,121,-39
115000147,113,415,-302
115000148,102,896,-794
115000149,125,73,52
115000150,206,978,-772
115000151,154,193,-39
115000152,193,1304,-1111
115000153,148,182,-34
115000154,127,164,-37
115000155,171,910,-739
115000156,287,288,-1
115000157,379,484,-105
115000158,195,145,50
115000159,300,134,166
115000160,247,92,155
115000161,99,252,-153
115000162,260,194,66
115000163,441,324,117
115000164,253,286,-33
115000165,113,158,-45
115000167,37,57,-20
115000168,229,214,15
115000169,254,204,50
115000170,43,89,-46
115000171,109,118,-9
115000172,1157,284,873
115000173,114,71,43
115000174,24,103,-79
115000175,62,113,-51
115000176,24,30,-6
115000177,37,39,-2
115000178,11,199,-188
115000179,18,13,5
115000180,27,491,-464
115000181,99,53,46
115000182,164,181,-17
115000183,46,594,-548
115000186,194,130,64
115000187,28,411,-383
115000188,235,195,40
115000189,97,203,-106
115000190,286,138,148
115000191,122,176,-54
115000194,56,67,-11
115000195,155,110,45
115000196,30,86,-56
115000197,39,379,-340
115000198,40,182,-142
115000199,44,341,-297
115000200,84,80,4
115000201,33,337,-304
115000206,64,21,43
115000207,14,187,-173
115000208,214,299,-85
115000209,102,74,28
115000210,30,48,-18
115000211,90,54,36
115000212,826,180,646
115000224,39,28,11
115000225,29,28,1
115000229,112,67,45
115000230,17,236,-219
115000231,157,2001,-1844
115000232,398,245,153
115000233,17,181,-164
115000234,13,146,-133
115000241,20,149,-129
115000242,10,180,-170
115000243,20,203,-183
115000244,2,77,-75
115000246,15,6,9
115000247,8,3,5
115000248,12,4,8
115000249,8,5,3
115000250,65,39,26
115000251,26,76,-50
115000252,15,83,-68
115000253,2,110,-108
115000258,41,109,-68
115000259,96,86,10
115000261,5,23,-18
115000262,9,20,-11
115000263,3,19,-16
115000264,7,22,-15
115000267,12,33,-21
115000268,13,48,-35
115000269,15,28,-13
115000270,1,1,0
115000272,26,71,-45
115000273,57,3,54
115000280,2227,43,2184
115000281,378,40,338
115000282,311,115,196
115000284,289,66,223
115000296,143,2,141
115000297,90,10,80
115000298,207,51,156
115000300,56,113,-57
115000302,49,74,-25
115000303,73,71,2
115000304,114,64,50
115000305,26,865,-839
115000306,38,616,-578
115000307,12,293,-281
115000308,35,4,31
115000310,249,1093,-844
115000311,108,875,-767
115000313,101,583,-482
115000314,58,49,9
115000315,910,147,763
115000316,6,18,-12
115000317,96,468,-372
115000318,186,92,94
115000319,37,175,-138
115000320,3,70,-67
115000321,62,5,57
115000322,20,174,-154
115000449,142,21,121
115000557,24,161,-137
115000558,112,35,77
115000587,117,206,-89
115000588,1259,2856,-1597
115000589,1447,1645,-198
115000590,397,969,-572
115000591,528,389,139
115000592,272,915,-643
115000593,583,243,340
115000594,409,793,-384
115000609,76,75,1
115000617,804,549,255
115000624,30,73,-43
115000633,187,1032,-845
115000634,1075,354,721
115000635,97,66,31
115000638,968,402,566
115000641,49,44,5
115000642,231,134,97
115000643,25,299,-274
115000644,72,291,-219
115000646,271,382,-111
115000647,178,312,-134
115000648,316,974,-658
115000893,2475,404,2071
115000894,39,774,-735
115000895,231,585,-354
115000896,625,183,442
115000897,149,14,135
115000898,347,74,273
115000899,759,458,301
115000900,66,166,-100
115000901,39,37,2
115000912,76,10,66
115000913,3,33,-30
115000915,3,0,3
115000916,0,0,0
115000917,0,1,-1
115000918,79,45,34
115000919,16,2,14
115000920,2,11,-9
115000921,977,25,952
115000922,699,167,532
115000923,276,476,-200
115000925,7,33,-26
115000927,3,15,-12
115000933,241,55,186
115000934,5,136,-131
115000935,15,45,-30
115000936,42,81,-39
115000937,1049,64,985
115000938,140,61,79
115000939,229,70,159
115000940,4,3,1
115000941,0,3,-3
115000942,34,10,24
115000943,25,7,18
115000944,11,5,6
115900001,8,75,-67
115900002,55,80,-25
115900003,8,101,-93
115900004,2,30,-28
115900005,12,0,12
115900006,19,259,-240
115900008,9,5,4
115900009,15,169,-154
115900010,47,110,-63
115900011,73,215,-142
115900012,8,111,-103
115900013,194,78,116
115900014,42,121,-79
115900015,7,127,-120
115900016,10,14,-4
115900017,1,0,1
115900018,159,63,96
115900019,165,12,153
115900020,2,0,2
115900021,1108,47,1061
115900022,1586,3,1583
115900023,1,0,1
115900025,24,48,-24
115900026,572,247,325
115900027,0,326,-326
115900028,289,20,269
115900029,2,463,-461
115900030,14,2,12
115900031,95,36,59
115900032,74,309,-235
115900033,0,17,-17
115900034,6,431,-425
115900035,8,10,-2
115900036,122,123,-1
115900037,6,387,-381
115900038,14,0,14
115900039,33,231,-198
115900041,127,146,-19
115900042,4,1,3
115900043,9,121,-112
115900044,72,67,5
115900046,43,195,-152
115900047,15,9,6
115900049,22,111,-89
115900051,0,47,-47
115900052,8,330,-322
115900053,40,206,-166
115900054,15,31,-16
115900055,8,154,-146
115900056,20,265,-245
115900057,0,0,0
115900058,24,67,-43
115900060,17,71,-54
115900061,16,0,16
115900062,4,321,-317
115900063,25,9,16
115900064,70,92,-22
115900065,11,90,-79
115900066,106,124,-18
115900067,4,555,-551
115900068,3537,84,3453
115900069,18,91,-73
115900070,53,173,-120
115900071,2,574,-572
115900072,62,159,-97
115900073,12,5,7
115900074,0,386,-386
115900075,11,251,-240
115900076,0,76,-76
115900077,5,330,-325
115900078,8,89,-81
115900079,19,2,17
115900080,192,102,90
115900081,3,86,-83
115900082,88,80,8
115900084,35,6,29
115900085,27,29,-2
115900086,908,217,691
115900088,3,19,-16
115900089,39,714,-675
115900090,21,4,17
115900091,0,5,-5
115900092,4,237,-233
115900093,1,13,-12
115900094,2,355,-353
115900096,0,29,-29
115900097,2,542,-540
115900098,29,272,-243
115900099,2,83,-81
115900100,3,396,-393
115900101,22,268,-246
115900102,8,61,-53
115900103,49,156,-107
115900104,3,130,-127
115900105,21,609,-588
115900106,7,7,0
115900107,11,174,-163
115900108,20,25,-5
115900109,20,326,-306
115900110,0,10,-10
115900111,3,67,-64
115900112,11,422,-411
115900113,7,7,0
115900114,8,134,-126
115900115,5,37,-32
115900116,22,676,-654
115900117,6,5,1
115900118,3,334,-331
115900119,20,41,-21
115900120,6,201,-195
115900121,28,145,-117
115900124,75,102,-27
115900125,60,10,50
115900126,117,19,98
115900127,91,11,80
115900128,3,104,-101
115900129,136,3,133
115900130,16,110,-94
115900131,27,4,23
115900132,38,4,34
115900134,35,7,28
115900135,371,151,220
115900137,2,0,2
115900139,25,8,17
115900140,28,7,21
115900141,0,6,-6
115900142,1,2,-1
115900143,27,109,-82
115900144,6,87,-81
115900146,2,137,-135
115900147,35,64,-29
115900148,0,16,-16
115900149,7,27,-20
115900150,3,73,-70
115900151,4,46,-42
115900152,5,231,-226
115900153,6,133,-127
115900154,254,153,101
115900155,0,56,-56
115900156,168,289,-121
115900157,30,156,-126
115900158,28,7,21
115900159,13,132,-119
115900160,3,4,-1
115900161,5,83,-78
115900163,30,39,-9
115900164,46,0,46
115900166,71,111,-40
115900168,17,69,-52
115900171,13,174,-161
115900172,8,68,-60
115900173,28,96,-68
115900174,117,117,0
115900175,22,103,-81
115900178,4,556,-552
115900179,37,8,29
115900180,22,287,-265
115900181,36,204,-168
115900182,71,243,-172
115900183,22,7,15
115900184,651,8,643
115900187,1,75,-74
115900189,0,18,-18
115900190,105,87,18
115900191,21,335,-314
115900192,1,42,-41
115900193,22,13,9
115900194,82,13,69
115900195,113,149,-36
115900198,73,108,-35
115900199,30,140,-110
115900200,161,99,62
115900201,35,109,-74
115900202,0,1,-1
115900203,0,0,0
115900204,0,0,0
115900205,12,2,10
115900206,12,54,-42
115900207,1,5,-4
115900208,10,266,-256
115900209,0,133,-133
115900210,0,103,-103
115900211,2,119,-117
115900212,25,142,-117
115900213,13,8,5
115900214,66,57,9
115900215,4,8,-4
115900216,4,66,-62
115900217,1,55,-54
115900218,0,42,-42
115900219,23,0,23
115900220,7,1,6
115900221,3,11,-8
115900222,5,3,2
115900223,0,14,-14
115900224,1165,76,1089
115900225,91,7,84
115900226,4,20,-16
115900227,11,22,-11
115900228,1,18,-17
115900229,2,43,-41
115900230,24,40,-16
115900231,19,0,19
115900232,26,0,26
115900233,12,2,10
115900234,13,13,0
115900235,0,7,-7
115900236,1,16,-15
115900237,0,38,-38
115900238,2,19,-17
115900239,0,23,-23
115900240,1,38,-37
115900241,41,24,17
115900242,104,40,64
115900243,2,1,1
115900244,1,6,-5
115900245,0,9,-9
115900246,3,1,2
115900247,11,0,11
115900248,4,1,3
115900249,0,3,-3
115900250,1,2,-1
115900251,0,1,-1
115900252,0,0,0
115900253,0,4,-4
115900254,3,7,-4
115900255,1,6,-5
115900256,21,8,13
115900257,0,8,-8
115900258,0,0,0
115900259,1,1,0
115900260,16,1,15
115900261,6,0,6
115900262,2,1,1
115900263,4,0,4
115900264,1,7,-6
115900265,1,1,0
115900266,1,2,-1
115900267,0,4,-4
115900268,1,3,-2
115900269,47,216,-169
115900270,80,553,-473
115900271,3,0,3
115900272,0,0,0
115900273,1,0,1
115900274,3,9,-6
115900275,0,14,-14
115900276,0,56,-56
115900277,0,113,-113
115900278,5,36,-31
115900279,0,28,-28
115900280,10,59,-49
115900281,455,54,401
115900282,11,2,9
115900283,0,5,-5
115900284,2,8,-6
116000001,11598,2662,8936
116000002,1437,1290,147
116000003,1112,1489,-377
116000004,589,693,-104
116000005,999,1552,-553
116000006,425,499,-74
116000007,2049,2710,-661
116000008,1034,607,427
116000009,977,1880,-903
116000010,538,312,226
116000011,395,1204,-809
116000012,292,291,1
116000013,11219,2568,8651
116000014,14635,2305,12330
116000015,209,249,-40
116000016,2840,383,2457
116000017,825,268,557
116000018,561,273,288
116000019,155,148,7
116000020,211,805,-594
116000021,75,144,-69
116000022,125,348,-223
116000023,177,222,-45
116000024,322,984,-662
116000025,240,228,12
116000026,566,1194,-628
116000027,67,139,-72
116000028,151,228,-77
116000029,508,306,202
116000030,121,103,18
116000031,70,113,-43
116000032,70,131,-61
116000033,130,279,-149
116000034,151,438,-287
116000035,92,254,-162
116000036,832,137,695
116000037,261,156,105
116000038,223,97,126
116000039,392,165,227
116000040,227,34,193
116000041,121,356,-235
116000042,290,150,140
116000043,28,345,-317
116000044,7,42,-35
116000045,435,199,236
116000046,156,403,-247
116000047,733,906,-173
116000048,776,541,235
116000049,389,788,-399
116000050,967,905,62
116000051,1019,911,108
116000052,1478,1865,-387
116000053,501,600,-99
116000054,355,1430,-1075
116000055,197,1100,-903
116000056,187,501,-314
116000057,1235,1360,-125
116000058,1683,1065,618
116000059,872,1417,-545
116000060,1684,434,1250
116000061,261,461,-200
116000062,305,137,168
116000063,169,698,-529
116000066,104,106,-2
116000067,284,442,-158
116000068,47,165,-118
116000069,371,540,-169
116000078,71,501,-430
116000080,408,725,-317
116000082,2,60,-58
116000083,430,162,268
116000084,1027,2463,-1436
116000085,734,366,368
116000086,1233,1159,74
116000087,520,439,81
116000088,396,707,-311
116000089,35,33,2
116000090,67,61,6
116000091,55,52,3
116000093,575,257,318
116000094,74,374,-300
116000095,261,252,9
116000096,164,549,-385
116000097,151,512,-361
116000098,124,1715,-1591
116000099,5280,211,5069
116000100,24,1,23
116000101,163,989,-826
116000102,84,921,-837
116000103,101,140,-39
116000104,45,1043,-998
116000105,165,148,17
116000106,80,975,-895
116000107,260,356,-96
116000108,9,122,-113
116000111,16,15,1
116000113,51,9,42
116000114,10,101,-91
116000115,30,17,13
116000116,75,422,-347
116000117,334,915,-581
116000118,467,979,-512
116000119,520,841,-321
116000120,1095,2836,-1741
116000121,242,198,44
116000122,613,1841,-1228
116000123,118,217,-99
116000124,105,777,-672
116000125,339,217,122
116000126,113,990,-877
116000127,439,934,-495
116000128,367,306,61
116000129,153,146,7
116000130,137,113,24
116000133,110,583,-473
116000134,515,2182,-1667
116000135,365,720,-355
116000136,308,1689,-1381
116000137,158,277,-119
116000138,878,189,689
116000139,812,1359,-547
116000140,33,135,-102
116000141,128,470,-342
116000142,1390,748,642
116000143,1151,764,387
116000144,1030,2947,-1917
116000145,599,937,-338
116000146,116,319,-203
116000147,81,66,15
116000148,90,191,-101
116000149,112,396,-284
116000151,105,241,-136
116000153,159,84,75
116000155,123,278,-155
116000156,569,578,-9
116000157,10,16,-6
116000158,64,259,-195
116000159,5,1,4
116000160,2,70,-68
116000161,7,44,-37
116000162,14,18,-4
116000163,3,2,1
116000164,0,2,-2
116000177,15,59,-44
116000194,277,282,-5
116000195,419,393,26
116000196,1,2,-1
116000197,1,1,0
116000198,1022,684,338
116000200,372,117,255
116000201,249,349,-100
116000202,3,219,-216
116000203,3,56,-53
116000204,5,24,-19
116000205,0,98,-98
116000206,0,73,-73
116000207,0,31,-31
116000233,44,473,-429
116000287,33,459,-426
116000288,41,192,-151
116000292,0,143,-143
116000296,3,160,-157
116000297,13,5,8
116000304,19,11,8
116000305,20,44,-24
116000346,18,134,-116
116000352,12,32,-20
116000354,3,1,2
116000357,3,6,-3
116000358,48,10,38
116000361,420,2,418
116000372,6628,885,5743
116000381,6,0,6
116000388,2,31,-29
116000389,232,393,-161
116000445,55,611,-556
116000446,80,628,-548
116000447,9,223,-214
116000448,261,156,105
116000563,424,197,227
116000565,54,321,-267
116000568,9,27,-18
116000579,11,81,-70
116000583,29,60,-31
116000584,1,13,-12
116000585,4,12,-8
116000586,112,29,83
116000587,44,228,-184
116000589,13,49,-36
116000590,13,20,-7
116000591,35,185,-150
116000592,4,99,-95
116000593,0,53,-53
116000594,77,404,-327
116000595,101,136,-35
116000596,4,4,0
116000597,36,38,-2
116000598,8,158,-150
116000605,47,58,-11
116000606,9,40,-31
116000607,2,34,-32
116000609,66,233,-167
116000611,32,431,-399
116000612,246,1199,-953
116000613,83,205,-122
116000614,271,692,-421
116000615,1,46,-45
116000616,5,79,-74
116000617,20,63,-43
116000618,1,123,-122
116000619,3,28,-25
116000620,6,205,-199
116000621,7,36,-29
116000622,6,88,-82
116000624,13,62,-49
116000627,7,48,-41
116000628,14,322,-308
116000629,9,184,-175
116000630,35,13,22
116000631,12,26,-14
116000632,59,80,-21
116000633,29,299,-270
116000634,65,60,5
116000635,1651,1301,350
116000636,659,575,84
116000637,42,9,33
116000638,24,342,-318
116000639,13,2,11
116000640,6,8,-2
116000641,86,150,-64
116000643,24,307,-283
116000644,20,965,-945
116000645,13,10,3
116900001,32,69,-37
116900002,140,4,136
116900003,1,57,-56
116900004,11,8,3
116900005,48,33,15
116900006,97,102,-5
116900007,32,91,-59
116900008,42,384,-342
116900009,3,0,3
116900010,79,1656,-1577
116900011,4,14,-10
116900012,25,101,-76
116900013,3,117,-114
116900014,12,350,-338
116900015,60,39,21
116900016,17,0,17
116900017,0,651,-651
116900018,11,14,-3
116900019,2,256,-254
116900020,731,85,646
116900023,14,5,9
116900024,50,54,-4
116900025,161,784,-623
116900026,69,402,-333
116900027,4,25,-21
116900028,2,49,-47
116900029,0,8,-8
116900031,0,7,-7
116900032,1,236,-235
116900033,1,2,-1
116900034,3,66,-63
116900035,23,119,-96
116900036,1,78,-77
116900038,0,1,-1
116900041,4,2,2
116900042,555,100,455
116900043,25,35,-10
116900047,60,14,46
116900049,24,143,-119
116900050,21,199,-178
116900051,4,122,-118
116900052,67,46,21
116900055,0,0,0
116900057,5,193,-188
116900058,6,256,-250
116900059,1,55,-54
116900060,49,171,-122
116900062,0,0,0
116900064,23,776,-753
116900065,3,65,-62
116900067,14,85,-71
116900068,47,492,-445
116900070,0,1,-1
116900072,8,340,-332
116900073,9,124,-115
116900074,0,13,-13
116900076,2,6,-4
116900077,9,185,-176
116900078,130,92,38
116900079,3,216,-213
116900080,0,10,-10
116900081,66,744,-678
116900082,41,762,-721
116900083,6,52,-46
116900084,86,30,56
116900085,9,94,-85
116900086,6,218,-212
116900088,242,24,218
116900090,64,26,38
116900091,25,53,-28
116900092,14,481,-467
116900093,1004,630,374
116900094,4347,766,3581
116900095,58,136,-78
116900096,50,26,24
116900097,1930,484,1446
116900098,690,68,622
116900099,220,144,76
116900100,117,1,116
116900101,124,508,-384
116900103,0,2,-2
116900104,12,63,-51
116900105,96,8,88
116900106,136,3,133
116900107,2531,423,2108
116900110,1,0,1
116900111,91,689,-598
116900112,53,441,-388
116900113,1521,354,1167
116900116,38,49,-11
116900117,5,60,-55
116900118,743,239,504
116900120,47,50,-3
116900121,9,16,-7
116900122,75,663,-588
116900123,21,556,-535
116900124,66,522,-456
116900125,41,127,-86
116900126,78,184,-106
116900128,0,17,-17
116900129,0,189,-189
116900130,702,912,-210
116900131,9,121,-112
116900132,4,37,-33
116900133,23,54,-31
116900134,26,133,-107
116900136,43,99,-56
116900137,83,107,-24
116900138,51,174,-123
116900139,25,230,-205
116900140,62,109,-47
116900141,189,148,41
116900142,1,1,0
116900143,79,297,-218
116900144,2,5,-3
116900145,14,218,-204
116900147,346,195,151
116900148,1,5,-4
116900149,4,31,-27
116900150,2,0,2
116900151,36,9,27
116900153,10,30,-20
116900154,89,49,40
116900155,5,18,-13
116900157,51,177,-126
116900158,12,28,-16
116900159,14,120,-106
116900160,176,109,67
116900161,7362,1288,6074
116900162,2,105,-103
116900163,23,95,-72
116900164,6,14,-8
116900165,28,53,-25
116900166,5,71,-66
116900167,71,35,36
116900168,23,34,-11
116900169,320,57,263
116900170,33,89,-56
116900171,25,211,-186
116900172,73,27,46
116900173,13,32,-19
116900174,3,22,-19
116900175,34,35,-1
116900178,1,161,-160
116900179,26,19,7
116900180,11,12,-1
116900182,69,119,-50
116900183,29,26,3
116900185,5,4,1
116900186,35,259,-224
116900187,4,2,2
116900188,23,2,21
116900189,7,0,7
116900191,54,193,-139
116900192,50,82,-32
116900194,8,166,-158
116900195,5,4,1
116900196,4,97,-93
116900197,9,1,8
116900198,194,36,158
116900200,1,22,-21
116900201,14,2,12
116900202,32,43,-11
116900203,20,0,20
116900204,20,25,-5
116900206,3,47,-44
116900207,3,14,-11
116900208,1,93,-92
116900209,6,68,-62
116900210,98,116,-18
116900211,75,4,71
116900212,2,41,-39
116900213,29,135,-106
116900214,12,52,-40
116900215,6,56,-50
116900216,47,254,-207
116900218,2,226,-224
116900219,307,292,15
116900220,50,142,-92
116900221,14,171,-157
116900222,146,185,-39
116900223,22,63,-41
116900226,5,53,-48
116900227,30,31,-1
116900228,77,247,-170
116900230,20,222,-202
116900231,8,373,-365
116900232,2,378,-376
116900233,24,26,-2
116900234,16,3,13
116900235,83,265,-182
116900238,777,170,607
116900239,23,282,-259
116900240,3733,715,3018
116900241,14,120,-106
116900242,695,98,597
116900243,0,30,-30
116900245,7,6,1
116900246,18,53,-35
116900247,72,15,57
116900248,3,11,-8
116900249,51,63,-12
116900250,33,33,0
116900251,308,72,236
116900252,9,619,-610
116900254,3,50,-47
116900255,54,7,47
116900256,68,48,20
116900257,3,509,-506
116900258,0,293,-293
116900259,16,5,11
116900260,0,120,-120
116900261,8,4,4
116900262,48,74,-26
116900263,0,4,-4
116900264,13,9,4
116900265,4,1,3
116900266,1,22,-21
116900267,0,0,0
116900268,2,8,-6
116900269,139,318,-179
116900271,1439,30,1409
116900272,264,361,-97
116900273,117,22,95
116900274,26,47,-21
116900275,20,80,-60
116900276,100,22,78
116900277,223,5,218
116900278,0,6,-6
116900279,0,9,-9
116900280,1,10,-9
116900281,4855,686,4169
116900282,0,94,-94
116900283,6,80,-74
116900284,3,157,-154
116900285,210,55,155
116900286,78,3,75
116900287,2,64,-62
116900288,27,110,-83
116900289,1,19,-18
116900290,2,23,-21
116900291,1,4,-3
116900292,0,0,0
116900293,3,54,-51
116900294,8,43,-35
116900295,83,20,63
116900296,20,38,-18
116900297,1,9,-8
116900298,44,21,23
116900299,24,35,-11
116900300,1,56,-55
116900301,22,82,-60
116900302,19,17,2
116900303,254,7,247
116900304,0,37,-37
116900305,4,10,-6
116900306,15,127,-112
116900307,11,2,9
116900308,1,155,-154
116900309,6,57,-51
116900310,0,34,-34
116900311,1,64,-63
117000001,464,529,-65
117000002,768,2732,-1964
117000003,2336,1088,1248
117000004,1943,2755,-812
117000005,493,602,-109
117000006,437,3400,-2963
117000007,908,647,261
117000008,564,2557,-1993
117000009,1806,490,1316
117000010,1339,2288,-949
117000011,437,903,-466
117000012,470,1460,-990
117000013,448,734,-286
117000014,350,1575,-1225
117000015,1413,602,811
117000016,187,50,137
117000017,246,74,172
117000018,60,182,-122
117000019,55,11,44
117000020,455,377,78
117000021,2029,276,1753
117000022,210,29,181
117000023,261,85,176
117000024,216,35,181
117000025,490,353,137
117000026,1371,406,965
117000027,930,794,136
117000028,487,270,217
117000030,312,438,-126
117000031,238,117,121
117000032,1025,889,136
117000033,664,769,-105
117000034,178,249,-71
117000035,78,141,-63
117000036,139,152,-13
117000037,87,127,-40
117000038,83,241,-158
117000039,156,184,-28
117000040,43,1111,-1068
117000041,205,81,124
117000044,11,832,-821
117000045,193,27,166
117000046,219,736,-517
117000047,153,297,-144
117000048,1087,854,233
117000049,48,171,-123
117000050,31,1995,-1964
117000051,556,84,472
117000052,12,567,-555
117000053,47,40,7
117000054,522,1,521
117000055,93,2227,-2134
117000056,117,4,113
117000057,383,1369,-986
117000060,159,1351,-1192
117000061,461,396,65
117000062,88,324,-236
117000063,358,254,104
117000064,465,461,4
117000066,469,271,198
117000067,40,145,-105
117000074,36,42,-6
117000076,30,26,4
117000077,42,36,6
117000078,41,320,-279
117000079,48,43,5
117000080,1,284,-283
117000081,200,72,128
117000082,40,31,9
117000083,125,86,39
117000084,112,0,112
117000085,57,230,-173
117000086,518,490,28
117000087,78,290,-212
117000088,143,98,45
117000089,591,175,416
117000090,113,1412,-1299
117000091,144,199,-55
117000092,149,1552,-1403
117000093,234,326,-92
117000094,204,1974,-1770
117000095,603,379,224
117000096,219,2076,-1857
117000097,283,580,-297
117000098,1535,4237,-2702
117000099,825,315,510
117000100,51,57,-6
117000101,143,942,-799
117000102,290,223,67
117000103,472,1570,-1098
117000104,354,190,164
117000105,321,1654,-1333
117000106,267,286,-19
117000107,175,1940,-1765
117000108,351,339,12
117000109,999,2632,-1633
117000110,317,259,58
117000111,1336,2475,-1139
117000112,1098,1075,23
117000113,29,304,-275
117000114,41,67,-26
117000115,32,153,-121
117000116,13,103,-90
117000117,630,96,534
117000118,110,132,-22
117000119,43,8,35
117000120,67,22,45
117000121,20,97,-77
117000122,263,292,-29
117000123,710,10,700
117000124,86,14,72
117000125,164,22,142
117000126,26,33,-7
117000127,81,172,-91
117000128,192,230,-38
117000129,383,290,93
117000130,37,4,33
117000131,0,168,-168
117000132,306,32,274
117000133,255,96,159
117000134,0,57,-57
117000135,55,22,33
117000136,1,34,-33
117000137,17,17,0
117000138,1,202,-201
117000140,181,1602,-1421
117000141,302,252,50
117000181,697,193,504
117000182,116,65,51
117000195,68,898,-830
117000196,22,18,4
117000225,87,2,85
117000226,4,27,-23
117000276,45,2,43
117000277,1,472,-471
117000310,1203,1345,-142
117000315,16,204,-188
117000320,57,0,57
117000906,39,2,37
117000907,2,413,-411
117000909,39,15,24
117000910,110,39,71
117000911,62,149,-87
117000915,4,470,-466
117000916,3,0,3
117000917,121,5,116
117000918,7,15,-8
117000919,6,68,-62
117000920,2,1317,-1315
117000921,14,2004,-1990
117000922,14,46,-32
117000924,123,205,-82
117000926,825,47,778
117000927,338,159,179
117000928,0,329,-329
117000929,55,519,-464
117000930,44,18,26
117000931,202,15,187
117900002,49,158,-109
117900003,313,115,198
117900005,0,3,-3
117900006,1,13,-12
117900007,18,136,-118
117900008,0,34,-34
117900010,51,116,-65
117900011,4,3,1
117900012,2,179,-177
117900013,0,234,-234
117900014,305,272,33
117900015,7,190,-183
117900016,700,160,540
117900017,176,507,-331
117900018,115,11,104
117900019,96,489,-393
117900020,25,42,-17
117900021,7,56,-49
117900023,366,39,327
117900024,16,136,-120
117900025,11,9,2
117900026,65,392,-327
117900028,22,7,15
117900029,47,1033,-986
117900031,37,34,3
117900032,178,96,82
117900033,28,825,-797
117900034,8,18,-10
117900035,62,19,43
117900036,66,672,-606
117900037,16,61,-45
117900038,13,281,-268
117900039,1,52,-51
117900040,36,389,-353
117900041,7,50,-43
117900042,3583,279,3304
117900043,10,38,-28
117900044,35,1018,-983
117900045,47,44,3
117900048,49,262,-213
117900049,49,646,-597
117900050,1,20,-19
117900051,9,1,8
117900052,20,115,-95
117900053,310,475,-165
117900054,0,9,-9
117900055,59,51,8
117900056,76,10,66
117900057,378,863,-485
117900058,21,1,20
117900059,251,16,235
117900060,124,3481,-3357
117900061,7,56,-49
117900063,26,145,-119
117900065,310,736,-426
117900066,1,30,-29
117900067,108,237,-129
117900069,146,307,-161
117900070,41,3,38
117900071,13,74,-61
117900073,65,280,-215
117900074,36,6,30
117900075,17,36,-19
117900076,12,59,-47
117900077,53,54,-1
117900078,112,191,-79
117900080,51,40,11
117900081,362,278,84
117900082,86,77,9
117900083,75,565,-490
117900086,22,26,-4
117900087,6,31,-25
117900088,1387,835,552
117900089,442,100,342
117900090,78,645,-567
117900091,59,69,-10
117900092,7,31,-24
117900093,12,53,-41
117900094,19,5,14
117900095,97,900,-803
117900096,18,105,-87
117900097,31,33,-2
117900098,6,0,6
117900099,15,320,-305
117900100,23,0,23
117900101,233,366,-133
117900102,11,24,-13
117900103,3,0,3
117900104,1,92,-91
117900105,32,102,-70
117900106,15,29,-14
117900107,2,0,2
117900109,75,124,-49
117900110,7,0,7
117900111,64,1,63
117900112,27,3,24
117900113,2297,692,1605
117900114,0,0,0
117900115,40,8,32
117900116,597,395,202
117900117,115,159,-44
117900118,1,0,1
117900119,25,232,-207
117900120,24,63,-39
117900121,0,25,-25
117900122,492,567,-75
117900123,139,616,-477
117900124,178,322,-144
117900125,447,333,114
117900126,173,349,-176
117900127,87,517,-430
117900128,45,668,-623
117900129,8,0,8
117900130,302,180,122
117900131,0,64,-64
117900132,0,54,-54
117900133,2,66,-64
117900134,13,122,-109
117900135,9,172,-163
117900136,0,38,-38
117900137,10,269,-259
117900138,0,22,-22
117900139,23,79,-56
117900140,3722,16,3706
117900141,54,221,-167
117900142,11,5,6
117900144,19,27,-8
117900145,20,2,18
117900146,49,38,11
117900147,5,15,-10
117900148,1529,518,1011
117900149,5,109,-104
117900150,10,71,-61
117900151,9,101,-92
117900152,97,59,38
117900153,4,72,-68
117900154,100,434,-334
117900156,269,240,29
117900157,10,196,-186
117900158,18,23,-5
117900160,91,112,-21
117900161,1135,1591,-456
117900162,90,167,-77
117900163,29,10,19
117900165,0,4,-4
117900166,34,37,-3
117900168,80,64,16
117900169,0,89,-89
117900170,0,15,-15
117900171,1,5,-4
117900172,11,30,-19
117900173,71,20,51
117900174,14,20,-6
117900175,0,15,-15
117900176,3,39,-36
117900177,12,37,-25
117900178,41,17,24
117900180,131,12,119
117900181,51,68,-17
117900182,0,7,-7
117900183,7,96,-89
117900184,0,13,-13
117900185,5,7,-2
117900186,13,4,9
117900187,4,4,0
117900188,61,4,57
117900189,32,2,30
117900190,2,1,1
117900191,11,0,11
117900192,21,0,21
117900193,1,21,-20
117900194,0,2,-2
117900195,2,9,-7
117900196,2,13,-11
117900207,44,51,-7
117900208,7,10,-3
117900209,74,64,10
117900210,56,61,-5
117900211,5,96,-91
117900212,23,100,-77
117900213,3,0,3
117900214,0,34,-34
117900215,18,36,-18
117900216,16,46,-30
117900217,39,16,23
117900218,125,76,49
117900219,1,35,-34
117900220,16,27,-11
117900222,77,158,-81
117900223,61,65,-4
118000001,376,189,187
118000002,1777,1134,643
118000003,799,510,289
118000004,1657,1336,321
118000005,2558,603,1955
118000006,4251,2939,1312
118000007,2772,931,1841
118000008,2703,1271,1432
118000009,1218,1535,-317
118000010,1353,2299,-946
118000011,301,1971,-1670
118000012,370,1962,-1592
118000013,2027,1774,253
118000014,1199,2736,-1537
118000016,168,424,-256
118000017,67,167,-100
118000018,95,466,-371
118000019,969,774,195
118000020,716,617,99
118000021,517,811,-294
118000022,1354,403,951
118000023,793,254,539
118000024,876,383,493
118000027,8969,1972,6997
118000029,659,294,365
118000032,441,626,-185
118000033,1163,979,184
118000034,2484,932,1552
118000035,952,701,251
118000036,652,740,-88
118000037,290,568,-278
118000038,75,85,-10
118000039,27,272,-245
118000040,743,1654,-911
118000041,773,976,-203
118000045,512,277,235
118000046,1144,281,863
118000047,959,187,772
118000048,1980,592,1388
118000051,907,256,651
118000052,525,141,384
118000053,143,129,14
118000054,1094,470,624
118000055,848,699,149
118000056,83,111,-28
118000057,91,183,-92
118000058,1361,449,912
118000059,969,311,658
118000060,247,513,-266
118000061,201,616,-415
118000062,293,126,167
118000063,148,207,-59
118000064,445,530,-85
118000065,3255,717,2538
118000066,431,449,-18
118000067,853,516,337
118000068,1020,1458,-438
118000069,1863,665,1198
118000070,5375,646,4729
118000071,2352,1845,507
118000072,1242,464,778
118000073,1658,160,1498
118000074,322,278,44
118000075,571,171,400
118000076,538,549,-11
118000077,722,561,161
118000078,1055,1036,19
118000079,170,188,-18
118000080,784,497,287
118000081,745,630,115
118000082,198,345,-147
118000083,1484,504,980
118000084,1451,864,587
118000086,92,358,-266
118000087,3820,1259,2561
118000088,1065,870,195
118000089,2151,1228,923
118000090,1794,992,802
118000091,839,762,77
118000092,886,188,698
118000093,54,265,-211
118000096,205,263,-58
118000097,246,203,43
118000098,105,142,-37
118000099,161,616,-455
118000101,260,273,-13
118000102,138,1148,-1010
118000107,2466,149,2317
118000108,182,304,-122
118000110,0,13,-13
118000111,3,679,-676
118000112,66,1,65
118000113,9,948,-939
118000114,43,0,43
118000115,4,2,2
118000116,14,0,14
118000117,614,581,33
118000118,331,364,-33
118000119,297,690,-393
118000120,726,887,-161
118000121,13,309,-296
118000122,313,59,254
118000123,22,177,-155
118000125,930,757,173
118000126,279,949,-670
118000127,631,285,346
118000128,428,675,-247
118000129,555,174,381
118000130,1885,2775,-890
118000131,474,803,-329
118000132,1126,878,248
118000133,264,373,-109
118000135,91,141,-50
118000136,41,343,-302
118000137,345,46,299
118000138,110,537,-427
118000139,115,80,35
118000140,971,1308,-337
118000141,614,1353,-739
118000142,494,1188,-694
118000143,387,474,-87
118000144,910,575,335
118000145,687,1977,-1290
118000146,399,1086,-687
118000147,421,1452,-1031
118000148,186,1116,-930
118000149,242,895,-653
118000150,70,193,-123
118000151,72,244,-172
118000153,350,615,-265
118000154,336,1226,-890
118000155,207,820,-613
118000156,1176,1217,-41
118000157,195,255,-60
118000158,53,356,-303
118000159,4,27,-23
118000160,113,241,-128
118000161,93,567,-474
118000162,464,521,-57
118000163,154,369,-215
118000164,1251,909,342
118000168,805,73,732
118000169,490,1174,-684
118000170,1882,4714,-2832
118000171,124,474,-350
118000172,45,229,-184
118000173,453,773,-320
118000175,65,163,-98
118000176,73,138,-65
118000177,90,247,-157
118000178,35,19,16
118000179,963,325,638
118000180,343,482,-139
118000181,427,221,206
118000182,174,212,-38
118000183,90,122,-32
118000184,151,776,-625
118000185,524,294,230
118000186,305,395,-90
118000187,328,789,-461
118000188,81,144,-63
118000189,73,548,-475
118000190,4,2,2
118000191,7,4,3
118000192,60,51,9
118000193,23,93,-70
118000194,1264,542,722
118000195,763,261,502
118000196,254,52,202
118000197,348,42,306
118000198,510,117,393
118000199,585,107,478
118000200,28,79,-51
118000201,281,175,106
118000202,10,14,-4
118000203,930,96,834
118000204,176,55,121
118000205,243,146,97
118000206,57,67,-10
118000207,0,103,-103
118000208,467,908,-441
118000209,581,1789,-1208
118000210,11,17,-6
118000211,9,31,-22
118000213,300,273,27
118000214,356,109,247
118000215,63,186,-123
118000216,394,1331,-937
118000217,9,98,-89
118000218,6,85,-79
118000219,131,231,-100
118000220,2,7,-5
118000221,19,129,-110
118000222,37,10,27
118000223,4,14,-10
118000224,98,74,24
118000225,30,611,-581
118000226,195,58,137
118000227,622,137,485
118000228,65,41,24
118000229,51,7,44
118000230,18,143,-125
118000231,6,138,-132
118000232,222,673,-451
118000233,198,440,-242
118000234,44,176,-132
118000236,58,309,-251
118000237,13,425,-412
118000238,46,193,-147
118000239,71,123,-52
118000240,365,20,345
118000241,35,162,-127
118000242,50,379,-329
118000243,17,105,-88
118000244,19,162,-143
118000246,30,5,25
118000255,20,120,-100
118000256,57,217,-160
118000259,1,15,-14
118000260,12,35,-23
118000261,5,78,-73
118000263,19,135,-116
118000266,49,333,-284
118000267,0,42,-42
118000268,85,0,85
118000270,7,23,-16
118000271,86,214,-128
118000272,20,8,12
118000273,12,60,-48
118000274,64,212,-148
118000276,43,127,-84
118000295,3,44,-41
118000298,44,335,-291
118000299,24,156,-132
118000301,0,43,-43
118000302,23,51,-28
118000311,26,68,-42
118000312,41,179,-138
118000313,9,86,-77
118000314,17,61,-44
118000315,1,33,-32
118000316,147,303,-156
118000325,7,26,-19
118000326,2,24,-22
118000331,8,35,-27
118000332,2,20,-18
118000333,4,30,-26
118000335,17,0,17
118000336,3,275,-272
118000407,10,32,-22
118000457,1,22,-21
118000465,1488,1033,455
118000480,27,73,-46
118000489,15,34,-19
118000490,52,299,-247
118000492,89,155,-66
118000510,24,3,21
118000514,71,206,-135
118000515,243,164,79
118000517,172,80,92
118000524,385,78,307
118000525,342,509,-167
118000530,9,25,-16
118000531,34,168,-134
118000532,45,204,-159
118000533,123,96,27
118000534,152,244,-92
118000535,41,61,-20
118000536,201,109,92
118000537,30,23,7
118000538,105,57,48
118000539,21,29,-8
118000540,72,126,-54
118000541,59,73,-14
118000542,10,67,-57
118000543,36,131,-95
118000546,29,39,-10
118000553,0,0,0
118000560,1863,166,1697
118000562,1,271,-270
118000563,1213,892,321
118000576,51,148,-97
118000577,104,117,-13
118000578,103,92,11
118000579,570,498,72
118000583,0,0,0
118000595,63,42,21
118000596,0,51,-51
118000597,54,137,-83
118000598,2,0,2
118000599,8,29,-21
118000600,1,1,0
118000601,0,0,0
118000602,0,1,-1
118000603,1,56,-55
118000605,30,474,-444
118000606,4,33,-29
118000607,28,158,-130
118900001,652,230,422
118900002,737,195,542
118900003,18,6,12
118900004,8,30,-22
118900005,10,0,10
118900006,9,0,9
118900007,1,4,-3
118900008,431,14,417
118900009,11,1,10
118900010,3,0,3
118900011,25,12,13
118900012,130,111,19
118900013,363,15,348
118900015,16,6,10
118900016,3,20,-17
118900017,16,55,-39
118900018,689,6,683
118900019,15,1,14
118900020,12,71,-59
118900021,36,201,-165
118900022,33,47,-14
118900023,36,52,-16
118900024,6,103,-97
118900025,8,6,2
118900026,32,65,-33
118900027,210,62,148
118900028,20,100,-80
118900029,22,225,-203
118900030,27,22,5
118900031,47,95,-48
118900032,17,101,-84
118900033,135,440,-305
118900034,9,3,6
118900035,25,201,-176
118900036,188,376,-188
118900037,71,127,-56
118900038,51,258,-207
118900039,57,152,-95
118900040,35,92,-57
118900041,44,200,-156
118900042,24,52,-28
118900045,59,86,-27
118900046,584,78,506
118900047,390,83,307
118900048,19,47,-28
118900049,21,10,11
118900050,3,59,-56
118900051,34,21,13
118900052,45,76,-31
118900053,8,25,-17
118900054,20,35,-15
118900055,4,70,-66
118900056,7,39,-32
118900057,39,100,-61
118900058,55,208,-153
118900059,5,33,-28
118900062,22,61,-39
118900064,293,121,172
118900065,2,65,-63
118900066,24,49,-25
118900067,5291,1332,3959
118900068,1,35,-34
118900069,75,161,-86
118900071,0,19,-19
118900072,80,144,-64
118900073,19,31,-12
118900074,25,46,-21
118900075,4,23,-19
118900076,71,17,54
118900077,45,76,-31
118900078,1,2,-1
118900079,21,58,-37
118900080,1,29,-28
118900081,14,6,8
118900082,102,70,32
118900083,2,15,-13
118900084,2,3,-1
118900085,191,497,-306
118900086,7,9,-2
118900087,63,76,-13
118900088,0,9,-9
118900089,6,5,1
118900090,131,323,-192
118900091,74,27,47
118900092,20,25,-5
118900093,24,9,15
118900096,13,21,-8
118900097,76,652,-576
118900099,29,141,-112
118900100,36,76,-40
118900101,5,361,-356
118900102,4,51,-47
118900103,10,16,-6
118900104,18,64,-46
118900105,52,60,-8
118900107,51,56,-5
118900108,14,45,-31
118900110,499,71,428
118900111,71,296,-225
118900112,7,52,-45
118900113,83,321,-238
118900114,1,58,-57
118900115,16,150,-134
118900116,19,106,-87
118900117,22,141,-119
118900118,28,372,-344
118900119,50,269,-219
118900120,50,251,-201
118900121,1,184,-183
118900122,1,166,-165
118900123,47,177,-130
118900124,14,80,-66
118900126,1,118,-117
118900129,25,72,-47
118900130,13,8,5
118900131,37,237,-200
118900132,44,66,-22
118900133,6,29,-23
118900135,67,156,-89
118900136,77,592,-515
118900137,2,6,-4
118900139,53,271,-218
118900140,191,735,-544
118900141,13,244,-231
118900144,63,501,-438
118900145,16,98,-82
118900146,56,514,-458
118900147,15,70,-55
118900148,14,38,-24
118900150,351,128,223
118900152,90,579,-489
118900157,32,64,-32
118900158,4,60,-56
118900159,0,121,-121
118900161,24,2,22
118900163,121,32,89
118900164,0,64,-64
118900165,6,157,-151
118900166,15,1,14
118900167,8,81,-73
118900168,36,15,21
118900169,26,230,-204
118900170,9,44,-35
118900171,0,10,-10
118900174,15,20,-5
118900175,21,170,-149
118900176,6,79,-73
118900177,1,17,-16
118900178,8,61,-53
118900179,10,15,-5
118900182,11,12,-1
118900183,1,22,-21
118900184,57,5,52
118900185,50,127,-77
118900186,40,54,-14
118900187,40,184,-144
118900188,52,190,-138
118900189,12,103,-91
118900190,1,455,-454
118900191,42,8,34
118900192,23,10,13
118900193,28,5,23
118900195,99,470,-371
118900196,10,95,-85
118900197,19,80,-61
118900198,4,30,-26
118900199,2,31,-29
118900200,3,3,0
118900201,2,6,-4
118900202,5,36,-31
118900203,0,16,-16
118900204,2,13,-11
118900205,0,15,-15
118900206,0,15,-15
119000001,443,425,18
119000002,861,1239,-378
119000003,399,1138,-739
119000004,666,734,-68
119000005,531,743,-212
119000006,586,951,-365
119000007,1134,1610,-476
119000008,672,1458,-786
119000009,1992,1053,939
119000010,5973,2165,3808
119000011,3127,664,2463
119000012,2549,1325,1224
119000013,982,660,322
119000014,1015,1922,-907
119000019,95,101,-6
119000020,437,733,-296
119000021,1144,1075,69
119000022,1816,528,1288
119000023,175,109,66
119000024,1444,2363,-919
119000025,7673,658,7015
119000026,112,99,13
119000027,210,162,48
119000028,964,654,310
119000029,76,114,-38
119000030,197,691,-494
119000031,364,479,-115
119000032,1139,998,141
119000033,805,913,-108
119000034,407,623,-216
119000035,10,244,-234
119000036,365,862,-497
119000037,315,1787,-1472
119000038,45,780,-735
119000039,96,266,-170
119000040,688,198,490
119000041,609,572,37
119000048,2471,3069,-598
119000049,540,3242,-2702
119000050,703,1501,-798
119000051,767,643,124
119000052,1473,1719,-246
119000053,882,729,153
119000054,1038,2306,-1268
119000055,800,2327,-1527
119000056,671,1282,-611
119000057,592,1667,-1075
119000058,775,1329,-554
119000059,308,931,-623
119000060,405,490,-85
119000061,389,531,-142
119000062,472,928,-456
119000063,90,167,-77
119000064,760,876,-116
119000065,1051,2167,-1116
119000066,598,542,56
119000067,835,1792,-957
119000068,517,801,-284
119000069,497,1685,-1188
119000070,624,899,-275
119000071,360,544,-184
119000072,3728,2328,1400
119000073,2249,2791,-542
119000074,250,2875,-2625
119000075,344,1834,-1490
119000076,230,433,-203
119000077,255,240,15
119000078,131,420,-289
119000079,72,730,-658
119000080,75,156,-81
119000081,58,266,-208
119000082,177,176,1
119000083,105,191,-86
119000084,119,542,-423
119000085,369,315,54
119000086,128,255,-127
119000087,739,645,94
119000088,148,177,-29
119000089,29,85,-56
119000090,118,169,-51
119000091,117,211,-94
119000092,535,286,249
119000093,2191,2386,-195
119000094,865,2717,-1852
119000095,431,2254,-1823
119000097,2020,930,1090
119000098,237,808,-571
119000099,940,885,55
119000100,788,1279,-491
119000101,1157,1404,-247
119000102,380,299,81
119000103,701,293,408
119000104,1986,969,1017
119000105,193,370,-177
119000106,107,1705,-1598
119000107,120,271,-151
119000108,82,1183,-1101
119000109,37,195,-158
119000110,149,218,-69
119000111,15,323,-308
119000112,103,98,5
119000113,1223,116,1107
119000114,308,133,175
119000115,85,24,61
119000116,47,41,6
119000117,42,150,-108
119000118,0,4,-4
119000123,1059,344,715
119000124,118,195,-77
119000125,615,812,-197
119000126,175,755,-580
119000127,99,708,-609
119000128,29,4,25
119000131,210,802,-592
119000132,3,3,0
119000133,0,1,-1
119000134,1841,285,1556
119000135,12,144,-132
119000136,31,217,-186
119000137,35,410,-375
119000138,65,292,-227
119000139,50,253,-203
119000140,29,120,-91
119000284,987,1501,-514
119000285,1655,1303,352
119000286,3587,2327,1260
119000287,708,1411,-703
119000288,768,1155,-387
119000289,1235,2698,-1463
119000290,54,297,-243
119000291,2,225,-223
119000293,24,97,-73
119000294,11,7,4
119000295,1303,358,945
119000296,102,142,-40
119000302,3812,784,3028
119000303,9,68,-59
119000314,803,1945,-1142
119000315,2,540,-538
119000316,26,88,-62
119000317,11,454,-443
119000319,139,357,-218
119900001,26,232,-206
119900002,19,159,-140
119900003,19,884,-865
119900004,162,83,79
119900005,5,97,-92
119900006,18,132,-114
119900007,182,15,167
119900008,4,17,-13
119900009,132,325,-193
119900010,364,553,-189
119900011,15,13,2
119900012,0,11,-11
119900013,587,259,328
119900014,254,132,122
119900015,9,18,-9
119900016,4,39,-35
119900017,1,12,-11
119900018,527,61,466
119900019,0,8,-8
119900020,32,91,-59
119900021,10,9,1
119900022,34,70,-36
119900023,501,183,318
119900025,14,14,0
119900026,465,11,454
119900027,1,8,-7
119900028,31,7,24
119900029,0,7,-7
119900030,116,249,-133
119900031,6,51,-45
119900033,1606,33,1573
119900034,29,81,-52
119900037,6,12,-6
119900038,4,36,-32
119900039,29,0,29
119900040,32,1,31
119900041,38,29,9
119900042,10,95,-85
119900043,9,113,-104
119900044,58,102,-44
119900046,10,44,-34
119900047,20,10,10
119900049,4,1,3
119900050,10,24,-14
119900051,90,3,87
119900052,7,29,-22
119900053,34,155,-121
119900054,11,0,11
119900055,144,96,48
119900057,14,27,-13
119900058,17,0,17
119900059,21,38,-17
119900060,50,2,48
119900061,35,6,29
119900062,6,12,-6
119900063,5,8,-3
119900065,21,0,21
119900067,23,9,14
119900068,53,2,51
119900069,16,4,12
119900070,65,0,65
119900071,50,0,50
119900073,1000,191,809
119900074,7,10,-3
119900075,3622,749,2873
119900076,10,44,-34
119900077,84,1114,-1030
119900078,62,464,-402
119900079,10,166,-156
119900080,78,130,-52
119900081,68,5,63
119900082,131,19,112
119900083,103,36,67
119900084,123,42,81
119900085,83,25,58
119900086,34,793,-759
119900087,49,27,22
119900088,10,28,-18
119900089,1,397,-396
119900090,69,25,44
119900091,14,1014,-1000
119900092,2,267,-265
119900093,239,30,209
119900094,8,169,-161
119900095,41,23,18
119900096,17,44,-27
119900097,179,83,96
119900098,4,23,-19
119900099,4,204,-200
119900100,1912,527,1385
119900101,103,333,-230
119900102,11,254,-243
119900103,13,351,-338
119900104,2,122,-120
119900105,194,819,-625
119900106,5,151,-146
119900107,129,2373,-2244
119900108,987,399,588
119900109,6,127,-121
119900110,136,494,-358
119900111,23,420,-397
119900112,1934,173,1761
119900113,30,431,-401
119900114,46,1406,-1360
119900115,19,938,-919
119900116,43,58,-15
119900117,50,812,-762
119900118,4,985,-981
119900119,20,205,-185
119900120,337,493,-156
119900121,42,1274,-1232
119900122,92,291,-199
119900123,34,115,-81
119900124,30,837,-807
119900125,14,301,-287
119900126,4024,66,3958
119900127,1822,438,1384
119900128,54,586,-532
119900129,39,582,-543
119900130,15,136,-121
119900131,4,219,-215
119900132,2,238,-236
119900133,2,10,-8
119900134,1508,98,1410
119900135,2,308,-306
119900136,73,379,-306
119900138,197,347,-150
119900139,0,41,-41
119900140,0,103,-103
119900141,36,114,-78
119900142,0,3,-3
119900143,2,145,-143
119900144,1514,114,1400
119900145,18,167,-149
119900146,41,40,1
119900147,4,53,-49
119900148,17,13,4
119900149,1029,900,129
119900150,57,98,-41
119900151,621,339,282
119900152,12,359,-347
119900153,4,12,-8
119900154,4,803,-799
119900155,4,17,-13
119900156,1,0,1
119900157,12,216,-204
119900158,8,21,-13
119900159,2,1146,-1144
119900160,6,174,-168
119900161,96,144,-48
119900162,176,173,3
119900163,26,22,4
119900164,0,2,-2
119900165,18,240,-222
119900166,6,3,3
119900167,24,70,-46
119900168,208,205,3
119900169,47,44,3
119900170,26,35,-9
119900171,152,412,-260
119900172,13,1,12
119900173,5,413,-408
119900174,1,214,-213
119900175,158,369,-211
119900177,11,170,-159
119900178,3,187,-184
119900179,9,108,-99
119900180,253,297,-44
119900181,2,9,-7
119900182,3,339,-336
119900183,41,860,-819
119900184,1686,246,1440
119900185,4,35,-31
119900186,6,81,-75
119900187,1,448,-447
119900188,11,233,-222
119900189,120,64,56
119900190,9,35,-26
119900191,56,77,-21
119900192,1,159,-158
119900193,53,114,-61
119900194,1,7,-6
119900195,3,161,-158
119900196,1041,169,872
119900197,23,52,-29
119900198,15,393,-378
119900199,48,3,45
119900200,61,217,-156
119900201,225,101,124
119900202,52,18,34
119900203,23,111,-88
119900204,30,97,-67
119900205,77,458,-381
119900206,10,66,-56
119900208,18,59,-41
119900209,74,195,-121
119900210,7,23,-16
119900211,25,4,21
119900212,65,531,-466
119900213,1,12,-11
119900214,4,62,-58
119900215,2,62,-60
119900216,0,60,-60
119900217,1,41,-40
119900218,7,35,-28
119900219,5,88,-83
119900220,4,90,-86
119900221,12,334,-322
119900222,10,230,-220
119900223,11,81,-70
119900224,16,23,-7
119900225,809,19,790
119900226,519,232,287
119900227,647,168,479
119900228,2,149,-147
119900229,126,196,-70
119900230,685,273,412
119900231,24,141,-117
119900232,36,23,13
119900233,12,2,10
119900234,4,3,1
119900235,3,4,-1
119900236,1,108,-107
119900237,6,282,-276
119900238,0,47,-47
119900240,6,81,-75
119900241,63,137,-74
119900242,898,267,631
119900244,331,590,-259
119900245,13,69,-56
119900246,60,69,-9
119900247,5,7,-2
119900248,7,10,-3
119900249,48,16,32
119900253,2902,154,2748
119900254,11,91,-80
119900255,37,386,-349
119900256,84,1065,-981
119900257,10,0,10
119900258,5,0,5
119900259,1,164,-163
119900260,15,1,14
119900261,38,143,-105
119900262,1,199,-198
119900263,439,253,186
119900264,9,247,-238
119900265,22,260,-238
119900266,43,180,-137
119900267,20,257,-237
119900268,22,178,-156
119900269,70,748,-678
119900271,7,45,-38
119900272,26,19,7
119900275,50,21,29
119900276,7,1,6
119900277,3,5,-2
119900278,90,3,87
119900279,17,41,-24
119900280,683,96,587
119900281,0,34,-34
119900282,7,5,2
119900283,0,225,-225
119900284,12,110,-98
119900285,2,21,-19
119900286,0,2,-2
119900288,0,20,-20
119900289,0,20,-20
119900290,0,4,-4
119900291,0,25,-25
119900292,0,4,-4
119900293,1,18,-17
119900294,1,17,-16
119900295,1,29,-28
119900296,0,112,-112
119900297,0,14,-14
119900298,0,0,0
119900299,4,205,-201
119900300,19,160,-141
119900301,5,2,3
119900302,2,17,-15
119900303,50,130,-80
119900304,16,5,11
119900305,18,66,-48
119900306,8,1,7
119900307,5,64,-59
119900308,0,6,-6
119900309,5,15,-10
119900310,103,193,-90
119900311,5,141,-136
119900312,30,33,-3
119900313,31,302,-271
119900314,10,81,-71
119900315,140,1920,-1780
119900318,18,4,14
119900319,4,327,-323
119900320,28,513,-485
119900321,9,0,9
120000001,4774,3312,1462
120000002,1330,2485,-1155
120000003,2357,1519,838
120000004,1994,1873,121
120000005,3265,1584,1681
120000006,802,984,-182
120000007,1802,1451,351
120000008,564,1037,-473
120000009,4213,684,3529
120000010,771,2930,-2159
120000011,474,1589,-1115
120000012,929,1996,-1067
120000013,1060,2249,-1189
120000014,346,1308,-962
120000015,1104,1188,-84
120000016,1300,1141,159
120000017,646,936,-290
120000018,3476,2692,784
120000019,310,556,-246
120000020,1251,1170,81
120000021,1159,948,211
120000022,1624,1612,12
120000023,410,964,-554
120000024,708,1330,-622
120000025,858,1515,-657
120000026,278,1284,-1006
120000027,494,924,-430
120000028,265,193,72
120000029,1066,282,784
120000030,26,365,-339
120000031,953,2066,-1113
120000032,7346,2159,5187
120000033,1030,1259,-229
120000034,524,1707,-1183
120000035,670,1797,-1127
120000036,1228,2240,-1012
120000037,206,330,-124
120000038,7984,2038,5946
120000039,207,697,-490
120000040,23,77,-54
120000041,136,1539,-1403
120000042,705,3880,-3175
120000043,1958,1811,147
120000044,1191,771,420
120000045,1166,649,517
120000046,729,895,-166
120000047,1026,1061,-35
120000048,5895,1867,4028
120000049,1334,1987,-653
120000050,1286,3065,-1779
120000051,2328,2079,249
120000052,12293,1559,10734
120000053,598,4058,-3460
120000054,871,6124,-5253
120000055,444,3199,-2755
120000056,1452,3743,-2291
120000057,792,770,22
120000058,109,130,-21
120000059,31,588,-557
120000061,41,369,-328
120000062,129,113,16
120000063,1012,2220,-1208
120000064,158,1442,-1284
120000065,179,1403,-1224
120000066,45,190,-145
120000067,15,357,-342
120000068,88,855,-767
120000069,247,1325,-1078
120000070,15,1002,-987
120000071,60,112,-52
120000072,117,312,-195
120000073,111,62,49
120000074,31,22,9
120000075,44,114,-70
120000076,329,164,165
120000077,452,242,210
120000078,1908,250,1658
120000079,92,602,-510
120000080,88,224,-136
120000081,143,157,-14
120000082,116,134,-18
120000083,72,156,-84
120000084,205,517,-312
120000085,208,478,-270
120000086,127,658,-531
120000087,82,1228,-1146
120000088,333,935,-602
120000089,349,276,73
120000090,171,287,-116
120000091,283,497,-214
120000092,317,280,37
120000093,92,306,-214
120000094,56,223,-167
120000095,377,718,-341
120000096,102,1191,-1089
120000098,261,999,-738
120000099,113,536,-423
120000100,252,717,-465
120000101,221,394,-173
120000102,135,186,-51
120000103,252,142,110
120000104,383,105,278
120000105,481,108,373
120000106,452,167,285
120000107,656,215,441
120000108,186,64,122
120000109,235,30,205
120000110,48,643,-595
120000111,57,1170,-1113
120000112,258,3657,-3399
120000113,258,2559,-2301
120000114,182,1929,-1747
120000115,166,1831,-1665
120000116,236,1690,-1454
120000117,806,1588,-782
120000118,10,4,6
120000119,24,14,10
120000120,17,17,0
120000121,6,34,-28
120000122,108,76,32
120000123,5006,1040,3966
120000124,165,323,-158
120000125,120,437,-317
120000126,141,336,-195
120000127,524,248,276
120000128,1184,957,227
120000129,167,169,-2
120000130,341,401,-60
120000131,126,280,-154
120000134,130,1131,-1001
120000135,46,192,-146
120000137,29,1808,-1779
120000138,96,374,-278
120000139,25,821,-796
120000140,107,446,-339
120000141,28,492,-464
120000142,81,415,-334
120000143,2,66,-64
120000144,11,0,11
120000145,53,1,52
120000146,1111,291,820
120000149,217,711,-494
120000150,3711,3221,490
120000151,201,268,-67
120000152,93,195,-102
120000153,39,535,-496
120000154,150,283,-133
120000155,45,84,-39
120000156,1447,233,1214
120000157,377,408,-31
120000158,227,600,-373
120000159,1281,1686,-405
120000160,1018,797,221
120000161,484,2062,-1578
120000162,37,129,-92
120000163,88,1242,-1154
120000164,117,423,-306
120000165,66,786,-720
120000166,191,394,-203
120000167,7,11,-4
120000168,8,35,-27
120000169,92,72,20
120000170,95,58,37
120000171,9,18,-9
120000172,7,7,0
120000173,1503,64,1439
120000174,263,3,260
120000175,325,5,320
120000176,85,46,39
120000177,558,300,258
120000178,57,4,53
120000179,153,6,147
120000180,211,15,196
120000181,68,32,36
120000182,40,24,16
120000183,2,86,-84
120000184,17,989,-972
120000186,12,29,-17
120000187,76,26,50
120000188,83,17,66
120000190,542,8,534
120000191,1029,8,1021
120000192,918,6,912
120000193,285,2,283
120000195,36,0,36
120000196,117,7,110
120000197,40,49,-9
120000198,19,144,-125
120000199,11,0,11
120000200,12,0,12
120000201,4,2,2
120000202,1,59,-58
120000203,7,276,-269
120000207,0,68,-68
120000208,5,298,-293
120000209,1,102,-101
120000210,102,55,47
120000211,14,1,13
120000212,24,0,24
120000213,16,265,-249
120000214,1,363,-362
120000215,1,122,-121
120000216,3,3,0
120000217,586,1147,-561
120000218,174,1310,-1136
120000219,7,826,-819
120000220,10,2750,-2740
120000225,272,1,271
120000226,57,0,57
120000227,279,6,273
120000228,6869,851,6018
120000230,26,5,21
120000231,183,1655,-1472
120000233,11,4,7
120000235,56,582,-526
120000236,178,3,175
120000237,4,1840,-1836
120000238,1,41,-40
120000241,602,1104,-502
120000412,900,1,899
120000413,44,366,-322
120000414,14,3,11
120000415,1,147,-146
120000416,3,10,-7
120000417,1,76,-75
120000418,10,9,1
120000419,6,398,-392
120000420,30,15,15
120000421,11959,4209,7750
120000422,198,206,-8
120000423,1,28,-27
120000424,19,140,-121
120000436,40,171,-131
120000437,114,137,-23
120000438,4339,191,4148
120000439,51,123,-72
120000443,20,0,20
120000444,209,362,-153
120000445,613,712,-99
120000446,711,196,515
120000447,40,2,38
120000449,17,7,10
120000450,3,322,-319
120000451,29,164,-135
120000452,39,2,37
120000453,0,185,-185
120000454,22,6,16
120000455,42,71,-29
120000456,2190,1184,1006
120000457,753,689,64
120000458,264,534,-270
120000459,33,34,-1
120000665,403,90,313
120000668,50,71,-21
120000669,23,415,-392
120000670,122,226,-104
120000671,159,99,60
120000672,33,288,-255
120900001,26,9,17
120900002,18,57,-39
120900003,105,13,92
120900004,2,3,-1
120900005,7,2222,-2215
120900006,59,77,-18
120900007,44,152,-108
120900008,25,774,-749
120900009,154,67,87
120900010,47,15,32
120900011,119,43,76
120900012,730,126,604
120900013,49,3,46
120900014,1,619,-618
120900015,79,53,26
120900016,112,45,67
120900017,2699,60,2639
120900018,18,280,-262
120900019,87,39,48
120900020,220,110,110
120900021,45,5,40
120900022,3,268,-265
120900023,22,10,12
120900024,567,308,259
120900025,1227,326,901
120900026,12,107,-95
120900027,215,96,119
120900028,48,15,33
120900029,13,77,-64
120900030,234,178,56
120900031,22,17,5
120900032,131,98,33
120900033,106,6,100
120900034,24,657,-633
120900035,12,85,-73
120900037,32,1,31
120900038,12,27,-15
120900039,12,10,2
120900040,11,1,10
120900041,34,10,24
120900042,88,44,44
120900043,4,2,2
120900044,2,233,-231
120900045,47,86,-39
120900046,37,0,37
120900047,24,14,10
120900048,18,1,17
120900049,32,0,32
120900050,3050,319,2731
120900051,63,74,-11
120900052,39,1,38
120900053,23,26,-3
120900054,484,492,-8
120900055,42,0,42
120900056,53,3,50
120900057,36,4,32
120900058,46,0,46
120900059,6,0,6
120900060,4,7,-3
120900061,113,155,-42
120900062,41,0,41
120900063,77,0,77
120900064,31,0,31
120900065,31,1,30
120900066,13,193,-180
120900067,50,8,42
120900068,46,0,46
120900069,28,50,-22
120900071,2,0,2
120900072,117,0,117
120900073,53,45,8
120900074,48,0,48
120900076,35,0,35
120900077,2313,96,2217
120900078,93,828,-735
120900079,91,84,7
120900080,105,2499,-2394
120900081,188,145,43
120900082,276,124,152
120900083,17,3,14
120900084,30,40,-10
120900085,72,40,32
120900086,79,49,30
120900087,62,19,43
120900088,39,72,-33
120900089,3910,428,3482
120900090,16,124,-108
120900091,141,90,51
120900092,264,670,-406
120900093,4496,209,4287
120900094,303,137,166
120900095,63,10,53
120900096,13,74,-61
120900097,298,1346,-1048
120900098,197,136,61
120900099,29,63,-34
120900100,20,516,-496
120900101,105,264,-159
120900102,9,61,-52
120900103,6,103,-97
120900104,9,24,-15
120900105,9,853,-844
120900106,757,459,298
120900107,337,145,192
120900108,4,1048,-1044
120900109,24,670,-646
120900110,2,338,-336
120900111,80,304,-224
120900112,5,1611,-1606
120900113,6,732,-726
120900114,13,264,-251
120900115,60,58,2
120900116,17,549,-532
120900117,0,555,-555
120900118,0,775,-775
120900119,2851,1664,1187
120900120,26,663,-637
120900121,21,313,-292
120900122,26,564,-538
120900123,2,490,-488
120900124,2,636,-634
120900125,1,961,-960
120900126,518,662,-144
120900127,3,559,-556
120900128,425,674,-249
120900129,17,394,-377
120900130,0,136,-136
120900131,9,47,-38
120900132,97,252,-155
120900133,67,1060,-993
120900134,116,381,-265
120900135,1,619,-618
120900136,9,15,-6
120900137,20,60,-40
120900138,8,221,-213
120900139,2,784,-782
120900140,1,33,-32
120900141,8,45,-37
120900142,14,855,-841
120900143,1,1022,-1021
120900144,2,205,-203
120900145,32,787,-755
120900146,5,884,-879
120900147,8,197,-189
120900148,1,70,-69
120900149,0,287,-287
120900150,6,389,-383
120900151,6,606,-600
120900152,18,34,-16
120900153,4,54,-50
120900154,0,271,-271
120900155,47,1130,-1083
120900156,15,334,-319
120900157,4,215,-211
120900158,8,407,-399
120900159,27,661,-634
120900160,9,274,-265
120900161,1,878,-877
120900162,8,989,-981
120900163,3,50,-47
120900164,0,2,-2
120900165,0,2,-2
120900166,1,27,-26
120900167,34,31,3
120900169,6,364,-358
120900170,2204,541,1663
120900171,779,223,556
120900172,618,118,500
120900173,5,36,-31
120900174,1,77,-76
120900175,166,80,86
120900176,2,64,-62
120900177,0,113,-113
120900178,17,54,-37
120900179,311,252,59
120900180,46,37,9
120900181,8,51,-43
120900182,7,139,-132
120900183,226,53,173
120900184,82,39,43
120900185,5,201,-196
120900186,0,515,-515
120900187,53,229,-176
120900188,22,3,19
120900189,64,174,-110
120900190,7,6,1
120900191,4,9,-5
120900192,12449,864,11585
120900194,10,21,-11
120900195,44,267,-223
120900196,115,31,84
120900197,105,12,93
120900198,82,492,-410
120900199,103,33,70
120900200,71,37,34
120900201,432,97,335
120900202,1,172,-171
120900203,5,28,-23
120900204,206,308,-102
120900205,16,96,-80
120900206,16,3,13
120900207,16,942,-926
121000001,517,706,-189
121000002,928,572,356
121000003,2695,1280,1415
121000004,1373,1263,110
121000005,1282,1707,-425
121000006,1535,735,800
121000007,2080,2039,41
121000008,2633,1488,1145
121000009,5372,2919,2453
121000010,6246,1686,4560
121000011,7326,4663,2663
121000012,10820,2779,8041
121000013,3922,3528,394
121000014,5153,3484,1669
121000015,2719,3490,-771
121000016,3521,1994,1527
121000017,750,2222,-1472
121000018,999,785,214
121000019,10924,5535,5389
121000020,6259,3631,2628
121000021,1485,2060,-575
121000022,823,825,-2
121000023,1964,2209,-245
121000024,1208,1603,-395
121000025,477,393,84
121000026,217,74,143
121000027,902,544,358
121000028,349,270,79
121000029,446,484,-38
121000030,178,188,-10
121000031,232,423,-191
121000032,131,44,87
121000034,154,62,92
121000035,46,64,-18
121000036,457,443,14
121000037,335,410,-75
121000038,318,276,42
121000039,101,255,-154
121000041,167,324,-157
121000042,104,202,-98
121000043,560,404,156
121000044,1177,367,810
121000045,116,262,-146
121000046,102,417,-315
121000047,101,244,-143
121000049,1317,637,680
121000050,188,673,-485
121000051,308,281,27
121000052,172,371,-199
121000053,129,42,87
121000054,13,134,-121
121000055,1133,782,351
121000056,575,790,-215
121000057,79,194,-115
121000058,789,125,664
121000059,1161,594,567
121000060,225,452,-227
121000061,39,71,-32
121000062,68,118,-50
121000063,324,260,64
121000064,229,349,-120
121000065,235,179,56
121000066,335,354,-19
121000067,494,128,366
121000068,188,145,43
121000069,774,97,677
121000070,748,858,-110
121000071,407,405,2
121000072,511,539,-28
121000073,332,414,-82
121000074,61,93,-32
121000075,59,20,39
121000076,1208,182,1026
121000077,86,29,57
121000078,102,74,28
121000080,1891,426,1465
121000081,1463,834,629
121000082,87,172,-85
121000083,143,81,62
121000084,222,106,116
121000085,314,435,-121
121000086,111,505,-394
121000087,59,165,-106
121000088,286,308,-22
121000089,271,93,178
121000090,160,176,-16
121000091,1322,315,1007
121000092,97,52,45
121000093,61,126,-65
121000094,214,165,49
121000095,128,341,-213
121000096,1815,1083,732
121000097,863,798,65
121000098,200,793,-593
121000099,198,522,-324
121000100,181,428,-247
121000101,58,173,-115
121000102,52,399,-347
121000103,34,187,-153
121000104,60,147,-87
121000105,91,203,-112
121000106,50,191,-141
121000107,1386,2999,-1613
121000109,1198,793,405
121000110,173,222,-49
121000114,1482,1377,105
121000115,514,563,-49
121000116,384,504,-120
121000117,677,185,492
121000118,731,195,536
121000119,88,261,-173
121000120,134,312,-178
121000121,310,566,-256
121000123,819,462,357
121000127,31,122,-91
121000128,291,408,-117
121000129,178,362,-184
121000130,192,693,-501
121000131,700,614,86
121000132,372,433,-61
121000135,266,140,126
121000136,897,358,539
121000137,261,68,193
121000138,465,227,238
121000139,292,32,260
121000141,49,68,-19
121000142,764,292,472
121000143,71,2,69
121000144,405,512,-107
121000145,188,931,-743
121000146,441,524,-83
121000147,279,330,-51
121000148,280,766,-486
121000149,862,706,156
121000152,132,357,-225
121000153,1077,287,790
121000154,431,291,140
121000155,528,500,28
121000156,213,389,-176
121000157,1053,993,60
121000158,200,341,-141
121000159,114,424,-310
121000160,161,610,-449
121000161,39,224,-185
121000162,10,202,-192
121000165,1055,699,356
121000166,27,172,-145
121000168,62,171,-109
121000169,12,111,-99
121000170,54,25,29
121000171,30,73,-43
121000172,215,293,-78
121000173,626,290,336
121000174,89,210,-121
121000175,153,276,-123
121000176,156,118,38
121000177,249,353,-104
121000178,52,33,19
121000179,67,68,-1
121000181,198,211,-13
121000182,20,102,-82
121000183,16,48,-32
121000184,16,36,-20
121000185,5,84,-79
121000186,83,168,-85
121000187,74,282,-208
121000188,28,235,-207
121000192,265,217,48
121000193,215,263,-48
121000194,1497,1310,187
121000195,233,681,-448
121000196,316,118,198
121000197,91,477,-386
121000198,59,39,20
121000199,29,374,-345
121000200,74,36,38
121000201,1,147,-146
121000202,207,30,177
121000203,195,1712,-1517
121000204,438,289,149
121000205,53,217,-164
121000206,25,29,-4
121000207,494,262,232
121000208,2,332,-330
121000209,63,336,-273
121000210,93,308,-215
121000211,32,102,-70
121000212,116,595,-479
121000213,5432,1376,4056
121000214,403,555,-152
121000215,721,461,260
121000216,234,215,19
121000217,2210,1007,1203
121000218,291,1249,-958
121000219,492,194,298
121000220,205,60,145
121000221,78,125,-47
121000222,1563,1644,-81
121000223,253,166,87
121000224,130,40,90
121000225,633,384,249
121000226,733,270,463
121000227,13,226,-213
121000228,14,724,-710
121000229,33,425,-392
121000230,44,1577,-1533
121000231,86,7,79
121000232,183,105,78
121000233,156,206,-50
121000234,3,22,-19
121000235,2,11,-9
121000236,1,26,-25
121000237,3,1,2
121000238,0,33,-33
121000239,6,2,4
121000240,0,98,-98
121000241,24,4,20
121000242,6,89,-83
121000243,56,11,45
121000244,0,61,-61
121000245,4,16,-12
121000246,1,92,-91
121000247,5,3,2
121000248,79,170,-91
121000249,19,178,-159
121000250,77,42,35
121000251,11,332,-321
121000252,21,29,-8
121000253,93,481,-388
121000254,198,171,27
121000255,91,88,3
121000256,96,113,-17
121000257,17,26,-9
121000258,14,27,-13
121000259,9,23,-14
121000260,32,87,-55
121000261,9,22,-13
121000262,681,321,360
121000263,185,315,-130
121000271,116,1293,-1177
121000273,32,7,25
121000274,1,18,-17
121000275,1,36,-35
121000276,0,8,-8
121000278,9,36,-27
121000289,58,22,36
121000290,573,455,118
121000294,27,163,-136
121000297,485,364,121
121000299,83,171,-88
121000300,367,531,-164
121000302,44,287,-243
121000303,207,161,46
121000304,209,18,191
121000305,67,98,-31
121000306,20,78,-58
121000308,62,160,-98
121000309,272,514,-242
121000310,56,386,-330
121000311,45,440,-395
121000312,140,89,51
121000313,274,220,54
121000314,80,37,43
121000315,44,35,9
121000530,369,962,-593
121000531,510,888,-378
121000532,2457,1815,642
121000533,1204,1128,76
121000918,3,172,-169
121000919,7,31,-24
121000938,206,85,121
121000939,351,89,262
121000956,172,981,-809
121000957,1,7,-6
121000958,16,30,-14
121000959,133,861,-728
121000960,523,1665,-1142
121000961,108,1,107
121000962,113,330,-217
121000973,0,167,-167
121000976,2,68,-66
121000979,50,14,36
121000981,88,10,78
121000982,121,236,-115
121000983,81,386,-305
121000984,4,9,-5
121000985,137,531,-394
121000986,33,333,-300
121000987,98,1297,-1199
121000988,172,68,104
121001302,240,76,164
121001308,1,8,-7
121001309,47,30,17
121001313,44,383,-339
121001314,3527,2476,1051
121001315,2047,668,1379
121001326,193,277,-84
121001327,74,66,8
121001328,196,12,184
121900001,29,147,-118
121900002,15,5,10
121900003,96,6,90
121900004,27,199,-172
121900005,8,3,5
121900006,20,13,7
121900007,906,1060,-154
121900008,851,44,807
121900009,233,18,215
121900010,121,0,121
121900011,43,155,-112
121900012,1,1,0
121900013,102,1,101
121900014,462,175,287
121900015,45,69,-24
121900016,0,8,-8
121900017,63,218,-155
121900018,109,2,107
121900019,96,145,-49
121900020,16,0,16
121900021,133,2,131
121900022,49,47,2
121900023,13,181,-168
121900024,172,16,156
121900025,162,117,45
121900026,60,15,45
121900027,44,32,12
121900028,39,1,38
121900029,4,68,-64
121900030,244,194,50
121900031,417,1285,-868
121900032,21,15,6
121900033,91,63,28
121900034,84,56,28
121900035,1206,613,593
121900036,26,193,-167
121900037,42,316,-274
121900038,1,29,-28
121900039,156,2,154
121900040,6,48,-42
121900041,22,48,-26
121900042,85,56,29
121900043,0,0,0
121900044,139,6,133
121900046,50,41,9
121900047,32,38,-6
121900048,1,27,-26
121900050,3,15,-12
121900051,34,73,-39
121900052,17,20,-3
121900053,72,103,-31
121900054,195,345,-150
121900055,0,5,-5
121900058,35,138,-103
121900059,109,36,73
121900060,27,139,-112
121900062,23,12,11
121900063,121,68,53
121900064,64,465,-401
121900066,17,4,13
121900067,0,1,-1
121900069,184,51,133
121900070,55,39,16
121900071,40,137,-97
121900072,15,60,-45
121900073,80,82,-2
121900074,125,174,-49
121900075,129,76,53
121900076,67,340,-273
121900078,8,10,-2
121900079,0,0,0
121900080,168,204,-36
121900082,16,68,-52
121900084,2,86,-84
121900086,0,11,-11
121900087,111,56,55
121900088,1061,664,397
121900089,11,240,-229
121900090,0,27,-27
121900091,6,28,-22
121900092,6,39,-33
121900093,11,25,-14
121900094,7,4,3
121900095,81,54,27
121900096,753,116,637
121900097,62,87,-25
121900098,1,0,1
121900099,21,30,-9
121900100,20,51,-31
121900101,25,43,-18
121900102,20,32,-12
121900103,300,46,254
121900104,400,128,272
121900105,25,25,0
121900106,0,0,0
121900107,0,6,-6
121900108,0,0,0
121900109,160,75,85
121900110,43,609,-566
121900111,395,68,327
121900112,42,36,6
121900113,10,75,-65
121900114,0,0,0
121900117,24,8,16
121900118,1327,83,1244
121900119,17,54,-37
121900120,7,725,-718
121900121,218,32,186
121900122,2,0,2
121900123,90,202,-112
121900124,29,170,-141
121900125,417,524,-107
121900127,6,34,-28
121900128,18,88,-70
121900129,640,34,606
121900130,34,142,-108
121900131,28,68,-40
121900132,8,68,-60
121900133,5,9,-4
121900134,4,48,-44
121900135,1136,139,997
121900136,30,251,-221
121900137,10,102,-92
121900138,17,123,-106
121900139,188,305,-117
121900140,7,46,-39
121900141,4,5,-1
121900142,12,39,-27
121900143,1,66,-65
121900144,107,127,-20
121900145,19,42,-23
121900146,203,328,-125
121900147,39,122,-83
121900148,72,134,-62
121900149,91,461,-370
121900150,35,102,-67
121900151,25,103,-78
121900152,21,67,-46
121900153,12,138,-126
121900154,9,79,-70
121900155,14,37,-23
121900156,55,58,-3
121900157,2,236,-234
121900158,52,33,19
121900159,1,129,-128
121900160,1,174,-173
121900161,277,115,162
121900162,45,58,-13
121900163,22,440,-418
121900164,180,98,82
121900165,36,120,-84
121900166,56,118,-62
121900167,43,40,3
121900168,89,72,17
121900169,0,262,-262
121900170,4,86,-82
121900171,162,218,-56
121900172,79,109,-30
121900173,295,100,195
121900174,20,19,1
121900175,32,83,-51
121900176,233,1165,-932
121900177,53,45,8
121900178,3,66,-63
121900179,32,52,-20
121900180,3456,953,2503
121900182,147,118,29
121900183,224,141,83
121900184,16,307,-291
121900186,1,179,-178
121900187,11,43,-32
121900188,282,96,186
121900189,13,59,-46
121900190,83,236,-153
121900191,7,59,-52
121900192,326,305,21
121900193,10,141,-131
121900194,0,55,-55
121900195,21,41,-20
121900196,254,460,-206
121900197,124,1343,-1219
121900198,546,415,131
121900199,1,3,-2
121900200,13,66,-53
121900201,381,253,128
121900202,37,148,-111
121900203,87,309,-222
121900204,496,269,227
121900205,7,79,-72
121900206,1,2,-1
121900207,46,9,37
121900208,54,116,-62
121900209,9,6,3
121900210,392,354,38
121900211,112,190,-78
121900212,22,46,-24
121900213,17,33,-16
121900214,4,112,-108
121900215,33,69,-36
121900216,12,36,-24
121900217,71,32,39
121900218,125,181,-56
121900220,67,2,65
121900221,89,287,-198
121900222,35,96,-61
121900223,28,22,6
121900224,9,28,-19
121900225,42,20,22
121900226,42,664,-622
121900227,32,155,-123
121900228,59,117,-58
121900230,41,27,14
121900231,275,92,183
121900232,103,155,-52
121900233,121,117,4
121900234,42,205,-163
121900235,86,193,-107
121900236,90,62,28
121900237,97,165,-68
121900238,66,108,-42
121900239,39,11,28
121900240,88,53,35
121900241,2,15,-13
121900242,1,0,1
121900243,0,0,0
121900244,0,0,0
121900245,48,68,-20
121900246,490,211,279
121900248,456,290,166
121900250,119,127,-8
121900251,86,5,81
121900252,439,50,389
121900253,90,510,-420
121900254,281,125,156
121900255,70,29,41
121900258,934,492,442
121900259,127,140,-13
121900260,4,68,-64
121900261,31,119,-88
121900262,199,249,-50
121900263,17,109,-92
121900264,1056,544,512
121900265,21,155,-134
121900266,81,126,-45
121900267,11,7,4
121900269,23,73,-50
121900270,0,53,-53
121900271,13,68,-55
121900273,242,401,-159
121900274,24,118,-94
121900277,67,934,-867
121900278,16,459,-443
121900279,38,190,-152
121900280,26,145,-119
121900281,447,19,428
121900284,9,1,8
121900286,7,62,-55
121900287,8,4,4
121900288,1,1,0
121900290,80,124,-44
121900291,181,235,-54
121900292,46,50,-4
121900293,451,1840,-1389
121900294,80,0,80
121900295,18,104,-86
121900296,9,12,-3
121900298,138,145,-7
121900299,0,0,0
121900300,6,0,6
121900301,1,0,1
121900302,0,21,-21
121900303,129,281,-152
121900304,1,6,-5
121900305,1,3,-2
121900306,28,0,28
121900307,7,8,-1
121900308,2,185,-183
121900309,3,160,-157
121900310,2,314,-312
121900311,108,5,103
121900312,30,4,26
121900313,85,11,74
121900314,0,29,-29
121900315,2,0,2
121900316,1,11,-10
121900317,0,0,0
121900318,1,19,-18
121900319,3,9,-6
121900320,32,50,-18
121900321,1,0,1
121900322,0,27,-27
121900323,5,3,2
121900324,0,3,-3
121900325,0,0,0
121900326,2,7,-5
121900327,0,30,-30
121900328,0,10,-10
121900329,0,124,-124
121900330,0,33,-33
121900331,4,0,4
121900332,33,4,29
121900333,6,1,5
121900334,23,13,10
122000001,1222,1466,-244
122000002,2707,656,2051
122000003,1339,761,578
122000004,2075,584,1491
122000005,1441,434,1007
122000006,1361,222,1139
122000007,733,542,191
122000008,3164,1380,1784
122000009,439,106,333
122000010,1134,1115,19
122000011,2133,450,1683
122000012,1041,588,453
122000013,1335,648,687
122000014,874,1074,-200
122000015,710,564,146
122000016,237,411,-174
122000017,639,592,47
122000018,542,671,-129
122000019,380,981,-601
122000020,101,110,-9
122000021,364,195,169
122000022,598,749,-151
122000023,296,1331,-1035
122000024,718,443,275
122000025,1086,477,609
122000026,1643,361,1282
122000027,321,2401,-2080
122000028,451,163,288
122000029,261,112,149
122000030,187,57,130
122000031,107,71,36
122000032,648,1372,-724
122000033,558,304,254
122000034,362,280,82
122000035,195,349,-154
122000036,229,531,-302
122000037,214,130,84
122000038,158,234,-76
122000039,505,327,178
122000040,218,190,28
122000041,232,331,-99
122000042,173,298,-125
122000043,100,78,22
122000044,42,93,-51
122000045,717,376,341
122000046,312,520,-208
122000047,154,101,53
122000048,1357,1762,-405
122000049,2214,1304,910
122000050,1082,393,689
122000051,284,107,177
122000052,311,83,228
122000053,71,266,-195
122000054,1658,1057,601
122000055,1310,1056,254
122000056,3142,1539,1603
122000057,2557,1095,1462
122000058,3171,522,2649
122000059,2617,634,1983
122000060,806,290,516
122000061,473,129,344
122000062,971,204,767
122000063,552,178,374
122000064,1943,1406,537
122000065,3774,1831,1943
122000066,428,286,142
122000067,744,513,231
122000068,382,646,-264
122000069,482,342,140
122000070,239,1354,-1115
122000071,367,744,-377
122000072,160,170,-10
122000073,279,224,55
122000074,714,682,32
122000075,191,454,-263
122000076,589,495,94
122000077,806,271,535
122000078,2398,789,1609
122000079,826,362,464
122000080,439,206,233
122000081,60,145,-85
122000082,1032,469,563
122000083,504,2041,-1537
122000084,386,331,55
122000085,125,842,-717
122000086,1213,2018,-805
122000087,153,65,88
122000088,144,56,88
122000089,2844,1635,1209
122000090,112,178,-66
122000091,208,36,172
122000092,47,5,42
122000093,768,597,171
122000094,3577,903,2674
122000095,1266,637,629
122000096,882,674,208
122000098,1203,749,454
122000099,1065,405,660
122000100,854,355,499
122000101,151,528,-377
122000102,838,630,208
122000103,623,778,-155
122000104,122,131,-9
122000105,105,167,-62
122000106,322,238,84
122000107,469,217,252
122000108,233,501,-268
122000109,118,126,-8
122000110,142,313,-171
122000111,1533,739,794
122000112,280,737,-457
122000113,216,372,-156
122000114,1531,608,923
122000115,941,583,358
122000116,257,303,-46
122000117,535,148,387
122000118,223,209,14
122000119,1586,766,820
122000120,2501,1323,1178
122000121,2800,1117,1683
122000122,461,769,-308
122000123,1953,525,1428
122000124,575,275,300
122000125,301,384,-83
122000126,365,349,16
122000127,1172,520,652
122000128,488,578,-90
122000129,213,251,-38
122000130,1383,182,1201
122000131,1429,216,1213
122000132,876,223,653
122000133,498,1186,-688
122000134,247,291,-44
122000135,476,769,-293
122000136,160,112,48
122000137,358,355,3
122000139,679,1622,-943
122000140,724,290,434
122000141,3013,541,2472
122000142,253,324,-71
122000143,461,127,334
122000144,1437,418,1019
122000145,839,392,447
122000146,273,455,-182
122000147,522,234,288
122000148,1360,680,680
122000149,1359,559,800
122000150,763,403,360
122000151,195,231,-36
122000152,337,188,149
122000153,255,157,98
122000154,174,68,106
122000155,718,1002,-284
122000156,1501,1098,403
122000157,1159,772,387
122000158,155,306,-151
122000159,580,879,-299
122000160,4097,365,3732
122000161,874,276,598
122000162,1049,731,318
122000163,224,49,175
122000164,37,57,-20
122000165,560,436,124
122000166,596,492,104
122000167,122,170,-48
122000168,136,266,-130
122000169,305,114,191
122000170,144,157,-13
122000171,12,29,-17
122000172,841,993,-152
122000173,709,1373,-664
122000174,897,419,478
122000175,940,242,698
122000176,171,329,-158
122000177,1114,741,373
122000178,1755,985,770
122000179,1134,1478,-344
122000180,934,532,402
122000181,1333,975,358
122000182,1447,288,1159
122000183,812,469,343
122000184,2347,909,1438
122000185,1017,768,249
122000186,326,466,-140
122000187,725,947,-222
122000188,407,145,262
122000189,162,143,19
122000190,652,823,-171
122000191,417,214,203
122000192,447,184,263
122000193,150,406,-256
122000194,298,105,193
122000195,70,266,-196
122000196,341,332,9
122000197,157,309,-152
122000198,323,701,-378
122000199,262,170,92
122000200,619,277,342
122000201,883,1097,-214
122000202,636,661,-25
122000203,1721,907,814
122000204,865,1138,-273
122000205,826,540,286
122000206,1249,524,725
122000207,757,716,41
122000208,939,911,28
122000209,1163,189,974
122000210,794,1227,-433
122000211,507,791,-284
122000212,255,275,-20
122000213,497,636,-139
122000214,813,1000,-187
122000215,873,840,33
122000217,966,797,169
122000218,239,26,213
122000219,1067,749,318
122000220,178,564,-386
122000221,103,245,-142
122000222,343,57,286
122000223,466,350,116
122000225,364,214,150
122000226,767,1194,-427
122000227,165,1033,-868
122000228,178,327,-149
122000229,20,226,-206
122000230,59,610,-551
122000231,130,471,-341
122000232,228,584,-356
122000233,1,88,-87
122000234,69,210,-141
122000235,240,205,35
122000236,223,132,91
122000237,20,41,-21
122000238,22,84,-62
122000239,203,38,165
122000240,368,95,273
122000241,359,196,163
122000242,143,54,89
122000243,35,28,7
122000244,27,426,-399
122000245,68,301,-233
122000246,161,92,69
122000247,288,792,-504
122000248,1150,1481,-331
122000249,190,330,-140
122000250,584,225,359
122000251,175,149,26
122000252,311,34,277
122000253,14,197,-183
122000254,74,22,52
122000255,235,1140,-905
122000256,195,970,-775
122000257,46,300,-254
122000258,42,138,-96
122000259,21,633,-612
122000260,114,788,-674
122000261,3,142,-139
122000262,0,47,-47
122000263,36,80,-44
122000264,206,292,-86
122000265,972,397,575
122000266,2034,266,1768
122000267,59,142,-83
122000268,56,242,-186
122000269,265,154,111
122000270,238,59,179
122000271,144,715,-571
122000272,163,733,-570
122000273,143,440,-297
122000274,26,245,-219
122000275,42,222,-180
122000276,83,277,-194
122000277,297,750,-453
122000278,226,654,-428
122000279,48,399,-351
122000280,316,560,-244
122000281,186,534,-348
122000282,46,323,-277
122000283,273,31,242
122000284,43,70,-27
122000285,147,72,75
122000286,35,108,-73
122000287,211,694,-483
122000288,114,178,-64
122000291,270,240,30
122000293,273,244,29
122000294,49,39,10
122000295,761,90,671
122000296,32,399,-367
122000297,1940,969,971
122000299,122,244,-122
122000300,189,305,-116
122000301,9514,1250,8264
122000302,572,255,317
122000303,3080,527,2553
122000304,12,127,-115
122000305,368,483,-115
122000306,16,646,-630
122000307,62,113,-51
122000309,11,53,-42
122000310,20,8,12
122000311,21,20,1
122000312,46,13,33
122000313,6,11,-5
122000314,35,88,-53
122000315,69,10,59
122000316,103,148,-45
122000317,357,108,249
122000318,45,96,-51
122000319,174,312,-138
122000320,218,1605,-1387
122000321,48,216,-168
122000322,1622,1146,476
122000323,1156,737,419
122000324,880,779,101
122000325,484,459,25
122000326,12,84,-72
122000327,132,293,-161
122000328,887,737,150
122000330,1003,343,660
122000333,4,174,-170
122000337,228,1766,-1538
122000338,63,359,-296
122000340,185,144,41
122000342,1747,683,1064
122000343,212,1163,-951
122000344,10,6,4
122000345,101,239,-138
122000346,97,352,-255
122000348,142,494,-352
122000349,45,496,-451
122000351,49,157,-108
122000352,227,27,200
122000353,27,100,-73
122000355,128,80,48
122000356,867,511,356
122000357,9,6,3
122000358,0,24,-24
122000359,0,20,-20
122000360,0,22,-22
122000362,7,79,-72
122000364,31,328,-297
122000365,3,16,-13
122000366,4,2,2
122000368,213,539,-326
122000370,8,41,-33
122000371,0,0,0
122000372,1,0,1
122000381,21,191,-170
122000382,36,215,-179
122000384,2661,1184,1477
122000385,5,0,5
122000386,195,388,-193
122000387,145,355,-210
122000388,895,168,727
122000389,119,652,-533
122000390,192,154,38
122000391,86,31,55
122000392,96,168,-72
122000393,81,653,-572
122000394,118,197,-79
122000395,50,135,-85
122000396,124,90,34
122000397,18,99,-81
122000398,24,12,12
122000399,20,85,-65
122000400,112,191,-79
122000401,44,85,-41
122000402,36,49,-13
122000403,148,897,-749
122000404,57,127,-70
122000408,605,735,-130
122000503,3,39,-36
122000524,71,54,17
122000544,23,710,-687
122000614,501,102,399
122000616,539,2,537
122000640,8,143,-135
122000641,13,388,-375
122000642,609,958,-349
122000643,11,35,-24
122000644,81,24,57
122000645,76,100,-24
122000651,993,382,611
122000664,102,11,91
122000665,624,386,238
122000666,255,650,-395
122000673,25,343,-318
122000674,50,21,29
122000675,519,859,-340
122000686,111,812,-701
122000687,278,260,18
122000688,95,620,-525
122000689,189,458,-269
122000690,252,532,-280
122000691,146,2055,-1909
122000692,362,223,139
122000693,155,1059,-904
122000695,76,481,-405
122000696,68,216,-148
122000698,36,804,-768
122000699,66,38,28
122000701,522,234,288
122000702,273,1451,-1178
122000703,75,17,58
122000712,0,0,0
122000717,192,37,155
122000718,864,347,517
122000719,25,26,-1
122000720,64,182,-118
122000724,252,218,34
122900001,2,0,2
122900002,460,728,-268
122900003,70,28,42
122900004,319,2,317
122900005,23,25,-2
122900006,298,191,107
122900007,24,9,15
122900008,342,52,290
122900009,229,71,158
122900010,99,45,54
122900012,138,124,14
122900014,63,138,-75
122900015,805,134,671
122900016,37,232,-195
122900017,303,387,-84
122900018,92,0,92
122900020,186,184,2
122900021,31,221,-190
122900022,114,685,-571
122900023,61,130,-69
122900024,38,53,-15
122900025,4,63,-59
122900026,102,179,-77
122900027,24,412,-388
122900028,37,60,-23
122900029,2693,387,2306
122900030,792,175,617
122900031,54,69,-15
122900032,62,128,-66
122900033,131,110,21
122900034,1679,1757,-78
122900035,1,2,-1
122900036,4,59,-55
122900037,205,58,147
122900038,50,844,-794
122900039,53,155,-102
122900040,113,225,-112
122900041,103,104,-1
122900042,59,163,-104
122900043,174,92,82
122900044,23,141,-118
122900045,29,66,-37
122900046,83,36,47
122900047,70,49,21
122900048,8,50,-42
122900049,1508,61,1447
122900051,82,73,9
122900052,19,38,-19
122900053,0,11,-11
122900055,54,31,23
122900057,120,8,112
122900061,262,24,238
122900062,128,191,-63
122900063,28,279,-251
122900064,466,384,82
122900065,111,82,29
122900066,180,113,67
122900067,1025,467,558
122900069,48,408,-360
122900070,46,11,35
122900071,35,391,-356
122900073,24,193,-169
122900074,127,496,-369
122900075,0,59,-59
122900076,5,131,-126
122900077,1,124,-123
122900078,19,141,-122
122900080,25,9,16
122900081,66,56,10
122900082,176,113,63
122900083,68,47,21
122900084,2,117,-115
122900086,3,8,-5
122900087,42,437,-395
122900088,16,38,-22
122900089,32,175,-143
122900090,6,585,-579
122900091,30,0,30
122900092,0,102,-102
122900093,0,306,-306
122900094,0,200,-200
122900095,50,2,48
122900096,13,285,-272
122900097,2,3,-1
122900098,63,53,10
122900099,0,2,-2
122900100,89,74,15
122900101,352,71,281
122900102,4,7,-3
122900103,16,1,15
122900104,8,4,4
122900105,2,1,1
122900106,1,54,-53
122900107,0,160,-160
122900108,0,180,-180
122900109,43,124,-81
123000001,897,198,699
123000002,2951,1150,1801
123000003,2480,1396,1084
123000004,2531,2643,-112
123000005,1102,1305,-203
123000006,2121,2135,-14
123000007,1496,1221,275
123000008,1388,2779,-1391
123000009,2526,1863,663
123000010,2382,2501,-119
123000011,1872,688,1184
123000012,593,1524,-931
123000013,1987,744,1243
123000014,887,2356,-1469
123000015,1977,301,1676
123000016,4126,1427,2699
123000017,1717,817,900
123000018,17,51,-34
123000019,43,260,-217
123000020,16,83,-67
123000021,18,65,-47
123000022,180,404,-224
123000023,626,672,-46
123000024,586,387,199
123000025,69,49,20
123000026,7,114,-107
123000027,130,151,-21
123000028,187,271,-84
123000029,453,226,227
123000030,42,562,-520
123000031,32,264,-232
123000032,64,187,-123
123000033,68,41,27
123000034,306,271,35
123000035,97,120,-23
123000036,106,205,-99
123000037,81,218,-137
123000038,37,135,-98
123000039,444,422,22
123000040,626,256,370
123000041,411,224,187
123000042,368,343,25
123000043,1579,1909,-330
123000044,3668,1119,2549
123000045,7438,784,6654
123000046,392,349,43
123000047,2247,446,1801
123000048,31,157,-126
123000049,3662,1744,1918
123000050,316,516,-200
123000051,70,69,1
123000052,302,830,-528
123000053,1525,890,635
123000054,711,582,129
123000055,384,557,-173
123000056,709,1322,-613
123000057,10272,2587,7685
123000058,219,417,-198
123000059,126,224,-98
123000060,302,286,16
123000061,81,384,-303
123000063,349,325,24
123000064,493,132,361
123000065,4924,2321,2603
123000066,794,495,299
123000067,203,314,-111
123000068,1953,2068,-115
123000069,6266,2506,3760
123000070,130,502,-372
123000071,260,766,-506
123000072,468,1122,-654
123000073,409,540,-131
123000074,657,1757,-1100
123000075,164,369,-205
123000076,314,996,-682
123000077,1343,2562,-1219
123000078,481,1112,-631
123000079,401,1318,-917
123000080,956,1793,-837
123000081,120,368,-248
123000082,185,776,-591
123000083,271,45,226
123000084,162,577,-415
123000085,37,114,-77
123000086,98,479,-381
123000087,34,403,-369
123000088,339,1014,-675
123000089,244,884,-640
123000090,573,907,-334
123000091,1041,819,222
123000092,819,823,-4
123000094,227,159,68
123000095,111,347,-236
123000096,184,261,-77
123000097,127,989,-862
123000098,277,357,-80
123000099,291,717,-426
123000100,236,234,2
123000101,317,225,92
123000102,291,288,3
123000104,188,175,13
123000105,430,409,21
123000106,364,166,198
123000107,297,330,-33
123000108,767,712,55
123000111,195,100,95
123000112,317,376,-59
123000113,425,1397,-972
123000114,232,287,-55
123000115,107,167,-60
123000116,17,125,-108
123000117,713,1850,-1137
123000118,206,674,-468
123000119,123,719,-596
123000120,205,651,-446
123000121,258,375,-117
123000122,190,261,-71
123000123,339,315,24
123000124,476,356,120
123000125,618,301,317
123000126,1518,626,892
123000127,1664,556,1108
123000128,149,274,-125
123000129,128,79,49
123000130,110,37,73
123000131,207,212,-5
123000132,176,410,-234
123000133,290,279,11
123000134,394,131,263
123000135,479,740,-261
123000136,81,1003,-922
123000137,74,327,-253
123000138,53,361,-308
123000139,115,39,76
123000140,86,457,-371
123000141,368,48,320
123000142,585,762,-177
123000143,716,1964,-1248
123000144,9,8,1
123000145,81,92,-11
123000146,8,55,-47
123000147,31,47,-16
123000149,174,156,18
123000150,94,100,-6
123000151,147,261,-114
123000152,26,250,-224
123000153,71,205,-134
123000154,1163,794,369
123000155,1582,425,1157
123000156,23,64,-41
123000157,355,598,-243
123000158,325,213,112
123000159,1598,852,746
123000160,203,217,-14
123000161,474,296,178
123000162,163,564,-401
123000163,74,9,65
123000164,222,75,147
123000165,194,1345,-1151
123000166,23,141,-118
123000167,30,234,-204
123000168,108,253,-145
123000169,116,79,37
123000170,4,326,-322
123000171,32,41,-9
123000172,116,493,-377
123000173,156,37,119
123000174,258,42,216
123000175,506,985,-479
123000176,112,42,70
123000177,158,806,-648
123000178,193,31,162
123000179,31,662,-631
123000180,519,151,368
123000181,178,1148,-970
123000182,49,335,-286
123000183,90,71,19
123000184,37,765,-728
123000185,123,228,-105
123000186,84,476,-392
123000187,142,3,139
123000188,111,31,80
123000189,48,194,-146
123000190,14,209,-195
123000192,19,265,-246
123000193,40,339,-299
123000194,267,204,63
123000195,103,27,76
123000196,79,11,68
123000197,38,69,-31
123000198,8,133,-125
123000199,11,348,-337
123000200,83,30,53
123000201,190,26,164
123000202,32,1027,-995
123000203,174,60,114
123000204,43,1092,-1049
123000205,170,1677,-1507
123000206,351,69,282
123000207,53,831,-778
123000208,103,52,51
123000209,478,88,390
123000210,156,1209,-1053
123000211,367,2101,-1734
123000212,533,121,412
123000213,77,30,47
123000215,80,35,45
123000216,122,176,-54
123000217,70,19,51
123000218,85,132,-47
123000219,435,20,415
123000220,160,28,132
123000221,69,76,-7
123000222,121,273,-152
123000223,45,457,-412
123000224,251,546,-295
123000225,55,39,16
123000226,72,251,-179
123000227,33,300,-267
123000228,68,23,45
123000229,682,1373,-691
123000232,34,428,-394
123000233,225,49,176
123000234,79,545,-466
123000235,74,145,-71
123000236,77,805,-728
123000237,102,25,77
123000238,14,495,-481
123000239,205,1647,-1442
123000240,5,116,-111
123000241,647,60,587
123000242,51,124,-73
123000243,220,734,-514
123000244,363,330,33
123000245,16,132,-116
123000249,334,393,-59
123000252,146,75,71
123000253,183,126,57
123000254,153,766,-613
123000255,259,303,-44
123000256,22,153,-131
123000257,2251,1797,454
123000258,437,1012,-575
123000259,59,252,-193
123000260,103,433,-330
123000261,54,156,-102
123000262,34,219,-185
123000263,154,44,110
123000264,75,13,62
123000265,17,148,-131
123000266,242,417,-175
123000267,89,103,-14
123000268,21,71,-50
123000269,10,33,-23
123000270,16,27,-11
123000271,35,84,-49
123000272,468,141,327
123000273,50,260,-210
123000274,273,96,177
123000275,136,774,-638
123000278,1983,1755,228
123000279,29,53,-24
123000280,118,254,-136
123000281,97,44,53
123000282,32,198,-166
123000283,48,43,5
123000284,26,110,-84
123000286,187,136,51
123000287,363,172,191
123000288,305,163,142
123000289,261,232,29
123000291,167,600,-433
123000294,145,199,-54
123000295,332,493,-161
123000296,97,281,-184
123000297,148,791,-643
123000298,145,561,-416
123000299,64,410,-346
123000300,346,354,-8
123000301,19,81,-62
123000302,12,102,-90
123000303,8,73,-65
123000305,637,589,48
123000306,24,224,-200
123000309,20,53,-33
123000310,50,15,35
123000311,19,192,-173
123000312,720,779,-59
123000313,113,179,-66
123000315,46,218,-172
123000316,70,5,65
123000317,74,16,58
123000318,11,217,-206
123000329,2,11,-9
123000337,40,174,-134
123000338,230,28,202
123000339,31,314,-283
123000340,119,301,-182
123000342,6,185,-179
123000343,8,0,8
123000344,390,275,115
123000345,184,422,-238
123000346,99,83,16
123000352,1377,504,873
123000353,8,108,-100
123000354,384,13,371
123000355,2,589,-587
123000356,38,10,28
123000357,5,252,-247
123000359,1,150,-149
123000360,41,10,31
123000361,490,118,372
123000362,70,89,-19
123000363,51,166,-115
123000364,164,158,6
123000365,11,139,-128
123000366,142,535,-393
123000367,158,800,-642
123000370,13,247,-234
123000371,22,7,15
123000372,49,15,34
123000373,4,255,-251
123000374,3,113,-110
123000375,52,19,33
123000376,291,350,-59
123000377,105,3,102
123000378,4,312,-308
123000379,2,263,-261
123000380,14,57,-43
123000381,41,15,26
123000382,436,21,415
123000383,134,246,-112
123000384,159,63,96
123000385,115,408,-293
123000436,4,502,-498
123000507,150,210,-60
123000508,72,255,-183
123000517,186,13,173
123000518,9,152,-143
123000519,62,53,9
123000520,48,122,-74
123000521,134,61,73
123000522,105,426,-321
123000541,3,1,2
123000542,0,47,-47
123000565,142,22,120
123000566,25,742,-717
123000567,67,189,-122
123000573,20,809,-789
123000574,240,46,194
123000575,687,835,-148
123000576,326,1308,-982
123000577,39,270,-231
123000578,320,50,270
123000579,3262,1341,1921
123000580,36,8,28
123000582,87,8,79
123000583,4,299,-295
123000584,24,111,-87
123000585,0,76,-76
123000586,5,1,4
123000596,121,110,11
123000597,28,49,-21
123000602,5,3,2
123000603,76,595,-519
123000604,205,859,-654
123000605,20,1,19
123000606,0,10,-10
123000609,7,252,-245
123000610,41,60,-19
123000613,40,114,-74
123000614,148,57,91
123000615,53,258,-205
123000616,193,70,123
123000617,28,490,-462
123000618,33,460,-427
123000619,323,21,302
123000620,15,418,-403
123000622,188,15,173
123000624,131,83,48
123000630,268,229,39
123000631,104,1609,-1505
123000632,1021,921,100
123000633,0,5,-5
123000634,24,15,9
123000635,158,73,85
123000636,8,437,-429
123000637,105,16,89
123000638,187,62,125
123000639,499,1218,-719
123000640,14,794,-780
123000648,50,25,25
123000649,20,597,-577
123000650,27,49,-22
123000651,6,110,-104
123000652,57,97,-40
123000653,8,615,-607
123000654,256,153,103
123000655,6,262,-256
123000656,53,27,26
123000657,3,73,-70
123000658,41,14,27
123000659,11,487,-476
123000660,813,6,807
123000661,773,13,760
123900001,878,43,835
123900002,5,574,-569
123900003,138,330,-192
123900005,70,38,32
123900006,30,14,16
124000001,532,25,507
124000002,4,357,-353
124000003,110,39,71
124000004,40,476,-436
124000005,248,61,187
124000006,177,1118,-941
124000007,347,35,312
124000008,10,263,-253
124000009,182,126,56
124000010,51,530,-479
124000011,215,123,92
124000012,108,765,-657
124000017,21,50,-29
124000018,49,109,-60
124000019,34,44,-10
124000020,10,162,-152
124000021,19,72,-53
124000022,53,143,-90
124000023,370,99,271
124000024,682,444,238
124000025,434,129,305
124000026,525,383,142
124000027,944,173,771
124000028,1909,779,1130
124000031,549,358,191
124000032,3851,988,2863
124000033,457,165,292
124000034,816,827,-11
124000035,88,48,40
124000036,104,526,-422
124000037,139,83,56
124000038,21,62,-41
124000039,531,104,427
124000040,267,243,24
124000041,103,40,63
124000042,36,268,-232
124000043,40,36,4
124000044,41,283,-242
124000045,218,266,-48
124000046,82,657,-575
124000047,328,403,-75
124000048,200,1513,-1313
124000049,373,388,-15
124000050,208,2260,-2052
124000051,171,294,-123
124000052,266,1176,-910
124000053,175,451,-276
124000054,390,565,-175
124000055,516,600,-84
124000056,2885,944,1941
124000057,283,253,30
124000058,210,1288,-1078
124000059,155,220,-65
124000060,494,735,-241
124000061,551,1152,-601
124000062,6242,1212,5030
124000063,917,1173,-256
124000064,1753,1493,260
124000065,73,122,-49
124000066,133,15,118
124000067,62,81,-19
124000068,32,69,-37
124000069,117,134,-17
124000070,84,278,-194
124000071,25,26,-1
124000072,55,188,-133
124000073,164,30,134
124000074,112,575,-463
124000075,53,20,33
124000076,10,148,-138
124000077,614,265,349
124000078,1241,119,1122
124000079,325,420,-95
124000080,65,52,13
124000081,35,661,-626
124000082,4,66,-62
124000083,23,147,-124
124000084,36,86,-50
124000085,38,40,-2
124000086,43,29,14
124000087,22,33,-11
124000088,49,181,-132
124000089,179,200,-21
124000090,84,324,-240
124000091,123,134,-11
124000092,35,671,-636
124000093,44,30,14
124000094,35,209,-174
124000095,20,31,-11
124000096,48,247,-199
124000097,26,34,-8
124000098,38,136,-98
124000099,58,50,8
124000100,20,78,-58
124000101,17,99,-82
124000102,56,101,-45
124000103,14,69,-55
124000104,43,104,-61
124000105,21,32,-11
124000106,112,115,-3
124000107,10,41,-31
124000108,29,39,-10
124000109,60,33,27
124000110,70,95,-25
124000111,96,89,7
124000112,196,504,-308
124000113,33,52,-19
124000114,143,501,-358
124000115,284,584,-300
124000116,53,43,10
124000117,62,56,6
124000118,19,36,-17
124000119,447,358,89
124000120,204,356,-152
124000121,1668,373,1295
124000122,413,653,-240
124000123,399,181,218
124000124,339,545,-206
124000125,222,177,45
124000126,202,371,-169
124000127,263,269,-6
124000128,256,714,-458
124000129,829,674,155
124000130,553,391,162
124000131,474,298,176
124000132,531,518,13
124000133,250,400,-150
124000134,267,489,-222
124000135,853,665,188
124000136,557,713,-156
124000137,441,289,152
124000138,544,566,-22
124000139,219,32,187
124000140,46,406,-360
124000141,149,17,132
124000142,29,675,-646
124000143,19,6,13
124000144,4,130,-126
124000145,23,18,5
124000146,5,86,-81
124000148,4,9,-5
124000149,239,118,121
124000150,138,371,-233
124000151,196,75,121
124000152,227,756,-529
124000153,175,159,16
124000154,208,637,-429
124000155,384,224,160
124000156,615,655,-40
124000169,97,159,-62
124000170,420,266,154
124000171,59,105,-46
124000172,158,435,-277
124000173,99,203,-104
124000174,112,548,-436
124000175,2,103,-101
124000176,2,3,-1
124000177,10,27,-17
124000178,10,7,3
124000185,6,4,2
124000186,0,62,-62
124000187,2,114,-112
124000188,10,3,7
124000190,150,24,126
124000191,282,62,220
124000192,671,115,556
124000193,168,884,-716
124000194,184,441,-257
124000195,138,218,-80
124000196,562,940,-378
124000197,28,50,-22
124000198,10,25,-15
124000201,79,806,-727
124000202,159,33,126
124000203,27,792,-765
124000204,150,148,2
124000205,15,439,-424
124000206,65,255,-190
124000207,0,54,-54
124000209,52,255,-203
124000210,105,100,5
124000211,89,0,89
124000212,2,496,-494
124000213,52,255,-203
124000214,84,428,-344
124000215,95,13,82
124000216,4,491,-487
124000329,27,1998,-1971
124000338,13,869,-856
124000339,77,15,62
124000341,160,12,148
124000344,13,3,10
124000357,585,1063,-478
124000358,732,1110,-378
124000359,347,261,86
124000360,161,204,-43
124000361,348,383,-35
124000362,792,1139,-347
124000363,170,449,-279
124000364,305,929,-624
124000365,650,968,-318
124000366,2022,1155,867
124000367,47,416,-369
124000368,124,89,35
124000369,33,44,-11
124000370,34,321,-287
124000402,7,4,3
124000403,27,2,25
124000404,2,59,-57
124000405,427,383,44
124000406,418,578,-160
124000407,3,15,-12
124000411,6,239,-233
124000412,57,6,51
124000413,88,15,73
124000414,26,87,-61
124000415,37,227,-190
124000416,70,330,-260
124000417,45,65,-20
124000418,14,61,-47
124000419,50,198,-148
124000420,19,39,-20
124000421,16,298,-282
124000422,15,3,12
124000423,24,12,12
124000424,5,96,-91
124000425,17,4,13
124000426,3,146,-143
124000427,27,10,17
124000428,12,11,1
124000429,14,41,-27
124000430,234,359,-125
124000431,100,434,-334
124000432,52,603,-551
124000439,10,2,8
124000443,1,48,-47
124000445,313,168,145
124000446,2521,63,2458
124000447,7,47,-40
124000448,18,13,5
124000449,12,4,8
124000450,12,490,-478
124000451,2,218,-216
124000452,341,55,286
124000453,1417,896,521
124000454,2206,2155,51
124000455,7,809,-802
124000456,122,5,117
124000457,3,798,-795
124000458,8,349,-341
124000459,78,2,76
124000460,5,218,-213
124900001,61,109,-48
124900002,36,328,-292
124900003,104,122,-18
124900004,70,175,-105
124900005,53,121,-68
124900006,107,164,-57
124900008,549,273,276
124900009,29,32,-3
124900010,28,8,20
124900011,66,55,11
124900012,90,37,53
124900013,120,101,19
124900014,63,88,-25
124900015,47,25,22
124900016,17,18,-1
124900017,322,142,180
124900018,60,1,59
124900020,8,12,-4
124900021,18,4,14
124900022,17,3,14
124900024,44,2,42
124900026,19,1,18
124900027,12,35,-23
124900028,375,74,301
124900030,3,72,-69
124900031,5,219,-214
124900033,26,190,-164
124900035,40,240,-200
124900036,1,47,-46
124900037,38,254,-216
124900038,139,192,-53
124900039,0,19,-19
124900040,6,19,-13
124900041,101,848,-747
124900042,19,25,-6
124900043,42,571,-529
124900044,12,0,12
124900045,240,308,-68
124900047,42,78,-36
124900050,118,242,-124
124900052,31,160,-129
124900053,36,300,-264
124900054,2820,225,2595
124900055,0,63,-63
124900057,11,541,-530
124900060,25,171,-146
124900061,10,5,5
124900062,15,0,15
124900066,0,14,-14
124900067,16,290,-274
124900068,84,80,4
124900070,9,11,-2
124900072,62,22,40
124900075,36,227,-191
124900076,65,214,-149
124900077,75,130,-55
124900078,17,1,16
124900080,82,591,-509
124900081,178,116,62
124900082,123,655,-532
124900083,110,455,-345
124900085,776,72,704
124900086,19,106,-87
124900087,217,17,200
124900088,333,44,289
124900089,869,59,810
124900090,50,69,-19
124900091,105,347,-242
124900092,55,276,-221
124900093,54,91,-37
124900094,37,91,-54
124900095,44,131,-87
124900096,184,45,139
124900097,68,22,46
124900098,54,229,-175
124900099,255,135,120
124900100,40,6,34
124900101,16,207,-191
124900102,48,2,46
124900103,20,245,-225
124900104,7,198,-191
124900105,14,148,-134
124900106,72,10,62
124900107,16,4,12
124900108,172,24,148
124900111,1,245,-244
124900112,32,422,-390
124900113,37,41,-4
124900114,98,27,71
124900115,18,17,1
124900116,29,38,-9
124900117,607,67,540
124900118,70,55,15
124900119,82,38,44
124900120,15,257,-242
124900121,52,40,12
124900122,223,191,32
124900123,175,50,125
124900124,326,124,202
124900125,88,2,86
124900126,8,636,-628
204000001,20,26,-6
204000002,7,28,-21
204000003,2,2,0
204000004,1,1,0
204000005,255,153,102
204000006,355,424,-69
204000011,10,45,-35
204000012,10,99,-89
204000019,300,286,14
204000020,168,525,-357
204000021,1130,462,668
204000022,138,247,-109
204000023,156,1012,-856
204000031,43,39,4
204000032,369,39,330
204000034,24,292,-268
204000035,0,5,-5
204000036,17,16,1
204000037,0,12,-12
204000038,1,24,-23
204000039,0,40,-40
204000040,2,28,-26
204000041,11,35,-24
204000042,6,11,-5
204000043,8,2,6
204000044,0,5,-5
204000045,2,5,-3
204000046,2,2,0
204000057,1,44,-43
204000062,13,266,-253
204000068,45,103,-58
204000069,19,114,-95
204000070,32,51,-19
204000080,9,44,-35
204000085,635,937,-302
204000086,2029,1230,799
204000087,32,24,8
204000088,4,94,-90
204000090,22,405,-383
204000093,160,84,76
204000096,223,324,-101
204000097,136,105,31
204000099,411,547,-136
204000100,304,410,-106
204000105,996,765,231
204000110,359,743,-384
204000111,191,531,-340
204000112,295,724,-429
204000113,217,593,-376
204000114,251,192,59
204000115,152,269,-117
204000116,265,295,-30
204000119,554,752,-198
204000132,155,132,23
204000133,227,193,34
204000134,87,82,5
204000135,151,67,84
204000136,80,105,-25
204000138,117,134,-17
204000140,87,65,22
204000141,37,36,1
204000144,8,9,-1
204000145,357,31,326
204000146,23,274,-251
204000147,60,100,-40
204000148,233,25,208
204000154,1,1,0
204000155,2,9,-7
204000177,22,54,-32
204000179,0,4,-4
204000180,0,0,0
204000222,0,12,-12
204000235,14,9,5
204000236,43,273,-230
204000238,21,60,-39
204000240,272,48,224
204000263,318,984,-666
204000268,392,160,232
204000308,89,29,60
204000317,38,56,-18
204000322,9,14,-5
204000323,3,32,-29
204000328,142,93,49
204000329,99,76,23
204000330,202,181,21
204000331,67,148,-81
204000352,49,0,49
205000001,572,784,-212
205000013,5,71,-66
205000014,19,118,-99
205000015,13,172,-159
205000016,11,156,-145
205000017,9,75,-66
205000022,203,429,-226
205000025,1204,617,587
205000029,88,5,83
205000045,23,133,-110
205000046,27,427,-400
205000047,33,398,-365
205000048,62,720,-658
205000049,84,545,-461
205000050,876,183,693
205000059,1,180,-179
205000060,0,32,-32
205000061,0,14,-14
205000062,0,22,-22
205000063,8,28,-20
205000064,11,81,-70
205000065,34,507,-473
205000066,30,608,-578
205000067,25,897,-872
205000069,171,16,155
205000082,95,122,-27
205000110,43,191,-148
205000111,79,192,-113
205000112,38,81,-43
205000113,183,103,80
205000121,74,27,47
205000123,42,145,-103
205000126,116,32,84
205000127,154,40,114
205000128,176,41,135
205000129,125,49,76
205000130,50,16,34
205000131,20,4,16
205000132,312,1,311
205000133,31,0,31
205000134,66,0,66
205000137,60,101,-41
205000138,141,201,-60
205000139,18,60,-42
205000144,30,22,8
205000145,100,49,51
205000151,21,13,8
205000152,48,17,31
205000153,100,8,92
205000154,38,21,17
205000155,52,8,44
205000207,27,113,-86
205000233,2,2,0
205000234,0,0,0
205000243,0,0,0
205000244,0,5,-5
205000245,24,296,-272
205000249,2,22,-20
205000250,2,2,0
205000264,3,102,-99
206000027,7,2,5
206000028,2,1,1
206000043,15,147,-132
206000053,13,9,4
206000054,10,21,-11
206000055,3,45,-42
206000075,4,5,-1
206000076,10,4,6
206000077,9,4,5
206000078,5,3,2
206000079,2,12,-10
206000082,184,11,173
206000100,65,467,-402
206000103,7,26,-19
206000104,29,30,-1
206000105,6,17,-11
206000106,13,28,-15
206000125,16,0,16
206000157,160,461,-301
206000170,3,266,-263
206000171,3,233,-230
206000172,5,977,-972
206000173,2,321,-319
206000174,6,183,-177
206000175,2,253,-251
206000176,11,465,-454
206000177,0,308,-308
206000178,1,196,-195
206000179,0,100,-100
206000180,27,218,-191
206000181,3,307,-304
206000182,34,298,-264
206000183,17,916,-899
206000184,3,490,-487
206000185,9,412,-403
206000186,133,1868,-1735
206000223,4,296,-292
206000226,4,2,2
206000227,7,1,6
206000237,34,513,-479
206000238,46,814,-768
206000239,590,2214,-1624
206000240,2,45,-43
206000241,0,160,-160
206000242,7,513,-506
206000243,20,495,-475
206000244,75,1123,-1048
206000245,262,34,228
206000246,51,10,41
206000247,37,11,26
206000248,88,14,74
206000252,67,10,57
206000258,20,12,8
206000315,15,3,12
206000317,131,34,97
206000318,38,29,9
206000319,274,78,196
206000320,24,19,5
206000321,38,7,31
206000322,131,14,117
206000323,46,2,44
206000324,28,4,24
206000325,48,5,43
206000326,14,1,13
206000327,104,5,99
206000328,43,2,41
206000329,64,3,61
206000330,13,8,5
206000331,27,2,25
206000332,7,3,4
206000333,94,4,90
206000334,48,2,46
206000335,0,23,-23
206000361,14,176,-162
206000392,0,41,-41
206000405,53,2,51
206000441,10,2,8
206000498,21,2,19
206000515,109,31,78
206000530,51,29,22
206000531,55,35,20
206000532,724,94,630
206000535,296,1871,-1575
206000536,24,273,-249
206000537,11,140,-129
206000613,708,67,641
206000784,350,21,329
207000001,114,253,-139
207000002,39,281,-242
207000003,51,249,-198
207000007,409,269,140
207000008,23,32,-9
207000009,29,27,2
207000010,253,500,-247
207000012,162,151,11
207000015,236,1237,-1001
207000019,118,43,75
207000021,254,57,197
207000022,29,50,-21
207000023,32,33,-1
207000024,3,6,-3
207000025,3,47,-44
207000026,66,66,0
207000027,10,61,-51
207000028,21,223,-202
207000029,154,304,-150
207000033,131,93,38
207000034,126,28,98
207000039,143,89,54
207000040,69,133,-64
207000041,15,46,-31
207000042,77,76,1
207000043,87,135,-48
207000051,30,249,-219
207000052,5,200,-195
207000053,327,552,-225
207000054,19,123,-104
207000055,49,259,-210
207000056,164,430,-266
207000057,70,255,-185
207000058,59,491,-432
207000059,26,994,-968
207000060,25,296,-271
207000061,40,85,-45
207000062,76,44,32
207000063,82,142,-60
207000064,124,154,-30
207000065,90,151,-61
207000066,72,130,-58
207000067,15,74,-59
207000068,56,68,-12
207000069,395,260,135
207000082,24,305,-281
207000083,30,347,-317
207000084,64,134,-70
207000085,69,16,53
207000086,53,5,48
207000106,11,36,-25
207000107,54,18,36
207000108,20,10,10
207000109,29,6,23
207000110,28,21,7
207000111,37,47,-10
207000112,56,78,-22
207000114,27,17,10
207000115,13,51,-38
207000116,20,141,-121
207000117,3,106,-103
207000118,1,78,-77
207000119,15,64,-49
207000123,139,22,117
207000124,22,18,4
207000125,32,16,16
207000126,62,10,52
207000134,44,223,-179
207000135,17,218,-201
207000148,52,62,-10
207000149,41,14,27
207000152,96,348,-252
207000153,892,566,326
207000154,187,138,49
207000159,23,260,-237
207000160,54,521,-467
207000238,0,88,-88
207000242,1,105,-104
207000248,30,11,19
207000249,88,45,43
207000250,394,46,348
207000251,134,52,82
207000252,33,55,-22
207000278,35,65,-30
207000279,20,191,-171
207000280,155,83,72
207000281,47,1108,-1061
207000282,29,9,20
207000283,52,126,-74
207000284,16,35,-19
207000285,113,11,102
207000291,8,106,-98
207000304,43,75,-32
207000306,19,270,-251
207000310,18,64,-46
207000353,63,2,61
207000356,6,18,-12
207000357,2,6,-4
207000358,12,16,-4
207000415,7,119,-112
207000416,66,279,-213
207000417,1,1,0
207000418,51,132,-81
207000438,0,4,-4
207000439,778,137,641
207000446,44,0,44
207000460,3,13,-10
207000466,113,132,-19
207000467,84,91,-7
207000468,14,495,-481
207000476,4,54,-50
207000477,87,104,-17
207000478,0,4,-4
207000523,0,12,-12
207000524,9,0,9
207000527,61,103,-42
207000530,45,1,44
207000531,58,2,56
207000532,15,1,14
207000534,530,17,513
207000535,43,79,-36
207000537,10,71,-61
207000540,7,164,-157
207000541,0,232,-232
207000548,4,262,-258
207000549,43,3,40
207000561,48,31,17
207000562,23,204,-181
207000567,109,226,-117
207000568,26,67,-41
207000569,47,870,-823
207000584,245,75,170
207000585,22,64,-42
207000587,46,35,11
207000616,1,195,-194
207000617,25,0,25
207000624,49,13,36
207000631,3,33,-30
208000001,205,310,-105
208000002,218,329,-111
208000003,348,347,1
208000004,372,414,-42
208000005,11,9,2
208000019,155,456,-301
208000020,36,232,-196
208000021,31,287,-256
208000022,220,519,-299
208000028,473,377,96
208000033,196,476,-280
208000034,601,772,-171
208000037,196,46,150
208000040,24,115,-91
208000041,190,263,-73
208000042,229,317,-88
208000047,39,248,-209
208000064,1457,683,774
208000066,608,367,241
208000070,76,335,-259
208000071,117,542,-425
208000072,117,618,-501
208000080,61,220,-159
208000081,51,125,-74
208000082,96,175,-79
208000083,33,227,-194
208000084,2,6,-4
208000085,494,411,83
208000086,265,627,-362
208000087,117,530,-413
208000089,238,438,-200
208000090,288,784,-496
208000093,27,61,-34
208000094,292,538,-246
208000095,207,157,50
208000104,365,497,-132
208000105,286,576,-290
208000114,17,60,-43
208000115,193,196,-3
208000116,62,578,-516
208000117,17,54,-37
208000118,43,76,-33
208000155,322,503,-181
208000158,920,1035,-115
208000186,1456,711,745
208000204,270,623,-353
208000205,475,1082,-607
208000282,1948,582,1366
209000004,40,138,-98
209000005,5,12,-7
209000006,192,64,128
209000007,116,141,-25
209000010,270,115,155
209000011,108,156,-48
209000012,142,271,-129
209000013,105,570,-465
209000014,495,1571,-1076
209000025,112,29,83
209000026,254,41,213
209000027,198,986,-788
209000028,211,1036,-825
209000029,403,883,-480
209000030,231,1403,-1172
209000031,3649,1847,1802
209000034,89,118,-29
209000035,41,95,-54
209000036,49,72,-23
209000037,68,131,-63
209000038,40,110,-70
209000039,21,106,-85
209000040,107,189,-82
209000041,132,230,-98
209000042,140,247,-107
209000043,253,341,-88
209000044,181,388,-207
209000045,323,179,144
209000046,129,281,-152
209000047,79,113,-34
209000048,102,107,-5
209000049,28,130,-102
209000050,175,167,8
209000051,126,290,-164
209000052,74,277,-203
209000062,30,115,-85
209000063,10,116,-106
209000064,8,121,-113
209000065,10,25,-15
209000066,9,30,-21
209000067,14,66,-52
209000080,5,145,-140
209000082,28,23,5
209000091,19,49,-30
209000093,41,14,27
209000094,81,65,16
209000110,10,23,-13
209000111,223,453,-230
209000112,215,292,-77
209000113,434,239,195
209000114,172,130,42
209000115,40,160,-120
209000116,645,428,217
209000118,2,8,-6
209000119,7,6,1
209000121,74,707,-633
209000135,23,13,10
209000142,555,387,168
209000143,33,39,-6
209000144,16,32,-16
209000229,65,107,-42
209000240,21,387,-366
209000259,66,114,-48
209000260,48,504,-456
209000261,4,428,-424
209000262,0,384,-384
209000263,0,129,-129
209000264,0,25,-25
209000265,27,0,27
209000266,12,0,12
209000267,77,0,77
209000268,162,4,158
210000037,27,19,8
210000047,17,26,-9
210000048,24,34,-10
210000049,9,28,-19
210000052,21,133,-112
210000053,10,58,-48
210000054,60,56,4
210000070,12,5,7
210000071,12,0,12
210000072,15,0,15
210000073,0,28,-28
210000074,1,75,-74
210000075,1,49,-48
210000076,4,105,-101
210000077,18,24,-6
210000078,15,15,0
210000079,16,6,10
210000080,48,32,16
210000081,48,6,42
210000082,36,0,36
210000083,57,0,57
210000084,5,0,5
210000085,0,53,-53
210000086,0,80,-80
210000099,40,148,-108
210000100,25,192,-167
210000101,47,181,-134
210000105,34,121,-87
210000159,1,73,-72
210000163,167,156,11
210000164,223,49,174
210000168,96,12,84
210000187,0,7,-7
210000188,1,19,-18
210000214,8,0,8
210000219,4,46,-42
210000220,23,61,-38
210000232,2,15,-13
210000233,4,45,-41
210000234,19,103,-84
210000235,21,140,-119
210000245,1,22,-21
210000246,10,1,9
210000258,2,126,-124
210000259,68,14,54
210000282,12,140,-128
210000285,0,99,-99
210000286,5,149,-144
210000290,0,9,-9
210000295,24,92,-68
210000296,18,39,-21
210000320,47,87,-40
210000321,17,39,-22
210000338,47,124,-77
210000339,488,240,248
210000340,64,90,-26
210000341,62,154,-92
210000342,69,118,-49
210000343,60,115,-55
210000344,86,64,22
210000345,111,52,59
210000346,27,36,-9
210000347,32,13,19
210000348,24,10,14
210000349,25,16,9
210000350,22,53,-31
210000351,42,71,-29
210000352,19,69,-50
210000353,13,97,-84
210000354,35,107,-72
210000355,30,62,-32
210000356,31,32,-1
210000357,27,23,4
210000358,210,66,144
210000359,43,38,5
210000360,125,85,40
210000361,59,134,-75
210000362,94,132,-38
210000363,645,78,567
210000364,52,19,33
210000365,46,18,28
210000366,59,23,36
210000367,17,17,0
210000368,51,7,44
210000369,9,14,-5
210000370,26,40,-14
210000372,7,22,-15
210000373,13,9,4
210000374,34,6,28
210000375,5,56,-51
210000376,26,109,-83
210000404,101,106,-5
210000439,5,33,-28
210000472,52,3,49
210000482,37,42,-5
210000564,528,38,490
210000567,1,11,-10
210000568,400,1,399
211000092,12,71,-59
211000094,3,6,-3
211000169,128,3,125
211000172,7,136,-129
211000209,0,7,-7
211000226,2,13,-11
211000270,12,13,-1
211000275,10,22,-12
211000276,20,25,-5
211000279,1,64,-63
211000281,11,64,-53
211000302,3,77,-74
211507980,0,9,-9
211977296,13,0,13
212000003,35,24,11
212000004,19,21,-2
212000005,9,14,-5
212000006,10,59,-49
212000008,51,184,-133
212000009,9,131,-122
212000012,21,64,-43
212000013,4,44,-40
212000014,76,118,-42
212000015,85,164,-79
212000016,191,388,-197
212000027,208,319,-111
212000028,78,247,-169
212000029,33,190,-157
212000030,10,11,-1
212000031,8,58,-50
212000048,12,54,-42
212000049,4,34,-30
212000050,4,5,-1
212000051,61,223,-162
212000052,50,367,-317
212000053,182,443,-261
212000054,33,100,-67
212000055,56,175,-119
212000056,7,34,-27
212000057,2,27,-25
212000058,210,24,186
212000070,42,265,-223
212000077,50,532,-482
212000099,67,146,-79
212000108,64,108,-44
212000111,46,108,-62
212000120,53,85,-32
212000138,23,29,-6
212000156,5,110,-105
212000158,4,8,-4
212000159,80,30,50
212000160,160,139,21
212000161,13,13,0
212000310,6,12,-6
212000311,2,42,-40
212000374,3,10,-7
213000001,13,446,-433
213000005,110,57,53
213000006,492,59,433
213000007,40,3,37
213000009,195,59,136
213000010,109,46,63
213000011,108,37,71
213000012,77,233,-156
213000014,5,2,3
213000015,60,1,59
213000016,27,2,25
213000017,10,2,8
213000018,1,157,-156
213000019,1,131,-130
213000020,49,160,-111
213000021,5,62,-57
213000023,87,71,16
213000033,96,334,-238
213000034,124,128,-4
213000035,73,53,20
213000045,46,189,-143
213000046,40,117,-77
213000047,194,389,-195
213000056,20,2,18
213000069,2,0,2
213000073,0,5,-5
213000074,43,377,-334
213000075,194,5,189
213000076,2,1,1
213000085,4,23,-19
213000086,9,191,-182
213000091,10,3,7
213000092,12,3,9
213000099,90,562,-472
213000100,592,84,508
213000101,34,152,-118
213000102,73,358,-285
213000103,217,442,-225
213000104,17,310,-293
213000105,1,39,-38
213000106,15,192,-177
213000107,35,587,-552
213000108,13,373,-360
213000109,2,175,-173
213000110,2,30,-28
213000111,0,29,-29
213000112,80,90,-10
213000115,18,1,17
213000116,46,420,-374
213000117,3,542,-539
213000118,102,214,-112
213000119,36,736,-700
213000120,45,649,-604
213000122,98,653,-555
213000123,514,689,-175
213000124,49,1002,-953
213000125,45,6,39
213000126,41,64,-23
213000127,83,82,1
213000128,371,193,178
213000129,261,101,160
213000130,137,67,70
213000132,74,40,34
213000133,43,57,-14
213000134,198,14,184
213000136,120,8,112
213000137,213,44,169
213000139,206,5,201
213000147,7,1,6
213000148,12,2,10
213000149,2,3,-1
213000150,1,38,-37
213000151,0,37,-37
213000152,1,41,-40
213000153,0,18,-18
213000154,12,243,-231
213000155,12,248,-236
213000156,28,548,-520
213000157,540,455,85
213000158,108,326,-218
213000159,122,317,-195
213000163,191,48,143
213000165,316,39,277
213000171,14,201,-187
213000172,34,228,-194
213000173,0,90,-90
213000174,0,12,-12
213000175,13,44,-31
213000176,4,71,-67
213000177,0,8,-8
213000178,2,2,0
213000179,62,21,41
213000180,25,50,-25
213000182,20,0,20
213000184,30,287,-257
213000188,112,34,78
213000189,99,11,88
213000190,467,501,-34
213000191,83,363,-280
213000192,40,427,-387
213000193,1266,121,1145
213000194,1,10,-9
213000195,9,458,-449
213000196,75,440,-365
213000197,124,74,50
213000198,3,1,2
213000200,47,726,-679
213000201,79,64,15
213000202,3,529,-526
213000203,1709,185,1524
213000204,328,8,320
213000205,59,22,37
213000206,49,15,34
213000207,34,5,29
213000208,11,0,11
213000209,12,2,10
213000210,59,1,58
213000211,3,11,-8
213000212,2,13,-11
213000213,3,12,-9
213000218,914,2190,-1276
213000219,211,7,204
213000220,227,6,221
213000223,143,60,83
213000224,14,8,6
213000225,13,0,13
213000226,7,3,4
213000227,190,104,86
213000228,36,45,-9
213000229,199,10,189
213000230,173,9,164
213000232,40,340,-300
213000233,0,14,-14
213000234,2,22,-20
213000293,0,42,-42
213000294,24,6,18
213000295,2,80,-78
213000296,29,7,22
213000297,17,44,-27
213000298,3,51,-48
213000299,29,39,-10
213000300,10,0,10
213000303,1,20,-19
213000304,0,3,-3
213000305,1,3,-2
213000306,31,9,22
213000307,45,48,-3
213000308,61,211,-150
213000309,37,49,-12
213000310,113,50,63
213000311,132,406,-274
213000315,18,122,-104
213000316,19,59,-40
213000322,4,19,-15
213000323,17,32,-15
213000340,57,788,-731
213000341,84,34,50
213000346,85,11,74
213000347,461,17,444
213000348,3,64,-61
213000349,29,7,22
213000350,138,1107,-969
213000366,16,197,-181
213000367,92,27,65
213000379,53,66,-13
213000386,1,134,-133
213000406,74,215,-141
213000417,393,202,191
213000425,18,28,-10
213000426,49,15,34
213000427,10,152,-142
213000428,8,157,-149
213000429,7,1,6
213000430,28,659,-631
213000431,51,0,51
213000432,0,3,-3
213000433,2,68,-66
213000434,26,69,-43
213000435,34,71,-37
213000439,8,3,5
213000441,0,1,-1
213000443,129,130,-1
213000445,0,69,-69
213000446,0,2,-2
213000447,2,14,-12
213000448,3,28,-25
213000449,33,0,33
213000450,4,40,-36
213000451,21,33,-12
213000452,5,6,-1
213000453,18,164,-146
213000455,144,0,144
213000456,2,106,-104
213000481,16,5,11
213000482,50,1,49
213000489,237,17,220
213000491,0,46,-46
213000492,35,2,33
213000493,0,17,-17
213000494,50,37,13
213000496,73,83,-10
213000497,10,169,-159
213000498,21,134,-113
213000499,48,286,-238
213000500,35,34,1
213000501,27,11,16
213000502,35,9,26
213000503,3,21,-18
213000504,1,52,-51
213000505,1,94,-93
213000506,0,10,-10
213000507,0,119,-119
213900244,1,0,1
213900245,0,37,-37
218000003,4,8,-4
218000004,8,9,-1
218000005,18,25,-7
218000006,15,30,-15
218000007,7,15,-8
218000012,239,94,145
218000013,48,94,-46
218000014,345,246,99
218000019,546,227,319
218000020,283,301,-18
218000040,2,2,0
218000046,16,194,-178
218000047,4,227,-223
218000048,16,338,-322
218000049,41,162,-121
218000050,136,277,-141
218000051,19,377,-358
218000052,1,83,-82
218000053,3,9,-6
218000054,2,24,-22
218000055,4,8,-4
218000056,2,35,-33
218000057,1,37,-36
218000064,0,0,0
218000065,11,40,-29
218000066,5,34,-29
218000067,12,90,-78
218000068,47,93,-46
218000069,74,196,-122
218000070,164,235,-71
218000071,130,267,-137
218000072,194,195,-1
218000078,297,1047,-750
218000079,29,35,-6
218000080,35,62,-27
218000081,116,141,-25
218000082,21,79,-58
218000083,14,68,-54
218000084,47,155,-108
218000085,101,348,-247
218000086,16,145,-129
218000087,108,201,-93
218000090,3,38,-35
218000091,475,296,179
218000092,39,127,-88
218000093,37,94,-57
218000094,317,664,-347
218000099,160,210,-50
218000100,177,218,-41
218000101,140,154,-14
218000102,122,244,-122
218000103,20,145,-125
218000104,14,44,-30
218000105,41,9,32
218000106,16,11,5
218000107,19,102,-83
218000108,3,49,-46
218000112,43,13,30
218000117,13,19,-6
218000134,178,597,-419
218000135,8,62,-54
218000136,76,18,58
218000137,55,112,-57
218000138,3,39,-36
218000139,33,271,-238
218000140,59,136,-77
218000141,16,36,-20
218000142,32,85,-53
218000143,14,116,-102
218000144,14,30,-16
218000145,98,277,-179
218000146,22,65,-43
218000151,16,10,6
218000152,32,40,-8
218000170,0,11,-11
218000171,16,2,14
218000172,14,2,12
218000173,6,6,0
218000174,2,8,-6
218000176,47,11,36
218000177,165,33,132
218000178,58,25,33
218000179,33,27,6
218000180,43,10,33
218000181,49,10,39
218000187,0,7,-7
218000188,8,34,-26
218000189,3,37,-34
218000190,0,2,-2
218000191,51,120,-69
218000192,66,387,-321
218000193,216,389,-173
218000194,33,365,-332
218000195,53,68,-15
218000196,139,205,-66
218000197,67,284,-217
218000198,4,130,-126
218000199,5,23,-18
218000200,14,37,-23
218000201,6,3,3
218000202,134,138,-4
218000207,15,31,-16
218000208,10,33,-23
218000211,8,5,3
218000213,62,38,24
218000214,1,7,-6
218000215,29,70,-41
218000217,2,74,-72
218000218,113,44,69
218000219,18,5,13
218000220,42,209,-167
218000221,159,92,67
218000222,8,10,-2
218000223,38,79,-41
218000224,3,28,-25
218000225,125,12,113
218000226,39,29,10
218000232,31,60,-29
218000239,17,0,17
218000240,1,0,1
218000241,4,0,4
218000242,0,0,0
218000243,1,0,1
218000244,0,2,-2
218000245,2,0,2
218000246,0,0,0
218000247,0,0,0
218000248,0,23,-23
218000249,0,2,-2
218000250,4,11,-7
218000251,0,15,-15
218000252,0,14,-14
218000253,0,4,-4
218000254,0,15,-15
218000255,1,3,-2
218000256,0,30,-30
218000267,840,838,2
218000268,0,47,-47
218000269,12,7,5
218000270,26,59,-33
218000271,27,50,-23
218000273,3,14,-11
218000274,11,10,1
218000275,10,17,-7
218000276,4,34,-30
218000278,5,28,-23
218000279,7,62,-55
218000280,0,42,-42
218000281,12,11,1
218000282,287,134,153
218000284,95,12,83
218000301,9,68,-59
218000302,20,21,-1
218000303,9,42,-33
218000316,498,876,-378
218000317,248,851,-603
218000318,160,740,-580
218000319,402,1405,-1003
218000320,354,667,-313
218000338,13,11,2
218000345,108,61,47
218000346,59,65,-6
218000459,48,205,-157
218000490,11,26,-15
218000501,18,18,0
218000502,10,156,-146
218000503,28,2,26
218000504,55,7,48
218000505,10,184,-174
218000506,20,147,-127
218000508,1,2,-1
218000510,77,7,70
218000520,42,68,-26
218000521,3,76,-73
218000522,2,85,-83
218000523,42,7,35
218000524,16,50,-34
218000525,8,2,6
218000526,34,46,-12
218000529,13,247,-234
218000531,0,26,-26
218000532,21,28,-7
218000534,32,14,18
218000537,19,28,-9
218000538,45,77,-32
218000540,159,43,116
218000543,60,47,13
218000544,34,95,-61
218000545,15,38,-23
218000546,25,87,-62
218000547,29,49,-20
218000548,54,163,-109
218000549,215,66,149
218000550,201,425,-224
218000551,186,190,-4
218000552,298,35,263
218000553,24,45,-21
218000554,14,20,-6
218000555,8,50,-42
218000556,59,386,-327
218000557,167,137,30
218000558,5,0,5
218000559,0,16,-16
218000560,0,4,-4
218000561,14,0,14
218000562,10,110,-100
218000563,38,14,24
218000564,3,50,-47
218000565,111,8,103
218000566,163,5,158
218000567,0,34,-34
218000568,3,0,3
218000569,7,11,-4
218000570,13,0,13
218000571,1,59,-58
218000572,15,2,13
218000573,16,19,-3
218000574,84,47,37
218000575,22,0,22
218000576,2,46,-44
218000577,12,0,12
218000578,0,60,-60
218000579,10,1,9
218000581,1,53,-52
218000582,0,0,0
218000583,0,0,0
218000584,0,16,-16
218000585,10,0,10
218000586,0,17,-17
218000587,0,0,0
218000588,0,0,0
218000589,0,1,-1
218000590,0,0,0
218000591,0,1,-1
218000592,1,0,1
218000601,0,0,0
218000602,1,1,0
218000603,0,2,-2
218000604,22,25,-3
218000605,0,10,-10
218000606,9,0,9
218000607,1,17,-16
218000608,3,2,1
218000609,1,20,-19
218000610,7,0,7
218000611,3,1,2
218000612,0,22,-22
218000613,3,0,3
218000614,0,39,-39
218000615,11,1,10
218000616,5,93,-88
218000617,3,1,2
218000618,0,11,-11
218000619,3,4,-1
218000620,0,8,-8
218000621,0,1,-1
218000622,0,1,-1
218000623,1,0,1
218000624,0,3,-3
218000625,0,0,0
218000626,0,2,-2
218000628,36,23,13
218000631,5,20,-15
218000632,0,29,-29
218000633,15,1,14
218000634,4,4,0
218000635,2,10,-8
218000636,360,1226,-866
218000637,245,435,-190
218000638,62,35,27
218000639,6,113,-107
218000640,29,17,12
218000641,14,310,-296
218000652,56,88,-32
218000653,97,50,47
218000663,5,129,-124
218000675,5,36,-31
218000680,140,607,-467
218000681,191,67,124
218000691,59,462,-403
218000693,59,101,-42
218000718,427,194,233
218000719,464,69,395
218000720,1,16,-15
218000721,4,5,-1
218001147,0,423,-423
218001214,4,0,4
218001258,89,1,88
218001329,99,70,29
218001330,79,127,-48
218001351,7,21,-14
218001352,1,14,-13
218001353,2,7,-5
218001354,2,34,-32
218001355,18,406,-388
218001356,96,14,82
218001357,11,296,-285
218001358,75,4,71
218001361,94,4,90
218001362,1,491,-490
219000001,18,68,-50
219000002,17,98,-81
219000003,27,29,-2
219000004,54,46,8
219000017,51,26,25
219000020,31,3,28
219000022,52,2,50
219000023,27,1,26
219000029,0,83,-83
219000034,16,4,12
219000039,12,61,-49
219000040,4,11,-7
219000041,69,30,39
219000051,0,62,-62
219000052,0,18,-18
219000053,3,286,-283
219000055,26,0,26
219000056,3,0,3
219000057,17,0,17
219000062,3,198,-195
219000063,31,9,22
219000064,3,35,-32
219000110,128,32,96
219000111,92,21,71
219000112,92,38,54
219000113,64,25,39
219000114,182,12,170
219000116,61,18,43
219000117,96,128,-32
219000118,46,63,-17
219000123,192,112,80
219000124,46,63,-17
219000125,11,21,-10
219000126,52,125,-73
219000127,3,3,0
219000128,9,86,-77
219000129,35,159,-124
219000130,1430,521,909
219000131,1137,540,597
219000133,10,30,-20
219000134,12,10,2
219000135,30,45,-15
219000136,157,132,25
219000138,25,17,8
219000139,5,84,-79
219000140,14,3,11
219000141,21,134,-113
219000142,10,104,-94
219000143,16,118,-102
219000145,3,24,-21
219000146,6,64,-58
219000147,5,76,-71
219000148,3,72,-69
219000149,13,224,-211
219000150,2,145,-143
219000151,1,115,-114
219000157,177,115,62
219000158,63,205,-142
219000161,119,11,108
219000163,938,307,631
219000166,33,125,-92
219000167,73,251,-178
219000168,269,49,220
219000174,181,61,120
219000175,28,1,27
219000176,40,4,36
219000177,14,3,11
219000178,6,3,3
219000179,6,3,3
219000180,21,37,-16
219000182,50,8,42
219000183,6,27,-21
219000184,21,5,16
219000185,1,109,-108
219000186,12,61,-49
219000187,16,116,-100
219000189,96,128,-32
219000190,103,191,-88
219000191,1245,531,714
219000192,95,78,17
219000193,615,161,454
219000195,1,57,-56
219000196,4,113,-109
219000198,21,148,-127
219000199,60,131,-71
219000200,21,208,-187
219000201,75,184,-109
219000203,12,87,-75
219000204,83,175,-92
219000205,41,145,-104
219000207,186,173,13
219000209,24,76,-52
219000210,39,114,-75
219000213,6,256,-250
219000239,117,191,-74
219000240,88,240,-152
219000241,29,208,-179
219000242,44,156,-112
219000243,22,373,-351
219000244,5,130,-125
219000245,25,42,-17
219000246,11,8,3
219000247,45,50,-5
219000248,235,117,118
219000249,64,35,29
219000250,27,28,-1
219000251,203,64,139
219000252,84,62,22
219000253,43,11,32
219000255,25,48,-23
219000256,70,60,10
219000257,47,2,45
219000262,72,265,-193
219000263,54,268,-214
219000267,2,187,-185
219000268,2,13,-11
219000269,0,0,0
219000270,2,0,2
219000271,34,2,32
219000278,2,18,-16
219000279,3,3,0
219000283,0,8,-8
219000295,11,130,-119
219000296,41,497,-456
219000297,19,164,-145
219000298,8,259,-251
219000299,281,25,256
219000300,22,337,-315
219000301,131,274,-143
219000302,18,162,-144
219000307,19,90,-71
219000308,43,27,16
219000311,41,40,1
219000312,139,30,109
219000313,86,15,71
219000314,67,482,-415
219000315,42,16,26
219000316,91,7,84
219000317,23,4,19
219000320,0,36,-36
219000321,0,9,-9
219000323,3,82,-79
219000325,1,42,-41
219000326,39,163,-124
219000327,51,74,-23
219000328,15,44,-29
219000329,172,89,83
219000330,18,52,-34
219000331,22,50,-28
219000332,24,43,-19
219000333,3,0,3
219000335,21,0,21
219000337,3,0,3
219000338,9,5,4
219000344,16,90,-74
219000345,73,141,-68
219000346,39,169,-130
219000348,46,166,-120
219000349,19,205,-186
219000350,31,60,-29
219000351,0,0,0
219000352,116,54,62
219000353,55,52,3
219000354,67,116,-49
219000355,48,28,20
219000356,1127,213,914
219000363,123,17,106
219000364,63,20,43
219000365,76,3,73
219000366,252,82,170
219000368,284,223,61
219000370,583,136,447
219000371,9,9,0
219000382,7,15,-8
219000383,662,472,190
219000385,407,370,37
219000386,962,990,-28
219000387,0,2,-2
219000390,1,1,0
219000391,5,1,4
219000397,61,109,-48
219000398,60,12,48
219000401,5,53,-48
219000402,7,70,-63
219000403,28,126,-98
219000404,8,52,-44
219000407,1,25,-24
219000409,14,12,2
219000410,19,13,6
219000411,10,16,-6
219000446,183,355,-172
219000447,1,22,-21
219000448,2,3,-1
219000452,68,31,37
219000453,38,89,-51
219000454,147,111,36
219000556,78,23,55
219000558,42,354,-312
219000590,14,149,-135
219000591,17,27,-10
219000592,70,400,-330
219000595,3,21,-18
219000635,25,19,6
219000636,4,116,-112
219000657,8,26,-18
219000658,11,30,-19
219000673,0,7,-7
219000676,4,0,4
219000679,4,13,-9
219000684,18,1,17
219000685,0,94,-94
219000686,0,0,0
219000688,0,92,-92
219000689,75,106,-31
219000690,102,5,97
219000691,75,85,-10
219000692,29,15,14
219000693,0,19,-19
219000694,2,0,2
219000695,2,0,2
219000698,7,0,7
219000699,0,8,-8
219000727,3,224,-221
219000728,32,0,32
219000770,9,0,9
219000771,1,32,-31
219000788,244,340,-96
219001150,0,3,-3
219001151,0,5,-5
219001166,21,3,18
219001167,1,44,-43
219001178,4,0,4
220000001,5,22,-17
220000002,5,101,-96
220000003,262,302,-40
220000004,315,478,-163
220000005,811,1040,-229
220000006,131,760,-629
220000007,169,843,-674
220000008,127,898,-771
220000009,94,413,-319
220000010,84,94,-10
220000011,376,973,-597
220000012,20,71,-51
220000014,48,68,-20
220000015,14,119,-105
220000017,18,216,-198
220000018,3062,322,2740
220000019,22,115,-93
220000020,49,145,-96
220000021,232,110,122
220000022,257,313,-56
220000023,82,105,-23
220000024,676,184,492
220000025,211,198,13
220000026,126,85,41
220000027,6,47,-41
220000028,13,23,-10
220000029,28,83,-55
220000030,26,56,-30
220000031,56,192,-136
220000064,3,456,-453
221000046,5,0,5
221000047,1,1,0
221000048,0,0,0
221000049,0,4,-4
221000050,6,0,6
221000055,31,31,0
221000057,29,2,27
221000068,171,41,130
221000069,131,26,105
221000070,57,3,54
221000071,19,6,13
221000072,72,5,67
221000073,46,45,1
221000074,0,13,-13
221000075,10,5,5
221000076,7,33,-26
221000077,28,62,-34
221000081,7,4,3
221000082,22,0,22
221000083,18,1,17
221000084,4,2,2
221000085,8,40,-32
221000086,2,118,-116
221000087,1,129,-128
221000088,13,109,-96
221000089,11,160,-149
221000090,81,256,-175
221000098,57,8,49
221000099,64,8,56
221000100,40,1,39
221000101,101,7,94
221000102,33,6,27
221000109,0,52,-52
221000110,5,109,-104
221000111,1,120,-119
221000112,1,108,-107
221000113,5,119,-114
221000114,8,160,-152
221000120,7,18,-11
221000121,1,5,-4
221000122,5,10,-5
221000123,5,31,-26
221000124,22,271,-249
221000155,11,7,4
221000156,15,9,6
221000175,0,6,-6
221000176,1,1,0
221000182,19,0,19
221000241,335,109,226
221000242,193,180,13
221000243,235,67,168
221000244,117,308,-191
221000245,38,71,-33
221000246,11,206,-195
221000247,20,93,-73
221000248,13,160,-147
221000267,28,587,-559
221000325,24,32,-8
221000331,0,40,-40
221000338,1,4,-3
221000378,73,7,66
221000381,58,89,-31
222000282,1,0,1
222000296,0,7,-7
222000568,101,3,98
222000569,64,3,61
222000570,53,0,53
222000571,24,1,23
222000577,3,173,-170
222000578,6,121,-115
222000579,22,89,-67
222000580,51,522,-471
222000599,0,90,-90
222000600,3,264,-261
222000601,6,710,-704
222000603,6,5,1
222000604,2,11,-9
222000605,3,5,-2
222000606,0,4,-4
222000607,0,8,-8
222000608,3,20,-17
222000609,19,326,-307
222000616,60,21,39
222000617,0,3,-3
222000618,1,0,1
222000620,2,2,0
222000621,4,4,0
222000623,180,1,179
222000624,77,0,77
222000625,117,17,100
222000636,13,2,11
222000686,3,3,0
222000687,6,25,-19
222001066,53,1,52
222001067,3,3,0
222001068,1,13,-12
222001069,4,13,-9
222001082,4,36,-32
222001083,2,55,-53
222001084,1,28,-27
222001085,1,50,-49
222001111,4,197,-193
222001112,7,8,-1
222001313,2,0,2
222001314,0,62,-62
222001464,21,22,-1
222001465,8,189,-181
222001484,36,39,-3
222001485,18,80,-62
222001494,47,48,-1
222001495,73,425,-352
222001496,58,29,29
222001497,95,575,-480
222001502,25,105,-80
222001503,2,5,-3
222001504,8,200,-192
222001505,16,1,15
222001506,13,201,-188
222001507,22,2,20
222001510,26,6,20
222001511,25,318,-293
222001514,131,12,119
222001515,193,540,-347
222001518,19,7,12
222001519,18,391,-373
222001527,22,4,18
222001528,48,120,-72
222001529,16,9,7
222001530,19,134,-115
222001533,95,414,-319
222001534,8,7,1
222001535,46,54,-8
222001536,91,377,-286
222001537,38,2,36
222001538,33,391,-358
222001563,36,20,16
222001564,26,718,-692
222001568,38,39,-1
222001576,0,1,-1
222001579,0,1,-1
222001583,3,256,-253
222001584,18,17,1
222001596,191,1012,-821
222001597,229,61,168
222001626,2,154,-152
222001650,13,39,-26
222001651,33,55,-22
222001914,9,6,3
222001915,27,167,-140
222001968,162,76,86
222001969,315,650,-335
222001970,21,154,-133
222001971,4,9,-5
222001972,0,20,-20
225000001,153,32,121
225000002,149,53,96
225000003,139,35,104
225000004,82,128,-46
225000005,6,12,-6
225000006,1,86,-85
225000007,2536,637,1899
225000010,44,1,43
225000011,288,329,-41
225000012,71,193,-122
225000013,24,72,-48
225000014,272,26,246
225000015,93,202,-109
225000021,184,69,115
225000027,132,308,-176
225000032,346,45,301
225000042,38,446,-408
225000049,16,55,-39
225000050,20,5,15
225000053,3,100,-97
225000058,200,64,136
225000067,69,217,-148
225000068,45,408,-363
225000069,81,379,-298
225000070,42,384,-342
225000071,13,225,-212
225000075,16,534,-518
225000076,36,73,-37
225000078,17,10,7
225000085,18,42,-24
225000086,42,25,17
225000087,94,5,89
225000088,8,88,-80
225000089,322,245,77
225000090,21,297,-276
225000091,30,200,-170
225000092,10,53,-43
225000093,108,293,-185
225000094,10,363,-353
225000095,130,400,-270
225000096,79,279,-200
225000098,172,55,117
225000099,65,33,32
225000100,64,67,-3
225000104,29,341,-312
225000110,7,321,-314
225000111,73,750,-677
225000112,111,700,-589
225000113,41,453,-412
225000114,18,257,-239
225000115,2086,303,1783
225000116,566,32,534
225000117,326,113,213
225000118,190,76,114
225000119,36,26,10
225000120,122,13,109
225000121,141,12,129
225000123,479,2,477
225000125,93,214,-121
225000126,597,139,458
225000127,727,203,524
225000128,135,183,-48
225000132,92,10,82
225000133,84,13,71
225000134,219,31,188
225000135,18,2,16
225000136,34,8,26
225000137,20,16,4
225000138,101,9,92
225000143,61,119,-58
225000144,0,237,-237
225000145,23,15,8
225000146,12,112,-100
225000147,16,310,-294
225000148,1,153,-152
225000149,38,273,-235
225000151,21,249,-228
225000155,104,252,-148
225000156,83,318,-235
225000157,74,231,-157
225000158,16,360,-344
225000171,1,160,-159
225000180,28,16,12
225000181,0,32,-32
225000182,19,2,17
225000185,10,195,-185
225000187,57,345,-288
225000191,8,1,7
225000194,0,11,-11
225000208,0,51,-51
225000209,20,7,13
225000210,11,109,-98
225000217,0,10,-10
225000218,4,0,4
225000223,0,39,-39
225000224,10,0,10
225000225,0,8,-8
225000226,12,0,12
225000227,21,56,-35
225000228,2,0,2
225000229,1,66,-65
225000230,1,1,0
225000231,0,86,-86
225000232,12,0,12
225000241,24,0,24
225000242,2,43,-41
225000249,0,0,0
225000250,24,671,-647
225000251,162,9,153
226000042,251,339,-88
226000043,45,200,-155
226000044,75,535,-460
226000045,42,401,-359
226000046,125,18,107
226000047,94,28,66
226000048,133,15,118
226000049,87,48,39
226000070,2,37,-35
226000071,0,53,-53
226000072,0,3,-3
226000073,1,3,-2
226000074,0,16,-16
226000084,1,33,-32
226000085,1,2,-1
226000086,1,6,-5
226000087,0,11,-11
226000088,1,4,-3
226000090,36,12,24
226000091,0,3,-3
226000092,1,1,0
226000093,3,0,3
226000094,4,2,2
226000095,5,6,-1
226000105,3,0,3
226000106,4,1,3
226000107,0,0,0
226000108,18,0,18
226000109,36,0,36
226000124,57,23,34
226000134,174,198,-24
226000135,320,256,64
226000136,101,151,-50
226000137,6,347,-341
226000138,15,236,-221
226000139,1,21,-20
226000156,29,1,28
226000157,39,7,32
226000163,31,229,-198
226000202,5,309,-304
226000231,108,9,99
226000232,6,7,-1
227000037,56,7,49
227000038,66,3,63
227000049,0,26,-26
227000050,1,34,-33
227000055,15,0,15
227000056,3,0,3
227000084,3,23,-20
227000085,0,20,-20
227000088,29,3,26
227000089,40,0,40
227000090,15,2,13
227000091,0,0,0
227000093,16,1,15
227000094,2,1,1
227000130,14,50,-36
227000131,2,290,-288
227000132,7,277,-270
227000133,13,279,-266
227000134,15,348,-333
227000152,0,4,-4
227000153,0,30,-30
227000155,1,5,-4
227000156,0,6,-6
227000165,1,22,-21
227000196,19,335,-316
227000199,73,14,59
227000230,30,222,-192
227000232,130,5,125
227000241,130,13,117
227000242,28,354,-326
227000243,264,23,241
227000244,128,32,96
227000245,15,274,-259
227000246,37,453,-416
227000247,126,39,87
227000248,73,12,61
227000249,17,300,-283
227000251,146,408,-262
227000252,9,327,-318
227000253,21,22,-1
227000262,138,6,132
227000266,209,14,195
227000267,38,1140,-1102
227000486,265,113,152
227000655,59,4,55
227000661,79,1,78
227000680,40,3,37
229000265,0,20,-20
229000296,0,20,-20
229000297,4,27,-23
229000298,4,37,-33
229000320,1,0,1
229000321,3,2,1
229000412,5,33,-28
229000414,10,23,-13
229000415,5,1,4
229000416,0,6,-6
229000417,0,12,-12
229000419,38,120,-82
229000440,88,29,59
229000442,3,0,3
229000443,5,0,5
229000444,0,12,-12
229000445,9,6,3
229000446,11,5,6
229000847,7,0,7
229000848,3,0,3
229000849,35,0,35
229000851,6,0,6
229000854,0,49,-49
229000856,3,138,-135
229000857,1,37,-36
229000858,0,157,-157
229000919,5,99,-94
229000930,3,260,-257
229000937,57,11,46
229000966,27,12,15
229000981,13,47,-34
229000985,0,10,-10
229000986,0,0,0
229000987,0,0,0
229000988,0,0,0
229000989,0,1,-1
229000990,0,0,0
229000991,0,0,0
229000992,3,0,3
229000993,37,4,33
229000998,19,24,-5
229000999,34,2,32
229001034,0,9,-9
229001035,0,0,0
229001037,10,5,5
229001042,5,1,4
229001047,1,10,-9
229001050,23,20,3
229001200,3,2,1
229001338,0,9,-9
229001394,192,2,190
229001422,110,19,91
229001423,23,172,-149
229001431,37,39,-2
229001432,50,111,-61
229001444,31,24,7
229001445,13,117,-104
229001503,99,67,32
229001504,65,186,-121
229001505,95,54,41
229001506,48,236,-188
229001509,7,17,-10
229001545,48,6,42
229001546,2,123,-121
229001553,22,14,8
229001554,7,106,-99
229001559,0,6,-6
229001560,0,5,-5
229001630,9,3,6
229001631,8,17,-9
229001635,0,5,-5
229001636,0,1,-1
229001658,1,92,-91
229001659,109,4,105
229001660,0,0,0
229001661,0,5,-5
229001662,4,0,4
229001663,0,17,-17
229002584,39,29,10
229002831,53,50,3
229002841,3,22,-19
229002842,0,5,-5
229002843,3,11,-8
229002844,7,21,-14
229002845,1,37,-36
229002846,0,0,0
229002847,0,4,-4
229002848,0,0,0
229002849,0,21,-21
229002850,1,0,1
229002851,10,53,-43
229002852,9,12,-3
229002853,10,8,2
229002854,3,30,-27
229002855,0,48,-48
229002856,5,5,0
229002857,0,29,-29
229002858,1,0,1
229002859,0,8,-8
229002860,6,4,2
229002861,6,10,-4
229002862,0,13,-13
229002863,1,7,-6
229002864,0,9,-9
229002865,1,6,-5
229002866,1,8,-7
229002867,0,8,-8
229002868,1,4,-3
229002869,9,61,-52
229002870,1,1,0
235000066,121,44,77
235000067,42,70,-28
235000072,16,33,-17
235000073,56,131,-75
235000074,19,71,-52
235000080,1,36,-35
235000081,27,83,-56
235000082,88,50,38
235000083,39,42,-3
235000084,8,14,-6
235000085,25,19,6
235000089,27,40,-13
235000092,2,93,-91
235000093,2,1,1
235000097,22,2,20
235000098,19,16,3
235000099,12,19,-7
235000116,19,12,7
235000117,365,4,361
235000133,6,147,-141
235000134,4,75,-71
235000206,5,2,3
235000207,0,3,-3
235000208,1,0,1
235000209,2,0,2
235000210,5,0,5
235000212,3,8,-5
235000213,0,6,-6
235000220,0,3,-3
235000221,5,4,1
235000238,2,6,-4
235000239,0,1,-1
235000242,83,101,-18
235000245,854,153,701
235000246,7,32,-25
235000284,4,58,-54
235000295,7,0,7
235000305,34,3,31
235000306,10,1,9
235000307,2,0,2
235000308,1,0,1
235000309,6,0,6
235000310,1,0,1
235000311,11,4,7
235000322,0,34,-34
235000323,0,27,-27
235000324,0,9,-9
235000325,0,13,-13
235000326,3,235,-232
235000351,1,44,-43
235000352,6,24,-18
235000353,0,13,-13
235000354,1,18,-17
235000355,1,44,-43
235000356,2,2,0
235000357,17,1,16
235000358,1,2,-1
235000359,1,2,-1
235000360,7,2,5
235000361,3,0,3
235000381,30,293,-263
235000382,57,24,33
235000390,5,0,5
235000391,26,14,12
235000392,26,80,-54
235000393,26,48,-22
235000395,21,20,1
235000396,84,34,50
235000400,24,74,-50
235000401,11,114,-103
235000405,61,376,-315
235000406,7,262,-255
235000407,38,111,-73
235000409,296,184,112
235000410,24,141,-117
235000411,0,64,-64
235000485,1,9,-8
235000486,0,0,0
235000549,12,24,-12
235000550,34,96,-62
235000599,37,51,-14
235000600,4,9,-5
235000601,25,17,8
235000602,32,63,-31
235000614,0,0,0
235000648,0,20,-20
235000649,10,0,10
235000685,1,0,1
235000815,1,17,-16
235000834,0,2,-2
235000855,26,11,15
235000862,12,195,-183
235000891,0,3,-3
235000892,3,2,1
235000901,40,64,-24
235000907,4,9,-5
235001010,3,19,-16
235001029,287,299,-12
235001030,254,77,177
235001078,54,43,11
235001079,64,92,-28
235001147,4,20,-16
235001166,6,33,-27
235001167,5,32,-27
235001169,4,201,-197
235001188,0,4,-4
235001189,0,0,0
235001197,1,18,-17
235001200,31,13,18
235001207,74,22,52
235001210,29,250,-221
235001215,27,174,-147
235001239,8,30,-22
235001244,1,5,-4
235016267,0,8,-8
277102712,5,0,5
277103813,0,0,0
277104249,0,6,-6
277104250,0,2,-2
277104251,0,8,-8
277104252,0,0,0
990011530,0,153,-153
990014944,0,336,-336
990015176,14,4,10
990016032,1,229,-228
990032570,1,23,-22
990070001,8,1,7
990070103,0,5,-5
990070601,0,23,-23
990070751,68,0,68
990070766,3,652,-649
990071180,113,77,36
990071343,13,1,12
990071387,0,3,-3
990071823,8,1,7
990072600,1,339,-338
990072964,2,448,-446
990073285,0,4,-4
990074393,2,642,-640
990074870,105,1,104
990075106,51,1,50
990075746,55,2,53
990076437,74,1,73
990076458,4,1193,-1189
997000007,45,1,44
997000041,0,79,-79
997000058,3,1,2
997000062,6,0,6
997000069,0,2,-2
997000070,0,29,-29
997000100,0,1,-1
997000141,0,59,-59
997000198,50,41,9
998000475,0,7,-7
998000736,0,204,-204
998000965,0,1,-1
998001031,0,24,-24
998001700,2,16,-14
998001899,0,0,0
998001900,1,0,1
998003073,76,2,74
998101900,0,0,0
998102850,0,53,-53
998501927,148,190,-42
998501929,68,11,57
998501930,37,2,35
998501931,28,7,21
998501932,5,1,4
998501933,29,20,9
998501937,1,0,1
998501944,0,0,0
998501950,0,3,-3
998501970,2,9,-7
998501971,0,61,-61
998501973,0,67,-67
998501974,2,191,-189
998501975,39,1,38
998501976,17,2,15
998501977,1,24,-23
998501978,22,0,22
998501979,0,3,-3
998501980,44,0,44
998501981,9,2,7
998501982,0,34,-34
998501983,0,1,-1
998502006,0,0,0
998502032,0,0,0
998502062,5,3,2
998502063,0,0,0
998502173,21,0,21
998502269,0,2,-2
998502546,0,65,-65
998502578,2,0,2
998502599,33,36,-3
998502621,0,0,0
998601159,0,231,-231
998601292,0,10,-10
999033574,2,486,-484
999800001,3,1,2
999800002,0,16,-16
999800003,1,1,0
999800004,0,7,-7
999800005,0,7,-7
