ID,insum,outsum,diff
100000001,162,75,87
100000002,421,80,341
100000003,749,316,433
100000004,155,60,95
100000005,199,368,-169
100000006,40,14,26
100000007,76,53,23
100000008,21,148,-127
100000009,19,30,-11
100000010,0,5,-5
100000011,6,13,-7
100000012,11,154,-143
100000013,1,34,-33
100000014,30,93,-63
100000015,117,81,36
100000016,117,296,-179
100000017,63,308,-245
100000018,186,126,60
100000019,725,336,389
100000020,107,218,-111
100000021,1362,290,1072
100000022,128,120,8
100000023,855,118,737
100000025,450,94,356
100000028,259,155,104
100000029,39,30,9
100000030,74,3,71
100000031,355,360,-5
100000032,446,450,-4
100000033,109,376,-267
100000034,185,175,10
100000035,171,96,75
100000036,303,113,190
100000037,84,75,9
100000038,103,100,3
100000039,57,20,37
100000040,28,17,11
100000041,39,66,-27
100000042,32,48,-16
100000043,20,33,-13
100000044,19,160,-141
100000045,72,351,-279
100000046,95,309,-214
100000047,54,207,-153
100000048,54,192,-138
100000049,253,616,-363
100000051,66,317,-251
100000053,2,0,2
100000054,14,6,8
100000055,69,105,-36
100000056,43,88,-45
100000057,176,99,77
100000058,91,327,-236
100000059,0,17,-17
100000060,20,75,-55
100000061,91,75,16
100000062,138,67,71
100000063,42,44,-2
100000064,66,76,-10
100000065,56,247,-191
100000066,27,243,-216
100000067,65,222,-157
100000068,75,298,-223
100000069,39,447,-408
100000072,87,207,-120
100000073,197,333,-136
100000075,74,59,15
100000076,240,201,39
100000077,66,9,57
100000078,38,5,33
100000079,5,4,1
100000080,0,1,-1
100000081,10,2,8
100000102,212,185,27
100000103,489,145,344
100000104,588,151,437
100000105,628,110,518
100000106,256,187,69
100000107,64,54,10
100000108,240,294,-54
100000109,651,261,390
100000116,252,151,101
100000117,5,3,2
100000118,211,398,-187
100000119,107,286,-179
100000121,20,169,-149
100000122,131,157,-26
100000123,1018,913,105
100000124,2757,900,1857
100000125,567,109,458
100000126,74,50,24
100000127,283,78,205
100000128,200,205,-5
100000129,73,100,-27
100000130,67,162,-95
100000131,867,569,298
100000132,247,224,23
100000133,1369,639,730
100000135,42,161,-119
100000139,25,224,-199
100000140,31,39,-8
100000142,57,51,6
100000143,532,358,174
100000144,1077,450,627
100000147,172,436,-264
100000150,3,122,-119
100000151,43,104,-61
100000153,51,25,26
100000154,6,28,-22
100000155,0,2,-2
100000156,1,5,-4
100000157,14,55,-41
100000158,7,61,-54
100000159,68,66,2
100000165,305,110,195
100000169,46,46,0
100000174,179,65,114
100000179,6,162,-156
100000180,33,179,-146
100000181,7,42,-35
100000188,28,79,-51
100000189,51,58,-7
100000190,85,50,35
100000191,111,88,23
100000192,5,17,-12
100000193,27,20,7
100000330,315,106,209
100000355,26,108,-82
100000362,1103,852,251
100000363,370,580,-210
100000364,94,225,-131
100000365,987,2869,-1882
100000366,1153,583,570
100000367,626,1121,-495
100000368,551,434,117
100000369,42,111,-69
100000370,15,99,-84
100000376,11,31,-20
100000379,298,166,132
100000380,436,389,47
100000384,1310,394,916
100000385,804,535,269
100000386,1045,373,672
100000387,1066,679,387
100000388,1619,626,993
100000389,1343,650,693
100000390,2137,613,1524
100000391,1164,460,704
100000392,757,198,559
100000393,253,175,78
100000394,1103,500,603
100000395,448,224,224
100000396,773,347,426
100000397,434,234,200
100000398,3538,2199,1339
100000413,2,0,2
100000414,101,36,65
100900002,0,0,0
100900003,18,36,-18
100900004,9,293,-284
100900005,1,0,1
100900006,0,0,0
100900007,3,0,3
100900008,3,225,-222
100900009,1,4,-3
100900010,0,0,0
100900011,4,74,-70
100900012,0,79,-79
100900013,44,0,44
100900014,0,0,0
100900015,20,19,1
100900016,1,5,-4
100900017,41,11,30
100900018,0,0,0
100900019,0,0,0
100900020,8,0,8
100900021,170,1,169
100900022,0,0,0
100900023,0,0,0
100900024,22,0,22
100900025,0,0,0
100900026,0,52,-52
100900027,55,231,-176
100900028,3,23,-20
100900029,15,0,15
100900030,0,3,-3
100900031,21,6,15
100900032,17,3,14
100900033,24,15,9
100900034,34,0,34
100900035,10,0,10
100900036,0,0,0
100900037,0,58,-58
100900038,1,1,0
100900039,26,192,-166
100900040,22,305,-283
100900041,5,313,-308
100900042,72,11,61
100900043,0,0,0
100900044,364,24,340
100900045,0,0,0
100900046,45,0,45
100900047,0,0,0
100900048,3,0,3
100900049,1,67,-66
100900050,0,2,-2
100900051,2,12,-10
100900052,12,3,9
100900053,27,1,26
100900054,0,22,-22
100900055,5,15,-10
100900056,1,2,-1
100900057,48,105,-57
100900058,3,2,1
100900059,1,0,1
100900060,5,1,4
100900061,44,34,10
100900062,0,4,-4
100900063,2,44,-42
100900064,66,7,59
100900065,3,3,0
100900066,2,7,-5
100900067,0,0,0
100900068,0,18,-18
100900069,10,0,10
100900070,33,1,32
100900071,69,31,38
100900072,0,8,-8
100900073,9,149,-140
100900074,0,4,-4
100900075,779,49,730
100900076,1,2,-1
100900077,0,0,0
100900078,6,22,-16
100900079,0,6,-6
100900080,0,0,0
100900081,0,6,-6
100900082,2,188,-186
100900083,0,11,-11
100900085,0,7,-7
100900086,2,36,-34
100900088,3,158,-155
100900089,0,3,-3
100900090,2,50,-48
100900091,0,0,0
100900092,2,9,-7
100900093,12,14,-2
100900094,5,131,-126
100900095,0,1,-1
100900096,0,28,-28
100900097,0,0,0
100900098,0,7,-7
100900099,5,137,-132
100900100,0,22,-22
100900101,102,4,98
100900102,0,2,-2
100900103,0,7,-7
100900104,1,18,-17
100900105,0,4,-4
100900106,2,0,2
100900107,371,60,311
100900108,0,1,-1
100900109,1,1,0
100900110,0,0,0
100900111,10,20,-10
100900112,0,0,0
100900113,1,3,-2
100900114,0,0,0
100900115,0,0,0
100900116,58,25,33
100900117,23,26,-3
100900118,0,10,-10
100900119,0,5,-5
100900120,0,0,0
100900121,20,7,13
100900122,28,23,5
100900123,2,1,1
100900124,0,0,0
100900125,3,15,-12
100900126,0,6,-6
100900127,0,0,0
100900128,9,29,-20
100900129,0,4,-4
100900131,0,6,-6
100900133,10,3,7
100900134,0,0,0
100900135,0,8,-8
100900137,87,31,56
100900138,9,12,-3
100900139,0,0,0
100900140,1,199,-198
100900141,0,16,-16
100900142,0,0,0
100900143,202,70,132
100900144,0,0,0
100900145,0,13,-13
100900147,5,39,-34
100900148,5,278,-273
100900149,0,4,-4
100900151,10,156,-146
100900152,0,0,0
100900153,0,41,-41
100900154,4,0,4
100900155,0,0,0
100900156,0,0,0
100900157,0,13,-13
100900159,0,0,0
100900160,0,2,-2
100900161,0,0,0
100900162,0,24,-24
100900163,23,39,-16
100900164,0,2,-2
100900165,3,2,1
100900166,0,0,0
100900167,0,10,-10
100900168,1,5,-4
100900169,22,515,-493
100900170,0,0,0
100900171,2,273,-271
100900172,0,0,0
100900173,0,171,-171
100900174,1,0,1
100900176,182,3,179
100900177,255,13,242
100900178,0,20,-20
100900179,7,5,2
100900180,0,0,0
100900181,0,0,0
100900182,0,0,0
100900184,0,0,0
100900186,187,51,136
100900187,0,38,-38
100900188,6,2,4
100900189,64,6,58
100900191,253,63,190
100900192,9,18,-9
100900195,12,16,-4
100900197,0,0,0
100900198,2,40,-38
100900199,0,0,0
100900200,148,63,85
100900201,8,244,-236
100900202,0,0,0
100900203,0,11,-11
100900204,19,9,10
100900205,14,31,-17
100900206,17,0,17
100900207,15,23,-8
100900210,13,177,-164
100900211,34,5,29
100900213,0,1,-1
100900214,119,10,109
100900215,0,0,0
100900217,19,2,17
101000001,610,282,328
101000002,895,484,411
101000003,178,160,18
101000004,3063,896,2167
101000005,1410,933,477
101000006,2197,1375,822
101000007,799,537,262
101000009,234,643,-409
101000010,106,359,-253
101000011,551,60,491
101000012,1,40,-39
101000013,95,167,-72
101000014,54,52,2
101000015,151,202,-51
101000016,23,82,-59
101000017,95,130,-35
101000018,671,505,166
101000020,926,211,715
101000021,124,24,100
101000022,103,18,85
101000023,268,200,68
101000025,10,38,-28
101000026,85,10,75
101000027,348,391,-43
101000028,267,60,207
101000029,3,82,-79
101000030,133,18,115
101000031,50,24,26
101000032,789,436,353
101000033,457,251,206
101000034,431,192,239
101000035,227,24,203
101000036,307,100,207
101000037,748,203,545
101000039,546,86,460
101000040,728,428,300
101000041,644,231,413
101000042,78,57,21
101000043,865,580,285
101000045,83,38,45
101000046,410,209,201
101000047,337,183,154
101000048,65,90,-25
101000049,109,155,-46
101000050,163,72,91
101000051,292,242,50
101000052,494,93,401
101000053,156,94,62
101000054,352,90,262
101000055,361,169,192
101000056,15,19,-4
101000057,437,99,338
101000058,342,82,260
101000059,418,200,218
101000060,489,40,449
101000061,142,64,78
101000062,293,53,240
101000063,35,31,4
101000064,307,86,221
101000065,47,69,-22
101000066,18,10,8
101000067,181,75,106
101000068,105,51,54
101000069,105,15,90
101000070,365,189,176
101000071,451,158,293
101000072,249,468,-219
101000073,80,65,15
101000074,705,361,344
101000075,1899,862,1037
101000077,254,219,35
101000078,283,333,-50
101000079,114,866,-752
101000080,221,632,-411
101000081,229,222,7
101000082,933,555,378
101000083,368,265,103
101000084,337,391,-54
101000085,249,128,121
101000086,491,338,153
101000087,444,317,127
101000088,172,126,46
101000089,117,174,-57
101000090,757,402,355
101000091,69,353,-284
101000092,242,170,72
101000093,184,120,64
101000094,135,308,-173
101000095,39,196,-157
101000096,68,119,-51
101000097,58,63,-5
101000098,75,80,-5
101000099,279,182,97
101000100,164,133,31
101000101,46,58,-12
101000102,164,49,115
101000103,162,89,73
101000104,39,44,-5
101000105,54,13,41
101000106,40,28,12
101000107,28,61,-33
101000108,301,43,258
101000109,22,8,14
101000110,6,132,-126
101000111,16,31,-15
101000113,15,49,-34
101000114,609,313,296
101000115,2,5,-3
101000116,0,9,-9
101000117,14,17,-3
101000119,22,2,20
101000120,36,5,31
101000121,15,2,13
101000122,13,5,8
101000123,3,13,-10
101000124,174,435,-261
101000125,42,81,-39
101000128,111,93,18
101000130,111,50,61
101000131,107,142,-35
101000132,106,441,-335
101000135,18,3,15
101000136,61,44,17
101000137,10,48,-38
101000141,343,197,146
101000147,259,174,85
101000148,470,8,462
101000149,11,3,8
101000150,6,241,-235
101000151,10,10,0
101000152,87,59,28
101000153,139,89,50
101000154,26,491,-465
101000155,15,34,-19
101000156,16,60,-44
101000157,3,3,0
101000160,0,0,0
101000163,0,0,0
101000164,117,59,58
101000165,86,48,38
101000166,29,80,-51
101000168,74,83,-9
101000252,158,141,17
101000254,67,8,59
101000258,35,21,14
101000261,104,131,-27
101000262,52,221,-169
101000263,25,63,-38
101000265,3,85,-82
101000266,49,48,1
101000269,40,6,34
101000290,204,160,44
101000293,0,7,-7
101000294,119,127,-8
101000295,27,65,-38
101000301,145,23,122
101000304,420,512,-92
101000305,504,323,181
101000328,31,87,-56
101900001,0,23,-23
101900002,0,8,-8
101900003,27,10,17
101900004,1,6,-5
101900005,1077,141,936
101900006,118,32,86
101900007,56,1,55
101900008,19,8,11
101900009,3,12,-9
101900010,135,32,103
101900011,23,18,5
101900012,6,7,-1
101900013,216,18,198
101900017,5,3,2
101900018,283,15,268
101900019,20,5,15
101900020,41,3,38
101900021,0,1,-1
101900022,5,242,-237
101900023,1,58,-57
101900026,25,12,13
101900027,2,41,-39
102000001,332,783,-451
102000002,482,237,245
102000003,984,605,379
102000004,1827,311,1516
102000005,352,363,-11
102000006,452,183,269
102000007,384,735,-351
102000008,1593,313,1280
102000009,1178,1285,-107
102000010,1353,516,837
102000011,626,513,113
102000012,617,654,-37
102000018,539,261,278
102000019,624,126,498
102000026,31,42,-11
102000029,89,43,46
102000030,32,45,-13
102000031,1,44,-43
102000032,71,92,-21
102000033,7,64,-57
102000034,77,74,3
102000035,87,29,58
102000036,4,26,-22
102000037,54,23,31
102000038,45,23,22
102000039,1,16,-15
102000040,59,15,44
102000041,5,18,-13
102000042,8,5,3
102000043,28,39,-11
102000044,29,77,-48
102000045,109,166,-57
102000046,202,69,133
102000047,140,153,-13
102000048,33,110,-77
102000049,107,68,39
102000050,163,209,-46
102000051,64,72,-8
102000052,209,207,2
102000053,88,172,-84
102000054,72,193,-121
102000055,173,199,-26
102000056,84,118,-34
102000057,135,35,100
102000058,227,401,-174
102000059,301,349,-48
102000060,110,72,38
102000061,243,800,-557
102000062,102,190,-88
102000063,250,323,-73
102000064,149,176,-27
102000065,9,34,-25
102000066,216,180,36
102000067,319,482,-163
102000068,1683,496,1187
102000069,6,293,-287
102000070,636,28,608
102000071,1502,1925,-423
102000072,1081,1515,-434
102000073,36,182,-146
102000074,50,202,-152
102000075,12,80,-68
102000076,11,178,-167
102000077,60,398,-338
102000078,93,364,-271
102000079,19,60,-41
102000080,22,51,-29
102000081,27,190,-163
102000082,126,38,88
102000083,46,212,-166
102000084,19,64,-45
102000085,361,323,38
102000086,211,173,38
102000087,118,604,-486
102000088,56,60,-4
102000089,100,113,-13
102000090,121,275,-154
102000091,307,95,212
102000092,113,155,-42
102000093,195,144,51
102000094,88,14,74
102000095,166,171,-5
102000096,129,56,73
102000097,247,160,87
102000098,69,124,-55
102000099,134,84,50
102000100,55,74,-19
102000101,96,43,53
102000102,48,140,-92
102000103,205,73,132
102000104,312,109,203
102000105,25,312,-287
102000106,73,271,-198
102000107,68,81,-13
102000108,99,60,39
102000109,34,113,-79
102000110,65,337,-272
102000111,0,38,-38
102000112,16,13,3
102000113,1,7,-6
102000114,110,40,70
102000115,73,35,38
102000116,21,53,-32
102000117,18,131,-113
102000118,274,233,41
102000119,643,98,545
102000120,10,94,-84
102000121,101,116,-15
102000122,49,96,-47
102000123,281,164,117
102000124,145,138,7
102000125,143,103,40
102000126,94,112,-18
102000127,198,87,111
102000128,106,178,-72
102000129,104,207,-103
102000130,58,133,-75
102000131,63,134,-71
102000132,26,58,-32
102000133,279,818,-539
102000134,105,103,2
102000135,188,91,97
102000136,151,39,112
102000137,150,99,51
102000138,40,67,-27
102000139,6,56,-50
102000140,42,37,5
102000141,17,133,-116
102000142,23,114,-91
102000143,11,129,-118
102000144,15,100,-85
102000145,22,51,-29
102000146,48,56,-8
102000147,50,42,8
102000148,15,19,-4
102000149,22,94,-72
102000150,22,48,-26
102000151,10,48,-38
102000152,14,24,-10
102000153,57,32,25
102000154,57,116,-59
102000155,34,55,-21
102000156,48,4,44
102000157,11,32,-21
102000158,124,28,96
102000159,440,43,397
102000161,899,94,805
102000162,49,47,2
102000163,3,44,-41
102000164,91,36,55
102000165,86,22,64
102000166,20,45,-25
102000167,30,48,-18
102000168,15,23,-8
102000169,16,33,-17
102000170,234,25,209
102000171,10,18,-8
102000172,1,16,-15
102000173,47,39,8
102000174,7,12,-5
102000175,15,15,0
102000176,3,7,-4
102000178,35,151,-116
102000179,26,61,-35
102000180,72,177,-105
102000181,35,181,-146
102000182,65,299,-234
102000183,156,308,-152
102000184,127,246,-119
102000185,110,182,-72
102000186,139,674,-535
102000187,66,627,-561
102000188,36,175,-139
102000189,773,213,560
102000190,67,194,-127
102000191,321,50,271
102000192,173,204,-31
102000193,5,55,-50
102000194,9,18,-9
102000195,29,138,-109
102000196,17,117,-100
102000197,49,134,-85
102000198,12,203,-191
102000199,60,103,-43
102000200,33,314,-281
102000201,73,152,-79
102000202,0,38,-38
102000203,19,65,-46
102000204,67,150,-83
102000205,73,106,-33
102000206,68,147,-79
102000207,36,105,-69
102000208,35,98,-63
102000209,8,19,-11
102000210,22,163,-141
102000211,21,123,-102
102000212,4,3,1
102000213,1,110,-109
102000214,9,5,4
102000215,1,208,-207
102000216,4,7,-3
102000217,3,72,-69
102000218,16,8,8
102000219,69,122,-53
102000225,79,27,52
102000226,34,8,26
102000227,5,0,5
102000228,0,19,-19
102000229,4,6,-2
102000230,30,116,-86
102000231,56,72,-16
102000232,3,27,-24
102000233,54,71,-17
102000234,7,104,-97
102000236,52,26,26
102000237,58,38,20
102000238,20,51,-31
102000240,164,126,38
102000241,53,26,27
102000243,9,5,4
102000245,0,28,-28
102000246,1,1,0
102000247,253,173,80
102000248,130,154,-24
102000249,15,35,-20
102000250,8,128,-120
102000254,6,78,-72
102000266,11,42,-31
102000271,2,0,2
102000286,47,25,22
102000297,244,130,114
102000307,0,2,-2
102000316,9,42,-33
102900001,119,90,29
102900002,30,0,30
102900003,3,91,-88
102900005,11,34,-23
102900006,95,25,70
102900007,27,2,25
102900008,16,9,7
102900009,0,0,0
102900010,41,90,-49
102900011,406,54,352
102900012,46,7,39
102900013,0,0,0
102900015,71,17,54
102900016,0,0,0
102900017,0,0,0
102900018,0,0,0
102900019,13,60,-47
102900020,7,10,-3
102900021,0,0,0
102900022,50,14,36
102900023,0,0,0
102900024,0,4,-4
102900025,0,0,0
102900026,58,106,-48
102900027,5,6,-1
102900028,15,36,-21
102900029,9,28,-19
102900030,10,25,-15
102900031,8,36,-28
102900032,3,31,-28
102900033,0,0,0
102900034,18,28,-10
102900035,8,126,-118
102900036,3,50,-47
102900037,2,39,-37
102900038,27,37,-10
102900039,3,33,-30
102900040,8,46,-38
102900041,11,42,-31
102900042,15,83,-68
102900043,10,81,-71
102900044,38,499,-461
102900045,5,189,-184
102900046,17,86,-69
102900047,12,202,-190
102900048,95,208,-113
102900049,9,125,-116
102900050,19,74,-55
102900051,21,36,-15
102900053,47,156,-109
102900054,83,107,-24
102900055,0,0,0
102900056,13,106,-93
102900057,0,0,0
102900058,41,26,15
102900059,0,0,0
102900060,13,69,-56
102900061,4,95,-91
102900062,7,301,-294
102900063,41,65,-24
102900064,2,32,-30
102900065,118,73,45
102900066,13,2,11
102900068,6,16,-10
102900070,15,182,-167
102900072,5,3,2
102900073,13,2,11
102900075,0,0,0
102900076,0,0,0
102900077,0,0,0
102900078,0,0,0
102900079,8,0,8
102900080,20,1,19
102900081,12,31,-19
102900082,1,42,-41
102900083,0,0,0
102900084,0,0,0
102900085,0,0,0
102900086,0,0,0
102900087,4,13,-9
102900088,1,1,0
102900089,51,39,12
102900090,0,69,-69
102900091,3,0,3
102900092,19,224,-205
102900094,0,6,-6
102900095,9,0,9
102900096,1,3,-2
102900097,2,36,-34
103000001,661,753,-92
103000002,545,588,-43
103000003,805,602,203
103000004,230,188,42
103000005,379,353,26
103000006,197,255,-58
103000007,93,205,-112
103000008,135,414,-279
103000009,46,109,-63
103000010,44,48,-4
103000011,401,193,208
103000012,276,229,47
103000013,1860,529,1331
103000014,255,173,82
103000015,652,275,377
103000016,96,95,1
103000017,25,16,9
103000018,200,81,119
103000019,13,14,-1
103000020,335,397,-62
103000021,140,207,-67
103000022,260,358,-98
103000023,59,195,-136
103000024,35,34,1
103000025,32,24,8
103000026,348,14,334
103000027,31,26,5
103000028,150,33,117
103000029,132,42,90
103000030,608,82,526
103000031,363,162,201
103000032,352,352,0
103000033,457,342,115
103000034,408,194,214
103000035,100,200,-100
103000036,107,70,37
103000037,171,84,87
103000038,119,122,-3
103000039,34,114,-80
103000040,54,264,-210
103000041,404,920,-516
103000042,187,231,-44
103000043,59,249,-190
103000044,23,75,-52
103000046,54,36,18
103000047,71,69,2
103000048,66,27,39
103000049,27,32,-5
103000050,66,150,-84
103000051,39,81,-42
103000052,84,122,-38
103000053,11,64,-53
103000054,282,206,76
103000055,243,267,-24
103000056,141,446,-305
103000057,79,55,24
103000058,84,268,-184
103000059,69,219,-150
103000060,209,174,35
103000061,45,146,-101
103000062,172,212,-40
103000063,126,120,6
103000064,33,95,-62
103000065,4,99,-95
103000066,15,2,13
103000069,40,67,-27
103000070,65,305,-240
103000071,97,63,34
103000072,34,308,-274
103000073,33,24,9
103000074,53,12,41
103000075,28,309,-281
103000076,20,9,11
103000077,7,117,-110
103000078,174,27,147
103000079,419,93,326
103000080,100,22,78
103000081,54,107,-53
103000082,81,21,60
103000083,15,122,-107
103000084,0,0,0
103000085,0,15,-15
103000086,93,21,72
103000087,13,81,-68
103000088,81,74,7
103000089,33,50,-17
103000090,302,340,-38
103000091,106,162,-56
103000092,31,46,-15
103000093,90,192,-102
103000094,18,30,-12
103000095,10,125,-115
103000096,54,12,42
103000097,5,193,-188
103000098,102,8,94
103000099,34,120,-86
103000100,9,270,-261
103000101,68,29,39
103000102,12,215,-203
103000103,24,45,-21
103000104,5,40,-35
103000105,16,21,-5
103000106,2,29,-27
103000107,70,14,56
103000108,165,255,-90
103000109,107,126,-19
103000110,143,123,20
103000111,132,95,37
103000112,85,79,6
103000113,65,180,-115
103000114,176,67,109
103000115,110,169,-59
103000116,111,181,-70
103000117,48,182,-134
103000118,276,267,9
103000119,689,200,489
103000120,21,39,-18
103000121,47,74,-27
103000122,28,34,-6
103000125,1,161,-160
103000126,26,0,26
103000127,0,115,-115
103000128,29,1,28
103000129,1,75,-74
103000130,8,0,8
103000131,38,20,18
103000132,29,7,22
103000133,0,52,-52
103000134,79,63,16
103000135,161,21,140
103000136,197,61,136
103000137,80,79,1
103000138,96,48,48
103000139,0,12,-12
103000140,36,7,29
103000141,10,23,-13
103000142,15,7,8
103000143,2,44,-42
103000144,29,12,17
103000145,2,9,-7
103000150,16,9,7
103000152,72,58,14
103000153,30,39,-9
103000156,0,161,-161
103000157,37,0,37
103000159,16,29,-13
103000162,2,3,-1
103000163,0,2,-2
103000164,4,1,3
103000165,23,101,-78
103000166,10,6,4
103000167,12,36,-24
103000168,19,85,-66
103000169,24,31,-7
103000170,132,160,-28
103000171,12,36,-24
103000172,32,90,-58
103000173,53,223,-170
103000174,35,84,-49
103000175,74,198,-124
103000176,148,31,117
103000177,142,105,37
103000178,64,61,3
103000179,15,8,7
103000183,0,12,-12
103000185,5,28,-23
103000186,9,36,-27
103000187,38,217,-179
103000188,2,20,-18
103000189,177,409,-232
103000191,33,73,-40
103000292,1023,123,900
103000293,394,116,278
103000295,15,22,-7
103000296,11,0,11
103000297,6,1,5
103000504,49,6,43
103000505,3,3,0
103000506,0,45,-45
103000507,33,1,32
103000508,48,2,46
103000509,63,153,-90
103000514,0,0,0
103900001,0,77,-77
103900002,351,15,336
103900003,216,2,214
103900004,0,0,0
103900005,0,45,-45
103900006,0,0,0
103900007,0,0,0
103900008,0,0,0
103900009,5,37,-32
103900010,25,46,-21
103900011,9,64,-55
103900012,0,0,0
103900013,0,22,-22
103900014,0,3,-3
103900015,0,0,0
103900016,47,76,-29
103900017,2,33,-31
103900018,137,31,106
103900019,1,27,-26
103900020,6,27,-21
103900021,19,1,18
103900022,70,72,-2
103900023,3,0,3
103900024,17,138,-121
103900025,1,9,-8
103900026,0,0,0
103900027,16,36,-20
103900028,4,41,-37
103900029,98,49,49
103900030,4,3,1
103900031,0,0,0
103900032,5,6,-1
103900033,3,0,3
103900034,2,38,-36
103900035,22,18,4
103900036,3,0,3
103900037,3,7,-4
103900038,3,18,-15
103900039,2,156,-154
103900040,2,49,-47
103900041,0,5,-5
103900042,17,189,-172
103900043,4,6,-2
103900044,22,14,8
103900045,10,27,-17
103900047,7,12,-5
103900048,14,6,8
103900049,27,254,-227
103900050,0,17,-17
103900051,0,12,-12
103900052,22,174,-152
103900053,10,264,-254
103900054,5,157,-152
103900055,13,49,-36
103900056,2,7,-5
103900057,0,97,-97
103900058,2,182,-180
103900059,0,0,0
103900060,4,29,-25
103900061,1,10,-9
103900062,12,10,2
103900063,2,0,2
103900064,3,0,3
103900065,87,49,38
103900066,11,1,10
103900067,2,1,1
103900068,1,0,1
103900069,1,3,-2
103900070,7,48,-41
103900071,6,61,-55
103900072,0,90,-90
103900073,2,1,1
103900074,1,19,-18
103900075,4,14,-10
103900076,40,200,-160
103900077,6,7,-1
103900078,5,23,-18
103900079,9,48,-39
103900080,0,1,-1
103900081,0,0,0
103900082,0,3,-3
103900083,465,24,441
103900084,3,32,-29
103900085,19,21,-2
103900086,20,50,-30
103900088,38,18,20
103900089,7,22,-15
103900090,0,29,-29
103900091,199,43,156
103900092,28,122,-94
103900093,11,90,-79
103900094,0,53,-53
103900095,4,19,-15
103900096,5,90,-85
103900097,1,134,-133
103900098,14,11,3
103900099,2,74,-72
103900100,4,61,-57
103900101,9,177,-168
103900102,0,6,-6
103900104,0,10,-10
103900105,13,37,-24
103900106,0,4,-4
103900107,10,37,-27
103900108,11,154,-143
103900109,7,14,-7
103900110,12,7,5
103900111,1,171,-170
103900112,1,6,-5
103900113,18,49,-31
103900114,127,56,71
103900115,44,17,27
103900116,797,120,677
103900117,99,26,73
103900119,4,4,0
103900120,9,31,-22
103900122,3,90,-87
103900123,274,74,200
103900124,8,178,-170
103900125,9,31,-22
103900126,68,110,-42
103900127,10,212,-202
103900128,3,52,-49
103900131,5,35,-30
103900133,61,0,61
103900134,0,0,0
103900135,0,0,0
103900137,0,20,-20
103900138,0,52,-52
103900139,95,131,-36
103900140,0,0,0
103900141,15,14,1
103900142,0,14,-14
103900143,1,0,1
103900144,0,6,-6
103900145,18,87,-69
103900146,23,78,-55
103900147,27,16,11
103900148,8,39,-31
103900149,27,137,-110
103900150,1239,147,1092
103900151,3,29,-26
103900152,12,208,-196
103900153,0,0,0
103900154,146,60,86
103900155,1,29,-28
103900156,4,35,-31
103900157,2,44,-42
103900158,0,35,-35
103900159,4,20,-16
103900160,4,1,3
103900161,2,37,-35
103900162,9,77,-68
103900163,0,102,-102
103900167,1,2,-1
103900168,1,20,-19
103900169,2,13,-11
103900170,0,22,-22
103900171,0,14,-14
103900172,1,10,-9
103900173,0,0,0
103900174,3,4,-1
103900175,7,5,2
103900176,2,4,-2
103900177,0,3,-3
103900178,3,5,-2
103900179,1,34,-33
103900180,0,38,-38
103900181,1,0,1
103900182,4,2,2
103900184,101,2,99
103900185,14,4,10
103900187,11,5,6
103900188,5,0,5
103900189,11,0,11
103900190,0,10,-10
103900191,2,10,-8
103900192,3,9,-6
103900193,15,22,-7
103900194,3,60,-57
103900195,0,3,-3
103900196,3,5,-2
103900197,0,8,-8
103900198,2,3,-1
103900199,3,25,-22
103900200,6,29,-23
103900201,9,47,-38
103900202,0,21,-21
103900203,2,1,1
103900204,0,18,-18
103900207,0,29,-29
103900208,1,0,1
103900209,4,35,-31
103900210,3,7,-4
103900211,18,101,-83
103900212,12,144,-132
103900213,29,94,-65
103900214,6,1,5
103900215,228,99,129
103900216,1,104,-103
103900217,1,1,0
103900218,2,40,-38
103900219,1,35,-34
103900233,3,0,3
103900235,4,4,0
103900236,0,2,-2
103900242,0,0,0
103900243,0,0,0
103900244,0,54,-54
103900245,2,38,-36
103900246,13,1,12
103900247,1,18,-17
103900248,0,1,-1
103900249,3,0,3
103900250,1,2,-1
103900251,0,2,-2
103900253,4,0,4
103900254,0,0,0
103900255,0,5,-5
103900256,0,8,-8
103900257,30,10,20
103900258,4,2,2
103900259,7,0,7
103900261,0,0,0
103900262,0,1,-1
103900263,4,5,-1
103900264,25,1,24
103900265,1,1,0
103900266,0,10,-10
103900267,1,17,-16
103900268,1,32,-31
103900269,20,12,8
103900270,2,17,-15
103900271,5,39,-34
103900272,0,0,0
103900273,0,0,0
103900274,0,0,0
103900275,0,0,0
103900276,0,0,0
103900277,0,0,0
103900278,0,0,0
103900279,0,0,0
103900280,0,0,0
103900281,4,3,1
103900282,0,7,-7
103900283,0,7,-7
103900284,0,0,0
103900285,22,3,19
103900286,26,6,20
103900287,0,0,0
103900288,19,1,18
103900289,1,0,1
103900290,29,0,29
103900291,2,1,1
103900292,2,3,-1
103900293,7,7,0
103900294,5,4,1
104000001,510,773,-263
104000002,425,686,-261
104000003,619,774,-155
104000004,1048,698,350
104000005,293,510,-217
104000006,794,851,-57
104000007,962,913,49
104000008,171,269,-98
104000009,26,89,-63
104000010,13,51,-38
104000011,187,145,42
104000012,20,183,-163
104000013,9,30,-21
104000014,72,254,-182
104000015,49,32,17
104000016,70,134,-64
104000018,76,45,31
104000019,79,23,56
104000020,27,275,-248
104000021,77,318,-241
104000022,27,83,-56
104000023,114,129,-15
104000024,57,93,-36
104000026,3,46,-43
104000027,47,206,-159
104000028,67,81,-14
104000029,109,215,-106
104000030,41,100,-59
104000031,71,59,12
104000032,38,126,-88
104000033,103,69,34
104000034,60,145,-85
104000035,76,104,-28
104000036,123,129,-6
104000037,65,78,-13
104000038,62,120,-58
104000039,38,143,-105
104000040,97,144,-47
104000041,99,65,34
104000042,59,175,-116
104000043,40,114,-74
104000044,45,314,-269
104000045,124,396,-272
104000046,292,433,-141
104000047,93,356,-263
104000048,284,468,-184
104000049,66,59,7
104000050,30,119,-89
104000051,48,254,-206
104000052,197,381,-184
104000053,157,167,-10
104000054,35,80,-45
104000055,866,609,257
104000056,309,89,220
104000057,51,261,-210
104000058,248,199,49
104000059,84,357,-273
104000060,69,271,-202
104000061,182,299,-117
104000062,58,79,-21
104000064,160,56,104
104000065,17,84,-67
104000069,291,144,147
104000070,24,50,-26
104000071,48,158,-110
104000072,107,95,12
104000075,3,34,-31
104000076,42,8,34
104000082,389,498,-109
104000083,132,34,98
104000084,21,148,-127
104000085,50,34,16
104000086,26,180,-154
104000087,39,74,-35
104000090,62,494,-432
104000092,94,755,-661
104000094,153,626,-473
104000095,476,439,37
104000096,74,123,-49
104000097,83,163,-80
104000098,106,259,-153
104000100,83,148,-65
104000101,250,540,-290
104000106,123,203,-80
104000107,71,160,-89
104000108,46,127,-81
104000109,25,4,21
104000110,156,171,-15
104000111,946,166,780
104000112,375,122,253
104000116,3,475,-472
104000117,5,226,-221
104000118,26,90,-64
104000119,36,83,-47
104000120,4,240,-236
104000121,73,194,-121
104000122,88,230,-142
104000123,243,301,-58
104000124,300,575,-275
104000125,1108,513,595
104000126,49,123,-74
104000127,554,1063,-509
104000128,66,105,-39
104000129,80,16,64
104000130,0,43,-43
104000131,444,302,142
104000132,353,509,-156
104000133,344,291,53
104000134,279,377,-98
104000135,87,147,-60
104000136,148,250,-102
104000137,372,52,320
104000138,413,93,320
104000139,2002,613,1389
104000141,396,518,-122
104000142,157,390,-233
104000143,103,272,-169
104000144,8,45,-37
104000145,32,17,15
104000146,115,151,-36
104000147,44,83,-39
104000148,12,16,-4
104000149,78,126,-48
104000150,42,67,-25
104000151,77,250,-173
104000152,74,383,-309
104000153,19,78,-59
104000154,296,301,-5
104000155,43,114,-71
104000157,333,601,-268
104000158,43,70,-27
104000159,81,87,-6
104000160,512,307,205
104000161,51,15,36
104000162,36,30,6
104000165,262,154,108
104000167,82,112,-30
104000168,38,0,38
104000169,0,0,0
104000170,203,45,158
104000248,1,178,-177
104000251,10,91,-81
104000272,0,0,0
104000273,0,0,0
104000274,1,0,1
104000275,5,0,5
104000279,569,172,397
104000290,12,112,-100
104000291,370,275,95
104000293,134,172,-38
104000294,0,0,0
104000295,120,254,-134
104000296,73,248,-175
104000297,285,471,-186
104000298,580,261,319
104000299,164,385,-221
104000302,80,68,12
104000303,92,102,-10
104900001,1,42,-41
104900002,1,6,-5
104900003,4,87,-83
104900004,4,80,-76
104900005,11,37,-26
104900006,7,14,-7
104900007,23,65,-42
104900009,7,77,-70
104900010,0,2,-2
104900011,0,0,0
104900012,13,0,13
104900013,11,0,11
104900014,702,39,663
104900015,8,0,8
104900016,10,117,-107
104900017,1,39,-38
104900018,2,43,-41
104900019,11,60,-49
104900020,8,49,-41
104900021,0,0,0
104900022,1,37,-36
104900023,0,0,0
104900024,6,34,-28
104900025,6,93,-87
104900026,0,0,0
104900027,17,6,11
104900028,8,36,-28
104900029,0,0,0
104900030,28,8,20
104900031,29,49,-20
104900032,10,45,-35
104900033,0,0,0
104900034,9,7,2
104900035,7,5,2
104900036,8,8,0
104900037,13,55,-42
104900038,50,24,26
104900039,0,0,0
104900040,15,5,10
104900041,0,0,0
104900042,55,78,-23
104900043,0,0,0
104900044,31,14,17
104900045,0,0,0
104900046,1,12,-11
104900047,8,11,-3
104900048,4,6,-2
104900049,0,0,0
104900050,19,3,16
104900051,4,2,2
104900052,0,0,0
104900053,12,4,8
104900054,6,6,0
104900055,0,0,0
104900056,15,0,15
104900057,3,0,3
104900058,40,22,18
104900059,0,0,0
104900061,56,183,-127
104900063,2,52,-50
104900064,0,29,-29
104900065,0,26,-26
104900066,1,27,-26
104900067,0,78,-78
104900068,1,72,-71
104900070,2,92,-90
104900071,0,191,-191
104900072,0,54,-54
104900073,1,28,-27
104900074,9,71,-62
104900075,2,6,-4
104900076,15,124,-109
104900077,133,4,129
104900078,20,250,-230
104900079,16,13,3
104900080,2,139,-137
104900082,0,39,-39
104900085,0,43,-43
104900089,0,0,0
104900091,51,165,-114
104900093,23,80,-57
104900097,681,180,501
104900098,9,7,2
104900099,2,60,-58
104900100,182,34,148
104900102,4,54,-50
104900103,91,17,74
104900106,5,45,-40
104900107,5,80,-75
104900108,4,40,-36
104900109,5,18,-13
104900110,1,20,-19
104900111,18,16,2
104900112,36,235,-199
104900113,57,112,-55
104900114,16,172,-156
104900115,24,138,-114
104900116,19,61,-42
104900118,1,15,-14
104900119,0,10,-10
104900120,0,0,0
104900121,0,0,0
104900122,0,0,0
104900123,0,0,0
104900124,0,0,0
104900125,19,1,18
104900126,4,10,-6
104900127,2,3,-1
104900128,0,6,-6
104900129,320,96,224
105000001,673,729,-56
105000002,497,555,-58
105000003,643,969,-326
105000004,112,231,-119
105000005,189,317,-128
105000006,235,325,-90
105000007,151,332,-181
105000008,126,536,-410
105000009,245,501,-256
105000010,763,761,2
105000011,354,360,-6
105000012,967,1029,-62
105000013,127,194,-67
105000014,171,355,-184
105000015,1748,701,1047
105000016,707,352,355
105000017,366,222,144
105000018,249,307,-58
105000019,358,207,151
105000020,29,148,-119
105000021,59,48,11
105000022,19,11,8
105000023,60,41,19
105000028,34,40,-6
105000029,60,178,-118
105000030,1151,1140,11
105000031,0,5,-5
105000033,349,740,-391
105000034,25,99,-74
105000037,128,134,-6
105000038,123,179,-56
105000039,1000,623,377
105000040,46,132,-86
105000041,163,477,-314
105000042,235,171,64
105000043,541,657,-116
105000044,32,80,-48
105000045,44,307,-263
105000046,82,73,9
105000047,87,475,-388
105000048,82,44,38
105000049,107,270,-163
105000050,13,23,-10
105000051,71,222,-151
105000052,50,215,-165
105000053,27,92,-65
105000054,28,287,-259
105000055,51,140,-89
105000056,106,643,-537
105000057,201,305,-104
105000058,296,428,-132
105000059,46,92,-46
105000060,91,221,-130
105000061,24,91,-67
105000062,111,342,-231
105000063,111,329,-218
105000064,66,128,-62
105000065,95,362,-267
105000066,146,674,-528
105000067,115,113,2
105000068,180,323,-143
105000069,577,103,474
105000070,201,214,-13
105000071,22,64,-42
105000072,151,121,30
105000073,112,72,40
105000074,161,290,-129
105000075,137,172,-35
105000076,254,273,-19
105000077,469,202,267
105000078,235,246,-11
105000079,480,548,-68
105000080,205,167,38
105000081,259,241,18
105000082,57,99,-42
105000083,112,107,5
105000084,104,341,-237
105000085,180,185,-5
105000086,155,282,-127
105000087,626,592,34
105000088,183,140,43
105000089,902,762,140
105000090,285,307,-22
105000091,504,539,-35
105000092,116,383,-267
105000093,61,47,14
105000094,48,32,16
105000095,25,136,-111
105000096,153,103,50
105000097,201,232,-31
105000098,41,77,-36
105000099,111,295,-184
105000100,174,330,-156
105000101,365,573,-208
105000102,258,414,-156
105000103,291,530,-239
105000104,200,235,-35
105000105,116,490,-374
105000106,178,398,-220
105000107,106,239,-133
105000108,132,352,-220
105000109,178,467,-289
105000110,110,164,-54
105000111,93,169,-76
105000112,287,174,113
105000113,57,123,-66
105000114,777,174,603
105000115,99,138,-39
105000116,42,57,-15
105000117,146,411,-265
105000118,19,60,-41
105000119,78,269,-191
105000120,35,112,-77
105000121,151,301,-150
105000122,43,79,-36
105000123,197,390,-193
105000124,159,254,-95
105000125,96,473,-377
105000126,276,662,-386
105000127,353,479,-126
105000128,32,413,-381
105000129,86,138,-52
105000130,6,141,-135
105000131,89,59,30
105000132,94,27,67
105000133,74,281,-207
105000134,83,68,15
105000135,80,169,-89
105000136,14,96,-82
105000137,2,11,-9
105000138,57,114,-57
105000139,151,347,-196
105000140,12,11,1
105000141,22,219,-197
105000142,8,24,-16
105000143,58,192,-134
105000144,50,241,-191
105000145,21,83,-62
105000146,54,177,-123
105000147,13,8,5
105000148,57,28,29
105000149,79,58,21
105000150,391,335,56
105000151,35,94,-59
105000152,20,173,-153
105000153,57,105,-48
105000154,81,258,-177
105000155,38,87,-49
105000156,125,347,-222
105000157,178,660,-482
105000158,232,173,59
105000159,112,440,-328
105000160,234,159,75
105000161,124,672,-548
105000162,72,199,-127
105000163,234,359,-125
105000164,71,77,-6
105000165,319,459,-140
105000166,2056,56,2000
105000167,664,281,383
105000168,10,279,-269
105000169,44,123,-79
105000170,6,246,-240
105000171,251,70,181
105000172,1,1,0
105000173,0,1,-1
105000174,3,1,2
105000175,8,54,-46
105000176,27,13,14
105000177,7,29,-22
105000178,16,57,-41
105000179,18,22,-4
105000180,4,36,-32
105000181,3,38,-35
105000182,9,23,-14
105000183,869,322,547
105000184,292,160,132
105000185,93,72,21
105000186,103,319,-216
105000187,41,42,-1
105000188,7,17,-10
105000189,20,201,-181
105000190,5,27,-22
105000191,85,152,-67
105000192,8,50,-42
105000193,19,26,-7
105000194,29,38,-9
105000195,41,317,-276
105000196,8,23,-15
105000197,24,219,-195
105000198,125,49,76
105000199,25,45,-20
105000200,14,52,-38
105000201,15,8,7
105000203,3,95,-92
105000204,21,34,-13
105000205,36,93,-57
105000207,128,83,45
105000208,0,0,0
105000209,39,177,-138
105000211,29,3,26
105000212,132,377,-245
105000213,28,21,7
105000214,12,44,-32
105000215,6,52,-46
105000216,22,155,-133
105000217,28,112,-84
105000218,53,197,-144
105000221,20,86,-66
105000222,7,14,-7
105000223,29,75,-46
105000226,3,37,-34
105000227,2,13,-11
105000228,12,194,-182
105000229,16,58,-42
105000231,0,0,0
105000233,80,149,-69
105000234,220,438,-218
105000235,34,165,-131
105000237,51,4,47
105000243,3,10,-7
105000248,10,19,-9
105000262,23,453,-430
105000269,13,49,-36
105000270,34,49,-15
105000271,1,86,-85
105000282,7,10,-3
105000287,84,44,40
105000288,39,96,-57
105000289,130,186,-56
105000290,0,0,0
105000402,1126,432,694
105000426,90,104,-14
105000438,101,119,-18
105000440,1,8,-7
105000446,2487,1109,1378
105000447,1482,510,972
105000454,22,194,-172
105000455,71,35,36
105000474,0,0,0
105000477,26,83,-57
105000478,164,260,-96
105000479,14,40,-26
105000480,255,352,-97
105000481,593,406,187
105000482,1238,843,395
105000483,307,283,24
105000484,546,571,-25
105000485,400,414,-14
105000486,723,562,161
105000488,563,645,-82
105000489,81,206,-125
105000549,0,11,-11
105000550,114,282,-168
105000551,2,16,-14
105000552,1490,563,927
105000555,227,192,35
105000556,7,3,4
105000557,5,69,-64
105900001,0,0,0
105900002,366,29,337
105900003,2,14,-12
105900004,61,28,33
105900005,0,42,-42
105900006,0,0,0
105900007,0,0,0
105900008,2,213,-211
105900009,0,0,0
105900011,0,0,0
105900012,0,0,0
105900013,0,0,0
105900014,0,0,0
105900015,11,64,-53
105900016,0,0,0
105900017,11,2,9
105900018,27,45,-18
105900019,0,0,0
105900020,3,13,-10
105900021,0,0,0
105900022,20,106,-86
105900023,0,0,0
105900024,0,0,0
105900025,0,0,0
105900026,38,2,36
105900027,0,0,0
105900028,1,22,-21
105900029,470,85,385
105900030,15,104,-89
105900031,102,37,65
105900032,6,25,-19
105900033,4,52,-48
105900034,10,87,-77
105900035,8,51,-43
105900036,2,27,-25
105900037,17,25,-8
105900038,18,93,-75
105900039,11,66,-55
105900040,11,18,-7
105900041,70,118,-48
105900042,7,29,-22
105900043,373,8,365
105900044,1,33,-32
105900045,1,64,-63
105900046,0,50,-50
105900047,4,12,-8
105900048,6,78,-72
105900050,0,0,0
105900051,0,0,0
105900052,0,0,0
105900053,380,51,329
105900054,17,28,-11
105900056,0,0,0
105900057,0,0,0
105900058,2,16,-14
105900059,0,5,-5
106000001,366,159,207
106000002,404,849,-445
106000003,817,388,429
106000004,782,551,231
106000005,474,781,-307
106000006,1450,1197,253
106000007,168,108,60
106000008,117,111,6
106000009,102,73,29
106000010,148,204,-56
106000011,134,196,-62
106000012,145,529,-384
106000013,307,387,-80
106000014,446,590,-144
106000015,231,254,-23
106000016,309,855,-546
106000017,164,254,-90
106000018,137,327,-190
106000019,60,164,-104
106000020,63,189,-126
106000021,70,131,-61
106000022,82,132,-50
106000023,111,116,-5
106000024,121,362,-241
106000025,36,60,-24
106000026,75,226,-151
106000027,88,108,-20
106000028,142,328,-186
106000029,316,604,-288
106000030,218,55,163
106000034,82,135,-53
106000035,108,188,-80
106000036,84,76,8
106000037,309,443,-134
106000038,45,36,9
106000039,37,12,25
106000040,44,214,-170
106000041,232,69,163
106000043,70,30,40
106000046,83,8,75
106000047,7,66,-59
106000049,59,38,21
106000050,61,272,-211
106000051,43,64,-21
106000052,38,201,-163
106000053,0,0,0
106000054,51,151,-100
106000055,24,101,-77
106000056,58,197,-139
106000057,0,0,0
106000058,37,92,-55
106000059,3,50,-47
106000060,137,224,-87
106000061,31,57,-26
106000062,69,281,-212
106000063,45,101,-56
106000064,14,168,-154
106000065,7,10,-3
106000066,10,157,-147
106000067,11,19,-8
106000068,2,217,-215
106000069,3,20,-17
106000070,28,221,-193
106000071,27,51,-24
106000072,1197,241,956
106000073,332,323,9
106000074,65,128,-63
106000075,36,247,-211
106000076,189,342,-153
106000077,337,246,91
106000078,100,251,-151
106000079,61,264,-203
106000080,149,301,-152
106000081,98,215,-117
106000082,350,282,68
106000083,24,217,-193
106000084,67,151,-84
106000085,145,194,-49
106000086,47,138,-91
106000087,40,133,-93
106000088,33,255,-222
106000089,107,122,-15
106000090,36,146,-110
106000091,67,124,-57
106000092,38,39,-1
106000093,22,13,9
106000094,15,166,-151
106000095,34,385,-351
106000096,49,232,-183
106000097,70,498,-428
106000098,31,263,-232
106000099,17,348,-331
106000100,79,85,-6
106000101,107,172,-65
106000102,20,145,-125
106000103,52,257,-205
106000104,83,72,11
106000105,71,308,-237
106000106,63,103,-40
106000107,34,236,-202
106000108,49,105,-56
106000109,13,160,-147
106000110,26,59,-33
106000111,22,144,-122
106000112,23,54,-31
106000113,293,214,79
106000114,167,65,102
106000115,45,162,-117
106000116,36,72,-36
106000117,267,287,-20
106000118,158,232,-74
106000119,813,294,519
106000120,202,98,104
106000121,16,55,-39
106000122,7,67,-60
106000123,31,93,-62
106000124,24,106,-82
106000125,3,121,-118
106000126,20,83,-63
106000127,30,250,-220
106000128,52,114,-62
106000129,80,184,-104
106000130,66,169,-103
106000131,51,159,-108
106000132,210,34,176
106000133,1300,218,1082
106000134,95,53,42
106000135,70,400,-330
106000136,68,29,39
106000137,18,611,-593
106000138,58,7,51
106000139,0,0,0
106000140,1,35,-34
106000141,7,58,-51
106000142,0,0,0
106000143,3,91,-88
106000144,0,0,0
106000145,38,174,-136
106000146,0,0,0
106000147,116,299,-183
106000148,109,300,-191
106000149,112,207,-95
106000150,120,354,-234
106000151,1157,167,990
106000152,298,166,132
106000153,12,221,-209
106000154,471,62,409
106000155,13,52,-39
106000156,60,77,-17
106000157,135,469,-334
106000158,676,97,579
106000159,1477,292,1185
106000160,9,216,-207
106000161,254,167,87
106000162,29,117,-88
106000163,53,175,-122
106000164,47,53,-6
106000165,30,209,-179
106000166,36,51,-15
106000167,42,542,-500
106000168,26,46,-20
106000169,33,278,-245
106000170,28,68,-40
106000171,11,301,-290
106000172,237,202,35
106000173,155,684,-529
106000174,23,61,-38
106000175,11,305,-294
106000176,146,105,41
106000177,117,690,-573
106000178,337,245,92
106000179,113,528,-415
106000180,163,630,-467
106000181,47,557,-510
106000182,79,195,-116
106000183,87,319,-232
106000184,134,249,-115
106000185,102,189,-87
106000186,126,35,91
106000187,25,137,-112
106000188,0,0,0
106000189,2,12,-10
106000190,0,0,0
106000191,68,46,22
106000192,0,10,-10
106000193,46,21,25
106000194,33,87,-54
106000195,23,21,2
106000196,6,76,-70
106000197,48,86,-38
106000198,17,61,-44
106000199,204,130,74
106000200,77,26,51
106000201,95,122,-27
106000202,1612,80,1532
106000203,61,74,-13
106000204,7,2,5
106000205,11,37,-26
106000206,6,5,1
106000207,8,290,-282
106000208,50,7,43
106000209,49,24,25
106000210,35,472,-437
106000211,79,703,-624
106000212,26,8,18
106000213,85,292,-207
106000214,259,42,217
106000215,51,184,-133
106000216,68,84,-16
106000217,40,179,-139
106000218,40,77,-37
106000219,22,98,-76
106000220,63,65,-2
106000221,12,112,-100
106000222,49,47,2
106000223,4,19,-15
106000224,46,132,-86
106000225,7,20,-13
106000226,30,109,-79
106000228,6,44,-38
106000229,6,265,-259
106000231,49,36,13
106000232,7,127,-120
106000233,27,24,3
106000234,5,47,-42
106000235,16,13,3
106000236,16,8,8
106000237,0,22,-22
106000238,0,2,-2
106000239,0,9,-9
106000240,2,1,1
106000241,6,206,-200
106000242,6,4,2
106000249,0,0,0
106000250,9,80,-71
106000251,4,6,-2
106000252,1,24,-23
106000253,0,19,-19
106000254,6,22,-16
106000255,3,25,-22
106000256,15,37,-22
106000257,6,76,-70
106000258,4,1,3
106000259,0,11,-11
106000260,5,0,5
106000261,0,12,-12
106000262,2,2,0
106000263,0,25,-25
106000264,10,3,7
106000265,1,29,-28
106000266,7,1,6
106000267,1,53,-52
106000268,50,4,46
106000269,11,17,-6
106000270,22,60,-38
106000271,9,37,-28
106000272,12,13,-1
106000273,1,51,-50
106000274,42,10,32
106000275,10,24,-14
106000276,15,15,0
106000277,37,54,-17
106000278,53,15,38
106000279,2,24,-22
106000280,3,47,-44
106000281,24,29,-5
106000282,16,12,4
106000283,2,37,-35
106000284,7,37,-30
106000285,19,48,-29
106000286,4,24,-20
106000287,9,53,-44
106000288,8,31,-23
106000289,7,41,-34
106000290,12,20,-8
106000291,12,28,-16
106000292,7,43,-36
106000293,12,21,-9
106000294,15,41,-26
106000295,2,12,-10
106000296,6,54,-48
106000297,20,45,-25
106000298,31,12,19
106000299,11,19,-8
106000300,3,34,-31
106000301,9,36,-27
106000303,0,8,-8
106000304,1,12,-11
106000305,3,2,1
106000306,12,18,-6
106000307,9,0,9
106000308,15,39,-24
106000309,4,28,-24
106000310,29,161,-132
106000311,84,15,69
106000312,20,41,-21
106000313,17,61,-44
106000318,41,22,19
106000319,60,8,52
106000320,2,3,-1
106000321,58,5,53
106000322,20,65,-45
106000324,0,33,-33
106000325,250,186,64
106000326,176,595,-419
106000327,3,28,-25
106000328,0,25,-25
106000329,9,74,-65
106000330,9,14,-5
106000428,12,29,-17
106000429,16,201,-185
106000430,75,578,-503
106000431,154,64,90
106000432,306,849,-543
106000433,196,126,70
106000434,392,132,260
106000435,570,783,-213
106000436,5,103,-98
106000437,18,5,13
106000438,23,15,8
106000439,17,114,-97
106000440,45,180,-135
106000441,0,0,0
106000442,23,4,19
106000443,18,224,-206
106000450,1,44,-43
106000451,7,4,3
106000454,1,17,-16
106000455,6,59,-53
106000456,4,5,-1
106000457,1,403,-402
106000458,25,27,-2
106000459,20,142,-122
106000460,69,3,66
106000461,8,637,-629
106000462,0,5,-5
106000463,2,13,-11
106000464,4,179,-175
106000465,19,0,19
106000466,1,225,-224
106000467,207,119,88
106000468,8,70,-62
106000469,35,0,35
106000470,62,184,-122
106000471,4,116,-112
106000472,15,1,14
106000473,5,6,-1
106000474,153,377,-224
106000475,77,85,-8
106000476,68,52,16
106000477,13,78,-65
106000480,0,38,-38
106900001,1,2,-1
106900002,0,190,-190
106900003,9,69,-60
106900004,1,19,-18
106900006,0,6,-6
106900007,0,7,-7
106900008,11,36,-25
106900009,12,91,-79
106900010,15,63,-48
106900012,253,42,211
106900013,3,0,3
106900014,1,0,1
106900015,0,0,0
106900016,4,0,4
106900017,0,0,0
106900018,0,0,0
106900019,0,0,0
106900020,652,35,617
106900021,1,10,-9
106900022,7,0,7
106900023,0,46,-46
106900024,12,0,12
106900025,2,139,-137
106900026,0,288,-288
106900027,19,0,19
106900028,2,28,-26
106900029,1,0,1
106900030,1,10,-9
107000001,224,370,-146
107000002,651,1033,-382
107000003,605,997,-392
107000004,1404,1720,-316
107000005,235,548,-313
107000006,843,2096,-1253
107000007,731,820,-89
107000008,4955,3708,1247
107000009,650,823,-173
107000010,2813,3281,-468
107000011,243,281,-38
107000012,841,865,-24
107000013,14,53,-39
107000014,13,88,-75
107000015,63,334,-271
107000016,71,464,-393
107000017,481,206,275
107000018,0,71,-71
107000020,137,51,86
107000021,173,365,-192
107000022,98,429,-331
107000023,262,144,118
107000024,45,648,-603
107000025,44,102,-58
107000026,25,314,-289
107000027,223,193,30
107000028,247,387,-140
107000029,249,298,-49
107000030,857,849,8
107000031,292,313,-21
107000032,18,67,-49
107000033,1007,875,132
107000034,1613,521,1092
107000035,103,39,64
107000036,147,314,-167
107000037,24,156,-132
107000038,54,94,-40
107000039,72,133,-61
107000040,38,101,-63
107000041,207,98,109
107000042,120,284,-164
107000043,623,109,514
107000044,140,96,44
107000045,31,79,-48
107000046,71,52,19
107000047,41,248,-207
107000048,93,82,11
107000049,55,232,-177
107000050,104,158,-54
107000051,110,64,46
107000052,196,179,17
107000053,37,20,17
107000054,9,67,-58
107000055,61,31,30
107000056,116,240,-124
107000057,688,100,588
107000058,198,221,-23
107000059,399,950,-551
107000060,350,629,-279
107000061,1211,1216,-5
107000062,336,393,-57
107000063,912,1805,-893
107000064,429,393,36
107000065,945,1956,-1011
107000066,179,312,-133
107000067,135,185,-50
107000068,261,78,183
107000069,109,88,21
107000070,21,0,21
107000071,85,7,78
107000072,6,998,-992
107000073,34,31,3
107000074,37,274,-237
107000075,98,8,90
107000076,160,705,-545
107000077,192,43,149
107000078,229,1020,-791
107000079,149,54,95
107000080,198,1040,-842
107000081,141,70,71
107000082,91,1055,-964
107000083,94,48,46
107000084,80,872,-792
107000085,427,704,-277
107000086,753,755,-2
107000087,441,374,67
107000088,550,865,-315
107000089,317,284,33
107000090,275,290,-15
107000091,198,190,8
107000092,165,342,-177
107000093,186,207,-21
107000094,158,323,-165
107000095,24,41,-17
107000096,164,365,-201
107000097,102,30,72
107000098,126,260,-134
107000099,51,27,24
107000100,87,129,-42
107000101,15,27,-12
107000102,169,144,25
107000103,46,50,-4
107000104,89,98,-9
107000105,32,31,1
107000106,34,92,-58
107000107,39,36,3
107000108,39,292,-253
107000109,0,0,0
107000110,11,218,-207
107000111,0,0,0
107000112,8,307,-299
107000113,0,0,0
107000114,12,368,-356
107000115,0,0,0
107000116,8,388,-380
107000117,0,0,0
107000118,28,94,-66
107000119,342,80,262
107000120,1086,133,953
107000121,27,119,-92
107000122,188,259,-71
107000123,19,163,-144
107000124,91,282,-191
107000125,61,240,-179
107000126,174,436,-262
107000129,33,454,-421
107000130,25,37,-12
107000131,40,364,-324
107000132,51,68,-17
107000133,35,27,8
107000134,21,0,21
107000135,0,80,-80
107000136,51,0,51
107000137,1,140,-139
107000138,19,4,15
107000139,2,104,-102
107000140,67,4,63
107000141,18,255,-237
107000142,28,6,22
107000143,5,298,-293
107000144,65,28,37
107000145,25,152,-127
107000146,54,23,31
107000147,1307,262,1045
107000150,148,235,-87
107000151,4,14,-10
107000152,67,102,-35
107000153,82,72,10
107000154,15,19,-4
107000155,79,1,78
107000156,116,2,114
107000157,7,838,-831
107000158,61,0,61
107000159,7,488,-481
107000160,79,18,61
107000161,15,663,-648
107000162,30,41,-11
107000163,3,0,3
107000164,21,0,21
107000165,53,1,52
107000166,17,396,-379
107000167,64,48,16
107000168,112,44,68
107000169,236,344,-108
107000170,98,74,24
107000171,80,1028,-948
107000172,125,138,-13
107000173,185,359,-174
107000174,155,281,-126
107000175,3304,453,2851
107000176,0,0,0
107000177,0,0,0
107000178,2,8,-6
107000179,50,1000,-950
107000180,106,88,18
107000181,45,511,-466
107000182,82,124,-42
107000183,22,377,-355
107000184,52,193,-141
107000185,34,357,-323
107000186,41,45,-4
107000187,182,280,-98
107000188,94,92,2
107000189,71,229,-158
107000190,121,156,-35
107000191,161,241,-80
107000192,203,318,-115
107000193,58,71,-13
107000194,184,215,-31
107000197,53,51,2
107000198,23,213,-190
107000199,134,172,-38
107000200,272,100,172
107000201,89,61,28
107000202,47,150,-103
107000203,388,76,312
107000204,389,114,275
107000205,692,187,505
107000206,116,50,66
107000207,122,168,-46
107000208,234,67,167
107000209,276,81,195
107000210,202,44,158
107000211,0,20,-20
107000212,5,59,-54
107000213,2,0,2
107000214,1,27,-26
107000215,68,198,-130
107000216,19,164,-145
107000217,26,25,1
107000219,5,21,-16
107000220,8,115,-107
107000222,41,149,-108
107000224,17,9,8
107000225,29,174,-145
107000226,25,14,11
107000227,15,134,-119
107000228,23,50,-27
107000229,68,29,39
107000230,329,149,180
107000231,71,69,2
107000232,10,31,-21
107000233,42,76,-34
107000234,0,2,-2
107000235,0,0,0
107000236,6,127,-121
107000237,0,0,0
107000238,0,0,0
107000239,1714,99,1615
107000240,11,384,-373
107000243,0,22,-22
107000244,1,26,-25
107000246,2,412,-410
107000249,0,289,-289
107000251,0,56,-56
107000252,0,484,-484
107000255,212,17,195
107000257,0,282,-282
107000258,0,57,-57
107000259,1,82,-81
107000260,50,0,50
107000262,2,349,-347
107000263,15,0,15
107000266,3,0,3
107000267,11,51,-40
107000268,32,58,-26
107000269,11,6,5
107000270,0,0,0
107000271,3,387,-384
107000272,3,174,-171
107000273,0,117,-117
107000274,26,1,25
107000275,17,242,-225
107000280,78,8,70
107000281,11,396,-385
107000282,7,634,-627
107000290,0,16,-16
107000291,1,3,-2
107000292,0,20,-20
107000293,32,0,32
107000294,1,20,-19
107000295,0,1,-1
107000296,0,1,-1
107000444,23,0,23
107000496,0,2,-2
107000497,264,1249,-985
107000500,95,71,24
107000501,15,47,-32
107000502,35,76,-41
107000505,159,198,-39
107000506,0,3,-3
107000508,0,249,-249
107000509,25,48,-23
107000510,20,1,19
107000514,2,75,-73
107000515,5,141,-136
107000516,51,44,7
107000518,68,14,54
107000519,1129,418,711
107000520,3,1,2
107000521,109,144,-35
107000522,60,242,-182
107900001,5,124,-119
107900002,5,8,-3
107900003,25,18,7
107900004,0,0,0
107900005,67,2,65
107900006,3,0,3
107900007,14,6,8
107900008,17,22,-5
107900009,17,0,17
107900010,0,1,-1
107900012,24,0,24
107900013,29,15,14
107900014,1,1,0
107900015,66,1,65
107900016,136,24,112
107900017,0,0,0
107900018,9,2,7
107900019,1,39,-38
107900020,37,3,34
107900021,3,48,-45
107900023,0,0,0
107900024,0,1,-1
107900025,37,109,-72
107900026,4,34,-30
107900027,0,24,-24
107900028,0,39,-39
107900030,14,5,9
107900031,7,117,-110
107900032,0,0,0
107900033,0,0,0
107900034,10,1,9
107900035,75,3,72
107900036,11,0,11
107900037,0,8,-8
107900038,21,7,14
107900039,3,16,-13
107900040,7,12,-5
107900041,0,0,0
107900043,2,43,-41
107900044,0,1,-1
107900045,4,3,1
107900046,12,3,9
107900047,4,15,-11
107900048,24,3,21
107900049,41,29,12
107900050,13,93,-80
107900051,6,29,-23
107900052,0,0,0
107900053,4,22,-18
107900055,15,29,-14
107900056,3,0,3
107900057,0,0,0
107900058,4,276,-272
107900060,0,17,-17
107900061,2,0,2
107900063,2,18,-16
107900064,38,1,37
107900065,10,0,10
107900066,1,3,-2
107900067,0,0,0
107900068,59,18,41
107900069,3,76,-73
107900070,7,5,2
107900071,2,293,-291
107900072,4,53,-49
107900073,1,30,-29
107900074,304,44,260
107900076,13,10,3
107900077,2,0,2
107900079,1,0,1
107900080,94,32,62
107900081,2,8,-6
107900082,2,8,-6
107900083,12,20,-8
107900084,9,3,6
107900086,9,12,-3
107900087,46,5,41
107900088,0,1,-1
107900089,110,89,21
107900090,51,81,-30
107900091,15,110,-95
107900093,3,6,-3
107900095,538,213,325
107900097,0,6,-6
107900098,0,11,-11
107900100,155,64,91
107900101,244,35,209
107900102,7,0,7
107900103,5,39,-34
107900104,7,0,7
107900105,0,198,-198
107900106,0,526,-526
107900107,268,24,244
107900108,35,11,24
107900109,52,0,52
107900110,0,36,-36
107900111,3,428,-425
107900112,10,59,-49
107900113,3,13,-10
107900114,15,122,-107
107900115,3,9,-6
107900116,3,110,-107
107900117,64,128,-64
107900118,10,53,-43
107900119,12,11,1
107900120,21,0,21
107900121,0,23,-23
107900122,0,5,-5
107900123,15,10,5
107900124,1,12,-11
107900125,3,55,-52
107900126,0,3,-3
107900127,97,15,82
107900128,13,17,-4
107900129,1,20,-19
107900130,0,2,-2
107900131,38,2,36
107900132,18,125,-107
107900133,0,23,-23
107900134,4,2,2
107900135,0,26,-26
107900136,9,4,5
107900137,28,24,4
107900138,0,3,-3
107900139,0,7,-7
107900141,3,3,0
107900142,11,321,-310
107900143,14,20,-6
107900144,0,30,-30
107900145,1,28,-27
107900146,7,17,-10
107900147,2,1,1
107900148,44,52,-8
107900149,689,23,666
107900150,15,208,-193
107900151,1,42,-41
107900152,1,61,-60
107900153,13,28,-15
107900154,0,0,0
107900155,5,9,-4
107900156,0,72,-72
107900157,10,19,-9
107900158,40,7,33
107900159,27,331,-304
107900160,4,35,-31
107900161,2,77,-75
107900162,0,11,-11
107900163,6,8,-2
107900164,0,5,-5
107900165,59,10,49
107900166,0,119,-119
107900167,1,1,0
107900168,1,20,-19
107900169,1,42,-41
107900171,1,525,-524
107900172,0,82,-82
107900173,1,87,-86
107900174,2,0,2
107900175,0,0,0
107900176,0,8,-8
107900177,0,12,-12
107900178,0,36,-36
107900179,0,58,-58
107900180,283,13,270
107900181,45,157,-112
107900182,1,470,-469
107900183,0,150,-150
107900184,2,52,-50
107900185,5,3,2
107900186,4,4,0
107900187,0,26,-26
107900188,125,7,118
107900189,0,24,-24
107900190,41,2,39
107900191,4,62,-58
107900193,5,25,-20
107900194,2,0,2
107900195,1088,63,1025
107900196,9,7,2
107900197,41,8,33
107900199,2,465,-463
107900201,9,45,-36
107900203,1,15,-14
107900204,53,88,-35
107900206,118,10,108
107900207,0,237,-237
107900208,0,262,-262
107900209,74,24,50
107900210,14,51,-37
107900213,22,78,-56
107900214,0,43,-43
107900215,34,96,-62
107900216,9,25,-16
107900217,2,5,-3
107900218,2,504,-502
107900219,1,37,-36
107900220,14,10,4
107900221,61,50,11
107900223,5,107,-102
107900224,42,60,-18
107900225,0,248,-248
107900226,11,51,-40
107900227,21,107,-86
107900228,1,21,-20
107900229,1,92,-91
107900230,0,47,-47
107900231,1,66,-65
107900232,3,93,-90
107900233,4,38,-34
107900234,14,60,-46
107900235,12,22,-10
107900236,9,33,-24
107900237,35,102,-67
107900238,2,43,-41
107900239,288,50,238
107900240,3,61,-58
107900241,2,39,-37
107900242,2,131,-129
107900243,0,6,-6
107900244,7,1,6
107900245,18,4,14
107900246,9,0,9
107900248,13,62,-49
107900249,26,0,26
107900250,1,136,-135
107900251,2,290,-288
107900252,42,0,42
107900253,7,1,6
107900254,6,11,-5
107900255,40,13,27
107900256,19,92,-73
107900257,7,4,3
107900258,14,90,-76
107900259,10,103,-93
107900261,0,133,-133
107900262,2,35,-33
107900264,19,0,19
107900265,7,65,-58
107900267,2,2,0
107900268,16,0,16
107900269,0,1,-1
107900270,0,0,0
107900271,0,1,-1
107900272,1,2,-1
107900273,1,15,-14
107900274,6,0,6
107900275,16,0,16
107900276,0,20,-20
107900277,1,69,-68
107900278,54,95,-41
107900279,40,16,24
107900280,342,219,123
107900281,914,190,724
107900282,9,27,-18
107900283,396,146,250
107900284,18,256,-238
107900285,6,44,-38
107900286,18,19,-1
107900287,10,14,-4
107900290,0,9,-9
107900291,40,0,40
107900292,16,72,-56
107900293,10,132,-122
107900295,6,48,-42
107900297,0,67,-67
107900298,132,237,-105
107900299,1174,154,1020
107900301,35,71,-36
107900302,7,2,5
107900303,5,93,-88
107900304,23,181,-158
107900305,14,1,13
107900306,2,0,2
107900307,6,127,-121
107900308,19,6,13
107900309,0,0,0
107900310,0,0,0
107900311,19,14,5
107900312,0,0,0
107900313,0,16,-16
107900314,0,6,-6
107900315,0,2,-2
107900316,0,0,0
107900317,7,0,7
107900318,0,39,-39
107900319,0,88,-88
107900320,1,47,-46
107900321,6,0,6
107900322,1,91,-90
107900323,1,17,-16
107900324,12,0,12
107900325,5,0,5
107900326,10,153,-143
107900327,0,0,0
107900328,0,0,0
107900329,0,0,0
107900330,1,191,-190
107900331,17,2,15
107900332,15,8,7
107900333,9,2,7
107900334,3,103,-100
107900335,7,49,-42
107900336,0,12,-12
107900337,352,54,298
107900338,0,29,-29
107900339,3,16,-13
107900340,0,16,-16
107900341,3,0,3
107900342,11,11,0
107900343,2,0,2
107900344,1,43,-42
107900345,6,3,3
107900346,1,0,1
107900347,1,0,1
107900348,0,1,-1
107900349,1,1,0
107900350,32,97,-65
107900351,6,92,-86
107900352,0,26,-26
107900353,2,7,-5
107900354,12,34,-22
108000001,409,512,-103
108000002,699,1352,-653
108000003,569,320,249
108000004,5490,5220,270
108000005,656,458,198
108000006,1102,1978,-876
108000007,581,580,1
108000008,1059,1929,-870
108000009,292,633,-341
108000010,484,1942,-1458
108000011,1272,1152,120
108000012,4917,5144,-227
108000014,27,75,-48
108000015,6,53,-47
108000016,60,239,-179
108000017,44,40,4
108000018,72,38,34
108000019,58,69,-11
108000020,87,47,40
108000021,73,543,-470
108000022,101,406,-305
108000023,146,9,137
108000024,15,235,-220
108000025,23,53,-30
108000026,37,186,-149
108000027,47,360,-313
108000028,18,83,-65
108000029,35,371,-336
108000030,14,40,-26
108000031,23,203,-180
108000032,66,38,28
108000033,85,430,-345
108000034,134,66,68
108000035,270,1016,-746
108000036,75,573,-498
108000037,154,30,124
108000038,177,38,139
108000039,80,910,-830
108000040,149,76,73
108000041,126,881,-755
108000042,4,53,-49
108000043,20,128,-108
108000044,8,34,-26
108000045,29,363,-334
108000046,80,35,45
108000047,55,388,-333
108000048,20,167,-147
108000049,29,21,8
108000050,62,238,-176
108000051,11,22,-11
108000052,91,254,-163
108000053,12,18,-6
108000054,109,269,-160
108000055,111,54,57
108000056,313,343,-30
108000057,71,141,-70
108000058,297,371,-74
108000059,835,512,323
108000060,40,90,-50
108000061,74,205,-131
108000062,65,74,-9
108000063,39,272,-233
108000064,18,44,-26
108000065,111,228,-117
108000066,244,97,147
108000067,145,73,72
108000068,62,31,31
108000069,60,472,-412
108000070,105,66,39
108000071,118,704,-586
108000072,79,97,-18
108000073,238,514,-276
108000074,33,41,-8
108000075,63,310,-247
108000076,52,59,-7
108000077,149,348,-199
108000078,256,156,100
108000079,298,500,-202
108000080,98,77,21
108000081,99,852,-753
108000082,298,415,-117
108000083,208,126,82
108000084,124,380,-256
108000085,48,48,0
108000086,153,235,-82
108000087,10,197,-187
108000088,46,12,34
108000089,45,53,-8
108000091,25,229,-204
108000092,12,7,5
108000093,31,258,-227
108000094,26,10,16
108000095,56,216,-160
108000096,14,30,-16
108000097,22,259,-237
108000098,39,100,-61
108000099,101,56,45
108000100,7,80,-73
108000101,89,109,-20
108000102,159,371,-212
108000106,27,0,27
108000107,0,180,-180
108000108,30,1,29
108000109,0,297,-297
108000110,11,41,-30
108000111,49,293,-244
108000112,3,9,-6
108000113,130,112,18
108000115,94,114,-20
108000117,168,75,93
108000118,34,133,-99
108000119,153,200,-47
108000120,23,173,-150
108000121,26,204,-178
108000122,18,77,-59
108000123,44,70,-26
108000124,22,169,-147
108000125,18,101,-83
108000126,29,267,-238
108000127,23,156,-133
108000128,56,282,-226
108000129,22,574,-552
108000130,25,137,-112
108000131,50,24,26
108000132,161,301,-140
108000133,68,104,-36
108000134,94,371,-277
108000135,98,90,8
108000136,301,487,-186
108000137,38,131,-93
108000138,49,329,-280
108000139,23,80,-57
108000140,6,11,-5
108000141,4,62,-58
108000142,11,49,-38
108000143,7,203,-196
108000144,16,12,4
108000145,12,18,-6
108000146,38,5,33
108000147,6,13,-7
108000148,18,2,16
108000149,0,4,-4
108000150,10,0,10
108000151,12,9,3
108000152,22,231,-209
108000153,9,22,-13
108000154,10,5,5
108000155,9,5,4
108000156,135,167,-32
108000157,12,67,-55
108000158,27,66,-39
108000159,187,35,152
108000160,1595,118,1477
108000161,1164,174,990
108000165,0,33,-33
108000172,6,41,-35
108000173,671,301,370
108000175,30,17,13
108000178,140,163,-23
108000179,51,132,-81
108000181,27,19,8
108000182,45,7,38
108000183,9,83,-74
108000184,227,300,-73
108000185,12,201,-189
108000186,10,153,-143
108000187,7,268,-261
108000188,44,56,-12
108000189,362,321,41
108000190,2,39,-37
108000192,16,226,-210
108000193,167,5,162
108000194,0,0,0
108000195,3,437,-434
108000196,3,19,-16
108000198,91,95,-4
108000199,0,50,-50
108000200,43,165,-122
108000203,19,337,-318
108000204,20,10,10
108000205,110,143,-33
108000339,270,48,222
108000364,65,88,-23
108000365,12,83,-71
108000367,24,74,-50
108000368,5,18,-13
108000369,493,20,473
108000371,2,278,-276
108000372,35,0,35
108000373,0,0,0
108000376,24,5,19
108000377,63,90,-27
108000378,1764,1093,671
108000379,3,45,-42
108000381,7,2,5
108000382,18,0,18
108000383,0,56,-56
108900001,20,319,-299
108900002,62,9,53
108900003,59,318,-259
108900004,124,62,62
108900007,29,17,12
108900008,7,45,-38
108900009,10,24,-14
108900010,7,41,-34
108900011,38,95,-57
108900012,16,153,-137
108900013,12,92,-80
108900014,0,18,-18
108900015,0,4,-4
108900016,0,80,-80
108900017,45,37,8
108900018,12,203,-191
108900019,1,417,-416
108900020,4,98,-94
108900021,38,86,-48
108900022,4,1,3
108900023,0,4,-4
108900024,0,59,-59
108900025,5,11,-6
108900026,0,26,-26
108900027,0,33,-33
108900028,2,199,-197
108900029,11,64,-53
108900030,0,44,-44
108900031,6,202,-196
108900032,1,75,-74
108900033,0,25,-25
108900034,0,110,-110
108900035,16,679,-663
108900038,0,149,-149
108900039,1,199,-198
108900040,1,36,-35
108900041,1550,314,1236
108900042,1,74,-73
108900043,6,94,-88
108900044,0,287,-287
108900045,2,180,-178
108900046,8,301,-293
108900047,1,27,-26
108900048,8,247,-239
108900049,1507,90,1417
108900050,1,139,-138
108900051,1,62,-61
108900052,2,73,-71
108900053,3,11,-8
108900054,6,83,-77
108900055,11,156,-145
108900056,0,61,-61
108900057,1,53,-52
108900058,8,176,-168
108900059,35,2,33
108900060,9,15,-6
108900061,5,6,-1
108900062,1,155,-154
108900063,8,92,-84
108900064,4,21,-17
108900065,0,160,-160
108900066,11,22,-11
108900067,1,136,-135
108900068,0,78,-78
108900069,3,42,-39
108900070,17,94,-77
108900071,2,11,-9
108900072,573,36,537
108900073,4,203,-199
108900074,5,118,-113
108900075,8,37,-29
108900076,22,15,7
108900077,23,249,-226
108900078,1,53,-52
108900079,186,47,139
108900080,4,48,-44
108900081,10,86,-76
108900082,1,26,-25
108900083,3,20,-17
108900085,605,28,577
108900086,2,85,-83
108900087,20,56,-36
108900088,41,14,27
108900089,2,3,-1
108900090,0,96,-96
108900091,46,34,12
108900092,26,27,-1
108900093,6,6,0
108900094,32,13,19
108900095,5,182,-177
108900096,152,12,140
108900097,30,108,-78
108900098,962,38,924
108900099,27,129,-102
108900100,6,24,-18
108900101,14,6,8
108900102,14,75,-61
108900103,6,4,2
108900105,0,61,-61
108900106,14,240,-226
108900108,26,4,22
108900109,15,7,8
108900110,8,129,-121
108900111,14,303,-289
108900113,7,4,3
108900114,6,1,5
108900115,6,21,-15
108900116,3,0,3
108900117,4,7,-3
108900118,26,1,25
108900119,26,11,15
108900120,14,41,-27
108900121,18,1,17
108900122,3,5,-2
108900123,6,3,3
108900124,45,9,36
108900125,16,0,16
108900126,3,0,3
108900127,6,12,-6
108900128,5,0,5
108900129,32,6,26
108900130,2,0,2
108900131,38,0,38
108900132,11,7,4
108900133,33,4,29
108900134,9,50,-41
108900135,5,0,5
108900136,1,0,1
108900137,1,0,1
108900138,29,0,29
108900140,6,48,-42
108900141,6,2,4
108900142,6,1,5
108900143,0,0,0
108900144,0,0,0
108900145,7,0,7
108900146,0,0,0
108900147,7,0,7
108900148,8,3,5
108900150,62,1,61
108900151,3,0,3
108900152,2,0,2
108900153,12,197,-185
108900154,258,26,232
108900156,11,6,5
108900157,2,206,-204
108900158,7,14,-7
108900159,2,86,-84
108900160,5,89,-84
108900161,0,102,-102
108900162,4,1,3
108900163,0,41,-41
108900164,10,41,-31
108900168,3175,204,2971
108900169,4,27,-23
108900171,1643,216,1427
108900172,30,5,25
108900173,42,90,-48
108900174,31,133,-102
108900176,16,241,-225
108900177,2906,259,2647
108900178,1438,152,1286
108900180,5,23,-18
108900183,42,46,-4
108900184,26,28,-2
108900185,5,84,-79
108900186,2,71,-69
108900189,6,11,-5
108900190,36,741,-705
108900192,2,90,-88
108900195,4,110,-106
108900196,3,150,-147
108900199,17,91,-74
108900200,59,68,-9
108900201,26,230,-204
108900203,18,1,17
108900204,14,1,13
108900205,8,1,7
108900206,23,0,23
108900207,8,5,3
108900208,15,78,-63
108900209,53,142,-89
108900210,17,46,-29
108900211,8,42,-34
108900212,106,74,32
108900215,12,197,-185
108900216,65,12,53
108900217,1,0,1
108900218,1,0,1
108900221,2,8,-6
108900224,3,22,-19
108900225,0,43,-43
108900227,5,13,-8
108900230,135,84,51
108900232,2,108,-106
108900233,16,2,14
108900234,20,1,19
108900235,52,142,-90
108900236,8,86,-78
108900240,2,15,-13
108900241,0,11,-11
108900245,0,40,-40
108900250,8,13,-5
108900258,12,58,-46
108900259,1,18,-17
108900260,1,21,-20
108900261,29,20,9
108900262,90,19,71
108900263,6,64,-58
108900264,54,58,-4
108900265,393,38,355
108900266,216,14,202
108900267,0,3,-3
108900268,0,0,0
108900269,3,3,0
108900270,6,3,3
108900271,1,0,1
108900272,2,4,-2
108900273,211,44,167
108900274,1,12,-11
109000001,620,157,463
109000002,1551,400,1151
109000003,300,123,177
109000004,170,889,-719
109000005,191,167,24
109000006,179,832,-653
109000007,123,145,-22
109000008,104,707,-603
109000009,469,237,232
109000010,364,1357,-993
109000011,262,290,-28
109000012,374,1648,-1274
109000013,346,223,123
109000014,289,1438,-1149
109000015,824,566,258
109000016,3262,1696,1566
109000017,377,253,124
109000018,178,1461,-1283
109000019,405,254,151
109000020,421,857,-436
109000023,1,0,1
109000024,2,53,-51
109000025,100,72,28
109000026,148,63,85
109000027,10,104,-94
109000028,14,16,-2
109000029,32,37,-5
109000030,9,138,-129
109000031,0,0,0
109000032,19,130,-111
109000033,17,8,9
109000034,12,7,5
109000035,1,10,-9
109000036,27,97,-70
109000037,27,158,-131
109000038,229,73,156
109000039,95,89,6
109000040,814,271,543
109000041,2014,229,1785
109000042,193,171,22
109000044,25,38,-13
109000045,21,170,-149
109000046,5,10,-5
109000047,35,213,-178
109000048,98,76,22
109000049,62,253,-191
109000050,36,96,-60
109000051,76,142,-66
109000052,76,626,-550
109000053,49,46,3
109000054,19,223,-204
109000055,17,17,0
109000056,37,177,-140
109000057,33,29,4
109000058,199,125,74
109000059,37,229,-192
109000060,70,25,45
109000061,387,91,296
109000062,18,8,10
109000063,26,75,-49
109000064,17,11,6
109000065,4,150,-146
109000066,24,15,9
109000067,4,124,-120
109000068,13,0,13
109000069,4,1,3
109000070,0,274,-274
109000071,91,18,73
109000072,23,141,-118
109000073,12,26,-14
109000074,12,79,-67
109000075,9,158,-149
109000076,16,45,-29
109000077,93,133,-40
109000078,6,34,-28
109000079,14,103,-89
109000080,14,62,-48
109000081,7,225,-218
109000082,47,114,-67
109000083,17,299,-282
109000088,13,143,-130
109000089,27,8,19
109000090,89,225,-136
109000091,57,15,42
109000092,65,300,-235
109000093,39,13,26
109000094,28,1,27
109000095,15,276,-261
109000096,79,5,74
109000097,14,40,-26
109000098,2,5,-3
109000099,57,70,-13
109000100,15,168,-153
109000101,90,211,-121
109000102,24,307,-283
109000103,93,150,-57
109000104,103,158,-55
109000105,49,557,-508
109000106,152,153,-1
109000107,64,655,-591
109000108,67,108,-41
109000109,83,668,-585
109000110,91,98,-7
109000111,160,735,-575
109000112,56,37,19
109000113,42,57,-15
109000114,24,90,-66
109000115,210,23,187
109000116,7,129,-122
109000117,10,23,-13
109000118,0,115,-115
109000119,49,101,-52
109000120,11,518,-507
109000121,32,35,-3
109000122,8,516,-508
109000123,12,104,-92
109000124,44,123,-79
109000125,58,112,-54
109000126,62,312,-250
109000127,81,76,5
109000128,48,936,-888
109000129,123,46,77
109000130,194,1233,-1039
109000131,147,83,64
109000132,176,836,-660
109000133,55,334,-279
109000134,109,497,-388
109000135,178,394,-216
109000136,34,136,-102
109000137,20,43,-23
109000138,69,155,-86
109000139,43,111,-68
109000140,28,268,-240
109000141,45,171,-126
109000142,20,138,-118
109000143,15,14,1
109000145,25,22,3
109000146,23,19,4
109000148,920,76,844
109000149,6,8,-2
109000150,24,23,1
109000155,39,137,-98
109000156,233,210,23
109000158,2,59,-57
109000159,8,129,-121
109000160,84,97,-13
109000161,30,365,-335
109000162,239,342,-103
109000163,101,346,-245
109000164,187,747,-560
109000165,138,153,-15
109000166,68,41,27
109000167,11,274,-263
109000170,8,7,1
109000171,8,10,-2
109000172,6,19,-13
109000173,32,8,24
109000174,6,33,-27
109000175,5,123,-118
109000176,30,137,-107
109000177,1,20,-19
109000178,36,114,-78
109000179,1841,292,1549
109000180,1125,546,579
109000181,2,7,-5
109000182,5,14,-9
109000183,8,35,-27
109000184,4,5,-1
109000185,5,42,-37
109000188,53,849,-796
109000189,163,281,-118
109000190,78,201,-123
109000191,49,124,-75
109000192,18,58,-40
109000193,27,170,-143
109000194,11,28,-17
109000195,22,117,-95
109000196,17,23,-6
109000197,24,163,-139
109000198,15,17,-2
109000199,17,150,-133
109000206,21,6,15
109000207,16,6,10
109000208,33,13,20
109000209,21,15,6
109000210,41,107,-66
109000211,17,77,-60
109000214,55,526,-471
109000215,4,20,-16
109000216,9,13,-4
109000217,11,12,-1
109000218,14,19,-5
109000221,23,397,-374
109000222,61,3,58
109000223,82,31,51
109000224,16,101,-85
109000225,8,10,-2
109000226,12,115,-103
109000227,90,485,-395
109000228,0,105,-105
109000231,1,189,-188
109000232,18,173,-155
109000236,34,281,-247
109000241,171,560,-389
109000242,133,257,-124
109000293,20,29,-9
109000361,30,46,-16
109000364,23,151,-128
109000396,4,465,-461
109000397,42,0,42
109000399,34,200,-166
109000400,16,207,-191
109000403,4,35,-31
109000406,0,1,-1
109000407,27,33,-6
109000408,2,159,-157
109000410,102,51,51
109000411,7,6,1
109000412,0,41,-41
109900001,4,0,4
109900002,82,0,82
109900003,3,0,3
109900005,2,1,1
109900006,14,89,-75
109900007,28,367,-339
109900008,0,3,-3
109900009,26,343,-317
109900010,40,0,40
109900011,10,2,8
109900012,5,18,-13
109900013,30,16,14
109900014,18,13,5
109900015,7,27,-20
109900016,10,24,-14
109900017,2,12,-10
109900018,4,92,-88
109900019,11,43,-32
109900020,3,1,2
109900021,7,0,7
109900022,11,105,-94
109900023,3,0,3
109900024,1,0,1
109900025,3,6,-3
109900027,1,0,1
109900028,926,55,871
109900029,1,182,-181
109900030,1,0,1
109900031,0,4,-4
109900032,0,99,-99
109900033,1,119,-118
109900034,0,0,0
109900035,0,5,-5
109900036,1,15,-14
109900037,1,203,-202
109900038,6,67,-61
109900039,0,0,0
109900040,13,213,-200
109900041,12,154,-142
109900042,3,134,-131
109900044,14,97,-83
109900045,2,6,-4
109900046,13,19,-6
109900047,56,64,-8
109900048,0,19,-19
109900049,1,2,-1
109900050,0,90,-90
109900051,0,7,-7
109900052,5,48,-43
109900053,1,181,-180
109900054,42,16,26
109900055,1,67,-66
109900056,1,10,-9
109900057,1,104,-103
109900058,0,63,-63
109900060,27,40,-13
109900061,19,84,-65
109900062,1,108,-107
109900064,15,62,-47
109900065,21,38,-17
109900066,36,321,-285
109900067,2,159,-157
109900068,1,0,1
109900069,0,8,-8
109900071,0,3,-3
109900072,2,27,-25
109900073,9,246,-237
109900074,4,40,-36
109900075,5,1,4
109900076,2,229,-227
109900077,5,12,-7
109900078,6,82,-76
109900080,8,95,-87
109900081,0,25,-25
109900082,4,192,-188
109900083,6,11,-5
109900084,1,39,-38
109900085,10,390,-380
109900086,9,44,-35
109900087,23,50,-27
109900089,26,22,4
109900092,21,0,21
109900093,45,26,19
109900094,7,21,-14
109900095,10,40,-30
109900096,1,0,1
109900097,2,0,2
109900098,21,0,21
109900099,7,0,7
109900100,0,0,0
109900101,26,0,26
109900102,39,8,31
109900103,1,9,-8
109900104,40,408,-368
109900105,58,8,50
109900106,5,28,-23
109900107,18,12,6
109900108,18,237,-219
109900109,16,135,-119
109900111,14,362,-348
109900114,88,30,58
109900115,16,16,0
109900117,37,23,14
109900121,66,20,46
109900123,0,90,-90
109900125,0,66,-66
109900126,3,65,-62
109900130,3398,130,3268
109900131,13,37,-24
109900132,14,55,-41
109900134,8,2,6
109900135,75,10,65
109900137,32,138,-106
109900140,25,143,-118
109900149,6,9,-3
109900150,1,14,-13
109900151,0,5,-5
109900152,0,4,-4
109900153,0,9,-9
109900154,0,0,0
109900155,3,1,2
109900157,6,48,-42
109900159,12,7,5
109900161,8,14,-6
109900162,13,15,-2
109900163,167,43,124
109900164,11,117,-106
109900165,11,2,9
109900166,1,32,-31
109900167,11,167,-156
109900168,17,156,-139
109900169,8,33,-25
109900170,49,48,1
109900171,24,26,-2
109900172,15,35,-20
109900173,900,86,814
109900174,17,33,-16
109900175,12,17,-5
109900176,32,47,-15
109900177,1,98,-97
109900178,0,41,-41
109900179,0,6,-6
109900180,6,0,6
110000001,139,245,-106
110000002,91,103,-12
110000003,259,215,44
110000004,196,97,99
110000005,361,243,118
110000006,155,113,42
110000007,19,30,-11
110000008,1,6,-5
110000009,2,9,-7
110000010,3,16,-13
110000011,5,25,-20
110000012,212,144,68
110000013,8,65,-57
110000014,249,135,114
110000015,130,106,24
110000016,63,177,-114
110000017,994,81,913
110000018,1174,111,1063
110000019,1,63,-62
110000020,125,36,89
110000021,75,88,-13
110000022,56,13,43
110000023,2,58,-56
110000024,153,108,45
110000025,16,1,15
110000026,1,176,-175
110000027,180,56,124
110000028,186,175,11
110000029,92,321,-229
110000030,33,83,-50
110000031,33,170,-137
110000032,126,103,23
110000033,22,18,4
110000034,73,225,-152
110000035,73,333,-260
110000036,55,146,-91
110000037,15,238,-223
110000038,50,124,-74
110000039,76,192,-116
110000040,66,124,-58
110000041,17,59,-42
110000042,40,119,-79
110000043,23,14,9
110000044,4,23,-19
110000045,10,3,7
110000046,1,1,0
110000047,0,0,0
110000048,0,3,-3
110000049,1,0,1
110000050,1,3,-2
110000051,3,0,3
110000052,5,13,-8
110000053,0,0,0
110000054,12,38,-26
110000055,5,1,4
110000056,4,8,-4
110000057,54,309,-255
110000058,104,166,-62
110000059,169,202,-33
110000060,75,106,-31
110000061,245,289,-44
110000062,121,117,4
110000063,1,17,-16
110000064,13,30,-17
110000065,0,13,-13
110000066,7,6,1
110000067,6,68,-62
110000068,25,187,-162
110000069,14,16,-2
110000071,4,38,-34
110000073,0,7,-7
110000075,3,24,-21
110000076,41,42,-1
110000077,90,60,30
110000078,1,8,-7
110000080,66,131,-65
110000081,3,54,-51
110000082,7,46,-39
110000083,39,193,-154
110000084,115,65,50
110000085,840,380,460
110000086,216,166,50
110000087,0,19,-19
110000088,3,104,-101
110000089,24,45,-21
110000090,16,141,-125
110000091,587,95,492
110000092,2,49,-47
110000093,32,1,31
110000094,120,72,48
110000095,17,83,-66
110000096,1367,521,846
110000097,226,172,54
110000098,198,82,116
110000099,238,407,-169
110000100,25,247,-222
110000101,2,157,-155
110000102,11,6,5
110000104,16,7,9
110000105,7,74,-67
110000106,53,34,19
110000107,83,121,-38
110000108,15,4,11
110000109,89,123,-34
110000110,880,252,628
110000111,2223,377,1846
110000112,254,69,185
110000113,121,107,14
110000114,24,64,-40
110000115,30,114,-84
110000116,13,15,-2
110000117,30,222,-192
110000118,61,92,-31
110000119,29,166,-137
110000120,70,46,24
110000121,24,71,-47
110000122,54,89,-35
110000123,77,73,4
110000124,0,235,-235
110000125,155,1,154
110000126,42,1,41
110000127,93,4,89
110000128,3,435,-432
110000129,1,249,-248
110000130,21,18,3
110000131,12,196,-184
110000132,1,180,-179
110000133,15,70,-55
110000134,11,70,-59
110000135,32,5,27
110000136,10,112,-102
110000137,47,193,-146
110000138,72,297,-225
110000139,93,375,-282
110000140,155,59,96
110000143,107,52,55
110000144,512,214,298
110000145,195,134,61
110000146,283,109,174
110000147,39,173,-134
110000148,38,47,-9
110000151,158,104,54
110000152,154,60,94
110000153,3,28,-25
110000154,3,2,1
110000155,270,342,-72
110000156,136,226,-90
110000157,336,432,-96
110000160,70,163,-93
110000161,34,137,-103
110000166,16,27,-11
110000167,77,112,-35
110000168,115,46,69
110000169,39,48,-9
110000170,10,23,-13
110000171,86,61,25
110000172,41,275,-234
110000173,332,330,2
110000174,10,512,-502
110000175,19,29,-10
110000176,7,33,-26
110000177,17,139,-122
110000178,162,158,4
110000179,360,85,275
110000180,18,77,-59
110000181,55,129,-74
110000182,83,68,15
110000183,2494,805,1689
110000184,83,390,-307
110000185,111,129,-18
110000186,128,122,6
110000191,47,163,-116
110000192,16,0,16
110000193,59,0,59
110000194,0,350,-350
110000195,31,119,-88
110000196,25,165,-140
110000197,10,55,-45
110000198,11,21,-10
110000199,10,29,-19
110000200,344,214,130
110000201,83,98,-15
110000202,136,105,31
110000203,111,251,-140
110000204,2,161,-159
110000205,17,18,-1
110000206,94,548,-454
110000207,55,68,-13
110000208,14,30,-16
110000209,14,267,-253
110000210,0,0,0
110000211,0,0,0
110000212,50,220,-170
110000213,9,10,-1
110000214,23,26,-3
110000215,8,275,-267
110000216,8,194,-186
110000217,27,60,-33
110000218,16,131,-115
110000219,27,2,25
110000220,9,174,-165
110000221,37,10,27
110000222,2,112,-110
110000223,1,5,-4
110000224,12,1,11
110000225,12,120,-108
110000226,5,4,1
110000227,60,66,-6
110000228,23,4,19
110000229,0,77,-77
110000230,63,292,-229
110000231,24,53,-29
110000232,13,49,-36
110000233,16,53,-37
110000234,103,70,33
110000235,226,152,74
110000236,72,375,-303
110000237,225,265,-40
110000238,118,270,-152
110000239,232,385,-153
110000240,0,24,-24
110000242,0,19,-19
110000243,10,94,-84
110000244,30,114,-84
110000245,5,139,-134
110000246,84,221,-137
110000247,289,907,-618
110000248,368,348,20
110000249,13,1,12
110000250,0,60,-60
110000251,13,140,-127
110000252,17,123,-106
110000253,151,130,21
110000254,136,463,-327
110000255,43,422,-379
110000256,52,46,6
110000257,50,125,-75
110000258,0,125,-125
110000259,21,1,20
110000260,11,189,-178
110000263,83,42,41
110000264,19,244,-225
110000265,288,260,28
110000266,241,311,-70
110000267,2,40,-38
110000268,18,94,-76
110000269,0,19,-19
110000270,7,0,7
110000271,342,27,315
110000272,132,263,-131
110000273,217,312,-95
110000274,25,175,-150
110000275,941,98,843
110000276,25,47,-22
110000277,14,89,-75
110000278,60,283,-223
110000279,41,127,-86
110000280,18,100,-82
110000281,3,31,-28
110000282,16,11,5
110000283,6,11,-5
110000284,3,6,-3
110000285,0,30,-30
110000286,0,0,0
110000287,4,0,4
110000288,0,16,-16
110000289,74,258,-184
110000290,341,149,192
110000291,1843,300,1543
110000292,250,419,-169
110000293,75,341,-266
110000294,138,195,-57
110000295,11,232,-221
110000296,30,109,-79
110000297,360,103,257
110000298,102,180,-78
110000299,93,4,89
110000301,27,2,25
110000302,73,493,-420
110000303,31,0,31
110000304,20,104,-84
110000305,46,2,44
110000306,13,754,-741
110000307,112,1,111
110000308,19,1,18
110000309,0,555,-555
110000310,59,21,38
110000311,5,369,-364
110000312,111,7,104
110000313,307,514,-207
110000314,0,70,-70
110000315,583,434,149
110000316,150,358,-208
110000317,79,95,-16
110000318,0,19,-19
110000319,0,3,-3
110000320,6,29,-23
110000321,0,2,-2
110000322,39,209,-170
110000323,29,121,-92
110000324,1884,358,1526
110000325,128,305,-177
110000327,22,33,-11
110000328,44,245,-201
110000333,50,63,-13
110000334,61,493,-432
110000335,142,84,58
110000336,44,522,-478
110000337,61,98,-37
110000338,25,71,-46
110000339,31,50,-19
110000340,0,76,-76
110000341,28,231,-203
110000342,5,0,5
110000343,0,8,-8
110000344,5,48,-43
110000345,7,18,-11
110000346,576,236,340
110000347,258,144,114
110000348,4,5,-1
110000349,1,4,-3
110000350,2,0,2
110000351,61,230,-169
110000352,53,430,-377
110000353,712,144,568
110000354,170,438,-268
110000355,6,20,-14
110000356,0,0,0
110000357,56,4,52
110000361,0,25,-25
110000362,3,6,-3
110000363,45,18,27
110000364,18,104,-86
110000365,20,0,20
110000366,0,35,-35
110000367,54,56,-2
110000368,0,24,-24
110000369,2,0,2
110000373,3,87,-84
110000374,5,1,4
110000375,14,186,-172
110000376,10,54,-44
110000377,0,0,0
110000378,17,123,-106
110000379,925,299,626
110000380,10,3,7
110000383,1,125,-124
110000384,131,22,109
110000385,0,59,-59
110000387,0,9,-9
110000388,3,113,-110
110000389,41,4,37
110000391,2,110,-108
110000396,10,43,-33
110000397,4,39,-35
110000398,1,4,-3
110000399,15,12,3
110000587,20,15,5
110000589,18,59,-41
110000640,38,33,5
110000652,3,12,-9
110000653,23,165,-142
110000654,0,8,-8
110000656,0,170,-170
110000674,2,2,0
110000675,0,1,-1
110000676,0,9,-9
110000679,133,66,67
110000682,6,4,2
110000683,91,88,3
110000684,0,17,-17
110000685,0,0,0
110000686,1,4,-3
110000687,1,0,1
110000688,8,37,-29
110000689,9,6,3
110000692,23,67,-44
110000693,13,48,-35
110000694,0,101,-101
110000695,22,270,-248
110000696,54,42,12
110000698,18,74,-56
110000699,41,131,-90
110900001,4,1,3
110900002,2,43,-41
110900003,17,287,-270
110900004,40,91,-51
110900005,1252,94,1158
110900006,0,0,0
110900007,3,0,3
110900008,1,33,-32
110900009,26,7,19
110900010,0,29,-29
110900011,6,20,-14
110900012,1,56,-55
110900013,78,33,45
110900014,7,1,6
110900015,177,30,147
110900016,0,96,-96
110900017,6,4,2
110900018,21,3,18
110900019,6,3,3
110900020,0,231,-231
110900021,6,136,-130
110900022,10,95,-85
110900023,7,172,-165
110900024,2,177,-175
110900025,0,10,-10
110900027,2,71,-69
110900028,18,56,-38
110900029,15,106,-91
110900030,9,109,-100
110900031,1,43,-42
110900032,1,34,-33
110900033,9,89,-80
110900035,12,131,-119
110900036,22,3,19
110900037,7,5,2
110900038,346,32,314
110900039,1,54,-53
110900040,19,6,13
110900041,0,64,-64
110900042,12,11,1
110900043,0,87,-87
110900044,53,3,50
110900045,7,155,-148
110900046,43,88,-45
110900047,138,4,134
110900049,1,4,-3
110900050,4,0,4
110900052,4,98,-94
110900053,5,9,-4
110900054,6,94,-88
110900055,3,0,3
110900056,10,39,-29
110900057,3,128,-125
110900058,7,114,-107
110900059,75,268,-193
110900060,12,9,3
110900061,5,10,-5
110900062,2,130,-128
110900063,5,21,-16
110900064,1,0,1
110900065,34,22,12
110900066,0,5,-5
110900067,233,93,140
110900068,75,77,-2
110900069,0,6,-6
110900070,46,22,24
110900071,55,17,38
110900073,0,6,-6
110900074,24,19,5
110900075,13,20,-7
110900077,10,89,-79
110900078,0,57,-57
110900079,531,63,468
110900080,4,8,-4
110900081,1,50,-49
110900082,1,67,-66
110900083,9,4,5
110900084,3,84,-81
110900085,18,110,-92
110900086,4,10,-6
110900087,38,18,20
110900088,1,0,1
110900090,2,2,0
110900091,1,25,-24
110900093,19,9,10
110900095,3,8,-5
110900097,7,3,4
110900098,1,29,-28
110900099,1,157,-156
110900100,0,11,-11
110900102,5,5,0
110900105,203,70,133
110900108,0,28,-28
110900111,29,8,21
110900112,44,0,44
110900113,123,0,123
110900115,1,23,-22
110900116,31,894,-863
110900118,33,71,-38
110900119,1548,47,1501
110900120,0,59,-59
110900121,3,0,3
110900122,19,38,-19
110900125,24,32,-8
110900127,125,74,51
110900128,93,96,-3
110900129,18,27,-9
110900130,238,45,193
110900131,2,14,-12
110900132,11,1,10
110900133,8,94,-86
110900135,14,117,-103
110900136,12,2,10
110900138,0,0,0
110900139,0,0,0
110900140,0,0,0
110900141,29,27,2
110900142,1,59,-58
110900143,10,7,3
110900144,1,191,-190
110900145,8,1,7
110900146,59,4,55
110900147,39,44,-5
110900148,0,67,-67
110900149,1,26,-25
110900150,6,0,6
110900151,0,19,-19
110900152,6,124,-118
110900153,6,0,6
111000001,155,174,-19
111000002,314,305,9
111000003,84,80,4
111000004,208,493,-285
111000005,129,133,-4
111000006,219,550,-331
111000007,636,286,350
111000008,1170,601,569
111000009,105,380,-275
111000010,103,69,34
111000011,298,323,-25
111000012,190,82,108
111000013,110,398,-288
111000014,260,138,122
111000017,19,117,-98
111000018,34,129,-95
111000020,727,526,201
111000021,30,10,20
111000023,19,13,6
111000025,2041,413,1628
111000029,20,30,-10
111000030,7,19,-12
111000031,409,98,311
111000032,134,41,93
111000033,42,22,20
111000034,91,63,28
111000037,838,347,491
111000038,539,567,-28
111000039,247,580,-333
111000040,255,756,-501
111000041,249,339,-90
111000042,2083,617,1466
111000043,176,122,54
111000044,60,20,40
111000045,190,228,-38
111000046,126,219,-93
111000047,209,345,-136
111000049,62,155,-93
111000050,540,572,-32
111000051,72,412,-340
111000052,161,402,-241
111000053,71,254,-183
111000054,86,389,-303
111000055,281,753,-472
111000056,26,271,-245
111000057,18,323,-305
111000058,6,34,-28
111000059,24,47,-23
111000060,112,72,40
111000061,56,96,-40
111000062,28,69,-41
111000063,147,186,-39
111000064,83,123,-40
111000065,97,109,-12
111000066,32,62,-30
111000067,50,219,-169
111000068,51,140,-89
111000069,399,476,-77
111000070,865,421,444
111000071,78,237,-159
111000072,33,12,21
111000073,0,29,-29
111000074,91,94,-3
111000075,47,79,-32
111000076,19,93,-74
111000077,165,182,-17
111000078,376,332,44
111000079,178,151,27
111000080,70,140,-70
111000081,744,521,223
111000082,87,181,-94
111000084,96,130,-34
111000085,157,338,-181
111000086,593,313,280
111000087,159,197,-38
111000088,1093,299,794
111000089,98,242,-144
111000090,290,274,16
111000091,101,269,-168
111000092,130,405,-275
111000093,68,230,-162
111000094,213,289,-76
111000095,75,391,-316
111000096,594,1341,-747
111000097,2113,363,1750
111000098,56,501,-445
111000099,77,1060,-983
111000100,55,869,-814
111000101,83,261,-178
111000102,21,319,-298
111000104,30,34,-4
111000107,12,257,-245
111000109,31,18,13
111000110,111,109,2
111000111,164,74,90
111000112,182,30,152
111000113,107,81,26
111000114,255,136,119
111000115,1630,199,1431
111000116,253,190,63
111000117,125,199,-74
111000118,275,246,29
111000119,176,387,-211
111000120,61,120,-59
111000121,45,89,-44
111000122,65,322,-257
111000123,146,1257,-1111
111000124,73,1286,-1213
111000125,36,812,-776
111000126,26,391,-365
111000127,28,5,23
111000128,38,15,23
111000129,97,14,83
111000130,122,144,-22
111000131,83,70,13
111000132,41,20,21
111000133,26,19,7
111000134,26,22,4
111000135,5,17,-12
111000136,18,36,-18
111000138,4,0,4
111000140,0,1,-1
111000141,11,70,-59
111000142,3,67,-64
111000143,1,32,-31
111000144,0,39,-39
111000145,0,0,0
111000146,0,0,0
111000147,0,0,0
111000148,7,16,-9
111000149,2,15,-13
111000150,2,4,-2
111000151,2,8,-6
111000153,75,86,-11
111000154,110,67,43
111000155,21,39,-18
111000156,31,15,16
111000157,13,23,-10
111000158,84,66,18
111000159,429,87,342
111000160,45,85,-40
111000161,1,45,-44
111000162,1,56,-55
111000163,61,223,-162
111000164,274,454,-180
111000165,292,116,176
111000166,156,81,75
111000167,38,165,-127
111000168,60,97,-37
111000169,12,104,-92
111000170,76,59,17
111000171,127,286,-159
111000172,37,214,-177
111000173,95,401,-306
111000174,25,192,-167
111000175,6,114,-108
111000176,17,96,-79
111000177,20,105,-85
111000178,90,105,-15
111000179,14,48,-34
111000180,40,103,-63
111000181,68,89,-21
111000182,16,46,-30
111000183,29,47,-18
111000184,28,25,3
111000185,56,184,-128
111000186,22,135,-113
111000187,15,138,-123
111000188,29,136,-107
111000189,504,158,346
111000190,30,235,-205
111000191,9,148,-139
111000192,48,245,-197
111000193,149,171,-22
111000194,7,175,-168
111000195,7,149,-142
111000196,1,104,-103
111000197,17,33,-16
111000198,24,12,12
111000199,13,19,-6
111000200,14,29,-15
111000201,53,52,1
111000202,45,38,7
111000203,48,46,2
111000204,62,66,-4
111000213,23,87,-64
111000214,222,462,-240
111000215,166,448,-282
111000217,154,203,-49
111000218,86,212,-126
111000219,98,97,1
111000220,648,133,515
111000221,117,16,101
111000224,87,175,-88
111000225,36,53,-17
111000226,7,1,6
111000227,0,0,0
111000228,1,53,-52
111000229,12,72,-60
111000230,21,67,-46
111000231,38,345,-307
111000232,36,284,-248
111000233,50,234,-184
111000234,12,52,-40
111000239,31,77,-46
111000240,5,8,-3
111000241,5,164,-159
111000242,0,4,-4
111000243,5,442,-437
111000244,5,4,1
111000245,84,120,-36
111000246,17,181,-164
111000247,30,384,-354
111000248,39,57,-18
111000249,71,299,-228
111000250,14,42,-28
111000251,1,63,-62
111000253,0,0,0
111000255,0,0,0
111000257,0,0,0
111000260,16,429,-413
111000261,97,8,89
111000271,13,108,-95
111000273,1951,290,1661
111000274,243,374,-131
111000275,16,6,10
111000276,45,794,-749
111000277,61,131,-70
111000278,31,44,-13
111000291,92,335,-243
111000298,100,114,-14
111000299,37,3,34
111000300,9,188,-179
111000302,16,22,-6
111000303,19,69,-50
111000312,26,27,-1
111000315,18,105,-87
111000320,51,150,-99
111000321,31,11,20
111000322,14,135,-121
111000323,18,0,18
111000324,50,57,-7
111000325,2,13,-11
111000326,13,79,-66
111000327,67,151,-84
111000328,44,108,-64
111000329,1,8,-7
111000330,3,4,-1
111000331,3,0,3
111000332,73,284,-211
111000334,68,706,-638
111000335,51,23,28
111000337,63,145,-82
111000338,3,54,-51
111000339,21,218,-197
111000340,27,315,-288
111000341,200,23,177
111000342,12,85,-73
111000344,179,179,0
111000345,8,3,5
111000346,1,28,-27
111000347,10,1,9
111000350,40,9,31
111000351,20,45,-25
111000352,22,23,-1
111000353,9,68,-59
111000354,45,23,22
111000355,29,183,-154
111000358,14,579,-565
111000360,3,361,-358
111000361,10,178,-168
111000546,33,277,-244
111000547,17,187,-170
111000548,25,39,-14
111000549,29,159,-130
111000550,29,52,-23
111000551,108,20,88
111000552,43,6,37
111000907,28,11,17
111000908,0,0,0
111000916,130,69,61
111000917,7,119,-112
111000918,15,315,-300
111000920,37,2,35
111000921,1,240,-239
111000922,46,128,-82
111000924,4,416,-412
111000925,299,388,-89
111000926,229,1064,-835
111000927,648,593,55
111000928,2314,1107,1207
111000929,146,203,-57
111000930,135,695,-560
111000931,217,260,-43
111000932,924,686,238
111000933,575,271,304
111000934,605,714,-109
111000935,168,228,-60
111000936,159,719,-560
111000937,239,226,13
111000938,425,803,-378
111000939,31,0,31
111000940,47,86,-39
111000941,13,130,-117
111000943,34,67,-33
111000944,24,204,-180
111000945,3,757,-754
111001109,22,6,16
111001110,68,249,-181
111001111,1,1,0
111001112,17,1,16
111001113,22,57,-35
111001114,88,9,79
111001115,23,68,-45
111001116,988,124,864
111001117,265,149,116
111001120,23,111,-88
111001121,17,103,-86
111001122,117,374,-257
111001123,9,22,-13
111001124,20,212,-192
111001125,0,6,-6
111001126,0,0,0
111001127,0,7,-7
111001128,82,190,-108
111001129,0,12,-12
111900001,0,62,-62
111900002,0,174,-174
111900003,0,103,-103
111900004,4,44,-40
111900006,1,0,1
111900007,2,0,2
111900008,3,0,3
111900009,3,0,3
111900010,25,159,-134
111900012,47,16,31
111900013,3,7,-4
111900014,2481,241,2240
111900015,0,11,-11
111900016,0,68,-68
111900017,0,47,-47
111900018,15,1,14
111900019,1,47,-46
111900020,0,11,-11
111900021,15,18,-3
111900022,3,13,-10
111900023,52,17,35
111900024,8,94,-86
111900025,0,7,-7
111900026,0,47,-47
111900027,0,40,-40
111900028,1,112,-111
111900029,0,35,-35
111900030,9,87,-78
111900032,0,177,-177
111900033,0,42,-42
111900034,18,111,-93
111900035,2,81,-79
111900036,0,134,-134
111900038,51,109,-58
111900039,4,68,-64
111900040,1,269,-268
111900042,11,11,0
111900043,3,201,-198
111900044,16,75,-59
111900046,30,97,-67
111900048,7,356,-349
111900049,4,120,-116
111900050,18,0,18
111900051,2,91,-89
111900052,74,148,-74
111900053,388,51,337
111900054,2,0,2
111900055,2,325,-323
111900056,14,40,-26
111900057,16,19,-3
111900058,28,303,-275
111900059,441,31,410
111900060,11,0,11
111900061,6,148,-142
111900062,0,8,-8
111900063,8,75,-67
111900064,14,114,-100
111900065,2,3,-1
111900066,4,16,-12
111900067,0,60,-60
111900068,10,6,4
111900069,2,2,0
111900070,6,32,-26
111900071,1,47,-46
111900072,9,1,8
111900073,31,4,27
111900074,0,38,-38
111900075,21,1,20
111900076,13,2,11
111900077,3,1,2
111900078,9,0,9
111900079,1,0,1
111900080,30,6,24
111900082,5,1,4
111900083,1,0,1
111900084,1,0,1
111900085,2,0,2
111900086,5,1,4
111900087,5,0,5
111900088,14,0,14
111900089,3,0,3
111900090,4,3,1
111900091,9,1,8
111900092,2,0,2
111900093,8,0,8
111900094,1,0,1
111900095,22,0,22
111900096,15,1,14
111900097,2,0,2
111900098,0,0,0
111900099,0,0,0
111900100,11,0,11
111900101,4,0,4
111900102,17,275,-258
111900103,3,1,2
111900104,2,18,-16
111900105,13,10,3
111900106,345,13,332
111900110,943,20,923
111900111,0,8,-8
111900112,143,70,73
111900113,84,12,72
111900118,4,2,2
111900119,26,6,20
111900122,2,1,1
111900123,0,1,-1
111900124,9,30,-21
111900125,11,1,10
111900126,7,0,7
111900127,0,219,-219
111900128,1,114,-113
111900129,7,2,5
111900130,1,0,1
111900131,10,0,10
111900132,3,388,-385
111900133,0,63,-63
111900134,1,153,-152
111900135,0,2,-2
111900136,0,5,-5
111900137,15,4,11
111900138,3,22,-19
111900139,2,57,-55
111900140,2,5,-3
111900141,3,4,-1
111900142,21,13,8
111900143,0,52,-52
111900144,2,78,-76
111900145,1,257,-256
111900146,0,163,-163
111900147,34,211,-177
111900148,5,305,-300
111900149,3,184,-181
111900150,3,66,-63
111900151,2,11,-9
111900152,23,9,14
111900153,477,16,461
111900154,0,26,-26
111900155,2,18,-16
111900156,2,3,-1
111900157,2,0,2
111900158,28,1,27
111900159,8,0,8
111900160,11,0,11
111900161,5,0,5
111900162,21,8,13
111900163,4,50,-46
111900164,7,4,3
111901113,10,136,-126
111901114,2,59,-57
111901115,0,0,0
111901116,1,0,1
111901117,0,0,0
111901118,25,1,24
111901119,319,14,305
111901121,34,93,-59
111901122,1,206,-205
111901123,5,149,-144
111901124,9,0,9
111901125,14,19,-5
111901127,145,18,127
111901128,1,14,-13
111901129,1,31,-30
111901130,1,43,-42
111901131,0,86,-86
111901132,2,1,1
111901133,0,0,0
111901134,8,0,8
111901135,0,0,0
111901138,2,7,-5
111901139,0,11,-11
111901140,1,21,-20
111901141,1,36,-35
111901142,1,29,-28
111901143,2,36,-34
111901144,7,0,7
111901145,11,19,-8
111901146,17,0,17
111901147,532,5,527
111901148,2,5,-3
111901149,0,0,0
111901150,0,0,0
111901151,0,0,0
111901152,0,5,-5
112000001,166,163,3
112000002,293,636,-343
112000003,94,194,-100
112000004,98,430,-332
112000005,242,284,-42
112000006,317,548,-231
112000007,222,233,-11
112000008,385,905,-520
112000009,967,903,64
112000010,473,607,-134
112000011,476,754,-278
112000012,794,285,509
112000013,1414,803,611
112000014,347,112,235
112000015,858,429,429
112000016,494,194,300
112000017,253,227,26
112000024,646,112,534
112000026,1271,1595,-324
112000027,72,79,-7
112000028,483,479,4
112000029,67,92,-25
112000030,90,36,54
112000031,389,354,35
112000032,202,17,185
112000033,616,155,461
112000034,156,0,156
112000035,20,64,-44
112000036,123,82,41
112000037,126,263,-137
112000038,143,188,-45
112000039,7,23,-16
112000040,28,93,-65
112000041,93,153,-60
112000042,215,73,142
112000050,44,107,-63
112000051,57,127,-70
112000054,405,595,-190
112000057,131,66,65
112000058,90,106,-16
112000059,117,81,36
112000061,1474,402,1072
112000062,577,103,474
112000063,303,169,134
112000064,1719,1936,-217
112000065,829,897,-68
112000066,445,162,283
112000067,186,220,-34
112000068,263,155,108
112000069,112,614,-502
112000070,152,108,44
112000071,165,1022,-857
112000072,119,163,-44
112000073,154,523,-369
112000074,95,177,-82
112000075,124,204,-80
112000076,635,810,-175
112000077,103,233,-130
112000078,115,178,-63
112000079,260,361,-101
112000080,57,227,-170
112000081,259,426,-167
112000082,125,88,37
112000083,106,521,-415
112000084,162,61,101
112000085,132,485,-353
112000086,193,243,-50
112000087,27,321,-294
112000088,27,150,-123
112000089,14,74,-60
112000090,42,86,-44
112000091,108,381,-273
112000092,140,134,6
112000093,281,445,-164
112000094,75,172,-97
112000095,135,285,-150
112000096,40,157,-117
112000097,46,77,-31
112000098,102,460,-358
112000099,77,47,30
112000100,91,108,-17
112000101,70,333,-263
112000102,58,108,-50
112000103,49,452,-403
112000105,153,859,-706
112000106,76,102,-26
112000107,8,15,-7
112000108,82,602,-520
112000109,21,12,9
112000110,182,126,56
112000111,275,1786,-1511
112000112,307,72,235
112000113,268,890,-622
112000114,178,154,24
112000115,43,148,-105
112000116,23,322,-299
112000117,77,146,-69
112000118,174,315,-141
112000119,54,425,-371
112000120,19,158,-139
112000121,11,169,-158
112000122,13,18,-5
112000123,30,27,3
112000124,20,11,9
112000125,1,20,-19
112000126,40,219,-179
112000127,453,204,249
112000128,257,130,127
112000129,3,46,-43
112000130,17,11,6
112000131,1,92,-91
112000132,6,105,-99
112000133,21,39,-18
112000134,38,128,-90
112000135,63,157,-94
112000136,110,470,-360
112000137,78,264,-186
112000138,124,485,-361
112000139,89,39,50
112000140,135,384,-249
112000141,84,60,24
112000142,45,324,-279
112000143,117,54,63
112000144,69,617,-548
112000145,247,218,29
112000146,125,892,-767
112000147,160,266,-106
112000148,289,770,-481
112000149,30,159,-129
112000150,23,222,-199
112000151,65,135,-70
112000152,52,68,-16
112000153,46,42,4
112000154,6,16,-10
112000155,33,5,28
112000157,55,54,1
112000158,17,127,-110
112000159,25,83,-58
112000167,33,0,33
112000169,36,97,-61
112000173,54,60,-6
112000175,21,109,-88
112000176,914,479,435
112000177,35,7,28
112000178,9,96,-87
112000179,40,41,-1
112000180,26,54,-28
112000181,185,578,-393
112000182,57,615,-558
112000183,3,24,-21
112000184,35,100,-65
112000185,49,157,-108
112000187,428,507,-79
112000195,5,0,5
112000196,4,0,4
112000197,0,10,-10
112000198,1,133,-132
112000199,84,168,-84
112000202,2,1,1
112000216,23,23,0
112000230,9,0,9
112000231,1,83,-82
112000256,1,9,-8
112000313,38,47,-9
112000314,3,2,1
112000337,12,128,-116
112000352,13,28,-15
112000392,303,218,85
112000398,135,130,5
112000399,194,207,-13
112000400,511,1090,-579
112000401,476,604,-128
112000402,255,342,-87
112000403,157,273,-116
112000404,65,86,-21
112000405,260,393,-133
112000406,820,971,-151
112000407,708,924,-216
112000408,2677,1966,711
112000409,324,1406,-1082
112000410,15,16,-1
112000411,122,0,122
112000412,189,27,162
112000413,2223,208,2015
112000414,7,25,-18
112000415,7,8,-1
112000416,252,288,-36
112000417,32,19,13
112000421,6,30,-24
112000422,43,94,-51
112000424,433,201,232
112000425,20,167,-147
112000426,25,51,-26
112000427,0,0,0
112000428,6,129,-123
112000429,300,553,-253
112000430,317,760,-443
112000431,6,9,-3
112000432,207,910,-703
112000433,105,103,2
112000437,14,114,-100
112900001,5,2,3
112900002,7,354,-347
112900003,1,86,-85
112900004,0,34,-34
112900005,7,66,-59
112900007,0,64,-64
112900008,0,1,-1
112900009,16,6,10
112900010,9,212,-203
112900011,122,48,74
112900012,0,3,-3
112900013,0,35,-35
112900014,1,55,-54
112900015,65,313,-248
112900016,0,19,-19
112900017,8,55,-47
112900018,9,307,-298
112900019,8,14,-6
112900020,85,464,-379
112900021,0,51,-51
112900022,0,9,-9
112900023,1,128,-127
112900024,0,26,-26
112900025,12,25,-13
112900026,3,72,-69
112900027,2,390,-388
112900028,0,18,-18
112900029,0,179,-179
112900030,99,28,71
112900031,2,178,-176
112900032,17,85,-68
112900034,2,8,-6
112900035,3,132,-129
112900036,6,46,-40
112900037,12,17,-5
112900038,0,13,-13
112900039,3,97,-94
112900040,1,84,-83
112900041,99,105,-6
112900042,1,54,-53
112900043,0,2,-2
112900044,97,76,21
112900045,123,55,68
112900046,36,11,25
112900047,6,2,4
112900049,0,7,-7
112900050,13,132,-119
112900051,41,160,-119
112900052,0,83,-83
112900053,74,5,69
112900054,88,2,86
112900055,21,2,19
112900056,12,15,-3
112900057,0,60,-60
112900058,47,16,31
112900059,6,43,-37
112900060,4,12,-8
112900061,5,40,-35
112900062,8,28,-20
112900063,8,1,7
112900064,10,9,1
112900065,0,0,0
112900066,6,7,-1
112900067,27,7,20
112900068,0,4,-4
112900069,616,31,585
112900071,0,0,0
112900072,0,1,-1
112900073,25,5,20
112900074,1,10,-9
112900075,485,49,436
112900076,3,0,3
112900078,10,30,-20
112900079,8,5,3
112900080,0,0,0
112900081,0,0,0
112900082,23,4,19
112900083,0,1,-1
112900084,34,1,33
112900086,0,0,0
112900087,0,0,0
112900088,2,0,2
112900089,30,0,30
112900090,1,0,1
112900091,3,0,3
112900092,20,11,9
112900093,57,4,53
112900095,0,0,0
112900096,28,9,19
112900097,1,101,-100
112900098,0,0,0
112900099,46,2,44
112900100,2,0,2
112900101,3,0,3
112900102,2,0,2
112900103,22,0,22
112900104,30,0,30
112900105,0,0,0
112900106,11,3,8
112900107,0,0,0
112900108,0,0,0
112900109,0,0,0
112900110,25,2,23
112900111,29,0,29
112900112,9,0,9
112900113,0,1,-1
112900114,0,0,0
112900115,39,0,39
112900116,1,1,0
112900117,27,22,5
112900118,0,4,-4
112900119,3,0,3
112900120,152,35,117
112900121,55,44,11
112900122,1,14,-13
112900123,23,0,23
112900124,0,15,-15
112900125,4,31,-27
112900126,22,68,-46
112900127,17,0,17
112900128,82,223,-141
112900129,0,222,-222
112900130,33,5,28
112900131,5,153,-148
112900132,9,207,-198
112900133,4,330,-326
112900134,0,84,-84
112900135,14,1,13
112900137,1,257,-256
112900138,0,146,-146
112900139,41,315,-274
112900141,25,4,21
112900142,1,11,-10
112900143,10,150,-140
112900144,2,480,-478
112900145,13,167,-154
112900146,1,399,-398
112900147,2,864,-862
112900148,1,0,1
112900149,7,88,-81
112900151,7,4,3
112900152,1721,171,1550
112900153,157,76,81
112900154,0,13,-13
112900155,2,1,1
112900156,14,517,-503
112900157,4,49,-45
112900158,0,0,0
112900159,8,6,2
112900160,1,54,-53
112900161,6,3,3
112900162,8,3,5
112900163,8,2,6
112900164,3,11,-8
112900165,6,2,4
112900166,14,5,9
112900167,6,6,0
112900168,0,1,-1
112900169,7,0,7
112900170,2,17,-15
112900172,25,1,24
112900173,22,27,-5
112900174,18,0,18
112900175,22,6,16
112900176,0,0,0
112900177,19,1,18
112900178,46,96,-50
112900179,4,202,-198
112900180,62,730,-668
112900181,33,11,22
112900182,11,439,-428
112900183,24,23,1
112900184,66,85,-19
112900185,19,47,-28
112900186,282,75,207
112900187,2,31,-29
112900188,237,56,181
112900189,0,0,0
112900190,0,3,-3
112900192,36,31,5
112900193,100,27,73
112900194,0,9,-9
112900195,32,10,22
112900196,83,211,-128
112900197,18,97,-79
112900199,18,138,-120
112900200,20,32,-12
112900201,8,13,-5
112900202,13,202,-189
112900203,1,48,-47
112900204,74,62,12
112900205,0,0,0
112900206,0,3,-3
112900207,0,0,0
112900208,3,7,-4
112900209,21,92,-71
112900210,0,0,0
112900211,0,0,0
112900212,0,17,-17
112900213,1,2,-1
112900214,0,0,0
112900215,0,19,-19
112900216,1,3,-2
112900217,1,40,-39
112900218,0,0,0
112900219,2,21,-19
112900220,0,0,0
112900221,2,56,-54
112900222,0,4,-4
112900223,57,1,56
112900224,9,224,-215
112900225,29,182,-153
112900226,16,18,-2
112900227,5,286,-281
112900228,0,0,0
112900229,21,26,-5
112900230,1733,307,1426
112900232,16,17,-1
112900233,2,51,-49
112900234,0,6,-6
112900235,1,0,1
112900236,0,1,-1
112900237,1,47,-46
112900238,0,1,-1
112900239,107,58,49
112900240,1,85,-84
112900241,1,81,-80
112900242,0,133,-133
112900243,0,88,-88
112900244,0,120,-120
112900245,0,36,-36
112900246,0,4,-4
112900247,14,5,9
112900248,6,0,6
112900249,10,1,9
112900250,6,7,-1
112900251,5,3,2
112900252,4,9,-5
112900253,0,4,-4
112900254,0,0,0
112900255,0,4,-4
112900256,0,2,-2
112900257,6,6,0
112900258,1,2,-1
113000001,938,896,42
113000002,584,660,-76
113000003,553,298,255
113000004,400,294,106
113000005,229,196,33
113000006,138,191,-53
113000007,288,278,10
113000008,186,239,-53
113000009,143,253,-110
113000010,157,254,-97
113000011,131,344,-213
113000012,111,137,-26
113000013,143,108,35
113000014,275,232,43
113000015,52,41,11
113000016,38,60,-22
113000017,3,85,-82
113000018,20,2,18
113000019,6,116,-110
113000020,3,1,2
113000021,62,191,-129
113000022,75,442,-367
113000025,12,70,-58
113000026,17,78,-61
113000027,76,72,4
113000028,219,91,128
113000029,107,122,-15
113000030,175,112,63
113000031,87,42,45
113000032,35,20,15
113000033,54,44,10
113000034,85,53,32
113000035,3,4,-1
113000036,3,8,-5
113000037,6,8,-2
113000038,5,8,-3
113000039,28,82,-54
113000040,38,47,-9
113000042,103,41,62
113000051,92,297,-205
113000052,632,204,428
113000053,56,177,-121
113000054,32,146,-114
113000055,177,264,-87
113000056,162,574,-412
113000058,157,357,-200
113000059,192,97,95
113000060,17,184,-167
113000061,144,207,-63
113000062,228,30,198
113000063,12,53,-41
113000064,2,68,-66
113000065,31,408,-377
113000066,60,31,29
113000067,151,225,-74
113000068,36,614,-578
113000069,63,426,-363
113000070,134,122,12
113000071,54,146,-92
113000072,72,71,1
113000073,109,366,-257
113000074,205,81,124
113000075,338,112,226
113000076,246,378,-132
113000077,209,84,125
113000078,232,412,-180
113000079,177,184,-7
113000080,122,98,24
113000081,142,143,-1
113000082,180,208,-28
113000083,61,105,-44
113000084,337,287,50
113000085,130,109,21
113000086,139,315,-176
113000087,150,114,36
113000088,399,292,107
113000089,143,220,-77
113000090,22,40,-18
113000091,181,72,109
113000094,62,39,23
113000095,53,345,-292
113000096,28,314,-286
113000097,66,83,-17
113000098,17,7,10
113000099,98,48,50
113000100,21,112,-91
113000101,69,167,-98
113000102,51,28,23
113000103,525,174,351
113000104,101,490,-389
113000105,67,95,-28
113000106,69,159,-90
113000107,131,228,-97
113000108,169,467,-298
113000109,160,403,-243
113000110,290,70,220
113000111,32,107,-75
113000112,63,56,7
113000113,367,61,306
113000114,105,169,-64
113000116,149,61,88
113000117,150,21,129
113000118,9,73,-64
113000119,32,78,-46
113000120,8,58,-50
113000121,67,185,-118
113000124,9,22,-13
113000125,3,65,-62
113000127,1104,139,965
113000128,93,100,-7
113000129,214,326,-112
113000133,1144,119,1025
113000134,1,102,-101
113000135,292,350,-58
113000137,183,156,27
113000139,66,15,51
113000140,53,63,-10
113000141,42,9,33
113000142,143,85,58
113000143,48,28,20
113000144,79,167,-88
113000145,14,21,-7
113000146,24,19,5
113000147,17,20,-3
113000148,13,38,-25
113000149,26,24,2
113000150,49,100,-51
113000151,28,31,-3
113000152,11,36,-25
113000153,334,102,232
113000154,80,181,-101
113000155,55,59,-4
113000156,40,98,-58
113000157,54,170,-116
113000158,129,55,74
113000159,158,123,35
113000160,144,297,-153
113000161,31,172,-141
113000162,127,83,44
113000163,5,11,-6
113000164,16,13,3
113000166,8,6,2
113000167,28,100,-72
113000168,13,72,-59
113000169,6,1,5
113000170,18,2,16
113000171,25,24,1
113000172,34,11,23
113000173,5,3,2
113000174,31,191,-160
113000175,20,7,13
113000176,29,23,6
113000177,24,157,-133
113000178,40,141,-101
113000179,21,9,12
113000180,58,330,-272
113000181,227,346,-119
113000182,41,58,-17
113000183,48,150,-102
113000184,6,22,-16
113000189,114,154,-40
113000190,195,41,154
113000192,706,336,370
113000193,987,299,688
113000194,313,256,57
113000195,373,127,246
113000196,15,19,-4
113000197,173,174,-1
113000198,4,63,-59
113000199,99,114,-15
113000201,33,34,-1
113000202,799,117,682
113000203,25,10,15
113000204,283,295,-12
113000205,3,6,-3
113000206,1,7,-6
113000207,11,4,7
113000208,11,7,4
113000209,2,4,-2
113000210,8,9,-1
113000211,102,52,50
113000212,83,5,78
113000213,0,19,-19
113000214,8,49,-41
113000234,28,434,-406
113000410,10,23,-13
113000411,615,908,-293
113000412,2745,416,2329
113000413,995,430,565
113000414,1897,1464,433
113000415,624,518,106
113000416,1660,723,937
113000417,602,457,145
113000418,672,588,84
113000419,236,301,-65
113000420,599,407,192
113000421,586,645,-59
113000422,4460,1120,3340
113000423,773,639,134
113000424,1282,1255,27
113000425,5,13,-8
113000428,2,0,2
113000430,2,1,1
113000432,170,14,156
113000433,36,278,-242
113000434,6,175,-169
113000435,8,288,-280
113000436,20,460,-440
113000437,18,1,17
113000438,28,1,27
113000439,2,36,-34
113000440,13,15,-2
113000441,29,45,-16
113000442,18,109,-91
113000443,12,62,-50
113000444,16,113,-97
113000445,14,25,-11
113000446,7,26,-19
113000448,65,18,47
113000449,45,46,-1
113000450,99,119,-20
113000451,491,23,468
113000452,33,54,-21
113000453,25,59,-34
113000454,50,7,43
113000455,32,62,-30
113000456,606,251,355
113000468,770,28,742
113000469,28,12,16
113000470,114,15,99
113000471,3,30,-27
113000472,8,33,-25
113000474,58,284,-226
113000475,355,439,-84
113000476,162,465,-303
113000477,419,598,-179
113000478,752,1322,-570
113000479,5,76,-71
113000483,0,0,0
113000484,0,0,0
113000485,0,0,0
113000486,0,0,0
113000487,0,0,0
113000488,0,0,0
113000489,0,0,0
113000490,0,0,0
113000491,0,0,0
113000492,0,0,0
113000493,0,0,0
113000495,79,73,6
113000496,16,35,-19
113900001,0,8,-8
113900002,0,10,-10
113900003,0,8,-8
113900004,0,3,-3
113900005,0,3,-3
113900006,0,3,-3
113900007,1,0,1
113900008,0,0,0
113900009,10,0,10
113900010,0,0,0
113900011,0,0,0
113900012,0,0,0
113900013,6,0,6
113900014,86,0,86
113900015,0,13,-13
113900016,3,0,3
113900017,0,20,-20
113900018,49,10,39
113900019,5,10,-5
113900020,12,1,11
113900022,0,0,0
113900023,0,0,0
113900024,6,9,-3
113900025,50,0,50
113900026,2,0,2
113900027,0,17,-17
113900028,4,86,-82
113900029,29,109,-80
113900030,8,0,8
113900031,0,0,0
113900032,0,0,0
113900033,8,4,4
113900035,5,0,5
113900036,5,24,-19
113900037,2,170,-168
113900038,7,2,5
113900039,6,1,5
113900040,0,0,0
113900041,0,0,0
113900042,6,8,-2
113900043,23,12,11
113900044,36,5,31
113900045,2,0,2
113900046,46,197,-151
113900047,5,17,-12
113900048,94,7,87
113900049,191,16,175
113900050,18,68,-50
113900051,23,88,-65
113900052,27,27,0
113900053,26,10,16
113900054,0,0,0
113900055,18,216,-198
113900056,5,35,-30
113900057,7,30,-23
113900058,5,36,-31
113900059,24,104,-80
113900060,18,34,-16
113900061,101,6,95
113900062,10,0,10
113900063,10,23,-13
113900064,2,51,-49
113900065,48,3,45
113900066,17,109,-92
113900067,3,58,-55
113900068,37,28,9
113900069,6,0,6
113900070,38,182,-144
113900071,2,17,-15
113900072,5,42,-37
113900073,47,74,-27
113900074,3,129,-126
113900075,80,89,-9
113900076,15,0,15
113900077,2,98,-96
113900078,15,13,2
113900079,0,7,-7
113900080,39,26,13
113900081,1,37,-36
113900082,7,32,-25
113900083,7,147,-140
113900084,9,17,-8
113900085,12,142,-130
113900086,3,3,0
113900087,15,59,-44
113900088,4,10,-6
113900089,46,13,33
113900090,71,42,29
113900091,1,4,-3
113900092,3,10,-7
113900093,5,78,-73
113900094,15,80,-65
113900095,16,12,4
113900096,13,1,12
113900097,0,37,-37
113900098,35,14,21
113900099,1,11,-10
113900100,0,0,0
113900101,4,4,0
113900102,5,17,-12
113900103,19,21,-2
113900104,7,22,-15
113900105,2,102,-100
113900106,0,16,-16
113900107,0,2,-2
113900108,38,37,1
113900109,36,11,25
113900110,6,14,-8
113900111,1,10,-9
113900112,5,26,-21
113900113,70,95,-25
113900114,1,11,-10
113900115,0,9,-9
113900116,22,18,4
113900117,4,0,4
113900118,20,22,-2
113900119,33,29,4
113900120,4,4,0
113900121,3,24,-21
113900122,42,181,-139
113900123,54,49,5
113900124,0,5,-5
113900125,318,32,286
113900126,4,0,4
113900127,33,40,-7
113900128,15,19,-4
113900129,2,20,-18
113900130,0,0,0
113900131,11,8,3
113900132,9,5,4
113900133,2,5,-3
113900135,16,160,-144
113900136,11,12,-1
113900137,35,26,9
113900138,1,21,-20
113900139,93,5,88
113900140,41,28,13
113900141,10,134,-124
113900142,1,9,-8
113900143,0,0,0
113900144,43,6,37
113900145,12,39,-27
113900146,2,4,-2
113900148,17,27,-10
113900149,9,2,7
113900150,242,33,209
113900151,12,24,-12
113900152,2,14,-12
113900153,85,20,65
113900154,0,22,-22
113900155,40,6,34
113900156,37,180,-143
113900157,4,54,-50
113900158,53,16,37
113900159,0,23,-23
113900160,90,166,-76
113900161,4,14,-10
113900162,88,35,53
113900163,17,33,-16
113900164,12,7,5
113900165,86,94,-8
113900166,12,11,1
113900167,17,15,2
113900168,9,23,-14
113900169,23,104,-81
113900171,4,2,2
113900172,1,54,-53
113900173,22,176,-154
113900174,53,154,-101
113900175,11,5,6
113900176,31,141,-110
113900177,45,53,-8
113900178,12,7,5
113900179,1,232,-231
113900180,35,29,6
113900181,46,5,41
113900182,51,158,-107
113900183,5,14,-9
113900184,1,159,-158
113900185,25,27,-2
113900186,2,6,-4
113900187,9,47,-38
113900188,6,28,-22
113900189,16,9,7
113900190,46,18,28
113900191,11,20,-9
113900192,723,139,584
113900193,1,85,-84
113900194,569,137,432
113900195,87,101,-14
113900196,1,21,-20
113900197,1,118,-117
113900198,1,19,-18
113900199,58,148,-90
113900200,0,41,-41
113900201,0,84,-84
113900202,4,15,-11
113900203,1,86,-85
113900204,7,169,-162
113900205,2,12,-10
113900206,0,12,-12
113900207,0,4,-4
113900208,0,18,-18
113900209,0,27,-27
113900210,83,23,60
113900211,9,3,6
113900212,12,167,-155
113900214,76,86,-10
113900215,0,27,-27
113900216,3,278,-275
113900217,0,122,-122
113900218,5,2,3
113900219,26,157,-131
113900220,11,8,3
113900221,14,22,-8
113900222,261,67,194
113900223,4,287,-283
113900224,20,9,11
113900225,153,39,114
113900226,49,15,34
113900227,18,20,-2
113900228,69,39,30
113900229,6,83,-77
113900230,742,106,636
113900231,5,31,-26
113900232,5,18,-13
113900233,1,8,-7
113900234,9,39,-30
113900235,6,2,4
113900236,3,68,-65
113900237,12,0,12
113900238,13,72,-59
113900239,3,12,-9
113900240,0,21,-21
113900241,4,10,-6
113900242,9,30,-21
113900243,33,84,-51
113900244,96,35,61
113900245,263,34,229
113900246,0,0,0
113900247,25,45,-20
113900248,676,150,526
113900249,4,1,3
113900250,3,21,-18
113900251,59,62,-3
113900252,27,2,25
113900253,31,2,29
113900254,37,3,34
113900255,19,2,17
113900256,40,4,36
113900257,18,305,-287
113900258,1,193,-192
113900259,25,86,-61
113900260,14,0,14
113900261,1,42,-41
113900262,7,227,-220
113900263,36,115,-79
113900264,2,259,-257
113900265,12,97,-85
113900266,1,65,-64
113900267,13,174,-161
113900268,12,56,-44
113900269,15,39,-24
113900270,29,55,-26
113900271,46,338,-292
113900273,0,0,0
113900274,3,3,0
113900275,0,3,-3
113900276,0,69,-69
113900277,11,0,11
113900278,47,30,17
113900279,24,26,-2
113900280,149,134,15
113900281,42,173,-131
113900282,99,39,60
113900283,43,76,-33
113900284,69,21,48
113900285,19,0,19
113900286,1,38,-37
113900287,3,14,-11
113900288,0,12,-12
113900289,405,12,393
113900290,115,6,109
113900291,26,21,5
113900292,0,0,0
113900293,1,66,-65
113900294,43,4,39
113900295,74,47,27
113900296,462,34,428
113900297,71,2,69
113900298,0,320,-320
113900299,0,18,-18
113900300,917,119,798
113900301,99,44,55
113900302,464,90,374
113900303,99,10,89
113900304,1,43,-42
113900305,2,0,2
113900306,0,0,0
113900307,0,0,0
113900308,18,17,1
113900309,0,254,-254
113900310,0,7,-7
113900311,0,0,0
113900312,6,25,-19
113900313,0,0,0
113900314,0,3,-3
113900315,0,0,0
114000001,270,874,-604
114000002,15,104,-89
114000003,55,604,-549
114000004,54,156,-102
114000005,54,73,-19
114000006,430,578,-148
114000007,83,375,-292
114000008,292,220,72
114000009,30,63,-33
114000011,409,815,-406
114000012,290,770,-480
114000013,162,548,-386
114000014,123,162,-39
114000015,111,137,-26
114000016,55,116,-61
114000017,14,45,-31
114000018,110,18,92
114000026,134,376,-242
114000027,224,496,-272
114000028,260,400,-140
114000038,20,33,-13
114000039,26,109,-83
114000040,31,34,-3
114000042,18,57,-39
114000043,20,82,-62
114000044,40,68,-28
114000045,4,35,-31
114000046,438,1168,-730
114000047,1,25,-24
114000048,10,37,-27
114000049,176,187,-11
114000050,167,134,33
114000051,438,246,192
114000052,755,205,550
114000053,3,77,-74
114000054,8,300,-292
114000055,26,0,26
114000056,148,83,65
114000057,2490,583,1907
114000058,39,62,-23
114000059,21,20,1
114000060,75,161,-86
114000061,513,123,390
114000062,238,76,162
114000063,692,377,315
114000064,1503,481,1022
114000065,313,418,-105
114000066,31,188,-157
114000067,2,22,-20
114000068,76,56,20
114000069,61,85,-24
114000070,384,174,210
114000071,36,212,-176
114000072,18,120,-102
114000073,0,11,-11
114000074,3,4,-1
114000075,0,31,-31
114000076,0,29,-29
114000077,0,3,-3
114000078,17,442,-425
114000079,4,25,-21
114000080,9,13,-4
114000081,0,1,-1
114000082,5,197,-192
114000083,2,61,-59
114000084,5,11,-6
114000085,22,240,-218
114000086,24,181,-157
114000087,4,78,-74
114000088,8,14,-6
114000089,338,70,268
114000090,56,39,17
114000091,140,102,38
114000092,156,55,101
114000093,130,141,-11
114000094,70,71,-1
114000095,8,7,1
114000096,25,178,-153
114000097,23,285,-262
114000098,30,7,23
114000099,24,381,-357
114000100,64,140,-76
114000101,82,415,-333
114000102,26,41,-15
114000103,21,105,-84
114000104,0,60,-60
114000105,9,37,-28
114000106,271,69,202
114000107,22,42,-20
114000108,1005,348,657
114000109,17,49,-32
114000110,76,445,-369
114000111,37,54,-17
114000112,49,743,-694
114000113,104,41,63
114000114,217,545,-328
114000115,94,29,65
114000116,52,91,-39
114000117,92,52,40
114000118,91,56,35
114000119,91,31,60
114000120,114,214,-100
114000121,115,145,-30
114000122,73,75,-2
114000123,53,29,24
114000124,18,30,-12
114000125,135,297,-162
114000126,68,19,49
114000127,9,20,-11
114000128,37,56,-19
114000130,21,15,6
114000131,15,9,6
114000132,147,226,-79
114000133,153,284,-131
114000134,5,45,-40
114000138,20,73,-53
114000139,32,22,10
114000144,48,57,-9
114000145,11,32,-21
114000146,15,54,-39
114000147,122,122,0
114000148,317,45,272
114000149,26,15,11
114000150,272,225,47
114000151,428,216,212
114000152,13,2,11
114000153,296,372,-76
114000154,116,172,-56
114000155,218,280,-62
114000156,74,62,12
114000157,32,162,-130
114000158,588,134,454
114000159,68,127,-59
114000160,8,52,-44
114000161,196,89,107
114000162,142,112,30
114000163,5,51,-46
114000165,61,21,40
114000166,78,13,65
114000167,937,206,731
114000168,199,153,46
114000169,158,67,91
114000170,83,43,40
114000171,43,73,-30
114000174,36,158,-122
114000176,129,80,49
114000177,645,142,503
114000178,0,28,-28
114000179,111,26,85
114000180,65,116,-51
114000181,215,345,-130
114000182,1247,566,681
114000183,218,292,-74
114000184,2528,581,1947
114000185,51,62,-11
114000189,15,5,10
114000190,103,30,73
114000191,7,6,1
114000192,87,500,-413
114000193,261,1079,-818
114000194,297,482,-185
114000195,18,1,17
114000196,3,78,-75
114000197,65,13,52
114000198,288,112,176
114000199,425,231,194
114000200,75,702,-627
114000201,17,340,-323
114000202,285,251,34
114000203,214,618,-404
114000204,22,118,-96
114000205,35,454,-419
114000206,103,415,-312
114000207,151,819,-668
114000208,77,960,-883
114000209,130,1210,-1080
114000210,88,518,-430
114000211,126,356,-230
114000212,148,184,-36
114000213,227,139,88
114000214,7,76,-69
114000215,2,14,-12
114000216,45,9,36
114000217,7,81,-74
114000218,15,99,-84
114000219,61,90,-29
114000220,3,488,-485
114000221,47,22,25
114000222,43,416,-373
114000223,24,13,11
114000224,16,227,-211
114000225,18,155,-137
114000226,4,90,-86
114000227,126,151,-25
114000228,93,248,-155
114000229,106,259,-153
114000230,179,456,-277
114000231,145,465,-320
114000232,43,43,0
114000233,187,21,166
114000234,163,293,-130
114000235,258,772,-514
114000236,0,220,-220
114000237,16,465,-449
114000238,6,46,-40
114000239,27,597,-570
114000240,86,269,-183
114000241,54,317,-263
114000242,276,238,38
114000243,121,178,-57
114000244,39,27,12
114000245,78,321,-243
114000246,51,21,30
114000247,63,143,-80
114000248,66,111,-45
114000249,54,109,-55
114000250,19,100,-81
114000251,3,114,-111
114000252,17,27,-10
114000253,0,31,-31
114000254,4,24,-20
114000255,115,35,80
114000256,153,43,110
114000257,233,687,-454
114000258,25,145,-120
114000259,2,63,-61
114000260,0,7,-7
114000261,6,1,5
114000262,3,80,-77
114000263,0,0,0
114000264,53,194,-141
114000265,0,0,0
114000267,1,383,-382
114000268,1,775,-774
114000270,2,0,2
114000271,70,29,41
114000283,50,113,-63
114000285,10,106,-96
114000288,14,117,-103
114000289,102,38,64
114000293,26,136,-110
114000294,28,33,-5
114000395,75,5,70
114000396,19,37,-18
114000402,35,73,-38
114000403,27,158,-131
114000405,39,253,-214
114000423,16,205,-189
114000424,23,50,-27
114000425,48,217,-169
114000426,10,14,-4
114000427,8,44,-36
114000428,26,11,15
114000429,5,42,-37
114000432,15,48,-33
114000434,9,22,-13
114000435,1,49,-48
114900001,26,454,-428
114900002,73,13,60
114900003,25,701,-676
114900004,19,20,-1
114900005,44,273,-229
114900006,1,8,-7
114900007,8,0,8
114900008,5,11,-6
114900010,595,201,394
114900011,13,11,2
114900013,8,14,-6
114900018,96,8,88
114900020,8,6,2
114900022,0,128,-128
114900025,29,72,-43
114900026,20,4,16
114900029,43,7,36
114900030,28,83,-55
114900031,13,7,6
114900032,16,2,14
114900034,31,84,-53
114900035,8,52,-44
114900036,41,394,-353
114900039,52,288,-236
114900040,6,47,-41
114900041,28,348,-320
114900042,62,346,-284
114900044,1,1,0
114900047,14,227,-213
114900048,4,67,-63
114900049,22,150,-128
114900050,6,214,-208
114900051,6,151,-145
114900052,25,38,-13
114900053,5,57,-52
114900054,12,35,-23
114900057,11,0,11
114900058,0,31,-31
114900059,1,8,-7
114900063,10,78,-68
114900064,122,271,-149
114900065,41,194,-153
114900067,2,81,-79
114900068,17,99,-82
114900069,63,39,24
114900070,41,226,-185
114900072,4,49,-45
114900073,1,73,-72
114900074,17,245,-228
114900075,10,1,9
114900076,0,133,-133
114900080,905,82,823
114900082,919,343,576
114900083,41,141,-100
114900090,31,20,11
114900091,22,11,11
114900097,8,0,8
114900098,0,49,-49
114900099,11,0,11
115000001,2910,1734,1176
115000002,542,421,121
115000003,1056,1356,-300
115000004,341,635,-294
115000005,317,1057,-740
115000006,78,225,-147
115000007,14,34,-20
115000008,80,84,-4
115000009,47,134,-87
115000010,15,16,-1
115000013,14,22,-8
115000015,21,31,-10
115000016,33,31,2
115000019,4,67,-63
115000020,31,27,4
115000021,99,107,-8
115000022,80,112,-32
115000023,9,10,-1
115000024,261,190,71
115000025,23,9,14
115000026,25,126,-101
115000027,0,0,0
115000028,22,182,-160
115000029,0,0,0
115000030,40,220,-180
115000031,0,0,0
115000032,1,91,-90
115000033,5,2,3
115000034,22,203,-181
115000035,22,0,22
115000036,1,120,-119
115000037,4,0,4
115000038,19,29,-10
115000039,413,251,162
115000040,1214,562,652
115000041,219,445,-226
115000042,116,96,20
115000043,456,404,52
115000044,858,1289,-431
115000045,393,1006,-613
115000046,239,479,-240
115000047,280,465,-185
115000048,367,1155,-788
115000049,263,749,-486
115000050,397,323,74
115000051,429,262,167
115000052,985,606,379
115000053,275,250,25
115000054,220,319,-99
115000055,31,189,-158
115000056,7,35,-28
115000057,47,226,-179
115000058,13,20,-7
115000059,7,102,-95
115000061,6,7,-1
115000062,17,98,-81
115000063,9,118,-109
115000064,3,17,-14
115000065,10,61,-51
115000067,0,0,0
115000069,3,92,-89
115000070,5,125,-120
115000071,8,0,8
115000072,29,15,14
115000073,196,8,188
115000075,2,7,-5
115000076,861,928,-67
115000077,262,1330,-1068
115000078,110,616,-506
115000079,145,716,-571
115000080,253,1005,-752
115000081,100,348,-248
115000082,355,703,-348
115000083,261,1166,-905
115000084,97,220,-123
115000085,127,346,-219
115000086,36,197,-161
115000087,88,363,-275
115000088,215,102,113
115000089,469,552,-83
115000090,103,20,83
115000091,104,399,-295
115000092,37,161,-124
115000093,1,0,1
115000094,2103,844,1259
115000095,1814,832,982
115000096,82,732,-650
115000097,74,218,-144
115000098,124,247,-123
115000099,147,931,-784
115000100,47,104,-57
115000101,87,553,-466
115000102,45,54,-9
115000103,117,309,-192
115000105,18,67,-49
115000106,21,58,-37
115000107,28,227,-199
115000108,1089,816,273
115000109,1321,298,1023
115000110,226,154,72
115000111,117,387,-270
115000112,62,80,-18
115000113,135,195,-60
115000114,290,178,112
115000116,457,190,267
115000117,647,238,409
115000118,157,279,-122
115000119,216,227,-11
115000120,99,130,-31
115000121,567,131,436
115000122,569,137,432
115000123,212,170,42
115000124,80,139,-59
115000125,46,154,-108
115000126,16,51,-35
115000127,54,42,12
115000128,269,126,143
115000129,23,38,-15
115000130,38,219,-181
115000131,42,67,-25
115000132,8,130,-122
115000133,28,105,-77
115000134,20,57,-37
115000135,17,87,-70
115000136,14,31,-17
115000137,7,49,-42
115000138,26,30,-4
115000139,68,89,-21
115000140,20,37,-17
115000141,31,97,-66
115000142,26,114,-88
115000143,45,86,-41
115000144,31,19,12
115000145,19,186,-167
115000146,20,45,-25
115000147,39,200,-161
115000148,47,235,-188
115000149,31,45,-14
115000150,90,322,-232
115000151,67,71,-4
115000152,75,526,-451
115000153,49,85,-36
115000154,29,43,-14
115000155,73,366,-293
115000156,91,87,4
115000157,188,146,42
115000158,114,49,65
115000159,98,42,56
115000160,105,27,78
115000161,52,80,-28
115000162,73,77,-4
115000163,166,165,1
115000164,124,169,-45
115000165,55,55,0
115000167,15,12,3
115000168,64,34,30
115000169,71,120,-49
115000170,44,68,-24
115000171,32,25,7
115000172,437,106,331
115000173,27,25,2
115000174,6,9,-3
115000175,18,42,-24
115000176,2,2,0
115000177,6,34,-28
115000178,2,87,-85
115000179,0,1,-1
115000180,4,173,-169
115000181,20,10,10
115000182,31,68,-37
115000183,20,254,-234
115000186,51,52,-1
115000187,20,208,-188
115000188,53,95,-42
115000189,44,110,-66
115000190,35,57,-22
115000191,47,88,-41
115000194,23,30,-7
115000195,23,8,15
115000196,10,19,-9
115000197,7,192,-185
115000198,15,46,-31
115000199,58,118,-60
115000200,18,21,-3
115000201,8,122,-114
115000206,0,0,0
115000207,3,146,-143
115000208,86,93,-7
115000209,37,33,4
115000210,3,29,-26
115000211,18,8,10
115000212,316,69,247
115000224,10,8,2
115000225,18,7,11
115000229,62,19,43
115000230,1,76,-75
115000231,88,877,-789
115000232,91,134,-43
115000233,7,68,-61
115000234,2,45,-43
115000241,6,33,-27
115000242,21,38,-17
115000243,4,65,-61
115000244,0,40,-40
115000246,6,4,2
115000247,7,0,7
115000248,0,1,-1
115000249,0,0,0
115000250,19,11,8
115000251,7,9,-2
115000252,1,20,-19
115000253,2,23,-21
115000258,4,19,-15
115000259,31,13,18
115000261,0,4,-4
115000262,0,4,-4
115000263,0,5,-5
115000264,0,1,-1
115000267,15,3,12
115000268,12,18,-6
115000269,5,12,-7
115000270,0,2,-2
115000272,5,31,-26
115000273,21,1,20
115000280,212,6,206
115000281,198,11,187
115000282,19,7,12
115000284,70,7,63
115000296,28,0,28
115000297,0,0,0
115000298,92,24,68
115000300,5,81,-76
115000302,10,24,-14
115000303,16,32,-16
115000304,22,9,13
115000305,6,388,-382
115000306,6,257,-251
115000307,5,118,-113
115000308,8,0,8
115000310,137,510,-373
115000311,20,261,-241
115000313,43,200,-157
115000314,9,2,7
115000315,239,83,156
115000316,2,7,-5
115000317,31,226,-195
115000318,59,40,19
115000319,14,116,-102
115000320,5,31,-26
115000321,27,1,26
115000322,15,105,-90
115000449,40,25,15
115000557,4,40,-36
115000558,19,15,4
115000587,32,74,-42
115000588,580,1430,-850
115000589,517,483,34
115000590,136,436,-300
115000591,70,58,12
115000592,165,437,-272
115000593,71,42,29
115000594,127,378,-251
115000609,29,44,-15
115000617,146,126,20
115000624,2,19,-17
115000633,31,352,-321
115000634,260,141,119
115000635,16,5,11
115000638,268,88,180
115000641,19,19,0
115000642,26,33,-7
115000643,14,64,-50
115000644,32,81,-49
115000646,112,186,-74
115000647,100,184,-84
115000648,77,394,-317
115000893,163,46,117
115000894,19,380,-361
115000895,87,257,-170
115000896,57,22,35
115000897,13,1,12
115000898,101,11,90
115000899,242,163,79
115000900,6,73,-67
115000901,39,7,32
115000912,11,0,11
115000913,0,10,-10
115000915,4,0,4
115000916,0,0,0
115000917,0,1,-1
115000918,0,0,0
115000919,0,0,0
115000920,2,4,-2
115000921,341,2,339
115000922,43,10,33
115000923,120,225,-105
115000925,9,21,-12
115000927,1,3,-2
115000933,71,33,38
115000934,5,65,-60
115000935,7,23,-16
115000936,0,0,0
115000937,297,10,287
115000938,60,25,35
115000939,17,22,-5
115000940,0,0,0
115000941,0,0,0
115000942,0,0,0
115000943,24,6,18
115000944,0,1,-1
115900001,2,31,-29
115900002,17,19,-2
115900003,4,21,-17
115900004,0,16,-16
115900005,6,1,5
115900006,5,94,-89
115900008,2,5,-3
115900009,4,34,-30
115900010,9,29,-20
115900011,26,106,-80
115900012,2,14,-12
115900013,15,8,7
115900014,18,72,-54
115900015,0,18,-18
115900016,2,0,2
115900017,1,0,1
115900018,43,35,8
115900019,19,2,17
115900020,1,0,1
115900021,574,37,537
115900022,315,1,314
115900023,0,0,0
115900025,8,15,-7
115900026,132,62,70
115900027,1,152,-151
115900028,108,10,98
115900029,13,188,-175
115900030,4,1,3
115900031,30,9,21
115900032,19,50,-31
115900033,0,17,-17
115900034,2,214,-212
115900035,4,12,-8
115900036,27,42,-15
115900037,8,158,-150
115900038,0,0,0
115900039,7,46,-39
115900041,19,25,-6
115900042,0,0,0
115900043,3,23,-20
115900044,13,8,5
115900046,29,90,-61
115900047,0,1,-1
115900049,5,42,-37
115900051,0,15,-15
115900052,1,233,-232
115900053,11,36,-25
115900054,5,37,-32
115900055,9,131,-122
115900056,5,64,-59
115900057,1,0,1
115900058,23,28,-5
115900060,0,11,-11
115900061,0,0,0
115900062,2,122,-120
115900063,14,5,9
115900064,46,20,26
115900065,2,18,-16
115900066,30,54,-24
115900067,1,259,-258
115900068,1928,14,1914
115900069,6,20,-14
115900070,1,53,-52
115900071,1,176,-175
115900072,28,86,-58
115900073,3,5,-2
115900074,0,181,-181
115900075,8,86,-78
115900076,0,31,-31
115900077,4,203,-199
115900078,7,22,-15
115900079,9,0,9
115900080,47,24,23
115900081,3,62,-59
115900082,13,10,3
115900084,18,6,12
115900085,10,12,-2
115900086,290,66,224
115900088,0,15,-15
115900089,6,318,-312
115900090,13,9,4
115900091,1,6,-5
115900092,2,92,-90
115900093,0,17,-17
115900094,0,192,-192
115900096,0,13,-13
115900097,3,261,-258
115900098,11,125,-114
115900099,2,36,-34
115900100,0,98,-98
115900101,19,109,-90
115900102,1,8,-7
115900103,41,88,-47
115900104,1,38,-37
115900105,10,179,-169
115900106,4,0,4
115900107,0,69,-69
115900108,6,11,-5
115900109,4,90,-86
115900110,3,0,3
115900111,0,48,-48
115900112,5,171,-166
115900113,8,0,8
115900114,1,90,-89
115900115,1,15,-14
115900116,9,264,-255
115900117,2,1,1
115900118,3,222,-219
115900119,3,15,-12
115900120,1,74,-73
115900121,5,37,-32
115900124,16,22,-6
115900125,15,4,11
115900126,22,7,15
115900127,37,2,35
115900128,2,65,-63
115900129,43,1,42
115900130,6,49,-43
115900131,6,2,4
115900132,5,1,4
115900134,3,0,3
115900135,146,99,47
115900137,0,0,0
115900139,17,7,10
115900140,8,0,8
115900141,0,2,-2
115900142,1,5,-4
115900143,4,38,-34
115900144,8,39,-31
115900146,3,67,-64
115900147,17,10,7
115900148,0,0,0
115900149,1,17,-16
115900150,0,5,-5
115900151,0,6,-6
115900152,0,84,-84
115900153,2,36,-34
115900154,75,52,23
115900155,0,11,-11
115900156,63,49,14
115900157,3,45,-42
115900158,2,1,1
115900159,3,34,-31
115900160,0,0,0
115900161,0,21,-21
115900163,26,26,0
115900164,9,0,9
115900166,20,48,-28
115900168,3,17,-14
115900171,2,50,-48
115900172,0,21,-21
115900173,15,16,-1
115900174,39,39,0
115900175,11,28,-17
115900178,2,303,-301
115900179,18,17,1
115900180,4,91,-87
115900181,10,110,-100
115900182,20,120,-100
115900183,11,1,10
115900184,77,0,77
115900187,0,26,-26
115900189,0,6,-6
115900190,26,30,-4
115900191,4,132,-128
115900192,0,13,-13
115900193,3,3,0
115900194,32,0,32
115900195,26,40,-14
115900198,8,29,-21
115900199,7,24,-17
115900200,18,32,-14
115900201,1,106,-105
115900202,0,0,0
115900203,0,0,0
115900204,0,1,-1
115900205,5,0,5
115900206,1,29,-28
115900207,0,5,-5
115900208,4,68,-64
115900209,1,29,-28
115900210,0,52,-52
115900211,1,51,-50
115900212,3,37,-34
115900213,2,0,2
115900214,24,42,-18
115900215,2,2,0
115900216,0,53,-53
115900217,0,38,-38
115900218,0,31,-31
115900219,1,0,1
115900220,7,4,3
115900221,0,0,0
115900222,1,0,1
115900223,0,4,-4
115900224,249,12,237
115900225,13,4,9
115900226,0,9,-9
115900227,0,12,-12
115900228,0,2,-2
115900229,0,7,-7
115900230,5,13,-8
115900231,6,1,5
115900232,0,0,0
115900233,5,3,2
115900234,2,4,-2
115900235,0,5,-5
115900236,1,5,-4
115900237,0,22,-22
115900238,1,13,-12
115900239,1,13,-12
115900240,0,26,-26
115900241,2,4,-2
115900242,22,4,18
115900243,0,0,0
115900244,1,1,0
115900245,0,0,0
115900246,0,0,0
115900247,2,0,2
115900248,0,0,0
115900249,0,1,-1
115900250,1,0,1
115900251,0,1,-1
115900252,0,0,0
115900253,0,1,-1
115900254,1,3,-2
115900255,3,7,-4
115900256,4,11,-7
115900257,0,0,0
115900258,0,0,0
115900259,1,1,0
115900260,3,0,3
115900261,1,2,-1
115900262,0,0,0
115900263,1,0,1
115900264,2,1,1
115900265,0,0,0
115900266,0,0,0
115900267,0,4,-4
115900268,0,4,-4
115900269,16,62,-46
115900270,15,167,-152
115900271,2,0,2
115900272,1,0,1
115900273,1,0,1
115900274,1,6,-5
115900275,1,16,-15
115900276,0,16,-16
115900277,0,45,-45
115900278,0,15,-15
115900279,1,25,-24
115900280,5,36,-31
115900281,162,14,148
115900282,7,0,7
115900283,1,0,1
115900284,8,3,5
116000001,5070,1015,4055
116000002,509,374,135
116000003,440,590,-150
116000004,326,232,94
116000005,404,561,-157
116000006,193,211,-18
116000007,646,1184,-538
116000008,378,345,33
116000009,333,807,-474
116000010,213,161,52
116000011,202,465,-263
116000012,165,139,26
116000013,4327,994,3333
116000014,6199,785,5414
116000015,83,177,-94
116000016,757,94,663
116000017,334,136,198
116000018,171,75,96
116000019,67,98,-31
116000020,50,273,-223
116000021,39,89,-50
116000022,47,112,-65
116000023,71,103,-32
116000024,107,389,-282
116000025,57,123,-66
116000026,179,557,-378
116000027,55,87,-32
116000028,30,51,-21
116000029,224,127,97
116000030,18,17,1
116000031,29,46,-17
116000032,13,63,-50
116000033,17,66,-49
116000034,19,171,-152
116000035,20,132,-112
116000036,261,48,213
116000037,69,43,26
116000038,55,38,17
116000039,121,98,23
116000040,43,14,29
116000041,36,124,-88
116000042,75,32,43
116000043,17,124,-107
116000044,5,18,-13
116000045,31,14,17
116000046,59,219,-160
116000047,344,565,-221
116000048,120,151,-31
116000049,78,166,-88
116000050,394,469,-75
116000051,464,219,245
116000052,1048,759,289
116000053,192,85,107
116000054,232,524,-292
116000055,87,364,-277
116000056,46,102,-56
116000057,482,517,-35
116000058,578,373,205
116000059,295,342,-47
116000060,902,186,716
116000061,147,142,5
116000062,92,61,31
116000063,52,188,-136
116000066,27,74,-47
116000067,119,196,-77
116000068,9,80,-71
116000069,175,182,-7
116000078,16,124,-108
116000080,254,299,-45
116000082,5,20,-15
116000083,172,124,48
116000084,327,915,-588
116000085,364,210,154
116000086,444,472,-28
116000087,298,203,95
116000088,128,270,-142
116000089,30,28,2
116000090,9,22,-13
116000091,28,22,6
116000093,334,104,230
116000094,43,189,-146
116000095,144,105,39
116000096,53,232,-179
116000097,76,236,-160
116000098,40,715,-675
116000099,1904,96,1808
116000100,9,0,9
116000101,41,405,-364
116000102,14,343,-329
116000103,48,54,-6
116000104,3,416,-413
116000105,68,66,2
116000106,17,369,-352
116000107,114,135,-21
116000108,0,50,-50
116000111,6,7,-1
116000113,6,2,4
116000114,35,45,-10
116000115,10,9,1
116000116,45,151,-106
116000117,107,223,-116
116000118,159,413,-254
116000119,186,276,-90
116000120,444,1334,-890
116000121,63,83,-20
116000122,317,992,-675
116000123,60,75,-15
116000124,68,443,-375
116000125,98,56,42
116000126,71,438,-367
116000127,192,415,-223
116000128,146,109,37
116000129,58,46,12
116000130,85,49,36
116000133,59,291,-232
116000134,162,783,-621
116000135,112,302,-190
116000136,136,642,-506
116000137,69,138,-69
116000138,317,87,230
116000139,311,588,-277
116000140,22,82,-60
116000141,43,168,-125
116000142,616,182,434
116000143,497,338,159
116000144,570,1609,-1039
116000145,219,417,-198
116000146,24,150,-126
116000147,39,36,3
116000148,36,75,-39
116000149,49,123,-74
116000151,89,155,-66
116000153,28,16,12
116000155,26,60,-34
116000156,298,297,1
116000157,4,3,1
116000158,6,91,-85
116000159,1,0,1
116000160,3,27,-24
116000161,1,30,-29
116000162,9,7,2
116000163,1,2,-1
116000164,0,1,-1
116000177,2,31,-29
116000194,118,166,-48
116000195,205,182,23
116000196,0,0,0
116000197,0,0,0
116000198,311,235,76
116000200,112,39,73
116000201,100,121,-21
116000202,1,72,-71
116000203,2,22,-20
116000204,4,19,-15
116000205,0,51,-51
116000206,0,47,-47
116000207,0,13,-13
116000233,23,204,-181
116000287,16,206,-190
116000288,13,53,-40
116000292,0,54,-54
116000296,2,38,-36
116000297,3,1,2
116000304,18,3,15
116000305,3,11,-8
116000346,12,43,-31
116000352,0,9,-9
116000354,0,1,-1
116000357,0,1,-1
116000358,16,4,12
116000361,129,1,128
116000372,2517,396,2121
116000381,11,0,11
116000388,0,19,-19
116000389,70,111,-41
116000445,31,326,-295
116000446,24,196,-172
116000447,0,93,-93
116000448,82,56,26
116000563,40,85,-45
116000565,56,114,-58
116000568,7,10,-3
116000579,7,42,-35
116000583,3,16,-13
116000584,2,0,2
116000585,0,6,-6
116000586,56,25,31
116000587,1,57,-56
116000589,10,43,-33
116000590,4,8,-4
116000591,9,45,-36
116000592,0,25,-25
116000593,0,4,-4
116000594,35,217,-182
116000595,19,78,-59
116000596,5,2,3
116000597,12,17,-5
116000598,3,69,-66
116000605,12,27,-15
116000606,4,24,-20
116000607,0,10,-10
116000609,23,148,-125
116000611,4,226,-222
116000612,115,554,-439
116000613,62,86,-24
116000614,158,335,-177
116000615,0,44,-44
116000616,4,46,-42
116000617,8,31,-23
116000618,1,50,-49
116000619,3,8,-5
116000620,2,77,-75
116000621,0,0,0
116000622,0,0,0
116000624,1,14,-13
116000627,7,49,-42
116000628,8,162,-154
116000629,4,120,-116
116000630,15,10,5
116000631,6,13,-7
116000632,7,20,-13
116000633,0,77,-77
116000634,31,41,-10
116000635,529,499,30
116000636,348,193,155
116000637,18,4,14
116000638,1,116,-115
116000639,0,0,0
116000640,0,2,-2
116000641,43,66,-23
116000643,7,148,-141
116000644,26,484,-458
116000645,3,11,-8
116900001,13,15,-2
116900002,59,2,57
116900003,0,18,-18
116900004,1,5,-4
116900005,21,16,5
116900006,28,18,10
116900007,12,38,-26
116900008,33,185,-152
116900009,1,0,1
116900010,46,654,-608
116900011,3,9,-6
116900012,8,37,-29
116900013,3,58,-55
116900014,3,180,-177
116900015,7,15,-8
116900016,2,0,2
116900017,0,262,-262
116900018,4,16,-12
116900019,0,147,-147
116900020,347,21,326
116900023,5,1,4
116900024,14,26,-12
116900025,34,380,-346
116900026,11,197,-186
116900027,2,6,-4
116900028,3,25,-22
116900029,0,5,-5
116900031,0,2,-2
116900032,0,87,-87
116900033,2,1,1
116900034,0,32,-32
116900035,3,74,-71
116900036,0,37,-37
116900038,9,0,9
116900041,1,2,-1
116900042,296,56,240
116900043,3,14,-11
116900047,35,5,30
116900049,4,70,-66
116900050,6,80,-74
116900051,0,65,-65
116900052,7,8,-1
116900055,0,0,0
116900057,4,110,-106
116900058,2,87,-85
116900059,0,40,-40
116900060,12,91,-79
116900062,0,0,0
116900064,9,282,-273
116900065,1,27,-26
116900067,5,22,-17
116900068,16,193,-177
116900070,0,0,0
116900072,2,139,-137
116900073,4,56,-52
116900074,1,6,-5
116900076,0,1,-1
116900077,0,116,-116
116900078,65,44,21
116900079,0,101,-101
116900080,0,4,-4
116900081,19,377,-358
116900082,54,278,-224
116900083,1,37,-36
116900084,30,9,21
116900085,1,49,-48
116900086,13,95,-82
116900088,40,10,30
116900090,34,8,26
116900091,6,15,-9
116900092,12,241,-229
116900093,370,217,153
116900094,1721,344,1377
116900095,6,59,-53
116900096,5,21,-16
116900097,714,153,561
116900098,219,47,172
116900099,59,91,-32
116900100,39,0,39
116900101,54,217,-163
116900103,0,0,0
116900104,10,36,-26
116900105,36,5,31
116900106,68,3,65
116900107,1013,136,877
116900110,0,0,0
116900111,22,301,-279
116900112,12,162,-150
116900113,604,137,467
116900116,9,18,-9
116900117,1,44,-43
116900118,289,91,198
116900120,9,12,-3
116900121,3,5,-2
116900122,40,315,-275
116900123,5,283,-278
116900124,7,224,-217
116900125,16,57,-41
116900126,25,89,-64
116900128,0,7,-7
116900129,0,101,-101
116900130,275,255,20
116900131,4,55,-51
116900132,4,21,-17
116900133,3,32,-29
116900134,6,53,-47
116900136,10,27,-17
116900137,30,27,3
116900138,21,43,-22
116900139,7,64,-57
116900140,20,48,-28
116900141,42,59,-17
116900142,0,1,-1
116900143,23,75,-52
116900144,2,5,-3
116900145,1,80,-79
116900147,102,63,39
116900148,2,4,-2
116900149,0,13,-13
116900150,0,2,-2
116900151,4,1,3
116900153,6,19,-13
116900154,4,26,-22
116900155,1,10,-9
116900157,27,88,-61
116900158,2,11,-9
116900159,3,55,-52
116900160,169,39,130
116900161,2618,357,2261
116900162,1,35,-34
116900163,6,41,-35
116900164,3,14,-11
116900165,4,15,-11
116900166,1,20,-19
116900167,25,12,13
116900168,28,23,5
116900169,52,19,33
116900170,20,55,-35
116900171,4,49,-45
116900172,28,9,19
116900173,7,5,2
116900174,10,6,4
116900175,10,10,0
116900178,0,39,-39
116900179,15,9,6
116900180,13,6,7
116900182,41,65,-24
116900183,10,21,-11
116900185,1,1,0
116900186,37,105,-68
116900187,4,0,4
116900188,1,5,-4
116900189,0,0,0
116900191,19,54,-35
116900192,17,25,-8
116900194,2,103,-101
116900195,1,0,1
116900196,9,54,-45
116900197,4,0,4
116900198,68,10,58
116900200,2,17,-15
116900201,7,4,3
116900202,6,22,-16
116900203,9,1,8
116900204,6,11,-5
116900206,3,34,-31
116900207,0,10,-10
116900208,2,17,-15
116900209,1,25,-24
116900210,42,27,15
116900211,16,0,16
116900212,1,14,-13
116900213,7,19,-12
116900214,10,38,-28
116900215,2,9,-7
116900216,12,112,-100
116900218,0,76,-76
116900219,240,108,132
116900220,13,36,-23
116900221,11,68,-57
116900222,42,46,-4
116900223,2,27,-25
116900226,4,25,-21
116900227,4,11,-7
116900228,17,134,-117
116900230,6,65,-59
116900231,0,157,-157
116900232,1,170,-169
116900233,41,11,30
116900234,1,0,1
116900235,56,185,-129
116900238,291,76,215
116900239,11,94,-83
116900240,1467,290,1177
116900241,4,44,-40
116900242,334,33,301
116900243,0,16,-16
116900245,3,1,2
116900246,8,30,-22
116900247,31,3,28
116900248,2,9,-7
116900249,14,10,4
116900250,30,13,17
116900251,92,13,79
116900252,3,275,-272
116900254,0,34,-34
116900255,7,6,1
116900256,26,9,17
116900257,1,223,-222
116900258,1,145,-144
116900259,6,3,3
116900260,0,40,-40
116900261,2,1,1
116900262,24,50,-26
116900263,0,1,-1
116900264,1,0,1
116900265,2,0,2
116900266,0,17,-17
116900267,0,1,-1
116900268,1,2,-1
116900269,34,100,-66
116900271,528,5,523
116900272,100,217,-117
116900273,38,12,26
116900274,3,12,-9
116900275,12,19,-7
116900276,37,5,32
116900277,80,0,80
116900278,0,2,-2
116900279,0,5,-5
116900280,0,1,-1
116900281,1823,327,1496
116900282,1,22,-21
116900283,0,27,-27
116900284,1,23,-22
116900285,46,10,36
116900286,11,1,10
116900287,0,17,-17
116900288,4,38,-34
116900289,2,5,-3
116900290,0,8,-8
116900291,0,2,-2
116900292,0,0,0
116900293,1,47,-46
116900294,2,37,-35
116900295,13,1,12
116900296,1,4,-3
116900297,0,0,0
116900298,4,3,1
116900299,3,2,1
116900300,0,8,-8
116900301,0,9,-9
116900302,3,7,-4
116900303,105,5,100
116900304,0,27,-27
116900305,0,1,-1
116900306,2,34,-32
116900307,5,0,5
116900308,1,41,-40
116900309,3,33,-30
116900310,2,14,-12
116900311,0,31,-31
117000001,203,284,-81
117000002,328,1010,-682
117000003,538,427,111
117000004,736,1070,-334
117000005,203,253,-50
117000006,204,1349,-1145
117000007,298,154,144
117000008,306,993,-687
117000009,359,235,124
117000010,412,945,-533
117000011,122,278,-156
117000012,168,680,-512
117000013,122,240,-118
117000014,122,554,-432
117000015,492,146,346
117000016,42,40,2
117000017,55,37,18
117000018,16,65,-49
117000019,9,2,7
117000020,154,176,-22
117000021,752,101,651
117000022,50,17,33
117000023,79,28,51
117000024,100,27,73
117000025,214,191,23
117000026,315,70,245
117000027,345,348,-3
117000028,25,48,-23
117000030,121,161,-40
117000031,36,3,33
117000032,369,309,60
117000033,267,293,-26
117000034,32,107,-75
117000035,24,9,15
117000036,52,103,-51
117000037,11,12,-1
117000038,24,106,-82
117000039,18,35,-17
117000040,33,510,-477
117000041,51,9,42
117000044,7,411,-404
117000045,28,29,-1
117000046,117,346,-229
117000047,42,89,-47
117000048,461,315,146
117000049,19,100,-81
117000050,14,951,-937
117000051,251,30,221
117000052,2,234,-232
117000053,18,8,10
117000054,156,0,156
117000055,45,1129,-1084
117000056,21,1,20
117000057,188,684,-496
117000060,90,561,-471
117000061,116,102,14
117000062,33,126,-93
117000063,94,83,11
117000064,198,318,-120
117000066,197,151,46
117000067,11,81,-70
117000074,5,22,-17
117000076,13,10,3
117000077,16,7,9
117000078,12,131,-119
117000079,18,20,-2
117000080,0,120,-120
117000081,82,22,60
117000082,9,18,-9
117000083,45,58,-13
117000084,1,0,1
117000085,12,125,-113
117000086,141,211,-70
117000087,36,157,-121
117000088,32,15,17
117000089,205,63,142
117000090,51,654,-603
117000091,90,49,41
117000092,78,744,-666
117000093,56,69,-13
117000094,145,813,-668
117000095,172,124,48
117000096,126,1000,-874
117000097,75,204,-129
117000098,722,2064,-1342
117000099,168,118,50
117000100,10,38,-28
117000101,73,441,-368
117000102,80,83,-3
117000103,172,687,-515
117000104,75,45,30
117000105,151,806,-655
117000106,121,39,82
117000107,129,916,-787
117000108,85,95,-10
117000109,510,1223,-713
117000110,130,122,8
117000111,423,757,-334
117000112,260,355,-95
117000113,7,121,-114
117000114,6,13,-7
117000115,9,48,-39
117000116,6,51,-45
117000117,154,54,100
117000118,27,48,-21
117000119,29,4,25
117000120,10,8,2
117000121,7,30,-23
117000122,90,53,37
117000123,148,1,147
117000124,15,0,15
117000125,40,10,30
117000126,7,16,-9
117000127,46,58,-12
117000128,46,79,-33
117000129,105,94,11
117000130,0,3,-3
117000131,0,67,-67
117000132,77,23,54
117000133,79,22,57
117000134,0,24,-24
117000135,20,13,7
117000136,1,23,-22
117000137,7,9,-2
117000138,0,84,-84
117000140,74,680,-606
117000141,86,66,20
117000181,243,57,186
117000182,28,16,12
117000195,37,441,-404
117000196,3,13,-10
117000225,11,0,11
117000226,0,13,-13
117000276,15,0,15
117000277,1,209,-208
117000310,615,447,168
117000315,13,68,-55
117000320,0,0,0
117000906,14,1,13
117000907,4,167,-163
117000909,19,5,14
117000910,44,46,-2
117000911,36,91,-55
117000915,2,270,-268
117000916,1,0,1
117000917,21,4,17
117000918,6,3,3
117000919,0,23,-23
117000920,2,626,-624
117000921,3,1003,-1000
117000922,0,0,0
117000924,84,70,14
117000926,313,27,286
117000927,23,53,-30
117000928,0,118,-118
117000929,13,294,-281
117000930,35,6,29
117000931,72,11,61
117900002,23,57,-34
117900003,140,51,89
117900005,1,27,-26
117900006,0,8,-8
117900007,0,50,-50
117900008,0,25,-25
117900010,5,72,-67
117900011,3,11,-8
117900012,4,96,-92
117900013,0,123,-123
117900014,38,152,-114
117900015,0,111,-111
117900016,282,46,236
117900017,30,221,-191
117900018,91,5,86
117900019,24,181,-157
117900020,16,26,-10
117900021,0,21,-21
117900023,141,8,133
117900024,16,62,-46
117900025,3,3,0
117900026,28,183,-155
117900028,4,1,3
117900029,17,441,-424
117900031,12,5,7
117900032,57,42,15
117900033,13,391,-378
117900034,17,7,10
117900035,14,5,9
117900036,15,318,-303
117900037,2,21,-19
117900038,6,165,-159
117900039,0,18,-18
117900040,41,165,-124
117900041,1,27,-26
117900042,1619,87,1532
117900043,7,14,-7
117900044,2,214,-212
117900045,4,19,-15
117900048,36,95,-59
117900049,16,261,-245
117900050,1,7,-6
117900051,9,2,7
117900052,20,40,-20
117900053,157,220,-63
117900054,0,2,-2
117900055,24,18,6
117900056,15,8,7
117900057,180,379,-199
117900058,10,1,9
117900059,8,11,-3
117900060,57,1663,-1606
117900061,1,19,-18
117900063,10,60,-50
117900065,178,378,-200
117900066,0,9,-9
117900067,19,116,-97
117900069,37,139,-102
117900070,6,0,6
117900071,4,26,-22
117900073,37,150,-113
117900074,4,1,3
117900075,3,15,-12
117900076,4,17,-13
117900077,16,22,-6
117900078,46,73,-27
117900080,10,9,1
117900081,143,158,-15
117900082,47,41,6
117900083,15,281,-266
117900086,1,7,-6
117900087,14,20,-6
117900088,607,453,154
117900089,222,43,179
117900090,25,343,-318
117900091,49,14,35
117900092,0,19,-19
117900093,7,15,-8
117900094,7,4,3
117900095,48,400,-352
117900096,8,32,-24
117900097,6,13,-7
117900098,0,2,-2
117900099,7,129,-122
117900100,11,0,11
117900101,79,163,-84
117900102,4,7,-3
117900103,0,0,0
117900104,1,39,-38
117900105,8,51,-43
117900106,1,5,-4
117900107,1,0,1
117900109,21,47,-26
117900110,2,0,2
117900111,22,0,22
117900112,9,3,6
117900113,769,188,581
117900114,2,0,2
117900115,13,0,13
117900116,216,168,48
117900117,73,60,13
117900118,0,0,0
117900119,14,112,-98
117900120,10,31,-21
117900121,1,11,-10
117900122,163,138,25
117900123,26,319,-293
117900124,53,166,-113
117900125,131,217,-86
117900126,67,200,-133
117900127,37,133,-96
117900128,46,252,-206
117900129,2,0,2
117900130,112,59,53
117900131,0,34,-34
117900132,2,33,-31
117900133,0,37,-37
117900134,4,47,-43
117900135,3,106,-103
117900136,0,12,-12
117900137,3,128,-125
117900138,0,24,-24
117900139,6,33,-27
117900140,1729,7,1722
117900141,12,70,-58
117900142,2,2,0
117900144,3,9,-6
117900145,3,3,0
117900146,39,14,25
117900147,3,13,-10
117900148,601,237,364
117900149,9,55,-46
117900150,2,39,-37
117900151,9,55,-46
117900152,19,22,-3
117900153,1,33,-32
117900154,36,202,-166
117900156,60,76,-16
117900157,3,40,-37
117900158,3,8,-5
117900160,83,82,1
117900161,601,754,-153
117900162,7,82,-75
117900163,9,1,8
117900165,0,1,-1
117900166,5,14,-9
117900168,16,27,-11
117900169,0,50,-50
117900170,0,4,-4
117900171,2,3,-1
117900172,4,12,-8
117900173,17,11,6
117900174,10,12,-2
117900175,0,6,-6
117900176,0,15,-15
117900177,6,11,-5
117900178,17,5,12
117900180,40,8,32
117900181,11,11,0
117900182,0,0,0
117900183,0,8,-8
117900184,0,3,-3
117900185,2,1,1
117900186,0,3,-3
117900187,1,3,-2
117900188,10,1,9
117900189,2,0,2
117900190,0,0,0
117900191,2,0,2
117900192,1,0,1
117900193,1,16,-15
117900194,0,0,0
117900195,0,0,0
117900196,1,0,1
117900207,6,9,-3
117900208,2,5,-3
117900209,37,25,12
117900210,23,11,12
117900211,2,20,-18
117900212,12,45,-33
117900213,0,1,-1
117900214,0,4,-4
117900215,2,9,-7
117900216,3,10,-7
117900217,6,4,2
117900218,20,6,14
117900219,0,41,-41
117900220,4,1,3
117900222,17,60,-43
117900223,17,35,-18
118000001,73,107,-34
118000002,726,520,206
118000003,225,189,36
118000004,487,472,15
118000005,588,351,237
118000006,1549,892,657
118000007,808,384,424
118000008,768,517,251
118000009,447,561,-114
118000010,333,769,-436
118000011,110,725,-615
118000012,161,841,-680
118000013,801,689,112
118000014,352,1013,-661
118000016,67,156,-89
118000017,22,63,-41
118000018,48,129,-81
118000019,285,262,23
118000020,251,288,-37
118000021,198,427,-229
118000022,349,110,239
118000023,186,102,84
118000024,232,147,85
118000027,3577,918,2659
118000029,213,166,47
118000032,166,314,-148
118000033,389,427,-38
118000034,889,425,464
118000035,273,413,-140
118000036,152,257,-105
118000037,116,235,-119
118000038,31,43,-12
118000039,11,69,-58
118000040,183,584,-401
118000041,243,344,-101
118000045,186,76,110
118000046,323,127,196
118000047,329,90,239
118000048,681,260,421
118000051,202,105,97
118000052,72,56,16
118000053,33,60,-27
118000054,522,153,369
118000055,376,125,251
118000056,47,39,8
118000057,38,40,-2
118000058,363,92,271
118000059,139,90,49
118000060,69,161,-92
118000061,89,301,-212
118000062,85,44,41
118000063,26,84,-58
118000064,150,197,-47
118000065,730,228,502
118000066,153,119,34
118000067,321,165,156
118000068,324,616,-292
118000069,580,176,404
118000070,1750,207,1543
118000071,630,586,44
118000072,401,267,134
118000073,445,57,388
118000074,130,111,19
118000075,164,76,88
118000076,246,289,-43
118000077,301,275,26
118000078,354,382,-28
118000079,61,59,2
118000080,301,290,11
118000081,297,229,68
118000082,91,111,-20
118000083,458,170,288
118000084,507,265,242
118000086,69,113,-44
118000087,1801,512,1289
118000088,475,292,183
118000089,880,620,260
118000090,883,313,570
118000091,338,316,22
118000092,320,53,267
118000093,26,114,-88
118000096,89,85,4
118000097,71,105,-34
118000098,18,48,-30
118000099,39,253,-214
118000101,118,115,3
118000102,36,262,-226
118000107,894,55,839
118000108,15,49,-34
118000110,0,5,-5
118000111,3,286,-283
118000112,0,0,0
118000113,4,381,-377
118000114,0,0,0
118000115,1,0,1
118000116,0,0,0
118000117,226,244,-18
118000118,122,146,-24
118000119,98,191,-93
118000120,401,384,17
118000121,9,110,-101
118000122,153,28,125
118000123,15,84,-69
118000125,422,294,128
118000126,151,284,-133
118000127,188,86,102
118000128,173,271,-98
118000129,191,76,115
118000130,746,1046,-300
118000131,167,274,-107
118000132,286,205,81
118000133,65,123,-58
118000135,47,19,28
118000136,32,116,-84
118000137,219,13,206
118000138,28,134,-106
118000139,68,32,36
118000140,503,582,-79
118000141,249,373,-124
118000142,266,549,-283
118000143,87,161,-74
118000144,275,156,119
118000145,314,701,-387
118000146,173,386,-213
118000147,128,622,-494
118000148,85,388,-303
118000149,66,306,-240
118000150,19,62,-43
118000151,39,62,-23
118000153,96,201,-105
118000154,150,375,-225
118000155,120,210,-90
118000156,416,408,8
118000157,74,93,-19
118000158,15,88,-73
118000159,0,0,0
118000160,17,41,-24
118000161,39,202,-163
118000162,59,170,-111
118000163,81,100,-19
118000164,417,249,168
118000168,312,42,270
118000169,256,527,-271
118000170,749,1569,-820
118000171,17,60,-43
118000172,3,49,-46
118000173,123,315,-192
118000175,19,48,-29
118000176,33,71,-38
118000177,28,114,-86
118000178,9,6,3
118000179,187,38,149
118000180,51,107,-56
118000181,114,69,45
118000182,114,58,56
118000183,62,43,19
118000184,29,149,-120
118000185,198,166,32
118000186,193,168,25
118000187,143,242,-99
118000188,27,72,-45
118000189,25,209,-184
118000190,0,0,0
118000191,3,11,-8
118000192,24,9,15
118000193,10,43,-33
118000194,392,100,292
118000195,105,96,9
118000196,23,9,14
118000197,120,22,98
118000198,100,58,42
118000199,147,43,104
118000200,2,10,-8
118000201,68,54,14
118000202,1,1,0
118000203,188,46,142
118000204,33,13,20
118000205,41,16,25
118000206,23,18,5
118000207,0,32,-32
118000208,125,262,-137
118000209,245,652,-407
118000210,5,9,-4
118000211,2,3,-1
118000213,64,89,-25
118000214,92,25,67
118000215,75,57,18
118000216,0,141,-141
118000217,1,32,-31
118000218,5,13,-8
118000219,46,79,-33
118000220,0,1,-1
118000221,5,40,-35
118000222,54,7,47
118000223,3,2,1
118000224,30,24,6
118000225,12,322,-310
118000226,16,5,11
118000227,110,24,86
118000228,35,35,0
118000229,1,2,-1
118000230,8,68,-60
118000231,2,56,-54
118000232,69,297,-228
118000233,74,116,-42
118000234,12,51,-39
118000236,28,159,-131
118000237,2,102,-100
118000238,7,131,-124
118000239,47,26,21
118000240,147,9,138
118000241,13,55,-42
118000242,13,162,-149
118000243,11,33,-22
118000244,5,72,-67
118000246,18,3,15
118000255,8,51,-43
118000256,13,60,-47
118000259,0,9,-9
118000260,5,16,-11
118000261,3,21,-18
118000263,5,57,-52
118000266,38,129,-91
118000267,0,27,-27
118000268,1,2,-1
118000270,3,4,-1
118000271,15,63,-48
118000272,2,1,1
118000273,14,27,-13
118000274,18,59,-41
118000276,16,62,-46
118000295,2,14,-12
118000298,11,130,-119
118000299,9,62,-53
118000301,0,16,-16
118000302,2,22,-20
118000311,9,40,-31
118000312,17,97,-80
118000313,0,64,-64
118000314,8,15,-7
118000315,5,12,-7
118000316,62,128,-66
118000325,2,12,-10
118000326,3,8,-5
118000331,4,10,-6
118000332,4,3,1
118000333,0,10,-10
118000335,0,0,0
118000336,0,135,-135
118000407,1,13,-12
118000457,0,2,-2
118000465,585,359,226
118000480,4,27,-23
118000489,5,14,-9
118000490,14,71,-57
118000492,48,47,1
118000510,18,2,16
118000514,12,104,-92
118000515,15,46,-31
118000517,81,47,34
118000524,192,87,105
118000525,218,239,-21
118000530,9,16,-7
118000531,14,37,-23
118000532,18,88,-70
118000533,61,29,32
118000534,73,83,-10
118000535,15,33,-18
118000536,49,28,21
118000537,8,4,4
118000538,38,19,19
118000539,10,16,-6
118000540,15,38,-23
118000541,10,23,-13
118000542,5,19,-14
118000543,10,42,-32
118000546,7,17,-10
118000553,0,0,0
118000560,604,75,529
118000562,1,68,-67
118000563,355,236,119
118000576,30,62,-32
118000577,50,58,-8
118000578,52,43,9
118000579,202,148,54
118000583,0,0,0
118000595,31,21,10
118000596,0,14,-14
118000597,25,50,-25
118000598,0,0,0
118000599,1,4,-3
118000600,0,0,0
118000601,0,0,0
118000602,0,0,0
118000603,0,32,-32
118000605,3,140,-137
118000606,3,17,-14
118000607,19,57,-38
118900001,144,51,93
118900002,203,70,133
118900003,0,2,-2
118900004,0,15,-15
118900005,0,0,0
118900006,2,0,2
118900007,0,4,-4
118900008,221,7,214
118900009,0,0,0
118900010,0,0,0
118900011,2,2,0
118900012,20,52,-32
118900013,31,0,31
118900015,4,2,2
118900016,21,24,-3
118900017,1,6,-5
118900018,76,0,76
118900019,4,1,3
118900020,3,11,-8
118900021,15,89,-74
118900022,42,17,25
118900023,2,11,-9
118900024,0,12,-12
118900025,4,3,1
118900026,8,27,-19
118900027,31,18,13
118900028,9,29,-20
118900029,7,42,-35
118900030,0,3,-3
118900031,16,41,-25
118900032,3,13,-10
118900033,30,99,-69
118900034,1,0,1
118900035,11,105,-94
118900036,83,129,-46
118900037,14,24,-10
118900038,33,101,-68
118900039,15,27,-12
118900040,7,27,-20
118900041,14,27,-13
118900042,5,32,-27
118900045,24,23,1
118900046,202,24,178
118900047,186,44,142
118900048,30,21,9
118900049,4,2,2
118900050,1,22,-21
118900051,0,8,-8
118900052,9,31,-22
118900053,0,2,-2
118900054,3,25,-22
118900055,0,30,-30
118900056,0,11,-11
118900057,10,56,-46
118900058,15,64,-49
118900059,1,5,-4
118900062,5,22,-17
118900064,64,25,39
118900065,0,14,-14
118900066,19,8,11
118900067,2102,436,1666
118900068,0,10,-10
118900069,23,72,-49
118900071,0,7,-7
118900072,27,35,-8
118900073,12,17,-5
118900074,5,9,-4
118900075,1,14,-13
118900076,6,4,2
118900077,14,37,-23
118900078,0,0,0
118900079,6,13,-7
118900080,1,6,-5
118900081,0,0,0
118900082,34,23,11
118900083,0,7,-7
118900084,1,0,1
118900085,47,173,-126
118900086,1,17,-16
118900087,48,45,3
118900088,0,5,-5
118900089,0,1,-1
118900090,75,93,-18
118900091,9,5,4
118900092,8,20,-12
118900093,1,1,0
118900096,8,8,0
118900097,27,256,-229
118900099,6,88,-82
118900100,11,18,-7
118900101,1,121,-120
118900102,1,13,-12
118900103,2,7,-5
118900104,13,18,-5
118900105,15,15,0
118900107,20,14,6
118900108,15,20,-5
118900110,50,21,29
118900111,20,79,-59
118900112,3,14,-11
118900113,3,107,-104
118900114,0,16,-16
118900115,13,54,-41
118900116,7,46,-39
118900117,5,76,-71
118900118,6,179,-173
118900119,19,130,-111
118900120,24,95,-71
118900121,0,23,-23
118900122,0,43,-43
118900123,31,74,-43
118900124,3,21,-18
118900126,2,72,-70
118900129,9,39,-30
118900130,3,10,-7
118900131,19,146,-127
118900132,7,17,-10
118900133,0,6,-6
118900135,33,63,-30
118900136,14,248,-234
118900137,0,3,-3
118900139,11,101,-90
118900140,35,311,-276
118900141,7,36,-29
118900144,16,319,-303
118900145,1,41,-40
118900146,26,227,-201
118900147,5,18,-13
118900148,0,0,0
118900150,10,33,-23
118900152,33,225,-192
118900157,0,12,-12
118900158,2,7,-5
118900159,0,33,-33
118900161,1,0,1
118900163,21,7,14
118900164,0,7,-7
118900165,0,69,-69
118900166,1,0,1
118900167,4,57,-53
118900168,12,14,-2
118900169,16,68,-52
118900170,2,6,-4
118900171,1,5,-4
118900174,4,5,-1
118900175,19,85,-66
118900176,2,28,-26
118900177,0,5,-5
118900178,2,21,-19
118900179,2,9,-7
118900182,4,5,-1
118900183,0,11,-11
118900184,21,0,21
118900185,5,43,-38
118900186,11,25,-14
118900187,28,57,-29
118900188,18,71,-53
118900189,1,29,-28
118900190,1,101,-100
118900191,4,1,3
118900192,3,2,1
118900193,2,1,1
118900195,18,147,-129
118900196,2,32,-30
118900197,4,7,-3
118900198,0,20,-20
118900199,0,20,-20
118900200,0,0,0
118900201,1,0,1
118900202,5,2,3
118900203,0,8,-8
118900204,0,9,-9
118900205,1,6,-5
118900206,0,11,-11
119000001,186,184,2
119000002,303,479,-176
119000003,144,399,-255
119000004,221,270,-49
119000005,246,316,-70
119000006,201,424,-223
119000007,358,582,-224
119000008,312,715,-403
119000009,727,535,192
119000010,2028,1378,650
119000011,1255,337,918
119000012,992,614,378
119000013,588,324,264
119000014,504,893,-389
119000019,26,31,-5
119000020,145,304,-159
119000021,469,451,18
119000022,638,191,447
119000023,8,12,-4
119000024,461,805,-344
119000025,3034,230,2804
119000026,45,34,11
119000027,103,58,45
119000028,435,313,122
119000029,29,45,-16
119000030,113,299,-186
119000031,142,177,-35
119000032,488,468,20
119000033,365,316,49
119000034,182,349,-167
119000035,2,94,-92
119000036,145,341,-196
119000037,177,669,-492
119000038,17,308,-291
119000039,83,87,-4
119000040,276,67,209
119000041,259,166,93
119000048,1205,1364,-159
119000049,232,1160,-928
119000050,269,547,-278
119000051,358,252,106
119000052,472,578,-106
119000053,370,303,67
119000054,413,960,-547
119000055,412,854,-442
119000056,227,472,-245
119000057,243,679,-436
119000058,294,500,-206
119000059,152,285,-133
119000060,121,255,-134
119000061,127,170,-43
119000062,176,387,-211
119000063,48,70,-22
119000064,307,373,-66
119000065,376,775,-399
119000066,206,193,13
119000067,412,720,-308
119000068,245,233,12
119000069,252,635,-383
119000070,251,341,-90
119000071,123,238,-115
119000072,1542,855,687
119000073,831,1077,-246
119000074,119,1111,-992
119000075,137,903,-766
119000076,92,136,-44
119000077,136,77,59
119000078,68,170,-102
119000079,32,272,-240
119000080,29,62,-33
119000081,20,102,-82
119000082,46,96,-50
119000083,38,96,-58
119000084,59,186,-127
119000085,156,65,91
119000086,32,127,-95
119000087,253,194,59
119000088,69,122,-53
119000089,18,35,-17
119000090,51,26,25
119000091,75,85,-10
119000092,188,72,116
119000093,1146,1034,112
119000094,431,1065,-634
119000095,191,907,-716
119000097,730,323,407
119000098,84,396,-312
119000099,351,329,22
119000100,406,550,-144
119000101,463,638,-175
119000102,113,131,-18
119000103,196,85,111
119000104,902,364,538
119000105,69,140,-71
119000106,50,658,-608
119000107,42,139,-97
119000108,66,592,-526
119000109,14,110,-96
119000110,69,119,-50
119000111,9,171,-162
119000112,32,58,-26
119000113,364,63,301
119000114,95,46,49
119000115,70,12,58
119000116,15,14,1
119000117,20,58,-38
119000118,2,3,-1
119000123,351,102,249
119000124,38,55,-17
119000125,203,269,-66
119000126,55,297,-242
119000127,50,270,-220
119000128,10,4,6
119000131,77,414,-337
119000132,2,1,1
119000133,0,2,-2
119000134,135,57,78
119000135,8,56,-48
119000136,13,110,-97
119000137,14,133,-119
119000138,48,174,-126
119000139,16,92,-76
119000140,12,37,-25
119000284,470,733,-263
119000285,843,714,129
119000286,1174,908,266
119000287,292,606,-314
119000288,244,512,-268
119000289,451,923,-472
119000290,40,133,-93
119000291,3,70,-67
119000293,18,42,-24
119000294,22,3,19
119000295,577,132,445
119000296,50,51,-1
119000302,1507,283,1224
119000303,0,0,0
119000314,424,753,-329
119000315,1,281,-280
119000316,9,43,-34
119000317,4,192,-188
119000319,65,144,-79
119900001,4,93,-89
119900002,3,39,-36
119900003,8,254,-246
119900004,53,54,-1
119900005,8,21,-13
119900006,6,31,-25
119900007,38,7,31
119900008,0,7,-7
119900009,35,87,-52
119900010,120,140,-20
119900011,1,5,-4
119900012,1,10,-9
119900013,223,129,94
119900014,80,30,50
119900015,11,3,8
119900016,3,16,-13
119900017,0,5,-5
119900018,115,19,96
119900019,0,0,0
119900020,5,22,-17
119900021,2,8,-6
119900022,14,32,-18
119900023,156,51,105
119900025,9,7,2
119900026,125,4,121
119900027,1,4,-3
119900028,19,0,19
119900029,0,1,-1
119900030,20,71,-51
119900031,4,15,-11
119900033,346,17,329
119900034,13,55,-42
119900037,5,6,-1
119900038,2,10,-8
119900039,7,0,7
119900040,14,1,13
119900041,4,39,-35
119900042,1,37,-36
119900043,0,28,-28
119900044,12,25,-13
119900046,2,30,-28
119900047,7,4,3
119900049,2,0,2
119900050,5,3,2
119900051,37,0,37
119900052,1,21,-20
119900053,57,67,-10
119900054,0,0,0
119900055,71,39,32
119900057,5,23,-18
119900058,41,0,41
119900059,15,16,-1
119900060,10,0,10
119900061,12,0,12
119900062,0,5,-5
119900063,1,6,-5
119900065,12,0,12
119900067,10,4,6
119900068,27,0,27
119900069,1,0,1
119900070,29,1,28
119900071,32,0,32
119900073,317,89,228
119900074,1,4,-3
119900075,1333,343,990
119900076,8,28,-20
119900077,21,381,-360
119900078,19,198,-179
119900079,5,58,-53
119900080,49,38,11
119900081,35,4,31
119900082,35,2,33
119900083,0,8,-8
119900084,9,16,-7
119900085,41,6,35
119900086,22,354,-332
119900087,13,20,-7
119900088,2,11,-9
119900089,4,216,-212
119900090,27,14,13
119900091,7,433,-426
119900092,1,127,-126
119900093,81,4,77
119900094,3,86,-83
119900095,25,8,17
119900096,2,13,-11
119900097,82,36,46
119900098,3,15,-12
119900099,1,104,-103
119900100,725,230,495
119900101,87,149,-62
119900102,6,81,-75
119900103,6,119,-113
119900104,4,52,-48
119900105,98,379,-281
119900106,4,77,-73
119900107,57,851,-794
119900108,453,183,270
119900109,2,48,-46
119900110,47,242,-195
119900111,2,178,-176
119900112,696,59,637
119900113,7,224,-217
119900114,20,580,-560
119900115,3,480,-477
119900116,16,59,-43
119900117,23,445,-422
119900118,2,339,-337
119900119,2,57,-55
119900120,73,273,-200
119900121,17,478,-461
119900122,23,98,-75
119900123,27,57,-30
119900124,11,366,-355
119900125,6,116,-110
119900126,1853,25,1828
119900127,661,112,549
119900128,22,211,-189
119900129,29,232,-203
119900130,5,55,-50
119900131,1,103,-102
119900132,0,104,-104
119900133,1,4,-3
119900134,705,54,651
119900135,0,170,-170
119900136,48,159,-111
119900138,67,166,-99
119900139,2,6,-4
119900140,2,48,-46
119900141,5,60,-55
119900142,0,4,-4
119900143,1,91,-90
119900144,553,35,518
119900145,15,42,-27
119900146,25,24,1
119900147,0,18,-18
119900148,19,7,12
119900149,316,310,6
119900150,20,28,-8
119900151,165,88,77
119900152,2,83,-81
119900153,7,3,4
119900154,3,455,-452
119900155,0,6,-6
119900156,1,0,1
119900157,6,108,-102
119900158,21,4,17
119900159,0,409,-409
119900160,1,84,-83
119900161,51,48,3
119900162,78,76,2
119900163,16,7,9
119900164,0,0,0
119900165,5,64,-59
119900166,4,1,3
119900167,8,39,-31
119900168,94,77,17
119900169,20,20,0
119900170,9,20,-11
119900171,69,214,-145
119900172,1,2,-1
119900173,0,179,-179
119900174,1,77,-76
119900175,70,112,-42
119900177,8,92,-84
119900178,1,70,-69
119900179,6,61,-55
119900180,85,116,-31
119900181,17,4,13
119900182,3,137,-134
119900183,17,359,-342
119900184,531,59,472
119900185,0,9,-9
119900186,2,30,-28
119900187,2,192,-190
119900188,9,52,-43
119900189,33,19,14
119900190,1,25,-24
119900191,22,20,2
119900192,0,48,-48
119900193,10,36,-26
119900194,6,2,4
119900195,3,59,-56
119900196,485,101,384
119900197,7,22,-15
119900198,7,190,-183
119900199,18,3,15
119900200,15,64,-49
119900201,84,13,71
119900202,31,5,26
119900203,3,29,-26
119900204,7,47,-40
119900205,22,110,-88
119900206,5,27,-22
119900208,8,18,-10
119900209,13,59,-46
119900210,6,10,-4
119900211,14,1,13
119900212,16,215,-199
119900213,0,7,-7
119900214,2,25,-23
119900215,1,18,-17
119900216,1,30,-29
119900217,1,19,-18
119900218,0,19,-19
119900219,1,46,-45
119900220,1,36,-35
119900221,2,122,-120
119900222,6,73,-67
119900223,8,20,-12
119900224,8,4,4
119900225,253,2,251
119900226,206,81,125
119900227,274,71,203
119900228,1,66,-65
119900229,32,66,-34
119900230,243,107,136
119900231,6,41,-35
119900232,26,2,24
119900233,1,0,1
119900234,1,2,-1
119900235,1,1,0
119900236,3,44,-41
119900237,6,115,-109
119900238,0,23,-23
119900240,5,39,-34
119900241,9,81,-72
119900242,247,47,200
119900244,144,205,-61
119900245,5,37,-32
119900246,23,20,3
119900247,6,3,3
119900248,1,3,-2
119900249,16,2,14
119900253,1018,42,976
119900254,5,37,-32
119900255,13,166,-153
119900256,13,487,-474
119900257,0,0,0
119900258,4,0,4
119900259,0,87,-87
119900260,5,0,5
119900261,15,49,-34
119900262,0,82,-82
119900263,156,119,37
119900264,2,80,-78
119900265,27,77,-50
119900266,18,61,-43
119900267,1,101,-100
119900268,1,60,-59
119900269,21,291,-270
119900271,1,15,-14
119900272,9,8,1
119900275,17,3,14
119900276,0,0,0
119900277,3,1,2
119900278,30,5,25
119900279,5,21,-16
119900280,291,40,251
119900281,0,18,-18
119900282,3,0,3
119900283,1,82,-81
119900284,1,31,-30
119900285,1,11,-10
119900286,1,2,-1
119900288,0,17,-17
119900289,0,7,-7
119900290,0,3,-3
119900291,0,7,-7
119900292,1,2,-1
119900293,5,18,-13
119900294,0,19,-19
119900295,0,16,-16
119900296,0,52,-52
119900297,0,2,-2
119900298,1,3,-2
119900299,0,81,-81
119900300,3,78,-75
119900301,2,0,2
119900302,0,8,-8
119900303,7,21,-14
119900304,1,1,0
119900305,3,20,-17
119900306,2,0,2
119900307,1,13,-12
119900308,0,2,-2
119900309,3,8,-5
119900310,36,93,-57
119900311,5,67,-62
119900312,3,6,-3
119900313,20,140,-120
119900314,10,26,-16
119900315,58,811,-753
119900318,2,2,0
119900319,0,170,-170
119900320,2,255,-253
119900321,1,0,1
120000001,1617,1110,507
120000002,565,1296,-731
120000003,1127,852,275
120000004,1050,973,77
120000005,1392,921,471
120000006,440,608,-168
120000007,847,783,64
120000008,342,513,-171
120000009,1626,292,1334
120000010,403,1314,-911
120000011,232,806,-574
120000012,576,990,-414
120000013,423,898,-475
120000014,166,577,-411
120000015,418,521,-103
120000016,395,290,105
120000017,173,276,-103
120000018,877,1115,-238
120000019,159,197,-38
120000020,389,400,-11
120000021,561,344,217
120000022,780,662,118
120000023,136,441,-305
120000024,330,535,-205
120000025,370,726,-356
120000026,102,589,-487
120000027,193,471,-278
120000028,154,88,66
120000029,549,118,431
120000030,10,258,-248
120000031,455,1226,-771
120000032,3002,998,2004
120000033,478,553,-75
120000034,301,598,-297
120000035,288,661,-373
120000036,429,1029,-600
120000037,60,118,-58
120000038,2702,885,1817
120000039,82,322,-240
120000040,12,39,-27
120000041,65,682,-617
120000042,372,2131,-1759
120000043,808,829,-21
120000044,532,478,54
120000045,494,349,145
120000046,316,491,-175
120000047,375,459,-84
120000048,2120,628,1492
120000049,381,750,-369
120000050,587,1450,-863
120000051,1135,853,282
120000052,4864,713,4151
120000053,279,1734,-1455
120000054,428,2804,-2376
120000055,254,1468,-1214
120000056,531,1668,-1137
120000057,258,377,-119
120000058,39,65,-26
120000059,12,378,-366
120000061,33,152,-119
120000062,54,79,-25
120000063,406,1216,-810
120000064,64,801,-737
120000065,64,638,-574
120000066,27,85,-58
120000067,3,145,-142
120000068,31,393,-362
120000069,126,592,-466
120000070,10,415,-405
120000071,18,51,-33
120000072,53,101,-48
120000073,63,29,34
120000074,5,9,-4
120000075,22,56,-34
120000076,121,80,41
120000077,192,130,62
120000078,532,118,414
120000079,31,226,-195
120000080,50,66,-16
120000081,39,45,-6
120000082,41,78,-37
120000083,24,138,-114
120000084,97,195,-98
120000085,73,179,-106
120000086,92,299,-207
120000087,32,476,-444
120000088,109,381,-272
120000089,103,37,66
120000090,33,53,-20
120000091,46,96,-50
120000092,72,69,3
120000093,21,72,-51
120000094,8,51,-43
120000095,205,255,-50
120000096,58,526,-468
120000098,105,341,-236
120000099,59,276,-217
120000100,151,290,-139
120000101,79,228,-149
120000102,20,104,-84
120000103,79,113,-34
120000104,123,45,78
120000105,177,53,124
120000106,177,54,123
120000107,194,48,146
120000108,74,15,59
120000109,79,7,72
120000110,19,338,-319
120000111,25,575,-550
120000112,116,1806,-1690
120000113,99,1241,-1142
120000114,83,791,-708
120000115,59,823,-764
120000116,133,855,-722
120000117,342,763,-421
120000118,2,4,-2
120000119,2,10,-8
120000120,12,16,-4
120000121,0,3,-3
120000122,21,22,-1
120000123,2062,310,1752
120000124,58,124,-66
120000125,74,187,-113
120000126,29,127,-98
120000127,126,96,30
120000128,499,467,32
120000129,47,65,-18
120000130,91,79,12
120000131,72,164,-92
120000134,76,523,-447
120000135,14,112,-98
120000137,14,668,-654
120000138,36,171,-135
120000139,15,357,-342
120000140,48,210,-162
120000141,27,268,-241
120000142,17,184,-167
120000143,1,50,-49
120000144,4,1,3
120000145,19,0,19
120000146,358,131,227
120000149,96,310,-214
120000150,1041,1337,-296
120000151,65,101,-36
120000152,29,66,-37
120000153,15,190,-175
120000154,69,118,-49
120000155,28,31,-3
120000156,389,86,303
120000157,135,155,-20
120000158,73,264,-191
120000159,410,921,-511
120000160,453,272,181
120000161,205,771,-566
120000162,8,37,-29
120000163,54,551,-497
120000164,62,218,-156
120000165,43,437,-394
120000166,66,194,-128
120000167,2,6,-4
120000168,5,15,-10
120000169,84,31,53
120000170,114,26,88
120000171,26,5,21
120000172,8,3,5
120000173,975,22,953
120000174,131,2,129
120000175,218,5,213
120000176,39,41,-2
120000177,411,260,151
120000178,12,2,10
120000179,83,7,76
120000180,105,35,70
120000181,29,9,20
120000182,23,5,18
120000183,1,28,-27
120000184,16,381,-365
120000186,1,6,-5
120000187,24,4,20
120000188,27,2,25
120000190,290,0,290
120000191,555,0,555
120000192,395,0,395
120000193,96,1,95
120000195,7,0,7
120000196,85,9,76
120000197,14,25,-11
120000198,21,75,-54
120000199,8,0,8
120000200,21,0,21
120000201,3,1,2
120000202,1,17,-16
120000203,2,115,-113
120000207,0,39,-39
120000208,3,128,-125
120000209,1,53,-52
120000210,57,23,34
120000211,7,1,6
120000212,3,0,3
120000213,8,128,-120
120000214,0,145,-145
120000215,1,60,-59
120000216,5,2,3
120000217,247,573,-326
120000218,88,891,-803
120000219,6,497,-491
120000220,6,1765,-1759
120000225,76,1,75
120000226,18,0,18
120000227,50,2,48
120000228,3242,337,2905
120000230,10,2,8
120000231,63,592,-529
120000233,7,0,7
120000235,49,318,-269
120000236,0,0,0
120000237,4,999,-995
120000238,0,22,-22
120000241,144,219,-75
120000412,257,2,255
120000413,12,133,-121
120000414,4,1,3
120000415,0,59,-59
120000416,0,8,-8
120000417,1,34,-33
120000418,3,1,2
120000419,1,131,-130
120000420,8,4,4
120000421,4787,2042,2745
120000422,79,88,-9
120000423,0,7,-7
120000424,2,36,-34
120000436,35,75,-40
120000437,112,36,76
120000438,1959,107,1852
120000439,12,69,-57
120000443,16,0,16
120000444,21,186,-165
120000445,167,200,-33
120000446,230,66,164
120000447,0,0,0
120000449,3,0,3
120000450,0,123,-123
120000451,1,86,-85
120000452,6,1,5
120000453,0,157,-157
120000454,0,0,0
120000455,4,16,-12
120000456,908,624,284
120000457,301,257,44
120000458,110,261,-151
120000459,18,16,2
120000665,193,34,159
120000668,28,20,8
120000669,18,138,-120
120000670,111,90,21
120000671,91,59,32
120000672,16,140,-124
120900001,2,4,-2
120900002,8,28,-20
120900003,32,20,12
120900004,0,8,-8
120900005,1,1069,-1068
120900006,19,14,5
120900007,18,55,-37
120900008,8,394,-386
120900009,55,52,3
120900010,27,10,17
120900011,20,19,1
120900012,164,61,103
120900013,24,4,20
120900014,0,239,-239
120900015,70,18,52
120900016,31,19,12
120900017,960,22,938
120900018,6,181,-175
120900019,54,17,37
120900020,65,62,3
120900021,25,6,19
120900022,5,141,-136
120900023,13,2,11
120900024,203,120,83
120900025,502,134,368
120900026,3,55,-52
120900027,85,57,28
120900028,13,4,9
120900029,1,17,-16
120900030,96,68,28
120900031,16,8,8
120900032,71,25,46
120900033,45,3,42
120900034,18,175,-157
120900035,8,49,-41
120900037,15,1,14
120900038,21,17,4
120900039,5,3,2
120900040,6,0,6
120900041,6,1,5
120900042,11,16,-5
120900043,1,1,0
120900044,1,109,-108
120900045,23,25,-2
120900046,15,0,15
120900047,10,10,0
120900048,6,0,6
120900049,8,1,7
120900050,1163,131,1032
120900051,14,11,3
120900052,14,0,14
120900053,14,8,6
120900054,236,202,34
120900055,27,0,27
120900056,20,0,20
120900057,3,1,2
120900058,19,0,19
120900059,2,0,2
120900060,1,5,-4
120900061,59,83,-24
120900062,10,0,10
120900063,26,0,26
120900064,41,0,41
120900065,24,1,23
120900066,8,97,-89
120900067,13,8,5
120900068,3,0,3
120900069,3,17,-14
120900071,0,0,0
120900072,37,0,37
120900073,14,5,9
120900074,14,1,13
120900076,8,0,8
120900077,820,14,806
120900078,33,386,-353
120900079,42,41,1
120900080,33,1420,-1387
120900081,47,44,3
120900082,95,53,42
120900083,3,0,3
120900084,12,21,-9
120900085,49,12,37
120900086,48,19,29
120900087,38,11,27
120900088,14,39,-25
120900089,1733,189,1544
120900090,6,41,-35
120900091,45,40,5
120900092,85,258,-173
120900093,1787,41,1746
120900094,128,51,77
120900095,24,5,19
120900096,7,25,-18
120900097,115,702,-587
120900098,68,46,22
120900099,18,53,-35
120900100,9,204,-195
120900101,43,135,-92
120900102,2,72,-70
120900103,3,43,-40
120900104,5,21,-16
120900105,5,393,-388
120900106,345,186,159
120900107,127,67,60
120900108,1,530,-529
120900109,7,303,-296
120900110,1,229,-228
120900111,31,178,-147
120900112,3,625,-622
120900113,6,328,-322
120900114,7,114,-107
120900115,21,26,-5
120900116,7,257,-250
120900117,0,228,-228
120900118,1,416,-415
120900119,1117,879,238
120900120,7,288,-281
120900121,18,128,-110
120900122,5,285,-280
120900123,0,238,-238
120900124,1,348,-347
120900125,1,372,-371
120900126,236,272,-36
120900127,1,292,-291
120900128,210,370,-160
120900129,10,207,-197
120900130,0,100,-100
120900131,4,22,-18
120900132,53,134,-81
120900133,41,432,-391
120900134,43,193,-150
120900135,0,354,-354
120900136,2,4,-2
120900137,4,36,-32
120900138,4,127,-123
120900139,0,414,-414
120900140,0,16,-16
120900141,5,22,-17
120900142,2,394,-392
120900143,2,518,-516
120900144,0,120,-120
120900145,8,367,-359
120900146,1,388,-387
120900147,1,91,-90
120900148,3,42,-39
120900149,0,166,-166
120900150,4,188,-184
120900151,1,262,-261
120900152,18,31,-13
120900153,0,17,-17
120900154,0,93,-93
120900155,14,537,-523
120900156,4,161,-157
120900157,4,104,-100
120900158,1,257,-256
120900159,17,278,-261
120900160,11,142,-131
120900161,3,464,-461
120900162,3,541,-538
120900163,1,18,-17
120900164,0,0,0
120900165,0,0,0
120900166,0,8,-8
120900167,6,8,-2
120900169,9,129,-120
120900170,637,203,434
120900171,360,65,295
120900172,243,21,222
120900173,1,23,-22
120900174,0,27,-27
120900175,84,37,47
120900176,0,41,-41
120900177,0,53,-53
120900178,0,17,-17
120900179,86,91,-5
120900180,9,16,-7
120900181,1,39,-38
120900182,4,152,-148
120900183,58,27,31
120900184,16,43,-27
120900185,1,135,-134
120900186,1,315,-314
120900187,19,97,-78
120900188,19,2,17
120900189,11,57,-46
120900190,1,1,0
120900191,0,5,-5
120900192,5895,301,5594
120900194,7,12,-5
120900195,18,144,-126
120900196,59,25,34
120900197,23,6,17
120900198,23,239,-216
120900199,14,26,-12
120900200,16,14,2
120900201,237,53,184
120900202,1,101,-100
120900203,4,14,-10
120900204,111,150,-39
120900205,8,41,-33
120900206,1,0,1
120900207,11,355,-344
121000001,193,326,-133
121000002,374,275,99
121000003,1248,504,744
121000004,836,465,371
121000005,630,767,-137
121000006,983,436,547
121000007,797,980,-183
121000008,916,575,341
121000009,1832,1252,580
121000010,2239,605,1634
121000011,2635,1662,973
121000012,3705,1154,2551
121000013,1716,1665,51
121000014,2199,1639,560
121000015,987,1746,-759
121000016,1569,927,642
121000017,336,780,-444
121000018,442,355,87
121000019,4664,1744,2920
121000020,3101,1545,1556
121000021,662,669,-7
121000022,344,423,-79
121000023,783,684,99
121000024,507,808,-301
121000025,242,93,149
121000026,47,24,23
121000027,622,266,356
121000028,151,111,40
121000029,90,207,-117
121000030,35,50,-15
121000031,191,188,3
121000032,37,28,9
121000034,32,6,26
121000035,27,20,7
121000036,138,117,21
121000037,141,173,-32
121000038,126,174,-48
121000039,44,90,-46
121000041,74,105,-31
121000042,16,81,-65
121000043,192,137,55
121000044,302,128,174
121000045,30,110,-80
121000046,31,88,-57
121000047,15,50,-35
121000049,551,323,228
121000050,79,328,-249
121000051,126,83,43
121000052,60,174,-114
121000053,21,2,19
121000054,8,62,-54
121000055,461,340,121
121000056,179,245,-66
121000057,49,53,-4
121000058,296,127,169
121000059,340,247,93
121000060,129,164,-35
121000061,9,29,-20
121000062,49,41,8
121000063,168,153,15
121000064,94,113,-19
121000065,126,105,21
121000066,119,130,-11
121000067,198,94,104
121000068,75,28,47
121000069,113,27,86
121000070,208,331,-123
121000071,110,145,-35
121000072,186,123,63
121000073,147,174,-27
121000074,33,52,-19
121000075,31,10,21
121000076,455,93,362
121000077,12,5,7
121000078,60,19,41
121000080,793,168,625
121000081,304,218,86
121000082,57,107,-50
121000083,33,26,7
121000084,137,73,64
121000085,139,145,-6
121000086,80,175,-95
121000087,28,89,-61
121000088,172,130,42
121000089,36,48,-12
121000090,43,106,-63
121000091,722,270,452
121000092,44,37,7
121000093,32,56,-24
121000094,100,59,41
121000095,39,60,-21
121000096,982,473,509
121000097,270,329,-59
121000098,52,326,-274
121000099,82,250,-168
121000100,91,213,-122
121000101,1,11,-10
121000102,16,154,-138
121000103,3,13,-10
121000104,21,29,-8
121000105,25,60,-35
121000106,5,8,-3
121000107,601,1211,-610
121000109,500,439,61
121000110,43,84,-41
121000114,685,671,14
121000115,251,241,10
121000116,163,165,-2
121000117,376,54,322
121000118,513,66,447
121000119,27,50,-23
121000120,68,83,-15
121000121,55,93,-38
121000123,154,106,48
121000127,7,42,-35
121000128,110,175,-65
121000129,92,98,-6
121000130,50,224,-174
121000131,189,140,49
121000132,129,137,-8
121000135,122,47,75
121000136,419,74,345
121000137,116,25,91
121000138,141,88,53
121000139,81,16,65
121000141,74,30,44
121000142,234,109,125
121000143,39,6,33
121000144,216,332,-116
121000145,81,324,-243
121000146,224,222,2
121000147,150,168,-18
121000148,125,249,-124
121000149,348,310,38
121000152,85,90,-5
121000153,539,144,395
121000154,221,162,59
121000155,237,200,37
121000156,95,170,-75
121000157,556,341,215
121000158,102,142,-40
121000159,33,184,-151
121000160,91,266,-175
121000161,18,106,-88
121000162,10,122,-112
121000165,269,174,95
121000166,11,86,-75
121000168,38,75,-37
121000169,8,68,-60
121000170,37,17,20
121000171,24,42,-18
121000172,94,147,-53
121000173,336,184,152
121000174,19,208,-189
121000175,66,103,-37
121000176,71,72,-1
121000177,111,173,-62
121000178,37,14,23
121000179,11,48,-37
121000181,92,129,-37
121000182,14,64,-50
121000183,16,18,-2
121000184,2,13,-11
121000185,3,53,-50
121000186,35,90,-55
121000187,16,76,-60
121000188,31,100,-69
121000192,119,135,-16
121000193,80,82,-2
121000194,605,389,216
121000195,100,284,-184
121000196,131,37,94
121000197,18,127,-109
121000198,36,34,2
121000199,19,175,-156
121000200,47,28,19
121000201,2,90,-88
121000202,45,6,39
121000203,41,635,-594
121000204,153,76,77
121000205,11,134,-123
121000206,24,33,-9
121000207,171,93,78
121000208,0,136,-136
121000209,28,196,-168
121000210,74,236,-162
121000211,9,40,-31
121000212,45,283,-238
121000213,1745,352,1393
121000214,161,209,-48
121000215,330,165,165
121000216,43,83,-40
121000217,781,396,385
121000218,179,516,-337
121000219,187,108,79
121000220,95,36,59
121000221,28,84,-56
121000222,721,775,-54
121000223,124,205,-81
121000224,61,14,47
121000225,193,130,63
121000226,132,134,-2
121000227,3,76,-73
121000228,1,322,-321
121000229,7,197,-190
121000230,25,778,-753
121000231,0,0,0
121000232,43,11,32
121000233,46,71,-25
121000234,0,4,-4
121000235,0,9,-9
121000236,1,15,-14
121000237,0,4,-4
121000238,0,27,-27
121000239,0,0,0
121000240,0,48,-48
121000241,24,3,21
121000242,2,30,-28
121000243,8,2,6
121000244,0,28,-28
121000245,0,0,0
121000246,0,44,-44
121000247,5,0,5
121000248,28,105,-77
121000249,11,79,-68
121000250,32,11,21
121000251,11,191,-180
121000252,4,7,-3
121000253,40,224,-184
121000254,77,102,-25
121000255,30,50,-20
121000256,17,34,-17
121000257,5,33,-28
121000258,9,20,-11
121000259,4,6,-2
121000260,21,45,-24
121000261,8,9,-1
121000262,213,155,58
121000263,202,202,0
121000271,55,382,-327
121000273,11,6,5
121000274,0,10,-10
121000275,2,3,-1
121000276,0,0,0
121000278,4,16,-12
121000289,9,1,8
121000290,251,187,64
121000294,9,79,-70
121000297,207,130,77
121000299,41,88,-47
121000300,189,182,7
121000302,16,44,-28
121000303,96,71,25
121000304,17,4,13
121000305,25,30,-5
121000306,2,10,-8
121000308,32,55,-23
121000309,135,227,-92
121000310,37,141,-104
121000311,20,168,-148
121000312,37,22,15
121000313,138,80,58
121000314,60,18,42
121000315,31,10,21
121000530,137,351,-214
121000531,216,366,-150
121000532,982,685,297
121000533,513,479,34
121000918,4,89,-85
121000919,2,10,-8
121000938,89,31,58
121000939,100,27,73
121000956,81,460,-379
121000957,1,9,-8
121000958,1,38,-37
121000959,68,378,-310
121000960,98,617,-519
121000961,47,1,46
121000962,80,92,-12
121000973,0,79,-79
121000976,0,17,-17
121000979,0,1,-1
121000981,65,3,62
121000982,30,50,-20
121000983,28,159,-131
121000984,0,6,-6
121000985,53,230,-177
121000986,8,133,-125
121000987,64,533,-469
121000988,90,47,43
121001302,74,34,40
121001308,1,9,-8
121001309,19,13,6
121001313,11,153,-142
121001314,1813,1085,728
121001315,1372,483,889
121001326,44,62,-18
121001327,37,37,0
121001328,72,4,68
121900001,21,49,-28
121900002,4,5,-1
121900003,2,0,2
121900004,1,40,-39
121900005,0,1,-1
121900006,0,1,-1
121900007,9,112,-103
121900008,3,0,3
121900009,0,0,0
121900010,10,0,10
121900011,1,23,-22
121900012,0,0,0
121900013,0,0,0
121900014,46,10,36
121900015,4,2,2
121900016,0,0,0
121900017,4,9,-5
121900018,9,0,9
121900019,15,53,-38
121900020,2,0,2
121900021,0,0,0
121900022,2,3,-1
121900023,0,10,-10
121900024,22,4,18
121900025,25,17,8
121900026,4,0,4
121900027,6,7,-1
121900028,0,0,0
121900029,0,6,-6
121900030,37,55,-18
121900031,71,257,-186
121900032,4,2,2
121900033,9,8,1
121900034,13,8,5
121900035,103,61,42
121900036,1,13,-12
121900037,9,30,-21
121900038,3,7,-4
121900039,19,1,18
121900040,1,5,-4
121900041,5,8,-3
121900042,4,10,-6
121900043,0,0,0
121900044,38,2,36
121900046,0,0,0
121900047,9,11,-2
121900048,1,6,-5
121900050,0,0,0
121900051,6,15,-9
121900052,0,4,-4
121900053,15,24,-9
121900054,9,32,-23
121900055,0,0,0
121900058,3,27,-24
121900059,7,2,5
121900060,5,10,-5
121900062,0,2,-2
121900063,19,12,7
121900064,2,23,-21
121900066,0,0,0
121900067,0,0,0
121900069,50,11,39
121900070,6,13,-7
121900071,8,23,-15
121900072,0,12,-12
121900073,8,12,-4
121900074,1,12,-11
121900075,18,20,-2
121900076,1,27,-26
121900078,0,0,0
121900079,0,0,0
121900080,16,24,-8
121900082,1,8,-7
121900084,0,32,-32
121900086,0,0,0
121900087,9,8,1
121900088,97,214,-117
121900089,1,19,-18
121900090,0,13,-13
121900091,2,5,-3
121900092,0,0,0
121900093,0,3,-3
121900094,0,0,0
121900095,20,10,10
121900096,80,10,70
121900097,7,12,-5
121900098,0,0,0
121900099,0,0,0
121900100,5,3,2
121900101,11,5,6
121900102,2,6,-4
121900103,38,4,34
121900104,58,15,43
121900105,3,1,2
121900106,0,1,-1
121900107,0,0,0
121900108,0,0,0
121900109,14,9,5
121900110,6,130,-124
121900111,145,20,125
121900112,6,1,5
121900113,0,4,-4
121900114,0,0,0
121900117,5,2,3
121900118,171,12,159
121900119,0,26,-26
121900120,0,208,-208
121900121,0,0,0
121900122,0,0,0
121900123,4,34,-30
121900124,7,31,-24
121900125,121,109,12
121900127,0,5,-5
121900128,4,10,-6
121900129,176,7,169
121900130,5,9,-4
121900131,8,6,2
121900132,1,6,-5
121900133,0,0,0
121900134,0,14,-14
121900135,137,11,126
121900136,1,79,-78
121900137,0,12,-12
121900138,3,11,-8
121900139,72,44,28
121900140,1,8,-7
121900141,2,0,2
121900142,2,1,1
121900143,0,5,-5
121900144,111,55,56
121900145,9,8,1
121900146,28,58,-30
121900147,27,39,-12
121900148,9,20,-11
121900149,11,72,-61
121900150,37,30,7
121900151,1,13,-12
121900152,1,6,-5
121900153,1,43,-42
121900154,0,4,-4
121900155,0,6,-6
121900156,12,19,-7
121900157,0,73,-73
121900158,5,33,-28
121900159,0,13,-13
121900160,0,22,-22
121900161,77,19,58
121900162,9,14,-5
121900163,3,167,-164
121900164,17,22,-5
121900165,4,23,-19
121900166,20,22,-2
121900167,5,4,1
121900168,11,15,-4
121900169,1,110,-109
121900170,1,19,-18
121900171,9,20,-11
121900172,7,21,-14
121900173,12,6,6
121900174,0,0,0
121900175,3,12,-9
121900176,64,390,-326
121900177,8,21,-13
121900178,0,10,-10
121900179,7,7,0
121900180,1138,309,829
121900182,10,13,-3
121900183,61,24,37
121900184,0,19,-19
121900186,0,0,0
121900187,2,12,-10
121900188,61,17,44
121900189,0,7,-7
121900190,25,51,-26
121900191,0,0,0
121900192,32,25,7
121900193,1,19,-18
121900194,0,0,0
121900195,1,3,-2
121900196,29,49,-20
121900197,58,356,-298
121900198,151,27,124
121900199,0,0,0
121900200,1,12,-11
121900201,50,33,17
121900202,21,40,-19
121900203,2,16,-14
121900204,101,25,76
121900205,0,6,-6
121900206,0,0,0
121900207,4,0,4
121900208,9,30,-21
121900209,6,1,5
121900210,17,20,-3
121900211,1,7,-6
121900212,5,7,-2
121900213,1,4,-3
121900214,1,31,-30
121900215,3,3,0
121900216,0,1,-1
121900217,3,2,1
121900218,13,8,5
121900220,11,0,11
121900221,31,37,-6
121900222,0,9,-9
121900223,0,3,-3
121900224,0,2,-2
121900225,3,2,1
121900226,0,10,-10
121900227,4,10,-6
121900228,7,11,-4
121900230,5,8,-3
121900231,26,16,10
121900232,23,19,4
121900233,21,21,0
121900234,4,19,-15
121900235,10,17,-7
121900236,15,7,8
121900237,35,89,-54
121900238,16,42,-26
121900239,4,0,4
121900240,22,3,19
121900241,0,5,-5
121900242,0,0,0
121900243,0,0,0
121900244,0,0,0
121900245,2,8,-6
121900246,2,2,0
121900248,72,42,30
121900250,15,14,1
121900251,5,0,5
121900252,70,8,62
121900253,52,141,-89
121900254,25,19,6
121900255,4,3,1
121900258,45,22,23
121900259,3,19,-16
121900260,1,9,-8
121900261,11,20,-9
121900262,17,49,-32
121900263,7,18,-11
121900264,172,108,64
121900265,6,27,-21
121900266,6,4,2
121900267,0,0,0
121900269,1,7,-6
121900270,0,7,-7
121900271,2,14,-12
121900273,14,65,-51
121900274,11,25,-14
121900277,10,230,-220
121900278,0,122,-122
121900279,3,71,-68
121900280,2,52,-50
121900281,34,1,33
121900284,0,0,0
121900286,0,19,-19
121900287,0,3,-3
121900288,1,0,1
121900290,10,28,-18
121900291,71,72,-1
121900292,9,31,-22
121900293,158,791,-633
121900294,8,0,8
121900295,3,15,-12
121900296,0,0,0
121900298,13,34,-21
121900299,0,0,0
121900300,0,0,0
121900301,0,0,0
121900302,0,0,0
121900303,6,27,-21
121900304,0,0,0
121900305,0,0,0
121900306,0,2,-2
121900307,0,0,0
121900308,1,74,-73
121900309,0,50,-50
121900310,0,139,-139
121900311,15,0,15
121900312,3,2,1
121900313,10,1,9
121900314,0,10,-10
121900315,0,0,0
121900316,0,0,0
121900317,0,0,0
121900318,0,0,0
121900319,0,0,0
121900320,0,0,0
121900321,0,0,0
121900322,0,0,0
121900323,0,0,0
121900324,0,0,0
121900325,0,0,0
121900326,0,0,0
121900327,0,5,-5
121900328,0,2,-2
121900329,1,33,-32
121900330,0,0,0
121900331,0,0,0
121900332,0,1,-1
121900333,1,0,1
121900334,0,0,0
122000001,264,453,-189
122000002,538,206,332
122000003,230,214,16
122000004,450,170,280
122000005,468,148,320
122000006,275,99,176
122000007,211,169,42
122000008,587,371,216
122000009,95,28,67
122000010,542,475,67
122000011,417,225,192
122000012,282,292,-10
122000013,228,217,11
122000014,363,260,103
122000015,292,183,109
122000016,105,188,-83
122000017,219,244,-25
122000018,303,330,-27
122000019,157,338,-181
122000020,34,38,-4
122000021,79,105,-26
122000022,99,128,-29
122000023,62,149,-87
122000024,196,281,-85
122000025,183,276,-93
122000026,338,144,194
122000027,180,500,-320
122000028,115,57,58
122000029,64,41,23
122000030,103,29,74
122000031,9,22,-13
122000032,209,352,-143
122000033,116,154,-38
122000034,102,121,-19
122000035,84,145,-61
122000036,89,173,-84
122000037,90,33,57
122000038,75,74,1
122000039,173,111,62
122000040,89,70,19
122000041,62,128,-66
122000042,62,138,-76
122000043,26,34,-8
122000044,27,31,-4
122000045,256,143,113
122000046,129,155,-26
122000047,66,39,27
122000048,451,476,-25
122000049,708,450,258
122000050,308,184,124
122000051,59,36,23
122000052,59,25,34
122000053,13,112,-99
122000054,511,373,138
122000055,340,413,-73
122000056,738,632,106
122000057,662,431,231
122000058,782,296,486
122000059,817,510,307
122000060,271,150,121
122000061,93,40,53
122000062,323,50,273
122000063,149,82,67
122000064,748,840,-92
122000065,973,605,368
122000066,112,110,2
122000067,152,200,-48
122000068,99,126,-27
122000069,234,190,44
122000070,43,221,-178
122000071,129,129,0
122000072,85,84,1
122000073,85,108,-23
122000074,189,147,42
122000075,60,101,-41
122000076,223,186,37
122000077,234,158,76
122000078,704,529,175
122000079,154,136,18
122000080,85,53,32
122000081,27,43,-16
122000082,174,118,56
122000083,184,419,-235
122000084,146,121,25
122000085,75,246,-171
122000086,407,477,-70
122000087,60,67,-7
122000088,24,34,-10
122000089,809,432,377
122000090,42,94,-52
122000091,31,23,8
122000092,10,1,9
122000093,367,496,-129
122000094,1354,481,873
122000095,357,234,123
122000096,151,81,70
122000098,471,331,140
122000099,207,149,58
122000100,165,92,73
122000101,32,117,-85
122000102,373,218,155
122000103,172,256,-84
122000104,38,34,4
122000105,43,53,-10
122000106,62,103,-41
122000107,104,101,3
122000108,94,180,-86
122000109,31,59,-28
122000110,68,100,-32
122000111,542,242,300
122000112,124,164,-40
122000113,60,174,-114
122000114,594,410,184
122000115,657,291,366
122000116,95,75,20
122000117,161,46,115
122000118,103,83,20
122000119,456,265,191
122000120,452,474,-22
122000121,572,374,198
122000122,112,206,-94
122000123,334,113,221
122000124,132,63,69
122000125,125,118,7
122000126,95,96,-1
122000127,200,202,-2
122000128,92,144,-52
122000129,45,50,-5
122000130,252,104,148
122000131,350,82,268
122000132,184,66,118
122000133,175,432,-257
122000134,86,138,-52
122000135,157,266,-109
122000136,55,69,-14
122000137,73,206,-133
122000139,308,412,-104
122000140,194,70,124
122000141,926,141,785
122000142,58,148,-90
122000143,110,60,50
122000144,298,149,149
122000145,157,134,23
122000146,19,102,-83
122000147,106,55,51
122000148,481,209,272
122000149,427,166,261
122000150,184,121,63
122000151,39,96,-57
122000152,92,72,20
122000153,39,22,17
122000154,27,13,14
122000155,280,270,10
122000156,821,622,199
122000157,412,440,-28
122000158,68,126,-58
122000159,101,228,-127
122000160,656,183,473
122000161,198,92,106
122000162,198,229,-31
122000163,48,20,28
122000164,32,18,14
122000165,191,127,64
122000166,164,152,12
122000167,68,95,-27
122000168,50,108,-58
122000169,128,48,80
122000170,66,77,-11
122000171,15,14,1
122000172,322,279,43
122000173,177,406,-229
122000174,465,286,179
122000175,444,122,322
122000176,105,125,-20
122000177,478,511,-33
122000178,677,196,481
122000179,447,461,-14
122000180,458,336,122
122000181,330,722,-392
122000182,407,114,293
122000183,209,44,165
122000184,1577,450,1127
122000185,504,329,175
122000186,111,228,-117
122000187,123,242,-119
122000188,69,66,3
122000189,70,26,44
122000190,48,345,-297
122000191,84,111,-27
122000192,138,26,112
122000193,35,108,-73
122000194,102,30,72
122000195,33,97,-64
122000196,184,98,86
122000197,33,26,7
122000198,104,284,-180
122000199,110,63,47
122000200,212,85,127
122000201,550,677,-127
122000202,329,409,-80
122000203,413,294,119
122000204,326,545,-219
122000205,205,194,11
122000206,454,126,328
122000207,200,225,-25
122000208,237,349,-112
122000209,291,44,247
122000210,287,523,-236
122000211,160,327,-167
122000212,83,92,-9
122000213,192,211,-19
122000214,257,290,-33
122000215,311,371,-60
122000217,390,344,46
122000218,23,6,17
122000219,451,269,182
122000220,96,166,-70
122000221,28,97,-69
122000222,128,16,112
122000223,209,105,104
122000225,105,59,46
122000226,225,441,-216
122000227,66,266,-200
122000228,45,133,-88
122000229,6,84,-78
122000230,20,183,-163
122000231,37,183,-146
122000232,46,233,-187
122000233,0,18,-18
122000234,26,64,-38
122000235,101,66,35
122000236,74,41,33
122000237,15,17,-2
122000238,19,16,3
122000239,39,23,16
122000240,94,41,53
122000241,118,64,54
122000242,27,21,6
122000243,25,13,12
122000244,13,138,-125
122000245,16,85,-69
122000246,44,27,17
122000247,83,215,-132
122000248,389,385,4
122000249,58,103,-45
122000250,190,56,134
122000251,65,52,13
122000252,82,2,80
122000253,6,70,-64
122000254,14,9,5
122000255,104,265,-161
122000256,95,366,-271
122000257,24,105,-81
122000258,12,67,-55
122000259,16,187,-171
122000260,59,340,-281
122000261,0,41,-41
122000262,1,25,-24
122000263,15,35,-20
122000264,21,42,-21
122000265,155,75,80
122000266,306,52,254
122000267,13,26,-13
122000268,32,82,-50
122000269,86,54,32
122000270,43,27,16
122000271,44,315,-271
122000272,64,266,-202
122000273,47,168,-121
122000274,19,82,-63
122000275,18,91,-73
122000276,19,127,-108
122000277,101,273,-172
122000278,80,216,-136
122000279,27,107,-80
122000280,226,240,-14
122000281,134,207,-73
122000282,14,19,-5
122000283,473,10,463
122000284,22,16,6
122000285,173,25,148
122000286,46,37,9
122000287,71,160,-89
122000288,73,29,44
122000291,122,95,27
122000293,133,50,83
122000294,21,13,8
122000295,216,43,173
122000296,26,135,-109
122000297,724,376,348
122000299,40,89,-49
122000300,67,135,-68
122000301,3419,382,3037
122000302,240,106,134
122000303,1532,286,1246
122000304,1,44,-43
122000305,210,215,-5
122000306,6,271,-265
122000307,35,33,2
122000309,7,33,-26
122000310,2,4,-2
122000311,18,18,0
122000312,35,10,25
122000313,9,9,0
122000314,29,55,-26
122000315,14,0,14
122000316,48,53,-5
122000317,162,64,98
122000318,16,35,-19
122000319,93,129,-36
122000320,105,1018,-913
122000321,28,126,-98
122000322,528,243,285
122000323,346,346,0
122000324,434,273,161
122000325,144,187,-43
122000326,4,14,-10
122000327,59,115,-56
122000328,186,193,-7
122000330,216,82,134
122000333,8,62,-54
122000337,116,615,-499
122000338,29,141,-112
122000340,69,60,9
122000342,560,215,345
122000343,48,406,-358
122000344,4,0,4
122000345,39,56,-17
122000346,58,127,-69
122000348,72,217,-145
122000349,13,160,-147
122000351,8,25,-17
122000352,42,18,24
122000353,6,34,-28
122000355,24,36,-12
122000356,308,174,134
122000357,7,1,6
122000358,0,8,-8
122000359,0,4,-4
122000360,0,7,-7
122000362,11,27,-16
122000364,6,122,-116
122000365,0,5,-5
122000366,0,2,-2
122000368,71,156,-85
122000370,1,27,-26
122000371,1,0,1
122000372,0,0,0
122000381,4,84,-80
122000382,13,80,-67
122000384,447,332,115
122000385,1,0,1
122000386,16,129,-113
122000387,69,158,-89
122000388,162,136,26
122000389,67,277,-210
122000390,38,50,-12
122000391,3,4,-1
122000392,55,83,-28
122000393,16,225,-209
122000394,68,84,-16
122000395,26,77,-51
122000396,36,31,5
122000397,8,15,-7
122000398,1,17,-16
122000399,7,26,-19
122000400,13,26,-13
122000401,22,45,-23
122000402,3,7,-4
122000403,92,476,-384
122000404,24,51,-27
122000408,229,296,-67
122000503,0,2,-2
122000524,28,15,13
122000544,0,151,-151
122000614,76,39,37
122000616,173,1,172
122000640,7,48,-41
122000641,5,166,-161
122000642,316,329,-13
122000643,9,5,4
122000644,45,10,35
122000645,53,72,-19
122000651,211,168,43
122000664,25,10,15
122000665,187,144,43
122000666,105,225,-120
122000673,19,157,-138
122000674,30,27,3
122000675,205,450,-245
122000686,29,293,-264
122000687,62,102,-40
122000688,44,225,-181
122000689,76,215,-139
122000690,80,268,-188
122000691,65,625,-560
122000692,60,123,-63
122000693,53,339,-286
122000695,31,240,-209
122000696,33,75,-42
122000698,17,388,-371
122000699,40,14,26
122000701,135,111,24
122000702,91,355,-264
122000703,7,5,2
122000712,0,1,-1
122000717,146,7,139
122000718,370,91,279
122000719,3,13,-10
122000720,25,54,-29
122000724,72,62,10
122900001,0,0,0
122900002,91,83,8
122900003,14,5,9
122900004,7,3,4
122900005,2,1,1
122900006,99,1,98
122900007,7,7,0
122900008,164,1,163
122900009,13,0,13
122900010,0,0,0
122900012,1,2,-1
122900014,10,69,-59
122900015,180,16,164
122900016,5,92,-87
122900017,55,113,-58
122900018,20,1,19
122900020,169,59,110
122900021,16,45,-29
122900022,48,282,-234
122900023,26,41,-15
122900024,22,29,-7
122900025,1,11,-10
122900026,27,51,-24
122900027,9,173,-164
122900028,24,15,9
122900029,641,45,596
122900030,424,59,365
122900031,11,17,-6
122900032,33,86,-53
122900033,8,9,-1
122900034,194,236,-42
122900035,0,0,0
122900036,0,6,-6
122900037,31,17,14
122900038,12,273,-261
122900039,5,51,-46
122900040,4,17,-13
122900041,4,4,0
122900042,4,10,-6
122900043,17,15,2
122900044,2,7,-5
122900045,4,7,-3
122900046,14,3,11
122900047,9,23,-14
122900048,2,14,-12
122900049,440,15,425
122900051,14,28,-14
122900052,8,7,1
122900053,4,5,-1
122900055,9,16,-7
122900057,12,2,10
122900061,81,13,68
122900062,89,72,17
122900063,6,106,-100
122900064,290,107,183
122900065,54,61,-7
122900066,75,62,13
122900067,343,113,230
122900069,13,104,-91
122900070,18,5,13
122900071,11,179,-168
122900073,3,48,-45
122900074,12,168,-156
122900075,0,24,-24
122900076,1,37,-36
122900077,1,66,-65
122900078,6,51,-45
122900080,0,3,-3
122900081,1,0,1
122900082,13,1,12
122900083,0,0,0
122900084,0,37,-37
122900086,0,1,-1
122900087,12,247,-235
122900088,2,5,-3
122900089,3,43,-40
122900090,3,208,-205
122900091,0,0,0
122900092,0,31,-31
122900093,0,49,-49
122900094,1,29,-28
122900095,0,0,0
122900096,0,53,-53
122900097,0,0,0
122900098,8,9,-1
122900099,0,0,0
122900100,17,3,14
122900101,18,6,12
122900102,0,2,-2
122900103,2,1,1
122900104,3,0,3
122900105,0,1,-1
122900106,0,15,-15
122900107,0,61,-61
122900108,1,46,-45
122900109,19,44,-25
123000001,352,131,221
123000002,1185,529,656
123000003,1251,737,514
123000004,1012,1229,-217
123000005,455,613,-158
123000006,869,976,-107
123000007,560,464,96
123000008,597,1316,-719
123000009,1151,934,217
123000010,1431,1468,-37
123000011,492,235,257
123000012,254,823,-569
123000013,536,207,329
123000014,458,1260,-802
123000015,405,115,290
123000016,1891,801,1090
123000017,893,582,311
123000018,20,56,-36
123000019,14,90,-76
123000020,5,48,-43
123000021,3,66,-63
123000022,66,516,-450
123000023,329,325,4
123000024,184,120,64
123000025,20,35,-15
123000026,6,18,-12
123000027,41,44,-3
123000028,419,24,395
123000029,850,80,770
123000030,12,266,-254
123000031,24,154,-130
123000032,17,87,-70
123000033,15,30,-15
123000034,241,287,-46
123000035,43,41,2
123000036,59,100,-41
123000037,59,75,-16
123000038,30,78,-48
123000039,258,279,-21
123000040,289,106,183
123000041,135,122,13
123000042,111,117,-6
123000043,549,668,-119
123000044,1034,467,567
123000045,2387,371,2016
123000046,150,132,18
123000047,640,245,395
123000048,4,48,-44
123000049,1775,701,1074
123000050,137,180,-43
123000051,17,40,-23
123000052,170,319,-149
123000053,679,481,198
123000054,315,265,50
123000055,178,197,-19
123000056,271,514,-243
123000057,3603,1070,2533
123000058,116,120,-4
123000059,55,109,-54
123000060,116,68,48
123000061,54,177,-123
123000063,86,144,-58
123000064,153,37,116
123000065,1905,835,1070
123000066,238,171,67
123000067,88,137,-49
123000068,801,845,-44
123000069,2099,825,1274
123000070,89,183,-94
123000071,113,306,-193
123000072,245,376,-131
123000073,126,214,-88
123000074,224,648,-424
123000075,32,135,-103
123000076,214,252,-38
123000077,598,1048,-450
123000078,223,472,-249
123000079,167,528,-361
123000080,390,737,-347
123000081,59,183,-124
123000082,109,288,-179
123000083,107,18,89
123000084,67,201,-134
123000085,11,45,-34
123000086,30,166,-136
123000087,12,177,-165
123000088,245,366,-121
123000089,99,281,-182
123000090,212,346,-134
123000091,340,344,-4
123000092,331,299,32
123000094,56,28,28
123000095,32,122,-90
123000096,59,83,-24
123000097,48,438,-390
123000098,135,117,18
123000099,156,303,-147
123000100,145,97,48
123000101,179,84,95
123000102,82,120,-38
123000104,144,100,44
123000105,168,131,37
123000106,123,53,70
123000107,101,180,-79
123000108,248,354,-106
123000111,98,40,58
123000112,130,141,-11
123000113,136,534,-398
123000114,139,144,-5
123000115,23,69,-46
123000116,9,37,-28
123000117,217,714,-497
123000118,91,295,-204
123000119,65,310,-245
123000120,107,203,-96
123000121,155,206,-51
123000122,100,136,-36
123000123,161,164,-3
123000124,154,173,-19
123000125,160,125,35
123000126,265,321,-56
123000127,628,370,258
123000128,61,126,-65
123000129,6,6,0
123000130,14,3,11
123000131,54,90,-36
123000132,103,194,-91
123000133,31,113,-82
123000134,131,32,99
123000135,157,304,-147
123000136,27,446,-419
123000137,35,136,-101
123000138,6,153,-147
123000139,8,4,4
123000140,44,151,-107
123000141,31,3,28
123000142,181,220,-39
123000143,382,728,-346
123000144,2,6,-4
123000145,45,35,10
123000146,5,17,-12
123000147,10,30,-20
123000149,38,67,-29
123000150,22,32,-10
123000151,60,106,-46
123000152,14,108,-94
123000153,32,83,-51
123000154,482,239,243
123000155,601,148,453
123000156,14,13,1
123000157,144,227,-83
123000158,117,92,25
123000159,592,295,297
123000160,105,89,16
123000161,155,80,75
123000162,65,186,-121
123000163,20,8,12
123000164,89,32,57
123000165,59,715,-656
123000166,5,61,-56
123000167,10,100,-90
123000168,40,99,-59
123000169,24,11,13
123000170,0,117,-117
123000171,1,15,-14
123000172,44,186,-142
123000173,12,4,8
123000174,29,5,24
123000175,226,351,-125
123000176,47,13,34
123000177,68,387,-319
123000178,114,5,109
123000179,8,267,-259
123000180,283,68,215
123000181,94,417,-323
123000182,29,104,-75
123000183,41,24,17
123000184,25,393,-368
123000185,41,77,-36
123000186,31,214,-183
123000187,27,0,27
123000188,18,13,5
123000189,18,86,-68
123000190,4,113,-109
123000192,8,135,-127
123000193,13,178,-165
123000194,90,82,8
123000195,21,4,17
123000196,53,7,46
123000197,30,25,5
123000198,2,83,-81
123000199,1,201,-200
123000200,20,21,-1
123000201,75,16,59
123000202,11,524,-513
123000203,81,18,63
123000204,22,558,-536
123000205,66,685,-619
123000206,155,23,132
123000207,20,400,-380
123000208,37,13,24
123000209,182,45,137
123000210,55,580,-525
123000211,180,957,-777
123000212,222,35,187
123000213,67,14,53
123000215,42,26,16
123000216,43,18,25
123000217,12,2,10
123000218,31,92,-61
123000219,98,16,82
123000220,25,7,18
123000221,28,19,9
123000222,39,86,-47
123000223,15,101,-86
123000224,49,158,-109
123000225,6,18,-12
123000226,6,157,-151
123000227,6,105,-99
123000228,0,17,-17
123000229,256,674,-418
123000232,20,206,-186
123000233,42,6,36
123000234,22,258,-236
123000235,19,23,-4
123000236,27,341,-314
123000237,35,6,29
123000238,8,220,-212
123000239,80,732,-652
123000240,3,53,-50
123000241,90,16,74
123000242,11,54,-43
123000243,122,354,-232
123000244,277,163,114
123000245,6,66,-60
123000249,279,219,60
123000252,64,21,43
123000253,55,48,7
123000254,50,250,-200
123000255,116,126,-10
123000256,9,70,-61
123000257,952,702,250
123000258,194,372,-178
123000259,50,116,-66
123000260,74,195,-121
123000261,20,47,-27
123000262,9,91,-82
123000263,81,26,55
123000264,36,14,22
123000265,4,63,-59
123000266,89,182,-93
123000267,55,35,20
123000268,6,32,-26
123000269,7,10,-3
123000270,5,7,-2
123000271,21,35,-14
123000272,167,73,94
123000273,32,130,-98
123000274,89,29,60
123000275,58,393,-335
123000278,965,548,417
123000279,9,17,-8
123000280,92,146,-54
123000281,25,16,9
123000282,24,83,-59
123000283,29,14,15
123000284,6,41,-35
123000286,57,53,4
123000287,138,53,85
123000288,43,69,-26
123000289,59,100,-41
123000291,74,333,-259
123000294,76,184,-108
123000295,105,388,-283
123000296,69,111,-42
123000297,86,296,-210
123000298,42,148,-106
123000299,31,117,-86
123000300,89,149,-60
123000301,10,42,-32
123000302,18,99,-81
123000303,11,20,-9
123000305,340,357,-17
123000306,19,131,-112
123000309,6,12,-6
123000310,9,6,3
123000311,6,71,-65
123000312,334,294,40
123000313,62,42,20
123000315,10,145,-135
123000316,9,6,3
123000317,38,9,29
123000318,7,92,-85
123000329,67,7,60
123000337,16,43,-27
123000338,81,10,71
123000339,11,172,-161
123000340,15,81,-66
123000342,2,80,-78
123000343,0,0,0
123000344,115,96,19
123000345,84,158,-74
123000346,14,18,-4
123000352,504,288,216
123000353,1,59,-58
123000354,120,6,114
123000355,2,221,-219
123000356,15,1,14
123000357,0,85,-85
123000359,1,68,-67
123000360,0,0,0
123000361,165,64,101
123000362,6,38,-32
123000363,13,80,-67
123000364,96,55,41
123000365,0,49,-49
123000366,66,213,-147
123000367,77,276,-199
123000370,2,99,-97
123000371,6,1,5
123000372,32,3,29
123000373,0,118,-118
123000374,0,93,-93
123000375,14,11,3
123000376,104,133,-29
123000377,7,7,0
123000378,0,164,-164
123000379,1,113,-112
123000380,7,57,-50
123000381,10,5,5
123000382,145,13,132
123000383,48,154,-106
123000384,36,12,24
123000385,90,218,-128
123000436,0,187,-187
123000507,61,71,-10
123000508,59,85,-26
123000517,51,7,44
123000518,9,79,-70
123000519,73,24,49
123000520,24,65,-41
123000521,57,41,16
123000522,47,132,-85
123000541,0,0,0
123000542,0,20,-20
123000565,81,7,74
123000566,14,280,-266
123000567,16,105,-89
123000573,20,424,-404
123000574,47,6,41
123000575,217,454,-237
123000576,61,608,-547
123000577,45,143,-98
123000578,82,19,63
123000579,911,466,445
123000580,53,3,50
123000582,15,3,12
123000583,3,153,-150
123000584,27,33,-6
123000585,0,15,-15
123000586,0,0,0
123000596,40,54,-14
123000597,14,12,2
123000602,0,0,0
123000603,30,271,-241
123000604,40,433,-393
123000605,5,3,2
123000606,0,13,-13
123000609,1,126,-125
123000610,16,15,1
123000613,63,65,-2
123000614,10,9,1
123000615,59,118,-59
123000616,28,6,22
123000617,23,197,-174
123000618,10,242,-232
123000619,47,3,44
123000620,12,219,-207
123000622,66,9,57
123000624,34,17,17
123000630,136,86,50
123000631,38,750,-712
123000632,395,387,8
123000633,0,1,-1
123000634,4,2,2
123000635,77,20,57
123000636,2,191,-189
123000637,14,3,11
123000638,31,22,9
123000639,142,284,-142
123000640,1,379,-378
123000648,31,9,22
123000649,5,303,-298
123000650,9,19,-10
123000651,8,46,-38
123000652,29,22,7
123000653,12,199,-187
123000654,125,63,62
123000655,7,122,-115
123000656,13,12,1
123000657,1,38,-37
123000658,18,0,18
123000659,4,454,-450
123000660,197,2,195
123000661,82,10,72
123900001,447,15,432
123900002,6,224,-218
123900003,63,91,-28
123900005,10,11,-1
123900006,9,1,8
124000001,218,2,216
124000002,0,177,-177
124000003,37,23,14
124000004,20,207,-187
124000005,47,6,41
124000006,112,607,-495
124000007,58,8,50
124000008,7,112,-105
124000009,55,27,28
124000010,41,236,-195
124000011,29,11,18
124000012,66,432,-366
124000017,0,0,0
124000018,27,39,-12
124000019,0,0,0
124000020,4,79,-75
124000021,0,0,0
124000022,28,91,-63
124000023,361,71,290
124000024,375,223,152
124000025,380,64,316
124000026,273,187,86
124000027,617,86,531
124000028,727,364,363
124000031,212,86,126
124000032,2024,478,1546
124000033,208,55,153
124000034,390,445,-55
124000035,47,21,26
124000036,36,289,-253
124000037,52,34,18
124000038,4,41,-37
124000039,187,46,141
124000040,98,105,-7
124000041,55,13,42
124000042,16,111,-95
124000043,4,9,-5
124000044,7,91,-84
124000045,74,88,-14
124000046,38,303,-265
124000047,122,138,-16
124000048,98,696,-598
124000049,161,114,47
124000050,101,984,-883
124000051,56,96,-40
124000052,68,558,-490
124000053,85,158,-73
124000054,156,265,-109
124000055,256,158,98
124000056,1325,533,792
124000057,136,95,41
124000058,93,628,-535
124000059,87,120,-33
124000060,158,291,-133
124000061,237,618,-381
124000062,2976,531,2445
124000063,491,460,31
124000064,763,574,189
124000065,36,49,-13
124000066,27,1,26
124000067,42,25,17
124000068,16,29,-13
124000069,55,50,5
124000070,52,145,-93
124000071,3,11,-8
124000072,19,76,-57
124000073,43,8,35
124000074,45,271,-226
124000075,0,0,0
124000076,2,95,-93
124000077,198,149,49
124000078,430,27,403
124000079,142,163,-21
124000080,8,16,-8
124000081,29,245,-216
124000082,0,32,-32
124000083,16,67,-51
124000084,2,20,-18
124000085,11,11,0
124000086,4,11,-7
124000087,5,12,-7
124000088,20,46,-26
124000089,31,80,-49
124000090,16,156,-140
124000091,37,38,-1
124000092,21,330,-309
124000093,18,14,4
124000094,15,97,-82
124000095,3,12,-9
124000096,25,105,-80
124000097,22,31,-9
124000098,23,82,-59
124000099,4,19,-15
124000100,21,35,-14
124000101,9,65,-56
124000102,38,37,1
124000103,11,35,-24
124000104,24,28,-4
124000105,3,13,-10
124000106,36,22,14
124000107,10,17,-7
124000108,22,15,7
124000109,21,27,-6
124000110,24,58,-34
124000111,43,77,-34
124000112,103,239,-136
124000113,11,22,-11
124000114,32,288,-256
124000115,131,317,-186
124000116,9,27,-18
124000117,30,15,15
124000118,12,13,-1
124000119,87,125,-38
124000120,22,127,-105
124000121,638,112,526
124000122,219,270,-51
124000123,165,81,84
124000124,97,227,-130
124000125,41,83,-42
124000126,67,218,-151
124000127,140,99,41
124000128,103,412,-309
124000129,473,392,81
124000130,248,251,-3
124000131,233,174,59
124000132,298,329,-31
124000133,107,110,-3
124000134,137,288,-151
124000135,272,243,29
124000136,240,394,-154
124000137,143,108,35
124000138,329,329,0
124000139,168,12,156
124000140,26,201,-175
124000141,102,8,94
124000142,15,228,-213
124000143,13,2,11
124000144,3,63,-60
124000145,7,14,-7
124000146,5,56,-51
124000148,4,4,0
124000149,94,62,32
124000150,54,152,-98
124000151,66,30,36
124000152,117,327,-210
124000153,83,54,29
124000154,90,309,-219
124000155,154,119,35
124000156,327,331,-4
124000169,10,42,-32
124000170,176,115,61
124000171,10,32,-22
124000172,56,237,-181
124000173,32,102,-70
124000174,44,261,-217
124000175,2,53,-51
124000176,0,0,0
124000177,5,24,-19
124000178,0,0,0
124000185,3,1,2
124000186,1,29,-28
124000187,2,31,-29
124000188,10,2,8
124000190,19,6,13
124000191,73,11,62
124000192,39,9,30
124000193,87,378,-291
124000194,68,213,-145
124000195,43,128,-85
124000196,219,436,-217
124000197,31,10,21
124000198,2,19,-17
124000201,86,379,-293
124000202,6,8,-2
124000203,31,376,-345
124000204,1,68,-67
124000205,22,306,-284
124000206,9,102,-93
124000207,0,43,-43
124000209,17,150,-133
124000210,22,45,-23
124000211,22,0,22
124000212,1,238,-237
124000213,16,152,-136
124000214,5,177,-172
124000215,5,0,5
124000216,1,237,-236
124000329,14,905,-891
124000338,20,437,-417
124000339,40,6,34
124000341,67,12,55
124000344,43,48,-5
124000357,364,372,-8
124000358,427,562,-135
124000359,136,95,41
124000360,67,70,-3
124000361,179,93,86
124000362,408,641,-233
124000363,90,289,-199
124000364,127,520,-393
124000365,270,580,-310
124000366,1081,608,473
124000367,25,230,-205
124000368,35,18,17
124000369,18,14,4
124000370,18,151,-133
124000402,4,2,2
124000403,7,1,6
124000404,2,51,-49
124000405,139,141,-2
124000406,143,335,-192
124000407,1,11,-10
124000411,2,80,-78
124000412,23,2,21
124000413,43,21,22
124000414,18,50,-32
124000415,9,94,-85
124000416,30,124,-94
124000417,24,40,-16
124000418,15,38,-23
124000419,22,84,-62
124000420,2,26,-24
124000421,11,133,-122
124000422,0,2,-2
124000423,4,10,-6
124000424,2,30,-28
124000425,20,2,18
124000426,1,56,-55
124000427,13,7,6
124000428,10,10,0
124000429,1,49,-48
124000430,99,171,-72
124000431,47,176,-129
124000432,26,216,-190
124000439,3,0,3
124000443,1,28,-27
124000445,166,35,131
124000446,752,13,739
124000447,3,12,-9
124000448,7,5,2
124000449,12,5,7
124000450,7,153,-146
124000451,1,93,-92
124000452,354,33,321
124000453,581,403,178
124000454,947,1165,-218
124000455,3,371,-368
124000456,51,1,50
124000457,7,412,-405
124000458,5,190,-185
124000459,14,0,14
124000460,3,107,-104
124900001,19,38,-19
124900002,31,156,-125
124900003,39,69,-30
124900004,41,82,-41
124900005,24,58,-34
124900006,41,63,-22
124900008,206,122,84
124900009,10,9,1
124900010,7,4,3
124900011,15,16,-1
124900012,36,18,18
124900013,46,36,10
124900014,25,32,-7
124900015,14,10,4
124900016,7,0,7
124900017,67,51,16
124900018,12,0,12
124900020,2,3,-1
124900021,1,0,1
124900022,7,0,7
124900024,1,0,1
124900026,4,2,2
124900027,6,20,-14
124900028,103,26,77
124900030,2,33,-31
124900031,0,97,-97
124900033,5,76,-71
124900035,23,95,-72
124900036,0,20,-20
124900037,11,105,-94
124900038,59,93,-34
124900039,0,13,-13
124900040,1,14,-13
124900041,39,360,-321
124900042,3,10,-7
124900043,19,243,-224
124900044,7,0,7
124900045,80,110,-30
124900047,5,25,-20
124900050,58,105,-47
124900052,13,91,-78
124900053,12,137,-125
124900054,1016,88,928
124900055,1,29,-28
124900057,5,297,-292
124900060,18,66,-48
124900061,8,1,7
124900062,10,0,10
124900066,0,4,-4
124900067,8,104,-96
124900068,21,37,-16
124900070,0,1,-1
124900072,29,7,22
124900075,20,111,-91
124900076,29,102,-73
124900077,32,74,-42
124900078,2,1,1
124900080,33,243,-210
124900081,86,54,32
124900082,50,311,-261
124900083,65,238,-173
124900085,284,31,253
124900086,3,43,-40
124900087,64,12,52
124900088,91,14,77
124900089,367,25,342
124900090,13,21,-8
124900091,37,145,-108
124900092,40,123,-83
124900093,19,22,-3
124900094,9,39,-30
124900095,12,26,-14
124900096,49,9,40
124900097,14,14,0
124900098,29,92,-63
124900099,70,39,31
124900100,4,0,4
124900101,0,2,-2
124900102,8,0,8
124900103,9,109,-100
124900104,10,82,-72
124900105,5,57,-52
124900106,6,3,3
124900107,9,0,9
124900108,77,8,69
124900111,0,113,-113
124900112,18,180,-162
124900113,2,27,-25
124900114,3,7,-4
124900115,0,1,-1
124900116,1,6,-5
124900117,156,16,140
124900118,20,0,20
124900119,35,16,19
124900120,16,120,-104
124900121,24,9,15
124900122,112,72,40
124900123,60,20,40
124900124,102,54,48
124900125,22,0,22
124900126,1,260,-259
204000001,3,1,2
204000002,0,2,-2
204000003,0,0,0
204000004,0,0,0
204000005,119,61,58
204000006,130,93,37
204000011,9,22,-13
204000012,4,107,-103
204000019,168,162,6
204000020,67,180,-113
204000021,352,174,178
204000022,114,152,-38
204000023,110,579,-469
204000031,5,8,-3
204000032,83,12,71
204000034,27,176,-149
204000035,2,2,0
204000036,17,14,3
204000037,2,9,-7
204000038,0,14,-14
204000039,0,20,-20
204000040,1,16,-15
204000041,2,13,-11
204000042,0,0,0
204000043,0,1,-1
204000044,0,0,0
204000045,3,0,3
204000046,0,0,0
204000057,3,16,-13
204000062,18,210,-192
204000068,83,105,-22
204000069,13,62,-49
204000070,8,9,-1
204000080,12,30,-18
204000085,198,471,-273
204000086,1022,612,410
204000087,40,22,18
204000088,11,41,-30
204000090,28,243,-215
204000093,13,10,3
204000096,102,138,-36
204000097,11,17,-6
204000099,219,151,68
204000100,70,133,-63
204000105,489,485,4
204000110,194,551,-357
204000111,154,367,-213
204000112,149,328,-179
204000113,126,311,-185
204000114,80,92,-12
204000115,39,110,-71
204000116,52,134,-82
204000119,250,191,59
204000132,102,34,68
204000133,106,43,63
204000134,27,25,2
204000135,87,23,64
204000136,25,45,-20
204000138,87,41,46
204000140,38,29,9
204000141,40,12,28
204000144,0,3,-3
204000145,68,5,63
204000146,35,137,-102
204000147,14,68,-54
204000148,57,4,53
204000154,0,0,0
204000155,1,4,-3
204000177,9,14,-5
204000179,0,0,0
204000180,0,2,-2
204000222,1,2,-1
204000235,19,10,9
204000236,20,125,-105
204000238,6,8,-2
204000240,46,20,26
204000263,168,626,-458
204000268,132,51,81
204000308,7,5,2
204000317,12,37,-25
204000322,2,8,-6
204000323,0,0,0
204000328,25,9,16
204000329,33,48,-15
204000330,15,20,-5
204000331,65,97,-32
204000352,0,0,0
205000001,296,449,-153
205000013,1,42,-41
205000014,11,91,-80
205000015,15,106,-91
205000016,13,70,-57
205000017,14,23,-9
205000022,108,277,-169
205000025,907,369,538
205000029,67,9,58
205000045,15,98,-83
205000046,30,270,-240
205000047,20,233,-213
205000048,42,363,-321
205000049,33,263,-230
205000050,556,96,460
205000059,1,139,-138
205000060,0,21,-21
205000061,2,12,-10
205000062,0,9,-9
205000063,6,15,-9
205000064,3,56,-53
205000065,18,220,-202
205000066,33,442,-409
205000067,10,523,-513
205000069,277,32,245
205000082,12,17,-5
205000110,10,77,-67
205000111,57,98,-41
205000112,8,14,-6
205000113,71,49,22
205000121,4,2,2
205000123,32,103,-71
205000126,0,0,0
205000127,0,0,0
205000128,0,0,0
205000129,0,0,0
205000130,0,0,0
205000131,0,0,0
205000132,0,0,0
205000133,0,0,0
205000134,0,0,0
205000137,40,47,-7
205000138,77,86,-9
205000139,16,29,-13
205000144,13,2,11
205000145,15,3,12
205000151,0,0,0
205000152,0,0,0
205000153,0,0,0
205000154,0,0,0
205000155,0,0,0
205000207,71,85,-14
205000233,0,0,0
205000234,0,1,-1
205000243,0,0,0
205000244,0,3,-3
205000245,34,184,-150
205000249,0,10,-10
205000250,0,0,0
205000264,0,48,-48
206000027,0,0,0
206000028,0,0,0
206000043,8,93,-85
206000053,8,13,-5
206000054,13,17,-4
206000055,1,21,-20
206000075,6,3,3
206000076,11,13,-2
206000077,9,4,5
206000078,7,10,-3
206000079,13,3,10
206000082,141,8,133
206000100,17,186,-169
206000103,12,25,-13
206000104,15,28,-13
206000105,7,37,-30
206000106,8,26,-18
206000125,11,0,11
206000157,169,321,-152
206000170,2,187,-185
206000171,4,161,-157
206000172,8,601,-593
206000173,3,241,-238
206000174,3,160,-157
206000175,4,178,-174
206000176,9,316,-307
206000177,1,166,-165
206000178,0,100,-100
206000179,4,66,-62
206000180,29,116,-87
206000181,5,139,-134
206000182,24,154,-130
206000183,37,349,-312
206000184,6,326,-320
206000185,7,253,-246
206000186,79,974,-895
206000223,6,199,-193
206000226,0,0,0
206000227,0,0,0
206000237,18,289,-271
206000238,18,422,-404
206000239,278,1050,-772
206000240,2,52,-50
206000241,1,101,-100
206000242,12,354,-342
206000243,16,335,-319
206000244,45,680,-635
206000245,132,16,116
206000246,20,3,17
206000247,31,1,30
206000248,35,6,29
206000252,34,21,13
206000258,26,14,12
206000315,15,3,12
206000317,70,24,46
206000318,44,28,16
206000319,139,24,115
206000320,22,8,14
206000321,25,6,19
206000322,57,9,48
206000323,15,2,13
206000324,11,1,10
206000325,26,4,22
206000326,23,3,20
206000327,32,5,27
206000328,17,1,16
206000329,32,4,28
206000330,16,4,12
206000331,12,0,12
206000332,6,2,4
206000333,55,2,53
206000334,29,1,28
206000335,0,22,-22
206000361,10,159,-149
206000392,3,31,-28
206000405,89,1,88
206000441,0,0,0
206000498,8,7,1
206000515,123,16,107
206000530,8,7,1
206000531,10,11,-1
206000532,157,31,126
206000535,114,651,-537
206000536,9,141,-132
206000537,10,91,-81
206000613,88,25,63
206000784,345,22,323
207000001,51,170,-119
207000002,22,197,-175
207000003,29,141,-112
207000007,108,48,60
207000008,6,12,-6
207000009,35,6,29
207000010,174,383,-209
207000012,22,14,8
207000015,197,760,-563
207000019,61,45,16
207000021,101,59,42
207000022,39,30,9
207000023,28,12,16
207000024,7,6,1
207000025,0,29,-29
207000026,32,40,-8
207000027,4,27,-23
207000028,12,135,-123
207000029,58,232,-174
207000033,133,116,17
207000034,70,25,45
207000039,5,5,0
207000040,1,5,-4
207000041,0,0,0
207000042,0,0,0
207000043,0,0,0
207000051,20,181,-161
207000052,3,145,-142
207000053,160,285,-125
207000054,5,65,-60
207000055,32,123,-91
207000056,51,241,-190
207000057,41,127,-86
207000058,29,311,-282
207000059,27,572,-545
207000060,24,138,-114
207000061,28,23,5
207000062,60,22,38
207000063,40,91,-51
207000064,76,58,18
207000065,38,68,-30
207000066,30,66,-36
207000067,11,49,-38
207000068,28,19,9
207000069,230,107,123
207000082,21,183,-162
207000083,46,206,-160
207000084,13,16,-3
207000085,26,3,23
207000086,17,5,12
207000106,0,0,0
207000107,0,0,0
207000108,0,0,0
207000109,0,0,0
207000110,0,0,0
207000111,0,0,0
207000112,0,0,0
207000114,11,15,-4
207000115,11,57,-46
207000116,21,93,-72
207000117,3,71,-68
207000118,2,54,-52
207000119,3,52,-49
207000123,0,0,0
207000124,0,0,0
207000125,0,0,0
207000126,0,0,0
207000134,15,166,-151
207000135,6,127,-121
207000148,0,0,0
207000149,43,32,11
207000152,66,214,-148
207000153,328,417,-89
207000154,151,73,78
207000159,18,188,-170
207000160,21,358,-337
207000238,1,42,-41
207000242,2,56,-54
207000248,14,10,4
207000249,14,29,-15
207000250,182,22,160
207000251,25,38,-13
207000252,13,40,-27
207000278,6,6,0
207000279,10,122,-112
207000280,41,16,25
207000281,27,556,-529
207000282,4,3,1
207000283,21,57,-36
207000284,3,16,-13
207000285,66,6,60
207000291,4,62,-58
207000304,52,41,11
207000306,14,205,-191
207000310,0,0,0
207000353,0,0,0
207000356,1,15,-14
207000357,1,1,0
207000358,0,3,-3
207000415,6,41,-35
207000416,25,158,-133
207000417,0,0,0
207000418,45,45,0
207000438,0,1,-1
207000439,466,138,328
207000446,0,0,0
207000460,1,3,-2
207000466,58,78,-20
207000467,5,4,1
207000468,14,360,-346
207000476,8,31,-23
207000477,46,39,7
207000478,0,3,-3
207000523,0,22,-22
207000524,0,1,-1
207000527,44,38,6
207000530,0,0,0
207000531,0,0,0
207000532,0,0,0
207000534,0,0,0
207000535,39,72,-33
207000537,7,25,-18
207000540,2,52,-50
207000541,2,123,-121
207000548,1,102,-101
207000549,0,0,0
207000561,0,0,0
207000562,9,103,-94
207000567,35,104,-69
207000568,17,41,-24
207000569,28,431,-403
207000584,70,43,27
207000585,0,0,0
207000587,0,0,0
207000616,0,77,-77
207000617,5,0,5
207000624,0,0,0
207000631,0,0,0
208000001,58,93,-35
208000002,87,107,-20
208000003,137,115,22
208000004,139,132,7
208000005,1,5,-4
208000019,33,114,-81
208000020,10,34,-24
208000021,14,136,-122
208000022,130,292,-162
208000028,86,78,8
208000033,84,249,-165
208000034,305,323,-18
208000037,0,0,0
208000040,4,24,-20
208000041,39,67,-28
208000042,35,69,-34
208000047,22,88,-66
208000064,331,150,181
208000066,131,65,66
208000070,27,103,-76
208000071,47,127,-80
208000072,58,187,-129
208000080,45,67,-22
208000081,19,45,-26
208000082,48,104,-56
208000083,26,128,-102
208000084,2,2,0
208000085,267,182,85
208000086,172,368,-196
208000087,72,236,-164
208000089,130,171,-41
208000090,114,367,-253
208000093,16,40,-24
208000094,164,197,-33
208000095,249,83,166
208000104,117,126,-9
208000105,61,145,-84
208000114,0,0,0
208000115,50,87,-37
208000116,23,138,-115
208000117,9,24,-15
208000118,24,27,-3
208000155,134,323,-189
208000158,661,468,193
208000186,262,158,104
208000204,174,277,-103
208000205,237,481,-244
208000282,877,283,594
209000004,17,66,-49
209000005,4,11,-7
209000006,71,47,24
209000007,41,63,-22
209000010,107,73,34
209000011,48,99,-51
209000012,62,152,-90
209000013,39,336,-297
209000014,215,820,-605
209000025,51,22,29
209000026,160,32,128
209000027,97,554,-457
209000028,130,556,-426
209000029,160,514,-354
209000030,115,792,-677
209000031,1850,1158,692
209000034,91,87,4
209000035,36,78,-42
209000036,36,57,-21
209000037,34,100,-66
209000038,28,103,-75
209000039,29,63,-34
209000040,62,179,-117
209000041,80,199,-119
209000042,91,177,-86
209000043,157,232,-75
209000044,186,257,-71
209000045,76,78,-2
209000046,25,125,-100
209000047,20,42,-22
209000048,18,44,-26
209000049,23,80,-57
209000050,84,148,-64
209000051,63,151,-88
209000052,22,147,-125
209000062,12,89,-77
209000063,9,62,-53
209000064,8,80,-72
209000065,7,15,-8
209000066,10,13,-3
209000067,14,43,-29
209000080,10,86,-76
209000082,9,19,-10
209000091,12,30,-18
209000093,35,10,25
209000094,70,40,30
209000110,15,16,-1
209000111,174,185,-11
209000112,79,107,-28
209000113,154,99,55
209000114,70,66,4
209000115,24,89,-65
209000116,411,220,191
209000118,5,13,-8
209000119,11,5,6
209000121,43,418,-375
209000135,31,32,-1
209000142,379,151,228
209000143,8,18,-10
209000144,5,11,-6
209000229,23,57,-34
209000240,16,190,-174
209000259,32,81,-49
209000260,26,304,-278
209000261,2,227,-225
209000262,1,176,-175
209000263,0,59,-59
209000264,0,14,-14
209000265,0,0,0
209000266,0,0,0
209000267,0,0,0
209000268,0,0,0
210000037,2,2,0
210000047,0,1,-1
210000048,0,0,0
210000049,0,0,0
210000052,6,77,-71
210000053,6,29,-23
210000054,32,27,5
210000070,0,0,0
210000071,0,0,0
210000072,0,0,0
210000073,0,10,-10
210000074,0,58,-58
210000075,2,19,-17
210000076,0,72,-72
210000077,11,20,-9
210000078,11,7,4
210000079,0,0,0
210000080,1,0,1
210000081,5,0,5
210000082,2,0,2
210000083,6,0,6
210000084,3,0,3
210000085,0,24,-24
210000086,1,35,-34
210000099,13,88,-75
210000100,18,121,-103
210000101,23,146,-123
210000105,40,74,-34
210000159,0,52,-52
210000163,88,67,21
210000164,64,7,57
210000168,17,2,15
210000187,0,7,-7
210000188,0,6,-6
210000214,1,0,1
210000219,1,13,-12
210000220,5,18,-13
210000232,1,17,-16
210000233,0,15,-15
210000234,6,51,-45
210000235,4,85,-81
210000245,0,17,-17
210000246,0,0,0
210000258,3,60,-57
210000259,11,0,11
210000282,5,60,-55
210000285,1,57,-56
210000286,3,70,-67
210000290,0,0,0
210000295,9,53,-44
210000296,15,29,-14
210000320,20,12,8
210000321,1,6,-5
210000338,11,64,-53
210000339,162,123,39
210000340,60,93,-33
210000341,64,97,-33
210000342,27,68,-41
210000343,91,91,0
210000344,49,43,6
210000345,54,22,32
210000346,15,15,0
210000347,3,9,-6
210000348,24,3,21
210000349,7,8,-1
210000350,7,31,-24
210000351,17,31,-14
210000352,5,17,-12
210000353,8,38,-30
210000354,12,34,-22
210000355,8,24,-16
210000356,1,15,-14
210000357,8,9,-1
210000358,119,14,105
210000359,3,10,-7
210000360,10,11,-1
210000361,12,17,-5
210000362,16,35,-19
210000363,47,8,39
210000364,6,1,5
210000365,3,2,1
210000366,9,2,7
210000367,2,2,0
210000368,11,0,11
210000369,0,6,-6
210000370,4,12,-8
210000372,2,3,-1
210000373,5,0,5
210000374,2,3,-1
210000375,6,30,-24
210000376,7,31,-24
210000404,58,69,-11
210000439,1,3,-2
210000472,0,0,0
210000482,9,7,2
210000564,34,4,30
210000567,5,4,1
210000568,0,0,0
211000092,0,29,-29
211000094,0,0,0
211000169,32,1,31
211000172,2,40,-38
211000209,0,5,-5
211000226,1,2,-1
211000270,1,8,-7
211000275,4,13,-9
211000276,15,7,8
211000279,2,12,-10
211000281,4,20,-16
211000302,4,24,-20
211507980,0,2,-2
211977296,1,2,-1
212000003,11,12,-1
212000004,14,8,6
212000005,7,10,-3
212000006,3,28,-25
212000008,27,150,-123
212000009,6,80,-74
212000012,11,24,-13
212000013,0,25,-25
212000014,69,80,-11
212000015,51,103,-52
212000016,127,235,-108
212000027,79,74,5
212000028,16,50,-34
212000029,16,36,-20
212000030,0,7,-7
212000031,10,16,-6
212000048,15,20,-5
212000049,6,10,-4
212000050,8,4,4
212000051,53,91,-38
212000052,49,183,-134
212000053,111,259,-148
212000054,13,36,-23
212000055,17,63,-46
212000056,0,1,-1
212000057,1,0,1
212000058,36,0,36
212000070,45,166,-121
212000077,35,257,-222
212000099,17,42,-25
212000108,34,29,5
212000111,41,27,14
212000120,57,69,-12
212000138,5,15,-10
212000156,9,37,-28
212000158,2,3,-1
212000159,38,12,26
212000160,44,48,-4
212000161,3,1,2
212000310,2,11,-9
212000311,1,8,-7
212000374,4,5,-1
213000001,5,262,-257
213000005,21,10,11
213000006,133,26,107
213000007,8,1,7
213000009,38,5,33
213000010,27,16,11
213000011,8,13,-5
213000012,34,94,-60
213000014,3,0,3
213000015,9,0,9
213000016,7,0,7
213000017,0,0,0
213000018,0,41,-41
213000019,0,62,-62
213000020,22,49,-27
213000021,0,22,-22
213000023,0,0,0
213000033,33,151,-118
213000034,22,19,3
213000035,8,12,-4
213000045,13,124,-111
213000046,24,75,-51
213000047,147,129,18
213000056,3,2,1
213000069,0,0,0
213000073,0,9,-9
213000074,56,241,-185
213000075,11,0,11
213000076,0,0,0
213000085,3,6,-3
213000086,2,79,-77
213000091,0,0,0
213000092,0,0,0
213000099,51,250,-199
213000100,38,8,30
213000101,0,48,-48
213000102,5,199,-194
213000103,61,192,-131
213000104,12,192,-180
213000105,0,22,-22
213000106,4,105,-101
213000107,17,321,-304
213000108,3,226,-223
213000109,1,93,-92
213000110,3,11,-8
213000111,1,3,-2
213000112,30,66,-36
213000115,0,0,0
213000116,38,212,-174
213000117,4,262,-258
213000118,52,95,-43
213000119,18,272,-254
213000120,27,263,-236
213000122,53,313,-260
213000123,198,313,-115
213000124,27,496,-469
213000125,0,0,0
213000126,14,22,-8
213000127,28,47,-19
213000128,111,98,13
213000129,0,0,0
213000130,10,3,7
213000132,1,2,-1
213000133,1,1,0
213000134,15,2,13
213000136,36,3,33
213000137,70,15,55
213000139,65,3,62
213000147,4,0,4
213000148,0,0,0
213000149,1,0,1
213000150,0,18,-18
213000151,0,26,-26
213000152,0,15,-15
213000153,0,13,-13
213000154,3,89,-86
213000155,12,129,-117
213000156,17,202,-185
213000157,209,205,4
213000158,39,139,-100
213000159,35,68,-33
213000163,25,1,24
213000165,24,4,20
213000171,2,89,-87
213000172,5,130,-125
213000173,1,37,-36
213000174,0,4,-4
213000175,6,17,-11
213000176,0,34,-34
213000177,0,2,-2
213000178,1,4,-3
213000179,10,3,7
213000180,11,23,-12
213000182,3,0,3
213000184,15,127,-112
213000188,18,5,13
213000189,28,4,24
213000190,93,177,-84
213000191,29,173,-144
213000192,29,217,-188
213000193,605,50,555
213000194,0,8,-8
213000195,1,198,-197
213000196,30,296,-266
213000197,25,13,12
213000198,0,0,0
213000200,17,373,-356
213000201,35,32,3
213000202,7,284,-277
213000203,353,18,335
213000204,47,3,44
213000205,11,6,5
213000206,29,1,28
213000207,2,0,2
213000208,2,0,2
213000209,0,0,0
213000210,7,0,7
213000211,0,5,-5
213000212,4,7,-3
213000213,1,7,-6
213000218,454,933,-479
213000219,0,0,0
213000220,0,0,0
213000223,42,17,25
213000224,3,5,-2
213000225,2,1,1
213000226,2,0,2
213000227,69,23,46
213000228,16,5,11
213000229,15,4,11
213000230,34,3,31
213000232,14,186,-172
213000233,1,9,-8
213000234,6,15,-9
213000293,1,19,-18
213000294,14,1,13
213000295,3,39,-36
213000296,1,1,0
213000297,8,17,-9
213000298,9,13,-4
213000299,3,1,2
213000300,6,0,6
213000303,5,16,-11
213000304,1,1,0
213000305,8,2,6
213000306,30,7,23
213000307,13,9,4
213000308,13,95,-82
213000309,12,11,1
213000310,27,3,24
213000311,54,189,-135
213000315,12,44,-32
213000316,9,13,-4
213000322,2,19,-17
213000323,6,9,-3
213000340,46,340,-294
213000341,5,0,5
213000346,18,1,17
213000347,93,4,89
213000348,0,70,-70
213000349,0,3,-3
213000350,46,562,-516
213000366,10,98,-88
213000367,12,0,12
213000379,9,75,-66
213000386,0,74,-74
213000406,38,68,-30
213000417,130,61,69
213000425,11,19,-8
213000426,7,15,-8
213000427,5,101,-96
213000428,4,76,-72
213000429,1,0,1
213000430,12,319,-307
213000431,41,0,41
213000432,0,1,-1
213000433,1,51,-50
213000434,19,18,1
213000435,12,20,-8
213000439,7,1,6
213000441,0,0,0
213000443,61,44,17
213000445,0,26,-26
213000446,0,4,-4
213000447,0,3,-3
213000448,1,3,-2
213000449,25,0,25
213000450,0,8,-8
213000451,5,13,-8
213000452,4,1,3
213000453,10,75,-65
213000455,13,0,13
213000456,0,24,-24
213000481,7,5,2
213000482,15,4,11
213000489,100,7,93
213000491,2,25,-23
213000492,3,0,3
213000493,0,11,-11
213000494,2,0,2
213000496,2,1,1
213000497,5,63,-58
213000498,4,64,-60
213000499,22,134,-112
213000500,17,2,15
213000501,0,2,-2
213000502,13,3,10
213000503,0,12,-12
213000504,1,19,-18
213000505,0,22,-22
213000506,0,5,-5
213000507,0,66,-66
213900244,0,0,0
213900245,0,16,-16
218000003,5,6,-1
218000004,3,12,-9
218000005,2,2,0
218000006,5,33,-28
218000007,9,8,1
218000012,117,36,81
218000013,40,98,-58
218000014,167,149,18
218000019,298,158,140
218000020,118,150,-32
218000040,2,1,1
218000046,2,62,-60
218000047,3,111,-108
218000048,6,167,-161
218000049,23,106,-83
218000050,60,186,-126
218000051,17,201,-184
218000052,0,32,-32
218000053,1,3,-2
218000054,0,6,-6
218000055,0,9,-9
218000056,0,10,-10
218000057,1,15,-14
218000064,1,3,-2
218000065,24,22,2
218000066,5,32,-27
218000067,13,48,-35
218000068,15,47,-32
218000069,46,83,-37
218000070,61,124,-63
218000071,74,113,-39
218000072,93,127,-34
218000078,181,625,-444
218000079,17,31,-14
218000080,22,44,-22
218000081,78,67,11
218000082,2,46,-44
218000083,5,28,-23
218000084,38,113,-75
218000085,114,278,-164
218000086,21,101,-80
218000087,77,117,-40
218000090,16,26,-10
218000091,221,117,104
218000092,19,77,-58
218000093,41,97,-56
218000094,171,429,-258
218000099,99,114,-15
218000100,105,129,-24
218000101,67,56,11
218000102,44,106,-62
218000103,14,90,-76
218000104,4,31,-27
218000105,1,8,-7
218000106,6,1,5
218000107,10,41,-31
218000108,3,37,-34
218000112,25,6,19
218000117,14,35,-21
218000134,121,322,-201
218000135,7,53,-46
218000136,28,20,8
218000137,22,76,-54
218000138,1,31,-30
218000139,12,157,-145
218000140,28,50,-22
218000141,10,15,-5
218000142,13,36,-23
218000143,4,44,-40
218000144,7,18,-11
218000145,75,188,-113
218000146,21,35,-14
218000151,6,4,2
218000152,14,45,-31
218000170,0,12,-12
218000171,27,2,25
218000172,4,3,1
218000173,1,1,0
218000174,2,0,2
218000176,49,11,38
218000177,138,32,106
218000178,59,30,29
218000179,45,38,7
218000180,34,3,31
218000181,53,8,45
218000187,1,4,-3
218000188,1,20,-19
218000189,1,27,-26
218000190,0,3,-3
218000191,32,84,-52
218000192,42,187,-145
218000193,138,230,-92
218000194,37,194,-157
218000195,44,61,-17
218000196,98,139,-41
218000197,66,149,-83
218000198,0,56,-56
218000199,27,16,11
218000200,2,30,-28
218000201,4,12,-8
218000202,91,108,-17
218000207,6,10,-4
218000208,11,19,-8
218000211,6,15,-9
218000213,37,13,24
218000214,4,4,0
218000215,17,79,-62
218000217,1,48,-47
218000218,110,14,96
218000219,10,7,3
218000220,49,128,-79
218000221,63,73,-10
218000222,15,22,-7
218000223,85,75,10
218000224,5,25,-20
218000225,79,9,70
218000226,36,24,12
218000232,10,19,-9
218000239,0,0,0
218000240,0,0,0
218000241,0,0,0
218000242,0,0,0
218000243,0,0,0
218000244,0,0,0
218000245,0,0,0
218000246,0,0,0
218000247,0,0,0
218000248,0,19,-19
218000249,0,0,0
218000250,0,6,-6
218000251,0,11,-11
218000252,0,10,-10
218000253,0,0,0
218000254,0,9,-9
218000255,1,1,0
218000256,1,19,-18
218000267,342,406,-64
218000268,0,15,-15
218000269,0,7,-7
218000270,32,59,-27
218000271,22,48,-26
218000273,6,12,-6
218000274,7,8,-1
218000275,11,10,1
218000276,8,17,-9
218000278,25,18,7
218000279,13,28,-15
218000280,0,34,-34
218000281,4,21,-17
218000282,112,40,72
218000284,49,9,40
218000301,7,29,-22
218000302,24,11,13
218000303,21,33,-12
218000316,214,394,-180
218000317,220,503,-283
218000318,98,337,-239
218000319,234,758,-524
218000320,199,421,-222
218000338,2,15,-13
218000345,18,39,-21
218000346,5,10,-5
218000459,16,118,-102
218000490,3,16,-13
218000501,12,6,6
218000502,8,47,-39
218000503,20,7,13
218000504,15,3,12
218000505,7,83,-76
218000506,16,65,-49
218000508,0,0,0
218000510,45,3,42
218000520,28,28,0
218000521,0,27,-27
218000522,1,58,-57
218000523,5,12,-7
218000524,11,23,-12
218000525,1,4,-3
218000526,24,21,3
218000529,17,138,-121
218000531,5,9,-4
218000532,7,11,-4
218000534,4,3,1
218000537,1,11,-10
218000538,17,24,-7
218000540,92,40,52
218000543,37,14,23
218000544,38,55,-17
218000545,15,16,-1
218000546,24,40,-16
218000547,21,29,-8
218000548,27,75,-48
218000549,88,26,62
218000550,128,218,-90
218000551,64,126,-62
218000552,70,9,61
218000553,4,25,-21
218000554,12,7,5
218000555,2,12,-10
218000556,39,199,-160
218000557,108,47,61
218000558,0,0,0
218000559,0,7,-7
218000560,0,3,-3
218000561,0,0,0
218000562,11,53,-42
218000563,22,7,15
218000564,0,35,-35
218000565,5,8,-3
218000566,9,5,4
218000567,0,10,-10
218000568,0,0,0
218000569,2,9,-7
218000570,0,1,-1
218000571,0,17,-17
218000572,0,0,0
218000573,2,11,-9
218000574,0,7,-7
218000575,0,0,0
218000576,0,30,-30
218000577,0,0,0
218000578,2,23,-21
218000579,5,2,3
218000581,0,20,-20
218000582,3,0,3
218000583,0,0,0
218000584,2,5,-3
218000585,0,2,-2
218000586,3,7,-4
218000587,0,1,-1
218000588,0,1,-1
218000589,0,0,0
218000590,0,0,0
218000591,5,1,4
218000592,0,0,0
218000601,0,0,0
218000602,0,1,-1
218000603,1,0,1
218000604,0,0,0
218000605,0,15,-15
218000606,1,0,1
218000607,7,8,-1
218000608,0,0,0
218000609,0,19,-19
218000610,1,0,1
218000611,1,0,1
218000612,1,14,-13
218000613,0,0,0
218000614,0,18,-18
218000615,2,0,2
218000616,1,53,-52
218000617,0,0,0
218000618,0,4,-4
218000619,1,2,-1
218000620,2,4,-2
218000621,0,0,0
218000622,0,0,0
218000623,0,0,0
218000624,0,1,-1
218000625,0,1,-1
218000626,0,2,-2
218000628,8,16,-8
218000631,1,8,-7
218000632,1,14,-13
218000633,0,0,0
218000634,0,1,-1
218000635,2,11,-9
218000636,176,664,-488
218000637,206,243,-37
218000638,15,18,-3
218000639,9,137,-128
218000640,14,5,9
218000641,6,173,-167
218000652,30,62,-32
218000653,85,37,48
218000663,2,55,-53
218000675,2,16,-14
218000680,38,300,-262
218000681,42,19,23
218000691,33,230,-197
218000693,1,1,0
218000718,72,109,-37
218000719,9,13,-4
218000720,0,5,-5
218000721,2,3,-1
218001147,1,201,-200
218001214,8,3,5
218001258,24,1,23
218001329,1,2,-1
218001330,32,35,-3
218001351,0,1,-1
218001352,2,9,-7
218001353,0,1,-1
218001354,2,2,0
218001355,19,196,-177
218001356,35,3,32
218001357,9,159,-150
218001358,52,8,44
218001361,18,3,15
218001362,1,319,-318
219000001,8,55,-47
219000002,17,46,-29
219000003,45,24,21
219000004,79,50,29
219000017,17,9,8
219000020,40,1,39
219000022,25,0,25
219000023,30,1,29
219000029,0,65,-65
219000034,5,4,1
219000039,28,11,17
219000040,4,6,-2
219000041,21,14,7
219000051,0,37,-37
219000052,0,12,-12
219000053,0,143,-143
219000055,13,0,13
219000056,3,0,3
219000057,10,0,10
219000062,6,132,-126
219000063,10,8,2
219000064,3,29,-26
219000110,53,22,31
219000111,25,15,10
219000112,67,14,53
219000113,31,10,21
219000114,79,3,76
219000116,35,17,18
219000117,88,47,41
219000118,19,53,-34
219000123,131,53,78
219000124,13,35,-22
219000125,3,9,-6
219000126,34,49,-15
219000127,0,1,-1
219000128,22,82,-60
219000129,14,131,-117
219000130,705,462,243
219000131,922,492,430
219000133,14,34,-20
219000134,10,10,0
219000135,40,47,-7
219000136,101,135,-34
219000138,25,20,5
219000139,4,40,-36
219000140,13,0,13
219000141,9,57,-48
219000142,4,58,-54
219000143,4,38,-34
219000145,1,12,-11
219000146,4,37,-33
219000147,1,43,-42
219000148,0,49,-49
219000149,14,160,-146
219000150,2,72,-70
219000151,1,69,-68
219000157,37,62,-25
219000158,58,115,-57
219000161,78,19,59
219000163,738,177,561
219000166,31,105,-74
219000167,28,131,-103
219000168,75,18,57
219000174,102,29,73
219000175,31,2,29
219000176,25,3,22
219000177,6,1,5
219000178,2,0,2
219000179,8,2,6
219000180,15,11,4
219000182,9,4,5
219000183,3,11,-8
219000184,4,0,4
219000185,2,79,-77
219000186,1,24,-23
219000187,1,63,-62
219000189,52,92,-40
219000190,54,155,-101
219000191,415,338,77
219000192,98,97,1
219000193,308,155,153
219000195,1,35,-34
219000196,0,55,-55
219000198,4,87,-83
219000199,38,80,-42
219000200,15,71,-56
219000201,28,83,-55
219000203,12,63,-51
219000204,48,109,-61
219000205,13,87,-74
219000207,52,94,-42
219000209,8,41,-33
219000210,12,50,-38
219000213,13,182,-169
219000239,35,78,-43
219000240,50,98,-48
219000241,6,91,-85
219000242,17,89,-72
219000243,15,199,-184
219000244,6,79,-73
219000245,2,17,-15
219000246,4,1,3
219000247,26,8,18
219000248,110,23,87
219000249,24,2,22
219000250,9,6,3
219000251,50,5,45
219000252,0,0,0
219000253,0,0,0
219000255,5,8,-3
219000256,25,19,6
219000257,0,0,0
219000262,27,169,-142
219000263,18,152,-134
219000267,4,130,-126
219000268,5,7,-2
219000269,4,1,3
219000270,3,0,3
219000271,54,1,53
219000278,1,6,-5
219000279,0,2,-2
219000283,1,6,-5
219000295,10,85,-75
219000296,47,240,-193
219000297,8,65,-57
219000298,14,109,-95
219000299,52,5,47
219000300,6,146,-140
219000301,47,112,-65
219000302,6,80,-74
219000307,26,21,5
219000308,12,22,-10
219000311,20,11,9
219000312,62,6,56
219000313,36,8,28
219000314,39,228,-189
219000315,8,1,7
219000316,36,0,36
219000317,7,1,6
219000320,0,26,-26
219000321,0,10,-10
219000323,2,72,-70
219000325,0,32,-32
219000326,18,72,-54
219000327,18,23,-5
219000328,10,28,-18
219000329,210,71,139
219000330,5,26,-21
219000331,14,19,-5
219000332,12,13,-1
219000333,12,2,10
219000335,7,0,7
219000337,0,0,0
219000338,0,0,0
219000344,17,55,-38
219000345,52,80,-28
219000346,26,116,-90
219000348,40,108,-68
219000349,17,129,-112
219000350,47,46,1
219000351,0,1,-1
219000352,81,25,56
219000353,24,14,10
219000354,51,59,-8
219000355,20,10,10
219000356,633,199,434
219000363,185,20,165
219000364,65,20,45
219000365,52,5,47
219000366,349,66,283
219000368,214,87,127
219000370,469,71,398
219000371,1,11,-10
219000382,6,5,1
219000383,315,337,-22
219000385,236,226,10
219000386,460,572,-112
219000387,0,2,-2
219000390,5,2,3
219000391,2,0,2
219000397,39,41,-2
219000398,35,19,16
219000401,2,41,-39
219000402,3,33,-30
219000403,1,43,-42
219000404,3,21,-18
219000407,1,12,-11
219000409,0,0,0
219000410,0,0,0
219000411,0,0,0
219000446,112,246,-134
219000447,0,11,-11
219000448,0,0,0
219000452,16,8,8
219000453,22,28,-6
219000454,110,61,49
219000556,33,5,28
219000558,35,193,-158
219000590,11,69,-58
219000591,9,4,5
219000592,46,192,-146
219000595,1,12,-11
219000635,11,3,8
219000636,3,91,-88
219000657,6,10,-4
219000658,2,18,-16
219000673,0,11,-11
219000676,1,2,-1
219000679,14,6,8
219000684,17,0,17
219000685,0,65,-65
219000686,0,0,0
219000688,1,75,-74
219000689,30,62,-32
219000690,0,0,0
219000691,51,36,15
219000692,1,8,-7
219000693,0,10,-10
219000694,0,0,0
219000695,0,0,0
219000698,0,0,0
219000699,0,4,-4
219000727,0,139,-139
219000728,41,1,40
219000770,0,0,0
219000771,0,18,-18
219000788,142,158,-16
219001150,0,2,-2
219001151,1,8,-7
219001166,0,0,0
219001167,3,37,-34
219001178,11,1,10
220000001,2,10,-8
220000002,9,36,-27
220000003,109,178,-69
220000004,159,217,-58
220000005,400,485,-85
220000006,59,352,-293
220000007,112,351,-239
220000008,70,374,-304
220000009,92,175,-83
220000010,28,40,-12
220000011,196,220,-24
220000012,15,14,1
220000014,6,51,-45
220000015,5,28,-23
220000017,2,95,-93
220000018,1120,98,1022
220000019,27,62,-35
220000020,30,77,-47
220000021,98,53,45
220000022,132,132,0
220000023,53,69,-16
220000024,361,145,216
220000025,136,149,-13
220000026,82,47,35
220000027,4,28,-24
220000028,8,20,-12
220000029,19,60,-41
220000030,13,47,-34
220000031,17,89,-72
220000064,0,0,0
221000046,1,0,1
221000047,0,0,0
221000048,0,1,-1
221000049,0,0,0
221000050,4,0,4
221000055,20,15,5
221000057,20,1,19
221000068,107,9,98
221000069,93,13,80
221000070,43,5,38
221000071,14,1,13
221000072,69,6,63
221000073,18,9,9
221000074,0,4,-4
221000075,2,3,-1
221000076,3,11,-8
221000077,5,47,-42
221000081,11,1,10
221000082,12,1,11
221000083,7,0,7
221000084,1,0,1
221000085,2,25,-23
221000086,9,65,-56
221000087,2,89,-87
221000088,8,87,-79
221000089,8,83,-75
221000090,89,163,-74
221000098,18,4,14
221000099,45,9,36
221000100,15,3,12
221000101,42,1,41
221000102,21,1,20
221000109,0,61,-61
221000110,1,88,-87
221000111,5,79,-74
221000112,1,82,-81
221000113,8,103,-95
221000114,7,123,-116
221000120,0,3,-3
221000121,0,23,-23
221000122,2,5,-3
221000123,7,15,-8
221000124,5,89,-84
221000155,16,0,16
221000156,6,5,1
221000175,0,4,-4
221000176,0,0,0
221000182,5,0,5
221000241,221,40,181
221000242,139,138,1
221000243,60,27,33
221000244,79,156,-77
221000245,22,29,-7
221000246,6,91,-85
221000247,18,34,-16
221000248,6,105,-99
221000267,9,196,-187
221000325,7,10,-3
221000331,0,16,-16
221000338,2,0,2
221000378,35,5,30
221000381,28,34,-6
222000282,0,0,0
222000296,0,3,-3
222000568,41,2,39
222000569,11,3,8
222000570,6,5,1
222000571,17,3,14
222000577,1,87,-86
222000578,5,51,-46
222000579,12,45,-33
222000580,34,211,-177
222000599,1,50,-49
222000600,1,106,-105
222000601,4,290,-286
222000603,2,7,-5
222000604,1,18,-17
222000605,0,4,-4
222000606,0,8,-8
222000607,0,3,-3
222000608,1,8,-7
222000609,5,149,-144
222000616,7,4,3
222000617,0,0,0
222000618,0,0,0
222000620,0,0,0
222000621,0,0,0
222000623,0,0,0
222000624,0,0,0
222000625,1,9,-8
222000636,23,0,23
222000686,0,0,0
222000687,0,0,0
222001066,23,0,23
222001067,0,1,-1
222001068,1,1,0
222001069,1,8,-7
222001082,1,18,-17
222001083,3,35,-32
222001084,0,20,-20
222001085,0,55,-55
222001111,1,96,-95
222001112,2,1,1
222001313,0,0,0
222001314,0,28,-28
222001464,5,1,4
222001465,4,106,-102
222001484,0,0,0
222001485,10,40,-30
222001494,19,7,12
222001495,24,183,-159
222001496,15,3,12
222001497,20,215,-195
222001502,9,49,-40
222001503,0,0,0
222001504,6,96,-90
222001505,0,0,0
222001506,14,102,-88
222001507,0,0,0
222001510,0,0,0
222001511,8,180,-172
222001514,0,0,0
222001515,61,324,-263
222001518,0,0,0
222001519,9,246,-237
222001527,0,0,0
222001528,8,85,-77
222001529,0,0,0
222001530,7,121,-114
222001533,44,190,-146
222001534,0,0,0
222001535,8,9,-1
222001536,35,152,-117
222001537,0,0,0
222001538,18,190,-172
222001563,0,0,0
222001564,24,451,-427
222001568,18,37,-19
222001576,0,0,0
222001579,0,1,-1
222001583,4,117,-113
222001584,2,1,1
222001596,70,462,-392
222001597,25,9,16
222001626,0,86,-86
222001650,0,13,-13
222001651,1,36,-35
222001914,0,0,0
222001915,11,99,-88
222001968,48,6,42
222001969,85,256,-171
222001970,4,37,-33
222001971,0,3,-3
222001972,1,10,-9
225000001,38,22,16
225000002,47,6,41
225000003,43,5,38
225000004,30,11,19
225000005,4,1,3
225000006,0,43,-43
225000007,1435,409,1026
225000010,28,0,28
225000011,48,61,-13
225000012,16,37,-21
225000013,15,11,4
225000014,27,4,23
225000015,33,98,-65
225000021,19,12,7
225000027,59,186,-127
225000032,48,6,42
225000042,25,240,-215
225000049,6,23,-17
225000050,21,5,16
225000053,1,54,-53
225000058,21,11,10
225000067,26,118,-92
225000068,44,224,-180
225000069,35,182,-147
225000070,24,217,-193
225000071,6,143,-137
225000075,13,221,-208
225000076,18,29,-11
225000078,4,1,3
225000085,0,0,0
225000086,0,0,0
225000087,0,0,0
225000088,2,42,-40
225000089,131,128,3
225000090,2,125,-123
225000091,22,115,-93
225000092,3,22,-19
225000093,33,185,-152
225000094,5,213,-208
225000095,41,194,-153
225000096,36,176,-140
225000098,80,23,57
225000099,22,12,10
225000100,33,13,20
225000104,15,170,-155
225000110,1,156,-155
225000111,23,307,-284
225000112,42,381,-339
225000113,20,235,-215
225000114,17,119,-102
225000115,1042,138,904
225000116,49,4,45
225000117,78,25,53
225000118,50,15,35
225000119,29,6,23
225000120,12,1,11
225000121,36,1,35
225000123,37,12,25
225000125,40,56,-16
225000126,266,24,242
225000127,322,64,258
225000128,53,33,20
225000132,54,7,47
225000133,43,5,38
225000134,122,28,94
225000135,3,3,0
225000136,32,1,31
225000137,6,11,-5
225000138,129,9,120
225000143,26,63,-37
225000144,1,143,-142
225000145,0,0,0
225000146,9,53,-44
225000147,6,197,-191
225000148,0,97,-97
225000149,19,158,-139
225000151,7,81,-74
225000155,45,130,-85
225000156,49,196,-147
225000157,28,117,-89
225000158,17,192,-175
225000171,0,47,-47
225000180,14,8,6
225000181,0,14,-14
225000182,8,2,6
225000185,4,93,-89
225000187,17,113,-96
225000191,3,0,3
225000194,0,11,-11
225000208,0,31,-31
225000209,0,0,0
225000210,3,75,-72
225000217,0,3,-3
225000218,1,0,1
225000223,0,23,-23
225000224,6,0,6
225000225,0,1,-1
225000226,24,0,24
225000227,15,21,-6
225000228,1,0,1
225000229,0,44,-44
225000230,0,1,-1
225000231,0,38,-38
225000232,7,0,7
225000241,15,0,15
225000242,2,17,-15
225000249,0,0,0
225000250,12,375,-363
225000251,90,14,76
226000042,88,218,-130
226000043,4,129,-125
226000044,66,320,-254
226000045,12,230,-218
226000046,88,12,76
226000047,45,19,26
226000048,87,13,74
226000049,65,45,20
226000070,0,30,-30
226000071,0,13,-13
226000072,0,5,-5
226000073,0,1,-1
226000074,0,3,-3
226000084,3,19,-16
226000085,0,3,-3
226000086,1,2,-1
226000087,0,3,-3
226000088,2,7,-5
226000090,21,4,17
226000091,0,2,-2
226000092,1,0,1
226000093,2,0,2
226000094,1,1,0
226000095,1,2,-1
226000105,2,1,1
226000106,1,0,1
226000107,2,0,2
226000108,6,0,6
226000109,36,0,36
226000124,38,22,16
226000134,118,88,30
226000135,157,120,37
226000136,55,67,-12
226000137,1,189,-188
226000138,6,116,-110
226000139,1,7,-6
226000156,10,0,10
226000157,27,0,27
226000163,21,111,-90
226000202,1,139,-138
226000231,65,4,61
226000232,4,5,-1
227000037,19,5,14
227000038,32,3,29
227000049,0,15,-15
227000050,2,27,-25
227000055,1,0,1
227000056,0,0,0
227000084,1,13,-12
227000085,0,16,-16
227000088,6,0,6
227000089,7,0,7
227000090,13,1,12
227000091,11,0,11
227000093,12,0,12
227000094,10,0,10
227000130,9,32,-23
227000131,5,143,-138
227000132,3,198,-195
227000133,3,197,-194
227000134,5,229,-224
227000152,0,3,-3
227000153,0,34,-34
227000155,0,6,-6
227000156,0,27,-27
227000165,0,16,-16
227000196,13,153,-140
227000199,11,0,11
227000230,13,105,-92
227000232,6,1,5
227000241,85,7,78
227000242,24,283,-259
227000243,185,25,160
227000244,150,17,133
227000245,10,189,-179
227000246,13,249,-236
227000247,134,30,104
227000248,86,19,67
227000249,6,179,-173
227000251,78,210,-132
227000252,16,208,-192
227000253,36,8,28
227000262,108,4,104
227000266,45,0,45
227000267,18,532,-514
227000486,159,81,78
227000655,17,1,16
227000661,7,0,7
227000680,53,4,49
229000265,0,3,-3
229000296,0,9,-9
229000297,0,9,-9
229000298,1,23,-22
229000320,0,1,-1
229000321,0,0,0
229000412,2,13,-11
229000414,4,18,-14
229000415,0,0,0
229000416,1,1,0
229000417,0,1,-1
229000419,7,66,-59
229000440,31,12,19
229000442,0,0,0
229000443,5,1,4
229000444,0,4,-4
229000445,0,2,-2
229000446,5,10,-5
229000847,7,0,7
229000848,14,0,14
229000849,70,1,69
229000851,19,0,19
229000854,0,30,-30
229000856,0,93,-93
229000857,1,24,-23
229000858,0,76,-76
229000919,7,73,-66
229000930,1,179,-178
229000937,94,18,76
229000966,36,11,25
229000981,11,34,-23
229000985,0,9,-9
229000986,0,0,0
229000987,0,0,0
229000988,0,0,0
229000989,0,0,0
229000990,0,0,0
229000991,0,0,0
229000992,2,0,2
229000993,25,3,22
229000998,2,5,-3
229000999,8,1,7
229001034,1,0,1
229001035,0,0,0
229001037,7,16,-9
229001042,1,1,0
229001047,0,6,-6
229001050,6,7,-1
229001200,1,0,1
229001338,0,0,0
229001394,167,1,166
229001422,167,10,157
229001423,19,73,-54
229001431,73,23,50
229001432,13,47,-34
229001444,14,11,3
229001445,5,63,-58
229001503,134,48,86
229001504,50,119,-69
229001505,154,30,124
229001506,32,118,-86
229001509,5,9,-4
229001545,73,2,71
229001546,6,80,-74
229001553,40,3,37
229001554,10,62,-52
229001559,0,1,-1
229001560,0,2,-2
229001630,14,0,14
229001631,1,6,-5
229001635,0,4,-4
229001636,0,0,0
229001658,1,50,-49
229001659,71,1,70
229001660,0,0,0
229001661,0,8,-8
229001662,14,0,14
229001663,0,9,-9
229002584,37,15,22
229002831,10,14,-4
229002841,4,13,-9
229002842,0,1,-1
229002843,2,2,0
229002844,2,27,-25
229002845,0,21,-21
229002846,11,2,9
229002847,0,2,-2
229002848,0,1,-1
229002849,0,10,-10
229002850,0,0,0
229002851,4,23,-19
229002852,2,6,-4
229002853,31,2,29
229002854,2,19,-17
229002855,1,27,-26
229002856,3,1,2
229002857,0,7,-7
229002858,4,1,3
229002859,0,1,-1
229002860,3,0,3
229002861,1,0,1
229002862,0,7,-7
229002863,0,13,-13
229002864,1,5,-4
229002865,0,4,-4
229002866,0,5,-5
229002867,0,1,-1
229002868,0,0,0
229002869,1,45,-44
229002870,0,2,-2
235000066,60,29,31
235000067,19,42,-23
235000072,3,15,-12
235000073,25,89,-64
235000074,15,31,-16
235000080,2,23,-21
235000081,24,52,-28
235000082,48,21,27
235000083,27,23,4
235000084,0,8,-8
235000085,23,5,18
235000089,2,12,-10
235000092,9,66,-57
235000093,3,0,3
235000097,0,0,0
235000098,20,8,12
235000099,7,8,-1
235000116,2,2,0
235000117,158,1,157
235000133,3,117,-114
235000134,2,40,-38
235000206,0,0,0
235000207,0,0,0
235000208,1,0,1
235000209,2,0,2
235000210,0,1,-1
235000212,0,6,-6
235000213,0,0,0
235000220,1,0,1
235000221,14,3,11
235000238,4,9,-5
235000239,0,5,-5
235000242,87,41,46
235000245,540,112,428
235000246,0,27,-27
235000284,1,40,-39
235000295,0,0,0
235000305,0,0,0
235000306,0,0,0
235000307,0,0,0
235000308,0,0,0
235000309,0,0,0
235000310,0,0,0
235000311,0,1,-1
235000322,0,7,-7
235000323,0,19,-19
235000324,0,5,-5
235000325,0,8,-8
235000326,2,165,-163
235000351,0,23,-23
235000352,1,11,-10
235000353,1,7,-6
235000354,0,15,-15
235000355,0,20,-20
235000356,0,0,0
235000357,0,0,0
235000358,0,0,0
235000359,0,0,0
235000360,0,0,0
235000361,0,0,0
235000381,17,165,-148
235000382,25,9,16
235000390,0,0,0
235000391,18,9,9
235000392,32,31,1
235000393,22,29,-7
235000395,19,12,7
235000396,44,20,24
235000400,20,35,-15
235000401,4,91,-87
235000405,19,229,-210
235000406,7,176,-169
235000407,22,81,-59
235000409,142,94,48
235000410,19,84,-65
235000411,0,32,-32
235000485,0,12,-12
235000486,1,0,1
235000549,13,17,-4
235000550,20,73,-53
235000599,39,37,2
235000600,1,5,-4
235000601,1,2,-1
235000602,14,20,-6
235000614,0,1,-1
235000648,0,10,-10
235000649,6,0,6
235000685,1,0,1
235000815,2,10,-8
235000834,0,3,-3
235000855,20,3,17
235000862,6,120,-114
235000891,0,4,-4
235000892,3,3,0
235000901,18,31,-13
235000907,2,2,0
235001010,5,8,-3
235001029,144,139,5
235001030,244,48,196
235001078,42,30,12
235001079,25,69,-44
235001147,8,23,-15
235001166,2,9,-7
235001167,5,13,-8
235001169,4,153,-149
235001188,0,3,-3
235001189,1,0,1
235001197,1,13,-12
235001200,15,8,7
235001207,78,7,71
235001210,26,140,-114
235001215,6,126,-120
235001239,0,26,-26
235001244,1,0,1
235016267,0,4,-4
277102712,0,0,0
277103813,0,0,0
277104249,0,0,0
277104250,0,5,-5
277104251,0,4,-4
277104252,0,0,0
990011530,0,75,-75
990014944,1,158,-157
990015176,1,4,-3
990016032,0,70,-70
990032570,3,11,-8
990070001,0,1,-1
990070103,0,2,-2
990070601,0,6,-6
990070751,24,0,24
990070766,0,348,-348
990071180,0,41,-41
990071343,0,1,-1
990071387,0,3,-3
990071823,5,2,3
990072600,1,202,-201
990072964,1,200,-199
990073285,0,1,-1
990074393,1,279,-278
990074870,55,0,55
990075106,16,3,13
990075746,18,0,18
990076437,30,2,28
990076458,2,476,-474
997000007,3,0,3
997000041,0,44,-44
997000058,0,1,-1
997000062,2,0,2
997000069,0,0,0
997000070,1,20,-19
997000100,0,0,0
997000141,0,9,-9
997000198,7,8,-1
998000475,0,8,-8
998000736,1,102,-101
998000965,0,0,0
998001031,0,10,-10
998001700,0,5,-5
998001899,0,0,0
998001900,2,0,2
998003073,2,0,2
998101900,0,0,0
998102850,0,12,-12
998501927,0,114,-114
998501929,28,0,28
998501930,20,8,12
998501931,2,9,-7
998501932,11,0,11
998501933,12,11,1
998501937,0,0,0
998501944,0,0,0
998501950,0,2,-2
998501970,0,2,-2
998501971,0,31,-31
998501973,0,19,-19
998501974,0,77,-77
998501975,4,1,3
998501976,2,0,2
998501977,0,5,-5
998501978,0,0,0
998501979,0,5,-5
998501980,1,1,0
998501981,0,0,0
998501982,0,26,-26
998501983,0,0,0
998502006,0,1,-1
998502032,0,1,-1
998502062,0,0,0
998502063,0,0,0
998502173,8,0,8
998502269,0,1,-1
998502546,0,25,-25
998502578,0,0,0
998502599,8,16,-8
998502621,0,0,0
998601159,1,80,-79
998601292,0,1,-1
999033574,0,274,-274
999800001,0,1,-1
999800002,0,10,-10
999800003,1,5,-4
999800004,0,11,-11
999800005,0,4,-4
