ID,insum,outsum,diff
100000001,274,117,157
100000002,1014,2035,-1021
100000003,1609,1948,-339
100000004,92,642,-550
100000005,1188,1537,-349
100000006,178,148,30
100000007,563,715,-152
100000008,22,178,-156
100000009,51,425,-374
100000010,19,74,-55
100000011,92,21,71
100000012,40,85,-45
100000013,1,38,-37
100000014,9,152,-143
100000015,367,547,-180
100000016,57,615,-558
100000017,79,714,-635
100000018,287,250,37
100000019,730,1047,-317
100000020,365,1479,-1114
100000021,1357,647,710
100000022,164,1008,-844
100000023,1058,393,665
100000025,135,495,-360
100000028,181,605,-424
100000029,2,180,-178
100000030,12,16,-4
100000031,498,2345,-1847
100000032,608,1701,-1093
100000033,349,1177,-828
100000034,22,426,-404
100000035,167,445,-278
100000036,173,515,-342
100000037,401,133,268
100000038,1148,313,835
100000039,73,84,-11
100000040,97,71,26
100000041,495,168,327
100000042,410,126,284
100000043,256,81,175
100000044,13,84,-71
100000045,66,119,-53
100000046,79,100,-21
100000047,14,81,-67
100000048,51,146,-95
100000049,340,263,77
100000051,118,136,-18
100000053,38,4,34
100000054,100,2,98
100000055,237,161,76
100000056,111,314,-203
100000057,815,122,693
100000058,341,274,67
100000059,26,96,-70
100000060,339,138,201
100000061,1015,324,691
100000062,482,459,23
100000063,298,234,64
100000064,538,263,275
100000065,137,195,-58
100000066,86,135,-49
100000067,48,174,-126
100000068,109,407,-298
100000069,145,465,-320
100000072,29,83,-54
100000073,399,280,119
100000075,205,28,177
100000076,452,1986,-1534
100000077,24,158,-134
100000078,0,13,-13
100000079,2,40,-38
100000080,2,50,-48
100000081,1,28,-27
100000102,764,1761,-997
100000103,562,1005,-443
100000104,1191,880,311
100000105,457,395,62
100000106,223,1091,-868
100000107,24,364,-340
100000108,79,185,-106
100000109,180,358,-178
100000116,108,163,-55
100000117,4,37,-33
100000118,209,340,-131
100000119,454,379,75
100000121,52,234,-182
100000122,222,729,-507
100000123,394,785,-391
100000124,391,1016,-625
100000125,3004,1557,1447
100000126,169,213,-44
100000127,297,285,12
100000128,117,1258,-1141
100000129,97,354,-257
100000130,397,45,352
100000131,229,457,-228
100000132,235,722,-487
100000133,493,180,313
100000135,258,399,-141
100000139,57,323,-266
100000140,66,39,27
100000142,275,186,89
100000143,219,85,134
100000144,420,168,252
100000147,540,1943,-1403
100000150,37,175,-138
100000151,37,666,-629
100000153,3,193,-190
100000154,2,178,-176
100000155,0,21,-21
100000156,8,73,-65
100000157,70,120,-50
100000158,57,72,-15
100000159,86,610,-524
100000165,304,159,145
100000169,8,578,-570
100000174,101,342,-241
100000179,16,232,-216
100000180,170,363,-193
100000181,47,83,-36
100000188,32,37,-5
100000189,232,79,153
100000190,191,317,-126
100000191,223,209,14
100000192,2,56,-54
100000193,96,48,48
100000330,110,360,-250
100000355,88,184,-96
100000362,843,311,532
100000363,2690,2910,-220
100000364,55,164,-109
100000365,2660,3537,-877
100000366,650,342,308
100000367,2205,2609,-404
100000368,630,343,287
100000369,104,693,-589
100000370,32,361,-329
100000376,12,177,-165
100000379,186,1095,-909
100000380,834,2233,-1399
100000384,1656,2155,-499
100000385,282,1638,-1356
100000386,407,1937,-1530
100000387,729,2090,-1361
100000388,582,1227,-645
100000389,1177,1891,-714
100000390,677,726,-49
100000391,869,2279,-1410
100000392,215,562,-347
100000393,179,1463,-1284
100000394,437,1274,-837
100000395,237,1395,-1158
100000396,335,583,-248
100000397,407,2264,-1857
100000398,2808,1256,1552
100000413,0,2,-2
100000414,16,218,-202
100900002,0,1,-1
100900003,185,205,-20
100900004,1,62,-61
100900005,104,1,103
100900006,18,11,7
100900007,59,1,58
100900008,0,13,-13
100900009,7,6,1
100900010,39,2,37
100900011,130,100,30
100900012,0,11,-11
100900013,448,2,446
100900014,0,0,0
100900015,13,5,8
100900016,0,15,-15
100900017,488,16,472
100900018,0,12,-12
100900019,0,11,-11
100900020,154,0,154
100900021,207,0,207
100900022,3,8,-5
100900023,0,6,-6
100900024,148,0,148
100900025,2,0,2
100900026,83,57,26
100900027,90,978,-888
100900028,41,80,-39
100900029,35,0,35
100900030,0,18,-18
100900031,347,16,331
100900032,136,0,136
100900033,29,101,-72
100900034,738,2,736
100900035,87,1,86
100900036,0,0,0
100900037,83,47,36
100900038,2,15,-13
100900039,127,21,106
100900040,363,90,273
100900041,317,70,247
100900042,30,2377,-2347
100900043,0,3,-3
100900044,247,187,60
100900045,0,0,0
100900046,440,1,439
100900047,185,20,165
100900048,63,13,50
100900049,2,12,-10
100900050,0,1,-1
100900051,11,60,-49
100900052,36,0,36
100900053,232,0,232
100900054,1,2,-1
100900055,33,417,-384
100900056,18,38,-20
100900057,766,94,672
100900058,108,23,85
100900059,43,0,43
100900060,100,1,99
100900061,9,53,-44
100900062,5,5,0
100900063,81,304,-223
100900064,171,5,166
100900065,17,68,-51
100900066,102,18,84
100900067,0,2,-2
100900068,25,30,-5
100900069,40,1,39
100900070,200,1,199
100900071,60,36,24
100900072,1,20,-19
100900073,44,18,26
100900074,1,0,1
100900075,249,7,242
100900076,0,9,-9
100900077,19,1,18
100900078,11,64,-53
100900079,0,1,-1
100900080,59,20,39
100900081,1,72,-71
100900082,100,31,69
100900083,0,1,-1
100900085,2,173,-171
100900086,4,144,-140
100900088,98,69,29
100900089,2,26,-24
100900090,16,142,-126
100900091,0,0,0
100900092,18,53,-35
100900093,153,136,17
100900094,23,30,-7
100900095,0,7,-7
100900096,6,31,-25
100900097,3,0,3
100900098,6,5,1
100900099,0,83,-83
100900100,1,37,-36
100900101,75,14,61
100900102,0,31,-31
100900103,1,16,-15
100900104,0,19,-19
100900105,0,36,-36
100900106,4,1,3
100900107,288,123,165
100900108,0,2,-2
100900109,21,1,20
100900110,0,5,-5
100900111,2,27,-25
100900112,1,0,1
100900113,1,24,-23
100900114,0,14,-14
100900115,2,16,-14
100900116,236,154,82
100900117,53,490,-437
100900118,0,19,-19
100900119,2,1,1
100900120,2,0,2
100900121,136,94,42
100900122,22,18,4
100900123,110,2,108
100900124,0,5,-5
100900125,0,7,-7
100900126,192,1,191
100900127,0,0,0
100900128,2,66,-64
100900129,0,123,-123
100900131,3,8,-5
100900133,15,8,7
100900134,14,0,14
100900135,0,111,-111
100900137,41,12,29
100900138,41,89,-48
100900139,1,38,-37
100900140,0,19,-19
100900141,1,79,-78
100900142,0,0,0
100900143,66,71,-5
100900144,1,8,-7
100900145,2,31,-29
100900147,6,524,-518
100900148,1,42,-41
100900149,4,212,-208
100900151,4,85,-81
100900152,20,0,20
100900153,1,167,-166
100900154,21,21,0
100900155,1,13,-12
100900156,0,0,0
100900157,3,81,-78
100900159,1,3,-2
100900160,4,1,3
100900161,6,0,6
100900162,1,37,-36
100900163,1,13,-12
100900164,27,3,24
100900165,20,23,-3
100900166,2,0,2
100900167,0,7,-7
100900168,0,30,-30
100900169,4,105,-101
100900170,12,2,10
100900171,0,121,-121
100900172,0,102,-102
100900173,1,36,-35
100900174,0,18,-18
100900176,299,7,292
100900177,52,35,17
100900178,24,129,-105
100900179,34,22,12
100900180,0,0,0
100900181,1,2,-1
100900182,3,0,3
100900184,5,34,-29
100900186,97,40,57
100900187,34,35,-1
100900188,26,4,22
100900189,525,87,438
100900191,86,268,-182
100900192,6,56,-50
100900195,18,35,-17
100900197,13,29,-16
100900198,8,4,4
100900199,2,3,-1
100900200,243,28,215
100900201,2,189,-187
100900202,4,0,4
100900203,0,14,-14
100900204,5,10,-5
100900205,29,234,-205
100900206,30,80,-50
100900207,88,22,66
100900210,1,13,-12
100900211,172,33,139
100900213,18,5,13
100900214,49,16,33
100900215,2,0,2
100900217,48,16,32
101000001,628,924,-296
101000002,1716,1842,-126
101000003,21,485,-464
101000004,1855,3449,-1594
101000005,1537,2660,-1123
101000006,1599,4351,-2752
101000007,513,1770,-1257
101000009,871,182,689
101000010,275,221,54
101000011,197,131,66
101000012,116,83,33
101000013,196,508,-312
101000014,156,175,-19
101000015,1092,438,654
101000016,58,202,-144
101000017,78,121,-43
101000018,527,1137,-610
101000020,538,260,278
101000021,116,128,-12
101000022,5,36,-31
101000023,194,344,-150
101000025,134,243,-109
101000026,207,14,193
101000027,478,1107,-629
101000028,287,177,110
101000029,1,234,-233
101000030,285,100,185
101000031,17,342,-325
101000032,713,1590,-877
101000033,342,1308,-966
101000034,194,799,-605
101000035,94,64,30
101000036,136,704,-568
101000037,226,1235,-1009
101000039,502,706,-204
101000040,805,1566,-761
101000041,828,2817,-1989
101000042,23,296,-273
101000043,913,1821,-908
101000045,97,393,-296
101000046,253,688,-435
101000047,426,1547,-1121
101000048,87,191,-104
101000049,131,403,-272
101000050,112,545,-433
101000051,135,726,-591
101000052,526,602,-76
101000053,68,376,-308
101000054,263,204,59
101000055,364,569,-205
101000056,2,68,-66
101000057,229,711,-482
101000058,207,575,-368
101000059,436,1231,-795
101000060,481,280,201
101000061,40,915,-875
101000062,53,244,-191
101000063,56,593,-537
101000064,67,439,-372
101000065,47,401,-354
101000066,90,753,-663
101000067,95,190,-95
101000068,39,169,-130
101000069,76,37,39
101000070,120,177,-57
101000071,1074,467,607
101000072,130,521,-391
101000073,129,752,-623
101000074,620,1176,-556
101000075,595,572,23
101000077,633,620,13
101000078,293,339,-46
101000079,415,635,-220
101000080,388,183,205
101000081,499,493,6
101000082,625,570,55
101000083,1297,724,573
101000084,259,130,129
101000085,770,424,346
101000086,283,238,45
101000087,233,298,-65
101000088,695,431,264
101000089,354,527,-173
101000090,443,175,268
101000091,205,154,51
101000092,808,343,465
101000093,499,145,354
101000094,167,116,51
101000095,176,226,-50
101000096,238,141,97
101000097,107,114,-7
101000098,123,202,-79
101000099,97,403,-306
101000100,351,641,-290
101000101,44,199,-155
101000102,104,300,-196
101000103,153,307,-154
101000104,94,363,-269
101000105,180,272,-92
101000106,121,1092,-971
101000107,99,88,11
101000108,138,34,104
101000109,181,42,139
101000110,1,63,-62
101000111,24,36,-12
101000113,18,314,-296
101000114,571,1624,-1053
101000115,1,2,-1
101000116,2,6,-4
101000117,99,4,95
101000119,2,50,-48
101000120,6,33,-27
101000121,3,17,-14
101000122,29,40,-11
101000123,7,22,-15
101000124,447,267,180
101000125,33,79,-46
101000128,50,333,-283
101000130,80,46,34
101000131,549,145,404
101000132,309,106,203
101000135,0,31,-31
101000136,28,34,-6
101000137,2,189,-187
101000141,161,1808,-1647
101000147,476,68,408
101000148,315,2,313
101000149,4,42,-38
101000150,54,86,-32
101000151,170,20,150
101000152,82,83,-1
101000153,88,52,36
101000154,289,147,142
101000155,353,68,285
101000156,23,138,-115
101000157,2,9,-7
101000160,3,2,1
101000163,22,349,-327
101000164,179,62,117
101000165,69,190,-121
101000166,66,95,-29
101000168,509,194,315
101000252,1201,307,894
101000254,9,11,-2
101000258,38,0,38
101000261,69,65,4
101000262,342,2128,-1786
101000263,70,565,-495
101000265,6,261,-255
101000266,67,126,-59
101000269,22,7,15
101000290,61,878,-817
101000293,0,0,0
101000294,72,101,-29
101000295,100,76,24
101000301,82,438,-356
101000304,525,1100,-575
101000305,969,394,575
101000328,25,658,-633
101900001,4,28,-24
101900002,0,4,-4
101900003,3,23,-20
101900004,0,33,-33
101900005,323,1402,-1079
101900006,368,96,272
101900007,81,40,41
101900008,1,41,-40
101900009,0,156,-156
101900010,73,276,-203
101900011,13,350,-337
101900012,122,13,109
101900013,45,24,21
101900017,3,49,-46
101900018,175,100,75
101900019,11,23,-12
101900020,48,0,48
101900021,0,8,-8
101900022,28,83,-55
101900023,55,10,45
101900026,32,9,23
101900027,3,41,-38
102000001,1123,2515,-1392
102000002,810,394,416
102000003,499,1803,-1304
102000004,716,901,-185
102000005,354,1395,-1041
102000006,198,428,-230
102000007,423,2064,-1641
102000008,1357,511,846
102000009,2721,2895,-174
102000010,1242,766,476
102000011,1689,1673,16
102000012,1620,1035,585
102000018,743,1148,-405
102000019,623,553,70
102000026,140,159,-19
102000029,71,55,16
102000030,84,136,-52
102000031,17,32,-15
102000032,183,122,61
102000033,217,127,90
102000034,113,79,34
102000035,254,107,147
102000036,4,77,-73
102000037,27,11,16
102000038,10,40,-30
102000039,44,15,29
102000040,61,82,-21
102000041,34,152,-118
102000042,37,128,-91
102000043,7,130,-123
102000044,151,350,-199
102000045,198,300,-102
102000046,554,207,347
102000047,201,181,20
102000048,161,199,-38
102000049,319,274,45
102000050,265,410,-145
102000051,61,87,-26
102000052,358,248,110
102000053,265,193,72
102000054,268,176,92
102000055,300,123,177
102000056,510,121,389
102000057,533,154,379
102000058,304,242,62
102000059,212,252,-40
102000060,385,506,-121
102000061,455,391,64
102000062,978,365,613
102000063,465,603,-138
102000064,296,306,-10
102000065,28,94,-66
102000066,410,160,250
102000067,1014,1526,-512
102000068,1940,864,1076
102000069,8,666,-658
102000070,760,12,748
102000071,2376,4184,-1808
102000072,688,1088,-400
102000073,97,124,-27
102000074,194,144,50
102000075,43,33,10
102000076,156,79,77
102000077,337,107,230
102000078,555,123,432
102000079,30,27,3
102000080,154,59,95
102000081,74,260,-186
102000082,125,268,-143
102000083,260,34,226
102000084,532,42,490
102000085,699,154,545
102000086,641,175,466
102000087,94,254,-160
102000088,163,81,82
102000089,718,125,593
102000090,144,386,-242
102000091,463,299,164
102000092,45,201,-156
102000093,209,346,-137
102000094,108,71,37
102000095,118,283,-165
102000096,64,75,-11
102000097,106,116,-10
102000098,35,76,-41
102000099,249,237,12
102000100,43,271,-228
102000101,55,274,-219
102000102,55,235,-180
102000103,760,178,582
102000104,167,125,42
102000105,91,95,-4
102000106,282,94,188
102000107,762,67,695
102000108,160,87,73
102000109,118,148,-30
102000110,397,165,232
102000111,0,126,-126
102000112,39,61,-22
102000113,0,11,-11
102000114,293,202,91
102000115,68,114,-46
102000116,154,327,-173
102000117,21,189,-168
102000118,355,850,-495
102000119,182,653,-471
102000120,72,253,-181
102000121,296,87,209
102000122,158,320,-162
102000123,254,105,149
102000124,311,378,-67
102000125,190,139,51
102000126,123,248,-125
102000127,330,96,234
102000128,290,271,19
102000129,309,140,169
102000130,175,320,-145
102000131,329,195,134
102000132,135,293,-158
102000133,1577,359,1218
102000134,480,194,286
102000135,119,284,-165
102000136,313,149,164
102000137,127,77,50
102000138,58,39,19
102000139,58,112,-54
102000140,21,69,-48
102000141,13,554,-541
102000142,145,423,-278
102000143,78,77,1
102000144,130,45,85
102000145,75,64,11
102000146,93,89,4
102000147,104,148,-44
102000148,49,89,-40
102000149,160,49,111
102000150,224,7,217
102000151,31,20,11
102000152,125,36,89
102000153,249,142,107
102000154,94,61,33
102000155,6,124,-118
102000156,69,46,23
102000157,35,112,-77
102000158,48,237,-189
102000159,274,389,-115
102000161,695,644,51
102000162,46,36,10
102000163,55,143,-88
102000164,128,257,-129
102000165,80,38,42
102000166,8,62,-54
102000167,24,43,-19
102000168,41,27,14
102000169,30,268,-238
102000170,144,11,133
102000171,13,34,-21
102000172,2,128,-126
102000173,141,142,-1
102000174,78,22,56
102000175,50,8,42
102000176,8,14,-6
102000178,66,214,-148
102000179,166,94,72
102000180,356,120,236
102000181,497,88,409
102000182,245,131,114
102000183,788,285,503
102000184,682,210,472
102000185,1209,164,1045
102000186,542,319,223
102000187,312,149,163
102000188,562,368,194
102000189,630,74,556
102000190,117,829,-712
102000191,200,103,97
102000192,366,504,-138
102000193,9,33,-24
102000194,15,36,-21
102000195,308,118,190
102000196,90,97,-7
102000197,566,53,513
102000198,86,125,-39
102000199,515,39,476
102000200,58,117,-59
102000201,647,139,508
102000202,0,21,-21
102000203,106,36,70
102000204,275,85,190
102000205,618,109,509
102000206,126,83,43
102000207,187,113,74
102000208,194,213,-19
102000209,10,27,-17
102000210,253,32,221
102000211,202,16,186
102000212,277,3,274
102000213,6,52,-46
102000214,309,0,309
102000215,3,63,-60
102000216,92,59,33
102000217,2,14,-12
102000218,114,77,37
102000219,14,12,2
102000225,73,243,-170
102000226,92,137,-45
102000227,62,0,62
102000228,0,8,-8
102000229,19,35,-16
102000230,68,129,-61
102000231,121,234,-113
102000232,33,150,-117
102000233,201,95,106
102000234,9,405,-396
102000236,89,8,81
102000237,238,96,142
102000238,54,96,-42
102000240,59,174,-115
102000241,123,9,114
102000243,0,40,-40
102000245,1,19,-18
102000246,15,26,-11
102000247,88,205,-117
102000248,157,366,-209
102000249,69,35,34
102000250,4,23,-19
102000254,205,18,187
102000266,0,43,-43
102000271,13,0,13
102000286,114,176,-62
102000297,519,144,375
102000307,0,3,-3
102000316,63,32,31
102900001,453,117,336
102900002,93,6,87
102900003,26,49,-23
102900005,179,105,74
102900006,145,5,140
102900007,300,1,299
102900008,79,9,70
102900009,61,70,-9
102900010,87,237,-150
102900011,353,58,295
102900012,229,36,193
102900013,3,1,2
102900015,299,163,136
102900016,22,6,16
102900017,45,25,20
102900018,30,9,21
102900019,71,102,-31
102900020,45,1,44
102900021,24,0,24
102900022,11,20,-9
102900023,4,0,4
102900024,17,11,6
102900025,47,5,42
102900026,107,860,-753
102900027,40,18,22
102900028,19,416,-397
102900029,3,65,-62
102900030,80,154,-74
102900031,102,18,84
102900032,45,14,31
102900033,18,48,-30
102900034,403,3,400
102900035,83,32,51
102900036,153,42,111
102900037,96,35,61
102900038,72,30,42
102900039,0,145,-145
102900040,32,47,-15
102900041,8,11,-3
102900042,22,41,-19
102900043,46,25,21
102900044,69,351,-282
102900045,57,90,-33
102900046,113,28,85
102900047,11,141,-130
102900048,102,29,73
102900049,17,220,-203
102900050,35,49,-14
102900051,54,57,-3
102900053,60,54,6
102900054,34,162,-128
102900055,2,47,-45
102900056,7,39,-32
102900057,3,16,-13
102900058,270,54,216
102900059,2,1,1
102900060,1,34,-33
102900061,9,31,-22
102900062,75,65,10
102900063,742,22,720
102900064,9,148,-139
102900065,302,35,267
102900066,70,6,64
102900068,1,44,-43
102900070,48,69,-21
102900072,0,4,-4
102900073,2,0,2
102900075,3,3,0
102900076,1,5,-4
102900077,4,1,3
102900078,0,2,-2
102900079,96,1,95
102900080,180,5,175
102900081,1,86,-85
102900082,1,8,-7
102900083,5,0,5
102900084,1,7,-6
102900085,13,5,8
102900086,0,4,-4
102900087,112,31,81
102900088,15,4,11
102900089,83,11,72
102900090,0,5,-5
102900091,106,1,105
102900092,111,47,64
102900094,0,8,-8
102900095,27,0,27
102900096,18,2,16
102900097,4,17,-13
103000001,1019,838,181
103000002,1349,1306,43
103000003,1189,918,271
103000004,283,171,112
103000005,578,1314,-736
103000006,373,490,-117
103000007,118,81,37
103000008,359,305,54
103000009,744,464,280
103000010,54,16,38
103000011,483,148,335
103000012,380,497,-117
103000013,821,542,279
103000014,376,958,-582
103000015,516,228,288
103000016,235,490,-255
103000017,62,355,-293
103000018,152,56,96
103000019,113,237,-124
103000020,648,528,120
103000021,1233,1895,-662
103000022,259,444,-185
103000023,349,950,-601
103000024,34,32,2
103000025,40,553,-513
103000026,77,52,25
103000027,17,282,-265
103000028,96,115,-19
103000029,19,98,-79
103000030,490,575,-85
103000031,331,940,-609
103000032,570,366,204
103000033,1769,1482,287
103000034,380,241,139
103000035,21,443,-422
103000036,45,90,-45
103000037,180,134,46
103000038,109,315,-206
103000039,129,96,33
103000040,428,232,196
103000041,798,580,218
103000042,619,21,598
103000043,362,161,201
103000044,79,54,25
103000046,43,155,-112
103000047,247,76,171
103000048,107,37,70
103000049,20,21,-1
103000050,301,35,266
103000051,340,143,197
103000052,235,44,191
103000053,119,49,70
103000054,526,109,417
103000055,716,291,425
103000056,252,299,-47
103000057,765,101,664
103000058,373,110,263
103000059,319,165,154
103000060,340,45,295
103000061,298,251,47
103000062,207,39,168
103000063,406,305,101
103000064,37,24,13
103000065,3,67,-64
103000066,120,0,120
103000069,86,58,28
103000070,270,65,205
103000071,444,235,209
103000072,97,121,-24
103000073,394,18,376
103000074,405,17,388
103000075,21,108,-87
103000076,103,390,-287
103000077,2,120,-118
103000078,244,368,-124
103000079,127,250,-123
103000080,104,143,-39
103000081,135,357,-222
103000082,295,61,234
103000083,25,52,-27
103000084,45,1,44
103000085,0,35,-35
103000086,202,238,-36
103000087,41,282,-241
103000088,74,165,-91
103000089,100,348,-248
103000090,2175,775,1400
103000091,591,359,232
103000092,134,54,80
103000093,44,128,-84
103000094,143,43,100
103000095,16,109,-93
103000096,219,4,215
103000097,7,257,-250
103000098,188,10,178
103000099,25,94,-69
103000100,124,139,-15
103000101,692,21,671
103000102,38,76,-38
103000103,287,27,260
103000104,119,10,109
103000105,110,33,77
103000106,4,89,-85
103000107,82,5,77
103000108,664,628,36
103000109,205,392,-187
103000110,200,515,-315
103000111,155,216,-61
103000112,57,118,-61
103000113,91,361,-270
103000114,541,276,265
103000115,423,403,20
103000116,578,170,408
103000117,379,328,51
103000118,122,154,-32
103000119,281,113,168
103000120,18,106,-88
103000121,9,117,-108
103000122,210,520,-310
103000125,1,11,-10
103000126,336,0,336
103000127,1,44,-43
103000128,73,0,73
103000129,0,58,-58
103000130,23,2,21
103000131,30,23,7
103000132,18,23,-5
103000133,15,94,-79
103000134,57,313,-256
103000135,130,82,48
103000136,109,125,-16
103000137,65,210,-145
103000138,104,290,-186
103000139,1,26,-25
103000140,14,3,11
103000141,12,28,-16
103000142,23,9,14
103000143,14,31,-17
103000144,103,17,86
103000145,1,60,-59
103000150,38,8,30
103000152,20,127,-107
103000153,55,169,-114
103000156,2,37,-35
103000157,153,0,153
103000159,64,25,39
103000162,18,7,11
103000163,5,16,-11
103000164,10,4,6
103000165,16,42,-26
103000166,74,209,-135
103000167,77,43,34
103000168,80,12,68
103000169,157,331,-174
103000170,908,104,804
103000171,12,25,-13
103000172,346,43,303
103000173,365,53,312
103000174,205,129,76
103000175,122,46,76
103000176,278,328,-50
103000177,74,171,-97
103000178,22,75,-53
103000179,33,0,33
103000183,214,3,211
103000185,119,22,97
103000186,79,40,39
103000187,480,67,413
103000188,6,31,-25
103000189,272,281,-9
103000191,67,107,-40
103000292,314,563,-249
103000293,143,1103,-960
103000295,52,36,16
103000296,39,0,39
103000297,0,0,0
103000504,15,3,12
103000505,0,1,-1
103000506,1,44,-43
103000507,81,0,81
103000508,29,32,-3
103000509,129,152,-23
103000514,4,0,4
103900001,2,3,-1
103900002,94,8,86
103900003,155,4,151
103900004,43,0,43
103900005,3,68,-65
103900006,1,2,-1
103900007,80,8,72
103900008,4,0,4
103900009,106,31,75
103900010,140,4,136
103900011,125,5,120
103900012,2,67,-65
103900013,1,1,0
103900014,15,4,11
103900015,57,3,54
103900016,24,8,16
103900017,36,21,15
103900018,43,4,39
103900019,36,145,-109
103900020,75,172,-97
103900021,37,6,31
103900022,146,23,123
103900023,147,1,146
103900024,2,37,-35
103900025,0,1,-1
103900026,0,0,0
103900027,99,14,85
103900028,22,82,-60
103900029,549,47,502
103900030,41,41,0
103900031,8,0,8
103900032,63,81,-18
103900033,9,0,9
103900034,14,10,4
103900035,27,7,20
103900036,20,35,-15
103900037,29,5,24
103900038,43,144,-101
103900039,50,58,-8
103900040,4,34,-30
103900041,51,8,43
103900042,94,52,42
103900043,231,10,221
103900044,11,103,-92
103900045,120,67,53
103900047,46,2,44
103900048,0,1,-1
103900049,18,279,-261
103900050,14,103,-89
103900051,0,48,-48
103900052,90,66,24
103900053,165,41,124
103900054,59,19,40
103900055,184,79,105
103900056,6,3,3
103900057,64,6,58
103900058,230,26,204
103900059,0,3,-3
103900060,49,9,40
103900061,125,8,117
103900062,171,34,137
103900063,0,0,0
103900064,114,0,114
103900065,61,76,-15
103900066,151,22,129
103900067,160,1,159
103900068,0,0,0
103900069,18,6,12
103900070,6,45,-39
103900071,3,22,-19
103900072,10,51,-41
103900073,10,5,5
103900074,44,3,41
103900075,97,10,87
103900076,376,137,239
103900077,6,51,-45
103900078,91,20,71
103900079,8,7,1
103900080,1,9,-8
103900081,7,2,5
103900082,8,52,-44
103900083,315,624,-309
103900084,0,28,-28
103900085,11,17,-6
103900086,484,94,390
103900088,33,103,-70
103900089,4,65,-61
103900090,4,18,-14
103900091,205,27,178
103900092,285,123,162
103900093,4,66,-62
103900094,0,11,-11
103900095,39,138,-99
103900096,24,4,20
103900097,1,30,-29
103900098,119,26,93
103900099,80,3,77
103900100,128,14,114
103900101,29,146,-117
103900102,4,2,2
103900104,0,2,-2
103900105,1,5,-4
103900106,1,23,-22
103900107,168,32,136
103900108,16,32,-16
103900109,67,16,51
103900110,42,1,41
103900111,131,45,86
103900112,3,23,-20
103900113,2,27,-25
103900114,91,48,43
103900115,19,72,-53
103900116,185,547,-362
103900117,55,2,53
103900119,10,120,-110
103900120,31,31,0
103900122,150,32,118
103900123,97,188,-91
103900124,4,38,-34
103900125,87,45,42
103900126,266,8,258
103900127,22,28,-6
103900128,56,9,47
103900131,1,6,-5
103900133,336,9,327
103900134,0,1,-1
103900135,0,1,-1
103900137,0,0,0
103900138,86,35,51
103900139,88,1248,-1160
103900140,2,135,-133
103900141,60,24,36
103900142,284,9,275
103900143,86,0,86
103900144,0,9,-9
103900145,48,54,-6
103900146,100,30,70
103900147,167,16,151
103900148,188,20,168
103900149,134,51,83
103900150,845,1869,-1024
103900151,0,0,0
103900152,352,10,342
103900153,10,4,6
103900154,127,803,-676
103900155,25,38,-13
103900156,24,13,11
103900157,49,4,45
103900158,125,5,120
103900159,121,8,113
103900160,1,7,-6
103900161,6,48,-42
103900162,17,7,10
103900163,1,65,-64
103900167,0,10,-10
103900168,19,6,13
103900169,12,21,-9
103900170,0,12,-12
103900171,0,0,0
103900172,0,0,0
103900173,4,12,-8
103900174,92,1,91
103900175,1,62,-61
103900176,1,15,-14
103900177,0,2,-2
103900178,46,1,45
103900179,31,0,31
103900180,2,6,-4
103900181,8,22,-14
103900182,2,14,-12
103900184,41,5,36
103900185,3,212,-209
103900187,17,15,2
103900188,10,9,1
103900189,42,0,42
103900190,20,3,17
103900191,6,15,-9
103900192,15,10,5
103900193,6,2,4
103900194,13,6,7
103900195,2,43,-41
103900196,22,16,6
103900197,0,2,-2
103900198,5,8,-3
103900199,75,10,65
103900200,117,4,113
103900201,31,1,30
103900202,10,3,7
103900203,44,20,24
103900204,0,10,-10
103900207,0,26,-26
103900208,53,0,53
103900209,4,3,1
103900210,13,9,4
103900211,325,18,307
103900212,16,20,-4
103900213,1,8,-7
103900214,27,177,-150
103900215,6,69,-63
103900216,1,23,-22
103900217,209,13,196
103900218,7,51,-44
103900219,131,37,94
103900233,27,2,25
103900235,19,40,-21
103900236,6,18,-12
103900242,0,0,0
103900243,0,0,0
103900244,28,68,-40
103900245,33,5,28
103900246,1,1,0
103900247,1,6,-5
103900248,0,46,-46
103900249,0,42,-42
103900250,6,3,3
103900251,0,36,-36
103900253,0,3,-3
103900254,1,8,-7
103900255,14,13,1
103900256,11,8,3
103900257,97,71,26
103900258,1,0,1
103900259,0,3,-3
103900261,2,0,2
103900262,7,0,7
103900263,1,4,-3
103900264,0,0,0
103900265,0,1,-1
103900266,0,25,-25
103900267,0,3,-3
103900268,0,0,0
103900269,111,0,111
103900270,9,2,7
103900271,1,4,-3
103900272,6,0,6
103900273,13,0,13
103900274,57,0,57
103900275,65,4,61
103900276,0,0,0
103900277,0,0,0
103900278,0,1,-1
103900279,1,26,-25
103900280,0,0,0
103900281,402,76,326
103900282,4,11,-7
103900283,115,14,101
103900284,4,26,-22
103900285,0,25,-25
103900286,1,503,-502
103900287,0,15,-15
103900288,16,46,-30
103900289,1,0,1
103900290,1,31,-30
103900291,0,0,0
103900292,0,0,0
103900293,0,0,0
103900294,0,0,0
104000001,1159,596,563
104000002,881,810,71
104000003,877,609,268
104000004,1255,802,453
104000005,736,721,15
104000006,1209,897,312
104000007,2412,1616,796
104000008,147,108,39
104000009,252,75,177
104000010,104,206,-102
104000011,87,72,15
104000012,51,93,-42
104000013,59,205,-146
104000014,63,88,-25
104000015,182,32,150
104000016,59,83,-24
104000018,403,74,329
104000019,274,94,180
104000020,17,80,-63
104000021,141,36,105
104000022,106,151,-45
104000023,840,126,714
104000024,155,37,118
104000026,19,16,3
104000027,154,72,82
104000028,302,144,158
104000029,164,102,62
104000030,239,158,81
104000031,661,61,600
104000032,83,107,-24
104000033,569,75,494
104000034,114,48,66
104000035,691,93,598
104000036,459,139,320
104000037,63,48,15
104000038,249,147,102
104000039,154,23,131
104000040,17,227,-210
104000041,329,93,236
104000042,98,90,8
104000043,74,80,-6
104000044,136,145,-9
104000045,353,188,165
104000046,225,210,15
104000047,214,211,3
104000048,311,267,44
104000049,198,153,45
104000050,31,240,-209
104000051,72,184,-112
104000052,1307,882,425
104000053,563,213,350
104000054,161,31,130
104000055,887,538,349
104000056,246,87,159
104000057,234,64,170
104000058,511,283,228
104000059,247,377,-130
104000060,535,482,53
104000061,420,333,87
104000062,292,73,219
104000064,295,122,173
104000065,30,174,-144
104000069,198,557,-359
104000070,6,210,-204
104000071,145,57,88
104000072,300,64,236
104000075,1,24,-23
104000076,191,25,166
104000082,890,1272,-382
104000083,223,85,138
104000084,126,111,15
104000085,193,95,98
104000086,137,118,19
104000087,70,284,-214
104000090,309,148,161
104000092,587,263,324
104000094,177,248,-71
104000095,1174,570,604
104000096,930,12,918
104000097,1012,86,926
104000098,1599,131,1468
104000100,1337,156,1181
104000101,643,622,21
104000106,95,294,-199
104000107,284,104,180
104000108,68,33,35
104000109,75,37,38
104000110,202,471,-269
104000111,507,1184,-677
104000112,192,181,11
104000116,0,169,-169
104000117,176,99,77
104000118,535,51,484
104000119,306,112,194
104000120,168,92,76
104000121,82,143,-61
104000122,294,261,33
104000123,329,219,110
104000124,97,348,-251
104000125,428,1350,-922
104000126,232,233,-1
104000127,714,600,114
104000128,223,54,169
104000129,106,20,86
104000130,1,192,-191
104000131,112,198,-86
104000132,258,243,15
104000133,649,430,219
104000134,429,766,-337
104000135,175,447,-272
104000136,285,917,-632
104000137,799,138,661
104000138,429,217,212
104000139,572,747,-175
104000141,166,270,-104
104000142,353,190,163
104000143,408,113,295
104000144,46,82,-36
104000145,127,44,83
104000146,41,167,-126
104000147,54,143,-89
104000148,193,58,135
104000149,41,35,6
104000150,461,203,258
104000151,139,106,33
104000152,239,83,156
104000153,495,314,181
104000154,202,128,74
104000155,177,649,-472
104000157,527,443,84
104000158,61,152,-91
104000159,308,108,200
104000160,973,1218,-245
104000161,50,40,10
104000162,69,38,31
104000165,266,287,-21
104000167,438,723,-285
104000168,510,2,508
104000169,126,23,103
104000170,32,99,-67
104000248,169,219,-50
104000251,4,50,-46
104000272,0,0,0
104000273,0,0,0
104000274,0,0,0
104000275,0,0,0
104000279,556,909,-353
104000290,3,276,-273
104000291,471,415,56
104000293,417,433,-16
104000294,41,0,41
104000295,549,528,21
104000296,207,199,8
104000297,541,1129,-588
104000298,754,316,438
104000299,346,281,65
104000302,30,49,-19
104000303,131,66,65
104900001,17,24,-7
104900002,6,105,-99
104900003,29,28,1
104900004,10,21,-11
104900005,209,54,155
104900006,190,5,185
104900007,164,29,135
104900009,15,26,-11
104900010,43,1,42
104900011,1,0,1
104900012,50,4,46
104900013,33,0,33
104900014,510,46,464
104900015,15,0,15
104900016,50,23,27
104900017,41,35,6
104900018,0,12,-12
104900019,27,1651,-1624
104900020,36,33,3
104900021,0,4,-4
104900022,1,50,-49
104900023,0,12,-12
104900024,1,83,-82
104900025,23,20,3
104900026,0,12,-12
104900027,306,153,153
104900028,2,25,-23
104900029,0,40,-40
104900030,120,61,59
104900031,5,65,-60
104900032,3,4,-1
104900033,49,42,7
104900034,129,47,82
104900035,146,93,53
104900036,306,14,292
104900037,62,9,53
104900038,28,503,-475
104900039,153,538,-385
104900040,353,6,347
104900041,106,33,73
104900042,121,58,63
104900043,24,232,-208
104900044,473,11,462
104900045,111,48,63
104900046,223,21,202
104900047,183,27,156
104900048,267,24,243
104900049,114,21,93
104900050,307,3,304
104900051,143,23,120
104900052,145,1,144
104900053,171,16,155
104900054,155,7,148
104900055,143,2,141
104900056,116,2,114
104900057,27,0,27
104900058,132,2,130
104900059,67,7,60
104900061,9,23,-14
104900063,0,15,-15
104900064,1,32,-31
104900065,6,50,-44
104900066,0,5,-5
104900067,0,34,-34
104900068,0,19,-19
104900070,10,7,3
104900071,0,32,-32
104900072,1,18,-17
104900073,19,17,2
104900074,8,5,3
104900075,0,1,-1
104900076,38,7,31
104900077,30,49,-19
104900078,28,21,7
104900079,13,324,-311
104900080,16,46,-30
104900082,0,27,-27
104900085,0,57,-57
104900089,412,1,411
104900091,71,140,-69
104900093,22,42,-20
104900097,332,868,-536
104900098,32,5,27
104900099,4,151,-147
104900100,18,33,-15
104900102,28,4,24
104900103,35,17,18
104900106,30,15,15
104900107,8,37,-29
104900108,0,7,-7
104900109,37,66,-29
104900110,1,30,-29
104900111,52,7,45
104900112,140,26,114
104900113,273,19,254
104900114,226,66,160
104900115,246,19,227
104900116,97,8,89
104900118,0,3,-3
104900119,0,7,-7
104900120,31,296,-265
104900121,0,11,-11
104900122,0,16,-16
104900123,170,2,168
104900124,65,0,65
104900125,134,1,133
104900126,0,3,-3
104900127,2,3,-1
104900128,40,1,39
104900129,200,1096,-896
105000001,1023,477,546
105000002,865,547,318
105000003,719,1154,-435
105000004,475,278,197
105000005,665,422,243
105000006,380,661,-281
105000007,533,787,-254
105000008,247,970,-723
105000009,1612,1392,220
105000010,874,395,479
105000011,1357,1270,87
105000012,790,565,225
105000013,400,423,-23
105000014,1541,1235,306
105000015,2940,5649,-2709
105000016,475,403,72
105000017,709,413,296
105000018,200,376,-176
105000019,422,371,51
105000020,28,220,-192
105000021,122,81,41
105000022,31,35,-4
105000023,343,78,265
105000028,7,51,-44
105000029,222,501,-279
105000030,1180,699,481
105000031,0,7,-7
105000033,449,349,100
105000034,41,446,-405
105000037,216,52,164
105000038,385,516,-131
105000039,229,233,-4
105000040,326,358,-32
105000041,106,162,-56
105000042,630,440,190
105000043,214,198,16
105000044,282,71,211
105000045,93,69,24
105000046,515,37,478
105000047,138,134,4
105000048,600,136,464
105000049,121,144,-23
105000050,430,249,181
105000051,89,125,-36
105000052,228,292,-64
105000053,20,44,-24
105000054,220,185,35
105000055,276,61,215
105000056,850,538,312
105000057,578,128,450
105000058,472,262,210
105000059,548,254,294
105000060,187,155,32
105000061,733,221,512
105000062,219,201,18
105000063,91,150,-59
105000064,1509,214,1295
105000065,211,76,135
105000066,359,247,112
105000067,858,349,509
105000068,125,261,-136
105000069,595,1346,-751
105000070,142,541,-399
105000071,121,930,-809
105000072,577,2173,-1596
105000073,505,271,234
105000074,110,155,-45
105000075,200,206,-6
105000076,524,270,254
105000077,597,140,457
105000078,213,274,-61
105000079,318,836,-518
105000080,745,828,-83
105000081,385,485,-100
105000082,354,672,-318
105000083,909,1133,-224
105000084,155,340,-185
105000085,1317,960,357
105000086,205,243,-38
105000087,409,426,-17
105000088,746,1174,-428
105000089,470,339,131
105000090,113,91,22
105000091,158,119,39
105000092,143,112,31
105000093,67,274,-207
105000094,83,118,-35
105000095,62,324,-262
105000096,518,854,-336
105000097,134,211,-77
105000098,571,681,-110
105000099,266,333,-67
105000100,936,294,642
105000101,796,303,493
105000102,659,407,252
105000103,536,306,230
105000104,1027,257,770
105000105,477,278,199
105000106,658,197,461
105000107,751,117,634
105000108,777,189,588
105000109,1191,232,959
105000110,443,139,304
105000111,653,151,502
105000112,264,155,109
105000113,317,352,-35
105000114,324,577,-253
105000115,96,843,-747
105000116,614,190,424
105000117,335,175,160
105000118,404,148,256
105000119,128,119,9
105000120,853,236,617
105000121,403,193,210
105000122,300,128,172
105000123,208,155,53
105000124,955,210,745
105000125,471,307,164
105000126,816,381,435
105000127,1184,462,722
105000128,343,412,-69
105000129,609,72,537
105000130,49,1949,-1900
105000131,176,55,121
105000132,541,519,22
105000133,65,160,-95
105000134,765,127,638
105000135,112,46,66
105000136,5,23,-18
105000137,337,22,315
105000138,80,41,39
105000139,287,93,194
105000140,381,102,279
105000141,99,33,66
105000142,179,150,29
105000143,45,130,-85
105000144,94,141,-47
105000145,429,100,329
105000146,95,139,-44
105000147,378,85,293
105000148,449,324,125
105000149,1409,673,736
105000150,348,129,219
105000151,379,194,185
105000152,70,143,-73
105000153,528,170,358
105000154,255,183,72
105000155,317,132,185
105000156,69,161,-92
105000157,242,259,-17
105000158,960,210,750
105000159,132,203,-71
105000160,1874,272,1602
105000161,278,203,75
105000162,343,1350,-1007
105000163,282,211,71
105000164,6,80,-74
105000165,276,3903,-3627
105000166,921,909,12
105000167,345,1248,-903
105000168,102,74,28
105000169,447,39,408
105000170,221,402,-181
105000171,430,45,385
105000172,247,3,244
105000173,399,3,396
105000174,64,4,60
105000175,43,53,-10
105000176,343,15,328
105000177,172,78,94
105000178,100,49,51
105000179,849,12,837
105000180,158,21,137
105000181,117,55,62
105000182,12,15,-3
105000183,670,1147,-477
105000184,45,131,-86
105000185,86,462,-376
105000186,158,237,-79
105000187,216,113,103
105000188,35,63,-28
105000189,27,219,-192
105000190,144,89,55
105000191,96,116,-20
105000192,102,40,62
105000193,46,37,9
105000194,386,21,365
105000195,98,122,-24
105000196,26,148,-122
105000197,70,130,-60
105000198,56,58,-2
105000199,10,310,-300
105000200,30,225,-195
105000201,46,24,22
105000203,0,36,-36
105000204,25,11,14
105000205,21,35,-14
105000207,38,28,10
105000208,33,122,-89
105000209,10,7,3
105000211,278,1,277
105000212,512,200,312
105000213,14,52,-38
105000214,70,21,49
105000215,75,43,32
105000216,42,23,19
105000217,73,9,64
105000218,1342,244,1098
105000221,37,34,3
105000222,114,15,99
105000223,226,46,180
105000226,40,25,15
105000227,60,37,23
105000228,22,575,-553
105000229,76,296,-220
105000231,118,61,57
105000233,412,283,129
105000234,161,310,-149
105000235,265,218,47
105000237,648,51,597
105000243,12,29,-17
105000248,17,16,1
105000262,127,59,68
105000269,43,24,19
105000270,362,1,361
105000271,0,45,-45
105000282,14,5,9
105000287,53,42,11
105000288,425,205,220
105000289,371,764,-393
105000290,32,1,31
105000402,453,1337,-884
105000426,103,146,-43
105000438,412,456,-44
105000440,15,3,12
105000446,1516,1596,-80
105000447,728,563,165
105000454,353,43,310
105000455,55,13,42
105000474,40,0,40
105000477,476,229,247
105000478,1016,2390,-1374
105000479,47,20,27
105000480,2149,2761,-612
105000481,1696,1406,290
105000482,823,1335,-512
105000483,486,874,-388
105000484,397,489,-92
105000485,357,1138,-781
105000486,707,457,250
105000488,683,956,-273
105000489,682,302,380
105000549,51,28,23
105000550,47,230,-183
105000551,13,26,-13
105000552,526,331,195
105000555,389,556,-167
105000556,31,13,18
105000557,51,25,26
105900001,8,653,-645
105900002,158,528,-370
105900003,1,44,-43
105900004,16,10,6
105900005,0,74,-74
105900006,11,14,-3
105900007,16,5,11
105900008,23,42,-19
105900009,48,16,32
105900011,30,15,15
105900012,70,30,40
105900013,0,7,-7
105900014,9,9,0
105900015,9,93,-84
105900016,154,71,83
105900017,905,3,902
105900018,44,71,-27
105900019,5,14,-9
105900020,19,104,-85
105900021,6,82,-76
105900022,47,47,0
105900023,6,44,-38
105900024,0,16,-16
105900025,123,3,120
105900026,105,0,105
105900027,1759,734,1025
105900028,89,25,64
105900029,445,61,384
105900030,38,95,-57
105900031,221,11,210
105900032,6,9,-3
105900033,32,26,6
105900034,75,48,27
105900035,44,32,12
105900036,54,7,47
105900037,49,3,46
105900038,29,58,-29
105900039,54,15,39
105900040,52,14,38
105900041,62,23,39
105900042,29,32,-3
105900043,255,4,251
105900044,1,60,-59
105900045,0,239,-239
105900046,0,57,-57
105900047,2,2,0
105900048,89,88,1
105900050,165,409,-244
105900051,2,121,-119
105900052,109,5,104
105900053,431,1512,-1081
105900054,32,36,-4
105900056,122,129,-7
105900057,2,40,-38
105900058,9,2,7
105900059,0,53,-53
106000001,752,744,8
106000002,296,857,-561
106000003,1237,1535,-298
106000004,976,1256,-280
106000005,2078,1685,393
106000006,1518,824,694
106000007,306,30,276
106000008,126,136,-10
106000009,315,46,269
106000010,80,165,-85
106000011,780,381,399
106000012,312,181,131
106000013,998,557,441
106000014,469,266,203
106000015,1333,374,959
106000016,454,409,45
106000017,593,314,279
106000018,213,245,-32
106000019,314,174,140
106000020,78,104,-26
106000021,255,134,121
106000022,167,76,91
106000023,499,108,391
106000024,165,167,-2
106000025,129,132,-3
106000026,30,81,-51
106000027,1414,526,888
106000028,275,96,179
106000029,163,188,-25
106000030,18,80,-62
106000034,7,65,-58
106000035,503,878,-375
106000036,28,196,-168
106000037,161,297,-136
106000038,21,49,-28
106000039,35,44,-9
106000040,42,562,-520
106000041,325,215,110
106000043,164,76,88
106000046,93,33,60
106000047,69,255,-186
106000049,610,34,576
106000050,20,145,-125
106000051,455,222,233
106000052,0,1,-1
106000053,290,59,231
106000054,4,0,4
106000055,436,155,281
106000056,0,2,-2
106000057,298,62,236
106000058,0,0,0
106000059,387,96,291
106000060,7,58,-51
106000061,84,332,-248
106000062,69,29,40
106000063,467,363,104
106000064,0,0,0
106000065,278,97,181
106000066,39,13,26
106000067,205,26,179
106000068,33,11,22
106000069,259,27,232
106000070,88,11,77
106000071,370,115,255
106000072,573,381,192
106000073,531,2389,-1858
106000074,218,253,-35
106000075,191,393,-202
106000076,397,346,51
106000077,667,188,479
106000078,754,111,643
106000079,395,136,259
106000080,636,170,466
106000081,524,256,268
106000082,499,195,304
106000083,187,313,-126
106000084,290,188,102
106000085,482,258,224
106000086,136,115,21
106000087,290,135,155
106000088,152,122,30
106000089,554,91,463
106000090,196,146,50
106000091,154,151,3
106000092,378,115,263
106000093,329,21,308
106000094,17,46,-29
106000095,764,259,505
106000096,1049,100,949
106000097,712,276,436
106000098,592,90,502
106000099,57,95,-38
106000100,708,50,658
106000101,391,188,203
106000102,26,95,-69
106000103,90,154,-64
106000104,755,159,596
106000105,247,106,141
106000106,567,99,468
106000107,49,93,-44
106000108,330,81,249
106000109,48,41,7
106000110,205,51,154
106000111,26,51,-25
106000112,154,435,-281
106000113,151,225,-74
106000114,176,495,-319
106000115,135,138,-3
106000116,178,79,99
106000117,336,135,201
106000118,471,541,-70
106000119,269,164,105
106000120,391,746,-355
106000121,124,78,46
106000122,132,112,20
106000123,634,17,617
106000124,152,23,129
106000125,19,135,-116
106000126,373,18,355
106000127,517,210,307
106000128,685,42,643
106000129,474,183,291
106000130,687,244,443
106000131,33,345,-312
106000132,303,107,196
106000133,461,722,-261
106000134,94,1624,-1530
106000135,136,322,-186
106000136,518,831,-313
106000137,57,330,-273
106000138,1203,34,1169
106000139,78,45,33
106000140,1,0,1
106000141,0,0,0
106000142,148,65,83
106000143,0,1,-1
106000144,20,26,-6
106000145,27,4,23
106000146,337,54,283
106000147,546,157,389
106000148,735,205,530
106000149,426,207,219
106000150,486,953,-467
106000151,891,319,572
106000152,302,992,-690
106000153,41,696,-655
106000154,537,61,476
106000155,90,180,-90
106000156,545,47,498
106000157,206,554,-348
106000158,449,283,166
106000159,760,915,-155
106000160,328,1354,-1026
106000161,295,44,251
106000162,351,669,-318
106000163,127,88,39
106000164,333,41,292
106000165,93,168,-75
106000166,482,32,450
106000167,186,228,-42
106000168,484,42,442
106000169,117,62,55
106000170,499,58,441
106000171,104,245,-141
106000172,986,296,690
106000173,435,472,-37
106000174,887,72,815
106000175,82,42,40
106000176,1236,184,1052
106000177,387,293,94
106000178,1445,324,1121
106000179,365,169,196
106000180,337,162,175
106000181,804,481,323
106000182,1017,75,942
106000183,1031,90,941
106000184,637,197,440
106000185,592,663,-71
106000186,79,18,61
106000187,28,302,-274
106000188,0,0,0
106000189,8,9,-1
106000190,23,0,23
106000191,283,27,256
106000192,0,1,-1
106000193,34,67,-33
106000194,26,59,-33
106000195,70,36,34
106000196,55,65,-10
106000197,299,20,279
106000198,101,21,80
106000199,250,669,-419
106000200,76,90,-14
106000201,107,2932,-2825
106000202,701,178,523
106000203,7,122,-115
106000204,27,1,26
106000205,1,55,-54
106000206,65,6,59
106000207,11,73,-62
106000208,894,42,852
106000209,1217,132,1085
106000210,151,269,-118
106000211,174,447,-273
106000212,687,159,528
106000213,99,526,-427
106000214,442,128,314
106000215,198,207,-9
106000216,435,49,386
106000217,53,190,-137
106000218,309,51,258
106000219,56,179,-123
106000220,481,116,365
106000221,155,19,136
106000222,64,29,35
106000223,186,43,143
106000224,96,52,44
106000225,26,51,-25
106000226,30,64,-34
106000228,0,0,0
106000229,37,84,-47
106000231,598,34,564
106000232,29,35,-6
106000233,263,25,238
106000234,9,56,-47
106000235,62,39,23
106000236,10,77,-67
106000237,1,40,-39
106000238,18,3,15
106000239,0,32,-32
106000240,5,1,4
106000241,0,303,-303
106000242,96,21,75
106000249,68,54,14
106000250,2,186,-184
106000251,49,2,47
106000252,20,0,20
106000253,80,10,70
106000254,27,0,27
106000255,94,15,79
106000256,6,1,5
106000257,14,101,-87
106000258,4,16,-12
106000259,2,12,-10
106000260,4,0,4
106000261,0,15,-15
106000262,33,1,32
106000263,5,6,-1
106000264,66,2,64
106000265,13,7,6
106000266,87,19,68
106000267,0,20,-20
106000268,104,8,96
106000269,5,5,0
106000270,47,50,-3
106000271,10,13,-3
106000272,57,3,54
106000273,4,62,-58
106000274,26,1,25
106000275,108,54,54
106000276,1,7,-6
106000277,45,63,-18
106000278,20,3,17
106000279,1,3,-2
106000280,68,9,59
106000281,23,32,-9
106000282,47,12,35
106000283,10,23,-13
106000284,65,8,57
106000285,20,25,-5
106000286,40,6,34
106000287,45,19,26
106000288,70,10,60
106000289,47,39,8
106000290,44,4,40
106000291,53,37,16
106000292,17,1,16
106000293,19,9,10
106000294,21,6,15
106000295,6,24,-18
106000296,10,3,7
106000297,13,46,-33
106000298,5,32,-27
106000299,5,18,-13
106000300,2,15,-13
106000301,2,40,-38
106000303,4,12,-8
106000304,13,3,10
106000305,40,5,35
106000306,10,21,-11
106000307,74,4,70
106000308,1,6,-5
106000309,5,17,-12
106000310,158,98,60
106000311,283,61,222
106000312,112,35,77
106000313,116,41,75
106000318,1,67,-66
106000319,453,161,292
106000320,3,82,-79
106000321,23,103,-80
106000322,120,8,112
106000324,36,84,-48
106000325,1226,290,936
106000326,195,371,-176
106000327,202,16,186
106000328,10,20,-10
106000329,17,41,-24
106000330,11,42,-31
106000428,41,96,-55
106000429,86,178,-92
106000430,288,346,-58
106000431,1461,156,1305
106000432,373,629,-256
106000433,1279,576,703
106000434,2050,547,1503
106000435,483,512,-29
106000436,2,56,-54
106000437,297,35,262
106000438,103,194,-91
106000439,2,248,-246
106000440,201,283,-82
106000441,2,0,2
106000442,111,0,111
106000443,205,49,156
106000450,0,51,-51
106000451,11,47,-36
106000454,4,76,-72
106000455,0,46,-46
106000456,66,7,59
106000457,3,123,-120
106000458,635,584,51
106000459,104,251,-147
106000460,1233,17,1216
106000461,45,246,-201
106000462,0,12,-12
106000463,3,176,-173
106000464,1,83,-82
106000465,633,0,633
106000466,0,62,-62
106000467,62,208,-146
106000468,95,63,32
106000469,868,17,851
106000470,70,680,-610
106000471,1,113,-112
106000472,115,6,109
106000473,7,6,1
106000474,264,184,80
106000475,494,116,378
106000476,71,148,-77
106000477,3,2,1
106000480,0,129,-129
106900001,0,0,0
106900002,0,65,-65
106900003,11,139,-128
106900004,0,1,-1
106900006,0,3,-3
106900007,0,1,-1
106900008,233,5,228
106900009,196,38,158
106900010,123,42,81
106900012,213,1216,-1003
106900013,157,17,140
106900014,29,0,29
106900015,1,0,1
106900016,159,6,153
106900017,18,0,18
106900018,17,0,17
106900019,138,1,137
106900020,424,567,-143
106900021,129,21,108
106900022,1000,3,997
106900023,1,20,-19
106900024,203,3,200
106900025,1,42,-41
106900026,0,74,-74
106900027,596,0,596
106900028,0,38,-38
106900029,94,7,87
106900030,0,80,-80
107000001,1474,1908,-434
107000002,437,564,-127
107000003,3827,3690,137
107000004,1147,573,574
107000005,4008,2659,1349
107000006,965,556,409
107000007,1962,2372,-410
107000008,1138,631,507
107000009,4304,2785,1519
107000010,1827,1364,463
107000011,179,225,-46
107000012,720,437,283
107000013,16,9,7
107000014,46,16,30
107000015,163,71,92
107000016,248,134,114
107000017,290,220,70
107000018,1,195,-194
107000020,283,240,43
107000021,344,112,232
107000022,402,328,74
107000023,585,47,538
107000024,466,454,12
107000025,115,107,8
107000026,243,202,41
107000027,705,162,543
107000028,397,208,189
107000029,1804,1215,589
107000030,784,575,209
107000031,2258,989,1269
107000032,123,245,-122
107000033,578,893,-315
107000034,903,222,681
107000035,98,72,26
107000036,168,527,-359
107000037,70,332,-262
107000038,37,46,-9
107000039,324,294,30
107000040,47,68,-21
107000041,297,120,177
107000042,124,728,-604
107000043,471,189,282
107000044,52,112,-60
107000045,3,49,-46
107000046,262,97,165
107000047,156,236,-80
107000048,271,84,187
107000049,133,261,-128
107000050,244,134,110
107000051,110,114,-4
107000052,398,956,-558
107000053,142,210,-68
107000054,13,64,-51
107000055,132,67,65
107000056,262,242,20
107000057,439,88,351
107000058,1164,879,285
107000059,643,939,-296
107000060,2926,2316,610
107000061,1287,706,581
107000062,3208,1096,2112
107000063,1132,818,314
107000064,2783,1503,1280
107000065,789,944,-155
107000066,633,991,-358
107000067,498,307,191
107000068,276,383,-107
107000069,374,379,-5
107000070,418,0,418
107000071,1688,4,1684
107000072,4,394,-390
107000073,428,357,71
107000074,46,121,-75
107000075,1098,74,1024
107000076,55,358,-303
107000077,1422,189,1233
107000078,265,336,-71
107000079,1612,324,1288
107000080,140,323,-183
107000081,2595,275,2320
107000082,216,212,4
107000083,852,437,415
107000084,77,119,-42
107000085,1050,972,78
107000086,823,450,373
107000087,1156,756,400
107000088,649,625,24
107000089,826,673,153
107000090,273,230,43
107000091,786,290,496
107000092,224,265,-41
107000093,641,376,265
107000094,222,149,73
107000095,663,237,426
107000096,228,212,16
107000097,1060,126,934
107000098,168,246,-78
107000099,217,152,65
107000100,44,83,-39
107000101,30,109,-79
107000102,75,85,-10
107000103,206,126,80
107000104,47,129,-82
107000105,342,77,265
107000106,49,50,-1
107000107,596,112,484
107000108,59,75,-16
107000109,517,32,485
107000110,16,73,-57
107000111,695,4,691
107000112,8,78,-70
107000113,752,36,716
107000114,5,68,-63
107000115,407,297,110
107000116,7,146,-139
107000117,73,1224,-1151
107000118,19,53,-34
107000119,358,1123,-765
107000120,231,329,-98
107000121,441,205,236
107000122,261,200,61
107000123,387,159,228
107000124,309,134,175
107000125,600,91,509
107000126,672,119,553
107000129,194,166,28
107000130,737,48,689
107000131,229,146,83
107000132,433,93,340
107000133,174,37,137
107000134,131,1,130
107000135,0,166,-166
107000136,303,1,302
107000137,6,103,-97
107000138,11,4,7
107000139,2,138,-136
107000140,635,16,619
107000141,43,154,-111
107000142,226,21,205
107000143,15,182,-167
107000144,229,338,-109
107000145,10,68,-58
107000146,91,186,-95
107000147,1604,276,1328
107000150,55,1984,-1929
107000151,2,19,-17
107000152,130,1695,-1565
107000153,16,56,-40
107000154,5,80,-75
107000155,428,1,427
107000156,599,2,597
107000157,7,187,-180
107000158,542,2,540
107000159,0,95,-95
107000160,980,53,927
107000161,15,158,-143
107000162,126,236,-110
107000163,61,1,60
107000164,490,0,490
107000165,837,1,836
107000166,2,66,-64
107000167,384,56,328
107000168,464,176,288
107000169,76,119,-43
107000170,1979,177,1802
107000171,108,137,-29
107000172,767,991,-224
107000173,131,81,50
107000174,566,2966,-2400
107000175,718,176,542
107000176,0,0,0
107000177,0,0,0
107000178,52,1,51
107000179,185,321,-136
107000180,1156,66,1090
107000181,215,167,48
107000182,1172,112,1060
107000183,96,224,-128
107000184,658,111,547
107000185,159,265,-106
107000186,397,56,341
107000187,407,378,29
107000188,343,124,219
107000189,389,153,236
107000190,427,157,270
107000191,475,205,270
107000192,719,139,580
107000193,131,88,43
107000194,270,63,207
107000197,454,44,410
107000198,190,196,-6
107000199,206,143,63
107000200,371,349,22
107000201,63,59,4
107000202,90,152,-62
107000203,129,312,-183
107000204,114,772,-658
107000205,113,59,54
107000206,93,260,-167
107000207,90,133,-43
107000208,39,123,-84
107000209,229,257,-28
107000210,50,57,-7
107000211,0,3,-3
107000212,47,11,36
107000213,0,2,-2
107000214,2,1,1
107000215,232,33,199
107000216,144,64,80
107000217,76,12,64
107000219,27,43,-16
107000220,6,25,-19
107000222,46,64,-18
107000224,152,21,131
107000225,37,66,-29
107000226,230,12,218
107000227,21,31,-10
107000228,7,95,-88
107000229,21,66,-45
107000230,298,125,173
107000231,156,340,-184
107000232,30,2,28
107000233,51,173,-122
107000234,0,30,-30
107000235,32,8,24
107000236,3,41,-38
107000237,45,0,45
107000238,26,0,26
107000239,582,181,401
107000240,19,66,-47
107000243,0,26,-26
107000244,1,6,-5
107000246,0,140,-140
107000249,0,191,-191
107000251,1,20,-19
107000252,0,56,-56
107000255,39,34,5
107000257,1,224,-223
107000258,0,90,-90
107000259,0,26,-26
107000260,881,1,880
107000262,0,86,-86
107000263,207,0,207
107000266,1,2,-1
107000267,4,22,-18
107000268,30,13,17
107000269,1,3,-2
107000270,149,37,112
107000271,2,0,2
107000272,100,0,100
107000273,0,36,-36
107000274,103,0,103
107000275,13,211,-198
107000280,843,16,827
107000281,32,80,-48
107000282,6,121,-115
107000290,4,2,2
107000291,11,7,4
107000292,0,19,-19
107000293,21,18,3
107000294,0,31,-31
107000295,23,5,18
107000296,0,6,-6
107000444,145,0,145
107000496,0,14,-14
107000497,257,340,-83
107000500,194,27,167
107000501,7,92,-85
107000502,137,100,37
107000505,60,195,-135
107000506,0,1,-1
107000508,0,24,-24
107000509,56,283,-227
107000510,11,1,10
107000514,58,359,-301
107000515,0,32,-32
107000516,343,110,233
107000518,748,1081,-333
107000519,238,161,77
107000520,76,7,69
107000521,540,90,450
107000522,779,76,703
107900001,43,5,38
107900002,16,1,15
107900003,206,1,205
107900004,0,0,0
107900005,1442,13,1429
107900006,44,2,42
107900007,186,7,179
107900008,36,2,34
107900009,41,9,32
107900010,30,0,30
107900012,141,47,94
107900013,66,0,66
107900014,94,0,94
107900015,984,6,978
107900016,89,66,23
107900017,13,0,13
107900018,48,240,-192
107900019,2,1,1
107900020,1,34,-33
107900021,62,2,60
107900023,13,0,13
107900024,0,2,-2
107900025,77,27,50
107900026,51,1,50
107900027,2,146,-144
107900028,91,3,88
107900030,143,6,137
107900031,44,10,34
107900032,19,0,19
107900033,33,4,29
107900034,52,4,48
107900035,889,26,863
107900036,22,8,14
107900037,0,10,-10
107900038,4,131,-127
107900039,37,2,35
107900040,8,127,-119
107900041,0,0,0
107900043,11,38,-27
107900044,0,5,-5
107900045,29,24,5
107900046,197,114,83
107900047,58,2,56
107900048,160,5,155
107900049,74,236,-162
107900050,2,38,-36
107900051,9,6,3
107900052,0,24,-24
107900053,61,11,50
107900055,80,21,59
107900056,20,77,-57
107900057,2,0,2
107900058,29,93,-64
107900060,0,0,0
107900061,1,27,-26
107900063,71,14,57
107900064,48,291,-243
107900065,312,8,304
107900066,12,1,11
107900067,0,0,0
107900068,23,235,-212
107900069,0,1649,-1649
107900070,94,94,0
107900071,3,53,-50
107900072,54,7,47
107900073,21,2,19
107900074,37,104,-67
107900076,75,6,69
107900077,67,0,67
107900079,17,15,2
107900080,14,347,-333
107900081,34,19,15
107900082,0,3,-3
107900083,235,68,167
107900084,90,40,50
107900086,38,111,-73
107900087,19,8,11
107900088,22,4,18
107900089,64,88,-24
107900090,50,652,-602
107900091,30,41,-11
107900093,14,2,12
107900095,233,480,-247
107900097,0,8,-8
107900098,50,75,-25
107900100,58,510,-452
107900101,109,16,93
107900102,36,0,36
107900103,17,33,-16
107900104,223,2,221
107900105,0,33,-33
107900106,0,80,-80
107900107,101,121,-20
107900108,38,8,30
107900109,976,19,957
107900110,42,2,40
107900111,0,67,-67
107900112,1,198,-197
107900113,136,1,135
107900114,225,18,207
107900115,0,7,-7
107900116,144,11,133
107900117,92,82,10
107900118,1,12,-11
107900119,31,51,-20
107900120,40,0,40
107900121,0,20,-20
107900122,0,8,-8
107900123,2,20,-18
107900124,2,35,-33
107900125,1,7,-6
107900126,5,1,4
107900127,62,52,10
107900128,44,13,31
107900129,143,17,126
107900130,80,1,79
107900131,9,29,-20
107900132,4,43,-39
107900133,0,13,-13
107900134,3,5,-2
107900135,1,23,-22
107900136,2,15,-13
107900137,6,4,2
107900138,132,6,126
107900139,74,1,73
107900141,7,8,-1
107900142,10,86,-76
107900143,8,2,6
107900144,0,5,-5
107900145,1,8,-7
107900146,1,17,-16
107900147,1,0,1
107900148,41,14,27
107900149,108,31,77
107900150,0,54,-54
107900151,13,4,9
107900152,0,15,-15
107900153,31,49,-18
107900154,44,5,39
107900155,27,5,22
107900156,0,8,-8
107900157,0,5,-5
107900158,740,40,700
107900159,3,29,-26
107900160,27,28,-1
107900161,22,21,1
107900162,1,7,-6
107900163,4,5,-1
107900164,4,4,0
107900165,14,136,-122
107900166,11,19,-8
107900167,1,24,-23
107900168,27,1,26
107900169,0,19,-19
107900171,0,74,-74
107900172,0,17,-17
107900173,77,5,72
107900174,52,1,51
107900175,0,27,-27
107900176,28,0,28
107900177,0,16,-16
107900178,0,2,-2
107900179,2,13,-11
107900180,30,633,-603
107900181,30,77,-47
107900182,1,122,-121
107900183,20,34,-14
107900184,58,14,44
107900185,14,1,13
107900186,4,2,2
107900187,0,8,-8
107900188,81,8,73
107900189,6,5,1
107900190,2,40,-38
107900191,20,18,2
107900193,1,20,-19
107900194,52,0,52
107900195,92,40,52
107900196,26,3,23
107900197,63,61,2
107900199,0,73,-73
107900201,28,21,7
107900203,8,21,-13
107900204,58,25,33
107900206,17,183,-166
107900207,0,38,-38
107900208,0,59,-59
107900209,35,18,17
107900210,8,11,-3
107900213,17,57,-40
107900214,0,4,-4
107900215,26,111,-85
107900216,0,7,-7
107900217,41,9,32
107900218,1,70,-69
107900219,3,5,-2
107900220,0,16,-16
107900221,5,14,-9
107900223,70,18,52
107900224,27,115,-88
107900225,0,24,-24
107900226,0,19,-19
107900227,30,27,3
107900228,7,5,2
107900229,4,20,-16
107900230,21,6,15
107900231,33,8,25
107900232,148,3,145
107900233,1,33,-32
107900234,95,13,82
107900235,1,9,-8
107900236,153,8,145
107900237,14,31,-17
107900238,2,4,-2
107900239,60,130,-70
107900240,1,3,-2
107900241,0,40,-40
107900242,1,23,-22
107900243,0,6,-6
107900244,164,0,164
107900245,514,5,509
107900246,107,14,93
107900248,212,7,205
107900249,505,26,479
107900250,0,86,-86
107900251,0,66,-66
107900252,266,39,227
107900253,103,3,100
107900254,8,38,-30
107900255,11,16,-5
107900256,55,90,-35
107900257,103,56,47
107900258,39,10,29
107900259,9,1392,-1383
107900261,0,26,-26
107900262,18,8,10
107900264,227,6,221
107900265,31,30,1
107900267,192,0,192
107900268,7,0,7
107900269,0,0,0
107900270,1,5,-4
107900271,0,29,-29
107900272,11,29,-18
107900273,14,9,5
107900274,48,0,48
107900275,1,0,1
107900276,0,15,-15
107900277,0,7,-7
107900278,169,106,63
107900279,5,14,-9
107900280,649,146,503
107900281,252,3061,-2809
107900282,49,649,-600
107900283,156,330,-174
107900284,349,124,225
107900285,58,17,41
107900286,2,1,1
107900287,296,61,235
107900290,2,183,-181
107900291,171,20,151
107900292,34,22,12
107900293,27,107,-80
107900295,11,1,10
107900297,0,51,-51
107900298,163,160,3
107900299,457,1387,-930
107900301,172,209,-37
107900302,25,8,17
107900303,258,91,167
107900304,233,26,207
107900305,118,2,116
107900306,0,12,-12
107900307,1,69,-68
107900308,138,38,100
107900309,10,0,10
107900310,30,0,30
107900311,134,185,-51
107900312,35,0,35
107900313,0,49,-49
107900314,0,36,-36
107900315,0,43,-43
107900316,13,0,13
107900317,28,0,28
107900318,0,57,-57
107900319,0,13,-13
107900320,0,37,-37
107900321,28,0,28
107900322,0,7,-7
107900323,0,19,-19
107900324,8,0,8
107900325,88,0,88
107900326,258,10,248
107900327,3,41,-38
107900328,3,0,3
107900329,1,9,-8
107900330,0,24,-24
107900331,275,2,273
107900332,315,5,310
107900333,90,1,89
107900334,12,33,-21
107900335,26,3,23
107900336,40,5,35
107900337,155,514,-359
107900338,0,99,-99
107900339,1,7,-6
107900340,0,66,-66
107900341,17,0,17
107900342,81,4,77
107900343,46,0,46
107900344,1,13,-12
107900345,11,21,-10
107900346,2,0,2
107900347,16,0,16
107900348,0,0,0
107900349,19,0,19
107900350,4,52,-48
107900351,6,6,0
107900352,0,2,-2
107900353,19,2,17
107900354,34,16,18
108000001,2421,1351,1070
108000002,402,586,-184
108000003,1205,714,491
108000004,2882,3265,-383
108000005,4470,1986,2484
108000006,1020,960,60
108000007,3038,1203,1835
108000008,785,883,-98
108000009,2642,1393,1249
108000010,744,951,-207
108000011,6552,4038,2514
108000012,2222,2621,-399
108000014,153,589,-436
108000015,335,101,234
108000016,21,186,-165
108000017,629,148,481
108000018,781,159,622
108000019,193,136,57
108000020,331,122,209
108000021,49,159,-110
108000022,139,171,-32
108000023,738,82,656
108000024,166,74,92
108000025,281,25,256
108000026,430,66,364
108000027,498,42,456
108000028,647,96,551
108000029,202,96,106
108000030,201,69,132
108000031,70,90,-20
108000032,1124,120,1004
108000033,114,161,-47
108000034,1226,109,1117
108000035,176,318,-142
108000036,56,182,-126
108000037,1208,70,1138
108000038,1881,63,1818
108000039,98,208,-110
108000040,1010,210,800
108000041,147,282,-135
108000042,306,52,254
108000043,18,60,-42
108000044,603,17,586
108000045,48,73,-25
108000046,958,71,887
108000047,104,119,-15
108000048,33,61,-28
108000049,586,72,514
108000050,47,84,-37
108000051,229,79,150
108000052,52,139,-87
108000053,241,68,173
108000054,73,221,-148
108000055,468,221,247
108000056,129,275,-146
108000057,435,539,-104
108000058,590,1689,-1099
108000059,451,421,30
108000060,128,306,-178
108000061,82,94,-12
108000062,553,142,411
108000063,203,80,123
108000064,171,97,74
108000065,230,160,70
108000066,479,172,307
108000067,1074,241,833
108000068,478,146,332
108000069,86,176,-90
108000070,1295,162,1133
108000071,117,295,-178
108000072,852,217,635
108000073,234,312,-78
108000074,517,160,357
108000075,67,119,-52
108000076,591,138,453
108000077,218,122,96
108000078,1517,241,1276
108000079,160,200,-40
108000080,1324,108,1216
108000081,132,234,-102
108000082,154,231,-77
108000083,1003,254,749
108000084,98,153,-55
108000085,723,181,542
108000086,66,78,-12
108000087,58,1064,-1006
108000088,643,127,516
108000089,107,126,-19
108000091,22,178,-156
108000092,361,6,355
108000093,147,135,12
108000094,770,13,757
108000095,66,81,-15
108000096,444,73,371
108000097,43,64,-21
108000098,1331,437,894
108000099,669,53,616
108000100,153,199,-46
108000101,644,413,231
108000102,714,1701,-987
108000106,461,1,460
108000107,0,269,-269
108000108,431,28,403
108000109,1,157,-156
108000110,249,31,218
108000111,96,158,-62
108000112,8,49,-41
108000113,182,129,53
108000115,80,81,-1
108000117,212,150,62
108000118,86,888,-802
108000119,180,53,127
108000120,63,480,-417
108000121,89,113,-24
108000122,472,189,283
108000123,275,26,249
108000124,138,48,90
108000125,363,41,322
108000126,137,63,74
108000127,418,54,364
108000128,372,22,350
108000129,150,85,65
108000130,271,72,199
108000131,496,92,404
108000132,81,204,-123
108000133,958,76,882
108000134,106,62,44
108000135,900,231,669
108000136,72,36,36
108000137,330,66,264
108000138,158,113,45
108000139,342,68,274
108000140,433,4,429
108000141,2,3,-1
108000142,7,18,-11
108000143,23,50,-27
108000144,488,7,481
108000145,47,8,39
108000146,577,26,551
108000147,11,5,6
108000148,416,23,393
108000149,4,1,3
108000150,39,1,38
108000151,3,31,-28
108000152,13,29,-16
108000153,493,18,475
108000154,20,2,18
108000155,79,10,69
108000156,247,138,109
108000157,23,1209,-1186
108000158,12,425,-413
108000159,50,52,-2
108000160,505,611,-106
108000161,485,1560,-1075
108000165,0,113,-113
108000172,12,155,-143
108000173,157,819,-662
108000175,464,40,424
108000178,151,66,85
108000179,38,487,-449
108000181,39,6,33
108000182,60,7,53
108000183,0,48,-48
108000184,162,1576,-1414
108000185,58,39,19
108000186,361,48,313
108000187,39,85,-46
108000188,612,17,595
108000189,203,6061,-5858
108000190,1,29,-28
108000192,135,26,109
108000193,67,8,59
108000194,10,15,-5
108000195,0,159,-159
108000196,59,30,29
108000198,410,51,359
108000199,0,28,-28
108000200,693,27,666
108000203,44,64,-20
108000204,134,66,68
108000205,40,49,-9
108000339,226,202,24
108000364,80,121,-41
108000365,8,47,-39
108000367,20,78,-58
108000368,1,19,-18
108000369,126,113,13
108000371,2,287,-285
108000372,390,1,389
108000373,214,26,188
108000376,52,8,44
108000377,483,65,418
108000378,4177,6018,-1841
108000379,3,37,-34
108000381,121,4,117
108000382,54,0,54
108000383,0,115,-115
108900001,5,41,-36
108900002,79,11,68
108900003,23,143,-120
108900004,12,208,-196
108900007,209,42,167
108900008,103,21,82
108900009,39,47,-8
108900010,258,15,243
108900011,650,50,600
108900012,386,74,312
108900013,89,101,-12
108900014,2,15,-13
108900015,0,96,-96
108900016,0,46,-46
108900017,14,70,-56
108900018,82,75,7
108900019,3,44,-41
108900020,1,26,-25
108900021,11,44,-33
108900022,28,0,28
108900023,13,23,-10
108900024,9,15,-6
108900025,112,17,95
108900026,0,3,-3
108900027,0,16,-16
108900028,107,44,63
108900029,15,21,-6
108900030,0,9,-9
108900031,39,21,18
108900032,0,14,-14
108900033,12,21,-9
108900034,0,11,-11
108900035,29,131,-102
108900038,0,34,-34
108900039,0,27,-27
108900040,3,47,-44
108900041,1069,1034,35
108900042,0,159,-159
108900043,3,134,-131
108900044,1,45,-44
108900045,59,35,24
108900046,3,57,-54
108900047,13,23,-10
108900048,9,120,-111
108900049,233,769,-536
108900050,0,44,-44
108900051,0,6,-6
108900052,0,8,-8
108900053,3,107,-104
108900054,4,25,-21
108900055,1,64,-63
108900056,0,11,-11
108900057,0,48,-48
108900058,9,26,-17
108900059,336,18,318
108900060,26,46,-20
108900061,1,6,-5
108900062,0,67,-67
108900063,20,63,-43
108900064,144,4,140
108900065,1,27,-26
108900066,190,20,170
108900067,0,49,-49
108900068,18,59,-41
108900069,45,7,38
108900070,3,8,-5
108900071,65,15,50
108900072,432,82,350
108900073,7,32,-25
108900074,239,35,204
108900075,2,1,1
108900076,405,1,404
108900077,11,124,-113
108900078,41,21,20
108900079,72,8,64
108900080,21,426,-405
108900081,7,34,-27
108900082,27,29,-2
108900083,2,118,-116
108900085,221,30,191
108900086,69,15,54
108900087,32,51,-19
108900088,130,35,95
108900089,0,46,-46
108900090,65,22,43
108900091,29,13,16
108900092,146,76,70
108900093,21,8,13
108900094,101,31,70
108900095,6,15,-9
108900096,76,2,74
108900097,76,39,37
108900098,320,386,-66
108900099,111,39,72
108900100,35,38,-3
108900101,93,69,24
108900102,3,797,-794
108900103,98,59,39
108900105,4,1240,-1236
108900106,222,29,193
108900108,136,1,135
108900109,461,21,440
108900110,41,20,21
108900111,136,61,75
108900113,38,29,9
108900114,72,2,70
108900115,131,40,91
108900116,6,1,5
108900117,84,7,77
108900118,361,8,353
108900119,251,11,240
108900120,327,94,233
108900121,121,10,111
108900122,119,19,100
108900123,305,36,269
108900124,430,30,400
108900125,468,0,468
108900126,75,18,57
108900127,242,38,204
108900128,155,5,150
108900129,688,26,662
108900130,230,0,230
108900131,340,1,339
108900132,238,3,235
108900133,181,13,168
108900134,395,20,375
108900135,193,1,192
108900136,20,0,20
108900137,121,0,121
108900138,398,11,387
108900140,315,27,288
108900141,354,16,338
108900142,26,1,25
108900143,56,0,56
108900144,69,2,67
108900145,178,10,168
108900146,50,0,50
108900147,188,0,188
108900148,16,0,16
108900150,97,1,96
108900151,3,3,0
108900152,54,0,54
108900153,124,25,99
108900154,2108,68,2040
108900156,50,0,50
108900157,1,45,-44
108900158,312,1,311
108900159,4,40,-36
108900160,2,65,-63
108900161,0,67,-67
108900162,117,24,93
108900163,0,315,-315
108900164,23,3,20
108900168,1288,925,363
108900169,16,49,-33
108900171,767,2009,-1242
108900172,43,9,34
108900173,27,65,-38
108900174,629,61,568
108900176,6,61,-55
108900177,1092,4096,-3004
108900178,522,2104,-1582
108900180,62,100,-38
108900183,31,16,15
108900184,165,62,103
108900185,11,40,-29
108900186,20,67,-47
108900189,141,8,133
108900190,405,226,179
108900192,13,56,-43
108900195,36,13,23
108900196,7,60,-53
108900199,80,52,28
108900200,414,146,268
108900201,87,213,-126
108900203,202,13,189
108900204,282,1,281
108900205,203,18,185
108900206,121,23,98
108900207,105,87,18
108900208,1,45,-44
108900209,66,112,-46
108900210,97,11,86
108900211,44,235,-191
108900212,15,709,-694
108900215,8,114,-106
108900216,79,137,-58
108900217,13,0,13
108900218,38,0,38
108900221,5,31,-26
108900224,42,15,27
108900225,0,48,-48
108900227,81,77,4
108900230,56,42,14
108900232,0,49,-49
108900233,208,25,183
108900234,116,45,71
108900235,47,130,-83
108900236,7,85,-78
108900240,51,22,29
108900241,73,34,39
108900245,0,741,-741
108900250,98,21,77
108900258,1,12,-11
108900259,0,24,-24
108900260,7,0,7
108900261,6,12,-6
108900262,44,14,30
108900263,5,6,-1
108900264,10,12,-2
108900265,54,222,-168
108900266,52,468,-416
108900267,0,178,-178
108900268,0,5,-5
108900269,21,7,14
108900270,63,5,58
108900271,40,3,37
108900272,87,2,85
108900273,39,221,-182
108900274,18,20,-2
109000001,1527,2003,-476
109000002,125,677,-552
109000003,1597,185,1412
109000004,215,576,-361
109000005,1050,136,914
109000006,186,389,-203
109000007,1339,177,1162
109000008,257,239,18
109000009,1783,281,1502
109000010,168,678,-510
109000011,2530,598,1932
109000012,440,558,-118
109000013,2817,2181,636
109000014,528,342,186
109000015,1987,7630,-5643
109000016,818,425,393
109000017,2247,384,1863
109000018,292,439,-147
109000019,1492,452,1040
109000020,267,331,-64
109000023,99,4,95
109000024,12,124,-112
109000025,49,253,-204
109000026,174,102,72
109000027,30,240,-210
109000028,32,20,12
109000029,28,145,-117
109000030,2,51,-49
109000031,245,34,211
109000032,6,30,-24
109000033,402,79,323
109000034,7,17,-10
109000035,1,4,-3
109000036,45,138,-93
109000037,215,2342,-2127
109000038,81,94,-13
109000039,558,381,177
109000040,564,6243,-5679
109000041,441,1447,-1006
109000042,246,791,-545
109000044,299,33,266
109000045,116,10,106
109000046,284,7,277
109000047,20,11,9
109000048,212,82,130
109000049,67,19,48
109000050,211,93,118
109000051,29,11,18
109000052,152,124,28
109000053,1405,53,1352
109000054,27,139,-112
109000055,118,23,95
109000056,60,74,-14
109000057,395,206,189
109000058,77,61,16
109000059,26,540,-514
109000060,73,279,-206
109000061,89,788,-699
109000062,53,186,-133
109000063,52,6,46
109000064,426,28,398
109000065,103,20,83
109000066,322,42,280
109000067,24,33,-9
109000068,157,22,135
109000069,209,19,190
109000070,0,187,-187
109000071,158,22,136
109000072,39,109,-70
109000073,41,39,2
109000074,1,62,-61
109000075,20,26,-6
109000076,61,146,-85
109000077,102,104,-2
109000078,62,64,-2
109000079,58,55,3
109000080,137,42,95
109000081,45,118,-73
109000082,477,90,387
109000083,81,128,-47
109000088,91,27,64
109000089,289,10,279
109000090,79,59,20
109000091,247,11,236
109000092,91,45,46
109000093,188,28,160
109000094,661,1,660
109000095,90,112,-22
109000096,660,25,635
109000097,18,38,-20
109000098,44,63,-19
109000099,409,56,353
109000100,150,155,-5
109000101,832,122,710
109000102,179,84,95
109000103,777,177,600
109000104,1433,75,1358
109000105,184,141,43
109000106,927,57,870
109000107,216,205,11
109000108,1506,190,1316
109000109,143,140,3
109000110,603,174,429
109000111,269,191,78
109000112,81,38,43
109000113,77,17,60
109000114,83,83,0
109000115,227,20,207
109000116,26,218,-192
109000117,132,11,121
109000118,4,94,-90
109000119,1320,18,1302
109000120,123,135,-12
109000121,889,4,885
109000122,107,77,30
109000123,51,86,-35
109000124,500,111,389
109000125,557,70,487
109000126,175,133,42
109000127,1762,50,1712
109000128,224,217,7
109000129,2091,138,1953
109000130,205,263,-58
109000131,975,493,482
109000132,212,530,-318
109000133,35,182,-147
109000134,146,241,-95
109000135,131,207,-76
109000136,92,174,-82
109000137,118,104,14
109000138,158,52,106
109000139,274,130,144
109000140,78,138,-60
109000141,603,173,430
109000142,49,106,-57
109000143,17,36,-19
109000145,25,69,-44
109000146,6,8,-2
109000148,433,438,-5
109000149,4,36,-32
109000150,34,101,-67
109000155,495,361,134
109000156,309,42,267
109000158,17,57,-40
109000159,32,109,-77
109000160,922,51,871
109000161,275,183,92
109000162,944,111,833
109000163,787,241,546
109000164,805,524,281
109000165,755,136,619
109000166,673,29,644
109000167,38,57,-19
109000170,10,10,0
109000171,18,10,8
109000172,5,25,-20
109000173,0,100,-100
109000174,153,6,147
109000175,47,34,13
109000176,210,51,159
109000177,6,30,-24
109000178,520,47,473
109000179,763,2944,-2181
109000180,713,1114,-401
109000181,20,13,7
109000182,23,2,21
109000183,18,15,3
109000184,13,14,-1
109000185,25,3,22
109000188,133,229,-96
109000189,1490,165,1325
109000190,352,120,232
109000191,184,149,35
109000192,317,25,292
109000193,180,11,169
109000194,145,1,144
109000195,120,4,116
109000196,130,21,109
109000197,77,31,46
109000198,152,27,125
109000199,28,59,-31
109000206,83,3,80
109000207,117,1,116
109000208,42,42,0
109000209,94,24,70
109000210,34,56,-22
109000211,741,90,651
109000214,144,144,0
109000215,62,36,26
109000216,191,197,-6
109000217,9,36,-27
109000218,115,100,15
109000221,36,166,-130
109000222,287,24,263
109000223,242,143,99
109000224,62,14,48
109000225,101,21,80
109000226,48,34,14
109000227,1154,146,1008
109000228,0,38,-38
109000231,0,17,-17
109000232,391,38,353
109000236,48,136,-88
109000241,880,280,600
109000242,654,146,508
109000293,22,60,-38
109000361,147,73,74
109000364,9,74,-65
109000396,0,108,-108
109000397,426,6,420
109000399,6,129,-123
109000400,120,64,56
109000403,4,806,-802
109000406,224,2,222
109000407,40,25,15
109000408,0,0,0
109000410,321,49,272
109000411,118,15,103
109000412,0,21,-21
109900001,88,0,88
109900002,373,3,370
109900003,487,11,476
109900005,7,1,6
109900006,285,22,263
109900007,916,40,876
109900008,0,5,-5
109900009,41,55,-14
109900010,378,6,372
109900011,41,4,37
109900012,166,19,147
109900013,167,28,139
109900014,55,3,52
109900015,27,3,24
109900016,37,3,34
109900017,180,11,169
109900018,57,4,53
109900019,24,5,19
109900020,11,4,7
109900021,26,1,25
109900022,90,43,47
109900023,4,2,2
109900024,3,0,3
109900025,2,2,0
109900027,24,19,5
109900028,168,1355,-1187
109900029,0,27,-27
109900030,9,8,1
109900031,0,153,-153
109900032,5,76,-71
109900033,0,138,-138
109900034,5,11,-6
109900035,26,25,1
109900036,0,5,-5
109900037,4,107,-103
109900038,41,38,3
109900039,1,0,1
109900040,28,67,-39
109900041,16,21,-5
109900042,7,36,-29
109900044,26,47,-21
109900045,58,12,46
109900046,237,38,199
109900047,13,48,-35
109900048,0,4,-4
109900049,0,21,-21
109900050,0,1,-1
109900051,0,1,-1
109900052,11,21,-10
109900053,0,35,-35
109900054,839,22,817
109900055,79,41,38
109900056,3,93,-90
109900057,0,27,-27
109900058,0,17,-17
109900060,561,25,536
109900061,10,35,-25
109900062,0,43,-43
109900064,166,17,149
109900065,18,13,5
109900066,32,324,-292
109900067,0,33,-33
109900068,27,6,21
109900069,0,1,-1
109900071,0,1,-1
109900072,2,9,-7
109900073,443,53,390
109900074,0,3,-3
109900075,0,1,-1
109900076,9,27,-18
109900077,0,44,-44
109900078,20,18,2
109900080,55,55,0
109900081,1,92,-91
109900082,6,37,-31
109900083,7,5,2
109900084,2,72,-70
109900085,25,53,-28
109900086,21,843,-822
109900087,30,57,-27
109900089,321,30,291
109900092,136,20,116
109900093,744,27,717
109900094,20,12,8
109900095,27,45,-18
109900096,39,2,37
109900097,95,0,95
109900098,684,9,675
109900099,329,2,327
109900100,23,0,23
109900101,837,2,835
109900102,198,2,196
109900103,1,5,-4
109900104,635,63,572
109900105,430,2,428
109900106,247,10,237
109900107,281,10,271
109900108,36,16,20
109900109,15,6,9
109900111,26,83,-57
109900114,35,414,-379
109900115,109,10,99
109900117,928,32,896
109900121,68,10,58
109900123,4,13,-9
109900125,0,68,-68
109900126,329,7,322
109900130,991,1614,-623
109900131,0,5,-5
109900132,2,5,-3
109900134,11,3,8
109900135,35,5,30
109900137,74,34,40
109900140,29,12,17
109900149,6,6,0
109900150,5,14,-9
109900151,0,2,-2
109900152,1,7,-6
109900153,0,0,0
109900154,1,0,1
109900155,5,15,-10
109900157,20,8,12
109900159,13,3,10
109900161,281,3,278
109900162,165,13,152
109900163,155,33,122
109900164,45,98,-53
109900165,119,0,119
109900166,0,6,-6
109900167,27,57,-30
109900168,65,78,-13
109900169,53,27,26
109900170,26,721,-695
109900171,174,57,117
109900172,81,114,-33
109900173,417,955,-538
109900174,5,5,0
109900175,27,16,11
109900176,26,15,11
109900177,2,2,0
109900178,1,35,-34
109900179,0,30,-30
109900180,2,0,2
110000001,155,80,75
110000002,327,272,55
110000003,133,313,-180
110000004,263,213,50
110000005,78,1433,-1355
110000006,75,172,-97
110000007,41,15,26
110000008,6,67,-61
110000009,0,4,-4
110000010,28,39,-11
110000011,1,22,-21
110000012,169,96,73
110000013,11,257,-246
110000014,270,232,38
110000015,83,270,-187
110000016,97,705,-608
110000017,1199,162,1037
110000018,768,136,632
110000019,4,13,-9
110000020,106,73,33
110000021,70,81,-11
110000022,424,4,420
110000023,0,13,-13
110000024,128,133,-5
110000025,559,2,557
110000026,1,58,-57
110000027,104,217,-113
110000028,507,144,363
110000029,145,189,-44
110000030,224,197,27
110000031,61,88,-27
110000032,511,72,439
110000033,22,53,-31
110000034,530,121,409
110000035,143,473,-330
110000036,793,152,641
110000037,15,262,-247
110000038,107,405,-298
110000039,385,2985,-2600
110000040,113,98,15
110000041,202,1862,-1660
110000042,31,70,-39
110000043,498,206,292
110000044,1,45,-44
110000045,47,26,21
110000046,7,29,-22
110000047,12,26,-14
110000048,0,105,-105
110000049,0,9,-9
110000050,5,99,-94
110000051,18,2,16
110000052,29,52,-23
110000053,4,4,0
110000054,26,140,-114
110000055,49,25,24
110000056,30,30,0
110000057,75,221,-146
110000058,240,126,114
110000059,161,150,11
110000060,672,200,472
110000061,124,198,-74
110000062,390,238,152
110000063,15,128,-113
110000064,27,9,18
110000065,76,72,4
110000066,19,2,17
110000067,19,37,-18
110000068,135,20,115
110000069,449,12,437
110000071,276,6,270
110000073,12,1,11
110000075,8,3,5
110000076,204,214,-10
110000077,78,478,-400
110000078,64,5,59
110000080,50,49,1
110000081,22,25,-3
110000082,16,96,-80
110000083,68,104,-36
110000084,651,429,222
110000085,357,227,130
110000086,249,936,-687
110000087,8,4,4
110000088,66,44,22
110000089,124,11,113
110000090,60,18,42
110000091,107,51,56
110000092,2,29,-27
110000093,13,17,-4
110000094,90,23,67
110000095,84,411,-327
110000096,404,998,-594
110000097,263,976,-713
110000098,686,85,601
110000099,469,527,-58
110000100,1188,43,1145
110000101,50,33,17
110000102,87,27,60
110000104,215,77,138
110000105,53,117,-64
110000106,134,317,-183
110000107,47,108,-61
110000108,46,90,-44
110000109,29,32,-3
110000110,418,1067,-649
110000111,832,1390,-558
110000112,89,285,-196
110000113,53,1290,-1237
110000114,262,236,26
110000115,325,81,244
110000116,18,15,3
110000117,240,56,184
110000118,466,24,442
110000119,347,31,316
110000120,90,35,55
110000121,47,198,-151
110000122,90,114,-24
110000123,216,44,172
110000124,0,229,-229
110000125,220,0,220
110000126,45,5,40
110000127,333,6,327
110000128,2,218,-216
110000129,4,112,-108
110000130,160,22,138
110000131,40,181,-141
110000132,0,98,-98
110000133,8,99,-91
110000134,21,131,-110
110000135,76,4,72
110000136,24,50,-26
110000137,363,58,305
110000138,329,61,268
110000139,758,51,707
110000140,393,233,160
110000143,131,126,5
110000144,505,531,-26
110000145,417,408,9
110000146,310,161,149
110000147,90,283,-193
110000148,362,93,269
110000151,145,325,-180
110000152,127,186,-59
110000153,149,17,132
110000154,2,33,-31
110000155,108,632,-524
110000156,230,296,-66
110000157,182,832,-650
110000160,87,73,14
110000161,60,53,7
110000166,453,20,433
110000167,893,263,630
110000168,249,294,-45
110000169,327,137,190
110000170,84,47,37
110000171,167,49,118
110000172,133,125,8
110000173,186,186,0
110000174,30,96,-66
110000175,950,43,907
110000176,13,457,-444
110000177,76,1004,-928
110000178,133,1477,-1344
110000179,256,119,137
110000180,195,103,92
110000181,527,65,462
110000182,93,32,61
110000183,2082,2947,-865
110000184,96,1574,-1478
110000185,115,230,-115
110000186,176,457,-281
110000191,742,49,693
110000192,438,2,436
110000193,737,1,736
110000194,0,119,-119
110000195,278,12,266
110000196,365,26,339
110000197,5,22,-17
110000198,28,1,27
110000199,31,27,4
110000200,196,103,93
110000201,394,336,58
110000202,444,160,284
110000203,74,118,-44
110000204,8,60,-52
110000205,258,8,250
110000206,130,144,-14
110000207,893,46,847
110000208,33,175,-142
110000209,20,59,-39
110000210,978,115,863
110000211,494,160,334
110000212,210,666,-456
110000213,188,11,177
110000214,293,17,276
110000215,6,45,-39
110000216,31,41,-10
110000217,334,12,322
110000218,77,19,58
110000219,205,3,202
110000220,5,11,-6
110000221,325,1,324
110000222,46,48,-2
110000223,10,57,-47
110000224,0,0,0
110000225,74,142,-68
110000226,135,22,113
110000227,84,172,-88
110000228,154,14,140
110000229,0,26,-26
110000230,228,182,46
110000231,85,104,-19
110000232,50,36,14
110000233,35,108,-73
110000234,162,61,101
110000235,271,221,50
110000236,116,94,22
110000237,1000,294,706
110000238,475,184,291
110000239,886,232,654
110000240,0,7,-7
110000242,0,4,-4
110000243,98,35,63
110000244,15,45,-30
110000245,2,135,-133
110000246,540,101,439
110000247,372,383,-11
110000248,520,93,427
110000249,73,1,72
110000250,4,40,-36
110000251,165,48,117
110000252,267,52,215
110000253,970,54,916
110000254,407,114,293
110000255,62,131,-69
110000256,265,35,230
110000257,76,13,63
110000258,0,27,-27
110000259,165,8,157
110000260,68,16,52
110000263,320,19,301
110000264,342,56,286
110000265,525,478,47
110000266,407,489,-82
110000267,6,6,0
110000268,114,58,56
110000269,0,2,-2
110000270,39,0,39
110000271,369,20,349
110000272,372,309,63
110000273,210,278,-68
110000274,86,1340,-1254
110000275,404,173,231
110000276,120,344,-224
110000277,176,41,135
110000278,121,163,-42
110000279,454,127,327
110000280,305,129,176
110000281,53,17,36
110000282,36,6,30
110000283,45,45,0
110000284,0,8,-8
110000285,0,33,-33
110000286,1,1,0
110000287,80,0,80
110000288,0,10,-10
110000289,113,1510,-1397
110000290,270,388,-118
110000291,533,304,229
110000292,175,3873,-3698
110000293,231,96,135
110000294,1009,928,81
110000295,32,78,-46
110000296,383,70,313
110000297,1468,35,1433
110000298,28,136,-108
110000299,139,10,129
110000301,319,8,311
110000302,293,139,154
110000303,338,3,335
110000304,123,41,82
110000305,1168,3,1165
110000306,343,133,210
110000307,1268,2,1266
110000308,214,0,214
110000309,1,102,-101
110000310,580,24,556
110000311,1,74,-73
110000312,360,19,341
110000313,1020,437,583
110000314,0,62,-62
110000315,468,663,-195
110000316,112,353,-241
110000317,85,129,-44
110000318,0,7,-7
110000319,9,6,3
110000320,3,13,-10
110000321,63,9,54
110000322,74,131,-57
110000323,454,57,397
110000324,571,434,137
110000325,613,2411,-1798
110000327,110,46,64
110000328,17,94,-77
110000333,476,537,-61
110000334,90,276,-186
110000335,485,130,355
110000336,160,159,1
110000337,1228,102,1126
110000338,215,64,151
110000339,326,27,299
110000340,5,20,-15
110000341,255,88,167
110000342,26,0,26
110000343,0,0,0
110000344,10,29,-19
110000345,14,87,-73
110000346,386,609,-223
110000347,649,235,414
110000348,27,5,22
110000349,10,6,4
110000350,36,0,36
110000351,777,145,632
110000352,216,934,-718
110000353,971,115,856
110000354,197,1768,-1571
110000355,175,5,170
110000356,72,1,71
110000357,454,4,450
110000361,6,9,-3
110000362,166,0,166
110000363,439,4,435
110000364,183,41,142
110000365,22,1,21
110000366,0,51,-51
110000367,157,49,108
110000368,1,41,-40
110000369,5,2,3
110000373,0,66,-66
110000374,32,5,27
110000375,32,220,-188
110000376,11,28,-17
110000377,9,121,-112
110000378,0,219,-219
110000379,605,1525,-920
110000380,50,6,44
110000383,0,127,-127
110000384,311,23,288
110000385,0,27,-27
110000387,44,1,43
110000388,19,47,-28
110000389,194,3,191
110000391,447,49,398
110000396,150,23,127
110000397,75,7,68
110000398,0,1,-1
110000399,71,26,45
110000587,118,24,94
110000589,125,31,94
110000640,91,10,81
110000652,3,75,-72
110000653,187,107,80
110000654,0,95,-95
110000656,0,86,-86
110000674,22,30,-8
110000675,0,29,-29
110000676,0,5,-5
110000679,18,291,-273
110000682,53,63,-10
110000683,89,88,1
110000684,0,13,-13
110000685,0,31,-31
110000686,1,24,-23
110000687,4,6,-2
110000688,20,984,-964
110000689,43,1,42
110000692,18,36,-18
110000693,4,56,-52
110000694,1,7,-6
110000695,11,157,-146
110000696,20,22,-2
110000698,4,156,-152
110000699,42,102,-60
110900001,132,5,127
110900002,156,22,134
110900003,839,18,821
110900004,380,8,372
110900005,403,1975,-1572
110900006,20,18,2
110900007,216,68,148
110900008,0,7,-7
110900009,146,285,-139
110900010,1,16,-15
110900011,1,5,-4
110900012,0,49,-49
110900013,602,14,588
110900014,316,0,316
110900015,94,279,-185
110900016,12,101,-89
110900017,428,6,422
110900018,239,20,219
110900019,394,1,393
110900020,155,14,141
110900021,65,66,-1
110900022,37,40,-3
110900023,3,88,-85
110900024,42,9,33
110900025,0,2,-2
110900027,12,18,-6
110900028,2,20,-18
110900029,1,23,-22
110900030,2,19,-17
110900031,3,31,-28
110900032,0,4,-4
110900033,19,9,10
110900035,10,188,-178
110900036,78,2,76
110900037,31,1,30
110900038,94,31,63
110900039,1,65,-64
110900040,75,0,75
110900041,13,8,5
110900042,28,17,11
110900043,0,6,-6
110900044,12,1,11
110900045,46,51,-5
110900046,2,36,-34
110900047,30,185,-155
110900049,42,32,10
110900050,7,0,7
110900052,0,25,-25
110900053,55,3,52
110900054,2,28,-26
110900055,1,0,1
110900056,11,38,-27
110900057,3,38,-35
110900058,181,20,161
110900059,104,43,61
110900060,149,8,141
110900061,4,6,-2
110900062,64,20,44
110900063,1,8,-7
110900064,3,0,3
110900065,45,34,11
110900066,3,11,-8
110900067,41,303,-262
110900068,68,17,51
110900069,1,3,-2
110900070,67,16,51
110900071,30,592,-562
110900073,0,2,-2
110900074,512,18,494
110900075,367,7,360
110900077,775,93,682
110900078,77,3,74
110900079,225,204,21
110900080,115,12,103
110900081,9,4,5
110900082,139,20,119
110900083,55,20,35
110900084,80,8,72
110900085,22,60,-38
110900086,26,84,-58
110900087,221,10,211
110900088,3,0,3
110900090,7,44,-37
110900091,0,11,-11
110900093,85,10,75
110900095,6,1,5
110900097,7,2,5
110900098,0,12,-12
110900099,5,69,-64
110900100,0,5,-5
110900102,3,85,-82
110900105,132,34,98
110900108,9,6,3
110900111,22,12,10
110900112,321,1,320
110900113,27,40,-13
110900115,0,5,-5
110900116,716,207,509
110900118,29,2625,-2596
110900119,420,26,394
110900120,87,8,79
110900121,38,1,37
110900122,188,29,159
110900125,130,332,-202
110900127,52,229,-177
110900128,33,147,-114
110900129,32,303,-271
110900130,42,166,-124
110900131,120,3,117
110900132,303,1,302
110900133,34,17,17
110900135,20,21,-1
110900136,256,3,253
110900138,0,0,0
110900139,16,2,14
110900140,0,0,0
110900141,97,26,71
110900142,8,8,0
110900143,165,17,148
110900144,0,51,-51
110900145,73,69,4
110900146,119,135,-16
110900147,3,30,-27
110900148,0,20,-20
110900149,0,4,-4
110900150,4,15,-11
110900151,0,15,-15
110900152,30,11,19
110900153,177,17,160
111000001,578,292,286
111000002,376,478,-102
111000003,1667,530,1137
111000004,303,535,-232
111000005,789,763,26
111000006,567,1098,-531
111000007,1606,1851,-245
111000008,1847,1757,90
111000009,153,293,-140
111000010,799,140,659
111000011,66,321,-255
111000012,165,315,-150
111000013,146,511,-365
111000014,1002,215,787
111000017,12,362,-350
111000018,63,175,-112
111000020,124,370,-246
111000021,17,29,-12
111000023,17,18,-1
111000025,829,1369,-540
111000029,31,16,15
111000030,1,9,-8
111000031,581,237,344
111000032,334,68,266
111000033,115,41,74
111000034,82,73,9
111000037,194,99,95
111000038,575,362,213
111000039,487,361,126
111000040,544,298,246
111000041,108,66,42
111000042,793,859,-66
111000043,839,1898,-1059
111000044,865,155,710
111000045,1772,632,1140
111000046,1055,433,622
111000047,1517,3420,-1903
111000049,61,87,-26
111000050,236,196,40
111000051,190,154,36
111000052,109,194,-85
111000053,46,97,-51
111000054,56,103,-47
111000055,283,267,16
111000056,66,88,-22
111000057,44,164,-120
111000058,353,41,312
111000059,280,95,185
111000060,2309,289,2020
111000061,428,59,369
111000062,649,170,479
111000063,677,448,229
111000064,1010,125,885
111000065,789,279,510
111000066,400,85,315
111000067,490,102,388
111000068,382,127,255
111000069,295,459,-164
111000070,288,130,158
111000071,20,22,-2
111000072,725,256,469
111000073,99,940,-841
111000074,773,467,306
111000075,270,72,198
111000076,391,238,153
111000077,436,298,138
111000078,387,65,322
111000079,374,100,274
111000080,310,120,190
111000081,830,2931,-2101
111000082,616,110,506
111000084,355,256,99
111000085,334,392,-58
111000086,749,242,507
111000087,272,152,120
111000088,1682,1720,-38
111000089,346,262,84
111000090,196,331,-135
111000091,184,138,46
111000092,877,221,656
111000093,456,258,198
111000094,634,414,220
111000095,396,1065,-669
111000096,253,3167,-2914
111000097,773,301,472
111000098,59,183,-124
111000099,130,328,-198
111000100,211,266,-55
111000101,132,207,-75
111000102,33,70,-37
111000104,648,25,623
111000107,32,62,-30
111000109,654,38,616
111000110,715,219,496
111000111,2510,62,2448
111000112,1389,54,1335
111000113,441,1479,-1038
111000114,561,2357,-1796
111000115,1173,309,864
111000116,398,203,195
111000117,135,149,-14
111000118,304,195,109
111000119,880,184,696
111000120,549,184,365
111000121,190,142,48
111000122,93,109,-16
111000123,358,485,-127
111000124,101,607,-506
111000125,78,151,-73
111000126,60,98,-38
111000127,597,6,591
111000128,1644,27,1617
111000129,1968,93,1875
111000130,1739,92,1647
111000131,1857,96,1761
111000132,1310,996,314
111000133,52,16,36
111000134,75,26,49
111000135,66,73,-7
111000136,237,54,183
111000138,13,5,8
111000140,0,12,-12
111000141,28,110,-82
111000142,1,55,-54
111000143,6,61,-55
111000144,1,133,-132
111000145,50,2,48
111000146,85,0,85
111000147,34,3,31
111000148,50,30,20
111000149,0,36,-36
111000150,61,1,60
111000151,1,9,-8
111000153,77,56,21
111000154,114,63,51
111000155,75,35,40
111000156,281,95,186
111000157,76,208,-132
111000158,467,295,172
111000159,862,204,658
111000160,277,120,157
111000161,2,220,-218
111000162,1,25,-24
111000163,456,311,145
111000164,125,739,-614
111000165,271,58,213
111000166,58,37,21
111000167,42,70,-28
111000168,69,105,-36
111000169,163,69,94
111000170,97,66,31
111000171,91,73,18
111000172,56,268,-212
111000173,122,346,-224
111000174,238,50,188
111000175,23,86,-63
111000176,355,23,332
111000177,653,125,528
111000178,1404,140,1264
111000179,479,34,445
111000180,224,95,129
111000181,1295,47,1248
111000182,160,34,126
111000183,129,29,100
111000184,175,40,135
111000185,55,21,34
111000186,101,43,58
111000187,100,45,55
111000188,157,61,96
111000189,83,136,-53
111000190,42,60,-18
111000191,105,35,70
111000192,19,45,-26
111000193,137,24,113
111000194,43,22,21
111000195,15,33,-18
111000196,32,49,-17
111000197,327,23,304
111000198,254,22,232
111000199,354,77,277
111000200,270,131,139
111000201,550,43,507
111000202,316,11,305
111000203,305,74,231
111000204,175,848,-673
111000213,139,107,32
111000214,452,192,260
111000215,662,269,393
111000217,659,110,549
111000218,943,138,805
111000219,79,34,45
111000220,277,208,69
111000221,33,26,7
111000224,13,53,-40
111000225,291,250,41
111000226,15,1,14
111000227,1,0,1
111000228,0,557,-557
111000229,2,1228,-1226
111000230,78,71,7
111000231,324,69,255
111000232,430,127,303
111000233,1021,160,861
111000234,91,213,-122
111000239,18,8,10
111000240,33,244,-211
111000241,12,29,-17
111000242,174,22,152
111000243,62,76,-14
111000244,581,26,555
111000245,208,59,149
111000246,382,52,330
111000247,263,94,169
111000248,347,60,287
111000249,366,62,304
111000250,40,28,12
111000251,18,35,-17
111000253,21,20,1
111000255,80,10,70
111000257,14,28,-14
111000260,3,284,-281
111000261,1042,30,1012
111000271,28,103,-75
111000273,872,293,579
111000274,710,1028,-318
111000275,56,3,53
111000276,78,208,-130
111000277,219,88,131
111000278,129,35,94
111000291,972,6575,-5603
111000298,201,38,163
111000299,267,58,209
111000300,29,70,-41
111000302,240,13,227
111000303,87,50,37
111000312,31,20,11
111000315,0,104,-104
111000320,87,101,-14
111000321,316,39,277
111000322,218,67,151
111000323,240,16,224
111000324,104,42,62
111000325,16,9,7
111000326,36,55,-19
111000327,119,77,42
111000328,213,203,10
111000329,1,29,-28
111000330,29,2,27
111000331,9,2,7
111000332,219,217,2
111000334,55,145,-90
111000335,623,4,619
111000337,1156,56,1100
111000338,31,35,-4
111000339,475,15,460
111000340,36,74,-38
111000341,1055,464,591
111000342,43,297,-254
111000344,569,167,402
111000345,33,61,-28
111000346,4,44,-40
111000347,73,3,70
111000350,73,79,-6
111000351,40,150,-110
111000352,131,8,123
111000353,55,59,-4
111000354,208,24,184
111000355,129,43,86
111000358,51,147,-96
111000360,47,82,-35
111000361,106,35,71
111000546,419,58,361
111000547,217,63,154
111000548,83,23,60
111000549,60,30,30
111000550,13,381,-368
111000551,101,32,69
111000552,149,41,108
111000907,716,2,714
111000908,25,2,23
111000916,1457,34,1423
111000917,45,152,-107
111000918,61,88,-27
111000920,615,16,599
111000921,0,41,-41
111000922,460,12,448
111000924,11,83,-72
111000925,2769,1008,1761
111000926,562,370,192
111000927,1407,2149,-742
111000928,1198,360,838
111000929,1174,253,921
111000930,382,433,-51
111000931,849,572,277
111000932,881,468,413
111000933,1778,1199,579
111000934,237,406,-169
111000935,1466,406,1060
111000936,214,307,-93
111000937,923,463,460
111000938,281,245,36
111000939,493,2,491
111000940,795,7,788
111000941,204,62,142
111000943,740,25,715
111000944,73,49,24
111000945,85,102,-17
111001109,119,314,-195
111001110,56,65,-9
111001111,98,0,98
111001112,62,1,61
111001113,0,95,-95
111001114,135,54,81
111001115,4,169,-165
111001116,554,3393,-2839
111001117,96,1006,-910
111001120,97,28,69
111001121,27,59,-32
111001122,215,58,157
111001123,295,26,269
111001124,76,26,50
111001125,1,343,-342
111001126,7,0,7
111001127,0,10,-10
111001128,690,95,595
111001129,1,407,-406
111900001,5,3,2
111900002,0,12,-12
111900003,0,11,-11
111900004,0,4,-4
111900006,10,42,-32
111900007,174,0,174
111900008,299,0,299
111900009,203,0,203
111900010,16,54,-38
111900012,26,25,1
111900013,0,0,0
111900014,469,3405,-2936
111900015,0,17,-17
111900016,0,16,-16
111900017,5,19,-14
111900018,98,10,88
111900019,8,124,-116
111900020,0,31,-31
111900021,7,3,4
111900022,6,1,5
111900023,91,2,89
111900024,290,14,276
111900025,0,20,-20
111900026,0,5,-5
111900027,0,1,-1
111900028,0,24,-24
111900029,0,0,0
111900030,3,123,-120
111900032,0,44,-44
111900033,8,3,5
111900034,11,114,-103
111900035,18,17,1
111900036,0,21,-21
111900038,16,52,-36
111900039,5,41,-36
111900040,0,53,-53
111900042,0,18,-18
111900043,0,24,-24
111900044,21,37,-16
111900046,3,15,-12
111900048,244,42,202
111900049,0,13,-13
111900050,67,1,66
111900051,0,24,-24
111900052,22,52,-30
111900053,208,1422,-1214
111900054,229,0,229
111900055,0,28,-28
111900056,41,150,-109
111900057,140,9,131
111900058,394,83,311
111900059,415,420,-5
111900060,148,1,147
111900061,1,26,-25
111900062,26,16,10
111900063,103,5,98
111900064,16,56,-40
111900065,131,1,130
111900066,69,15,54
111900067,4,41,-37
111900068,17,35,-18
111900069,22,1,21
111900070,170,6,164
111900071,0,19,-19
111900072,28,24,4
111900073,617,49,568
111900074,0,13,-13
111900075,42,1,41
111900076,218,27,191
111900077,31,0,31
111900078,223,9,214
111900079,9,50,-41
111900080,25,32,-7
111900082,98,47,51
111900083,184,21,163
111900084,76,6,70
111900085,19,14,5
111900086,63,2,61
111900087,72,3,69
111900088,470,4,466
111900089,18,0,18
111900090,8,40,-32
111900091,553,3,550
111900092,177,0,177
111900093,476,5,471
111900094,21,0,21
111900095,331,5,326
111900096,258,0,258
111900097,63,0,63
111900098,263,2,261
111900099,11,0,11
111900100,40,0,40
111900101,166,10,156
111900102,504,51,453
111900103,24,5,19
111900104,29,9,20
111900105,75,127,-52
111900106,30,3,27
111900110,244,65,179
111900111,63,0,63
111900112,76,2430,-2354
111900113,75,29,46
111900118,260,26,234
111900119,64,28,36
111900122,7,11,-4
111900123,1,12,-11
111900124,4,13,-9
111900125,291,51,240
111900126,206,0,206
111900127,0,66,-66
111900128,1,36,-35
111900129,187,4,183
111900130,30,30,0
111900131,376,0,376
111900132,3,106,-103
111900133,6,49,-43
111900134,2,32,-30
111900135,0,4,-4
111900136,14,34,-20
111900137,13,5,8
111900138,9,18,-9
111900139,6,15,-9
111900140,99,4,95
111900141,30,0,30
111900142,32,0,32
111900143,50,1,49
111900144,0,3,-3
111900145,0,22,-22
111900146,0,18,-18
111900147,8,59,-51
111900148,0,86,-86
111900149,7,37,-30
111900150,1,8,-7
111900151,0,2,-2
111900152,14,12,2
111900153,197,539,-342
111900154,18,469,-451
111900155,44,81,-37
111900156,31,42,-11
111900157,151,7,144
111900158,438,52,386
111900159,260,59,201
111900160,240,0,240
111900161,274,0,274
111900162,22,168,-146
111900163,1,25,-24
111900164,51,21,30
111901113,497,9,488
111901114,115,39,76
111901115,72,1,71
111901116,11,0,11
111901117,1,17,-16
111901118,2,140,-138
111901119,85,8,77
111901121,1,11,-10
111901122,6,45,-39
111901123,349,10,339
111901124,183,1,182
111901125,580,63,517
111901127,51,571,-520
111901128,1,10,-9
111901129,0,5,-5
111901130,1,8,-7
111901131,0,180,-180
111901132,113,46,67
111901133,87,0,87
111901134,131,0,131
111901135,9,2,7
111901138,0,9,-9
111901139,3,3,0
111901140,1,9,-8
111901141,1,6,-5
111901142,0,41,-41
111901143,0,52,-52
111901144,31,4,27
111901145,34,160,-126
111901146,4,2,2
111901147,23,4,19
111901148,0,29,-29
111901149,15,0,15
111901150,23,0,23
111901151,21,0,21
111901152,1,23,-22
112000001,1914,490,1424
112000002,446,1167,-721
112000003,2156,304,1852
112000004,328,189,139
112000005,2138,2177,-39
112000006,294,143,151
112000007,2686,1920,766
112000008,1521,1854,-333
112000009,1024,598,426
112000010,1389,2153,-764
112000011,580,444,136
112000012,1473,2241,-768
112000013,807,749,58
112000014,508,1701,-1193
112000015,797,1160,-363
112000016,752,1858,-1106
112000017,236,1325,-1089
112000024,133,117,16
112000026,912,984,-72
112000027,359,211,148
112000028,323,286,37
112000029,132,398,-266
112000030,98,7,91
112000031,383,1370,-987
112000032,96,7,89
112000033,485,1519,-1034
112000034,137,23,114
112000035,11,334,-323
112000036,102,542,-440
112000037,224,431,-207
112000038,256,430,-174
112000039,31,28,3
112000040,19,65,-46
112000041,80,171,-91
112000042,131,39,92
112000050,553,354,199
112000051,482,765,-283
112000054,450,323,127
112000057,223,18,205
112000058,84,94,-10
112000059,188,156,32
112000061,524,241,283
112000062,94,381,-287
112000063,120,816,-696
112000064,894,799,95
112000065,282,344,-62
112000066,995,505,490
112000067,129,153,-24
112000068,1086,812,274
112000069,137,526,-389
112000070,336,310,26
112000071,266,413,-147
112000072,1220,292,928
112000073,294,452,-158
112000074,327,234,93
112000075,771,405,366
112000076,957,562,395
112000077,593,179,414
112000078,948,206,742
112000079,723,397,326
112000080,415,296,119
112000081,283,452,-169
112000082,431,197,234
112000083,226,325,-99
112000084,663,203,460
112000085,867,201,666
112000086,1110,297,813
112000087,501,96,405
112000088,269,135,134
112000089,90,65,25
112000090,47,107,-60
112000091,197,108,89
112000092,1452,179,1273
112000093,422,183,239
112000094,486,194,292
112000095,442,80,362
112000096,451,154,297
112000097,1313,242,1071
112000098,102,143,-41
112000099,325,1139,-814
112000100,1322,147,1175
112000101,171,71,100
112000102,1207,162,1045
112000103,144,92,52
112000105,139,171,-32
112000106,1966,93,1873
112000107,170,25,145
112000108,582,206,376
112000109,238,41,197
112000110,1502,198,1304
112000111,153,482,-329
112000112,958,198,760
112000113,354,221,133
112000114,1082,200,882
112000115,159,40,119
112000116,321,79,242
112000117,375,140,235
112000118,147,157,-10
112000119,119,116,3
112000120,30,28,2
112000121,23,65,-42
112000122,312,32,280
112000123,469,40,429
112000124,254,12,242
112000125,144,60,84
112000126,412,129,283
112000127,582,837,-255
112000128,149,159,-10
112000129,60,7,53
112000130,156,18,138
112000131,19,16,3
112000132,58,29,29
112000133,323,12,311
112000134,175,51,124
112000135,618,72,546
112000136,425,382,43
112000137,601,710,-109
112000138,486,433,53
112000139,170,176,-6
112000140,63,189,-126
112000141,402,54,348
112000142,63,85,-22
112000143,707,26,681
112000144,65,164,-99
112000145,1660,155,1505
112000146,183,317,-134
112000147,1750,471,1279
112000148,316,312,4
112000149,269,141,128
112000150,190,115,75
112000151,142,99,43
112000152,427,48,379
112000153,51,95,-44
112000154,101,105,-4
112000155,38,18,20
112000157,110,248,-138
112000158,114,43,71
112000159,654,61,593
112000167,101,55,46
112000169,53,441,-388
112000173,552,66,486
112000175,223,64,159
112000176,320,272,48
112000177,581,152,429
112000178,15,38,-23
112000179,181,5,176
112000180,242,27,215
112000181,310,177,133
112000182,1279,167,1112
112000183,19,4,15
112000184,349,102,247
112000185,520,90,430
112000187,1429,855,574
112000195,21,1,20
112000196,26,0,26
112000197,5,45,-40
112000198,7,47,-40
112000199,139,128,11
112000202,297,0,297
112000216,13,25,-12
112000230,77,1,76
112000231,0,19,-19
112000256,65,98,-33
112000313,10,4,6
112000314,6,12,-6
112000337,30,257,-227
112000352,26,67,-41
112000392,824,206,618
112000398,956,195,761
112000399,332,1930,-1598
112000400,231,380,-149
112000401,485,346,139
112000402,1967,1828,139
112000403,432,2470,-2038
112000404,578,356,222
112000405,1558,1506,52
112000406,774,662,112
112000407,4337,3911,426
112000408,1636,782,854
112000409,447,584,-137
112000410,29,170,-141
112000411,650,616,34
112000412,115,37,78
112000413,773,3513,-2740
112000414,90,7,83
112000415,59,1,58
112000416,1878,336,1542
112000417,216,56,160
112000421,47,8,39
112000422,57,80,-23
112000424,283,1089,-806
112000425,35,43,-8
112000426,115,175,-60
112000427,1,14,-13
112000428,138,29,109
112000429,694,503,191
112000430,783,925,-142
112000431,34,58,-24
112000432,174,138,36
112000433,163,116,47
112000437,39,25,14
112900001,36,2,34
112900002,315,103,212
112900003,47,20,27
112900004,38,56,-18
112900005,116,1,115
112900007,22,18,4
112900008,0,13,-13
112900009,117,91,26
112900010,238,78,160
112900011,15,11,4
112900012,0,1,-1
112900013,1,25,-24
112900014,2,2,0
112900015,11,112,-101
112900016,0,14,-14
112900017,4,9,-5
112900018,332,120,212
112900019,1,32,-31
112900020,57,100,-43
112900021,0,30,-30
112900022,1,3,-2
112900023,2,12,-10
112900024,10,7,3
112900025,10,38,-28
112900026,0,13,-13
112900027,9,57,-48
112900028,0,7,-7
112900029,2,18,-16
112900030,23,7,16
112900031,0,25,-25
112900032,31,26,5
112900034,0,7,-7
112900035,0,11,-11
112900036,4,24,-20
112900037,14,148,-134
112900038,441,13,428
112900039,3,29,-26
112900040,0,120,-120
112900041,62,349,-287
112900042,72,17,55
112900043,25,21,4
112900044,40,112,-72
112900045,51,18,33
112900046,21,5,16
112900047,2,10,-8
112900049,144,1,143
112900050,3,119,-116
112900051,32,52,-20
112900052,0,92,-92
112900053,14,82,-68
112900054,20,19,1
112900055,1,2,-1
112900056,52,95,-43
112900057,5,59,-54
112900058,167,122,45
112900059,25,23,2
112900060,7,9,-2
112900061,30,27,3
112900062,12,18,-6
112900063,17,9,8
112900064,0,11,-11
112900065,1,0,1
112900066,145,173,-28
112900067,72,3,69
112900068,18,40,-22
112900069,207,356,-149
112900071,4,3,1
112900072,7,1481,-1474
112900073,172,86,86
112900074,32,148,-116
112900075,206,524,-318
112900076,1,18,-17
112900078,66,356,-290
112900079,148,1,147
112900080,35,0,35
112900081,29,185,-156
112900082,315,0,315
112900083,96,51,45
112900084,82,82,0
112900086,48,0,48
112900087,528,30,498
112900088,50,14,36
112900089,441,2,439
112900090,36,26,10
112900091,205,1,204
112900092,16,226,-210
112900093,619,7,612
112900095,77,0,77
112900096,287,59,228
112900097,15,47,-32
112900098,33,0,33
112900099,728,2,726
112900100,100,0,100
112900101,216,0,216
112900102,19,6,13
112900103,92,6,86
112900104,820,0,820
112900105,15,0,15
112900106,108,29,79
112900107,10,1,9
112900108,0,0,0
112900109,87,0,87
112900110,1115,2,1113
112900111,308,0,308
112900112,225,0,225
112900113,0,2,-2
112900114,276,19,257
112900115,1400,1,1399
112900116,52,0,52
112900117,3,3,0
112900118,0,3,-3
112900119,33,0,33
112900120,91,56,35
112900121,0,7,-7
112900122,9,4,5
112900123,77,13,64
112900124,0,13,-13
112900125,1,29,-28
112900126,8,16,-8
112900127,136,7,129
112900128,10,40,-30
112900129,0,67,-67
112900130,21,19,2
112900131,2,31,-29
112900132,0,37,-37
112900133,1,93,-92
112900134,0,38,-38
112900135,28,12,16
112900137,5,89,-84
112900138,0,13,-13
112900139,3,196,-193
112900141,411,1,410
112900142,6,62,-56
112900143,0,251,-251
112900144,3,42,-39
112900145,0,52,-52
112900146,7,20,-13
112900147,2,138,-136
112900148,2,0,2
112900149,9,75,-66
112900151,0,6,-6
112900152,548,67,481
112900153,51,793,-742
112900154,0,11,-11
112900155,61,4,57
112900156,320,125,195
112900157,153,0,153
112900158,12,0,12
112900159,39,64,-25
112900160,14,17,-3
112900161,41,16,25
112900162,3,5,-2
112900163,0,22,-22
112900164,4,66,-62
112900165,3,0,3
112900166,0,39,-39
112900167,1,36,-35
112900168,1,0,1
112900169,1,7,-6
112900170,85,2,83
112900172,6,8,-2
112900173,66,12,54
112900174,122,20,102
112900175,39,30,9
112900176,4,32,-28
112900177,197,9,188
112900178,159,1583,-1424
112900179,12,62,-50
112900180,836,420,416
112900181,507,2,505
112900182,20,92,-72
112900183,20,42,-22
112900184,71,73,-2
112900185,1,65,-64
112900186,250,156,94
112900187,14,140,-126
112900188,247,426,-179
112900189,1,0,1
112900190,1,0,1
112900192,149,80,69
112900193,211,43,168
112900194,32,0,32
112900195,219,14,205
112900196,73,53,20
112900197,2,106,-104
112900199,227,21,206
112900200,159,3,156
112900201,91,6,85
112900202,262,70,192
112900203,133,8,125
112900204,32,57,-25
112900205,4,1,3
112900206,3,4,-1
112900207,46,0,46
112900208,34,40,-6
112900209,14,54,-40
112900210,0,2,-2
112900211,3,0,3
112900212,0,4,-4
112900213,44,0,44
112900214,1,11,-10
112900215,7,3,4
112900216,2,1,1
112900217,0,0,0
112900218,46,0,46
112900219,36,1,35
112900220,0,0,0
112900221,2,9,-7
112900222,0,5,-5
112900223,295,6,289
112900224,435,12,423
112900225,208,25,183
112900226,6,56,-50
112900227,114,31,83
112900228,37,19,18
112900229,206,18,188
112900230,1833,697,1136
112900232,102,201,-99
112900233,11,7,4
112900234,40,1,39
112900235,11,0,11
112900236,412,1,411
112900237,280,48,232
112900238,4,0,4
112900239,57,432,-375
112900240,0,7,-7
112900241,2,11,-9
112900242,3,2,1
112900243,0,16,-16
112900244,8,10,-2
112900245,0,3,-3
112900246,0,8,-8
112900247,42,1,41
112900248,1,0,1
112900249,3,3,0
112900250,72,4,68
112900251,76,0,76
112900252,126,0,126
112900253,33,1,32
112900254,30,3,27
112900255,4,28,-24
112900256,24,11,13
112900257,4,1,3
112900258,16,1,15
113000001,1625,1485,140
113000002,1529,1287,242
113000003,465,456,9
113000004,582,727,-145
113000005,447,320,127
113000006,368,431,-63
113000007,719,283,436
113000008,687,301,386
113000009,492,192,300
113000010,786,293,493
113000011,257,329,-72
113000012,359,207,152
113000013,148,190,-42
113000014,142,294,-152
113000015,36,118,-82
113000016,29,135,-106
113000017,25,100,-75
113000018,165,27,138
113000019,9,42,-33
113000020,75,17,58
113000021,737,119,618
113000022,359,531,-172
113000025,43,107,-64
113000026,352,198,154
113000027,280,194,86
113000028,93,96,-3
113000029,214,263,-49
113000030,67,84,-17
113000031,42,46,-4
113000032,79,70,9
113000033,89,66,23
113000034,46,18,28
113000035,0,0,0
113000036,17,10,7
113000037,3,8,-5
113000038,5,10,-5
113000039,18,107,-89
113000040,14,4,10
113000042,146,158,-12
113000051,317,838,-521
113000052,542,109,433
113000053,177,76,101
113000054,154,283,-129
113000055,619,80,539
113000056,888,205,683
113000058,109,218,-109
113000059,541,88,453
113000060,120,195,-75
113000061,213,326,-113
113000062,60,113,-53
113000063,159,10,149
113000064,113,62,51
113000065,72,113,-41
113000066,465,42,423
113000067,1100,105,995
113000068,171,126,45
113000069,145,93,52
113000070,1297,122,1175
113000071,153,90,63
113000072,386,85,301
113000073,76,208,-132
113000074,327,160,167
113000075,714,196,518
113000076,92,575,-483
113000077,237,276,-39
113000078,193,342,-149
113000079,86,171,-85
113000080,161,120,41
113000081,282,239,43
113000082,227,68,159
113000083,302,189,113
113000084,422,130,292
113000085,510,144,366
113000086,234,233,1
113000087,399,413,-14
113000088,211,220,-9
113000089,343,502,-159
113000090,62,202,-140
113000091,20,31,-11
113000094,549,80,469
113000095,133,49,84
113000096,20,84,-64
113000097,372,96,276
113000098,21,37,-16
113000099,312,128,184
113000100,29,57,-28
113000101,49,96,-47
113000102,204,132,72
113000103,1184,125,1059
113000104,276,868,-592
113000105,382,118,264
113000106,226,64,162
113000107,519,363,156
113000108,379,349,30
113000109,200,402,-202
113000110,1055,254,801
113000111,86,134,-48
113000112,248,93,155
113000113,450,144,306
113000114,53,265,-212
113000116,99,80,19
113000117,145,46,99
113000118,32,209,-177
113000119,112,117,-5
113000120,19,188,-169
113000121,126,209,-83
113000124,154,31,123
113000125,4,511,-507
113000127,406,33,373
113000128,429,53,376
113000129,199,162,37
113000133,348,55,293
113000134,1,461,-460
113000135,1573,1685,-112
113000137,235,1136,-901
113000139,39,29,10
113000140,12,3,9
113000141,5,33,-28
113000142,78,43,35
113000143,113,33,80
113000144,49,65,-16
113000145,38,37,1
113000146,0,2,-2
113000147,34,4,30
113000148,115,44,71
113000149,44,49,-5
113000150,85,66,19
113000151,3,4,-1
113000152,28,81,-53
113000153,225,38,187
113000154,74,468,-394
113000155,75,243,-168
113000156,19,33,-14
113000157,93,64,29
113000158,124,30,94
113000159,236,30,206
113000160,156,82,74
113000161,94,52,42
113000162,146,16,130
113000163,32,9,23
113000164,1,3,-2
113000166,121,19,102
113000167,28,11,17
113000168,55,7,48
113000169,102,5,97
113000170,72,33,39
113000171,23,43,-20
113000172,138,6,132
113000173,42,18,24
113000174,28,15,13
113000175,277,12,265
113000176,355,19,336
113000177,76,41,35
113000178,43,51,-8
113000179,185,19,166
113000180,322,773,-451
113000181,979,570,409
113000182,21,113,-92
113000183,183,245,-62
113000184,32,2,30
113000189,32,139,-107
113000190,52,14,38
113000192,300,1039,-739
113000193,681,697,-16
113000194,275,1221,-946
113000195,648,474,174
113000196,200,68,132
113000197,509,920,-411
113000198,54,74,-20
113000199,595,131,464
113000201,119,151,-32
113000202,1716,354,1362
113000203,18,39,-21
113000204,225,1160,-935
113000205,2,1,1
113000206,7,11,-4
113000207,25,0,25
113000208,11,12,-1
113000209,1,2,-1
113000210,0,16,-16
113000211,20,17,3
113000212,6,9,-3
113000213,11,28,-17
113000214,55,58,-3
113000234,79,72,7
113000410,10,48,-38
113000411,348,743,-395
113000412,1299,453,846
113000413,323,576,-253
113000414,800,4217,-3417
113000415,490,356,134
113000416,508,440,68
113000417,152,285,-133
113000418,1698,1208,490
113000419,340,441,-101
113000420,871,1553,-682
113000421,1510,2487,-977
113000422,2666,2734,-68
113000423,196,1109,-913
113000424,342,2684,-2342
113000425,0,22,-22
113000428,0,1,-1
113000430,2,21,-19
113000432,1396,107,1289
113000433,56,157,-101
113000434,7,27,-20
113000435,14,50,-36
113000436,1,159,-158
113000437,480,22,458
113000438,79,3,76
113000439,7,12,-5
113000440,69,12,57
113000441,80,115,-35
113000442,72,4,68
113000443,310,44,266
113000444,111,5,106
113000445,65,15,50
113000446,5,20,-15
113000448,61,73,-12
113000449,143,574,-431
113000450,125,1502,-1377
113000451,674,137,537
113000452,17,284,-267
113000453,22,146,-124
113000454,39,79,-40
113000455,3,198,-195
113000456,222,456,-234
113000468,276,15,261
113000469,6,57,-51
113000470,96,5,91
113000471,1,129,-128
113000472,19,42,-23
113000474,724,257,467
113000475,539,685,-146
113000476,866,862,4
113000477,2015,595,1420
113000478,1014,1221,-207
113000479,12,47,-35
113000483,0,0,0
113000484,0,0,0
113000485,0,0,0
113000486,0,0,0
113000487,0,0,0
113000488,0,0,0
113000489,0,0,0
113000490,0,0,0
113000491,0,0,0
113000492,0,0,0
113000493,0,0,0
113000495,58,17,41
113000496,22,63,-41
113900001,0,162,-162
113900002,0,32,-32
113900003,0,14,-14
113900004,0,43,-43
113900005,0,97,-97
113900006,0,83,-83
113900007,0,0,0
113900008,0,0,0
113900009,0,0,0
113900010,0,0,0
113900011,0,0,0
113900012,68,0,68
113900013,12,0,12
113900014,204,1,203
113900015,0,0,0
113900016,2,0,2
113900017,0,24,-24
113900018,7,106,-99
113900019,60,2,58
113900020,117,0,117
113900022,13,0,13
113900023,0,0,0
113900024,11,0,11
113900025,63,8,55
113900026,24,0,24
113900027,14,11,3
113900028,14,78,-64
113900029,43,26,17
113900030,295,0,295
113900031,6,0,6
113900032,1,0,1
113900033,10,1,9
113900035,21,0,21
113900036,17,4,13
113900037,67,105,-38
113900038,4,68,-64
113900039,110,11,99
113900040,3,1,2
113900041,0,0,0
113900042,10,8,2
113900043,39,8,31
113900044,4,74,-70
113900045,2,0,2
113900046,9,145,-136
113900047,79,5,74
113900048,9,15,-6
113900049,80,150,-70
113900050,60,45,15
113900051,28,8,20
113900052,3,7,-4
113900053,104,349,-245
113900054,4,0,4
113900055,2,69,-67
113900056,26,2,24
113900057,1,8,-7
113900058,8,13,-5
113900059,41,3,38
113900060,42,10,32
113900061,49,35,14
113900062,50,0,50
113900063,13,5,8
113900064,0,20,-20
113900065,300,10,290
113900066,172,6,166
113900067,73,6,67
113900068,194,293,-99
113900069,5,0,5
113900070,38,54,-16
113900071,78,3,75
113900072,1,1,0
113900073,168,145,23
113900074,100,27,73
113900075,163,707,-544
113900076,28,0,28
113900077,5,30,-25
113900078,20,13,7
113900079,0,7,-7
113900080,70,35,35
113900081,4,6,-2
113900082,16,43,-27
113900083,202,40,162
113900084,49,34,15
113900085,7,49,-42
113900086,52,4,48
113900087,23,30,-7
113900088,78,130,-52
113900089,145,4,141
113900090,116,32,84
113900091,0,0,0
113900092,1,0,1
113900093,0,205,-205
113900094,199,74,125
113900095,17,7,10
113900096,69,13,56
113900097,8,14,-6
113900098,180,34,146
113900099,0,0,0
113900100,0,0,0
113900101,3,6,-3
113900102,1,6,-5
113900103,33,78,-45
113900104,31,54,-23
113900105,108,2,106
113900106,0,1,-1
113900107,0,0,0
113900108,13,17,-4
113900109,13,13,0
113900110,0,0,0
113900111,58,11,47
113900112,56,0,56
113900113,237,81,156
113900114,0,2,-2
113900115,3,0,3
113900116,1,12,-11
113900117,17,0,17
113900118,45,311,-266
113900119,45,83,-38
113900120,17,2,15
113900121,17,8,9
113900122,49,1361,-1312
113900123,85,29,56
113900124,0,0,0
113900125,114,15,99
113900126,0,16,-16
113900127,55,153,-98
113900128,91,16,75
113900129,0,20,-20
113900130,0,0,0
113900131,57,1,56
113900132,10,15,-5
113900133,0,21,-21
113900135,95,31,64
113900136,4,2,2
113900137,107,57,50
113900138,1,15,-14
113900139,26,37,-11
113900140,14,56,-42
113900141,255,39,216
113900142,23,2,21
113900143,1,20,-19
113900144,28,47,-19
113900145,23,6,17
113900146,60,4,56
113900148,14,60,-46
113900149,37,42,-5
113900150,39,33,6
113900151,175,42,133
113900152,5,19,-14
113900153,10,38,-28
113900154,0,14,-14
113900155,1,12,-11
113900156,12,28,-16
113900157,3,108,-105
113900158,2,11,-9
113900159,0,47,-47
113900160,56,49,7
113900161,16,43,-27
113900162,25,66,-41
113900163,115,39,76
113900164,99,8,91
113900165,54,28,26
113900166,1,14,-13
113900167,256,16,240
113900168,4,1,3
113900169,10,35,-25
113900171,102,5,97
113900172,1,14,-13
113900173,3,43,-40
113900174,11,36,-25
113900175,37,32,5
113900176,8,18,-10
113900177,28,36,-8
113900178,50,15,35
113900179,1,129,-128
113900180,14,9,5
113900181,365,8,357
113900182,63,30,33
113900183,20,2,18
113900184,0,73,-73
113900185,26,4,22
113900186,0,0,0
113900187,2,16,-14
113900188,2,4,-2
113900189,98,26,72
113900190,62,12,50
113900191,12,3,9
113900192,430,791,-361
113900193,3,18,-15
113900194,292,52,240
113900195,32,25,7
113900196,0,13,-13
113900197,0,22,-22
113900198,0,54,-54
113900199,10,31,-21
113900200,1,14,-13
113900201,0,34,-34
113900202,0,14,-14
113900203,12,17,-5
113900204,10,39,-29
113900205,0,5,-5
113900206,0,6,-6
113900207,0,2,-2
113900208,0,0,0
113900209,0,0,0
113900210,53,49,4
113900211,42,5,37
113900212,150,107,43
113900214,14,56,-42
113900215,85,2,83
113900216,68,30,38
113900217,32,39,-7
113900218,26,47,-21
113900219,10,45,-35
113900220,4,43,-39
113900221,13,92,-79
113900222,83,128,-45
113900223,60,265,-205
113900224,15,0,15
113900225,69,22,47
113900226,30,20,10
113900227,32,8,24
113900228,3,104,-101
113900229,0,232,-232
113900230,255,525,-270
113900231,8,9,-1
113900232,3,0,3
113900233,9,22,-13
113900234,68,135,-67
113900235,85,7,78
113900236,188,28,160
113900237,25,3,22
113900238,13,102,-89
113900239,17,10,7
113900240,1,19,-18
113900241,1,3,-2
113900242,0,15,-15
113900243,0,42,-42
113900244,32,13,19
113900245,94,61,33
113900246,1,11,-10
113900247,11,219,-208
113900248,233,434,-201
113900249,23,110,-87
113900250,3,39,-36
113900251,451,4,447
113900252,325,3,322
113900253,131,2,129
113900254,154,23,131
113900255,375,15,360
113900256,192,17,175
113900257,0,110,-110
113900258,2,93,-91
113900259,279,15,264
113900260,109,1,108
113900261,28,9,19
113900262,125,90,35
113900263,0,16,-16
113900264,0,32,-32
113900265,8,66,-58
113900266,15,29,-14
113900267,5,141,-136
113900268,20,26,-6
113900269,6,7,-1
113900270,50,41,9
113900271,78,64,14
113900273,0,1,-1
113900274,9,7,2
113900275,0,10,-10
113900276,3,22,-19
113900277,93,7,86
113900278,8,20,-12
113900279,4,5,-1
113900280,101,74,27
113900281,35,235,-200
113900282,38,30,8
113900283,56,106,-50
113900284,513,53,460
113900285,35,2,33
113900286,33,1,32
113900287,25,1,24
113900288,0,34,-34
113900289,224,46,178
113900290,21,100,-79
113900291,17,16,1
113900292,0,0,0
113900293,0,30,-30
113900294,264,8,256
113900295,62,32,30
113900296,269,80,189
113900297,786,4,782
113900298,1,106,-105
113900299,15,1,14
113900300,446,576,-130
113900301,55,295,-240
113900302,427,182,245
113900303,86,238,-152
113900304,1,7,-6
113900305,98,0,98
113900306,33,0,33
113900307,0,0,0
113900308,3,9,-6
113900309,0,96,-96
113900310,0,3,-3
113900311,1,0,1
113900312,12,43,-31
113900313,0,0,0
113900314,0,0,0
113900315,238,0,238
114000001,279,394,-115
114000002,182,72,110
114000003,176,72,104
114000004,372,45,327
114000005,232,56,176
114000006,288,222,66
114000007,371,348,23
114000008,638,562,76
114000009,768,90,678
114000011,1286,503,783
114000012,2134,296,1838
114000013,989,301,688
114000014,222,51,171
114000015,1059,65,994
114000016,170,35,135
114000017,51,489,-438
114000018,22,3,19
114000026,1792,303,1489
114000027,2182,752,1430
114000028,671,1316,-645
114000038,225,49,176
114000039,86,14,72
114000040,84,178,-94
114000042,36,86,-50
114000043,72,74,-2
114000044,257,28,229
114000045,3,7,-4
114000046,380,841,-461
114000047,1,33,-32
114000048,106,50,56
114000049,702,442,260
114000050,730,308,422
114000051,1288,900,388
114000052,1220,1283,-63
114000053,5,255,-250
114000054,40,166,-126
114000055,127,2,125
114000056,31,138,-107
114000057,811,569,242
114000058,1,233,-232
114000059,2,222,-220
114000060,93,156,-63
114000061,688,657,31
114000062,50,438,-388
114000063,308,313,-5
114000064,466,1219,-753
114000065,296,451,-155
114000066,310,316,-6
114000067,15,548,-533
114000068,95,153,-58
114000069,378,124,254
114000070,613,562,51
114000071,336,81,255
114000072,485,64,421
114000073,14,18,-4
114000074,38,7,31
114000075,92,6,86
114000076,13,11,2
114000077,0,6,-6
114000078,194,68,126
114000079,207,6,201
114000080,11,23,-12
114000081,26,17,9
114000082,8,100,-92
114000083,26,6,20
114000084,93,52,41
114000085,55,40,15
114000086,116,12,104
114000087,116,16,100
114000088,40,9,31
114000089,177,69,108
114000090,348,272,76
114000091,389,265,124
114000092,142,127,15
114000093,464,97,367
114000094,271,126,145
114000095,149,158,-9
114000096,25,116,-91
114000097,51,156,-105
114000098,484,58,426
114000099,461,107,354
114000100,1146,124,1022
114000101,174,175,-1
114000102,594,95,499
114000103,85,93,-8
114000104,0,42,-42
114000105,132,53,79
114000106,227,928,-701
114000107,247,39,208
114000108,232,231,1
114000109,395,1476,-1081
114000110,242,187,55
114000111,1036,603,433
114000112,85,332,-247
114000113,1546,188,1358
114000114,148,256,-108
114000115,1607,275,1332
114000116,560,2278,-1718
114000117,2423,196,2227
114000118,1943,105,1838
114000119,1816,226,1590
114000120,264,208,56
114000121,160,176,-16
114000122,174,113,61
114000123,1470,127,1343
114000124,791,102,689
114000125,305,250,55
114000126,746,85,661
114000127,30,33,-3
114000128,502,101,401
114000130,192,270,-78
114000131,277,17,260
114000132,274,92,182
114000133,177,105,72
114000134,16,2,14
114000138,1,2,-1
114000139,177,33,144
114000144,308,120,188
114000145,1,2,-1
114000146,51,4,47
114000147,372,1134,-762
114000148,279,551,-272
114000149,117,108,9
114000150,45,121,-76
114000151,178,2175,-1997
114000152,27,7,20
114000153,263,450,-187
114000154,148,136,12
114000155,385,1478,-1093
114000156,282,214,68
114000157,132,469,-337
114000158,142,169,-27
114000159,72,107,-35
114000160,19,48,-29
114000161,353,548,-195
114000162,457,717,-260
114000163,5,3,2
114000165,149,95,54
114000166,87,130,-43
114000167,780,390,390
114000168,244,61,183
114000169,254,395,-141
114000170,419,328,91
114000171,533,5108,-4575
114000174,51,68,-17
114000176,100,90,10
114000177,200,162,38
114000178,18,26,-8
114000179,394,341,53
114000180,136,100,36
114000181,587,2080,-1493
114000182,245,644,-399
114000183,255,173,82
114000184,770,109,661
114000185,563,324,239
114000189,900,57,843
114000190,2060,272,1788
114000191,78,237,-159
114000192,45,216,-171
114000193,131,383,-252
114000194,841,407,434
114000195,207,90,117
114000196,0,54,-54
114000197,1344,2,1342
114000198,198,63,135
114000199,329,661,-332
114000200,232,412,-180
114000201,76,234,-158
114000202,408,286,122
114000203,754,579,175
114000204,21,78,-57
114000205,115,316,-201
114000206,226,338,-112
114000207,122,271,-149
114000208,199,244,-45
114000209,168,339,-171
114000210,64,237,-173
114000211,1167,418,749
114000212,722,461,261
114000213,1462,177,1285
114000214,49,8,41
114000215,23,6,17
114000216,866,244,622
114000217,269,100,169
114000218,208,68,140
114000219,834,51,783
114000220,28,125,-97
114000221,827,77,750
114000222,72,125,-53
114000223,465,61,404
114000224,11,95,-84
114000225,178,99,79
114000226,223,44,179
114000227,841,191,650
114000228,711,249,462
114000229,813,409,404
114000230,1024,300,724
114000231,522,510,12
114000232,632,74,558
114000233,1391,16,1375
114000234,898,338,560
114000235,1057,584,473
114000236,0,55,-55
114000237,36,193,-157
114000238,58,170,-112
114000239,100,215,-115
114000240,549,483,66
114000241,220,291,-71
114000242,471,170,301
114000243,1144,613,531
114000244,233,156,77
114000245,228,410,-182
114000246,62,10,52
114000247,270,249,21
114000248,905,213,692
114000249,495,130,365
114000250,460,94,366
114000251,100,49,51
114000252,20,2,18
114000253,35,14,21
114000254,45,0,45
114000255,171,85,86
114000256,76,238,-162
114000257,230,383,-153
114000258,243,73,170
114000259,38,101,-63
114000260,0,4,-4
114000261,64,11,53
114000262,182,29,153
114000263,1,0,1
114000264,861,37,824
114000265,0,1,-1
114000267,0,988,-988
114000268,0,304,-304
114000270,102,0,102
114000271,139,154,-15
114000283,968,42,926
114000285,1,54,-53
114000288,102,66,36
114000289,1449,32,1417
114000293,138,109,29
114000294,86,147,-61
114000395,713,44,669
114000396,224,156,68
114000402,527,86,441
114000403,342,75,267
114000405,148,80,68
114000423,293,99,194
114000424,334,83,251
114000425,705,62,643
114000426,203,400,-197
114000427,33,5,28
114000428,58,13,45
114000429,14,33,-19
114000432,50,16,34
114000434,5,1,4
114000435,0,26,-26
114900001,360,55,305
114900002,115,15,100
114900003,343,122,221
114900004,61,144,-83
114900005,254,92,162
114900006,20,55,-35
114900007,50,0,50
114900008,226,0,226
114900010,316,677,-361
114900011,265,59,206
114900013,115,20,95
114900018,424,10,414
114900020,53,25,28
114900022,0,180,-180
114900025,248,27,221
114900026,81,19,62
114900029,176,12,164
114900030,156,42,114
114900031,435,5,430
114900032,398,0,398
114900034,9,14,-5
114900035,11,71,-60
114900036,52,32,20
114900039,329,96,233
114900040,82,3,79
114900041,590,59,531
114900042,637,37,600
114900044,54,21,33
114900047,13,1712,-1699
114900048,0,27,-27
114900049,1,15,-14
114900050,13,29,-16
114900051,5,47,-42
114900052,10,47,-37
114900053,53,23,30
114900054,9,6,3
114900057,34,5,29
114900058,0,6,-6
114900059,63,9,54
114900063,21,7,14
114900064,1129,33,1096
114900065,192,315,-123
114900067,3,24,-21
114900068,14,10,4
114900069,64,23,41
114900070,319,47,272
114900072,1,14,-13
114900073,0,25,-25
114900074,647,45,602
114900075,146,0,146
114900076,6,40,-34
114900080,124,48,76
114900082,708,909,-201
114900083,35,93,-58
114900090,313,63,250
114900091,26,32,-6
114900097,58,0,58
114900098,0,31,-31
114900099,101,3,98
115000001,1161,858,303
115000002,1448,2831,-1383
115000003,1214,587,627
115000004,2028,2762,-734
115000005,661,700,-39
115000006,554,497,57
115000007,104,128,-24
115000008,133,160,-27
115000009,134,81,53
115000010,94,88,6
115000013,11,64,-53
115000015,20,82,-62
115000016,18,104,-86
115000019,18,196,-178
115000020,47,362,-315
115000021,33,106,-73
115000022,29,44,-15
115000023,189,236,-47
115000024,118,63,55
115000025,349,148,201
115000026,87,32,55
115000027,177,97,80
115000028,57,28,29
115000029,487,22,465
115000030,153,72,81
115000031,231,35,196
115000032,1,28,-27
115000033,77,0,77
115000034,47,86,-39
115000035,244,18,226
115000036,0,77,-77
115000037,172,30,142
115000038,55,50,5
115000039,929,1462,-533
115000040,1121,1038,83
115000041,572,1710,-1138
115000042,148,236,-88
115000043,1356,925,431
115000044,854,844,10
115000045,1108,320,788
115000046,1671,862,809
115000047,1327,529,798
115000048,907,665,242
115000049,586,891,-305
115000050,1284,512,772
115000051,668,2091,-1423
115000052,521,605,-84
115000053,980,1416,-436
115000054,249,297,-48
115000055,71,371,-300
115000056,91,83,8
115000057,269,514,-245
115000058,52,205,-153
115000059,38,199,-161
115000061,79,154,-75
115000062,177,235,-58
115000063,137,105,32
115000064,77,36,41
115000065,42,255,-213
115000067,175,4,171
115000069,44,72,-28
115000070,24,338,-314
115000071,36,16,20
115000072,0,19,-19
115000073,600,23,577
115000075,24,67,-43
115000076,652,365,287
115000077,747,399,348
115000078,675,199,476
115000079,576,380,196
115000080,1613,381,1232
115000081,101,172,-71
115000082,2440,1661,779
115000083,1054,275,779
115000084,1748,237,1511
115000085,498,147,351
115000086,526,176,350
115000087,226,576,-350
115000088,716,219,497
115000089,434,401,33
115000090,153,308,-155
115000091,132,217,-85
115000092,628,286,342
115000093,447,1,446
115000094,1529,3851,-2322
115000095,1017,3165,-2148
115000096,531,254,277
115000097,1105,817,288
115000098,798,105,693
115000099,1048,475,573
115000100,1006,180,826
115000101,239,256,-17
115000102,371,60,311
115000103,163,190,-27
115000105,42,73,-31
115000106,364,226,138
115000107,69,72,-3
115000108,603,387,216
115000109,908,2869,-1961
115000110,432,1153,-721
115000111,86,189,-103
115000112,251,149,102
115000113,71,149,-78
115000114,152,122,30
115000116,459,510,-51
115000117,519,525,-6
115000118,632,559,73
115000119,448,544,-96
115000120,213,494,-281
115000121,215,197,18
115000122,194,431,-237
115000123,192,560,-368
115000124,191,340,-149
115000125,157,435,-278
115000126,31,217,-186
115000127,182,26,156
115000128,71,344,-273
115000129,98,274,-176
115000130,109,143,-34
115000131,307,107,200
115000132,162,70,92
115000133,383,27,356
115000134,190,34,156
115000135,101,15,86
115000136,39,57,-18
115000137,50,21,29
115000138,150,94,56
115000139,49,18,31
115000140,222,43,179
115000141,132,62,70
115000142,65,19,46
115000143,365,144,221
115000144,248,31,217
115000145,139,47,92
115000146,207,93,114
115000147,141,70,71
115000148,68,183,-115
115000149,218,81,137
115000150,161,112,49
115000151,457,158,299
115000152,249,113,136
115000153,531,129,402
115000154,254,117,137
115000155,250,155,95
115000156,241,349,-108
115000157,69,117,-48
115000158,20,109,-89
115000159,152,137,15
115000160,87,74,13
115000161,85,153,-68
115000162,168,401,-233
115000163,131,132,-1
115000164,105,220,-115
115000165,80,211,-131
115000167,47,13,34
115000168,247,145,102
115000169,81,350,-269
115000170,26,127,-101
115000171,150,196,-46
115000172,187,366,-179
115000173,81,463,-382
115000174,16,129,-113
115000175,112,78,34
115000176,1,31,-30
115000177,10,106,-96
115000178,1,37,-36
115000179,3,50,-47
115000180,21,90,-69
115000181,395,70,325
115000182,478,126,352
115000183,260,130,130
115000186,252,27,225
115000187,143,46,97
115000188,163,107,56
115000189,125,165,-40
115000190,244,147,97
115000191,58,183,-125
115000194,56,31,25
115000195,19,48,-29
115000196,155,13,142
115000197,85,55,30
115000198,271,5,266
115000199,291,31,260
115000200,146,33,113
115000201,118,37,81
115000206,237,10,227
115000207,24,82,-58
115000208,50,144,-94
115000209,239,164,75
115000210,53,52,1
115000211,53,23,30
115000212,269,65,204
115000224,83,3,80
115000225,17,7,10
115000229,68,11,57
115000230,17,95,-78
115000231,209,276,-67
115000232,1451,105,1346
115000233,25,27,-2
115000234,23,75,-52
115000241,42,27,15
115000242,58,6,52
115000243,61,33,28
115000244,1,29,-28
115000246,0,1,-1
115000247,3,7,-4
115000248,17,0,17
115000249,1,4,-3
115000250,99,4,95
115000251,120,5,115
115000252,59,73,-14
115000253,0,147,-147
115000258,115,13,102
115000259,41,2,39
115000261,41,7,34
115000262,5,9,-4
115000263,1,22,-21
115000264,1,0,1
115000267,4,10,-6
115000268,8,21,-13
115000269,20,23,-3
115000270,0,3,-3
115000272,26,35,-9
115000273,155,3,152
115000280,197,262,-65
115000281,19,514,-495
115000282,159,295,-136
115000284,38,112,-74
115000296,167,2,165
115000297,7,244,-237
115000298,14,693,-679
115000300,74,44,30
115000302,324,12,312
115000303,635,5,630
115000304,483,49,434
115000305,43,91,-48
115000306,205,32,173
115000307,171,57,114
115000308,3,2,1
115000310,932,147,785
115000311,796,290,506
115000313,54,50,4
115000314,223,103,120
115000315,101,311,-210
115000316,29,62,-33
115000317,129,175,-46
115000318,487,154,333
115000319,35,46,-11
115000320,1,197,-196
115000321,145,16,129
115000322,26,59,-33
115000449,13,45,-32
115000557,9,1181,-1172
115000558,100,54,46
115000587,477,114,363
115000588,682,739,-57
115000589,1651,845,806
115000590,173,393,-220
115000591,625,194,431
115000592,278,369,-91
115000593,955,274,681
115000594,114,632,-518
115000609,169,141,28
115000617,198,1520,-1322
115000624,271,3,268
115000633,190,499,-309
115000634,1090,281,809
115000635,225,31,194
115000638,89,106,-17
115000641,0,95,-95
115000642,119,64,55
115000643,18,90,-72
115000644,40,89,-49
115000646,204,285,-81
115000647,42,187,-145
115000648,1408,130,1278
115000893,472,236,236
115000894,80,239,-159
115000895,122,231,-109
115000896,323,173,150
115000897,86,43,43
115000898,48,104,-56
115000899,19,540,-521
115000900,14,84,-70
115000901,9,143,-134
115000912,123,41,82
115000913,0,0,0
115000915,0,1,-1
115000916,15,9,6
115000917,0,16,-16
115000918,2,370,-368
115000919,0,47,-47
115000920,3,32,-29
115000921,59,51,8
115000922,122,243,-121
115000923,9,370,-361
115000925,82,56,26
115000927,10,18,-8
115000933,13,164,-151
115000934,23,78,-55
115000935,32,23,9
115000936,5,586,-581
115000937,109,101,8
115000938,6,37,-31
115000939,10,44,-34
115000940,0,12,-12
115000941,2,33,-31
115000942,0,36,-36
115000943,0,40,-40
115000944,0,2,-2
115900001,143,2,141
115900002,20,15,5
115900003,82,7,75
115900004,0,3,-3
115900005,169,6,163
115900006,24,24,0
115900008,108,2,106
115900009,6,9,-3
115900010,270,20,250
115900011,78,8,70
115900012,154,0,154
115900013,251,5,246
115900014,61,22,39
115900015,117,1,116
115900016,15,0,15
115900017,29,26,3
115900018,29,3,26
115900019,5,12,-7
115900020,102,0,102
115900021,100,86,14
115900022,103,1,102
115900023,1,7,-6
115900025,3,26,-23
115900026,195,10,185
115900027,0,35,-35
115900028,25,9,16
115900029,0,37,-37
115900030,20,24,-4
115900031,12,71,-59
115900032,70,109,-39
115900033,0,6,-6
115900034,0,37,-37
115900035,4,8,-4
115900036,7,682,-675
115900037,1,44,-43
115900038,7,1,6
115900039,63,18,45
115900041,49,228,-179
115900042,9,1,8
115900043,17,2,15
115900044,23,232,-209
115900046,340,8,332
115900047,61,112,-51
115900049,111,43,68
115900051,0,14,-14
115900052,18,80,-62
115900053,141,18,123
115900054,251,12,239
115900055,4,44,-40
115900056,52,19,33
115900057,3,26,-23
115900058,1,3,-2
115900060,29,7,22
115900061,124,1,123
115900062,12,19,-7
115900063,14,4,10
115900064,65,61,4
115900065,150,4,146
115900066,16,14,2
115900067,2,23,-21
115900068,557,858,-301
115900069,27,34,-7
115900070,62,12,50
115900071,3,13,-10
115900072,8,38,-30
115900073,102,43,59
115900074,2,58,-56
115900075,6,39,-33
115900076,10,28,-18
115900077,0,16,-16
115900078,1,16,-15
115900079,279,3,276
115900080,22,8,14
115900081,9,9,0
115900082,44,10,34
115900084,366,2,364
115900085,7,9,-2
115900086,237,57,180
115900088,0,32,-32
115900089,285,63,222
115900090,371,20,351
115900091,0,1,-1
115900092,20,18,2
115900093,2,6,-4
115900094,2,51,-49
115900096,0,0,0
115900097,6,48,-42
115900098,112,46,66
115900099,14,11,3
115900100,2,124,-122
115900101,60,30,30
115900102,49,10,39
115900103,88,14,74
115900104,76,4,72
115900105,173,47,126
115900106,102,0,102
115900107,69,4,65
115900108,77,2,75
115900109,0,100,-100
115900110,0,0,0
115900111,0,8,-8
115900112,39,96,-57
115900113,42,0,42
115900114,0,2,-2
115900115,61,32,29
115900116,17,111,-94
115900117,30,0,30
115900118,1,70,-69
115900119,128,22,106
115900120,5,23,-18
115900121,178,19,159
115900124,36,395,-359
115900125,249,9,240
115900126,552,3,549
115900127,408,0,408
115900128,0,65,-65
115900129,91,1,90
115900130,2,211,-209
115900131,200,12,188
115900132,249,0,249
115900134,183,0,183
115900135,301,168,133
115900137,18,11,7
115900139,4,14,-10
115900140,308,9,299
115900141,0,19,-19
115900142,1,16,-15
115900143,90,56,34
115900144,45,40,5
115900146,1,14,-13
115900147,66,163,-97
115900148,4,7,-3
115900149,54,3,51
115900150,83,4,79
115900151,26,36,-10
115900152,35,33,2
115900153,82,18,64
115900154,69,58,11
115900155,0,10,-10
115900156,162,161,1
115900157,162,192,-30
115900158,5,0,5
115900159,152,42,110
115900160,3,3,0
115900161,6,20,-14
115900163,126,6,120
115900164,526,0,526
115900166,36,20,16
115900168,211,22,189
115900171,24,31,-7
115900172,24,13,11
115900173,68,22,46
115900174,23,37,-14
115900175,86,9,77
115900178,38,49,-11
115900179,259,0,259
115900180,28,51,-23
115900181,100,11,89
115900182,399,11,388
115900183,2,50,-48
115900184,72,0,72
115900187,2,157,-155
115900189,1,44,-43
115900190,19,228,-209
115900191,5,30,-25
115900192,2,34,-32
115900193,7,5,2
115900194,383,4,379
115900195,67,1169,-1102
115900198,79,58,21
115900199,116,12,104
115900200,96,18,78
115900201,99,85,14
115900202,0,86,-86
115900203,10,15,-5
115900204,0,40,-40
115900205,10,4,6
115900206,236,6,230
115900207,16,2,14
115900208,40,6,34
115900209,5,34,-29
115900210,2,77,-75
115900211,0,15,-15
115900212,155,3,152
115900213,64,136,-72
115900214,228,6,222
115900215,1,68,-67
115900216,0,16,-16
115900217,4,1,3
115900218,0,3,-3
115900219,154,0,154
115900220,191,2,189
115900221,112,2,110
115900222,69,14,55
115900223,0,172,-172
115900224,115,864,-749
115900225,31,10,21
115900226,1,20,-19
115900227,1,10,-9
115900228,0,3,-3
115900229,4,3,1
115900230,4,12,-8
115900231,46,0,46
115900232,15,0,15
115900233,30,0,30
115900234,19,10,9
115900235,1,3,-2
115900236,3,6,-3
115900237,13,16,-3
115900238,9,28,-19
115900239,1,30,-29
115900240,1,24,-23
115900241,145,1,144
115900242,199,234,-35
115900243,1,7,-6
115900244,1,1,0
115900245,7,1,6
115900246,1,1,0
115900247,5,0,5
115900248,1,1,0
115900249,1,2,-1
115900250,3,14,-11
115900251,1,1,0
115900252,1,0,1
115900253,14,0,14
115900254,0,28,-28
115900255,0,6,-6
115900256,2,93,-91
115900257,0,1,-1
115900258,0,0,0
115900259,17,0,17
115900260,5,0,5
115900261,1,0,1
115900262,0,0,0
115900263,1,0,1
115900264,1,0,1
115900265,5,0,5
115900266,11,0,11
115900267,1,0,1
115900268,1,3,-2
115900269,652,16,636
115900270,170,10,160
115900271,162,0,162
115900272,12,1,11
115900273,2,24,-22
115900274,0,1,-1
115900275,0,1,-1
115900276,0,0,0
115900277,0,3,-3
115900278,26,3,23
115900279,14,37,-23
115900280,19,223,-204
115900281,51,124,-73
115900282,1,16,-15
115900283,35,0,35
115900284,2,0,2
116000001,1461,532,929
116000002,1574,7370,-5796
116000003,387,368,19
116000004,1705,3331,-1626
116000005,336,883,-547
116000006,878,1541,-663
116000007,508,814,-306
116000008,1797,922,875
116000009,422,936,-514
116000010,1899,744,1155
116000011,237,365,-128
116000012,1180,402,778
116000013,1734,1226,508
116000014,3903,10337,-6434
116000015,13,362,-349
116000016,785,1983,-1198
116000017,172,535,-363
116000018,98,155,-57
116000019,369,70,299
116000020,145,153,-8
116000021,433,71,362
116000022,158,134,24
116000023,599,411,188
116000024,320,138,182
116000025,364,268,96
116000026,308,280,28
116000027,117,113,4
116000028,254,542,-288
116000029,124,115,9
116000030,254,257,-3
116000031,3,12,-9
116000032,65,12,53
116000033,368,113,255
116000034,479,333,146
116000035,172,45,127
116000036,77,398,-321
116000037,69,133,-64
116000038,45,159,-114
116000039,111,211,-100
116000040,109,156,-47
116000041,41,213,-172
116000042,418,351,67
116000043,42,125,-83
116000044,16,20,-4
116000045,590,160,430
116000046,131,227,-96
116000047,559,682,-123
116000048,1196,443,753
116000049,852,841,11
116000050,729,650,79
116000051,1548,1156,392
116000052,1298,924,374
116000053,1398,240,1158
116000054,511,518,-7
116000055,459,411,48
116000056,1078,408,670
116000057,609,230,379
116000058,1033,1307,-274
116000059,700,2317,-1617
116000060,802,579,223
116000061,100,844,-744
116000062,159,169,-10
116000063,219,914,-695
116000066,184,367,-183
116000067,145,166,-21
116000068,158,430,-272
116000069,409,96,313
116000078,261,512,-251
116000080,776,233,543
116000082,3,6,-3
116000083,916,171,745
116000084,317,520,-203
116000085,938,681,257
116000086,307,259,48
116000087,1678,923,755
116000088,479,283,196
116000089,99,25,74
116000090,114,81,33
116000091,102,248,-146
116000093,453,103,350
116000094,275,71,204
116000095,412,89,323
116000096,655,1012,-357
116000097,388,150,238
116000098,102,4192,-4090
116000099,1631,262,1369
116000100,141,2,139
116000101,690,50,640
116000102,136,146,-10
116000103,205,79,126
116000104,144,120,24
116000105,698,48,650
116000106,328,185,143
116000107,1254,113,1141
116000108,3,129,-126
116000111,51,8,43
116000113,19,22,-3
116000114,7,34,-27
116000115,197,16,181
116000116,139,76,63
116000117,711,513,198
116000118,725,245,480
116000119,2102,541,1561
116000120,1270,828,442
116000121,717,188,529
116000122,393,204,189
116000123,1117,88,1029
116000124,244,124,120
116000125,1608,75,1533
116000126,89,164,-75
116000127,326,179,147
116000128,1395,187,1208
116000129,701,38,663
116000130,667,382,285
116000133,913,97,816
116000134,647,264,383
116000135,1746,363,1383
116000136,362,484,-122
116000137,634,208,426
116000138,309,133,176
116000139,1082,1589,-507
116000140,159,179,-20
116000141,217,51,166
116000142,1155,212,943
116000143,1341,1052,289
116000144,1853,1070,783
116000145,1715,422,1293
116000146,579,54,525
116000147,84,96,-12
116000148,396,390,6
116000149,283,151,132
116000151,212,55,157
116000153,198,93,105
116000155,132,439,-307
116000156,312,207,105
116000157,53,0,53
116000158,215,40,175
116000159,4,3,1
116000160,41,11,30
116000161,0,31,-31
116000162,17,105,-88
116000163,28,6,22
116000164,0,11,-11
116000177,39,80,-41
116000194,147,133,14
116000195,651,119,532
116000196,20,1,19
116000197,21,17,4
116000198,689,621,68
116000200,128,444,-316
116000201,331,108,223
116000202,3,72,-69
116000203,0,7,-7
116000204,0,4,-4
116000205,0,26,-26
116000206,0,29,-29
116000207,3,10,-7
116000233,28,53,-25
116000287,154,34,120
116000288,246,98,148
116000292,48,11,37
116000296,2,32,-30
116000297,85,0,85
116000304,164,0,164
116000305,0,6,-6
116000346,126,29,97
116000352,55,7,48
116000354,19,5,14
116000357,6,4,2
116000358,136,60,76
116000361,40,0,40
116000372,1156,3008,-1852
116000381,103,0,103
116000388,4,8,-4
116000389,298,34,264
116000445,637,70,567
116000446,511,50,461
116000447,26,163,-137
116000448,175,14,161
116000563,210,424,-214
116000565,133,75,58
116000568,18,107,-89
116000579,0,143,-143
116000583,52,21,31
116000584,25,1,24
116000585,24,26,-2
116000586,13,64,-51
116000587,283,169,114
116000589,17,21,-4
116000590,98,20,78
116000591,170,10,160
116000592,7,3,4
116000593,0,2,-2
116000594,649,95,554
116000595,358,16,342
116000596,81,0,81
116000597,211,79,132
116000598,11,110,-99
116000605,16,33,-17
116000606,44,145,-101
116000607,0,2,-2
116000609,15,665,-650
116000611,163,55,108
116000612,921,1643,-722
116000613,426,189,237
116000614,268,79,189
116000615,0,0,0
116000616,68,8,60
116000617,111,0,111
116000618,0,9,-9
116000619,2,61,-59
116000620,297,82,215
116000621,51,37,14
116000622,53,48,5
116000624,23,26,-3
116000627,177,159,18
116000628,30,45,-15
116000629,5,35,-30
116000630,336,6,330
116000631,165,14,151
116000632,1101,22,1079
116000633,196,41,155
116000634,392,7,385
116000635,1175,1135,40
116000636,291,614,-323
116000637,514,0,514
116000638,98,98,0
116000639,84,0,84
116000640,19,24,-5
116000641,16,6,10
116000643,34,46,-12
116000644,40,30,10
116000645,40,45,-5
116900001,37,18,19
116900002,97,0,97
116900003,45,2,43
116900004,10,85,-75
116900005,148,2,146
116900006,66,65,1
116900007,6,22,-16
116900008,409,37,372
116900009,1,8,-7
116900010,968,159,809
116900011,0,1,-1
116900012,52,43,9
116900013,0,5,-5
116900014,183,3,180
116900015,375,10,365
116900016,259,3,256
116900017,35,149,-114
116900018,24,14,10
116900019,0,56,-56
116900020,93,938,-845
116900023,15,4,11
116900024,605,10,595
116900025,1057,135,922
116900026,20,182,-162
116900027,46,11,35
116900028,0,3,-3
116900029,0,94,-94
116900031,3,1,2
116900032,0,30,-30
116900033,8,0,8
116900034,10,3,7
116900035,22,30,-8
116900036,0,17,-17
116900038,7,0,7
116900041,41,1,40
116900042,26,31,-5
116900043,28,18,10
116900047,5,131,-126
116900049,12,40,-28
116900050,15,25,-10
116900051,165,3,162
116900052,45,22,23
116900055,0,5,-5
116900057,13,14,-1
116900058,7,32,-25
116900059,0,18,-18
116900060,21,89,-68
116900062,0,12,-12
116900064,17,14,3
116900065,4,16,-12
116900067,27,8,19
116900068,52,78,-26
116900070,18,0,18
116900072,3,23,-20
116900073,0,32,-32
116900074,3,3,0
116900076,16,0,16
116900077,0,28,-28
116900078,40,22,18
116900079,7,47,-40
116900080,0,4,-4
116900081,25,131,-106
116900082,12,328,-316
116900083,4,5,-1
116900084,15,3,12
116900085,1,24,-23
116900086,4,398,-394
116900088,54,0,54
116900090,3,2,1
116900091,140,5,135
116900092,38,176,-138
116900093,567,513,54
116900094,1013,2655,-1642
116900095,209,8,201
116900096,179,103,76
116900097,452,1905,-1453
116900098,85,66,19
116900099,43,549,-506
116900100,864,5,859
116900101,56,122,-66
116900103,0,0,0
116900104,12,1295,-1283
116900105,201,122,79
116900106,739,5,734
116900107,348,1903,-1555
116900110,9,0,9
116900111,457,147,310
116900112,167,112,55
116900113,242,1138,-896
116900116,29,97,-68
116900117,100,22,78
116900118,303,600,-297
116900120,314,23,291
116900121,149,9,140
116900122,815,73,742
116900123,140,83,57
116900124,40,59,-19
116900125,309,21,288
116900126,21,260,-239
116900128,0,1,-1
116900129,0,47,-47
116900130,90,2324,-2234
116900131,8,46,-38
116900132,18,32,-14
116900133,82,31,51
116900134,135,67,68
116900136,82,13,69
116900137,65,71,-6
116900138,58,16,42
116900139,9,35,-26
116900140,29,10,19
116900141,174,26,148
116900142,1,8,-7
116900143,119,14,105
116900144,5,1,4
116900145,23,18,5
116900147,65,222,-157
116900148,0,4,-4
116900149,30,161,-131
116900150,15,1,14
116900151,18,15,3
116900153,101,37,64
116900154,92,175,-83
116900155,17,15,2
116900157,726,20,706
116900158,100,224,-124
116900159,41,144,-103
116900160,396,172,224
116900161,813,4159,-3346
116900162,0,20,-20
116900163,171,13,158
116900164,72,59,13
116900165,389,87,302
116900166,54,37,17
116900167,339,7,332
116900168,277,17,260
116900169,25,151,-126
116900170,290,126,164
116900171,21,21,0
116900172,23,253,-230
116900173,418,1,417
116900174,23,62,-39
116900175,101,71,30
116900178,44,20,24
116900179,40,234,-194
116900180,61,0,61
116900182,228,56,172
116900183,89,27,62
116900185,21,38,-17
116900186,99,47,52
116900187,23,26,-3
116900188,39,0,39
116900189,16,0,16
116900191,49,66,-17
116900192,214,33,181
116900194,53,437,-384
116900195,48,0,48
116900196,6,53,-47
116900197,76,0,76
116900198,13,291,-278
116900200,45,1,44
116900201,321,0,321
116900202,27,25,2
116900203,106,4,102
116900204,60,137,-77
116900206,54,1,53
116900207,12,4,8
116900208,1,27,-26
116900209,3,16,-13
116900210,90,65,25
116900211,102,0,102
116900212,57,1,56
116900213,78,10,68
116900214,138,39,99
116900215,27,10,17
116900216,46,22,24
116900218,0,60,-60
116900219,143,32,111
116900220,45,84,-39
116900221,66,108,-42
116900222,103,59,44
116900223,22,30,-8
116900226,80,8,72
116900227,201,13,188
116900228,222,27,195
116900230,31,66,-35
116900231,21,60,-39
116900232,5,65,-60
116900233,180,18,162
116900234,2,0,2
116900235,191,74,117
116900238,218,66,152
116900239,5,745,-740
116900240,2967,2352,615
116900241,35,14,21
116900242,342,419,-77
116900243,0,0,0
116900245,24,36,-12
116900246,91,87,4
116900247,696,44,652
116900248,60,1,59
116900249,225,6,219
116900250,154,13,141
116900251,92,693,-601
116900252,67,81,-14
116900254,6,75,-69
116900255,45,50,-5
116900256,365,82,283
116900257,9,15,-6
116900258,0,6,-6
116900259,129,1,128
116900260,0,0,0
116900261,68,0,68
116900262,35,16,19
116900263,0,2,-2
116900264,62,41,21
116900265,71,0,71
116900266,22,0,22
116900267,0,0,0
116900268,0,115,-115
116900269,217,293,-76
116900271,62,229,-167
116900272,87,112,-25
116900273,11,49,-38
116900274,38,8,30
116900275,98,25,73
116900276,92,156,-64
116900277,29,8,21
116900278,0,0,0
116900279,1,7,-6
116900280,8,4,4
116900281,1084,2996,-1912
116900282,0,3,-3
116900283,1,19,-18
116900284,4,37,-33
116900285,8,200,-192
116900286,30,0,30
116900287,3,10,-7
116900288,139,10,129
116900289,9,0,9
116900290,31,0,31
116900291,6,2,4
116900292,0,20,-20
116900293,34,3,31
116900294,4,12,-8
116900295,105,89,16
116900296,29,17,12
116900297,1,18,-17
116900298,7,104,-97
116900299,2,429,-427
116900300,1,43,-42
116900301,41,50,-9
116900302,0,57,-57
116900303,40,40,0
116900304,0,33,-33
116900305,0,6,-6
116900306,209,92,117
116900307,128,0,128
116900308,0,38,-38
116900309,132,11,121
116900310,17,21,-4
116900311,1,100,-99
117000001,1557,1299,258
117000002,1026,996,30
117000003,2679,986,1693
117000004,1221,1466,-245
117000005,2088,551,1537
117000006,528,931,-403
117000007,2934,646,2288
117000008,506,995,-489
117000009,2073,571,1502
117000010,596,666,-70
117000011,1737,405,1332
117000012,1080,399,681
117000013,1344,389,955
117000014,929,1445,-516
117000015,1235,693,542
117000016,130,181,-51
117000017,54,74,-20
117000018,21,616,-595
117000019,10,105,-95
117000020,200,1211,-1011
117000021,407,515,-108
117000022,93,236,-143
117000023,25,351,-326
117000024,57,154,-97
117000025,116,1704,-1588
117000026,515,1399,-884
117000027,308,793,-485
117000028,173,325,-152
117000030,142,258,-116
117000031,204,149,55
117000032,719,728,-9
117000033,829,422,407
117000034,138,136,2
117000035,104,93,11
117000036,233,160,73
117000037,161,101,60
117000038,72,247,-175
117000039,102,91,11
117000040,34,180,-146
117000041,817,44,773
117000044,2,227,-225
117000045,372,104,268
117000046,122,414,-292
117000047,432,406,26
117000048,582,399,183
117000049,25,125,-100
117000050,76,381,-305
117000051,1439,33,1406
117000052,42,76,-34
117000053,702,3,699
117000054,938,3,935
117000055,3,361,-358
117000056,395,11,384
117000057,154,466,-312
117000060,227,414,-187
117000061,1563,619,944
117000062,98,299,-201
117000063,849,376,473
117000064,303,147,156
117000066,130,198,-68
117000067,43,242,-199
117000074,2,70,-68
117000076,22,8,14
117000077,61,43,18
117000078,135,131,4
117000079,112,105,7
117000080,0,314,-314
117000081,205,52,153
117000082,26,57,-31
117000083,166,194,-28
117000084,48,0,48
117000085,155,181,-26
117000086,233,94,139
117000087,29,194,-165
117000088,311,34,277
117000089,1641,81,1560
117000090,180,281,-101
117000091,803,43,760
117000092,229,281,-52
117000093,1435,68,1367
117000094,295,373,-78
117000095,1892,150,1742
117000096,358,383,-25
117000097,1242,335,907
117000098,510,596,-86
117000099,3042,298,2744
117000100,216,108,108
117000101,40,170,-130
117000102,1407,103,1304
117000103,134,425,-291
117000104,1249,159,1090
117000105,105,312,-207
117000106,1285,95,1190
117000107,163,271,-108
117000108,1667,455,1212
117000109,362,645,-283
117000110,953,929,24
117000111,1878,1675,203
117000112,2033,554,1479
117000113,7,25,-18
117000114,282,28,254
117000115,23,10,13
117000116,153,44,109
117000117,807,495,312
117000118,211,277,-66
117000119,52,326,-274
117000120,2,314,-312
117000121,3,351,-348
117000122,293,489,-196
117000123,257,82,175
117000124,21,33,-12
117000125,17,388,-371
117000126,13,9,4
117000127,17,121,-104
117000128,16,189,-173
117000129,71,549,-478
117000130,132,0,132
117000131,0,11,-11
117000132,1927,8,1919
117000133,2080,6,2074
117000134,0,0,0
117000135,5,99,-94
117000136,1,27,-26
117000137,155,40,115
117000138,0,0,0
117000140,181,255,-74
117000141,1336,104,1232
117000181,44,61,-17
117000182,902,761,141
117000195,29,147,-118
117000196,243,113,130
117000225,2,78,-76
117000226,1,48,-47
117000276,324,6,318
117000277,0,87,-87
117000310,463,1900,-1437
117000315,65,201,-136
117000320,39,1,38
117000906,549,11,538
117000907,4,69,-65
117000909,62,63,-1
117000910,127,60,67
117000911,21,61,-40
117000915,1,71,-70
117000916,39,18,21
117000917,993,11,982
117000918,62,27,35
117000919,0,11,-11
117000920,1,219,-218
117000921,0,170,-170
117000922,3,13,-10
117000924,566,375,191
117000926,180,70,110
117000927,84,180,-96
117000928,0,28,-28
117000929,273,54,219
117000930,238,1,237
117000931,50,75,-25
117900002,16,388,-372
117900003,14,18,-4
117900005,0,23,-23
117900006,0,27,-27
117900007,78,36,42
117900008,0,16,-16
117900010,243,121,122
117900011,2,285,-283
117900012,10,5,5
117900013,0,34,-34
117900014,474,161,313
117900015,2,91,-89
117900016,189,424,-235
117900017,592,304,288
117900018,153,164,-11
117900019,470,116,354
117900020,9,45,-36
117900021,21,47,-26
117900023,586,14,572
117900024,47,17,30
117900025,3,0,3
117900026,316,62,254
117900028,25,2,23
117900029,157,91,66
117900031,126,47,79
117900032,648,223,425
117900033,238,86,152
117900034,41,2,39
117900035,203,16,187
117900036,204,67,137
117900037,146,27,119
117900038,22,14,8
117900039,0,8,-8
117900040,12,13,-1
117900041,0,14,-14
117900042,812,166,646
117900043,0,2,-2
117900044,136,2657,-2521
117900045,90,34,56
117900048,268,34,234
117900049,195,120,75
117900050,0,69,-69
117900051,10,4,6
117900052,46,465,-419
117900053,1223,77,1146
117900054,0,6,-6
117900055,198,30,168
117900056,0,20,-20
117900057,388,220,168
117900058,2,25,-23
117900059,53,19,34
117900060,1159,563,596
117900061,2,110,-108
117900063,342,41,301
117900065,86,249,-163
117900066,0,70,-70
117900067,503,22,481
117900069,642,41,601
117900070,24,319,-295
117900071,95,24,71
117900073,397,29,368
117900074,6,116,-110
117900075,74,43,31
117900076,17,69,-52
117900077,285,8,277
117900078,349,220,129
117900080,86,62,24
117900081,119,58,61
117900082,433,113,320
117900083,454,96,358
117900086,170,8,162
117900087,55,2,53
117900088,174,245,-71
117900089,1522,310,1212
117900090,359,107,252
117900091,146,8,138
117900092,85,12,73
117900093,95,1,94
117900094,21,29,-8
117900095,248,337,-89
117900096,101,121,-20
117900097,95,12,83
117900098,26,8,18
117900099,143,1463,-1320
117900100,335,0,335
117900101,477,1459,-982
117900102,39,5,34
117900103,36,1,35
117900104,9,800,-791
117900105,21,37,-16
117900106,49,1,48
117900107,69,0,69
117900109,694,439,255
117900110,91,0,91
117900111,586,42,544
117900112,33,0,33
117900113,417,1337,-920
117900114,26,0,26
117900115,8,107,-99
117900116,356,198,158
117900117,482,131,351
117900118,72,0,72
117900119,222,8,214
117900120,282,3,279
117900121,74,16,58
117900122,109,2940,-2831
117900123,530,115,415
117900124,42,134,-92
117900125,906,302,604
117900126,40,137,-97
117900127,282,70,212
117900128,201,96,105
117900129,45,0,45
117900130,305,41,264
117900131,0,24,-24
117900132,1,5,-4
117900133,1,15,-14
117900134,19,8,11
117900135,0,36,-36
117900136,0,2,-2
117900137,2,42,-40
117900138,0,5,-5
117900139,25,16,9
117900140,3792,78,3714
117900141,16,72,-56
117900142,45,266,-221
117900144,8,97,-89
117900145,1,52,-51
117900146,26,132,-106
117900147,45,23,22
117900148,839,1802,-963
117900149,31,30,1
117900150,41,6,35
117900151,29,110,-81
117900152,3,27,-24
117900153,15,87,-72
117900154,276,131,145
117900156,302,111,191
117900157,70,109,-39
117900158,202,13,189
117900160,487,300,187
117900161,281,314,-33
117900162,390,208,182
117900163,16,371,-355
117900165,1,4,-3
117900166,10,91,-81
117900168,76,31,45
117900169,0,13,-13
117900170,3,3,0
117900171,4,0,4
117900172,4,2,2
117900173,19,7,12
117900174,3,9,-6
117900175,0,0,0
117900176,2,4,-2
117900177,18,2,16
117900178,4,3,1
117900180,24,7,17
117900181,5,326,-321
117900182,0,63,-63
117900183,69,67,2
117900184,29,22,7
117900185,71,17,54
117900186,31,2,29
117900187,6,0,6
117900188,56,2,54
117900189,31,24,7
117900190,23,0,23
117900191,57,0,57
117900192,107,0,107
117900193,1,69,-68
117900194,0,11,-11
117900195,20,1,19
117900196,2,3,-1
117900207,20,27,-7
117900208,4,3,1
117900209,93,16,77
117900210,5,19,-14
117900211,0,25,-25
117900212,92,38,54
117900213,50,0,50
117900214,1,2,-1
117900215,35,50,-15
117900216,19,4,15
117900217,24,18,6
117900218,8,68,-60
117900219,1,60,-59
117900220,2,41,-39
117900222,96,31,65
117900223,20,178,-158
118000001,200,732,-532
118000002,294,520,-226
118000003,765,1444,-679
118000004,584,888,-304
118000005,965,880,85
118000006,575,1178,-603
118000007,1894,3115,-1221
118000008,425,2260,-1835
118000009,707,1692,-985
118000010,1141,1569,-428
118000011,1078,392,686
118000012,304,316,-12
118000013,623,591,32
118000014,605,410,195
118000016,126,57,69
118000017,328,201,127
118000018,103,58,45
118000019,506,783,-277
118000020,180,727,-547
118000021,109,968,-859
118000022,373,218,155
118000023,163,130,33
118000024,217,269,-52
118000027,2327,2208,119
118000029,229,430,-201
118000032,99,663,-564
118000033,942,1462,-520
118000034,774,883,-109
118000035,723,809,-86
118000036,387,335,52
118000037,365,282,83
118000038,204,19,185
118000039,72,47,25
118000040,637,500,137
118000041,1139,465,674
118000045,103,168,-65
118000046,201,382,-181
118000047,146,544,-398
118000048,340,861,-521
118000051,523,1212,-689
118000052,246,424,-178
118000053,30,403,-373
118000054,867,444,423
118000055,585,654,-69
118000056,71,176,-105
118000057,41,183,-142
118000058,553,1628,-1075
118000059,284,1178,-894
118000060,471,168,303
118000061,526,483,43
118000062,183,67,116
118000063,128,523,-395
118000064,166,435,-269
118000065,707,400,307
118000066,384,1165,-781
118000067,96,198,-102
118000068,187,3544,-3357
118000069,236,453,-217
118000070,1163,804,359
118000071,927,3588,-2661
118000072,256,2028,-1772
118000073,241,1183,-942
118000074,214,867,-653
118000075,301,563,-262
118000076,756,2732,-1976
118000077,412,563,-151
118000078,784,884,-100
118000079,43,109,-66
118000080,154,239,-85
118000081,603,568,35
118000082,46,466,-420
118000083,413,526,-113
118000084,437,717,-280
118000086,103,197,-94
118000087,1345,857,488
118000088,415,385,30
118000089,1055,1275,-220
118000090,434,1214,-780
118000091,341,1575,-1234
118000092,176,165,11
118000093,22,287,-265
118000096,252,187,65
118000097,216,192,24
118000098,58,16,42
118000099,202,53,149
118000101,652,104,548
118000102,239,193,46
118000107,304,82,222
118000108,75,1888,-1813
118000110,0,12,-12
118000111,0,35,-35
118000112,849,0,849
118000113,0,43,-43
118000114,522,1,521
118000115,2,5,-3
118000116,1,1,0
118000117,200,251,-51
118000118,432,495,-63
118000119,552,520,32
118000120,394,245,149
118000121,4,115,-111
118000122,129,78,51
118000123,63,50,13
118000125,343,366,-23
118000126,197,981,-784
118000127,344,449,-105
118000128,141,696,-555
118000129,355,263,92
118000130,531,1323,-792
118000131,131,398,-267
118000132,1136,997,139
118000133,747,335,412
118000135,168,274,-106
118000136,35,143,-108
118000137,161,58,103
118000138,149,76,73
118000139,168,51,117
118000140,1121,4246,-3125
118000141,1608,855,753
118000142,1181,492,689
118000143,1817,1060,757
118000144,338,165,173
118000145,435,346,89
118000146,717,119,598
118000147,375,318,57
118000148,523,703,-180
118000149,453,118,335
118000150,520,84,436
118000151,432,93,339
118000153,1096,327,769
118000154,1599,382,1217
118000155,1314,525,789
118000156,772,1170,-398
118000157,307,120,187
118000158,69,253,-184
118000159,36,18,18
118000160,357,95,262
118000161,246,109,137
118000162,627,337,290
118000163,514,457,57
118000164,916,490,426
118000168,189,185,4
118000169,244,286,-42
118000170,887,764,123
118000171,114,94,20
118000172,44,99,-55
118000173,491,622,-131
118000175,60,102,-42
118000176,173,128,45
118000177,177,181,-4
118000178,4,11,-7
118000179,239,235,4
118000180,209,118,91
118000181,162,67,95
118000182,119,46,73
118000183,113,64,49
118000184,694,156,538
118000185,178,679,-501
118000186,108,489,-381
118000187,1184,128,1056
118000188,496,6,490
118000189,437,25,412
118000190,6,0,6
118000191,10,0,10
118000192,1,36,-35
118000193,1,141,-140
118000194,525,360,165
118000195,101,664,-563
118000196,8,90,-82
118000197,45,193,-148
118000198,125,1069,-944
118000199,96,700,-604
118000200,2,172,-170
118000201,22,262,-240
118000202,1,94,-93
118000203,58,451,-393
118000204,4,223,-219
118000205,11,101,-90
118000206,140,37,103
118000207,0,15,-15
118000208,653,505,148
118000209,1227,203,1024
118000210,110,7,103
118000211,74,22,52
118000213,137,1035,-898
118000214,59,184,-125
118000215,218,27,191
118000216,2289,581,1708
118000217,0,24,-24
118000218,22,4,18
118000219,26,41,-15
118000220,2,6,-4
118000221,226,265,-39
118000222,13,1,12
118000223,66,24,42
118000224,20,16,4
118000225,49,123,-74
118000226,658,25,633
118000227,148,131,17
118000228,4,28,-24
118000229,14,95,-81
118000230,18,108,-90
118000231,7,173,-166
118000232,371,100,271
118000233,719,147,572
118000234,239,48,191
118000236,175,103,72
118000237,81,32,49
118000238,114,18,96
118000239,116,156,-40
118000240,46,39,7
118000241,57,22,35
118000242,176,6,170
118000243,43,78,-35
118000244,24,21,3
118000246,1,29,-28
118000255,24,70,-46
118000256,64,75,-11
118000259,0,32,-32
118000260,140,3,137
118000261,32,1,31
118000263,37,20,17
118000266,90,55,35
118000267,0,20,-20
118000268,45,0,45
118000270,30,13,17
118000271,162,29,133
118000272,3,2,1
118000273,92,28,64
118000274,19,20,-1
118000276,233,48,185
118000295,8,29,-21
118000298,26,26,0
118000299,62,20,42
118000301,0,47,-47
118000302,24,2,22
118000311,614,9,605
118000312,170,3,167
118000313,13,41,-28
118000314,51,7,44
118000315,24,1,23
118000316,592,91,501
118000325,51,0,51
118000326,5,2,3
118000331,36,1,35
118000332,16,0,16
118000333,34,7,27
118000335,257,3,254
118000336,1,34,-33
118000407,184,25,159
118000457,2,18,-16
118000465,247,788,-541
118000480,18,2,16
118000489,3,121,-118
118000490,4,96,-92
118000492,373,30,343
118000510,19,4,15
118000514,18,107,-89
118000515,217,574,-357
118000517,78,66,12
118000524,124,156,-32
118000525,76,165,-89
118000530,25,48,-23
118000531,284,94,190
118000532,68,115,-47
118000533,95,35,60
118000534,366,96,270
118000535,215,22,193
118000536,11,149,-138
118000537,18,27,-9
118000538,18,17,1
118000539,8,100,-92
118000540,62,51,11
118000541,51,35,16
118000542,42,75,-33
118000543,62,77,-15
118000546,65,45,20
118000553,0,0,0
118000560,189,635,-446
118000562,22,16,6
118000563,653,350,303
118000576,45,36,9
118000577,60,65,-5
118000578,58,32,26
118000579,171,599,-428
118000583,0,0,0
118000595,138,22,116
118000596,1,55,-54
118000597,122,61,61
118000598,2,0,2
118000599,152,7,145
118000600,3,0,3
118000601,1,0,1
118000602,0,12,-12
118000603,0,3,-3
118000605,59,25,34
118000606,1,16,-15
118000607,145,36,109
118900001,129,243,-114
118900002,203,372,-169
118900003,243,5,238
118900004,49,0,49
118900005,19,0,19
118900006,37,0,37
118900007,0,1,-1
118900008,432,10,422
118900009,52,58,-6
118900010,61,2,59
118900011,47,6,41
118900012,29,29,0
118900013,144,229,-85
118900015,159,2,157
118900016,0,0,0
118900017,0,37,-37
118900018,274,21,253
118900019,0,0,0
118900020,2,10,-8
118900021,49,142,-93
118900022,30,5,25
118900023,2,51,-49
118900024,24,10,14
118900025,12,19,-7
118900026,18,2,16
118900027,92,46,46
118900028,72,41,31
118900029,84,27,57
118900030,536,9,527
118900031,9,10,-1
118900032,79,11,68
118900033,111,178,-67
118900034,117,29,88
118900035,44,5,39
118900036,584,103,481
118900037,66,145,-79
118900038,288,26,262
118900039,333,25,308
118900040,165,29,136
118900041,245,46,199
118900042,58,18,40
118900045,38,66,-28
118900046,119,185,-66
118900047,69,180,-111
118900048,4,74,-70
118900049,3,12,-9
118900050,37,1,36
118900051,23,19,4
118900052,56,97,-41
118900053,0,12,-12
118900054,105,7,98
118900055,52,7,45
118900056,23,19,4
118900057,334,192,142
118900058,134,88,46
118900059,2,19,-17
118900062,41,9,32
118900064,36,272,-236
118900065,5,25,-20
118900066,43,20,23
118900067,828,2046,-1218
118900068,0,46,-46
118900069,361,22,339
118900071,0,4,-4
118900072,65,95,-30
118900073,199,22,177
118900074,29,7,22
118900075,47,1,46
118900076,77,8,69
118900077,99,28,71
118900078,8,0,8
118900079,2,13,-11
118900080,7,14,-7
118900081,8,12,-4
118900082,728,30,698
118900083,22,0,22
118900084,1,0,1
118900085,168,103,65
118900086,27,5,22
118900087,53,378,-325
118900088,2,1,1
118900089,0,3,-3
118900090,143,29,114
118900091,112,40,72
118900092,60,10,50
118900093,3,4,-1
118900096,3,6,-3
118900097,50,80,-30
118900099,23,17,6
118900100,2,15,-13
118900101,47,43,4
118900102,5,8,-3
118900103,0,5,-5
118900104,86,34,52
118900105,24,18,6
118900107,12,19,-7
118900108,3,26,-23
118900110,186,402,-216
118900111,119,62,57
118900112,54,50,4
118900113,46,22,24
118900114,0,8,-8
118900115,0,88,-88
118900116,76,27,49
118900117,79,16,63
118900118,167,26,141
118900119,83,24,59
118900120,26,53,-27
118900121,0,121,-121
118900122,0,364,-364
118900123,35,22,13
118900124,20,3,17
118900126,10,54,-44
118900129,140,23,117
118900130,2,11,-9
118900131,85,45,40
118900132,214,52,162
118900133,0,19,-19
118900135,112,49,63
118900136,127,34,93
118900137,4,21,-17
118900139,80,21,59
118900140,233,112,121
118900141,17,13,4
118900144,67,86,-19
118900145,0,31,-31
118900146,80,73,7
118900147,9,76,-67
118900148,9,2,7
118900150,52,151,-99
118900152,236,100,136
118900157,13,44,-31
118900158,79,1,78
118900159,0,25,-25
118900161,17,6,11
118900163,7,17,-10
118900164,0,3,-3
118900165,39,39,0
118900166,2,0,2
118900167,9,12,-3
118900168,22,29,-7
118900169,42,51,-9
118900170,90,5,85
118900171,4,1,3
118900174,3,4,-1
118900175,379,147,232
118900176,91,104,-13
118900177,38,6,32
118900178,14,8,6
118900179,8,6,2
118900182,11,2,9
118900183,9,20,-11
118900184,32,1,31
118900185,179,8,171
118900186,57,33,24
118900187,93,91,2
118900188,63,116,-53
118900189,19,303,-284
118900190,15,12,3
118900191,276,1,275
118900192,195,0,195
118900193,669,2,667
118900195,80,133,-53
118900196,11,12,-1
118900197,172,0,172
118900198,10,3,7
118900199,59,7,52
118900200,18,4,14
118900201,14,12,2
118900202,0,19,-19
118900203,0,2,-2
118900204,2,5,-3
118900205,0,7,-7
118900206,0,0,0
119000001,763,541,222
119000002,1635,1085,550
119000003,1836,226,1610
119000004,1382,704,678
119000005,1107,961,146
119000006,1964,686,1278
119000007,2126,1870,256
119000008,596,552,44
119000009,1314,2774,-1460
119000010,1445,1927,-482
119000011,969,783,186
119000012,290,1078,-788
119000013,1617,860,757
119000014,585,941,-356
119000019,77,60,17
119000020,1034,802,232
119000021,2142,1549,593
119000022,243,1273,-1030
119000023,85,117,-32
119000024,477,7810,-7333
119000025,1019,318,701
119000026,10,208,-198
119000027,59,159,-100
119000028,594,205,389
119000029,7,61,-54
119000030,275,552,-277
119000031,363,187,176
119000032,367,595,-228
119000033,907,701,206
119000034,532,210,322
119000035,4,45,-41
119000036,1210,331,879
119000037,681,443,238
119000038,60,244,-184
119000039,361,160,201
119000040,258,397,-139
119000041,173,615,-442
119000048,904,732,172
119000049,1057,470,587
119000050,418,505,-87
119000051,747,399,348
119000052,790,598,192
119000053,863,495,368
119000054,1631,454,1177
119000055,2481,481,2000
119000056,1814,483,1331
119000057,783,256,527
119000058,413,265,148
119000059,343,198,145
119000060,662,207,455
119000061,297,128,169
119000062,393,224,169
119000063,248,195,53
119000064,120,184,-64
119000065,440,674,-234
119000066,754,300,454
119000067,601,278,323
119000068,738,169,569
119000069,707,260,447
119000070,1330,181,1149
119000071,115,59,56
119000072,1087,675,412
119000073,1508,3503,-1995
119000074,765,433,332
119000075,2287,696,1591
119000076,96,109,-13
119000077,199,54,145
119000078,225,84,141
119000079,154,59,95
119000080,229,47,182
119000081,146,46,100
119000082,341,46,295
119000083,279,154,125
119000084,125,49,76
119000085,180,16,164
119000086,160,250,-90
119000087,224,79,145
119000088,217,51,166
119000089,78,127,-49
119000090,71,53,18
119000091,96,184,-88
119000092,45,91,-46
119000093,1197,842,355
119000094,2052,1756,296
119000095,950,1044,-94
119000097,502,261,241
119000098,526,2211,-1685
119000099,752,323,429
119000100,2318,1179,1139
119000101,1150,723,427
119000102,68,683,-615
119000103,256,246,10
119000104,327,153,174
119000105,291,995,-704
119000106,171,105,66
119000107,855,212,643
119000108,309,188,121
119000109,56,112,-56
119000110,26,32,-6
119000111,5,238,-233
119000112,24,4,20
119000113,122,43,79
119000114,217,362,-145
119000115,48,69,-21
119000116,8,73,-65
119000117,28,114,-86
119000118,3,0,3
119000123,387,1231,-844
119000124,543,73,470
119000125,2375,140,2235
119000126,890,196,694
119000127,438,71,367
119000128,21,1,20
119000131,530,38,492
119000132,0,0,0
119000133,0,3,-3
119000134,394,243,151
119000135,149,82,67
119000136,169,40,129
119000137,141,56,85
119000138,482,27,455
119000139,33,27,6
119000140,39,77,-38
119000284,335,728,-393
119000285,494,279,215
119000286,1017,795,222
119000287,611,499,112
119000288,822,191,631
119000289,432,724,-292
119000290,72,82,-10
119000291,0,118,-118
119000293,35,103,-68
119000294,18,13,5
119000295,564,78,486
119000296,280,50,230
119000302,628,461,167
119000303,11,86,-75
119000314,619,6258,-5639
119000315,0,35,-35
119000316,55,20,35
119000317,62,43,19
119000319,570,52,518
119900001,53,321,-268
119900002,79,37,42
119900003,3,86,-83
119900004,17,877,-860
119900005,90,17,73
119900006,26,140,-114
119900007,164,63,101
119900008,0,10,-10
119900009,83,24,59
119900010,108,98,10
119900011,25,137,-112
119900012,1,43,-42
119900013,458,284,174
119900014,127,33,94
119900015,100,10,90
119900016,8,8,0
119900017,20,21,-1
119900018,283,774,-491
119900019,9,0,9
119900020,6,9,-3
119900021,13,4,9
119900022,52,436,-384
119900023,133,1216,-1083
119900025,128,1,127
119900026,76,36,40
119900027,1,3,-2
119900028,53,53,0
119900029,4,0,4
119900030,118,45,73
119900031,37,297,-260
119900033,182,136,46
119900034,347,2,345
119900037,22,1,21
119900038,6,163,-157
119900039,77,8,69
119900040,56,3,53
119900041,65,1,64
119900042,18,18,0
119900043,45,14,31
119900044,44,359,-315
119900046,107,0,107
119900047,89,95,-6
119900049,80,0,80
119900050,23,77,-54
119900051,909,2,907
119900052,42,6,36
119900053,131,18,113
119900054,112,1,111
119900055,592,108,484
119900057,199,45,154
119900058,112,2,110
119900059,30,13,17
119900060,150,1,149
119900061,368,0,368
119900062,44,1,43
119900063,0,14,-14
119900065,137,1,136
119900067,65,4,61
119900068,374,2,372
119900069,46,1,45
119900070,350,0,350
119900071,475,12,463
119900073,258,53,205
119900074,1,44,-43
119900075,370,540,-170
119900076,47,7,40
119900077,714,77,637
119900078,257,78,179
119900079,262,42,220
119900080,141,78,63
119900081,532,1,531
119900082,1145,128,1017
119900083,135,34,101
119900084,89,11,78
119900085,1,1,0
119900086,122,100,22
119900087,24,48,-24
119900088,0,2,-2
119900089,8,64,-56
119900090,3,1,2
119900091,9,112,-103
119900092,7,64,-57
119900093,209,33,176
119900094,0,63,-63
119900095,22,25,-3
119900096,14,7,7
119900097,11,107,-96
119900098,3,29,-26
119900099,2,14,-12
119900100,157,921,-764
119900101,7,257,-250
119900102,2,11,-9
119900103,21,12,9
119900104,13,13,0
119900105,207,438,-231
119900106,1,30,-29
119900107,14,291,-277
119900108,1027,228,799
119900109,2,43,-41
119900110,207,57,150
119900111,59,53,6
119900112,300,269,31
119900113,3,41,-38
119900114,106,118,-12
119900115,259,59,200
119900116,22,115,-93
119900117,77,63,14
119900118,71,85,-14
119900119,59,16,43
119900120,72,68,4
119900121,270,83,187
119900122,2,43,-41
119900123,20,50,-30
119900124,59,87,-28
119900125,0,40,-40
119900126,446,74,372
119900127,198,65,133
119900128,138,60,78
119900129,104,32,72
119900130,0,15,-15
119900131,8,14,-6
119900132,8,11,-3
119900133,17,7,10
119900134,101,14,87
119900135,0,14,-14
119900136,4,25,-21
119900138,15,42,-27
119900139,1,16,-15
119900140,0,17,-17
119900141,4,344,-340
119900142,0,2,-2
119900143,3,22,-19
119900144,246,31,215
119900145,15,25,-10
119900146,31,36,-5
119900147,1,67,-66
119900148,161,3,158
119900149,141,2170,-2029
119900150,26,9,17
119900151,308,251,57
119900152,111,29,82
119900153,98,3,95
119900154,17,78,-61
119900155,2,8,-6
119900156,0,0,0
119900157,127,43,84
119900158,107,23,84
119900159,3,93,-90
119900160,22,11,11
119900161,60,11,49
119900162,408,172,236
119900163,13,44,-31
119900164,0,0,0
119900165,83,15,68
119900166,40,20,20
119900167,0,7,-7
119900168,496,51,445
119900169,1,66,-65
119900170,34,59,-25
119900171,145,73,72
119900172,7,5,2
119900173,2,22,-20
119900174,0,4,-4
119900175,844,92,752
119900177,1,21,-20
119900178,0,29,-29
119900179,49,627,-578
119900180,468,188,280
119900181,1,11,-10
119900182,0,14,-14
119900183,32,100,-68
119900184,180,68,112
119900185,8,111,-103
119900186,1,515,-514
119900187,18,42,-24
119900188,79,54,25
119900189,20,36,-16
119900190,17,142,-125
119900191,39,68,-29
119900192,6,48,-42
119900193,287,36,251
119900194,11,9,2
119900195,1,54,-53
119900196,45,36,9
119900197,98,50,48
119900198,39,24,15
119900199,27,1,26
119900200,265,64,201
119900201,28,19,9
119900202,8,57,-49
119900203,53,230,-177
119900204,62,84,-22
119900205,443,35,408
119900206,163,28,135
119900208,19,10,9
119900209,285,608,-323
119900210,43,7,36
119900211,24,0,24
119900212,461,127,334
119900213,3,23,-20
119900214,37,1,36
119900215,27,1,26
119900216,15,2,13
119900217,1,7,-6
119900218,0,2,-2
119900219,0,22,-22
119900220,0,22,-22
119900221,19,13,6
119900222,9,22,-13
119900223,0,0,0
119900224,3,5,-2
119900225,92,13,79
119900226,34,607,-573
119900227,56,58,-2
119900228,14,68,-54
119900229,10,41,-31
119900230,225,34,191
119900231,236,24,212
119900232,103,6,97
119900233,89,1,88
119900234,0,7,-7
119900235,1,7,-6
119900236,2,22,-20
119900237,16,57,-41
119900238,0,3,-3
119900240,21,24,-3
119900241,78,51,27
119900242,320,239,81
119900244,65,193,-128
119900245,64,44,20
119900246,43,103,-60
119900247,3,5,-2
119900248,2,140,-138
119900249,222,9,213
119900253,250,149,101
119900254,43,532,-489
119900255,8,165,-157
119900256,606,83,523
119900257,74,2,72
119900258,109,2,107
119900259,23,22,1
119900260,153,3,150
119900261,204,13,191
119900262,0,31,-31
119900263,449,27,422
119900264,50,20,30
119900265,250,30,220
119900266,148,17,131
119900267,48,30,18
119900268,67,2,65
119900269,355,80,275
119900271,7,11,-4
119900272,21,28,-7
119900275,144,23,121
119900276,92,1,91
119900277,2,0,2
119900278,35,26,9
119900279,12,66,-54
119900280,129,4,125
119900281,0,44,-44
119900282,5,15,-10
119900283,2,18,-16
119900284,34,48,-14
119900285,0,57,-57
119900286,0,4,-4
119900288,0,2,-2
119900289,0,0,0
119900290,0,0,0
119900291,0,2,-2
119900292,6,14,-8
119900293,25,1,24
119900294,8,79,-71
119900295,3,15,-12
119900296,24,3,21
119900297,0,2,-2
119900298,1,0,1
119900299,19,13,6
119900300,113,21,92
119900301,9,12,-3
119900302,1,10,-9
119900303,97,10,87
119900304,92,0,92
119900305,0,30,-30
119900306,4,0,4
119900307,44,4,40
119900308,0,0,0
119900309,14,67,-53
119900310,21,14,7
119900311,137,5,132
119900312,43,0,43
119900313,10,26,-16
119900314,95,96,-1
119900315,924,248,676
119900318,3,24,-21
119900319,1,80,-79
119900320,129,57,72
119900321,112,36,76
120000001,3152,12517,-9365
120000002,1173,704,469
120000003,784,416,368
120000004,923,377,546
120000005,1020,314,706
120000006,468,306,162
120000007,918,1399,-481
120000008,329,307,22
120000009,507,290,217
120000010,947,598,349
120000011,359,347,12
120000012,726,528,198
120000013,1852,1165,687
120000014,347,535,-188
120000015,1304,595,709
120000016,1674,1011,663
120000017,1852,1509,343
120000018,1375,8547,-7172
120000019,460,401,59
120000020,899,1211,-312
120000021,733,618,115
120000022,1720,2342,-622
120000023,674,681,-7
120000024,574,655,-81
120000025,1713,567,1146
120000026,1948,789,1159
120000027,1213,1001,212
120000028,264,277,-13
120000029,260,369,-109
120000030,105,239,-134
120000031,639,1704,-1065
120000032,1338,851,487
120000033,1730,322,1408
120000034,1825,235,1590
120000035,1598,413,1185
120000036,1299,1640,-341
120000037,260,926,-666
120000038,864,882,-18
120000039,135,335,-200
120000040,21,290,-269
120000041,248,373,-125
120000042,860,455,405
120000043,2241,317,1924
120000044,3608,847,2761
120000045,4500,316,4184
120000046,3313,2300,1013
120000047,98,2470,-2372
120000048,2666,1493,1173
120000049,2122,801,1321
120000050,1388,1290,98
120000051,833,1366,-533
120000052,1949,392,1557
120000053,449,768,-319
120000054,335,1009,-674
120000055,463,868,-405
120000056,1590,802,788
120000057,1675,299,1376
120000058,595,289,306
120000059,2,999,-997
120000061,32,211,-179
120000062,20,102,-82
120000063,147,471,-324
120000064,173,300,-127
120000065,138,263,-125
120000066,57,30,27
120000067,15,87,-72
120000068,83,79,4
120000069,253,126,127
120000070,107,146,-39
120000071,571,25,546
120000072,744,139,605
120000073,635,2,633
120000074,19,6,13
120000075,416,20,396
120000076,1590,79,1511
120000077,1601,94,1507
120000078,1057,279,778
120000079,260,162,98
120000080,114,102,12
120000081,261,45,216
120000082,360,97,263
120000083,31,517,-486
120000084,89,72,17
120000085,104,57,47
120000086,132,120,12
120000087,88,95,-7
120000088,262,257,5
120000089,394,97,297
120000090,282,82,200
120000091,658,115,543
120000092,577,109,468
120000093,755,146,609
120000094,215,213,2
120000095,226,104,122
120000096,189,97,92
120000098,344,132,212
120000099,130,180,-50
120000100,272,260,12
120000101,342,73,269
120000102,315,565,-250
120000103,790,361,429
120000104,1421,126,1295
120000105,1599,55,1544
120000106,2135,53,2082
120000107,3746,89,3657
120000108,1214,27,1187
120000109,769,23,746
120000110,2,173,-171
120000111,32,212,-180
120000112,123,459,-336
120000113,57,405,-348
120000114,57,327,-270
120000115,70,330,-260
120000116,73,303,-230
120000117,136,323,-187
120000118,5,12,-7
120000119,6,20,-14
120000120,83,60,23
120000121,14,12,2
120000122,54,355,-301
120000123,919,5427,-4508
120000124,216,229,-13
120000125,346,111,235
120000126,119,431,-312
120000127,251,229,22
120000128,766,1152,-386
120000129,107,81,26
120000130,330,110,220
120000131,261,173,88
120000134,39,56,-17
120000135,462,247,215
120000137,166,79,87
120000138,967,65,902
120000139,118,74,44
120000140,879,48,831
120000141,153,92,61
120000142,622,91,531
120000143,1,17,-16
120000144,78,6,72
120000145,326,0,326
120000146,341,556,-215
120000149,154,128,26
120000150,437,5292,-4855
120000151,332,96,236
120000152,613,42,571
120000153,274,85,189
120000154,201,244,-43
120000155,80,119,-39
120000156,144,771,-627
120000157,564,174,390
120000158,378,154,224
120000159,653,514,139
120000160,797,941,-144
120000161,1929,1303,626
120000162,92,188,-96
120000163,456,81,375
120000164,392,34,358
120000165,539,97,442
120000166,1397,127,1270
120000167,21,41,-20
120000168,1,133,-132
120000169,3,266,-263
120000170,6,233,-227
120000171,1,73,-72
120000172,1,105,-104
120000173,34,120,-86
120000174,12,21,-9
120000175,21,34,-13
120000176,15,32,-17
120000177,145,44,101
120000178,13,13,0
120000179,18,15,3
120000180,40,21,19
120000181,6,254,-248
120000182,13,182,-169
120000183,1,61,-60
120000184,28,187,-159
120000186,14,180,-166
120000187,6,53,-47
120000188,6,44,-38
120000190,33,27,6
120000191,53,23,30
120000192,15,10,5
120000193,39,14,25
120000195,1,0,1
120000196,14,2,12
120000197,13,14,-1
120000198,150,2,148
120000199,117,1,116
120000200,238,0,238
120000201,15,40,-25
120000202,0,21,-21
120000203,35,26,9
120000207,0,1,-1
120000208,21,19,2
120000209,2,1,1
120000210,9,1,8
120000211,128,2,126
120000212,130,0,130
120000213,118,6,112
120000214,0,7,-7
120000215,0,2,-2
120000216,91,4,87
120000217,141,212,-71
120000218,5,138,-133
120000219,0,119,-119
120000220,27,301,-274
120000225,1831,0,1831
120000226,378,1,377
120000227,546,47,499
120000228,2594,1885,709
120000230,297,22,275
120000231,981,152,829
120000233,233,33,200
120000235,61,73,-12
120000236,749,0,749
120000237,0,112,-112
120000238,0,55,-55
120000241,682,1745,-1063
120000412,80,97,-17
120000413,239,34,205
120000414,133,0,133
120000415,1,6,-5
120000416,23,0,23
120000417,7,15,-8
120000418,195,0,195
120000419,0,12,-12
120000420,4,3,1
120000421,2514,1566,948
120000422,81,1190,-1109
120000423,0,13,-13
120000424,38,7,31
120000436,25,812,-787
120000437,4,24,-20
120000438,579,79,500
120000439,156,293,-137
120000443,139,0,139
120000444,1156,142,1014
120000445,926,458,468
120000446,327,57,270
120000447,276,0,276
120000449,66,0,66
120000450,1,22,-21
120000451,85,59,26
120000452,60,1,59
120000453,0,3,-3
120000454,12,10,2
120000455,31,9,22
120000456,322,1812,-1490
120000457,124,150,-26
120000458,114,123,-9
120000459,84,20,64
120000665,67,107,-40
120000668,17,184,-167
120000669,76,59,17
120000670,25,114,-89
120000671,710,314,396
120000672,15,134,-119
120900001,83,13,70
120900002,16,67,-51
120900003,89,2,87
120900004,1,94,-93
120900005,13,224,-211
120900006,330,57,273
120900007,21,7,14
120900008,365,88,277
120900009,86,5,81
120900010,491,77,414
120900011,4,77,-73
120900012,6,652,-646
120900013,226,46,180
120900014,1,62,-61
120900015,720,30,690
120900016,1065,23,1042
120900017,278,3,275
120900018,87,68,19
120900019,182,135,47
120900020,199,306,-107
120900021,385,15,370
120900022,2,12,-10
120900023,384,8,376
120900024,458,112,346
120900025,389,150,239
120900026,34,21,13
120900027,58,2,56
120900028,514,89,425
120900029,5,646,-641
120900030,1368,171,1197
120900031,270,42,228
120900032,1292,54,1238
120900033,732,10,722
120900034,6,1398,-1392
120900035,19,15,4
120900037,313,1,312
120900038,41,490,-449
120900039,135,12,123
120900040,267,0,267
120900041,4,5,-1
120900042,314,38,276
120900043,73,2,71
120900044,2,189,-187
120900045,17,14,3
120900046,585,0,585
120900047,125,171,-46
120900048,117,12,105
120900049,439,0,439
120900050,327,1652,-1325
120900051,241,62,179
120900052,912,1,911
120900053,217,17,200
120900054,185,33,152
120900055,419,2,417
120900056,545,24,521
120900057,157,7,150
120900058,642,0,642
120900059,62,0,62
120900060,38,0,38
120900061,77,16,61
120900062,258,4,254
120900063,742,8,734
120900064,717,2,715
120900065,681,0,681
120900066,165,23,142
120900067,118,18,100
120900068,324,1,323
120900069,171,3,168
120900071,3,0,3
120900072,838,3,835
120900073,755,11,744
120900074,545,7,538
120900076,406,0,406
120900077,315,61,254
120900078,728,94,634
120900079,493,13,480
120900080,1025,118,907
120900081,1623,126,1497
120900082,103,99,4
120900083,58,0,58
120900084,293,287,6
120900085,9,22,-13
120900086,10,294,-284
120900087,247,62,185
120900088,47,477,-430
120900089,454,2400,-1946
120900090,186,31,155
120900091,117,404,-287
120900092,30,66,-36
120900093,509,49,460
120900094,45,23,22
120900095,97,5,92
120900096,19,65,-46
120900097,170,144,26
120900098,23,30,-7
120900099,9,14,-5
120900100,16,23,-7
120900101,10,30,-20
120900102,34,1,33
120900103,18,40,-22
120900104,0,11,-11
120900105,4,48,-44
120900106,134,44,90
120900107,84,51,33
120900108,1,94,-93
120900109,12,85,-73
120900110,3,38,-35
120900111,42,38,4
120900112,6,83,-77
120900113,5,77,-72
120900114,1,52,-51
120900115,40,88,-48
120900116,378,122,256
120900117,0,77,-77
120900118,5,67,-62
120900119,1614,998,616
120900120,4,74,-70
120900121,6,93,-87
120900122,570,90,480
120900123,0,91,-91
120900124,7,81,-74
120900125,1,55,-54
120900126,105,97,8
120900127,5,72,-67
120900128,51,168,-117
120900129,2,65,-63
120900130,0,46,-46
120900131,20,17,3
120900132,690,28,662
120900133,7,140,-133
120900134,25,45,-20
120900135,14,75,-61
120900136,24,36,-12
120900137,190,8,182
120900138,0,77,-77
120900139,0,138,-138
120900140,1,34,-33
120900141,77,32,45
120900142,1,91,-90
120900143,0,95,-95
120900144,0,57,-57
120900145,39,132,-93
120900146,3,121,-118
120900147,85,7,78
120900148,21,16,5
120900149,0,62,-62
120900150,14,56,-42
120900151,95,48,47
120900152,348,15,333
120900153,6,0,6
120900154,2,28,-26
120900155,118,161,-43
120900156,235,69,166
120900157,0,2,-2
120900158,8,95,-87
120900159,1,7,-6
120900160,5,86,-81
120900161,1,63,-62
120900162,1,86,-85
120900163,10,89,-79
120900164,0,21,-21
120900165,0,67,-67
120900166,0,114,-114
120900167,19,14,5
120900169,5,14,-9
120900170,51,2535,-2484
120900171,90,33,57
120900172,21,286,-265
120900173,8,6,2
120900174,5,4,1
120900175,30,18,12
120900176,1,173,-172
120900177,1,879,-878
120900178,9,78,-69
120900179,36,36,0
120900180,30,100,-70
120900181,7,4,3
120900182,5,23,-18
120900183,209,35,174
120900184,46,8,38
120900185,36,369,-333
120900186,0,35,-35
120900187,246,186,60
120900188,161,20,141
120900189,17,1961,-1944
120900190,140,5,135
120900191,65,1,64
120900192,1897,7301,-5404
120900194,52,14,38
120900195,22,48,-26
120900196,67,6,61
120900197,567,8,559
120900198,27,146,-119
120900199,145,164,-19
120900200,17,20,-3
120900201,106,26,80
120900202,0,23,-23
120900203,1,3,-2
120900204,19,28,-9
120900205,3,8,-5
120900206,27,13,14
120900207,1,126,-125
121000001,333,335,-2
121000002,548,797,-249
121000003,2017,981,1036
121000004,488,1357,-869
121000005,1230,1609,-379
121000006,718,1125,-407
121000007,1017,1605,-588
121000008,1211,1391,-180
121000009,2023,2567,-544
121000010,1576,1249,327
121000011,1604,2182,-578
121000012,2718,1471,1247
121000013,2083,1998,85
121000014,1295,1055,240
121000015,1540,2744,-1204
121000016,988,716,272
121000017,589,999,-410
121000018,851,533,318
121000019,2245,3078,-833
121000020,3301,5854,-2553
121000021,417,579,-162
121000022,703,1894,-1191
121000023,768,321,447
121000024,1342,2075,-733
121000025,42,420,-378
121000026,78,33,45
121000027,535,536,-1
121000028,164,323,-159
121000029,220,228,-8
121000030,122,180,-58
121000031,85,166,-81
121000032,16,80,-64
121000034,67,136,-69
121000035,24,97,-73
121000036,472,392,80
121000037,180,753,-573
121000038,179,274,-95
121000039,28,110,-82
121000041,107,155,-48
121000042,75,130,-55
121000043,155,337,-182
121000044,371,236,135
121000045,167,151,16
121000046,227,211,16
121000047,58,108,-50
121000049,439,354,85
121000050,66,853,-787
121000051,267,206,61
121000052,81,1032,-951
121000053,53,125,-72
121000054,9,128,-119
121000055,341,559,-218
121000056,349,588,-239
121000057,32,59,-27
121000058,89,102,-13
121000059,1797,297,1500
121000060,353,508,-155
121000061,8,387,-379
121000062,31,136,-105
121000063,418,500,-82
121000064,379,303,76
121000065,92,162,-70
121000066,155,235,-80
121000067,221,91,130
121000068,117,252,-135
121000069,24,621,-597
121000070,275,336,-61
121000071,540,603,-63
121000072,243,169,74
121000073,311,362,-51
121000074,41,116,-75
121000075,1,20,-19
121000076,117,54,63
121000077,96,66,30
121000078,4,107,-103
121000080,375,146,229
121000081,594,1258,-664
121000082,42,37,5
121000083,44,31,13
121000084,88,187,-99
121000085,93,125,-32
121000086,174,211,-37
121000087,3,98,-95
121000088,181,146,35
121000089,58,119,-61
121000090,106,160,-54
121000091,299,358,-59
121000092,67,16,51
121000093,118,51,67
121000094,160,191,-31
121000095,96,368,-272
121000096,1682,409,1273
121000097,138,535,-397
121000098,150,183,-33
121000099,225,133,92
121000100,474,76,398
121000101,90,26,64
121000102,139,34,105
121000103,49,75,-26
121000104,171,18,153
121000105,91,7,84
121000106,43,121,-78
121000107,510,794,-284
121000109,337,473,-136
121000110,74,290,-216
121000114,1079,706,373
121000115,320,149,171
121000116,109,114,-5
121000117,91,52,39
121000118,685,35,650
121000119,91,140,-49
121000120,129,311,-182
121000121,203,1432,-1229
121000123,254,160,94
121000127,35,82,-47
121000128,532,63,469
121000129,432,98,334
121000130,136,521,-385
121000131,353,449,-96
121000132,94,407,-313
121000135,38,62,-24
121000136,226,838,-612
121000137,89,110,-21
121000138,150,1990,-1840
121000139,18,307,-289
121000141,136,62,74
121000142,174,307,-133
121000143,5,9,-4
121000144,150,475,-325
121000145,205,207,-2
121000146,388,400,-12
121000147,488,147,341
121000148,190,180,10
121000149,799,976,-177
121000152,99,147,-48
121000153,628,177,451
121000154,513,186,327
121000155,963,235,728
121000156,141,316,-175
121000157,302,347,-45
121000158,141,126,15
121000159,163,174,-11
121000160,213,82,131
121000161,120,141,-21
121000162,77,27,50
121000165,467,1062,-595
121000166,25,241,-216
121000168,99,347,-248
121000169,26,140,-114
121000170,106,10,96
121000171,15,54,-39
121000172,337,289,48
121000173,738,613,125
121000174,329,255,74
121000175,533,154,379
121000176,205,172,33
121000177,216,251,-35
121000178,52,35,17
121000179,87,26,61
121000181,19,217,-198
121000182,104,353,-249
121000183,13,238,-225
121000184,19,213,-194
121000185,11,389,-378
121000186,90,385,-295
121000187,113,20,93
121000188,77,25,52
121000192,346,190,156
121000193,273,65,208
121000194,520,742,-222
121000195,153,398,-245
121000196,170,100,70
121000197,42,143,-101
121000198,56,93,-37
121000199,89,96,-7
121000200,264,51,213
121000201,1,114,-113
121000202,288,44,244
121000203,232,382,-150
121000204,1598,194,1404
121000205,65,159,-94
121000206,31,68,-37
121000207,941,464,477
121000208,2,166,-164
121000209,630,29,601
121000210,320,127,193
121000211,102,17,85
121000212,111,187,-76
121000213,4116,1014,3102
121000214,284,713,-429
121000215,313,366,-53
121000216,105,251,-146
121000217,1139,1707,-568
121000218,172,612,-440
121000219,520,256,264
121000220,207,59,148
121000221,208,294,-86
121000222,1880,1647,233
121000223,68,260,-192
121000224,93,118,-25
121000225,162,2902,-2740
121000226,392,1068,-676
121000227,15,108,-93
121000228,23,118,-95
121000229,91,149,-58
121000230,69,521,-452
121000231,865,21,844
121000232,140,42,98
121000233,249,123,126
121000234,1,27,-26
121000235,29,83,-54
121000236,1,14,-13
121000237,1,13,-12
121000238,0,22,-22
121000239,41,2,39
121000240,1,30,-29
121000241,20,7,13
121000242,2,69,-67
121000243,52,2,50
121000244,0,21,-21
121000245,22,0,22
121000246,0,27,-27
121000247,49,0,49
121000248,94,68,26
121000249,7,60,-53
121000250,391,463,-72
121000251,1,182,-181
121000252,30,30,0
121000253,169,268,-99
121000254,533,222,311
121000255,42,324,-282
121000256,129,268,-139
121000257,5,135,-130
121000258,6,134,-128
121000259,6,96,-90
121000260,5,94,-89
121000261,5,124,-119
121000262,444,155,289
121000263,162,174,-12
121000271,145,397,-252
121000273,21,1,20
121000274,7,111,-104
121000275,2,0,2
121000276,0,79,-79
121000278,40,13,27
121000289,181,29,152
121000290,399,403,-4
121000294,124,13,111
121000297,79,369,-290
121000299,48,728,-680
121000300,358,401,-43
121000302,2,345,-343
121000303,190,45,145
121000304,184,15,169
121000305,157,28,129
121000306,54,30,24
121000308,44,51,-7
121000309,61,129,-68
121000310,63,20,43
121000311,23,64,-41
121000312,183,71,112
121000313,55,38,17
121000314,0,3,-3
121000315,1,38,-37
121000530,942,902,40
121000531,837,613,224
121000532,2300,2188,112
121000533,1217,912,305
121000918,3,59,-56
121000919,11,75,-64
121000938,5,58,-53
121000939,3,94,-91
121000956,815,716,99
121000957,5,7,-2
121000958,5,66,-61
121000959,626,99,527
121000960,716,531,185
121000961,94,6,88
121000962,43,90,-47
121000973,0,147,-147
121000976,0,10,-10
121000979,137,144,-7
121000981,136,19,117
121000982,280,241,39
121000983,260,38,222
121000984,0,25,-25
121000985,492,254,238
121000986,426,31,395
121000987,84,244,-160
121000988,565,56,509
121001302,21,46,-25
121001308,0,7,-7
121001309,12,216,-204
121001313,129,129,0
121001314,505,708,-203
121001315,2067,1597,470
121001326,249,247,2
121001327,60,50,10
121001328,19,6,13
121900001,42,206,-164
121900002,12,0,12
121900003,55,0,55
121900004,28,175,-147
121900005,14,0,14
121900006,25,3,22
121900007,859,400,459
121900008,32,12,20
121900009,346,82,264
121900010,14,0,14
121900011,58,19,39
121900012,1,0,1
121900013,71,22,49
121900014,526,104,422
121900015,22,35,-13
121900016,4,1,3
121900017,129,202,-73
121900018,161,3,158
121900019,124,32,92
121900020,4,0,4
121900021,397,2,395
121900022,51,48,3
121900023,29,251,-222
121900024,32,21,11
121900025,128,69,59
121900026,80,8,72
121900027,79,41,38
121900028,78,0,78
121900029,7,163,-156
121900030,87,119,-32
121900031,104,2083,-1979
121900032,6,1,5
121900033,30,36,-6
121900034,105,52,53
121900035,1101,505,596
121900036,18,105,-87
121900037,41,273,-232
121900038,0,0,0
121900039,98,5,93
121900040,11,13,-2
121900041,29,172,-143
121900042,93,50,43
121900043,0,2,-2
121900044,9,11,-2
121900046,20,66,-46
121900047,9,45,-36
121900048,5,4,1
121900050,17,1,16
121900051,61,196,-135
121900052,48,49,-1
121900053,186,102,84
121900054,91,216,-125
121900055,0,16,-16
121900058,88,8,80
121900059,61,26,35
121900060,42,170,-128
121900062,38,23,15
121900063,688,109,579
121900064,167,173,-6
121900066,16,11,5
121900067,3,0,3
121900069,25,24,1
121900070,38,64,-26
121900071,230,74,156
121900072,12,9,3
121900073,32,105,-73
121900074,80,139,-59
121900075,147,308,-161
121900076,166,162,4
121900078,24,19,5
121900079,0,0,0
121900080,176,52,124
121900082,36,22,14
121900084,4,1,3
121900086,0,18,-18
121900087,9,37,-28
121900088,248,404,-156
121900089,90,51,39
121900090,0,7,-7
121900091,33,6,27
121900092,57,59,-2
121900093,16,14,2
121900094,1,8,-7
121900095,124,55,69
121900096,277,179,98
121900097,148,40,108
121900098,0,0,0
121900099,89,33,56
121900100,0,23,-23
121900101,27,24,3
121900102,0,14,-14
121900103,56,186,-130
121900104,736,66,670
121900105,45,53,-8
121900106,1,1,0
121900107,10,25,-15
121900108,0,1,-1
121900109,88,14,74
121900110,216,68,148
121900111,58,41,17
121900112,33,26,7
121900113,17,83,-66
121900114,19,1,18
121900117,4,28,-24
121900118,292,49,243
121900119,69,0,69
121900120,23,96,-73
121900121,15,3,12
121900122,13,4,9
121900123,94,66,28
121900124,14,29,-15
121900125,445,154,291
121900127,1,115,-114
121900128,19,57,-38
121900129,65,25,40
121900130,7,776,-769
121900131,62,7,55
121900132,10,10,0
121900133,0,228,-228
121900134,0,78,-78
121900135,3057,342,2715
121900136,41,51,-10
121900137,1,37,-36
121900138,31,34,-3
121900139,112,1267,-1155
121900140,1,1,0
121900141,25,27,-2
121900142,18,4,14
121900143,0,26,-26
121900144,15,64,-49
121900145,37,56,-19
121900146,35,57,-22
121900147,6,20,-14
121900148,10,30,-20
121900149,14,20,-6
121900150,9,27,-18
121900151,3,34,-31
121900152,6,3,3
121900153,2,36,-34
121900154,0,29,-29
121900155,0,16,-16
121900156,5,26,-21
121900157,0,19,-19
121900158,0,6,-6
121900159,0,17,-17
121900160,0,40,-40
121900161,38,98,-60
121900162,21,13,8
121900163,151,55,96
121900164,39,69,-30
121900165,33,33,0
121900166,107,21,86
121900167,46,4,42
121900168,22,6,16
121900169,0,0,0
121900170,8,13,-5
121900171,249,95,154
121900172,101,47,54
121900173,60,67,-7
121900174,18,1,17
121900175,6,88,-82
121900176,104,300,-196
121900177,18,7,11
121900178,14,0,14
121900179,31,72,-41
121900180,446,2526,-2080
121900182,188,175,13
121900183,47,1025,-978
121900184,28,715,-687
121900186,2,136,-134
121900187,3,33,-30
121900188,781,88,693
121900189,9,13,-4
121900190,27,192,-165
121900191,1,82,-81
121900192,31,538,-507
121900193,0,32,-32
121900194,19,47,-28
121900195,0,22,-22
121900196,56,473,-417
121900197,68,176,-108
121900198,2196,443,1753
121900199,1,12,-11
121900200,8,24,-16
121900201,105,189,-84
121900202,3,152,-149
121900203,6,154,-148
121900204,153,327,-174
121900205,0,26,-26
121900206,3,11,-8
121900207,43,4,39
121900208,63,126,-63
121900209,2,4,-2
121900210,390,138,252
121900211,146,97,49
121900212,8,24,-16
121900213,126,11,115
121900214,0,129,-129
121900215,1,37,-36
121900216,4,127,-123
121900217,21,81,-60
121900218,37,117,-80
121900220,34,0,34
121900221,55,91,-36
121900222,94,7,87
121900223,22,39,-17
121900224,19,36,-17
121900225,20,70,-50
121900226,64,2,62
121900227,88,202,-114
121900228,29,42,-13
121900230,21,84,-63
121900231,27,117,-90
121900232,41,60,-19
121900233,39,44,-5
121900234,30,42,-12
121900235,182,53,129
121900236,122,7,115
121900237,39,60,-21
121900238,16,51,-35
121900239,35,7,28
121900240,44,29,15
121900241,2,1,1
121900242,0,0,0
121900243,0,0,0
121900244,0,0,0
121900245,29,17,12
121900246,1318,57,1261
121900248,207,131,76
121900250,15,172,-157
121900251,138,15,123
121900252,53,21,32
121900253,16,389,-373
121900254,38,100,-62
121900255,134,12,122
121900258,1735,504,1231
121900259,21,154,-133
121900260,23,3,20
121900261,23,115,-92
121900262,74,121,-47
121900263,14,25,-11
121900264,155,118,37
121900265,89,7,82
121900266,181,30,151
121900267,32,15,17
121900269,47,137,-90
121900270,20,39,-19
121900271,7,475,-468
121900273,78,623,-545
121900274,157,40,117
121900277,55,214,-159
121900278,8,301,-293
121900279,59,46,13
121900280,10,132,-122
121900281,41,33,8
121900284,0,1,-1
121900286,27,6,21
121900287,12,4,8
121900288,0,0,0
121900290,11,139,-128
121900291,94,197,-103
121900292,27,28,-1
121900293,211,798,-587
121900294,51,1,50
121900295,10,17,-7
121900296,59,45,14
121900298,46,329,-283
121900299,0,19,-19
121900300,10,12,-2
121900301,23,0,23
121900302,1,99,-98
121900303,35,33,2
121900304,3,0,3
121900305,1,0,1
121900306,177,0,177
121900307,65,4,61
121900308,0,25,-25
121900309,0,24,-24
121900310,2,95,-93
121900311,188,1,187
121900312,155,8,147
121900313,121,7,114
121900314,0,2,-2
121900315,4,0,4
121900316,0,1,-1
121900317,8,15,-7
121900318,0,18,-18
121900319,33,72,-39
121900320,32,4,28
121900321,20,0,20
121900322,0,1,-1
121900323,5,5,0
121900324,0,4,-4
121900325,2,0,2
121900326,0,14,-14
121900327,0,5,-5
121900328,1,1,0
121900329,0,10,-10
121900330,0,15,-15
121900331,0,128,-128
121900332,21,3,18
121900333,22,0,22
121900334,7,10,-3
122000001,337,772,-435
122000002,705,149,556
122000003,162,468,-306
122000004,238,264,-26
122000005,1352,1154,198
122000006,194,363,-169
122000007,99,385,-286
122000008,202,552,-350
122000009,83,89,-6
122000010,628,685,-57
122000011,928,368,560
122000012,243,521,-278
122000013,144,618,-474
122000014,1298,512,786
122000015,288,207,81
122000016,127,205,-78
122000017,280,511,-231
122000018,504,533,-29
122000019,125,723,-598
122000020,61,147,-86
122000021,45,52,-7
122000022,184,366,-182
122000023,128,338,-210
122000024,108,524,-416
122000025,167,491,-324
122000026,128,357,-229
122000027,184,243,-59
122000028,397,213,184
122000029,62,168,-106
122000030,59,6,53
122000031,58,326,-268
122000032,673,599,74
122000033,76,365,-289
122000034,86,223,-137
122000035,44,136,-92
122000036,194,132,62
122000037,169,83,86
122000038,83,100,-17
122000039,223,176,47
122000040,83,46,37
122000041,246,434,-188
122000042,155,216,-61
122000043,16,49,-33
122000044,23,25,-2
122000045,256,287,-31
122000046,161,295,-134
122000047,25,33,-8
122000048,717,1111,-394
122000049,1732,876,856
122000050,167,261,-94
122000051,39,288,-249
122000052,102,367,-265
122000053,96,828,-732
122000054,862,799,63
122000055,960,1426,-466
122000056,851,730,121
122000057,656,1486,-830
122000058,185,791,-606
122000059,173,862,-689
122000060,133,186,-53
122000061,75,125,-50
122000062,323,126,197
122000063,128,386,-258
122000064,1011,2245,-1234
122000065,965,827,138
122000066,72,319,-247
122000067,507,968,-461
122000068,596,605,-9
122000069,461,311,150
122000070,237,387,-150
122000071,1205,402,803
122000072,155,136,19
122000073,34,313,-279
122000074,606,510,96
122000075,256,252,4
122000076,1056,373,683
122000077,211,815,-604
122000078,181,707,-526
122000079,107,752,-645
122000080,121,112,9
122000081,48,167,-119
122000082,92,384,-292
122000083,1007,381,626
122000084,875,330,545
122000085,58,200,-142
122000086,741,2523,-1782
122000087,116,157,-41
122000088,26,97,-71
122000089,1420,1020,400
122000090,59,430,-371
122000091,33,162,-129
122000092,39,20,19
122000093,580,1209,-629
122000094,2162,910,1252
122000095,332,1149,-817
122000096,237,494,-257
122000098,997,1345,-348
122000099,170,559,-389
122000100,281,183,98
122000101,86,148,-62
122000102,589,290,299
122000103,409,546,-137
122000104,372,137,235
122000105,71,158,-87
122000106,97,468,-371
122000107,475,192,283
122000108,171,176,-5
122000109,69,60,9
122000110,120,287,-167
122000111,583,361,222
122000112,404,636,-232
122000113,137,110,27
122000114,321,1154,-833
122000115,510,757,-247
122000116,40,144,-104
122000117,160,139,21
122000118,241,60,181
122000119,369,268,101
122000120,241,352,-111
122000121,193,482,-289
122000122,88,263,-175
122000123,223,416,-193
122000124,184,106,78
122000125,31,127,-96
122000126,48,144,-96
122000127,122,107,15
122000128,126,66,60
122000129,69,719,-650
122000130,564,213,351
122000131,247,81,166
122000132,106,54,52
122000133,164,150,14
122000134,324,484,-160
122000135,275,141,134
122000136,186,228,-42
122000137,528,215,313
122000139,304,787,-483
122000140,87,247,-160
122000141,1560,506,1054
122000142,66,534,-468
122000143,134,184,-50
122000144,628,186,442
122000145,262,190,72
122000146,106,804,-698
122000147,87,173,-86
122000148,178,282,-104
122000149,472,232,240
122000150,468,217,251
122000151,16,44,-28
122000152,97,86,11
122000153,67,65,2
122000154,38,62,-24
122000155,363,426,-63
122000156,1856,1200,656
122000157,243,1754,-1511
122000158,53,226,-173
122000159,353,335,18
122000160,545,267,278
122000161,301,233,68
122000162,182,315,-133
122000163,125,16,109
122000164,6,42,-36
122000165,176,480,-304
122000166,162,875,-713
122000167,34,126,-92
122000168,52,755,-703
122000169,122,56,66
122000170,74,82,-8
122000171,3,14,-11
122000172,606,445,161
122000173,507,755,-248
122000174,206,836,-630
122000175,158,98,60
122000176,85,1329,-1244
122000177,331,679,-348
122000178,1392,927,465
122000179,832,1060,-228
122000180,224,415,-191
122000181,132,587,-455
122000182,236,250,-14
122000183,531,297,234
122000184,776,708,68
122000185,293,577,-284
122000186,82,239,-157
122000187,806,344,462
122000188,83,43,40
122000189,62,48,14
122000190,271,590,-319
122000191,165,201,-36
122000192,342,106,236
122000193,266,301,-35
122000194,171,69,102
122000195,36,369,-333
122000196,338,136,202
122000197,188,285,-97
122000198,154,628,-474
122000199,109,66,43
122000200,292,153,139
122000201,373,1082,-709
122000202,148,696,-548
122000203,649,280,369
122000204,351,383,-32
122000205,173,229,-56
122000206,1333,394,939
122000207,884,659,225
122000208,693,481,212
122000209,592,75,517
122000210,476,438,38
122000211,299,461,-162
122000212,329,238,91
122000213,200,562,-362
122000214,672,674,-2
122000215,1039,950,89
122000217,378,497,-119
122000218,218,37,181
122000219,354,180,174
122000220,81,310,-229
122000221,25,312,-287
122000222,128,55,73
122000223,160,188,-28
122000225,172,93,79
122000226,453,512,-59
122000227,48,353,-305
122000228,47,51,-4
122000229,15,192,-177
122000230,1,171,-170
122000231,116,506,-390
122000232,123,559,-436
122000233,0,56,-56
122000234,234,31,203
122000235,622,20,602
122000236,559,21,538
122000237,23,30,-7
122000238,61,290,-229
122000239,188,106,82
122000240,390,196,194
122000241,810,144,666
122000242,170,9,161
122000243,140,35,105
122000244,47,156,-109
122000245,60,26,34
122000246,232,86,146
122000247,150,265,-115
122000248,366,277,89
122000249,625,434,191
122000250,455,469,-14
122000251,18,78,-60
122000252,41,27,14
122000253,12,67,-55
122000254,106,64,42
122000255,125,349,-224
122000256,158,332,-174
122000257,131,304,-173
122000258,67,309,-242
122000259,41,299,-258
122000260,96,160,-64
122000261,14,92,-78
122000262,0,48,-48
122000263,18,88,-70
122000264,682,55,627
122000265,789,299,490
122000266,1222,184,1038
122000267,83,13,70
122000268,42,29,13
122000269,420,60,360
122000270,178,46,132
122000271,97,323,-226
122000272,147,131,16
122000273,108,49,59
122000274,51,145,-94
122000275,91,72,19
122000276,557,244,313
122000277,274,1030,-756
122000278,621,95,526
122000279,102,96,6
122000280,217,112,105
122000281,253,113,140
122000282,72,880,-808
122000283,24,131,-107
122000284,30,9,21
122000285,231,59,172
122000286,26,117,-91
122000287,689,1190,-501
122000288,96,146,-50
122000291,751,281,470
122000293,115,72,43
122000294,18,189,-171
122000295,578,123,455
122000296,21,486,-465
122000297,659,2386,-1727
122000299,254,124,130
122000300,111,222,-111
122000301,2977,2185,792
122000302,140,1282,-1142
122000303,554,341,213
122000304,1,98,-97
122000305,740,380,360
122000306,20,138,-118
122000307,20,52,-32
122000309,2,39,-37
122000310,0,57,-57
122000311,13,61,-48
122000312,99,133,-34
122000313,5,81,-76
122000314,75,186,-111
122000315,75,0,75
122000316,542,182,360
122000317,1200,99,1101
122000318,96,402,-306
122000319,52,184,-132
122000320,90,258,-168
122000321,63,29,34
122000322,577,419,158
122000323,145,415,-270
122000324,380,836,-456
122000325,193,496,-303
122000326,77,48,29
122000327,82,215,-133
122000328,261,145,116
122000330,735,346,389
122000333,26,18,8
122000337,537,141,396
122000338,204,44,160
122000340,46,541,-495
122000342,635,382,253
122000343,270,148,122
122000344,56,5,51
122000345,116,6,110
122000346,29,27,2
122000348,191,131,60
122000349,22,63,-41
122000351,72,72,0
122000352,126,43,83
122000353,22,12,10
122000355,50,270,-220
122000356,136,356,-220
122000357,28,5,23
122000358,0,2,-2
122000359,0,0,0
122000360,0,0,0
122000362,1,8,-7
122000364,136,81,55
122000365,1,11,-10
122000366,62,2,60
122000368,195,170,25
122000370,1,2,-1
122000371,38,0,38
122000372,0,0,0
122000381,120,114,6
122000382,4,36,-32
122000384,349,355,-6
122000385,16,1,15
122000386,65,422,-357
122000387,75,366,-291
122000388,314,252,62
122000389,85,254,-169
122000390,73,113,-40
122000391,5,262,-257
122000392,38,52,-14
122000393,318,121,197
122000394,223,67,156
122000395,27,26,1
122000396,147,19,128
122000397,41,44,-3
122000398,5,82,-77
122000399,65,22,43
122000400,15,154,-139
122000401,45,5,40
122000402,202,39,163
122000403,120,133,-13
122000404,161,52,109
122000408,136,369,-233
122000503,2,52,-50
122000524,16,52,-36
122000544,20,1050,-1030
122000614,88,90,-2
122000616,28,0,28
122000640,66,49,17
122000641,46,122,-76
122000642,685,249,436
122000643,34,96,-62
122000644,43,22,21
122000645,4,45,-41
122000651,85,424,-339
122000664,87,21,66
122000665,221,152,69
122000666,52,114,-62
122000673,31,64,-33
122000674,290,72,218
122000675,1085,408,677
122000686,236,377,-141
122000687,985,93,892
122000688,169,150,19
122000689,606,84,522
122000690,1616,55,1561
122000691,654,208,446
122000692,632,70,562
122000693,128,465,-337
122000695,240,90,150
122000696,381,25,356
122000698,142,67,75
122000699,173,35,138
122000701,782,130,652
122000702,206,929,-723
122000703,62,12,50
122000712,0,0,0
122000717,6,47,-41
122000718,93,1528,-1435
122000719,15,21,-6
122000720,546,56,490
122000724,38,36,2
122900001,4,19,-15
122900002,218,2405,-2187
122900003,230,1,229
122900004,1993,55,1938
122900005,13,168,-155
122900006,25,904,-879
122900007,8,22,-14
122900008,96,341,-245
122900009,46,37,9
122900010,80,34,46
122900012,119,146,-27
122900014,21,19,2
122900015,624,153,471
122900016,24,51,-27
122900017,75,250,-175
122900018,37,1,36
122900020,58,475,-417
122900021,0,163,-163
122900022,425,499,-74
122900023,151,38,113
122900024,67,22,45
122900025,1,38,-37
122900026,0,22,-22
122900027,1,292,-291
122900028,44,23,21
122900029,1552,780,772
122900030,191,36,155
122900031,39,179,-140
122900032,114,82,32
122900033,102,59,43
122900034,883,1290,-407
122900035,24,18,6
122900036,15,3,12
122900037,86,16,70
122900038,7,573,-566
122900039,5,144,-139
122900040,138,255,-117
122900041,24,211,-187
122900042,45,51,-6
122900043,71,84,-13
122900044,16,100,-84
122900045,29,69,-40
122900046,64,161,-97
122900047,24,21,3
122900048,0,124,-124
122900049,765,33,732
122900051,1,89,-88
122900052,98,23,75
122900053,1,14,-13
122900055,64,10,54
122900057,90,1,89
122900061,174,2,172
122900062,184,226,-42
122900063,78,19,59
122900064,385,219,166
122900065,63,74,-11
122900066,129,50,79
122900067,195,48,147
122900069,104,456,-352
122900070,150,5,145
122900071,21,34,-13
122900073,20,34,-14
122900074,778,90,688
122900075,0,4,-4
122900076,1,103,-102
122900077,0,1,-1
122900078,133,6,127
122900080,0,4,-4
122900081,39,86,-47
122900082,781,87,694
122900083,4,26,-22
122900084,0,83,-83
122900086,0,10,-10
122900087,312,112,200
122900088,2,65,-63
122900089,43,169,-126
122900090,0,87,-87
122900091,217,2,215
122900092,0,32,-32
122900093,0,4,-4
122900094,1,53,-52
122900095,79,2,77
122900096,405,20,385
122900097,21,27,-6
122900098,13,11,2
122900099,60,35,25
122900100,7,381,-374
122900101,77,40,37
122900102,42,36,6
122900103,217,0,217
122900104,149,1,148
122900105,11,1,10
122900106,0,2,-2
122900107,0,6,-6
122900108,5,28,-23
122900109,100,53,47
123000001,297,176,121
123000002,1119,3203,-2084
123000003,1506,1335,171
123000004,1258,1738,-480
123000005,1408,875,533
123000006,1004,887,117
123000007,1355,793,562
123000008,878,1077,-199
123000009,1696,1623,73
123000010,1347,1525,-178
123000011,471,471,0
123000012,143,804,-661
123000013,1616,336,1280
123000014,208,1092,-884
123000015,972,612,360
123000016,1018,1372,-354
123000017,3263,1572,1691
123000018,96,21,75
123000019,342,2,340
123000020,218,17,201
123000021,186,203,-17
123000022,527,884,-357
123000023,1354,962,392
123000024,878,433,445
123000025,202,43,159
123000026,20,64,-44
123000027,22,443,-421
123000028,58,2500,-2442
123000029,76,1091,-1015
123000030,131,87,44
123000031,371,72,299
123000032,449,57,392
123000033,122,43,79
123000034,417,360,57
123000035,75,195,-120
123000036,70,381,-311
123000037,24,22,2
123000038,14,205,-191
123000039,251,910,-659
123000040,174,69,105
123000041,189,363,-174
123000042,197,323,-126
123000043,456,4946,-4490
123000044,1393,738,655
123000045,1429,510,919
123000046,95,440,-345
123000047,127,385,-258
123000048,15,743,-728
123000049,1738,3017,-1279
123000050,539,558,-19
123000051,10,46,-36
123000052,272,713,-441
123000053,645,737,-92
123000054,587,640,-53
123000055,874,1669,-795
123000056,322,219,103
123000057,1309,1445,-136
123000058,154,527,-373
123000059,24,162,-138
123000060,507,231,276
123000061,99,165,-66
123000063,457,289,168
123000064,795,93,702
123000065,1111,725,386
123000066,71,218,-147
123000067,205,131,74
123000068,443,467,-24
123000069,789,324,465
123000070,65,128,-63
123000071,636,194,442
123000072,360,174,186
123000073,717,212,505
123000074,297,431,-134
123000075,71,437,-366
123000076,228,85,143
123000077,611,418,193
123000078,1041,323,718
123000079,971,507,464
123000080,941,169,772
123000081,24,31,-7
123000082,44,228,-184
123000083,320,49,271
123000084,328,262,66
123000085,323,35,288
123000086,483,26,457
123000087,174,65,109
123000088,463,113,350
123000089,405,242,163
123000090,389,216,173
123000091,606,457,149
123000092,253,319,-66
123000094,297,20,277
123000095,317,58,259
123000096,376,97,279
123000097,268,59,209
123000098,429,94,335
123000099,275,104,171
123000100,96,396,-300
123000101,145,124,21
123000102,232,443,-211
123000104,91,124,-33
123000105,115,46,69
123000106,183,74,109
123000107,94,34,60
123000108,182,316,-134
123000111,440,82,358
123000112,549,47,502
123000113,247,132,115
123000114,87,196,-109
123000115,99,169,-70
123000116,22,29,-7
123000117,919,463,456
123000118,312,111,201
123000119,87,111,-24
123000120,141,165,-24
123000121,224,151,73
123000122,98,57,41
123000123,209,175,34
123000124,120,74,46
123000125,583,425,158
123000126,464,1284,-820
123000127,163,111,52
123000128,112,76,36
123000129,561,4,557
123000130,533,11,522
123000131,579,282,297
123000132,95,153,-58
123000133,62,46,16
123000134,99,12,87
123000135,969,226,743
123000136,29,124,-95
123000137,37,61,-24
123000138,65,87,-22
123000139,232,38,194
123000140,18,78,-60
123000141,129,28,101
123000142,534,211,323
123000143,305,607,-302
123000144,2,13,-11
123000145,77,373,-296
123000146,10,244,-234
123000147,16,209,-193
123000149,118,104,14
123000150,48,65,-17
123000151,72,200,-128
123000152,32,285,-253
123000153,23,404,-381
123000154,371,1085,-714
123000155,1077,890,187
123000156,37,37,0
123000157,279,423,-144
123000158,175,366,-191
123000159,763,1745,-982
123000160,266,429,-163
123000161,568,515,53
123000162,563,922,-359
123000163,344,49,295
123000164,1104,44,1060
123000165,70,294,-224
123000166,3,20,-17
123000167,74,57,17
123000168,111,45,66
123000169,513,17,496
123000170,60,9,51
123000171,523,3,520
123000172,20,140,-120
123000173,219,51,168
123000174,321,130,191
123000175,59,175,-116
123000176,386,120,266
123000177,91,265,-174
123000178,414,54,360
123000179,12,221,-209
123000180,696,100,596
123000181,139,251,-112
123000182,169,236,-67
123000183,60,221,-161
123000184,6,113,-107
123000185,423,331,92
123000186,40,169,-129
123000187,361,17,344
123000188,250,16,234
123000189,140,40,100
123000190,10,165,-155
123000192,0,46,-46
123000193,18,151,-133
123000194,77,91,-14
123000195,238,2,236
123000196,191,182,9
123000197,51,58,-7
123000198,8,236,-228
123000199,25,172,-147
123000200,395,2,393
123000201,563,5,558
123000202,13,132,-119
123000203,629,15,614
123000204,53,224,-171
123000205,46,196,-150
123000206,1855,118,1737
123000207,58,164,-106
123000208,434,22,412
123000209,1107,196,911
123000210,63,378,-315
123000211,95,383,-288
123000212,2050,134,1916
123000213,240,33,207
123000215,34,178,-144
123000216,46,522,-476
123000217,163,8,155
123000218,116,232,-116
123000219,286,56,230
123000220,115,48,67
123000221,79,15,64
123000222,150,74,76
123000223,295,65,230
123000224,217,78,139
123000225,68,8,60
123000226,73,50,23
123000227,29,20,9
123000228,269,24,245
123000229,186,166,20
123000232,33,66,-33
123000233,302,21,281
123000234,151,93,58
123000235,532,108,424
123000236,120,181,-61
123000237,269,34,235
123000238,10,46,-36
123000239,128,150,-22
123000240,43,318,-275
123000241,84,9,75
123000242,54,37,17
123000243,322,339,-17
123000244,290,156,134
123000245,1,36,-35
123000249,152,251,-99
123000252,324,66,258
123000253,848,166,682
123000254,258,171,87
123000255,261,267,-6
123000256,9,48,-39
123000257,489,348,141
123000258,303,140,163
123000259,241,151,90
123000260,388,49,339
123000261,182,42,140
123000262,12,8,4
123000263,323,15,308
123000264,143,46,97
123000265,18,19,-1
123000266,135,100,35
123000267,411,78,333
123000268,23,14,9
123000269,20,52,-32
123000270,22,68,-46
123000271,5,25,-20
123000272,221,124,97
123000273,125,564,-439
123000274,734,277,457
123000275,48,171,-123
123000278,609,1299,-690
123000279,156,47,109
123000280,111,119,-8
123000281,112,14,98
123000282,32,101,-69
123000283,274,10,264
123000284,5,18,-13
123000286,26,155,-129
123000287,42,96,-54
123000288,313,520,-207
123000289,62,705,-643
123000291,30,258,-228
123000294,105,168,-63
123000295,473,1092,-619
123000296,380,582,-202
123000297,457,150,307
123000298,573,66,507
123000299,156,110,46
123000300,560,283,277
123000301,74,139,-65
123000302,126,18,108
123000303,22,546,-524
123000305,135,251,-116
123000306,178,22,156
123000309,9,18,-9
123000310,45,5,40
123000311,5,68,-63
123000312,976,169,807
123000313,338,335,3
123000315,211,52,159
123000316,62,19,43
123000317,121,89,32
123000318,10,84,-74
123000329,0,1,-1
123000337,84,277,-193
123000338,10,254,-244
123000339,257,19,238
123000340,23,56,-33
123000342,2,3,-1
123000343,39,1,38
123000344,161,31,130
123000345,87,94,-7
123000346,333,52,281
123000352,269,209,60
123000353,75,17,58
123000354,442,2,440
123000355,0,715,-715
123000356,194,0,194
123000357,0,38,-38
123000359,3,22,-19
123000360,107,59,48
123000361,322,97,225
123000362,197,28,169
123000363,113,46,67
123000364,201,146,55
123000365,4,171,-167
123000366,114,768,-654
123000367,111,124,-13
123000370,2,14,-12
123000371,319,7,312
123000372,152,3,149
123000373,0,36,-36
123000374,7,19,-12
123000375,191,22,169
123000376,531,327,204
123000377,277,4,273
123000378,3,27,-24
123000379,1,148,-147
123000380,4,49,-45
123000381,47,110,-63
123000382,381,64,317
123000383,20,243,-223
123000384,558,121,437
123000385,6,71,-65
123000436,9,971,-962
123000507,22,61,-39
123000508,48,788,-740
123000517,25,3,22
123000518,12,28,-16
123000519,23,14,9
123000520,38,12,26
123000521,172,33,139
123000522,33,37,-4
123000541,2,0,2
123000542,0,0,0
123000565,529,9,520
123000566,254,97,157
123000567,104,59,45
123000573,2,35,-33
123000574,558,30,528
123000575,1429,21,1408
123000576,365,147,218
123000577,12,93,-81
123000578,237,98,139
123000579,572,2254,-1682
123000580,63,33,30
123000582,243,2,241
123000583,13,87,-74
123000584,105,58,47
123000585,0,1,-1
123000586,31,0,31
123000596,30,8,22
123000597,43,120,-77
123000602,47,15,32
123000603,710,92,618
123000604,344,76,268
123000605,16,0,16
123000606,0,13,-13
123000609,14,127,-113
123000610,33,43,-10
123000613,87,58,29
123000614,167,30,137
123000615,31,63,-32
123000616,452,16,436
123000617,38,39,-1
123000618,24,134,-110
123000619,216,18,198
123000620,15,68,-53
123000622,331,4,327
123000624,194,44,150
123000630,1395,350,1045
123000631,56,224,-168
123000632,238,116,122
123000633,0,17,-17
123000634,3,152,-149
123000635,2,44,-42
123000636,39,84,-45
123000637,102,42,60
123000638,306,75,231
123000639,652,3077,-2425
123000640,19,125,-106
123000648,297,6,291
123000649,1,133,-132
123000650,86,71,15
123000651,4,547,-543
123000652,606,77,529
123000653,57,361,-304
123000654,296,25,271
123000655,32,266,-234
123000656,70,162,-92
123000657,0,50,-50
123000658,165,0,165
123000659,8,434,-426
123000660,475,11,464
123000661,241,12,229
123900001,563,24,539
123900002,8,435,-427
123900003,25,63,-38
123900005,111,75,36
123900006,124,10,114
124000001,759,49,710
124000002,0,102,-102
124000003,743,39,704
124000004,8,135,-127
124000005,512,399,113
124000006,24,206,-182
124000007,274,43,231
124000008,17,102,-85
124000009,633,85,548
124000010,52,74,-22
124000011,520,72,448
124000012,39,73,-34
124000017,162,75,87
124000018,5,4,1
124000019,118,35,83
124000020,10,4,6
124000021,54,29,25
124000022,23,12,11
124000023,254,117,137
124000024,484,165,319
124000025,350,291,59
124000026,520,118,402
124000027,376,138,238
124000028,913,213,700
124000031,608,4073,-3465
124000032,321,126,195
124000033,343,462,-119
124000034,76,273,-197
124000035,230,55,175
124000036,25,118,-93
124000037,71,205,-134
124000038,0,4,-4
124000039,77,24,53
124000040,30,123,-93
124000041,319,8,311
124000042,97,35,62
124000043,82,10,72
124000044,18,18,0
124000045,703,66,637
124000046,26,138,-112
124000047,1209,167,1042
124000048,309,134,175
124000049,1084,111,973
124000050,212,308,-96
124000051,969,144,825
124000052,247,256,-9
124000053,314,1190,-876
124000054,129,93,36
124000055,540,2020,-1480
124000056,468,162,306
124000057,812,193,619
124000058,170,259,-89
124000059,593,541,52
124000060,103,274,-171
124000061,584,3111,-2527
124000062,1036,420,616
124000063,528,313,215
124000064,549,379,170
124000065,0,69,-69
124000066,178,71,107
124000067,100,99,1
124000068,12,42,-30
124000069,294,150,144
124000070,36,101,-65
124000071,37,24,13
124000072,23,28,-5
124000073,232,13,219
124000074,49,36,13
124000075,314,13,301
124000076,0,3,-3
124000077,61,277,-216
124000078,530,358,172
124000079,41,358,-317
124000080,444,43,401
124000081,12,75,-63
124000082,37,105,-68
124000083,2,17,-15
124000084,7,557,-550
124000085,17,13,4
124000086,2,142,-140
124000087,31,78,-47
124000088,60,61,-1
124000089,342,19,323
124000090,119,132,-13
124000091,301,21,280
124000092,105,287,-182
124000093,119,36,83
124000094,53,58,-5
124000095,126,26,100
124000096,42,23,19
124000097,94,28,66
124000098,139,32,107
124000099,176,103,73
124000100,30,316,-286
124000101,74,73,1
124000102,56,13,43
124000103,86,54,32
124000104,38,35,3
124000105,71,27,44
124000106,33,24,9
124000107,17,179,-162
124000108,20,6,14
124000109,150,30,120
124000110,38,18,20
124000111,71,83,-12
124000112,495,168,327
124000113,107,105,2
124000114,161,177,-16
124000115,127,306,-179
124000116,70,151,-81
124000117,2,30,-28
124000118,6,50,-44
124000119,426,138,288
124000120,267,84,183
124000121,591,396,195
124000122,112,506,-394
124000123,208,90,118
124000124,147,133,14
124000125,217,63,154
124000126,79,115,-36
124000127,591,72,519
124000128,250,126,124
124000129,642,336,306
124000130,131,105,26
124000131,368,173,195
124000132,114,230,-116
124000133,494,287,207
124000134,248,194,54
124000135,741,979,-238
124000136,130,268,-138
124000137,312,418,-106
124000138,140,542,-402
124000139,291,24,267
124000140,7,89,-82
124000141,777,9,768
124000142,20,58,-38
124000143,33,1,32
124000144,0,64,-64
124000145,119,20,99
124000146,8,33,-25
124000148,1,30,-29
124000149,447,101,346
124000150,79,270,-191
124000151,611,75,536
124000152,101,184,-83
124000153,587,245,342
124000154,257,128,129
124000155,359,258,101
124000156,172,166,6
124000169,78,134,-56
124000170,164,181,-17
124000171,138,116,22
124000172,153,131,22
124000173,358,71,287
124000174,296,138,158
124000175,0,0,0
124000176,25,7,18
124000177,0,0,0
124000178,14,26,-12
124000185,32,0,32
124000186,7,20,-13
124000187,5,3,2
124000188,109,1,108
124000190,50,53,-3
124000191,46,255,-209
124000192,362,285,77
124000193,49,549,-500
124000194,120,91,29
124000195,217,140,77
124000196,181,201,-20
124000197,14,5,9
124000198,38,14,24
124000201,11,122,-111
124000202,384,52,332
124000203,226,31,195
124000204,944,5,939
124000205,68,43,25
124000206,654,76,578
124000207,0,12,-12
124000209,90,25,65
124000210,670,44,626
124000211,585,0,585
124000212,0,30,-30
124000213,402,72,330
124000214,389,22,367
124000215,793,59,734
124000216,6,61,-55
124000329,0,181,-181
124000338,1,163,-162
124000339,1359,17,1342
124000341,1404,18,1386
124000344,18,0,18
124000357,828,1631,-803
124000358,762,1555,-793
124000359,660,309,351
124000360,868,272,596
124000361,883,669,214
124000362,314,955,-641
124000363,138,90,48
124000364,240,150,90
124000365,267,291,-24
124000366,1022,1074,-52
124000367,4,93,-89
124000368,205,615,-410
124000369,35,40,-5
124000370,4,327,-323
124000402,9,10,-1
124000403,72,16,56
124000404,9,14,-5
124000405,355,106,249
124000406,185,68,117
124000407,0,6,-6
124000411,3,73,-70
124000412,332,2,330
124000413,26,78,-52
124000414,146,23,123
124000415,20,29,-9
124000416,107,41,66
124000417,134,29,105
124000418,176,26,150
124000419,102,15,87
124000420,99,13,86
124000421,57,36,21
124000422,2,5,-3
124000423,105,23,82
124000424,0,5,-5
124000425,48,54,-6
124000426,8,20,-12
124000427,77,1,76
124000428,0,146,-146
124000429,117,6,111
124000430,454,127,327
124000431,183,57,126
124000432,155,447,-292
124000439,68,5,63
124000443,0,0,0
124000445,41,1567,-1526
124000446,248,267,-19
124000447,0,182,-182
124000448,188,0,188
124000449,283,1,282
124000450,2,38,-36
124000451,0,19,-19
124000452,150,52,98
124000453,740,795,-55
124000454,491,2764,-2273
124000455,0,135,-135
124000456,842,22,820
124000457,0,12,-12
124000458,0,10,-10
124000459,401,4,397
124000460,0,1,-1
124900001,587,100,487
124900002,77,33,44
124900003,412,69,343
124900004,423,121,302
124900005,61,9,52
124900006,396,99,297
124900008,327,158,169
124900009,18,161,-143
124900010,79,11,68
124900011,334,76,258
124900012,131,14,117
124900013,299,44,255
124900014,181,79,102
124900015,41,192,-151
124900016,46,74,-28
124900017,141,2364,-2223
124900018,189,22,167
124900020,91,18,73
124900021,245,9,236
124900022,274,5,269
124900024,209,0,209
124900026,4,0,4
124900027,42,61,-19
124900028,132,34,98
124900030,0,39,-39
124900031,2,91,-89
124900033,5,12,-7
124900035,16,6,10
124900036,2,55,-53
124900037,7,42,-35
124900038,31,63,-32
124900039,2,62,-60
124900040,9,51,-42
124900041,122,107,15
124900042,2,2,0
124900043,79,52,27
124900044,12,0,12
124900045,49,118,-69
124900047,5,30,-25
124900050,156,17,139
124900052,23,64,-41
124900053,43,88,-45
124900054,194,50,144
124900055,0,1,-1
124900057,0,9,-9
124900060,3,20,-17
124900061,219,11,208
124900062,103,0,103
124900066,0,0,0
124900067,1,2,-1
124900068,68,208,-140
124900070,0,0,0
124900072,202,88,114
124900075,213,177,36
124900076,89,522,-433
124900077,99,61,38
124900078,20,0,20
124900080,150,73,77
124900081,581,71,510
124900082,89,57,32
124900083,123,89,34
124900085,132,110,22
124900086,7,229,-222
124900087,53,16,37
124900088,8,20,-12
124900089,109,14,95
124900090,256,56,200
124900091,76,9,67
124900092,64,12,52
124900093,334,24,310
124900094,342,42,300
124900095,69,270,-201
124900096,64,13,51
124900097,272,3,269
124900098,28,63,-35
124900099,15,114,-99
124900100,191,4,187
124900101,141,21,120
124900102,324,2,322
124900103,6,10,-4
124900104,8,12,-4
124900105,7,4,3
124900106,126,0,126
124900107,102,8,94
124900108,43,29,14
124900111,0,0,0
124900112,68,17,51
124900113,5,23,-18
124900114,4,12,-8
124900115,0,8,-8
124900116,121,215,-94
124900117,28,70,-42
124900118,32,475,-443
124900119,170,84,86
124900120,19,5,14
124900121,59,149,-90
124900122,6,6,0
124900123,117,155,-38
124900124,21,29,-8
124900125,762,0,762
124900126,0,0,0
204000001,174,20,154
204000002,51,13,38
204000003,6,1,5
204000004,7,1,6
204000005,254,193,61
204000006,651,901,-250
204000011,0,0,0
204000012,0,0,0
204000019,896,194,702
204000020,609,190,419
204000021,361,499,-138
204000022,900,269,631
204000023,122,206,-84
204000031,19,2,17
204000032,91,23,68
204000034,51,6,45
204000035,0,2,-2
204000036,7,8,-1
204000037,0,20,-20
204000038,1,12,-11
204000039,3,8,-5
204000040,1,3,-2
204000041,1,20,-19
204000042,35,10,25
204000043,20,1,19
204000044,40,1,39
204000045,7,3,4
204000046,5,1,4
204000057,1,46,-45
204000062,21,45,-24
204000068,1,4,-3
204000069,4,9,-5
204000070,70,16,54
204000080,3,1,2
204000085,211,143,68
204000086,474,372,102
204000087,25,3,22
204000088,0,0,0
204000090,163,15,148
204000093,355,10,345
204000096,629,154,475
204000097,230,14,216
204000099,556,1178,-622
204000100,988,483,505
204000105,316,100,216
204000110,86,209,-123
204000111,94,183,-89
204000112,49,124,-75
204000113,64,168,-104
204000114,469,699,-230
204000115,541,150,391
204000116,227,90,137
204000119,1658,664,994
204000132,451,387,64
204000133,586,49,537
204000134,105,30,75
204000135,543,8,535
204000136,385,52,333
204000138,138,582,-444
204000140,254,91,163
204000141,88,24,64
204000144,0,29,-29
204000145,142,2,140
204000146,0,0,0
204000147,13,29,-16
204000148,55,22,33
204000154,0,1,-1
204000155,0,2,-2
204000177,91,39,52
204000179,0,0,0
204000180,0,0,0
204000222,1,46,-45
204000235,32,16,16
204000236,16,5,11
204000238,30,17,13
204000240,122,7,115
204000263,167,140,27
204000268,375,128,247
204000308,24,7,17
204000317,3,28,-25
204000322,25,12,13
204000323,0,5,-5
204000328,131,19,112
204000329,76,22,54
204000330,99,31,68
204000331,101,3,98
204000352,73,0,73
205000001,121,219,-98
205000013,3,5,-2
205000014,4,2,2
205000015,4,3,1
205000016,9,8,1
205000017,3,3,0
205000022,84,93,-9
205000025,266,100,166
205000029,366,2,364
205000045,14,9,5
205000046,2,11,-9
205000047,2,3,-1
205000048,67,10,57
205000049,23,21,2
205000050,35,10,25
205000059,0,34,-34
205000060,0,41,-41
205000061,1,100,-99
205000062,1,63,-62
205000063,3,119,-116
205000064,9,25,-16
205000065,30,113,-83
205000066,31,30,1
205000067,36,78,-42
205000069,125,7,118
205000082,50,54,-4
205000110,7,4,3
205000111,4,3,1
205000112,24,68,-44
205000113,24,24,0
205000121,90,48,42
205000123,29,8,21
205000126,331,42,289
205000127,478,28,450
205000128,206,48,158
205000129,441,55,386
205000130,91,11,80
205000131,33,25,8
205000132,45,5,40
205000133,46,1,45
205000134,237,0,237
205000137,18,3,15
205000138,12,18,-6
205000139,0,13,-13
205000144,25,19,6
205000145,125,46,79
205000151,50,15,35
205000152,79,20,59
205000153,118,51,67
205000154,26,37,-11
205000155,76,28,48
205000207,0,0,0
205000233,17,3,14
205000234,0,0,0
205000243,0,1,-1
205000244,0,1,-1
205000245,0,5,-5
205000249,0,5,-5
205000250,2,0,2
205000264,0,3,-3
206000027,1,4,-3
206000028,7,1,6
206000043,1,12,-11
206000053,2,0,2
206000054,0,0,0
206000055,0,0,0
206000075,5,14,-9
206000076,3,4,-1
206000077,3,0,3
206000078,1,1,0
206000079,17,0,17
206000082,121,71,50
206000100,6,79,-73
206000103,0,0,0
206000104,0,0,0
206000105,0,0,0
206000106,0,0,0
206000125,98,0,98
206000157,0,39,-39
206000170,0,54,-54
206000171,1,57,-56
206000172,2,34,-32
206000173,3,17,-14
206000174,6,4,2
206000175,1,9,-8
206000176,41,7,34
206000177,0,10,-10
206000178,2,112,-110
206000179,0,9,-9
206000180,1,21,-20
206000181,0,28,-28
206000182,4,7,-3
206000183,3,36,-33
206000184,2,7,-5
206000185,2,0,2
206000186,4,49,-45
206000223,0,64,-64
206000226,32,0,32
206000227,24,3,21
206000237,4,32,-28
206000238,3,83,-80
206000239,62,263,-201
206000240,0,0,0
206000241,0,50,-50
206000242,2,5,-3
206000243,3,18,-15
206000244,9,29,-20
206000245,1600,27,1573
206000246,509,1,508
206000247,576,0,576
206000248,645,3,642
206000252,12,46,-34
206000258,0,0,0
206000315,9,0,9
206000317,609,102,507
206000318,604,27,577
206000319,2141,18,2123
206000320,655,11,644
206000321,620,3,617
206000322,818,8,810
206000323,374,9,365
206000324,369,7,362
206000325,158,14,144
206000326,228,4,224
206000327,23,22,1
206000328,228,6,222
206000329,780,2,778
206000330,179,1,178
206000331,284,0,284
206000332,104,0,104
206000333,1205,1,1204
206000334,646,0,646
206000335,0,0,0
206000361,0,5,-5
206000392,0,8,-8
206000405,197,0,197
206000441,35,18,17
206000498,10,2,8
206000515,50,28,22
206000530,298,59,239
206000531,178,134,44
206000532,582,138,444
206000535,17,695,-678
206000536,12,30,-18
206000537,1,42,-41
206000613,792,190,602
206000784,293,41,252
207000001,8,44,-36
207000002,13,86,-73
207000003,27,53,-26
207000007,1544,124,1420
207000008,220,3,217
207000009,56,2,54
207000010,47,76,-29
207000012,341,50,291
207000015,22,159,-137
207000019,278,47,231
207000021,225,89,136
207000022,105,74,31
207000023,236,29,207
207000024,2,4,-2
207000025,31,18,13
207000026,0,0,0
207000027,0,0,0
207000028,0,35,-35
207000029,0,52,-52
207000033,100,117,-17
207000034,111,40,71
207000039,499,63,436
207000040,669,8,661
207000041,27,7,20
207000042,187,6,181
207000043,131,71,60
207000051,1,0,1
207000052,0,0,0
207000053,69,113,-44
207000054,24,33,-9
207000055,18,12,6
207000056,81,81,0
207000057,40,60,-20
207000058,31,82,-51
207000059,25,52,-27
207000060,11,136,-125
207000061,54,859,-805
207000062,743,26,717
207000063,473,14,459
207000064,238,22,216
207000065,155,86,69
207000066,468,70,398
207000067,71,26,45
207000068,85,29,56
207000069,435,183,252
207000082,13,60,-47
207000083,36,85,-49
207000084,382,96,286
207000085,322,22,300
207000086,433,7,426
207000106,51,10,41
207000107,70,5,65
207000108,181,2,179
207000109,44,0,44
207000110,36,10,26
207000111,97,4,93
207000112,20,175,-155
207000114,0,0,0
207000115,0,0,0
207000116,0,0,0
207000117,0,0,0
207000118,0,0,0
207000119,0,0,0
207000123,175,2,173
207000124,94,6,88
207000125,37,0,37
207000126,38,0,38
207000134,215,24,191
207000135,36,80,-44
207000148,85,101,-16
207000149,0,0,0
207000152,2,83,-81
207000153,5,182,-177
207000154,199,86,113
207000159,1,4,-3
207000160,7,18,-11
207000238,0,0,0
207000242,0,0,0
207000248,0,0,0
207000249,0,0,0
207000250,0,0,0
207000251,0,0,0
207000252,0,0,0
207000278,93,33,60
207000279,0,0,0
207000280,1080,17,1063
207000281,41,158,-117
207000282,15,473,-458
207000283,15,65,-50
207000284,13,1235,-1222
207000285,17,88,-71
207000291,0,0,0
207000304,20,26,-6
207000306,7,134,-127
207000310,113,36,77
207000353,41,1,40
207000356,1,4,-3
207000357,0,13,-13
207000358,0,9,-9
207000415,0,0,0
207000416,457,34,423
207000417,15,3,12
207000418,51,18,33
207000438,0,0,0
207000439,232,56,176
207000446,32,4,28
207000460,116,1,115
207000466,0,0,0
207000467,601,22,579
207000468,3,8,-5
207000476,5,23,-18
207000477,145,21,124
207000478,0,5,-5
207000523,0,0,0
207000524,37,0,37
207000527,164,65,99
207000530,114,6,108
207000531,118,0,118
207000532,16,8,8
207000534,71,9,62
207000535,0,0,0
207000537,0,0,0
207000540,0,0,0
207000541,0,0,0
207000548,0,0,0
207000549,71,6,65
207000561,91,60,31
207000562,0,0,0
207000567,8,42,-34
207000568,249,13,236
207000569,698,57,641
207000584,0,0,0
207000585,2,17,-15
207000587,333,2,331
207000616,0,14,-14
207000617,224,0,224
207000624,13,6,7
207000631,6,20,-14
208000001,331,459,-128
208000002,476,459,17
208000003,479,288,191
208000004,517,291,226
208000005,0,0,0
208000019,689,368,321
208000020,117,142,-25
208000021,163,91,72
208000022,285,268,17
208000028,225,526,-301
208000033,149,221,-72
208000034,287,340,-53
208000037,135,13,122
208000040,128,23,105
208000041,336,270,66
208000042,637,257,380
208000047,61,55,6
208000064,1064,671,393
208000066,679,399,280
208000070,512,292,220
208000071,513,72,441
208000072,610,181,429
208000080,146,242,-96
208000081,260,51,209
208000082,81,36,45
208000083,77,53,24
208000084,3,102,-99
208000085,299,71,228
208000086,236,207,29
208000087,222,176,46
208000089,361,61,300
208000090,253,95,158
208000093,5,43,-38
208000094,139,195,-56
208000095,381,190,191
208000104,835,184,651
208000105,484,252,232
208000114,38,174,-136
208000115,245,160,85
208000116,687,697,-10
208000117,5,68,-63
208000118,65,164,-99
208000155,242,281,-39
208000158,656,751,-95
208000186,298,768,-470
208000204,354,417,-63
208000205,609,295,314
208000282,358,296,62
209000004,352,79,273
209000005,43,15,28
209000006,241,135,106
209000007,225,191,34
209000010,0,0,0
209000011,0,0,0
209000012,13,37,-24
209000013,17,4,13
209000014,32,36,-4
209000025,462,47,415
209000026,1062,145,917
209000027,12,37,-25
209000028,40,15,25
209000029,68,20,48
209000030,102,106,-4
209000031,424,116,308
209000034,164,138,26
209000035,125,153,-28
209000036,267,46,221
209000037,453,100,353
209000038,213,40,173
209000039,101,69,32
209000040,183,127,56
209000041,111,90,21
209000042,164,91,73
209000043,349,197,152
209000044,202,279,-77
209000045,313,71,242
209000046,279,137,142
209000047,159,80,79
209000048,256,263,-7
209000049,25,12,13
209000050,69,26,43
209000051,130,17,113
209000052,28,26,2
209000062,0,0,0
209000063,1,0,1
209000064,0,0,0
209000065,225,8,217
209000066,121,15,106
209000067,171,19,152
209000080,1,15,-14
209000082,68,24,44
209000091,0,1,-1
209000093,0,0,0
209000094,0,0,0
209000110,30,64,-34
209000111,304,1392,-1088
209000112,990,215,775
209000113,1841,356,1485
209000114,715,259,456
209000115,10,23,-13
209000116,84,44,40
209000118,4,76,-72
209000119,0,0,0
209000121,6,22,-16
209000135,67,54,13
209000142,591,1765,-1174
209000143,0,0,0
209000144,20,125,-105
209000229,147,27,120
209000240,0,8,-8
209000259,15,15,0
209000260,4,110,-106
209000261,1,59,-58
209000262,0,32,-32
209000263,0,34,-34
209000264,0,20,-20
209000265,209,0,209
209000266,59,1,58
209000267,706,2,704
209000268,169,91,78
210000037,119,6,113
210000047,30,1,29
210000048,37,11,26
210000049,53,0,53
210000052,28,0,28
210000053,15,1,14
210000054,3,11,-8
210000070,88,15,73
210000071,86,1,85
210000072,23,0,23
210000073,0,0,0
210000074,0,0,0
210000075,0,1,-1
210000076,0,20,-20
210000077,0,28,-28
210000078,3,50,-47
210000079,19,15,4
210000080,12,111,-99
210000081,20,0,20
210000082,19,0,19
210000083,2,0,2
210000084,49,0,49
210000085,0,4,-4
210000086,0,3,-3
210000099,4,5,-1
210000100,10,13,-3
210000101,0,4,-4
210000105,1,50,-49
210000159,0,2,-2
210000163,0,47,-47
210000164,136,85,51
210000168,98,2,96
210000187,0,0,0
210000188,0,1,-1
210000214,54,0,54
210000219,82,23,59
210000220,163,15,148
210000232,0,0,0
210000233,1,0,1
210000234,1,2,-1
210000235,3,2,1
210000245,0,1,-1
210000246,10,0,10
210000258,0,11,-11
210000259,92,6,86
210000282,1,7,-6
210000285,0,1,-1
210000286,0,1,-1
210000290,8,11,-3
210000295,7,24,-17
210000296,9,1,8
210000320,213,5,208
210000321,47,9,38
210000338,17,4,13
210000339,0,58,-58
210000340,7,12,-5
210000341,22,22,0
210000342,54,13,41
210000343,32,50,-18
210000344,17,30,-13
210000345,13,72,-59
210000346,9,27,-18
210000347,0,15,-15
210000348,15,12,3
210000349,10,20,-10
210000350,39,21,18
210000351,55,22,33
210000352,17,14,3
210000353,31,20,11
210000354,21,25,-4
210000355,13,66,-53
210000356,27,95,-68
210000357,28,101,-73
210000358,181,146,35
210000359,37,143,-106
210000360,98,162,-64
210000361,125,43,82
210000362,242,51,191
210000363,401,81,320
210000364,175,41,134
210000365,134,6,128
210000366,272,31,241
210000367,55,15,40
210000368,64,2,62
210000369,64,19,45
210000370,123,28,95
210000372,3,9,-6
210000373,1,10,-9
210000374,57,19,38
210000375,11,9,2
210000376,20,115,-95
210000404,1,6,-5
210000439,45,5,40
210000472,18,0,18
210000482,97,73,24
210000564,107,95,12
210000567,1,57,-56
210000568,161,0,161
211000092,55,22,33
211000094,32,1,31
211000169,157,0,157
211000172,10,17,-7
211000209,0,33,-33
211000226,5,3,2
211000270,57,3,54
211000275,22,3,19
211000276,132,8,124
211000279,9,7,2
211000281,85,6,79
211000302,31,15,16
211507980,0,21,-21
211977296,32,5,27
212000003,232,47,185
212000004,1,41,-40
212000005,0,29,-29
212000006,7,128,-121
212000008,41,89,-48
212000009,31,55,-24
212000012,36,29,7
212000013,8,12,-4
212000014,75,19,56
212000015,113,37,76
212000016,143,144,-1
212000027,421,90,331
212000028,255,107,148
212000029,121,88,33
212000030,28,6,22
212000031,28,17,11
212000048,6,125,-119
212000049,0,97,-97
212000050,8,4,4
212000051,171,41,130
212000052,104,53,51
212000053,76,79,-3
212000054,456,19,437
212000055,362,43,319
212000056,13,7,6
212000057,2,23,-21
212000058,62,1,61
212000070,68,22,46
212000077,41,59,-18
212000099,281,52,229
212000108,203,136,67
212000111,323,24,299
212000120,31,75,-44
212000138,46,18,28
212000156,0,7,-7
212000158,1,16,-15
212000159,444,24,420
212000160,511,29,482
212000161,87,6,81
212000310,14,3,11
212000311,4,26,-22
212000374,6,5,1
213000001,0,167,-167
213000005,417,19,398
213000006,378,58,320
213000007,65,16,49
213000009,168,56,112
213000010,217,51,166
213000011,198,41,157
213000012,75,55,20
213000014,20,14,6
213000015,79,13,66
213000016,112,0,112
213000017,59,0,59
213000018,1,23,-22
213000019,0,13,-13
213000020,49,16,33
213000021,0,19,-19
213000023,154,185,-31
213000033,118,473,-355
213000034,242,67,175
213000035,122,273,-151
213000045,49,91,-42
213000046,36,24,12
213000047,69,513,-444
213000056,91,8,83
213000069,8,2,6
213000073,0,14,-14
213000074,32,129,-97
213000075,408,1,407
213000076,10,0,10
213000085,0,4,-4
213000086,2,16,-14
213000091,163,5,158
213000092,22,14,8
213000099,95,460,-365
213000100,587,160,427
213000101,437,20,417
213000102,406,65,341
213000103,215,161,54
213000104,12,134,-122
213000105,32,698,-666
213000106,8,56,-48
213000107,61,179,-118
213000108,12,91,-79
213000109,0,71,-71
213000110,14,40,-26
213000111,5,91,-86
213000112,10,188,-178
213000115,20,0,20
213000116,8,101,-93
213000117,1,146,-145
213000118,516,200,316
213000119,10,175,-165
213000120,27,41,-14
213000122,25,123,-98
213000123,28,186,-158
213000124,29,181,-152
213000125,138,26,112
213000126,10,38,-28
213000127,0,30,-30
213000128,64,205,-141
213000129,199,908,-709
213000130,789,360,429
213000132,637,78,559
213000133,472,28,444
213000134,782,5,777
213000136,347,3,344
213000137,411,10,401
213000139,233,28,205
213000147,4,0,4
213000148,18,3,15
213000149,17,23,-6
213000150,0,200,-200
213000151,0,167,-167
213000152,0,124,-124
213000153,0,152,-152
213000154,31,136,-105
213000155,24,89,-65
213000156,45,191,-146
213000157,819,115,704
213000158,161,193,-32
213000159,262,121,141
213000163,1184,119,1065
213000165,250,98,152
213000171,95,18,77
213000172,18,33,-15
213000173,0,11,-11
213000174,0,0,0
213000175,15,2,13
213000176,7,46,-39
213000177,0,3,-3
213000178,6,2,4
213000179,156,3,153
213000180,253,8,245
213000182,59,24,35
213000184,22,86,-64
213000188,368,50,318
213000189,659,39,620
213000190,387,39,348
213000191,352,15,337
213000192,176,12,164
213000193,136,78,58
213000194,1,145,-144
213000195,23,271,-248
213000196,191,556,-365
213000197,356,364,-8
213000198,2,0,2
213000200,81,128,-47
213000201,3,47,-44
213000202,2,162,-160
213000203,724,172,552
213000204,923,9,914
213000205,224,10,214
213000206,370,1,369
213000207,14,0,14
213000208,8,1,7
213000209,13,0,13
213000210,61,0,61
213000211,0,27,-27
213000212,1,35,-34
213000213,0,81,-81
213000218,791,901,-110
213000219,626,5,621
213000220,686,12,674
213000223,202,79,123
213000224,1,50,-49
213000225,63,21,42
213000226,13,5,8
213000227,908,120,788
213000228,403,40,363
213000229,47,14,33
213000230,390,17,373
213000232,41,734,-693
213000233,4,79,-75
213000234,0,3,-3
213000293,2,73,-71
213000294,61,15,46
213000295,1,80,-79
213000296,61,25,36
213000297,1,8,-7
213000298,2,23,-21
213000299,23,27,-4
213000300,4,17,-13
213000303,1,2,-1
213000304,0,4,-4
213000305,1,21,-20
213000306,6,36,-30
213000307,43,74,-31
213000308,9,55,-46
213000309,95,2,93
213000310,115,76,39
213000311,28,213,-185
213000315,34,53,-19
213000316,135,45,90
213000322,0,0,0
213000323,15,10,5
213000340,24,75,-51
213000341,777,25,752
213000346,99,162,-63
213000347,107,154,-47
213000348,1,24,-23
213000349,0,0,0
213000350,69,272,-203
213000366,22,120,-98
213000367,341,11,330
213000379,2,11,-9
213000386,7,126,-119
213000406,63,101,-38
213000417,873,208,665
213000425,163,5,158
213000426,80,7,73
213000427,39,28,11
213000428,16,20,-4
213000429,9,16,-7
213000430,54,44,10
213000431,8,4,4
213000432,0,203,-203
213000433,6,27,-21
213000434,129,9,120
213000435,35,15,20
213000439,25,5,20
213000441,0,5,-5
213000443,206,252,-46
213000445,0,32,-32
213000446,24,285,-261
213000447,0,75,-75
213000448,4,24,-20
213000449,542,3,539
213000450,5,8,-3
213000451,212,7,205
213000452,0,0,0
213000453,0,45,-45
213000455,24,5,19
213000456,0,39,-39
213000481,1,1,0
213000482,12,0,12
213000489,46,36,10
213000491,7,233,-226
213000492,51,4,47
213000493,0,166,-166
213000494,108,21,87
213000496,204,165,39
213000497,17,262,-245
213000498,12,222,-210
213000499,46,168,-122
213000500,185,8,177
213000501,167,6,161
213000502,57,13,44
213000503,1,52,-51
213000504,0,32,-32
213000505,12,3,9
213000506,0,1,-1
213000507,0,29,-29
213900244,21,0,21
213900245,0,4,-4
218000003,50,2,48
218000004,28,9,19
218000005,10,22,-12
218000006,35,26,9
218000007,12,31,-19
218000012,23,133,-110
218000013,77,73,4
218000014,58,61,-3
218000019,140,117,23
218000020,98,211,-113
218000040,5,0,5
218000046,46,73,-27
218000047,2,46,-44
218000048,59,39,20
218000049,45,28,17
218000050,151,77,74
218000051,53,106,-53
218000052,1,54,-53
218000053,0,2,-2
218000054,1,9,-8
218000055,0,10,-10
218000056,3,21,-18
218000057,1,11,-10
218000064,0,0,0
218000065,45,3,42
218000066,5,25,-20
218000067,63,37,26
218000068,84,19,65
218000069,253,19,234
218000070,187,73,114
218000071,106,90,16
218000072,50,91,-41
218000078,392,190,202
218000079,298,7,291
218000080,93,1,92
218000081,512,18,494
218000082,140,16,124
218000083,4,9,-5
218000084,15,17,-2
218000085,24,10,14
218000086,5,1,4
218000087,5,7,-2
218000090,17,166,-149
218000091,730,215,515
218000092,70,58,12
218000093,70,6,64
218000094,240,76,164
218000099,69,52,17
218000100,66,31,35
218000101,107,36,71
218000102,175,43,132
218000103,62,17,45
218000104,9,17,-8
218000105,19,4,15
218000106,45,5,40
218000107,43,45,-2
218000108,1,11,-10
218000112,24,2,22
218000117,38,26,12
218000134,157,100,57
218000135,4,27,-23
218000136,52,85,-33
218000137,66,24,42
218000138,14,10,4
218000139,77,126,-49
218000140,268,129,139
218000141,34,16,18
218000142,92,46,46
218000143,26,89,-63
218000144,2,106,-104
218000145,251,79,172
218000146,51,16,35
218000151,0,17,-17
218000152,19,55,-36
218000170,0,27,-27
218000171,12,0,12
218000172,0,5,-5
218000173,11,6,5
218000174,0,16,-16
218000176,205,11,194
218000177,300,5,295
218000178,116,18,98
218000179,176,2,174
218000180,85,3,82
218000181,261,11,250
218000187,2,11,-9
218000188,1,3,-2
218000189,13,21,-8
218000190,0,0,0
218000191,96,42,54
218000192,60,46,14
218000193,115,30,85
218000194,45,20,25
218000195,116,40,76
218000196,256,88,168
218000197,498,39,459
218000198,55,19,36
218000199,16,3,13
218000200,21,6,15
218000201,2,1,1
218000202,22,173,-151
218000207,12,6,6
218000208,4,33,-29
218000211,7,0,7
218000213,109,80,29
218000214,2,35,-33
218000215,109,69,40
218000217,2,32,-30
218000218,274,60,214
218000219,0,23,-23
218000220,20,183,-163
218000221,298,138,160
218000222,0,85,-85
218000223,16,165,-149
218000224,1,69,-68
218000225,35,5,30
218000226,111,16,95
218000232,26,39,-13
218000239,73,7,66
218000240,0,1,-1
218000241,0,0,0
218000242,0,0,0
218000243,0,0,0
218000244,37,0,37
218000245,3,1,2
218000246,0,1,-1
218000247,0,0,0
218000248,0,13,-13
218000249,0,2,-2
218000250,0,3,-3
218000251,0,6,-6
218000252,0,6,-6
218000253,0,0,0
218000254,0,0,0
218000255,0,1,-1
218000256,10,10,0
218000267,339,346,-7
218000268,0,5,-5
218000269,0,2,-2
218000270,43,11,32
218000271,0,2,-2
218000273,34,0,34
218000274,1,0,1
218000275,44,74,-30
218000276,21,4,17
218000278,6,11,-5
218000279,33,9,24
218000280,0,5,-5
218000281,0,17,-17
218000282,333,450,-117
218000284,19,0,19
218000301,4,30,-26
218000302,15,18,-3
218000303,3,48,-45
218000316,1155,318,837
218000317,1906,193,1713
218000318,1159,100,1059
218000319,593,204,389
218000320,208,79,129
218000338,8,44,-36
218000345,107,47,60
218000346,42,67,-25
218000459,18,70,-52
218000490,2,20,-18
218000501,51,5,46
218000502,20,3,17
218000503,87,4,83
218000504,69,0,69
218000505,1,13,-12
218000506,3,51,-48
218000508,0,1,-1
218000510,52,8,44
218000520,47,64,-17
218000521,15,5,10
218000522,0,346,-346
218000523,80,8,72
218000524,0,70,-70
218000525,20,15,5
218000526,0,55,-55
218000529,28,12,16
218000531,6,22,-16
218000532,41,16,25
218000534,368,5,363
218000537,5,44,-39
218000538,20,106,-86
218000540,19,21,-2
218000543,98,13,85
218000544,5,23,-18
218000545,115,15,100
218000546,4,15,-11
218000547,118,105,13
218000548,59,43,16
218000549,487,52,435
218000550,34,72,-38
218000551,47,67,-20
218000552,240,65,175
218000553,27,41,-14
218000554,18,3,15
218000555,25,63,-38
218000556,64,55,9
218000557,523,223,300
218000558,3,0,3
218000559,0,16,-16
218000560,0,10,-10
218000561,3,0,3
218000562,0,54,-54
218000563,38,3,35
218000564,0,46,-46
218000565,55,14,41
218000566,4,1,3
218000567,1,39,-38
218000568,0,1,-1
218000569,0,70,-70
218000570,34,1,33
218000571,0,41,-41
218000572,38,0,38
218000573,0,124,-124
218000574,8,2,6
218000575,57,0,57
218000576,0,41,-41
218000577,7,0,7
218000578,0,34,-34
218000579,1,11,-10
218000581,7,6,1
218000582,40,0,40
218000583,6,0,6
218000584,0,13,-13
218000585,29,2,27
218000586,17,6,11
218000587,0,0,0
218000588,0,1,-1
218000589,0,1,-1
218000590,2,0,2
218000591,24,419,-395
218000592,10,74,-64
218000601,7,156,-149
218000602,18,95,-77
218000603,0,5,-5
218000604,71,16,55
218000605,0,634,-634
218000606,278,17,261
218000607,6,89,-83
218000608,28,7,21
218000609,3,2,1
218000610,72,0,72
218000611,0,0,0
218000612,0,9,-9
218000613,34,0,34
218000614,3,10,-7
218000615,40,0,40
218000616,0,61,-61
218000617,0,0,0
218000618,0,20,-20
218000619,12,1,11
218000620,0,16,-16
218000621,0,0,0
218000622,0,35,-35
218000623,4,0,4
218000624,0,27,-27
218000625,0,0,0
218000626,0,13,-13
218000628,106,52,54
218000631,149,34,115
218000632,1,123,-122
218000633,15,0,15
218000634,0,0,0
218000635,3,7,-4
218000636,261,119,142
218000637,726,79,647
218000638,382,2,380
218000639,19,13,6
218000640,588,1,587
218000641,116,38,78
218000652,6,19,-13
218000653,151,24,127
218000663,30,15,15
218000675,9,35,-26
218000680,85,63,22
218000681,591,40,551
218000691,179,156,23
218000693,711,49,662
218000718,10,37,-27
218000719,21,65,-44
218000720,0,66,-66
218000721,0,2,-2
218001147,0,41,-41
218001214,22,2,20
218001258,546,40,506
218001329,200,114,86
218001330,31,317,-286
218001351,4,6,-2
218001352,0,11,-11
218001353,4,21,-17
218001354,16,14,2
218001355,6,35,-29
218001356,546,95,451
218001357,0,39,-39
218001358,380,23,357
218001361,1199,27,1172
218001362,0,35,-35
219000001,0,0,0
219000002,0,0,0
219000003,42,14,28
219000004,10,39,-29
219000017,47,25,22
219000020,155,17,138
219000022,146,1,145
219000023,21,0,21
219000029,0,0,0
219000034,59,27,32
219000039,0,0,0
219000040,2,27,-25
219000041,100,6,94
219000051,0,0,0
219000052,0,0,0
219000053,0,0,0
219000055,335,0,335
219000056,1,0,1
219000057,46,0,46
219000062,0,9,-9
219000063,135,2,133
219000064,0,19,-19
219000110,180,188,-8
219000111,43,41,2
219000112,133,32,101
219000113,200,4,196
219000114,73,17,56
219000116,56,59,-3
219000117,59,11,48
219000118,32,22,10
219000123,47,3,44
219000124,4,1,3
219000125,0,0,0
219000126,0,0,0
219000127,0,0,0
219000128,1,2,-1
219000129,1,5,-4
219000130,51,86,-35
219000131,419,638,-219
219000133,9,88,-79
219000134,8,24,-16
219000135,8,20,-12
219000136,27,136,-109
219000138,27,0,27
219000139,19,0,19
219000140,99,0,99
219000141,36,0,36
219000142,0,0,0
219000143,0,0,0
219000145,3,2,1
219000146,0,0,0
219000147,0,0,0
219000148,0,0,0
219000149,0,0,0
219000150,0,0,0
219000151,0,0,0
219000157,156,56,100
219000158,175,14,161
219000161,180,2,178
219000163,485,173,312
219000166,106,36,70
219000167,27,28,-1
219000168,192,51,141
219000174,393,81,312
219000175,75,0,75
219000176,162,11,151
219000177,91,4,87
219000178,58,0,58
219000179,55,16,39
219000180,5,0,5
219000182,61,1,60
219000183,47,9,38
219000184,67,0,67
219000185,0,0,0
219000186,46,2,44
219000187,6,14,-8
219000189,1,20,-19
219000190,0,1,-1
219000191,21,104,-83
219000192,216,102,114
219000193,3,1,2
219000195,0,0,0
219000196,0,0,0
219000198,0,0,0
219000199,0,0,0
219000200,0,0,0
219000201,0,5,-5
219000203,0,1,-1
219000204,5,9,-4
219000205,0,2,-2
219000207,3,18,-15
219000209,0,0,0
219000210,0,0,0
219000213,0,21,-21
219000239,52,100,-48
219000240,15,95,-80
219000241,61,26,35
219000242,8,75,-67
219000243,57,152,-95
219000244,1,122,-121
219000245,0,50,-50
219000246,53,43,10
219000247,400,46,354
219000248,367,275,92
219000249,107,141,-34
219000250,141,43,98
219000251,241,56,185
219000252,159,73,86
219000253,116,8,108
219000255,120,110,10
219000256,282,22,260
219000257,52,0,52
219000262,3,30,-27
219000263,6,11,-5
219000267,0,0,0
219000268,0,0,0
219000269,1,0,1
219000270,17,1,16
219000271,141,6,135
219000278,0,0,0
219000279,0,0,0
219000283,0,0,0
219000295,1,31,-30
219000296,0,62,-62
219000297,0,0,0
219000298,0,0,0
219000299,179,21,158
219000300,0,5,-5
219000301,2,15,-13
219000302,5,20,-15
219000307,0,0,0
219000308,64,9,55
219000311,85,22,63
219000312,211,61,150
219000313,289,43,246
219000314,2,1,1
219000315,213,1,212
219000316,249,13,236
219000317,70,5,65
219000320,0,0,0
219000321,0,0,0
219000323,0,0,0
219000325,0,0,0
219000326,2,12,-10
219000327,0,0,0
219000328,0,0,0
219000329,216,97,119
219000330,0,7,-7
219000331,24,5,19
219000332,128,7,121
219000333,34,0,34
219000335,75,0,75
219000337,3,0,3
219000338,9,0,9
219000344,0,0,0
219000345,0,0,0
219000346,0,0,0
219000348,8,5,3
219000349,0,13,-13
219000350,0,0,0
219000351,0,0,0
219000352,18,39,-21
219000353,150,63,87
219000354,503,33,470
219000355,86,54,32
219000356,177,551,-374
219000363,74,42,32
219000364,151,21,130
219000365,57,3,54
219000366,129,541,-412
219000368,129,252,-123
219000370,412,310,102
219000371,1,0,1
219000382,2,0,2
219000383,42,122,-80
219000385,33,89,-56
219000386,39,203,-164
219000387,0,2,-2
219000390,2,1,1
219000391,2,0,2
219000397,0,0,0
219000398,29,34,-5
219000401,7,27,-20
219000402,0,4,-4
219000403,32,35,-3
219000404,1,22,-21
219000407,11,11,0
219000409,26,21,5
219000410,126,1,125
219000411,72,0,72
219000446,1,69,-68
219000447,0,0,0
219000448,5,1,4
219000452,41,76,-35
219000453,10,61,-51
219000454,150,191,-41
219000556,382,21,361
219000558,18,62,-44
219000590,7,78,-71
219000591,169,29,140
219000592,1,28,-27
219000595,0,0,0
219000635,82,4,78
219000636,0,0,0
219000657,5,2,3
219000658,0,0,0
219000673,0,0,0
219000676,1,0,1
219000679,29,0,29
219000684,35,3,32
219000685,0,0,0
219000686,0,1,-1
219000688,0,2,-2
219000689,1,40,-39
219000690,60,1,59
219000691,4,26,-22
219000692,65,1,64
219000693,0,0,0
219000694,0,0,0
219000695,72,7,65
219000698,7,0,7
219000699,0,0,0
219000727,0,0,0
219000728,76,1,75
219000770,0,1,-1
219000771,0,0,0
219000788,90,124,-34
219001150,0,83,-83
219001151,0,0,0
219001166,11,28,-17
219001167,0,20,-20
219001178,86,0,86
220000001,23,50,-27
220000002,0,13,-13
220000003,25,14,11
220000004,84,75,9
220000005,120,131,-11
220000006,52,41,11
220000007,132,40,92
220000008,66,87,-21
220000009,22,95,-73
220000010,13,46,-33
220000011,102,1552,-1450
220000012,10,195,-185
220000014,54,23,31
220000015,31,239,-208
220000017,21,124,-103
220000018,3238,506,2732
220000019,45,307,-262
220000020,259,103,156
220000021,486,72,414
220000022,620,111,509
220000023,213,47,166
220000024,473,334,139
220000025,237,968,-731
220000026,243,381,-138
220000027,1,96,-95
220000028,28,301,-273
220000029,7,52,-45
220000030,3,30,-27
220000031,370,202,168
220000064,33,379,-346
221000046,0,0,0
221000047,0,0,0
221000048,0,2,-2
221000049,0,0,0
221000050,4,0,4
221000055,19,59,-40
221000057,96,3,93
221000068,178,66,112
221000069,148,10,138
221000070,86,4,82
221000071,40,1,39
221000072,153,0,153
221000073,151,1,150
221000074,0,0,0
221000075,0,101,-101
221000076,0,22,-22
221000077,0,14,-14
221000081,0,1,-1
221000082,30,0,30
221000083,5,10,-5
221000084,29,5,24
221000085,7,122,-115
221000086,1,101,-100
221000087,0,88,-88
221000088,2,39,-37
221000089,11,42,-31
221000090,11,112,-101
221000098,55,11,44
221000099,153,5,148
221000100,156,1,155
221000101,140,4,136
221000102,46,1,45
221000109,1,35,-34
221000110,0,14,-14
221000111,0,15,-15
221000112,0,28,-28
221000113,0,31,-31
221000114,0,36,-36
221000120,4,37,-33
221000121,0,14,-14
221000122,5,33,-28
221000123,4,55,-51
221000124,5,131,-126
221000155,27,6,21
221000156,51,13,38
221000175,1,3,-2
221000176,1,9,-8
221000182,17,3,14
221000241,252,166,86
221000242,4,84,-80
221000243,252,119,133
221000244,22,207,-185
221000245,108,12,96
221000246,3,196,-193
221000247,172,39,133
221000248,53,107,-54
221000267,8,123,-115
221000325,22,44,-22
221000331,0,17,-17
221000338,2,41,-39
221000378,250,35,215
221000381,17,117,-100
222000282,1,0,1
222000296,0,12,-12
222000568,241,11,230
222000569,36,15,21
222000570,71,5,66
222000571,238,9,229
222000577,3,18,-15
222000578,0,56,-56
222000579,1,26,-25
222000580,11,522,-511
222000599,0,22,-22
222000600,0,18,-18
222000601,1,105,-104
222000603,10,8,2
222000604,0,10,-10
222000605,0,17,-17
222000606,0,2,-2
222000607,0,10,-10
222000608,0,2,-2
222000609,6,35,-29
222000616,560,9,551
222000617,0,1,-1
222000618,0,2,-2
222000620,3,3,0
222000621,24,4,20
222000623,318,1,317
222000624,277,0,277
222000625,657,14,643
222000636,7,5,2
222000686,5,17,-12
222000687,5,4,1
222001066,247,0,247
222001067,88,0,88
222001068,176,7,169
222001069,162,7,155
222001082,19,3,16
222001083,23,2,21
222001084,0,21,-21
222001085,1,88,-87
222001111,63,3,60
222001112,213,16,197
222001313,1,4,-3
222001314,0,25,-25
222001464,395,6,389
222001465,1,34,-33
222001484,160,11,149
222001485,4,8,-4
222001494,606,101,505
222001495,27,26,1
222001496,296,38,258
222001497,9,103,-94
222001502,0,5,-5
222001503,151,13,138
222001504,9,13,-4
222001505,258,12,246
222001506,1,12,-11
222001507,95,13,82
222001510,530,8,522
222001511,2,48,-46
222001514,523,6,517
222001515,3,89,-86
222001518,448,8,440
222001519,2,64,-62
222001527,67,20,47
222001528,1,11,-10
222001529,335,73,262
222001530,3,24,-21
222001533,3,11,-8
222001534,437,10,427
222001535,416,78,338
222001536,2,119,-117
222001537,340,11,329
222001538,5,112,-107
222001563,950,7,943
222001564,5,57,-52
222001568,91,23,68
222001576,0,12,-12
222001579,0,10,-10
222001583,14,38,-24
222001584,164,0,164
222001596,58,114,-56
222001597,761,54,707
222001626,0,16,-16
222001650,0,15,-15
222001651,7,103,-96
222001914,237,23,214
222001915,0,13,-13
222001968,353,117,236
222001969,69,218,-149
222001970,92,126,-34
222001971,68,0,68
222001972,2,2,0
225000001,375,41,334
225000002,365,35,330
225000003,695,59,636
225000004,344,58,286
225000005,15,9,6
225000006,0,0,0
225000007,114,304,-190
225000010,167,23,144
225000011,115,775,-660
225000012,149,488,-339
225000013,50,45,5
225000014,387,44,343
225000015,28,36,-8
225000021,333,52,281
225000027,33,72,-39
225000032,366,54,312
225000042,47,60,-13
225000049,5,5,0
225000050,49,2,47
225000053,0,0,0
225000058,413,64,349
225000067,7,9,-2
225000068,13,19,-6
225000069,27,66,-39
225000070,5,48,-43
225000071,6,28,-22
225000075,12,499,-487
225000076,0,0,0
225000078,22,27,-5
225000085,90,32,58
225000086,283,24,259
225000087,88,3,85
225000088,2,8,-6
225000089,0,0,0
225000090,0,0,0
225000091,0,0,0
225000092,5,21,-16
225000093,44,14,30
225000094,2,26,-24
225000095,48,27,21
225000096,7,20,-13
225000098,409,75,334
225000099,335,35,300
225000100,410,58,352
225000104,75,120,-45
225000110,2,44,-42
225000111,101,58,43
225000112,117,211,-94
225000113,23,249,-226
225000114,2,103,-101
225000115,381,212,169
225000116,107,27,80
225000117,316,225,91
225000118,513,141,372
225000119,257,21,236
225000120,342,15,327
225000121,57,27,30
225000123,407,4,403
225000125,417,171,246
225000126,347,105,242
225000127,250,1308,-1058
225000128,265,845,-580
225000132,313,11,302
225000133,136,7,129
225000134,368,48,320
225000135,71,7,64
225000136,317,11,306
225000137,170,8,162
225000138,220,84,136
225000143,0,0,0
225000144,0,0,0
225000145,25,31,-6
225000146,0,0,0
225000147,0,0,0
225000148,0,0,0
225000149,0,0,0
225000151,0,0,0
225000155,13,24,-11
225000156,20,386,-366
225000157,132,105,27
225000158,8,16,-8
225000171,0,28,-28
225000180,15,7,8
225000181,0,2,-2
225000182,22,10,12
225000185,0,78,-78
225000187,31,62,-31
225000191,5,0,5
225000194,0,10,-10
225000208,0,1,-1
225000209,62,4,58
225000210,0,0,0
225000217,0,1,-1
225000218,2,0,2
225000223,0,84,-84
225000224,2,3,-1
225000225,1,106,-105
225000226,81,9,72
225000227,2,75,-73
225000228,5,1,4
225000229,0,7,-7
225000230,5,0,5
225000231,0,9,-9
225000232,108,1,107
225000241,32,0,32
225000242,1,9,-8
225000249,6,0,6
225000250,0,0,0
225000251,336,40,296
226000042,6,3,3
226000043,1,5,-4
226000044,0,13,-13
226000045,0,10,-10
226000046,730,53,677
226000047,388,82,306
226000048,341,72,269
226000049,388,184,204
226000070,0,0,0
226000071,0,0,0
226000072,0,0,0
226000073,0,0,0
226000074,0,0,0
226000084,0,0,0
226000085,0,0,0
226000086,0,0,0
226000087,0,0,0
226000088,0,0,0
226000090,186,48,138
226000091,2,17,-15
226000092,0,28,-28
226000093,0,26,-26
226000094,1,2,-1
226000095,14,18,-4
226000105,0,2,-2
226000106,0,0,0
226000107,8,0,8
226000108,0,0,0
226000109,93,0,93
226000124,156,63,93
226000134,927,185,742
226000135,1551,195,1356
226000136,464,89,375
226000137,0,0,0
226000138,0,0,0
226000139,0,0,0
226000156,192,1,191
226000157,191,0,191
226000163,0,0,0
226000202,0,0,0
226000231,620,0,620
226000232,65,0,65
227000037,558,5,553
227000038,151,14,137
227000049,0,0,0
227000050,0,0,0
227000055,34,0,34
227000056,4,0,4
227000084,0,0,0
227000085,0,0,0
227000088,19,0,19
227000089,35,1,34
227000090,17,1,16
227000091,30,5,25
227000093,58,1,57
227000094,6,0,6
227000130,0,0,0
227000131,0,0,0
227000132,0,0,0
227000133,0,0,0
227000134,0,0,0
227000152,0,0,0
227000153,0,0,0
227000155,0,0,0
227000156,0,0,0
227000165,0,0,0
227000196,2,23,-21
227000199,392,3,389
227000230,1,24,-23
227000232,398,26,372
227000241,792,9,783
227000242,0,0,0
227000243,358,16,342
227000244,345,8,337
227000245,0,1,-1
227000246,0,3,-3
227000247,460,11,449
227000248,113,73,40
227000249,0,6,-6
227000251,12,34,-22
227000252,0,3,-3
227000253,249,31,218
227000262,541,8,533
227000266,1327,8,1319
227000267,0,42,-42
227000486,209,215,-6
227000655,461,10,451
227000661,39,0,39
227000680,32,158,-126
229000265,31,10,21
229000296,0,8,-8
229000297,1,15,-14
229000298,0,35,-35
229000320,11,1,10
229000321,4,1,3
229000412,4,3,1
229000414,1,23,-22
229000415,0,0,0
229000416,0,0,0
229000417,1,1,0
229000419,95,98,-3
229000440,121,23,98
229000442,2,5,-3
229000443,9,0,9
229000444,0,29,-29
229000445,32,2,30
229000446,12,0,12
229000847,105,2,103
229000848,85,0,85
229000849,152,1,151
229000851,116,0,116
229000854,0,0,0
229000856,0,0,0
229000857,0,0,0
229000858,0,0,0
229000919,0,0,0
229000930,0,0,0
229000937,94,6,88
229000966,32,14,18
229000981,0,0,0
229000985,3,2,1
229000986,0,0,0
229000987,0,1,-1
229000988,0,1,-1
229000989,1,4,-3
229000990,1,1,0
229000991,0,0,0
229000992,20,2,18
229000993,73,5,68
229000998,19,21,-2
229000999,16,0,16
229001034,0,6,-6
229001035,4,0,4
229001037,8,0,8
229001042,10,1,9
229001047,0,6,-6
229001050,61,32,29
229001200,25,0,25
229001338,0,0,0
229001394,196,9,187
229001422,124,34,90
229001423,0,0,0
229001431,9,23,-14
229001432,0,0,0
229001444,141,11,130
229001445,50,21,29
229001503,178,26,152
229001504,0,0,0
229001505,61,1,60
229001506,0,0,0
229001509,49,0,49
229001545,54,7,47
229001546,0,0,0
229001553,53,4,49
229001554,0,0,0
229001559,1,0,1
229001560,1,21,-20
229001630,61,0,61
229001631,1,7,-6
229001635,0,5,-5
229001636,0,0,0
229001658,0,0,0
229001659,43,7,36
229001660,0,0,0
229001661,1,4,-3
229001662,29,0,29
229001663,0,0,0
229002584,41,78,-37
229002831,46,29,17
229002841,0,11,-11
229002842,0,1,-1
229002843,14,4,10
229002844,1,41,-40
229002845,0,23,-23
229002846,0,7,-7
229002847,0,0,0
229002848,9,9,0
229002849,0,46,-46
229002850,2,0,2
229002851,4,38,-34
229002852,41,4,37
229002853,12,2,10
229002854,9,2,7
229002855,0,3,-3
229002856,35,4,31
229002857,24,12,12
229002858,33,0,33
229002859,4,3,1
229002860,18,2,16
229002861,19,6,13
229002862,4,22,-18
229002863,1,4,-3
229002864,23,14,9
229002865,0,0,0
229002866,14,5,9
229002867,0,4,-4
229002868,9,0,9
229002869,1,30,-29
229002870,41,0,41
235000066,169,13,156
235000067,17,32,-15
235000072,0,0,0
235000073,0,0,0
235000074,0,0,0
235000080,0,0,0
235000081,0,0,0
235000082,306,22,284
235000083,149,17,132
235000084,32,78,-46
235000085,104,33,71
235000089,9,15,-6
235000092,0,0,0
235000093,0,0,0
235000097,0,0,0
235000098,22,1,21
235000099,17,17,0
235000116,12,21,-9
235000117,407,9,398
235000133,0,0,0
235000134,0,0,0
235000206,2,1,1
235000207,0,0,0
235000208,0,0,0
235000209,3,1,2
235000210,2,0,2
235000212,0,0,0
235000213,0,0,0
235000220,0,0,0
235000221,0,0,0
235000238,1,235,-234
235000239,0,11,-11
235000242,124,809,-685
235000245,0,0,0
235000246,0,0,0
235000284,2,60,-58
235000295,54,0,54
235000305,144,11,133
235000306,245,4,241
235000307,30,1,29
235000308,6,0,6
235000309,58,0,58
235000310,11,0,11
235000311,21,0,21
235000322,0,14,-14
235000323,0,10,-10
235000324,0,4,-4
235000325,0,1,-1
235000326,3,52,-49
235000351,0,50,-50
235000352,11,15,-4
235000353,14,9,5
235000354,0,5,-5
235000355,6,16,-10
235000356,41,2,39
235000357,33,7,26
235000358,2,0,2
235000359,4,6,-2
235000360,13,0,13
235000361,43,4,39
235000381,0,0,0
235000382,71,9,62
235000390,0,2,-2
235000391,141,8,133
235000392,167,82,85
235000393,102,88,14
235000395,66,16,50
235000396,463,19,444
235000400,45,38,7
235000401,0,0,0
235000405,0,0,0
235000406,0,0,0
235000407,0,0,0
235000409,0,0,0
235000410,0,0,0
235000411,0,0,0
235000485,0,0,0
235000486,0,0,0
235000549,74,134,-60
235000550,0,0,0
235000599,0,0,0
235000600,0,0,0
235000601,34,15,19
235000602,19,43,-24
235000614,0,0,0
235000648,0,0,0
235000649,4,0,4
235000685,0,0,0
235000815,0,4,-4
235000834,0,3,-3
235000855,7,17,-10
235000862,0,0,0
235000891,0,0,0
235000892,0,0,0
235000901,0,0,0
235000907,0,0,0
235001010,40,83,-43
235001029,0,0,0
235001030,103,11,92
235001078,109,10,99
235001079,0,0,0
235001147,2,28,-26
235001166,0,29,-29
235001167,0,0,0
235001169,3,129,-126
235001188,0,0,0
235001189,0,0,0
235001197,0,0,0
235001200,0,0,0
235001207,229,40,189
235001210,0,0,0
235001215,0,0,0
235001239,0,0,0
235001244,0,0,0
235016267,0,13,-13
277102712,0,0,0
277103813,0,0,0
277104249,0,0,0
277104250,0,10,-10
277104251,0,4,-4
277104252,0,0,0
990011530,0,45,-45
990014944,0,40,-40
990015176,9,12,-3
990016032,0,55,-55
990032570,0,12,-12
990070001,33,1,32
990070103,0,1,-1
990070601,0,14,-14
990070751,956,11,945
990070766,0,36,-36
990071180,191,21,170
990071343,14,0,14
990071387,0,0,0
990071823,4,0,4
990072600,1,381,-380
990072964,0,52,-52
990073285,0,1,-1
990074393,0,170,-170
990074870,878,4,874
990075106,160,2,158
990075746,478,2,476
990076437,2068,23,2045
990076458,0,198,-198
997000007,67,2,65
997000041,0,136,-136
997000058,30,0,30
997000062,7,0,7
997000069,0,1,-1
997000070,0,4,-4
997000100,24,0,24
997000141,0,0,0
997000198,0,1,-1
998000475,0,0,0
998000736,0,19,-19
998000965,0,29,-29
998001031,0,35,-35
998001700,0,6,-6
998001899,0,0,0
998001900,1,3,-2
998003073,964,35,929
998101900,0,0,0
998102850,0,30,-30
998501927,221,120,101
998501929,75,1,74
998501930,35,0,35
998501931,46,4,42
998501932,9,1,8
998501933,46,14,32
998501937,8,1,7
998501944,7,6,1
998501950,0,0,0
998501970,63,13,50
998501971,0,17,-17
998501973,0,4,-4
998501974,0,98,-98
998501975,62,0,62
998501976,99,12,87
998501977,0,23,-23
998501978,3,1,2
998501979,0,0,0
998501980,30,3,27
998501981,49,1,48
998501982,0,31,-31
998501983,0,0,0
998502006,0,0,0
998502032,0,0,0
998502062,19,5,14
998502063,0,0,0
998502173,6,0,6
998502269,0,0,0
998502546,0,56,-56
998502578,0,0,0
998502599,5,216,-211
998502621,0,0,0
998601159,0,8,-8
998601292,0,5,-5
999033574,0,298,-298
999800001,17,4,13
999800002,0,0,0
999800003,0,1,-1
999800004,0,1,-1
999800005,0,0,0
