ID,insum,outsum,diff
100000001,44,94,-50
100000002,20,16,4
100000003,63,163,-100
100000004,16,9,7
100000005,71,137,-66
100000006,0,0,0
100000007,2,2,0
100000008,1,8,-7
100000009,0,0,0
100000010,0,0,0
100000011,0,0,0
100000012,0,18,-18
100000013,0,4,-4
100000014,4,6,-2
100000015,1,1,0
100000016,10,22,-12
100000017,4,28,-24
100000018,27,11,16
100000019,78,56,22
100000020,6,3,3
100000021,114,20,94
100000022,13,10,3
100000023,70,8,62
100000025,177,8,169
100000028,100,90,10
100000029,6,15,-9
100000030,0,0,0
100000031,58,85,-27
100000032,126,81,45
100000033,41,88,-47
100000034,125,191,-66
100000035,35,17,18
100000036,38,37,1
100000037,0,0,0
100000038,0,0,0
100000039,0,0,0
100000040,0,0,0
100000041,0,0,0
100000042,0,0,0
100000043,0,0,0
100000044,4,23,-19
100000045,57,29,28
100000046,3,41,-38
100000047,11,50,-39
100000048,20,58,-38
100000049,65,169,-104
100000051,12,58,-46
100000053,1,0,1
100000054,0,0,0
100000055,41,26,15
100000056,0,0,0
100000057,0,0,0
100000058,53,58,-5
100000059,0,0,0
100000060,4,11,-7
100000061,15,23,-8
100000062,34,15,19
100000063,13,7,6
100000064,10,21,-11
100000065,13,31,-18
100000066,7,41,-34
100000067,32,28,4
100000068,22,57,-35
100000069,7,45,-38
100000072,4,7,-3
100000073,40,157,-117
100000075,18,36,-18
100000076,10,46,-36
100000077,0,0,0
100000078,0,0,0
100000079,0,0,0
100000080,0,0,0
100000081,0,0,0
100000102,3,35,-32
100000103,61,33,28
100000104,81,40,41
100000105,85,9,76
100000106,3,16,-13
100000107,2,7,-5
100000108,97,99,-2
100000109,300,183,117
100000116,89,38,51
100000117,0,0,0
100000118,172,518,-346
100000119,36,152,-116
100000121,0,0,0
100000122,6,50,-44
100000123,188,158,30
100000124,774,375,399
100000125,98,8,90
100000126,19,8,11
100000127,29,7,22
100000128,52,29,23
100000129,13,26,-13
100000130,1,0,1
100000131,167,151,16
100000132,38,35,3
100000133,673,521,152
100000135,0,0,0
100000139,0,123,-123
100000140,24,83,-59
100000142,0,0,0
100000143,104,141,-37
100000144,223,148,75
100000147,33,72,-39
100000150,0,19,-19
100000151,0,0,0
100000153,0,0,0
100000154,0,0,0
100000155,0,0,0
100000156,0,0,0
100000157,0,0,0
100000158,0,0,0
100000159,9,13,-4
100000165,129,45,84
100000169,0,0,0
100000174,1,12,-11
100000179,0,0,0
100000180,0,0,0
100000181,1,3,-2
100000188,0,0,0
100000189,0,0,0
100000190,68,41,27
100000191,21,17,4
100000192,0,0,0
100000193,0,0,0
100000330,53,36,17
100000355,8,9,-1
100000362,254,223,31
100000363,41,53,-12
100000364,3,54,-51
100000365,763,1009,-246
100000366,858,375,483
100000367,319,669,-350
100000368,261,208,53
100000369,0,0,0
100000370,0,2,-2
100000376,0,4,-4
100000379,42,44,-2
100000380,182,239,-57
100000384,785,254,531
100000385,333,265,68
100000386,334,306,28
100000387,451,188,263
100000388,718,583,135
100000389,809,452,357
100000390,864,582,282
100000391,545,197,348
100000392,441,222,219
100000393,122,86,36
100000394,806,555,251
100000395,345,170,175
100000396,311,291,20
100000397,259,119,140
100000398,2073,1598,475
100000413,0,0,0
100000414,23,12,11
100900002,0,0,0
100900003,0,0,0
100900004,1,26,-25
100900005,0,0,0
100900006,0,0,0
100900007,0,0,0
100900008,0,21,-21
100900009,0,0,0
100900010,0,0,0
100900011,0,0,0
100900012,0,7,-7
100900013,0,0,0
100900014,0,0,0
100900015,0,0,0
100900016,0,0,0
100900017,0,0,0
100900018,0,0,0
100900019,0,0,0
100900020,0,0,0
100900021,0,0,0
100900022,0,0,0
100900023,0,0,0
100900024,0,0,0
100900025,0,0,0
100900026,0,0,0
100900027,0,0,0
100900028,0,0,0
100900029,0,0,0
100900030,0,0,0
100900031,0,0,0
100900032,0,1,-1
100900033,0,0,0
100900034,0,0,0
100900035,0,0,0
100900036,0,0,0
100900037,0,0,0
100900038,0,0,0
100900039,5,14,-9
100900040,0,40,-40
100900041,0,19,-19
100900042,0,0,0
100900043,0,0,0
100900044,0,0,0
100900045,0,0,0
100900046,0,0,0
100900047,0,0,0
100900048,0,0,0
100900049,0,0,0
100900050,0,0,0
100900051,0,0,0
100900052,0,0,0
100900053,0,0,0
100900054,0,0,0
100900055,0,0,0
100900056,0,0,0
100900057,0,0,0
100900058,0,0,0
100900059,0,0,0
100900060,0,0,0
100900061,0,0,0
100900062,0,0,0
100900063,0,0,0
100900064,0,0,0
100900065,0,0,0
100900066,0,0,0
100900067,0,0,0
100900068,0,0,0
100900069,0,0,0
100900070,0,0,0
100900071,0,0,0
100900072,0,0,0
100900073,0,0,0
100900074,0,0,0
100900075,37,1,36
100900076,0,0,0
100900077,0,0,0
100900078,0,0,0
100900079,0,0,0
100900080,0,0,0
100900081,0,0,0
100900082,0,0,0
100900083,0,0,0
100900085,0,0,0
100900086,0,0,0
100900088,0,0,0
100900089,0,0,0
100900090,0,0,0
100900091,0,0,0
100900092,0,0,0
100900093,0,0,0
100900094,0,0,0
100900095,0,0,0
100900096,0,0,0
100900097,0,0,0
100900098,0,0,0
100900099,0,1,-1
100900100,0,0,0
100900101,0,0,0
100900102,0,0,0
100900103,0,0,0
100900104,0,0,0
100900105,0,0,0
100900106,0,0,0
100900107,0,0,0
100900108,0,0,0
100900109,0,0,0
100900110,0,0,0
100900111,0,0,0
100900112,0,0,0
100900113,0,0,0
100900114,0,0,0
100900115,0,0,0
100900116,0,0,0
100900117,0,0,0
100900118,0,0,0
100900119,0,0,0
100900120,0,0,0
100900121,0,0,0
100900122,3,1,2
100900123,0,0,0
100900124,0,0,0
100900125,0,0,0
100900126,0,0,0
100900127,0,0,0
100900128,0,3,-3
100900129,0,0,0
100900131,0,0,0
100900133,0,0,0
100900134,0,0,0
100900135,0,0,0
100900137,0,0,0
100900138,0,0,0
100900139,0,0,0
100900140,0,18,-18
100900141,0,0,0
100900142,0,0,0
100900143,0,0,0
100900144,0,0,0
100900145,0,0,0
100900146,0,0,0
100900147,0,0,0
100900148,0,22,-22
100900149,0,0,0
100900150,0,0,0
100900151,1,8,-7
100900152,0,0,0
100900153,0,0,0
100900154,0,0,0
100900155,0,0,0
100900156,0,0,0
100900157,0,0,0
100900159,0,0,0
100900160,0,0,0
100900161,0,0,0
100900162,0,0,0
100900163,0,18,-18
100900164,0,0,0
100900165,0,0,0
100900166,0,0,0
100900167,0,0,0
100900168,0,0,0
100900169,5,38,-33
100900170,0,0,0
100900171,0,15,-15
100900172,0,0,0
100900173,0,4,-4
100900174,0,0,0
100900176,0,0,0
100900177,0,0,0
100900178,0,0,0
100900179,0,0,0
100900180,0,0,0
100900181,0,0,0
100900182,0,0,0
100900184,0,0,0
100900186,0,0,0
100900187,0,0,0
100900188,0,0,0
100900189,0,0,0
100900191,0,0,0
100900192,0,0,0
100900195,0,0,0
100900197,0,0,0
100900198,0,0,0
100900199,0,0,0
100900200,2,6,-4
100900201,0,17,-17
100900202,0,0,0
100900203,0,0,0
100900204,0,0,0
100900205,0,0,0
100900206,0,0,0
100900207,0,0,0
100900210,0,16,-16
100900211,0,0,0
100900213,0,0,0
100900214,29,7,22
100900215,0,0,0
100900217,0,0,0
101000001,109,45,64
101000002,219,146,73
101000003,19,11,8
101000004,1183,142,1041
101000005,275,87,188
101000006,429,245,184
101000007,637,289,348
101000009,25,59,-34
101000010,20,28,-8
101000011,85,7,78
101000012,0,0,0
101000013,9,12,-3
101000014,6,6,0
101000015,76,29,47
101000016,0,2,-2
101000017,21,32,-11
101000018,168,150,18
101000020,197,30,167
101000021,9,2,7
101000023,148,137,11
101000025,0,0,0
101000026,6,0,6
101000027,192,43,149
101000028,57,16,41
101000029,6,44,-38
101000030,56,2,54
101000031,8,0,8
101000032,175,132,43
101000033,160,163,-3
101000034,190,92,98
101000035,40,3,37
101000036,77,34,43
101000037,227,23,204
101000039,80,60,20
101000040,157,72,85
101000041,119,65,54
101000042,3,25,-22
101000043,195,129,66
101000045,32,23,9
101000046,175,32,143
101000047,35,15,20
101000048,15,16,-1
101000049,30,38,-8
101000050,9,11,-2
101000051,57,40,17
101000052,106,44,62
101000053,21,15,6
101000054,36,6,30
101000055,127,14,113
101000056,6,4,2
101000057,183,52,131
101000058,53,9,44
101000059,36,12,24
101000060,123,27,96
101000061,7,4,3
101000062,94,40,54
101000063,1,3,-2
101000064,133,52,81
101000065,12,6,6
101000066,3,23,-20
101000067,64,56,8
101000068,11,8,3
101000069,49,2,47
101000070,80,204,-124
101000071,188,84,104
101000072,97,92,5
101000073,18,14,4
101000074,502,193,309
101000075,1020,385,635
101000077,163,150,13
101000078,58,31,27
101000079,72,103,-31
101000080,316,185,131
101000081,66,56,10
101000082,79,60,19
101000083,67,41,26
101000084,106,45,61
101000085,11,0,11
101000086,186,100,86
101000087,146,88,58
101000088,4,5,-1
101000089,6,11,-5
101000090,208,89,119
101000091,6,14,-8
101000092,65,20,45
101000093,48,13,35
101000094,70,97,-27
101000095,15,48,-33
101000096,3,4,-1
101000097,18,48,-30
101000098,11,13,-2
101000099,60,57,3
101000100,67,50,17
101000101,2,7,-5
101000102,77,29,48
101000103,11,6,5
101000104,6,25,-19
101000105,0,0,0
101000106,6,10,-4
101000107,2,7,-5
101000108,0,0,0
101000109,5,1,4
101000110,0,0,0
101000111,0,9,-9
101000113,0,0,0
101000114,493,102,391
101000115,0,0,0
101000116,0,0,0
101000117,0,0,0
101000119,7,3,4
101000120,14,2,12
101000121,30,2,28
101000122,3,0,3
101000123,6,2,4
101000124,147,133,14
101000125,10,64,-54
101000128,18,19,-1
101000130,92,29,63
101000131,10,5,5
101000132,37,101,-64
101000135,9,1,8
101000136,14,54,-40
101000137,3,5,-2
101000141,33,25,8
101000147,56,47,9
101000148,32,0,32
101000149,0,0,0
101000150,0,0,0
101000151,2,0,2
101000152,8,10,-2
101000153,9,2,7
101000154,3,21,-18
101000155,14,11,3
101000156,10,15,-5
101000157,0,0,0
101000160,0,0,0
101000163,0,0,0
101000164,5,40,-35
101000165,29,21,8
101000166,3,2,1
101000168,16,15,1
101000252,0,0,0
101000254,97,12,85
101000258,0,0,0
101000261,0,0,0
101000262,10,37,-27
101000263,0,10,-10
101000265,0,47,-47
101000266,7,11,-4
101000269,60,9,51
101000290,55,8,47
101000293,0,0,0
101000294,82,36,46
101000295,2,15,-13
101000301,37,23,14
101000304,278,291,-13
101000305,170,117,53
101000328,4,10,-6
101900001,0,0,0
101900002,0,0,0
101900003,2,2,0
101900004,0,0,0
101900005,59,5,54
101900006,5,22,-17
101900007,0,0,0
101900008,0,0,0
101900009,0,0,0
101900010,0,0,0
101900011,0,0,0
101900012,0,0,0
101900013,29,1,28
101900017,0,0,0
101900018,0,0,0
101900019,0,0,0
101900020,0,0,0
101900021,0,0,0
101900022,0,0,0
101900023,0,0,0
101900026,0,0,0
101900027,0,0,0
102000001,121,148,-27
102000002,38,41,-3
102000003,484,224,260
102000004,300,43,257
102000005,192,115,77
102000006,104,45,59
102000007,137,201,-64
102000008,215,80,135
102000009,281,331,-50
102000010,236,198,38
102000011,190,207,-17
102000012,136,115,21
102000018,27,9,18
102000019,6,5,1
102000026,0,0,0
102000029,1,0,1
102000030,3,1,2
102000031,0,0,0
102000032,0,1,-1
102000033,0,0,0
102000034,1,2,-1
102000035,0,0,0
102000036,0,0,0
102000037,0,0,0
102000038,1,3,-2
102000039,0,0,0
102000040,4,3,1
102000041,0,0,0
102000042,0,0,0
102000043,2,3,-1
102000044,0,0,0
102000045,12,3,9
102000046,28,1,27
102000047,14,26,-12
102000048,0,4,-4
102000049,5,0,5
102000050,12,30,-18
102000051,6,2,4
102000052,13,30,-17
102000053,2,12,-10
102000054,12,43,-31
102000055,25,55,-30
102000056,12,27,-15
102000057,43,7,36
102000058,28,51,-23
102000059,70,64,6
102000060,9,7,2
102000061,65,110,-45
102000062,13,20,-7
102000063,67,84,-17
102000064,23,38,-15
102000065,0,4,-4
102000066,128,27,101
102000067,109,96,13
102000068,246,105,141
102000069,0,2,-2
102000070,51,9,42
102000071,449,426,23
102000072,372,545,-173
102000073,8,45,-37
102000074,10,39,-29
102000075,5,20,-15
102000076,3,41,-38
102000077,4,50,-46
102000078,21,84,-63
102000079,2,6,-4
102000080,8,14,-6
102000081,6,53,-47
102000082,30,18,12
102000083,20,29,-9
102000084,0,0,0
102000085,40,47,-7
102000086,24,4,20
102000087,23,81,-58
102000088,9,5,4
102000089,0,0,0
102000090,50,34,16
102000091,54,29,25
102000092,51,26,25
102000093,9,35,-26
102000094,0,0,0
102000095,31,65,-34
102000096,0,0,0
102000097,52,50,2
102000098,5,3,2
102000099,13,6,7
102000100,2,1,1
102000101,18,13,5
102000102,5,0,5
102000103,31,22,9
102000104,11,4,7
102000105,1,10,-9
102000106,2,11,-9
102000107,0,0,0
102000108,2,4,-2
102000109,0,0,0
102000110,0,0,0
102000111,0,0,0
102000112,3,0,3
102000113,0,1,-1
102000114,0,0,0
102000115,3,4,-1
102000116,0,3,-3
102000117,5,32,-27
102000118,3,23,-20
102000119,204,21,183
102000120,1,2,-1
102000121,17,15,2
102000122,5,3,2
102000123,20,9,11
102000124,15,3,12
102000125,36,4,32
102000126,12,4,8
102000127,34,2,32
102000128,5,10,-5
102000129,6,13,-7
102000130,6,11,-5
102000131,7,9,-2
102000132,5,6,-1
102000133,32,93,-61
102000134,17,10,7
102000135,0,0,0
102000136,3,2,1
102000137,5,3,2
102000138,0,0,0
102000139,0,0,0
102000140,3,3,0
102000141,0,4,-4
102000142,3,2,1
102000143,0,8,-8
102000144,1,4,-3
102000145,0,3,-3
102000146,0,0,0
102000147,4,0,4
102000148,0,0,0
102000149,0,0,0
102000150,0,0,0
102000151,0,0,0
102000152,0,0,0
102000153,0,0,0
102000154,1,8,-7
102000155,4,10,-6
102000156,8,2,6
102000157,0,2,-2
102000158,10,1,9
102000159,23,2,21
102000161,133,40,93
102000162,19,13,6
102000163,0,0,0
102000164,0,0,0
102000165,34,14,20
102000166,2,11,-9
102000167,9,23,-14
102000168,8,9,-1
102000169,12,35,-23
102000170,80,23,57
102000171,7,6,1
102000172,4,18,-14
102000173,12,10,2
102000174,4,1,3
102000175,1,0,1
102000176,0,0,0
102000178,12,38,-26
102000179,3,10,-7
102000180,12,16,-4
102000181,2,23,-21
102000182,77,28,49
102000183,11,55,-44
102000184,43,62,-19
102000185,24,22,2
102000186,59,110,-51
102000187,55,121,-66
102000188,2,24,-22
102000189,159,59,100
102000190,7,28,-21
102000191,45,3,42
102000192,74,65,9
102000193,0,0,0
102000194,0,0,0
102000195,5,8,-3
102000196,0,0,0
102000197,8,6,2
102000198,0,3,-3
102000199,3,9,-6
102000200,0,0,0
102000201,4,11,-7
102000202,0,1,-1
102000203,1,24,-23
102000204,0,1,-1
102000205,0,1,-1
102000206,37,11,26
102000207,1,0,1
102000208,6,16,-10
102000209,12,2,10
102000210,0,28,-28
102000211,0,14,-14
102000212,0,0,0
102000213,0,6,-6
102000214,0,0,0
102000215,0,29,-29
102000216,0,0,0
102000217,0,17,-17
102000218,0,0,0
102000219,9,17,-8
102000225,0,0,0
102000226,0,0,0
102000227,0,0,0
102000228,0,3,-3
102000229,0,0,0
102000230,2,6,-4
102000231,1,2,-1
102000232,0,0,0
102000233,2,1,1
102000234,0,0,0
102000236,1,0,1
102000237,5,7,-2
102000238,0,0,0
102000240,63,67,-4
102000241,6,5,1
102000243,0,0,0
102000245,0,4,-4
102000246,0,0,0
102000247,21,45,-24
102000248,29,46,-17
102000249,2,13,-11
102000250,1,20,-19
102000254,0,0,0
102000266,0,0,0
102000271,0,0,0
102000286,0,0,0
102000297,11,6,5
102000301,0,0,0
102000307,0,3,-3
102000316,0,0,0
102900001,0,0,0
102900002,0,0,0
102900003,0,6,-6
102900005,0,0,0
102900006,0,0,0
102900007,0,0,0
102900008,0,0,0
102900009,0,0,0
102900010,0,0,0
102900011,0,0,0
102900012,0,0,0
102900013,0,0,0
102900015,0,0,0
102900016,0,0,0
102900017,0,0,0
102900018,0,0,0
102900019,0,0,0
102900020,0,0,0
102900021,0,0,0
102900022,0,1,-1
102900023,0,0,0
102900024,0,0,0
102900025,0,0,0
102900026,0,0,0
102900027,0,0,0
102900028,0,0,0
102900029,1,0,1
102900030,0,0,0
102900031,0,0,0
102900032,0,2,-2
102900033,0,0,0
102900034,0,0,0
102900035,0,7,-7
102900036,0,0,0
102900037,0,0,0
102900038,0,0,0
102900039,0,0,0
102900040,0,0,0
102900041,0,0,0
102900042,0,0,0
102900043,0,0,0
102900044,0,0,0
102900045,0,0,0
102900046,0,0,0
102900047,0,0,0
102900048,0,0,0
102900049,0,0,0
102900050,0,0,0
102900051,0,0,0
102900053,0,0,0
102900054,0,0,0
102900055,0,0,0
102900056,0,0,0
102900057,0,0,0
102900058,0,0,0
102900059,0,0,0
102900060,0,0,0
102900061,0,0,0
102900062,0,0,0
102900063,0,0,0
102900064,0,0,0
102900065,0,0,0
102900066,0,0,0
102900068,0,0,0
102900070,0,11,-11
102900072,6,1,5
102900073,0,1,-1
102900075,0,0,0
102900076,0,0,0
102900077,0,0,0
102900078,0,0,0
102900079,0,0,0
102900080,0,0,0
102900081,0,0,0
102900082,0,0,0
102900083,0,0,0
102900084,0,0,0
102900085,0,0,0
102900086,0,0,0
102900087,0,0,0
102900088,0,0,0
102900089,0,0,0
102900090,0,15,-15
102900091,0,0,0
102900092,1,15,-14
102900094,0,0,0
102900095,0,0,0
102900096,2,1,1
102900097,0,2,-2
103000001,175,280,-105
103000002,172,120,52
103000003,256,176,80
103000004,20,31,-11
103000005,57,39,18
103000006,32,39,-7
103000007,26,19,7
103000008,29,70,-41
103000009,0,0,0
103000010,7,6,1
103000011,69,41,28
103000012,77,27,50
103000013,485,149,336
103000014,12,4,8
103000015,125,56,69
103000016,17,0,17
103000017,0,0,0
103000018,0,0,0
103000019,0,0,0
103000020,77,117,-40
103000021,1,6,-5
103000022,72,81,-9
103000023,2,23,-21
103000024,0,0,0
103000025,0,0,0
103000026,0,0,0
103000027,0,0,0
103000028,0,0,0
103000029,0,0,0
103000030,169,32,137
103000031,49,22,27
103000032,111,100,11
103000033,10,11,-1
103000034,187,41,146
103000035,38,59,-21
103000036,12,10,2
103000037,55,37,18
103000038,20,59,-39
103000039,6,46,-40
103000040,3,10,-7
103000041,188,196,-8
103000042,50,39,11
103000043,0,4,-4
103000044,5,1,4
103000046,22,12,10
103000047,0,0,0
103000048,8,0,8
103000049,0,0,0
103000050,2,2,0
103000051,2,4,-2
103000052,3,2,1
103000053,1,10,-9
103000054,62,54,8
103000055,17,8,9
103000056,10,22,-12
103000057,9,22,-13
103000058,36,55,-19
103000059,4,6,-2
103000060,58,49,9
103000061,3,3,0
103000062,73,56,17
103000063,13,9,4
103000064,19,26,-7
103000065,0,0,0
103000066,0,0,0
103000069,0,0,0
103000070,37,86,-49
103000071,12,5,7
103000072,7,50,-43
103000073,0,0,0
103000074,0,0,0
103000075,22,69,-47
103000076,0,0,0
103000077,7,23,-16
103000078,0,0,0
103000079,59,10,49
103000080,0,0,0
103000081,29,29,0
103000082,0,0,0
103000083,2,11,-9
103000084,0,0,0
103000085,0,2,-2
103000086,10,1,9
103000087,12,24,-12
103000088,46,22,24
103000089,13,9,4
103000090,120,62,58
103000091,48,36,12
103000092,0,0,0
103000093,18,33,-15
103000094,0,0,0
103000095,4,13,-9
103000096,0,0,0
103000097,1,18,-17
103000098,0,0,0
103000099,0,15,-15
103000100,1,75,-74
103000101,0,0,0
103000102,18,65,-47
103000103,0,1,-1
103000104,1,32,-31
103000105,0,1,-1
103000106,0,16,-16
103000107,1,7,-6
103000108,23,15,8
103000109,36,5,31
103000110,93,42,51
103000111,33,21,12
103000112,1,3,-2
103000113,30,41,-11
103000114,16,3,13
103000115,4,5,-1
103000116,4,5,-1
103000117,0,5,-5
103000118,26,65,-39
103000119,130,58,72
103000120,3,11,-8
103000121,37,22,15
103000122,2,1,1
103000125,0,0,0
103000126,0,0,0
103000127,0,0,0
103000128,0,0,0
103000129,0,0,0
103000130,0,0,0
103000131,0,0,0
103000132,0,0,0
103000133,0,0,0
103000134,34,40,-6
103000135,14,6,8
103000136,58,61,-3
103000137,73,35,38
103000138,84,30,54
103000139,0,7,-7
103000140,0,0,0
103000141,1,5,-4
103000142,0,0,0
103000143,2,4,-2
103000144,0,0,0
103000145,0,0,0
103000150,2,5,-3
103000152,17,22,-5
103000153,2,6,-4
103000156,0,0,0
103000157,0,0,0
103000159,0,0,0
103000162,0,0,0
103000163,0,0,0
103000164,0,0,0
103000165,0,0,0
103000166,0,0,0
103000167,0,4,-4
103000168,4,5,-1
103000169,0,0,0
103000170,8,13,-5
103000171,0,0,0
103000172,0,0,0
103000173,10,45,-35
103000174,0,0,0
103000175,33,75,-42
103000176,0,0,0
103000177,25,32,-7
103000178,32,44,-12
103000179,2,0,2
103000183,0,1,-1
103000185,0,1,-1
103000186,0,0,0
103000187,16,46,-30
103000188,0,11,-11
103000189,67,93,-26
103000191,0,0,0
103000292,150,3,147
103000293,0,0,0
103000295,0,0,0
103000296,0,0,0
103000297,0,0,0
103000504,0,0,0
103000505,0,0,0
103000506,0,0,0
103000507,0,0,0
103000508,3,3,0
103000509,10,37,-27
103000514,0,0,0
103900001,0,0,0
103900002,0,0,0
103900003,0,0,0
103900004,0,0,0
103900005,0,0,0
103900006,0,0,0
103900007,0,0,0
103900008,0,0,0
103900009,0,4,-4
103900010,0,15,-15
103900011,0,14,-14
103900012,0,0,0
103900013,0,5,-5
103900014,0,0,0
103900015,0,0,0
103900016,2,4,-2
103900017,0,3,-3
103900018,13,1,12
103900019,0,0,0
103900020,0,0,0
103900021,0,0,0
103900022,0,5,-5
103900023,0,0,0
103900024,0,0,0
103900025,0,0,0
103900026,0,0,0
103900027,0,0,0
103900028,0,5,-5
103900029,11,12,-1
103900030,0,0,0
103900031,0,0,0
103900032,0,0,0
103900033,0,0,0
103900034,0,0,0
103900035,0,0,0
103900036,0,0,0
103900037,0,0,0
103900038,0,0,0
103900039,0,43,-43
103900040,0,2,-2
103900041,0,0,0
103900042,0,19,-19
103900043,0,0,0
103900044,0,0,0
103900045,0,0,0
103900047,0,0,0
103900048,0,0,0
103900049,0,0,0
103900050,0,16,-16
103900051,0,5,-5
103900052,3,5,-2
103900053,0,9,-9
103900054,0,0,0
103900055,2,5,-3
103900056,0,2,-2
103900057,0,0,0
103900058,0,22,-22
103900059,0,0,0
103900060,0,0,0
103900061,0,0,0
103900062,0,0,0
103900063,0,0,0
103900064,0,0,0
103900065,20,9,11
103900066,0,0,0
103900067,0,0,0
103900068,0,0,0
103900069,0,0,0
103900070,0,0,0
103900071,0,5,-5
103900072,0,12,-12
103900073,0,0,0
103900074,0,0,0
103900075,0,0,0
103900076,0,5,-5
103900077,0,0,0
103900078,0,0,0
103900079,0,0,0
103900080,0,0,0
103900081,0,0,0
103900082,0,0,0
103900083,0,0,0
103900084,0,0,0
103900085,0,0,0
103900086,0,0,0
103900088,0,0,0
103900089,0,0,0
103900090,0,0,0
103900091,0,0,0
103900092,0,5,-5
103900093,0,0,0
103900094,0,0,0
103900095,1,4,-3
103900096,0,0,0
103900097,0,0,0
103900098,0,2,-2
103900099,0,0,0
103900100,1,12,-11
103900101,0,0,0
103900102,0,0,0
103900104,0,0,0
103900105,0,2,-2
103900106,0,0,0
103900107,0,0,0
103900108,2,34,-32
103900109,0,0,0
103900110,0,4,-4
103900111,0,6,-6
103900112,0,0,0
103900113,2,0,2
103900114,1,5,-4
103900115,2,1,1
103900116,23,0,23
103900117,12,4,8
103900119,0,0,0
103900120,0,0,0
103900122,0,14,-14
103900123,3,4,-1
103900124,0,7,-7
103900125,1,3,-2
103900126,0,0,0
103900127,4,19,-15
103900128,0,5,-5
103900131,0,3,-3
103900133,0,0,0
103900134,0,0,0
103900135,0,0,0
103900137,0,0,0
103900138,0,0,0
103900139,0,9,-9
103900140,0,0,0
103900141,0,0,0
103900142,0,0,0
103900143,0,0,0
103900144,0,0,0
103900145,0,0,0
103900146,0,0,0
103900147,2,3,-1
103900148,0,7,-7
103900149,0,0,0
103900150,0,7,-7
103900151,0,0,0
103900152,0,0,0
103900153,0,0,0
103900154,8,1,7
103900155,0,0,0
103900156,0,0,0
103900157,0,0,0
103900158,0,0,0
103900159,0,0,0
103900160,0,0,0
103900161,0,0,0
103900162,9,10,-1
103900163,0,0,0
103900167,0,0,0
103900168,0,0,0
103900169,0,0,0
103900170,0,0,0
103900171,0,0,0
103900172,0,0,0
103900173,0,0,0
103900174,0,0,0
103900175,0,0,0
103900176,0,0,0
103900177,0,0,0
103900178,0,0,0
103900179,0,0,0
103900180,0,0,0
103900181,0,0,0
103900182,0,0,0
103900184,0,0,0
103900185,0,0,0
103900187,0,0,0
103900188,0,0,0
103900189,0,0,0
103900190,0,0,0
103900191,0,0,0
103900192,0,0,0
103900193,0,0,0
103900194,0,0,0
103900195,0,0,0
103900196,0,0,0
103900197,0,0,0
103900198,0,0,0
103900199,0,0,0
103900200,0,0,0
103900201,0,0,0
103900202,0,0,0
103900203,1,0,1
103900204,0,0,0
103900207,0,0,0
103900208,0,0,0
103900209,0,0,0
103900210,0,0,0
103900211,0,0,0
103900212,1,27,-26
103900213,19,64,-45
103900214,51,3,48
103900215,197,78,119
103900216,0,4,-4
103900217,0,0,0
103900218,0,0,0
103900219,0,0,0
103900233,0,0,0
103900235,0,0,0
103900236,0,0,0
103900242,0,0,0
103900243,0,0,0
103900244,0,0,0
103900245,0,0,0
103900246,0,0,0
103900247,0,0,0
103900248,0,0,0
103900249,0,0,0
103900250,0,0,0
103900251,0,0,0
103900253,0,0,0
103900254,0,0,0
103900255,0,0,0
103900256,0,0,0
103900257,0,0,0
103900258,0,0,0
103900259,0,0,0
103900261,0,0,0
103900262,0,0,0
103900263,0,0,0
103900264,0,0,0
103900265,0,0,0
103900266,0,0,0
103900267,0,2,-2
103900268,0,1,-1
103900269,0,0,0
103900270,0,0,0
103900271,0,2,-2
103900272,0,0,0
103900273,0,0,0
103900274,0,0,0
103900275,0,0,0
103900276,0,0,0
103900277,0,0,0
103900278,0,0,0
103900279,0,0,0
103900280,0,0,0
103900281,0,0,0
103900282,0,0,0
103900283,0,0,0
103900284,0,0,0
103900285,0,0,0
103900286,0,0,0
103900287,0,0,0
103900288,0,0,0
103900289,0,0,0
103900290,0,0,0
103900291,0,0,0
103900292,0,0,0
103900293,0,0,0
103900294,0,0,0
104000001,203,250,-47
104000002,247,282,-35
104000003,190,430,-240
104000004,774,289,485
104000005,90,149,-59
104000006,190,281,-91
104000007,265,329,-64
104000008,287,194,93
104000009,9,26,-17
104000010,0,0,0
104000011,144,104,40
104000012,10,64,-54
104000013,0,0,0
104000014,22,91,-69
104000015,0,0,0
104000016,21,46,-25
104000018,10,4,6
104000019,28,4,24
104000020,0,1,-1
104000021,9,5,4
104000022,6,0,6
104000023,13,14,-1
104000024,6,5,1
104000026,0,1,-1
104000027,32,97,-65
104000028,31,34,-3
104000029,53,135,-82
104000030,7,23,-16
104000031,1,2,-1
104000032,18,75,-57
104000033,3,0,3
104000034,16,67,-51
104000035,1,0,1
104000036,7,7,0
104000037,26,52,-26
104000038,0,1,-1
104000039,2,12,-10
104000040,4,0,4
104000041,34,24,10
104000042,8,22,-14
104000043,12,17,-5
104000044,21,24,-3
104000045,23,44,-21
104000046,46,54,-8
104000047,1,5,-4
104000048,19,11,8
104000049,2,1,1
104000050,0,14,-14
104000051,12,66,-54
104000052,59,113,-54
104000053,60,48,12
104000054,5,5,0
104000055,158,158,0
104000056,48,43,5
104000057,27,64,-37
104000058,153,168,-15
104000059,9,86,-77
104000060,83,115,-32
104000061,31,58,-27
104000062,3,1,2
104000064,16,8,8
104000065,0,1,-1
104000069,43,18,25
104000070,0,1,-1
104000071,11,34,-23
104000072,2,0,2
104000075,0,0,0
104000076,0,0,0
104000082,94,153,-59
104000083,10,3,7
104000084,3,7,-4
104000085,12,3,9
104000086,1,10,-9
104000087,1,10,-9
104000090,24,66,-42
104000092,7,153,-146
104000094,13,118,-105
104000095,203,194,9
104000096,0,9,-9
104000097,0,0,0
104000098,0,0,0
104000100,0,0,0
104000101,56,149,-93
104000106,2,1,1
104000107,16,52,-36
104000108,5,13,-8
104000109,0,0,0
104000110,59,24,35
104000111,33,27,6
104000112,19,10,9
104000116,0,103,-103
104000117,2,32,-30
104000118,0,10,-10
104000119,1,9,-8
104000120,1,16,-15
104000121,1,7,-6
104000122,5,35,-30
104000123,60,151,-91
104000124,88,103,-15
104000125,62,48,14
104000126,4,35,-31
104000127,263,325,-62
104000128,12,36,-24
104000129,5,4,1
104000130,0,11,-11
104000131,250,222,28
104000132,251,258,-7
104000133,67,46,21
104000134,76,73,3
104000135,27,43,-16
104000136,112,120,-8
104000137,262,57,205
104000138,127,52,75
104000139,501,125,376
104000141,66,124,-58
104000142,54,282,-228
104000143,50,178,-128
104000144,0,0,0
104000145,0,0,0
104000146,38,173,-135
104000147,18,56,-38
104000148,0,0,0
104000149,10,32,-22
104000150,0,0,0
104000151,21,71,-50
104000152,27,119,-92
104000153,0,0,0
104000154,99,80,19
104000155,0,0,0
104000157,44,150,-106
104000158,9,39,-30
104000159,17,27,-10
104000160,372,97,275
104000161,0,0,0
104000162,0,0,0
104000165,0,0,0
104000167,77,101,-24
104000168,0,0,0
104000169,0,0,0
104000170,20,10,10
104000248,0,43,-43
104000251,9,41,-32
104000272,4,0,4
104000273,2,0,2
104000274,3,0,3
104000275,14,2,12
104000279,14,5,9
104000290,8,47,-39
104000291,68,126,-58
104000293,4,20,-16
104000294,0,0,0
104000295,33,103,-70
104000296,17,63,-46
104000297,110,188,-78
104000298,167,85,82
104000299,54,160,-106
104000302,2,3,-1
104000303,81,48,33
104900001,0,0,0
104900002,0,0,0
104900003,0,0,0
104900004,0,0,0
104900005,0,3,-3
104900006,0,0,0
104900007,0,2,-2
104900009,0,0,0
104900010,0,0,0
104900011,0,0,0
104900012,0,0,0
104900013,0,0,0
104900014,0,0,0
104900015,0,0,0
104900016,0,0,0
104900017,0,0,0
104900018,0,0,0
104900019,0,0,0
104900020,0,0,0
104900021,0,0,0
104900022,0,0,0
104900023,0,0,0
104900024,0,0,0
104900025,0,0,0
104900026,0,0,0
104900027,0,0,0
104900028,0,0,0
104900029,0,0,0
104900030,0,0,0
104900031,0,0,0
104900032,0,0,0
104900033,0,0,0
104900034,0,0,0
104900035,0,0,0
104900036,0,0,0
104900037,0,0,0
104900038,0,0,0
104900039,0,0,0
104900040,0,0,0
104900041,0,0,0
104900042,0,0,0
104900043,0,0,0
104900044,0,0,0
104900045,0,0,0
104900046,0,0,0
104900047,0,0,0
104900048,0,0,0
104900049,0,0,0
104900050,0,0,0
104900051,0,0,0
104900052,0,0,0
104900053,0,0,0
104900054,0,0,0
104900055,0,0,0
104900056,0,0,0
104900057,0,0,0
104900058,0,0,0
104900059,0,0,0
104900061,0,0,0
104900063,0,0,0
104900064,0,0,0
104900065,0,0,0
104900066,0,0,0
104900067,0,0,0
104900068,0,0,0
104900070,0,0,0
104900071,0,20,-20
104900072,0,0,0
104900073,0,0,0
104900074,0,0,0
104900075,0,0,0
104900076,0,0,0
104900077,0,0,0
104900078,0,0,0
104900079,0,0,0
104900080,0,0,0
104900082,0,0,0
104900085,0,0,0
104900089,0,0,0
104900091,0,0,0
104900093,0,0,0
104900097,0,0,0
104900098,0,0,0
104900099,0,0,0
104900100,0,0,0
104900102,0,0,0
104900103,0,0,0
104900106,0,0,0
104900107,0,0,0
104900108,0,0,0
104900109,0,0,0
104900110,0,0,0
104900111,0,0,0
104900112,0,0,0
104900113,1,2,-1
104900114,0,0,0
104900115,0,0,0
104900116,0,0,0
104900118,0,0,0
104900119,0,0,0
104900120,0,0,0
104900121,0,0,0
104900122,0,0,0
104900123,0,0,0
104900124,0,0,0
104900125,0,0,0
104900126,0,0,0
104900127,0,0,0
104900128,0,0,0
104900129,0,0,0
105000001,132,254,-122
105000002,113,152,-39
105000003,157,185,-28
105000004,60,81,-21
105000005,42,102,-60
105000006,47,129,-82
105000007,30,104,-74
105000008,20,157,-137
105000009,53,62,-9
105000010,199,276,-77
105000011,67,57,10
105000012,355,539,-184
105000013,51,44,7
105000014,71,38,33
105000015,410,111,299
105000016,252,155,97
105000017,189,55,134
105000018,48,61,-13
105000019,8,11,-3
105000020,7,60,-53
105000021,0,0,0
105000022,0,0,0
105000023,0,1,-1
105000028,9,13,-4
105000029,17,32,-15
105000030,283,445,-162
105000031,0,0,0
105000033,99,442,-343
105000034,0,0,0
105000037,13,2,11
105000038,42,29,13
105000039,294,250,44
105000040,2,3,-1
105000041,47,271,-224
105000042,34,25,9
105000043,172,317,-145
105000044,26,5,21
105000045,12,127,-115
105000046,27,2,25
105000047,27,173,-146
105000048,0,1,-1
105000049,28,92,-64
105000050,0,0,0
105000051,38,86,-48
105000052,1,4,-3
105000053,1,37,-36
105000054,0,18,-18
105000055,12,17,-5
105000056,1,27,-26
105000057,47,49,-2
105000058,52,85,-33
105000059,12,14,-2
105000060,12,55,-43
105000061,9,10,-1
105000062,44,83,-39
105000063,29,71,-42
105000064,29,16,13
105000065,38,77,-39
105000066,45,94,-49
105000067,37,22,15
105000068,72,38,34
105000069,113,38,75
105000070,15,37,-22
105000071,0,0,0
105000072,17,1,16
105000073,5,3,2
105000074,57,96,-39
105000075,44,61,-17
105000076,101,67,34
105000077,286,51,235
105000078,34,65,-31
105000079,187,255,-68
105000080,17,6,11
105000081,140,82,58
105000082,11,22,-11
105000083,5,6,-1
105000084,31,118,-87
105000085,15,9,6
105000086,41,60,-19
105000087,94,131,-37
105000088,10,0,10
105000089,246,286,-40
105000090,156,121,35
105000091,223,175,48
105000092,44,106,-62
105000093,8,10,-2
105000094,3,1,2
105000095,4,29,-25
105000096,4,1,3
105000097,31,74,-43
105000098,0,0,0
105000099,48,60,-12
105000100,73,63,10
105000101,34,51,-17
105000102,72,96,-24
105000103,13,69,-56
105000104,42,49,-7
105000105,5,50,-45
105000106,23,56,-33
105000107,12,13,-1
105000108,36,25,11
105000109,23,47,-24
105000110,23,6,17
105000111,3,13,-10
105000112,63,8,55
105000113,2,21,-19
105000114,0,0,0
105000115,14,15,-1
105000116,2,2,0
105000117,54,43,11
105000118,0,2,-2
105000119,8,34,-26
105000120,3,0,3
105000121,35,32,3
105000122,11,22,-11
105000123,27,47,-20
105000124,15,39,-24
105000125,12,76,-64
105000126,45,86,-41
105000127,37,56,-19
105000128,9,69,-60
105000129,22,24,-2
105000130,0,0,0
105000131,23,30,-7
105000132,0,0,0
105000133,18,66,-48
105000134,0,0,0
105000135,23,56,-33
105000136,3,34,-31
105000137,0,0,0
105000138,20,51,-31
105000139,20,62,-42
105000140,0,0,0
105000141,7,49,-42
105000142,0,0,0
105000143,11,61,-50
105000144,12,79,-67
105000145,0,0,0
105000146,32,75,-43
105000147,0,0,0
105000148,0,0,0
105000149,0,0,0
105000150,136,142,-6
105000151,1,6,-5
105000152,1,32,-31
105000153,6,8,-2
105000154,2,32,-30
105000155,23,11,12
105000156,16,34,-18
105000157,21,87,-66
105000158,24,17,7
105000159,8,89,-81
105000160,36,20,16
105000161,27,97,-70
105000162,1,12,-11
105000163,43,46,-3
105000164,16,8,8
105000165,18,79,-61
105000166,174,4,170
105000167,38,40,-2
105000168,2,50,-48
105000169,17,36,-19
105000170,0,0,0
105000171,21,5,16
105000172,0,0,0
105000173,0,0,0
105000174,0,0,0
105000175,1,5,-4
105000176,0,1,-1
105000177,1,7,-6
105000178,0,0,0
105000179,4,7,-3
105000180,3,12,-9
105000181,0,0,0
105000182,0,7,-7
105000183,4,0,4
105000184,96,129,-33
105000185,56,54,2
105000186,42,143,-101
105000187,65,24,41
105000188,3,8,-5
105000189,3,56,-53
105000190,0,0,0
105000191,17,42,-25
105000192,14,8,6
105000193,18,20,-2
105000194,16,26,-10
105000195,23,67,-44
105000196,2,12,-10
105000197,8,38,-30
105000198,71,19,52
105000199,17,20,-3
105000200,2,11,-9
105000201,1,1,0
105000203,1,8,-7
105000204,9,10,-1
105000205,5,7,-2
105000207,30,56,-26
105000208,0,0,0
105000209,12,38,-26
105000211,0,0,0
105000212,25,54,-29
105000213,0,0,0
105000214,0,0,0
105000215,4,20,-16
105000216,8,18,-10
105000217,10,35,-25
105000218,6,37,-31
105000221,1,9,-8
105000222,0,2,-2
105000223,5,13,-8
105000226,0,0,0
105000227,0,0,0
105000228,1,16,-15
105000229,0,0,0
105000231,0,0,0
105000233,19,23,-4
105000234,53,221,-168
105000235,1,15,-14
105000237,0,0,0
105000243,0,0,0
105000248,10,21,-11
105000262,12,22,-10
105000269,1,3,-2
105000270,2,6,-4
105000271,0,0,0
105000282,0,0,0
105000287,21,1,20
105000288,3,25,-22
105000289,48,69,-21
105000290,0,0,0
105000402,82,32,50
105000426,16,13,3
105000438,38,23,15
105000440,0,0,0
105000446,314,344,-30
105000447,468,193,275
105000454,0,8,-8
105000455,0,0,0
105000474,0,0,0
105000477,0,0,0
105000478,44,54,-10
105000479,0,1,-1
105000480,150,169,-19
105000481,351,125,226
105000482,636,353,283
105000483,146,155,-9
105000484,167,268,-101
105000485,278,273,5
105000486,310,312,-2
105000488,159,270,-111
105000489,15,18,-3
105000549,0,0,0
105000550,76,118,-42
105000551,0,0,0
105000552,520,234,286
105000555,15,5,10
105000556,0,0,0
105000557,0,0,0
105900001,0,0,0
105900002,2,1,1
105900003,0,4,-4
105900004,15,3,12
105900005,0,0,0
105900006,0,0,0
105900007,0,0,0
105900008,0,20,-20
105900009,0,0,0
105900011,0,0,0
105900012,0,0,0
105900013,0,0,0
105900014,0,0,0
105900015,1,10,-9
105900016,0,0,0
105900017,0,0,0
105900018,1,2,-1
105900019,0,0,0
105900020,2,0,2
105900021,0,0,0
105900022,2,16,-14
105900023,0,0,0
105900024,0,0,0
105900025,0,0,0
105900026,0,0,0
105900027,0,0,0
105900028,0,0,0
105900029,2,18,-16
105900030,12,8,4
105900031,10,5,5
105900032,2,2,0
105900033,2,4,-2
105900034,0,1,-1
105900035,0,4,-4
105900036,1,3,-2
105900037,1,4,-3
105900038,1,4,-3
105900039,0,8,-8
105900040,2,11,-9
105900041,1,12,-11
105900042,1,8,-7
105900043,10,0,10
105900044,0,1,-1
105900045,0,17,-17
105900046,0,25,-25
105900047,0,5,-5
105900048,0,2,-2
105900050,0,0,0
105900051,0,0,0
105900052,0,0,0
105900053,8,0,8
105900054,0,1,-1
105900056,0,0,0
105900057,0,0,0
105900058,0,0,0
105900059,0,0,0
106000001,66,48,18
106000002,102,370,-268
106000003,224,96,128
106000004,155,207,-52
106000005,184,112,72
106000006,488,456,32
106000007,35,18,17
106000008,66,59,7
106000009,45,9,36
106000010,59,112,-53
106000011,24,16,8
106000012,53,198,-145
106000013,75,43,32
106000014,137,233,-96
106000015,48,50,-2
106000016,227,304,-77
106000017,110,113,-3
106000018,213,231,-18
106000019,13,27,-14
106000020,29,116,-87
106000021,31,33,-2
106000022,47,53,-6
106000023,26,17,9
106000024,43,121,-78
106000025,39,17,22
106000026,68,86,-18
106000027,40,40,0
106000028,92,133,-41
106000029,181,272,-91
106000030,22,27,-5
106000034,108,35,73
106000035,0,24,-24
106000036,16,22,-6
106000037,80,115,-35
106000038,0,0,0
106000039,0,0,0
106000040,18,71,-53
106000041,13,20,-7
106000043,0,0,0
106000046,0,0,0
106000047,2,9,-7
106000049,23,12,11
106000050,14,145,-131
106000051,0,0,0
106000052,12,113,-101
106000053,0,0,0
106000054,15,109,-94
106000055,0,0,0
106000056,37,109,-72
106000057,0,0,0
106000058,24,44,-20
106000059,0,0,0
106000060,36,123,-87
106000061,0,0,0
106000062,17,114,-97
106000063,0,0,0
106000064,5,72,-67
106000065,0,1,-1
106000066,5,48,-43
106000067,0,0,0
106000068,0,97,-97
106000069,0,3,-3
106000070,13,66,-53
106000071,3,3,0
106000072,152,152,0
106000073,85,89,-4
106000074,19,91,-72
106000075,16,74,-58
106000076,55,95,-40
106000077,137,114,23
106000078,50,122,-72
106000079,13,88,-75
106000080,70,116,-46
106000081,12,61,-49
106000082,117,120,-3
106000083,6,64,-58
106000084,30,103,-73
106000085,15,68,-53
106000086,6,50,-44
106000087,27,86,-59
106000088,4,72,-68
106000089,37,58,-21
106000090,2,98,-96
106000091,34,53,-19
106000092,0,4,-4
106000093,0,0,0
106000094,5,40,-35
106000095,6,46,-40
106000096,4,50,-46
106000097,20,67,-47
106000098,4,93,-89
106000099,0,77,-77
106000100,0,10,-10
106000101,3,7,-4
106000102,0,47,-47
106000103,3,32,-29
106000104,4,0,4
106000105,16,23,-7
106000106,18,16,2
106000107,14,25,-11
106000108,42,10,32
106000109,2,21,-19
106000110,14,9,5
106000111,6,24,-18
106000112,7,3,4
106000113,11,17,-6
106000114,26,7,19
106000115,9,22,-13
106000116,37,24,13
106000117,59,58,1
106000118,10,17,-7
106000119,139,92,47
106000120,1,0,1
106000121,1,10,-9
106000122,0,6,-6
106000123,8,2,6
106000124,0,11,-11
106000125,3,7,-4
106000126,2,2,0
106000127,2,29,-27
106000128,6,2,4
106000129,37,43,-6
106000130,0,0,0
106000131,7,49,-42
106000132,0,0,0
106000133,157,59,98
106000134,1,0,1
106000135,9,85,-76
106000136,0,0,0
106000137,2,104,-102
106000138,0,0,0
106000139,0,0,0
106000140,0,46,-46
106000141,5,31,-26
106000142,0,0,0
106000143,2,39,-37
106000144,0,0,0
106000145,17,67,-50
106000146,0,0,0
106000147,28,46,-18
106000148,14,81,-67
106000149,12,20,-8
106000150,38,97,-59
106000151,150,54,96
106000152,40,16,24
106000153,2,11,-9
106000154,27,13,14
106000155,2,1,1
106000156,7,13,-6
106000157,31,120,-89
106000158,78,26,52
106000159,137,80,57
106000160,14,71,-57
106000161,49,28,21
106000162,4,27,-23
106000163,12,62,-50
106000164,9,25,-16
106000165,11,55,-44
106000166,11,19,-8
106000167,14,108,-94
106000168,2,14,-12
106000169,6,53,-47
106000170,4,12,-8
106000171,1,48,-47
106000172,104,42,62
106000173,35,116,-81
106000174,0,27,-27
106000175,1,67,-66
106000176,30,23,7
106000177,13,142,-129
106000178,37,49,-12
106000179,18,168,-150
106000180,23,172,-149
106000181,12,138,-126
106000182,20,25,-5
106000183,21,38,-17
106000184,28,42,-14
106000185,11,52,-41
106000186,30,2,28
106000187,1,59,-58
106000188,0,0,0
106000189,0,0,0
106000190,0,0,0
106000191,6,5,1
106000192,0,7,-7
106000193,9,8,1
106000194,11,20,-9
106000195,1,2,-1
106000196,0,12,-12
106000197,2,2,0
106000198,0,25,-25
106000199,47,18,29
106000200,23,14,9
106000201,13,11,2
106000202,217,24,193
106000203,1,10,-9
106000204,0,0,0
106000205,8,16,-8
106000206,0,0,0
106000207,1,61,-60
106000208,5,0,5
106000209,3,7,-4
106000210,9,129,-120
106000211,37,209,-172
106000212,1,0,1
106000213,11,136,-125
106000214,24,5,19
106000215,4,13,-9
106000216,64,9,55
106000217,4,18,-14
106000218,33,9,24
106000219,4,14,-10
106000220,22,17,5
106000221,4,18,-14
106000222,0,0,0
106000223,0,0,0
106000224,3,42,-39
106000225,0,0,0
106000226,2,48,-46
106000228,1,34,-33
106000229,2,89,-87
106000231,4,1,3
106000232,4,34,-30
106000233,2,1,1
106000234,3,13,-10
106000235,0,0,0
106000236,5,8,-3
106000237,0,1,-1
106000238,0,0,0
106000239,0,2,-2
106000240,0,0,0
106000241,3,67,-64
106000242,7,1,6
106000249,0,0,0
106000250,1,26,-25
106000251,0,0,0
106000252,0,7,-7
106000253,0,0,0
106000254,3,3,0
106000255,0,0,0
106000256,3,2,1
106000257,7,15,-8
106000258,0,0,0
106000259,0,2,-2
106000260,0,0,0
106000261,0,4,-4
106000262,0,0,0
106000263,0,3,-3
106000264,0,0,0
106000265,0,9,-9
106000266,0,0,0
106000267,0,10,-10
106000268,0,0,0
106000269,3,5,-2
106000270,5,25,-20
106000271,0,0,0
106000272,2,1,1
106000273,0,0,0
106000274,7,0,7
106000275,0,0,0
106000276,1,4,-3
106000277,0,0,0
106000278,3,4,-1
106000279,0,0,0
106000280,0,7,-7
106000281,11,1,10
106000282,7,2,5
106000283,0,1,-1
106000284,0,3,-3
106000285,2,6,-4
106000286,2,1,1
106000287,3,3,0
106000288,1,9,-8
106000289,1,0,1
106000290,2,1,1
106000291,7,0,7
106000292,1,3,-2
106000293,1,4,-3
106000294,3,6,-3
106000295,0,0,0
106000296,2,12,-10
106000297,9,8,1
106000298,2,1,1
106000299,2,1,1
106000300,0,8,-8
106000301,1,13,-12
106000303,0,0,0
106000304,0,1,-1
106000305,0,0,0
106000306,0,2,-2
106000307,0,0,0
106000308,0,2,-2
106000309,1,3,-2
106000310,17,48,-31
106000311,5,1,4
106000312,18,25,-7
106000313,3,4,-1
106000318,2,9,-7
106000319,28,0,28
106000320,0,0,0
106000321,0,0,0
106000322,5,14,-9
106000324,0,0,0
106000325,45,12,33
106000326,98,186,-88
106000327,0,0,0
106000328,0,0,0
106000329,4,1,3
106000330,0,17,-17
106000428,7,8,-1
106000429,17,28,-11
106000430,33,105,-72
106000431,40,14,26
106000432,91,217,-126
106000433,103,45,58
106000434,104,23,81
106000435,164,338,-174
106000436,1,35,-34
106000437,0,0,0
106000438,0,0,0
106000439,1,25,-24
106000440,2,7,-5
106000441,0,0,0
106000442,0,0,0
106000443,1,2,-1
106000450,0,12,-12
106000451,0,0,0
106000454,1,9,-8
106000455,1,25,-24
106000456,0,0,0
106000457,3,93,-90
106000458,0,0,0
106000459,3,24,-21
106000460,0,0,0
106000461,3,128,-125
106000462,0,1,-1
106000463,0,0,0
106000464,1,20,-19
106000465,0,0,0
106000466,1,37,-36
106000467,34,28,6
106000468,0,0,0
106000469,0,0,0
106000470,34,65,-31
106000471,0,28,-28
106000472,0,0,0
106000473,0,0,0
106000474,74,113,-39
106000475,26,10,16
106000476,6,14,-8
106000477,4,39,-35
106000480,0,12,-12
106900001,0,0,0
106900002,0,0,0
106900003,0,0,0
106900004,0,0,0
106900006,0,1,-1
106900007,0,0,0
106900008,0,0,0
106900009,0,0,0
106900010,0,0,0
106900012,0,0,0
106900013,0,0,0
106900014,0,0,0
106900015,0,0,0
106900016,0,0,0
106900017,0,0,0
106900018,0,0,0
106900019,0,0,0
106900020,0,0,0
106900021,0,0,0
106900022,0,0,0
106900023,0,0,0
106900024,0,0,0
106900025,0,0,0
106900026,0,0,0
106900027,0,0,0
106900028,0,0,0
106900029,0,0,0
106900030,0,0,0
107000001,136,134,2
107000002,439,560,-121
107000003,183,242,-59
107000004,497,648,-151
107000005,48,144,-96
107000006,392,734,-342
107000007,202,231,-29
107000008,1803,1759,44
107000009,111,190,-79
107000010,2037,1215,822
107000011,68,91,-23
107000012,191,243,-52
107000013,3,47,-44
107000014,5,66,-61
107000015,21,150,-129
107000016,22,151,-129
107000017,152,34,118
107000018,0,18,-18
107000020,26,9,17
107000021,66,53,13
107000022,22,80,-58
107000023,77,34,43
107000024,22,175,-153
107000025,6,18,-12
107000026,8,51,-43
107000027,91,29,62
107000028,38,71,-33
107000029,90,48,42
107000030,105,172,-67
107000031,53,92,-39
107000032,1,6,-5
107000033,113,358,-245
107000034,171,115,56
107000035,6,3,3
107000036,18,52,-34
107000037,1,5,-4
107000038,29,31,-2
107000039,0,0,0
107000040,19,33,-14
107000041,19,17,2
107000042,79,122,-43
107000043,81,13,68
107000044,39,52,-13
107000045,15,33,-18
107000046,7,12,-5
107000047,15,109,-94
107000048,7,18,-11
107000049,9,58,-49
107000050,10,15,-5
107000051,17,39,-22
107000052,40,16,24
107000053,9,6,3
107000054,3,34,-31
107000055,38,13,25
107000056,31,107,-76
107000057,76,24,52
107000058,0,0,0
107000059,132,374,-242
107000060,10,9,1
107000061,321,394,-73
107000062,7,6,1
107000063,300,543,-243
107000064,9,9,0
107000065,272,535,-263
107000066,7,11,-4
107000067,2,7,-5
107000068,0,0,0
107000069,0,0,0
107000070,0,0,0
107000071,0,0,0
107000072,0,281,-281
107000073,0,0,0
107000074,10,56,-46
107000075,0,0,0
107000076,31,243,-212
107000077,0,0,0
107000078,38,324,-286
107000079,0,0,0
107000080,55,279,-224
107000081,2,0,2
107000082,35,264,-229
107000083,2,3,-1
107000084,35,223,-188
107000085,115,125,-10
107000086,116,203,-87
107000087,101,79,22
107000088,130,223,-93
107000089,39,35,4
107000090,94,123,-29
107000091,26,28,-2
107000092,158,167,-9
107000093,18,47,-29
107000094,64,135,-71
107000095,0,0,0
107000096,58,150,-92
107000097,0,0,0
107000098,32,101,-69
107000099,0,0,0
107000100,15,38,-23
107000101,0,0,0
107000102,43,72,-29
107000103,0,0,0
107000104,7,56,-49
107000105,1,0,1
107000106,15,58,-43
107000107,2,1,1
107000108,11,111,-100
107000109,0,0,0
107000110,3,50,-47
107000111,0,0,0
107000112,0,58,-58
107000113,0,0,0
107000114,3,97,-94
107000115,0,0,0
107000116,9,93,-84
107000117,0,0,0
107000118,13,27,-14
107000119,44,26,18
107000120,141,70,71
107000121,23,4,19
107000122,65,93,-28
107000123,4,2,2
107000124,13,100,-87
107000125,12,4,8
107000126,31,170,-139
107000129,7,109,-102
107000130,0,0,0
107000131,21,81,-60
107000132,0,0,0
107000133,3,0,3
107000134,1,0,1
107000135,0,7,-7
107000136,0,0,0
107000137,1,5,-4
107000138,0,0,0
107000139,0,6,-6
107000140,13,0,13
107000141,4,22,-18
107000142,3,0,3
107000143,2,14,-12
107000144,1,2,-1
107000145,0,6,-6
107000146,0,0,0
107000147,151,18,133
107000150,14,11,3
107000151,0,2,-2
107000152,1,7,-6
107000153,4,9,-5
107000154,0,1,-1
107000155,10,0,10
107000156,23,0,23
107000157,3,59,-56
107000158,4,2,2
107000159,0,18,-18
107000160,3,0,3
107000161,1,29,-28
107000162,2,2,0
107000163,0,0,0
107000164,0,0,0
107000165,0,0,0
107000166,0,85,-85
107000167,2,4,-2
107000168,21,3,18
107000169,21,79,-58
107000170,8,7,1
107000171,11,183,-172
107000172,7,9,-2
107000173,34,84,-50
107000174,16,40,-24
107000175,225,104,121
107000176,0,0,0
107000177,0,0,0
107000178,0,0,0
107000179,13,242,-229
107000180,0,0,0
107000181,34,138,-104
107000182,0,17,-17
107000183,3,106,-103
107000184,2,29,-27
107000185,10,108,-98
107000186,0,0,0
107000187,12,14,-2
107000188,25,18,7
107000189,4,15,-11
107000190,37,38,-1
107000191,2,30,-28
107000192,37,36,1
107000193,1,0,1
107000194,55,37,18
107000197,0,0,0
107000198,30,98,-68
107000199,56,52,4
107000200,0,0,0
107000201,26,25,1
107000202,0,0,0
107000203,95,22,73
107000204,5,1,4
107000205,155,57,98
107000206,0,0,0
107000207,3,16,-13
107000208,3,4,-1
107000209,7,0,7
107000210,21,8,13
107000211,0,0,0
107000212,0,13,-13
107000213,0,0,0
107000214,0,2,-2
107000215,1,3,-2
107000216,2,8,-6
107000217,0,1,-1
107000219,1,0,1
107000220,0,4,-4
107000222,9,39,-30
107000224,0,0,0
107000225,4,28,-24
107000226,0,0,0
107000227,4,18,-14
107000228,2,4,-2
107000229,0,2,-2
107000230,64,84,-20
107000231,5,2,3
107000232,0,0,0
107000233,6,8,-2
107000234,0,0,0
107000235,0,0,0
107000236,3,96,-93
107000237,0,0,0
107000238,0,0,0
107000239,24,2,22
107000240,0,55,-55
107000243,0,7,-7
107000244,0,21,-21
107000246,0,126,-126
107000249,0,52,-52
107000251,0,7,-7
107000252,0,66,-66
107000255,15,5,10
107000257,0,9,-9
107000258,0,4,-4
107000259,0,3,-3
107000260,0,0,0
107000262,1,30,-29
107000263,0,0,0
107000266,0,0,0
107000267,0,5,-5
107000268,8,6,2
107000269,0,0,0
107000270,0,0,0
107000271,1,11,-10
107000272,0,14,-14
107000273,0,12,-12
107000274,1,1,0
107000275,1,21,-20
107000280,15,0,15
107000281,2,10,-8
107000282,0,55,-55
107000290,0,4,-4
107000291,0,0,0
107000292,0,5,-5
107000293,0,0,0
107000294,0,5,-5
107000295,0,0,0
107000296,0,0,0
107000444,4,0,4
107000496,0,0,0
107000497,73,207,-134
107000500,0,0,0
107000501,0,0,0
107000502,0,0,0
107000505,18,96,-78
107000506,0,1,-1
107000508,0,42,-42
107000509,3,1,2
107000510,0,0,0
107000514,0,3,-3
107000515,1,9,-8
107000516,0,0,0
107000518,0,0,0
107000519,47,156,-109
107000520,0,0,0
107000521,36,60,-24
107000522,0,14,-14
107900001,0,11,-11
107900002,0,0,0
107900003,1,0,1
107900004,0,0,0
107900005,6,0,6
107900006,0,0,0
107900007,0,0,0
107900008,3,1,2
107900009,0,0,0
107900010,0,0,0
107900012,2,0,2
107900013,2,0,2
107900014,0,0,0
107900015,30,0,30
107900016,0,1,-1
107900017,0,0,0
107900018,1,2,-1
107900019,0,6,-6
107900020,0,0,0
107900021,1,8,-7
107900023,0,0,0
107900024,0,0,0
107900025,0,0,0
107900026,0,8,-8
107900027,0,0,0
107900028,0,1,-1
107900030,1,0,1
107900031,13,15,-2
107900032,0,0,0
107900033,0,0,0
107900034,13,0,13
107900035,6,0,6
107900036,0,0,0
107900037,0,0,0
107900038,4,1,3
107900039,0,3,-3
107900040,0,0,0
107900041,0,0,0
107900043,0,4,-4
107900044,0,1,-1
107900045,2,0,2
107900046,8,2,6
107900047,0,0,0
107900048,0,0,0
107900049,2,7,-5
107900050,1,7,-6
107900051,1,1,0
107900052,0,0,0
107900053,2,2,0
107900055,2,2,0
107900056,0,0,0
107900057,0,0,0
107900058,0,2,-2
107900060,0,0,0
107900061,0,0,0
107900063,2,4,-2
107900064,6,0,6
107900065,1,0,1
107900066,0,0,0
107900067,0,0,0
107900068,3,0,3
107900069,0,3,-3
107900070,0,0,0
107900071,0,15,-15
107900072,0,3,-3
107900073,0,0,0
107900074,0,0,0
107900076,2,1,1
107900077,0,0,0
107900079,0,1,-1
107900080,8,1,7
107900081,0,0,0
107900082,0,0,0
107900083,28,2,26
107900084,0,0,0
107900086,2,5,-3
107900087,9,3,6
107900088,0,0,0
107900089,10,6,4
107900090,18,9,9
107900091,1,4,-3
107900093,0,0,0
107900095,32,15,17
107900097,0,0,0
107900098,1,0,1
107900100,16,19,-3
107900101,37,8,29
107900102,0,0,0
107900103,0,2,-2
107900104,0,0,0
107900105,0,31,-31
107900106,0,48,-48
107900107,23,25,-2
107900108,1,0,1
107900109,0,0,0
107900110,0,2,-2
107900111,0,41,-41
107900112,1,16,-15
107900113,0,0,0
107900114,3,8,-5
107900115,0,0,0
107900116,0,7,-7
107900117,4,7,-3
107900118,0,2,-2
107900119,1,0,1
107900120,0,0,0
107900121,0,0,0
107900122,0,0,0
107900123,1,4,-3
107900124,0,0,0
107900125,0,10,-10
107900126,0,1,-1
107900127,9,4,5
107900128,0,0,0
107900129,1,1,0
107900130,0,0,0
107900131,2,0,2
107900132,3,16,-13
107900133,0,0,0
107900134,0,0,0
107900135,0,3,-3
107900136,2,3,-1
107900137,0,2,-2
107900138,0,0,0
107900139,0,0,0
107900141,2,0,2
107900142,1,23,-22
107900143,2,0,2
107900144,0,3,-3
107900145,0,4,-4
107900146,0,1,-1
107900147,1,1,0
107900148,25,7,18
107900149,67,1,66
107900150,1,18,-17
107900151,0,12,-12
107900152,0,2,-2
107900153,0,0,0
107900154,0,0,0
107900155,0,0,0
107900156,0,7,-7
107900157,2,4,-2
107900158,6,0,6
107900159,0,40,-40
107900160,0,11,-11
107900161,0,8,-8
107900162,0,1,-1
107900163,0,0,0
107900164,0,1,-1
107900165,3,1,2
107900166,0,25,-25
107900167,0,0,0
107900168,0,2,-2
107900169,0,2,-2
107900171,0,79,-79
107900172,0,4,-4
107900173,0,13,-13
107900174,3,0,3
107900175,0,0,0
107900176,0,0,0
107900177,0,1,-1
107900178,0,3,-3
107900179,0,6,-6
107900180,5,0,5
107900181,31,15,16
107900182,0,49,-49
107900183,0,22,-22
107900184,0,0,0
107900185,1,0,1
107900186,1,0,1
107900187,0,8,-8
107900188,6,2,4
107900189,0,1,-1
107900190,0,0,0
107900191,4,14,-10
107900193,0,3,-3
107900194,2,0,2
107900195,105,5,100
107900196,0,0,0
107900197,1,1,0
107900199,1,36,-35
107900201,10,8,2
107900203,0,6,-6
107900204,9,23,-14
107900206,7,1,6
107900207,0,32,-32
107900208,0,23,-23
107900209,9,7,2
107900210,1,3,-2
107900213,3,6,-3
107900214,0,3,-3
107900215,4,15,-11
107900216,0,0,0
107900217,0,0,0
107900218,1,33,-32
107900219,0,2,-2
107900220,1,4,-3
107900221,8,9,-1
107900223,0,0,0
107900224,1,13,-12
107900225,0,10,-10
107900226,0,2,-2
107900227,2,5,-3
107900228,0,11,-11
107900229,0,11,-11
107900230,0,2,-2
107900231,0,0,0
107900232,0,17,-17
107900233,1,10,-9
107900234,1,16,-15
107900235,0,5,-5
107900236,0,13,-13
107900237,2,24,-22
107900238,0,0,0
107900239,27,22,5
107900240,2,9,-7
107900241,0,1,-1
107900242,0,13,-13
107900243,0,0,0
107900244,0,0,0
107900245,4,0,4
107900246,0,1,-1
107900248,2,15,-13
107900249,0,0,0
107900250,0,12,-12
107900251,0,47,-47
107900252,0,0,0
107900253,0,0,0
107900254,0,0,0
107900255,9,1,8
107900256,4,13,-9
107900257,2,0,2
107900258,0,7,-7
107900259,0,2,-2
107900261,0,15,-15
107900262,0,0,0
107900264,1,0,1
107900265,0,1,-1
107900267,0,0,0
107900268,0,0,0
107900269,0,0,0
107900270,0,0,0
107900271,0,0,0
107900272,0,0,0
107900273,0,1,-1
107900274,0,0,0
107900275,0,0,0
107900276,0,1,-1
107900277,0,17,-17
107900278,0,9,-9
107900279,3,1,2
107900280,0,6,-6
107900281,38,30,8
107900282,1,29,-28
107900283,11,5,6
107900284,9,23,-14
107900285,0,1,-1
107900286,2,0,2
107900287,1,3,-2
107900290,0,3,-3
107900291,9,0,9
107900292,1,11,-10
107900293,4,7,-3
107900295,2,5,-3
107900297,0,15,-15
107900298,8,10,-2
107900299,132,59,73
107900301,2,13,-11
107900302,1,0,1
107900303,0,8,-8
107900304,2,28,-26
107900305,0,0,0
107900306,0,0,0
107900307,1,38,-37
107900308,10,0,10
107900309,0,0,0
107900310,0,0,0
107900311,1,2,-1
107900312,0,0,0
107900313,0,1,-1
107900314,0,2,-2
107900315,0,0,0
107900316,0,0,0
107900317,1,0,1
107900318,0,6,-6
107900319,0,5,-5
107900320,0,2,-2
107900321,0,0,0
107900322,0,3,-3
107900323,0,2,-2
107900324,0,0,0
107900325,0,0,0
107900326,0,17,-17
107900327,0,0,0
107900328,0,0,0
107900329,0,0,0
107900330,0,7,-7
107900331,0,0,0
107900332,1,0,1
107900333,1,0,1
107900334,1,13,-12
107900335,0,3,-3
107900336,0,0,0
107900337,25,10,15
107900338,0,4,-4
107900339,0,4,-4
107900340,0,6,-6
107900341,0,0,0
107900342,4,8,-4
107900343,1,0,1
107900344,1,9,-8
107900345,0,1,-1
107900346,0,0,0
107900347,0,0,0
107900348,0,0,0
107900349,0,0,0
107900350,3,8,-5
107900351,0,10,-10
107900352,0,2,-2
107900353,0,1,-1
107900354,0,5,-5
108000001,152,170,-18
108000002,403,671,-268
108000003,148,109,39
108000004,1699,2419,-720
108000005,151,92,59
108000006,457,875,-418
108000007,194,147,47
108000008,472,871,-399
108000009,95,176,-81
108000010,247,869,-622
108000011,413,289,124
108000012,1584,1907,-323
108000014,7,9,-2
108000015,1,5,-4
108000016,33,85,-52
108000017,2,14,-12
108000018,1,7,-6
108000019,1,18,-17
108000020,0,0,0
108000021,26,224,-198
108000022,35,148,-113
108000023,0,0,0
108000024,5,60,-55
108000025,5,24,-19
108000026,10,40,-30
108000027,5,75,-70
108000028,3,26,-23
108000029,7,84,-77
108000030,2,20,-18
108000031,0,90,-90
108000032,0,0,0
108000033,61,142,-81
108000034,0,0,0
108000035,56,336,-280
108000036,17,125,-108
108000037,34,14,20
108000038,30,8,22
108000039,37,242,-205
108000040,9,8,1
108000041,67,322,-255
108000042,0,31,-31
108000043,3,52,-49
108000044,1,19,-18
108000045,4,123,-119
108000046,0,0,0
108000047,28,181,-153
108000048,6,84,-78
108000049,16,3,13
108000050,2,29,-27
108000051,9,2,7
108000052,35,56,-21
108000053,5,17,-12
108000054,17,48,-31
108000055,2,6,-4
108000056,74,80,-6
108000057,3,24,-21
108000058,10,84,-74
108000059,208,131,77
108000060,0,1,-1
108000061,15,34,-19
108000062,7,7,0
108000063,12,37,-25
108000064,0,0,0
108000065,51,53,-2
108000066,57,17,40
108000067,18,10,8
108000068,0,0,0
108000069,21,197,-176
108000070,0,0,0
108000071,45,290,-245
108000072,0,0,0
108000073,69,196,-127
108000074,0,0,0
108000075,24,127,-103
108000076,0,0,0
108000077,51,74,-23
108000078,7,1,6
108000079,148,190,-42
108000080,2,3,-1
108000081,26,262,-236
108000082,76,168,-92
108000083,1,1,0
108000084,55,116,-61
108000085,1,1,0
108000086,33,69,-36
108000087,0,7,-7
108000088,4,0,4
108000089,7,7,0
108000091,13,90,-77
108000092,0,0,0
108000093,16,88,-72
108000094,0,0,0
108000095,16,40,-24
108000096,0,0,0
108000097,7,99,-92
108000098,14,17,-3
108000099,11,7,4
108000100,3,9,-6
108000101,0,0,0
108000102,26,62,-36
108000106,0,0,0
108000107,0,30,-30
108000108,0,0,0
108000109,1,64,-63
108000110,7,11,-4
108000111,20,112,-92
108000112,0,0,0
108000113,5,5,0
108000115,5,17,-12
108000117,15,25,-10
108000118,1,39,-38
108000119,16,79,-63
108000120,1,26,-25
108000121,3,67,-64
108000122,18,27,-9
108000123,0,0,0
108000124,5,100,-95
108000125,2,0,2
108000126,4,72,-68
108000127,0,0,0
108000128,17,113,-96
108000129,12,270,-258
108000130,0,0,0
108000131,0,1,-1
108000132,51,121,-70
108000133,0,0,0
108000134,20,150,-130
108000135,5,0,5
108000136,24,230,-206
108000137,0,0,0
108000138,9,28,-19
108000139,0,1,-1
108000140,14,0,14
108000141,4,4,0
108000142,6,10,-4
108000143,4,32,-28
108000144,1,0,1
108000145,3,13,-10
108000146,2,2,0
108000147,0,10,-10
108000148,1,0,1
108000149,4,4,0
108000150,2,0,2
108000151,3,0,3
108000152,4,16,-12
108000153,0,7,-7
108000154,2,3,-1
108000155,2,1,1
108000156,25,4,21
108000157,9,2,7
108000158,6,24,-18
108000159,6,1,5
108000160,97,45,52
108000161,60,48,12
108000165,0,0,0
108000172,0,0,0
108000173,42,0,42
108000175,1,32,-31
108000178,28,45,-17
108000179,0,0,0
108000181,0,3,-3
108000182,5,1,4
108000183,1,5,-4
108000184,10,33,-23
108000185,0,45,-45
108000186,0,10,-10
108000187,1,20,-19
108000188,1,2,-1
108000189,4,19,-15
108000190,3,22,-19
108000192,3,56,-53
108000193,78,4,74
108000194,0,0,0
108000195,0,192,-192
108000196,0,8,-8
108000198,18,8,10
108000199,0,26,-26
108000200,0,12,-12
108000203,3,48,-45
108000204,5,0,5
108000205,32,13,19
108000339,2,12,-10
108000364,14,7,7
108000365,0,13,-13
108000367,2,10,-8
108000368,2,3,-1
108000369,24,15,9
108000371,0,79,-79
108000372,0,0,0
108000373,0,0,0
108000376,7,1,6
108000377,8,0,8
108000378,743,339,404
108000379,4,7,-3
108000381,0,0,0
108000382,0,0,0
108000383,0,7,-7
108900001,0,11,-11
108900002,4,1,3
108900003,4,17,-13
108900004,11,12,-1
108900007,1,0,1
108900008,0,6,-6
108900009,0,2,-2
108900010,0,4,-4
108900011,2,20,-18
108900012,0,16,-16
108900013,1,15,-14
108900014,0,9,-9
108900015,0,0,0
108900016,0,4,-4
108900017,0,6,-6
108900018,1,6,-5
108900019,0,33,-33
108900020,1,3,-2
108900021,0,5,-5
108900022,0,0,0
108900023,0,0,0
108900024,0,2,-2
108900025,0,0,0
108900026,0,0,0
108900027,0,4,-4
108900028,0,20,-20
108900029,0,2,-2
108900030,0,5,-5
108900031,0,8,-8
108900032,0,8,-8
108900033,0,3,-3
108900034,0,3,-3
108900035,3,68,-65
108900038,0,12,-12
108900039,0,8,-8
108900040,0,2,-2
108900041,101,32,69
108900042,0,4,-4
108900043,0,9,-9
108900044,0,14,-14
108900045,0,2,-2
108900046,4,12,-8
108900047,0,4,-4
108900048,3,32,-29
108900049,54,7,47
108900050,0,6,-6
108900051,0,9,-9
108900052,0,7,-7
108900053,0,0,0
108900054,0,6,-6
108900055,2,6,-4
108900056,0,15,-15
108900057,0,10,-10
108900058,6,7,-1
108900059,0,0,0
108900060,0,0,0
108900061,1,0,1
108900062,1,13,-12
108900063,1,8,-7
108900064,1,3,-2
108900065,0,8,-8
108900066,0,0,0
108900067,0,12,-12
108900068,0,5,-5
108900069,0,5,-5
108900070,1,2,-1
108900071,0,0,0
108900072,0,0,0
108900073,0,8,-8
108900074,0,4,-4
108900075,0,1,-1
108900076,0,0,0
108900077,2,15,-13
108900078,1,6,-5
108900079,5,3,2
108900080,0,0,0
108900081,2,16,-14
108900082,0,2,-2
108900083,0,0,0
108900085,9,1,8
108900086,0,3,-3
108900087,0,2,-2
108900088,0,0,0
108900089,0,0,0
108900090,0,5,-5
108900091,2,0,2
108900092,0,0,0
108900093,0,0,0
108900094,2,2,0
108900095,1,4,-3
108900096,8,2,6
108900097,0,47,-47
108900098,2,0,2
108900099,0,19,-19
108900100,3,6,-3
108900101,0,0,0
108900102,0,3,-3
108900103,0,0,0
108900105,0,0,0
108900106,0,26,-26
108900108,0,0,0
108900109,0,0,0
108900110,0,19,-19
108900111,0,35,-35
108900113,2,0,2
108900114,0,0,0
108900115,0,0,0
108900116,0,0,0
108900117,0,0,0
108900118,0,0,0
108900119,0,0,0
108900120,0,0,0
108900121,0,0,0
108900122,0,0,0
108900123,0,0,0
108900124,0,0,0
108900125,0,0,0
108900126,0,1,-1
108900127,0,0,0
108900128,0,0,0
108900129,0,0,0
108900130,0,0,0
108900131,2,0,2
108900132,0,0,0
108900133,0,0,0
108900134,0,0,0
108900135,0,0,0
108900136,0,0,0
108900137,1,0,1
108900138,0,0,0
108900140,0,0,0
108900141,0,0,0
108900142,0,0,0
108900143,0,0,0
108900144,0,0,0
108900145,0,0,0
108900146,0,0,0
108900147,2,0,2
108900148,0,0,0
108900150,0,0,0
108900151,0,0,0
108900152,0,0,0
108900153,0,11,-11
108900154,0,0,0
108900156,0,0,0
108900157,0,7,-7
108900158,0,0,0
108900159,0,15,-15
108900160,0,2,-2
108900161,0,4,-4
108900162,0,0,0
108900163,0,0,0
108900164,0,2,-2
108900168,83,1,82
108900169,0,0,0
108900171,43,18,25
108900172,0,0,0
108900173,0,6,-6
108900174,0,0,0
108900176,0,9,-9
108900177,165,40,125
108900178,26,10,16
108900180,0,0,0
108900183,2,2,0
108900184,0,0,0
108900185,2,7,-5
108900186,1,2,-1
108900189,0,0,0
108900190,0,70,-70
108900192,0,10,-10
108900195,0,9,-9
108900196,2,6,-4
108900199,3,8,-5
108900200,8,5,3
108900201,0,18,-18
108900203,2,1,1
108900204,1,0,1
108900205,0,0,0
108900206,0,0,0
108900207,0,0,0
108900208,2,5,-3
108900209,3,3,0
108900210,12,3,9
108900211,2,0,2
108900212,0,2,-2
108900215,3,9,-6
108900216,0,1,-1
108900217,0,0,0
108900218,0,0,0
108900221,0,1,-1
108900224,1,0,1
108900225,0,5,-5
108900227,1,0,1
108900230,12,5,7
108900232,0,6,-6
108900233,0,0,0
108900234,0,0,0
108900235,2,9,-7
108900236,0,7,-7
108900240,0,0,0
108900241,0,0,0
108900245,0,0,0
108900250,0,5,-5
108900258,0,9,-9
108900259,2,3,-1
108900260,0,2,-2
108900261,2,0,2
108900262,0,0,0
108900263,0,0,0
108900264,0,0,0
108900265,0,0,0
108900266,0,0,0
108900267,0,0,0
108900268,0,0,0
108900269,0,0,0
108900270,0,0,0
108900271,0,0,0
108900272,0,0,0
108900273,0,0,0
108900274,0,3,-3
109000001,182,25,157
109000002,484,149,335
109000003,88,15,73
109000004,91,398,-307
109000005,75,29,46
109000006,84,311,-227
109000007,38,39,-1
109000008,44,245,-201
109000009,240,70,170
109000010,141,531,-390
109000011,104,61,43
109000012,175,533,-358
109000013,121,48,73
109000014,149,578,-429
109000015,225,154,71
109000016,553,754,-201
109000017,80,85,-5
109000018,149,800,-651
109000019,140,46,94
109000020,176,334,-158
109000023,0,0,0
109000024,0,4,-4
109000025,38,9,29
109000026,15,9,6
109000027,5,17,-12
109000028,0,3,-3
109000029,15,11,4
109000030,0,50,-50
109000031,0,0,0
109000032,5,42,-37
109000033,0,0,0
109000034,0,1,-1
109000035,0,0,0
109000036,5,29,-24
109000037,20,11,9
109000038,64,34,30
109000039,21,5,16
109000040,0,0,0
109000041,233,91,142
109000042,21,79,-58
109000044,0,2,-2
109000045,9,51,-42
109000046,0,6,-6
109000047,28,119,-91
109000048,16,8,8
109000049,47,192,-145
109000050,2,7,-5
109000051,54,85,-31
109000052,10,49,-39
109000053,6,14,-8
109000054,3,21,-18
109000055,2,6,-4
109000056,1,20,-19
109000057,6,13,-7
109000058,39,27,12
109000059,1,54,-53
109000060,7,3,4
109000061,38,20,18
109000062,7,1,6
109000063,5,10,-5
109000064,3,0,3
109000065,2,10,-8
109000066,4,0,4
109000067,2,12,-10
109000068,0,0,0
109000069,0,0,0
109000070,0,65,-65
109000071,31,7,24
109000072,5,17,-12
109000073,2,17,-15
109000074,1,5,-4
109000075,11,86,-75
109000076,0,6,-6
109000077,11,21,-10
109000078,0,1,-1
109000079,2,16,-14
109000080,0,5,-5
109000081,0,26,-26
109000082,2,17,-15
109000083,5,32,-27
109000088,8,16,-8
109000089,2,3,-1
109000090,43,20,23
109000091,13,6,7
109000092,11,60,-49
109000093,9,2,7
109000094,6,0,6
109000095,1,35,-34
109000096,46,1,45
109000097,1,2,-1
109000098,0,0,0
109000099,12,17,-5
109000100,1,55,-54
109000101,24,45,-21
109000102,0,141,-141
109000103,21,22,-1
109000104,36,20,16
109000105,4,145,-141
109000106,36,32,4
109000107,17,200,-183
109000108,22,25,-3
109000109,32,187,-155
109000110,40,33,7
109000111,59,203,-144
109000112,9,3,6
109000113,16,45,-29
109000114,4,17,-13
109000115,20,6,14
109000116,0,20,-20
109000117,2,8,-6
109000118,0,24,-24
109000119,5,11,-6
109000120,2,83,-81
109000121,7,9,-2
109000122,2,115,-113
109000123,0,2,-2
109000124,8,28,-20
109000125,12,33,-21
109000126,16,95,-79
109000127,14,28,-14
109000128,9,187,-178
109000129,6,13,-7
109000130,23,255,-232
109000131,27,8,19
109000132,33,162,-129
109000133,17,161,-144
109000134,45,286,-241
109000135,84,176,-92
109000136,0,2,-2
109000137,9,14,-5
109000138,2,2,0
109000139,7,37,-30
109000140,1,9,-8
109000141,9,19,-10
109000142,5,10,-5
109000143,8,5,3
109000145,9,1,8
109000146,0,0,0
109000148,191,10,181
109000149,4,1,3
109000150,0,0,0
109000155,10,70,-60
109000156,45,23,22
109000158,0,23,-23
109000159,2,22,-20
109000160,39,24,15
109000161,3,70,-67
109000162,71,68,3
109000163,10,55,-45
109000164,29,155,-126
109000165,11,24,-13
109000166,16,7,9
109000167,4,37,-33
109000170,0,0,0
109000171,0,0,0
109000172,0,0,0
109000173,0,1,-1
109000174,0,0,0
109000175,0,0,0
109000176,12,19,-7
109000177,0,0,0
109000178,6,2,4
109000179,190,54,136
109000180,220,85,135
109000181,0,1,-1
109000182,2,3,-1
109000183,0,0,0
109000184,0,4,-4
109000185,0,2,-2
109000188,1,26,-25
109000189,18,43,-25
109000190,19,57,-38
109000191,0,0,0
109000192,0,8,-8
109000193,4,43,-39
109000194,2,2,0
109000195,10,24,-14
109000196,1,3,-2
109000197,2,24,-22
109000198,0,2,-2
109000199,5,24,-19
109000206,8,0,8
109000207,13,1,12
109000208,6,7,-1
109000209,1,6,-5
109000210,4,15,-11
109000211,1,15,-14
109000214,5,28,-23
109000215,0,0,0
109000216,5,12,-7
109000217,10,3,7
109000218,15,2,13
109000221,1,46,-45
109000222,10,0,10
109000223,12,22,-10
109000224,3,2,1
109000225,0,1,-1
109000226,2,12,-10
109000227,27,21,6
109000228,0,12,-12
109000231,0,37,-37
109000232,9,37,-28
109000236,3,115,-112
109000241,33,108,-75
109000242,14,15,-1
109000293,1,1,0
109000361,1,12,-11
109000364,0,11,-11
109000396,0,52,-52
109000397,13,0,13
109000399,6,33,-27
109000400,0,28,-28
109000403,0,14,-14
109000406,8,1,7
109000407,2,1,1
109000408,0,28,-28
109000410,48,37,11
109000411,0,0,0
109000412,0,5,-5
109900001,0,0,0
109900002,0,0,0
109900003,0,0,0
109900005,0,0,0
109900006,0,2,-2
109900007,0,12,-12
109900008,0,0,0
109900009,0,27,-27
109900010,0,0,0
109900011,4,5,-1
109900012,0,14,-14
109900013,5,4,1
109900014,15,0,15
109900015,4,5,-1
109900016,12,6,6
109900017,2,3,-1
109900018,0,7,-7
109900019,8,3,5
109900020,0,1,-1
109900021,0,0,0
109900022,0,11,-11
109900023,1,0,1
109900024,1,0,1
109900025,0,3,-3
109900027,0,0,0
109900028,42,7,35
109900029,0,7,-7
109900030,0,0,0
109900031,0,4,-4
109900032,0,14,-14
109900033,0,0,0
109900034,0,0,0
109900035,1,1,0
109900036,0,1,-1
109900037,1,18,-17
109900038,0,0,0
109900039,0,0,0
109900040,0,24,-24
109900041,0,5,-5
109900042,0,14,-14
109900044,0,2,-2
109900045,0,0,0
109900046,0,4,-4
109900047,2,3,-1
109900048,0,2,-2
109900049,0,0,0
109900050,0,20,-20
109900051,0,0,0
109900052,0,4,-4
109900053,0,24,-24
109900054,0,0,0
109900055,0,7,-7
109900056,0,0,0
109900057,0,5,-5
109900058,0,3,-3
109900060,0,0,0
109900061,6,10,-4
109900062,0,4,-4
109900064,6,0,6
109900065,3,7,-4
109900066,4,28,-24
109900067,0,18,-18
109900068,0,0,0
109900069,0,2,-2
109900071,0,5,-5
109900072,1,5,-4
109900073,0,6,-6
109900074,0,7,-7
109900075,0,0,0
109900076,1,29,-28
109900077,0,2,-2
109900078,2,10,-8
109900080,3,4,-1
109900081,0,0,0
109900082,0,6,-6
109900083,0,1,-1
109900084,0,4,-4
109900085,0,12,-12
109900086,0,0,0
109900087,1,6,-5
109900089,0,0,0
109900092,0,0,0
109900093,0,0,0
109900094,0,1,-1
109900095,0,4,-4
109900096,0,0,0
109900097,0,0,0
109900098,0,0,0
109900099,0,0,0
109900100,0,0,0
109900101,0,0,0
109900102,0,0,0
109900103,0,2,-2
109900104,0,70,-70
109900105,0,0,0
109900106,0,0,0
109900107,0,0,0
109900108,1,17,-16
109900109,1,6,-5
109900111,0,17,-17
109900114,0,0,0
109900115,0,0,0
109900117,0,0,0
109900121,9,2,7
109900123,0,1,-1
109900125,0,5,-5
109900126,0,4,-4
109900130,82,1,81
109900131,0,0,0
109900132,0,0,0
109900134,0,0,0
109900135,2,1,1
109900137,0,0,0
109900140,1,14,-13
109900149,0,0,0
109900150,0,0,0
109900151,0,0,0
109900152,0,0,0
109900153,0,0,0
109900154,1,0,1
109900155,0,0,0
109900157,0,2,-2
109900159,3,4,-1
109900161,1,0,1
109900162,0,1,-1
109900163,3,2,1
109900164,0,17,-17
109900165,0,0,0
109900166,0,0,0
109900167,1,31,-30
109900168,2,22,-20
109900169,1,21,-20
109900170,7,12,-5
109900171,2,3,-1
109900172,1,4,-3
109900173,121,25,96
109900174,1,5,-4
109900175,2,4,-2
109900176,6,11,-5
109900177,1,21,-20
109900178,0,1,-1
109900179,0,0,0
109900180,0,1,-1
110000001,53,141,-88
110000002,35,50,-15
110000003,449,145,304
110000004,102,28,74
110000005,215,38,177
110000006,23,38,-15
110000007,3,2,1
110000008,0,6,-6
110000009,0,0,0
110000010,2,8,-6
110000011,0,1,-1
110000012,75,90,-15
110000013,2,14,-12
110000014,58,10,48
110000015,0,6,-6
110000016,28,19,9
110000017,15,5,10
110000018,87,11,76
110000019,0,20,-20
110000020,13,21,-8
110000021,7,1,6
110000022,7,2,5
110000023,0,16,-16
110000024,47,96,-49
110000025,7,0,7
110000026,0,39,-39
110000027,39,32,7
110000028,3,12,-9
110000029,19,108,-89
110000030,0,2,-2
110000031,27,57,-30
110000032,4,4,0
110000033,0,0,0
110000034,22,62,-40
110000035,4,11,-7
110000036,8,37,-29
110000037,0,11,-11
110000038,18,29,-11
110000039,23,19,4
110000040,17,22,-5
110000041,0,0,0
110000042,2,25,-23
110000043,0,0,0
110000044,0,1,-1
110000045,0,0,0
110000046,1,0,1
110000047,0,0,0
110000048,1,0,1
110000049,0,0,0
110000050,0,0,0
110000051,0,0,0
110000052,0,0,0
110000053,0,0,0
110000054,1,2,-1
110000055,0,0,0
110000056,0,0,0
110000057,15,132,-117
110000058,7,15,-8
110000059,64,128,-64
110000060,22,41,-19
110000061,132,186,-54
110000062,95,102,-7
110000063,25,4,21
110000064,0,0,0
110000065,0,4,-4
110000066,0,5,-5
110000067,0,0,0
110000068,0,0,0
110000069,3,6,-3
110000071,0,3,-3
110000073,0,2,-2
110000075,0,16,-16
110000076,2,1,1
110000077,18,4,14
110000078,1,2,-1
110000080,14,79,-65
110000081,0,20,-20
110000082,1,22,-21
110000083,19,78,-59
110000084,13,21,-8
110000085,194,133,61
110000086,29,64,-35
110000087,0,20,-20
110000088,2,68,-66
110000089,1,3,-2
110000090,4,28,-24
110000091,93,25,68
110000092,0,6,-6
110000093,57,0,57
110000094,21,79,-58
110000095,2,37,-35
110000096,208,154,54
110000097,46,36,10
110000098,26,28,-2
110000099,37,114,-77
110000100,2,12,-10
110000101,0,20,-20
110000102,2,0,2
110000104,10,0,10
110000105,0,6,-6
110000106,6,6,0
110000107,7,7,0
110000108,32,0,32
110000109,5,89,-84
110000110,273,15,258
110000111,499,128,371
110000112,37,9,28
110000113,6,8,-2
110000114,2,6,-4
110000115,4,8,-4
110000116,1,4,-3
110000117,1,26,-25
110000118,19,5,14
110000119,5,27,-22
110000120,22,5,17
110000121,6,16,-10
110000122,14,61,-47
110000123,15,10,5
110000124,0,74,-74
110000125,0,0,0
110000126,0,0,0
110000127,0,0,0
110000128,1,142,-141
110000129,1,75,-74
110000130,0,0,0
110000131,4,111,-107
110000132,0,93,-93
110000133,8,12,-4
110000134,5,20,-15
110000135,0,0,0
110000136,1,21,-20
110000137,0,10,-10
110000138,12,41,-29
110000139,13,18,-5
110000140,0,0,0
110000143,3,13,-10
110000144,202,103,99
110000145,67,50,17
110000146,119,30,89
110000147,7,40,-33
110000148,0,0,0
110000151,24,7,17
110000152,21,9,12
110000153,1,5,-4
110000154,0,2,-2
110000155,116,232,-116
110000156,31,150,-119
110000157,75,216,-141
110000160,13,18,-5
110000161,14,20,-6
110000166,1,1,0
110000167,20,30,-10
110000168,34,19,15
110000169,8,6,2
110000170,2,3,-1
110000171,8,5,3
110000172,10,91,-81
110000173,73,106,-33
110000174,4,84,-80
110000175,0,0,0
110000176,0,0,0
110000177,0,28,-28
110000178,104,33,71
110000179,56,33,23
110000180,3,19,-16
110000181,3,26,-23
110000182,23,54,-31
110000183,268,191,77
110000184,34,62,-28
110000185,24,73,-49
110000186,33,50,-17
110000191,0,16,-16
110000192,0,0,0
110000193,27,0,27
110000194,0,78,-78
110000195,0,6,-6
110000196,3,25,-22
110000197,0,2,-2
110000198,3,1,2
110000199,0,4,-4
110000200,39,56,-17
110000201,12,19,-7
110000202,32,18,14
110000203,13,64,-51
110000204,0,18,-18
110000205,0,2,-2
110000206,7,88,-81
110000207,10,19,-9
110000208,1,8,-7
110000209,11,57,-46
110000210,0,0,0
110000211,0,0,0
110000212,28,20,8
110000213,0,4,-4
110000214,2,5,-3
110000215,1,28,-27
110000216,1,39,-38
110000217,4,11,-7
110000218,2,16,-14
110000219,1,0,1
110000220,2,35,-33
110000221,2,6,-4
110000222,3,23,-20
110000223,1,0,1
110000224,0,0,0
110000225,6,29,-23
110000226,0,0,0
110000227,6,8,-2
110000228,1,1,0
110000229,0,11,-11
110000230,14,18,-4
110000231,1,0,1
110000232,1,18,-17
110000233,0,8,-8
110000234,2,39,-37
110000235,8,13,-5
110000236,75,175,-100
110000237,95,99,-4
110000238,7,52,-45
110000239,52,125,-73
110000240,0,1,-1
110000242,0,8,-8
110000243,0,8,-8
110000244,1,39,-38
110000245,0,61,-61
110000246,12,32,-20
110000247,39,111,-72
110000248,9,48,-39
110000249,0,0,0
110000250,0,3,-3
110000251,4,7,-3
110000252,6,8,-2
110000253,1,2,-1
110000254,48,96,-48
110000255,9,56,-47
110000256,8,3,5
110000257,31,57,-26
110000258,1,16,-15
110000259,2,0,2
110000260,0,20,-20
110000263,2,6,-4
110000264,11,25,-14
110000265,178,108,70
110000266,90,73,17
110000267,0,8,-8
110000268,1,9,-8
110000269,0,2,-2
110000270,0,0,0
110000271,1,3,-2
110000272,40,167,-127
110000273,49,162,-113
110000274,4,54,-50
110000275,130,31,99
110000276,13,38,-25
110000277,5,7,-2
110000278,12,39,-27
110000279,2,14,-12
110000280,0,18,-18
110000281,0,11,-11
110000282,0,3,-3
110000283,0,0,0
110000284,2,4,-2
110000285,0,29,-29
110000286,0,0,0
110000287,0,0,0
110000288,0,15,-15
110000289,7,98,-91
110000290,44,96,-52
110000291,57,103,-46
110000292,69,149,-80
110000293,0,72,-72
110000294,26,81,-55
110000295,0,32,-32
110000296,5,68,-63
110000297,37,40,-3
110000298,15,20,-5
110000299,0,0,0
110000301,0,0,0
110000302,13,72,-59
110000303,0,0,0
110000304,4,16,-12
110000305,4,0,4
110000306,3,159,-156
110000307,5,0,5
110000308,0,0,0
110000309,0,81,-81
110000310,7,1,6
110000311,0,84,-84
110000312,30,3,27
110000313,60,185,-125
110000314,0,38,-38
110000315,174,177,-3
110000316,107,252,-145
110000317,23,49,-26
110000318,0,8,-8
110000319,0,0,0
110000320,0,7,-7
110000321,0,0,0
110000322,0,4,-4
110000323,7,13,-6
110000324,406,236,170
110000325,3,3,0
110000327,0,11,-11
110000328,12,73,-61
110000333,0,1,-1
110000334,18,101,-83
110000335,6,6,0
110000336,10,126,-116
110000337,4,4,0
110000338,1,3,-2
110000339,4,11,-7
110000340,1,6,-5
110000341,16,98,-82
110000342,0,0,0
110000343,0,3,-3
110000344,1,21,-20
110000345,0,0,0
110000346,178,81,97
110000347,91,10,81
110000348,0,0,0
110000349,0,0,0
110000350,0,0,0
110000351,14,36,-22
110000352,4,144,-140
110000353,158,32,126
110000354,16,206,-190
110000355,0,7,-7
110000356,0,0,0
110000357,7,0,7
110000361,0,1,-1
110000362,0,2,-2
110000363,1,4,-3
110000364,0,9,-9
110000365,0,0,0
110000366,0,7,-7
110000367,24,14,10
110000368,0,3,-3
110000369,0,0,0
110000373,1,44,-43
110000374,0,0,0
110000375,2,108,-106
110000376,0,16,-16
110000377,0,0,0
110000378,2,55,-53
110000379,183,71,112
110000380,0,0,0
110000383,0,36,-36
110000384,0,11,-11
110000385,0,22,-22
110000387,1,2,-1
110000388,1,47,-46
110000389,0,0,0
110000391,0,26,-26
110000396,4,9,-5
110000397,0,1,-1
110000398,1,0,1
110000399,0,0,0
110000587,0,0,0
110000589,3,0,3
110000640,3,2,1
110000652,0,1,-1
110000653,4,42,-38
110000654,0,1,-1
110000656,0,37,-37
110000674,0,1,-1
110000675,0,16,-16
110000676,0,11,-11
110000679,30,26,4
110000682,0,0,0
110000683,5,3,2
110000684,0,2,-2
110000685,0,0,0
110000686,1,4,-3
110000687,0,0,0
110000688,12,3,9
110000689,3,1,2
110000692,0,1,-1
110000693,0,17,-17
110000694,0,50,-50
110000695,13,88,-75
110000696,0,0,0
110000698,0,6,-6
110000699,24,34,-10
110900001,0,0,0
110900002,0,2,-2
110900003,0,37,-37
110900004,0,22,-22
110900005,15,15,0
110900006,0,0,0
110900007,0,0,0
110900008,0,3,-3
110900009,0,0,0
110900010,0,0,0
110900011,0,2,-2
110900012,0,2,-2
110900013,0,0,0
110900014,0,0,0
110900015,0,0,0
110900016,0,7,-7
110900017,0,0,0
110900018,0,0,0
110900019,0,0,0
110900020,0,17,-17
110900021,0,21,-21
110900022,1,11,-10
110900023,0,24,-24
110900024,0,11,-11
110900025,0,1,-1
110900027,0,6,-6
110900028,1,8,-7
110900029,2,22,-20
110900030,0,5,-5
110900031,0,8,-8
110900032,0,4,-4
110900033,0,10,-10
110900035,3,18,-15
110900036,1,0,1
110900037,0,0,0
110900038,3,0,3
110900039,0,3,-3
110900040,3,1,2
110900041,0,9,-9
110900042,0,0,0
110900043,0,14,-14
110900044,0,0,0
110900045,0,24,-24
110900046,5,8,-3
110900047,0,0,0
110900049,0,0,0
110900050,0,0,0
110900052,0,15,-15
110900053,0,0,0
110900054,0,14,-14
110900055,0,0,0
110900056,4,4,0
110900057,0,11,-11
110900058,0,0,0
110900059,9,43,-34
110900060,1,0,1
110900061,1,3,-2
110900062,0,0,0
110900063,0,1,-1
110900064,0,0,0
110900065,2,2,0
110900066,0,0,0
110900067,0,0,0
110900068,5,17,-12
110900069,0,0,0
110900070,7,0,7
110900071,0,0,0
110900073,0,0,0
110900074,0,5,-5
110900075,0,2,-2
110900077,0,0,0
110900078,0,6,-6
110900079,34,8,26
110900080,0,0,0
110900081,0,5,-5
110900082,0,0,0
110900083,0,0,0
110900084,1,13,-12
110900085,1,22,-21
110900086,0,0,0
110900087,0,0,0
110900088,0,0,0
110900090,0,0,0
110900091,0,0,0
110900093,0,0,0
110900095,0,0,0
110900097,0,0,0
110900098,0,7,-7
110900099,0,25,-25
110900100,0,1,-1
110900102,0,1,-1
110900105,11,10,1
110900108,0,1,-1
110900111,1,0,1
110900112,0,0,0
110900113,0,0,0
110900115,0,0,0
110900116,8,82,-74
110900118,0,2,-2
110900119,226,5,221
110900120,0,8,-8
110900121,0,0,0
110900122,0,0,0
110900125,1,2,-1
110900127,7,17,-10
110900128,9,17,-8
110900129,0,0,0
110900130,26,1,25
110900131,0,0,0
110900132,0,0,0
110900133,0,13,-13
110900135,1,14,-13
110900136,0,0,0
110900139,0,0,0
110900140,0,0,0
110900141,0,4,-4
110900142,1,2,-1
110900143,0,0,0
110900144,1,59,-58
110900145,2,0,2
110900146,4,0,4
110900147,16,39,-23
110900148,0,31,-31
110900149,0,1,-1
110900150,0,1,-1
110900151,0,2,-2
110900152,7,10,-3
110900153,0,0,0
111000001,185,56,129
111000002,212,108,104
111000003,22,26,-4
111000004,90,139,-49
111000005,45,39,6
111000006,167,258,-91
111000007,139,168,-29
111000008,337,221,116
111000009,70,169,-99
111000010,34,32,2
111000011,185,227,-42
111000012,71,36,35
111000013,48,172,-124
111000014,59,57,2
111000017,9,39,-30
111000018,14,70,-56
111000020,140,361,-221
111000021,0,0,0
111000023,0,0,0
111000025,221,146,75
111000029,4,14,-10
111000030,1,9,-8
111000031,33,14,19
111000032,14,3,11
111000033,0,0,0
111000034,8,49,-41
111000037,116,102,14
111000038,86,141,-55
111000039,40,110,-70
111000040,61,116,-55
111000041,39,50,-11
111000042,178,79,99
111000043,0,0,0
111000044,0,0,0
111000045,3,10,-7
111000046,1,13,-12
111000047,37,49,-12
111000049,18,68,-50
111000050,61,225,-164
111000051,26,146,-120
111000052,78,149,-71
111000053,44,106,-62
111000054,26,93,-67
111000055,52,200,-148
111000056,9,26,-17
111000057,0,32,-32
111000058,4,7,-3
111000059,5,30,-25
111000060,48,27,21
111000061,27,22,5
111000062,4,28,-24
111000063,25,34,-9
111000064,13,14,-1
111000065,12,30,-18
111000066,11,32,-21
111000067,5,70,-65
111000068,5,40,-35
111000069,106,145,-39
111000070,141,90,51
111000071,7,72,-65
111000072,0,0,0
111000073,0,0,0
111000074,0,0,0
111000075,0,0,0
111000076,0,0,0
111000077,21,22,-1
111000078,147,180,-33
111000079,44,43,1
111000080,18,48,-30
111000081,107,134,-27
111000082,17,38,-21
111000084,22,59,-37
111000085,35,44,-9
111000086,24,46,-22
111000087,12,40,-28
111000088,121,41,80
111000089,55,80,-25
111000090,70,100,-30
111000091,25,74,-49
111000092,54,66,-12
111000093,13,52,-39
111000094,56,75,-19
111000095,13,159,-146
111000096,74,465,-391
111000097,376,91,285
111000098,20,139,-119
111000099,10,282,-272
111000100,15,174,-159
111000101,27,47,-20
111000102,6,83,-77
111000104,0,0,0
111000107,2,68,-66
111000109,0,0,0
111000110,2,0,2
111000111,2,0,2
111000112,0,0,0
111000113,7,2,5
111000114,8,1,7
111000115,146,16,130
111000116,13,17,-4
111000117,10,34,-24
111000118,27,16,11
111000119,21,32,-11
111000120,6,8,-2
111000121,6,13,-7
111000122,11,64,-53
111000123,33,181,-148
111000124,15,258,-243
111000125,8,125,-117
111000126,2,61,-59
111000127,0,0,0
111000128,0,0,0
111000129,0,0,0
111000130,9,47,-38
111000131,6,8,-2
111000132,0,0,0
111000133,3,10,-7
111000134,5,7,-2
111000135,2,8,-6
111000136,9,16,-7
111000138,0,0,0
111000140,2,0,2
111000141,5,17,-12
111000142,0,6,-6
111000143,0,2,-2
111000144,0,4,-4
111000145,0,0,0
111000146,0,0,0
111000147,0,0,0
111000148,1,1,0
111000149,0,1,-1
111000150,0,0,0
111000151,3,17,-14
111000153,23,16,7
111000154,4,11,-7
111000155,0,15,-15
111000156,0,0,0
111000157,0,0,0
111000158,0,0,0
111000159,0,0,0
111000160,0,0,0
111000161,0,0,0
111000162,1,7,-6
111000163,13,71,-58
111000164,80,155,-75
111000165,86,74,12
111000166,58,11,47
111000167,27,31,-4
111000168,4,13,-9
111000169,0,14,-14
111000170,6,18,-12
111000171,10,31,-21
111000172,5,27,-22
111000173,6,62,-56
111000174,0,21,-21
111000175,0,2,-2
111000176,2,12,-10
111000177,6,31,-25
111000178,22,35,-13
111000179,5,27,-22
111000180,3,30,-27
111000181,13,21,-8
111000182,1,10,-9
111000183,5,4,1
111000184,4,5,-1
111000185,28,71,-43
111000186,1,51,-50
111000187,1,70,-69
111000188,5,65,-60
111000189,69,29,40
111000190,15,53,-38
111000191,4,57,-53
111000192,27,45,-18
111000193,18,36,-18
111000194,0,23,-23
111000195,2,42,-40
111000196,4,25,-21
111000197,0,0,0
111000198,0,0,0
111000199,0,0,0
111000200,0,0,0
111000201,0,0,0
111000202,0,0,0
111000203,0,0,0
111000204,0,0,0
111000213,0,2,-2
111000214,49,77,-28
111000215,28,93,-65
111000217,31,50,-19
111000218,14,56,-42
111000219,34,53,-19
111000220,2,54,-52
111000221,0,0,0
111000224,65,85,-20
111000225,7,12,-5
111000226,0,0,0
111000227,0,0,0
111000228,0,19,-19
111000229,3,15,-12
111000230,0,0,0
111000231,0,0,0
111000232,13,43,-30
111000233,11,37,-26
111000234,4,53,-49
111000239,7,29,-22
111000240,0,0,0
111000241,3,22,-19
111000242,0,0,0
111000243,2,74,-72
111000244,0,0,0
111000245,0,0,0
111000246,0,0,0
111000247,21,84,-63
111000248,0,1,-1
111000249,24,46,-22
111000250,2,1,1
111000251,1,20,-19
111000253,0,0,0
111000255,0,0,0
111000257,0,0,0
111000260,9,99,-90
111000261,2,2,0
111000271,2,24,-22
111000273,172,41,131
111000274,54,75,-21
111000275,0,0,0
111000276,12,110,-98
111000277,8,22,-14
111000278,2,4,-2
111000291,12,40,-28
111000298,9,4,5
111000299,0,0,0
111000300,0,26,-26
111000302,2,1,1
111000303,4,8,-4
111000312,4,1,3
111000315,18,33,-15
111000320,4,21,-17
111000321,5,2,3
111000322,5,27,-22
111000323,2,1,1
111000324,0,0,0
111000325,1,5,-4
111000326,3,12,-9
111000327,15,23,-8
111000328,12,16,-4
111000329,4,11,-7
111000330,0,1,-1
111000331,1,1,0
111000332,11,38,-27
111000334,15,193,-178
111000335,15,6,9
111000337,10,86,-76
111000338,0,12,-12
111000339,5,37,-32
111000340,1,64,-63
111000341,22,12,10
111000342,1,23,-22
111000344,29,56,-27
111000345,1,0,1
111000346,1,3,-2
111000347,2,0,2
111000350,0,0,0
111000351,8,10,-2
111000352,0,0,0
111000353,12,6,6
111000354,0,0,0
111000355,4,16,-12
111000358,3,98,-95
111000360,0,38,-38
111000361,0,9,-9
111000546,32,87,-55
111000547,1,13,-12
111000548,6,30,-24
111000549,1,2,-1
111000550,3,35,-32
111000551,5,2,3
111000552,0,0,0
111000907,0,1,-1
111000908,0,0,0
111000916,19,35,-16
111000917,3,40,-37
111000918,2,49,-47
111000920,0,0,0
111000921,1,37,-36
111000922,8,44,-36
111000924,1,75,-74
111000925,45,144,-99
111000926,114,379,-265
111000927,298,320,-22
111000928,624,444,180
111000929,27,69,-42
111000930,46,398,-352
111000931,63,140,-77
111000932,285,399,-114
111000933,74,66,8
111000934,248,407,-159
111000935,15,25,-10
111000936,102,289,-187
111000937,90,12,78
111000938,127,442,-315
111000939,0,0,0
111000940,8,20,-12
111000941,1,10,-9
111000943,3,15,-12
111000944,2,12,-10
111000945,0,171,-171
111001109,0,0,0
111001110,32,133,-101
111001111,0,0,0
111001112,13,2,11
111001113,0,29,-29
111001114,0,0,0
111001115,4,32,-28
111001116,142,26,116
111001117,76,64,12
111001120,0,19,-19
111001121,14,35,-21
111001122,4,46,-42
111001123,0,0,0
111001124,2,9,-7
111001125,0,0,0
111001126,0,0,0
111001127,0,0,0
111001128,19,29,-10
111001129,0,0,0
111900001,0,8,-8
111900002,0,14,-14
111900003,0,9,-9
111900004,3,2,1
111900006,0,0,0
111900007,0,0,0
111900008,0,0,0
111900009,0,0,0
111900010,4,14,-10
111900012,12,0,12
111900013,0,0,0
111900014,182,11,171
111900015,0,3,-3
111900016,0,14,-14
111900017,0,10,-10
111900018,0,0,0
111900019,0,1,-1
111900020,1,4,-3
111900021,0,9,-9
111900022,3,1,2
111900023,14,6,8
111900024,0,3,-3
111900025,0,0,0
111900026,0,1,-1
111900027,0,5,-5
111900028,0,6,-6
111900029,0,0,0
111900030,0,0,0
111900032,0,21,-21
111900033,0,0,0
111900034,0,0,0
111900035,0,2,-2
111900036,0,27,-27
111900038,0,0,0
111900039,0,5,-5
111900040,0,45,-45
111900042,0,0,0
111900043,0,17,-17
111900044,0,0,0
111900046,7,8,-1
111900048,2,69,-67
111900049,1,17,-16
111900050,0,0,0
111900051,0,5,-5
111900052,0,14,-14
111900053,0,0,0
111900054,0,0,0
111900055,1,25,-24
111900056,0,0,0
111900057,0,1,-1
111900058,1,27,-26
111900059,0,0,0
111900060,0,0,0
111900061,1,17,-16
111900062,0,0,0
111900063,0,8,-8
111900064,1,11,-10
111900065,0,0,0
111900066,0,0,0
111900067,0,13,-13
111900068,0,0,0
111900069,0,0,0
111900070,0,0,0
111900071,0,4,-4
111900072,0,0,0
111900073,1,0,1
111900074,0,5,-5
111900075,0,0,0
111900076,0,0,0
111900077,0,0,0
111900078,0,0,0
111900079,0,0,0
111900080,0,0,0
111900082,0,0,0
111900083,0,0,0
111900084,0,0,0
111900085,0,0,0
111900086,0,0,0
111900087,0,0,0
111900088,0,0,0
111900089,0,0,0
111900090,3,0,3
111900091,0,0,0
111900092,0,0,0
111900093,0,0,0
111900094,0,0,0
111900095,1,0,1
111900096,0,0,0
111900097,0,0,0
111900098,0,0,0
111900099,0,0,0
111900100,4,0,4
111900101,0,0,0
111900102,0,26,-26
111900103,0,0,0
111900104,0,0,0
111900105,0,0,0
111900106,31,1,30
111900110,26,0,26
111900111,0,0,0
111900112,3,2,1
111900113,0,0,0
111900118,0,0,0
111900119,0,0,0
111900122,0,0,0
111900123,0,0,0
111900124,1,0,1
111900125,0,0,0
111900126,0,0,0
111900127,0,0,0
111900128,0,0,0
111900129,0,0,0
111900130,0,0,0
111900131,0,0,0
111900132,0,0,0
111900133,0,0,0
111900134,4,6,-2
111900135,0,0,0
111900136,0,0,0
111900137,5,0,5
111900138,0,0,0
111900139,0,2,-2
111900140,0,0,0
111900141,0,0,0
111900142,0,0,0
111900143,0,2,-2
111900144,0,1,-1
111900145,0,4,-4
111900146,0,2,-2
111900147,1,17,-16
111900148,0,8,-8
111900149,1,4,-3
111900150,0,6,-6
111900151,1,0,1
111900152,1,0,1
111900153,0,0,0
111900154,0,0,0
111900155,0,0,0
111900156,0,0,0
111900157,0,0,0
111900158,0,0,0
111900159,0,0,0
111900160,0,0,0
111900161,0,0,0
111900162,0,0,0
111900163,0,0,0
111900164,0,0,0
111901113,0,5,-5
111901114,0,0,0
111901115,0,0,0
111901116,0,0,0
111901117,0,0,0
111901118,0,0,0
111901119,0,0,0
111901121,0,5,-5
111901122,0,7,-7
111901123,0,23,-23
111901124,0,0,0
111901125,0,0,0
111901127,0,0,0
111901128,0,0,0
111901129,0,0,0
111901130,0,0,0
111901131,0,22,-22
111901132,0,0,0
111901133,0,0,0
111901134,0,0,0
111901135,0,0,0
111901138,0,0,0
111901139,0,0,0
111901140,0,0,0
111901141,0,0,0
111901142,0,0,0
111901143,0,0,0
111901144,0,0,0
111901145,0,0,0
111901146,0,0,0
111901147,1,0,1
111901148,0,0,0
111901149,0,0,0
111901150,0,0,0
111901151,0,0,0
111901152,0,0,0
112000001,80,60,20
112000002,103,264,-161
112000003,32,61,-29
112000004,35,140,-105
112000005,64,120,-56
112000006,105,201,-96
112000007,54,43,11
112000008,59,110,-51
112000009,215,262,-47
112000010,84,83,1
112000011,109,204,-95
112000012,33,111,-78
112000013,342,253,89
112000014,14,36,-22
112000015,110,152,-42
112000016,39,29,10
112000017,67,96,-29
112000024,184,41,143
112000026,375,525,-150
112000027,2,4,-2
112000028,186,211,-25
112000029,3,0,3
112000030,22,5,17
112000031,73,57,16
112000032,42,6,36
112000033,140,21,119
112000034,48,3,45
112000035,1,24,-23
112000036,28,27,1
112000037,12,24,-12
112000038,16,22,-6
112000039,0,0,0
112000040,1,9,-8
112000041,4,8,-4
112000042,24,8,16
112000050,0,0,0
112000051,3,13,-10
112000054,181,109,72
112000057,18,61,-43
112000058,22,45,-23
112000059,0,0,0
112000061,290,124,166
112000062,66,18,48
112000063,8,14,-6
112000064,541,538,3
112000065,197,142,55
112000066,0,0,0
112000067,20,66,-46
112000068,0,0,0
112000069,43,118,-75
112000070,2,3,-1
112000071,36,166,-130
112000072,2,7,-5
112000073,18,82,-64
112000074,0,13,-13
112000075,9,8,1
112000076,69,91,-22
112000077,16,39,-23
112000078,17,46,-29
112000079,27,69,-42
112000080,5,35,-30
112000081,103,105,-2
112000082,15,8,7
112000083,21,105,-84
112000084,6,1,5
112000085,64,61,3
112000086,9,7,2
112000087,4,54,-50
112000088,0,7,-7
112000089,3,27,-24
112000090,1,3,-2
112000091,54,185,-131
112000092,29,28,1
112000093,139,210,-71
112000094,1,16,-15
112000095,49,94,-45
112000096,7,30,-23
112000097,9,7,2
112000098,32,136,-104
112000099,0,3,-3
112000100,4,5,-1
112000101,55,74,-19
112000102,4,0,4
112000103,15,140,-125
112000105,36,214,-178
112000106,4,4,0
112000107,0,0,0
112000108,9,63,-54
112000109,0,0,0
112000110,17,14,3
112000111,40,484,-444
112000112,8,8,0
112000113,81,280,-199
112000114,2,18,-16
112000115,1,15,-14
112000116,0,23,-23
112000117,0,10,-10
112000118,18,64,-46
112000119,27,67,-40
112000120,2,52,-50
112000121,0,0,0
112000122,0,0,0
112000123,0,0,0
112000124,0,0,0
112000125,0,0,0
112000126,0,0,0
112000127,51,19,32
112000128,46,25,21
112000129,1,16,-15
112000130,10,3,7
112000131,0,9,-9
112000132,2,23,-21
112000133,0,11,-11
112000134,5,28,-23
112000135,5,7,-2
112000136,36,114,-78
112000137,4,5,-1
112000138,36,100,-64
112000139,0,0,0
112000140,16,67,-51
112000141,0,0,0
112000142,7,53,-46
112000143,0,0,0
112000144,20,146,-126
112000145,0,0,0
112000146,28,239,-211
112000147,0,0,0
112000148,52,193,-141
112000149,0,0,0
112000150,6,60,-54
112000151,0,4,-4
112000152,16,14,2
112000153,11,0,11
112000154,5,6,-1
112000155,8,1,7
112000157,12,36,-24
112000158,0,2,-2
112000159,4,22,-18
112000167,7,0,7
112000169,3,13,-10
112000173,2,1,1
112000175,0,3,-3
112000176,191,248,-57
112000177,0,1,-1
112000178,4,5,-1
112000179,1,1,0
112000180,5,15,-10
112000181,79,159,-80
112000182,2,89,-87
112000183,0,0,0
112000184,0,0,0
112000185,9,46,-37
112000187,82,135,-53
112000195,0,0,0
112000196,0,0,0
112000197,0,0,0
112000198,0,0,0
112000199,20,13,7
112000202,0,0,0
112000216,0,7,-7
112000230,0,0,0
112000231,0,0,0
112000256,0,0,0
112000313,1,2,-1
112000314,0,0,0
112000337,0,19,-19
112000352,9,4,5
112000392,31,50,-19
112000398,38,13,25
112000399,6,17,-11
112000400,74,292,-218
112000401,651,195,456
112000402,36,56,-20
112000403,3,32,-29
112000404,11,13,-2
112000405,13,48,-35
112000406,195,277,-82
112000407,125,132,-7
112000408,732,634,98
112000409,100,523,-423
112000410,0,0,0
112000411,1,0,1
112000412,16,9,7
112000413,5,0,5
112000414,4,6,-2
112000415,0,0,0
112000416,28,25,3
112000417,0,0,0
112000421,5,11,-6
112000422,6,10,-4
112000424,13,60,-47
112000425,16,135,-119
112000426,6,31,-25
112000427,0,0,0
112000428,0,7,-7
112000429,173,219,-46
112000430,164,375,-211
112000431,0,0,0
112000432,29,195,-166
112000433,24,12,12
112000437,0,9,-9
112900001,0,0,0
112900002,0,0,0
112900003,0,8,-8
112900004,0,0,0
112900005,0,11,-11
112900007,0,0,0
112900008,0,0,0
112900009,0,0,0
112900010,0,13,-13
112900011,3,7,-4
112900012,0,0,0
112900013,0,0,0
112900014,0,6,-6
112900015,2,55,-53
112900016,0,0,0
112900017,0,0,0
112900018,0,20,-20
112900019,1,2,-1
112900020,18,80,-62
112900021,0,0,0
112900022,0,0,0
112900023,0,11,-11
112900024,0,0,0
112900025,0,0,0
112900026,0,8,-8
112900027,0,0,0
112900028,0,0,0
112900029,0,0,0
112900030,7,6,1
112900031,0,0,0
112900032,0,8,-8
112900034,0,0,0
112900035,0,0,0
112900036,3,5,-2
112900037,0,0,0
112900038,0,0,0
112900039,0,0,0
112900040,0,5,-5
112900041,3,10,-7
112900042,0,0,0
112900043,0,0,0
112900044,14,6,8
112900045,0,0,0
112900046,1,0,1
112900047,1,1,0
112900049,0,0,0
112900050,4,12,-8
112900051,4,27,-23
112900052,0,0,0
112900053,4,5,-1
112900054,1,0,1
112900055,0,0,0
112900056,0,0,0
112900057,0,0,0
112900058,3,2,1
112900059,0,6,-6
112900060,0,0,0
112900061,1,1,0
112900062,0,0,0
112900063,0,0,0
112900064,0,0,0
112900065,0,0,0
112900066,2,4,-2
112900067,0,0,0
112900068,0,0,0
112900069,46,1,45
112900071,0,0,0
112900072,0,0,0
112900073,3,0,3
112900074,0,0,0
112900075,2,1,1
112900076,0,0,0
112900078,0,0,0
112900079,0,0,0
112900080,0,0,0
112900081,0,0,0
112900082,1,0,1
112900083,0,0,0
112900084,0,0,0
112900086,0,0,0
112900087,0,0,0
112900088,0,0,0
112900089,3,0,3
112900090,0,0,0
112900091,0,0,0
112900092,0,0,0
112900093,0,0,0
112900095,0,0,0
112900096,0,0,0
112900097,0,11,-11
112900098,0,0,0
112900099,1,0,1
112900100,0,0,0
112900101,0,0,0
112900102,0,0,0
112900103,0,0,0
112900104,0,0,0
112900105,0,0,0
112900106,1,0,1
112900107,0,0,0
112900108,0,0,0
112900109,0,0,0
112900110,0,0,0
112900111,0,0,0
112900112,0,0,0
112900113,0,1,-1
112900114,0,0,0
112900115,6,0,6
112900116,0,0,0
112900117,3,0,3
112900118,0,0,0
112900119,0,0,0
112900120,25,19,6
112900121,0,2,-2
112900122,0,0,0
112900123,0,0,0
112900124,0,0,0
112900125,0,1,-1
112900126,1,8,-7
112900127,0,0,0
112900128,21,58,-37
112900129,0,39,-39
112900130,0,0,0
112900131,1,32,-31
112900132,2,37,-35
112900133,0,47,-47
112900134,0,8,-8
112900135,1,0,1
112900137,0,31,-31
112900138,0,16,-16
112900139,25,63,-38
112900141,0,3,-3
112900142,0,0,0
112900143,0,27,-27
112900144,0,27,-27
112900145,1,25,-24
112900146,0,25,-25
112900147,0,227,-227
112900148,0,0,0
112900149,1,5,-4
112900151,0,0,0
112900152,135,13,122
112900153,0,0,0
112900154,0,0,0
112900155,0,0,0
112900156,0,26,-26
112900157,1,0,1
112900158,0,0,0
112900159,0,2,-2
112900160,1,2,-1
112900161,0,0,0
112900162,1,0,1
112900163,0,0,0
112900164,0,0,0
112900165,0,0,0
112900166,0,0,0
112900167,0,0,0
112900168,0,0,0
112900169,0,0,0
112900170,0,0,0
112900172,0,0,0
112900173,2,2,0
112900174,0,0,0
112900175,0,1,-1
112900176,0,0,0
112900177,0,0,0
112900178,0,0,0
112900179,1,29,-28
112900180,0,83,-83
112900181,0,0,0
112900182,0,24,-24
112900183,3,0,3
112900184,18,12,6
112900185,0,0,0
112900186,17,12,5
112900187,0,0,0
112900188,34,5,29
112900189,0,0,0
112900190,0,0,0
112900192,5,0,5
112900193,6,1,5
112900194,0,0,0
112900195,0,0,0
112900196,10,23,-13
112900197,3,22,-19
112900199,0,0,0
112900200,0,0,0
112900201,0,0,0
112900202,0,15,-15
112900203,0,0,0
112900204,5,0,5
112900205,0,0,0
112900206,0,0,0
112900207,0,0,0
112900208,0,1,-1
112900209,2,23,-21
112900210,0,0,0
112900211,0,0,0
112900212,0,0,0
112900213,0,0,0
112900214,1,0,1
112900215,0,0,0
112900216,0,0,0
112900217,0,2,-2
112900218,0,0,0
112900219,0,0,0
112900220,0,0,0
112900221,0,0,0
112900222,0,0,0
112900223,0,0,0
112900224,0,27,-27
112900225,0,39,-39
112900226,0,0,0
112900227,0,13,-13
112900228,0,0,0
112900229,0,0,0
112900230,84,23,61
112900232,0,1,-1
112900233,0,3,-3
112900234,0,0,0
112900235,0,0,0
112900236,0,0,0
112900237,0,0,0
112900238,0,0,0
112900239,55,14,41
112900240,0,20,-20
112900241,0,5,-5
112900242,0,10,-10
112900243,0,11,-11
112900244,0,38,-38
112900245,0,4,-4
112900246,0,1,-1
112900247,0,2,-2
112900248,0,0,0
112900249,0,0,0
112900250,0,0,0
112900251,0,0,0
112900252,0,0,0
112900253,0,0,0
112900254,0,0,0
112900255,0,0,0
112900256,0,0,0
112900257,0,0,0
112900258,0,0,0
113000001,352,300,52
113000002,144,78,66
113000003,179,129,50
113000004,184,63,121
113000005,60,67,-7
113000006,31,22,9
113000007,52,64,-12
113000008,68,29,39
113000009,142,93,49
113000010,60,33,27
113000011,20,138,-118
113000012,78,50,28
113000013,107,53,54
113000014,26,60,-34
113000015,1,9,-8
113000016,24,35,-11
113000017,4,33,-29
113000018,2,1,1
113000019,2,37,-35
113000020,0,0,0
113000021,30,66,-36
113000022,13,116,-103
113000025,4,13,-9
113000026,0,10,-10
113000027,2,14,-12
113000028,55,14,41
113000029,0,0,0
113000030,78,84,-6
113000031,45,20,25
113000032,0,0,0
113000033,0,0,0
113000034,24,31,-7
113000035,1,1,0
113000036,0,0,0
113000037,7,1,6
113000038,0,0,0
113000039,19,14,5
113000040,5,6,-1
113000042,40,5,35
113000051,32,33,-1
113000052,134,13,121
113000053,5,26,-21
113000054,6,18,-12
113000055,15,32,-17
113000056,30,105,-75
113000058,61,79,-18
113000059,0,0,0
113000060,5,47,-42
113000061,17,13,4
113000062,30,0,30
113000063,0,0,0
113000064,0,0,0
113000065,6,65,-59
113000066,14,2,12
113000067,11,28,-17
113000068,9,90,-81
113000069,6,54,-48
113000070,6,14,-8
113000071,19,29,-10
113000072,4,4,0
113000073,32,71,-39
113000074,32,18,14
113000075,26,23,3
113000076,88,81,7
113000077,0,0,0
113000078,44,125,-81
113000079,43,66,-23
113000080,2,6,-4
113000081,0,0,0
113000082,52,89,-37
113000083,0,0,0
113000084,74,104,-30
113000085,9,6,3
113000086,57,97,-40
113000087,16,2,14
113000088,190,73,117
113000089,10,9,1
113000090,0,12,-12
113000091,40,20,20
113000094,7,5,2
113000095,10,67,-57
113000096,15,97,-82
113000097,8,5,3
113000098,0,0,0
113000099,6,11,-5
113000100,15,40,-25
113000101,26,53,-27
113000102,2,5,-3
113000103,125,77,48
113000104,0,0,0
113000105,0,0,0
113000106,4,61,-57
113000107,45,5,40
113000108,30,100,-70
113000109,46,46,0
113000110,2,0,2
113000111,7,14,-7
113000112,2,0,2
113000113,0,0,0
113000114,22,32,-10
113000116,2,1,1
113000117,6,0,6
113000118,0,0,0
113000119,2,2,0
113000120,1,1,0
113000121,7,10,-3
113000124,0,0,0
113000125,0,0,0
113000127,153,25,128
113000128,0,0,0
113000129,114,58,56
113000133,184,52,132
113000134,0,28,-28
113000135,6,13,-7
113000137,0,0,0
113000139,0,0,0
113000140,21,24,-3
113000141,0,0,0
113000142,13,28,-15
113000143,0,0,0
113000144,18,42,-24
113000145,0,0,0
113000146,12,15,-3
113000147,4,8,-4
113000148,0,0,0
113000149,0,0,0
113000150,26,25,1
113000151,10,6,4
113000152,0,0,0
113000153,37,9,28
113000154,24,40,-16
113000155,20,7,13
113000156,18,31,-13
113000157,13,35,-22
113000158,60,19,41
113000159,78,56,22
113000160,22,36,-14
113000161,0,2,-2
113000162,93,42,51
113000163,0,0,0
113000164,8,5,3
113000166,0,0,0
113000167,19,25,-6
113000168,3,37,-34
113000169,0,0,0
113000170,0,0,0
113000171,34,29,5
113000172,0,0,0
113000173,0,0,0
113000174,5,86,-81
113000175,0,0,0
113000176,0,0,0
113000177,12,78,-66
113000178,17,66,-49
113000179,0,0,0
113000180,10,65,-55
113000181,75,62,13
113000182,12,10,2
113000183,12,35,-23
113000184,7,24,-17
113000189,15,30,-15
113000190,11,9,2
113000192,290,63,227
113000193,217,53,164
113000194,138,55,83
113000195,51,15,36
113000196,4,4,0
113000197,17,22,-5
113000198,2,16,-14
113000199,0,0,0
113000201,3,7,-4
113000202,79,22,57
113000203,0,0,0
113000204,114,77,37
113000205,0,2,-2
113000206,0,0,0
113000207,7,1,6
113000208,0,0,0
113000209,1,3,-2
113000210,0,0,0
113000211,6,5,1
113000212,1,0,1
113000213,1,5,-4
113000214,13,28,-15
113000234,29,94,-65
113000410,8,2,6
113000411,202,295,-93
113000412,662,204,458
113000413,175,151,24
113000414,405,129,276
113000415,278,328,-50
113000416,620,448,172
113000417,152,238,-86
113000418,265,181,84
113000419,80,82,-2
113000420,405,163,242
113000421,167,138,29
113000422,1214,304,910
113000423,430,292,138
113000424,522,385,137
113000425,0,4,-4
113000428,1,1,0
113000430,1,1,0
113000432,24,3,21
113000433,3,64,-61
113000434,4,93,-89
113000435,2,91,-89
113000436,1,82,-81
113000437,0,0,0
113000438,0,0,0
113000439,5,13,-8
113000440,0,0,0
113000441,0,0,0
113000442,3,45,-42
113000443,0,0,0
113000444,4,21,-17
113000445,0,0,0
113000446,3,11,-8
113000448,10,5,5
113000449,0,0,0
113000450,6,3,3
113000451,72,11,61
113000452,0,0,0
113000453,9,27,-18
113000454,0,0,0
113000455,9,10,-1
113000456,27,26,1
113000468,33,0,33
113000469,1,0,1
113000470,0,0,0
113000471,0,0,0
113000472,1,0,1
113000474,13,68,-55
113000475,73,164,-91
113000476,83,144,-61
113000477,121,262,-141
113000478,285,398,-113
113000479,5,37,-32
113000485,0,0,0
113000486,0,0,0
113000487,0,0,0
113000489,0,0,0
113000490,0,0,0
113000491,0,0,0
113000492,0,0,0
113000493,0,0,0
113000495,19,15,4
113000496,0,0,0
113900001,0,0,0
113900002,0,0,0
113900003,0,0,0
113900004,0,0,0
113900005,0,0,0
113900006,0,0,0
113900007,0,0,0
113900008,0,0,0
113900009,0,0,0
113900010,0,0,0
113900011,0,0,0
113900012,0,0,0
113900013,0,0,0
113900014,0,0,0
113900015,0,1,-1
113900016,0,0,0
113900017,0,0,0
113900018,2,0,2
113900019,1,0,1
113900020,0,0,0
113900022,0,0,0
113900023,0,0,0
113900024,0,1,-1
113900025,0,0,0
113900026,0,0,0
113900027,0,0,0
113900028,0,0,0
113900029,0,8,-8
113900030,0,0,0
113900031,0,0,0
113900032,0,0,0
113900033,0,0,0
113900035,0,0,0
113900036,0,0,0
113900037,0,0,0
113900038,0,0,0
113900039,0,0,0
113900040,0,0,0
113900041,0,0,0
113900042,0,0,0
113900043,3,3,0
113900044,0,0,0
113900045,0,0,0
113900046,7,31,-24
113900047,0,0,0
113900048,12,1,11
113900049,10,0,10
113900050,2,15,-13
113900051,0,11,-11
113900052,0,0,0
113900053,0,0,0
113900054,0,0,0
113900055,0,22,-22
113900056,0,0,0
113900057,0,1,-1
113900058,0,5,-5
113900059,2,9,-7
113900060,0,0,0
113900061,0,0,0
113900062,0,0,0
113900063,0,0,0
113900064,0,2,-2
113900065,0,0,0
113900066,0,9,-9
113900067,0,0,0
113900068,0,0,0
113900069,0,0,0
113900070,4,17,-13
113900071,0,0,0
113900072,2,2,0
113900073,1,5,-4
113900074,0,0,0
113900075,0,0,0
113900076,0,0,0
113900077,0,8,-8
113900078,0,0,0
113900079,0,1,-1
113900080,0,0,0
113900081,0,2,-2
113900082,0,4,-4
113900083,0,0,0
113900084,0,0,0
113900085,2,12,-10
113900086,0,0,0
113900087,0,0,0
113900088,0,0,0
113900089,0,0,0
113900090,1,0,1
113900091,0,0,0
113900092,0,0,0
113900093,0,4,-4
113900094,0,0,0
113900095,0,0,0
113900096,0,0,0
113900097,0,3,-3
113900098,0,0,0
113900099,0,0,0
113900100,0,0,0
113900101,0,1,-1
113900102,0,1,-1
113900103,0,0,0
113900104,0,0,0
113900105,0,15,-15
113900106,0,0,0
113900107,0,0,0
113900108,1,16,-15
113900109,0,0,0
113900110,0,0,0
113900111,0,0,0
113900112,0,2,-2
113900113,0,2,-2
113900114,0,0,0
113900115,0,0,0
113900116,0,4,-4
113900117,0,0,0
113900118,0,0,0
113900119,0,0,0
113900120,0,0,0
113900121,0,0,0
113900122,0,0,0
113900123,1,0,1
113900124,0,0,0
113900125,0,1,-1
113900126,0,0,0
113900127,0,0,0
113900128,0,0,0
113900129,0,0,0
113900130,0,0,0
113900131,0,1,-1
113900132,0,0,0
113900133,0,0,0
113900135,8,22,-14
113900136,1,1,0
113900137,0,1,-1
113900138,0,0,0
113900139,16,2,14
113900140,0,0,0
113900141,3,4,-1
113900142,0,1,-1
113900143,0,0,0
113900144,0,0,0
113900145,2,4,-2
113900146,1,0,1
113900148,0,1,-1
113900149,0,0,0
113900150,27,5,22
113900151,1,0,1
113900152,0,1,-1
113900153,2,0,2
113900154,0,0,0
113900155,5,0,5
113900156,11,21,-10
113900157,0,2,-2
113900158,2,0,2
113900159,0,0,0
113900160,17,21,-4
113900161,0,4,-4
113900162,12,6,6
113900163,17,3,14
113900164,0,0,0
113900165,32,12,20
113900166,0,0,0
113900167,0,0,0
113900168,6,5,1
113900169,6,26,-20
113900171,0,0,0
113900172,0,3,-3
113900173,0,18,-18
113900174,5,45,-40
113900175,0,0,0
113900176,5,43,-38
113900177,1,1,0
113900178,0,0,0
113900179,0,20,-20
113900180,2,2,0
113900181,0,0,0
113900182,9,22,-13
113900183,0,3,-3
113900184,0,25,-25
113900185,15,2,13
113900186,0,1,-1
113900187,2,2,0
113900188,1,8,-7
113900189,0,0,0
113900190,28,3,25
113900191,0,1,-1
113900192,34,0,34
113900193,0,12,-12
113900194,22,14,8
113900195,11,16,-5
113900196,0,4,-4
113900197,0,6,-6
113900198,0,1,-1
113900199,7,18,-11
113900200,1,7,-6
113900201,0,4,-4
113900202,0,4,-4
113900203,0,4,-4
113900204,2,7,-5
113900205,1,1,0
113900206,0,3,-3
113900207,0,1,-1
113900208,0,0,0
113900209,0,5,-5
113900210,6,5,1
113900211,0,0,0
113900212,0,31,-31
113900214,14,28,-14
113900215,0,1,-1
113900216,0,28,-28
113900217,0,0,0
113900218,0,0,0
113900219,0,9,-9
113900220,0,0,0
113900221,0,0,0
113900222,3,1,2
113900223,0,19,-19
113900224,2,5,-3
113900225,0,0,0
113900226,0,0,0
113900227,0,1,-1
113900228,11,3,8
113900229,0,2,-2
113900230,18,7,11
113900231,13,6,7
113900232,0,1,-1
113900233,0,0,0
113900234,0,2,-2
113900235,0,0,0
113900236,0,0,0
113900237,0,0,0
113900238,0,1,-1
113900239,0,0,0
113900240,0,0,0
113900241,9,0,9
113900242,1,0,1
113900243,2,14,-12
113900244,12,2,10
113900245,34,2,32
113900246,0,0,0
113900247,0,0,0
113900248,60,2,58
113900249,0,0,0
113900250,0,0,0
113900251,1,4,-3
113900252,0,0,0
113900253,0,0,0
113900254,0,0,0
113900255,0,0,0
113900256,0,0,0
113900257,10,23,-13
113900258,0,29,-29
113900259,0,9,-9
113900260,0,0,0
113900261,0,3,-3
113900262,0,27,-27
113900263,7,9,-2
113900264,0,23,-23
113900265,10,10,0
113900266,0,16,-16
113900267,3,21,-18
113900268,0,0,0
113900269,1,17,-16
113900270,2,18,-16
113900271,20,55,-35
113900273,0,0,0
113900274,0,0,0
113900275,0,1,-1
113900276,0,10,-10
113900277,0,0,0
113900278,16,4,12
113900279,1,0,1
113900280,17,17,0
113900281,0,7,-7
113900282,16,4,12
113900283,0,0,0
113900284,0,0,0
113900285,0,0,0
113900286,0,0,0
113900287,0,0,0
113900288,0,4,-4
113900289,26,0,26
113900290,8,0,8
113900291,5,4,1
113900292,0,0,0
113900293,0,7,-7
113900294,0,0,0
113900295,0,0,0
113900296,1,0,1
113900297,0,0,0
113900298,1,98,-97
113900299,0,0,0
113900300,64,0,64
113900301,0,0,0
113900302,0,1,-1
113900303,11,1,10
113900304,0,13,-13
113900305,0,0,0
113900306,0,0,0
113900307,0,0,0
113900308,3,1,2
113900309,0,12,-12
113900310,0,0,0
113900311,0,0,0
113900312,0,0,0
113900313,0,0,0
113900314,0,0,0
113900315,0,0,0
114000001,69,148,-79
114000002,0,0,0
114000003,5,39,-34
114000004,5,10,-5
114000005,0,1,-1
114000006,71,60,11
114000007,14,35,-21
114000008,44,56,-12
114000009,3,2,1
114000011,94,134,-40
114000012,63,102,-39
114000013,58,106,-48
114000014,16,16,0
114000015,14,17,-3
114000016,8,28,-20
114000017,8,5,3
114000018,7,1,6
114000026,33,94,-61
114000027,62,104,-42
114000028,72,100,-28
114000038,1,1,0
114000039,6,10,-4
114000040,3,3,0
114000042,8,36,-28
114000043,1,4,-3
114000044,7,8,-1
114000045,0,7,-7
114000046,50,159,-109
114000047,0,2,-2
114000048,1,6,-5
114000049,9,12,-3
114000050,3,13,-10
114000051,33,19,14
114000052,26,14,12
114000053,0,0,0
114000054,0,0,0
114000055,1,0,1
114000056,38,31,7
114000057,215,171,44
114000058,16,2,14
114000059,3,4,-1
114000060,22,62,-40
114000061,32,6,26
114000062,14,1,13
114000063,211,205,6
114000064,255,146,109
114000065,79,183,-104
114000066,18,45,-27
114000067,0,0,0
114000068,9,6,3
114000069,4,10,-6
114000070,8,8,0
114000071,6,4,2
114000072,3,9,-6
114000073,0,0,0
114000074,0,4,-4
114000075,0,0,0
114000076,0,0,0
114000077,0,0,0
114000078,1,12,-11
114000079,2,0,2
114000080,0,0,0
114000081,0,0,0
114000082,5,48,-43
114000083,3,6,-3
114000084,2,1,1
114000085,1,28,-27
114000086,2,17,-15
114000087,0,5,-5
114000088,0,0,0
114000089,26,15,11
114000090,5,6,-1
114000091,51,12,39
114000092,38,4,34
114000093,6,29,-23
114000094,4,6,-2
114000095,0,0,0
114000096,1,43,-42
114000097,2,39,-37
114000098,0,0,0
114000099,2,17,-15
114000100,2,11,-9
114000101,11,74,-63
114000102,0,0,0
114000103,0,9,-9
114000104,0,7,-7
114000105,0,7,-7
114000106,15,10,5
114000107,2,2,0
114000108,126,111,15
114000109,0,0,0
114000110,24,97,-73
114000111,0,0,0
114000112,16,195,-179
114000113,0,0,0
114000114,31,129,-98
114000115,0,0,0
114000116,21,14,7
114000117,17,2,15
114000118,16,11,5
114000119,30,1,29
114000120,60,111,-51
114000121,31,52,-21
114000122,16,42,-26
114000123,2,0,2
114000124,0,2,-2
114000125,50,154,-104
114000126,1,3,-2
114000127,2,22,-20
114000128,16,29,-13
114000130,0,0,0
114000131,0,0,0
114000132,15,47,-32
114000133,5,55,-50
114000134,0,2,-2
114000138,0,1,-1
114000139,0,0,0
114000144,0,0,0
114000145,0,0,0
114000146,3,3,0
114000147,0,0,0
114000148,13,1,12
114000149,1,4,-3
114000150,41,46,-5
114000151,5,1,4
114000152,0,1,-1
114000153,28,51,-23
114000154,16,36,-20
114000155,15,27,-12
114000156,4,14,-10
114000157,9,27,-18
114000158,35,29,6
114000159,5,17,-12
114000160,0,14,-14
114000161,12,2,10
114000162,5,5,0
114000163,0,0,0
114000165,0,0,0
114000166,32,6,26
114000167,98,62,36
114000168,49,35,14
114000169,106,31,75
114000170,55,41,14
114000171,63,55,8
114000174,7,28,-21
114000176,24,20,4
114000177,109,52,57
114000178,0,0,0
114000179,10,1,9
114000180,36,37,-1
114000181,36,47,-11
114000182,94,293,-199
114000183,37,144,-107
114000184,94,263,-169
114000185,7,10,-3
114000189,0,0,0
114000190,0,0,0
114000191,0,0,0
114000192,32,115,-83
114000193,50,194,-144
114000194,91,108,-17
114000195,0,0,0
114000196,0,31,-31
114000197,0,3,-3
114000198,28,13,15
114000199,81,33,48
114000200,15,146,-131
114000201,2,45,-43
114000202,62,56,6
114000203,41,115,-74
114000204,5,22,-17
114000205,1,71,-70
114000206,29,137,-108
114000207,52,191,-139
114000208,35,168,-133
114000209,37,264,-227
114000210,23,145,-122
114000211,15,50,-35
114000212,6,27,-21
114000213,61,12,49
114000214,3,2,1
114000215,0,15,-15
114000216,38,0,38
114000217,1,22,-21
114000218,2,19,-17
114000219,38,19,19
114000220,3,133,-130
114000221,15,3,12
114000222,1,83,-82
114000223,0,0,0
114000224,5,45,-40
114000225,8,50,-42
114000226,1,18,-17
114000227,15,22,-7
114000228,9,17,-8
114000229,46,109,-63
114000230,14,29,-15
114000231,24,145,-121
114000232,11,1,10
114000233,10,3,7
114000234,16,19,-3
114000235,50,172,-122
114000236,0,163,-163
114000237,24,93,-69
114000238,0,0,0
114000239,1,126,-125
114000240,48,65,-17
114000241,21,125,-104
114000242,71,60,11
114000243,25,28,-3
114000244,0,0,0
114000245,33,110,-77
114000246,34,5,29
114000247,7,15,-8
114000248,10,23,-13
114000249,10,13,-3
114000250,19,27,-8
114000251,1,11,-10
114000252,6,2,4
114000253,0,0,0
114000254,0,0,0
114000255,8,13,-5
114000256,10,3,7
114000257,47,214,-167
114000258,7,19,-12
114000259,2,24,-22
114000260,0,19,-19
114000261,9,0,9
114000262,0,5,-5
114000263,0,0,0
114000264,7,10,-3
114000265,0,0,0
114000267,0,138,-138
114000268,0,146,-146
114000270,0,0,0
114000271,22,8,14
114000283,9,17,-8
114000285,9,21,-12
114000288,2,35,-33
114000289,6,4,2
114000293,0,65,-65
114000294,1,1,0
114000395,37,1,36
114000396,0,0,0
114000402,5,4,1
114000403,0,5,-5
114000405,2,35,-33
114000423,2,39,-37
114000424,5,2,3
114000425,6,32,-26
114000426,0,0,0
114000427,2,11,-9
114000428,0,0,0
114000429,0,9,-9
114000432,0,0,0
114000434,2,3,-1
114000435,0,12,-12
114900001,0,0,0
114900002,0,0,0
114900003,0,0,0
114900004,0,0,0
114900005,0,0,0
114900006,0,0,0
114900007,0,0,0
114900008,0,0,0
114900010,14,5,9
114900011,0,0,0
114900013,0,0,0
114900018,0,0,0
114900020,0,0,0
114900022,0,6,-6
114900025,0,0,0
114900026,0,0,0
114900029,0,0,0
114900030,0,0,0
114900031,0,0,0
114900032,0,0,0
114900034,0,7,-7
114900035,0,5,-5
114900036,1,28,-27
114900039,7,26,-19
114900040,0,3,-3
114900041,0,32,-32
114900042,9,51,-42
114900044,0,0,0
114900047,0,17,-17
114900048,0,7,-7
114900049,0,18,-18
114900050,0,31,-31
114900051,1,13,-12
114900052,0,11,-11
114900053,0,6,-6
114900054,0,5,-5
114900057,0,0,0
114900058,0,4,-4
114900059,0,0,0
114900063,1,3,-2
114900064,8,39,-31
114900065,4,25,-21
114900067,1,14,-13
114900068,2,10,-8
114900069,1,4,-3
114900070,0,0,0
114900072,1,3,-2
114900073,0,6,-6
114900074,0,0,0
114900075,0,0,0
114900076,0,7,-7
114900080,0,0,0
114900082,0,45,-45
114900083,0,17,-17
114900090,0,0,0
114900091,2,1,1
114900097,0,0,0
114900098,0,0,0
114900099,0,0,0
115000001,300,633,-333
115000002,147,46,101
115000003,288,410,-122
115000004,99,82,17
115000005,141,398,-257
115000006,24,60,-36
115000007,0,0,0
115000008,14,23,-9
115000009,2,2,0
115000010,0,0,0
115000013,5,14,-9
115000015,1,14,-13
115000016,26,6,20
115000019,0,11,-11
115000020,0,0,0
115000021,22,29,-7
115000022,42,73,-31
115000023,51,2,49
115000024,26,80,-54
115000025,10,1,9
115000026,8,27,-19
115000027,10,1,9
115000028,20,56,-36
115000029,6,1,5
115000030,15,90,-75
115000031,65,2,63
115000032,0,37,-37
115000033,0,0,0
115000034,3,106,-103
115000035,0,0,0
115000036,0,47,-47
115000037,0,0,0
115000038,0,0,0
115000039,20,48,-28
115000040,171,111,60
115000041,22,100,-78
115000042,3,22,-19
115000043,42,157,-115
115000044,299,359,-60
115000045,132,292,-160
115000046,21,71,-50
115000047,51,59,-8
115000048,119,343,-224
115000049,197,380,-183
115000050,55,45,10
115000051,170,39,131
115000052,145,246,-101
115000053,43,43,0
115000054,48,72,-24
115000055,4,73,-69
115000056,0,6,-6
115000057,8,102,-94
115000058,2,27,-25
115000059,0,59,-59
115000061,0,0,0
115000062,1,25,-24
115000063,8,35,-27
115000064,0,0,0
115000065,2,25,-23
115000067,0,0,0
115000069,1,27,-26
115000070,1,35,-34
115000071,0,0,0
115000072,1,1,0
115000073,67,1,66
115000075,1,0,1
115000076,86,161,-75
115000077,36,151,-115
115000078,40,97,-57
115000079,61,117,-56
115000080,38,172,-134
115000081,4,14,-10
115000082,69,136,-67
115000083,58,210,-152
115000084,0,0,0
115000085,30,108,-78
115000086,0,0,0
115000087,14,128,-114
115000088,0,0,0
115000089,224,185,39
115000090,10,31,-21
115000091,9,75,-66
115000092,2,32,-30
115000093,0,0,0
115000094,192,187,5
115000095,205,296,-91
115000096,18,93,-75
115000097,12,78,-66
115000098,13,118,-105
115000099,17,119,-102
115000100,4,10,-6
115000101,16,187,-171
115000102,2,11,-9
115000103,28,75,-47
115000105,0,0,0
115000106,2,5,-3
115000107,20,54,-34
115000108,350,371,-21
115000109,104,30,74
115000110,72,22,50
115000111,28,110,-82
115000112,16,33,-17
115000113,12,44,-32
115000114,53,37,16
115000116,34,68,-34
115000117,15,60,-45
115000118,47,76,-29
115000119,62,80,-18
115000120,15,45,-30
115000121,179,74,105
115000122,151,63,88
115000123,27,30,-3
115000124,32,29,3
115000125,1,25,-24
115000126,2,12,-10
115000127,22,13,9
115000128,9,17,-8
115000129,0,13,-13
115000130,3,23,-20
115000131,3,19,-16
115000132,2,13,-11
115000133,1,27,-26
115000134,1,10,-9
115000135,1,12,-11
115000136,0,0,0
115000137,2,5,-3
115000138,0,0,0
115000139,16,22,-6
115000140,0,0,0
115000141,5,19,-14
115000142,18,26,-8
115000143,0,0,0
115000144,4,0,4
115000145,1,29,-28
115000146,0,0,0
115000147,4,27,-23
115000148,22,36,-14
115000149,2,3,-1
115000150,54,41,13
115000151,1,2,-1
115000152,11,79,-68
115000153,0,0,0
115000154,1,0,1
115000155,9,57,-48
115000156,2,0,2
115000157,60,34,26
115000158,20,6,14
115000159,4,0,4
115000160,0,0,0
115000161,17,38,-21
115000162,0,0,0
115000163,63,82,-19
115000164,34,56,-22
115000165,0,0,0
115000167,0,0,0
115000168,0,0,0
115000169,46,62,-16
115000170,18,23,-5
115000171,0,0,0
115000172,20,23,-3
115000173,0,0,0
115000174,0,0,0
115000175,13,7,6
115000176,0,0,0
115000177,0,0,0
115000178,4,21,-17
115000179,0,0,0
115000180,3,22,-19
115000181,0,0,0
115000182,0,0,0
115000183,5,43,-38
115000186,13,14,-1
115000187,3,51,-48
115000188,60,15,45
115000189,15,50,-35
115000190,65,18,47
115000191,4,45,-41
115000194,1,7,-6
115000195,0,0,0
115000196,0,0,0
115000197,0,16,-16
115000198,0,0,0
115000199,0,6,-6
115000200,0,0,0
115000201,8,32,-24
115000206,0,0,0
115000207,7,47,-40
115000208,28,63,-35
115000209,16,8,8
115000210,2,21,-19
115000211,17,18,-1
115000212,94,52,42
115000224,0,0,0
115000225,0,0,0
115000229,0,0,0
115000230,0,0,0
115000231,7,172,-165
115000232,5,21,-16
115000233,2,21,-19
115000234,0,0,0
115000241,0,0,0
115000242,0,0,0
115000243,0,0,0
115000244,0,0,0
115000246,0,0,0
115000247,0,0,0
115000248,0,0,0
115000249,0,0,0
115000250,0,1,-1
115000251,0,0,0
115000252,0,0,0
115000253,0,0,0
115000258,0,0,0
115000259,0,0,0
115000261,0,0,0
115000262,0,0,0
115000263,0,0,0
115000264,0,0,0
115000267,0,0,0
115000268,0,0,0
115000269,0,0,0
115000270,0,0,0
115000272,0,0,0
115000273,0,0,0
115000280,0,0,0
115000281,80,33,47
115000282,7,4,3
115000284,72,16,56
115000296,0,0,0
115000297,0,0,0
115000298,8,0,8
115000300,0,5,-5
115000302,0,0,0
115000303,0,0,0
115000304,0,0,0
115000305,2,35,-33
115000306,2,34,-32
115000307,1,9,-8
115000308,0,0,0
115000310,28,81,-53
115000311,0,0,0
115000313,12,51,-39
115000314,0,0,0
115000315,88,28,60
115000316,0,0,0
115000317,1,36,-35
115000318,25,16,9
115000319,0,34,-34
115000320,3,21,-18
115000321,44,0,44
115000322,2,19,-17
115000449,0,0,0
115000557,0,2,-2
115000558,0,0,0
115000587,1,0,1
115000588,310,553,-243
115000589,241,147,94
115000590,43,181,-138
115000591,14,50,-36
115000592,44,202,-158
115000593,37,18,19
115000594,42,201,-159
115000609,0,1,-1
115000617,100,15,85
115000624,0,0,0
115000633,9,157,-148
115000634,217,45,172
115000635,7,7,0
115000638,0,0,0
115000641,0,0,0
115000642,4,3,1
115000643,2,28,-26
115000644,2,45,-43
115000646,30,47,-17
115000647,4,47,-43
115000648,14,128,-114
115000893,125,68,57
115000894,4,161,-157
115000895,42,222,-180
115000896,65,11,54
115000897,29,4,25
115000898,36,7,29
115000899,39,41,-2
115000900,3,10,-7
115000901,13,9,4
115000912,14,2,12
115000913,0,0,0
115000915,0,0,0
115000916,0,0,0
115000917,0,0,0
115000918,0,0,0
115000919,0,0,0
115000920,0,1,-1
115000921,26,2,24
115000922,24,32,-8
115000923,20,154,-134
115000925,3,3,0
115000927,0,0,0
115000933,10,13,-3
115000934,0,0,0
115000935,0,0,0
115000936,0,0,0
115000937,120,8,112
115000938,32,11,21
115000939,19,10,9
115000940,0,0,0
115000941,0,0,0
115000942,0,0,0
115000943,14,1,13
115000944,2,2,0
115900001,0,0,0
115900002,0,0,0
115900003,0,0,0
115900004,0,0,0
115900005,0,0,0
115900006,0,0,0
115900008,0,0,0
115900009,0,0,0
115900010,0,0,0
115900011,0,3,-3
115900012,0,0,0
115900013,0,0,0
115900014,0,2,-2
115900015,0,0,0
115900016,0,0,0
115900017,0,0,0
115900018,4,0,4
115900019,0,0,0
115900020,0,0,0
115900021,43,1,42
115900022,0,0,0
115900023,0,0,0
115900025,0,0,0
115900026,0,0,0
115900027,0,0,0
115900028,8,0,8
115900029,0,8,-8
115900030,0,0,0
115900031,0,0,0
115900032,0,0,0
115900033,0,0,0
115900034,2,8,-6
115900035,0,0,0
115900036,1,1,0
115900037,0,12,-12
115900038,0,0,0
115900039,0,0,0
115900041,0,0,0
115900042,0,0,0
115900043,0,0,0
115900044,0,0,0
115900046,4,4,0
115900047,0,0,0
115900049,0,0,0
115900051,0,21,-21
115900052,0,6,-6
115900053,0,0,0
115900054,1,20,-19
115900055,0,3,-3
115900056,0,0,0
115900057,0,0,0
115900058,4,2,2
115900060,0,0,0
115900061,0,0,0
115900062,0,30,-30
115900063,0,0,0
115900064,0,0,0
115900065,0,0,0
115900066,2,2,0
115900067,1,18,-17
115900068,107,0,107
115900069,0,0,0
115900070,0,0,0
115900071,0,1,-1
115900072,2,10,-8
115900073,0,0,0
115900074,1,15,-14
115900075,0,0,0
115900076,0,0,0
115900077,0,8,-8
115900078,0,0,0
115900079,0,0,0
115900080,0,0,0
115900081,0,2,-2
115900082,0,0,0
115900084,0,0,0
115900085,0,0,0
115900086,0,0,0
115900088,0,1,-1
115900089,0,13,-13
115900090,0,0,0
115900091,0,0,0
115900092,0,9,-9
115900093,0,1,-1
115900094,0,13,-13
115900096,0,0,0
115900097,0,15,-15
115900098,0,6,-6
115900099,0,0,0
115900100,0,0,0
115900101,0,11,-11
115900102,0,0,0
115900103,1,7,-6
115900104,0,0,0
115900105,0,0,0
115900106,0,0,0
115900107,0,0,0
115900108,0,0,0
115900109,0,0,0
115900110,0,0,0
115900111,0,4,-4
115900112,0,0,0
115900113,0,0,0
115900114,0,10,-10
115900115,1,1,0
115900116,0,0,0
115900117,0,0,0
115900118,0,31,-31
115900119,0,0,0
115900120,0,0,0
115900121,0,0,0
115900124,0,0,0
115900125,0,0,0
115900126,0,0,0
115900127,0,0,0
115900128,0,0,0
115900129,0,0,0
115900130,0,0,0
115900131,0,0,0
115900132,0,0,0
115900134,0,0,0
115900135,0,0,0
115900137,0,0,0
115900139,2,0,2
115900140,0,0,0
115900141,0,0,0
115900142,0,0,0
115900143,0,0,0
115900144,0,11,-11
115900146,0,0,0
115900147,0,0,0
115900148,0,0,0
115900149,0,0,0
115900150,0,0,0
115900151,0,0,0
115900152,0,0,0
115900153,0,0,0
115900154,0,0,0
115900155,0,0,0
115900156,0,0,0
115900157,0,0,0
115900158,0,0,0
115900159,0,0,0
115900160,0,0,0
115900161,0,0,0
115900163,0,0,0
115900164,0,0,0
115900166,0,0,0
115900168,0,0,0
115900171,0,0,0
115900172,0,0,0
115900173,0,0,0
115900174,0,0,0
115900175,2,2,0
115900178,1,32,-31
115900179,0,0,0
115900180,0,0,0
115900181,1,10,-9
115900182,27,13,14
115900183,1,0,1
115900184,0,0,0
115900187,0,0,0
115900189,0,0,0
115900190,0,0,0
115900191,0,0,0
115900192,0,0,0
115900193,0,0,0
115900194,0,0,0
115900195,0,0,0
115900198,0,0,0
115900199,0,0,0
115900200,0,0,0
115900201,0,0,0
115900202,0,0,0
115900203,0,0,0
115900204,0,0,0
115900205,0,0,0
115900206,0,0,0
115900207,0,0,0
115900208,0,0,0
115900209,0,0,0
115900210,0,0,0
115900211,0,0,0
115900212,0,0,0
115900213,0,0,0
115900214,0,1,-1
115900215,0,0,0
115900216,0,9,-9
115900217,0,9,-9
115900218,0,7,-7
115900219,0,0,0
115900220,0,0,0
115900221,0,0,0
115900222,0,0,0
115900223,0,0,0
115900224,0,0,0
115900225,0,0,0
115900226,0,0,0
115900227,0,0,0
115900228,0,0,0
115900229,0,0,0
115900230,0,0,0
115900231,0,0,0
115900232,0,0,0
115900233,0,0,0
115900234,0,0,0
115900235,0,0,0
115900236,0,0,0
115900237,0,4,-4
115900238,0,1,-1
115900239,0,0,0
115900240,0,1,-1
115900241,0,0,0
115900242,0,0,0
115900243,0,0,0
115900244,0,0,0
115900245,0,0,0
115900246,0,0,0
115900247,0,0,0
115900248,0,0,0
115900249,0,0,0
115900250,0,0,0
115900251,0,0,0
115900252,0,0,0
115900253,0,0,0
115900254,0,0,0
115900255,0,0,0
115900256,0,0,0
115900257,0,0,0
115900258,0,0,0
115900259,0,0,0
115900260,0,0,0
115900261,0,0,0
115900262,0,0,0
115900263,0,0,0
115900264,0,0,0
115900265,0,0,0
115900266,0,0,0
115900267,0,0,0
115900268,0,0,0
115900269,0,4,-4
115900270,0,0,0
115900271,0,0,0
115900272,0,0,0
115900273,0,0,0
115900274,0,0,0
115900275,0,0,0
115900276,0,0,0
115900277,0,0,0
115900278,0,2,-2
115900279,0,1,-1
115900280,0,2,-2
115900281,1,6,-5
115900282,0,0,0
115900283,0,0,0
115900284,0,0,0
116000001,1122,292,830
116000002,267,54,213
116000003,116,158,-42
116000004,311,31,280
116000005,107,137,-30
116000006,92,56,36
116000007,139,264,-125
116000008,107,115,-8
116000009,33,112,-79
116000010,56,22,34
116000011,31,26,5
116000012,62,31,31
116000013,589,360,229
116000014,143,24,119
116000015,10,54,-44
116000016,74,17,57
116000017,0,35,-35
116000018,10,10,0
116000019,15,38,-23
116000020,14,17,-3
116000021,8,35,-27
116000022,11,9,2
116000023,5,11,-6
116000024,18,20,-2
116000025,9,15,-6
116000026,40,138,-98
116000027,6,31,-25
116000028,0,0,0
116000029,37,28,9
116000030,0,0,0
116000031,4,13,-9
116000032,15,27,-12
116000033,0,21,-21
116000034,6,49,-43
116000035,9,32,-23
116000036,24,14,10
116000037,0,0,0
116000038,0,0,0
116000039,31,20,11
116000040,0,0,0
116000041,9,30,-21
116000042,0,0,0
116000043,11,35,-24
116000044,3,2,1
116000045,0,0,0
116000046,91,161,-70
116000047,85,157,-72
116000048,13,14,-1
116000049,11,19,-8
116000050,48,140,-92
116000051,24,20,4
116000052,114,196,-82
116000053,0,0,0
116000054,34,126,-92
116000055,32,51,-19
116000056,1,0,1
116000057,216,67,149
116000058,158,53,105
116000059,48,11,37
116000060,236,31,205
116000061,48,39,9
116000062,16,33,-17
116000063,7,24,-17
116000066,3,0,3
116000067,17,24,-7
116000068,0,0,0
116000069,29,23,6
116000078,0,0,0
116000080,83,83,0
116000082,0,13,-13
116000083,37,27,10
116000084,43,69,-26
116000085,79,19,60
116000086,36,27,9
116000087,50,13,37
116000088,39,52,-13
116000089,5,5,0
116000090,0,0,0
116000091,5,10,-5
116000093,6,9,-3
116000094,2,33,-31
116000095,16,6,10
116000096,6,50,-44
116000097,14,23,-9
116000098,3,74,-71
116000099,213,3,210
116000100,0,0,0
116000101,0,8,-8
116000102,0,38,-38
116000103,3,9,-6
116000104,0,39,-39
116000105,2,10,-8
116000106,4,33,-29
116000107,8,14,-6
116000108,0,11,-11
116000111,0,0,0
116000113,0,0,0
116000114,0,0,0
116000115,0,0,0
116000116,1,3,-2
116000117,0,0,0
116000118,29,92,-63
116000119,3,6,-3
116000120,63,262,-199
116000121,0,0,0
116000122,71,236,-165
116000123,0,0,0
116000124,27,133,-106
116000125,3,4,-1
116000126,23,178,-155
116000127,40,136,-96
116000128,1,5,-4
116000129,0,1,-1
116000130,0,0,0
116000133,31,92,-61
116000134,43,196,-153
116000135,16,66,-50
116000136,26,183,-157
116000137,1,21,-20
116000138,52,15,37
116000139,55,201,-146
116000140,7,23,-16
116000141,5,51,-46
116000142,275,588,-313
116000143,194,15,179
116000144,76,303,-227
116000145,103,63,40
116000146,3,14,-11
116000147,31,7,24
116000148,2,14,-12
116000149,0,14,-14
116000151,26,109,-83
116000153,0,0,0
116000155,0,0,0
116000156,8,53,-45
116000157,0,0,0
116000158,5,47,-42
116000159,0,0,0
116000160,0,8,-8
116000161,0,1,-1
116000162,6,1,5
116000163,2,0,2
116000164,0,1,-1
116000177,0,8,-8
116000194,1,28,-27
116000195,34,27,7
116000196,0,0,0
116000197,1,0,1
116000198,41,22,19
116000200,0,0,0
116000201,15,27,-12
116000202,0,0,0
116000203,0,2,-2
116000204,0,4,-4
116000205,0,13,-13
116000206,0,6,-6
116000207,0,2,-2
116000233,3,16,-13
116000287,8,39,-31
116000288,0,0,0
116000292,0,10,-10
116000296,0,0,0
116000297,2,1,1
116000304,0,0,0
116000305,0,0,0
116000346,0,1,-1
116000352,0,0,0
116000354,0,0,0
116000357,0,0,0
116000358,0,0,0
116000361,0,0,0
116000372,104,107,-3
116000381,0,0,0
116000388,0,4,-4
116000389,6,11,-5
116000445,7,95,-88
116000446,0,0,0
116000447,0,58,-58
116000448,0,0,0
116000563,0,2,-2
116000565,13,10,3
116000568,2,0,2
116000579,2,5,-3
116000583,0,0,0
116000584,0,0,0
116000585,1,1,0
116000586,5,0,5
116000587,0,11,-11
116000589,0,1,-1
116000590,0,0,0
116000591,0,0,0
116000592,0,0,0
116000593,0,0,0
116000594,1,16,-15
116000595,1,6,-5
116000596,0,0,0
116000597,0,0,0
116000598,0,10,-10
116000605,0,0,0
116000606,0,0,0
116000607,0,1,-1
116000609,0,18,-18
116000611,1,48,-47
116000612,34,32,2
116000613,0,0,0
116000614,41,91,-50
116000615,0,38,-38
116000616,1,1,0
116000617,0,3,-3
116000618,0,3,-3
116000619,0,0,0
116000620,0,12,-12
116000621,0,0,0
116000622,0,0,0
116000624,0,0,0
116000627,0,0,0
116000628,0,0,0
116000629,0,0,0
116000630,0,0,0
116000631,0,0,0
116000632,0,0,0
116000633,0,0,0
116000634,6,32,-26
116000635,64,60,4
116000636,267,62,205
116000637,3,21,-18
116000638,0,0,0
116000639,0,0,0
116000640,0,0,0
116000641,35,44,-9
116000643,1,30,-29
116000644,4,181,-177
116000645,0,0,0
116900001,0,0,0
116900002,0,0,0
116900003,0,0,0
116900004,0,0,0
116900005,1,0,1
116900006,0,0,0
116900007,0,0,0
116900008,1,25,-24
116900009,0,0,0
116900010,0,30,-30
116900011,0,5,-5
116900012,0,0,0
116900013,0,10,-10
116900014,0,0,0
116900015,0,0,0
116900016,0,0,0
116900017,0,22,-22
116900018,0,0,0
116900019,1,7,-6
116900020,9,0,9
116900023,0,0,0
116900024,0,0,0
116900025,0,34,-34
116900026,0,14,-14
116900027,0,0,0
116900028,0,2,-2
116900029,0,0,0
116900031,0,0,0
116900032,0,2,-2
116900033,0,0,0
116900034,0,2,-2
116900035,0,5,-5
116900036,0,2,-2
116900038,0,0,0
116900041,0,0,0
116900042,8,4,4
116900043,0,1,-1
116900047,0,0,0
116900049,0,6,-6
116900050,0,1,-1
116900051,0,0,0
116900052,0,0,0
116900055,0,0,0
116900057,1,5,-4
116900058,1,3,-2
116900059,0,0,0
116900060,6,7,-1
116900062,0,0,0
116900064,7,18,-11
116900065,0,2,-2
116900067,0,0,0
116900068,8,9,-1
116900070,0,0,0
116900072,0,11,-11
116900073,0,1,-1
116900074,0,0,0
116900076,0,0,0
116900077,1,3,-2
116900078,4,3,1
116900079,0,2,-2
116900080,0,0,0
116900081,1,16,-15
116900082,0,15,-15
116900083,0,0,0
116900084,3,0,3
116900085,0,4,-4
116900086,0,7,-7
116900088,0,0,0
116900090,0,0,0
116900091,0,1,-1
116900092,0,23,-23
116900093,0,0,0
116900094,61,6,55
116900095,0,7,-7
116900096,0,1,-1
116900097,0,0,0
116900098,35,2,33
116900099,3,2,1
116900100,0,0,0
116900101,2,7,-5
116900103,0,0,0
116900104,1,0,1
116900105,0,0,0
116900106,0,0,0
116900107,1,2,-1
116900110,0,0,0
116900111,0,2,-2
116900112,0,0,0
116900113,0,0,0
116900116,0,0,0
116900117,0,2,-2
116900118,1,82,-81
116900120,0,0,0
116900121,0,0,0
116900122,1,82,-81
116900123,0,36,-36
116900124,0,1,-1
116900125,0,3,-3
116900126,0,9,-9
116900128,0,0,0
116900129,0,6,-6
116900130,16,37,-21
116900131,0,10,-10
116900132,1,2,-1
116900133,0,2,-2
116900134,1,13,-12
116900136,2,0,2
116900137,3,2,1
116900138,0,5,-5
116900139,4,1,3
116900140,0,3,-3
116900141,6,0,6
116900142,0,0,0
116900143,0,22,-22
116900144,0,0,0
116900145,1,5,-4
116900147,4,10,-6
116900148,0,0,0
116900149,0,0,0
116900150,0,0,0
116900151,0,0,0
116900153,0,0,0
116900154,0,0,0
116900155,0,5,-5
116900157,0,0,0
116900158,0,0,0
116900159,0,13,-13
116900160,0,0,0
116900161,175,21,154
116900162,0,0,0
116900163,0,0,0
116900164,0,2,-2
116900165,0,0,0
116900166,0,0,0
116900167,0,0,0
116900168,1,1,0
116900169,0,0,0
116900170,0,0,0
116900171,0,0,0
116900172,0,0,0
116900173,1,1,0
116900174,1,1,0
116900175,0,0,0
116900178,0,0,0
116900179,0,0,0
116900180,0,0,0
116900182,0,0,0
116900183,0,0,0
116900185,0,0,0
116900186,0,0,0
116900187,0,0,0
116900188,0,0,0
116900189,0,0,0
116900191,0,0,0
116900192,0,0,0
116900194,0,0,0
116900195,0,0,0
116900196,0,0,0
116900197,0,0,0
116900198,1,4,-3
116900200,0,0,0
116900201,0,0,0
116900202,0,0,0
116900203,0,0,0
116900204,0,0,0
116900206,0,0,0
116900207,0,0,0
116900208,0,0,0
116900209,0,0,0
116900210,0,9,-9
116900211,0,0,0
116900212,0,0,0
116900213,0,0,0
116900214,0,2,-2
116900215,0,0,0
116900216,1,1,0
116900218,0,6,-6
116900219,20,10,10
116900220,0,0,0
116900221,0,6,-6
116900222,0,0,0
116900223,0,0,0
116900226,1,4,-3
116900227,0,2,-2
116900228,3,7,-4
116900230,0,5,-5
116900231,0,7,-7
116900232,0,6,-6
116900233,0,0,0
116900234,0,0,0
116900235,5,22,-17
116900238,8,9,-1
116900239,0,2,-2
116900240,23,9,14
116900241,0,0,0
116900242,4,1,3
116900243,0,0,0
116900245,0,0,0
116900246,0,0,0
116900247,0,0,0
116900248,0,0,0
116900249,0,0,0
116900250,2,3,-1
116900251,0,0,0
116900252,0,0,0
116900254,0,0,0
116900255,1,0,1
116900256,0,4,-4
116900257,1,14,-13
116900258,0,8,-8
116900259,0,0,0
116900260,0,4,-4
116900261,0,0,0
116900262,0,16,-16
116900263,0,0,0
116900264,0,0,0
116900265,0,0,0
116900266,0,0,0
116900267,0,0,0
116900268,0,0,0
116900269,0,10,-10
116900271,0,0,0
116900272,8,16,-8
116900273,0,1,-1
116900274,0,0,0
116900275,0,0,0
116900276,0,0,0
116900277,0,0,0
116900278,0,0,0
116900279,0,0,0
116900280,0,0,0
116900281,27,6,21
116900282,0,1,-1
116900283,0,1,-1
116900284,1,1,0
116900285,0,0,0
116900286,0,0,0
116900287,0,0,0
116900288,0,0,0
116900289,0,0,0
116900290,0,0,0
116900291,0,0,0
116900292,0,0,0
116900293,0,0,0
116900294,0,3,-3
116900295,0,0,0
116900296,0,0,0
116900297,0,0,0
116900298,0,0,0
116900299,0,0,0
116900300,0,0,0
116900301,0,0,0
116900302,0,8,-8
116900303,0,1,-1
116900304,0,2,-2
116900305,0,0,0
116900306,0,0,0
116900307,0,0,0
116900308,0,0,0
116900309,0,0,0
116900310,0,0,0
116900311,0,4,-4
117000001,75,30,45
117000002,145,209,-64
117000003,57,33,24
117000004,242,233,9
117000005,57,21,36
117000006,64,328,-264
117000007,32,2,30
117000008,78,296,-218
117000009,1,0,1
117000010,100,326,-226
117000011,0,1,-1
117000012,60,158,-98
117000013,0,0,0
117000014,53,153,-100
117000015,0,0,0
117000016,2,2,0
117000017,15,8,7
117000018,2,23,-21
117000019,0,0,0
117000020,15,57,-42
117000021,141,17,124
117000022,8,1,7
117000023,22,36,-14
117000024,11,20,-9
117000025,73,56,17
117000026,14,7,7
117000027,130,182,-52
117000028,0,1,-1
117000030,6,13,-7
117000031,0,0,0
117000032,125,75,50
117000033,110,31,79
117000034,5,14,-9
117000035,0,0,0
117000036,23,13,10
117000037,0,0,0
117000038,4,25,-21
117000039,1,4,-3
117000040,3,64,-61
117000041,0,0,0
117000044,4,51,-47
117000045,0,0,0
117000046,15,53,-38
117000047,0,1,-1
117000048,81,47,34
117000049,0,13,-13
117000050,1,119,-118
117000051,62,3,59
117000052,0,3,-3
117000053,0,0,0
117000054,14,0,14
117000055,8,173,-165
117000056,4,0,4
117000057,30,142,-112
117000060,8,36,-28
117000061,0,1,-1
117000062,7,13,-6
117000063,0,0,0
117000064,43,52,-9
117000066,19,16,3
117000067,0,14,-14
117000074,0,0,0
117000076,0,0,0
117000077,7,4,3
117000078,2,26,-24
117000079,2,9,-7
117000080,0,59,-59
117000081,4,3,1
117000082,1,7,-6
117000083,0,12,-12
117000084,0,0,0
117000085,11,23,-12
117000086,5,23,-18
117000087,16,33,-17
117000088,0,0,0
117000089,7,4,3
117000090,18,151,-133
117000091,2,1,1
117000092,19,143,-124
117000093,3,6,-3
117000094,16,198,-182
117000095,7,8,-1
117000096,25,320,-295
117000097,3,6,-3
117000098,141,431,-290
117000099,2,2,0
117000100,0,6,-6
117000101,5,21,-16
117000102,0,0,0
117000103,60,183,-123
117000104,0,0,0
117000105,40,183,-143
117000106,0,0,0
117000107,84,166,-82
117000108,1,1,0
117000109,226,291,-65
117000110,0,1,-1
117000111,230,149,81
117000112,36,57,-21
117000113,0,7,-7
117000114,0,0,0
117000115,1,4,-3
117000116,0,3,-3
117000117,12,4,8
117000118,1,8,-7
117000119,0,0,0
117000120,0,1,-1
117000121,0,1,-1
117000122,0,0,0
117000123,1,0,1
117000124,0,0,0
117000125,3,1,2
117000126,0,0,0
117000127,0,1,-1
117000128,0,7,-7
117000129,0,0,0
117000130,0,0,0
117000131,0,16,-16
117000132,38,10,28
117000133,0,2,-2
117000134,0,12,-12
117000135,2,5,-3
117000136,0,3,-3
117000137,0,0,0
117000138,0,22,-22
117000140,20,115,-95
117000141,0,0,0
117000181,31,4,27
117000182,0,0,0
117000195,5,30,-25
117000196,0,0,0
117000225,0,0,0
117000226,2,1,1
117000276,0,0,0
117000277,0,37,-37
117000310,142,129,13
117000315,0,0,0
117000320,0,0,0
117000906,0,0,0
117000907,0,30,-30
117000909,8,1,7
117000910,16,7,9
117000911,3,10,-7
117000915,0,21,-21
117000916,0,0,0
117000917,0,0,0
117000918,0,0,0
117000919,0,8,-8
117000920,0,136,-136
117000921,0,102,-102
117000922,0,0,0
117000924,9,6,3
117000926,106,6,100
117000927,2,13,-11
117000928,0,37,-37
117000929,0,5,-5
117000930,1,1,0
117000931,3,3,0
117900002,0,9,-9
117900003,0,4,-4
117900005,0,0,0
117900006,0,0,0
117900007,0,2,-2
117900008,0,1,-1
117900010,0,3,-3
117900011,0,0,0
117900012,1,8,-7
117900013,0,7,-7
117900014,0,18,-18
117900015,0,8,-8
117900016,24,4,20
117900017,1,20,-19
117900018,0,3,-3
117900019,0,24,-24
117900020,0,12,-12
117900021,0,4,-4
117900023,2,0,2
117900024,8,2,6
117900025,0,0,0
117900026,0,10,-10
117900028,0,0,0
117900029,0,20,-20
117900031,0,0,0
117900032,2,3,-1
117900033,0,42,-42
117900034,0,0,0
117900035,0,3,-3
117900036,1,21,-20
117900037,0,0,0
117900038,0,8,-8
117900039,0,3,-3
117900040,2,20,-18
117900041,0,3,-3
117900042,9,4,5
117900043,0,1,-1
117900044,1,4,-3
117900045,0,0,0
117900048,2,10,-8
117900049,1,15,-14
117900050,0,0,0
117900051,0,0,0
117900052,0,0,0
117900053,11,10,1
117900054,0,0,0
117900055,0,0,0
117900056,0,0,0
117900057,2,39,-37
117900058,0,0,0
117900059,0,0,0
117900060,2,96,-94
117900061,0,0,0
117900063,0,5,-5
117900065,15,12,3
117900066,0,0,0
117900067,0,6,-6
117900069,1,11,-10
117900070,0,0,0
117900071,0,0,0
117900073,0,5,-5
117900074,0,0,0
117900075,0,0,0
117900076,0,2,-2
117900077,0,0,0
117900078,2,2,0
117900080,0,0,0
117900081,6,10,-4
117900082,2,3,-1
117900083,0,6,-6
117900086,0,0,0
117900087,0,0,0
117900088,14,17,-3
117900089,8,2,6
117900090,0,15,-15
117900091,3,1,2
117900092,0,0,0
117900093,0,0,0
117900094,0,0,0
117900095,1,26,-25
117900096,0,0,0
117900097,0,0,0
117900098,0,0,0
117900099,0,10,-10
117900100,0,0,0
117900101,7,14,-7
117900102,0,0,0
117900103,0,0,0
117900104,0,2,-2
117900105,0,7,-7
117900106,0,0,0
117900107,0,0,0
117900109,6,6,0
117900110,0,0,0
117900111,0,0,0
117900112,0,0,0
117900113,0,0,0
117900114,0,0,0
117900115,1,0,1
117900116,6,23,-17
117900117,2,9,-7
117900118,0,0,0
117900119,0,7,-7
117900120,0,1,-1
117900121,0,0,0
117900122,6,12,-6
117900123,23,27,-4
117900124,6,7,-1
117900125,69,12,57
117900126,7,12,-5
117900127,0,13,-13
117900128,0,23,-23
117900129,0,0,0
117900130,0,5,-5
117900131,1,7,-6
117900132,0,7,-7
117900133,0,3,-3
117900134,0,3,-3
117900135,0,16,-16
117900136,0,3,-3
117900137,0,15,-15
117900138,0,0,0
117900139,1,10,-9
117900140,10,0,10
117900141,3,7,-4
117900142,0,0,0
117900144,0,0,0
117900145,0,0,0
117900146,0,0,0
117900147,0,0,0
117900148,30,24,6
117900149,0,1,-1
117900150,0,5,-5
117900151,0,1,-1
117900152,2,3,-1
117900153,0,1,-1
117900154,0,8,-8
117900156,4,16,-12
117900157,1,2,-1
117900158,0,0,0
117900160,9,1,8
117900161,17,58,-41
117900162,0,7,-7
117900163,1,1,0
117900165,0,0,0
117900166,0,1,-1
117900168,0,0,0
117900169,0,0,0
117900170,0,0,0
117900171,0,0,0
117900172,0,0,0
117900173,0,0,0
117900174,0,0,0
117900175,0,0,0
117900176,0,0,0
117900177,0,0,0
117900178,0,0,0
117900180,0,0,0
117900181,0,0,0
117900182,0,0,0
117900183,0,0,0
117900184,0,0,0
117900185,0,0,0
117900186,0,0,0
117900187,0,0,0
117900188,0,0,0
117900189,0,0,0
117900190,0,0,0
117900191,0,0,0
117900192,0,0,0
117900193,0,0,0
117900194,0,0,0
117900195,0,0,0
117900196,0,0,0
117900207,0,0,0
117900208,0,0,0
117900209,0,4,-4
117900210,0,0,0
117900211,0,0,0
117900212,3,6,-3
117900213,0,0,0
117900214,0,0,0
117900215,0,0,0
117900216,0,0,0
117900217,0,8,-8
117900218,0,0,0
117900219,0,2,-2
117900220,0,0,0
117900222,2,6,-4
117900223,0,2,-2
118000001,33,31,2
118000002,44,136,-92
118000003,96,86,10
118000004,112,76,36
118000005,355,163,192
118000006,316,401,-85
118000007,223,107,116
118000008,98,155,-57
118000009,66,149,-83
118000010,74,171,-97
118000011,15,96,-81
118000012,45,110,-65
118000013,138,138,0
118000014,42,115,-73
118000016,4,28,-24
118000017,0,0,0
118000018,11,8,3
118000019,211,48,163
118000020,25,150,-125
118000021,47,120,-73
118000022,16,8,8
118000023,43,60,-17
118000024,22,45,-23
118000027,919,197,722
118000029,25,8,17
118000032,10,20,-10
118000033,49,51,-2
118000034,188,130,58
118000035,20,141,-121
118000036,26,25,1
118000037,36,31,5
118000038,0,0,0
118000039,2,11,-9
118000040,47,111,-64
118000041,100,70,30
118000045,14,0,14
118000046,41,11,30
118000047,62,17,45
118000048,10,2,8
118000051,2,2,0
118000052,2,1,1
118000053,1,2,-1
118000054,21,1,20
118000055,32,10,22
118000056,0,3,-3
118000057,0,1,-1
118000058,22,8,14
118000059,3,6,-3
118000060,4,2,2
118000061,3,8,-5
118000062,6,4,2
118000063,0,5,-5
118000064,2,2,0
118000065,24,8,16
118000066,1,4,-3
118000067,170,66,104
118000068,21,21,0
118000069,27,8,19
118000070,355,64,291
118000071,84,163,-79
118000072,79,17,62
118000073,29,6,23
118000074,3,3,0
118000075,11,4,7
118000076,78,56,22
118000077,106,76,30
118000078,44,20,24
118000079,52,58,-6
118000080,161,73,88
118000081,59,27,32
118000082,4,2,2
118000083,6,7,-1
118000084,67,17,50
118000086,6,6,0
118000087,856,170,686
118000088,36,37,-1
118000089,116,320,-204
118000090,298,100,198
118000091,52,112,-60
118000092,40,10,30
118000093,2,4,-2
118000096,1,0,1
118000097,15,5,10
118000098,0,0,0
118000099,12,29,-17
118000101,34,33,1
118000102,5,31,-26
118000107,49,24,25
118000108,1,4,-3
118000110,0,1,-1
118000111,0,76,-76
118000112,0,0,0
118000113,0,86,-86
118000114,0,0,0
118000115,0,0,0
118000116,0,0,0
118000117,83,71,12
118000118,9,3,6
118000119,7,19,-12
118000120,172,146,26
118000121,1,24,-23
118000122,42,2,40
118000123,3,21,-18
118000125,53,60,-7
118000126,3,7,-4
118000127,6,5,1
118000128,53,64,-11
118000129,29,15,14
118000130,278,315,-37
118000131,36,88,-52
118000132,20,7,13
118000133,10,12,-2
118000135,0,0,0
118000136,3,9,-6
118000137,112,18,94
118000138,1,16,-15
118000139,4,11,-7
118000140,140,96,44
118000141,0,0,0
118000142,54,146,-92
118000143,3,4,-1
118000144,17,14,3
118000145,87,165,-78
118000146,75,77,-2
118000147,35,154,-119
118000148,17,72,-55
118000149,8,39,-31
118000150,3,11,-8
118000151,3,1,2
118000153,1,13,-12
118000154,7,19,-12
118000155,0,15,-15
118000156,91,97,-6
118000157,7,8,-1
118000158,8,25,-17
118000159,0,0,0
118000160,0,0,0
118000161,10,48,-38
118000162,5,12,-7
118000163,3,5,-2
118000164,16,15,1
118000168,2,7,-5
118000169,120,169,-49
118000170,76,134,-58
118000171,0,0,0
118000172,0,0,0
118000173,20,82,-62
118000175,7,3,4
118000176,5,42,-37
118000177,2,10,-8
118000178,0,1,-1
118000179,0,0,0
118000180,0,0,0
118000181,84,29,55
118000182,25,36,-11
118000183,24,40,-16
118000184,0,0,0
118000185,60,41,19
118000186,39,129,-90
118000187,38,64,-26
118000188,1,6,-5
118000189,5,29,-24
118000190,0,0,0
118000191,0,0,0
118000192,0,4,-4
118000193,3,10,-7
118000194,36,10,26
118000195,0,0,0
118000196,0,0,0
118000197,26,6,20
118000198,2,2,0
118000199,58,45,13
118000200,0,0,0
118000201,6,2,4
118000202,0,0,0
118000203,11,5,6
118000204,7,24,-17
118000205,1,4,-3
118000206,0,0,0
118000207,0,1,-1
118000208,30,35,-5
118000209,93,154,-61
118000210,0,0,0
118000211,0,0,0
118000213,5,1,4
118000214,28,9,19
118000215,45,17,28
118000216,0,0,0
118000217,0,5,-5
118000218,1,0,1
118000219,2,5,-3
118000220,0,0,0
118000221,0,0,0
118000222,21,1,20
118000223,0,0,0
118000224,2,1,1
118000225,0,42,-42
118000226,0,0,0
118000227,23,6,17
118000228,21,10,11
118000229,0,0,0
118000230,1,6,-5
118000231,0,4,-4
118000232,16,49,-33
118000233,4,2,2
118000234,0,2,-2
118000236,0,11,-11
118000237,0,0,0
118000238,0,11,-11
118000239,0,0,0
118000240,20,1,19
118000241,4,0,4
118000242,0,26,-26
118000243,1,3,-2
118000244,0,5,-5
118000246,0,1,-1
118000255,0,3,-3
118000256,1,1,0
118000259,0,1,-1
118000260,0,0,0
118000261,0,1,-1
118000263,0,2,-2
118000266,2,6,-4
118000267,1,7,-6
118000268,0,1,-1
118000270,0,0,0
118000271,0,7,-7
118000272,0,0,0
118000273,0,6,-6
118000274,2,10,-8
118000276,0,2,-2
118000295,0,4,-4
118000298,10,32,-22
118000299,6,27,-21
118000301,0,0,0
118000302,0,2,-2
118000311,0,5,-5
118000312,2,17,-15
118000313,0,12,-12
118000314,0,3,-3
118000315,0,1,-1
118000316,2,5,-3
118000325,0,0,0
118000326,0,0,0
118000331,0,0,0
118000332,0,0,0
118000333,0,0,0
118000335,0,0,0
118000336,0,23,-23
118000407,0,0,0
118000457,0,8,-8
118000465,140,62,78
118000480,0,0,0
118000489,0,0,0
118000490,0,22,-22
118000492,5,2,3
118000510,2,1,1
118000514,7,22,-15
118000515,1,6,-5
118000517,33,20,13
118000524,171,100,71
118000525,78,109,-31
118000530,0,0,0
118000531,0,0,0
118000532,9,25,-16
118000533,24,33,-9
118000534,12,36,-24
118000535,0,1,-1
118000536,8,8,0
118000537,0,2,-2
118000538,3,1,2
118000539,0,0,0
118000540,11,4,7
118000541,1,8,-7
118000542,0,0,0
118000543,0,0,0
118000546,1,2,-1
118000553,0,0,0
118000557,0,0,0
118000560,57,7,50
118000562,0,0,0
118000563,169,41,128
118000576,3,3,0
118000577,5,1,4
118000578,17,4,13
118000579,30,21,9
118000583,0,0,0
118000595,0,0,0
118000596,0,0,0
118000597,0,2,-2
118000598,0,0,0
118000599,0,0,0
118000600,0,0,0
118000601,0,0,0
118000602,0,0,0
118000603,0,9,-9
118000605,0,1,-1
118000606,0,0,0
118900001,0,0,0
118900002,0,1,-1
118900003,0,0,0
118900004,0,0,0
118900005,0,0,0
118900006,0,0,0
118900007,0,0,0
118900008,0,0,0
118900009,0,0,0
118900010,0,0,0
118900011,0,0,0
118900012,0,0,0
118900013,0,0,0
118900015,0,0,0
118900016,0,0,0
118900017,0,0,0
118900018,0,0,0
118900019,0,0,0
118900020,0,0,0
118900021,0,0,0
118900022,2,0,2
118900023,0,0,0
118900024,0,0,0
118900025,0,0,0
118900026,0,1,-1
118900027,0,0,0
118900028,0,0,0
118900029,0,0,0
118900030,0,0,0
118900031,0,9,-9
118900032,0,0,0
118900033,0,0,0
118900034,0,0,0
118900035,0,7,-7
118900036,5,9,-4
118900037,0,0,0
118900038,1,9,-8
118900039,0,0,0
118900040,1,0,1
118900041,0,0,0
118900042,0,0,0
118900045,1,3,-2
118900046,17,1,16
118900047,8,1,7
118900048,0,0,0
118900049,0,0,0
118900050,0,1,-1
118900051,0,0,0
118900052,0,0,0
118900053,0,0,0
118900054,0,2,-2
118900055,0,1,-1
118900056,0,0,0
118900057,1,5,-4
118900058,0,0,0
118900059,0,0,0
118900060,0,7,-7
118900062,0,0,0
118900064,0,0,0
118900065,0,0,0
118900066,0,0,0
118900067,69,1,68
118900068,0,0,0
118900069,0,6,-6
118900071,0,0,0
118900072,0,0,0
118900073,0,3,-3
118900074,0,0,0
118900075,0,0,0
118900076,0,0,0
118900077,0,1,-1
118900078,0,0,0
118900079,0,0,0
118900080,0,0,0
118900081,0,0,0
118900082,0,3,-3
118900083,0,0,0
118900084,0,0,0
118900085,4,17,-13
118900086,0,0,0
118900087,1,4,-3
118900088,0,0,0
118900089,0,0,0
118900090,5,5,0
118900091,0,0,0
118900092,0,4,-4
118900093,0,0,0
118900096,16,10,6
118900097,4,13,-9
118900099,1,9,-8
118900100,0,0,0
118900101,0,8,-8
118900102,0,6,-6
118900103,0,1,-1
118900104,1,3,-2
118900105,4,1,3
118900107,0,1,-1
118900108,0,6,-6
118900110,0,0,0
118900111,0,0,0
118900112,0,0,0
118900113,0,0,0
118900114,0,0,0
118900115,0,0,0
118900116,2,4,-2
118900117,0,7,-7
118900118,3,23,-20
118900119,2,8,-6
118900120,0,8,-8
118900121,0,0,0
118900122,0,2,-2
118900123,7,3,4
118900124,0,0,0
118900126,0,5,-5
118900129,0,4,-4
118900130,0,0,0
118900131,1,20,-19
118900132,2,3,-1
118900133,0,0,0
118900135,0,1,-1
118900136,1,17,-16
118900137,0,0,0
118900139,0,0,0
118900140,20,32,-12
118900141,0,0,0
118900144,2,22,-20
118900145,0,0,0
118900146,1,11,-10
118900147,0,0,0
118900148,0,0,0
118900150,0,0,0
118900152,2,26,-24
118900157,0,0,0
118900158,0,0,0
118900159,0,0,0
118900161,0,0,0
118900163,0,0,0
118900164,0,0,0
118900165,0,5,-5
118900166,0,0,0
118900167,1,3,-2
118900168,0,3,-3
118900169,4,12,-8
118900170,1,5,-4
118900171,0,4,-4
118900174,0,0,0
118900175,0,9,-9
118900176,0,5,-5
118900177,0,0,0
118900178,0,2,-2
118900179,1,1,0
118900181,1,0,1
118900182,0,0,0
118900183,1,1,0
118900184,0,0,0
118900185,0,3,-3
118900186,0,8,-8
118900187,0,0,0
118900188,0,0,0
118900189,0,4,-4
118900190,0,0,0
118900191,0,0,0
118900192,0,0,0
118900193,0,0,0
118900195,0,0,0
118900196,1,2,-1
118900197,0,0,0
118900198,0,0,0
118900199,0,0,0
118900200,0,0,0
118900201,0,0,0
118900202,0,0,0
118900203,0,0,0
118900204,0,0,0
118900205,0,0,0
118900206,0,0,0
119000001,38,21,17
119000002,51,36,15
119000003,10,65,-55
119000004,28,36,-8
119000005,30,46,-16
119000006,45,34,11
119000007,44,75,-31
119000008,62,201,-139
119000009,71,185,-114
119000010,516,488,28
119000011,128,139,-11
119000012,178,263,-85
119000013,192,183,9
119000014,119,303,-184
119000019,2,11,-9
119000020,36,50,-14
119000021,72,36,36
119000022,61,39,22
119000023,0,0,0
119000024,51,100,-49
119000025,356,82,274
119000026,0,0,0
119000027,14,18,-4
119000028,78,54,24
119000029,0,0,0
119000030,19,47,-28
119000031,23,39,-16
119000032,44,111,-67
119000033,52,52,0
119000034,57,53,4
119000035,1,35,-34
119000036,95,83,12
119000037,28,117,-89
119000038,12,53,-41
119000039,18,71,-53
119000040,28,9,19
119000041,98,20,78
119000048,436,168,268
119000049,36,129,-93
119000050,20,11,9
119000051,37,16,21
119000052,19,22,-3
119000053,33,5,28
119000054,28,113,-85
119000055,120,131,-11
119000056,109,87,22
119000057,14,104,-90
119000058,42,68,-26
119000059,14,6,8
119000060,45,54,-9
119000061,15,6,9
119000062,33,91,-58
119000063,33,14,19
119000064,9,18,-9
119000065,5,53,-48
119000066,21,39,-18
119000067,21,33,-12
119000068,40,58,-18
119000069,9,40,-31
119000070,58,49,9
119000071,0,0,0
119000072,198,78,120
119000073,88,122,-34
119000074,33,104,-71
119000075,30,170,-140
119000076,0,0,0
119000077,2,4,-2
119000078,0,0,0
119000079,4,15,-11
119000080,0,0,0
119000081,2,9,-7
119000082,0,0,0
119000083,0,0,0
119000084,9,12,-3
119000085,10,5,5
119000086,0,0,0
119000087,8,24,-16
119000088,0,0,0
119000089,0,0,0
119000090,8,3,5
119000091,0,0,0
119000092,20,22,-2
119000093,175,93,82
119000094,112,142,-30
119000095,29,65,-36
119000097,87,50,37
119000098,47,98,-51
119000099,27,53,-26
119000100,97,83,14
119000101,105,189,-84
119000102,21,7,14
119000103,8,0,8
119000104,115,169,-54
119000105,0,0,0
119000106,11,93,-82
119000107,0,0,0
119000108,18,126,-108
119000109,0,0,0
119000110,10,7,3
119000111,0,2,-2
119000112,13,6,7
119000113,20,2,18
119000114,0,2,-2
119000115,16,6,10
119000116,0,0,0
119000117,1,2,-1
119000118,0,0,0
119000123,6,5,1
119000124,0,0,0
119000125,0,0,0
119000126,0,0,0
119000127,14,97,-83
119000128,2,1,1
119000131,13,100,-87
119000132,0,1,-1
119000133,0,1,-1
119000134,0,0,0
119000135,4,1,3
119000136,8,31,-23
119000137,0,0,0
119000138,1,25,-24
119000139,0,0,0
119000140,2,9,-7
119000284,109,434,-325
119000285,264,317,-53
119000286,246,330,-84
119000287,86,228,-142
119000288,54,109,-55
119000289,128,259,-131
119000290,4,7,-3
119000291,4,57,-53
119000293,110,38,72
119000294,0,0,0
119000295,79,20,59
119000296,0,0,0
119000302,260,18,242
119000303,0,0,0
119000314,89,70,19
119000315,0,0,0
119000316,4,9,-5
119000317,0,0,0
119000319,0,0,0
119900001,6,10,-4
119900002,0,0,0
119900003,0,22,-22
119900004,0,0,0
119900005,0,0,0
119900006,0,6,-6
119900007,0,0,0
119900008,0,0,0
119900009,0,4,-4
119900010,1,8,-7
119900011,0,0,0
119900012,0,0,0
119900013,11,8,3
119900014,0,4,-4
119900015,0,0,0
119900016,0,0,0
119900017,0,0,0
119900018,0,0,0
119900019,0,0,0
119900020,0,0,0
119900021,1,2,-1
119900022,0,0,0
119900023,0,0,0
119900025,0,0,0
119900026,0,0,0
119900027,0,0,0
119900028,0,0,0
119900029,0,0,0
119900030,0,0,0
119900031,0,0,0
119900033,18,2,16
119900034,0,0,0
119900037,0,0,0
119900038,0,0,0
119900039,0,0,0
119900040,0,0,0
119900041,0,0,0
119900042,0,0,0
119900043,0,0,0
119900044,0,0,0
119900046,0,0,0
119900047,0,0,0
119900049,0,0,0
119900050,0,0,0
119900051,0,0,0
119900052,0,0,0
119900053,0,0,0
119900054,0,0,0
119900055,1,3,-2
119900057,0,0,0
119900058,0,0,0
119900059,0,0,0
119900060,0,0,0
119900061,0,0,0
119900062,0,0,0
119900063,0,0,0
119900065,0,0,0
119900067,0,0,0
119900068,0,0,0
119900069,0,0,0
119900070,0,0,0
119900071,0,0,0
119900073,0,0,0
119900074,0,0,0
119900075,53,14,39
119900076,0,3,-3
119900077,0,23,-23
119900078,0,0,0
119900079,0,0,0
119900080,0,0,0
119900081,1,2,-1
119900082,0,0,0
119900083,0,0,0
119900084,0,0,0
119900085,2,1,1
119900086,0,30,-30
119900087,0,1,-1
119900088,0,0,0
119900089,0,69,-69
119900090,2,1,1
119900091,1,49,-48
119900092,0,16,-16
119900093,2,3,-1
119900094,2,9,-7
119900095,0,0,0
119900096,0,1,-1
119900097,23,3,20
119900098,0,0,0
119900099,0,3,-3
119900100,82,27,55
119900101,2,13,-11
119900102,0,6,-6
119900103,0,5,-5
119900104,0,6,-6
119900105,12,73,-61
119900106,4,6,-2
119900107,2,35,-33
119900108,35,22,13
119900109,1,0,1
119900110,1,26,-25
119900111,0,0,0
119900112,8,2,6
119900113,0,0,0
119900114,0,50,-50
119900115,0,0,0
119900116,0,0,0
119900117,3,28,-25
119900118,0,0,0
119900119,0,0,0
119900120,7,15,-8
119900121,0,13,-13
119900122,0,0,0
119900123,0,0,0
119900124,0,5,-5
119900125,0,0,0
119900126,74,1,73
119900127,0,0,0
119900128,0,0,0
119900129,0,0,0
119900130,0,0,0
119900131,1,0,1
119900132,0,0,0
119900133,0,1,-1
119900134,3,0,3
119900135,0,0,0
119900136,0,0,0
119900138,0,0,0
119900139,0,0,0
119900140,0,0,0
119900141,0,0,0
119900142,0,0,0
119900143,0,0,0
119900144,0,0,0
119900145,0,0,0
119900146,0,2,-2
119900147,0,0,0
119900148,0,0,0
119900149,0,1,-1
119900150,0,0,0
119900151,3,2,1
119900152,0,0,0
119900153,0,0,0
119900154,0,39,-39
119900155,1,0,1
119900156,0,0,0
119900157,0,0,0
119900158,0,0,0
119900159,0,36,-36
119900160,0,0,0
119900161,0,0,0
119900162,0,0,0
119900163,0,1,-1
119900164,0,0,0
119900165,0,0,0
119900166,0,0,0
119900167,0,0,0
119900168,0,0,0
119900169,0,1,-1
119900170,0,0,0
119900171,0,0,0
119900172,0,0,0
119900173,3,10,-7
119900174,0,0,0
119900175,0,0,0
119900177,0,2,-2
119900178,0,1,-1
119900179,0,0,0
119900180,0,0,0
119900181,0,0,0
119900182,0,27,-27
119900183,0,20,-20
119900184,1,0,1
119900185,0,0,0
119900186,0,0,0
119900187,0,23,-23
119900188,0,0,0
119900189,2,1,1
119900190,0,0,0
119900191,0,0,0
119900192,0,5,-5
119900193,0,0,0
119900194,0,0,0
119900195,0,4,-4
119900196,0,0,0
119900197,0,0,0
119900198,0,32,-32
119900199,0,0,0
119900200,0,0,0
119900201,13,3,10
119900202,0,0,0
119900203,0,0,0
119900204,0,0,0
119900205,0,0,0
119900206,0,0,0
119900208,0,0,0
119900209,0,7,-7
119900210,0,0,0
119900211,0,0,0
119900212,0,20,-20
119900213,0,0,0
119900214,0,0,0
119900215,0,3,-3
119900216,0,5,-5
119900217,0,0,0
119900218,0,0,0
119900219,0,0,0
119900220,0,0,0
119900221,0,0,0
119900222,0,0,0
119900223,0,0,0
119900224,0,0,0
119900225,0,0,0
119900226,0,0,0
119900227,32,5,27
119900228,0,0,0
119900229,0,0,0
119900230,0,0,0
119900231,0,0,0
119900232,0,0,0
119900233,0,0,0
119900234,0,2,-2
119900235,0,1,-1
119900236,0,0,0
119900237,0,0,0
119900238,0,5,-5
119900240,0,4,-4
119900241,1,11,-10
119900242,0,7,-7
119900244,0,0,0
119900245,1,0,1
119900246,0,0,0
119900247,0,0,0
119900248,0,0,0
119900249,0,0,0
119900253,0,0,0
119900254,0,0,0
119900255,0,18,-18
119900256,0,17,-17
119900257,0,0,0
119900258,0,0,0
119900259,0,4,-4
119900260,0,0,0
119900261,0,0,0
119900262,2,9,-7
119900263,5,18,-13
119900264,0,0,0
119900265,0,0,0
119900266,0,0,0
119900267,0,0,0
119900268,0,0,0
119900269,0,3,-3
119900271,0,0,0
119900272,0,0,0
119900275,0,0,0
119900276,0,0,0
119900277,0,0,0
119900278,4,0,4
119900279,0,1,-1
119900280,21,5,16
119900281,0,3,-3
119900282,0,0,0
119900283,0,0,0
119900284,0,3,-3
119900285,0,0,0
119900286,0,0,0
119900288,0,4,-4
119900289,0,1,-1
119900290,0,1,-1
119900291,0,0,0
119900292,0,0,0
119900293,0,0,0
119900294,0,0,0
119900295,0,0,0
119900296,0,1,-1
119900297,0,1,-1
119900298,0,0,0
119900299,0,0,0
119900300,0,0,0
119900301,0,0,0
119900302,0,2,-2
119900303,0,3,-3
119900304,0,1,-1
119900305,0,0,0
119900306,0,0,0
119900307,0,0,0
119900308,0,0,0
119900309,0,0,0
119900310,1,6,-5
119900311,0,0,0
119900312,0,0,0
119900313,0,0,0
119900314,0,0,0
119900315,1,63,-62
119900318,0,0,0
119900319,0,3,-3
119900320,0,14,-14
119900321,0,0,0
120000001,302,58,244
120000002,254,280,-26
120000003,167,160,7
120000004,187,203,-16
120000005,1068,275,793
120000006,102,161,-59
120000007,162,310,-148
120000008,88,243,-155
120000009,179,96,83
120000010,124,320,-196
120000011,77,236,-159
120000012,148,293,-145
120000013,80,187,-107
120000014,17,158,-141
120000015,132,203,-71
120000016,129,29,100
120000017,28,28,0
120000018,145,204,-59
120000019,43,54,-11
120000020,158,93,65
120000021,123,90,33
120000022,399,129,270
120000023,50,73,-23
120000024,79,138,-59
120000025,56,166,-110
120000026,12,167,-155
120000027,155,241,-86
120000028,16,68,-52
120000029,86,17,69
120000030,0,14,-14
120000031,64,65,-1
120000032,352,113,239
120000033,29,57,-28
120000034,33,97,-64
120000035,16,51,-35
120000036,29,106,-77
120000037,0,0,0
120000038,383,67,316
120000039,14,26,-12
120000040,0,3,-3
120000041,7,43,-36
120000042,20,305,-285
120000043,19,28,-9
120000044,103,22,81
120000045,102,36,66
120000046,31,76,-45
120000047,16,33,-17
120000048,259,120,139
120000049,67,83,-16
120000050,62,214,-152
120000051,225,171,54
120000052,536,43,493
120000053,14,155,-141
120000054,46,458,-412
120000055,35,285,-250
120000056,15,296,-281
120000057,15,55,-40
120000058,7,12,-5
120000059,7,4,3
120000061,18,43,-25
120000062,3,6,-3
120000063,59,238,-179
120000064,9,128,-119
120000065,7,109,-102
120000066,5,22,-17
120000067,2,15,-13
120000068,7,51,-44
120000069,8,86,-78
120000070,0,45,-45
120000071,1,35,-34
120000072,20,37,-17
120000073,19,2,17
120000074,0,2,-2
120000075,9,19,-10
120000076,24,60,-36
120000077,27,58,-31
120000078,62,50,12
120000079,0,0,0
120000080,0,0,0
120000081,0,0,0
120000082,0,0,0
120000083,0,3,-3
120000084,10,15,-5
120000085,20,13,7
120000086,11,34,-23
120000087,3,85,-82
120000088,9,21,-12
120000089,0,0,0
120000090,0,0,0
120000091,0,0,0
120000092,0,0,0
120000093,0,0,0
120000094,0,0,0
120000095,34,10,24
120000096,7,25,-18
120000098,10,20,-10
120000099,5,20,-15
120000100,34,28,6
120000101,24,11,13
120000102,2,12,-10
120000103,6,18,-12
120000104,9,3,6
120000105,17,3,14
120000106,15,7,8
120000107,28,7,21
120000108,5,4,1
120000109,32,0,32
120000110,9,111,-102
120000111,16,114,-98
120000112,50,319,-269
120000113,27,209,-182
120000114,11,160,-149
120000115,20,179,-159
120000116,37,178,-141
120000117,147,169,-22
120000118,0,0,0
120000119,0,0,0
120000120,0,0,0
120000121,0,0,0
120000122,0,0,0
120000123,23,14,9
120000124,3,1,2
120000125,7,53,-46
120000126,2,7,-5
120000127,12,15,-3
120000128,34,73,-39
120000129,1,0,1
120000130,1,0,1
120000131,19,28,-9
120000134,0,0,0
120000135,4,10,-6
120000137,0,0,0
120000138,0,9,-9
120000139,0,0,0
120000140,0,7,-7
120000141,0,0,0
120000142,1,14,-13
120000143,0,0,0
120000144,0,0,0
120000145,0,0,0
120000146,67,19,48
120000149,6,17,-11
120000150,4,15,-11
120000151,0,0,0
120000152,0,0,0
120000153,2,62,-60
120000154,16,72,-56
120000155,0,0,0
120000156,0,0,0
120000157,0,0,0
120000158,16,89,-73
120000159,164,426,-262
120000160,176,81,95
120000161,40,113,-73
120000162,1,8,-7
120000163,3,85,-82
120000164,15,41,-26
120000165,4,72,-68
120000166,10,34,-24
120000167,1,0,1
120000168,1,6,-5
120000169,57,10,47
120000170,82,6,76
120000171,43,1,42
120000172,3,2,1
120000173,128,0,128
120000174,34,0,34
120000175,13,2,11
120000176,11,20,-9
120000177,43,151,-108
120000178,1,1,0
120000179,14,3,11
120000180,19,12,7
120000181,3,2,1
120000182,8,2,6
120000183,0,15,-15
120000184,4,125,-121
120000186,0,1,-1
120000187,0,1,-1
120000188,0,0,0
120000190,0,0,0
120000191,0,0,0
120000192,0,0,0
120000193,0,0,0
120000195,0,0,0
120000196,0,0,0
120000197,0,0,0
120000198,0,3,-3
120000199,0,0,0
120000200,0,0,0
120000201,0,0,0
120000202,0,3,-3
120000203,0,9,-9
120000207,0,0,0
120000208,0,1,-1
120000209,0,0,0
120000210,0,0,0
120000211,0,0,0
120000212,0,0,0
120000213,0,0,0
120000214,0,0,0
120000215,0,0,0
120000216,0,0,0
120000217,19,46,-27
120000218,7,54,-47
120000219,0,49,-49
120000220,0,151,-151
120000225,0,0,0
120000226,0,0,0
120000227,0,0,0
120000228,160,34,126
120000230,0,0,0
120000231,0,0,0
120000233,0,1,-1
120000235,12,71,-59
120000236,0,0,0
120000237,3,80,-77
120000238,0,6,-6
120000241,0,0,0
120000412,0,0,0
120000413,0,0,0
120000414,0,0,0
120000415,0,0,0
120000416,0,0,0
120000417,0,0,0
120000418,0,0,0
120000419,0,0,0
120000420,0,0,0
120000421,673,829,-156
120000422,4,4,0
120000423,0,2,-2
120000424,0,0,0
120000436,0,6,-6
120000437,6,9,-3
120000438,62,13,49
120000439,2,24,-22
120000443,0,0,0
120000444,3,28,-25
120000445,18,22,-4
120000446,7,4,3
120000447,0,0,0
120000449,0,0,0
120000450,0,0,0
120000451,0,2,-2
120000452,0,0,0
120000453,0,136,-136
120000454,0,0,0
120000455,4,3,1
120000456,88,97,-9
120000457,66,14,52
120000458,43,38,5
120000459,0,0,0
120000665,33,1,32
120000668,1,15,-14
120000669,0,0,0
120000670,3,6,-3
120000671,43,29,14
120000672,8,27,-19
120900001,0,0,0
120900002,0,0,0
120900003,0,0,0
120900004,0,2,-2
120900005,0,0,0
120900006,0,0,0
120900007,0,7,-7
120900008,0,3,-3
120900009,0,0,0
120900010,1,1,0
120900011,0,0,0
120900012,1,7,-6
120900013,0,0,0
120900014,0,0,0
120900015,0,0,0
120900016,0,0,0
120900017,69,0,69
120900018,0,0,0
120900019,0,2,-2
120900020,0,0,0
120900021,0,0,0
120900022,0,0,0
120900023,0,0,0
120900024,6,17,-11
120900025,5,0,5
120900026,0,0,0
120900027,0,0,0
120900028,2,0,2
120900029,0,0,0
120900030,0,0,0
120900031,0,0,0
120900032,0,0,0
120900033,0,0,0
120900034,0,0,0
120900035,0,1,-1
120900037,0,0,0
120900038,0,0,0
120900039,0,0,0
120900040,0,0,0
120900041,0,0,0
120900042,0,0,0
120900043,0,0,0
120900044,0,0,0
120900045,0,0,0
120900046,1,0,1
120900047,0,0,0
120900048,0,0,0
120900049,0,0,0
120900050,0,0,0
120900051,0,0,0
120900052,0,0,0
120900053,0,0,0
120900054,0,0,0
120900055,0,0,0
120900056,0,0,0
120900057,0,0,0
120900058,0,0,0
120900059,0,0,0
120900060,0,0,0
120900061,0,0,0
120900062,0,0,0
120900063,0,0,0
120900064,0,0,0
120900065,0,0,0
120900066,0,13,-13
120900067,0,0,0
120900068,0,0,0
120900069,0,0,0
120900071,0,0,0
120900072,0,0,0
120900073,0,0,0
120900074,0,0,0
120900076,0,0,0
120900077,0,0,0
120900078,0,46,-46
120900079,0,0,0
120900080,0,23,-23
120900081,0,0,0
120900082,0,7,-7
120900083,0,0,0
120900084,0,0,0
120900085,0,0,0
120900086,2,1,1
120900087,0,0,0
120900088,0,2,-2
120900089,77,12,65
120900090,0,0,0
120900091,0,0,0
120900092,3,17,-14
120900093,0,0,0
120900094,16,7,9
120900095,0,0,0
120900096,0,0,0
120900097,7,16,-9
120900098,0,0,0
120900099,0,0,0
120900100,0,0,0
120900101,0,0,0
120900102,0,0,0
120900103,0,0,0
120900104,0,0,0
120900105,0,0,0
120900106,48,15,33
120900107,17,2,15
120900108,0,0,0
120900109,2,30,-28
120900110,0,0,0
120900111,0,5,-5
120900112,0,0,0
120900113,1,49,-48
120900114,1,8,-7
120900115,1,7,-6
120900116,0,6,-6
120900117,0,0,0
120900118,0,59,-59
120900119,0,0,0
120900120,1,25,-24
120900121,2,13,-11
120900122,0,6,-6
120900123,0,0,0
120900124,0,37,-37
120900125,0,25,-25
120900126,11,54,-43
120900127,0,0,0
120900128,17,44,-27
120900129,6,17,-11
120900130,0,18,-18
120900131,0,0,0
120900132,0,0,0
120900133,4,46,-42
120900134,22,11,11
120900135,0,33,-33
120900136,0,0,0
120900137,0,0,0
120900138,0,10,-10
120900139,0,38,-38
120900140,0,0,0
120900141,0,0,0
120900142,0,31,-31
120900143,0,49,-49
120900144,0,18,-18
120900145,1,70,-69
120900146,0,20,-20
120900147,0,2,-2
120900148,0,0,0
120900149,0,17,-17
120900150,3,8,-5
120900151,0,21,-21
120900152,0,0,0
120900153,0,0,0
120900154,0,7,-7
120900155,0,46,-46
120900156,0,14,-14
120900157,0,0,0
120900158,0,30,-30
120900159,0,2,-2
120900160,14,22,-8
120900161,0,6,-6
120900162,0,6,-6
120900163,0,0,0
120900164,0,0,0
120900165,0,0,0
120900166,0,0,0
120900167,0,1,-1
120900169,0,12,-12
120900170,22,3,19
120900171,8,0,8
120900172,0,0,0
120900173,0,10,-10
120900174,0,4,-4
120900175,0,0,0
120900176,0,3,-3
120900177,0,0,0
120900178,0,1,-1
120900179,15,9,6
120900180,0,0,0
120900181,0,0,0
120900182,0,0,0
120900183,0,0,0
120900184,0,0,0
120900185,0,2,-2
120900186,0,37,-37
120900187,0,0,0
120900188,0,0,0
120900189,0,0,0
120900190,0,0,0
120900191,0,0,0
120900192,103,4,99
120900194,0,0,0
120900195,3,9,-6
120900196,0,0,0
120900197,0,0,0
120900198,0,36,-36
120900199,0,0,0
120900200,0,0,0
120900201,20,5,15
120900202,0,5,-5
120900203,0,0,0
120900204,17,10,7
120900205,0,0,0
120900206,0,0,0
120900207,0,31,-31
121000001,40,89,-49
121000002,101,48,53
121000003,487,241,246
121000004,141,85,56
121000005,300,220,80
121000006,364,124,240
121000007,450,455,-5
121000008,463,114,349
121000009,807,734,73
121000010,1043,248,795
121000011,567,321,246
121000012,1119,281,838
121000013,858,834,24
121000014,1146,693,453
121000015,420,772,-352
121000016,1245,685,560
121000017,109,137,-28
121000018,91,60,31
121000019,1068,326,742
121000020,906,354,552
121000021,223,295,-72
121000022,227,147,80
121000023,345,277,68
121000024,241,356,-115
121000025,39,28,11
121000026,21,8,13
121000027,404,39,365
121000028,36,28,8
121000029,15,24,-9
121000030,0,2,-2
121000031,23,19,4
121000032,25,10,15
121000034,0,0,0
121000035,19,4,15
121000036,18,9,9
121000037,35,22,13
121000038,30,66,-36
121000039,4,15,-11
121000041,4,23,-19
121000042,0,0,0
121000043,5,9,-4
121000044,0,0,0
121000045,0,8,-8
121000046,11,31,-20
121000047,0,3,-3
121000049,89,65,24
121000050,16,176,-160
121000051,25,13,12
121000052,62,62,0
121000053,0,0,0
121000054,3,31,-28
121000055,105,49,56
121000056,68,66,2
121000057,0,0,0
121000058,48,29,19
121000059,56,26,30
121000060,42,16,26
121000061,1,6,-5
121000062,7,1,6
121000063,31,54,-23
121000064,16,9,7
121000065,14,11,3
121000066,34,21,13
121000067,45,9,36
121000068,1,0,1
121000069,0,1,-1
121000070,65,40,25
121000071,86,31,55
121000072,11,47,-36
121000073,36,52,-16
121000074,3,10,-7
121000075,2,6,-4
121000076,35,2,33
121000077,0,0,0
121000078,20,14,6
121000080,155,47,108
121000081,119,70,49
121000082,6,8,-2
121000083,0,0,0
121000084,34,30,4
121000085,113,37,76
121000086,0,0,0
121000087,0,0,0
121000088,35,114,-79
121000089,0,0,0
121000090,31,81,-50
121000091,331,227,104
121000092,13,3,10
121000093,6,16,-10
121000094,68,41,27
121000095,0,0,0
121000096,464,255,209
121000097,60,101,-41
121000098,3,19,-16
121000099,17,30,-13
121000100,5,36,-31
121000101,1,1,0
121000102,5,15,-10
121000103,0,3,-3
121000104,4,13,-9
121000105,2,14,-12
121000106,0,0,0
121000107,281,238,43
121000109,153,232,-79
121000110,9,16,-7
121000114,336,357,-21
121000115,49,85,-36
121000116,49,78,-29
121000117,0,1,-1
121000118,37,2,35
121000119,4,1,3
121000120,0,0,0
121000121,0,0,0
121000123,0,0,0
121000127,1,5,-4
121000128,9,44,-35
121000129,20,21,-1
121000130,28,34,-6
121000131,31,55,-24
121000132,172,88,84
121000135,12,2,10
121000136,35,2,33
121000137,19,0,19
121000138,28,17,11
121000139,46,35,11
121000141,9,3,6
121000142,110,24,86
121000143,0,0,0
121000144,8,4,4
121000145,11,46,-35
121000146,24,12,12
121000147,16,11,5
121000148,15,30,-15
121000149,79,59,20
121000152,33,12,21
121000153,80,53,27
121000154,87,6,81
121000155,47,51,-4
121000156,21,40,-19
121000157,46,19,27
121000158,29,29,0
121000159,2,31,-29
121000160,4,24,-20
121000161,0,0,0
121000162,0,0,0
121000165,5,0,5
121000166,2,9,-7
121000168,7,13,-6
121000169,0,24,-24
121000170,31,11,20
121000171,7,15,-8
121000172,41,32,9
121000173,63,44,19
121000174,12,44,-32
121000175,13,17,-4
121000176,35,16,19
121000177,15,39,-24
121000178,5,5,0
121000179,2,5,-3
121000181,13,11,2
121000182,90,17,73
121000183,11,3,8
121000184,1,2,-1
121000185,0,0,0
121000186,1,17,-16
121000187,0,0,0
121000188,0,0,0
121000192,26,17,9
121000193,39,21,18
121000194,253,152,101
121000195,19,57,-38
121000196,0,0,0
121000197,15,36,-21
121000198,8,4,4
121000199,5,63,-58
121000200,8,8,0
121000201,0,3,-3
121000202,2,1,1
121000203,0,30,-30
121000204,13,1,12
121000205,10,77,-67
121000206,5,4,1
121000207,26,19,7
121000208,0,21,-21
121000209,3,33,-30
121000210,20,45,-25
121000211,2,6,-4
121000212,25,52,-27
121000213,22,71,-49
121000214,36,40,-4
121000215,86,53,33
121000216,7,25,-18
121000217,148,63,85
121000218,49,135,-86
121000219,72,17,55
121000220,40,61,-21
121000221,6,9,-3
121000222,175,222,-47
121000223,41,24,17
121000224,0,0,0
121000225,90,60,30
121000226,35,25,10
121000227,2,15,-13
121000228,3,123,-120
121000229,0,61,-61
121000230,8,328,-320
121000231,0,0,0
121000232,0,0,0
121000233,3,8,-5
121000234,0,0,0
121000235,0,1,-1
121000236,0,0,0
121000237,0,0,0
121000238,0,0,0
121000239,0,0,0
121000240,0,0,0
121000241,1,0,1
121000242,0,0,0
121000243,4,0,4
121000244,0,0,0
121000245,0,0,0
121000246,0,0,0
121000247,0,0,0
121000248,0,0,0
121000249,9,15,-6
121000250,10,1,9
121000251,1,40,-39
121000252,4,0,4
121000253,9,56,-47
121000254,14,11,3
121000255,8,28,-20
121000256,3,4,-1
121000257,6,8,-2
121000258,3,4,-1
121000259,3,3,0
121000260,5,11,-6
121000261,2,0,2
121000262,55,42,13
121000263,69,50,19
121000271,12,93,-81
121000273,0,2,-2
121000274,0,0,0
121000275,0,3,-3
121000276,0,0,0
121000278,4,1,3
121000279,1,1,0
121000280,0,0,0
121000289,1,1,0
121000290,74,86,-12
121000294,3,6,-3
121000297,7,30,-23
121000299,2,37,-35
121000300,23,19,4
121000302,6,19,-13
121000303,16,11,5
121000304,0,0,0
121000305,0,0,0
121000306,0,0,0
121000308,15,21,-6
121000309,100,74,26
121000310,7,31,-24
121000311,7,147,-140
121000312,0,0,0
121000313,23,43,-20
121000314,19,10,9
121000315,11,3,8
121000530,41,67,-26
121000531,36,54,-18
121000532,230,68,162
121000533,241,90,151
121000919,0,0,0
121000938,6,4,2
121000939,0,1,-1
121000956,28,63,-35
121000957,4,34,-30
121000958,5,24,-19
121000959,19,80,-61
121000960,31,120,-89
121000961,7,1,6
121000962,0,0,0
121000973,0,35,-35
121000976,0,0,0
121000979,0,0,0
121000981,7,0,7
121000982,0,0,0
121000983,10,53,-43
121000984,3,2,1
121000985,15,23,-8
121000986,0,0,0
121000987,10,155,-145
121000988,28,1,27
121001302,18,5,13
121001308,0,2,-2
121001309,2,1,1
121001311,0,0,0
121001313,0,58,-58
121001314,640,723,-83
121001315,401,196,205
121001326,0,7,-7
121001327,0,0,0
121001328,6,1,5
121900001,0,0,0
121900002,0,2,-2
121900003,0,0,0
121900004,0,0,0
121900005,0,0,0
121900006,0,0,0
121900007,0,0,0
121900008,0,0,0
121900009,0,0,0
121900010,0,0,0
121900011,0,0,0
121900012,0,0,0
121900013,0,0,0
121900014,0,0,0
121900015,0,0,0
121900016,0,0,0
121900017,0,0,0
121900018,0,0,0
121900019,0,0,0
121900020,0,0,0
121900021,0,0,0
121900022,0,0,0
121900023,0,0,0
121900024,0,0,0
121900025,0,0,0
121900026,0,0,0
121900027,0,0,0
121900028,0,0,0
121900029,0,0,0
121900030,0,0,0
121900031,0,0,0
121900032,0,0,0
121900033,0,0,0
121900034,0,0,0
121900035,0,0,0
121900036,0,0,0
121900037,0,0,0
121900038,0,0,0
121900039,0,0,0
121900040,0,0,0
121900041,0,0,0
121900042,0,0,0
121900043,0,0,0
121900044,0,0,0
121900046,0,0,0
121900047,0,0,0
121900048,0,0,0
121900050,0,0,0
121900051,0,0,0
121900052,0,0,0
121900053,6,26,-20
121900054,0,0,0
121900055,0,0,0
121900058,0,0,0
121900059,0,0,0
121900060,0,0,0
121900062,0,0,0
121900063,0,0,0
121900064,0,0,0
121900066,0,0,0
121900067,0,0,0
121900069,0,0,0
121900070,0,0,0
121900071,0,0,0
121900072,0,0,0
121900073,0,0,0
121900074,0,0,0
121900075,0,0,0
121900076,0,0,0
121900078,0,0,0
121900079,0,0,0
121900080,0,0,0
121900082,0,0,0
121900084,0,0,0
121900086,0,0,0
121900087,0,0,0
121900088,0,0,0
121900089,0,0,0
121900090,0,0,0
121900091,0,0,0
121900092,0,0,0
121900093,0,0,0
121900094,0,0,0
121900095,0,0,0
121900096,0,0,0
121900097,0,0,0
121900098,0,0,0
121900099,0,0,0
121900100,0,0,0
121900101,0,0,0
121900102,0,0,0
121900103,0,0,0
121900104,0,0,0
121900105,0,0,0
121900106,0,0,0
121900107,0,0,0
121900108,0,0,0
121900109,0,0,0
121900110,0,0,0
121900111,0,0,0
121900112,0,0,0
121900113,0,0,0
121900114,0,0,0
121900117,0,0,0
121900118,0,0,0
121900119,0,0,0
121900120,0,0,0
121900121,0,0,0
121900122,0,0,0
121900123,0,0,0
121900124,0,0,0
121900125,0,1,-1
121900127,0,0,0
121900128,0,0,0
121900129,0,0,0
121900130,0,0,0
121900131,0,0,0
121900132,0,0,0
121900133,0,0,0
121900134,0,0,0
121900135,0,0,0
121900136,0,0,0
121900137,0,0,0
121900138,0,0,0
121900139,0,0,0
121900140,0,0,0
121900141,0,0,0
121900142,0,0,0
121900143,0,0,0
121900144,3,2,1
121900145,0,0,0
121900146,0,0,0
121900147,0,1,-1
121900148,0,0,0
121900149,0,0,0
121900150,0,1,-1
121900151,0,0,0
121900152,0,0,0
121900153,0,0,0
121900154,0,0,0
121900155,0,0,0
121900156,0,0,0
121900157,0,0,0
121900158,0,0,0
121900159,0,0,0
121900160,0,0,0
121900161,0,0,0
121900162,2,1,1
121900163,0,0,0
121900164,0,0,0
121900165,0,0,0
121900166,0,0,0
121900167,0,0,0
121900168,0,0,0
121900169,0,23,-23
121900170,0,0,0
121900171,0,0,0
121900172,0,0,0
121900173,0,0,0
121900174,0,0,0
121900175,0,0,0
121900176,2,36,-34
121900177,0,2,-2
121900178,0,0,0
121900179,0,0,0
121900180,3,2,1
121900182,0,0,0
121900183,0,0,0
121900184,0,0,0
121900186,0,0,0
121900187,0,1,-1
121900188,0,0,0
121900189,0,0,0
121900190,0,0,0
121900191,0,0,0
121900192,0,0,0
121900193,0,0,0
121900194,0,0,0
121900195,0,0,0
121900196,0,0,0
121900197,2,18,-16
121900198,0,0,0
121900199,0,0,0
121900200,0,0,0
121900201,0,0,0
121900202,1,3,-2
121900203,0,0,0
121900204,0,0,0
121900205,0,0,0
121900206,0,0,0
121900207,0,0,0
121900208,0,0,0
121900209,0,0,0
121900210,0,0,0
121900211,0,0,0
121900212,0,0,0
121900213,0,0,0
121900214,0,0,0
121900215,0,0,0
121900216,0,0,0
121900217,0,0,0
121900218,0,0,0
121900220,0,0,0
121900221,0,0,0
121900222,0,0,0
121900223,0,0,0
121900224,0,0,0
121900225,0,0,0
121900226,0,0,0
121900227,0,0,0
121900228,0,0,0
121900230,0,0,0
121900231,0,0,0
121900232,0,0,0
121900233,0,0,0
121900234,0,0,0
121900235,0,0,0
121900236,0,0,0
121900237,0,0,0
121900238,0,0,0
121900239,0,0,0
121900240,0,0,0
121900241,0,0,0
121900242,0,0,0
121900243,0,0,0
121900244,0,0,0
121900245,0,0,0
121900246,0,0,0
121900248,0,0,0
121900250,0,0,0
121900251,0,0,0
121900252,0,0,0
121900253,0,7,-7
121900254,0,0,0
121900255,0,0,0
121900258,0,0,0
121900259,0,0,0
121900260,0,0,0
121900261,0,0,0
121900262,0,0,0
121900263,0,0,0
121900264,0,0,0
121900265,0,0,0
121900266,0,0,0
121900267,0,0,0
121900269,0,0,0
121900270,0,0,0
121900271,0,0,0
121900273,0,0,0
121900274,0,0,0
121900277,0,0,0
121900278,0,0,0
121900279,0,0,0
121900280,0,0,0
121900281,0,0,0
121900284,0,0,0
121900286,0,2,-2
121900287,0,1,-1
121900288,0,0,0
121900290,0,0,0
121900291,3,9,-6
121900292,0,0,0
121900293,4,77,-73
121900294,0,0,0
121900295,0,0,0
121900296,0,0,0
121900298,0,0,0
121900299,0,0,0
121900300,0,0,0
121900301,0,0,0
121900302,0,0,0
121900303,0,0,0
121900304,0,0,0
121900305,0,0,0
121900306,0,0,0
121900307,0,0,0
121900308,0,4,-4
121900309,0,3,-3
121900310,1,13,-12
121900311,0,0,0
121900312,0,0,0
121900313,0,0,0
121900314,0,0,0
121900315,0,0,0
121900316,0,0,0
121900317,0,0,0
121900318,0,0,0
121900319,0,0,0
121900320,0,0,0
121900321,0,0,0
121900322,0,0,0
121900323,0,0,0
121900324,0,0,0
121900325,0,0,0
121900326,0,0,0
121900327,0,0,0
121900328,0,0,0
121900329,0,0,0
121900330,0,0,0
121900331,0,0,0
121900332,0,0,0
121900333,0,0,0
121900334,0,0,0
122000001,62,186,-124
122000002,111,71,40
122000003,125,76,49
122000004,65,52,13
122000005,27,19,8
122000006,17,29,-12
122000007,40,38,2
122000008,76,100,-24
122000009,13,6,7
122000010,99,68,31
122000011,66,29,37
122000012,32,49,-17
122000013,35,31,4
122000014,34,21,13
122000015,24,9,15
122000016,35,21,14
122000017,84,69,15
122000018,82,69,13
122000019,31,67,-36
122000020,8,5,3
122000021,16,18,-2
122000022,33,15,18
122000023,15,5,10
122000024,18,23,-5
122000025,24,35,-11
122000026,5,8,-3
122000027,71,68,3
122000028,0,0,0
122000029,0,0,0
122000030,50,19,31
122000031,0,0,0
122000032,0,4,-4
122000033,1,8,-7
122000034,32,66,-34
122000035,39,47,-8
122000036,25,68,-43
122000037,34,6,28
122000038,14,4,10
122000039,29,27,2
122000040,41,30,11
122000041,0,0,0
122000042,0,0,0
122000043,0,0,0
122000044,0,0,0
122000045,0,1,-1
122000046,1,0,1
122000047,46,8,38
122000048,97,59,38
122000049,208,157,51
122000050,48,49,-1
122000051,0,0,0
122000052,8,2,6
122000053,5,20,-15
122000054,72,75,-3
122000055,108,153,-45
122000056,115,159,-44
122000057,203,141,62
122000058,156,122,34
122000059,114,128,-14
122000060,59,31,28
122000061,16,7,9
122000062,72,22,50
122000063,24,22,2
122000064,150,156,-6
122000065,224,90,134
122000066,136,87,49
122000067,110,147,-37
122000068,76,84,-8
122000069,237,66,171
122000070,13,4,9
122000071,7,10,-3
122000072,30,14,16
122000073,18,22,-4
122000074,2,1,1
122000075,1,1,0
122000076,27,32,-5
122000077,42,30,12
122000078,112,159,-47
122000079,117,137,-20
122000080,10,1,9
122000081,12,3,9
122000082,0,0,0
122000083,41,68,-27
122000084,79,54,25
122000085,56,36,20
122000086,114,107,7
122000087,4,4,0
122000088,12,13,-1
122000089,176,94,82
122000090,5,10,-5
122000091,4,3,1
122000092,3,0,3
122000093,28,99,-71
122000094,376,74,302
122000095,182,120,62
122000096,16,12,4
122000098,298,187,111
122000099,19,36,-17
122000100,22,12,10
122000101,0,6,-6
122000102,137,50,87
122000103,45,46,-1
122000104,7,3,4
122000105,9,4,5
122000106,10,17,-7
122000107,3,4,-1
122000108,21,25,-4
122000109,1,9,-8
122000110,13,18,-5
122000111,67,11,56
122000112,12,6,6
122000113,9,18,-9
122000114,240,234,6
122000115,320,195,125
122000116,63,18,45
122000117,11,3,8
122000118,10,7,3
122000119,101,127,-26
122000120,128,156,-28
122000121,104,130,-26
122000122,33,60,-27
122000123,120,11,109
122000124,18,24,-6
122000125,116,25,91
122000126,111,18,93
122000127,27,76,-49
122000128,16,29,-13
122000129,4,1,3
122000130,8,7,1
122000131,7,2,5
122000132,124,11,113
122000133,52,102,-50
122000134,31,28,3
122000135,28,127,-99
122000136,1,3,-2
122000137,5,11,-6
122000139,72,50,22
122000140,101,39,62
122000141,151,32,119
122000142,15,39,-24
122000143,4,3,1
122000144,7,7,0
122000145,14,22,-8
122000146,0,0,0
122000147,1,1,0
122000148,136,53,83
122000149,54,45,9
122000150,13,12,1
122000151,2,1,1
122000152,74,40,34
122000153,0,0,0
122000154,0,0,0
122000155,27,34,-7
122000156,360,134,226
122000157,416,525,-109
122000158,27,15,12
122000159,7,9,-2
122000160,30,14,16
122000161,7,9,-2
122000162,17,12,5
122000163,0,0,0
122000164,0,0,0
122000165,16,17,-1
122000166,1,3,-2
122000167,60,24,36
122000168,0,2,-2
122000169,26,21,5
122000170,15,43,-28
122000171,7,18,-11
122000172,63,72,-9
122000173,30,159,-129
122000174,242,161,81
122000175,98,26,72
122000176,4,4,0
122000177,180,251,-71
122000178,6,1,5
122000179,37,43,-6
122000180,159,242,-83
122000181,356,549,-193
122000182,31,6,25
122000183,45,10,35
122000184,1245,201,1044
122000185,771,240,531
122000186,13,25,-12
122000187,9,46,-37
122000188,22,34,-12
122000189,0,0,0
122000190,0,87,-87
122000191,18,7,11
122000192,14,2,12
122000193,2,6,-4
122000194,17,8,9
122000195,0,2,-2
122000196,6,4,2
122000197,1,2,-1
122000198,25,17,8
122000199,9,3,6
122000200,38,12,26
122000201,328,266,62
122000202,394,466,-72
122000203,89,90,-1
122000204,137,162,-25
122000205,35,53,-18
122000206,41,7,34
122000207,20,16,4
122000208,7,48,-41
122000209,0,0,0
122000210,75,174,-99
122000211,51,85,-34
122000212,35,21,14
122000213,61,52,9
122000214,59,82,-23
122000215,136,92,44
122000217,150,148,2
122000218,0,0,0
122000219,150,114,36
122000220,62,61,1
122000221,10,23,-13
122000222,31,4,27
122000223,69,30,39
122000225,56,11,45
122000226,44,186,-142
122000227,21,110,-89
122000228,15,38,-23
122000229,3,36,-33
122000230,1,35,-34
122000231,6,32,-26
122000232,3,46,-43
122000233,0,0,0
122000234,1,0,1
122000235,6,0,6
122000236,8,3,5
122000237,3,1,2
122000238,4,1,3
122000239,0,20,-20
122000240,7,0,7
122000241,0,0,0
122000242,0,1,-1
122000243,1,1,0
122000244,0,19,-19
122000245,14,26,-12
122000246,3,14,-11
122000247,23,79,-56
122000248,51,103,-52
122000249,5,7,-2
122000250,31,4,27
122000251,13,13,0
122000252,40,1,39
122000253,1,19,-18
122000254,4,2,2
122000255,30,21,9
122000256,38,223,-185
122000257,12,69,-57
122000258,21,12,9
122000259,1,57,-56
122000260,1,60,-59
122000261,0,0,0
122000262,0,10,-10
122000263,2,10,-8
122000264,0,0,0
122000265,0,0,0
122000266,0,0,0
122000267,0,0,0
122000268,0,0,0
122000269,0,0,0
122000270,0,0,0
122000271,0,0,0
122000272,0,0,0
122000273,2,2,0
122000274,1,2,-1
122000275,1,2,-1
122000276,11,21,-10
122000277,36,71,-35
122000278,37,16,21
122000279,29,94,-65
122000280,51,107,-56
122000281,22,48,-26
122000282,5,22,-17
122000283,141,7,134
122000284,2,4,-2
122000285,58,29,29
122000286,5,25,-20
122000287,9,0,9
122000288,50,0,50
122000291,56,24,32
122000293,9,8,1
122000294,0,0,0
122000295,2,0,2
122000296,5,18,-13
122000297,158,45,113
122000299,8,10,-2
122000300,36,70,-34
122000301,264,75,189
122000302,12,3,9
122000303,417,108,309
122000304,0,12,-12
122000305,34,18,16
122000306,3,99,-96
122000307,22,12,10
122000309,4,21,-17
122000310,0,0,0
122000311,6,2,4
122000312,6,4,2
122000313,0,0,0
122000314,3,11,-8
122000315,1,0,1
122000316,3,1,2
122000317,4,0,4
122000318,3,1,2
122000319,19,35,-16
122000320,30,113,-83
122000321,8,42,-34
122000322,103,11,92
122000323,52,33,19
122000324,78,46,32
122000325,8,29,-21
122000326,0,0,0
122000327,1,20,-19
122000328,22,46,-24
122000330,44,9,35
122000333,0,12,-12
122000337,47,227,-180
122000338,50,54,-4
122000340,13,11,2
122000342,42,46,-4
122000343,6,73,-67
122000344,0,0,0
122000345,3,0,3
122000346,7,5,2
122000348,12,25,-13
122000349,1,23,-22
122000351,0,1,-1
122000352,18,4,14
122000353,0,31,-31
122000355,0,0,0
122000356,287,148,139
122000357,0,0,0
122000358,0,0,0
122000359,0,0,0
122000360,0,0,0
122000362,1,7,-6
122000364,2,21,-19
122000365,0,0,0
122000366,0,0,0
122000368,25,27,-2
122000370,0,7,-7
122000371,0,0,0
122000372,0,0,0
122000381,0,18,-18
122000382,2,16,-14
122000384,63,72,-9
122000385,0,0,0
122000386,1,8,-7
122000387,48,34,14
122000388,9,7,2
122000389,10,38,-28
122000390,3,5,-2
122000391,0,0,0
122000392,8,10,-2
122000393,1,4,-3
122000394,5,10,-5
122000395,4,5,-1
122000396,9,3,6
122000399,4,1,3
122000400,0,0,0
122000401,0,5,-5
122000402,0,0,0
122000403,26,175,-149
122000404,12,25,-13
122000408,74,98,-24
122000503,0,0,0
122000524,0,0,0
122000544,0,0,0
122000614,40,6,34
122000616,84,4,80
122000640,0,0,0
122000641,0,2,-2
122000642,0,2,-2
122000643,0,0,0
122000644,16,42,-26
122000645,52,131,-79
122000651,32,47,-15
122000664,3,3,0
122000665,62,76,-14
122000666,17,37,-20
122000673,6,37,-31
122000674,31,5,26
122000675,28,107,-79
122000686,0,0,0
122000687,0,0,0
122000688,1,0,1
122000689,4,4,0
122000690,20,68,-48
122000691,0,0,0
122000692,36,127,-91
122000693,0,0,0
122000695,9,32,-23
122000696,1,6,-5
122000698,22,139,-117
122000699,19,0,19
122000701,53,47,6
122000702,0,0,0
122000703,0,0,0
122000712,0,0,0
122000717,68,2,66
122000718,26,5,21
122000719,1,0,1
122000720,0,3,-3
122000724,30,3,27
122900001,0,0,0
122900002,0,0,0
122900003,0,0,0
122900004,0,0,0
122900005,0,0,0
122900006,0,0,0
122900007,0,0,0
122900008,0,0,0
122900009,0,0,0
122900010,0,0,0
122900012,0,0,0
122900014,0,0,0
122900015,0,0,0
122900016,0,0,0
122900017,0,1,-1
122900018,0,0,0
122900020,0,0,0
122900021,0,0,0
122900022,28,49,-21
122900023,2,3,-1
122900024,0,0,0
122900025,0,0,0
122900026,0,0,0
122900027,1,15,-14
122900028,0,0,0
122900029,0,0,0
122900030,46,6,40
122900031,0,0,0
122900032,5,2,3
122900033,0,0,0
122900034,0,0,0
122900035,0,0,0
122900036,0,0,0
122900037,0,0,0
122900038,0,8,-8
122900039,0,0,0
122900040,0,0,0
122900041,0,0,0
122900042,0,0,0
122900043,0,0,0
122900044,0,0,0
122900045,0,0,0
122900046,0,0,0
122900047,0,0,0
122900048,0,0,0
122900049,0,0,0
122900051,0,0,0
122900052,0,1,-1
122900053,0,0,0
122900055,0,0,0
122900057,0,0,0
122900061,0,0,0
122900062,2,1,1
122900063,0,0,0
122900064,0,2,-2
122900065,4,2,2
122900066,1,4,-3
122900067,0,0,0
122900069,0,1,-1
122900070,1,0,1
122900071,0,1,-1
122900073,0,0,0
122900074,0,0,0
122900075,0,3,-3
122900076,0,2,-2
122900077,0,25,-25
122900078,0,9,-9
122900080,0,0,0
122900081,0,0,0
122900082,0,0,0
122900083,0,0,0
122900084,0,0,0
122900086,0,0,0
122900087,0,1,-1
122900088,0,0,0
122900089,0,0,0
122900090,0,15,-15
122900091,0,0,0
122900092,0,0,0
122900093,0,0,0
122900094,0,0,0
122900095,0,0,0
122900096,0,0,0
122900097,0,0,0
122900098,0,0,0
122900099,0,0,0
122900100,0,0,0
122900101,0,0,0
122900102,0,0,0
122900103,0,0,0
122900104,0,0,0
122900105,0,0,0
122900106,0,0,0
122900107,0,0,0
122900108,0,0,0
122900109,1,10,-9
123000001,209,82,127
123000002,428,194,234
123000003,339,286,53
123000004,351,336,15
123000005,100,161,-61
123000006,277,591,-314
123000007,168,158,10
123000008,299,581,-282
123000009,520,294,226
123000010,1074,1036,38
123000011,204,122,82
123000012,350,972,-622
123000013,231,70,161
123000014,190,602,-412
123000015,571,88,483
123000016,260,770,-510
123000017,100,44,56
123000018,0,8,-8
123000019,0,2,-2
123000020,0,0,0
123000021,0,0,0
123000022,1,1,0
123000023,26,24,2
123000024,13,12,1
123000025,0,2,-2
123000026,1,4,-3
123000027,4,11,-7
123000028,12,1,11
123000029,46,16,30
123000030,3,48,-45
123000031,0,3,-3
123000032,1,1,0
123000033,1,1,0
123000034,13,15,-2
123000035,2,4,-2
123000036,12,2,10
123000037,18,37,-19
123000038,10,24,-14
123000039,59,60,-1
123000040,61,33,28
123000041,12,11,1
123000042,22,38,-16
123000043,90,135,-45
123000044,252,140,112
123000045,459,207,252
123000046,4,3,1
123000047,29,42,-13
123000048,0,0,0
123000049,295,76,219
123000050,90,59,31
123000051,1,11,-10
123000052,168,69,99
123000053,113,49,64
123000054,145,79,66
123000055,161,66,95
123000056,70,81,-11
123000057,639,453,186
123000058,33,21,12
123000059,10,9,1
123000060,30,18,12
123000061,10,21,-11
123000063,16,42,-26
123000064,18,22,-4
123000065,301,194,107
123000066,143,49,94
123000067,10,22,-12
123000068,258,297,-39
123000069,635,683,-48
123000070,1,0,1
123000071,4,16,-12
123000072,47,75,-28
123000073,3,12,-9
123000074,183,163,20
123000075,2,19,-17
123000076,23,58,-35
123000077,216,215,1
123000078,12,40,-28
123000079,9,20,-11
123000080,263,281,-18
123000081,4,15,-11
123000082,8,4,4
123000083,5,19,-14
123000084,24,90,-66
123000085,1,1,0
123000086,7,9,-2
123000087,1,18,-17
123000088,102,69,33
123000089,0,0,0
123000090,105,201,-96
123000091,2,2,0
123000092,173,247,-74
123000094,42,21,21
123000095,1,10,-9
123000096,3,3,0
123000097,35,69,-34
123000098,2,3,-1
123000099,35,87,-52
123000100,45,49,-4
123000101,3,2,1
123000102,18,29,-11
123000104,6,16,-10
123000105,88,66,22
123000106,7,18,-11
123000107,22,73,-51
123000108,143,68,75
123000111,4,1,3
123000112,8,9,-1
123000113,67,68,-1
123000114,1,1,0
123000115,1,32,-31
123000116,2,6,-4
123000117,28,27,1
123000118,2,22,-20
123000119,54,95,-41
123000120,82,94,-12
123000121,0,0,0
123000122,173,63,110
123000123,22,19,3
123000124,117,71,46
123000125,49,10,39
123000126,1,2,-1
123000127,255,226,29
123000128,18,68,-50
123000129,0,0,0
123000130,0,0,0
123000131,8,16,-8
123000132,19,55,-36
123000133,22,63,-41
123000134,29,8,21
123000135,9,30,-21
123000136,7,87,-80
123000137,1,24,-23
123000138,4,38,-34
123000139,0,0,0
123000140,2,57,-55
123000141,0,0,0
123000142,139,115,24
123000143,129,256,-127
123000144,2,1,1
123000145,2,4,-2
123000146,0,2,-2
123000147,0,1,-1
123000149,0,0,0
123000150,0,0,0
123000151,12,34,-22
123000152,4,48,-44
123000153,4,17,-13
123000154,50,17,33
123000155,90,35,55
123000156,9,2,7
123000157,31,49,-18
123000158,0,0,0
123000159,100,57,43
123000160,31,6,25
123000161,90,1,89
123000162,5,4,1
123000163,0,0,0
123000164,0,0,0
123000165,15,75,-60
123000166,1,13,-12
123000167,1,22,-21
123000168,19,20,-1
123000169,0,0,0
123000170,0,37,-37
123000171,0,8,-8
123000172,8,47,-39
123000173,0,0,0
123000174,0,0,0
123000175,32,104,-72
123000176,0,0,0
123000177,22,73,-51
123000178,0,0,0
123000179,0,17,-17
123000180,37,8,29
123000181,7,138,-131
123000183,4,7,-3
123000186,1,113,-112
123000187,0,0,0
123000188,2,8,-6
123000189,0,19,-19
123000190,0,3,-3
123000192,1,62,-61
123000193,4,40,-36
123000194,25,18,7
123000195,0,0,0
123000196,0,0,0
123000197,1,0,1
123000198,0,27,-27
123000199,0,54,-54
123000200,0,0,0
123000201,0,0,0
123000202,2,118,-116
123000203,0,0,0
123000204,7,150,-143
123000205,22,163,-141
123000206,12,2,10
123000207,10,73,-63
123000208,4,1,3
123000209,15,3,12
123000210,11,129,-118
123000211,62,318,-256
123000212,0,0,0
123000213,0,0,0
123000215,112,7,105
123000216,0,0,0
123000217,0,0,0
123000218,11,45,-34
123000219,0,0,0
123000220,0,0,0
123000222,7,1,6
123000223,1,6,-5
123000224,11,15,-4
123000225,0,6,-6
123000226,0,19,-19
123000227,1,45,-44
123000228,1,5,-4
123000229,82,253,-171
123000232,4,79,-75
123000233,0,0,0
123000234,14,103,-89
123000235,0,0,0
123000236,33,100,-67
123000237,0,0,0
123000238,3,56,-53
123000239,23,180,-157
123000240,1,27,-26
123000241,0,0,0
123000243,225,182,43
123000244,196,138,58
123000245,8,49,-41
123000249,335,113,222
123000252,0,0,0
123000253,0,0,0
123000254,13,57,-44
123000255,18,16,2
123000256,7,38,-31
123000257,108,142,-34
123000258,76,107,-31
123000259,3,8,-5
123000260,8,30,-22
123000261,25,39,-14
123000262,2,11,-9
123000263,17,0,17
123000264,2,0,2
123000265,0,12,-12
123000266,11,59,-48
123000267,0,0,0
123000268,0,6,-6
123000269,0,0,0
123000270,0,0,0
123000271,3,10,-7
123000272,0,0,0
123000273,0,0,0
123000274,0,0,0
123000275,10,108,-98
123000278,253,222,31
123000279,0,0,0
123000280,7,28,-21
123000281,0,0,0
123000282,10,16,-6
123000283,0,0,0
123000284,1,15,-14
123000286,16,45,-29
123000287,13,24,-11
123000288,0,0,0
123000289,0,0,0
123000291,21,109,-88
123000294,3,37,-34
123000295,97,31,66
123000296,65,7,58
123000297,0,2,-2
123000298,1,9,-8
123000299,5,3,2
123000300,5,22,-17
123000301,4,26,-22
123000302,0,0,0
123000303,0,0,0
123000305,124,111,13
123000306,3,48,-45
123000309,1,8,-7
123000310,0,0,0
123000311,0,45,-45
123000312,27,93,-66
123000313,0,0,0
123000315,0,3,-3
123000316,82,60,22
123000317,0,0,0
123000318,0,22,-22
123000329,69,13,56
123000337,0,9,-9
123000338,1,1,0
123000339,1,79,-78
123000340,2,8,-6
123000342,0,8,-8
123000343,0,0,0
123000344,76,27,49
123000345,32,46,-14
123000346,0,0,0
123000352,102,119,-17
123000353,1,6,-5
123000354,15,1,14
123000355,2,95,-93
123000356,0,0,0
123000357,0,14,-14
123000359,0,12,-12
123000360,0,0,0
123000361,10,24,-14
123000362,1,15,-14
123000363,1,16,-15
123000364,12,6,6
123000365,0,46,-46
123000366,66,67,-1
123000367,75,156,-81
123000370,2,20,-18
123000371,0,0,0
123000372,1,1,0
123000373,0,52,-52
123000374,3,33,-30
123000375,2,2,0
123000376,10,12,-2
123000377,0,0,0
123000378,0,37,-37
123000379,0,24,-24
123000380,0,40,-40
123000381,0,0,0
123000382,40,9,31
123000383,6,64,-58
123000384,9,1,8
123000385,5,123,-118
123000436,22,329,-307
123000507,5,13,-8
123000508,56,81,-25
123000517,14,2,12
123000518,1,14,-13
123000519,16,3,13
123000520,2,21,-19
123000521,60,25,35
123000522,28,58,-30
123000541,0,0,0
123000542,0,6,-6
123000565,16,1,15
123000566,12,34,-22
123000567,4,9,-5
123000575,4,112,-108
123000576,0,0,0
123000577,24,104,-80
123000578,0,0,0
123000579,74,23,51
123000580,9,0,9
123000582,0,0,0
123000583,1,44,-43
123000584,0,0,0
123000585,0,4,-4
123000586,0,0,0
123000596,3,21,-18
123000597,0,0,0
123000602,0,0,0
123000603,0,0,0
123000604,24,136,-112
123000605,226,9,217
123000606,0,408,-408
123000609,2,56,-54
123000610,0,1,-1
123000613,2,5,-3
123000615,20,34,-14
123000616,0,0,0
123000617,9,41,-32
123000618,10,43,-33
123000619,0,0,0
123000620,26,190,-164
123000622,0,0,0
123000624,0,0,0
123000630,2,19,-17
123000631,249,389,-140
123000632,144,81,63
123000633,5,39,-34
123000634,0,0,0
123000635,12,8,4
123000636,2,15,-13
123000637,0,0,0
123000638,0,0,0
123000639,0,0,0
123000640,2,76,-74
123000648,0,0,0
123000649,14,98,-84
123000650,0,0,0
123000651,19,28,-9
123000652,0,0,0
123000653,2,36,-34
123000654,18,59,-41
123000655,3,19,-16
123000656,0,0,0
123000657,0,3,-3
123000658,0,0,0
123900001,3,1,2
123900002,0,5,-5
123900003,0,0,0
123900005,0,0,0
123900006,0,0,0
124000001,91,0,91
124000002,1,52,-51
124000003,4,0,4
124000004,12,74,-62
124000005,3,0,3
124000006,31,175,-144
124000007,0,0,0
124000008,7,75,-68
124000009,0,0,0
124000010,17,114,-97
124000011,0,0,0
124000012,18,143,-125
124000017,0,0,0
124000018,8,8,0
124000019,0,0,0
124000020,2,27,-25
124000021,0,0,0
124000022,7,45,-38
124000023,114,28,86
124000024,69,75,-6
124000025,139,14,125
124000026,110,73,37
124000027,108,11,97
124000028,192,212,-20
124000031,24,0,24
124000032,229,129,100
124000033,34,4,30
124000034,64,196,-132
124000035,2,1,1
124000036,14,112,-98
124000037,4,0,4
124000038,3,9,-6
124000039,20,8,12
124000040,20,42,-22
124000041,7,3,4
124000042,6,42,-36
124000043,6,4,2
124000044,3,39,-36
124000045,0,0,0
124000046,12,91,-79
124000047,0,0,0
124000048,42,164,-122
124000049,0,0,0
124000050,45,300,-255
124000051,0,0,0
124000052,33,139,-106
124000053,0,0,0
124000054,48,94,-46
124000055,0,0,0
124000056,227,300,-73
124000057,0,0,0
124000058,38,256,-218
124000059,7,9,-2
124000060,212,105,107
124000061,3,24,-21
124000062,488,235,253
124000063,214,305,-91
124000064,243,271,-28
124000065,4,8,-4
124000066,0,0,0
124000067,0,0,0
124000068,0,4,-4
124000069,0,0,0
124000070,14,20,-6
124000071,0,0,0
124000072,4,14,-10
124000073,0,0,0
124000074,13,31,-18
124000075,0,0,0
124000076,2,21,-19
124000077,32,42,-10
124000078,2,0,2
124000079,23,46,-23
124000080,0,0,0
124000081,7,55,-48
124000082,0,0,0
124000083,1,10,-9
124000084,0,0,0
124000085,1,9,-8
124000086,0,0,0
124000087,0,0,0
124000088,0,1,-1
124000089,0,1,-1
124000090,5,70,-65
124000091,8,3,5
124000092,5,84,-79
124000093,0,0,0
124000094,1,20,-19
124000095,0,0,0
124000096,6,23,-17
124000097,0,0,0
124000098,13,13,0
124000099,0,1,-1
124000100,5,37,-32
124000101,0,3,-3
124000102,5,19,-14
124000103,1,4,-3
124000104,14,19,-5
124000105,0,4,-4
124000106,17,12,5
124000107,0,0,0
124000108,26,4,22
124000109,0,0,0
124000110,7,16,-9
124000111,2,6,-4
124000112,5,35,-30
124000113,0,0,0
124000114,5,28,-23
124000115,24,26,-2
124000116,0,0,0
124000117,9,12,-3
124000118,1,2,-1
124000119,18,35,-17
124000120,0,1,-1
124000121,36,7,29
124000122,115,74,41
124000123,63,14,49
124000124,17,90,-73
124000125,21,20,1
124000126,21,68,-47
124000127,25,30,-5
124000128,49,190,-141
124000129,58,67,-9
124000130,50,57,-7
124000131,55,24,31
124000132,116,132,-16
124000133,14,11,3
124000134,32,63,-31
124000135,26,25,1
124000136,36,94,-58
124000137,3,8,-5
124000138,25,82,-57
124000139,0,0,0
124000140,5,33,-28
124000141,0,0,0
124000142,5,37,-32
124000143,0,0,0
124000144,2,35,-33
124000145,0,0,0
124000146,0,16,-16
124000148,0,0,0
124000149,2,1,1
124000150,9,43,-34
124000151,4,0,4
124000152,31,82,-51
124000153,0,4,-4
124000154,9,104,-95
124000155,2,5,-3
124000156,38,102,-64
124000169,1,4,-3
124000170,25,25,0
124000171,1,3,-2
124000172,21,33,-12
124000173,1,4,-3
124000174,25,53,-28
124000175,2,10,-8
124000176,0,0,0
124000177,0,2,-2
124000178,0,0,0
124000185,0,0,0
124000186,0,2,-2
124000187,0,1,-1
124000188,0,1,-1
124000190,4,1,3
124000191,9,3,6
124000192,0,0,0
124000193,35,140,-105
124000194,32,86,-54
124000195,9,22,-13
124000196,58,207,-149
124000197,12,5,7
124000198,2,2,0
124000201,18,110,-92
124000202,0,3,-3
124000203,4,125,-121
124000204,1,29,-28
124000205,1,81,-80
124000206,0,21,-21
124000207,0,28,-28
124000209,0,39,-39
124000210,1,27,-26
124000211,0,0,0
124000212,0,83,-83
124000213,1,78,-77
124000214,1,26,-25
124000215,0,0,0
124000216,1,63,-62
124000329,9,149,-140
124000338,3,77,-74
124000339,0,0,0
124000341,0,0,0
124000344,0,0,0
124000357,72,20,52
124000358,41,32,9
124000359,7,12,-5
124000360,6,4,2
124000361,2,1,1
124000362,150,264,-114
124000363,35,147,-112
124000364,96,261,-165
124000365,171,499,-328
124000366,292,360,-68
124000367,10,45,-35
124000368,0,0,0
124000369,1,0,1
124000370,8,61,-53
124000402,0,0,0
124000403,0,0,0
124000404,1,11,-10
124000405,56,30,26
124000406,41,109,-68
124000407,0,3,-3
124000411,1,10,-9
124000412,0,0,0
124000413,0,0,0
124000414,4,3,1
124000415,0,13,-13
124000416,12,22,-10
124000417,2,2,0
124000418,2,3,-1
124000419,10,14,-4
124000420,0,1,-1
124000421,1,21,-20
124000422,0,0,0
124000423,1,1,0
124000424,0,12,-12
124000425,0,0,0
124000426,0,21,-21
124000427,0,0,0
124000428,2,1,1
124000429,0,22,-22
124000430,11,21,-10
124000431,2,19,-17
124000432,5,26,-21
124000439,0,0,0
124000443,1,9,-8
124000445,5,0,5
124000446,93,3,90
124000447,0,0,0
124000448,0,0,0
124000449,0,0,0
124000450,0,12,-12
124000451,0,13,-13
124000452,51,3,48
124000453,346,63,283
124000454,196,595,-399
124000455,0,101,-101
124000456,0,0,0
124000457,4,58,-54
124000458,0,36,-36
124000459,0,0,0
124000460,0,21,-21
124900001,0,0,0
124900002,0,0,0
124900003,0,0,0
124900004,0,0,0
124900005,0,0,0
124900006,0,0,0
124900008,0,0,0
124900009,0,0,0
124900010,0,0,0
124900011,0,0,0
124900012,0,0,0
124900013,0,0,0
124900014,0,0,0
124900015,0,0,0
124900016,0,0,0
124900017,0,0,0
124900018,0,0,0
124900020,0,0,0
124900021,0,0,0
124900022,0,0,0
124900024,0,0,0
124900026,0,1,-1
124900027,0,0,0
124900028,0,0,0
124900029,0,0,0
124900030,0,0,0
124900031,0,0,0
124900032,0,0,0
124900033,1,1,0
124900034,0,0,0
124900035,0,0,0
124900036,0,0,0
124900037,0,1,-1
124900038,0,0,0
124900039,0,0,0
124900040,0,1,-1
124900041,0,17,-17
124900042,0,0,0
124900043,4,31,-27
124900044,0,0,0
124900045,8,7,1
124900047,0,3,-3
124900048,2,2,0
124900050,1,2,-1
124900052,0,4,-4
124900053,1,11,-10
124900054,108,9,99
124900055,0,6,-6
124900057,1,78,-77
124900060,1,5,-4
124900061,0,0,0
124900062,0,0,0
124900066,0,1,-1
124900067,0,7,-7
124900068,0,0,0
124900070,0,0,0
124900072,0,0,0
124900075,0,0,0
124900076,0,0,0
124900077,0,0,0
124900078,1,0,1
124900079,0,3,-3
124900080,4,23,-19
124900081,0,0,0
124900082,0,0,0
124900083,1,19,-18
124900085,0,0,0
124900086,0,0,0
124900087,0,0,0
124900088,0,0,0
124900089,10,0,10
124900090,0,0,0
124900091,0,0,0
124900092,0,0,0
124900093,0,0,0
124900094,0,0,0
124900095,0,0,0
124900096,0,0,0
124900097,0,0,0
124900098,0,0,0
124900099,0,0,0
124900100,0,0,0
124900101,0,0,0
124900102,0,0,0
124900103,0,5,-5
124900104,0,1,-1
124900105,0,1,-1
124900106,0,0,0
124900107,0,0,0
124900108,0,0,0
124900111,0,2,-2
124900112,0,23,-23
124900113,0,1,-1
124900114,0,1,-1
124900115,0,0,0
124900116,0,0,0
124900117,1,0,1
124900118,0,0,0
124900119,0,0,0
124900120,4,13,-9
124900121,0,0,0
124900122,21,2,19
124900123,0,0,0
124900124,3,4,-1
124900125,0,1,-1
124900126,0,50,-50
204000001,0,0,0
204000002,0,0,0
204000003,0,0,0
204000004,0,0,0
204000005,0,0,0
204000006,0,0,0
204000011,10,21,-11
204000012,1,26,-25
204000019,79,64,15
204000020,12,23,-11
204000021,73,45,28
204000022,25,53,-28
204000023,116,303,-187
204000031,0,0,0
204000032,0,0,0
204000034,4,4,0
204000035,11,2,9
204000036,11,3,8
204000037,4,4,0
204000038,1,5,-4
204000039,1,7,-6
204000040,1,3,-2
204000041,2,7,-5
204000042,0,0,0
204000043,0,0,0
204000044,0,0,0
204000045,0,0,0
204000046,0,0,0
204000057,0,1,-1
204000062,4,33,-29
204000068,16,57,-41
204000069,4,17,-13
204000070,0,0,0
204000080,25,31,-6
204000085,87,261,-174
204000086,432,385,47
204000087,27,41,-14
204000088,13,33,-20
204000090,50,82,-32
204000093,0,0,0
204000096,0,0,0
204000097,0,0,0
204000099,1,1,0
204000100,0,0,0
204000105,171,197,-26
204000110,109,270,-161
204000111,59,82,-23
204000112,26,159,-133
204000113,68,109,-41
204000114,13,14,-1
204000115,5,29,-24
204000116,14,28,-14
204000119,0,0,0
204000132,0,0,0
204000133,0,0,0
204000134,0,0,0
204000135,0,0,0
204000136,0,0,0
204000138,0,0,0
204000140,0,0,0
204000141,0,0,0
204000144,0,0,0
204000145,0,0,0
204000146,46,138,-92
204000147,6,35,-29
204000148,0,0,0
204000154,0,0,0
204000155,1,2,-1
204000177,0,0,0
204000179,0,0,0
204000180,0,31,-31
204000222,0,1,-1
204000236,22,95,-73
204000238,0,0,0
204000240,11,9,2
204000263,64,221,-157
204000268,0,0,0
204000308,0,0,0
204000317,8,17,-9
204000322,11,15,-4
204000323,0,0,0
204000328,0,0,0
204000329,71,72,-1
204000330,0,0,0
204000331,70,150,-80
205000001,206,232,-26
205000013,1,25,-24
205000014,3,51,-48
205000015,14,69,-55
205000016,5,28,-23
205000017,18,21,-3
205000022,63,160,-97
205000025,214,217,-3
205000029,40,22,18
205000045,6,37,-31
205000046,15,86,-71
205000047,11,78,-67
205000048,19,153,-134
205000049,22,136,-114
205000050,101,99,2
205000059,0,82,-82
205000060,0,12,-12
205000061,0,6,-6
205000062,0,26,-26
205000063,1,14,-13
205000064,0,27,-27
205000065,10,104,-94
205000066,6,106,-100
205000067,2,280,-278
205000069,178,91,87
205000082,0,0,0
205000110,20,56,-36
205000111,29,62,-33
205000112,1,1,0
205000113,22,30,-8
205000121,0,0,0
205000123,25,64,-39
205000126,0,0,0
205000127,0,0,0
205000128,0,0,0
205000129,0,0,0
205000130,0,0,0
205000131,0,0,0
205000132,0,0,0
205000133,0,0,0
205000134,0,0,0
205000137,16,29,-13
205000138,33,58,-25
205000139,0,18,-18
205000144,0,0,0
205000145,0,0,0
205000151,0,0,0
205000152,0,0,0
205000153,0,0,0
205000154,0,0,0
205000155,0,0,0
205000207,66,57,9
205000233,0,0,0
205000234,0,1,-1
205000243,0,0,0
205000244,0,3,-3
205000245,19,66,-47
205000249,0,3,-3
205000250,0,0,0
205000264,0,16,-16
206000027,0,0,0
206000028,0,0,0
206000043,4,32,-28
206000053,3,8,-5
206000054,16,8,8
206000055,1,4,-3
206000075,2,3,-1
206000076,7,2,5
206000077,1,3,-2
206000078,5,3,2
206000079,16,4,12
206000082,0,0,0
206000100,7,112,-105
206000103,6,31,-25
206000104,3,15,-12
206000105,3,14,-11
206000106,13,23,-10
206000125,0,0,0
206000157,94,170,-76
206000170,1,71,-70
206000171,3,65,-62
206000172,3,200,-197
206000173,2,55,-53
206000174,1,57,-56
206000175,0,87,-87
206000176,6,91,-85
206000177,0,59,-59
206000178,2,36,-34
206000179,0,32,-32
206000180,9,41,-32
206000181,3,45,-42
206000182,9,63,-54
206000183,12,88,-76
206000184,4,76,-72
206000185,2,64,-62
206000186,18,230,-212
206000223,6,55,-49
206000226,0,0,0
206000227,0,0,0
206000237,1,84,-83
206000238,10,120,-110
206000239,95,260,-165
206000240,1,32,-31
206000241,1,50,-49
206000242,17,96,-79
206000243,2,79,-77
206000244,27,155,-128
206000245,17,1,16
206000246,1,0,1
206000247,3,0,3
206000248,3,0,3
206000252,25,7,18
206000258,13,9,4
206000315,5,1,4
206000317,23,4,19
206000318,11,6,5
206000319,32,4,28
206000320,3,1,2
206000321,3,0,3
206000322,0,0,0
206000323,0,0,0
206000324,0,0,0
206000325,0,0,0
206000326,0,0,0
206000327,2,1,1
206000328,9,0,9
206000329,13,0,13
206000330,3,0,3
206000331,0,0,0
206000332,0,0,0
206000333,11,0,11
206000334,2,0,2
206000335,0,9,-9
206000361,6,86,-80
206000392,3,13,-10
206000405,24,0,24
206000441,0,0,0
206000498,1,2,-1
206000515,72,14,58
206000530,0,0,0
206000531,0,0,0
206000532,0,0,0
206000535,35,132,-97
206000536,6,27,-21
206000537,4,15,-11
206000613,0,0,0
206000784,256,13,243
207000001,32,116,-84
207000002,24,106,-82
207000003,10,85,-75
207000007,6,0,6
207000008,3,3,0
207000009,2,1,1
207000010,76,50,26
207000012,0,0,0
207000015,77,150,-73
207000019,19,4,15
207000021,23,12,11
207000022,3,6,-3
207000023,5,1,4
207000024,2,2,0
207000025,1,3,-2
207000026,16,38,-22
207000027,4,17,-13
207000028,9,69,-60
207000029,51,106,-55
207000033,22,17,5
207000034,14,1,13
207000039,0,0,0
207000040,0,0,0
207000041,0,0,0
207000042,0,0,0
207000043,0,0,0
207000051,12,61,-49
207000052,0,47,-47
207000053,97,149,-52
207000054,4,32,-28
207000055,6,38,-32
207000056,24,98,-74
207000057,23,89,-66
207000058,22,130,-108
207000059,13,173,-160
207000060,2,31,-29
207000061,1,3,-2
207000062,13,3,10
207000063,12,19,-7
207000064,46,18,28
207000065,4,9,-5
207000066,6,13,-7
207000067,2,8,-6
207000068,4,3,1
207000069,64,17,47
207000082,0,0,0
207000083,5,20,-15
207000084,2,2,0
207000085,7,0,7
207000086,1,0,1
207000106,0,0,0
207000107,0,0,0
207000108,0,0,0
207000109,0,0,0
207000110,0,0,0
207000111,0,0,0
207000112,0,0,0
207000114,3,7,-4
207000115,9,15,-6
207000116,3,83,-80
207000117,1,18,-17
207000118,2,23,-21
207000119,4,26,-22
207000123,0,0,0
207000124,0,0,0
207000125,0,0,0
207000126,0,0,0
207000134,0,1,-1
207000135,0,0,0
207000148,0,0,0
207000149,15,11,4
207000152,28,121,-93
207000153,202,277,-75
207000154,35,13,22
207000159,15,55,-40
207000160,7,106,-99
207000238,0,26,-26
207000242,1,16,-15
207000248,9,5,4
207000249,15,9,6
207000250,41,9,32
207000251,6,15,-9
207000252,7,19,-12
207000278,0,0,0
207000279,3,47,-44
207000280,4,5,-1
207000281,8,100,-92
207000282,1,0,1
207000283,4,10,-6
207000284,11,1,10
207000285,0,0,0
207000291,1,46,-45
207000304,5,5,0
207000306,21,140,-119
207000310,0,0,0
207000353,0,0,0
207000356,0,0,0
207000357,0,0,0
207000358,0,0,0
207000415,3,24,-21
207000417,0,0,0
207000418,10,15,-5
207000438,0,0,0
207000439,71,26,45
207000446,0,0,0
207000460,2,1,1
207000466,27,32,-5
207000467,0,0,0
207000468,6,85,-79
207000476,0,0,0
207000477,1,2,-1
207000478,0,1,-1
207000523,0,9,-9
207000524,0,0,0
207000527,4,4,0
207000530,0,0,0
207000531,0,0,0
207000532,0,0,0
207000534,0,0,0
207000535,8,69,-61
207000537,9,13,-4
207000540,5,17,-12
207000541,4,64,-60
207000548,4,52,-48
207000549,0,0,0
207000561,0,0,0
207000562,0,33,-33
207000567,24,61,-37
207000568,0,6,-6
207000569,3,35,-32
207000584,15,13,2
207000585,0,0,0
207000587,0,0,0
207000616,2,45,-43
207000617,0,0,0
207000624,0,0,0
207000631,0,0,0
207900008,0,4,-4
208000001,6,59,-53
208000002,19,19,0
208000003,15,33,-18
208000004,43,23,20
208000005,2,9,-7
208000019,0,0,0
208000020,0,0,0
208000021,10,68,-58
208000022,56,54,2
208000028,2,1,1
208000033,21,57,-36
208000034,59,129,-70
208000037,0,0,0
208000040,0,0,0
208000041,0,0,0
208000042,0,0,0
208000047,10,40,-30
208000064,0,0,0
208000066,0,0,0
208000070,0,0,0
208000071,0,0,0
208000072,0,0,0
208000080,6,5,1
208000081,4,1,3
208000082,9,30,-21
208000083,14,79,-65
208000084,0,0,0
208000085,138,77,61
208000086,87,198,-111
208000087,54,109,-55
208000089,95,72,23
208000090,38,113,-75
208000093,7,19,-12
208000094,54,52,2
208000095,79,37,42
208000104,0,0,0
208000105,0,0,0
208000114,0,0,0
208000115,19,58,-39
208000116,0,0,0
208000117,0,0,0
208000118,0,0,0
208000155,32,185,-153
208000158,276,310,-34
208000186,0,0,0
208000204,47,121,-74
208000205,87,134,-47
208000282,272,103,169
209000004,15,36,-21
209000005,2,2,0
209000006,45,31,14
209000007,27,26,1
209000010,36,18,18
209000011,9,41,-32
209000012,17,54,-37
209000013,20,90,-70
209000014,77,221,-144
209000025,0,1,-1
209000026,4,1,3
209000027,55,188,-133
209000028,46,162,-116
209000029,73,147,-74
209000030,45,258,-213
209000031,357,643,-286
209000034,31,100,-69
209000035,10,51,-41
209000036,41,42,-1
209000037,20,55,-35
209000038,23,76,-53
209000039,5,27,-22
209000040,34,90,-56
209000041,20,83,-63
209000042,34,73,-39
209000043,27,99,-72
209000044,64,68,-4
209000045,19,28,-9
209000046,12,60,-48
209000047,17,21,-4
209000048,10,17,-7
209000049,19,45,-26
209000050,27,65,-38
209000051,36,51,-15
209000052,13,57,-44
209000062,10,13,-3
209000063,2,19,-17
209000064,3,23,-20
209000065,0,0,0
209000066,0,0,0
209000067,0,0,0
209000080,4,46,-42
209000082,0,0,0
209000091,8,9,-1
209000093,26,9,17
209000094,40,22,18
209000110,0,0,0
209000111,26,104,-78
209000112,15,49,-34
209000113,45,54,-9
209000114,41,17,24
209000115,20,43,-23
209000116,177,105,72
209000118,0,0,0
209000119,3,4,-1
209000121,23,110,-87
209000135,0,0,0
209000142,99,50,49
209000143,11,14,-3
209000144,12,3,9
209000229,9,13,-4
209000240,9,72,-63
209000259,25,65,-40
209000260,3,99,-96
209000261,2,52,-50
209000262,0,47,-47
209000263,0,12,-12
209000264,0,3,-3
209000265,0,0,0
209000266,0,0,0
209000267,0,0,0
209000268,0,0,0
210000037,0,0,0
210000047,0,0,0
210000048,0,0,0
210000049,0,0,0
210000052,2,38,-36
210000053,0,23,-23
210000054,3,12,-9
210000070,0,0,0
210000071,0,0,0
210000072,0,0,0
210000073,0,3,-3
210000074,0,20,-20
210000075,0,13,-13
210000076,0,37,-37
210000077,6,6,0
210000078,10,4,6
210000079,0,0,0
210000080,0,0,0
210000081,0,0,0
210000082,0,0,0
210000083,0,0,0
210000084,0,0,0
210000085,0,18,-18
210000086,0,16,-16
210000099,9,54,-45
210000100,7,55,-48
210000101,11,91,-80
210000105,17,28,-11
210000159,0,17,-17
210000163,30,49,-19
210000164,0,0,0
210000168,0,0,0
210000187,0,1,-1
210000188,0,3,-3
210000214,0,0,0
210000219,0,0,0
210000220,0,0,0
210000232,0,3,-3
210000233,0,9,-9
210000234,1,11,-10
210000235,3,25,-22
210000245,0,9,-9
210000246,0,0,0
210000258,2,41,-39
210000259,0,0,0
210000282,1,29,-28
210000285,1,18,-17
210000286,0,25,-25
210000290,0,0,0
210000295,4,14,-10
210000296,3,11,-8
210000320,0,0,0
210000321,0,0,0
210000338,7,31,-24
210000339,70,107,-37
210000340,35,38,-3
210000341,31,40,-9
210000342,21,45,-24
210000343,17,54,-37
210000344,33,14,19
210000345,14,16,-2
210000346,13,11,2
210000347,4,2,2
210000348,11,0,11
210000349,4,8,-4
210000350,16,12,4
210000351,1,16,-15
210000352,0,0,0
210000353,0,0,0
210000354,0,0,0
210000355,0,0,0
210000356,0,0,0
210000357,0,0,0
210000358,0,0,0
210000359,0,0,0
210000360,0,0,0
210000361,0,0,0
210000362,0,0,0
210000363,0,0,0
210000364,0,0,0
210000365,0,0,0
210000366,0,0,0
210000367,0,0,0
210000368,0,0,0
210000369,0,0,0
210000370,0,0,0
210000372,0,0,0
210000373,0,0,0
210000374,0,0,0
210000375,0,0,0
210000376,0,0,0
210000404,21,45,-24
210000439,0,0,0
210000472,0,0,0
210000482,0,0,0
210000564,0,0,0
210000567,0,0,0
210000568,0,0,0
211000092,0,0,0
211000094,0,0,0
211000169,0,0,0
211000172,0,0,0
211000209,0,0,0
211000226,0,0,0
211000270,0,0,0
211000275,0,0,0
211000276,0,0,0
211000279,0,0,0
211000281,0,0,0
211000302,0,0,0
211507980,0,0,0
211977296,0,0,0
212000003,0,0,0
212000004,1,4,-3
212000005,2,6,-4
212000006,3,10,-7
212000008,29,32,-3
212000009,1,28,-27
212000012,5,19,-14
212000013,3,22,-19
212000014,38,37,1
212000015,33,39,-6
212000016,114,126,-12
212000027,0,0,0
212000028,0,0,0
212000029,0,0,0
212000030,0,0,0
212000031,0,0,0
212000048,3,11,-8
212000049,8,4,4
212000050,2,1,1
212000051,32,36,-4
212000052,20,70,-50
212000053,34,107,-73
212000054,0,0,0
212000055,0,0,0
212000056,0,0,0
212000057,0,0,0
212000058,0,0,0
212000070,17,43,-26
212000077,22,101,-79
212000099,0,0,0
212000108,0,0,0
212000111,0,0,0
212000120,31,20,11
212000138,6,8,-2
212000156,2,23,-21
212000158,0,0,0
212000159,0,0,0
212000160,0,0,0
212000161,0,0,0
212000310,1,8,-7
212000311,0,0,0
212000374,6,1,5
213000001,2,59,-57
213000005,3,0,3
213000006,1,0,1
213000007,0,0,0
213000009,0,0,0
213000010,0,0,0
213000011,0,0,0
213000012,14,82,-68
213000014,0,0,0
213000015,0,0,0
213000016,0,0,0
213000017,0,0,0
213000018,0,10,-10
213000019,0,17,-17
213000020,3,12,-9
213000021,1,8,-7
213000023,0,0,0
213000033,11,58,-47
213000034,0,0,0
213000035,0,0,0
213000045,5,9,-4
213000046,6,6,0
213000047,23,21,2
213000056,0,0,0
213000069,0,0,0
213000073,0,0,0
213000074,10,105,-95
213000075,0,0,0
213000076,0,0,0
213000085,1,7,-6
213000086,0,46,-46
213000091,0,0,0
213000092,0,0,0
213000099,22,96,-74
213000100,0,0,0
213000101,2,19,-17
213000102,1,32,-31
213000103,15,30,-15
213000104,3,26,-23
213000105,0,7,-7
213000106,6,13,-7
213000107,9,64,-55
213000108,1,46,-45
213000109,1,30,-29
213000110,5,7,-2
213000111,0,4,-4
213000112,39,9,30
213000115,0,0,0
213000116,5,20,-15
213000117,0,53,-53
213000118,23,43,-20
213000119,10,128,-118
213000120,11,83,-72
213000122,32,89,-57
213000123,58,97,-39
213000124,10,140,-130
213000125,0,0,0
213000126,1,4,-3
213000127,1,6,-5
213000128,23,28,-5
213000129,0,0,0
213000130,0,0,0
213000132,0,0,0
213000133,0,0,0
213000134,0,0,0
213000136,0,0,0
213000137,0,0,0
213000139,0,0,0
213000147,0,0,0
213000148,0,0,0
213000149,0,0,0
213000150,0,8,-8
213000151,0,8,-8
213000152,0,6,-6
213000153,0,2,-2
213000154,1,23,-22
213000155,2,33,-31
213000156,7,50,-43
213000157,46,80,-34
213000158,3,37,-34
213000159,0,0,0
213000163,0,0,0
213000165,0,0,0
213000171,0,7,-7
213000172,0,14,-14
213000173,0,7,-7
213000174,0,1,-1
213000175,0,8,-8
213000176,0,14,-14
213000177,0,1,-1
213000178,0,1,-1
213000179,1,0,1
213000180,2,3,-1
213000184,8,19,-11
213000188,0,0,0
213000189,0,0,0
213000190,8,64,-56
213000191,5,79,-74
213000192,2,99,-97
213000193,166,23,143
213000194,0,2,-2
213000195,2,53,-51
213000196,4,121,-117
213000197,0,0,0
213000198,0,0,0
213000200,25,100,-75
213000201,13,3,10
213000202,1,95,-94
213000203,0,0,0
213000204,0,0,0
213000205,0,0,0
213000206,0,0,0
213000207,0,0,0
213000208,0,0,0
213000209,0,0,0
213000210,0,0,0
213000211,0,2,-2
213000212,0,1,-1
213000213,0,10,-10
213000218,10,83,-73
213000219,0,0,0
213000220,0,0,0
213000223,0,0,0
213000224,0,0,0
213000225,1,0,1
213000226,0,0,0
213000227,0,0,0
213000228,0,0,0
213000229,0,0,0
213000230,0,0,0
213000232,4,80,-76
213000233,0,0,0
213000234,1,13,-12
213000293,1,27,-26
213000294,0,0,0
213000295,1,17,-16
213000296,0,0,0
213000297,1,9,-8
213000298,17,17,0
213000299,0,0,0
213000300,0,0,0
213000303,9,6,3
213000304,1,2,-1
213000305,0,0,0
213000306,2,4,-2
213000307,0,0,0
213000308,17,50,-33
213000309,0,0,0
213000310,0,0,0
213000311,10,32,-22
213000315,4,17,-13
213000316,0,0,0
213000322,0,0,0
213000323,0,0,0
213000340,10,138,-128
213000341,0,0,0
213000346,0,0,0
213000347,0,0,0
213000348,0,12,-12
213000349,0,0,0
213000350,14,118,-104
213000366,1,46,-45
213000367,0,0,0
213000379,0,23,-23
213000386,0,19,-19
213000406,17,34,-17
213000417,10,2,8
213000425,0,0,0
213000426,0,0,0
213000427,0,38,-38
213000428,0,7,-7
213000429,0,0,0
213000430,0,14,-14
213000431,31,0,31
213000432,0,1,-1
213000433,0,30,-30
213000434,0,0,0
213000435,0,0,0
213000439,0,0,0
213000441,0,0,0
213000443,1,6,-5
213000445,0,2,-2
213000446,0,0,0
213000447,1,0,1
213000448,0,0,0
213000449,0,0,0
213000450,0,0,0
213000451,0,0,0
213000452,0,0,0
213000453,9,30,-21
213000455,0,5,-5
213000456,0,5,-5
213000481,0,0,0
213000482,0,0,0
213000489,0,0,0
213000491,0,8,-8
213000492,0,0,0
213000493,0,7,-7
213000494,0,0,0
213000495,0,1,-1
213000496,0,0,0
213000497,2,39,-37
213000498,0,14,-14
213000499,4,28,-24
213000500,0,0,0
213000501,0,0,0
213000502,0,0,0
213000503,2,12,-10
213000504,0,8,-8
213000505,0,5,-5
213000506,0,1,-1
213000507,1,45,-44
213900244,0,0,0
213900245,0,4,-4
218000003,1,4,-3
218000004,1,7,-6
218000005,0,0,0
218000006,3,11,-8
218000007,0,2,-2
218000012,36,11,25
218000013,20,74,-54
218000014,72,66,6
218000019,123,74,49
218000020,82,93,-11
218000040,15,2,13
218000046,3,20,-17
218000047,0,24,-24
218000048,1,47,-46
218000049,1,50,-49
218000050,19,75,-56
218000051,4,75,-71
218000052,0,8,-8
218000053,1,1,0
218000054,0,2,-2
218000055,0,1,-1
218000056,2,9,-7
218000057,0,6,-6
218000064,0,0,0
218000065,3,1,2
218000066,0,0,0
218000067,5,32,-27
218000068,7,18,-11
218000069,19,42,-23
218000070,10,64,-54
218000071,38,66,-28
218000072,59,86,-27
218000078,69,205,-136
218000079,4,27,-23
218000080,10,36,-26
218000081,6,28,-22
218000082,5,5,0
218000083,3,8,-5
218000084,16,55,-39
218000085,73,90,-17
218000086,11,26,-15
218000087,29,70,-41
218000090,5,23,-18
218000091,76,68,8
218000092,13,69,-56
218000093,30,34,-4
218000094,75,192,-117
218000099,38,85,-47
218000100,26,78,-52
218000101,14,27,-13
218000102,12,60,-48
218000103,4,29,-25
218000104,1,8,-7
218000105,2,0,2
218000106,2,5,-3
218000107,5,39,-34
218000108,0,15,-15
218000112,3,0,3
218000117,0,0,0
218000134,60,139,-79
218000135,9,9,0
218000136,13,10,3
218000137,2,24,-22
218000138,0,4,-4
218000139,6,51,-45
218000140,9,14,-5
218000141,1,4,-3
218000142,10,18,-8
218000143,0,23,-23
218000144,0,4,-4
218000145,21,79,-58
218000146,15,32,-17
218000151,0,4,-4
218000152,9,17,-8
218000170,1,2,-1
218000171,18,1,17
218000172,1,1,0
218000173,0,1,-1
218000174,0,2,-2
218000176,25,3,22
218000177,45,11,34
218000178,10,7,3
218000179,29,10,19
218000180,9,6,3
218000181,19,2,17
218000187,1,2,-1
218000188,1,6,-5
218000189,1,6,-5
218000190,0,0,0
218000191,6,34,-28
218000192,14,86,-72
218000193,148,64,84
218000194,10,100,-90
218000195,28,29,-1
218000196,44,68,-24
218000197,20,50,-30
218000198,0,21,-21
218000199,14,3,11
218000200,0,4,-4
218000201,1,0,1
218000202,19,29,-10
218000207,1,20,-19
218000208,1,3,-2
218000211,2,8,-6
218000213,21,5,16
218000214,0,2,-2
218000215,8,14,-6
218000217,0,14,-14
218000218,32,18,14
218000219,2,3,-1
218000220,22,38,-16
218000221,46,46,0
218000222,1,17,-16
218000223,66,25,41
218000224,0,11,-11
218000225,36,5,31
218000226,4,13,-9
218000232,7,23,-16
218000239,0,0,0
218000240,0,0,0
218000241,0,0,0
218000242,0,0,0
218000243,0,0,0
218000244,0,0,0
218000245,0,0,0
218000246,0,0,0
218000247,0,0,0
218000248,0,1,-1
218000249,0,0,0
218000250,0,1,-1
218000251,0,0,0
218000252,0,0,0
218000253,0,1,-1
218000254,0,1,-1
218000255,0,0,0
218000256,1,3,-2
218000267,28,209,-181
218000268,0,18,-18
218000269,0,4,-4
218000270,4,39,-35
218000271,41,81,-40
218000273,0,0,0
218000274,0,0,0
218000275,5,15,-10
218000276,3,55,-52
218000278,15,25,-10
218000279,6,18,-12
218000280,1,10,-9
218000281,0,9,-9
218000282,19,8,11
218000284,0,0,0
218000301,3,4,-1
218000302,1,4,-3
218000303,2,8,-6
218000316,99,67,32
218000317,87,161,-74
218000318,31,119,-88
218000319,89,295,-206
218000320,119,168,-49
218000338,2,4,-2
218000345,12,13,-1
218000346,0,0,0
218000459,7,40,-33
218000490,3,6,-3
218000501,5,1,4
218000502,2,35,-33
218000503,2,1,1
218000504,2,5,-3
218000505,6,45,-39
218000506,11,19,-8
218000508,0,0,0
218000510,17,4,13
218000520,8,6,2
218000521,0,2,-2
218000522,0,21,-21
218000523,5,9,-4
218000524,0,6,-6
218000525,0,0,0
218000526,0,6,-6
218000529,1,10,-9
218000531,0,1,-1
218000532,1,10,-9
218000534,0,0,0
218000537,0,0,0
218000538,4,13,-9
218000540,46,5,41
218000543,25,9,16
218000544,19,48,-29
218000545,5,3,2
218000546,12,30,-18
218000547,8,12,-4
218000548,10,22,-12
218000549,14,10,4
218000550,52,50,2
218000551,58,61,-3
218000552,27,13,14
218000553,0,8,-8
218000554,8,4,4
218000555,2,6,-4
218000556,25,98,-73
218000557,17,18,-1
218000558,0,0,0
218000559,0,2,-2
218000560,0,1,-1
218000561,0,0,0
218000562,0,16,-16
218000563,3,1,2
218000564,0,14,-14
218000565,2,4,-2
218000566,2,1,1
218000567,0,1,-1
218000568,0,0,0
218000569,0,2,-2
218000570,1,1,0
218000571,0,1,-1
218000572,0,0,0
218000573,0,1,-1
218000574,0,1,-1
218000575,0,0,0
218000576,0,1,-1
218000577,0,0,0
218000578,0,1,-1
218000585,1,0,1
218000586,0,3,-3
218000587,2,0,2
218000589,1,0,1
218000590,1,0,1
218000591,0,0,0
218000592,0,0,0
218000593,0,0,0
218000594,0,0,0
218000597,0,0,0
218000598,0,0,0
218000599,0,0,0
218000600,0,0,0
218000601,0,0,0
218000602,0,0,0
218000603,0,0,0
218000604,0,0,0
218000605,0,4,-4
218000606,0,0,0
218000607,2,1,1
218000608,0,0,0
218000609,0,2,-2
218000610,1,0,1
218000611,1,2,-1
218000612,0,0,0
218000613,2,1,1
218000614,0,1,-1
218000615,8,1,7
218000616,0,7,-7
218000617,0,1,-1
218000618,1,5,-4
218000619,1,2,-1
218000620,0,1,-1
218000621,0,1,-1
218000622,0,0,0
218000623,0,0,0
218000624,0,0,0
218000625,0,0,0
218000626,0,1,-1
218000628,5,6,-1
218000631,0,0,0
218000632,1,3,-2
218000633,0,0,0
218000634,2,2,0
218000635,1,2,-1
218000636,95,266,-171
218000637,83,47,36
218000638,0,0,0
218000639,5,82,-77
218000640,0,0,0
218000641,4,63,-59
218000652,11,5,6
218000653,46,17,29
218000663,0,3,-3
218000675,0,2,-2
218000680,4,20,-16
218000681,0,0,0
218000691,3,27,-24
218000693,0,0,0
218000718,23,28,-5
218000719,1,5,-4
218000720,1,1,0
218000721,1,1,0
218001147,1,47,-46
218001214,1,1,0
218001258,0,0,0
218001329,0,0,0
218001330,3,9,-6
218001351,0,0,0
218001352,0,0,0
218001353,0,0,0
218001354,0,0,0
218001355,15,35,-20
218001356,0,1,-1
218001357,2,27,-25
218001358,0,0,0
218001361,0,0,0
218001362,1,110,-109
219000001,4,13,-9
219000002,17,20,-3
219000003,30,2,28
219000004,51,35,16
219000017,16,7,9
219000020,3,0,3
219000022,3,0,3
219000023,4,0,4
219000029,0,14,-14
219000034,0,0,0
219000039,15,11,4
219000040,1,4,-3
219000041,10,19,-9
219000051,0,39,-39
219000052,0,8,-8
219000053,0,52,-52
219000055,3,0,3
219000056,0,0,0
219000057,8,0,8
219000062,1,32,-31
219000063,19,6,13
219000064,0,1,-1
219000110,40,6,34
219000111,11,6,5
219000112,26,2,24
219000113,15,3,12
219000114,23,1,22
219000116,13,14,-1
219000117,53,21,32
219000118,16,34,-18
219000123,35,12,23
219000124,21,17,4
219000125,3,13,-10
219000126,7,28,-21
219000127,0,2,-2
219000128,3,37,-34
219000129,5,68,-63
219000130,442,258,184
219000131,366,257,109
219000133,7,16,-9
219000134,8,5,3
219000135,54,34,20
219000136,76,65,11
219000138,1,25,-24
219000139,3,32,-29
219000140,0,0,0
219000141,0,17,-17
219000142,1,23,-22
219000143,2,29,-27
219000145,0,9,-9
219000146,4,25,-21
219000147,4,14,-10
219000148,0,15,-15
219000149,10,45,-35
219000150,1,35,-34
219000151,0,25,-25
219000157,11,32,-21
219000158,19,66,-47
219000161,36,9,27
219000163,290,95,195
219000166,5,32,-27
219000167,9,61,-52
219000168,15,9,6
219000174,0,0,0
219000175,0,0,0
219000176,0,0,0
219000177,0,0,0
219000178,0,0,0
219000179,0,0,0
219000180,2,12,-10
219000182,0,0,0
219000183,1,13,-12
219000184,0,0,0
219000185,0,41,-41
219000186,0,13,-13
219000187,0,30,-30
219000189,16,55,-39
219000190,37,63,-26
219000191,239,240,-1
219000192,80,122,-42
219000193,106,88,18
219000195,0,17,-17
219000196,0,18,-18
219000198,5,41,-36
219000199,2,38,-36
219000200,6,23,-17
219000201,8,26,-18
219000203,2,39,-37
219000204,1,38,-37
219000205,2,39,-37
219000207,15,39,-24
219000209,3,15,-12
219000210,5,27,-22
219000213,11,51,-40
219000239,13,24,-11
219000240,14,43,-29
219000241,3,20,-17
219000242,6,24,-18
219000243,4,50,-46
219000244,21,31,-10
219000245,0,8,-8
219000246,0,0,0
219000247,0,0,0
219000248,0,0,0
219000249,0,0,0
219000250,0,0,0
219000251,0,0,0
219000252,0,0,0
219000253,0,0,0
219000255,0,0,0
219000256,0,0,0
219000257,0,0,0
219000262,26,70,-44
219000263,7,56,-49
219000267,2,36,-34
219000268,3,0,3
219000269,0,0,0
219000270,0,0,0
219000271,13,0,13
219000278,0,2,-2
219000279,0,1,-1
219000283,0,3,-3
219000295,1,18,-17
219000296,18,79,-61
219000297,1,35,-34
219000298,4,52,-48
219000299,0,0,0
219000300,7,70,-63
219000301,24,53,-29
219000302,2,29,-27
219000307,18,23,-5
219000308,10,21,-11
219000311,0,0,0
219000312,0,0,0
219000313,0,0,0
219000314,20,67,-47
219000315,0,0,0
219000316,0,0,0
219000317,0,0,0
219000320,0,8,-8
219000321,0,8,-8
219000323,7,18,-11
219000325,0,15,-15
219000326,17,40,-23
219000327,8,11,-3
219000328,2,7,-5
219000329,137,48,89
219000330,3,18,-15
219000331,7,9,-2
219000332,0,0,0
219000333,0,0,0
219000335,0,0,0
219000337,0,0,0
219000338,0,0,0
219000344,9,13,-4
219000345,20,20,0
219000346,12,48,-36
219000348,36,45,-9
219000349,1,44,-43
219000350,8,46,-38
219000351,0,0,0
219000352,16,12,4
219000353,25,9,16
219000354,27,41,-14
219000355,11,5,6
219000356,266,123,143
219000363,67,26,41
219000364,51,11,40
219000365,22,4,18
219000366,165,26,139
219000368,44,19,25
219000370,82,29,53
219000371,0,9,-9
219000382,5,5,0
219000383,90,162,-72
219000385,145,125,20
219000386,210,292,-82
219000387,0,0,0
219000390,0,0,0
219000391,0,0,0
219000397,22,26,-4
219000398,16,13,3
219000401,1,12,-11
219000402,1,5,-4
219000403,3,10,-7
219000404,3,7,-4
219000407,0,4,-4
219000409,0,0,0
219000410,0,0,0
219000411,0,0,0
219000446,62,103,-41
219000447,0,5,-5
219000448,0,0,0
219000452,0,0,0
219000453,9,18,-9
219000454,46,14,32
219000556,0,0,0
219000558,26,38,-12
219000590,2,22,-20
219000591,0,0,0
219000592,30,112,-82
219000595,0,5,-5
219000635,0,0,0
219000636,1,28,-27
219000657,3,5,-2
219000658,3,18,-15
219000673,0,12,-12
219000676,0,0,0
219000679,3,4,-1
219000684,6,0,6
219000685,0,21,-21
219000686,0,0,0
219000688,1,81,-80
219000689,11,18,-7
219000690,0,0,0
219000691,6,10,-4
219000692,2,6,-4
219000693,0,5,-5
219000694,0,0,0
219000695,0,0,0
219000698,0,0,0
219000699,0,2,-2
219000727,0,60,-60
219000728,14,0,14
219000770,0,0,0
219000771,2,10,-8
219000788,56,44,12
219001150,2,2,0
219001151,0,3,-3
219001166,0,0,0
219001167,0,8,-8
219001178,7,4,3
220000001,1,1,0
220000002,1,11,-10
220000003,44,61,-17
220000004,37,63,-26
220000005,252,277,-25
220000006,29,185,-156
220000007,69,182,-113
220000008,21,153,-132
220000009,66,56,10
220000010,19,26,-7
220000011,52,24,28
220000012,5,12,-7
220000014,15,43,-28
220000015,0,0,0
220000017,1,7,-6
220000018,64,13,51
220000019,5,11,-6
220000020,11,27,-16
220000021,31,23,8
220000022,42,76,-34
220000023,19,30,-11
220000024,97,64,33
220000025,22,56,-34
220000026,39,23,16
220000027,0,10,-10
220000028,4,6,-2
220000029,48,66,-18
220000030,11,21,-10
220000031,8,22,-14
220000064,0,0,0
221000046,1,0,1
221000047,0,0,0
221000048,0,0,0
221000049,0,0,0
221000050,2,0,2
221000055,9,5,4
221000057,4,1,3
221000068,24,6,18
221000069,9,0,9
221000070,7,1,6
221000071,4,0,4
221000072,4,0,4
221000073,3,3,0
221000074,0,1,-1
221000075,1,11,-10
221000076,1,11,-10
221000077,2,15,-13
221000081,2,0,2
221000082,2,0,2
221000083,2,0,2
221000084,0,1,-1
221000085,3,7,-4
221000086,2,29,-27
221000087,0,33,-33
221000088,8,41,-33
221000089,8,53,-45
221000090,38,79,-41
221000098,1,0,1
221000099,2,0,2
221000100,5,0,5
221000101,6,0,6
221000102,7,1,6
221000109,1,27,-26
221000110,2,43,-41
221000111,2,36,-34
221000112,1,40,-39
221000113,3,43,-40
221000114,1,75,-74
221000120,0,0,0
221000121,0,0,0
221000122,0,0,0
221000123,0,1,-1
221000124,0,1,-1
221000155,0,0,0
221000156,0,0,0
221000175,0,0,0
221000176,0,0,0
221000182,3,0,3
221000241,44,11,33
221000242,91,101,-10
221000243,46,8,38
221000244,22,82,-60
221000245,11,8,3
221000246,8,14,-6
221000247,2,12,-10
221000248,3,41,-38
221000267,1,52,-51
221000325,0,0,0
221000331,0,0,0
221000338,0,0,0
221000378,0,0,0
221000381,1,0,1
222000282,0,0,0
222000296,0,0,0
222000568,0,0,0
222000569,0,0,0
222000570,0,0,0
222000571,0,0,0
222000577,0,3,-3
222000578,0,4,-4
222000579,2,2,0
222000580,5,23,-18
222000599,0,3,-3
222000600,0,3,-3
222000601,0,6,-6
222000603,0,0,0
222000604,0,0,0
222000605,0,0,0
222000606,0,0,0
222000607,0,0,0
222000608,0,0,0
222000609,0,0,0
222000616,0,0,0
222000617,0,0,0
222000618,0,0,0
222000620,0,0,0
222000621,0,0,0
222000623,0,0,0
222000624,0,0,0
222000625,0,0,0
222000636,0,0,0
222000686,0,0,0
222000687,0,0,0
222001066,0,1,-1
222001067,0,0,0
222001068,0,0,0
222001069,0,0,0
222001082,0,3,-3
222001083,1,1,0
222001084,0,5,-5
222001085,0,9,-9
222001111,0,14,-14
222001112,0,0,0
222001313,0,0,0
222001314,0,0,0
222001464,0,0,0
222001465,0,0,0
222001484,0,0,0
222001485,0,0,0
222001494,0,0,0
222001495,0,0,0
222001496,0,0,0
222001497,0,0,0
222001502,4,27,-23
222001503,0,0,0
222001504,3,47,-44
222001505,0,0,0
222001506,1,29,-28
222001507,0,0,0
222001510,0,0,0
222001511,1,29,-28
222001514,0,0,0
222001515,15,91,-76
222001518,0,0,0
222001519,4,31,-27
222001527,0,0,0
222001528,0,23,-23
222001529,0,0,0
222001530,2,33,-31
222001533,14,60,-46
222001534,0,0,0
222001535,0,0,0
222001536,0,0,0
222001537,0,0,0
222001538,2,47,-45
222001563,0,0,0
222001564,5,64,-59
222001568,1,10,-9
222001576,0,0,0
222001579,0,0,0
222001583,0,0,0
222001584,0,0,0
222001596,2,49,-47
222001597,0,0,0
222001626,0,2,-2
222001650,0,8,-8
222001651,0,1,-1
222001914,0,0,0
222001915,0,24,-24
222001968,0,0,0
222001969,0,0,0
222001970,0,0,0
222001971,0,0,0
222001972,0,1,-1
225000001,1,1,0
225000002,22,1,21
225000003,9,2,7
225000004,5,22,-17
225000005,1,4,-3
225000006,0,22,-22
225000007,298,138,160
225000010,67,5,62
225000011,0,0,0
225000012,0,0,0
225000013,0,0,0
225000014,0,0,0
225000015,26,45,-19
225000021,0,0,0
225000027,18,72,-54
225000032,0,0,0
225000042,12,67,-55
225000049,8,13,-5
225000050,6,1,5
225000053,1,78,-77
225000058,0,0,0
225000067,4,37,-33
225000068,11,90,-79
225000069,14,76,-62
225000070,9,58,-49
225000071,2,45,-43
225000075,9,68,-59
225000076,6,21,-15
225000078,0,0,0
225000085,0,0,0
225000086,0,0,0
225000087,0,0,0
225000088,0,16,-16
225000089,79,107,-28
225000090,9,39,-30
225000091,3,16,-13
225000092,3,18,-15
225000093,9,69,-60
225000094,2,61,-59
225000095,40,89,-49
225000096,20,58,-38
225000098,17,0,17
225000099,3,1,2
225000100,2,0,2
225000104,11,65,-54
225000110,1,73,-72
225000111,8,117,-109
225000112,28,141,-113
225000113,13,77,-64
225000114,16,57,-41
225000115,210,50,160
225000116,0,0,0
225000117,0,0,0
225000118,0,0,0
225000119,0,0,0
225000120,0,0,0
225000121,0,0,0
225000123,0,0,0
225000125,1,0,1
225000126,81,2,79
225000127,86,3,83
225000128,5,5,0
225000132,28,6,22
225000133,23,3,20
225000134,55,2,53
225000135,29,5,24
225000136,5,4,1
225000137,3,1,2
225000138,67,3,64
225000143,12,21,-9
225000144,0,61,-61
225000145,0,0,0
225000146,0,24,-24
225000147,3,67,-64
225000148,0,53,-53
225000149,24,129,-105
225000151,6,50,-44
225000155,18,60,-42
225000156,25,60,-35
225000157,14,40,-26
225000158,7,52,-45
225000171,0,21,-21
225000180,11,0,11
225000181,0,15,-15
225000182,0,0,0
225000185,1,23,-22
225000187,10,41,-31
225000191,0,0,0
225000194,0,17,-17
225000208,0,11,-11
225000209,0,0,0
225000210,4,32,-28
225000217,0,4,-4
225000218,0,0,0
225000223,1,14,-13
225000224,0,0,0
225000225,1,2,-1
225000226,0,0,0
225000227,17,15,2
225000228,0,0,0
225000229,0,4,-4
225000230,0,0,0
225000231,2,17,-15
225000232,0,0,0
225000241,0,0,0
225000242,0,16,-16
225000249,0,0,0
225000250,6,168,-162
225000251,31,8,23
226000042,9,45,-36
226000043,5,57,-52
226000044,16,102,-86
226000045,16,102,-86
226000046,0,0,0
226000047,0,0,0
226000048,0,0,0
226000049,0,0,0
226000070,0,3,-3
226000071,0,3,-3
226000072,0,1,-1
226000073,0,1,-1
226000074,0,2,-2
226000084,0,0,0
226000085,1,2,-1
226000086,0,1,-1
226000087,0,3,-3
226000088,1,2,-1
226000090,0,0,0
226000091,0,0,0
226000092,0,0,0
226000093,0,0,0
226000094,0,0,0
226000095,0,0,0
226000105,0,0,0
226000106,0,0,0
226000107,0,0,0
226000108,0,0,0
226000109,0,1,-1
226000124,0,0,0
226000134,55,21,34
226000135,50,28,22
226000136,13,13,0
226000137,0,33,-33
226000138,2,42,-40
226000139,0,21,-21
226000156,0,0,0
226000157,0,0,0
226000163,24,46,-22
226000202,2,79,-77
226000231,0,0,0
226000232,0,0,0
227000037,0,0,0
227000038,0,0,0
227000049,1,1,0
227000050,1,5,-4
227000055,0,0,0
227000056,0,0,0
227000084,0,14,-14
227000085,0,6,-6
227000088,0,0,0
227000089,0,0,0
227000090,0,0,0
227000091,0,0,0
227000093,0,0,0
227000094,0,0,0
227000130,4,13,-9
227000131,3,54,-51
227000132,1,73,-72
227000133,1,53,-52
227000134,1,60,-59
227000152,0,4,-4
227000153,0,10,-10
227000155,0,4,-4
227000156,0,3,-3
227000165,1,5,-4
227000196,6,35,-29
227000199,0,0,0
227000230,4,50,-46
227000232,0,0,0
227000241,0,0,0
227000242,6,88,-82
227000243,0,0,0
227000244,0,0,0
227000245,7,86,-79
227000246,15,129,-114
227000247,0,0,0
227000248,0,0,0
227000249,3,76,-73
227000251,42,79,-37
227000252,5,124,-119
227000253,0,0,0
227000262,0,0,0
227000266,0,0,0
227000267,2,113,-111
227000486,5,0,5
227000655,0,0,0
227000661,0,0,0
227000680,0,0,0
229000265,0,2,-2
229000296,0,2,-2
229000297,1,4,-3
229000298,0,20,-20
229000320,0,0,0
229000321,0,0,0
229000412,2,3,-1
229000414,0,5,-5
229000415,0,0,0
229000416,0,3,-3
229000417,0,0,0
229000419,6,34,-28
229000440,5,6,-1
229000442,0,0,0
229000443,0,0,0
229000444,0,8,-8
229000445,1,1,0
229000446,2,0,2
229000847,3,0,3
229000848,5,1,4
229000849,75,0,75
229000851,4,1,3
229000854,0,8,-8
229000856,1,27,-26
229000857,0,1,-1
229000858,1,26,-25
229000919,5,40,-35
229000930,0,66,-66
229000937,77,4,73
229000966,20,6,14
229000981,2,12,-10
229000985,0,2,-2
229000986,0,0,0
229000987,0,0,0
229000988,0,0,0
229000989,0,0,0
229000990,0,0,0
229000991,0,0,0
229000992,1,0,1
229000993,2,0,2
229000998,1,4,-3
229000999,3,0,3
229001034,0,2,-2
229001035,0,0,0
229001037,0,3,-3
229001042,0,0,0
229001047,0,4,-4
229001050,0,7,-7
229001200,0,0,0
229001338,0,10,-10
229001394,100,1,99
229001422,120,7,113
229001423,14,46,-32
229001431,74,16,58
229001432,5,18,-13
229001444,1,3,-2
229001445,2,33,-31
229001503,54,16,38
229001504,9,43,-34
229001505,128,19,109
229001506,18,55,-37
229001509,2,7,-5
229001545,35,1,34
229001546,3,21,-18
229001553,18,1,17
229001554,0,50,-50
229001559,0,1,-1
229001560,0,0,0
229001630,1,1,0
229001631,2,0,2
229001635,0,0,0
229001636,1,0,1
229001658,1,26,-25
229001659,37,3,34
229001660,0,1,-1
229001661,0,1,-1
229001662,6,0,6
229001663,0,1,-1
229002584,1,6,-5
229002831,5,9,-4
229002841,0,0,0
229002842,0,3,-3
229002843,0,1,-1
229002844,0,4,-4
229002845,1,4,-3
229002846,2,2,0
229002847,0,0,0
229002848,0,1,-1
229002849,0,2,-2
229002850,0,0,0
229002851,0,8,-8
229002852,2,0,2
229002853,1,0,1
229002854,0,5,-5
229002855,0,3,-3
229002856,0,0,0
229002857,1,0,1
229002858,1,1,0
229002859,0,1,-1
229002860,0,0,0
229002861,1,0,1
229002862,0,1,-1
229002863,0,2,-2
229002864,0,0,0
229002865,0,0,0
229002866,0,0,0
229002867,0,0,0
229002868,0,0,0
229002869,5,9,-4
229002870,0,1,-1
235000066,0,0,0
235000067,0,0,0
235000072,3,21,-18
235000073,17,32,-15
235000074,6,9,-3
235000080,0,7,-7
235000081,3,24,-21
235000082,0,0,0
235000083,0,0,0
235000084,0,0,0
235000085,0,0,0
235000089,0,0,0
235000092,1,28,-27
235000093,0,0,0
235000097,0,0,0
235000098,0,0,0
235000099,0,0,0
235000116,0,0,0
235000117,0,0,0
235000133,3,30,-27
235000134,2,26,-24
235000206,0,0,0
235000207,0,0,0
235000208,0,0,0
235000209,0,0,0
235000210,0,0,0
235000212,1,2,-1
235000213,1,1,0
235000220,0,0,0
235000221,3,0,3
235000238,0,0,0
235000239,0,0,0
235000242,5,1,4
235000245,153,32,121
235000246,0,8,-8
235000284,0,5,-5
235000295,0,0,0
235000305,0,0,0
235000306,0,0,0
235000307,0,0,0
235000308,0,0,0
235000309,0,0,0
235000310,0,0,0
235000311,0,1,-1
235000322,0,1,-1
235000323,0,8,-8
235000324,0,3,-3
235000325,0,1,-1
235000326,0,22,-22
235000351,0,5,-5
235000352,0,0,0
235000353,1,0,1
235000354,1,1,0
235000355,0,4,-4
235000356,0,0,0
235000357,0,0,0
235000358,0,0,0
235000359,0,0,0
235000360,0,0,0
235000361,0,0,0
235000381,8,68,-60
235000382,0,0,0
235000390,0,0,0
235000391,0,0,0
235000392,0,0,0
235000393,0,0,0
235000395,0,0,0
235000396,0,0,0
235000400,0,0,0
235000401,0,11,-11
235000405,11,50,-39
235000406,4,56,-52
235000407,9,25,-16
235000409,45,50,-5
235000410,10,33,-23
235000411,0,18,-18
235000485,0,14,-14
235000486,0,0,0
235000549,0,0,0
235000550,14,21,-7
235000599,10,9,1
235000600,0,0,0
235000601,0,0,0
235000602,0,0,0
235000614,0,1,-1
235000648,0,17,-17
235000649,0,0,0
235000685,0,0,0
235000815,0,0,0
235000834,0,0,0
235000855,0,0,0
235000862,4,31,-27
235000891,0,2,-2
235000892,0,2,-2
235000901,11,17,-6
235000907,6,4,2
235001010,0,0,0
235001029,58,53,5
235001030,0,0,0
235001078,0,0,0
235001079,4,11,-7
235001147,0,0,0
235001166,0,0,0
235001167,3,6,-3
235001169,0,33,-33
235001188,0,4,-4
235001189,0,0,0
235001197,2,4,-2
235001200,2,8,-6
235001207,0,0,0
235001210,12,55,-43
235001215,5,51,-46
235001239,0,6,-6
235001244,0,0,0
235016267,0,1,-1
277102712,0,0,0
277103813,0,0,0
277104249,0,0,0
277104250,0,0,0
277104251,0,1,-1
277104252,0,0,0
990011530,0,39,-39
990014944,0,48,-48
990015176,0,0,0
990016032,0,16,-16
990032570,1,3,-2
990070001,0,0,0
990070103,0,0,0
990070601,0,2,-2
990070751,0,0,0
990070766,0,21,-21
990071180,0,15,-15
990071343,0,0,0
990071387,0,1,-1
990071823,0,0,0
990072600,0,112,-112
990072964,0,33,-33
990073285,0,0,0
990074393,0,41,-41
990074870,0,0,0
990075106,0,0,0
990075746,0,0,0
990076437,0,2,-2
990076458,0,101,-101
997000007,0,0,0
997000041,0,21,-21
997000058,0,0,0
997000062,0,0,0
997000069,0,1,-1
997000070,0,2,-2
997000100,0,0,0
997000141,0,0,0
997000198,0,0,0
998000475,0,2,-2
998000736,0,13,-13
998000965,0,0,0
998001031,0,12,-12
998001700,0,5,-5
998001899,0,0,0
998001900,20,1,19
998003073,0,1,-1
998101900,0,0,0
998102850,0,0,0
998501927,0,34,-34
998501929,8,0,8
998501930,0,0,0
998501931,2,0,2
998501932,7,0,7
998501933,0,0,0
998501937,0,0,0
998501944,0,0,0
998501950,0,1,-1
998501970,0,0,0
998501971,0,14,-14
998501973,0,18,-18
998501974,0,25,-25
998501975,0,0,0
998501976,3,0,3
998501977,0,3,-3
998501978,0,1,-1
998501979,0,2,-2
998501980,0,0,0
998501981,0,0,0
998501982,0,24,-24
998501983,0,0,0
998502006,0,0,0
998502024,0,0,0
998502032,0,0,0
998502062,2,0,2
998502063,0,0,0
998502173,0,0,0
998502269,0,3,-3
998502546,0,1,-1
998502578,0,1,-1
998502599,0,1,-1
998502621,0,0,0
998601159,0,16,-16
998601292,0,0,0
999033574,0,79,-79
999800001,0,2,-2
999800002,0,0,0
999800003,0,0,0
999800004,0,0,0
999800005,0,3,-3
