ID,insum,outsum,diff
100000001,365,594,-229
100000002,3729,986,2743
100000003,4664,2785,1879
100000004,1062,785,277
100000005,2149,3508,-1359
100000006,989,132,857
100000007,2195,682,1513
100000008,262,427,-165
100000009,680,212,468
100000010,102,50,52
100000011,1093,99,994
100000012,175,678,-503
100000013,59,204,-145
100000014,509,301,208
100000015,2061,2270,-209
100000016,1109,1455,-346
100000017,809,819,-10
100000018,1606,603,1003
100000019,4394,1987,2407
100000020,1843,5377,-3534
100000021,4133,2234,1899
100000022,1842,1521,321
100000023,5013,1228,3785
100000025,1637,752,885
100000028,1452,730,722
100000029,151,233,-82
100000030,357,63,294
100000031,3444,5221,-1777
100000032,2344,3117,-773
100000033,935,1986,-1051
100000034,454,332,122
100000035,1955,1206,749
100000036,2166,1199,967
100000037,619,445,174
100000038,1703,860,843
100000039,567,171,396
100000040,198,146,52
100000041,938,425,513
100000042,1124,414,710
100000043,1122,423,699
100000044,403,619,-216
100000045,578,969,-391
100000046,605,909,-304
100000047,262,581,-319
100000048,402,566,-164
100000049,1516,1843,-327
100000051,480,897,-417
100000053,257,10,247
100000054,784,30,754
100000055,1794,242,1552
100000056,506,426,80
100000057,1628,633,995
100000058,867,1064,-197
100000059,18,88,-70
100000060,379,329,50
100000061,2097,457,1640
100000062,1855,436,1419
100000063,718,225,493
100000064,1425,371,1054
100000065,369,867,-498
100000066,217,576,-359
100000067,426,739,-313
100000068,505,1312,-807
100000069,371,1297,-926
100000072,365,862,-497
100000073,1002,1004,-2
100000075,703,274,429
100000076,2028,2275,-247
100000077,319,96,223
100000078,47,20,27
100000079,42,39,3
100000080,21,39,-18
100000081,116,169,-53
100000102,2269,1542,727
100000103,2918,1082,1836
100000104,4067,2222,1845
100000105,2682,1213,1469
100000106,1890,2012,-122
100000107,588,788,-200
100000108,675,798,-123
100000109,2969,1059,1910
100000116,1405,778,627
100000117,65,103,-38
100000118,1644,872,772
100000119,516,520,-4
100000121,224,438,-214
100000122,703,798,-95
100000123,2761,3408,-647
100000124,5914,5374,540
100000125,3018,957,2061
100000126,840,327,513
100000127,1592,293,1299
100000128,1951,1318,633
100000129,593,366,227
100000130,315,461,-146
100000131,2127,2246,-119
100000132,992,2039,-1047
100000133,5059,2247,2812
100000135,460,789,-329
100000139,416,286,130
100000140,482,209,273
100000142,309,603,-294
100000143,1335,644,691
100000144,3514,868,2646
100000147,943,2022,-1079
100000150,38,328,-290
100000151,890,804,86
100000153,258,336,-78
100000154,96,99,-3
100000155,26,40,-14
100000156,323,215,108
100000157,83,64,19
100000158,230,76,154
100000159,342,425,-83
100000165,1619,599,1020
100000169,371,522,-151
100000174,1044,413,631
100000179,117,479,-362
100000180,1308,867,441
100000181,546,164,382
100000188,68,174,-106
100000189,801,305,496
100000190,885,545,340
100000191,551,417,134
100000192,22,119,-97
100000193,216,201,15
100000330,1392,833,559
100000355,210,444,-234
100000362,5708,3267,2441
100000363,3141,4801,-1660
100000364,263,187,76
100000365,4793,4665,128
100000366,6945,2634,4311
100000367,4605,4205,400
100000368,2896,1503,1393
100000369,1101,1521,-420
100000370,196,613,-417
100000376,131,127,4
100000379,2772,1296,1476
100000380,4222,2439,1783
100000384,5115,3704,1411
100000385,5021,3665,1356
100000386,6744,3784,2960
100000387,4904,4181,723
100000388,6534,4781,1753
100000389,6114,4724,1390
100000390,6872,4698,2174
100000391,5181,5449,-268
100000392,4402,2890,1512
100000393,2678,3221,-543
100000394,8499,5553,2946
100000395,5075,2801,2274
100000396,8603,2645,5958
100000397,5024,4079,945
100000398,10585,6830,3755
100000413,26,14,12
100000414,510,334,176
100900002,11,43,-32
100900003,253,120,133
100900004,19,520,-501
100900005,94,18,76
100900006,13,106,-93
100900007,413,11,402
100900008,1,252,-251
100900009,73,154,-81
100900010,20,95,-75
100900011,104,214,-110
100900012,1,176,-175
100900013,744,5,739
100900014,1,8,-7
100900015,79,55,24
100900016,3,27,-24
100900017,781,44,737
100900018,1,19,-18
100900019,3,40,-37
100900020,355,10,345
100900021,276,1,275
100900022,14,17,-3
100900023,0,27,-27
100900024,764,10,754
100900025,8,3,5
100900026,72,99,-27
100900027,407,2068,-1661
100900028,113,156,-43
100900029,50,10,40
100900030,1,38,-37
100900031,509,14,495
100900032,232,1,231
100900033,167,121,46
100900034,449,2,447
100900035,556,0,556
100900036,13,1,12
100900037,106,155,-49
100900038,116,28,88
100900039,289,517,-228
100900040,279,591,-312
100900041,499,531,-32
100900042,1219,316,903
100900043,0,0,0
100900044,1731,472,1259
100900045,64,1,63
100900046,867,9,858
100900047,364,56,308
100900048,173,32,141
100900049,48,175,-127
100900050,1,5,-4
100900051,23,52,-29
100900052,317,46,271
100900053,222,13,209
100900054,12,52,-40
100900055,154,445,-291
100900056,205,258,-53
100900057,468,1091,-623
100900058,164,51,113
100900059,128,5,123
100900060,121,6,115
100900061,374,171,203
100900062,7,27,-20
100900063,155,479,-324
100900064,491,16,475
100900065,66,78,-12
100900066,123,172,-49
100900067,1,5,-4
100900068,77,75,2
100900069,822,7,815
100900070,220,3,217
100900071,817,233,584
100900072,2,42,-40
100900073,115,413,-298
100900074,6,5,1
100900075,1238,256,982
100900076,11,41,-30
100900077,15,86,-71
100900078,70,288,-218
100900079,8,20,-12
100900080,29,129,-100
100900081,43,157,-114
100900082,115,602,-487
100900083,3,29,-26
100900085,9,78,-69
100900086,100,633,-533
100900088,92,492,-400
100900089,4,30,-26
100900090,111,302,-191
100900091,3,14,-11
100900092,307,169,138
100900093,161,257,-96
100900094,61,417,-356
100900095,3,24,-21
100900096,28,82,-54
100900097,2,8,-6
100900098,24,5,19
100900099,35,399,-364
100900100,3,305,-302
100900101,291,30,261
100900102,48,51,-3
100900103,5,8,-3
100900104,9,109,-100
100900105,14,322,-308
100900106,38,5,33
100900107,1247,543,704
100900108,13,19,-6
100900109,12,35,-23
100900110,0,0,0
100900111,33,95,-62
100900112,3,12,-9
100900113,9,22,-13
100900114,8,19,-11
100900115,3,43,-40
100900116,679,730,-51
100900117,251,568,-317
100900118,17,57,-40
100900119,8,16,-8
100900120,3,10,-7
100900121,205,510,-305
100900122,116,132,-16
100900123,35,175,-140
100900124,8,3,5
100900125,8,60,-52
100900126,178,160,18
100900127,3,8,-5
100900128,81,123,-42
100900129,1,90,-89
100900131,55,228,-173
100900133,32,43,-11
100900134,5,7,-2
100900135,0,117,-117
100900137,207,169,38
100900138,457,321,136
100900139,3,5,-2
100900140,1,375,-374
100900141,5,342,-337
100900142,0,6,-6
100900143,610,275,335
100900144,11,3,8
100900145,65,185,-120
100900147,16,186,-170
100900148,49,566,-517
100900149,29,118,-89
100900151,97,407,-310
100900152,56,12,44
100900153,4,148,-144
100900154,80,34,46
100900155,9,8,1
100900156,10,4,6
100900157,6,143,-137
100900159,7,22,-15
100900160,8,8,0
100900161,47,6,41
100900162,16,244,-228
100900163,192,218,-26
100900164,61,68,-7
100900165,5,31,-26
100900166,18,2,16
100900167,2,50,-48
100900168,41,115,-74
100900169,87,735,-648
100900170,10,9,1
100900171,28,449,-421
100900172,1,11,-10
100900173,5,381,-376
100900174,450,52,398
100900176,1101,136,965
100900177,467,137,330
100900178,414,121,293
100900179,112,149,-37
100900180,6,3,3
100900181,87,31,56
100900182,20,13,7
100900184,10,86,-76
100900186,576,362,214
100900187,12,88,-76
100900188,12,13,-1
100900189,659,204,455
100900191,1085,898,187
100900192,312,203,109
100900195,99,106,-7
100900197,0,0,0
100900198,11,190,-179
100900199,0,0,0
100900200,493,321,172
100900201,47,481,-434
100900202,90,0,90
100900203,0,62,-62
100900204,210,266,-56
100900205,114,378,-264
100900206,86,52,34
100900207,155,112,43
100900210,73,424,-351
100900211,292,158,134
100900213,71,28,43
100900214,529,123,406
100900215,4,49,-45
100900217,166,104,62
101000001,3416,2171,1245
101000002,3446,3333,113
101000003,536,1475,-939
101000004,7932,6733,1199
101000005,3045,3685,-640
101000006,5290,5763,-473
101000007,1944,2378,-434
101000009,1992,1372,620
101000010,780,1093,-313
101000011,1163,431,732
101000012,1746,673,1073
101000013,458,782,-324
101000014,458,507,-49
101000015,758,671,87
101000016,325,326,-1
101000017,453,456,-3
101000018,3256,2095,1161
101000020,3334,982,2352
101000021,792,355,437
101000022,139,31,108
101000023,1658,658,1000
101000025,157,265,-108
101000026,343,11,332
101000027,1438,1562,-124
101000028,910,177,733
101000029,139,1116,-977
101000030,1722,89,1633
101000031,739,308,431
101000032,9450,3244,6206
101000033,2136,2486,-350
101000034,2280,1251,1029
101000035,746,254,492
101000036,1332,662,670
101000037,3065,1334,1731
101000039,2489,1416,1073
101000040,2757,2796,-39
101000041,9972,5987,3985
101000042,533,892,-359
101000043,7533,4883,2650
101000045,1662,757,905
101000046,4118,1001,3117
101000047,2241,1654,587
101000048,631,632,-1
101000049,724,1164,-440
101000050,1537,1053,484
101000051,1971,1880,91
101000052,1526,642,884
101000053,782,1511,-729
101000054,1214,1014,200
101000055,1261,992,269
101000056,56,91,-35
101000057,1846,793,1053
101000058,1293,944,349
101000059,2112,1643,469
101000060,1267,519,748
101000061,832,1136,-304
101000062,688,614,74
101000063,637,776,-139
101000064,1252,740,512
101000065,333,392,-59
101000066,897,609,288
101000067,1216,700,516
101000068,361,271,90
101000069,403,68,335
101000070,1225,769,456
101000071,1849,848,1001
101000072,699,2476,-1777
101000073,737,570,167
101000074,5777,2488,3289
101000075,4804,2972,1832
101000077,1013,843,170
101000078,813,1619,-806
101000079,671,341,330
101000080,593,338,255
101000081,1330,1283,47
101000082,2949,2699,250
101000083,2159,2042,117
101000084,1207,760,447
101000085,1276,1076,200
101000086,899,980,-81
101000087,690,1049,-359
101000088,851,1037,-186
101000089,758,1336,-578
101000090,1779,1237,542
101000091,329,950,-621
101000092,706,1007,-301
101000093,1113,718,395
101000094,583,910,-327
101000095,373,584,-211
101000096,323,511,-188
101000097,475,301,174
101000098,335,471,-136
101000099,1151,997,154
101000100,839,656,183
101000101,307,285,22
101000102,757,388,369
101000103,776,377,399
101000104,365,493,-128
101000105,989,307,682
101000106,951,429,522
101000107,131,278,-147
101000108,798,278,520
101000109,222,63,159
101000110,37,453,-416
101000111,164,270,-106
101000113,124,517,-393
101000114,8185,3229,4956
101000115,163,181,-18
101000116,185,204,-19
101000117,763,196,567
101000119,58,27,31
101000120,122,28,94
101000121,85,33,52
101000122,125,68,57
101000123,74,70,4
101000124,544,161,383
101000125,241,457,-216
101000128,565,262,303
101000130,232,266,-34
101000131,610,514,96
101000132,426,961,-535
101000135,66,29,37
101000136,456,72,384
101000137,25,219,-194
101000141,1283,2246,-963
101000147,839,468,371
101000148,1627,18,1609
101000149,243,156,87
101000150,144,711,-567
101000151,144,70,74
101000152,291,323,-32
101000153,449,336,113
101000154,231,915,-684
101000155,168,122,46
101000156,13,262,-249
101000157,29,20,9
101000160,140,111,29
101000163,221,206,15
101000164,509,383,126
101000165,199,300,-101
101000166,212,261,-49
101000168,862,348,514
101000252,1451,814,637
101000254,449,72,377
101000258,17,7,10
101000261,214,47,167
101000262,1023,1424,-401
101000263,173,568,-395
101000265,72,714,-642
101000266,333,291,42
101000269,48,8,40
101000290,1048,2590,-1542
101000293,4,50,-46
101000294,441,374,67
101000295,106,511,-405
101000301,736,336,400
101000304,1666,2265,-599
101000305,2713,1367,1346
101000328,115,292,-177
101900001,9,55,-46
101900002,0,16,-16
101900003,79,106,-27
101900004,3,38,-35
101900005,3386,1411,1975
101900006,827,379,448
101900007,492,122,370
101900008,74,305,-231
101900009,29,472,-443
101900010,671,495,176
101900011,155,1135,-980
101900012,121,311,-190
101900013,1020,171,849
101900017,8,128,-120
101900018,1114,192,922
101900019,305,106,199
101900020,13,45,-32
101900021,1,29,-28
101900022,121,909,-788
101900023,90,254,-164
101900026,86,27,59
101900027,13,104,-91
102000001,2737,3455,-718
102000002,3010,1185,1825
102000003,3371,5691,-2320
102000004,7310,2801,4509
102000005,987,1835,-848
102000006,1267,1479,-212
102000007,1335,4043,-2708
102000008,4214,1389,2825
102000009,4510,6185,-1675
102000010,5036,2887,2149
102000011,2188,1896,292
102000012,3143,2971,172
102000018,2608,2437,171
102000019,2396,1243,1153
102000026,174,554,-380
102000029,223,186,37
102000030,99,259,-160
102000031,57,148,-91
102000032,316,306,10
102000033,181,325,-144
102000034,459,361,98
102000035,590,518,72
102000036,15,282,-267
102000037,164,66,98
102000038,170,203,-33
102000039,184,83,101
102000040,526,165,361
102000041,181,242,-61
102000042,231,180,51
102000043,265,191,74
102000044,336,312,24
102000045,651,823,-172
102000046,824,532,292
102000047,757,988,-231
102000048,273,635,-362
102000049,786,611,175
102000050,890,1017,-127
102000051,309,511,-202
102000052,1045,677,368
102000053,752,772,-20
102000054,513,901,-388
102000055,926,816,110
102000056,663,1197,-534
102000057,1371,523,848
102000058,1010,1618,-608
102000059,1457,1407,50
102000060,959,815,144
102000061,1460,2038,-578
102000062,1459,974,485
102000063,1059,1157,-98
102000064,539,683,-144
102000065,74,94,-20
102000066,855,966,-111
102000067,1954,2766,-812
102000068,7613,2764,4849
102000069,79,1514,-1435
102000070,1849,54,1795
102000071,7012,8432,-1420
102000072,2813,3789,-976
102000073,785,497,288
102000074,823,787,36
102000075,162,318,-156
102000076,208,486,-278
102000077,518,1029,-511
102000078,959,903,56
102000079,128,204,-76
102000080,254,218,36
102000081,290,719,-429
102000082,767,367,400
102000083,517,306,211
102000084,206,316,-110
102000085,1286,1009,277
102000086,889,1074,-185
102000087,767,1383,-616
102000088,225,321,-96
102000089,975,439,536
102000090,491,1052,-561
102000091,1317,425,892
102000092,299,762,-463
102000093,566,662,-96
102000094,897,633,264
102000095,932,986,-54
102000096,736,752,-16
102000097,769,662,107
102000098,540,748,-208
102000099,768,669,99
102000100,993,1258,-265
102000101,1267,816,451
102000102,300,1689,-1389
102000103,1136,322,814
102000104,536,278,258
102000105,201,482,-281
102000106,711,530,181
102000107,858,523,335
102000108,540,159,381
102000109,469,516,-47
102000110,769,1291,-522
102000111,11,269,-258
102000112,126,76,50
102000113,9,22,-13
102000114,677,301,376
102000115,172,244,-72
102000116,637,298,339
102000117,400,405,-5
102000118,1454,1024,430
102000119,1818,596,1222
102000120,188,358,-170
102000121,867,385,482
102000122,480,789,-309
102000123,1167,818,349
102000124,968,959,9
102000125,781,786,-5
102000126,613,636,-23
102000127,1162,602,560
102000128,584,816,-232
102000129,1028,726,302
102000130,655,537,118
102000131,953,470,483
102000132,373,513,-140
102000133,1330,1733,-403
102000134,462,583,-121
102000135,507,666,-159
102000136,685,425,260
102000137,714,432,282
102000138,211,321,-110
102000139,156,335,-179
102000140,524,154,370
102000141,145,328,-183
102000142,554,281,273
102000143,151,347,-196
102000144,229,327,-98
102000145,245,330,-85
102000146,307,263,44
102000147,370,354,16
102000148,152,382,-230
102000149,147,332,-185
102000150,264,98,166
102000151,110,256,-146
102000152,141,151,-10
102000153,1080,405,675
102000154,279,651,-372
102000155,108,293,-185
102000156,308,109,199
102000157,124,303,-179
102000158,606,429,177
102000159,1006,365,641
102000161,3489,1742,1747
102000162,210,170,40
102000163,102,589,-487
102000164,925,883,42
102000165,323,166,157
102000166,159,208,-49
102000167,305,198,107
102000168,276,157,119
102000169,126,505,-379
102000170,466,157,309
102000171,293,132,161
102000172,291,285,6
102000173,482,251,231
102000174,64,53,11
102000175,139,106,33
102000176,51,21,30
102000178,321,443,-122
102000179,343,237,106
102000180,630,469,161
102000181,561,572,-11
102000182,462,555,-93
102000183,1628,1785,-157
102000184,1657,737,920
102000185,2059,1421,638
102000186,1068,1838,-770
102000187,739,1386,-647
102000188,753,1226,-473
102000189,2100,760,1340
102000190,500,2276,-1776
102000191,1143,452,691
102000192,884,1112,-228
102000193,37,134,-97
102000194,48,101,-53
102000195,282,376,-94
102000196,204,369,-165
102000197,553,335,218
102000198,166,649,-483
102000199,749,267,482
102000200,286,826,-540
102000201,728,403,325
102000202,0,134,-134
102000203,483,234,249
102000204,325,754,-429
102000205,741,455,286
102000206,564,529,35
102000207,565,347,218
102000208,356,401,-45
102000209,44,37,7
102000210,496,471,25
102000211,296,269,27
102000212,219,10,209
102000213,7,388,-381
102000214,184,16,168
102000215,7,408,-401
102000216,43,54,-11
102000217,18,114,-96
102000218,259,136,123
102000219,489,313,176
102000225,622,513,109
102000226,3322,1058,2264
102000227,117,3,114
102000228,0,104,-104
102000229,25,39,-14
102000230,277,411,-134
102000231,242,395,-153
102000232,21,127,-106
102000233,367,583,-216
102000234,111,943,-832
102000236,257,74,183
102000237,486,107,379
102000238,152,201,-49
102000240,671,567,104
102000241,112,109,3
102000243,24,64,-40
102000245,37,116,-79
102000246,21,30,-9
102000247,1430,957,473
102000248,745,986,-241
102000249,150,168,-18
102000250,88,396,-308
102000254,82,275,-193
102000266,50,146,-96
102000271,17,0,17
102000286,355,323,32
102000297,1573,948,625
102000307,0,5,-5
102000316,350,429,-79
102900001,1147,932,215
102900002,349,43,306
102900003,65,223,-158
102900005,343,360,-17
102900006,367,190,177
102900007,405,18,387
102900008,172,59,113
102900009,349,171,178
102900010,575,464,111
102900011,1746,281,1465
102900012,323,79,244
102900013,23,64,-41
102900015,638,433,205
102900016,54,124,-70
102900017,109,560,-451
102900018,36,148,-112
102900019,328,337,-9
102900020,105,35,70
102900021,10,119,-109
102900022,725,161,564
102900023,17,44,-27
102900024,55,37,18
102900025,265,112,153
102900026,361,1483,-1122
102900027,68,72,-4
102900028,123,652,-529
102900029,152,150,2
102900030,409,259,150
102900031,153,136,17
102900032,80,87,-7
102900033,84,159,-75
102900034,384,87,297
102900035,123,314,-191
102900036,250,449,-199
102900037,225,475,-250
102900038,377,486,-109
102900039,15,413,-398
102900040,150,234,-84
102900041,61,175,-114
102900042,179,283,-104
102900043,119,240,-121
102900044,474,1935,-1461
102900045,101,549,-448
102900046,122,277,-155
102900047,56,452,-396
102900048,571,622,-51
102900049,96,312,-216
102900050,202,315,-113
102900051,197,167,30
102900053,353,600,-247
102900054,651,908,-257
102900055,56,186,-130
102900056,108,433,-325
102900057,15,40,-25
102900058,259,76,183
102900059,18,58,-40
102900060,89,363,-274
102900061,105,398,-293
102900062,158,759,-601
102900063,1045,390,655
102900064,128,377,-249
102900065,1433,315,1118
102900066,273,25,248
102900068,96,71,25
102900070,128,400,-272
102900072,33,53,-20
102900073,127,10,117
102900075,67,61,6
102900076,210,67,143
102900077,25,43,-18
102900078,41,86,-45
102900079,216,28,188
102900080,406,49,357
102900081,69,278,-209
102900082,5,206,-201
102900083,229,9,220
102900084,16,17,-1
102900085,348,71,277
102900086,14,60,-46
102900087,89,74,15
102900088,29,31,-2
102900089,297,118,179
102900090,1,300,-299
102900091,130,4,126
102900092,176,722,-546
102900094,4,69,-65
102900095,62,2,60
102900096,56,39,17
102900097,0,79,-79
103000001,1973,2389,-416
103000002,1944,2185,-241
103000003,2916,2404,512
103000004,730,659,71
103000005,1516,2667,-1151
103000006,518,1290,-772
103000007,352,629,-277
103000008,972,675,297
103000009,830,921,-91
103000010,210,160,50
103000011,1180,1066,114
103000012,1052,1341,-289
103000013,4005,1926,2079
103000014,1078,2140,-1062
103000015,1637,663,974
103000016,410,1166,-756
103000017,166,362,-196
103000018,587,354,233
103000019,248,217,31
103000020,2679,1328,1351
103000021,1764,1544,220
103000022,733,932,-199
103000023,530,1460,-930
103000024,74,129,-55
103000025,104,483,-379
103000026,969,104,865
103000027,309,468,-159
103000028,388,293,95
103000029,234,214,20
103000030,1328,675,653
103000031,1143,1312,-169
103000032,1838,1670,168
103000033,2481,2317,164
103000034,1428,1015,413
103000035,348,1147,-799
103000036,401,503,-102
103000037,477,349,128
103000038,397,829,-432
103000039,341,365,-24
103000040,436,927,-491
103000041,1529,2226,-697
103000042,1093,524,569
103000043,409,989,-580
103000044,127,175,-48
103000046,242,423,-181
103000047,556,673,-117
103000048,137,227,-90
103000049,93,144,-51
103000050,545,524,21
103000051,392,491,-99
103000052,762,345,417
103000053,172,607,-435
103000054,2323,1264,1059
103000055,1789,2145,-356
103000056,565,1502,-937
103000057,373,302,71
103000058,538,734,-196
103000059,395,727,-332
103000060,883,655,228
103000061,359,855,-496
103000062,986,521,465
103000063,596,724,-128
103000064,139,197,-58
103000065,9,417,-408
103000066,211,7,204
103000069,328,395,-67
103000070,920,860,60
103000071,1008,445,563
103000072,100,536,-436
103000073,474,115,359
103000074,634,114,520
103000075,118,629,-511
103000076,219,287,-68
103000077,72,284,-212
103000078,973,571,402
103000079,803,508,295
103000080,1100,338,762
103000081,483,1006,-523
103000082,408,139,269
103000083,97,369,-272
103000084,144,6,138
103000085,3,113,-110
103000086,605,317,288
103000087,116,462,-346
103000088,385,298,87
103000089,191,371,-180
103000090,1641,764,877
103000091,543,444,99
103000092,223,245,-22
103000093,229,382,-153
103000094,161,83,78
103000095,89,369,-280
103000096,518,68,450
103000097,105,616,-511
103000098,855,162,693
103000099,344,596,-252
103000100,112,726,-614
103000101,785,126,659
103000102,86,571,-485
103000103,608,204,404
103000104,50,121,-71
103000105,127,75,52
103000106,9,86,-77
103000107,206,50,156
103000108,966,621,345
103000109,327,350,-23
103000110,370,365,5
103000111,417,357,60
103000112,289,194,95
103000113,664,629,35
103000114,1234,396,838
103000115,415,491,-76
103000116,494,447,47
103000117,318,410,-92
103000118,727,659,68
103000119,1196,538,658
103000120,90,87,3
103000121,484,625,-141
103000122,530,515,15
103000125,4,276,-272
103000126,564,5,559
103000127,1,164,-163
103000128,144,1,143
103000129,2,93,-91
103000130,49,31,18
103000131,115,62,53
103000132,94,142,-48
103000133,15,70,-55
103000134,607,694,-87
103000135,481,203,278
103000136,638,437,201
103000137,420,499,-79
103000138,659,627,32
103000139,10,72,-62
103000140,125,39,86
103000141,55,131,-76
103000142,115,74,41
103000143,54,209,-155
103000144,175,78,97
103000145,45,43,2
103000150,132,53,79
103000152,221,227,-6
103000153,194,163,31
103000156,0,346,-346
103000157,322,1,321
103000159,78,24,54
103000162,120,14,106
103000163,30,38,-8
103000164,29,7,22
103000165,118,271,-153
103000166,182,263,-81
103000167,117,84,33
103000168,98,229,-131
103000169,150,358,-208
103000170,684,395,289
103000171,50,76,-26
103000172,406,375,31
103000173,355,439,-84
103000174,135,368,-233
103000175,242,308,-66
103000176,757,565,192
103000177,450,428,22
103000178,204,272,-68
103000179,185,50,135
103000183,70,12,58
103000185,97,53,44
103000186,128,196,-68
103000187,362,377,-15
103000188,16,58,-42
103000189,811,878,-67
103000191,500,371,129
103000292,2236,1392,844
103000293,753,1599,-846
103000295,58,91,-33
103000296,448,5,443
103000297,10,6,4
103000504,10,5,5
103000505,8,14,-6
103000506,3,269,-266
103000507,219,9,210
103000508,47,23,24
103000509,221,545,-324
103000514,22,1,21
103900001,1,198,-197
103900002,1137,141,996
103900003,917,23,894
103900004,62,0,62
103900005,3,237,-234
103900006,3,1,2
103900007,38,7,31
103900008,12,2,10
103900009,220,480,-260
103900010,72,272,-200
103900011,230,178,52
103900012,6,33,-27
103900013,39,76,-37
103900014,52,15,37
103900015,42,15,27
103900016,196,128,68
103900017,27,119,-92
103900018,609,224,385
103900019,74,266,-192
103900020,237,359,-122
103900021,489,88,401
103900022,737,556,181
103900023,129,0,129
103900024,106,230,-124
103900025,28,23,5
103900026,76,1,75
103900027,573,219,354
103900028,17,217,-200
103900029,988,188,800
103900030,324,44,280
103900031,24,5,19
103900032,67,106,-39
103900033,76,12,64
103900034,14,139,-125
103900035,114,44,70
103900036,27,47,-20
103900037,69,41,28
103900038,77,158,-81
103900039,55,358,-303
103900040,15,102,-87
103900041,27,53,-26
103900042,63,372,-309
103900043,111,72,39
103900044,99,181,-82
103900045,292,154,138
103900047,75,22,53
103900048,62,22,40
103900049,199,1040,-841
103900050,6,79,-73
103900051,0,44,-44
103900052,162,442,-280
103900053,217,555,-338
103900054,65,359,-294
103900055,372,191,181
103900056,47,34,13
103900057,24,183,-159
103900058,205,534,-329
103900059,0,13,-13
103900060,21,208,-187
103900061,100,59,41
103900062,177,60,117
103900063,10,0,10
103900064,78,4,74
103900065,613,425,188
103900066,106,11,95
103900067,138,5,133
103900068,16,0,16
103900069,167,35,132
103900070,147,234,-87
103900071,12,110,-98
103900072,5,186,-181
103900073,20,41,-21
103900074,62,42,20
103900075,132,86,46
103900076,327,580,-253
103900077,58,66,-8
103900078,227,87,140
103900079,126,160,-34
103900080,13,25,-12
103900081,157,49,108
103900082,7,124,-117
103900083,1534,803,731
103900084,52,104,-52
103900085,79,92,-13
103900086,501,302,199
103900088,311,378,-67
103900089,31,116,-85
103900090,2,140,-138
103900091,1013,234,779
103900092,526,386,140
103900093,79,260,-181
103900094,13,113,-100
103900095,292,184,108
103900096,29,188,-159
103900097,5,350,-345
103900098,163,76,87
103900099,65,175,-110
103900100,148,370,-222
103900101,59,919,-860
103900102,0,19,-19
103900104,2,38,-36
103900105,87,222,-135
103900106,0,23,-23
103900107,120,246,-126
103900108,35,285,-250
103900109,82,69,13
103900110,177,33,144
103900111,87,502,-415
103900112,21,82,-61
103900113,143,158,-15
103900114,271,277,-6
103900115,145,150,-5
103900116,4927,2219,2708
103900117,164,66,98
103900119,29,66,-37
103900120,58,77,-19
103900122,96,226,-130
103900123,1381,618,763
103900124,45,446,-401
103900125,82,91,-9
103900126,389,362,27
103900127,125,371,-246
103900128,95,109,-14
103900131,37,125,-88
103900133,802,39,763
103900134,1,13,-12
103900135,4,8,-4
103900137,0,40,-40
103900138,106,285,-179
103900139,526,1438,-912
103900140,19,96,-77
103900141,207,49,158
103900142,94,98,-4
103900143,35,7,28
103900144,1,20,-19
103900145,123,238,-115
103900146,255,195,60
103900147,242,98,144
103900148,173,233,-60
103900149,262,703,-441
103900150,5185,2860,2325
103900151,52,155,-103
103900152,380,443,-63
103900153,2,0,2
103900154,587,1330,-743
103900155,26,180,-154
103900156,51,137,-86
103900157,28,183,-155
103900158,61,130,-69
103900159,101,58,43
103900160,81,38,43
103900161,77,153,-76
103900162,53,172,-119
103900163,4,395,-391
103900167,13,78,-65
103900168,83,95,-12
103900169,36,28,8
103900170,0,98,-98
103900171,0,52,-52
103900172,5,15,-10
103900173,11,13,-2
103900174,102,26,76
103900175,36,73,-37
103900176,12,39,-27
103900177,13,42,-29
103900178,42,50,-8
103900179,38,100,-62
103900180,5,42,-37
103900181,50,29,21
103900182,24,15,9
103900184,374,88,286
103900185,168,238,-70
103900187,24,72,-48
103900188,44,21,23
103900189,65,1,64
103900190,45,51,-6
103900191,30,33,-3
103900192,21,83,-62
103900193,94,103,-9
103900194,52,170,-118
103900195,5,78,-73
103900196,27,32,-5
103900197,3,32,-29
103900198,15,39,-24
103900199,106,26,80
103900200,125,98,27
103900201,73,143,-70
103900202,7,56,-49
103900203,20,13,7
103900204,0,75,-75
103900207,0,94,-94
103900208,97,0,97
103900209,1,75,-74
103900210,34,27,7
103900211,455,382,73
103900212,76,365,-289
103900213,87,243,-156
103900214,247,161,86
103900215,565,385,180
103900216,5,284,-279
103900217,234,8,226
103900218,53,405,-352
103900219,155,284,-129
103900233,30,1,29
103900235,29,5,24
103900236,19,1,18
103900242,10,39,-29
103900243,12,18,-6
103900244,90,192,-102
103900245,74,168,-94
103900246,76,23,53
103900247,30,109,-79
103900248,16,50,-34
103900249,29,32,-3
103900250,41,38,3
103900251,7,31,-24
103900253,15,62,-47
103900254,5,32,-27
103900255,9,32,-23
103900256,15,30,-15
103900257,209,128,81
103900258,74,7,67
103900259,96,8,88
103900261,8,10,-2
103900262,34,2,32
103900263,44,50,-6
103900264,66,58,8
103900265,112,25,87
103900266,0,62,-62
103900267,4,94,-90
103900268,9,96,-87
103900269,167,61,106
103900270,32,160,-128
103900271,7,72,-65
103900272,52,97,-45
103900273,18,46,-28
103900274,57,3,54
103900275,20,2,18
103900276,3,71,-68
103900277,2,70,-68
103900278,11,52,-41
103900279,2,12,-10
103900280,0,124,-124
103900281,67,246,-179
103900282,3,26,-23
103900283,12,10,2
103900284,6,10,-4
103900285,22,16,6
103900286,31,36,-5
103900287,0,24,-24
103900288,91,38,53
103900289,45,0,45
103900290,127,21,106
103900291,36,1,35
103900292,23,3,20
103900293,7,11,-4
103900294,9,20,-11
104000001,1580,1619,-39
104000002,1442,2395,-953
104000003,1824,1932,-108
104000004,2437,2297,140
104000005,1184,1786,-602
104000006,2711,2691,20
104000007,3788,3740,48
104000008,176,259,-83
104000009,145,121,24
104000010,121,219,-98
104000011,472,352,120
104000012,160,349,-189
104000013,162,167,-5
104000014,169,745,-576
104000015,245,165,80
104000016,512,409,103
104000018,614,160,454
104000019,450,177,273
104000020,124,554,-430
104000021,217,559,-342
104000022,117,251,-134
104000023,686,319,367
104000024,234,306,-72
104000026,51,276,-225
104000027,233,357,-124
104000028,313,258,55
104000029,305,379,-74
104000030,216,251,-35
104000031,1002,378,624
104000032,193,312,-119
104000033,482,494,-12
104000034,301,290,11
104000035,572,403,169
104000036,570,563,7
104000037,249,207,42
104000038,387,448,-61
104000039,151,245,-94
104000040,306,310,-4
104000041,1060,310,750
104000042,206,436,-230
104000043,286,402,-116
104000044,183,593,-410
104000045,937,1128,-191
104000046,1183,1545,-362
104000047,677,1075,-398
104000048,742,1544,-802
104000049,413,211,202
104000050,223,533,-310
104000051,154,492,-338
104000052,1578,1643,-65
104000053,778,499,279
104000054,287,381,-94
104000055,3116,1859,1257
104000056,1266,295,971
104000057,236,598,-362
104000058,772,649,123
104000059,501,1099,-598
104000060,809,1108,-299
104000061,1059,961,98
104000062,450,258,192
104000064,506,267,239
104000065,229,494,-265
104000069,1127,912,215
104000070,65,418,-353
104000071,237,470,-233
104000072,602,347,255
104000075,43,236,-193
104000076,408,82,326
104000082,1722,2639,-917
104000083,692,134,558
104000084,136,484,-348
104000085,231,228,3
104000086,200,393,-193
104000087,416,1353,-937
104000090,654,1228,-574
104000092,925,1851,-926
104000094,685,1430,-745
104000095,1604,1249,355
104000096,1066,247,819
104000097,1274,869,405
104000098,1686,826,860
104000100,1184,554,630
104000101,1102,1603,-501
104000106,140,615,-475
104000107,578,388,190
104000108,315,377,-62
104000109,226,66,160
104000110,732,809,-77
104000111,2924,1682,1242
104000112,2055,543,1512
104000116,0,918,-918
104000117,133,654,-521
104000118,386,186,200
104000119,506,231,275
104000120,234,646,-412
104000121,227,535,-308
104000122,506,603,-97
104000123,742,956,-214
104000124,831,1809,-978
104000125,2869,3129,-260
104000126,274,336,-62
104000127,1344,2557,-1213
104000128,674,336,338
104000129,335,52,283
104000130,12,197,-185
104000131,669,443,226
104000132,546,512,34
104000133,1093,717,376
104000134,733,1219,-486
104000135,413,1293,-880
104000136,701,2929,-2228
104000137,1271,309,962
104000138,792,271,521
104000139,5700,2403,3297
104000141,905,1143,-238
104000142,536,606,-70
104000143,433,435,-2
104000144,96,131,-35
104000145,331,222,109
104000146,342,490,-148
104000147,140,307,-167
104000148,260,122,138
104000149,144,271,-127
104000150,786,374,412
104000151,272,489,-217
104000152,472,505,-33
104000153,458,425,33
104000154,916,496,420
104000155,444,426,18
104000157,808,1243,-435
104000158,364,278,86
104000159,655,365,290
104000160,1366,1520,-154
104000161,172,164,8
104000162,64,124,-60
104000165,1058,893,165
104000167,494,787,-293
104000168,397,4,393
104000169,74,50,24
104000170,492,485,7
104000248,173,623,-450
104000251,53,219,-166
104000272,0,0,0
104000273,0,0,0
104000274,0,0,0
104000275,0,0,0
104000279,2808,1682,1126
104000290,123,243,-120
104000291,761,1066,-305
104000293,634,629,5
104000294,16,0,16
104000295,568,638,-70
104000296,381,572,-191
104000297,824,1476,-652
104000298,1833,829,1004
104000299,645,1303,-658
104000302,124,156,-32
104000303,177,125,52
104900001,162,363,-201
104900002,33,108,-75
104900003,37,250,-213
104900004,98,259,-161
104900005,189,166,23
104900006,218,80,138
104900007,209,183,26
104900009,99,280,-181
104900010,54,64,-10
104900011,4,2,2
104900012,216,33,183
104900013,108,15,93
104900014,1911,187,1724
104900015,98,13,85
104900016,219,160,59
104900017,154,172,-18
104900018,7,155,-148
104900019,280,1671,-1391
104900020,51,224,-173
104900021,1,170,-169
104900022,17,212,-195
104900023,3,55,-52
104900024,25,137,-112
104900025,57,194,-137
104900026,0,58,-58
104900027,343,202,141
104900028,22,65,-43
104900029,28,81,-53
104900030,366,147,219
104900031,73,190,-117
104900032,46,109,-63
104900033,82,180,-98
104900034,297,113,184
104900035,219,130,89
104900036,135,50,85
104900037,103,168,-65
104900038,349,562,-213
104900039,546,226,320
104900040,325,95,230
104900041,144,107,37
104900042,102,193,-91
104900043,9,95,-86
104900044,398,151,247
104900045,344,33,311
104900046,130,93,37
104900047,214,96,118
104900048,160,59,101
104900049,27,23,4
104900050,207,81,126
104900051,181,38,143
104900052,30,5,25
104900053,348,88,260
104900054,93,29,64
104900055,59,0,59
104900056,131,10,121
104900057,22,0,22
104900058,638,137,501
104900059,214,28,186
104900061,145,387,-242
104900063,34,106,-72
104900064,0,55,-55
104900065,0,126,-126
104900066,0,124,-124
104900067,3,215,-212
104900068,3,193,-190
104900070,153,237,-84
104900071,2,495,-493
104900072,25,227,-202
104900073,61,141,-80
104900074,32,184,-152
104900075,45,34,11
104900076,76,236,-160
104900077,664,164,500
104900078,140,380,-240
104900079,86,297,-211
104900080,65,353,-288
104900082,11,375,-364
104900085,3,138,-135
104900089,113,0,113
104900091,354,403,-49
104900093,131,429,-298
104900097,2016,1619,397
104900098,75,36,39
104900099,35,362,-327
104900100,374,209,165
104900102,13,127,-114
104900103,319,62,257
104900106,65,123,-58
104900107,93,164,-71
104900108,21,153,-132
104900109,68,164,-96
104900110,6,41,-35
104900111,61,66,-5
104900112,194,617,-423
104900113,544,278,266
104900114,331,386,-55
104900115,458,364,94
104900116,147,163,-16
104900118,15,62,-47
104900119,3,48,-45
104900120,58,183,-125
104900121,0,54,-54
104900122,2,49,-47
104900123,31,8,23
104900124,36,0,36
104900125,321,164,157
104900126,51,29,22
104900127,22,56,-34
104900128,47,125,-78
104900129,1405,1242,163
105000001,1933,1462,471
105000002,1751,1447,304
105000003,2923,3117,-194
105000004,473,954,-481
105000005,596,839,-243
105000006,1034,1327,-293
105000007,868,1085,-217
105000008,1680,2034,-354
105000009,1530,2398,-868
105000010,2861,2231,630
105000011,2225,2004,221
105000012,3860,2837,1023
105000013,777,1049,-272
105000014,1460,1912,-452
105000015,7775,9397,-1622
105000016,3222,1776,1446
105000017,1570,736,834
105000018,1128,1257,-129
105000019,1123,708,415
105000020,162,340,-178
105000021,276,88,188
105000022,277,55,222
105000023,510,323,187
105000028,70,128,-58
105000029,431,955,-524
105000030,3642,2523,1119
105000031,3,45,-42
105000033,1150,1928,-778
105000034,118,633,-515
105000037,567,288,279
105000038,1407,1385,22
105000039,2320,1578,742
105000040,686,913,-227
105000041,503,1119,-616
105000042,2524,1255,1269
105000043,1626,1773,-147
105000044,384,326,58
105000045,294,779,-485
105000046,867,320,547
105000047,432,1278,-846
105000048,535,173,362
105000049,183,571,-388
105000050,586,358,228
105000051,184,502,-318
105000052,501,683,-182
105000053,156,202,-46
105000054,266,774,-508
105000055,608,315,293
105000056,1079,1932,-853
105000057,961,810,151
105000058,1186,1236,-50
105000059,544,615,-71
105000060,418,588,-170
105000061,457,411,46
105000062,681,881,-200
105000063,305,502,-197
105000064,967,801,166
105000065,387,604,-217
105000066,1044,1267,-223
105000067,893,724,169
105000068,547,795,-248
105000069,1929,1316,613
105000070,696,678,18
105000071,242,559,-317
105000072,862,1628,-766
105000073,612,464,148
105000074,999,757,242
105000075,470,741,-271
105000076,1049,903,146
105000077,2266,867,1399
105000078,1109,1140,-31
105000079,1533,2613,-1080
105000080,1318,1109,209
105000081,3999,1093,2906
105000082,1064,1244,-180
105000083,4154,2339,1815
105000084,611,796,-185
105000085,1473,1401,72
105000086,661,1064,-403
105000087,1553,1661,-108
105000088,1307,1483,-176
105000089,2873,1818,1055
105000090,947,750,197
105000091,1428,1359,69
105000092,700,864,-164
105000093,303,200,103
105000094,217,206,11
105000095,97,404,-307
105000096,1076,738,338
105000097,735,563,172
105000098,896,548,348
105000099,771,616,155
105000100,970,1014,-44
105000101,1675,1788,-113
105000102,1218,1153,65
105000103,1410,1886,-476
105000104,1805,830,975
105000105,1018,1763,-745
105000106,1086,1565,-479
105000107,975,923,52
105000108,1162,1330,-168
105000109,1246,1486,-240
105000110,616,617,-1
105000111,517,647,-130
105000112,1071,640,431
105000113,403,625,-222
105000114,2470,933,1537
105000115,254,982,-728
105000116,590,452,138
105000117,728,1016,-288
105000118,443,289,154
105000119,561,923,-362
105000120,773,551,222
105000121,720,1047,-327
105000122,337,526,-189
105000123,951,1155,-204
105000124,1353,834,519
105000125,629,1776,-1147
105000126,1671,1687,-16
105000127,1970,1822,148
105000128,553,946,-393
105000129,679,329,350
105000130,369,1931,-1562
105000131,886,411,475
105000132,545,489,56
105000133,431,849,-418
105000134,488,550,-62
105000135,483,628,-145
105000136,115,351,-236
105000137,372,204,168
105000138,226,399,-173
105000139,943,955,-12
105000140,305,540,-235
105000141,271,583,-312
105000142,183,488,-305
105000143,266,641,-375
105000144,315,758,-443
105000145,453,336,117
105000146,425,931,-506
105000147,507,339,168
105000148,1066,601,465
105000149,1817,1784,33
105000150,1896,1498,398
105000151,360,306,54
105000152,157,459,-302
105000153,456,557,-101
105000154,527,567,-40
105000155,355,775,-420
105000156,873,620,253
105000157,731,1468,-737
105000158,1558,715,843
105000159,225,981,-756
105000160,1432,516,916
105000161,564,1061,-497
105000162,400,1290,-890
105000163,1079,796,283
105000164,232,224,8
105000165,862,3798,-2936
105000166,4864,760,4104
105000167,1722,1121,601
105000168,266,615,-349
105000169,383,317,66
105000170,154,1083,-929
105000171,852,246,606
105000172,101,33,68
105000173,153,32,121
105000174,65,25,40
105000175,54,101,-47
105000176,241,90,151
105000177,248,192,56
105000178,113,410,-297
105000179,413,146,267
105000180,125,95,30
105000181,95,261,-166
105000182,51,69,-18
105000183,2072,1512,560
105000184,1472,844,628
105000185,1180,696,484
105000186,657,792,-135
105000187,665,175,490
105000188,321,103,218
105000189,312,450,-138
105000190,252,327,-75
105000191,381,333,48
105000192,194,62,132
105000193,109,111,-2
105000194,283,89,194
105000195,186,609,-423
105000196,79,202,-123
105000197,274,506,-232
105000198,639,271,368
105000199,349,482,-133
105000200,132,186,-54
105000201,105,25,80
105000203,18,207,-189
105000204,110,61,49
105000205,73,160,-87
105000207,506,234,272
105000208,204,351,-147
105000209,225,364,-139
105000211,166,28,138
105000212,1066,1166,-100
105000213,127,158,-31
105000214,129,276,-147
105000215,234,184,50
105000216,106,331,-225
105000217,120,257,-137
105000218,1010,1032,-22
105000221,152,208,-56
105000222,538,45,493
105000223,290,161,129
105000226,68,210,-142
105000227,75,145,-70
105000228,286,1169,-883
105000229,127,345,-218
105000231,276,291,-15
105000233,785,626,159
105000234,496,1109,-613
105000235,274,582,-308
105000237,575,84,491
105000243,22,52,-30
105000248,72,74,-2
105000262,292,1151,-859
105000269,98,209,-111
105000270,289,51,238
105000271,1,174,-173
105000282,73,70,3
105000287,334,92,242
105000288,517,306,211
105000289,2972,1611,1361
105000290,33,6,27
105000402,2996,2530,466
105000426,487,449,38
105000438,4200,1463,2737
105000440,16,30,-14
105000446,10312,4655,5657
105000447,6643,2403,4240
105000454,321,587,-266
105000455,248,149,99
105000474,14,4,10
105000477,251,416,-165
105000478,1272,2789,-1517
105000479,121,136,-15
105000480,8464,4532,3932
105000481,3859,2575,1284
105000482,4897,6523,-1626
105000483,1081,1472,-391
105000484,2254,2793,-539
105000485,1127,2202,-1075
105000486,3333,2313,1020
105000488,10268,4834,5434
105000489,646,806,-160
105000549,151,146,5
105000550,570,1384,-814
105000551,33,130,-97
105000552,3057,1870,1187
105000555,1688,887,801
105000556,53,24,29
105000557,47,222,-175
105900001,4,825,-821
105900002,990,487,503
105900003,6,152,-146
105900004,201,113,88
105900005,9,167,-158
105900006,5,66,-61
105900007,50,16,34
105900008,52,505,-453
105900009,21,11,10
105900011,82,34,48
105900012,350,86,264
105900013,1,16,-15
105900014,7,41,-34
105900015,136,227,-91
105900016,232,381,-149
105900017,836,38,798
105900018,146,141,5
105900019,33,223,-190
105900020,49,59,-10
105900021,16,115,-99
105900022,193,179,14
105900023,5,51,-46
105900024,5,84,-79
105900025,132,24,108
105900026,179,19,160
105900027,3385,4882,-1497
105900028,486,166,320
105900029,1163,265,898
105900030,122,208,-86
105900031,342,148,194
105900032,53,131,-78
105900033,338,109,229
105900034,148,187,-39
105900035,115,135,-20
105900036,53,110,-57
105900037,62,66,-4
105900038,127,219,-92
105900039,83,124,-41
105900040,97,71,26
105900041,145,172,-27
105900042,48,94,-46
105900043,1008,36,972
105900044,2,307,-305
105900045,3,557,-554
105900046,6,210,-204
105900047,18,23,-5
105900048,83,516,-433
105900050,4060,1130,2930
105900051,4,761,-757
105900052,371,223,148
105900053,2541,1956,585
105900054,302,144,158
105900056,573,249,324
105900057,26,85,-59
105900058,16,19,-3
105900059,0,31,-31
106000001,4109,2084,2025
106000002,2332,4657,-2325
106000003,2353,3210,-857
106000004,1752,2626,-874
106000005,2247,4674,-2427
106000006,5082,4072,1010
106000007,412,608,-196
106000008,390,289,101
106000009,423,370,53
106000010,510,466,44
106000011,735,827,-92
106000012,721,1291,-570
106000013,1304,1555,-251
106000014,1546,1585,-39
106000015,1282,1035,247
106000016,1163,2049,-886
106000017,563,611,-48
106000018,577,460,117
106000019,267,439,-172
106000020,273,345,-72
106000021,261,396,-135
106000022,303,221,82
106000023,477,363,114
106000024,402,637,-235
106000025,123,152,-29
106000026,101,316,-215
106000027,1034,1265,-231
106000028,540,555,-15
106000029,739,1151,-412
106000030,559,386,173
106000034,173,642,-469
106000035,1000,1589,-589
106000036,250,346,-96
106000037,1857,1399,458
106000038,357,78,279
106000039,173,106,67
106000040,171,789,-618
106000041,662,409,253
106000043,487,162,325
106000046,262,72,190
106000047,56,312,-256
106000049,824,184,640
106000050,274,666,-392
106000051,527,352,175
106000052,135,609,-474
106000053,288,83,205
106000054,346,444,-98
106000055,722,830,-108
106000056,272,366,-94
106000057,273,238,35
106000058,133,179,-46
106000059,180,196,-16
106000060,369,574,-205
106000061,178,422,-244
106000062,160,474,-314
106000063,602,469,133
106000064,64,376,-312
106000065,227,252,-25
106000066,82,310,-228
106000067,323,96,227
106000068,60,555,-495
106000069,180,59,121
106000070,363,738,-375
106000071,833,264,569
106000072,2964,1400,1564
106000073,1528,2535,-1007
106000074,492,611,-119
106000075,267,1327,-1060
106000076,1657,2023,-366
106000077,3250,1451,1799
106000078,739,879,-140
106000079,557,861,-304
106000080,1017,631,386
106000081,569,986,-417
106000082,1921,735,1186
106000083,325,1359,-1034
106000084,935,569,366
106000085,1284,1366,-82
106000086,533,793,-260
106000087,775,523,252
106000088,400,736,-336
106000089,730,358,372
106000090,261,530,-269
106000091,218,444,-226
106000092,516,207,309
106000093,292,84,208
106000094,102,260,-158
106000095,463,707,-244
106000096,803,575,228
106000097,730,832,-102
106000098,598,878,-280
106000099,212,628,-416
106000100,925,248,677
106000101,1152,476,676
106000102,172,547,-375
106000103,283,468,-185
106000104,802,442,360
106000105,371,542,-171
106000106,549,445,104
106000107,163,374,-211
106000108,300,331,-31
106000109,153,296,-143
106000110,201,287,-86
106000111,172,389,-217
106000112,161,496,-335
106000113,562,492,70
106000114,490,494,-4
106000115,240,423,-183
106000116,204,193,11
106000117,828,591,237
106000118,881,1049,-168
106000119,1511,948,563
106000120,525,960,-435
106000121,156,133,23
106000122,127,210,-83
106000123,340,186,154
106000124,52,228,-176
106000125,47,255,-208
106000126,209,144,65
106000127,593,754,-161
106000128,638,242,396
106000129,599,652,-53
106000130,562,624,-62
106000131,114,772,-658
106000132,504,123,381
106000133,2107,1177,930
106000134,679,1563,-884
106000135,590,762,-172
106000136,512,777,-265
106000137,67,922,-855
106000138,905,104,801
106000139,61,118,-57
106000140,41,73,-32
106000141,67,79,-12
106000142,46,75,-29
106000143,61,78,-17
106000144,50,75,-25
106000145,184,276,-92
106000146,327,148,179
106000147,608,689,-81
106000148,897,871,26
106000149,485,551,-66
106000150,370,1703,-1333
106000151,3500,705,2795
106000152,1064,1508,-444
106000153,115,1239,-1124
106000154,1230,236,994
106000155,74,210,-136
106000156,440,206,234
106000157,495,1369,-874
106000158,1956,815,1141
106000159,2721,1372,1349
106000160,276,2070,-1794
106000161,1203,342,861
106000162,198,739,-541
106000163,272,413,-141
106000164,249,323,-74
106000165,184,563,-379
106000166,539,256,283
106000167,331,977,-646
106000168,372,250,122
106000169,149,531,-382
106000170,723,247,476
106000171,161,1021,-860
106000172,2311,1127,1184
106000173,889,2297,-1408
106000174,862,390,472
106000175,262,742,-480
106000176,1335,685,650
106000177,641,2074,-1433
106000178,2617,1421,1196
106000179,1076,2205,-1129
106000180,724,1207,-483
106000181,543,1425,-882
106000182,965,566,399
106000183,1016,629,387
106000184,1209,599,610
106000185,655,787,-132
106000186,832,118,714
106000187,213,898,-685
106000188,0,1,-1
106000189,9,42,-33
106000190,23,1,22
106000191,516,186,330
106000192,3,17,-14
106000193,313,180,133
106000194,126,295,-169
106000195,352,106,246
106000196,140,384,-244
106000197,389,244,145
106000198,95,279,-184
106000199,638,615,23
106000200,156,136,20
106000201,440,2009,-1569
106000202,3599,432,3167
106000203,56,170,-114
106000204,70,7,63
106000205,14,150,-136
106000206,75,21,54
106000207,50,690,-640
106000208,971,127,844
106000209,1056,219,837
106000210,201,987,-786
106000211,301,998,-697
106000212,571,286,285
106000213,683,1379,-696
106000214,2402,588,1814
106000215,251,459,-208
106000216,382,348,34
106000217,276,460,-184
106000218,463,414,49
106000219,134,323,-189
106000220,318,199,119
106000221,106,283,-177
106000222,51,97,-46
106000223,126,72,54
106000224,198,235,-37
106000225,50,62,-12
106000226,131,289,-158
106000228,28,85,-57
106000229,90,695,-605
106000231,703,97,606
106000232,95,390,-295
106000233,383,66,317
106000234,63,122,-59
106000235,309,82,227
106000236,171,72,99
106000237,4,11,-7
106000238,147,8,139
106000239,3,110,-107
106000240,47,1,46
106000241,11,552,-541
106000242,280,42,238
106000249,54,74,-20
106000250,56,465,-409
106000251,70,44,26
106000252,25,47,-22
106000253,26,86,-60
106000254,56,31,25
106000255,25,150,-125
106000256,42,56,-14
106000257,108,203,-95
106000258,204,23,181
106000259,11,41,-30
106000260,27,3,24
106000261,3,40,-37
106000262,77,25,52
106000263,9,73,-64
106000264,154,13,141
106000265,15,114,-99
106000266,98,15,83
106000267,5,68,-63
106000268,524,49,475
106000269,83,56,27
106000270,111,400,-289
106000271,64,214,-150
106000272,190,44,146
106000273,13,236,-223
106000274,183,46,137
106000275,161,233,-72
106000276,123,43,80
106000277,147,215,-68
106000278,166,28,138
106000279,35,29,6
106000280,101,84,17
106000281,84,66,18
106000282,97,63,34
106000283,91,58,33
106000284,51,97,-46
106000285,108,80,28
106000286,75,126,-51
106000287,93,63,30
106000288,75,142,-67
106000289,75,47,28
106000290,64,96,-32
106000291,79,74,5
106000292,90,86,4
106000293,90,76,14
106000294,116,105,11
106000295,57,35,22
106000296,39,74,-35
106000297,44,218,-174
106000298,113,60,53
106000299,58,96,-38
106000300,38,89,-51
106000301,53,109,-56
106000303,29,45,-16
106000304,27,40,-13
106000305,24,30,-6
106000306,36,50,-14
106000307,22,14,8
106000308,10,111,-101
106000309,10,53,-43
106000310,217,475,-258
106000311,274,141,133
106000312,64,140,-76
106000313,144,177,-33
106000318,117,297,-180
106000319,933,243,690
106000320,4,44,-40
106000321,228,63,165
106000322,101,148,-47
106000324,16,101,-85
106000325,1240,765,475
106000326,848,1626,-778
106000327,116,104,12
106000328,21,107,-86
106000329,88,249,-161
106000330,40,69,-29
106000428,89,250,-161
106000429,104,461,-357
106000430,272,1209,-937
106000431,1628,404,1224
106000432,2050,2996,-946
106000433,1794,1236,558
106000434,2562,1271,1291
106000435,1594,2426,-832
106000436,14,178,-164
106000437,287,31,256
106000438,286,135,151
106000439,54,329,-275
106000440,373,484,-111
106000441,0,2,-2
106000442,141,5,136
106000443,107,336,-229
106000450,3,147,-144
106000451,34,56,-22
106000454,6,178,-172
106000455,15,187,-172
106000456,126,25,101
106000457,6,811,-805
106000458,851,133,718
106000459,371,361,10
106000460,1112,15,1097
106000461,87,1028,-941
106000462,1,36,-35
106000463,1,17,-16
106000464,3,438,-435
106000465,576,2,574
106000466,4,551,-547
106000467,426,537,-111
106000468,63,94,-31
106000469,167,3,164
106000470,229,1519,-1290
106000471,21,459,-438
106000472,93,8,85
106000473,37,20,17
106000474,348,549,-201
106000475,346,259,87
106000476,163,191,-28
106000477,44,180,-136
106000480,2,434,-432
106900001,0,7,-7
106900002,2,385,-383
106900003,67,217,-150
106900004,0,24,-24
106900006,0,10,-10
106900007,0,12,-12
106900008,236,151,85
106900009,280,295,-15
106900010,232,185,47
106900012,1301,1013,288
106900013,74,32,42
106900014,24,1,23
106900015,11,1,10
106900016,198,10,188
106900017,1,0,1
106900018,0,0,0
106900019,16,3,13
106900020,1520,962,558
106900021,184,162,22
106900022,431,2,429
106900023,1,155,-154
106900024,201,9,192
106900025,29,295,-266
106900026,2,562,-560
106900027,828,5,823
106900028,6,123,-117
106900029,153,13,140
106900030,10,135,-125
107000001,3396,2618,778
107000002,3301,4739,-1438
107000003,4649,5706,-1057
107000004,4064,4453,-389
107000005,3388,4583,-1195
107000006,3885,4505,-620
107000007,4595,8761,-4166
107000008,10867,8108,2759
107000009,5819,5936,-117
107000010,9633,9030,603
107000011,1401,1353,48
107000012,3808,2856,952
107000013,70,147,-77
107000014,35,314,-279
107000015,569,814,-245
107000016,645,934,-289
107000017,3229,797,2432
107000018,24,376,-352
107000020,1845,475,1370
107000021,1281,475,806
107000022,713,915,-202
107000023,1510,257,1253
107000024,474,1140,-666
107000025,158,355,-197
107000026,196,450,-254
107000027,1194,1029,165
107000028,1138,1472,-334
107000029,2720,2307,413
107000030,2675,2823,-148
107000031,3340,2208,1132
107000032,440,920,-480
107000033,2847,4395,-1548
107000034,2722,1583,1139
107000035,306,246,60
107000036,351,1301,-950
107000037,76,845,-769
107000038,215,202,13
107000039,790,728,62
107000040,146,285,-139
107000041,1278,712,566
107000042,641,1669,-1028
107000043,2484,966,1518
107000044,597,258,339
107000045,145,261,-116
107000046,632,345,287
107000047,362,804,-442
107000048,571,229,342
107000049,496,702,-206
107000050,866,531,335
107000051,441,319,122
107000052,1022,832,190
107000053,296,155,141
107000054,75,262,-187
107000055,292,147,145
107000056,490,762,-272
107000057,1675,288,1387
107000058,1850,1993,-143
107000059,2009,3175,-1166
107000060,3108,4472,-1364
107000061,4496,3403,1093
107000062,3187,2571,616
107000063,3970,5066,-1096
107000064,3292,1879,1413
107000065,3552,4639,-1087
107000066,1540,2153,-613
107000067,870,972,-102
107000068,1169,555,614
107000069,569,361,208
107000070,1086,2,1084
107000071,2675,43,2632
107000072,53,2751,-2698
107000073,603,343,260
107000074,129,833,-704
107000075,1277,446,831
107000076,625,1383,-758
107000077,2721,1251,1470
107000078,2666,3222,-556
107000079,2248,1032,1216
107000080,1130,2961,-1831
107000081,1448,674,774
107000082,475,1739,-1264
107000083,1045,472,573
107000084,434,1592,-1158
107000085,2428,3293,-865
107000086,3635,3474,161
107000087,2168,1858,310
107000088,2976,3499,-523
107000089,1132,1639,-507
107000090,802,1088,-286
107000091,1022,801,221
107000092,704,1009,-305
107000093,996,732,264
107000094,955,1304,-349
107000095,648,641,7
107000096,493,858,-365
107000097,612,310,302
107000098,605,613,-8
107000099,388,227,161
107000100,244,232,12
107000101,64,174,-110
107000102,234,261,-27
107000103,324,185,139
107000104,206,323,-117
107000105,395,117,278
107000106,164,278,-114
107000107,624,147,477
107000108,177,557,-380
107000109,576,230,346
107000110,75,386,-311
107000111,413,67,346
107000112,120,409,-289
107000113,610,126,484
107000114,128,698,-570
107000115,433,164,269
107000116,105,785,-680
107000117,113,603,-490
107000118,112,200,-88
107000119,1222,1310,-88
107000120,1482,351,1131
107000121,552,698,-146
107000122,1045,954,91
107000123,302,653,-351
107000124,449,892,-443
107000125,717,579,138
107000126,760,802,-42
107000129,342,898,-556
107000130,710,296,414
107000131,371,811,-440
107000132,564,325,239
107000133,1096,77,1019
107000134,243,2,241
107000135,5,283,-278
107000136,674,6,668
107000137,15,333,-318
107000138,424,21,403
107000139,15,399,-384
107000140,1124,84,1040
107000141,96,699,-603
107000142,406,77,329
107000143,57,562,-505
107000144,439,499,-60
107000145,144,420,-276
107000146,192,317,-125
107000147,3885,1098,2787
107000150,628,2046,-1418
107000151,37,91,-54
107000152,445,1022,-577
107000153,187,343,-156
107000154,287,229,58
107000155,735,16,719
107000156,986,24,962
107000157,18,1443,-1425
107000158,498,22,476
107000159,36,1090,-1054
107000160,820,101,719
107000161,67,1309,-1242
107000162,249,396,-147
107000163,251,7,244
107000164,670,0,670
107000165,779,3,776
107000166,45,1048,-1003
107000167,442,261,181
107000168,857,453,404
107000169,788,839,-51
107000170,1556,684,872
107000171,575,1809,-1234
107000172,876,1324,-448
107000173,730,949,-219
107000174,746,3518,-2772
107000175,5986,1657,4329
107000176,1,1,0
107000177,3,1,2
107000178,14,41,-27
107000179,268,2154,-1886
107000180,1029,284,745
107000181,357,1323,-966
107000182,1359,776,583
107000183,141,796,-655
107000184,953,585,368
107000185,398,1275,-877
107000186,913,374,539
107000187,1042,1205,-163
107000188,606,584,22
107000189,390,994,-604
107000190,600,633,-33
107000191,696,1161,-465
107000192,1528,647,881
107000193,314,434,-120
107000194,821,606,215
107000197,772,248,524
107000198,259,903,-644
107000199,462,651,-189
107000200,605,524,81
107000201,368,188,180
107000202,267,452,-185
107000203,1120,526,594
107000204,1324,528,796
107000205,1940,819,1121
107000206,688,868,-180
107000207,607,794,-187
107000208,840,375,465
107000209,1862,1044,818
107000210,748,347,401
107000211,5,31,-26
107000212,9,267,-258
107000213,8,19,-11
107000214,7,157,-150
107000215,317,349,-32
107000216,329,239,90
107000217,103,96,7
107000219,53,71,-18
107000220,144,157,-13
107000222,244,669,-425
107000224,294,51,243
107000225,134,431,-297
107000226,257,78,179
107000227,84,282,-198
107000228,43,201,-158
107000229,145,117,28
107000230,881,440,441
107000231,1529,1270,259
107000232,83,26,57
107000233,1369,714,655
107000234,2,32,-30
107000235,60,5,55
107000236,20,430,-410
107000237,12,1,11
107000238,18,2,16
107000239,2653,476,2177
107000240,74,919,-845
107000243,0,48,-48
107000244,4,45,-41
107000246,3,953,-950
107000249,4,1020,-1016
107000251,1,234,-233
107000252,0,1011,-1011
107000255,285,95,190
107000257,1,498,-497
107000258,0,122,-122
107000259,9,164,-155
107000260,544,4,540
107000262,11,476,-465
107000263,217,4,213
107000266,10,5,5
107000267,60,130,-70
107000268,137,106,31
107000269,405,68,337
107000270,0,14,-14
107000271,14,645,-631
107000272,23,157,-134
107000273,3,128,-125
107000274,727,4,723
107000275,487,721,-234
107000280,706,26,680
107000281,30,845,-815
107000282,13,809,-796
107000290,6,21,-15
107000291,7,4,3
107000292,2,31,-29
107000293,95,8,87
107000294,2,35,-33
107000295,24,1,23
107000296,0,9,-9
107000444,248,8,240
107000496,2,26,-24
107000497,1344,2262,-918
107000500,281,284,-3
107000501,129,182,-53
107000502,252,303,-51
107000505,390,682,-292
107000506,0,24,-24
107000508,7,597,-590
107000509,234,858,-624
107000510,21,17,4
107000514,56,251,-195
107000515,27,197,-170
107000516,309,212,97
107000518,899,1095,-196
107000519,2092,942,1150
107000520,49,48,1
107000521,562,391,171
107000522,820,580,240
107900001,43,221,-178
107900002,30,7,23
107900003,243,111,132
107900004,5,2,3
107900005,1105,1,1104
107900006,132,0,132
107900007,259,22,237
107900008,70,23,47
107900009,100,2,98
107900010,18,2,16
107900012,201,16,185
107900013,186,34,152
107900014,35,3,32
107900015,834,7,827
107900016,305,65,240
107900017,17,1,16
107900018,34,93,-59
107900019,23,38,-15
107900020,39,6,33
107900021,77,137,-60
107900023,2,1,1
107900024,0,3,-3
107900025,145,213,-68
107900026,71,50,21
107900027,70,30,40
107900028,55,77,-22
107900030,124,27,97
107900031,43,76,-33
107900032,26,1,25
107900033,18,2,16
107900034,267,14,253
107900035,693,64,629
107900036,64,6,58
107900037,0,17,-17
107900038,118,188,-70
107900039,20,37,-17
107900040,52,56,-4
107900041,2,4,-2
107900043,24,47,-23
107900044,4,6,-2
107900045,83,47,36
107900046,116,164,-48
107900047,6,19,-13
107900048,151,3,148
107900049,291,1243,-952
107900050,159,286,-127
107900051,45,51,-6
107900052,29,13,16
107900053,38,80,-42
107900055,398,132,266
107900056,106,47,59
107900057,2,0,2
107900058,28,510,-482
107900060,59,30,29
107900061,9,3,6
107900063,52,92,-40
107900064,201,93,108
107900065,131,10,121
107900066,10,5,5
107900067,1,0,1
107900068,157,200,-43
107900069,58,1436,-1378
107900070,75,39,36
107900071,28,555,-527
107900072,73,131,-58
107900073,87,94,-7
107900074,834,238,596
107900076,101,32,69
107900077,40,0,40
107900079,9,14,-5
107900080,168,239,-71
107900081,37,132,-95
107900082,22,16,6
107900083,189,108,81
107900084,71,95,-24
107900086,57,124,-67
107900087,639,157,482
107900088,22,10,12
107900089,238,678,-440
107900090,442,1731,-1289
107900091,170,388,-218
107900093,77,54,23
107900095,3423,1929,1494
107900097,4,42,-38
107900098,45,147,-102
107900100,884,959,-75
107900101,911,170,741
107900102,33,5,28
107900103,25,143,-118
107900104,149,6,143
107900105,3,497,-494
107900106,1,1078,-1077
107900107,633,412,221
107900108,268,93,175
107900109,846,7,839
107900110,31,86,-55
107900111,23,794,-771
107900112,102,276,-174
107900113,158,82,76
107900114,118,150,-32
107900115,4,39,-35
107900116,120,138,-18
107900117,300,335,-35
107900118,65,148,-83
107900119,61,256,-195
107900120,34,29,5
107900121,7,134,-127
107900122,11,59,-48
107900123,3,23,-20
107900124,28,14,14
107900125,27,177,-150
107900126,3,48,-45
107900127,307,259,48
107900128,94,55,39
107900129,58,26,32
107900130,66,27,39
107900131,566,161,405
107900132,127,347,-220
107900133,0,60,-60
107900134,25,52,-27
107900135,4,137,-133
107900136,21,25,-4
107900137,130,74,56
107900138,44,31,13
107900139,28,65,-37
107900141,38,20,18
107900142,69,686,-617
107900143,38,24,14
107900144,1,135,-134
107900145,10,53,-43
107900146,35,104,-69
107900147,42,20,22
107900148,66,84,-18
107900149,830,191,639
107900150,96,520,-424
107900151,20,104,-84
107900152,3,123,-120
107900153,179,269,-90
107900154,43,44,-1
107900155,46,47,-1
107900156,0,284,-284
107900157,25,45,-20
107900158,675,26,649
107900159,38,600,-562
107900160,65,145,-80
107900161,10,174,-164
107900162,0,32,-32
107900163,36,23,13
107900164,1,41,-40
107900165,37,82,-45
107900166,20,255,-235
107900167,34,25,9
107900168,21,42,-21
107900169,2,158,-156
107900171,6,1281,-1275
107900172,7,293,-286
107900173,8,206,-198
107900174,67,8,59
107900175,20,17,3
107900176,13,35,-22
107900177,0,23,-23
107900178,0,183,-183
107900179,17,164,-147
107900180,500,382,118
107900181,213,223,-10
107900182,5,1156,-1151
107900183,34,266,-232
107900184,84,229,-145
107900185,94,6,88
107900186,13,42,-29
107900187,0,115,-115
107900188,611,121,490
107900189,32,83,-51
107900190,90,96,-6
107900191,31,87,-56
107900193,18,51,-33
107900194,162,8,154
107900195,2430,357,2073
107900196,31,97,-66
107900197,820,284,536
107900199,1,1003,-1002
107900201,67,95,-28
107900203,21,54,-33
107900204,147,134,13
107900206,900,122,778
107900207,1,680,-679
107900208,10,533,-523
107900209,330,96,234
107900210,69,85,-16
107900213,388,340,48
107900214,5,96,-91
107900215,127,247,-120
107900216,117,66,51
107900217,28,63,-35
107900218,12,1126,-1114
107900219,38,96,-58
107900220,180,161,19
107900221,129,184,-55
107900223,68,542,-474
107900224,87,265,-178
107900225,9,584,-575
107900226,129,76,53
107900227,116,387,-271
107900228,15,71,-56
107900229,3,171,-168
107900230,27,115,-88
107900231,11,181,-170
107900232,86,136,-50
107900233,7,138,-131
107900234,63,92,-29
107900235,11,72,-61
107900236,77,57,20
107900237,62,326,-264
107900238,28,98,-70
107900239,775,477,298
107900240,19,119,-100
107900241,13,54,-41
107900242,26,219,-193
107900243,1,50,-49
107900244,181,2,179
107900245,492,48,444
107900246,138,6,132
107900248,207,195,12
107900249,458,13,445
107900250,1,414,-413
107900251,102,1203,-1101
107900252,750,23,727
107900253,110,7,103
107900254,58,439,-381
107900255,237,60,177
107900256,1429,379,1050
107900257,132,116,16
107900258,85,175,-90
107900259,77,1380,-1303
107900261,0,247,-247
107900262,28,75,-47
107900264,330,3,327
107900265,134,115,19
107900267,214,20,194
107900268,9,1,8
107900269,0,1,-1
107900270,0,0,0
107900271,0,0,0
107900272,49,9,40
107900273,18,86,-68
107900274,38,0,38
107900275,22,0,22
107900276,0,61,-61
107900277,0,150,-150
107900278,188,297,-109
107900279,83,162,-79
107900280,1288,1785,-497
107900281,1389,2006,-617
107900282,50,385,-335
107900283,900,450,450
107900284,503,641,-138
107900285,85,70,15
107900286,60,50,10
107900287,116,161,-45
107900290,0,91,-91
107900291,302,7,295
107900292,98,195,-97
107900293,55,400,-345
107900295,59,43,16
107900297,1,242,-241
107900298,702,724,-22
107900299,2472,1658,814
107900301,462,562,-100
107900302,64,63,1
107900303,142,273,-131
107900304,136,411,-275
107900305,247,8,239
107900306,8,18,-10
107900307,73,190,-117
107900308,132,67,65
107900309,236,3,233
107900310,338,2,336
107900311,4,185,-181
107900312,71,0,71
107900313,1,120,-119
107900314,3,31,-28
107900315,4,32,-28
107900316,30,4,26
107900317,113,20,93
107900318,12,116,-104
107900319,5,142,-137
107900320,1,140,-139
107900321,117,8,109
107900322,1,136,-135
107900323,0,135,-135
107900324,94,6,88
107900325,99,1,98
107900326,237,241,-4
107900327,0,56,-56
107900328,158,1,157
107900329,194,75,119
107900330,8,364,-356
107900331,178,11,167
107900332,143,29,114
107900333,56,15,41
107900334,13,167,-154
107900335,30,39,-9
107900336,19,36,-17
107900337,919,619,300
107900338,0,97,-97
107900339,6,24,-18
107900340,1,70,-69
107900341,35,0,35
107900342,173,62,111
107900343,50,1,49
107900344,3,87,-84
107900345,56,17,39
107900346,15,0,15
107900347,21,2,19
107900348,4,1,3
107900349,13,6,7
107900350,15,182,-167
107900351,2,174,-172
107900352,1,34,-33
107900353,9,12,-3
107900354,41,121,-80
108000001,2509,3199,-690
108000002,1991,2725,-734
108000003,2900,2855,45
108000004,12103,15007,-2904
108000005,7389,5507,1882
108000006,8732,8405,327
108000007,4636,3541,1095
108000008,4423,6586,-2163
108000009,2628,3828,-1200
108000010,2645,4459,-1814
108000011,10051,10716,-665
108000012,16969,15355,1614
108000014,1163,610,553
108000015,733,263,470
108000016,308,663,-355
108000017,951,363,588
108000018,1602,492,1110
108000019,1782,708,1074
108000020,1172,485,687
108000021,377,1527,-1150
108000022,329,1139,-810
108000023,1003,192,811
108000024,286,514,-228
108000025,238,275,-37
108000026,652,486,166
108000027,663,656,7
108000028,670,229,441
108000029,486,744,-258
108000030,433,189,244
108000031,183,532,-349
108000032,1276,621,655
108000033,649,1022,-373
108000034,1349,394,955
108000035,690,2183,-1493
108000036,302,936,-634
108000037,1312,334,978
108000038,1870,501,1369
108000039,487,1960,-1473
108000040,1407,753,654
108000041,546,2189,-1643
108000042,249,262,-13
108000043,204,288,-84
108000044,365,233,132
108000045,196,681,-485
108000046,1146,288,858
108000047,356,974,-618
108000048,133,358,-225
108000049,736,287,449
108000050,118,586,-468
108000051,241,101,140
108000052,239,679,-440
108000053,401,178,223
108000054,441,967,-526
108000055,918,429,489
108000056,1157,1209,-52
108000057,475,957,-482
108000058,1693,3181,-1488
108000059,3106,1936,1170
108000060,179,578,-399
108000061,320,477,-157
108000062,657,495,162
108000063,347,476,-129
108000064,160,226,-66
108000065,406,468,-62
108000066,1322,705,617
108000067,1277,413,864
108000068,554,363,191
108000069,242,886,-644
108000070,1447,749,698
108000071,635,1423,-788
108000072,1295,1079,216
108000073,1375,1694,-319
108000074,472,393,79
108000075,290,796,-506
108000076,547,501,46
108000077,538,658,-120
108000078,1735,1187,548
108000079,927,1670,-743
108000080,1118,470,648
108000081,445,1769,-1324
108000082,837,1635,-798
108000083,1496,872,624
108000084,377,1117,-740
108000085,545,367,178
108000086,652,630,22
108000087,81,1489,-1408
108000088,546,239,307
108000089,244,267,-23
108000091,256,477,-221
108000092,133,77,56
108000093,190,572,-382
108000094,478,91,387
108000095,136,384,-248
108000096,235,196,39
108000097,112,431,-319
108000098,1295,1275,20
108000099,1131,287,844
108000100,155,420,-265
108000101,1077,1343,-266
108000102,1498,2992,-1494
108000106,1124,4,1120
108000107,0,582,-582
108000108,672,49,623
108000109,7,571,-564
108000110,181,327,-146
108000111,179,533,-354
108000112,36,117,-81
108000113,465,291,174
108000115,300,310,-10
108000117,645,343,302
108000118,514,1521,-1007
108000119,661,353,308
108000120,114,624,-510
108000121,200,462,-262
108000122,379,289,90
108000123,735,176,559
108000124,454,465,-11
108000125,461,291,170
108000126,204,401,-197
108000127,487,373,114
108000128,567,551,16
108000129,345,1107,-762
108000130,370,255,115
108000131,786,426,360
108000132,1910,1429,481
108000133,887,454,433
108000134,573,650,-77
108000135,911,514,397
108000136,470,920,-450
108000137,351,299,52
108000138,323,939,-616
108000139,403,301,102
108000140,86,19,67
108000141,40,86,-46
108000142,56,83,-27
108000143,40,409,-369
108000144,325,59,266
108000145,48,23,25
108000146,463,53,410
108000147,43,38,5
108000148,424,82,342
108000149,42,20,22
108000150,24,11,13
108000151,312,95,217
108000152,124,456,-332
108000153,390,145,245
108000154,59,25,34
108000155,29,20,9
108000156,672,470,202
108000157,148,679,-531
108000158,71,681,-610
108000159,567,185,382
108000160,3353,1036,2317
108000161,2286,2073,213
108000165,2,105,-103
108000172,2,297,-295
108000173,1865,1611,254
108000175,332,90,242
108000178,414,322,92
108000179,129,637,-508
108000181,78,31,47
108000182,282,123,159
108000183,89,283,-194
108000184,952,1983,-1031
108000185,169,479,-310
108000186,335,510,-175
108000187,84,547,-463
108000188,440,256,184
108000189,1832,5603,-3771
108000190,33,117,-84
108000192,189,578,-389
108000193,564,17,547
108000194,24,12,12
108000195,1,956,-955
108000196,123,125,-2
108000198,609,394,215
108000199,0,138,-138
108000200,388,437,-49
108000203,85,604,-519
108000204,107,51,56
108000205,216,407,-191
108000339,1319,394,925
108000364,316,668,-352
108000365,83,251,-168
108000367,74,227,-153
108000368,4,66,-62
108000369,1291,283,1008
108000371,10,558,-548
108000372,528,10,518
108000373,251,146,105
108000376,66,28,38
108000377,330,304,26
108000378,7969,9008,-1039
108000379,14,209,-195
108000381,38,13,25
108000382,184,0,184
108000383,1,163,-162
108900001,60,1044,-984
108900002,142,35,107
108900003,404,705,-301
108900004,156,373,-217
108900007,202,197,5
108900008,102,132,-30
108900009,47,132,-85
108900010,184,154,30
108900011,468,426,42
108900012,258,413,-155
108900013,153,217,-64
108900014,8,83,-75
108900015,6,32,-26
108900016,0,184,-184
108900017,132,241,-109
108900018,123,351,-228
108900019,57,649,-592
108900020,63,199,-136
108900021,104,239,-135
108900022,50,2,48
108900023,29,29,0
108900024,14,128,-114
108900025,66,91,-25
108900026,15,75,-60
108900027,0,89,-89
108900028,51,302,-251
108900029,58,212,-154
108900030,0,84,-84
108900031,83,355,-272
108900032,8,166,-158
108900033,11,55,-44
108900034,0,184,-184
108900035,265,1178,-913
108900038,5,293,-288
108900039,1,419,-418
108900040,2,121,-119
108900041,4782,2605,2177
108900042,8,348,-340
108900043,31,344,-313
108900044,2,426,-424
108900045,61,530,-469
108900046,46,647,-601
108900047,23,109,-86
108900048,64,854,-790
108900049,3166,822,2344
108900050,0,271,-271
108900051,1,173,-172
108900052,28,204,-176
108900053,116,141,-25
108900054,91,166,-75
108900055,54,262,-208
108900056,0,160,-160
108900057,0,132,-132
108900058,19,282,-263
108900059,264,13,251
108900060,64,92,-28
108900061,69,16,53
108900062,4,209,-205
108900063,19,230,-211
108900064,131,78,53
108900065,8,257,-249
108900066,273,100,173
108900067,16,168,-152
108900068,6,142,-136
108900069,29,72,-43
108900070,37,100,-63
108900071,76,69,7
108900072,1509,459,1050
108900073,43,290,-247
108900074,128,401,-273
108900075,43,41,2
108900076,208,94,114
108900077,109,381,-272
108900078,26,156,-130
108900079,940,168,772
108900080,19,640,-621
108900081,60,184,-124
108900082,50,106,-56
108900083,22,193,-171
108900085,1594,163,1431
108900086,71,249,-178
108900087,114,148,-34
108900088,800,300,500
108900089,14,135,-121
108900090,30,297,-267
108900091,133,82,51
108900092,397,344,53
108900093,117,72,45
108900094,176,60,116
108900095,38,302,-264
108900096,287,23,264
108900097,212,227,-15
108900098,2101,409,1692
108900099,310,216,94
108900100,71,114,-43
108900101,154,121,33
108900102,102,573,-471
108900103,56,70,-14
108900105,4,978,-974
108900106,338,325,13
108900108,318,35,283
108900109,333,49,284
108900110,140,417,-277
108900111,336,521,-185
108900113,31,30,1
108900114,52,23,29
108900115,33,69,-36
108900116,33,23,10
108900117,177,23,154
108900118,428,6,422
108900119,176,22,154
108900120,189,163,26
108900121,204,67,137
108900122,99,23,76
108900123,113,110,3
108900124,326,172,154
108900125,284,2,282
108900126,82,27,55
108900127,111,28,83
108900128,95,44,51
108900129,581,127,454
108900130,182,2,180
108900131,310,6,304
108900132,324,48,276
108900133,170,60,110
108900134,203,195,8
108900135,125,7,118
108900136,20,0,20
108900137,124,3,121
108900138,594,19,575
108900140,238,217,21
108900141,240,8,232
108900142,106,2,104
108900143,37,0,37
108900144,85,1,84
108900145,110,11,99
108900146,52,1,51
108900147,157,1,156
108900148,65,35,30
108900150,235,2,233
108900151,185,2,183
108900152,148,0,148
108900153,110,281,-171
108900154,3201,305,2896
108900156,68,10,58
108900157,29,471,-442
108900158,315,25,290
108900159,6,258,-252
108900160,18,229,-211
108900161,13,362,-349
108900162,75,0,75
108900163,8,268,-260
108900164,44,80,-36
108900168,6845,1929,4916
108900169,25,103,-78
108900171,5857,2236,3621
108900172,141,52,89
108900173,159,291,-132
108900174,522,477,45
108900176,72,448,-376
108900177,5015,3493,1522
108900178,3391,2460,931
108900180,59,202,-143
108900183,146,189,-43
108900184,459,207,252
108900185,92,331,-239
108900186,86,367,-281
108900189,306,135,171
108900190,362,2324,-1962
108900192,51,194,-143
108900195,112,229,-117
108900196,23,313,-290
108900199,241,338,-97
108900200,521,370,151
108900201,437,1286,-849
108900203,310,78,232
108900204,224,10,214
108900205,98,26,72
108900206,296,21,275
108900207,146,37,109
108900208,14,232,-218
108900209,231,473,-242
108900210,154,149,5
108900211,119,366,-247
108900212,656,1070,-414
108900215,70,418,-348
108900216,533,92,441
108900217,97,0,97
108900218,142,2,140
108900221,43,106,-63
108900224,21,133,-112
108900225,1,144,-143
108900227,74,172,-98
108900230,217,218,-1
108900232,1,240,-239
108900233,221,56,165
108900234,194,155,39
108900235,146,493,-347
108900236,28,233,-205
108900240,91,99,-8
108900241,21,36,-15
108900245,7,659,-652
108900250,83,64,19
108900258,11,205,-194
108900259,61,96,-35
108900260,4,83,-79
108900261,89,138,-49
108900262,171,119,52
108900263,28,143,-115
108900264,557,227,330
108900265,762,271,491
108900266,744,431,313
108900267,6,54,-48
108900268,10,1,9
108900269,56,12,44
108900270,45,6,39
108900271,50,3,47
108900272,166,7,159
108900273,1056,649,407
108900274,78,35,43
109000001,3321,1199,2122
109000002,1938,1369,569
109000003,2136,468,1668
109000004,430,2214,-1784
109000005,2233,784,1449
109000006,705,1918,-1213
109000007,1211,599,612
109000008,436,1685,-1249
109000009,3161,1227,1934
109000010,1352,3389,-2037
109000011,2610,1773,837
109000012,1576,3142,-1566
109000013,2675,2499,176
109000014,1530,3035,-1505
109000015,4586,7179,-2593
109000016,6548,3617,2931
109000017,1892,1033,859
109000018,853,2763,-1910
109000019,2288,1315,973
109000020,1041,1792,-751
109000023,217,43,174
109000024,10,192,-182
109000025,390,506,-116
109000026,741,299,442
109000027,92,312,-220
109000028,150,84,66
109000029,139,160,-21
109000030,87,535,-448
109000031,166,172,-6
109000032,91,376,-285
109000033,295,174,121
109000034,52,31,21
109000035,16,48,-32
109000036,78,351,-273
109000037,141,1131,-990
109000038,525,405,120
109000039,703,506,197
109000040,1945,4298,-2353
109000041,3579,1610,1969
109000042,611,1006,-395
109000044,338,159,179
109000045,229,326,-97
109000046,211,91,120
109000047,94,347,-253
109000048,1059,457,602
109000049,220,441,-221
109000050,468,511,-43
109000051,274,226,48
109000052,421,897,-476
109000053,1103,322,781
109000054,142,404,-262
109000055,336,208,128
109000056,289,277,12
109000057,388,415,-27
109000058,1900,321,1579
109000059,1013,1263,-250
109000060,909,315,594
109000061,997,985,12
109000062,89,285,-196
109000063,162,165,-3
109000064,216,138,78
109000065,105,251,-146
109000066,262,56,206
109000067,48,274,-226
109000068,2587,18,2569
109000069,944,27,917
109000070,3,1055,-1052
109000071,313,62,251
109000072,126,605,-479
109000073,41,87,-46
109000074,31,199,-168
109000075,65,328,-263
109000076,185,277,-92
109000077,387,369,18
109000078,100,158,-58
109000079,118,185,-67
109000080,141,128,13
109000081,99,490,-391
109000082,603,232,371
109000083,221,693,-472
109000088,125,482,-357
109000089,252,42,210
109000090,144,376,-232
109000091,274,163,111
109000092,291,418,-127
109000093,200,176,24
109000094,403,0,403
109000095,109,378,-269
109000096,540,281,259
109000097,109,200,-91
109000098,63,117,-54
109000099,851,258,593
109000100,264,542,-278
109000101,1059,617,442
109000102,317,645,-328
109000103,750,649,101
109000104,1259,529,730
109000105,420,1067,-647
109000106,1624,664,960
109000107,526,1874,-1348
109000108,1303,483,820
109000109,368,1613,-1245
109000110,916,504,412
109000111,800,1792,-992
109000112,288,115,173
109000113,393,163,230
109000114,121,378,-257
109000115,1159,90,1069
109000116,16,675,-659
109000117,152,74,78
109000118,7,321,-314
109000119,946,291,655
109000120,162,696,-534
109000121,581,131,450
109000122,102,736,-634
109000123,37,184,-147
109000124,510,444,66
109000125,580,405,175
109000126,414,800,-386
109000127,1074,353,721
109000128,463,1577,-1114
109000129,1549,683,866
109000130,895,2561,-1666
109000131,1366,880,486
109000132,1198,2709,-1511
109000133,348,967,-619
109000134,620,1370,-750
109000135,1051,1498,-447
109000136,312,286,26
109000137,465,405,60
109000138,493,300,193
109000139,425,408,17
109000140,252,599,-347
109000141,659,500,159
109000142,139,422,-283
109000143,86,102,-16
109000145,103,340,-237
109000146,106,92,14
109000148,2830,1112,1718
109000149,16,64,-48
109000150,199,161,38
109000155,523,540,-17
109000156,981,527,454
109000158,105,277,-172
109000159,107,401,-294
109000160,900,212,688
109000161,268,894,-626
109000162,1379,550,829
109000163,738,1563,-825
109000164,1034,2315,-1281
109000165,1030,481,549
109000166,604,113,491
109000167,114,509,-395
109000170,47,27,20
109000171,90,39,51
109000172,38,50,-12
109000173,29,83,-54
109000174,76,59,17
109000175,120,304,-184
109000176,246,213,33
109000177,19,78,-59
109000178,501,315,186
109000179,4255,3440,815
109000180,4040,2514,1526
109000181,10,37,-27
109000182,42,41,1
109000183,32,42,-10
109000184,41,14,27
109000185,19,37,-18
109000188,668,1663,-995
109000189,2610,887,1723
109000190,405,386,19
109000191,263,364,-101
109000192,312,147,165
109000193,142,280,-138
109000194,223,98,125
109000195,150,360,-210
109000196,248,86,162
109000197,136,374,-238
109000198,280,56,224
109000199,93,349,-256
109000206,181,22,159
109000207,99,42,57
109000208,89,54,35
109000209,161,134,27
109000210,202,433,-231
109000211,460,420,40
109000214,441,917,-476
109000215,145,105,40
109000216,221,193,28
109000217,185,114,71
109000218,329,173,156
109000221,583,1040,-457
109000222,973,300,673
109000223,244,216,28
109000224,49,177,-128
109000225,93,43,50
109000226,45,233,-188
109000227,755,832,-77
109000228,5,586,-581
109000231,0,241,-241
109000232,218,281,-63
109000236,143,772,-629
109000241,1981,2022,-41
109000242,1701,1429,272
109000293,80,178,-98
109000361,260,248,12
109000364,181,401,-220
109000396,12,450,-438
109000397,334,10,324
109000399,122,355,-233
109000400,82,280,-198
109000403,110,1103,-993
109000406,363,2,361
109000407,234,241,-7
109000408,0,453,-453
109000410,831,239,592
109000411,180,35,145
109000412,1,79,-78
109900001,78,0,78
109900002,745,13,732
109900003,223,0,223
109900005,11,5,6
109900006,288,187,101
109900007,548,590,-42
109900008,0,46,-46
109900009,110,433,-323
109900010,449,11,438
109900011,92,44,48
109900012,268,173,95
109900013,308,151,157
109900014,223,71,152
109900015,272,110,162
109900016,124,21,103
109900017,144,158,-14
109900018,171,73,98
109900019,210,56,154
109900020,43,22,21
109900021,25,9,16
109900022,151,213,-62
109900023,23,4,19
109900024,18,2,16
109900025,10,23,-13
109900027,26,39,-13
109900028,1344,757,587
109900029,1,273,-272
109900030,30,11,19
109900031,2,64,-62
109900032,7,304,-297
109900033,1,359,-358
109900034,36,4,32
109900035,37,21,16
109900036,30,68,-38
109900037,28,518,-490
109900038,25,177,-152
109900039,11,0,11
109900040,20,526,-506
109900041,45,350,-305
109900042,56,327,-271
109900044,72,266,-194
109900045,151,48,103
109900046,130,91,39
109900047,279,273,6
109900048,3,95,-92
109900049,17,31,-14
109900050,1,185,-184
109900051,0,50,-50
109900052,81,312,-231
109900053,6,309,-303
109900054,410,192,218
109900055,32,223,-191
109900056,29,186,-157
109900057,5,175,-170
109900058,0,90,-90
109900060,317,124,193
109900061,48,243,-195
109900062,1,146,-145
109900064,454,206,248
109900065,92,123,-31
109900066,311,736,-425
109900067,0,273,-273
109900068,31,2,29
109900069,0,39,-39
109900071,2,35,-33
109900072,28,137,-109
109900073,249,395,-146
109900074,2,38,-36
109900075,22,22,0
109900076,24,306,-282
109900077,36,60,-24
109900078,93,214,-121
109900080,98,271,-173
109900081,16,173,-157
109900082,34,338,-304
109900083,26,67,-41
109900084,55,113,-58
109900085,180,630,-450
109900086,114,390,-276
109900087,133,286,-153
109900089,596,198,398
109900092,497,24,473
109900093,642,117,525
109900094,69,89,-20
109900095,85,145,-60
109900096,41,2,39
109900097,72,3,69
109900098,337,21,316
109900099,115,0,115
109900100,39,0,39
109900101,283,12,271
109900102,349,32,317
109900103,14,23,-9
109900104,424,828,-404
109900105,431,21,410
109900106,287,52,235
109900107,371,76,295
109900108,96,236,-140
109900109,30,123,-93
109900111,234,700,-466
109900114,593,302,291
109900115,124,83,41
109900117,704,97,607
109900121,318,300,18
109900123,12,121,-109
109900125,0,114,-114
109900126,195,111,84
109900130,5982,1693,4289
109900131,55,109,-54
109900132,31,138,-107
109900134,52,78,-26
109900135,348,84,264
109900137,68,227,-159
109900140,159,192,-33
109900149,31,55,-24
109900150,2,61,-59
109900151,7,54,-47
109900152,3,23,-20
109900153,0,38,-38
109900154,59,0,59
109900155,34,11,23
109900157,55,249,-194
109900159,116,24,92
109900161,175,40,135
109900162,135,85,50
109900163,473,220,253
109900164,58,231,-173
109900165,161,5,156
109900166,2,139,-137
109900167,105,416,-311
109900168,164,533,-369
109900169,114,157,-43
109900170,210,607,-397
109900171,103,77,26
109900172,180,189,-9
109900173,2655,1816,839
109900174,47,91,-44
109900175,58,70,-12
109900176,98,143,-45
109900177,25,170,-145
109900178,13,102,-89
109900179,57,10,47
109900180,6,11,-5
110000001,1043,539,504
110000002,520,727,-207
110000003,682,752,-70
110000004,458,560,-102
110000005,381,1222,-841
110000006,388,327,61
110000007,85,100,-15
110000008,26,40,-14
110000009,75,54,21
110000010,54,51,3
110000011,34,63,-29
110000012,534,400,134
110000013,44,483,-439
110000014,638,408,230
110000015,270,541,-271
110000016,188,1358,-1170
110000017,2163,252,1911
110000018,2325,369,1956
110000019,9,94,-85
110000020,257,216,41
110000021,687,365,322
110000022,686,126,560
110000023,6,104,-98
110000024,615,310,305
110000025,250,6,244
110000026,3,225,-222
110000027,892,309,583
110000028,865,653,212
110000029,491,637,-146
110000030,188,319,-131
110000031,279,473,-194
110000032,580,351,229
110000033,342,59,283
110000034,352,650,-298
110000035,877,493,384
110000036,879,719,160
110000037,219,343,-124
110000038,202,625,-423
110000039,612,2295,-1683
110000040,353,292,61
110000041,260,1106,-846
110000042,107,258,-151
110000043,614,243,371
110000044,157,114,43
110000045,769,79,690
110000046,16,22,-6
110000047,144,18,126
110000048,13,14,-1
110000049,31,8,23
110000050,17,20,-3
110000051,63,8,55
110000052,36,31,5
110000053,90,11,79
110000054,113,189,-76
110000055,403,30,373
110000056,270,65,205
110000057,397,515,-118
110000058,936,411,525
110000059,824,505,319
110000060,654,943,-289
110000061,772,681,91
110000062,521,817,-296
110000063,53,55,-2
110000064,98,73,25
110000065,66,57,9
110000066,69,19,50
110000067,121,237,-116
110000068,336,223,113
110000069,151,89,62
110000071,97,120,-23
110000073,9,21,-12
110000075,3,97,-94
110000076,233,274,-41
110000077,343,729,-386
110000078,30,40,-10
110000080,294,605,-311
110000081,75,231,-156
110000082,58,293,-235
110000083,217,603,-386
110000084,963,710,253
110000085,1961,1561,400
110000086,1194,1846,-652
110000087,14,53,-39
110000088,61,222,-161
110000089,177,151,26
110000090,176,229,-53
110000091,1043,366,677
110000092,20,89,-69
110000093,45,12,33
110000094,415,267,148
110000095,151,501,-350
110000096,2040,1770,270
110000097,993,1059,-66
110000098,1690,545,1145
110000099,790,1377,-587
110000100,598,428,170
110000101,30,310,-280
110000102,68,33,35
110000104,326,110,216
110000105,76,252,-176
110000106,504,347,157
110000107,273,379,-106
110000108,111,70,41
110000109,221,238,-17
110000110,2862,3356,-494
110000111,5902,2434,3468
110000112,1368,1049,319
110000113,429,2069,-1640
110000114,126,548,-422
110000115,327,301,26
110000116,44,46,-2
110000117,167,284,-117
110000118,339,146,193
110000119,168,267,-99
110000120,294,163,131
110000121,89,310,-221
110000122,356,477,-121
110000123,433,352,81
110000124,2,820,-818
110000125,931,10,921
110000126,294,7,287
110000127,907,49,858
110000128,24,1093,-1069
110000129,5,573,-568
110000130,318,154,164
110000131,110,450,-340
110000132,3,689,-686
110000133,28,463,-435
110000134,20,398,-378
110000135,139,22,117
110000136,61,257,-196
110000137,449,571,-122
110000138,655,643,12
110000139,628,1129,-501
110000140,842,600,242
110000143,592,325,267
110000144,5203,1349,3854
110000145,1755,648,1107
110000146,1329,559,770
110000147,287,461,-174
110000148,363,203,160
110000151,722,718,4
110000152,749,374,375
110000153,75,47,28
110000154,5,16,-11
110000155,1331,3482,-2151
110000156,996,1979,-983
110000157,1454,1591,-137
110000160,278,276,2
110000161,178,282,-104
110000166,373,81,292
110000167,664,554,110
110000168,738,410,328
110000169,730,340,390
110000170,112,110,2
110000171,551,181,370
110000172,106,700,-594
110000173,1171,1108,63
110000174,192,919,-727
110000175,418,85,333
110000176,106,230,-124
110000177,159,745,-586
110000178,424,1137,-713
110000179,997,311,686
110000180,143,188,-45
110000181,277,387,-110
110000182,315,150,165
110000183,7800,5025,2775
110000184,340,1722,-1382
110000185,886,542,344
110000186,674,672,2
110000191,638,331,307
110000192,393,4,389
110000193,790,7,783
110000194,18,960,-942
110000195,353,297,56
110000196,297,389,-92
110000197,78,138,-60
110000198,128,75,53
110000199,65,101,-36
110000200,1093,416,677
110000201,678,822,-144
110000202,959,540,419
110000203,686,667,19
110000204,6,222,-216
110000205,82,48,34
110000206,498,1108,-610
110000207,610,335,275
110000208,152,154,-2
110000209,141,667,-526
110000210,778,637,141
110000211,609,754,-145
110000212,382,865,-483
110000213,132,105,27
110000214,199,123,76
110000215,158,299,-141
110000216,70,333,-263
110000217,260,186,74
110000218,127,290,-163
110000219,271,58,213
110000220,70,231,-161
110000221,232,69,163
110000222,58,204,-146
110000223,11,186,-175
110000224,145,9,136
110000225,195,537,-342
110000226,193,57,136
110000227,536,578,-42
110000228,268,396,-128
110000229,2,220,-218
110000230,424,655,-231
110000231,142,199,-57
110000232,161,145,16
110000233,154,198,-44
110000234,562,310,252
110000235,767,803,-36
110000236,522,814,-292
110000237,1622,985,637
110000238,1029,1313,-284
110000239,1702,1062,640
110000240,1,59,-58
110000242,0,12,-12
110000243,111,137,-26
110000244,98,255,-157
110000245,44,306,-262
110000246,778,502,276
110000247,1175,4141,-2966
110000248,2331,1552,779
110000249,70,9,61
110000250,50,181,-131
110000251,302,600,-298
110000252,185,205,-20
110000253,1181,618,563
110000254,698,1207,-509
110000255,243,826,-583
110000256,457,277,180
110000257,625,370,255
110000258,7,377,-370
110000259,108,24,84
110000260,17,238,-221
110000263,717,111,606
110000264,277,381,-104
110000265,831,1440,-609
110000266,1737,2410,-673
110000267,26,143,-117
110000268,207,311,-104
110000269,8,45,-37
110000270,43,0,43
110000271,1277,214,1063
110000272,950,821,129
110000273,3131,1261,1870
110000274,170,1224,-1054
110000275,1652,472,1180
110000276,229,304,-75
110000277,238,320,-82
110000278,252,627,-375
110000279,706,657,49
110000280,308,370,-62
110000281,20,270,-250
110000282,251,32,219
110000283,72,85,-13
110000284,57,30,27
110000285,4,358,-354
110000286,12,0,12
110000287,41,3,38
110000288,3,65,-62
110000289,370,1239,-869
110000290,986,546,440
110000291,4104,1174,2930
110000292,1210,3639,-2429
110000293,548,643,-95
110000294,783,955,-172
110000295,105,687,-582
110000296,373,263,110
110000297,2467,292,2175
110000298,354,545,-191
110000299,579,84,495
110000301,237,27,210
110000302,332,874,-542
110000303,299,4,295
110000304,160,249,-89
110000305,942,20,922
110000306,123,1119,-996
110000307,1288,2,1286
110000308,477,7,470
110000309,6,639,-633
110000310,512,67,445
110000311,22,549,-527
110000312,466,60,406
110000313,2868,3561,-693
110000314,1,333,-332
110000315,2713,1899,814
110000316,527,1081,-554
110000317,474,304,170
110000318,5,79,-74
110000319,15,20,-5
110000320,57,52,5
110000321,11,33,-22
110000322,299,318,-19
110000323,372,178,194
110000324,3068,1354,1714
110000325,2440,2383,57
110000327,384,189,195
110000328,211,349,-138
110000333,690,529,161
110000334,699,1154,-455
110000335,656,477,179
110000336,552,948,-396
110000337,1008,532,476
110000338,361,219,142
110000339,315,227,88
110000340,59,171,-112
110000341,404,507,-103
110000342,411,0,411
110000343,1,24,-23
110000344,131,142,-11
110000345,203,85,118
110000346,2022,1722,300
110000347,940,724,216
110000348,52,28,24
110000349,20,15,5
110000350,33,1,32
110000351,712,680,32
110000352,532,1226,-694
110000353,2136,705,1431
110000354,913,2192,-1279
110000355,78,83,-5
110000356,451,4,447
110000357,355,17,338
110000361,19,61,-42
110000362,32,25,7
110000363,238,128,110
110000364,147,301,-154
110000365,116,1,115
110000366,0,77,-77
110000367,315,135,180
110000368,0,46,-46
110000369,51,4,47
110000373,7,201,-194
110000374,148,4,144
110000375,79,885,-806
110000376,35,127,-92
110000377,56,436,-380
110000378,16,289,-273
110000379,2468,1425,1043
110000380,36,10,26
110000383,2,1116,-1114
110000384,2960,1001,1959
110000385,1,134,-133
110000387,41,13,28
110000388,41,180,-139
110000389,549,4,545
110000391,459,241,218
110000396,138,120,18
110000397,132,150,-18
110000398,9,44,-35
110000399,174,6,168
110000587,80,48,32
110000589,191,188,3
110000640,282,72,210
110000652,22,98,-76
110000653,316,482,-166
110000654,128,85,43
110000656,2,556,-554
110000674,12,8,4
110000675,26,8,18
110000676,19,23,-4
110000679,485,1005,-520
110000682,107,155,-48
110000683,252,469,-217
110000684,2,30,-28
110000685,7,7,0
110000686,0,26,-26
110000687,31,1,30
110000688,53,627,-574
110000689,34,33,1
110000692,154,136,18
110000693,122,206,-84
110000694,0,165,-165
110000695,198,554,-356
110000696,83,83,0
110000698,45,737,-692
110000699,154,384,-230
110900001,226,5,221
110900002,211,152,59
110900003,563,568,-5
110900004,297,139,158
110900005,2357,1496,861
110900006,52,13,39
110900007,103,16,87
110900008,15,76,-61
110900009,333,82,251
110900010,7,74,-67
110900011,9,57,-48
110900012,10,89,-79
110900013,734,93,641
110900014,283,34,249
110900015,438,415,23
110900016,28,132,-104
110900017,306,21,285
110900018,272,39,233
110900019,182,19,163
110900020,64,312,-248
110900021,59,434,-375
110900022,66,258,-192
110900023,60,329,-269
110900024,17,341,-324
110900025,5,43,-38
110900027,37,143,-106
110900028,33,122,-89
110900029,22,255,-233
110900030,41,205,-164
110900031,12,120,-108
110900032,0,74,-74
110900033,39,163,-124
110900035,15,453,-438
110900036,68,21,47
110900037,45,16,29
110900038,698,130,568
110900039,3,175,-172
110900040,149,21,128
110900041,6,110,-104
110900042,68,40,28
110900043,2,132,-130
110900044,161,15,146
110900045,34,347,-313
110900046,54,266,-212
110900047,316,157,159
110900049,47,61,-14
110900050,17,6,11
110900052,5,162,-157
110900053,68,21,47
110900054,49,174,-125
110900055,24,3,21
110900056,41,94,-53
110900057,10,208,-198
110900058,151,118,33
110900059,538,468,70
110900060,426,86,340
110900061,24,37,-13
110900062,99,179,-80
110900063,41,91,-50
110900064,7,1,6
110900065,432,116,316
110900066,3,53,-50
110900067,205,420,-215
110900068,189,204,-15
110900069,8,35,-27
110900070,111,57,54
110900071,191,318,-127
110900073,0,30,-30
110900074,262,90,172
110900075,258,70,188
110900077,572,468,104
110900078,14,54,-40
110900079,2312,964,1348
110900080,94,47,47
110900081,9,63,-54
110900082,117,107,10
110900083,111,33,78
110900084,30,118,-88
110900085,32,264,-232
110900086,37,191,-154
110900087,247,53,194
110900088,12,0,12
110900090,9,28,-19
110900091,0,39,-39
110900093,127,56,71
110900095,35,35,0
110900097,7,33,-26
110900098,27,76,-49
110900099,28,298,-270
110900100,0,21,-21
110900102,105,24,81
110900105,362,249,113
110900108,15,56,-41
110900111,270,106,164
110900112,590,8,582
110900113,419,43,376
110900115,9,39,-30
110900116,511,1436,-925
110900118,119,2311,-2192
110900119,3409,341,3068
110900120,15,68,-53
110900121,102,0,102
110900122,266,154,112
110900125,285,358,-73
110900127,460,877,-417
110900128,365,467,-102
110900129,283,650,-367
110900130,1159,571,588
110900131,159,29,130
110900132,217,38,179
110900133,43,156,-113
110900135,51,238,-187
110900136,271,9,262
110900138,0,0,0
110900139,5,0,5
110900140,0,0,0
110900141,244,88,156
110900142,45,147,-102
110900143,99,49,50
110900144,5,669,-664
110900145,105,25,80
110900146,223,81,142
110900147,114,259,-145
110900148,7,236,-229
110900149,1,67,-66
110900150,17,18,-1
110900151,8,55,-47
110900152,26,199,-173
110900153,104,36,68
111000001,641,562,79
111000002,841,736,105
111000003,1025,644,381
111000004,465,1054,-589
111000005,1333,1115,218
111000006,926,1792,-866
111000007,3683,2776,907
111000008,2634,3369,-735
111000009,409,734,-325
111000010,721,258,463
111000011,522,1019,-497
111000012,736,392,344
111000013,407,987,-580
111000014,1217,621,596
111000017,105,699,-594
111000018,234,371,-137
111000020,881,2368,-1487
111000021,63,85,-22
111000023,64,103,-39
111000025,4243,3299,944
111000029,69,98,-29
111000030,49,101,-52
111000031,1731,1191,540
111000032,521,342,179
111000033,287,320,-33
111000034,253,248,5
111000037,1726,1375,351
111000038,3476,2353,1123
111000039,1719,2050,-331
111000040,1753,2490,-737
111000041,2016,1820,196
111000042,3493,2610,883
111000043,1426,2598,-1172
111000044,1469,952,517
111000045,1662,1773,-111
111000046,1149,1429,-280
111000047,1764,3388,-1624
111000049,512,456,56
111000050,1542,1409,133
111000051,482,1241,-759
111000052,603,1908,-1305
111000053,324,828,-504
111000054,306,851,-545
111000055,1035,1977,-942
111000056,149,507,-358
111000057,53,573,-520
111000058,298,59,239
111000059,434,264,170
111000060,2912,843,2069
111000061,370,317,53
111000062,617,360,257
111000063,1654,947,707
111000064,509,544,-35
111000065,917,874,43
111000066,364,403,-39
111000067,548,672,-124
111000068,604,1166,-562
111000069,1597,1904,-307
111000070,1298,1035,263
111000071,283,606,-323
111000072,978,413,565
111000073,251,872,-621
111000074,1310,1433,-123
111000075,1126,619,507
111000076,434,517,-83
111000077,1809,1966,-157
111000078,2785,1667,1118
111000079,1268,739,529
111000080,482,679,-197
111000081,1429,3805,-2376
111000082,498,669,-171
111000084,701,476,225
111000085,1157,1478,-321
111000086,2287,1157,1130
111000087,706,717,-11
111000088,4136,2067,2069
111000089,732,834,-102
111000090,821,1299,-478
111000091,874,618,256
111000092,1011,1046,-35
111000093,567,1054,-487
111000094,1734,1117,617
111000095,608,2256,-1648
111000096,1684,6852,-5168
111000097,4183,1618,2565
111000098,794,1090,-296
111000099,539,1635,-1096
111000100,363,1557,-1194
111000101,374,648,-274
111000102,194,473,-279
111000104,584,195,389
111000107,120,636,-516
111000109,502,235,267
111000110,1268,741,527
111000111,1755,532,1223
111000112,1417,581,836
111000113,777,1365,-588
111000114,2340,3342,-1002
111000115,5591,1190,4401
111000116,789,984,-195
111000117,450,862,-412
111000118,1349,806,543
111000119,817,1099,-282
111000120,408,517,-109
111000121,232,597,-365
111000122,623,987,-364
111000123,1018,2591,-1573
111000124,406,2564,-2158
111000125,196,1425,-1229
111000126,88,924,-836
111000127,779,162,617
111000128,1465,286,1179
111000129,2333,371,1962
111000130,1495,658,837
111000131,1148,510,638
111000132,924,599,325
111000133,171,140,31
111000134,153,148,5
111000135,37,120,-83
111000136,338,305,33
111000138,21,25,-4
111000140,1,2,-1
111000141,234,256,-22
111000142,17,87,-70
111000143,9,101,-92
111000144,60,236,-176
111000145,2210,25,2185
111000146,158,16,142
111000147,310,38,272
111000148,129,56,73
111000149,1,43,-42
111000150,18,19,-1
111000151,5,34,-29
111000153,565,673,-108
111000154,843,189,654
111000155,87,147,-60
111000156,368,460,-92
111000157,234,720,-486
111000158,858,635,223
111000159,2105,623,1482
111000160,322,309,13
111000161,18,236,-218
111000162,132,162,-30
111000163,709,886,-177
111000164,593,3406,-2813
111000165,1112,449,663
111000166,2216,438,1778
111000167,176,458,-282
111000168,206,414,-208
111000169,327,681,-354
111000170,530,447,83
111000171,449,669,-220
111000172,171,514,-343
111000173,410,991,-581
111000174,160,364,-204
111000175,71,245,-174
111000176,217,170,47
111000177,303,242,61
111000178,1169,305,864
111000179,226,172,54
111000180,220,465,-245
111000181,645,230,415
111000182,155,223,-68
111000183,253,354,-101
111000184,343,230,113
111000185,291,491,-200
111000186,259,243,16
111000187,124,210,-86
111000188,155,400,-245
111000189,1144,600,544
111000190,204,418,-214
111000191,191,347,-156
111000192,168,588,-420
111000193,342,347,-5
111000194,40,366,-326
111000195,169,324,-155
111000196,41,256,-215
111000197,303,131,172
111000198,499,128,371
111000199,161,162,-1
111000200,294,382,-88
111000201,412,225,187
111000202,218,198,20
111000203,286,200,86
111000204,477,814,-337
111000213,199,498,-299
111000214,1609,1524,85
111000215,1065,1447,-382
111000217,1136,750,386
111000218,1086,981,105
111000219,428,225,203
111000220,1877,553,1324
111000221,769,85,684
111000224,145,374,-229
111000225,325,311,14
111000226,166,2,164
111000227,32,6,26
111000228,16,235,-219
111000229,39,622,-583
111000230,250,383,-133
111000231,883,896,-13
111000232,439,858,-419
111000233,618,756,-138
111000234,142,348,-206
111000239,101,164,-63
111000240,49,174,-125
111000241,27,326,-299
111000242,108,57,51
111000243,98,590,-492
111000244,386,100,286
111000245,912,570,342
111000246,411,431,-20
111000247,231,924,-693
111000248,587,498,89
111000249,469,728,-259
111000250,55,79,-24
111000251,44,83,-39
111000253,6,11,-5
111000255,34,10,24
111000257,29,14,15
111000260,77,864,-787
111000261,1031,109,922
111000271,69,270,-201
111000273,3823,1691,2132
111000274,993,2011,-1018
111000275,119,61,58
111000276,288,1903,-1615
111000277,299,397,-98
111000278,461,218,243
111000291,771,4145,-3374
111000298,414,294,120
111000299,576,112,464
111000300,80,484,-404
111000302,251,95,156
111000303,89,214,-125
111000312,42,80,-38
111000315,21,170,-149
111000320,351,604,-253
111000321,288,91,197
111000322,330,458,-128
111000323,169,17,152
111000324,280,237,43
111000325,43,66,-23
111000326,152,368,-216
111000327,394,443,-49
111000328,231,571,-340
111000329,1,48,-47
111000330,76,7,69
111000331,15,4,11
111000332,387,1259,-872
111000334,363,1330,-967
111000335,783,277,506
111000337,1088,417,671
111000338,86,117,-31
111000339,429,361,68
111000340,94,530,-436
111000341,1087,736,351
111000342,468,607,-139
111000344,801,656,145
111000345,329,52,277
111000346,33,108,-75
111000347,98,12,86
111000350,174,123,51
111000351,135,272,-137
111000352,130,78,52
111000353,91,220,-129
111000354,409,87,322
111000355,289,442,-153
111000358,120,1162,-1042
111000360,156,627,-471
111000361,112,295,-183
111000546,716,528,188
111000547,265,404,-139
111000548,90,236,-146
111000549,229,275,-46
111000550,143,684,-541
111000551,719,182,537
111000552,2791,146,2645
111000907,491,20,471
111000908,26,0,26
111000916,1538,361,1177
111000917,36,385,-349
111000918,180,759,-579
111000920,445,24,421
111000921,7,217,-210
111000922,359,261,98
111000924,39,739,-700
111000925,1843,1980,-137
111000926,1003,1981,-978
111000927,2588,4688,-2100
111000928,4301,3940,361
111000929,917,1145,-228
111000930,697,2399,-1702
111000931,1559,2264,-705
111000932,3784,2348,1436
111000933,3204,1946,1258
111000934,1986,3247,-1261
111000935,1189,950,239
111000936,966,2020,-1054
111000937,865,1351,-486
111000938,1425,1894,-469
111000939,360,29,331
111000940,315,159,156
111000941,294,408,-114
111000943,354,246,108
111000944,145,318,-173
111000945,87,1515,-1428
111001109,399,227,172
111001110,132,531,-399
111001111,84,12,72
111001112,117,3,114
111001113,1,191,-190
111001114,992,93,899
111001115,111,323,-212
111001116,5013,3365,1648
111001117,780,2715,-1935
111001120,104,234,-130
111001121,193,294,-101
111001122,255,551,-296
111001123,236,162,74
111001124,117,214,-97
111001125,2,105,-103
111001126,6,0,6
111001127,1,46,-45
111001128,579,559,20
111001129,0,179,-179
111900001,2,183,-181
111900002,1,654,-653
111900003,0,313,-313
111900004,29,81,-52
111900006,6,23,-17
111900007,50,0,50
111900008,103,2,101
111900009,66,1,65
111900010,356,379,-23
111900012,53,83,-30
111900013,5,20,-15
111900014,4961,2801,2160
111900015,0,84,-84
111900016,0,128,-128
111900017,1,126,-125
111900018,206,4,202
111900019,2,80,-78
111900020,9,34,-25
111900021,45,95,-50
111900022,7,68,-61
111900023,66,73,-7
111900024,199,204,-5
111900025,0,48,-48
111900026,0,84,-84
111900027,2,123,-121
111900028,2,336,-334
111900029,3,97,-94
111900030,42,226,-184
111900032,3,293,-290
111900033,9,69,-60
111900034,356,346,10
111900035,28,147,-119
111900036,0,300,-300
111900038,341,491,-150
111900039,24,298,-274
111900040,5,544,-539
111900042,20,114,-94
111900043,9,378,-369
111900044,267,164,103
111900046,39,158,-119
111900048,157,619,-462
111900049,36,145,-109
111900050,61,30,31
111900051,1,210,-209
111900052,389,260,129
111900053,1175,856,319
111900054,81,4,77
111900055,12,313,-301
111900056,162,205,-43
111900057,80,83,-3
111900058,308,529,-221
111900059,1437,410,1027
111900060,285,0,285
111900061,6,192,-186
111900062,14,75,-61
111900063,292,182,110
111900064,127,281,-154
111900065,41,11,30
111900066,80,95,-15
111900067,0,338,-338
111900068,35,41,-6
111900069,29,31,-2
111900070,85,86,-1
111900071,0,168,-168
111900072,34,18,16
111900073,421,80,341
111900074,10,113,-103
111900075,57,4,53
111900076,143,52,91
111900077,20,2,18
111900078,162,16,146
111900079,28,31,-3
111900080,180,238,-58
111900082,158,19,139
111900083,92,11,81
111900084,69,11,58
111900085,31,73,-42
111900086,29,3,26
111900087,39,1,38
111900088,385,6,379
111900089,38,0,38
111900090,57,29,28
111900091,142,0,142
111900092,71,1,70
111900093,287,4,283
111900094,50,0,50
111900095,146,15,131
111900096,95,0,95
111900097,31,0,31
111900098,129,0,129
111900099,31,0,31
111900100,132,3,129
111900101,74,25,49
111900102,321,470,-149
111900103,53,50,3
111900104,104,48,56
111900105,208,115,93
111900106,754,40,714
111900110,1276,270,1006
111900111,107,11,96
111900112,455,1666,-1211
111900113,247,59,188
111900118,224,71,153
111900119,220,139,81
111900122,78,67,11
111900123,14,20,-6
111900124,24,103,-79
111900125,462,26,436
111900126,234,1,233
111900127,3,707,-704
111900128,3,469,-466
111900129,206,2,204
111900130,72,8,64
111900131,453,2,451
111900132,14,817,-803
111900133,31,279,-248
111900134,3,172,-169
111900135,5,27,-22
111900136,70,103,-33
111900137,67,44,23
111900138,13,82,-69
111900139,20,95,-75
111900140,98,17,81
111900141,59,11,48
111900142,74,41,33
111900143,10,56,-46
111900144,0,77,-77
111900145,0,402,-402
111900146,0,183,-183
111900147,136,385,-249
111900148,19,584,-565
111900149,8,273,-265
111900150,10,138,-128
111900151,3,18,-15
111900152,68,74,-6
111900153,1525,318,1207
111900154,5,135,-130
111900155,30,49,-19
111900156,16,45,-29
111900157,43,13,30
111900158,443,30,413
111900159,209,11,198
111900160,196,0,196
111900161,97,0,97
111900162,58,129,-71
111900163,29,126,-97
111900164,54,52,2
111901113,317,246,71
111901114,84,224,-140
111901115,94,1,93
111901116,15,0,15
111901117,10,15,-5
111901118,47,96,-49
111901119,705,20,685
111901121,169,167,2
111901122,4,462,-458
111901123,96,313,-217
111901124,79,1,78
111901125,324,228,96
111901127,358,169,189
111901128,6,31,-25
111901129,0,66,-66
111901130,2,114,-112
111901131,2,288,-286
111901132,221,26,195
111901133,36,1,35
111901134,30,2,28
111901135,13,9,4
111901138,224,31,193
111901139,10,24,-14
111901140,2,67,-65
111901141,2,80,-78
111901142,5,58,-53
111901143,5,76,-71
111901144,37,39,-2
111901145,108,192,-84
111901146,427,22,405
111901147,510,9,501
111901148,25,26,-1
111901149,11,4,7
111901150,32,0,32
111901151,0,0,0
111901152,9,19,-10
112000001,1330,617,713
112000002,672,2153,-1481
112000003,928,725,203
112000004,559,948,-389
112000005,2487,2748,-261
112000006,2333,1660,673
112000007,1985,1519,466
112000008,2131,3498,-1367
112000009,3181,3529,-348
112000010,2274,2484,-210
112000011,1619,1691,-72
112000012,3542,2473,1069
112000013,5686,2400,3286
112000014,3532,857,2675
112000015,5111,2419,2692
112000016,4126,747,3379
112000017,2240,1191,1049
112000024,2405,866,1539
112000026,3864,4967,-1103
112000027,870,674,196
112000028,1854,1508,346
112000029,368,569,-201
112000030,202,79,123
112000031,1233,3319,-2086
112000032,405,49,356
112000033,1917,1087,830
112000034,376,34,342
112000035,97,181,-84
112000036,886,554,332
112000037,819,504,315
112000038,1009,586,423
112000039,80,81,-1
112000040,110,255,-145
112000041,534,455,79
112000042,941,322,619
112000050,1153,1552,-399
112000051,841,931,-90
112000054,1395,1668,-273
112000057,294,273,21
112000058,302,428,-126
112000059,427,670,-243
112000061,3055,1992,1063
112000062,1534,492,1042
112000063,1143,1211,-68
112000064,4252,5490,-1238
112000065,2057,2228,-171
112000066,3459,1379,2080
112000067,834,653,181
112000068,2957,2246,711
112000069,866,1572,-706
112000070,2276,828,1448
112000071,1011,2233,-1222
112000072,1733,853,880
112000073,1351,1767,-416
112000074,1348,885,463
112000075,1263,1030,233
112000076,2841,2361,480
112000077,536,514,22
112000078,1468,563,905
112000079,1101,1219,-118
112000080,659,740,-81
112000081,1559,2037,-478
112000082,1334,754,580
112000083,604,1160,-556
112000084,1074,786,288
112000085,1088,989,99
112000086,1570,1264,306
112000087,410,614,-204
112000088,616,503,113
112000089,184,312,-128
112000090,248,220,28
112000091,621,1141,-520
112000092,1442,1181,261
112000093,1540,912,628
112000094,543,905,-362
112000095,626,986,-360
112000096,380,694,-314
112000097,951,515,436
112000098,741,1020,-279
112000099,592,1106,-514
112000100,1327,798,529
112000101,471,964,-493
112000102,989,551,438
112000103,384,1009,-625
112000105,715,1770,-1055
112000106,1443,526,917
112000107,93,200,-107
112000108,298,1616,-1318
112000109,172,119,53
112000110,1710,611,1099
112000111,1110,2534,-1424
112000112,3108,573,2535
112000113,794,1521,-727
112000114,1905,887,1018
112000115,413,453,-40
112000116,559,949,-390
112000117,1074,904,170
112000118,806,860,-54
112000119,425,789,-364
112000120,88,367,-279
112000121,86,405,-319
112000122,197,145,52
112000123,534,162,372
112000124,326,105,221
112000125,190,180,10
112000126,154,499,-345
112000127,1790,1485,305
112000128,725,397,328
112000129,121,101,20
112000130,137,61,76
112000131,57,298,-241
112000132,147,233,-86
112000133,275,175,100
112000134,305,305,0
112000135,1024,694,330
112000136,1027,1142,-115
112000137,1622,1226,396
112000138,1735,1089,646
112000139,972,535,437
112000140,1004,1113,-109
112000141,793,319,474
112000142,174,650,-476
112000143,864,268,596
112000144,277,1269,-992
112000145,1995,624,1371
112000146,534,2066,-1532
112000147,2250,1699,551
112000148,1692,2285,-593
112000149,396,557,-161
112000150,363,590,-227
112000151,350,340,10
112000152,227,384,-157
112000153,220,245,-25
112000154,89,218,-129
112000155,82,64,18
112000157,620,454,166
112000158,284,449,-165
112000159,387,399,-12
112000167,315,77,238
112000169,279,321,-42
112000173,492,142,350
112000175,382,355,27
112000176,3004,1821,1183
112000177,488,131,357
112000178,90,269,-179
112000179,169,101,68
112000180,216,332,-116
112000181,1170,1880,-710
112000182,808,1575,-767
112000183,52,69,-17
112000184,276,319,-43
112000185,399,495,-96
112000187,3123,1762,1361
112000195,94,24,70
112000196,115,1,114
112000197,87,68,19
112000198,19,249,-230
112000199,999,887,112
112000202,264,1,263
112000216,58,279,-221
112000230,51,4,47
112000231,2,202,-200
112000256,65,147,-82
112000313,83,105,-22
112000314,41,31,10
112000337,242,561,-319
112000352,341,291,50
112000392,1334,1179,155
112000398,954,736,218
112000399,1856,1825,31
112000400,1520,2981,-1461
112000401,2492,2042,450
112000402,2380,2296,84
112000403,1406,2286,-880
112000404,1096,630,466
112000405,1587,2221,-634
112000406,3296,2539,757
112000407,5318,6409,-1091
112000408,7293,6508,785
112000409,1522,4484,-2962
112000410,316,192,124
112000411,3214,961,2253
112000412,1421,470,951
112000413,7542,4271,3271
112000414,95,78,17
112000415,105,37,68
112000416,1981,1223,758
112000417,218,67,151
112000421,29,105,-76
112000422,318,309,9
112000424,2114,2060,54
112000425,134,366,-232
112000426,107,307,-200
112000427,1,15,-14
112000428,235,353,-118
112000429,1836,2422,-586
112000430,1741,2575,-834
112000431,79,109,-30
112000432,661,1745,-1084
112000433,477,634,-157
112000437,48,176,-128
112900001,49,0,49
112900002,277,967,-690
112900003,65,367,-302
112900004,31,218,-187
112900005,149,216,-67
112900007,22,171,-149
112900008,0,8,-8
112900009,248,72,176
112900010,312,827,-515
112900011,188,186,2
112900012,0,57,-57
112900013,4,113,-109
112900014,7,235,-228
112900015,297,664,-367
112900016,4,189,-185
112900017,31,154,-123
112900018,188,743,-555
112900019,27,163,-136
112900020,300,999,-699
112900021,3,153,-150
112900022,5,66,-61
112900023,0,191,-191
112900024,19,127,-108
112900025,57,251,-194
112900026,2,247,-245
112900027,5,1101,-1096
112900028,9,60,-51
112900029,13,594,-581
112900030,149,157,-8
112900031,6,444,-438
112900032,170,251,-81
112900034,4,42,-38
112900035,10,387,-377
112900036,53,136,-83
112900037,115,215,-100
112900038,467,121,346
112900039,15,274,-259
112900040,5,253,-248
112900041,782,900,-118
112900042,46,241,-195
112900043,17,36,-19
112900044,475,384,91
112900045,299,273,26
112900046,177,41,136
112900047,12,28,-16
112900049,176,63,113
112900050,22,419,-397
112900051,216,384,-168
112900052,14,668,-654
112900053,144,54,90
112900054,145,47,98
112900055,80,15,65
112900056,272,156,116
112900057,39,484,-445
112900058,232,262,-30
112900059,90,108,-18
112900060,10,146,-136
112900061,89,107,-18
112900062,72,119,-47
112900063,132,15,117
112900064,145,154,-9
112900065,47,15,32
112900066,159,140,19
112900067,346,157,189
112900068,43,30,13
112900069,1533,736,797
112900071,16,4,12
112900072,178,1246,-1068
112900073,326,76,250
112900074,71,222,-151
112900075,1299,775,524
112900076,72,25,47
112900078,290,323,-33
112900079,204,33,171
112900080,26,2,24
112900081,26,144,-118
112900082,295,23,272
112900083,100,124,-24
112900084,159,87,72
112900086,49,0,49
112900087,431,96,335
112900088,78,15,63
112900089,499,13,486
112900090,35,32,3
112900091,196,4,192
112900092,113,202,-89
112900093,858,13,845
112900095,25,0,25
112900096,317,116,201
112900097,62,272,-210
112900098,48,5,43
112900099,769,7,762
112900100,63,1,62
112900101,441,1,440
112900102,133,4,129
112900103,166,2,164
112900104,534,2,532
112900105,14,0,14
112900106,334,90,244
112900107,2,1,1
112900108,27,1,26
112900109,87,0,87
112900110,926,10,916
112900111,515,1,514
112900112,292,1,291
112900113,0,25,-25
112900114,107,21,86
112900115,842,1,841
112900116,149,2,147
112900117,148,88,60
112900118,34,87,-53
112900119,157,3,154
112900120,698,209,489
112900121,211,168,43
112900122,8,67,-59
112900123,89,17,72
112900124,15,86,-71
112900125,28,335,-307
112900126,166,203,-37
112900127,313,64,249
112900128,333,657,-324
112900129,4,749,-745
112900130,230,66,164
112900131,44,211,-167
112900132,62,402,-340
112900133,17,855,-838
112900134,1,212,-211
112900135,69,25,44
112900137,2,561,-559
112900138,5,247,-242
112900139,180,973,-793
112900141,487,27,460
112900142,73,109,-36
112900143,42,494,-452
112900144,10,840,-830
112900145,44,412,-368
112900146,7,1055,-1048
112900147,3,1673,-1670
112900148,72,3,69
112900149,162,387,-225
112900151,19,50,-31
112900152,3607,881,2726
112900153,1781,1674,107
112900154,2,115,-113
112900155,130,11,119
112900156,426,1103,-677
112900157,185,86,99
112900158,33,10,23
112900159,106,72,34
112900160,72,206,-134
112900161,106,25,81
112900162,30,13,17
112900163,94,49,45
112900164,22,215,-193
112900165,132,13,119
112900166,5,47,-42
112900167,4,44,-40
112900168,0,1,-1
112900169,14,5,9
112900170,77,92,-15
112900172,54,13,41
112900173,185,78,107
112900174,198,40,158
112900175,152,94,58
112900176,16,21,-5
112900177,299,51,248
112900178,641,1910,-1269
112900179,38,343,-305
112900180,1288,1306,-18
112900181,378,16,362
112900182,50,1025,-975
112900183,134,231,-97
112900184,397,294,103
112900185,203,384,-181
112900186,1081,689,392
112900187,58,385,-327
112900188,752,201,551
112900189,4,32,-28
112900190,8,68,-60
112900192,461,437,24
112900193,808,245,563
112900194,26,80,-54
112900195,620,32,588
112900196,191,302,-111
112900197,151,347,-196
112900199,273,279,-6
112900200,403,212,191
112900201,87,94,-7
112900202,281,743,-462
112900203,218,210,8
112900204,833,520,313
112900205,5,8,-3
112900206,25,94,-69
112900207,16,0,16
112900208,74,244,-170
112900209,460,362,98
112900210,1,37,-36
112900211,71,22,49
112900212,0,143,-143
112900213,49,4,45
112900214,31,17,14
112900215,10,126,-116
112900216,33,77,-44
112900217,0,54,-54
112900218,66,2,64
112900219,58,14,44
112900220,1,0,1
112900221,8,110,-102
112900222,1,17,-16
112900223,697,12,685
112900224,191,391,-200
112900225,290,341,-51
112900226,126,264,-138
112900227,298,608,-310
112900228,50,33,17
112900229,145,54,91
112900230,5465,3244,2221
112900232,165,181,-16
112900233,74,121,-47
112900234,5,89,-84
112900235,79,14,65
112900236,164,8,156
112900237,212,361,-149
112900238,4,52,-48
112900239,872,281,591
112900240,1,91,-90
112900241,26,108,-82
112900242,1,113,-112
112900243,14,158,-144
112900244,5,83,-78
112900245,0,37,-37
112900246,0,2,-2
112900247,117,33,84
112900248,15,1,14
112900249,35,10,25
112900250,73,25,48
112900251,52,10,42
112900252,46,22,24
112900253,24,8,16
112900254,13,9,4
112900255,3,18,-15
112900256,8,26,-18
112900257,14,28,-14
112900258,18,27,-9
113000001,4298,4719,-421
113000002,3009,3257,-248
113000003,1603,1806,-203
113000004,1647,2188,-541
113000005,1290,885,405
113000006,977,1241,-264
113000007,1519,1029,490
113000008,1462,1526,-64
113000009,803,808,-5
113000010,1005,1259,-254
113000011,587,1382,-795
113000012,1263,609,654
113000013,1310,565,745
113000014,1533,1080,453
113000015,564,181,383
113000016,294,463,-169
113000017,55,262,-207
113000018,483,63,420
113000019,190,257,-67
113000020,560,49,511
113000021,1159,604,555
113000022,478,948,-470
113000025,167,382,-215
113000026,417,395,22
113000027,613,401,212
113000028,665,331,334
113000029,549,720,-171
113000030,351,608,-257
113000031,268,291,-23
113000032,231,317,-86
113000033,262,359,-97
113000034,314,387,-73
113000035,14,26,-12
113000036,10,53,-43
113000037,56,25,31
113000038,7,28,-21
113000039,91,443,-352
113000040,84,67,17
113000042,632,599,33
113000051,715,2297,-1582
113000052,1743,824,919
113000053,306,333,-27
113000054,296,739,-443
113000055,1068,640,428
113000056,653,981,-328
113000058,684,845,-161
113000059,1000,596,404
113000060,185,431,-246
113000061,500,818,-318
113000062,793,178,615
113000063,141,108,33
113000064,41,312,-271
113000065,158,785,-627
113000066,524,141,383
113000067,1705,1270,435
113000068,391,1304,-913
113000069,555,1053,-498
113000070,2159,1014,1145
113000071,332,536,-204
113000072,679,460,219
113000073,374,1264,-890
113000074,903,343,560
113000075,1536,609,927
113000076,605,1619,-1014
113000077,1074,566,508
113000078,703,1908,-1205
113000079,857,670,187
113000080,614,538,76
113000081,625,688,-63
113000082,977,707,270
113000083,461,923,-462
113000084,1389,1194,195
113000085,809,722,87
113000086,1018,1178,-160
113000087,826,808,18
113000088,1831,1237,594
113000089,721,1306,-585
113000090,184,567,-383
113000091,474,345,129
113000094,902,185,717
113000095,219,736,-517
113000096,155,759,-604
113000097,966,376,590
113000098,84,42,42
113000099,913,316,597
113000100,176,412,-236
113000101,307,491,-184
113000102,535,364,171
113000103,2022,547,1475
113000104,313,1809,-1496
113000105,590,394,196
113000106,329,459,-130
113000107,717,722,-5
113000108,724,1234,-510
113000109,540,1891,-1351
113000110,1180,380,800
113000111,199,537,-338
113000112,301,327,-26
113000113,1121,436,685
113000114,313,1209,-896
113000116,591,283,308
113000117,673,130,543
113000118,93,421,-328
113000119,327,237,90
113000120,91,238,-147
113000121,575,594,-19
113000124,207,130,77
113000125,41,605,-564
113000127,2576,388,2188
113000128,361,399,-38
113000129,378,795,-417
113000133,2512,1542,970
113000134,10,1048,-1038
113000135,3898,4469,-571
113000137,1720,2621,-901
113000139,295,166,129
113000140,115,232,-117
113000141,200,170,30
113000142,600,882,-282
113000143,235,214,21
113000144,363,548,-185
113000145,28,131,-103
113000146,137,65,72
113000147,150,115,35
113000148,114,97,17
113000149,90,94,-4
113000150,416,316,100
113000151,73,55,18
113000152,12,73,-61
113000153,1328,471,857
113000154,619,1320,-701
113000155,305,428,-123
113000156,133,424,-291
113000157,315,889,-574
113000158,642,262,380
113000159,755,700,55
113000160,742,1046,-304
113000161,223,407,-184
113000162,564,363,201
113000163,97,48,49
113000164,36,86,-50
113000166,119,86,33
113000167,35,104,-69
113000168,93,148,-55
113000169,134,58,76
113000170,94,112,-18
113000171,62,115,-53
113000172,239,78,161
113000173,50,31,19
113000174,108,527,-419
113000175,460,134,326
113000176,583,180,403
113000177,201,520,-319
113000178,216,353,-137
113000179,356,188,168
113000180,608,1112,-504
113000181,1136,847,289
113000182,158,381,-223
113000183,165,501,-336
113000184,22,110,-88
113000189,566,731,-165
113000190,1020,446,574
113000192,1603,1381,222
113000193,3727,1138,2589
113000194,1629,967,662
113000195,2069,616,1453
113000196,269,66,203
113000197,1289,858,431
113000198,62,277,-215
113000199,1003,260,743
113000201,465,188,277
113000202,2661,1419,1242
113000203,255,151,104
113000204,1454,1452,2
113000205,22,28,-6
113000206,15,27,-12
113000207,67,24,43
113000208,37,33,4
113000209,16,17,-1
113000210,3,30,-27
113000211,256,251,5
113000212,137,31,106
113000213,31,123,-92
113000214,209,239,-30
113000234,176,857,-681
113000410,200,174,26
113000411,2382,3752,-1370
113000412,6672,2543,4129
113000413,2577,2661,-84
113000414,7298,11617,-4319
113000415,2082,2787,-705
113000416,7945,3738,4207
113000417,2342,2599,-257
113000418,3679,2638,1041
113000419,1314,1468,-154
113000420,3499,4671,-1172
113000421,3358,5305,-1947
113000422,11192,9999,1193
113000423,1785,4489,-2704
113000424,3019,8409,-5390
113000425,8,81,-73
113000428,85,34,51
113000430,16,67,-51
113000432,1993,160,1833
113000433,95,694,-599
113000434,40,157,-117
113000435,61,524,-463
113000436,45,1032,-987
113000437,840,23,817
113000438,171,23,148
113000439,26,109,-83
113000440,86,38,48
113000441,173,216,-43
113000442,123,190,-67
113000443,225,206,19
113000444,173,276,-103
113000445,95,87,8
113000446,52,103,-51
113000448,210,161,49
113000449,210,970,-760
113000450,413,2465,-2052
113000451,1155,187,968
113000452,326,526,-200
113000453,103,256,-153
113000454,1106,87,1019
113000455,80,176,-96
113000456,3411,2175,1236
113000468,1541,192,1349
113000469,87,47,40
113000470,398,43,355
113000471,15,370,-355
113000472,87,305,-218
113000474,508,562,-54
113000475,1643,1456,187
113000476,1632,1823,-191
113000477,2322,1889,433
113000478,3495,5236,-1741
113000479,44,200,-156
113000483,0,0,0
113000484,0,0,0
113000485,3,0,3
113000486,4,0,4
113000487,0,3,-3
113000488,1,0,1
113000489,0,1,-1
113000490,0,2,-2
113000491,3,4,-1
113000492,3,3,0
113000493,0,0,0
113000495,217,189,28
113000496,133,105,28
113900001,1,155,-154
113900002,1,53,-52
113900003,0,62,-62
113900004,2,27,-25
113900005,3,39,-36
113900006,1,28,-27
113900007,69,0,69
113900008,107,0,107
113900009,174,2,172
113900010,167,2,165
113900011,108,1,107
113900012,38,0,38
113900013,583,8,575
113900014,569,1,568
113900015,3,22,-19
113900016,14,1,13
113900017,0,34,-34
113900018,345,161,184
113900019,77,38,39
113900020,102,0,102
113900022,11,0,11
113900023,32,0,32
113900024,40,25,15
113900025,190,13,177
113900026,23,1,22
113900027,4,36,-32
113900028,11,413,-402
113900029,39,195,-156
113900030,176,0,176
113900031,5,1,4
113900032,33,0,33
113900033,81,48,33
113900035,35,0,35
113900036,10,67,-57
113900037,81,406,-325
113900038,64,109,-45
113900039,132,12,120
113900040,3,6,-3
113900041,6,2,4
113900042,70,51,19
113900043,123,62,61
113900044,370,232,138
113900045,50,2,48
113900046,189,472,-283
113900047,21,54,-33
113900048,184,60,124
113900049,583,268,315
113900050,161,234,-73
113900051,218,293,-75
113900052,124,124,0
113900053,539,380,159
113900054,8,0,8
113900055,49,304,-255
113900056,16,71,-55
113900057,7,43,-36
113900058,55,137,-82
113900059,189,268,-79
113900060,72,126,-54
113900061,820,190,630
113900062,52,2,50
113900063,42,67,-25
113900064,8,100,-92
113900065,528,13,515
113900066,229,289,-60
113900067,107,200,-93
113900068,459,312,147
113900069,16,13,3
113900070,164,465,-301
113900071,47,28,19
113900072,33,127,-94
113900073,159,337,-178
113900074,71,232,-161
113900075,1108,1058,50
113900076,93,11,82
113900077,48,175,-127
113900078,27,35,-8
113900079,0,26,-26
113900080,405,171,234
113900081,50,233,-183
113900082,74,160,-86
113900083,195,379,-184
113900084,233,105,128
113900085,52,278,-226
113900086,10,7,3
113900087,45,151,-106
113900088,41,75,-34
113900089,430,25,405
113900090,480,346,134
113900091,11,4,7
113900092,42,85,-43
113900093,64,501,-437
113900094,329,349,-20
113900095,115,99,16
113900096,133,33,100
113900097,32,56,-24
113900098,448,58,390
113900099,0,25,-25
113900100,0,4,-4
113900101,13,58,-45
113900102,92,116,-24
113900103,262,184,78
113900104,88,192,-104
113900105,69,225,-156
113900106,1,63,-62
113900107,0,14,-14
113900108,211,190,21
113900109,241,124,117
113900110,29,14,15
113900111,109,71,38
113900112,81,96,-15
113900113,750,395,355
113900114,0,81,-81
113900115,0,90,-90
113900116,88,110,-22
113900117,63,26,37
113900118,185,224,-39
113900119,240,497,-257
113900120,31,17,14
113900121,24,56,-32
113900122,261,1705,-1444
113900123,346,170,176
113900124,7,49,-42
113900125,671,131,540
113900126,112,52,60
113900127,210,441,-231
113900128,142,73,69
113900129,11,135,-124
113900130,2,21,-19
113900131,149,74,75
113900132,47,57,-10
113900133,14,81,-67
113900135,256,324,-68
113900136,67,63,4
113900137,334,236,98
113900138,37,106,-69
113900139,248,135,113
113900140,269,253,16
113900141,353,280,73
113900142,95,53,42
113900143,15,27,-12
113900144,209,168,41
113900145,279,131,148
113900146,126,50,76
113900148,124,295,-171
113900149,90,49,41
113900150,654,578,76
113900151,259,139,120
113900152,25,27,-2
113900153,360,607,-247
113900154,1,86,-85
113900155,153,105,48
113900156,220,343,-123
113900157,33,242,-209
113900158,252,281,-29
113900159,8,150,-142
113900160,517,399,118
113900161,20,153,-133
113900162,391,536,-145
113900163,223,251,-28
113900164,270,45,225
113900165,509,381,128
113900166,217,113,104
113900167,225,42,183
113900168,116,108,8
113900169,164,344,-180
113900171,182,55,127
113900172,10,142,-132
113900173,63,550,-487
113900174,303,481,-178
113900175,274,106,168
113900176,218,447,-229
113900177,305,161,144
113900178,235,113,122
113900179,28,371,-343
113900180,90,96,-6
113900181,450,110,340
113900182,557,785,-228
113900183,34,61,-27
113900184,20,456,-436
113900185,130,73,57
113900186,10,19,-9
113900187,27,136,-109
113900188,33,112,-79
113900189,229,68,161
113900190,204,114,90
113900191,69,176,-107
113900192,1683,1375,308
113900193,20,162,-142
113900194,1115,1089,26
113900195,267,300,-33
113900196,4,83,-79
113900197,0,154,-154
113900198,20,134,-114
113900199,79,598,-519
113900200,5,178,-173
113900201,1,164,-163
113900202,17,192,-175
113900203,17,112,-95
113900204,46,455,-409
113900205,5,110,-105
113900206,5,117,-112
113900207,0,34,-34
113900208,0,33,-33
113900209,0,41,-41
113900210,402,497,-95
113900211,160,67,93
113900212,127,346,-219
113900214,387,297,90
113900215,26,105,-79
113900216,118,793,-675
113900217,34,206,-172
113900218,138,57,81
113900219,76,214,-138
113900220,67,89,-22
113900221,278,150,128
113900222,1137,696,441
113900223,117,896,-779
113900224,66,58,8
113900225,367,225,142
113900226,269,91,178
113900227,305,187,118
113900228,229,283,-54
113900229,56,481,-425
113900230,3439,2273,1166
113900231,156,170,-14
113900232,80,94,-14
113900233,56,41,15
113900234,213,297,-84
113900235,44,21,23
113900236,69,246,-177
113900237,95,2,93
113900238,219,466,-247
113900239,45,76,-31
113900240,4,101,-97
113900241,113,22,91
113900242,73,96,-23
113900243,108,350,-242
113900244,351,166,185
113900245,1139,231,908
113900246,12,5,7
113900247,128,389,-261
113900248,2051,1398,653
113900249,804,345,459
113900250,38,118,-80
113900251,504,179,325
113900252,500,12,488
113900253,658,51,607
113900254,836,128,708
113900255,383,6,377
113900256,330,22,308
113900257,30,491,-461
113900258,22,467,-445
113900259,327,146,181
113900260,165,5,160
113900261,20,119,-99
113900262,184,413,-229
113900263,144,601,-457
113900264,8,417,-409
113900265,141,215,-74
113900266,32,156,-124
113900267,94,418,-324
113900268,209,327,-118
113900269,61,99,-38
113900270,302,501,-199
113900271,497,991,-494
113900273,48,25,23
113900274,71,33,38
113900275,19,63,-44
113900276,5,160,-155
113900277,120,1,119
113900278,216,118,98
113900279,109,100,9
113900280,1204,416,788
113900281,539,985,-446
113900282,531,333,198
113900283,301,404,-103
113900284,777,151,626
113900285,83,25,58
113900286,14,87,-73
113900287,36,20,16
113900288,1,119,-118
113900289,809,79,730
113900290,389,149,240
113900291,95,156,-61
113900292,14,2,12
113900293,13,213,-200
113900294,359,49,310
113900295,324,326,-2
113900296,777,193,584
113900297,1979,42,1937
113900298,32,1367,-1335
113900299,69,177,-108
113900300,2279,1367,912
113900301,552,181,371
113900302,2240,729,1511
113900303,386,363,23
113900304,0,119,-119
113900305,54,1,53
113900306,18,1,17
113900307,45,1,44
113900308,59,74,-15
113900309,3,739,-736
113900310,0,12,-12
113900311,5,0,5
113900312,125,149,-24
113900313,15,7,8
113900314,1,15,-14
113900315,42,3,39
114000001,822,2584,-1762
114000002,249,334,-85
114000003,205,802,-597
114000004,239,283,-44
114000005,251,199,52
114000006,2830,1963,867
114000007,585,1160,-575
114000008,1640,1638,2
114000009,624,211,413
114000011,2217,2499,-282
114000012,2057,1627,430
114000013,1335,1354,-19
114000014,705,408,297
114000015,1563,411,1152
114000016,213,309,-96
114000017,82,247,-165
114000018,205,43,162
114000026,1470,1147,323
114000027,2547,1797,750
114000028,2006,2208,-202
114000038,243,140,103
114000039,197,260,-63
114000040,79,197,-118
114000042,160,150,10
114000043,381,267,114
114000044,249,212,37
114000045,72,59,13
114000046,2934,4337,-1403
114000047,40,53,-13
114000048,133,153,-20
114000049,1439,1478,-39
114000050,1459,1999,-540
114000051,3159,1826,1333
114000052,3837,1304,2533
114000053,104,522,-418
114000054,200,759,-559
114000055,381,27,354
114000056,1187,665,522
114000057,5051,2038,3013
114000058,507,1272,-765
114000059,256,311,-55
114000060,597,790,-193
114000061,3061,2496,565
114000062,2318,1174,1144
114000063,3123,1624,1499
114000064,6016,3423,2593
114000065,1559,2118,-559
114000066,387,573,-186
114000067,16,550,-534
114000068,478,605,-127
114000069,752,433,319
114000070,2002,1503,499
114000071,597,396,201
114000072,339,232,107
114000073,18,60,-42
114000074,29,15,14
114000075,29,103,-74
114000076,11,92,-81
114000077,5,34,-29
114000078,274,551,-277
114000079,146,25,121
114000080,56,78,-22
114000081,86,101,-15
114000082,47,446,-399
114000083,61,215,-154
114000084,309,78,231
114000085,119,526,-407
114000086,177,400,-223
114000087,95,129,-34
114000088,53,37,16
114000089,821,386,435
114000090,681,628,53
114000091,1239,613,626
114000092,868,379,489
114000093,1103,620,483
114000094,446,318,128
114000095,169,94,75
114000096,136,357,-221
114000097,118,633,-515
114000098,425,101,324
114000099,533,625,-92
114000100,1087,582,505
114000101,358,876,-518
114000102,375,262,113
114000103,126,372,-246
114000104,11,209,-198
114000105,108,78,30
114000106,711,792,-81
114000107,317,123,194
114000108,2210,1209,1001
114000109,440,1160,-720
114000110,498,1424,-926
114000111,1193,541,652
114000112,487,2439,-1952
114000113,1329,341,988
114000114,1262,1755,-493
114000115,1779,859,920
114000116,642,1220,-578
114000117,2056,379,1677
114000118,1955,425,1530
114000119,1241,371,870
114000120,346,378,-32
114000121,385,634,-249
114000122,350,280,70
114000123,1388,253,1135
114000124,704,268,436
114000125,525,918,-393
114000126,1210,168,1042
114000127,174,149,25
114000128,823,408,415
114000130,447,475,-28
114000131,196,69,127
114000132,640,541,99
114000133,939,1079,-140
114000134,49,143,-94
114000138,43,177,-134
114000139,470,216,254
114000144,678,391,287
114000145,62,153,-91
114000146,101,212,-111
114000147,996,1431,-435
114000148,1990,1638,352
114000149,355,241,114
114000150,1961,1290,671
114000151,1358,1568,-210
114000152,158,35,123
114000153,1132,2097,-965
114000154,866,832,34
114000155,1108,1873,-765
114000156,741,420,321
114000157,227,774,-547
114000158,1507,719,788
114000159,208,365,-157
114000160,120,295,-175
114000161,1367,2336,-969
114000162,840,1768,-928
114000163,9,123,-114
114000165,482,293,189
114000166,687,268,419
114000167,2930,1300,1630
114000168,624,642,-18
114000169,1278,959,319
114000170,870,849,21
114000171,795,2545,-1750
114000174,189,416,-227
114000176,586,445,141
114000177,1736,981,755
114000178,61,46,15
114000179,1114,727,387
114000180,411,746,-335
114000181,1236,2678,-1442
114000182,3248,2195,1053
114000183,768,923,-155
114000184,4186,1231,2955
114000185,758,659,99
114000189,625,107,518
114000190,2019,238,1781
114000191,27,56,-29
114000192,242,1507,-1265
114000193,735,2605,-1870
114000194,1107,879,228
114000195,114,13,101
114000196,0,259,-259
114000197,1015,33,982
114000198,828,297,531
114000199,1825,1368,457
114000200,527,1596,-1069
114000201,153,764,-611
114000202,855,541,314
114000203,741,1104,-363
114000204,144,394,-250
114000205,226,1423,-1197
114000206,408,1065,-657
114000207,516,1624,-1108
114000208,386,2525,-2139
114000209,506,2285,-1779
114000210,277,1290,-1013
114000211,876,1289,-413
114000212,565,647,-82
114000213,1030,484,546
114000214,70,205,-135
114000215,151,64,87
114000216,1066,217,849
114000217,263,236,27
114000218,100,289,-189
114000219,1136,195,941
114000220,22,1081,-1059
114000221,628,110,518
114000222,132,1007,-875
114000223,404,106,298
114000224,79,541,-462
114000225,253,527,-274
114000226,99,220,-121
114000227,691,432,259
114000228,664,733,-69
114000229,741,699,42
114000230,1295,1109,186
114000231,754,1015,-261
114000232,455,96,359
114000233,1333,124,1209
114000234,1045,787,258
114000235,1299,1773,-474
114000236,2,377,-375
114000237,122,799,-677
114000238,89,138,-49
114000239,137,1081,-944
114000240,578,690,-112
114000241,257,962,-705
114000242,955,881,74
114000243,1147,730,417
114000244,488,386,102
114000245,305,658,-353
114000246,137,42,95
114000247,499,626,-127
114000248,753,469,284
114000249,437,450,-13
114000250,391,617,-226
114000251,284,300,-16
114000252,114,56,58
114000253,63,106,-43
114000254,26,63,-37
114000255,416,167,249
114000256,1879,1625,254
114000257,605,1448,-843
114000258,191,373,-182
114000259,52,195,-143
114000260,0,27,-27
114000261,49,17,32
114000262,103,130,-27
114000263,15,0,15
114000264,887,433,454
114000265,0,0,0
114000267,6,1353,-1347
114000268,2,1399,-1397
114000270,71,0,71
114000271,364,74,290
114000283,828,377,451
114000285,32,224,-192
114000288,93,277,-184
114000289,1184,128,1056
114000293,112,357,-245
114000294,142,231,-89
114000395,1229,64,1165
114000396,518,423,95
114000402,393,306,87
114000403,262,326,-64
114000405,74,430,-356
114000423,239,354,-115
114000424,178,152,26
114000425,484,358,126
114000426,264,755,-491
114000427,58,91,-33
114000428,248,167,81
114000429,8,167,-159
114000432,88,102,-14
114000434,30,64,-34
114000435,0,130,-130
114900001,521,879,-358
114900002,326,66,260
114900003,503,1366,-863
114900004,244,308,-64
114900005,499,734,-235
114900006,70,37,33
114900007,131,29,102
114900008,146,68,78
114900010,2001,2047,-46
114900011,190,103,87
114900013,169,122,47
114900018,669,30,639
114900020,223,68,155
114900022,41,526,-485
114900025,409,227,182
114900026,71,91,-20
114900029,141,30,111
114900030,333,197,136
114900031,354,39,315
114900032,273,39,234
114900034,37,192,-155
114900035,157,210,-53
114900036,224,632,-408
114900039,432,453,-21
114900040,65,123,-58
114900041,645,452,193
114900042,647,690,-43
114900044,124,16,108
114900047,198,1564,-1366
114900048,75,325,-250
114900049,21,232,-211
114900050,40,366,-326
114900051,16,275,-259
114900052,31,131,-100
114900053,57,261,-204
114900054,18,102,-84
114900057,237,6,231
114900058,0,61,-61
114900059,46,47,-1
114900063,60,196,-136
114900064,1004,504,500
114900065,352,621,-269
114900067,46,432,-386
114900068,71,203,-132
114900069,209,148,61
114900070,501,358,143
114900072,14,273,-259
114900073,3,150,-147
114900074,393,585,-192
114900075,129,3,126
114900076,8,298,-290
114900080,1902,339,1563
114900082,2838,1789,1049
114900083,1141,1081,60
114900090,289,200,89
114900091,110,194,-84
114900097,122,1,121
114900098,7,197,-190
114900099,169,1,168
115000001,5835,4406,1429
115000002,2948,3333,-385
115000003,4334,3408,926
115000004,3278,4917,-1639
115000005,1474,2147,-673
115000006,809,1434,-625
115000007,96,175,-79
115000008,403,468,-65
115000009,174,219,-45
115000010,229,132,97
115000013,85,168,-83
115000015,100,324,-224
115000016,40,152,-112
115000019,39,357,-318
115000020,110,497,-387
115000021,280,463,-183
115000022,461,331,130
115000023,314,421,-107
115000024,856,471,385
115000025,621,488,133
115000026,155,425,-270
115000027,196,205,-9
115000028,167,793,-626
115000029,445,110,335
115000030,671,955,-284
115000031,1103,212,891
115000032,12,280,-268
115000033,160,48,112
115000034,104,719,-615
115000035,897,53,844
115000036,1,415,-414
115000037,448,16,432
115000038,43,171,-128
115000039,2739,2572,167
115000040,5276,2844,2432
115000041,919,2247,-1328
115000042,671,517,154
115000043,2896,1865,1031
115000044,3114,3483,-369
115000045,2127,1707,420
115000046,1623,2051,-428
115000047,1730,1378,352
115000048,1361,2294,-933
115000049,1481,3241,-1760
115000050,2539,1743,796
115000051,1492,2048,-556
115000052,2636,1718,918
115000053,1175,1353,-178
115000054,607,1281,-674
115000055,164,551,-387
115000056,284,548,-264
115000057,927,876,51
115000058,692,224,468
115000059,221,140,81
115000061,148,129,19
115000062,193,294,-101
115000063,199,312,-113
115000064,217,77,140
115000065,49,397,-348
115000067,165,22,143
115000069,97,321,-224
115000070,28,660,-632
115000071,130,23,107
115000072,5,60,-55
115000073,888,36,852
115000075,72,44,28
115000076,2873,2368,505
115000077,1554,2140,-586
115000078,1017,1342,-325
115000079,1059,1599,-540
115000080,1780,2189,-409
115000081,403,852,-449
115000082,3218,2929,289
115000083,1858,2187,-329
115000084,1555,1026,529
115000085,642,848,-206
115000086,800,611,189
115000087,363,1385,-1022
115000088,1404,441,963
115000089,1215,1079,136
115000090,411,724,-313
115000091,228,883,-655
115000092,466,314,152
115000093,367,2,365
115000094,6109,4692,1417
115000095,4014,4647,-633
115000096,545,1399,-854
115000097,757,736,21
115000098,781,690,91
115000099,2069,2825,-756
115000100,786,411,375
115000101,376,1427,-1051
115000102,352,160,192
115000103,293,703,-410
115000105,74,159,-85
115000106,485,274,211
115000107,152,430,-278
115000108,3187,2217,970
115000109,3954,3170,784
115000110,1194,954,240
115000111,491,1604,-1113
115000112,585,540,45
115000113,549,731,-182
115000114,1551,755,796
115000116,3386,1703,1683
115000117,3347,2733,614
115000118,1669,1432,237
115000119,1594,1875,-281
115000120,455,1035,-580
115000121,1454,800,654
115000122,3322,1490,1832
115000123,1348,1848,-500
115000124,1078,893,185
115000125,330,541,-211
115000126,124,227,-103
115000127,402,75,327
115000128,478,662,-184
115000129,207,308,-101
115000130,393,797,-404
115000131,740,311,429
115000132,206,341,-135
115000133,531,329,202
115000134,229,239,-10
115000135,248,195,53
115000136,249,198,51
115000137,136,214,-78
115000138,250,291,-41
115000139,215,210,5
115000140,245,256,-11
115000141,186,325,-139
115000142,197,263,-66
115000143,487,593,-106
115000144,465,101,364
115000145,206,355,-149
115000146,407,253,154
115000147,351,496,-145
115000148,179,930,-751
115000149,387,159,228
115000150,635,924,-289
115000151,1032,454,578
115000152,637,1175,-538
115000153,1041,434,607
115000154,602,271,331
115000155,528,877,-349
115000156,915,498,417
115000157,714,738,-24
115000158,578,363,215
115000159,635,346,289
115000160,401,265,136
115000161,170,388,-218
115000162,543,650,-107
115000163,530,583,-53
115000164,654,542,112
115000165,330,381,-51
115000167,202,90,112
115000168,587,296,291
115000169,523,279,244
115000170,141,139,2
115000171,288,234,54
115000172,1002,501,501
115000173,243,369,-126
115000174,132,293,-161
115000175,219,101,118
115000176,118,54,64
115000177,137,46,91
115000178,32,212,-180
115000179,40,23,17
115000180,86,542,-456
115000181,496,111,385
115000182,655,287,368
115000183,237,730,-493
115000186,634,233,401
115000187,172,719,-547
115000188,281,394,-113
115000189,149,399,-250
115000190,538,297,241
115000191,116,405,-289
115000194,128,179,-51
115000195,305,290,15
115000196,116,102,14
115000197,288,228,60
115000198,261,188,73
115000199,270,196,74
115000200,300,87,213
115000201,189,313,-124
115000206,273,54,219
115000207,49,387,-338
115000208,205,362,-157
115000209,575,219,356
115000210,92,147,-55
115000211,157,115,42
115000212,1456,242,1214
115000224,426,49,377
115000225,30,66,-36
115000229,123,94,29
115000230,101,359,-258
115000231,224,1621,-1397
115000232,1158,288,870
115000233,169,160,9
115000234,26,283,-257
115000241,71,244,-173
115000242,82,307,-225
115000243,41,228,-187
115000244,17,92,-75
115000246,51,41,10
115000247,24,19,5
115000248,21,26,-5
115000249,18,30,-12
115000250,247,52,195
115000251,190,100,90
115000252,50,189,-139
115000253,17,377,-360
115000258,220,119,101
115000259,248,133,115
115000261,14,33,-19
115000262,3,13,-10
115000263,10,46,-36
115000264,24,41,-17
115000267,58,51,7
115000268,17,127,-110
115000269,113,64,49
115000270,2,19,-17
115000272,51,161,-110
115000273,280,50,230
115000280,1683,145,1538
115000281,227,534,-307
115000282,530,374,156
115000284,310,113,197
115000296,1094,16,1078
115000297,120,81,39
115000298,160,708,-548
115000300,163,149,14
115000302,477,147,330
115000303,548,83,465
115000304,548,86,462
115000305,107,616,-509
115000306,161,343,-182
115000307,61,164,-103
115000308,38,15,23
115000310,837,810,27
115000311,638,891,-253
115000313,136,545,-409
115000314,349,141,208
115000315,1012,562,450
115000316,80,92,-12
115000317,186,464,-278
115000318,692,266,426
115000319,65,294,-229
115000320,21,221,-200
115000321,326,12,314
115000322,65,187,-122
115000449,153,135,18
115000557,84,954,-870
115000558,597,58,539
115000587,713,364,349
115000588,2064,2755,-691
115000589,2839,2102,737
115000590,913,1157,-244
115000591,1197,622,575
115000592,524,1547,-1023
115000593,1083,556,527
115000594,876,2139,-1263
115000609,116,192,-76
115000617,1803,3112,-1309
115000624,183,62,121
115000633,343,1682,-1339
115000634,2163,845,1318
115000635,530,147,383
115000638,731,610,121
115000641,36,99,-63
115000642,254,254,0
115000643,109,430,-321
115000644,167,388,-221
115000646,737,1218,-481
115000647,225,541,-316
115000648,1511,1744,-233
115000893,2964,1365,1599
115000894,154,976,-822
115000895,540,902,-362
115000896,1452,385,1067
115000897,437,124,313
115000898,529,176,353
115000899,518,1109,-591
115000900,98,439,-341
115000901,120,143,-23
115000912,397,101,296
115000913,4,13,-9
115000915,30,0,30
115000916,19,7,12
115000917,0,10,-10
115000918,53,195,-142
115000919,13,7,6
115000920,68,55,13
115000921,561,85,476
115000922,1319,732,587
115000923,562,1144,-582
115000925,98,54,44
115000927,65,57,8
115000933,402,287,115
115000934,145,183,-38
115000935,153,95,58
115000936,27,499,-472
115000937,1072,202,870
115000938,215,214,1
115000939,286,229,57
115000940,118,28,90
115000941,33,22,11
115000942,114,157,-43
115000943,103,10,93
115000944,8,2,6
115900001,70,51,19
115900002,57,79,-22
115900003,133,119,14
115900004,2,75,-73
115900005,98,4,94
115900006,75,238,-163
115900008,36,16,20
115900009,71,160,-89
115900010,203,154,49
115900011,354,234,120
115900012,110,74,36
115900013,301,102,199
115900014,117,120,-3
115900015,95,62,33
115900016,86,19,67
115900017,11,2,9
115900018,135,58,77
115900019,99,13,86
115900020,37,0,37
115900021,1049,141,908
115900022,1284,6,1278
115900023,33,7,26
115900025,34,185,-151
115900026,625,217,408
115900027,0,250,-250
115900028,541,38,503
115900029,13,308,-295
115900030,19,23,-4
115900031,327,194,133
115900032,311,607,-296
115900033,0,38,-38
115900034,18,395,-377
115900035,37,9,28
115900036,109,475,-366
115900037,36,330,-294
115900038,53,12,41
115900039,120,188,-68
115900041,481,438,43
115900042,25,4,21
115900043,82,56,26
115900044,195,229,-34
115900046,182,175,7
115900047,140,92,48
115900049,86,181,-95
115900051,2,55,-53
115900052,14,236,-222
115900053,188,151,37
115900054,132,51,81
115900055,29,159,-130
115900056,122,205,-83
115900057,23,21,2
115900058,15,55,-40
115900060,58,100,-42
115900061,179,2,177
115900062,19,308,-289
115900063,74,9,65
115900064,110,212,-102
115900065,120,101,19
115900066,181,100,81
115900067,5,632,-627
115900068,2707,576,2131
115900069,18,135,-117
115900070,156,147,9
115900071,7,451,-444
115900072,52,144,-92
115900073,55,31,24
115900074,4,253,-249
115900075,20,182,-162
115900076,3,70,-67
115900077,1,199,-198
115900078,36,81,-45
115900079,135,22,113
115900080,473,237,236
115900081,12,59,-47
115900082,124,158,-34
115900084,217,22,195
115900085,28,48,-20
115900086,1342,455,887
115900088,8,35,-27
115900089,234,655,-421
115900090,207,23,184
115900091,11,54,-43
115900092,39,154,-115
115900093,4,23,-19
115900094,3,296,-293
115900096,0,14,-14
115900097,3,305,-302
115900098,195,397,-202
115900099,94,47,47
115900100,17,425,-408
115900101,85,264,-179
115900102,46,67,-21
115900103,229,119,110
115900104,48,97,-49
115900105,146,459,-313
115900106,58,25,33
115900107,62,133,-71
115900108,96,47,49
115900109,26,301,-275
115900110,2,28,-26
115900111,1,74,-73
115900112,21,637,-616
115900113,50,24,26
115900114,5,136,-131
115900115,41,155,-114
115900116,111,646,-535
115900117,48,15,33
115900118,3,253,-250
115900119,106,102,4
115900120,27,297,-270
115900121,146,202,-56
115900124,153,438,-285
115900125,198,32,166
115900126,432,62,370
115900127,450,39,411
115900128,12,114,-102
115900129,509,34,475
115900130,25,236,-211
115900131,240,24,216
115900132,438,12,426
115900134,241,15,226
115900135,396,749,-353
115900137,33,2,31
115900139,39,21,18
115900140,172,39,133
115900141,8,24,-16
115900142,14,24,-10
115900143,235,202,33
115900144,68,148,-80
115900146,10,102,-92
115900147,229,195,34
115900148,44,9,35
115900149,63,28,35
115900150,52,29,23
115900151,5,52,-47
115900152,105,277,-172
115900153,99,170,-71
115900154,348,257,91
115900155,0,30,-30
115900156,425,618,-193
115900157,107,379,-272
115900158,21,15,6
115900159,111,210,-99
115900160,5,3,2
115900161,46,178,-132
115900163,128,79,49
115900164,412,5,407
115900166,113,127,-14
115900168,96,100,-4
115900171,60,251,-191
115900172,36,122,-86
115900173,163,113,50
115900174,150,167,-17
115900175,72,153,-81
115900178,7,586,-579
115900179,141,9,132
115900180,26,157,-131
115900181,147,164,-17
115900182,269,172,97
115900183,33,31,2
115900184,1805,6,1799
115900187,8,107,-99
115900189,2,125,-123
115900190,92,897,-805
115900191,29,334,-305
115900192,8,95,-87
115900193,117,77,40
115900194,451,35,416
115900195,586,1531,-945
115900198,145,220,-75
115900199,117,180,-63
115900200,208,243,-35
115900201,406,266,140
115900202,2,27,-25
115900203,9,13,-4
115900204,0,4,-4
115900205,122,22,100
115900206,169,90,79
115900207,25,19,6
115900208,86,183,-97
115900209,4,153,-149
115900210,1,80,-79
115900211,0,162,-162
115900212,126,143,-17
115900213,138,48,90
115900214,366,156,210
115900215,23,52,-29
115900216,5,94,-89
115900217,3,41,-38
115900218,1,21,-20
115900219,53,7,46
115900220,99,11,88
115900221,52,13,39
115900222,24,16,8
115900223,6,198,-192
115900224,1016,672,344
115900225,57,15,42
115900226,22,28,-6
115900227,14,32,-18
115900228,6,31,-25
115900229,2,37,-35
115900230,37,100,-63
115900231,85,4,81
115900232,37,2,35
115900233,85,12,73
115900234,34,24,10
115900235,16,29,-13
115900236,56,33,23
115900237,14,38,-24
115900238,14,24,-10
115900239,21,23,-2
115900240,10,38,-28
115900241,167,86,81
115900242,223,287,-64
115900243,9,2,7
115900244,6,12,-6
115900245,3,1,2
115900246,7,6,1
115900247,30,6,24
115900248,10,3,7
115900249,3,13,-10
115900250,1,27,-26
115900251,0,13,-13
115900252,0,6,-6
115900253,4,13,-9
115900254,14,26,-12
115900255,3,10,-7
115900256,18,55,-37
115900257,6,8,-2
115900258,0,2,-2
115900259,1,0,1
115900260,12,2,10
115900261,4,1,3
115900262,0,3,-3
115900263,21,0,21
115900264,4,5,-1
115900265,4,13,-9
115900266,3,5,-2
115900267,11,6,5
115900268,7,6,1
115900269,328,326,2
115900270,243,311,-68
115900271,61,0,61
115900272,11,1,10
115900273,2,8,-6
115900274,5,9,-4
115900275,12,24,-12
115900276,0,27,-27
115900277,0,71,-71
115900278,21,102,-81
115900279,29,127,-98
115900280,8,275,-267
115900281,491,267,224
115900282,22,7,15
115900283,5,11,-6
115900284,12,5,7
116000001,10019,4239,5780
116000002,3582,6920,-3338
116000003,1717,1641,76
116000004,2175,3002,-827
116000005,2068,2324,-256
116000006,1877,1492,385
116000007,2642,3430,-788
116000008,2935,1511,1424
116000009,1663,2667,-1004
116000010,2297,1082,1215
116000011,1012,1988,-976
116000012,1271,914,357
116000013,9337,3686,5651
116000014,11848,8590,3258
116000015,226,975,-749
116000016,3237,1641,1596
116000017,868,978,-110
116000018,698,399,299
116000019,482,354,128
116000020,424,652,-228
116000021,377,256,121
116000022,340,326,14
116000023,680,557,123
116000024,508,651,-143
116000025,674,474,200
116000026,996,1245,-249
116000027,285,278,7
116000028,358,580,-222
116000029,612,561,51
116000030,711,392,319
116000031,160,265,-105
116000032,370,154,216
116000033,290,381,-91
116000034,562,772,-210
116000035,294,576,-282
116000036,1367,748,619
116000037,629,434,195
116000038,396,311,85
116000039,383,259,124
116000040,418,174,244
116000041,196,379,-183
116000042,828,201,627
116000043,77,444,-367
116000044,8,114,-106
116000045,1157,595,562
116000046,377,803,-426
116000047,1223,1891,-668
116000048,1426,1374,52
116000049,1081,1938,-857
116000050,1547,1557,-10
116000051,5770,2105,3665
116000052,5135,4131,1004
116000053,1997,923,1074
116000054,1214,2109,-895
116000055,517,1041,-524
116000056,835,1092,-257
116000057,2273,1675,598
116000058,3076,2626,450
116000059,2406,3586,-1180
116000060,1900,775,1125
116000061,548,910,-362
116000062,815,211,604
116000063,577,955,-378
116000066,393,587,-194
116000067,343,554,-211
116000068,272,436,-164
116000069,788,604,184
116000078,443,990,-547
116000080,1514,1041,473
116000082,11,71,-60
116000083,1108,335,773
116000084,1922,3953,-2031
116000085,1683,1208,475
116000086,1964,1641,323
116000087,1526,1185,341
116000088,629,961,-332
116000089,130,66,64
116000090,100,153,-53
116000091,261,164,97
116000093,529,326,203
116000094,306,575,-269
116000095,624,338,286
116000096,534,1082,-548
116000097,577,605,-28
116000098,173,4483,-4310
116000099,5068,298,4770
116000100,150,18,132
116000101,725,788,-63
116000102,244,1190,-946
116000103,388,184,204
116000104,169,1293,-1124
116000105,766,132,634
116000106,478,880,-402
116000107,1720,387,1333
116000108,190,111,79
116000111,153,32,121
116000113,97,98,-1
116000114,40,137,-97
116000115,169,95,74
116000116,221,532,-311
116000117,1150,1531,-381
116000118,1159,1171,-12
116000119,2201,1814,387
116000120,2494,3470,-976
116000121,738,528,210
116000122,1086,1717,-631
116000123,761,410,351
116000124,320,852,-532
116000125,1873,494,1379
116000126,255,1490,-1235
116000127,1029,1207,-178
116000128,1145,698,447
116000129,903,203,700
116000130,759,473,286
116000133,638,810,-172
116000134,1658,2167,-509
116000135,1741,1279,462
116000136,862,2035,-1173
116000137,843,594,249
116000138,649,402,247
116000139,1309,1751,-442
116000140,93,176,-83
116000141,245,400,-155
116000142,1658,980,678
116000143,1544,1521,23
116000144,2034,2865,-831
116000145,1388,1096,292
116000146,395,285,110
116000147,259,126,133
116000148,399,367,32
116000149,429,426,3
116000151,302,236,66
116000153,147,163,-16
116000155,338,576,-238
116000156,402,1124,-722
116000157,58,27,31
116000158,227,305,-78
116000159,19,10,9
116000160,9,63,-54
116000161,12,91,-79
116000162,82,75,7
116000163,15,2,13
116000164,2,15,-13
116000177,195,65,130
116000194,397,340,57
116000195,1292,576,716
116000196,11,4,7
116000197,5,11,-6
116000198,2889,1394,1495
116000200,520,381,139
116000201,590,501,89
116000202,8,247,-239
116000203,4,97,-93
116000204,4,87,-83
116000205,0,188,-188
116000206,0,135,-135
116000207,2,42,-40
116000233,145,405,-260
116000287,143,426,-283
116000288,182,182,0
116000292,26,95,-69
116000296,15,156,-141
116000297,89,15,74
116000304,107,47,60
116000305,27,54,-27
116000346,128,92,36
116000352,78,21,57
116000354,24,15,9
116000357,57,38,19
116000358,193,50,143
116000361,520,0,520
116000372,6169,3125,3044
116000381,62,0,62
116000388,2,57,-55
116000389,608,435,173
116000445,208,598,-390
116000446,361,567,-206
116000447,29,296,-267
116000448,558,137,421
116000563,926,778,148
116000565,38,335,-297
116000568,37,104,-67
116000579,26,111,-85
116000583,142,79,63
116000584,15,17,-2
116000585,28,26,2
116000586,112,113,-1
116000587,385,486,-101
116000589,39,44,-5
116000590,36,47,-11
116000591,210,199,11
116000592,6,82,-76
116000593,0,19,-19
116000594,439,378,61
116000595,424,131,293
116000596,60,5,55
116000597,330,47,283
116000598,11,160,-149
116000605,254,149,105
116000606,43,155,-112
116000607,4,64,-60
116000609,145,676,-531
116000611,79,511,-432
116000612,658,1666,-1008
116000613,482,303,179
116000614,347,587,-240
116000615,2,180,-178
116000616,30,85,-55
116000617,87,39,48
116000618,0,104,-104
116000619,29,72,-43
116000620,84,428,-344
116000621,32,107,-75
116000622,69,136,-67
116000624,141,80,61
116000627,87,74,13
116000628,40,429,-389
116000629,48,227,-179
116000630,180,25,155
116000631,68,37,31
116000632,492,94,398
116000633,135,191,-56
116000634,299,88,211
116000635,3129,2374,755
116000636,1237,941,296
116000637,257,12,245
116000638,72,294,-222
116000639,102,4,98
116000640,18,11,7
116000641,63,185,-122
116000643,68,289,-221
116000644,74,570,-496
116000645,82,9,73
116900001,114,134,-20
116900002,159,0,159
116900003,8,63,-55
116900004,46,21,25
116900005,195,50,145
116900006,101,85,16
116900007,62,122,-60
116900008,241,315,-74
116900009,7,1,6
116900010,621,1407,-786
116900011,5,21,-16
116900012,99,115,-16
116900013,1,132,-131
116900014,88,210,-122
116900015,267,44,223
116900016,159,0,159
116900017,1,495,-494
116900018,34,57,-23
116900019,5,239,-234
116900020,747,579,168
116900023,39,7,32
116900024,421,50,371
116900025,644,760,-116
116900026,140,485,-345
116900027,18,51,-33
116900028,3,91,-88
116900029,0,41,-41
116900031,0,1,-1
116900032,2,354,-352
116900033,10,5,5
116900034,6,51,-45
116900035,146,154,-8
116900036,5,71,-66
116900038,15,2,13
116900041,21,15,6
116900042,603,216,387
116900043,17,44,-27
116900047,34,87,-53
116900049,22,278,-256
116900050,90,409,-319
116900051,62,165,-103
116900052,162,59,103
116900055,0,4,-4
116900057,15,214,-199
116900058,17,305,-288
116900059,2,101,-99
116900060,117,129,-12
116900062,0,4,-4
116900064,56,636,-580
116900065,19,149,-130
116900067,67,57,10
116900068,137,173,-36
116900070,4,0,4
116900072,19,297,-278
116900073,9,128,-119
116900074,10,28,-18
116900076,6,25,-19
116900077,4,139,-135
116900078,172,98,74
116900079,34,225,-191
116900080,6,14,-8
116900081,322,1122,-800
116900082,371,676,-305
116900083,81,38,43
116900084,162,42,120
116900085,29,129,-100
116900086,89,156,-67
116900088,282,39,243
116900090,148,27,121
116900091,206,55,151
116900092,70,563,-493
116900093,1065,1302,-237
116900094,3294,2440,854
116900095,156,102,54
116900096,70,229,-159
116900097,2740,2206,534
116900098,669,221,448
116900099,609,414,195
116900100,626,22,604
116900101,197,446,-249
116900103,2,2,0
116900104,90,74,16
116900105,233,105,128
116900106,792,1,791
116900107,3420,1687,1733
116900110,7,2,5
116900111,426,602,-176
116900112,195,755,-560
116900113,1594,1029,565
116900116,88,307,-219
116900117,95,71,24
116900118,539,585,-46
116900120,163,78,85
116900121,75,3,72
116900122,557,815,-258
116900123,110,687,-577
116900124,130,881,-751
116900125,237,152,85
116900126,107,401,-294
116900128,0,29,-29
116900129,2,232,-230
116900130,477,2578,-2101
116900131,50,219,-169
116900132,36,72,-36
116900133,81,124,-43
116900134,124,216,-92
116900136,200,142,58
116900137,230,124,106
116900138,179,149,30
116900139,90,302,-212
116900140,123,112,11
116900141,657,340,317
116900142,5,89,-84
116900143,179,271,-92
116900144,10,81,-71
116900145,51,135,-84
116900147,455,275,180
116900148,7,48,-41
116900149,50,211,-161
116900150,8,10,-2
116900151,27,7,20
116900153,102,73,29
116900154,415,365,50
116900155,47,64,-17
116900157,346,263,83
116900158,1333,231,1102
116900159,52,207,-155
116900160,767,219,548
116900161,5401,4039,1362
116900162,14,77,-63
116900163,110,118,-8
116900164,268,53,215
116900165,187,108,79
116900166,22,68,-46
116900167,296,56,240
116900168,278,67,211
116900169,417,231,186
116900170,205,365,-160
116900171,33,140,-107
116900172,163,204,-41
116900173,114,37,77
116900174,61,53,8
116900175,117,82,35
116900178,13,103,-90
116900179,64,215,-151
116900180,67,19,48
116900182,230,176,54
116900183,84,73,11
116900185,24,34,-10
116900186,99,228,-129
116900187,81,27,54
116900188,92,23,69
116900189,34,1,33
116900191,306,511,-205
116900192,142,90,52
116900194,94,896,-802
116900195,27,15,12
116900196,12,89,-77
116900197,70,4,66
116900198,171,173,-2
116900200,26,32,-6
116900201,94,14,80
116900202,77,64,13
116900203,109,5,104
116900204,50,81,-31
116900206,10,33,-23
116900207,39,24,15
116900208,6,84,-78
116900209,48,78,-30
116900210,300,238,62
116900211,131,4,127
116900212,38,80,-42
116900213,131,101,30
116900214,132,133,-1
116900215,33,54,-21
116900216,342,191,151
116900218,5,225,-220
116900219,1167,357,810
116900220,72,139,-67
116900221,41,242,-201
116900222,254,303,-49
116900223,76,194,-118
116900226,49,49,0
116900227,117,64,53
116900228,234,154,80
116900230,34,206,-172
116900231,32,313,-281
116900232,6,376,-370
116900233,146,72,74
116900234,4,1,3
116900235,280,306,-26
116900238,1508,291,1217
116900239,84,1197,-1113
116900240,4836,3374,1462
116900241,65,97,-32
116900242,837,380,457
116900243,1,29,-28
116900245,26,10,16
116900246,106,112,-6
116900247,485,16,469
116900248,87,24,63
116900249,226,55,171
116900250,298,48,250
116900251,385,460,-75
116900252,117,643,-526
116900254,12,94,-82
116900255,81,32,49
116900256,289,92,197
116900257,7,406,-399
116900258,2,279,-277
116900259,118,2,116
116900260,2,120,-118
116900261,28,3,25
116900262,141,141,0
116900263,0,20,-20
116900264,73,55,18
116900265,37,1,36
116900266,24,37,-13
116900267,1,2,-1
116900268,90,58,32
116900269,253,468,-215
116900271,1036,125,911
116900272,460,303,157
116900273,170,43,127
116900274,84,62,22
116900275,130,77,53
116900276,313,115,198
116900277,395,16,379
116900278,4,7,-3
116900279,0,23,-23
116900280,9,13,-4
116900281,4832,2937,1895
116900282,8,95,-87
116900283,15,106,-91
116900284,11,180,-169
116900285,201,156,45
116900286,164,17,147
116900287,0,57,-57
116900288,66,126,-60
116900289,4,6,-2
116900290,1,32,-31
116900291,19,8,11
116900292,0,13,-13
116900293,41,57,-16
116900294,23,115,-92
116900295,291,32,259
116900296,113,50,63
116900297,4,64,-60
116900298,66,27,39
116900299,87,30,57
116900300,3,59,-56
116900301,36,79,-43
116900302,41,30,11
116900303,274,73,201
116900304,0,79,-79
116900305,20,47,-27
116900306,178,107,71
116900307,71,0,71
116900308,1,102,-101
116900309,69,57,12
116900310,13,49,-36
116900311,1,117,-116
117000001,1500,1413,87
117000002,1752,3661,-1909
117000003,6023,2806,3217
117000004,3502,4834,-1332
117000005,2148,1575,573
117000006,1319,3518,-2199
117000007,3156,1161,1995
117000008,985,3805,-2820
117000009,4195,1695,2500
117000010,2560,3882,-1322
117000011,1793,1581,212
117000012,1106,1424,-318
117000013,1676,820,856
117000014,1326,2183,-857
117000015,2510,1156,1354
117000016,361,75,286
117000017,432,104,328
117000018,198,408,-210
117000019,177,19,158
117000020,426,900,-474
117000021,1857,574,1283
117000022,332,86,246
117000023,508,192,316
117000024,358,112,246
117000025,670,566,104
117000026,2741,798,1943
117000027,2343,2612,-269
117000028,3607,1230,2377
117000030,546,453,93
117000031,361,278,83
117000032,1704,1027,677
117000033,1265,1148,117
117000034,373,284,89
117000035,384,293,91
117000036,364,274,90
117000037,260,219,41
117000038,211,545,-334
117000039,368,194,174
117000040,151,894,-743
117000041,715,131,584
117000044,19,745,-726
117000045,414,54,360
117000046,470,750,-280
117000047,951,551,400
117000048,1699,1081,618
117000049,77,593,-516
117000050,144,1908,-1764
117000051,1712,160,1552
117000052,40,322,-282
117000053,441,71,370
117000054,1470,5,1465
117000055,120,2693,-2573
117000056,604,42,562
117000057,592,2138,-1546
117000060,399,1392,-993
117000061,1305,805,500
117000062,213,562,-349
117000063,1309,689,620
117000064,814,955,-141
117000066,881,757,124
117000067,114,396,-282
117000074,137,296,-159
117000076,56,25,31
117000077,147,109,38
117000078,127,620,-493
117000079,307,217,90
117000080,0,321,-321
117000081,894,133,761
117000082,35,71,-36
117000083,464,318,146
117000084,206,2,204
117000085,209,559,-350
117000086,770,398,372
117000087,62,475,-413
117000088,240,194,46
117000089,1290,243,1047
117000090,247,1428,-1181
117000091,680,260,420
117000092,373,1291,-918
117000093,905,687,218
117000094,1151,2635,-1484
117000095,2985,802,2183
117000096,627,2416,-1789
117000097,1099,1169,-70
117000098,2273,4585,-2312
117000099,2624,1212,1412
117000100,114,218,-104
117000101,188,1062,-874
117000102,1221,602,619
117000103,746,1928,-1182
117000104,951,578,373
117000105,779,1708,-929
117000106,948,726,222
117000107,475,1527,-1052
117000108,1407,819,588
117000109,1658,2658,-1000
117000110,1112,835,277
117000111,2998,4063,-1065
117000112,2923,1759,1164
117000113,126,292,-166
117000114,180,137,43
117000115,87,120,-33
117000116,93,178,-85
117000117,1187,603,584
117000118,199,119,80
117000119,1260,140,1120
117000120,366,339,27
117000121,161,889,-728
117000122,239,702,-463
117000123,1322,22,1300
117000124,754,43,711
117000125,390,58,332
117000126,119,19,100
117000127,126,228,-102
117000128,378,638,-260
117000129,388,604,-216
117000130,160,0,160
117000131,0,91,-91
117000132,2068,24,2044
117000133,1058,72,986
117000134,0,64,-64
117000135,17,55,-38
117000136,0,21,-21
117000137,82,88,-6
117000138,1,480,-479
117000140,475,1618,-1143
117000141,1260,499,761
117000181,464,396,68
117000182,234,299,-65
117000195,158,966,-808
117000196,212,89,123
117000225,127,31,96
117000226,6,132,-126
117000276,259,6,253
117000277,1,338,-337
117000310,1268,2231,-963
117000315,33,895,-862
117000320,86,1,85
117000906,255,11,244
117000907,4,255,-251
117000909,41,28,13
117000910,179,154,25
117000911,89,232,-143
117000915,7,535,-528
117000916,17,2,15
117000917,753,32,721
117000918,51,56,-5
117000919,8,124,-116
117000920,2,1172,-1170
117000921,3,1341,-1338
117000922,37,78,-41
117000924,422,856,-434
117000926,776,83,693
117000927,1759,650,1109
117000928,0,217,-217
117000929,220,428,-208
117000930,164,9,155
117000931,426,108,318
117900002,105,274,-169
117900003,610,347,263
117900005,2,19,-17
117900006,0,9,-9
117900007,103,111,-8
117900008,0,46,-46
117900010,429,89,340
117900011,45,33,12
117900012,55,100,-45
117900013,1,204,-203
117900014,751,165,586
117900015,14,70,-56
117900016,944,499,445
117900017,476,336,140
117900018,132,44,88
117900019,255,264,-9
117900020,61,343,-282
117900021,30,51,-21
117900023,482,217,265
117900024,45,40,5
117900025,45,8,37
117900026,420,267,153
117900028,96,7,89
117900029,188,795,-607
117900031,213,76,137
117900032,864,422,442
117900033,174,659,-485
117900034,84,38,46
117900035,270,104,166
117900036,207,377,-170
117900037,83,83,0
117900038,24,285,-261
117900039,2,54,-52
117900040,96,380,-284
117900041,4,39,-35
117900042,3241,300,2941
117900043,56,72,-16
117900044,33,4019,-3986
117900045,74,84,-10
117900048,250,325,-75
117900049,247,486,-239
117900050,14,49,-35
117900051,49,3,46
117900052,36,254,-218
117900053,1323,721,602
117900054,0,29,-29
117900055,120,303,-183
117900056,305,37,268
117900057,966,1059,-93
117900058,66,15,51
117900059,325,59,266
117900060,1338,5150,-3812
117900061,24,206,-182
117900063,212,169,43
117900065,656,1049,-393
117900066,6,57,-51
117900067,348,157,191
117900069,615,249,366
117900070,286,6,280
117900071,43,79,-36
117900073,320,295,25
117900074,345,18,327
117900075,44,54,-10
117900076,13,74,-61
117900077,244,126,118
117900078,233,573,-340
117900080,110,40,70
117900081,443,350,93
117900082,325,274,51
117900083,223,430,-207
117900086,120,41,79
117900087,176,37,139
117900088,3359,1906,1453
117900089,1435,634,801
117900090,437,506,-69
117900091,138,160,-22
117900092,54,32,22
117900093,39,38,1
117900094,40,30,10
117900095,338,522,-184
117900096,68,194,-126
117900097,86,67,19
117900098,23,9,14
117900099,204,229,-25
117900100,146,1,145
117900101,323,1273,-950
117900102,29,34,-5
117900103,53,1,52
117900104,48,96,-48
117900105,92,202,-110
117900106,82,28,54
117900107,50,0,50
117900109,315,262,53
117900110,93,0,93
117900111,219,17,202
117900112,32,8,24
117900113,2976,1236,1740
117900114,24,1,23
117900115,306,39,267
117900116,814,723,91
117900117,344,258,86
117900118,21,0,21
117900119,109,215,-106
117900120,136,52,84
117900121,43,23,20
117900122,815,2544,-1729
117900123,567,384,183
117900124,601,649,-48
117900125,1485,1497,-12
117900126,225,452,-227
117900127,410,421,-11
117900128,273,571,-298
117900129,67,0,67
117900130,698,363,335
117900131,4,101,-97
117900132,19,89,-70
117900133,16,128,-112
117900134,33,165,-132
117900135,8,149,-141
117900136,0,34,-34
117900137,29,257,-228
117900138,1,50,-49
117900139,74,105,-31
117900140,3606,38,3568
117900141,141,153,-12
117900142,309,19,290
117900144,59,75,-16
117900145,26,20,6
117900146,177,73,104
117900147,28,43,-15
117900148,2068,983,1085
117900149,68,185,-117
117900150,25,28,-3
117900151,17,62,-45
117900152,116,35,81
117900153,29,75,-46
117900154,318,572,-254
117900156,845,767,78
117900157,90,529,-439
117900158,136,103,33
117900160,559,569,-10
117900161,2617,1932,685
117900162,326,429,-103
117900163,231,56,175
117900165,0,5,-5
117900166,110,450,-340
117900168,76,91,-15
117900169,1,101,-100
117900170,0,23,-23
117900171,2,15,-13
117900172,10,35,-25
117900173,105,51,54
117900174,39,45,-6
117900175,4,29,-25
117900176,8,32,-24
117900177,9,45,-36
117900178,96,35,61
117900180,237,42,195
117900181,121,247,-126
117900182,3,20,-17
117900183,42,115,-73
117900184,9,46,-37
117900185,24,44,-20
117900186,29,16,13
117900187,7,17,-10
117900188,148,27,121
117900189,56,41,15
117900190,17,1,16
117900191,57,0,57
117900192,149,1,148
117900193,0,53,-53
117900194,3,2,1
117900195,7,43,-36
117900196,9,17,-8
117900207,135,132,3
117900208,21,24,-3
117900209,190,135,55
117900210,115,149,-34
117900211,4,103,-99
117900212,83,139,-56
117900213,38,17,21
117900214,5,18,-13
117900215,30,38,-8
117900216,44,12,32
117900217,113,215,-102
117900218,177,152,25
117900219,10,75,-65
117900220,89,47,42
117900222,187,264,-77
117900223,161,227,-66
118000001,749,875,-126
118000002,1714,2190,-476
118000003,2185,2230,-45
118000004,3309,2340,969
118000005,4711,4401,310
118000006,5987,8434,-2447
118000007,5833,2407,3426
118000008,5763,3418,2345
118000009,2211,2491,-280
118000010,3919,3536,383
118000011,1188,1894,-706
118000012,968,1898,-930
118000013,2164,2159,5
118000014,1861,2485,-624
118000016,180,340,-160
118000017,337,306,31
118000018,379,389,-10
118000019,2167,1229,938
118000020,1240,2053,-813
118000021,738,2109,-1371
118000022,1552,621,931
118000023,950,322,628
118000024,1338,892,446
118000027,14960,9458,5502
118000029,1045,625,420
118000032,1453,2922,-1469
118000033,2793,3884,-1091
118000034,5107,2055,3052
118000035,1447,2200,-753
118000036,992,916,76
118000037,765,792,-27
118000038,168,79,89
118000039,94,213,-119
118000040,1551,1188,363
118000041,2032,1316,716
118000045,1063,714,349
118000046,1414,312,1102
118000047,1121,493,628
118000048,2579,1116,1463
118000051,1818,588,1230
118000052,1197,377,820
118000053,321,475,-154
118000054,1682,1618,64
118000055,1533,1493,40
118000056,260,236,24
118000057,235,361,-126
118000058,2809,951,1858
118000059,1984,665,1319
118000060,895,493,402
118000061,1064,1100,-36
118000062,513,194,319
118000063,363,395,-32
118000064,681,905,-224
118000065,3810,1276,2534
118000066,519,1076,-557
118000067,1191,745,446
118000068,1432,3659,-2227
118000069,2792,965,1827
118000070,4918,1382,3536
118000071,2716,5151,-2435
118000072,1886,1569,317
118000073,2768,472,2296
118000074,1252,1149,103
118000075,1313,481,832
118000076,1052,1876,-824
118000077,1227,1118,109
118000078,1710,1645,65
118000079,225,362,-137
118000080,1141,821,320
118000081,1574,1031,543
118000082,313,974,-661
118000083,1307,1461,-154
118000084,2661,1453,1208
118000086,268,522,-254
118000087,3780,2238,1542
118000088,1497,1492,5
118000089,2571,1673,898
118000090,1526,2256,-730
118000091,987,1939,-952
118000092,1008,366,642
118000093,118,633,-515
118000096,447,550,-103
118000097,741,554,187
118000098,352,202,150
118000099,417,635,-218
118000101,898,356,542
118000102,336,1101,-765
118000107,1747,414,1333
118000108,529,1780,-1251
118000110,0,20,-20
118000111,0,432,-432
118000112,410,5,405
118000113,4,687,-683
118000114,389,14,375
118000115,8,22,-14
118000116,51,0,51
118000117,1135,683,452
118000118,698,660,38
118000119,766,977,-211
118000120,1559,944,615
118000121,140,609,-469
118000122,1482,418,1064
118000123,50,241,-191
118000125,1678,865,813
118000126,662,1378,-716
118000127,1393,580,813
118000128,617,1056,-439
118000129,1184,432,752
118000130,2272,3459,-1187
118000131,824,863,-39
118000132,1952,1323,629
118000133,949,397,552
118000135,503,320,183
118000136,82,480,-398
118000137,674,104,570
118000138,349,512,-163
118000139,357,98,259
118000140,2012,3464,-1452
118000141,1558,1663,-105
118000142,1377,1454,-77
118000143,1670,1047,623
118000144,1017,774,243
118000145,1807,2043,-236
118000146,1045,932,113
118000147,820,1603,-783
118000148,641,1144,-503
118000149,615,881,-266
118000150,311,326,-15
118000151,307,351,-44
118000153,964,989,-25
118000154,1514,1607,-93
118000155,813,1148,-335
118000156,1866,2102,-236
118000157,454,353,101
118000158,154,313,-159
118000159,22,84,-62
118000160,347,369,-22
118000161,334,647,-313
118000162,1370,781,589
118000163,687,814,-127
118000164,1778,1380,398
118000168,722,264,458
118000169,947,1004,-57
118000170,3300,4625,-1325
118000171,272,560,-288
118000172,107,238,-131
118000173,921,1086,-165
118000175,222,327,-105
118000176,195,373,-178
118000177,181,451,-270
118000178,42,28,14
118000179,1217,891,326
118000180,597,587,10
118000181,738,287,451
118000182,235,217,18
118000183,236,231,5
118000184,635,684,-49
118000185,998,878,120
118000186,570,773,-203
118000187,905,676,229
118000188,462,166,296
118000189,382,577,-195
118000190,8,8,0
118000191,21,24,-3
118000192,302,211,91
118000193,225,430,-205
118000194,1663,839,824
118000195,1072,764,308
118000196,319,146,173
118000197,1143,376,767
118000198,1107,893,214
118000199,1878,639,1239
118000200,69,142,-73
118000201,489,340,149
118000202,23,55,-32
118000203,1104,424,680
118000204,181,308,-127
118000205,208,330,-122
118000206,178,200,-22
118000207,1,61,-60
118000208,1001,1240,-239
118000209,1682,2037,-355
118000210,51,53,-2
118000211,26,44,-18
118000213,733,693,40
118000214,515,417,98
118000215,251,182,69
118000216,1015,2129,-1114
118000217,26,137,-111
118000218,62,78,-16
118000219,323,294,29
118000220,1,49,-48
118000221,121,212,-91
118000222,27,10,17
118000223,27,49,-22
118000224,156,104,52
118000225,117,616,-499
118000226,974,126,848
118000227,730,352,378
118000228,149,164,-15
118000229,121,51,70
118000230,80,194,-114
118000231,59,166,-107
118000232,524,746,-222
118000233,712,672,40
118000234,276,149,127
118000236,228,238,-10
118000237,53,295,-242
118000238,191,165,26
118000239,270,248,22
118000240,289,117,172
118000241,88,138,-50
118000242,265,455,-190
118000243,167,145,22
118000244,37,108,-71
118000246,24,13,11
118000255,104,246,-142
118000256,129,223,-94
118000259,1,30,-29
118000260,124,81,43
118000261,35,52,-17
118000263,58,158,-100
118000266,909,247,662
118000267,1,86,-85
118000268,270,0,270
118000270,95,22,73
118000271,184,266,-82
118000272,57,19,38
118000273,99,43,56
118000274,93,194,-101
118000276,295,256,39
118000295,4,74,-70
118000298,121,308,-187
118000299,56,173,-117
118000301,0,42,-42
118000302,55,53,2
118000311,266,74,192
118000312,173,127,46
118000313,24,130,-106
118000314,48,49,-1
118000315,25,63,-38
118000316,506,387,119
118000325,35,49,-14
118000326,11,36,-25
118000331,28,30,-2
118000332,14,19,-5
118000333,20,58,-38
118000335,222,1,221
118000336,0,222,-222
118000407,81,52,29
118000457,6,45,-39
118000465,3502,3815,-313
118000480,27,94,-67
118000489,37,254,-217
118000490,95,289,-194
118000492,214,178,36
118000510,57,6,51
118000514,123,271,-148
118000515,523,588,-65
118000517,304,190,114
118000524,414,199,215
118000525,654,674,-20
118000530,38,77,-39
118000531,253,244,9
118000532,218,248,-30
118000533,282,142,140
118000534,431,262,169
118000535,194,121,73
118000536,931,911,20
118000537,144,211,-67
118000538,84,56,28
118000539,51,169,-118
118000540,158,95,63
118000541,118,43,75
118000542,74,123,-49
118000543,165,281,-116
118000546,85,89,-4
118000553,0,0,0
118000560,2220,1334,886
118000562,20,147,-127
118000563,1600,1136,464
118000576,215,173,42
118000577,166,167,-1
118000578,181,106,75
118000579,483,726,-243
118000583,0,0,0
118000595,159,95,64
118000596,0,36,-36
118000597,201,138,63
118000598,2,0,2
118000599,51,35,16
118000600,1,5,-4
118000601,1,0,1
118000602,0,2,-2
118000603,0,36,-36
118000605,50,292,-242
118000606,39,44,-5
118000607,169,234,-65
118900001,490,769,-279
118900002,707,652,55
118900003,177,10,167
118900004,66,40,26
118900005,39,6,33
118900006,105,4,101
118900007,6,3,3
118900008,1270,59,1211
118900009,27,19,8
118900010,82,21,61
118900011,105,19,86
118900012,333,165,168
118900013,305,79,226
118900015,132,42,90
118900016,7,9,-2
118900017,244,258,-14
118900018,481,13,468
118900019,20,11,9
118900020,192,95,97
118900021,105,215,-110
118900022,115,93,22
118900023,103,76,27
118900024,49,54,-5
118900025,23,14,9
118900026,46,55,-9
118900027,332,206,126
118900028,111,128,-17
118900029,212,190,22
118900030,181,80,101
118900031,145,83,62
118900032,153,185,-32
118900033,336,276,60
118900034,103,25,78
118900035,88,152,-64
118900036,797,550,247
118900037,354,161,193
118900038,263,161,102
118900039,285,144,141
118900040,164,154,10
118900041,467,156,311
118900042,151,100,51
118900045,245,135,110
118900046,704,262,442
118900047,429,192,237
118900048,148,108,40
118900049,42,33,9
118900050,11,63,-52
118900051,87,106,-19
118900052,228,132,96
118900053,19,77,-58
118900054,116,48,68
118900055,42,70,-28
118900056,109,255,-146
118900057,480,326,154
118900058,222,215,7
118900059,8,66,-58
118900062,233,126,107
118900064,659,365,294
118900065,26,118,-92
118900066,52,68,-16
118900067,4001,2912,1089
118900068,3,169,-166
118900069,284,225,59
118900071,4,47,-43
118900072,314,338,-24
118900073,81,85,-4
118900074,87,184,-97
118900075,20,88,-68
118900076,164,95,69
118900077,115,151,-36
118900078,42,4,38
118900079,46,195,-149
118900080,18,110,-92
118900081,76,14,62
118900082,424,106,318
118900083,15,6,9
118900084,12,25,-13
118900085,548,857,-309
118900086,27,55,-28
118900087,15,113,-98
118900088,0,9,-9
118900089,20,19,1
118900090,401,355,46
118900091,154,128,26
118900092,69,62,7
118900093,84,11,73
118900096,68,129,-61
118900097,167,465,-298
118900099,67,189,-122
118900100,108,169,-61
118900101,36,289,-253
118900102,19,103,-84
118900103,27,76,-49
118900104,116,89,27
118900105,144,95,49
118900107,95,69,26
118900108,51,58,-7
118900110,896,368,528
118900111,308,413,-105
118900112,51,157,-106
118900113,203,369,-166
118900114,23,56,-33
118900115,72,268,-196
118900116,93,134,-41
118900117,74,135,-61
118900118,175,287,-112
118900119,107,193,-86
118900120,69,268,-199
118900121,8,144,-136
118900122,9,635,-626
118900123,86,199,-113
118900124,49,172,-123
118900126,27,273,-246
118900129,206,171,35
118900130,47,121,-74
118900131,85,179,-94
118900132,198,161,37
118900133,15,102,-87
118900135,129,150,-21
118900136,164,437,-273
118900137,6,36,-30
118900139,165,298,-133
118900140,291,496,-205
118900141,74,116,-42
118900144,76,344,-268
118900145,18,78,-60
118900146,170,516,-346
118900147,114,99,15
118900148,46,21,25
118900150,462,551,-89
118900152,422,662,-240
118900157,82,140,-58
118900158,44,60,-16
118900159,0,116,-116
118900161,77,8,69
118900163,105,84,21
118900164,6,81,-75
118900165,28,98,-70
118900166,16,1,15
118900167,65,58,7
118900168,56,79,-23
118900169,44,193,-149
118900170,71,75,-4
118900171,6,34,-28
118900174,21,34,-13
118900175,273,348,-75
118900176,99,184,-85
118900177,30,43,-13
118900178,28,152,-124
118900179,34,51,-17
118900182,55,26,29
118900183,11,64,-53
118900184,176,51,125
118900185,103,143,-40
118900186,77,60,17
118900187,142,204,-62
118900188,237,222,15
118900189,20,477,-457
118900190,8,256,-248
118900191,130,31,99
118900192,117,12,105
118900193,352,7,345
118900195,276,513,-237
118900196,26,110,-84
118900197,90,39,51
118900198,13,8,5
118900199,34,23,11
118900200,15,10,5
118900201,21,16,5
118900202,8,40,-32
118900203,6,13,-7
118900204,7,22,-15
118900205,10,13,-3
118900206,3,22,-19
119000001,1364,1079,285
119000002,3170,1936,1234
119000003,1914,1153,761
119000004,1892,1268,624
119000005,1351,1524,-173
119000006,2397,1506,891
119000007,2486,2692,-206
119000008,1765,1634,131
119000009,2813,3423,-610
119000010,5720,3940,1780
119000011,3253,2058,1195
119000012,2346,2734,-388
119000013,1674,1104,570
119000014,2002,2724,-722
119000019,189,154,35
119000020,1804,1068,736
119000021,3325,2008,1317
119000022,2065,1790,275
119000023,323,205,118
119000024,1286,7449,-6163
119000025,6729,1160,5569
119000026,100,255,-155
119000027,201,350,-149
119000028,1736,908,828
119000029,72,246,-174
119000030,473,866,-393
119000031,826,647,179
119000032,1542,2045,-503
119000033,1952,1219,733
119000034,1056,896,160
119000035,25,273,-248
119000036,1401,770,631
119000037,1020,1570,-550
119000038,120,801,-681
119000039,251,266,-15
119000040,789,403,386
119000041,721,1110,-389
119000048,2604,2850,-246
119000049,1522,2321,-799
119000050,1327,1962,-635
119000051,1745,925,820
119000052,1652,2539,-887
119000053,1767,1041,726
119000054,2615,3244,-629
119000055,3404,3096,308
119000056,1770,1761,9
119000057,1238,1920,-682
119000058,1598,1583,15
119000059,1117,1276,-159
119000060,1186,969,217
119000061,898,752,146
119000062,958,1310,-352
119000063,379,426,-47
119000064,1107,1321,-214
119000065,1777,2886,-1109
119000066,1745,1019,726
119000067,1628,2093,-465
119000068,1235,908,327
119000069,1287,2195,-908
119000070,1763,1009,754
119000071,562,510,52
119000072,4767,2756,2011
119000073,3720,5414,-1694
119000074,1076,2781,-1705
119000075,1651,2397,-746
119000076,376,609,-233
119000077,664,331,333
119000078,498,370,128
119000079,232,703,-471
119000080,347,153,194
119000081,204,273,-69
119000082,563,203,360
119000083,398,383,15
119000084,306,438,-132
119000085,491,288,203
119000086,313,537,-224
119000087,1576,974,602
119000088,365,248,117
119000089,124,269,-145
119000090,164,185,-21
119000091,198,477,-279
119000092,519,374,145
119000093,3211,2349,862
119000094,2429,4983,-2554
119000095,1231,2130,-899
119000097,2065,1446,619
119000098,542,2115,-1573
119000099,2056,1609,447
119000100,2468,2333,135
119000101,3252,1426,1826
119000102,767,738,29
119000103,1295,362,933
119000104,1981,1102,879
119000105,724,1332,-608
119000106,325,1318,-993
119000107,641,454,187
119000108,328,973,-645
119000109,109,241,-132
119000110,561,216,345
119000111,48,419,-371
119000112,178,59,119
119000113,1909,236,1673
119000114,579,695,-116
119000115,123,122,1
119000116,114,83,31
119000117,88,225,-137
119000118,2,1,1
119000123,3796,616,3180
119000124,598,180,418
119000125,2624,734,1890
119000126,822,727,95
119000127,453,621,-168
119000128,18,8,10
119000131,737,845,-108
119000132,4,5,-1
119000133,2,3,-1
119000134,2030,575,1455
119000135,77,158,-81
119000136,181,171,10
119000137,133,440,-307
119000138,275,284,-9
119000139,205,192,13
119000140,123,291,-168
119000284,1205,2714,-1509
119000285,1965,1856,109
119000286,7045,5590,1455
119000287,1110,2284,-1174
119000288,1704,1289,415
119000289,2301,2883,-582
119000290,166,387,-221
119000291,4,300,-296
119000293,102,150,-48
119000294,34,43,-9
119000295,1358,378,980
119000296,258,153,105
119000302,2409,1291,1118
119000303,51,130,-79
119000314,1167,6976,-5809
119000315,2,475,-473
119000316,124,110,14
119000317,53,337,-284
119000319,574,317,257
119900001,180,909,-729
119900002,142,246,-104
119900003,36,831,-795
119900004,338,589,-251
119900005,105,112,-7
119900006,162,274,-112
119900007,1022,155,867
119900008,106,30,76
119900009,477,605,-128
119900010,988,646,342
119900011,18,62,-44
119900012,25,73,-48
119900013,1415,710,705
119900014,523,140,383
119900015,49,18,31
119900016,15,54,-39
119900017,36,28,8
119900018,1834,679,1155
119900019,27,9,18
119900020,110,156,-46
119900021,86,44,42
119900022,76,312,-236
119900023,587,1017,-430
119900025,124,24,100
119900026,590,79,511
119900027,20,32,-12
119900028,298,70,228
119900029,3,6,-3
119900030,347,499,-152
119900031,43,252,-209
119900033,1554,198,1356
119900034,211,97,114
119900037,115,31,84
119900038,21,195,-174
119900039,47,10,37
119900040,232,12,220
119900041,64,37,27
119900042,113,130,-17
119900043,49,115,-66
119900044,143,597,-454
119900046,55,56,-1
119900047,165,47,118
119900049,103,5,98
119900050,71,62,9
119900051,809,18,791
119900052,18,26,-8
119900053,171,136,35
119900054,100,5,95
119900055,868,336,532
119900057,137,65,72
119900058,150,1,149
119900059,84,52,32
119900060,182,11,171
119900061,224,3,221
119900062,35,21,14
119900063,8,38,-30
119900065,144,2,142
119900067,42,16,26
119900068,269,0,269
119900069,82,17,65
119900070,620,5,615
119900071,429,19,410
119900073,1536,479,1057
119900074,96,18,78
119900075,4571,1971,2600
119900076,65,55,10
119900077,581,949,-368
119900078,406,672,-266
119900079,153,209,-56
119900080,349,299,50
119900081,394,28,366
119900082,907,64,843
119900083,286,105,181
119900084,623,241,382
119900085,53,60,-7
119900086,357,1087,-730
119900087,550,233,317
119900088,25,56,-31
119900089,28,430,-402
119900090,118,52,66
119900091,42,937,-895
119900092,61,256,-195
119900093,706,258,448
119900094,27,153,-126
119900095,150,85,65
119900096,40,73,-33
119900097,490,123,367
119900098,24,35,-11
119900099,23,125,-102
119900100,2073,1815,258
119900101,182,781,-599
119900102,30,210,-180
119900103,41,231,-190
119900104,14,112,-98
119900105,519,882,-363
119900106,4,151,-147
119900107,289,2521,-2232
119900108,1593,563,1030
119900109,27,162,-135
119900110,476,598,-122
119900111,124,494,-370
119900112,1745,461,1284
119900113,55,239,-184
119900114,142,1181,-1039
119900115,134,1070,-936
119900116,176,422,-246
119900117,198,543,-345
119900118,33,924,-891
119900119,162,186,-24
119900120,525,454,71
119900121,335,1032,-697
119900122,472,273,199
119900123,149,253,-104
119900124,158,693,-535
119900125,50,259,-209
119900126,3206,182,3024
119900127,2229,808,1421
119900128,368,650,-282
119900129,221,553,-332
119900130,37,227,-190
119900131,51,211,-160
119900132,5,210,-205
119900133,18,49,-31
119900134,1471,196,1275
119900135,0,286,-286
119900136,126,305,-179
119900138,286,324,-38
119900139,36,69,-33
119900140,5,122,-117
119900141,75,496,-421
119900142,0,15,-15
119900143,6,162,-156
119900144,1309,170,1139
119900145,72,149,-77
119900146,139,158,-19
119900147,1,112,-111
119900148,144,37,107
119900149,992,2817,-1825
119900150,106,105,1
119900151,1171,475,696
119900152,72,276,-204
119900153,118,56,62
119900154,14,768,-754
119900155,26,39,-13
119900156,8,3,5
119900157,103,185,-82
119900158,117,68,49
119900159,6,1344,-1338
119900160,18,150,-132
119900161,184,122,62
119900162,612,672,-60
119900163,78,116,-38
119900164,0,1,-1
119900165,122,168,-46
119900166,48,56,-8
119900167,115,71,44
119900168,660,374,286
119900169,75,180,-105
119900170,150,210,-60
119900171,788,376,412
119900172,85,18,67
119900173,4,415,-411
119900174,5,145,-140
119900175,957,666,291
119900177,26,199,-173
119900178,3,117,-114
119900179,79,329,-250
119900180,761,718,43
119900181,32,60,-28
119900182,4,285,-281
119900183,148,655,-507
119900184,1690,363,1327
119900185,23,101,-78
119900186,43,527,-484
119900187,8,299,-291
119900188,67,384,-317
119900189,411,337,74
119900190,46,199,-153
119900191,260,133,127
119900192,47,121,-74
119900193,259,186,73
119900194,8,39,-31
119900195,22,123,-101
119900196,1035,323,712
119900197,133,142,-9
119900198,105,243,-138
119900199,85,16,69
119900200,479,468,11
119900201,289,125,164
119900202,106,97,9
119900203,113,421,-308
119900204,120,172,-52
119900205,504,594,-90
119900206,89,92,-3
119900208,117,138,-21
119900209,361,850,-489
119900210,22,28,-6
119900211,71,6,65
119900212,323,625,-302
119900213,11,55,-44
119900214,22,91,-69
119900215,33,80,-47
119900216,6,65,-59
119900217,6,35,-29
119900218,18,72,-54
119900219,9,102,-93
119900220,3,69,-66
119900221,16,203,-187
119900222,13,133,-120
119900223,13,57,-44
119900224,13,12,1
119900225,696,55,641
119900226,457,1280,-823
119900227,827,243,584
119900228,52,179,-127
119900229,224,286,-62
119900230,1324,510,814
119900231,165,165,0
119900232,101,68,33
119900233,49,1,48
119900234,32,31,1
119900235,8,30,-22
119900236,17,150,-133
119900237,56,336,-280
119900238,1,58,-57
119900240,74,116,-42
119900241,132,186,-54
119900242,954,1258,-304
119900244,538,1166,-628
119900245,123,122,1
119900246,157,333,-176
119900247,14,61,-47
119900248,58,134,-76
119900249,150,60,90
119900253,2373,305,2068
119900254,65,506,-441
119900255,51,343,-292
119900256,366,865,-499
119900257,49,0,49
119900258,58,1,57
119900259,8,113,-105
119900260,79,1,78
119900261,204,132,72
119900262,0,288,-288
119900263,891,365,526
119900264,110,150,-40
119900265,262,355,-93
119900266,234,238,-4
119900267,186,344,-158
119900268,85,133,-48
119900269,801,940,-139
119900271,15,51,-36
119900272,164,73,91
119900275,114,40,74
119900276,40,0,40
119900277,13,8,5
119900278,151,65,86
119900279,73,258,-185
119900280,726,185,541
119900281,2,213,-211
119900282,26,53,-27
119900283,5,264,-259
119900284,27,147,-120
119900285,18,94,-76
119900286,2,21,-19
119900288,3,27,-24
119900289,0,29,-29
119900290,1,22,-21
119900291,0,41,-41
119900292,12,35,-23
119900293,21,79,-58
119900294,96,73,23
119900295,23,43,-20
119900296,9,204,-195
119900297,1,8,-7
119900298,3,2,1
119900299,37,205,-168
119900300,179,147,32
119900301,33,27,6
119900302,31,35,-4
119900303,137,127,10
119900304,160,20,140
119900305,11,111,-100
119900306,18,0,18
119900307,23,63,-40
119900308,2,14,-12
119900309,20,53,-33
119900310,225,213,12
119900311,88,117,-29
119900312,93,61,32
119900313,204,290,-86
119900314,125,301,-176
119900315,927,1869,-942
119900318,11,16,-5
119900319,0,257,-257
119900320,59,467,-408
119900321,54,1,53
120000001,5308,11216,-5908
120000002,2349,2630,-281
120000003,3091,1570,1521
120000004,2625,2218,407
120000005,4098,1950,2148
120000006,1283,1374,-91
120000007,3422,3017,405
120000008,863,1182,-319
120000009,3516,969,2547
120000010,1585,2369,-784
120000011,854,1941,-1087
120000012,1357,2275,-918
120000013,2395,2523,-128
120000014,640,1345,-705
120000015,2245,1403,842
120000016,2896,2194,702
120000017,2273,2121,152
120000018,3515,8937,-5422
120000019,738,1235,-497
120000020,2738,2634,104
120000021,1497,1933,-436
120000022,2140,3306,-1166
120000023,811,1534,-723
120000024,1220,2153,-933
120000025,1971,1933,38
120000026,1316,1645,-329
120000027,1456,1758,-302
120000028,679,553,126
120000029,3209,504,2705
120000030,287,989,-702
120000031,1538,5745,-4207
120000032,7525,3933,3592
120000033,4434,1807,2627
120000034,1601,1805,-204
120000035,1556,1977,-421
120000036,2295,4402,-2107
120000037,636,1238,-602
120000038,6259,2804,3455
120000039,482,771,-289
120000040,65,163,-98
120000041,1847,1384,463
120000042,1733,2651,-918
120000043,3919,1731,2188
120000044,4026,1534,2492
120000045,4237,1071,3166
120000046,2282,2271,11
120000047,1258,4131,-2873
120000048,6241,3465,2776
120000049,2874,2455,419
120000050,3428,3759,-331
120000051,2574,3493,-919
120000052,9187,2358,6829
120000053,1164,2788,-1624
120000054,1169,4378,-3209
120000055,1642,5018,-3376
120000056,3078,3200,-122
120000057,2419,659,1760
120000058,3637,338,3299
120000059,30,1421,-1391
120000061,103,564,-461
120000062,200,304,-104
120000063,1770,2457,-687
120000064,203,1173,-970
120000065,598,1485,-887
120000066,228,342,-114
120000067,70,415,-345
120000068,150,977,-827
120000069,587,1260,-673
120000070,59,793,-734
120000071,375,186,189
120000072,548,505,43
120000073,690,97,593
120000074,137,71,66
120000075,597,279,318
120000076,1481,419,1062
120000077,1538,552,986
120000078,2709,1040,1669
120000079,385,506,-121
120000080,250,335,-85
120000081,343,242,101
120000082,278,244,34
120000083,131,652,-521
120000084,307,312,-5
120000085,270,348,-78
120000086,243,554,-311
120000087,230,673,-443
120000088,654,1175,-521
120000089,911,711,200
120000090,601,496,105
120000091,726,906,-180
120000092,1044,635,409
120000093,337,456,-119
120000094,114,676,-562
120000095,810,490,320
120000096,251,762,-511
120000098,720,831,-111
120000099,363,745,-382
120000100,639,1040,-401
120000101,434,487,-53
120000102,429,740,-311
120000103,1170,722,448
120000104,1302,474,828
120000105,2245,611,1634
120000106,1976,628,1348
120000107,3013,589,2424
120000108,971,149,822
120000109,856,66,790
120000110,82,842,-760
120000111,98,1119,-1021
120000112,788,3039,-2251
120000113,789,2450,-1661
120000114,1036,3071,-2035
120000115,345,2591,-2246
120000116,651,2122,-1471
120000117,1362,1657,-295
120000118,33,20,13
120000119,39,55,-16
120000120,71,61,10
120000121,30,53,-23
120000122,243,381,-138
120000123,4852,4174,678
120000124,424,301,123
120000125,413,627,-214
120000126,305,656,-351
120000127,2252,792,1460
120000128,3297,2577,720
120000129,290,307,-17
120000130,657,548,109
120000131,261,608,-347
120000134,369,1032,-663
120000135,372,434,-62
120000137,189,1400,-1211
120000138,635,485,150
120000139,253,692,-439
120000140,700,460,240
120000141,348,483,-135
120000142,493,577,-84
120000143,1,114,-113
120000144,78,2,76
120000145,283,0,283
120000146,1504,802,702
120000149,612,1051,-439
120000150,3360,8906,-5546
120000151,353,635,-282
120000152,406,203,203
120000153,138,557,-419
120000154,490,385,105
120000155,119,240,-121
120000156,1666,591,1075
120000157,959,555,404
120000158,765,817,-52
120000159,1850,2490,-640
120000160,1879,1278,601
120000161,1676,2294,-618
120000162,108,239,-131
120000163,546,1289,-743
120000164,444,410,34
120000165,454,881,-427
120000166,1071,528,543
120000167,63,43,20
120000168,11,162,-151
120000169,38,510,-472
120000170,37,322,-285
120000171,16,108,-92
120000172,28,70,-42
120000173,3041,379,2662
120000174,433,15,418
120000175,441,22,419
120000176,363,24,339
120000177,1054,85,969
120000178,69,3,66
120000179,262,21,241
120000180,406,54,352
120000181,87,274,-187
120000182,66,174,-108
120000183,11,153,-142
120000184,91,690,-599
120000186,70,130,-60
120000187,54,66,-12
120000188,181,123,58
120000190,1177,10,1167
120000191,1071,28,1043
120000192,927,18,909
120000193,482,5,477
120000195,70,4,66
120000196,308,47,261
120000197,100,176,-76
120000198,113,73,40
120000199,57,0,57
120000200,70,2,68
120000201,13,16,-3
120000202,2,57,-55
120000203,25,213,-188
120000207,0,66,-66
120000208,8,245,-237
120000209,2,65,-63
120000210,89,63,26
120000211,88,1,87
120000212,111,1,110
120000213,70,333,-263
120000214,0,338,-338
120000215,2,140,-138
120000216,38,5,33
120000217,555,939,-384
120000218,153,830,-677
120000219,10,547,-537
120000220,8,1642,-1634
120000225,1222,1,1221
120000226,315,2,313
120000227,608,34,574
120000228,5435,2462,2973
120000230,301,20,281
120000231,977,1855,-878
120000233,144,6,138
120000235,206,694,-488
120000236,742,4,738
120000237,1,1466,-1465
120000238,1,201,-200
120000241,1006,3181,-2175
120000412,383,12,371
120000413,137,179,-42
120000414,53,1,52
120000415,0,133,-133
120000416,52,4,48
120000417,4,38,-34
120000418,55,4,51
120000419,6,244,-238
120000420,38,37,1
120000421,10161,5420,4741
120000422,108,672,-564
120000423,1,34,-33
120000424,55,102,-47
120000436,103,514,-411
120000437,162,144,18
120000438,3514,297,3217
120000439,127,386,-259
120000443,143,0,143
120000444,1396,531,865
120000445,1412,1113,299
120000446,714,203,511
120000447,164,1,163
120000449,34,7,27
120000450,1,155,-154
120000451,76,166,-90
120000452,103,2,101
120000453,2,252,-250
120000454,48,47,1
120000455,87,60,27
120000456,2123,3275,-1152
120000457,882,641,241
120000458,573,856,-283
120000459,72,56,16
120000665,1013,177,836
120000668,95,218,-123
120000669,50,220,-170
120000670,232,288,-56
120000671,865,435,430
120000672,117,577,-460
120900001,39,93,-54
120900002,236,222,14
120900003,360,29,331
120900004,7,54,-47
120900005,20,1698,-1678
120900006,325,164,161
120900007,98,94,4
120900008,180,1221,-1041
120900009,798,56,742
120900010,341,86,255
120900011,254,221,33
120900012,424,878,-454
120900013,241,47,194
120900014,2,450,-448
120900015,758,78,680
120900016,769,46,723
120900017,2161,80,2081
120900018,92,408,-316
120900019,443,240,203
120900020,817,1035,-218
120900021,460,137,323
120900022,18,224,-206
120900023,188,29,159
120900024,1553,403,1150
120900025,1772,930,842
120900026,151,157,-6
120900027,719,39,680
120900028,277,81,196
120900029,200,387,-187
120900030,873,516,357
120900031,158,93,65
120900032,816,100,716
120900033,782,70,712
120900034,15,1883,-1868
120900035,20,42,-22
120900037,217,10,207
120900038,42,216,-174
120900039,55,39,16
120900040,167,2,165
120900041,93,15,78
120900042,425,48,377
120900043,38,18,20
120900044,14,295,-281
120900045,152,52,100
120900046,351,3,348
120900047,116,86,30
120900048,120,28,92
120900049,279,4,275
120900050,2099,1105,994
120900051,255,108,147
120900052,424,11,413
120900053,153,56,97
120900054,1633,462,1171
120900055,345,0,345
120900056,369,11,358
120900057,119,23,96
120900058,398,0,398
120900059,48,7,41
120900060,30,25,5
120900061,229,143,86
120900062,204,0,204
120900063,401,2,399
120900064,398,1,397
120900065,325,5,320
120900066,103,115,-12
120900067,107,49,58
120900068,201,0,201
120900069,200,50,150
120900071,6,1,5
120900072,596,3,593
120900073,405,72,333
120900074,370,2,368
120900076,242,1,241
120900077,2419,270,2149
120900078,630,1237,-607
120900079,562,123,439
120900080,644,1911,-1267
120900081,751,36,715
120900082,487,401,86
120900083,71,3,68
120900084,174,289,-115
120900085,114,117,-3
120900086,104,316,-212
120900087,347,269,78
120900088,115,254,-139
120900089,3465,2059,1406
120900090,152,165,-13
120900091,645,724,-79
120900092,1555,602,953
120900093,2332,205,2127
120900094,519,169,350
120900095,307,20,287
120900096,27,136,-109
120900097,575,752,-177
120900098,329,196,133
120900099,34,48,-14
120900100,58,280,-222
120900101,876,305,571
120900102,24,88,-64
120900103,44,165,-121
120900104,14,40,-26
120900105,27,631,-604
120900106,1391,536,855
120900107,218,115,103
120900108,3,688,-685
120900109,54,619,-565
120900110,10,666,-656
120900111,186,371,-185
120900112,16,995,-979
120900113,33,748,-715
120900114,36,161,-125
120900115,103,181,-78
120900116,234,516,-282
120900117,1,584,-583
120900118,4,759,-755
120900119,2636,4884,-2248
120900120,65,632,-567
120900121,109,469,-360
120900122,242,509,-267
120900123,1,363,-362
120900124,0,723,-723
120900125,20,815,-795
120900126,1717,1165,552
120900127,7,462,-455
120900128,1306,1439,-133
120900129,52,324,-272
120900130,1,171,-170
120900131,28,38,-10
120900132,693,236,457
120900133,147,985,-838
120900134,969,401,568
120900135,10,648,-638
120900136,32,43,-11
120900137,158,68,90
120900138,13,220,-207
120900139,4,705,-701
120900140,1,55,-54
120900141,139,189,-50
120900142,18,558,-540
120900143,1,980,-979
120900144,0,149,-149
120900145,159,875,-716
120900146,2,1052,-1050
120900147,11,554,-543
120900148,53,128,-75
120900149,0,304,-304
120900150,40,618,-578
120900151,32,649,-617
120900152,145,34,111
120900153,17,85,-68
120900154,1,286,-285
120900155,161,1091,-930
120900156,146,455,-309
120900157,50,288,-238
120900158,79,660,-581
120900159,97,422,-325
120900160,32,727,-695
120900161,11,402,-391
120900162,24,432,-408
120900163,20,281,-261
120900164,0,7,-7
120900165,26,15,11
120900166,122,142,-20
120900167,230,109,121
120900169,85,316,-231
120900170,1657,2110,-453
120900171,1046,296,750
120900172,962,354,608
120900173,6,78,-72
120900174,10,109,-99
120900175,290,120,170
120900176,7,270,-263
120900177,1,838,-837
120900178,0,275,-275
120900179,1007,503,504
120900180,94,106,-12
120900181,94,37,57
120900182,21,338,-317
120900183,262,37,225
120900184,133,55,78
120900185,5,242,-237
120900186,1,494,-493
120900187,287,845,-558
120900188,155,10,145
120900189,127,1020,-893
120900190,49,12,37
120900191,0,28,-28
120900192,10407,5178,5229
120900194,51,66,-15
120900195,138,254,-116
120900196,539,46,493
120900197,442,104,338
120900198,286,558,-272
120900199,251,332,-81
120900200,72,105,-33
120900201,498,149,349
120900202,1,134,-133
120900203,34,61,-27
120900204,165,250,-85
120900205,22,47,-25
120900206,4,15,-11
120900207,46,1259,-1213
121000001,698,845,-147
121000002,1938,1349,589
121000003,2426,1546,880
121000004,2092,3626,-1534
121000005,1567,2159,-592
121000006,2621,1367,1254
121000007,2400,2323,77
121000008,5361,2673,2688
121000009,4352,4509,-157
121000010,6878,4741,2137
121000011,7404,10483,-3079
121000012,13493,8724,4769
121000013,4510,6386,-1876
121000014,5816,5221,595
121000015,3501,6177,-2676
121000016,4215,3174,1041
121000017,1674,2923,-1249
121000018,2045,1437,608
121000019,18458,11012,7446
121000020,11656,13197,-1541
121000021,3322,2536,786
121000022,2083,2192,-109
121000023,3878,2835,1043
121000024,3879,3928,-49
121000025,489,1191,-702
121000026,258,122,136
121000027,1245,1056,189
121000028,652,434,218
121000029,893,538,355
121000030,517,359,158
121000031,642,499,143
121000032,192,102,90
121000034,390,188,202
121000035,242,115,127
121000036,1029,801,228
121000037,626,450,176
121000038,500,653,-153
121000039,297,356,-59
121000041,529,383,146
121000042,255,333,-78
121000043,668,634,34
121000044,1502,692,810
121000045,420,211,209
121000046,570,713,-143
121000047,697,315,382
121000049,1526,585,941
121000050,334,956,-622
121000051,1252,302,950
121000052,560,518,42
121000053,261,113,148
121000054,32,293,-261
121000055,1072,902,170
121000056,682,825,-143
121000057,295,513,-218
121000058,768,276,492
121000059,1717,1154,563
121000060,446,1036,-590
121000061,161,140,21
121000062,151,339,-188
121000063,706,669,37
121000064,601,809,-208
121000065,475,406,69
121000066,611,525,86
121000067,712,417,295
121000068,681,314,367
121000069,959,560,399
121000070,2002,1098,904
121000071,1389,1110,279
121000072,1073,617,456
121000073,965,643,322
121000074,192,151,41
121000075,90,275,-185
121000076,1351,412,939
121000077,137,117,20
121000078,129,135,-6
121000080,1867,520,1347
121000081,2437,2393,44
121000082,99,271,-172
121000083,201,131,70
121000084,262,250,12
121000085,244,525,-281
121000086,153,681,-528
121000087,61,262,-201
121000088,416,485,-69
121000089,344,317,27
121000090,311,258,53
121000091,1080,537,543
121000092,170,83,87
121000093,138,167,-29
121000094,367,595,-228
121000095,270,441,-171
121000096,1954,2029,-75
121000097,1082,1640,-558
121000098,641,1156,-515
121000099,730,808,-78
121000100,974,403,571
121000101,402,242,160
121000102,293,328,-35
121000103,171,244,-73
121000104,250,164,86
121000105,393,207,186
121000106,323,338,-15
121000107,1851,2503,-652
121000109,1008,986,22
121000110,304,598,-294
121000114,2281,1944,337
121000115,719,657,62
121000116,316,766,-450
121000117,716,225,491
121000118,1176,200,976
121000119,335,317,18
121000120,227,398,-171
121000121,548,795,-247
121000123,1521,419,1102
121000127,136,111,25
121000128,1157,521,636
121000129,804,476,328
121000130,536,795,-259
121000131,2659,1808,851
121000132,1637,1368,269
121000135,343,287,56
121000136,1769,569,1200
121000137,414,215,199
121000138,1052,662,390
121000139,603,148,455
121000141,280,92,188
121000142,874,911,-37
121000143,100,24,76
121000144,944,1548,-604
121000145,546,1035,-489
121000146,1162,748,414
121000147,1001,431,570
121000148,798,977,-179
121000149,2141,1173,968
121000152,344,626,-282
121000153,1468,579,889
121000154,749,729,20
121000155,1175,988,187
121000156,361,956,-595
121000157,972,1759,-787
121000158,313,490,-177
121000159,190,387,-197
121000160,285,420,-135
121000161,120,284,-164
121000162,91,221,-130
121000165,1172,1430,-258
121000166,23,764,-741
121000168,419,222,197
121000169,88,162,-74
121000170,307,104,203
121000171,107,145,-38
121000172,524,505,19
121000173,971,857,114
121000174,293,342,-49
121000175,740,340,400
121000176,333,231,102
121000177,978,678,300
121000178,92,42,50
121000179,177,52,125
121000181,440,420,20
121000182,111,165,-54
121000183,91,71,20
121000184,184,76,108
121000185,29,126,-97
121000186,180,389,-209
121000187,167,187,-20
121000188,186,228,-42
121000192,644,275,369
121000193,583,484,99
121000194,2094,1912,182
121000195,223,707,-484
121000196,671,218,453
121000197,199,521,-322
121000198,176,91,85
121000199,104,348,-244
121000200,463,81,382
121000201,8,152,-144
121000202,733,80,653
121000203,789,1925,-1136
121000204,2115,684,1431
121000205,193,203,-10
121000206,148,27,121
121000207,2079,293,1786
121000208,6,278,-272
121000209,380,342,38
121000210,409,395,14
121000211,230,143,87
121000212,324,510,-186
121000213,7173,2376,4797
121000214,608,2317,-1709
121000215,984,740,244
121000216,412,560,-148
121000217,3794,2593,1201
121000218,492,1414,-922
121000219,1764,412,1352
121000220,230,43,187
121000221,113,181,-68
121000222,2230,1802,428
121000223,707,318,389
121000224,443,170,273
121000225,2104,1186,918
121000226,4620,923,3697
121000227,24,164,-140
121000228,13,463,-450
121000229,290,289,1
121000230,41,1347,-1306
121000231,799,21,778
121000232,308,278,30
121000233,574,295,279
121000234,22,40,-18
121000235,55,70,-15
121000236,9,27,-18
121000237,33,6,27
121000238,4,53,-49
121000239,25,6,19
121000240,21,164,-143
121000241,154,9,145
121000242,38,206,-168
121000243,484,168,316
121000244,1,59,-58
121000245,79,19,60
121000246,4,84,-80
121000247,122,6,116
121000248,1378,384,994
121000249,121,206,-85
121000250,667,130,537
121000251,26,312,-286
121000252,96,58,38
121000253,431,364,67
121000254,764,205,559
121000255,269,164,105
121000256,633,148,485
121000257,77,88,-11
121000258,225,39,186
121000259,88,44,44
121000260,138,95,43
121000261,321,52,269
121000262,652,785,-133
121000263,429,456,-27
121000271,219,1364,-1145
121000273,93,9,84
121000274,10,26,-16
121000275,2,18,-16
121000276,4,22,-18
121000278,75,25,50
121000289,226,23,203
121000290,976,669,307
121000294,145,143,2
121000297,806,1101,-295
121000299,280,256,24
121000300,585,899,-314
121000302,77,1005,-928
121000303,532,390,142
121000304,426,42,384
121000305,174,135,39
121000306,80,104,-24
121000308,134,285,-151
121000309,475,600,-125
121000310,145,318,-173
121000311,53,632,-579
121000312,206,162,44
121000313,264,415,-151
121000314,181,118,63
121000315,61,141,-80
121000530,1249,1109,140
121000531,1272,1255,17
121000532,5437,5388,49
121000533,2401,2508,-107
121000918,81,151,-70
121000919,97,54,43
121000938,288,307,-19
121000939,508,259,249
121000956,1338,1005,333
121000957,4,8,-4
121000958,110,26,84
121000959,841,762,79
121000960,2518,1773,745
121000961,182,121,61
121000962,190,563,-373
121000973,2,109,-107
121000976,20,145,-125
121000979,308,116,192
121000981,384,326,58
121000982,310,143,167
121000983,505,396,109
121000984,28,49,-21
121000985,508,479,29
121000986,270,186,84
121000987,231,1053,-822
121000988,686,109,577
121001302,333,115,218
121001308,13,9,4
121001309,39,56,-17
121001313,156,255,-99
121001314,2355,2935,-580
121001315,3368,2121,1247
121001326,412,361,51
121001327,165,141,24
121001328,337,18,319
121900001,124,186,-62
121900002,68,25,43
121900003,362,6,356
121900004,121,304,-183
121900005,31,9,22
121900006,62,13,49
121900007,1353,1734,-381
121900008,1173,295,878
121900009,303,19,284
121900010,255,2,253
121900011,118,268,-150
121900012,6,1,5
121900013,1496,71,1425
121900014,1061,343,718
121900015,161,153,8
121900016,6,49,-43
121900017,382,360,22
121900018,270,4,266
121900019,354,216,138
121900020,35,5,30
121900021,671,29,642
121900022,242,171,71
121900023,102,183,-81
121900024,334,105,229
121900025,493,339,154
121900026,218,37,181
121900027,254,99,155
121900028,217,14,203
121900029,79,150,-71
121900030,430,471,-41
121900031,719,5266,-4547
121900032,73,60,13
121900033,140,122,18
121900034,264,81,183
121900035,1982,1647,335
121900036,69,286,-217
121900037,135,366,-231
121900038,29,104,-75
121900039,285,41,244
121900040,58,71,-13
121900041,71,109,-38
121900042,317,113,204
121900043,7,9,-2
121900044,108,43,65
121900046,275,190,85
121900047,168,63,105
121900048,18,103,-85
121900050,36,36,0
121900051,139,180,-41
121900052,164,37,127
121900053,452,287,165
121900054,481,744,-263
121900055,0,11,-11
121900058,132,94,38
121900059,325,127,198
121900060,125,275,-150
121900062,135,62,73
121900063,1028,404,624
121900064,217,504,-287
121900066,94,25,69
121900067,31,45,-14
121900069,150,85,65
121900070,230,73,157
121900071,236,181,55
121900072,60,157,-97
121900073,200,202,-2
121900074,544,777,-233
121900075,474,324,150
121900076,410,518,-108
121900078,100,20,80
121900079,0,0,0
121900080,634,275,359
121900082,32,98,-66
121900084,7,130,-123
121900086,21,26,-5
121900087,181,89,92
121900088,1252,2086,-834
121900089,155,308,-153
121900090,13,68,-55
121900091,44,142,-98
121900092,69,62,7
121900093,60,60,0
121900094,10,5,5
121900095,185,118,67
121900096,923,575,348
121900097,480,166,314
121900098,2,0,2
121900099,137,57,80
121900100,241,378,-137
121900101,85,108,-23
121900102,2,112,-110
121900103,489,204,285
121900104,1367,320,1047
121900105,342,122,220
121900106,3,0,3
121900107,35,22,13
121900108,1,23,-22
121900109,283,146,137
121900110,393,784,-391
121900111,923,96,827
121900112,115,111,4
121900113,62,329,-267
121900114,39,51,-12
121900117,320,34,286
121900118,1616,444,1172
121900119,146,126,20
121900120,46,1242,-1196
121900121,351,45,306
121900122,23,49,-26
121900123,157,426,-269
121900124,93,119,-26
121900125,905,860,45
121900127,20,62,-42
121900128,127,83,44
121900129,683,165,518
121900130,101,201,-100
121900131,225,101,124
121900132,23,73,-50
121900133,108,684,-576
121900134,17,136,-119
121900135,1408,195,1213
121900136,185,298,-113
121900137,34,287,-253
121900138,79,139,-60
121900139,272,400,-128
121900140,55,163,-108
121900141,55,43,12
121900142,128,117,11
121900143,3,120,-117
121900144,81,228,-147
121900145,109,158,-49
121900146,510,627,-117
121900147,57,123,-66
121900148,204,226,-22
121900149,234,571,-337
121900150,69,106,-37
121900151,53,168,-115
121900152,70,126,-56
121900153,82,493,-411
121900154,27,186,-159
121900155,3,76,-73
121900156,155,112,43
121900157,5,314,-309
121900158,55,87,-32
121900159,1,206,-205
121900160,3,307,-304
121900161,340,265,75
121900162,88,132,-44
121900163,303,521,-218
121900164,424,174,250
121900165,249,142,107
121900166,287,152,135
121900167,114,89,25
121900168,138,218,-80
121900169,2,207,-205
121900170,2,182,-180
121900171,589,391,198
121900172,375,171,204
121900173,678,205,473
121900174,17,68,-51
121900175,119,129,-10
121900176,482,1163,-681
121900177,131,78,53
121900178,46,47,-1
121900179,311,100,211
121900180,3288,3027,261
121900182,653,188,465
121900183,630,595,35
121900184,36,367,-331
121900186,0,227,-227
121900187,41,131,-90
121900188,345,411,-66
121900189,34,103,-69
121900190,198,397,-199
121900191,78,158,-80
121900192,260,589,-329
121900193,54,168,-114
121900194,6,104,-98
121900195,80,58,22
121900196,763,947,-184
121900197,242,1256,-1014
121900198,835,846,-11
121900199,6,10,-4
121900200,98,222,-124
121900201,967,520,447
121900202,133,456,-323
121900203,171,681,-510
121900204,631,950,-319
121900205,10,68,-58
121900206,11,20,-9
121900207,85,22,63
121900208,231,216,15
121900209,58,36,22
121900210,1079,963,116
121900211,247,449,-202
121900212,95,78,17
121900213,137,74,63
121900214,7,423,-416
121900215,78,79,-1
121900216,59,98,-39
121900217,133,90,43
121900218,162,344,-182
121900220,125,11,114
121900221,157,503,-346
121900222,121,131,-10
121900223,110,37,73
121900224,68,30,38
121900225,124,76,48
121900226,180,541,-361
121900227,145,376,-231
121900228,188,289,-101
121900230,114,149,-35
121900231,438,936,-498
121900232,203,297,-94
121900233,113,158,-45
121900234,216,209,7
121900235,455,171,284
121900236,281,125,156
121900237,179,246,-67
121900238,99,243,-144
121900239,131,14,117
121900240,171,62,109
121900241,28,41,-13
121900242,5,2,3
121900243,6,0,6
121900244,9,1,8
121900245,123,52,71
121900246,1609,292,1317
121900248,1205,1062,143
121900250,263,258,5
121900251,203,25,178
121900252,500,109,391
121900253,158,790,-632
121900254,540,236,304
121900255,240,54,186
121900258,2384,1834,550
121900259,381,533,-152
121900260,61,142,-81
121900261,178,376,-198
121900262,287,901,-614
121900263,160,264,-104
121900264,1625,1257,368
121900265,189,221,-32
121900266,336,223,113
121900267,77,21,56
121900269,130,513,-383
121900270,29,184,-155
121900271,30,97,-67
121900273,382,1548,-1166
121900274,271,184,87
121900277,468,817,-349
121900278,96,778,-682
121900279,163,180,-17
121900280,155,242,-87
121900281,552,343,209
121900284,56,13,43
121900286,107,103,4
121900287,25,20,5
121900288,2,2,0
121900290,161,246,-85
121900291,394,446,-52
121900292,115,140,-25
121900293,795,2283,-1488
121900294,211,0,211
121900295,79,196,-117
121900296,54,64,-10
121900298,235,531,-296
121900299,0,0,0
121900300,81,0,81
121900301,75,4,71
121900302,0,26,-26
121900303,315,260,55
121900304,2,9,-7
121900305,5,7,-2
121900306,137,4,133
121900307,67,5,62
121900308,32,216,-184
121900309,16,234,-218
121900310,26,384,-358
121900311,288,27,261
121900312,289,9,280
121900313,384,16,368
121900314,4,36,-32
121900315,15,1,14
121900316,0,16,-16
121900317,9,1,8
121900318,0,19,-19
121900319,29,127,-98
121900320,34,67,-33
121900321,20,3,17
121900322,0,19,-19
121900323,20,18,2
121900324,3,50,-47
121900325,10,1,9
121900326,0,16,-16
121900327,6,69,-63
121900328,3,23,-20
121900329,2,187,-185
121900330,0,9,-9
121900331,11,12,-1
121900332,54,12,42
121900333,37,0,37
121900334,66,40,26
122000001,2236,4541,-2305
122000002,4586,1547,3039
122000003,1956,2437,-481
122000004,2859,1430,1429
122000005,2147,1431,716
122000006,1695,831,864
122000007,1250,1898,-648
122000008,4254,4246,8
122000009,405,397,8
122000010,1699,2422,-723
122000011,2725,1969,756
122000012,1234,1285,-51
122000013,1208,768,440
122000014,1329,1091,238
122000015,1107,714,393
122000016,502,635,-133
122000017,834,993,-159
122000018,1023,900,123
122000019,623,991,-368
122000020,119,149,-30
122000021,358,355,3
122000022,1174,857,317
122000023,573,1437,-864
122000024,602,958,-356
122000025,1186,1310,-124
122000026,1147,870,277
122000027,441,2452,-2011
122000028,593,327,266
122000029,326,276,50
122000030,256,145,111
122000031,169,224,-55
122000032,1442,1772,-330
122000033,733,938,-205
122000034,522,460,62
122000035,271,615,-344
122000036,465,478,-13
122000037,327,214,113
122000038,202,265,-63
122000039,559,384,175
122000040,242,298,-56
122000041,474,450,24
122000042,230,339,-109
122000043,77,106,-29
122000044,95,136,-41
122000045,1130,389,741
122000046,718,683,35
122000047,217,204,13
122000048,2906,3732,-826
122000049,4804,2485,2319
122000050,1535,831,704
122000051,277,279,-2
122000052,392,302,90
122000053,149,713,-564
122000054,2232,1621,611
122000055,1949,2558,-609
122000056,4702,3453,1249
122000057,2936,3095,-159
122000058,3211,1182,2029
122000059,3175,1628,1547
122000060,692,574,118
122000061,563,500,63
122000062,1278,279,999
122000063,1133,551,582
122000064,3056,2274,782
122000065,4230,2141,2089
122000066,555,324,231
122000067,1594,870,724
122000068,829,1025,-196
122000069,886,567,319
122000070,626,1883,-1257
122000071,1058,1052,6
122000072,387,328,59
122000073,426,514,-88
122000074,2382,1433,949
122000075,613,1131,-518
122000076,1635,987,648
122000077,1255,649,606
122000078,2534,2273,261
122000079,1464,961,503
122000080,850,308,542
122000081,175,249,-74
122000082,1107,688,419
122000083,1176,2017,-841
122000084,916,630,286
122000085,216,931,-715
122000086,1783,4035,-2252
122000087,417,144,273
122000088,227,252,-25
122000089,4304,2100,2204
122000090,181,446,-265
122000091,355,52,303
122000092,167,13,154
122000093,1441,1113,328
122000094,5078,1792,3286
122000095,2309,2767,-458
122000096,2374,1319,1055
122000098,2636,1633,1003
122000099,1842,466,1376
122000100,839,522,317
122000101,297,723,-426
122000102,1487,888,599
122000103,1926,1524,402
122000104,343,136,207
122000105,504,220,284
122000106,466,450,16
122000107,779,379,400
122000108,425,566,-141
122000109,265,239,26
122000110,311,383,-72
122000111,2035,1063,972
122000112,700,1156,-456
122000113,535,464,71
122000114,2353,1074,1279
122000115,1289,1136,153
122000116,470,438,32
122000117,1070,420,650
122000118,407,724,-317
122000119,2761,1972,789
122000120,2120,3488,-1368
122000121,2616,2435,181
122000122,731,1654,-923
122000123,1847,1622,225
122000124,946,548,398
122000125,571,667,-96
122000126,523,1119,-596
122000127,1024,1392,-368
122000128,656,704,-48
122000129,448,1242,-794
122000130,3250,1298,1952
122000131,1425,1334,91
122000132,685,508,177
122000133,820,1174,-354
122000134,857,800,57
122000135,795,689,106
122000136,726,651,75
122000137,1266,732,534
122000139,1120,2953,-1833
122000140,868,455,413
122000141,3166,836,2330
122000142,274,659,-385
122000143,468,575,-107
122000144,1642,1533,109
122000145,1313,910,403
122000146,546,948,-402
122000147,737,466,271
122000148,1738,1504,234
122000149,1917,1520,397
122000150,1133,940,193
122000151,194,359,-165
122000152,434,437,-3
122000153,465,290,175
122000154,251,229,22
122000155,1335,2073,-738
122000156,1832,1527,305
122000157,1334,1160,174
122000158,354,521,-167
122000159,978,1451,-473
122000160,3861,2390,1471
122000161,1002,1000,2
122000162,1827,1654,173
122000163,169,84,85
122000164,33,73,-40
122000165,688,542,146
122000166,1010,795,215
122000167,211,189,22
122000168,143,400,-257
122000169,441,163,278
122000170,235,171,64
122000171,39,85,-46
122000172,1201,1124,77
122000173,1107,1696,-589
122000174,1940,608,1332
122000175,1124,262,862
122000176,283,616,-333
122000177,1140,1029,111
122000178,2130,1936,194
122000179,1123,1884,-761
122000180,1179,949,230
122000181,1452,2122,-670
122000182,1366,1220,146
122000183,1764,964,800
122000184,1855,1674,181
122000185,906,1072,-166
122000186,433,632,-199
122000187,1758,936,822
122000188,401,157,244
122000189,197,246,-49
122000190,876,925,-49
122000191,621,462,159
122000192,869,252,617
122000193,374,472,-98
122000194,687,164,523
122000195,140,434,-294
122000196,1121,487,634
122000197,480,476,4
122000198,420,704,-284
122000199,366,240,126
122000200,1006,541,465
122000201,952,1094,-142
122000202,1076,945,131
122000203,2052,1209,843
122000204,1791,1591,200
122000205,1518,1127,391
122000206,2042,688,1354
122000207,1788,978,810
122000208,1991,1192,799
122000209,1806,350,1456
122000210,2069,1433,636
122000211,1261,820,441
122000212,770,551,219
122000213,911,1100,-189
122000214,1788,1593,195
122000215,1353,1375,-22
122000217,1623,1163,460
122000218,614,75,539
122000219,1179,872,307
122000220,361,585,-224
122000221,91,392,-301
122000222,591,152,439
122000223,1255,426,829
122000225,750,260,490
122000226,2240,1417,823
122000227,262,2079,-1817
122000228,461,324,137
122000229,31,476,-445
122000230,53,464,-411
122000231,459,746,-287
122000232,652,904,-252
122000233,1,83,-82
122000234,356,212,144
122000235,958,176,782
122000236,901,104,797
122000237,92,84,8
122000238,352,262,90
122000239,644,134,510
122000240,1389,500,889
122000241,1497,490,1007
122000242,719,132,587
122000243,260,69,191
122000244,58,392,-334
122000245,90,278,-188
122000246,336,196,140
122000247,559,589,-30
122000248,1204,1565,-361
122000249,1342,830,512
122000250,1843,1133,710
122000251,262,449,-187
122000252,483,140,343
122000253,65,227,-162
122000254,219,100,119
122000255,646,1383,-737
122000256,395,910,-515
122000257,239,294,-55
122000258,432,257,175
122000259,19,544,-525
122000260,220,841,-621
122000261,13,208,-195
122000262,0,48,-48
122000263,253,91,162
122000264,951,387,564
122000265,2131,777,1354
122000266,4231,599,3632
122000267,281,169,112
122000268,131,361,-230
122000269,774,329,445
122000270,730,155,575
122000271,320,752,-432
122000272,338,870,-532
122000273,416,366,50
122000274,185,240,-55
122000275,346,275,71
122000276,778,467,311
122000277,1177,1274,-97
122000278,1796,828,968
122000279,155,437,-282
122000280,910,641,269
122000281,838,631,207
122000282,251,159,92
122000283,913,73,840
122000284,246,124,122
122000285,655,109,546
122000286,199,134,65
122000287,1163,1134,29
122000288,680,237,443
122000291,1565,674,891
122000293,212,253,-41
122000294,106,196,-90
122000295,1270,174,1096
122000296,42,650,-608
122000297,2062,2568,-506
122000299,358,299,59
122000300,489,516,-27
122000301,8784,2871,5913
122000302,651,1116,-465
122000303,2800,1129,1671
122000304,61,198,-137
122000305,881,655,226
122000306,37,731,-694
122000307,145,150,-5
122000309,80,50,30
122000310,29,74,-45
122000311,253,177,76
122000312,158,92,66
122000313,116,43,73
122000314,99,146,-47
122000315,237,43,194
122000316,622,167,455
122000317,1218,252,966
122000318,207,397,-190
122000319,201,293,-92
122000320,386,1499,-1113
122000321,105,208,-103
122000322,2074,2081,-7
122000323,1421,2004,-583
122000324,1071,994,77
122000325,681,1209,-528
122000326,58,83,-25
122000327,482,822,-340
122000328,946,606,340
122000330,1602,640,962
122000333,33,106,-73
122000337,780,1455,-675
122000338,372,366,6
122000340,263,359,-96
122000342,1730,859,871
122000343,457,1005,-548
122000344,38,18,20
122000345,358,204,154
122000346,332,465,-133
122000348,644,617,27
122000349,128,615,-487
122000351,120,162,-42
122000352,463,134,329
122000353,105,87,18
122000355,163,145,18
122000356,1235,749,486
122000357,116,11,105
122000358,0,38,-38
122000359,0,24,-24
122000360,0,23,-23
122000362,4,88,-84
122000364,126,303,-177
122000365,4,51,-47
122000366,7,8,-1
122000368,346,537,-191
122000370,27,75,-48
122000371,26,0,26
122000372,53,1,52
122000381,55,267,-212
122000382,55,293,-238
122000384,2624,1325,1299
122000385,76,0,76
122000386,377,1006,-629
122000387,532,481,51
122000388,1336,570,766
122000389,151,480,-329
122000390,468,194,274
122000391,239,79,160
122000392,165,155,10
122000393,440,514,-74
122000394,500,238,262
122000395,154,183,-29
122000396,296,115,181
122000397,68,81,-13
122000398,35,42,-7
122000399,161,59,102
122000400,125,391,-266
122000401,122,85,37
122000402,212,83,129
122000403,411,857,-446
122000404,145,348,-203
122000408,831,1141,-310
122000503,7,132,-125
122000524,125,81,44
122000544,47,2610,-2563
122000614,384,384,0
122000616,289,1,288
122000640,53,129,-76
122000641,100,298,-198
122000642,1533,854,679
122000643,48,109,-61
122000644,158,23,135
122000645,86,166,-80
122000651,1580,635,945
122000664,190,32,158
122000665,1134,504,630
122000666,588,934,-346
122000673,67,275,-208
122000674,143,66,77
122000675,1827,1023,804
122000686,357,902,-545
122000687,1483,302,1181
122000688,249,585,-336
122000689,839,409,430
122000690,1461,572,889
122000691,571,1652,-1081
122000692,1260,401,859
122000693,427,1446,-1019
122000695,343,380,-37
122000696,269,217,52
122000698,330,549,-219
122000699,168,77,91
122000701,1413,395,1018
122000702,442,1212,-770
122000703,109,42,67
122000712,0,0,0
122000717,139,53,86
122000718,737,1553,-816
122000719,81,71,10
122000720,384,255,129
122000724,275,260,15
122900001,21,3,18
122900002,1046,3375,-2329
122900003,441,57,384
122900004,401,21,380
122900005,84,34,50
122900006,1223,145,1078
122900007,99,51,48
122900008,682,25,657
122900009,540,368,172
122900010,155,82,73
122900012,223,246,-23
122900014,130,219,-89
122900015,1634,650,984
122900016,110,186,-76
122900017,344,645,-301
122900018,108,19,89
122900020,493,327,166
122900021,60,658,-598
122900022,696,712,-16
122900023,266,152,114
122900024,134,136,-2
122900025,11,178,-167
122900026,66,240,-174
122900027,40,602,-562
122900028,117,156,-39
122900029,3655,2395,1260
122900030,855,438,417
122900031,69,211,-142
122900032,96,358,-262
122900033,235,77,158
122900034,3390,4392,-1002
122900035,18,17,1
122900036,41,114,-73
122900037,302,110,192
122900038,111,2681,-2570
122900039,124,379,-255
122900040,263,250,13
122900041,306,162,144
122900042,157,232,-75
122900043,287,146,141
122900044,76,244,-168
122900045,78,95,-17
122900046,194,63,131
122900047,173,133,40
122900048,51,198,-147
122900049,1382,107,1275
122900051,60,97,-37
122900052,97,150,-53
122900053,12,25,-13
122900055,244,97,147
122900057,283,47,236
122900061,442,151,291
122900062,500,637,-137
122900063,155,241,-86
122900064,1201,395,806
122900065,483,224,259
122900066,605,333,272
122900067,850,633,217
122900069,327,1563,-1236
122900070,411,51,360
122900071,113,336,-223
122900073,28,269,-241
122900074,478,479,-1
122900075,2,49,-47
122900076,3,172,-169
122900077,1,92,-91
122900078,180,108,72
122900080,50,36,14
122900081,280,141,139
122900082,796,220,576
122900083,200,159,41
122900084,2,196,-194
122900086,9,74,-65
122900087,352,325,27
122900088,26,89,-63
122900089,125,161,-36
122900090,8,513,-505
122900091,208,0,208
122900092,0,63,-63
122900093,0,203,-203
122900094,0,165,-165
122900095,105,11,94
122900096,262,251,11
122900097,24,19,5
122900098,73,76,-3
122900099,45,5,40
122900100,707,132,575
122900101,471,199,272
122900102,28,23,5
122900103,104,8,96
122900104,104,11,93
122900105,7,5,2
122900106,3,61,-58
122900107,1,167,-166
122900108,6,217,-211
122900109,159,100,59
123000001,1382,403,979
123000002,3770,3781,-11
123000003,3280,3564,-284
123000004,2982,3893,-911
123000005,2283,2450,-167
123000006,2233,2490,-257
123000007,3688,2585,1103
123000008,2314,3011,-697
123000009,4008,2848,1160
123000010,3344,3198,146
123000011,2174,719,1455
123000012,810,1775,-965
123000013,3096,817,2279
123000014,954,2844,-1890
123000015,3592,926,2666
123000016,3938,3105,833
123000017,2835,1749,1086
123000018,51,116,-65
123000019,243,184,59
123000020,140,73,67
123000021,55,284,-229
123000022,278,2747,-2469
123000023,1387,1325,62
123000024,1490,620,870
123000025,252,185,67
123000026,68,85,-17
123000027,920,261,659
123000028,1561,259,1302
123000029,1994,409,1585
123000030,268,340,-72
123000031,135,260,-125
123000032,305,149,156
123000033,252,52,200
123000034,1253,1076,177
123000035,360,387,-27
123000036,230,788,-558
123000037,199,284,-85
123000038,96,256,-160
123000039,339,1297,-958
123000040,742,331,411
123000041,1152,1018,134
123000042,900,566,334
123000043,2780,6886,-4106
123000044,4415,2240,2175
123000045,8381,2792,5589
123000046,726,1287,-561
123000047,2039,1074,965
123000048,53,456,-403
123000049,5712,6850,-1138
123000050,1091,1156,-65
123000051,111,205,-94
123000052,679,2994,-2315
123000053,2144,2906,-762
123000054,1241,1041,200
123000055,779,1394,-615
123000056,1421,1508,-87
123000057,11942,5642,6300
123000058,595,768,-173
123000059,424,448,-24
123000060,734,246,488
123000061,230,643,-413
123000063,769,832,-63
123000064,728,282,446
123000065,4303,2366,1937
123000066,700,554,146
123000067,867,560,307
123000068,2484,2462,22
123000069,5775,2750,3025
123000070,269,680,-411
123000071,679,1111,-432
123000072,966,869,97
123000073,935,682,253
123000074,958,1194,-236
123000075,321,801,-480
123000076,607,678,-71
123000077,1846,2373,-527
123000078,1153,1624,-471
123000079,1115,1791,-676
123000080,1834,1556,278
123000081,122,335,-213
123000082,414,853,-439
123000083,737,205,532
123000084,576,617,-41
123000085,248,89,159
123000086,398,185,213
123000087,240,297,-57
123000088,868,764,104
123000089,482,1011,-529
123000090,912,795,117
123000091,1329,1431,-102
123000092,972,1093,-121
123000094,357,225,132
123000095,401,625,-224
123000096,565,329,236
123000097,298,680,-382
123000098,710,455,255
123000099,559,647,-88
123000100,470,558,-88
123000101,548,535,13
123000102,433,498,-65
123000104,367,478,-111
123000105,431,442,-11
123000106,533,536,-3
123000107,394,506,-112
123000108,718,1249,-531
123000111,636,355,281
123000112,829,643,186
123000113,570,1265,-695
123000114,364,595,-231
123000115,193,281,-88
123000116,54,137,-83
123000117,1450,1724,-274
123000118,433,739,-306
123000119,228,738,-510
123000120,357,663,-306
123000121,434,531,-97
123000122,275,254,21
123000123,402,693,-291
123000124,429,471,-42
123000125,970,1145,-175
123000126,1178,3255,-2077
123000127,845,708,137
123000128,342,253,89
123000129,576,207,369
123000130,444,85,359
123000131,573,695,-122
123000132,384,476,-92
123000133,274,385,-111
123000134,391,132,259
123000135,1789,1055,734
123000136,265,799,-534
123000137,107,271,-164
123000138,93,328,-235
123000139,385,144,241
123000140,115,786,-671
123000141,630,137,493
123000142,984,951,33
123000143,1517,1899,-382
123000144,39,9,30
123000145,179,123,56
123000146,43,53,-10
123000147,86,73,13
123000149,359,405,-46
123000150,177,212,-35
123000151,298,398,-100
123000152,141,384,-243
123000153,145,598,-453
123000154,1603,1716,-113
123000155,1944,799,1145
123000156,60,104,-44
123000157,676,805,-129
123000158,579,673,-94
123000159,2852,2147,705
123000160,945,693,252
123000161,1464,941,523
123000162,1012,1491,-479
123000163,325,99,226
123000164,1104,419,685
123000165,320,1385,-1065
123000166,52,163,-111
123000167,103,286,-183
123000168,213,220,-7
123000169,604,131,473
123000170,82,186,-104
123000171,456,35,421
123000172,140,490,-350
123000173,479,244,235
123000174,820,347,473
123000175,591,1191,-600
123000176,968,237,731
123000177,292,867,-575
123000178,629,170,459
123000179,50,509,-459
123000180,1261,299,962
123000181,277,1467,-1190
123000182,167,351,-184
123000183,160,456,-296
123000184,103,554,-451
123000185,563,620,-57
123000186,132,761,-629
123000187,510,9,501
123000188,246,107,139
123000189,92,192,-100
123000190,41,252,-211
123000192,65,346,-281
123000193,148,805,-657
123000194,410,369,41
123000195,357,84,273
123000196,256,217,39
123000197,138,135,3
123000198,81,205,-124
123000199,43,524,-481
123000200,413,48,365
123000201,826,79,747
123000202,112,939,-827
123000203,751,94,657
123000204,79,1010,-931
123000205,530,1651,-1121
123000206,1935,253,1682
123000207,152,807,-655
123000208,503,158,345
123000209,1825,567,1258
123000210,483,2063,-1580
123000211,543,2238,-1695
123000212,2342,480,1862
123000213,700,145,555
123000215,68,165,-97
123000216,149,684,-535
123000217,189,44,145
123000218,103,518,-415
123000219,829,166,663
123000220,407,78,329
123000221,187,107,80
123000222,350,269,81
123000223,158,307,-149
123000224,353,440,-87
123000225,215,86,129
123000226,80,297,-217
123000227,112,343,-231
123000228,225,78,147
123000229,912,1595,-683
123000232,88,557,-469
123000233,611,203,408
123000234,162,576,-414
123000235,780,267,513
123000236,230,695,-465
123000237,302,62,240
123000238,71,495,-424
123000239,440,1230,-790
123000240,47,303,-256
123000241,427,84,343
123000242,86,170,-84
123000243,820,783,37
123000244,933,662,271
123000245,69,204,-135
123000249,318,638,-320
123000252,735,201,534
123000253,922,432,490
123000254,595,851,-256
123000255,1023,743,280
123000256,33,198,-165
123000257,2513,2077,436
123000258,958,835,123
123000259,287,304,-17
123000260,305,335,-30
123000261,143,109,34
123000262,97,161,-64
123000263,311,86,225
123000264,148,77,71
123000265,33,176,-143
123000266,462,687,-225
123000267,482,299,183
123000268,50,56,-6
123000269,80,55,25
123000270,21,69,-48
123000271,104,76,28
123000272,531,266,265
123000273,206,547,-341
123000274,978,498,480
123000275,265,769,-504
123000278,2452,2254,198
123000279,68,88,-20
123000280,313,248,65
123000281,335,88,247
123000282,89,234,-145
123000283,62,68,-6
123000284,62,103,-41
123000286,218,303,-85
123000287,560,234,326
123000288,1018,596,422
123000289,444,753,-309
123000291,219,658,-439
123000294,250,275,-25
123000295,950,792,158
123000296,552,386,166
123000297,600,631,-31
123000298,449,385,64
123000299,157,314,-157
123000300,775,798,-23
123000301,90,208,-118
123000302,58,152,-94
123000303,131,94,37
123000305,957,804,153
123000306,84,152,-68
123000309,63,90,-27
123000310,39,43,-4
123000311,23,160,-137
123000312,863,924,-61
123000313,521,802,-281
123000315,43,326,-283
123000316,97,29,68
123000317,256,53,203
123000318,39,228,-189
123000329,8,11,-3
123000337,949,207,742
123000338,860,45,815
123000339,195,113,82
123000340,175,344,-169
123000342,14,154,-140
123000343,48,2,46
123000344,1279,453,826
123000345,388,496,-108
123000346,255,71,184
123000352,1201,747,454
123000353,31,173,-142
123000354,1008,7,1001
123000355,0,1002,-1002
123000356,319,8,311
123000357,4,168,-164
123000359,8,166,-158
123000360,134,114,20
123000361,364,247,117
123000362,279,97,182
123000363,95,129,-34
123000364,362,438,-76
123000365,20,332,-312
123000366,386,1695,-1309
123000367,278,1036,-758
123000370,53,181,-128
123000371,327,25,302
123000372,407,32,375
123000373,13,304,-291
123000374,12,187,-175
123000375,247,72,175
123000376,705,547,158
123000377,251,26,225
123000378,9,229,-220
123000379,2,215,-213
123000380,60,305,-245
123000381,153,49,104
123000382,1077,146,931
123000383,209,1228,-1019
123000384,374,75,299
123000385,366,671,-305
123000436,6,1015,-1009
123000507,177,223,-46
123000508,201,794,-593
123000517,395,42,353
123000518,30,253,-223
123000519,141,80,61
123000520,61,246,-185
123000521,290,103,187
123000522,106,380,-274
123000541,5,4,1
123000542,0,22,-22
123000565,727,43,684
123000566,191,598,-407
123000567,73,208,-135
123000573,50,592,-542
123000574,749,48,701
123000575,1194,1014,180
123000576,662,1343,-681
123000577,59,534,-475
123000578,551,70,481
123000579,3233,4175,-942
123000580,87,20,67
123000582,301,32,269
123000583,26,279,-253
123000584,155,221,-66
123000585,1,79,-78
123000586,74,0,74
123000596,99,108,-9
123000597,74,120,-46
123000602,30,18,12
123000603,508,681,-173
123000604,604,636,-32
123000605,68,0,68
123000606,0,16,-16
123000609,12,253,-241
123000610,161,104,57
123000613,70,213,-143
123000614,139,64,75
123000615,120,186,-66
123000616,514,80,434
123000617,170,287,-117
123000618,78,428,-350
123000619,557,43,514
123000620,27,345,-318
123000622,318,23,295
123000624,158,77,81
123000630,903,379,524
123000631,190,1346,-1156
123000632,821,811,10
123000633,0,30,-30
123000634,72,74,-2
123000635,126,82,44
123000636,45,526,-481
123000637,173,17,156
123000638,699,56,643
123000639,920,3285,-2365
123000640,41,656,-615
123000648,404,92,312
123000649,63,488,-425
123000650,684,115,569
123000651,99,100,-1
123000652,582,77,505
123000653,61,348,-287
123000654,191,164,27
123000655,88,287,-199
123000656,170,43,127
123000657,25,133,-108
123000658,206,8,198
123000659,30,1322,-1292
123000660,967,19,948
123000661,1106,43,1063
123900001,1043,49,994
123900002,20,1359,-1339
123900003,313,325,-12
123900005,183,101,82
123900006,201,36,165
124000001,1355,87,1268
124000002,2,433,-431
124000003,606,137,469
124000004,50,487,-437
124000005,598,276,322
124000006,221,894,-673
124000007,317,88,229
124000008,10,432,-422
124000009,602,208,394
124000010,191,462,-271
124000011,881,204,677
124000012,253,514,-261
124000017,123,124,-1
124000018,101,66,35
124000019,117,171,-54
124000020,56,177,-121
124000021,82,56,26
124000022,89,194,-105
124000023,732,138,594
124000024,1027,485,542
124000025,697,374,323
124000026,553,421,132
124000027,1357,711,646
124000028,2503,1001,1502
124000031,1557,2207,-650
124000032,2519,1317,1202
124000033,981,449,532
124000034,671,1181,-510
124000035,307,147,160
124000036,158,623,-465
124000037,405,933,-528
124000038,43,99,-56
124000039,1060,471,589
124000040,661,1095,-434
124000041,326,53,273
124000042,88,470,-382
124000043,104,103,1
124000044,94,183,-89
124000045,682,501,181
124000046,283,730,-447
124000047,1195,861,334
124000048,1089,1275,-186
124000049,1318,669,649
124000050,754,1786,-1032
124000051,841,438,403
124000052,759,900,-141
124000053,528,1295,-767
124000054,1051,549,502
124000055,1188,2106,-918
124000056,2341,1649,692
124000057,775,494,281
124000058,459,1254,-795
124000059,481,922,-441
124000060,1008,630,378
124000061,1266,4043,-2777
124000062,6070,1793,4277
124000063,1518,1821,-303
124000064,2130,1519,611
124000065,94,285,-191
124000066,184,46,138
124000067,157,151,6
124000068,96,232,-136
124000069,516,226,290
124000070,213,376,-163
124000071,81,56,25
124000072,109,159,-50
124000073,494,91,403
124000074,247,541,-294
124000075,215,41,174
124000076,16,165,-149
124000077,1903,622,1281
124000078,2377,1261,1116
124000079,468,939,-471
124000080,586,180,406
124000081,153,469,-316
124000082,59,146,-87
124000083,106,107,-1
124000084,116,324,-208
124000085,112,40,72
124000086,66,78,-12
124000087,186,122,64
124000088,142,246,-104
124000089,747,316,431
124000090,139,407,-268
124000091,511,153,358
124000092,125,653,-528
124000093,99,97,2
124000094,119,428,-309
124000095,69,87,-18
124000096,146,221,-75
124000097,104,165,-61
124000098,77,148,-71
124000099,415,118,297
124000100,85,156,-71
124000101,74,97,-23
124000102,108,62,46
124000103,86,111,-25
124000104,117,48,69
124000105,57,93,-36
124000106,139,68,71
124000107,32,140,-108
124000108,49,33,16
124000109,89,122,-33
124000110,294,133,161
124000111,149,136,13
124000112,477,648,-171
124000113,92,75,17
124000114,336,409,-73
124000115,388,583,-195
124000116,91,81,10
124000117,62,92,-30
124000118,30,103,-73
124000119,749,408,341
124000120,448,362,86
124000121,2013,857,1156
124000122,524,1257,-733
124000123,836,455,381
124000124,505,1081,-576
124000125,334,451,-117
124000126,246,629,-383
124000127,688,335,353
124000128,502,883,-381
124000129,1777,1340,437
124000130,740,742,-2
124000131,781,471,310
124000132,785,786,-1
124000133,750,701,49
124000134,862,723,139
124000135,1535,1594,-59
124000136,858,1025,-167
124000137,1341,573,768
124000138,1507,1267,240
124000139,764,46,718
124000140,75,623,-548
124000141,597,40,557
124000142,79,697,-618
124000143,109,11,98
124000144,5,195,-190
124000145,128,34,94
124000146,33,118,-85
124000148,16,93,-77
124000149,1104,471,633
124000150,380,621,-241
124000151,592,239,353
124000152,556,1006,-450
124000153,604,698,-94
124000154,342,757,-415
124000155,1063,955,108
124000156,1351,927,424
124000169,156,321,-165
124000170,371,375,-4
124000171,246,219,27
124000172,254,477,-223
124000173,408,232,176
124000174,341,538,-197
124000175,12,123,-111
124000176,57,21,36
124000177,4,35,-31
124000178,25,30,-5
124000185,53,15,38
124000186,5,54,-49
124000187,15,91,-76
124000188,47,7,40
124000190,151,25,126
124000191,244,88,156
124000192,1683,269,1414
124000193,335,794,-459
124000194,456,431,25
124000195,288,420,-132
124000196,1005,1013,-8
124000197,62,44,18
124000198,35,45,-10
124000201,406,886,-480
124000202,606,305,301
124000203,160,563,-403
124000204,704,136,568
124000205,71,462,-391
124000206,553,294,259
124000207,0,42,-42
124000209,142,297,-155
124000210,397,119,278
124000211,466,1,465
124000212,1,477,-476
124000213,296,301,-5
124000214,300,430,-130
124000215,503,68,435
124000216,7,393,-386
124000329,161,1543,-1382
124000338,65,744,-679
124000339,733,103,630
124000341,1271,125,1146
124000344,21,5,16
124000357,1217,2986,-1769
124000358,1274,2390,-1116
124000359,971,788,183
124000360,698,543,155
124000361,1476,700,776
124000362,1161,1312,-151
124000363,339,363,-24
124000364,698,951,-253
124000365,680,1163,-483
124000366,1851,1421,430
124000367,111,490,-379
124000368,463,324,139
124000369,119,113,6
124000370,61,423,-362
124000402,36,19,17
124000403,82,12,70
124000404,16,108,-92
124000405,862,631,231
124000406,623,900,-277
124000407,6,31,-25
124000411,9,324,-315
124000412,349,8,341
124000413,363,28,335
124000414,61,105,-44
124000415,53,166,-113
124000416,168,232,-64
124000417,120,77,43
124000418,124,113,11
124000419,107,148,-41
124000420,63,64,-1
124000421,59,194,-135
124000422,38,10,28
124000423,161,27,134
124000424,5,126,-121
124000425,126,21,105
124000426,11,163,-152
124000427,157,7,150
124000428,18,45,-27
124000429,62,70,-8
124000430,508,382,126
124000431,312,371,-59
124000432,183,696,-513
124000439,26,5,21
124000443,0,56,-56
124000445,481,919,-438
124000446,1646,86,1560
124000447,23,96,-73
124000448,67,8,59
124000449,129,7,122
124000450,11,218,-207
124000451,1,155,-154
124000452,492,92,400
124000453,2210,3626,-1416
124000454,2916,4680,-1764
124000455,7,996,-989
124000456,679,7,672
124000457,52,724,-672
124000458,4,365,-361
124000459,306,7,299
124000460,3,234,-231
124900001,384,289,95
124900002,118,297,-179
124900003,543,324,219
124900004,526,455,71
124900005,219,130,89
124900006,500,327,173
124900008,1281,680,601
124900009,113,242,-129
124900010,126,65,61
124900011,373,208,165
124900012,419,138,281
124900013,583,224,359
124900014,369,110,259
124900015,108,285,-177
124900016,61,71,-10
124900017,652,1302,-650
124900018,231,56,175
124900020,49,59,-10
124900021,191,36,155
124900022,199,6,193
124900024,153,31,122
124900026,149,9,140
124900027,122,304,-182
124900028,299,85,214
124900030,13,93,-80
124900031,31,224,-193
124900033,106,228,-122
124900035,162,324,-162
124900036,3,60,-57
124900037,194,266,-72
124900038,200,348,-148
124900039,1,49,-48
124900040,80,61,19
124900041,274,871,-597
124900042,85,38,47
124900043,216,551,-335
124900044,106,6,100
124900045,642,833,-191
124900047,124,128,-4
124900050,394,464,-70
124900052,136,308,-172
124900053,206,420,-214
124900054,2237,590,1647
124900055,1,159,-158
124900057,19,593,-574
124900060,56,179,-123
124900061,179,24,155
124900062,112,13,99
124900066,0,12,-12
124900067,28,417,-389
124900068,171,354,-183
124900070,47,23,24
124900072,193,147,46
124900075,235,591,-356
124900076,110,1201,-1091
124900077,98,180,-82
124900078,81,5,76
124900080,279,666,-387
124900081,683,299,384
124900082,339,855,-516
124900083,435,872,-437
124900085,1099,226,873
124900086,32,860,-828
124900087,500,61,439
124900088,481,101,380
124900089,1548,128,1420
124900090,199,176,23
124900091,288,338,-50
124900092,154,279,-125
124900093,235,124,111
124900094,223,189,34
124900095,90,359,-269
124900096,382,198,184
124900097,235,43,192
124900098,88,344,-256
124900099,428,390,38
124900100,197,86,111
124900101,85,230,-145
124900102,164,49,115
124900103,139,192,-53
124900104,115,163,-48
124900105,89,106,-17
124900106,278,50,228
124900107,106,5,101
124900108,506,157,349
124900111,11,275,-264
124900112,48,391,-343
124900113,129,253,-124
124900114,197,155,42
124900115,39,30,9
124900116,167,107,60
124900117,327,86,241
124900118,160,228,-68
124900119,300,126,174
124900120,85,327,-242
124900121,214,221,-7
124900122,155,290,-135
124900123,480,326,154
124900124,356,597,-241
124900125,636,10,626
124900126,12,560,-548
204000001,92,11,81
204000002,33,10,23
204000003,16,4,12
204000004,1,0,1
204000005,690,680,10
204000006,1215,1532,-317
204000011,11,44,-33
204000012,68,126,-58
204000019,556,497,59
204000020,525,599,-74
204000021,1324,722,602
204000022,575,435,140
204000023,503,847,-344
204000031,159,22,137
204000032,521,41,480
204000034,63,184,-121
204000035,0,1,-1
204000036,9,13,-4
204000037,8,14,-6
204000038,1,20,-19
204000039,7,31,-24
204000040,3,19,-16
204000041,7,24,-17
204000042,23,8,15
204000043,25,2,23
204000044,39,1,38
204000045,46,4,42
204000046,11,2,9
204000057,7,10,-3
204000062,36,82,-46
204000068,139,294,-155
204000069,103,352,-249
204000070,89,126,-37
204000080,30,58,-28
204000085,2168,1778,390
204000086,2679,2061,618
204000087,33,10,23
204000088,5,87,-82
204000090,259,260,-1
204000093,321,114,207
204000096,718,1183,-465
204000097,335,77,258
204000099,991,1418,-427
204000100,1079,2048,-969
204000105,2383,1546,837
204000110,927,958,-31
204000111,426,553,-127
204000112,606,515,91
204000113,451,558,-107
204000114,685,574,111
204000115,472,322,150
204000116,708,465,243
204000119,1907,2643,-736
204000132,623,351,272
204000133,865,442,423
204000134,216,145,71
204000135,625,110,515
204000136,699,257,442
204000138,446,463,-17
204000140,245,176,69
204000141,152,90,62
204000144,7,32,-25
204000145,441,35,406
204000146,25,293,-268
204000147,155,184,-29
204000148,474,48,426
204000154,9,2,7
204000155,5,2,3
204000177,60,52,8
204000179,1,0,1
204000180,0,4,-4
204000222,3,9,-6
204000235,54,11,43
204000236,86,280,-194
204000238,9,64,-55
204000240,420,105,315
204000263,769,1116,-347
204000268,1098,834,264
204000308,142,71,71
204000317,58,61,-3
204000322,55,34,21
204000323,9,28,-19
204000328,228,133,95
204000329,181,186,-5
204000330,151,147,4
204000331,204,131,73
204000352,145,1,144
205000001,983,1832,-849
205000013,5,67,-62
205000014,37,100,-63
205000015,27,213,-186
205000016,7,142,-135
205000017,17,86,-69
205000022,388,936,-548
205000025,1687,1247,440
205000029,185,13,172
205000045,123,282,-159
205000046,90,583,-493
205000047,58,499,-441
205000048,408,1412,-1004
205000049,160,1023,-863
205000050,976,379,597
205000059,1,281,-280
205000060,0,75,-75
205000061,4,93,-89
205000062,1,86,-85
205000063,14,60,-46
205000064,12,95,-83
205000065,55,556,-501
205000066,134,985,-851
205000067,25,1060,-1035
205000069,177,22,155
205000082,166,207,-41
205000110,98,288,-190
205000111,198,268,-70
205000112,171,222,-51
205000113,218,367,-149
205000121,213,91,122
205000123,32,189,-157
205000126,415,208,207
205000127,761,298,463
205000128,573,147,426
205000129,840,158,682
205000130,732,44,688
205000131,255,10,245
205000132,755,3,752
205000133,441,2,439
205000134,285,1,284
205000137,59,181,-122
205000138,174,305,-131
205000139,29,113,-84
205000144,91,66,25
205000145,252,221,31
205000151,162,69,93
205000152,169,31,138
205000153,277,59,218
205000154,81,52,29
205000155,127,13,114
205000207,6,163,-157
205000233,30,5,25
205000234,0,2,-2
205000243,5,1,4
205000244,0,3,-3
205000245,21,132,-111
205000249,1,30,-29
205000250,5,0,5
205000264,7,78,-71
206000027,1,4,-3
206000028,1,5,-4
206000043,8,41,-33
206000053,3,8,-5
206000054,2,31,-29
206000055,2,18,-16
206000075,7,16,-9
206000076,13,18,-5
206000077,22,8,14
206000078,20,5,15
206000079,14,11,3
206000082,257,41,216
206000100,36,379,-343
206000103,12,11,1
206000104,18,14,4
206000105,9,13,-4
206000106,13,22,-9
206000125,43,0,43
206000157,51,442,-391
206000170,0,159,-159
206000171,3,139,-136
206000172,3,426,-423
206000173,4,255,-251
206000174,3,79,-76
206000175,5,112,-107
206000176,12,172,-160
206000177,3,143,-140
206000178,3,104,-101
206000179,18,62,-44
206000180,12,128,-116
206000181,9,113,-104
206000182,3,147,-144
206000183,20,482,-462
206000184,2,281,-279
206000185,10,140,-130
206000186,124,919,-795
206000223,6,166,-160
206000226,11,7,4
206000227,13,5,8
206000237,20,235,-215
206000238,22,500,-478
206000239,217,1763,-1546
206000240,9,54,-45
206000241,0,71,-71
206000242,17,213,-196
206000243,9,174,-165
206000244,99,529,-430
206000245,638,73,565
206000246,161,10,151
206000247,164,6,158
206000248,270,15,255
206000252,65,29,36
206000258,38,21,17
206000315,18,9,9
206000317,437,91,346
206000318,356,68,288
206000319,872,81,791
206000320,140,34,106
206000321,124,11,113
206000322,348,18,330
206000323,99,5,94
206000324,122,5,117
206000325,115,11,104
206000326,95,12,83
206000327,406,10,396
206000328,114,2,112
206000329,195,3,192
206000330,40,10,30
206000331,150,2,148
206000332,27,2,25
206000333,414,1,413
206000334,186,3,183
206000335,0,21,-21
206000361,5,144,-139
206000392,2,22,-20
206000405,112,0,112
206000441,13,17,-4
206000498,18,4,14
206000515,63,30,33
206000530,192,61,131
206000531,139,180,-41
206000532,1526,314,1212
206000535,282,1562,-1280
206000536,18,140,-122
206000537,8,183,-175
206000613,1029,236,793
206000784,389,44,345
207000001,169,565,-396
207000002,119,315,-196
207000003,213,155,58
207000007,858,237,621
207000008,81,27,54
207000009,44,40,4
207000010,528,452,76
207000012,246,248,-2
207000015,314,1295,-981
207000019,343,78,265
207000021,469,177,292
207000022,158,128,30
207000023,151,61,90
207000024,8,11,-3
207000025,41,91,-50
207000026,103,57,46
207000027,16,50,-34
207000028,49,160,-111
207000029,185,375,-190
207000033,242,362,-120
207000034,253,88,165
207000039,322,149,173
207000040,247,100,147
207000041,59,34,25
207000042,151,84,67
207000043,204,160,44
207000051,160,245,-85
207000052,39,156,-117
207000053,459,546,-87
207000054,37,126,-89
207000055,166,131,35
207000056,267,299,-32
207000057,180,257,-77
207000058,200,317,-117
207000059,145,612,-467
207000060,84,231,-147
207000061,243,399,-156
207000062,330,67,263
207000063,285,148,137
207000064,354,203,151
207000065,285,271,14
207000066,187,208,-21
207000067,62,120,-58
207000068,120,71,49
207000069,626,379,247
207000082,13,295,-282
207000083,89,297,-208
207000084,205,224,-19
207000085,170,11,159
207000086,153,5,148
207000106,42,33,9
207000107,61,19,42
207000108,68,20,48
207000109,53,12,41
207000110,72,101,-29
207000111,77,65,12
207000112,109,458,-349
207000114,25,42,-17
207000115,28,59,-31
207000116,17,387,-370
207000117,1,134,-133
207000118,6,76,-70
207000119,39,67,-28
207000123,211,14,197
207000124,38,22,16
207000125,85,70,15
207000126,56,107,-51
207000134,94,121,-27
207000135,11,201,-190
207000148,58,230,-172
207000149,116,31,85
207000152,118,353,-235
207000153,946,1237,-291
207000154,486,161,325
207000159,132,237,-105
207000160,180,462,-282
207000238,1,175,-174
207000242,8,168,-160
207000248,32,30,2
207000249,162,46,116
207000250,677,64,613
207000251,81,71,10
207000252,74,74,0
207000278,92,76,16
207000279,33,156,-123
207000280,485,76,409
207000281,102,937,-835
207000282,213,86,127
207000283,106,193,-87
207000284,84,162,-78
207000285,162,66,96
207000291,14,90,-76
207000304,157,84,73
207000306,82,331,-249
207000310,54,64,-10
207000353,373,13,360
207000356,4,19,-15
207000357,25,11,14
207000358,7,10,-3
207000415,9,242,-233
207000416,214,138,76
207000417,72,3,69
207000418,140,165,-25
207000438,0,5,-5
207000439,1003,771,232
207000446,154,8,146
207000460,29,26,3
207000466,205,131,74
207000467,233,104,129
207000468,73,382,-309
207000476,10,60,-50
207000477,515,97,418
207000478,1,13,-12
207000523,0,13,-13
207000524,98,2,96
207000527,157,179,-22
207000530,457,20,437
207000531,278,6,272
207000532,78,19,59
207000534,549,42,507
207000535,60,345,-285
207000537,32,96,-64
207000540,9,183,-174
207000541,6,311,-305
207000548,15,279,-264
207000549,262,14,248
207000561,135,119,16
207000562,36,178,-142
207000567,203,188,15
207000568,169,55,114
207000569,340,609,-269
207000584,348,186,162
207000585,60,323,-263
207000587,113,37,76
207000616,0,147,-147
207000617,98,0,98
207000624,90,47,43
207000631,4,116,-112
208000001,506,857,-351
208000002,816,470,346
208000003,988,445,543
208000004,1104,639,465
208000005,11,15,-4
208000019,700,1136,-436
208000020,128,498,-370
208000021,173,203,-30
208000022,1005,378,627
208000028,1206,779,427
208000033,654,454,200
208000034,926,947,-21
208000037,287,12,275
208000040,151,142,9
208000041,882,565,317
208000042,1370,607,763
208000047,135,266,-131
208000064,2276,1489,787
208000066,1601,1919,-318
208000070,267,423,-156
208000071,287,919,-632
208000072,312,1303,-991
208000080,267,321,-54
208000081,304,116,188
208000082,306,327,-21
208000083,164,453,-289
208000084,41,15,26
208000085,1061,685,376
208000086,533,1124,-591
208000087,941,887,54
208000089,965,392,573
208000090,864,630,234
208000093,195,109,86
208000094,732,628,104
208000095,364,238,126
208000104,736,998,-262
208000105,732,1187,-455
208000114,84,298,-214
208000115,514,299,215
208000116,455,1000,-545
208000117,157,159,-2
208000118,85,105,-20
208000155,756,1056,-300
208000158,1170,2835,-1665
208000186,3947,3829,118
208000204,590,1185,-595
208000205,1118,1212,-94
208000282,6128,2864,3264
209000004,207,181,26
209000005,105,23,82
209000006,419,141,278
209000007,251,280,-29
209000010,427,165,262
209000011,208,242,-34
209000012,112,190,-78
209000013,259,370,-111
209000014,550,1020,-470
209000025,236,45,191
209000026,641,101,540
209000027,564,772,-208
209000028,360,641,-281
209000029,697,549,148
209000030,565,1222,-657
209000031,2671,2054,617
209000034,196,214,-18
209000035,109,171,-62
209000036,149,128,21
209000037,217,243,-26
209000038,105,160,-55
209000039,60,142,-82
209000040,158,306,-148
209000041,173,439,-266
209000042,128,405,-277
209000043,486,697,-211
209000044,353,1016,-663
209000045,1617,491,1126
209000046,541,522,19
209000047,441,179,262
209000048,526,312,214
209000049,106,108,-2
209000050,233,195,38
209000051,283,383,-100
209000052,210,403,-193
209000062,28,110,-82
209000063,87,90,-3
209000064,47,88,-41
209000065,46,37,9
209000066,63,24,39
209000067,58,67,-9
209000080,30,305,-275
209000082,56,43,13
209000091,39,98,-59
209000093,43,25,18
209000094,234,213,21
209000110,30,90,-60
209000111,350,1175,-825
209000112,835,470,365
209000113,1391,422,969
209000114,466,326,140
209000115,118,175,-57
209000116,657,536,121
209000118,43,27,16
209000119,41,15,26
209000121,181,533,-352
209000135,47,124,-77
209000142,567,1363,-796
209000143,127,98,29
209000144,45,107,-62
209000229,270,162,108
209000240,56,307,-251
209000259,123,120,3
209000260,45,742,-697
209000261,8,405,-397
209000262,1,365,-364
209000263,0,148,-148
209000264,0,98,-98
209000265,369,4,365
209000266,62,2,60
209000267,632,6,626
209000268,537,33,504
210000037,49,21,28
210000047,58,21,37
210000048,81,13,68
210000049,31,9,22
210000052,56,70,-14
210000053,28,60,-32
210000054,100,87,13
210000070,91,2,89
210000071,61,0,61
210000072,10,0,10
210000073,0,45,-45
210000074,2,92,-90
210000075,0,51,-51
210000076,9,111,-102
210000077,39,36,3
210000078,24,32,-8
210000079,49,21,28
210000080,123,48,75
210000081,139,12,127
210000082,123,3,120
210000083,112,1,111
210000084,62,0,62
210000085,0,90,-90
210000086,1,111,-110
210000099,33,203,-170
210000100,33,215,-182
210000101,74,206,-132
210000105,37,187,-150
210000159,0,160,-160
210000163,157,189,-32
210000164,197,136,61
210000168,95,34,61
210000187,0,21,-21
210000188,0,35,-35
210000214,39,1,38
210000219,28,49,-21
210000220,70,43,27
210000232,5,26,-21
210000233,24,71,-47
210000234,13,134,-121
210000235,44,83,-39
210000245,0,36,-36
210000246,29,3,26
210000258,10,101,-91
210000259,318,70,248
210000282,90,177,-87
210000285,1,111,-110
210000286,20,154,-134
210000290,5,10,-5
210000295,49,117,-68
210000296,42,33,9
210000320,157,50,107
210000321,109,40,69
210000338,63,56,7
210000339,316,1205,-889
210000340,133,376,-243
210000341,206,237,-31
210000342,199,184,15
210000343,241,169,72
210000344,194,68,126
210000345,149,190,-41
210000346,104,118,-14
210000347,148,40,108
210000348,120,7,113
210000349,141,17,124
210000350,96,55,41
210000351,164,119,45
210000352,41,96,-55
210000353,56,105,-49
210000354,47,90,-43
210000355,46,85,-39
210000356,51,49,2
210000357,89,51,38
210000358,204,91,113
210000359,87,74,13
210000360,156,69,87
210000361,159,122,37
210000362,235,185,50
210000363,801,227,574
210000364,82,116,-34
210000365,122,74,48
210000366,101,45,56
210000367,141,34,107
210000368,131,35,96
210000369,11,12,-1
210000370,25,20,5
210000372,45,36,9
210000373,60,17,43
210000374,42,11,31
210000375,31,70,-39
210000376,93,139,-46
210000404,59,134,-75
210000439,14,27,-13
210000472,76,3,73
210000482,112,78,34
210000564,439,238,201
210000567,1,39,-38
210000568,265,0,265
211000092,34,42,-8
211000094,11,11,0
211000169,231,13,218
211000172,9,219,-210
211000209,0,10,-10
211000226,15,34,-19
211000270,33,26,7
211000275,14,13,1
211000276,45,30,15
211000279,22,43,-21
211000281,36,34,2
211000302,32,76,-44
211507980,1,28,-27
211977296,44,6,38
212000003,97,53,44
212000004,34,19,15
212000005,37,15,22
212000006,65,54,11
212000008,140,187,-47
212000009,24,112,-88
212000012,57,90,-33
212000013,31,54,-23
212000014,254,190,64
212000015,311,296,15
212000016,525,556,-31
212000027,397,411,-14
212000028,238,477,-239
212000029,169,286,-117
212000030,46,37,9
212000031,59,69,-10
212000048,28,145,-117
212000049,18,90,-72
212000050,23,7,16
212000051,176,257,-81
212000052,189,361,-172
212000053,398,779,-381
212000054,167,124,43
212000055,213,211,2
212000056,19,47,-28
212000057,13,37,-24
212000058,265,34,231
212000070,113,239,-126
212000077,98,804,-706
212000099,193,274,-81
212000108,156,151,5
212000111,156,87,69
212000120,76,79,-3
212000138,127,32,95
212000156,8,133,-125
212000158,10,20,-10
212000159,285,44,241
212000160,514,260,254
212000161,50,13,37
212000310,68,20,48
212000311,11,73,-62
212000374,33,2,31
213000001,27,347,-320
213000005,379,100,279
213000006,770,231,539
213000007,237,10,227
213000009,817,449,368
213000010,163,235,-72
213000011,223,130,93
213000012,123,304,-181
213000014,66,7,59
213000015,155,3,152
213000016,340,0,340
213000017,70,1,69
213000018,3,186,-183
213000019,3,213,-210
213000020,112,276,-164
213000021,7,103,-96
213000023,282,148,134
213000033,292,1610,-1318
213000034,734,231,503
213000035,104,318,-214
213000045,156,228,-72
213000046,262,149,113
213000047,678,1105,-427
213000056,70,34,36
213000069,10,0,10
213000073,0,25,-25
213000074,50,357,-307
213000075,487,11,476
213000076,54,2,52
213000085,12,40,-28
213000086,28,183,-155
213000091,114,17,97
213000092,60,24,36
213000099,172,964,-792
213000100,1061,194,867
213000101,241,142,99
213000102,379,325,54
213000103,827,869,-42
213000104,51,372,-321
213000105,1,152,-151
213000106,41,105,-64
213000107,184,613,-429
213000108,26,446,-420
213000109,6,241,-235
213000110,7,64,-57
213000111,8,60,-52
213000112,149,87,62
213000115,66,4,62
213000116,46,409,-363
213000117,5,679,-674
213000118,241,192,49
213000119,53,614,-561
213000120,105,440,-335
213000122,152,517,-365
213000123,390,1074,-684
213000124,111,1074,-963
213000125,126,39,87
213000126,33,121,-88
213000127,159,203,-44
213000128,408,951,-543
213000129,247,490,-243
213000130,349,298,51
213000132,246,111,135
213000133,333,111,222
213000134,727,17,710
213000136,379,32,347
213000137,465,123,342
213000139,648,37,611
213000147,85,4,81
213000148,38,17,21
213000149,43,13,30
213000150,0,91,-91
213000151,6,68,-62
213000152,0,67,-67
213000153,2,48,-46
213000154,17,215,-198
213000155,9,194,-185
213000156,111,686,-575
213000157,508,467,41
213000158,283,729,-446
213000159,310,556,-246
213000163,619,97,522
213000165,529,191,338
213000171,37,153,-116
213000172,36,283,-247
213000173,3,103,-100
213000174,0,15,-15
213000175,23,37,-14
213000176,3,122,-119
213000177,1,25,-24
213000178,15,5,10
213000179,101,35,66
213000180,123,83,40
213000182,85,3,82
213000184,106,388,-282
213000188,276,113,163
213000189,248,37,211
213000190,758,797,-39
213000191,302,419,-117
213000192,173,396,-223
213000193,795,223,572
213000194,0,48,-48
213000195,10,432,-422
213000196,276,1231,-955
213000197,324,593,-269
213000198,90,2,88
213000200,110,870,-760
213000201,74,56,18
213000202,5,564,-559
213000203,3160,625,2535
213000204,760,75,685
213000205,199,81,118
213000206,378,76,302
213000207,181,13,168
213000208,141,2,139
213000209,165,1,164
213000210,549,5,544
213000211,10,22,-12
213000212,45,25,20
213000213,28,47,-19
213000218,1398,2055,-657
213000219,388,15,373
213000220,385,10,375
213000223,177,221,-44
213000224,34,71,-37
213000225,87,5,82
213000226,63,10,53
213000227,849,319,530
213000228,296,110,186
213000229,643,55,588
213000230,774,42,732
213000232,91,903,-812
213000233,7,43,-36
213000234,2,52,-50
213000293,17,61,-44
213000294,152,9,143
213000295,46,95,-49
213000296,64,22,42
213000297,12,84,-72
213000298,30,89,-59
213000299,61,48,13
213000300,11,3,8
213000303,9,24,-15
213000304,4,5,-1
213000305,3,5,-2
213000306,81,28,53
213000307,202,49,153
213000308,117,195,-78
213000309,164,81,83
213000310,237,91,146
213000311,335,540,-205
213000315,97,98,-1
213000316,485,65,420
213000322,26,20,6
213000323,14,20,-6
213000340,134,562,-428
213000341,391,195,196
213000346,192,126,66
213000347,657,271,386
213000348,17,91,-74
213000349,39,11,28
213000350,308,977,-669
213000366,79,291,-212
213000367,197,31,166
213000379,113,64,49
213000386,21,269,-248
213000406,100,291,-191
213000417,928,473,455
213000425,76,21,55
213000426,69,20,49
213000427,32,115,-83
213000428,22,157,-135
213000429,30,8,22
213000430,65,555,-490
213000431,173,1,172
213000432,7,26,-19
213000433,21,121,-100
213000434,84,76,8
213000435,40,75,-35
213000439,71,20,51
213000441,2,0,2
213000443,432,322,110
213000445,0,66,-66
213000446,1,14,-13
213000447,4,70,-66
213000448,7,106,-99
213000449,170,3,167
213000450,13,52,-39
213000451,154,87,67
213000452,25,20,5
213000453,38,222,-184
213000455,425,8,417
213000456,0,229,-229
213000481,50,6,44
213000482,49,6,43
213000489,412,69,343
213000491,0,166,-166
213000492,411,1,410
213000493,0,92,-92
213000494,150,77,73
213000496,429,114,315
213000497,62,154,-92
213000498,74,108,-34
213000499,150,301,-151
213000500,182,60,122
213000501,107,21,86
213000502,201,66,135
213000503,2,45,-43
213000504,2,47,-45
213000505,4,124,-120
213000506,0,18,-18
213000507,3,72,-69
213900244,33,1,32
213900245,0,25,-25
218000003,33,16,17
218000004,34,24,10
218000005,55,38,17
218000006,47,21,26
218000007,15,12,3
218000012,168,184,-16
218000013,112,146,-34
218000014,424,497,-73
218000019,747,569,178
218000020,273,429,-156
218000040,8,3,5
218000046,47,103,-56
218000047,10,185,-175
218000048,43,166,-123
218000049,91,146,-55
218000050,217,268,-51
218000051,49,294,-245
218000052,0,103,-103
218000053,1,10,-9
218000054,7,31,-24
218000055,4,11,-7
218000056,17,21,-4
218000057,1,25,-24
218000064,1,4,-3
218000065,88,42,46
218000066,14,45,-31
218000067,49,111,-62
218000068,124,82,42
218000069,210,200,10
218000070,178,215,-37
218000071,194,190,4
218000072,258,170,88
218000078,663,936,-273
218000079,58,70,-12
218000080,67,49,18
218000081,231,241,-10
218000082,36,115,-79
218000083,31,51,-20
218000084,144,102,42
218000085,138,319,-181
218000086,34,119,-85
218000087,124,154,-30
218000090,11,127,-116
218000091,895,587,308
218000092,48,194,-146
218000093,92,72,20
218000094,542,762,-220
218000099,214,711,-497
218000100,264,287,-23
218000101,279,124,155
218000102,372,258,114
218000103,91,129,-38
218000104,66,40,26
218000105,15,17,-2
218000106,9,13,-4
218000107,28,77,-49
218000108,4,54,-50
218000112,62,15,47
218000117,33,65,-32
218000134,340,602,-262
218000135,44,98,-54
218000136,140,65,75
218000137,166,145,21
218000138,20,93,-73
218000139,157,335,-178
218000140,393,211,182
218000141,80,54,26
218000142,185,148,37
218000143,47,170,-123
218000144,44,44,0
218000145,264,321,-57
218000146,47,192,-145
218000151,5,21,-16
218000152,189,36,153
218000170,13,45,-32
218000171,52,9,43
218000172,45,10,35
218000173,93,9,84
218000174,29,4,25
218000176,143,23,120
218000177,328,179,149
218000178,92,188,-96
218000179,167,125,42
218000180,78,19,59
218000181,204,45,159
218000187,6,15,-9
218000188,33,56,-23
218000189,27,45,-18
218000190,6,9,-3
218000191,149,66,83
218000192,155,198,-43
218000193,308,297,11
218000194,89,304,-215
218000195,97,48,49
218000196,197,273,-76
218000197,208,314,-106
218000198,62,135,-73
218000199,43,33,10
218000200,76,34,42
218000201,14,9,5
218000202,96,223,-127
218000207,15,39,-24
218000208,31,34,-3
218000211,118,16,102
218000213,105,75,30
218000214,7,28,-21
218000215,44,44,0
218000217,3,145,-142
218000218,124,62,62
218000219,41,20,21
218000220,103,251,-148
218000221,727,206,521
218000222,33,21,12
218000223,33,268,-235
218000224,14,132,-118
218000225,212,16,196
218000226,125,51,74
218000232,37,57,-20
218000239,256,19,237
218000240,54,5,49
218000241,54,0,54
218000242,74,3,71
218000243,134,3,131
218000244,64,1,63
218000245,33,4,29
218000246,14,0,14
218000247,19,0,19
218000248,1,20,-19
218000249,1,1,0
218000250,5,3,2
218000251,2,30,-28
218000252,1,31,-30
218000253,0,29,-29
218000254,0,14,-14
218000255,1,18,-17
218000256,7,87,-80
218000267,634,1087,-453
218000268,18,50,-32
218000269,3,12,-9
218000270,81,53,28
218000271,27,64,-37
218000273,10,10,0
218000274,11,10,1
218000275,22,66,-44
218000276,12,49,-37
218000278,11,41,-30
218000279,40,59,-19
218000280,36,34,2
218000281,14,12,2
218000282,494,467,27
218000284,88,5,83
218000301,71,113,-42
218000302,109,56,53
218000303,47,56,-9
218000316,643,1124,-481
218000317,804,1198,-394
218000318,554,876,-322
218000319,866,1103,-237
218000320,708,600,108
218000338,52,23,29
218000345,157,67,90
218000346,86,161,-75
218000459,29,283,-254
218000490,46,38,8
218000501,116,23,93
218000502,31,74,-43
218000503,118,20,98
218000504,160,32,128
218000505,48,150,-102
218000506,29,288,-259
218000508,5,5,0
218000510,175,8,167
218000520,104,101,3
218000521,14,49,-35
218000522,2,134,-132
218000523,210,6,204
218000524,30,158,-128
218000525,162,4,158
218000526,56,91,-35
218000529,34,171,-137
218000531,13,13,0
218000532,46,25,21
218000534,150,18,132
218000537,19,50,-31
218000538,129,155,-26
218000540,234,60,174
218000543,131,35,96
218000544,35,91,-56
218000545,58,56,2
218000546,49,102,-53
218000547,85,73,12
218000548,116,95,21
218000549,402,335,67
218000550,255,279,-24
218000551,151,967,-816
218000552,561,40,521
218000553,32,97,-65
218000554,79,27,52
218000555,56,52,4
218000556,250,278,-28
218000557,404,232,172
218000558,46,1,45
218000559,0,24,-24
218000560,0,23,-23
218000561,35,1,34
218000562,28,130,-102
218000563,200,20,180
218000564,12,89,-77
218000565,171,24,147
218000566,391,18,373
218000567,1,61,-60
218000568,8,2,6
218000569,11,78,-67
218000570,72,4,68
218000571,1,112,-111
218000572,143,1,142
218000573,22,98,-76
218000574,186,36,150
218000575,88,0,88
218000576,0,99,-99
218000577,137,0,137
218000578,0,95,-95
218000579,20,39,-19
218000581,4,53,-49
218000582,27,15,12
218000583,9,1,8
218000584,0,16,-16
218000585,41,1,40
218000586,4,43,-39
218000587,7,2,5
218000588,0,6,-6
218000589,0,4,-4
218000590,8,1,7
218000591,107,12,95
218000592,151,4,147
218000601,19,1,18
218000602,60,17,43
218000603,1,10,-9
218000604,52,17,35
218000605,0,146,-146
218000606,537,0,537
218000607,14,35,-21
218000608,45,21,24
218000609,4,58,-54
218000610,45,6,39
218000611,18,0,18
218000612,1,26,-25
218000613,28,2,26
218000614,0,32,-32
218000615,159,3,156
218000616,2,142,-140
218000617,25,0,25
218000618,0,27,-27
218000619,37,22,15
218000620,6,15,-9
218000621,2,1,1
218000622,0,16,-16
218000623,147,0,147
218000624,7,17,-10
218000625,26,1,25
218000626,0,2,-2
218000628,152,39,113
218000631,82,18,64
218000632,2,98,-96
218000633,72,1,71
218000634,9,23,-14
218000635,13,10,3
218000636,755,1239,-484
218000637,667,566,101
218000638,88,38,50
218000639,20,151,-131
218000640,141,26,115
218000641,95,256,-161
218000652,49,79,-30
218000653,151,50,101
218000663,5,187,-182
218000675,84,41,43
218000680,269,448,-179
218000681,484,167,317
218000691,157,266,-109
218000693,224,147,77
218000718,948,1127,-179
218000719,1625,609,1016
218000720,16,97,-81
218000721,329,11,318
218001147,13,324,-311
218001214,8,16,-8
218001258,300,8,292
218001329,210,125,85
218001330,151,153,-2
218001351,35,29,6
218001352,9,5,4
218001353,25,14,11
218001354,25,16,9
218001355,59,262,-203
218001356,280,28,252
218001357,83,293,-210
218001358,234,28,206
218001361,373,17,356
218001362,1,379,-378
219000001,47,50,-3
219000002,57,49,8
219000003,55,25,30
219000004,53,35,18
219000017,122,22,100
219000020,139,49,90
219000022,126,2,124
219000023,61,4,57
219000029,0,91,-91
219000034,69,17,52
219000039,56,50,6
219000040,42,22,20
219000041,116,39,77
219000051,0,34,-34
219000052,0,15,-15
219000053,1,129,-128
219000055,146,2,144
219000056,27,2,25
219000057,52,4,48
219000062,32,111,-79
219000063,89,10,79
219000064,0,77,-77
219000110,446,70,376
219000111,133,52,81
219000112,137,38,99
219000113,152,34,118
219000114,266,72,194
219000116,95,51,44
219000117,115,55,60
219000118,157,42,115
219000123,290,107,183
219000124,107,67,40
219000125,29,23,6
219000126,85,116,-31
219000127,0,5,-5
219000128,22,92,-70
219000129,29,121,-92
219000130,589,647,-58
219000131,700,1010,-310
219000133,72,40,32
219000134,27,32,-5
219000135,36,72,-36
219000136,115,231,-116
219000138,66,19,47
219000139,33,58,-25
219000140,39,1,38
219000141,21,135,-114
219000142,19,74,-55
219000143,5,109,-104
219000145,18,47,-29
219000146,5,41,-36
219000147,1,36,-35
219000148,6,29,-23
219000149,7,70,-63
219000150,4,82,-78
219000151,3,29,-26
219000157,205,120,85
219000158,194,198,-4
219000161,114,11,103
219000163,1372,524,848
219000166,145,144,1
219000167,93,202,-109
219000168,317,155,162
219000174,462,116,346
219000175,44,4,40
219000176,97,6,91
219000177,23,1,22
219000178,31,7,24
219000179,23,3,20
219000180,20,31,-11
219000182,128,10,118
219000183,104,20,84
219000184,97,10,87
219000185,1,52,-51
219000186,48,41,7
219000187,35,75,-40
219000189,112,166,-54
219000190,110,211,-101
219000191,1176,1345,-169
219000192,173,144,29
219000193,273,154,119
219000195,0,59,-59
219000196,1,88,-87
219000198,23,102,-79
219000199,58,190,-132
219000200,37,176,-139
219000201,76,189,-113
219000203,51,147,-96
219000204,147,211,-64
219000205,51,121,-70
219000207,192,228,-36
219000209,30,107,-77
219000210,27,120,-93
219000213,17,144,-127
219000239,182,229,-47
219000240,243,345,-102
219000241,118,177,-59
219000242,47,100,-53
219000243,76,249,-173
219000244,57,87,-30
219000245,59,66,-7
219000246,84,43,41
219000247,197,33,164
219000248,639,318,321
219000249,130,63,67
219000250,141,96,45
219000251,464,226,238
219000252,217,155,62
219000253,366,70,296
219000255,122,104,18
219000256,179,107,72
219000257,115,0,115
219000262,113,174,-61
219000263,69,187,-118
219000267,1,140,-139
219000268,2,2,0
219000269,17,1,16
219000270,11,0,11
219000271,102,4,98
219000278,0,5,-5
219000279,1,8,-7
219000283,0,9,-9
219000295,4,114,-110
219000296,55,423,-368
219000297,6,157,-151
219000298,17,189,-172
219000299,407,60,347
219000300,23,207,-184
219000301,244,285,-41
219000302,36,316,-280
219000307,45,43,2
219000308,55,34,21
219000311,177,56,121
219000312,578,102,476
219000313,282,55,227
219000314,35,447,-412
219000315,269,32,237
219000316,502,47,455
219000317,77,13,64
219000320,0,33,-33
219000321,0,15,-15
219000323,5,72,-67
219000325,2,20,-18
219000326,46,68,-22
219000327,63,41,22
219000328,35,30,5
219000329,252,131,121
219000330,41,25,16
219000331,59,29,30
219000332,89,88,1
219000333,6,2,4
219000335,56,2,54
219000337,13,0,13
219000338,65,1,64
219000344,24,82,-58
219000345,59,99,-40
219000346,37,104,-67
219000348,114,104,10
219000349,65,146,-81
219000350,71,119,-48
219000351,5,0,5
219000352,296,48,248
219000353,88,34,54
219000354,142,103,39
219000355,189,95,94
219000356,1320,1339,-19
219000363,231,59,172
219000364,83,35,48
219000365,95,14,81
219000366,171,292,-121
219000368,342,450,-108
219000370,1076,474,602
219000371,22,17,5
219000382,18,24,-6
219000383,661,777,-116
219000385,538,401,137
219000386,774,1194,-420
219000387,0,10,-10
219000390,5,1,4
219000391,3,0,3
219000397,62,54,8
219000398,75,57,18
219000401,15,103,-88
219000402,19,105,-86
219000403,169,339,-170
219000404,33,131,-98
219000407,3,32,-29
219000409,40,44,-4
219000410,77,33,44
219000411,75,20,55
219000446,178,313,-135
219000447,1,21,-20
219000448,19,3,16
219000452,115,78,37
219000453,102,84,18
219000454,209,192,17
219000556,265,107,158
219000558,156,154,2
219000590,35,137,-102
219000591,51,88,-37
219000592,105,368,-263
219000595,2,26,-24
219000635,143,40,103
219000636,16,80,-64
219000657,30,16,14
219000658,24,49,-25
219000673,0,12,-12
219000676,5,6,-1
219000679,74,5,69
219000684,86,1,85
219000685,2,60,-58
219000686,0,3,-3
219000688,0,73,-73
219000689,26,220,-194
219000690,125,22,103
219000691,47,177,-130
219000692,125,27,98
219000693,0,16,-16
219000694,1,0,1
219000695,29,3,26
219000698,15,3,12
219000699,0,3,-3
219000727,4,132,-128
219000728,142,2,140
219000770,32,1,31
219000771,0,37,-37
219000788,387,338,49
219001150,0,21,-21
219001151,2,3,-1
219001166,50,10,40
219001167,6,95,-89
219001178,15,1,14
220000001,45,61,-16
220000002,9,99,-90
220000003,732,249,483
220000004,769,430,339
220000005,1406,1493,-87
220000006,380,865,-485
220000007,442,626,-184
220000008,324,874,-550
220000009,211,377,-166
220000010,174,118,56
220000011,595,2990,-2395
220000012,69,314,-245
220000014,154,46,108
220000015,52,160,-108
220000017,33,193,-160
220000018,3497,1299,2198
220000019,60,237,-177
220000020,326,233,93
220000021,662,177,485
220000022,643,420,223
220000023,301,187,114
220000024,1400,380,1020
220000025,610,836,-226
220000026,352,278,74
220000027,62,58,4
220000028,76,37,39
220000029,179,183,-4
220000030,173,75,98
220000031,339,304,35
220000064,22,731,-709
221000046,8,1,7
221000047,0,7,-7
221000048,0,3,-3
221000049,0,10,-10
221000050,7,0,7
221000055,38,38,0
221000057,49,5,44
221000068,216,120,96
221000069,234,61,173
221000070,159,26,133
221000071,58,6,52
221000072,155,22,133
221000073,134,38,96
221000074,2,9,-7
221000075,16,35,-19
221000076,14,39,-25
221000077,16,95,-79
221000081,15,4,11
221000082,45,3,42
221000083,42,1,41
221000084,9,5,4
221000085,13,36,-23
221000086,12,101,-89
221000087,6,109,-103
221000088,15,161,-146
221000089,17,225,-208
221000090,119,439,-320
221000098,127,16,111
221000099,154,7,147
221000100,89,4,85
221000101,207,10,197
221000102,86,4,82
221000109,2,75,-73
221000110,11,98,-87
221000111,40,166,-126
221000112,3,153,-150
221000113,24,164,-140
221000114,8,131,-123
221000120,39,20,19
221000121,8,26,-18
221000122,34,18,16
221000123,17,18,-1
221000124,44,170,-126
221000155,84,8,76
221000156,131,31,100
221000175,23,5,18
221000176,1,3,-2
221000182,48,2,46
221000241,665,225,440
221000242,155,450,-295
221000243,565,151,414
221000244,227,509,-282
221000245,131,87,44
221000246,44,256,-212
221000247,113,125,-12
221000248,111,161,-50
221000267,48,538,-490
221000325,149,24,125
221000331,2,53,-51
221000338,12,15,-3
221000378,217,19,198
221000381,53,70,-17
222000282,11,1,10
222000296,3,19,-16
222000568,184,11,173
222000569,119,26,93
222000570,64,14,50
222000571,156,10,146
222000577,12,132,-120
222000578,23,160,-137
222000579,48,154,-106
222000580,91,734,-643
222000599,0,100,-100
222000600,0,300,-300
222000601,8,975,-967
222000603,43,32,11
222000604,6,30,-24
222000605,14,21,-7
222000606,1,10,-9
222000607,15,5,10
222000608,34,11,23
222000609,68,236,-168
222000616,254,42,212
222000617,9,8,1
222000618,21,2,19
222000620,34,15,19
222000621,62,4,58
222000623,551,5,546
222000624,280,6,274
222000625,438,9,429
222000636,63,3,60
222000686,21,11,10
222000687,43,20,23
222001066,170,1,169
222001067,5,1,4
222001068,41,15,26
222001069,17,14,3
222001082,7,43,-36
222001083,8,60,-52
222001084,1,55,-54
222001085,1,68,-67
222001111,17,105,-88
222001112,68,25,43
222001313,35,3,32
222001314,8,109,-101
222001464,152,59,93
222001465,26,136,-110
222001484,80,57,23
222001485,13,51,-38
222001494,276,141,135
222001495,127,261,-134
222001496,253,113,140
222001497,151,457,-306
222001502,9,90,-81
222001503,88,66,22
222001504,12,314,-302
222001505,179,14,165
222001506,61,327,-266
222001507,216,22,194
222001510,331,34,297
222001511,61,308,-247
222001514,433,198,235
222001515,202,535,-333
222001518,313,60,253
222001519,50,196,-146
222001527,216,44,172
222001528,76,190,-114
222001529,147,33,114
222001530,42,190,-148
222001533,170,242,-72
222001534,241,56,185
222001535,329,248,81
222001536,53,269,-216
222001537,235,44,191
222001538,63,420,-357
222001563,438,67,371
222001564,83,475,-392
222001568,411,107,304
222001576,0,0,0
222001579,0,6,-6
222001583,11,134,-123
222001584,72,19,53
222001596,541,1027,-486
222001597,1261,258,1003
222001626,1,107,-106
222001650,81,60,21
222001651,89,83,6
222001914,168,39,129
222001915,71,221,-150
222001968,409,225,184
222001969,452,659,-207
222001970,117,218,-101
222001971,19,3,16
222001972,1,9,-8
225000001,407,196,211
225000002,576,127,449
225000003,503,87,416
225000004,246,192,54
225000005,63,32,31
225000006,0,163,-163
225000007,1707,1496,211
225000010,326,12,314
225000011,328,935,-607
225000012,136,428,-292
225000013,114,103,11
225000014,670,65,605
225000015,75,192,-117
225000021,574,146,428
225000027,200,387,-187
225000032,484,100,384
225000042,97,567,-470
225000049,43,55,-12
225000050,58,27,31
225000053,4,330,-326
225000058,645,99,546
225000067,143,163,-20
225000068,98,268,-170
225000069,167,416,-249
225000070,78,332,-254
225000071,45,185,-140
225000075,16,929,-913
225000076,58,106,-48
225000078,60,51,9
225000085,41,151,-110
225000086,172,58,114
225000087,238,16,222
225000088,11,126,-115
225000089,353,981,-628
225000090,49,410,-361
225000091,180,186,-6
225000092,30,67,-37
225000093,162,272,-110
225000094,17,284,-267
225000095,333,329,4
225000096,418,418,0
225000098,442,325,117
225000099,265,165,100
225000100,251,130,121
225000104,88,428,-340
225000110,8,346,-338
225000111,250,967,-717
225000112,307,1052,-745
225000113,163,536,-373
225000114,53,252,-199
225000115,1837,598,1239
225000116,962,182,780
225000117,834,209,625
225000118,724,196,528
225000119,169,57,112
225000120,591,35,556
225000121,297,16,281
225000123,556,15,541
225000125,288,158,130
225000126,704,165,539
225000127,697,840,-143
225000128,443,596,-153
225000132,223,25,198
225000133,202,25,177
225000134,457,143,314
225000135,40,12,28
225000136,196,22,174
225000137,174,61,113
225000138,330,59,271
225000143,75,164,-89
225000144,4,338,-334
225000145,26,52,-26
225000146,28,92,-64
225000147,19,295,-276
225000148,1,208,-207
225000149,74,435,-361
225000151,44,184,-140
225000155,516,516,0
225000156,191,937,-746
225000157,203,471,-268
225000158,93,292,-199
225000171,9,126,-117
225000180,15,2,13
225000181,0,56,-56
225000182,81,21,60
225000185,15,356,-341
225000187,31,315,-284
225000191,106,3,103
225000194,0,13,-13
225000208,2,35,-33
225000209,78,20,58
225000210,6,160,-154
225000217,6,15,-9
225000218,50,0,50
225000223,0,57,-57
225000224,54,0,54
225000225,1,61,-60
225000226,31,0,31
225000227,40,111,-71
225000228,11,19,-8
225000229,1,71,-70
225000230,45,0,45
225000231,1,82,-81
225000232,116,0,116
225000241,54,2,52
225000242,1,48,-47
225000249,25,0,25
225000250,59,699,-640
225000251,266,11,255
226000042,369,569,-200
226000043,46,318,-272
226000044,187,714,-527
226000045,74,444,-370
226000046,328,79,249
226000047,375,81,294
226000048,266,79,187
226000049,206,128,78
226000070,0,49,-49
226000071,1,31,-30
226000072,0,9,-9
226000073,0,6,-6
226000074,0,7,-7
226000084,1,51,-50
226000085,0,6,-6
226000086,4,10,-6
226000087,43,11,32
226000088,17,10,7
226000090,221,94,127
226000091,12,27,-15
226000092,39,4,35
226000093,26,2,24
226000094,20,4,16
226000095,69,9,60
226000105,34,0,34
226000106,5,0,5
226000107,1,0,1
226000108,71,0,71
226000109,82,2,80
226000124,111,59,52
226000134,513,400,113
226000135,883,468,415
226000136,346,340,6
226000137,6,394,-388
226000138,6,269,-263
226000139,2,20,-18
226000156,106,6,100
226000157,121,11,110
226000163,102,157,-55
226000202,6,344,-338
226000231,298,17,281
226000232,33,5,28
227000037,220,32,188
227000038,294,22,272
227000049,0,32,-32
227000050,4,46,-42
227000055,62,0,62
227000056,26,1,25
227000084,2,65,-63
227000085,1,38,-37
227000088,56,5,51
227000089,136,1,135
227000090,38,2,36
227000091,15,1,14
227000093,114,1,113
227000094,18,1,17
227000130,29,60,-31
227000131,18,225,-207
227000132,15,206,-191
227000133,19,209,-190
227000134,30,342,-312
227000152,0,3,-3
227000153,0,48,-48
227000155,4,12,-8
227000156,0,21,-21
227000165,5,24,-19
227000196,20,283,-263
227000199,276,25,251
227000230,19,359,-340
227000232,268,20,248
227000241,254,21,233
227000242,58,525,-467
227000243,416,78,338
227000244,279,74,205
227000245,35,300,-265
227000246,93,575,-482
227000247,288,54,234
227000248,258,25,233
227000249,31,275,-244
227000251,176,215,-39
227000252,36,324,-288
227000253,99,23,76
227000262,277,21,256
227000266,847,36,811
227000267,31,1018,-987
227000486,455,194,261
227000655,317,8,309
227000661,82,17,65
227000680,228,44,184
229000265,27,14,13
229000296,1,8,-7
229000297,4,20,-16
229000298,5,108,-103
229000320,8,6,2
229000321,8,1,7
229000412,35,19,16
229000414,4,43,-39
229000415,24,3,21
229000416,0,3,-3
229000417,2,9,-7
229000419,78,189,-111
229000440,254,55,199
229000442,9,7,2
229000443,7,3,4
229000444,7,14,-7
229000445,36,2,34
229000446,39,22,17
229000847,40,1,39
229000848,32,0,32
229000849,86,0,86
229000851,28,0,28
229000854,0,17,-17
229000856,3,106,-103
229000857,0,51,-51
229000858,1,74,-73
229000919,10,101,-91
229000930,3,262,-259
229000937,90,17,73
229000966,62,29,33
229000981,24,55,-31
229000985,3,15,-12
229000986,0,4,-4
229000987,0,1,-1
229000988,1,1,0
229000989,6,11,-5
229000990,5,1,4
229000991,0,1,-1
229000992,5,4,1
229000993,108,21,87
229000998,5,38,-33
229000999,60,17,43
229001034,0,10,-10
229001035,3,2,1
229001037,38,11,27
229001042,11,16,-5
229001047,3,29,-26
229001050,36,32,4
229001200,9,13,-4
229001338,1,19,-18
229001394,237,6,231
229001422,121,25,96
229001423,47,182,-135
229001431,73,47,26
229001432,55,75,-20
229001444,173,44,129
229001445,21,98,-77
229001503,160,100,60
229001504,123,198,-75
229001505,139,70,69
229001506,77,152,-75
229001509,46,19,27
229001545,96,9,87
229001546,5,118,-113
229001553,62,8,54
229001554,44,110,-66
229001559,1,8,-7
229001560,6,22,-16
229001630,60,18,42
229001631,6,26,-20
229001635,3,6,-3
229001636,4,1,3
229001658,0,137,-137
229001659,91,2,89
229001660,17,8,9
229001661,17,12,5
229001662,25,0,25
229001663,0,10,-10
229002584,132,122,10
229002831,106,68,38
229002841,12,5,7
229002842,13,28,-15
229002843,79,23,56
229002844,25,33,-8
229002845,11,70,-59
229002846,45,19,26
229002847,10,9,1
229002848,17,9,8
229002849,1,45,-44
229002850,25,0,25
229002851,40,62,-22
229002852,143,21,122
229002853,89,23,66
229002854,16,40,-24
229002855,4,12,-8
229002856,58,12,46
229002857,3,38,-35
229002858,25,9,16
229002859,32,13,19
229002860,198,9,189
229002861,41,32,9
229002862,6,8,-2
229002863,20,8,12
229002864,33,42,-9
229002865,7,4,3
229002866,10,10,0
229002867,8,26,-18
229002868,13,8,5
229002869,6,109,-103
229002870,48,6,42
235000066,333,63,270
235000067,97,97,0
235000072,7,53,-46
235000073,36,308,-272
235000074,79,66,13
235000080,62,69,-7
235000081,105,52,53
235000082,213,52,161
235000083,109,67,42
235000084,80,30,50
235000085,91,50,41
235000089,19,39,-20
235000092,26,129,-103
235000093,6,7,-1
235000097,3,6,-3
235000098,48,18,30
235000099,8,17,-9
235000116,71,17,54
235000117,589,11,578
235000133,14,294,-280
235000134,6,159,-153
235000206,10,3,7
235000207,9,1,8
235000208,7,0,7
235000209,21,6,15
235000210,15,8,7
235000212,3,21,-18
235000213,2,8,-6
235000220,6,3,3
235000221,46,11,35
235000238,12,61,-49
235000239,5,19,-14
235000242,366,419,-53
235000245,547,182,365
235000246,10,62,-52
235000284,7,93,-86
235000295,164,11,153
235000305,263,15,248
235000306,152,5,147
235000307,16,2,14
235000308,18,2,16
235000309,40,0,40
235000310,20,0,20
235000311,62,34,28
235000322,0,33,-33
235000323,1,55,-54
235000324,0,34,-34
235000325,0,10,-10
235000326,25,149,-124
235000351,3,61,-58
235000352,8,27,-19
235000353,3,24,-21
235000354,14,31,-17
235000355,11,33,-22
235000356,80,2,78
235000357,30,6,24
235000358,122,2,120
235000359,17,4,13
235000360,21,6,15
235000361,63,4,59
235000381,46,116,-70
235000382,125,20,105
235000390,13,1,12
235000391,113,22,91
235000392,228,201,27
235000393,92,108,-16
235000395,67,25,42
235000396,315,75,240
235000400,38,75,-37
235000401,46,98,-52
235000405,85,230,-145
235000406,57,226,-169
235000407,34,78,-44
235000409,159,139,20
235000410,31,221,-190
235000411,0,62,-62
235000485,0,5,-5
235000486,10,0,10
235000549,76,60,16
235000550,45,114,-69
235000599,108,39,69
235000600,8,6,2
235000601,7,26,-19
235000602,78,64,14
235000614,0,0,0
235000648,0,9,-9
235000649,37,3,34
235000685,0,9,-9
235000815,13,12,1
235000834,0,18,-18
235000855,38,61,-23
235000862,67,109,-42
235000891,0,7,-7
235000892,13,5,8
235000901,30,40,-10
235000907,8,8,0
235001010,52,67,-15
235001029,423,340,83
235001030,368,191,177
235001078,111,78,33
235001079,53,106,-53
235001147,22,37,-15
235001166,11,50,-39
235001167,28,29,-1
235001169,41,298,-257
235001188,0,10,-10
235001189,1,0,1
235001197,16,22,-6
235001200,34,20,14
235001207,296,50,246
235001210,74,135,-61
235001215,24,109,-85
235001239,0,37,-37
235001244,2,6,-4
235016267,0,66,-66
277102712,4,0,4
277103813,0,0,0
277104249,0,2,-2
277104250,0,3,-3
277104251,0,8,-8
277104252,0,1,-1
990011530,0,194,-194
990014944,0,472,-472
990015176,45,0,45
990016032,0,232,-232
990032570,0,21,-21
990070001,63,1,62
990070103,0,3,-3
990070601,0,34,-34
990070751,556,2,554
990070766,0,416,-416
990071180,399,194,205
990071343,14,1,13
990071387,0,20,-20
990071823,22,0,22
990072600,4,636,-632
990072964,1,380,-379
990073285,0,5,-5
990074393,3,690,-687
990074870,1061,8,1053
990075106,1203,11,1192
990075746,377,4,373
990076437,869,1,868
990076458,3,613,-610
997000007,502,16,486
997000041,1,89,-88
997000058,24,0,24
997000062,35,0,35
997000069,0,2,-2
997000070,1,33,-32
997000100,11,1,10
997000141,4,1059,-1055
997000198,461,1127,-666
998000475,0,53,-53
998000736,1,183,-182
998000965,0,9,-9
998001031,1,76,-75
998001700,0,30,-30
998001899,0,1,-1
998001900,9,1,8
998003073,784,5,779
998101900,0,0,0
998102850,0,124,-124
998501927,842,523,319
998501929,101,20,81
998501930,56,19,37
998501931,120,5,115
998501932,2,1,1
998501933,67,27,40
998501937,12,0,12
998501944,3,1,2
998501950,0,1,-1
998501970,16,3,13
998501971,4,65,-61
998501973,0,23,-23
998501974,0,194,-194
998501975,138,0,138
998501976,135,3,132
998501977,1,11,-10
998501978,23,0,23
998501979,0,22,-22
998501980,38,2,36
998501981,19,3,16
998501982,0,72,-72
998501983,9,6,3
998502006,0,0,0
998502032,1,2,-1
998502062,21,1,20
998502063,0,0,0
998502173,38,1,37
998502269,0,2,-2
998502546,1,114,-113
998502578,3,2,1
998502599,46,269,-223
998502621,0,4,-4
998601159,0,143,-143
998601292,0,16,-16
999033574,1,528,-527
999800001,19,4,15
999800002,0,11,-11
999800003,4,0,4
999800004,0,0,0
999800005,0,7,-7
