ID,insum,outsum,diff
100000001,534,570,-36
100000002,3416,1322,2094
100000003,4242,2841,1401
100000004,945,735,210
100000005,1727,3484,-1757
100000006,503,117,386
100000007,1455,742,713
100000008,180,448,-268
100000009,395,245,150
100000010,82,67,15
100000011,1397,132,1265
100000012,171,718,-547
100000013,44,197,-153
100000014,302,396,-94
100000015,1573,1792,-219
100000016,985,1358,-373
100000017,595,790,-195
100000018,1435,509,926
100000019,3959,1843,2116
100000020,1683,4484,-2801
100000021,4098,2208,1890
100000022,1505,1905,-400
100000023,4420,1342,3078
100000025,1482,965,517
100000028,1495,857,638
100000029,195,229,-34
100000030,245,65,180
100000031,2754,4491,-1737
100000032,2208,2834,-626
100000033,859,1744,-885
100000034,431,408,23
100000035,1646,1260,386
100000036,1791,1192,599
100000037,591,432,159
100000038,1681,788,893
100000039,462,138,324
100000040,160,146,14
100000041,936,416,520
100000042,1037,494,543
100000043,1047,449,598
100000044,503,622,-119
100000045,623,1049,-426
100000046,723,788,-65
100000047,278,512,-234
100000048,404,546,-142
100000049,1380,1648,-268
100000051,479,842,-363
100000053,300,13,287
100000054,674,52,622
100000055,1679,246,1433
100000056,543,414,129
100000057,1536,536,1000
100000058,880,1000,-120
100000059,13,120,-107
100000060,404,249,155
100000061,1926,384,1542
100000062,1797,479,1318
100000063,715,210,505
100000064,1215,291,924
100000065,398,603,-205
100000066,151,580,-429
100000067,571,659,-88
100000068,493,1461,-968
100000069,255,1245,-990
100000072,293,680,-387
100000073,934,894,40
100000075,653,247,406
100000076,1930,2385,-455
100000077,461,143,318
100000078,20,17,3
100000079,35,41,-6
100000080,37,35,2
100000081,145,168,-23
100000102,2132,1593,539
100000103,3014,1172,1842
100000104,3629,2356,1273
100000105,2794,1299,1495
100000106,1999,1866,133
100000107,518,814,-296
100000108,582,842,-260
100000109,2644,1133,1511
100000116,1275,802,473
100000117,63,86,-23
100000118,1286,962,324
100000119,490,669,-179
100000121,246,383,-137
100000122,688,784,-96
100000123,2447,3149,-702
100000124,5595,4736,859
100000125,2775,1011,1764
100000126,716,260,456
100000127,1363,354,1009
100000128,1957,1528,429
100000129,355,359,-4
100000130,330,415,-85
100000131,2258,2052,206
100000132,976,1900,-924
100000133,4333,1840,2493
100000135,488,876,-388
100000139,415,326,89
100000140,308,243,65
100000142,441,477,-36
100000143,1095,541,554
100000144,3108,788,2320
100000147,985,2250,-1265
100000150,52,323,-271
100000151,798,902,-104
100000153,191,317,-126
100000154,118,135,-17
100000155,20,43,-23
100000156,307,361,-54
100000157,103,110,-7
100000158,218,71,147
100000159,407,449,-42
100000165,1621,691,930
100000169,279,598,-319
100000174,717,537,180
100000179,119,428,-309
100000180,1158,938,220
100000181,613,205,408
100000188,77,186,-109
100000189,823,249,574
100000190,779,688,91
100000191,548,483,65
100000192,26,93,-67
100000193,280,166,114
100000330,1359,766,593
100000355,254,393,-139
100000362,4891,2962,1929
100000363,3208,4062,-854
100000364,299,251,48
100000365,4582,5123,-541
100000366,6611,2772,3839
100000367,4770,4913,-143
100000368,2914,1346,1568
100000369,1042,1619,-577
100000370,152,674,-522
100000376,114,118,-4
100000379,2356,1341,1015
100000380,4151,2988,1163
100000384,4695,3838,857
100000385,4525,3656,869
100000386,7113,3803,3310
100000387,4766,4102,664
100000388,6702,4564,2138
100000389,5685,4740,945
100000390,6745,4926,1819
100000391,5059,5584,-525
100000392,3538,3171,367
100000393,2630,3578,-948
100000394,7912,6520,1392
100000395,5026,3532,1494
100000396,8048,3081,4967
100000397,4743,5380,-637
100000398,9462,7105,2357
100000413,15,6,9
100000414,357,376,-19
100900002,7,35,-28
100900003,266,169,97
100900004,16,506,-490
100900005,85,18,67
100900006,15,82,-67
100900007,333,18,315
100900008,0,223,-223
100900009,71,101,-30
100900010,45,48,-3
100900011,90,137,-47
100900012,1,184,-183
100900013,456,4,452
100900014,2,8,-6
100900015,48,69,-21
100900016,1,57,-56
100900017,588,36,552
100900018,0,19,-19
100900019,17,72,-55
100900020,350,3,347
100900021,272,1,271
100900022,12,25,-13
100900023,0,15,-15
100900024,514,1,513
100900025,8,7,1
100900026,101,84,17
100900027,350,1846,-1496
100900028,81,152,-71
100900029,52,1,51
100900030,5,57,-52
100900031,504,30,474
100900032,221,0,221
100900033,160,127,33
100900034,499,2,497
100900035,418,0,418
100900036,6,0,6
100900037,100,187,-87
100900038,118,33,85
100900039,286,424,-138
100900040,302,534,-232
100900041,421,506,-85
100900042,1399,611,788
100900043,0,0,0
100900044,1416,313,1103
100900045,66,0,66
100900046,786,11,775
100900047,515,77,438
100900048,146,31,115
100900049,54,170,-116
100900050,0,10,-10
100900051,31,60,-29
100900052,186,47,139
100900053,262,24,238
100900054,12,57,-45
100900055,171,500,-329
100900056,184,191,-7
100900057,521,1031,-510
100900058,118,28,90
100900059,103,3,100
100900060,112,9,103
100900061,297,170,127
100900062,11,27,-16
100900063,145,488,-343
100900064,645,36,609
100900065,62,95,-33
100900066,123,184,-61
100900067,2,10,-8
100900068,44,57,-13
100900069,386,10,376
100900070,266,3,263
100900071,699,232,467
100900072,0,45,-45
100900073,110,382,-272
100900074,3,6,-3
100900075,1162,265,897
100900076,12,29,-17
100900077,36,54,-18
100900078,91,179,-88
100900079,2,36,-34
100900080,26,111,-85
100900081,25,78,-53
100900082,105,488,-383
100900083,4,27,-23
100900085,9,196,-187
100900086,114,486,-372
100900088,110,426,-316
100900089,4,14,-10
100900090,77,316,-239
100900091,2,21,-19
100900092,202,140,62
100900093,142,174,-32
100900094,107,380,-273
100900095,2,27,-25
100900096,56,63,-7
100900097,2,7,-5
100900098,13,14,-1
100900099,29,367,-338
100900100,7,323,-316
100900101,275,40,235
100900102,24,77,-53
100900103,6,12,-6
100900104,7,123,-116
100900105,15,442,-427
100900106,30,7,23
100900107,1318,593,725
100900108,13,16,-3
100900109,17,26,-9
100900110,0,0,0
100900111,36,118,-82
100900112,1,10,-9
100900113,10,28,-18
100900114,14,16,-2
100900115,1,27,-26
100900116,604,510,94
100900117,259,491,-232
100900118,26,42,-16
100900119,6,30,-24
100900120,2,10,-8
100900121,184,351,-167
100900122,153,148,5
100900123,38,137,-99
100900124,10,1,9
100900125,5,53,-48
100900126,117,166,-49
100900127,6,7,-1
100900128,50,108,-58
100900129,0,114,-114
100900131,54,211,-157
100900133,30,31,-1
100900134,7,5,2
100900135,0,122,-122
100900137,235,141,94
100900138,380,318,62
100900139,6,2,4
100900140,5,448,-443
100900141,3,385,-382
100900142,1,6,-5
100900143,659,285,374
100900144,13,3,10
100900145,103,185,-82
100900147,18,257,-239
100900148,28,487,-459
100900149,48,92,-44
100900151,123,371,-248
100900152,87,3,84
100900153,7,112,-105
100900154,330,124,206
100900155,5,15,-10
100900156,11,8,3
100900157,6,120,-114
100900159,1,32,-31
100900160,12,6,6
100900161,47,5,42
100900162,9,218,-209
100900163,211,165,46
100900164,27,58,-31
100900165,7,20,-13
100900166,12,3,9
100900167,10,37,-27
100900168,25,136,-111
100900169,119,635,-516
100900170,16,12,4
100900171,29,472,-443
100900172,0,23,-23
100900173,5,279,-274
100900174,322,50,272
100900176,1085,129,956
100900177,517,197,320
100900178,240,123,117
100900179,152,158,-6
100900180,8,6,2
100900181,71,46,25
100900182,18,12,6
100900184,11,96,-85
100900186,511,370,141
100900187,8,98,-90
100900188,30,13,17
100900189,622,186,436
100900191,880,795,85
100900192,282,299,-17
100900195,94,80,14
100900197,0,0,0
100900198,26,148,-122
100900199,0,0,0
100900200,504,298,206
100900201,46,524,-478
100900202,106,1,105
100900203,1,124,-123
100900204,226,338,-112
100900205,110,411,-301
100900206,122,49,73
100900207,162,98,64
100900210,82,329,-247
100900211,332,106,226
100900213,85,36,49
100900214,461,127,334
100900215,7,34,-27
100900217,177,91,86
101000001,2922,1875,1047
101000002,3840,3555,285
101000003,412,1215,-803
101000004,7043,5946,1097
101000005,2792,3451,-659
101000006,5326,4926,400
101000007,1945,2369,-424
101000009,1700,1351,349
101000010,838,1034,-196
101000011,1115,420,695
101000012,1478,618,860
101000013,478,860,-382
101000014,426,528,-102
101000015,898,620,278
101000016,257,289,-32
101000017,599,425,174
101000018,3651,2004,1647
101000020,3105,909,2196
101000021,873,393,480
101000022,101,48,53
101000023,1561,605,956
101000025,214,285,-71
101000026,299,13,286
101000027,1553,1765,-212
101000028,874,140,734
101000029,142,1295,-1153
101000030,1637,82,1555
101000031,769,442,327
101000032,8064,3902,4162
101000033,2478,2617,-139
101000034,2023,1357,666
101000035,693,262,431
101000036,1790,837,953
101000037,3079,1441,1638
101000039,2308,1614,694
101000040,3316,2996,320
101000041,9485,6249,3236
101000042,504,992,-488
101000043,7240,5430,1810
101000045,1617,865,752
101000046,3425,1189,2236
101000047,1798,2394,-596
101000048,599,505,94
101000049,702,1302,-600
101000050,1335,1229,106
101000051,1662,2018,-356
101000052,1376,714,662
101000053,882,1293,-411
101000054,1308,933,375
101000055,1087,963,124
101000056,41,64,-23
101000057,1997,905,1092
101000058,1251,952,299
101000059,2394,1763,631
101000060,1735,514,1221
101000061,802,1123,-321
101000062,844,689,155
101000063,626,823,-197
101000064,1330,886,444
101000065,377,313,64
101000066,1075,743,332
101000067,1337,886,451
101000068,329,375,-46
101000069,300,78,222
101000070,1372,903,469
101000071,1664,655,1009
101000072,662,2155,-1493
101000073,852,791,61
101000074,5158,2536,2622
101000075,4174,3936,238
101000077,1130,982,148
101000078,695,1714,-1019
101000079,585,329,256
101000080,613,435,178
101000081,1615,1357,258
101000082,3110,2871,239
101000083,2426,2124,302
101000084,1100,744,356
101000085,1301,1063,238
101000086,983,983,0
101000087,800,999,-199
101000088,867,1026,-159
101000089,749,1422,-673
101000090,1650,1157,493
101000091,332,848,-516
101000092,680,956,-276
101000093,1170,729,441
101000094,683,865,-182
101000095,405,518,-113
101000096,317,441,-124
101000097,315,290,25
101000098,354,409,-55
101000099,858,816,42
101000100,775,623,152
101000101,282,318,-36
101000102,805,404,401
101000103,730,353,377
101000104,363,521,-158
101000105,451,351,100
101000106,707,603,104
101000107,195,274,-79
101000108,748,249,499
101000109,263,74,189
101000110,35,387,-352
101000111,118,161,-43
101000113,141,449,-308
101000114,7307,4765,2542
101000115,150,158,-8
101000116,162,138,24
101000117,1155,278,877
101000119,68,35,33
101000120,104,30,74
101000121,62,57,5
101000122,142,86,56
101000123,51,83,-32
101000124,506,171,335
101000125,259,477,-218
101000128,374,297,77
101000130,230,249,-19
101000131,629,446,183
101000132,414,857,-443
101000135,71,32,39
101000136,439,138,301
101000137,23,245,-222
101000141,1359,2249,-890
101000147,875,441,434
101000148,1177,10,1167
101000149,260,305,-45
101000150,100,598,-498
101000151,141,51,90
101000152,309,338,-29
101000153,446,241,205
101000154,255,889,-634
101000155,233,128,105
101000156,18,248,-230
101000157,31,35,-4
101000160,47,59,-12
101000163,259,216,43
101000164,419,342,77
101000165,186,318,-132
101000166,232,237,-5
101000168,692,325,367
101000252,1583,891,692
101000254,413,73,340
101000258,24,6,18
101000261,114,30,84
101000262,926,1486,-560
101000263,253,614,-361
101000265,70,617,-547
101000266,376,263,113
101000269,36,9,27
101000290,901,2158,-1257
101000293,30,66,-36
101000294,506,369,137
101000295,114,410,-296
101000301,753,357,396
101000304,1630,2181,-551
101000305,2684,1229,1455
101000328,167,330,-163
101900001,34,62,-28
101900002,0,12,-12
101900003,67,71,-4
101900004,2,71,-69
101900005,3203,1546,1657
101900006,878,397,481
101900007,641,165,476
101900008,59,341,-282
101900009,42,353,-311
101900010,712,598,114
101900011,175,927,-752
101900012,147,216,-69
101900013,937,152,785
101900017,10,128,-118
101900018,980,132,848
101900019,207,122,85
101900020,39,38,1
101900021,0,37,-37
101900022,111,802,-691
101900023,53,222,-169
101900026,98,22,76
101900027,21,110,-89
102000001,2001,3454,-1453
102000002,2255,904,1351
102000003,2803,5873,-3070
102000004,5950,2568,3382
102000005,1036,1534,-498
102000006,1060,1463,-403
102000007,1281,3647,-2366
102000008,3689,1203,2486
102000009,4496,6031,-1535
102000010,4567,2557,2010
102000011,2523,1913,610
102000012,2944,2656,288
102000018,2441,2146,295
102000019,1882,1209,673
102000026,171,462,-291
102000029,266,183,83
102000030,106,269,-163
102000031,59,139,-80
102000032,350,283,67
102000033,228,304,-76
102000034,311,289,22
102000035,668,475,193
102000036,9,212,-203
102000037,115,42,73
102000038,152,230,-78
102000039,204,61,143
102000040,458,164,294
102000041,186,259,-73
102000042,220,244,-24
102000043,332,205,127
102000044,333,312,21
102000045,647,705,-58
102000046,832,502,330
102000047,697,820,-123
102000048,252,580,-328
102000049,889,571,318
102000050,861,1050,-189
102000051,356,574,-218
102000052,1033,668,365
102000053,655,882,-227
102000054,603,882,-279
102000055,959,612,347
102000056,594,1022,-428
102000057,1335,397,938
102000058,992,1354,-362
102000059,1228,1184,44
102000060,912,809,103
102000061,1254,1699,-445
102000062,1424,900,524
102000063,931,1072,-141
102000064,537,618,-81
102000065,65,94,-29
102000066,919,796,123
102000067,1757,2377,-620
102000068,7573,2424,5149
102000069,94,1440,-1346
102000070,1474,63,1411
102000071,6406,7183,-777
102000072,2870,3424,-554
102000073,712,573,139
102000074,748,778,-30
102000075,105,285,-180
102000076,164,427,-263
102000077,441,992,-551
102000078,789,852,-63
102000079,145,196,-51
102000080,239,231,8
102000081,301,660,-359
102000082,566,338,228
102000083,489,272,217
102000084,217,296,-79
102000085,1197,893,304
102000086,887,803,84
102000087,735,1300,-565
102000088,263,266,-3
102000089,960,399,561
102000090,411,946,-535
102000091,1216,453,763
102000092,323,613,-290
102000093,598,725,-127
102000094,922,640,282
102000095,912,964,-52
102000096,629,736,-107
102000097,764,596,168
102000098,594,680,-86
102000099,625,666,-41
102000100,982,1361,-379
102000101,1162,889,273
102000102,386,1309,-923
102000103,1097,321,776
102000104,536,253,283
102000105,228,458,-230
102000106,690,500,190
102000107,895,457,438
102000108,600,161,439
102000109,367,487,-120
102000110,785,1112,-327
102000111,6,194,-188
102000112,228,96,132
102000113,11,24,-13
102000114,671,285,386
102000115,205,282,-77
102000116,484,297,187
102000117,278,398,-120
102000118,1012,1034,-22
102000119,1624,641,983
102000120,176,334,-158
102000121,812,437,375
102000122,478,766,-288
102000123,997,891,106
102000124,1041,836,205
102000125,717,783,-66
102000126,521,622,-101
102000127,1114,642,472
102000128,718,740,-22
102000129,1206,671,535
102000130,697,571,126
102000131,1266,588,678
102000132,443,594,-151
102000133,1363,1523,-160
102000134,551,608,-57
102000135,553,664,-111
102000136,653,433,220
102000137,755,507,248
102000138,164,290,-126
102000139,61,321,-260
102000140,274,265,9
102000141,164,376,-212
102000142,307,297,10
102000143,143,357,-214
102000144,251,259,-8
102000145,264,379,-115
102000146,269,240,29
102000147,428,345,83
102000148,183,344,-161
102000149,100,306,-206
102000150,277,106,171
102000151,84,244,-160
102000152,131,114,17
102000153,1086,490,596
102000154,234,641,-407
102000155,101,314,-213
102000156,304,108,196
102000157,132,315,-183
102000158,566,404,162
102000159,854,370,484
102000161,3074,1802,1272
102000162,209,123,86
102000163,94,528,-434
102000164,905,881,24
102000165,271,152,119
102000166,114,176,-62
102000167,228,199,29
102000168,288,208,80
102000169,89,364,-275
102000170,469,183,286
102000171,235,183,52
102000172,255,302,-47
102000173,426,207,219
102000174,50,94,-44
102000175,103,84,19
102000176,37,25,12
102000178,259,399,-140
102000179,303,240,63
102000180,743,440,303
102000181,532,512,20
102000182,538,517,21
102000183,1441,1423,18
102000184,1492,684,808
102000185,2207,1321,886
102000186,1135,1699,-564
102000187,705,1342,-637
102000188,807,1089,-282
102000189,1817,668,1149
102000190,515,2130,-1615
102000191,937,403,534
102000192,828,1135,-307
102000193,46,133,-87
102000194,39,107,-68
102000195,298,347,-49
102000196,159,322,-163
102000197,543,299,244
102000198,144,669,-525
102000199,1051,226,825
102000200,253,749,-496
102000201,810,328,482
102000202,5,98,-93
102000203,392,176,216
102000204,379,541,-162
102000205,767,354,413
102000206,621,503,118
102000207,470,364,106
102000208,328,354,-26
102000209,43,32,11
102000210,412,432,-20
102000211,282,215,67
102000212,259,9,250
102000213,15,284,-269
102000214,225,5,220
102000215,6,314,-308
102000216,44,55,-11
102000217,12,119,-107
102000218,264,144,120
102000219,404,254,150
102000225,617,489,128
102000226,2473,828,1645
102000227,135,1,134
102000228,1,89,-88
102000229,24,50,-26
102000230,200,332,-132
102000231,274,367,-93
102000232,26,151,-125
102000233,333,487,-154
102000234,95,908,-813
102000236,191,62,129
102000237,440,103,337
102000238,182,185,-3
102000240,583,667,-84
102000241,108,117,-9
102000243,13,64,-51
102000245,31,99,-68
102000246,35,27,8
102000247,1129,912,217
102000248,539,964,-425
102000249,144,151,-7
102000250,64,378,-314
102000254,71,243,-172
102000266,33,180,-147
102000271,41,1,40
102000286,345,329,16
102000297,1451,863,588
102000307,0,6,-6
102000316,360,369,-9
102900001,1025,827,198
102900002,328,45,283
102900003,81,213,-132
102900005,306,312,-6
102900006,411,122,289
102900007,363,29,334
102900008,207,56,151
102900009,390,145,245
102900010,491,590,-99
102900011,1595,240,1355
102900012,309,60,249
102900013,23,48,-25
102900015,568,496,72
102900016,36,87,-51
102900017,144,488,-344
102900018,45,134,-89
102900019,351,301,50
102900020,164,34,130
102900021,24,92,-68
102900022,737,175,562
102900023,15,50,-35
102900024,38,46,-8
102900025,172,93,79
102900026,312,1485,-1173
102900027,42,53,-11
102900028,120,606,-486
102900029,175,171,4
102900030,389,323,66
102900031,158,109,49
102900032,61,70,-9
102900033,77,112,-35
102900034,392,75,317
102900035,120,248,-128
102900036,270,458,-188
102900037,230,479,-249
102900038,373,467,-94
102900039,11,349,-338
102900040,117,177,-60
102900041,47,159,-112
102900042,111,217,-106
102900043,115,223,-108
102900044,445,1921,-1476
102900045,107,531,-424
102900046,121,223,-102
102900047,59,427,-368
102900048,561,556,5
102900049,107,311,-204
102900050,208,294,-86
102900051,169,154,15
102900053,369,551,-182
102900054,607,771,-164
102900055,44,155,-111
102900056,117,337,-220
102900057,3,41,-38
102900058,207,50,157
102900059,23,49,-26
102900060,88,314,-226
102900061,129,420,-291
102900062,167,858,-691
102900063,956,329,627
102900064,126,284,-158
102900065,1288,319,969
102900066,264,28,236
102900068,74,73,1
102900070,137,440,-303
102900072,31,66,-35
102900073,126,11,115
102900075,32,56,-24
102900076,149,88,61
102900077,45,53,-8
102900078,29,75,-46
102900079,123,9,114
102900080,311,73,238
102900081,79,281,-202
102900082,11,171,-160
102900083,186,7,179
102900084,2,25,-23
102900085,311,91,220
102900086,21,46,-25
102900087,84,78,6
102900088,42,24,18
102900089,238,91,147
102900090,0,277,-277
102900091,139,8,131
102900092,170,650,-480
102900094,0,67,-67
102900095,89,3,86
102900096,44,29,15
102900097,3,89,-86
103000001,1982,2341,-359
103000002,1734,2055,-321
103000003,2756,2369,387
103000004,771,591,180
103000005,1527,2388,-861
103000006,573,1185,-612
103000007,348,596,-248
103000008,969,695,274
103000009,779,814,-35
103000010,211,156,55
103000011,1316,1101,215
103000012,1049,1234,-185
103000013,3490,1762,1728
103000014,1051,1995,-944
103000015,1378,634,744
103000016,440,1075,-635
103000017,159,350,-191
103000018,571,299,272
103000019,218,209,9
103000020,2612,1469,1143
103000021,1729,1711,18
103000022,755,1008,-253
103000023,468,1342,-874
103000024,54,166,-112
103000025,97,418,-321
103000026,983,182,801
103000027,272,354,-82
103000028,264,331,-67
103000029,208,221,-13
103000030,1237,730,507
103000031,1025,1285,-260
103000032,1859,1642,217
103000033,2372,2153,219
103000034,1196,984,212
103000035,361,1127,-766
103000036,385,403,-18
103000037,504,364,140
103000038,392,826,-434
103000039,325,341,-16
103000040,414,717,-303
103000041,1418,1933,-515
103000042,1069,465,604
103000043,469,808,-339
103000044,163,128,35
103000046,291,352,-61
103000047,534,609,-75
103000048,119,180,-61
103000049,111,153,-42
103000050,548,390,158
103000051,354,476,-122
103000052,703,290,413
103000053,138,651,-513
103000054,2360,1348,1012
103000055,1712,2125,-413
103000056,579,1478,-899
103000057,405,240,165
103000058,426,753,-327
103000059,346,621,-275
103000060,802,583,219
103000061,396,887,-491
103000062,984,482,502
103000063,623,703,-80
103000064,136,140,-4
103000065,6,373,-367
103000066,169,8,161
103000069,371,341,30
103000070,993,775,218
103000071,927,423,504
103000072,128,576,-448
103000073,351,88,263
103000074,418,84,334
103000075,89,482,-393
103000076,288,245,43
103000077,31,232,-201
103000078,963,435,528
103000079,697,476,221
103000080,977,315,662
103000081,532,1003,-471
103000082,412,143,269
103000083,108,284,-176
103000084,126,7,119
103000085,3,92,-89
103000086,578,317,261
103000087,128,422,-294
103000088,341,314,27
103000089,240,327,-87
103000090,1509,649,860
103000091,577,418,159
103000092,203,264,-61
103000093,282,323,-41
103000094,161,98,63
103000095,56,324,-268
103000096,539,91,448
103000097,63,609,-546
103000098,812,139,673
103000099,300,601,-301
103000100,96,695,-599
103000101,630,136,494
103000102,69,521,-452
103000103,513,154,359
103000104,58,89,-31
103000105,74,74,0
103000106,4,89,-85
103000107,222,58,164
103000108,794,623,171
103000109,268,295,-27
103000110,396,361,35
103000111,355,366,-11
103000112,281,177,104
103000113,562,577,-15
103000114,1430,375,1055
103000115,434,448,-14
103000116,485,361,124
103000117,254,341,-87
103000118,699,614,85
103000119,1028,579,449
103000120,81,88,-7
103000121,370,695,-325
103000122,449,595,-146
103000125,8,245,-237
103000126,496,1,495
103000127,1,118,-117
103000128,151,2,149
103000129,3,66,-63
103000130,38,25,13
103000131,138,56,82
103000132,89,85,4
103000133,9,88,-79
103000134,565,602,-37
103000135,435,212,223
103000136,613,391,222
103000137,406,501,-95
103000138,666,597,69
103000139,4,49,-45
103000140,101,39,62
103000141,60,128,-68
103000142,151,45,106
103000143,52,201,-149
103000144,151,63,88
103000145,23,90,-67
103000150,127,37,90
103000152,216,244,-28
103000153,170,134,36
103000156,0,269,-269
103000157,298,2,296
103000159,100,25,75
103000162,120,45,75
103000163,8,47,-39
103000164,13,11,2
103000165,135,248,-113
103000166,144,231,-87
103000167,137,77,60
103000168,76,178,-102
103000169,199,338,-139
103000170,672,365,307
103000171,55,86,-31
103000172,361,332,29
103000173,376,419,-43
103000174,129,339,-210
103000175,350,257,93
103000176,680,539,141
103000177,425,372,53
103000178,194,292,-98
103000179,202,44,158
103000183,73,23,50
103000185,71,57,14
103000186,103,175,-72
103000187,372,318,54
103000188,9,56,-47
103000189,845,741,104
103000191,313,364,-51
103000292,1843,1247,596
103000293,779,1584,-805
103000295,81,87,-6
103000296,286,6,280
103000297,16,7,9
103000504,0,8,-8
103000505,7,15,-8
103000506,2,205,-203
103000507,217,6,211
103000508,33,39,-6
103000509,189,493,-304
103000514,20,5,15
103900001,2,136,-134
103900002,872,126,746
103900003,905,25,880
103900004,129,1,128
103900005,4,176,-172
103900006,1,3,-2
103900007,20,0,20
103900008,8,8,0
103900009,191,455,-264
103900010,79,316,-237
103900011,197,159,38
103900012,12,23,-11
103900013,29,60,-31
103900014,48,13,35
103900015,46,4,42
103900016,255,155,100
103900017,12,110,-98
103900018,668,197,471
103900019,61,257,-196
103900020,187,303,-116
103900021,386,59,327
103900022,773,557,216
103900023,125,3,122
103900024,49,190,-141
103900025,9,25,-16
103900026,38,0,38
103900027,612,189,423
103900028,15,211,-196
103900029,997,167,830
103900030,288,74,214
103900031,13,5,8
103900032,69,79,-10
103900033,82,13,69
103900034,28,120,-92
103900035,55,50,5
103900036,39,30,9
103900037,80,74,6
103900038,91,153,-62
103900039,55,319,-264
103900040,3,93,-90
103900041,37,46,-9
103900042,54,329,-275
103900043,122,49,73
103900044,100,209,-109
103900045,327,110,217
103900047,43,30,13
103900048,51,21,30
103900049,230,891,-661
103900050,12,97,-85
103900051,1,42,-41
103900052,205,332,-127
103900053,165,472,-307
103900054,74,267,-193
103900055,332,218,114
103900056,35,47,-12
103900057,27,200,-173
103900058,181,594,-413
103900059,0,14,-14
103900060,43,152,-109
103900061,117,46,71
103900062,191,56,135
103900063,2,0,2
103900064,80,7,73
103900065,653,321,332
103900066,141,11,130
103900067,127,5,122
103900068,10,0,10
103900069,105,54,51
103900070,124,198,-74
103900071,24,99,-75
103900072,28,191,-163
103900073,24,26,-2
103900074,72,46,26
103900075,151,60,91
103900076,362,454,-92
103900077,44,95,-51
103900078,202,67,135
103900079,114,136,-22
103900080,13,32,-19
103900081,114,26,88
103900082,10,112,-102
103900083,1338,780,558
103900084,72,105,-33
103900085,51,130,-79
103900086,476,279,197
103900088,265,436,-171
103900089,51,105,-54
103900090,1,114,-113
103900091,1128,240,888
103900092,465,347,118
103900093,98,281,-183
103900094,12,123,-111
103900095,205,160,45
103900096,39,175,-136
103900097,4,328,-324
103900098,155,111,44
103900099,45,125,-80
103900100,143,329,-186
103900101,50,942,-892
103900102,12,25,-13
103900104,2,22,-20
103900105,99,213,-114
103900106,0,32,-32
103900107,85,163,-78
103900108,67,267,-200
103900109,113,69,44
103900110,136,30,106
103900111,66,533,-467
103900112,39,69,-30
103900113,127,198,-71
103900114,282,303,-21
103900115,178,159,19
103900116,4393,2274,2119
103900117,196,42,154
103900119,28,63,-35
103900120,60,88,-28
103900122,88,177,-89
103900123,1191,524,667
103900124,60,358,-298
103900125,75,86,-11
103900126,357,263,94
103900127,149,319,-170
103900128,102,117,-15
103900131,27,116,-89
103900133,687,34,653
103900134,1,6,-5
103900135,2,10,-8
103900137,0,24,-24
103900138,117,242,-125
103900139,360,1381,-1021
103900140,4,98,-94
103900141,234,40,194
103900142,113,94,19
103900143,52,6,46
103900144,0,33,-33
103900145,136,181,-45
103900146,232,143,89
103900147,236,82,154
103900148,158,231,-73
103900149,274,554,-280
103900150,4419,2710,1709
103900151,55,145,-90
103900152,360,355,5
103900153,6,0,6
103900154,584,1176,-592
103900155,17,200,-183
103900156,37,126,-89
103900157,28,115,-87
103900158,64,127,-63
103900159,91,67,24
103900160,47,44,3
103900161,80,133,-53
103900162,40,145,-105
103900163,10,391,-381
103900167,15,76,-61
103900168,74,99,-25
103900169,47,31,16
103900170,0,83,-83
103900171,0,48,-48
103900172,8,19,-11
103900173,23,11,12
103900174,137,42,95
103900175,21,45,-24
103900176,8,29,-21
103900177,6,57,-51
103900178,33,41,-8
103900179,55,103,-48
103900180,10,71,-61
103900181,36,31,5
103900182,30,8,22
103900184,360,50,310
103900185,129,216,-87
103900187,36,53,-17
103900188,36,15,21
103900189,80,1,79
103900190,56,48,8
103900191,36,39,-3
103900192,52,81,-29
103900193,118,101,17
103900194,50,194,-144
103900195,7,67,-60
103900196,25,23,2
103900197,8,21,-13
103900198,8,41,-33
103900199,131,45,86
103900200,124,120,4
103900201,106,105,1
103900202,4,47,-43
103900203,25,17,8
103900204,1,70,-69
103900207,1,77,-76
103900208,87,1,86
103900209,5,55,-50
103900210,32,31,1
103900211,392,299,93
103900212,74,240,-166
103900213,105,223,-118
103900214,278,142,136
103900215,463,356,107
103900216,13,307,-294
103900217,242,6,236
103900218,19,383,-364
103900219,165,220,-55
103900233,20,0,20
103900235,18,8,10
103900236,33,5,28
103900242,9,39,-30
103900243,8,14,-6
103900244,79,213,-134
103900245,61,171,-110
103900246,34,26,8
103900247,35,101,-66
103900248,12,55,-43
103900249,37,42,-5
103900250,33,25,8
103900251,1,31,-30
103900253,25,62,-37
103900254,9,21,-12
103900255,8,29,-21
103900256,9,36,-27
103900257,179,110,69
103900258,33,4,29
103900259,66,13,53
103900261,12,1,11
103900262,27,1,26
103900263,43,49,-6
103900264,84,48,36
103900265,90,16,74
103900266,1,45,-44
103900267,8,55,-47
103900268,7,81,-74
103900269,126,41,85
103900270,49,129,-80
103900271,7,54,-47
103900272,49,88,-39
103900273,43,31,12
103900274,74,5,69
103900275,23,4,19
103900276,3,46,-43
103900277,5,48,-43
103900278,12,34,-22
103900279,0,23,-23
103900280,0,86,-86
103900281,101,232,-131
103900282,8,24,-16
103900283,28,17,11
103900284,16,10,6
103900285,6,33,-27
103900286,43,45,-2
103900287,4,46,-42
103900288,61,62,-1
103900289,19,2,17
103900290,128,29,99
103900291,38,1,37
103900292,11,2,9
103900293,11,13,-2
103900294,15,19,-4
104000001,1829,1472,357
104000002,1284,2165,-881
104000003,1746,1749,-3
104000004,2305,2059,246
104000005,1164,1543,-379
104000006,2539,2242,297
104000007,3659,3385,274
104000008,195,312,-117
104000009,158,100,58
104000010,118,209,-91
104000011,381,268,113
104000012,107,275,-168
104000013,146,149,-3
104000014,149,696,-547
104000015,252,107,145
104000016,502,330,172
104000018,728,149,579
104000019,473,141,332
104000020,164,646,-482
104000021,215,704,-489
104000022,131,295,-164
104000023,565,323,242
104000024,238,297,-59
104000026,48,294,-246
104000027,219,322,-103
104000028,327,202,125
104000029,358,339,19
104000030,197,152,45
104000031,904,373,531
104000032,197,256,-59
104000033,466,468,-2
104000034,284,204,80
104000035,678,357,321
104000036,462,475,-13
104000037,218,154,64
104000038,374,430,-56
104000039,116,197,-81
104000040,264,347,-83
104000041,678,297,381
104000042,151,315,-164
104000043,221,338,-117
104000044,206,569,-363
104000045,901,1002,-101
104000046,989,1264,-275
104000047,670,957,-287
104000048,902,1401,-499
104000049,330,237,93
104000050,177,426,-249
104000051,96,437,-341
104000052,1534,1563,-29
104000053,698,450,248
104000054,232,303,-71
104000055,3007,1869,1138
104000056,1112,255,857
104000057,210,562,-352
104000058,711,620,91
104000059,411,868,-457
104000060,848,999,-151
104000061,960,811,149
104000062,448,144,304
104000064,479,266,213
104000065,206,519,-313
104000069,882,988,-106
104000070,41,420,-379
104000071,235,439,-204
104000072,654,293,361
104000075,51,258,-207
104000076,402,84,318
104000082,1546,2353,-807
104000083,768,159,609
104000084,116,466,-350
104000085,210,249,-39
104000086,162,397,-235
104000087,358,1397,-1039
104000090,608,1011,-403
104000092,881,1730,-849
104000094,598,1193,-595
104000095,1417,1219,198
104000096,1022,190,832
104000097,1311,735,576
104000098,1649,812,837
104000100,1194,572,622
104000101,932,1356,-424
104000106,127,561,-434
104000107,562,431,131
104000108,224,343,-119
104000109,261,70,191
104000110,704,806,-102
104000111,2601,1600,1001
104000112,1728,442,1286
104000116,1,726,-725
104000117,115,444,-329
104000118,421,190,231
104000119,450,267,183
104000120,199,537,-338
104000121,134,537,-403
104000122,550,630,-80
104000123,667,885,-218
104000124,814,1595,-781
104000125,2336,2934,-598
104000126,339,315,24
104000127,1370,2779,-1409
104000128,551,369,182
104000129,257,55,202
104000130,8,170,-162
104000131,582,458,124
104000132,594,561,33
104000133,1116,669,447
104000134,678,1177,-499
104000135,314,1361,-1047
104000136,605,2888,-2283
104000137,1323,302,1021
104000138,622,232,390
104000139,5343,2308,3035
104000141,865,1078,-213
104000142,520,607,-87
104000143,427,434,-7
104000144,75,130,-55
104000145,270,208,62
104000146,282,494,-212
104000147,96,248,-152
104000148,313,130,183
104000149,149,244,-95
104000150,652,339,313
104000151,299,380,-81
104000152,424,456,-32
104000153,437,405,32
104000154,803,473,330
104000155,312,424,-112
104000157,657,1166,-509
104000158,302,332,-30
104000159,637,346,291
104000160,1322,1467,-145
104000161,182,150,32
104000162,41,108,-67
104000165,1031,903,128
104000167,463,799,-336
104000168,389,5,384
104000169,88,41,47
104000170,411,503,-92
104000248,196,501,-305
104000251,74,162,-88
104000272,0,0,0
104000273,0,0,0
104000274,0,0,0
104000275,0,0,0
104000279,2451,1585,866
104000290,74,156,-82
104000291,547,1026,-479
104000293,612,644,-32
104000294,31,4,27
104000295,439,578,-139
104000296,273,479,-206
104000297,776,1554,-778
104000298,1532,744,788
104000299,592,1282,-690
104000302,108,113,-5
104000303,128,108,20
104900001,123,269,-146
104900002,47,109,-62
104900003,52,208,-156
104900004,78,193,-115
104900005,141,122,19
104900006,226,63,163
104900007,171,161,10
104900009,90,217,-127
104900010,43,39,4
104900011,13,10,3
104900012,183,21,162
104900013,98,7,91
104900014,2025,181,1844
104900015,63,4,59
104900016,131,132,-1
104900017,103,152,-49
104900018,9,128,-119
104900019,240,1823,-1583
104900020,36,191,-155
104900021,1,114,-113
104900022,20,201,-181
104900023,0,55,-55
104900024,26,144,-118
104900025,69,147,-78
104900026,0,69,-69
104900027,281,204,77
104900028,33,82,-49
104900029,28,66,-38
104900030,386,174,212
104900031,71,186,-115
104900032,49,94,-45
104900033,93,216,-123
104900034,327,114,213
104900035,276,107,169
104900036,166,84,82
104900037,92,145,-53
104900038,305,587,-282
104900039,459,280,179
104900040,381,96,285
104900041,154,127,27
104900042,117,149,-32
104900043,14,145,-131
104900044,480,157,323
104900045,351,42,309
104900046,136,80,56
104900047,254,107,147
104900048,156,60,96
104900049,27,19,8
104900050,202,78,124
104900051,211,37,174
104900052,42,0,42
104900053,349,85,264
104900054,112,20,92
104900055,58,1,57
104900056,118,17,101
104900057,19,1,18
104900058,542,197,345
104900059,203,54,149
104900061,159,354,-195
104900063,31,108,-77
104900064,0,47,-47
104900065,1,103,-102
104900066,1,80,-79
104900067,3,201,-198
104900068,14,142,-128
104900070,164,245,-81
104900071,0,392,-392
104900072,39,217,-178
104900073,60,101,-41
104900074,34,187,-153
104900075,60,26,34
104900076,43,216,-173
104900077,539,203,336
104900078,153,395,-242
104900079,86,305,-219
104900080,75,442,-367
104900082,18,315,-297
104900085,1,145,-144
104900089,112,1,111
104900091,416,412,4
104900093,185,342,-157
104900097,1811,1475,336
104900098,97,29,68
104900099,32,395,-363
104900100,300,187,113
104900102,18,91,-73
104900103,320,37,283
104900106,49,115,-66
104900107,87,134,-47
104900108,31,152,-121
104900109,79,164,-85
104900110,4,47,-43
104900111,85,81,4
104900112,227,512,-285
104900113,496,296,200
104900114,262,293,-31
104900115,475,333,142
104900116,167,149,18
104900118,18,69,-51
104900119,0,26,-26
104900120,59,172,-113
104900121,0,39,-39
104900122,1,55,-54
104900123,39,6,33
104900124,39,0,39
104900125,321,114,207
104900126,48,34,14
104900127,23,57,-34
104900128,49,80,-31
104900129,1091,1070,21
105000001,2090,1270,820
105000002,1770,1300,470
105000003,2723,2727,-4
105000004,411,780,-369
105000005,570,845,-275
105000006,1147,1435,-288
105000007,946,1133,-187
105000008,1589,2225,-636
105000009,1811,2439,-628
105000010,2553,1959,594
105000011,2513,2108,405
105000012,3294,2677,617
105000013,778,931,-153
105000014,1276,2070,-794
105000015,7645,10669,-3024
105000016,2772,1699,1073
105000017,1598,789,809
105000018,956,1180,-224
105000019,1007,655,352
105000020,187,363,-176
105000021,244,80,164
105000022,289,79,210
105000023,430,342,88
105000028,91,108,-17
105000029,419,962,-543
105000030,3313,2356,957
105000031,7,35,-28
105000033,871,1663,-792
105000034,110,657,-547
105000037,573,230,343
105000038,1517,1225,292
105000039,2129,1292,837
105000040,735,910,-175
105000041,430,986,-556
105000042,2346,1351,995
105000043,1349,1537,-188
105000044,397,346,51
105000045,299,594,-295
105000046,944,291,653
105000047,492,1125,-633
105000048,465,149,316
105000049,266,460,-194
105000050,568,328,240
105000051,165,432,-267
105000052,501,651,-150
105000053,131,119,12
105000054,270,697,-427
105000055,518,285,233
105000056,969,1577,-608
105000057,963,724,239
105000058,1010,1042,-32
105000059,559,480,79
105000060,376,538,-162
105000061,411,454,-43
105000062,583,631,-48
105000063,279,404,-125
105000064,968,679,289
105000065,302,511,-209
105000066,876,1284,-408
105000067,1019,550,469
105000068,503,752,-249
105000069,1442,1324,118
105000070,607,685,-78
105000071,231,572,-341
105000072,888,1562,-674
105000073,664,444,220
105000074,904,637,267
105000075,418,728,-310
105000076,981,925,56
105000077,2345,957,1388
105000078,998,1104,-106
105000079,1396,3073,-1677
105000080,1339,1081,258
105000081,3960,1333,2627
105000082,923,1592,-669
105000083,4812,3127,1685
105000084,571,723,-152
105000085,1299,1615,-316
105000086,618,814,-196
105000087,1235,1602,-367
105000088,1269,1314,-45
105000089,2352,1738,614
105000090,855,687,168
105000091,984,1200,-216
105000092,547,744,-197
105000093,259,227,32
105000094,243,204,39
105000095,89,410,-321
105000096,965,782,183
105000097,878,729,149
105000098,726,540,186
105000099,873,618,255
105000100,983,811,172
105000101,1673,1578,95
105000102,1081,1027,54
105000103,982,1762,-780
105000104,1713,786,927
105000105,1013,1624,-611
105000106,994,1390,-396
105000107,1022,834,188
105000108,1146,1238,-92
105000109,1240,1359,-119
105000110,620,434,186
105000111,543,677,-134
105000112,1025,565,460
105000113,319,622,-303
105000114,2136,879,1257
105000115,256,960,-704
105000116,593,441,152
105000117,794,865,-71
105000118,392,279,113
105000119,463,767,-304
105000120,807,482,325
105000121,725,838,-113
105000122,343,552,-209
105000123,1001,1036,-35
105000124,1357,641,716
105000125,671,1593,-922
105000126,1501,1441,60
105000127,1927,1690,237
105000128,486,819,-333
105000129,713,346,367
105000130,368,2376,-2008
105000131,693,320,373
105000132,615,546,69
105000133,372,737,-365
105000134,490,497,-7
105000135,447,463,-16
105000136,129,319,-190
105000137,401,229,172
105000138,192,347,-155
105000139,890,790,100
105000140,346,502,-156
105000141,263,527,-264
105000142,202,446,-244
105000143,158,535,-377
105000144,236,831,-595
105000145,562,392,170
105000146,372,811,-439
105000147,520,297,223
105000148,1071,579,492
105000149,1837,1663,174
105000150,1746,1409,337
105000151,319,366,-47
105000152,166,410,-244
105000153,439,532,-93
105000154,600,496,104
105000155,287,778,-491
105000156,788,533,255
105000157,699,1210,-511
105000158,1418,656,762
105000159,287,743,-456
105000160,1462,515,947
105000161,493,826,-333
105000162,383,1276,-893
105000163,929,670,259
105000164,316,201,115
105000165,729,3570,-2841
105000166,3843,657,3186
105000167,1543,1122,421
105000168,293,570,-277
105000169,460,287,173
105000170,154,1000,-846
105000171,907,180,727
105000172,108,24,84
105000173,161,35,126
105000174,76,36,40
105000175,66,117,-51
105000176,279,94,185
105000177,210,184,26
105000178,123,382,-259
105000179,401,122,279
105000180,109,93,16
105000181,93,190,-97
105000182,33,60,-27
105000183,1864,1588,276
105000184,1664,786,878
105000185,1233,817,416
105000186,556,722,-166
105000187,722,172,550
105000188,252,91,161
105000189,233,414,-181
105000190,220,292,-72
105000191,314,311,3
105000192,231,69,162
105000193,81,104,-23
105000194,403,128,275
105000195,210,537,-327
105000196,80,202,-122
105000197,237,489,-252
105000198,565,235,330
105000199,326,635,-309
105000200,75,200,-125
105000201,84,23,61
105000203,7,183,-176
105000204,93,61,32
105000205,120,184,-64
105000207,388,180,208
105000208,196,407,-211
105000209,171,283,-112
105000211,211,21,190
105000212,918,966,-48
105000213,147,194,-47
105000214,125,237,-112
105000215,287,179,108
105000216,164,254,-90
105000217,95,242,-147
105000218,868,992,-124
105000221,122,160,-38
105000222,545,104,441
105000223,230,162,68
105000226,53,203,-150
105000227,70,119,-49
105000228,226,1367,-1141
105000229,140,434,-294
105000231,276,219,57
105000233,690,600,90
105000234,458,994,-536
105000235,300,506,-206
105000237,488,59,429
105000243,20,29,-9
105000248,48,45,3
105000262,269,973,-704
105000269,99,223,-124
105000270,353,61,292
105000271,0,191,-191
105000282,68,50,18
105000287,371,99,272
105000288,381,307,74
105000289,3361,1741,1620
105000290,17,7,10
105000402,2781,2758,23
105000426,503,476,27
105000438,4338,1686,2652
105000440,31,29,2
105000446,9664,4665,4999
105000447,5667,2282,3385
105000454,313,568,-255
105000455,260,118,142
105000474,51,3,48
105000477,292,414,-122
105000478,1299,3198,-1899
105000479,131,96,35
105000480,9522,5876,3646
105000481,4123,2508,1615
105000482,4541,7430,-2889
105000483,1314,1472,-158
105000484,1977,2874,-897
105000485,1146,2339,-1193
105000486,3223,2027,1196
105000488,10756,5192,5564
105000489,648,708,-60
105000549,105,118,-13
105000550,497,1266,-769
105000551,30,113,-83
105000552,2620,1588,1032
105000555,1560,868,692
105000556,27,16,11
105000557,43,190,-147
105900001,6,826,-820
105900002,975,449,526
105900003,7,103,-96
105900004,144,113,31
105900005,3,142,-139
105900006,5,66,-61
105900007,58,15,43
105900008,62,427,-365
105900009,10,9,1
105900011,90,28,62
105900012,309,91,218
105900013,1,11,-10
105900014,3,36,-33
105900015,117,247,-130
105900016,233,348,-115
105900017,818,20,798
105900018,135,134,1
105900019,52,234,-182
105900020,41,41,0
105900021,16,145,-129
105900022,200,150,50
105900023,4,60,-56
105900024,7,55,-48
105900025,162,26,136
105900026,198,18,180
105900027,4198,5060,-862
105900028,474,340,134
105900029,1018,298,720
105900030,139,164,-25
105900031,279,157,122
105900032,59,111,-52
105900033,96,77,19
105900034,194,144,50
105900035,90,95,-5
105900036,66,110,-44
105900037,73,54,19
105900038,154,185,-31
105900039,108,106,2
105900040,49,95,-46
105900041,134,121,13
105900042,47,108,-61
105900043,907,45,862
105900044,6,181,-175
105900045,5,519,-514
105900046,12,185,-173
105900047,13,36,-23
105900048,51,411,-360
105900050,4538,2087,2451
105900051,13,594,-581
105900052,345,253,92
105900053,2106,1659,447
105900054,232,118,114
105900056,437,174,263
105900057,11,65,-54
105900058,11,17,-6
105900059,0,36,-36
106000001,3986,2058,1928
106000002,2247,4832,-2585
106000003,2259,2717,-458
106000004,1468,2557,-1089
106000005,2533,4381,-1848
106000006,4938,3763,1175
106000007,385,576,-191
106000008,377,265,112
106000009,432,330,102
106000010,456,539,-83
106000011,760,902,-142
106000012,690,1108,-418
106000013,1199,1658,-459
106000014,1452,1449,3
106000015,1198,981,217
106000016,960,1813,-853
106000017,486,641,-155
106000018,508,475,33
106000019,308,364,-56
106000020,292,356,-64
106000021,296,413,-117
106000022,270,197,73
106000023,406,332,74
106000024,401,478,-77
106000025,91,169,-78
106000026,69,355,-286
106000027,998,1069,-71
106000028,523,503,20
106000029,625,967,-342
106000030,516,371,145
106000034,169,559,-390
106000035,1010,1715,-705
106000036,185,330,-145
106000037,1805,1203,602
106000038,428,124,304
106000039,130,118,12
106000040,149,645,-496
106000041,605,442,163
106000043,489,219,270
106000046,273,71,202
106000047,52,279,-227
106000049,761,155,606
106000050,271,628,-357
106000051,523,355,168
106000052,103,512,-409
106000053,267,102,165
106000054,270,410,-140
106000055,828,717,111
106000056,220,331,-111
106000057,235,225,10
106000058,116,156,-40
106000059,232,210,22
106000060,290,461,-171
106000061,171,340,-169
106000062,142,448,-306
106000063,540,419,121
106000064,15,293,-278
106000065,254,299,-45
106000066,82,302,-220
106000067,232,90,142
106000068,47,494,-447
106000069,156,46,110
106000070,394,583,-189
106000071,814,256,558
106000072,2239,1327,912
106000073,1356,2417,-1061
106000074,504,541,-37
106000075,274,1333,-1059
106000076,1673,1709,-36
106000077,2963,1328,1635
106000078,743,810,-67
106000079,512,759,-247
106000080,936,494,442
106000081,418,947,-529
106000082,1906,752,1154
106000083,361,1354,-993
106000084,1006,512,494
106000085,1240,1212,28
106000086,517,839,-322
106000087,733,427,306
106000088,299,714,-415
106000089,755,345,410
106000090,226,505,-279
106000091,270,359,-89
106000092,440,235,205
106000093,249,100,149
106000094,94,245,-151
106000095,544,666,-122
106000096,602,556,46
106000097,693,708,-15
106000098,527,751,-224
106000099,148,623,-475
106000100,839,203,636
106000101,791,567,224
106000102,145,395,-250
106000103,256,404,-148
106000104,571,396,175
106000105,425,504,-79
106000106,443,425,18
106000107,171,321,-150
106000108,354,306,48
106000109,147,290,-143
106000110,248,295,-47
106000111,159,342,-183
106000112,194,413,-219
106000113,588,444,144
106000114,416,436,-20
106000115,189,405,-216
106000116,219,193,26
106000117,801,551,250
106000118,781,1046,-265
106000119,1239,851,388
106000120,673,869,-196
106000121,168,109,59
106000122,96,201,-105
106000123,392,138,254
106000124,45,189,-144
106000125,32,181,-149
106000126,237,138,99
106000127,460,572,-112
106000128,631,194,437
106000129,679,515,164
106000130,613,618,-5
106000131,119,644,-525
106000132,456,172,284
106000133,1535,1032,503
106000134,576,1051,-475
106000135,476,688,-212
106000136,450,683,-233
106000137,65,614,-549
106000138,829,72,757
106000139,55,104,-49
106000140,52,53,-1
106000141,65,47,18
106000142,42,71,-29
106000143,62,72,-10
106000144,49,58,-9
106000145,182,243,-61
106000146,253,123,130
106000147,707,583,124
106000148,852,793,59
106000149,477,470,7
106000150,412,1543,-1131
106000151,3048,630,2418
106000152,946,1570,-624
106000153,99,1152,-1053
106000154,1043,230,813
106000155,86,179,-93
106000156,540,228,312
106000157,519,1265,-746
106000158,1885,816,1069
106000159,2264,1436,828
106000160,305,1898,-1593
106000161,1117,325,792
106000162,206,709,-503
106000163,314,310,4
106000164,279,290,-11
106000165,151,454,-303
106000166,488,278,210
106000167,270,756,-486
106000168,443,254,189
106000169,198,444,-246
106000170,637,241,396
106000171,158,951,-793
106000172,2178,1132,1046
106000173,847,2083,-1236
106000174,814,362,452
106000175,273,683,-410
106000176,1167,677,490
106000177,644,1771,-1127
106000178,2488,1288,1200
106000179,1022,1769,-747
106000180,678,955,-277
106000181,548,1308,-760
106000182,949,592,357
106000183,1074,485,589
106000184,1370,489,881
106000185,695,747,-52
106000186,690,127,563
106000187,157,856,-699
106000188,0,2,-2
106000189,15,46,-31
106000190,13,0,13
106000191,524,160,364
106000192,4,18,-14
106000193,363,174,189
106000194,129,249,-120
106000195,322,103,219
106000196,103,359,-256
106000197,524,230,294
106000198,102,208,-106
106000199,590,514,76
106000200,126,132,-6
106000201,336,1668,-1332
106000202,2743,377,2366
106000203,29,189,-160
106000204,82,10,72
106000205,21,108,-87
106000206,70,23,47
106000207,51,541,-490
106000208,1074,166,908
106000209,1027,233,794
106000210,264,696,-432
106000211,238,954,-716
106000212,554,344,210
106000213,598,1468,-870
106000214,2362,608,1754
106000215,176,449,-273
106000216,261,325,-64
106000217,209,375,-166
106000218,464,385,79
106000219,150,266,-116
106000220,349,236,113
106000221,143,213,-70
106000222,47,95,-48
106000223,161,115,46
106000224,199,200,-1
106000225,50,86,-36
106000226,97,247,-150
106000228,29,87,-58
106000229,76,592,-516
106000231,742,85,657
106000232,44,321,-277
106000233,298,60,238
106000234,58,145,-87
106000235,258,65,193
106000236,139,91,48
106000237,1,10,-9
106000238,21,13,8
106000239,4,66,-62
106000240,32,3,29
106000241,23,591,-568
106000242,224,38,186
106000249,55,47,8
106000250,58,357,-299
106000251,73,13,60
106000252,11,50,-39
106000253,39,51,-12
106000254,44,30,14
106000255,24,134,-110
106000256,37,43,-6
106000257,124,179,-55
106000258,164,15,149
106000259,9,42,-33
106000260,34,3,31
106000261,3,37,-34
106000262,73,10,63
106000263,3,56,-53
106000264,115,5,110
106000265,12,106,-94
106000266,72,20,52
106000267,3,54,-51
106000268,539,47,492
106000269,43,28,15
106000270,110,453,-343
106000271,76,209,-133
106000272,182,46,136
106000273,7,210,-203
106000274,119,37,82
106000275,139,193,-54
106000276,135,27,108
106000277,136,239,-103
106000278,221,39,182
106000279,6,31,-25
106000280,52,76,-24
106000281,73,40,33
106000282,82,59,23
106000283,123,62,61
106000284,64,82,-18
106000285,118,82,36
106000286,67,100,-33
106000287,96,61,35
106000288,49,151,-102
106000289,75,42,33
106000290,33,77,-44
106000291,102,64,38
106000292,77,97,-20
106000293,92,99,-7
106000294,131,131,0
106000295,48,37,11
106000296,36,92,-56
106000297,46,182,-136
106000298,102,69,33
106000299,63,104,-41
106000300,37,88,-51
106000301,44,111,-67
106000303,19,50,-31
106000304,20,26,-6
106000305,30,23,7
106000306,27,37,-10
106000307,23,8,15
106000308,11,60,-49
106000309,16,48,-32
106000310,247,394,-147
106000311,275,140,135
106000312,73,190,-117
106000313,132,161,-29
106000318,96,339,-243
106000319,833,200,633
106000320,0,49,-49
106000321,196,88,108
106000322,107,155,-48
106000324,14,105,-91
106000325,1183,691,492
106000326,756,1501,-745
106000327,116,113,3
106000328,29,101,-72
106000329,61,178,-117
106000330,37,44,-7
106000428,85,170,-85
106000429,105,418,-313
106000430,242,1037,-795
106000431,1597,337,1260
106000432,2025,2602,-577
106000433,1980,1290,690
106000434,2462,1178,1284
106000435,1356,2233,-877
106000436,15,133,-118
106000437,219,17,202
106000438,374,131,243
106000439,57,261,-204
106000440,396,425,-29
106000441,1,3,-2
106000442,148,4,144
106000443,143,292,-149
106000450,4,117,-113
106000451,39,34,5
106000454,7,99,-92
106000455,10,189,-179
106000456,102,39,63
106000457,6,754,-748
106000458,592,86,506
106000459,264,334,-70
106000460,1027,14,1013
106000461,98,934,-836
106000462,3,55,-52
106000463,4,22,-18
106000464,4,410,-406
106000465,542,3,539
106000466,1,381,-380
106000467,261,399,-138
106000468,57,102,-45
106000469,156,1,155
106000470,249,1443,-1194
106000471,17,452,-435
106000472,122,11,111
106000473,51,17,34
106000474,450,550,-100
106000475,322,266,56
106000476,154,197,-43
106000477,47,128,-81
106000480,0,308,-308
106900001,0,16,-16
106900002,0,358,-358
106900003,59,213,-154
106900004,1,24,-23
106900006,0,4,-4
106900007,0,5,-5
106900008,217,96,121
106900009,260,210,50
106900010,184,194,-10
106900012,995,945,50
106900013,121,31,90
106900014,29,1,28
106900015,12,2,10
106900016,239,8,231
106900017,4,0,4
106900018,0,0,0
106900019,29,3,26
106900020,1310,895,415
106900021,159,184,-25
106900022,528,1,527
106900023,2,153,-151
106900024,191,14,177
106900025,37,266,-229
106900026,0,416,-416
106900027,655,2,653
106900028,4,108,-104
106900029,138,16,122
106900030,16,126,-110
107000001,3210,2663,547
107000002,2806,4238,-1432
107000003,4270,5233,-963
107000004,3989,4130,-141
107000005,3342,4494,-1152
107000006,3762,3855,-93
107000007,4193,8285,-4092
107000008,9876,7140,2736
107000009,5598,5837,-239
107000010,8823,8393,430
107000011,1281,1267,14
107000012,3444,2702,742
107000013,55,92,-37
107000014,55,238,-183
107000015,563,716,-153
107000016,572,707,-135
107000017,2345,842,1503
107000018,14,471,-457
107000020,1124,552,572
107000021,886,359,527
107000022,627,898,-271
107000023,1381,216,1165
107000024,371,1158,-787
107000025,216,360,-144
107000026,184,376,-192
107000027,1218,834,384
107000028,966,1284,-318
107000029,2683,2226,457
107000030,2576,2582,-6
107000031,3542,2050,1492
107000032,463,859,-396
107000033,2246,3360,-1114
107000034,2215,1388,827
107000035,230,241,-11
107000036,286,1161,-875
107000037,77,694,-617
107000038,216,194,22
107000039,794,644,150
107000040,115,245,-130
107000041,1220,707,513
107000042,639,1595,-956
107000043,1943,962,981
107000044,497,285,212
107000045,98,228,-130
107000046,648,345,303
107000047,382,752,-370
107000048,558,295,263
107000049,604,662,-58
107000050,974,556,418
107000051,314,317,-3
107000052,967,859,108
107000053,281,178,103
107000054,68,258,-190
107000055,298,130,168
107000056,440,726,-286
107000057,1350,226,1124
107000058,1739,1930,-191
107000059,1767,2841,-1074
107000060,3516,4332,-816
107000061,4157,3131,1026
107000062,3205,2496,709
107000063,3761,4396,-635
107000064,3481,1872,1609
107000065,3348,4180,-832
107000066,1525,2153,-628
107000067,1009,853,156
107000068,1072,586,486
107000069,683,417,266
107000070,1186,5,1181
107000071,2678,55,2623
107000072,39,2347,-2308
107000073,568,302,266
107000074,177,733,-556
107000075,1244,423,821
107000076,643,1237,-594
107000077,2861,1238,1623
107000078,2591,3039,-448
107000079,2289,991,1298
107000080,1129,2774,-1645
107000081,1425,514,911
107000082,546,1625,-1079
107000083,1020,367,653
107000084,280,1407,-1127
107000085,2472,2922,-450
107000086,3177,3014,163
107000087,2341,1764,577
107000088,3018,3383,-365
107000089,1144,1444,-300
107000090,784,1073,-289
107000091,1274,777,497
107000092,712,930,-218
107000093,990,692,298
107000094,876,1078,-202
107000095,561,577,-16
107000096,437,645,-208
107000097,700,302,398
107000098,601,625,-24
107000099,313,238,75
107000100,178,244,-66
107000101,60,121,-61
107000102,212,215,-3
107000103,224,190,34
107000104,170,258,-88
107000105,331,132,199
107000106,128,248,-120
107000107,538,140,398
107000108,148,546,-398
107000109,530,191,339
107000110,68,389,-321
107000111,414,65,349
107000112,79,436,-357
107000113,591,147,444
107000114,95,582,-487
107000115,429,145,284
107000116,105,640,-535
107000117,93,588,-495
107000118,131,182,-51
107000119,1155,1344,-189
107000120,1231,374,857
107000121,693,716,-23
107000122,1224,957,267
107000123,402,561,-159
107000124,450,842,-392
107000125,752,537,215
107000126,843,737,106
107000129,265,769,-504
107000130,749,238,511
107000131,352,667,-315
107000132,542,332,210
107000133,821,74,747
107000134,240,3,237
107000135,10,231,-221
107000136,736,9,727
107000137,9,377,-368
107000138,309,22,287
107000139,17,381,-364
107000140,1107,80,1027
107000141,99,638,-539
107000142,384,67,317
107000143,50,575,-525
107000144,438,387,51
107000145,117,420,-303
107000146,148,309,-161
107000147,3426,951,2475
107000150,573,2145,-1572
107000151,31,106,-75
107000152,344,1138,-794
107000153,181,343,-162
107000154,333,227,106
107000155,770,12,758
107000156,940,9,931
107000157,25,1254,-1229
107000158,609,22,587
107000159,49,903,-854
107000160,871,95,776
107000161,80,1174,-1094
107000162,203,361,-158
107000163,202,4,198
107000164,523,0,523
107000165,838,6,832
107000166,47,918,-871
107000167,485,231,254
107000168,836,416,420
107000169,640,784,-144
107000170,1681,687,994
107000171,540,1624,-1084
107000172,856,1202,-346
107000173,635,854,-219
107000174,775,3781,-3006
107000175,5451,1521,3930
107000176,1,1,0
107000177,1,2,-1
107000178,13,48,-35
107000179,224,1900,-1676
107000180,1085,250,835
107000181,467,1125,-658
107000182,1484,782,702
107000183,113,705,-592
107000184,934,529,405
107000185,368,1223,-855
107000186,860,340,520
107000187,1135,1180,-45
107000188,523,520,3
107000189,387,940,-553
107000190,508,659,-151
107000191,801,1142,-341
107000192,1378,606,772
107000193,352,380,-28
107000194,819,591,228
107000197,810,243,567
107000198,298,722,-424
107000199,457,458,-1
107000200,579,532,47
107000201,340,214,126
107000202,249,446,-197
107000203,994,575,419
107000204,1302,728,574
107000205,1988,677,1311
107000206,700,901,-201
107000207,465,727,-262
107000208,818,364,454
107000209,1790,1033,757
107000210,739,388,351
107000211,6,40,-34
107000212,11,240,-229
107000213,6,27,-21
107000214,27,127,-100
107000215,324,254,70
107000216,367,238,129
107000217,104,87,17
107000219,53,101,-48
107000220,120,137,-17
107000222,209,589,-380
107000224,303,64,239
107000225,117,318,-201
107000226,298,64,234
107000227,64,197,-133
107000228,90,176,-86
107000229,124,87,37
107000230,848,423,425
107000231,1548,1469,79
107000232,125,46,79
107000233,1311,837,474
107000234,1,52,-51
107000235,56,14,42
107000236,13,326,-313
107000237,11,3,8
107000238,30,2,28
107000239,2150,349,1801
107000240,79,725,-646
107000243,0,43,-43
107000244,3,47,-44
107000246,3,887,-884
107000249,3,1016,-1013
107000251,0,302,-302
107000252,4,888,-884
107000255,234,72,162
107000257,2,376,-374
107000258,1,112,-111
107000259,2,188,-186
107000260,540,3,537
107000262,23,433,-410
107000263,195,7,188
107000266,0,3,-3
107000267,76,111,-35
107000268,117,119,-2
107000269,524,55,469
107000270,2,8,-6
107000271,14,521,-507
107000272,14,113,-99
107000273,2,171,-169
107000274,598,8,590
107000275,347,943,-596
107000280,652,19,633
107000281,50,715,-665
107000282,30,716,-686
107000290,5,28,-23
107000291,12,8,4
107000292,8,52,-44
107000293,55,3,52
107000294,0,29,-29
107000295,26,2,24
107000296,0,11,-11
107000444,222,10,212
107000496,0,14,-14
107000497,1336,1981,-645
107000500,248,277,-29
107000501,89,142,-53
107000502,200,333,-133
107000505,315,697,-382
107000506,0,18,-18
107000508,5,448,-443
107000509,186,730,-544
107000510,14,21,-7
107000514,73,286,-213
107000515,12,160,-148
107000516,276,181,95
107000518,906,1062,-156
107000519,1612,791,821
107000520,48,22,26
107000521,537,332,205
107000522,861,550,311
107900001,54,168,-114
107900002,44,3,41
107900003,209,74,135
107900004,0,0,0
107900005,1041,2,1039
107900006,99,2,97
107900007,194,33,161
107900008,55,12,43
107900009,93,6,87
107900010,15,0,15
107900012,215,20,195
107900013,181,21,160
107900014,24,5,19
107900015,815,7,808
107900016,292,56,236
107900017,13,3,10
107900018,37,105,-68
107900019,11,41,-30
107900020,40,7,33
107900021,76,118,-42
107900023,0,0,0
107900024,0,19,-19
107900025,131,162,-31
107900026,59,62,-3
107900027,31,24,7
107900028,77,81,-4
107900030,121,24,97
107900031,43,87,-44
107900032,21,3,18
107900033,14,16,-2
107900034,257,14,243
107900035,719,117,602
107900036,53,11,42
107900037,0,32,-32
107900038,117,165,-48
107900039,20,26,-6
107900040,31,77,-46
107900041,3,1,2
107900043,28,85,-57
107900044,27,9,18
107900045,68,43,25
107900046,129,154,-25
107900047,17,71,-54
107900048,107,4,103
107900049,249,706,-457
107900050,127,246,-119
107900051,65,35,30
107900052,45,43,2
107900053,44,79,-35
107900055,471,180,291
107900056,80,37,43
107900057,5,0,5
107900058,23,448,-425
107900060,42,32,10
107900061,9,5,4
107900063,45,97,-52
107900064,180,81,99
107900065,134,9,125
107900066,33,11,22
107900067,1,0,1
107900068,102,254,-152
107900069,43,1262,-1219
107900070,100,23,77
107900071,28,520,-492
107900072,98,128,-30
107900073,91,84,7
107900074,719,254,465
107900076,106,37,69
107900077,50,0,50
107900079,18,22,-4
107900080,228,405,-177
107900081,40,87,-47
107900082,16,11,5
107900083,243,103,140
107900084,93,96,-3
107900086,74,110,-36
107900087,598,164,434
107900088,22,2,20
107900089,204,568,-364
107900090,355,1348,-993
107900091,152,338,-186
107900093,69,64,5
107900095,2897,1740,1157
107900097,17,61,-44
107900098,41,130,-89
107900100,825,881,-56
107900101,894,183,711
107900102,28,7,21
107900103,47,120,-73
107900104,142,2,140
107900105,1,363,-362
107900106,2,885,-883
107900107,525,293,232
107900108,187,114,73
107900109,831,6,825
107900110,34,89,-55
107900111,6,611,-605
107900112,55,267,-212
107900113,174,93,81
107900114,144,146,-2
107900115,2,42,-40
107900116,151,111,40
107900117,302,269,33
107900118,77,137,-60
107900119,60,150,-90
107900120,21,31,-10
107900121,11,110,-99
107900122,2,68,-66
107900123,5,31,-26
107900124,17,21,-4
107900125,32,155,-123
107900126,8,49,-41
107900127,309,247,62
107900128,72,78,-6
107900129,52,32,20
107900130,47,7,40
107900131,527,207,320
107900132,136,298,-162
107900133,0,74,-74
107900134,21,58,-37
107900135,8,119,-111
107900136,16,26,-10
107900137,113,89,24
107900138,41,28,13
107900139,26,31,-5
107900141,58,28,30
107900142,65,601,-536
107900143,59,14,45
107900144,0,104,-104
107900145,4,65,-61
107900146,33,67,-34
107900147,32,23,9
107900148,53,81,-28
107900149,702,176,526
107900150,68,504,-436
107900151,28,89,-61
107900152,7,99,-92
107900153,153,210,-57
107900154,41,17,24
107900155,37,42,-5
107900156,3,270,-267
107900157,45,40,5
107900158,600,28,572
107900159,25,552,-527
107900160,73,151,-78
107900161,19,142,-123
107900162,0,12,-12
107900163,27,19,8
107900164,4,32,-28
107900165,51,96,-45
107900166,11,187,-176
107900167,18,45,-27
107900168,17,37,-20
107900169,5,91,-86
107900171,2,1149,-1147
107900172,1,209,-208
107900173,21,115,-94
107900174,82,8,74
107900175,17,60,-43
107900176,25,34,-9
107900177,0,53,-53
107900178,0,153,-153
107900179,6,110,-104
107900180,518,407,111
107900181,174,245,-71
107900182,8,970,-962
107900183,34,218,-184
107900184,77,210,-133
107900185,74,1,73
107900186,14,35,-21
107900187,0,121,-121
107900188,529,110,419
107900189,31,67,-36
107900190,63,116,-53
107900191,55,107,-52
107900193,16,45,-29
107900194,126,8,118
107900195,1822,292,1530
107900196,50,87,-37
107900197,815,320,495
107900199,0,900,-900
107900201,58,87,-29
107900203,44,55,-11
107900204,179,120,59
107900206,852,154,698
107900207,1,527,-526
107900208,3,443,-440
107900209,285,76,209
107900210,82,134,-52
107900213,355,295,60
107900214,14,86,-72
107900215,123,234,-111
107900216,159,67,92
107900217,38,59,-21
107900218,17,1039,-1022
107900219,27,77,-50
107900220,204,164,40
107900221,105,190,-85
107900223,78,436,-358
107900224,85,283,-198
107900225,5,490,-485
107900226,115,85,30
107900227,103,320,-217
107900228,14,67,-53
107900229,0,174,-174
107900230,4,87,-83
107900231,24,175,-151
107900232,69,124,-55
107900233,9,82,-73
107900234,60,61,-1
107900235,16,79,-63
107900236,69,56,13
107900237,39,264,-225
107900238,27,79,-52
107900239,666,411,255
107900240,16,108,-92
107900241,15,50,-35
107900242,24,211,-187
107900243,4,66,-62
107900244,148,2,146
107900245,494,33,461
107900246,114,7,107
107900248,220,176,44
107900249,425,13,412
107900250,0,371,-371
107900251,81,1106,-1025
107900252,640,15,625
107900253,114,7,107
107900254,63,260,-197
107900255,243,84,159
107900256,1095,422,673
107900257,114,74,40
107900258,115,170,-55
107900259,61,1356,-1295
107900261,1,213,-212
107900262,54,109,-55
107900264,277,4,273
107900265,120,100,20
107900267,152,13,139
107900268,24,9,15
107900269,0,2,-2
107900270,1,0,1
107900271,2,5,-3
107900272,113,20,93
107900273,23,127,-104
107900274,39,0,39
107900275,17,3,14
107900276,1,70,-69
107900277,0,150,-150
107900278,210,261,-51
107900279,86,177,-91
107900280,1304,1617,-313
107900281,1075,2014,-939
107900282,49,398,-349
107900283,678,390,288
107900284,416,556,-140
107900285,89,66,23
107900286,89,58,31
107900287,161,136,25
107900290,2,91,-89
107900291,368,17,351
107900292,104,178,-74
107900293,44,430,-386
107900295,55,30,25
107900297,4,222,-218
107900298,699,699,0
107900299,2255,1818,437
107900301,354,650,-296
107900302,60,32,28
107900303,117,186,-69
107900304,167,334,-167
107900305,166,6,160
107900306,8,17,-9
107900307,58,210,-152
107900308,158,66,92
107900309,44,0,44
107900310,246,2,244
107900311,3,173,-170
107900312,45,0,45
107900313,1,90,-89
107900314,1,56,-55
107900315,2,19,-17
107900316,24,1,23
107900317,51,18,33
107900318,13,94,-81
107900319,5,140,-135
107900320,1,115,-114
107900321,105,5,100
107900322,0,146,-146
107900323,3,122,-119
107900324,111,5,106
107900325,65,0,65
107900326,229,189,40
107900327,0,64,-64
107900328,89,0,89
107900329,55,65,-10
107900330,4,289,-285
107900331,175,27,148
107900332,184,16,168
107900333,45,9,36
107900334,7,143,-136
107900335,52,46,6
107900336,26,36,-10
107900337,847,550,297
107900338,2,151,-149
107900339,1,24,-23
107900340,2,31,-29
107900341,43,0,43
107900342,104,65,39
107900343,55,2,53
107900344,10,79,-69
107900345,75,17,58
107900346,22,0,22
107900347,24,0,24
107900348,6,1,5
107900349,8,9,-1
107900350,29,222,-193
107900351,2,145,-143
107900352,2,33,-31
107900353,18,9,9
107900354,81,106,-25
108000001,2415,3030,-615
108000002,1984,2351,-367
108000003,2814,2980,-166
108000004,10793,13271,-2478
108000005,7423,5921,1502
108000006,8013,7580,433
108000007,3976,3605,371
108000008,3950,5826,-1876
108000009,2790,3796,-1006
108000010,2517,4085,-1568
108000011,9854,10635,-781
108000012,15721,14040,1681
108000014,1032,489,543
108000015,749,219,530
108000016,241,607,-366
108000017,921,348,573
108000018,1551,515,1036
108000019,1733,757,976
108000020,1260,491,769
108000021,285,1438,-1153
108000022,354,1068,-714
108000023,946,165,781
108000024,287,417,-130
108000025,227,240,-13
108000026,813,368,445
108000027,639,671,-32
108000028,561,179,382
108000029,391,711,-320
108000030,470,175,295
108000031,191,561,-370
108000032,1210,573,637
108000033,621,1078,-457
108000034,1320,421,899
108000035,598,1915,-1317
108000036,262,874,-612
108000037,1312,334,978
108000038,1906,544,1362
108000039,487,1717,-1230
108000040,1370,840,530
108000041,580,1858,-1278
108000042,259,245,14
108000043,196,253,-57
108000044,405,199,206
108000045,259,523,-264
108000046,1095,294,801
108000047,338,771,-433
108000048,145,351,-206
108000049,762,259,503
108000050,111,508,-397
108000051,314,82,232
108000052,191,628,-437
108000053,398,151,247
108000054,438,836,-398
108000055,802,512,290
108000056,1194,1163,31
108000057,468,957,-489
108000058,1701,3183,-1482
108000059,2821,1659,1162
108000060,190,542,-352
108000061,319,443,-124
108000062,564,474,90
108000063,356,447,-91
108000064,141,203,-62
108000065,455,417,38
108000066,1217,727,490
108000067,1299,469,830
108000068,594,370,224
108000069,234,866,-632
108000070,1503,678,825
108000071,559,1322,-763
108000072,1290,989,301
108000073,1283,1569,-286
108000074,375,343,32
108000075,332,846,-514
108000076,567,462,105
108000077,499,637,-138
108000078,1672,1194,478
108000079,803,1622,-819
108000080,951,503,448
108000081,571,1494,-923
108000082,920,1493,-573
108000083,1389,801,588
108000084,357,967,-610
108000085,540,406,134
108000086,694,541,153
108000087,109,1501,-1392
108000088,624,260,364
108000089,274,185,89
108000091,282,383,-101
108000092,117,80,37
108000093,153,421,-268
108000094,446,76,370
108000095,142,313,-171
108000096,225,157,68
108000097,123,352,-229
108000098,1367,1087,280
108000099,1219,273,946
108000100,153,373,-220
108000101,1074,1260,-186
108000102,1505,3124,-1619
108000106,1206,0,1206
108000107,0,527,-527
108000108,699,55,644
108000109,7,596,-589
108000110,138,306,-168
108000111,140,469,-329
108000112,56,139,-83
108000113,390,232,158
108000115,296,229,67
108000117,521,305,216
108000118,626,1638,-1012
108000119,571,319,252
108000120,107,592,-485
108000121,192,397,-205
108000122,406,244,162
108000123,626,188,438
108000124,256,453,-197
108000125,295,252,43
108000126,149,306,-157
108000127,500,248,252
108000128,576,501,75
108000129,271,1059,-788
108000130,339,206,133
108000131,749,427,322
108000132,1962,1326,636
108000133,786,430,356
108000134,539,590,-51
108000135,861,424,437
108000136,338,786,-448
108000137,401,265,136
108000138,319,889,-570
108000139,438,285,153
108000140,129,33,96
108000141,21,50,-29
108000142,50,95,-45
108000143,75,428,-353
108000144,346,39,307
108000145,41,18,23
108000146,450,44,406
108000147,23,39,-16
108000148,432,73,359
108000149,26,13,13
108000150,43,8,35
108000151,288,72,216
108000152,118,360,-242
108000153,427,135,292
108000154,72,16,56
108000155,29,30,-1
108000156,681,387,294
108000157,128,753,-625
108000158,91,638,-547
108000159,493,202,291
108000160,2590,929,1661
108000161,1955,1800,155
108000165,5,118,-113
108000172,7,283,-276
108000173,1652,1621,31
108000175,421,125,296
108000178,310,304,6
108000179,136,700,-564
108000181,66,31,35
108000182,270,95,175
108000183,95,350,-255
108000184,800,1833,-1033
108000185,130,413,-283
108000186,319,352,-33
108000187,71,504,-433
108000188,461,132,329
108000189,1617,5785,-4168
108000190,34,107,-73
108000192,158,559,-401
108000193,546,19,527
108000194,57,7,50
108000195,3,774,-771
108000196,106,136,-30
108000198,631,328,303
108000199,0,149,-149
108000200,280,335,-55
108000203,83,527,-444
108000204,137,60,77
108000205,252,331,-79
108000339,1171,346,825
108000364,306,577,-271
108000365,73,264,-191
108000367,70,236,-166
108000368,12,45,-33
108000369,1184,235,949
108000371,5,498,-493
108000372,637,7,630
108000373,245,159,86
108000376,70,26,44
108000377,332,250,82
108000378,7643,8493,-850
108000379,16,142,-126
108000381,43,6,37
108000382,201,2,199
108000383,0,187,-187
108900001,48,880,-832
108900002,139,49,90
108900003,281,582,-301
108900004,145,445,-300
108900007,184,223,-39
108900008,118,125,-7
108900009,36,108,-72
108900010,172,138,34
108900011,415,371,44
108900012,235,363,-128
108900013,171,239,-68
108900014,9,51,-42
108900015,8,55,-47
108900016,1,157,-156
108900017,136,262,-126
108900018,84,343,-259
108900019,19,496,-477
108900020,27,175,-148
108900021,89,204,-115
108900022,43,1,42
108900023,34,13,21
108900024,19,93,-74
108900025,95,99,-4
108900026,15,84,-69
108900027,1,57,-56
108900028,67,239,-172
108900029,40,175,-135
108900030,0,65,-65
108900031,108,317,-209
108900032,9,159,-150
108900033,15,71,-56
108900034,0,157,-157
108900035,239,958,-719
108900038,0,254,-254
108900039,2,345,-343
108900040,5,105,-100
108900041,4421,2714,1707
108900042,6,260,-254
108900043,35,288,-253
108900044,3,329,-326
108900045,43,451,-408
108900046,57,643,-586
108900047,10,90,-80
108900048,105,716,-611
108900049,2565,878,1687
108900050,2,223,-221
108900051,0,129,-129
108900052,36,162,-126
108900053,46,90,-44
108900054,64,134,-70
108900055,41,261,-220
108900056,0,134,-134
108900057,0,117,-117
108900058,38,229,-191
108900059,339,25,314
108900060,61,105,-44
108900061,75,34,41
108900062,4,196,-192
108900063,6,208,-202
108900064,134,58,76
108900065,11,210,-199
108900066,320,113,207
108900067,15,127,-112
108900068,3,90,-87
108900069,43,63,-20
108900070,24,103,-79
108900071,78,55,23
108900072,1363,528,835
108900073,26,231,-205
108900074,158,271,-113
108900075,58,52,6
108900076,274,66,208
108900077,96,310,-214
108900078,23,106,-83
108900079,843,157,686
108900080,27,522,-495
108900081,57,170,-113
108900082,62,72,-10
108900083,24,204,-180
108900085,1534,115,1419
108900086,87,232,-145
108900087,116,157,-41
108900088,903,316,587
108900089,25,108,-83
108900090,24,217,-193
108900091,106,73,33
108900092,402,268,134
108900093,76,106,-30
108900094,214,66,148
108900095,18,263,-245
108900096,289,28,261
108900097,229,197,32
108900098,1770,522,1248
108900099,369,229,140
108900100,58,101,-43
108900101,136,104,32
108900102,96,608,-512
108900103,57,116,-59
108900105,10,850,-840
108900106,364,256,108
108900108,317,40,277
108900109,181,41,140
108900110,201,340,-139
108900111,336,480,-144
108900113,23,36,-13
108900114,51,11,40
108900115,48,60,-12
108900116,43,13,30
108900117,142,15,127
108900118,489,13,476
108900119,224,28,196
108900120,169,131,38
108900121,193,95,98
108900122,122,19,103
108900123,103,111,-8
108900124,377,169,208
108900125,289,0,289
108900126,50,16,34
108900127,120,20,100
108900128,75,47,28
108900129,623,133,490
108900130,226,0,226
108900131,272,3,269
108900132,349,73,276
108900133,133,36,97
108900134,255,159,96
108900135,124,16,108
108900136,34,0,34
108900137,122,2,120
108900138,571,23,548
108900140,234,185,49
108900141,328,12,316
108900142,76,3,73
108900143,40,0,40
108900144,66,3,63
108900145,134,11,123
108900146,46,0,46
108900147,165,0,165
108900148,80,44,36
108900150,219,6,213
108900151,196,3,193
108900152,139,1,138
108900153,117,272,-155
108900154,2900,287,2613
108900156,65,11,54
108900157,41,367,-326
108900158,257,31,226
108900159,7,222,-215
108900160,9,228,-219
108900161,7,333,-326
108900162,88,2,86
108900163,18,204,-186
108900164,42,70,-28
108900168,5827,1981,3846
108900169,36,95,-59
108900171,5227,2299,2928
108900172,144,41,103
108900173,144,235,-91
108900174,682,481,201
108900176,63,378,-315
108900177,4088,3653,435
108900178,2908,2361,547
108900180,69,224,-155
108900183,144,199,-55
108900184,458,190,268
108900185,98,307,-209
108900186,62,359,-297
108900189,292,120,172
108900190,458,2074,-1616
108900192,59,188,-129
108900195,72,184,-112
108900196,17,256,-239
108900199,227,316,-89
108900200,638,336,302
108900201,437,1237,-800
108900203,303,81,222
108900204,219,7,212
108900205,90,18,72
108900206,293,33,260
108900207,149,47,102
108900208,8,228,-220
108900209,162,426,-264
108900210,109,129,-20
108900211,141,402,-261
108900212,632,1047,-415
108900215,55,333,-278
108900216,393,93,300
108900217,78,0,78
108900218,96,15,81
108900221,32,106,-74
108900224,10,133,-123
108900225,1,137,-136
108900227,66,159,-93
108900230,170,216,-46
108900232,0,207,-207
108900233,232,57,175
108900234,257,140,117
108900235,146,363,-217
108900236,16,167,-151
108900240,80,59,21
108900241,14,18,-4
108900245,8,780,-772
108900250,91,94,-3
108900258,7,146,-139
108900259,67,64,3
108900260,6,64,-58
108900261,62,93,-31
108900262,113,137,-24
108900263,29,137,-108
108900264,521,220,301
108900265,702,251,451
108900266,642,440,202
108900267,2,67,-65
108900268,11,5,6
108900269,57,13,44
108900270,42,8,34
108900271,27,10,17
108900272,179,10,169
108900273,850,624,226
108900274,52,37,15
109000001,2762,1161,1601
109000002,1559,1367,192
109000003,2011,381,1630
109000004,462,1877,-1415
109000005,2171,585,1586
109000006,695,1730,-1035
109000007,1211,501,710
109000008,375,1563,-1188
109000009,3008,1160,1848
109000010,1318,3161,-1843
109000011,2656,1697,959
109000012,1515,2816,-1301
109000013,2552,2447,105
109000014,1503,2578,-1075
109000015,4221,7133,-2912
109000016,5309,3088,2221
109000017,1926,1242,684
109000018,889,2366,-1477
109000019,2205,1178,1027
109000020,890,1669,-779
109000023,182,45,137
109000024,12,176,-164
109000025,335,486,-151
109000026,640,273,367
109000027,71,278,-207
109000028,151,80,71
109000029,101,129,-28
109000030,60,441,-381
109000031,127,133,-6
109000032,113,343,-230
109000033,296,194,102
109000034,46,31,15
109000035,19,77,-58
109000036,72,359,-287
109000037,209,1007,-798
109000038,505,300,205
109000039,701,572,129
109000040,1694,4163,-2469
109000041,2717,1557,1160
109000042,552,993,-441
109000044,367,149,218
109000045,258,324,-66
109000046,283,70,213
109000047,114,351,-237
109000048,1070,386,684
109000049,257,416,-159
109000050,516,450,66
109000051,226,221,5
109000052,430,710,-280
109000053,1068,301,767
109000054,131,363,-232
109000055,160,196,-36
109000056,336,281,55
109000057,411,407,4
109000058,1841,303,1538
109000059,933,1229,-296
109000060,797,358,439
109000061,830,965,-135
109000062,115,291,-176
109000063,186,125,61
109000064,162,105,57
109000065,87,171,-84
109000066,311,49,262
109000067,56,248,-192
109000068,2874,13,2861
109000069,984,38,946
109000070,9,1061,-1052
109000071,311,78,233
109000072,111,548,-437
109000073,51,60,-9
109000074,37,171,-134
109000075,78,306,-228
109000076,214,274,-60
109000077,411,326,85
109000078,80,157,-77
109000079,148,144,4
109000080,142,89,53
109000081,108,491,-383
109000082,595,181,414
109000083,289,603,-314
109000088,91,403,-312
109000089,259,48,211
109000090,118,350,-232
109000091,300,195,105
109000092,259,433,-174
109000093,163,191,-28
109000094,445,1,444
109000095,101,356,-255
109000096,512,278,234
109000097,109,170,-61
109000098,61,129,-68
109000099,878,229,649
109000100,199,518,-319
109000101,1206,557,649
109000102,289,577,-288
109000103,806,550,256
109000104,1299,461,838
109000105,385,925,-540
109000106,1608,633,975
109000107,488,1619,-1131
109000108,1480,495,985
109000109,365,1511,-1146
109000110,855,473,382
109000111,707,1457,-750
109000112,339,97,242
109000113,357,127,230
109000114,73,329,-256
109000115,1153,102,1051
109000116,36,600,-564
109000117,172,83,89
109000118,11,297,-286
109000119,937,231,706
109000120,186,616,-430
109000121,635,93,542
109000122,88,539,-451
109000123,43,157,-114
109000124,522,366,156
109000125,592,302,290
109000126,326,589,-263
109000127,1095,324,771
109000128,415,1086,-671
109000129,1497,691,806
109000130,818,1914,-1096
109000131,1364,946,418
109000132,1123,2330,-1207
109000133,354,821,-467
109000134,614,1226,-612
109000135,983,1299,-316
109000136,307,274,33
109000137,296,364,-68
109000138,407,236,171
109000139,377,372,5
109000140,234,520,-286
109000141,646,441,205
109000142,122,400,-278
109000143,78,98,-20
109000145,96,335,-239
109000146,83,96,-13
109000148,2540,964,1576
109000149,15,53,-38
109000150,179,217,-38
109000155,544,505,39
109000156,825,529,296
109000158,70,239,-169
109000159,111,396,-285
109000160,806,164,642
109000161,206,844,-638
109000162,1385,528,857
109000163,775,1454,-679
109000164,1115,2335,-1220
109000165,1041,446,595
109000166,536,104,432
109000167,121,465,-344
109000170,45,36,9
109000171,45,42,3
109000172,56,59,-3
109000173,18,52,-34
109000174,75,46,29
109000175,138,241,-103
109000176,235,198,37
109000177,23,95,-72
109000178,665,271,394
109000179,3552,3141,411
109000180,3538,2434,1104
109000181,19,27,-8
109000182,42,25,17
109000183,29,27,2
109000184,49,20,29
109000185,33,47,-14
109000188,399,1502,-1103
109000189,1720,803,917
109000190,516,368,148
109000191,288,365,-77
109000192,293,136,157
109000193,151,265,-114
109000194,202,88,114
109000195,122,276,-154
109000196,240,111,129
109000197,136,308,-172
109000198,266,38,228
109000199,89,302,-213
109000206,156,21,135
109000207,102,31,71
109000208,82,61,21
109000209,133,131,2
109000210,193,432,-239
109000211,442,431,11
109000214,475,713,-238
109000215,129,70,59
109000216,278,208,70
109000217,128,93,35
109000218,240,181,59
109000221,583,1039,-456
109000222,923,288,635
109000223,262,217,45
109000224,46,167,-121
109000225,52,42,10
109000226,55,192,-137
109000227,759,773,-14
109000228,1,801,-800
109000231,1,230,-229
109000232,315,325,-10
109000236,194,659,-465
109000241,1909,1849,60
109000242,1676,1276,400
109000293,57,142,-85
109000361,196,299,-103
109000364,144,408,-264
109000396,1,404,-403
109000397,405,6,399
109000399,125,326,-201
109000400,55,200,-145
109000403,117,1167,-1050
109000406,330,4,326
109000407,194,200,-6
109000408,0,361,-361
109000410,802,235,567
109000411,202,27,175
109000412,4,69,-65
109900001,69,0,69
109900002,623,13,610
109900003,216,0,216
109900005,18,0,18
109900006,338,142,196
109900007,512,436,76
109900008,0,21,-21
109900009,90,354,-264
109900010,463,10,453
109900011,63,54,9
109900012,182,176,6
109900013,276,164,112
109900014,304,52,252
109900015,252,164,88
109900016,117,25,92
109900017,152,167,-15
109900018,217,60,157
109900019,181,38,143
109900020,41,37,4
109900021,18,15,3
109900022,119,201,-82
109900023,20,1,19
109900024,20,3,17
109900025,10,10,0
109900027,58,40,18
109900028,1107,749,358
109900029,1,192,-191
109900030,29,16,13
109900031,0,78,-78
109900032,7,244,-237
109900033,3,339,-336
109900034,23,2,21
109900035,9,32,-23
109900036,18,54,-36
109900037,22,444,-422
109900038,51,153,-102
109900039,18,0,18
109900040,17,419,-402
109900041,54,317,-263
109900042,27,363,-336
109900044,77,238,-161
109900045,193,55,138
109900046,136,69,67
109900047,250,233,17
109900048,0,89,-89
109900049,7,19,-12
109900050,1,153,-152
109900051,2,54,-52
109900052,72,264,-192
109900053,1,269,-268
109900054,397,190,207
109900055,47,196,-149
109900056,27,175,-148
109900057,3,154,-151
109900058,3,66,-63
109900060,347,104,243
109900061,44,180,-136
109900062,1,127,-126
109900064,427,175,252
109900065,40,86,-46
109900066,275,701,-426
109900067,1,186,-185
109900068,45,3,42
109900069,4,37,-33
109900071,0,34,-34
109900072,9,101,-92
109900073,305,400,-95
109900074,2,31,-29
109900075,16,16,0
109900076,17,274,-257
109900077,37,63,-26
109900078,81,143,-62
109900080,100,250,-150
109900081,8,209,-201
109900082,23,260,-237
109900083,25,60,-35
109900084,37,110,-73
109900085,146,462,-316
109900086,126,381,-255
109900087,149,340,-191
109900089,567,164,403
109900092,427,20,407
109900093,665,109,556
109900094,72,98,-26
109900095,108,152,-44
109900096,23,3,20
109900097,65,1,64
109900098,340,30,310
109900099,162,1,161
109900100,37,0,37
109900101,302,5,297
109900102,367,9,358
109900103,39,25,14
109900104,462,586,-124
109900105,467,24,443
109900106,268,57,211
109900107,324,75,249
109900108,79,250,-171
109900109,34,116,-82
109900111,223,580,-357
109900114,890,490,400
109900115,126,62,64
109900117,674,115,559
109900121,360,324,36
109900123,17,121,-104
109900125,0,121,-121
109900126,217,78,139
109900130,4797,1717,3080
109900131,55,95,-40
109900132,14,104,-90
109900134,60,93,-33
109900135,397,76,321
109900137,84,182,-98
109900140,160,156,4
109900149,27,66,-39
109900150,9,118,-109
109900151,7,37,-30
109900152,1,31,-30
109900153,0,41,-41
109900154,21,0,21
109900155,54,11,43
109900157,43,175,-132
109900159,130,32,98
109900161,206,63,143
109900162,145,99,46
109900163,399,209,190
109900164,42,209,-167
109900165,152,4,148
109900166,2,108,-106
109900167,136,347,-211
109900168,158,495,-337
109900169,143,132,11
109900170,191,529,-338
109900171,143,69,74
109900172,145,170,-25
109900173,2022,1758,264
109900174,38,68,-30
109900175,67,67,0
109900176,82,107,-25
109900177,46,156,-110
109900178,18,90,-72
109900179,38,16,22
109900180,12,14,-2
110000001,900,508,392
110000002,522,616,-94
110000003,661,619,42
110000004,446,523,-77
110000005,386,1333,-947
110000006,328,275,53
110000007,86,81,5
110000008,15,27,-12
110000009,59,36,23
110000010,38,65,-27
110000011,51,61,-10
110000012,496,334,162
110000013,45,488,-443
110000014,591,372,219
110000015,233,484,-251
110000016,217,1199,-982
110000017,2110,211,1899
110000018,1850,311,1539
110000019,7,94,-87
110000020,250,186,64
110000021,427,299,128
110000022,516,124,392
110000023,2,93,-91
110000024,679,298,381
110000025,319,8,311
110000026,4,194,-190
110000027,930,495,435
110000028,713,556,157
110000029,529,643,-114
110000030,238,313,-75
110000031,265,377,-112
110000032,616,327,289
110000033,339,93,246
110000034,332,521,-189
110000035,872,376,496
110000036,798,534,264
110000037,201,327,-126
110000038,194,539,-345
110000039,578,2216,-1638
110000040,295,271,24
110000041,255,986,-731
110000042,136,202,-66
110000043,667,273,394
110000044,166,159,7
110000045,824,82,742
110000046,4,25,-21
110000047,77,33,44
110000048,9,34,-25
110000049,43,11,32
110000050,21,34,-13
110000051,51,11,40
110000052,57,31,26
110000053,65,12,53
110000054,91,198,-107
110000055,298,32,266
110000056,159,103,56
110000057,287,495,-208
110000058,970,373,597
110000059,817,428,389
110000060,688,826,-138
110000061,665,610,55
110000062,538,767,-229
110000063,30,81,-51
110000064,111,56,55
110000065,76,80,-4
110000066,42,20,22
110000067,92,130,-38
110000068,325,162,163
110000069,156,66,90
110000071,98,101,-3
110000073,6,18,-12
110000075,4,70,-66
110000076,227,216,11
110000077,274,598,-324
110000078,24,31,-7
110000080,298,588,-290
110000081,67,237,-170
110000082,40,321,-281
110000083,203,587,-384
110000084,1012,672,340
110000085,1831,1436,395
110000086,1144,1785,-641
110000087,5,53,-48
110000088,68,189,-121
110000089,220,155,65
110000090,173,186,-13
110000091,906,289,617
110000092,30,55,-25
110000093,40,18,22
110000094,411,240,171
110000095,180,457,-277
110000096,1779,1653,126
110000097,900,966,-66
110000098,1599,532,1067
110000099,589,1281,-692
110000100,671,369,302
110000101,22,283,-261
110000102,73,48,25
110000104,356,122,234
110000105,54,262,-208
110000106,491,377,114
110000107,312,359,-47
110000108,92,69,23
110000109,219,223,-4
110000110,2481,3353,-872
110000111,4710,2428,2282
110000112,1264,1212,52
110000113,335,2010,-1675
110000114,186,502,-316
110000115,299,254,45
110000116,48,46,2
110000117,168,225,-57
110000118,315,135,180
110000119,170,235,-65
110000120,262,135,127
110000121,73,273,-200
110000122,308,459,-151
110000123,449,343,106
110000124,4,761,-757
110000125,829,12,817
110000126,286,23,263
110000127,957,60,897
110000128,37,923,-886
110000129,8,492,-484
110000130,326,117,209
110000131,90,343,-253
110000132,2,540,-538
110000133,18,370,-352
110000134,16,318,-302
110000135,137,22,115
110000136,45,232,-187
110000137,418,494,-76
110000138,582,472,110
110000139,619,823,-204
110000140,759,563,196
110000143,545,305,240
110000144,4847,1497,3350
110000145,1932,928,1004
110000146,1301,553,748
110000147,288,411,-123
110000148,400,185,215
110000151,670,916,-246
110000152,809,362,447
110000153,57,28,29
110000154,11,26,-15
110000155,1268,3705,-2437
110000156,1046,2139,-1093
110000157,1572,1641,-69
110000160,311,207,104
110000161,157,252,-95
110000166,363,92,271
110000167,674,477,197
110000168,759,446,313
110000169,776,281,495
110000170,70,56,14
110000171,453,161,292
110000172,126,615,-489
110000173,1019,974,45
110000174,118,674,-556
110000175,435,61,374
110000176,159,239,-80
110000177,157,780,-623
110000178,343,1085,-742
110000179,1026,283,743
110000180,188,163,25
110000181,258,353,-95
110000182,322,106,216
110000183,6182,4744,1438
110000184,301,1693,-1392
110000185,597,501,96
110000186,642,607,35
110000191,791,257,534
110000192,442,3,439
110000193,872,11,861
110000194,15,861,-846
110000195,362,271,91
110000196,300,312,-12
110000197,75,113,-38
110000198,91,61,30
110000199,57,83,-26
110000200,988,407,581
110000201,655,772,-117
110000202,908,532,376
110000203,598,589,9
110000204,6,173,-167
110000205,97,51,46
110000206,558,1023,-465
110000207,708,295,413
110000208,125,170,-45
110000209,127,630,-503
110000210,872,552,320
110000211,574,570,4
110000212,344,804,-460
110000213,136,63,73
110000214,192,81,111
110000215,159,263,-104
110000216,71,250,-179
110000217,195,146,49
110000218,142,209,-67
110000219,225,66,159
110000220,59,221,-162
110000221,269,64,205
110000222,57,160,-103
110000223,9,202,-193
110000224,98,18,80
110000225,236,533,-297
110000226,183,62,121
110000227,514,458,56
110000228,241,231,10
110000229,2,185,-183
110000230,475,638,-163
110000231,133,179,-46
110000232,219,168,51
110000233,179,193,-14
110000234,477,372,105
110000235,740,800,-60
110000236,574,600,-26
110000237,1610,916,694
110000238,894,1275,-381
110000239,1648,944,704
110000240,0,67,-67
110000242,0,14,-14
110000243,105,132,-27
110000244,84,245,-161
110000245,42,308,-266
110000246,631,464,167
110000247,1039,3889,-2850
110000248,1885,1081,804
110000249,70,4,66
110000250,20,151,-131
110000251,295,435,-140
110000252,160,152,8
110000253,1206,604,602
110000254,622,1105,-483
110000255,196,762,-566
110000256,420,269,151
110000257,578,391,187
110000258,15,288,-273
110000259,89,14,75
110000260,13,204,-191
110000263,505,94,411
110000264,235,350,-115
110000265,787,1281,-494
110000266,1484,2305,-821
110000267,28,141,-113
110000268,221,273,-52
110000269,4,64,-60
110000270,52,2,50
110000271,973,160,813
110000272,1070,798,272
110000273,2818,1199,1619
110000274,135,922,-787
110000275,1370,445,925
110000276,226,232,-6
110000277,253,236,17
110000278,277,586,-309
110000279,726,690,36
110000280,337,376,-39
110000281,54,326,-272
110000282,264,29,235
110000283,50,87,-37
110000284,82,59,23
110000285,1,397,-396
110000286,23,0,23
110000287,58,4,54
110000288,1,94,-93
110000289,327,1225,-898
110000290,773,528,245
110000291,3373,1154,2219
110000292,1142,3350,-2208
110000293,564,592,-28
110000294,730,863,-133
110000295,114,613,-499
110000296,328,273,55
110000297,2110,282,1828
110000298,254,524,-270
110000299,346,65,281
110000301,231,20,211
110000302,333,747,-414
110000303,263,2,261
110000304,167,203,-36
110000305,877,11,866
110000306,108,923,-815
110000307,1279,4,1275
110000308,410,10,400
110000309,5,558,-553
110000310,545,43,502
110000311,7,449,-442
110000312,330,68,262
110000313,2145,2982,-837
110000314,0,263,-263
110000315,2455,2005,450
110000316,443,978,-535
110000317,292,285,7
110000318,4,59,-55
110000319,21,17,4
110000320,55,27,28
110000321,14,34,-20
110000322,268,322,-54
110000323,303,132,171
110000324,2583,1273,1310
110000325,2039,2131,-92
110000327,350,216,134
110000328,137,329,-192
110000333,620,529,91
110000334,753,1121,-368
110000335,549,441,108
110000336,539,947,-408
110000337,1015,534,481
110000338,480,193,287
110000339,269,244,25
110000340,57,146,-89
110000341,433,476,-43
110000342,336,4,332
110000343,0,14,-14
110000344,58,112,-54
110000345,92,73,19
110000346,1799,1449,350
110000347,879,637,242
110000348,16,27,-11
110000349,10,27,-17
110000350,49,5,44
110000351,752,613,139
110000352,603,1134,-531
110000353,1921,589,1332
110000354,871,2139,-1268
110000355,91,51,40
110000356,367,5,362
110000357,240,17,223
110000361,13,52,-39
110000362,32,13,19
110000363,275,108,167
110000364,167,260,-93
110000365,127,1,126
110000366,1,71,-70
110000367,328,133,195
110000368,2,36,-34
110000369,35,2,33
110000373,4,209,-205
110000374,99,17,82
110000375,101,681,-580
110000376,37,106,-69
110000377,84,436,-352
110000378,17,254,-237
110000379,2017,1503,514
110000380,39,12,27
110000383,4,1058,-1054
110000384,2410,1122,1288
110000385,0,82,-82
110000387,50,14,36
110000388,41,197,-156
110000389,544,0,544
110000391,499,268,231
110000396,176,125,51
110000397,100,131,-31
110000398,9,24,-15
110000399,128,2,126
110000587,72,39,33
110000589,141,155,-14
110000640,153,47,106
110000652,15,94,-79
110000653,316,350,-34
110000654,206,228,-22
110000656,2,437,-435
110000674,16,3,13
110000675,9,5,4
110000676,3,19,-16
110000679,372,1011,-639
110000682,121,178,-57
110000683,236,453,-217
110000684,1,32,-31
110000685,6,11,-5
110000686,2,24,-22
110000687,17,1,16
110000688,49,671,-622
110000689,40,39,1
110000692,48,96,-48
110000693,100,215,-115
110000694,0,183,-183
110000695,151,513,-362
110000696,75,90,-15
110000698,42,657,-615
110000699,131,412,-281
110900001,196,1,195
110900002,206,154,52
110900003,588,495,93
110900004,313,121,192
110900005,1832,1494,338
110900006,54,3,51
110900007,125,21,104
110900008,12,40,-28
110900009,351,88,263
110900010,12,51,-39
110900011,12,68,-56
110900012,7,54,-47
110900013,785,144,641
110900014,332,25,307
110900015,345,452,-107
110900016,27,125,-98
110900017,293,39,254
110900018,341,32,309
110900019,163,14,149
110900020,63,208,-145
110900021,34,392,-358
110900022,43,211,-168
110900023,61,238,-177
110900024,37,291,-254
110900025,1,32,-31
110900027,39,123,-84
110900028,35,86,-51
110900029,8,249,-241
110900030,15,160,-145
110900031,11,106,-95
110900032,1,62,-61
110900033,26,107,-81
110900035,10,380,-370
110900036,112,9,103
110900037,43,16,27
110900038,617,123,494
110900039,14,134,-120
110900040,169,29,140
110900041,4,78,-74
110900042,74,25,49
110900043,7,98,-91
110900044,161,12,149
110900045,35,291,-256
110900046,31,195,-164
110900047,310,143,167
110900049,51,55,-4
110900050,25,5,20
110900052,9,162,-153
110900053,46,30,16
110900054,23,146,-123
110900055,15,2,13
110900056,42,68,-26
110900057,12,199,-187
110900058,143,101,42
110900059,522,382,140
110900060,369,84,285
110900061,24,31,-7
110900062,75,146,-71
110900063,18,62,-44
110900064,46,22,24
110900065,357,114,243
110900066,12,47,-35
110900067,178,339,-161
110900068,170,195,-25
110900069,3,14,-11
110900070,101,48,53
110900071,184,318,-134
110900073,0,20,-20
110900074,246,54,192
110900075,256,43,213
110900077,608,490,118
110900078,18,36,-18
110900079,2029,1089,940
110900080,95,61,34
110900081,7,37,-30
110900082,137,70,67
110900083,94,43,51
110900084,46,89,-43
110900085,21,158,-137
110900086,49,227,-178
110900087,231,46,185
110900088,12,1,11
110900090,9,24,-15
110900091,0,29,-29
110900093,134,74,60
110900095,35,27,8
110900097,10,10,0
110900098,24,52,-28
110900099,17,243,-226
110900100,0,13,-13
110900102,51,20,31
110900105,305,201,104
110900108,8,35,-27
110900111,297,74,223
110900112,629,6,623
110900113,416,23,393
110900115,3,41,-38
110900116,541,1268,-727
110900118,139,2303,-2164
110900119,2937,250,2687
110900120,8,64,-56
110900121,119,0,119
110900122,294,175,119
110900125,322,367,-45
110900127,478,990,-512
110900128,365,441,-76
110900129,317,667,-350
110900130,961,577,384
110900131,135,46,89
110900132,211,40,171
110900133,71,167,-96
110900135,61,194,-133
110900136,254,17,237
110900138,0,0,0
110900139,0,0,0
110900140,0,0,0
110900141,235,79,156
110900142,37,148,-111
110900143,99,49,50
110900144,3,613,-610
110900145,135,33,102
110900146,236,94,142
110900147,116,246,-130
110900148,11,211,-200
110900149,2,40,-38
110900150,31,18,13
110900151,5,53,-48
110900152,18,181,-163
110900153,98,27,71
111000001,486,486,0
111000002,925,652,273
111000003,1104,610,494
111000004,467,929,-462
111000005,1333,980,353
111000006,771,1563,-792
111000007,3291,2389,902
111000008,2006,2792,-786
111000009,408,694,-286
111000010,695,300,395
111000011,454,1016,-562
111000012,752,386,366
111000013,357,898,-541
111000014,1801,548,1253
111000017,102,774,-672
111000018,229,345,-116
111000020,750,2146,-1396
111000021,51,83,-32
111000023,82,61,21
111000025,3440,3105,335
111000029,85,134,-49
111000030,30,111,-81
111000031,1581,986,595
111000032,435,332,103
111000033,292,339,-47
111000034,179,188,-9
111000037,1366,1207,159
111000038,3765,2094,1671
111000039,1720,1884,-164
111000040,1674,2350,-676
111000041,1878,1766,112
111000042,2623,2108,515
111000043,1502,2494,-992
111000044,1662,1092,570
111000045,1765,1892,-127
111000046,1190,1614,-424
111000047,1789,3367,-1578
111000049,443,436,7
111000050,1300,1386,-86
111000051,415,1033,-618
111000052,522,1608,-1086
111000053,324,822,-498
111000054,285,761,-476
111000055,908,1511,-603
111000056,105,444,-339
111000057,68,392,-324
111000058,358,70,288
111000059,377,232,145
111000060,2848,803,2045
111000061,446,359,87
111000062,544,291,253
111000063,1483,857,626
111000064,536,501,35
111000065,910,775,135
111000066,369,334,35
111000067,370,637,-267
111000068,561,1074,-513
111000069,1469,1812,-343
111000070,1225,941,284
111000071,232,555,-323
111000072,991,433,558
111000073,319,744,-425
111000074,1241,1434,-193
111000075,1093,633,460
111000076,386,494,-108
111000077,1710,1847,-137
111000078,2878,1572,1306
111000079,1220,722,498
111000080,438,620,-182
111000081,1353,3163,-1810
111000082,499,512,-13
111000084,688,471,217
111000085,791,1108,-317
111000086,2052,1006,1046
111000087,617,603,14
111000088,3772,1813,1959
111000089,724,700,24
111000090,818,1245,-427
111000091,628,463,165
111000092,1016,776,240
111000093,557,1000,-443
111000094,1510,1105,405
111000095,572,2016,-1444
111000096,1577,6311,-4734
111000097,3712,1505,2207
111000098,785,1088,-303
111000099,539,1557,-1018
111000100,307,1234,-927
111000101,378,623,-245
111000102,246,413,-167
111000104,476,178,298
111000107,127,509,-382
111000109,452,222,230
111000110,1299,660,639
111000111,1757,488,1269
111000112,1367,601,766
111000113,837,1344,-507
111000114,2147,3008,-861
111000115,4814,1106,3708
111000116,865,905,-40
111000117,458,875,-417
111000118,1215,763,452
111000119,789,986,-197
111000120,439,598,-159
111000121,244,579,-335
111000122,502,976,-474
111000123,1032,2262,-1230
111000124,413,2121,-1708
111000125,185,1233,-1048
111000126,98,745,-647
111000127,705,153,552
111000128,1358,292,1066
111000129,2031,441,1590
111000130,1474,587,887
111000131,1331,493,838
111000132,993,565,428
111000133,179,145,34
111000134,140,110,30
111000135,38,120,-82
111000136,394,291,103
111000138,4,17,-13
111000140,5,10,-5
111000141,197,317,-120
111000142,7,98,-91
111000143,14,131,-117
111000144,69,322,-253
111000145,2084,30,2054
111000146,202,17,185
111000147,333,47,286
111000148,129,57,72
111000149,6,42,-36
111000150,18,13,5
111000151,5,31,-26
111000153,521,662,-141
111000154,918,160,758
111000155,99,131,-32
111000156,376,543,-167
111000157,260,942,-682
111000158,798,643,155
111000159,1847,644,1203
111000160,402,300,102
111000161,15,246,-231
111000162,100,152,-52
111000163,674,826,-152
111000164,575,3284,-2709
111000165,948,544,404
111000166,2106,356,1750
111000167,155,407,-252
111000168,205,416,-211
111000169,281,593,-312
111000170,509,429,80
111000171,473,593,-120
111000172,184,458,-274
111000173,360,853,-493
111000174,167,347,-180
111000175,67,236,-169
111000176,232,136,96
111000177,326,195,131
111000178,1037,341,696
111000179,194,187,7
111000180,165,469,-304
111000181,817,197,620
111000182,152,164,-12
111000183,311,314,-3
111000184,302,170,132
111000185,333,397,-64
111000186,323,281,42
111000187,131,206,-75
111000188,212,409,-197
111000189,917,586,331
111000190,194,261,-67
111000191,196,305,-109
111000192,192,476,-284
111000193,325,319,6
111000194,69,274,-205
111000195,152,276,-124
111000196,78,195,-117
111000197,336,142,194
111000198,562,121,441
111000199,168,151,17
111000200,352,299,53
111000201,599,209,390
111000202,239,191,48
111000203,281,218,63
111000204,429,921,-492
111000213,160,462,-302
111000214,1461,1292,169
111000215,1153,1362,-209
111000217,1055,747,308
111000218,863,849,14
111000219,437,242,195
111000220,1391,484,907
111000221,903,94,809
111000224,124,409,-285
111000225,325,293,32
111000226,66,4,62
111000227,47,1,46
111000228,21,274,-253
111000229,31,611,-580
111000230,242,299,-57
111000231,994,698,296
111000232,419,778,-359
111000233,737,664,73
111000234,95,335,-240
111000239,102,134,-32
111000240,29,225,-196
111000241,32,259,-227
111000242,108,55,53
111000243,64,479,-415
111000244,393,87,306
111000245,1051,424,627
111000246,437,353,84
111000247,263,689,-426
111000248,551,498,53
111000249,346,555,-209
111000250,53,63,-10
111000251,38,88,-50
111000253,13,11,2
111000255,25,4,21
111000257,31,14,17
111000260,56,795,-739
111000261,1112,101,1011
111000271,57,269,-212
111000273,2848,1596,1252
111000274,912,1670,-758
111000275,133,66,67
111000276,222,1548,-1326
111000277,148,330,-182
111000278,494,189,305
111000291,763,3968,-3205
111000298,432,179,253
111000299,542,98,444
111000300,91,490,-399
111000302,221,75,146
111000303,77,189,-112
111000312,58,64,-6
111000315,21,125,-104
111000320,272,601,-329
111000321,280,113,167
111000322,317,498,-181
111000323,177,20,157
111000324,267,270,-3
111000325,46,70,-24
111000326,151,314,-163
111000327,443,401,42
111000328,194,465,-271
111000329,1,52,-51
111000330,82,9,73
111000331,13,3,10
111000332,427,1210,-783
111000334,398,1123,-725
111000335,718,217,501
111000337,1050,340,710
111000338,57,117,-60
111000339,563,310,253
111000340,102,506,-404
111000341,1104,662,442
111000342,385,868,-483
111000344,852,612,240
111000345,290,80,210
111000346,26,106,-80
111000347,117,18,99
111000350,194,96,98
111000351,185,248,-63
111000352,162,78,84
111000353,114,211,-97
111000354,430,103,327
111000355,469,383,86
111000358,155,905,-750
111000360,203,534,-331
111000361,112,268,-156
111000546,582,456,126
111000547,315,430,-115
111000548,102,244,-142
111000549,248,233,15
111000550,137,746,-609
111000551,696,191,505
111000552,2330,157,2173
111000907,443,7,436
111000908,28,0,28
111000916,1411,276,1135
111000917,34,327,-293
111000918,153,596,-443
111000920,401,38,363
111000921,4,169,-165
111000922,429,259,170
111000924,45,531,-486
111000925,2072,1799,273
111000926,942,1569,-627
111000927,2481,3979,-1498
111000928,3920,3297,623
111000929,940,1061,-121
111000930,667,2180,-1513
111000931,1487,2431,-944
111000932,3590,2151,1439
111000933,2990,1835,1155
111000934,1791,3053,-1262
111000935,1094,914,180
111000936,986,1933,-947
111000937,876,1267,-391
111000938,1351,1556,-205
111000939,411,32,379
111000940,365,148,217
111000941,264,366,-102
111000943,281,245,36
111000944,185,374,-189
111000945,108,1140,-1032
111001109,368,294,74
111001110,158,472,-314
111001111,75,4,71
111001112,130,23,107
111001113,1,187,-186
111001114,878,102,776
111001115,82,355,-273
111001116,4664,3586,1078
111001117,776,2556,-1780
111001120,125,238,-113
111001121,220,209,11
111001122,196,440,-244
111001123,215,144,71
111001124,87,182,-95
111001125,10,145,-135
111001126,0,0,0
111001127,0,42,-42
111001128,590,532,58
111001129,0,179,-179
111900001,3,176,-173
111900002,3,532,-529
111900003,2,251,-249
111900004,27,66,-39
111900006,4,36,-32
111900007,72,2,70
111900008,116,2,114
111900009,100,0,100
111900010,322,339,-17
111900012,51,69,-18
111900013,18,19,-1
111900014,3760,2576,1184
111900015,0,31,-31
111900016,1,91,-90
111900017,0,74,-74
111900018,164,4,160
111900019,1,58,-57
111900020,4,49,-45
111900021,24,109,-85
111900022,13,65,-52
111900023,75,86,-11
111900024,224,156,68
111900025,0,18,-18
111900026,0,70,-70
111900027,2,134,-132
111900028,3,243,-240
111900029,5,54,-49
111900030,31,232,-201
111900032,4,217,-213
111900033,7,67,-60
111900034,296,400,-104
111900035,38,189,-151
111900036,0,199,-199
111900038,249,406,-157
111900039,37,386,-349
111900040,3,380,-377
111900042,11,123,-112
111900043,5,281,-276
111900044,350,146,204
111900046,32,113,-81
111900048,140,548,-408
111900049,38,146,-108
111900050,68,20,48
111900051,2,184,-182
111900052,402,283,119
111900053,817,942,-125
111900054,92,2,90
111900055,21,271,-250
111900056,112,229,-117
111900057,90,62,28
111900058,317,418,-101
111900059,1255,391,864
111900060,273,0,273
111900061,5,154,-149
111900062,14,52,-38
111900063,230,168,62
111900064,149,194,-45
111900065,63,23,40
111900066,98,124,-26
111900067,1,235,-234
111900068,28,39,-11
111900069,55,19,36
111900070,91,91,0
111900071,1,155,-154
111900072,25,12,13
111900073,532,101,431
111900074,12,128,-116
111900075,57,3,54
111900076,131,48,83
111900077,23,2,21
111900078,171,14,157
111900079,29,23,6
111900080,151,230,-79
111900082,93,12,81
111900083,78,5,73
111900084,56,7,49
111900085,19,94,-75
111900086,27,5,22
111900087,47,0,47
111900088,302,6,296
111900089,56,2,54
111900090,33,19,14
111900091,163,0,163
111900092,85,1,84
111900093,258,2,256
111900094,54,0,54
111900095,163,5,158
111900096,106,12,94
111900097,58,0,58
111900098,160,4,156
111900099,36,1,35
111900100,89,0,89
111900101,71,29,42
111900102,308,413,-105
111900103,58,54,4
111900104,90,42,48
111900105,241,117,124
111900106,715,36,679
111900110,1188,274,914
111900111,82,5,77
111900112,361,1588,-1227
111900113,202,71,131
111900118,204,59,145
111900119,239,118,121
111900122,112,73,39
111900123,15,33,-18
111900124,24,81,-57
111900125,395,17,378
111900126,225,1,224
111900127,1,610,-609
111900128,1,296,-295
111900129,185,3,182
111900130,128,14,114
111900131,344,1,343
111900132,26,662,-636
111900133,29,297,-268
111900134,7,187,-180
111900135,6,24,-18
111900136,70,122,-52
111900137,81,53,28
111900138,16,78,-62
111900139,14,114,-100
111900140,81,35,46
111900141,90,18,72
111900142,116,41,75
111900143,10,53,-43
111900144,1,69,-68
111900145,0,318,-318
111900146,3,205,-202
111900147,113,361,-248
111900148,24,497,-473
111900149,7,202,-195
111900150,20,96,-76
111900151,7,14,-7
111900152,67,61,6
111900153,1176,400,776
111900154,5,160,-155
111900155,23,83,-60
111900156,26,60,-34
111900157,70,6,64
111900158,344,52,292
111900159,167,4,163
111900160,207,1,206
111900161,99,0,99
111900162,65,129,-64
111900163,49,192,-143
111900164,119,55,64
111901113,310,249,61
111901114,78,135,-57
111901115,35,0,35
111901116,25,1,24
111901117,19,21,-2
111901118,50,71,-21
111901119,520,39,481
111901121,138,132,6
111901122,1,390,-389
111901123,103,266,-163
111901124,83,2,81
111901125,301,183,118
111901127,283,216,67
111901128,3,29,-26
111901129,6,63,-57
111901130,3,87,-84
111901131,1,131,-130
111901132,148,13,135
111901133,21,3,18
111901134,39,3,36
111901135,23,3,20
111901138,214,28,186
111901139,11,15,-4
111901140,9,36,-27
111901141,8,68,-60
111901142,1,68,-67
111901143,1,66,-65
111901144,33,51,-18
111901145,126,211,-85
111901146,367,16,351
111901147,408,8,400
111901148,29,36,-7
111901149,12,3,9
111901150,16,0,16
111901151,0,0,0
111901152,5,14,-9
112000001,1553,614,939
112000002,598,1893,-1295
112000003,889,802,87
112000004,548,841,-293
112000005,2562,3121,-559
112000006,2173,1467,706
112000007,2118,1618,500
112000008,1985,3209,-1224
112000009,2916,2695,221
112000010,2221,2598,-377
112000011,1306,1262,44
112000012,3083,2834,249
112000013,3812,2091,1721
112000014,2405,1389,1016
112000015,3382,2478,904
112000016,3392,971,2421
112000017,1590,1440,150
112000024,2329,857,1472
112000026,2930,4053,-1123
112000027,884,576,308
112000028,1345,1398,-53
112000029,346,495,-149
112000030,150,89,61
112000031,1083,3357,-2274
112000032,379,42,337
112000033,1542,1335,207
112000034,303,42,261
112000035,132,205,-73
112000036,771,638,133
112000037,703,510,193
112000038,903,673,230
112000039,84,72,12
112000040,98,230,-132
112000041,472,429,43
112000042,1058,394,664
112000050,1063,1100,-37
112000051,809,1007,-198
112000054,1388,1510,-122
112000057,303,266,37
112000058,238,443,-205
112000059,374,644,-270
112000061,2674,1827,847
112000062,1376,558,818
112000063,1039,1227,-188
112000064,3782,4963,-1181
112000065,1904,2096,-192
112000066,3228,1369,1859
112000067,804,662,142
112000068,2804,2335,469
112000069,775,1449,-674
112000070,1782,767,1015
112000071,831,2046,-1215
112000072,1820,758,1062
112000073,1284,1764,-480
112000074,1210,882,328
112000075,1299,1080,219
112000076,2861,2260,601
112000077,563,474,89
112000078,1533,549,984
112000079,1190,1101,89
112000080,637,647,-10
112000081,1408,1841,-433
112000082,1262,789,473
112000083,594,1012,-418
112000084,1157,866,291
112000085,1031,909,122
112000086,1580,1304,276
112000087,366,590,-224
112000088,670,529,141
112000089,193,223,-30
112000090,218,243,-25
112000091,574,894,-320
112000092,1470,1071,399
112000093,1421,817,604
112000094,601,870,-269
112000095,604,818,-214
112000096,450,565,-115
112000097,1015,578,437
112000098,785,803,-18
112000099,546,1230,-684
112000100,1482,739,743
112000101,474,807,-333
112000102,1022,519,503
112000103,320,884,-564
112000105,714,1509,-795
112000106,1471,505,966
112000107,101,205,-104
112000108,271,1359,-1088
112000109,165,134,31
112000110,1734,655,1079
112000111,1018,2420,-1402
112000112,3254,510,2744
112000113,748,1465,-717
112000114,2017,839,1178
112000115,263,395,-132
112000116,491,839,-348
112000117,934,798,136
112000118,822,817,5
112000119,398,776,-378
112000120,83,317,-234
112000121,83,390,-307
112000122,241,158,83
112000123,589,166,423
112000124,326,97,229
112000125,182,225,-43
112000126,207,393,-186
112000127,1610,1489,121
112000128,664,400,264
112000129,108,99,9
112000130,185,68,117
112000131,37,280,-243
112000132,97,204,-107
112000133,314,172,142
112000134,321,307,14
112000135,1241,661,580
112000136,1086,1235,-149
112000137,1382,1323,59
112000138,1250,1029,221
112000139,853,558,295
112000140,1040,1083,-43
112000141,559,245,314
112000142,150,576,-426
112000143,901,190,711
112000144,268,1075,-807
112000145,2023,502,1521
112000146,493,1766,-1273
112000147,2292,1692,600
112000148,1650,1975,-325
112000149,375,496,-121
112000150,243,481,-238
112000151,350,290,60
112000152,290,389,-99
112000153,207,253,-46
112000154,111,171,-60
112000155,107,99,8
112000157,526,415,111
112000158,269,422,-153
112000159,360,367,-7
112000167,298,47,251
112000169,271,264,7
112000173,470,141,329
112000175,293,338,-45
112000176,2598,1776,822
112000177,531,155,376
112000178,87,262,-175
112000179,178,87,91
112000180,208,344,-136
112000181,1195,1616,-421
112000182,844,1258,-414
112000183,42,46,-4
112000184,342,276,66
112000185,422,488,-66
112000187,2936,1733,1203
112000195,113,20,93
112000196,162,2,160
112000197,141,129,12
112000198,32,198,-166
112000199,1014,768,246
112000202,298,3,295
112000216,59,240,-181
112000230,62,6,56
112000231,7,191,-184
112000256,53,160,-107
112000313,60,121,-61
112000314,48,29,19
112000337,309,452,-143
112000352,319,385,-66
112000392,1110,925,185
112000398,990,699,291
112000399,1402,1709,-307
112000400,1471,2549,-1078
112000401,2614,1925,689
112000402,2144,2422,-278
112000403,1282,2175,-893
112000404,628,688,-60
112000405,1577,2424,-847
112000406,2894,2210,684
112000407,5265,6691,-1426
112000408,6575,6186,389
112000409,1520,4238,-2718
112000410,332,254,78
112000411,2850,983,1867
112000412,1274,467,807
112000413,6963,4160,2803
112000414,64,82,-18
112000415,108,32,76
112000416,2018,1136,882
112000417,253,76,177
112000421,47,76,-29
112000422,386,269,117
112000424,1907,2033,-126
112000425,180,385,-205
112000426,130,317,-187
112000427,0,12,-12
112000428,173,266,-93
112000429,1874,1991,-117
112000430,2052,2219,-167
112000431,78,142,-64
112000432,673,1485,-812
112000433,296,637,-341
112000437,54,165,-111
112900001,38,3,35
112900002,316,882,-566
112900003,51,298,-247
112900004,25,174,-149
112900005,155,171,-16
112900007,23,143,-120
112900008,1,18,-17
112900009,239,60,179
112900010,263,669,-406
112900011,205,223,-18
112900012,0,49,-49
112900013,7,109,-102
112900014,3,183,-180
112900015,269,568,-299
112900016,4,183,-179
112900017,22,133,-111
112900018,239,694,-455
112900019,30,122,-92
112900020,265,896,-631
112900021,6,128,-122
112900022,5,52,-47
112900023,1,169,-168
112900024,15,135,-120
112900025,61,183,-122
112900026,6,223,-217
112900027,9,913,-904
112900028,8,95,-87
112900029,14,523,-509
112900030,112,139,-27
112900031,14,409,-395
112900032,160,225,-65
112900034,2,44,-42
112900035,3,323,-320
112900036,39,93,-54
112900037,137,195,-58
112900038,355,88,267
112900039,17,233,-216
112900040,2,226,-224
112900041,588,861,-273
112900042,28,227,-199
112900043,14,28,-14
112900044,446,374,72
112900045,268,244,24
112900046,123,42,81
112900047,7,16,-9
112900049,172,59,113
112900050,26,348,-322
112900051,233,414,-181
112900052,7,597,-590
112900053,206,54,152
112900054,125,38,87
112900055,73,22,51
112900056,295,162,133
112900057,33,406,-373
112900058,234,273,-39
112900059,115,67,48
112900060,12,117,-105
112900061,54,79,-25
112900062,63,102,-39
112900063,170,22,148
112900064,125,172,-47
112900065,46,10,36
112900066,146,132,14
112900067,364,127,237
112900068,47,71,-24
112900069,1210,610,600
112900071,20,2,18
112900072,108,1122,-1014
112900073,302,94,208
112900074,67,234,-167
112900075,1081,757,324
112900076,75,25,50
112900078,263,330,-67
112900079,187,39,148
112900080,19,3,16
112900081,22,125,-103
112900082,370,28,342
112900083,81,99,-18
112900084,153,114,39
112900086,32,1,31
112900087,358,91,267
112900088,92,5,87
112900089,590,13,577
112900090,46,22,24
112900091,189,1,188
112900092,96,226,-130
112900093,1081,11,1070
112900095,24,0,24
112900096,343,94,249
112900097,94,253,-159
112900098,61,1,60
112900099,632,9,623
112900100,64,1,63
112900101,357,2,355
112900102,163,3,160
112900103,154,3,151
112900104,511,5,506
112900105,13,0,13
112900106,342,82,260
112900107,7,2,5
112900108,28,0,28
112900109,59,0,59
112900110,997,17,980
112900111,507,2,505
112900112,309,0,309
112900113,1,7,-6
112900114,104,23,81
112900115,1095,2,1093
112900116,188,6,182
112900117,95,87,8
112900118,20,75,-55
112900119,176,4,172
112900120,652,210,442
112900121,143,190,-47
112900122,8,82,-74
112900123,96,11,85
112900124,7,99,-92
112900125,36,352,-316
112900126,151,172,-21
112900127,280,57,223
112900128,267,677,-410
112900129,3,696,-693
112900130,246,58,188
112900131,70,230,-160
112900132,69,333,-264
112900133,37,696,-659
112900134,0,194,-194
112900135,85,45,40
112900137,1,401,-400
112900138,4,208,-204
112900139,143,818,-675
112900141,560,50,510
112900142,52,103,-51
112900143,35,401,-366
112900144,8,700,-692
112900145,39,349,-310
112900146,8,870,-862
112900147,1,1430,-1429
112900148,50,2,48
112900149,153,428,-275
112900151,12,49,-37
112900152,3045,789,2256
112900153,1719,1753,-34
112900154,2,80,-78
112900155,141,6,135
112900156,421,875,-454
112900157,127,54,73
112900158,34,13,21
112900159,164,109,55
112900160,70,189,-119
112900161,92,30,62
112900162,36,19,17
112900163,97,28,69
112900164,27,177,-150
112900165,97,20,77
112900166,11,41,-30
112900167,2,25,-23
112900168,1,1,0
112900169,15,10,5
112900170,74,50,24
112900172,46,9,37
112900173,139,62,77
112900174,184,34,150
112900175,124,98,26
112900176,16,37,-21
112900177,274,51,223
112900178,649,1899,-1250
112900179,42,287,-245
112900180,1325,1268,57
112900181,416,6,410
112900182,33,826,-793
112900183,107,189,-82
112900184,282,285,-3
112900185,160,469,-309
112900186,1042,812,230
112900187,79,441,-362
112900188,566,236,330
112900189,0,9,-9
112900190,14,37,-23
112900192,490,497,-7
112900193,946,256,690
112900194,47,76,-29
112900195,659,33,626
112900196,176,278,-102
112900197,179,281,-102
112900199,322,260,62
112900200,351,176,175
112900201,105,96,9
112900202,311,677,-366
112900203,237,259,-22
112900204,803,511,292
112900205,5,19,-14
112900206,28,82,-54
112900207,18,0,18
112900208,82,348,-266
112900209,521,309,212
112900210,0,52,-52
112900211,79,30,49
112900212,1,96,-95
112900213,93,5,88
112900214,39,36,3
112900215,13,147,-134
112900216,16,62,-46
112900217,0,66,-66
112900218,73,3,70
112900219,44,0,44
112900220,1,0,1
112900221,7,114,-107
112900222,0,13,-13
112900223,725,11,714
112900224,189,331,-142
112900225,297,305,-8
112900226,147,285,-138
112900227,299,568,-269
112900228,29,28,1
112900229,178,40,138
112900230,5194,3080,2114
112900232,159,182,-23
112900233,73,132,-59
112900234,8,73,-65
112900235,102,17,85
112900236,177,10,167
112900237,224,343,-119
112900238,5,22,-17
112900239,597,262,335
112900240,1,53,-52
112900241,15,92,-77
112900242,8,133,-125
112900243,8,120,-112
112900244,8,63,-55
112900245,1,34,-33
112900246,1,5,-4
112900247,145,39,106
112900248,6,0,6
112900249,44,6,38
112900250,70,14,56
112900251,44,14,30
112900252,57,18,39
112900253,31,6,25
112900254,13,22,-9
112900255,1,44,-43
112900256,7,33,-26
112900257,15,34,-19
112900258,22,20,2
113000001,4707,4049,658
113000002,3187,2746,441
113000003,1586,1493,93
113000004,1699,2026,-327
113000005,1508,759,749
113000006,895,1087,-192
113000007,1547,1009,538
113000008,1512,1336,176
113000009,802,708,94
113000010,1005,1044,-39
113000011,563,1332,-769
113000012,1379,689,690
113000013,1298,651,647
113000014,1542,1254,288
113000015,412,202,210
113000016,255,584,-329
113000017,41,329,-288
113000018,354,49,305
113000019,207,352,-145
113000020,566,71,495
113000021,1245,538,707
113000022,556,942,-386
113000025,156,346,-190
113000026,378,355,23
113000027,550,444,106
113000028,898,363,535
113000029,630,700,-70
113000030,385,604,-219
113000031,332,292,40
113000032,260,277,-17
113000033,207,326,-119
113000034,319,308,11
113000035,40,41,-1
113000036,31,62,-31
113000037,55,31,24
113000038,18,60,-42
113000039,67,258,-191
113000040,113,65,48
113000042,720,525,195
113000051,696,1906,-1210
113000052,1671,685,986
113000053,331,283,48
113000054,317,656,-339
113000055,968,560,408
113000056,770,852,-82
113000058,604,720,-116
113000059,878,536,342
113000060,221,385,-164
113000061,439,610,-171
113000062,741,212,529
113000063,122,119,3
113000064,39,290,-251
113000065,125,726,-601
113000066,540,131,409
113000067,1627,1145,482
113000068,394,1073,-679
113000069,524,910,-386
113000070,2018,786,1232
113000071,381,515,-134
113000072,633,394,239
113000073,313,1128,-815
113000074,742,342,400
113000075,1767,548,1219
113000076,596,1536,-940
113000077,897,526,371
113000078,543,1730,-1187
113000079,540,630,-90
113000080,614,520,94
113000081,550,642,-92
113000082,829,639,190
113000083,440,761,-321
113000084,1292,1029,263
113000085,733,644,89
113000086,876,1017,-141
113000087,839,817,22
113000088,1899,1132,767
113000089,800,1397,-597
113000090,243,481,-238
113000091,428,341,87
113000094,932,249,683
113000095,211,759,-548
113000096,129,651,-522
113000097,1011,357,654
113000098,108,39,69
113000099,775,316,459
113000100,123,369,-246
113000101,366,496,-130
113000102,492,411,81
113000103,1752,443,1309
113000104,358,1565,-1207
113000105,568,384,184
113000106,315,429,-114
113000107,724,738,-14
113000108,554,1061,-507
113000109,458,1368,-910
113000110,1024,341,683
113000111,195,445,-250
113000112,319,321,-2
113000113,1111,355,756
113000114,343,1021,-678
113000116,460,228,232
113000117,597,104,493
113000118,81,377,-296
113000119,292,222,70
113000120,57,192,-135
113000121,461,560,-99
113000124,251,128,123
113000125,49,604,-555
113000127,2133,317,1816
113000128,315,395,-80
113000129,343,665,-322
113000133,2041,1447,594
113000134,5,986,-981
113000135,3799,4419,-620
113000137,1608,2885,-1277
113000139,242,171,71
113000140,114,222,-108
113000141,180,152,28
113000142,449,817,-368
113000143,212,180,32
113000144,310,515,-205
113000145,69,123,-54
113000146,156,62,94
113000147,159,99,60
113000148,131,101,30
113000149,85,92,-7
113000150,387,295,92
113000151,76,36,40
113000152,32,81,-49
113000153,1136,462,674
113000154,665,1383,-718
113000155,301,479,-178
113000156,125,370,-245
113000157,300,869,-569
113000158,656,227,429
113000159,862,858,4
113000160,684,921,-237
113000161,251,362,-111
113000162,651,459,192
113000163,114,73,41
113000164,38,104,-66
113000166,134,95,39
113000167,53,79,-26
113000168,75,106,-31
113000169,165,89,76
113000170,74,101,-27
113000171,70,97,-27
113000172,222,55,167
113000173,53,26,27
113000174,126,501,-375
113000175,436,92,344
113000176,480,174,306
113000177,201,499,-298
113000178,226,315,-89
113000179,271,170,101
113000180,537,1038,-501
113000181,1061,826,235
113000182,143,370,-227
113000183,104,459,-355
113000184,37,114,-77
113000189,430,670,-240
113000190,785,495,290
113000192,1518,1508,10
113000193,3301,1182,2119
113000194,1598,1009,589
113000195,2011,682,1329
113000196,213,66,147
113000197,1182,871,311
113000198,58,250,-192
113000199,1021,238,783
113000201,241,182,59
113000202,2350,794,1556
113000203,205,71,134
113000204,1236,1668,-432
113000205,21,19,2
113000206,13,18,-5
113000207,68,13,55
113000208,30,49,-19
113000209,16,17,-1
113000210,6,12,-6
113000211,233,255,-22
113000212,107,34,73
113000213,40,104,-64
113000214,184,282,-98
113000234,139,694,-555
113000410,179,214,-35
113000411,2139,3525,-1386
113000412,5882,2325,3557
113000413,2359,2586,-227
113000414,5915,10887,-4972
113000415,1890,2548,-658
113000416,7069,3471,3598
113000417,1964,2434,-470
113000418,3399,2664,735
113000419,1162,1637,-475
113000420,3316,4710,-1394
113000421,3251,5344,-2093
113000422,10446,10375,71
113000423,1652,4540,-2888
113000424,2781,7365,-4584
113000425,11,64,-53
113000428,45,28,17
113000430,31,56,-25
113000432,1996,117,1879
113000433,68,485,-417
113000434,39,138,-99
113000435,36,438,-402
113000436,28,889,-861
113000437,906,15,891
113000438,225,7,218
113000439,38,94,-56
113000440,88,46,42
113000441,193,175,18
113000442,125,127,-2
113000443,247,166,81
113000444,159,175,-16
113000445,171,89,82
113000446,37,104,-67
113000448,182,126,56
113000449,164,782,-618
113000450,387,1748,-1361
113000451,968,184,784
113000452,309,380,-71
113000453,84,257,-173
113000454,746,111,635
113000455,58,202,-144
113000456,3023,2196,827
113000468,1222,143,1079
113000469,81,62,19
113000470,367,31,336
113000471,15,310,-295
113000472,68,270,-202
113000474,527,500,27
113000475,1282,1441,-159
113000476,1104,1693,-589
113000477,2584,1791,793
113000478,3201,4637,-1436
113000479,74,189,-115
113000483,0,0,0
113000484,0,0,0
113000485,0,0,0
113000486,1,0,1
113000487,2,0,2
113000488,8,0,8
113000489,0,0,0
113000490,0,6,-6
113000491,2,0,2
113000492,0,4,-4
113000493,3,0,3
113000495,159,169,-10
113000496,97,125,-28
113900001,7,91,-84
113900002,0,36,-36
113900003,0,51,-51
113900004,2,22,-20
113900005,2,47,-45
113900006,0,19,-19
113900007,23,0,23
113900008,15,0,15
113900009,99,1,98
113900010,49,1,48
113900011,25,0,25
113900012,21,0,21
113900013,198,8,190
113900014,426,3,423
113900015,0,33,-33
113900016,7,4,3
113900017,5,38,-33
113900018,295,153,142
113900019,130,44,86
113900020,108,1,107
113900022,14,0,14
113900023,19,0,19
113900024,30,32,-2
113900025,233,7,226
113900026,18,1,17
113900027,9,64,-55
113900028,27,429,-402
113900029,81,193,-112
113900030,167,2,165
113900031,13,0,13
113900032,18,0,18
113900033,77,45,32
113900035,32,6,26
113900036,26,112,-86
113900037,100,407,-307
113900038,65,106,-41
113900039,106,10,96
113900040,3,6,-3
113900041,6,1,5
113900042,78,41,37
113900043,108,99,9
113900044,359,278,81
113900045,45,7,38
113900046,284,474,-190
113900047,22,100,-78
113900048,176,50,126
113900049,412,212,200
113900050,183,243,-60
113900051,228,294,-66
113900052,126,144,-18
113900053,455,421,34
113900054,12,1,11
113900055,93,305,-212
113900056,46,189,-143
113900057,20,56,-36
113900058,38,120,-82
113900059,154,238,-84
113900060,53,105,-52
113900061,665,232,433
113900062,65,4,61
113900063,67,125,-58
113900064,18,92,-74
113900065,442,11,431
113900066,214,202,12
113900067,96,200,-104
113900068,437,306,131
113900069,18,16,2
113900070,206,425,-219
113900071,62,98,-36
113900072,58,123,-65
113900073,210,302,-92
113900074,51,200,-149
113900075,1188,856,332
113900076,90,16,74
113900077,37,147,-110
113900078,31,89,-58
113900079,3,29,-26
113900080,294,152,142
113900081,48,152,-104
113900082,80,157,-77
113900083,195,306,-111
113900084,240,69,171
113900085,43,243,-200
113900086,35,31,4
113900087,57,129,-72
113900088,38,76,-38
113900089,394,74,320
113900090,417,322,95
113900091,10,10,0
113900092,29,76,-47
113900093,77,447,-370
113900094,266,336,-70
113900095,120,90,30
113900096,162,24,138
113900097,21,44,-23
113900098,461,71,390
113900099,0,31,-31
113900100,0,1,-1
113900101,17,75,-58
113900102,111,118,-7
113900103,261,227,34
113900104,73,143,-70
113900105,67,157,-90
113900106,0,44,-44
113900107,0,21,-21
113900108,228,193,35
113900109,271,118,153
113900110,33,14,19
113900111,140,94,46
113900112,70,55,15
113900113,601,349,252
113900114,0,59,-59
113900115,2,75,-73
113900116,86,123,-37
113900117,80,24,56
113900118,193,213,-20
113900119,172,497,-325
113900120,46,27,19
113900121,42,53,-11
113900122,249,1562,-1313
113900123,327,195,132
113900124,0,93,-93
113900125,594,97,497
113900126,120,43,77
113900127,214,531,-317
113900128,136,45,91
113900129,13,151,-138
113900130,1,11,-10
113900131,113,78,35
113900132,53,45,8
113900133,24,90,-66
113900135,259,261,-2
113900136,91,86,5
113900137,298,224,74
113900138,31,84,-53
113900139,226,107,119
113900140,264,279,-15
113900141,467,258,209
113900142,109,60,49
113900143,13,34,-21
113900144,182,143,39
113900145,229,152,77
113900146,91,36,55
113900148,121,226,-105
113900149,99,46,53
113900150,548,399,149
113900151,352,105,247
113900152,20,34,-14
113900153,269,442,-173
113900154,3,90,-87
113900155,153,107,46
113900156,250,314,-64
113900157,27,232,-205
113900158,202,233,-31
113900159,11,164,-153
113900160,543,379,164
113900161,42,130,-88
113900162,314,462,-148
113900163,176,225,-49
113900164,197,36,161
113900165,524,340,184
113900166,149,126,23
113900167,180,33,147
113900168,80,106,-26
113900169,205,284,-79
113900171,136,75,61
113900172,6,129,-123
113900173,59,519,-460
113900174,411,441,-30
113900175,307,109,198
113900176,218,402,-184
113900177,319,124,195
113900178,179,106,73
113900179,23,311,-288
113900180,134,80,54
113900181,414,76,338
113900182,509,696,-187
113900183,56,58,-2
113900184,8,353,-345
113900185,173,73,100
113900186,16,20,-4
113900187,49,127,-78
113900188,50,103,-53
113900189,199,103,96
113900190,206,98,108
113900191,68,154,-86
113900192,1239,1080,159
113900193,15,184,-169
113900194,1101,1065,36
113900195,194,243,-49
113900196,3,91,-88
113900197,2,131,-129
113900198,14,101,-87
113900199,123,538,-415
113900200,7,162,-155
113900201,0,117,-117
113900202,22,186,-164
113900203,12,85,-73
113900204,43,399,-356
113900205,7,109,-102
113900206,2,100,-98
113900207,0,62,-62
113900208,0,38,-38
113900209,0,60,-60
113900210,477,551,-74
113900211,148,42,106
113900212,131,316,-185
113900214,373,310,63
113900215,17,84,-67
113900216,65,713,-648
113900217,45,183,-138
113900218,121,118,3
113900219,91,253,-162
113900220,117,72,45
113900221,395,129,266
113900222,1109,638,471
113900223,105,693,-588
113900224,70,81,-11
113900225,353,216,137
113900226,266,70,196
113900227,301,191,110
113900228,214,315,-101
113900229,62,496,-434
113900230,3054,2612,442
113900231,134,153,-19
113900232,71,87,-16
113900233,66,35,31
113900234,238,274,-36
113900235,60,17,43
113900236,122,277,-155
113900237,124,7,117
113900238,179,442,-263
113900239,33,66,-33
113900240,8,134,-126
113900241,87,43,44
113900242,45,98,-53
113900243,92,326,-234
113900244,304,170,134
113900245,1071,249,822
113900246,10,24,-14
113900247,104,392,-288
113900248,1719,1277,442
113900249,724,298,426
113900250,49,114,-65
113900251,487,234,253
113900252,442,15,427
113900253,589,36,553
113900254,796,95,701
113900255,379,15,364
113900256,369,21,348
113900257,20,446,-426
113900258,11,382,-371
113900259,362,130,232
113900260,165,8,157
113900261,19,79,-60
113900262,127,373,-246
113900263,144,527,-383
113900264,5,384,-379
113900265,121,239,-118
113900266,20,110,-90
113900267,89,355,-266
113900268,281,344,-63
113900269,66,100,-34
113900270,309,536,-227
113900271,433,880,-447
113900273,44,5,39
113900274,80,24,56
113900275,33,56,-23
113900276,1,101,-100
113900277,78,5,73
113900278,232,142,90
113900279,86,101,-15
113900280,1206,468,738
113900281,531,1052,-521
113900282,534,371,163
113900283,298,399,-101
113900284,644,241,403
113900285,128,47,81
113900286,32,76,-44
113900287,20,25,-5
113900288,5,126,-121
113900289,721,92,629
113900290,306,123,183
113900291,64,166,-102
113900292,9,3,6
113900293,23,210,-187
113900294,353,15,338
113900295,318,317,1
113900296,661,185,476
113900297,1964,35,1929
113900298,12,1426,-1414
113900299,66,132,-66
113900300,2370,1319,1051
113900301,752,284,468
113900302,2006,861,1145
113900303,348,283,65
113900304,0,104,-104
113900305,78,0,78
113900306,21,1,20
113900307,11,0,11
113900308,62,93,-31
113900309,1,684,-683
113900310,0,8,-8
113900311,2,0,2
113900312,101,194,-93
113900313,13,7,6
113900314,0,15,-15
113900315,43,3,40
114000001,784,2240,-1456
114000002,265,270,-5
114000003,225,673,-448
114000004,287,367,-80
114000005,172,239,-67
114000006,2567,1816,751
114000007,541,944,-403
114000008,1240,1295,-55
114000009,590,224,366
114000011,2246,2291,-45
114000012,1830,1425,405
114000013,1133,1296,-163
114000014,632,408,224
114000015,1591,368,1223
114000016,209,346,-137
114000017,75,198,-123
114000018,164,50,114
114000026,1313,969,344
114000027,2362,1635,727
114000028,1900,2117,-217
114000038,226,117,109
114000039,177,219,-42
114000040,86,157,-71
114000042,147,115,32
114000043,303,223,80
114000044,276,203,73
114000045,60,56,4
114000046,3303,3818,-515
114000047,14,40,-26
114000048,98,136,-38
114000049,1241,1329,-88
114000050,1250,1841,-591
114000051,2601,1587,1014
114000052,4042,1222,2820
114000053,83,400,-317
114000054,221,571,-350
114000055,276,20,256
114000056,1021,668,353
114000057,4282,1802,2480
114000058,460,1325,-865
114000059,251,299,-48
114000060,607,718,-111
114000061,2452,2318,134
114000062,1989,1232,757
114000063,2845,1556,1289
114000064,5104,3163,1941
114000065,1472,1941,-469
114000066,362,486,-124
114000067,34,535,-501
114000068,472,525,-53
114000069,800,387,413
114000070,1850,1554,296
114000071,537,303,234
114000072,295,154,141
114000073,14,57,-43
114000074,40,9,31
114000075,70,62,8
114000076,15,87,-72
114000077,3,35,-32
114000078,239,548,-309
114000079,75,36,39
114000080,47,66,-19
114000081,92,81,11
114000082,23,363,-340
114000083,60,196,-136
114000084,296,66,230
114000085,87,461,-374
114000086,146,333,-187
114000087,68,161,-93
114000088,61,47,14
114000089,709,338,371
114000090,654,635,19
114000091,1177,669,508
114000092,847,340,507
114000093,1032,675,357
114000094,338,333,5
114000095,154,156,-2
114000096,154,300,-146
114000097,131,477,-346
114000098,426,82,344
114000099,556,575,-19
114000100,1076,527,549
114000101,428,594,-166
114000102,427,269,158
114000103,167,319,-152
114000104,7,168,-161
114000105,129,57,72
114000106,630,743,-113
114000107,274,105,169
114000108,1847,994,853
114000109,462,1258,-796
114000110,521,1360,-839
114000111,1266,647,619
114000112,554,2236,-1682
114000113,1293,365,928
114000114,1221,1474,-253
114000115,1913,922,991
114000116,580,1232,-652
114000117,2151,391,1760
114000118,1880,411,1469
114000119,1337,336,1001
114000120,299,402,-103
114000121,295,615,-320
114000122,362,278,84
114000123,1667,266,1401
114000124,749,256,493
114000125,529,646,-117
114000126,1282,219,1063
114000127,231,135,96
114000128,776,295,481
114000130,404,356,48
114000131,236,61,175
114000132,532,425,107
114000133,840,1227,-387
114000134,88,118,-30
114000138,40,166,-126
114000139,374,225,149
114000144,689,396,293
114000145,62,149,-87
114000146,111,197,-86
114000147,1111,1500,-389
114000148,1835,1610,225
114000149,292,220,72
114000150,1770,1268,502
114000151,1182,1567,-385
114000152,146,33,113
114000153,1107,2156,-1049
114000154,848,903,-55
114000155,1264,1943,-679
114000156,656,501,155
114000157,251,855,-604
114000158,1322,688,634
114000159,238,330,-92
114000160,88,364,-276
114000161,1178,2558,-1380
114000162,916,1933,-1017
114000163,12,94,-82
114000165,447,272,175
114000166,652,332,320
114000167,2539,1390,1149
114000168,685,634,51
114000169,1152,969,183
114000170,927,964,-37
114000171,934,2403,-1469
114000174,175,404,-229
114000176,561,399,162
114000177,1904,963,941
114000178,54,43,11
114000179,1068,659,409
114000180,411,713,-302
114000181,1516,2773,-1257
114000182,2348,2083,265
114000183,742,885,-143
114000184,3287,1002,2285
114000185,775,663,112
114000189,592,81,511
114000190,1990,239,1751
114000191,50,71,-21
114000192,169,1115,-946
114000193,623,2367,-1744
114000194,1053,756,297
114000195,128,16,112
114000196,0,207,-207
114000197,826,54,772
114000198,641,261,380
114000199,1704,1351,353
114000200,471,1394,-923
114000201,138,660,-522
114000202,832,483,349
114000203,716,893,-177
114000204,147,372,-225
114000205,142,1274,-1132
114000206,423,1091,-668
114000207,552,1518,-966
114000208,405,2094,-1689
114000209,496,1936,-1440
114000210,240,1200,-960
114000211,759,1290,-531
114000212,486,707,-221
114000213,1008,465,543
114000214,103,143,-40
114000215,175,53,122
114000216,1040,273,767
114000217,258,180,78
114000218,97,223,-126
114000219,959,179,780
114000220,17,883,-866
114000221,592,168,424
114000222,134,823,-689
114000223,352,112,240
114000224,67,482,-415
114000225,197,511,-314
114000226,129,187,-58
114000227,666,483,183
114000228,655,709,-54
114000229,703,686,17
114000230,1302,1101,201
114000231,728,1008,-280
114000232,477,111,366
114000233,1568,83,1485
114000234,927,766,161
114000235,975,1541,-566
114000236,0,396,-396
114000237,98,714,-616
114000238,92,148,-56
114000239,108,1010,-902
114000240,634,639,-5
114000241,275,862,-587
114000242,818,699,119
114000243,1138,736,402
114000244,402,378,24
114000245,341,543,-202
114000246,128,39,89
114000247,425,536,-111
114000248,768,416,352
114000249,429,445,-16
114000250,446,607,-161
114000251,247,228,19
114000252,71,56,15
114000253,28,74,-46
114000254,33,53,-20
114000255,315,151,164
114000256,1515,1626,-111
114000257,476,1084,-608
114000258,175,283,-108
114000259,89,195,-106
114000260,1,27,-26
114000261,42,25,17
114000262,87,88,-1
114000263,11,0,11
114000264,781,334,447
114000265,0,1,-1
114000267,0,1306,-1306
114000268,3,1309,-1306
114000270,114,1,113
114000271,320,40,280
114000283,938,338,600
114000285,21,175,-154
114000288,101,259,-158
114000289,1019,149,870
114000293,154,347,-193
114000294,140,200,-60
114000395,1289,42,1247
114000396,458,440,18
114000402,352,241,111
114000403,224,242,-18
114000405,114,373,-259
114000423,259,296,-37
114000424,346,103,243
114000425,596,265,331
114000426,256,660,-404
114000427,43,63,-20
114000428,205,176,29
114000429,17,220,-203
114000432,93,119,-26
114000434,26,75,-49
114000435,1,129,-128
114900001,502,812,-310
114900002,351,65,286
114900003,560,1213,-653
114900004,165,312,-147
114900005,493,616,-123
114900006,55,62,-7
114900007,191,12,179
114900008,107,89,18
114900010,1577,1775,-198
114900011,171,96,75
114900013,187,123,64
114900018,621,20,601
114900020,207,71,136
114900022,42,509,-467
114900025,373,177,196
114900026,78,99,-21
114900029,111,23,88
114900030,288,164,124
114900031,304,61,243
114900032,218,38,180
114900034,50,160,-110
114900035,130,188,-58
114900036,243,545,-302
114900039,377,420,-43
114900040,71,100,-29
114900041,587,396,191
114900042,630,601,29
114900044,120,35,85
114900047,186,1566,-1380
114900048,97,267,-170
114900049,28,179,-151
114900050,52,393,-341
114900051,8,259,-251
114900052,21,138,-117
114900053,56,274,-218
114900054,23,116,-93
114900057,224,5,219
114900058,0,65,-65
114900059,65,60,5
114900063,47,202,-155
114900064,1104,428,676
114900065,321,616,-295
114900067,38,401,-363
114900068,71,192,-121
114900069,165,88,77
114900070,481,342,139
114900072,5,200,-195
114900073,2,102,-100
114900074,502,526,-24
114900075,241,3,238
114900076,1,208,-207
114900080,1501,363,1138
114900082,2863,1792,1071
114900083,1056,1011,45
114900090,222,149,73
114900091,110,161,-51
114900097,130,1,129
114900098,4,178,-174
114900099,153,4,149
115000001,5174,3523,1651
115000002,2955,3216,-261
115000003,4399,2891,1508
115000004,3083,4867,-1784
115000005,1324,1695,-371
115000006,745,1402,-657
115000007,86,167,-81
115000008,322,451,-129
115000009,159,239,-80
115000010,196,125,71
115000013,58,184,-126
115000015,81,352,-271
115000016,46,155,-109
115000019,41,341,-300
115000020,99,500,-401
115000021,277,369,-92
115000022,425,344,81
115000023,302,442,-140
115000024,827,417,410
115000025,688,495,193
115000026,123,381,-258
115000027,165,243,-78
115000028,194,782,-588
115000029,437,115,322
115000030,653,1063,-410
115000031,1073,231,842
115000032,6,270,-264
115000033,158,30,128
115000034,50,641,-591
115000035,915,67,848
115000036,0,322,-322
115000037,538,13,525
115000038,46,178,-132
115000039,2770,2843,-73
115000040,4985,2614,2371
115000041,980,2157,-1177
115000042,686,476,210
115000043,3446,1937,1509
115000044,3399,3278,121
115000045,2104,1575,529
115000046,1694,2155,-461
115000047,1737,1322,415
115000048,1244,2109,-865
115000049,1399,3055,-1656
115000050,2711,1601,1110
115000051,1346,2219,-873
115000052,2124,1566,558
115000053,1364,1201,163
115000054,547,1058,-511
115000055,182,643,-461
115000056,265,509,-244
115000057,854,1341,-487
115000058,798,288,510
115000059,185,155,30
115000061,138,100,38
115000062,202,260,-58
115000063,205,239,-34
115000064,163,81,82
115000065,40,423,-383
115000067,167,15,152
115000069,61,292,-231
115000070,38,671,-633
115000071,143,23,120
115000072,11,90,-79
115000073,992,47,945
115000075,89,56,33
115000076,2795,2140,655
115000077,1588,1770,-182
115000078,1020,1201,-181
115000079,931,1497,-566
115000080,1770,2030,-260
115000081,410,938,-528
115000082,3289,2986,303
115000083,1748,2050,-302
115000084,1700,1000,700
115000085,600,844,-244
115000086,799,567,232
115000087,346,1232,-886
115000088,1422,509,913
115000089,1191,1046,145
115000090,402,670,-268
115000091,219,851,-632
115000092,333,305,28
115000093,418,2,416
115000094,5453,4099,1354
115000095,3714,4458,-744
115000096,579,1161,-582
115000097,716,729,-13
115000098,806,662,144
115000099,2086,2257,-171
115000100,765,267,498
115000101,309,1323,-1014
115000102,339,201,138
115000103,266,624,-358
115000105,75,128,-53
115000106,394,257,137
115000107,142,391,-249
115000108,2692,2086,606
115000109,3437,3308,129
115000110,1088,973,115
115000111,572,1522,-950
115000112,594,533,61
115000113,504,737,-233
115000114,1426,689,737
115000116,3578,1862,1716
115000117,3098,2648,450
115000118,1639,1469,170
115000119,1711,2004,-293
115000120,472,1059,-587
115000121,1459,755,704
115000122,3112,1332,1780
115000123,1184,1717,-533
115000124,935,851,84
115000125,301,508,-207
115000126,108,262,-154
115000127,358,83,275
115000128,488,682,-194
115000129,248,294,-46
115000130,380,777,-397
115000131,764,205,559
115000132,299,304,-5
115000133,524,209,315
115000134,270,243,27
115000135,199,132,67
115000136,166,239,-73
115000137,95,133,-38
115000138,293,265,28
115000139,191,178,13
115000140,332,241,91
115000141,155,201,-46
115000142,151,217,-66
115000143,580,578,2
115000144,483,90,393
115000145,231,324,-93
115000146,335,292,43
115000147,325,364,-39
115000148,171,682,-511
115000149,374,147,227
115000150,671,759,-88
115000151,931,450,481
115000152,594,981,-387
115000153,913,535,378
115000154,690,243,447
115000155,598,741,-143
115000156,874,517,357
115000157,791,636,155
115000158,530,326,204
115000159,735,412,323
115000160,332,293,39
115000161,153,435,-282
115000162,657,559,98
115000163,455,608,-153
115000164,652,562,90
115000165,306,472,-166
115000167,172,80,92
115000168,486,310,176
115000169,507,250,257
115000170,193,129,64
115000171,257,191,66
115000172,984,500,484
115000173,350,399,-49
115000174,165,315,-150
115000175,243,105,138
115000176,105,65,40
115000177,111,84,27
115000178,43,173,-130
115000179,63,19,44
115000180,112,457,-345
115000181,495,116,379
115000182,553,242,311
115000183,331,694,-363
115000186,548,199,349
115000187,149,661,-512
115000188,362,395,-33
115000189,159,373,-214
115000190,564,285,279
115000191,121,413,-292
115000194,100,205,-105
115000195,239,295,-56
115000196,107,133,-26
115000197,204,193,11
115000198,251,229,22
115000199,328,120,208
115000200,296,83,213
115000201,175,253,-78
115000206,232,51,181
115000207,66,392,-326
115000208,200,414,-214
115000209,481,237,244
115000210,128,135,-7
115000211,134,80,54
115000212,1276,228,1048
115000224,368,38,330
115000225,25,64,-39
115000229,142,122,20
115000230,96,283,-187
115000231,219,1438,-1219
115000232,1234,234,1000
115000233,111,180,-69
115000234,27,238,-211
115000241,46,205,-159
115000242,67,233,-166
115000243,45,181,-136
115000244,12,90,-78
115000246,50,17,33
115000247,32,19,13
115000248,22,16,6
115000249,16,22,-6
115000250,261,38,223
115000251,199,97,102
115000252,77,176,-99
115000253,19,339,-320
115000258,253,156,97
115000259,299,111,188
115000261,12,21,-9
115000262,12,20,-8
115000263,10,31,-21
115000264,24,38,-14
115000267,45,56,-11
115000268,40,127,-87
115000269,113,65,48
115000270,5,14,-9
115000272,81,119,-38
115000273,299,37,262
115000280,2071,176,1895
115000281,328,502,-174
115000282,473,323,150
115000284,362,165,197
115000296,1010,15,995
115000297,160,71,89
115000298,192,590,-398
115000300,163,141,22
115000302,510,177,333
115000303,535,98,437
115000304,556,72,484
115000305,83,542,-459
115000306,185,248,-63
115000307,79,195,-116
115000308,18,14,4
115000310,774,738,36
115000311,685,891,-206
115000313,146,441,-295
115000314,338,122,216
115000315,901,517,384
115000316,89,104,-15
115000317,201,458,-257
115000318,577,231,346
115000319,23,285,-262
115000320,10,244,-234
115000321,312,30,282
115000322,52,234,-182
115000449,183,125,58
115000557,111,876,-765
115000558,478,100,378
115000587,560,360,200
115000588,2004,2179,-175
115000589,2869,2106,763
115000590,997,1022,-25
115000591,1117,632,485
115000592,575,1314,-739
115000593,1135,463,672
115000594,805,2011,-1206
115000609,169,187,-18
115000617,1540,3001,-1461
115000624,218,50,168
115000633,379,1742,-1363
115000634,2062,736,1326
115000635,427,136,291
115000638,630,581,49
115000641,57,99,-42
115000642,255,274,-19
115000643,152,383,-231
115000644,199,386,-187
115000646,727,1305,-578
115000647,273,480,-207
115000648,1431,1723,-292
115000893,2872,1424,1448
115000894,119,964,-845
115000895,461,793,-332
115000896,1251,360,891
115000897,421,143,278
115000898,561,181,380
115000899,467,929,-462
115000900,101,342,-241
115000901,67,137,-70
115000912,395,83,312
115000913,6,7,-1
115000915,8,0,8
115000916,23,12,11
115000917,0,5,-5
115000918,65,215,-150
115000919,3,15,-12
115000920,57,39,18
115000921,515,108,407
115000922,1202,718,484
115000923,540,1051,-511
115000925,88,48,40
115000927,58,51,7
115000933,363,250,113
115000934,126,173,-47
115000935,80,100,-20
115000936,41,471,-430
115000937,796,171,625
115000938,266,226,40
115000939,360,260,100
115000940,72,20,52
115000941,14,20,-6
115000942,41,99,-58
115000943,73,29,44
115000944,2,20,-18
115900001,84,27,57
115900002,62,62,0
115900003,161,91,70
115900004,1,30,-29
115900005,156,6,150
115900006,79,206,-127
115900008,40,9,31
115900009,55,135,-80
115900010,233,146,87
115900011,345,202,143
115900012,130,66,64
115900013,243,90,153
115900014,79,97,-18
115900015,98,43,55
115900016,69,22,47
115900017,15,5,10
115900018,142,69,73
115900019,92,5,87
115900020,38,1,37
115900021,983,147,836
115900022,977,12,965
115900023,28,8,20
115900025,18,149,-131
115900026,701,191,510
115900027,0,188,-188
115900028,481,41,440
115900029,29,252,-223
115900030,21,18,3
115900031,357,237,120
115900032,334,540,-206
115900033,1,34,-33
115900034,20,255,-235
115900035,47,14,33
115900036,77,521,-444
115900037,64,242,-178
115900038,28,8,20
115900039,133,162,-29
115900041,401,439,-38
115900042,34,2,32
115900043,84,64,20
115900044,176,198,-22
115900046,186,151,35
115900047,169,108,61
115900049,117,176,-59
115900051,5,51,-46
115900052,13,223,-210
115900053,194,170,24
115900054,147,30,117
115900055,13,104,-91
115900056,168,202,-34
115900057,24,4,20
115900058,29,43,-14
115900060,61,76,-15
115900061,215,1,214
115900062,25,344,-319
115900063,41,6,35
115900064,104,226,-122
115900065,131,72,59
115900066,151,96,55
115900067,16,479,-463
115900068,2597,673,1924
115900069,48,165,-117
115900070,151,88,63
115900071,8,404,-396
115900072,50,120,-70
115900073,64,64,0
115900074,4,283,-279
115900075,21,164,-143
115900076,2,46,-44
115900077,4,215,-211
115900078,31,77,-46
115900079,123,20,103
115900080,299,165,134
115900081,14,47,-33
115900082,100,136,-36
115900084,273,29,244
115900085,53,61,-8
115900086,1143,508,635
115900088,8,91,-83
115900089,225,649,-424
115900090,291,21,270
115900091,3,12,-9
115900092,29,163,-134
115900093,4,18,-14
115900094,4,216,-212
115900096,12,21,-9
115900097,4,260,-256
115900098,141,230,-89
115900099,74,26,48
115900100,15,353,-338
115900101,105,223,-118
115900102,35,44,-9
115900103,190,124,66
115900104,36,81,-45
115900105,175,419,-244
115900106,39,21,18
115900107,50,56,-6
115900108,116,39,77
115900109,39,249,-210
115900110,1,10,-9
115900111,1,51,-50
115900112,25,526,-501
115900113,36,10,26
115900114,3,86,-83
115900115,56,127,-71
115900116,89,599,-510
115900117,42,12,30
115900118,0,214,-214
115900119,98,97,1
115900120,26,242,-216
115900121,119,174,-55
115900124,182,549,-367
115900125,200,32,168
115900126,486,58,428
115900127,511,52,459
115900128,14,141,-127
115900129,568,39,529
115900130,16,207,-191
115900131,225,8,217
115900132,417,5,412
115900134,259,13,246
115900135,394,762,-368
115900137,27,4,23
115900139,23,34,-11
115900140,136,22,114
115900141,8,27,-19
115900142,9,18,-9
115900143,171,207,-36
115900144,61,142,-81
115900146,6,56,-50
115900147,172,183,-11
115900148,62,5,57
115900149,69,24,45
115900150,34,28,6
115900151,4,60,-56
115900152,91,277,-186
115900153,97,141,-44
115900154,361,318,43
115900155,2,40,-38
115900156,485,634,-149
115900157,117,379,-262
115900158,17,8,9
115900159,91,176,-85
115900160,5,7,-2
115900161,38,129,-91
115900163,128,100,28
115900164,402,3,399
115900166,186,104,82
115900168,75,106,-31
115900171,81,303,-222
115900172,65,109,-44
115900173,179,111,68
115900174,197,194,3
115900175,71,192,-121
115900178,8,415,-407
115900179,208,12,196
115900180,23,95,-72
115900181,132,139,-7
115900182,314,151,163
115900183,32,18,14
115900184,1353,16,1337
115900187,10,114,-104
115900189,0,159,-159
115900190,224,1006,-782
115900191,29,266,-237
115900192,8,94,-86
115900193,90,107,-17
115900194,486,40,446
115900195,483,1425,-942
115900198,146,253,-107
115900199,141,130,11
115900200,201,226,-25
115900201,394,329,65
115900202,0,32,-32
115900203,18,5,13
115900204,0,5,-5
115900205,77,14,63
115900206,118,95,23
115900207,27,16,11
115900208,110,122,-12
115900209,6,147,-141
115900210,5,97,-92
115900211,3,155,-152
115900212,122,159,-37
115900213,175,56,119
115900214,373,151,222
115900215,17,66,-49
115900216,1,75,-74
115900217,0,38,-38
115900218,5,17,-12
115900219,73,4,69
115900220,96,11,85
115900221,85,13,72
115900222,26,22,4
115900223,6,282,-276
115900224,759,701,58
115900225,51,24,27
115900226,13,30,-17
115900227,13,19,-6
115900228,6,28,-22
115900229,5,41,-36
115900230,27,101,-74
115900231,123,1,122
115900232,49,2,47
115900233,42,7,35
115900234,21,19,2
115900235,8,22,-14
115900236,23,23,0
115900237,17,16,1
115900238,18,17,1
115900239,12,34,-22
115900240,12,41,-29
115900241,144,100,44
115900242,200,262,-62
115900243,1,6,-5
115900244,2,15,-13
115900245,12,5,7
115900246,5,10,-5
115900247,19,11,8
115900248,15,6,9
115900249,8,8,0
115900250,8,9,-1
115900251,0,10,-10
115900252,5,2,3
115900253,5,22,-17
115900254,5,26,-21
115900255,2,16,-14
115900256,15,79,-64
115900257,4,7,-3
115900258,0,1,-1
115900259,5,1,4
115900260,10,2,8
115900261,11,2,9
115900262,0,0,0
115900263,19,0,19
115900264,10,1,9
115900265,1,4,-3
115900266,3,12,-9
115900267,12,17,-5
115900268,6,5,1
115900269,284,287,-3
115900270,307,331,-24
115900271,85,0,85
115900272,17,11,6
115900273,5,8,-3
115900274,2,12,-10
115900275,3,14,-11
115900276,0,31,-31
115900277,0,36,-36
115900278,13,73,-60
115900279,19,114,-95
115900280,12,248,-236
115900281,407,210,197
115900282,17,7,10
115900283,6,22,-16
115900284,10,8,2
116000001,8175,3726,4449
116000002,3411,6757,-3346
116000003,1313,1454,-141
116000004,1997,2931,-934
116000005,1722,2009,-287
116000006,1742,1536,206
116000007,2307,2933,-626
116000008,2769,1641,1128
116000009,1615,2462,-847
116000010,1980,1142,838
116000011,774,1818,-1044
116000012,1177,866,311
116000013,7519,3461,4058
116000014,9329,7936,1393
116000015,240,865,-625
116000016,2436,1539,897
116000017,853,978,-125
116000018,774,330,444
116000019,498,320,178
116000020,410,562,-152
116000021,286,237,49
116000022,332,319,13
116000023,582,574,8
116000024,434,550,-116
116000025,620,512,108
116000026,1136,1149,-13
116000027,286,325,-39
116000028,360,653,-293
116000029,565,634,-69
116000030,734,395,339
116000031,133,293,-160
116000032,345,168,177
116000033,269,384,-115
116000034,472,736,-264
116000035,265,525,-260
116000036,1668,860,808
116000037,537,421,116
116000038,400,351,49
116000039,564,266,298
116000040,290,148,142
116000041,185,295,-110
116000042,961,235,726
116000043,63,527,-464
116000044,9,73,-64
116000045,1092,567,525
116000046,323,887,-564
116000047,1113,1739,-626
116000048,1249,1219,30
116000049,1020,2501,-1481
116000050,1417,1367,50
116000051,5972,2422,3550
116000052,5549,4554,995
116000053,1600,748,852
116000054,1038,2072,-1034
116000055,550,968,-418
116000056,711,1024,-313
116000057,2156,1530,626
116000058,2762,2684,78
116000059,2309,3868,-1559
116000060,1636,813,823
116000061,527,799,-272
116000062,606,202,404
116000063,531,806,-275
116000066,373,556,-183
116000067,283,465,-182
116000068,312,508,-196
116000069,621,504,117
116000078,431,894,-463
116000080,1372,947,425
116000082,5,49,-44
116000083,1124,340,784
116000084,1841,3539,-1698
116000085,1753,1401,352
116000086,1963,1490,473
116000087,1630,1302,328
116000088,588,895,-307
116000089,171,59,112
116000090,83,155,-72
116000091,180,142,38
116000093,567,333,234
116000094,366,440,-74
116000095,691,399,292
116000096,494,930,-436
116000097,747,484,263
116000098,133,4075,-3942
116000099,4113,251,3862
116000100,182,14,168
116000101,611,677,-66
116000102,242,981,-739
116000103,511,198,313
116000104,153,967,-814
116000105,816,123,693
116000106,403,766,-363
116000107,1590,289,1301
116000108,91,116,-25
116000111,124,40,84
116000113,94,78,16
116000114,51,116,-65
116000115,263,101,162
116000116,225,389,-164
116000117,1084,1402,-318
116000118,1127,994,133
116000119,2393,1856,537
116000120,2611,3439,-828
116000121,734,440,294
116000122,977,1585,-608
116000123,837,329,508
116000124,347,774,-427
116000125,1827,477,1350
116000126,195,1355,-1160
116000127,806,1061,-255
116000128,1241,735,506
116000129,971,210,761
116000130,672,459,213
116000133,777,770,7
116000134,1695,1949,-254
116000135,2053,1365,688
116000136,1022,1834,-812
116000137,877,518,359
116000138,613,489,124
116000139,1389,1699,-310
116000140,116,129,-13
116000141,219,366,-147
116000142,1358,795,563
116000143,1403,1525,-122
116000144,1994,2371,-377
116000145,1332,989,343
116000146,350,232,118
116000147,208,119,89
116000148,358,307,51
116000149,492,415,77
116000151,275,199,76
116000153,162,168,-6
116000155,322,589,-267
116000156,498,928,-430
116000157,50,13,37
116000158,264,259,5
116000159,22,17,5
116000160,6,28,-22
116000161,6,61,-55
116000162,76,94,-18
116000163,20,7,13
116000164,8,5,3
116000177,132,78,54
116000194,335,378,-43
116000195,1117,641,476
116000196,9,1,8
116000197,5,13,-8
116000198,2786,1283,1503
116000200,498,329,169
116000201,500,527,-27
116000202,12,247,-235
116000203,3,134,-131
116000204,8,63,-55
116000205,2,159,-157
116000206,1,101,-100
116000207,4,52,-48
116000233,132,352,-220
116000287,83,359,-276
116000288,226,192,34
116000292,23,66,-43
116000296,20,178,-158
116000297,123,16,107
116000304,114,41,73
116000305,15,59,-44
116000346,85,60,25
116000352,51,15,36
116000354,22,7,15
116000357,4,6,-2
116000358,263,28,235
116000361,365,3,362
116000372,4691,3035,1656
116000381,75,1,74
116000388,3,37,-34
116000389,691,458,233
116000445,267,450,-183
116000446,443,551,-108
116000447,39,267,-228
116000448,418,172,246
116000563,975,727,248
116000565,44,336,-292
116000568,67,125,-58
116000579,33,94,-61
116000583,117,63,54
116000584,15,7,8
116000585,21,27,-6
116000586,101,92,9
116000587,475,553,-78
116000589,42,62,-20
116000590,26,43,-17
116000591,220,204,16
116000592,26,81,-55
116000593,0,21,-21
116000594,390,363,27
116000595,433,135,298
116000596,70,3,67
116000597,338,85,253
116000598,8,181,-173
116000605,232,122,110
116000606,78,142,-64
116000607,2,42,-40
116000609,104,643,-539
116000611,101,411,-310
116000612,527,1489,-962
116000613,428,294,134
116000614,293,493,-200
116000615,2,252,-250
116000616,39,70,-31
116000617,96,48,48
116000618,0,74,-74
116000619,33,48,-15
116000620,98,443,-345
116000621,55,89,-34
116000622,74,138,-64
116000624,129,81,48
116000627,38,36,2
116000628,69,304,-235
116000629,21,189,-168
116000630,238,30,208
116000631,136,47,89
116000632,475,66,409
116000633,123,175,-52
116000634,268,50,218
116000635,3143,2492,651
116000636,1109,1016,93
116000637,335,9,326
116000638,96,269,-173
116000639,109,3,106
116000640,19,7,12
116000641,55,122,-67
116000643,39,246,-207
116000644,72,471,-399
116000645,28,5,23
116900001,163,151,12
116900002,158,1,157
116900003,19,56,-37
116900004,35,28,7
116900005,235,60,175
116900006,101,134,-33
116900007,100,126,-26
116900008,237,265,-28
116900009,16,2,14
116900010,468,1028,-560
116900011,12,21,-9
116900012,148,152,-4
116900013,6,80,-74
116900014,72,164,-92
116900015,261,41,220
116900016,149,0,149
116900017,1,434,-433
116900018,34,47,-13
116900019,3,260,-257
116900020,684,604,80
116900023,55,10,45
116900024,370,29,341
116900025,781,638,143
116900026,87,411,-324
116900027,13,31,-18
116900028,6,90,-84
116900029,0,30,-30
116900031,2,2,0
116900032,2,304,-302
116900033,5,8,-3
116900034,6,67,-61
116900035,124,129,-5
116900036,4,54,-50
116900038,32,1,31
116900041,16,11,5
116900042,514,275,239
116900043,10,48,-38
116900047,33,87,-54
116900049,19,283,-264
116900050,104,321,-217
116900051,89,115,-26
116900052,125,48,77
116900055,0,4,-4
116900057,34,161,-127
116900058,20,278,-258
116900059,0,87,-87
116900060,122,162,-40
116900062,1,6,-5
116900064,110,564,-454
116900065,24,105,-81
116900067,82,65,17
116900068,94,119,-25
116900070,0,0,0
116900072,20,272,-252
116900073,8,96,-88
116900074,5,34,-29
116900076,5,28,-23
116900077,9,136,-127
116900078,234,80,154
116900079,46,202,-156
116900080,22,19,3
116900081,281,1047,-766
116900082,371,588,-217
116900083,52,16,36
116900084,135,54,81
116900085,40,149,-109
116900086,44,133,-89
116900088,239,72,167
116900090,122,37,85
116900091,309,31,278
116900092,61,488,-427
116900093,952,1402,-450
116900094,2634,2402,232
116900095,130,77,53
116900096,74,191,-117
116900097,2235,1864,371
116900098,646,290,356
116900099,617,410,207
116900100,643,26,617
116900101,240,315,-75
116900103,1,1,0
116900104,57,58,-1
116900105,228,97,131
116900106,860,5,855
116900107,2641,1662,979
116900110,13,2,11
116900111,452,429,23
116900112,192,654,-462
116900113,1293,1079,214
116900116,148,424,-276
116900117,68,65,3
116900118,575,593,-18
116900120,309,42,267
116900121,87,14,73
116900122,616,697,-81
116900123,136,593,-457
116900124,131,789,-658
116900125,266,169,97
116900126,91,351,-260
116900128,1,32,-31
116900129,1,259,-258
116900130,414,2299,-1885
116900131,64,218,-154
116900132,40,81,-41
116900133,84,97,-13
116900134,153,215,-62
116900136,194,134,60
116900137,225,104,121
116900138,127,153,-26
116900139,90,297,-207
116900140,135,129,6
116900141,690,379,311
116900142,3,56,-53
116900143,229,295,-66
116900144,22,116,-94
116900145,89,143,-54
116900147,394,235,159
116900148,2,33,-31
116900149,52,181,-129
116900150,5,11,-6
116900151,55,13,42
116900153,87,61,26
116900154,381,417,-36
116900155,56,49,7
116900157,409,331,78
116900158,179,179,0
116900159,119,244,-125
116900160,758,434,324
116900161,5205,4173,1032
116900162,7,81,-74
116900163,152,106,46
116900164,79,59,20
116900165,216,130,86
116900166,45,79,-34
116900167,277,60,217
116900168,242,55,187
116900169,450,295,155
116900170,213,377,-164
116900171,34,139,-105
116900172,146,229,-83
116900173,172,32,140
116900174,39,59,-20
116900175,84,93,-9
116900178,15,88,-73
116900179,79,202,-123
116900180,49,14,35
116900182,278,168,110
116900183,96,82,14
116900185,21,54,-33
116900186,65,148,-83
116900187,32,28,4
116900188,127,19,108
116900189,35,2,33
116900191,365,535,-170
116900192,201,70,131
116900194,89,931,-842
116900195,43,16,27
116900196,17,70,-53
116900197,98,5,93
116900198,185,151,34
116900200,59,15,44
116900201,82,4,78
116900202,72,60,12
116900203,78,2,76
116900204,25,95,-70
116900206,15,28,-13
116900207,34,40,-6
116900208,4,108,-104
116900209,61,76,-15
116900210,360,198,162
116900211,90,4,86
116900212,39,48,-9
116900213,203,106,97
116900214,129,144,-15
116900215,31,65,-34
116900216,192,137,55
116900218,4,151,-147
116900219,1124,299,825
116900220,75,137,-62
116900221,52,277,-225
116900222,290,298,-8
116900223,73,222,-149
116900226,46,49,-3
116900227,128,72,56
116900228,230,162,68
116900230,50,207,-157
116900231,18,292,-274
116900232,10,323,-313
116900233,169,91,78
116900234,2,6,-4
116900235,302,320,-18
116900238,1471,247,1224
116900239,53,822,-769
116900240,3889,2481,1408
116900241,69,95,-26
116900242,732,413,319
116900243,0,23,-23
116900245,20,20,0
116900246,117,82,35
116900247,515,34,481
116900248,113,43,70
116900249,158,44,114
116900250,257,57,200
116900251,329,306,23
116900252,111,621,-510
116900254,26,67,-41
116900255,88,58,30
116900256,296,124,172
116900257,20,393,-373
116900258,4,234,-230
116900259,148,3,145
116900260,1,92,-91
116900261,60,0,60
116900262,197,125,72
116900263,1,16,-15
116900264,82,60,22
116900265,29,1,28
116900266,13,32,-19
116900267,2,0,2
116900268,92,49,43
116900269,190,455,-265
116900271,964,129,835
116900272,344,271,73
116900273,163,58,105
116900274,93,54,39
116900275,134,65,69
116900276,264,117,147
116900277,357,12,345
116900278,4,4,0
116900279,2,13,-11
116900280,14,16,-2
116900281,3816,2870,946
116900282,3,82,-79
116900283,10,105,-95
116900284,15,147,-132
116900285,209,153,56
116900286,173,29,144
116900287,4,24,-20
116900288,66,119,-53
116900289,13,6,7
116900290,3,14,-11
116900291,15,5,10
116900292,0,10,-10
116900293,30,44,-14
116900294,33,113,-80
116900295,131,25,106
116900296,56,38,18
116900297,7,70,-63
116900298,77,27,50
116900299,16,26,-10
116900300,1,51,-50
116900301,38,65,-27
116900302,103,59,44
116900303,183,126,57
116900304,0,86,-86
116900305,10,25,-15
116900306,142,113,29
116900307,60,1,59
116900308,2,116,-114
116900309,76,52,24
116900310,38,39,-1
116900311,4,130,-126
117000001,1412,1217,195
117000002,1649,3151,-1502
117000003,5356,2638,2718
117000004,3183,4145,-962
117000005,1719,1487,232
117000006,1205,2992,-1787
117000007,3133,1037,2096
117000008,938,3162,-2224
117000009,3993,1679,2314
117000010,2498,3780,-1282
117000011,1766,1487,279
117000012,1001,1336,-335
117000013,1599,805,794
117000014,1137,1971,-834
117000015,1968,1043,925
117000016,327,91,236
117000017,323,95,228
117000018,140,422,-282
117000019,124,26,98
117000020,367,838,-471
117000021,1565,494,1071
117000022,412,102,310
117000023,318,182,136
117000024,201,149,52
117000025,486,665,-179
117000026,2077,852,1225
117000027,2321,3433,-1112
117000028,3382,1572,1810
117000030,550,415,135
117000031,319,294,25
117000032,1489,904,585
117000033,1188,1037,151
117000034,396,262,134
117000035,276,300,-24
117000036,401,286,115
117000037,179,213,-34
117000038,197,508,-311
117000039,462,206,256
117000040,156,780,-624
117000041,823,141,682
117000044,20,629,-609
117000045,378,78,300
117000046,428,787,-359
117000047,927,584,343
117000048,1641,987,654
117000049,86,541,-455
117000050,142,1642,-1500
117000051,1590,131,1459
117000052,30,297,-267
117000053,445,41,404
117000054,1544,9,1535
117000055,73,2138,-2065
117000056,604,22,582
117000057,585,1944,-1359
117000060,335,1157,-822
117000061,1249,752,497
117000062,255,550,-295
117000063,1309,761,548
117000064,786,758,28
117000066,767,740,27
117000067,130,496,-366
117000074,137,142,-5
117000076,84,32,52
117000077,121,130,-9
117000078,112,589,-477
117000079,302,236,66
117000080,2,274,-272
117000081,891,155,736
117000082,34,70,-36
117000083,506,291,215
117000084,155,0,155
117000085,197,595,-398
117000086,670,392,278
117000087,124,469,-345
117000088,258,146,112
117000089,1254,226,1028
117000090,222,1224,-1002
117000091,693,244,449
117000092,308,1175,-867
117000093,909,730,179
117000094,1135,2428,-1293
117000095,3057,830,2227
117000096,560,2170,-1610
117000097,993,1076,-83
117000098,2262,3818,-1556
117000099,2562,1080,1482
117000100,158,263,-105
117000101,166,947,-781
117000102,1216,625,591
117000103,795,1612,-817
117000104,989,560,429
117000105,741,1318,-577
117000106,883,625,258
117000107,360,1357,-997
117000108,1168,771,397
117000109,1495,2272,-777
117000110,1163,867,296
117000111,3029,3661,-632
117000112,2622,1549,1073
117000113,76,203,-127
117000114,152,141,11
117000115,77,111,-34
117000116,128,200,-72
117000117,1256,758,498
117000118,274,130,144
117000119,358,173,185
117000120,192,356,-164
117000121,122,911,-789
117000122,276,638,-362
117000123,1382,32,1350
117000124,764,44,720
117000125,347,86,261
117000126,80,26,54
117000127,179,247,-68
117000128,474,643,-169
117000129,356,658,-302
117000130,157,4,153
117000131,0,58,-58
117000132,1842,18,1824
117000133,1177,48,1129
117000134,1,47,-46
117000135,9,69,-60
117000136,0,33,-33
117000137,80,77,3
117000138,1,519,-518
117000140,473,1353,-880
117000141,1214,502,712
117000181,462,407,55
117000182,240,294,-54
117000195,148,752,-604
117000196,199,91,108
117000225,108,19,89
117000226,8,168,-160
117000276,196,8,188
117000277,0,300,-300
117000310,1433,1823,-390
117000315,24,569,-545
117000320,95,0,95
117000906,223,18,205
117000907,7,250,-243
117000909,36,38,-2
117000910,168,152,16
117000911,102,171,-69
117000915,7,464,-457
117000916,23,1,22
117000917,831,22,809
117000918,61,61,0
117000919,14,78,-64
117000920,2,1108,-1106
117000921,1,1075,-1074
117000922,41,95,-54
117000924,315,667,-352
117000926,648,78,570
117000927,1717,712,1005
117000928,0,146,-146
117000929,190,322,-132
117000930,174,30,144
117000931,524,147,377
117900002,90,280,-190
117900003,603,335,268
117900005,9,24,-15
117900006,0,18,-18
117900007,136,92,44
117900008,0,17,-17
117900010,223,77,146
117900011,77,53,24
117900012,43,62,-19
117900013,0,167,-167
117900014,617,136,481
117900015,10,58,-48
117900016,931,601,330
117900017,458,247,211
117900018,181,60,121
117900019,290,229,61
117900020,70,380,-310
117900021,24,56,-32
117900023,514,102,412
117900024,55,58,-3
117900025,36,11,25
117900026,257,261,-4
117900028,65,6,59
117900029,187,580,-393
117900031,110,78,32
117900032,733,463,270
117900033,181,425,-244
117900034,56,44,12
117900035,233,106,127
117900036,177,273,-96
117900037,118,85,33
117900038,31,250,-219
117900039,10,49,-39
117900040,93,326,-233
117900041,4,36,-32
117900042,2783,310,2473
117900043,34,66,-32
117900044,87,2669,-2582
117900045,131,115,16
117900048,296,327,-31
117900049,183,305,-122
117900050,12,34,-22
117900051,36,1,35
117900052,39,247,-208
117900053,1502,675,827
117900054,1,30,-29
117900055,100,157,-57
117900056,254,57,197
117900057,1058,1022,36
117900058,117,37,80
117900059,359,100,259
117900060,1680,4511,-2831
117900061,27,153,-126
117900063,257,155,102
117900065,620,984,-364
117900066,2,60,-58
117900067,352,136,216
117900069,505,208,297
117900070,207,9,198
117900071,43,107,-64
117900073,363,236,127
117900074,156,28,128
117900075,47,47,0
117900076,10,53,-43
117900077,295,88,207
117900078,238,676,-438
117900080,82,41,41
117900081,460,327,133
117900082,302,324,-22
117900083,224,301,-77
117900086,93,16,77
117900087,136,32,104
117900088,3422,1845,1577
117900089,1666,685,981
117900090,343,366,-23
117900091,160,161,-1
117900092,56,27,29
117900093,51,46,5
117900094,21,20,1
117900095,282,484,-202
117900096,83,157,-74
117900097,90,57,33
117900098,23,11,12
117900099,112,154,-42
117900100,128,2,126
117900101,326,1234,-908
117900102,60,31,29
117900103,17,0,17
117900104,25,92,-67
117900105,86,187,-101
117900106,77,30,47
117900107,47,2,45
117900109,396,277,119
117900110,84,0,84
117900111,253,11,242
117900112,48,13,35
117900113,2624,1220,1404
117900114,11,0,11
117900115,266,35,231
117900116,784,757,27
117900117,353,243,110
117900118,35,0,35
117900119,112,155,-43
117900120,114,89,25
117900121,42,44,-2
117900122,1002,2566,-1564
117900123,595,392,203
117900124,542,680,-138
117900125,1475,1692,-217
117900126,175,442,-267
117900127,346,340,6
117900128,333,454,-121
117900129,36,0,36
117900130,562,323,239
117900131,2,103,-101
117900132,15,99,-84
117900133,10,117,-107
117900134,29,173,-144
117900135,31,163,-132
117900136,0,29,-29
117900137,34,245,-211
117900138,0,38,-38
117900139,124,116,8
117900140,2709,30,2679
117900141,151,152,-1
117900142,139,20,119
117900144,60,84,-24
117900145,26,18,8
117900146,179,98,81
117900147,39,32,7
117900148,2072,1197,875
117900149,106,187,-81
117900150,31,24,7
117900151,33,69,-36
117900152,83,46,37
117900153,16,54,-38
117900154,339,443,-104
117900156,815,822,-7
117900157,64,499,-435
117900158,186,79,107
117900160,555,612,-57
117900161,2437,1778,659
117900162,277,338,-61
117900163,102,66,36
117900165,2,11,-9
117900166,96,373,-277
117900168,111,78,33
117900169,1,72,-71
117900170,0,32,-32
117900171,1,9,-8
117900172,8,39,-31
117900173,107,65,42
117900174,26,48,-22
117900175,4,23,-19
117900176,10,17,-7
117900177,17,39,-22
117900178,77,30,47
117900180,182,27,155
117900181,84,188,-104
117900182,5,26,-21
117900183,33,106,-73
117900184,9,46,-37
117900185,27,31,-4
117900186,28,6,22
117900187,4,5,-1
117900188,72,38,34
117900189,36,29,7
117900190,23,3,20
117900191,71,0,71
117900192,113,1,112
117900193,0,49,-49
117900194,8,6,2
117900195,4,42,-38
117900196,12,25,-13
117900207,108,114,-6
117900208,52,14,38
117900209,210,161,49
117900210,146,181,-35
117900211,6,142,-136
117900212,75,121,-46
117900213,14,6,8
117900214,0,26,-26
117900215,25,51,-26
117900216,31,25,6
117900217,124,279,-155
117900218,140,108,32
117900219,7,94,-87
117900220,66,52,14
117900222,179,280,-101
117900223,179,252,-73
118000001,699,908,-209
118000002,1537,1809,-272
118000003,1997,2466,-469
118000004,2986,2358,628
118000005,4354,4517,-163
118000006,5112,8136,-3024
118000007,4564,2587,1977
118000008,4938,3447,1491
118000009,1641,2302,-661
118000010,4085,3167,918
118000011,1119,1746,-627
118000012,975,1535,-560
118000013,2012,1898,114
118000014,1650,2211,-561
118000016,174,441,-267
118000017,377,293,84
118000018,268,472,-204
118000019,1998,1249,749
118000020,1240,2318,-1078
118000021,670,2258,-1588
118000022,1427,677,750
118000023,913,340,573
118000024,1066,902,164
118000027,13275,10352,2923
118000029,998,644,354
118000032,1328,3337,-2009
118000033,2789,4400,-1611
118000034,4869,2185,2684
118000035,1422,2351,-929
118000036,1061,1018,43
118000037,633,689,-56
118000038,168,63,105
118000039,75,142,-67
118000040,1563,1103,460
118000041,1858,1040,818
118000045,802,653,149
118000046,1257,345,912
118000047,857,568,289
118000048,2641,1181,1460
118000051,1520,602,918
118000052,662,276,386
118000053,362,461,-99
118000054,1193,1394,-201
118000055,1124,1419,-295
118000056,245,308,-63
118000057,207,398,-191
118000058,3025,1098,1927
118000059,1799,747,1052
118000060,835,419,416
118000061,982,1001,-19
118000062,584,227,357
118000063,341,422,-81
118000064,636,942,-306
118000065,3571,1356,2215
118000066,494,1063,-569
118000067,1206,682,524
118000068,1656,3526,-1870
118000069,2796,953,1843
118000070,4432,1371,3061
118000071,2606,4942,-2336
118000072,1701,1675,26
118000073,2395,483,1912
118000074,961,1162,-201
118000075,840,513,327
118000076,1208,1942,-734
118000077,1269,1137,132
118000078,1449,1877,-428
118000079,199,278,-79
118000080,1156,910,246
118000081,1633,1001,632
118000082,243,969,-726
118000083,1117,1355,-238
118000084,2841,1310,1531
118000086,257,498,-241
118000087,3560,2056,1504
118000088,1614,1319,295
118000089,2487,1656,831
118000090,1333,2083,-750
118000091,845,1669,-824
118000092,890,371,519
118000093,95,512,-417
118000096,430,569,-139
118000097,764,535,229
118000098,265,164,101
118000099,425,568,-143
118000101,845,333,512
118000102,337,1106,-769
118000107,1325,387,938
118000108,481,1520,-1039
118000110,0,18,-18
118000111,1,317,-316
118000112,515,3,512
118000113,3,509,-506
118000114,282,10,272
118000115,7,9,-2
118000116,23,0,23
118000117,1165,611,554
118000118,760,661,99
118000119,723,976,-253
118000120,1365,922,443
118000121,127,629,-502
118000122,1289,320,969
118000123,52,247,-195
118000125,1677,853,824
118000126,635,1107,-472
118000127,1505,522,983
118000128,602,931,-329
118000129,1146,489,657
118000130,1725,2410,-685
118000131,850,770,80
118000132,1876,1481,395
118000133,905,383,522
118000135,517,352,165
118000136,86,404,-318
118000137,555,74,481
118000138,284,444,-160
118000139,312,82,230
118000140,1812,3376,-1564
118000141,1349,1552,-203
118000142,1357,1143,214
118000143,1589,1008,581
118000144,806,672,134
118000145,1355,1856,-501
118000146,990,747,243
118000147,616,1439,-823
118000148,558,1017,-459
118000149,768,965,-197
118000150,262,319,-57
118000151,361,332,29
118000153,917,887,30
118000154,1621,1443,178
118000155,940,1121,-181
118000156,1416,1824,-408
118000157,376,393,-17
118000158,145,307,-162
118000159,27,100,-73
118000160,415,340,75
118000161,385,621,-236
118000162,1636,811,825
118000163,600,674,-74
118000164,1473,1196,277
118000168,630,222,408
118000169,842,855,-13
118000170,3411,4410,-999
118000171,260,558,-298
118000172,99,253,-154
118000173,961,1111,-150
118000175,207,267,-60
118000176,190,360,-170
118000177,175,411,-236
118000178,44,39,5
118000179,1267,958,309
118000180,643,557,86
118000181,667,257,410
118000182,238,199,39
118000183,227,234,-7
118000184,643,593,50
118000185,961,914,47
118000186,651,792,-141
118000187,897,603,294
118000188,395,136,259
118000189,304,427,-123
118000190,4,16,-12
118000191,14,15,-1
118000192,215,214,1
118000193,145,346,-201
118000194,1098,741,357
118000195,1354,676,678
118000196,374,156,218
118000197,777,480,297
118000198,732,853,-121
118000199,1132,619,513
118000200,58,131,-73
118000201,323,363,-40
118000202,24,32,-8
118000203,1355,466,889
118000204,143,312,-169
118000205,153,303,-150
118000206,138,122,16
118000207,2,36,-34
118000208,826,1256,-430
118000209,1532,1614,-82
118000210,43,41,2
118000211,18,46,-28
118000213,676,834,-158
118000214,523,412,111
118000215,255,159,96
118000216,1002,1813,-811
118000217,20,122,-102
118000218,48,83,-35
118000219,283,334,-51
118000220,3,43,-40
118000221,109,206,-97
118000222,45,7,38
118000223,37,47,-10
118000224,92,107,-15
118000225,101,470,-369
118000226,770,124,646
118000227,652,273,379
118000228,129,171,-42
118000229,127,39,88
118000230,140,140,0
118000231,51,133,-82
118000232,561,626,-65
118000233,843,645,198
118000234,335,120,215
118000236,242,199,43
118000237,84,194,-110
118000238,168,144,24
118000239,207,172,35
118000240,311,115,196
118000241,89,124,-35
118000242,201,454,-253
118000243,170,166,4
118000244,21,103,-82
118000246,14,17,-3
118000255,84,233,-149
118000256,113,236,-123
118000259,6,24,-18
118000260,101,32,69
118000261,23,24,-1
118000263,41,90,-49
118000266,81,152,-71
118000267,0,60,-60
118000268,324,2,322
118000270,60,16,44
118000271,207,244,-37
118000272,62,24,38
118000273,135,38,97
118000274,67,198,-131
118000276,382,227,155
118000295,2,84,-82
118000298,109,276,-167
118000299,53,146,-93
118000301,0,35,-35
118000302,52,70,-18
118000311,298,78,220
118000312,203,130,73
118000313,16,110,-94
118000314,66,62,4
118000315,14,52,-38
118000316,502,368,134
118000325,32,22,10
118000326,10,33,-23
118000331,40,16,24
118000332,12,22,-10
118000333,31,38,-7
118000335,250,0,250
118000336,0,138,-138
118000407,108,34,74
118000457,7,21,-14
118000465,3353,3819,-466
118000480,32,49,-17
118000489,40,198,-158
118000490,51,268,-217
118000492,200,146,54
118000510,48,7,41
118000514,147,211,-64
118000515,560,540,20
118000517,274,160,114
118000524,306,222,84
118000525,650,621,29
118000530,36,64,-28
118000531,222,262,-40
118000532,171,218,-47
118000533,258,105,153
118000534,528,310,218
118000535,208,128,80
118000536,744,1030,-286
118000537,132,295,-163
118000538,91,69,22
118000539,25,174,-149
118000540,196,100,96
118000541,116,49,67
118000542,54,110,-56
118000543,152,204,-52
118000546,85,106,-21
118000553,0,1,-1
118000560,1924,1463,461
118000562,21,109,-88
118000563,1200,942,258
118000576,175,160,15
118000577,190,164,26
118000578,223,126,97
118000579,494,768,-274
118000583,0,0,0
118000595,182,72,110
118000596,0,52,-52
118000597,117,117,0
118000598,3,1,2
118000599,62,32,30
118000600,3,4,-1
118000601,0,0,0
118000602,1,4,-3
118000603,0,37,-37
118000605,63,303,-240
118000606,62,47,15
118000607,156,268,-112
118900001,439,999,-560
118900002,648,606,42
118900003,138,14,124
118900004,61,46,15
118900005,41,4,37
118900006,108,4,104
118900007,6,1,5
118900008,1225,51,1174
118900009,39,14,25
118900010,46,9,37
118900011,114,14,100
118900012,373,155,218
118900013,279,72,207
118900015,130,45,85
118900016,4,4,0
118900017,252,289,-37
118900018,470,16,454
118900019,34,5,29
118900020,153,101,52
118900021,129,208,-79
118900022,116,105,11
118900023,117,64,53
118900024,62,66,-4
118900025,36,29,7
118900026,54,57,-3
118900027,327,163,164
118900028,133,101,32
118900029,230,227,3
118900030,207,61,146
118900031,138,103,35
118900032,167,141,26
118900033,295,261,34
118900034,103,20,83
118900035,66,158,-92
118900036,893,519,374
118900037,271,131,140
118900038,265,154,111
118900039,285,120,165
118900040,156,145,11
118900041,431,170,261
118900042,195,63,132
118900045,243,152,91
118900046,676,366,310
118900047,317,172,145
118900048,138,99,39
118900049,31,32,-1
118900050,15,47,-32
118900051,68,81,-13
118900052,202,143,59
118900053,32,71,-39
118900054,109,54,55
118900055,65,80,-15
118900056,97,285,-188
118900057,580,323,257
118900058,261,181,80
118900059,13,66,-53
118900062,272,131,141
118900064,576,363,213
118900065,35,109,-74
118900066,39,73,-34
118900067,3190,2685,505
118900068,15,130,-115
118900069,266,223,43
118900071,1,63,-62
118900072,323,249,74
118900073,84,91,-7
118900074,78,164,-86
118900075,48,65,-17
118900076,135,94,41
118900077,138,123,15
118900078,38,7,31
118900079,36,133,-97
118900080,7,88,-81
118900081,81,35,46
118900082,488,127,361
118900083,29,7,22
118900084,13,9,4
118900085,516,782,-266
118900086,40,64,-24
118900087,54,188,-134
118900088,0,7,-7
118900089,42,11,31
118900090,349,309,40
118900091,139,155,-16
118900092,56,58,-2
118900093,90,16,74
118900096,98,92,6
118900097,182,389,-207
118900099,59,168,-109
118900100,97,153,-56
118900101,34,240,-206
118900102,32,72,-40
118900103,13,44,-31
118900104,125,75,50
118900105,114,61,53
118900107,91,55,36
118900108,69,75,-6
118900110,807,468,339
118900111,265,308,-43
118900112,42,133,-91
118900113,182,297,-115
118900114,12,38,-26
118900115,64,256,-192
118900116,84,189,-105
118900117,77,156,-79
118900118,204,247,-43
118900119,105,199,-94
118900120,59,297,-238
118900121,15,98,-83
118900122,18,702,-684
118900123,98,222,-124
118900124,39,137,-98
118900126,17,271,-254
118900129,194,184,10
118900130,34,104,-70
118900131,125,224,-99
118900132,247,181,66
118900133,13,84,-71
118900135,222,148,74
118900136,145,375,-230
118900137,6,38,-32
118900139,140,271,-131
118900140,322,456,-134
118900141,78,117,-39
118900144,101,283,-182
118900145,27,88,-61
118900146,210,523,-313
118900147,107,94,13
118900148,54,20,34
118900150,283,431,-148
118900152,363,578,-215
118900157,87,151,-64
118900158,73,39,34
118900159,2,122,-120
118900161,111,10,101
118900163,88,89,-1
118900164,2,82,-80
118900165,33,102,-69
118900166,14,1,13
118900167,42,81,-39
118900168,55,118,-63
118900169,77,143,-66
118900170,39,68,-29
118900171,16,25,-9
118900174,45,32,13
118900175,287,401,-114
118900176,113,173,-60
118900177,50,60,-10
118900178,29,158,-129
118900179,38,26,12
118900182,45,17,28
118900183,14,95,-81
118900184,194,51,143
118900185,150,121,29
118900186,66,75,-9
118900187,163,199,-36
118900188,215,212,3
118900189,24,642,-618
118900190,4,201,-197
118900191,101,49,52
118900192,108,11,97
118900193,299,6,293
118900195,235,413,-178
118900196,31,82,-51
118900197,83,36,47
118900198,19,11,8
118900199,70,29,41
118900200,13,16,-3
118900201,28,25,3
118900202,6,40,-34
118900203,1,14,-13
118900204,5,14,-9
118900205,6,8,-2
118900206,0,8,-8
119000001,1042,1214,-172
119000002,2911,2152,759
119000003,1897,910,987
119000004,1730,1025,705
119000005,1219,1432,-213
119000006,2320,1427,893
119000007,2348,2489,-141
119000008,1627,1474,153
119000009,2713,3243,-530
119000010,5376,3578,1798
119000011,2881,1763,1118
119000012,2213,2577,-364
119000013,1648,1098,550
119000014,1428,2356,-928
119000019,195,126,69
119000020,1662,1088,574
119000021,3485,1881,1604
119000022,1727,1567,160
119000023,266,241,25
119000024,1257,6928,-5671
119000025,5431,1026,4405
119000026,132,273,-141
119000027,216,288,-72
119000028,1511,712,799
119000029,67,231,-164
119000030,466,872,-406
119000031,705,621,84
119000032,1358,1920,-562
119000033,1668,1120,548
119000034,703,801,-98
119000035,28,213,-185
119000036,1330,632,698
119000037,1024,1327,-303
119000038,116,702,-586
119000039,278,224,54
119000040,620,397,223
119000041,522,927,-405
119000048,2398,2507,-109
119000049,1525,2023,-498
119000050,1425,1581,-156
119000051,1422,824,598
119000052,1544,2382,-838
119000053,1650,973,677
119000054,2580,2868,-288
119000055,3356,2934,422
119000056,1736,1621,115
119000057,1116,1735,-619
119000058,1535,1492,43
119000059,1154,1293,-139
119000060,1167,933,234
119000061,858,692,166
119000062,1028,1186,-158
119000063,358,383,-25
119000064,859,1108,-249
119000065,1713,2541,-828
119000066,1723,1049,674
119000067,1676,1783,-107
119000068,1370,969,401
119000069,1364,1881,-517
119000070,2007,889,1118
119000071,464,526,-62
119000072,4315,2342,1973
119000073,3421,5216,-1795
119000074,901,2066,-1165
119000075,1687,1963,-276
119000076,260,603,-343
119000077,441,305,136
119000078,384,309,75
119000079,254,599,-345
119000080,310,139,171
119000081,246,262,-16
119000082,679,217,462
119000083,458,339,119
119000084,293,363,-70
119000085,481,238,243
119000086,287,507,-220
119000087,1475,865,610
119000088,370,263,107
119000089,122,200,-78
119000090,139,153,-14
119000091,184,422,-238
119000092,492,395,97
119000093,3010,2281,729
119000094,2254,4191,-1937
119000095,1312,2006,-694
119000097,1808,1264,544
119000098,594,1934,-1340
119000099,2081,1447,634
119000100,2537,2400,137
119000101,2970,1444,1526
119000102,791,805,-14
119000103,1253,426,827
119000104,1874,1045,829
119000105,682,1405,-723
119000106,335,1080,-745
119000107,577,388,189
119000108,317,827,-510
119000109,108,289,-181
119000110,324,219,105
119000111,50,427,-377
119000112,202,81,121
119000113,1772,193,1579
119000114,538,579,-41
119000115,108,130,-22
119000116,83,65,18
119000117,110,190,-80
119000118,4,2,2
119000123,3550,1051,2499
119000124,513,195,318
119000125,2801,614,2187
119000126,836,578,258
119000127,400,474,-74
119000128,17,4,13
119000131,748,624,124
119000132,4,2,2
119000133,1,4,-3
119000134,1674,535,1139
119000135,91,162,-71
119000136,203,204,-1
119000137,140,286,-146
119000138,313,250,63
119000139,232,155,77
119000140,123,285,-162
119000284,1128,2361,-1233
119000285,1876,1790,86
119000286,6398,4965,1433
119000287,1138,2027,-889
119000288,1642,1135,507
119000289,1748,2328,-580
119000290,133,366,-233
119000291,2,214,-212
119000293,121,126,-5
119000294,48,48,0
119000295,1009,292,717
119000296,268,150,118
119000302,2140,1093,1047
119000303,41,147,-106
119000314,1307,7497,-6190
119000315,1,432,-431
119000316,105,108,-3
119000317,54,280,-226
119000319,544,217,327
119900001,186,900,-714
119900002,127,187,-60
119900003,48,790,-742
119900004,283,678,-395
119900005,104,90,14
119900006,142,338,-196
119900007,1090,149,941
119900008,54,24,30
119900009,531,617,-86
119900010,633,679,-46
119900011,10,71,-61
119900012,7,58,-51
119900013,1460,693,767
119900014,393,143,250
119900015,49,26,23
119900016,25,45,-20
119900017,19,24,-5
119900018,1815,739,1076
119900019,26,8,18
119900020,135,165,-30
119900021,128,37,91
119900022,106,363,-257
119900023,457,1169,-712
119900025,75,15,60
119900026,578,137,441
119900027,19,11,8
119900028,286,75,211
119900029,1,1,0
119900030,400,381,19
119900031,41,243,-202
119900033,1485,239,1246
119900034,205,83,122
119900037,165,25,140
119900038,25,232,-207
119900039,34,5,29
119900040,140,16,124
119900041,72,20,52
119900042,57,76,-19
119900043,48,152,-104
119900044,112,692,-580
119900046,89,41,48
119900047,159,54,105
119900049,121,2,119
119900050,44,67,-23
119900051,842,9,833
119900052,40,19,21
119900053,148,132,16
119900054,133,14,119
119900055,864,387,477
119900057,179,49,130
119900058,184,4,180
119900059,49,43,6
119900060,182,12,170
119900061,248,4,244
119900062,46,17,29
119900063,9,17,-8
119900065,174,15,159
119900067,57,17,40
119900068,338,6,332
119900069,57,8,49
119900070,563,3,560
119900071,411,11,400
119900073,1409,519,890
119900074,26,20,6
119900075,3832,1942,1890
119900076,87,63,24
119900077,578,800,-222
119900078,357,532,-175
119900079,154,143,11
119900080,351,218,133
119900081,499,19,480
119900082,847,64,783
119900083,282,122,160
119900084,463,238,225
119900085,46,61,-15
119900086,346,1000,-654
119900087,343,187,156
119900088,17,35,-18
119900089,17,425,-408
119900090,97,31,66
119900091,41,766,-725
119900092,44,241,-197
119900093,687,161,526
119900094,51,138,-87
119900095,145,99,46
119900096,44,90,-46
119900097,421,127,294
119900098,24,45,-21
119900099,26,126,-100
119900100,1876,1728,148
119900101,155,741,-586
119900102,36,185,-149
119900103,23,232,-209
119900104,18,113,-95
119900105,406,960,-554
119900106,12,132,-120
119900107,197,2028,-1831
119900108,1513,488,1025
119900109,28,138,-110
119900110,505,482,23
119900111,141,450,-309
119900112,1257,385,872
119900113,56,226,-170
119900114,159,977,-818
119900115,198,876,-678
119900116,104,318,-214
119900117,264,527,-263
119900118,57,718,-661
119900119,210,163,47
119900120,466,407,59
119900121,299,949,-650
119900122,400,250,150
119900123,139,260,-121
119900124,166,616,-450
119900125,32,216,-184
119900126,2725,158,2567
119900127,1909,792,1117
119900128,359,644,-285
119900129,207,448,-241
119900130,18,182,-164
119900131,44,192,-148
119900132,5,195,-190
119900133,24,72,-48
119900134,1325,164,1161
119900135,0,268,-268
119900136,153,246,-93
119900138,268,298,-30
119900139,30,63,-33
119900140,6,81,-75
119900141,85,547,-462
119900142,0,13,-13
119900143,8,106,-98
119900144,1157,198,959
119900145,88,142,-54
119900146,119,157,-38
119900147,0,120,-120
119900148,112,39,73
119900149,902,2587,-1685
119900150,137,103,34
119900151,1028,561,467
119900152,112,306,-194
119900153,87,64,23
119900154,13,614,-601
119900155,29,32,-3
119900156,15,7,8
119900157,87,169,-82
119900158,93,44,49
119900159,8,1065,-1057
119900160,20,111,-91
119900161,142,136,6
119900162,499,646,-147
119900163,81,112,-31
119900164,0,0,0
119900165,100,162,-62
119900166,54,21,33
119900167,68,51,17
119900168,612,349,263
119900169,61,218,-157
119900170,133,216,-83
119900171,781,323,458
119900172,75,15,60
119900173,9,326,-317
119900174,0,119,-119
119900175,925,548,377
119900177,15,182,-167
119900178,4,111,-107
119900179,55,351,-296
119900180,696,676,20
119900181,46,83,-37
119900182,5,284,-279
119900183,112,565,-453
119900184,1582,361,1221
119900185,13,134,-121
119900186,56,525,-469
119900187,8,258,-250
119900188,81,308,-227
119900189,412,384,28
119900190,32,173,-141
119900191,312,174,138
119900192,33,109,-76
119900193,241,165,76
119900194,11,63,-52
119900195,33,136,-103
119900196,915,278,637
119900197,84,109,-25
119900198,109,200,-91
119900199,86,9,77
119900200,417,551,-134
119900201,321,125,196
119900202,140,107,33
119900203,130,355,-225
119900204,147,207,-60
119900205,469,455,14
119900206,111,108,3
119900208,124,149,-25
119900209,405,940,-535
119900210,35,16,19
119900211,68,9,59
119900212,328,500,-172
119900213,8,55,-47
119900214,6,78,-72
119900215,27,56,-29
119900216,14,70,-56
119900217,2,25,-23
119900218,11,41,-30
119900219,7,75,-68
119900220,4,71,-67
119900221,16,150,-134
119900222,17,116,-99
119900223,18,39,-21
119900224,22,14,8
119900225,573,31,542
119900226,434,1191,-757
119900227,702,184,518
119900228,65,173,-108
119900229,230,265,-35
119900230,1175,372,803
119900231,165,147,18
119900232,164,76,88
119900233,24,1,23
119900234,23,25,-2
119900235,14,18,-4
119900236,25,174,-149
119900237,38,232,-194
119900238,1,65,-64
119900240,57,111,-54
119900241,121,203,-82
119900242,754,1009,-255
119900244,433,1127,-694
119900245,107,145,-38
119900246,204,404,-200
119900247,21,75,-54
119900248,68,135,-67
119900249,115,47,68
119900253,2109,278,1831
119900254,64,477,-413
119900255,71,413,-342
119900256,477,692,-215
119900257,35,0,35
119900258,66,0,66
119900259,8,94,-86
119900260,70,8,62
119900261,175,119,56
119900262,3,199,-196
119900263,826,251,575
119900264,89,113,-24
119900265,280,278,2
119900266,222,187,35
119900267,179,281,-102
119900268,113,129,-16
119900269,820,765,55
119900271,17,66,-49
119900272,214,77,137
119900275,120,58,62
119900276,32,3,29
119900277,13,10,3
119900278,119,58,61
119900279,54,151,-97
119900280,616,149,467
119900281,0,156,-156
119900282,24,42,-18
119900283,3,197,-194
119900284,23,151,-128
119900285,14,48,-34
119900286,3,14,-11
119900288,3,17,-14
119900289,1,27,-26
119900290,3,14,-11
119900291,0,36,-36
119900292,10,24,-14
119900293,21,65,-44
119900294,17,33,-16
119900295,27,41,-14
119900296,21,132,-111
119900297,0,6,-6
119900298,3,0,3
119900299,30,126,-96
119900300,151,81,70
119900301,26,22,4
119900302,19,9,10
119900303,115,130,-15
119900304,107,33,74
119900305,10,100,-90
119900306,8,0,8
119900307,19,47,-28
119900308,4,12,-8
119900309,35,81,-46
119900310,212,219,-7
119900311,50,91,-41
119900312,72,57,15
119900313,243,177,66
119900314,133,231,-98
119900315,1070,1787,-717
119900318,5,10,-5
119900319,0,255,-255
119900320,90,397,-307
119900321,45,1,44
120000001,4656,10602,-5946
120000002,2097,2603,-506
120000003,2957,1510,1447
120000004,2610,2050,560
120000005,3871,1799,2072
120000006,1117,1316,-199
120000007,3252,2774,478
120000008,979,1253,-274
120000009,2838,786,2052
120000010,1489,2145,-656
120000011,756,1590,-834
120000012,1175,2114,-939
120000013,2257,2337,-80
120000014,455,1166,-711
120000015,1943,1290,653
120000016,2929,1906,1023
120000017,2027,1909,118
120000018,3187,8517,-5330
120000019,805,1172,-367
120000020,2527,2542,-15
120000021,1377,1858,-481
120000022,2407,3403,-996
120000023,863,1419,-556
120000024,1139,2090,-951
120000025,2034,1929,105
120000026,1419,1541,-122
120000027,1546,1754,-208
120000028,766,709,57
120000029,2894,648,2246
120000030,241,984,-743
120000031,1513,5390,-3877
120000032,6831,3919,2912
120000033,4425,1840,2585
120000034,1379,1540,-161
120000035,1480,1687,-207
120000036,2358,4541,-2183
120000037,707,1272,-565
120000038,5444,2890,2554
120000039,487,693,-206
120000040,91,259,-168
120000041,1625,1253,372
120000042,1573,2316,-743
120000043,3608,1650,1958
120000044,3769,1391,2378
120000045,4158,942,3216
120000046,2349,2262,87
120000047,914,3498,-2584
120000048,5840,3562,2278
120000049,2521,2381,140
120000050,3287,3487,-200
120000051,2454,3486,-1032
120000052,7601,2109,5492
120000053,1205,2314,-1109
120000054,1190,3788,-2598
120000055,1493,4237,-2744
120000056,3114,2910,204
120000057,2078,620,1458
120000058,3817,492,3325
120000059,10,1318,-1308
120000061,100,507,-407
120000062,222,208,14
120000063,1477,1996,-519
120000064,189,1035,-846
120000065,487,1201,-714
120000066,177,270,-93
120000067,66,367,-301
120000068,204,703,-499
120000069,541,921,-380
120000070,105,733,-628
120000071,473,129,344
120000072,560,367,193
120000073,712,85,627
120000074,131,86,45
120000075,504,251,253
120000076,1397,438,959
120000077,1392,573,819
120000078,2676,966,1710
120000079,374,492,-118
120000080,245,300,-55
120000081,279,187,92
120000082,277,247,30
120000083,138,652,-514
120000084,364,294,70
120000085,264,290,-26
120000086,269,504,-235
120000087,199,552,-353
120000088,655,929,-274
120000089,888,626,262
120000090,651,418,233
120000091,730,813,-83
120000092,1012,558,454
120000093,309,477,-168
120000094,172,670,-498
120000095,850,458,392
120000096,179,675,-496
120000098,780,713,67
120000099,368,759,-391
120000100,660,912,-252
120000101,444,392,52
120000102,448,708,-260
120000103,1044,748,296
120000104,1457,409,1048
120000105,2579,650,1929
120000106,1769,650,1119
120000107,2800,615,2185
120000108,1053,175,878
120000109,979,92,887
120000110,85,762,-677
120000111,134,1019,-885
120000112,800,2489,-1689
120000113,751,2139,-1388
120000114,891,2614,-1723
120000115,408,2147,-1739
120000116,611,1770,-1159
120000117,1250,1509,-259
120000118,50,36,14
120000119,48,51,-3
120000120,47,55,-8
120000121,42,54,-12
120000122,200,298,-98
120000123,4323,4101,222
120000124,333,295,38
120000125,408,475,-67
120000126,344,662,-318
120000127,2201,731,1470
120000128,3335,3041,294
120000129,283,231,52
120000130,626,433,193
120000131,244,518,-274
120000134,338,1022,-684
120000135,405,401,4
120000137,204,991,-787
120000138,778,337,441
120000139,193,631,-438
120000140,687,389,298
120000141,241,455,-214
120000142,559,504,55
120000143,0,98,-98
120000144,77,3,74
120000145,317,1,316
120000146,1052,802,250
120000149,654,956,-302
120000150,2840,8385,-5545
120000151,332,502,-170
120000152,374,141,233
120000153,144,472,-328
120000154,427,357,70
120000155,99,202,-103
120000156,1059,643,416
120000157,807,541,266
120000158,735,727,8
120000159,1896,2363,-467
120000160,1939,1205,734
120000161,1544,2002,-458
120000162,102,229,-127
120000163,737,1148,-411
120000164,439,330,109
120000165,456,739,-283
120000166,1064,514,550
120000167,91,84,7
120000168,14,271,-257
120000169,42,871,-829
120000170,29,443,-414
120000171,30,186,-156
120000172,45,127,-82
120000173,2773,590,2183
120000174,337,14,323
120000175,282,30,252
120000176,274,44,230
120000177,852,121,731
120000178,80,14,66
120000179,319,31,288
120000180,368,82,286
120000181,96,454,-358
120000182,47,265,-218
120000183,12,204,-192
120000184,78,685,-607
120000186,68,264,-196
120000187,39,144,-105
120000188,149,184,-35
120000190,1062,46,1016
120000191,842,48,794
120000192,784,21,763
120000193,532,14,518
120000195,65,6,59
120000196,320,29,291
120000197,71,105,-34
120000198,98,56,42
120000199,35,1,34
120000200,87,1,86
120000201,32,13,19
120000202,3,25,-22
120000203,30,178,-148
120000207,1,46,-45
120000208,14,178,-164
120000209,1,59,-58
120000210,89,67,22
120000211,104,2,102
120000212,101,1,100
120000213,82,258,-176
120000214,0,249,-249
120000215,3,140,-137
120000216,38,7,31
120000217,540,788,-248
120000218,137,693,-556
120000219,5,422,-417
120000220,7,1426,-1419
120000225,1179,6,1173
120000226,312,3,309
120000227,601,42,559
120000228,6183,2543,3640
120000230,261,26,235
120000231,959,1689,-730
120000233,171,46,125
120000235,201,580,-379
120000236,580,0,580
120000237,0,1201,-1201
120000238,1,338,-337
120000241,973,2805,-1832
120000412,491,9,482
120000413,159,180,-21
120000414,74,0,74
120000415,3,97,-94
120000416,66,6,60
120000417,2,34,-32
120000418,139,17,122
120000419,6,197,-191
120000420,26,31,-5
120000421,8899,4999,3900
120000422,88,686,-598
120000423,2,46,-44
120000424,63,118,-55
120000436,134,448,-314
120000437,135,95,40
120000438,2640,265,2375
120000439,131,440,-309
120000443,111,0,111
120000444,1289,455,834
120000445,1331,984,347
120000446,564,205,359
120000447,147,6,141
120000449,76,3,73
120000450,6,166,-160
120000451,103,167,-64
120000452,102,1,101
120000453,0,244,-244
120000454,57,49,8
120000455,72,33,39
120000456,1903,3024,-1121
120000457,743,486,257
120000458,421,711,-290
120000459,57,50,7
120000665,747,228,519
120000668,122,372,-250
120000669,28,156,-128
120000670,243,381,-138
120000671,975,394,581
120000672,106,567,-461
120900001,50,100,-50
120900002,267,241,26
120900003,183,15,168
120900004,9,40,-31
120900005,1,1295,-1294
120900006,290,202,88
120900007,127,86,41
120900008,195,948,-753
120900009,595,47,548
120900010,322,88,234
120900011,226,150,76
120900012,318,863,-545
120900013,193,55,138
120900014,4,409,-405
120900015,641,48,593
120900016,691,56,635
120900017,1899,58,1841
120900018,83,381,-298
120900019,459,277,182
120900020,744,1126,-382
120900021,532,148,384
120900022,24,225,-201
120900023,208,23,185
120900024,1548,359,1189
120900025,1494,949,545
120900026,161,121,40
120900027,599,37,562
120900028,245,75,170
120900029,175,333,-158
120900030,942,565,377
120900031,150,93,57
120900032,860,92,768
120900033,848,47,801
120900034,29,1734,-1705
120900035,13,23,-10
120900037,178,10,168
120900038,41,227,-186
120900039,77,26,51
120900040,189,4,185
120900041,107,14,93
120900042,361,49,312
120900043,38,19,19
120900044,10,309,-299
120900045,94,69,25
120900046,309,7,302
120900047,131,83,48
120900048,101,17,84
120900049,311,2,309
120900050,1720,1192,528
120900051,293,109,184
120900052,466,16,450
120900053,116,25,91
120900054,1495,408,1087
120900055,233,1,232
120900056,410,14,396
120900057,108,15,93
120900058,379,1,378
120900059,64,3,61
120900060,40,15,25
120900061,211,151,60
120900062,169,3,166
120900063,488,6,482
120900064,444,1,443
120900065,352,0,352
120900066,99,147,-48
120900067,128,44,84
120900068,194,0,194
120900069,167,37,130
120900071,9,1,8
120900072,650,6,644
120900073,372,82,290
120900074,324,5,319
120900076,217,1,216
120900077,2186,222,1964
120900078,619,1154,-535
120900079,388,109,279
120900080,702,1784,-1082
120900081,951,104,847
120900082,394,424,-30
120900083,73,2,71
120900084,178,322,-144
120900085,77,108,-31
120900086,73,218,-145
120900087,334,320,14
120900088,92,276,-184
120900089,2904,1756,1148
120900090,208,124,84
120900091,615,702,-87
120900092,1505,519,986
120900093,2103,170,1933
120900094,460,160,300
120900095,308,15,293
120900096,20,124,-104
120900097,526,585,-59
120900098,271,151,120
120900099,26,47,-21
120900100,98,264,-166
120900101,679,258,421
120900102,21,43,-22
120900103,71,175,-104
120900104,7,34,-27
120900105,43,415,-372
120900106,1444,509,935
120900107,235,103,132
120900108,3,513,-510
120900109,48,549,-501
120900110,9,563,-554
120900111,166,292,-126
120900112,11,799,-788
120900113,26,718,-692
120900114,35,166,-131
120900115,119,197,-78
120900116,229,332,-103
120900117,0,465,-465
120900118,5,671,-666
120900119,2664,3714,-1050
120900120,69,576,-507
120900121,105,490,-385
120900122,267,425,-158
120900123,7,399,-392
120900124,3,539,-536
120900125,1,691,-690
120900126,1543,1118,425
120900127,3,443,-440
120900128,1348,1325,23
120900129,72,267,-195
120900130,0,187,-187
120900131,35,53,-18
120900132,752,248,504
120900133,118,732,-614
120900134,869,368,501
120900135,13,454,-441
120900136,13,33,-20
120900137,156,74,82
120900138,21,189,-168
120900139,3,530,-527
120900140,2,46,-44
120900141,85,145,-60
120900142,20,423,-403
120900143,0,716,-716
120900144,0,121,-121
120900145,202,734,-532
120900146,3,832,-829
120900147,27,407,-380
120900148,60,127,-67
120900149,1,223,-222
120900150,34,577,-543
120900151,49,571,-522
120900152,158,21,137
120900153,20,88,-68
120900154,0,243,-243
120900155,124,945,-821
120900156,145,296,-151
120900157,48,187,-139
120900158,31,541,-510
120900159,144,317,-173
120900160,22,625,-603
120900161,25,394,-369
120900162,21,425,-404
120900163,30,373,-343
120900164,2,11,-9
120900165,21,52,-31
120900166,44,163,-119
120900167,248,98,150
120900169,60,289,-229
120900170,1264,2102,-838
120900171,942,254,688
120900172,590,537,53
120900173,16,53,-37
120900174,2,88,-86
120900175,246,109,137
120900176,12,263,-251
120900177,0,889,-889
120900178,8,279,-271
120900179,962,509,453
120900180,74,131,-57
120900181,51,25,26
120900182,17,204,-187
120900183,257,45,212
120900184,147,50,97
120900185,5,232,-227
120900186,2,429,-427
120900187,370,855,-485
120900188,185,10,175
120900189,93,933,-840
120900190,45,7,38
120900191,2,14,-12
120900192,9146,5140,4006
120900194,22,48,-26
120900195,64,178,-114
120900196,447,20,427
120900197,414,122,292
120900198,259,467,-208
120900199,226,289,-63
120900200,59,91,-32
120900201,424,124,300
120900202,1,152,-151
120900203,40,73,-33
120900204,150,207,-57
120900205,25,24,1
120900206,19,35,-16
120900207,74,1227,-1153
121000001,628,786,-158
121000002,1871,1062,809
121000003,2231,1416,815
121000004,2083,2671,-588
121000005,1559,2032,-473
121000006,2509,1234,1275
121000007,2113,2151,-38
121000008,4472,2596,1876
121000009,3799,3946,-147
121000010,6501,4158,2343
121000011,6687,9263,-2576
121000012,12682,8152,4530
121000013,4055,5646,-1591
121000014,5312,4696,616
121000015,3164,5813,-2649
121000016,4006,2882,1124
121000017,1479,2877,-1398
121000018,1792,1255,537
121000019,16054,10677,5377
121000020,11018,13132,-2114
121000021,2660,2396,264
121000022,2039,2360,-321
121000023,3050,2488,562
121000024,3593,3721,-128
121000025,412,980,-568
121000026,236,133,103
121000027,1220,888,332
121000028,660,366,294
121000029,786,583,203
121000030,449,300,149
121000031,537,487,50
121000032,210,68,142
121000034,469,198,271
121000035,146,109,37
121000036,961,727,234
121000037,472,419,53
121000038,434,674,-240
121000039,239,299,-60
121000041,493,363,130
121000042,259,341,-82
121000043,602,547,55
121000044,1209,756,453
121000045,380,211,169
121000046,520,711,-191
121000047,348,283,65
121000049,1440,508,932
121000050,280,967,-687
121000051,690,307,383
121000052,376,577,-201
121000053,289,81,208
121000054,34,329,-295
121000055,971,931,40
121000056,617,816,-199
121000057,291,403,-112
121000058,723,295,428
121000059,1734,1001,733
121000060,432,727,-295
121000061,80,182,-102
121000062,289,299,-10
121000063,681,635,46
121000064,642,683,-41
121000065,359,473,-114
121000066,620,561,59
121000067,783,508,275
121000068,615,291,324
121000069,754,654,100
121000070,1770,997,773
121000071,1265,1060,205
121000072,933,591,342
121000073,900,679,221
121000074,124,154,-30
121000075,65,316,-251
121000076,1112,498,614
121000077,157,155,2
121000078,134,108,26
121000080,1934,495,1439
121000081,2356,2209,147
121000082,119,211,-92
121000083,204,136,68
121000084,231,210,21
121000085,224,363,-139
121000086,153,655,-502
121000087,61,326,-265
121000088,406,450,-44
121000089,293,327,-34
121000090,320,270,50
121000091,1144,671,473
121000092,137,61,76
121000093,132,174,-42
121000094,343,532,-189
121000095,320,395,-75
121000096,2058,1968,90
121000097,780,1608,-828
121000098,579,1101,-522
121000099,637,686,-49
121000100,938,409,529
121000101,325,265,60
121000102,307,261,46
121000103,183,230,-47
121000104,191,129,62
121000105,353,148,205
121000106,258,268,-10
121000107,1640,2373,-733
121000109,1018,858,160
121000110,268,651,-383
121000114,2110,1599,511
121000115,712,624,88
121000116,317,702,-385
121000117,671,220,451
121000118,1307,173,1134
121000119,323,312,11
121000120,207,365,-158
121000121,518,841,-323
121000123,1427,448,979
121000127,96,88,8
121000128,1034,469,565
121000129,693,483,210
121000130,531,721,-190
121000131,1928,1682,246
121000132,1603,1295,308
121000135,288,267,21
121000136,1693,640,1053
121000137,465,277,188
121000138,1051,766,285
121000139,591,274,317
121000141,179,89,90
121000142,803,849,-46
121000143,96,24,72
121000144,863,1587,-724
121000145,535,955,-420
121000146,1119,676,443
121000147,976,427,549
121000148,867,943,-76
121000149,1737,1140,597
121000152,453,537,-84
121000153,1367,518,849
121000154,714,560,154
121000155,1025,923,102
121000156,329,879,-550
121000157,838,1307,-469
121000158,351,457,-106
121000159,182,336,-154
121000160,233,319,-86
121000161,137,267,-130
121000162,80,145,-65
121000165,1159,1529,-370
121000166,15,448,-433
121000168,318,222,96
121000169,73,120,-47
121000170,310,91,219
121000171,75,100,-25
121000172,577,451,126
121000173,918,895,23
121000174,267,317,-50
121000175,786,295,491
121000176,277,199,78
121000177,987,623,364
121000178,101,71,30
121000179,70,59,11
121000181,439,341,98
121000182,96,168,-72
121000183,79,65,14
121000184,54,55,-1
121000185,29,141,-112
121000186,176,388,-212
121000187,127,140,-13
121000188,133,174,-41
121000192,752,308,444
121000193,548,469,79
121000194,1881,1709,172
121000195,310,811,-501
121000196,729,223,506
121000197,183,452,-269
121000198,155,90,65
121000199,129,254,-125
121000200,346,69,277
121000201,5,173,-168
121000202,628,60,568
121000203,693,1648,-955
121000204,2129,633,1496
121000205,186,183,3
121000206,100,37,63
121000207,1750,274,1476
121000208,2,211,-209
121000209,386,232,154
121000210,489,376,113
121000211,298,124,174
121000212,364,428,-64
121000213,6421,2299,4122
121000214,563,1812,-1249
121000215,918,747,171
121000216,463,534,-71
121000217,3497,2157,1340
121000218,399,1258,-859
121000219,1216,360,856
121000220,152,42,110
121000221,100,166,-66
121000222,2037,1728,309
121000223,966,384,582
121000224,354,215,139
121000225,1604,1372,232
121000226,2502,926,1576
121000227,18,168,-150
121000228,12,457,-445
121000229,236,293,-57
121000230,44,1277,-1233
121000231,756,33,723
121000232,290,235,55
121000233,475,313,162
121000234,15,21,-6
121000235,81,59,22
121000236,11,28,-17
121000237,45,15,30
121000238,3,48,-45
121000239,47,9,38
121000240,6,120,-114
121000241,84,9,75
121000242,39,233,-194
121000243,526,198,328
121000244,13,72,-59
121000245,97,43,54
121000246,0,72,-72
121000247,97,10,87
121000248,1355,340,1015
121000249,72,194,-122
121000250,348,139,209
121000251,17,308,-291
121000252,108,57,51
121000253,324,343,-19
121000254,600,207,393
121000255,346,157,189
121000256,445,138,307
121000257,57,64,-7
121000258,109,42,67
121000259,99,55,44
121000260,182,103,79
121000261,232,37,195
121000262,581,499,82
121000263,423,399,24
121000271,283,1107,-824
121000273,58,7,51
121000274,8,28,-20
121000275,4,9,-5
121000276,2,14,-12
121000278,59,33,26
121000289,196,17,179
121000290,936,659,277
121000294,127,104,23
121000297,851,982,-131
121000299,171,297,-126
121000300,687,806,-119
121000302,54,790,-736
121000303,475,338,137
121000304,431,42,389
121000305,196,159,37
121000306,78,126,-48
121000308,154,256,-102
121000309,456,521,-65
121000310,116,318,-202
121000311,64,617,-553
121000312,211,110,101
121000313,175,314,-139
121000314,160,118,42
121000315,47,130,-83
121000530,1151,1057,94
121000531,1359,1176,183
121000532,5641,5664,-23
121000533,2367,2638,-271
121000918,85,142,-57
121000919,55,53,2
121000938,226,297,-71
121000939,275,241,34
121000956,1158,957,201
121000957,5,18,-13
121000958,86,27,59
121000959,701,597,104
121000960,1568,1658,-90
121000961,224,135,89
121000962,192,445,-253
121000973,0,108,-108
121000976,10,146,-136
121000979,344,117,227
121000981,416,303,113
121000982,365,146,219
121000983,357,289,68
121000984,21,60,-39
121000985,504,352,152
121000986,247,189,58
121000987,326,820,-494
121000988,594,85,509
121001302,324,88,236
121001308,4,8,-4
121001309,43,52,-9
121001313,249,213,36
121001314,2074,2380,-306
121001315,3374,1899,1475
121001326,381,336,45
121001327,135,141,-6
121001328,259,25,234
121900001,127,140,-13
121900002,37,20,17
121900003,345,4,341
121900004,135,218,-83
121900005,19,6,13
121900006,76,16,60
121900007,1217,1575,-358
121900008,826,317,509
121900009,457,10,447
121900010,195,1,194
121900011,129,257,-128
121900012,8,0,8
121900013,1585,101,1484
121900014,914,304,610
121900015,128,155,-27
121900016,8,36,-28
121900017,452,366,86
121900018,213,2,211
121900019,286,163,123
121900020,17,2,15
121900021,867,23,844
121900022,204,166,38
121900023,102,192,-90
121900024,255,116,139
121900025,427,340,87
121900026,172,35,137
121900027,244,79,165
121900028,157,17,140
121900029,73,105,-32
121900030,355,444,-89
121900031,690,4603,-3913
121900032,89,56,33
121900033,175,113,62
121900034,243,69,174
121900035,1834,1463,371
121900036,59,220,-161
121900037,140,511,-371
121900038,38,97,-59
121900039,326,36,290
121900040,69,86,-17
121900041,64,89,-25
121900042,283,98,185
121900043,4,9,-5
121900044,111,45,66
121900046,208,209,-1
121900047,158,43,115
121900048,37,86,-49
121900050,23,35,-12
121900051,115,139,-24
121900052,143,27,116
121900053,432,228,204
121900054,446,671,-225
121900055,0,10,-10
121900058,164,90,74
121900059,324,128,196
121900060,139,299,-160
121900062,136,71,65
121900063,949,350,599
121900064,217,447,-230
121900066,82,12,70
121900067,65,49,16
121900069,182,96,86
121900070,186,55,131
121900071,225,153,72
121900072,24,115,-91
121900073,208,173,35
121900074,568,806,-238
121900075,378,370,8
121900076,348,433,-85
121900078,49,19,30
121900079,2,0,2
121900080,775,333,442
121900082,35,96,-61
121900084,7,110,-103
121900086,11,22,-11
121900087,152,93,59
121900088,1110,2060,-950
121900089,142,314,-172
121900090,18,79,-61
121900091,34,82,-48
121900092,63,70,-7
121900093,66,41,25
121900094,20,3,17
121900095,259,135,124
121900096,785,508,277
121900097,410,126,284
121900098,2,1,1
121900099,174,67,107
121900100,249,390,-141
121900101,81,121,-40
121900102,14,138,-124
121900103,431,177,254
121900104,1051,345,706
121900105,203,140,63
121900106,1,2,-1
121900107,35,18,17
121900108,5,20,-15
121900109,239,129,110
121900110,377,712,-335
121900111,882,146,736
121900112,108,79,29
121900113,57,262,-205
121900114,40,74,-34
121900117,175,42,133
121900118,1437,452,985
121900119,149,89,60
121900120,45,1020,-975
121900121,325,53,272
121900122,24,54,-30
121900123,121,359,-238
121900124,121,110,11
121900125,856,722,134
121900127,16,61,-45
121900128,59,67,-8
121900129,575,158,417
121900130,91,207,-116
121900131,181,72,109
121900132,37,54,-17
121900133,104,832,-728
121900134,18,140,-122
121900135,1554,189,1365
121900136,274,307,-33
121900137,44,249,-205
121900138,101,109,-8
121900139,319,482,-163
121900140,65,169,-104
121900141,60,37,23
121900142,128,124,4
121900143,6,84,-78
121900144,80,215,-135
121900145,147,152,-5
121900146,495,526,-31
121900147,67,143,-76
121900148,135,235,-100
121900149,254,535,-281
121900150,79,103,-24
121900151,73,226,-153
121900152,51,132,-81
121900153,94,466,-372
121900154,20,188,-168
121900155,0,95,-95
121900156,135,88,47
121900157,2,282,-280
121900158,56,78,-22
121900159,1,183,-182
121900160,1,195,-194
121900161,319,282,37
121900162,67,146,-79
121900163,290,469,-179
121900164,411,151,260
121900165,156,133,23
121900166,147,153,-6
121900167,64,81,-17
121900168,110,226,-116
121900169,2,187,-185
121900170,2,147,-145
121900171,608,403,205
121900172,420,171,249
121900173,654,162,492
121900174,21,50,-29
121900175,113,138,-25
121900176,433,1215,-782
121900177,160,57,103
121900178,34,32,2
121900179,329,107,222
121900180,2778,2864,-86
121900182,490,197,293
121900183,548,699,-151
121900184,54,371,-317
121900186,3,214,-211
121900187,32,139,-107
121900188,320,270,50
121900189,31,124,-93
121900190,279,402,-123
121900191,66,142,-76
121900192,279,562,-283
121900193,38,110,-72
121900194,2,101,-99
121900195,57,79,-22
121900196,709,842,-133
121900197,246,1095,-849
121900198,943,709,234
121900199,7,19,-12
121900200,48,214,-166
121900201,791,549,242
121900202,107,466,-359
121900203,142,583,-441
121900204,608,876,-268
121900205,30,54,-24
121900206,10,27,-17
121900207,70,31,39
121900208,144,189,-45
121900209,63,44,19
121900210,1043,819,224
121900211,223,366,-143
121900212,103,90,13
121900213,140,64,76
121900214,7,334,-327
121900215,50,74,-24
121900216,37,124,-87
121900217,145,105,40
121900218,150,319,-169
121900220,113,7,106
121900221,143,489,-346
121900222,133,98,35
121900223,121,36,85
121900224,102,16,86
121900225,101,98,3
121900226,174,372,-198
121900227,189,388,-199
121900228,179,287,-108
121900230,123,177,-54
121900231,340,1077,-737
121900232,231,374,-143
121900233,130,170,-40
121900234,252,171,81
121900235,333,155,178
121900236,335,143,192
121900237,181,195,-14
121900238,121,228,-107
121900239,140,5,135
121900240,205,50,155
121900241,53,49,4
121900242,4,0,4
121900243,14,0,14
121900244,22,2,20
121900245,126,68,58
121900246,1457,224,1233
121900248,1124,932,192
121900250,211,203,8
121900251,241,33,208
121900252,512,119,393
121900253,197,725,-528
121900254,485,208,277
121900255,277,69,208
121900258,2371,1861,510
121900259,341,425,-84
121900260,56,123,-67
121900261,182,460,-278
121900262,274,642,-368
121900263,186,226,-40
121900264,1338,1174,164
121900265,188,226,-38
121900266,333,180,153
121900267,71,44,27
121900269,161,447,-286
121900270,21,176,-155
121900271,30,97,-67
121900273,369,1317,-948
121900274,231,137,94
121900277,419,770,-351
121900278,85,705,-620
121900279,108,130,-22
121900280,98,228,-130
121900281,404,363,41
121900284,54,17,37
121900286,139,84,55
121900287,12,17,-5
121900288,6,4,2
121900290,248,262,-14
121900291,380,458,-78
121900292,147,134,13
121900293,902,2214,-1312
121900294,230,2,228
121900295,96,134,-38
121900296,36,108,-72
121900298,242,500,-258
121900299,0,0,0
121900300,152,1,151
121900301,74,6,68
121900302,1,28,-27
121900303,228,199,29
121900304,0,20,-20
121900305,1,10,-9
121900306,239,32,207
121900307,63,3,60
121900308,21,221,-200
121900309,10,183,-173
121900310,16,338,-322
121900311,321,10,311
121900312,246,16,230
121900313,427,23,404
121900314,1,48,-47
121900315,27,0,27
121900316,1,28,-27
121900317,8,8,0
121900318,2,17,-15
121900319,41,118,-77
121900320,49,68,-19
121900321,5,2,3
121900322,3,24,-21
121900323,14,8,6
121900324,2,60,-58
121900325,13,1,12
121900326,8,14,-6
121900327,6,47,-41
121900328,0,18,-18
121900329,3,135,-132
121900330,0,10,-10
121900331,13,14,-1
121900332,75,15,60
121900333,27,2,25
121900334,75,39,36
122000001,2021,4464,-2443
122000002,3858,1556,2302
122000003,1821,2309,-488
122000004,2391,1299,1092
122000005,1777,1556,221
122000006,1520,767,753
122000007,1020,1777,-757
122000008,3585,3677,-92
122000009,352,388,-36
122000010,1788,2257,-469
122000011,2811,2034,777
122000012,1139,1251,-112
122000013,929,673,256
122000014,1233,914,319
122000015,1127,849,278
122000016,479,749,-270
122000017,865,756,109
122000018,1032,1076,-44
122000019,599,817,-218
122000020,124,175,-51
122000021,285,337,-52
122000022,992,728,264
122000023,587,1268,-681
122000024,692,984,-292
122000025,1183,1321,-138
122000026,1207,980,227
122000027,466,2045,-1579
122000028,736,312,424
122000029,364,349,15
122000030,326,123,203
122000031,173,210,-37
122000032,1501,1614,-113
122000033,530,938,-408
122000034,572,523,49
122000035,265,629,-364
122000036,469,465,4
122000037,271,191,80
122000038,177,228,-51
122000039,566,308,258
122000040,199,198,1
122000041,439,463,-24
122000042,301,359,-58
122000043,74,103,-29
122000044,97,123,-26
122000045,1044,403,641
122000046,560,540,20
122000047,263,145,118
122000048,2695,3510,-815
122000049,4675,2809,1866
122000050,1290,727,563
122000051,260,247,13
122000052,524,328,196
122000053,178,676,-498
122000054,2213,1671,542
122000055,1980,2734,-754
122000056,4144,3386,758
122000057,2770,3150,-380
122000058,2698,1223,1475
122000059,2889,1691,1198
122000060,662,614,48
122000061,490,477,13
122000062,1331,357,974
122000063,997,536,461
122000064,2969,2308,661
122000065,3615,2056,1559
122000066,642,365,277
122000067,1366,997,369
122000068,840,886,-46
122000069,910,627,283
122000070,581,1388,-807
122000071,1125,1024,101
122000072,341,306,35
122000073,401,558,-157
122000074,2394,1277,1117
122000075,602,1031,-429
122000076,1695,844,851
122000077,1053,630,423
122000078,2208,2323,-115
122000079,1050,1010,40
122000080,744,313,431
122000081,199,226,-27
122000082,733,711,22
122000083,1111,1724,-613
122000084,927,620,307
122000085,209,756,-547
122000086,1736,4007,-2271
122000087,327,150,177
122000088,193,304,-111
122000089,4303,1890,2413
122000090,166,342,-176
122000091,153,38,115
122000092,84,17,67
122000093,1232,1220,12
122000094,4583,1889,2694
122000095,2014,2730,-716
122000096,1980,1338,642
122000098,2499,1675,824
122000099,1630,529,1101
122000100,867,473,394
122000101,373,628,-255
122000102,1618,918,700
122000103,1773,1479,294
122000104,303,183,120
122000105,475,247,228
122000106,398,488,-90
122000107,720,376,344
122000108,400,593,-193
122000109,338,202,136
122000110,325,414,-89
122000111,1823,962,861
122000112,659,1060,-401
122000113,556,480,76
122000114,2132,1087,1045
122000115,1297,975,322
122000116,387,461,-74
122000117,1001,396,605
122000118,452,667,-215
122000119,2559,1764,795
122000120,1802,2880,-1078
122000121,1790,2290,-500
122000122,728,1564,-836
122000123,1702,1549,153
122000124,889,486,403
122000125,551,628,-77
122000126,569,964,-395
122000127,1010,1297,-287
122000128,527,676,-149
122000129,438,1250,-812
122000130,2724,1283,1441
122000131,1177,1048,129
122000132,511,543,-32
122000133,796,1056,-260
122000134,807,675,132
122000135,726,591,135
122000136,804,709,95
122000137,1261,751,510
122000139,1178,2799,-1621
122000140,1033,446,587
122000141,2729,684,2045
122000142,296,597,-301
122000143,382,436,-54
122000144,1281,1206,75
122000145,882,881,1
122000146,542,885,-343
122000147,523,497,26
122000148,1984,1410,574
122000149,1862,1485,377
122000150,928,808,120
122000151,206,291,-85
122000152,288,333,-45
122000153,286,242,44
122000154,208,193,15
122000155,1148,1843,-695
122000156,2003,1661,342
122000157,1476,1469,7
122000158,307,469,-162
122000159,775,1103,-328
122000160,2563,1805,758
122000161,809,764,45
122000162,1665,1486,179
122000163,207,85,122
122000164,21,58,-37
122000165,724,608,116
122000166,1007,841,166
122000167,207,149,58
122000168,211,408,-197
122000169,421,138,283
122000170,246,179,67
122000171,37,67,-30
122000172,1245,1087,158
122000173,1036,1648,-612
122000174,1854,663,1191
122000175,1026,252,774
122000176,318,665,-347
122000177,1053,1192,-139
122000178,2024,1793,231
122000179,1238,1763,-525
122000180,1251,991,260
122000181,1445,2190,-745
122000182,1427,1161,266
122000183,1970,775,1195
122000184,2090,1727,363
122000185,1166,1201,-35
122000186,350,577,-227
122000187,1678,803,875
122000188,300,155,145
122000189,221,219,2
122000190,758,857,-99
122000191,552,459,93
122000192,740,265,475
122000193,341,521,-180
122000194,446,169,277
122000195,150,374,-224
122000196,1062,494,568
122000197,486,510,-24
122000198,384,608,-224
122000199,250,231,19
122000200,887,531,356
122000201,1161,1154,7
122000202,1105,1030,75
122000203,1887,1170,717
122000204,1437,1574,-137
122000205,1360,1187,173
122000206,1817,683,1134
122000207,1629,974,655
122000208,1756,1079,677
122000209,1760,283,1477
122000210,1922,1401,521
122000211,1257,897,360
122000212,703,459,244
122000213,915,1061,-146
122000214,1858,1445,413
122000215,1398,1384,14
122000217,1406,1076,330
122000218,544,72,472
122000219,1010,754,256
122000220,400,520,-120
122000221,86,330,-244
122000222,551,136,415
122000223,1249,420,829
122000225,629,279,350
122000226,1931,1306,625
122000227,282,2019,-1737
122000228,388,303,85
122000229,40,409,-369
122000230,77,397,-320
122000231,324,729,-405
122000232,566,802,-236
122000233,0,82,-82
122000234,369,148,221
122000235,783,142,641
122000236,794,93,701
122000237,151,87,64
122000238,286,254,32
122000239,615,123,492
122000240,1161,602,559
122000241,1697,423,1274
122000242,560,198,362
122000243,248,59,189
122000244,69,350,-281
122000245,112,222,-110
122000246,379,157,222
122000247,496,567,-71
122000248,1076,1389,-313
122000249,1006,757,249
122000250,1775,1022,753
122000251,209,386,-177
122000252,463,107,356
122000253,47,209,-162
122000254,225,96,129
122000255,673,1235,-562
122000256,431,826,-395
122000257,136,263,-127
122000258,202,226,-24
122000259,16,399,-383
122000260,179,662,-483
122000261,27,192,-165
122000262,2,57,-55
122000263,368,89,279
122000264,981,362,619
122000265,1773,613,1160
122000266,3647,592,3055
122000267,186,156,30
122000268,162,401,-239
122000269,694,254,440
122000270,627,185,442
122000271,376,765,-389
122000272,333,821,-488
122000273,332,391,-59
122000274,206,234,-28
122000275,322,231,91
122000276,688,468,220
122000277,1008,1347,-339
122000278,1657,766,891
122000279,262,352,-90
122000280,783,565,218
122000281,620,628,-8
122000282,200,196,4
122000283,694,107,587
122000284,197,79,118
122000285,543,96,447
122000286,121,143,-22
122000287,1085,1179,-94
122000288,563,224,339
122000291,1376,672,704
122000293,208,220,-12
122000294,130,173,-43
122000295,1247,206,1041
122000296,34,569,-535
122000297,1857,2276,-419
122000299,355,294,61
122000300,480,559,-79
122000301,7614,2828,4786
122000302,615,938,-323
122000303,2725,1138,1587
122000304,46,165,-119
122000305,944,498,446
122000306,67,599,-532
122000307,144,141,3
122000309,97,44,53
122000310,22,100,-78
122000311,269,157,112
122000312,188,104,84
122000313,202,69,133
122000314,80,128,-48
122000315,221,49,172
122000316,616,203,413
122000317,1066,221,845
122000318,212,380,-168
122000319,200,317,-117
122000320,416,1115,-699
122000321,120,191,-71
122000322,2052,1896,156
122000323,1414,1867,-453
122000324,1033,955,78
122000325,717,1140,-423
122000326,71,91,-20
122000327,427,665,-238
122000328,638,493,145
122000330,1443,623,820
122000333,17,110,-93
122000337,834,1092,-258
122000338,282,352,-70
122000340,274,378,-104
122000342,1450,799,651
122000343,414,979,-565
122000344,53,23,30
122000345,231,121,110
122000346,274,449,-175
122000348,651,503,148
122000349,94,582,-488
122000351,144,161,-17
122000352,418,151,267
122000353,104,73,31
122000355,143,194,-51
122000356,1102,858,244
122000357,115,17,98
122000358,0,37,-37
122000359,0,25,-25
122000360,0,27,-27
122000362,5,75,-70
122000364,134,238,-104
122000365,7,31,-24
122000366,19,8,11
122000368,365,472,-107
122000370,46,47,-1
122000371,36,0,36
122000372,20,3,17
122000381,53,314,-261
122000382,85,261,-176
122000384,2168,1146,1022
122000385,63,0,63
122000386,325,1010,-685
122000387,450,436,14
122000388,1257,520,737
122000389,151,423,-272
122000390,340,159,181
122000391,230,96,134
122000392,193,151,42
122000393,247,366,-119
122000394,559,210,349
122000395,107,149,-42
122000396,266,108,158
122000397,114,55,59
122000398,39,66,-27
122000399,137,60,77
122000400,120,437,-317
122000401,133,93,40
122000402,180,106,74
122000403,347,629,-282
122000404,159,247,-88
122000408,802,1173,-371
122000503,18,70,-52
122000524,166,89,77
122000544,45,2001,-1956
122000614,325,358,-33
122000616,265,4,261
122000640,65,132,-67
122000641,81,262,-181
122000642,1262,869,393
122000643,39,127,-88
122000644,107,32,75
122000645,100,128,-28
122000651,1346,648,698
122000664,150,26,124
122000665,967,484,483
122000666,734,838,-104
122000673,24,226,-202
122000674,117,69,48
122000675,1523,804,719
122000686,358,817,-459
122000687,1008,307,701
122000688,191,510,-319
122000689,744,391,353
122000690,1452,490,962
122000691,523,1444,-921
122000692,1160,400,760
122000693,341,1262,-921
122000695,271,291,-20
122000696,340,230,110
122000698,332,493,-161
122000699,171,53,118
122000701,1169,262,907
122000702,456,1022,-566
122000703,118,36,82
122000712,0,0,0
122000717,166,33,133
122000718,760,1340,-580
122000719,80,57,23
122000720,445,281,164
122000724,240,256,-16
122900001,26,9,17
122900002,880,3299,-2419
122900003,266,39,227
122900004,390,30,360
122900005,69,19,50
122900006,921,156,765
122900007,120,56,64
122900008,573,34,539
122900009,494,300,194
122900010,191,110,81
122900012,188,316,-128
122900014,143,262,-119
122900015,1363,606,757
122900016,96,201,-105
122900017,354,504,-150
122900018,145,18,127
122900020,319,304,15
122900021,52,472,-420
122900022,695,596,99
122900023,232,91,141
122900024,108,89,19
122900025,13,214,-201
122900026,42,250,-208
122900027,50,551,-501
122900028,138,146,-8
122900029,3423,2556,867
122900030,794,414,380
122900031,95,202,-107
122900032,55,316,-261
122900033,208,127,81
122900034,3351,3996,-645
122900035,23,19,4
122900036,32,53,-21
122900037,267,76,191
122900038,107,2230,-2123
122900039,118,417,-299
122900040,235,301,-66
122900041,298,215,83
122900042,160,240,-80
122900043,333,178,155
122900044,85,261,-176
122900045,89,106,-17
122900046,180,140,40
122900047,107,150,-43
122900048,46,128,-82
122900049,1351,132,1219
122900051,101,81,20
122900052,99,153,-54
122900053,29,39,-10
122900055,262,99,163
122900057,204,78,126
122900061,384,137,247
122900062,460,526,-66
122900063,134,227,-93
122900064,982,304,678
122900065,488,199,289
122900066,541,259,282
122900067,824,607,217
122900069,265,1093,-828
122900070,314,54,260
122900071,100,355,-255
122900073,32,167,-135
122900074,604,419,185
122900075,2,41,-39
122900076,8,167,-159
122900077,2,116,-114
122900078,139,85,54
122900080,33,33,0
122900081,170,162,8
122900082,767,221,546
122900083,247,142,105
122900084,4,157,-153
122900086,5,74,-69
122900087,293,377,-84
122900088,32,119,-87
122900089,96,200,-104
122900090,9,417,-408
122900091,253,4,249
122900092,0,61,-61
122900093,0,210,-210
122900094,3,188,-185
122900095,168,25,143
122900096,364,181,183
122900097,33,49,-16
122900098,75,105,-30
122900099,39,21,18
122900100,277,103,174
122900101,339,179,160
122900102,22,75,-53
122900103,128,8,120
122900104,115,7,108
122900105,8,16,-8
122900106,1,47,-46
122900107,10,137,-127
122900108,14,157,-143
122900109,137,96,41
123000001,1525,362,1163
123000002,3376,3921,-545
123000003,3266,3398,-132
123000004,2760,3367,-607
123000005,2150,2383,-233
123000006,1983,2107,-124
123000007,3540,2577,963
123000008,2422,2675,-253
123000009,4080,2449,1631
123000010,2940,2992,-52
123000011,2369,703,1666
123000012,868,1659,-791
123000013,2722,755,1967
123000014,902,2500,-1598
123000015,2773,803,1970
123000016,3303,2947,356
123000017,2598,1672,926
123000018,77,113,-36
123000019,190,134,56
123000020,147,98,49
123000021,75,197,-122
123000022,276,2064,-1788
123000023,1322,1300,22
123000024,1339,598,741
123000025,282,154,128
123000026,50,66,-16
123000027,234,321,-87
123000028,1738,361,1377
123000029,1766,682,1084
123000030,202,280,-78
123000031,165,216,-51
123000032,326,206,120
123000033,246,108,138
123000034,1129,863,266
123000035,336,334,2
123000036,224,778,-554
123000037,236,247,-11
123000038,93,252,-159
123000039,333,1289,-956
123000040,741,274,467
123000041,1027,985,42
123000042,928,517,411
123000043,2578,7107,-4529
123000044,4200,2205,1995
123000045,6707,2561,4146
123000046,674,1273,-599
123000047,1931,906,1025
123000048,50,531,-481
123000049,5113,7303,-2190
123000050,1048,1116,-68
123000051,107,215,-108
123000052,683,2879,-2196
123000053,2032,2879,-847
123000054,1166,1092,74
123000055,841,1411,-570
123000056,1135,1361,-226
123000057,9802,5674,4128
123000058,564,831,-267
123000059,399,425,-26
123000060,848,279,569
123000061,349,562,-213
123000063,677,791,-114
123000064,853,299,554
123000065,3780,2098,1682
123000066,522,421,101
123000067,757,556,201
123000068,2200,2331,-131
123000069,5527,2590,2937
123000070,311,585,-274
123000071,684,832,-148
123000072,911,813,98
123000073,886,638,248
123000074,789,983,-194
123000075,277,792,-515
123000076,638,659,-21
123000077,1753,2221,-468
123000078,1172,1461,-289
123000079,1040,1651,-611
123000080,1729,1438,291
123000081,121,324,-203
123000082,376,865,-489
123000083,693,185,508
123000084,536,559,-23
123000085,236,94,142
123000086,444,163,281
123000087,233,255,-22
123000088,955,690,265
123000089,419,967,-548
123000090,954,756,198
123000091,1204,1254,-50
123000092,898,1040,-142
123000094,386,177,209
123000095,416,584,-168
123000096,527,302,225
123000097,351,604,-253
123000098,739,493,246
123000099,490,644,-154
123000100,477,585,-108
123000101,487,577,-90
123000102,489,540,-51
123000104,322,420,-98
123000105,387,410,-23
123000106,489,421,68
123000107,410,457,-47
123000108,661,1023,-362
123000111,662,312,350
123000112,853,515,338
123000113,463,999,-536
123000114,319,596,-277
123000115,219,233,-14
123000116,42,90,-48
123000117,1256,1407,-151
123000118,366,697,-331
123000119,223,659,-436
123000120,344,503,-159
123000121,397,431,-34
123000122,216,233,-17
123000123,410,574,-164
123000124,430,378,52
123000125,981,1074,-93
123000126,1169,3245,-2076
123000127,786,663,123
123000128,258,228,30
123000129,515,176,339
123000130,426,74,352
123000131,586,614,-28
123000132,318,499,-181
123000133,286,361,-75
123000134,286,149,137
123000135,1862,1043,819
123000136,197,595,-398
123000137,100,275,-175
123000138,74,319,-245
123000139,386,102,284
123000140,104,647,-543
123000141,653,105,548
123000142,812,886,-74
123000143,1209,1731,-522
123000144,20,11,9
123000145,115,123,-8
123000146,30,56,-26
123000147,75,59,16
123000149,318,301,17
123000150,150,176,-26
123000151,245,413,-168
123000152,87,346,-259
123000153,173,519,-346
123000154,1317,1474,-157
123000155,1684,796,888
123000156,45,90,-45
123000157,611,711,-100
123000158,475,673,-198
123000159,2577,1866,711
123000160,761,576,185
123000161,1247,827,420
123000162,777,1282,-505
123000163,382,72,310
123000164,1076,343,733
123000165,375,1244,-869
123000166,30,115,-85
123000167,131,284,-153
123000168,217,199,18
123000169,532,142,390
123000170,76,163,-87
123000171,399,33,366
123000172,123,434,-311
123000173,405,216,189
123000174,810,297,513
123000175,470,946,-476
123000176,707,212,495
123000177,230,758,-528
123000178,742,139,603
123000179,53,438,-385
123000180,1302,304,998
123000181,254,1310,-1056
123000182,154,302,-148
123000183,128,440,-312
123000184,68,436,-368
123000185,587,421,166
123000186,119,608,-489
123000187,451,15,436
123000188,222,64,158
123000189,90,195,-105
123000190,54,215,-161
123000192,38,247,-209
123000193,132,824,-692
123000194,359,354,5
123000195,347,76,271
123000196,287,161,126
123000197,151,114,37
123000198,41,322,-281
123000199,16,477,-461
123000200,404,55,349
123000201,891,59,832
123000202,63,802,-739
123000203,782,99,683
123000204,80,922,-842
123000205,462,1414,-952
123000206,1797,228,1569
123000207,133,705,-572
123000208,384,161,223
123000209,1785,600,1185
123000210,446,1890,-1444
123000211,501,1974,-1473
123000212,2173,471,1702
123000213,665,171,494
123000215,70,157,-87
123000216,138,644,-506
123000217,152,28,124
123000218,66,434,-368
123000219,745,95,650
123000220,467,58,409
123000221,168,70,98
123000222,277,256,21
123000223,190,284,-94
123000224,395,372,23
123000225,203,44,159
123000226,63,211,-148
123000227,76,302,-226
123000228,220,67,153
123000229,1050,1276,-226
123000232,78,508,-430
123000233,486,153,333
123000234,166,494,-328
123000235,672,262,410
123000236,214,581,-367
123000237,225,33,192
123000238,54,350,-296
123000239,358,1051,-693
123000240,45,321,-276
123000241,495,69,426
123000242,80,138,-58
123000243,662,658,4
123000244,786,591,195
123000245,50,139,-89
123000249,282,531,-249
123000252,714,193,521
123000253,910,439,471
123000254,510,743,-233
123000255,812,646,166
123000256,37,217,-180
123000257,2218,1709,509
123000258,705,667,38
123000259,234,294,-60
123000260,317,284,33
123000261,138,75,63
123000262,110,175,-65
123000263,268,81,187
123000264,145,71,74
123000265,51,150,-99
123000266,440,555,-115
123000267,431,251,180
123000268,38,61,-23
123000269,41,51,-10
123000270,19,66,-47
123000271,67,60,7
123000272,514,301,213
123000273,226,478,-252
123000274,918,490,428
123000275,256,655,-399
123000278,2298,1980,318
123000279,79,99,-20
123000280,323,247,76
123000281,287,88,199
123000282,92,229,-137
123000283,90,71,19
123000284,67,133,-66
123000286,232,243,-11
123000287,546,219,327
123000288,1029,576,453
123000289,474,720,-246
123000291,226,610,-384
123000294,198,286,-88
123000295,856,708,148
123000296,611,350,261
123000297,650,555,95
123000298,422,308,114
123000299,191,317,-126
123000300,777,769,8
123000301,93,175,-82
123000302,69,165,-96
123000303,73,116,-43
123000305,742,724,18
123000306,75,132,-57
123000309,46,66,-20
123000310,47,52,-5
123000311,32,113,-81
123000312,683,794,-111
123000313,463,514,-51
123000315,47,235,-188
123000316,87,27,60
123000317,252,59,193
123000318,59,194,-135
123000329,8,13,-5
123000337,904,245,659
123000338,548,48,500
123000339,165,184,-19
123000340,142,343,-201
123000342,18,131,-113
123000343,26,3,23
123000344,1250,378,872
123000345,338,474,-136
123000346,318,58,260
123000352,1021,660,361
123000353,14,127,-113
123000354,798,7,791
123000355,1,781,-780
123000356,327,14,313
123000357,4,129,-125
123000359,11,130,-119
123000360,122,76,46
123000361,289,257,32
123000362,245,70,175
123000363,61,148,-87
123000364,464,455,9
123000365,15,292,-277
123000366,371,1512,-1141
123000367,227,762,-535
123000370,55,164,-109
123000371,259,35,224
123000372,260,30,230
123000373,5,276,-271
123000374,48,181,-133
123000375,284,53,231
123000376,841,570,271
123000377,194,17,177
123000378,11,150,-139
123000379,5,209,-204
123000380,54,252,-198
123000381,121,46,75
123000382,946,152,794
123000383,156,937,-781
123000384,374,83,291
123000385,157,425,-268
123000436,6,858,-852
123000507,176,238,-62
123000508,144,745,-601
123000517,339,32,307
123000518,44,255,-211
123000519,135,52,83
123000520,57,186,-129
123000521,266,96,170
123000522,162,311,-149
123000541,5,2,3
123000542,0,20,-20
123000565,673,43,630
123000566,196,486,-290
123000567,75,151,-76
123000573,72,518,-446
123000574,573,93,480
123000575,1147,932,215
123000576,578,1186,-608
123000577,67,458,-391
123000578,463,56,407
123000579,2762,4127,-1365
123000580,118,34,84
123000582,261,35,226
123000583,21,230,-209
123000584,120,222,-102
123000585,0,61,-61
123000586,79,1,78
123000596,72,91,-19
123000597,68,121,-53
123000602,29,8,21
123000603,530,534,-4
123000604,493,625,-132
123000605,63,2,61
123000606,0,27,-27
123000609,7,250,-243
123000610,163,93,70
123000613,50,191,-141
123000614,156,69,87
123000615,157,169,-12
123000616,368,64,304
123000617,121,265,-144
123000618,63,358,-295
123000619,418,34,384
123000620,21,255,-234
123000622,274,19,255
123000624,158,67,91
123000630,1013,334,679
123000631,236,1137,-901
123000632,720,738,-18
123000633,0,18,-18
123000634,57,103,-46
123000635,97,77,20
123000636,21,353,-332
123000637,144,28,116
123000638,515,31,484
123000639,734,2959,-2225
123000640,39,559,-520
123000648,367,108,259
123000649,67,468,-401
123000650,228,76,152
123000651,33,88,-55
123000652,479,72,407
123000653,56,282,-226
123000654,170,149,21
123000655,24,260,-236
123000656,131,46,85
123000657,4,105,-101
123000658,188,10,178
123000659,17,1073,-1056
123000660,845,61,784
123000661,739,26,713
123900001,885,48,837
123900002,28,1079,-1051
123900003,241,267,-26
123900005,147,120,27
123900006,180,34,146
124000001,1286,83,1203
124000002,3,374,-371
124000003,610,110,500
124000004,54,405,-351
124000005,651,190,461
124000006,197,737,-540
124000007,415,86,329
124000008,26,420,-394
124000009,545,226,319
124000010,159,459,-300
124000011,753,257,496
124000012,208,479,-271
124000017,112,113,-1
124000018,100,63,37
124000019,117,107,10
124000020,44,153,-109
124000021,89,73,16
124000022,73,177,-104
124000023,652,151,501
124000024,830,422,408
124000025,633,376,257
124000026,544,371,173
124000027,1080,733,347
124000028,2030,780,1250
124000031,1572,1979,-407
124000032,2012,1182,830
124000033,939,440,499
124000034,590,1008,-418
124000035,325,189,136
124000036,128,486,-358
124000037,359,1142,-783
124000038,47,97,-50
124000039,953,549,404
124000040,572,1147,-575
124000041,288,65,223
124000042,104,423,-319
124000043,97,77,20
124000044,70,159,-89
124000045,612,484,128
124000046,323,632,-309
124000047,1364,767,597
124000048,875,1037,-162
124000049,1352,574,778
124000050,711,1424,-713
124000051,725,542,183
124000052,620,820,-200
124000053,446,1325,-879
124000054,1008,440,568
124000055,1138,1990,-852
124000056,1920,1297,623
124000057,791,439,352
124000058,444,1113,-669
124000059,462,885,-423
124000060,981,544,437
124000061,1183,4210,-3027
124000062,5015,1684,3331
124000063,1210,1588,-378
124000064,1866,1290,576
124000065,83,274,-191
124000066,151,50,101
124000067,162,138,24
124000068,60,159,-99
124000069,431,158,273
124000070,141,299,-158
124000071,70,66,4
124000072,73,133,-60
124000073,391,85,306
124000074,235,527,-292
124000075,226,29,197
124000076,9,146,-137
124000077,1707,599,1108
124000078,2305,1319,986
124000079,350,938,-588
124000080,364,141,223
124000081,134,381,-247
124000082,63,131,-68
124000083,85,113,-28
124000084,102,352,-250
124000085,151,34,117
124000086,50,57,-7
124000087,132,69,63
124000088,151,274,-123
124000089,735,259,476
124000090,89,343,-254
124000091,458,139,319
124000092,109,598,-489
124000093,95,104,-9
124000094,117,380,-263
124000095,91,86,5
124000096,130,166,-36
124000097,106,126,-20
124000098,63,126,-63
124000099,204,100,104
124000100,83,78,5
124000101,50,100,-50
124000102,74,54,20
124000103,103,126,-23
124000104,97,43,54
124000105,86,83,3
124000106,146,49,97
124000107,14,121,-107
124000108,55,29,26
124000109,102,89,13
124000110,287,122,165
124000111,184,120,64
124000112,496,679,-183
124000113,87,95,-8
124000114,221,406,-185
124000115,386,527,-141
124000116,94,143,-49
124000117,48,90,-42
124000118,37,86,-49
124000119,776,363,413
124000120,376,297,79
124000121,1739,848,891
124000122,475,1052,-577
124000123,829,440,389
124000124,402,960,-558
124000125,297,428,-131
124000126,251,590,-339
124000127,704,269,435
124000128,520,716,-196
124000129,1827,1440,387
124000130,654,619,35
124000131,799,507,292
124000132,692,660,32
124000133,674,677,-3
124000134,676,574,102
124000135,1331,1329,2
124000136,763,897,-134
124000137,1107,531,576
124000138,1078,1151,-73
124000139,694,38,656
124000140,33,481,-448
124000141,578,39,539
124000142,45,537,-492
124000143,103,15,88
124000144,13,154,-141
124000145,186,37,149
124000146,58,67,-9
124000148,26,103,-77
124000149,878,436,442
124000150,331,537,-206
124000151,633,202,431
124000152,534,812,-278
124000153,527,594,-67
124000154,373,598,-225
124000155,1146,810,336
124000156,1387,829,558
124000169,158,264,-106
124000170,346,377,-31
124000171,196,173,23
124000172,279,388,-109
124000173,356,183,173
124000174,346,453,-107
124000175,2,82,-80
124000176,44,4,40
124000177,3,34,-31
124000178,41,34,7
124000185,36,17,19
124000186,7,39,-32
124000187,7,70,-63
124000188,48,14,34
124000190,112,60,52
124000191,128,116,12
124000192,1415,252,1163
124000193,264,711,-447
124000194,329,349,-20
124000195,225,515,-290
124000196,1026,936,90
124000197,42,37,5
124000198,18,45,-27
124000201,388,747,-359
124000202,574,302,272
124000203,195,435,-240
124000204,648,113,535
124000205,122,389,-267
124000206,554,224,330
124000207,0,47,-47
124000209,172,260,-88
124000210,351,130,221
124000211,502,1,501
124000212,0,346,-346
124000213,341,244,97
124000214,285,343,-58
124000215,503,59,444
124000216,3,334,-331
124000329,147,1243,-1096
124000338,67,541,-474
124000339,714,95,619
124000341,1226,122,1104
124000344,91,50,41
124000357,1282,2593,-1311
124000358,1258,2090,-832
124000359,831,743,88
124000360,723,542,181
124000361,1301,661,640
124000362,936,1163,-227
124000363,271,385,-114
124000364,594,812,-218
124000365,800,1013,-213
124000366,1569,1207,362
124000367,104,429,-325
124000368,345,269,76
124000369,86,115,-29
124000370,30,366,-336
124000402,16,20,-4
124000403,105,24,81
124000404,10,132,-122
124000405,829,586,243
124000406,596,686,-90
124000407,0,38,-38
124000411,5,238,-233
124000412,451,7,444
124000413,259,22,237
124000414,83,94,-11
124000415,45,95,-50
124000416,112,221,-109
124000417,139,80,59
124000418,120,108,12
124000419,72,96,-24
124000420,66,72,-6
124000421,47,127,-80
124000422,14,16,-2
124000423,159,34,125
124000424,4,128,-124
124000425,165,20,145
124000426,10,135,-125
124000427,157,4,153
124000428,13,35,-22
124000429,53,49,4
124000430,473,337,136
124000431,204,365,-161
124000432,155,586,-431
124000439,34,7,27
124000443,2,52,-50
124000445,695,826,-131
124000446,1438,110,1328
124000447,21,141,-120
124000448,76,11,65
124000449,114,19,95
124000450,31,190,-159
124000451,9,97,-88
124000452,489,92,397
124000453,2242,3298,-1056
124000454,2533,4662,-2129
124000455,5,864,-859
124000456,693,11,682
124000457,10,483,-473
124000458,4,273,-269
124000459,252,11,241
124000460,7,178,-171
124900001,352,313,39
124900002,97,216,-119
124900003,570,266,304
124900004,496,349,147
124900005,224,107,117
124900006,557,302,255
124900008,1181,614,567
124900009,179,218,-39
124900010,126,81,45
124900011,332,127,205
124900012,354,130,224
124900013,488,178,310
124900014,303,105,198
124900015,92,236,-144
124900016,45,67,-22
124900017,675,1380,-705
124900018,248,42,206
124900020,57,55,2
124900021,137,31,106
124900022,215,8,207
124900024,218,13,205
124900026,167,6,161
124900027,102,307,-205
124900028,271,55,216
124900030,1,57,-56
124900031,29,199,-170
124900033,82,183,-101
124900035,121,311,-190
124900036,4,67,-63
124900037,194,200,-6
124900038,191,261,-70
124900039,2,82,-80
124900040,61,52,9
124900041,209,915,-706
124900042,105,26,79
124900043,194,499,-305
124900044,95,3,92
124900045,602,742,-140
124900047,136,128,8
124900050,364,432,-68
124900052,125,294,-169
124900053,137,455,-318
124900054,1777,466,1311
124900055,1,141,-140
124900057,22,469,-447
124900060,38,161,-123
124900061,187,31,156
124900062,123,22,101
124900066,0,11,-11
124900067,38,295,-257
124900068,227,355,-128
124900070,35,22,13
124900072,204,102,102
124900075,289,530,-241
124900076,133,1271,-1138
124900077,95,203,-108
124900078,69,10,59
124900080,306,531,-225
124900081,756,271,485
124900082,295,771,-476
124900083,341,712,-371
124900085,1076,261,815
124900086,45,975,-930
124900087,541,58,483
124900088,496,69,427
124900089,1405,123,1282
124900090,182,180,2
124900091,203,261,-58
124900092,164,188,-24
124900093,238,158,80
124900094,215,202,13
124900095,76,298,-222
124900096,368,181,187
124900097,216,42,174
124900098,120,215,-95
124900099,395,316,79
124900100,237,72,165
124900101,69,276,-207
124900102,171,24,147
124900103,160,183,-23
124900104,106,151,-45
124900105,96,77,19
124900106,289,41,248
124900107,67,9,58
124900108,541,133,408
124900111,5,246,-241
124900112,40,327,-287
124900113,102,275,-173
124900114,162,166,-4
124900115,77,22,55
124900116,115,118,-3
124900117,297,88,209
124900118,194,245,-51
124900119,294,136,158
124900120,77,261,-184
124900121,206,257,-51
124900122,147,239,-92
124900123,481,354,127
124900124,400,475,-75
124900125,485,7,478
124900126,11,467,-456
204000001,74,9,65
204000002,26,5,21
204000003,20,3,17
204000004,4,3,1
204000005,670,605,65
204000006,1184,1246,-62
204000011,12,30,-18
204000012,54,93,-39
204000019,535,454,81
204000020,531,489,42
204000021,1090,634,456
204000022,461,368,93
204000023,444,714,-270
204000031,183,21,162
204000032,665,36,629
204000034,57,136,-79
204000035,1,1,0
204000036,4,15,-11
204000037,4,13,-9
204000038,1,5,-4
204000039,3,15,-12
204000040,3,21,-18
204000041,7,20,-13
204000042,23,2,21
204000043,42,1,41
204000044,55,1,54
204000045,21,2,19
204000046,4,0,4
204000057,3,9,-6
204000062,50,81,-31
204000068,72,241,-169
204000069,76,292,-216
204000070,63,61,2
204000080,48,89,-41
204000085,2269,1698,571
204000086,2520,1938,582
204000087,33,9,24
204000088,11,94,-83
204000090,150,253,-103
204000093,263,80,183
204000096,717,1086,-369
204000097,371,38,333
204000099,940,1325,-385
204000100,1178,1957,-779
204000105,2313,1318,995
204000110,413,857,-444
204000111,454,516,-62
204000112,1067,497,570
204000113,391,522,-131
204000114,602,565,37
204000115,455,302,153
204000116,889,434,455
204000119,1817,2729,-912
204000132,620,326,294
204000133,874,389,485
204000134,234,160,74
204000135,635,83,552
204000136,749,204,545
204000138,379,414,-35
204000140,263,168,95
204000141,146,85,61
204000144,28,11,17
204000145,410,44,366
204000146,27,242,-215
204000147,108,138,-30
204000148,314,40,274
204000154,8,15,-7
204000155,4,1,3
204000177,87,38,49
204000179,1,0,1
204000180,0,2,-2
204000222,0,4,-4
204000235,44,11,33
204000236,58,242,-184
204000238,8,46,-38
204000240,384,142,242
204000263,779,907,-128
204000268,974,747,227
204000308,152,51,101
204000317,74,63,11
204000322,34,29,5
204000323,10,28,-18
204000328,204,109,95
204000329,130,146,-16
204000330,189,109,80
204000331,143,164,-21
204000352,141,2,139
205000001,925,1613,-688
205000013,4,87,-83
205000014,21,71,-50
205000015,26,180,-154
205000016,15,153,-138
205000017,22,72,-50
205000022,395,851,-456
205000025,1496,1145,351
205000029,179,10,169
205000045,150,343,-193
205000046,77,536,-459
205000047,42,385,-343
205000048,327,1233,-906
205000049,188,874,-686
205000050,692,337,355
205000059,0,214,-214
205000060,0,84,-84
205000061,1,50,-49
205000062,1,71,-70
205000063,11,61,-50
205000064,27,94,-67
205000065,33,519,-486
205000066,115,739,-624
205000067,25,873,-848
205000069,175,30,145
205000082,192,151,41
205000110,82,272,-190
205000111,180,272,-92
205000112,151,207,-56
205000113,206,343,-137
205000121,199,55,144
205000123,47,231,-184
205000126,426,122,304
205000127,877,215,662
205000128,582,66,516
205000129,649,84,565
205000130,342,24,318
205000131,173,12,161
205000132,234,1,233
205000133,192,0,192
205000134,254,0,254
205000137,60,168,-108
205000138,154,276,-122
205000139,26,148,-122
205000144,92,81,11
205000145,299,163,136
205000151,131,34,97
205000152,176,27,149
205000153,281,29,252
205000154,79,42,37
205000155,129,11,118
205000207,6,122,-116
205000233,24,0,24
205000234,0,0,0
205000243,0,0,0
205000244,0,1,-1
205000245,15,138,-123
205000249,0,27,-27
205000250,4,0,4
205000264,5,66,-61
206000027,7,5,2
206000028,3,3,0
206000043,11,46,-35
206000053,4,3,1
206000054,0,13,-13
206000055,0,12,-12
206000075,3,15,-12
206000076,25,23,2
206000077,15,9,6
206000078,13,10,3
206000079,10,6,4
206000082,208,44,164
206000100,41,282,-241
206000103,11,12,-1
206000104,11,10,1
206000105,7,18,-11
206000106,7,14,-7
206000125,44,0,44
206000157,46,375,-329
206000170,0,116,-116
206000171,4,121,-117
206000172,8,335,-327
206000173,1,181,-180
206000174,4,55,-51
206000175,7,107,-100
206000176,16,154,-138
206000177,1,121,-120
206000178,2,91,-89
206000179,1,52,-51
206000180,12,87,-75
206000181,3,68,-65
206000182,15,104,-89
206000183,20,307,-287
206000184,5,215,-210
206000185,7,104,-97
206000186,128,728,-600
206000223,3,174,-171
206000226,5,2,3
206000227,17,0,17
206000237,33,242,-209
206000238,26,424,-398
206000239,255,1476,-1221
206000240,2,31,-29
206000241,0,53,-53
206000242,14,178,-164
206000243,5,153,-148
206000244,78,380,-302
206000245,688,63,625
206000246,197,5,192
206000247,183,4,179
206000248,251,15,236
206000252,68,35,33
206000258,36,18,18
206000315,34,10,24
206000317,400,93,307
206000318,372,53,319
206000319,946,104,842
206000320,127,41,86
206000321,151,7,144
206000322,317,27,290
206000323,112,13,99
206000324,121,9,112
206000325,122,11,111
206000326,91,11,80
206000327,239,4,235
206000328,155,3,152
206000329,197,7,190
206000330,37,10,27
206000331,116,0,116
206000332,48,5,43
206000333,478,0,478
206000334,176,2,174
206000335,0,18,-18
206000361,4,140,-136
206000392,2,20,-18
206000405,77,0,77
206000441,13,16,-3
206000498,34,2,32
206000515,101,40,61
206000530,214,60,154
206000531,136,169,-33
206000532,1256,259,997
206000535,229,1192,-963
206000536,22,127,-105
206000537,8,113,-105
206000613,1092,233,859
206000784,326,26,300
207000001,171,606,-435
207000002,105,233,-128
207000003,126,135,-9
207000007,824,215,609
207000008,71,17,54
207000009,51,27,24
207000010,446,379,67
207000012,236,206,30
207000015,244,1058,-814
207000019,176,65,111
207000021,450,159,291
207000022,128,98,30
207000023,182,49,133
207000024,5,11,-6
207000025,15,77,-62
207000026,84,41,43
207000027,22,61,-39
207000028,56,169,-113
207000029,171,391,-220
207000033,217,416,-199
207000034,319,71,248
207000039,281,122,159
207000040,245,94,151
207000041,78,20,58
207000042,167,74,93
207000043,173,154,19
207000051,130,153,-23
207000052,31,127,-96
207000053,413,483,-70
207000054,54,112,-58
207000055,185,123,62
207000056,352,284,68
207000057,155,216,-61
207000058,153,236,-83
207000059,137,472,-335
207000060,79,151,-72
207000061,251,430,-179
207000062,309,50,259
207000063,296,107,189
207000064,278,128,150
207000065,255,238,17
207000066,176,164,12
207000067,50,103,-53
207000068,110,62,48
207000069,584,295,289
207000082,11,234,-223
207000083,81,228,-147
207000084,196,267,-71
207000085,173,25,148
207000086,168,11,157
207000106,32,43,-11
207000107,75,20,55
207000108,54,13,41
207000109,57,10,47
207000110,39,74,-35
207000111,51,85,-34
207000112,115,505,-390
207000114,30,48,-18
207000115,24,73,-49
207000116,29,292,-263
207000117,9,102,-93
207000118,7,74,-67
207000119,40,63,-23
207000123,207,21,186
207000124,48,22,26
207000125,65,74,-9
207000126,41,74,-33
207000134,98,127,-29
207000135,12,187,-175
207000148,57,287,-230
207000149,68,45,23
207000152,112,329,-217
207000153,937,1206,-269
207000154,385,137,248
207000159,123,210,-87
207000160,160,338,-178
207000238,0,209,-209
207000242,4,161,-157
207000248,28,22,6
207000249,128,27,101
207000250,557,61,496
207000251,88,70,18
207000252,65,40,25
207000278,76,95,-19
207000279,32,111,-79
207000280,497,58,439
207000281,135,740,-605
207000282,149,74,75
207000283,86,172,-86
207000284,93,194,-101
207000285,103,78,25
207000291,13,86,-73
207000304,88,63,25
207000306,113,359,-246
207000310,59,75,-16
207000353,301,4,297
207000356,21,24,-3
207000357,38,10,28
207000358,11,13,-2
207000415,2,174,-172
207000416,270,130,140
207000417,75,6,69
207000418,139,113,26
207000438,0,1,-1
207000439,979,670,309
207000446,178,7,171
207000460,32,16,16
207000466,132,125,7
207000467,195,104,91
207000468,67,305,-238
207000476,9,62,-53
207000477,492,79,413
207000478,4,25,-21
207000523,0,15,-15
207000524,96,1,95
207000527,102,151,-49
207000530,449,15,434
207000531,297,8,289
207000532,88,17,71
207000534,433,39,394
207000535,64,317,-253
207000537,22,75,-53
207000540,1,161,-160
207000541,0,267,-267
207000548,8,210,-202
207000549,311,20,291
207000561,143,156,-13
207000562,59,163,-104
207000567,167,199,-32
207000568,175,98,77
207000569,444,521,-77
207000584,310,133,177
207000585,50,322,-272
207000587,144,30,114
207000616,1,133,-132
207000617,84,0,84
207000624,73,49,24
207000631,6,81,-75
208000001,501,778,-277
208000002,669,458,211
208000003,1058,396,662
208000004,1098,646,452
208000005,8,11,-3
208000019,484,889,-405
208000020,139,509,-370
208000021,186,241,-55
208000022,900,459,441
208000028,986,744,242
208000033,706,435,271
208000034,901,881,20
208000037,227,16,211
208000040,146,174,-28
208000041,811,535,276
208000042,1269,628,641
208000047,139,266,-127
208000064,2158,1340,818
208000066,1425,2078,-653
208000070,273,382,-109
208000071,321,827,-506
208000072,332,1220,-888
208000080,293,263,30
208000081,311,126,185
208000082,284,255,29
208000083,126,416,-290
208000084,15,20,-5
208000085,817,638,179
208000086,447,1102,-655
208000087,361,830,-469
208000089,1053,360,693
208000090,956,541,415
208000093,245,185,60
208000094,680,621,59
208000095,362,165,197
208000104,743,969,-226
208000105,500,977,-477
208000114,81,255,-174
208000115,363,264,99
208000116,523,971,-448
208000117,171,195,-24
208000118,66,129,-63
208000155,606,983,-377
208000158,1004,2552,-1548
208000186,3810,4115,-305
208000204,644,1106,-462
208000205,1124,1056,68
208000282,5933,2944,2989
209000004,226,151,75
209000005,73,32,41
209000006,382,147,235
209000007,251,278,-27
209000010,384,116,268
209000011,148,209,-61
209000012,139,135,4
209000013,201,296,-95
209000014,628,874,-246
209000025,288,43,245
209000026,619,150,469
209000027,539,677,-138
209000028,407,541,-134
209000029,601,483,118
209000030,538,1034,-496
209000031,2302,1654,648
209000034,159,194,-35
209000035,112,182,-70
209000036,156,113,43
209000037,228,236,-8
209000038,109,154,-45
209000039,62,168,-106
209000040,128,283,-155
209000041,172,395,-223
209000042,201,393,-192
209000043,450,681,-231
209000044,352,958,-606
209000045,1492,386,1106
209000046,597,440,157
209000047,382,157,225
209000048,518,247,271
209000049,96,91,5
209000050,173,147,26
209000051,292,277,15
209000052,170,264,-94
209000062,30,88,-58
209000063,42,59,-17
209000064,46,64,-18
209000065,46,31,15
209000066,72,40,32
209000067,62,43,19
209000080,23,217,-194
209000082,54,46,8
209000091,43,75,-32
209000093,28,19,9
209000094,217,165,52
209000110,25,98,-73
209000111,329,1019,-690
209000112,683,432,251
209000113,1204,420,784
209000114,490,344,146
209000115,95,157,-62
209000116,577,344,233
209000118,38,30,8
209000119,41,19,22
209000121,156,424,-268
209000135,45,197,-152
209000142,508,1191,-683
209000143,53,62,-9
209000144,43,97,-54
209000229,253,134,119
209000240,44,318,-274
209000259,109,108,1
209000260,53,618,-565
209000261,4,364,-360
209000262,2,273,-271
209000263,0,131,-131
209000264,0,78,-78
209000265,468,2,466
209000266,65,0,65
209000267,807,4,803
209000268,456,54,402
210000037,65,27,38
210000047,68,19,49
210000048,98,12,86
210000049,32,9,23
210000052,59,61,-2
210000053,41,49,-8
210000054,80,64,16
210000070,115,2,113
210000071,87,0,87
210000072,22,0,22
210000073,0,40,-40
210000074,0,110,-110
210000075,1,98,-97
210000076,6,118,-112
210000077,22,40,-18
210000078,41,40,1
210000079,18,13,5
210000080,128,45,83
210000081,127,15,112
210000082,142,2,140
210000083,51,0,51
210000084,37,0,37
210000085,1,46,-45
210000086,1,89,-88
210000099,40,193,-153
210000100,42,181,-139
210000101,71,177,-106
210000105,30,191,-161
210000159,1,156,-155
210000163,104,224,-120
210000164,157,167,-10
210000168,140,42,98
210000187,0,18,-18
210000188,0,22,-22
210000214,57,0,57
210000219,32,36,-4
210000220,59,28,31
210000232,3,20,-17
210000233,37,53,-16
210000234,21,74,-53
210000235,32,73,-41
210000245,0,31,-31
210000246,17,0,17
210000258,14,86,-72
210000259,327,76,251
210000282,112,240,-128
210000285,0,97,-97
210000286,20,131,-111
210000290,4,10,-6
210000295,52,142,-90
210000296,38,24,14
210000320,119,42,77
210000321,122,46,76
210000338,66,47,19
210000339,279,1024,-745
210000340,98,324,-226
210000341,191,214,-23
210000342,176,141,35
210000343,146,172,-26
210000344,221,98,123
210000345,144,163,-19
210000346,63,68,-5
210000347,65,39,26
210000348,80,6,74
210000349,71,19,52
210000350,115,68,47
210000351,127,86,41
210000352,45,43,2
210000353,45,71,-26
210000354,64,85,-21
210000355,44,62,-18
210000356,27,40,-13
210000357,61,29,32
210000358,194,109,85
210000359,75,91,-16
210000360,151,90,61
210000361,143,117,26
210000362,208,151,57
210000363,615,196,419
210000364,108,109,-1
210000365,103,54,49
210000366,116,41,75
210000367,53,21,32
210000368,116,18,98
210000369,13,7,6
210000370,35,24,11
210000372,13,30,-17
210000373,36,15,21
210000374,31,13,18
210000375,31,63,-32
210000376,76,85,-9
210000404,49,105,-56
210000439,29,30,-1
210000472,95,2,93
210000482,60,89,-29
210000564,392,221,171
210000567,3,26,-23
210000568,230,0,230
211000092,62,42,20
211000094,29,14,15
211000169,236,7,229
211000172,13,214,-201
211000209,0,17,-17
211000226,11,24,-13
211000270,31,13,18
211000275,18,14,4
211000276,83,9,74
211000279,11,24,-13
211000281,43,36,7
211000302,21,83,-62
211507980,3,31,-28
211977296,45,11,34
212000003,98,34,64
212000004,38,32,6
212000005,27,30,-3
212000006,51,39,12
212000008,130,165,-35
212000009,28,108,-80
212000012,82,64,18
212000013,30,57,-27
212000014,211,137,74
212000015,322,219,103
212000016,462,446,16
212000027,433,373,60
212000028,273,379,-106
212000029,176,235,-59
212000030,42,19,23
212000031,43,61,-18
212000048,32,140,-108
212000049,23,116,-93
212000050,35,8,27
212000051,144,172,-28
212000052,128,228,-100
212000053,409,556,-147
212000054,188,113,75
212000055,185,171,14
212000056,21,43,-22
212000057,12,14,-2
212000058,152,27,125
212000070,91,173,-82
212000077,115,528,-413
212000099,167,297,-130
212000108,117,119,-2
212000111,151,92,59
212000120,90,77,13
212000138,131,24,107
212000156,4,82,-78
212000158,12,15,-3
212000159,327,57,270
212000160,467,293,174
212000161,45,17,28
212000310,72,11,61
212000311,10,52,-42
212000374,25,14,11
213000001,21,260,-239
213000005,308,105,203
213000006,881,229,652
213000007,136,10,126
213000009,792,478,314
213000010,138,310,-172
213000011,161,101,60
213000012,93,275,-182
213000014,67,9,58
213000015,164,8,156
213000016,318,8,310
213000017,93,0,93
213000018,4,153,-149
213000019,0,151,-151
213000020,119,240,-121
213000021,8,104,-96
213000023,292,148,144
213000033,239,1466,-1227
213000034,776,216,560
213000035,97,202,-105
213000045,124,231,-107
213000046,190,150,40
213000047,711,1113,-402
213000056,70,26,44
213000069,13,0,13
213000073,0,27,-27
213000074,35,339,-304
213000075,502,15,487
213000076,48,2,46
213000085,3,36,-33
213000086,20,179,-159
213000091,137,20,117
213000092,108,13,95
213000099,137,931,-794
213000100,1010,223,787
213000101,270,113,157
213000102,429,241,188
213000103,715,687,28
213000104,52,302,-250
213000105,0,155,-155
213000106,37,97,-60
213000107,198,474,-276
213000108,29,433,-404
213000109,11,267,-256
213000110,12,49,-37
213000111,11,58,-47
213000112,230,81,149
213000115,64,2,62
213000116,51,336,-285
213000117,9,577,-568
213000118,269,198,71
213000119,47,589,-542
213000120,115,369,-254
213000122,138,461,-323
213000123,297,1083,-786
213000124,125,1001,-876
213000125,92,12,80
213000126,44,89,-45
213000127,119,144,-25
213000128,319,956,-637
213000129,235,462,-227
213000130,407,275,132
213000132,237,90,147
213000133,367,81,286
213000134,661,34,627
213000136,404,32,372
213000137,483,89,394
213000139,438,24,414
213000147,57,4,53
213000148,28,16,12
213000149,43,3,40
213000150,1,126,-125
213000151,0,98,-98
213000152,8,79,-71
213000153,2,61,-59
213000154,12,188,-176
213000155,15,172,-157
213000156,117,523,-406
213000157,453,369,84
213000158,251,667,-416
213000159,343,444,-101
213000163,740,61,679
213000165,586,228,358
213000171,55,123,-68
213000172,40,251,-211
213000173,4,92,-88
213000174,0,14,-14
213000175,28,16,12
213000176,10,102,-92
213000177,2,11,-9
213000178,22,0,22
213000179,127,52,75
213000180,159,73,86
213000182,94,4,90
213000184,89,333,-244
213000188,266,94,172
213000189,230,61,169
213000190,818,788,30
213000191,275,359,-84
213000192,261,372,-111
213000193,740,211,529
213000194,4,64,-60
213000195,10,381,-371
213000196,227,1067,-840
213000197,374,485,-111
213000198,62,0,62
213000200,112,886,-774
213000201,67,37,30
213000202,7,475,-468
213000203,2949,487,2462
213000204,541,85,456
213000205,187,71,116
213000206,325,50,275
213000207,155,14,141
213000208,131,1,130
213000209,152,1,151
213000210,360,4,356
213000211,3,31,-28
213000212,21,36,-15
213000213,25,38,-13
213000218,1167,1826,-659
213000219,388,23,365
213000220,371,15,356
213000223,169,227,-58
213000224,34,43,-9
213000225,95,9,86
213000226,71,9,62
213000227,765,208,557
213000228,334,101,233
213000229,449,23,426
213000230,397,31,366
213000232,80,850,-770
213000233,1,26,-25
213000234,5,35,-30
213000293,15,74,-59
213000294,145,12,133
213000295,38,105,-67
213000296,48,24,24
213000297,6,80,-74
213000298,56,88,-32
213000299,81,39,42
213000300,52,6,46
213000303,41,41,0
213000304,3,10,-7
213000305,23,10,13
213000306,67,36,31
213000307,151,68,83
213000308,99,175,-76
213000309,123,71,52
213000310,356,145,211
213000311,374,532,-158
213000315,68,86,-18
213000316,134,53,81
213000322,27,16,11
213000323,13,31,-18
213000340,172,466,-294
213000341,351,127,224
213000346,237,169,68
213000347,640,282,358
213000348,23,71,-48
213000349,24,13,11
213000350,334,853,-519
213000366,91,257,-166
213000367,224,30,194
213000379,104,43,61
213000386,20,243,-223
213000406,89,304,-215
213000417,987,415,572
213000425,83,26,57
213000426,80,24,56
213000427,28,111,-83
213000428,35,135,-100
213000429,14,2,12
213000430,110,524,-414
213000431,268,7,261
213000432,6,95,-89
213000433,25,106,-81
213000434,61,74,-13
213000435,81,78,3
213000439,38,13,25
213000441,0,4,-4
213000443,477,300,177
213000445,1,63,-62
213000446,2,125,-123
213000447,6,39,-33
213000448,3,86,-83
213000449,200,0,200
213000450,14,34,-20
213000451,159,66,93
213000452,9,19,-10
213000453,50,222,-172
213000455,358,3,355
213000456,4,207,-203
213000481,42,10,32
213000482,66,1,65
213000489,338,62,276
213000491,1,155,-154
213000492,198,0,198
213000493,0,60,-60
213000494,106,83,23
213000496,190,113,77
213000497,34,221,-187
213000498,81,111,-30
213000499,137,261,-124
213000500,218,40,178
213000501,118,17,101
213000502,173,63,110
213000503,1,27,-26
213000504,1,44,-43
213000505,3,83,-80
213000506,0,5,-5
213000507,1,91,-90
213900244,29,0,29
213900245,0,24,-24
218000003,20,41,-21
218000004,34,23,11
218000005,38,52,-14
218000006,47,30,17
218000007,12,11,1
218000012,128,180,-52
218000013,112,137,-25
218000014,415,468,-53
218000019,877,638,239
218000020,304,394,-90
218000040,4,1,3
218000046,32,78,-46
218000047,15,117,-102
218000048,40,78,-38
218000049,85,93,-8
218000050,263,242,21
218000051,40,223,-183
218000052,3,74,-71
218000053,5,7,-2
218000054,8,21,-13
218000055,3,8,-5
218000056,11,19,-8
218000057,0,9,-9
218000064,3,5,-2
218000065,79,34,45
218000066,36,51,-15
218000067,22,88,-66
218000068,75,76,-1
218000069,186,121,65
218000070,281,219,62
218000071,148,133,15
218000072,247,179,68
218000078,831,797,34
218000079,68,75,-7
218000080,100,59,41
218000081,276,200,76
218000082,22,86,-64
218000083,63,44,19
218000084,92,102,-10
218000085,119,271,-152
218000086,63,139,-76
218000087,204,140,64
218000090,10,166,-156
218000091,851,474,377
218000092,66,165,-99
218000093,87,46,41
218000094,408,681,-273
218000099,231,705,-474
218000100,242,269,-27
218000101,294,160,134
218000102,348,193,155
218000103,90,107,-17
218000104,85,26,59
218000105,19,15,4
218000106,2,12,-10
218000107,50,63,-13
218000108,7,28,-21
218000112,44,23,21
218000117,55,35,20
218000134,473,492,-19
218000135,18,54,-36
218000136,128,68,60
218000137,182,152,30
218000138,20,92,-72
218000139,145,271,-126
218000140,338,197,141
218000141,53,67,-14
218000142,184,161,23
218000143,56,193,-137
218000144,31,57,-26
218000145,198,256,-58
218000146,63,166,-103
218000151,4,22,-18
218000152,141,44,97
218000170,11,39,-28
218000171,34,14,20
218000172,15,6,9
218000173,49,7,42
218000174,12,4,8
218000176,145,24,121
218000177,260,155,105
218000178,44,159,-115
218000179,104,63,41
218000180,67,30,37
218000181,157,29,128
218000187,10,19,-9
218000188,32,52,-20
218000189,19,43,-24
218000190,6,5,1
218000191,152,62,90
218000192,122,182,-60
218000193,333,296,37
218000194,68,205,-137
218000195,106,40,66
218000196,239,278,-39
218000197,236,278,-42
218000198,36,132,-96
218000199,32,33,-1
218000200,79,31,48
218000201,17,11,6
218000202,70,226,-156
218000207,17,28,-11
218000208,47,19,28
218000211,74,22,52
218000213,56,69,-13
218000214,3,20,-17
218000215,24,38,-14
218000217,4,97,-93
218000218,122,61,61
218000219,34,19,15
218000220,72,289,-217
218000221,575,159,416
218000222,4,21,-17
218000223,23,236,-213
218000224,6,96,-90
218000225,161,16,145
218000226,107,44,63
218000232,45,43,2
218000239,240,19,221
218000240,49,14,35
218000241,69,2,67
218000242,94,1,93
218000243,119,2,117
218000244,79,3,76
218000245,31,5,26
218000246,11,0,11
218000247,3,0,3
218000248,0,17,-17
218000249,1,5,-4
218000250,0,8,-8
218000251,6,14,-8
218000252,2,32,-30
218000253,0,19,-19
218000254,1,11,-10
218000255,5,15,-10
218000256,5,67,-62
218000267,555,904,-349
218000268,9,43,-34
218000269,3,3,0
218000270,94,40,54
218000271,38,52,-14
218000273,14,4,10
218000274,17,1,16
218000275,11,59,-48
218000276,17,41,-24
218000278,28,40,-12
218000279,56,59,-3
218000280,10,30,-20
218000281,23,13,10
218000282,432,349,83
218000284,77,5,72
218000301,66,123,-57
218000302,87,43,44
218000303,37,42,-5
218000316,621,938,-317
218000317,875,1005,-130
218000318,580,858,-278
218000319,896,972,-76
218000320,718,591,127
218000338,75,25,50
218000345,103,60,43
218000346,79,157,-78
218000459,24,198,-174
218000490,62,32,30
218000501,73,26,47
218000502,34,63,-29
218000503,132,14,118
218000504,194,50,144
218000505,61,191,-130
218000506,41,388,-347
218000508,1,8,-7
218000510,193,12,181
218000520,70,112,-42
218000521,13,50,-37
218000522,1,168,-167
218000523,171,2,169
218000524,55,128,-73
218000525,136,11,125
218000526,35,136,-101
218000529,51,149,-98
218000531,12,14,-2
218000532,22,36,-14
218000534,159,22,137
218000537,44,61,-17
218000538,93,125,-32
218000540,124,52,72
218000543,120,31,89
218000544,61,97,-36
218000545,74,47,27
218000546,62,58,4
218000547,85,110,-25
218000548,132,88,44
218000549,436,372,64
218000550,199,237,-38
218000551,130,1104,-974
218000552,442,34,408
218000553,50,108,-58
218000554,80,31,49
218000555,65,41,24
218000556,238,172,66
218000557,234,171,63
218000558,51,2,49
218000559,0,31,-31
218000560,0,26,-26
218000561,41,0,41
218000562,21,167,-146
218000563,181,24,157
218000564,5,104,-99
218000565,181,15,166
218000566,346,29,317
218000567,2,41,-39
218000568,9,1,8
218000569,14,98,-84
218000570,91,6,85
218000571,0,135,-135
218000572,137,1,136
218000573,14,119,-105
218000574,138,54,84
218000575,75,0,75
218000576,1,63,-62
218000577,85,1,84
218000578,0,67,-67
218000579,16,11,5
218000581,0,30,-30
218000582,29,3,26
218000583,0,1,-1
218000584,0,12,-12
218000585,20,4,16
218000586,5,28,-23
218000587,0,3,-3
218000588,2,10,-8
218000589,1,3,-2
218000590,8,0,8
218000591,22,8,14
218000592,43,0,43
218000601,4,1,3
218000602,14,6,8
218000603,0,7,-7
218000604,30,15,15
218000605,1,51,-50
218000606,153,1,152
218000607,7,34,-27
218000608,53,8,45
218000609,6,66,-60
218000610,44,5,39
218000611,17,0,17
218000612,0,18,-18
218000613,25,0,25
218000614,1,35,-34
218000615,129,0,129
218000616,1,76,-75
218000617,22,0,22
218000618,0,27,-27
218000619,13,30,-17
218000620,8,10,-2
218000621,0,2,-2
218000622,0,13,-13
218000623,104,4,100
218000624,13,30,-17
218000625,18,2,16
218000626,1,3,-2
218000628,114,56,58
218000631,54,19,35
218000632,1,103,-102
218000633,140,2,138
218000634,2,7,-5
218000635,14,6,8
218000636,697,929,-232
218000637,820,569,251
218000638,129,35,94
218000639,23,143,-120
218000640,209,30,179
218000641,103,196,-93
218000652,45,58,-13
218000653,109,53,56
218000663,8,292,-284
218000675,122,47,75
218000680,179,396,-217
218000681,481,143,338
218000691,199,234,-35
218000693,221,164,57
218000718,710,1371,-661
218000719,1141,777,364
218000720,26,145,-119
218000721,335,17,318
218001147,5,252,-247
218001214,8,10,-2
218001258,272,9,263
218001329,161,122,39
218001330,183,96,87
218001351,29,30,-1
218001352,17,8,9
218001353,11,35,-24
218001354,17,23,-6
218001355,40,253,-213
218001356,311,44,267
218001357,50,180,-130
218001358,290,17,273
218001361,417,7,410
218001362,2,220,-218
219000001,54,59,-5
219000002,39,65,-26
219000003,64,30,34
219000004,55,39,16
219000017,110,31,79
219000020,108,39,69
219000022,106,1,105
219000023,96,0,96
219000029,1,96,-95
219000034,63,23,40
219000039,110,75,35
219000040,33,36,-3
219000041,95,28,67
219000051,0,26,-26
219000052,2,23,-21
219000053,2,105,-103
219000055,196,0,196
219000056,18,0,18
219000057,53,3,50
219000062,27,75,-48
219000063,80,13,67
219000064,0,54,-54
219000110,486,55,431
219000111,153,47,106
219000112,150,70,80
219000113,102,41,61
219000114,217,70,147
219000116,80,49,31
219000117,141,42,99
219000118,118,40,78
219000123,263,81,182
219000124,97,48,49
219000125,20,16,4
219000126,128,116,12
219000127,0,4,-4
219000128,17,92,-75
219000129,34,121,-87
219000130,572,502,70
219000131,655,922,-267
219000133,79,59,20
219000134,16,11,5
219000135,42,50,-8
219000136,90,174,-84
219000138,47,25,22
219000139,39,37,2
219000140,37,3,34
219000141,29,125,-96
219000142,9,97,-88
219000143,15,87,-72
219000145,25,14,11
219000146,6,12,-6
219000147,1,29,-28
219000148,8,16,-8
219000149,13,56,-43
219000150,1,60,-59
219000151,2,25,-23
219000157,215,145,70
219000158,192,221,-29
219000161,126,14,112
219000163,1487,513,974
219000166,149,181,-32
219000167,151,201,-50
219000168,278,151,127
219000174,394,110,284
219000175,57,3,54
219000176,97,3,94
219000177,20,1,19
219000178,25,4,21
219000179,26,7,19
219000180,32,25,7
219000182,165,11,154
219000183,87,16,71
219000184,106,9,97
219000185,12,30,-18
219000186,56,26,30
219000187,22,52,-30
219000189,127,189,-62
219000190,75,243,-168
219000191,997,1228,-231
219000192,194,138,56
219000193,227,142,85
219000195,0,67,-67
219000196,9,98,-89
219000198,18,104,-86
219000199,54,227,-173
219000200,51,168,-117
219000201,75,182,-107
219000203,49,158,-109
219000204,199,189,10
219000205,77,119,-42
219000207,208,185,23
219000209,33,41,-8
219000210,60,64,-4
219000213,13,114,-101
219000239,199,183,16
219000240,171,286,-115
219000241,93,140,-47
219000242,116,150,-34
219000243,71,205,-134
219000244,24,54,-30
219000245,47,56,-9
219000246,51,39,12
219000247,166,34,132
219000248,543,308,235
219000249,137,94,43
219000250,103,91,12
219000251,474,200,274
219000252,187,142,45
219000253,483,117,366
219000255,115,89,26
219000256,177,93,84
219000257,87,0,87
219000262,95,152,-57
219000263,53,142,-89
219000267,0,102,-102
219000268,2,8,-6
219000269,6,8,-2
219000270,13,0,13
219000271,125,1,124
219000278,2,12,-10
219000279,2,4,-2
219000283,0,11,-11
219000295,14,91,-77
219000296,54,397,-343
219000297,17,135,-118
219000298,18,99,-81
219000299,444,54,390
219000300,23,214,-191
219000301,245,304,-59
219000302,44,268,-224
219000307,53,53,0
219000308,60,30,30
219000311,175,49,126
219000312,562,186,376
219000313,350,58,292
219000314,48,364,-316
219000315,276,36,240
219000316,378,52,326
219000317,69,7,62
219000320,2,55,-53
219000321,0,24,-24
219000323,2,61,-59
219000325,3,13,-10
219000326,61,69,-8
219000327,62,26,36
219000328,31,42,-11
219000329,294,126,168
219000330,34,41,-7
219000331,44,32,12
219000332,95,74,21
219000333,17,5,12
219000335,52,0,52
219000337,8,1,7
219000338,41,2,39
219000344,20,71,-51
219000345,49,105,-56
219000346,25,114,-89
219000348,160,101,59
219000349,47,152,-105
219000350,155,179,-24
219000351,16,0,16
219000352,506,57,449
219000353,93,47,46
219000354,123,92,31
219000355,146,88,58
219000356,1134,1314,-180
219000363,199,61,138
219000364,88,48,40
219000365,125,20,105
219000366,225,311,-86
219000368,314,568,-254
219000370,1159,463,696
219000371,9,30,-21
219000382,21,28,-7
219000383,747,904,-157
219000385,367,338,29
219000386,675,1249,-574
219000387,9,12,-3
219000390,14,1,13
219000391,4,2,2
219000397,58,52,6
219000398,87,49,38
219000401,13,101,-88
219000402,34,98,-64
219000403,191,359,-168
219000404,38,134,-96
219000407,5,33,-28
219000409,43,52,-9
219000410,62,40,22
219000411,68,18,50
219000446,159,307,-148
219000447,9,15,-6
219000448,12,2,10
219000452,119,81,38
219000453,108,115,-7
219000454,167,240,-73
219000556,213,64,149
219000558,156,167,-11
219000590,28,130,-102
219000591,69,73,-4
219000592,71,297,-226
219000595,4,8,-4
219000635,135,30,105
219000636,13,95,-82
219000657,41,15,26
219000658,45,63,-18
219000673,1,24,-23
219000676,12,2,10
219000679,35,5,30
219000684,90,5,85
219000685,2,51,-49
219000686,2,1,1
219000688,0,64,-64
219000689,16,177,-161
219000690,101,21,80
219000691,48,135,-87
219000692,147,26,121
219000693,0,18,-18
219000694,0,0,0
219000695,13,2,11
219000698,11,0,11
219000699,1,5,-4
219000727,1,108,-107
219000728,111,3,108
219000770,28,0,28
219000771,1,48,-47
219000788,461,314,147
219001150,0,27,-27
219001151,0,1,-1
219001166,52,22,30
219001167,4,75,-71
219001178,40,0,40
220000001,39,46,-7
220000002,13,80,-67
220000003,371,233,138
220000004,416,401,15
220000005,1335,1560,-225
220000006,265,769,-504
220000007,411,542,-131
220000008,371,801,-430
220000009,259,342,-83
220000010,206,115,91
220000011,423,2666,-2243
220000012,80,232,-152
220000014,132,53,79
220000015,54,203,-149
220000017,50,148,-98
220000018,2969,939,2030
220000019,57,222,-165
220000020,315,243,72
220000021,652,174,478
220000022,706,462,244
220000023,313,198,115
220000024,1404,360,1044
220000025,545,800,-255
220000026,335,267,68
220000027,31,68,-37
220000028,56,33,23
220000029,68,116,-48
220000030,79,55,24
220000031,344,285,59
220000064,17,702,-685
221000046,5,0,5
221000047,0,7,-7
221000048,0,3,-3
221000049,0,8,-8
221000050,12,0,12
221000055,34,44,-10
221000057,69,12,57
221000068,225,117,108
221000069,214,62,152
221000070,166,25,141
221000071,48,8,40
221000072,101,12,89
221000073,121,28,93
221000074,1,11,-10
221000075,13,21,-8
221000076,6,39,-33
221000077,12,83,-71
221000081,27,5,22
221000082,66,7,59
221000083,62,0,62
221000084,3,3,0
221000085,10,39,-29
221000086,16,91,-75
221000087,9,115,-106
221000088,12,146,-134
221000089,29,201,-172
221000090,140,393,-253
221000098,82,12,70
221000099,135,14,121
221000100,98,5,93
221000101,193,22,171
221000102,91,6,85
221000109,1,60,-59
221000110,9,95,-86
221000111,28,167,-139
221000112,11,115,-104
221000113,18,139,-121
221000114,14,134,-120
221000120,38,18,20
221000121,9,33,-24
221000122,23,28,-5
221000123,27,23,4
221000124,31,121,-90
221000155,54,12,42
221000156,50,29,21
221000175,5,3,2
221000176,6,3,3
221000182,58,2,56
221000241,644,236,408
221000242,109,447,-338
221000243,533,128,405
221000244,231,410,-179
221000245,98,86,12
221000246,53,208,-155
221000247,86,107,-21
221000248,113,127,-14
221000267,65,450,-385
221000325,114,36,78
221000331,4,46,-42
221000338,1,11,-10
221000378,110,23,87
221000381,43,46,-3
222000282,4,0,4
222000296,0,16,-16
222000568,241,17,224
222000569,137,32,105
222000570,86,22,64
222000571,154,17,137
222000577,5,122,-117
222000578,41,144,-103
222000579,37,143,-106
222000580,86,727,-641
222000599,0,95,-95
222000600,2,209,-207
222000601,8,733,-725
222000603,12,37,-25
222000604,6,21,-15
222000605,17,13,4
222000606,1,11,-10
222000607,2,4,-2
222000608,33,17,16
222000609,71,206,-135
222000616,259,49,210
222000617,15,19,-4
222000618,13,3,10
222000620,11,12,-1
222000621,83,15,68
222000623,516,1,515
222000624,326,5,321
222000625,404,16,388
222000636,40,1,39
222000686,26,10,16
222000687,37,17,20
222001066,134,1,133
222001067,7,2,5
222001068,28,20,8
222001069,24,9,15
222001082,6,34,-28
222001083,6,24,-18
222001084,0,40,-40
222001085,2,60,-58
222001111,28,108,-80
222001112,71,17,54
222001313,43,6,37
222001314,8,93,-85
222001464,162,48,114
222001465,20,116,-96
222001484,97,39,58
222001485,14,50,-36
222001494,339,118,221
222001495,153,249,-96
222001496,250,73,177
222001497,116,373,-257
222001502,11,64,-53
222001503,71,20,51
222001504,16,220,-204
222001505,210,10,200
222001506,38,328,-290
222001507,243,21,222
222001510,289,24,265
222001511,54,259,-205
222001514,488,154,334
222001515,218,476,-258
222001518,215,36,179
222001519,54,207,-153
222001527,169,62,107
222001528,64,147,-83
222001529,159,34,125
222001530,47,161,-114
222001533,126,198,-72
222001534,187,66,121
222001535,212,230,-18
222001536,78,212,-134
222001537,255,42,213
222001538,75,350,-275
222001563,473,86,387
222001564,65,467,-402
222001568,281,105,176
222001576,0,1,-1
222001579,1,14,-13
222001583,25,107,-82
222001584,76,41,35
222001596,503,861,-358
222001597,1260,296,964
222001626,1,106,-105
222001650,38,77,-39
222001651,67,120,-53
222001914,141,56,85
222001915,52,208,-156
222001968,438,262,176
222001969,441,578,-137
222001970,123,161,-38
222001971,8,5,3
222001972,1,15,-14
225000001,419,114,305
225000002,458,112,346
225000003,535,74,461
225000004,299,157,142
225000005,68,45,23
225000006,1,167,-166
225000007,1158,1162,-4
225000010,271,11,260
225000011,236,885,-649
225000012,163,436,-273
225000013,110,81,29
225000014,663,76,587
225000015,91,165,-74
225000021,470,148,322
225000027,208,399,-191
225000032,536,111,425
225000042,85,453,-368
225000049,39,47,-8
225000050,63,18,45
225000053,6,239,-233
225000058,554,139,415
225000067,146,108,38
225000068,88,229,-141
225000069,145,303,-158
225000070,67,253,-186
225000071,28,127,-99
225000075,21,613,-592
225000076,73,88,-15
225000078,44,43,1
225000085,41,142,-101
225000086,195,64,131
225000087,161,17,144
225000088,8,179,-171
225000089,265,887,-622
225000090,53,364,-311
225000091,185,136,49
225000092,41,83,-42
225000093,125,202,-77
225000094,20,222,-202
225000095,296,318,-22
225000096,329,354,-25
225000098,459,327,132
225000099,262,181,81
225000100,305,131,174
225000104,109,423,-314
225000110,6,304,-298
225000111,200,807,-607
225000112,258,863,-605
225000113,122,498,-376
225000114,51,230,-179
225000115,1398,478,920
225000116,821,192,629
225000117,692,253,439
225000118,743,202,541
225000119,184,55,129
225000120,554,28,526
225000121,343,16,327
225000123,601,18,583
225000125,290,135,155
225000126,593,161,432
225000127,574,717,-143
225000128,469,511,-42
225000132,233,28,205
225000133,147,30,117
225000134,450,147,303
225000135,42,11,31
225000136,260,20,240
225000137,173,55,118
225000138,302,69,233
225000143,55,164,-109
225000144,5,284,-279
225000145,40,29,11
225000146,37,99,-62
225000147,24,196,-172
225000148,7,192,-185
225000149,64,406,-342
225000151,35,141,-106
225000155,496,403,93
225000156,162,697,-535
225000157,185,316,-131
225000158,75,269,-194
225000171,4,142,-138
225000180,49,20,29
225000181,0,52,-52
225000182,89,28,61
225000185,20,372,-352
225000187,26,275,-249
225000191,95,4,91
225000194,0,12,-12
225000208,0,34,-34
225000209,76,14,62
225000210,9,141,-132
225000217,0,16,-16
225000218,14,1,13
225000223,0,44,-44
225000224,91,1,90
225000225,0,30,-30
225000226,38,0,38
225000227,35,84,-49
225000228,12,14,-2
225000229,0,108,-108
225000230,18,0,18
225000231,1,104,-103
225000232,124,0,124
225000241,71,0,71
225000242,0,53,-53
225000249,9,0,9
225000250,31,639,-608
225000251,285,22,263
226000042,243,430,-187
226000043,66,261,-195
226000044,140,493,-353
226000045,43,304,-261
226000046,307,84,223
226000047,372,104,268
226000048,293,83,210
226000049,293,142,151
226000070,0,26,-26
226000071,1,69,-68
226000072,0,16,-16
226000073,0,7,-7
226000074,0,4,-4
226000084,2,43,-41
226000085,2,10,-8
226000086,7,6,1
226000087,6,8,-2
226000088,47,17,30
226000090,178,70,108
226000091,13,31,-18
226000092,9,7,2
226000093,29,0,29
226000094,13,6,7
226000095,36,19,17
226000105,11,1,10
226000106,6,0,6
226000107,5,0,5
226000108,30,0,30
226000109,71,0,71
226000124,101,66,35
226000134,491,417,74
226000135,885,500,385
226000136,359,307,52
226000137,10,313,-303
226000138,13,204,-191
226000139,7,10,-3
226000156,124,2,122
226000157,128,7,121
226000163,83,136,-53
226000202,12,209,-197
226000231,373,16,357
226000232,36,1,35
227000037,257,27,230
227000038,285,44,241
227000049,0,16,-16
227000050,0,41,-41
227000055,89,2,87
227000056,17,0,17
227000084,1,77,-76
227000085,0,34,-34
227000088,48,0,48
227000089,147,2,145
227000090,45,1,44
227000091,13,1,12
227000093,121,0,121
227000094,11,0,11
227000130,29,51,-22
227000131,14,180,-166
227000132,9,178,-169
227000133,18,161,-143
227000134,35,280,-245
227000152,0,7,-7
227000153,0,31,-31
227000155,3,12,-9
227000156,0,13,-13
227000165,5,25,-20
227000196,36,267,-231
227000199,272,31,241
227000230,23,352,-329
227000232,243,21,222
227000241,283,34,249
227000242,50,384,-334
227000243,344,117,227
227000244,275,81,194
227000245,10,223,-213
227000246,60,450,-390
227000247,267,84,183
227000248,177,26,151
227000249,41,172,-131
227000251,124,206,-82
227000252,22,257,-235
227000253,95,31,64
227000262,283,37,246
227000266,642,20,622
227000267,21,908,-887
227000486,400,164,236
227000655,253,10,243
227000661,69,18,51
227000680,183,39,144
229000265,12,20,-8
229000296,6,7,-1
229000297,3,27,-24
229000298,4,101,-97
229000320,8,7,1
229000321,9,2,7
229000412,20,42,-22
229000414,11,22,-11
229000415,31,3,28
229000416,1,3,-2
229000417,1,12,-11
229000419,76,172,-96
229000440,231,56,175
229000442,14,1,13
229000443,11,4,7
229000444,3,12,-9
229000445,64,7,57
229000446,45,15,30
229000847,35,0,35
229000848,18,0,18
229000849,40,2,38
229000851,13,0,13
229000854,0,33,-33
229000856,0,87,-87
229000857,0,24,-24
229000858,1,46,-45
229000919,7,92,-85
229000930,3,186,-183
229000937,112,8,104
229000966,58,19,39
229000981,30,43,-13
229000985,3,11,-8
229000986,0,3,-3
229000987,0,1,-1
229000988,0,8,-8
229000989,3,5,-2
229000990,2,0,2
229000991,0,0,0
229000992,10,3,7
229000993,114,27,87
229000998,7,38,-31
229000999,49,16,33
229001034,1,5,-4
229001035,8,1,7
229001037,30,6,24
229001042,14,12,2
229001047,3,35,-32
229001050,52,44,8
229001200,15,1,14
229001338,16,15,1
229001394,183,2,181
229001422,105,18,87
229001423,18,155,-137
229001431,46,67,-21
229001432,57,82,-25
229001444,131,43,88
229001445,9,124,-115
229001503,163,131,32
229001504,215,162,53
229001505,111,57,54
229001506,43,139,-96
229001509,58,22,36
229001545,76,7,69
229001546,9,105,-96
229001553,79,20,59
229001554,33,78,-45
229001559,0,2,-2
229001560,0,24,-24
229001630,38,11,27
229001631,10,27,-17
229001635,2,5,-3
229001636,16,0,16
229001658,0,83,-83
229001659,41,1,40
229001660,6,2,4
229001661,8,17,-9
229001662,13,1,12
229001663,0,27,-27
229002584,99,96,3
229002831,120,91,29
229002841,8,15,-7
229002842,8,14,-6
229002843,61,11,50
229002844,38,39,-1
229002845,33,55,-22
229002846,16,9,7
229002847,0,8,-8
229002848,24,11,13
229002849,0,52,-52
229002850,9,2,7
229002851,36,76,-40
229002852,164,13,151
229002853,89,18,71
229002854,22,33,-11
229002855,17,14,3
229002856,27,32,-5
229002857,3,63,-60
229002858,13,9,4
229002859,23,39,-16
229002860,245,12,233
229002861,43,26,17
229002862,34,11,23
229002863,6,5,1
229002864,34,20,14
229002865,26,10,16
229002866,20,14,6
229002867,2,14,-12
229002868,6,9,-3
229002869,16,98,-82
229002870,40,11,29
235000066,343,55,288
235000067,128,69,59
235000072,27,69,-42
235000073,67,249,-182
235000074,36,68,-32
235000080,28,89,-61
235000081,91,95,-4
235000082,185,49,136
235000083,156,82,74
235000084,36,63,-27
235000085,128,54,74
235000089,27,27,0
235000092,20,141,-121
235000093,10,6,4
235000097,7,13,-6
235000098,46,21,25
235000099,35,20,15
235000116,52,14,38
235000117,482,4,478
235000133,7,350,-343
235000134,13,152,-139
235000206,8,2,6
235000207,1,1,0
235000208,9,2,7
235000209,2,2,0
235000210,3,0,3
235000212,6,18,-12
235000213,0,10,-10
235000220,3,5,-2
235000221,49,7,42
235000238,11,60,-49
235000239,2,12,-10
235000242,222,378,-156
235000245,497,192,305
235000246,5,46,-41
235000284,5,108,-103
235000295,125,7,118
235000305,321,20,301
235000306,168,8,160
235000307,19,1,18
235000308,16,0,16
235000309,36,0,36
235000310,21,0,21
235000311,86,11,75
235000322,0,13,-13
235000323,0,58,-58
235000324,1,21,-20
235000325,0,12,-12
235000326,2,188,-186
235000351,7,48,-41
235000352,10,30,-20
235000353,1,15,-14
235000354,4,21,-17
235000355,3,37,-34
235000356,116,11,105
235000357,21,6,15
235000358,138,11,127
235000359,10,4,6
235000360,56,14,42
235000361,53,8,45
235000381,60,142,-82
235000382,135,22,113
235000390,15,3,12
235000391,188,16,172
235000392,149,219,-70
235000393,74,141,-67
235000395,105,48,57
235000396,410,58,352
235000400,61,71,-10
235000401,14,83,-69
235000405,97,177,-80
235000406,61,196,-135
235000407,62,68,-6
235000409,103,128,-25
235000410,54,231,-177
235000411,1,57,-56
235000485,0,8,-8
235000486,3,0,3
235000549,55,75,-20
235000550,77,110,-33
235000599,61,33,28
235000600,15,10,5
235000601,24,20,4
235000602,47,68,-21
235000614,0,3,-3
235000648,1,9,-8
235000649,36,5,31
235000685,0,3,-3
235000815,17,24,-7
235000834,0,6,-6
235000855,42,75,-33
235000862,57,136,-79
235000891,0,7,-7
235000892,12,2,10
235000901,34,78,-44
235000907,7,7,0
235001010,55,80,-25
235001029,359,379,-20
235001030,303,259,44
235001078,111,119,-8
235001079,43,67,-24
235001147,23,24,-1
235001166,4,48,-44
235001167,57,20,37
235001169,17,249,-232
235001188,0,7,-7
235001189,5,0,5
235001197,10,24,-14
235001200,47,28,19
235001207,227,47,180
235001210,88,138,-50
235001215,29,118,-89
235001239,2,60,-58
235001244,0,3,-3
235016267,0,15,-15
277102712,0,0,0
277103813,0,0,0
277104249,0,1,-1
277104250,0,1,-1
277104251,0,8,-8
277104252,0,6,-6
990011530,1,164,-163
990014944,0,367,-367
990015176,14,3,11
990016032,1,155,-154
990032570,1,24,-23
990070001,63,1,62
990070103,0,3,-3
990070601,1,26,-25
990070751,553,2,551
990070766,2,340,-338
990071180,326,147,179
990071343,22,1,21
990071387,0,14,-14
990071823,15,0,15
990072600,1,597,-596
990072964,1,226,-225
990073285,0,0,0
990074393,0,575,-575
990074870,1214,4,1210
990075106,1317,4,1313
990075746,336,8,328
990076437,839,4,835
990076458,1,577,-576
997000007,528,6,522
997000041,0,129,-129
997000058,35,0,35
997000062,27,2,25
997000069,0,0,0
997000070,0,24,-24
997000100,33,14,19
997000141,5,1219,-1214
997000198,238,997,-759
998000475,0,42,-42
998000736,0,144,-144
998000965,0,9,-9
998001031,0,80,-80
998001700,0,10,-10
998001899,0,0,0
998001900,6,1,5
998003073,592,18,574
998101900,0,0,0
998102850,1,144,-143
998501927,962,640,322
998501929,77,18,59
998501930,41,20,21
998501931,117,25,92
998501932,6,1,5
998501933,94,37,57
998501937,14,0,14
998501944,1,2,-1
998501950,0,1,-1
998501970,25,3,22
998501971,1,61,-60
998501973,0,22,-22
998501974,2,187,-185
998501975,54,2,52
998501976,131,2,129
998501977,1,19,-18
998501978,21,2,19
998501979,0,12,-12
998501980,37,1,36
998501981,25,8,17
998501982,0,65,-65
998501983,0,0,0
998502006,0,0,0
998502032,0,1,-1
998502062,14,0,14
998502063,0,0,0
998502173,49,1,48
998502269,0,6,-6
998502546,1,87,-86
998502578,3,1,2
998502599,11,205,-194
998502621,0,2,-2
998601159,0,102,-102
998601292,0,21,-21
999033574,0,406,-406
999800001,32,2,30
999800002,0,27,-27
999800003,3,0,3
999800004,0,6,-6
999800005,0,2,-2
