ID,insum,outsum,diff
100000001,528,701,-173
100000002,4851,800,4051
100000003,5412,2707,2705
100000004,1309,937,372
100000005,2043,3713,-1670
100000006,837,124,713
100000007,3029,690,2339
100000008,194,485,-291
100000009,661,217,444
100000010,69,77,-8
100000011,1033,97,936
100000012,152,638,-486
100000013,32,173,-141
100000014,337,335,2
100000015,2292,2198,94
100000016,1156,1422,-266
100000017,719,840,-121
100000018,1937,582,1355
100000019,4868,2158,2710
100000020,1892,5828,-3936
100000021,5011,2429,2582
100000022,2156,1410,746
100000023,5312,1252,4060
100000025,2424,712,1712
100000028,2055,779,1276
100000029,198,245,-47
100000030,445,54,391
100000031,4013,6519,-2506
100000032,2491,4763,-2272
100000033,1236,2638,-1402
100000034,553,376,177
100000035,2074,1037,1037
100000036,2511,1422,1089
100000037,529,466,63
100000038,1827,954,873
100000039,705,171,534
100000040,179,167,12
100000041,1054,448,606
100000042,1092,366,726
100000043,994,377,617
100000044,437,726,-289
100000045,599,1084,-485
100000046,693,1022,-329
100000047,347,674,-327
100000048,563,609,-46
100000049,1624,2204,-580
100000051,540,939,-399
100000053,154,6,148
100000054,606,50,556
100000055,1759,239,1520
100000056,620,523,97
100000057,1784,719,1065
100000058,896,1114,-218
100000059,11,91,-80
100000060,394,361,33
100000061,2217,508,1709
100000062,2263,528,1735
100000063,624,254,370
100000064,1366,410,956
100000065,501,872,-371
100000066,288,683,-395
100000067,495,831,-336
100000068,596,1527,-931
100000069,433,1615,-1182
100000072,460,1077,-617
100000073,1355,1161,194
100000075,781,303,478
100000076,3964,2952,1012
100000077,507,120,387
100000078,86,47,39
100000079,38,38,0
100000080,29,31,-2
100000081,116,105,11
100000102,3592,1430,2162
100000103,4952,889,4063
100000104,4723,1962,2761
100000105,3350,1020,2330
100000106,2375,1842,533
100000107,640,712,-72
100000108,994,812,182
100000109,4303,1118,3185
100000116,1559,841,718
100000117,77,66,11
100000118,2174,814,1360
100000119,658,564,94
100000121,244,411,-167
100000122,1646,945,701
100000123,3453,4798,-1345
100000124,6455,7030,-575
100000125,3168,959,2209
100000126,1126,332,794
100000127,2353,332,2021
100000128,1843,1264,579
100000129,545,390,155
100000130,260,538,-278
100000131,2663,2956,-293
100000132,1140,2068,-928
100000133,6167,2499,3668
100000135,538,692,-154
100000139,417,187,230
100000140,371,165,206
100000142,274,581,-307
100000143,1606,708,898
100000144,4050,867,3183
100000147,910,2485,-1575
100000150,61,390,-329
100000151,762,857,-95
100000153,419,396,23
100000154,181,84,97
100000155,24,50,-26
100000156,245,143,102
100000157,72,57,15
100000158,189,53,136
100000159,613,498,115
100000165,1631,662,969
100000169,492,411,81
100000174,1271,471,800
100000179,110,526,-416
100000180,2182,774,1408
100000181,537,231,306
100000188,70,232,-162
100000189,867,308,559
100000190,835,457,378
100000191,516,354,162
100000192,56,105,-49
100000193,145,145,0
100000330,1666,822,844
100000355,286,445,-159
100000362,5852,3521,2331
100000363,3134,4631,-1497
100000364,273,155,118
100000365,4151,4173,-22
100000366,6683,2431,4252
100000367,4204,3777,427
100000368,3006,1446,1560
100000369,1267,1829,-562
100000370,163,435,-272
100000376,144,103,41
100000379,5006,1363,3643
100000380,7618,2435,5183
100000384,5703,3886,1817
100000385,5813,3805,2008
100000386,8392,4508,3884
100000387,6521,4182,2339
100000388,7469,5152,2317
100000389,7228,5065,2163
100000390,7656,4484,3172
100000391,5427,5632,-205
100000392,5100,2259,2841
100000393,2608,2718,-110
100000394,9355,4846,4509
100000395,4566,2445,2121
100000396,8840,2354,6486
100000397,5409,3042,2367
100000398,10880,6835,4045
100000413,43,13,30
100000414,630,267,363
100900002,10,36,-26
100900003,248,128,120
100900004,27,520,-493
100900005,121,15,106
100900006,13,106,-93
100900007,600,8,592
100900008,0,301,-301
100900009,56,56,0
100900010,38,81,-43
100900011,86,188,-102
100900012,1,170,-169
100900013,558,6,552
100900014,0,3,-3
100900015,103,97,6
100900016,1,18,-17
100900017,591,42,549
100900018,1,29,-28
100900019,18,71,-53
100900020,537,17,520
100900021,372,2,370
100900022,10,19,-9
100900023,0,18,-18
100900024,891,6,885
100900025,19,1,18
100900026,85,88,-3
100900027,393,2363,-1970
100900028,91,147,-56
100900029,47,10,37
100900030,1,29,-28
100900031,392,13,379
100900032,208,0,208
100900033,158,152,6
100900034,449,5,444
100900035,658,1,657
100900036,17,1,16
100900037,104,205,-101
100900038,174,23,151
100900039,265,636,-371
100900040,311,576,-265
100900041,474,609,-135
100900042,1160,223,937
100900043,0,0,0
100900044,2327,538,1789
100900045,65,3,62
100900046,1154,10,1144
100900047,519,57,462
100900048,167,46,121
100900049,56,177,-121
100900050,2,11,-9
100900051,29,48,-19
100900052,299,34,265
100900053,190,13,177
100900054,26,59,-33
100900055,215,480,-265
100900056,193,268,-75
100900057,443,1316,-873
100900058,260,26,234
100900059,149,18,131
100900060,88,3,85
100900061,384,223,161
100900062,3,30,-27
100900063,128,521,-393
100900064,669,16,653
100900065,105,116,-11
100900066,91,189,-98
100900067,4,5,-1
100900068,80,55,25
100900069,1311,3,1308
100900070,212,5,207
100900071,617,231,386
100900072,0,39,-39
100900073,81,335,-254
100900074,4,15,-11
100900075,1420,279,1141
100900076,14,36,-22
100900077,10,109,-99
100900078,97,394,-297
100900079,3,28,-25
100900080,22,168,-146
100900081,112,169,-57
100900082,103,669,-566
100900083,5,38,-33
100900085,17,57,-40
100900086,214,1084,-870
100900088,102,597,-495
100900089,12,25,-13
100900090,87,303,-216
100900091,4,25,-21
100900092,299,273,26
100900093,164,231,-67
100900094,111,505,-394
100900095,2,22,-20
100900096,22,102,-80
100900097,5,4,1
100900098,7,13,-6
100900099,23,519,-496
100900100,11,258,-247
100900101,292,35,257
100900102,21,46,-25
100900103,9,5,4
100900104,12,134,-122
100900105,15,244,-229
100900106,56,7,49
100900107,1580,537,1043
100900108,3,12,-9
100900109,8,23,-15
100900110,0,0,0
100900111,36,136,-100
100900112,0,7,-7
100900113,20,19,1
100900114,8,24,-16
100900115,1,35,-34
100900116,638,1023,-385
100900117,216,502,-286
100900118,16,47,-31
100900119,20,23,-3
100900120,8,17,-9
100900121,185,666,-481
100900122,102,171,-69
100900123,54,135,-81
100900124,2,9,-7
100900125,10,80,-70
100900126,160,188,-28
100900127,5,16,-11
100900128,76,186,-110
100900129,2,62,-60
100900131,47,206,-159
100900133,57,31,26
100900134,0,11,-11
100900135,3,127,-124
100900137,240,131,109
100900138,457,380,77
100900139,14,5,9
100900140,4,580,-576
100900141,1,271,-270
100900142,2,7,-5
100900143,749,344,405
100900144,11,3,8
100900145,73,165,-92
100900147,11,208,-197
100900148,16,683,-667
100900149,34,90,-56
100900151,89,437,-348
100900152,60,12,48
100900153,8,136,-128
100900154,3,18,-15
100900155,3,2,1
100900156,11,6,5
100900157,6,119,-113
100900159,6,17,-11
100900160,1,5,-4
100900161,67,2,65
100900162,13,274,-261
100900163,193,194,-1
100900164,43,47,-4
100900165,4,41,-37
100900166,24,7,17
100900167,10,68,-58
100900168,27,130,-103
100900169,101,809,-708
100900170,13,6,7
100900171,27,575,-548
100900172,0,7,-7
100900173,5,478,-473
100900174,704,75,629
100900176,1117,131,986
100900177,726,243,483
100900178,424,119,305
100900179,102,102,0
100900180,1,4,-3
100900181,82,69,13
100900182,23,11,12
100900184,3,155,-152
100900186,706,511,195
100900187,15,79,-64
100900188,36,23,13
100900189,594,181,413
100900191,1217,1041,176
100900192,330,225,105
100900195,150,102,48
100900197,0,0,0
100900198,19,276,-257
100900199,0,0,0
100900200,508,293,215
100900201,34,534,-500
100900202,53,1,52
100900203,0,73,-73
100900204,560,175,385
100900205,137,349,-212
100900206,105,51,54
100900207,183,109,74
100900210,70,504,-434
100900211,336,136,200
100900213,52,29,23
100900214,562,130,432
100900215,10,43,-33
100900217,177,92,85
101000001,4246,2469,1777
101000002,3875,3759,116
101000003,704,1877,-1173
101000004,8949,8268,681
101000005,3572,4426,-854
101000006,6117,7238,-1121
101000007,2016,2668,-652
101000009,1830,1644,186
101000010,957,1285,-328
101000011,1602,623,979
101000012,2077,685,1392
101000013,500,896,-396
101000014,536,651,-115
101000015,796,701,95
101000016,521,339,182
101000017,670,456,214
101000018,5000,2231,2769
101000020,4362,981,3381
101000021,1636,351,1285
101000022,217,39,178
101000023,2393,694,1699
101000025,190,407,-217
101000026,639,29,610
101000027,2152,1643,509
101000028,1159,206,953
101000029,128,946,-818
101000030,1772,59,1713
101000031,683,227,456
101000032,10155,2655,7500
101000033,3246,2774,472
101000034,3620,1221,2399
101000035,991,289,702
101000036,1867,623,1244
101000037,4546,1311,3235
101000039,3105,1455,1650
101000040,3555,3008,547
101000041,11339,5738,5601
101000042,771,956,-185
101000043,8531,4847,3684
101000045,1954,731,1223
101000046,3974,756,3218
101000047,2108,1307,801
101000048,758,790,-32
101000049,887,1146,-259
101000050,2079,1106,973
101000051,2091,1593,498
101000052,1828,608,1220
101000053,924,1289,-365
101000054,1367,1237,130
101000055,1243,1246,-3
101000056,48,110,-62
101000057,2257,823,1434
101000058,1633,950,683
101000059,3609,1656,1953
101000060,1592,521,1071
101000061,891,1428,-537
101000062,898,695,203
101000063,760,809,-49
101000064,1541,742,799
101000065,339,404,-65
101000066,743,494,249
101000067,1265,565,700
101000068,395,295,100
101000069,557,73,484
101000070,1401,725,676
101000071,2120,765,1355
101000072,1207,3218,-2011
101000073,719,573,146
101000074,5400,2617,2783
101000075,5362,2455,2907
101000077,983,942,41
101000078,820,1804,-984
101000079,578,367,211
101000080,659,284,375
101000081,1242,1432,-190
101000082,3365,2844,521
101000083,1924,2122,-198
101000084,1254,909,345
101000085,1440,1129,311
101000086,900,1053,-153
101000087,793,1125,-332
101000088,878,998,-120
101000089,731,1371,-640
101000090,1888,1361,527
101000091,276,1152,-876
101000092,669,1134,-465
101000093,1301,706,595
101000094,631,1229,-598
101000095,268,562,-294
101000096,312,556,-244
101000097,1327,322,1005
101000098,687,455,232
101000099,1144,1250,-106
101000100,912,683,229
101000101,416,333,83
101000102,1160,364,796
101000103,943,378,565
101000104,460,462,-2
101000105,1091,359,732
101000106,1007,411,596
101000107,115,342,-227
101000108,981,303,678
101000109,211,53,158
101000110,44,553,-509
101000111,119,219,-100
101000113,163,742,-579
101000114,7380,2454,4926
101000115,104,143,-39
101000116,144,198,-54
101000117,684,211,473
101000119,124,44,80
101000120,196,30,166
101000121,86,19,67
101000122,169,77,92
101000123,101,52,49
101000124,335,140,195
101000125,250,503,-253
101000128,903,220,683
101000130,196,179,17
101000131,601,560,41
101000132,442,1493,-1051
101000135,64,27,37
101000136,561,82,479
101000137,25,237,-212
101000141,1733,2655,-922
101000147,950,471,479
101000148,2431,32,2399
101000149,183,136,47
101000150,82,909,-827
101000151,138,60,78
101000152,302,291,11
101000153,490,351,139
101000154,211,1227,-1016
101000155,201,159,42
101000156,23,267,-244
101000157,35,15,20
101000160,60,61,-1
101000163,234,170,64
101000164,531,389,142
101000165,173,379,-206
101000166,203,309,-106
101000168,817,364,453
101000252,1462,829,633
101000254,527,42,485
101000258,24,13,11
101000261,161,19,142
101000262,1308,1356,-48
101000263,215,565,-350
101000265,78,714,-636
101000266,372,281,91
101000269,67,15,52
101000290,1461,3163,-1702
101000293,34,81,-47
101000294,439,400,39
101000295,153,489,-336
101000301,751,339,412
101000304,2031,2522,-491
101000305,3080,1736,1344
101000328,157,344,-187
101900001,3,52,-49
101900002,0,17,-17
101900003,97,65,32
101900004,9,37,-28
101900005,4203,1295,2908
101900006,850,385,465
101900007,537,137,400
101900008,101,349,-248
101900009,37,533,-496
101900010,921,517,404
101900011,233,1634,-1401
101900012,98,413,-315
101900013,1187,150,1037
101900017,19,107,-88
101900018,1242,205,1037
101900019,255,75,180
101900020,24,58,-34
101900021,0,42,-42
101900022,135,1000,-865
101900023,67,216,-149
101900026,106,27,79
101900027,10,109,-99
102000001,3830,3938,-108
102000002,3023,1289,1734
102000003,3411,6052,-2641
102000004,7395,2819,4576
102000005,1327,2226,-899
102000006,1848,1945,-97
102000007,1634,4796,-3162
102000008,5462,1696,3766
102000009,4953,7183,-2230
102000010,5271,3543,1728
102000011,2803,2281,522
102000012,4095,3768,327
102000018,2899,2750,149
102000019,2399,1750,649
102000026,240,1091,-851
102000029,272,206,66
102000030,104,317,-213
102000031,85,208,-123
102000032,314,401,-87
102000033,207,383,-176
102000034,412,443,-31
102000035,673,622,51
102000036,23,373,-350
102000037,149,104,45
102000038,227,178,49
102000039,283,97,186
102000040,510,150,360
102000041,199,396,-197
102000042,374,229,145
102000043,395,199,196
102000044,1262,456,806
102000045,690,976,-286
102000046,977,637,340
102000047,708,1135,-427
102000048,248,812,-564
102000049,933,747,186
102000050,1060,1135,-75
102000051,325,627,-302
102000052,1205,807,398
102000053,1089,872,217
102000054,605,972,-367
102000055,858,987,-129
102000056,572,1743,-1171
102000057,1404,624,780
102000058,1004,1709,-705
102000059,1598,1433,165
102000060,1162,814,348
102000061,1486,2092,-606
102000062,1475,1017,458
102000063,1083,1508,-425
102000064,580,703,-123
102000065,30,93,-63
102000066,935,1315,-380
102000067,2503,3299,-796
102000068,10893,3312,7581
102000069,92,1881,-1789
102000070,2111,60,2051
102000071,9047,9912,-865
102000072,3269,4874,-1605
102000073,965,492,473
102000074,926,811,115
102000075,149,299,-150
102000076,202,503,-301
102000077,421,1187,-766
102000078,849,979,-130
102000079,123,253,-130
102000080,206,206,0
102000081,371,645,-274
102000082,747,405,342
102000083,457,360,97
102000084,176,355,-179
102000085,1366,1115,251
102000086,796,1299,-503
102000087,848,1670,-822
102000088,241,311,-70
102000089,964,475,489
102000090,480,1147,-667
102000091,1579,440,1139
102000092,290,964,-674
102000093,618,713,-95
102000094,906,689,217
102000095,1013,989,24
102000096,598,770,-172
102000097,799,826,-27
102000098,492,860,-368
102000099,802,678,124
102000100,968,1242,-274
102000101,1527,723,804
102000102,367,2793,-2426
102000103,1470,364,1106
102000104,792,301,491
102000105,232,603,-371
102000106,641,740,-99
102000107,1110,581,529
102000108,513,207,306
102000109,641,568,73
102000110,658,1527,-869
102000111,12,384,-372
102000112,154,85,69
102000113,8,27,-19
102000114,898,339,559
102000115,238,247,-9
102000116,955,300,655
102000117,405,460,-55
102000118,1690,1093,597
102000119,2365,673,1692
102000120,282,401,-119
102000121,894,446,448
102000122,441,786,-345
102000123,1270,916,354
102000124,959,1064,-105
102000125,802,1310,-508
102000126,570,655,-85
102000127,1062,766,296
102000128,690,862,-172
102000129,1399,805,594
102000130,671,574,97
102000131,1414,485,929
102000132,603,517,86
102000133,1226,1945,-719
102000134,551,711,-160
102000135,716,1075,-359
102000136,850,558,292
102000137,788,544,244
102000138,195,328,-133
102000139,137,261,-124
102000140,497,156,341
102000141,165,354,-189
102000142,416,344,72
102000143,95,452,-357
102000144,184,410,-226
102000145,299,455,-156
102000146,277,291,-14
102000147,435,385,50
102000148,164,387,-223
102000149,141,604,-463
102000150,229,180,49
102000151,137,293,-156
102000152,148,148,0
102000153,1034,446,588
102000154,426,776,-350
102000155,134,312,-178
102000156,365,76,289
102000157,169,223,-54
102000158,588,532,56
102000159,1054,373,681
102000161,3713,1825,1888
102000162,175,140,35
102000163,108,507,-399
102000164,1082,958,124
102000165,423,178,245
102000166,147,187,-40
102000167,255,161,94
102000168,228,160,68
102000169,140,682,-542
102000170,655,182,473
102000171,336,79,257
102000172,311,327,-16
102000173,558,273,285
102000174,40,62,-22
102000175,120,111,9
102000176,34,22,12
102000178,394,486,-92
102000179,545,255,290
102000180,574,514,60
102000181,446,630,-184
102000182,445,626,-181
102000183,1439,1794,-355
102000184,1578,787,791
102000185,1981,1397,584
102000186,806,1730,-924
102000187,645,1537,-892
102000188,720,1297,-577
102000189,2348,866,1482
102000190,502,2425,-1923
102000191,1141,592,549
102000192,989,1152,-163
102000193,55,164,-109
102000194,106,133,-27
102000195,441,468,-27
102000196,171,445,-274
102000197,549,392,157
102000198,171,783,-612
102000199,743,328,415
102000200,241,930,-689
102000201,654,458,196
102000202,5,121,-116
102000203,377,255,122
102000204,382,960,-578
102000205,935,539,396
102000206,819,678,141
102000207,1147,413,734
102000208,503,480,23
102000209,59,33,26
102000210,479,460,19
102000211,293,264,29
102000212,269,10,259
102000213,0,308,-308
102000214,208,12,196
102000215,9,399,-390
102000216,47,56,-9
102000217,14,138,-124
102000218,206,110,96
102000219,448,301,147
102000225,731,708,23
102000226,2840,670,2170
102000227,141,2,139
102000228,0,104,-104
102000229,29,36,-7
102000230,235,499,-264
102000231,286,595,-309
102000232,19,279,-260
102000233,316,832,-516
102000234,93,1029,-936
102000236,194,93,101
102000237,887,163,724
102000238,173,266,-93
102000240,774,519,255
102000241,206,91,115
102000243,15,58,-43
102000245,35,92,-57
102000246,21,21,0
102000247,1604,1121,483
102000248,835,936,-101
102000249,141,205,-64
102000250,83,425,-342
102000254,74,350,-276
102000266,51,127,-76
102000271,9,0,9
102000286,401,372,29
102000297,1610,1125,485
102000307,0,2,-2
102000316,312,409,-97
102900001,1136,938,198
102900002,332,48,284
102900003,75,264,-189
102900005,225,331,-106
102900006,379,199,180
102900007,303,20,283
102900008,160,90,70
102900009,471,159,312
102900010,591,486,105
102900011,1907,326,1581
102900012,341,66,275
102900013,20,47,-27
102900015,743,480,263
102900016,68,113,-45
102900017,80,582,-502
102900018,38,110,-72
102900019,446,407,39
102900020,152,49,103
102900021,11,132,-121
102900022,609,121,488
102900023,10,56,-46
102900024,26,49,-23
102900025,218,103,115
102900026,460,1483,-1023
102900027,49,66,-17
102900028,133,725,-592
102900029,133,177,-44
102900030,508,270,238
102900031,145,128,17
102900032,78,91,-13
102900033,76,189,-113
102900034,383,84,299
102900035,187,294,-107
102900036,232,493,-261
102900037,277,608,-331
102900038,379,647,-268
102900039,20,442,-422
102900040,128,241,-113
102900041,88,194,-106
102900042,140,346,-206
102900043,168,279,-111
102900044,492,1902,-1410
102900045,105,528,-423
102900046,103,257,-154
102900047,62,457,-395
102900048,469,617,-148
102900049,76,297,-221
102900050,248,357,-109
102900051,183,189,-6
102900053,405,677,-272
102900054,686,871,-185
102900055,83,141,-58
102900056,125,435,-310
102900057,6,41,-35
102900058,246,57,189
102900059,8,54,-46
102900060,143,358,-215
102900061,100,398,-298
102900062,113,929,-816
102900063,1063,364,699
102900064,117,359,-242
102900065,1547,324,1223
102900066,277,38,239
102900068,81,70,11
102900070,152,454,-302
102900072,21,34,-13
102900073,128,10,118
102900075,83,40,43
102900076,219,88,131
102900077,46,33,13
102900078,33,83,-50
102900079,162,15,147
102900080,351,37,314
102900081,86,274,-188
102900082,5,198,-193
102900083,277,13,264
102900084,2,34,-32
102900085,252,127,125
102900086,17,86,-69
102900087,97,84,13
102900088,52,42,10
102900089,321,123,198
102900090,2,340,-338
102900091,141,1,140
102900092,194,854,-660
102900094,0,78,-78
102900095,78,0,78
102900096,47,26,21
102900097,0,84,-84
103000001,2347,2623,-276
103000002,2405,2482,-77
103000003,3582,2820,762
103000004,860,741,119
103000005,1798,3352,-1554
103000006,556,1477,-921
103000007,396,761,-365
103000008,1074,836,238
103000009,951,904,47
103000010,233,195,38
103000011,1471,1119,352
103000012,1096,1444,-348
103000013,4923,2157,2766
103000014,1137,2726,-1589
103000015,2093,781,1312
103000016,442,1242,-800
103000017,169,381,-212
103000018,801,479,322
103000019,242,257,-15
103000020,2913,1397,1516
103000021,1929,1563,366
103000022,1086,930,156
103000023,516,1803,-1287
103000024,73,205,-132
103000025,88,525,-437
103000026,1250,147,1103
103000027,264,508,-244
103000028,393,354,39
103000029,224,176,48
103000030,1593,644,949
103000031,1323,1944,-621
103000032,1559,1711,-152
103000033,2494,2546,-52
103000034,1664,968,696
103000035,354,1531,-1177
103000036,390,493,-103
103000037,484,370,114
103000038,396,994,-598
103000039,313,523,-210
103000040,358,1132,-774
103000041,1702,2594,-892
103000042,1027,710,317
103000043,502,1277,-775
103000044,120,188,-68
103000046,191,535,-344
103000047,677,669,8
103000048,101,236,-135
103000049,84,157,-73
103000050,632,648,-16
103000051,422,517,-95
103000052,786,390,396
103000053,162,504,-342
103000054,2277,1204,1073
103000055,1772,2158,-386
103000056,594,1951,-1357
103000057,366,334,32
103000058,510,892,-382
103000059,334,849,-515
103000060,1056,652,404
103000061,416,941,-525
103000062,950,608,342
103000063,589,773,-184
103000064,140,263,-123
103000065,4,402,-398
103000066,241,10,231
103000069,308,399,-91
103000070,886,958,-72
103000071,1003,424,579
103000072,106,750,-644
103000073,491,92,399
103000074,517,103,414
103000075,128,643,-515
103000076,238,277,-39
103000077,46,297,-251
103000078,1476,499,977
103000079,1174,631,543
103000080,1149,318,831
103000081,536,991,-455
103000082,438,193,245
103000083,130,337,-207
103000084,160,14,146
103000085,1,127,-126
103000086,962,397,565
103000087,173,551,-378
103000088,499,309,190
103000089,282,554,-272
103000090,1581,677,904
103000091,504,447,57
103000092,290,270,20
103000093,287,424,-137
103000094,171,108,63
103000095,66,414,-348
103000096,534,68,466
103000097,85,648,-563
103000098,1151,167,984
103000099,475,571,-96
103000100,119,856,-737
103000101,863,122,741
103000102,67,601,-534
103000103,548,200,348
103000104,90,116,-26
103000105,96,94,2
103000106,14,90,-76
103000107,204,46,158
103000108,1258,584,674
103000109,322,345,-23
103000110,439,387,52
103000111,519,348,171
103000112,377,169,208
103000113,885,659,226
103000114,2497,382,2115
103000115,366,606,-240
103000116,473,463,10
103000117,249,429,-180
103000118,1164,793,371
103000119,1516,631,885
103000120,153,102,51
103000121,591,707,-116
103000122,626,405,221
103000125,14,336,-322
103000126,429,5,424
103000127,0,167,-167
103000128,146,1,145
103000129,2,141,-139
103000130,40,24,16
103000131,151,70,81
103000132,68,99,-31
103000133,11,64,-53
103000134,627,690,-63
103000135,614,270,344
103000136,659,466,193
103000137,588,596,-8
103000138,798,761,37
103000139,5,53,-48
103000140,134,49,85
103000141,59,117,-58
103000142,155,64,91
103000143,91,211,-120
103000144,156,51,105
103000145,30,24,6
103000150,89,44,45
103000152,379,224,155
103000153,313,187,126
103000156,2,352,-350
103000157,305,3,302
103000159,80,18,62
103000162,152,30,122
103000163,29,33,-4
103000164,44,15,29
103000165,142,349,-207
103000166,202,252,-50
103000167,151,105,46
103000168,77,182,-105
103000169,183,465,-282
103000170,658,446,212
103000171,47,87,-40
103000172,320,394,-74
103000173,322,600,-278
103000174,126,389,-263
103000175,154,349,-195
103000176,809,511,298
103000177,584,477,107
103000178,209,326,-117
103000179,135,48,87
103000183,101,14,87
103000185,78,57,21
103000186,112,180,-68
103000187,314,543,-229
103000188,11,48,-37
103000189,1822,985,837
103000191,332,395,-63
103000292,2742,1275,1467
103000293,896,1765,-869
103000295,94,98,-4
103000296,272,0,272
103000297,4,6,-2
103000504,60,14,46
103000505,7,12,-5
103000506,6,247,-241
103000507,157,4,153
103000508,54,31,23
103000509,301,573,-272
103000514,18,4,14
103900001,5,278,-273
103900002,1361,129,1232
103900003,1268,19,1249
103900004,85,0,85
103900005,4,254,-250
103900006,1,0,1
103900007,25,7,18
103900008,20,0,20
103900009,200,398,-198
103900010,156,318,-162
103900011,226,188,38
103900012,2,25,-23
103900013,32,77,-45
103900014,35,17,18
103900015,28,7,21
103900016,211,177,34
103900017,22,127,-105
103900018,671,209,462
103900019,70,203,-133
103900020,181,298,-117
103900021,652,70,582
103900022,726,554,172
103900023,92,1,91
103900024,95,381,-286
103900025,10,31,-21
103900026,27,0,27
103900027,643,306,337
103900028,17,249,-232
103900029,1008,168,840
103900030,651,42,609
103900031,20,0,20
103900032,71,93,-22
103900033,167,4,163
103900034,11,227,-216
103900035,69,62,7
103900036,38,25,13
103900037,71,34,37
103900038,88,153,-65
103900039,45,399,-354
103900040,15,147,-132
103900041,39,29,10
103900042,45,377,-332
103900043,74,102,-28
103900044,134,281,-147
103900045,222,158,64
103900047,40,17,23
103900048,60,16,44
103900049,200,1168,-968
103900050,4,88,-84
103900051,4,30,-26
103900052,177,542,-365
103900053,164,717,-553
103900054,102,377,-275
103900055,360,179,181
103900056,23,37,-14
103900057,39,231,-192
103900058,165,719,-554
103900059,0,5,-5
103900060,23,226,-203
103900061,101,46,55
103900062,243,122,121
103900063,4,1,3
103900064,70,2,68
103900065,554,368,186
103900066,100,10,90
103900067,160,10,150
103900068,2,0,2
103900069,107,21,86
103900070,122,236,-114
103900071,22,124,-102
103900072,13,267,-254
103900073,35,17,18
103900074,67,96,-29
103900075,151,85,66
103900076,305,672,-367
103900077,69,99,-30
103900078,182,132,50
103900079,87,178,-91
103900080,5,45,-40
103900081,171,63,108
103900082,17,104,-87
103900083,1827,1043,784
103900084,36,127,-91
103900085,45,86,-41
103900086,532,258,274
103900088,335,271,64
103900089,35,138,-103
103900090,5,170,-165
103900091,939,229,710
103900092,963,420,543
103900093,85,267,-182
103900094,12,117,-105
103900095,412,170,242
103900096,23,236,-213
103900097,11,362,-351
103900098,136,79,57
103900099,45,207,-162
103900100,174,423,-249
103900101,38,1048,-1010
103900102,1,15,-14
103900104,3,32,-29
103900105,116,198,-82
103900106,0,44,-44
103900107,126,238,-112
103900108,49,390,-341
103900109,50,91,-41
103900110,206,43,163
103900111,87,553,-466
103900112,15,49,-34
103900113,132,168,-36
103900114,391,291,100
103900115,219,180,39
103900116,5793,2886,2907
103900117,177,86,91
103900119,26,72,-46
103900120,43,91,-48
103900122,82,226,-144
103900123,1736,665,1071
103900124,40,495,-455
103900125,90,84,6
103900126,379,520,-141
103900127,120,548,-428
103900128,67,165,-98
103900131,26,123,-97
103900133,834,44,790
103900134,0,4,-4
103900135,0,8,-8
103900137,1,36,-35
103900138,132,331,-199
103900139,615,1511,-896
103900140,4,93,-89
103900141,258,57,201
103900142,145,184,-39
103900143,36,2,34
103900144,0,40,-40
103900145,148,251,-103
103900146,281,253,28
103900147,420,123,297
103900148,168,213,-45
103900149,226,809,-583
103900150,6629,3435,3194
103900151,43,134,-91
103900152,326,476,-150
103900153,14,1,13
103900154,774,1392,-618
103900155,21,200,-179
103900156,22,191,-169
103900157,22,226,-204
103900158,46,166,-120
103900159,94,102,-8
103900160,77,28,49
103900161,70,153,-83
103900162,64,266,-202
103900163,6,439,-433
103900167,14,69,-55
103900168,103,64,39
103900169,20,46,-26
103900170,2,91,-89
103900171,1,32,-31
103900172,7,20,-13
103900173,2,14,-12
103900174,92,52,40
103900175,42,59,-17
103900176,12,25,-13
103900177,5,61,-56
103900178,46,59,-13
103900179,44,146,-102
103900180,3,89,-86
103900181,64,51,13
103900182,44,13,31
103900184,495,55,440
103900185,214,224,-10
103900187,62,69,-7
103900188,37,14,23
103900189,91,2,89
103900190,85,74,11
103900191,27,25,2
103900192,33,59,-26
103900193,157,104,53
103900194,60,238,-178
103900195,8,64,-56
103900196,13,17,-4
103900197,11,19,-8
103900198,15,40,-25
103900199,142,58,84
103900200,94,126,-32
103900201,99,174,-75
103900202,5,63,-58
103900203,19,16,3
103900204,1,114,-113
103900207,0,117,-117
103900208,70,1,69
103900209,3,80,-77
103900210,47,13,34
103900211,396,420,-24
103900212,69,345,-276
103900213,115,276,-161
103900214,440,186,254
103900215,537,324,213
103900216,10,379,-369
103900217,307,11,296
103900218,49,487,-438
103900219,194,363,-169
103900233,21,0,21
103900235,22,3,19
103900236,17,4,13
103900242,4,44,-40
103900243,18,14,4
103900244,82,181,-99
103900245,72,198,-126
103900246,56,42,14
103900247,17,99,-82
103900248,21,28,-7
103900249,45,44,1
103900250,43,31,12
103900251,4,23,-19
103900253,119,86,33
103900254,26,43,-17
103900255,46,21,25
103900256,35,30,5
103900257,267,268,-1
103900258,65,6,59
103900259,163,1,162
103900261,5,14,-9
103900262,42,5,37
103900263,71,121,-50
103900264,115,45,70
103900265,101,13,88
103900266,2,56,-54
103900267,12,61,-49
103900268,5,98,-93
103900269,138,58,80
103900270,20,133,-113
103900271,8,84,-76
103900272,58,90,-32
103900273,26,88,-62
103900274,55,2,53
103900275,16,4,12
103900276,1,112,-111
103900277,0,100,-100
103900278,7,60,-53
103900279,3,29,-26
103900280,2,160,-158
103900281,76,200,-124
103900282,4,35,-31
103900283,11,14,-3
103900284,7,7,0
103900285,36,16,20
103900286,28,54,-26
103900287,13,12,1
103900288,226,24,202
103900289,98,0,98
103900290,339,25,314
103900291,60,1,59
103900292,18,11,7
103900293,19,23,-4
103900294,5,35,-30
104000001,2069,2047,22
104000002,1548,3018,-1470
104000003,2093,2332,-239
104000004,2788,2854,-66
104000005,1186,1887,-701
104000006,2875,3218,-343
104000007,3936,4044,-108
104000008,277,400,-123
104000009,148,136,12
104000010,121,242,-121
104000011,607,374,233
104000012,173,392,-219
104000013,153,140,13
104000014,242,682,-440
104000015,280,164,116
104000016,466,412,54
104000018,577,170,407
104000019,447,171,276
104000020,189,705,-516
104000021,250,574,-324
104000022,128,222,-94
104000023,613,417,196
104000024,252,361,-109
104000026,67,307,-240
104000027,332,376,-44
104000028,299,248,51
104000029,371,490,-119
104000030,239,277,-38
104000031,895,378,517
104000032,186,320,-134
104000033,534,412,122
104000034,253,361,-108
104000035,676,428,248
104000036,603,585,18
104000037,260,260,0
104000038,375,592,-217
104000039,142,246,-104
104000040,393,379,14
104000041,774,345,429
104000042,250,451,-201
104000043,340,425,-85
104000044,260,665,-405
104000045,1157,1140,17
104000046,1287,1382,-95
104000047,736,1112,-376
104000048,859,1652,-793
104000049,480,332,148
104000050,256,627,-371
104000051,124,651,-527
104000052,1777,1869,-92
104000053,1022,552,470
104000054,338,361,-23
104000055,3549,2303,1246
104000056,1388,366,1022
104000057,222,625,-403
104000058,715,779,-64
104000059,619,1364,-745
104000060,1013,1164,-151
104000061,1376,1040,336
104000062,470,314,156
104000064,558,331,227
104000065,213,483,-270
104000069,1392,889,503
104000070,82,468,-386
104000071,320,605,-285
104000072,760,415,345
104000075,42,291,-249
104000076,533,83,450
104000082,1837,2830,-993
104000083,659,231,428
104000084,143,517,-374
104000085,246,198,48
104000086,197,424,-227
104000087,348,1240,-892
104000090,620,1305,-685
104000092,793,2343,-1550
104000094,745,1620,-875
104000095,1912,1477,435
104000096,1299,371,928
104000097,1527,940,587
104000098,1476,1132,344
104000100,1274,679,595
104000101,1162,2272,-1110
104000106,199,662,-463
104000107,516,414,102
104000108,316,534,-218
104000109,287,83,204
104000110,800,935,-135
104000111,3884,1992,1892
104000112,2133,523,1610
104000116,0,1004,-1004
104000117,123,771,-648
104000118,464,229,235
104000119,467,283,184
104000120,154,766,-612
104000121,193,653,-460
104000122,567,734,-167
104000123,1117,1127,-10
104000124,867,2185,-1318
104000125,3717,3109,608
104000126,315,430,-115
104000127,1457,3118,-1661
104000128,717,429,288
104000129,342,63,279
104000130,12,232,-220
104000131,814,429,385
104000132,1170,605,565
104000133,1181,856,325
104000134,799,1544,-745
104000135,351,1404,-1053
104000136,617,2905,-2288
104000137,1259,281,978
104000138,993,450,543
104000139,6574,2566,4008
104000141,984,1339,-355
104000142,534,762,-228
104000143,524,534,-10
104000144,62,180,-118
104000145,376,220,156
104000146,352,614,-262
104000147,127,353,-226
104000148,196,136,60
104000149,204,337,-133
104000150,757,450,307
104000151,409,488,-79
104000152,424,556,-132
104000153,396,457,-61
104000154,896,631,265
104000155,359,452,-93
104000157,919,1561,-642
104000158,305,340,-35
104000159,645,388,257
104000160,1338,1511,-173
104000161,246,155,91
104000162,77,139,-62
104000165,1333,892,441
104000167,481,711,-230
104000168,540,12,528
104000169,83,64,19
104000170,451,439,12
104000248,228,671,-443
104000251,75,233,-158
104000272,0,0,0
104000273,0,0,0
104000274,0,0,0
104000275,0,0,0
104000279,2994,1599,1395
104000290,175,265,-90
104000291,838,1290,-452
104000293,831,656,175
104000294,12,0,12
104000295,637,800,-163
104000296,360,841,-481
104000297,907,1576,-669
104000298,1865,1045,820
104000299,945,1604,-659
104000302,130,149,-19
104000303,215,203,12
104900001,123,285,-162
104900002,19,108,-89
104900003,23,253,-230
104900004,62,237,-175
104900005,174,134,40
104900006,186,113,73
104900007,242,207,35
104900009,102,299,-197
104900010,45,37,8
104900011,4,3,1
104900012,205,52,153
104900013,129,20,109
104900014,2446,227,2219
104900015,91,13,78
104900016,149,260,-111
104900017,172,160,12
104900018,8,183,-175
104900019,295,1794,-1499
104900020,58,231,-173
104900021,2,258,-256
104900022,8,172,-164
104900023,4,86,-82
104900024,15,131,-116
104900025,58,236,-178
104900026,2,110,-108
104900027,250,213,37
104900028,17,94,-77
104900029,49,105,-56
104900030,411,146,265
104900031,86,243,-157
104900032,37,153,-116
104900033,98,214,-116
104900034,279,138,141
104900035,157,113,44
104900036,146,63,83
104900037,99,241,-142
104900038,472,523,-51
104900039,825,215,610
104900040,255,57,198
104900041,137,142,-5
104900042,122,283,-161
104900043,5,94,-89
104900044,338,175,163
104900045,263,29,234
104900046,143,110,33
104900047,203,114,89
104900048,172,55,117
104900049,21,12,9
104900050,186,87,99
104900051,189,51,138
104900052,22,1,21
104900053,402,76,326
104900054,111,45,66
104900055,80,0,80
104900056,142,17,125
104900057,29,0,29
104900058,772,140,632
104900059,84,16,68
104900061,173,471,-298
104900063,53,156,-103
104900064,0,92,-92
104900065,0,141,-141
104900066,0,186,-186
104900067,0,251,-251
104900068,8,195,-187
104900070,128,212,-84
104900071,0,565,-565
104900072,41,223,-182
104900073,42,205,-163
104900074,48,157,-109
104900075,46,57,-11
104900076,74,214,-140
104900077,1049,119,930
104900078,151,510,-359
104900079,95,355,-260
104900080,85,377,-292
104900082,8,359,-351
104900085,1,181,-180
104900089,109,0,109
104900091,355,549,-194
104900093,148,520,-372
104900097,2542,1705,837
104900098,47,38,9
104900099,40,434,-394
104900100,497,214,283
104900102,16,137,-121
104900103,344,75,269
104900106,51,111,-60
104900107,75,264,-189
104900108,24,234,-210
104900109,73,282,-209
104900110,5,54,-49
104900111,86,79,7
104900112,197,759,-562
104900113,535,308,227
104900114,267,480,-213
104900115,429,373,56
104900116,198,242,-44
104900118,19,83,-64
104900119,1,31,-30
104900120,65,165,-100
104900121,0,72,-72
104900122,3,71,-68
104900123,27,4,23
104900124,25,0,25
104900125,355,128,227
104900126,76,47,29
104900127,37,68,-31
104900128,49,138,-89
104900129,1799,1420,379
105000001,2392,1695,697
105000002,2190,1735,455
105000003,3250,3503,-253
105000004,571,1161,-590
105000005,671,1085,-414
105000006,1069,1512,-443
105000007,1196,1369,-173
105000008,1792,2298,-506
105000009,1460,2692,-1232
105000010,2946,2615,331
105000011,2329,2186,143
105000012,4422,3141,1281
105000013,740,1315,-575
105000014,1327,2218,-891
105000015,7627,8559,-932
105000016,3740,2111,1629
105000017,1969,881,1088
105000018,1258,1421,-163
105000019,1406,869,537
105000020,271,415,-144
105000021,559,132,427
105000022,268,53,215
105000023,414,221,193
105000028,100,161,-61
105000029,599,951,-352
105000030,4374,3095,1279
105000031,6,36,-30
105000033,1371,2062,-691
105000034,176,672,-496
105000037,669,340,329
105000038,1471,1559,-88
105000039,2691,1840,851
105000040,601,927,-326
105000041,398,1231,-833
105000042,2310,1290,1020
105000043,1668,1788,-120
105000044,481,339,142
105000045,328,794,-466
105000046,754,349,405
105000047,386,1334,-948
105000048,620,251,369
105000049,254,691,-437
105000050,643,399,244
105000051,263,586,-323
105000052,476,946,-470
105000053,186,186,0
105000054,417,946,-529
105000055,1071,359,712
105000056,980,2394,-1414
105000057,1104,936,168
105000058,1505,1292,213
105000059,713,632,81
105000060,619,660,-41
105000061,536,544,-8
105000062,1097,994,103
105000063,368,551,-183
105000064,1106,800,306
105000065,494,746,-252
105000066,1250,1645,-395
105000067,1049,664,385
105000068,715,865,-150
105000069,2626,1248,1378
105000070,824,605,219
105000071,373,643,-270
105000072,1085,1955,-870
105000073,678,489,189
105000074,1137,904,233
105000075,766,710,56
105000076,1624,892,732
105000077,2550,875,1675
105000078,1276,1076,200
105000079,1686,2537,-851
105000080,1475,1094,381
105000081,3435,966,2469
105000082,1224,1030,194
105000083,3592,1597,1995
105000084,776,993,-217
105000085,1442,1135,307
105000086,695,1093,-398
105000087,1981,1853,128
105000088,1546,1723,-177
105000089,2951,1846,1105
105000090,957,795,162
105000091,1607,1457,150
105000092,1074,1005,69
105000093,364,202,162
105000094,259,160,99
105000095,137,510,-373
105000096,1234,898,336
105000097,1222,660,562
105000098,1268,592,676
105000099,1593,767,826
105000100,952,1179,-227
105000101,1900,1882,18
105000102,1332,1391,-59
105000103,1336,2043,-707
105000104,1710,921,789
105000105,1120,2050,-930
105000106,1206,1624,-418
105000107,994,964,30
105000108,1093,1625,-532
105000109,1276,1690,-414
105000110,551,827,-276
105000111,608,747,-139
105000112,1108,752,356
105000113,351,698,-347
105000114,3398,1092,2306
105000115,337,1101,-764
105000116,625,489,136
105000117,923,1255,-332
105000118,428,355,73
105000119,519,1041,-522
105000120,889,588,301
105000121,721,1218,-497
105000122,365,595,-230
105000123,1199,1382,-183
105000124,1342,890,452
105000125,825,1984,-1159
105000126,1756,2032,-276
105000127,2105,2138,-33
105000128,477,1297,-820
105000129,782,394,388
105000130,309,1900,-1591
105000131,881,497,384
105000132,663,498,165
105000133,433,968,-535
105000134,464,503,-39
105000135,509,669,-160
105000136,148,417,-269
105000137,401,236,165
105000138,208,422,-214
105000139,1116,1094,22
105000140,264,590,-326
105000141,297,670,-373
105000142,154,527,-373
105000143,238,715,-477
105000144,321,874,-553
105000145,478,419,59
105000146,590,1015,-425
105000147,583,429,154
105000148,1107,682,425
105000149,1777,1927,-150
105000150,1995,1591,404
105000151,407,399,8
105000152,168,608,-440
105000153,580,558,22
105000154,677,737,-60
105000155,372,701,-329
105000156,938,783,155
105000157,845,1702,-857
105000158,1867,765,1102
105000159,292,1137,-845
105000160,1496,639,857
105000161,666,1422,-756
105000162,656,1516,-860
105000163,1270,1106,164
105000164,221,299,-78
105000165,1304,4540,-3236
105000166,6476,685,5791
105000167,2558,1190,1368
105000168,262,758,-496
105000169,436,345,91
105000170,155,1289,-1134
105000171,1095,279,816
105000172,146,43,103
105000173,152,50,102
105000174,60,44,16
105000175,75,130,-55
105000176,173,114,59
105000177,230,168,62
105000178,109,568,-459
105000179,320,134,186
105000180,100,105,-5
105000181,81,344,-263
105000182,28,60,-32
105000183,2804,1767,1037
105000184,1810,951,859
105000185,1389,790,599
105000186,603,853,-250
105000187,789,173,616
105000188,358,79,279
105000189,319,494,-175
105000190,220,363,-143
105000191,415,364,51
105000192,174,55,119
105000193,95,112,-17
105000194,342,76,266
105000195,212,720,-508
105000196,90,185,-95
105000197,261,500,-239
105000198,660,318,342
105000199,408,536,-128
105000200,129,210,-81
105000201,137,22,115
105000203,15,224,-209
105000204,90,84,6
105000205,93,183,-90
105000207,553,179,374
105000208,241,396,-155
105000209,186,319,-133
105000211,202,30,172
105000212,1189,1354,-165
105000213,161,165,-4
105000214,97,246,-149
105000215,233,260,-27
105000216,113,277,-164
105000217,135,291,-156
105000218,881,1144,-263
105000221,204,239,-35
105000222,420,46,374
105000223,253,169,84
105000226,65,312,-247
105000227,55,180,-125
105000228,284,1076,-792
105000229,128,327,-199
105000231,307,269,38
105000233,849,654,195
105000234,500,1245,-745
105000235,335,618,-283
105000237,586,79,507
105000243,43,48,-5
105000248,114,82,32
105000262,293,1311,-1018
105000269,110,197,-87
105000270,345,38,307
105000271,0,244,-244
105000282,143,47,96
105000287,291,114,177
105000288,405,403,2
105000289,2711,1374,1337
105000290,28,8,20
105000402,3505,2347,1158
105000426,522,451,71
105000438,3692,1063,2629
105000440,18,57,-39
105000446,12503,5319,7184
105000447,7306,2861,4445
105000454,235,827,-592
105000455,251,162,89
105000474,21,1,20
105000477,216,425,-209
105000478,1385,2798,-1413
105000479,171,141,30
105000480,7114,3663,3451
105000481,3348,2634,714
105000482,5435,5217,218
105000483,1243,1553,-310
105000484,2894,2870,24
105000485,1405,2099,-694
105000486,4424,2640,1784
105000488,8793,4652,4141
105000489,789,912,-123
105000549,130,119,11
105000550,724,1504,-780
105000551,33,111,-78
105000552,3672,2218,1454
105000555,1842,885,957
105000556,36,38,-2
105000557,52,322,-270
105900001,4,891,-887
105900002,1309,555,754
105900003,28,166,-138
105900004,204,118,86
105900005,5,225,-220
105900006,7,77,-70
105900007,74,8,66
105900008,59,584,-525
105900009,22,13,9
105900011,170,44,126
105900012,363,88,275
105900013,1,15,-14
105900014,2,56,-54
105900015,172,317,-145
105900016,248,543,-295
105900017,959,32,927
105900018,137,224,-87
105900019,57,366,-309
105900020,45,55,-10
105900021,58,166,-108
105900022,230,247,-17
105900023,4,81,-77
105900024,3,77,-74
105900025,101,38,63
105900026,317,26,291
105900027,3768,6485,-2717
105900028,312,178,134
105900029,1402,341,1061
105900030,211,217,-6
105900031,382,165,217
105900032,71,120,-49
105900033,290,128,162
105900034,164,207,-43
105900035,195,162,33
105900036,52,129,-77
105900037,78,70,8
105900038,133,351,-218
105900039,95,135,-40
105900040,51,84,-33
105900041,173,274,-101
105900042,49,125,-76
105900043,1575,37,1538
105900044,5,311,-306
105900045,3,697,-694
105900046,21,233,-212
105900047,10,33,-23
105900048,82,549,-467
105900050,5434,667,4767
105900051,3,957,-954
105900052,388,221,167
105900053,3359,2192,1167
105900054,277,168,109
105900056,575,215,360
105900057,18,99,-81
105900058,7,32,-25
105900059,0,44,-44
106000001,4089,2340,1749
106000002,2595,4909,-2314
106000003,2732,3574,-842
106000004,2096,2945,-849
106000005,2360,5383,-3023
106000006,5672,4658,1014
106000007,461,560,-99
106000008,393,297,96
106000009,436,398,38
106000010,498,605,-107
106000011,706,1033,-327
106000012,723,1384,-661
106000013,1463,1863,-400
106000014,1625,1608,17
106000015,1153,1105,48
106000016,1136,2120,-984
106000017,516,631,-115
106000018,525,520,5
106000019,296,455,-159
106000020,225,458,-233
106000021,256,423,-167
106000022,405,299,106
106000023,559,447,112
106000024,496,756,-260
106000025,130,186,-56
106000026,86,325,-239
106000027,934,1402,-468
106000028,532,537,-5
106000029,675,1093,-418
106000030,622,324,298
106000034,216,667,-451
106000035,1193,1601,-408
106000036,218,367,-149
106000037,1973,1473,500
106000038,414,116,298
106000039,173,84,89
106000040,215,753,-538
106000041,824,432,392
106000043,575,170,405
106000046,345,54,291
106000047,70,384,-314
106000049,824,172,652
106000050,262,801,-539
106000051,502,356,146
106000052,99,617,-518
106000053,233,132,101
106000054,355,440,-85
106000055,754,1042,-288
106000056,261,353,-92
106000057,200,285,-85
106000058,150,226,-76
106000059,264,272,-8
106000060,355,583,-228
106000061,164,493,-329
106000062,155,558,-403
106000063,479,549,-70
106000064,42,410,-368
106000065,313,240,73
106000066,117,345,-228
106000067,319,109,210
106000068,85,625,-540
106000069,174,72,102
106000070,374,806,-432
106000071,778,296,482
106000072,3827,1720,2107
106000073,1965,3067,-1102
106000074,447,779,-332
106000075,324,1214,-890
106000076,1700,2017,-317
106000077,3202,1430,1772
106000078,815,933,-118
106000079,556,1053,-497
106000080,1181,711,470
106000081,616,1110,-494
106000082,2075,896,1179
106000083,348,1420,-1072
106000084,1038,683,355
106000085,1463,1437,26
106000086,578,816,-238
106000087,791,570,221
106000088,368,780,-412
106000089,813,354,459
106000090,239,608,-369
106000091,237,560,-323
106000092,579,277,302
106000093,256,101,155
106000094,121,301,-180
106000095,561,990,-429
106000096,842,672,170
106000097,702,1041,-339
106000098,573,979,-406
106000099,206,768,-562
106000100,870,257,613
106000101,907,592,315
106000102,172,563,-391
106000103,266,548,-282
106000104,732,408,324
106000105,337,757,-420
106000106,426,536,-110
106000107,191,434,-243
106000108,290,413,-123
106000109,159,386,-227
106000110,184,340,-156
106000111,164,545,-381
106000112,175,468,-293
106000113,798,537,261
106000114,526,480,46
106000115,205,564,-359
106000116,201,261,-60
106000117,878,779,99
106000118,981,1288,-307
106000119,1780,1140,640
106000120,667,1115,-448
106000121,236,146,90
106000122,112,306,-194
106000123,324,209,115
106000124,73,293,-220
106000125,45,288,-243
106000126,172,159,13
106000127,520,901,-381
106000128,657,281,376
106000129,787,572,215
106000130,622,763,-141
106000131,133,825,-692
106000132,742,144,598
106000133,2955,1307,1648
106000134,723,1395,-672
106000135,600,1019,-419
106000136,620,756,-136
106000137,99,1211,-1112
106000138,892,79,813
106000139,51,135,-84
106000140,46,88,-42
106000141,109,73,36
106000142,36,92,-56
106000143,65,91,-26
106000144,43,89,-46
106000145,215,263,-48
106000146,242,169,73
106000147,733,812,-79
106000148,962,1098,-136
106000149,404,705,-301
106000150,496,1957,-1461
106000151,4517,740,3777
106000152,1331,1817,-486
106000153,135,1483,-1348
106000154,1294,307,987
106000155,73,226,-153
106000156,459,277,182
106000157,507,1699,-1192
106000158,2766,815,1951
106000159,3611,1512,2099
106000160,328,2321,-1993
106000161,1354,457,897
106000162,166,760,-594
106000163,285,470,-185
106000164,302,375,-73
106000165,178,605,-427
106000166,667,236,431
106000167,355,1165,-810
106000168,332,290,42
106000169,218,647,-429
106000170,484,212,272
106000171,106,970,-864
106000172,2507,968,1539
106000173,923,2666,-1743
106000174,960,364,596
106000175,347,1002,-655
106000176,1226,671,555
106000177,745,2189,-1444
106000178,2678,1613,1065
106000179,1093,2246,-1153
106000180,846,1516,-670
106000181,605,1669,-1064
106000182,911,672,239
106000183,893,673,220
106000184,1868,727,1141
106000185,1346,872,474
106000186,794,132,662
106000187,206,1147,-941
106000188,0,2,-2
106000189,12,45,-33
106000190,11,1,10
106000191,587,187,400
106000192,18,26,-8
106000193,269,212,57
106000194,159,326,-167
106000195,318,103,215
106000196,141,350,-209
106000197,385,235,150
106000198,120,338,-218
106000199,695,771,-76
106000200,260,189,71
106000201,417,2546,-2129
106000202,4603,607,3996
106000203,104,245,-141
106000204,80,7,73
106000205,15,187,-172
106000206,93,4,89
106000207,68,740,-672
106000208,989,141,848
106000209,1031,264,767
106000210,206,1034,-828
106000211,347,1199,-852
106000212,726,355,371
106000213,716,1645,-929
106000214,2439,549,1890
106000215,230,528,-298
106000216,341,339,2
106000217,330,602,-272
106000218,520,417,103
106000219,137,357,-220
106000220,345,283,62
106000221,133,235,-102
106000222,36,111,-75
106000223,102,90,12
106000224,156,271,-115
106000225,86,79,7
106000226,144,284,-140
106000228,35,101,-66
106000229,127,674,-547
106000231,730,142,588
106000232,54,356,-302
106000233,492,126,366
106000234,83,212,-129
106000235,301,75,226
106000236,173,81,92
106000237,14,17,-3
106000238,117,5,112
106000239,6,133,-127
106000240,33,2,31
106000241,16,749,-733
106000242,238,35,203
106000249,59,63,-4
106000250,64,506,-442
106000251,47,51,-4
106000252,16,88,-72
106000253,22,95,-73
106000254,66,55,11
106000255,13,162,-149
106000256,52,94,-42
106000257,96,261,-165
106000258,190,20,170
106000259,4,60,-56
106000260,60,8,52
106000261,5,38,-33
106000262,75,10,65
106000263,4,81,-77
106000264,151,16,135
106000265,5,148,-143
106000266,114,29,85
106000267,8,87,-79
106000268,500,58,442
106000269,69,65,4
106000270,121,452,-331
106000271,62,248,-186
106000272,163,54,109
106000273,4,263,-259
106000274,154,41,113
106000275,90,251,-161
106000276,146,36,110
106000277,136,233,-97
106000278,239,42,197
106000279,33,50,-17
106000280,98,128,-30
106000281,76,57,19
106000282,66,58,8
106000283,119,77,42
106000284,45,97,-52
106000285,111,86,25
106000286,69,134,-65
106000287,71,100,-29
106000288,100,143,-43
106000289,66,47,19
106000290,59,89,-30
106000291,56,101,-45
106000292,96,88,8
106000293,87,88,-1
106000294,133,129,4
106000295,38,35,3
106000296,36,102,-66
106000297,55,229,-174
106000298,140,68,72
106000299,90,130,-40
106000300,54,79,-25
106000301,61,103,-42
106000303,18,74,-56
106000304,40,28,12
106000305,24,38,-14
106000306,19,72,-53
106000307,22,25,-3
106000308,13,79,-66
106000309,9,56,-47
106000310,257,528,-271
106000311,282,123,159
106000312,71,163,-92
106000313,167,216,-49
106000318,171,341,-170
106000319,876,278,598
106000320,6,33,-27
106000321,334,70,264
106000322,132,149,-17
106000324,6,107,-101
106000325,1313,965,348
106000326,842,1957,-1115
106000327,98,136,-38
106000328,19,114,-95
106000329,62,262,-200
106000330,37,52,-15
106000428,61,214,-153
106000429,191,549,-358
106000430,442,1332,-890
106000431,2072,434,1638
106000432,2160,3221,-1061
106000433,2079,1349,730
106000434,2656,1412,1244
106000435,1976,2969,-993
106000436,14,253,-239
106000437,368,29,339
106000438,786,172,614
106000439,51,368,-317
106000440,394,510,-116
106000441,0,0,0
106000442,209,5,204
106000443,86,442,-356
106000450,1,178,-177
106000451,41,65,-24
106000454,10,226,-216
106000455,27,151,-124
106000456,155,32,123
106000457,10,918,-908
106000458,582,177,405
106000459,238,442,-204
106000460,1013,55,958
106000461,74,1399,-1325
106000462,2,35,-33
106000463,5,24,-19
106000464,6,496,-490
106000465,477,5,472
106000466,1,639,-638
106000467,477,570,-93
106000468,65,146,-81
106000469,273,2,271
106000470,260,1569,-1309
106000471,29,536,-507
106000472,114,10,104
106000473,28,27,1
106000474,429,577,-148
106000475,341,245,96
106000476,206,184,22
106000477,48,172,-124
106000480,0,308,-308
106900001,0,11,-11
106900002,0,454,-454
106900003,74,297,-223
106900004,0,33,-33
106900006,0,8,-8
106900007,0,6,-6
106900008,198,172,26
106900009,235,340,-105
106900010,180,279,-99
106900012,1598,963,635
106900013,100,38,62
106900014,38,1,37
106900015,19,2,17
106900016,172,7,165
106900017,9,0,9
106900018,2,0,2
106900019,24,1,23
106900020,1851,887,964
106900021,200,90,110
106900022,385,0,385
106900023,8,223,-215
106900024,169,6,163
106900025,31,366,-335
106900026,1,666,-665
106900027,1237,5,1232
106900028,10,149,-139
106900029,128,12,116
106900030,15,113,-98
107000001,3623,2556,1067
107000002,3768,4825,-1057
107000003,4422,5531,-1109
107000004,5211,5559,-348
107000005,3090,4798,-1708
107000006,3928,5233,-1305
107000007,4463,9239,-4776
107000008,12869,9344,3525
107000009,5261,6226,-965
107000010,10751,10824,-73
107000011,1358,1415,-57
107000012,4185,3218,967
107000013,70,122,-52
107000014,53,320,-267
107000015,566,810,-244
107000016,615,991,-376
107000017,3706,802,2904
107000018,42,299,-257
107000020,2237,390,1847
107000021,1113,630,483
107000022,756,996,-240
107000023,1479,326,1153
107000024,427,1412,-985
107000025,239,414,-175
107000026,186,598,-412
107000027,1249,1099,150
107000028,1129,1718,-589
107000029,2532,2185,347
107000030,2888,3349,-461
107000031,3112,2133,979
107000032,436,983,-547
107000033,3399,4780,-1381
107000034,3580,1919,1661
107000035,404,220,184
107000036,447,1326,-879
107000037,75,813,-738
107000038,282,244,38
107000039,697,644,53
107000040,151,309,-158
107000041,1560,667,893
107000042,672,1582,-910
107000043,2388,880,1508
107000044,537,274,263
107000045,80,256,-176
107000046,582,363,219
107000047,397,771,-374
107000048,493,285,208
107000049,613,792,-179
107000050,993,553,440
107000051,547,325,222
107000052,1029,808,221
107000053,278,170,108
107000054,68,266,-198
107000055,270,139,131
107000056,508,897,-389
107000057,1985,253,1732
107000058,1770,2078,-308
107000059,2352,3593,-1241
107000060,3428,5102,-1674
107000061,5044,3707,1337
107000062,3220,2841,379
107000063,4153,5663,-1510
107000064,3975,2049,1926
107000065,4267,4856,-589
107000066,1664,2324,-660
107000067,833,923,-90
107000068,1409,598,811
107000069,742,496,246
107000070,954,3,951
107000071,2374,34,2340
107000072,55,3245,-3190
107000073,515,291,224
107000074,140,954,-814
107000075,1215,451,764
107000076,688,1542,-854
107000077,2486,1171,1315
107000078,2262,3297,-1035
107000079,1970,829,1141
107000080,1216,3163,-1947
107000081,1262,632,630
107000082,525,2094,-1569
107000083,957,374,583
107000084,376,1934,-1558
107000085,2577,3384,-807
107000086,3637,3749,-112
107000087,2369,2137,232
107000088,2825,3672,-847
107000089,1185,1827,-642
107000090,838,1371,-533
107000091,1024,892,132
107000092,832,1229,-397
107000093,1060,810,250
107000094,1286,1319,-33
107000095,466,652,-186
107000096,641,833,-192
107000097,640,406,234
107000098,658,752,-94
107000099,390,282,108
107000100,229,227,2
107000101,64,201,-137
107000102,407,326,81
107000103,309,237,72
107000104,194,358,-164
107000105,324,131,193
107000106,200,368,-168
107000107,603,225,378
107000108,225,807,-582
107000109,619,250,369
107000110,77,447,-370
107000111,422,82,340
107000112,108,507,-399
107000113,501,141,360
107000114,113,880,-767
107000115,401,139,262
107000116,103,852,-749
107000117,77,569,-492
107000118,172,294,-122
107000119,1445,1377,68
107000120,2165,431,1734
107000121,522,732,-210
107000122,1043,925,118
107000123,313,865,-552
107000124,445,923,-478
107000125,655,742,-87
107000126,767,819,-52
107000129,304,1014,-710
107000130,621,299,322
107000131,449,909,-460
107000132,520,298,222
107000133,856,106,750
107000134,268,4,264
107000135,6,246,-240
107000136,798,7,791
107000137,12,367,-355
107000138,360,26,334
107000139,24,458,-434
107000140,1291,88,1203
107000141,99,869,-770
107000142,527,95,432
107000143,46,767,-721
107000144,401,510,-109
107000145,161,537,-376
107000146,138,382,-244
107000147,4094,1116,2978
107000150,633,2052,-1419
107000151,45,68,-23
107000152,651,985,-334
107000153,310,392,-82
107000154,312,218,94
107000155,735,20,715
107000156,907,35,872
107000157,25,1795,-1770
107000158,555,33,522
107000159,53,1331,-1278
107000160,647,123,524
107000161,72,1556,-1484
107000162,244,424,-180
107000163,143,4,139
107000164,494,2,492
107000165,706,5,701
107000166,53,1094,-1041
107000167,435,235,200
107000168,785,414,371
107000169,983,888,95
107000170,1475,642,833
107000171,497,2105,-1608
107000172,930,1248,-318
107000173,727,1130,-403
107000174,803,3823,-3020
107000175,7226,1769,5457
107000176,2,0,2
107000177,2,4,-2
107000178,4,39,-35
107000179,246,2474,-2228
107000180,940,324,616
107000181,385,1319,-934
107000182,1210,778,432
107000183,106,831,-725
107000184,880,685,195
107000185,419,1250,-831
107000186,851,354,497
107000187,1070,1250,-180
107000188,524,536,-12
107000189,345,968,-623
107000190,523,717,-194
107000191,709,1315,-606
107000192,1357,749,608
107000193,285,472,-187
107000194,893,646,247
107000197,728,204,524
107000198,288,859,-571
107000199,395,847,-452
107000200,876,733,143
107000201,340,171,169
107000202,307,508,-201
107000203,1021,402,619
107000204,1775,491,1284
107000205,1984,881,1103
107000206,833,993,-160
107000207,687,832,-145
107000208,1111,414,697
107000209,2006,987,1019
107000210,698,384,314
107000211,4,35,-31
107000212,7,410,-403
107000213,2,26,-24
107000214,18,177,-159
107000215,341,394,-53
107000216,288,386,-98
107000217,100,76,24
107000219,46,89,-43
107000220,130,194,-64
107000222,226,738,-512
107000224,203,85,118
107000225,110,415,-305
107000226,249,73,176
107000227,92,215,-123
107000228,63,218,-155
107000229,272,137,135
107000230,1011,504,507
107000231,1794,1209,585
107000232,124,70,54
107000233,1422,689,733
107000234,3,32,-29
107000235,59,12,47
107000236,13,441,-428
107000237,8,1,7
107000238,27,1,26
107000239,3883,473,3410
107000240,62,927,-865
107000243,0,67,-67
107000244,7,45,-38
107000246,3,1123,-1120
107000249,4,1086,-1082
107000251,1,238,-237
107000252,5,1012,-1007
107000255,461,69,392
107000257,1,533,-532
107000258,0,134,-134
107000259,9,218,-209
107000260,440,1,439
107000262,8,577,-569
107000263,199,6,193
107000266,5,7,-2
107000267,84,139,-55
107000268,159,126,33
107000269,598,49,549
107000270,1,9,-8
107000271,10,812,-802
107000272,34,187,-153
107000273,1,255,-254
107000274,1116,2,1114
107000275,795,832,-37
107000280,599,34,565
107000281,34,1097,-1063
107000282,24,1045,-1021
107000290,7,20,-13
107000291,28,8,20
107000292,0,47,-47
107000293,112,3,109
107000294,0,32,-32
107000295,36,3,33
107000296,0,17,-17
107000444,242,4,238
107000496,1,31,-30
107000497,1410,2761,-1351
107000500,276,294,-18
107000501,121,157,-36
107000502,264,306,-42
107000505,481,777,-296
107000506,1,9,-8
107000508,10,565,-555
107000509,205,842,-637
107000510,24,19,5
107000514,53,282,-229
107000515,24,194,-170
107000516,262,175,87
107000518,896,1083,-187
107000519,2680,953,1727
107000520,52,19,33
107000521,552,483,69
107000522,812,817,-5
107900001,33,168,-135
107900002,17,6,11
107900003,228,101,127
107900004,0,0,0
107900005,926,2,924
107900006,206,1,205
107900007,233,25,208
107900008,55,38,17
107900009,125,2,123
107900010,13,0,13
107900012,199,7,192
107900013,178,28,150
107900014,30,2,28
107900015,712,5,707
107900016,409,63,346
107900017,12,2,10
107900018,40,103,-63
107900019,12,53,-41
107900020,84,11,73
107900021,58,142,-84
107900023,0,0,0
107900024,1,21,-20
107900025,126,205,-79
107900026,65,91,-26
107900027,49,16,33
107900028,37,56,-19
107900030,144,18,126
107900031,67,140,-73
107900032,17,1,16
107900033,17,6,11
107900034,231,16,215
107900035,652,31,621
107900036,46,6,40
107900037,0,33,-33
107900038,141,139,2
107900039,26,38,-12
107900040,67,64,3
107900041,4,0,4
107900043,45,171,-126
107900044,5,4,1
107900045,63,35,28
107900046,130,127,3
107900047,42,74,-32
107900048,122,4,118
107900049,250,813,-563
107900050,92,336,-244
107900051,85,65,20
107900052,58,10,48
107900053,27,64,-37
107900055,364,137,227
107900056,86,21,65
107900057,2,0,2
107900058,49,635,-586
107900060,43,35,8
107900061,17,7,10
107900063,84,97,-13
107900064,301,74,227
107900065,105,7,98
107900066,7,7,0
107900067,0,0,0
107900068,213,167,46
107900069,48,1461,-1413
107900070,82,24,58
107900071,20,780,-760
107900072,70,161,-91
107900073,82,137,-55
107900074,763,176,587
107900076,89,39,50
107900077,31,0,31
107900079,6,10,-4
107900080,276,203,73
107900081,11,112,-101
107900082,27,19,8
107900083,214,108,106
107900084,96,90,6
107900086,58,115,-57
107900087,527,87,440
107900088,15,13,2
107900089,320,806,-486
107900090,420,2010,-1590
107900091,168,420,-252
107900093,40,63,-23
107900095,3404,1752,1652
107900097,7,35,-28
107900098,43,114,-71
107900100,956,941,15
107900101,1012,209,803
107900102,15,4,11
107900103,43,135,-92
107900104,159,6,153
107900105,2,565,-563
107900106,1,1096,-1095
107900107,679,375,304
107900108,298,101,197
107900109,753,5,748
107900110,33,71,-38
107900111,7,894,-887
107900112,75,316,-241
107900113,142,109,33
107900114,124,156,-32
107900115,0,37,-37
107900116,124,184,-60
107900117,550,373,177
107900118,86,120,-34
107900119,66,149,-83
107900120,14,23,-9
107900121,4,130,-126
107900122,0,41,-41
107900123,1,23,-22
107900124,29,17,12
107900125,23,213,-190
107900126,2,48,-46
107900127,348,254,94
107900128,68,58,10
107900129,51,29,22
107900130,56,29,27
107900131,680,185,495
107900132,119,358,-239
107900133,0,51,-51
107900134,17,24,-7
107900135,3,132,-129
107900136,22,22,0
107900137,92,76,16
107900138,30,28,2
107900139,35,68,-33
107900141,36,28,8
107900142,58,817,-759
107900143,44,40,4
107900144,2,146,-144
107900145,7,75,-68
107900146,50,120,-70
107900147,36,33,3
107900148,102,103,-1
107900149,1146,212,934
107900150,106,759,-653
107900151,18,91,-73
107900152,11,164,-153
107900153,207,194,13
107900154,54,22,32
107900155,33,57,-24
107900156,1,216,-215
107900157,27,54,-27
107900158,596,16,580
107900159,33,745,-712
107900160,68,138,-70
107900161,5,131,-126
107900162,0,20,-20
107900163,69,22,47
107900164,6,30,-24
107900165,15,82,-67
107900166,7,197,-190
107900167,22,8,14
107900168,25,51,-26
107900169,6,176,-170
107900171,4,1559,-1555
107900172,2,318,-316
107900173,8,128,-120
107900174,65,5,60
107900175,14,6,8
107900176,19,53,-34
107900177,1,22,-21
107900178,1,205,-204
107900179,11,146,-135
107900180,690,425,265
107900181,207,241,-34
107900182,1,1366,-1365
107900183,23,232,-209
107900184,67,166,-99
107900185,82,3,79
107900186,19,36,-17
107900187,0,103,-103
107900188,762,115,647
107900189,25,80,-55
107900190,67,95,-28
107900191,36,100,-64
107900193,0,42,-42
107900194,233,4,229
107900195,3206,397,2809
107900196,38,82,-44
107900197,867,278,589
107900199,3,1150,-1147
107900201,76,129,-53
107900203,17,38,-21
107900204,129,149,-20
107900206,1021,108,913
107900207,0,690,-690
107900208,5,684,-679
107900209,341,130,211
107900210,67,98,-31
107900213,272,314,-42
107900214,9,135,-126
107900215,137,237,-100
107900216,103,78,25
107900217,19,70,-51
107900218,18,1233,-1215
107900219,18,89,-71
107900220,191,204,-13
107900221,118,174,-56
107900223,63,546,-483
107900224,118,270,-152
107900225,7,756,-749
107900226,96,106,-10
107900227,116,423,-307
107900228,18,79,-61
107900229,2,233,-231
107900230,19,117,-98
107900231,13,242,-229
107900232,41,129,-88
107900233,6,123,-117
107900234,84,111,-27
107900235,19,79,-60
107900236,77,90,-13
107900237,62,317,-255
107900238,16,96,-80
107900239,899,405,494
107900240,7,114,-107
107900241,17,87,-70
107900242,1,236,-235
107900243,1,60,-59
107900244,184,3,181
107900245,362,48,314
107900246,173,9,164
107900248,162,248,-86
107900249,443,15,428
107900250,2,540,-538
107900251,72,1372,-1300
107900252,604,16,588
107900253,121,5,116
107900254,51,228,-177
107900255,361,84,277
107900256,890,363,527
107900257,125,76,49
107900258,63,236,-173
107900259,69,1406,-1337
107900261,0,290,-290
107900262,38,129,-91
107900264,244,6,238
107900265,98,171,-73
107900267,157,22,135
107900268,23,3,20
107900269,1,4,-3
107900270,0,0,0
107900271,2,10,-8
107900272,97,33,64
107900273,15,69,-54
107900274,27,0,27
107900275,15,1,14
107900276,0,68,-68
107900277,0,174,-174
107900278,213,265,-52
107900279,82,136,-54
107900280,1256,1950,-694
107900281,2211,2042,169
107900282,75,350,-275
107900283,1102,409,693
107900284,470,647,-177
107900285,58,89,-31
107900286,92,78,14
107900287,101,143,-42
107900290,0,91,-91
107900291,328,6,322
107900292,130,247,-117
107900293,92,576,-484
107900295,44,74,-30
107900297,0,232,-232
107900298,893,815,78
107900299,3153,1731,1422
107900301,498,562,-64
107900302,91,34,57
107900303,118,267,-149
107900304,144,429,-285
107900305,201,3,198
107900306,13,12,1
107900307,53,187,-134
107900308,162,57,105
107900309,178,0,178
107900310,301,1,300
107900311,1,74,-73
107900312,84,1,83
107900313,3,85,-82
107900314,4,38,-34
107900315,0,27,-27
107900316,36,0,36
107900317,102,12,90
107900318,9,127,-118
107900319,12,157,-145
107900320,1,169,-168
107900321,91,6,85
107900322,0,160,-160
107900323,4,141,-137
107900324,142,1,141
107900325,84,0,84
107900326,248,311,-63
107900327,4,46,-42
107900328,159,0,159
107900329,297,54,243
107900330,7,458,-451
107900331,167,22,145
107900332,125,31,94
107900333,32,8,24
107900334,2,176,-174
107900335,36,38,-2
107900336,35,44,-9
107900337,1006,474,532
107900338,2,107,-105
107900339,20,35,-15
107900340,1,44,-43
107900341,35,0,35
107900342,144,40,104
107900343,44,2,42
107900344,5,98,-93
107900345,84,24,60
107900346,10,1,9
107900347,14,0,14
107900348,2,1,1
107900349,13,2,11
107900350,15,259,-244
107900351,0,227,-227
107900352,2,53,-51
107900353,9,11,-2
107900354,24,165,-141
108000001,2445,3621,-1176
108000002,2444,3041,-597
108000003,2987,2618,369
108000004,14888,17078,-2190
108000005,6961,4920,2041
108000006,9067,8149,918
108000007,4590,3632,958
108000008,5519,6543,-1024
108000009,3014,3737,-723
108000010,3384,4829,-1445
108000011,9832,10750,-918
108000012,17808,17097,711
108000014,991,523,468
108000015,601,214,387
108000016,241,669,-428
108000017,834,324,510
108000018,1484,469,1015
108000019,1840,603,1237
108000020,1209,482,727
108000021,444,1724,-1280
108000022,436,1359,-923
108000023,978,200,778
108000024,278,565,-287
108000025,297,218,79
108000026,560,546,14
108000027,575,735,-160
108000028,512,309,203
108000029,428,855,-427
108000030,717,204,513
108000031,280,489,-209
108000032,1228,501,727
108000033,767,1309,-542
108000034,1317,474,843
108000035,799,2447,-1648
108000036,313,1241,-928
108000037,1381,359,1022
108000038,1871,440,1431
108000039,485,2351,-1866
108000040,1411,777,634
108000041,679,2449,-1770
108000042,221,232,-11
108000043,217,267,-50
108000044,398,219,179
108000045,211,691,-480
108000046,1037,299,738
108000047,436,1068,-632
108000048,111,405,-294
108000049,604,224,380
108000050,118,749,-631
108000051,265,85,180
108000052,198,778,-580
108000053,324,181,143
108000054,462,944,-482
108000055,994,379,615
108000056,1403,1213,190
108000057,630,904,-274
108000058,1918,3422,-1504
108000059,3420,2141,1279
108000060,173,542,-369
108000061,272,611,-339
108000062,543,508,35
108000063,341,505,-164
108000064,156,266,-110
108000065,573,514,59
108000066,1511,696,815
108000067,1368,425,943
108000068,629,390,239
108000069,257,1013,-756
108000070,1421,710,711
108000071,577,1503,-926
108000072,1192,1016,176
108000073,1443,1750,-307
108000074,331,334,-3
108000075,307,848,-541
108000076,541,471,70
108000077,681,684,-3
108000078,1590,1399,191
108000079,907,1709,-802
108000080,838,542,296
108000081,413,1895,-1482
108000082,971,1711,-740
108000083,1516,871,645
108000084,374,1149,-775
108000085,525,344,181
108000086,698,673,25
108000087,77,1403,-1326
108000088,633,216,417
108000089,408,262,146
108000091,262,577,-315
108000092,136,94,42
108000093,146,696,-550
108000094,492,135,357
108000095,154,489,-335
108000096,248,206,42
108000097,140,546,-406
108000098,1217,1414,-197
108000099,1125,344,781
108000100,118,486,-368
108000101,990,1271,-281
108000102,1438,2975,-1537
108000106,1117,1,1116
108000107,2,645,-643
108000108,602,50,552
108000109,6,754,-748
108000110,166,406,-240
108000111,132,704,-572
108000112,55,129,-74
108000113,503,248,255
108000115,383,323,60
108000117,689,344,345
108000118,522,1456,-934
108000119,761,461,300
108000120,103,798,-695
108000121,229,635,-406
108000122,394,330,64
108000123,484,211,273
108000124,210,543,-333
108000125,276,297,-21
108000126,125,479,-354
108000127,447,349,98
108000128,475,582,-107
108000129,257,1214,-957
108000130,267,291,-24
108000131,722,429,293
108000132,1860,1401,459
108000133,680,511,169
108000134,556,661,-105
108000135,829,422,407
108000136,510,965,-455
108000137,357,427,-70
108000138,271,1050,-779
108000139,357,411,-54
108000140,87,27,60
108000141,25,84,-59
108000142,66,133,-67
108000143,28,566,-538
108000144,302,50,252
108000145,50,35,15
108000146,396,56,340
108000147,72,59,13
108000148,410,59,351
108000149,49,41,8
108000150,33,8,25
108000151,265,57,208
108000152,144,452,-308
108000153,342,114,228
108000154,83,47,36
108000155,32,33,-1
108000156,687,486,201
108000157,197,684,-487
108000158,79,578,-499
108000159,737,185,552
108000160,3961,1022,2939
108000161,2918,1893,1025
108000165,3,89,-86
108000172,3,308,-305
108000173,2243,1422,821
108000175,336,92,244
108000178,496,338,158
108000179,160,524,-364
108000181,57,37,20
108000182,342,130,212
108000183,71,318,-247
108000184,1104,1851,-747
108000185,134,518,-384
108000186,271,428,-157
108000187,76,578,-502
108000188,401,201,200
108000189,2291,5387,-3096
108000190,25,142,-117
108000192,159,653,-494
108000193,583,24,559
108000194,92,23,69
108000195,3,1094,-1091
108000196,175,164,11
108000198,695,434,261
108000199,1,162,-161
108000200,263,506,-243
108000203,92,712,-620
108000204,80,39,41
108000205,265,444,-179
108000339,1360,383,977
108000364,277,751,-474
108000365,42,338,-296
108000367,65,265,-200
108000368,6,69,-63
108000369,1645,210,1435
108000371,4,684,-680
108000372,599,7,592
108000373,238,174,64
108000376,56,18,38
108000377,306,327,-21
108000378,8639,9868,-1229
108000379,14,210,-196
108000381,36,22,14
108000382,187,0,187
108000383,0,192,-192
108900001,76,1075,-999
108900002,134,49,85
108900003,328,783,-455
108900004,171,437,-266
108900007,177,145,32
108900008,66,144,-78
108900009,43,134,-91
108900010,145,195,-50
108900011,254,437,-183
108900012,201,411,-210
108900013,98,258,-160
108900014,6,90,-84
108900015,3,24,-21
108900016,0,220,-220
108900017,163,186,-23
108900018,71,443,-372
108900019,44,803,-759
108900020,39,219,-180
108900021,77,222,-145
108900022,73,1,72
108900023,34,15,19
108900024,13,148,-135
108900025,79,105,-26
108900026,8,101,-93
108900027,0,57,-57
108900028,56,342,-286
108900029,35,224,-189
108900030,2,81,-79
108900031,76,381,-305
108900032,7,210,-203
108900033,19,63,-44
108900034,0,193,-193
108900035,244,1190,-946
108900038,1,368,-367
108900039,2,476,-474
108900040,3,163,-160
108900041,5087,2656,2431
108900042,8,297,-289
108900043,40,386,-346
108900044,1,588,-587
108900045,43,539,-496
108900046,41,789,-748
108900047,6,84,-78
108900048,85,884,-799
108900049,4209,840,3369
108900050,0,247,-247
108900051,1,179,-178
108900052,21,217,-196
108900053,83,137,-54
108900054,56,193,-137
108900055,28,298,-270
108900056,0,156,-156
108900057,0,122,-122
108900058,26,348,-322
108900059,302,43,259
108900060,81,162,-81
108900061,68,9,59
108900062,6,288,-282
108900063,7,266,-259
108900064,93,88,5
108900065,14,312,-298
108900066,224,86,138
108900067,16,152,-136
108900068,13,174,-161
108900069,26,126,-100
108900070,32,146,-114
108900071,97,60,37
108900072,1929,415,1514
108900073,27,323,-296
108900074,91,530,-439
108900075,44,49,-5
108900076,236,88,148
108900077,93,391,-298
108900078,22,158,-136
108900079,844,211,633
108900080,22,657,-635
108900081,36,171,-135
108900082,39,93,-54
108900083,25,237,-212
108900085,1754,162,1592
108900086,95,275,-180
108900087,124,145,-21
108900088,928,328,600
108900089,14,102,-88
108900090,17,343,-326
108900091,126,93,33
108900092,409,341,68
108900093,63,90,-27
108900094,198,84,114
108900095,41,449,-408
108900096,338,24,314
108900097,223,197,26
108900098,2409,335,2074
108900099,263,250,13
108900100,45,145,-100
108900101,134,81,53
108900102,83,545,-462
108900103,74,64,10
108900105,1,789,-788
108900106,265,318,-53
108900108,559,46,513
108900109,193,38,155
108900110,150,435,-285
108900111,351,543,-192
108900113,59,52,7
108900114,43,12,31
108900115,41,72,-31
108900116,28,11,17
108900117,114,22,92
108900118,377,6,371
108900119,172,26,146
108900120,184,124,60
108900121,185,51,134
108900122,89,27,62
108900123,119,89,30
108900124,308,140,168
108900125,195,3,192
108900126,83,19,64
108900127,92,37,55
108900128,75,41,34
108900129,530,105,425
108900130,162,0,162
108900131,304,0,304
108900132,275,53,222
108900133,167,45,122
108900134,206,269,-63
108900135,96,7,89
108900136,14,0,14
108900137,81,0,81
108900138,469,14,455
108900140,197,238,-41
108900141,210,9,201
108900142,83,2,81
108900143,18,0,18
108900144,75,0,75
108900145,93,6,87
108900146,49,0,49
108900147,168,0,168
108900148,49,15,34
108900150,212,2,210
108900151,126,4,122
108900152,88,0,88
108900153,73,336,-263
108900154,3187,303,2884
108900156,73,5,68
108900157,16,458,-442
108900158,221,29,192
108900159,3,245,-242
108900160,14,264,-250
108900161,9,418,-409
108900162,53,1,52
108900163,3,236,-233
108900164,35,98,-63
108900168,7622,1742,5880
108900169,31,82,-51
108900171,6560,2337,4223
108900172,137,41,96
108900173,185,291,-106
108900174,430,566,-136
108900176,88,519,-431
108900177,6240,3413,2827
108900178,4012,2260,1752
108900180,109,247,-138
108900183,202,191,11
108900184,460,153,307
108900185,80,286,-206
108900186,42,304,-262
108900189,267,153,114
108900190,500,2647,-2147
108900192,54,187,-133
108900195,83,246,-163
108900196,19,402,-383
108900199,204,327,-123
108900200,1080,325,755
108900201,410,1343,-933
108900203,301,64,237
108900204,242,9,233
108900205,147,23,124
108900206,293,20,273
108900207,133,53,80
108900208,17,273,-256
108900209,215,462,-247
108900210,158,146,12
108900211,154,408,-254
108900212,616,986,-370
108900215,77,504,-427
108900216,402,70,332
108900217,110,0,110
108900218,165,19,146
108900221,36,81,-45
108900224,24,141,-117
108900225,0,184,-184
108900227,87,153,-66
108900230,239,255,-16
108900232,1,269,-268
108900233,229,69,160
108900234,228,147,81
108900235,161,529,-368
108900236,13,243,-230
108900240,40,79,-39
108900241,12,16,-4
108900245,5,748,-743
108900250,59,109,-50
108900258,9,215,-206
108900259,63,105,-42
108900260,9,89,-80
108900261,115,128,-13
108900262,184,146,38
108900263,26,156,-130
108900264,572,214,358
108900265,777,215,562
108900266,967,359,608
108900267,7,73,-66
108900268,5,3,2
108900269,46,10,36
108900270,34,14,20
108900271,47,4,43
108900272,157,3,154
108900273,950,459,491
108900274,66,55,11
109000001,3843,1287,2556
109000002,2019,1540,479
109000003,2250,539,1711
109000004,529,2475,-1946
109000005,2438,839,1599
109000006,754,2206,-1452
109000007,1165,646,519
109000008,556,2055,-1499
109000009,3229,1431,1798
109000010,1654,3826,-2172
109000011,2821,1995,826
109000012,1935,3775,-1840
109000013,2647,2667,-20
109000014,1482,3403,-1921
109000015,5164,7038,-1874
109000016,8151,4313,3838
109000017,2092,1336,756
109000018,1071,3577,-2506
109000019,2702,1409,1293
109000020,1225,2086,-861
109000023,203,30,173
109000024,6,222,-216
109000025,367,547,-180
109000026,900,381,519
109000027,92,342,-250
109000028,159,105,54
109000029,176,175,1
109000030,90,587,-497
109000031,152,108,44
109000032,135,453,-318
109000033,367,154,213
109000034,55,46,9
109000035,12,36,-24
109000036,82,393,-311
109000037,173,1044,-871
109000038,609,373,236
109000039,636,498,138
109000040,2370,4133,-1763
109000041,4398,1533,2865
109000042,721,1196,-475
109000044,395,187,208
109000045,216,429,-213
109000046,215,75,140
109000047,101,433,-332
109000048,1089,487,602
109000049,337,457,-120
109000050,514,537,-23
109000051,230,231,-1
109000052,495,1144,-649
109000053,1263,404,859
109000054,180,555,-375
109000055,217,234,-17
109000056,212,403,-191
109000057,380,337,43
109000058,1783,386,1397
109000059,1064,1328,-264
109000060,948,267,681
109000061,1105,860,245
109000062,101,242,-141
109000063,149,180,-31
109000064,142,105,37
109000065,107,290,-183
109000066,233,98,135
109000067,43,290,-247
109000068,1725,4,1721
109000069,836,37,799
109000070,4,937,-933
109000071,362,64,298
109000072,134,681,-547
109000073,41,128,-87
109000074,32,221,-189
109000075,67,348,-281
109000076,133,293,-160
109000077,372,293,79
109000078,90,191,-101
109000079,181,167,14
109000080,152,119,33
109000081,94,517,-423
109000082,535,228,307
109000083,323,698,-375
109000088,148,471,-323
109000089,223,30,193
109000090,137,358,-221
109000091,184,135,49
109000092,322,520,-198
109000093,150,195,-45
109000094,340,1,339
109000095,119,442,-323
109000096,445,299,146
109000097,107,178,-71
109000098,81,110,-29
109000099,775,306,469
109000100,192,554,-362
109000101,1072,712,360
109000102,204,761,-557
109000103,632,639,-7
109000104,1102,617,485
109000105,467,1180,-713
109000106,1557,662,895
109000107,562,1956,-1394
109000108,1398,505,893
109000109,363,1943,-1580
109000110,1015,522,493
109000111,836,1967,-1131
109000112,334,132,202
109000113,395,190,205
109000114,107,383,-276
109000115,1353,129,1224
109000116,14,633,-619
109000117,138,107,31
109000118,6,390,-384
109000119,782,426,356
109000120,135,890,-755
109000121,496,176,320
109000122,108,926,-818
109000123,43,227,-184
109000124,471,443,28
109000125,653,402,251
109000126,396,935,-539
109000127,1108,366,742
109000128,492,1818,-1326
109000129,1556,599,957
109000130,951,3161,-2210
109000131,1182,814,368
109000132,1120,3112,-1992
109000133,313,1111,-798
109000134,746,1434,-688
109000135,1291,1372,-81
109000136,295,273,22
109000137,316,351,-35
109000138,490,315,175
109000139,343,465,-122
109000140,316,704,-388
109000141,640,553,87
109000142,117,427,-310
109000143,100,81,19
109000145,112,374,-262
109000146,180,121,59
109000148,3653,1353,2300
109000149,34,36,-2
109000150,234,174,60
109000155,496,577,-81
109000156,1146,690,456
109000158,100,276,-176
109000159,91,568,-477
109000160,848,206,642
109000161,256,1253,-997
109000162,1406,595,811
109000163,739,1687,-948
109000164,1090,2603,-1513
109000165,919,628,291
109000166,612,115,497
109000167,91,609,-518
109000170,40,58,-18
109000171,57,34,23
109000172,48,98,-50
109000173,20,64,-44
109000174,73,50,23
109000175,98,346,-248
109000176,286,255,31
109000177,34,96,-62
109000178,465,347,118
109000179,5427,3352,2075
109000180,5267,2858,2409
109000181,11,35,-24
109000182,30,46,-16
109000183,27,59,-32
109000184,58,14,44
109000185,21,57,-36
109000188,652,1953,-1301
109000189,2596,922,1674
109000190,405,427,-22
109000191,301,504,-203
109000192,352,191,161
109000193,139,332,-193
109000194,168,125,43
109000195,141,412,-271
109000196,210,97,113
109000197,106,406,-300
109000198,239,55,184
109000199,111,428,-317
109000206,174,38,136
109000207,105,42,63
109000208,94,83,11
109000209,80,132,-52
109000210,169,515,-346
109000211,425,536,-111
109000214,420,931,-511
109000215,211,88,123
109000216,313,223,90
109000217,201,125,76
109000218,319,179,140
109000221,504,1085,-581
109000222,779,249,530
109000223,239,185,54
109000224,50,191,-141
109000225,65,32,33
109000226,41,262,-221
109000227,808,993,-185
109000228,9,417,-408
109000231,0,329,-329
109000232,230,364,-134
109000236,197,795,-598
109000241,1821,2100,-279
109000242,1564,1710,-146
109000293,90,202,-112
109000361,205,228,-23
109000364,182,532,-350
109000396,2,539,-537
109000397,383,1,382
109000399,135,497,-362
109000400,84,339,-255
109000403,90,962,-872
109000406,386,2,384
109000407,190,239,-49
109000408,3,686,-683
109000410,884,204,680
109000411,185,37,148
109000412,2,75,-73
109900001,76,0,76
109900002,633,13,620
109900003,212,0,212
109900005,17,5,12
109900006,274,192,82
109900007,473,727,-254
109900008,0,30,-30
109900009,112,561,-449
109900010,368,15,353
109900011,84,21,63
109900012,202,114,88
109900013,294,115,179
109900014,265,36,229
109900015,234,124,110
109900016,103,24,79
109900017,164,131,33
109900018,176,71,105
109900019,125,47,78
109900020,22,35,-13
109900021,35,21,14
109900022,128,232,-104
109900023,29,0,29
109900024,22,4,18
109900025,1,16,-15
109900027,19,21,-2
109900028,1761,716,1045
109900029,7,385,-378
109900030,29,2,27
109900031,0,52,-52
109900032,6,283,-277
109900033,1,429,-428
109900034,23,3,20
109900035,11,16,-5
109900036,11,62,-51
109900037,18,537,-519
109900038,22,225,-203
109900039,15,0,15
109900040,13,614,-601
109900041,70,403,-333
109900042,16,318,-302
109900044,65,250,-185
109900045,94,37,57
109900046,97,123,-26
109900047,231,332,-101
109900048,0,83,-83
109900049,9,22,-13
109900050,0,212,-212
109900051,1,51,-50
109900052,67,250,-183
109900053,6,409,-403
109900054,444,162,282
109900055,36,233,-197
109900056,19,201,-182
109900057,5,225,-220
109900058,0,99,-99
109900060,348,156,192
109900061,51,246,-195
109900062,0,226,-226
109900064,410,206,204
109900065,71,86,-15
109900066,348,899,-551
109900067,0,323,-323
109900068,37,3,34
109900069,3,34,-31
109900071,2,38,-36
109900072,33,121,-88
109900073,225,562,-337
109900074,1,32,-31
109900075,22,15,7
109900076,35,461,-426
109900077,25,83,-58
109900078,96,181,-85
109900080,90,275,-185
109900081,28,142,-114
109900082,21,361,-340
109900083,14,61,-47
109900084,51,139,-88
109900085,200,662,-462
109900086,122,407,-285
109900087,146,321,-175
109900089,461,113,348
109900092,503,3,500
109900093,637,100,537
109900094,72,126,-54
109900095,82,188,-106
109900096,26,2,24
109900097,59,0,59
109900098,332,31,301
109900099,117,0,117
109900100,46,0,46
109900101,281,10,271
109900102,327,21,306
109900103,33,29,4
109900104,404,813,-409
109900105,426,23,403
109900106,303,56,247
109900107,278,80,198
109900108,99,319,-220
109900109,34,137,-103
109900111,235,858,-623
109900114,1354,191,1163
109900115,188,89,99
109900117,646,110,536
109900121,344,277,67
109900123,6,159,-153
109900125,1,116,-115
109900126,151,130,21
109900130,8069,2079,5990
109900131,71,180,-109
109900132,27,134,-107
109900134,105,79,26
109900135,473,74,399
109900137,101,333,-232
109900140,116,228,-112
109900149,36,56,-20
109900150,4,78,-74
109900151,3,50,-47
109900152,1,25,-24
109900153,1,29,-28
109900154,26,0,26
109900155,43,11,32
109900157,68,262,-194
109900159,95,23,72
109900161,144,45,99
109900162,114,80,34
109900163,541,289,252
109900164,43,256,-213
109900165,158,5,153
109900166,1,150,-149
109900167,136,385,-249
109900168,170,547,-377
109900169,119,159,-40
109900170,247,670,-423
109900171,110,90,20
109900172,171,219,-48
109900173,3196,1792,1404
109900174,39,104,-65
109900175,79,75,4
109900176,71,151,-80
109900177,42,204,-162
109900178,4,55,-51
109900179,25,12,13
109900180,10,16,-6
110000001,963,545,418
110000002,714,647,67
110000003,806,581,225
110000004,447,527,-80
110000005,585,1668,-1083
110000006,604,335,269
110000007,123,117,6
110000008,17,29,-12
110000009,41,40,1
110000010,42,50,-8
110000011,44,81,-37
110000012,710,426,284
110000013,53,677,-624
110000014,654,405,249
110000015,268,585,-317
110000016,287,1633,-1346
110000017,2795,219,2576
110000018,2640,420,2220
110000019,8,134,-126
110000020,347,221,126
110000021,852,438,414
110000022,645,136,509
110000023,5,152,-147
110000024,776,377,399
110000025,175,1,174
110000026,5,420,-415
110000027,1452,322,1130
110000028,830,727,103
110000029,462,830,-368
110000030,262,358,-96
110000031,290,529,-239
110000032,739,477,262
110000033,535,65,470
110000034,324,728,-404
110000035,751,652,99
110000036,896,669,227
110000037,231,426,-195
110000038,202,659,-457
110000039,666,2697,-2031
110000040,363,340,23
110000041,333,1255,-922
110000042,163,172,-9
110000043,691,328,363
110000044,142,62,80
110000045,798,106,692
110000046,31,16,15
110000047,296,15,281
110000048,18,7,11
110000049,104,5,99
110000050,15,24,-9
110000051,133,10,123
110000052,43,39,4
110000053,221,13,208
110000054,117,203,-86
110000055,671,37,634
110000056,237,79,158
110000057,350,707,-357
110000058,1201,469,732
110000059,825,503,322
110000060,583,997,-414
110000061,794,826,-32
110000062,604,893,-289
110000063,32,97,-65
110000064,91,93,-2
110000065,46,56,-10
110000066,79,29,50
110000067,87,245,-158
110000068,258,362,-104
110000069,147,81,66
110000071,84,180,-96
110000073,6,16,-10
110000075,7,116,-109
110000076,224,251,-27
110000077,367,921,-554
110000078,26,71,-45
110000080,346,643,-297
110000081,40,286,-246
110000082,43,321,-278
110000083,205,708,-503
110000084,954,657,297
110000085,2131,1467,664
110000086,1117,1705,-588
110000087,4,67,-63
110000088,43,234,-191
110000089,214,150,64
110000090,146,276,-130
110000091,1398,341,1057
110000092,36,102,-66
110000093,25,9,16
110000094,505,267,238
110000095,183,553,-370
110000096,2528,1669,859
110000097,915,1191,-276
110000098,1723,636,1087
110000099,847,1612,-765
110000100,549,516,33
110000101,28,374,-346
110000102,54,45,9
110000104,300,78,222
110000105,73,244,-171
110000106,516,265,251
110000107,328,389,-61
110000108,130,47,83
110000109,283,267,16
110000110,3369,3648,-279
110000111,6577,2618,3959
110000112,1339,935,404
110000113,506,2222,-1716
110000114,130,537,-407
110000115,245,279,-34
110000116,43,44,-1
110000117,181,353,-172
110000118,314,165,149
110000119,128,302,-174
110000120,274,146,128
110000121,126,342,-216
110000122,331,519,-188
110000123,454,324,130
110000124,4,914,-910
110000125,934,4,930
110000126,318,14,304
110000127,845,38,807
110000128,44,1175,-1131
110000129,5,614,-609
110000130,459,191,268
110000131,62,449,-387
110000132,4,725,-721
110000133,43,425,-382
110000134,17,380,-363
110000135,149,28,121
110000136,100,304,-204
110000137,475,549,-74
110000138,514,642,-128
110000139,617,1136,-519
110000140,1018,586,432
110000143,673,371,302
110000144,4836,1295,3541
110000145,1754,633,1121
110000146,1351,600,751
110000147,318,523,-205
110000148,332,275,57
110000151,778,508,270
110000152,728,409,319
110000153,76,88,-12
110000154,4,20,-16
110000155,1337,3593,-2256
110000156,910,1801,-891
110000157,1464,1453,11
110000160,251,344,-93
110000161,154,303,-149
110000166,290,84,206
110000167,628,520,108
110000168,633,450,183
110000169,734,372,362
110000170,98,97,1
110000171,498,215,283
110000172,119,781,-662
110000173,1129,1257,-128
110000174,152,1072,-920
110000175,414,107,307
110000176,98,285,-187
110000177,160,793,-633
110000178,422,1036,-614
110000179,1329,355,974
110000180,132,255,-123
110000181,250,404,-154
110000182,375,183,192
110000183,9708,5708,4000
110000184,695,1978,-1283
110000185,872,657,215
110000186,658,681,-23
110000191,476,365,111
110000192,310,8,302
110000193,644,3,641
110000194,17,1139,-1122
110000195,357,382,-25
110000196,246,386,-140
110000197,106,153,-47
110000198,74,61,13
110000199,56,107,-51
110000200,1257,478,779
110000201,624,730,-106
110000202,1026,517,509
110000203,687,789,-102
110000204,3,279,-276
110000205,98,60,38
110000206,457,1292,-835
110000207,596,341,255
110000208,112,164,-52
110000209,120,647,-527
110000210,737,631,106
110000211,617,865,-248
110000212,373,916,-543
110000213,194,82,112
110000214,200,120,80
110000215,147,395,-248
110000216,85,477,-392
110000217,215,172,43
110000218,106,390,-284
110000219,212,87,125
110000220,67,276,-209
110000221,207,101,106
110000222,59,186,-127
110000223,4,202,-198
110000224,109,9,100
110000225,147,503,-356
110000226,247,71,176
110000227,641,558,83
110000228,316,330,-14
110000229,1,267,-266
110000230,446,807,-361
110000231,106,141,-35
110000232,160,191,-31
110000233,146,275,-129
110000234,518,288,230
110000235,1024,884,140
110000236,536,841,-305
110000237,1594,1061,533
110000238,1027,1427,-400
110000239,1653,1098,555
110000240,1,82,-81
110000242,1,10,-9
110000243,85,161,-76
110000244,111,256,-145
110000245,35,342,-307
110000246,713,527,186
110000247,1330,4799,-3469
110000248,2546,1970,576
110000249,92,11,81
110000250,27,190,-163
110000251,239,581,-342
110000252,170,234,-64
110000253,1268,660,608
110000254,800,1279,-479
110000255,223,968,-745
110000256,531,271,260
110000257,613,395,218
110000258,9,380,-371
110000259,121,31,90
110000260,9,331,-322
110000263,647,115,532
110000264,232,397,-165
110000265,840,1555,-715
110000266,1737,2090,-353
110000267,32,161,-129
110000268,220,301,-81
110000269,0,50,-50
110000270,61,4,57
110000271,1712,220,1492
110000272,866,829,37
110000273,3034,1138,1896
110000274,169,1170,-1001
110000275,1918,427,1491
110000276,180,285,-105
110000277,141,327,-186
110000278,239,748,-509
110000279,593,679,-86
110000280,259,415,-156
110000281,24,250,-226
110000282,243,50,193
110000283,71,116,-45
110000284,70,44,26
110000285,4,250,-246
110000286,21,0,21
110000287,51,0,51
110000288,0,49,-49
110000289,418,1219,-801
110000290,1000,634,366
110000291,5355,1466,3889
110000292,1337,3850,-2513
110000293,587,694,-107
110000294,820,936,-116
110000295,114,766,-652
110000296,352,250,102
110000297,2626,360,2266
110000298,326,613,-287
110000299,620,73,547
110000301,206,23,183
110000302,271,1068,-797
110000303,337,4,333
110000304,146,261,-115
110000305,853,9,844
110000306,117,1325,-1208
110000307,1119,5,1114
110000308,409,10,399
110000309,3,809,-806
110000310,465,59,406
110000311,26,614,-588
110000312,455,72,383
110000313,3007,3577,-570
110000314,0,279,-279
110000315,2926,1771,1155
110000316,515,1057,-542
110000317,531,286,245
110000318,2,65,-63
110000319,16,17,-1
110000320,51,47,4
110000321,14,58,-44
110000322,279,338,-59
110000323,340,204,136
110000324,3508,1161,2347
110000325,2461,2196,265
110000327,410,283,127
110000328,151,398,-247
110000333,716,522,194
110000334,737,1297,-560
110000335,735,556,179
110000336,515,1034,-519
110000337,1127,530,597
110000338,371,206,165
110000339,214,220,-6
110000340,59,174,-115
110000341,391,446,-55
110000342,332,1,331
110000343,0,24,-24
110000344,37,146,-109
110000345,131,99,32
110000346,2106,1475,631
110000347,992,747,245
110000348,29,35,-6
110000349,9,28,-19
110000350,28,5,23
110000351,693,680,13
110000352,459,1451,-992
110000353,2524,666,1858
110000354,1061,2235,-1174
110000355,74,76,-2
110000356,600,12,588
110000357,364,12,352
110000361,9,81,-72
110000362,47,28,19
110000363,231,91,140
110000364,167,384,-217
110000365,135,0,135
110000366,0,79,-79
110000367,265,174,91
110000368,0,55,-55
110000369,20,1,19
110000373,1,239,-238
110000374,106,6,100
110000375,77,798,-721
110000376,40,101,-61
110000377,91,582,-491
110000378,21,381,-360
110000379,3092,1362,1730
110000380,47,17,30
110000383,3,1074,-1071
110000384,2597,880,1717
110000385,1,142,-141
110000387,69,7,62
110000388,39,216,-177
110000389,528,3,525
110000391,372,282,90
110000396,110,110,0
110000397,90,147,-57
110000398,6,64,-58
110000399,206,35,171
110000587,78,40,38
110000589,179,172,7
110000640,187,108,79
110000652,39,95,-56
110000653,293,445,-152
110000654,136,34,102
110000656,2,542,-540
110000674,12,18,-6
110000675,17,30,-13
110000676,9,52,-43
110000679,581,897,-316
110000682,114,151,-37
110000683,311,607,-296
110000684,4,31,-27
110000685,7,7,0
110000686,3,16,-13
110000687,34,3,31
110000688,65,650,-585
110000689,57,54,3
110000692,167,190,-23
110000693,264,202,62
110000694,0,153,-153
110000695,159,648,-489
110000696,87,105,-18
110000698,59,707,-648
110000699,125,391,-266
110900001,271,5,266
110900002,244,185,59
110900003,516,707,-191
110900004,219,163,56
110900005,2837,1448,1389
110900006,30,11,19
110900007,82,10,72
110900008,28,58,-30
110900009,383,65,318
110900010,4,82,-78
110900011,23,78,-55
110900012,6,65,-59
110900013,798,110,688
110900014,224,25,199
110900015,543,395,148
110900016,39,139,-100
110900017,280,36,244
110900018,311,41,270
110900019,161,28,133
110900020,51,325,-274
110900021,43,463,-420
110900022,77,284,-207
110900023,51,412,-361
110900024,24,420,-396
110900025,3,46,-43
110900027,36,195,-159
110900028,32,112,-80
110900029,15,292,-277
110900030,23,220,-197
110900031,20,153,-133
110900032,1,76,-75
110900033,32,176,-144
110900035,13,434,-421
110900036,67,14,53
110900037,49,32,17
110900038,868,176,692
110900039,22,196,-174
110900040,163,31,132
110900041,12,145,-133
110900042,64,45,19
110900043,5,142,-137
110900044,223,13,210
110900045,33,402,-369
110900046,56,250,-194
110900047,390,140,250
110900049,53,68,-15
110900050,17,0,17
110900052,7,225,-218
110900053,47,23,24
110900054,31,223,-192
110900055,20,2,18
110900056,47,68,-21
110900057,12,268,-256
110900058,132,194,-62
110900059,550,558,-8
110900060,332,111,221
110900061,18,46,-28
110900062,80,183,-103
110900063,38,96,-58
110900064,13,1,12
110900065,411,162,249
110900066,4,60,-56
110900067,274,354,-80
110900068,189,225,-36
110900069,8,29,-21
110900070,127,48,79
110900071,182,337,-155
110900073,0,21,-21
110900074,254,102,152
110900075,295,65,230
110900077,466,493,-27
110900078,16,78,-62
110900079,2383,818,1565
110900080,63,51,12
110900081,9,71,-62
110900082,104,149,-45
110900083,75,32,43
110900084,63,110,-47
110900085,55,319,-264
110900086,51,189,-138
110900087,259,45,214
110900088,5,1,4
110900090,13,18,-5
110900091,4,43,-39
110900093,188,81,107
110900095,33,22,11
110900097,15,27,-12
110900098,20,115,-95
110900099,31,408,-377
110900100,1,21,-20
110900102,79,19,60
110900105,420,290,130
110900108,11,82,-71
110900111,253,85,168
110900112,485,1,484
110900113,425,34,391
110900115,8,61,-53
110900116,407,1758,-1351
110900118,132,2321,-2189
110900119,3874,347,3527
110900120,15,117,-102
110900121,65,0,65
110900122,227,146,81
110900125,238,305,-67
110900127,420,916,-496
110900128,378,404,-26
110900129,297,506,-209
110900130,1060,615,445
110900131,120,30,90
110900132,190,39,151
110900133,37,203,-166
110900135,61,317,-256
110900136,275,20,255
110900138,0,0,0
110900139,0,0,0
110900140,2,0,2
110900141,300,59,241
110900142,45,161,-116
110900143,128,69,59
110900144,2,744,-742
110900145,75,20,55
110900146,325,66,259
110900147,124,247,-123
110900148,5,257,-252
110900149,1,46,-45
110900150,42,11,31
110900151,0,66,-66
110900152,18,205,-187
110900153,75,37,38
111000001,854,614,240
111000002,798,792,6
111000003,1299,1069,230
111000004,693,1301,-608
111000005,1425,1395,30
111000006,1092,2003,-911
111000007,3934,3605,329
111000008,3738,3643,95
111000009,431,978,-547
111000010,649,321,328
111000011,521,1044,-523
111000012,774,464,310
111000013,362,1152,-790
111000014,1377,665,712
111000017,118,718,-600
111000018,272,333,-61
111000020,1345,2600,-1255
111000021,93,128,-35
111000023,83,129,-46
111000025,5443,3238,2205
111000029,39,82,-43
111000030,42,102,-60
111000031,1811,1018,793
111000032,607,252,355
111000033,310,255,55
111000034,328,210,118
111000037,2485,1432,1053
111000038,3563,2447,1116
111000039,1861,2422,-561
111000040,1684,2556,-872
111000041,1943,1789,154
111000042,4365,2625,1740
111000043,1682,2611,-929
111000044,1385,973,412
111000045,1702,1904,-202
111000046,1294,1358,-64
111000047,1715,3364,-1649
111000049,409,538,-129
111000050,1955,1728,227
111000051,520,1149,-629
111000052,521,1721,-1200
111000053,392,1052,-660
111000054,366,937,-571
111000055,1050,1873,-823
111000056,122,588,-466
111000057,79,696,-617
111000058,311,72,239
111000059,295,260,35
111000060,2888,840,2048
111000061,376,374,2
111000062,625,294,331
111000063,1613,887,726
111000064,503,559,-56
111000065,894,872,22
111000066,426,296,130
111000067,477,651,-174
111000068,541,991,-450
111000069,1534,1919,-385
111000070,1995,1175,820
111000071,197,626,-429
111000072,743,383,360
111000073,232,858,-626
111000074,1208,1388,-180
111000075,967,725,242
111000076,440,675,-235
111000077,1767,1904,-137
111000078,2771,1289,1482
111000079,1288,743,545
111000080,424,763,-339
111000081,1713,4015,-2302
111000082,617,776,-159
111000084,745,541,204
111000085,1207,1453,-246
111000086,2786,1349,1437
111000087,710,750,-40
111000088,5058,1934,3124
111000089,754,801,-47
111000090,906,1398,-492
111000091,705,606,99
111000092,1214,990,224
111000093,558,863,-305
111000094,1598,974,624
111000095,652,2290,-1638
111000096,2053,7463,-5410
111000097,4694,1520,3174
111000098,752,1172,-420
111000099,495,2068,-1573
111000100,353,1765,-1412
111000101,388,808,-420
111000102,156,651,-495
111000104,469,220,249
111000107,84,659,-575
111000109,434,245,189
111000110,1347,685,662
111000111,1633,489,1144
111000112,1374,458,916
111000113,779,1161,-382
111000114,2479,3083,-604
111000115,5813,1108,4705
111000116,896,994,-98
111000117,554,815,-261
111000118,1457,919,538
111000119,970,1201,-231
111000120,420,701,-281
111000121,222,626,-404
111000122,685,1108,-423
111000123,1021,2942,-1921
111000124,526,2901,-2375
111000125,193,1637,-1444
111000126,76,963,-887
111000127,692,168,524
111000128,1190,292,898
111000129,2286,420,1866
111000130,1529,685,844
111000131,1205,642,563
111000132,922,600,322
111000133,160,177,-17
111000134,144,143,1
111000135,50,97,-47
111000136,414,347,67
111000138,14,10,4
111000140,1,10,-9
111000141,291,288,3
111000142,9,113,-104
111000143,7,99,-92
111000144,31,159,-128
111000145,1826,20,1806
111000146,127,9,118
111000147,279,38,241
111000148,307,67,240
111000149,3,33,-30
111000150,25,17,8
111000151,11,26,-15
111000153,650,699,-49
111000154,894,214,680
111000155,95,186,-91
111000156,363,508,-145
111000157,220,741,-521
111000158,930,640,290
111000159,2557,727,1830
111000160,310,363,-53
111000161,24,282,-258
111000162,58,156,-98
111000163,631,1003,-372
111000164,653,3615,-2962
111000165,1228,517,711
111000166,2040,419,1621
111000167,164,483,-319
111000168,172,497,-325
111000169,295,604,-309
111000170,566,477,89
111000171,463,782,-319
111000172,173,548,-375
111000173,418,1174,-756
111000174,156,472,-316
111000175,43,247,-204
111000176,214,171,43
111000177,290,284,6
111000178,1106,276,830
111000179,182,251,-69
111000180,190,445,-255
111000181,668,329,339
111000182,150,251,-101
111000183,272,384,-112
111000184,340,290,50
111000185,312,585,-273
111000186,233,354,-121
111000187,106,264,-158
111000188,180,467,-287
111000189,1257,607,650
111000190,238,421,-183
111000191,136,364,-228
111000192,170,536,-366
111000193,339,423,-84
111000194,37,394,-357
111000195,135,393,-258
111000196,44,214,-170
111000197,326,159,167
111000198,423,115,308
111000199,170,191,-21
111000200,269,339,-70
111000201,354,239,115
111000202,244,196,48
111000203,249,216,33
111000204,519,808,-289
111000213,233,497,-264
111000214,1628,1784,-156
111000215,1133,1537,-404
111000217,1104,720,384
111000218,980,908,72
111000219,548,252,296
111000220,2018,531,1487
111000221,873,92,781
111000224,227,481,-254
111000225,325,262,63
111000226,160,3,157
111000227,66,6,60
111000228,25,351,-326
111000229,34,657,-623
111000230,339,358,-19
111000231,842,944,-102
111000232,423,962,-539
111000233,530,752,-222
111000234,123,315,-192
111000239,89,156,-67
111000240,39,212,-173
111000241,42,330,-288
111000242,115,85,30
111000243,61,700,-639
111000244,277,82,195
111000245,859,515,344
111000246,360,437,-77
111000247,194,961,-767
111000248,525,412,113
111000249,455,799,-344
111000250,33,85,-52
111000251,48,91,-43
111000253,4,10,-6
111000255,14,4,10
111000257,29,13,16
111000260,73,1115,-1042
111000261,895,88,807
111000271,60,371,-311
111000273,5203,1775,3428
111000274,1053,2010,-957
111000275,121,92,29
111000276,275,2080,-1805
111000277,245,406,-161
111000278,500,203,297
111000291,716,4263,-3547
111000298,544,277,267
111000299,604,115,489
111000300,85,550,-465
111000302,235,92,143
111000303,96,245,-149
111000312,83,59,24
111000315,31,283,-252
111000320,375,678,-303
111000321,254,119,135
111000322,266,456,-190
111000323,153,19,134
111000324,264,234,30
111000325,37,61,-24
111000326,158,313,-155
111000327,387,545,-158
111000328,215,494,-279
111000329,1,32,-31
111000330,36,23,13
111000331,8,17,-9
111000332,438,1404,-966
111000334,344,1595,-1251
111000335,666,231,435
111000337,879,407,472
111000338,62,121,-59
111000339,362,475,-113
111000340,109,647,-538
111000341,1119,672,447
111000342,383,491,-108
111000344,840,678,162
111000345,235,82,153
111000346,27,103,-76
111000347,121,3,118
111000350,178,116,62
111000351,89,257,-168
111000352,136,109,27
111000353,79,239,-160
111000354,375,133,242
111000355,276,476,-200
111000358,115,1419,-1304
111000360,137,740,-603
111000361,103,342,-239
111000546,582,657,-75
111000547,258,594,-336
111000548,87,254,-167
111000549,211,353,-142
111000550,90,622,-532
111000551,690,177,513
111000552,2126,142,1984
111000907,582,12,570
111000908,21,3,18
111000916,1409,333,1076
111000917,42,427,-385
111000918,129,987,-858
111000920,382,30,352
111000921,17,352,-335
111000922,338,269,69
111000924,34,867,-833
111000925,1764,2256,-492
111000926,984,2164,-1180
111000927,2395,4812,-2417
111000928,4528,4080,448
111000929,954,1096,-142
111000930,715,2732,-2017
111000931,1523,2243,-720
111000932,4270,2258,2012
111000933,3267,1990,1277
111000934,2091,2837,-746
111000935,1141,1041,100
111000936,1309,2400,-1091
111000937,809,1313,-504
111000938,1634,2240,-606
111000939,365,49,316
111000940,343,241,102
111000941,254,475,-221
111000943,318,298,20
111000944,164,490,-326
111000945,69,1737,-1668
111001109,444,248,196
111001110,236,619,-383
111001111,43,6,37
111001112,227,6,221
111001113,9,228,-219
111001114,1535,141,1394
111001115,160,347,-187
111001116,5444,3525,1919
111001117,735,2362,-1627
111001120,103,333,-230
111001121,186,372,-186
111001122,211,694,-483
111001123,189,188,1
111001124,149,273,-124
111001125,5,123,-118
111001126,1,0,1
111001127,1,87,-86
111001128,614,672,-58
111001129,5,197,-192
111900001,1,247,-246
111900002,0,685,-685
111900003,2,341,-339
111900004,29,133,-104
111900006,3,26,-23
111900007,61,3,58
111900008,60,1,59
111900009,66,0,66
111900010,273,434,-161
111900012,87,92,-5
111900013,0,9,-9
111900014,4980,2246,2734
111900015,0,98,-98
111900016,0,154,-154
111900017,1,128,-127
111900018,224,0,224
111900019,5,65,-60
111900020,6,41,-35
111900021,37,108,-71
111900022,13,68,-55
111900023,85,90,-5
111900024,153,248,-95
111900025,0,48,-48
111900026,0,109,-109
111900027,1,197,-196
111900028,1,354,-353
111900029,2,113,-111
111900030,57,256,-199
111900032,3,296,-293
111900033,1,104,-103
111900034,361,450,-89
111900035,25,223,-198
111900036,1,280,-279
111900038,326,477,-151
111900039,48,371,-323
111900040,2,545,-543
111900042,27,94,-67
111900043,5,347,-342
111900044,318,239,79
111900046,27,146,-119
111900048,87,495,-408
111900049,55,160,-105
111900050,62,13,49
111900051,3,157,-154
111900052,463,429,34
111900053,1074,645,429
111900054,75,1,74
111900055,7,252,-245
111900056,179,150,29
111900057,70,110,-40
111900058,260,637,-377
111900059,1956,323,1633
111900060,210,0,210
111900061,6,124,-118
111900062,9,55,-46
111900063,197,169,28
111900064,76,152,-76
111900065,79,16,63
111900066,102,115,-13
111900067,1,265,-264
111900068,28,46,-18
111900069,43,26,17
111900070,63,88,-25
111900071,1,164,-163
111900072,24,9,15
111900073,410,76,334
111900074,4,94,-90
111900075,48,0,48
111900076,80,47,33
111900077,17,0,17
111900078,127,7,120
111900079,28,38,-10
111900080,162,175,-13
111900082,60,9,51
111900083,62,9,53
111900084,74,1,73
111900085,16,83,-67
111900086,13,2,11
111900087,28,1,27
111900088,368,2,366
111900089,33,7,26
111900090,31,20,11
111900091,87,0,87
111900092,57,2,55
111900093,219,3,216
111900094,39,0,39
111900095,114,8,106
111900096,44,1,43
111900097,10,0,10
111900098,117,0,117
111900099,17,1,16
111900100,73,2,71
111900101,78,23,55
111900102,190,590,-400
111900103,49,32,17
111900104,106,42,64
111900105,245,129,116
111900106,980,61,919
111900110,1702,288,1414
111900111,57,10,47
111900112,510,1438,-928
111900113,263,65,198
111900118,222,69,153
111900119,268,99,169
111900122,79,76,3
111900123,10,34,-24
111900124,30,119,-89
111900125,339,13,326
111900126,142,0,142
111900127,1,719,-718
111900128,7,462,-455
111900129,157,4,153
111900130,89,15,74
111900131,277,1,276
111900132,29,1086,-1057
111900133,20,433,-413
111900134,8,229,-221
111900135,5,18,-13
111900136,70,118,-48
111900137,69,72,-3
111900138,16,126,-110
111900139,16,133,-117
111900140,63,15,48
111900141,33,3,30
111900142,53,16,37
111900143,32,75,-43
111900144,1,111,-110
111900145,1,450,-449
111900146,1,273,-272
111900147,126,442,-316
111900148,27,670,-643
111900149,3,297,-294
111900150,15,138,-123
111900151,3,23,-20
111900152,83,74,9
111900153,1628,303,1325
111900154,4,102,-98
111900155,46,61,-15
111900156,14,50,-36
111900157,34,13,21
111900158,349,19,330
111900159,176,10,166
111900160,178,1,177
111900161,87,0,87
111900162,77,143,-66
111900163,55,202,-147
111900164,46,39,7
111901113,229,339,-110
111901114,75,172,-97
111901115,23,2,21
111901116,33,1,32
111901117,18,18,0
111901118,100,77,23
111901119,650,35,615
111901121,138,175,-37
111901122,6,418,-412
111901123,61,236,-175
111901124,76,1,75
111901125,251,237,14
111901127,511,192,319
111901128,4,62,-58
111901129,5,83,-78
111901130,6,138,-132
111901131,2,258,-256
111901132,187,24,163
111901133,39,1,38
111901134,36,4,32
111901135,13,10,3
111901138,184,36,148
111901139,12,35,-23
111901140,9,101,-92
111901141,9,157,-148
111901142,3,95,-92
111901143,3,76,-73
111901144,51,38,13
111901145,159,212,-53
111901146,462,27,435
111901147,776,5,771
111901148,29,38,-9
111901149,10,7,3
111901150,66,0,66
111901151,0,0,0
111901152,14,47,-33
112000001,1333,894,439
112000002,826,2322,-1496
112000003,884,831,53
112000004,610,1100,-490
112000005,2154,2331,-177
112000006,2089,1702,387
112000007,1887,1499,388
112000008,2365,3501,-1136
112000009,3499,3546,-47
112000010,2552,2425,127
112000011,2065,1929,136
112000012,4530,2223,2307
112000013,5868,2587,3281
112000014,4217,686,3531
112000015,4319,2355,1964
112000016,7929,901,7028
112000017,3409,1078,2331
112000024,2468,819,1649
112000026,3677,4850,-1173
112000027,1093,636,457
112000028,2035,1573,462
112000029,368,580,-212
112000030,163,82,81
112000031,1496,3353,-1857
112000032,434,49,385
112000033,2307,1001,1306
112000034,359,69,290
112000035,96,188,-92
112000036,1366,547,819
112000037,1198,637,561
112000038,1061,630,431
112000039,72,86,-14
112000040,123,298,-175
112000041,596,560,36
112000042,1172,318,854
112000050,1240,1884,-644
112000051,895,1211,-316
112000054,1477,2002,-525
112000057,357,301,56
112000058,280,465,-185
112000059,366,756,-390
112000061,3984,2009,1975
112000062,1529,502,1027
112000063,1268,1641,-373
112000064,4532,6069,-1537
112000065,2404,2457,-53
112000066,3891,1467,2424
112000067,799,713,86
112000068,3081,2071,1010
112000069,889,1787,-898
112000070,1880,859,1021
112000071,995,2314,-1319
112000072,1724,862,862
112000073,1551,1582,-31
112000074,1350,913,437
112000075,1438,1067,371
112000076,3188,2619,569
112000077,476,611,-135
112000078,1385,594,791
112000079,1078,1280,-202
112000080,590,838,-248
112000081,1496,2123,-627
112000082,1429,731,698
112000083,634,1330,-696
112000084,1051,851,200
112000085,1141,1165,-24
112000086,1545,1518,27
112000087,277,751,-474
112000088,476,618,-142
112000089,210,289,-79
112000090,212,288,-76
112000091,591,1053,-462
112000092,1364,1206,158
112000093,1390,959,431
112000094,479,949,-470
112000095,530,753,-223
112000096,446,834,-388
112000097,863,554,309
112000098,770,1207,-437
112000099,562,969,-407
112000100,1349,892,457
112000101,459,903,-444
112000102,773,639,134
112000103,348,1104,-756
112000105,785,1976,-1191
112000106,1290,569,721
112000107,106,189,-83
112000108,240,1728,-1488
112000109,189,151,38
112000110,1714,590,1124
112000111,1169,2940,-1771
112000112,3165,568,2597
112000113,857,1665,-808
112000114,1798,894,904
112000115,324,504,-180
112000116,551,1039,-488
112000117,1088,1095,-7
112000118,1099,893,206
112000119,508,872,-364
112000120,50,401,-351
112000121,88,457,-369
112000122,182,172,10
112000123,441,175,266
112000124,234,84,150
112000125,171,172,-1
112000126,132,668,-536
112000127,1993,1447,546
112000128,720,465,255
112000129,78,96,-18
112000130,128,90,38
112000131,48,399,-351
112000132,120,284,-164
112000133,367,282,85
112000134,381,356,25
112000135,907,750,157
112000136,995,1101,-106
112000137,1678,1218,460
112000138,1893,1143,750
112000139,1035,445,590
112000140,1109,1209,-100
112000141,688,344,344
112000142,182,684,-502
112000143,830,223,607
112000144,337,1415,-1078
112000145,1918,580,1338
112000146,615,2254,-1639
112000147,1927,1480,447
112000148,1710,2628,-918
112000149,356,690,-334
112000150,251,619,-368
112000151,379,459,-80
112000152,240,431,-191
112000153,240,262,-22
112000154,116,216,-100
112000155,121,94,27
112000157,790,543,247
112000158,264,543,-279
112000159,445,416,29
112000167,370,77,293
112000169,353,297,56
112000173,473,146,327
112000175,322,395,-73
112000176,3260,2121,1139
112000177,441,107,334
112000178,75,393,-318
112000179,177,92,85
112000180,219,376,-157
112000181,1277,1888,-611
112000182,725,1886,-1161
112000183,38,32,6
112000184,307,470,-163
112000185,404,628,-224
112000187,2950,1817,1133
112000195,116,15,101
112000196,150,1,149
112000197,80,87,-7
112000198,16,277,-261
112000199,1183,978,205
112000202,292,0,292
112000216,52,279,-227
112000230,77,5,72
112000231,3,243,-240
112000256,60,205,-145
112000313,65,120,-55
112000314,45,14,31
112000337,281,509,-228
112000352,443,272,171
112000392,1277,1230,47
112000398,985,752,233
112000399,3315,2008,1307
112000400,1506,3657,-2151
112000401,2564,2564,0
112000402,2222,2336,-114
112000403,2812,2570,242
112000404,727,653,74
112000405,1480,2420,-940
112000406,3396,2971,425
112000407,4506,6359,-1853
112000408,7650,7305,345
112000409,1561,5083,-3522
112000410,294,193,101
112000411,4034,1000,3034
112000412,1159,393,766
112000413,8774,3830,4944
112000414,94,105,-11
112000415,90,45,45
112000416,2032,1315,717
112000417,225,70,155
112000421,25,136,-111
112000422,273,417,-144
112000424,2561,2456,105
112000425,145,540,-395
112000426,129,324,-195
112000427,0,4,-4
112000428,159,312,-153
112000429,2131,2939,-808
112000430,2296,2960,-664
112000431,105,150,-45
112000432,731,2159,-1428
112000433,415,815,-400
112000437,40,205,-165
112900001,66,2,64
112900002,268,1034,-766
112900003,50,388,-338
112900004,23,182,-159
112900005,162,224,-62
112900007,12,141,-129
112900008,0,15,-15
112900009,222,71,151
112900010,184,835,-651
112900011,270,233,37
112900012,0,40,-40
112900013,0,109,-109
112900014,3,272,-269
112900015,301,773,-472
112900016,6,186,-180
112900017,16,181,-165
112900018,176,1057,-881
112900019,58,169,-111
112900020,320,1167,-847
112900021,4,239,-235
112900022,8,41,-33
112900023,3,210,-207
112900024,24,150,-126
112900025,69,225,-156
112900026,5,245,-240
112900027,6,1304,-1298
112900028,12,62,-50
112900029,13,657,-644
112900030,219,173,46
112900031,6,495,-489
112900032,136,282,-146
112900034,1,41,-40
112900035,0,473,-473
112900036,23,120,-97
112900037,137,161,-24
112900038,325,109,216
112900039,28,316,-288
112900040,7,218,-211
112900041,946,927,19
112900042,35,333,-298
112900043,20,29,-9
112900044,490,371,119
112900045,394,327,67
112900046,162,47,115
112900047,21,14,7
112900049,153,71,82
112900050,43,437,-394
112900051,239,523,-284
112900052,9,912,-903
112900053,231,84,147
112900054,195,29,166
112900055,75,25,50
112900056,326,130,196
112900057,11,512,-501
112900058,267,289,-22
112900059,142,113,29
112900060,7,168,-161
112900061,70,126,-56
112900062,75,151,-76
112900063,162,12,150
112900064,143,197,-54
112900065,45,16,29
112900066,134,98,36
112900067,400,121,279
112900068,42,53,-11
112900069,1921,538,1383
112900071,9,5,4
112900072,237,1273,-1036
112900073,296,58,238
112900074,82,211,-129
112900075,1472,674,798
112900076,95,26,69
112900078,217,281,-64
112900079,200,15,185
112900080,14,1,13
112900081,35,162,-127
112900082,289,25,264
112900083,75,69,6
112900084,164,90,74
112900086,31,2,29
112900087,446,68,378
112900088,72,9,63
112900089,448,13,435
112900090,34,13,21
112900091,157,6,151
112900092,84,228,-144
112900093,951,10,941
112900095,24,1,23
112900096,300,92,208
112900097,49,350,-301
112900098,65,4,61
112900099,653,5,648
112900100,41,0,41
112900101,202,0,202
112900102,73,1,72
112900103,128,1,127
112900104,461,6,455
112900105,5,0,5
112900106,351,76,275
112900107,0,0,0
112900108,45,2,43
112900109,68,1,67
112900110,728,8,720
112900111,550,0,550
112900112,313,1,312
112900113,0,15,-15
112900114,79,16,63
112900115,798,0,798
112900116,82,1,81
112900117,122,107,15
112900118,22,69,-47
112900119,181,2,179
112900120,635,212,423
112900121,271,184,87
112900122,6,113,-107
112900123,122,13,109
112900124,9,129,-120
112900125,38,265,-227
112900126,195,220,-25
112900127,327,42,285
112900128,330,685,-355
112900129,0,815,-815
112900130,223,47,176
112900131,44,222,-178
112900132,45,414,-369
112900133,17,989,-972
112900134,1,263,-262
112900135,64,29,35
112900137,4,632,-628
112900138,5,365,-360
112900139,241,1017,-776
112900141,480,29,451
112900142,68,108,-40
112900143,30,477,-447
112900144,7,1037,-1030
112900145,55,377,-322
112900146,12,1248,-1236
112900147,3,1889,-1886
112900148,55,3,52
112900149,158,448,-290
112900151,22,43,-21
112900152,4411,777,3634
112900153,1735,1461,274
112900154,0,152,-152
112900155,138,6,132
112900156,325,1240,-915
112900157,133,103,30
112900158,29,11,18
112900159,154,93,61
112900160,51,197,-146
112900161,81,22,59
112900162,22,23,-1
112900163,123,31,92
112900164,29,182,-153
112900165,72,20,52
112900166,13,43,-30
112900167,1,33,-32
112900168,1,3,-2
112900169,9,11,-2
112900170,49,95,-46
112900172,49,10,39
112900173,175,76,99
112900174,219,30,189
112900175,116,131,-15
112900176,17,26,-9
112900177,191,25,166
112900178,537,2050,-1513
112900179,35,438,-403
112900180,1350,1558,-208
112900181,370,4,366
112900182,47,1152,-1105
112900183,110,206,-96
112900184,443,319,124
112900185,174,379,-205
112900186,1143,688,455
112900187,78,367,-289
112900188,673,197,476
112900189,5,25,-20
112900190,8,32,-24
112900192,465,487,-22
112900193,938,283,655
112900194,50,95,-45
112900195,643,22,621
112900196,207,402,-195
112900197,153,273,-120
112900199,319,322,-3
112900200,386,254,132
112900201,37,74,-37
112900202,276,809,-533
112900203,147,284,-137
112900204,983,501,482
112900205,10,19,-9
112900206,10,86,-76
112900207,6,2,4
112900208,84,265,-181
112900209,432,324,108
112900210,3,28,-25
112900211,49,70,-21
112900212,1,138,-137
112900213,34,11,23
112900214,29,11,18
112900215,2,134,-132
112900216,36,58,-22
112900217,0,60,-60
112900218,52,3,49
112900219,33,3,30
112900220,1,0,1
112900221,9,126,-117
112900222,0,22,-22
112900223,792,10,782
112900224,186,538,-352
112900225,300,427,-127
112900226,143,280,-137
112900227,209,774,-565
112900228,59,21,38
112900229,171,70,101
112900230,6124,3307,2817
112900232,152,141,11
112900233,83,140,-57
112900234,6,89,-83
112900235,87,11,76
112900236,182,12,170
112900237,167,495,-328
112900238,0,35,-35
112900239,907,306,601
112900240,8,102,-94
112900241,8,172,-164
112900242,2,207,-205
112900243,8,233,-225
112900244,3,137,-134
112900245,0,27,-27
112900246,0,18,-18
112900247,138,28,110
112900248,12,4,8
112900249,38,6,32
112900250,67,32,35
112900251,50,9,41
112900252,75,26,49
112900253,37,9,28
112900254,6,5,1
112900255,1,16,-15
112900256,4,30,-26
112900257,35,42,-7
112900258,13,32,-19
113000001,4977,7159,-2182
113000002,3372,3758,-386
113000003,1531,2984,-1453
113000004,1992,2914,-922
113000005,1510,1190,320
113000006,996,1593,-597
113000007,1658,1352,306
113000008,1709,1751,-42
113000009,783,1025,-242
113000010,1029,1555,-526
113000011,725,1252,-527
113000012,1148,943,205
113000013,1164,597,567
113000014,1548,1171,377
113000015,506,174,332
113000016,294,367,-73
113000017,57,283,-226
113000018,677,47,630
113000019,133,254,-121
113000020,398,32,366
113000021,1907,757,1150
113000022,545,1172,-627
113000025,107,307,-200
113000026,529,479,50
113000027,1130,431,699
113000028,905,338,567
113000029,624,730,-106
113000030,456,554,-98
113000031,325,377,-52
113000032,244,288,-44
113000033,243,431,-188
113000034,374,400,-26
113000035,18,43,-25
113000036,17,41,-24
113000037,73,39,34
113000038,5,46,-41
113000039,112,625,-513
113000040,65,117,-52
113000042,809,624,185
113000051,736,2652,-1916
113000052,2078,1205,873
113000053,282,513,-231
113000054,315,936,-621
113000055,1177,704,473
113000056,796,1229,-433
113000058,711,739,-28
113000059,964,644,320
113000060,189,502,-313
113000061,521,882,-361
113000062,1010,233,777
113000063,125,191,-66
113000064,28,408,-380
113000065,212,1030,-818
113000066,629,125,504
113000067,1640,1180,460
113000068,485,1711,-1226
113000069,672,1378,-706
113000070,1839,942,897
113000071,290,679,-389
113000072,664,502,162
113000073,475,1523,-1048
113000074,919,490,429
113000075,1839,671,1168
113000076,1024,1971,-947
113000077,1066,440,626
113000078,722,2038,-1316
113000079,895,676,219
113000080,912,571,341
113000081,698,833,-135
113000082,986,683,303
113000083,533,925,-392
113000084,1576,1050,526
113000085,804,748,56
113000086,1140,1137,3
113000087,786,900,-114
113000088,2098,1302,796
113000089,761,1594,-833
113000090,244,568,-324
113000091,558,359,199
113000094,1174,208,966
113000095,329,876,-547
113000096,176,788,-612
113000097,1153,306,847
113000098,95,40,55
113000099,1165,367,798
113000100,178,376,-198
113000101,412,576,-164
113000102,549,392,157
113000103,2476,539,1937
113000104,366,2653,-2287
113000105,515,429,86
113000106,368,517,-149
113000107,817,858,-41
113000108,908,1437,-529
113000109,584,3964,-3380
113000110,1274,495,779
113000111,277,883,-606
113000112,374,376,-2
113000113,1279,389,890
113000114,306,1692,-1386
113000116,608,296,312
113000117,849,111,738
113000118,183,474,-291
113000119,401,285,116
113000120,70,228,-158
113000121,700,754,-54
113000124,226,133,93
113000125,49,668,-619
113000127,2888,473,2415
113000128,401,534,-133
113000129,371,1104,-733
113000133,3422,1731,1691
113000134,17,1377,-1360
113000135,3798,4615,-817
113000137,1773,2588,-815
113000139,355,179,176
113000140,118,234,-116
113000141,255,156,99
113000142,619,864,-245
113000143,186,212,-26
113000144,369,658,-289
113000145,41,114,-73
113000146,115,72,43
113000147,119,121,-2
113000148,112,110,2
113000149,90,99,-9
113000150,434,359,75
113000151,109,71,38
113000152,17,100,-83
113000153,1453,474,979
113000154,541,1535,-994
113000155,285,508,-223
113000156,131,422,-291
113000157,325,997,-672
113000158,613,231,382
113000159,779,644,135
113000160,728,1155,-427
113000161,208,477,-269
113000162,611,418,193
113000163,106,70,36
113000164,44,72,-28
113000166,117,88,29
113000167,49,137,-88
113000168,49,135,-86
113000169,126,56,70
113000170,112,119,-7
113000171,74,126,-52
113000172,241,66,175
113000173,50,22,28
113000174,108,530,-422
113000175,390,141,249
113000176,463,196,267
113000177,180,510,-330
113000178,198,389,-191
113000179,294,188,106
113000180,747,1458,-711
113000181,1211,938,273
113000182,149,547,-398
113000183,166,553,-387
113000184,39,82,-43
113000189,519,710,-191
113000190,1144,451,693
113000192,2149,1467,682
113000193,5073,1128,3945
113000194,2406,1079,1327
113000195,2338,686,1652
113000196,439,94,345
113000197,1843,1014,829
113000198,54,324,-270
113000199,1156,286,870
113000201,1800,238,1562
113000202,3577,3118,459
113000203,380,256,124
113000204,1974,1536,438
113000205,28,16,12
113000206,25,27,-2
113000207,64,9,55
113000208,26,53,-27
113000209,33,23,10
113000210,3,32,-29
113000211,437,293,144
113000212,285,58,227
113000213,38,227,-189
113000214,252,414,-162
113000234,189,1023,-834
113000410,247,177,70
113000411,2584,4127,-1543
113000412,7932,2856,5076
113000413,3381,2895,486
113000414,8491,12776,-4285
113000415,2422,2972,-550
113000416,8419,4247,4172
113000417,2464,3084,-620
113000418,3712,2689,1023
113000419,1260,1704,-444
113000420,3461,4627,-1166
113000421,3529,5636,-2107
113000422,12876,10823,2053
113000423,2193,4391,-2198
113000424,3355,9797,-6442
113000425,14,121,-107
113000428,67,19,48
113000430,34,33,1
113000432,2179,183,1996
113000433,73,831,-758
113000434,19,163,-144
113000435,43,666,-623
113000436,46,1114,-1068
113000437,761,24,737
113000438,256,13,243
113000439,26,160,-134
113000440,130,35,95
113000441,183,216,-33
113000442,146,203,-57
113000443,206,286,-80
113000444,227,329,-102
113000445,101,115,-14
113000446,30,110,-80
113000448,335,193,142
113000449,253,1706,-1453
113000450,590,5558,-4968
113000451,1808,193,1615
113000452,444,935,-491
113000453,148,310,-162
113000454,2713,77,2636
113000455,158,189,-31
113000456,3488,2479,1009
113000468,2215,275,1940
113000469,261,112,149
113000470,409,49,360
113000471,19,531,-512
113000472,116,379,-263
113000474,464,669,-205
113000475,1565,1781,-216
113000476,1248,1886,-638
113000477,2091,2056,35
113000478,3484,6134,-2650
113000479,112,257,-145
113000483,0,0,0
113000484,0,0,0
113000485,7,0,7
113000486,5,0,5
113000487,0,3,-3
113000488,2,1,1
113000489,0,2,-2
113000490,0,0,0
113000491,2,7,-5
113000492,4,4,0
113000493,3,0,3
113000495,274,225,49
113000496,130,149,-19
113900001,7,277,-270
113900002,4,147,-143
113900003,0,107,-107
113900004,2,95,-93
113900005,6,96,-90
113900006,9,61,-52
113900007,258,0,258
113900008,373,3,370
113900009,584,0,584
113900010,500,4,496
113900011,79,2,77
113900012,31,3,28
113900013,1727,31,1696
113900014,666,1,665
113900015,0,32,-32
113900016,20,0,20
113900017,1,48,-47
113900018,353,147,206
113900019,100,30,70
113900020,81,0,81
113900022,8,0,8
113900023,52,1,51
113900024,44,63,-19
113900025,216,9,207
113900026,23,0,23
113900027,5,67,-62
113900028,14,406,-392
113900029,34,243,-209
113900030,152,2,150
113900031,5,0,5
113900032,39,1,38
113900033,80,55,25
113900035,25,0,25
113900036,13,93,-80
113900037,44,435,-391
113900038,55,115,-60
113900039,85,10,75
113900040,2,0,2
113900041,1,1,0
113900042,93,66,27
113900043,155,80,75
113900044,297,223,74
113900045,62,3,59
113900046,186,586,-400
113900047,49,107,-58
113900048,279,72,207
113900049,642,261,381
113900050,163,285,-122
113900051,253,341,-88
113900052,125,141,-16
113900053,423,486,-63
113900054,11,0,11
113900055,84,430,-346
113900056,66,162,-96
113900057,28,116,-88
113900058,41,159,-118
113900059,217,290,-73
113900060,64,138,-74
113900061,753,257,496
113900062,59,9,50
113900063,65,109,-44
113900064,13,122,-109
113900065,636,10,626
113900066,273,350,-77
113900067,133,288,-155
113900068,402,352,50
113900069,21,17,4
113900070,182,429,-247
113900071,60,76,-16
113900072,52,164,-112
113900073,202,339,-137
113900074,119,320,-201
113900075,1233,1228,5
113900076,70,11,59
113900077,42,207,-165
113900078,28,55,-27
113900079,0,50,-50
113900080,378,203,175
113900081,46,197,-151
113900082,104,247,-143
113900083,150,427,-277
113900084,233,129,104
113900085,46,283,-237
113900086,24,32,-8
113900087,34,162,-128
113900088,43,75,-32
113900089,375,50,325
113900090,476,325,151
113900091,20,13,7
113900092,38,109,-71
113900093,87,599,-512
113900094,269,345,-76
113900095,113,128,-15
113900096,140,50,90
113900097,9,82,-73
113900098,471,95,376
113900099,0,47,-47
113900100,0,4,-4
113900101,22,61,-39
113900102,101,117,-16
113900103,203,198,5
113900104,107,247,-140
113900105,75,278,-203
113900106,1,85,-84
113900107,1,26,-25
113900108,232,192,40
113900109,284,114,170
113900110,30,10,20
113900111,130,51,79
113900112,72,45,27
113900113,718,470,248
113900114,1,90,-89
113900115,1,87,-86
113900116,116,130,-14
113900117,142,34,108
113900118,175,241,-66
113900119,264,434,-170
113900120,37,17,20
113900121,24,58,-34
113900122,221,1682,-1461
113900123,399,214,185
113900124,4,70,-66
113900125,983,132,851
113900126,110,49,61
113900127,166,458,-292
113900128,131,48,83
113900129,18,106,-88
113900130,6,13,-7
113900131,148,68,80
113900132,75,28,47
113900133,11,55,-44
113900135,302,396,-94
113900136,76,65,11
113900137,371,275,96
113900138,42,82,-40
113900139,312,132,180
113900140,332,256,76
113900141,410,354,56
113900142,120,50,70
113900143,6,32,-26
113900144,346,178,168
113900145,297,169,128
113900146,95,33,62
113900148,144,297,-153
113900149,116,80,36
113900150,762,674,88
113900151,310,158,152
113900152,9,24,-15
113900153,320,660,-340
113900154,0,66,-66
113900155,141,108,33
113900156,246,424,-178
113900157,30,236,-206
113900158,362,253,109
113900159,4,148,-144
113900160,471,571,-100
113900161,47,186,-139
113900162,469,513,-44
113900163,266,227,39
113900164,251,42,209
113900165,610,339,271
113900166,180,113,67
113900167,173,38,135
113900168,117,100,17
113900169,150,332,-182
113900171,139,57,82
113900172,4,182,-178
113900173,50,602,-552
113900174,387,541,-154
113900175,320,128,192
113900176,212,509,-297
113900177,356,165,191
113900178,254,83,171
113900179,12,485,-473
113900180,123,94,29
113900181,645,81,564
113900182,507,815,-308
113900183,78,67,11
113900184,11,520,-509
113900185,159,69,90
113900186,28,27,1
113900187,56,134,-78
113900188,41,86,-45
113900189,283,90,193
113900190,273,117,156
113900191,76,177,-101
113900192,1837,1452,385
113900193,24,179,-155
113900194,1578,986,592
113900195,298,348,-50
113900196,0,92,-92
113900197,0,209,-209
113900198,14,171,-157
113900199,104,661,-557
113900200,7,145,-138
113900201,1,170,-169
113900202,17,228,-211
113900203,11,115,-104
113900204,34,471,-437
113900205,5,101,-96
113900206,2,81,-79
113900207,2,52,-50
113900208,1,45,-44
113900209,0,49,-49
113900210,574,523,51
113900211,131,47,84
113900212,245,470,-225
113900214,445,341,104
113900215,20,112,-92
113900216,51,943,-892
113900217,45,235,-190
113900218,115,67,48
113900219,83,298,-215
113900220,120,95,25
113900221,293,146,147
113900222,1201,659,542
113900223,156,929,-773
113900224,72,56,16
113900225,466,181,285
113900226,234,85,149
113900227,290,180,110
113900228,292,328,-36
113900229,31,546,-515
113900230,3841,2304,1537
113900231,135,160,-25
113900232,71,82,-11
113900233,47,44,3
113900234,308,477,-169
113900235,57,17,40
113900236,55,337,-282
113900237,83,7,76
113900238,245,489,-244
113900239,45,54,-9
113900240,2,107,-105
113900241,98,31,67
113900242,53,118,-65
113900243,102,398,-296
113900244,396,207,189
113900245,1195,221,974
113900246,32,17,15
113900247,128,358,-230
113900248,2406,1436,970
113900249,1003,381,622
113900250,52,143,-91
113900251,520,204,316
113900252,496,9,487
113900253,706,31,675
113900254,822,115,707
113900255,399,13,386
113900256,339,30,309
113900257,40,626,-586
113900258,11,509,-498
113900259,466,167,299
113900260,137,10,127
113900261,46,142,-96
113900262,118,590,-472
113900263,151,717,-566
113900264,11,408,-397
113900265,139,217,-78
113900266,22,163,-141
113900267,97,473,-376
113900268,241,337,-96
113900269,71,124,-53
113900270,258,376,-118
113900271,484,1067,-583
113900273,142,12,130
113900274,62,52,10
113900275,34,56,-22
113900276,1,170,-169
113900277,92,2,90
113900278,215,143,72
113900279,59,55,4
113900280,1144,465,679
113900281,432,988,-556
113900282,557,330,227
113900283,321,351,-30
113900284,748,180,568
113900285,110,32,78
113900286,4,89,-85
113900287,27,18,9
113900288,6,143,-137
113900289,1026,93,933
113900290,336,137,199
113900291,95,176,-81
113900292,15,1,14
113900293,29,231,-202
113900294,355,17,338
113900295,404,366,38
113900296,904,119,785
113900297,1699,34,1665
113900298,7,1410,-1403
113900299,48,236,-188
113900300,3137,1598,1539
113900301,858,329,529
113900302,2267,819,1448
113900303,419,287,132
113900304,0,100,-100
113900305,75,2,73
113900306,14,0,14
113900307,102,0,102
113900308,63,114,-51
113900309,2,807,-805
113900310,0,11,-11
113900311,2,5,-3
113900312,95,137,-42
113900313,8,14,-6
113900314,2,28,-26
113900315,50,2,48
114000001,869,3211,-2342
114000002,175,403,-228
114000003,177,999,-822
114000004,263,331,-68
114000005,245,212,33
114000006,3348,2084,1264
114000007,662,1161,-499
114000008,1453,1376,77
114000009,596,211,385
114000011,2424,3086,-662
114000012,1832,1942,-110
114000013,1469,1775,-306
114000014,665,551,114
114000015,1552,564,988
114000016,261,371,-110
114000017,127,203,-76
114000018,319,42,277
114000026,1326,1401,-75
114000027,2612,2022,590
114000028,2090,2425,-335
114000038,223,133,90
114000039,225,249,-24
114000040,65,185,-120
114000042,194,234,-40
114000043,413,241,172
114000044,237,245,-8
114000045,58,76,-18
114000046,3228,4538,-1310
114000047,22,74,-52
114000048,168,137,31
114000049,1569,1379,190
114000050,1610,1936,-326
114000051,3559,1655,1904
114000052,4366,1264,3102
114000053,95,448,-353
114000054,194,848,-654
114000055,407,24,383
114000056,1129,705,424
114000057,7015,2158,4857
114000058,474,1457,-983
114000059,277,329,-52
114000060,642,881,-239
114000061,3484,2326,1158
114000062,2535,1082,1453
114000063,3074,1793,1281
114000064,5927,3458,2469
114000065,1535,2372,-837
114000066,430,546,-116
114000067,34,651,-617
114000068,381,569,-188
114000069,876,353,523
114000070,2070,1610,460
114000071,656,421,235
114000072,362,275,87
114000073,19,60,-41
114000074,65,21,44
114000075,55,113,-58
114000076,13,119,-106
114000077,9,40,-31
114000078,266,640,-374
114000079,133,29,104
114000080,62,102,-40
114000081,65,76,-11
114000082,47,560,-513
114000083,58,263,-205
114000084,264,91,173
114000085,113,564,-451
114000086,220,491,-271
114000087,40,195,-155
114000088,44,62,-18
114000089,1062,360,702
114000090,638,626,12
114000091,1473,649,824
114000092,862,415,447
114000093,951,679,272
114000094,454,372,82
114000095,382,92,290
114000096,219,421,-202
114000097,120,673,-553
114000098,416,100,316
114000099,468,777,-309
114000100,991,631,360
114000101,395,874,-479
114000102,387,337,50
114000103,130,449,-319
114000104,3,247,-244
114000105,92,39,53
114000106,908,702,206
114000107,226,108,118
114000108,3154,1330,1824
114000109,418,1325,-907
114000110,477,1572,-1095
114000111,1336,618,718
114000112,371,2665,-2294
114000113,1156,393,763
114000114,1221,1843,-622
114000115,2049,843,1206
114000116,546,1289,-743
114000117,2176,386,1790
114000118,1875,370,1505
114000119,1404,382,1022
114000120,347,427,-80
114000121,490,661,-171
114000122,592,304,288
114000123,1326,262,1064
114000124,877,248,629
114000125,476,1044,-568
114000126,1187,185,1002
114000127,208,163,45
114000128,839,504,335
114000130,588,475,113
114000131,204,70,134
114000132,583,598,-15
114000133,892,1334,-442
114000134,57,156,-99
114000138,41,209,-168
114000139,532,171,361
114000144,602,389,213
114000145,56,207,-151
114000146,106,325,-219
114000147,1081,1411,-330
114000148,2201,1771,430
114000149,362,254,108
114000150,2314,1291,1023
114000151,1993,1572,421
114000152,179,28,151
114000153,1472,2102,-630
114000154,1048,876,172
114000155,1155,2174,-1019
114000156,966,459,507
114000157,306,908,-602
114000158,1855,682,1173
114000159,214,360,-146
114000160,92,237,-145
114000161,1608,2488,-880
114000162,895,1771,-876
114000163,19,141,-122
114000165,408,219,189
114000166,713,264,449
114000167,3698,1412,2286
114000168,613,584,29
114000169,1557,1014,543
114000170,1085,871,214
114000171,854,2752,-1898
114000174,166,404,-238
114000176,625,362,263
114000177,2156,889,1267
114000178,27,38,-11
114000179,1102,767,335
114000180,504,683,-179
114000181,1436,2842,-1406
114000182,4436,2263,2173
114000183,856,978,-122
114000184,5818,1325,4493
114000185,859,767,92
114000189,543,121,422
114000190,2015,229,1786
114000191,37,56,-19
114000192,234,1458,-1224
114000193,761,2846,-2085
114000194,1197,1004,193
114000195,138,17,121
114000196,1,229,-228
114000197,878,11,867
114000198,991,356,635
114000199,2104,1461,643
114000200,708,1999,-1291
114000201,229,938,-709
114000202,865,661,204
114000203,726,1237,-511
114000204,137,474,-337
114000205,206,1547,-1341
114000206,460,1196,-736
114000207,660,1940,-1280
114000208,371,3049,-2678
114000209,645,2627,-1982
114000210,257,1466,-1209
114000211,1022,1449,-427
114000212,523,811,-288
114000213,1115,598,517
114000214,59,240,-181
114000215,171,67,104
114000216,1215,349,866
114000217,171,285,-114
114000218,139,275,-136
114000219,1151,213,938
114000220,28,1272,-1244
114000221,566,142,424
114000222,137,1077,-940
114000223,418,104,314
114000224,80,661,-581
114000225,202,491,-289
114000226,105,249,-144
114000227,705,525,180
114000228,548,756,-208
114000229,659,788,-129
114000230,1248,1281,-33
114000231,727,1174,-447
114000232,555,131,424
114000233,1685,130,1555
114000234,1115,768,347
114000235,1201,1841,-640
114000236,0,412,-412
114000237,76,959,-883
114000238,148,211,-63
114000239,111,1212,-1101
114000240,680,723,-43
114000241,229,993,-764
114000242,996,932,64
114000243,1298,806,492
114000244,482,341,141
114000245,295,614,-319
114000246,200,38,162
114000247,594,621,-27
114000248,712,527,185
114000249,468,512,-44
114000250,386,643,-257
114000251,252,329,-77
114000252,99,81,18
114000253,52,124,-72
114000254,25,85,-60
114000255,629,209,420
114000256,1936,1481,455
114000257,702,1584,-882
114000258,229,337,-108
114000259,56,243,-187
114000260,0,27,-27
114000261,51,37,14
114000262,95,139,-44
114000263,13,3,10
114000264,844,401,443
114000265,0,0,0
114000267,2,1677,-1675
114000268,4,1539,-1535
114000270,115,1,114
114000271,502,72,430
114000283,815,346,469
114000285,23,219,-196
114000288,76,329,-253
114000289,1232,210,1022
114000293,82,449,-367
114000294,123,218,-95
114000395,1682,69,1613
114000396,452,400,52
114000402,418,288,130
114000403,237,428,-191
114000405,66,503,-437
114000423,199,379,-180
114000424,268,154,114
114000425,404,431,-27
114000426,294,797,-503
114000427,40,84,-44
114000428,308,166,142
114000429,20,182,-162
114000432,114,160,-46
114000434,40,84,-44
114000435,2,109,-107
114900001,545,1144,-599
114900002,366,48,318
114900003,469,1784,-1315
114900004,179,290,-111
114900005,514,895,-381
114900006,67,50,17
114900007,153,21,132
114900008,131,81,50
114900010,2266,2347,-81
114900011,153,98,55
114900013,157,144,13
114900018,668,16,652
114900020,229,74,155
114900022,27,634,-607
114900025,357,276,81
114900026,74,63,11
114900029,123,23,100
114900030,367,235,132
114900031,290,40,250
114900032,221,29,192
114900034,54,239,-185
114900035,159,237,-78
114900036,209,878,-669
114900039,494,563,-69
114900040,88,162,-74
114900041,565,555,10
114900042,625,705,-80
114900044,86,8,78
114900047,172,1532,-1360
114900048,64,347,-283
114900049,26,283,-257
114900050,67,464,-397
114900051,16,358,-342
114900052,37,188,-151
114900053,51,265,-214
114900054,34,122,-88
114900057,185,11,174
114900058,0,56,-56
114900059,60,46,14
114900063,58,233,-175
114900064,945,541,404
114900065,306,693,-387
114900067,61,327,-266
114900068,87,280,-193
114900069,144,157,-13
114900070,546,521,25
114900072,5,270,-265
114900073,0,158,-158
114900074,388,730,-342
114900075,160,3,157
114900076,14,306,-292
114900080,2431,400,2031
114900082,3808,1818,1990
114900083,1176,1147,29
114900090,261,260,1
114900091,100,212,-112
114900097,93,3,90
114900098,4,251,-247
114900099,162,3,159
115000001,7685,5000,2685
115000002,3142,3454,-312
115000003,5043,4152,891
115000004,3360,5230,-1870
115000005,1621,2590,-969
115000006,965,1515,-550
115000007,160,162,-2
115000008,375,507,-132
115000009,261,331,-70
115000010,337,132,205
115000013,100,220,-120
115000015,98,531,-433
115000016,61,181,-120
115000019,47,477,-430
115000020,116,497,-381
115000021,221,474,-253
115000022,446,249,197
115000023,278,475,-197
115000024,959,481,478
115000025,705,540,165
115000026,108,367,-259
115000027,213,212,1
115000028,138,692,-554
115000029,482,93,389
115000030,594,893,-299
115000031,1061,163,898
115000032,5,242,-237
115000033,193,29,164
115000034,121,681,-560
115000035,898,72,826
115000036,3,325,-322
115000037,475,16,459
115000038,53,179,-126
115000039,3266,2532,734
115000040,5662,3183,2479
115000041,1128,2375,-1247
115000042,769,591,178
115000043,3188,2295,893
115000044,3157,4063,-906
115000045,2506,2138,368
115000046,1734,2522,-788
115000047,1686,1655,31
115000048,1381,2616,-1235
115000049,1504,3442,-1938
115000050,2861,1914,947
115000051,1541,2296,-755
115000052,3009,1854,1155
115000053,1317,1515,-198
115000054,598,1229,-631
115000055,162,427,-265
115000056,193,389,-196
115000057,703,644,59
115000058,404,161,243
115000059,215,145,70
115000061,261,88,173
115000062,177,294,-117
115000063,189,315,-126
115000064,259,102,157
115000065,56,377,-321
115000067,233,59,174
115000069,42,287,-245
115000070,32,840,-808
115000071,148,13,135
115000072,8,58,-50
115000073,1262,60,1202
115000075,96,48,48
115000076,3538,2906,632
115000077,1661,2573,-912
115000078,975,1651,-676
115000079,1050,1874,-824
115000080,1817,2530,-713
115000081,408,956,-548
115000082,2958,3475,-517
115000083,1808,2358,-550
115000084,1443,1144,299
115000085,604,932,-328
115000086,840,733,107
115000087,478,1316,-838
115000088,1581,545,1036
115000089,1427,1264,163
115000090,470,770,-300
115000091,245,1011,-766
115000092,375,312,63
115000093,347,3,344
115000094,6683,4744,1939
115000095,5171,4847,324
115000096,498,1713,-1215
115000097,700,810,-110
115000098,780,745,35
115000099,1989,2878,-889
115000100,846,495,351
115000101,425,1543,-1118
115000102,385,203,182
115000103,309,627,-318
115000105,35,171,-136
115000106,400,242,158
115000107,154,494,-340
115000108,3491,2259,1232
115000109,4425,3098,1327
115000110,1049,952,97
115000111,504,1568,-1064
115000112,542,486,56
115000113,540,742,-202
115000114,1419,721,698
115000116,3346,1649,1697
115000117,3247,2518,729
115000118,1908,1617,291
115000119,1828,1983,-155
115000120,547,1038,-491
115000121,1323,832,491
115000122,2849,1688,1161
115000123,1333,1698,-365
115000124,1125,865,260
115000125,398,562,-164
115000126,162,231,-69
115000127,506,88,418
115000128,697,775,-78
115000129,339,307,32
115000130,327,939,-612
115000131,799,321,478
115000132,169,393,-224
115000133,387,322,65
115000134,208,222,-14
115000135,215,242,-27
115000136,206,223,-17
115000137,118,141,-23
115000138,206,310,-104
115000139,282,249,33
115000140,213,215,-2
115000141,185,254,-69
115000142,180,288,-108
115000143,450,578,-128
115000144,446,70,376
115000145,305,393,-88
115000146,393,242,151
115000147,446,458,-12
115000148,244,999,-755
115000149,511,182,329
115000150,590,1121,-531
115000151,864,398,466
115000152,523,1386,-863
115000153,1010,487,523
115000154,660,235,425
115000155,638,977,-339
115000156,1167,532,635
115000157,934,822,112
115000158,672,361,311
115000159,818,401,417
115000160,419,240,179
115000161,164,449,-285
115000162,593,607,-14
115000163,508,524,-16
115000164,579,478,101
115000165,417,349,68
115000167,138,122,16
115000168,540,269,271
115000169,705,290,415
115000170,271,105,166
115000171,384,203,181
115000172,1128,514,614
115000173,290,370,-80
115000174,228,310,-82
115000175,296,73,223
115000176,126,46,80
115000177,177,25,152
115000178,16,171,-155
115000179,42,14,28
115000180,108,598,-490
115000181,509,111,398
115000182,617,297,320
115000183,190,804,-614
115000186,578,257,321
115000187,144,763,-619
115000188,343,464,-121
115000189,175,384,-209
115000190,642,522,120
115000191,178,451,-273
115000194,172,196,-24
115000195,290,271,19
115000196,117,145,-28
115000197,229,276,-47
115000198,189,200,-11
115000199,243,227,16
115000200,292,144,148
115000201,228,402,-174
115000206,300,48,252
115000207,43,365,-322
115000208,224,407,-183
115000209,499,229,270
115000210,139,117,22
115000211,142,141,1
115000212,1582,204,1378
115000224,468,36,432
115000225,48,74,-26
115000229,216,167,49
115000230,73,335,-262
115000231,278,2013,-1735
115000232,1237,276,961
115000233,139,167,-28
115000234,27,265,-238
115000241,45,223,-178
115000242,54,273,-219
115000243,47,209,-162
115000244,10,92,-82
115000246,63,18,45
115000247,40,21,19
115000248,32,13,19
115000249,42,10,32
115000250,306,32,274
115000251,181,96,85
115000252,105,177,-72
115000253,21,351,-330
115000258,286,146,140
115000259,308,112,196
115000261,18,41,-23
115000262,5,23,-18
115000263,8,43,-35
115000264,17,64,-47
115000267,48,61,-13
115000268,24,126,-102
115000269,144,70,74
115000270,2,21,-19
115000272,47,174,-127
115000273,342,30,312
115000280,1916,162,1754
115000281,259,432,-173
115000282,678,295,383
115000284,323,165,158
115000296,1137,15,1122
115000297,207,102,105
115000298,227,547,-320
115000300,185,119,66
115000302,480,211,269
115000303,597,137,460
115000304,535,96,439
115000305,87,844,-757
115000306,121,440,-319
115000307,60,257,-197
115000308,31,6,25
115000310,816,984,-168
115000311,644,1195,-551
115000313,163,634,-471
115000314,354,123,231
115000315,1180,596,584
115000316,50,85,-35
115000317,208,562,-354
115000318,658,292,366
115000319,49,334,-285
115000320,6,277,-271
115000321,535,11,524
115000322,46,246,-200
115000449,146,236,-90
115000557,103,864,-761
115000558,605,85,520
115000587,568,343,225
115000588,2509,3260,-751
115000589,3308,2527,781
115000590,1076,1343,-267
115000591,1212,769,443
115000592,787,1776,-989
115000593,1217,603,614
115000594,749,2469,-1720
115000609,200,206,-6
115000617,1867,3023,-1156
115000624,161,82,79
115000633,347,2050,-1703
115000634,2374,826,1548
115000635,446,133,313
115000638,989,620,369
115000641,86,111,-25
115000642,339,292,47
115000643,113,461,-348
115000644,130,401,-271
115000646,814,1177,-363
115000647,268,548,-280
115000648,1351,1748,-397
115000893,3572,1646,1926
115000894,162,1152,-990
115000895,665,984,-319
115000896,1796,381,1415
115000897,545,133,412
115000898,581,227,354
115000899,581,1494,-913
115000900,120,434,-314
115000901,73,152,-79
115000912,381,123,258
115000913,0,13,-13
115000915,70,1,69
115000916,22,0,22
115000917,0,4,-4
115000918,79,219,-140
115000919,14,10,4
115000920,71,50,21
115000921,753,129,624
115000922,1985,717,1268
115000923,751,1163,-412
115000925,108,80,28
115000927,46,46,0
115000933,650,261,389
115000934,104,166,-62
115000935,59,77,-18
115000936,56,454,-398
115000937,1220,166,1054
115000938,283,246,37
115000939,346,253,93
115000940,84,24,60
115000941,31,21,10
115000942,240,116,124
115000943,138,24,114
115000944,19,4,15
115900001,85,62,23
115900002,66,105,-39
115900003,98,79,19
115900004,1,70,-69
115900005,128,2,126
115900006,81,318,-237
115900008,41,14,27
115900009,73,268,-195
115900010,161,165,-4
115900011,434,228,206
115900012,82,72,10
115900013,319,108,211
115900014,84,142,-58
115900015,106,68,38
115900016,69,18,51
115900017,7,6,1
115900018,147,87,60
115900019,134,11,123
115900020,52,1,51
115900021,1154,153,1001
115900022,1820,7,1813
115900023,55,2,53
115900025,27,199,-172
115900026,684,248,436
115900027,0,278,-278
115900028,539,53,486
115900029,10,424,-414
115900030,18,17,1
115900031,332,198,134
115900032,388,545,-157
115900033,0,28,-28
115900034,27,427,-400
115900035,44,12,32
115900036,156,525,-369
115900037,38,327,-289
115900038,44,8,36
115900039,112,241,-129
115900041,471,416,55
115900042,34,1,33
115900043,92,106,-14
115900044,238,206,32
115900046,175,225,-50
115900047,111,58,53
115900049,85,232,-147
115900051,0,58,-58
115900052,13,239,-226
115900053,132,203,-71
115900054,124,36,88
115900055,11,123,-112
115900056,147,247,-100
115900057,66,2,64
115900058,26,64,-38
115900060,48,75,-27
115900061,197,0,197
115900062,16,347,-331
115900063,49,10,39
115900064,143,232,-89
115900065,100,82,18
115900066,173,136,37
115900067,9,624,-615
115900068,3116,699,2417
115900069,24,189,-165
115900070,137,172,-35
115900071,2,436,-434
115900072,39,154,-115
115900073,31,72,-41
115900074,7,342,-335
115900075,32,208,-176
115900076,3,65,-62
115900077,4,277,-273
115900078,42,104,-62
115900079,153,19,134
115900080,462,223,239
115900081,17,69,-52
115900082,103,123,-20
115900084,239,23,216
115900085,54,82,-28
115900086,1319,409,910
115900088,7,58,-51
115900089,117,734,-617
115900090,227,19,208
115900091,5,16,-11
115900092,21,198,-177
115900093,5,17,-12
115900094,4,305,-301
115900096,0,14,-14
115900097,4,348,-344
115900098,137,449,-312
115900099,71,49,22
115900100,7,550,-543
115900101,100,336,-236
115900102,50,83,-33
115900103,232,171,61
115900104,36,108,-72
115900105,122,533,-411
115900106,49,34,15
115900107,43,101,-58
115900108,51,36,15
115900109,37,320,-283
115900110,0,19,-19
115900111,0,70,-70
115900112,36,791,-755
115900113,24,20,4
115900114,6,115,-109
115900115,42,130,-88
115900116,50,800,-750
115900117,84,18,66
115900118,6,287,-281
115900119,123,71,52
115900120,28,301,-273
115900121,102,178,-76
115900124,153,439,-286
115900125,182,34,148
115900126,463,69,394
115900127,440,54,386
115900128,5,86,-81
115900129,504,32,472
115900130,24,222,-198
115900131,242,18,224
115900132,382,16,366
115900134,279,24,255
115900135,494,768,-274
115900137,43,6,37
115900139,53,63,-10
115900140,161,13,148
115900141,3,51,-48
115900142,18,22,-4
115900143,224,235,-11
115900144,49,168,-119
115900146,5,119,-114
115900147,206,170,36
115900148,19,4,15
115900149,29,16,13
115900150,80,56,24
115900151,21,66,-45
115900152,88,245,-157
115900153,67,174,-107
115900154,409,244,165
115900155,1,66,-65
115900156,508,696,-188
115900157,120,391,-271
115900158,24,9,15
115900159,62,250,-188
115900160,5,11,-6
115900161,52,131,-79
115900163,130,98,32
115900164,354,3,351
115900166,158,211,-53
115900168,83,127,-44
115900171,104,279,-175
115900172,60,99,-39
115900173,175,117,58
115900174,209,172,37
115900175,77,154,-77
115900178,6,614,-608
115900179,132,16,116
115900180,38,202,-164
115900181,95,188,-93
115900182,230,235,-5
115900183,71,37,34
115900184,1576,14,1562
115900187,20,104,-84
115900189,1,95,-94
115900190,88,892,-804
115900191,55,303,-248
115900192,7,67,-60
115900193,65,92,-27
115900194,472,56,416
115900195,556,1332,-776
115900198,159,295,-136
115900199,126,235,-109
115900200,240,254,-14
115900201,348,252,96
115900202,1,46,-45
115900203,8,16,-8
115900204,0,5,-5
115900205,188,6,182
115900206,116,118,-2
115900207,19,22,-3
115900208,142,241,-99
115900209,2,128,-126
115900210,4,87,-83
115900211,3,192,-189
115900212,121,234,-113
115900213,220,37,183
115900214,321,136,185
115900215,17,42,-25
115900216,1,62,-61
115900217,1,33,-32
115900218,2,36,-34
115900219,57,1,56
115900220,103,9,94
115900221,31,11,20
115900222,25,16,9
115900223,7,194,-187
115900224,1241,635,606
115900225,85,21,64
115900226,15,26,-11
115900227,8,36,-28
115900228,5,51,-46
115900229,8,61,-53
115900230,56,85,-29
115900231,96,3,93
115900232,96,5,91
115900233,47,15,32
115900234,37,27,10
115900235,29,32,-3
115900236,29,16,13
115900237,13,9,4
115900238,18,32,-14
115900239,12,12,0
115900240,9,51,-42
115900241,96,82,14
115900242,303,282,21
115900243,0,8,-8
115900244,4,11,-7
115900245,11,0,11
115900246,8,4,4
115900247,35,3,32
115900248,14,4,10
115900249,1,7,-6
115900250,2,17,-15
115900251,0,7,-7
115900252,2,6,-4
115900253,8,20,-12
115900254,14,28,-14
115900255,3,22,-19
115900256,20,63,-43
115900257,2,3,-1
115900258,1,2,-1
115900259,4,4,0
115900260,14,1,13
115900261,7,2,5
115900262,0,0,0
115900263,6,0,6
115900264,2,0,2
115900265,4,6,-2
115900266,6,20,-14
115900267,12,4,8
115900268,4,10,-6
115900269,298,405,-107
115900270,245,552,-307
115900271,67,0,67
115900272,18,3,15
115900273,11,9,2
115900274,2,2,0
115900275,1,19,-18
115900276,0,28,-28
115900277,0,89,-89
115900278,28,107,-79
115900279,21,131,-110
115900280,13,233,-220
115900281,648,259,389
115900282,20,12,8
115900283,8,18,-10
115900284,16,2,14
116000001,10826,4853,5973
116000002,3362,7833,-4471
116000003,1707,1854,-147
116000004,2182,3197,-1015
116000005,3108,2437,671
116000006,2841,1428,1413
116000007,3326,3503,-177
116000008,3394,1640,1754
116000009,1633,2683,-1050
116000010,2046,1105,941
116000011,956,1926,-970
116000012,1277,830,447
116000013,14758,4806,9952
116000014,16110,11662,4448
116000015,344,1132,-788
116000016,4038,2005,2033
116000017,1046,1025,21
116000018,746,501,245
116000019,675,444,231
116000020,449,923,-474
116000021,477,311,166
116000022,453,416,37
116000023,827,785,42
116000024,593,806,-213
116000025,1017,533,484
116000026,1047,1390,-343
116000027,524,354,170
116000028,517,800,-283
116000029,852,639,213
116000030,629,457,172
116000031,118,255,-137
116000032,389,212,177
116000033,320,435,-115
116000034,1219,1211,8
116000035,586,789,-203
116000036,1588,706,882
116000037,663,604,59
116000038,556,334,222
116000039,535,260,275
116000040,820,144,676
116000041,180,444,-264
116000042,1368,232,1136
116000043,54,509,-455
116000044,15,84,-69
116000045,1528,801,727
116000046,559,931,-372
116000047,2079,2750,-671
116000048,2348,1631,717
116000049,1019,2174,-1155
116000050,2243,2267,-24
116000051,5602,2627,2975
116000052,5824,4527,1297
116000053,2395,1322,1073
116000054,1421,2478,-1057
116000055,643,1502,-859
116000056,830,1332,-502
116000057,3549,1864,1685
116000058,3607,2690,917
116000059,2603,4285,-1682
116000060,2153,821,1332
116000061,703,1029,-326
116000062,1106,244,862
116000063,828,1116,-288
116000066,336,665,-329
116000067,348,592,-244
116000068,337,537,-200
116000069,876,618,258
116000078,373,1036,-663
116000080,1568,1023,545
116000082,2,63,-61
116000083,1140,399,741
116000084,1813,3670,-1857
116000085,1626,1246,380
116000086,2056,1666,390
116000087,1497,1358,139
116000088,599,964,-365
116000089,179,84,95
116000090,114,155,-41
116000091,173,147,26
116000093,549,431,118
116000094,399,498,-99
116000095,555,546,9
116000096,607,1157,-550
116000097,511,731,-220
116000098,162,4442,-4280
116000099,6929,370,6559
116000100,142,13,129
116000101,492,907,-415
116000102,200,1412,-1212
116000103,366,278,88
116000104,152,1379,-1227
116000105,887,162,725
116000106,457,1073,-616
116000107,1457,439,1018
116000108,205,147,58
116000111,199,31,168
116000113,71,99,-28
116000114,39,139,-100
116000115,166,108,58
116000116,271,481,-210
116000117,1251,2037,-786
116000118,1151,1231,-80
116000119,2186,2032,154
116000120,2525,3916,-1391
116000121,641,500,141
116000122,1308,1809,-501
116000123,692,389,303
116000124,337,853,-516
116000125,1653,487,1166
116000126,208,1512,-1304
116000127,1102,1326,-224
116000128,1154,713,441
116000129,898,166,732
116000130,728,407,321
116000133,517,1047,-530
116000134,1682,2350,-668
116000135,1853,1416,437
116000136,1162,2246,-1084
116000137,986,708,278
116000138,601,462,139
116000139,1756,2132,-376
116000140,110,206,-96
116000141,256,493,-237
116000142,1958,1046,912
116000143,1744,1730,14
116000144,1920,3222,-1302
116000145,1344,1238,106
116000146,455,382,73
116000147,340,142,198
116000148,422,303,119
116000149,573,551,22
116000151,301,371,-70
116000153,279,251,28
116000155,537,952,-415
116000156,485,1108,-623
116000157,47,19,28
116000158,288,370,-82
116000159,20,16,4
116000160,18,58,-40
116000161,9,73,-64
116000162,92,108,-16
116000163,11,13,-2
116000164,11,14,-3
116000177,96,105,-9
116000194,460,366,94
116000195,1680,707,973
116000196,9,6,3
116000197,8,14,-6
116000198,3185,1704,1481
116000200,695,500,195
116000201,659,686,-27
116000202,11,254,-243
116000203,9,87,-78
116000204,8,58,-50
116000205,0,206,-206
116000206,1,103,-102
116000207,1,50,-49
116000233,157,428,-271
116000287,108,545,-437
116000288,191,240,-49
116000292,28,92,-64
116000296,12,153,-141
116000297,81,15,66
116000304,82,33,49
116000305,25,54,-29
116000346,112,101,11
116000352,87,26,61
116000354,41,5,36
116000357,22,13,9
116000358,203,38,165
116000361,404,2,402
116000372,8951,3623,5328
116000381,101,1,100
116000388,0,53,-53
116000389,750,564,186
116000445,260,688,-428
116000446,394,800,-406
116000447,21,353,-332
116000448,606,255,351
116000563,1097,910,187
116000565,51,373,-322
116000568,46,111,-65
116000579,40,106,-66
116000583,142,75,67
116000584,34,4,30
116000585,16,20,-4
116000586,140,93,47
116000587,606,565,41
116000589,28,61,-33
116000590,47,45,2
116000591,129,295,-166
116000592,16,99,-83
116000593,0,49,-49
116000594,421,427,-6
116000595,636,140,496
116000596,88,6,82
116000597,277,66,211
116000598,18,194,-176
116000605,231,108,123
116000606,42,191,-149
116000607,8,44,-36
116000609,169,846,-677
116000611,78,550,-472
116000612,651,1820,-1169
116000613,454,340,114
116000614,455,635,-180
116000615,0,230,-230
116000616,42,116,-74
116000617,84,80,4
116000618,3,126,-123
116000619,22,34,-12
116000620,111,419,-308
116000621,40,111,-71
116000622,50,194,-144
116000624,120,81,39
116000627,51,97,-46
116000628,65,412,-347
116000629,27,310,-283
116000630,185,30,155
116000631,81,43,38
116000632,387,111,276
116000633,108,285,-177
116000634,219,78,141
116000635,4369,2906,1463
116000636,1939,1062,877
116000637,285,27,258
116000638,99,408,-309
116000639,65,3,62
116000640,9,14,-5
116000641,67,154,-87
116000643,58,290,-232
116000644,61,651,-590
116000645,127,16,111
116900001,177,162,15
116900002,164,5,159
116900003,16,58,-42
116900004,44,28,16
116900005,195,44,151
116900006,146,110,36
116900007,91,156,-65
116900008,238,320,-82
116900009,10,3,7
116900010,569,1497,-928
116900011,10,31,-21
116900012,134,176,-42
116900013,4,149,-145
116900014,65,284,-219
116900015,222,66,156
116900016,139,1,138
116900017,0,622,-622
116900018,38,43,-5
116900019,11,291,-280
116900020,1106,467,639
116900023,51,3,48
116900024,411,39,372
116900025,701,895,-194
116900026,142,684,-542
116900027,18,47,-29
116900028,6,92,-86
116900029,0,31,-31
116900031,1,6,-5
116900032,2,415,-413
116900033,12,10,2
116900034,5,59,-54
116900035,117,204,-87
116900036,7,78,-71
116900038,7,2,5
116900041,28,13,15
116900042,717,273,444
116900043,10,91,-81
116900047,65,74,-9
116900049,35,275,-240
116900050,91,493,-402
116900051,69,235,-166
116900052,218,39,179
116900055,0,2,-2
116900057,16,240,-224
116900058,23,440,-417
116900059,3,124,-121
116900060,141,174,-33
116900062,0,3,-3
116900064,62,781,-719
116900065,13,131,-118
116900067,90,78,12
116900068,122,281,-159
116900070,1,5,-4
116900072,22,352,-330
116900073,4,144,-140
116900074,9,29,-20
116900076,4,22,-18
116900077,7,157,-150
116900078,219,114,105
116900079,16,324,-308
116900080,4,16,-12
116900081,274,1288,-1014
116900082,354,727,-373
116900083,63,72,-9
116900084,200,53,147
116900085,23,128,-105
116900086,76,198,-122
116900088,378,53,325
116900090,133,60,73
116900091,148,85,63
116900092,39,677,-638
116900093,1284,2219,-935
116900094,4033,3684,349
116900095,365,159,206
116900096,77,156,-79
116900097,3976,2110,1866
116900098,830,233,597
116900099,573,425,148
116900100,658,26,632
116900101,150,461,-311
116900103,8,1,7
116900104,75,91,-16
116900105,232,64,168
116900106,738,3,735
116900107,4084,1695,2389
116900110,16,0,16
116900111,416,815,-399
116900112,186,836,-650
116900113,2136,937,1199
116900116,162,293,-131
116900117,95,62,33
116900118,782,664,118
116900120,205,66,139
116900121,38,13,25
116900122,579,765,-186
116900123,139,717,-578
116900124,151,978,-827
116900125,179,209,-30
116900126,129,384,-255
116900128,0,30,-30
116900129,4,265,-261
116900130,632,2638,-2006
116900131,62,197,-135
116900132,35,72,-37
116900133,98,85,13
116900134,150,195,-45
116900136,161,165,-4
116900137,323,127,196
116900138,162,198,-36
116900139,93,353,-260
116900140,132,133,-1
116900141,647,319,328
116900142,1,25,-24
116900143,235,336,-101
116900144,19,51,-32
116900145,76,215,-139
116900147,764,290,474
116900148,3,36,-33
116900149,34,192,-158
116900150,6,7,-1
116900151,29,17,12
116900153,68,76,-8
116900154,679,391,288
116900155,72,73,-1
116900157,395,347,48
116900158,815,181,634
116900159,40,337,-297
116900160,2015,289,1726
116900161,6737,4733,2004
116900162,22,125,-103
116900163,153,151,2
116900164,142,42,100
116900165,150,70,80
116900166,14,95,-81
116900167,319,47,272
116900168,250,60,190
116900169,1088,262,826
116900170,207,328,-121
116900171,35,189,-154
116900172,215,167,48
116900173,163,39,124
116900174,36,39,-3
116900175,236,90,146
116900178,22,157,-135
116900179,88,169,-81
116900180,85,12,73
116900182,252,197,55
116900183,94,71,23
116900185,16,27,-11
116900186,82,282,-200
116900187,46,26,20
116900188,101,8,93
116900189,20,2,18
116900191,320,469,-149
116900192,189,113,76
116900194,92,922,-830
116900195,30,9,21
116900196,15,105,-90
116900197,66,4,62
116900198,232,144,88
116900200,38,21,17
116900201,72,21,51
116900202,119,59,60
116900203,67,8,59
116900204,68,62,6
116900206,12,29,-17
116900207,41,27,14
116900208,6,95,-89
116900209,18,100,-82
116900210,334,266,68
116900211,106,3,103
116900212,57,88,-31
116900213,173,156,17
116900214,124,128,-4
116900215,40,62,-22
116900216,299,175,124
116900218,7,247,-240
116900219,1020,362,658
116900220,86,144,-58
116900221,42,255,-213
116900222,315,271,44
116900223,80,228,-148
116900226,49,70,-21
116900227,217,62,155
116900228,234,288,-54
116900230,28,275,-247
116900231,17,431,-414
116900232,4,507,-503
116900233,154,91,63
116900234,4,7,-3
116900235,261,304,-43
116900238,1494,341,1153
116900239,71,999,-928
116900240,6173,3812,2361
116900241,41,97,-56
116900242,1185,344,841
116900243,1,31,-30
116900245,26,15,11
116900246,106,98,8
116900247,487,17,470
116900248,96,25,71
116900249,163,61,102
116900250,248,59,189
116900251,417,495,-78
116900252,97,804,-707
116900254,14,88,-74
116900255,85,51,34
116900256,289,181,108
116900257,9,528,-519
116900258,3,269,-266
116900259,132,1,131
116900260,3,143,-140
116900261,32,1,31
116900262,93,132,-39
116900263,0,6,-6
116900264,62,37,25
116900265,10,0,10
116900266,3,36,-33
116900267,2,1,1
116900268,77,10,67
116900269,325,519,-194
116900271,961,132,829
116900272,675,550,125
116900273,309,47,262
116900274,79,59,20
116900275,108,127,-19
116900276,299,82,217
116900277,515,24,491
116900278,4,5,-1
116900279,1,11,-10
116900280,18,20,-2
116900281,6535,3202,3333
116900282,3,111,-108
116900283,11,169,-158
116900284,4,255,-251
116900285,209,347,-138
116900286,119,22,97
116900287,5,58,-53
116900288,37,153,-116
116900289,7,10,-3
116900290,7,39,-32
116900291,10,7,3
116900292,0,18,-18
116900293,54,60,-6
116900294,37,140,-103
116900295,572,27,545
116900296,142,45,97
116900297,13,59,-46
116900298,81,34,47
116900299,56,73,-17
116900300,4,74,-70
116900301,57,67,-10
116900302,76,26,50
116900303,386,122,264
116900304,1,99,-98
116900305,36,81,-45
116900306,147,163,-16
116900307,70,0,70
116900308,0,160,-160
116900309,52,63,-11
116900310,11,46,-35
116900311,3,133,-130
117000001,1943,1752,191
117000002,2373,4616,-2243
117000003,8284,3184,5100
117000004,4654,5917,-1263
117000005,2161,1834,327
117000006,1529,4259,-2730
117000007,3626,1401,2225
117000008,1211,5196,-3985
117000009,4967,2079,2888
117000010,2657,5042,-2385
117000011,1721,1962,-241
117000012,1266,1842,-576
117000013,2079,1085,994
117000014,1740,2689,-949
117000015,3600,1343,2257
117000016,693,78,615
117000017,984,121,863
117000018,252,395,-143
117000019,329,31,298
117000020,425,1099,-674
117000021,2386,735,1651
117000022,656,84,572
117000023,1045,192,853
117000024,680,72,608
117000025,1708,446,1262
117000026,5275,842,4433
117000027,2247,2140,107
117000028,4219,1214,3005
117000030,751,541,210
117000031,421,283,138
117000032,2775,1316,1459
117000033,1627,1570,57
117000034,507,366,141
117000035,288,325,-37
117000036,539,419,120
117000037,305,278,27
117000038,316,643,-327
117000039,511,282,229
117000040,191,936,-745
117000041,797,168,629
117000044,31,920,-889
117000045,572,44,528
117000046,691,753,-62
117000047,1132,713,419
117000048,2407,1628,779
117000049,67,512,-445
117000050,121,2195,-2074
117000051,1841,152,1689
117000052,39,378,-339
117000053,460,62,398
117000054,1371,11,1360
117000055,103,2890,-2787
117000056,493,19,474
117000057,646,2266,-1620
117000060,410,1664,-1254
117000061,1905,1114,791
117000062,218,533,-315
117000063,1962,844,1118
117000064,897,940,-43
117000066,927,711,216
117000067,176,463,-287
117000074,164,283,-119
117000076,68,59,9
117000077,106,138,-32
117000078,168,741,-573
117000079,345,238,107
117000080,1,364,-363
117000081,1005,125,880
117000082,36,62,-26
117000083,575,389,186
117000084,418,2,416
117000085,204,590,-386
117000086,932,574,358
117000087,77,572,-495
117000088,254,262,-8
117000089,1408,312,1096
117000090,218,1668,-1450
117000091,725,296,429
117000092,402,1666,-1264
117000093,1076,747,329
117000094,1044,2927,-1883
117000095,2933,879,2054
117000096,572,2657,-2085
117000097,1098,1243,-145
117000098,2461,5304,-2843
117000099,2510,1150,1360
117000100,121,210,-89
117000101,193,1292,-1099
117000102,1275,707,568
117000103,971,2136,-1165
117000104,1219,671,548
117000105,954,1938,-984
117000106,883,892,-9
117000107,489,1675,-1186
117000108,1329,873,456
117000109,2087,2750,-663
117000110,1340,807,533
117000111,3431,5009,-1578
117000112,2840,2032,808
117000113,76,275,-199
117000114,146,124,22
117000115,72,128,-56
117000116,92,176,-84
117000117,1867,619,1248
117000118,406,176,230
117000119,1402,154,1248
117000120,818,359,459
117000121,173,1378,-1205
117000122,411,1459,-1048
117000123,2198,26,2172
117000124,826,39,787
117000125,836,86,750
117000126,176,25,151
117000127,220,315,-95
117000128,486,655,-169
117000129,962,578,384
117000130,118,7,111
117000131,0,88,-88
117000132,1840,33,1807
117000133,999,107,892
117000134,2,43,-41
117000135,32,69,-37
117000136,4,40,-36
117000137,84,68,16
117000138,5,527,-522
117000140,530,1917,-1387
117000141,1271,583,688
117000181,455,262,193
117000182,265,394,-129
117000195,173,1061,-888
117000196,173,71,102
117000225,233,18,215
117000226,11,182,-171
117000276,202,8,194
117000277,2,418,-416
117000310,2075,2730,-655
117000315,26,1329,-1303
117000320,108,0,108
117000906,232,11,221
117000907,3,383,-380
117000909,130,34,96
117000910,177,171,6
117000911,85,254,-169
117000915,9,641,-632
117000916,19,3,16
117000917,728,32,696
117000918,56,57,-1
117000919,4,159,-155
117000920,3,1386,-1383
117000921,3,1475,-1472
117000922,73,121,-48
117000924,640,1055,-415
117000926,882,93,789
117000927,1927,527,1400
117000928,0,208,-208
117000929,186,716,-530
117000930,182,12,170
117000931,411,110,301
117900002,205,341,-136
117900003,662,351,311
117900005,13,58,-45
117900006,0,6,-6
117900007,126,116,10
117900008,0,33,-33
117900010,1039,106,933
117900011,27,14,13
117900012,69,115,-46
117900013,2,248,-246
117900014,1768,184,1584
117900015,11,133,-122
117900016,1240,522,718
117900017,1328,498,830
117900018,158,59,99
117900019,367,365,2
117900020,61,365,-304
117900021,35,74,-39
117900023,404,397,7
117900024,68,77,-9
117900025,47,7,40
117900026,257,342,-85
117900028,135,9,126
117900029,173,1244,-1071
117900031,369,66,303
117900032,741,556,185
117900033,203,1037,-834
117900034,93,37,56
117900035,308,77,231
117900036,183,692,-509
117900037,65,93,-28
117900038,26,314,-288
117900039,8,84,-76
117900040,82,426,-344
117900041,4,42,-38
117900042,4477,476,4001
117900043,26,46,-20
117900044,13,6616,-6603
117900045,208,91,117
117900048,247,340,-93
117900049,211,868,-657
117900050,38,61,-23
117900051,158,3,155
117900052,55,277,-222
117900053,1201,713,488
117900054,1,13,-12
117900055,78,389,-311
117900056,407,23,384
117900057,960,1321,-361
117900058,115,23,92
117900059,487,73,414
117900060,1240,5325,-4085
117900061,30,305,-275
117900063,348,223,125
117900065,638,1164,-526
117900066,10,46,-36
117900067,311,270,41
117900069,902,397,505
117900070,344,12,332
117900071,120,145,-25
117900073,390,435,-45
117900074,634,12,622
117900075,92,91,1
117900076,24,68,-44
117900077,269,155,114
117900078,189,538,-349
117900080,295,61,234
117900081,509,404,105
117900082,281,282,-1
117900083,324,601,-277
117900086,138,35,103
117900087,106,52,54
117900088,3068,2246,822
117900089,1453,499,954
117900090,920,673,247
117900091,126,150,-24
117900092,57,39,18
117900093,53,78,-25
117900094,13,23,-10
117900095,877,707,170
117900096,59,231,-172
117900097,178,68,110
117900098,11,3,8
117900099,245,302,-57
117900100,122,1,121
117900101,349,1309,-960
117900102,38,46,-8
117900103,26,0,26
117900104,35,147,-112
117900105,120,264,-144
117900106,64,56,8
117900107,13,0,13
117900109,325,270,55
117900110,56,1,55
117900111,277,14,263
117900112,57,6,51
117900113,5449,1556,3893
117900114,18,2,16
117900115,340,54,286
117900116,854,938,-84
117900117,267,282,-15
117900118,45,0,45
117900119,95,222,-127
117900120,185,63,122
117900121,63,16,47
117900122,825,2580,-1755
117900123,849,557,292
117900124,556,564,-8
117900125,1494,1403,91
117900126,233,544,-311
117900127,460,507,-47
117900128,290,726,-436
117900129,78,0,78
117900130,735,434,301
117900131,2,113,-111
117900132,19,96,-77
117900133,7,101,-94
117900134,38,128,-90
117900135,14,203,-189
117900136,0,40,-40
117900137,36,291,-255
117900138,0,40,-40
117900139,115,111,4
117900140,5450,51,5399
117900141,268,216,52
117900142,403,82,321
117900144,68,60,8
117900145,22,13,9
117900146,345,85,260
117900147,48,42,6
117900148,3120,1060,2060
117900149,79,125,-46
117900150,19,40,-21
117900151,36,91,-55
117900152,133,68,65
117900153,27,75,-48
117900154,513,732,-219
117900156,851,854,-3
117900157,77,479,-402
117900158,141,142,-1
117900160,496,451,45
117900161,2538,2464,74
117900162,399,638,-239
117900163,261,41,220
117900165,0,10,-10
117900166,90,374,-284
117900168,63,175,-112
117900169,1,122,-121
117900170,2,43,-41
117900171,1,22,-21
117900172,15,32,-17
117900173,145,99,46
117900174,31,46,-15
117900175,8,30,-22
117900176,15,41,-26
117900177,14,46,-32
117900178,69,28,41
117900180,283,29,254
117900181,104,154,-50
117900182,5,29,-24
117900183,51,200,-149
117900184,10,46,-36
117900185,27,31,-4
117900186,24,9,15
117900187,13,10,3
117900188,159,30,129
117900189,59,33,26
117900190,24,4,20
117900191,52,0,52
117900192,137,0,137
117900193,2,91,-89
117900194,10,6,4
117900195,6,31,-25
117900196,20,19,1
117900207,143,99,44
117900208,24,53,-29
117900209,195,182,13
117900210,118,222,-104
117900211,6,164,-158
117900212,73,179,-106
117900213,10,12,-2
117900214,3,23,-20
117900215,36,39,-3
117900216,67,13,54
117900217,164,163,1
117900218,193,208,-15
117900219,47,74,-27
117900220,204,129,75
117900222,164,284,-120
117900223,200,256,-56
118000001,1084,957,127
118000002,2336,2364,-28
118000003,4358,2384,1974
118000004,4533,2171,2362
118000005,5050,4671,379
118000006,5877,9379,-3502
118000007,9360,2382,6978
118000008,7384,3369,4015
118000009,2588,3369,-781
118000010,4707,3907,800
118000011,1230,2379,-1149
118000012,1125,2434,-1309
118000013,3265,2806,459
118000014,2033,3060,-1027
118000016,247,401,-154
118000017,220,367,-147
118000018,427,499,-72
118000019,2418,1347,1071
118000020,1246,1993,-747
118000021,891,2287,-1396
118000022,1818,668,1150
118000023,1304,382,922
118000024,1274,849,425
118000027,15483,9870,5613
118000029,1050,685,365
118000032,1613,3234,-1621
118000033,3076,3662,-586
118000034,5661,2173,3488
118000035,1575,2221,-646
118000036,1557,1003,554
118000037,951,807,144
118000038,150,73,77
118000039,144,319,-175
118000040,1576,1580,-4
118000041,2423,1455,968
118000045,1273,892,381
118000046,2474,499,1975
118000047,3484,639,2845
118000048,4328,1186,3142
118000051,2468,494,1974
118000052,1715,270,1445
118000053,894,660,234
118000054,2340,2183,157
118000055,1839,2469,-630
118000056,255,296,-41
118000057,249,536,-287
118000058,4049,1011,3038
118000059,3565,663,2902
118000060,1072,577,495
118000061,857,1292,-435
118000062,764,264,500
118000063,457,414,43
118000064,1130,1114,16
118000065,5543,1827,3716
118000066,805,1294,-489
118000067,1455,729,726
118000068,2520,4056,-1536
118000069,4251,1040,3211
118000070,7012,1742,5270
118000071,3588,5800,-2212
118000072,4254,1411,2843
118000073,4541,480,4061
118000074,1372,1160,212
118000075,1460,529,931
118000076,2039,1880,159
118000077,1487,1116,371
118000078,2158,1970,188
118000079,257,355,-98
118000080,1395,845,550
118000081,2031,1018,1013
118000082,290,906,-616
118000083,1574,1390,184
118000084,2749,1826,923
118000086,292,581,-289
118000087,4812,2550,2262
118000088,1628,1636,-8
118000089,3016,2063,953
118000090,2166,2688,-522
118000091,1149,2566,-1417
118000092,1063,429,634
118000093,114,730,-616
118000096,602,526,76
118000097,834,597,237
118000098,271,155,116
118000099,382,774,-392
118000101,967,417,550
118000102,342,1275,-933
118000107,2485,488,1997
118000108,664,2392,-1728
118000110,3,29,-26
118000111,3,641,-638
118000112,438,15,423
118000113,5,804,-799
118000114,379,7,372
118000115,13,29,-16
118000116,87,0,87
118000117,1507,756,751
118000118,973,683,290
118000119,930,979,-49
118000120,1626,1121,505
118000121,219,523,-304
118000122,1762,322,1440
118000123,57,306,-249
118000125,2101,954,1147
118000126,1291,1802,-511
118000127,1536,678,858
118000128,725,1208,-483
118000129,1804,473,1331
118000130,2602,4018,-1416
118000131,1181,1027,154
118000132,2057,1508,549
118000133,1358,497,861
118000135,601,368,233
118000136,95,588,-493
118000137,947,121,826
118000138,331,516,-185
118000139,360,127,233
118000140,2207,4106,-1899
118000141,1857,2259,-402
118000142,1614,2132,-518
118000143,1668,1346,322
118000144,1459,982,477
118000145,1741,2790,-1049
118000146,1375,1254,121
118000147,1102,1774,-672
118000148,633,1458,-825
118000149,790,1175,-385
118000150,264,417,-153
118000151,326,525,-199
118000153,1029,1415,-386
118000154,1378,2065,-687
118000155,853,1630,-777
118000156,2232,2378,-146
118000157,507,373,134
118000158,179,499,-320
118000159,17,93,-76
118000160,373,462,-89
118000161,360,684,-324
118000162,2139,1068,1071
118000163,622,1050,-428
118000164,2304,2013,291
118000168,1074,276,798
118000169,1202,1521,-319
118000170,3838,5460,-1622
118000171,361,626,-265
118000172,84,303,-219
118000173,1260,1219,41
118000175,267,453,-186
118000176,259,488,-229
118000177,211,562,-351
118000178,90,54,36
118000179,1570,1218,352
118000180,677,843,-166
118000181,966,351,615
118000182,396,307,89
118000183,279,299,-20
118000184,577,1093,-516
118000185,951,923,28
118000186,686,843,-157
118000187,979,696,283
118000188,889,159,730
118000189,463,614,-151
118000190,9,7,2
118000191,14,21,-7
118000192,276,207,69
118000193,166,364,-198
118000194,2778,1248,1530
118000195,1520,731,789
118000196,747,136,611
118000197,1526,368,1158
118000198,1374,758,616
118000199,2990,717,2273
118000200,77,173,-96
118000201,867,488,379
118000202,56,53,3
118000203,2337,501,1836
118000204,242,382,-140
118000205,405,359,46
118000206,187,193,-6
118000207,1,68,-67
118000208,1110,1483,-373
118000209,1838,2221,-383
118000210,39,35,4
118000211,15,43,-28
118000213,1317,792,525
118000214,647,693,-46
118000215,259,469,-210
118000216,1236,4131,-2895
118000217,22,92,-70
118000218,50,90,-40
118000219,387,409,-22
118000220,3,37,-34
118000221,90,237,-147
118000222,51,3,48
118000223,49,57,-8
118000224,247,76,171
118000225,180,818,-638
118000226,1757,148,1609
118000227,717,350,367
118000228,116,142,-26
118000229,365,58,307
118000230,94,212,-118
118000231,73,194,-121
118000232,623,919,-296
118000233,792,677,115
118000234,264,169,95
118000236,412,292,120
118000237,61,292,-231
118000238,197,218,-21
118000239,279,296,-17
118000240,401,103,298
118000241,128,287,-159
118000242,310,414,-104
118000243,171,187,-16
118000244,13,122,-109
118000246,32,21,11
118000255,105,276,-171
118000256,138,292,-154
118000259,1,20,-19
118000260,160,77,83
118000261,11,74,-63
118000263,71,220,-149
118000266,1996,408,1588
118000267,0,79,-79
118000268,660,5,655
118000270,72,22,50
118000271,204,366,-162
118000272,60,30,30
118000273,107,68,39
118000274,97,259,-162
118000276,354,340,14
118000295,6,64,-58
118000298,127,346,-219
118000299,74,196,-122
118000301,0,81,-81
118000302,62,79,-17
118000311,280,83,197
118000312,230,162,68
118000313,22,153,-131
118000314,41,56,-15
118000315,15,39,-24
118000316,553,485,68
118000325,39,61,-22
118000326,15,37,-22
118000331,11,40,-29
118000332,39,39,0
118000333,37,55,-18
118000335,244,2,242
118000336,1,272,-271
118000407,105,71,34
118000457,7,51,-44
118000465,3543,3964,-421
118000480,46,149,-103
118000489,68,263,-195
118000490,91,388,-297
118000492,201,211,-10
118000510,56,21,35
118000514,201,323,-122
118000515,553,679,-126
118000517,338,277,61
118000524,609,182,427
118000525,834,607,227
118000530,44,56,-12
118000531,212,334,-122
118000532,240,310,-70
118000533,370,201,169
118000534,667,336,331
118000535,153,133,20
118000536,987,1059,-72
118000537,146,221,-75
118000538,122,84,38
118000539,33,181,-148
118000540,210,108,102
118000541,162,57,105
118000542,86,131,-45
118000543,191,305,-114
118000546,114,133,-19
118000553,0,1,-1
118000560,2588,1471,1117
118000562,25,269,-244
118000563,2238,1393,845
118000576,189,268,-79
118000577,177,156,21
118000578,205,121,84
118000579,738,1035,-297
118000583,0,0,0
118000595,180,122,58
118000596,0,52,-52
118000597,139,168,-29
118000598,2,0,2
118000599,74,48,26
118000600,3,3,0
118000601,2,0,2
118000602,1,11,-10
118000603,0,51,-51
118000605,44,331,-287
118000606,57,28,29
118000607,98,278,-180
118900001,772,859,-87
118900002,950,731,219
118900003,140,9,131
118900004,52,63,-11
118900005,80,11,69
118900006,117,3,114
118900007,1,2,-1
118900008,1517,37,1480
118900009,31,21,10
118900010,48,7,41
118900011,98,11,87
118900012,438,165,273
118900013,319,81,238
118900015,157,39,118
118900016,5,22,-17
118900017,221,223,-2
118900018,697,17,680
118900019,39,19,20
118900020,179,102,77
118900021,160,331,-171
118900022,138,72,66
118900023,109,88,21
118900024,70,98,-28
118900025,72,18,54
118900026,34,86,-52
118900027,359,255,104
118900028,153,183,-30
118900029,227,244,-17
118900030,215,96,119
118900031,131,82,49
118900032,193,144,49
118900033,708,404,304
118900034,110,17,93
118900035,160,186,-26
118900036,787,615,172
118900037,566,170,396
118900038,218,234,-16
118900039,321,178,143
118900040,196,186,10
118900041,446,193,253
118900042,217,82,135
118900045,266,104,162
118900046,771,259,512
118900047,529,222,307
118900048,294,102,192
118900049,51,39,12
118900050,13,90,-77
118900051,134,66,68
118900052,324,148,176
118900053,26,81,-55
118900054,96,75,21
118900055,36,76,-40
118900056,118,229,-111
118900057,541,358,183
118900058,544,235,309
118900059,12,84,-72
118900062,126,128,-2
118900064,634,495,139
118900065,40,189,-149
118900066,57,90,-33
118900067,5042,3674,1368
118900068,1,495,-494
118900069,280,229,51
118900071,2,55,-53
118900072,314,432,-118
118900073,72,100,-28
118900074,112,206,-94
118900075,26,73,-47
118900076,215,51,164
118900077,238,168,70
118900078,39,2,37
118900079,43,204,-161
118900080,20,80,-60
118900081,63,19,44
118900082,461,149,312
118900083,20,9,11
118900084,6,14,-8
118900085,652,1080,-428
118900086,19,61,-42
118900087,16,183,-167
118900088,1,11,-10
118900089,35,12,23
118900090,441,570,-129
118900091,103,115,-12
118900092,75,64,11
118900093,149,14,135
118900096,86,105,-19
118900097,177,587,-410
118900099,90,267,-177
118900100,122,193,-71
118900101,67,398,-331
118900102,13,55,-42
118900103,9,79,-70
118900104,132,101,31
118900105,145,101,44
118900107,110,76,34
118900108,114,77,37
118900110,871,454,417
118900111,288,484,-196
118900112,59,136,-77
118900113,182,482,-300
118900114,18,51,-33
118900115,80,271,-191
118900116,95,167,-72
118900117,101,127,-26
118900118,209,381,-172
118900119,118,249,-131
118900120,80,322,-242
118900121,9,191,-182
118900122,19,778,-759
118900123,123,246,-123
118900124,45,134,-89
118900126,19,372,-353
118900129,197,183,14
118900130,72,114,-42
118900131,153,298,-145
118900132,550,178,372
118900133,26,94,-68
118900135,236,167,69
118900136,193,645,-452
118900137,9,33,-24
118900139,224,406,-182
118900140,440,829,-389
118900141,79,189,-110
118900144,99,495,-396
118900145,15,127,-112
118900146,252,814,-562
118900147,204,112,92
118900148,59,23,36
118900150,517,656,-139
118900152,352,734,-382
118900157,84,136,-52
118900158,46,59,-13
118900159,2,122,-120
118900161,92,11,81
118900163,141,62,79
118900164,22,77,-55
118900165,32,133,-101
118900166,15,1,14
118900167,25,94,-69
118900168,98,97,1
118900169,82,342,-260
118900170,77,119,-42
118900171,8,26,-18
118900174,37,28,9
118900175,260,513,-253
118900176,119,249,-130
118900177,41,63,-22
118900178,43,183,-140
118900179,40,68,-28
118900182,52,26,26
118900183,18,74,-56
118900184,353,42,311
118900185,155,149,6
118900186,70,84,-14
118900187,154,245,-91
118900188,226,288,-62
118900189,35,712,-677
118900190,9,456,-447
118900191,168,46,122
118900192,166,23,143
118900193,308,5,303
118900195,311,730,-419
118900196,19,124,-105
118900197,69,73,-4
118900198,14,13,1
118900199,42,34,8
118900200,21,3,18
118900201,31,6,25
118900202,5,43,-38
118900203,3,32,-29
118900204,2,42,-40
118900205,7,14,-7
118900206,7,37,-30
119000001,1425,1306,119
119000002,3474,2431,1043
119000003,2104,1292,812
119000004,2094,1481,613
119000005,1590,2145,-555
119000006,2228,1624,604
119000007,3283,3075,208
119000008,2191,1974,217
119000009,3173,3675,-502
119000010,7345,3931,3414
119000011,4157,2330,1827
119000012,3095,3098,-3
119000013,1680,1170,510
119000014,2451,3254,-803
119000019,235,160,75
119000020,1803,1263,540
119000021,3630,2267,1363
119000022,2809,2183,626
119000023,391,222,169
119000024,1719,8188,-6469
119000025,10773,1221,9552
119000026,154,228,-74
119000027,283,348,-65
119000028,1939,1080,859
119000029,113,269,-156
119000030,460,1031,-571
119000031,911,824,87
119000032,1613,2032,-419
119000033,2040,1611,429
119000034,1341,964,377
119000035,18,302,-284
119000036,1382,960,422
119000037,839,1695,-856
119000038,131,973,-842
119000039,225,337,-112
119000040,1102,527,575
119000041,978,1343,-365
119000048,2865,3402,-537
119000049,1635,2947,-1312
119000050,1497,2376,-879
119000051,1598,990,608
119000052,1971,3014,-1043
119000053,1600,1011,589
119000054,2553,3824,-1271
119000055,3182,3619,-437
119000056,1764,2095,-331
119000057,1249,2509,-1260
119000058,1720,2168,-448
119000059,1057,1762,-705
119000060,1295,978,317
119000061,1054,848,206
119000062,1011,1335,-324
119000063,402,434,-32
119000064,1581,1762,-181
119000065,1924,3243,-1319
119000066,1801,1148,653
119000067,1979,2466,-487
119000068,1304,1152,152
119000069,1424,2517,-1093
119000070,1741,1052,689
119000071,549,669,-120
119000072,6423,3286,3137
119000073,4469,5942,-1473
119000074,1087,3448,-2361
119000075,1544,2661,-1117
119000076,505,621,-116
119000077,678,303,375
119000078,489,386,103
119000079,260,735,-475
119000080,350,212,138
119000081,282,326,-44
119000082,760,233,527
119000083,567,439,128
119000084,315,550,-235
119000085,471,315,156
119000086,249,558,-309
119000087,1696,984,712
119000088,354,282,72
119000089,96,302,-206
119000090,132,254,-122
119000091,173,453,-280
119000092,604,445,159
119000093,3806,2987,819
119000094,2408,6317,-3909
119000095,1295,2639,-1344
119000097,2538,1653,885
119000098,629,1985,-1356
119000099,2287,1950,337
119000100,2613,2348,265
119000101,3360,1642,1718
119000102,922,689,233
119000103,1724,368,1356
119000104,2616,1299,1317
119000105,735,1403,-668
119000106,338,1610,-1272
119000107,636,470,166
119000108,345,1241,-896
119000109,114,241,-127
119000110,454,230,224
119000111,60,430,-370
119000112,229,57,172
119000113,2191,182,2009
119000114,629,756,-127
119000115,145,179,-34
119000116,145,78,67
119000117,135,319,-184
119000118,2,0,2
119000123,5266,519,4747
119000124,706,198,508
119000125,2513,856,1657
119000126,850,881,-31
119000127,429,750,-321
119000128,27,2,25
119000131,833,877,-44
119000132,0,0,0
119000133,2,5,-3
119000134,2994,700,2294
119000135,79,200,-121
119000136,171,214,-43
119000137,114,383,-269
119000138,225,354,-129
119000139,181,201,-20
119000140,141,297,-156
119000284,1469,3118,-1649
119000285,2385,2224,161
119000286,7269,6476,793
119000287,1199,2618,-1419
119000288,2150,1597,553
119000289,3699,3968,-269
119000290,179,456,-277
119000291,12,380,-368
119000293,83,139,-56
119000294,25,27,-2
119000295,2014,494,1520
119000296,179,188,-9
119000302,3320,1542,1778
119000303,68,174,-106
119000314,1176,7419,-6243
119000315,2,545,-543
119000316,100,136,-36
119000317,42,430,-388
119000319,531,352,179
119900001,188,937,-749
119900002,136,271,-135
119900003,63,1048,-985
119900004,315,451,-136
119900005,86,124,-38
119900006,198,284,-86
119900007,903,109,794
119900008,48,23,25
119900009,499,617,-118
119900010,725,795,-70
119900011,14,55,-41
119900012,36,60,-24
119900013,1448,672,776
119900014,570,154,416
119900015,54,17,37
119900016,21,81,-60
119900017,17,38,-21
119900018,1805,550,1255
119900019,22,4,18
119900020,107,184,-77
119900021,109,68,41
119900022,90,337,-247
119900023,642,1033,-391
119900025,69,27,42
119900026,699,66,633
119900027,23,23,0
119900028,332,78,254
119900029,0,9,-9
119900030,400,521,-121
119900031,46,249,-203
119900033,1776,172,1604
119900034,168,91,77
119900037,71,43,28
119900038,29,260,-231
119900039,41,7,34
119900040,139,18,121
119900041,40,39,1
119900042,53,138,-85
119900043,80,137,-57
119900044,207,571,-364
119900046,44,29,15
119900047,189,40,149
119900049,113,13,100
119900050,58,74,-16
119900051,717,4,713
119900052,29,38,-9
119900053,116,149,-33
119900054,108,1,107
119900055,815,303,512
119900057,147,83,64
119900058,153,2,151
119900059,91,45,46
119900060,176,4,172
119900061,181,1,180
119900062,36,24,12
119900063,4,77,-73
119900065,218,9,209
119900067,33,14,19
119900068,250,0,250
119900069,62,13,49
119900070,639,7,632
119900071,306,12,294
119900073,1625,453,1172
119900074,112,32,80
119900075,5195,2017,3178
119900076,41,44,-3
119900077,505,1215,-710
119900078,337,807,-470
119900079,181,245,-64
119900080,318,300,18
119900081,362,14,348
119900082,908,52,856
119900083,241,99,142
119900084,888,273,615
119900085,95,72,23
119900086,234,1163,-929
119900087,733,273,460
119900088,26,30,-4
119900089,12,590,-578
119900090,111,41,70
119900091,39,1153,-1114
119900092,56,286,-230
119900093,848,239,609
119900094,40,180,-140
119900095,160,83,77
119900096,25,85,-60
119900097,589,132,457
119900098,42,36,6
119900099,22,176,-154
119900100,2576,1971,605
119900101,166,808,-642
119900102,31,244,-213
119900103,18,365,-347
119900104,20,168,-148
119900105,596,918,-322
119900106,2,168,-166
119900107,291,3306,-3015
119900108,1753,662,1091
119900109,36,229,-193
119900110,513,738,-225
119900111,99,549,-450
119900112,2390,453,1937
119900113,58,290,-232
119900114,178,1626,-1448
119900115,186,1300,-1114
119900116,142,309,-167
119900117,209,812,-603
119900118,26,999,-973
119900119,171,240,-69
119900120,444,546,-102
119900121,283,1209,-926
119900122,445,307,138
119900123,170,285,-115
119900124,140,1011,-871
119900125,34,367,-333
119900126,4406,251,4155
119900127,2477,889,1588
119900128,323,850,-527
119900129,174,728,-554
119900130,58,236,-178
119900131,33,287,-254
119900132,11,295,-284
119900133,21,47,-26
119900134,2126,213,1913
119900135,0,368,-368
119900136,127,386,-259
119900138,355,468,-113
119900139,90,64,26
119900140,1,122,-121
119900141,122,559,-437
119900142,0,17,-17
119900143,10,178,-168
119900144,1841,211,1630
119900145,77,174,-97
119900146,146,137,9
119900147,2,120,-118
119900148,87,40,47
119900149,1470,2712,-1242
119900150,149,139,10
119900151,1544,606,938
119900152,68,379,-311
119900153,108,55,53
119900154,10,927,-917
119900155,28,30,-2
119900156,11,8,3
119900157,95,254,-159
119900158,99,62,37
119900159,3,1659,-1656
119900160,21,154,-133
119900161,177,207,-30
119900162,599,752,-153
119900163,97,146,-49
119900164,1,2,-1
119900165,83,275,-192
119900166,41,31,10
119900167,76,68,8
119900168,648,397,251
119900169,86,236,-150
119900170,171,152,19
119900171,750,450,300
119900172,98,19,79
119900173,7,463,-456
119900174,10,146,-136
119900175,939,754,185
119900177,33,242,-209
119900178,3,124,-121
119900179,59,286,-227
119900180,831,637,194
119900181,31,56,-25
119900182,5,374,-369
119900183,115,807,-692
119900184,2308,493,1815
119900185,26,82,-56
119900186,59,492,-433
119900187,8,358,-350
119900188,47,357,-310
119900189,351,286,65
119900190,38,129,-91
119900191,336,137,199
119900192,38,141,-103
119900193,215,182,33
119900194,10,31,-21
119900195,23,128,-105
119900196,1210,333,877
119900197,91,104,-13
119900198,74,364,-290
119900199,97,12,85
119900200,403,513,-110
119900201,346,135,211
119900202,136,111,25
119900203,102,353,-251
119900204,161,214,-53
119900205,428,648,-220
119900206,96,121,-25
119900208,155,134,21
119900209,412,923,-511
119900210,29,28,1
119900211,58,13,45
119900212,350,724,-374
119900213,4,37,-33
119900214,11,75,-64
119900215,22,68,-46
119900216,5,77,-72
119900217,12,47,-35
119900218,14,43,-29
119900219,29,111,-82
119900220,3,102,-99
119900221,17,292,-275
119900222,15,214,-199
119900223,14,61,-47
119900224,18,16,2
119900225,822,37,785
119900226,629,1283,-654
119900227,933,300,633
119900228,25,191,-166
119900229,279,415,-136
119900230,1480,518,962
119900231,165,224,-59
119900232,153,58,95
119900233,58,4,54
119900234,20,37,-17
119900235,5,35,-30
119900236,15,173,-158
119900237,43,420,-377
119900238,0,78,-78
119900240,82,144,-62
119900241,124,200,-76
119900242,1265,1704,-439
119900244,731,1315,-584
119900245,96,161,-65
119900246,190,362,-172
119900247,16,54,-38
119900248,35,101,-66
119900249,162,71,91
119900253,3322,347,2975
119900254,78,434,-356
119900255,76,404,-328
119900256,360,972,-612
119900257,38,0,38
119900258,51,1,50
119900259,13,139,-126
119900260,72,6,66
119900261,240,137,103
119900262,7,279,-272
119900263,1085,427,658
119900264,49,201,-152
119900265,195,390,-195
119900266,195,260,-65
119900267,197,411,-214
119900268,93,201,-108
119900269,650,1077,-427
119900271,12,79,-67
119900272,201,57,144
119900275,125,31,94
119900276,22,2,20
119900277,4,4,0
119900278,177,63,114
119900279,70,261,-191
119900280,824,207,617
119900281,1,144,-143
119900282,40,64,-24
119900283,10,281,-271
119900284,35,192,-157
119900285,13,56,-43
119900286,2,23,-21
119900288,7,41,-34
119900289,0,27,-27
119900290,8,31,-23
119900291,0,36,-36
119900292,20,28,-8
119900293,12,79,-67
119900294,25,79,-54
119900295,39,55,-16
119900296,9,214,-205
119900297,2,10,-8
119900298,0,1,-1
119900299,25,231,-206
119900300,131,167,-36
119900301,91,15,76
119900302,28,50,-22
119900303,112,137,-25
119900304,126,22,104
119900305,15,92,-77
119900306,28,3,25
119900307,21,63,-42
119900308,3,13,-10
119900309,17,70,-53
119900310,314,255,59
119900311,47,146,-99
119900312,157,91,66
119900313,200,334,-134
119900314,108,282,-174
119900315,974,2318,-1344
119900318,6,8,-2
119900319,0,257,-257
119900320,61,586,-525
119900321,43,1,42
120000001,7221,14028,-6807
120000002,2443,3040,-597
120000003,3114,1560,1554
120000004,2789,2343,446
120000005,4214,1939,2275
120000006,1348,1469,-121
120000007,3643,2824,819
120000008,990,1346,-356
120000009,3951,1017,2934
120000010,1604,2684,-1080
120000011,950,1988,-1038
120000012,1442,2702,-1260
120000013,2266,2739,-473
120000014,570,1745,-1175
120000015,2572,1662,910
120000016,3261,2604,657
120000017,2303,2342,-39
120000018,3979,9508,-5529
120000019,812,1444,-632
120000020,2828,2783,45
120000021,1646,2160,-514
120000022,2224,3619,-1395
120000023,827,1622,-795
120000024,1141,2249,-1108
120000025,1989,2072,-83
120000026,1280,1775,-495
120000027,1357,1684,-327
120000028,756,369,387
120000029,4001,534,3467
120000030,256,1163,-907
120000031,1573,8828,-7255
120000032,8494,3782,4712
120000033,4362,1988,2374
120000034,1735,2029,-294
120000035,1671,2431,-760
120000036,2141,4973,-2832
120000037,591,1436,-845
120000038,7815,3021,4794
120000039,436,869,-433
120000040,74,169,-95
120000041,1338,1613,-275
120000042,1752,3441,-1689
120000043,4198,2331,1867
120000044,4142,1521,2621
120000045,4021,988,3033
120000046,2155,2224,-69
120000047,1678,4348,-2670
120000048,7395,3776,3619
120000049,3704,2829,875
120000050,4085,4868,-783
120000051,3115,4581,-1466
120000052,11991,2638,9353
120000053,1064,3405,-2341
120000054,1208,5378,-4170
120000055,1501,5717,-4216
120000056,2879,3902,-1023
120000057,2544,628,1916
120000058,2445,287,2158
120000059,73,1133,-1060
120000061,151,658,-507
120000062,230,331,-101
120000063,1862,2585,-723
120000064,234,1352,-1118
120000065,546,1569,-1023
120000066,168,336,-168
120000067,49,495,-446
120000068,158,1060,-902
120000069,619,1370,-751
120000070,88,922,-834
120000071,340,247,93
120000072,577,630,-53
120000073,594,94,500
120000074,106,42,64
120000075,467,247,220
120000076,1276,433,843
120000077,1468,635,833
120000078,3263,943,2320
120000079,327,567,-240
120000080,210,335,-125
120000081,313,202,111
120000082,216,241,-25
120000083,136,571,-435
120000084,377,445,-68
120000085,295,456,-161
120000086,290,717,-427
120000087,275,891,-616
120000088,745,1352,-607
120000089,872,703,169
120000090,661,499,162
120000091,713,978,-265
120000092,1014,664,350
120000093,289,520,-231
120000094,122,679,-557
120000095,928,618,310
120000096,210,887,-677
120000098,746,925,-179
120000099,317,854,-537
120000100,684,1120,-436
120000101,448,462,-14
120000102,474,742,-268
120000103,1054,699,355
120000104,1400,399,1001
120000105,2261,594,1667
120000106,1840,587,1253
120000107,2645,585,2060
120000108,965,124,841
120000109,1054,69,985
120000110,104,919,-815
120000111,104,1335,-1231
120000112,860,3414,-2554
120000113,660,2874,-2214
120000114,1022,3261,-2239
120000115,430,2766,-2336
120000116,588,2212,-1624
120000117,1657,1915,-258
120000118,61,22,39
120000119,36,66,-30
120000120,66,40,26
120000121,59,52,7
120000122,268,349,-81
120000123,5635,4718,917
120000124,380,394,-14
120000125,420,703,-283
120000126,453,732,-279
120000127,2026,864,1162
120000128,3897,2574,1323
120000129,269,309,-40
120000130,768,625,143
120000131,294,544,-250
120000134,363,1205,-842
120000135,354,379,-25
120000137,174,1812,-1638
120000138,632,538,94
120000139,173,930,-757
120000140,553,512,41
120000141,138,555,-417
120000142,283,531,-248
120000143,5,85,-80
120000144,60,1,59
120000145,263,0,263
120000146,2155,947,1208
120000149,591,1043,-452
120000150,4114,10094,-5980
120000151,300,555,-255
120000152,394,256,138
120000153,119,779,-660
120000154,426,479,-53
120000155,109,230,-121
120000156,1707,636,1071
120000157,883,611,272
120000158,790,1026,-236
120000159,1975,2463,-488
120000160,1954,1317,637
120000161,1647,2715,-1068
120000162,133,316,-183
120000163,460,1626,-1166
120000164,326,432,-106
120000165,479,905,-426
120000166,1010,571,439
120000167,52,41,11
120000168,3,116,-113
120000169,61,334,-273
120000170,65,305,-240
120000171,15,77,-62
120000172,34,55,-21
120000173,4040,318,3722
120000174,915,19,896
120000175,1274,21,1253
120000176,496,35,461
120000177,1420,154,1266
120000178,157,6,151
120000179,552,33,519
120000180,602,73,529
120000181,100,189,-89
120000182,75,135,-60
120000183,10,103,-93
120000184,89,620,-531
120000186,103,110,-7
120000187,93,66,27
120000188,649,87,562
120000190,1560,25,1535
120000191,1901,48,1853
120000192,1426,26,1400
120000193,827,9,818
120000195,71,6,65
120000196,392,54,338
120000197,95,192,-97
120000198,113,110,3
120000199,51,1,50
120000200,57,2,55
120000201,15,15,0
120000202,3,48,-45
120000203,27,271,-244
120000207,0,90,-90
120000208,12,332,-320
120000209,1,107,-106
120000210,98,63,35
120000211,87,2,85
120000212,135,0,135
120000213,74,334,-260
120000214,1,331,-330
120000215,1,153,-152
120000216,27,8,19
120000217,704,1024,-320
120000218,193,892,-699
120000219,6,525,-519
120000220,8,2069,-2061
120000225,1114,2,1112
120000226,303,2,301
120000227,672,19,653
120000228,5609,2448,3161
120000230,245,19,226
120000231,1007,2158,-1151
120000233,188,19,169
120000235,172,804,-632
120000236,704,2,702
120000237,1,1794,-1793
120000238,0,146,-146
120000241,1042,3741,-2699
120000412,865,5,860
120000413,133,325,-192
120000414,66,4,62
120000415,1,162,-161
120000416,43,6,37
120000417,3,79,-76
120000418,44,6,38
120000419,13,287,-274
120000420,36,28,8
120000421,12082,5781,6301
120000422,143,592,-449
120000423,0,67,-67
120000424,50,147,-97
120000436,93,523,-430
120000437,199,132,67
120000438,4624,384,4240
120000439,128,358,-230
120000443,116,0,116
120000444,1145,650,495
120000445,1513,1272,241
120000446,890,267,623
120000447,120,4,116
120000449,44,8,36
120000450,4,307,-303
120000451,80,294,-214
120000452,62,0,62
120000453,0,410,-410
120000454,78,26,52
120000455,65,70,-5
120000456,2302,3311,-1009
120000457,911,723,188
120000458,577,795,-218
120000459,60,104,-44
120000665,2398,168,2230
120000668,166,211,-45
120000669,53,236,-183
120000670,227,272,-45
120000671,898,413,485
120000672,137,605,-468
120900001,44,69,-25
120900002,425,287,138
120900003,361,41,320
120900004,5,53,-48
120900005,12,2076,-2064
120900006,275,168,107
120900007,81,157,-76
120900008,150,1351,-1201
120900009,1131,67,1064
120900010,351,60,291
120900011,328,143,185
120900012,535,893,-358
120900013,225,65,160
120900014,6,546,-540
120900015,571,71,500
120900016,633,51,582
120900017,2848,76,2772
120900018,70,466,-396
120900019,468,210,258
120900020,841,964,-123
120900021,518,116,402
120900022,43,300,-257
120900023,130,35,95
120900024,1642,392,1250
120900025,1775,1086,689
120900026,175,176,-1
120900027,791,34,757
120900028,293,50,243
120900029,161,309,-148
120900030,1003,531,472
120900031,185,85,100
120900032,628,139,489
120900033,845,46,799
120900034,27,2090,-2063
120900035,13,44,-31
120900037,172,10,162
120900038,64,202,-138
120900039,80,36,44
120900040,179,4,175
120900041,120,32,88
120900042,311,54,257
120900043,32,19,13
120900044,3,429,-426
120900045,129,75,54
120900046,364,3,361
120900047,112,68,44
120900048,90,19,71
120900049,235,3,232
120900050,2816,1113,1703
120900051,235,109,126
120900052,400,4,396
120900053,130,67,63
120900054,1537,599,938
120900055,236,0,236
120900056,406,9,397
120900057,79,17,62
120900058,348,0,348
120900059,62,4,58
120900060,41,21,20
120900061,203,268,-65
120900062,166,3,163
120900063,476,1,475
120900064,408,1,407
120900065,302,1,301
120900066,86,245,-159
120900067,133,32,101
120900068,223,0,223
120900069,152,39,113
120900071,5,0,5
120900072,601,2,599
120900073,305,89,216
120900074,321,7,314
120900076,202,0,202
120900077,3170,233,2937
120900078,521,1377,-856
120900079,422,120,302
120900080,607,2294,-1687
120900081,755,79,676
120900082,502,328,174
120900083,69,1,68
120900084,246,272,-26
120900085,93,193,-100
120900086,108,265,-157
120900087,351,180,171
120900088,211,322,-111
120900089,4234,1894,2340
120900090,148,217,-69
120900091,613,551,62
120900092,1420,726,694
120900093,3432,260,3172
120900094,580,205,375
120900095,517,28,489
120900096,27,189,-162
120900097,607,928,-321
120900098,282,192,90
120900099,46,70,-24
120900100,71,399,-328
120900101,814,379,435
120900102,23,127,-104
120900103,43,189,-146
120900104,24,31,-7
120900105,31,626,-595
120900106,1544,658,886
120900107,218,120,98
120900108,5,763,-758
120900109,35,687,-652
120900110,18,1100,-1082
120900111,137,333,-196
120900112,6,1089,-1083
120900113,22,813,-791
120900114,40,119,-79
120900115,117,198,-81
120900116,205,506,-301
120900117,1,591,-590
120900118,8,917,-909
120900119,2773,6391,-3618
120900120,43,622,-579
120900121,116,473,-357
120900122,253,730,-477
120900123,5,513,-508
120900124,0,714,-714
120900125,1,873,-872
120900126,1537,1023,514
120900127,9,671,-662
120900128,1276,1355,-79
120900129,36,292,-256
120900130,0,161,-161
120900131,25,68,-43
120900132,593,334,259
120900133,169,1124,-955
120900134,997,404,593
120900135,15,618,-603
120900136,9,28,-19
120900137,133,84,49
120900138,17,222,-205
120900139,6,705,-699
120900140,7,63,-56
120900141,78,125,-47
120900142,26,753,-727
120900143,1,852,-851
120900144,0,153,-153
120900145,90,905,-815
120900146,2,1048,-1046
120900147,32,426,-394
120900148,74,175,-101
120900149,0,384,-384
120900150,19,725,-706
120900151,41,772,-731
120900152,121,39,82
120900153,10,99,-89
120900154,1,362,-361
120900155,110,1265,-1155
120900156,112,427,-315
120900157,28,292,-264
120900158,44,647,-603
120900159,100,451,-351
120900160,47,635,-588
120900161,9,476,-467
120900162,23,516,-493
120900163,14,164,-150
120900164,0,1,-1
120900165,7,9,-2
120900166,175,160,15
120900167,363,96,267
120900169,44,380,-336
120900170,2196,1884,312
120900171,1024,335,689
120900172,1498,214,1284
120900173,4,60,-56
120900174,9,81,-72
120900175,293,167,126
120900176,7,258,-251
120900177,1,807,-806
120900178,14,184,-170
120900179,931,550,381
120900180,92,118,-26
120900181,96,69,27
120900182,22,511,-489
120900183,212,51,161
120900184,99,80,19
120900185,6,323,-317
120900186,0,498,-498
120900187,356,816,-460
120900188,119,11,108
120900189,130,879,-749
120900190,47,7,40
120900191,5,26,-21
120900192,12647,4928,7719
120900194,31,67,-36
120900195,114,224,-110
120900196,696,49,647
120900197,485,87,398
120900198,234,644,-410
120900199,248,306,-58
120900200,77,129,-52
120900201,452,126,326
120900202,1,167,-166
120900203,40,63,-23
120900204,198,356,-158
120900205,45,49,-4
120900206,8,11,-3
120900207,55,1307,-1252
121000001,1265,1088,177
121000002,4223,2183,2040
121000003,3336,1829,1507
121000004,2787,7080,-4293
121000005,2214,2766,-552
121000006,2997,1593,1404
121000007,3549,2585,964
121000008,8893,3688,5205
121000009,5722,5599,123
121000010,9554,6869,2685
121000011,8295,12231,-3936
121000012,14244,10818,3426
121000013,5061,7350,-2289
121000014,6438,6923,-485
121000015,5497,7165,-1668
121000016,4599,4765,-166
121000017,1853,3114,-1261
121000018,1863,1691,172
121000019,19952,11454,8498
121000020,11957,12756,-799
121000021,3830,3027,803
121000022,2225,2211,14
121000023,3692,3289,403
121000024,3667,3733,-66
121000025,538,1556,-1018
121000026,332,171,161
121000027,1232,915,317
121000028,816,414,402
121000029,1015,629,386
121000030,612,363,249
121000031,726,556,170
121000032,143,96,47
121000034,573,205,368
121000035,290,160,130
121000036,1995,1080,915
121000037,778,544,234
121000038,723,569,154
121000039,489,485,4
121000041,504,442,62
121000042,248,393,-145
121000043,788,583,205
121000044,1927,790,1137
121000045,390,275,115
121000046,518,751,-233
121000047,708,416,292
121000049,1876,740,1136
121000050,388,1241,-853
121000051,1444,352,1092
121000052,655,601,54
121000053,331,75,256
121000054,32,297,-265
121000055,1316,957,359
121000056,747,892,-145
121000057,328,464,-136
121000058,880,246,634
121000059,1850,1398,452
121000060,413,876,-463
121000061,183,127,56
121000062,124,293,-169
121000063,816,639,177
121000064,650,842,-192
121000065,425,372,53
121000066,514,532,-18
121000067,961,320,641
121000068,844,338,506
121000069,1343,529,814
121000070,2532,1127,1405
121000071,1763,1277,486
121000072,1543,740,803
121000073,1676,702,974
121000074,145,189,-44
121000075,107,239,-132
121000076,1606,377,1229
121000077,154,146,8
121000078,167,118,49
121000080,2202,655,1547
121000081,2897,3569,-672
121000082,125,205,-80
121000083,278,137,141
121000084,335,229,106
121000085,222,686,-464
121000086,146,652,-506
121000087,80,275,-195
121000088,395,510,-115
121000089,306,317,-11
121000090,519,304,215
121000091,1288,580,708
121000092,170,80,90
121000093,143,225,-82
121000094,283,643,-360
121000095,314,465,-151
121000096,1943,2140,-197
121000097,1149,1828,-679
121000098,687,1342,-655
121000099,629,920,-291
121000100,969,572,397
121000101,341,276,65
121000102,260,381,-121
121000103,180,262,-82
121000104,252,163,89
121000105,325,269,56
121000106,213,317,-104
121000107,2320,3058,-738
121000109,1306,1097,209
121000110,298,795,-497
121000114,2467,1911,556
121000115,892,768,124
121000116,321,746,-425
121000117,734,267,467
121000118,1268,192,1076
121000119,396,354,42
121000120,212,370,-158
121000121,633,910,-277
121000123,1796,456,1340
121000127,186,153,33
121000128,1206,604,602
121000129,720,485,235
121000130,488,888,-400
121000131,2451,1715,736
121000132,1660,1258,402
121000135,248,215,33
121000136,1585,460,1125
121000137,362,169,193
121000138,1567,511,1056
121000139,859,68,791
121000141,404,141,263
121000142,1095,830,265
121000143,90,16,74
121000144,782,1384,-602
121000145,859,1175,-316
121000146,1454,806,648
121000147,1192,516,676
121000148,1065,1108,-43
121000149,2793,1359,1434
121000152,558,885,-327
121000153,1644,775,869
121000154,838,1049,-211
121000155,1252,1273,-21
121000156,376,1169,-793
121000157,981,2607,-1626
121000158,358,712,-354
121000159,182,468,-286
121000160,295,532,-237
121000161,161,301,-140
121000162,72,208,-136
121000165,1380,1424,-44
121000166,22,602,-580
121000168,556,253,303
121000169,104,154,-50
121000170,245,149,96
121000171,83,138,-55
121000172,638,539,99
121000173,1067,903,164
121000174,247,401,-154
121000175,923,369,554
121000176,357,214,143
121000177,1340,598,742
121000178,212,67,145
121000179,107,38,69
121000181,489,511,-22
121000182,72,156,-84
121000183,57,54,3
121000184,115,54,61
121000185,47,143,-96
121000186,174,307,-133
121000187,145,165,-20
121000188,126,214,-88
121000192,694,361,333
121000193,638,486,152
121000194,2396,2123,273
121000195,368,873,-505
121000196,1241,243,998
121000197,523,657,-134
121000198,579,80,499
121000199,298,357,-59
121000200,812,62,750
121000201,5,215,-210
121000202,848,97,751
121000203,890,2042,-1152
121000204,3006,732,2274
121000205,270,239,31
121000206,185,22,163
121000207,2187,303,1884
121000208,13,376,-363
121000209,345,353,-8
121000210,424,484,-60
121000211,370,205,165
121000212,297,708,-411
121000213,8152,2914,5238
121000214,660,3165,-2505
121000215,1321,784,537
121000216,730,856,-126
121000217,5476,3819,1657
121000218,743,1663,-920
121000219,2714,421,2293
121000220,358,48,310
121000221,131,305,-174
121000222,2890,2156,734
121000223,981,394,587
121000224,513,262,251
121000225,3264,1253,2011
121000226,8417,1255,7162
121000227,13,195,-182
121000228,30,535,-505
121000229,252,331,-79
121000230,62,1369,-1307
121000231,956,37,919
121000232,307,257,50
121000233,643,409,234
121000234,33,50,-17
121000235,114,48,66
121000236,10,34,-24
121000237,27,13,14
121000238,6,96,-90
121000239,32,4,28
121000240,7,240,-233
121000241,112,6,106
121000242,26,192,-166
121000243,348,114,234
121000244,6,48,-42
121000245,85,21,64
121000246,1,76,-75
121000247,82,3,79
121000248,1219,438,781
121000249,128,232,-104
121000250,571,123,448
121000251,23,438,-415
121000252,80,42,38
121000253,977,474,503
121000254,1334,264,1070
121000255,352,129,223
121000256,733,199,534
121000257,120,72,48
121000258,415,45,370
121000259,149,45,104
121000260,197,132,65
121000261,292,49,243
121000262,798,1075,-277
121000263,386,472,-86
121000271,238,1577,-1339
121000273,215,10,205
121000274,39,38,1
121000275,3,12,-9
121000276,4,31,-27
121000278,322,42,280
121000289,199,33,166
121000290,1275,684,591
121000294,119,160,-41
121000297,842,1566,-724
121000299,449,281,168
121000300,558,981,-423
121000302,144,1032,-888
121000303,666,404,262
121000304,403,47,356
121000305,201,141,60
121000306,103,118,-15
121000308,170,443,-273
121000309,696,822,-126
121000310,260,383,-123
121000311,59,784,-725
121000312,227,185,42
121000313,357,641,-284
121000314,171,114,57
121000315,47,115,-68
121000530,1321,1364,-43
121000531,1211,1424,-213
121000532,5534,5319,215
121000533,2097,2753,-656
121000918,142,193,-51
121000919,100,51,49
121000938,302,252,50
121000939,445,236,209
121000956,960,1446,-486
121000957,6,12,-6
121000958,164,41,123
121000959,802,852,-50
121000960,2669,2254,415
121000961,169,140,29
121000962,257,1078,-821
121000973,0,127,-127
121000976,21,163,-142
121000979,228,124,104
121000981,335,261,74
121000982,449,184,265
121000983,429,338,91
121000984,28,57,-29
121000985,603,617,-14
121000986,899,285,614
121000987,265,1377,-1112
121000988,846,137,709
121001302,346,161,185
121001308,11,6,5
121001309,97,90,7
121001313,356,292,64
121001314,3265,3856,-591
121001315,3913,2456,1457
121001326,389,404,-15
121001327,180,131,49
121001328,396,20,376
121900001,114,155,-41
121900002,166,21,145
121900003,461,15,446
121900004,144,312,-168
121900005,11,5,6
121900006,119,25,94
121900007,1613,2090,-477
121900008,1457,266,1191
121900009,420,8,412
121900010,207,3,204
121900011,125,297,-172
121900012,44,0,44
121900013,1846,59,1787
121900014,1150,355,795
121900015,158,192,-34
121900016,2,59,-57
121900017,341,371,-30
121900018,276,11,265
121900019,414,255,159
121900020,32,0,32
121900021,775,19,756
121900022,186,204,-18
121900023,105,259,-154
121900024,266,87,179
121900025,442,362,80
121900026,259,53,206
121900027,243,113,130
121900028,234,11,223
121900029,120,146,-26
121900030,555,846,-291
121900031,970,7659,-6689
121900032,94,67,27
121900033,128,137,-9
121900034,505,119,386
121900035,2205,2028,177
121900036,87,297,-210
121900037,126,447,-321
121900038,32,142,-110
121900039,408,30,378
121900040,45,62,-17
121900041,57,143,-86
121900042,356,107,249
121900043,9,12,-3
121900044,142,47,95
121900046,268,174,94
121900047,125,74,51
121900048,25,103,-78
121900050,29,32,-3
121900051,162,161,1
121900052,115,43,72
121900053,495,491,4
121900054,612,711,-99
121900055,0,4,-4
121900058,175,137,38
121900059,426,148,278
121900060,131,284,-153
121900062,114,83,31
121900063,1800,330,1470
121900064,282,565,-283
121900066,81,26,55
121900067,12,35,-23
121900069,176,106,70
121900070,312,98,214
121900071,191,209,-18
121900072,61,180,-119
121900073,245,175,70
121900074,523,919,-396
121900075,1215,333,882
121900076,1052,576,476
121900078,57,19,38
121900079,0,0,0
121900080,613,265,348
121900082,58,93,-35
121900084,4,169,-165
121900086,13,38,-25
121900087,176,83,93
121900088,1189,2461,-1272
121900089,146,338,-192
121900090,7,108,-101
121900091,46,89,-43
121900092,87,67,20
121900093,83,69,14
121900094,11,5,6
121900095,126,134,-8
121900096,1218,539,679
121900097,604,151,453
121900098,0,0,0
121900099,225,51,174
121900100,247,297,-50
121900101,120,119,1
121900102,8,104,-96
121900103,853,186,667
121900104,1422,323,1099
121900105,202,146,56
121900106,4,0,4
121900107,32,40,-8
121900108,0,14,-14
121900109,256,153,103
121900110,394,980,-586
121900111,1263,103,1160
121900112,155,70,85
121900113,79,637,-558
121900114,45,46,-1
121900117,205,33,172
121900118,2050,512,1538
121900119,106,97,9
121900120,39,1546,-1507
121900121,457,65,392
121900122,11,58,-47
121900123,146,360,-214
121900124,130,144,-14
121900125,812,1016,-204
121900127,17,84,-67
121900128,109,69,40
121900129,697,225,472
121900130,104,207,-103
121900131,354,78,276
121900132,48,87,-39
121900133,72,486,-414
121900134,67,88,-21
121900135,1671,223,1448
121900136,222,484,-262
121900137,40,377,-337
121900138,92,123,-31
121900139,422,391,31
121900140,68,171,-103
121900141,46,44,2
121900142,100,151,-51
121900143,5,137,-132
121900144,102,220,-118
121900145,156,147,9
121900146,673,663,10
121900147,67,134,-67
121900148,199,251,-52
121900149,286,602,-316
121900150,61,141,-80
121900151,87,219,-132
121900152,94,139,-45
121900153,85,434,-349
121900154,21,203,-182
121900155,20,99,-79
121900156,140,68,72
121900157,2,410,-408
121900158,65,95,-30
121900159,1,197,-196
121900160,3,317,-314
121900161,330,327,3
121900162,117,164,-47
121900163,203,690,-487
121900164,498,198,300
121900165,221,146,75
121900166,312,180,132
121900167,190,113,77
121900168,266,207,59
121900169,7,297,-290
121900170,1,269,-268
121900171,484,383,101
121900172,517,200,317
121900173,803,184,619
121900174,31,58,-27
121900175,468,149,319
121900176,740,1344,-604
121900177,158,99,59
121900178,78,76,2
121900179,349,118,231
121900180,3988,3298,690
121900182,845,230,615
121900183,771,487,284
121900184,41,412,-371
121900186,7,200,-193
121900187,34,132,-98
121900188,464,505,-41
121900189,36,86,-50
121900190,183,489,-306
121900191,49,167,-118
121900192,321,589,-268
121900193,66,208,-142
121900194,6,81,-75
121900195,83,75,8
121900196,863,1124,-261
121900197,277,1444,-1167
121900198,869,976,-107
121900199,3,17,-14
121900200,133,191,-58
121900201,1096,557,539
121900202,133,497,-364
121900203,179,823,-644
121900204,734,1539,-805
121900205,14,116,-102
121900206,21,12,9
121900207,122,42,80
121900208,204,290,-86
121900209,48,29,19
121900210,1260,1023,237
121900211,275,651,-376
121900212,86,116,-30
121900213,123,71,52
121900214,6,460,-454
121900215,86,105,-19
121900216,62,81,-19
121900217,164,85,79
121900218,191,429,-238
121900220,94,10,84
121900221,252,597,-345
121900222,201,164,37
121900223,134,42,92
121900224,97,38,59
121900225,229,111,118
121900226,217,686,-469
121900227,160,445,-285
121900228,200,366,-166
121900230,174,170,4
121900231,612,885,-273
121900232,318,340,-22
121900233,164,177,-13
121900234,414,260,154
121900235,437,185,252
121900236,341,144,197
121900237,203,239,-36
121900238,139,234,-95
121900239,139,18,121
121900240,143,73,70
121900241,46,45,1
121900242,7,0,7
121900243,6,0,6
121900244,11,1,10
121900245,182,63,119
121900246,1976,347,1629
121900248,1296,978,318
121900250,189,277,-88
121900251,184,25,159
121900252,445,167,278
121900253,226,940,-714
121900254,511,224,287
121900255,265,86,179
121900258,2517,2040,477
121900259,338,588,-250
121900260,49,153,-104
121900261,213,526,-313
121900262,402,1142,-740
121900263,156,345,-189
121900264,1809,1658,151
121900265,261,307,-46
121900266,316,196,120
121900267,63,39,24
121900269,123,474,-351
121900270,16,185,-169
121900271,49,113,-64
121900273,772,2096,-1324
121900274,252,207,45
121900277,499,1011,-512
121900278,168,726,-558
121900279,154,184,-30
121900280,343,265,78
121900281,765,245,520
121900284,34,12,22
121900286,151,107,44
121900287,15,36,-21
121900288,1,1,0
121900290,269,198,71
121900291,350,628,-278
121900292,243,99,144
121900293,842,2610,-1768
121900294,211,5,206
121900295,66,256,-190
121900296,99,79,20
121900298,592,572,20
121900299,0,0,0
121900300,38,0,38
121900301,86,8,78
121900302,0,33,-33
121900303,764,329,435
121900304,0,1,-1
121900305,4,2,2
121900306,39,0,39
121900307,19,8,11
121900308,19,276,-257
121900309,14,210,-196
121900310,13,423,-410
121900311,315,16,299
121900312,216,17,199
121900313,516,17,499
121900314,0,69,-69
121900315,7,0,7
121900316,1,22,-21
121900317,4,4,0
121900318,4,14,-10
121900319,22,278,-256
121900320,31,106,-75
121900321,11,0,11
121900322,2,29,-27
121900323,14,9,5
121900324,4,90,-86
121900325,6,0,6
121900326,5,16,-11
121900327,4,68,-64
121900328,1,33,-32
121900329,4,268,-264
121900330,0,17,-17
121900331,7,10,-3
121900332,67,29,38
121900333,40,4,36
121900334,144,63,81
122000001,2187,4451,-2264
122000002,5153,1626,3527
122000003,2075,2219,-144
122000004,3143,1427,1716
122000005,2395,1442,953
122000006,1995,750,1245
122000007,1452,2054,-602
122000008,4818,4787,31
122000009,425,412,13
122000010,1722,2902,-1180
122000011,2696,1881,815
122000012,1401,1109,292
122000013,2552,1199,1353
122000014,1363,1885,-522
122000015,1154,835,319
122000016,481,654,-173
122000017,924,952,-28
122000018,1029,920,109
122000019,593,1126,-533
122000020,93,168,-75
122000021,361,272,89
122000022,1382,1086,296
122000023,713,2306,-1593
122000024,900,924,-24
122000025,2174,1376,798
122000026,1290,843,447
122000027,452,4539,-4087
122000028,569,375,194
122000029,355,287,68
122000030,331,164,167
122000031,156,263,-107
122000032,1702,2880,-1178
122000033,1011,920,91
122000034,888,655,233
122000035,233,948,-715
122000036,543,536,7
122000037,260,223,37
122000038,211,309,-98
122000039,642,490,152
122000040,287,515,-228
122000041,550,532,18
122000042,417,518,-101
122000043,98,117,-19
122000044,117,130,-13
122000045,1767,423,1344
122000046,759,1100,-341
122000047,224,175,49
122000048,3331,4572,-1241
122000049,5732,2329,3403
122000050,1951,864,1087
122000051,519,311,208
122000052,627,303,324
122000053,191,614,-423
122000054,2514,1762,752
122000055,3216,2593,623
122000056,4859,3991,868
122000057,3233,3501,-268
122000058,3725,1116,2609
122000059,3487,1614,1873
122000060,786,579,207
122000061,540,433,107
122000062,1593,321,1272
122000063,1486,616,870
122000064,3934,2491,1443
122000065,6028,2343,3685
122000066,575,309,266
122000067,2404,1248,1156
122000068,1182,1801,-619
122000069,1025,757,268
122000070,621,3839,-3218
122000071,1114,1480,-366
122000072,346,330,16
122000073,431,513,-82
122000074,2340,1505,835
122000075,581,1528,-947
122000076,1642,989,653
122000077,2209,732,1477
122000078,2654,2289,365
122000079,2544,1021,1523
122000080,1452,365,1087
122000081,214,383,-169
122000082,1098,738,360
122000083,1287,3374,-2087
122000084,1051,734,317
122000085,274,1964,-1690
122000086,2026,5844,-3818
122000087,304,158,146
122000088,310,268,42
122000089,6869,3445,3424
122000090,303,565,-262
122000091,427,57,370
122000092,209,11,198
122000093,1884,929,955
122000094,7041,1773,5268
122000095,2871,2657,214
122000096,2510,1921,589
122000098,2865,1526,1339
122000099,4202,611,3591
122000100,1194,741,453
122000101,279,1478,-1199
122000102,1556,984,572
122000103,1735,1352,383
122000104,408,191,217
122000105,452,211,241
122000106,477,494,-17
122000107,815,479,336
122000108,356,620,-264
122000109,341,394,-53
122000110,334,393,-59
122000111,2173,1095,1078
122000112,733,1630,-897
122000113,601,606,-5
122000114,5219,1629,3590
122000115,1221,2433,-1212
122000116,445,525,-80
122000117,1189,450,739
122000118,405,824,-419
122000119,3107,2301,806
122000120,3229,4119,-890
122000121,3777,2479,1298
122000122,936,1676,-740
122000123,2553,1927,626
122000124,1296,591,705
122000125,485,693,-208
122000126,723,1154,-431
122000127,1556,1314,242
122000128,729,880,-151
122000129,458,1812,-1354
122000130,3520,1489,2031
122000131,2100,1476,624
122000132,838,536,302
122000133,923,1414,-491
122000134,765,773,-8
122000135,885,769,116
122000136,760,761,-1
122000137,1406,871,535
122000139,1870,3529,-1659
122000140,1306,463,843
122000141,3629,886,2743
122000142,531,639,-108
122000143,556,573,-17
122000144,2142,1209,933
122000145,1710,722,988
122000146,616,866,-250
122000147,1056,489,567
122000148,2400,1274,1126
122000149,1922,1727,195
122000150,1359,1051,308
122000151,220,346,-126
122000152,507,353,154
122000153,478,272,206
122000154,249,216,33
122000155,1376,2661,-1285
122000156,1485,1576,-91
122000157,1947,1059,888
122000158,467,483,-16
122000159,1255,1539,-284
122000160,5657,3043,2614
122000161,1496,1228,268
122000162,2179,1886,293
122000163,178,75,103
122000164,29,74,-45
122000165,955,552,403
122000166,1610,1234,376
122000167,148,138,10
122000168,246,502,-256
122000169,537,211,326
122000170,240,170,70
122000171,32,40,-8
122000172,1051,1418,-367
122000173,1097,1759,-662
122000174,2096,703,1393
122000175,1550,295,1255
122000176,244,578,-334
122000177,1609,1077,532
122000178,2866,3500,-634
122000179,1431,2199,-768
122000180,1310,1025,285
122000181,1660,2281,-621
122000182,1381,1399,-18
122000183,1865,1282,583
122000184,1528,1776,-248
122000185,802,1146,-344
122000186,500,682,-182
122000187,2728,1294,1434
122000188,387,177,210
122000189,263,335,-72
122000190,1316,1203,113
122000191,944,616,328
122000192,1264,310,954
122000193,498,461,37
122000194,848,221,627
122000195,244,367,-123
122000196,1174,548,626
122000197,539,468,71
122000198,432,629,-197
122000199,388,273,115
122000200,1743,875,868
122000201,983,1213,-230
122000202,1157,875,282
122000203,2165,1243,922
122000204,1751,1674,77
122000205,1553,1384,169
122000206,2350,860,1490
122000207,2017,1203,814
122000208,3344,1517,1827
122000209,3314,424,2890
122000210,2616,1712,904
122000211,1841,1020,821
122000212,878,580,298
122000213,1128,1387,-259
122000214,2029,1882,147
122000215,1621,1454,167
122000217,2197,1215,982
122000218,921,119,802
122000219,1457,936,521
122000220,402,597,-195
122000221,109,381,-272
122000222,640,181,459
122000223,1534,443,1091
122000225,895,286,609
122000226,2475,1867,608
122000227,403,3032,-2629
122000228,432,303,129
122000229,27,434,-407
122000230,44,581,-537
122000231,248,795,-547
122000232,807,899,-92
122000233,0,126,-126
122000234,326,232,94
122000235,806,270,536
122000236,935,126,809
122000237,77,95,-18
122000238,314,377,-63
122000239,529,171,358
122000240,1943,453,1490
122000241,1671,559,1112
122000242,732,120,612
122000243,254,81,173
122000244,88,464,-376
122000245,84,301,-217
122000246,390,209,181
122000247,529,874,-345
122000248,1516,2177,-661
122000249,1162,855,307
122000250,1930,1271,659
122000251,192,487,-295
122000252,530,111,419
122000253,28,289,-261
122000254,221,105,116
122000255,637,1603,-966
122000256,366,1116,-750
122000257,288,363,-75
122000258,459,252,207
122000259,20,601,-581
122000260,236,918,-682
122000261,11,167,-156
122000262,0,67,-67
122000263,178,102,76
122000264,1214,560,654
122000265,3369,813,2556
122000266,7856,596,7260
122000267,202,172,30
122000268,193,428,-235
122000269,1298,231,1067
122000270,2108,161,1947
122000271,480,896,-416
122000272,337,993,-656
122000273,423,476,-53
122000274,214,341,-127
122000275,310,320,-10
122000276,846,495,351
122000277,1310,1404,-94
122000278,1648,892,756
122000279,227,496,-269
122000280,1230,833,397
122000281,832,784,48
122000282,218,110,108
122000283,1068,71,997
122000284,240,114,126
122000285,701,117,584
122000286,207,168,39
122000287,1613,1256,357
122000288,760,244,516
122000291,1413,806,607
122000293,303,293,10
122000294,105,237,-132
122000295,1413,172,1241
122000296,76,827,-751
122000297,2238,2890,-652
122000299,301,336,-35
122000300,528,551,-23
122000301,11832,2993,8839
122000302,845,1320,-475
122000303,3646,1293,2353
122000304,72,260,-188
122000305,910,767,143
122000306,45,836,-791
122000307,117,130,-13
122000309,77,66,11
122000310,61,55,6
122000311,395,153,242
122000312,253,71,182
122000313,170,53,117
122000314,146,240,-94
122000315,219,24,195
122000316,704,171,533
122000317,1101,252,849
122000318,251,413,-162
122000319,237,424,-187
122000320,394,2011,-1617
122000321,121,237,-116
122000322,2232,3080,-848
122000323,1558,2238,-680
122000324,1276,1323,-47
122000325,826,1349,-523
122000326,45,126,-81
122000327,608,992,-384
122000328,1511,753,758
122000330,1783,617,1166
122000333,20,154,-134
122000337,829,1782,-953
122000338,485,422,63
122000340,428,309,119
122000342,2264,970,1294
122000343,487,1341,-854
122000344,78,25,53
122000345,353,188,165
122000346,293,515,-222
122000348,624,600,24
122000349,160,744,-584
122000351,169,207,-38
122000352,398,127,271
122000353,100,106,-6
122000355,139,163,-24
122000356,1940,812,1128
122000357,87,34,53
122000358,1,67,-66
122000359,0,22,-22
122000360,1,19,-18
122000362,9,99,-90
122000364,123,353,-230
122000365,5,122,-117
122000366,13,8,5
122000368,449,594,-145
122000370,13,40,-27
122000371,54,0,54
122000372,51,3,48
122000381,50,343,-293
122000382,85,379,-294
122000384,4452,1873,2579
122000385,75,1,74
122000386,1125,1518,-393
122000387,1038,468,570
122000388,2072,541,1531
122000389,189,645,-456
122000390,493,206,287
122000391,388,93,295
122000392,158,211,-53
122000393,326,595,-269
122000394,473,236,237
122000395,177,197,-20
122000396,426,133,293
122000397,91,67,24
122000398,36,61,-25
122000399,186,92,94
122000400,173,392,-219
122000401,164,93,71
122000402,203,121,82
122000403,449,1040,-591
122000404,138,340,-202
122000408,856,1219,-363
122000503,12,176,-164
122000524,181,100,81
122000544,54,4832,-4778
122000614,497,491,6
122000616,286,1,285
122000640,59,151,-92
122000641,113,367,-254
122000642,1558,933,625
122000643,26,140,-114
122000644,169,39,130
122000645,93,311,-218
122000651,2299,707,1592
122000664,149,37,112
122000665,894,475,419
122000666,650,1010,-360
122000673,27,320,-293
122000674,155,33,122
122000675,1734,1296,438
122000686,289,1096,-807
122000687,2064,354,1710
122000688,187,715,-528
122000689,851,540,311
122000690,1334,681,653
122000691,387,2222,-1835
122000692,1230,351,879
122000693,429,1728,-1299
122000695,269,411,-142
122000696,319,358,-39
122000698,314,679,-365
122000699,216,63,153
122000701,1551,363,1188
122000702,519,1737,-1218
122000703,129,60,69
122000712,0,0,0
122000717,190,75,115
122000718,860,1813,-953
122000719,95,61,34
122000720,408,317,91
122000724,231,308,-77
122900001,21,7,14
122900002,1101,4242,-3141
122900003,364,41,323
122900004,402,44,358
122900005,101,26,75
122900006,1479,104,1375
122900007,86,33,53
122900008,1069,38,1031
122900009,615,420,195
122900010,169,178,-9
122900012,257,218,39
122900014,183,255,-72
122900015,1849,677,1172
122900016,223,235,-12
122900017,449,648,-199
122900018,207,22,185
122900020,582,317,265
122900021,49,898,-849
122900022,587,783,-196
122900023,305,172,133
122900024,117,126,-9
122900025,14,152,-138
122900026,96,263,-167
122900027,59,771,-712
122900028,129,181,-52
122900029,4436,2737,1699
122900030,1174,370,804
122900031,151,213,-62
122900032,83,447,-364
122900033,406,119,287
122900034,3590,6736,-3146
122900035,24,0,24
122900036,35,200,-165
122900037,489,98,391
122900038,147,3860,-3713
122900039,109,499,-390
122900040,346,292,54
122900041,334,164,170
122900042,163,235,-72
122900043,611,135,476
122900044,121,302,-181
122900045,100,76,24
122900046,277,71,206
122900047,694,195,499
122900048,51,347,-296
122900049,1876,105,1771
122900051,125,90,35
122900052,73,152,-79
122900053,13,25,-12
122900055,411,129,282
122900057,432,46,386
122900061,439,199,240
122900062,468,687,-219
122900063,197,266,-69
122900064,1545,394,1151
122900065,590,163,427
122900066,577,265,312
122900067,1131,711,420
122900069,229,1946,-1717
122900070,303,61,242
122900071,103,373,-270
122900073,30,268,-238
122900074,630,543,87
122900075,2,72,-70
122900076,9,211,-202
122900077,3,122,-119
122900078,146,94,52
122900080,50,38,12
122900081,317,171,146
122900082,872,236,636
122900083,200,157,43
122900084,2,192,-190
122900086,4,89,-85
122900087,348,403,-55
122900088,57,88,-31
122900089,148,192,-44
122900090,11,585,-574
122900091,196,0,196
122900092,1,81,-80
122900093,0,239,-239
122900094,4,176,-172
122900095,158,13,145
122900096,206,335,-129
122900097,48,37,11
122900098,119,77,42
122900099,45,8,37
122900100,887,141,746
122900101,835,300,535
122900102,21,11,10
122900103,118,2,116
122900104,66,7,59
122900105,10,4,6
122900106,1,69,-68
122900107,2,136,-134
122900108,0,203,-203
122900109,138,167,-29
123000001,1937,392,1545
123000002,4666,3914,752
123000003,4103,4230,-127
123000004,3514,4259,-745
123000005,2444,2815,-371
123000006,2610,2602,8
123000007,3749,2814,935
123000008,2570,3411,-841
123000009,4830,3135,1695
123000010,3474,3410,64
123000011,4822,835,3987
123000012,1147,2162,-1015
123000013,3724,831,2893
123000014,1254,3359,-2105
123000015,4283,913,3370
123000016,5141,3387,1754
123000017,2904,1772,1132
123000018,51,119,-68
123000019,242,287,-45
123000020,106,146,-40
123000021,77,442,-365
123000022,259,3766,-3507
123000023,1457,1373,84
123000024,1667,597,1070
123000025,292,254,38
123000026,55,94,-39
123000027,1444,211,1233
123000028,2015,211,1804
123000029,2811,276,2535
123000030,429,424,5
123000031,139,326,-187
123000032,237,208,29
123000033,378,76,302
123000034,1408,1299,109
123000035,301,399,-98
123000036,236,849,-613
123000037,241,276,-35
123000038,125,223,-98
123000039,365,1217,-852
123000040,865,307,558
123000041,1385,1011,374
123000042,1300,577,723
123000043,3117,7205,-4088
123000044,5203,2215,2988
123000045,9639,2824,6815
123000046,838,1452,-614
123000047,2435,1291,1144
123000048,73,525,-452
123000049,6000,6995,-995
123000050,1074,1360,-286
123000051,133,236,-103
123000052,662,3180,-2518
123000053,2415,3237,-822
123000054,1303,1071,232
123000055,824,1550,-726
123000056,1296,1686,-390
123000057,14424,5686,8738
123000058,669,827,-158
123000059,439,467,-28
123000060,725,300,425
123000061,241,701,-460
123000063,748,904,-156
123000064,873,268,605
123000065,5368,2876,2492
123000066,846,690,156
123000067,914,788,126
123000068,2970,3282,-312
123000069,6412,3570,2842
123000070,268,706,-438
123000071,750,1042,-292
123000072,975,1039,-64
123000073,1059,798,261
123000074,1030,1596,-566
123000075,320,1004,-684
123000076,659,1013,-354
123000077,2133,2990,-857
123000078,1272,1783,-511
123000079,1150,1999,-849
123000080,2000,1996,4
123000081,168,439,-271
123000082,410,975,-565
123000083,862,225,637
123000084,525,799,-274
123000085,217,100,117
123000086,387,262,125
123000087,246,335,-89
123000088,962,880,82
123000089,439,1238,-799
123000090,1227,1130,97
123000091,1521,1845,-324
123000092,1208,1254,-46
123000094,412,250,162
123000095,423,585,-162
123000096,635,430,205
123000097,452,872,-420
123000098,702,626,76
123000099,563,754,-191
123000100,473,674,-201
123000101,572,616,-44
123000102,568,588,-20
123000104,402,471,-69
123000105,540,522,18
123000106,581,562,19
123000107,462,636,-174
123000108,783,1453,-670
123000111,628,417,211
123000112,813,665,148
123000113,669,1607,-938
123000114,515,789,-274
123000115,267,327,-60
123000116,42,177,-135
123000117,1571,2117,-546
123000118,492,766,-274
123000119,277,818,-541
123000120,368,737,-369
123000121,406,702,-296
123000122,404,232,172
123000123,433,689,-256
123000124,641,537,104
123000125,1238,1263,-25
123000126,1814,3567,-1753
123000127,1140,814,326
123000128,334,411,-77
123000129,550,203,347
123000130,477,97,380
123000131,629,712,-83
123000132,458,614,-156
123000133,325,401,-76
123000134,404,191,213
123000135,1967,1163,804
123000136,221,919,-698
123000137,108,273,-165
123000138,100,402,-302
123000139,412,154,258
123000140,89,763,-674
123000141,859,143,716
123000142,900,945,-45
123000143,2000,2334,-334
123000144,68,12,56
123000145,212,107,105
123000146,42,80,-38
123000147,169,141,28
123000149,450,377,73
123000150,233,234,-1
123000151,319,500,-181
123000152,138,407,-269
123000153,143,634,-491
123000154,1838,1994,-156
123000155,2242,857,1385
123000156,46,140,-94
123000157,639,780,-141
123000158,555,717,-162
123000159,3437,2303,1134
123000160,958,650,308
123000161,1477,1240,237
123000162,867,1596,-729
123000163,360,69,291
123000164,1216,324,892
123000165,357,1564,-1207
123000166,54,172,-118
123000167,210,325,-115
123000168,217,279,-62
123000169,624,157,467
123000170,78,236,-158
123000171,396,47,349
123000172,144,603,-459
123000173,491,268,223
123000174,992,315,677
123000175,679,1278,-599
123000176,882,224,658
123000177,264,881,-617
123000178,864,170,694
123000179,63,672,-609
123000180,1372,419,953
123000181,361,1718,-1357
123000182,213,325,-112
123000183,125,555,-430
123000184,73,633,-560
123000185,527,628,-101
123000186,159,650,-491
123000187,444,6,438
123000188,258,79,179
123000189,83,205,-122
123000190,36,230,-194
123000192,75,302,-227
123000193,139,813,-674
123000194,447,385,62
123000195,343,68,275
123000196,239,271,-32
123000197,149,166,-17
123000198,75,221,-146
123000199,31,519,-488
123000200,453,74,379
123000201,733,54,679
123000202,46,1171,-1125
123000203,746,94,652
123000204,63,1006,-943
123000205,504,1755,-1251
123000206,1599,245,1354
123000207,144,926,-782
123000208,531,137,394
123000209,1973,538,1435
123000210,452,1816,-1364
123000211,585,2352,-1767
123000212,2695,476,2219
123000213,571,114,457
123000215,172,152,20
123000216,164,693,-529
123000217,215,41,174
123000218,123,447,-324
123000219,934,156,778
123000220,471,72,399
123000221,246,106,140
123000222,436,350,86
123000223,172,353,-181
123000224,389,585,-196
123000225,207,95,112
123000226,64,324,-260
123000227,130,282,-152
123000228,214,64,150
123000229,1161,1695,-534
123000232,83,647,-564
123000233,813,232,581
123000234,165,621,-456
123000235,689,301,388
123000236,251,804,-553
123000237,252,97,155
123000238,80,624,-544
123000239,475,1471,-996
123000240,46,442,-396
123000241,635,119,516
123000242,93,186,-93
123000243,798,947,-149
123000244,926,735,191
123000245,39,159,-120
123000249,378,923,-545
123000252,882,198,684
123000253,797,441,356
123000254,499,940,-441
123000255,969,797,172
123000256,51,200,-149
123000257,2944,2271,673
123000258,857,1024,-167
123000259,267,416,-149
123000260,349,400,-51
123000261,141,117,24
123000262,93,208,-115
123000263,362,76,286
123000264,153,51,102
123000265,50,183,-133
123000266,478,696,-218
123000267,385,317,68
123000268,58,69,-11
123000269,33,74,-41
123000270,16,65,-49
123000271,71,77,-6
123000272,693,306,387
123000273,243,548,-305
123000274,1118,564,554
123000275,255,930,-675
123000278,2776,2558,218
123000279,89,103,-14
123000280,324,323,1
123000281,431,102,329
123000282,104,240,-136
123000283,119,63,56
123000284,54,108,-54
123000286,292,278,14
123000287,608,220,388
123000288,1074,668,406
123000289,615,768,-153
123000291,246,771,-525
123000294,304,270,34
123000295,887,753,134
123000296,601,389,212
123000297,642,969,-327
123000298,485,472,13
123000299,219,454,-235
123000300,833,858,-25
123000301,157,232,-75
123000302,62,230,-168
123000303,192,84,108
123000305,1086,971,115
123000306,120,207,-87
123000309,46,53,-7
123000310,92,50,42
123000311,19,192,-173
123000312,1151,993,158
123000313,450,820,-370
123000315,53,314,-261
123000316,174,31,143
123000317,247,53,194
123000318,41,219,-178
123000329,12,11,1
123000337,614,263,351
123000338,1098,56,1042
123000339,178,160,18
123000340,111,408,-297
123000342,27,176,-149
123000343,84,0,84
123000344,1235,484,751
123000345,424,561,-137
123000346,339,80,259
123000352,1487,729,758
123000353,9,177,-168
123000354,1121,13,1108
123000355,0,1200,-1200
123000356,239,10,229
123000357,7,196,-189
123000359,15,178,-163
123000360,189,148,41
123000361,527,264,263
123000362,203,128,75
123000363,90,156,-66
123000364,379,458,-79
123000365,37,308,-271
123000366,345,1672,-1327
123000367,327,1153,-826
123000370,31,250,-219
123000371,261,24,237
123000372,384,23,361
123000373,9,426,-417
123000374,31,182,-151
123000375,191,58,133
123000376,929,611,318
123000377,192,22,170
123000378,23,256,-233
123000379,6,278,-272
123000380,67,282,-215
123000381,212,29,183
123000382,1110,209,901
123000383,365,1150,-785
123000384,530,94,436
123000385,503,747,-244
123000436,13,1259,-1246
123000507,153,345,-192
123000508,203,734,-531
123000517,326,32,294
123000518,32,372,-340
123000519,124,63,61
123000520,56,288,-232
123000521,267,114,153
123000522,132,401,-269
123000541,4,2,2
123000542,0,18,-18
123000565,604,26,578
123000566,199,744,-545
123000567,79,212,-133
123000573,35,764,-729
123000574,578,67,511
123000575,1247,1078,169
123000576,617,1656,-1039
123000577,97,690,-593
123000578,723,67,656
123000579,4524,5059,-535
123000580,95,26,69
123000582,366,19,347
123000583,26,289,-263
123000584,207,275,-68
123000585,0,150,-150
123000586,90,0,90
123000596,102,168,-66
123000597,47,155,-108
123000602,26,14,12
123000603,474,793,-319
123000604,471,824,-353
123000605,70,2,68
123000606,0,23,-23
123000609,10,270,-260
123000610,173,160,13
123000613,88,217,-129
123000614,175,57,118
123000615,101,213,-112
123000616,418,90,328
123000617,166,396,-230
123000618,75,480,-405
123000619,629,58,571
123000620,14,398,-384
123000622,313,33,280
123000624,132,132,0
123000630,821,467,354
123000631,259,1821,-1562
123000632,1214,1045,169
123000633,1,28,-27
123000634,70,116,-46
123000635,192,102,90
123000636,39,681,-642
123000637,169,18,151
123000638,577,65,512
123000639,988,3237,-2249
123000640,39,720,-681
123000648,460,97,363
123000649,47,563,-516
123000650,751,78,673
123000651,38,120,-82
123000652,520,113,407
123000653,84,465,-381
123000654,226,154,72
123000655,188,483,-295
123000656,173,41,132
123000657,2,186,-184
123000658,163,15,148
123000659,37,1568,-1531
123000660,1291,17,1274
123000661,1602,53,1549
123900001,1188,42,1146
123900002,27,1659,-1632
123900003,311,397,-86
123900005,187,111,76
123900006,290,38,252
124000001,1455,89,1366
124000002,3,579,-576
124000003,754,131,623
124000004,40,641,-601
124000005,709,274,435
124000006,212,1105,-893
124000007,443,103,340
124000008,19,689,-670
124000009,572,300,272
124000010,199,756,-557
124000011,1065,294,771
124000012,284,734,-450
124000017,129,136,-7
124000018,84,98,-14
124000019,115,129,-14
124000020,43,161,-118
124000021,123,83,40
124000022,87,232,-145
124000023,864,148,716
124000024,1092,617,475
124000025,744,389,355
124000026,715,511,204
124000027,1330,692,638
124000028,2444,1017,1427
124000031,1471,2098,-627
124000032,3696,1574,2122
124000033,961,724,237
124000034,960,1320,-360
124000035,297,205,92
124000036,162,635,-473
124000037,414,987,-573
124000038,61,95,-34
124000039,1115,389,726
124000040,602,969,-367
124000041,320,101,219
124000042,107,511,-404
124000043,79,119,-40
124000044,63,233,-170
124000045,638,573,65
124000046,304,855,-551
124000047,1087,967,120
124000048,1004,1605,-601
124000049,1285,752,533
124000050,782,2022,-1240
124000051,739,560,179
124000052,793,1069,-276
124000053,511,1311,-800
124000054,945,609,336
124000055,1211,2062,-851
124000056,3128,1554,1574
124000057,803,499,304
124000058,497,1373,-876
124000059,523,847,-324
124000060,1292,812,480
124000061,1233,3995,-2762
124000062,7020,1936,5084
124000063,1605,2124,-519
124000064,2339,1675,664
124000065,88,270,-182
124000066,220,65,155
124000067,200,159,41
124000068,85,178,-93
124000069,486,199,287
124000070,200,387,-187
124000071,62,47,15
124000072,111,180,-69
124000073,443,92,351
124000074,309,644,-335
124000075,226,49,177
124000076,10,193,-183
124000077,2069,601,1468
124000078,2937,1237,1700
124000079,578,950,-372
124000080,344,129,215
124000081,113,598,-485
124000082,70,138,-68
124000083,96,139,-43
124000084,130,433,-303
124000085,96,41,55
124000086,68,80,-12
124000087,247,85,162
124000088,180,281,-101
124000089,764,343,421
124000090,150,434,-284
124000091,453,146,307
124000092,128,753,-625
124000093,94,101,-7
124000094,98,494,-396
124000095,71,91,-20
124000096,150,223,-73
124000097,102,199,-97
124000098,64,148,-84
124000099,341,130,211
124000100,167,94,73
124000101,77,96,-19
124000102,146,86,60
124000103,92,117,-25
124000104,168,74,94
124000105,72,86,-14
124000106,147,93,54
124000107,14,163,-149
124000108,61,36,25
124000109,113,111,2
124000110,298,179,119
124000111,121,135,-14
124000112,534,752,-218
124000113,77,82,-5
124000114,320,554,-234
124000115,453,732,-279
124000116,115,152,-37
124000117,112,80,32
124000118,40,88,-48
124000119,1288,416,872
124000120,642,467,175
124000121,2288,932,1356
124000122,618,1382,-764
124000123,833,469,364
124000124,509,1136,-627
124000125,318,402,-84
124000126,259,695,-436
124000127,699,383,316
124000128,566,995,-429
124000129,1714,1382,332
124000130,810,797,13
124000131,839,473,366
124000132,1060,847,213
124000133,904,836,68
124000134,930,917,13
124000135,1559,1606,-47
124000136,891,1125,-234
124000137,1372,531,841
124000138,1452,1178,274
124000139,1080,63,1017
124000140,108,624,-516
124000141,587,33,554
124000142,60,852,-792
124000143,160,12,148
124000144,6,223,-217
124000145,78,67,11
124000146,20,108,-88
124000148,19,107,-88
124000149,1007,436,571
124000150,339,580,-241
124000151,533,165,368
124000152,592,1116,-524
124000153,546,615,-69
124000154,396,890,-494
124000155,994,879,115
124000156,1480,1030,450
124000169,189,481,-292
124000170,561,420,141
124000171,245,228,17
124000172,381,512,-131
124000173,435,271,164
124000174,438,611,-173
124000175,15,109,-94
124000176,48,28,20
124000177,20,29,-9
124000178,23,54,-31
124000185,42,16,26
124000186,4,60,-56
124000187,9,134,-125
124000188,50,12,38
124000190,134,28,106
124000191,608,95,513
124000192,2827,310,2517
124000193,752,992,-240
124000194,389,510,-121
124000195,274,475,-201
124000196,1247,1093,154
124000197,79,58,21
124000198,31,58,-27
124000201,392,1015,-623
124000202,619,274,345
124000203,111,797,-686
124000204,618,153,465
124000205,42,467,-425
124000206,391,319,72
124000207,1,64,-63
124000209,190,407,-217
124000210,304,112,192
124000211,354,2,352
124000212,0,496,-496
124000213,274,334,-60
124000214,222,423,-201
124000215,466,48,418
124000216,4,475,-471
124000329,113,1989,-1876
124000338,71,748,-677
124000339,574,91,483
124000341,1086,100,986
124000344,70,21,49
124000357,1508,3830,-2322
124000358,1458,2950,-1492
124000359,1056,840,216
124000360,774,685,89
124000361,1909,602,1307
124000362,1597,1622,-25
124000363,335,446,-111
124000364,799,933,-134
124000365,851,1303,-452
124000366,2211,1511,700
124000367,194,587,-393
124000368,486,342,144
124000369,175,136,39
124000370,54,503,-449
124000402,35,7,28
124000403,105,11,94
124000404,11,125,-114
124000405,820,718,102
124000406,700,884,-184
124000407,1,52,-51
124000411,9,351,-342
124000412,366,22,344
124000413,1144,22,1122
124000414,85,115,-30
124000415,40,184,-144
124000416,164,283,-119
124000417,137,79,58
124000418,137,134,3
124000419,85,159,-74
124000420,38,60,-22
124000421,54,276,-222
124000422,34,29,5
124000423,144,32,112
124000424,10,165,-155
124000425,69,23,46
124000426,2,194,-192
124000427,106,5,101
124000428,54,35,19
124000429,55,57,-2
124000430,643,512,131
124000431,283,485,-202
124000432,164,795,-631
124000439,36,2,34
124000443,1,91,-90
124000445,1032,1068,-36
124000446,2702,73,2629
124000447,28,206,-178
124000448,80,19,61
124000449,134,8,126
124000450,22,348,-326
124000451,3,212,-209
124000452,469,79,390
124000453,2243,3977,-1734
124000454,3207,5006,-1799
124000455,6,1281,-1275
124000456,654,17,637
124000457,11,719,-708
124000458,1,394,-393
124000459,355,9,346
124000460,5,277,-272
124900001,405,340,65
124900002,106,332,-226
124900003,560,335,225
124900004,467,420,47
124900005,273,173,100
124900006,508,356,152
124900008,1246,666,580
124900009,131,217,-86
124900010,125,43,82
124900011,448,308,140
124900012,332,114,218
124900013,523,202,321
124900014,330,154,176
124900015,108,246,-138
124900016,61,71,-10
124900017,742,1419,-677
124900018,190,40,150
124900020,60,47,13
124900021,130,30,100
124900022,179,23,156
124900024,166,40,126
124900026,322,3,319
124900027,117,279,-162
124900028,423,87,336
124900030,17,110,-93
124900031,19,250,-231
124900033,83,226,-143
124900035,179,372,-193
124900036,3,76,-73
124900037,160,263,-103
124900038,227,407,-180
124900039,1,40,-39
124900040,88,50,38
124900041,295,1088,-793
124900042,133,24,109
124900043,184,751,-567
124900044,82,1,81
124900045,758,852,-94
124900047,117,175,-58
124900050,430,478,-48
124900052,119,284,-165
124900053,167,456,-289
124900054,2684,550,2134
124900055,2,139,-137
124900057,7,634,-627
124900060,68,154,-86
124900061,115,37,78
124900062,78,10,68
124900066,0,14,-14
124900067,35,485,-450
124900068,171,321,-150
124900070,40,14,26
124900072,185,119,66
124900075,287,600,-313
124900076,128,1007,-879
124900077,84,202,-118
124900078,83,10,73
124900080,322,761,-439
124900081,780,284,496
124900082,413,1039,-626
124900083,430,910,-480
124900085,1029,200,829
124900086,44,953,-909
124900087,625,59,566
124900088,504,98,406
124900089,1713,231,1482
124900090,172,208,-36
124900091,249,358,-109
124900092,216,295,-79
124900093,234,137,97
124900094,237,240,-3
124900095,93,335,-242
124900096,434,196,238
124900097,245,94,151
124900098,85,374,-289
124900099,485,513,-28
124900100,200,89,111
124900101,88,276,-188
124900102,175,78,97
124900103,124,293,-169
124900104,81,199,-118
124900105,122,129,-7
124900106,259,75,184
124900107,97,16,81
124900108,526,177,349
124900111,6,289,-283
124900112,56,430,-374
124900113,114,315,-201
124900114,238,164,74
124900115,53,22,31
124900116,138,92,46
124900117,599,64,535
124900118,273,215,58
124900119,255,129,126
124900120,132,339,-207
124900121,219,240,-21
124900122,188,290,-102
124900123,565,297,268
124900124,398,482,-84
124900125,527,13,514
124900126,18,775,-757
204000001,98,19,79
204000002,65,16,49
204000003,20,5,15
204000004,19,0,19
204000005,792,707,85
204000006,1406,2236,-830
204000011,23,53,-30
204000012,22,140,-118
204000019,633,476,157
204000020,594,678,-84
204000021,1676,753,923
204000022,441,472,-31
204000023,562,1035,-473
204000031,149,22,127
204000032,576,56,520
204000034,56,195,-139
204000035,1,3,-2
204000036,7,15,-8
204000037,14,29,-15
204000038,1,15,-14
204000039,10,32,-22
204000040,9,29,-20
204000041,13,27,-14
204000042,43,5,38
204000043,20,3,17
204000044,29,8,21
204000045,39,7,32
204000046,27,9,18
204000057,26,20,6
204000062,38,132,-94
204000068,170,327,-157
204000069,74,276,-202
204000070,105,112,-7
204000080,44,76,-32
204000085,2164,1632,532
204000086,3107,2299,808
204000087,45,15,30
204000088,4,134,-130
204000090,197,355,-158
204000093,255,129,126
204000096,951,1253,-302
204000097,260,156,104
204000099,990,1943,-953
204000100,1050,2006,-956
204000105,2518,1586,932
204000110,879,1139,-260
204000111,548,718,-170
204000112,817,701,116
204000113,562,749,-187
204000114,616,599,17
204000115,492,275,217
204000116,710,517,193
204000119,2281,2898,-617
204000132,596,331,265
204000133,804,325,479
204000134,197,162,35
204000135,697,107,590
204000136,585,256,329
204000138,417,494,-77
204000140,251,193,58
204000141,201,97,104
204000144,13,18,-5
204000145,445,68,377
204000146,32,276,-244
204000147,192,181,11
204000148,430,46,384
204000154,5,2,3
204000155,1,3,-2
204000177,50,53,-3
204000179,2,0,2
204000180,0,2,-2
204000222,2,5,-3
204000235,43,9,34
204000236,81,373,-292
204000238,15,96,-81
204000240,458,91,367
204000263,764,1148,-384
204000268,1150,867,283
204000308,169,131,38
204000317,66,127,-61
204000322,41,34,7
204000323,13,53,-40
204000328,261,167,94
204000329,176,198,-22
204000330,257,234,23
204000331,304,177,127
204000352,127,2,125
205000001,1268,1897,-629
205000013,2,76,-74
205000014,28,77,-49
205000015,33,228,-195
205000016,20,179,-159
205000017,23,100,-77
205000022,489,927,-438
205000025,1619,1291,328
205000029,220,18,202
205000045,187,294,-107
205000046,89,558,-469
205000047,50,546,-496
205000048,336,1377,-1041
205000049,170,959,-789
205000050,1115,347,768
205000059,0,286,-286
205000060,0,107,-107
205000061,3,88,-85
205000062,2,72,-70
205000063,25,173,-148
205000064,16,139,-123
205000065,63,597,-534
205000066,156,920,-764
205000067,43,1074,-1031
205000069,198,31,167
205000082,169,355,-186
205000110,113,307,-194
205000111,193,283,-90
205000112,136,164,-28
205000113,249,340,-91
205000121,237,154,83
205000123,72,219,-147
205000126,500,324,176
205000127,731,377,354
205000128,706,276,430
205000129,868,266,602
205000130,1341,108,1233
205000131,1313,26,1287
205000132,972,4,968
205000133,1141,3,1138
205000134,549,0,549
205000137,58,176,-118
205000138,151,280,-129
205000139,47,122,-75
205000144,79,80,-1
205000145,246,254,-8
205000151,148,78,70
205000152,151,52,99
205000153,220,89,131
205000154,80,138,-58
205000155,121,35,86
205000207,9,186,-177
205000233,103,0,103
205000234,0,3,-3
205000243,2,0,2
205000244,0,3,-3
205000245,15,234,-219
205000249,0,23,-23
205000250,2,1,1
205000264,9,80,-71
206000027,3,16,-13
206000028,7,2,5
206000043,9,86,-77
206000053,4,8,-4
206000054,1,22,-21
206000055,0,21,-21
206000075,5,10,-5
206000076,24,13,11
206000077,14,6,8
206000078,17,5,12
206000079,10,7,3
206000082,366,49,317
206000100,54,589,-535
206000103,17,11,6
206000104,21,14,7
206000105,13,15,-2
206000106,35,23,12
206000125,23,0,23
206000157,50,549,-499
206000170,0,134,-134
206000171,1,176,-175
206000172,6,582,-576
206000173,4,244,-240
206000174,12,78,-66
206000175,1,122,-121
206000176,22,223,-201
206000177,1,151,-150
206000178,7,142,-135
206000179,2,63,-61
206000180,15,149,-134
206000181,3,216,-213
206000182,16,184,-168
206000183,16,650,-634
206000184,4,335,-331
206000185,14,234,-220
206000186,140,1223,-1083
206000223,13,222,-209
206000226,9,3,6
206000227,14,2,12
206000237,34,383,-349
206000238,27,609,-582
206000239,365,1971,-1606
206000240,5,44,-39
206000241,0,77,-77
206000242,11,318,-307
206000243,12,247,-235
206000244,122,605,-483
206000245,581,44,537
206000246,127,17,110
206000247,121,7,114
206000248,228,29,199
206000252,93,31,62
206000258,44,37,7
206000315,51,6,45
206000317,494,84,410
206000318,297,73,224
206000319,816,184,632
206000320,111,54,57
206000321,102,8,94
206000322,288,28,260
206000323,98,10,88
206000324,75,8,67
206000325,101,11,90
206000326,85,14,71
206000327,715,15,700
206000328,114,2,112
206000329,186,11,175
206000330,22,6,16
206000331,104,4,100
206000332,23,6,17
206000333,396,4,392
206000334,155,0,155
206000335,0,11,-11
206000361,5,168,-163
206000392,2,17,-15
206000405,127,1,126
206000441,24,15,9
206000498,39,1,38
206000515,41,39,2
206000530,193,74,119
206000531,212,168,44
206000532,2256,287,1969
206000535,366,2172,-1806
206000536,32,197,-165
206000537,20,182,-162
206000613,1202,274,928
206000784,377,34,343
207000001,180,616,-436
207000002,141,366,-225
207000003,180,204,-24
207000007,692,235,457
207000008,53,17,36
207000009,33,54,-21
207000010,458,497,-39
207000012,263,247,16
207000015,301,1491,-1190
207000019,345,90,255
207000021,479,187,292
207000022,173,146,27
207000023,226,60,166
207000024,6,20,-14
207000025,20,94,-74
207000026,104,40,64
207000027,22,64,-42
207000028,83,203,-120
207000029,293,438,-145
207000033,312,408,-96
207000034,294,106,188
207000039,265,135,130
207000040,249,140,109
207000041,40,51,-11
207000042,218,66,152
207000043,220,172,48
207000051,124,297,-173
207000052,19,178,-159
207000053,604,710,-106
207000054,46,161,-115
207000055,200,209,-9
207000056,402,395,7
207000057,180,289,-109
207000058,200,360,-160
207000059,119,717,-598
207000060,85,254,-169
207000061,271,390,-119
207000062,358,54,304
207000063,279,165,114
207000064,327,199,128
207000065,317,262,55
207000066,188,207,-19
207000067,71,147,-76
207000068,168,101,67
207000069,660,446,214
207000082,10,274,-264
207000083,76,343,-267
207000084,185,269,-84
207000085,167,14,153
207000086,184,7,177
207000106,38,34,4
207000107,89,22,67
207000108,67,13,54
207000109,40,17,23
207000110,37,89,-52
207000111,85,80,5
207000112,295,660,-365
207000114,44,48,-4
207000115,21,69,-48
207000116,24,386,-362
207000117,9,149,-140
207000118,7,87,-80
207000119,29,72,-43
207000123,193,41,152
207000124,47,25,22
207000125,48,51,-3
207000126,46,59,-13
207000134,90,180,-90
207000135,25,285,-260
207000148,54,260,-206
207000149,74,38,36
207000152,142,434,-292
207000153,1059,1335,-276
207000154,474,133,341
207000159,133,240,-107
207000160,183,552,-369
207000238,0,172,-172
207000242,2,157,-155
207000248,49,32,17
207000249,177,44,133
207000250,839,79,760
207000251,108,72,36
207000252,58,53,5
207000278,64,86,-22
207000279,43,177,-134
207000280,409,83,326
207000281,112,1154,-1042
207000282,183,54,129
207000283,138,247,-109
207000284,117,148,-31
207000285,202,47,155
207000291,12,111,-99
207000304,134,73,61
207000306,121,505,-384
207000310,76,104,-28
207000353,251,4,247
207000356,16,25,-9
207000357,59,22,37
207000358,17,23,-6
207000415,4,210,-206
207000416,257,196,61
207000417,66,3,63
207000418,106,165,-59
207000438,0,1,-1
207000439,1014,712,302
207000446,190,10,180
207000460,33,16,17
207000466,192,139,53
207000467,200,110,90
207000468,83,437,-354
207000476,6,64,-58
207000477,412,117,295
207000478,5,26,-21
207000523,0,9,-9
207000524,75,1,74
207000527,98,195,-97
207000530,316,11,305
207000531,379,12,367
207000532,73,12,61
207000534,639,65,574
207000535,48,392,-344
207000537,27,103,-76
207000540,8,234,-226
207000541,1,321,-320
207000548,9,289,-280
207000549,340,16,324
207000561,81,192,-111
207000562,55,197,-142
207000567,250,266,-16
207000568,94,111,-17
207000569,368,814,-446
207000584,363,201,162
207000585,154,337,-183
207000587,101,35,66
207000616,0,159,-159
207000617,88,0,88
207000624,45,58,-13
207000631,11,97,-86
208000001,858,875,-17
208000002,816,530,286
208000003,1101,649,452
208000004,1642,866,776
208000005,41,34,7
208000019,619,1092,-473
208000020,175,570,-395
208000021,191,407,-216
208000022,964,557,407
208000028,1382,819,563
208000033,580,590,-10
208000034,1138,1304,-166
208000037,435,22,413
208000040,176,172,4
208000041,902,645,257
208000042,1498,635,863
208000047,169,347,-178
208000064,2669,1873,796
208000066,1710,1870,-160
208000070,325,467,-142
208000071,373,875,-502
208000072,364,1307,-943
208000080,265,463,-198
208000081,389,176,213
208000082,456,354,102
208000083,186,462,-276
208000084,41,23,18
208000085,1369,693,676
208000086,601,1136,-535
208000087,452,931,-479
208000089,983,610,373
208000090,968,872,96
208000093,205,148,57
208000094,808,841,-33
208000095,471,229,242
208000104,985,1129,-144
208000105,674,1147,-473
208000114,103,230,-127
208000115,509,340,169
208000116,594,1066,-472
208000117,212,201,11
208000118,111,128,-17
208000155,1088,1017,71
208000158,1562,2880,-1318
208000186,3579,4017,-438
208000204,698,1365,-667
208000205,1229,1622,-393
208000282,5576,2666,2910
209000004,234,163,71
209000005,58,33,25
209000006,537,181,356
209000007,472,312,160
209000010,587,190,397
209000011,248,288,-40
209000012,146,228,-82
209000013,218,447,-229
209000014,549,1197,-648
209000025,333,48,285
209000026,783,136,647
209000027,603,1026,-423
209000028,434,890,-456
209000029,1268,809,459
209000030,844,1544,-700
209000031,3592,2904,688
209000034,176,261,-85
209000035,104,214,-110
209000036,169,121,48
209000037,257,261,-4
209000038,94,215,-121
209000039,72,173,-101
209000040,168,408,-240
209000041,210,448,-238
209000042,219,413,-194
209000043,603,787,-184
209000044,379,926,-547
209000045,1504,400,1104
209000046,479,519,-40
209000047,367,196,171
209000048,564,268,296
209000049,98,124,-26
209000050,232,185,47
209000051,297,454,-157
209000052,194,367,-173
209000062,40,127,-87
209000063,59,101,-42
209000064,64,166,-102
209000065,47,40,7
209000066,75,52,23
209000067,36,66,-30
209000080,46,254,-208
209000082,79,54,25
209000091,62,115,-53
209000093,43,32,11
209000094,267,215,52
209000110,39,104,-65
209000111,408,1688,-1280
209000112,766,709,57
209000113,2356,574,1782
209000114,511,443,68
209000115,126,199,-73
209000116,735,594,141
209000118,67,40,27
209000119,99,19,80
209000121,247,673,-426
209000135,64,179,-115
209000142,594,1698,-1104
209000143,187,98,89
209000144,143,85,58
209000229,188,171,17
209000240,63,407,-344
209000259,132,177,-45
209000260,48,956,-908
209000261,2,515,-513
209000262,3,407,-404
209000263,0,148,-148
209000264,0,83,-83
209000265,403,1,402
209000266,58,2,56
209000267,743,7,736
209000268,640,38,602
210000037,57,20,37
210000047,81,24,57
210000048,71,9,62
210000049,38,14,24
210000052,51,81,-30
210000053,19,56,-37
210000054,109,55,54
210000070,75,6,69
210000071,45,0,45
210000072,33,0,33
210000073,0,37,-37
210000074,1,132,-131
210000075,1,64,-63
210000076,9,146,-137
210000077,171,58,113
210000078,61,43,18
210000079,76,9,67
210000080,235,41,194
210000081,185,18,167
210000082,173,1,172
210000083,103,1,102
210000084,20,0,20
210000085,1,85,-84
210000086,5,127,-122
210000099,49,299,-250
210000100,40,210,-170
210000101,90,288,-198
210000105,33,318,-285
210000159,2,197,-195
210000163,105,237,-132
210000164,295,131,164
210000168,222,43,179
210000187,0,12,-12
210000188,0,22,-22
210000214,12,0,12
210000219,51,50,1
210000220,59,55,4
210000232,7,31,-24
210000233,33,76,-43
210000234,23,149,-126
210000235,46,128,-82
210000245,0,44,-44
210000246,32,2,30
210000258,13,101,-88
210000259,298,40,258
210000282,88,258,-170
210000285,3,121,-118
210000286,13,206,-193
210000290,1,11,-10
210000295,63,198,-135
210000296,70,61,9
210000320,108,70,38
210000321,91,49,42
210000338,204,49,155
210000339,405,1402,-997
210000340,149,483,-334
210000341,242,313,-71
210000342,273,235,38
210000343,344,228,116
210000344,581,157,424
210000345,258,400,-142
210000346,240,198,42
210000347,433,56,377
210000348,273,22,251
210000349,339,19,320
210000350,132,75,57
210000351,177,159,18
210000352,56,132,-76
210000353,37,134,-97
210000354,60,116,-56
210000355,93,105,-12
210000356,203,63,140
210000357,182,66,116
210000358,403,170,233
210000359,361,84,277
210000360,172,109,63
210000361,195,163,32
210000362,289,164,125
210000363,1016,181,835
210000364,145,105,40
210000365,113,62,51
210000366,101,51,50
210000367,118,41,77
210000368,164,37,127
210000369,43,39,4
210000370,81,41,40
210000372,105,31,74
210000373,100,16,84
210000374,84,21,63
210000375,45,124,-79
210000376,122,197,-75
210000404,53,181,-128
210000439,11,33,-22
210000472,142,11,131
210000482,108,96,12
210000564,415,201,214
210000567,1,39,-38
210000568,464,6,458
211000092,44,63,-19
211000094,31,6,25
211000169,182,9,173
211000172,14,316,-302
211000209,0,9,-9
211000226,15,27,-12
211000270,38,12,26
211000275,16,13,3
211000276,75,12,63
211000279,18,26,-8
211000281,28,46,-18
211000302,21,90,-69
211507980,1,35,-34
211977296,50,4,46
212000003,208,52,156
212000004,194,28,166
212000005,72,32,40
212000006,88,67,21
212000008,188,194,-6
212000009,30,140,-110
212000012,76,87,-11
212000013,22,50,-28
212000014,268,163,105
212000015,343,279,64
212000016,494,556,-62
212000027,385,587,-202
212000028,281,493,-212
212000029,186,359,-173
212000030,30,34,-4
212000031,75,71,4
212000048,36,177,-141
212000049,18,142,-124
212000050,35,8,27
212000051,208,220,-12
212000052,192,344,-152
212000053,382,702,-320
212000054,156,160,-4
212000055,195,258,-63
212000056,11,58,-47
212000057,5,43,-38
212000058,332,28,304
212000070,103,312,-209
212000077,118,711,-593
212000099,209,303,-94
212000108,320,201,119
212000111,191,137,54
212000120,325,106,219
212000138,245,30,215
212000156,14,119,-105
212000158,13,13,0
212000159,276,37,239
212000160,378,280,98
212000161,73,6,67
212000310,46,14,32
212000311,12,106,-94
212000374,40,14,26
213000001,58,388,-330
213000005,390,132,258
213000006,994,268,726
213000007,267,20,247
213000009,701,462,239
213000010,166,243,-77
213000011,259,147,112
213000012,80,240,-160
213000014,78,6,72
213000015,199,3,196
213000016,341,2,339
213000017,93,0,93
213000018,7,180,-173
213000019,0,175,-175
213000020,68,267,-199
213000021,11,100,-89
213000023,218,184,34
213000033,215,1331,-1116
213000034,562,279,283
213000035,94,431,-337
213000045,124,230,-106
213000046,170,201,-31
213000047,668,1085,-417
213000056,55,94,-39
213000069,24,1,23
213000073,2,13,-11
213000074,61,315,-254
213000075,618,3,615
213000076,79,2,77
213000085,12,39,-27
213000086,20,176,-156
213000091,94,13,81
213000092,33,11,22
213000099,128,1076,-948
213000100,1210,349,861
213000101,240,152,88
213000102,327,315,12
213000103,765,739,26
213000104,49,370,-321
213000105,0,118,-118
213000106,29,129,-100
213000107,190,665,-475
213000108,38,525,-487
213000109,6,257,-251
213000110,11,70,-59
213000111,10,64,-54
213000112,175,80,95
213000115,37,7,30
213000116,33,644,-611
213000117,5,933,-928
213000118,295,304,-9
213000119,43,596,-553
213000120,100,508,-408
213000122,264,532,-268
213000123,460,1173,-713
213000124,83,1039,-956
213000125,134,25,109
213000126,65,99,-34
213000127,158,149,9
213000128,446,906,-460
213000129,271,633,-362
213000130,302,300,2
213000132,245,89,156
213000133,336,139,197
213000134,754,19,735
213000136,309,39,270
213000137,488,122,366
213000139,934,45,889
213000147,188,21,167
213000148,97,22,75
213000149,74,23,51
213000150,1,97,-96
213000151,2,110,-108
213000152,4,84,-80
213000153,6,38,-32
213000154,21,251,-230
213000155,45,259,-214
213000156,80,825,-745
213000157,708,559,149
213000158,356,597,-241
213000159,286,672,-386
213000163,446,78,368
213000165,524,264,260
213000171,27,173,-146
213000172,34,280,-246
213000173,16,102,-86
213000174,0,14,-14
213000175,30,26,4
213000176,7,111,-104
213000177,2,11,-9
213000178,25,2,23
213000179,107,47,60
213000180,128,73,55
213000182,220,2,218
213000184,104,505,-401
213000188,324,79,245
213000189,271,52,219
213000190,768,765,3
213000191,284,463,-179
213000192,197,486,-289
213000193,847,143,704
213000194,2,66,-64
213000195,18,501,-483
213000196,274,1158,-884
213000197,274,1054,-780
213000198,105,0,105
213000200,110,906,-796
213000201,101,46,55
213000202,14,510,-496
213000203,3681,797,2884
213000204,724,131,593
213000205,146,162,-16
213000206,408,98,310
213000207,223,35,188
213000208,315,1,314
213000209,253,2,251
213000210,1018,3,1015
213000211,18,18,0
213000212,79,11,68
213000213,50,29,21
213000218,1818,2552,-734
213000219,454,22,432
213000220,444,7,437
213000223,281,257,24
213000224,75,72,3
213000225,63,10,53
213000226,62,16,46
213000227,813,366,447
213000228,255,178,77
213000229,699,65,634
213000230,626,74,552
213000232,86,790,-704
213000233,10,56,-46
213000234,2,41,-39
213000293,53,84,-31
213000294,429,27,402
213000295,60,94,-34
213000296,64,26,38
213000297,12,122,-110
213000298,26,126,-100
213000299,75,49,26
213000300,31,7,24
213000303,18,40,-22
213000304,8,15,-7
213000305,18,11,7
213000306,140,30,110
213000307,577,82,495
213000308,138,237,-99
213000309,195,59,136
213000310,274,75,199
213000311,327,702,-375
213000315,114,111,3
213000316,269,67,202
213000322,26,20,6
213000323,18,34,-16
213000340,97,606,-509
213000341,402,150,252
213000346,240,136,104
213000347,721,343,378
213000348,8,93,-85
213000349,31,6,25
213000350,287,1287,-1000
213000366,66,304,-238
213000367,236,52,184
213000379,94,49,45
213000386,19,258,-239
213000406,99,351,-252
213000417,1142,531,611
213000425,80,14,66
213000426,78,39,39
213000427,8,192,-184
213000428,26,164,-138
213000429,47,9,38
213000430,97,533,-436
213000431,138,1,137
213000432,1,24,-23
213000433,8,139,-131
213000434,62,109,-47
213000435,42,79,-37
213000439,105,26,79
213000441,3,2,1
213000443,467,426,41
213000445,1,88,-87
213000446,0,43,-43
213000447,5,59,-54
213000448,5,92,-87
213000449,176,1,175
213000450,12,42,-30
213000451,160,96,64
213000452,21,21,0
213000453,54,273,-219
213000455,376,2,374
213000456,0,191,-191
213000481,135,8,127
213000482,48,7,41
213000489,444,100,344
213000491,2,200,-198
213000492,889,3,886
213000493,0,133,-133
213000494,204,75,129
213000496,273,141,132
213000497,24,167,-143
213000498,45,112,-67
213000499,90,250,-160
213000500,165,59,106
213000501,71,22,49
213000502,285,71,214
213000503,2,33,-31
213000504,3,43,-40
213000505,3,147,-144
213000506,0,5,-5
213000507,2,90,-88
213900244,21,0,21
213900245,0,22,-22
218000003,65,35,30
218000004,49,38,11
218000005,86,39,47
218000006,97,43,54
218000007,26,13,13
218000012,321,222,99
218000013,109,187,-78
218000014,376,539,-163
218000019,784,640,144
218000020,258,456,-198
218000040,13,3,10
218000046,43,129,-86
218000047,17,164,-147
218000048,29,161,-132
218000049,86,170,-84
218000050,228,314,-86
218000051,69,285,-216
218000052,1,113,-112
218000053,5,10,-5
218000054,2,31,-29
218000055,11,5,6
218000056,12,17,-5
218000057,0,28,-28
218000064,0,22,-22
218000065,69,38,31
218000066,14,72,-58
218000067,46,88,-42
218000068,83,87,-4
218000069,136,157,-21
218000070,257,234,23
218000071,201,252,-51
218000072,306,261,45
218000078,707,1214,-507
218000079,71,61,10
218000080,51,69,-18
218000081,221,244,-23
218000082,34,123,-89
218000083,37,71,-34
218000084,88,149,-61
218000085,113,357,-244
218000086,39,199,-160
218000087,162,208,-46
218000090,10,188,-178
218000091,903,579,324
218000092,69,166,-97
218000093,106,93,13
218000094,633,752,-119
218000099,254,688,-434
218000100,218,303,-85
218000101,580,135,445
218000102,373,274,99
218000103,97,145,-48
218000104,68,47,21
218000105,28,18,10
218000106,21,8,13
218000107,52,70,-18
218000108,6,53,-47
218000112,72,15,57
218000117,36,54,-18
218000134,412,829,-417
218000135,134,130,4
218000136,165,80,85
218000137,217,107,110
218000138,26,71,-45
218000139,183,324,-141
218000140,457,249,208
218000141,78,62,16
218000142,172,152,20
218000143,83,205,-122
218000144,85,77,8
218000145,314,343,-29
218000146,28,162,-134
218000151,8,35,-27
218000152,194,72,122
218000170,11,51,-40
218000171,98,14,84
218000172,64,12,52
218000173,62,9,53
218000174,54,10,44
218000176,229,25,204
218000177,322,193,129
218000178,117,213,-96
218000179,184,70,114
218000180,90,48,42
218000181,245,64,181
218000187,9,15,-6
218000188,52,55,-3
218000189,24,55,-31
218000190,1,5,-4
218000191,170,100,70
218000192,152,232,-80
218000193,322,354,-32
218000194,99,330,-231
218000195,107,67,40
218000196,207,364,-157
218000197,197,334,-137
218000198,31,150,-119
218000199,36,32,4
218000200,110,20,90
218000201,22,6,16
218000202,143,332,-189
218000207,6,36,-30
218000208,66,69,-3
218000211,116,12,104
218000213,107,69,38
218000214,2,24,-22
218000215,52,99,-47
218000217,4,167,-163
218000218,148,97,51
218000219,85,31,54
218000220,237,308,-71
218000221,1475,208,1267
218000222,96,49,47
218000223,46,359,-313
218000224,23,156,-133
218000225,211,26,185
218000226,134,73,61
218000232,38,106,-68
218000239,222,20,202
218000240,16,4,12
218000241,29,2,27
218000242,91,1,90
218000243,93,3,90
218000244,46,5,41
218000245,37,7,30
218000246,2,0,2
218000247,0,0,0
218000248,0,19,-19
218000249,1,3,-2
218000250,2,6,-4
218000251,5,24,-19
218000252,3,26,-23
218000253,1,15,-14
218000254,0,17,-17
218000255,3,17,-14
218000256,15,69,-54
218000267,836,1231,-395
218000268,18,60,-42
218000269,1,12,-11
218000270,81,64,17
218000271,48,97,-49
218000273,7,12,-5
218000274,23,7,16
218000275,28,62,-34
218000276,16,43,-27
218000278,17,77,-60
218000279,48,64,-16
218000280,14,47,-33
218000281,18,15,3
218000282,498,466,32
218000284,162,28,134
218000301,76,102,-26
218000302,99,36,63
218000303,41,69,-28
218000316,742,1418,-676
218000317,831,1456,-625
218000318,487,962,-475
218000319,1019,1448,-429
218000320,1066,1005,61
218000338,114,25,89
218000345,186,70,116
218000346,74,185,-111
218000459,37,326,-289
218000490,45,38,7
218000501,106,37,69
218000502,33,107,-74
218000503,99,33,66
218000504,230,33,197
218000505,47,177,-130
218000506,34,286,-252
218000508,1,2,-1
218000510,243,7,236
218000520,113,120,-7
218000521,4,80,-76
218000522,1,106,-105
218000523,283,8,275
218000524,43,131,-88
218000525,184,22,162
218000526,36,110,-74
218000529,42,233,-191
218000531,22,25,-3
218000532,40,24,16
218000534,140,12,128
218000537,34,51,-17
218000538,148,114,34
218000540,331,59,272
218000543,146,89,57
218000544,82,85,-3
218000545,43,73,-30
218000546,51,72,-21
218000547,125,122,3
218000548,101,122,-21
218000549,378,283,95
218000550,203,298,-95
218000551,187,885,-698
218000552,510,72,438
218000553,50,130,-80
218000554,82,23,59
218000555,58,50,8
218000556,184,339,-155
218000557,304,213,91
218000558,68,0,68
218000559,0,35,-35
218000560,0,24,-24
218000561,39,0,39
218000562,50,184,-134
218000563,237,8,229
218000564,11,112,-101
218000565,159,17,142
218000566,299,47,252
218000567,3,82,-79
218000568,9,11,-2
218000569,17,86,-69
218000570,117,5,112
218000571,3,158,-155
218000572,210,2,208
218000573,15,83,-68
218000574,124,44,80
218000575,105,0,105
218000576,1,78,-77
218000577,146,2,144
218000578,2,82,-80
218000579,35,65,-30
218000581,2,39,-37
218000582,84,2,82
218000583,2,9,-7
218000584,1,10,-9
218000585,28,3,25
218000586,5,60,-55
218000587,3,1,2
218000588,0,2,-2
218000589,1,6,-5
218000590,6,0,6
218000591,56,1,55
218000592,155,1,154
218000601,35,1,34
218000602,38,17,21
218000603,0,7,-7
218000604,37,13,24
218000605,0,127,-127
218000606,630,5,625
218000607,6,33,-27
218000608,82,10,72
218000609,6,45,-39
218000610,94,5,89
218000611,19,2,17
218000612,0,18,-18
218000613,29,0,29
218000614,1,27,-26
218000615,130,2,128
218000616,8,90,-82
218000617,29,1,28
218000618,0,19,-19
218000619,117,30,87
218000620,7,4,3
218000621,2,3,-1
218000622,0,7,-7
218000623,310,2,308
218000624,7,24,-17
218000625,34,0,34
218000626,1,5,-4
218000628,119,51,68
218000631,100,20,80
218000632,3,115,-112
218000633,120,0,120
218000634,8,15,-7
218000635,14,5,9
218000636,859,1705,-846
218000637,707,695,12
218000638,106,79,27
218000639,40,198,-158
218000640,152,49,103
218000641,124,335,-211
218000652,65,125,-60
218000653,194,79,115
218000663,14,233,-219
218000675,59,44,15
218000680,192,517,-325
218000681,532,154,378
218000691,141,355,-214
218000693,225,167,58
218000718,1068,914,154
218000719,1692,404,1288
218000720,23,73,-50
218000721,178,5,173
218001147,4,388,-384
218001214,10,15,-5
218001258,197,5,192
218001329,228,147,81
218001330,211,155,56
218001351,54,25,29
218001352,14,18,-4
218001353,26,17,9
218001354,27,21,6
218001355,73,450,-377
218001356,274,33,241
218001357,51,346,-295
218001358,241,15,226
218001361,257,27,230
218001362,1,493,-492
219000001,59,88,-29
219000002,58,93,-35
219000003,57,24,33
219000004,69,67,2
219000017,248,26,222
219000020,105,50,55
219000022,117,6,111
219000023,101,0,101
219000029,0,129,-129
219000034,107,20,87
219000039,157,51,106
219000040,54,28,26
219000041,113,31,82
219000051,0,43,-43
219000052,0,21,-21
219000053,1,165,-164
219000055,152,2,150
219000056,87,0,87
219000057,123,2,121
219000062,33,109,-76
219000063,66,14,52
219000064,3,99,-96
219000110,644,52,592
219000111,133,39,94
219000112,178,88,90
219000113,100,55,45
219000114,234,81,153
219000116,98,63,35
219000117,124,96,28
219000118,149,63,86
219000123,279,102,177
219000124,91,49,42
219000125,23,27,-4
219000126,118,103,15
219000127,0,7,-7
219000128,23,112,-89
219000129,28,199,-171
219000130,819,843,-24
219000131,858,1246,-388
219000133,109,41,68
219000134,18,25,-7
219000135,46,53,-7
219000136,137,287,-150
219000138,36,30,6
219000139,18,58,-40
219000140,31,13,18
219000141,11,140,-129
219000142,11,133,-122
219000143,18,136,-118
219000145,22,62,-40
219000146,12,53,-41
219000147,3,36,-33
219000148,11,33,-22
219000149,17,116,-99
219000150,4,116,-112
219000151,10,45,-35
219000157,238,165,73
219000158,179,289,-110
219000161,172,12,160
219000163,1696,488,1208
219000166,118,209,-91
219000167,126,271,-145
219000168,355,161,194
219000174,428,113,315
219000175,71,4,67
219000176,54,7,47
219000177,25,2,23
219000178,35,2,33
219000179,14,4,10
219000180,25,21,4
219000182,131,19,112
219000183,69,17,52
219000184,115,8,107
219000185,0,47,-47
219000186,39,36,3
219000187,10,92,-82
219000189,151,206,-55
219000190,192,266,-74
219000191,1537,1292,245
219000192,160,164,-4
219000193,401,173,228
219000195,1,112,-111
219000196,8,145,-137
219000198,33,171,-138
219000199,105,344,-239
219000200,54,264,-210
219000201,136,277,-141
219000203,59,147,-88
219000204,289,197,92
219000205,84,145,-61
219000207,227,242,-15
219000209,33,90,-57
219000210,122,148,-26
219000213,23,185,-162
219000239,195,288,-93
219000240,250,330,-80
219000241,104,254,-150
219000242,113,190,-77
219000243,117,309,-192
219000244,59,126,-67
219000245,78,76,2
219000246,93,26,67
219000247,127,40,87
219000248,714,360,354
219000249,212,77,135
219000250,133,113,20
219000251,562,182,380
219000252,209,175,34
219000253,395,93,302
219000255,77,154,-77
219000256,180,96,84
219000257,198,0,198
219000262,89,166,-77
219000263,79,209,-130
219000267,1,142,-141
219000268,4,7,-3
219000269,12,2,10
219000270,4,1,3
219000271,152,6,146
219000278,0,13,-13
219000279,3,4,-1
219000283,0,20,-20
219000295,11,93,-82
219000296,76,515,-439
219000297,10,150,-140
219000298,13,176,-163
219000299,445,76,369
219000300,18,270,-252
219000301,230,333,-103
219000302,40,307,-267
219000307,38,63,-25
219000308,57,36,21
219000311,160,58,102
219000312,496,76,420
219000313,296,45,251
219000314,57,571,-514
219000315,213,51,162
219000316,402,59,343
219000317,91,11,80
219000320,1,58,-57
219000321,0,16,-16
219000323,9,96,-87
219000325,0,35,-35
219000326,64,133,-69
219000327,77,34,43
219000328,41,45,-4
219000329,263,151,112
219000330,27,23,4
219000331,65,33,32
219000332,100,90,10
219000333,11,5,6
219000335,97,1,96
219000337,41,0,41
219000338,96,4,92
219000344,28,83,-55
219000345,70,100,-30
219000346,75,138,-63
219000348,116,118,-2
219000349,54,186,-132
219000350,118,153,-35
219000351,15,3,12
219000352,297,53,244
219000353,95,48,47
219000354,142,138,4
219000355,139,71,68
219000356,1376,1005,371
219000363,258,61,197
219000364,117,34,83
219000365,187,24,163
219000366,219,427,-208
219000368,521,513,8
219000370,1191,353,838
219000371,28,24,4
219000382,20,20,0
219000383,925,835,90
219000385,691,477,214
219000386,1055,1465,-410
219000387,5,7,-2
219000390,4,2,2
219000391,3,1,2
219000397,109,95,14
219000398,103,44,59
219000401,12,96,-84
219000402,25,131,-106
219000403,118,303,-185
219000404,24,152,-128
219000407,1,38,-37
219000409,53,47,6
219000410,73,33,40
219000411,49,18,31
219000446,205,306,-101
219000447,2,21,-19
219000448,6,10,-4
219000452,174,85,89
219000453,123,152,-29
219000454,311,259,52
219000556,219,93,126
219000558,154,244,-90
219000590,28,185,-157
219000591,52,52,0
219000592,124,415,-291
219000595,3,97,-94
219000635,128,75,53
219000636,27,127,-100
219000657,27,20,7
219000658,31,31,0
219000673,0,19,-19
219000676,31,1,30
219000679,75,4,71
219000684,89,3,86
219000685,0,84,-84
219000686,1,2,-1
219000688,0,101,-101
219000689,35,225,-190
219000690,158,42,116
219000691,26,168,-142
219000692,137,33,104
219000693,1,40,-39
219000694,2,0,2
219000695,14,3,11
219000698,89,1,88
219000699,0,10,-10
219000727,0,167,-167
219000728,178,1,177
219000770,37,3,34
219000771,1,21,-20
219000788,524,346,178
219001150,3,11,-8
219001151,0,7,-7
219001166,87,19,68
219001167,4,76,-72
219001178,22,0,22
220000001,206,62,144
220000002,27,124,-97
220000003,632,357,275
220000004,1011,593,418
220000005,1546,1614,-68
220000006,304,1019,-715
220000007,414,795,-381
220000008,407,1137,-730
220000009,246,514,-268
220000010,207,138,69
220000011,821,4040,-3219
220000012,92,432,-340
220000014,210,46,164
220000015,112,210,-98
220000017,25,282,-257
220000018,4593,1850,2743
220000019,99,285,-186
220000020,521,261,260
220000021,545,209,336
220000022,622,497,125
220000023,278,178,100
220000024,1715,427,1288
220000025,733,906,-173
220000026,306,232,74
220000027,135,118,17
220000028,90,41,49
220000029,333,272,61
220000030,204,76,128
220000031,346,348,-2
220000064,16,659,-643
221000046,3,1,2
221000047,0,4,-4
221000048,0,1,-1
221000049,0,7,-7
221000050,22,0,22
221000055,46,43,3
221000057,49,4,45
221000068,224,133,91
221000069,233,54,179
221000070,199,22,177
221000071,69,5,64
221000072,189,19,170
221000073,130,50,80
221000074,2,26,-24
221000075,22,45,-23
221000076,13,43,-30
221000077,40,112,-72
221000081,19,7,12
221000082,66,7,59
221000083,49,1,48
221000084,8,5,3
221000085,17,47,-30
221000086,15,139,-124
221000087,13,163,-150
221000088,18,184,-166
221000089,29,325,-296
221000090,104,561,-457
221000098,128,17,111
221000099,216,30,186
221000100,123,1,122
221000101,262,15,247
221000102,100,11,89
221000109,6,54,-48
221000110,7,105,-98
221000111,30,197,-167
221000112,2,151,-149
221000113,16,180,-164
221000114,11,167,-156
221000120,39,19,20
221000121,11,28,-17
221000122,69,8,61
221000123,33,25,8
221000124,81,178,-97
221000155,55,18,37
221000156,128,38,90
221000175,8,10,-2
221000176,1,1,0
221000182,28,4,24
221000241,718,243,475
221000242,142,506,-364
221000243,724,120,604
221000244,303,571,-268
221000245,217,134,83
221000246,42,295,-253
221000247,129,164,-35
221000248,87,214,-127
221000267,48,684,-636
221000325,124,23,101
221000331,56,88,-32
221000338,10,14,-4
221000378,287,32,255
221000381,70,71,-1
222000282,31,0,31
222000296,0,22,-22
222000568,244,9,235
222000569,190,25,165
222000570,83,11,72
222000571,236,11,225
222000577,7,231,-224
222000578,23,192,-169
222000579,49,188,-139
222000580,96,913,-817
222000599,0,133,-133
222000600,4,272,-268
222000601,9,896,-887
222000603,17,15,2
222000604,5,34,-29
222000605,25,24,1
222000606,0,17,-17
222000607,13,3,10
222000608,47,13,34
222000609,48,280,-232
222000616,196,41,155
222000617,21,8,13
222000618,14,3,11
222000620,34,13,21
222000621,75,10,65
222000623,436,10,426
222000624,249,3,246
222000625,391,25,366
222000636,98,1,97
222000686,26,17,9
222000687,63,22,41
222001066,194,2,192
222001067,12,1,11
222001068,19,26,-7
222001069,25,33,-8
222001082,6,31,-25
222001083,4,57,-53
222001084,0,31,-31
222001085,1,95,-94
222001111,32,178,-146
222001112,72,32,40
222001313,67,6,61
222001314,4,71,-67
222001464,144,49,95
222001465,34,182,-148
222001484,86,59,27
222001485,30,57,-27
222001494,292,110,182
222001495,81,319,-238
222001496,332,106,226
222001497,124,488,-364
222001502,16,95,-79
222001503,108,40,68
222001504,21,282,-261
222001505,180,20,160
222001506,33,288,-255
222001507,235,37,198
222001510,302,44,258
222001511,43,365,-322
222001514,480,173,307
222001515,196,590,-394
222001518,174,67,107
222001519,53,217,-164
222001527,224,46,178
222001528,54,174,-120
222001529,148,39,109
222001530,70,221,-151
222001533,142,329,-187
222001534,194,68,126
222001535,317,198,119
222001536,116,374,-258
222001537,245,41,204
222001538,61,447,-386
222001563,414,67,347
222001564,48,686,-638
222001568,407,122,285
222001576,1,5,-4
222001579,0,4,-4
222001583,18,137,-119
222001584,50,30,20
222001596,677,1269,-592
222001597,1882,262,1620
222001626,0,132,-132
222001650,94,93,1
222001651,73,90,-17
222001914,195,34,161
222001915,55,196,-141
222001968,492,285,207
222001969,431,744,-313
222001970,143,253,-110
222001971,17,7,10
222001972,1,10,-9
225000001,426,190,236
225000002,457,180,277
225000003,504,101,403
225000004,337,241,96
225000005,46,74,-28
225000006,0,164,-164
225000007,2569,1621,948
225000010,277,5,272
225000011,482,1351,-869
225000012,211,619,-408
225000013,195,160,35
225000014,1564,79,1485
225000015,106,189,-83
225000021,670,253,417
225000027,245,579,-334
225000032,600,207,393
225000042,112,722,-610
225000049,42,72,-30
225000050,61,24,37
225000053,4,292,-288
225000058,979,135,844
225000067,162,196,-34
225000068,131,376,-245
225000069,174,487,-313
225000070,78,448,-370
225000071,37,240,-203
225000075,26,1201,-1175
225000076,119,153,-34
225000078,67,74,-7
225000085,43,124,-81
225000086,233,59,174
225000087,236,25,211
225000088,13,167,-154
225000089,458,1213,-755
225000090,18,456,-438
225000091,244,184,60
225000092,25,101,-76
225000093,164,392,-228
225000094,28,343,-315
225000095,426,542,-116
225000096,472,584,-112
225000098,522,304,218
225000099,252,165,87
225000100,247,184,63
225000104,115,585,-470
225000110,16,502,-486
225000111,253,1104,-851
225000112,504,1194,-690
225000113,260,657,-397
225000114,71,317,-246
225000115,2319,710,1609
225000116,991,266,725
225000117,960,281,679
225000118,1001,305,696
225000119,238,110,128
225000120,575,85,490
225000121,353,40,313
225000123,1267,21,1246
225000125,418,221,197
225000126,1129,227,902
225000127,1065,900,165
225000128,572,732,-160
225000132,214,22,192
225000133,196,31,165
225000134,460,176,284
225000135,29,5,24
225000136,248,19,229
225000137,150,55,95
225000138,355,91,264
225000143,88,207,-119
225000144,1,400,-399
225000145,44,63,-19
225000146,38,180,-142
225000147,37,395,-358
225000148,2,271,-269
225000149,82,472,-390
225000151,48,265,-217
225000155,520,618,-98
225000156,306,1026,-720
225000157,387,428,-41
225000158,120,307,-187
225000171,4,153,-149
225000180,95,61,34
225000181,0,66,-66
225000182,111,14,97
225000185,14,418,-404
225000187,63,397,-334
225000191,111,2,109
225000194,0,20,-20
225000208,4,61,-57
225000209,110,12,98
225000210,6,297,-291
225000217,2,13,-11
225000218,27,1,26
225000223,0,56,-56
225000224,551,1,550
225000225,2,58,-56
225000226,70,1,69
225000227,46,163,-117
225000228,9,12,-3
225000229,0,101,-101
225000230,22,1,21
225000231,1,90,-89
225000232,144,0,144
225000241,199,5,194
225000242,4,56,-52
225000249,21,1,20
225000250,41,944,-903
225000251,301,14,287
226000042,487,543,-56
226000043,122,303,-181
226000044,258,720,-462
226000045,103,444,-341
226000046,433,72,361
226000047,452,117,335
226000048,371,135,236
226000049,301,203,98
226000070,0,31,-31
226000071,0,61,-61
226000072,0,9,-9
226000073,0,21,-21
226000074,0,10,-10
226000084,3,70,-67
226000085,2,12,-10
226000086,11,17,-6
226000087,8,12,-4
226000088,45,22,23
226000090,238,90,148
226000091,11,34,-23
226000092,4,2,2
226000093,47,0,47
226000094,37,4,33
226000095,381,12,369
226000105,11,0,11
226000106,24,0,24
226000107,5,0,5
226000108,96,0,96
226000109,87,0,87
226000124,115,75,40
226000134,511,476,35
226000135,982,670,312
226000136,321,383,-62
226000137,15,516,-501
226000138,8,294,-286
226000139,1,17,-16
226000156,154,13,141
226000157,156,17,139
226000163,118,201,-83
226000202,12,422,-410
226000231,403,10,393
226000232,66,13,53
227000037,157,31,126
227000038,249,80,169
227000049,1,47,-46
227000050,1,84,-83
227000055,181,2,179
227000056,73,3,70
227000084,2,61,-59
227000085,1,35,-34
227000088,113,10,103
227000089,183,4,179
227000090,62,1,61
227000091,37,2,35
227000093,179,0,179
227000094,25,3,22
227000130,42,54,-12
227000131,15,246,-231
227000132,35,239,-204
227000133,11,207,-196
227000134,32,337,-305
227000152,0,1,-1
227000153,0,47,-47
227000155,3,13,-10
227000156,3,12,-9
227000165,2,14,-12
227000196,19,289,-270
227000199,219,29,190
227000230,8,396,-388
227000232,237,25,212
227000241,269,49,220
227000242,36,435,-399
227000243,395,75,320
227000244,278,81,197
227000245,28,358,-330
227000246,71,598,-527
227000247,236,75,161
227000248,324,25,299
227000249,46,311,-265
227000251,271,355,-84
227000252,22,361,-339
227000253,89,17,72
227000262,266,45,221
227000266,664,23,641
227000267,27,1283,-1256
227000486,548,176,372
227000655,238,11,227
227000661,121,16,105
227000680,345,39,306
229000265,27,34,-7
229000296,1,8,-7
229000297,6,44,-38
229000298,19,126,-107
229000320,3,11,-8
229000321,11,4,7
229000412,39,52,-13
229000414,6,64,-58
229000415,22,4,18
229000416,3,3,0
229000417,0,10,-10
229000419,127,284,-157
229000440,246,82,164
229000442,11,2,9
229000443,2,5,-3
229000444,5,26,-21
229000445,66,6,60
229000446,63,13,50
229000847,34,0,34
229000848,18,1,17
229000849,97,1,96
229000851,24,2,22
229000854,0,41,-41
229000856,1,112,-111
229000857,0,23,-23
229000858,0,47,-47
229000919,6,117,-111
229000930,4,222,-218
229000937,98,19,79
229000966,64,22,42
229000981,19,85,-66
229000985,2,38,-36
229000986,0,4,-4
229000987,14,0,14
229000988,2,2,0
229000989,8,12,-4
229000990,0,0,0
229000991,0,0,0
229000992,6,9,-3
229000993,162,10,152
229000998,4,55,-51
229000999,57,18,39
229001034,0,25,-25
229001035,19,0,19
229001037,47,18,29
229001042,8,21,-13
229001047,2,37,-35
229001050,37,52,-15
229001200,7,2,5
229001338,3,38,-35
229001394,225,4,221
229001422,108,23,85
229001423,27,126,-99
229001431,136,75,61
229001432,63,105,-42
229001444,91,30,61
229001445,26,182,-156
229001503,161,94,67
229001504,120,231,-111
229001505,139,53,86
229001506,66,199,-133
229001509,60,27,33
229001545,54,6,48
229001546,8,99,-91
229001553,78,15,63
229001554,20,96,-76
229001559,1,13,-12
229001560,3,19,-16
229001630,46,11,35
229001631,9,52,-43
229001635,0,5,-5
229001636,4,0,4
229001658,0,137,-137
229001659,80,1,79
229001660,10,6,4
229001661,15,19,-4
229001662,64,1,63
229001663,0,13,-13
229002584,116,146,-30
229002831,200,115,85
229002841,10,15,-5
229002842,4,14,-10
229002843,116,7,109
229002844,75,42,33
229002845,41,27,14
229002846,56,15,41
229002847,7,7,0
229002848,3,5,-2
229002849,0,40,-40
229002850,9,1,8
229002851,118,86,32
229002852,131,14,117
229002853,114,13,101
229002854,60,28,32
229002855,34,16,18
229002856,121,8,113
229002857,24,39,-15
229002858,75,3,72
229002859,22,21,1
229002860,109,11,98
229002861,63,15,48
229002862,33,10,23
229002863,70,10,60
229002864,6,17,-11
229002865,4,2,2
229002866,5,10,-5
229002867,16,23,-7
229002868,33,3,30
229002869,28,125,-97
229002870,26,3,23
235000066,360,80,280
235000067,108,99,9
235000072,30,53,-23
235000073,69,339,-270
235000074,25,39,-14
235000080,45,64,-19
235000081,109,112,-3
235000082,182,36,146
235000083,87,100,-13
235000084,86,47,39
235000085,58,60,-2
235000089,49,41,8
235000092,33,141,-108
235000093,24,1,23
235000097,7,3,4
235000098,43,16,27
235000099,12,23,-11
235000116,69,17,52
235000117,839,8,831
235000133,10,389,-379
235000134,8,164,-156
235000206,22,4,18
235000207,7,0,7
235000208,5,2,3
235000209,16,1,15
235000210,13,5,8
235000212,0,26,-26
235000213,1,16,-15
235000220,2,6,-4
235000221,48,7,41
235000238,17,59,-42
235000239,6,20,-14
235000242,277,447,-170
235000245,565,170,395
235000246,13,87,-74
235000284,7,123,-116
235000295,163,22,141
235000305,243,39,204
235000306,134,11,123
235000307,7,0,7
235000308,46,1,45
235000309,67,0,67
235000310,23,0,23
235000311,212,58,154
235000322,0,35,-35
235000323,0,38,-38
235000324,0,17,-17
235000325,1,11,-10
235000326,28,155,-127
235000351,2,98,-96
235000352,5,24,-19
235000353,0,9,-9
235000354,10,20,-10
235000355,5,41,-36
235000356,101,2,99
235000357,18,14,4
235000358,60,9,51
235000359,13,8,5
235000360,23,7,16
235000361,48,4,44
235000381,81,199,-118
235000382,73,28,45
235000390,10,1,9
235000391,91,8,83
235000392,138,181,-43
235000393,87,110,-23
235000395,98,47,51
235000396,272,90,182
235000400,144,129,15
235000401,51,122,-71
235000405,71,206,-135
235000406,39,212,-173
235000407,51,99,-48
235000409,124,147,-23
235000410,18,245,-227
235000411,2,62,-60
235000485,0,3,-3
235000486,2,0,2
235000549,69,111,-42
235000550,53,117,-64
235000599,28,48,-20
235000600,16,8,8
235000601,17,31,-14
235000602,57,88,-31
235000614,1,1,0
235000648,0,18,-18
235000649,39,7,32
235000685,0,1,-1
235000815,20,22,-2
235000834,0,14,-14
235000855,38,72,-34
235000862,53,172,-119
235000891,0,6,-6
235000892,20,1,19
235000901,46,64,-18
235000907,7,15,-8
235001010,50,65,-15
235001029,393,304,89
235001030,273,211,62
235001078,113,69,44
235001079,82,100,-18
235001147,31,57,-26
235001166,10,68,-58
235001167,89,52,37
235001169,41,257,-216
235001188,4,8,-4
235001189,4,0,4
235001197,11,9,2
235001200,36,33,3
235001207,278,55,223
235001210,83,192,-109
235001215,50,146,-96
235001239,2,48,-46
235001244,0,6,-6
235016267,0,84,-84
277102712,4,0,4
277103813,0,2,-2
277104249,0,3,-3
277104250,0,7,-7
277104251,0,10,-10
277104252,0,2,-2
990011530,0,212,-212
990014944,1,519,-518
990015176,56,0,56
990016032,0,322,-322
990032570,0,44,-44
990070001,94,2,92
990070103,0,1,-1
990070601,0,22,-22
990070751,497,2,495
990070766,1,528,-527
990071180,449,239,210
990071343,39,1,38
990071387,2,12,-10
990071823,44,1,43
990072600,1,667,-666
990072964,0,353,-353
990073285,0,0,0
990074393,0,845,-845
990074870,956,5,951
990075106,822,5,817
990075746,336,4,332
990076437,827,3,824
990076458,0,820,-820
997000007,397,9,388
997000041,7,104,-97
997000058,37,0,37
997000062,119,0,119
997000069,0,6,-6
997000070,0,31,-31
997000100,16,0,16
997000141,11,1199,-1188
997000198,387,803,-416
998000475,0,25,-25
998000736,1,204,-203
998000965,0,22,-22
998001031,0,79,-79
998001700,0,17,-17
998001899,0,0,0
998001900,2,1,1
998003073,717,33,684
998101900,0,0,0
998102850,2,75,-73
998501927,815,501,314
998501929,56,10,46
998501930,42,8,34
998501931,114,5,109
998501932,0,0,0
998501933,55,6,49
998501937,4,0,4
998501944,29,2,27
998501950,0,2,-2
998501970,25,2,23
998501971,0,67,-67
998501973,0,33,-33
998501974,9,229,-220
998501975,328,3,325
998501976,145,1,144
998501977,0,25,-25
998501978,35,3,32
998501979,0,8,-8
998501980,81,2,79
998501981,31,4,27
998501982,0,110,-110
998501983,0,0,0
998502006,0,1,-1
998502032,0,5,-5
998502062,16,1,15
998502063,0,0,0
998502173,57,1,56
998502269,0,2,-2
998502546,0,124,-124
998502578,0,8,-8
998502599,48,294,-246
998502621,0,0,0
998601159,1,175,-174
998601292,0,13,-13
999033574,2,808,-806
999800001,43,12,31
999800002,0,32,-32
999800003,6,2,4
999800004,0,2,-2
999800005,0,4,-4
