ID,insum,outsum,diff
100000001,0,0,0
100000002,1361,2166,-805
100000003,1907,2722,-815
100000004,101,750,-649
100000005,1130,1618,-488
100000006,92,61,31
100000007,259,287,-28
100000008,7,31,-24
100000009,17,160,-143
100000010,0,64,-64
100000011,65,35,30
100000012,63,27,36
100000013,0,4,-4
100000014,4,11,-7
100000015,363,655,-292
100000016,76,179,-103
100000017,34,87,-53
100000018,143,168,-25
100000019,349,739,-390
100000020,193,988,-795
100000021,220,145,75
100000022,221,759,-538
100000023,482,476,6
100000025,150,645,-495
100000028,210,385,-175
100000029,7,33,-26
100000030,27,1,26
100000031,331,1041,-710
100000032,224,1022,-798
100000033,151,803,-652
100000034,3,77,-74
100000035,124,530,-406
100000036,215,204,11
100000037,263,106,157
100000038,701,195,506
100000039,74,23,51
100000040,4,73,-69
100000041,263,108,155
100000042,208,35,173
100000043,92,97,-5
100000044,3,9,-6
100000045,33,54,-21
100000046,110,52,58
100000047,15,21,-6
100000048,33,82,-49
100000049,140,140,0
100000051,127,51,76
100000053,16,0,16
100000054,42,0,42
100000055,56,19,37
100000056,112,59,53
100000057,282,98,184
100000058,87,87,0
100000059,6,78,-72
100000060,162,106,56
100000061,491,134,357
100000062,218,156,62
100000063,131,116,15
100000064,198,128,70
100000065,84,45,39
100000066,53,26,27
100000067,60,98,-38
100000068,58,62,-4
100000069,21,127,-106
100000072,22,52,-30
100000073,179,192,-13
100000075,164,38,126
100000076,508,1562,-1054
100000077,33,275,-242
100000078,1,57,-56
100000079,1,53,-52
100000080,1,25,-24
100000081,2,35,-33
100000102,686,1360,-674
100000103,303,306,-3
100000104,233,253,-20
100000105,131,277,-146
100000106,272,1569,-1297
100000107,52,425,-373
100000108,17,107,-90
100000109,378,268,110
100000116,181,308,-127
100000117,0,37,-37
100000118,1018,371,647
100000119,347,372,-25
100000121,45,188,-143
100000122,122,352,-230
100000123,1365,1860,-495
100000124,428,869,-441
100000125,661,1691,-1030
100000126,64,299,-235
100000127,266,214,52
100000128,11,321,-310
100000129,35,87,-52
100000130,324,267,57
100000131,62,215,-153
100000132,80,1062,-982
100000133,426,212,214
100000135,163,197,-34
100000139,118,201,-83
100000140,0,0,0
100000142,154,70,84
100000143,45,26,19
100000144,349,15,334
100000147,704,2990,-2286
100000150,23,78,-55
100000151,73,842,-769
100000153,3,91,-88
100000154,0,59,-59
100000155,3,6,-3
100000156,23,81,-58
100000157,217,68,149
100000158,9,97,-88
100000159,37,357,-320
100000165,263,150,113
100000169,6,126,-120
100000174,25,38,-13
100000179,4,340,-336
100000180,10,26,-16
100000181,20,39,-19
100000188,3,17,-14
100000189,201,48,153
100000190,86,359,-273
100000191,38,185,-147
100000192,5,83,-78
100000193,35,102,-67
100000330,218,323,-105
100000355,38,50,-12
100000362,719,292,427
100000363,2268,2882,-614
100000364,100,76,24
100000365,3181,3522,-341
100000366,686,506,180
100000367,2494,3016,-522
100000368,94,39,55
100000369,95,1100,-1005
100000370,18,428,-410
100000376,24,191,-167
100000379,335,1671,-1336
100000380,1459,2389,-930
100000384,1342,2488,-1146
100000385,333,2576,-2243
100000386,876,1884,-1008
100000387,511,3436,-2925
100000388,733,1167,-434
100000389,973,2872,-1899
100000390,361,594,-233
100000391,1122,3207,-2085
100000392,138,496,-358
100000393,104,1394,-1290
100000394,451,843,-392
100000395,367,1021,-654
100000396,575,476,99
100000397,276,1321,-1045
100000398,4868,1264,3604
100000413,0,0,0
100000414,23,186,-163
100900002,0,0,0
100900003,16,40,-24
100900004,0,1,-1
100900005,0,0,0
100900006,0,0,0
100900007,0,0,0
100900008,0,0,0
100900009,0,0,0
100900010,0,0,0
100900011,0,0,0
100900012,0,0,0
100900013,0,0,0
100900014,0,0,0
100900015,0,0,0
100900016,0,0,0
100900017,55,0,55
100900018,0,0,0
100900019,0,0,0
100900020,0,0,0
100900021,29,0,29
100900022,0,0,0
100900023,0,0,0
100900024,0,0,0
100900025,0,0,0
100900026,0,0,0
100900027,4,181,-177
100900028,0,3,-3
100900029,0,0,0
100900030,0,0,0
100900031,105,13,92
100900032,48,0,48
100900033,0,0,0
100900034,0,0,0
100900035,0,0,0
100900036,0,0,0
100900037,0,0,0
100900038,0,0,0
100900039,5,0,5
100900040,108,1,107
100900041,76,0,76
100900042,60,238,-178
100900043,0,6,-6
100900044,34,0,34
100900045,0,0,0
100900046,43,0,43
100900047,51,6,45
100900048,0,0,0
100900049,0,0,0
100900050,0,0,0
100900051,0,0,0
100900052,0,0,0
100900053,0,0,0
100900054,0,0,0
100900055,0,0,0
100900056,0,0,0
100900057,68,16,52
100900058,0,0,0
100900059,0,0,0
100900060,0,0,0
100900061,0,0,0
100900062,0,0,0
100900063,2,98,-96
100900064,28,0,28
100900065,0,0,0
100900066,2,0,2
100900067,0,0,0
100900068,0,0,0
100900069,0,0,0
100900070,0,0,0
100900071,0,0,0
100900072,0,0,0
100900073,0,0,0
100900074,0,0,0
100900075,1,0,1
100900076,2,1,1
100900077,0,0,0
100900078,1,0,1
100900079,0,0,0
100900080,1,0,1
100900081,0,0,0
100900082,0,0,0
100900083,0,0,0
100900085,0,0,0
100900086,0,0,0
100900088,0,0,0
100900089,0,0,0
100900090,18,17,1
100900091,0,0,0
100900092,20,1,19
100900093,0,0,0
100900094,0,0,0
100900095,0,0,0
100900096,0,4,-4
100900097,0,0,0
100900098,0,0,0
100900099,0,0,0
100900100,0,0,0
100900101,4,0,4
100900102,0,0,0
100900103,0,0,0
100900104,0,0,0
100900105,0,0,0
100900106,0,0,0
100900107,0,0,0
100900108,0,0,0
100900109,0,0,0
100900110,0,6,-6
100900111,0,0,0
100900112,0,2,-2
100900113,0,0,0
100900114,0,0,0
100900115,0,0,0
100900116,26,0,26
100900117,0,0,0
100900118,0,0,0
100900119,0,0,0
100900120,0,0,0
100900121,25,0,25
100900122,0,0,0
100900123,0,0,0
100900124,0,0,0
100900125,0,0,0
100900126,0,0,0
100900127,0,0,0
100900128,0,0,0
100900129,0,0,0
100900131,3,0,3
100900133,0,0,0
100900134,0,0,0
100900135,0,0,0
100900137,0,0,0
100900138,0,0,0
100900139,0,0,0
100900140,0,0,0
100900141,0,0,0
100900142,0,0,0
100900143,0,0,0
100900144,0,0,0
100900145,0,0,0
100900146,0,0,0
100900147,0,0,0
100900148,0,0,0
100900149,0,0,0
100900150,0,0,0
100900151,0,0,0
100900152,0,0,0
100900153,0,0,0
100900154,10,0,10
100900155,0,0,0
100900156,0,0,0
100900157,0,0,0
100900159,0,0,0
100900160,0,0,0
100900161,0,0,0
100900162,0,0,0
100900163,0,0,0
100900164,0,0,0
100900165,0,0,0
100900166,0,0,0
100900167,0,0,0
100900168,0,0,0
100900169,0,1,-1
100900170,0,0,0
100900171,0,0,0
100900172,0,0,0
100900173,0,0,0
100900174,0,0,0
100900176,0,0,0
100900177,0,0,0
100900178,40,0,40
100900179,0,0,0
100900180,0,0,0
100900181,0,0,0
100900182,0,1,-1
100900184,0,1,-1
100900186,0,0,0
100900187,0,0,0
100900188,0,0,0
100900189,0,0,0
100900191,0,0,0
100900192,0,0,0
100900195,5,2,3
100900197,116,92,24
100900198,0,4,-4
100900199,6,1,5
100900200,0,0,0
100900201,0,0,0
100900202,0,0,0
100900203,0,0,0
100900204,3,0,3
100900205,0,0,0
100900206,0,0,0
100900207,0,0,0
100900210,0,0,0
100900211,0,0,0
100900213,0,0,0
100900214,0,0,0
100900215,0,0,0
100900217,0,0,0
101000001,426,681,-255
101000002,126,433,-307
101000003,25,344,-319
101000004,2523,4313,-1790
101000005,1313,2333,-1020
101000006,1993,3041,-1048
101000007,383,1859,-1476
101000009,810,205,605
101000010,106,205,-99
101000011,20,115,-95
101000012,18,7,11
101000013,90,244,-154
101000014,92,325,-233
101000015,483,389,94
101000016,21,237,-216
101000017,67,171,-104
101000018,497,518,-21
101000020,647,150,497
101000021,71,336,-265
101000023,113,275,-162
101000025,48,156,-108
101000026,50,0,50
101000027,439,973,-534
101000028,159,139,20
101000029,6,284,-278
101000030,62,25,37
101000031,65,555,-490
101000032,1075,1898,-823
101000033,164,1065,-901
101000034,222,404,-182
101000035,8,26,-18
101000036,265,620,-355
101000037,258,1435,-1177
101000039,206,630,-424
101000040,354,790,-436
101000041,1643,3400,-1757
101000042,28,410,-382
101000043,1053,1800,-747
101000045,103,280,-177
101000046,315,931,-616
101000047,611,1310,-699
101000048,91,190,-99
101000049,55,333,-278
101000050,115,751,-636
101000051,36,1189,-1153
101000052,283,849,-566
101000053,62,330,-268
101000054,261,123,138
101000055,260,965,-705
101000056,9,72,-63
101000057,93,290,-197
101000058,289,1182,-893
101000059,626,1727,-1101
101000060,92,111,-19
101000061,53,1638,-1585
101000062,73,137,-64
101000063,107,1068,-961
101000064,129,338,-209
101000065,41,569,-528
101000066,86,678,-592
101000067,53,64,-11
101000068,98,179,-81
101000069,52,16,36
101000070,201,92,109
101000071,373,586,-213
101000072,1385,716,669
101000073,595,544,51
101000074,1884,1586,298
101000075,3229,848,2381
101000077,1295,404,891
101000078,752,465,287
101000079,773,434,339
101000080,406,66,340
101000081,610,395,215
101000082,796,551,245
101000083,903,494,409
101000084,108,167,-59
101000085,889,657,232
101000086,30,95,-65
101000087,127,90,37
101000088,513,526,-13
101000089,334,578,-244
101000090,173,127,46
101000091,143,112,31
101000092,612,228,384
101000093,479,255,224
101000094,29,55,-26
101000095,59,89,-30
101000096,290,273,17
101000097,29,63,-34
101000098,72,211,-139
101000099,222,354,-132
101000100,123,481,-358
101000101,162,174,-12
101000102,26,318,-292
101000103,161,185,-24
101000104,10,199,-189
101000105,3,84,-81
101000106,2,44,-42
101000107,15,23,-8
101000108,153,34,119
101000109,55,19,36
101000110,0,46,-46
101000111,26,23,3
101000113,12,151,-139
101000114,560,947,-387
101000115,0,0,0
101000116,0,0,0
101000117,0,0,0
101000119,3,24,-21
101000120,1,20,-19
101000121,0,21,-21
101000122,0,6,-6
101000123,0,9,-9
101000124,409,95,314
101000125,79,41,38
101000128,7,71,-64
101000130,477,51,426
101000131,422,281,141
101000132,20,67,-47
101000135,0,2,-2
101000136,6,14,-8
101000137,8,219,-211
101000141,203,2475,-2272
101000147,205,32,173
101000148,82,1,81
101000149,0,0,0
101000150,31,79,-48
101000151,25,12,13
101000152,15,13,2
101000153,160,25,135
101000154,90,80,10
101000155,3,0,3
101000156,0,0,0
101000157,0,3,-3
101000160,0,0,0
101000163,65,254,-189
101000164,81,29,52
101000165,100,128,-28
101000166,106,141,-35
101000168,2,6,-4
101000252,378,107,271
101000254,0,0,0
101000258,324,3,321
101000261,300,38,262
101000262,209,1722,-1513
101000263,66,589,-523
101000265,7,202,-195
101000266,53,65,-12
101000269,0,0,0
101000290,38,507,-469
101000293,0,0,0
101000294,184,97,87
101000295,73,38,35
101000301,28,292,-264
101000304,508,1257,-749
101000305,881,570,311
101000328,19,375,-356
101900001,9,0,9
101900002,0,0,0
101900003,0,0,0
101900004,0,0,0
101900005,0,0,0
101900006,4,83,-79
101900007,0,0,0
101900008,0,0,0
101900009,0,0,0
101900010,0,0,0
101900011,0,0,0
101900012,0,0,0
101900013,0,0,0
101900017,0,0,0
101900018,2,0,2
101900019,1,0,1
101900020,7,0,7
101900021,0,0,0
101900022,15,2,13
101900023,0,0,0
101900026,0,0,0
101900027,0,0,0
102000001,455,1429,-974
102000002,652,164,488
102000003,291,1289,-998
102000004,433,935,-502
102000005,98,1075,-977
102000006,101,857,-756
102000007,170,1405,-1235
102000008,805,927,-122
102000009,1431,2072,-641
102000010,734,778,-44
102000011,1001,1923,-922
102000012,1181,974,207
102000018,188,261,-73
102000019,38,236,-198
102000026,5,51,-46
102000029,95,12,83
102000030,6,34,-28
102000031,2,26,-24
102000032,52,90,-38
102000033,127,72,55
102000034,32,18,14
102000035,12,62,-50
102000036,0,41,-41
102000037,19,0,19
102000038,9,36,-27
102000039,6,22,-16
102000040,49,44,5
102000041,3,70,-67
102000042,25,77,-52
102000043,1,8,-7
102000044,153,225,-72
102000045,71,214,-143
102000046,142,63,79
102000047,153,151,2
102000048,50,131,-81
102000049,218,134,84
102000050,100,276,-176
102000051,25,110,-85
102000052,351,252,99
102000053,268,177,91
102000054,182,116,66
102000055,126,55,71
102000056,378,118,260
102000057,164,100,64
102000058,63,47,16
102000059,149,70,79
102000060,472,531,-59
102000061,148,127,21
102000062,504,357,147
102000063,79,360,-281
102000064,386,443,-57
102000065,7,36,-29
102000066,164,221,-57
102000067,251,1223,-972
102000068,944,604,340
102000069,4,292,-288
102000070,416,6,410
102000071,2140,3308,-1168
102000072,380,376,4
102000073,77,18,59
102000074,147,27,120
102000075,31,33,-2
102000076,85,32,53
102000077,319,49,270
102000078,344,42,302
102000079,57,12,45
102000080,75,10,65
102000081,83,73,10
102000082,42,40,2
102000083,82,16,66
102000084,319,34,285
102000085,187,65,122
102000086,382,110,272
102000087,67,190,-123
102000088,93,28,65
102000089,348,113,235
102000090,101,286,-185
102000091,631,159,472
102000092,148,122,26
102000093,81,188,-107
102000094,93,79,14
102000095,89,215,-126
102000096,94,95,-1
102000097,76,111,-35
102000098,67,66,1
102000099,212,195,17
102000100,26,133,-107
102000101,33,188,-155
102000102,81,222,-141
102000103,33,164,-131
102000104,18,57,-39
102000105,123,43,80
102000106,197,54,143
102000107,371,39,332
102000108,131,28,103
102000109,123,64,59
102000110,375,117,258
102000111,0,32,-32
102000112,18,16,2
102000113,0,1,-1
102000114,100,83,17
102000115,8,76,-68
102000116,4,127,-123
102000117,1,87,-86
102000118,158,785,-627
102000119,73,156,-83
102000120,75,144,-69
102000121,78,86,-8
102000122,47,218,-171
102000123,45,60,-15
102000124,57,184,-127
102000125,35,68,-33
102000126,55,174,-119
102000127,103,39,64
102000128,45,216,-171
102000129,152,68,84
102000130,99,356,-257
102000131,90,157,-67
102000132,62,313,-251
102000133,918,175,743
102000134,196,110,86
102000135,19,176,-157
102000136,12,36,-24
102000137,23,9,14
102000138,36,8,28
102000139,9,19,-10
102000140,8,9,-1
102000141,1,48,-47
102000142,47,34,13
102000143,28,6,22
102000144,45,13,32
102000145,39,7,32
102000146,108,10,98
102000147,25,17,8
102000148,4,31,-27
102000149,83,41,42
102000150,146,18,128
102000151,9,62,-53
102000152,83,41,42
102000153,90,51,39
102000154,45,29,16
102000155,1,27,-26
102000156,3,10,-7
102000157,1,71,-70
102000158,10,102,-92
102000159,6,9,-3
102000161,41,337,-296
102000162,5,7,-2
102000163,25,159,-134
102000164,71,154,-83
102000165,0,0,0
102000166,1,34,-33
102000167,0,0,0
102000168,4,9,-5
102000169,8,136,-128
102000170,0,0,0
102000171,0,0,0
102000172,0,42,-42
102000173,56,93,-37
102000174,16,4,12
102000175,89,5,84
102000176,3,8,-5
102000178,23,27,-4
102000179,100,48,52
102000180,173,20,153
102000181,273,55,218
102000182,217,93,124
102000183,501,94,407
102000184,172,58,114
102000185,959,114,845
102000186,236,72,164
102000187,96,43,53
102000188,308,224,84
102000189,127,18,109
102000190,71,512,-441
102000191,130,27,103
102000192,61,212,-151
102000193,15,16,-1
102000194,5,19,-14
102000195,45,15,30
102000196,60,26,34
102000197,132,16,116
102000198,40,49,-9
102000199,123,4,119
102000200,23,200,-177
102000201,354,23,331
102000202,0,3,-3
102000203,25,11,14
102000204,58,83,-25
102000205,212,107,105
102000206,57,58,-1
102000207,124,99,25
102000208,19,96,-77
102000209,16,2,14
102000210,60,7,53
102000211,21,0,21
102000212,208,7,201
102000213,0,0,0
102000214,146,0,146
102000215,0,1,-1
102000216,24,37,-13
102000217,0,0,0
102000218,48,52,-4
102000219,0,1,-1
102000225,156,139,17
102000226,0,0,0
102000227,43,2,41
102000228,0,0,0
102000229,1,3,-2
102000230,64,87,-23
102000231,75,156,-81
102000232,10,88,-78
102000233,49,136,-87
102000234,5,215,-210
102000236,26,3,23
102000237,82,17,65
102000238,1,28,-27
102000240,0,0,0
102000241,12,2,10
102000243,1,23,-22
102000245,0,0,0
102000246,1,46,-45
102000247,9,167,-158
102000248,78,313,-235
102000249,43,5,38
102000250,2,15,-13
102000254,14,36,-22
102000266,0,7,-7
102000271,20,0,20
102000286,26,100,-74
102000297,87,74,13
102000301,0,0,0
102000307,0,0,0
102000316,0,0,0
102900001,103,0,103
102900002,21,0,21
102900003,0,0,0
102900005,101,4,97
102900006,11,2,9
102900007,74,0,74
102900008,35,1,34
102900009,20,0,20
102900010,38,4,34
102900011,0,0,0
102900012,0,0,0
102900013,0,0,0
102900015,0,0,0
102900016,0,0,0
102900017,0,0,0
102900018,0,0,0
102900019,0,0,0
102900020,0,0,0
102900021,0,0,0
102900022,0,0,0
102900023,0,0,0
102900024,0,0,0
102900025,0,0,0
102900026,2,111,-109
102900027,1,0,1
102900028,0,29,-29
102900029,0,0,0
102900030,7,7,0
102900031,51,2,49
102900032,0,0,0
102900033,0,0,0
102900034,66,2,64
102900035,0,0,0
102900036,44,19,25
102900037,13,4,9
102900038,11,1,10
102900039,0,0,0
102900040,0,0,0
102900041,0,0,0
102900042,0,0,0
102900043,0,0,0
102900044,0,0,0
102900045,0,0,0
102900046,0,0,0
102900047,0,0,0
102900048,0,0,0
102900049,0,0,0
102900050,0,0,0
102900051,0,0,0
102900053,0,0,0
102900054,0,0,0
102900055,0,0,0
102900056,0,0,0
102900057,0,0,0
102900058,0,0,0
102900059,0,0,0
102900060,2,6,-4
102900061,0,4,-4
102900062,4,2,2
102900063,63,1,62
102900064,0,23,-23
102900065,17,0,17
102900066,6,0,6
102900068,0,0,0
102900070,0,0,0
102900072,0,0,0
102900073,0,0,0
102900075,0,0,0
102900076,0,0,0
102900077,0,0,0
102900078,0,0,0
102900079,35,0,35
102900080,17,0,17
102900081,0,0,0
102900082,0,0,0
102900083,0,0,0
102900084,0,0,0
102900085,0,0,0
102900086,0,0,0
102900087,0,0,0
102900088,0,0,0
102900089,0,0,0
102900090,0,0,0
102900091,0,0,0
102900092,0,0,0
102900094,0,0,0
102900095,2,0,2
102900096,0,0,0
102900097,0,0,0
103000001,1599,919,680
103000002,1018,884,134
103000003,817,804,13
103000004,148,252,-104
103000005,1018,935,83
103000006,270,396,-126
103000007,124,141,-17
103000008,112,64,48
103000009,345,240,105
103000010,65,24,41
103000011,346,422,-76
103000012,265,942,-677
103000013,281,318,-37
103000014,486,1314,-828
103000015,88,11,77
103000016,167,414,-247
103000017,95,197,-102
103000018,131,85,46
103000019,148,201,-53
103000020,223,373,-150
103000021,1944,1952,-8
103000022,177,201,-24
103000023,411,1476,-1065
103000024,12,55,-43
103000025,3,307,-304
103000026,20,35,-15
103000027,47,215,-168
103000028,120,240,-120
103000029,25,40,-15
103000030,207,439,-232
103000031,294,645,-351
103000032,430,302,128
103000033,2081,1903,178
103000034,451,396,55
103000035,94,438,-344
103000036,55,164,-109
103000037,125,57,68
103000038,152,520,-368
103000039,121,114,7
103000040,114,256,-142
103000041,658,370,288
103000042,533,45,488
103000043,399,310,89
103000044,45,2,43
103000046,18,47,-29
103000047,83,85,-2
103000048,34,31,3
103000049,5,54,-49
103000050,41,2,39
103000051,28,25,3
103000052,12,9,3
103000053,1,21,-20
103000054,524,69,455
103000055,941,360,581
103000056,261,213,48
103000057,471,119,352
103000058,337,32,305
103000059,322,209,113
103000060,280,56,224
103000061,194,253,-59
103000062,90,72,18
103000063,274,364,-90
103000064,11,7,4
103000065,1,16,-15
103000066,74,0,74
103000069,72,38,34
103000070,156,24,132
103000071,239,201,38
103000072,44,101,-57
103000073,407,52,355
103000074,199,27,172
103000075,4,110,-106
103000076,81,271,-190
103000077,1,71,-70
103000078,132,250,-118
103000079,92,202,-110
103000080,260,120,140
103000081,53,307,-254
103000082,184,12,172
103000083,7,47,-40
103000084,37,0,37
103000085,0,31,-31
103000086,297,206,91
103000087,16,378,-362
103000088,181,146,35
103000089,66,295,-229
103000090,2707,1981,726
103000091,696,655,41
103000092,215,174,41
103000093,29,113,-84
103000094,123,78,45
103000095,2,66,-64
103000096,328,14,314
103000097,8,111,-103
103000098,419,42,377
103000099,35,47,-12
103000100,88,64,24
103000101,366,16,350
103000102,16,50,-34
103000103,307,10,297
103000104,27,28,-1
103000105,97,18,79
103000106,5,66,-61
103000107,77,10,67
103000108,575,723,-148
103000109,147,460,-313
103000110,380,534,-154
103000111,102,122,-20
103000112,82,136,-54
103000113,39,323,-284
103000114,462,215,247
103000115,568,400,168
103000116,415,125,290
103000117,486,147,339
103000118,9,43,-34
103000119,29,87,-58
103000120,0,0,0
103000121,21,45,-24
103000122,618,1010,-392
103000125,1,20,-19
103000126,220,1,219
103000127,1,34,-33
103000128,35,1,34
103000129,0,12,-12
103000130,17,14,3
103000131,10,41,-31
103000132,11,17,-6
103000133,0,29,-29
103000134,59,89,-30
103000135,48,52,-4
103000136,64,53,11
103000137,22,170,-148
103000138,87,262,-175
103000139,0,11,-11
103000140,16,9,7
103000141,2,33,-31
103000142,29,10,19
103000143,3,11,-8
103000144,78,20,58
103000145,2,7,-5
103000150,34,17,17
103000152,49,106,-57
103000153,78,226,-148
103000156,0,49,-49
103000157,67,0,67
103000159,122,46,76
103000162,34,2,32
103000163,6,16,-10
103000164,6,0,6
103000165,49,83,-34
103000166,60,167,-107
103000167,57,50,7
103000168,70,45,25
103000169,70,106,-36
103000170,651,237,414
103000171,1,8,-7
103000172,366,83,283
103000173,20,5,15
103000174,458,127,331
103000175,56,20,36
103000176,157,221,-64
103000177,40,29,11
103000178,16,25,-9
103000179,36,0,36
103000183,137,63,74
103000185,16,0,16
103000186,116,67,49
103000187,4,1,3
103000188,12,49,-37
103000189,220,313,-93
103000191,167,90,77
103000292,32,169,-137
103000293,24,504,-480
103000295,44,35,9
103000296,6,0,6
103000297,0,0,0
103000504,0,1,-1
103000505,1,2,-1
103000506,0,9,-9
103000507,134,0,134
103000508,13,30,-17
103000509,60,83,-23
103000514,0,0,0
103900001,0,0,0
103900002,0,0,0
103900003,42,1,41
103900004,0,0,0
103900005,0,0,0
103900006,0,0,0
103900007,0,0,0
103900008,1,0,1
103900009,41,1,40
103900010,66,0,66
103900011,0,0,0
103900012,0,12,-12
103900013,0,0,0
103900014,3,0,3
103900015,27,0,27
103900016,0,0,0
103900017,0,0,0
103900018,0,0,0
103900019,4,22,-18
103900020,0,0,0
103900021,17,0,17
103900022,60,0,60
103900023,47,0,47
103900024,0,5,-5
103900025,0,0,0
103900026,0,0,0
103900027,17,3,14
103900028,6,17,-11
103900029,159,0,159
103900030,47,6,41
103900031,0,1,-1
103900032,1,20,-19
103900033,4,0,4
103900034,0,0,0
103900035,0,0,0
103900036,4,3,1
103900037,2,2,0
103900038,1,36,-35
103900039,0,0,0
103900040,0,0,0
103900041,1,0,1
103900042,0,0,0
103900043,0,0,0
103900044,0,40,-40
103900045,12,1,11
103900047,0,0,0
103900048,0,1,-1
103900049,0,0,0
103900050,1,0,1
103900051,0,0,0
103900052,0,0,0
103900053,2,0,2
103900054,0,0,0
103900055,0,0,0
103900056,0,0,0
103900057,15,0,15
103900058,0,0,0
103900059,0,0,0
103900060,28,0,28
103900061,46,0,46
103900062,0,0,0
103900063,0,0,0
103900064,8,0,8
103900065,8,8,0
103900066,50,3,47
103900067,2,0,2
103900068,0,0,0
103900069,0,0,0
103900070,1,0,1
103900071,1,0,1
103900072,0,0,0
103900073,1,0,1
103900074,0,0,0
103900075,6,0,6
103900076,0,0,0
103900077,1,5,-4
103900078,15,0,15
103900079,0,0,0
103900080,0,0,0
103900081,0,0,0
103900082,0,0,0
103900083,55,93,-38
103900084,0,0,0
103900085,0,1,-1
103900086,19,20,-1
103900088,1,5,-4
103900089,0,0,0
103900090,0,0,0
103900091,0,0,0
103900092,0,0,0
103900093,2,0,2
103900094,0,0,0
103900095,0,0,0
103900096,35,0,35
103900097,0,0,0
103900098,0,0,0
103900099,3,0,3
103900100,0,0,0
103900101,0,0,0
103900102,0,0,0
103900104,0,0,0
103900105,0,0,0
103900106,0,0,0
103900107,24,2,22
103900108,0,6,-6
103900109,9,3,6
103900110,0,0,0
103900111,0,0,0
103900112,0,0,0
103900113,0,0,0
103900114,0,0,0
103900115,0,0,0
103900116,0,21,-21
103900117,6,3,3
103900119,7,66,-59
103900120,11,0,11
103900122,0,0,0
103900123,0,0,0
103900124,0,0,0
103900125,0,0,0
103900126,32,0,32
103900127,0,4,-4
103900128,0,0,0
103900131,0,0,0
103900133,84,0,84
103900134,0,0,0
103900135,0,0,0
103900137,0,0,0
103900138,0,0,0
103900139,7,82,-75
103900140,0,0,0
103900141,2,0,2
103900142,23,0,23
103900143,0,0,0
103900144,0,0,0
103900145,1,6,-5
103900146,27,0,27
103900147,0,0,0
103900148,0,0,0
103900149,3,1,2
103900150,90,28,62
103900151,0,0,0
103900152,54,1,53
103900153,0,0,0
103900154,0,7,-7
103900155,2,0,2
103900156,0,0,0
103900157,0,0,0
103900158,16,1,15
103900159,0,0,0
103900160,0,0,0
103900161,2,2,0
103900162,0,0,0
103900163,0,0,0
103900167,0,0,0
103900168,0,0,0
103900169,0,14,-14
103900170,0,0,0
103900171,0,0,0
103900172,0,0,0
103900173,0,12,-12
103900174,40,0,40
103900175,0,13,-13
103900176,0,0,0
103900177,0,0,0
103900178,0,0,0
103900179,0,0,0
103900180,0,0,0
103900181,0,0,0
103900182,0,0,0
103900184,0,0,0
103900185,0,0,0
103900187,0,1,-1
103900188,1,1,0
103900189,6,0,6
103900190,1,0,1
103900191,0,0,0
103900192,0,0,0
103900193,0,0,0
103900194,0,0,0
103900195,0,0,0
103900196,0,0,0
103900197,0,0,0
103900198,0,0,0
103900199,0,0,0
103900200,0,0,0
103900201,0,0,0
103900202,0,0,0
103900203,9,0,9
103900204,0,0,0
103900207,0,0,0
103900208,0,0,0
103900209,0,0,0
103900210,0,0,0
103900211,83,11,72
103900212,0,0,0
103900213,0,0,0
103900214,62,195,-133
103900215,0,0,0
103900216,0,0,0
103900217,17,0,17
103900218,2,0,2
103900219,0,0,0
103900233,0,0,0
103900235,0,0,0
103900236,0,0,0
103900242,0,0,0
103900243,0,0,0
103900244,1,2,-1
103900245,0,0,0
103900246,1,0,1
103900247,0,0,0
103900248,0,0,0
103900249,0,0,0
103900250,0,0,0
103900251,0,0,0
103900253,0,0,0
103900254,0,0,0
103900255,0,0,0
103900256,0,0,0
103900257,0,0,0
103900258,0,0,0
103900259,0,0,0
103900261,0,0,0
103900262,0,0,0
103900263,0,0,0
103900264,0,0,0
103900265,0,0,0
103900266,0,0,0
103900267,0,0,0
103900268,1,0,1
103900269,1,0,1
103900270,0,0,0
103900271,0,0,0
103900272,3,0,3
103900273,0,0,0
103900274,0,0,0
103900275,0,0,0
103900276,0,0,0
103900277,0,0,0
103900278,0,0,0
103900279,0,0,0
103900280,0,0,0
103900281,0,0,0
103900282,0,0,0
103900283,0,0,0
103900284,0,0,0
103900285,0,0,0
103900286,0,0,0
103900287,0,0,0
103900288,0,0,0
103900289,0,0,0
103900290,0,0,0
103900291,0,0,0
103900292,0,0,0
103900293,0,0,0
103900294,0,0,0
104000001,901,475,426
104000002,869,912,-43
104000003,857,745,112
104000004,988,1031,-43
104000005,666,1117,-451
104000006,1022,588,434
104000007,1438,700,738
104000008,20,9,11
104000009,422,163,259
104000010,50,199,-149
104000011,18,3,15
104000012,12,24,-12
104000013,196,168,28
104000014,10,13,-3
104000015,210,37,173
104000016,22,17,5
104000018,432,67,365
104000019,558,161,397
104000020,12,45,-33
104000021,106,97,9
104000022,49,79,-30
104000023,407,69,338
104000024,42,19,23
104000026,29,0,29
104000027,1,7,-6
104000028,460,152,308
104000029,46,5,41
104000030,426,309,117
104000031,553,21,532
104000032,19,21,-2
104000033,311,23,288
104000034,77,9,68
104000035,665,23,642
104000036,508,110,398
104000037,12,19,-7
104000038,107,59,48
104000039,208,51,157
104000040,17,106,-89
104000041,471,159,312
104000042,27,42,-15
104000043,43,54,-11
104000044,133,47,86
104000045,277,107,170
104000046,171,111,60
104000047,94,313,-219
104000048,280,343,-63
104000049,222,89,133
104000050,45,160,-115
104000051,0,7,-7
104000052,458,346,112
104000053,346,59,287
104000054,104,15,89
104000055,760,115,645
104000056,136,10,126
104000057,10,1,9
104000058,747,485,262
104000059,210,268,-58
104000060,361,219,142
104000061,436,126,310
104000062,264,30,234
104000064,231,40,191
104000065,5,40,-35
104000069,224,478,-254
104000070,26,124,-98
104000071,0,0,0
104000072,78,38,40
104000075,0,0,0
104000076,0,0,0
104000082,314,577,-263
104000083,243,58,185
104000084,32,137,-105
104000085,210,37,173
104000086,110,66,44
104000087,65,120,-55
104000090,79,42,37
104000092,101,130,-29
104000094,108,103,5
104000095,258,531,-273
104000096,568,2,566
104000097,715,83,632
104000098,1080,56,1024
104000100,1005,84,921
104000101,347,233,114
104000106,53,157,-104
104000107,472,65,407
104000108,59,6,53
104000109,54,23,31
104000110,59,209,-150
104000111,146,298,-152
104000112,50,37,13
104000116,0,22,-22
104000117,68,29,39
104000118,311,12,299
104000119,56,64,-8
104000120,93,18,75
104000121,8,121,-113
104000122,489,260,229
104000123,141,219,-78
104000124,76,397,-321
104000125,147,349,-202
104000126,163,334,-171
104000127,298,330,-32
104000128,230,130,100
104000129,83,2,81
104000130,3,54,-51
104000131,4,8,-4
104000132,10,7,3
104000133,189,167,22
104000134,303,628,-325
104000135,105,876,-771
104000136,201,1308,-1107
104000137,327,293,34
104000138,5,21,-16
104000139,373,1010,-637
104000141,286,223,63
104000142,158,16,142
104000143,103,5,98
104000144,25,59,-34
104000145,194,86,108
104000146,17,64,-47
104000147,8,48,-40
104000148,103,70,33
104000149,12,25,-13
104000150,424,147,277
104000151,33,65,-32
104000152,119,74,45
104000153,336,191,145
104000154,90,199,-109
104000155,222,251,-29
104000157,330,248,82
104000158,31,123,-92
104000159,266,134,132
104000160,701,1088,-387
104000161,89,57,32
104000162,1,73,-72
104000165,167,209,-42
104000167,685,481,204
104000168,329,0,329
104000169,101,9,92
104000170,1,3,-2
104000248,0,61,-61
104000251,0,0,0
104000272,0,0,0
104000273,0,0,0
104000274,0,0,0
104000275,0,0,0
104000279,182,332,-150
104000290,0,10,-10
104000291,377,315,62
104000293,316,300,16
104000294,0,0,0
104000295,211,625,-414
104000296,157,127,30
104000297,289,994,-705
104000298,309,219,90
104000299,371,396,-25
104000302,32,18,14
104000303,2,0,2
104900001,0,0,0
104900002,0,0,0
104900003,0,0,0
104900004,0,0,0
104900005,0,0,0
104900006,0,0,0
104900007,0,0,0
104900009,0,0,0
104900010,0,0,0
104900011,0,0,0
104900012,0,0,0
104900013,0,0,0
104900014,0,0,0
104900015,0,0,0
104900016,0,0,0
104900017,4,0,4
104900018,0,0,0
104900019,0,0,0
104900020,0,0,0
104900021,0,0,0
104900022,0,0,0
104900023,0,0,0
104900024,0,1,-1
104900025,0,0,0
104900026,0,0,0
104900027,0,0,0
104900028,0,0,0
104900029,0,0,0
104900030,0,0,0
104900031,0,1,-1
104900032,0,0,0
104900033,0,0,0
104900034,0,0,0
104900035,0,0,0
104900036,0,0,0
104900037,0,0,0
104900038,0,0,0
104900039,0,0,0
104900040,0,0,0
104900041,0,0,0
104900042,0,0,0
104900043,0,0,0
104900044,11,0,11
104900045,0,0,0
104900046,0,0,0
104900047,27,1,26
104900048,31,1,30
104900049,0,0,0
104900050,0,0,0
104900051,18,0,18
104900052,0,0,0
104900053,33,1,32
104900054,14,0,14
104900055,0,0,0
104900056,65,0,65
104900057,0,0,0
104900058,22,0,22
104900059,54,20,34
104900061,0,0,0
104900063,0,0,0
104900064,0,0,0
104900065,2,0,2
104900066,0,0,0
104900067,0,0,0
104900068,0,0,0
104900070,0,0,0
104900071,0,0,0
104900072,0,0,0
104900073,0,0,0
104900074,0,0,0
104900075,0,0,0
104900076,0,0,0
104900077,0,0,0
104900078,0,0,0
104900079,0,0,0
104900080,0,0,0
104900082,0,0,0
104900085,0,0,0
104900089,0,0,0
104900091,0,0,0
104900093,0,0,0
104900097,0,0,0
104900098,0,0,0
104900099,0,0,0
104900100,0,0,0
104900102,0,0,0
104900103,0,0,0
104900106,0,0,0
104900107,0,0,0
104900108,0,0,0
104900109,0,0,0
104900110,0,0,0
104900111,0,0,0
104900112,0,0,0
104900113,0,0,0
104900114,0,0,0
104900115,0,0,0
104900116,0,0,0
104900118,0,0,0
104900119,0,0,0
104900120,0,0,0
104900121,0,0,0
104900122,0,0,0
104900123,0,0,0
104900124,0,0,0
104900125,37,10,27
104900126,0,0,0
104900127,0,0,0
104900128,11,0,11
104900129,0,0,0
105000001,644,298,346
105000002,426,407,19
105000003,593,872,-279
105000004,245,372,-127
105000005,284,485,-201
105000006,397,782,-385
105000007,189,561,-372
105000008,308,1269,-961
105000009,1350,1129,221
105000010,710,417,293
105000011,1148,1282,-134
105000012,355,531,-176
105000013,244,345,-101
105000014,1648,1018,630
105000015,2728,4232,-1504
105000016,747,582,165
105000017,829,347,482
105000018,984,398,586
105000019,654,739,-85
105000020,32,143,-111
105000021,30,28,2
105000022,18,30,-12
105000023,182,163,19
105000028,6,82,-76
105000029,33,259,-226
105000030,996,803,193
105000031,0,0,0
105000033,286,429,-143
105000034,50,254,-204
105000037,85,28,57
105000038,462,504,-42
105000039,102,228,-126
105000040,203,556,-353
105000041,81,235,-154
105000042,669,552,117
105000043,151,167,-16
105000044,185,141,44
105000045,54,64,-10
105000046,272,49,223
105000047,60,76,-16
105000048,545,226,319
105000049,169,65,104
105000050,368,152,216
105000051,17,34,-17
105000052,70,161,-91
105000053,40,11,29
105000054,155,102,53
105000055,192,30,162
105000056,585,203,382
105000057,830,79,751
105000058,251,210,41
105000059,579,144,435
105000060,163,33,130
105000061,343,152,191
105000062,219,58,161
105000063,39,52,-13
105000064,752,139,613
105000065,52,40,12
105000066,196,86,110
105000067,591,217,374
105000068,43,209,-166
105000069,368,402,-34
105000070,292,478,-186
105000071,234,741,-507
105000072,595,1271,-676
105000073,278,241,37
105000074,24,86,-62
105000075,92,118,-26
105000076,394,232,162
105000077,475,132,343
105000078,283,541,-258
105000079,97,179,-82
105000080,996,911,85
105000081,104,151,-47
105000082,285,503,-218
105000083,1020,865,155
105000084,89,95,-6
105000085,1577,893,684
105000086,108,115,-7
105000087,182,230,-48
105000088,708,777,-69
105000089,388,292,96
105000090,87,120,-33
105000091,61,104,-43
105000092,115,62,53
105000093,46,104,-58
105000094,99,84,15
105000095,29,93,-64
105000096,297,351,-54
105000097,177,49,128
105000098,442,218,224
105000099,82,58,24
105000100,321,217,104
105000101,613,322,291
105000102,388,222,166
105000103,511,191,320
105000104,457,163,294
105000105,344,159,185
105000106,447,168,279
105000107,404,102,302
105000108,433,144,289
105000109,569,194,375
105000110,305,80,225
105000111,405,88,317
105000112,300,141,159
105000113,190,298,-108
105000114,519,548,-29
105000115,143,680,-537
105000116,410,186,224
105000117,115,57,58
105000118,101,121,-20
105000119,93,45,48
105000120,521,124,397
105000121,138,65,73
105000122,202,136,66
105000123,93,78,15
105000124,767,136,631
105000125,359,231,128
105000126,664,232,432
105000127,736,201,535
105000128,134,140,-6
105000129,273,59,214
105000130,41,1638,-1597
105000131,9,20,-11
105000132,448,464,-16
105000133,50,100,-50
105000134,487,124,363
105000135,26,15,11
105000136,0,0,0
105000137,198,27,171
105000138,0,0,0
105000139,114,69,45
105000140,321,48,273
105000141,66,46,20
105000142,233,79,154
105000143,81,175,-94
105000144,6,117,-111
105000145,255,113,142
105000146,0,0,0
105000147,372,75,297
105000148,298,114,184
105000149,708,353,355
105000150,29,28,1
105000151,151,32,119
105000152,175,86,89
105000153,286,73,213
105000154,131,46,85
105000155,132,65,67
105000156,42,62,-20
105000157,152,123,29
105000158,596,81,515
105000159,106,66,40
105000160,812,100,712
105000161,124,71,53
105000162,185,697,-512
105000163,198,134,64
105000164,12,60,-48
105000165,110,1690,-1580
105000166,118,234,-116
105000167,188,797,-609
105000168,46,84,-38
105000169,151,22,129
105000170,54,303,-249
105000171,342,17,325
105000172,43,2,41
105000173,140,4,136
105000174,18,1,17
105000175,0,0,0
105000176,98,14,84
105000177,88,35,53
105000178,89,37,52
105000179,125,4,121
105000180,0,0,0
105000181,56,36,20
105000182,0,0,0
105000183,455,950,-495
105000184,7,31,-24
105000185,87,353,-266
105000186,9,23,-14
105000187,171,132,39
105000188,28,85,-57
105000189,29,103,-74
105000190,43,68,-25
105000191,83,62,21
105000192,70,21,49
105000193,9,10,-1
105000194,224,15,209
105000195,5,109,-104
105000196,41,93,-52
105000197,12,71,-59
105000198,2,11,-9
105000199,31,174,-143
105000200,36,149,-113
105000201,13,3,10
105000203,46,107,-61
105000204,24,61,-37
105000205,25,142,-117
105000207,0,0,0
105000208,91,83,8
105000209,0,0,0
105000211,75,0,75
105000212,247,61,186
105000213,22,8,14
105000214,27,7,20
105000215,130,54,76
105000216,14,12,2
105000217,0,0,0
105000218,679,198,481
105000221,46,25,21
105000222,91,0,91
105000223,67,9,58
105000226,33,20,13
105000227,34,27,7
105000228,2,429,-427
105000229,150,330,-180
105000231,118,12,106
105000233,129,190,-61
105000234,174,210,-36
105000235,172,155,17
105000237,219,26,193
105000243,22,0,22
105000248,0,9,-9
105000262,153,6,147
105000269,22,21,1
105000270,237,2,235
105000271,0,11,-11
105000282,7,6,1
105000287,67,50,17
105000288,176,151,25
105000289,372,691,-319
105000290,2,20,-18
105000402,175,770,-595
105000426,38,147,-109
105000438,341,363,-22
105000440,6,0,6
105000446,1194,2190,-996
105000447,1166,305,861
105000454,0,0,0
105000455,148,33,115
105000474,50,0,50
105000477,87,112,-25
105000478,588,2118,-1530
105000479,56,15,41
105000480,1658,2314,-656
105000481,1208,909,299
105000482,589,1139,-550
105000483,340,916,-576
105000484,298,809,-511
105000485,591,1141,-550
105000486,906,1223,-317
105000488,421,1167,-746
105000489,452,161,291
105000549,17,10,7
105000550,0,0,0
105000551,8,9,-1
105000552,528,292,236
105000555,896,589,307
105000556,6,0,6
105000557,13,47,-34
105900001,0,119,-119
105900002,85,39,46
105900003,0,0,0
105900004,0,0,0
105900005,0,0,0
105900006,0,0,0
105900007,0,0,0
105900008,0,0,0
105900009,6,4,2
105900011,2,0,2
105900012,11,1,10
105900013,0,0,0
105900014,7,4,3
105900015,0,0,0
105900016,20,1,19
105900017,0,0,0
105900018,0,0,0
105900019,0,0,0
105900020,0,0,0
105900021,0,1,-1
105900022,0,0,0
105900023,0,3,-3
105900024,0,1,-1
105900025,6,0,6
105900026,0,0,0
105900027,496,107,389
105900028,0,0,0
105900029,174,26,148
105900030,29,41,-12
105900031,0,0,0
105900032,0,0,0
105900033,0,0,0
105900034,0,0,0
105900035,0,0,0
105900036,0,0,0
105900037,0,0,0
105900038,0,0,0
105900039,0,0,0
105900040,0,0,0
105900041,0,0,0
105900042,0,0,0
105900043,102,0,102
105900044,0,0,0
105900045,0,0,0
105900046,0,0,0
105900047,0,0,0
105900048,29,2,27
105900050,15,58,-43
105900051,0,19,-19
105900052,14,0,14
105900053,0,0,0
105900054,0,0,0
105900056,12,15,-3
105900057,7,2,5
105900058,0,0,0
105900059,0,0,0
106000001,706,579,127
106000002,57,386,-329
106000003,969,1325,-356
106000004,139,1228,-1089
106000005,1470,1760,-290
106000006,838,533,305
106000007,420,61,359
106000008,15,83,-68
106000009,308,146,162
106000010,29,85,-56
106000011,702,379,323
106000012,59,110,-51
106000013,892,534,358
106000014,174,174,0
106000015,1099,396,703
106000016,149,195,-46
106000017,613,148,465
106000018,69,76,-7
106000019,244,95,149
106000020,31,11,20
106000021,364,170,194
106000022,64,15,49
106000023,490,41,449
106000024,73,23,50
106000025,225,152,73
106000026,3,7,-4
106000027,1374,463,911
106000028,5,1,4
106000029,12,7,5
106000030,0,0,0
106000034,0,0,0
106000035,175,493,-318
106000036,0,0,0
106000037,128,65,63
106000038,14,4,10
106000039,2,6,-4
106000040,0,48,-48
106000041,264,96,168
106000043,124,28,96
106000046,82,21,61
106000047,0,0,0
106000049,414,12,402
106000050,29,73,-44
106000051,240,88,152
106000052,0,0,0
106000053,249,15,234
106000054,0,0,0
106000055,244,23,221
106000056,0,0,0
106000057,186,26,160
106000058,0,0,0
106000059,233,57,176
106000060,0,0,0
106000061,72,341,-269
106000062,0,0,0
106000063,359,368,-9
106000064,0,0,0
106000065,237,45,192
106000066,50,1,49
106000067,249,48,201
106000068,35,4,31
106000069,94,8,86
106000070,70,1,69
106000071,322,109,213
106000072,308,373,-65
106000073,386,1210,-824
106000074,186,278,-92
106000075,139,166,-27
106000076,445,137,308
106000077,566,240,326
106000078,449,72,377
106000079,454,84,370
106000080,449,52,397
106000081,289,108,181
106000082,596,48,548
106000083,192,213,-21
106000084,400,78,322
106000085,301,253,48
106000086,229,84,145
106000087,274,64,210
106000088,239,159,80
106000089,395,35,360
106000090,239,172,67
106000091,52,48,4
106000092,250,99,151
106000093,332,59,273
106000094,0,0,0
106000095,411,54,357
106000096,715,41,674
106000097,423,34,389
106000098,477,89,388
106000099,46,49,-3
106000100,725,38,687
106000101,335,7,328
106000102,29,59,-30
106000103,39,42,-3
106000104,134,39,95
106000105,42,113,-71
106000106,472,40,432
106000107,50,74,-24
106000108,209,50,159
106000109,16,29,-13
106000110,266,26,240
106000111,60,42,18
106000112,96,116,-20
106000113,38,157,-119
106000114,163,163,0
106000115,98,193,-95
106000116,331,158,173
106000117,45,40,5
106000118,473,353,120
106000119,20,50,-30
106000120,279,372,-93
106000121,138,47,91
106000122,91,75,16
106000123,164,20,144
106000124,152,40,112
106000125,62,60,2
106000126,216,24,192
106000127,187,95,92
106000128,304,59,245
106000129,155,88,67
106000130,548,81,467
106000131,26,216,-190
106000132,236,47,189
106000133,146,460,-314
106000134,283,968,-685
106000135,1,118,-117
106000136,373,503,-130
106000137,0,68,-68
106000138,780,28,752
106000139,57,29,28
106000140,0,0,0
106000141,0,0,0
106000142,56,7,49
106000143,0,0,0
106000144,133,10,123
106000145,0,0,0
106000146,207,76,131
106000147,358,95,263
106000148,292,207,85
106000149,361,127,234
106000150,104,572,-468
106000151,511,150,361
106000152,359,615,-256
106000153,86,357,-271
106000154,302,15,287
106000155,43,92,-49
106000156,523,20,503
106000157,91,496,-405
106000158,406,331,75
106000159,210,522,-312
106000160,144,803,-659
106000161,153,10,143
106000162,133,308,-175
106000163,94,4,90
106000164,193,48,145
106000165,63,57,6
106000166,344,32,312
106000167,104,147,-43
106000168,254,34,220
106000169,162,152,10
106000170,258,31,227
106000171,103,229,-126
106000172,522,111,411
106000173,329,472,-143
106000174,542,24,518
106000175,57,17,40
106000176,617,134,483
106000177,74,70,4
106000178,861,163,698
106000179,57,15,42
106000180,221,208,13
106000181,284,271,13
106000182,773,70,703
106000183,702,50,652
106000184,436,74,362
106000185,321,178,143
106000186,98,8,90
106000187,2,194,-192
106000188,0,0,0
106000189,6,33,-27
106000190,0,4,-4
106000191,158,1,157
106000192,0,0,0
106000193,16,44,-28
106000194,5,40,-35
106000195,6,13,-7
106000196,8,128,-120
106000197,129,4,125
106000198,61,6,55
106000199,106,118,-12
106000200,34,89,-55
106000201,64,851,-787
106000202,87,94,-7
106000203,0,0,0
106000204,11,0,11
106000205,0,0,0
106000206,11,1,10
106000207,0,1,-1
106000208,618,31,587
106000209,944,131,813
106000210,24,3,21
106000211,5,9,-4
106000212,590,70,520
106000213,40,59,-19
106000214,397,42,355
106000215,101,63,38
106000216,294,40,254
106000217,11,99,-88
106000218,370,34,336
106000219,11,134,-123
106000220,514,18,496
106000221,62,42,20
106000222,39,11,28
106000223,170,56,114
106000224,49,47,2
106000225,32,66,-34
106000226,29,71,-42
106000228,0,0,0
106000229,0,0,0
106000231,318,3,315
106000232,0,0,0
106000233,102,1,101
106000234,0,0,0
106000235,64,10,54
106000236,0,0,0
106000237,0,0,0
106000238,0,17,-17
106000239,0,0,0
106000240,0,0,0
106000241,0,52,-52
106000242,41,4,37
106000249,98,7,91
106000250,22,159,-137
106000251,9,8,1
106000252,0,0,0
106000253,16,1,15
106000254,0,0,0
106000255,28,0,28
106000256,0,0,0
106000257,6,21,-15
106000258,2,0,2
106000259,0,0,0
106000260,1,0,1
106000261,0,0,0
106000262,3,1,2
106000263,0,0,0
106000264,53,0,53
106000265,0,0,0
106000266,43,3,40
106000267,0,0,0
106000268,99,0,99
106000269,0,0,0
106000270,8,16,-8
106000271,2,1,1
106000272,0,0,0
106000273,0,4,-4
106000274,0,0,0
106000275,2,6,-4
106000276,0,0,0
106000277,7,17,-10
106000278,0,0,0
106000279,0,0,0
106000280,0,0,0
106000281,0,0,0
106000282,0,0,0
106000283,0,0,0
106000284,0,0,0
106000285,0,0,0
106000286,0,0,0
106000287,0,0,0
106000288,0,0,0
106000289,0,0,0
106000290,0,0,0
106000291,0,0,0
106000292,0,0,0
106000293,0,0,0
106000294,0,0,0
106000295,0,0,0
106000296,0,0,0
106000297,0,0,0
106000298,0,0,0
106000299,0,0,0
106000300,0,0,0
106000301,0,0,0
106000303,3,6,-3
106000304,0,0,0
106000305,8,0,8
106000306,0,0,0
106000307,42,0,42
106000308,0,0,0
106000309,0,0,0
106000310,70,136,-66
106000311,87,6,81
106000312,104,70,34
106000313,28,6,22
106000318,0,0,0
106000319,293,40,253
106000320,0,23,-23
106000321,3,94,-91
106000322,155,21,134
106000324,42,6,36
106000325,1277,328,949
106000326,95,143,-48
106000327,128,7,121
106000328,1,0,1
106000329,1,13,-12
106000330,0,14,-14
106000428,38,135,-97
106000429,4,39,-35
106000430,28,157,-129
106000431,806,125,681
106000432,26,232,-206
106000433,1003,493,510
106000434,1423,456,967
106000435,63,372,-309
106000436,0,30,-30
106000437,65,20,45
106000438,8,128,-120
106000439,0,35,-35
106000440,65,182,-117
106000441,10,0,10
106000442,9,0,9
106000443,219,114,105
106000450,0,0,0
106000451,34,36,-2
106000454,0,0,0
106000455,0,0,0
106000456,10,1,9
106000457,0,0,0
106000458,474,21,453
106000459,0,0,0
106000460,392,11,381
106000461,0,0,0
106000462,0,0,0
106000463,2,29,-27
106000464,0,0,0
106000465,180,0,180
106000466,0,0,0
106000467,0,15,-15
106000468,36,22,14
106000469,73,0,73
106000470,1,39,-38
106000471,0,0,0
106000472,10,1,9
106000473,0,0,0
106000474,41,64,-23
106000475,288,76,212
106000476,189,211,-22
106000477,0,0,0
106000480,0,0,0
106900001,0,0,0
106900002,0,0,0
106900003,0,0,0
106900004,0,0,0
106900006,0,0,0
106900007,0,0,0
106900008,0,0,0
106900009,0,0,0
106900010,0,0,0
106900012,0,0,0
106900013,0,0,0
106900014,0,0,0
106900015,0,0,0
106900016,0,0,0
106900017,0,0,0
106900018,0,0,0
106900019,4,0,4
106900020,0,0,0
106900021,1,0,1
106900022,0,0,0
106900023,0,0,0
106900024,0,0,0
106900025,0,0,0
106900026,0,0,0
106900027,97,1,96
106900028,0,0,0
106900029,0,0,0
106900030,0,0,0
107000001,1608,2134,-526
107000002,418,513,-95
107000003,3448,3180,268
107000004,789,512,277
107000005,3042,2488,554
107000006,1012,461,551
107000007,1682,2314,-632
107000008,686,559,127
107000009,5180,5062,118
107000010,1526,643,883
107000011,44,93,-49
107000012,466,91,375
107000013,0,0,0
107000014,0,0,0
107000015,0,0,0
107000016,0,0,0
107000017,79,71,8
107000018,1,63,-62
107000020,115,279,-164
107000021,112,42,70
107000022,151,250,-99
107000023,311,48,263
107000024,131,511,-380
107000025,78,49,29
107000026,74,113,-39
107000027,370,117,253
107000028,278,216,62
107000029,1160,673,487
107000030,434,427,7
107000031,1110,527,583
107000032,92,323,-231
107000033,743,553,190
107000034,267,138,129
107000035,150,60,90
107000036,63,270,-207
107000037,35,347,-312
107000038,23,50,-27
107000039,307,433,-126
107000040,70,11,59
107000041,274,219,55
107000042,116,557,-441
107000043,349,156,193
107000044,70,122,-52
107000045,22,100,-78
107000046,288,110,178
107000047,133,176,-43
107000048,181,137,44
107000049,126,225,-99
107000050,284,188,96
107000051,166,186,-20
107000052,261,379,-118
107000053,171,227,-56
107000054,21,118,-97
107000055,98,44,54
107000056,246,357,-111
107000057,421,156,265
107000058,1156,1156,0
107000059,62,235,-173
107000060,2753,2429,324
107000061,666,411,255
107000062,2541,1223,1318
107000063,495,417,78
107000064,1851,1488,363
107000065,435,483,-48
107000066,1139,1335,-196
107000067,300,355,-55
107000068,269,569,-300
107000069,415,651,-236
107000070,253,5,248
107000071,863,23,840
107000072,1,86,-85
107000073,193,41,152
107000074,32,16,16
107000075,1020,38,982
107000076,6,58,-52
107000077,1219,92,1127
107000078,20,118,-98
107000079,1175,201,974
107000080,68,82,-14
107000081,1061,210,851
107000082,223,174,49
107000083,476,241,235
107000084,63,226,-163
107000085,886,754,132
107000086,416,656,-240
107000087,774,702,72
107000088,352,486,-134
107000089,537,458,79
107000090,120,162,-42
107000091,417,198,219
107000092,117,243,-126
107000093,455,600,-145
107000094,197,206,-9
107000095,562,313,249
107000096,114,106,8
107000097,447,142,305
107000098,63,84,-21
107000099,184,266,-82
107000100,24,120,-96
107000101,62,204,-142
107000102,85,159,-74
107000103,279,75,204
107000104,50,96,-46
107000105,318,134,184
107000106,53,50,3
107000107,317,157,160
107000108,71,60,11
107000109,313,52,261
107000110,0,0,0
107000111,291,29,262
107000112,0,0,0
107000113,425,25,400
107000114,0,0,0
107000115,389,91,298
107000116,0,0,0
107000117,16,430,-414
107000118,0,0,0
107000119,218,632,-414
107000120,0,0,0
107000121,409,164,245
107000122,166,96,70
107000123,332,145,187
107000124,178,92,86
107000125,578,77,501
107000126,189,92,97
107000129,46,45,1
107000130,259,64,195
107000131,85,51,34
107000132,167,73,94
107000133,98,1,97
107000134,97,0,97
107000135,0,79,-79
107000136,238,0,238
107000137,6,83,-77
107000138,18,2,16
107000139,0,83,-83
107000140,295,2,293
107000141,2,44,-42
107000142,38,14,24
107000143,1,86,-85
107000144,111,150,-39
107000145,3,41,-38
107000146,1,47,-46
107000147,308,130,178
107000150,247,931,-684
107000151,10,3,7
107000152,68,500,-432
107000153,2,24,-22
107000154,2,48,-46
107000155,323,10,313
107000156,294,3,291
107000157,1,89,-88
107000158,197,2,195
107000159,1,76,-75
107000160,756,25,731
107000161,19,114,-95
107000162,76,134,-58
107000163,46,0,46
107000164,304,0,304
107000165,450,12,438
107000166,0,66,-66
107000167,206,56,150
107000168,481,45,436
107000169,27,80,-53
107000170,819,142,677
107000171,54,84,-30
107000172,397,423,-26
107000173,31,53,-22
107000174,351,1187,-836
107000175,397,122,275
107000176,0,0,0
107000177,0,0,0
107000178,1,2,-1
107000179,121,117,4
107000180,921,83,838
107000181,131,26,105
107000182,723,59,664
107000183,77,24,53
107000184,543,64,479
107000185,90,57,33
107000186,274,79,195
107000187,332,214,118
107000188,40,55,-15
107000189,134,80,54
107000190,107,69,38
107000191,443,161,282
107000192,224,45,179
107000193,117,115,2
107000194,111,87,24
107000197,316,37,279
107000198,130,72,58
107000199,116,135,-19
107000200,75,134,-59
107000201,79,75,4
107000202,36,115,-79
107000203,55,338,-283
107000204,91,1119,-1028
107000205,59,65,-6
107000206,50,618,-568
107000207,65,154,-89
107000208,20,114,-94
107000209,55,157,-102
107000210,18,35,-17
107000211,0,22,-22
107000212,0,11,-11
107000213,0,10,-10
107000214,0,1,-1
107000215,92,44,48
107000216,82,50,32
107000217,26,1,25
107000219,9,15,-6
107000220,1,9,-8
107000222,12,36,-24
107000224,94,14,80
107000225,4,64,-60
107000226,199,6,193
107000227,12,54,-42
107000228,1,18,-17
107000229,38,17,21
107000230,24,59,-35
107000231,141,278,-137
107000232,23,2,21
107000233,29,139,-110
107000234,0,41,-41
107000235,181,1,180
107000236,0,0,0
107000237,21,0,21
107000238,45,0,45
107000239,350,168,182
107000240,18,31,-13
107000243,0,48,-48
107000244,8,0,8
107000246,0,54,-54
107000249,0,29,-29
107000251,0,4,-4
107000252,3,33,-30
107000255,26,0,26
107000257,2,35,-33
107000258,0,8,-8
107000259,0,10,-10
107000260,778,2,776
107000262,0,30,-30
107000263,220,4,216
107000266,14,3,11
107000267,6,13,-7
107000268,3,8,-5
107000269,4,0,4
107000270,60,15,45
107000271,1,0,1
107000272,40,0,40
107000273,0,23,-23
107000274,83,3,80
107000275,2,35,-33
107000280,339,4,335
107000281,1,48,-47
107000282,0,91,-91
107000290,0,1,-1
107000291,0,0,0
107000292,0,2,-2
107000293,2,0,2
107000294,0,6,-6
107000295,2,0,2
107000296,0,4,-4
107000444,84,1,83
107000496,0,1,-1
107000497,103,156,-53
107000500,87,52,35
107000501,9,48,-39
107000502,83,49,34
107000505,51,276,-225
107000506,0,0,0
107000508,0,56,-56
107000509,114,198,-84
107000510,1,2,-1
107000514,24,111,-87
107000515,0,28,-28
107000516,335,50,285
107000518,389,281,108
107000519,50,4,46
107000520,8,6,2
107000521,134,28,106
107000522,332,85,247
107900001,4,0,4
107900002,2,0,2
107900003,28,2,26
107900004,0,0,0
107900005,515,3,512
107900006,39,0,39
107900007,91,1,90
107900008,18,0,18
107900009,28,2,26
107900010,0,0,0
107900012,12,0,12
107900013,5,1,4
107900014,6,0,6
107900015,262,2,260
107900016,32,13,19
107900017,0,0,0
107900018,1,47,-46
107900019,46,2,44
107900020,0,0,0
107900021,7,0,7
107900023,2,0,2
107900024,0,0,0
107900025,24,36,-12
107900026,3,1,2
107900027,0,0,0
107900028,30,0,30
107900030,48,8,40
107900031,3,1,2
107900032,6,0,6
107900033,1,0,1
107900034,26,7,19
107900035,259,6,253
107900036,17,10,7
107900037,0,0,0
107900038,3,29,-26
107900039,0,1,-1
107900040,0,0,0
107900041,0,0,0
107900043,40,10,30
107900044,0,0,0
107900045,22,23,-1
107900046,65,22,43
107900047,0,0,0
107900048,28,0,28
107900049,4,48,-44
107900050,0,8,-8
107900051,2,1,1
107900052,0,0,0
107900053,1,1,0
107900055,49,5,44
107900056,0,20,-20
107900057,0,0,0
107900058,1,57,-56
107900060,0,0,0
107900061,0,0,0
107900063,3,11,-8
107900064,20,18,2
107900065,74,0,74
107900066,0,0,0
107900067,0,0,0
107900068,5,56,-51
107900069,0,460,-460
107900070,23,18,5
107900071,0,43,-43
107900072,15,2,13
107900073,0,0,0
107900074,0,0,0
107900076,2,0,2
107900077,0,0,0
107900079,5,0,5
107900080,2,91,-89
107900081,0,0,0
107900082,0,0,0
107900083,74,29,45
107900084,16,10,6
107900086,1,35,-34
107900087,3,3,0
107900088,3,0,3
107900089,2,21,-19
107900090,3,144,-141
107900091,74,41,33
107900093,0,0,0
107900095,191,181,10
107900097,0,5,-5
107900098,29,4,25
107900100,12,268,-256
107900101,6,2,4
107900102,1,0,1
107900103,0,10,-10
107900104,0,0,0
107900105,0,57,-57
107900106,0,73,-73
107900107,0,0,0
107900108,2,1,1
107900109,370,0,370
107900110,12,1,11
107900111,1,83,-82
107900112,0,45,-45
107900113,0,0,0
107900114,71,14,57
107900115,0,0,0
107900116,49,27,22
107900117,11,45,-34
107900118,0,7,-7
107900119,23,14,9
107900120,1,3,-2
107900121,0,0,0
107900122,0,0,0
107900123,0,2,-2
107900124,0,0,0
107900125,0,1,-1
107900126,0,1,-1
107900127,0,0,0
107900128,7,4,3
107900129,2,2,0
107900130,0,0,0
107900131,2,6,-4
107900132,0,14,-14
107900133,0,0,0
107900134,0,5,-5
107900135,0,0,0
107900136,0,0,0
107900137,23,9,14
107900138,17,7,10
107900139,0,0,0
107900141,9,2,7
107900142,0,19,-19
107900143,6,0,6
107900144,0,0,0
107900145,0,0,0
107900146,18,6,12
107900147,2,0,2
107900148,3,2,1
107900149,30,3,27
107900150,0,16,-16
107900151,6,0,6
107900152,0,0,0
107900153,0,34,-34
107900154,10,5,5
107900155,0,0,0
107900156,0,0,0
107900157,2,1,1
107900158,100,5,95
107900159,1,15,-14
107900160,67,0,67
107900161,1,0,1
107900162,0,0,0
107900163,0,0,0
107900164,1,0,1
107900165,3,81,-78
107900166,0,1,-1
107900167,0,0,0
107900168,1,1,0
107900169,0,3,-3
107900171,0,11,-11
107900172,4,0,4
107900173,1,0,1
107900174,0,0,0
107900175,0,0,0
107900176,0,1,-1
107900177,0,0,0
107900178,0,9,-9
107900179,0,0,0
107900180,8,124,-116
107900181,0,0,0
107900182,0,11,-11
107900183,3,11,-8
107900184,0,0,0
107900185,0,0,0
107900186,0,0,0
107900187,0,15,-15
107900188,259,47,212
107900189,0,0,0
107900190,0,9,-9
107900191,0,0,0
107900193,0,0,0
107900194,0,0,0
107900195,53,5,48
107900196,0,0,0
107900197,4,17,-13
107900199,0,0,0
107900201,0,0,0
107900203,1,0,1
107900204,0,0,0
107900206,4,91,-87
107900207,0,29,-29
107900208,0,33,-33
107900209,0,0,0
107900210,1,0,1
107900213,0,0,0
107900214,0,4,-4
107900215,1,14,-13
107900216,0,0,0
107900217,0,0,0
107900218,0,0,0
107900219,0,0,0
107900220,0,0,0
107900221,1,1,0
107900223,0,0,0
107900224,1,35,-34
107900225,0,0,0
107900226,0,0,0
107900227,1,14,-13
107900228,0,0,0
107900229,0,0,0
107900230,1,0,1
107900231,0,0,0
107900232,28,1,27
107900233,0,0,0
107900234,0,0,0
107900235,0,1,-1
107900236,0,0,0
107900237,0,0,0
107900238,0,0,0
107900239,28,18,10
107900240,5,1,4
107900241,0,0,0
107900242,0,6,-6
107900243,0,0,0
107900244,1,0,1
107900245,116,13,103
107900246,36,0,36
107900248,92,4,88
107900249,132,6,126
107900250,0,13,-13
107900251,0,72,-72
107900252,76,2,74
107900253,10,1,9
107900254,0,6,-6
107900255,1,0,1
107900256,2,1,1
107900257,49,9,40
107900258,9,3,6
107900259,2,396,-394
107900261,0,13,-13
107900262,0,0,0
107900264,82,0,82
107900265,6,24,-18
107900267,61,0,61
107900268,0,0,0
107900269,0,0,0
107900270,0,0,0
107900271,0,0,0
107900272,0,0,0
107900273,7,0,7
107900274,37,0,37
107900275,0,1,-1
107900276,0,0,0
107900277,0,0,0
107900278,23,0,23
107900279,0,0,0
107900280,305,47,258
107900281,100,709,-609
107900282,4,180,-176
107900283,166,58,108
107900284,220,45,175
107900285,19,1,18
107900286,2,0,2
107900287,51,12,39
107900290,0,0,0
107900291,31,0,31
107900292,77,14,63
107900293,42,43,-1
107900295,3,0,3
107900297,0,0,0
107900298,49,68,-19
107900299,54,298,-244
107900301,32,87,-55
107900302,5,14,-9
107900303,44,2,42
107900304,87,1,86
107900305,28,1,27
107900306,0,0,0
107900307,0,0,0
107900308,31,3,28
107900309,0,0,0
107900310,0,0,0
107900311,0,0,0
107900312,0,0,0
107900313,0,0,0
107900314,0,0,0
107900315,0,0,0
107900316,0,0,0
107900317,0,0,0
107900318,0,0,0
107900319,0,1,-1
107900320,0,0,0
107900321,17,0,17
107900322,0,0,0
107900323,0,7,-7
107900324,32,0,32
107900325,25,0,25
107900326,104,3,101
107900327,0,0,0
107900328,0,0,0
107900329,0,0,0
107900330,0,6,-6
107900331,123,3,120
107900332,125,0,125
107900333,21,1,20
107900334,0,4,-4
107900335,0,0,0
107900336,0,0,0
107900337,77,170,-93
107900338,0,0,0
107900339,0,0,0
107900340,0,0,0
107900341,0,0,0
107900342,49,3,46
107900343,7,0,7
107900344,0,0,0
107900345,22,0,22
107900346,0,0,0
107900347,3,0,3
107900348,0,1,-1
107900349,0,0,0
107900350,1,23,-22
107900351,0,0,0
107900352,0,0,0
107900353,4,1,3
107900354,0,0,0
108000001,1756,1019,737
108000002,80,118,-38
108000003,1565,788,777
108000004,636,1595,-959
108000005,4466,1869,2597
108000006,535,652,-117
108000007,3079,1108,1971
108000008,553,483,70
108000009,2457,1203,1254
108000010,243,492,-249
108000011,6534,3048,3486
108000012,1704,1224,480
108000014,198,279,-81
108000015,375,66,309
108000016,71,19,52
108000017,670,54,616
108000018,1174,68,1106
108000019,206,59,147
108000020,416,75,341
108000021,38,25,13
108000022,109,157,-48
108000023,616,31,585
108000024,79,67,12
108000025,134,11,123
108000026,266,40,226
108000027,233,2,231
108000028,418,63,355
108000029,251,6,245
108000030,171,35,136
108000031,55,20,35
108000032,865,83,782
108000033,64,80,-16
108000034,1047,79,968
108000035,74,303,-229
108000036,22,48,-26
108000037,954,86,868
108000038,1652,192,1460
108000039,27,32,-5
108000040,775,225,550
108000041,47,110,-63
108000042,210,19,191
108000043,13,0,13
108000044,614,14,600
108000045,36,0,36
108000046,867,68,799
108000047,42,140,-98
108000048,0,0,0
108000049,445,20,425
108000050,4,18,-14
108000051,170,43,127
108000052,5,38,-33
108000053,151,54,97
108000054,55,199,-144
108000055,366,127,239
108000056,124,146,-22
108000057,225,420,-195
108000058,653,1477,-824
108000059,189,551,-362
108000060,72,207,-135
108000061,86,108,-22
108000062,408,91,317
108000063,162,81,81
108000064,127,107,20
108000065,239,166,73
108000066,526,49,477
108000067,765,118,647
108000068,434,107,327
108000069,9,251,-242
108000070,1185,78,1107
108000071,58,337,-279
108000072,1095,100,995
108000073,186,241,-55
108000074,572,126,446
108000075,61,113,-52
108000076,739,68,671
108000077,182,92,90
108000078,1029,176,853
108000079,74,222,-148
108000080,939,199,740
108000081,108,243,-135
108000082,144,142,2
108000083,702,245,457
108000084,56,58,-2
108000085,368,158,210
108000086,41,35,6
108000087,95,860,-765
108000088,329,26,303
108000089,33,64,-31
108000091,8,122,-114
108000092,222,10,212
108000093,22,70,-48
108000094,533,8,525
108000095,10,39,-29
108000096,417,136,281
108000097,44,45,-1
108000098,865,341,524
108000099,216,62,154
108000100,216,149,67
108000101,613,330,283
108000102,456,994,-538
108000106,402,0,402
108000107,0,62,-62
108000108,251,19,232
108000109,1,83,-82
108000110,235,15,220
108000111,25,104,-79
108000112,1,154,-153
108000113,171,112,59
108000115,79,34,45
108000117,149,40,109
108000118,106,331,-225
108000119,151,29,122
108000120,37,238,-201
108000121,117,24,93
108000122,367,56,311
108000123,267,24,243
108000124,71,0,71
108000125,332,36,296
108000126,42,5,37
108000127,381,55,326
108000128,232,9,223
108000129,25,15,10
108000130,220,76,144
108000131,300,58,242
108000132,23,48,-25
108000133,884,79,805
108000134,74,39,35
108000135,676,105,571
108000136,22,51,-29
108000137,171,51,120
108000138,35,199,-164
108000139,269,114,155
108000140,331,0,331
108000141,2,32,-30
108000142,14,13,1
108000143,16,9,7
108000144,567,12,555
108000145,42,20,22
108000146,540,13,527
108000147,4,5,-1
108000148,254,7,247
108000149,0,0,0
108000150,70,28,42
108000151,7,52,-45
108000152,52,3,49
108000153,257,16,241
108000154,36,5,31
108000155,51,19,32
108000156,201,55,146
108000157,17,628,-611
108000158,22,183,-161
108000159,87,27,60
108000160,682,423,259
108000161,400,586,-186
108000165,5,74,-69
108000172,0,57,-57
108000173,484,566,-82
108000175,198,34,164
108000178,184,183,1
108000179,119,445,-326
108000181,16,3,13
108000182,95,11,84
108000183,0,3,-3
108000184,22,1084,-1062
108000185,2,2,0
108000186,96,2,94
108000187,14,11,3
108000188,250,4,246
108000189,108,3098,-2990
108000190,0,0,0
108000192,70,21,49
108000193,3,83,-80
108000194,4,0,4
108000195,0,4,-4
108000196,102,21,81
108000198,112,29,83
108000199,0,0,0
108000200,134,1,133
108000203,5,3,2
108000204,12,21,-9
108000205,26,1,25
108000339,261,247,14
108000364,35,107,-72
108000365,11,15,-4
108000367,36,3,33
108000368,0,1,-1
108000369,40,13,27
108000371,0,97,-97
108000372,238,0,238
108000373,64,17,47
108000376,28,13,15
108000377,427,100,327
108000378,4448,4673,-225
108000379,0,0,0
108000381,96,20,76
108000382,59,0,59
108000383,0,30,-30
108900001,2,11,-9
108900002,55,0,55
108900003,1,6,-5
108900004,93,86,7
108900007,99,28,71
108900008,20,4,16
108900009,50,23,27
108900010,28,5,23
108900011,256,5,251
108900012,219,20,199
108900013,60,20,40
108900014,0,9,-9
108900015,0,0,0
108900016,0,0,0
108900017,36,19,17
108900018,25,25,0
108900019,1,24,-23
108900020,15,4,11
108900021,19,18,1
108900022,14,0,14
108900023,4,4,0
108900024,1,5,-4
108900025,65,5,60
108900026,0,0,0
108900027,0,2,-2
108900028,3,4,-1
108900029,21,8,13
108900030,0,0,0
108900031,30,4,26
108900032,0,0,0
108900033,0,15,-15
108900034,0,2,-2
108900035,47,24,23
108900038,0,19,-19
108900039,0,15,-15
108900040,0,1,-1
108900041,489,547,-58
108900042,0,6,-6
108900043,0,0,0
108900044,0,27,-27
108900045,28,29,-1
108900046,0,32,-32
108900047,1,20,-19
108900048,2,12,-10
108900049,42,250,-208
108900050,3,25,-22
108900051,0,3,-3
108900052,0,5,-5
108900053,3,55,-52
108900054,0,0,0
108900055,1,11,-10
108900056,0,6,-6
108900057,0,15,-15
108900058,0,22,-22
108900059,97,14,83
108900060,19,67,-48
108900061,0,0,0
108900062,0,35,-35
108900063,1,2,-1
108900064,11,1,10
108900065,2,19,-17
108900066,85,3,82
108900067,0,7,-7
108900068,1,6,-5
108900069,74,6,68
108900070,5,4,1
108900071,54,2,52
108900072,90,61,29
108900073,4,6,-2
108900074,58,3,55
108900075,16,2,14
108900076,173,19,154
108900077,2,8,-6
108900078,44,5,39
108900079,33,1,32
108900080,1,63,-62
108900081,1,8,-7
108900082,0,1,-1
108900083,0,23,-23
108900085,51,9,42
108900086,10,6,4
108900087,14,27,-13
108900088,114,46,68
108900089,0,22,-22
108900090,34,2,32
108900091,3,9,-6
108900092,79,32,47
108900093,4,14,-10
108900094,23,3,20
108900095,0,8,-8
108900096,6,0,6
108900097,45,22,23
108900098,202,269,-67
108900099,88,13,75
108900100,13,7,6
108900101,15,16,-1
108900102,2,226,-224
108900103,34,21,13
108900105,4,395,-391
108900106,81,18,63
108900108,25,12,13
108900109,85,1,84
108900110,6,12,-6
108900111,107,10,97
108900113,24,17,7
108900114,18,0,18
108900115,36,21,15
108900116,3,0,3
108900117,50,0,50
108900118,139,1,138
108900119,192,2,190
108900120,59,58,1
108900121,59,4,55
108900122,66,1,65
108900123,41,24,17
108900124,42,0,42
108900125,108,0,108
108900126,35,14,21
108900127,58,9,49
108900128,135,8,127
108900129,48,2,46
108900130,96,1,95
108900131,164,4,160
108900132,57,3,54
108900133,108,1,107
108900134,221,6,215
108900135,68,0,68
108900136,11,5,6
108900137,62,0,62
108900138,281,5,276
108900140,238,5,233
108900141,142,0,142
108900142,40,0,40
108900143,25,0,25
108900144,54,0,54
108900145,47,0,47
108900146,4,0,4
108900147,218,1,217
108900148,7,2,5
108900150,48,9,39
108900151,0,0,0
108900152,92,0,92
108900153,104,12,92
108900154,1678,75,1603
108900156,37,0,37
108900157,0,11,-11
108900158,108,2,106
108900159,1,13,-12
108900160,6,16,-10
108900161,0,39,-39
108900162,12,0,12
108900163,0,175,-175
108900164,14,2,12
108900168,263,347,-84
108900169,1,10,-9
108900171,147,660,-513
108900172,57,13,44
108900173,5,12,-7
108900174,248,47,201
108900176,2,10,-8
108900177,129,611,-482
108900178,198,688,-490
108900180,25,54,-29
108900183,11,9,2
108900184,113,14,99
108900185,5,60,-55
108900186,19,38,-19
108900189,95,1,94
108900190,0,43,-43
108900192,4,44,-40
108900195,6,3,3
108900196,1,1,0
108900199,36,17,19
108900200,98,78,20
108900201,23,78,-55
108900203,152,45,107
108900204,121,2,119
108900205,29,0,29
108900206,23,5,18
108900207,14,12,2
108900208,31,23,8
108900209,28,14,14
108900210,0,0,0
108900211,0,36,-36
108900212,1,110,-109
108900215,0,2,-2
108900216,6,18,-12
108900217,2,0,2
108900218,5,1,4
108900221,0,0,0
108900224,0,0,0
108900225,0,0,0
108900227,7,52,-45
108900230,11,22,-11
108900232,0,7,-7
108900233,107,0,107
108900234,39,3,36
108900235,0,0,0
108900236,0,0,0
108900240,9,2,7
108900241,1,2,-1
108900245,0,61,-61
108900250,31,3,28
108900258,0,1,-1
108900259,0,7,-7
108900260,0,1,-1
108900261,1,3,-2
108900262,2,5,-3
108900263,9,5,4
108900264,1,15,-14
108900265,24,93,-69
108900266,9,160,-151
108900267,0,82,-82
108900268,0,3,-3
108900269,11,7,4
108900270,20,1,19
108900271,24,1,23
108900272,43,0,43
108900273,40,175,-135
108900274,11,0,11
109000001,510,1515,-1005
109000002,0,126,-126
109000003,1035,149,886
109000004,3,51,-48
109000005,738,187,551
109000006,1,73,-72
109000007,771,279,492
109000008,0,70,-70
109000009,1235,312,923
109000010,33,96,-63
109000011,1663,604,1059
109000012,28,98,-70
109000013,2278,1388,890
109000014,57,111,-54
109000015,2168,4572,-2404
109000016,22,110,-88
109000017,1425,432,993
109000018,30,103,-73
109000019,1056,512,544
109000020,7,44,-37
109000023,78,1,77
109000024,1,38,-37
109000025,46,137,-91
109000026,224,99,125
109000027,24,122,-98
109000028,32,16,16
109000029,54,125,-71
109000030,0,0,0
109000031,169,21,148
109000032,1,1,0
109000033,187,35,152
109000034,9,1,8
109000035,0,3,-3
109000036,23,63,-40
109000037,68,945,-877
109000038,99,38,61
109000039,127,238,-111
109000040,82,1703,-1621
109000041,140,656,-516
109000042,118,363,-245
109000044,77,12,65
109000045,9,5,4
109000046,118,9,109
109000047,6,2,4
109000048,253,77,176
109000049,12,15,-3
109000050,118,35,83
109000051,5,29,-24
109000052,36,46,-10
109000053,418,49,369
109000054,0,43,-43
109000055,1,62,-61
109000056,50,22,28
109000057,50,140,-90
109000058,122,0,122
109000059,1,222,-221
109000060,126,69,57
109000061,24,906,-882
109000062,19,79,-60
109000063,6,5,1
109000064,140,31,109
109000065,0,39,-39
109000066,96,1,95
109000067,0,46,-46
109000068,83,1,82
109000069,142,2,140
109000070,0,11,-11
109000071,76,26,50
109000072,70,277,-207
109000073,4,56,-52
109000074,12,86,-74
109000075,70,20,50
109000076,70,115,-45
109000077,87,57,30
109000078,33,22,11
109000079,21,14,7
109000080,77,21,56
109000081,42,54,-12
109000082,207,7,200
109000083,90,57,33
109000088,69,28,41
109000089,185,7,178
109000090,131,76,55
109000091,139,18,121
109000092,99,176,-77
109000093,129,48,81
109000094,262,0,262
109000095,20,72,-52
109000096,540,33,507
109000097,9,19,-10
109000098,41,41,0
109000099,362,9,353
109000100,20,86,-66
109000101,629,190,439
109000102,133,83,50
109000103,299,90,209
109000104,961,93,868
109000105,68,90,-22
109000106,870,136,734
109000107,81,99,-18
109000108,834,139,695
109000109,67,68,-1
109000110,368,217,151
109000111,129,117,12
109000112,16,17,-1
109000113,165,10,155
109000114,124,90,34
109000115,269,11,258
109000116,2,113,-111
109000117,95,20,75
109000118,0,69,-69
109000119,668,16,652
109000120,9,52,-43
109000121,380,15,365
109000122,24,31,-7
109000123,21,14,7
109000124,288,60,228
109000125,480,98,382
109000126,10,24,-14
109000127,1238,56,1182
109000128,38,30,8
109000129,1078,77,1001
109000130,44,47,-3
109000131,667,401,266
109000132,85,163,-78
109000133,6,28,-22
109000134,31,35,-4
109000135,18,22,-4
109000136,154,155,-1
109000137,341,27,314
109000138,180,37,143
109000139,296,54,242
109000140,105,67,38
109000141,256,21,235
109000142,26,63,-37
109000143,4,16,-12
109000145,7,51,-44
109000146,47,162,-115
109000148,0,0,0
109000149,9,133,-124
109000150,93,114,-21
109000155,109,210,-101
109000156,175,30,145
109000158,5,196,-191
109000159,10,59,-49
109000160,465,40,425
109000161,382,175,207
109000162,560,99,461
109000163,554,119,435
109000164,630,376,254
109000165,593,204,389
109000166,392,15,377
109000167,95,41,54
109000170,9,8,1
109000171,18,3,15
109000172,1,0,1
109000173,0,11,-11
109000174,9,1,8
109000175,44,18,26
109000176,208,86,122
109000177,21,24,-3
109000178,196,77,119
109000179,423,604,-181
109000180,590,220,370
109000181,12,13,-1
109000182,20,27,-7
109000183,8,10,-2
109000184,43,58,-15
109000185,4,25,-21
109000188,135,116,19
109000189,449,32,417
109000190,85,137,-52
109000191,195,45,150
109000192,262,2,260
109000193,92,17,75
109000194,107,2,105
109000195,35,3,32
109000196,99,5,94
109000197,86,20,66
109000198,104,4,100
109000199,11,2,9
109000206,152,22,130
109000207,87,9,78
109000208,38,51,-13
109000209,19,30,-11
109000210,5,38,-33
109000211,222,208,14
109000214,209,98,111
109000215,110,16,94
109000216,126,153,-27
109000217,0,1,-1
109000218,14,4,10
109000221,4,58,-54
109000222,367,26,341
109000223,78,86,-8
109000224,65,24,41
109000225,39,23,16
109000226,39,22,17
109000227,564,158,406
109000228,0,1,-1
109000231,2,2,0
109000232,294,12,282
109000236,12,26,-14
109000241,440,131,309
109000242,323,81,242
109000293,11,14,-3
109000361,123,25,98
109000364,19,6,13
109000396,0,88,-88
109000397,501,4,497
109000399,49,88,-39
109000400,23,74,-51
109000403,3,550,-547
109000406,63,4,59
109000407,33,56,-23
109000408,0,33,-33
109000410,0,0,0
109000411,150,16,134
109000412,0,0,0
109900001,0,0,0
109900002,98,0,98
109900003,172,2,170
109900005,10,0,10
109900006,188,0,188
109900007,338,0,338
109900008,0,0,0
109900009,0,1,-1
109900010,0,0,0
109900011,4,3,1
109900012,18,25,-7
109900013,40,30,10
109900014,18,4,14
109900015,40,0,40
109900016,23,0,23
109900017,32,17,15
109900018,20,0,20
109900019,16,1,15
109900020,5,0,5
109900021,1,0,1
109900022,166,20,146
109900023,16,0,16
109900024,4,0,4
109900025,0,0,0
109900027,0,0,0
109900028,7,153,-146
109900029,0,7,-7
109900030,1,0,1
109900031,0,7,-7
109900032,0,0,0
109900033,0,3,-3
109900034,8,0,8
109900035,7,2,5
109900036,0,0,0
109900037,0,0,0
109900038,1,2,-1
109900039,24,0,24
109900040,0,0,0
109900041,1,0,1
109900042,0,0,0
109900044,0,3,-3
109900045,6,0,6
109900046,92,10,82
109900047,26,24,2
109900048,3,7,-4
109900049,0,0,0
109900050,0,1,-1
109900051,0,0,0
109900052,2,7,-5
109900053,0,15,-15
109900054,247,10,237
109900055,17,6,11
109900056,0,0,0
109900057,0,2,-2
109900058,0,0,0
109900060,131,12,119
109900061,0,1,-1
109900062,0,0,0
109900064,44,15,29
109900065,0,0,0
109900066,1,4,-3
109900067,0,0,0
109900068,28,0,28
109900069,0,0,0
109900071,0,0,0
109900072,0,6,-6
109900073,106,0,106
109900074,0,0,0
109900075,0,0,0
109900076,9,7,2
109900077,0,28,-28
109900078,12,22,-10
109900080,5,6,-1
109900081,0,6,-6
109900082,12,7,5
109900083,3,0,3
109900084,0,0,0
109900085,3,11,-8
109900086,1,189,-188
109900087,7,35,-28
109900089,37,8,29
109900092,0,0,0
109900093,43,2,41
109900094,0,0,0
109900095,1,22,-21
109900096,50,0,50
109900097,13,0,13
109900098,34,0,34
109900099,235,2,233
109900100,0,0,0
109900101,248,0,248
109900102,0,0,0
109900103,0,0,0
109900104,310,16,294
109900105,0,0,0
109900106,0,0,0
109900107,0,0,0
109900108,0,0,0
109900109,0,0,0
109900111,1,13,-12
109900114,56,18,38
109900115,13,26,-13
109900117,397,13,384
109900121,9,4,5
109900123,0,4,-4
109900125,0,21,-21
109900126,149,0,149
109900130,181,262,-81
109900131,0,0,0
109900132,0,2,-2
109900134,0,0,0
109900135,0,0,0
109900137,18,10,8
109900140,20,11,9
109900149,0,0,0
109900150,0,0,0
109900151,0,0,0
109900152,0,0,0
109900153,0,23,-23
109900154,1,0,1
109900155,17,1,16
109900157,13,12,1
109900159,43,3,40
109900161,25,5,20
109900162,23,33,-10
109900163,75,41,34
109900164,61,77,-16
109900165,59,1,58
109900166,1,21,-20
109900167,12,44,-32
109900168,28,30,-2
109900169,0,0,0
109900170,2,226,-224
109900171,14,26,-12
109900172,9,26,-17
109900173,44,212,-168
109900174,0,2,-2
109900175,0,0,0
109900176,0,0,0
109900177,0,0,0
109900178,0,0,0
109900179,0,0,0
109900180,4,6,-2
110000001,90,27,63
110000002,279,545,-266
110000003,51,138,-87
110000004,293,543,-250
110000005,126,695,-569
110000006,38,376,-338
110000007,27,1,26
110000008,9,7,2
110000009,0,5,-5
110000010,46,21,25
110000011,6,9,-3
110000012,69,56,13
110000013,13,177,-164
110000014,159,33,126
110000015,18,228,-210
110000016,168,517,-349
110000017,763,164,599
110000018,135,62,73
110000019,4,20,-16
110000020,151,26,125
110000021,38,59,-21
110000022,94,6,88
110000023,2,37,-35
110000024,45,46,-1
110000025,345,0,345
110000026,3,57,-54
110000027,124,221,-97
110000028,443,178,265
110000029,39,85,-46
110000030,66,255,-189
110000031,61,54,7
110000032,245,119,126
110000033,30,17,13
110000034,97,130,-33
110000035,165,114,51
110000036,260,111,149
110000037,8,166,-158
110000038,86,119,-33
110000039,248,946,-698
110000040,95,74,21
110000041,199,737,-538
110000042,20,61,-41
110000043,184,140,44
110000044,0,28,-28
110000045,3,27,-24
110000046,14,0,14
110000047,1,15,-14
110000048,1,30,-29
110000049,2,23,-21
110000050,0,19,-19
110000051,2,6,-4
110000052,21,30,-9
110000053,4,4,0
110000054,7,33,-26
110000055,19,42,-23
110000056,43,65,-22
110000057,52,59,-7
110000058,254,229,25
110000059,107,93,14
110000060,576,220,356
110000061,33,50,-17
110000062,404,182,222
110000063,36,65,-29
110000064,7,22,-15
110000065,23,58,-35
110000066,25,0,25
110000067,1,34,-33
110000068,24,14,10
110000069,202,1,201
110000071,96,5,91
110000073,0,0,0
110000075,24,0,24
110000076,32,53,-21
110000077,23,176,-153
110000078,33,3,30
110000080,40,114,-74
110000081,9,64,-55
110000082,2,121,-119
110000083,80,71,9
110000084,394,452,-58
110000085,418,251,167
110000086,331,676,-345
110000087,17,3,14
110000088,26,8,18
110000089,96,17,79
110000090,14,17,-3
110000091,65,33,32
110000092,0,4,-4
110000093,75,11,64
110000094,124,17,107
110000095,71,185,-114
110000096,216,243,-27
110000097,232,498,-266
110000098,603,105,498
110000099,143,108,35
110000100,286,2,284
110000101,0,26,-26
110000102,29,13,16
110000104,131,60,71
110000105,33,23,10
110000106,66,198,-132
110000107,12,78,-66
110000108,50,100,-50
110000109,4,13,-9
110000110,453,1109,-656
110000111,613,807,-194
110000112,129,154,-25
110000113,12,444,-432
110000114,51,174,-123
110000115,110,24,86
110000116,10,20,-10
110000117,103,22,81
110000118,191,11,180
110000119,29,21,8
110000120,106,17,89
110000121,4,79,-75
110000122,117,114,3
110000123,202,45,157
110000124,0,96,-96
110000125,223,1,222
110000126,64,2,62
110000127,460,2,458
110000128,0,51,-51
110000129,0,35,-35
110000130,116,29,87
110000131,0,51,-51
110000132,0,30,-30
110000133,4,104,-100
110000134,5,42,-37
110000135,92,10,82
110000136,17,28,-11
110000137,212,12,200
110000138,153,46,107
110000139,422,62,360
110000140,451,141,310
110000143,144,32,112
110000144,740,308,432
110000145,288,193,95
110000146,247,113,134
110000147,10,208,-198
110000148,139,18,121
110000151,38,144,-106
110000152,115,492,-377
110000153,0,0,0
110000154,0,0,0
110000155,195,290,-95
110000156,113,302,-189
110000157,174,499,-325
110000160,142,72,70
110000161,35,59,-24
110000166,237,2,235
110000167,454,268,186
110000168,300,263,37
110000169,255,82,173
110000170,46,34,12
110000171,191,27,164
110000172,52,109,-57
110000173,231,209,22
110000174,41,46,-5
110000175,287,25,262
110000176,41,293,-252
110000177,27,337,-310
110000178,92,671,-579
110000179,125,190,-65
110000180,19,121,-102
110000181,156,37,119
110000182,53,7,46
110000183,1502,1868,-366
110000184,48,971,-923
110000185,54,200,-146
110000186,36,115,-79
110000191,521,51,470
110000192,225,5,220
110000193,545,1,544
110000194,0,62,-62
110000195,253,11,242
110000196,134,5,129
110000197,10,15,-5
110000198,36,2,34
110000199,12,15,-3
110000200,143,21,122
110000201,240,234,6
110000202,351,139,212
110000203,49,36,13
110000204,2,20,-18
110000205,75,7,68
110000206,35,12,23
110000207,632,15,617
110000208,18,47,-29
110000209,0,13,-13
110000210,712,114,598
110000211,291,124,167
110000212,112,370,-258
110000213,59,2,57
110000214,33,13,20
110000215,10,32,-22
110000216,19,55,-36
110000217,229,18,211
110000218,39,31,8
110000219,131,31,100
110000220,2,24,-22
110000221,152,0,152
110000222,1,56,-55
110000223,16,19,-3
110000224,0,0,0
110000225,26,81,-55
110000226,51,14,37
110000227,19,72,-53
110000228,33,5,28
110000229,0,27,-27
110000230,192,177,15
110000231,69,56,13
110000232,21,40,-19
110000233,59,79,-20
110000234,64,79,-15
110000235,156,231,-75
110000236,0,0,0
110000237,322,132,190
110000238,345,165,180
110000239,448,196,252
110000240,0,0,0
110000242,0,0,0
110000243,10,14,-4
110000244,1,9,-8
110000245,0,65,-65
110000246,260,71,189
110000247,148,267,-119
110000248,220,77,143
110000249,35,7,28
110000250,0,6,-6
110000251,67,81,-14
110000252,116,9,107
110000253,375,97,278
110000254,128,53,75
110000255,33,27,6
110000256,73,52,21
110000257,62,1,61
110000258,0,38,-38
110000259,24,2,22
110000260,10,41,-31
110000263,116,13,103
110000264,192,90,102
110000265,506,194,312
110000266,466,403,63
110000267,0,0,0
110000268,28,0,28
110000269,0,0,0
110000270,7,0,7
110000271,245,3,242
110000272,153,159,-6
110000273,99,130,-31
110000274,69,616,-547
110000275,201,49,152
110000276,31,182,-151
110000277,128,45,83
110000278,86,83,3
110000279,509,72,437
110000280,242,67,175
110000281,20,25,-5
110000282,46,2,44
110000283,26,38,-12
110000284,0,8,-8
110000285,0,7,-7
110000286,0,0,0
110000287,48,0,48
110000288,0,0,0
110000289,86,808,-722
110000290,44,77,-33
110000291,237,224,13
110000292,251,1306,-1055
110000293,279,130,149
110000294,589,225,364
110000295,9,83,-74
110000296,227,31,196
110000297,496,14,482
110000298,0,35,-35
110000299,41,9,32
110000301,286,17,269
110000302,74,52,22
110000303,260,2,258
110000304,30,19,11
110000305,542,2,540
110000306,2,44,-42
110000307,563,0,563
110000308,172,11,161
110000309,0,113,-113
110000310,363,6,357
110000311,0,80,-80
110000312,136,15,121
110000313,295,137,158
110000314,0,22,-22
110000315,277,418,-141
110000316,4,172,-168
110000317,2,11,-9
110000318,0,0,0
110000319,0,3,-3
110000320,1,12,-11
110000321,9,10,-1
110000322,33,54,-21
110000323,116,44,72
110000324,79,56,23
110000325,621,988,-367
110000327,77,16,61
110000328,1,6,-5
110000333,218,325,-107
110000334,35,110,-75
110000335,46,66,-20
110000336,57,49,8
110000337,645,72,573
110000338,100,55,45
110000339,197,6,191
110000340,0,6,-6
110000341,146,3,143
110000342,27,0,27
110000343,0,0,0
110000344,0,9,-9
110000345,12,28,-16
110000346,554,306,248
110000347,803,177,626
110000348,0,0,0
110000349,1,1,0
110000350,14,0,14
110000351,450,96,354
110000352,212,409,-197
110000353,655,83,572
110000354,114,712,-598
110000355,7,0,7
110000356,173,4,169
110000357,205,0,205
110000361,0,0,0
110000362,0,0,0
110000363,222,0,222
110000364,146,50,96
110000365,21,0,21
110000366,0,9,-9
110000367,45,24,21
110000368,0,0,0
110000369,21,0,21
110000373,0,9,-9
110000374,6,23,-17
110000375,38,97,-59
110000376,30,29,1
110000377,26,145,-119
110000378,1,40,-39
110000379,687,1105,-418
110000380,217,7,210
110000383,0,38,-38
110000384,258,22,236
110000385,0,16,-16
110000387,7,0,7
110000388,6,25,-19
110000389,410,0,410
110000391,243,7,236
110000396,32,4,28
110000397,83,11,72
110000398,0,20,-20
110000399,31,1,30
110000587,34,5,29
110000589,111,44,67
110000640,72,1,71
110000652,1,24,-23
110000653,38,30,8
110000654,0,0,0
110000656,0,0,0
110000674,1,2,-1
110000675,0,0,0
110000676,0,0,0
110000679,13,11,2
110000682,40,76,-36
110000683,164,132,32
110000684,0,0,0
110000685,0,8,-8
110000686,0,0,0
110000687,1,1,0
110000688,6,110,-104
110000689,53,4,49
110000692,2,13,-11
110000693,1,95,-94
110000694,0,0,0
110000695,8,29,-21
110000696,24,27,-3
110000698,78,367,-289
110000699,9,66,-57
110900001,38,0,38
110900002,57,0,57
110900003,206,0,206
110900004,142,1,141
110900005,0,0,0
110900006,27,1,26
110900007,18,4,14
110900008,0,0,0
110900009,2,52,-50
110900010,0,0,0
110900011,3,0,3
110900012,0,0,0
110900013,167,7,160
110900014,72,0,72
110900015,7,126,-119
110900016,0,0,0
110900017,101,2,99
110900018,38,19,19
110900019,7,0,7
110900020,0,0,0
110900021,0,0,0
110900022,0,0,0
110900023,0,35,-35
110900024,0,0,0
110900025,2,0,2
110900027,0,0,0
110900028,0,0,0
110900029,0,0,0
110900030,0,0,0
110900031,0,0,0
110900032,0,0,0
110900033,0,2,-2
110900035,0,0,0
110900036,3,1,2
110900037,23,0,23
110900038,0,0,0
110900039,0,0,0
110900040,34,1,33
110900041,0,0,0
110900042,0,0,0
110900043,0,0,0
110900044,0,0,0
110900045,0,0,0
110900046,0,0,0
110900047,0,0,0
110900049,3,1,2
110900050,15,0,15
110900052,0,0,0
110900053,0,0,0
110900054,0,0,0
110900055,2,1,1
110900056,0,0,0
110900057,0,0,0
110900058,0,0,0
110900059,9,0,9
110900060,26,2,24
110900061,0,0,0
110900062,0,0,0
110900063,0,0,0
110900064,1,0,1
110900065,7,38,-31
110900066,0,4,-4
110900067,0,0,0
110900068,0,0,0
110900069,0,1,-1
110900070,0,0,0
110900071,0,1,-1
110900073,1,2,-1
110900074,85,0,85
110900075,28,18,10
110900077,151,26,125
110900078,0,0,0
110900079,219,226,-7
110900080,53,3,50
110900081,0,0,0
110900082,26,0,26
110900083,1,1,0
110900084,0,0,0
110900085,1,36,-35
110900086,26,20,6
110900087,27,1,26
110900088,0,0,0
110900090,0,0,0
110900091,0,0,0
110900093,8,0,8
110900095,6,3,3
110900097,0,0,0
110900098,0,15,-15
110900099,1,34,-33
110900100,0,3,-3
110900102,15,9,6
110900105,42,7,35
110900108,4,0,4
110900111,8,1,7
110900112,74,0,74
110900113,2,4,-2
110900115,0,0,0
110900116,130,43,87
110900118,2,381,-379
110900119,7,1,6
110900120,0,0,0
110900121,9,0,9
110900122,52,2,50
110900125,10,97,-87
110900127,0,0,0
110900128,33,47,-14
110900129,4,100,-96
110900130,9,149,-140
110900131,31,2,29
110900132,72,0,72
110900133,0,0,0
110900135,0,0,0
110900136,13,0,13
110900139,2,0,2
110900140,0,0,0
110900141,9,7,2
110900142,0,0,0
110900143,9,8,1
110900144,0,0,0
110900145,4,19,-15
110900146,18,13,5
110900147,0,0,0
110900148,0,0,0
110900149,0,0,0
110900150,0,3,-3
110900151,0,1,-1
110900152,3,6,-3
110900153,41,1,40
111000001,290,200,90
111000002,79,3,76
111000003,577,234,343
111000004,0,5,-5
111000005,401,641,-240
111000006,0,40,-40
111000007,904,949,-45
111000008,35,79,-44
111000009,36,70,-34
111000010,369,209,160
111000011,0,251,-251
111000012,57,181,-124
111000013,33,327,-294
111000014,438,80,358
111000017,2,45,-43
111000018,4,7,-3
111000020,21,72,-51
111000021,14,36,-22
111000023,30,98,-68
111000025,184,251,-67
111000029,1,2,-1
111000030,4,2,2
111000031,537,251,286
111000032,351,85,266
111000033,37,29,8
111000034,4,67,-63
111000037,172,155,17
111000038,502,172,330
111000039,286,326,-40
111000040,325,245,80
111000041,53,112,-59
111000042,237,538,-301
111000043,844,834,10
111000044,657,124,533
111000045,1008,460,548
111000046,507,299,208
111000047,1038,1778,-740
111000049,44,41,3
111000050,101,31,70
111000051,17,32,-15
111000052,19,35,-16
111000053,40,39,1
111000054,28,31,-3
111000055,74,120,-46
111000056,3,17,-14
111000057,30,15,15
111000058,202,21,181
111000059,161,45,116
111000060,2496,252,2244
111000061,201,61,140
111000062,502,85,417
111000063,553,252,301
111000064,572,115,457
111000065,705,165,540
111000066,276,72,204
111000067,172,44,128
111000068,52,23,29
111000069,124,91,33
111000070,58,50,8
111000071,30,11,19
111000072,617,246,371
111000073,111,510,-399
111000074,518,322,196
111000075,165,51,114
111000076,419,125,294
111000077,486,213,273
111000078,322,55,267
111000079,252,38,214
111000080,60,24,36
111000081,247,654,-407
111000082,198,60,138
111000084,165,147,18
111000085,299,309,-10
111000086,392,186,206
111000087,300,149,151
111000088,302,376,-74
111000089,288,232,56
111000090,140,208,-68
111000091,196,103,93
111000092,573,147,426
111000093,258,174,84
111000094,418,148,270
111000095,242,798,-556
111000096,251,2134,-1883
111000097,80,89,-9
111000098,71,42,29
111000099,49,109,-60
111000100,51,76,-25
111000101,25,97,-72
111000102,0,19,-19
111000104,199,13,186
111000107,0,24,-24
111000109,145,8,137
111000110,230,76,154
111000111,1076,24,1052
111000112,661,35,626
111000113,268,604,-336
111000114,256,812,-556
111000115,772,135,637
111000116,84,61,23
111000117,74,59,15
111000118,172,65,107
111000119,527,54,473
111000120,145,113,32
111000121,122,128,-6
111000122,119,116,3
111000123,234,278,-44
111000124,61,248,-187
111000125,7,72,-65
111000126,1,74,-73
111000127,384,6,378
111000128,938,55,883
111000129,1309,90,1219
111000130,1324,99,1225
111000131,960,77,883
111000132,713,436,277
111000133,60,6,54
111000134,46,12,34
111000135,0,65,-65
111000136,339,25,314
111000138,0,0,0
111000140,0,0,0
111000141,21,5,16
111000142,0,1,-1
111000143,0,2,-2
111000144,0,7,-7
111000145,28,2,26
111000146,33,0,33
111000147,22,0,22
111000148,2,4,-2
111000149,0,26,-26
111000150,1,0,1
111000151,0,9,-9
111000153,93,11,82
111000154,16,11,5
111000155,52,18,34
111000156,269,62,207
111000157,86,170,-84
111000158,291,206,85
111000159,539,268,271
111000160,161,21,140
111000161,3,116,-113
111000162,0,0,0
111000163,58,56,2
111000164,19,239,-220
111000165,143,27,116
111000166,30,21,9
111000167,11,26,-15
111000168,33,39,-6
111000169,97,10,87
111000170,42,15,27
111000171,36,21,15
111000172,57,34,23
111000173,68,84,-16
111000174,38,15,23
111000175,38,39,-1
111000176,124,23,101
111000177,182,29,153
111000178,829,29,800
111000179,241,5,236
111000180,67,79,-12
111000181,230,46,184
111000182,90,4,86
111000183,76,33,43
111000184,190,33,157
111000185,77,6,71
111000186,41,1,40
111000187,85,5,80
111000188,111,32,79
111000189,13,42,-29
111000190,5,33,-28
111000191,16,7,9
111000192,32,4,28
111000193,6,9,-3
111000194,12,3,9
111000195,0,40,-40
111000196,11,13,-2
111000197,266,16,250
111000198,235,0,235
111000199,151,41,110
111000200,285,77,208
111000201,208,30,178
111000202,195,11,184
111000203,162,43,119
111000204,126,433,-307
111000213,77,101,-24
111000214,297,89,208
111000215,266,162,104
111000217,450,34,416
111000218,370,154,216
111000219,54,7,47
111000220,119,88,31
111000221,56,12,44
111000224,0,22,-22
111000225,335,292,43
111000226,0,0,0
111000227,0,0,0
111000228,1,388,-387
111000229,1,363,-362
111000230,49,35,14
111000231,326,39,287
111000232,289,137,152
111000233,323,105,218
111000234,10,115,-105
111000239,0,0,0
111000240,12,77,-65
111000241,0,0,0
111000242,20,28,-8
111000243,0,0,0
111000244,365,27,338
111000245,244,21,223
111000246,320,56,264
111000247,105,58,47
111000248,356,88,268
111000249,126,22,104
111000250,83,3,80
111000251,90,7,83
111000253,0,9,-9
111000255,27,0,27
111000257,21,19,2
111000260,0,23,-23
111000261,396,19,377
111000271,3,23,-20
111000273,323,143,180
111000274,304,277,27
111000275,64,4,60
111000276,31,169,-138
111000277,70,16,54
111000278,226,23,203
111000291,531,2931,-2400
111000298,139,50,89
111000299,32,21,11
111000300,8,9,-1
111000302,117,31,86
111000303,98,27,71
111000312,30,6,24
111000315,0,21,-21
111000320,58,28,30
111000321,178,49,129
111000322,138,37,101
111000323,124,7,117
111000324,125,40,85
111000325,0,18,-18
111000326,32,56,-24
111000327,139,113,26
111000328,70,81,-11
111000329,0,14,-14
111000330,17,0,17
111000331,1,1,0
111000332,161,115,46
111000334,21,79,-58
111000335,285,14,271
111000337,469,22,447
111000338,5,2,3
111000339,153,8,145
111000340,2,83,-81
111000341,476,120,356
111000342,1,29,-28
111000344,405,61,344
111000345,13,1,12
111000346,0,1,-1
111000347,96,0,96
111000350,41,81,-40
111000351,6,135,-129
111000352,16,20,-4
111000353,10,41,-31
111000354,36,21,15
111000355,10,30,-20
111000358,38,58,-20
111000360,79,33,46
111000361,33,5,28
111000546,62,4,58
111000547,109,29,80
111000548,15,10,5
111000549,61,12,49
111000550,3,68,-65
111000551,16,24,-8
111000552,62,2,60
111000907,437,6,431
111000908,3,0,3
111000916,510,15,495
111000917,0,4,-4
111000918,24,34,-10
111000920,140,0,140
111000921,0,5,-5
111000922,58,2,56
111000924,1,69,-68
111000925,1918,497,1421
111000926,374,243,131
111000927,984,1005,-21
111000928,482,317,165
111000929,1030,237,793
111000930,156,376,-220
111000931,903,398,505
111000932,399,382,17
111000933,1498,956,542
111000934,158,312,-154
111000935,879,152,727
111000936,157,254,-97
111000937,484,235,249
111000938,268,173,95
111000939,290,5,285
111000940,269,8,261
111000941,76,23,53
111000943,246,70,176
111000944,51,33,18
111000945,174,3,171
111001109,229,104,125
111001110,18,1,17
111001111,24,1,23
111001112,108,0,108
111001113,0,14,-14
111001114,58,49,9
111001115,0,0,0
111001116,252,1693,-1441
111001117,2,57,-55
111001120,28,6,22
111001121,1,29,-28
111001122,55,48,7
111001123,183,39,144
111001124,20,2,18
111001125,5,274,-269
111001126,4,1,3
111001127,0,0,0
111001128,271,80,191
111001129,0,7,-7
111900001,3,0,3
111900002,0,16,-16
111900003,0,14,-14
111900004,0,25,-25
111900006,0,0,0
111900007,0,0,0
111900008,0,0,0
111900009,29,0,29
111900010,3,2,1
111900012,1,1,0
111900013,1,2,-1
111900014,161,1166,-1005
111900015,0,0,0
111900016,0,0,0
111900017,0,0,0
111900018,45,1,44
111900019,0,41,-41
111900020,0,2,-2
111900021,0,0,0
111900022,0,0,0
111900023,43,15,28
111900024,82,2,80
111900025,0,8,-8
111900026,0,1,-1
111900027,0,0,0
111900028,0,0,0
111900029,0,0,0
111900030,0,0,0
111900032,0,0,0
111900033,0,1,-1
111900034,0,0,0
111900035,0,0,0
111900036,0,0,0
111900038,0,0,0
111900039,0,0,0
111900040,0,0,0
111900042,0,0,0
111900043,0,0,0
111900044,0,0,0
111900046,0,0,0
111900048,84,29,55
111900049,0,0,0
111900050,0,0,0
111900051,2,0,2
111900052,0,1,-1
111900053,35,425,-390
111900054,0,0,0
111900055,0,24,-24
111900056,4,68,-64
111900057,21,13,8
111900058,171,4,167
111900059,49,18,31
111900060,0,0,0
111900061,2,1,1
111900062,34,10,24
111900063,56,0,56
111900064,1,1,0
111900065,43,16,27
111900066,3,0,3
111900067,0,0,0
111900068,12,1,11
111900069,20,0,20
111900070,2,0,2
111900071,0,0,0
111900072,20,0,20
111900073,51,4,47
111900074,0,0,0
111900075,83,1,82
111900076,19,1,18
111900077,26,0,26
111900078,15,1,14
111900079,16,16,0
111900080,0,0,0
111900082,191,2,189
111900083,10,3,7
111900084,99,0,99
111900085,0,0,0
111900086,181,1,180
111900087,3,0,3
111900088,63,1,62
111900089,37,0,37
111900090,0,0,0
111900091,345,0,345
111900092,59,0,59
111900093,89,1,88
111900094,57,0,57
111900095,0,0,0
111900096,182,2,180
111900097,54,0,54
111900098,82,0,82
111900099,9,0,9
111900100,0,0,0
111900101,0,0,0
111900102,84,0,84
111900103,0,0,0
111900104,3,0,3
111900105,7,1,6
111900106,69,15,54
111900110,0,0,0
111900111,45,0,45
111900112,0,0,0
111900113,22,7,15
111900118,32,0,32
111900119,1,8,-7
111900122,19,16,3
111900123,0,4,-4
111900124,0,1,-1
111900125,35,0,35
111900126,23,0,23
111900127,0,0,0
111900128,0,0,0
111900129,51,0,51
111900130,0,0,0
111900131,6,0,6
111900132,0,0,0
111900133,0,0,0
111900134,0,0,0
111900135,0,0,0
111900136,0,0,0
111900137,5,1,4
111900138,0,22,-22
111900139,0,4,-4
111900140,39,4,35
111900141,3,1,2
111900142,26,4,22
111900143,0,0,0
111900144,0,0,0
111900145,0,0,0
111900146,0,0,0
111900147,0,0,0
111900148,0,0,0
111900149,0,0,0
111900150,0,0,0
111900151,0,0,0
111900152,0,0,0
111900153,0,0,0
111900154,0,0,0
111900155,0,0,0
111900156,0,0,0
111900157,0,0,0
111900158,0,0,0
111900159,0,0,0
111900160,0,0,0
111900161,0,0,0
111900162,0,0,0
111900163,0,0,0
111900164,0,0,0
111901113,57,0,57
111901114,5,0,5
111901115,1,0,1
111901116,0,0,0
111901117,0,0,0
111901118,0,2,-2
111901119,0,0,0
111901121,0,0,0
111901122,19,0,19
111901123,129,0,129
111901124,0,0,0
111901125,207,44,163
111901127,0,0,0
111901128,0,0,0
111901129,0,0,0
111901130,0,0,0
111901131,0,70,-70
111901132,4,6,-2
111901133,0,0,0
111901134,0,0,0
111901135,0,0,0
111901138,0,0,0
111901139,0,0,0
111901140,0,0,0
111901141,0,0,0
111901142,0,0,0
111901143,0,0,0
111901144,0,0,0
111901145,0,0,0
111901146,0,0,0
111901147,8,0,8
111901148,0,0,0
111901149,0,0,0
111901150,0,0,0
111901151,0,0,0
111901152,0,0,0
112000001,1202,581,621
112000002,73,150,-77
112000003,609,213,396
112000004,36,77,-41
112000005,2145,1454,691
112000006,86,43,43
112000007,1356,1051,305
112000008,1279,1832,-553
112000009,1378,313,1065
112000010,774,2337,-1563
112000011,534,220,314
112000012,1581,3700,-2119
112000013,475,318,157
112000014,134,2496,-2362
112000015,235,710,-475
112000016,309,1158,-849
112000017,128,509,-381
112000024,66,82,-16
112000026,210,337,-127
112000027,254,500,-246
112000028,237,83,154
112000029,78,407,-329
112000030,2,2,0
112000031,230,1529,-1299
112000032,5,1,4
112000033,282,1242,-960
112000034,1,0,1
112000035,1,8,-7
112000036,30,669,-639
112000037,40,83,-43
112000038,77,475,-398
112000039,68,22,46
112000040,10,15,-5
112000041,73,153,-80
112000042,252,33,219
112000050,519,470,49
112000051,626,630,-4
112000054,265,412,-147
112000057,9,3,6
112000058,4,187,-183
112000059,84,114,-30
112000061,292,150,142
112000062,76,432,-356
112000063,130,267,-137
112000064,488,331,157
112000065,328,59,269
112000066,615,634,-19
112000067,40,41,-1
112000068,878,755,123
112000069,10,123,-113
112000070,207,237,-30
112000071,200,73,127
112000072,733,172,561
112000073,105,147,-42
112000074,403,185,218
112000075,539,343,196
112000076,776,202,574
112000077,463,116,347
112000078,514,123,391
112000079,879,342,537
112000080,220,202,18
112000081,172,335,-163
112000082,346,424,-78
112000083,158,227,-69
112000084,348,240,108
112000085,615,116,499
112000086,1333,291,1042
112000087,176,49,127
112000088,310,93,217
112000089,49,41,8
112000090,38,63,-25
112000091,104,74,30
112000092,840,119,721
112000093,198,63,135
112000094,510,64,446
112000095,369,44,325
112000096,497,72,425
112000097,762,194,568
112000098,31,15,16
112000099,163,934,-771
112000100,898,100,798
112000101,12,42,-30
112000102,456,43,413
112000103,57,39,18
112000105,44,45,-1
112000106,979,40,939
112000107,32,8,24
112000108,202,105,97
112000109,82,54,28
112000110,458,168,290
112000111,35,89,-54
112000112,582,39,543
112000113,68,57,11
112000114,722,238,484
112000115,102,9,93
112000116,50,24,26
112000117,37,20,17
112000118,125,41,84
112000119,43,92,-49
112000120,0,0,0
112000121,31,31,0
112000122,159,14,145
112000123,300,30,270
112000124,180,12,168
112000125,131,44,87
112000126,220,60,160
112000127,405,572,-167
112000128,25,317,-292
112000129,85,10,75
112000130,21,7,14
112000131,51,14,37
112000132,3,3,0
112000133,143,7,136
112000134,118,19,99
112000135,389,73,316
112000136,133,212,-79
112000137,444,154,290
112000138,94,138,-44
112000139,46,160,-114
112000140,32,80,-48
112000141,268,44,224
112000142,8,36,-28
112000143,586,13,573
112000144,32,53,-21
112000145,1107,88,1019
112000146,64,54,10
112000147,1065,308,757
112000148,115,62,53
112000149,138,55,83
112000150,2,28,-26
112000151,132,19,113
112000152,39,1,38
112000153,11,13,-2
112000154,60,0,60
112000155,10,8,2
112000157,80,190,-110
112000158,76,36,40
112000159,79,32,47
112000167,3,4,-1
112000169,121,452,-331
112000173,183,3,180
112000175,135,72,63
112000176,179,127,52
112000177,70,22,48
112000178,39,33,6
112000179,89,1,88
112000180,26,15,11
112000181,257,71,186
112000182,619,52,567
112000183,47,37,10
112000184,144,43,101
112000185,42,0,42
112000187,778,214,564
112000195,33,0,33
112000196,2,0,2
112000197,0,1,-1
112000198,1,3,-2
112000199,1,13,-12
112000202,182,3,179
112000216,12,0,12
112000230,12,0,12
112000231,0,0,0
112000256,39,48,-9
112000313,14,7,7
112000314,0,1,-1
112000337,21,89,-68
112000352,0,14,-14
112000392,492,496,-4
112000398,588,242,346
112000399,334,2331,-1997
112000400,308,441,-133
112000401,308,353,-45
112000402,1172,2513,-1341
112000403,280,1897,-1617
112000404,311,602,-291
112000405,1324,1254,70
112000406,587,549,38
112000407,2633,1807,826
112000408,858,664,194
112000409,242,533,-291
112000410,0,0,0
112000411,82,23,59
112000412,0,0,0
112000413,21,279,-258
112000414,111,30,81
112000415,59,2,57
112000416,1040,368,672
112000417,115,110,5
112000421,31,2,29
112000422,26,25,1
112000424,129,446,-317
112000425,20,41,-21
112000426,9,35,-26
112000427,0,0,0
112000428,40,35,5
112000429,517,630,-113
112000430,686,1241,-555
112000431,66,59,7
112000432,25,15,10
112000433,65,198,-133
112000437,52,49,3
112900001,38,0,38
112900002,87,2,85
112900003,26,0,26
112900004,23,0,23
112900005,27,0,27
112900007,44,0,44
112900008,0,0,0
112900009,28,0,28
112900010,7,0,7
112900011,0,0,0
112900012,0,0,0
112900013,0,3,-3
112900014,0,0,0
112900015,0,10,-10
112900016,0,0,0
112900017,0,3,-3
112900018,0,0,0
112900019,0,0,0
112900020,11,15,-4
112900021,0,0,0
112900022,1,0,1
112900023,1,0,1
112900024,0,0,0
112900025,1,0,1
112900026,1,0,1
112900027,0,0,0
112900028,0,0,0
112900029,50,1,49
112900030,10,0,10
112900031,0,0,0
112900032,0,0,0
112900034,0,0,0
112900035,0,0,0
112900036,0,0,0
112900037,0,0,0
112900038,1,0,1
112900039,0,0,0
112900040,0,0,0
112900041,0,44,-44
112900042,0,0,0
112900043,0,0,0
112900044,1,0,1
112900045,0,0,0
112900046,0,0,0
112900047,0,0,0
112900049,0,0,0
112900050,5,0,5
112900051,0,0,0
112900052,0,0,0
112900053,0,0,0
112900054,0,0,0
112900055,0,0,0
112900056,0,0,0
112900057,0,0,0
112900058,1,7,-6
112900059,0,0,0
112900060,0,0,0
112900061,0,0,0
112900062,0,0,0
112900063,0,0,0
112900064,0,0,0
112900065,0,0,0
112900066,2,44,-42
112900067,0,0,0
112900068,0,0,0
112900069,0,0,0
112900071,0,0,0
112900072,1,13,-12
112900073,85,31,54
112900074,0,0,0
112900075,31,2,29
112900076,0,0,0
112900078,0,0,0
112900079,0,0,0
112900080,0,0,0
112900081,7,8,-1
112900082,49,4,45
112900083,1,6,-5
112900084,0,0,0
112900086,0,0,0
112900087,20,0,20
112900088,21,1,20
112900089,112,3,109
112900090,1,0,1
112900091,0,0,0
112900092,0,0,0
112900093,0,0,0
112900095,0,0,0
112900096,52,10,42
112900097,3,0,3
112900098,2,0,2
112900099,193,3,190
112900100,6,0,6
112900101,0,0,0
112900102,0,0,0
112900103,0,0,0
112900104,0,0,0
112900105,0,0,0
112900106,5,1,4
112900107,0,0,0
112900108,1,0,1
112900109,3,0,3
112900110,0,0,0
112900111,0,0,0
112900112,0,0,0
112900113,0,0,0
112900114,0,0,0
112900115,358,2,356
112900116,5,0,5
112900117,0,0,0
112900118,0,0,0
112900119,0,0,0
112900120,0,0,0
112900121,0,0,0
112900122,0,0,0
112900123,0,0,0
112900124,0,0,0
112900125,0,0,0
112900126,0,2,-2
112900127,0,0,0
112900128,0,0,0
112900129,0,2,-2
112900130,0,0,0
112900131,0,0,0
112900132,0,0,0
112900133,0,2,-2
112900134,0,3,-3
112900135,0,0,0
112900137,0,7,-7
112900138,0,1,-1
112900139,0,0,0
112900141,103,1,102
112900142,0,0,0
112900143,0,0,0
112900144,0,0,0
112900145,0,0,0
112900146,0,0,0
112900147,0,0,0
112900148,0,0,0
112900149,0,0,0
112900151,0,0,0
112900152,85,10,75
112900153,1,41,-40
112900154,0,0,0
112900155,5,0,5
112900156,2,0,2
112900157,157,1,156
112900158,0,0,0
112900159,0,0,0
112900160,0,0,0
112900161,0,0,0
112900162,0,0,0
112900163,0,0,0
112900164,0,0,0
112900165,0,0,0
112900166,0,0,0
112900167,0,0,0
112900168,0,0,0
112900169,0,0,0
112900170,0,0,0
112900172,0,0,0
112900173,0,0,0
112900174,0,0,0
112900175,0,0,0
112900176,0,0,0
112900177,0,0,0
112900178,0,0,0
112900179,0,23,-23
112900180,138,13,125
112900181,0,0,0
112900182,0,0,0
112900183,0,0,0
112900184,21,11,10
112900185,0,5,-5
112900186,28,38,-10
112900187,0,0,0
112900188,17,42,-25
112900189,0,0,0
112900190,0,0,0
112900192,73,30,43
112900193,23,5,18
112900194,0,0,0
112900195,49,1,48
112900196,34,1,33
112900197,1,9,-8
112900199,28,0,28
112900200,1,0,1
112900201,10,0,10
112900202,1,1,0
112900203,0,0,0
112900204,2,13,-11
112900205,0,0,0
112900206,2,0,2
112900207,15,0,15
112900208,0,0,0
112900209,0,0,0
112900210,1,0,1
112900211,1,0,1
112900212,0,0,0
112900213,0,0,0
112900214,0,0,0
112900215,0,0,0
112900216,0,0,0
112900217,0,0,0
112900218,50,1,49
112900219,0,0,0
112900220,3,0,3
112900221,3,1,2
112900222,0,0,0
112900223,93,1,92
112900224,49,0,49
112900225,0,0,0
112900226,0,0,0
112900227,163,14,149
112900228,4,0,4
112900229,0,0,0
112900230,140,81,59
112900232,0,0,0
112900233,0,0,0
112900234,0,0,0
112900235,0,0,0
112900236,0,0,0
112900237,72,0,72
112900238,0,0,0
112900239,0,0,0
112900240,0,0,0
112900241,0,0,0
112900242,0,0,0
112900243,0,0,0
112900244,0,0,0
112900245,0,0,0
112900246,0,0,0
112900247,0,0,0
112900248,1,0,1
112900249,7,0,7
112900250,0,0,0
112900251,0,0,0
112900252,9,1,8
112900253,0,0,0
112900254,0,0,0
112900255,0,0,0
112900256,3,1,2
112900257,0,0,0
112900258,0,0,0
113000001,885,1055,-170
113000002,1088,1269,-181
113000003,274,473,-199
113000004,250,490,-240
113000005,197,260,-63
113000006,139,589,-450
113000007,301,187,114
113000008,164,573,-409
113000009,239,175,64
113000010,274,239,35
113000011,191,91,100
113000012,457,92,365
113000013,35,93,-58
113000014,177,265,-88
113000015,25,43,-18
113000016,2,41,-39
113000017,1,14,-13
113000018,34,3,31
113000019,0,0,0
113000020,199,27,172
113000021,355,58,297
113000022,160,198,-38
113000025,13,18,-5
113000026,102,141,-39
113000027,58,158,-100
113000028,3,84,-81
113000029,114,315,-201
113000030,1,0,1
113000031,1,1,0
113000032,27,48,-21
113000033,70,68,2
113000034,1,0,1
113000035,0,0,0
113000036,2,3,-1
113000037,0,0,0
113000038,14,7,7
113000039,0,8,-8
113000040,0,1,-1
113000042,113,197,-84
113000051,226,743,-517
113000052,205,79,126
113000053,87,54,33
113000054,34,310,-276
113000055,463,78,385
113000056,425,100,325
113000058,84,171,-87
113000059,232,80,152
113000060,85,135,-50
113000061,81,121,-40
113000062,78,29,49
113000063,66,20,46
113000064,48,40,8
113000065,108,54,54
113000066,303,63,240
113000067,585,114,471
113000068,212,132,80
113000069,110,124,-14
113000070,600,78,522
113000071,66,43,23
113000072,214,37,177
113000073,58,147,-89
113000074,157,70,87
113000075,420,126,294
113000076,64,559,-495
113000077,65,163,-98
113000078,89,205,-116
113000079,14,66,-52
113000080,80,63,17
113000081,162,164,-2
113000082,153,28,125
113000083,113,252,-139
113000084,317,175,142
113000085,381,182,199
113000086,197,172,25
113000087,241,537,-296
113000088,148,111,37
113000089,239,579,-340
113000090,29,194,-165
113000091,19,0,19
113000094,329,116,213
113000095,70,12,58
113000096,48,10,38
113000097,105,68,37
113000098,4,3,1
113000099,288,49,239
113000100,29,8,21
113000101,4,4,0
113000102,49,76,-27
113000103,395,97,298
113000104,284,555,-271
113000105,299,67,232
113000106,117,50,67
113000107,427,291,136
113000108,437,218,219
113000109,45,330,-285
113000110,332,210,122
113000111,30,79,-49
113000112,66,175,-109
113000113,326,226,100
113000114,3,160,-157
113000116,15,19,-4
113000117,50,8,42
113000118,7,133,-126
113000119,105,22,83
113000120,45,169,-124
113000121,57,49,8
113000124,101,73,28
113000125,1,333,-332
113000127,92,16,76
113000128,66,99,-33
113000129,0,0,0
113000133,182,1,181
113000134,7,379,-372
113000135,1185,1301,-116
113000137,243,702,-459
113000139,29,18,11
113000140,6,0,6
113000141,10,47,-37
113000142,32,62,-30
113000143,75,92,-17
113000144,8,17,-9
113000145,55,8,47
113000146,0,0,0
113000147,0,1,-1
113000148,104,10,94
113000149,101,69,32
113000150,1,0,1
113000151,1,0,1
113000152,10,55,-45
113000153,87,74,13
113000154,40,276,-236
113000155,60,183,-123
113000156,47,28,19
113000157,25,54,-29
113000158,77,14,63
113000159,166,9,157
113000160,113,61,52
113000161,119,41,78
113000162,0,0,0
113000163,24,4,20
113000164,0,0,0
113000166,126,3,123
113000167,0,0,0
113000168,0,0,0
113000169,107,1,106
113000170,65,24,41
113000171,0,0,0
113000172,95,2,93
113000173,57,7,50
113000174,0,0,0
113000175,195,4,191
113000176,157,14,143
113000177,0,0,0
113000178,0,0,0
113000179,135,10,125
113000180,276,549,-273
113000181,467,440,27
113000182,5,32,-27
113000183,44,231,-187
113000184,0,0,0
113000189,10,87,-77
113000190,23,31,-8
113000192,218,784,-566
113000193,445,703,-258
113000194,128,478,-350
113000195,126,524,-398
113000196,91,138,-47
113000197,301,554,-253
113000198,9,103,-94
113000199,233,31,202
113000201,5,54,-49
113000202,489,122,367
113000203,24,2,22
113000204,63,772,-709
113000205,0,0,0
113000206,0,9,-9
113000207,0,0,0
113000208,1,5,-4
113000209,0,0,0
113000210,0,0,0
113000211,11,39,-28
113000212,1,2,-1
113000213,17,8,9
113000214,0,0,0
113000234,2,45,-43
113000410,0,17,-17
113000411,344,645,-301
113000412,620,345,275
113000413,216,499,-283
113000414,430,2483,-2053
113000415,253,282,-29
113000416,290,299,-9
113000417,66,261,-195
113000418,910,967,-57
113000419,300,610,-310
113000420,684,1236,-552
113000421,1355,2017,-662
113000422,854,1773,-919
113000423,130,940,-810
113000424,441,1809,-1368
113000425,2,27,-25
113000428,0,2,-2
113000430,0,0,0
113000432,552,74,478
113000433,15,101,-86
113000434,0,0,0
113000435,0,0,0
113000436,0,8,-8
113000437,384,0,384
113000438,13,2,11
113000439,0,0,0
113000440,22,6,16
113000441,116,50,66
113000442,0,0,0
113000443,45,11,34
113000444,0,0,0
113000445,23,16,7
113000446,0,0,0
113000448,0,0,0
113000449,5,300,-295
113000450,9,531,-522
113000451,0,0,0
113000452,30,142,-112
113000453,0,0,0
113000454,29,46,-17
113000455,0,0,0
113000456,61,37,24
113000468,98,3,95
113000469,0,16,-16
113000470,56,24,32
113000471,9,79,-70
113000472,6,19,-13
113000474,574,454,120
113000475,269,483,-214
113000476,564,845,-281
113000477,1542,640,902
113000478,1002,979,23
113000479,2,10,-8
113000485,0,0,0
113000486,0,0,0
113000487,0,0,0
113000489,0,0,0
113000490,0,0,0
113000491,0,0,0
113000492,0,0,0
113000493,0,0,0
113000495,0,0,0
113000496,25,38,-13
113900001,0,0,0
113900002,0,0,0
113900003,0,0,0
113900004,0,0,0
113900005,0,0,0
113900006,0,0,0
113900007,0,0,0
113900008,0,0,0
113900009,0,0,0
113900010,0,0,0
113900011,0,0,0
113900012,0,0,0
113900013,0,0,0
113900014,85,3,82
113900015,0,0,0
113900016,0,0,0
113900017,0,0,0
113900018,0,0,0
113900019,0,0,0
113900020,57,0,57
113900022,0,0,0
113900023,0,0,0
113900024,0,0,0
113900025,32,5,27
113900026,0,0,0
113900027,0,0,0
113900028,0,0,0
113900029,0,0,0
113900030,37,1,36
113900031,1,0,1
113900032,0,0,0
113900033,0,0,0
113900035,0,0,0
113900036,0,0,0
113900037,0,0,0
113900038,0,0,0
113900039,63,1,62
113900040,0,0,0
113900041,0,0,0
113900042,0,0,0
113900043,0,0,0
113900044,5,12,-7
113900045,0,0,0
113900046,0,0,0
113900047,0,0,0
113900048,0,0,0
113900049,0,0,0
113900050,3,2,1
113900051,0,0,0
113900052,1,5,-4
113900053,51,58,-7
113900054,0,0,0
113900055,0,0,0
113900056,0,0,0
113900057,0,0,0
113900058,0,0,0
113900059,0,0,0
113900060,0,0,0
113900061,20,6,14
113900062,0,0,0
113900063,0,0,0
113900064,0,0,0
113900065,94,0,94
113900066,0,0,0
113900067,13,0,13
113900068,53,82,-29
113900069,0,0,0
113900070,0,0,0
113900071,0,0,0
113900072,0,0,0
113900073,51,70,-19
113900074,38,6,32
113900075,60,170,-110
113900076,0,0,0
113900077,0,0,0
113900078,0,0,0
113900079,0,0,0
113900080,3,2,1
113900081,0,0,0
113900082,0,0,0
113900083,19,6,13
113900084,7,3,4
113900085,0,0,0
113900086,0,0,0
113900087,0,0,0
113900088,0,0,0
113900089,135,4,131
113900090,8,4,4
113900091,0,0,0
113900092,0,0,0
113900093,0,0,0
113900094,5,9,-4
113900095,1,11,-10
113900096,0,0,0
113900097,0,0,0
113900098,190,3,187
113900099,0,0,0
113900100,0,0,0
113900101,0,0,0
113900102,0,0,0
113900103,0,28,-28
113900104,18,31,-13
113900105,0,0,0
113900106,0,0,0
113900107,0,0,0
113900108,0,0,0
113900109,0,0,0
113900110,0,0,0
113900111,0,0,0
113900112,12,0,12
113900113,3,4,-1
113900114,0,0,0
113900115,0,0,0
113900116,0,0,0
113900117,0,0,0
113900118,0,12,-12
113900119,2,29,-27
113900120,0,0,0
113900121,0,0,0
113900122,7,664,-657
113900123,2,0,2
113900124,0,0,0
113900125,16,0,16
113900126,0,0,0
113900127,0,0,0
113900128,0,0,0
113900129,0,31,-31
113900130,0,0,0
113900131,0,0,0
113900132,0,0,0
113900133,0,0,0
113900135,4,0,4
113900136,0,0,0
113900137,1,0,1
113900138,0,0,0
113900139,0,0,0
113900140,9,36,-27
113900141,0,0,0
113900142,0,0,0
113900143,0,0,0
113900144,13,5,8
113900145,0,0,0
113900146,0,0,0
113900148,0,0,0
113900149,0,0,0
113900150,6,5,1
113900151,0,0,0
113900152,0,2,-2
113900153,0,0,0
113900154,0,0,0
113900155,0,0,0
113900156,0,0,0
113900157,0,4,-4
113900158,0,0,0
113900159,0,0,0
113900160,0,0,0
113900161,1,0,1
113900162,1,15,-14
113900163,0,0,0
113900164,1,0,1
113900165,0,0,0
113900166,0,2,-2
113900167,0,0,0
113900168,0,0,0
113900169,0,0,0
113900171,0,0,0
113900172,0,0,0
113900173,0,6,-6
113900174,0,0,0
113900175,54,5,49
113900176,0,0,0
113900177,8,1,7
113900178,0,0,0
113900179,0,22,-22
113900180,8,1,7
113900181,74,1,73
113900182,0,0,0
113900183,0,3,-3
113900184,0,16,-16
113900185,0,2,-2
113900186,0,0,0
113900187,0,10,-10
113900188,0,0,0
113900189,0,0,0
113900190,0,0,0
113900191,0,0,0
113900192,0,0,0
113900193,0,1,-1
113900194,5,3,2
113900195,0,0,0
113900196,0,0,0
113900197,1,0,1
113900198,0,0,0
113900199,0,0,0
113900200,0,0,0
113900201,0,0,0
113900202,0,0,0
113900203,0,0,0
113900204,0,2,-2
113900205,0,0,0
113900206,0,0,0
113900207,0,0,0
113900208,0,0,0
113900209,0,0,0
113900210,0,0,0
113900211,0,0,0
113900212,71,1,70
113900214,2,0,2
113900215,83,1,82
113900216,0,0,0
113900217,0,0,0
113900218,0,0,0
113900219,0,0,0
113900220,0,0,0
113900221,0,14,-14
113900222,0,0,0
113900223,0,0,0
113900224,0,0,0
113900225,9,3,6
113900226,8,6,2
113900227,4,1,3
113900228,0,0,0
113900229,0,16,-16
113900230,87,2,85
113900231,0,0,0
113900232,0,0,0
113900233,0,0,0
113900234,0,0,0
113900235,0,0,0
113900236,49,6,43
113900237,0,0,0
113900238,1,17,-16
113900239,0,0,0
113900240,0,0,0
113900241,0,0,0
113900242,0,0,0
113900243,0,11,-11
113900244,1,0,1
113900245,1,3,-2
113900246,0,3,-3
113900247,12,96,-84
113900248,0,0,0
113900249,16,25,-9
113900250,0,43,-43
113900251,152,4,148
113900252,111,4,107
113900253,87,3,84
113900254,57,24,33
113900255,240,1,239
113900256,135,1,134
113900257,0,23,-23
113900258,0,20,-20
113900259,107,1,106
113900260,128,0,128
113900261,3,4,-1
113900262,29,1,28
113900263,0,1,-1
113900264,0,0,0
113900265,0,0,0
113900266,5,0,5
113900267,0,0,0
113900268,1,54,-53
113900269,0,0,0
113900270,0,0,0
113900271,0,0,0
113900273,0,0,0
113900274,7,0,7
113900275,0,0,0
113900276,3,0,3
113900277,43,0,43
113900278,0,0,0
113900279,0,0,0
113900280,6,9,-3
113900281,0,59,-59
113900282,0,0,0
113900283,0,0,0
113900284,229,94,135
113900285,1,0,1
113900286,0,0,0
113900287,0,0,0
113900288,0,0,0
113900289,0,0,0
113900290,0,0,0
113900291,0,0,0
113900292,0,0,0
113900293,0,0,0
113900294,158,0,158
113900295,13,45,-32
113900296,53,22,31
113900297,129,0,129
113900298,0,0,0
113900299,0,0,0
113900300,230,15,215
113900301,35,0,35
113900302,28,4,24
113900303,0,0,0
113900304,0,0,0
113900305,32,0,32
113900306,1,0,1
113900307,0,0,0
113900308,0,0,0
113900309,0,0,0
113900310,0,0,0
113900311,3,1,2
113900312,0,0,0
113900313,0,0,0
113900314,0,0,0
113900315,0,0,0
114000001,271,203,68
114000002,43,60,-17
114000003,6,34,-28
114000004,46,24,22
114000005,32,7,25
114000006,297,273,24
114000007,180,94,86
114000008,160,183,-23
114000009,147,131,16
114000011,1051,221,830
114000012,1226,127,1099
114000013,723,195,528
114000014,80,26,54
114000015,235,12,223
114000016,3,45,-42
114000017,5,108,-103
114000018,3,18,-15
114000026,877,281,596
114000027,1065,551,514
114000028,492,1034,-542
114000038,32,1,31
114000039,0,0,0
114000040,70,76,-6
114000042,18,49,-31
114000043,117,29,88
114000044,96,32,64
114000045,29,10,19
114000046,344,456,-112
114000047,19,48,-29
114000048,23,46,-23
114000049,397,278,119
114000050,286,246,40
114000051,552,625,-73
114000052,543,800,-257
114000053,92,105,-13
114000054,30,242,-212
114000055,6,5,1
114000056,0,59,-59
114000057,398,399,-1
114000058,4,41,-37
114000059,0,21,-21
114000060,38,155,-117
114000061,423,916,-493
114000062,52,335,-283
114000063,112,113,-1
114000064,165,274,-109
114000065,143,253,-110
114000066,223,325,-102
114000067,14,190,-176
114000068,54,103,-49
114000069,124,48,76
114000070,610,473,137
114000071,55,11,44
114000072,82,9,73
114000073,26,21,5
114000074,2,3,-1
114000075,32,9,23
114000076,15,7,8
114000077,0,4,-4
114000078,5,21,-16
114000079,13,1,12
114000080,13,29,-16
114000081,31,75,-44
114000082,25,64,-39
114000083,0,0,0
114000084,53,44,9
114000085,14,21,-7
114000086,7,14,-7
114000087,0,0,0
114000088,30,1,29
114000089,46,22,24
114000090,197,349,-152
114000091,229,227,2
114000092,130,58,72
114000093,298,115,183
114000094,195,99,96
114000095,27,163,-136
114000096,33,44,-11
114000097,11,43,-32
114000098,236,67,169
114000099,232,27,205
114000100,1133,44,1089
114000101,133,39,94
114000102,122,70,52
114000103,89,60,29
114000104,0,16,-16
114000105,3,10,-7
114000106,74,208,-134
114000107,90,14,76
114000108,37,35,2
114000109,393,609,-216
114000110,6,20,-14
114000111,807,257,550
114000112,1,17,-16
114000113,833,55,778
114000114,10,19,-9
114000115,953,225,728
114000116,610,1472,-862
114000117,1559,147,1412
114000118,1362,98,1264
114000119,1348,188,1160
114000120,153,120,33
114000121,0,0,0
114000122,78,23,55
114000123,698,130,568
114000124,308,53,255
114000125,246,297,-51
114000126,563,44,519
114000127,21,14,7
114000128,193,38,155
114000130,144,154,-10
114000131,44,23,21
114000132,98,27,71
114000133,71,61,10
114000134,0,0,0
114000138,0,0,0
114000139,103,139,-36
114000144,164,162,2
114000145,0,0,0
114000146,0,0,0
114000147,511,837,-326
114000148,209,269,-60
114000149,28,60,-32
114000150,13,57,-44
114000151,93,824,-731
114000152,0,0,0
114000153,58,300,-242
114000154,114,55,59
114000155,390,628,-238
114000156,194,264,-70
114000157,67,347,-280
114000158,26,56,-30
114000159,51,13,38
114000160,7,28,-21
114000161,197,517,-320
114000162,637,910,-273
114000163,0,0,0
114000165,72,199,-127
114000166,71,49,22
114000167,561,262,299
114000168,36,0,36
114000169,292,413,-121
114000170,465,206,259
114000171,649,2541,-1892
114000174,18,2,16
114000176,5,0,5
114000177,20,8,12
114000178,44,20,24
114000179,348,309,39
114000180,6,1,5
114000181,228,1443,-1215
114000182,148,324,-176
114000183,57,47,10
114000184,99,53,46
114000185,474,333,141
114000189,634,23,611
114000190,1565,278,1287
114000191,23,87,-64
114000192,0,1,-1
114000193,0,0,0
114000194,478,277,201
114000195,164,39,125
114000196,0,0,0
114000197,956,2,954
114000198,0,0,0
114000199,0,23,-23
114000200,103,42,61
114000201,23,48,-25
114000202,342,224,118
114000203,195,175,20
114000204,0,0,0
114000205,3,104,-101
114000206,41,95,-54
114000207,76,53,23
114000208,51,18,33
114000209,21,70,-49
114000210,2,140,-138
114000211,1003,349,654
114000212,282,318,-36
114000213,943,310,633
114000214,7,0,7
114000215,21,1,20
114000216,351,100,251
114000217,222,61,161
114000218,46,3,43
114000219,305,22,283
114000220,0,7,-7
114000221,407,28,379
114000222,15,70,-55
114000223,352,33,319
114000224,12,83,-71
114000225,72,40,32
114000226,137,19,118
114000227,610,215,395
114000228,454,98,356
114000229,405,205,200
114000230,895,209,686
114000231,439,204,235
114000232,439,103,336
114000233,982,7,975
114000234,664,324,340
114000235,436,187,249
114000236,0,0,0
114000237,41,74,-33
114000238,77,170,-93
114000239,42,141,-99
114000240,374,250,124
114000241,83,81,2
114000242,99,63,36
114000243,951,395,556
114000244,323,74,249
114000245,51,67,-16
114000246,0,0,0
114000247,382,199,183
114000248,636,251,385
114000249,617,131,486
114000250,274,32,242
114000251,142,13,129
114000252,0,1,-1
114000253,12,20,-8
114000254,0,0,0
114000255,8,71,-63
114000256,68,149,-81
114000257,68,167,-99
114000258,75,22,53
114000259,0,5,-5
114000260,0,0,0
114000261,25,12,13
114000262,0,0,0
114000263,7,1,6
114000264,151,28,123
114000265,0,0,0
114000267,0,309,-309
114000268,0,0,0
114000270,88,9,79
114000271,59,59,0
114000283,491,66,425
114000285,0,0,0
114000288,8,11,-3
114000289,163,18,145
114000293,62,16,46
114000294,70,193,-123
114000395,400,3,397
114000396,155,79,76
114000402,279,97,182
114000403,152,47,105
114000405,123,30,93
114000423,148,28,120
114000424,191,114,77
114000425,304,73,231
114000426,137,281,-144
114000427,45,1,44
114000428,24,30,-6
114000429,23,9,14
114000432,46,3,43
114000434,10,3,7
114000435,0,0,0
114900001,160,40,120
114900002,43,2,41
114900003,151,30,121
114900004,28,39,-11
114900005,64,19,45
114900006,0,9,-9
114900007,13,0,13
114900008,34,15,19
114900010,38,59,-21
114900011,63,1,62
114900013,3,18,-15
114900018,41,1,40
114900020,8,2,6
114900022,2,39,-37
114900025,115,6,109
114900026,39,5,34
114900029,8,0,8
114900030,82,4,78
114900031,71,0,71
114900032,65,0,65
114900034,0,0,0
114900035,0,9,-9
114900036,159,35,124
114900039,0,0,0
114900040,0,0,0
114900041,0,0,0
114900042,0,0,0
114900044,4,1,3
114900047,0,0,0
114900048,0,0,0
114900049,0,0,0
114900050,0,0,0
114900051,0,0,0
114900052,0,0,0
114900053,0,0,0
114900054,0,0,0
114900057,31,0,31
114900058,0,0,0
114900059,13,1,12
114900063,0,0,0
114900064,0,0,0
114900065,0,0,0
114900067,0,0,0
114900068,0,0,0
114900069,0,0,0
114900070,80,22,58
114900072,0,0,0
114900073,0,0,0
114900074,119,8,111
114900075,47,0,47
114900076,0,0,0
114900080,50,40,10
114900082,336,1,335
114900083,0,0,0
114900090,30,27,3
114900091,0,0,0
114900097,18,0,18
114900098,0,0,0
114900099,5,0,5
115000001,500,362,138
115000002,1337,2177,-840
115000003,413,153,260
115000004,1523,2515,-992
115000005,123,66,57
115000006,455,487,-32
115000007,73,193,-120
115000008,100,58,42
115000009,222,252,-30
115000010,64,85,-21
115000013,0,0,0
115000015,0,0,0
115000016,2,249,-247
115000019,56,82,-26
115000020,23,91,-68
115000021,0,23,-23
115000022,1,2,-1
115000023,198,295,-97
115000024,0,1,-1
115000025,302,132,170
115000026,0,0,0
115000027,192,54,138
115000028,0,0,0
115000029,509,17,492
115000030,0,14,-14
115000031,207,18,189
115000032,0,0,0
115000033,62,0,62
115000034,0,0,0
115000035,363,3,360
115000036,0,0,0
115000037,171,11,160
115000038,26,328,-302
115000039,652,856,-204
115000040,756,412,344
115000041,321,1352,-1031
115000042,221,75,146
115000043,945,610,335
115000044,393,209,184
115000045,496,144,352
115000046,1313,547,766
115000047,1431,293,1138
115000048,327,294,33
115000049,190,522,-332
115000050,1273,326,947
115000051,531,1606,-1075
115000052,260,330,-70
115000053,742,1622,-880
115000054,103,94,9
115000055,6,92,-86
115000056,43,69,-26
115000057,59,212,-153
115000058,21,62,-41
115000059,20,136,-116
115000061,53,40,13
115000062,15,6,9
115000063,11,10,1
115000064,167,9,158
115000065,0,10,-10
115000067,75,6,69
115000069,1,3,-2
115000070,0,47,-47
115000071,20,6,14
115000072,0,0,0
115000073,367,97,270
115000075,59,12,47
115000076,488,271,217
115000077,543,258,285
115000078,526,248,278
115000079,371,211,160
115000080,993,277,716
115000081,27,11,16
115000082,1514,1256,258
115000083,606,172,434
115000084,1551,147,1404
115000085,172,91,81
115000086,580,58,522
115000087,117,399,-282
115000088,562,172,390
115000089,77,77,0
115000090,124,88,36
115000091,155,142,13
115000092,373,184,189
115000093,325,23,302
115000094,1370,2416,-1046
115000095,569,1746,-1177
115000096,344,184,160
115000097,535,572,-37
115000098,691,47,644
115000099,1068,285,783
115000100,798,160,638
115000101,5,47,-42
115000102,234,116,118
115000103,107,81,26
115000105,55,10,45
115000106,229,153,76
115000107,16,10,6
115000108,168,212,-44
115000109,816,1723,-907
115000110,456,406,50
115000111,67,243,-176
115000112,142,63,79
115000113,123,196,-73
115000114,138,61,77
115000116,240,258,-18
115000117,253,196,57
115000118,373,587,-214
115000119,368,201,167
115000120,80,762,-682
115000121,121,133,-12
115000122,151,166,-15
115000123,106,1081,-975
115000124,87,171,-84
115000125,102,467,-365
115000126,30,155,-125
115000127,53,19,34
115000128,51,200,-149
115000129,29,60,-31
115000130,124,23,101
115000131,171,46,125
115000132,73,28,45
115000133,184,9,175
115000134,116,8,108
115000135,33,8,25
115000136,39,47,-8
115000137,1,6,-5
115000138,196,42,154
115000139,3,27,-24
115000140,198,45,153
115000141,28,6,22
115000142,23,7,16
115000143,550,263,287
115000144,150,6,144
115000145,38,9,29
115000146,181,90,91
115000147,49,37,12
115000148,78,117,-39
115000149,105,164,-59
115000150,107,28,79
115000151,369,129,240
115000152,147,104,43
115000153,327,164,163
115000154,234,95,139
115000155,52,69,-17
115000156,112,424,-312
115000157,41,69,-28
115000158,3,128,-125
115000159,39,63,-24
115000160,87,66,21
115000161,50,118,-68
115000162,466,425,41
115000163,123,43,80
115000164,13,90,-77
115000165,116,272,-156
115000167,126,10,116
115000168,92,145,-53
115000169,2,14,-12
115000170,2,0,2
115000171,143,207,-64
115000172,16,10,6
115000173,57,80,-23
115000174,5,146,-141
115000175,2,1,1
115000176,1,32,-31
115000177,0,11,-11
115000178,0,2,-2
115000179,5,18,-13
115000180,0,36,-36
115000181,317,8,309
115000182,465,25,440
115000183,5,14,-9
115000186,164,3,161
115000187,59,18,41
115000188,161,49,112
115000189,30,4,26
115000190,138,37,101
115000191,2,7,-5
115000194,0,0,0
115000195,46,50,-4
115000196,67,20,47
115000197,70,38,32
115000198,272,28,244
115000199,66,69,-3
115000200,85,27,58
115000201,51,14,37
115000206,251,7,244
115000207,0,0,0
115000208,2,7,-5
115000209,269,78,191
115000210,54,19,35
115000211,16,28,-12
115000212,100,11,89
115000224,26,1,25
115000225,16,13,3
115000229,22,4,18
115000230,9,20,-11
115000231,234,108,126
115000232,1077,115,962
115000233,12,24,-12
115000234,1,5,-4
115000241,10,4,6
115000242,23,10,13
115000243,5,1,4
115000244,9,1,8
115000246,0,0,0
115000247,0,0,0
115000248,2,0,2
115000249,0,1,-1
115000250,96,2,94
115000251,79,7,72
115000252,15,27,-12
115000253,1,91,-90
115000258,116,13,103
115000259,22,0,22
115000261,20,2,18
115000262,0,1,-1
115000263,2,8,-6
115000264,1,1,0
115000267,0,8,-8
115000268,0,0,0
115000269,17,1,16
115000270,1,19,-18
115000272,49,9,40
115000273,72,0,72
115000280,149,463,-314
115000281,0,0,0
115000282,66,284,-218
115000284,5,12,-7
115000296,83,0,83
115000297,15,309,-294
115000298,0,1,-1
115000300,72,1,71
115000302,364,22,342
115000303,387,9,378
115000304,253,13,240
115000305,2,48,-46
115000306,28,13,15
115000307,7,1,6
115000308,0,0,0
115000310,383,65,318
115000311,575,165,410
115000313,2,17,-15
115000314,142,55,87
115000315,4,49,-45
115000316,9,9,0
115000317,38,17,21
115000318,358,27,331
115000319,0,7,-7
115000320,0,26,-26
115000321,56,3,53
115000322,0,3,-3
115000449,5,17,-12
115000557,0,0,0
115000558,68,33,35
115000587,221,100,121
115000588,73,34,39
115000589,991,841,150
115000590,23,26,-3
115000591,287,201,86
115000592,12,22,-10
115000593,526,230,296
115000594,17,31,-14
115000609,65,85,-20
115000617,22,380,-358
115000624,48,0,48
115000633,188,118,70
115000634,1032,251,781
115000635,218,50,168
115000638,2,32,-30
115000641,0,10,-10
115000642,97,4,93
115000643,0,0,0
115000644,0,1,-1
115000646,145,241,-96
115000647,21,44,-23
115000648,797,55,742
115000893,442,377,65
115000894,0,5,-5
115000895,4,5,-1
115000896,226,237,-11
115000897,57,30,27
115000898,49,101,-52
115000899,0,34,-34
115000900,0,99,-99
115000901,0,0,0
115000912,93,46,47
115000913,0,0,0
115000915,0,0,0
115000916,0,0,0
115000917,0,17,-17
115000918,2,334,-332
115000919,0,1,-1
115000920,0,0,0
115000921,0,0,0
115000922,96,311,-215
115000923,1,24,-23
115000925,7,7,0
115000927,1,11,-10
115000933,0,33,-33
115000934,7,6,1
115000935,17,15,2
115000936,0,270,-270
115000937,54,123,-69
115000938,7,12,-5
115000939,2,17,-15
115000940,0,6,-6
115000941,0,33,-33
115000942,0,50,-50
115000943,0,0,0
115000944,0,0,0
115900001,73,0,73
115900002,0,0,0
115900003,15,2,13
115900004,0,0,0
115900005,14,2,12
115900006,0,0,0
115900008,19,0,19
115900009,0,1,-1
115900010,137,4,133
115900011,63,1,62
115900012,26,0,26
115900013,65,8,57
115900014,19,0,19
115900015,31,0,31
115900016,21,1,20
115900017,3,10,-7
115900018,3,0,3
115900019,0,0,0
115900020,34,13,21
115900021,35,0,35
115900022,21,0,21
115900023,5,1,4
115900025,0,1,-1
115900026,64,20,44
115900027,0,0,0
115900028,16,1,15
115900029,30,22,8
115900030,0,0,0
115900031,0,6,-6
115900032,6,25,-19
115900033,0,0,0
115900034,0,21,-21
115900035,0,0,0
115900036,1,149,-148
115900037,1,0,1
115900038,0,0,0
115900039,6,6,0
115900041,8,53,-45
115900042,1,0,1
115900043,7,1,6
115900044,44,58,-14
115900046,101,2,99
115900047,3,26,-23
115900049,20,6,14
115900051,0,0,0
115900052,0,0,0
115900053,43,0,43
115900054,43,0,43
115900055,0,0,0
115900056,25,3,22
115900057,0,1,-1
115900058,0,0,0
115900060,2,16,-14
115900061,34,0,34
115900062,6,30,-24
115900063,0,0,0
115900064,0,4,-4
115900065,3,1,2
115900066,1,3,-2
115900067,0,1,-1
115900068,0,3,-3
115900069,0,0,0
115900070,6,0,6
115900071,0,0,0
115900072,1,1,0
115900073,3,21,-18
115900074,0,0,0
115900075,1,1,0
115900076,0,0,0
115900077,0,0,0
115900078,1,1,0
115900079,81,0,81
115900080,4,0,4
115900081,11,3,8
115900082,20,2,18
115900084,56,0,56
115900085,0,0,0
115900086,123,7,116
115900088,0,0,0
115900089,138,0,138
115900090,163,0,163
115900091,0,0,0
115900092,0,0,0
115900093,0,0,0
115900094,0,0,0
115900096,0,0,0
115900097,0,0,0
115900098,1,1,0
115900099,0,0,0
115900100,0,23,-23
115900101,0,0,0
115900102,7,1,6
115900103,0,0,0
115900104,2,0,2
115900105,43,0,43
115900106,0,0,0
115900107,25,0,25
115900108,0,0,0
115900109,1,51,-50
115900110,0,0,0
115900111,0,0,0
115900112,1,103,-102
115900113,0,0,0
115900114,0,0,0
115900115,0,0,0
115900116,13,110,-97
115900117,0,0,0
115900118,0,0,0
115900119,0,0,0
115900120,0,2,-2
115900121,7,6,1
115900124,49,208,-159
115900125,45,1,44
115900126,71,0,71
115900127,279,0,279
115900128,0,0,0
115900129,36,0,36
115900130,0,2,-2
115900131,85,0,85
115900132,159,0,159
115900134,38,0,38
115900135,18,53,-35
115900137,7,0,7
115900139,0,0,0
115900140,61,0,61
115900141,0,0,0
115900142,0,0,0
115900143,0,0,0
115900144,0,0,0
115900146,21,0,21
115900147,38,35,3
115900148,1,0,1
115900149,21,0,21
115900150,35,0,35
115900151,1,1,0
115900152,2,12,-10
115900153,19,0,19
115900154,6,31,-25
115900155,0,0,0
115900156,32,62,-30
115900157,51,21,30
115900158,0,0,0
115900159,16,1,15
115900160,0,0,0
115900161,0,0,0
115900163,62,3,59
115900164,165,2,163
115900166,8,0,8
115900168,0,0,0
115900171,8,42,-34
115900172,0,1,-1
115900173,46,2,44
115900174,1,1,0
115900175,25,4,21
115900178,0,1,-1
115900179,52,0,52
115900180,0,1,-1
115900181,37,4,33
115900182,189,0,189
115900183,0,0,0
115900184,45,0,45
115900187,0,3,-3
115900189,0,3,-3
115900190,0,38,-38
115900191,1,5,-4
115900192,0,13,-13
115900193,7,17,-10
115900194,134,2,132
115900195,43,374,-331
115900198,3,7,-4
115900199,27,12,15
115900200,20,4,16
115900201,52,33,19
115900202,0,8,-8
115900203,10,0,10
115900204,0,0,0
115900205,0,3,-3
115900206,0,0,0
115900207,0,0,0
115900208,11,9,2
115900209,4,19,-15
115900210,0,19,-19
115900211,0,6,-6
115900212,0,0,0
115900213,1,45,-44
115900214,76,14,62
115900215,2,10,-8
115900216,0,0,0
115900217,0,0,0
115900218,0,0,0
115900219,30,0,30
115900220,32,1,31
115900221,17,0,17
115900222,51,9,42
115900223,0,58,-58
115900224,47,118,-71
115900225,8,16,-8
115900226,0,0,0
115900227,0,0,0
115900228,0,0,0
115900229,0,11,-11
115900230,0,26,-26
115900231,0,0,0
115900232,0,0,0
115900233,0,0,0
115900234,0,0,0
115900235,0,0,0
115900236,0,0,0
115900237,0,0,0
115900238,0,0,0
115900239,0,0,0
115900240,0,0,0
115900241,0,0,0
115900242,25,104,-79
115900243,0,0,0
115900244,0,0,0
115900245,41,0,41
115900246,1,0,1
115900247,0,0,0
115900248,0,0,0
115900249,0,0,0
115900250,2,10,-8
115900251,0,7,-7
115900252,0,0,0
115900253,1,0,1
115900254,0,5,-5
115900255,0,3,-3
115900256,15,6,9
115900257,0,0,0
115900258,0,0,0
115900259,0,0,0
115900260,0,0,0
115900261,0,0,0
115900262,0,0,0
115900263,0,0,0
115900264,0,0,0
115900265,0,0,0
115900266,0,0,0
115900267,0,0,0
115900268,0,0,0
115900269,0,0,0
115900270,18,3,15
115900271,56,0,56
115900272,4,0,4
115900273,1,10,-9
115900274,0,0,0
115900275,0,0,0
115900276,0,0,0
115900277,0,0,0
115900278,0,0,0
115900279,0,0,0
115900280,16,0,16
115900281,0,0,0
115900282,0,5,-5
115900283,11,0,11
115900284,0,0,0
116000001,551,400,151
116000002,2280,7891,-5611
116000003,149,158,-9
116000004,781,3017,-2236
116000005,69,527,-458
116000006,212,680,-468
116000007,296,611,-315
116000008,1000,739,261
116000009,183,559,-376
116000010,954,634,320
116000011,338,317,21
116000012,623,236,387
116000013,508,595,-87
116000014,1149,6219,-5070
116000015,43,195,-152
116000016,416,2562,-2146
116000017,6,250,-244
116000018,46,55,-9
116000019,585,46,539
116000020,182,64,118
116000021,229,102,127
116000022,82,97,-15
116000023,129,269,-140
116000024,248,43,205
116000025,151,222,-71
116000026,395,212,183
116000027,163,416,-253
116000028,432,1408,-976
116000029,150,106,44
116000030,286,795,-509
116000031,0,0,0
116000032,118,5,113
116000033,502,198,304
116000034,1620,990,630
116000035,298,131,167
116000036,41,93,-52
116000037,18,155,-137
116000038,88,159,-71
116000039,53,28,25
116000040,119,352,-233
116000041,9,44,-35
116000042,401,410,-9
116000043,69,94,-25
116000044,9,18,-9
116000045,1478,1996,-518
116000046,348,396,-48
116000047,689,754,-65
116000048,2621,1048,1573
116000049,1534,1007,527
116000050,479,316,163
116000051,2127,915,1212
116000052,967,342,625
116000053,2283,519,1764
116000054,259,343,-84
116000055,264,137,127
116000056,1260,1209,51
116000057,344,79,265
116000058,361,534,-173
116000059,579,3816,-3237
116000060,149,263,-114
116000061,86,655,-569
116000062,93,89,4
116000063,139,787,-648
116000066,91,688,-597
116000067,6,28,-22
116000068,63,103,-40
116000069,20,22,-2
116000078,281,452,-171
116000080,297,124,173
116000082,1,26,-25
116000083,531,119,412
116000084,222,408,-186
116000085,459,249,210
116000086,131,195,-64
116000087,806,427,379
116000088,161,100,61
116000089,15,2,13
116000090,16,20,-4
116000091,6,19,-13
116000093,129,68,61
116000094,124,44,80
116000095,158,13,145
116000096,413,519,-106
116000097,177,35,142
116000098,82,1918,-1836
116000099,464,52,412
116000100,79,0,79
116000101,220,2,218
116000102,65,124,-59
116000103,232,61,171
116000104,90,75,15
116000105,519,10,509
116000106,220,36,184
116000107,701,22,679
116000108,0,14,-14
116000111,26,17,9
116000113,5,5,0
116000114,1,21,-20
116000115,196,15,181
116000116,28,20,8
116000117,815,409,406
116000118,263,84,179
116000119,1403,454,949
116000120,363,236,127
116000121,331,137,194
116000122,37,49,-12
116000123,952,96,856
116000124,80,54,26
116000125,1148,63,1085
116000126,39,36,3
116000127,95,27,68
116000128,938,108,830
116000129,206,16,190
116000130,139,101,38
116000133,266,27,239
116000134,482,144,338
116000135,1030,212,818
116000136,335,274,61
116000137,490,183,307
116000138,133,108,25
116000139,1136,1524,-388
116000140,62,75,-13
116000141,106,33,73
116000142,1044,1087,-43
116000143,958,873,85
116000144,682,584,98
116000145,1567,409,1158
116000146,157,20,137
116000147,96,111,-15
116000148,103,222,-119
116000149,202,42,160
116000151,231,191,40
116000153,120,526,-406
116000155,141,434,-293
116000156,73,87,-14
116000157,97,1,96
116000158,233,39,194
116000159,5,2,3
116000160,1,5,-4
116000161,0,52,-52
116000162,3,75,-72
116000163,2,5,-3
116000164,5,2,3
116000177,7,13,-6
116000194,32,35,-3
116000195,273,59,214
116000196,0,0,0
116000197,0,0,0
116000198,1220,865,355
116000200,47,422,-375
116000201,148,128,20
116000202,2,8,-6
116000203,0,2,-2
116000204,0,1,-1
116000205,0,3,-3
116000206,0,1,-1
116000207,0,3,-3
116000233,0,0,0
116000287,17,7,10
116000288,95,48,47
116000292,0,0,0
116000296,0,19,-19
116000297,13,0,13
116000304,24,1,23
116000305,0,4,-4
116000346,0,0,0
116000352,0,0,0
116000354,0,0,0
116000357,0,0,0
116000358,9,5,4
116000361,1,0,1
116000372,1482,2858,-1376
116000381,17,0,17
116000388,0,1,-1
116000389,55,10,45
116000445,101,16,85
116000446,538,53,485
116000447,1,18,-17
116000448,143,41,102
116000563,235,1163,-928
116000565,9,72,-63
116000568,1,65,-64
116000579,1,23,-22
116000583,0,2,-2
116000584,16,0,16
116000585,22,46,-24
116000586,5,22,-17
116000587,342,96,246
116000589,3,11,-8
116000590,23,5,18
116000591,144,24,120
116000592,0,1,-1
116000593,0,0,0
116000594,216,23,193
116000595,114,3,111
116000596,116,0,116
116000597,174,65,109
116000598,17,13,4
116000605,18,3,15
116000606,25,136,-111
116000607,0,0,0
116000609,12,219,-207
116000611,21,15,6
116000612,1126,1204,-78
116000613,352,123,229
116000614,68,8,60
116000615,0,0,0
116000616,72,6,66
116000617,62,3,59
116000618,4,0,4
116000619,5,35,-30
116000620,214,29,185
116000621,61,53,8
116000622,105,53,52
116000624,72,12,60
116000627,100,24,76
116000628,18,4,14
116000629,9,16,-7
116000630,356,1,355
116000631,148,3,145
116000632,236,2,234
116000633,42,21,21
116000634,88,0,88
116000635,1169,1526,-357
116000636,225,505,-280
116000637,51,0,51
116000638,14,86,-72
116000639,19,0,19
116000640,32,14,18
116000641,0,0,0
116000643,0,0,0
116000644,0,0,0
116000645,5,29,-24
116900001,17,12,5
116900002,26,0,26
116900003,0,0,0
116900004,87,36,51
116900005,10,3,7
116900006,16,9,7
116900007,5,5,0
116900008,56,8,48
116900009,17,2,15
116900010,120,70,50
116900011,0,0,0
116900012,1,9,-8
116900013,0,3,-3
116900014,0,0,0
116900015,142,0,142
116900016,53,1,52
116900017,2,74,-72
116900018,0,0,0
116900019,0,0,0
116900020,8,114,-106
116900023,0,0,0
116900024,102,1,101
116900025,389,40,349
116900026,0,46,-46
116900027,0,0,0
116900028,0,0,0
116900029,0,4,-4
116900031,0,0,0
116900032,0,0,0
116900033,0,0,0
116900034,0,0,0
116900035,8,22,-14
116900036,0,17,-17
116900038,0,0,0
116900041,0,3,-3
116900042,0,0,0
116900043,1,10,-9
116900047,0,9,-9
116900049,0,0,0
116900050,32,12,20
116900051,55,0,55
116900052,23,7,16
116900055,0,1,-1
116900057,0,0,0
116900058,0,9,-9
116900059,0,0,0
116900060,15,37,-22
116900062,0,1,-1
116900064,0,0,0
116900065,0,4,-4
116900067,0,9,-9
116900068,68,30,38
116900070,4,0,4
116900072,0,0,0
116900073,0,15,-15
116900074,0,1,-1
116900076,2,1,1
116900077,1,1,0
116900078,0,0,0
116900079,0,14,-14
116900080,0,0,0
116900081,40,22,18
116900082,0,129,-129
116900083,14,3,11
116900084,1,1,0
116900085,0,0,0
116900086,23,52,-29
116900088,20,1,19
116900090,1,0,1
116900091,7,0,7
116900092,1,8,-7
116900093,37,51,-14
116900094,407,662,-255
116900095,15,1,14
116900096,48,0,48
116900097,163,401,-238
116900098,4,13,-9
116900099,10,47,-37
116900100,336,8,328
116900101,26,3,23
116900103,5,0,5
116900104,0,50,-50
116900105,67,30,37
116900106,569,1,568
116900107,159,563,-404
116900110,3,0,3
116900111,376,72,304
116900112,155,71,84
116900113,149,561,-412
116900116,1,13,-12
116900117,2,3,-1
116900118,55,18,37
116900120,72,0,72
116900121,51,0,51
116900122,161,30,131
116900123,33,22,11
116900124,18,5,13
116900125,42,3,39
116900126,0,101,-101
116900128,0,0,0
116900129,0,2,-2
116900130,12,260,-248
116900131,0,0,0
116900132,1,0,1
116900133,0,0,0
116900134,0,0,0
116900136,0,0,0
116900137,0,0,0
116900138,0,0,0
116900139,0,0,0
116900140,0,0,0
116900141,0,0,0
116900142,0,0,0
116900143,0,0,0
116900144,0,0,0
116900145,0,0,0
116900147,0,0,0
116900148,0,0,0
116900149,0,4,-4
116900150,0,0,0
116900151,0,0,0
116900153,15,1,14
116900154,5,24,-19
116900155,0,0,0
116900157,81,0,81
116900158,2,1,1
116900159,1,10,-9
116900160,104,133,-29
116900161,188,15,173
116900162,0,0,0
116900163,45,0,45
116900164,7,2,5
116900165,166,42,124
116900166,1,10,-9
116900167,27,2,25
116900168,65,2,63
116900169,1,28,-27
116900170,201,28,173
116900171,0,2,-2
116900172,3,51,-48
116900173,71,4,67
116900174,0,8,-8
116900175,8,19,-11
116900178,0,0,0
116900179,1,45,-44
116900180,4,0,4
116900182,52,4,48
116900183,21,27,-6
116900185,10,15,-5
116900186,0,0,0
116900187,14,8,6
116900188,20,3,17
116900189,0,0,0
116900191,3,7,-4
116900192,100,5,95
116900194,2,164,-162
116900195,27,0,27
116900196,1,3,-2
116900197,17,0,17
116900198,0,13,-13
116900200,0,0,0
116900201,31,0,31
116900202,0,0,0
116900203,1,0,1
116900204,0,8,-8
116900206,0,0,0
116900207,0,1,-1
116900208,0,18,-18
116900209,10,0,10
116900210,12,0,12
116900211,21,0,21
116900212,0,0,0
116900213,10,7,3
116900214,0,0,0
116900215,0,2,-2
116900216,9,0,9
116900218,0,0,0
116900219,54,16,38
116900220,2,7,-5
116900221,0,0,0
116900222,200,95,105
116900223,3,1,2
116900226,40,6,34
116900227,33,3,30
116900228,40,2,38
116900230,0,5,-5
116900231,0,16,-16
116900232,0,13,-13
116900233,101,0,101
116900234,7,0,7
116900235,153,12,141
116900238,65,5,60
116900239,0,48,-48
116900240,768,214,554
116900241,0,0,0
116900242,124,270,-146
116900243,0,0,0
116900245,17,5,12
116900246,0,1,-1
116900247,209,6,203
116900248,2,1,1
116900249,86,1,85
116900250,73,3,70
116900251,7,91,-84
116900252,24,52,-28
116900254,1,0,1
116900255,0,0,0
116900256,0,0,0
116900257,0,0,0
116900258,0,0,0
116900259,33,0,33
116900260,0,0,0
116900261,22,0,22
116900262,14,0,14
116900263,1,0,1
116900264,65,7,58
116900265,0,0,0
116900266,0,0,0
116900267,0,0,0
116900268,0,0,0
116900269,212,151,61
116900271,0,0,0
116900272,54,13,41
116900273,1,3,-2
116900274,43,2,41
116900275,0,0,0
116900276,87,100,-13
116900277,17,0,17
116900278,0,0,0
116900279,2,0,2
116900280,0,0,0
116900281,375,687,-312
116900282,0,0,0
116900283,0,2,-2
116900284,0,0,0
116900285,0,14,-14
116900286,5,0,5
116900287,0,12,-12
116900288,20,1,19
116900289,1,0,1
116900290,0,0,0
116900291,0,0,0
116900292,0,0,0
116900293,0,0,0
116900294,0,0,0
116900295,0,0,0
116900296,0,0,0
116900297,0,0,0
116900298,0,0,0
116900299,0,0,0
116900300,0,0,0
116900301,0,0,0
116900302,0,0,0
116900303,3,0,3
116900304,0,0,0
116900305,0,0,0
116900306,215,58,157
116900307,0,0,0
116900308,0,1,-1
116900309,0,0,0
116900310,0,0,0
116900311,0,16,-16
117000001,2011,1620,391
117000002,1056,430,626
117000003,3114,1359,1755
117000004,834,659,175
117000005,1973,803,1170
117000006,505,550,-45
117000007,3064,648,2416
117000008,251,572,-321
117000009,1809,425,1384
117000010,381,492,-111
117000011,1144,340,804
117000012,695,209,486
117000013,1357,259,1098
117000014,490,948,-458
117000015,501,778,-277
117000016,93,119,-26
117000017,51,75,-24
117000018,20,333,-313
117000019,1,65,-64
117000020,107,778,-671
117000021,625,414,211
117000022,116,262,-146
117000023,41,263,-222
117000024,36,156,-120
117000025,12,240,-228
117000026,819,1146,-327
117000027,77,186,-109
117000028,298,251,47
117000030,143,176,-33
117000031,471,205,266
117000032,536,428,108
117000033,454,202,252
117000034,290,107,183
117000035,461,157,304
117000036,180,164,16
117000037,206,100,106
117000038,122,262,-140
117000039,206,145,61
117000040,4,89,-85
117000041,626,14,612
117000044,1,91,-90
117000045,263,99,164
117000046,217,169,48
117000047,625,234,391
117000048,168,151,17
117000049,9,100,-91
117000050,105,117,-12
117000051,1085,12,1073
117000052,6,53,-47
117000053,193,1,192
117000054,897,28,869
117000055,0,143,-143
117000056,241,15,226
117000057,52,129,-77
117000060,250,64,186
117000061,1451,592,859
117000062,117,33,84
117000063,1058,359,699
117000064,263,103,160
117000066,10,49,-39
117000067,116,268,-152
117000074,1,26,-25
117000076,12,2,10
117000077,42,14,28
117000078,128,33,95
117000079,53,10,43
117000080,0,0,0
117000081,220,23,197
117000082,2,12,-10
117000083,135,150,-15
117000084,7,0,7
117000085,120,60,60
117000086,123,52,71
117000087,0,165,-165
117000088,220,76,144
117000089,1387,102,1285
117000090,80,99,-19
117000091,856,41,815
117000092,98,132,-34
117000093,1316,93,1223
117000094,206,103,103
117000095,2424,86,2338
117000096,182,138,44
117000097,1909,246,1663
117000098,299,272,27
117000099,2894,293,2601
117000100,54,66,-12
117000101,88,69,19
117000102,1564,184,1380
117000103,50,124,-74
117000104,1452,128,1324
117000105,86,144,-58
117000106,1577,133,1444
117000107,92,82,10
117000108,1366,642,724
117000109,244,164,80
117000110,1612,1261,351
117000111,1904,1544,360
117000112,1049,514,535
117000113,22,23,-1
117000114,115,17,98
117000115,25,11,14
117000116,76,20,56
117000117,148,107,41
117000118,76,61,15
117000119,8,225,-217
117000120,2,229,-227
117000121,0,217,-217
117000122,31,331,-300
117000123,102,25,77
117000124,3,1,2
117000125,9,38,-29
117000126,9,9,0
117000127,18,14,4
117000128,7,8,-1
117000129,252,670,-418
117000130,91,24,67
117000131,0,0,0
117000132,1685,15,1670
117000133,1814,8,1806
117000134,0,0,0
117000135,0,0,0
117000136,0,0,0
117000137,150,104,46
117000138,0,0,0
117000140,42,82,-40
117000141,1602,134,1468
117000181,17,8,9
117000182,166,270,-104
117000195,1,17,-16
117000196,121,137,-16
117000225,5,10,-5
117000226,0,20,-20
117000276,141,1,140
117000277,0,10,-10
117000310,230,1438,-1208
117000315,25,162,-137
117000320,49,0,49
117000906,211,10,201
117000907,1,35,-34
117000909,38,75,-37
117000910,241,35,206
117000911,47,34,13
117000915,1,79,-78
117000916,3,2,1
117000917,854,11,843
117000918,57,77,-20
117000919,0,7,-7
117000920,1,67,-66
117000921,0,15,-15
117000922,1,12,-11
117000924,137,306,-169
117000926,181,44,137
117000927,99,336,-237
117000928,0,0,0
117000929,31,26,5
117000930,10,0,10
117000931,59,26,33
117900002,20,595,-575
117900003,0,0,0
117900005,0,15,-15
117900006,0,0,0
117900007,78,4,74
117900008,0,0,0
117900010,97,32,65
117900011,0,20,-20
117900012,12,4,8
117900013,0,9,-9
117900014,117,31,86
117900015,1,6,-5
117900016,104,404,-300
117900017,311,32,279
117900018,18,31,-13
117900019,216,11,205
117900020,3,77,-74
117900021,50,0,50
117900023,157,1,156
117900024,60,1,59
117900025,0,0,0
117900026,146,7,139
117900028,0,4,-4
117900029,46,14,32
117900031,41,21,20
117900032,261,64,197
117900033,318,10,308
117900034,2,0,2
117900035,88,13,75
117900036,151,35,116
117900037,61,2,59
117900038,0,0,0
117900039,0,0,0
117900040,0,0,0
117900041,0,0,0
117900042,194,74,120
117900043,0,0,0
117900044,4,1291,-1287
117900045,31,31,0
117900048,166,20,146
117900049,102,26,76
117900050,0,78,-78
117900051,0,0,0
117900052,0,0,0
117900053,409,39,370
117900054,0,13,-13
117900055,68,78,-10
117900056,14,0,14
117900057,119,148,-29
117900058,0,0,0
117900059,0,0,0
117900060,614,269,345
117900061,1,77,-76
117900063,74,24,50
117900065,8,49,-41
117900066,0,29,-29
117900067,314,38,276
117900069,289,44,245
117900070,3,20,-17
117900071,144,18,126
117900073,255,18,237
117900074,0,25,-25
117900075,69,9,60
117900076,0,0,0
117900077,64,2,62
117900078,139,190,-51
117900080,64,33,31
117900081,30,28,2
117900082,109,78,31
117900083,153,32,121
117900086,42,5,37
117900087,4,17,-13
117900088,135,31,104
117900089,775,54,721
117900090,141,24,117
117900091,168,20,148
117900092,7,3,4
117900093,41,0,41
117900094,40,14,26
117900095,88,92,-4
117900096,41,44,-3
117900097,19,3,16
117900098,24,5,19
117900099,51,135,-84
117900100,161,1,160
117900101,419,658,-239
117900102,20,15,5
117900103,25,0,25
117900104,1,60,-59
117900105,53,5,48
117900106,5,15,-10
117900107,58,0,58
117900109,223,172,51
117900110,53,0,53
117900111,250,4,246
117900112,19,0,19
117900113,215,0,215
117900114,13,0,13
117900115,0,26,-26
117900116,207,85,122
117900117,100,50,50
117900118,76,0,76
117900119,149,1,148
117900120,253,0,253
117900121,46,1,45
117900122,49,1011,-962
117900123,242,36,206
117900124,83,32,51
117900125,270,197,73
117900126,47,41,6
117900127,156,9,147
117900128,154,48,106
117900129,46,0,46
117900130,151,0,151
117900131,0,0,0
117900132,0,0,0
117900133,0,0,0
117900134,0,0,0
117900135,0,0,0
117900136,0,0,0
117900137,0,0,0
117900138,0,0,0
117900139,12,3,9
117900140,735,47,688
117900141,7,37,-30
117900142,1,46,-45
117900144,2,46,-44
117900145,2,21,-19
117900146,19,60,-41
117900147,31,9,22
117900148,127,681,-554
117900149,14,8,6
117900150,19,7,12
117900151,14,4,10
117900152,0,0,0
117900153,1,72,-71
117900154,208,106,102
117900156,114,7,107
117900157,62,34,28
117900158,48,4,44
117900160,251,73,178
117900161,77,53,24
117900162,263,67,196
117900163,9,56,-47
117900165,0,0,0
117900166,1,37,-36
117900168,58,1,57
117900169,0,0,0
117900170,0,0,0
117900171,11,0,11
117900172,0,0,0
117900173,0,3,-3
117900174,0,3,-3
117900175,0,0,0
117900176,0,9,-9
117900177,0,0,0
117900178,0,0,0
117900180,21,0,21
117900181,1,315,-314
117900182,0,28,-28
117900183,25,55,-30
117900184,27,10,17
117900185,87,4,83
117900186,24,1,23
117900187,35,0,35
117900188,4,0,4
117900189,23,0,23
117900190,3,0,3
117900191,13,1,12
117900192,100,0,100
117900193,3,3,0
117900194,0,0,0
117900195,26,10,16
117900196,12,2,10
117900207,29,5,24
117900208,21,0,21
117900209,72,14,58
117900210,0,0,0
117900211,0,0,0
117900212,99,21,78
117900213,24,0,24
117900214,0,1,-1
117900215,0,0,0
117900216,0,0,0
117900217,0,0,0
117900218,0,0,0
117900219,0,0,0
117900220,0,42,-42
117900222,10,15,-5
117900223,16,108,-92
118000001,167,820,-653
118000002,76,339,-263
118000003,1445,2558,-1113
118000004,403,397,6
118000005,715,1267,-552
118000006,726,1221,-495
118000007,1918,3759,-1841
118000008,1772,1602,170
118000009,359,978,-619
118000010,621,812,-191
118000011,368,140,228
118000012,235,207,28
118000013,279,193,86
118000014,294,229,65
118000016,51,4,47
118000017,640,493,147
118000018,99,37,62
118000019,402,545,-143
118000020,78,503,-425
118000021,29,591,-562
118000022,249,345,-96
118000023,172,209,-37
118000024,268,314,-46
118000027,1987,2997,-1010
118000029,129,554,-425
118000032,211,786,-575
118000033,1177,1461,-284
118000034,1110,1094,16
118000035,241,529,-288
118000036,61,365,-304
118000037,128,219,-91
118000038,119,207,-88
118000039,32,23,9
118000040,362,256,106
118000041,194,293,-99
118000045,92,141,-49
118000046,29,758,-729
118000047,44,345,-301
118000048,342,1189,-847
118000051,293,530,-237
118000052,203,642,-439
118000053,210,475,-265
118000054,502,484,18
118000055,224,439,-215
118000056,34,183,-149
118000057,27,151,-124
118000058,471,248,223
118000059,167,868,-701
118000060,143,165,-22
118000061,217,212,5
118000062,81,55,26
118000063,43,561,-518
118000064,109,780,-671
118000065,571,165,406
118000066,262,1582,-1320
118000067,78,658,-580
118000068,164,1970,-1806
118000069,242,490,-248
118000070,465,1022,-557
118000071,285,1699,-1414
118000072,337,2759,-2422
118000073,129,764,-635
118000074,49,350,-301
118000075,132,359,-227
118000076,2446,5506,-3060
118000077,538,620,-82
118000078,622,1022,-400
118000079,0,91,-91
118000080,56,217,-161
118000081,546,611,-65
118000082,102,515,-413
118000083,221,613,-392
118000084,103,232,-129
118000086,7,79,-72
118000087,614,764,-150
118000088,146,788,-642
118000089,459,683,-224
118000090,64,892,-828
118000091,177,1277,-1100
118000092,129,65,64
118000093,18,434,-416
118000096,105,296,-191
118000097,125,185,-60
118000098,107,179,-72
118000099,0,0,0
118000101,572,166,406
118000102,339,63,276
118000107,14,1,13
118000108,75,436,-361
118000110,0,0,0
118000111,0,0,0
118000112,263,0,263
118000113,0,0,0
118000114,334,23,311
118000115,2,17,-15
118000116,2,4,-2
118000117,137,187,-50
118000118,296,481,-185
118000119,341,432,-91
118000120,301,154,147
118000121,11,72,-61
118000122,31,23,8
118000123,73,132,-59
118000125,49,85,-36
118000126,226,337,-111
118000127,404,467,-63
118000128,26,340,-314
118000129,186,204,-18
118000130,399,627,-228
118000131,70,84,-14
118000132,1215,1149,66
118000133,332,91,241
118000135,135,370,-235
118000136,9,187,-178
118000137,70,52,18
118000138,23,34,-11
118000139,76,6,70
118000140,698,3651,-2953
118000141,1856,1031,825
118000142,573,482,91
118000143,2087,1297,790
118000144,247,168,79
118000145,492,138,354
118000146,687,57,630
118000147,536,137,399
118000148,209,547,-338
118000149,354,56,298
118000150,621,100,521
118000151,331,52,279
118000153,1515,772,743
118000154,943,546,397
118000155,2135,992,1143
118000156,280,766,-486
118000157,197,81,116
118000158,36,116,-80
118000159,29,63,-34
118000160,490,119,371
118000161,217,92,125
118000162,413,280,133
118000163,390,535,-145
118000164,818,438,380
118000168,29,2,27
118000169,136,273,-137
118000170,573,643,-70
118000171,53,134,-81
118000172,30,31,-1
118000173,540,256,284
118000175,111,249,-138
118000176,288,336,-48
118000177,238,371,-133
118000178,1,15,-14
118000179,528,687,-159
118000180,480,274,206
118000181,119,4,115
118000182,128,103,25
118000183,169,85,84
118000184,715,194,521
118000185,58,500,-442
118000186,53,370,-317
118000187,756,120,636
118000188,92,13,79
118000189,27,13,14
118000190,6,3,3
118000191,6,13,-7
118000192,0,75,-75
118000193,0,109,-109
118000194,377,704,-327
118000195,28,791,-763
118000196,3,86,-83
118000197,127,469,-342
118000198,224,700,-476
118000199,533,947,-414
118000200,0,0,0
118000201,49,141,-92
118000202,0,0,0
118000203,11,118,-107
118000204,0,39,-39
118000205,26,41,-15
118000206,138,60,78
118000207,0,40,-40
118000208,710,701,9
118000209,967,120,847
118000210,69,8,61
118000211,46,23,23
118000213,91,603,-512
118000214,112,42,70
118000215,4,0,4
118000216,312,86,226
118000217,1,11,-10
118000218,14,2,12
118000219,24,42,-18
118000220,4,33,-29
118000221,10,176,-166
118000222,10,1,9
118000223,31,5,26
118000224,28,9,19
118000225,0,0,0
118000226,134,12,122
118000227,29,114,-85
118000228,0,0,0
118000229,0,0,0
118000230,0,0,0
118000231,0,0,0
118000232,0,0,0
118000233,445,58,387
118000234,0,0,0
118000236,103,1,102
118000237,0,0,0
118000238,141,7,134
118000239,195,129,66
118000240,29,27,2
118000241,13,3,10
118000242,0,0,0
118000243,0,0,0
118000244,7,10,-3
118000246,0,0,0
118000255,85,105,-20
118000256,102,68,34
118000259,0,1,-1
118000260,20,2,18
118000261,0,1,-1
118000263,0,7,-7
118000266,62,21,41
118000267,0,0,0
118000268,38,0,38
118000270,0,0,0
118000271,65,30,35
118000272,26,0,26
118000273,0,0,0
118000274,0,0,0
118000276,64,3,61
118000295,0,0,0
118000298,2,1,1
118000299,0,0,0
118000301,0,0,0
118000302,31,1,30
118000311,158,9,149
118000312,0,0,0
118000313,1,7,-6
118000314,4,0,4
118000315,1,0,1
118000316,13,3,10
118000325,33,0,33
118000326,4,1,3
118000331,94,0,94
118000332,28,0,28
118000333,87,9,78
118000335,126,6,120
118000336,0,0,0
118000407,84,2,82
118000457,0,1,-1
118000465,106,271,-165
118000480,21,1,20
118000489,2,206,-204
118000490,0,8,-8
118000492,233,51,182
118000510,0,0,0
118000514,43,14,29
118000515,60,125,-65
118000517,71,65,6
118000524,7,2,5
118000525,3,1,2
118000530,0,49,-49
118000531,228,58,170
118000532,0,0,0
118000533,0,0,0
118000534,0,0,0
118000535,75,12,63
118000536,3,6,-3
118000537,0,2,-2
118000538,1,34,-33
118000539,14,113,-99
118000540,5,2,3
118000541,1,4,-3
118000542,35,37,-2
118000543,38,31,7
118000546,5,0,5
118000553,0,0,0
118000557,0,0,0
118000560,0,0,0
118000562,0,0,0
118000563,382,494,-112
118000576,101,50,51
118000577,68,102,-34
118000578,75,24,51
118000579,106,231,-125
118000583,0,0,0
118000595,124,60,64
118000596,0,0,0
118000597,74,92,-18
118000598,5,0,5
118000599,371,7,364
118000600,4,2,2
118000601,1,0,1
118000602,0,1,-1
118000603,0,6,-6
118000605,16,1,15
118000606,0,0,0
118900001,0,0,0
118900002,51,0,51
118900003,24,2,22
118900004,3,0,3
118900005,0,0,0
118900006,0,0,0
118900007,0,0,0
118900008,234,3,231
118900009,0,0,0
118900010,0,0,0
118900011,0,0,0
118900012,29,7,22
118900013,0,0,0
118900015,0,0,0
118900016,0,0,0
118900017,0,0,0
118900018,0,0,0
118900019,0,0,0
118900020,0,0,0
118900021,14,7,7
118900022,14,0,14
118900023,0,0,0
118900024,0,0,0
118900025,0,0,0
118900026,16,0,16
118900027,0,0,0
118900028,41,23,18
118900029,0,0,0
118900030,0,0,0
118900031,5,0,5
118900032,0,0,0
118900033,0,0,0
118900034,0,0,0
118900035,20,1,19
118900036,96,10,86
118900037,0,0,0
118900038,30,1,29
118900039,0,0,0
118900040,34,26,8
118900041,0,0,0
118900042,2,0,2
118900045,8,17,-9
118900046,2,0,2
118900047,2,13,-11
118900048,0,0,0
118900049,0,0,0
118900050,0,0,0
118900051,0,16,-16
118900052,0,0,0
118900053,0,0,0
118900054,24,1,23
118900055,0,0,0
118900056,0,11,-11
118900057,61,49,12
118900058,0,0,0
118900059,0,0,0
118900060,21,4,17
118900062,0,0,0
118900064,0,0,0
118900065,0,0,0
118900066,0,0,0
118900067,176,370,-194
118900068,0,0,0
118900069,5,0,5
118900071,0,0,0
118900072,0,0,0
118900073,0,0,0
118900074,0,0,0
118900075,0,0,0
118900076,0,0,0
118900077,0,0,0
118900078,0,0,0
118900079,0,0,0
118900080,0,0,0
118900081,0,0,0
118900082,0,0,0
118900083,0,0,0
118900084,0,0,0
118900085,0,0,0
118900086,0,0,0
118900087,0,0,0
118900088,0,0,0
118900089,0,0,0
118900090,0,0,0
118900091,0,0,0
118900092,0,0,0
118900093,0,0,0
118900096,0,7,-7
118900097,10,52,-42
118900099,12,28,-16
118900100,0,0,0
118900101,0,0,0
118900102,0,0,0
118900103,0,0,0
118900104,34,0,34
118900105,0,0,0
118900107,0,0,0
118900108,0,0,0
118900110,26,0,26
118900111,0,0,0
118900112,0,0,0
118900113,0,0,0
118900114,0,0,0
118900115,0,0,0
118900116,18,4,14
118900117,4,1,3
118900118,27,0,27
118900119,9,3,6
118900120,2,1,1
118900121,0,0,0
118900122,0,0,0
118900123,5,14,-9
118900124,0,0,0
118900126,0,0,0
118900129,0,0,0
118900130,0,0,0
118900131,67,3,64
118900132,0,0,0
118900133,0,0,0
118900135,0,0,0
118900136,28,14,14
118900137,0,0,0
118900139,0,0,0
118900140,95,8,87
118900141,0,0,0
118900144,0,3,-3
118900145,0,0,0
118900146,21,19,2
118900147,0,0,0
118900148,0,0,0
118900150,0,0,0
118900152,0,0,0
118900157,0,0,0
118900158,0,0,0
118900159,0,0,0
118900161,0,0,0
118900163,0,0,0
118900164,0,0,0
118900165,0,0,0
118900166,0,0,0
118900167,0,0,0
118900168,0,0,0
118900169,0,0,0
118900170,0,0,0
118900171,0,0,0
118900174,0,0,0
118900175,66,31,35
118900176,8,37,-29
118900177,0,0,0
118900178,0,0,0
118900179,0,0,0
118900181,3,5,-2
118900182,0,0,0
118900183,0,0,0
118900184,0,0,0
118900185,40,3,37
118900186,2,6,-4
118900187,24,25,-1
118900188,19,20,-1
118900189,0,0,0
118900190,0,0,0
118900191,0,0,0
118900192,0,0,0
118900193,0,0,0
118900195,15,0,15
118900196,0,0,0
118900197,0,0,0
118900198,0,0,0
118900199,0,0,0
118900200,0,0,0
118900201,0,0,0
118900202,0,0,0
118900203,0,0,0
118900204,0,0,0
118900205,0,0,0
118900206,0,0,0
119000001,648,588,60
119000002,1364,650,714
119000003,767,228,539
119000004,543,899,-356
119000005,755,976,-221
119000006,903,406,497
119000007,1439,1512,-73
119000008,260,328,-68
119000009,698,1845,-1147
119000010,646,843,-197
119000011,697,727,-30
119000012,321,659,-338
119000013,2114,1089,1025
119000014,594,706,-112
119000019,16,7,9
119000020,407,643,-236
119000021,757,1066,-309
119000022,33,313,-280
119000023,21,174,-153
119000024,288,5980,-5692
119000025,452,235,217
119000026,2,128,-126
119000027,17,131,-114
119000028,661,198,463
119000029,3,119,-116
119000030,251,522,-271
119000031,154,184,-30
119000032,95,501,-406
119000033,818,859,-41
119000034,383,123,260
119000035,2,79,-77
119000036,897,159,738
119000037,397,291,106
119000038,14,164,-150
119000039,334,180,154
119000040,127,280,-153
119000041,136,566,-430
119000048,1101,286,815
119000049,489,169,320
119000050,230,267,-37
119000051,195,172,23
119000052,340,337,3
119000053,334,278,56
119000054,1014,311,703
119000055,2255,293,1962
119000056,1383,342,1041
119000057,587,311,276
119000058,522,263,259
119000059,554,277,277
119000060,287,58,229
119000061,169,175,-6
119000062,139,119,20
119000063,321,195,126
119000064,100,92,8
119000065,111,168,-57
119000066,502,511,-9
119000067,560,386,174
119000068,387,156,231
119000069,466,268,198
119000070,540,146,394
119000071,50,105,-55
119000072,520,303,217
119000073,777,1956,-1179
119000074,1133,199,934
119000075,1064,745,319
119000076,36,154,-118
119000077,58,95,-37
119000078,69,33,36
119000079,32,88,-56
119000080,83,29,54
119000081,150,18,132
119000082,67,8,59
119000083,36,30,6
119000084,127,27,100
119000085,75,29,46
119000086,109,37,72
119000087,228,66,162
119000088,56,4,52
119000089,26,100,-74
119000090,38,66,-28
119000091,72,60,12
119000092,58,59,-1
119000093,717,499,218
119000094,1136,925,211
119000095,750,381,369
119000097,448,213,235
119000098,331,1649,-1318
119000099,757,215,542
119000100,1209,559,650
119000101,520,560,-40
119000102,21,134,-113
119000103,300,138,162
119000104,128,38,90
119000105,96,504,-408
119000106,69,45,24
119000107,414,281,133
119000108,144,89,55
119000109,6,73,-67
119000110,0,0,0
119000111,2,15,-13
119000112,0,0,0
119000113,55,9,46
119000114,46,126,-80
119000115,29,49,-20
119000116,13,50,-37
119000117,41,36,5
119000118,1,0,1
119000123,260,622,-362
119000124,356,32,324
119000125,1672,59,1613
119000126,600,76,524
119000127,97,35,62
119000128,0,0,0
119000131,242,31,211
119000132,0,1,-1
119000133,2,3,-1
119000134,103,370,-267
119000135,24,21,3
119000136,0,0,0
119000137,25,3,22
119000138,0,0,0
119000139,4,2,2
119000140,0,0,0
119000284,93,368,-275
119000285,221,111,110
119000286,626,436,190
119000287,462,278,184
119000288,286,102,184
119000289,215,380,-165
119000290,100,142,-42
119000291,2,39,-37
119000293,234,177,57
119000294,56,36,20
119000295,77,77,0
119000296,90,36,54
119000302,926,609,317
119000303,1,28,-27
119000314,254,2027,-1773
119000315,0,5,-5
119000316,0,0,0
119000317,26,4,22
119000319,119,24,95
119900001,2,0,2
119900002,52,26,26
119900003,0,0,0
119900004,0,0,0
119900005,0,0,0
119900006,0,0,0
119900007,4,0,4
119900008,0,0,0
119900009,41,19,22
119900010,109,90,19
119900011,0,0,0
119900012,0,0,0
119900013,201,141,60
119900014,48,42,6
119900015,0,0,0
119900016,0,0,0
119900017,0,0,0
119900018,72,171,-99
119900019,0,0,0
119900020,0,0,0
119900021,0,0,0
119900022,2,147,-145
119900023,36,570,-534
119900025,0,0,0
119900026,0,0,0
119900027,0,0,0
119900028,18,11,7
119900029,0,0,0
119900030,0,0,0
119900031,0,179,-179
119900033,115,74,41
119900034,0,0,0
119900037,0,0,0
119900038,20,10,10
119900039,0,0,0
119900040,72,0,72
119900041,0,0,0
119900042,0,0,0
119900043,0,5,-5
119900044,0,28,-28
119900046,0,0,0
119900047,0,0,0
119900049,0,0,0
119900050,0,2,-2
119900051,245,0,245
119900052,0,0,0
119900053,0,0,0
119900054,76,1,75
119900055,1,0,1
119900057,0,0,0
119900058,0,0,0
119900059,1,0,1
119900060,37,0,37
119900061,96,0,96
119900062,0,0,0
119900063,0,0,0
119900065,0,0,0
119900067,0,0,0
119900068,12,0,12
119900069,6,0,6
119900070,78,0,78
119900071,110,1,109
119900073,69,0,69
119900074,0,0,0
119900075,55,7,48
119900076,0,0,0
119900077,16,0,16
119900078,88,1,87
119900079,87,0,87
119900080,19,1,18
119900081,91,6,85
119900082,793,146,647
119900083,104,75,29
119900084,0,0,0
119900085,0,0,0
119900086,24,19,5
119900087,0,0,0
119900088,0,0,0
119900089,0,2,-2
119900090,0,0,0
119900091,12,8,4
119900092,0,3,-3
119900093,0,0,0
119900094,0,0,0
119900095,0,0,0
119900096,0,0,0
119900097,0,10,-10
119900098,0,0,0
119900099,0,0,0
119900100,44,104,-60
119900101,1,73,-72
119900102,0,0,0
119900103,0,0,0
119900104,0,0,0
119900105,37,9,28
119900106,0,0,0
119900107,0,0,0
119900108,430,92,338
119900109,0,0,0
119900110,25,4,21
119900111,7,3,4
119900112,0,0,0
119900113,0,0,0
119900114,59,40,19
119900115,27,1,26
119900116,5,3,2
119900117,19,6,13
119900118,46,1,45
119900119,0,0,0
119900120,26,11,15
119900121,0,0,0
119900122,0,0,0
119900123,0,0,0
119900124,0,5,-5
119900125,0,0,0
119900126,141,16,125
119900127,9,0,9
119900128,2,2,0
119900129,4,0,4
119900130,0,0,0
119900131,1,0,1
119900132,0,0,0
119900133,0,0,0
119900134,10,1,9
119900135,0,0,0
119900136,0,0,0
119900138,0,0,0
119900139,0,0,0
119900140,0,0,0
119900141,0,0,0
119900142,0,0,0
119900143,1,2,-1
119900144,0,0,0
119900145,0,0,0
119900146,0,0,0
119900147,0,0,0
119900148,0,0,0
119900149,4,391,-387
119900150,0,0,0
119900151,80,85,-5
119900152,0,0,0
119900153,0,0,0
119900154,2,0,2
119900155,0,0,0
119900156,25,0,25
119900157,0,0,0
119900158,0,0,0
119900159,0,0,0
119900160,0,0,0
119900161,58,16,42
119900162,80,8,72
119900163,0,0,0
119900164,0,0,0
119900165,0,0,0
119900166,0,0,0
119900167,0,0,0
119900168,88,6,82
119900169,0,0,0
119900170,0,0,0
119900171,9,0,9
119900172,0,0,0
119900173,0,0,0
119900174,0,0,0
119900175,200,9,191
119900177,0,0,0
119900178,0,0,0
119900179,11,245,-234
119900180,109,8,101
119900181,0,0,0
119900182,19,4,15
119900183,2,0,2
119900184,1,1,0
119900185,3,40,-37
119900186,0,0,0
119900187,0,0,0
119900188,50,33,17
119900189,0,0,0
119900190,0,0,0
119900191,1,2,-1
119900192,0,0,0
119900193,75,11,64
119900194,0,0,0
119900195,0,0,0
119900196,0,0,0
119900197,0,0,0
119900198,0,0,0
119900199,0,0,0
119900200,0,0,0
119900201,0,0,0
119900202,0,0,0
119900203,0,0,0
119900204,3,0,3
119900205,187,19,168
119900206,0,0,0
119900208,0,0,0
119900209,47,60,-13
119900210,0,0,0
119900211,0,0,0
119900212,359,11,348
119900213,0,0,0
119900214,0,0,0
119900215,0,0,0
119900216,0,0,0
119900217,0,0,0
119900218,0,0,0
119900219,0,0,0
119900220,0,0,0
119900221,0,0,0
119900222,0,0,0
119900223,0,0,0
119900224,0,0,0
119900225,0,0,0
119900226,7,70,-63
119900227,4,5,-1
119900228,0,0,0
119900229,0,0,0
119900230,27,0,27
119900231,16,1,15
119900232,0,0,0
119900233,0,0,0
119900234,0,0,0
119900235,0,0,0
119900236,0,0,0
119900237,5,5,0
119900238,0,0,0
119900240,0,0,0
119900241,0,0,0
119900242,49,0,49
119900244,22,89,-67
119900245,0,0,0
119900246,0,0,0
119900247,0,0,0
119900248,0,0,0
119900249,6,0,6
119900253,122,159,-37
119900254,2,221,-219
119900255,20,4,16
119900256,132,16,116
119900257,0,0,0
119900258,0,0,0
119900259,0,0,0
119900260,0,0,0
119900261,87,11,76
119900262,0,0,0
119900263,117,3,114
119900264,0,0,0
119900265,0,0,0
119900266,0,0,0
119900267,0,7,-7
119900268,1,0,1
119900269,57,19,38
119900271,0,0,0
119900272,1,5,-4
119900275,0,0,0
119900276,0,0,0
119900277,0,0,0
119900278,0,0,0
119900279,0,0,0
119900280,14,4,10
119900281,0,0,0
119900282,0,0,0
119900283,0,3,-3
119900284,160,110,50
119900285,0,0,0
119900286,0,0,0
119900288,0,9,-9
119900289,0,0,0
119900290,0,0,0
119900291,0,0,0
119900292,12,5,7
119900293,1,0,1
119900294,0,46,-46
119900295,70,3,67
119900296,31,12,19
119900297,0,0,0
119900298,1,0,1
119900299,0,1,-1
119900300,0,0,0
119900301,0,0,0
119900302,0,0,0
119900303,0,0,0
119900304,0,0,0
119900305,0,0,0
119900306,0,0,0
119900307,0,0,0
119900308,0,0,0
119900309,0,0,0
119900310,0,1,-1
119900311,0,0,0
119900312,17,0,17
119900313,0,1,-1
119900314,0,0,0
119900315,35,5,30
119900318,0,0,0
119900319,0,0,0
119900320,50,4,46
119900321,63,13,50
120000001,3245,11288,-8043
120000002,628,437,191
120000003,385,453,-68
120000004,655,447,208
120000005,616,394,222
120000006,262,228,34
120000007,387,333,54
120000008,175,312,-137
120000009,231,212,19
120000010,460,319,141
120000011,143,246,-103
120000012,229,285,-56
120000013,840,486,354
120000014,246,386,-140
120000015,1033,474,559
120000016,2525,1244,1281
120000017,1474,1562,-88
120000018,1576,5250,-3674
120000019,346,497,-151
120000020,1297,1081,216
120000021,736,1471,-735
120000022,2890,3044,-154
120000023,588,599,-11
120000024,548,694,-146
120000025,1651,435,1216
120000026,1251,1194,57
120000027,1558,1500,58
120000028,432,228,204
120000029,94,454,-360
120000030,15,256,-241
120000031,391,1265,-874
120000032,1080,908,172
120000033,1002,229,773
120000034,1300,281,1019
120000035,1133,184,949
120000036,1184,1621,-437
120000037,474,1261,-787
120000038,729,1800,-1071
120000039,30,109,-79
120000040,5,96,-91
120000041,46,85,-39
120000042,306,323,-17
120000043,1416,347,1069
120000044,3131,420,2711
120000045,2754,215,2539
120000046,1827,1437,390
120000047,186,2145,-1959
120000048,1952,1424,528
120000049,1476,437,1039
120000050,794,924,-130
120000051,664,1084,-420
120000052,838,515,323
120000053,627,401,226
120000054,424,410,14
120000055,878,527,351
120000056,1805,854,951
120000057,960,229,731
120000058,183,255,-72
120000059,66,886,-820
120000061,10,187,-177
120000062,56,69,-13
120000063,151,225,-74
120000064,144,192,-48
120000065,161,101,60
120000066,50,39,11
120000067,0,73,-73
120000068,58,99,-41
120000069,196,59,137
120000070,40,108,-68
120000071,264,12,252
120000072,427,41,386
120000073,379,6,373
120000074,18,6,12
120000075,417,28,389
120000076,1163,45,1118
120000077,950,117,833
120000078,446,147,299
120000079,540,64,476
120000080,116,40,76
120000081,193,66,127
120000082,197,176,21
120000083,25,941,-916
120000084,56,35,21
120000085,38,9,29
120000086,83,65,18
120000087,74,29,45
120000088,288,300,-12
120000089,839,180,659
120000090,346,142,204
120000091,441,179,262
120000092,549,77,472
120000093,311,98,213
120000094,115,285,-170
120000095,210,68,142
120000096,112,50,62
120000098,299,70,229
120000099,89,68,21
120000100,153,126,27
120000101,184,69,115
120000102,300,750,-450
120000103,708,419,289
120000104,1690,144,1546
120000105,2123,105,2018
120000106,2016,69,1947
120000107,3120,109,3011
120000108,924,20,904
120000109,713,13,700
120000110,0,139,-139
120000111,0,88,-88
120000112,8,129,-121
120000113,31,105,-74
120000114,52,144,-92
120000115,39,113,-74
120000116,64,120,-56
120000117,258,107,151
120000118,12,26,-14
120000119,5,50,-45
120000120,21,52,-31
120000121,15,24,-9
120000122,69,232,-163
120000123,301,3386,-3085
120000124,150,153,-3
120000125,145,63,82
120000126,114,239,-125
120000127,101,186,-85
120000128,490,878,-388
120000129,55,110,-55
120000130,377,140,237
120000131,143,189,-46
120000134,30,6,24
120000135,63,270,-207
120000137,6,5,1
120000138,264,34,230
120000139,47,33,14
120000140,134,8,126
120000141,143,47,96
120000142,451,79,372
120000143,0,4,-4
120000144,41,0,41
120000145,53,0,53
120000146,325,447,-122
120000149,155,95,60
120000150,241,3199,-2958
120000151,198,83,115
120000152,349,34,315
120000153,29,56,-27
120000154,47,66,-19
120000155,40,79,-39
120000156,98,175,-77
120000157,284,104,180
120000158,66,56,10
120000159,419,491,-72
120000160,979,734,245
120000161,696,758,-62
120000162,34,151,-117
120000163,204,111,93
120000164,181,41,140
120000165,166,28,138
120000166,809,50,759
120000167,0,0,0
120000168,0,0,0
120000169,0,0,0
120000170,0,0,0
120000171,0,0,0
120000172,0,0,0
120000173,12,0,12
120000174,1,0,1
120000175,8,0,8
120000176,0,1,-1
120000177,43,3,40
120000178,0,0,0
120000179,1,2,-1
120000180,4,1,3
120000181,0,87,-87
120000182,2,86,-84
120000183,0,154,-154
120000184,16,319,-303
120000186,2,48,-46
120000187,11,23,-12
120000188,3,45,-42
120000190,14,85,-71
120000191,38,60,-22
120000192,15,39,-24
120000193,26,22,4
120000195,0,0,0
120000196,8,2,6
120000197,1,4,-3
120000198,6,0,6
120000199,0,0,0
120000200,0,0,0
120000201,0,0,0
120000202,0,0,0
120000203,0,0,0
120000207,0,0,0
120000208,0,0,0
120000209,0,0,0
120000210,0,0,0
120000211,0,0,0
120000212,0,0,0
120000213,0,0,0
120000214,0,0,0
120000215,0,0,0
120000216,0,0,0
120000217,147,0,147
120000218,0,0,0
120000219,0,0,0
120000220,4,0,4
120000225,648,0,648
120000226,164,1,163
120000227,199,22,177
120000228,5,2,3
120000230,43,7,36
120000231,137,43,94
120000233,311,39,272
120000235,1,50,-49
120000236,639,0,639
120000237,0,26,-26
120000238,0,0,0
120000241,479,1282,-803
120000412,11,183,-172
120000413,53,0,53
120000414,146,0,146
120000415,4,0,4
120000416,26,0,26
120000417,0,0,0
120000418,89,0,89
120000419,0,1,-1
120000420,13,1,12
120000421,1237,894,343
120000422,18,184,-166
120000423,0,0,0
120000424,0,0,0
120000436,41,688,-647
120000437,4,8,-4
120000438,133,112,21
120000439,175,182,-7
120000443,149,20,129
120000444,956,71,885
120000445,702,464,238
120000446,98,41,57
120000447,107,0,107
120000449,37,0,37
120000450,0,3,-3
120000451,29,62,-33
120000452,302,22,280
120000453,0,0,0
120000454,57,3,54
120000455,7,26,-19
120000456,53,578,-525
120000457,89,118,-29
120000458,146,92,54
120000459,24,15,9
120000665,14,65,-51
120000668,8,214,-206
120000669,43,73,-30
120000670,1,139,-138
120000671,372,237,135
120000672,3,89,-86
120900001,84,21,63
120900002,1,7,-6
120900003,0,0,0
120900004,0,13,-13
120900005,8,62,-54
120900006,148,28,120
120900007,0,0,0
120900008,153,38,115
120900009,0,0,0
120900010,155,53,102
120900011,0,0,0
120900012,2,300,-298
120900013,43,11,32
120900014,0,17,-17
120900015,573,5,568
120900016,584,1,583
120900017,31,0,31
120900018,47,6,41
120900019,74,103,-29
120900020,19,199,-180
120900021,223,1,222
120900022,0,11,-11
120900023,393,2,391
120900024,134,14,120
120900025,13,24,-11
120900026,16,20,-4
120900027,0,0,0
120900028,240,77,163
120900029,0,0,0
120900030,478,87,391
120900031,182,2,180
120900032,757,26,731
120900033,301,5,296
120900034,4,276,-272
120900035,42,6,36
120900037,135,1,134
120900038,0,0,0
120900039,0,0,0
120900040,128,0,128
120900041,2,2,0
120900042,147,15,132
120900043,54,3,51
120900044,2,54,-52
120900045,17,1,16
120900046,355,1,354
120900047,0,0,0
120900048,0,0,0
120900049,173,0,173
120900050,142,474,-332
120900051,139,75,64
120900052,233,1,232
120900053,0,0,0
120900054,84,4,80
120900055,268,1,267
120900056,0,0,0
120900057,0,0,0
120900058,404,0,404
120900059,59,0,59
120900060,0,0,0
120900061,20,8,12
120900062,121,18,103
120900063,0,0,0
120900064,316,0,316
120900065,184,1,183
120900066,194,7,187
120900067,36,36,0
120900068,121,1,120
120900069,0,0,0
120900071,33,1,32
120900072,0,0,0
120900073,0,0,0
120900074,112,5,107
120900076,149,0,149
120900077,399,125,274
120900078,660,75,585
120900079,100,7,93
120900080,74,3,71
120900081,551,37,514
120900082,105,3,102
120900083,111,0,111
120900084,111,115,-4
120900085,0,0,0
120900086,1,140,-139
120900087,83,101,-18
120900088,7,177,-170
120900089,196,1271,-1075
120900090,28,0,28
120900091,16,231,-215
120900092,1,8,-7
120900093,0,0,0
120900094,17,6,11
120900095,0,0,0
120900096,0,3,-3
120900097,43,15,28
120900098,0,0,0
120900099,2,0,2
120900100,0,0,0
120900101,0,0,0
120900102,0,0,0
120900103,46,20,26
120900104,2,4,-2
120900105,0,0,0
120900106,28,4,24
120900107,13,6,7
120900108,0,0,0
120900109,1,14,-13
120900110,0,0,0
120900111,0,0,0
120900112,0,0,0
120900113,1,41,-40
120900114,1,8,-7
120900115,29,63,-34
120900116,56,19,37
120900117,0,0,0
120900118,3,16,-13
120900119,559,336,223
120900120,0,24,-24
120900121,0,2,-2
120900122,90,15,75
120900123,0,0,0
120900124,0,13,-13
120900125,1,24,-23
120900126,136,11,125
120900127,0,0,0
120900128,10,14,-4
120900129,92,10,82
120900130,4,27,-23
120900131,0,0,0
120900132,683,38,645
120900133,0,16,-16
120900134,0,2,-2
120900135,0,12,-12
120900136,0,0,0
120900137,106,0,106
120900138,0,5,-5
120900139,0,11,-11
120900140,0,0,0
120900141,31,22,9
120900142,0,15,-15
120900143,0,5,-5
120900144,0,41,-41
120900145,6,29,-23
120900146,0,17,-17
120900147,6,0,6
120900148,11,12,-1
120900149,0,20,-20
120900150,1,26,-25
120900151,17,2,15
120900152,16,2,14
120900153,0,0,0
120900154,0,1,-1
120900155,28,14,14
120900156,132,12,120
120900157,0,0,0
120900158,0,8,-8
120900159,0,0,0
120900160,1,12,-11
120900161,0,0,0
120900162,0,0,0
120900163,0,0,0
120900164,0,0,0
120900165,0,0,0
120900166,0,0,0
120900167,0,0,0
120900169,0,0,0
120900170,18,733,-715
120900171,35,1,34
120900172,0,0,0
120900173,0,0,0
120900174,0,0,0
120900175,44,0,44
120900176,0,117,-117
120900177,0,583,-583
120900178,2,157,-155
120900179,22,25,-3
120900180,0,0,0
120900181,0,0,0
120900182,0,0,0
120900183,0,0,0
120900184,0,0,0
120900185,0,0,0
120900186,0,10,-10
120900187,107,94,13
120900188,8,0,8
120900189,0,0,0
120900190,68,16,52
120900191,0,0,0
120900192,625,2020,-1395
120900194,4,2,2
120900195,14,10,4
120900196,0,0,0
120900197,247,22,225
120900198,18,33,-15
120900199,34,81,-47
120900200,1,0,1
120900201,39,2,37
120900202,0,2,-2
120900203,0,2,-2
120900204,12,8,4
120900205,1,0,1
120900206,4,0,4
120900207,0,34,-34
121000001,100,333,-233
121000002,206,671,-465
121000003,313,668,-355
121000004,204,844,-640
121000005,1041,2413,-1372
121000006,422,924,-502
121000007,196,940,-744
121000008,511,1110,-599
121000009,511,2396,-1885
121000010,488,946,-458
121000011,754,2647,-1893
121000012,684,662,22
121000013,1186,2659,-1473
121000014,869,967,-98
121000015,1917,3182,-1265
121000016,319,286,33
121000017,208,1100,-892
121000018,584,823,-239
121000019,937,1923,-986
121000020,3008,5454,-2446
121000021,574,868,-294
121000022,377,2007,-1630
121000023,443,319,124
121000024,896,1678,-782
121000025,2,79,-77
121000026,33,144,-111
121000027,103,484,-381
121000028,46,214,-168
121000029,26,69,-43
121000030,0,0,0
121000031,56,152,-96
121000032,0,0,0
121000034,18,41,-23
121000035,0,19,-19
121000036,106,82,24
121000037,95,402,-307
121000038,543,523,20
121000039,79,66,13
121000041,81,119,-38
121000042,7,177,-170
121000043,62,166,-104
121000044,30,220,-190
121000045,242,206,36
121000046,0,0,0
121000047,0,11,-11
121000049,176,74,102
121000050,63,1370,-1307
121000051,249,198,51
121000052,66,757,-691
121000053,25,68,-43
121000054,0,22,-22
121000055,153,436,-283
121000056,606,429,177
121000057,0,0,0
121000058,80,81,-1
121000059,250,891,-641
121000060,371,511,-140
121000061,2,487,-485
121000062,155,233,-78
121000063,120,552,-432
121000064,142,548,-406
121000065,48,33,15
121000066,28,25,3
121000067,74,12,62
121000068,99,457,-358
121000069,13,683,-670
121000070,117,123,-6
121000071,276,847,-571
121000072,92,143,-51
121000073,95,358,-263
121000074,37,29,8
121000075,0,2,-2
121000076,34,47,-13
121000077,3,46,-43
121000078,1,31,-30
121000080,82,97,-15
121000081,282,1141,-859
121000082,0,20,-20
121000083,26,131,-105
121000084,6,23,-17
121000085,1,43,-42
121000086,8,198,-190
121000087,3,185,-182
121000088,187,120,67
121000089,6,270,-264
121000090,86,85,1
121000091,263,617,-354
121000092,22,37,-15
121000093,6,49,-43
121000094,30,83,-53
121000095,21,129,-108
121000096,461,246,215
121000097,54,580,-526
121000098,26,144,-118
121000099,107,123,-16
121000100,126,43,83
121000101,96,136,-40
121000102,2,8,-6
121000103,11,84,-73
121000104,13,1,12
121000105,3,1,2
121000106,13,102,-89
121000107,577,1226,-649
121000109,277,842,-565
121000110,7,454,-447
121000114,550,1307,-757
121000115,41,41,0
121000116,32,55,-23
121000117,53,31,22
121000118,98,23,75
121000119,12,40,-28
121000120,28,339,-311
121000121,14,81,-67
121000123,94,122,-28
121000127,10,25,-15
121000128,277,110,167
121000129,115,40,75
121000130,86,151,-65
121000131,57,168,-111
121000132,71,179,-108
121000135,94,128,-34
121000136,279,656,-377
121000137,44,102,-58
121000138,111,1125,-1014
121000139,0,0,0
121000141,15,1,14
121000142,137,142,-5
121000143,4,3,1
121000144,460,665,-205
121000145,73,130,-57
121000146,215,92,123
121000147,106,28,78
121000148,92,138,-46
121000149,459,582,-123
121000152,53,55,-2
121000153,144,56,88
121000154,228,67,161
121000155,202,300,-98
121000156,85,150,-65
121000157,139,143,-4
121000158,300,88,212
121000159,187,148,39
121000160,207,106,101
121000161,109,153,-44
121000162,57,35,22
121000165,304,1227,-923
121000166,20,249,-229
121000168,23,70,-47
121000169,0,12,-12
121000170,71,6,65
121000171,8,42,-34
121000172,71,253,-182
121000173,381,502,-121
121000174,193,353,-160
121000175,255,105,150
121000176,126,150,-24
121000177,156,49,107
121000178,119,22,97
121000179,3,9,-6
121000181,98,38,60
121000182,200,262,-62
121000183,9,174,-165
121000184,12,308,-296
121000185,5,773,-768
121000186,98,615,-517
121000187,101,68,33
121000188,70,41,29
121000192,123,65,58
121000193,36,28,8
121000194,362,659,-297
121000195,164,457,-293
121000196,27,96,-69
121000197,5,74,-69
121000198,26,176,-150
121000199,28,78,-50
121000200,132,108,24
121000201,0,95,-95
121000202,61,3,58
121000203,4,116,-112
121000204,513,53,460
121000205,100,78,22
121000206,187,164,23
121000207,532,293,239
121000208,2,99,-97
121000209,277,10,267
121000210,285,123,162
121000211,10,3,7
121000212,47,59,-12
121000213,372,313,59
121000214,180,805,-625
121000215,323,106,217
121000216,108,401,-293
121000217,792,1178,-386
121000218,84,262,-178
121000219,317,390,-73
121000220,17,0,17
121000221,1,50,-49
121000222,443,584,-141
121000223,0,0,0
121000224,140,141,-1
121000225,113,744,-631
121000226,170,722,-552
121000227,7,111,-104
121000228,5,47,-42
121000229,0,12,-12
121000230,5,118,-113
121000231,498,20,478
121000232,17,0,17
121000233,134,77,57
121000234,1,75,-74
121000235,1,51,-50
121000236,0,25,-25
121000237,2,4,-2
121000238,0,1,-1
121000239,14,2,12
121000240,11,15,-4
121000241,23,0,23
121000242,0,12,-12
121000243,38,6,32
121000244,0,0,0
121000245,0,0,0
121000246,0,19,-19
121000247,5,0,5
121000248,46,30,16
121000249,4,55,-51
121000250,84,276,-192
121000251,0,32,-32
121000252,4,24,-20
121000253,30,118,-88
121000254,91,50,41
121000255,4,45,-41
121000256,39,123,-84
121000257,3,46,-43
121000258,52,74,-22
121000259,23,8,15
121000260,0,19,-19
121000261,1,108,-107
121000262,99,114,-15
121000263,383,77,306
121000271,31,802,-771
121000273,5,0,5
121000274,3,43,-40
121000275,0,0,0
121000276,2,32,-30
121000278,15,23,-8
121000279,0,5,-5
121000280,2,18,-16
121000289,152,20,132
121000290,48,435,-387
121000294,56,5,51
121000297,144,385,-241
121000299,24,175,-151
121000300,50,125,-75
121000302,0,226,-226
121000303,32,32,0
121000304,383,42,341
121000305,73,62,11
121000306,97,185,-88
121000308,0,0,0
121000309,1,34,-33
121000310,0,5,-5
121000311,0,0,0
121000312,66,105,-39
121000313,0,0,0
121000314,15,22,-7
121000315,52,21,31
121000530,452,378,74
121000531,652,299,353
121000532,1069,1069,0
121000533,2133,1397,736
121000919,19,117,-98
121000938,6,0,6
121000939,11,109,-98
121000956,424,236,188
121000957,0,0,0
121000958,14,5,9
121000959,217,45,172
121000960,247,200,47
121000961,104,2,102
121000962,23,50,-27
121000973,0,0,0
121000976,0,0,0
121000979,0,0,0
121000981,54,6,48
121000982,325,116,209
121000983,59,4,55
121000984,0,7,-7
121000985,196,106,90
121000986,93,95,-2
121000987,33,156,-123
121000988,342,29,313
121001302,6,15,-9
121001308,1,26,-25
121001309,42,161,-119
121001311,0,0,0
121001313,0,0,0
121001314,397,223,174
121001315,1251,466,785
121001326,28,149,-121
121001327,18,26,-8
121001328,26,19,7
121900001,61,399,-338
121900002,1,0,1
121900003,0,0,0
121900004,0,0,0
121900005,1,0,1
121900006,0,0,0
121900007,132,19,113
121900008,0,0,0
121900009,4,5,-1
121900010,0,0,0
121900011,7,0,7
121900012,0,0,0
121900013,3,0,3
121900014,0,0,0
121900015,3,0,3
121900016,0,0,0
121900017,0,0,0
121900018,0,0,0
121900019,0,0,0
121900020,0,0,0
121900021,108,0,108
121900022,0,0,0
121900023,0,0,0
121900024,0,0,0
121900025,0,0,0
121900026,4,0,4
121900027,0,0,0
121900028,3,0,3
121900029,0,0,0
121900030,0,0,0
121900031,0,72,-72
121900032,0,0,0
121900033,0,0,0
121900034,0,0,0
121900035,0,0,0
121900036,0,0,0
121900037,0,0,0
121900038,0,0,0
121900039,0,0,0
121900040,0,0,0
121900041,0,0,0
121900042,0,0,0
121900043,0,0,0
121900044,0,0,0
121900046,0,0,0
121900047,0,0,0
121900048,0,0,0
121900050,0,0,0
121900051,0,0,0
121900052,0,0,0
121900053,16,11,5
121900054,0,0,0
121900055,0,0,0
121900058,0,0,0
121900059,0,0,0
121900060,0,0,0
121900062,0,0,0
121900063,7,2,5
121900064,0,0,0
121900066,0,0,0
121900067,0,0,0
121900069,0,0,0
121900070,13,0,13
121900071,0,0,0
121900072,0,0,0
121900073,0,0,0
121900074,6,0,6
121900075,2,8,-6
121900076,0,0,0
121900078,0,0,0
121900079,0,0,0
121900080,0,0,0
121900082,0,0,0
121900084,0,0,0
121900086,0,0,0
121900087,0,0,0
121900088,0,0,0
121900089,0,0,0
121900090,0,0,0
121900091,0,0,0
121900092,0,0,0
121900093,0,0,0
121900094,0,0,0
121900095,0,0,0
121900096,0,0,0
121900097,0,0,0
121900098,0,0,0
121900099,0,0,0
121900100,0,0,0
121900101,0,0,0
121900102,0,0,0
121900103,0,0,0
121900104,67,36,31
121900105,0,0,0
121900106,0,0,0
121900107,0,0,0
121900108,0,0,0
121900109,0,0,0
121900110,0,0,0
121900111,0,0,0
121900112,0,0,0
121900113,0,0,0
121900114,5,0,5
121900117,0,0,0
121900118,0,0,0
121900119,0,0,0
121900120,0,0,0
121900121,0,0,0
121900122,0,0,0
121900123,0,0,0
121900124,0,0,0
121900125,2,0,2
121900127,0,0,0
121900128,0,0,0
121900129,0,0,0
121900130,0,0,0
121900131,0,0,0
121900132,0,0,0
121900133,0,0,0
121900134,0,0,0
121900135,145,50,95
121900136,0,0,0
121900137,0,0,0
121900138,0,0,0
121900139,0,0,0
121900140,0,0,0
121900141,18,0,18
121900142,0,0,0
121900143,0,0,0
121900144,0,0,0
121900145,0,0,0
121900146,0,0,0
121900147,0,0,0
121900148,0,0,0
121900149,0,0,0
121900150,0,0,0
121900151,0,0,0
121900152,0,0,0
121900153,0,0,0
121900154,0,0,0
121900155,0,0,0
121900156,0,0,0
121900157,0,0,0
121900158,0,0,0
121900159,0,0,0
121900160,0,0,0
121900161,0,0,0
121900162,0,0,0
121900163,0,0,0
121900164,0,0,0
121900165,0,0,0
121900166,0,0,0
121900167,0,0,0
121900168,0,0,0
121900169,0,0,0
121900170,0,0,0
121900171,0,0,0
121900172,0,0,0
121900173,0,0,0
121900174,0,0,0
121900175,0,0,0
121900176,0,0,0
121900177,0,0,0
121900178,0,0,0
121900179,0,0,0
121900180,46,246,-200
121900182,1,0,1
121900183,0,0,0
121900184,0,0,0
121900186,0,0,0
121900187,0,0,0
121900188,0,0,0
121900189,0,0,0
121900190,12,0,12
121900191,0,0,0
121900192,0,0,0
121900193,0,0,0
121900194,0,0,0
121900195,0,0,0
121900196,0,0,0
121900197,0,0,0
121900198,211,0,211
121900199,0,0,0
121900200,0,0,0
121900201,0,0,0
121900202,0,0,0
121900203,0,0,0
121900204,0,0,0
121900205,0,0,0
121900206,0,0,0
121900207,0,0,0
121900208,0,0,0
121900209,0,0,0
121900210,0,0,0
121900211,0,0,0
121900212,0,0,0
121900213,0,0,0
121900214,0,0,0
121900215,0,0,0
121900216,0,0,0
121900217,0,0,0
121900218,0,0,0
121900220,0,0,0
121900221,0,0,0
121900222,0,0,0
121900223,0,0,0
121900224,0,0,0
121900225,0,0,0
121900226,1,0,1
121900227,0,0,0
121900228,0,0,0
121900230,0,0,0
121900231,0,0,0
121900232,0,0,0
121900233,0,0,0
121900234,0,0,0
121900235,0,0,0
121900236,0,0,0
121900237,0,0,0
121900238,0,0,0
121900239,0,0,0
121900240,0,0,0
121900241,0,0,0
121900242,0,0,0
121900243,0,0,0
121900244,0,0,0
121900245,0,0,0
121900246,3,0,3
121900248,0,0,0
121900250,0,0,0
121900251,0,0,0
121900252,0,0,0
121900253,1,92,-91
121900254,0,0,0
121900255,0,0,0
121900258,478,307,171
121900259,0,0,0
121900260,0,0,0
121900261,0,0,0
121900262,0,0,0
121900263,0,0,0
121900264,0,0,0
121900265,0,0,0
121900266,0,0,0
121900267,0,0,0
121900269,0,0,0
121900270,0,0,0
121900271,0,0,0
121900273,12,19,-7
121900274,22,13,9
121900277,0,0,0
121900278,0,0,0
121900279,0,0,0
121900280,0,0,0
121900281,0,0,0
121900284,0,0,0
121900286,30,1,29
121900287,4,4,0
121900288,0,0,0
121900290,0,0,0
121900291,3,0,3
121900292,21,10,11
121900293,0,0,0
121900294,0,0,0
121900295,0,0,0
121900296,0,0,0
121900298,0,6,-6
121900299,0,0,0
121900300,5,0,5
121900301,0,0,0
121900302,0,0,0
121900303,0,0,0
121900304,0,0,0
121900305,0,0,0
121900306,2,0,2
121900307,9,0,9
121900308,0,0,0
121900309,0,0,0
121900310,0,0,0
121900311,36,0,36
121900312,33,0,33
121900313,32,1,31
121900314,0,0,0
121900315,0,0,0
121900316,0,0,0
121900317,0,0,0
121900318,0,0,0
121900319,0,0,0
121900320,0,0,0
121900321,0,0,0
121900322,0,0,0
121900323,0,0,0
121900324,0,0,0
121900325,0,0,0
121900326,0,0,0
121900327,0,0,0
121900328,0,0,0
121900329,0,0,0
121900330,0,0,0
121900331,0,0,0
121900332,0,0,0
121900333,0,0,0
121900334,1,0,1
122000001,254,620,-366
122000002,312,277,35
122000003,250,486,-236
122000004,250,414,-164
122000005,885,2085,-1200
122000006,177,734,-557
122000007,189,618,-429
122000008,365,844,-479
122000009,82,152,-70
122000010,786,743,43
122000011,280,392,-112
122000012,143,269,-126
122000013,157,834,-677
122000014,450,691,-241
122000015,265,455,-190
122000016,103,369,-266
122000017,298,704,-406
122000018,308,685,-377
122000019,121,595,-474
122000020,30,41,-11
122000021,11,122,-111
122000022,75,47,28
122000023,46,86,-40
122000024,193,370,-177
122000025,92,360,-268
122000026,183,276,-93
122000027,52,238,-186
122000028,112,321,-209
122000029,21,125,-104
122000030,10,0,10
122000031,15,530,-515
122000032,182,251,-69
122000033,46,146,-100
122000034,3,85,-82
122000035,2,89,-87
122000036,35,100,-65
122000037,18,76,-58
122000038,29,163,-134
122000039,27,33,-6
122000040,8,4,4
122000041,272,992,-720
122000042,293,613,-320
122000043,36,53,-17
122000044,33,125,-92
122000045,185,114,71
122000046,137,224,-87
122000047,0,19,-19
122000048,824,1672,-848
122000049,1706,1055,651
122000050,108,254,-146
122000051,126,727,-601
122000052,106,496,-390
122000053,67,1365,-1298
122000054,340,545,-205
122000055,2068,2146,-78
122000056,637,998,-361
122000057,856,1399,-543
122000058,254,679,-425
122000059,191,761,-570
122000060,24,69,-45
122000061,5,30,-25
122000062,232,42,190
122000063,68,446,-378
122000064,1053,2182,-1129
122000065,620,629,-9
122000066,25,31,-6
122000067,632,1677,-1045
122000068,95,1546,-1451
122000069,41,108,-67
122000070,479,332,147
122000071,160,290,-130
122000072,15,69,-54
122000073,28,154,-126
122000074,362,515,-153
122000075,138,458,-320
122000076,195,243,-48
122000077,123,277,-154
122000078,103,248,-145
122000079,74,538,-464
122000080,93,259,-166
122000081,3,151,-148
122000082,46,169,-123
122000083,137,161,-24
122000084,57,48,9
122000085,12,88,-76
122000086,777,2228,-1451
122000087,181,109,72
122000088,28,23,5
122000089,629,514,115
122000090,50,130,-80
122000091,49,40,9
122000092,1,25,-24
122000093,516,1852,-1336
122000094,1329,1178,151
122000095,529,1590,-1061
122000096,135,658,-523
122000098,1137,2711,-1574
122000099,108,356,-248
122000100,94,74,20
122000101,26,75,-49
122000102,12,130,-118
122000103,54,107,-53
122000104,28,81,-53
122000105,8,84,-76
122000106,69,138,-69
122000107,143,200,-57
122000108,17,14,3
122000109,44,84,-40
122000110,39,51,-12
122000111,174,132,42
122000112,73,131,-58
122000113,93,93,0
122000114,420,1895,-1475
122000115,224,1450,-1226
122000116,14,32,-18
122000117,173,40,133
122000118,138,57,81
122000119,80,97,-17
122000120,33,96,-63
122000121,127,320,-193
122000122,66,288,-222
122000123,68,185,-117
122000124,88,289,-201
122000125,25,199,-174
122000126,20,157,-137
122000127,45,161,-116
122000128,133,121,12
122000129,15,157,-142
122000130,317,184,133
122000131,59,52,7
122000132,6,8,-2
122000133,78,31,47
122000134,68,256,-188
122000135,49,70,-21
122000136,50,182,-132
122000137,93,301,-208
122000139,88,381,-293
122000140,42,247,-205
122000141,257,252,5
122000142,32,287,-255
122000143,22,84,-62
122000144,68,100,-32
122000145,43,45,-2
122000146,81,185,-104
122000147,83,124,-41
122000148,19,77,-58
122000149,191,45,146
122000150,101,45,56
122000151,0,0,0
122000152,4,0,4
122000153,30,153,-123
122000154,51,123,-72
122000155,152,107,45
122000156,405,903,-498
122000157,499,717,-218
122000158,68,69,-1
122000159,103,204,-101
122000160,230,222,8
122000161,142,132,10
122000162,96,246,-150
122000163,18,3,15
122000164,1,3,-2
122000165,28,497,-469
122000166,77,159,-82
122000167,0,1,-1
122000168,22,878,-856
122000169,37,17,20
122000170,13,275,-262
122000171,0,0,0
122000172,163,583,-420
122000173,154,463,-309
122000174,183,957,-774
122000175,104,48,56
122000176,154,809,-655
122000177,521,1702,-1181
122000178,387,338,49
122000179,208,1127,-919
122000180,340,1225,-885
122000181,413,1748,-1335
122000182,145,151,-6
122000183,27,92,-65
122000184,605,928,-323
122000185,179,525,-346
122000186,119,314,-195
122000187,314,165,149
122000188,0,0,0
122000189,51,67,-16
122000190,297,389,-92
122000191,71,90,-19
122000192,70,29,41
122000193,78,349,-271
122000194,39,17,22
122000195,56,284,-228
122000196,41,98,-57
122000197,56,47,9
122000198,41,271,-230
122000199,127,96,31
122000200,54,116,-62
122000201,270,588,-318
122000202,114,365,-251
122000203,132,115,17
122000204,267,256,11
122000205,51,132,-81
122000206,383,566,-183
122000207,309,573,-264
122000208,357,283,74
122000209,324,69,255
122000210,180,251,-71
122000211,84,252,-168
122000212,72,39,33
122000213,63,182,-119
122000214,212,420,-208
122000215,1220,657,563
122000217,354,336,18
122000218,174,80,94
122000219,116,114,2
122000220,18,211,-193
122000221,14,266,-252
122000222,42,29,13
122000223,55,151,-96
122000225,72,142,-70
122000226,35,367,-332
122000227,1,116,-115
122000228,24,63,-39
122000229,2,115,-113
122000230,1,62,-61
122000231,21,135,-114
122000232,82,55,27
122000233,0,18,-18
122000234,60,16,44
122000235,228,23,205
122000236,158,16,142
122000237,3,2,1
122000238,35,97,-62
122000239,35,22,13
122000240,205,61,144
122000241,221,59,162
122000242,27,1,26
122000243,16,10,6
122000244,19,54,-35
122000245,0,0,0
122000246,30,48,-18
122000247,50,82,-32
122000248,108,101,7
122000249,134,158,-24
122000250,140,186,-46
122000251,0,0,0
122000252,24,21,3
122000253,0,0,0
122000254,40,6,34
122000255,52,104,-52
122000256,4,35,-31
122000257,1,55,-54
122000258,73,103,-30
122000259,5,124,-119
122000260,3,35,-32
122000261,6,55,-49
122000262,0,0,0
122000263,51,3,48
122000264,556,90,466
122000265,382,98,284
122000266,435,65,370
122000267,0,0,0
122000268,24,36,-12
122000269,59,36,23
122000270,12,9,3
122000271,0,0,0
122000272,0,0,0
122000273,12,0,12
122000274,6,0,6
122000275,0,11,-11
122000276,100,142,-42
122000277,256,356,-100
122000278,268,166,102
122000279,2,5,-3
122000280,49,9,40
122000281,44,35,9
122000282,20,307,-287
122000283,15,13,2
122000284,13,10,3
122000285,0,0,0
122000286,0,0,0
122000287,790,408,382
122000288,61,80,-19
122000291,809,282,527
122000293,11,45,-34
122000294,31,136,-105
122000295,306,37,269
122000296,35,361,-326
122000297,493,1162,-669
122000299,241,571,-330
122000300,42,44,-2
122000301,172,828,-656
122000302,122,608,-486
122000303,262,71,191
122000304,0,32,-32
122000305,415,128,287
122000306,1,77,-76
122000307,0,0,0
122000309,0,0,0
122000310,8,22,-14
122000311,0,14,-14
122000312,7,50,-43
122000313,10,36,-26
122000314,80,132,-52
122000315,124,2,122
122000316,375,77,298
122000317,410,57,353
122000318,51,128,-77
122000319,7,116,-109
122000320,3,51,-48
122000321,0,22,-22
122000322,411,340,71
122000323,136,253,-117
122000324,177,601,-424
122000325,165,255,-90
122000326,1,0,1
122000327,42,153,-111
122000328,63,109,-46
122000330,158,414,-256
122000333,1,1,0
122000337,101,105,-4
122000338,140,9,131
122000340,17,49,-32
122000342,115,137,-22
122000343,22,38,-16
122000344,29,1,28
122000345,44,8,36
122000346,29,4,25
122000348,157,118,39
122000349,2,33,-31
122000351,32,15,17
122000352,20,1,19
122000353,22,0,22
122000355,33,616,-583
122000356,65,90,-25
122000357,17,3,14
122000358,0,0,0
122000359,0,0,0
122000360,0,0,0
122000362,0,10,-10
122000364,49,13,36
122000365,0,10,-10
122000366,10,0,10
122000368,23,72,-49
122000370,0,0,0
122000371,0,0,0
122000372,0,0,0
122000381,9,35,-26
122000382,0,4,-4
122000384,132,386,-254
122000385,1,0,1
122000386,18,448,-430
122000387,41,94,-53
122000388,68,403,-335
122000389,26,49,-23
122000390,35,250,-215
122000391,1,117,-116
122000392,13,5,8
122000393,15,8,7
122000394,79,8,71
122000395,56,18,38
122000396,16,0,16
122000399,27,30,-3
122000400,20,133,-113
122000401,20,0,20
122000402,69,36,33
122000403,0,0,0
122000404,64,8,56
122000408,154,175,-21
122000503,0,16,-16
122000524,0,1,-1
122000544,11,31,-20
122000614,21,54,-33
122000616,0,0,0
122000640,14,1,13
122000641,3,14,-11
122000642,136,80,56
122000643,34,249,-215
122000644,0,0,0
122000645,28,36,-8
122000651,85,493,-408
122000664,81,20,61
122000665,45,125,-80
122000666,24,95,-71
122000673,3,8,-5
122000674,72,84,-12
122000675,748,279,469
122000686,0,64,-64
122000687,157,16,141
122000688,126,45,81
122000689,185,24,161
122000690,610,15,595
122000691,346,53,293
122000692,543,25,518
122000693,202,169,33
122000695,1,0,1
122000696,111,3,108
122000698,2,1,1
122000699,44,27,17
122000701,347,51,296
122000702,83,225,-142
122000703,18,27,-9
122000712,0,0,0
122000717,49,275,-226
122000718,82,822,-740
122000719,2,43,-41
122000720,225,31,194
122000724,48,1,47
122900001,0,0,0
122900002,28,348,-320
122900003,15,0,15
122900004,0,0,0
122900005,0,0,0
122900006,0,0,0
122900007,0,0,0
122900008,0,0,0
122900009,0,0,0
122900010,25,0,25
122900012,9,23,-14
122900014,0,0,0
122900015,96,28,68
122900016,0,0,0
122900017,0,0,0
122900018,0,0,0
122900020,0,0,0
122900021,0,0,0
122900022,0,0,0
122900023,0,0,0
122900024,0,0,0
122900025,0,0,0
122900026,0,0,0
122900027,0,101,-101
122900028,0,0,0
122900029,10,1,9
122900030,0,0,0
122900031,0,32,-32
122900032,0,0,0
122900033,8,55,-47
122900034,12,77,-65
122900035,0,0,0
122900036,0,0,0
122900037,0,0,0
122900038,2,79,-77
122900039,0,5,-5
122900040,1,8,-7
122900041,2,9,-7
122900042,11,5,6
122900043,2,24,-22
122900044,0,11,-11
122900045,4,27,-23
122900046,2,18,-16
122900047,4,3,1
122900048,0,0,0
122900049,0,0,0
122900051,0,0,0
122900052,63,0,63
122900053,0,5,-5
122900055,5,0,5
122900057,3,1,2
122900061,0,0,0
122900062,0,0,0
122900063,0,0,0
122900064,0,0,0
122900065,0,0,0
122900066,0,0,0
122900067,0,0,0
122900069,0,0,0
122900070,116,17,99
122900071,0,0,0
122900073,0,0,0
122900074,190,0,190
122900075,0,0,0
122900076,0,0,0
122900077,0,0,0
122900078,95,0,95
122900080,0,0,0
122900081,15,0,15
122900082,323,1,322
122900083,0,0,0
122900084,0,0,0
122900086,0,0,0
122900087,71,1,70
122900088,0,1,-1
122900089,0,0,0
122900090,0,0,0
122900091,0,0,0
122900092,0,0,0
122900093,0,0,0
122900094,0,0,0
122900095,0,0,0
122900096,32,0,32
122900097,0,0,0
122900098,0,0,0
122900099,0,0,0
122900100,0,0,0
122900101,0,0,0
122900102,0,0,0
122900103,0,0,0
122900104,0,0,0
122900105,0,0,0
122900106,0,0,0
122900107,0,0,0
122900108,0,0,0
122900109,0,0,0
123000001,256,95,161
123000002,317,1800,-1483
123000003,337,564,-227
123000004,845,1334,-489
123000005,656,492,164
123000006,699,874,-175
123000007,789,519,270
123000008,415,376,39
123000009,1088,1118,-30
123000010,473,249,224
123000011,493,540,-47
123000012,41,92,-51
123000013,457,247,210
123000014,17,113,-96
123000015,833,370,463
123000016,21,249,-228
123000017,3271,1754,1517
123000018,117,76,41
123000019,152,9,143
123000020,74,3,71
123000021,114,63,51
123000022,367,190,177
123000023,1058,888,170
123000024,462,273,189
123000025,62,67,-5
123000026,1,61,-60
123000027,8,204,-196
123000028,485,1976,-1491
123000029,7,367,-360
123000030,1,51,-50
123000031,235,30,205
123000032,394,87,307
123000033,52,61,-9
123000034,459,348,111
123000035,37,244,-207
123000036,38,550,-512
123000037,2,4,-2
123000038,22,101,-79
123000039,240,902,-662
123000040,27,14,13
123000041,134,769,-635
123000042,56,42,14
123000043,497,1311,-814
123000044,772,245,527
123000045,10,32,-22
123000046,40,298,-258
123000047,72,37,35
123000048,2,639,-637
123000049,1682,1744,-62
123000050,1209,455,754
123000051,41,117,-76
123000052,212,495,-283
123000053,383,598,-215
123000054,376,923,-547
123000055,1004,1801,-797
123000056,60,264,-204
123000057,320,567,-247
123000058,92,170,-78
123000059,136,1236,-1100
123000060,167,110,57
123000061,97,523,-426
123000063,84,37,47
123000064,127,39,88
123000065,228,216,12
123000066,37,123,-86
123000067,218,163,55
123000068,413,365,48
123000069,246,153,93
123000070,50,26,24
123000071,248,115,133
123000072,92,25,67
123000073,371,199,172
123000074,180,64,116
123000075,222,454,-232
123000076,50,106,-56
123000077,205,67,138
123000078,415,291,124
123000079,753,480,273
123000080,475,56,419
123000081,8,12,-4
123000082,33,45,-12
123000083,250,111,139
123000084,156,45,111
123000085,100,37,63
123000086,174,64,110
123000087,89,91,-2
123000088,458,66,392
123000089,282,266,16
123000090,0,0,0
123000091,593,244,349
123000092,0,0,0
123000094,76,26,50
123000095,160,190,-30
123000096,254,58,196
123000097,224,12,212
123000098,130,38,92
123000099,200,55,145
123000100,65,189,-124
123000101,63,68,-5
123000102,206,456,-250
123000104,130,73,57
123000105,20,8,12
123000106,73,50,23
123000107,2,2,0
123000108,104,19,85
123000111,167,86,81
123000112,129,50,79
123000113,62,44,18
123000114,70,157,-87
123000115,25,112,-87
123000116,3,29,-26
123000117,240,235,5
123000118,85,122,-37
123000119,76,77,-1
123000120,97,72,25
123000121,119,134,-15
123000122,0,0,0
123000123,218,129,89
123000124,0,0,0
123000125,336,321,15
123000126,237,1163,-926
123000127,70,39,31
123000128,0,0,0
123000129,393,28,365
123000130,313,14,299
123000131,298,212,86
123000132,0,0,0
123000133,0,0,0
123000134,42,14,28
123000135,293,137,156
123000136,0,0,0
123000137,0,1,-1
123000138,0,0,0
123000139,224,10,214
123000140,0,0,0
123000141,47,28,19
123000142,125,36,89
123000143,104,180,-76
123000144,0,2,-2
123000145,27,149,-122
123000146,1,54,-53
123000147,14,64,-50
123000149,61,97,-36
123000150,34,5,29
123000151,62,140,-78
123000152,4,53,-49
123000153,6,322,-316
123000154,134,542,-408
123000155,162,356,-194
123000156,13,18,-5
123000157,42,133,-91
123000158,157,199,-42
123000159,293,625,-332
123000160,209,453,-244
123000161,174,145,29
123000162,355,412,-57
123000163,310,48,262
123000164,506,27,479
123000165,25,226,-201
123000166,0,3,-3
123000167,34,22,12
123000168,79,27,52
123000169,231,23,208
123000170,6,0,6
123000171,173,0,173
123000172,4,18,-14
123000173,232,24,208
123000174,193,63,130
123000175,1,33,-32
123000176,453,96,357
123000177,74,73,1
123000178,259,68,191
123000179,1,74,-73
123000180,479,98,381
123000181,11,97,-86
123000183,40,52,-12
123000186,11,27,-16
123000187,285,10,275
123000188,169,1,168
123000189,4,24,-20
123000190,0,40,-40
123000192,0,18,-18
123000193,0,112,-112
123000194,7,62,-55
123000195,58,1,57
123000196,70,10,60
123000197,43,17,26
123000198,5,47,-42
123000199,1,39,-38
123000200,314,11,303
123000201,358,11,347
123000202,2,46,-44
123000203,427,12,415
123000204,1,75,-74
123000205,46,103,-57
123000206,1128,49,1079
123000207,5,94,-89
123000208,409,34,375
123000209,1006,93,913
123000210,8,185,-177
123000211,98,179,-81
123000212,1699,133,1566
123000213,261,120,141
123000215,76,141,-65
123000216,44,314,-270
123000217,87,0,87
123000218,9,4,5
123000219,148,36,112
123000220,165,16,149
123000222,72,53,19
123000223,123,67,56
123000224,140,48,92
123000225,110,6,104
123000226,73,3,70
123000227,25,1,24
123000228,183,5,178
123000229,170,94,76
123000232,2,41,-39
123000233,246,11,235
123000234,4,9,-5
123000235,180,34,146
123000236,23,29,-6
123000237,272,11,261
123000238,1,6,-5
123000239,25,40,-15
123000240,9,268,-259
123000241,57,15,42
123000243,91,61,30
123000244,79,58,21
123000245,0,0,0
123000249,0,0,0
123000252,256,32,224
123000253,409,237,172
123000254,116,114,2
123000255,130,233,-103
123000256,24,4,20
123000257,73,32,41
123000258,302,177,125
123000259,201,218,-17
123000260,306,44,262
123000261,231,65,166
123000262,4,7,-3
123000263,117,29,88
123000264,118,58,60
123000265,16,9,7
123000266,84,92,-8
123000267,68,116,-48
123000268,6,13,-7
123000269,28,64,-36
123000270,8,53,-45
123000271,2,13,-11
123000272,318,67,251
123000273,98,482,-384
123000274,430,223,207
123000275,20,32,-12
123000278,458,420,38
123000279,31,35,-4
123000280,267,330,-63
123000281,63,45,18
123000282,19,67,-48
123000283,130,67,63
123000284,11,13,-2
123000286,58,417,-359
123000287,126,105,21
123000288,246,345,-99
123000289,64,361,-297
123000291,13,7,6
123000294,70,335,-265
123000295,369,863,-494
123000296,536,817,-281
123000297,104,88,16
123000298,173,95,78
123000299,34,163,-129
123000300,576,708,-132
123000301,41,138,-97
123000302,160,21,139
123000303,13,473,-460
123000305,62,224,-162
123000306,81,1,80
123000309,14,10,4
123000310,30,3,27
123000311,3,1,2
123000312,212,93,119
123000313,478,276,202
123000315,315,46,269
123000316,64,57,7
123000317,43,59,-16
123000318,4,68,-64
123000329,0,3,-3
123000337,185,159,26
123000338,106,145,-39
123000339,57,15,42
123000340,100,100,0
123000342,0,9,-9
123000343,4,1,3
123000344,170,73,97
123000345,190,75,115
123000346,481,93,388
123000352,54,117,-63
123000353,11,12,-1
123000354,394,3,391
123000355,0,114,-114
123000356,115,1,114
123000357,0,3,-3
123000359,0,2,-2
123000360,68,75,-7
123000361,77,2,75
123000362,79,5,74
123000363,89,1,88
123000364,144,149,-5
123000365,0,5,-5
123000366,134,368,-234
123000367,153,233,-80
123000370,15,0,15
123000371,55,5,50
123000372,47,3,44
123000373,0,1,-1
123000374,0,0,0
123000375,227,22,205
123000376,249,201,48
123000377,109,0,109
123000378,0,0,0
123000379,0,43,-43
123000380,0,0,0
123000381,4,24,-20
123000382,106,42,64
123000383,0,0,0
123000384,81,40,41
123000385,0,0,0
123000436,42,591,-549
123000507,148,63,85
123000508,237,1053,-816
123000517,25,1,24
123000518,10,30,-20
123000519,3,0,3
123000520,3,54,-51
123000521,28,20,8
123000522,48,98,-50
123000541,3,1,2
123000542,0,0,0
123000565,215,4,211
123000566,67,28,39
123000567,40,63,-23
123000575,0,0,0
123000576,49,1,48
123000577,0,1,-1
123000578,86,22,64
123000579,357,1358,-1001
123000580,31,19,12
123000582,102,0,102
123000583,36,1,35
123000584,75,50,25
123000585,0,0,0
123000586,32,1,31
123000596,47,26,21
123000597,100,105,-5
123000602,4,4,0
123000603,146,4,142
123000604,48,6,42
123000605,206,10,196
123000606,0,0,0
123000609,27,57,-30
123000610,17,32,-15
123000613,3,3,0
123000615,1,6,-5
123000616,114,18,96
123000617,0,0,0
123000618,0,0,0
123000619,143,34,109
123000620,0,0,0
123000622,164,2,162
123000624,46,62,-16
123000630,846,81,765
123000631,448,53,395
123000632,268,63,205
123000633,12,153,-141
123000634,0,42,-42
123000635,0,0,0
123000636,30,70,-40
123000637,36,0,36
123000638,155,64,91
123000639,1197,1392,-195
123000640,11,0,11
123000648,341,70,271
123000649,16,31,-15
123000650,59,43,16
123000651,128,27,101
123000652,176,1,175
123000653,0,0,0
123000654,0,62,-62
123000655,13,110,-97
123000656,134,88,46
123000657,0,0,0
123000658,73,2,71
123900001,0,0,0
123900002,0,0,0
123900003,0,0,0
123900005,0,0,0
123900006,0,0,0
124000001,565,80,485
124000002,0,103,-103
124000003,465,38,427
124000004,0,14,-14
124000005,373,196,177
124000006,0,42,-42
124000007,56,34,22
124000008,0,17,-17
124000009,425,38,387
124000010,36,21,15
124000011,375,96,279
124000012,2,1,1
124000017,77,28,49
124000018,0,0,0
124000019,58,25,33
124000020,0,0,0
124000021,43,14,29
124000022,0,0,0
124000023,110,44,66
124000024,232,82,150
124000025,73,80,-7
124000026,308,27,281
124000027,110,48,62
124000028,530,25,505
124000031,320,1928,-1608
124000032,0,4,-4
124000033,353,291,62
124000034,5,49,-44
124000035,93,11,82
124000036,0,20,-20
124000037,35,141,-106
124000038,0,1,-1
124000039,47,1,46
124000040,23,29,-6
124000041,191,5,186
124000042,1,10,-9
124000043,33,30,3
124000044,0,5,-5
124000045,385,77,308
124000046,0,0,0
124000047,450,51,399
124000048,0,0,0
124000049,812,79,733
124000050,0,0,0
124000051,493,68,425
124000052,0,0,0
124000053,281,688,-407
124000054,0,0,0
124000055,597,793,-196
124000056,5,1,4
124000057,541,188,353
124000058,4,3,1
124000059,471,515,-44
124000060,61,20,41
124000061,603,1302,-699
124000062,95,50,45
124000063,225,57,168
124000064,114,68,46
124000065,0,0,0
124000066,9,15,-6
124000067,20,11,9
124000068,0,0,0
124000069,148,5,143
124000070,0,0,0
124000071,4,8,-4
124000072,0,0,0
124000073,215,27,188
124000074,0,0,0
124000075,195,10,185
124000076,0,0,0
124000077,25,38,-13
124000078,192,252,-60
124000079,5,79,-74
124000080,136,9,127
124000081,0,0,0
124000082,32,74,-42
124000083,3,0,3
124000084,4,192,-188
124000085,0,0,0
124000086,8,118,-110
124000087,32,82,-50
124000088,4,61,-57
124000089,178,14,164
124000090,3,19,-16
124000091,229,46,183
124000092,49,159,-110
124000093,49,33,16
124000094,16,87,-71
124000095,50,6,44
124000096,40,43,-3
124000097,189,4,185
124000098,27,13,14
124000099,21,46,-25
124000100,2,52,-50
124000101,84,14,70
124000102,47,16,31
124000103,163,37,126
124000104,55,9,46
124000105,145,56,89
124000106,28,11,17
124000107,12,230,-218
124000108,7,4,3
124000109,72,25,47
124000110,37,1,36
124000111,134,42,92
124000112,251,124,127
124000113,55,30,25
124000114,89,107,-18
124000115,135,129,6
124000116,28,39,-11
124000117,8,10,-2
124000118,1,53,-52
124000119,204,89,115
124000120,114,39,75
124000121,490,190,300
124000122,41,136,-95
124000123,360,70,290
124000124,100,140,-40
124000125,223,81,142
124000126,55,50,5
124000127,642,48,594
124000128,180,76,104
124000129,539,371,168
124000130,75,11,64
124000131,307,137,170
124000132,137,64,73
124000133,460,215,245
124000134,120,196,-76
124000135,435,616,-181
124000136,33,121,-88
124000137,156,239,-83
124000138,47,172,-125
124000139,166,1,165
124000140,40,108,-68
124000141,201,15,186
124000142,15,95,-80
124000143,13,0,13
124000144,0,6,-6
124000145,27,2,25
124000146,0,1,-1
124000148,2,8,-6
124000149,221,88,133
124000150,35,54,-19
124000151,230,74,156
124000152,54,46,8
124000153,167,265,-98
124000154,21,25,-4
124000155,347,119,228
124000156,45,40,5
124000169,29,45,-16
124000170,81,95,-14
124000171,56,55,1
124000172,90,35,55
124000173,103,25,78
124000174,119,89,30
124000175,0,0,0
124000176,0,26,-26
124000177,0,0,0
124000178,6,53,-47
124000185,2,0,2
124000186,19,3,16
124000187,1,1,0
124000188,4,2,2
124000190,14,25,-11
124000191,1,87,-86
124000192,234,153,81
124000193,0,0,0
124000194,59,16,43
124000195,216,180,36
124000196,120,47,73
124000197,57,12,45
124000198,58,26,32
124000201,10,0,10
124000202,184,26,158
124000203,46,1,45
124000204,429,8,421
124000205,29,0,29
124000206,429,89,340
124000207,0,0,0
124000209,53,5,48
124000210,289,72,217
124000211,403,0,403
124000212,0,0,0
124000213,29,0,29
124000214,194,9,185
124000215,347,13,334
124000216,0,0,0
124000329,0,38,-38
124000338,0,96,-96
124000339,461,0,461
124000341,486,2,484
124000344,35,11,24
124000357,902,1282,-380
124000358,749,1451,-702
124000359,624,168,456
124000360,249,211,38
124000361,612,409,203
124000362,0,0,0
124000363,0,0,0
124000364,0,0,0
124000365,7,104,-97
124000366,86,1003,-917
124000367,1,12,-11
124000368,143,194,-51
124000369,19,58,-39
124000370,0,0,0
124000402,2,11,-9
124000403,61,7,54
124000404,7,10,-3
124000405,630,81,549
124000406,105,111,-6
124000407,1,4,-3
124000411,0,43,-43
124000412,93,1,92
124000413,1,21,-20
124000414,217,34,183
124000415,33,9,24
124000416,58,42,16
124000417,88,42,46
124000418,151,17,134
124000419,64,28,36
124000420,112,11,101
124000421,54,4,50
124000422,0,8,-8
124000423,25,22,3
124000424,0,4,-4
124000425,5,7,-2
124000426,0,3,-3
124000427,79,0,79
124000428,0,20,-20
124000429,26,8,18
124000430,99,83,16
124000431,28,15,13
124000432,70,211,-141
124000439,31,1,30
124000443,0,0,0
124000445,4,412,-408
124000446,11,28,-17
124000447,2,57,-55
124000448,33,0,33
124000449,24,0,24
124000450,0,2,-2
124000451,0,3,-3
124000452,16,14,2
124000453,1398,927,471
124000454,64,2368,-2304
124000455,0,0,0
124000456,600,5,595
124000457,0,0,0
124000458,0,0,0
124000459,110,1,109
124000460,0,0,0
124900001,0,0,0
124900002,0,0,0
124900003,0,0,0
124900004,0,0,0
124900005,0,0,0
124900006,0,0,0
124900008,0,0,0
124900009,0,0,0
124900010,0,0,0
124900011,0,0,0
124900012,0,0,0
124900013,0,0,0
124900014,0,0,0
124900015,6,48,-42
124900016,15,6,9
124900017,0,8,-8
124900018,0,0,0
124900020,7,0,7
124900021,13,7,6
124900022,24,0,24
124900024,66,0,66
124900026,0,0,0
124900027,0,0,0
124900028,0,0,0
124900029,0,0,0
124900030,0,0,0
124900031,0,0,0
124900032,0,0,0
124900033,0,0,0
124900034,0,0,0
124900035,0,0,0
124900036,0,0,0
124900037,0,0,0
124900038,0,0,0
124900039,0,0,0
124900040,0,0,0
124900041,0,0,0
124900042,0,0,0
124900043,0,0,0
124900044,0,0,0
124900045,0,0,0
124900047,0,0,0
124900048,0,0,0
124900050,0,0,0
124900052,0,0,0
124900053,0,0,0
124900054,0,0,0
124900055,0,0,0
124900057,0,0,0
124900060,0,0,0
124900061,12,1,11
124900062,16,0,16
124900066,0,0,0
124900067,0,0,0
124900068,0,0,0
124900070,0,0,0
124900072,0,0,0
124900075,0,0,0
124900076,0,0,0
124900077,0,0,0
124900078,0,0,0
124900079,0,0,0
124900080,0,0,0
124900081,0,0,0
124900082,0,0,0
124900083,0,0,0
124900085,0,0,0
124900086,0,0,0
124900087,0,0,0
124900088,0,0,0
124900089,0,0,0
124900090,39,2,37
124900091,0,0,0
124900092,0,0,0
124900093,30,2,28
124900094,70,5,65
124900095,7,10,-3
124900096,7,1,6
124900097,41,0,41
124900098,0,0,0
124900099,0,0,0
124900100,53,0,53
124900101,41,0,41
124900102,67,0,67
124900103,0,0,0
124900104,0,0,0
124900105,0,0,0
124900106,22,1,21
124900107,1,1,0
124900108,0,0,0
124900111,0,0,0
124900112,0,0,0
124900113,0,0,0
124900114,0,0,0
124900115,0,0,0
124900116,28,32,-4
124900117,0,0,0
124900118,2,86,-84
124900119,0,0,0
124900120,0,0,0
124900121,0,0,0
124900122,0,0,0
124900123,0,0,0
124900124,0,0,0
124900125,169,3,166
124900126,0,0,0
204000001,74,0,74
204000002,15,1,14
204000003,8,1,7
204000004,4,2,2
204000005,229,396,-167
204000006,689,1103,-414
204000011,0,0,0
204000012,0,0,0
204000019,689,206,483
204000020,281,218,63
204000021,357,281,76
204000022,509,220,289
204000023,0,0,0
204000031,26,4,22
204000032,93,7,86
204000034,8,16,-8
204000035,0,0,0
204000036,0,0,0
204000037,0,0,0
204000038,0,0,0
204000039,0,0,0
204000040,0,0,0
204000041,0,0,0
204000042,9,0,9
204000043,3,5,-2
204000044,10,0,10
204000045,7,9,-2
204000046,1,0,1
204000057,0,0,0
204000062,0,0,0
204000068,0,0,0
204000069,0,0,0
204000070,58,41,17
204000080,0,0,0
204000085,0,0,0
204000086,0,0,0
204000087,11,3,8
204000088,0,0,0
204000090,0,0,0
204000093,53,15,38
204000096,617,192,425
204000097,92,8,84
204000099,756,1352,-596
204000100,926,579,347
204000105,0,0,0
204000110,0,0,0
204000111,0,0,0
204000112,0,0,0
204000113,0,0,0
204000114,273,444,-171
204000115,407,136,271
204000116,126,179,-53
204000119,1332,638,694
204000132,499,282,217
204000133,636,23,613
204000134,141,17,124
204000135,639,51,588
204000136,195,70,125
204000138,171,435,-264
204000140,125,131,-6
204000141,154,64,90
204000144,1,12,-11
204000145,77,2,75
204000146,0,0,0
204000147,50,4,46
204000148,81,6,75
204000154,2,0,2
204000155,0,0,0
204000177,82,6,76
204000179,6,1,5
204000180,0,1,-1
204000222,0,0,0
204000236,0,0,0
204000238,11,2,9
204000240,541,26,515
204000263,0,0,0
204000268,498,186,312
204000308,8,0,8
204000317,0,0,0
204000322,0,0,0
204000323,4,3,1
204000328,256,40,216
204000329,13,43,-30
204000330,45,12,33
204000331,13,6,7
205000001,0,0,0
205000013,0,0,0
205000014,0,0,0
205000015,0,0,0
205000016,0,0,0
205000017,0,0,0
205000022,0,0,0
205000025,0,0,0
205000029,91,21,70
205000045,0,0,0
205000046,0,0,0
205000047,0,0,0
205000048,0,0,0
205000049,0,0,0
205000050,0,0,0
205000059,0,0,0
205000060,0,0,0
205000061,0,0,0
205000062,0,0,0
205000063,0,0,0
205000064,0,0,0
205000065,0,0,0
205000066,0,0,0
205000067,0,0,0
205000069,84,34,50
205000082,71,46,25
205000110,0,0,0
205000111,0,0,0
205000112,88,124,-36
205000113,0,0,0
205000121,54,22,32
205000123,0,0,0
205000126,428,60,368
205000127,613,37,576
205000128,301,16,285
205000129,371,28,343
205000130,138,13,125
205000131,37,7,30
205000132,33,8,25
205000133,46,0,46
205000134,135,0,135
205000137,0,0,0
205000138,0,0,0
205000139,0,0,0
205000144,35,35,0
205000145,126,38,88
205000151,50,29,21
205000152,41,25,16
205000153,153,11,142
205000154,15,19,-4
205000155,60,11,49
205000207,0,0,0
205000233,8,0,8
205000234,0,0,0
205000243,0,5,-5
205000244,0,0,0
205000245,0,0,0
205000249,0,0,0
205000250,0,1,-1
205000264,0,0,0
206000027,0,19,-19
206000028,0,3,-3
206000043,1,16,-15
206000053,0,0,0
206000054,0,0,0
206000055,0,0,0
206000075,0,12,-12
206000076,8,10,-2
206000077,0,1,-1
206000078,0,1,-1
206000079,0,2,-2
206000082,27,3,24
206000100,5,98,-93
206000103,0,0,0
206000104,0,0,0
206000105,0,0,0
206000106,0,0,0
206000125,46,0,46
206000157,0,0,0
206000170,0,0,0
206000171,0,2,-2
206000172,0,9,-9
206000173,0,0,0
206000174,0,0,0
206000175,0,0,0
206000176,0,3,-3
206000177,0,0,0
206000178,0,8,-8
206000179,0,3,-3
206000180,0,6,-6
206000181,0,9,-9
206000182,1,4,-3
206000183,15,14,1
206000184,0,0,0
206000185,0,0,0
206000186,0,19,-19
206000223,0,0,0
206000226,9,0,9
206000227,1,1,0
206000237,5,15,-10
206000238,0,10,-10
206000239,16,93,-77
206000240,0,0,0
206000241,0,12,-12
206000242,0,0,0
206000243,0,0,0
206000244,0,1,-1
206000245,484,19,465
206000246,152,8,144
206000247,152,0,152
206000248,194,3,191
206000252,1,24,-23
206000258,0,0,0
206000315,5,6,-1
206000317,234,69,165
206000318,180,12,168
206000319,547,33,514
206000320,156,9,147
206000321,137,8,129
206000322,94,2,92
206000323,94,2,92
206000324,75,5,70
206000325,73,5,68
206000326,90,5,85
206000327,10,21,-11
206000328,37,5,32
206000329,220,8,212
206000330,16,2,14
206000331,199,0,199
206000332,2,0,2
206000333,481,0,481
206000334,171,1,170
206000335,0,0,0
206000361,0,0,0
206000392,0,0,0
206000405,35,0,35
206000441,22,38,-16
206000498,19,0,19
206000515,23,14,9
206000530,103,24,79
206000531,82,107,-25
206000532,216,57,159
206000535,2,197,-195
206000536,0,13,-13
206000537,0,13,-13
206000613,267,44,223
206000784,167,41,126
207000001,0,0,0
207000002,0,0,0
207000003,0,0,0
207000007,924,74,850
207000008,79,0,79
207000009,24,1,23
207000010,32,130,-98
207000012,255,40,215
207000015,64,127,-63
207000019,133,27,106
207000021,92,177,-85
207000022,128,40,88
207000023,72,22,50
207000024,0,5,-5
207000025,10,18,-8
207000026,0,0,0
207000027,0,0,0
207000028,0,0,0
207000029,0,0,0
207000033,120,152,-32
207000034,38,8,30
207000039,296,7,289
207000040,229,20,209
207000041,17,5,12
207000042,129,6,123
207000043,38,62,-24
207000051,0,0,0
207000052,0,0,0
207000053,0,0,0
207000054,0,0,0
207000055,0,0,0
207000056,0,0,0
207000057,0,0,0
207000058,0,0,0
207000059,0,0,0
207000060,0,0,0
207000061,53,904,-851
207000062,370,19,351
207000063,240,3,237
207000064,144,12,132
207000065,138,42,96
207000066,392,76,316
207000067,89,25,64
207000068,57,25,32
207000069,337,103,234
207000082,0,79,-79
207000083,33,68,-35
207000084,282,64,218
207000085,196,23,173
207000086,419,2,417
207000106,33,3,30
207000107,81,1,80
207000108,62,2,60
207000109,33,0,33
207000110,28,3,25
207000111,50,8,42
207000112,59,106,-47
207000114,0,0,0
207000115,0,0,0
207000116,0,0,0
207000117,0,0,0
207000118,0,0,0
207000119,0,0,0
207000123,101,2,99
207000124,45,9,36
207000125,51,2,49
207000126,54,1,53
207000134,122,22,100
207000135,17,211,-194
207000148,88,83,5
207000149,0,0,0
207000152,0,0,0
207000153,0,0,0
207000154,95,67,28
207000159,0,0,0
207000160,0,0,0
207000238,0,0,0
207000242,0,0,0
207000248,0,0,0
207000249,0,0,0
207000250,0,0,0
207000251,0,0,0
207000252,0,0,0
207000278,92,54,38
207000279,0,0,0
207000280,570,22,548
207000281,30,91,-61
207000282,7,152,-145
207000283,0,10,-10
207000284,4,468,-464
207000285,3,31,-28
207000291,0,0,0
207000304,37,9,28
207000306,0,0,0
207000310,50,31,19
207000353,14,0,14
207000356,0,0,0
207000357,0,62,-62
207000358,0,22,-22
207000415,0,0,0
207000417,12,0,12
207000418,47,15,32
207000438,0,0,0
207000439,122,66,56
207000446,13,0,13
207000460,67,1,66
207000466,0,0,0
207000467,192,10,182
207000468,0,0,0
207000476,19,0,19
207000477,151,5,146
207000478,0,0,0
207000523,0,0,0
207000524,28,0,28
207000527,107,28,79
207000530,134,0,134
207000531,65,0,65
207000532,3,0,3
207000534,24,48,-24
207000535,0,0,0
207000537,0,0,0
207000540,0,0,0
207000541,0,0,0
207000548,0,0,0
207000549,29,1,28
207000561,74,19,55
207000562,0,0,0
207000567,0,0,0
207000568,25,0,25
207000569,224,8,216
207000584,0,0,0
207000585,1,20,-19
207000587,242,0,242
207000616,0,0,0
207000617,99,1,98
207000624,3,7,-4
207000631,3,10,-7
207900008,305,36,269
208000001,210,395,-185
208000002,413,379,34
208000003,411,347,64
208000004,337,267,70
208000005,0,0,0
208000019,422,240,182
208000020,94,123,-29
208000021,42,37,5
208000022,106,145,-39
208000028,22,440,-418
208000033,50,72,-22
208000034,70,155,-85
208000037,92,2,90
208000040,64,23,41
208000041,101,142,-41
208000042,244,199,45
208000047,0,0,0
208000064,717,658,59
208000066,457,659,-202
208000070,207,209,-2
208000071,337,57,280
208000072,297,158,139
208000080,112,152,-40
208000081,189,32,157
208000082,6,0,6
208000083,9,0,9
208000084,13,42,-29
208000085,16,9,7
208000086,13,6,7
208000087,26,17,9
208000089,1,0,1
208000090,0,0,0
208000093,0,0,0
208000094,36,51,-15
208000095,146,24,122
208000104,812,192,620
208000105,414,230,184
208000114,41,369,-328
208000115,144,203,-59
208000116,238,701,-463
208000117,0,77,-77
208000118,74,76,-2
208000155,18,51,-33
208000158,42,132,-90
208000186,257,798,-541
208000204,18,62,-44
208000205,105,64,41
208000282,60,71,-11
209000004,166,40,126
209000005,21,2,19
209000006,300,75,225
209000007,216,141,75
209000010,0,0,0
209000011,0,0,0
209000012,0,0,0
209000013,0,0,0
209000014,0,0,0
209000025,204,44,160
209000026,499,56,443
209000027,0,0,0
209000028,0,0,0
209000029,0,0,0
209000030,0,0,0
209000031,0,0,0
209000034,90,187,-97
209000035,142,220,-78
209000036,352,39,313
209000037,449,117,332
209000038,227,107,120
209000039,116,76,40
209000040,145,38,107
209000041,79,36,43
209000042,68,42,26
209000043,110,41,69
209000044,193,77,116
209000045,289,33,256
209000046,193,33,160
209000047,212,19,193
209000048,645,174,471
209000049,0,0,0
209000050,0,0,0
209000051,0,0,0
209000052,0,0,0
209000062,0,0,0
209000063,0,0,0
209000064,0,0,0
209000065,205,36,169
209000066,98,33,65
209000067,153,46,107
209000080,0,0,0
209000082,9,10,-1
209000091,0,0,0
209000093,0,0,0
209000094,0,0,0
209000110,46,52,-6
209000111,245,612,-367
209000112,531,82,449
209000113,545,117,428
209000114,335,251,84
209000115,0,0,0
209000116,0,0,0
209000118,1,79,-78
209000119,0,0,0
209000121,0,0,0
209000135,8,22,-14
209000142,360,392,-32
209000143,0,0,0
209000144,35,109,-74
209000229,181,11,170
209000240,0,0,0
209000259,0,0,0
209000260,0,0,0
209000261,0,0,0
209000262,0,0,0
209000263,0,0,0
209000264,0,0,0
209000265,61,5,56
209000266,19,0,19
209000267,626,0,626
209000268,321,83,238
210000037,84,3,81
210000047,18,45,-27
210000048,21,6,15
210000049,36,0,36
210000052,0,0,0
210000053,0,0,0
210000054,0,0,0
210000070,162,13,149
210000071,62,2,60
210000072,29,0,29
210000073,0,0,0
210000074,0,0,0
210000075,0,0,0
210000076,0,0,0
210000077,0,0,0
210000078,0,0,0
210000079,15,1,14
210000080,11,27,-16
210000081,32,3,29
210000082,0,0,0
210000083,9,0,9
210000084,77,0,77
210000085,0,0,0
210000086,0,0,0
210000099,0,0,0
210000100,0,0,0
210000101,0,0,0
210000105,0,0,0
210000159,0,0,0
210000163,0,0,0
210000164,143,96,47
210000168,46,5,41
210000187,0,0,0
210000188,0,0,0
210000214,23,0,23
210000219,13,17,-4
210000220,88,33,55
210000232,0,0,0
210000233,0,0,0
210000234,0,0,0
210000235,0,0,0
210000245,0,0,0
210000246,21,6,15
210000258,0,0,0
210000259,49,4,45
210000282,0,0,0
210000285,0,0,0
210000286,0,0,0
210000290,0,4,-4
210000295,0,0,0
210000296,0,0,0
210000320,143,34,109
210000321,93,3,90
210000338,0,0,0
210000339,0,0,0
210000340,0,0,0
210000341,0,0,0
210000342,0,0,0
210000343,0,0,0
210000344,0,0,0
210000345,0,0,0
210000346,0,0,0
210000347,0,0,0
210000348,0,0,0
210000349,0,0,0
210000350,0,0,0
210000351,0,0,0
210000352,35,2,33
210000353,40,4,36
210000354,13,2,11
210000355,2,37,-35
210000356,2,49,-47
210000357,22,82,-60
210000358,16,84,-68
210000359,25,77,-52
210000360,90,45,45
210000361,79,60,19
210000362,104,53,51
210000363,287,114,173
210000364,171,22,149
210000365,69,20,49
210000366,81,10,71
210000367,8,0,8
210000368,48,18,30
210000369,30,19,11
210000370,55,2,53
210000372,1,5,-4
210000373,0,44,-44
210000374,33,31,2
210000375,10,3,7
210000376,5,36,-31
210000404,0,0,0
210000439,59,9,50
210000472,9,5,4
210000482,33,35,-2
210000564,71,24,47
210000567,3,28,-25
210000568,98,0,98
211000092,20,4,16
211000094,2,0,2
211000169,47,0,47
211000172,2,35,-33
211000209,0,1,-1
211000226,11,3,8
211000270,26,15,11
211000275,9,14,-5
211000276,51,1,50
211000279,0,10,-10
211000281,5,2,3
211000302,0,0,0
211507980,0,13,-13
211977296,6,1,5
212000003,152,11,141
212000004,0,0,0
212000005,0,0,0
212000006,0,0,0
212000008,0,0,0
212000009,0,0,0
212000012,0,0,0
212000013,0,0,0
212000014,0,0,0
212000015,0,0,0
212000016,0,0,0
212000027,455,50,405
212000028,252,88,164
212000029,93,173,-80
212000030,46,27,19
212000031,55,22,33
212000048,0,0,0
212000049,0,0,0
212000050,0,0,0
212000051,0,0,0
212000052,0,0,0
212000053,0,0,0
212000054,258,5,253
212000055,238,21,217
212000056,3,14,-11
212000057,0,18,-18
212000058,11,2,9
212000070,0,0,0
212000077,0,0,0
212000099,304,39,265
212000108,275,108,167
212000111,438,19,419
212000120,0,0,0
212000138,0,0,0
212000156,0,0,0
212000158,0,45,-45
212000159,502,45,457
212000160,569,37,532
212000161,132,60,72
212000310,0,0,0
212000311,2,57,-55
212000374,0,0,0
213000001,1,190,-189
213000005,285,33,252
213000006,249,55,194
213000007,28,3,25
213000009,156,114,42
213000010,306,59,247
213000011,135,23,112
213000012,0,0,0
213000014,29,2,27
213000015,75,0,75
213000016,183,1,182
213000017,58,1,57
213000018,0,0,0
213000019,0,0,0
213000020,7,3,4
213000021,0,8,-8
213000023,553,70,483
213000033,28,124,-96
213000034,258,60,198
213000035,180,164,16
213000045,31,72,-41
213000046,11,22,-11
213000047,35,544,-509
213000056,73,1,72
213000069,2,0,2
213000073,0,0,0
213000074,0,26,-26
213000075,245,4,241
213000076,3,0,3
213000085,0,0,0
213000086,0,0,0
213000091,107,1,106
213000092,9,8,1
213000099,2,223,-221
213000100,545,136,409
213000101,238,32,206
213000102,233,75,158
213000103,298,90,208
213000104,13,36,-23
213000105,0,20,-20
213000106,4,8,-4
213000107,39,6,33
213000108,0,24,-24
213000109,0,35,-35
213000110,0,16,-16
213000111,0,22,-22
213000112,3,96,-93
213000115,11,7,4
213000116,1,52,-51
213000117,0,59,-59
213000118,253,145,108
213000119,0,11,-11
213000120,0,9,-9
213000122,0,14,-14
213000123,3,20,-17
213000124,6,48,-42
213000125,150,75,75
213000126,0,5,-5
213000127,1,41,-40
213000128,9,107,-98
213000129,35,735,-700
213000130,431,410,21
213000132,232,129,103
213000133,577,63,514
213000134,835,4,831
213000136,340,5,335
213000137,351,7,344
213000139,99,2,97
213000147,2,0,2
213000148,5,0,5
213000149,0,0,0
213000150,0,0,0
213000151,0,0,0
213000152,0,0,0
213000153,0,0,0
213000154,0,0,0
213000155,0,0,0
213000156,0,0,0
213000157,0,0,0
213000158,8,53,-45
213000159,292,42,250
213000163,458,98,360
213000165,253,103,150
213000171,28,0,28
213000172,7,0,7
213000173,0,0,0
213000174,0,0,0
213000175,9,0,9
213000176,3,28,-25
213000177,3,6,-3
213000178,22,0,22
213000179,69,1,68
213000180,84,1,83
213000184,5,60,-55
213000188,250,18,232
213000189,303,18,285
213000190,96,41,55
213000191,320,10,310
213000192,227,0,227
213000193,0,0,0
213000194,0,0,0
213000195,0,0,0
213000196,0,0,0
213000197,485,171,314
213000198,0,0,0
213000200,62,24,38
213000201,0,35,-35
213000202,0,2,-2
213000203,734,154,580
213000204,569,5,564
213000205,176,11,165
213000206,433,8,425
213000207,9,0,9
213000208,2,0,2
213000209,8,1,7
213000210,40,1,39
213000211,0,0,0
213000212,0,0,0
213000213,0,0,0
213000218,146,235,-89
213000219,229,14,215
213000220,278,1,277
213000223,52,95,-43
213000224,5,26,-21
213000225,27,19,8
213000226,67,2,65
213000227,581,62,519
213000228,301,9,292
213000229,1,1,0
213000230,217,4,213
213000232,6,201,-195
213000233,0,0,0
213000234,0,0,0
213000293,0,1,-1
213000294,68,0,68
213000295,0,3,-3
213000296,39,18,21
213000297,0,0,0
213000298,0,0,0
213000299,6,17,-11
213000300,0,22,-22
213000303,0,0,0
213000304,0,0,0
213000305,1,5,-4
213000306,0,0,0
213000307,11,25,-14
213000308,0,0,0
213000309,71,30,41
213000310,62,49,13
213000311,3,176,-173
213000315,0,0,0
213000316,158,11,147
213000322,0,0,0
213000323,8,7,1
213000340,0,5,-5
213000341,426,45,381
213000346,61,88,-27
213000347,55,114,-59
213000348,0,1,-1
213000349,0,1,-1
213000350,30,197,-167
213000366,0,38,-38
213000367,218,8,210
213000379,2,0,2
213000386,3,13,-10
213000406,21,31,-10
213000417,569,142,427
213000425,73,11,62
213000426,36,1,35
213000427,22,0,22
213000428,1,39,-38
213000429,3,2,1
213000430,31,7,24
213000431,3,1,2
213000432,0,223,-223
213000433,1,6,-5
213000434,5,0,5
213000435,36,8,28
213000439,1,5,-4
213000441,0,3,-3
213000443,285,159,126
213000445,0,6,-6
213000446,0,112,-112
213000447,11,11,0
213000448,0,0,0
213000449,394,3,391
213000450,4,1,3
213000451,17,0,17
213000452,2,0,2
213000453,0,0,0
213000455,12,0,12
213000456,0,1,-1
213000481,5,0,5
213000482,6,0,6
213000489,16,9,7
213000491,0,0,0
213000492,32,0,32
213000493,0,0,0
213000494,64,51,13
213000495,0,0,0
213000496,266,95,171
213000497,0,5,-5
213000498,12,3,9
213000499,10,38,-28
213000500,189,8,181
213000501,61,11,50
213000502,16,12,4
213000503,0,8,-8
213000504,0,3,-3
213000505,1,0,1
213000506,0,0,0
213000507,0,1,-1
213900244,6,0,6
213900245,0,0,0
218000003,0,0,0
218000004,0,0,0
218000005,0,9,-9
218000006,9,3,6
218000007,1,5,-4
218000012,3,62,-59
218000013,19,60,-41
218000014,4,31,-27
218000019,102,22,80
218000020,127,32,95
218000040,0,0,0
218000046,4,2,2
218000047,7,11,-4
218000048,53,9,44
218000049,20,20,0
218000050,90,16,74
218000051,13,46,-33
218000052,0,23,-23
218000053,0,0,0
218000054,7,11,-4
218000055,0,6,-6
218000056,0,3,-3
218000057,0,11,-11
218000064,0,19,-19
218000065,85,4,81
218000066,1,2,-1
218000067,9,49,-40
218000068,23,10,13
218000069,20,3,17
218000070,24,16,8
218000071,56,42,14
218000072,22,15,7
218000078,31,22,9
218000079,168,26,142
218000080,74,37,37
218000081,266,11,255
218000082,80,13,67
218000083,0,0,0
218000084,0,0,0
218000085,0,0,0
218000086,0,0,0
218000087,0,0,0
218000090,1,22,-21
218000091,399,213,186
218000092,91,20,71
218000093,19,28,-9
218000094,0,0,0
218000099,71,92,-21
218000100,39,70,-31
218000101,40,45,-5
218000102,114,24,90
218000103,9,0,9
218000104,25,0,25
218000105,0,0,0
218000106,0,0,0
218000107,0,0,0
218000108,0,0,0
218000112,0,0,0
218000117,8,26,-18
218000134,33,13,20
218000135,2,0,2
218000136,7,1,6
218000137,44,1,43
218000138,0,0,0
218000139,51,0,51
218000140,185,116,69
218000141,13,10,3
218000142,79,17,62
218000143,24,100,-76
218000144,22,58,-36
218000145,115,39,76
218000146,35,47,-12
218000151,3,3,0
218000152,84,15,69
218000170,0,6,-6
218000171,17,0,17
218000172,0,1,-1
218000173,0,0,0
218000174,0,0,0
218000176,179,1,178
218000177,268,29,239
218000178,131,21,110
218000179,256,0,256
218000180,15,1,14
218000181,174,10,164
218000187,0,0,0
218000188,0,0,0
218000189,0,0,0
218000190,0,0,0
218000191,0,0,0
218000192,0,0,0
218000193,0,0,0
218000194,0,0,0
218000195,86,27,59
218000196,178,12,166
218000197,323,13,310
218000198,44,15,29
218000199,7,0,7
218000200,11,1,10
218000201,2,0,2
218000202,0,0,0
218000207,0,0,0
218000208,0,0,0
218000211,2,0,2
218000213,19,41,-22
218000214,0,15,-15
218000215,27,11,16
218000217,1,25,-24
218000218,101,135,-34
218000219,2,61,-59
218000220,33,102,-69
218000221,115,98,17
218000222,0,23,-23
218000223,21,201,-180
218000224,1,195,-194
218000225,185,14,171
218000226,95,11,84
218000232,0,4,-4
218000239,55,1,54
218000240,0,0,0
218000241,0,0,0
218000242,0,0,0
218000243,0,0,0
218000244,1,0,1
218000245,0,0,0
218000246,0,1,-1
218000247,0,0,0
218000248,0,0,0
218000249,0,0,0
218000250,0,0,0
218000251,0,0,0
218000252,0,0,0
218000253,0,0,0
218000254,0,0,0
218000255,0,0,0
218000256,0,1,-1
218000267,0,0,0
218000268,0,0,0
218000269,0,0,0
218000270,0,0,0
218000271,0,0,0
218000273,25,3,22
218000274,38,2,36
218000275,9,14,-5
218000276,4,2,2
218000278,1,3,-2
218000279,40,5,35
218000280,0,0,0
218000281,0,1,-1
218000282,54,334,-280
218000284,34,11,23
218000301,0,0,0
218000302,26,4,22
218000303,0,0,0
218000316,754,227,527
218000317,978,154,824
218000318,628,58,570
218000319,11,7,4
218000320,0,0,0
218000338,2,1,1
218000345,0,0,0
218000346,17,49,-32
218000459,26,19,7
218000490,0,0,0
218000501,94,18,76
218000502,0,0,0
218000503,41,1,40
218000504,60,3,57
218000505,0,0,0
218000506,0,0,0
218000508,0,0,0
218000510,41,32,9
218000520,79,85,-6
218000521,5,9,-4
218000522,1,35,-34
218000523,34,32,2
218000524,0,29,-29
218000525,18,1,17
218000526,0,24,-24
218000529,0,3,-3
218000531,31,6,25
218000532,0,0,0
218000534,63,1,62
218000537,3,20,-17
218000538,11,57,-46
218000540,0,0,0
218000543,15,9,6
218000544,0,0,0
218000545,20,1,19
218000546,0,0,0
218000547,3,10,-7
218000548,0,0,0
218000549,330,16,314
218000550,2,15,-13
218000551,2,42,-40
218000552,118,45,73
218000553,0,0,0
218000554,0,0,0
218000555,18,9,9
218000556,0,1,-1
218000557,113,44,69
218000558,9,0,9
218000559,0,7,-7
218000560,0,5,-5
218000561,0,0,0
218000562,0,12,-12
218000563,67,4,63
218000564,0,10,-10
218000565,32,0,32
218000566,0,0,0
218000567,0,28,-28
218000568,0,0,0
218000569,0,0,0
218000570,8,0,8
218000571,0,12,-12
218000572,29,2,27
218000573,0,15,-15
218000574,1,0,1
218000575,54,0,54
218000576,0,29,-29
218000577,4,0,4
218000578,0,18,-18
218000585,23,0,23
218000586,0,0,0
218000587,0,0,0
218000589,0,0,0
218000590,19,0,19
218000591,0,0,0
218000592,0,0,0
218000593,0,0,0
218000594,3,0,3
218000597,1,1,0
218000598,0,0,0
218000599,1,0,1
218000600,0,0,0
218000601,0,4,-4
218000602,0,0,0
218000603,0,0,0
218000604,8,4,4
218000605,0,28,-28
218000606,15,0,15
218000607,4,17,-13
218000608,2,21,-19
218000609,5,4,1
218000610,6,6,0
218000611,6,14,-8
218000612,1,0,1
218000613,42,29,13
218000614,0,3,-3
218000615,56,0,56
218000616,1,25,-24
218000617,42,0,42
218000618,0,1,-1
218000619,0,3,-3
218000620,0,0,0
218000621,0,0,0
218000622,0,5,-5
218000623,20,0,20
218000624,0,1,-1
218000625,0,0,0
218000626,0,0,0
218000628,95,24,71
218000631,34,3,31
218000632,0,35,-35
218000633,29,0,29
218000634,0,0,0
218000635,0,0,0
218000636,26,39,-13
218000637,388,17,371
218000638,209,25,184
218000639,6,17,-11
218000640,224,13,211
218000641,20,58,-38
218000652,1,6,-5
218000653,173,26,147
218000663,0,1,-1
218000675,1,11,-10
218000680,2,5,-3
218000681,230,12,218
218000691,32,21,11
218000693,253,4,249
218000718,0,13,-13
218000719,0,91,-91
218000720,0,4,-4
218000721,1,0,1
218001147,0,0,0
218001214,0,0,0
218001258,456,0,456
218001329,59,79,-20
218001330,0,14,-14
218001351,3,2,1
218001352,0,12,-12
218001353,9,10,-1
218001354,0,2,-2
218001355,0,0,0
218001356,227,45,182
218001357,0,0,0
218001358,115,0,115
218001361,913,38,875
218001362,0,0,0
219000001,0,0,0
219000002,0,0,0
219000003,29,11,18
219000004,7,45,-38
219000017,11,40,-29
219000020,144,13,131
219000022,78,0,78
219000023,60,0,60
219000029,0,0,0
219000034,64,42,22
219000039,0,0,0
219000040,3,51,-48
219000041,104,24,80
219000051,0,0,0
219000052,0,0,0
219000053,0,0,0
219000055,165,0,165
219000056,0,0,0
219000057,26,0,26
219000062,0,0,0
219000063,30,0,30
219000064,0,0,0
219000110,104,180,-76
219000111,9,43,-34
219000112,108,3,105
219000113,114,0,114
219000114,87,19,68
219000116,65,7,58
219000117,144,12,132
219000118,34,47,-13
219000123,89,0,89
219000124,1,0,1
219000125,0,0,0
219000126,0,0,0
219000127,0,0,0
219000128,0,0,0
219000129,0,0,0
219000130,0,0,0
219000131,243,718,-475
219000133,6,64,-58
219000134,23,25,-2
219000135,19,15,4
219000136,22,68,-46
219000138,82,2,80
219000139,29,0,29
219000140,22,3,19
219000141,17,0,17
219000142,0,0,0
219000143,0,0,0
219000145,19,9,10
219000146,0,0,0
219000147,0,0,0
219000148,0,0,0
219000149,0,0,0
219000150,0,0,0
219000151,0,0,0
219000157,116,34,82
219000158,73,48,25
219000161,33,2,31
219000163,146,122,24
219000166,33,11,22
219000167,10,10,0
219000168,84,48,36
219000174,229,41,188
219000175,109,8,101
219000176,89,19,70
219000177,49,7,42
219000178,108,11,97
219000179,8,7,1
219000180,19,0,19
219000182,35,0,35
219000183,44,6,38
219000184,26,0,26
219000185,0,0,0
219000186,112,6,106
219000187,13,0,13
219000189,0,0,0
219000190,0,0,0
219000191,0,0,0
219000192,166,161,5
219000193,0,0,0
219000195,0,0,0
219000196,0,0,0
219000198,0,0,0
219000199,0,0,0
219000200,0,0,0
219000201,0,0,0
219000203,0,0,0
219000204,0,0,0
219000205,0,0,0
219000207,0,0,0
219000209,0,0,0
219000210,0,0,0
219000213,0,0,0
219000239,0,0,0
219000240,0,0,0
219000241,0,0,0
219000242,0,0,0
219000243,0,0,0
219000244,0,0,0
219000245,0,0,0
219000246,5,16,-11
219000247,190,67,123
219000248,219,234,-15
219000249,76,72,4
219000250,49,61,-12
219000251,159,41,118
219000252,211,67,144
219000253,121,8,113
219000255,71,107,-36
219000256,185,71,114
219000257,164,1,163
219000262,0,0,0
219000263,0,0,0
219000267,0,0,0
219000268,0,0,0
219000269,1,0,1
219000270,56,1,55
219000271,95,0,95
219000278,0,0,0
219000279,0,0,0
219000283,0,0,0
219000295,0,0,0
219000296,0,0,0
219000297,0,0,0
219000298,0,0,0
219000299,174,3,171
219000300,0,0,0
219000301,0,0,0
219000302,0,0,0
219000307,0,0,0
219000308,23,15,8
219000311,147,8,139
219000312,221,44,177
219000313,210,27,183
219000314,0,0,0
219000315,204,1,203
219000316,314,19,295
219000317,34,18,16
219000320,0,0,0
219000321,0,0,0
219000323,0,0,0
219000325,0,0,0
219000326,0,0,0
219000327,0,0,0
219000328,0,0,0
219000329,39,45,-6
219000330,11,30,-19
219000331,17,12,5
219000332,138,51,87
219000333,36,1,35
219000335,28,7,21
219000337,3,0,3
219000338,38,0,38
219000344,0,0,0
219000345,0,0,0
219000346,0,0,0
219000348,0,0,0
219000349,0,0,0
219000350,0,0,0
219000351,0,0,0
219000352,17,40,-23
219000353,94,52,42
219000354,192,37,155
219000355,95,50,45
219000356,163,688,-525
219000363,96,21,75
219000364,100,9,91
219000365,64,1,63
219000366,75,214,-139
219000368,70,369,-299
219000370,126,504,-378
219000371,0,0,0
219000382,0,1,-1
219000383,0,0,0
219000385,0,0,0
219000386,0,0,0
219000387,0,0,0
219000390,1,4,-3
219000391,0,0,0
219000397,0,0,0
219000398,26,6,20
219000401,0,0,0
219000402,0,0,0
219000403,0,0,0
219000404,0,0,0
219000407,0,0,0
219000409,51,10,41
219000410,47,23,24
219000411,5,0,5
219000446,0,0,0
219000447,0,0,0
219000448,18,11,7
219000452,33,27,6
219000453,0,0,0
219000454,78,232,-154
219000556,153,9,144
219000558,0,0,0
219000590,0,0,0
219000591,68,16,52
219000592,0,0,0
219000595,0,0,0
219000635,81,20,61
219000636,0,0,0
219000657,2,0,2
219000658,0,0,0
219000673,0,0,0
219000676,2,0,2
219000679,16,0,16
219000684,117,0,117
219000685,0,0,0
219000686,0,1,-1
219000688,0,0,0
219000689,0,0,0
219000690,70,0,70
219000691,1,0,1
219000692,69,0,69
219000693,0,0,0
219000694,0,0,0
219000695,9,3,6
219000698,7,0,7
219000699,0,0,0
219000727,0,0,0
219000728,25,0,25
219000770,10,0,10
219000771,0,0,0
219000788,0,0,0
219001150,0,27,-27
219001151,0,0,0
219001166,2,17,-15
219001167,0,0,0
219001178,47,2,45
220000001,0,23,-23
220000002,0,15,-15
220000003,0,0,0
220000004,0,0,0
220000005,0,0,0
220000006,0,0,0
220000007,0,0,0
220000008,0,0,0
220000009,13,44,-31
220000010,1,0,1
220000011,19,245,-226
220000012,3,54,-51
220000014,0,0,0
220000015,2,224,-222
220000017,30,41,-11
220000018,694,82,612
220000019,215,296,-81
220000020,84,33,51
220000021,213,16,197
220000022,346,105,241
220000023,76,84,-8
220000024,191,152,39
220000025,238,774,-536
220000026,39,543,-504
220000027,21,33,-12
220000028,24,74,-50
220000029,0,0,0
220000030,0,0,0
220000031,125,158,-33
220000064,0,0,0
221000046,1,0,1
221000047,0,0,0
221000048,0,0,0
221000049,0,0,0
221000050,1,0,1
221000055,7,0,7
221000057,69,1,68
221000068,131,96,35
221000069,181,58,123
221000070,214,3,211
221000071,95,0,95
221000072,175,10,165
221000073,91,19,72
221000074,0,0,0
221000075,0,0,0
221000076,0,0,0
221000077,0,0,0
221000081,1,1,0
221000082,24,1,23
221000083,0,2,-2
221000084,7,1,6
221000085,3,0,3
221000086,0,0,0
221000087,0,0,0
221000088,0,0,0
221000089,0,0,0
221000090,0,0,0
221000098,83,6,77
221000099,131,2,129
221000100,138,0,138
221000101,155,1,154
221000102,140,0,140
221000109,0,0,0
221000110,0,0,0
221000111,0,0,0
221000112,0,0,0
221000113,0,0,0
221000114,0,0,0
221000120,21,2,19
221000121,0,6,-6
221000122,3,14,-11
221000123,9,12,-3
221000124,17,38,-21
221000155,37,1,36
221000156,22,10,12
221000175,13,2,11
221000176,0,0,0
221000182,27,5,22
221000241,257,247,10
221000242,0,0,0
221000243,308,125,183
221000244,0,0,0
221000245,62,27,35
221000246,0,0,0
221000247,211,25,186
221000248,0,0,0
221000267,14,126,-112
221000325,51,10,41
221000331,0,14,-14
221000338,1,6,-5
221000378,208,10,198
221000381,1,28,-27
222000282,1,0,1
222000296,0,10,-10
222000568,252,7,245
222000569,48,21,27
222000570,132,6,126
222000571,256,4,252
222000577,1,4,-3
222000578,0,29,-29
222000579,0,15,-15
222000580,1,180,-179
222000599,0,9,-9
222000600,0,5,-5
222000601,0,92,-92
222000603,8,3,5
222000604,1,4,-3
222000605,0,27,-27
222000606,0,12,-12
222000607,0,21,-21
222000608,0,0,0
222000609,4,0,4
222000616,181,7,174
222000617,0,0,0
222000618,0,1,-1
222000620,0,1,-1
222000621,2,6,-4
222000623,210,1,209
222000624,212,3,209
222000625,356,27,329
222000636,38,0,38
222000686,6,0,6
222000687,3,1,2
222001066,72,0,72
222001067,26,0,26
222001068,41,4,37
222001069,5,32,-27
222001082,10,0,10
222001083,3,0,3
222001084,0,10,-10
222001085,0,51,-51
222001111,44,32,12
222001112,138,5,133
222001313,0,1,-1
222001314,0,17,-17
222001464,125,8,117
222001465,0,2,-2
222001484,77,15,62
222001485,1,0,1
222001494,325,21,304
222001495,3,25,-22
222001496,345,3,342
222001497,50,44,6
222001502,0,0,0
222001503,15,1,14
222001504,0,0,0
222001505,244,5,239
222001506,0,0,0
222001507,28,0,28
222001510,397,2,395
222001511,0,0,0
222001514,150,40,110
222001515,0,0,0
222001518,194,7,187
222001519,0,0,0
222001527,43,17,26
222001528,0,0,0
222001529,167,10,157
222001530,0,0,0
222001533,0,0,0
222001534,226,0,226
222001535,120,36,84
222001536,1,55,-54
222001537,51,7,44
222001538,0,0,0
222001563,585,8,577
222001564,0,0,0
222001568,53,5,48
222001576,0,16,-16
222001579,0,0,0
222001583,2,2,0
222001584,19,1,18
222001596,27,47,-20
222001597,393,95,298
222001626,0,5,-5
222001650,0,4,-4
222001651,32,43,-11
222001914,116,32,84
222001915,0,0,0
222001968,197,45,152
222001969,63,31,32
222001970,26,25,1
222001971,34,2,32
222001972,1,0,1
225000001,282,91,191
225000002,317,61,256
225000003,387,21,366
225000004,177,54,123
225000005,16,40,-24
225000006,0,0,0
225000007,0,0,0
225000010,69,1,68
225000011,60,700,-640
225000012,50,588,-538
225000013,46,55,-9
225000014,290,50,240
225000015,2,2,0
225000021,146,19,127
225000027,2,1,1
225000032,116,23,93
225000042,1,5,-4
225000049,0,0,0
225000050,61,3,58
225000053,0,0,0
225000058,448,49,399
225000067,0,0,0
225000068,0,0,0
225000069,0,0,0
225000070,0,0,0
225000071,0,0,0
225000075,0,1,-1
225000076,0,0,0
225000078,16,27,-11
225000085,29,18,11
225000086,179,1,178
225000087,78,1,77
225000088,0,0,0
225000089,0,0,0
225000090,0,0,0
225000091,0,0,0
225000092,0,0,0
225000093,0,0,0
225000094,0,0,0
225000095,0,0,0
225000096,0,0,0
225000098,261,87,174
225000099,419,48,371
225000100,433,68,365
225000104,6,3,3
225000110,0,0,0
225000111,2,3,-1
225000112,9,2,7
225000113,2,21,-19
225000114,2,6,-4
225000115,39,18,21
225000116,119,49,70
225000117,315,236,79
225000118,711,154,557
225000119,42,9,33
225000120,225,21,204
225000121,80,2,78
225000123,540,15,525
225000125,225,56,169
225000126,484,102,382
225000127,401,978,-577
225000128,332,736,-404
225000132,246,58,188
225000133,156,9,147
225000134,265,135,130
225000135,67,3,64
225000136,200,6,194
225000137,221,22,199
225000138,456,21,435
225000143,0,0,0
225000144,0,0,0
225000145,27,28,-1
225000146,0,0,0
225000147,0,0,0
225000148,0,0,0
225000149,0,0,0
225000151,0,0,0
225000155,0,0,0
225000156,5,20,-15
225000157,3,7,-4
225000158,0,0,0
225000171,0,0,0
225000180,87,40,47
225000181,0,0,0
225000182,45,11,34
225000185,0,5,-5
225000187,0,0,0
225000191,6,0,6
225000194,0,0,0
225000208,0,0,0
225000209,55,6,49
225000210,0,0,0
225000217,0,0,0
225000218,2,0,2
225000223,0,0,0
225000224,3,0,3
225000225,0,0,0
225000226,94,3,91
225000227,0,0,0
225000228,0,24,-24
225000229,0,0,0
225000230,0,0,0
225000231,0,0,0
225000232,71,0,71
225000241,37,0,37
225000242,0,0,0
225000249,42,3,39
225000250,0,0,0
225000251,226,34,192
226000042,0,0,0
226000043,0,0,0
226000044,0,0,0
226000045,0,0,0
226000046,398,26,372
226000047,194,37,157
226000048,219,30,189
226000049,180,59,121
226000070,0,0,0
226000071,0,0,0
226000072,0,0,0
226000073,0,0,0
226000074,0,0,0
226000084,0,0,0
226000085,0,0,0
226000086,0,0,0
226000087,0,0,0
226000088,0,0,0
226000090,112,30,82
226000091,0,41,-41
226000092,0,28,-28
226000093,0,1,-1
226000094,14,0,14
226000095,17,10,7
226000105,0,0,0
226000106,0,0,0
226000107,2,0,2
226000108,1,0,1
226000109,36,1,35
226000124,51,30,21
226000134,225,258,-33
226000135,666,235,431
226000136,175,81,94
226000137,0,0,0
226000138,0,0,0
226000139,0,0,0
226000156,130,9,121
226000157,95,0,95
226000163,0,0,0
226000202,0,0,0
226000231,288,17,271
226000232,4,0,4
227000037,302,2,300
227000038,39,2,37
227000049,0,0,0
227000050,0,0,0
227000055,23,0,23
227000056,0,0,0
227000084,0,0,0
227000085,0,0,0
227000088,17,0,17
227000089,2,1,1
227000090,39,0,39
227000091,39,3,36
227000093,33,1,32
227000094,0,0,0
227000130,0,0,0
227000131,0,0,0
227000132,0,0,0
227000133,0,0,0
227000134,0,0,0
227000152,0,0,0
227000153,0,0,0
227000155,0,0,0
227000156,0,0,0
227000165,0,0,0
227000196,0,0,0
227000199,421,5,416
227000230,0,0,0
227000232,195,10,185
227000241,415,1,414
227000242,0,0,0
227000243,175,27,148
227000244,277,16,261
227000245,0,0,0
227000246,0,0,0
227000247,310,28,282
227000248,77,10,67
227000249,0,0,0
227000251,0,0,0
227000252,0,0,0
227000253,210,25,185
227000262,403,1,402
227000266,489,2,487
227000267,0,0,0
227000486,116,92,24
227000655,230,0,230
227000661,58,26,32
227000680,11,82,-71
229000265,3,3,0
229000296,0,4,-4
229000297,0,38,-38
229000298,9,14,-5
229000320,15,0,15
229000321,0,0,0
229000412,18,10,8
229000414,0,4,-4
229000415,0,0,0
229000416,0,0,0
229000417,0,0,0
229000419,17,24,-7
229000440,43,7,36
229000442,0,0,0
229000443,1,0,1
229000444,0,2,-2
229000445,19,1,18
229000446,28,24,4
229000847,35,0,35
229000848,26,0,26
229000849,49,1,48
229000851,137,0,137
229000854,0,0,0
229000856,0,0,0
229000857,0,0,0
229000858,0,0,0
229000919,0,0,0
229000930,0,0,0
229000937,46,3,43
229000966,14,1,13
229000981,0,0,0
229000985,1,1,0
229000986,0,0,0
229000987,0,0,0
229000988,0,0,0
229000989,0,0,0
229000990,0,0,0
229000991,0,0,0
229000992,1,0,1
229000993,37,0,37
229000998,0,16,-16
229000999,1,1,0
229001034,0,4,-4
229001035,0,0,0
229001037,20,0,20
229001042,0,2,-2
229001047,6,2,4
229001050,14,11,3
229001200,0,0,0
229001338,0,0,0
229001394,119,0,119
229001422,108,35,73
229001423,0,0,0
229001431,4,9,-5
229001432,0,0,0
229001444,53,7,46
229001445,8,2,6
229001503,86,20,66
229001504,0,0,0
229001505,54,1,53
229001506,0,0,0
229001509,0,0,0
229001545,35,2,33
229001546,0,0,0
229001553,45,0,45
229001554,0,0,0
229001559,0,0,0
229001560,0,5,-5
229001630,49,0,49
229001631,0,9,-9
229001635,0,4,-4
229001636,0,0,0
229001658,0,0,0
229001659,7,1,6
229001660,0,0,0
229001661,0,5,-5
229001662,2,0,2
229001663,0,0,0
229002584,13,7,6
229002831,21,34,-13
229002841,0,2,-2
229002842,4,0,4
229002843,3,0,3
229002844,11,18,-7
229002845,0,27,-27
229002846,0,5,-5
229002847,0,0,0
229002848,0,2,-2
229002849,0,0,0
229002850,0,0,0
229002851,1,19,-18
229002852,30,0,30
229002853,25,0,25
229002854,0,0,0
229002855,0,0,0
229002856,3,1,2
229002857,1,0,1
229002858,0,0,0
229002859,1,1,0
229002860,1,1,0
229002861,3,1,2
229002862,0,1,-1
229002863,0,0,0
229002864,4,0,4
229002865,0,1,-1
229002866,4,4,0
229002867,0,0,0
229002868,1,0,1
229002869,0,3,-3
229002870,2,0,2
235000066,96,8,88
235000067,32,39,-7
235000072,0,0,0
235000073,0,0,0
235000074,0,0,0
235000080,0,0,0
235000081,0,0,0
235000082,142,0,142
235000083,41,1,40
235000084,7,7,0
235000085,74,11,63
235000089,4,1,3
235000092,0,0,0
235000093,0,0,0
235000097,0,0,0
235000098,39,3,36
235000099,1,1,0
235000116,2,13,-11
235000117,220,1,219
235000133,0,0,0
235000134,0,0,0
235000206,3,0,3
235000207,0,1,-1
235000208,0,0,0
235000209,1,1,0
235000210,4,1,3
235000212,0,0,0
235000213,0,0,0
235000220,0,0,0
235000221,0,0,0
235000238,1,129,-128
235000239,0,6,-6
235000242,107,543,-436
235000245,0,0,0
235000246,0,0,0
235000284,0,0,0
235000295,32,0,32
235000305,94,2,92
235000306,65,54,11
235000307,0,21,-21
235000308,13,0,13
235000309,27,0,27
235000310,102,0,102
235000311,1,0,1
235000322,0,0,0
235000323,0,0,0
235000324,0,0,0
235000325,0,0,0
235000326,0,0,0
235000351,0,0,0
235000352,0,0,0
235000353,0,0,0
235000354,0,0,0
235000355,1,0,1
235000356,17,0,17
235000357,3,1,2
235000358,6,0,6
235000359,0,1,-1
235000360,3,0,3
235000361,43,0,43
235000381,0,0,0
235000382,43,16,27
235000390,2,0,2
235000391,82,0,82
235000392,82,53,29
235000393,49,51,-2
235000395,86,4,82
235000396,153,51,102
235000400,11,11,0
235000401,0,0,0
235000405,0,0,0
235000406,0,0,0
235000407,0,0,0
235000409,0,0,0
235000410,0,0,0
235000411,0,0,0
235000485,0,0,0
235000486,5,0,5
235000549,13,38,-25
235000550,0,0,0
235000599,0,0,0
235000600,0,0,0
235000601,0,2,-2
235000602,45,11,34
235000614,0,0,0
235000648,0,0,0
235000649,11,0,11
235000685,0,0,0
235000815,0,0,0
235000834,0,0,0
235000855,3,8,-5
235000862,0,0,0
235000891,0,0,0
235000892,11,0,11
235000901,0,0,0
235000907,0,0,0
235001010,13,5,8
235001029,0,0,0
235001030,100,11,89
235001078,43,19,24
235001079,0,0,0
235001147,4,14,-10
235001166,1,16,-15
235001167,0,0,0
235001169,0,0,0
235001188,0,0,0
235001189,4,0,4
235001197,0,0,0
235001200,0,0,0
235001207,189,1,188
235001210,0,0,0
235001215,0,0,0
235001239,0,0,0
235001244,0,3,-3
235016267,0,0,0
277102712,10,22,-12
277103813,5,0,5
277104249,0,0,0
277104250,0,32,-32
277104251,0,0,0
277104252,1,10,-9
990011530,0,0,0
990014944,0,2,-2
990015176,35,16,19
990016032,0,0,0
990032570,0,5,-5
990070001,44,6,38
990070103,0,0,0
990070601,0,3,-3
990070751,651,1,650
990070766,0,0,0
990071180,441,0,441
990071343,21,1,20
990071387,0,0,0
990071823,21,16,5
990072600,0,4,-4
990072964,0,3,-3
990073285,0,1,-1
990074393,0,53,-53
990074870,714,45,669
990075106,239,2,237
990075746,381,5,376
990076437,1003,33,970
990076458,0,0,0
997000007,108,0,108
997000041,0,32,-32
997000058,8,0,8
997000062,11,3,8
997000069,0,0,0
997000070,0,0,0
997000100,84,1,83
997000141,0,0,0
997000198,0,0,0
998000475,0,0,0
998000736,0,1,-1
998000965,0,1,-1
998001031,0,3,-3
998001700,0,0,0
998001899,0,4,-4
998001900,9,16,-7
998003073,299,23,276
998101900,0,1,-1
998102850,0,0,0
998501927,131,0,131
998501929,125,55,70
998501930,65,0,65
998501931,33,6,27
998501932,7,0,7
998501933,121,0,121
998501937,7,0,7
998501944,0,0,0
998501950,0,0,0
998501970,40,7,33
998501971,0,14,-14
998501973,0,1,-1
998501974,0,16,-16
998501975,154,8,146
998501976,104,70,34
998501977,0,0,0
998501978,2,0,2
998501979,0,0,0
998501980,17,3,14
998501981,67,0,67
998501982,0,0,0
998501983,0,0,0
998502006,0,0,0
998502024,0,3,-3
998502032,0,0,0
998502062,2,0,2
998502063,0,0,0
998502173,13,0,13
998502269,0,0,0
998502546,0,29,-29
998502578,0,0,0
998502599,0,0,0
998502621,0,0,0
998601159,0,2,-2
998601292,0,0,0
999033574,0,0,0
999800001,9,2,7
999800002,0,0,0
999800003,3,1,2
999800004,0,0,0
999800005,0,0,0
