dong,insum,outsum,diff
강남구 개포1동,1146,1217,-71
강남구 개포2동,22159,12502,9657
강남구 개포4동,15699,14540,1159
강남구 논현1동,38980,41945,-2965
강남구 논현2동,24683,37184,-12501
강남구 대치1동,12228,15894,-3666
강남구 대치2동,32391,53748,-21357
강남구 대치4동,31587,26634,4953
강남구 도곡1동,20082,27492,-7410
강남구 도곡2동,10741,11138,-397
강남구 삼성1동,58911,56317,2594
강남구 삼성2동,15860,38667,-22807
강남구 세곡동,38560,23534,15026
강남구 수서동,20056,31589,-11533
강남구 신사동,14899,17031,-2132
강남구 압구정동,26822,36791,-9969
강남구 역삼1동,64381,74834,-10453
강남구 역삼2동,28144,38351,-10207
강남구 일원1동,10733,8758,1975
강남구 일원2동,3374,2595,779
강남구 일원본동,11678,8196,3482
강남구 청담동,38793,49332,-10539
강동구 강일동,26372,10806,15566
강동구 고덕제1동,7694,5075,2619
강동구 고덕제2동,9897,20560,-10663
강동구 길동,14402,9870,4532
강동구 둔촌제1동,203,786,-583
강동구 둔촌제2동,9884,16405,-6521
강동구 명일제1동,12736,11324,1412
강동구 명일제2동,8072,7697,375
강동구 상일동,15429,19092,-3663
강동구 성내제1동,10360,9560,800
강동구 성내제2동,11882,9998,1884
강동구 성내제3동,11617,13705,-2088
강동구 암사제1동,14413,5715,8698
강동구 암사제2동,2066,12567,-10501
강동구 암사제3동,3070,677,2393
강동구 천호제1동,5443,3790,1653
강동구 천호제2동,19696,22716,-3020
강동구 천호제3동,7126,9388,-2262
강북구 미아동,14883,21834,-6951
강북구 번1동,30485,35696,-5211
강북구 번2동,16684,10448,6236
강북구 번3동,24843,12311,12532
강북구 삼각산동,7528,4282,3246
강북구 삼양동,18367,9152,9215
강북구 송중동,44092,58297,-14205
강북구 송천동,37875,30247,7628
강북구 수유1동,23980,18381,5599
강북구 수유2동,19867,8035,11832
강북구 수유3동,29568,61973,-32405
강북구 우이동,19279,11619,7660
강북구 월곡제1동,2666,2650,16
강북구 인수동,19860,10733,9127
강서구 가양제1동,15588,20485,-4897
강서구 가양제2동,3555,3928,-373
강서구 가양제3동,4247,5235,-988
강서구 공항동,12930,11785,1145
강서구 등촌제1동,18536,26987,-8451
강서구 등촌제2동,11702,6104,5598
강서구 등촌제3동,19223,27163,-7940
강서구 발산제1동,25230,28959,-3729
강서구 방화제1동,14638,12594,2044
강서구 방화제2동,9475,8737,738
강서구 방화제3동,2059,1392,667
강서구 염창동,13728,10381,3347
강서구 우장산동,19050,16287,2763
강서구 화곡본동,15885,10512,5373
강서구 화곡제1동,42498,40762,1736
강서구 화곡제2동,13601,5191,8410
강서구 화곡제3동,8156,10379,-2223
강서구 화곡제4동,14252,8241,6011
강서구 화곡제6동,26774,21811,4963
강서구 화곡제8동,11566,16478,-4912
관악구 낙성대동,25865,41768,-15903
관악구 난곡동,31359,4716,26643
관악구 난향동,14663,4968,9695
관악구 남현동,15852,13004,2848
관악구 대학동,28420,30114,-1694
관악구 미성동,30733,19863,10870
관악구 보라매동,21706,25424,-3718
관악구 삼성동,19437,12408,7029
관악구 서림동,33355,6562,26793
관악구 서원동,35510,74114,-38604
관악구 성현동,25087,7462,17625
관악구 신림동,37325,60337,-23012
관악구 신사동,19947,12372,7575
관악구 신원동,7106,3440,3666
관악구 은천동,25677,24327,1350
관악구 인헌동,14536,12085,2451
관악구 조원동,27522,78758,-51236
관악구 중앙동,7605,4131,3474
관악구 청룡동,23277,27600,-4323
관악구 청림동,9858,2139,7719
관악구 행운동,31248,35414,-4166
광진구 광장동,8910,6129,2781
광진구 구의제1동,13969,16375,-2406
광진구 구의제2동,17110,11640,5470
광진구 구의제3동,10111,20606,-10495
광진구 군자동,18638,14788,3850
광진구 능동,12002,8579,3423
광진구 자양제1동,8042,3586,4456
광진구 자양제2동,29804,16812,12992
광진구 자양제3동,7801,4625,3176
광진구 자양제4동,19169,19214,-45
광진구 중곡제1동,9282,7551,1731
광진구 중곡제2동,15044,12355,2689
광진구 중곡제3동,10866,6349,4517
광진구 중곡제4동,8394,4331,4063
광진구 화양동,13289,17090,-3801
구로구 가리봉동,11434,24336,-12902
구로구 개봉제1동,35769,29797,5972
구로구 개봉제2동,18694,15119,3575
구로구 개봉제3동,10484,4238,6246
구로구 고척제1동,26368,19200,7168
구로구 고척제2동,21608,10119,11489
구로구 구로제1동,16790,14868,1922
구로구 구로제2동,39661,41913,-2252
구로구 구로제3동,42361,77694,-35333
구로구 구로제4동,22213,21350,863
구로구 구로제5동,26205,39200,-12995
구로구 수궁동,25247,33153,-7906
구로구 신도림동,30792,39952,-9160
구로구 오류제1동,15987,8735,7252
구로구 오류제2동,14457,14126,331
구로구 항동,8233,1953,6280
금천구 가산동,76327,103353,-27026
금천구 독산제1동,47755,64228,-16473
금천구 독산제2동,28686,12816,15870
금천구 독산제3동,30145,21919,8226
금천구 독산제4동,17764,10707,7057
금천구 미성동,286,102,184
금천구 시흥제1동,33723,40193,-6470
금천구 시흥제2동,16072,7173,8899
금천구 시흥제3동,14713,13905,808
금천구 시흥제4동,16244,3218,13026
금천구 시흥제5동,29307,9747,19560
노원구 공릉1동,19907,18788,1119
노원구 공릉2동,20306,29503,-9197
노원구 상계10동,7191,5799,1392
노원구 상계1동,15918,12434,3484
노원구 상계2동,10749,22394,-11645
노원구 상계3.4동,4131,1972,2159
노원구 상계5동,12415,12026,389
노원구 상계6.7동,12135,19310,-7175
노원구 상계8동,9240,4308,4932
노원구 상계9동,7914,5805,2109
노원구 월계1동,29263,36112,-6849
노원구 월계2동,14058,7112,6946
노원구 월계3동,13011,9938,3073
노원구 중계1동,10852,6073,4779
노원구 중계2.3동,11721,17019,-5298
노원구 중계4동,8067,12479,-4412
노원구 중계본동,12699,6483,6216
노원구 하계1동,15764,17124,-1360
노원구 하계2동,9058,12031,-2973
도봉구 도봉제1동,19308,10501,8807
도봉구 도봉제2동,13652,19456,-5804
도봉구 방학제1동,18753,16309,2444
도봉구 방학제2동,10643,5039,5604
도봉구 방학제3동,21829,5189,16640
도봉구 쌍문제1동,15649,7562,8087
도봉구 쌍문제2동,22331,17544,4787
도봉구 쌍문제3동,11339,19735,-8396
도봉구 쌍문제4동,15868,6418,9450
도봉구 창제1동,17411,34670,-17259
도봉구 창제2동,16079,8438,7641
도봉구 창제3동,15420,6671,8749
도봉구 창제4동,18997,21791,-2794
도봉구 창제5동,11654,12815,-1161
동대문구 답십리제1동,25572,28648,-3076
동대문구 답십리제2동,25755,18823,6932
동대문구 면목제5동,579,510,69
동대문구 용신동,45680,64238,-18558
동대문구 이문제1동,9482,9016,466
동대문구 이문제2동,7291,5981,1310
동대문구 장안제1동,35142,47117,-11975
동대문구 장안제2동,26859,20218,6641
동대문구 전농제1동,29106,26005,3101
동대문구 전농제2동,22614,11583,11031
동대문구 제기동,31840,43558,-11718
동대문구 청량리동,29768,39975,-10207
동대문구 회기동,8124,19076,-10952
동대문구 휘경제1동,30917,25295,5622
동대문구 휘경제2동,17855,13334,4521
동작구 노량진제1동,34389,70805,-36416
동작구 노량진제2동,21046,22083,-1037
동작구 대방동,55444,39999,15445
동작구 사당제1동,14214,12044,2170
동작구 사당제2동,14214,15803,-1589
동작구 사당제3동,10003,4116,5887
동작구 사당제4동,1930,3140,-1210
동작구 사당제5동,14947,6984,7963
동작구 상도제1동,49135,45386,3749
동작구 상도제2동,23549,19944,3605
동작구 상도제3동,20003,9154,10849
동작구 상도제4동,25346,5870,19476
동작구 신대방제1동,9803,10199,-396
동작구 신대방제2동,32230,36722,-4492
동작구 흑석동,27631,19791,7840
마포구 공덕동,25350,15202,10148
마포구 대흥동,23430,18184,5246
마포구 도화동,8661,8499,162
마포구 망원제1동,14676,7445,7231
마포구 망원제2동,11867,5820,6047
마포구 상암동,56191,89857,-33666
마포구 서강동,16456,6420,10036
마포구 서교동,54081,76629,-22548
마포구 성산제1동,16850,11640,5210
마포구 성산제2동,28671,13199,15472
마포구 신수동,5974,2936,3038
마포구 아현동,32535,21742,10793
마포구 연남동,14026,11118,2908
마포구 염리동,3655,4157,-502
마포구 용강동,18267,13971,4296
마포구 합정동,8902,19041,-10139
서대문구 남가좌제1동,14014,9875,4139
서대문구 남가좌제2동,26543,9780,16763
서대문구 북가좌제1동,7764,7344,420
서대문구 북가좌제2동,24398,9683,14715
서대문구 북아현동,10302,10187,115
서대문구 신촌동,48753,69975,-21222
서대문구 연희동,42990,41642,1348
서대문구 천연동,27888,26937,951
서대문구 충현동,28746,65025,-36279
서대문구 홍은제1동,20859,9595,11264
서대문구 홍은제2동,36232,20384,15848
서대문구 홍제제1동,28100,28866,-766
서대문구 홍제제2동,12110,5209,6901
서대문구 홍제제3동,15653,17850,-2197
서초구 내곡동,12270,30040,-17770
서초구 반포1동,36900,17932,18968
서초구 반포2동,7024,5957,1067
서초구 반포3동,13572,11316,2256
서초구 반포4동,20853,36927,-16074
서초구 반포본동,9233,8691,542
서초구 방배1동,26449,19805,6644
서초구 방배2동,20593,21010,-417
서초구 방배3동,27473,22150,5323
서초구 방배4동,21071,16776,4295
서초구 방배본동,14127,14216,-89
서초구 서초1동,17973,25381,-7408
서초구 서초2동,35643,57944,-22301
서초구 서초3동,38581,58140,-19559
서초구 서초4동,35035,25102,9933
서초구 양재1동,93382,74947,18435
서초구 양재2동,38560,45832,-7272
서초구 잠원동,19257,16798,2459
성동구 금호1가동,9838,5667,4171
성동구 금호2.3가동,13276,12504,772
성동구 금호4가동,11733,4236,7497
성동구 마장동,11497,20776,-9279
성동구 사근동,6710,6710,0
성동구 성수1가제1동,8179,8514,-335
성동구 성수1가제2동,3882,8203,-4321
성동구 성수2가제1동,9019,5991,3028
성동구 성수2가제3동,8128,14533,-6405
성동구 송정동,8387,6479,1908
성동구 옥수동,13151,13850,-699
성동구 왕십리도선동,15826,16916,-1090
성동구 왕십리제2동,11156,11623,-467
성동구 용답동,10802,14421,-3619
성동구 응봉동,12559,3247,9312
성동구 행당제1동,10256,20731,-10475
성동구 행당제2동,14007,9399,4608
성북구 길음제1동,30219,29800,419
성북구 길음제2동,9842,19048,-9206
성북구 돈암제1동,24231,16988,7243
성북구 돈암제2동,12381,3500,8881
성북구 동선동,18903,29180,-10277
성북구 보문동,15517,11856,3661
성북구 삼선동,27080,24168,2912
성북구 석관동,14646,11354,3292
성북구 성북동,25927,26123,-196
성북구 안암동,10856,16048,-5192
성북구 월곡제1동,20622,17967,2655
성북구 월곡제2동,7897,12360,-4463
성북구 장위제1동,21245,9373,11872
성북구 장위제2동,13517,18805,-5288
성북구 장위제3동,13137,6958,6179
성북구 정릉제1동,17085,11591,5494
성북구 정릉제2동,26837,10083,16754
성북구 정릉제3동,6969,9937,-2968
성북구 정릉제4동,24486,14746,9740
성북구 종암동,37041,28183,8858
송파구 가락1동,6146,4513,1633
송파구 가락2동,20549,14610,5939
송파구 가락본동,16812,26135,-9323
송파구 거여1동,6143,4669,1474
송파구 거여2동,2019,978,1041
송파구 마천1동,9725,3348,6377
송파구 마천2동,15724,7135,8589
송파구 문정1동,6493,7005,-512
송파구 문정2동,17745,40007,-22262
송파구 방이1동,10906,6502,4404
송파구 방이2동,17222,20674,-3452
송파구 삼전동,25192,9286,15906
송파구 석촌동,30340,20278,10062
송파구 송파1동,17869,13937,3932
송파구 송파2동,8298,4311,3987
송파구 오금동,21835,23085,-1250
송파구 오륜동,7291,9555,-2264
송파구 위례동,16502,9335,7167
송파구 잠실2동,4584,7951,-3367
송파구 잠실3동,23253,41936,-18683
송파구 잠실4동,878,1415,-537
송파구 잠실6동,8232,27837,-19605
송파구 잠실7동,6613,8594,-1981
송파구 잠실본동,26545,20960,5585
송파구 장지동,18849,9833,9016
송파구 풍납1동,9464,3756,5708
송파구 풍납2동,12920,18048,-5128
양천구 목1동,19944,37325,-17381
양천구 목2동,25451,23705,1746
양천구 목3동,20234,23721,-3487
양천구 목4동,24998,7801,17197
양천구 목5동,21914,19846,2068
양천구 신월1동,10989,3319,7670
양천구 신월2동,12116,12008,108
양천구 신월3동,8405,6771,1634
양천구 신월4동,11581,5482,6099
양천구 신월5동,10479,6747,3732
양천구 신월6동,11166,3340,7826
양천구 신월7동,18316,7977,10339
양천구 신정1동,8898,13126,-4228
양천구 신정2동,7600,5322,2278
양천구 신정3동,36080,24564,11516
양천구 신정4동,17639,46422,-28783
양천구 신정6동,5198,6136,-938
양천구 신정7동,10235,8387,1848
영등포구 당산제1동,11597,22582,-10985
영등포구 당산제2동,31543,39098,-7555
영등포구 대림제1동,13661,10977,2684
영등포구 대림제2동,4522,7085,-2563
영등포구 대림제3동,19361,17569,1792
영등포구 도림동,19003,8210,10793
영등포구 문래동,23897,48596,-24699
영등포구 신길제1동,17054,8391,8663
영등포구 신길제3동,22706,7881,14825
영등포구 신길제4동,7473,2186,5287
영등포구 신길제5동,12855,13947,-1092
영등포구 신길제6동,18644,12576,6068
영등포구 신길제7동,23465,11327,12138
영등포구 양평제1동,11337,14508,-3171
영등포구 양평제2동,18506,28022,-9516
영등포구 여의동,60865,169094,-108229
영등포구 영등포동,53793,60271,-6478
영등포구 영등포본동,20596,23348,-2752
용산구 남영동,37517,35908,1609
용산구 보광동,10674,3632,7042
용산구 서빙고동,11615,9546,2069
용산구 용문동,4897,3090,1807
용산구 용산2가동,15516,9425,6091
용산구 원효로제1동,16960,13842,3118
용산구 원효로제2동,13091,9819,3272
용산구 이촌제1동,9105,8731,374
용산구 이촌제2동,5782,2839,2943
용산구 이태원제1동,10185,11166,-981
용산구 이태원제2동,9105,4564,4541
용산구 청파동,16614,11170,5444
용산구 필동,106,177,-71
용산구 한강로동,40934,54421,-13487
용산구 한남동,43184,43692,-508
용산구 효창동,9466,5018,4448
용산구 후암동,15190,9019,6171
은평구 갈현제1동,20079,7117,12962
은평구 갈현제2동,15221,9197,6024
은평구 구산동,24378,6146,18232
은평구 녹번동,25360,17476,7884
은평구 대조동,23134,48061,-24927
은평구 불광제1동,19624,16663,2961
은평구 불광제2동,21785,22198,-413
은평구 수색동,17489,15103,2386
은평구 신사제1동,17386,19641,-2255
은평구 신사제2동,18765,19811,-1046
은평구 역촌동,28698,15604,13094
은평구 응암제1동,29273,39115,-9842
은평구 응암제2동,14821,4010,10811
은평구 응암제3동,16049,9938,6111
은평구 증산동,18696,22941,-4245
은평구 진관동,38503,35119,3384
종로구 가회동,3661,4656,-995
종로구 교남동,5873,4465,1408
종로구 무악동,2115,1774,341
종로구 부암동,12253,9966,2287
종로구 사직동,32188,78595,-46407
종로구 삼청동,2489,7784,-5295
종로구 숭인제1동,1102,748,354
종로구 숭인제2동,12365,15279,-2914
종로구 이화동,19099,27551,-8452
종로구 종로1.2.3.4가동,61499,149181,-87682
종로구 종로5.6가동,9171,22940,-13769
종로구 창신제1동,7898,7177,721
종로구 창신제2동,6259,10540,-4281
종로구 창신제3동,4218,2560,1658
종로구 청운효자동,10612,14920,-4308
종로구 충현동,3065,2706,359
종로구 평창동,12903,13289,-386
종로구 혜화동,21441,25750,-4309
중구 광희동,11439,21531,-10092
중구 다산동,9451,5620,3831
중구 동화동,1762,1660,102
중구 명동,25024,49790,-24766
중구 소공동,18143,63898,-45755
중구 신당동,5645,6268,-623
중구 신당제5동,8043,9503,-1460
중구 약수동,6611,3617,2994
중구 을지로동,1854,12469,-10615
중구 장충동,3540,9390,-5850
중구 중림동,7240,8147,-907
중구 청구동,4192,3275,917
중구 필동,4969,7963,-2994
중구 황학동,7657,6343,1314
중구 회현동,35798,50596,-14798
중랑구 망우본동,29743,22847,6896
중랑구 망우제3동,13363,5901,7462
중랑구 면목본동,24012,32319,-8307
중랑구 면목제2동,13274,6760,6514
중랑구 면목제3.8동,22201,20539,1662
중랑구 면목제4동,12664,8859,3805
중랑구 면목제5동,15418,6736,8682
중랑구 면목제7동,8307,7286,1021
중랑구 묵제1동,12611,12016,595
중랑구 묵제2동,7149,2982,4167
중랑구 상봉제1동,13605,14131,-526
중랑구 상봉제2동,20510,23326,-2816
중랑구 신내1동,30223,19668,10555
중랑구 신내2동,20680,21586,-906
중랑구 중화제1동,7418,11763,-4345
중랑구 중화제2동,22280,16645,5635
NA,523306,437054,86252
