ID,insum,outsum,diff
100000001,1155,581,574
100000002,5234,11050,-5816
100000003,4645,7741,-3096
100000004,266,1361,-1095
100000005,3256,4563,-1307
100000006,736,300,436
100000007,2876,795,2081
100000008,25,802,-777
100000009,495,544,-49
100000010,20,117,-97
100000011,434,66,368
100000012,25,348,-323
100000013,6,193,-187
100000014,96,812,-716
100000015,1389,2136,-747
100000016,261,3280,-3019
100000017,308,3611,-3303
100000018,1086,718,368
100000019,3683,3655,28
100000020,1396,6446,-5050
100000021,6970,1909,5061
100000022,816,6357,-5541
100000023,5719,3302,2417
100000025,453,2218,-1765
100000028,448,3711,-3263
100000029,22,1656,-1634
100000030,30,38,-8
100000031,1886,8923,-7037
100000032,2903,6773,-3870
100000033,1138,4843,-3705
100000034,140,2286,-2146
100000035,684,2008,-1324
100000036,706,2257,-1551
100000037,835,416,419
100000038,2592,946,1646
100000039,225,463,-238
100000040,540,166,374
100000041,1595,442,1153
100000042,1369,270,1099
100000043,550,225,325
100000044,167,343,-176
100000045,220,501,-281
100000046,329,586,-257
100000047,152,387,-235
100000048,141,595,-454
100000049,1284,1078,206
100000051,617,466,151
100000053,23,7,16
100000054,341,27,314
100000055,720,219,501
100000056,224,694,-470
100000057,1749,565,1184
100000058,967,482,485
100000059,15,370,-355
100000060,804,451,353
100000061,1955,761,1194
100000062,1392,941,451
100000063,743,439,304
100000064,932,910,22
100000065,355,816,-461
100000066,244,470,-226
100000067,147,854,-707
100000068,395,1607,-1212
100000069,192,1531,-1339
100000072,163,333,-170
100000073,1131,1030,101
100000075,1046,284,762
100000076,1651,6342,-4691
100000077,96,723,-627
100000078,19,74,-55
100000079,25,68,-43
100000080,5,64,-59
100000081,42,192,-150
100000102,3582,10748,-7166
100000103,2404,1758,646
100000104,6828,2223,4605
100000105,1189,2744,-1555
100000106,863,5255,-4392
100000107,69,1577,-1508
100000108,291,1865,-1574
100000109,626,3108,-2482
100000116,173,606,-433
100000117,30,169,-139
100000118,501,1417,-916
100000119,995,1338,-343
100000121,236,737,-501
100000122,518,6418,-5900
100000123,900,3275,-2375
100000124,2226,3039,-813
100000125,13102,3163,9939
100000126,551,2306,-1755
100000127,1169,2401,-1232
100000128,307,5174,-4867
100000129,460,1277,-817
100000130,860,183,677
100000131,765,1521,-756
100000132,1193,1475,-282
100000133,1308,830,478
100000135,916,1205,-289
100000139,113,651,-538
100000140,88,120,-32
100000142,404,674,-270
100000143,1590,356,1234
100000144,1445,576,869
100000147,2194,5237,-3043
100000150,151,646,-495
100000151,307,2996,-2689
100000153,75,885,-810
100000154,24,1164,-1140
100000155,6,37,-31
100000156,118,207,-89
100000157,143,197,-54
100000158,206,148,58
100000159,140,3258,-3118
100000165,946,786,160
100000169,25,2938,-2913
100000174,230,1704,-1474
100000179,137,1516,-1379
100000180,420,2720,-2300
100000181,218,506,-288
100000188,57,340,-283
100000189,741,330,411
100000190,496,2426,-1930
100000191,1213,801,412
100000192,21,136,-115
100000193,340,180,160
100000330,607,1114,-507
100000355,261,510,-249
100000362,2478,966,1512
100000363,6821,9872,-3051
100000364,49,224,-175
100000365,6527,10069,-3542
100000366,1614,1188,426
100000367,6641,7720,-1079
100000368,2286,1659,627
100000369,588,2688,-2100
100000370,280,1028,-748
100000376,68,334,-266
100000379,840,6699,-5859
100000380,3249,14291,-11042
100000384,5762,10376,-4614
100000385,1688,7507,-5819
100000386,1455,8760,-7305
100000387,4866,11268,-6402
100000388,1643,4352,-2709
100000389,5215,8212,-2997
100000390,2661,3615,-954
100000391,2133,7686,-5553
100000392,762,3651,-2889
100000393,583,5145,-4562
100000394,2135,7114,-4979
100000395,839,6842,-6003
100000396,1031,2185,-1154
100000397,1627,8704,-7077
100000398,5668,4048,1620
100000413,3,0,3
100000414,91,1080,-989
100900002,2,8,-6
100900003,638,308,330
100900004,4,1334,-1330
100900005,212,6,206
100900006,33,22,11
100900007,281,16,265
100900008,1,443,-442
100900009,26,47,-21
100900010,40,4,36
100900011,156,63,93
100900012,0,180,-180
100900013,1133,10,1123
100900014,2,0,2
100900015,42,80,-38
100900016,6,113,-107
100900017,1273,45,1228
100900018,2,12,-10
100900019,21,54,-33
100900020,524,3,521
100900021,472,2,470
100900022,5,11,-6
100900023,0,41,-41
100900024,338,1,337
100900025,5,3,2
100900026,105,69,36
100900027,423,3165,-2742
100900028,35,572,-537
100900029,161,12,149
100900030,2,628,-626
100900031,1144,21,1123
100900032,543,1,542
100900033,91,689,-598
100900034,1885,2,1883
100900035,200,2,198
100900036,5,0,5
100900037,121,39,82
100900038,13,285,-272
100900039,339,116,223
100900040,592,137,455
100900041,1286,201,1085
100900042,249,4195,-3946
100900043,0,127,-127
100900044,955,826,129
100900045,11,7,4
100900046,1251,12,1239
100900047,476,47,429
100900048,118,24,94
100900049,25,55,-30
100900050,4,30,-26
100900051,35,372,-337
100900052,346,4,342
100900053,748,56,692
100900054,15,37,-22
100900055,637,1426,-789
100900056,10,46,-36
100900057,3688,516,3172
100900058,141,42,99
100900059,117,1,116
100900060,192,12,180
100900061,98,262,-164
100900062,1,31,-30
100900063,222,1094,-872
100900064,710,9,701
100900065,59,166,-107
100900066,278,119,159
100900067,3,0,3
100900068,96,49,47
100900069,131,6,125
100900070,768,5,763
100900071,124,119,5
100900072,0,25,-25
100900073,137,362,-225
100900074,1,15,-14
100900075,2453,99,2354
100900076,10,7,3
100900077,40,1,39
100900078,294,197,97
100900079,2,40,-38
100900080,119,67,52
100900081,20,122,-102
100900082,275,84,191
100900083,7,48,-41
100900085,2,856,-854
100900086,23,342,-319
100900088,218,104,114
100900089,1,18,-17
100900090,65,1572,-1507
100900091,1,6,-5
100900092,74,135,-61
100900093,286,664,-378
100900094,168,71,97
100900095,2,73,-71
100900096,25,486,-461
100900097,2,0,2
100900098,7,40,-33
100900099,6,596,-590
100900100,9,382,-373
100900101,135,20,115
100900102,1,34,-33
100900103,5,10,-5
100900104,13,151,-138
100900105,17,480,-463
100900106,3,4,-1
100900107,3216,749,2467
100900108,2,16,-14
100900109,0,56,-56
100900110,2,41,-39
100900111,19,211,-192
100900112,2,14,-12
100900113,8,10,-2
100900114,29,35,-6
100900115,11,48,-37
100900116,1003,382,621
100900117,186,1097,-911
100900118,9,76,-67
100900119,12,33,-21
100900120,19,3,16
100900121,353,261,92
100900122,24,67,-43
100900123,163,32,131
100900124,1,8,-7
100900125,3,29,-26
100900126,642,49,593
100900127,1,6,-5
100900128,45,1033,-988
100900129,0,292,-292
100900131,14,108,-94
100900133,84,23,61
100900134,6,6,0
100900135,1,809,-808
100900137,269,195,74
100900138,306,460,-154
100900139,7,10,-3
100900140,2,220,-218
100900141,0,615,-615
100900142,0,7,-7
100900143,312,1027,-715
100900144,1,4,-3
100900145,22,199,-177
100900146,1,7,-6
100900147,27,2571,-2544
100900148,65,139,-74
100900149,15,476,-461
100900150,1,20,-19
100900151,69,362,-293
100900152,163,1,162
100900153,3,334,-331
100900154,1,264,-263
100900155,1,2,-1
100900156,12,0,12
100900157,4,224,-220
100900159,3,83,-80
100900160,41,0,41
100900161,35,0,35
100900162,5,326,-321
100900163,63,65,-2
100900164,113,26,87
100900165,1,3,-2
100900166,3,0,3
100900167,6,29,-23
100900168,11,152,-141
100900169,14,1593,-1579
100900170,15,6,9
100900171,9,558,-549
100900172,1,57,-56
100900173,17,80,-63
100900174,68,16,52
100900176,1542,439,1103
100900177,456,270,186
100900178,108,158,-50
100900179,243,429,-186
100900180,0,4,-4
100900181,10,72,-62
100900182,52,4,48
100900184,27,28,-1
100900186,370,137,233
100900187,67,89,-22
100900188,2,9,-7
100900189,2463,122,2341
100900191,381,992,-611
100900192,140,413,-273
100900195,106,834,-728
100900197,94,115,-21
100900198,27,26,1
100900199,3,1,2
100900200,971,207,764
100900201,144,771,-627
100900202,29,0,29
100900203,1,49,-48
100900204,59,795,-736
100900205,246,538,-292
100900206,192,244,-52
100900207,263,92,171
100900210,105,98,7
100900211,554,85,469
100900213,131,26,105
100900214,206,153,53
100900215,43,22,21
100900217,116,211,-95
101000001,1800,2201,-401
101000002,8032,9191,-1159
101000003,531,904,-373
101000004,7518,5540,1978
101000005,3673,5940,-2267
101000006,10165,10302,-137
101000007,4503,4777,-274
101000009,3312,799,2513
101000010,1268,1017,251
101000011,1541,333,1208
101000012,354,763,-409
101000013,501,1418,-917
101000014,298,382,-84
101000015,2251,2019,232
101000016,259,1074,-815
101000017,344,683,-339
101000018,1248,10585,-9337
101000020,1664,2445,-781
101000021,473,1479,-1006
101000023,924,1547,-623
101000025,358,778,-420
101000026,283,19,264
101000027,1601,4690,-3089
101000028,1126,396,730
101000029,52,1158,-1106
101000030,801,93,708
101000031,85,606,-521
101000032,1792,5511,-3719
101000033,1125,8316,-7191
101000034,858,3537,-2679
101000035,300,614,-314
101000036,349,3703,-3354
101000037,961,5641,-4680
101000039,1858,4537,-2679
101000040,2722,8068,-5346
101000041,2268,6978,-4710
101000042,43,1172,-1129
101000043,3509,9437,-5928
101000045,242,1067,-825
101000046,934,1974,-1040
101000047,909,4566,-3657
101000048,599,567,32
101000049,457,3258,-2801
101000050,710,2417,-1707
101000051,557,1998,-1441
101000052,1727,2116,-389
101000053,468,2081,-1613
101000054,2761,1238,1523
101000055,1211,2164,-953
101000056,30,195,-165
101000057,578,3651,-3073
101000058,834,2631,-1797
101000059,2305,3353,-1048
101000060,2752,2151,601
101000061,220,2880,-2660
101000062,242,1074,-832
101000063,132,2220,-2088
101000064,255,2041,-1786
101000065,113,1598,-1485
101000066,333,2165,-1832
101000067,220,975,-755
101000068,85,370,-285
101000069,304,123,181
101000070,338,815,-477
101000071,4788,1827,2961
101000072,804,2483,-1679
101000073,326,1277,-951
101000074,1325,3410,-2085
101000075,1972,2706,-734
101000077,1879,1384,495
101000078,575,1110,-535
101000079,686,844,-158
101000080,809,799,10
101000081,1648,1476,172
101000082,1953,1794,159
101000083,3179,2739,440
101000084,939,463,476
101000085,1656,1536,120
101000086,640,1286,-646
101000087,1023,1049,-26
101000088,2032,1299,733
101000089,1275,1827,-552
101000090,1605,709,896
101000091,661,394,267
101000092,2630,596,2034
101000093,1943,597,1346
101000094,986,779,207
101000095,686,570,116
101000096,875,342,533
101000097,531,1210,-679
101000098,415,1357,-942
101000099,524,1312,-788
101000100,941,1876,-935
101000101,243,1673,-1430
101000102,491,2263,-1772
101000103,362,1623,-1261
101000104,387,1205,-818
101000105,217,846,-629
101000106,92,3085,-2993
101000107,238,700,-462
101000108,832,145,687
101000109,1081,165,916
101000110,31,214,-183
101000111,33,243,-210
101000113,119,1314,-1195
101000114,1310,6253,-4943
101000115,9,4,5
101000116,3,29,-26
101000117,1142,236,906
101000119,8,115,-107
101000120,61,145,-84
101000121,11,39,-28
101000122,44,94,-50
101000123,13,84,-71
101000124,352,383,-31
101000125,63,153,-90
101000128,89,1586,-1497
101000130,159,130,29
101000131,1780,378,1402
101000132,904,471,433
101000135,3,24,-21
101000136,74,119,-45
101000137,6,796,-790
101000141,585,6115,-5530
101000147,1483,367,1116
101000148,1096,10,1086
101000149,19,47,-28
101000150,295,293,2
101000151,402,68,334
101000152,434,456,-22
101000153,401,164,237
101000154,547,596,-49
101000155,629,237,392
101000156,43,646,-603
101000157,36,295,-259
101000160,10,17,-7
101000163,59,981,-922
101000164,328,137,191
101000165,357,709,-352
101000166,182,322,-140
101000168,1252,870,382
101000252,2490,574,1916
101000254,10,31,-21
101000258,60,4,56
101000261,76,70,6
101000262,2571,8134,-5563
101000263,517,1377,-860
101000265,107,767,-660
101000266,559,277,282
101000269,20,45,-25
101000290,205,3034,-2829
101000293,12,26,-14
101000294,772,733,39
101000295,382,234,148
101000301,201,948,-747
101000304,3017,6383,-3366
101000305,3297,2719,578
101000328,168,1214,-1046
101900001,88,54,34
101900002,0,5,-5
101900003,22,296,-274
101900004,2,402,-400
101900005,1185,4206,-3021
101900006,2084,674,1410
101900007,536,243,293
101900008,75,704,-629
101900009,38,539,-501
101900010,509,827,-318
101900011,37,1583,-1546
101900012,506,81,425
101900013,533,72,461
101900017,15,81,-66
101900018,1063,348,715
101900019,22,154,-132
101900020,26,22,4
101900021,0,27,-27
101900022,173,748,-575
101900023,234,93,141
101900026,118,56,62
101900027,18,99,-81
102000001,3570,7768,-4198
102000002,2678,4989,-2311
102000003,2504,5701,-3197
102000004,5673,3957,1716
102000005,2032,3825,-1793
102000006,729,1657,-928
102000007,2628,4989,-2361
102000008,6486,1893,4593
102000009,9223,9099,124
102000010,4511,2740,1771
102000011,5817,5436,381
102000012,4311,3013,1298
102000018,4371,3922,449
102000019,3163,2217,946
102000026,995,389,606
102000029,454,388,66
102000030,213,408,-195
102000031,150,186,-36
102000032,658,512,146
102000033,560,290,270
102000034,429,458,-29
102000035,908,408,500
102000036,45,227,-182
102000037,240,48,192
102000038,99,523,-424
102000039,71,306,-235
102000040,227,463,-236
102000041,28,824,-796
102000042,73,607,-534
102000043,59,839,-780
102000044,482,1991,-1509
102000045,948,1515,-567
102000046,1922,1133,789
102000047,1350,1000,350
102000048,741,634,107
102000049,1094,1544,-450
102000050,2277,1731,546
102000051,216,884,-668
102000052,1541,1672,-131
102000053,1112,2022,-910
102000054,1203,1079,124
102000055,1643,235,1408
102000056,2794,334,2460
102000057,2591,597,1994
102000058,1040,797,243
102000059,1118,1663,-545
102000060,976,1009,-33
102000061,2202,1926,276
102000062,2724,1004,1720
102000063,1432,1799,-367
102000064,687,676,11
102000065,42,84,-42
102000066,947,772,175
102000067,8116,5170,2946
102000068,9513,4373,5140
102000069,67,2293,-2226
102000070,2092,41,2051
102000071,7145,13160,-6015
102000072,2582,4482,-1900
102000073,627,447,180
102000074,958,1324,-366
102000075,236,165,71
102000076,541,185,356
102000077,823,184,639
102000078,1752,251,1501
102000079,248,69,179
102000080,515,200,315
102000081,236,735,-499
102000082,646,458,188
102000083,1271,221,1050
102000084,695,239,456
102000085,1778,676,1102
102000086,2006,786,1220
102000087,792,1312,-520
102000088,654,376,278
102000089,1752,364,1388
102000090,300,1213,-913
102000091,1188,743,445
102000092,307,638,-331
102000093,1429,808,621
102000094,464,307,157
102000095,745,1275,-530
102000096,305,370,-65
102000097,650,287,363
102000098,252,427,-175
102000099,707,686,21
102000100,333,798,-465
102000101,184,390,-206
102000102,345,1339,-994
102000103,3846,469,3377
102000104,950,421,529
102000105,370,527,-157
102000106,1071,579,492
102000107,2920,285,2635
102000108,852,379,473
102000109,1342,644,698
102000110,1982,933,1049
102000111,11,589,-578
102000112,109,216,-107
102000113,24,45,-21
102000114,1482,376,1106
102000115,150,559,-409
102000116,336,820,-484
102000117,72,1220,-1148
102000118,866,2141,-1275
102000119,803,1590,-787
102000120,71,624,-553
102000121,914,217,697
102000122,249,799,-550
102000123,1031,623,408
102000124,1333,909,424
102000125,387,488,-101
102000126,788,877,-89
102000127,1035,359,676
102000128,539,950,-411
102000129,1048,463,585
102000130,671,818,-147
102000131,519,617,-98
102000132,406,706,-300
102000133,4501,2359,2142
102000134,1138,879,259
102000135,584,721,-137
102000136,874,529,345
102000137,462,390,72
102000138,322,244,78
102000139,67,409,-342
102000140,77,328,-251
102000141,124,392,-268
102000142,436,245,191
102000143,351,167,184
102000144,392,192,200
102000145,536,270,266
102000146,679,271,408
102000147,614,438,176
102000148,438,904,-466
102000149,503,115,388
102000150,773,59,714
102000151,144,127,17
102000152,324,265,59
102000153,908,849,59
102000154,160,345,-185
102000155,76,584,-508
102000156,279,220,59
102000157,128,1363,-1235
102000158,257,516,-259
102000159,2341,1494,847
102000161,3746,2415,1331
102000162,172,236,-64
102000163,134,473,-339
102000164,707,773,-66
102000165,267,328,-61
102000166,93,233,-140
102000167,159,466,-307
102000168,229,190,39
102000169,237,673,-436
102000170,1109,118,991
102000171,122,151,-29
102000172,8,355,-347
102000173,429,361,68
102000174,159,67,92
102000175,47,114,-67
102000176,30,87,-57
102000178,237,826,-589
102000179,587,395,192
102000180,1440,257,1183
102000181,1154,331,823
102000182,551,327,224
102000183,2299,1113,1186
102000184,2204,448,1756
102000185,3404,693,2711
102000186,2622,1042,1580
102000187,1207,887,320
102000188,1922,1648,274
102000189,2173,407,1766
102000190,518,2608,-2090
102000191,1204,375,829
102000192,2599,1926,673
102000193,116,177,-61
102000194,44,494,-450
102000195,553,283,270
102000196,253,448,-195
102000197,1245,403,842
102000198,270,476,-206
102000199,1504,169,1335
102000200,374,680,-306
102000201,1986,519,1467
102000202,9,299,-290
102000203,954,197,757
102000204,1227,942,285
102000205,1546,828,718
102000206,822,640,182
102000207,868,622,246
102000208,666,1059,-393
102000209,81,198,-117
102000210,1217,596,621
102000211,415,234,181
102000212,670,3,667
102000213,3,223,-220
102000214,722,10,712
102000215,9,237,-228
102000216,155,138,17
102000217,42,139,-97
102000218,342,336,6
102000219,238,154,84
102000225,290,670,-380
102000226,157,187,-30
102000227,130,0,130
102000228,1,211,-210
102000229,79,54,25
102000230,431,275,156
102000231,349,360,-11
102000232,152,237,-85
102000233,1819,389,1430
102000234,194,1048,-854
102000236,367,65,302
102000237,991,760,231
102000238,337,533,-196
102000240,383,881,-498
102000241,186,92,94
102000243,5,21,-16
102000245,16,84,-68
102000246,9,82,-73
102000247,392,329,63
102000248,288,790,-502
102000249,171,95,76
102000250,112,126,-14
102000254,299,192,107
102000266,3,274,-271
102000271,25,0,25
102000286,415,299,116
102000297,3172,1434,1738
102000301,0,0,0
102000307,0,3,-3
102000316,486,76,410
102900001,1042,337,705
102900002,273,60,213
102900003,161,128,33
102900005,569,148,421
102900006,580,32,548
102900007,883,5,878
102900008,289,26,263
102900009,184,381,-197
102900010,120,1042,-922
102900011,1017,643,374
102900012,500,204,296
102900013,78,2,76
102900015,928,681,247
102900016,62,32,30
102900017,255,76,179
102900018,84,31,53
102900019,576,909,-333
102900020,397,30,367
102900021,27,13,14
102900022,94,67,27
102900023,42,50,-8
102900024,66,45,21
102900025,41,45,-4
102900026,705,2861,-2156
102900027,101,73,28
102900028,133,1307,-1174
102900029,90,667,-577
102900030,352,394,-42
102900031,529,163,366
102900032,252,32,220
102900033,73,139,-66
102900034,979,29,950
102900035,302,292,10
102900036,648,127,521
102900037,391,171,220
102900038,532,177,355
102900039,15,1154,-1139
102900040,373,309,64
102900041,116,115,1
102900042,443,96,347
102900043,556,83,473
102900044,660,948,-288
102900045,435,243,192
102900046,159,80,79
102900047,167,571,-404
102900048,716,229,487
102900049,56,239,-183
102900050,188,447,-259
102900051,133,469,-336
102900053,235,719,-484
102900054,271,1947,-1676
102900055,195,360,-165
102900056,125,344,-219
102900057,1,86,-85
102900058,508,127,381
102900059,40,11,29
102900060,118,424,-306
102900061,267,162,105
102900062,453,480,-27
102900063,2729,271,2458
102900064,57,561,-504
102900065,631,183,448
102900066,407,7,400
102900068,54,283,-229
102900070,233,580,-347
102900072,28,58,-30
102900073,51,16,35
102900075,3,65,-62
102900076,36,154,-118
102900077,19,15,4
102900078,37,21,16
102900079,263,1,262
102900080,462,16,446
102900081,81,154,-73
102900082,15,232,-217
102900083,73,8,65
102900084,12,27,-15
102900085,153,36,117
102900086,15,73,-58
102900087,274,134,140
102900088,45,69,-24
102900089,183,343,-160
102900090,10,226,-216
102900091,406,1,405
102900092,790,91,699
102900094,0,253,-253
102900095,80,0,80
102900096,107,4,103
102900097,7,26,-19
103000001,2380,4244,-1864
103000002,3227,5092,-1865
103000003,3501,4139,-638
103000004,951,686,265
103000005,1585,6107,-4522
103000006,1515,2011,-496
103000007,773,512,261
103000008,981,1960,-979
103000009,3187,1994,1193
103000010,346,107,239
103000011,1321,711,610
103000012,1196,2096,-900
103000013,4138,2923,1215
103000014,1193,4460,-3267
103000015,3512,1510,2002
103000016,716,3074,-2358
103000017,253,1427,-1174
103000018,820,160,660
103000019,470,733,-263
103000020,1556,2357,-801
103000021,2143,4941,-2798
103000022,913,1897,-984
103000023,1223,4095,-2872
103000024,97,74,23
103000025,123,1334,-1211
103000026,474,104,370
103000027,124,558,-434
103000028,159,186,-27
103000029,59,242,-183
103000030,2728,1235,1493
103000031,838,2931,-2093
103000032,1842,1484,358
103000033,2921,3030,-109
103000034,1628,943,685
103000035,168,1421,-1253
103000036,267,191,76
103000037,604,291,313
103000038,422,869,-447
103000039,1265,430,835
103000040,628,470,158
103000041,3802,1412,2390
103000042,2923,203,2720
103000043,1532,757,775
103000044,457,102,355
103000046,364,594,-230
103000047,1007,324,683
103000048,310,223,87
103000049,50,141,-91
103000050,835,281,554
103000051,669,711,-42
103000052,869,241,628
103000053,197,330,-133
103000054,2483,374,2109
103000055,1826,1458,368
103000056,1127,556,571
103000057,1870,109,1761
103000058,1083,391,692
103000059,1069,644,425
103000060,1171,201,970
103000061,738,877,-139
103000062,770,211,559
103000063,1067,814,253
103000064,195,46,149
103000065,6,352,-346
103000066,344,14,330
103000069,482,214,268
103000070,752,319,433
103000071,2129,806,1323
103000072,127,667,-540
103000073,1651,129,1522
103000074,1128,155,973
103000075,164,450,-286
103000076,333,1046,-713
103000077,14,201,-187
103000078,1472,2061,-589
103000079,654,1266,-612
103000080,430,405,25
103000081,343,1058,-715
103000082,706,197,509
103000083,149,508,-359
103000084,65,3,62
103000085,0,109,-109
103000086,361,931,-570
103000087,95,771,-676
103000088,307,607,-300
103000089,351,1160,-809
103000090,5194,1271,3923
103000091,1840,656,1184
103000092,443,270,173
103000093,455,872,-417
103000094,388,202,186
103000095,149,599,-450
103000096,709,55,654
103000097,81,830,-749
103000098,648,159,489
103000099,128,861,-733
103000100,149,463,-314
103000101,1836,93,1743
103000102,57,275,-218
103000103,1003,125,878
103000104,166,72,94
103000105,369,87,282
103000106,8,131,-123
103000107,316,174,142
103000108,2277,2701,-424
103000109,859,1064,-205
103000110,930,1058,-128
103000111,375,1201,-826
103000112,327,889,-562
103000113,294,2879,-2585
103000114,1925,2777,-852
103000115,1249,1258,-9
103000116,904,397,507
103000117,371,626,-255
103000118,607,453,154
103000119,1926,680,1246
103000120,67,609,-542
103000121,99,103,-4
103000122,513,474,39
103000125,9,67,-58
103000126,1272,4,1268
103000127,1,76,-75
103000128,259,0,259
103000129,0,64,-64
103000130,73,57,16
103000131,35,62,-27
103000132,17,82,-65
103000133,25,119,-94
103000134,172,1398,-1226
103000135,822,209,613
103000136,606,825,-219
103000137,377,792,-415
103000138,386,919,-533
103000139,0,145,-145
103000140,305,19,286
103000141,12,181,-169
103000142,137,108,29
103000143,109,190,-81
103000144,267,228,39
103000145,6,187,-181
103000150,145,48,97
103000152,216,592,-376
103000153,238,598,-360
103000156,1,82,-81
103000157,567,3,564
103000159,258,77,181
103000162,12,22,-10
103000163,23,17,6
103000164,4,7,-3
103000165,78,174,-96
103000166,478,1103,-625
103000167,378,440,-62
103000168,225,111,114
103000169,179,1032,-853
103000170,1539,200,1339
103000171,10,132,-122
103000172,1070,67,1003
103000173,1410,173,1237
103000174,582,307,275
103000175,519,133,386
103000176,976,1474,-498
103000177,251,658,-407
103000178,59,283,-224
103000179,129,17,112
103000183,640,138,502
103000185,306,49,257
103000186,375,91,284
103000187,1632,163,1469
103000188,28,88,-60
103000189,629,1627,-998
103000191,482,354,128
103000292,1461,2760,-1299
103000293,860,5087,-4227
103000295,89,297,-208
103000296,114,4,110
103000297,0,5,-5
103000504,8,5,3
103000505,5,11,-6
103000506,3,157,-154
103000507,375,2,373
103000508,55,54,1
103000509,385,717,-332
103000514,155,1,154
103900001,12,40,-28
103900002,655,57,598
103900003,865,55,810
103900004,148,0,148
103900005,0,118,-118
103900006,2,10,-8
103900007,311,2,309
103900008,47,0,47
103900009,444,179,265
103900010,424,107,317
103900011,617,92,525
103900012,4,88,-84
103900013,106,28,78
103900014,85,25,60
103900015,182,4,178
103900016,133,88,45
103900017,112,123,-11
103900018,294,69,225
103900019,95,418,-323
103900020,603,522,81
103900021,85,20,65
103900022,499,295,204
103900023,348,0,348
103900024,52,276,-224
103900025,3,10,-7
103900026,19,0,19
103900027,442,423,19
103900028,72,484,-412
103900029,1644,130,1514
103900030,412,180,232
103900031,103,4,99
103900032,105,252,-147
103900033,55,128,-73
103900034,39,39,0
103900035,76,26,50
103900036,36,77,-41
103900037,158,58,100
103900038,101,232,-131
103900039,262,124,138
103900040,13,89,-76
103900041,77,33,44
103900042,241,23,218
103900043,423,103,320
103900044,91,983,-892
103900045,353,80,273
103900047,220,11,209
103900048,8,91,-83
103900049,79,1302,-1223
103900050,34,221,-187
103900051,2,63,-61
103900052,218,545,-327
103900053,547,131,416
103900054,369,113,256
103900055,671,165,506
103900056,83,19,64
103900057,417,54,363
103900058,587,135,452
103900059,1,81,-80
103900060,195,104,91
103900061,304,20,284
103900062,1205,303,902
103900063,13,9,4
103900064,251,4,247
103900065,172,266,-94
103900066,349,53,296
103900067,333,11,322
103900068,1,0,1
103900069,148,4,144
103900070,182,99,83
103900071,17,37,-20
103900072,86,75,11
103900073,42,82,-40
103900074,174,3,171
103900075,348,79,269
103900076,872,203,669
103900077,24,213,-189
103900078,347,31,316
103900079,87,271,-184
103900080,14,70,-56
103900081,13,46,-33
103900082,75,175,-100
103900083,3498,2799,699
103900084,19,546,-527
103900085,46,88,-42
103900086,2168,272,1896
103900088,256,488,-232
103900089,46,314,-268
103900090,1,88,-87
103900091,587,163,424
103900092,703,1684,-981
103900093,85,599,-514
103900094,4,35,-31
103900095,176,611,-435
103900096,256,56,200
103900097,10,160,-150
103900098,565,80,485
103900099,633,52,581
103900100,320,120,200
103900101,308,982,-674
103900102,0,47,-47
103900104,14,24,-10
103900105,25,78,-53
103900106,2,373,-371
103900107,241,15,226
103900108,62,96,-34
103900109,264,8,256
103900110,415,22,393
103900111,299,166,133
103900112,18,152,-134
103900113,104,235,-131
103900114,1322,240,1082
103900115,164,205,-41
103900116,1418,3459,-2041
103900117,25,31,-6
103900119,12,160,-148
103900120,164,69,95
103900122,372,28,344
103900123,598,1131,-533
103900124,51,255,-204
103900125,99,55,44
103900126,845,180,665
103900127,124,160,-36
103900128,177,38,139
103900131,53,33,20
103900133,1190,58,1132
103900134,0,26,-26
103900135,0,5,-5
103900137,1,3,-2
103900138,371,14,357
103900139,428,5068,-4640
103900140,6,614,-608
103900141,214,38,176
103900142,503,112,391
103900143,371,3,368
103900144,0,11,-11
103900145,155,217,-62
103900146,285,117,168
103900147,503,90,413
103900148,540,100,440
103900149,299,143,156
103900150,4062,6656,-2594
103900151,7,83,-76
103900152,1537,183,1354
103900153,13,53,-40
103900154,281,3100,-2819
103900155,31,99,-68
103900156,25,60,-35
103900157,158,51,107
103900158,325,43,282
103900159,408,12,396
103900160,85,12,73
103900161,61,109,-48
103900162,47,50,-3
103900163,9,295,-286
103900167,2,100,-98
103900168,90,128,-38
103900169,5,51,-46
103900170,0,53,-53
103900171,2,45,-43
103900172,0,8,-8
103900173,34,25,9
103900174,418,30,388
103900175,44,114,-70
103900176,23,50,-27
103900177,12,7,5
103900178,89,3,86
103900179,96,43,53
103900180,2,44,-42
103900181,3,118,-115
103900182,1,31,-30
103900184,322,73,249
103900185,68,1197,-1129
103900187,13,241,-228
103900188,171,81,90
103900189,134,3,131
103900190,166,16,150
103900191,30,34,-4
103900192,10,96,-86
103900193,22,79,-57
103900194,48,77,-29
103900195,2,188,-186
103900196,60,38,22
103900197,7,9,-2
103900198,6,29,-23
103900199,138,63,75
103900200,267,40,227
103900201,48,54,-6
103900202,3,55,-52
103900203,43,70,-27
103900204,0,29,-29
103900207,0,9,-9
103900208,156,4,152
103900209,5,40,-35
103900210,30,56,-26
103900211,1068,73,995
103900212,197,101,96
103900213,23,492,-469
103900214,302,728,-426
103900215,180,792,-612
103900216,14,162,-148
103900217,605,21,584
103900218,49,590,-541
103900219,355,251,104
103900233,224,26,198
103900235,10,195,-185
103900236,6,98,-92
103900242,0,1,-1
103900243,0,1,-1
103900244,84,155,-71
103900245,196,47,149
103900246,26,54,-28
103900247,20,56,-36
103900248,6,67,-61
103900249,18,55,-37
103900250,164,83,81
103900251,9,133,-124
103900253,0,164,-164
103900254,2,55,-53
103900255,11,60,-49
103900256,44,72,-28
103900257,741,705,36
103900258,45,18,27
103900259,12,77,-65
103900261,118,0,118
103900262,110,10,100
103900263,36,127,-91
103900264,12,4,8
103900265,10,1,9
103900266,2,134,-132
103900267,0,29,-29
103900268,32,15,17
103900269,216,14,202
103900270,70,52,18
103900271,17,24,-7
103900272,128,28,100
103900273,287,31,256
103900274,539,6,533
103900275,189,14,175
103900276,3,21,-18
103900277,38,13,25
103900278,2,46,-44
103900279,3,143,-140
103900280,15,12,3
103900281,337,382,-45
103900282,17,9,8
103900283,98,12,86
103900284,5,29,-24
103900285,9,264,-255
103900286,41,279,-238
103900287,0,47,-47
103900288,7,126,-119
103900289,0,0,0
103900290,93,58,35
103900291,16,0,16
103900292,1,3,-2
103900293,1,12,-11
103900294,0,7,-7
104000001,4805,3100,1705
104000002,2289,2412,-123
104000003,3418,2278,1140
104000004,3299,2645,654
104000005,3809,2516,1293
104000006,4333,2571,1762
104000007,4720,2278,2442
104000008,365,345,20
104000009,207,281,-74
104000010,199,775,-576
104000011,403,183,220
104000012,209,194,15
104000013,375,654,-279
104000014,302,299,3
104000015,556,280,276
104000016,366,273,93
104000018,890,447,443
104000019,629,573,56
104000020,76,261,-185
104000021,517,200,317
104000022,455,460,-5
104000023,1724,700,1024
104000024,386,491,-105
104000026,130,179,-49
104000027,405,236,169
104000028,559,532,27
104000029,510,324,186
104000030,488,542,-54
104000031,1625,429,1196
104000032,197,157,40
104000033,944,639,305
104000034,292,129,163
104000035,1278,429,849
104000036,1623,429,1194
104000037,225,126,99
104000038,205,421,-216
104000039,343,69,274
104000040,139,829,-690
104000041,1519,844,675
104000042,121,68,53
104000043,290,274,16
104000044,484,495,-11
104000045,887,644,243
104000046,674,800,-126
104000047,784,786,-2
104000048,982,786,196
104000049,1043,447,596
104000050,185,810,-625
104000051,335,821,-486
104000052,3823,2965,858
104000053,1595,404,1191
104000054,563,198,365
104000055,2753,2514,239
104000056,691,553,138
104000057,534,424,110
104000058,2423,2303,120
104000059,777,1016,-239
104000060,2025,2136,-111
104000061,1917,868,1049
104000062,851,310,541
104000064,1099,448,651
104000065,122,644,-522
104000069,536,2322,-1786
104000070,94,708,-614
104000071,805,397,408
104000072,994,347,647
104000075,194,285,-91
104000076,856,92,764
104000082,2203,6364,-4161
104000083,600,217,383
104000084,219,294,-75
104000085,879,352,527
104000086,349,481,-132
104000087,392,2061,-1669
104000090,1564,817,747
104000092,2309,1123,1186
104000094,1309,879,430
104000095,4132,2670,1462
104000096,3576,113,3463
104000097,3916,591,3325
104000098,5454,711,4743
104000100,2939,1023,1916
104000101,2027,1672,355
104000106,167,839,-672
104000107,798,173,625
104000108,340,257,83
104000109,484,189,295
104000110,780,1349,-569
104000111,2526,5290,-2764
104000112,765,505,260
104000116,0,559,-559
104000117,513,416,97
104000118,2199,149,2050
104000119,1119,390,729
104000120,357,377,-20
104000121,425,459,-34
104000122,1162,662,500
104000123,1210,829,381
104000124,297,1107,-810
104000125,2474,6546,-4072
104000126,623,592,31
104000127,1701,1481,220
104000128,805,61,744
104000129,501,12,489
104000130,16,356,-340
104000131,395,495,-100
104000132,459,1102,-643
104000133,1724,548,1176
104000134,1359,1713,-354
104000135,862,1574,-712
104000136,755,3152,-2397
104000137,2802,423,2379
104000138,2008,338,1670
104000139,2591,2324,267
104000141,1035,470,565
104000142,1095,431,664
104000143,1238,317,921
104000144,226,390,-164
104000145,410,240,170
104000146,180,528,-348
104000147,191,331,-140
104000148,524,194,330
104000149,238,72,166
104000150,1244,542,702
104000151,290,124,166
104000152,739,145,594
104000153,1065,777,288
104000154,677,204,473
104000155,641,1108,-467
104000157,2420,1070,1350
104000158,80,528,-448
104000159,1103,1077,26
104000160,2217,2794,-577
104000161,329,160,169
104000162,155,158,-3
104000165,1248,964,284
104000167,2164,2718,-554
104000168,1534,11,1523
104000169,223,111,112
104000170,225,423,-198
104000248,589,648,-59
104000251,129,196,-67
104000272,0,0,0
104000273,0,0,0
104000274,0,0,0
104000275,0,0,0
104000279,2012,1697,315
104000290,144,428,-284
104000291,1257,2391,-1134
104000293,2289,2370,-81
104000294,131,0,131
104000295,1150,1068,82
104000296,888,729,159
104000297,1239,2093,-854
104000298,1745,945,800
104000299,1709,958,751
104000302,245,108,137
104000303,207,233,-26
104900001,105,295,-190
104900002,65,369,-304
104900003,67,135,-68
104900004,54,89,-35
104900005,676,287,389
104900006,977,105,872
104900007,737,118,619
104900009,62,120,-58
104900010,225,12,213
104900011,6,12,-6
104900012,180,16,164
104900013,80,4,76
104900014,1314,287,1027
104900015,120,0,120
104900016,189,177,12
104900017,123,267,-144
104900018,15,121,-106
104900019,102,6394,-6292
104900020,108,381,-273
104900021,1,9,-8
104900022,2,582,-580
104900023,0,7,-7
104900024,43,1358,-1315
104900025,141,143,-2
104900026,1,32,-31
104900027,648,296,352
104900028,5,215,-210
104900029,6,38,-32
104900030,666,177,489
104900031,40,207,-167
104900032,98,43,55
104900033,225,205,20
104900034,271,192,79
104900035,475,255,220
104900036,433,33,400
104900037,272,119,153
104900038,140,2332,-2192
104900039,331,260,71
104900040,807,24,783
104900041,341,138,203
104900042,251,191,60
104900043,56,606,-550
104900044,1085,93,992
104900045,375,64,311
104900046,763,102,661
104900047,475,66,409
104900048,514,70,444
104900049,127,27,100
104900050,793,71,722
104900051,382,55,327
104900052,256,3,253
104900053,610,99,511
104900054,296,35,261
104900055,567,2,565
104900056,434,6,428
104900057,116,0,116
104900058,513,441,72
104900059,107,19,88
104900061,111,146,-35
104900063,18,455,-437
104900064,0,104,-104
104900065,5,299,-294
104900066,1,71,-70
104900067,0,190,-190
104900068,100,91,9
104900070,30,196,-166
104900071,1,541,-540
104900072,75,114,-39
104900073,109,101,8
104900074,35,44,-9
104900075,59,34,25
104900076,110,67,43
104900077,325,126,199
104900078,160,139,21
104900079,154,1643,-1489
104900080,112,134,-22
104900082,7,260,-253
104900085,9,190,-181
104900089,547,0,547
104900091,407,378,29
104900093,133,198,-65
104900097,1491,4818,-3327
104900098,445,52,393
104900099,75,978,-903
104900100,354,198,156
104900102,113,95,18
104900103,184,59,125
104900106,595,141,454
104900107,89,224,-135
104900108,36,82,-46
104900109,197,184,13
104900110,22,69,-47
104900111,595,42,553
104900112,466,371,95
104900113,1091,189,902
104900114,976,348,628
104900115,1473,153,1320
104900116,825,119,706
104900118,24,43,-19
104900119,0,30,-30
104900120,20,1691,-1671
104900121,0,15,-15
104900122,1,22,-21
104900123,179,12,167
104900124,106,0,106
104900125,452,65,387
104900126,14,16,-2
104900127,13,38,-25
104900128,174,102,72
104900129,962,3663,-2701
105000001,5318,1839,3479
105000002,3653,3181,472
105000003,3443,6524,-3081
105000004,1544,1175,369
105000005,2278,2498,-220
105000006,1515,3577,-2062
105000007,1969,4348,-2379
105000008,1075,5190,-4115
105000009,3567,5354,-1787
105000010,3010,1222,1788
105000011,3594,4435,-841
105000012,2742,1856,886
105000013,1682,2029,-347
105000014,4803,4980,-177
105000015,8375,17890,-9515
105000016,872,707,165
105000017,1770,1160,610
105000018,731,2196,-1465
105000019,1341,1498,-157
105000020,68,751,-683
105000021,391,200,191
105000022,113,263,-150
105000023,1390,247,1143
105000028,42,103,-61
105000029,888,1849,-961
105000030,3768,2170,1598
105000031,1,28,-27
105000033,1503,1226,277
105000034,218,1683,-1465
105000037,878,326,552
105000038,1384,1932,-548
105000039,977,839,138
105000040,969,1450,-481
105000041,301,531,-230
105000042,1786,1366,420
105000043,809,774,35
105000044,722,345,377
105000045,326,310,16
105000046,1297,337,960
105000047,750,407,343
105000048,1689,483,1206
105000049,301,441,-140
105000050,1347,636,711
105000051,180,433,-253
105000052,947,1309,-362
105000053,206,199,7
105000054,641,1439,-798
105000055,976,309,667
105000056,2304,2214,90
105000057,1666,636,1030
105000058,1688,1082,606
105000059,1812,1326,486
105000060,706,612,94
105000061,2480,1087,1393
105000062,766,636,130
105000063,524,595,-71
105000064,3680,1152,2528
105000065,621,936,-315
105000066,1037,1992,-955
105000067,2269,1885,384
105000068,413,1332,-919
105000069,1976,4304,-2328
105000070,986,2122,-1136
105000071,189,3260,-3071
105000072,2276,10646,-8370
105000073,1363,1332,31
105000074,621,737,-116
105000075,739,891,-152
105000076,2031,1652,379
105000077,3431,1260,2171
105000078,834,1659,-825
105000079,912,2972,-2060
105000080,2323,3120,-797
105000081,1113,1715,-602
105000082,809,2361,-1552
105000083,1893,3011,-1118
105000084,699,816,-117
105000085,2911,2793,118
105000086,1203,1031,172
105000087,3846,2886,960
105000088,2736,4579,-1843
105000089,2105,1531,574
105000090,425,437,-12
105000091,797,907,-110
105000092,658,1223,-565
105000093,333,624,-291
105000094,295,284,11
105000095,283,1227,-944
105000096,1828,3078,-1250
105000097,442,646,-204
105000098,1912,2290,-378
105000099,738,1689,-951
105000100,2644,1071,1573
105000101,4248,1408,2840
105000102,2465,1604,861
105000103,1640,2068,-428
105000104,3032,1226,1806
105000105,1899,1681,218
105000106,2643,1115,1528
105000107,2216,772,1444
105000108,2036,1230,806
105000109,4385,1039,3346
105000110,1123,610,513
105000111,2401,579,1822
105000112,1391,625,766
105000113,851,1284,-433
105000114,1951,2004,-53
105000115,523,3286,-2763
105000116,1566,1001,565
105000117,1191,927,264
105000118,1515,542,973
105000119,650,539,111
105000120,2197,702,1495
105000121,1106,665,441
105000122,623,718,-95
105000123,623,589,34
105000124,2993,983,2010
105000125,1532,1487,45
105000126,2469,2172,297
105000127,3814,2126,1688
105000128,947,2337,-1390
105000129,2265,547,1718
105000130,311,4128,-3817
105000131,502,161,341
105000132,1742,1023,719
105000133,488,808,-320
105000134,1689,683,1006
105000135,550,618,-68
105000136,93,181,-88
105000137,779,297,482
105000138,239,185,54
105000139,903,528,375
105000140,802,380,422
105000141,526,300,226
105000142,497,542,-45
105000143,202,589,-387
105000144,497,745,-248
105000145,932,448,484
105000146,580,782,-202
105000147,892,557,335
105000148,1129,1276,-147
105000149,3526,2552,974
105000150,1435,727,708
105000151,1165,560,605
105000152,211,812,-601
105000153,1522,673,849
105000154,797,770,27
105000155,960,712,248
105000156,300,857,-557
105000157,696,1371,-675
105000158,4223,1214,3009
105000159,464,861,-397
105000160,5481,1258,4223
105000161,998,823,175
105000162,963,4706,-3743
105000163,1270,1265,5
105000164,191,676,-485
105000165,1754,15945,-14191
105000166,6050,2441,3609
105000167,1579,4131,-2552
105000168,430,546,-116
105000169,1869,133,1736
105000170,429,1183,-754
105000171,2085,182,1903
105000172,514,68,446
105000173,658,52,606
105000174,168,77,91
105000175,180,64,116
105000176,800,109,691
105000177,743,414,329
105000178,492,300,192
105000179,1424,129,1295
105000180,507,59,448
105000181,297,173,124
105000182,103,70,33
105000183,2708,2754,-46
105000184,612,1042,-430
105000185,635,1228,-593
105000186,583,799,-216
105000187,924,489,435
105000188,233,564,-331
105000189,189,857,-668
105000190,205,675,-470
105000191,485,587,-102
105000192,459,46,413
105000193,92,228,-136
105000194,1342,122,1220
105000195,464,594,-130
105000196,135,501,-366
105000197,268,590,-322
105000198,386,209,177
105000199,124,994,-870
105000200,138,462,-324
105000201,118,58,60
105000203,71,168,-97
105000204,106,67,39
105000205,205,105,100
105000207,254,105,149
105000208,158,369,-211
105000209,209,142,67
105000211,618,5,613
105000212,1674,561,1113
105000213,35,157,-122
105000214,155,176,-21
105000215,178,148,30
105000216,459,73,386
105000217,346,127,219
105000218,2975,1339,1636
105000221,215,479,-264
105000222,603,419,184
105000223,910,242,668
105000226,241,143,98
105000227,87,123,-36
105000228,60,1680,-1620
105000229,291,1221,-930
105000231,543,297,246
105000233,1466,1088,378
105000234,509,758,-249
105000235,694,1030,-336
105000237,2229,175,2054
105000243,42,77,-35
105000248,39,120,-81
105000262,576,379,197
105000269,321,118,203
105000270,1005,24,981
105000271,0,271,-271
105000282,140,107,33
105000287,220,72,148
105000288,1054,472,582
105000289,575,1509,-934
105000290,63,21,42
105000402,1730,4630,-2900
105000426,350,465,-115
105000438,548,1115,-567
105000440,17,9,8
105000446,7053,3238,3815
105000447,1631,1089,542
105000454,939,178,761
105000455,193,130,63
105000474,244,2,242
105000477,1447,689,758
105000478,3301,7480,-4179
105000479,77,304,-227
105000480,4148,9362,-5214
105000481,6323,5967,356
105000482,2278,2710,-432
105000483,2862,4614,-1752
105000484,1642,1727,-85
105000485,1229,4193,-2964
105000486,1817,2258,-441
105000488,2882,1792,1090
105000489,2399,1476,923
105000549,184,346,-162
105000550,440,1068,-628
105000551,26,99,-73
105000552,2959,1233,1726
105000555,1541,2500,-959
105000556,78,27,51
105000557,110,267,-157
105900001,7,3008,-3001
105900002,540,1931,-1391
105900003,29,195,-166
105900004,163,54,109
105900005,57,469,-412
105900006,25,96,-71
105900007,35,35,0
105900008,158,165,-7
105900009,54,10,44
105900011,167,38,129
105900012,477,86,391
105900013,0,26,-26
105900014,0,64,-64
105900015,75,293,-218
105900016,851,139,712
105900017,2502,28,2474
105900018,101,218,-117
105900019,127,156,-29
105900020,40,106,-66
105900021,53,311,-258
105900022,374,196,178
105900023,14,184,-170
105900024,11,242,-231
105900025,369,6,363
105900026,342,17,325
105900027,14551,4208,10343
105900028,114,519,-405
105900029,1954,262,1692
105900030,213,361,-148
105900031,489,135,354
105900032,169,76,93
105900033,147,142,5
105900034,754,241,513
105900035,531,226,305
105900036,171,44,127
105900037,218,41,177
105900038,141,247,-106
105900039,234,52,182
105900040,135,165,-30
105900041,193,179,14
105900042,206,370,-164
105900043,1110,11,1099
105900044,3,665,-662
105900045,3,1821,-1818
105900046,0,264,-264
105900047,4,178,-174
105900048,141,528,-387
105900050,1281,8532,-7251
105900051,61,1307,-1246
105900052,1466,109,1357
105900053,3049,5279,-2230
105900054,193,214,-21
105900056,359,755,-396
105900057,2,81,-79
105900058,28,23,5
105900059,1,205,-204
106000001,2024,3082,-1058
106000002,1123,3201,-2078
106000003,4661,6357,-1696
106000004,2252,2108,144
106000005,5454,5489,-35
106000006,5431,1921,3510
106000007,699,446,253
106000008,423,267,156
106000009,647,278,369
106000010,262,380,-118
106000011,2308,1284,1024
106000012,1122,1026,96
106000013,2672,1990,682
106000014,1280,1261,19
106000015,3307,1378,1929
106000016,1532,1329,203
106000017,884,1197,-313
106000018,563,507,56
106000019,520,523,-3
106000020,463,402,61
106000021,637,740,-103
106000022,394,193,201
106000023,1089,608,481
106000024,614,612,2
106000025,304,286,18
106000026,152,274,-122
106000027,2269,2168,101
106000028,1086,263,823
106000029,946,773,173
106000030,275,732,-457
106000034,101,458,-357
106000035,870,2153,-1283
106000036,291,397,-106
106000037,1557,1433,124
106000038,29,182,-153
106000039,23,185,-162
106000040,162,975,-813
106000041,855,612,243
106000043,542,260,282
106000046,521,106,415
106000047,68,491,-423
106000049,1884,410,1474
106000050,397,832,-435
106000051,1264,503,761
106000052,236,300,-64
106000053,861,210,651
106000054,447,306,141
106000055,1121,731,390
106000056,377,352,25
106000057,825,379,446
106000058,311,112,199
106000059,702,405,297
106000060,430,315,115
106000061,293,1013,-720
106000062,264,415,-151
106000063,1555,1116,439
106000064,13,392,-379
106000065,640,260,380
106000066,107,339,-232
106000067,795,136,659
106000068,121,682,-561
106000069,609,133,476
106000070,507,666,-159
106000071,979,492,487
106000072,4438,1528,2910
106000073,2084,8146,-6062
106000074,1228,800,428
106000075,796,1375,-579
106000076,1640,1865,-225
106000077,1639,1050,589
106000078,1771,709,1062
106000079,1190,969,221
106000080,1692,585,1107
106000081,1341,1073,268
106000082,1827,685,1142
106000083,480,1164,-684
106000084,1074,483,591
106000085,1714,1116,598
106000086,611,794,-183
106000087,1007,441,566
106000088,588,807,-219
106000089,1389,278,1111
106000090,413,738,-325
106000091,231,555,-324
106000092,2208,425,1783
106000093,798,87,711
106000094,80,322,-242
106000095,1746,1158,588
106000096,1888,644,1244
106000097,1877,1018,859
106000098,1798,729,1069
106000099,271,520,-249
106000100,2049,213,1836
106000101,1455,789,666
106000102,135,440,-305
106000103,339,296,43
106000104,918,348,570
106000105,597,574,23
106000106,1678,430,1248
106000107,202,264,-62
106000108,1291,256,1035
106000109,332,138,194
106000110,788,140,648
106000111,274,175,99
106000112,454,662,-208
106000113,530,473,57
106000114,558,1474,-916
106000115,604,570,34
106000116,908,1243,-335
106000117,998,534,464
106000118,1959,1599,360
106000119,1121,683,438
106000120,1434,2129,-695
106000121,553,318,235
106000122,398,89,309
106000123,1266,112,1154
106000124,369,115,254
106000125,63,231,-168
106000126,605,61,544
106000127,2043,682,1361
106000128,1826,239,1587
106000129,2008,701,1307
106000130,1499,1253,246
106000131,296,1195,-899
106000132,1149,309,840
106000133,2456,2754,-298
106000134,478,5805,-5327
106000135,218,1165,-947
106000136,1259,2327,-1068
106000137,126,1089,-963
106000138,4100,85,4015
106000139,143,167,-24
106000140,64,142,-78
106000141,235,51,184
106000142,161,122,39
106000143,53,42,11
106000144,114,194,-80
106000145,925,130,795
106000146,594,174,420
106000147,1557,598,959
106000148,2103,756,1347
106000149,1198,386,812
106000150,1315,3642,-2327
106000151,4204,604,3600
106000152,809,4780,-3971
106000153,104,1906,-1802
106000154,1224,126,1098
106000155,280,423,-143
106000156,1889,223,1666
106000157,938,2367,-1429
106000158,1770,722,1048
106000159,4414,3798,616
106000160,901,6427,-5526
106000161,1412,190,1222
106000162,409,2117,-1708
106000163,618,306,312
106000164,1107,281,826
106000165,364,658,-294
106000166,1538,365,1173
106000167,480,1334,-854
106000168,1344,427,917
106000169,418,581,-163
106000170,1746,170,1576
106000171,239,1234,-995
106000172,2785,2355,430
106000173,641,4150,-3509
106000174,2098,456,1642
106000175,280,541,-261
106000176,3117,1018,2099
106000177,1037,1899,-862
106000178,3776,1927,1849
106000179,757,1777,-1020
106000180,970,722,248
106000181,1971,1332,639
106000182,2785,589,2196
106000183,2734,459,2275
106000184,2087,555,1532
106000185,2285,2149,136
106000186,493,74,419
106000187,39,1988,-1949
106000188,0,0,0
106000189,9,32,-23
106000190,59,0,59
106000191,638,123,515
106000192,0,1,-1
106000193,431,345,86
106000194,181,399,-218
106000195,201,151,50
106000196,37,346,-309
106000197,1016,153,863
106000198,201,76,125
106000199,825,1422,-597
106000200,376,192,184
106000201,417,7868,-7451
106000202,4918,878,4040
106000203,31,740,-709
106000204,153,73,80
106000205,74,237,-163
106000206,147,7,140
106000207,28,228,-200
106000208,2556,120,2436
106000209,3008,434,2574
106000210,393,733,-340
106000211,318,1189,-871
106000212,1711,478,1233
106000213,302,1163,-861
106000214,1275,386,889
106000215,463,526,-63
106000216,867,395,472
106000217,167,436,-269
106000218,667,406,261
106000219,252,223,29
106000220,1019,254,765
106000221,513,134,379
106000222,175,80,95
106000223,699,212,487
106000224,582,114,468
106000225,184,248,-64
106000226,138,199,-61
106000228,97,173,-76
106000229,240,584,-344
106000231,1763,127,1636
106000232,99,357,-258
106000233,802,128,674
106000234,47,498,-451
106000235,315,351,-36
106000236,118,180,-62
106000237,2,49,-47
106000238,29,71,-42
106000239,1,140,-139
106000240,30,6,24
106000241,25,758,-733
106000242,524,24,500
106000249,125,93,32
106000250,57,942,-885
106000251,164,35,129
106000252,29,64,-35
106000253,73,44,29
106000254,154,16,138
106000255,57,149,-92
106000256,144,31,113
106000257,136,188,-52
106000258,107,124,-17
106000259,14,229,-215
106000260,52,4,48
106000261,24,76,-52
106000262,140,33,107
106000263,42,95,-53
106000264,251,14,237
106000265,78,125,-47
106000266,204,24,180
106000267,6,100,-94
106000268,378,49,329
106000269,42,39,3
106000270,121,218,-97
106000271,108,119,-11
106000272,135,38,97
106000273,7,190,-183
106000274,206,26,180
106000275,297,195,102
106000276,26,22,4
106000277,167,240,-73
106000278,163,31,132
106000279,21,10,11
106000280,165,25,140
106000281,84,23,61
106000282,114,44,70
106000283,156,37,119
106000284,204,68,136
106000285,124,92,32
106000286,171,75,96
106000287,68,138,-70
106000288,132,126,6
106000289,191,54,137
106000290,112,61,51
106000291,174,64,110
106000292,308,110,198
106000293,169,85,84
106000294,79,46,33
106000295,40,46,-6
106000296,13,52,-39
106000297,63,297,-234
106000298,83,220,-137
106000299,31,99,-68
106000300,57,73,-16
106000301,85,181,-96
106000303,92,65,27
106000304,109,37,72
106000305,156,46,110
106000306,47,29,18
106000307,188,13,175
106000308,27,47,-20
106000309,24,26,-2
106000310,476,565,-89
106000311,678,148,530
106000312,366,319,47
106000313,575,116,459
106000318,106,423,-317
106000319,2178,472,1706
106000320,0,87,-87
106000321,178,199,-21
106000322,460,87,373
106000324,64,123,-59
106000325,2714,803,1911
106000326,912,1290,-378
106000327,456,83,373
106000328,15,144,-129
106000329,74,385,-311
106000330,20,68,-48
106000428,90,377,-287
106000429,192,283,-91
106000430,368,1737,-1369
106000431,3272,653,2619
106000432,1123,2928,-1805
106000433,2878,1655,1223
106000434,5088,1122,3966
106000435,1583,2516,-933
106000436,8,197,-189
106000437,779,67,712
106000438,246,408,-162
106000439,72,1472,-1400
106000440,819,845,-26
106000441,6,0,6
106000442,855,8,847
106000443,348,190,158
106000450,1,164,-163
106000451,18,180,-162
106000454,5,245,-240
106000455,3,104,-101
106000456,152,18,134
106000457,67,540,-473
106000458,1546,136,1410
106000459,622,117,505
106000460,2155,57,2098
106000461,444,251,193
106000462,0,61,-61
106000463,2,12,-10
106000464,2,2010,-2008
106000465,1030,1,1029
106000466,0,612,-612
106000467,749,346,403
106000468,191,171,20
106000469,197,8,189
106000470,206,3460,-3254
106000471,4,260,-256
106000472,191,9,182
106000473,72,2,70
106000474,879,636,243
106000475,1352,297,1055
106000476,605,479,126
106000477,112,82,30
106000480,2,1117,-1115
106900001,0,5,-5
106900002,0,215,-215
106900003,23,391,-368
106900004,0,7,-7
106900006,0,7,-7
106900007,1,9,-8
106900008,1427,70,1357
106900009,836,147,689
106900010,612,258,354
106900012,1496,4177,-2681
106900013,507,51,456
106900014,134,5,129
106900015,35,1,34
106900016,644,23,621
106900017,41,6,35
106900018,13,2,11
106900019,196,0,196
106900020,1600,4152,-2552
106900021,324,119,205
106900022,2147,3,2144
106900023,6,125,-119
106900024,560,15,545
106900025,3,273,-270
106900026,0,213,-213
106900027,1188,5,1183
106900028,5,154,-149
106900029,330,46,284
106900030,5,469,-464
107000001,3653,5421,-1768
107000002,1497,1917,-420
107000003,11010,9080,1930
107000004,3955,1669,2286
107000005,11294,7480,3814
107000006,3604,1532,2072
107000007,7862,9533,-1671
107000008,4188,2627,1561
107000009,12130,8152,3978
107000010,5649,3325,2324
107000011,762,990,-228
107000012,2587,2054,533
107000013,216,60,156
107000014,103,87,16
107000015,630,464,166
107000016,1337,422,915
107000017,606,1387,-781
107000018,4,1102,-1098
107000020,550,1305,-755
107000021,940,463,477
107000022,1119,1481,-362
107000023,2065,204,1861
107000024,499,1684,-1185
107000025,554,255,299
107000026,285,330,-45
107000027,2441,727,1714
107000028,1222,659,563
107000029,5226,3428,1798
107000030,2238,1660,578
107000031,7669,2988,4681
107000032,274,762,-488
107000033,2322,4391,-2069
107000034,3696,1201,2495
107000035,657,384,273
107000036,438,2124,-1686
107000037,207,854,-647
107000038,415,169,246
107000039,1575,1314,261
107000040,429,187,242
107000041,1278,924,354
107000042,563,3074,-2511
107000043,1633,1050,583
107000044,325,370,-45
107000045,65,443,-378
107000046,786,484,302
107000047,501,1021,-520
107000048,782,439,343
107000049,569,855,-286
107000050,1059,697,362
107000051,377,417,-40
107000052,1227,2351,-1124
107000053,406,786,-380
107000054,20,216,-196
107000055,570,248,322
107000056,458,438,20
107000057,2011,128,1883
107000058,2114,3708,-1594
107000059,2741,2634,107
107000060,7002,7484,-482
107000061,4610,2563,2047
107000062,8098,4402,3696
107000063,4253,2969,1284
107000064,7048,4881,2167
107000065,2956,4526,-1570
107000066,1716,3521,-1805
107000067,1687,1676,11
107000068,740,1207,-467
107000069,1671,908,763
107000070,1295,11,1284
107000071,5578,61,5517
107000072,8,1110,-1102
107000073,1314,1119,195
107000074,140,488,-348
107000075,2307,371,1936
107000076,133,716,-583
107000077,3561,608,2953
107000078,644,1334,-690
107000079,3612,888,2724
107000080,430,1350,-920
107000081,3949,698,3251
107000082,796,705,91
107000083,1880,935,945
107000084,194,602,-408
107000085,3427,3371,56
107000086,2934,1884,1050
107000087,4737,3695,1042
107000088,2918,4259,-1341
107000089,2717,3578,-861
107000090,1860,910,950
107000091,2388,1745,643
107000092,1136,783,353
107000093,1876,1559,317
107000094,1088,962,126
107000095,1656,1026,630
107000096,890,541,349
107000097,1676,663,1013
107000098,886,511,375
107000099,872,626,246
107000100,341,310,31
107000101,160,379,-219
107000102,367,310,57
107000103,546,390,156
107000104,218,418,-200
107000105,950,385,565
107000106,193,286,-93
107000107,1290,315,975
107000108,271,445,-174
107000109,1842,422,1420
107000110,287,341,-54
107000111,1267,109,1158
107000112,68,209,-141
107000113,1698,161,1537
107000114,36,363,-327
107000115,1486,1389,97
107000116,45,521,-476
107000117,222,5478,-5256
107000118,80,162,-82
107000119,1800,1590,210
107000120,1010,1563,-553
107000121,1036,788,248
107000122,1091,753,338
107000123,697,652,45
107000124,818,281,537
107000125,1580,571,1009
107000126,2649,259,2390
107000129,290,507,-217
107000130,1296,340,956
107000131,260,431,-171
107000132,658,316,342
107000133,391,256,135
107000134,289,0,289
107000135,2,353,-351
107000136,723,1,722
107000137,3,595,-592
107000138,123,15,108
107000139,2,568,-566
107000140,2223,39,2184
107000141,79,1093,-1014
107000142,566,50,516
107000143,30,730,-700
107000144,740,817,-77
107000145,160,414,-254
107000146,255,396,-141
107000147,4959,614,4345
107000150,322,5578,-5256
107000151,15,17,-2
107000152,897,3126,-2229
107000153,59,216,-157
107000154,26,227,-201
107000155,1265,16,1249
107000156,1558,12,1546
107000157,64,318,-254
107000158,1586,20,1566
107000159,11,522,-511
107000160,3014,231,2783
107000161,17,303,-286
107000162,497,1031,-534
107000163,219,3,216
107000164,1280,2,1278
107000165,2060,5,2055
107000166,17,150,-133
107000167,1227,280,947
107000168,1522,672,850
107000169,299,341,-42
107000170,5047,785,4262
107000171,588,870,-282
107000172,2376,2533,-157
107000173,455,379,76
107000174,1365,8737,-7372
107000175,3107,630,2477
107000176,0,0,0
107000177,1,0,1
107000178,122,7,115
107000179,470,932,-462
107000180,2871,161,2710
107000181,505,603,-98
107000182,2894,649,2245
107000183,300,513,-213
107000184,2050,587,1463
107000185,502,1036,-534
107000186,1265,484,781
107000187,1579,1459,120
107000188,851,424,427
107000189,1037,994,43
107000190,1021,519,502
107000191,1392,1212,180
107000192,2030,677,1353
107000193,653,721,-68
107000194,786,667,119
107000197,1115,266,849
107000198,327,472,-145
107000199,1217,795,422
107000200,1432,822,610
107000201,538,451,87
107000202,397,452,-55
107000203,384,1829,-1445
107000204,351,1814,-1463
107000205,742,721,21
107000206,353,1142,-789
107000207,384,1042,-658
107000208,447,591,-144
107000209,426,803,-377
107000210,140,113,27
107000211,0,108,-108
107000212,1,129,-128
107000213,9,14,-5
107000214,12,60,-48
107000215,866,140,726
107000216,741,227,514
107000217,263,119,144
107000219,102,226,-124
107000220,70,98,-28
107000222,268,299,-31
107000224,597,161,436
107000225,210,189,21
107000226,599,71,528
107000227,172,113,59
107000228,318,789,-471
107000229,145,239,-94
107000230,2385,943,1442
107000231,566,1373,-807
107000232,152,71,81
107000233,255,694,-439
107000234,1,97,-96
107000235,36,38,-2
107000236,5,657,-652
107000237,120,0,120
107000238,59,6,53
107000239,2396,913,1483
107000240,232,429,-197
107000243,0,90,-90
107000244,9,52,-43
107000246,2,422,-420
107000249,0,464,-464
107000251,1,154,-153
107000252,0,293,-293
107000255,266,369,-103
107000257,1,620,-619
107000258,6,263,-257
107000259,1,169,-168
107000260,2401,18,2383
107000262,20,155,-135
107000263,567,3,564
107000266,46,20,26
107000267,24,121,-97
107000268,225,46,179
107000269,85,3,82
107000270,540,106,434
107000271,14,0,14
107000272,312,1,311
107000273,2,208,-206
107000274,471,4,467
107000275,143,2023,-1880
107000280,2090,29,2061
107000281,29,351,-322
107000282,54,369,-315
107000290,5,47,-42
107000291,46,11,35
107000292,2,287,-285
107000293,31,14,17
107000294,0,38,-38
107000295,60,19,41
107000296,1,26,-25
107000444,294,3,291
107000496,16,0,16
107000497,800,1278,-478
107000500,767,450,317
107000501,156,288,-132
107000502,379,679,-300
107000505,573,725,-152
107000506,0,5,-5
107000508,0,152,-152
107000509,268,699,-431
107000510,98,66,32
107000514,29,534,-505
107000515,15,54,-39
107000516,827,416,411
107000518,2392,4098,-1706
107000519,1149,595,554
107000520,179,34,145
107000521,1401,335,1066
107000522,2512,452,2060
107900001,179,34,145
107900002,47,5,42
107900003,659,6,653
107900004,0,0,0
107900005,3986,11,3975
107900006,200,13,187
107900007,494,35,459
107900008,15,1,14
107900009,141,10,131
107900010,79,2,77
107900012,636,85,551
107900013,168,14,154
107900014,291,1,290
107900015,2505,15,2490
107900016,274,55,219
107900017,66,0,66
107900018,79,422,-343
107900019,34,6,28
107900020,28,36,-8
107900021,238,37,201
107900023,13,3,10
107900024,0,7,-7
107900025,304,61,243
107900026,199,14,185
107900027,10,119,-109
107900028,428,22,406
107900030,357,41,316
107900031,130,69,61
107900032,37,0,37
107900033,20,8,12
107900034,280,19,261
107900035,2594,251,2343
107900036,52,26,26
107900037,0,1,-1
107900038,28,323,-295
107900039,35,6,29
107900040,2,116,-114
107900041,2,7,-5
107900043,124,97,27
107900044,5,27,-22
107900045,138,48,90
107900046,427,911,-484
107900047,88,4,84
107900048,321,35,286
107900049,369,1195,-826
107900050,35,189,-154
107900051,29,11,18
107900052,24,70,-46
107900053,196,69,127
107900055,446,249,197
107900056,112,195,-83
107900057,3,0,3
107900058,5,391,-386
107900060,7,78,-71
107900061,2,5,-3
107900063,173,135,38
107900064,131,898,-767
107900065,778,12,766
107900066,7,13,-6
107900067,0,1,-1
107900068,94,1014,-920
107900069,27,4678,-4651
107900070,147,236,-89
107900071,13,245,-232
107900072,256,49,207
107900073,86,91,-5
107900074,165,565,-400
107900076,135,31,104
107900077,205,5,200
107900079,38,21,17
107900080,78,1050,-972
107900081,22,54,-32
107900082,2,5,-3
107900083,690,195,495
107900084,199,139,60
107900086,21,440,-419
107900087,237,29,208
107900088,135,10,125
107900089,255,613,-358
107900090,221,2265,-2044
107900091,90,160,-70
107900093,88,45,43
107900095,820,1108,-288
107900097,3,88,-85
107900098,110,321,-211
107900100,364,1931,-1567
107900101,342,41,301
107900102,68,4,64
107900103,21,94,-73
107900104,223,0,223
107900105,1,67,-66
107900106,0,197,-197
107900107,895,404,491
107900108,130,26,104
107900109,2607,47,2560
107900110,141,15,126
107900111,2,195,-193
107900112,33,785,-752
107900113,232,35,197
107900114,467,77,390
107900115,1,7,-6
107900116,388,66,322
107900117,237,320,-83
107900118,18,123,-105
107900119,106,223,-117
107900120,59,20,39
107900121,1,129,-128
107900122,1,116,-115
107900123,24,118,-94
107900124,5,39,-34
107900125,36,200,-164
107900126,48,37,11
107900127,537,256,281
107900128,33,51,-18
107900129,219,1,218
107900130,89,16,73
107900131,86,233,-147
107900132,29,179,-150
107900133,0,29,-29
107900134,23,33,-10
107900135,10,21,-11
107900136,4,27,-23
107900137,32,91,-59
107900138,143,15,128
107900139,108,25,83
107900141,20,19,1
107900142,29,461,-432
107900143,15,17,-2
107900144,0,17,-17
107900145,2,37,-35
107900146,65,73,-8
107900147,52,25,27
107900148,169,98,71
107900149,444,41,403
107900150,1,220,-219
107900151,20,25,-5
107900152,7,103,-96
107900153,71,210,-139
107900154,53,68,-15
107900155,79,41,38
107900156,10,57,-47
107900157,31,136,-105
107900158,2055,79,1976
107900159,8,345,-337
107900160,134,14,120
107900161,181,26,155
107900162,2,61,-59
107900163,11,55,-44
107900164,37,26,11
107900165,24,474,-450
107900166,52,45,7
107900167,0,106,-106
107900168,180,10,170
107900169,0,308,-308
107900171,1,315,-314
107900172,2,153,-151
107900173,85,28,57
107900174,200,4,196
107900175,6,56,-50
107900176,148,6,142
107900177,0,112,-112
107900178,0,32,-32
107900179,32,100,-68
107900180,226,1357,-1131
107900181,241,189,52
107900182,1,296,-295
107900183,137,49,88
107900184,131,133,-2
107900185,194,5,189
107900186,26,8,18
107900187,0,124,-124
107900188,284,58,226
107900189,15,102,-87
107900190,48,140,-92
107900191,58,151,-93
107900193,19,130,-111
107900194,178,5,173
107900195,648,131,517
107900196,134,18,116
107900197,140,245,-105
107900199,0,557,-557
107900201,141,117,24
107900203,34,43,-9
107900204,157,152,5
107900206,198,688,-490
107900207,2,240,-238
107900208,0,146,-146
107900209,253,139,114
107900210,39,43,-4
107900213,344,292,52
107900214,6,91,-85
107900215,210,518,-308
107900216,9,40,-31
107900217,47,45,2
107900218,15,585,-570
107900219,37,24,13
107900220,24,140,-116
107900221,108,232,-124
107900223,215,131,84
107900224,69,469,-400
107900225,11,277,-266
107900226,32,60,-28
107900227,69,300,-231
107900228,37,102,-65
107900229,10,29,-19
107900230,20,19,1
107900231,19,50,-31
107900232,396,61,335
107900233,3,33,-30
107900234,391,119,272
107900235,11,90,-79
107900236,836,102,734
107900237,8,221,-213
107900238,54,22,32
107900239,241,808,-567
107900240,87,36,51
107900241,1,19,-18
107900242,8,39,-31
107900243,0,16,-16
107900244,287,3,284
107900245,1413,40,1373
107900246,274,11,263
107900248,449,65,384
107900249,1439,222,1217
107900250,1,221,-220
107900251,12,655,-643
107900252,800,57,743
107900253,235,22,213
107900254,88,124,-36
107900255,72,29,43
107900256,302,1015,-713
107900257,370,152,218
107900258,173,46,127
107900259,32,5068,-5036
107900261,1,187,-186
107900262,46,42,4
107900264,738,32,706
107900265,196,85,111
107900267,611,22,589
107900268,17,2,15
107900269,0,11,-11
107900270,1,1,0
107900271,1,59,-58
107900272,8,29,-21
107900273,49,34,15
107900274,84,1,83
107900275,39,1,38
107900276,0,11,-11
107900277,0,21,-21
107900278,567,55,512
107900279,19,31,-12
107900280,2407,964,1443
107900281,949,9276,-8327
107900282,15,1267,-1252
107900283,690,1007,-317
107900284,1035,257,778
107900285,153,22,131
107900286,21,24,-3
107900287,697,83,614
107900290,2,862,-860
107900291,546,11,535
107900292,327,107,220
107900293,124,243,-119
107900295,72,19,53
107900297,6,364,-358
107900298,634,932,-298
107900299,2055,3962,-1907
107900301,1026,839,187
107900302,134,29,105
107900303,593,199,394
107900304,796,65,731
107900305,212,2,210
107900306,1,43,-42
107900307,17,176,-159
107900308,272,161,111
107900309,67,0,67
107900310,24,3,21
107900311,7,167,-160
107900312,92,1,91
107900313,0,144,-144
107900314,2,179,-177
107900315,0,45,-45
107900316,25,1,24
107900317,90,5,85
107900318,3,251,-248
107900319,10,22,-12
107900320,0,61,-61
107900321,321,5,316
107900322,2,28,-26
107900323,10,48,-38
107900324,144,2,142
107900325,280,0,280
107900326,828,72,756
107900327,3,177,-174
107900328,2,0,2
107900329,76,420,-344
107900330,22,70,-48
107900331,767,47,720
107900332,601,11,590
107900333,199,24,175
107900334,6,47,-41
107900335,48,35,13
107900336,55,34,21
107900337,409,1210,-801
107900338,7,133,-126
107900339,0,26,-26
107900340,0,140,-140
107900341,87,0,87
107900342,164,95,69
107900343,60,6,54
107900344,20,42,-22
107900345,80,16,64
107900346,12,0,12
107900347,36,1,35
107900348,1,9,-8
107900349,38,5,33
107900350,6,208,-202
107900351,9,59,-50
107900352,0,24,-24
107900353,33,23,10
107900354,12,59,-47
108000001,6055,5310,745
108000002,1827,1691,136
108000003,3714,3886,-172
108000004,9762,9940,-178
108000005,9063,6912,2151
108000006,3617,3955,-338
108000007,7416,7468,-52
108000008,3063,4404,-1341
108000009,7558,6913,645
108000010,2395,4427,-2032
108000011,15418,12322,3096
108000012,9416,7680,1736
108000014,713,1286,-573
108000015,1180,216,964
108000016,312,448,-136
108000017,1687,400,1287
108000018,2128,753,1375
108000019,851,784,67
108000020,1447,474,973
108000021,229,1164,-935
108000022,497,771,-274
108000023,2167,358,1809
108000024,645,250,395
108000025,580,138,442
108000026,1339,326,1013
108000027,1228,235,993
108000028,1429,283,1146
108000029,680,339,341
108000030,566,381,185
108000031,292,658,-366
108000032,3338,831,2507
108000033,449,677,-228
108000034,2498,537,1961
108000035,653,1169,-516
108000036,281,633,-352
108000037,3772,495,3277
108000038,4890,387,4503
108000039,380,983,-603
108000040,3015,1128,1887
108000041,449,1738,-1289
108000042,605,144,461
108000043,284,209,75
108000044,937,140,797
108000045,323,169,154
108000046,2553,486,2067
108000047,415,435,-20
108000048,118,123,-5
108000049,1157,189,968
108000050,131,345,-214
108000051,649,363,286
108000052,173,396,-223
108000053,493,395,98
108000054,243,996,-753
108000055,1404,789,615
108000056,690,1530,-840
108000057,867,1661,-794
108000058,2129,6253,-4124
108000059,1961,1552,409
108000060,369,1291,-922
108000061,338,350,-12
108000062,1560,715,845
108000063,485,332,153
108000064,406,318,88
108000065,582,389,193
108000066,2400,1686,714
108000067,3372,1070,2302
108000068,1361,584,777
108000069,205,610,-405
108000070,2683,1048,1635
108000071,528,1107,-579
108000072,1733,785,948
108000073,804,851,-47
108000074,786,814,-28
108000075,357,323,34
108000076,1172,675,497
108000077,689,545,144
108000078,3015,785,2230
108000079,426,583,-157
108000080,2543,457,2086
108000081,723,597,126
108000082,634,1213,-579
108000083,2475,1003,1472
108000084,392,825,-433
108000085,2172,836,1336
108000086,429,335,94
108000087,144,3011,-2867
108000088,1562,617,945
108000089,416,445,-29
108000091,143,768,-625
108000092,511,281,230
108000093,493,515,-22
108000094,1622,225,1397
108000095,282,621,-339
108000096,786,388,398
108000097,237,502,-265
108000098,3201,1361,1840
108000099,1342,323,1019
108000100,273,645,-372
108000101,1659,1675,-16
108000102,2110,3852,-1742
108000106,1358,4,1354
108000107,2,803,-801
108000108,912,93,819
108000109,2,408,-406
108000110,730,457,273
108000111,375,965,-590
108000112,87,291,-204
108000113,451,239,212
108000115,418,435,-17
108000117,342,380,-38
108000118,150,2888,-2738
108000119,684,280,404
108000120,399,1436,-1037
108000121,394,369,25
108000122,1399,585,814
108000123,918,189,729
108000124,348,379,-31
108000125,1137,399,738
108000126,298,256,42
108000127,942,263,679
108000128,1151,179,972
108000129,441,268,173
108000130,663,283,380
108000131,742,203,539
108000132,415,706,-291
108000133,1659,381,1278
108000134,483,310,173
108000135,1391,1040,351
108000136,308,367,-59
108000137,775,246,529
108000138,701,637,64
108000139,996,227,769
108000140,807,29,778
108000141,127,20,107
108000142,81,39,42
108000143,88,209,-121
108000144,999,39,960
108000145,92,0,92
108000146,1333,43,1290
108000147,46,23,23
108000148,1156,56,1100
108000149,22,25,-3
108000150,86,11,75
108000151,47,36,11
108000152,241,155,86
108000153,1453,211,1242
108000154,51,0,51
108000155,90,32,58
108000156,842,320,522
108000157,258,3832,-3574
108000158,108,1379,-1271
108000159,212,222,-10
108000160,1864,2279,-415
108000161,1371,5241,-3870
108000165,0,480,-480
108000172,3,325,-322
108000173,510,2647,-2137
108000175,1264,147,1117
108000178,376,289,87
108000179,240,1231,-991
108000181,122,3,119
108000182,182,22,160
108000183,16,242,-226
108000184,725,4463,-3738
108000185,247,170,77
108000186,635,419,216
108000187,183,197,-14
108000188,1473,86,1387
108000189,1423,18249,-16826
108000190,9,111,-102
108000192,386,122,264
108000193,171,12,159
108000194,13,3,10
108000195,2,892,-890
108000196,324,218,106
108000198,1188,100,1088
108000199,0,405,-405
108000200,865,187,678
108000203,299,294,5
108000204,282,77,205
108000205,127,241,-114
108000339,984,489,495
108000364,171,581,-410
108000365,85,209,-124
108000367,92,180,-88
108000368,11,80,-69
108000369,470,98,372
108000371,0,439,-439
108000372,1066,10,1056
108000373,221,70,151
108000376,162,18,144
108000377,1154,145,1009
108000378,10258,17789,-7531
108000379,11,253,-242
108000381,205,8,197
108000382,151,3,148
108000383,0,359,-359
108900001,17,263,-246
108900002,354,44,310
108900003,58,661,-603
108900004,37,499,-462
108900007,516,147,369
108900008,233,102,131
108900009,231,205,26
108900010,489,132,357
108900011,1024,226,798
108900012,465,330,135
108900013,206,434,-228
108900014,15,116,-101
108900015,2,231,-229
108900016,0,158,-158
108900017,96,518,-422
108900018,141,365,-224
108900019,69,300,-231
108900020,75,101,-26
108900021,92,95,-3
108900022,67,2,65
108900023,53,146,-93
108900024,25,5,20
108900025,329,29,300
108900026,11,24,-13
108900027,0,41,-41
108900028,82,65,17
108900029,75,197,-122
108900030,0,9,-9
108900031,138,57,81
108900032,2,68,-66
108900033,1,25,-24
108900034,0,23,-23
108900035,319,302,17
108900038,0,33,-33
108900039,0,40,-40
108900040,14,41,-27
108900041,4772,3138,1634
108900042,1,339,-338
108900043,37,664,-627
108900044,0,88,-88
108900045,109,61,48
108900046,20,130,-110
108900047,35,196,-161
108900048,104,192,-88
108900049,1167,3818,-2651
108900050,5,53,-48
108900051,5,44,-39
108900052,28,31,-3
108900053,114,859,-745
108900054,29,95,-66
108900055,46,251,-205
108900056,2,32,-30
108900057,0,53,-53
108900058,73,59,14
108900059,1755,60,1695
108900060,56,173,-117
108900061,95,5,90
108900062,5,121,-116
108900063,16,66,-50
108900064,576,5,571
108900065,2,74,-72
108900066,502,207,295
108900067,9,186,-177
108900068,1,59,-58
108900069,160,8,152
108900070,3,43,-40
108900071,250,64,186
108900072,928,99,829
108900073,48,201,-153
108900074,716,35,681
108900075,8,12,-4
108900076,589,57,532
108900077,20,158,-138
108900078,87,64,23
108900079,182,144,38
108900080,19,1127,-1108
108900081,88,255,-167
108900082,188,10,178
108900083,12,292,-280
108900085,1246,156,1090
108900086,392,40,352
108900087,47,208,-161
108900088,729,453,276
108900089,12,128,-116
108900090,178,28,150
108900091,63,70,-7
108900092,499,327,172
108900093,84,57,27
108900094,556,161,395
108900095,59,122,-63
108900096,262,6,256
108900097,330,99,231
108900098,1057,1171,-114
108900099,564,137,427
108900100,49,87,-38
108900101,268,784,-516
108900102,10,2091,-2081
108900103,218,271,-53
108900105,6,3736,-3730
108900106,641,151,490
108900108,320,34,286
108900109,1109,85,1024
108900110,254,170,84
108900111,584,233,351
108900113,111,113,-2
108900114,398,38,360
108900115,233,184,49
108900116,70,3,67
108900117,673,42,631
108900118,1161,45,1116
108900119,625,25,600
108900120,593,336,257
108900121,235,67,168
108900122,405,48,357
108900123,541,109,432
108900124,2054,162,1892
108900125,1125,38,1087
108900126,260,49,211
108900127,424,86,338
108900128,383,78,305
108900129,2014,197,1817
108900130,1255,8,1247
108900131,950,3,947
108900132,965,66,899
108900133,488,33,455
108900134,1327,121,1206
108900135,532,12,520
108900136,46,1,45
108900137,337,0,337
108900138,1734,44,1690
108900140,1089,17,1072
108900141,858,11,847
108900142,96,8,88
108900143,109,0,109
108900144,206,0,206
108900145,545,35,510
108900146,228,1,227
108900147,550,1,549
108900148,97,10,87
108900150,254,7,247
108900151,30,8,22
108900152,167,0,167
108900153,474,64,410
108900154,6887,283,6604
108900156,251,16,235
108900157,15,276,-261
108900158,1006,23,983
108900159,1,32,-31
108900160,4,75,-71
108900161,5,90,-85
108900162,264,7,257
108900163,10,618,-608
108900164,103,36,67
108900168,3686,2111,1575
108900169,134,94,40
108900171,2933,3594,-661
108900172,244,106,138
108900173,26,300,-274
108900174,1216,399,817
108900176,64,229,-165
108900177,3015,12383,-9368
108900178,1936,6515,-4579
108900180,57,229,-172
108900183,243,401,-158
108900184,437,115,322
108900185,34,544,-510
108900186,47,615,-568
108900189,468,75,393
108900190,64,1550,-1486
108900192,83,146,-63
108900195,64,108,-44
108900196,5,211,-206
108900199,145,324,-179
108900200,661,717,-56
108900201,266,938,-672
108900203,396,104,292
108900204,569,11,558
108900205,300,29,271
108900206,647,122,525
108900207,349,490,-141
108900208,6,341,-335
108900209,104,445,-341
108900210,76,69,7
108900211,272,725,-453
108900212,109,3260,-3151
108900215,37,330,-293
108900216,252,500,-248
108900217,92,0,92
108900218,50,37,13
108900221,43,30,13
108900224,60,52,8
108900225,1,143,-142
108900227,288,354,-66
108900230,33,185,-152
108900232,0,113,-113
108900233,572,213,359
108900234,282,244,38
108900235,125,228,-103
108900236,19,243,-224
108900240,107,72,35
108900241,73,28,45
108900245,3,1974,-1971
108900250,251,59,192
108900258,3,104,-101
108900259,36,27,9
108900260,8,19,-11
108900261,24,36,-12
108900262,94,174,-80
108900263,54,146,-92
108900264,138,222,-84
108900265,668,838,-170
108900266,118,2336,-2218
108900267,6,652,-646
108900268,10,41,-31
108900269,218,31,187
108900270,356,18,338
108900271,116,30,86
108900272,658,39,619
108900273,248,1110,-862
108900274,148,17,131
109000001,5286,4133,1153
109000002,887,4016,-3129
109000003,4909,673,4236
109000004,822,2295,-1473
109000005,3172,818,2354
109000006,1284,1930,-646
109000007,3078,1235,1843
109000008,1089,1564,-475
109000009,4509,1948,2561
109000010,930,2925,-1995
109000011,6955,2755,4200
109000012,1958,3200,-1242
109000013,6806,6847,-41
109000014,2567,2285,282
109000015,6166,21855,-15689
109000016,4787,2121,2666
109000017,4773,2017,2756
109000018,2033,2243,-210
109000019,3948,2086,1862
109000020,1413,3039,-1626
109000023,297,13,284
109000024,1,135,-134
109000025,227,808,-581
109000026,728,243,485
109000027,70,417,-347
109000028,233,67,166
109000029,63,486,-423
109000030,14,397,-383
109000031,391,101,290
109000032,129,532,-403
109000033,636,318,318
109000034,83,60,23
109000035,53,48,5
109000036,127,251,-124
109000037,466,3887,-3421
109000038,349,270,79
109000039,984,845,139
109000040,2763,13532,-10769
109000041,1261,3654,-2393
109000042,812,2275,-1463
109000044,639,272,367
109000045,239,433,-194
109000046,614,193,421
109000047,145,354,-209
109000048,451,1184,-733
109000049,282,579,-297
109000050,505,568,-63
109000051,274,191,83
109000052,796,411,385
109000053,3202,203,2999
109000054,114,579,-465
109000055,324,284,40
109000056,459,386,73
109000057,1031,471,560
109000058,650,129,521
109000059,152,1686,-1534
109000060,366,678,-312
109000061,349,2159,-1810
109000062,155,392,-237
109000063,218,99,119
109000064,595,119,476
109000065,289,112,177
109000066,902,42,860
109000067,57,95,-38
109000068,668,15,653
109000069,723,11,712
109000070,119,971,-852
109000071,551,98,453
109000072,157,279,-122
109000073,84,117,-33
109000074,10,155,-145
109000075,73,371,-298
109000076,268,471,-203
109000077,405,207,198
109000078,158,182,-24
109000079,242,50,192
109000080,425,97,328
109000081,245,304,-59
109000082,1150,142,1008
109000083,600,432,168
109000088,221,198,23
109000089,460,104,356
109000090,112,238,-126
109000091,488,132,356
109000092,264,215,49
109000093,311,108,203
109000094,1191,1,1190
109000095,221,271,-50
109000096,1365,266,1099
109000097,107,84,23
109000098,171,147,24
109000099,913,122,791
109000100,475,267,208
109000101,2495,336,2159
109000102,693,448,245
109000103,2193,566,1627
109000104,3551,387,3164
109000105,785,622,163
109000106,2678,531,2147
109000107,692,1191,-499
109000108,3532,616,2916
109000109,554,823,-269
109000110,1737,529,1208
109000111,889,1207,-318
109000112,268,122,146
109000113,345,162,183
109000114,186,347,-161
109000115,1026,54,972
109000116,53,878,-825
109000117,426,38,388
109000118,23,217,-194
109000119,2264,136,2128
109000120,592,311,281
109000121,1064,55,1009
109000122,355,150,205
109000123,105,162,-57
109000124,1352,293,1059
109000125,1278,320,958
109000126,647,371,276
109000127,4321,183,4138
109000128,831,511,320
109000129,4610,428,4182
109000130,646,844,-198
109000131,2121,1103,1018
109000132,562,1657,-1095
109000133,240,382,-142
109000134,604,799,-195
109000135,592,1055,-463
109000136,365,210,155
109000137,512,630,-118
109000138,607,122,485
109000139,838,389,449
109000140,321,301,20
109000141,1319,532,787
109000142,252,419,-167
109000143,130,70,60
109000145,118,419,-301
109000146,40,118,-78
109000148,2038,1320,718
109000149,6,129,-123
109000150,112,365,-253
109000155,1252,829,423
109000156,1102,292,810
109000158,70,301,-231
109000159,131,612,-481
109000160,2212,283,1929
109000161,868,1094,-226
109000162,2632,519,2113
109000163,1717,1221,496
109000164,2123,1736,387
109000165,2651,712,1939
109000166,1909,106,1803
109000167,279,467,-188
109000170,53,30,23
109000171,108,21,87
109000172,29,55,-26
109000173,6,169,-163
109000174,236,39,197
109000175,130,286,-156
109000176,810,232,578
109000177,80,106,-26
109000178,1524,157,1367
109000179,2618,7280,-4662
109000180,3597,3080,517
109000181,40,8,32
109000182,62,8,54
109000183,121,23,98
109000184,58,10,48
109000185,54,39,15
109000188,291,1087,-796
109000189,3487,871,2616
109000190,1113,268,845
109000191,420,299,121
109000192,904,156,748
109000193,317,72,245
109000194,538,39,499
109000195,269,99,170
109000196,324,45,279
109000197,164,235,-71
109000198,540,57,483
109000199,180,341,-161
109000206,271,27,244
109000207,288,37,251
109000208,116,177,-61
109000209,161,143,18
109000210,249,436,-187
109000211,1747,438,1309
109000214,659,374,285
109000215,181,73,108
109000216,478,461,17
109000217,148,95,53
109000218,311,269,42
109000221,201,677,-476
109000222,861,244,617
109000223,771,454,317
109000224,73,31,42
109000225,317,25,292
109000226,86,155,-69
109000227,2794,291,2503
109000228,2,587,-585
109000231,4,116,-112
109000232,1138,84,1054
109000236,329,489,-160
109000241,1999,953,1046
109000242,1343,669,674
109000293,166,179,-13
109000361,199,201,-2
109000364,117,228,-111
109000396,2,248,-246
109000397,988,34,954
109000399,140,284,-144
109000400,125,264,-139
109000403,12,2386,-2374
109000406,904,8,896
109000407,269,167,102
109000408,0,435,-435
109000410,987,278,709
109000411,545,67,478
109000412,1,41,-40
109900001,211,0,211
109900002,1322,4,1318
109900003,677,0,677
109900005,21,6,15
109900006,724,58,666
109900007,2211,45,2166
109900008,0,29,-29
109900009,107,215,-108
109900010,900,24,876
109900011,38,73,-35
109900012,460,271,189
109900013,509,145,364
109900014,332,108,224
109900015,165,57,108
109900016,260,4,256
109900017,240,168,72
109900018,188,30,158
109900019,205,34,171
109900020,89,66,23
109900021,60,7,53
109900022,238,152,86
109900023,23,4,19
109900024,38,0,38
109900025,1,9,-8
109900027,78,30,48
109900028,472,3233,-2761
109900029,1,178,-177
109900030,75,1,74
109900031,0,456,-456
109900032,1,185,-184
109900033,1,570,-569
109900034,52,5,47
109900035,115,74,41
109900036,16,43,-27
109900037,9,224,-215
109900038,138,276,-138
109900039,10,0,10
109900040,21,227,-206
109900041,46,142,-96
109900042,9,504,-495
109900044,72,137,-65
109900045,98,8,90
109900046,354,69,285
109900047,167,164,3
109900048,0,26,-26
109900049,27,2,25
109900050,0,9,-9
109900051,0,1,-1
109900052,33,142,-109
109900053,1,33,-32
109900054,1393,65,1328
109900055,131,124,7
109900056,14,454,-440
109900057,2,50,-48
109900058,0,29,-29
109900060,1251,85,1166
109900061,42,96,-54
109900062,0,62,-62
109900064,1003,148,855
109900065,55,96,-41
109900066,104,343,-239
109900067,0,108,-108
109900068,66,7,59
109900069,0,2,-2
109900071,0,2,-2
109900072,26,115,-89
109900073,586,104,482
109900074,1,5,-4
109900075,42,28,14
109900076,42,87,-45
109900077,7,23,-16
109900078,64,150,-86
109900080,110,67,43
109900081,3,232,-229
109900082,63,129,-66
109900083,15,42,-27
109900084,42,85,-43
109900085,57,295,-238
109900086,115,1437,-1322
109900087,29,369,-340
109900089,1194,138,1056
109900092,241,43,198
109900093,1604,141,1463
109900094,92,108,-16
109900095,25,129,-104
109900096,242,6,236
109900097,327,1,326
109900098,682,47,635
109900099,639,4,635
109900100,72,0,72
109900101,1222,3,1219
109900102,684,19,665
109900103,8,81,-73
109900104,1585,78,1507
109900105,830,20,810
109900106,501,39,462
109900107,705,45,660
109900108,111,236,-125
109900109,53,144,-91
109900111,25,246,-221
109900114,547,2120,-1573
109900115,179,99,80
109900117,2041,91,1950
109900121,244,223,21
109900123,34,37,-3
109900125,0,61,-61
109900126,525,27,498
109900130,2465,4736,-2271
109900131,17,96,-79
109900132,7,55,-48
109900134,181,174,7
109900135,229,29,200
109900137,398,213,185
109900140,259,40,219
109900149,10,17,-7
109900150,0,17,-17
109900151,14,7,7
109900152,1,6,-5
109900153,1,43,-42
109900154,89,0,89
109900155,34,43,-9
109900157,21,83,-62
109900159,219,40,179
109900161,326,61,265
109900162,260,89,171
109900163,390,136,254
109900164,43,284,-241
109900165,328,2,326
109900166,5,43,-38
109900167,193,214,-21
109900168,127,445,-318
109900169,190,165,25
109900170,277,1622,-1345
109900171,461,66,395
109900172,247,421,-174
109900173,1347,2888,-1541
109900174,59,92,-33
109900175,112,89,23
109900176,250,88,162
109900177,46,94,-48
109900178,1,155,-154
109900179,3,11,-8
109900180,2,7,-5
110000001,637,492,145
110000002,712,724,-12
110000003,674,786,-112
110000004,417,571,-154
110000005,339,2311,-1972
110000006,499,394,105
110000007,119,112,7
110000008,53,301,-248
110000009,75,92,-17
110000010,58,88,-30
110000011,32,34,-2
110000012,612,165,447
110000013,58,1348,-1290
110000014,965,433,532
110000015,393,804,-411
110000016,368,2543,-2175
110000017,3584,352,3232
110000018,2866,271,2595
110000019,9,155,-146
110000020,1434,414,1020
110000021,249,516,-267
110000022,1313,85,1228
110000023,12,215,-203
110000024,486,425,61
110000025,1897,16,1881
110000026,2,235,-233
110000027,468,2571,-2103
110000028,1500,511,989
110000029,488,480,8
110000030,532,492,40
110000031,250,234,16
110000032,1509,260,1249
110000033,173,304,-131
110000034,531,433,98
110000035,614,458,156
110000036,1864,565,1299
110000037,315,587,-272
110000038,610,659,-49
110000039,1300,7905,-6605
110000040,368,410,-42
110000041,299,3169,-2870
110000042,84,862,-778
110000043,722,421,301
110000044,29,1166,-1137
110000045,189,210,-21
110000046,4,250,-246
110000047,9,156,-147
110000048,1,221,-220
110000049,15,30,-15
110000050,5,262,-257
110000051,34,12,22
110000052,85,48,37
110000053,24,15,9
110000054,93,685,-592
110000055,74,59,15
110000056,50,143,-93
110000057,331,613,-282
110000058,926,412,514
110000059,728,507,221
110000060,1584,1061,523
110000061,425,578,-153
110000062,609,1078,-469
110000063,77,393,-316
110000064,57,41,16
110000065,205,228,-23
110000066,99,32,67
110000067,16,111,-95
110000068,323,42,281
110000069,883,30,853
110000071,949,57,892
110000073,25,4,21
110000075,25,64,-39
110000076,508,628,-120
110000077,279,2029,-1750
110000078,149,27,122
110000080,321,394,-73
110000081,105,206,-101
110000082,45,291,-246
110000083,343,294,49
110000084,1794,1200,594
110000085,710,879,-169
110000086,670,2499,-1829
110000087,14,113,-99
110000088,244,231,13
110000089,547,55,492
110000090,107,200,-93
110000091,921,163,758
110000092,23,27,-4
110000093,57,48,9
110000094,622,240,382
110000095,151,723,-572
110000096,1129,2848,-1719
110000097,789,1979,-1190
110000098,2380,847,1533
110000099,1191,1589,-398
110000100,2503,201,2302
110000101,198,120,78
110000102,121,46,75
110000104,416,211,205
110000105,47,213,-166
110000106,659,586,73
110000107,171,390,-219
110000108,161,164,-3
110000109,130,329,-199
110000110,1916,3099,-1183
110000111,3220,3160,60
110000112,184,1357,-1173
110000113,75,3927,-3852
110000114,867,920,-53
110000115,919,215,704
110000116,113,88,25
110000117,507,237,270
110000118,813,53,760
110000119,630,221,409
110000120,516,176,340
110000121,61,370,-309
110000122,269,244,25
110000123,927,234,693
110000124,0,419,-419
110000125,993,4,989
110000126,263,19,244
110000127,1502,77,1425
110000128,22,429,-407
110000129,32,241,-209
110000130,488,254,234
110000131,31,318,-287
110000132,1,341,-340
110000133,46,615,-569
110000134,23,395,-372
110000135,238,42,196
110000136,59,301,-242
110000137,912,369,543
110000138,1185,483,702
110000139,2126,416,1710
110000140,1231,899,332
110000143,501,285,216
110000144,1778,1758,20
110000145,1321,1236,85
110000146,1286,666,620
110000147,342,874,-532
110000148,871,174,697
110000151,467,2458,-1991
110000152,344,808,-464
110000153,264,5,259
110000154,16,52,-36
110000155,400,2267,-1867
110000156,877,1496,-619
110000157,1071,1959,-888
110000160,545,223,322
110000161,216,185,31
110000166,1198,88,1110
110000167,2343,831,1512
110000168,951,884,67
110000169,911,339,572
110000170,274,94,180
110000171,813,95,718
110000172,553,547,6
110000173,746,678,68
110000174,185,376,-191
110000175,1558,88,1470
110000176,65,940,-875
110000177,275,2027,-1752
110000178,580,3758,-3178
110000179,832,293,539
110000180,479,253,226
110000181,1744,427,1317
110000182,199,105,94
110000183,4764,9354,-4590
110000184,282,4588,-4306
110000185,465,714,-249
110000186,447,1422,-975
110000191,1464,70,1394
110000192,707,8,699
110000193,1758,2,1756
110000194,1,385,-384
110000195,914,66,848
110000196,778,49,729
110000197,185,36,149
110000198,106,48,58
110000199,87,169,-82
110000200,646,430,216
110000201,1012,1270,-258
110000202,1140,489,651
110000203,298,518,-220
110000204,1,164,-163
110000205,396,17,379
110000206,433,518,-85
110000207,2143,138,2005
110000208,161,303,-142
110000209,43,296,-253
110000210,2247,600,1647
110000211,1000,699,301
110000212,530,1726,-1196
110000213,535,53,482
110000214,601,71,530
110000215,94,153,-59
110000216,138,116,22
110000217,893,87,806
110000218,382,155,227
110000219,605,41,564
110000220,95,57,38
110000221,959,20,939
110000222,92,89,3
110000223,0,43,-43
110000224,1,3,-2
110000225,188,669,-481
110000226,428,25,403
110000227,723,874,-151
110000228,736,140,596
110000229,0,106,-106
110000230,798,685,113
110000231,333,519,-186
110000232,163,207,-44
110000233,125,447,-322
110000234,384,640,-256
110000235,989,916,73
110000236,857,445,412
110000237,3469,1241,2228
110000238,998,1267,-269
110000239,2049,707,1342
110000240,2,9,-7
110000242,0,5,-5
110000243,231,42,189
110000244,79,157,-78
110000245,54,166,-112
110000246,1486,350,1136
110000247,845,2646,-1801
110000248,956,832,124
110000249,234,9,225
110000250,8,90,-82
110000251,649,177,472
110000252,496,176,320
110000253,2340,416,1924
110000254,587,477,110
110000255,112,576,-464
110000256,530,198,332
110000257,455,197,258
110000258,4,252,-248
110000259,476,12,464
110000260,110,117,-7
110000263,582,25,557
110000264,962,244,718
110000265,1396,1692,-296
110000266,949,2046,-1097
110000267,45,65,-20
110000268,268,120,148
110000269,0,37,-37
110000270,92,3,89
110000271,1495,197,1298
110000272,1098,918,180
110000273,1166,869,297
110000274,130,4499,-4369
110000275,1428,802,626
110000276,285,1090,-805
110000277,316,305,11
110000278,460,569,-109
110000279,682,626,56
110000280,851,590,261
110000281,139,181,-42
110000282,203,29,174
110000283,17,52,-35
110000284,15,16,-1
110000285,3,240,-237
110000286,3,1,2
110000287,106,1,105
110000288,6,55,-49
110000289,452,3887,-3435
110000290,402,718,-316
110000291,3483,927,2556
110000292,1188,9015,-7827
110000293,822,318,504
110000294,2354,2190,164
110000295,145,620,-475
110000296,1099,244,855
110000297,2746,150,2596
110000298,125,350,-225
110000299,177,53,124
110000301,584,15,569
110000302,765,966,-201
110000303,504,5,499
110000304,230,214,16
110000305,1769,23,1746
110000306,354,946,-592
110000307,2593,5,2588
110000308,466,5,461
110000309,5,607,-602
110000310,1062,13,1049
110000311,3,503,-500
110000312,588,28,560
110000313,1629,1742,-113
110000314,0,176,-176
110000315,1439,1314,125
110000316,481,686,-205
110000317,54,1540,-1486
110000318,1,54,-53
110000319,14,10,4
110000320,29,54,-25
110000321,48,33,15
110000322,352,220,132
110000323,709,206,503
110000324,2718,1412,1306
110000325,1149,5368,-4219
110000327,282,189,93
110000328,148,493,-345
110000333,1583,1792,-209
110000334,291,1099,-808
110000335,607,394,213
110000336,559,1495,-936
110000337,2165,623,1542
110000338,655,324,331
110000339,523,354,169
110000340,10,242,-232
110000341,901,317,584
110000342,111,0,111
110000343,0,4,-4
110000344,55,255,-200
110000345,110,342,-232
110000346,1224,1646,-422
110000347,1427,681,746
110000348,18,23,-5
110000349,31,51,-20
110000350,107,1,106
110000351,1459,491,968
110000352,785,2329,-1544
110000353,2421,329,2092
110000354,1191,5861,-4670
110000355,179,20,159
110000356,436,5,431
110000357,864,4,860
110000361,23,14,9
110000362,202,7,195
110000363,1149,77,1072
110000364,412,312,100
110000365,131,0,131
110000366,0,114,-114
110000367,735,89,646
110000368,4,36,-32
110000369,124,1,123
110000373,0,213,-213
110000374,161,46,115
110000375,111,1162,-1051
110000376,10,45,-35
110000377,102,329,-227
110000378,4,390,-386
110000379,1645,4210,-2565
110000380,151,3,148
110000383,0,611,-611
110000384,999,192,807
110000385,1,194,-193
110000387,178,2,176
110000388,64,96,-32
110000389,1153,2,1151
110000391,1010,128,882
110000396,364,59,305
110000397,205,59,146
110000398,24,19,5
110000399,416,0,416
110000587,344,117,227
110000589,250,123,127
110000640,226,3,223
110000652,14,561,-547
110000653,591,210,381
110000654,39,354,-315
110000656,1,184,-183
110000674,38,11,27
110000675,29,30,-1
110000676,1,18,-17
110000679,127,1289,-1162
110000682,107,279,-172
110000683,301,372,-71
110000684,0,20,-20
110000685,5,20,-15
110000686,1,93,-92
110000687,4,2,2
110000688,52,1789,-1737
110000689,97,11,86
110000692,14,259,-245
110000693,49,965,-916
110000694,1,153,-152
110000695,174,621,-447
110000696,33,70,-37
110000698,53,428,-375
110000699,149,354,-205
110900001,458,10,448
110900002,384,383,1
110900003,1752,202,1550
110900004,801,45,756
110900005,1233,6097,-4864
110900006,155,67,88
110900007,439,111,328
110900008,3,10,-7
110900009,416,719,-303
110900010,19,6,13
110900011,37,145,-108
110900012,10,22,-12
110900013,1406,105,1301
110900014,596,29,567
110900015,242,761,-519
110900016,57,52,5
110900017,807,34,773
110900018,360,25,335
110900019,773,28,745
110900020,358,185,173
110900021,84,296,-212
110900022,113,111,2
110900023,28,505,-477
110900024,96,145,-49
110900025,31,63,-32
110900027,51,54,-3
110900028,22,49,-27
110900029,24,99,-75
110900030,45,162,-117
110900031,6,217,-211
110900032,0,44,-44
110900033,38,151,-113
110900035,53,553,-500
110900036,212,5,207
110900037,245,2,243
110900038,294,71,223
110900039,5,251,-246
110900040,176,11,165
110900041,17,42,-25
110900042,129,43,86
110900043,1,41,-40
110900044,97,3,94
110900045,118,198,-80
110900046,19,132,-113
110900047,119,588,-469
110900049,152,80,72
110900050,38,2,36
110900052,14,72,-58
110900053,165,6,159
110900054,62,73,-11
110900055,20,3,17
110900056,20,115,-95
110900057,10,94,-84
110900058,448,34,414
110900059,284,136,148
110900060,276,184,92
110900061,6,30,-24
110900062,234,23,211
110900063,14,55,-41
110900064,7,0,7
110900065,28,138,-110
110900066,4,43,-39
110900067,65,705,-640
110900068,266,85,181
110900069,0,10,-10
110900070,235,61,174
110900071,77,1030,-953
110900073,0,10,-10
110900074,914,78,836
110900075,630,76,554
110900077,1984,501,1483
110900078,219,23,196
110900079,1115,1653,-538
110900080,217,97,120
110900081,9,26,-17
110900082,303,95,208
110900083,149,35,114
110900084,199,46,153
110900085,23,149,-126
110900086,79,303,-224
110900087,490,94,396
110900088,9,0,9
110900090,35,100,-65
110900091,0,12,-12
110900093,177,98,79
110900095,71,12,59
110900097,61,12,49
110900098,41,78,-37
110900099,38,233,-195
110900100,0,3,-3
110900102,100,1,99
110900105,1425,88,1337
110900108,44,10,34
110900111,380,54,326
110900112,745,3,742
110900113,280,137,143
110900115,17,87,-70
110900116,1796,571,1225
110900118,172,5282,-5110
110900119,1187,108,1079
110900120,205,35,170
110900121,130,5,125
110900122,683,144,539
110900125,498,1128,-630
110900127,192,1687,-1495
110900128,150,732,-582
110900129,132,1083,-951
110900130,338,593,-255
110900131,424,47,377
110900132,727,60,667
110900133,60,74,-14
110900135,47,159,-112
110900136,493,46,447
110900139,4,0,4
110900140,0,0,0
110900141,261,621,-360
110900142,63,57,6
110900143,344,31,313
110900144,1,185,-184
110900145,210,101,109
110900146,167,372,-205
110900147,39,244,-205
110900148,0,192,-192
110900149,0,37,-37
110900150,18,5,13
110900151,6,32,-26
110900152,78,27,51
110900153,277,54,223
111000001,2110,1328,782
111000002,936,478,458
111000003,3993,1907,2086
111000004,1358,1477,-119
111000005,2285,2708,-423
111000006,1306,2839,-1533
111000007,5111,8596,-3485
111000008,3851,4148,-297
111000009,621,1415,-794
111000010,1364,336,1028
111000011,196,1026,-830
111000012,437,403,34
111000013,713,978,-265
111000014,3053,495,2558
111000017,56,803,-747
111000018,96,316,-220
111000020,444,1013,-569
111000021,17,119,-102
111000023,79,149,-70
111000025,3272,4384,-1112
111000029,213,84,129
111000030,38,81,-43
111000031,1628,474,1154
111000032,505,319,186
111000033,187,101,86
111000034,73,380,-307
111000037,1459,573,886
111000038,2354,2474,-120
111000039,1924,2179,-255
111000040,1506,1265,241
111000041,636,585,51
111000042,2396,2785,-389
111000043,2401,8528,-6127
111000044,2157,850,1307
111000045,4116,2385,1731
111000046,3162,2040,1122
111000047,3695,8456,-4761
111000049,321,567,-246
111000050,878,653,225
111000051,655,745,-90
111000052,483,1224,-741
111000053,199,661,-462
111000054,233,502,-269
111000055,946,987,-41
111000056,231,327,-96
111000057,201,191,10
111000058,916,68,848
111000059,920,266,654
111000060,7092,983,6109
111000061,997,560,437
111000062,1704,663,1041
111000063,1775,1226,549
111000064,1302,577,725
111000065,1815,1133,682
111000066,979,499,480
111000067,1905,333,1572
111000068,1294,407,887
111000069,1350,1534,-184
111000070,760,458,302
111000071,115,171,-56
111000072,1977,800,1177
111000073,268,2282,-2014
111000074,2046,1495,551
111000075,902,569,333
111000076,1257,577,680
111000077,954,1084,-130
111000078,1741,1637,104
111000079,774,676,98
111000080,889,620,269
111000081,1684,8089,-6405
111000082,1259,568,691
111000084,1116,468,648
111000085,1332,920,412
111000086,1782,968,814
111000087,961,347,614
111000088,4461,6219,-1758
111000089,1099,493,606
111000090,418,847,-429
111000091,726,321,405
111000092,2765,674,2091
111000093,1228,1371,-143
111000094,2612,1547,1065
111000095,1256,3526,-2270
111000096,900,10045,-9145
111000097,2473,873,1600
111000098,348,672,-324
111000099,436,903,-467
111000100,529,782,-253
111000101,491,717,-226
111000102,258,401,-143
111000104,1123,193,930
111000107,93,479,-386
111000109,1166,167,999
111000110,1672,628,1044
111000111,5553,297,5256
111000112,3560,301,3259
111000113,825,2762,-1937
111000114,1158,7094,-5936
111000115,3007,982,2025
111000116,1209,826,383
111000117,317,944,-627
111000118,896,543,353
111000119,2341,687,1654
111000120,951,876,75
111000121,354,1024,-670
111000122,345,535,-190
111000123,1271,1294,-23
111000124,363,1944,-1581
111000125,298,609,-311
111000126,95,337,-242
111000127,1923,143,1780
111000128,4274,331,3943
111000129,4793,599,4194
111000130,4702,476,4226
111000131,4493,597,3896
111000132,3005,2486,519
111000133,284,77,207
111000134,329,43,286
111000135,126,145,-19
111000136,598,298,300
111000138,39,3,36
111000140,16,1,15
111000141,171,614,-443
111000142,5,63,-58
111000143,1,237,-236
111000144,11,882,-871
111000145,52,2,50
111000146,114,1,113
111000147,139,23,116
111000148,162,106,56
111000149,0,14,-14
111000150,63,13,50
111000151,19,5,14
111000153,450,380,70
111000154,456,292,164
111000155,187,131,56
111000156,747,319,428
111000157,264,478,-214
111000158,793,599,194
111000159,2479,1353,1126
111000160,354,318,36
111000161,5,342,-337
111000162,10,53,-43
111000163,1508,781,727
111000164,524,3333,-2809
111000165,777,186,591
111000166,285,99,186
111000167,126,291,-165
111000168,302,425,-123
111000169,354,359,-5
111000170,330,270,60
111000171,479,572,-93
111000172,260,346,-86
111000173,396,1033,-637
111000174,595,141,454
111000175,53,204,-151
111000176,738,21,717
111000177,1457,173,1284
111000178,2948,178,2770
111000179,926,87,839
111000180,265,405,-140
111000181,3166,168,2998
111000182,369,109,260
111000183,382,271,111
111000184,485,137,348
111000185,559,315,244
111000186,340,230,110
111000187,303,117,186
111000188,850,324,526
111000189,300,391,-91
111000190,314,206,108
111000191,196,143,53
111000192,104,220,-116
111000193,501,92,409
111000194,88,134,-46
111000195,105,86,19
111000196,138,49,89
111000197,1320,110,1210
111000198,1119,70,1049
111000199,598,431,167
111000200,1119,586,533
111000201,1291,80,1211
111000202,950,117,833
111000203,824,398,426
111000204,485,2842,-2357
111000213,292,726,-434
111000214,1714,1088,626
111000215,1402,1087,315
111000217,2177,331,1846
111000218,2881,867,2014
111000219,240,234,6
111000220,746,516,230
111000221,299,105,194
111000224,89,184,-95
111000225,903,509,394
111000226,128,9,119
111000227,34,7,27
111000228,17,778,-761
111000229,32,1578,-1546
111000230,268,111,157
111000231,1331,294,1037
111000232,1070,655,415
111000233,2394,541,1853
111000234,320,1026,-706
111000239,85,52,33
111000240,114,590,-476
111000241,107,150,-43
111000242,505,41,464
111000243,213,230,-17
111000244,1520,104,1416
111000245,1000,289,711
111000246,907,130,777
111000247,847,278,569
111000248,964,238,726
111000249,716,227,489
111000250,173,26,147
111000251,96,47,49
111000253,39,12,27
111000255,123,15,108
111000257,62,30,32
111000260,60,625,-565
111000261,1901,71,1830
111000271,35,336,-301
111000273,4578,1474,3104
111000274,1828,3499,-1671
111000275,274,55,219
111000276,165,918,-753
111000277,420,284,136
111000278,359,147,212
111000291,3144,18372,-15228
111000298,618,234,384
111000299,987,131,856
111000300,65,457,-392
111000302,435,57,378
111000303,281,146,135
111000312,96,34,62
111000315,2,41,-39
111000320,127,211,-84
111000321,429,136,293
111000322,677,135,542
111000323,445,34,411
111000324,309,182,127
111000325,37,29,8
111000326,231,235,-4
111000327,565,184,381
111000328,466,687,-221
111000329,1,73,-72
111000330,184,3,181
111000331,14,8,6
111000332,526,954,-428
111000334,210,903,-693
111000335,1722,108,1614
111000337,2473,192,2281
111000338,134,94,40
111000339,969,212,757
111000340,100,443,-343
111000341,2844,1417,1427
111000342,51,857,-806
111000344,1719,382,1337
111000345,51,66,-15
111000346,30,155,-125
111000347,281,2,279
111000350,238,134,104
111000351,187,416,-229
111000352,354,183,171
111000353,158,180,-22
111000354,645,194,451
111000355,537,432,105
111000358,112,722,-610
111000360,166,334,-168
111000361,222,115,107
111000546,1404,238,1166
111000547,544,192,352
111000548,405,215,190
111000549,258,138,120
111000550,33,1168,-1135
111000551,218,60,158
111000552,514,149,365
111000907,2874,76,2798
111000908,325,8,317
111000916,3354,106,3248
111000917,84,306,-222
111000918,229,392,-163
111000920,1559,13,1546
111000921,22,118,-96
111000922,1288,142,1146
111000924,39,308,-269
111000925,7292,2565,4727
111000926,1577,1145,432
111000927,2767,6288,-3521
111000928,2937,1399,1538
111000929,2500,1062,1438
111000930,1343,1166,177
111000931,2308,1925,383
111000932,2083,973,1110
111000933,4226,4356,-130
111000934,1109,1689,-580
111000935,4486,1595,2891
111000936,1524,1288,236
111000937,1797,1806,-9
111000938,1098,913,185
111000939,1154,34,1120
111000940,1309,27,1282
111000941,373,210,163
111000943,915,226,689
111000944,274,181,93
111000945,407,545,-138
111001109,744,1061,-317
111001110,243,377,-134
111001111,171,10,161
111001112,62,5,57
111001113,0,1129,-1129
111001114,806,386,420
111001115,39,2277,-2238
111001116,1860,7529,-5669
111001117,743,3608,-2865
111001120,112,152,-40
111001121,73,100,-27
111001122,348,145,203
111001123,534,241,293
111001124,203,70,133
111001125,14,805,-791
111001126,0,0,0
111001127,0,23,-23
111001128,1717,472,1245
111001129,7,1235,-1228
111900001,0,32,-32
111900002,1,76,-75
111900003,0,67,-67
111900004,2,48,-46
111900006,12,199,-187
111900007,456,8,448
111900008,688,8,680
111900009,390,10,380
111900010,48,270,-222
111900012,12,58,-46
111900013,0,9,-9
111900014,1457,9592,-8135
111900015,0,7,-7
111900016,1,70,-69
111900017,0,35,-35
111900018,156,26,130
111900019,0,107,-107
111900020,0,19,-19
111900021,7,35,-28
111900022,9,20,-11
111900023,101,34,67
111900024,750,108,642
111900025,0,187,-187
111900026,0,17,-17
111900027,4,16,-12
111900028,6,33,-27
111900029,5,0,5
111900030,1,282,-281
111900032,2,24,-22
111900033,12,13,-1
111900034,19,227,-208
111900035,85,336,-251
111900036,0,43,-43
111900038,72,251,-179
111900039,22,92,-70
111900040,0,60,-60
111900042,3,47,-44
111900043,0,98,-98
111900044,77,179,-102
111900046,14,63,-49
111900048,559,51,508
111900049,18,162,-144
111900050,185,9,176
111900051,0,33,-33
111900052,58,119,-61
111900053,546,3509,-2963
111900054,388,1,387
111900055,27,106,-79
111900056,147,491,-344
111900057,451,38,413
111900058,949,254,695
111900059,1373,928,445
111900060,380,1,379
111900061,1,54,-53
111900062,80,67,13
111900063,425,63,362
111900064,21,83,-62
111900065,376,37,339
111900066,162,151,11
111900067,0,96,-96
111900068,32,195,-163
111900069,158,17,141
111900070,407,58,349
111900071,0,48,-48
111900072,48,75,-27
111900073,1982,208,1774
111900074,3,133,-130
111900075,87,8,79
111900076,549,80,469
111900077,64,7,57
111900078,751,72,679
111900079,85,73,12
111900080,86,131,-45
111900082,337,51,286
111900083,506,92,414
111900084,286,7,279
111900085,88,94,-6
111900086,199,19,180
111900087,59,2,57
111900088,1336,79,1257
111900089,64,1,63
111900090,57,78,-21
111900091,1503,12,1491
111900092,183,6,177
111900093,1028,25,1003
111900094,99,1,98
111900095,555,27,528
111900096,499,1,498
111900097,204,1,203
111900098,561,6,555
111900099,43,0,43
111900100,123,11,112
111900101,257,9,248
111900102,1113,197,916
111900103,70,195,-125
111900104,119,37,82
111900105,106,269,-163
111900106,208,27,181
111900110,1122,283,839
111900111,100,0,100
111900112,240,7746,-7506
111900113,164,112,52
111900118,819,50,769
111900119,280,89,191
111900122,39,57,-18
111900123,22,20,2
111900124,19,18,1
111900125,905,86,819
111900126,790,0,790
111900127,1,182,-181
111900128,8,204,-196
111900129,306,5,301
111900130,207,33,174
111900131,839,0,839
111900132,5,334,-329
111900133,32,90,-58
111900134,0,136,-136
111900135,5,18,-13
111900136,56,123,-67
111900137,56,9,47
111900138,29,35,-6
111900139,18,31,-13
111900140,211,43,168
111900141,125,5,120
111900142,229,8,221
111900143,180,28,152
111900144,47,47,0
111900145,0,97,-97
111900146,0,49,-49
111900147,26,275,-249
111900148,10,311,-301
111900149,10,115,-105
111900150,14,44,-30
111900151,1,77,-76
111900152,104,97,7
111900153,479,680,-201
111900154,28,1024,-996
111900155,58,355,-297
111900156,63,69,-6
111900157,260,25,235
111900158,1032,89,943
111900159,922,92,830
111900160,501,3,498
111900161,750,2,748
111900162,216,607,-391
111900163,17,121,-104
111900164,182,49,133
111901113,864,56,808
111901114,451,264,187
111901115,531,3,528
111901116,113,5,108
111901117,28,172,-144
111901118,6,879,-873
111901119,164,18,146
111901121,8,26,-18
111901122,1,45,-44
111901123,811,38,773
111901124,522,4,518
111901125,1400,224,1176
111901127,504,1852,-1348
111901128,3,37,-34
111901129,2,193,-191
111901130,4,42,-38
111901131,0,321,-321
111901132,400,67,333
111901133,181,4,177
111901134,373,4,369
111901135,53,6,47
111901138,12,17,-5
111901139,0,12,-12
111901140,3,33,-30
111901141,0,81,-81
111901142,0,42,-42
111901143,0,134,-134
111901144,44,22,22
111901145,52,722,-670
111901146,23,0,23
111901147,285,16,269
111901148,8,106,-98
111901149,37,6,31
111901150,194,0,194
111901151,383,0,383
111901152,6,15,-9
112000001,2715,1058,1657
112000002,1060,2099,-1039
112000003,3875,1307,2568
112000004,1347,320,1027
112000005,5083,5854,-771
112000006,586,477,109
112000007,5382,4261,1121
112000008,4653,5334,-681
112000009,3418,1365,2053
112000010,5198,6223,-1025
112000011,1857,1106,751
112000012,3938,5794,-1856
112000013,1776,2824,-1048
112000014,979,4572,-3593
112000015,872,3691,-2819
112000016,2496,4420,-1924
112000017,393,5132,-4739
112000024,489,192,297
112000026,1647,1456,191
112000027,715,1086,-371
112000028,750,1056,-306
112000029,665,731,-66
112000030,286,12,274
112000031,1621,3853,-2232
112000032,100,8,92
112000033,1372,5161,-3789
112000034,71,18,53
112000035,31,1277,-1246
112000036,156,2185,-2029
112000037,597,910,-313
112000038,1027,1689,-662
112000039,77,60,17
112000040,69,144,-75
112000041,420,329,91
112000042,1316,224,1092
112000050,1342,1329,13
112000051,1394,4234,-2840
112000054,1412,1395,17
112000057,710,202,508
112000058,202,320,-118
112000059,711,422,289
112000061,2971,671,2300
112000062,551,1660,-1109
112000063,191,3787,-3596
112000064,2763,2854,-91
112000065,1004,1938,-934
112000066,3414,1453,1961
112000067,523,495,28
112000068,3395,2670,725
112000069,514,1417,-903
112000070,1190,1008,182
112000071,1124,1785,-661
112000072,2674,857,1817
112000073,1053,4576,-3523
112000074,1116,2987,-1871
112000075,1402,2247,-845
112000076,3295,2744,551
112000077,1556,373,1183
112000078,2903,577,2326
112000079,2530,1033,1497
112000080,1005,523,482
112000081,760,1439,-679
112000082,1471,412,1059
112000083,909,983,-74
112000084,1001,663,338
112000085,2093,942,1151
112000086,2041,810,1231
112000087,1079,223,856
112000088,1058,196,862
112000089,281,265,16
112000090,189,147,42
112000091,824,538,286
112000092,2941,918,2023
112000093,2276,637,1639
112000094,1000,849,151
112000095,1438,464,974
112000096,780,722,58
112000097,3865,905,2960
112000098,243,458,-215
112000099,727,2752,-2025
112000100,2820,736,2084
112000101,807,470,337
112000102,2453,543,1910
112000103,694,529,165
112000105,672,504,168
112000106,4620,478,4142
112000107,334,174,160
112000108,1438,731,707
112000109,708,99,609
112000110,3155,736,2419
112000111,456,2338,-1882
112000112,2489,576,1913
112000113,874,679,195
112000114,2920,865,2055
112000115,583,262,321
112000116,670,482,188
112000117,1659,669,990
112000118,688,977,-289
112000119,466,455,11
112000120,49,163,-114
112000121,216,191,25
112000122,681,97,584
112000123,1136,235,901
112000124,963,218,745
112000125,521,532,-11
112000126,1134,169,965
112000127,2101,2191,-90
112000128,621,552,69
112000129,194,50,144
112000130,466,159,307
112000131,85,155,-70
112000132,307,183,124
112000133,543,61,482
112000134,978,288,690
112000135,1640,878,762
112000136,1022,781,241
112000137,1992,1864,128
112000138,1392,744,648
112000139,604,860,-256
112000140,245,930,-685
112000141,1476,596,880
112000142,192,296,-104
112000143,1751,176,1575
112000144,364,541,-177
112000145,3823,427,3396
112000146,661,887,-226
112000147,3413,1510,1903
112000148,810,1144,-334
112000149,611,528,83
112000150,1004,232,772
112000151,469,145,324
112000152,1369,268,1101
112000153,185,169,16
112000154,218,660,-442
112000155,170,128,42
112000157,397,1501,-1104
112000158,421,254,167
112000159,1311,287,1024
112000167,447,170,277
112000169,330,1916,-1586
112000173,1510,163,1347
112000175,613,279,334
112000176,719,959,-240
112000177,1056,422,634
112000178,86,343,-257
112000179,506,45,461
112000180,544,297,247
112000181,1055,821,234
112000182,2538,321,2217
112000183,64,9,55
112000184,594,159,435
112000185,1982,250,1732
112000187,5202,2650,2552
112000195,255,4,251
112000196,50,1,49
112000197,69,76,-7
112000198,17,215,-198
112000199,493,407,86
112000202,852,100,752
112000216,54,190,-136
112000230,262,3,259
112000231,1,100,-99
112000256,94,750,-656
112000313,35,27,8
112000314,28,73,-45
112000337,203,1059,-856
112000352,126,348,-222
112000392,3648,574,3074
112000398,3081,745,2336
112000399,1430,11315,-9885
112000400,1137,964,173
112000401,1098,894,204
112000402,5086,5389,-303
112000403,1318,12224,-10906
112000404,2140,1387,753
112000405,4569,3800,769
112000406,2239,812,1427
112000407,12313,7569,4744
112000408,4445,1680,2765
112000409,1392,1246,146
112000410,192,359,-167
112000411,1714,1751,-37
112000412,355,148,207
112000413,3045,7348,-4303
112000414,371,87,284
112000415,104,34,70
112000416,5706,1229,4477
112000417,455,153,302
112000421,197,51,146
112000422,288,263,25
112000424,1556,4584,-3028
112000425,340,333,7
112000426,561,380,181
112000427,0,12,-12
112000428,431,134,297
112000429,2623,2466,157
112000430,3435,5521,-2086
112000431,200,308,-108
112000432,513,652,-139
112000433,367,478,-111
112000437,52,57,-5
112900001,121,3,118
112900002,890,125,765
112900003,53,51,2
112900004,47,140,-93
112900005,526,98,428
112900007,17,21,-4
112900008,0,100,-100
112900009,438,214,224
112900010,461,194,267
112900011,24,198,-174
112900012,0,2,-2
112900013,3,247,-244
112900014,7,32,-25
112900015,58,352,-294
112900016,3,26,-23
112900017,65,102,-37
112900018,803,66,737
112900019,12,139,-127
112900020,276,532,-256
112900021,13,75,-62
112900022,19,15,4
112900023,7,19,-12
112900024,46,66,-20
112900025,105,92,13
112900026,0,14,-14
112900027,0,308,-308
112900028,3,72,-69
112900029,17,38,-21
112900030,14,11,3
112900031,1,263,-262
112900032,162,237,-75
112900034,0,10,-10
112900035,0,99,-99
112900036,14,76,-62
112900037,492,381,111
112900038,738,51,687
112900039,6,108,-102
112900040,1,576,-575
112900041,490,638,-148
112900042,11,152,-141
112900043,38,48,-10
112900044,193,137,56
112900045,151,79,72
112900046,85,32,53
112900047,6,25,-19
112900049,550,21,529
112900050,18,205,-187
112900051,78,230,-152
112900052,5,225,-220
112900053,116,239,-123
112900054,142,89,53
112900055,47,22,25
112900056,326,240,86
112900057,76,162,-86
112900058,169,872,-703
112900059,92,1068,-976
112900060,34,48,-14
112900061,112,148,-36
112900062,72,31,41
112900063,14,13,1
112900064,57,64,-7
112900065,2,14,-12
112900066,147,363,-216
112900067,324,39,285
112900068,21,116,-95
112900069,2015,1651,364
112900071,56,6,50
112900072,61,7478,-7417
112900073,316,190,126
112900074,185,629,-444
112900075,767,2385,-1618
112900076,52,19,33
112900078,269,990,-721
112900079,237,19,218
112900080,323,3,320
112900081,57,650,-593
112900082,424,12,412
112900083,345,243,102
112900084,519,409,110
112900086,192,0,192
112900087,2238,169,2069
112900088,356,5,351
112900089,682,19,663
112900090,85,101,-16
112900091,555,15,540
112900092,44,1384,-1340
112900093,1242,28,1214
112900095,140,0,140
112900096,955,223,732
112900097,79,116,-37
112900098,150,0,150
112900099,1632,19,1613
112900100,166,1,165
112900101,549,8,541
112900102,73,85,-12
112900103,282,3,279
112900104,1442,8,1434
112900105,7,0,7
112900106,859,155,704
112900107,2,2,0
112900108,0,0,0
112900109,319,0,319
112900110,2101,11,2090
112900111,1391,5,1386
112900112,708,0,708
112900113,0,2,-2
112900114,662,5,657
112900115,2315,6,2309
112900116,151,3,148
112900117,80,4,76
112900118,2,48,-46
112900119,454,13,441
112900120,441,164,277
112900121,44,42,2
112900122,11,51,-40
112900123,671,33,638
112900124,1,20,-19
112900125,16,189,-173
112900126,58,65,-7
112900127,535,39,496
112900128,75,249,-174
112900129,1,479,-478
112900130,245,70,175
112900131,1,159,-158
112900132,115,341,-226
112900133,22,645,-623
112900134,0,384,-384
112900135,124,48,76
112900137,39,299,-260
112900138,1,39,-38
112900139,12,326,-314
112900141,706,20,686
112900142,77,506,-429
112900143,6,262,-256
112900144,7,494,-487
112900145,3,308,-305
112900146,15,312,-297
112900147,1,444,-443
112900148,25,3,22
112900149,88,276,-188
112900151,2,21,-19
112900152,2521,202,2319
112900153,114,5838,-5724
112900154,0,15,-15
112900155,169,6,163
112900156,1380,292,1088
112900157,507,13,494
112900158,124,1,123
112900159,124,385,-261
112900160,38,174,-136
112900161,223,27,196
112900162,10,23,-13
112900163,41,101,-60
112900164,48,286,-238
112900165,18,50,-32
112900166,6,96,-90
112900167,5,315,-310
112900168,2,4,-2
112900169,4,25,-21
112900170,186,62,124
112900172,31,21,10
112900173,63,58,5
112900174,437,17,420
112900175,182,274,-92
112900176,20,49,-29
112900177,347,118,229
112900178,581,4783,-4202
112900179,29,235,-206
112900180,2283,851,1432
112900181,1685,7,1678
112900182,106,241,-135
112900183,55,129,-74
112900184,306,324,-18
112900185,69,386,-317
112900186,701,674,27
112900187,61,342,-281
112900188,683,2531,-1848
112900189,9,9,0
112900190,11,41,-30
112900192,407,379,28
112900193,629,186,443
112900194,69,2,67
112900195,392,41,351
112900196,631,398,233
112900197,63,319,-256
112900199,672,80,592
112900200,669,48,621
112900201,152,161,-9
112900202,675,353,322
112900203,463,50,413
112900204,343,271,72
112900205,6,1,5
112900206,20,14,6
112900207,33,2,31
112900208,53,1331,-1278
112900209,88,150,-62
112900210,2,3,-1
112900211,96,4,92
112900212,0,11,-11
112900213,88,3,85
112900214,13,12,1
112900215,8,16,-8
112900216,43,22,21
112900217,3,20,-17
112900218,111,0,111
112900219,186,0,186
112900220,0,0,0
112900221,25,33,-8
112900222,0,22,-22
112900223,807,21,786
112900224,1066,97,969
112900225,768,151,617
112900226,88,231,-143
112900227,603,41,562
112900228,165,20,145
112900229,572,16,556
112900230,8371,2013,6358
112900232,338,191,147
112900233,92,111,-19
112900234,44,1,43
112900235,18,7,11
112900236,1219,9,1210
112900237,1086,237,849
112900238,2,1,1
112900239,422,703,-281
112900240,2,19,-17
112900241,16,60,-44
112900242,23,96,-73
112900243,44,47,-3
112900244,5,49,-44
112900245,0,73,-73
112900246,0,16,-16
112900247,102,32,70
112900248,1,0,1
112900249,63,8,55
112900250,186,13,173
112900251,298,0,298
112900252,355,21,334
112900253,267,4,263
112900254,43,21,22
112900255,12,49,-37
112900256,25,49,-24
112900257,12,19,-7
112900258,116,4,112
113000001,6001,4962,1039
113000002,7719,3923,3796
113000003,3351,1893,1458
113000004,3377,1780,1597
113000005,3018,1819,1199
113000006,1760,1732,28
113000007,3161,2024,1137
113000008,2541,2053,488
113000009,2079,662,1417
113000010,2263,1241,1022
113000011,2278,1034,1244
113000012,1212,762,450
113000013,698,617,81
113000014,1120,1388,-268
113000015,109,131,-22
113000016,319,445,-126
113000017,44,616,-572
113000018,466,24,442
113000019,63,480,-417
113000020,348,116,232
113000021,1957,1228,729
113000022,1061,5338,-4277
113000025,236,365,-129
113000026,764,865,-101
113000027,665,1649,-984
113000028,344,2675,-2331
113000029,763,878,-115
113000030,202,468,-266
113000031,191,251,-60
113000032,155,275,-120
113000033,187,287,-100
113000034,215,114,101
113000035,18,45,-27
113000036,8,84,-76
113000037,60,25,35
113000038,8,53,-45
113000039,68,319,-251
113000040,107,132,-25
113000042,1106,687,419
113000051,2819,3805,-986
113000052,3280,452,2828
113000053,972,448,524
113000054,1066,1208,-142
113000055,3280,396,2884
113000056,2724,1071,1653
113000058,331,1134,-803
113000059,788,336,452
113000060,645,820,-175
113000061,1002,1015,-13
113000062,519,354,165
113000063,508,36,472
113000064,168,110,58
113000065,233,377,-144
113000066,1333,162,1171
113000067,3663,620,3043
113000068,734,343,391
113000069,884,387,497
113000070,2797,610,2187
113000071,853,401,452
113000072,1228,253,975
113000073,437,1310,-873
113000074,984,361,623
113000075,1908,676,1232
113000076,388,4337,-3949
113000077,534,791,-257
113000078,366,1427,-1061
113000079,421,982,-561
113000080,584,785,-201
113000081,877,828,49
113000082,1012,559,453
113000083,607,1021,-414
113000084,1981,767,1214
113000085,1034,658,376
113000086,928,1410,-482
113000087,1087,1396,-309
113000088,1896,1507,389
113000089,904,2033,-1129
113000090,104,738,-634
113000091,284,455,-171
113000094,1812,517,1295
113000095,407,962,-555
113000096,202,1274,-1072
113000097,1446,540,906
113000098,54,84,-30
113000099,1219,564,655
113000100,214,555,-341
113000101,211,974,-763
113000102,803,627,176
113000103,5373,387,4986
113000104,762,4065,-3303
113000105,1450,570,880
113000106,877,282,595
113000107,1547,1247,300
113000108,1451,1146,305
113000109,827,1462,-635
113000110,8972,1004,7968
113000111,588,425,163
113000112,985,353,632
113000113,2898,307,2591
113000114,215,692,-477
113000116,456,289,167
113000117,769,84,685
113000118,36,863,-827
113000119,351,238,113
113000120,39,350,-311
113000121,351,916,-565
113000124,601,226,375
113000125,13,1338,-1325
113000127,1705,213,1492
113000128,2417,145,2272
113000129,314,769,-455
113000133,3943,559,3384
113000134,2,1798,-1796
113000135,5606,4840,766
113000137,680,2268,-1588
113000139,243,95,148
113000140,26,72,-46
113000141,46,110,-64
113000142,152,370,-218
113000143,401,113,288
113000144,209,260,-51
113000145,111,133,-22
113000146,127,51,76
113000147,190,63,127
113000148,325,101,224
113000149,197,169,28
113000150,378,350,28
113000151,84,23,61
113000152,61,271,-210
113000153,908,145,763
113000154,468,1959,-1491
113000155,401,756,-355
113000156,225,204,21
113000157,340,270,70
113000158,502,99,403
113000159,888,169,719
113000160,638,238,400
113000161,561,132,429
113000162,812,78,734
113000163,170,16,154
113000164,77,48,29
113000166,379,118,261
113000167,96,38,58
113000168,323,53,270
113000169,345,37,308
113000170,70,112,-42
113000171,54,100,-46
113000172,343,24,319
113000173,109,18,91
113000174,351,190,161
113000175,761,115,646
113000176,780,75,705
113000177,352,88,264
113000178,164,220,-56
113000179,373,102,271
113000180,877,2238,-1361
113000181,1492,873,619
113000182,163,765,-602
113000183,251,979,-728
113000184,37,77,-40
113000189,314,797,-483
113000190,204,203,1
113000192,381,6826,-6445
113000193,1007,4755,-3748
113000194,1303,6858,-5555
113000195,1255,3771,-2516
113000196,482,167,315
113000197,857,4613,-3756
113000198,218,417,-199
113000199,2115,328,1787
113000201,705,981,-276
113000202,19640,1991,17649
113000203,53,933,-880
113000204,348,9471,-9123
113000205,29,21,8
113000206,5,62,-57
113000207,56,62,-6
113000208,19,59,-40
113000209,9,36,-27
113000210,3,19,-16
113000211,104,402,-298
113000212,25,35,-10
113000213,23,113,-90
113000214,207,557,-350
113000234,382,684,-302
113000410,27,209,-182
113000411,1261,1480,-219
113000412,8136,1407,6729
113000413,980,2862,-1882
113000414,4288,13446,-9158
113000415,2047,1039,1008
113000416,1718,1648,70
113000417,698,1125,-427
113000418,6127,3236,2891
113000419,1722,1504,218
113000420,2306,4661,-2355
113000421,5356,6166,-810
113000422,8423,9100,-677
113000423,882,4958,-4076
113000424,1753,11700,-9947
113000425,8,92,-84
113000428,18,38,-20
113000430,0,77,-77
113000432,3196,312,2884
113000433,89,1051,-962
113000434,36,86,-50
113000435,18,100,-82
113000436,24,920,-896
113000437,1690,75,1615
113000438,534,54,480
113000439,80,50,30
113000440,249,55,194
113000441,269,223,46
113000442,516,27,489
113000443,445,107,338
113000444,808,38,770
113000445,128,79,49
113000446,82,204,-122
113000448,1382,615,767
113000449,301,1338,-1037
113000450,2341,4515,-2174
113000451,5596,833,4763
113000452,102,956,-854
113000453,59,1254,-1195
113000454,490,580,-90
113000455,22,3311,-3289
113000456,1354,1605,-251
113000468,936,25,911
113000469,35,121,-86
113000470,892,9,883
113000471,27,454,-427
113000472,65,318,-253
113000474,2180,811,1369
113000475,1824,811,1013
113000476,4626,2233,2393
113000477,6783,2110,4673
113000478,2657,2351,306
113000479,298,147,151
113000485,0,0,0
113000486,0,0,0
113000487,0,0,0
113000489,0,0,0
113000490,0,0,0
113000491,0,0,0
113000492,0,0,0
113000493,0,0,0
113000495,520,92,428
113000496,312,189,123
113900001,29,4318,-4289
113900002,17,120,-103
113900003,0,344,-344
113900004,3,610,-607
113900005,8,1013,-1005
113900006,1,267,-266
113900007,0,0,0
113900008,0,0,0
113900009,0,0,0
113900010,0,0,0
113900011,0,0,0
113900012,137,7,130
113900013,121,28,93
113900014,1209,8,1201
113900015,0,6,-6
113900016,11,0,11
113900017,3,16,-13
113900018,60,187,-127
113900019,311,20,291
113900020,171,6,165
113900022,76,1,75
113900023,57,0,57
113900024,49,13,36
113900025,304,9,295
113900026,36,0,36
113900027,29,44,-15
113900028,12,128,-116
113900029,249,63,186
113900030,624,3,621
113900031,12,1,11
113900032,32,0,32
113900033,69,19,50
113900035,14,0,14
113900036,145,101,44
113900037,126,205,-79
113900038,17,162,-145
113900039,249,8,241
113900040,6,18,-12
113900041,24,5,19
113900042,151,30,121
113900043,243,34,209
113900044,51,167,-116
113900045,37,0,37
113900046,130,1142,-1012
113900047,272,46,226
113900048,154,103,51
113900049,96,423,-327
113900050,248,207,41
113900051,245,78,167
113900052,55,35,20
113900053,365,905,-540
113900054,8,1,7
113900055,91,533,-442
113900056,187,53,134
113900057,10,41,-31
113900058,116,23,93
113900059,344,173,171
113900060,39,164,-125
113900061,604,54,550
113900062,151,6,145
113900063,183,35,148
113900064,14,43,-29
113900065,758,20,738
113900066,1032,89,943
113900067,473,110,363
113900068,355,1209,-854
113900069,14,15,-1
113900070,97,220,-123
113900071,187,12,175
113900072,28,41,-13
113900073,807,347,460
113900074,385,247,138
113900075,1052,3344,-2292
113900076,73,10,63
113900077,48,56,-8
113900078,70,3,67
113900079,0,11,-11
113900080,479,132,347
113900081,101,32,69
113900082,187,195,-8
113900083,571,128,443
113900084,209,81,128
113900085,34,140,-106
113900086,187,26,161
113900087,71,36,35
113900088,139,196,-57
113900089,506,17,489
113900090,463,237,226
113900091,0,3,-3
113900092,22,83,-61
113900093,28,1932,-1904
113900094,821,235,586
113900095,142,271,-129
113900096,261,32,229
113900097,14,187,-173
113900098,1006,273,733
113900099,1,16,-15
113900100,0,5,-5
113900101,7,82,-75
113900102,30,159,-129
113900103,120,486,-366
113900104,190,371,-181
113900105,488,27,461
113900106,0,11,-11
113900107,0,2,-2
113900108,37,314,-277
113900109,108,316,-208
113900110,25,43,-18
113900111,228,52,176
113900112,268,23,245
113900113,1150,402,748
113900114,0,12,-12
113900115,0,2,-2
113900116,24,222,-198
113900117,31,26,5
113900118,60,1018,-958
113900119,120,294,-174
113900120,112,37,75
113900121,96,42,54
113900122,372,4897,-4525
113900123,603,132,471
113900124,2,106,-104
113900125,1200,144,1056
113900126,41,27,14
113900127,284,600,-316
113900128,326,61,265
113900129,7,151,-144
113900130,1,88,-87
113900131,262,31,231
113900132,34,79,-45
113900133,9,20,-11
113900135,400,611,-211
113900136,50,13,37
113900137,282,273,9
113900138,2,74,-72
113900139,477,347,130
113900140,14,128,-114
113900141,789,134,655
113900142,108,17,91
113900143,7,70,-63
113900144,26,427,-401
113900145,245,148,97
113900146,232,14,218
113900148,38,285,-247
113900149,212,257,-45
113900150,165,126,39
113900151,432,191,241
113900152,50,69,-19
113900153,46,269,-223
113900154,0,86,-86
113900155,46,167,-121
113900156,277,156,121
113900157,38,432,-394
113900158,46,193,-147
113900159,7,133,-126
113900160,477,225,252
113900161,176,247,-71
113900162,101,273,-172
113900163,136,86,50
113900164,537,39,498
113900165,429,296,133
113900166,22,31,-9
113900167,541,39,502
113900168,40,70,-30
113900169,230,176,54
113900171,316,58,258
113900172,4,115,-111
113900173,18,199,-181
113900174,481,393,88
113900175,290,77,213
113900176,212,252,-40
113900177,169,161,8
113900178,229,147,82
113900179,11,186,-175
113900180,159,82,77
113900181,1275,186,1089
113900182,512,327,185
113900183,62,54,8
113900184,27,376,-349
113900185,130,45,85
113900186,3,5,-2
113900187,12,73,-61
113900188,14,73,-59
113900189,326,159,167
113900190,139,47,92
113900191,20,85,-65
113900192,1908,3150,-1242
113900193,9,34,-25
113900194,1083,336,747
113900195,223,155,68
113900196,2,78,-76
113900197,1,32,-31
113900198,6,793,-787
113900199,29,236,-207
113900200,3,68,-65
113900201,0,57,-57
113900202,26,12,14
113900203,17,22,-5
113900204,15,214,-199
113900205,8,28,-20
113900206,0,50,-50
113900207,0,30,-30
113900208,0,12,-12
113900209,0,14,-14
113900210,881,615,266
113900211,177,54,123
113900212,387,224,163
113900214,203,362,-159
113900215,52,89,-37
113900216,214,249,-35
113900217,223,49,174
113900218,101,80,21
113900219,146,705,-559
113900220,73,176,-103
113900221,118,524,-406
113900222,1072,1211,-139
113900223,403,237,166
113900224,48,39,9
113900225,377,39,338
113900226,380,86,294
113900227,163,229,-66
113900228,113,452,-339
113900229,38,1402,-1364
113900230,1103,3093,-1990
113900231,101,69,32
113900232,200,27,173
113900233,153,15,138
113900234,416,389,27
113900235,128,26,102
113900236,298,40,258
113900237,232,6,226
113900238,125,665,-540
113900239,35,144,-109
113900240,1,152,-151
113900241,21,97,-76
113900242,67,274,-207
113900243,13,107,-94
113900244,62,96,-34
113900245,367,317,50
113900246,38,29,9
113900247,52,542,-490
113900248,1963,1920,43
113900249,268,553,-285
113900250,20,707,-687
113900251,1311,45,1266
113900252,1275,21,1254
113900253,891,37,854
113900254,692,98,594
113900255,1097,16,1081
113900256,640,25,615
113900257,15,336,-321
113900258,19,226,-207
113900259,1012,69,943
113900260,379,3,376
113900261,37,74,-37
113900262,181,213,-32
113900263,6,170,-164
113900264,1,189,-188
113900265,82,351,-269
113900266,10,88,-78
113900267,33,810,-777
113900268,207,315,-108
113900269,166,142,24
113900270,256,391,-135
113900271,559,322,237
113900273,8,2,6
113900274,50,40,10
113900275,9,199,-190
113900276,20,41,-21
113900277,331,2,329
113900278,84,71,13
113900279,52,21,31
113900280,776,421,355
113900281,70,876,-806
113900282,160,163,-3
113900283,337,514,-177
113900284,1371,238,1133
113900285,52,2,50
113900286,11,11,0
113900287,160,10,150
113900288,3,111,-108
113900289,308,217,91
113900290,513,795,-282
113900291,42,59,-17
113900292,0,3,-3
113900293,14,235,-221
113900294,1081,15,1066
113900295,377,221,156
113900296,983,174,809
113900297,2218,46,2172
113900298,38,1722,-1684
113900299,204,21,183
113900300,2812,2967,-155
113900301,448,1230,-782
113900302,920,800,120
113900303,143,1684,-1541
113900304,0,135,-135
113900305,191,0,191
113900306,129,1,128
113900307,0,0,0
113900308,17,12,5
113900309,1,161,-160
113900310,0,15,-15
113900311,21,2,19
113900312,69,137,-68
113900313,7,2,5
113900314,4,6,-2
113900315,288,0,288
114000001,998,1535,-537
114000002,573,249,324
114000003,576,513,63
114000004,726,227,499
114000005,610,167,443
114000006,1430,1542,-112
114000007,1014,941,73
114000008,1881,1883,-2
114000009,1710,312,1398
114000011,3149,1942,1207
114000012,5579,1516,4063
114000013,2553,952,1601
114000014,871,259,612
114000015,2889,164,2725
114000016,518,66,452
114000017,90,1192,-1102
114000018,64,72,-8
114000026,3513,1105,2408
114000027,4015,2415,1600
114000028,2304,5549,-3245
114000038,338,75,263
114000039,158,90,68
114000040,157,383,-226
114000042,166,233,-67
114000043,219,195,24
114000044,517,74,443
114000045,21,35,-14
114000046,1882,4353,-2471
114000047,36,136,-100
114000048,147,99,48
114000049,1892,1719,173
114000050,1817,1834,-17
114000051,3628,2098,1530
114000052,3735,2942,793
114000053,48,841,-793
114000054,234,822,-588
114000055,481,40,441
114000056,92,1021,-929
114000057,3669,1565,2104
114000058,47,1232,-1185
114000059,36,1392,-1356
114000060,567,1183,-616
114000061,2266,3622,-1356
114000062,300,1340,-1040
114000063,1005,1303,-298
114000064,1378,5499,-4121
114000065,995,1834,-839
114000066,657,1026,-369
114000067,15,1427,-1412
114000068,433,905,-472
114000069,1052,550,502
114000070,2695,1620,1075
114000071,1029,803,226
114000072,932,188,744
114000073,7,19,-12
114000074,98,13,85
114000075,66,31,35
114000076,7,49,-42
114000077,1,21,-20
114000078,525,232,293
114000079,408,21,387
114000080,42,96,-54
114000081,116,158,-42
114000082,51,230,-179
114000083,119,46,73
114000084,246,127,119
114000085,59,237,-178
114000086,226,114,112
114000087,239,24,215
114000088,23,12,11
114000089,471,115,356
114000090,885,1728,-843
114000091,756,1376,-620
114000092,498,602,-104
114000093,1476,502,974
114000094,752,466,286
114000095,281,253,28
114000096,50,303,-253
114000097,137,180,-43
114000098,823,162,661
114000099,1563,168,1395
114000100,1957,393,1564
114000101,837,247,590
114000102,1157,342,815
114000103,151,92,59
114000104,60,159,-99
114000105,276,176,100
114000106,966,3106,-2140
114000107,787,192,595
114000108,1398,664,734
114000109,1150,5891,-4741
114000110,517,599,-82
114000111,3254,2049,1205
114000112,367,1192,-825
114000113,3337,347,2990
114000114,269,1039,-770
114000115,3636,652,2984
114000116,1266,6568,-5302
114000117,6416,775,5641
114000118,5804,425,5379
114000119,4572,505,4067
114000120,764,859,-95
114000121,704,711,-7
114000122,599,445,154
114000123,3297,528,2769
114000124,2337,566,1771
114000125,1352,1231,121
114000126,2900,262,2638
114000127,245,96,149
114000128,1402,228,1174
114000130,766,536,230
114000131,539,92,447
114000132,751,205,546
114000133,552,1008,-456
114000134,98,43,55
114000138,14,103,-89
114000139,472,578,-106
114000144,796,531,265
114000145,55,25,30
114000146,105,29,76
114000147,1348,2751,-1403
114000148,728,2443,-1715
114000149,287,431,-144
114000150,571,1150,-579
114000151,1353,5005,-3652
114000152,78,28,50
114000153,693,4484,-3791
114000154,586,1138,-552
114000155,887,4403,-3516
114000156,868,1309,-441
114000157,497,2124,-1627
114000158,1560,663,897
114000159,127,473,-346
114000160,83,1097,-1014
114000161,974,2243,-1269
114000162,1717,2762,-1045
114000163,5,41,-36
114000165,548,586,-38
114000166,360,625,-265
114000167,2766,1098,1668
114000168,354,151,203
114000169,990,1027,-37
114000170,1206,1033,173
114000171,1720,18862,-17142
114000174,159,285,-126
114000176,246,509,-263
114000177,624,249,375
114000178,101,49,52
114000179,895,1303,-408
114000180,202,156,46
114000181,1218,10458,-9240
114000182,772,2514,-1742
114000183,642,624,18
114000184,2766,438,2328
114000185,1296,838,458
114000189,1986,127,1859
114000190,4860,369,4491
114000191,81,467,-386
114000192,185,739,-554
114000193,166,970,-804
114000194,1982,905,1077
114000195,331,336,-5
114000196,0,115,-115
114000197,3071,35,3036
114000198,649,324,325
114000199,1366,1195,171
114000200,602,1142,-540
114000201,290,989,-699
114000202,946,698,248
114000203,1085,847,238
114000204,94,558,-464
114000205,401,843,-442
114000206,886,1328,-442
114000207,494,791,-297
114000208,488,1102,-614
114000209,382,1398,-1016
114000210,215,718,-503
114000211,1551,1410,141
114000212,692,1225,-533
114000213,1765,369,1396
114000214,90,85,5
114000215,184,174,10
114000216,2556,384,2172
114000217,444,156,288
114000218,632,152,480
114000219,2373,160,2213
114000220,27,625,-598
114000221,1651,133,1518
114000222,158,561,-403
114000223,976,128,848
114000224,59,419,-360
114000225,515,307,208
114000226,280,196,84
114000227,920,452,468
114000228,958,668,290
114000229,2329,1261,1068
114000230,1695,906,789
114000231,1322,1662,-340
114000232,1699,247,1452
114000233,3717,73,3644
114000234,1369,754,615
114000235,1922,1723,199
114000236,0,449,-449
114000237,235,603,-368
114000238,164,383,-219
114000239,137,1009,-872
114000240,1075,1572,-497
114000241,359,563,-204
114000242,832,682,150
114000243,3407,1053,2354
114000244,814,386,428
114000245,823,1364,-541
114000246,223,47,176
114000247,538,667,-129
114000248,2627,669,1958
114000249,472,528,-56
114000250,1107,203,904
114000251,403,234,169
114000252,63,9,54
114000253,43,94,-51
114000254,39,29,10
114000255,734,235,499
114000256,310,2058,-1748
114000257,894,1082,-188
114000258,680,165,515
114000259,347,319,28
114000260,1,53,-52
114000261,77,31,46
114000262,248,77,171
114000263,16,2,14
114000264,1739,508,1231
114000265,0,2,-2
114000267,2,2801,-2799
114000268,1,801,-800
114000270,378,101,277
114000271,399,55,344
114000283,2454,381,2073
114000285,33,87,-54
114000288,249,266,-17
114000289,2631,162,2469
114000293,309,585,-276
114000294,251,426,-175
114000395,2366,95,2271
114000396,678,551,127
114000402,1360,225,1135
114000403,372,165,207
114000405,313,216,97
114000423,769,144,625
114000424,628,103,525
114000425,1573,112,1461
114000426,216,1053,-837
114000427,90,65,25
114000428,67,178,-111
114000429,12,157,-145
114000432,250,98,152
114000434,36,56,-20
114000435,1,34,-33
114900001,935,194,741
114900002,287,34,253
114900003,1071,290,781
114900004,210,581,-371
114900005,642,265,377
114900006,46,59,-13
114900007,188,5,183
114900008,417,152,265
114900010,1221,2647,-1426
114900011,510,104,406
114900013,366,99,267
114900018,1094,46,1048
114900020,187,103,84
114900022,0,544,-544
114900025,793,93,700
114900026,172,65,107
114900029,163,23,140
114900030,322,158,164
114900031,866,28,838
114900032,524,9,515
114900034,25,32,-7
114900035,92,478,-386
114900036,288,236,52
114900039,978,144,834
114900040,193,28,165
114900041,1948,142,1806
114900042,2448,197,2251
114900044,196,52,144
114900047,170,5724,-5554
114900048,19,137,-118
114900049,20,57,-37
114900050,105,98,7
114900051,22,76,-54
114900052,20,184,-164
114900053,77,197,-120
114900054,19,39,-20
114900057,187,36,151
114900058,0,37,-37
114900059,156,68,88
114900063,124,15,109
114900064,2864,122,2742
114900065,651,1022,-371
114900067,17,240,-223
114900068,11,86,-75
114900069,175,20,155
114900070,863,130,733
114900072,1,150,-149
114900073,1,44,-43
114900074,1141,199,942
114900075,219,10,209
114900076,0,76,-76
114900080,767,211,556
114900082,1919,3708,-1789
114900083,244,626,-382
114900090,643,187,456
114900091,59,87,-28
114900097,149,0,149
114900098,1,157,-156
114900099,309,26,283
115000001,5472,2829,2643
115000002,5228,7494,-2266
115000003,4833,2744,2089
115000004,5080,9118,-4038
115000005,2702,3008,-306
115000006,2001,2945,-944
115000007,574,329,245
115000008,720,859,-139
115000009,877,557,320
115000010,296,334,-38
115000013,47,204,-157
115000015,59,425,-366
115000016,22,303,-281
115000019,16,709,-693
115000020,205,1199,-994
115000021,293,385,-92
115000022,352,153,199
115000023,578,472,106
115000024,628,149,479
115000025,978,578,400
115000026,137,163,-26
115000027,455,190,265
115000028,122,504,-382
115000029,1150,110,1040
115000030,363,584,-221
115000031,773,142,631
115000032,8,210,-202
115000033,342,14,328
115000034,114,1060,-946
115000035,869,115,754
115000036,0,254,-254
115000037,601,48,553
115000038,52,194,-142
115000039,3245,4912,-1667
115000040,4616,2776,1840
115000041,2486,4883,-2397
115000042,508,718,-210
115000043,4504,3445,1059
115000044,3089,3993,-904
115000045,3704,1112,2592
115000046,4484,4266,218
115000047,4437,2142,2295
115000048,4393,2082,2311
115000049,1337,4014,-2677
115000050,4184,1342,2842
115000051,2271,6831,-4560
115000052,1445,1022,423
115000053,3532,3479,53
115000054,549,654,-105
115000055,192,1768,-1576
115000056,103,465,-362
115000057,564,2325,-1761
115000058,52,797,-745
115000059,95,516,-421
115000061,186,369,-183
115000062,382,537,-155
115000063,760,405,355
115000064,346,97,249
115000065,149,595,-446
115000067,497,13,484
115000069,118,265,-147
115000070,42,1138,-1096
115000071,60,40,20
115000072,3,65,-62
115000073,1867,77,1790
115000075,91,84,7
115000076,2484,2101,383
115000077,2730,1329,1401
115000078,2701,966,1735
115000079,2692,1149,1543
115000080,5674,1059,4615
115000081,222,397,-175
115000082,8475,6225,2250
115000083,3099,886,2213
115000084,4331,887,3444
115000085,1691,728,963
115000086,1984,897,1087
115000087,613,2084,-1471
115000088,2084,1033,1051
115000089,1732,1066,666
115000090,539,879,-340
115000091,381,430,-49
115000092,1204,1356,-152
115000093,915,10,905
115000094,4839,10129,-5290
115000095,4264,11695,-7431
115000096,1583,858,725
115000097,3308,2244,1064
115000098,2924,626,2298
115000099,3366,1388,1978
115000100,2877,342,2535
115000101,958,1062,-104
115000102,710,227,483
115000103,399,458,-59
115000105,174,90,84
115000106,1508,685,823
115000107,289,328,-39
115000108,2394,1760,634
115000109,3762,5912,-2150
115000110,1322,2287,-965
115000111,486,901,-415
115000112,730,592,138
115000113,414,442,-28
115000114,890,350,540
115000116,2314,1585,729
115000117,1618,2410,-792
115000118,2149,2001,148
115000119,1454,2004,-550
115000120,621,1225,-604
115000121,473,597,-124
115000122,515,1964,-1449
115000123,1654,1766,-112
115000124,1085,1528,-443
115000125,381,1791,-1410
115000126,126,697,-571
115000127,431,199,232
115000128,547,1268,-721
115000129,231,1049,-818
115000130,618,492,126
115000131,969,306,663
115000132,670,377,293
115000133,1456,223,1233
115000134,455,486,-31
115000135,261,195,66
115000136,371,429,-58
115000137,100,312,-212
115000138,434,260,174
115000139,333,208,125
115000140,592,342,250
115000141,309,90,219
115000142,466,99,367
115000143,1266,1327,-61
115000144,605,97,508
115000145,354,184,170
115000146,602,1331,-729
115000147,587,713,-126
115000148,573,878,-305
115000149,981,242,739
115000150,830,572,258
115000151,1507,299,1208
115000152,1037,1707,-670
115000153,1801,580,1221
115000154,1265,194,1071
115000155,850,1675,-825
115000156,818,1236,-418
115000157,299,2071,-1772
115000158,258,819,-561
115000159,637,992,-355
115000160,499,419,80
115000161,214,431,-217
115000162,419,1141,-722
115000163,638,911,-273
115000164,563,1033,-470
115000165,195,835,-640
115000167,87,351,-264
115000168,454,1104,-650
115000169,211,1772,-1561
115000170,107,308,-201
115000171,262,786,-524
115000172,901,821,80
115000173,390,1306,-916
115000174,94,1023,-929
115000175,299,308,-9
115000176,46,180,-134
115000177,50,348,-298
115000178,16,189,-173
115000179,8,102,-94
115000180,113,298,-185
115000181,1351,179,1172
115000182,2054,252,1802
115000183,478,494,-16
115000186,979,112,867
115000187,180,427,-247
115000188,640,448,192
115000189,363,298,65
115000190,1010,649,361
115000191,321,587,-266
115000194,136,135,1
115000195,218,546,-328
115000196,379,85,294
115000197,401,178,223
115000198,864,160,704
115000199,1123,156,967
115000200,522,245,277
115000201,371,219,152
115000206,508,15,493
115000207,514,213,301
115000208,454,517,-63
115000209,900,519,381
115000210,174,216,-42
115000211,431,258,173
115000212,1579,459,1120
115000224,179,79,100
115000225,181,42,139
115000229,239,48,191
115000230,269,277,-8
115000231,425,1338,-913
115000232,4020,453,3567
115000233,154,385,-231
115000234,38,498,-460
115000241,139,55,84
115000242,258,71,187
115000243,349,99,250
115000244,16,584,-568
115000246,153,44,109
115000247,39,16,23
115000248,129,20,109
115000249,32,14,18
115000250,280,30,250
115000251,698,45,653
115000252,313,333,-20
115000253,16,697,-681
115000258,771,67,704
115000259,306,70,236
115000261,65,38,27
115000262,10,64,-54
115000263,28,52,-24
115000264,2,18,-16
115000267,64,91,-27
115000268,46,114,-68
115000269,97,21,76
115000270,17,15,2
115000272,99,65,34
115000273,665,6,659
115000280,1081,276,805
115000281,214,704,-490
115000282,546,1232,-686
115000284,104,308,-204
115000296,355,2,353
115000297,100,433,-333
115000298,44,782,-738
115000300,185,126,59
115000302,1144,151,993
115000303,1800,77,1723
115000304,1657,130,1527
115000305,139,383,-244
115000306,308,193,115
115000307,260,358,-98
115000308,39,35,4
115000310,3128,444,2684
115000311,1857,1111,746
115000313,190,449,-259
115000314,739,381,358
115000315,1665,1645,20
115000316,242,152,90
115000317,288,536,-248
115000318,1156,387,769
115000319,165,178,-13
115000320,14,603,-589
115000321,382,15,367
115000322,46,132,-86
115000449,135,163,-28
115000557,46,2895,-2849
115000558,156,286,-130
115000587,1236,325,911
115000588,2852,3147,-295
115000589,6680,3915,2765
115000590,1056,2242,-1186
115000591,1603,1498,105
115000592,631,2158,-1527
115000593,1916,1476,440
115000594,234,3394,-3160
115000609,342,383,-41
115000617,508,2885,-2377
115000624,488,67,421
115000633,371,1174,-803
115000634,3751,740,3011
115000635,982,235,747
115000638,340,276,64
115000641,89,633,-544
115000642,370,193,177
115000643,87,171,-84
115000644,160,184,-24
115000646,645,1021,-376
115000647,99,488,-389
115000648,4582,854,3728
115000893,3146,1603,1543
115000894,162,837,-675
115000895,331,1706,-1375
115000896,1839,924,915
115000897,599,183,416
115000898,549,371,178
115000899,271,2044,-1773
115000900,84,976,-892
115000901,63,243,-180
115000912,774,106,668
115000913,0,2,-2
115000915,1,0,1
115000916,6,3,3
115000917,0,27,-27
115000918,79,919,-840
115000919,9,165,-156
115000920,14,133,-119
115000921,330,179,151
115000922,518,1831,-1313
115000923,82,3419,-3337
115000925,180,133,47
115000927,82,113,-31
115000933,69,1284,-1215
115000934,69,199,-130
115000935,171,109,62
115000936,146,1747,-1601
115000937,2131,638,1493
115000938,92,540,-448
115000939,33,352,-319
115000940,7,64,-57
115000941,0,115,-115
115000942,17,502,-485
115000943,14,321,-307
115000944,4,28,-24
115900001,434,16,418
115900002,67,91,-24
115900003,289,33,256
115900004,3,14,-11
115900005,311,22,289
115900006,116,138,-22
115900008,177,10,167
115900009,52,763,-711
115900010,703,79,624
115900011,461,156,305
115900012,420,24,396
115900013,355,175,180
115900014,202,82,120
115900015,391,29,362
115900016,80,53,27
115900017,20,29,-9
115900018,173,30,143
115900019,58,26,32
115900020,136,4,132
115900021,412,384,28
115900022,1254,7,1247
115900023,5,4,1
115900025,80,152,-72
115900026,615,138,477
115900027,1,240,-239
115900028,154,25,129
115900029,30,135,-105
115900030,42,26,16
115900031,64,328,-264
115900032,332,996,-664
115900033,1,137,-136
115900034,57,97,-40
115900035,110,28,82
115900036,44,4855,-4811
115900037,38,112,-74
115900038,56,3,53
115900039,224,47,177
115900041,88,1274,-1186
115900042,75,8,67
115900043,199,37,162
115900044,129,594,-465
115900046,1041,68,973
115900047,59,277,-218
115900049,296,165,131
115900051,2,44,-42
115900052,35,54,-19
115900053,399,63,336
115900054,490,11,479
115900055,19,29,-10
115900056,224,77,147
115900057,3,20,-17
115900058,26,34,-8
115900060,44,57,-13
115900061,367,1,366
115900062,53,66,-13
115900063,15,1,14
115900064,402,412,-10
115900065,294,45,249
115900066,29,45,-16
115900067,5,63,-58
115900068,821,2091,-1270
115900069,56,226,-170
115900070,353,62,291
115900071,0,115,-115
115900072,10,69,-59
115900073,301,181,120
115900074,3,59,-56
115900075,28,196,-168
115900076,26,21,5
115900077,6,37,-31
115900078,30,124,-94
115900079,695,9,686
115900080,155,92,63
115900081,33,14,19
115900082,152,212,-60
115900084,812,6,806
115900085,48,138,-90
115900086,1209,360,849
115900088,7,100,-93
115900089,626,191,435
115900090,974,2,972
115900091,0,41,-41
115900092,99,37,62
115900093,4,5,-1
115900094,2,43,-41
115900096,15,15,0
115900097,22,49,-27
115900098,543,158,385
115900099,103,15,88
115900100,29,205,-176
115900101,492,124,368
115900102,150,47,103
115900103,465,90,375
115900104,111,27,84
115900105,357,208,149
115900106,237,3,234
115900107,103,47,56
115900108,296,3,293
115900109,9,168,-159
115900110,49,1,48
115900111,0,55,-55
115900112,27,324,-297
115900113,63,26,37
115900114,2,46,-44
115900115,92,75,17
115900116,100,495,-395
115900117,116,9,107
115900118,2,34,-32
115900119,106,73,33
115900120,44,202,-158
115900121,357,108,249
115900124,244,906,-662
115900125,908,36,872
115900126,1376,98,1278
115900127,1205,77,1128
115900128,2,308,-306
115900129,619,35,584
115900130,12,1452,-1440
115900131,509,41,468
115900132,932,10,922
115900134,542,28,514
115900135,1470,737,733
115900137,6,1,5
115900139,6,137,-131
115900140,802,22,780
115900141,0,79,-79
115900142,15,34,-19
115900143,385,177,208
115900144,418,137,281
115900146,6,68,-62
115900147,281,314,-33
115900148,38,90,-52
115900149,254,14,240
115900150,141,13,128
115900151,112,73,39
115900152,243,110,133
115900153,191,66,125
115900154,358,397,-39
115900155,0,42,-42
115900156,925,862,63
115900157,470,625,-155
115900158,8,6,2
115900159,256,258,-2
115900160,0,5,-5
115900161,50,51,-1
115900163,442,58,384
115900164,1162,4,1158
115900166,65,130,-65
115900168,400,97,303
115900171,126,262,-136
115900172,87,173,-86
115900173,297,131,166
115900174,116,386,-270
115900175,302,63,239
115900178,11,112,-101
115900179,615,23,592
115900180,158,59,99
115900181,578,47,531
115900182,1055,21,1034
115900183,6,107,-101
115900184,541,17,524
115900187,10,507,-497
115900189,0,141,-141
115900190,63,1149,-1086
115900191,16,196,-180
115900192,48,208,-160
115900193,120,70,50
115900194,1302,74,1228
115900195,510,4176,-3666
115900198,309,287,22
115900199,514,34,480
115900200,353,88,265
115900201,122,389,-267
115900202,0,288,-288
115900203,9,18,-9
115900204,0,19,-19
115900205,16,1,15
115900206,425,75,350
115900207,111,6,105
115900208,170,62,108
115900209,37,129,-92
115900210,10,215,-205
115900211,0,116,-116
115900212,231,147,84
115900213,200,218,-18
115900214,948,32,916
115900215,21,206,-185
115900216,2,38,-36
115900217,0,16,-16
115900218,1,20,-19
115900219,199,4,195
115900220,441,3,438
115900221,204,5,199
115900222,68,35,33
115900223,1,486,-485
115900224,595,2859,-2264
115900225,59,13,46
115900226,10,77,-67
115900227,0,125,-125
115900228,3,45,-42
115900229,1,47,-46
115900230,10,36,-26
115900231,151,1,150
115900232,180,5,175
115900233,145,10,135
115900234,147,70,77
115900235,53,70,-17
115900236,31,69,-38
115900237,35,34,1
115900238,15,36,-21
115900239,27,66,-39
115900240,19,58,-39
115900241,304,31,273
115900242,744,787,-43
115900243,13,14,-1
115900244,13,11,2
115900245,37,6,31
115900246,15,2,13
115900247,18,6,12
115900248,27,1,26
115900249,14,7,7
115900250,28,34,-6
115900251,12,14,-2
115900252,16,1,15
115900253,110,6,104
115900254,9,54,-45
115900255,2,107,-105
115900256,93,264,-171
115900257,8,47,-39
115900258,0,1,-1
115900259,1,4,-3
115900260,16,9,7
115900261,17,0,17
115900262,4,0,4
115900263,13,0,13
115900264,23,0,23
115900265,1,7,-6
115900266,14,15,-1
115900267,0,7,-7
115900268,1,19,-18
115900269,1109,151,958
115900270,482,94,388
115900271,377,0,377
115900272,70,13,57
115900273,4,23,-19
115900274,4,13,-9
115900275,0,13,-13
115900276,0,17,-17
115900277,0,61,-61
115900278,62,82,-20
115900279,21,347,-326
115900280,9,1201,-1192
115900281,179,585,-406
115900282,119,95,24
115900283,77,2,75
115900284,11,20,-9
116000001,8951,2244,6707
116000002,7366,19049,-11683
116000003,1227,1889,-662
116000004,5825,7717,-1892
116000005,1028,5833,-4805
116000006,4912,8645,-3733
116000007,1852,2399,-547
116000008,7861,4111,3750
116000009,870,1014,-144
116000010,4896,2098,2798
116000011,831,845,-14
116000012,3627,1519,2108
116000013,5359,7088,-1729
116000014,18104,34031,-15927
116000015,333,2845,-2512
116000016,5444,7110,-1666
116000017,32,808,-776
116000018,491,625,-134
116000019,2360,359,2001
116000020,767,1835,-1068
116000021,1404,347,1057
116000022,875,449,426
116000023,2081,1388,693
116000024,1071,1174,-103
116000025,1346,1087,259
116000026,1532,6690,-5158
116000027,402,1128,-726
116000028,523,1122,-599
116000029,443,435,8
116000030,588,752,-164
116000031,36,222,-186
116000032,446,128,318
116000033,877,478,399
116000034,654,975,-321
116000035,1190,317,873
116000036,293,3881,-3588
116000037,99,612,-513
116000038,76,1625,-1549
116000039,273,2010,-1737
116000040,541,2241,-1700
116000041,81,1711,-1630
116000042,1603,1504,99
116000043,220,436,-216
116000044,12,49,-37
116000045,1141,1578,-437
116000046,981,2625,-1644
116000047,2889,3981,-1092
116000048,4773,1279,3494
116000049,2317,3182,-865
116000050,1895,1479,416
116000051,3302,4013,-711
116000052,3759,3431,328
116000053,3204,776,2428
116000054,1591,2686,-1095
116000055,1730,1241,489
116000056,1978,1140,838
116000057,3282,1334,1948
116000058,7579,4445,3134
116000059,2820,5033,-2213
116000060,3916,2381,1535
116000061,744,1335,-591
116000062,888,718,170
116000063,765,2587,-1822
116000066,531,752,-221
116000067,604,486,118
116000068,215,421,-206
116000069,556,193,363
116000078,914,731,183
116000080,2421,447,1974
116000082,2,12,-10
116000083,3060,373,2687
116000084,1300,1905,-605
116000085,2174,2188,-14
116000086,1042,687,355
116000087,3857,2062,1795
116000088,1830,799,1031
116000089,228,132,96
116000090,179,157,22
116000091,218,996,-778
116000093,946,209,737
116000094,1437,465,972
116000095,826,508,318
116000096,2479,3770,-1291
116000097,1093,732,361
116000098,73,16819,-16746
116000099,6407,442,5965
116000100,475,32,443
116000101,1875,867,1008
116000102,308,583,-275
116000103,658,426,232
116000104,244,820,-576
116000105,2094,139,1955
116000106,524,1502,-978
116000107,3745,399,3346
116000108,21,823,-802
116000111,168,44,124
116000113,169,49,120
116000114,6,96,-90
116000115,369,93,276
116000116,351,170,181
116000117,1489,1395,94
116000118,2617,970,1647
116000119,4196,1346,2850
116000120,3421,2050,1371
116000121,1346,736,610
116000122,691,599,92
116000123,1509,648,861
116000124,588,260,328
116000125,4058,522,3536
116000126,467,414,53
116000127,945,491,454
116000128,2822,798,2024
116000129,1995,120,1875
116000130,1369,678,691
116000133,2474,905,1569
116000134,1670,1261,409
116000135,3793,1569,2224
116000136,1169,1519,-350
116000137,1617,902,715
116000138,2091,747,1344
116000139,3020,7429,-4409
116000140,294,397,-103
116000141,665,496,169
116000142,3762,1991,1771
116000143,2903,1071,1832
116000144,2644,2105,539
116000145,2690,978,1712
116000146,1432,187,1245
116000147,405,515,-110
116000148,1739,2311,-572
116000149,1146,1281,-135
116000151,908,999,-91
116000153,302,382,-80
116000155,327,728,-401
116000156,1134,485,649
116000157,166,12,154
116000158,835,140,695
116000159,16,17,-1
116000160,96,37,59
116000161,16,132,-116
116000162,123,427,-304
116000163,157,38,119
116000164,59,92,-33
116000177,134,788,-654
116000194,70,452,-382
116000195,1567,719,848
116000196,98,1,97
116000197,48,27,21
116000198,2170,1505,665
116000200,1049,1201,-152
116000201,697,848,-151
116000202,15,199,-184
116000203,1,24,-23
116000204,1,30,-29
116000205,0,59,-59
116000206,1,134,-133
116000207,5,53,-48
116000233,203,452,-249
116000287,550,142,408
116000288,501,206,295
116000292,113,178,-65
116000296,34,49,-15
116000297,312,6,306
116000304,225,18,207
116000305,29,63,-34
116000346,203,199,4
116000352,145,153,-8
116000354,88,45,43
116000357,4,21,-17
116000358,751,183,568
116000361,277,0,277
116000372,5182,11523,-6341
116000381,225,2,223
116000388,3,31,-28
116000389,922,439,483
116000445,1659,221,1438
116000446,842,212,630
116000447,49,447,-398
116000448,736,83,653
116000563,816,922,-106
116000565,42,343,-301
116000568,39,479,-440
116000579,31,129,-98
116000583,201,64,137
116000584,60,2,58
116000585,98,59,39
116000586,98,170,-72
116000587,503,293,210
116000589,53,80,-27
116000590,246,87,159
116000591,325,141,184
116000592,26,19,7
116000593,0,24,-24
116000594,2085,63,2022
116000595,1181,26,1155
116000596,263,2,261
116000597,834,369,465
116000598,25,96,-71
116000605,217,95,122
116000606,58,601,-543
116000607,4,133,-129
116000609,50,2014,-1964
116000611,476,161,315
116000612,2736,1875,861
116000613,1042,430,612
116000614,620,260,360
116000615,2,1048,-1046
116000616,79,157,-78
116000617,268,17,251
116000618,1,49,-48
116000619,25,75,-50
116000620,518,236,282
116000621,197,62,135
116000622,216,102,114
116000624,87,151,-64
116000627,103,34,69
116000628,81,201,-120
116000629,32,194,-162
116000630,1307,30,1277
116000631,729,39,690
116000632,1755,24,1731
116000633,525,117,408
116000634,694,77,617
116000635,3179,5433,-2254
116000636,740,3093,-2353
116000637,1160,10,1150
116000638,222,174,48
116000639,207,2,205
116000640,83,105,-22
116000641,52,50,2
116000643,0,66,-66
116000644,64,203,-139
116000645,52,8,44
116900001,460,149,311
116900002,313,4,309
116900003,47,7,40
116900004,72,116,-44
116900005,340,43,297
116900006,83,141,-58
116900007,193,478,-285
116900008,1410,77,1333
116900009,15,8,7
116900010,1708,523,1185
116900011,5,29,-24
116900012,278,359,-81
116900013,6,17,-11
116900014,297,33,264
116900015,943,78,865
116900016,355,2,353
116900017,71,249,-178
116900018,107,135,-28
116900019,2,117,-115
116900020,413,2816,-2403
116900023,27,1,26
116900024,1416,37,1379
116900025,2048,624,1424
116900026,41,536,-495
116900027,74,20,54
116900028,0,25,-25
116900029,1,218,-217
116900031,0,4,-4
116900032,0,44,-44
116900033,32,6,26
116900034,0,31,-31
116900035,189,284,-95
116900036,8,112,-104
116900038,13,5,8
116900041,157,6,151
116900042,150,196,-46
116900043,13,63,-50
116900047,43,383,-340
116900049,8,251,-243
116900050,35,333,-298
116900051,679,19,660
116900052,310,55,255
116900055,0,21,-21
116900057,32,104,-72
116900058,7,304,-297
116900059,0,40,-40
116900060,114,546,-432
116900062,3,65,-62
116900064,106,186,-80
116900065,13,130,-117
116900067,117,53,64
116900068,188,111,77
116900070,5,24,-19
116900072,84,81,3
116900073,9,96,-87
116900074,3,20,-17
116900076,13,93,-80
116900077,3,29,-26
116900078,129,22,107
116900079,49,140,-91
116900080,16,10,6
116900081,168,720,-552
116900082,63,1149,-1086
116900083,2,4,-2
116900084,60,65,-5
116900085,0,115,-115
116900086,25,256,-231
116900088,337,17,320
116900090,11,18,-7
116900091,933,61,872
116900092,140,299,-159
116900093,3963,1175,2788
116900094,5069,7601,-2532
116900095,458,782,-324
116900096,130,548,-418
116900097,1381,5747,-4366
116900098,1130,441,689
116900099,209,1298,-1089
116900100,1371,101,1270
116900101,234,1016,-782
116900103,11,0,11
116900104,8,555,-547
116900105,403,198,205
116900106,1564,4,1560
116900107,1363,4393,-3030
116900110,47,1,46
116900111,1423,168,1255
116900112,220,317,-97
116900113,839,4162,-3323
116900116,24,1159,-1135
116900117,367,105,262
116900118,1838,928,910
116900120,490,60,430
116900121,375,18,357
116900122,1577,245,1332
116900123,1068,208,860
116900124,76,365,-289
116900125,924,113,811
116900126,145,797,-652
116900128,7,46,-39
116900129,0,146,-146
116900130,1696,5697,-4001
116900131,43,269,-226
116900132,129,77,52
116900133,280,171,109
116900134,294,384,-90
116900136,382,105,277
116900137,386,166,220
116900138,199,107,92
116900139,82,177,-95
116900140,169,63,106
116900141,417,149,268
116900142,2,27,-25
116900143,347,93,254
116900144,57,9,48
116900145,94,135,-41
116900147,183,2728,-2545
116900148,9,11,-2
116900149,33,277,-244
116900150,11,4,7
116900151,98,63,35
116900153,202,126,76
116900154,161,681,-520
116900155,109,125,-16
116900157,1378,50,1328
116900158,115,455,-340
116900159,156,787,-631
116900160,1071,637,434
116900161,6050,14572,-8522
116900162,59,153,-94
116900163,425,23,402
116900164,187,38,149
116900165,940,439,501
116900166,113,78,35
116900167,639,33,606
116900168,964,23,941
116900169,211,2914,-2703
116900170,790,375,415
116900171,81,83,-2
116900172,102,861,-759
116900173,504,5,499
116900174,98,221,-123
116900175,397,678,-281
116900178,89,72,17
116900179,9,556,-547
116900180,82,8,74
116900182,1330,265,1065
116900183,376,113,263
116900185,30,19,11
116900186,90,21,69
116900187,27,63,-36
116900188,170,10,160
116900189,37,1,36
116900191,122,200,-78
116900192,511,125,386
116900194,154,2177,-2023
116900195,94,3,91
116900196,68,21,47
116900197,201,12,189
116900198,51,510,-459
116900200,140,1,139
116900201,421,3,418
116900202,48,44,4
116900203,145,3,142
116900204,57,533,-476
116900206,70,4,66
116900207,12,63,-51
116900208,16,49,-33
116900209,42,28,14
116900210,757,438,319
116900211,226,2,224
116900212,255,8,247
116900213,344,152,192
116900214,389,437,-48
116900215,132,64,68
116900216,638,310,328
116900218,0,165,-165
116900219,354,198,156
116900220,189,301,-112
116900221,256,255,1
116900222,495,245,250
116900223,49,126,-77
116900226,205,19,186
116900227,322,50,272
116900228,389,242,147
116900230,61,67,-6
116900231,134,129,5
116900232,40,205,-165
116900233,396,88,308
116900234,13,8,5
116900235,631,214,417
116900238,693,217,476
116900239,76,864,-788
116900240,4995,5270,-275
116900241,115,18,97
116900242,723,2106,-1383
116900243,0,9,-9
116900245,52,91,-39
116900246,150,40,110
116900247,1146,6,1140
116900248,40,10,30
116900249,610,27,583
116900250,837,56,781
116900251,266,1720,-1454
116900252,293,568,-275
116900254,72,148,-76
116900255,184,253,-69
116900256,1216,222,994
116900257,20,223,-203
116900258,0,26,-26
116900259,305,9,296
116900260,2,7,-5
116900261,162,6,156
116900262,162,37,125
116900263,3,13,-10
116900264,145,140,5
116900265,248,1,247
116900266,36,11,25
116900267,23,2,21
116900268,63,131,-68
116900269,545,2557,-2012
116900271,778,930,-152
116900272,745,800,-55
116900273,28,1104,-1076
116900274,238,42,196
116900275,453,87,366
116900276,286,654,-368
116900277,127,81,46
116900278,0,1,-1
116900279,7,24,-17
116900280,102,14,88
116900281,3098,6840,-3742
116900282,0,5,-5
116900283,3,7,-4
116900284,3,114,-111
116900285,130,704,-574
116900286,45,12,33
116900287,1,15,-14
116900288,216,16,200
116900289,22,1,21
116900290,27,4,23
116900291,22,5,17
116900292,0,49,-49
116900293,82,5,77
116900294,7,166,-159
116900295,210,560,-350
116900296,61,417,-356
116900297,0,119,-119
116900298,68,291,-223
116900299,5,378,-373
116900300,2,126,-124
116900301,33,1087,-1054
116900302,17,318,-301
116900303,277,317,-40
116900304,0,151,-151
116900305,70,85,-15
116900306,608,83,525
116900307,190,2,188
116900308,0,46,-46
116900309,333,24,309
116900310,42,82,-40
116900311,6,212,-206
117000001,3754,6973,-3219
117000002,2341,7052,-4711
117000003,7656,6294,1362
117000004,2412,9349,-6937
117000005,6121,4565,1556
117000006,1272,3474,-2202
117000007,10724,2235,8489
117000008,1549,3973,-2424
117000009,6684,2073,4611
117000010,1299,2822,-1523
117000011,4456,1963,2493
117000012,2317,1219,1098
117000013,3981,2029,1952
117000014,1986,2926,-940
117000015,5016,2658,2358
117000016,455,793,-338
117000017,134,3742,-3608
117000018,135,1351,-1216
117000019,102,113,-11
117000020,1321,2687,-1366
117000021,4855,1280,3575
117000022,234,711,-477
117000023,98,1410,-1312
117000024,75,1960,-1885
117000025,185,7664,-7479
117000026,1847,6045,-4198
117000027,2414,4869,-2455
117000028,1423,4244,-2821
117000030,539,621,-82
117000031,872,900,-28
117000032,1780,2705,-925
117000033,2450,1687,763
117000034,331,452,-121
117000035,733,986,-253
117000036,721,657,64
117000037,605,516,89
117000038,490,1015,-525
117000039,495,649,-154
117000040,137,687,-550
117000041,1226,224,1002
117000044,6,678,-672
117000045,2044,455,1589
117000046,703,1969,-1266
117000047,1503,1554,-51
117000048,2024,1792,232
117000049,17,554,-537
117000050,623,1389,-766
117000051,3889,65,3824
117000052,72,135,-63
117000053,1102,13,1089
117000054,2440,8,2432
117000055,6,1340,-1334
117000056,1021,54,967
117000057,716,1723,-1007
117000060,597,2127,-1530
117000061,3842,3419,423
117000062,234,1698,-1464
117000063,2488,1245,1243
117000064,1018,1234,-216
117000066,542,1248,-706
117000067,110,742,-632
117000074,25,293,-268
117000076,62,44,18
117000077,326,127,199
117000078,248,889,-641
117000079,440,280,160
117000080,0,1183,-1183
117000081,1253,281,972
117000082,51,188,-137
117000083,901,652,249
117000084,319,1,318
117000085,661,958,-297
117000086,1203,291,912
117000087,249,810,-561
117000088,564,243,321
117000089,4109,240,3869
117000090,399,830,-431
117000091,1958,249,1709
117000092,660,852,-192
117000093,3148,787,2361
117000094,1295,1395,-100
117000095,4132,806,3326
117000096,1332,1171,161
117000097,3458,1220,2238
117000098,1693,2243,-550
117000099,6799,1585,5214
117000100,369,313,56
117000101,134,681,-547
117000102,3357,811,2546
117000103,769,1065,-296
117000104,2586,901,1685
117000105,487,1118,-631
117000106,3133,888,2245
117000107,761,1454,-693
117000108,3673,1280,2393
117000109,1241,2108,-867
117000110,2831,2833,-2
117000111,5527,6224,-697
117000112,5513,1439,4074
117000113,314,106,208
117000114,349,132,217
117000115,143,67,76
117000116,352,272,80
117000117,2773,1545,1228
117000118,814,930,-116
117000119,206,1427,-1221
117000120,50,3346,-3296
117000121,37,1717,-1680
117000122,2507,2619,-112
117000123,5729,87,5642
117000124,82,531,-449
117000125,46,1846,-1800
117000126,31,164,-133
117000127,145,1587,-1442
117000128,107,3660,-3553
117000129,491,2625,-2134
117000130,606,61,545
117000131,0,237,-237
117000132,7354,120,7234
117000133,5038,30,5008
117000134,2,542,-540
117000135,5,258,-253
117000136,0,77,-77
117000137,544,206,338
117000138,21,1805,-1784
117000140,562,914,-352
117000141,2968,623,2345
117000181,570,142,428
117000182,3312,1273,2039
117000195,135,544,-409
117000196,490,280,210
117000225,20,333,-313
117000226,6,442,-436
117000276,623,27,596
117000277,0,99,-99
117000310,1193,3394,-2201
117000315,439,1074,-635
117000320,141,0,141
117000906,941,24,917
117000907,4,205,-201
117000909,272,197,75
117000910,373,135,238
117000911,56,148,-92
117000915,4,128,-124
117000916,150,13,137
117000917,2430,87,2343
117000918,407,76,331
117000919,1,44,-43
117000920,2,1057,-1055
117000921,0,299,-299
117000922,31,94,-63
117000924,1668,1562,106
117000926,1900,1311,589
117000927,267,665,-398
117000928,0,231,-231
117000929,1550,203,1347
117000930,1365,25,1340
117000931,183,186,-3
117900002,41,1198,-1157
117900003,65,238,-173
117900005,5,384,-379
117900006,2,78,-76
117900007,214,106,108
117900008,0,13,-13
117900010,626,99,527
117900011,37,1636,-1599
117900012,151,34,117
117900013,2,296,-294
117900014,1377,424,953
117900015,18,201,-183
117900016,1476,1437,39
117900017,2575,1723,852
117900018,473,1080,-607
117900019,1582,540,1042
117900020,68,369,-301
117900021,29,344,-315
117900023,4775,139,4636
117900024,182,249,-67
117900025,23,2,21
117900026,878,335,543
117900028,85,14,71
117900029,701,1234,-533
117900031,593,1337,-744
117900032,1386,714,672
117900033,1058,822,236
117900034,162,68,94
117900035,506,310,196
117900036,636,302,334
117900037,358,77,281
117900038,81,71,10
117900039,0,35,-35
117900040,204,118,86
117900041,1,22,-21
117900042,3363,964,2399
117900043,3,24,-21
117900044,103,9562,-9459
117900045,646,120,526
117900048,541,123,418
117900049,798,1468,-670
117900050,18,1162,-1144
117900051,110,28,82
117900052,130,802,-672
117900053,2808,138,2670
117900054,0,15,-15
117900055,3713,477,3236
117900056,35,465,-430
117900057,1467,950,517
117900058,44,312,-268
117900059,112,353,-241
117900060,3148,1703,1445
117900061,37,507,-470
117900063,1244,341,903
117900065,347,1135,-788
117900066,5,221,-216
117900067,1729,287,1442
117900069,2436,195,2241
117900070,28,494,-466
117900071,344,198,146
117900073,1343,269,1074
117900074,37,716,-679
117900075,164,117,47
117900076,109,294,-185
117900077,993,106,887
117900078,742,749,-7
117900080,400,53,347
117900081,264,321,-57
117900082,1257,454,803
117900083,1277,932,345
117900086,452,92,360
117900087,133,38,95
117900088,637,1183,-546
117900089,3621,744,2877
117900090,1478,855,623
117900091,128,94,34
117900092,271,137,134
117900093,122,29,93
117900094,102,72,30
117900095,1144,5112,-3968
117900096,414,905,-491
117900097,122,25,97
117900098,93,39,54
117900099,627,1966,-1339
117900100,854,2,852
117900101,1609,3656,-2047
117900102,74,24,50
117900103,159,4,155
117900104,2,588,-586
117900105,65,244,-179
117900106,98,27,71
117900107,124,0,124
117900109,1318,342,976
117900110,447,2,445
117900111,1675,177,1498
117900112,119,1,118
117900113,1372,3411,-2039
117900114,66,0,66
117900115,75,730,-655
117900116,698,644,54
117900117,987,184,803
117900118,329,0,329
117900119,438,49,389
117900120,1204,38,1166
117900121,261,172,89
117900122,678,8893,-8215
117900123,2056,682,1374
117900124,255,731,-476
117900125,2198,1177,1021
117900126,221,237,-16
117900127,1208,289,919
117900128,612,226,386
117900129,239,11,228
117900130,897,328,569
117900131,22,81,-59
117900132,4,43,-39
117900133,29,35,-6
117900134,38,150,-112
117900135,31,29,2
117900136,0,12,-12
117900137,22,164,-142
117900138,0,9,-9
117900139,115,182,-67
117900140,13685,219,13466
117900141,56,667,-611
117900142,63,863,-800
117900144,46,2147,-2101
117900145,11,580,-569
117900146,232,456,-224
117900147,149,157,-8
117900148,5372,6291,-919
117900149,105,111,-6
117900150,116,74,42
117900151,67,391,-324
117900152,119,159,-40
117900153,27,215,-188
117900154,1215,946,269
117900156,384,505,-121
117900157,73,809,-736
117900158,288,101,187
117900160,1185,904,281
117900161,790,1005,-215
117900162,1414,660,754
117900163,55,1557,-1502
117900165,0,13,-13
117900166,43,475,-432
117900168,173,81,92
117900169,2,94,-92
117900170,1,33,-32
117900171,0,2,-2
117900172,6,7,-1
117900173,37,46,-9
117900174,24,66,-42
117900175,1,9,-8
117900176,21,10,11
117900177,30,26,4
117900178,74,24,50
117900180,198,49,149
117900181,88,579,-491
117900182,0,90,-90
117900183,167,253,-86
117900184,68,103,-35
117900185,62,6,56
117900186,63,36,27
117900187,19,7,12
117900188,192,22,170
117900189,84,55,29
117900190,13,0,13
117900191,125,0,125
117900192,201,2,199
117900193,0,51,-51
117900194,11,16,-5
117900195,6,37,-31
117900196,21,34,-13
117900207,55,128,-73
117900208,47,54,-7
117900209,287,137,150
117900210,83,93,-10
117900211,1,102,-101
117900212,155,226,-71
117900213,57,5,52
117900214,16,13,3
117900215,258,16,242
117900216,164,145,19
117900217,153,240,-87
117900218,157,307,-150
117900219,27,390,-363
117900220,13,679,-666
117900222,305,150,155
117900223,140,585,-445
118000001,768,4949,-4181
118000002,431,1268,-837
118000003,2682,10004,-7322
118000004,1229,12233,-11004
118000005,5322,3029,2293
118000006,9694,6001,3693
118000007,5200,12011,-6811
118000008,1049,9974,-8925
118000009,2145,4966,-2821
118000010,4587,5014,-427
118000011,3442,1358,2084
118000012,1571,1986,-415
118000013,4445,4309,136
118000014,2970,2213,757
118000016,509,142,367
118000017,877,406,471
118000018,496,146,350
118000019,1214,2885,-1671
118000020,609,2332,-1723
118000021,962,3943,-2981
118000022,1049,714,335
118000023,689,543,146
118000024,377,945,-568
118000027,16404,7597,8807
118000029,896,530,366
118000032,349,2462,-2113
118000033,1693,5611,-3918
118000034,3389,5425,-2036
118000035,2389,2833,-444
118000036,1161,1608,-447
118000037,1094,3758,-2664
118000038,1088,147,941
118000039,203,88,115
118000040,2496,2753,-257
118000041,5757,2186,3571
118000045,276,339,-63
118000046,1173,2144,-971
118000047,573,4550,-3977
118000048,1406,5438,-4032
118000051,947,4706,-3759
118000052,574,1944,-1370
118000053,403,1485,-1082
118000054,5687,694,4993
118000055,4482,1841,2641
118000056,68,792,-724
118000057,87,371,-284
118000058,2018,9558,-7540
118000059,1514,5207,-3693
118000060,1745,924,821
118000061,1384,1861,-477
118000062,534,282,252
118000063,398,1249,-851
118000064,711,1870,-1159
118000065,1786,2635,-849
118000066,2482,5520,-3038
118000067,476,956,-480
118000068,877,15233,-14356
118000069,981,2181,-1200
118000070,10737,4130,6607
118000071,5161,14958,-9797
118000072,601,5687,-5086
118000073,473,2627,-2154
118000074,529,1638,-1109
118000075,679,635,44
118000076,2773,12605,-9832
118000077,1482,3831,-2349
118000078,2256,4553,-2297
118000079,417,648,-231
118000080,652,2695,-2043
118000081,1542,2876,-1334
118000082,550,1669,-1119
118000083,1604,2373,-769
118000084,2035,3030,-995
118000086,207,835,-628
118000087,6965,3225,3740
118000088,1177,2629,-1452
118000089,5199,4967,232
118000090,1308,5409,-4101
118000091,1510,6063,-4553
118000092,1382,1033,349
118000093,157,816,-659
118000096,1016,1108,-92
118000097,762,1232,-470
118000098,200,438,-238
118000099,1261,404,857
118000101,2840,683,2157
118000102,774,861,-87
118000107,4505,677,3828
118000108,1318,7501,-6183
118000110,2,72,-70
118000111,1,213,-212
118000112,2515,4,2511
118000113,19,402,-383
118000114,1522,28,1494
118000115,12,11,1
118000116,94,1,93
118000117,842,2245,-1403
118000118,1492,3251,-1759
118000119,1665,3164,-1499
118000120,1523,1406,117
118000121,21,945,-924
118000122,733,449,284
118000123,165,492,-327
118000125,1457,3725,-2268
118000126,631,4439,-3808
118000127,1193,1982,-789
118000128,363,3207,-2844
118000129,2417,1408,1009
118000130,3064,4702,-1638
118000131,631,1842,-1211
118000132,3893,3557,336
118000133,3009,1492,1517
118000135,614,1530,-916
118000136,231,2481,-2250
118000137,589,541,48
118000138,588,562,26
118000139,817,248,569
118000140,6288,13089,-6801
118000141,3298,1835,1463
118000142,4802,2081,2721
118000143,4480,1908,2572
118000144,1013,438,575
118000145,1848,1133,715
118000146,2006,449,1557
118000147,1930,893,1037
118000148,2167,1948,219
118000149,1518,372,1146
118000150,1163,356,807
118000151,1078,249,829
118000153,2449,968,1481
118000154,3806,1752,2054
118000155,3183,1059,2124
118000156,2968,5536,-2568
118000157,1127,426,701
118000158,376,797,-421
118000159,103,146,-43
118000160,985,393,592
118000161,900,445,455
118000162,2298,1216,1082
118000163,1528,1432,96
118000164,2946,2141,805
118000168,352,1150,-798
118000169,1384,1014,370
118000170,3809,2897,912
118000171,501,615,-114
118000172,149,229,-80
118000173,1458,1822,-364
118000175,268,351,-83
118000176,627,394,233
118000177,384,881,-497
118000178,50,42,8
118000179,924,844,80
118000180,630,556,74
118000181,577,170,407
118000182,392,193,199
118000183,360,390,-30
118000184,1861,509,1352
118000185,521,2528,-2007
118000186,466,1855,-1389
118000187,4105,579,3526
118000188,1125,52,1073
118000189,1474,463,1011
118000190,8,54,-46
118000191,24,48,-24
118000192,35,332,-297
118000193,53,230,-177
118000194,2721,840,1881
118000195,262,8771,-8509
118000196,89,1719,-1630
118000197,196,555,-359
118000198,445,2813,-2368
118000199,784,5021,-4237
118000200,60,1582,-1522
118000201,48,1619,-1571
118000202,39,1199,-1160
118000203,434,1828,-1394
118000204,67,852,-785
118000205,96,486,-390
118000206,256,642,-386
118000207,0,107,-107
118000208,2697,1811,886
118000209,3621,1001,2620
118000210,181,32,149
118000211,188,34,154
118000213,592,8005,-7413
118000214,410,1295,-885
118000215,146,68,78
118000216,14637,3212,11425
118000217,8,43,-35
118000218,197,17,180
118000219,213,356,-143
118000220,88,49,39
118000221,918,1021,-103
118000222,72,6,66
118000223,83,40,43
118000224,250,78,172
118000225,251,2454,-2203
118000226,1832,207,1625
118000227,1857,704,1153
118000228,89,518,-429
118000229,32,1627,-1595
118000230,45,455,-410
118000231,36,803,-767
118000232,1565,358,1207
118000233,1698,655,1043
118000234,769,123,646
118000236,320,763,-443
118000237,190,200,-10
118000238,386,253,133
118000239,457,777,-320
118000240,117,94,23
118000241,375,192,183
118000242,688,193,495
118000243,456,144,312
118000244,201,62,139
118000246,3,156,-153
118000255,62,446,-384
118000256,225,282,-57
118000259,29,120,-91
118000260,345,91,254
118000261,105,31,74
118000263,219,217,2
118000266,258,283,-25
118000267,0,772,-772
118000268,470,28,442
118000270,446,3,443
118000271,285,223,62
118000272,72,6,66
118000273,505,48,457
118000274,76,496,-420
118000276,400,179,221
118000295,36,212,-176
118000298,232,118,114
118000299,135,87,48
118000301,4,347,-343
118000302,136,35,101
118000311,1935,77,1858
118000312,664,125,539
118000313,110,34,76
118000314,269,15,254
118000315,107,7,100
118000316,1451,482,969
118000325,106,37,69
118000326,82,31,51
118000331,37,8,29
118000332,37,16,21
118000333,50,50,0
118000335,1014,1,1013
118000336,1,252,-251
118000407,413,33,380
118000457,3,124,-121
118000465,605,3033,-2428
118000480,156,56,100
118000489,18,756,-738
118000490,28,458,-430
118000492,797,163,634
118000510,88,25,63
118000514,88,898,-810
118000515,488,1997,-1509
118000517,813,242,571
118000524,150,630,-480
118000525,577,648,-71
118000530,16,282,-266
118000531,657,319,338
118000532,428,248,180
118000533,401,138,263
118000534,1055,472,583
118000535,533,145,388
118000536,45,632,-587
118000537,15,179,-164
118000538,21,179,-158
118000539,17,159,-142
118000540,233,427,-194
118000541,49,191,-142
118000542,208,673,-465
118000543,305,676,-371
118000546,34,44,-10
118000553,0,0,0
118000557,0,0,0
118000560,1573,3460,-1887
118000562,106,157,-51
118000563,2073,940,1133
118000576,502,67,435
118000577,346,262,84
118000578,257,66,191
118000579,883,3233,-2350
118000583,0,0,0
118000595,355,91,264
118000596,3,1101,-1098
118000597,275,113,162
118000598,20,1,19
118000599,321,71,250
118000600,1,9,-8
118000601,4,0,4
118000602,1,2,-1
118000603,1,59,-58
118000605,179,207,-28
118000606,61,18,43
118900001,748,1266,-518
118900002,1321,1256,65
118900003,336,2,334
118900004,186,138,48
118900005,68,4,64
118900006,197,0,197
118900007,1,3,-2
118900008,1784,64,1720
118900009,135,77,58
118900010,50,9,41
118900011,95,1,94
118900012,353,366,-13
118900013,2282,483,1799
118900015,326,29,297
118900016,0,0,0
118900017,17,383,-366
118900018,1389,30,1359
118900019,6,2,4
118900020,14,300,-286
118900021,71,1400,-1329
118900022,148,34,114
118900023,125,308,-183
118900024,74,157,-83
118900025,14,54,-40
118900026,61,20,41
118900027,857,187,670
118900028,239,137,102
118900029,167,537,-370
118900030,845,71,774
118900031,131,33,98
118900032,308,87,221
118900033,424,832,-408
118900034,285,32,253
118900035,147,76,71
118900036,1856,422,1434
118900037,287,925,-638
118900038,656,58,598
118900039,901,164,737
118900040,163,133,30
118900041,1203,554,649
118900042,114,39,75
118900045,202,202,0
118900046,235,338,-103
118900047,438,813,-375
118900048,144,616,-472
118900049,204,41,163
118900050,95,16,79
118900051,51,393,-342
118900052,208,653,-445
118900053,32,159,-127
118900054,245,36,209
118900055,262,7,255
118900056,21,595,-574
118900057,964,494,470
118900058,723,576,147
118900059,55,195,-140
118900060,210,74,136
118900062,266,91,175
118900064,309,693,-384
118900065,77,164,-87
118900066,194,98,96
118900067,5093,5444,-351
118900068,3,597,-594
118900069,812,353,459
118900071,4,3,1
118900072,1258,1076,182
118900073,412,124,288
118900074,336,61,275
118900075,345,9,336
118900076,363,360,3
118900077,596,133,463
118900078,2,0,2
118900079,44,154,-110
118900080,99,32,67
118900081,60,102,-42
118900082,2997,308,2689
118900083,34,1,33
118900084,7,18,-11
118900085,480,407,73
118900086,67,160,-93
118900087,146,1382,-1236
118900088,0,1,-1
118900089,7,21,-14
118900090,461,161,300
118900091,216,361,-145
118900092,370,64,306
118900093,59,18,41
118900096,14,323,-309
118900097,386,614,-228
118900099,77,154,-77
118900100,67,282,-215
118900101,158,90,68
118900102,28,159,-131
118900103,11,106,-95
118900104,413,99,314
118900105,151,52,99
118900107,97,30,67
118900108,145,128,17
118900110,1153,1166,-13
118900111,1242,375,867
118900112,274,505,-231
118900113,397,346,51
118900114,8,209,-201
118900115,47,536,-489
118900116,82,174,-92
118900117,183,110,73
118900118,360,408,-48
118900119,320,305,15
118900120,79,339,-260
118900121,34,220,-186
118900122,1,1083,-1082
118900123,200,251,-51
118900124,183,306,-123
118900126,49,292,-243
118900129,442,197,245
118900130,17,269,-252
118900131,797,162,635
118900132,381,273,108
118900133,16,295,-279
118900135,371,222,149
118900136,512,337,175
118900137,5,192,-187
118900139,716,221,495
118900140,925,463,462
118900141,211,157,54
118900144,490,287,203
118900145,22,267,-245
118900146,770,360,410
118900147,154,1328,-1174
118900148,88,25,63
118900150,685,771,-86
118900152,538,411,127
118900157,52,410,-358
118900158,253,23,230
118900159,0,183,-183
118900161,63,41,22
118900163,96,85,11
118900164,0,66,-66
118900165,71,58,13
118900166,0,0,0
118900167,73,10,63
118900168,56,202,-146
118900169,190,105,85
118900170,333,45,288
118900171,95,27,68
118900174,61,39,22
118900175,691,230,461
118900176,258,169,89
118900177,107,3,104
118900178,81,70,11
118900179,109,14,95
118900181,210,64,146
118900182,27,24,3
118900183,51,214,-163
118900184,210,51,159
118900185,514,40,474
118900186,78,318,-240
118900187,108,945,-837
118900188,350,406,-56
118900189,58,763,-705
118900190,94,196,-102
118900191,800,41,759
118900192,760,26,734
118900193,1548,7,1541
118900195,167,507,-340
118900196,58,177,-119
118900197,381,113,268
118900198,56,5,51
118900199,190,1,189
118900200,32,16,16
118900201,44,50,-6
118900202,1,65,-64
118900203,56,9,47
118900204,9,23,-14
118900205,0,1,-1
118900206,0,4,-4
119000001,1911,2404,-493
119000002,4058,3811,247
119000003,4853,1207,3646
119000004,3330,3180,150
119000005,2996,3439,-443
119000006,6804,2059,4745
119000007,5053,4913,140
119000008,2893,2546,347
119000009,3229,9264,-6035
119000010,4858,5476,-618
119000011,2010,2767,-757
119000012,1085,3452,-2367
119000013,3539,1961,1578
119000014,1900,2245,-345
119000019,330,113,217
119000020,3437,1831,1606
119000021,6905,4871,2034
119000022,1215,5356,-4141
119000023,316,446,-130
119000024,2013,31045,-29032
119000025,4911,1295,3616
119000026,48,536,-488
119000027,127,459,-332
119000028,2011,614,1397
119000029,33,272,-239
119000030,848,699,149
119000031,1283,356,927
119000032,1425,1476,-51
119000033,1641,696,945
119000034,1786,584,1202
119000035,42,192,-150
119000036,3393,692,2701
119000037,2168,699,1469
119000038,491,266,225
119000039,2531,671,1860
119000040,1353,1097,256
119000041,1010,2273,-1263
119000048,2236,1517,719
119000049,4626,2525,2101
119000050,1333,1865,-532
119000051,3670,1637,2033
119000052,5295,2790,2505
119000053,3076,1153,1923
119000054,4109,1175,2934
119000055,8113,1525,6588
119000056,5870,1747,4123
119000057,2348,767,1581
119000058,1828,1252,576
119000059,1299,1650,-351
119000060,2186,845,1341
119000061,988,654,334
119000062,1069,1057,12
119000063,1035,1205,-170
119000064,1012,918,94
119000065,1440,3317,-1877
119000066,2559,1766,793
119000067,1764,1322,442
119000068,2446,822,1624
119000069,2421,1232,1189
119000070,3890,568,3322
119000071,379,419,-40
119000072,4938,2497,2441
119000073,4523,14887,-10364
119000074,2179,1501,678
119000075,5650,2570,3080
119000076,213,441,-228
119000077,610,316,294
119000078,697,287,410
119000079,454,444,10
119000080,1534,166,1368
119000081,271,800,-529
119000082,1692,272,1420
119000083,1056,785,271
119000084,499,396,103
119000085,810,176,634
119000086,592,1794,-1202
119000087,882,244,638
119000088,262,159,103
119000089,246,932,-686
119000090,236,100,136
119000091,244,284,-40
119000092,250,330,-80
119000093,5018,3044,1974
119000094,6180,7645,-1465
119000095,3617,7790,-4173
119000097,2067,1017,1050
119000098,1592,8507,-6915
119000099,2154,1070,1084
119000100,7001,4046,2955
119000101,2993,1448,1545
119000102,330,1760,-1430
119000103,572,478,94
119000104,1668,864,804
119000105,1311,4316,-3005
119000106,602,653,-51
119000107,2105,748,1357
119000108,1151,895,256
119000109,184,484,-300
119000110,272,275,-3
119000111,73,815,-742
119000112,179,156,23
119000113,728,348,380
119000114,1753,1855,-102
119000115,122,237,-115
119000116,176,138,38
119000117,84,490,-406
119000118,25,0,25
119000123,1643,4760,-3117
119000124,2132,251,1881
119000125,8396,516,7880
119000126,3560,635,2925
119000127,1378,450,928
119000128,18,2,16
119000131,1936,200,1736
119000132,2,1,1
119000133,1,5,-4
119000134,1660,846,814
119000135,262,159,103
119000136,612,118,494
119000137,357,138,219
119000138,1372,64,1308
119000139,127,72,55
119000140,307,382,-75
119000284,965,1685,-720
119000285,1651,1091,560
119000286,2941,2932,9
119000287,1256,1473,-217
119000288,2803,889,1914
119000289,1731,3408,-1677
119000290,295,394,-99
119000291,319,482,-163
119000293,695,328,367
119000294,70,20,50
119000295,2612,358,2254
119000296,568,346,222
119000302,2709,1179,1530
119000303,19,700,-681
119000314,1953,17280,-15327
119000315,0,78,-78
119000316,534,91,443
119000317,116,58,58
119000319,1882,198,1684
119900001,133,2915,-2782
119900002,423,203,220
119900003,95,302,-207
119900004,89,3061,-2972
119900005,388,62,326
119900006,61,526,-465
119900007,591,184,407
119900008,6,21,-15
119900009,484,236,248
119900010,754,288,466
119900011,13,375,-362
119900012,24,148,-124
119900013,1612,1497,115
119900014,577,103,474
119900015,463,49,414
119900016,69,124,-55
119900017,89,39,50
119900018,953,2079,-1126
119900019,125,2,123
119900020,85,197,-112
119900021,219,33,186
119900022,75,1059,-984
119900023,351,5209,-4858
119900025,490,23,467
119900026,668,124,544
119900027,2,11,-9
119900028,374,358,16
119900029,3,2,1
119900030,515,273,242
119900031,24,1218,-1194
119900033,713,218,495
119900034,1020,17,1003
119900037,360,11,349
119900038,14,502,-488
119900039,71,4,67
119900040,194,38,156
119900041,320,38,282
119900042,34,291,-257
119900043,225,67,158
119900044,179,752,-573
119900046,332,25,307
119900047,451,238,213
119900049,234,11,223
119900050,74,129,-55
119900051,2083,26,2057
119900052,178,13,165
119900053,395,113,282
119900054,842,27,815
119900055,1402,423,979
119900057,421,14,407
119900058,510,5,505
119900059,64,14,50
119900060,301,45,256
119900061,635,8,627
119900062,128,2,126
119900063,17,224,-207
119900065,284,9,275
119900067,130,7,123
119900068,1155,1,1154
119900069,111,3,108
119900070,1003,5,998
119900071,883,28,855
119900073,1307,176,1131
119900074,0,93,-93
119900075,1553,1748,-195
119900076,239,33,206
119900077,1369,222,1147
119900078,653,326,327
119900079,1181,65,1116
119900080,501,320,181
119900081,1593,8,1585
119900082,1816,130,1686
119900083,623,38,585
119900084,422,712,-290
119900085,17,18,-1
119900086,477,359,118
119900087,204,1133,-929
119900088,16,20,-4
119900089,42,65,-23
119900090,44,7,37
119900091,34,215,-181
119900092,29,247,-218
119900093,3032,192,2840
119900094,12,246,-234
119900095,79,61,18
119900096,30,42,-12
119900097,52,199,-147
119900098,57,16,41
119900099,26,68,-42
119900100,403,2762,-2359
119900101,142,992,-850
119900102,39,117,-78
119900103,52,92,-40
119900104,28,35,-7
119900105,448,1710,-1262
119900106,7,76,-69
119900107,123,1037,-914
119900108,2786,544,2242
119900109,9,68,-59
119900110,806,524,282
119900111,401,125,276
119900112,749,1355,-606
119900113,24,181,-157
119900114,291,490,-199
119900115,507,188,319
119900116,73,531,-458
119900117,534,291,243
119900118,106,124,-18
119900119,474,131,343
119900120,483,265,218
119900121,912,335,577
119900122,21,78,-57
119900123,138,252,-114
119900124,456,240,216
119900125,16,204,-188
119900126,2023,111,1912
119900127,447,317,130
119900128,581,384,197
119900129,461,133,328
119900130,2,80,-78
119900131,53,71,-18
119900132,37,43,-6
119900133,162,64,98
119900134,436,69,367
119900135,0,139,-139
119900136,42,148,-106
119900138,106,315,-209
119900139,9,89,-80
119900140,0,47,-47
119900141,19,1217,-1198
119900142,0,16,-16
119900143,14,130,-116
119900144,1053,176,877
119900145,77,93,-16
119900146,212,78,134
119900147,0,151,-151
119900148,270,19,251
119900149,397,8503,-8106
119900150,46,113,-67
119900151,1873,909,964
119900152,213,112,101
119900153,214,62,152
119900154,20,383,-363
119900155,23,42,-19
119900156,14,1,13
119900157,312,131,181
119900158,199,59,140
119900159,6,265,-259
119900160,12,152,-140
119900161,81,100,-19
119900162,1513,495,1018
119900163,37,84,-47
119900164,0,4,-4
119900165,259,38,221
119900166,65,29,36
119900167,2,60,-58
119900168,2159,226,1933
119900169,74,313,-239
119900170,138,198,-60
119900171,845,252,593
119900172,28,11,17
119900173,12,126,-114
119900174,21,121,-100
119900175,2818,364,2454
119900177,23,105,-82
119900178,7,85,-78
119900179,282,1318,-1036
119900180,1799,641,1158
119900181,4,62,-58
119900182,148,116,32
119900183,102,661,-559
119900184,491,205,286
119900185,82,387,-305
119900186,8,2092,-2084
119900187,1,147,-146
119900188,228,289,-61
119900189,49,307,-258
119900190,108,399,-291
119900191,171,599,-428
119900192,45,244,-199
119900193,734,130,604
119900194,20,63,-43
119900195,7,152,-145
119900196,184,43,141
119900197,461,211,250
119900198,181,181,0
119900199,206,13,193
119900200,1057,412,645
119900201,198,127,71
119900202,52,330,-278
119900203,178,963,-785
119900204,270,287,-17
119900205,1686,188,1498
119900206,384,130,254
119900208,164,96,68
119900209,652,2829,-2177
119900210,90,11,79
119900211,40,5,35
119900212,1351,435,916
119900213,7,79,-72
119900214,125,19,106
119900215,48,5,43
119900216,36,6,30
119900217,7,4,3
119900218,2,68,-66
119900219,38,16,22
119900220,4,20,-16
119900221,37,40,-3
119900222,34,51,-17
119900223,6,16,-10
119900224,10,4,6
119900225,182,10,172
119900226,137,2225,-2088
119900227,182,111,71
119900228,13,146,-133
119900229,44,184,-140
119900230,635,138,497
119900231,303,54,249
119900232,134,57,77
119900233,75,1,74
119900234,4,144,-140
119900235,14,32,-18
119900236,14,129,-115
119900237,60,239,-179
119900238,1,56,-55
119900240,36,29,7
119900241,149,69,80
119900242,1941,1402,539
119900244,581,1048,-467
119900245,322,284,38
119900246,109,338,-229
119900247,4,53,-49
119900248,33,566,-533
119900249,346,50,296
119900253,1137,247,890
119900254,67,2079,-2012
119900255,96,599,-503
119900256,883,167,716
119900257,118,6,112
119900258,138,3,135
119900259,7,80,-73
119900260,241,13,228
119900261,966,80,886
119900262,0,153,-153
119900263,1938,136,1802
119900264,277,44,233
119900265,596,276,320
119900266,757,162,595
119900267,204,238,-34
119900268,400,79,321
119900269,1488,394,1094
119900271,10,89,-79
119900272,120,186,-66
119900275,284,167,117
119900276,239,12,227
119900277,23,33,-10
119900278,535,106,429
119900279,151,514,-363
119900280,539,29,510
119900281,0,370,-370
119900282,10,56,-46
119900283,41,38,3
119900284,19,131,-112
119900285,10,97,-87
119900286,0,26,-26
119900288,4,3,1
119900289,0,3,-3
119900290,0,8,-8
119900291,0,37,-37
119900292,24,77,-53
119900293,17,16,1
119900294,21,56,-35
119900295,41,14,27
119900296,73,17,56
119900297,1,5,-4
119900298,1,1,0
119900299,56,125,-69
119900300,290,218,72
119900301,62,405,-343
119900302,21,334,-313
119900303,437,137,300
119900304,244,9,235
119900305,6,80,-74
119900306,10,2,8
119900307,25,48,-23
119900308,0,45,-45
119900309,18,470,-452
119900310,219,245,-26
119900311,230,27,203
119900312,311,31,280
119900313,256,163,93
119900314,289,473,-184
119900315,3165,897,2268
119900318,22,106,-84
119900319,8,50,-42
119900320,262,126,136
119900321,252,16,236
120000001,10178,45319,-35141
120000002,3061,2720,341
120000003,2409,1122,1287
120000004,3573,1158,2415
120000005,2680,1386,1294
120000006,2158,1173,985
120000007,3452,6782,-3330
120000008,1597,1116,481
120000009,1745,973,772
120000010,3456,3041,415
120000011,1724,1792,-68
120000012,2480,1844,636
120000013,6112,4100,2012
120000014,1698,2354,-656
120000015,4552,2901,1651
120000016,5383,3116,2267
120000017,6082,5898,184
120000018,3813,25614,-21801
120000019,2013,2072,-59
120000020,2619,4286,-1667
120000021,2206,2600,-394
120000022,2710,3864,-1154
120000023,1730,2007,-277
120000024,1152,2496,-1344
120000025,3815,1825,1990
120000026,5125,2338,2787
120000027,3138,2263,875
120000028,884,2090,-1206
120000029,1265,1481,-216
120000030,225,1318,-1093
120000031,1880,6394,-4514
120000032,4272,2687,1585
120000033,5096,1485,3611
120000034,5162,1148,4014
120000035,4776,1858,2918
120000036,4775,6778,-2003
120000037,810,2297,-1487
120000038,3540,4074,-534
120000039,656,2110,-1454
120000040,110,1930,-1820
120000041,480,1313,-833
120000042,2552,1413,1139
120000043,6035,719,5316
120000044,8685,1218,7467
120000045,11886,845,11041
120000046,7305,5049,2256
120000047,769,15504,-14735
120000048,12280,5013,7267
120000049,6341,5562,779
120000050,4129,7948,-3819
120000051,2765,5042,-2277
120000052,5758,1206,4552
120000053,1752,1428,324
120000054,1524,2170,-646
120000055,1499,3015,-1516
120000056,4914,2977,1937
120000057,4875,870,4005
120000058,1441,1080,361
120000059,3,2192,-2189
120000061,227,654,-427
120000062,168,344,-176
120000063,501,1826,-1325
120000064,400,561,-161
120000065,366,835,-469
120000066,81,247,-166
120000067,13,128,-115
120000068,433,263,170
120000069,1274,220,1054
120000070,318,398,-80
120000071,1141,91,1050
120000072,1430,549,881
120000073,1454,16,1438
120000074,40,58,-18
120000075,1058,296,762
120000076,3977,359,3618
120000077,3657,759,2898
120000078,2594,1144,1450
120000079,950,479,471
120000080,328,368,-40
120000081,590,148,442
120000082,790,364,426
120000083,71,1377,-1306
120000084,338,244,94
120000085,336,220,116
120000086,299,226,73
120000087,357,214,143
120000088,1143,1030,113
120000089,1127,503,624
120000090,1217,536,681
120000091,1646,735,911
120000092,1132,336,796
120000093,1231,511,720
120000094,489,962,-473
120000095,1174,195,979
120000096,760,350,410
120000098,1297,562,735
120000099,536,571,-35
120000100,825,602,223
120000101,974,343,631
120000102,1528,1484,44
120000103,2471,1201,1270
120000104,3787,516,3271
120000105,5027,320,4707
120000106,5957,365,5592
120000107,10104,433,9671
120000108,3585,97,3488
120000109,1958,81,1877
120000110,40,779,-739
120000111,102,515,-413
120000112,396,1101,-705
120000113,586,972,-386
120000114,390,1201,-811
120000115,319,1148,-829
120000116,476,1341,-865
120000117,488,888,-400
120000118,87,81,6
120000119,67,78,-11
120000120,238,409,-171
120000121,31,62,-31
120000122,344,1639,-1295
120000123,2387,14115,-11728
120000124,617,777,-160
120000125,1737,489,1248
120000126,631,3468,-2837
120000127,878,2159,-1281
120000128,2858,6562,-3704
120000129,447,192,255
120000130,1553,581,972
120000131,794,613,181
120000134,327,263,64
120000135,1384,684,700
120000137,334,285,49
120000138,3094,194,2900
120000139,448,178,270
120000140,2661,167,2494
120000141,338,344,-6
120000142,1482,214,1268
120000143,0,46,-46
120000144,207,13,194
120000145,1310,1,1309
120000146,1191,2505,-1314
120000149,645,501,144
120000150,1798,15642,-13844
120000151,887,596,291
120000152,1525,158,1367
120000153,812,665,147
120000154,1205,1127,78
120000155,476,825,-349
120000156,804,4124,-3320
120000157,1629,747,882
120000158,1673,655,1018
120000159,2808,1546,1262
120000160,2607,2037,570
120000161,5389,3121,2268
120000162,234,546,-312
120000163,1341,605,736
120000164,825,133,692
120000165,1504,440,1064
120000166,2258,346,1912
120000167,252,230,22
120000168,4,545,-541
120000169,58,2005,-1947
120000170,8,2298,-2290
120000171,3,885,-882
120000172,8,490,-482
120000173,172,1379,-1207
120000174,13,54,-41
120000175,37,81,-44
120000176,31,97,-66
120000177,563,103,460
120000178,2,12,-10
120000179,10,41,-31
120000180,25,23,2
120000181,52,1127,-1075
120000182,10,1133,-1123
120000183,3,295,-292
120000184,221,1184,-963
120000186,23,1464,-1441
120000187,16,733,-717
120000188,22,738,-716
120000190,28,64,-36
120000191,58,84,-26
120000192,40,30,10
120000193,19,4,15
120000195,4,0,4
120000196,15,2,13
120000197,23,5,18
120000198,339,41,298
120000199,336,0,336
120000200,785,1,784
120000201,101,67,34
120000202,4,49,-45
120000203,399,95,304
120000207,5,27,-22
120000208,84,32,52
120000209,13,10,3
120000210,170,141,29
120000211,442,5,437
120000212,582,0,582
120000213,315,45,270
120000214,0,50,-50
120000215,8,46,-38
120000216,586,40,546
120000217,869,912,-43
120000218,4,440,-436
120000219,1,187,-186
120000220,3,436,-433
120000225,3452,4,3448
120000226,605,6,599
120000227,1254,141,1113
120000228,10801,6556,4245
120000230,910,37,873
120000231,2759,695,2064
120000233,951,8,943
120000235,486,434,52
120000236,1962,7,1955
120000237,1,718,-717
120000238,0,667,-667
120000241,1624,6438,-4814
120000412,91,0,91
120000413,1040,182,858
120000414,555,13,542
120000415,13,51,-38
120000416,262,19,243
120000417,26,111,-85
120000418,731,25,706
120000419,22,26,-4
120000420,76,10,66
120000421,8713,4266,4447
120000422,110,5365,-5255
120000423,8,175,-167
120000424,687,85,602
120000436,141,2137,-1996
120000437,75,172,-97
120000438,1762,300,1462
120000439,494,1149,-655
120000443,337,1,336
120000444,2709,645,2064
120000445,3215,2236,979
120000446,3073,243,2830
120000447,950,3,947
120000449,466,9,457
120000450,18,74,-56
120000451,335,214,121
120000452,479,1,478
120000453,0,45,-45
120000454,39,56,-17
120000455,215,78,137
120000456,1794,8031,-6237
120000457,261,340,-79
120000458,402,622,-220
120000459,252,158,94
120000665,46,393,-347
120000668,182,2256,-2074
120000669,616,159,457
120000670,76,597,-521
120000671,4314,1354,2960
120000672,118,421,-303
120900001,104,56,48
120900002,82,716,-634
120900003,242,30,212
120900004,9,227,-218
120900005,8,402,-394
120900006,1417,215,1202
120900007,455,71,384
120900008,775,226,549
120900009,387,20,367
120900010,1209,198,1011
120900011,16,424,-408
120900012,32,1616,-1584
120900013,427,105,322
120900014,1,311,-310
120900015,1278,86,1192
120900016,3380,115,3265
120900017,2021,13,2008
120900018,372,162,210
120900019,559,585,-26
120900020,408,718,-310
120900021,557,115,442
120900022,4,286,-282
120900023,535,52,483
120900024,1574,441,1133
120900025,1091,912,179
120900026,126,106,20
120900027,506,32,474
120900028,954,252,702
120900029,37,1496,-1459
120900030,4188,609,3579
120900031,458,68,390
120900032,2321,66,2255
120900033,2351,116,2235
120900034,30,5471,-5441
120900035,80,74,6
120900037,630,18,612
120900038,200,724,-524
120900039,210,34,176
120900040,549,3,546
120900041,28,29,-1
120900042,889,42,847
120900043,191,50,141
120900044,1,751,-750
120900045,71,40,31
120900046,1444,13,1431
120900047,297,205,92
120900048,325,9,316
120900049,755,1,754
120900050,1114,4527,-3413
120900051,388,80,308
120900052,1811,3,1808
120900053,668,14,654
120900054,637,297,340
120900055,1515,8,1507
120900056,1583,33,1550
120900057,641,7,634
120900058,1160,2,1158
120900059,280,6,274
120900060,70,4,66
120900061,234,142,92
120900062,886,3,883
120900063,2484,61,2423
120900064,1330,2,1328
120900065,1197,2,1195
120900066,650,56,594
120900067,254,161,93
120900068,596,1,595
120900069,1227,25,1202
120900071,25,0,25
120900072,2391,35,2356
120900073,1995,29,1966
120900074,1078,38,1040
120900076,874,0,874
120900077,1243,138,1105
120900078,1481,327,1154
120900079,1221,37,1184
120900080,2648,287,2361
120900081,3926,258,3668
120900082,258,578,-320
120900083,94,0,94
120900084,788,632,156
120900085,65,116,-51
120900086,61,1074,-1013
120900087,525,250,275
120900088,256,1085,-829
120900089,1833,6658,-4825
120900090,435,27,408
120900091,191,801,-610
120900092,125,229,-104
120900093,1026,92,934
120900094,172,203,-31
120900095,363,6,357
120900096,159,117,42
120900097,730,489,241
120900098,113,117,-4
120900099,29,83,-54
120900100,83,160,-77
120900101,26,140,-114
120900102,88,59,29
120900103,138,180,-42
120900104,29,52,-23
120900105,50,360,-310
120900106,315,248,67
120900107,75,129,-54
120900108,57,182,-125
120900109,47,305,-258
120900110,28,126,-98
120900111,201,149,52
120900112,34,208,-174
120900113,32,443,-411
120900114,5,184,-179
120900115,170,278,-108
120900116,1310,170,1140
120900117,20,84,-64
120900118,22,113,-91
120900119,9176,2309,6867
120900120,144,947,-803
120900121,18,298,-280
120900122,1584,196,1388
120900123,19,77,-58
120900124,1,97,-96
120900125,3,223,-220
120900126,613,600,13
120900127,27,134,-107
120900128,244,471,-227
120900129,12,85,-73
120900130,3,80,-77
120900131,295,163,132
120900132,1890,77,1813
120900133,38,486,-448
120900134,207,159,48
120900135,1,120,-119
120900136,64,101,-37
120900137,581,68,513
120900138,19,133,-114
120900139,2,112,-110
120900140,5,373,-368
120900141,174,238,-64
120900142,2,113,-111
120900143,0,104,-104
120900144,0,33,-33
120900145,177,580,-403
120900146,46,87,-41
120900147,652,25,627
120900148,152,97,55
120900149,0,98,-98
120900150,77,181,-104
120900151,228,80,148
120900152,612,22,590
120900153,0,0,0
120900154,5,114,-109
120900155,303,292,11
120900156,869,179,690
120900157,0,0,0
120900158,142,166,-24
120900159,0,35,-35
120900160,44,373,-329
120900161,30,266,-236
120900162,37,416,-379
120900163,191,836,-645
120900164,0,25,-25
120900165,2,69,-67
120900166,39,1098,-1059
120900167,75,82,-7
120900169,168,171,-3
120900170,159,7188,-7029
120900171,309,95,214
120900172,95,1825,-1730
120900173,19,29,-10
120900174,3,77,-74
120900175,229,70,159
120900176,11,480,-469
120900177,1,3241,-3240
120900178,11,249,-238
120900179,66,249,-183
120900180,43,294,-251
120900181,9,28,-19
120900182,68,85,-17
120900183,952,54,898
120900184,489,86,403
120900185,856,2873,-2017
120900186,0,96,-96
120900187,799,569,230
120900188,693,14,679
120900189,105,7538,-7433
120900190,575,5,570
120900191,429,15,414
120900192,5410,24342,-18932
120900194,131,166,-35
120900195,113,223,-110
120900196,320,174,146
120900197,967,89,878
120900198,134,248,-114
120900199,289,306,-17
120900200,6,127,-121
120900201,163,78,85
120900202,1,85,-84
120900203,35,92,-57
120900204,120,153,-33
120900205,104,27,77
120900206,93,54,39
120900207,12,527,-515
121000001,652,2988,-2336
121000002,2696,2340,356
121000003,8881,2792,6089
121000004,2865,3855,-990
121000005,3110,3682,-572
121000006,2824,3437,-613
121000007,3603,8330,-4727
121000008,3547,5516,-1969
121000009,5746,9511,-3765
121000010,6218,6292,-74
121000011,4806,7025,-2219
121000012,9958,4156,5802
121000013,7274,6317,957
121000014,6833,4676,2157
121000015,6020,9054,-3034
121000016,3986,5215,-1229
121000017,1727,1170,557
121000018,2449,1902,547
121000019,7652,5445,2207
121000020,7819,13449,-5630
121000021,2429,3253,-824
121000022,2455,3067,-612
121000023,2769,1262,1507
121000024,4573,5387,-814
121000025,367,1536,-1169
121000026,474,254,220
121000027,1793,1640,153
121000028,873,973,-100
121000029,976,835,141
121000030,631,833,-202
121000031,536,1034,-498
121000032,176,192,-16
121000034,693,1918,-1225
121000035,386,709,-323
121000036,914,1456,-542
121000037,617,1959,-1342
121000038,430,1116,-686
121000039,275,480,-205
121000041,441,424,17
121000042,202,407,-205
121000043,395,402,-7
121000044,1330,1114,216
121000045,721,492,229
121000046,1059,1138,-79
121000047,449,254,195
121000049,1040,697,343
121000050,316,2162,-1846
121000051,1017,731,286
121000052,674,1929,-1255
121000053,622,376,246
121000054,68,875,-807
121000055,1168,3916,-2748
121000056,1103,1668,-565
121000057,15,220,-205
121000058,455,350,105
121000059,3534,1550,1984
121000060,463,1355,-892
121000061,17,497,-480
121000062,130,1860,-1730
121000063,680,1465,-785
121000064,738,1023,-285
121000065,204,822,-618
121000066,841,2123,-1282
121000067,544,976,-432
121000068,443,761,-318
121000069,183,1570,-1387
121000070,1232,2387,-1155
121000071,2188,2611,-423
121000072,912,2352,-1440
121000073,1171,2070,-899
121000074,73,475,-402
121000075,20,232,-212
121000076,363,513,-150
121000077,164,183,-19
121000078,85,318,-233
121000080,3594,987,2607
121000081,5110,4593,517
121000082,0,0,0
121000083,104,552,-448
121000084,956,743,213
121000085,637,1000,-363
121000086,1480,457,1023
121000087,82,163,-81
121000088,754,695,59
121000089,123,550,-427
121000090,157,461,-304
121000091,1470,827,643
121000092,242,141,101
121000093,412,479,-67
121000094,284,754,-470
121000095,256,912,-656
121000096,7863,2390,5473
121000097,538,2550,-2012
121000098,566,448,118
121000099,918,514,404
121000100,643,131,512
121000101,436,136,300
121000102,475,137,338
121000103,281,101,180
121000104,353,44,309
121000105,417,69,348
121000106,249,134,115
121000107,2266,3862,-1596
121000109,1282,772,510
121000110,177,718,-541
121000114,5818,3486,2332
121000115,4653,892,3761
121000116,512,1198,-686
121000117,189,486,-297
121000118,1916,493,1423
121000119,380,301,79
121000120,549,384,165
121000121,288,3025,-2737
121000123,955,1181,-226
121000127,112,190,-78
121000128,1626,157,1469
121000129,1334,109,1225
121000130,628,581,47
121000131,1311,796,515
121000132,998,1271,-273
121000135,123,182,-59
121000136,955,2180,-1225
121000137,1561,403,1158
121000138,429,1636,-1207
121000139,146,565,-419
121000141,243,388,-145
121000142,1921,1889,32
121000143,111,27,84
121000144,495,665,-170
121000145,1062,869,193
121000146,1231,2367,-1136
121000147,1465,820,645
121000148,998,1235,-237
121000149,3171,3285,-114
121000152,364,524,-160
121000153,1658,641,1017
121000154,2453,752,1701
121000155,4563,1718,2845
121000156,489,1290,-801
121000157,995,1196,-201
121000158,167,285,-118
121000159,269,636,-367
121000160,666,935,-269
121000161,347,385,-38
121000162,218,79,139
121000165,998,1844,-846
121000166,80,611,-531
121000168,405,276,129
121000169,186,279,-93
121000170,317,129,188
121000171,213,353,-140
121000172,1733,1944,-211
121000173,2159,2046,113
121000174,933,751,182
121000175,2165,1172,993
121000176,780,487,293
121000177,990,1134,-144
121000178,81,167,-86
121000179,75,70,5
121000181,343,476,-133
121000182,225,631,-406
121000183,48,249,-201
121000184,20,375,-355
121000185,14,572,-558
121000186,351,1109,-758
121000187,383,100,283
121000188,653,118,535
121000192,876,563,313
121000193,885,458,427
121000194,2360,2656,-296
121000195,402,2365,-1963
121000196,744,930,-186
121000197,134,2186,-2052
121000198,183,332,-149
121000199,144,464,-320
121000200,697,259,438
121000201,11,567,-556
121000202,802,243,559
121000203,683,1891,-1208
121000204,3790,784,3006
121000205,108,290,-182
121000206,131,119,12
121000207,2602,793,1809
121000208,4,339,-335
121000209,804,55,749
121000210,809,412,397
121000211,589,97,492
121000212,377,1062,-685
121000213,25017,4735,20282
121000214,2255,2662,-407
121000215,705,3900,-3195
121000216,697,799,-102
121000217,4083,4065,18
121000218,534,3941,-3407
121000219,2341,1848,493
121000220,390,211,179
121000221,314,681,-367
121000222,6731,4857,1874
121000223,840,785,55
121000224,214,684,-470
121000225,1763,7369,-5606
121000226,1022,3075,-2053
121000227,49,171,-122
121000228,42,1077,-1035
121000229,835,836,-1
121000230,108,4960,-4852
121000231,2788,30,2758
121000232,839,446,393
121000233,967,514,453
121000234,1,112,-111
121000235,42,87,-45
121000236,10,45,-35
121000237,15,38,-23
121000238,7,144,-137
121000239,49,0,49
121000240,8,152,-144
121000241,110,6,104
121000242,29,412,-383
121000243,125,40,85
121000244,0,23,-23
121000245,13,3,10
121000246,2,85,-83
121000247,154,1,153
121000248,274,421,-147
121000249,316,2122,-1806
121000250,612,811,-199
121000251,32,433,-401
121000252,141,192,-51
121000253,350,1041,-691
121000254,1125,502,623
121000255,267,799,-532
121000256,340,635,-295
121000257,117,443,-326
121000258,48,401,-353
121000259,28,286,-258
121000260,17,418,-401
121000261,37,460,-423
121000262,4038,358,3680
121000263,718,706,12
121000271,1769,1896,-127
121000273,36,53,-17
121000274,10,337,-327
121000275,34,46,-12
121000276,3,89,-86
121000278,166,196,-30
121000279,25,109,-84
121000280,49,205,-156
121000289,726,15,711
121000290,2851,2733,118
121000294,340,52,288
121000297,656,2031,-1375
121000299,82,6754,-6672
121000300,2610,1407,1203
121000302,10,754,-744
121000303,1058,277,781
121000304,703,85,618
121000305,411,179,232
121000306,335,518,-183
121000308,56,333,-277
121000309,311,1024,-713
121000310,195,488,-293
121000311,36,284,-248
121000312,724,572,152
121000313,360,285,75
121000314,159,127,32
121000315,131,101,30
121000530,2554,3251,-697
121000531,2905,2334,571
121000532,5857,5579,278
121000533,3567,4570,-1003
121000919,13,128,-115
121000938,86,45,41
121000939,69,231,-162
121000956,1851,2290,-439
121000957,5,87,-82
121000958,5,447,-442
121000959,1841,376,1465
121000960,1870,1705,165
121000961,514,37,477
121000962,278,345,-67
121000973,2,410,-408
121000976,4,60,-56
121000979,542,165,377
121000981,496,78,418
121000982,669,256,413
121000983,1489,278,1211
121000984,4,77,-73
121000985,1182,713,469
121000986,766,387,379
121000987,396,1288,-892
121000988,1768,460,1308
121001302,330,107,223
121001308,0,78,-78
121001309,49,492,-443
121001311,0,0,0
121001313,516,136,380
121001314,1919,1437,482
121001315,6131,4426,1705
121001326,839,387,452
121001327,228,188,40
121001328,173,103,70
121900001,174,500,-326
121900002,57,257,-200
121900003,344,0,344
121900004,67,1641,-1574
121900005,11,8,3
121900006,150,6,144
121900007,3635,1819,1816
121900008,29,225,-196
121900009,1747,40,1707
121900010,304,10,294
121900011,174,66,108
121900012,3,0,3
121900013,155,90,65
121900014,5094,616,4478
121900015,115,270,-155
121900016,13,85,-72
121900017,657,1231,-574
121900018,986,6,980
121900019,783,198,585
121900020,70,1,69
121900021,1179,84,1095
121900022,194,278,-84
121900023,182,577,-395
121900024,644,34,610
121900025,710,798,-88
121900026,649,190,459
121900027,433,324,109
121900028,328,23,305
121900029,102,941,-839
121900030,404,817,-413
121900031,2282,7922,-5640
121900032,99,110,-11
121900033,137,424,-287
121900034,172,666,-494
121900035,10709,4356,6353
121900036,170,642,-472
121900037,90,1745,-1655
121900038,31,90,-59
121900039,213,20,193
121900040,50,100,-50
121900041,20,296,-276
121900042,434,214,220
121900043,0,1,-1
121900044,98,36,62
121900046,159,312,-153
121900047,211,116,95
121900048,53,81,-28
121900050,75,66,9
121900051,200,522,-322
121900052,203,125,78
121900053,515,342,173
121900054,394,2583,-2189
121900055,0,6,-6
121900058,252,412,-160
121900059,223,199,24
121900060,149,793,-644
121900062,71,65,6
121900063,2194,598,1596
121900064,444,992,-548
121900066,65,20,45
121900067,72,18,54
121900069,179,276,-97
121900070,110,273,-163
121900071,971,435,536
121900072,45,125,-80
121900073,153,540,-387
121900074,367,521,-154
121900075,344,1313,-969
121900076,459,2698,-2239
121900078,119,32,87
121900079,0,0,0
121900080,1075,211,864
121900082,108,129,-21
121900084,18,21,-3
121900086,21,28,-7
121900087,58,158,-100
121900088,1794,1881,-87
121900089,472,192,280
121900090,5,32,-27
121900091,71,32,39
121900092,113,59,54
121900093,102,117,-15
121900094,18,72,-54
121900095,460,149,311
121900096,955,915,40
121900097,964,167,797
121900098,2,3,-1
121900099,263,31,232
121900100,17,176,-159
121900101,91,184,-93
121900102,1,92,-91
121900103,390,532,-142
121900104,2583,501,2082
121900105,222,148,74
121900106,0,2,-2
121900107,66,14,52
121900108,0,4,-4
121900109,258,209,49
121900110,751,531,220
121900111,959,539,420
121900112,142,224,-82
121900113,115,753,-638
121900114,30,54,-24
121900117,200,621,-421
121900118,3677,695,2982
121900119,144,42,102
121900120,189,761,-572
121900121,580,26,554
121900122,39,31,8
121900123,361,364,-3
121900124,349,247,102
121900125,5248,1740,3508
121900127,13,200,-187
121900128,127,152,-25
121900129,262,71,191
121900130,124,696,-572
121900131,345,127,218
121900132,79,75,4
121900133,11,520,-509
121900134,17,568,-551
121900135,6434,428,6006
121900136,311,367,-56
121900137,28,433,-405
121900138,75,333,-258
121900139,545,5330,-4785
121900140,58,92,-34
121900141,51,66,-15
121900142,48,45,3
121900143,31,84,-53
121900144,133,1014,-881
121900145,161,113,48
121900146,339,615,-276
121900147,78,694,-616
121900148,336,673,-337
121900149,296,354,-58
121900150,30,406,-376
121900151,14,777,-763
121900152,159,67,92
121900153,14,130,-116
121900154,20,752,-732
121900155,2,540,-538
121900156,84,294,-210
121900157,2,378,-376
121900158,148,126,22
121900159,0,164,-164
121900160,0,334,-334
121900161,160,623,-463
121900162,70,290,-220
121900163,741,170,571
121900164,206,386,-180
121900165,166,238,-72
121900166,82,287,-205
121900167,60,66,-6
121900168,108,64,44
121900169,31,675,-644
121900170,17,78,-61
121900171,1057,902,155
121900172,834,651,183
121900173,1075,637,438
121900174,49,34,15
121900175,32,1183,-1151
121900176,764,3081,-2317
121900177,169,105,64
121900178,44,74,-30
121900179,326,583,-257
121900180,1990,6609,-4619
121900182,728,1306,-578
121900183,358,1964,-1606
121900184,23,1222,-1199
121900186,6,760,-754
121900187,32,122,-90
121900188,1867,228,1639
121900189,173,34,139
121900190,272,646,-374
121900191,38,1024,-986
121900192,335,3941,-3606
121900193,48,508,-460
121900194,4,231,-227
121900195,17,35,-18
121900196,1552,1331,221
121900197,514,1396,-882
121900198,5385,3434,1951
121900199,2,34,-32
121900200,50,281,-231
121900201,1584,759,825
121900202,339,1245,-906
121900203,86,1603,-1517
121900204,2579,1561,1018
121900205,11,142,-131
121900206,8,141,-133
121900207,16,59,-43
121900208,101,972,-871
121900209,33,49,-16
121900210,3498,1545,1953
121900211,1468,591,877
121900212,62,207,-145
121900213,577,57,520
121900214,9,460,-451
121900215,42,343,-301
121900216,11,478,-467
121900217,319,304,15
121900218,127,978,-851
121900220,59,21,38
121900221,1012,603,409
121900222,476,188,288
121900223,188,267,-79
121900224,147,213,-66
121900225,202,1116,-914
121900226,260,32,228
121900227,312,4036,-3724
121900228,225,168,57
121900230,87,452,-365
121900231,40,1339,-1299
121900232,256,996,-740
121900233,992,220,772
121900234,264,636,-372
121900235,855,160,695
121900236,342,346,-4
121900237,309,1662,-1353
121900238,222,641,-419
121900239,100,67,33
121900240,116,226,-110
121900241,18,39,-21
121900242,18,1,17
121900243,3,0,3
121900244,2,0,2
121900245,658,64,594
121900246,10525,618,9907
121900248,2438,819,1619
121900250,89,425,-336
121900251,971,15,956
121900252,275,211,64
121900253,80,1650,-1570
121900254,214,517,-303
121900255,943,240,703
121900258,6756,1608,5148
121900259,116,659,-543
121900260,92,108,-16
121900261,103,838,-735
121900262,1134,1846,-712
121900263,340,180,160
121900264,943,852,91
121900265,393,206,187
121900266,723,299,424
121900267,298,18,280
121900269,542,886,-344
121900270,79,215,-136
121900271,29,281,-252
121900273,476,2552,-2076
121900274,631,252,379
121900277,239,1538,-1299
121900278,45,3208,-3163
121900279,253,239,14
121900280,42,346,-304
121900281,174,450,-276
121900284,29,3,26
121900286,147,127,20
121900287,4,72,-68
121900288,2,0,2
121900290,175,2678,-2503
121900291,418,2425,-2007
121900292,149,226,-77
121900293,1052,11418,-10366
121900294,443,7,436
121900295,233,97,136
121900296,67,329,-262
121900298,117,1692,-1575
121900299,1,15,-14
121900300,52,22,30
121900301,49,0,49
121900302,0,98,-98
121900303,93,1428,-1335
121900304,36,38,-2
121900305,43,36,7
121900306,468,2,466
121900307,186,15,171
121900308,6,277,-271
121900309,8,235,-227
121900310,6,192,-186
121900311,833,25,808
121900312,525,7,518
121900313,631,27,604
121900314,1,13,-12
121900315,94,0,94
121900316,0,22,-22
121900317,11,8,3
121900318,2,3,-1
121900319,76,315,-239
121900320,87,29,58
121900321,48,1,47
121900322,8,18,-10
121900323,77,24,53
121900324,7,91,-84
121900325,33,0,33
121900326,1,1,0
121900327,3,37,-34
121900328,1,70,-69
121900329,2,36,-34
121900330,0,78,-78
121900331,63,65,-2
121900332,71,23,48
121900333,134,0,134
121900334,127,44,83
122000001,1641,3728,-2087
122000002,2391,958,1433
122000003,853,2625,-1772
122000004,1087,1120,-33
122000005,7903,2230,5673
122000006,504,1399,-895
122000007,370,1684,-1314
122000008,942,2643,-1701
122000009,446,547,-101
122000010,2634,2741,-107
122000011,6314,2822,3492
122000012,1765,4119,-2354
122000013,492,2216,-1724
122000014,7431,2393,5038
122000015,1004,988,16
122000016,361,586,-225
122000017,1391,1671,-280
122000018,3694,2925,769
122000019,986,3489,-2503
122000020,204,729,-525
122000021,121,335,-214
122000022,1750,2532,-782
122000023,1235,3092,-1857
122000024,474,3719,-3245
122000025,556,3935,-3379
122000026,253,1157,-904
122000027,847,1008,-161
122000028,2878,984,1894
122000029,238,1937,-1699
122000030,114,238,-124
122000031,321,750,-429
122000032,6814,3853,2961
122000033,417,5021,-4604
122000034,217,1194,-977
122000035,147,473,-326
122000036,330,1252,-922
122000037,1581,356,1225
122000038,181,752,-571
122000039,633,1187,-554
122000040,162,473,-311
122000041,2014,1278,736
122000042,545,1140,-595
122000043,66,300,-234
122000044,65,213,-148
122000045,2979,1397,1582
122000046,1054,2339,-1285
122000047,71,382,-311
122000048,1727,4157,-2430
122000049,7500,4075,3425
122000050,611,815,-204
122000051,303,727,-424
122000052,767,619,148
122000053,290,1247,-957
122000054,1782,2352,-570
122000055,2205,3428,-1223
122000056,2997,2042,955
122000057,4477,3008,1469
122000058,549,1722,-1173
122000059,549,3832,-3283
122000060,206,1165,-959
122000061,132,680,-548
122000062,562,278,284
122000063,215,1352,-1137
122000064,2571,8374,-5803
122000065,1738,4824,-3086
122000066,306,2052,-1746
122000067,1554,3023,-1469
122000068,6190,1884,4306
122000069,1965,2695,-730
122000070,2032,1910,122
122000071,5562,1534,4028
122000072,1932,920,1012
122000073,175,2042,-1867
122000074,2542,2911,-369
122000075,1437,1127,310
122000076,10223,2669,7554
122000077,545,2690,-2145
122000078,381,4221,-3840
122000079,715,3565,-2850
122000080,505,723,-218
122000081,84,227,-143
122000082,308,1448,-1140
122000083,11594,1000,10594
122000084,7445,2400,5045
122000085,285,1446,-1161
122000086,5001,10580,-5579
122000087,310,188,122
122000088,31,217,-186
122000089,9652,3543,6109
122000090,866,2774,-1908
122000091,134,1759,-1625
122000092,56,234,-178
122000093,1143,5660,-4517
122000094,9559,4047,5512
122000095,918,6815,-5897
122000096,386,3848,-3462
122000098,4559,4138,421
122000099,481,2909,-2428
122000100,669,888,-219
122000101,267,650,-383
122000102,6709,1958,4751
122000103,1257,4382,-3125
122000104,2814,186,2628
122000105,270,772,-502
122000106,540,2615,-2075
122000107,1513,505,1008
122000108,718,856,-138
122000109,535,236,299
122000110,874,603,271
122000111,3664,1838,1826
122000112,2575,2113,462
122000113,570,1042,-472
122000114,1939,3910,-1971
122000115,1983,2928,-945
122000116,237,286,-49
122000117,1631,527,1104
122000118,715,315,400
122000119,2389,1017,1372
122000120,929,2350,-1421
122000121,561,1848,-1287
122000122,249,784,-535
122000123,869,1169,-300
122000124,599,938,-339
122000125,348,513,-165
122000126,314,473,-159
122000127,261,546,-285
122000128,278,333,-55
122000129,506,3030,-2524
122000130,2413,697,1716
122000131,1450,997,453
122000132,359,425,-66
122000133,777,689,88
122000134,1085,816,269
122000135,386,259,127
122000136,868,667,201
122000137,3107,1291,1816
122000139,847,3870,-3023
122000140,183,2321,-2138
122000141,7665,4052,3613
122000142,146,5949,-5803
122000143,219,493,-274
122000144,1902,1738,164
122000145,928,1383,-455
122000146,1213,3612,-2399
122000147,592,1226,-634
122000148,220,897,-677
122000149,1681,903,778
122000150,1613,1234,379
122000151,34,41,-7
122000152,490,873,-383
122000153,227,1251,-1024
122000154,431,508,-77
122000155,1474,2777,-1303
122000156,7556,3754,3802
122000157,7202,16620,-9418
122000158,368,1937,-1569
122000159,921,2160,-1239
122000160,1927,1543,384
122000161,1194,1100,94
122000162,994,1256,-262
122000163,426,143,283
122000164,49,222,-173
122000165,1424,2081,-657
122000166,710,3887,-3177
122000167,346,926,-580
122000168,241,1822,-1581
122000169,509,408,101
122000170,365,430,-65
122000171,37,74,-37
122000172,3197,1692,1505
122000173,1867,3477,-1610
122000174,1620,2035,-415
122000175,686,555,131
122000176,442,2134,-1692
122000177,1040,2572,-1532
122000178,7840,4729,3111
122000179,4006,3841,165
122000180,679,1220,-541
122000181,1173,1813,-640
122000182,1749,975,774
122000183,3438,1576,1862
122000184,4915,2380,2535
122000185,1557,3949,-2392
122000186,1085,3461,-2376
122000187,1943,2576,-633
122000188,870,362,508
122000189,237,359,-122
122000190,586,2529,-1943
122000191,886,816,70
122000192,1294,684,610
122000193,443,1119,-676
122000194,426,534,-108
122000195,176,2047,-1871
122000196,937,420,517
122000197,522,877,-355
122000198,927,3414,-2487
122000199,309,632,-323
122000200,1083,942,141
122000201,1450,3952,-2502
122000202,1209,4679,-3470
122000203,1811,1227,584
122000204,1346,1530,-184
122000205,659,590,69
122000206,10974,1860,9114
122000207,1763,3955,-2192
122000208,2399,5038,-2639
122000209,2477,1184,1293
122000210,2065,4767,-2702
122000211,1198,3686,-2488
122000212,578,384,194
122000213,920,1770,-850
122000214,1775,2380,-605
122000215,3717,2964,753
122000217,1699,4233,-2534
122000218,1161,120,1041
122000219,3280,1507,1773
122000220,318,945,-627
122000221,132,467,-335
122000222,521,164,357
122000223,666,1123,-457
122000225,626,878,-252
122000226,1229,1396,-167
122000227,200,1681,-1481
122000228,129,211,-82
122000229,31,295,-264
122000230,23,262,-239
122000231,289,731,-442
122000232,571,861,-290
122000233,0,73,-73
122000234,679,80,599
122000235,1413,86,1327
122000236,1674,53,1621
122000237,106,76,30
122000238,255,549,-294
122000239,797,152,645
122000240,1361,706,655
122000241,2977,726,2251
122000242,726,201,525
122000243,708,65,643
122000244,54,484,-430
122000245,129,89,40
122000246,410,227,183
122000247,755,289,466
122000248,1823,734,1089
122000249,1913,1314,599
122000250,3018,1669,1349
122000251,81,255,-174
122000252,237,51,186
122000253,43,96,-53
122000254,442,99,343
122000255,475,546,-71
122000256,259,384,-125
122000257,314,153,161
122000258,295,195,100
122000259,46,485,-439
122000260,340,762,-422
122000261,10,376,-366
122000262,1,27,-26
122000263,262,355,-93
122000264,2025,713,1312
122000265,4279,1724,2555
122000266,4859,942,3917
122000267,261,273,-12
122000268,219,614,-395
122000269,1168,637,531
122000270,620,576,44
122000271,336,5575,-5239
122000272,336,1546,-1210
122000273,503,913,-410
122000274,320,350,-30
122000275,470,254,216
122000276,1248,449,799
122000277,1107,1691,-584
122000278,2459,891,1568
122000279,134,200,-66
122000280,556,488,68
122000281,380,369,11
122000282,114,389,-275
122000283,354,258,96
122000284,98,131,-33
122000285,542,85,457
122000286,100,152,-52
122000287,1797,1529,268
122000288,760,289,471
122000291,4129,799,3330
122000293,373,139,234
122000294,101,472,-371
122000295,1523,162,1361
122000296,55,1240,-1185
122000297,1842,3432,-1590
122000299,833,1519,-686
122000300,578,504,74
122000301,10720,3783,6937
122000302,493,5541,-5048
122000303,1879,896,983
122000304,38,247,-209
122000305,1954,806,1148
122000306,65,279,-214
122000307,73,79,-6
122000309,84,56,28
122000310,52,152,-100
122000311,37,181,-144
122000312,141,264,-123
122000313,87,150,-63
122000314,192,625,-433
122000315,318,32,286
122000316,1578,407,1171
122000317,3477,322,3155
122000318,235,1019,-784
122000319,107,408,-301
122000320,377,1454,-1077
122000321,59,303,-244
122000322,1883,2473,-590
122000323,489,2975,-2486
122000324,2360,3392,-1032
122000325,760,4800,-4040
122000326,239,145,94
122000327,394,1858,-1464
122000328,581,1160,-579
122000330,3811,3567,244
122000333,49,45,4
122000337,1408,380,1028
122000338,760,354,406
122000340,292,5193,-4901
122000342,2343,767,1576
122000343,566,498,68
122000344,167,2,165
122000345,500,21,479
122000346,150,209,-59
122000348,662,892,-230
122000349,25,669,-644
122000351,308,355,-47
122000352,172,213,-41
122000353,265,108,157
122000355,117,452,-335
122000356,278,3994,-3716
122000357,74,12,62
122000358,1,19,-18
122000359,1,51,-50
122000360,0,14,-14
122000362,6,23,-17
122000364,331,210,121
122000365,1,37,-36
122000366,26,7,19
122000368,578,817,-239
122000370,28,7,21
122000371,27,1,26
122000372,5,1,4
122000381,250,592,-342
122000382,69,359,-290
122000384,1037,1334,-297
122000385,75,0,75
122000386,187,2632,-2445
122000387,776,3747,-2971
122000388,1457,2534,-1077
122000389,447,2513,-2066
122000390,615,1386,-771
122000391,71,1347,-1276
122000392,246,232,14
122000393,726,436,290
122000394,885,319,566
122000395,234,180,54
122000396,398,105,293
122000399,154,42,112
122000400,67,2682,-2615
122000401,166,45,121
122000402,735,392,343
122000403,427,387,40
122000404,221,196,25
122000408,483,719,-236
122000503,5,126,-121
122000524,85,752,-667
122000544,59,3988,-3929
122000614,558,443,115
122000616,193,0,193
122000640,135,101,34
122000641,284,309,-25
122000642,1837,660,1177
122000643,76,581,-505
122000644,272,118,154
122000645,111,1291,-1180
122000651,437,4271,-3834
122000664,317,419,-102
122000665,2347,893,1454
122000666,432,892,-460
122000673,55,178,-123
122000674,747,367,380
122000675,3118,658,2460
122000686,168,2399,-2231
122000687,1761,74,1687
122000688,299,835,-536
122000689,1200,249,951
122000690,3624,313,3311
122000691,1093,1208,-115
122000692,2930,397,2533
122000693,674,2483,-1809
122000695,507,148,359
122000696,871,186,685
122000698,785,491,294
122000699,631,69,562
122000701,5168,384,4784
122000702,628,1616,-988
122000703,317,254,63
122000712,0,0,0
122000717,2202,280,1922
122000718,545,6459,-5914
122000719,30,175,-145
122000720,1339,195,1144
122000724,258,219,39
122900001,22,37,-15
122900002,633,8434,-7801
122900003,833,33,800
122900004,1496,175,1321
122900005,29,72,-43
122900006,376,708,-332
122900007,48,146,-98
122900008,182,116,66
122900009,1388,408,980
122900010,273,138,135
122900012,221,432,-211
122900014,88,141,-53
122900015,1340,805,535
122900016,308,151,157
122900017,231,2792,-2561
122900018,209,5,204
122900020,239,328,-89
122900021,82,450,-368
122900022,1630,1236,394
122900023,573,148,425
122900024,90,114,-24
122900025,2,314,-312
122900026,33,141,-108
122900027,52,869,-817
122900028,40,66,-26
122900029,13861,2387,11474
122900030,5346,639,4707
122900031,18,469,-451
122900032,1406,558,848
122900033,160,225,-65
122900034,5673,4872,801
122900035,13,14,-1
122900036,29,54,-25
122900037,610,328,282
122900038,66,3089,-3023
122900039,59,480,-421
122900040,373,1930,-1557
122900041,156,546,-390
122900042,157,401,-244
122900043,404,531,-127
122900044,84,403,-319
122900045,127,596,-469
122900046,81,490,-409
122900047,60,352,-292
122900048,15,369,-354
122900049,5964,188,5776
122900051,61,1860,-1799
122900052,155,73,82
122900053,5,28,-23
122900055,323,77,246
122900057,424,26,398
122900061,606,50,556
122900062,626,890,-264
122900063,194,106,88
122900064,824,487,337
122900065,660,277,383
122900066,675,263,412
122900067,697,544,153
122900069,408,2381,-1973
122900070,393,58,335
122900071,112,375,-263
122900073,22,131,-109
122900074,1057,164,893
122900075,0,416,-416
122900076,2,829,-827
122900077,5,60,-55
122900078,374,24,350
122900080,24,51,-27
122900081,128,475,-347
122900082,1528,138,1390
122900083,50,39,11
122900084,22,166,-144
122900086,26,86,-60
122900087,611,427,184
122900088,60,825,-765
122900089,165,675,-510
122900090,5,336,-331
122900091,586,0,586
122900092,0,105,-105
122900093,2,70,-68
122900094,2,189,-187
122900095,151,12,139
122900096,591,180,411
122900097,19,63,-44
122900098,26,187,-161
122900099,174,40,134
122900100,80,714,-634
122900101,753,340,413
122900102,100,41,59
122900103,358,5,353
122900104,337,5,332
122900105,32,8,24
122900106,0,33,-33
122900107,1,82,-81
122900108,17,207,-190
122900109,546,145,401
123000001,603,948,-345
123000002,2252,6037,-3785
123000003,4435,4055,380
123000004,3687,4919,-1232
123000005,3624,2432,1192
123000006,3733,2511,1222
123000007,5113,2753,2360
123000008,3408,2046,1362
123000009,4886,4339,547
123000010,4080,5365,-1285
123000011,1901,2745,-844
123000012,1653,6092,-4439
123000013,6068,2135,3933
123000014,850,6826,-5976
123000015,3017,1593,1424
123000016,1292,4248,-2956
123000017,6377,2517,3860
123000018,157,168,-11
123000019,1129,41,1088
123000020,683,21,662
123000021,408,479,-71
123000022,1007,3168,-2161
123000023,3206,4509,-1303
123000024,2782,2101,681
123000025,663,132,531
123000026,58,203,-145
123000027,37,1322,-1285
123000028,339,2861,-2522
123000029,368,1702,-1334
123000030,509,277,232
123000031,547,189,358
123000032,835,281,554
123000033,652,475,177
123000034,1516,1179,337
123000035,386,655,-269
123000036,224,1705,-1481
123000037,370,154,216
123000038,55,586,-531
123000039,1074,2164,-1090
123000040,505,190,315
123000041,564,2052,-1488
123000042,442,1351,-909
123000043,907,9375,-8468
123000044,3169,2667,502
123000045,3103,1736,1367
123000046,181,1441,-1260
123000047,873,903,-30
123000048,80,1732,-1652
123000049,3500,9562,-6062
123000050,2850,3414,-564
123000051,71,438,-367
123000052,1469,3349,-1880
123000053,2154,2261,-107
123000054,3100,2633,467
123000055,3749,7032,-3283
123000056,1076,446,630
123000057,4595,5343,-748
123000058,847,1667,-820
123000059,900,6221,-5321
123000060,1413,674,739
123000061,2573,3803,-1230
123000063,728,374,354
123000064,2067,385,1682
123000065,2618,2067,551
123000066,867,564,303
123000067,1490,625,865
123000068,2030,2102,-72
123000069,3007,1591,1416
123000070,90,194,-104
123000071,2053,621,1432
123000072,985,537,448
123000073,3731,1106,2625
123000074,2717,2271,446
123000075,1852,3319,-1467
123000076,1199,632,567
123000077,2026,1539,487
123000078,3210,1031,2179
123000079,3707,2245,1462
123000080,3822,1474,2348
123000081,401,740,-339
123000082,262,1051,-789
123000083,2183,570,1613
123000084,1201,784,417
123000085,853,169,684
123000086,1677,177,1500
123000087,695,552,143
123000088,2105,845,1260
123000089,2069,1478,591
123000090,2837,747,2090
123000091,3343,1780,1563
123000092,3080,2172,908
123000094,1288,413,875
123000095,1479,939,540
123000096,1973,539,1434
123000097,1408,364,1044
123000098,1783,669,1114
123000099,1767,472,1295
123000100,831,801,30
123000101,460,512,-52
123000102,582,998,-416
123000104,573,557,16
123000105,468,456,12
123000106,792,449,343
123000107,371,394,-23
123000108,1556,1338,218
123000111,1892,441,1451
123000112,1083,430,653
123000113,595,798,-203
123000114,591,918,-327
123000115,452,546,-94
123000116,75,149,-74
123000117,1765,1138,627
123000118,662,437,225
123000119,751,716,35
123000120,1029,856,173
123000121,475,868,-393
123000122,533,414,119
123000123,1055,954,101
123000124,760,402,358
123000125,1592,1606,-14
123000126,1868,7459,-5591
123000127,545,843,-298
123000128,441,420,21
123000129,1440,261,1179
123000130,1555,139,1416
123000131,2330,1590,740
123000132,504,939,-435
123000133,262,486,-224
123000134,426,143,283
123000135,2910,1098,1812
123000136,185,440,-255
123000137,309,206,103
123000138,283,286,-3
123000139,1136,243,893
123000140,49,587,-538
123000141,962,189,773
123000142,1329,1103,226
123000143,1106,2901,-1795
123000144,4,37,-33
123000145,230,193,37
123000146,25,283,-258
123000147,36,340,-304
123000149,400,488,-88
123000150,168,439,-271
123000151,233,814,-581
123000152,13,347,-334
123000153,84,1014,-930
123000154,1261,2661,-1400
123000155,2316,1908,408
123000156,59,108,-49
123000157,987,1213,-226
123000158,807,1349,-542
123000159,3099,4483,-1384
123000160,1772,2224,-452
123000161,1818,1149,669
123000162,2713,2477,236
123000163,1308,286,1022
123000164,1926,239,1687
123000165,185,775,-590
123000166,25,124,-99
123000167,184,326,-142
123000168,510,287,223
123000169,1605,186,1419
123000170,212,98,114
123000171,2029,14,2015
123000172,197,691,-494
123000173,1009,469,540
123000174,942,670,272
123000175,511,1158,-647
123000176,2748,584,2164
123000177,524,823,-299
123000178,1575,252,1323
123000179,11,425,-414
123000180,2268,545,1723
123000181,79,632,-553
123000183,355,620,-265
123000186,119,418,-299
123000187,908,17,891
123000188,807,112,695
123000189,57,176,-119
123000190,0,44,-44
123000192,19,248,-229
123000193,96,589,-493
123000194,377,246,131
123000195,435,12,423
123000196,518,95,423
123000197,262,170,92
123000198,52,202,-150
123000199,114,318,-204
123000200,607,26,581
123000201,841,6,835
123000202,172,466,-294
123000203,1324,34,1290
123000204,77,419,-342
123000205,219,510,-291
123000206,3311,199,3112
123000207,119,646,-527
123000208,1898,164,1734
123000209,3586,670,2916
123000210,102,1616,-1514
123000211,525,2581,-2056
123000212,6935,719,6216
123000213,1262,623,639
123000215,115,387,-272
123000216,179,2177,-1998
123000217,365,52,313
123000218,61,594,-533
123000219,771,152,619
123000220,942,118,824
123000222,379,533,-154
123000223,677,250,427
123000224,623,308,315
123000225,394,89,305
123000226,178,371,-193
123000227,94,212,-118
123000228,548,33,515
123000229,680,1190,-510
123000232,94,623,-529
123000233,1138,239,899
123000234,205,581,-376
123000235,1862,277,1585
123000236,413,565,-152
123000237,834,140,694
123000238,69,332,-263
123000239,342,508,-166
123000240,154,1751,-1597
123000241,907,178,729
123000243,1333,1184,149
123000244,1145,681,464
123000245,34,207,-173
123000249,855,800,55
123000252,1016,399,617
123000253,1972,945,1027
123000254,811,711,100
123000255,1354,1411,-57
123000256,694,445,249
123000257,1509,643,866
123000258,1847,786,1061
123000259,767,465,302
123000260,1133,348,785
123000261,1279,371,908
123000262,68,198,-130
123000263,801,103,698
123000264,228,117,111
123000265,22,141,-119
123000266,684,541,143
123000267,857,565,292
123000268,78,18,60
123000269,32,137,-105
123000270,27,149,-122
123000271,35,79,-44
123000272,913,399,514
123000273,307,1787,-1480
123000274,1632,1318,314
123000275,253,1077,-824
123000278,2974,5901,-2927
123000279,460,119,341
123000280,645,773,-128
123000281,522,303,219
123000282,123,313,-190
123000283,337,159,178
123000284,115,115,0
123000286,238,1247,-1009
123000287,685,757,-72
123000288,781,1975,-1194
123000289,206,2260,-2054
123000291,149,1677,-1528
123000294,241,286,-45
123000295,773,1595,-822
123000296,1115,1241,-126
123000297,1336,509,827
123000298,1928,642,1286
123000299,327,687,-360
123000300,4299,3944,355
123000301,343,1080,-737
123000302,280,130,150
123000303,47,689,-642
123000305,1336,1192,144
123000306,368,54,314
123000309,50,159,-109
123000310,89,139,-50
123000311,17,315,-298
123000312,975,616,359
123000313,2186,1854,332
123000315,221,380,-159
123000316,429,1282,-853
123000317,390,136,254
123000318,88,472,-384
123000329,7,24,-17
123000337,610,339,271
123000338,105,294,-189
123000339,518,22,496
123000340,740,636,104
123000342,9,153,-144
123000343,303,35,268
123000344,1081,126,955
123000345,779,589,190
123000346,2199,370,1829
123000352,1613,1151,462
123000353,148,122,26
123000354,1520,84,1436
123000355,62,1078,-1016
123000356,547,35,512
123000357,5,77,-72
123000359,40,48,-8
123000360,315,515,-200
123000361,453,282,171
123000362,411,169,242
123000363,170,202,-32
123000364,1832,1083,749
123000365,23,455,-432
123000366,1497,5306,-3809
123000367,1476,1806,-330
123000370,23,198,-175
123000371,663,48,615
123000372,590,84,506
123000373,35,370,-335
123000374,4,87,-83
123000375,772,113,659
123000376,1399,1815,-416
123000377,839,18,821
123000378,6,222,-216
123000379,8,423,-415
123000380,47,444,-397
123000381,39,251,-212
123000382,769,265,504
123000383,224,1154,-930
123000384,1204,378,826
123000385,306,1145,-839
123000436,204,3730,-3526
123000507,200,321,-121
123000508,1323,2313,-990
123000517,203,37,166
123000518,45,108,-63
123000519,267,9,258
123000520,58,84,-26
123000521,1135,184,951
123000522,364,436,-72
123000541,24,4,20
123000542,0,13,-13
123000565,1356,80,1276
123000566,851,124,727
123000567,141,67,74
123000575,35,475,-440
123000576,817,29,788
123000577,220,1332,-1112
123000578,579,256,323
123000579,1669,10124,-8455
123000580,202,208,-6
123000582,769,13,756
123000583,17,438,-421
123000584,288,356,-68
123000585,0,50,-50
123000586,192,0,192
123000596,128,94,34
123000597,78,293,-215
123000602,316,29,287
123000603,1040,93,947
123000604,242,218,24
123000605,1388,98,1290
123000606,1,930,-929
123000609,35,494,-459
123000610,134,100,34
123000613,10,75,-65
123000615,96,90,6
123000616,455,54,401
123000617,179,214,-35
123000618,21,731,-710
123000619,988,71,917
123000620,23,1399,-1376
123000622,1138,65,1073
123000624,460,113,347
123000630,5302,719,4583
123000631,3680,2002,1678
123000632,1652,1893,-241
123000633,323,753,-430
123000634,60,666,-606
123000635,142,335,-193
123000636,117,487,-370
123000637,332,42,290
123000638,1290,80,1210
123000639,4251,10210,-5959
123000640,8,599,-591
123000648,1866,397,1469
123000649,134,970,-836
123000650,392,164,228
123000651,370,379,-9
123000652,1243,78,1165
123000653,212,202,10
123000654,130,338,-208
123000655,78,328,-250
123000656,1242,150,1092
123000657,1,48,-47
123000658,302,7,295
123900001,1415,78,1337
123900002,51,2074,-2023
123900003,119,651,-532
123900005,366,349,17
123900006,805,235,570
124000001,2921,143,2778
124000002,7,795,-788
124000003,1821,172,1649
124000004,46,394,-348
124000005,1439,1668,-229
124000006,77,433,-356
124000007,1497,136,1361
124000008,4,489,-485
124000009,1150,769,381
124000010,328,454,-126
124000011,1121,1114,7
124000012,189,224,-35
124000017,279,99,180
124000018,140,71,69
124000019,436,263,173
124000020,31,130,-99
124000021,242,160,82
124000022,36,173,-137
124000023,777,258,519
124000024,1262,663,599
124000025,795,544,251
124000026,936,375,561
124000027,792,450,342
124000028,1587,474,1113
124000031,1579,9536,-7957
124000032,1809,761,1048
124000033,1152,707,445
124000034,824,887,-63
124000035,494,203,291
124000036,234,589,-355
124000037,216,935,-719
124000038,4,212,-208
124000039,317,301,16
124000040,223,888,-665
124000041,829,132,697
124000042,169,357,-188
124000043,214,96,118
124000044,83,199,-116
124000045,2334,393,1941
124000046,203,621,-418
124000047,3623,629,2994
124000048,1093,620,473
124000049,3190,458,2732
124000050,1080,791,289
124000051,2002,444,1558
124000052,751,653,98
124000053,473,3708,-3235
124000054,693,357,336
124000055,1155,9175,-8020
124000056,1655,988,667
124000057,2410,517,1893
124000058,1225,1053,172
124000059,1846,1629,217
124000060,555,553,2
124000061,1680,8295,-6615
124000062,3335,1170,2165
124000063,1508,808,700
124000064,1676,950,726
124000065,29,1198,-1169
124000066,276,165,111
124000067,131,161,-30
124000068,89,240,-151
124000069,729,142,587
124000070,587,189,398
124000071,162,193,-31
124000072,337,445,-108
124000073,1040,162,878
124000074,282,521,-239
124000075,723,34,689
124000076,49,52,-3
124000077,211,552,-341
124000078,1227,1160,67
124000079,166,1407,-1241
124000080,1442,160,1282
124000081,196,341,-145
124000082,205,248,-43
124000083,44,62,-18
124000084,36,1597,-1561
124000085,63,48,15
124000086,7,313,-306
124000087,165,223,-58
124000088,139,442,-303
124000089,813,313,500
124000090,299,325,-26
124000091,1148,301,847
124000092,470,934,-464
124000093,194,81,113
124000094,174,407,-233
124000095,200,83,117
124000096,227,121,106
124000097,361,178,183
124000098,200,45,155
124000099,280,107,173
124000100,122,137,-15
124000101,260,263,-3
124000102,150,36,114
124000103,413,454,-41
124000104,178,67,111
124000105,290,270,20
124000106,107,39,68
124000107,36,381,-345
124000108,51,8,43
124000109,260,137,123
124000110,45,54,-9
124000111,487,114,373
124000112,1121,740,381
124000113,280,122,158
124000114,484,457,27
124000115,273,772,-499
124000116,195,271,-76
124000117,40,68,-28
124000118,37,174,-137
124000119,1474,1404,70
124000120,927,1137,-210
124000121,1381,998,383
124000122,448,1567,-1119
124000123,822,434,388
124000124,465,488,-23
124000125,690,355,335
124000126,344,294,50
124000127,1305,386,919
124000128,675,483,192
124000129,1994,1521,473
124000130,399,541,-142
124000131,762,896,-134
124000132,523,917,-394
124000133,1667,1071,596
124000134,1134,887,247
124000135,1846,2267,-421
124000136,598,943,-345
124000137,1086,1287,-201
124000138,850,1062,-212
124000139,735,218,517
124000140,12,1089,-1077
124000141,1497,73,1424
124000142,45,602,-557
124000143,118,7,111
124000144,3,201,-198
124000145,107,35,72
124000146,11,49,-38
124000148,3,82,-79
124000149,1492,215,1277
124000150,280,650,-370
124000151,1759,364,1395
124000152,940,990,-50
124000153,1055,584,471
124000154,460,451,9
124000155,1298,661,637
124000156,769,708,61
124000169,148,1205,-1057
124000170,1348,895,453
124000171,443,852,-409
124000172,414,804,-390
124000173,1287,329,958
124000174,691,530,161
124000175,37,60,-23
124000176,124,35,89
124000177,4,28,-24
124000178,66,91,-25
124000185,37,5,32
124000186,0,50,-50
124000187,3,53,-50
124000188,109,5,104
124000190,220,77,143
124000191,119,564,-445
124000192,1311,766,545
124000193,228,4747,-4519
124000194,356,433,-77
124000195,487,568,-81
124000196,785,971,-186
124000197,87,49,38
124000198,78,86,-8
124000201,55,484,-429
124000202,1067,135,932
124000203,763,208,555
124000204,2147,174,1973
124000205,47,262,-215
124000206,1544,185,1359
124000207,0,11,-11
124000209,182,133,49
124000210,1400,108,1292
124000211,1230,7,1223
124000212,0,162,-162
124000213,871,129,742
124000214,934,214,720
124000215,1618,117,1501
124000216,7,134,-127
124000329,32,1088,-1056
124000338,52,462,-410
124000339,2588,44,2544
124000341,3339,50,3289
124000344,159,91,68
124000357,2296,5317,-3021
124000358,1575,4037,-2462
124000359,1436,1197,239
124000360,1861,857,1004
124000361,1801,1280,521
124000362,1797,2787,-990
124000363,536,297,239
124000364,736,667,69
124000365,951,1349,-398
124000366,3440,1667,1773
124000367,83,355,-272
124000368,386,1480,-1094
124000369,48,184,-136
124000370,32,879,-847
124000402,20,25,-5
124000403,267,92,175
124000404,11,29,-18
124000405,855,588,267
124000406,451,396,55
124000407,6,25,-19
124000411,3,341,-338
124000412,684,7,677
124000413,176,457,-281
124000414,216,107,109
124000415,110,35,75
124000416,160,173,-13
124000417,549,134,415
124000418,518,68,450
124000419,186,23,163
124000420,273,20,253
124000421,84,53,31
124000422,17,16,1
124000423,204,69,135
124000424,5,29,-24
124000425,116,130,-14
124000426,0,113,-113
124000427,252,17,235
124000428,7,1050,-1043
124000429,212,35,177
124000430,1133,716,417
124000431,423,294,129
124000432,481,928,-447
124000439,151,2,149
124000443,1,27,-26
124000445,193,5201,-5008
124000446,926,847,79
124000447,21,501,-480
124000448,238,5,233
124000449,602,13,589
124000450,41,112,-71
124000451,2,46,-44
124000452,513,114,399
124000453,2204,2761,-557
124000454,1509,3973,-2464
124000455,0,677,-677
124000456,1428,43,1385
124000457,4,230,-226
124000458,5,231,-226
124000459,597,16,581
124000460,18,87,-69
124900001,1437,337,1100
124900002,251,125,126
124900003,1569,393,1176
124900004,1420,318,1102
124900005,165,66,99
124900006,1427,260,1167
124900008,665,276,389
124900009,99,420,-321
124900010,236,81,155
124900011,931,322,609
124900012,244,75,169
124900013,755,121,634
124900014,219,55,164
124900015,206,378,-172
124900016,189,163,26
124900017,297,5325,-5028
124900018,193,23,170
124900020,307,53,254
124900021,436,28,408
124900022,162,59,103
124900024,829,4,825
124900026,46,6,40
124900027,186,308,-122
124900028,186,38,148
124900029,47,723,-676
124900030,1,47,-46
124900031,10,129,-119
124900032,432,195,237
124900033,87,88,-1
124900034,10,297,-287
124900035,114,196,-82
124900036,0,130,-130
124900037,83,94,-11
124900038,74,210,-136
124900039,0,95,-95
124900040,148,106,42
124900041,408,714,-306
124900042,9,0,9
124900043,661,508,153
124900044,102,0,102
124900045,218,977,-759
124900047,36,94,-58
124900048,453,75,378
124900050,296,134,162
124900052,137,167,-30
124900053,253,240,13
124900054,1341,520,821
124900055,0,118,-118
124900057,7,312,-305
124900060,27,278,-251
124900061,105,6,99
124900062,238,19,219
124900066,0,3,-3
124900067,19,73,-54
124900068,145,723,-578
124900070,33,25,8
124900072,218,32,186
124900075,1086,168,918
124900076,30,3465,-3435
124900077,15,97,-82
124900078,86,4,82
124900079,242,308,-66
124900080,564,273,291
124900081,2065,222,1843
124900082,422,524,-102
124900083,472,258,214
124900085,488,331,157
124900086,20,1051,-1031
124900087,249,98,151
124900088,80,71,9
124900089,462,6,456
124900090,634,253,381
124900091,320,216,104
124900092,370,187,183
124900093,803,250,553
124900094,1258,295,963
124900095,212,762,-550
124900096,272,75,197
124900097,721,43,678
124900098,184,199,-15
124900099,148,554,-406
124900100,540,26,514
124900101,357,190,167
124900102,562,10,552
124900103,233,58,175
124900104,109,112,-3
124900105,217,118,99
124900106,379,18,361
124900107,223,14,209
124900108,291,155,136
124900111,0,47,-47
124900112,263,208,55
124900113,61,267,-206
124900114,71,199,-128
124900115,48,65,-17
124900116,421,658,-237
124900117,152,349,-197
124900118,92,2081,-1989
124900119,436,291,145
124900120,82,249,-167
124900121,30,558,-528
124900122,290,186,104
124900123,72,74,-2
124900124,58,365,-307
124900125,1739,4,1735
124900126,3,519,-516
204000001,297,30,267
204000002,55,38,17
204000003,20,25,-5
204000004,2,1,1
204000005,529,540,-11
204000006,1391,1649,-258
204000011,18,53,-35
204000012,76,74,2
204000019,1634,338,1296
204000020,1828,1211,617
204000021,2652,1311,1341
204000022,1890,594,1296
204000023,832,406,426
204000031,71,17,54
204000032,328,28,300
204000034,72,54,18
204000035,2,3,-1
204000036,15,58,-43
204000037,19,66,-47
204000038,2,10,-8
204000039,10,35,-25
204000040,2,12,-10
204000041,8,35,-27
204000042,31,18,13
204000043,36,15,21
204000044,62,15,47
204000045,75,19,56
204000046,13,10,3
204000057,24,6,18
204000062,91,75,16
204000068,62,859,-797
204000069,173,810,-637
204000070,70,118,-48
204000080,151,81,70
204000085,1216,1062,154
204000086,2847,1301,1546
204000087,85,7,78
204000088,34,73,-39
204000090,35,119,-84
204000093,105,50,55
204000096,2567,1114,1453
204000097,486,10,476
204000099,1289,3902,-2613
204000100,1919,2144,-225
204000105,2058,922,1136
204000110,479,1179,-700
204000111,914,841,73
204000112,789,1310,-521
204000113,277,872,-595
204000114,1411,1819,-408
204000115,2842,1104,1738
204000116,835,1593,-758
204000119,3775,2385,1390
204000132,1270,950,320
204000133,1512,147,1365
204000134,472,60,412
204000135,1150,65,1085
204000136,700,310,390
204000138,471,1768,-1297
204000140,403,157,246
204000141,199,76,123
204000144,3,27,-24
204000145,643,52,591
204000146,38,526,-488
204000147,293,321,-28
204000148,410,105,305
204000154,10,21,-11
204000155,13,4,9
204000177,66,37,29
204000179,3,10,-7
204000180,0,104,-104
204000222,3,6,-3
204000236,72,458,-386
204000238,10,35,-25
204000240,1242,176,1066
204000263,1024,1337,-313
204000268,693,572,121
204000308,35,14,21
204000317,105,191,-86
204000322,232,168,64
204000323,250,77,173
204000328,389,171,218
204000329,378,305,73
204000330,355,166,189
204000331,697,517,180
205000001,890,1313,-423
205000013,158,231,-73
205000014,180,156,24
205000015,292,55,237
205000016,146,131,15
205000017,166,87,79
205000022,447,674,-227
205000025,2203,769,1434
205000029,561,43,518
205000045,341,243,98
205000046,256,451,-195
205000047,120,268,-148
205000048,443,551,-108
205000049,201,507,-306
205000050,956,291,665
205000059,0,800,-800
205000060,4,1347,-1343
205000061,16,2667,-2651
205000062,10,2358,-2348
205000063,110,2325,-2215
205000064,203,621,-418
205000065,1013,751,262
205000066,365,413,-48
205000067,169,587,-418
205000069,161,33,128
205000082,207,206,1
205000110,94,183,-89
205000111,145,174,-29
205000112,157,95,62
205000113,131,142,-11
205000121,204,85,119
205000123,287,280,7
205000126,1060,205,855
205000127,1079,173,906
205000128,674,125,549
205000129,1152,93,1059
205000130,189,37,152
205000131,71,37,34
205000132,102,16,86
205000133,73,1,72
205000134,407,1,406
205000137,519,106,413
205000138,593,144,449
205000139,79,53,26
205000144,143,71,72
205000145,250,156,94
205000151,158,71,87
205000152,141,81,60
205000153,272,90,182
205000154,75,74,1
205000155,95,15,80
205000207,3,97,-94
205000233,81,65,16
205000234,0,2,-2
205000243,0,0,0
205000244,0,20,-20
205000245,16,329,-313
205000249,2,48,-46
205000250,5,1,4
205000264,65,74,-9
206000027,0,23,-23
206000028,1,16,-15
206000043,14,66,-52
206000053,4,15,-11
206000054,4,32,-28
206000055,2,22,-20
206000075,30,31,-1
206000076,34,13,21
206000077,37,18,19
206000078,9,9,0
206000079,18,14,4
206000082,232,178,54
206000100,27,488,-461
206000103,7,13,-6
206000104,15,27,-12
206000105,8,26,-18
206000106,14,3,11
206000125,147,0,147
206000157,41,434,-393
206000170,3,185,-182
206000171,23,275,-252
206000172,50,195,-145
206000173,1,122,-121
206000174,32,40,-8
206000175,2,43,-41
206000176,46,67,-21
206000177,2,62,-60
206000178,1,525,-524
206000179,3,396,-393
206000180,6,75,-69
206000181,9,27,-18
206000182,25,34,-9
206000183,14,90,-76
206000184,5,110,-105
206000185,17,37,-20
206000186,154,284,-130
206000223,58,466,-408
206000226,59,2,57
206000227,65,17,48
206000237,109,177,-68
206000238,56,275,-219
206000239,340,1871,-1531
206000240,1,74,-73
206000241,0,58,-58
206000242,35,167,-132
206000243,25,59,-34
206000244,134,193,-59
206000245,1433,122,1311
206000246,702,9,693
206000247,639,8,631
206000248,648,63,585
206000252,89,137,-48
206000258,10,42,-32
206000315,89,10,79
206000317,545,166,379
206000318,837,99,738
206000319,2565,183,2382
206000320,613,73,540
206000321,533,11,522
206000322,989,24,965
206000323,305,17,288
206000324,311,11,300
206000325,184,17,167
206000326,221,65,156
206000327,93,64,29
206000328,323,30,293
206000329,499,10,489
206000330,75,13,62
206000331,390,5,385
206000332,63,10,53
206000333,1378,2,1376
206000334,750,5,745
206000335,0,58,-58
206000361,13,143,-130
206000392,6,5,1
206000405,158,1,157
206000441,78,48,30
206000498,26,1,25
206000515,68,78,-10
206000530,325,148,177
206000531,198,373,-175
206000532,1019,607,412
206000535,100,3413,-3313
206000536,48,109,-61
206000537,29,199,-170
206000613,672,341,331
206000784,536,133,403
207000001,230,549,-319
207000002,127,528,-401
207000003,241,289,-48
207000007,2370,271,2099
207000008,370,15,355
207000009,105,55,50
207000010,489,269,220
207000012,556,185,371
207000015,389,616,-227
207000019,465,256,209
207000021,506,329,177
207000022,406,200,206
207000023,325,119,206
207000024,6,45,-39
207000025,41,114,-73
207000026,123,39,84
207000027,17,75,-58
207000028,79,159,-80
207000029,216,483,-267
207000033,369,267,102
207000034,366,146,220
207000039,781,103,678
207000040,772,64,708
207000041,62,15,47
207000042,325,35,290
207000043,267,189,78
207000051,123,300,-177
207000052,16,172,-156
207000053,444,509,-65
207000054,65,100,-35
207000055,290,151,139
207000056,277,279,-2
207000057,140,157,-17
207000058,230,252,-22
207000059,194,202,-8
207000060,63,298,-235
207000061,92,1469,-1377
207000062,980,49,931
207000063,1104,87,1017
207000064,480,81,399
207000065,293,259,34
207000066,775,226,549
207000067,122,65,57
207000068,182,74,108
207000069,1146,350,796
207000082,20,172,-152
207000083,108,232,-124
207000084,806,396,410
207000085,456,59,397
207000086,551,11,540
207000106,94,46,48
207000107,145,17,128
207000108,132,2,130
207000109,86,2,84
207000110,54,103,-49
207000111,55,188,-133
207000112,140,1677,-1537
207000114,93,37,56
207000115,58,61,-3
207000116,26,366,-340
207000117,4,122,-118
207000118,1,53,-52
207000119,13,46,-33
207000123,257,8,249
207000124,147,47,100
207000125,34,38,-4
207000126,25,80,-55
207000134,355,220,135
207000135,88,345,-257
207000148,99,559,-460
207000149,72,10,62
207000152,149,607,-458
207000153,371,746,-375
207000154,608,396,212
207000159,126,88,38
207000160,205,196,9
207000238,0,181,-181
207000242,1,104,-103
207000248,26,23,3
207000249,149,2,147
207000250,421,185,236
207000251,70,182,-112
207000252,30,47,-17
207000278,248,135,113
207000279,72,104,-32
207000280,1458,66,1392
207000281,274,274,0
207000282,38,573,-535
207000283,13,175,-162
207000284,49,1829,-1780
207000285,46,128,-82
207000291,24,53,-29
207000304,108,70,38
207000306,110,329,-219
207000310,159,82,77
207000353,127,3,124
207000356,8,120,-112
207000357,2,33,-31
207000358,2,12,-10
207000415,10,79,-69
207000417,43,7,36
207000418,177,67,110
207000438,0,1,-1
207000439,520,353,167
207000446,366,7,359
207000460,217,37,180
207000466,131,139,-8
207000467,637,111,526
207000468,112,155,-43
207000476,4,22,-18
207000477,662,31,631
207000478,0,18,-18
207000523,0,7,-7
207000524,209,0,209
207000527,381,245,136
207000530,846,23,823
207000531,475,1,474
207000532,93,24,69
207000534,142,61,81
207000535,8,377,-369
207000537,29,46,-17
207000540,3,60,-57
207000541,6,208,-202
207000548,5,163,-158
207000549,678,8,670
207000561,314,288,26
207000562,13,157,-144
207000567,180,129,51
207000568,616,70,546
207000569,1634,109,1525
207000584,44,178,-134
207000585,16,193,-177
207000587,446,17,429
207000616,0,94,-94
207000617,138,0,138
207000624,119,27,92
207000631,20,102,-82
207900008,751,56,695
208000001,768,1587,-819
208000002,1445,1162,283
208000003,1091,525,566
208000004,1429,1491,-62
208000005,5,146,-141
208000019,1729,462,1267
208000020,436,343,93
208000021,414,306,108
208000022,867,358,509
208000028,940,1596,-656
208000033,459,251,208
208000034,800,1073,-273
208000037,1123,118,1005
208000040,398,144,254
208000041,905,790,115
208000042,1750,714,1036
208000047,96,202,-106
208000064,2324,1880,444
208000066,1315,1275,40
208000070,760,541,219
208000071,969,303,666
208000072,1144,706,438
208000080,445,1052,-607
208000081,554,186,368
208000082,932,269,663
208000083,366,243,123
208000084,8,122,-114
208000085,934,663,271
208000086,905,1611,-706
208000087,841,1020,-179
208000089,1546,344,1202
208000090,1273,531,742
208000093,50,252,-202
208000094,596,241,355
208000095,1120,574,546
208000104,2062,639,1423
208000105,1255,845,410
208000114,146,357,-211
208000115,611,405,206
208000116,1768,1536,232
208000117,53,179,-126
208000118,252,360,-108
208000155,870,1669,-799
208000158,2338,2978,-640
208000186,1036,2528,-1492
208000204,1272,1063,209
208000205,2322,713,1609
208000282,1091,1452,-361
209000004,1034,251,783
209000005,155,98,57
209000006,537,314,223
209000007,615,944,-329
209000010,448,735,-287
209000011,153,441,-288
209000012,233,169,64
209000013,383,190,193
209000014,800,343,457
209000025,811,118,693
209000026,1402,365,1037
209000027,460,407,53
209000028,372,260,112
209000029,685,3333,-2648
209000030,678,2583,-1905
209000031,5940,1914,4026
209000034,263,619,-356
209000035,274,592,-318
209000036,590,428,162
209000037,651,438,213
209000038,256,196,60
209000039,149,140,9
209000040,384,850,-466
209000041,195,413,-218
209000042,258,354,-96
209000043,486,910,-424
209000044,256,912,-656
209000045,726,229,497
209000046,661,288,373
209000047,561,306,255
209000048,546,640,-94
209000049,129,52,77
209000050,267,89,178
209000051,492,143,349
209000052,335,245,90
209000062,171,82,89
209000063,89,40,49
209000064,73,27,46
209000065,204,71,133
209000066,155,52,103
209000067,296,62,234
209000080,46,288,-242
209000082,103,41,62
209000091,122,106,16
209000093,81,111,-30
209000094,78,209,-131
209000110,30,209,-179
209000111,586,2724,-2138
209000112,1643,1196,447
209000113,2748,2901,-153
209000114,1029,1585,-556
209000115,112,128,-16
209000116,742,475,267
209000118,10,141,-131
209000119,17,167,-150
209000121,134,381,-247
209000135,17,165,-148
209000142,1130,4162,-3032
209000143,32,235,-203
209000144,79,923,-844
209000229,220,100,120
209000240,174,453,-279
209000259,96,200,-104
209000260,36,542,-506
209000261,2,236,-234
209000262,1,154,-153
209000263,0,292,-292
209000264,0,193,-193
209000265,355,1,354
209000266,101,0,101
209000267,1484,5,1479
209000268,577,121,456
210000037,170,197,-27
210000047,154,32,122
210000048,151,52,99
210000049,228,12,216
210000052,113,75,38
210000053,37,44,-7
210000054,33,55,-22
210000070,287,22,265
210000071,192,0,192
210000072,84,0,84
210000073,0,30,-30
210000074,0,108,-108
210000075,0,172,-172
210000076,20,300,-280
210000077,10,464,-454
210000078,32,484,-452
210000079,52,144,-92
210000080,73,553,-480
210000081,360,15,345
210000082,18,18,0
210000083,177,2,175
210000084,92,0,92
210000085,0,43,-43
210000086,0,79,-79
210000099,64,232,-168
210000100,110,141,-31
210000101,108,148,-40
210000105,24,388,-364
210000159,0,309,-309
210000163,78,192,-114
210000164,452,249,203
210000168,682,138,544
210000187,0,48,-48
210000188,1,35,-34
210000214,11,0,11
210000219,106,62,44
210000220,182,25,157
210000232,3,23,-20
210000233,9,42,-33
210000234,31,43,-12
210000235,98,38,60
210000245,0,52,-52
210000246,106,89,17
210000258,12,80,-68
210000259,389,99,290
210000282,21,248,-227
210000285,1,153,-152
210000286,18,113,-95
210000290,8,4,4
210000295,105,275,-170
210000296,126,93,33
210000320,356,21,335
210000321,297,11,286
210000338,104,175,-71
210000339,135,816,-681
210000340,161,291,-130
210000341,365,263,102
210000342,310,208,102
210000343,214,268,-54
210000344,153,354,-201
210000345,187,447,-260
210000346,79,257,-178
210000347,71,453,-382
210000348,152,285,-133
210000349,116,133,-17
210000350,212,132,80
210000351,259,31,228
210000352,40,55,-15
210000353,42,69,-27
210000354,72,87,-15
210000355,77,630,-553
210000356,21,569,-548
210000357,54,719,-665
210000358,1213,538,675
210000359,141,1216,-1075
210000360,370,968,-598
210000361,451,349,102
210000362,582,385,197
210000363,1227,339,888
210000364,503,192,311
210000365,388,69,319
210000366,508,79,429
210000367,251,45,206
210000368,353,55,298
210000369,87,307,-220
210000370,127,450,-323
210000372,79,118,-39
210000373,34,351,-317
210000374,98,379,-281
210000375,23,69,-46
210000376,65,738,-673
210000404,40,126,-86
210000439,121,10,111
210000472,84,3,81
210000482,141,223,-82
210000564,313,187,126
210000567,5,74,-69
210000568,388,0,388
211000092,115,23,92
211000094,22,4,18
211000169,251,9,242
211000172,28,195,-167
211000209,0,76,-76
211000226,50,10,40
211000270,106,5,101
211000275,23,20,3
211000276,211,33,178
211000279,14,57,-43
211000281,185,25,160
211000302,12,55,-43
211507980,0,108,-108
211977296,21,1,20
212000003,432,268,164
212000004,17,203,-186
212000005,33,267,-234
212000006,67,335,-268
212000008,302,381,-79
212000009,103,162,-59
212000012,181,19,162
212000013,46,18,28
212000014,465,73,392
212000015,481,123,358
212000016,689,340,349
212000027,598,275,323
212000028,327,293,34
212000029,239,220,19
212000030,94,22,72
212000031,80,36,44
212000048,94,707,-613
212000049,11,334,-323
212000050,11,27,-16
212000051,450,99,351
212000052,344,115,229
212000053,312,242,70
212000054,545,83,462
212000055,505,114,391
212000056,23,64,-41
212000057,7,34,-27
212000058,301,68,233
212000070,215,99,116
212000077,256,228,28
212000099,575,222,353
212000108,390,709,-319
212000111,404,125,279
212000120,289,401,-112
212000138,286,114,172
212000156,2,68,-66
212000158,4,27,-23
212000159,805,53,752
212000160,656,153,503
212000161,109,10,99
212000310,64,7,57
212000311,8,92,-84
212000374,50,8,42
213000001,13,562,-549
213000005,744,123,621
213000006,767,221,546
213000007,95,65,30
213000009,415,202,213
213000010,448,215,233
213000011,254,174,80
213000012,349,146,203
213000014,142,48,94
213000015,339,18,321
213000016,576,3,573
213000017,163,0,163
213000018,2,41,-39
213000019,0,41,-41
213000020,92,134,-42
213000021,5,32,-27
213000023,420,451,-31
213000033,425,1650,-1225
213000034,333,286,47
213000035,245,425,-180
213000045,275,375,-100
213000046,80,105,-25
213000047,298,1092,-794
213000056,209,15,194
213000069,508,92,416
213000073,0,31,-31
213000074,83,574,-491
213000075,643,1,642
213000076,11,1,10
213000085,12,22,-10
213000086,30,120,-90
213000091,339,13,326
213000092,46,13,33
213000099,269,1178,-909
213000100,1041,408,633
213000101,992,109,883
213000102,963,137,826
213000103,768,455,313
213000104,37,269,-232
213000105,113,2360,-2247
213000106,50,123,-73
213000107,187,221,-34
213000108,36,272,-236
213000109,3,180,-177
213000110,28,102,-74
213000111,2,109,-107
213000112,29,104,-75
213000115,88,2,86
213000116,41,455,-414
213000117,11,521,-510
213000118,1366,315,1051
213000119,59,436,-377
213000120,79,184,-105
213000122,210,248,-38
213000123,192,385,-193
213000124,362,492,-130
213000125,142,54,88
213000126,41,195,-154
213000127,17,132,-115
213000128,61,585,-524
213000129,220,2455,-2235
213000130,1196,1068,128
213000132,1042,299,743
213000133,1801,140,1661
213000134,3178,9,3169
213000136,635,15,620
213000137,820,59,761
213000139,534,33,501
213000147,29,41,-12
213000148,35,104,-69
213000149,23,129,-106
213000150,1,1068,-1067
213000151,6,446,-440
213000152,5,508,-503
213000153,1,165,-164
213000154,137,384,-247
213000155,75,183,-108
213000156,228,379,-151
213000157,1484,276,1208
213000158,389,531,-142
213000159,427,570,-143
213000163,2654,328,2326
213000165,661,382,279
213000171,74,60,14
213000172,97,139,-42
213000173,14,59,-45
213000174,2,24,-22
213000175,63,21,42
213000176,46,70,-24
213000177,13,16,-3
213000178,53,0,53
213000179,194,34,160
213000180,372,25,347
213000184,35,481,-446
213000188,631,108,523
213000189,1037,52,985
213000190,535,524,11
213000191,710,165,545
213000192,399,120,279
213000193,817,184,633
213000194,1,252,-251
213000195,66,415,-349
213000196,327,2679,-2352
213000197,722,1375,-653
213000198,16,4,12
213000200,121,437,-316
213000201,26,91,-65
213000202,31,564,-533
213000203,2164,264,1900
213000204,1584,29,1555
213000205,433,27,406
213000206,1067,17,1050
213000207,22,3,19
213000208,34,10,24
213000209,139,0,139
213000210,130,0,130
213000211,20,73,-53
213000212,21,177,-156
213000213,26,122,-96
213000218,359,504,-145
213000219,1643,114,1529
213000220,1609,11,1598
213000223,361,214,147
213000224,46,90,-44
213000225,78,13,65
213000226,61,7,54
213000227,1775,157,1618
213000228,1066,97,969
213000229,123,72,51
213000230,978,31,947
213000232,199,25,174
213000233,48,270,-222
213000234,6,73,-67
213000293,18,154,-136
213000294,100,88,12
213000295,38,156,-118
213000296,175,20,155
213000297,5,53,-48
213000298,6,38,-32
213000299,161,30,131
213000300,3,7,-4
213000303,7,25,-18
213000304,0,17,-17
213000305,2,69,-67
213000306,16,1047,-1031
213000307,167,792,-625
213000308,58,188,-130
213000309,374,48,326
213000310,249,185,64
213000311,81,694,-613
213000315,74,317,-243
213000316,449,190,259
213000322,3,14,-11
213000323,39,36,3
213000340,192,394,-202
213000341,1453,98,1355
213000346,127,351,-224
213000347,351,1006,-655
213000348,2,128,-126
213000349,0,1,-1
213000350,204,1070,-866
213000366,78,168,-90
213000367,725,24,701
213000379,12,187,-175
213000386,35,30,5
213000406,575,82,493
213000417,2469,755,1714
213000425,377,61,316
213000426,243,21,222
213000427,29,35,-6
213000428,126,169,-43
213000429,4,21,-17
213000430,102,316,-214
213000431,10,2,8
213000432,0,36,-36
213000433,32,46,-14
213000434,260,79,181
213000435,120,64,56
213000439,73,37,36
213000441,0,0,0
213000443,853,460,393
213000445,1,52,-51
213000446,0,21,-21
213000447,0,118,-118
213000448,3,229,-226
213000449,1111,7,1104
213000450,25,29,-4
213000451,372,19,353
213000452,11,7,4
213000453,45,281,-236
213000455,60,0,60
213000456,1,186,-185
213000481,16,11,5
213000482,35,0,35
213000489,130,88,42
213000491,54,574,-520
213000492,102,3,99
213000493,4,327,-323
213000494,172,69,103
213000495,0,6,-6
213000496,594,163,431
213000497,112,135,-23
213000498,80,50,30
213000499,155,133,22
213000500,533,55,478
213000501,308,57,251
213000502,204,123,81
213000503,0,17,-17
213000504,2,22,-20
213000505,15,48,-33
213000506,0,4,-4
213000507,0,40,-40
213900244,75,0,75
213900245,0,4,-4
218000003,51,114,-63
218000004,29,46,-17
218000005,102,65,37
218000006,70,99,-29
218000007,27,45,-18
218000012,334,409,-75
218000013,567,306,261
218000014,401,361,40
218000019,335,408,-73
218000020,408,373,35
218000040,5,14,-9
218000046,125,40,85
218000047,23,47,-24
218000048,119,43,76
218000049,40,30,10
218000050,168,53,115
218000051,75,127,-52
218000052,0,39,-39
218000053,2,33,-31
218000054,16,50,-34
218000055,2,47,-45
218000056,17,86,-69
218000057,0,26,-26
218000064,1,13,-12
218000065,66,34,32
218000066,36,89,-53
218000067,113,136,-23
218000068,252,64,188
218000069,595,91,504
218000070,275,311,-36
218000071,308,302,6
218000072,138,349,-211
218000078,1823,340,1483
218000079,398,66,332
218000080,310,43,267
218000081,798,61,737
218000082,160,58,102
218000083,176,92,84
218000084,306,60,246
218000085,317,139,178
218000086,190,54,136
218000087,206,42,164
218000090,86,279,-193
218000091,1529,762,767
218000092,276,241,35
218000093,117,59,58
218000094,578,622,-44
218000099,222,451,-229
218000100,629,229,400
218000101,371,171,200
218000102,788,155,633
218000103,175,112,63
218000104,142,21,121
218000105,17,13,4
218000106,38,4,34
218000107,85,76,9
218000108,6,14,-8
218000112,76,34,42
218000117,42,178,-136
218000134,844,498,346
218000135,18,95,-77
218000136,195,118,77
218000137,152,163,-11
218000138,66,126,-60
218000139,261,291,-30
218000140,922,558,364
218000141,90,81,9
218000142,202,237,-35
218000143,39,494,-455
218000144,30,196,-166
218000145,921,449,472
218000146,219,127,92
218000151,4,24,-20
218000152,87,37,50
218000170,2,12,-10
218000171,92,37,55
218000172,2,12,-10
218000173,10,17,-7
218000174,54,20,34
218000176,354,39,315
218000177,404,103,301
218000178,118,54,64
218000179,297,36,261
218000180,149,22,127
218000181,485,14,471
218000187,35,80,-45
218000188,35,76,-41
218000189,24,145,-121
218000190,0,20,-20
218000191,480,46,434
218000192,349,139,210
218000193,693,230,463
218000194,265,232,33
218000195,223,63,160
218000196,437,181,256
218000197,688,192,496
218000198,148,63,85
218000199,19,6,13
218000200,27,68,-41
218000201,8,7,1
218000202,87,799,-712
218000207,17,12,5
218000208,51,237,-186
218000211,49,32,17
218000213,144,65,79
218000214,1,24,-23
218000215,63,112,-49
218000217,24,49,-25
218000218,58,19,39
218000219,4,439,-435
218000220,66,2207,-2141
218000221,496,328,168
218000222,3,295,-292
218000223,27,487,-460
218000224,1,124,-123
218000225,246,25,221
218000226,207,84,123
218000232,66,38,28
218000239,168,5,163
218000240,11,4,7
218000241,26,0,26
218000242,2,0,2
218000243,41,3,38
218000244,20,3,17
218000245,42,5,37
218000246,0,6,-6
218000247,0,0,0
218000248,0,15,-15
218000249,0,1,-1
218000250,2,5,-3
218000251,0,18,-18
218000252,0,85,-85
218000253,0,48,-48
218000254,0,38,-38
218000255,0,5,-5
218000256,1,42,-41
218000267,605,1302,-697
218000268,7,37,-30
218000269,13,50,-37
218000270,252,29,223
218000271,23,8,15
218000273,59,7,52
218000274,11,8,3
218000275,146,108,38
218000276,27,17,10
218000278,34,126,-92
218000279,105,39,66
218000280,0,19,-19
218000281,3,58,-55
218000282,697,1246,-549
218000284,74,4,70
218000301,56,129,-73
218000302,45,66,-21
218000303,35,190,-155
218000316,1973,1042,931
218000317,2981,879,2102
218000318,1841,607,1234
218000319,2561,638,1923
218000320,1958,801,1157
218000338,4,192,-188
218000345,153,401,-248
218000346,31,349,-318
218000459,32,160,-128
218000490,13,105,-92
218000501,139,32,107
218000502,149,45,104
218000503,162,17,145
218000504,160,35,125
218000505,28,108,-80
218000506,32,430,-398
218000508,1,4,-3
218000510,70,6,64
218000520,148,129,19
218000521,34,32,2
218000522,1,665,-664
218000523,188,3,185
218000524,3,301,-298
218000525,111,32,79
218000526,34,213,-179
218000529,77,90,-13
218000531,26,24,2
218000532,52,5,47
218000534,399,8,391
218000537,6,188,-182
218000538,53,404,-351
218000540,82,127,-45
218000543,206,158,48
218000544,22,73,-51
218000545,179,113,66
218000546,25,76,-51
218000547,210,135,75
218000548,91,88,3
218000549,947,101,846
218000550,200,111,89
218000551,121,583,-462
218000552,275,361,-86
218000553,25,171,-146
218000554,75,46,29
218000555,53,120,-67
218000556,241,158,83
218000557,916,306,610
218000558,36,0,36
218000559,0,25,-25
218000560,0,29,-29
218000561,13,0,13
218000562,13,141,-128
218000563,162,37,125
218000564,1,132,-131
218000565,54,26,28
218000566,25,8,17
218000567,0,81,-81
218000568,0,0,0
218000569,4,316,-312
218000570,9,7,2
218000571,0,199,-199
218000572,198,3,195
218000573,5,107,-102
218000574,56,13,43
218000575,86,0,86
218000576,0,68,-68
218000577,89,4,85
218000578,1,274,-273
218000585,32,1,31
218000586,4,86,-82
218000587,17,10,7
218000589,1,4,-3
218000590,0,6,-6
218000591,5,132,-127
218000592,2,0,2
218000593,0,22,-22
218000594,19,14,5
218000597,1,7,-6
218000598,0,2,-2
218000599,2,54,-52
218000600,0,2,-2
218000601,1,55,-54
218000602,2,28,-26
218000603,0,8,-8
218000604,7,0,7
218000605,0,151,-151
218000606,198,1,197
218000607,17,98,-81
218000608,13,84,-71
218000609,4,117,-113
218000610,67,72,-5
218000611,112,54,58
218000612,52,75,-23
218000613,154,52,102
218000614,10,54,-44
218000615,178,20,158
218000616,23,267,-244
218000617,62,2,60
218000618,8,113,-105
218000619,21,12,9
218000620,13,44,-31
218000621,0,0,0
218000622,1,107,-106
218000623,16,2,14
218000624,0,121,-121
218000625,1,0,1
218000626,0,17,-17
218000628,317,518,-201
218000631,20,31,-11
218000632,2,191,-189
218000633,145,2,143
218000634,14,34,-20
218000635,18,14,4
218000636,1381,418,963
218000637,1559,408,1151
218000638,282,44,238
218000639,30,83,-53
218000640,673,13,660
218000641,181,145,36
218000652,35,29,6
218000653,280,48,232
218000663,29,56,-27
218000675,19,126,-107
218000680,405,199,206
218000681,621,212,409
218000691,430,224,206
218000693,668,108,560
218000718,10,112,-102
218000719,61,233,-172
218000720,4,196,-192
218000721,34,19,15
218001147,1,128,-127
218001214,78,70,8
218001258,980,6,974
218001329,195,219,-24
218001330,98,232,-134
218001351,52,19,33
218001352,12,69,-57
218001353,12,17,-5
218001354,27,47,-20
218001355,10,132,-122
218001356,563,152,411
218001357,6,113,-107
218001358,705,18,687
218001361,1600,11,1589
218001362,1,61,-60
219000001,30,52,-22
219000002,48,80,-32
219000003,91,27,64
219000004,78,112,-34
219000017,98,379,-281
219000020,331,22,309
219000022,171,1,170
219000023,69,1,68
219000029,1,213,-212
219000034,74,65,9
219000039,36,317,-281
219000040,42,80,-38
219000041,263,67,196
219000051,0,402,-402
219000052,8,212,-204
219000053,5,130,-125
219000055,487,1,486
219000056,5,0,5
219000057,94,0,94
219000062,47,359,-312
219000063,158,33,125
219000064,0,97,-97
219000110,266,178,88
219000111,155,65,90
219000112,234,94,140
219000113,308,47,261
219000114,251,48,203
219000116,320,61,259
219000117,193,45,148
219000118,158,76,82
219000123,394,101,293
219000124,74,54,20
219000125,55,9,46
219000126,157,187,-30
219000127,1,19,-18
219000128,42,248,-206
219000129,49,177,-128
219000130,242,880,-638
219000131,1146,1540,-394
219000133,40,141,-101
219000134,23,71,-48
219000135,11,139,-128
219000136,146,306,-160
219000138,134,20,114
219000139,125,8,117
219000140,98,0,98
219000141,78,44,34
219000142,8,38,-30
219000143,38,38,0
219000145,13,48,-35
219000146,0,23,-23
219000147,4,43,-39
219000148,4,24,-20
219000149,19,48,-29
219000150,2,46,-44
219000151,5,47,-42
219000157,318,165,153
219000158,263,282,-19
219000161,192,23,169
219000163,1259,376,883
219000166,164,220,-56
219000167,149,182,-33
219000168,249,135,114
219000174,817,177,640
219000175,241,9,232
219000176,299,26,273
219000177,86,8,78
219000178,96,2,94
219000179,59,3,56
219000180,95,20,75
219000182,269,5,264
219000183,152,24,128
219000184,204,1,203
219000185,4,56,-52
219000186,208,40,168
219000187,40,136,-96
219000189,72,297,-225
219000190,86,294,-208
219000191,215,2455,-2240
219000192,321,272,49
219000193,713,297,416
219000195,0,76,-76
219000196,5,140,-135
219000198,12,40,-28
219000199,74,154,-80
219000200,49,172,-123
219000201,78,161,-83
219000203,29,97,-68
219000204,99,324,-225
219000205,53,127,-74
219000207,163,202,-39
219000209,102,61,41
219000210,51,574,-523
219000213,12,435,-423
219000239,199,199,0
219000240,165,585,-420
219000241,106,356,-250
219000242,89,298,-209
219000243,181,263,-82
219000244,15,118,-103
219000245,8,140,-132
219000246,20,27,-7
219000247,382,41,341
219000248,710,729,-19
219000249,290,195,95
219000250,300,83,217
219000251,798,353,445
219000252,309,170,139
219000253,353,122,231
219000255,253,132,121
219000256,543,62,481
219000257,145,0,145
219000262,109,80,29
219000263,99,102,-3
219000267,28,101,-73
219000268,4,67,-63
219000269,6,9,-3
219000270,41,0,41
219000271,527,1,526
219000278,2,30,-28
219000279,0,11,-11
219000283,1,12,-11
219000295,44,102,-58
219000296,84,252,-168
219000297,64,57,7
219000298,60,33,27
219000299,530,64,466
219000300,84,107,-23
219000301,44,165,-121
219000302,44,133,-89
219000307,39,24,15
219000308,106,55,51
219000311,215,74,141
219000312,505,195,310
219000313,594,109,485
219000314,105,137,-32
219000315,622,41,581
219000316,788,81,707
219000317,283,8,275
219000320,0,212,-212
219000321,0,52,-52
219000323,3,118,-115
219000325,0,11,-11
219000326,66,68,-2
219000327,18,19,-1
219000328,20,10,10
219000329,280,158,122
219000330,14,31,-17
219000331,73,76,-3
219000332,379,120,259
219000333,86,3,83
219000335,133,1,132
219000337,19,5,14
219000338,46,2,44
219000344,24,46,-22
219000345,78,16,62
219000346,36,29,7
219000348,211,83,128
219000349,78,115,-37
219000350,48,410,-362
219000351,0,6,-6
219000352,91,95,-4
219000353,96,101,-5
219000354,397,104,293
219000355,117,100,17
219000356,473,2435,-1962
219000363,106,150,-44
219000364,259,110,149
219000365,202,35,167
219000366,220,823,-603
219000368,323,761,-438
219000370,715,928,-213
219000371,15,10,5
219000382,7,47,-40
219000383,326,1693,-1367
219000385,185,1075,-890
219000386,731,2410,-1679
219000387,0,13,-13
219000390,4,17,-13
219000391,27,0,27
219000397,49,19,30
219000398,33,38,-5
219000401,24,122,-98
219000402,37,85,-48
219000403,38,158,-120
219000404,43,81,-38
219000407,24,44,-20
219000409,114,52,62
219000410,159,26,133
219000411,102,23,79
219000446,154,407,-253
219000447,10,27,-17
219000448,23,15,8
219000452,120,199,-79
219000453,64,361,-297
219000454,257,575,-318
219000556,537,141,396
219000558,71,176,-105
219000590,16,307,-291
219000591,219,113,106
219000592,42,371,-329
219000595,14,4,10
219000635,333,43,290
219000636,81,91,-10
219000657,16,10,6
219000658,5,160,-155
219000673,0,33,-33
219000676,5,5,0
219000679,23,43,-20
219000684,98,18,80
219000685,0,70,-70
219000686,0,11,-11
219000688,0,69,-69
219000689,5,134,-129
219000690,155,41,114
219000691,28,127,-99
219000692,237,17,220
219000693,0,15,-15
219000694,4,0,4
219000695,101,0,101
219000698,11,0,11
219000699,0,168,-168
219000727,1,376,-375
219000728,208,2,206
219000770,12,22,-10
219000771,0,88,-88
219000788,316,621,-305
219001150,0,56,-56
219001151,0,3,-3
219001166,95,51,44
219001167,8,71,-63
219001178,66,1,65
220000001,20,202,-182
220000002,10,190,-180
220000003,290,225,65
220000004,552,693,-141
220000005,573,1925,-1352
220000006,227,806,-579
220000007,596,208,388
220000008,404,419,-15
220000009,468,341,127
220000010,119,116,3
220000011,485,5047,-4562
220000012,272,1107,-835
220000014,437,1178,-741
220000015,58,547,-489
220000017,29,581,-552
220000018,9134,2639,6495
220000019,184,861,-677
220000020,644,200,444
220000021,1298,270,1028
220000022,1584,319,1265
220000023,353,201,152
220000024,1115,683,432
220000025,660,2444,-1784
220000026,391,1107,-716
220000027,16,419,-403
220000028,32,178,-146
220000029,893,340,553
220000030,137,343,-206
220000031,762,809,-47
220000064,49,2838,-2789
221000046,1,0,1
221000047,0,0,0
221000048,0,6,-6
221000049,0,7,-7
221000050,15,5,10
221000055,47,90,-43
221000057,89,4,85
221000068,189,84,105
221000069,357,54,303
221000070,292,29,263
221000071,114,4,110
221000072,326,10,316
221000073,303,17,286
221000074,0,7,-7
221000075,7,76,-69
221000076,6,36,-30
221000077,20,63,-43
221000081,25,14,11
221000082,86,5,81
221000083,5,8,-3
221000084,5,7,-2
221000085,23,77,-54
221000086,11,62,-51
221000087,2,107,-105
221000088,2,126,-124
221000089,32,230,-198
221000090,56,472,-416
221000098,231,17,214
221000099,473,9,464
221000100,276,10,266
221000101,213,4,209
221000102,155,23,132
221000109,7,56,-49
221000110,8,46,-38
221000111,16,138,-122
221000112,8,157,-149
221000113,13,78,-65
221000114,2,115,-113
221000120,6,141,-135
221000121,1,66,-65
221000122,19,66,-47
221000123,34,93,-59
221000124,7,73,-66
221000155,92,48,44
221000156,141,96,45
221000175,6,36,-30
221000176,0,0,0
221000182,63,4,59
221000241,477,317,160
221000242,123,342,-219
221000243,822,268,554
221000244,159,836,-677
221000245,261,245,16
221000246,63,511,-448
221000247,278,240,38
221000248,168,204,-36
221000267,36,728,-692
221000325,13,108,-95
221000331,5,74,-69
221000338,3,86,-83
221000378,358,97,261
221000381,48,115,-67
222000282,2,5,-3
222000296,1,24,-23
222000568,424,13,411
222000569,175,46,129
222000570,128,16,112
222000571,463,34,429
222000577,4,25,-21
222000578,0,88,-88
222000579,9,92,-83
222000580,20,520,-500
222000599,0,52,-52
222000600,1,85,-84
222000601,3,495,-492
222000603,3,111,-108
222000604,2,207,-205
222000605,10,45,-35
222000606,0,62,-62
222000607,3,7,-4
222000608,9,30,-21
222000609,21,66,-45
222000616,552,78,474
222000617,14,97,-83
222000618,5,35,-30
222000620,22,70,-48
222000621,49,72,-23
222000623,760,7,753
222000624,535,7,528
222000625,1583,42,1541
222000636,75,8,67
222000686,15,97,-82
222000687,85,32,53
222001066,321,0,321
222001067,26,1,25
222001068,154,29,125
222001069,127,28,99
222001082,24,9,15
222001083,84,6,78
222001084,0,67,-67
222001085,0,197,-197
222001111,142,32,110
222001112,304,11,293
222001313,5,23,-18
222001314,0,97,-97
222001464,460,113,347
222001465,38,66,-28
222001484,365,63,302
222001485,38,74,-36
222001494,986,295,691
222001495,128,82,46
222001496,544,124,420
222001497,171,147,24
222001502,11,37,-26
222001503,269,26,243
222001504,4,136,-132
222001505,373,7,366
222001506,27,171,-144
222001507,282,9,273
222001510,1034,12,1022
222001511,84,190,-106
222001514,680,75,605
222001515,34,362,-328
222001518,697,32,665
222001519,28,197,-169
222001527,220,18,202
222001528,21,264,-243
222001529,467,17,450
222001530,66,98,-32
222001533,118,75,43
222001534,656,23,633
222001535,695,315,380
222001536,94,56,38
222001537,517,33,484
222001538,19,248,-229
222001563,1401,93,1308
222001564,48,197,-149
222001568,208,115,93
222001576,0,13,-13
222001579,0,10,-10
222001583,17,58,-41
222001584,203,54,149
222001596,360,958,-598
222001597,1631,352,1279
222001626,0,21,-21
222001650,7,135,-128
222001651,9,266,-257
222001914,207,21,186
222001915,26,164,-138
222001968,829,294,535
222001969,226,443,-217
222001970,47,265,-218
222001971,52,4,48
222001972,12,4,8
225000001,529,277,252
225000002,1174,255,919
225000003,1269,117,1152
225000004,829,247,582
225000005,70,56,14
225000006,2,622,-620
225000007,2477,1574,903
225000010,374,5,369
225000011,449,3053,-2604
225000012,375,1212,-837
225000013,197,242,-45
225000014,1122,364,758
225000015,278,240,38
225000021,965,133,832
225000027,526,703,-177
225000032,871,133,738
225000042,237,598,-361
225000049,157,61,96
225000050,230,21,209
225000053,16,229,-213
225000058,1251,422,829
225000067,500,139,361
225000068,302,491,-189
225000069,131,759,-628
225000070,257,464,-207
225000071,62,95,-33
225000075,80,3530,-3450
225000076,112,395,-283
225000078,50,166,-116
225000085,165,101,64
225000086,611,70,541
225000087,245,8,237
225000088,67,317,-250
225000089,74,561,-487
225000090,69,902,-833
225000091,85,219,-134
225000092,87,98,-11
225000093,578,276,302
225000094,24,174,-150
225000095,462,410,52
225000096,116,387,-271
225000098,1029,198,831
225000099,613,246,367
225000100,877,208,669
225000104,288,599,-311
225000110,25,411,-386
225000111,480,688,-208
225000112,748,1178,-430
225000113,332,2755,-2423
225000114,201,1067,-866
225000115,2621,821,1800
225000116,426,328,98
225000117,958,582,376
225000118,1770,427,1343
225000119,732,119,613
225000120,1340,60,1280
225000121,271,25,246
225000123,907,32,875
225000125,946,411,535
225000126,1412,619,793
225000127,470,3246,-2776
225000128,600,1366,-766
225000132,1077,60,1017
225000133,427,39,388
225000134,1153,165,988
225000135,167,9,158
225000136,1067,7,1060
225000137,573,104,469
225000138,786,162,624
225000143,235,387,-152
225000144,48,422,-374
225000145,45,86,-41
225000146,216,23,193
225000147,169,72,97
225000148,22,70,-48
225000149,104,171,-67
225000151,31,118,-87
225000155,299,386,-87
225000156,350,1419,-1069
225000157,1095,798,297
225000158,101,397,-296
225000171,6,240,-234
225000180,109,93,16
225000181,0,270,-270
225000182,119,34,85
225000185,12,550,-538
225000187,162,327,-165
225000191,98,0,98
225000194,0,10,-10
225000208,0,92,-92
225000209,246,15,231
225000210,18,250,-232
225000217,0,11,-11
225000218,34,7,27
225000223,0,886,-886
225000224,286,21,265
225000225,2,584,-582
225000226,29,13,16
225000227,245,671,-426
225000228,6,19,-13
225000229,0,69,-69
225000230,20,0,20
225000231,0,45,-45
225000232,248,0,248
225000241,67,2,65
225000242,0,98,-98
225000249,22,16,6
225000250,53,422,-369
225000251,1003,264,739
226000042,93,262,-169
226000043,133,417,-284
226000044,163,850,-687
226000045,177,967,-790
226000046,1021,385,636
226000047,841,364,477
226000048,654,321,333
226000049,830,575,255
226000070,0,10,-10
226000071,0,103,-103
226000072,1,72,-71
226000073,0,34,-34
226000074,0,20,-20
226000084,1,43,-42
226000085,2,124,-122
226000086,0,78,-78
226000087,0,26,-26
226000088,1,25,-24
226000090,922,525,397
226000091,12,145,-133
226000092,0,15,-15
226000093,20,13,7
226000094,4,32,-28
226000095,30,32,-2
226000105,0,2,-2
226000106,26,0,26
226000107,13,0,13
226000108,22,0,22
226000109,235,0,235
226000124,161,323,-162
226000134,1308,813,495
226000135,2430,1037,1393
226000136,1095,721,374
226000137,2,82,-80
226000138,28,159,-131
226000139,35,102,-67
226000156,666,8,658
226000157,363,15,348
226000163,218,702,-484
226000202,15,208,-193
226000231,1806,10,1796
226000232,38,9,29
227000037,830,16,814
227000038,316,73,243
227000049,1,363,-362
227000050,1,320,-319
227000055,92,0,92
227000056,29,1,28
227000084,7,129,-122
227000085,1,179,-178
227000088,18,13,5
227000089,68,8,60
227000090,11,1,10
227000091,36,1,35
227000093,104,1,103
227000094,9,0,9
227000130,170,234,-64
227000131,50,215,-165
227000132,129,106,23
227000133,16,120,-104
227000134,76,140,-64
227000152,0,5,-5
227000153,0,200,-200
227000155,7,64,-57
227000156,1,22,-21
227000165,3,131,-128
227000196,55,131,-76
227000199,787,18,769
227000230,24,243,-219
227000232,603,51,552
227000241,926,26,900
227000242,59,534,-475
227000243,509,59,450
227000244,538,47,491
227000245,58,193,-135
227000246,99,258,-159
227000247,701,28,673
227000248,198,216,-18
227000249,65,771,-706
227000251,203,1038,-835
227000252,47,153,-106
227000253,324,94,230
227000262,841,25,816
227000266,1661,22,1639
227000267,36,721,-685
227000486,450,616,-166
227000655,586,7,579
227000661,76,37,39
227000680,127,137,-10
229000265,60,48,12
229000296,0,27,-27
229000297,7,13,-6
229000298,4,108,-104
229000320,3,1,2
229000321,29,2,27
229000412,2,135,-133
229000414,7,61,-54
229000415,3,1,2
229000416,21,0,21
229000417,2,1,1
229000419,60,127,-67
229000440,226,79,147
229000442,26,7,19
229000443,6,16,-10
229000444,5,32,-27
229000445,41,7,34
229000446,35,22,13
229000847,218,0,218
229000848,74,1,73
229000849,218,2,216
229000851,151,1,150
229000854,1,40,-39
229000856,0,95,-95
229000857,2,30,-28
229000858,1,62,-61
229000919,5,61,-56
229000930,21,220,-199
229000937,142,14,128
229000966,114,12,102
229000981,42,26,16
229000985,5,11,-6
229000986,0,4,-4
229000987,0,2,-2
229000988,2,6,-4
229000989,0,19,-19
229000990,0,3,-3
229000991,0,0,0
229000992,3,2,1
229000993,173,10,163
229000998,39,63,-24
229000999,97,3,94
229001034,0,31,-31
229001035,6,2,4
229001037,36,2,34
229001042,33,10,23
229001047,13,33,-20
229001050,59,50,9
229001200,54,1,53
229001338,3,4,-1
229001394,263,2,261
229001422,224,20,204
229001423,9,107,-98
229001431,82,58,24
229001432,32,139,-107
229001444,140,33,107
229001445,165,63,102
229001503,355,104,251
229001504,125,177,-52
229001505,250,39,211
229001506,73,80,-7
229001509,70,9,61
229001545,168,4,164
229001546,1,90,-89
229001553,194,27,167
229001554,22,53,-31
229001559,14,2,12
229001560,19,76,-57
229001630,51,7,44
229001631,6,33,-27
229001635,0,17,-17
229001636,0,0,0
229001658,0,99,-99
229001659,64,6,58
229001660,1,18,-17
229001661,0,73,-73
229001662,32,6,26
229001663,1,264,-263
229002584,146,164,-18
229002831,72,34,38
229002841,3,35,-32
229002842,21,105,-84
229002843,28,19,9
229002844,25,95,-70
229002845,1,116,-115
229002846,4,61,-57
229002847,1,15,-14
229002848,9,21,-12
229002849,0,48,-48
229002850,5,0,5
229002851,12,125,-113
229002852,103,157,-54
229002853,70,144,-74
229002854,23,47,-24
229002855,22,135,-113
229002856,21,33,-12
229002857,6,146,-140
229002858,6,5,1
229002859,1,105,-104
229002860,25,63,-38
229002861,74,47,27
229002862,10,56,-46
229002863,17,21,-4
229002864,45,100,-55
229002865,0,6,-6
229002866,2,19,-17
229002867,2,53,-51
229002868,7,27,-20
229002869,4,81,-77
229002870,16,38,-22
235000066,136,42,94
235000067,91,110,-19
235000072,27,99,-72
235000073,96,418,-322
235000074,58,62,-4
235000080,11,131,-120
235000081,105,194,-89
235000082,318,28,290
235000083,274,43,231
235000084,32,123,-91
235000085,150,76,74
235000089,56,5,51
235000092,30,88,-58
235000093,8,6,2
235000097,0,0,0
235000098,64,3,61
235000099,19,29,-10
235000116,13,29,-16
235000117,561,16,545
235000133,25,433,-408
235000134,16,166,-150
235000206,3,4,-1
235000207,8,0,8
235000208,2,2,0
235000209,0,5,-5
235000210,5,1,4
235000212,0,8,-8
235000213,0,23,-23
235000220,0,2,-2
235000221,8,129,-121
235000238,19,459,-440
235000239,1,135,-134
235000242,587,1019,-432
235000245,372,215,157
235000246,10,69,-59
235000284,6,83,-77
235000295,103,5,98
235000305,302,20,282
235000306,283,24,259
235000307,50,2,48
235000308,50,1,49
235000309,139,0,139
235000310,15,0,15
235000311,84,147,-63
235000322,0,17,-17
235000323,7,31,-24
235000324,1,22,-21
235000325,7,14,-7
235000326,27,31,-4
235000351,1,83,-82
235000352,18,67,-49
235000353,0,36,-36
235000354,5,23,-18
235000355,11,32,-21
235000356,35,7,28
235000357,39,4,35
235000358,47,1,46
235000359,4,6,-2
235000360,49,7,42
235000361,75,17,58
235000381,145,82,63
235000382,158,60,98
235000390,6,4,2
235000391,249,21,228
235000392,242,243,-1
235000393,167,182,-15
235000395,149,25,124
235000396,365,66,299
235000400,13,141,-128
235000401,5,248,-243
235000405,72,108,-36
235000406,26,81,-55
235000407,72,104,-32
235000409,132,110,22
235000410,105,212,-107
235000411,0,64,-64
235000485,0,7,-7
235000486,1,0,1
235000549,44,87,-43
235000550,112,142,-30
235000599,179,67,112
235000600,5,9,-4
235000601,4,12,-8
235000602,120,62,58
235000614,0,6,-6
235000648,2,3,-1
235000649,51,1,50
235000685,1,4,-3
235000815,10,25,-15
235000834,1,26,-25
235000855,46,34,12
235000862,35,69,-34
235000891,0,94,-94
235000892,3,1,2
235000901,59,23,36
235000907,0,3,-3
235001010,149,42,107
235001029,77,191,-114
235001030,224,134,90
235001078,109,45,64
235001079,40,53,-13
235001147,34,96,-62
235001166,5,23,-18
235001167,48,16,32
235001169,83,196,-113
235001188,0,15,-15
235001189,1,3,-2
235001197,2,41,-39
235001200,75,43,32
235001207,736,34,702
235001210,206,181,25
235001215,43,100,-57
235001239,0,15,-15
235001244,1,22,-21
235016267,0,219,-219
277102712,51,22,29
277103813,0,0,0
277104249,0,4,-4
277104250,0,23,-23
277104251,16,24,-8
277104252,0,2,-2
990011530,0,464,-464
990014944,0,135,-135
990015176,226,0,226
990016032,0,111,-111
990032570,0,14,-14
990070001,75,5,70
990070103,0,1,-1
990070601,0,13,-13
990070751,2365,1,2364
990070766,0,107,-107
990071180,706,480,226
990071343,118,4,114
990071387,0,3,-3
990071823,16,2,14
990072600,2,490,-488
990072964,0,110,-110
990073285,0,0,0
990074393,20,426,-406
990074870,2192,106,2086
990075106,660,7,653
990075746,762,3,759
990076437,4816,39,4777
990076458,2,347,-345
997000007,390,5,385
997000041,1,209,-208
997000058,54,0,54
997000062,14,7,7
997000069,0,4,-4
997000070,0,3,-3
997000100,158,0,158
997000141,1,132,-131
997000198,6,122,-116
998000475,0,0,0
998000736,0,47,-47
998000965,0,55,-55
998001031,0,58,-58
998001700,0,35,-35
998001899,0,0,0
998001900,9,2,7
998003073,1252,28,1224
998101900,0,0,0
998102850,0,56,-56
998501927,480,1323,-843
998501929,268,100,168
998501930,162,0,162
998501931,321,113,208
998501932,17,0,17
998501933,56,0,56
998501937,18,1,17
998501944,3,0,3
998501950,0,5,-5
998501970,220,2,218
998501971,0,39,-39
998501973,0,12,-12
998501974,21,81,-60
998501975,204,56,148
998501976,729,21,708
998501977,1,19,-18
998501978,13,0,13
998501979,0,1,-1
998501980,195,2,193
998501981,44,4,40
998501982,0,140,-140
998501983,0,1,-1
998502006,0,0,0
998502024,0,24,-24
998502032,0,0,0
998502062,15,0,15
998502063,0,0,0
998502173,95,1,94
998502269,1,21,-20
998502546,0,675,-675
998502578,1,0,1
998502599,28,647,-619
998502621,2,7,-5
998601159,0,19,-19
998601292,1,33,-32
999033574,0,165,-165
999800001,82,62,20
999800002,0,1,-1
999800003,3,1,2
999800004,0,3,-3
999800005,0,63,-63
