ID,insum,outsum,diff
100000001,384,209,175
100000002,1053,277,776
100000003,3824,1079,2745
100000004,934,480,454
100000005,977,1177,-200
100000006,271,43,228
100000007,929,217,712
100000008,72,387,-315
100000009,161,99,62
100000010,12,17,-5
100000011,272,27,245
100000012,29,397,-368
100000013,17,150,-133
100000014,183,299,-116
100000015,916,621,295
100000016,711,907,-196
100000017,401,807,-406
100000018,956,428,528
100000019,3602,992,2610
100000020,1024,1604,-580
100000021,5138,1198,3940
100000022,1085,426,659
100000023,4344,409,3935
100000025,1502,268,1234
100000028,1306,443,863
100000029,242,136,106
100000030,388,19,369
100000031,2354,2223,131
100000032,1809,1504,305
100000033,450,1144,-694
100000034,511,145,366
100000035,1190,360,830
100000036,1884,593,1291
100000037,230,308,-78
100000038,539,533,6
100000039,320,63,257
100000040,94,45,49
100000041,264,176,88
100000042,269,177,92
100000043,366,133,233
100000044,269,586,-317
100000045,320,951,-631
100000046,351,853,-502
100000047,161,522,-361
100000048,217,379,-162
100000049,1122,1856,-734
100000051,256,757,-501
100000053,10,7,3
100000054,83,23,60
100000055,308,177,131
100000056,158,363,-205
100000057,988,545,443
100000058,539,862,-323
100000059,3,69,-66
100000060,171,172,-1
100000061,852,287,565
100000062,730,284,446
100000063,203,154,49
100000064,515,207,308
100000065,185,747,-562
100000066,101,638,-537
100000067,219,616,-397
100000068,325,1225,-900
100000069,152,1408,-1256
100000072,258,672,-414
100000073,846,926,-80
100000075,378,213,165
100000076,1373,916,457
100000077,549,95,454
100000078,71,10,61
100000079,30,12,18
100000080,8,4,4
100000081,44,17,27
100000102,1671,663,1008
100000103,2138,342,1796
100000104,2941,664,2277
100000105,2510,284,2226
100000106,1483,823,660
100000107,320,187,133
100000108,619,607,12
100000109,2392,642,1750
100000116,890,249,641
100000117,19,21,-2
100000118,705,405,300
100000119,351,330,21
100000121,105,521,-416
100000122,664,428,236
100000123,2451,2358,93
100000124,4725,2736,1989
100000125,1722,322,1400
100000126,437,139,298
100000127,1148,226,922
100000128,477,421,56
100000129,280,237,43
100000130,193,454,-261
100000131,2722,1395,1327
100000132,972,590,382
100000133,5915,1538,4377
100000135,273,313,-40
100000139,114,276,-162
100000140,70,64,6
100000142,181,383,-202
100000143,1270,686,584
100000144,3153,703,2450
100000147,539,1165,-626
100000150,18,327,-309
100000151,337,316,21
100000153,223,113,110
100000154,44,26,18
100000155,0,3,-3
100000156,25,13,12
100000157,29,268,-239
100000158,15,130,-115
100000159,325,210,115
100000165,768,439,329
100000169,436,254,182
100000174,1078,224,854
100000179,48,397,-349
100000180,440,592,-152
100000181,104,205,-101
100000188,67,256,-189
100000189,337,236,101
100000190,322,140,182
100000191,310,250,60
100000192,51,52,-1
100000193,78,72,6
100000330,1420,315,1105
100000355,103,334,-231
100000362,3641,2333,1308
100000363,1406,2053,-647
100000364,256,90,166
100000365,2197,4376,-2179
100000366,2579,1475,1104
100000367,1521,2487,-966
100000368,1650,1234,416
100000369,547,678,-131
100000370,43,159,-116
100000376,86,58,28
100000379,1944,666,1278
100000380,2591,897,1694
100000384,3603,1364,2239
100000385,4524,1544,2980
100000386,6488,1596,4892
100000387,5950,1793,4157
100000388,7073,1583,5490
100000389,6224,1700,4524
100000390,6858,1153,5705
100000391,4465,1441,3024
100000392,2481,572,1909
100000393,879,543,336
100000394,4521,1254,3267
100000395,2057,572,1485
100000396,3570,752,2818
100000397,1905,730,1175
100000398,7755,5124,2631
100000413,22,0,22
100000414,239,94,145
100900002,0,37,-37
100900003,227,48,179
100900004,13,582,-569
100900005,36,3,33
100900006,6,121,-115
100900007,347,0,347
100900008,1,370,-369
100900009,5,16,-11
100900010,11,89,-78
100900011,10,254,-244
100900012,1,243,-242
100900013,126,1,125
100900014,0,8,-8
100900015,89,65,24
100900016,0,34,-34
100900017,254,12,242
100900018,4,22,-18
100900019,5,18,-13
100900020,165,1,164
100900021,142,1,141
100900022,10,4,6
100900023,0,10,-10
100900024,517,2,515
100900025,11,6,5
100900026,16,94,-78
100900027,266,820,-554
100900028,53,88,-35
100900029,86,2,84
100900030,1,9,-8
100900031,156,5,151
100900032,40,0,40
100900033,109,45,64
100900034,143,0,143
100900035,400,1,399
100900036,12,1,11
100900037,16,176,-160
100900038,55,15,40
100900039,125,400,-275
100900040,63,624,-561
100900041,108,838,-730
100900042,300,125,175
100900043,0,0,0
100900044,2101,176,1925
100900045,30,0,30
100900046,351,4,347
100900047,495,34,461
100900048,56,3,53
100900049,30,192,-162
100900050,0,12,-12
100900051,31,20,11
100900052,44,15,29
100900053,104,1,103
100900054,6,78,-72
100900055,46,186,-140
100900056,39,194,-155
100900057,253,375,-122
100900058,89,25,64
100900059,8,0,8
100900060,24,2,22
100900061,198,150,48
100900062,0,62,-62
100900063,79,170,-91
100900064,245,12,233
100900065,27,25,2
100900066,12,45,-33
100900067,2,7,-5
100900068,11,96,-85
100900069,257,0,257
100900070,38,1,37
100900071,486,145,341
100900072,0,73,-73
100900073,17,399,-382
100900074,0,7,-7
100900075,1847,138,1709
100900076,8,15,-7
100900077,6,114,-108
100900078,46,77,-31
100900079,7,18,-11
100900080,2,94,-92
100900081,10,31,-21
100900082,32,705,-673
100900083,1,45,-44
100900085,1,38,-37
100900086,68,208,-140
100900088,9,521,-512
100900089,2,22,-20
100900090,41,154,-113
100900091,0,8,-8
100900092,45,56,-11
100900093,38,61,-23
100900094,36,558,-522
100900095,2,27,-25
100900096,12,48,-36
100900097,4,0,4
100900098,3,24,-21
100900099,15,347,-332
100900100,5,117,-112
100900101,303,12,291
100900102,1,4,-3
100900103,1,17,-16
100900104,7,97,-90
100900105,3,31,-28
100900106,23,0,23
100900107,1020,226,794
100900108,1,0,1
100900109,1,22,-21
100900110,0,0,0
100900111,66,67,-1
100900112,0,2,-2
100900113,1,30,-29
100900114,0,7,-7
100900115,0,9,-9
100900116,462,196,266
100900117,135,215,-80
100900118,5,65,-60
100900119,2,26,-24
100900120,0,30,-30
100900121,97,151,-54
100900122,81,83,-2
100900123,56,45,11
100900124,0,0,0
100900125,8,48,-40
100900126,38,90,-52
100900127,3,11,-8
100900128,37,63,-26
100900129,0,41,-41
100900131,20,95,-75
100900133,13,23,-10
100900134,7,6,1
100900135,0,48,-48
100900137,195,112,83
100900138,237,101,136
100900139,1,4,-3
100900140,1,617,-616
100900141,2,134,-132
100900142,0,3,-3
100900143,568,137,431
100900144,10,1,9
100900145,2,70,-68
100900146,0,4,-4
100900147,6,118,-112
100900148,30,887,-857
100900149,47,52,-5
100900150,7,5,2
100900151,73,356,-283
100900152,48,1,47
100900153,2,67,-65
100900154,10,8,2
100900155,2,1,1
100900156,6,0,6
100900157,0,41,-41
100900159,2,12,-10
100900160,1,3,-2
100900161,79,1,78
100900162,3,113,-110
100900163,88,94,-6
100900164,15,11,4
100900165,2,11,-9
100900166,16,2,14
100900167,7,40,-33
100900168,3,74,-71
100900169,130,771,-641
100900170,22,5,17
100900171,10,709,-699
100900172,0,2,-2
100900173,1,477,-476
100900174,157,62,95
100900176,723,28,695
100900177,751,74,677
100900178,263,108,155
100900179,31,19,12
100900180,6,1,5
100900181,59,12,47
100900182,6,1,5
100900184,1,72,-71
100900186,748,389,359
100900187,7,183,-176
100900188,17,2,15
100900189,376,108,268
100900191,728,367,361
100900192,141,91,50
100900195,48,70,-22
100900197,0,0,0
100900198,12,137,-125
100900199,0,0,0
100900200,373,283,90
100900201,24,590,-566
100900202,5,0,5
100900203,0,21,-21
100900204,110,39,71
100900205,51,123,-72
100900206,30,13,17
100900207,64,21,43
100900210,35,538,-503
100900211,139,24,115
100900213,6,10,-4
100900214,549,57,492
100900215,3,22,-19
100900217,58,23,35
101000001,2759,1786,973
101000002,2494,1851,643
101000003,429,995,-566
101000004,5978,4722,1256
101000005,2845,2775,70
101000006,4446,3916,530
101000007,1267,1486,-219
101000009,739,1625,-886
101000010,515,1120,-605
101000011,1396,389,1007
101000012,1756,249,1507
101000013,295,406,-111
101000014,333,353,-20
101000015,485,515,-30
101000016,242,204,38
101000017,309,304,5
101000018,2873,1251,1622
101000020,3287,729,2558
101000021,779,178,601
101000023,1229,539,690
101000025,89,196,-107
101000026,332,10,322
101000027,884,827,57
101000028,539,101,438
101000029,13,346,-333
101000030,430,41,389
101000031,325,47,278
101000032,4270,1209,3061
101000033,1708,869,839
101000034,1857,525,1332
101000035,776,108,668
101000036,1114,280,834
101000037,3810,546,3264
101000039,2223,412,1811
101000040,3319,1547,1772
101000041,10273,1747,8526
101000042,571,288,283
101000043,7190,1118,6072
101000045,1276,185,1091
101000046,1430,456,974
101000047,573,566,7
101000048,476,543,-67
101000049,414,384,30
101000050,1117,297,820
101000051,1638,588,1050
101000052,1230,298,932
101000053,598,554,44
101000054,912,567,345
101000055,1101,510,591
101000056,33,38,-5
101000057,1939,259,1680
101000058,1502,475,1027
101000059,2322,876,1446
101000060,1417,117,1300
101000061,843,452,391
101000062,875,145,730
101000063,323,183,140
101000064,1023,201,822
101000065,194,182,12
101000066,211,126,85
101000067,544,191,353
101000068,281,76,205
101000069,280,24,256
101000070,1255,448,807
101000071,1215,415,800
101000072,550,1872,-1322
101000073,372,203,169
101000074,2949,1212,1737
101000075,5138,2077,3061
101000077,660,864,-204
101000078,619,928,-309
101000079,290,622,-332
101000080,364,385,-21
101000081,828,812,16
101000082,2837,1669,1168
101000083,1217,1052,165
101000084,1116,919,197
101000085,1180,665,515
101000086,1046,715,331
101000087,656,908,-252
101000088,582,601,-19
101000089,571,776,-205
101000090,1570,1093,477
101000091,216,1601,-1385
101000092,502,725,-223
101000093,872,498,374
101000094,391,645,-254
101000095,171,496,-325
101000096,150,500,-350
101000097,182,218,-36
101000098,244,310,-66
101000099,764,693,71
101000100,575,363,212
101000101,254,240,14
101000102,597,210,387
101000103,509,260,249
101000104,173,223,-50
101000105,757,137,620
101000106,443,297,146
101000107,68,179,-111
101000108,1065,263,802
101000109,79,31,48
101000110,5,506,-501
101000111,37,103,-66
101000113,56,315,-259
101000114,2153,702,1451
101000115,23,33,-10
101000116,56,40,16
101000117,127,135,-8
101000119,71,15,56
101000120,136,3,133
101000121,63,10,53
101000122,50,18,32
101000123,21,20,1
101000124,94,258,-164
101000125,123,254,-131
101000128,501,198,303
101000130,162,129,33
101000131,250,542,-292
101000132,216,1371,-1155
101000135,31,10,21
101000136,189,42,147
101000137,34,90,-56
101000141,1537,903,634
101000147,721,459,262
101000148,2082,14,2068
101000149,46,15,31
101000150,18,988,-970
101000151,49,65,-16
101000152,236,197,39
101000153,331,309,22
101000154,76,1256,-1180
101000155,64,75,-11
101000156,19,143,-124
101000157,30,11,19
101000160,14,27,-13
101000163,55,55,0
101000164,544,269,275
101000165,131,270,-139
101000166,156,235,-79
101000168,629,208,421
101000252,464,201,263
101000254,279,15,264
101000258,12,6,6
101000261,87,142,-55
101000262,576,706,-130
101000263,88,277,-189
101000265,19,376,-357
101000266,168,148,20
101000269,72,1,71
101000290,964,1088,-124
101000293,7,38,-31
101000294,284,323,-39
101000295,102,323,-221
101000301,521,143,378
101000304,1153,1625,-472
101000305,1728,1095,633
101000328,75,259,-184
101900001,21,31,-10
101900002,0,13,-13
101900003,82,55,27
101900004,4,23,-19
101900005,3740,481,3259
101900006,564,103,461
101900007,230,14,216
101900008,78,102,-24
101900009,37,262,-225
101900010,742,268,474
101900011,126,707,-581
101900012,48,150,-102
101900013,956,53,903
101900017,15,73,-58
101900018,1295,104,1191
101900019,142,64,78
101900020,15,34,-19
101900021,0,19,-19
101900022,21,1098,-1077
101900023,21,260,-239
101900026,67,38,29
101900027,7,65,-58
102000001,1236,2295,-1059
102000002,1813,1026,787
102000003,2275,2152,123
102000004,7205,1687,5518
102000005,869,1085,-216
102000006,1412,904,508
102000007,805,2245,-1440
102000008,4446,1069,3377
102000009,3060,3841,-781
102000010,4592,1846,2746
102000011,1245,1335,-90
102000012,2329,2443,-114
102000018,2442,1413,1029
102000019,2248,858,1390
102000026,141,451,-310
102000029,327,168,159
102000030,50,146,-96
102000031,23,193,-170
102000032,169,334,-165
102000033,93,341,-248
102000034,254,263,-9
102000035,624,320,304
102000036,2,161,-159
102000037,72,58,14
102000038,141,44,97
102000039,117,41,76
102000040,423,46,377
102000041,84,178,-94
102000042,150,59,91
102000043,236,132,104
102000044,368,387,-19
102000045,449,776,-327
102000046,575,287,288
102000047,427,754,-327
102000048,124,470,-346
102000049,669,400,269
102000050,677,657,20
102000051,219,342,-123
102000052,702,574,128
102000053,534,513,21
102000054,186,600,-414
102000055,403,826,-423
102000056,306,992,-686
102000057,731,322,409
102000058,704,1572,-868
102000059,961,912,49
102000060,634,560,74
102000061,633,2172,-1539
102000062,502,894,-392
102000063,741,1014,-273
102000064,332,428,-96
102000065,23,92,-69
102000066,534,808,-274
102000067,1093,1694,-601
102000068,7159,2061,5098
102000069,36,1353,-1317
102000070,1645,53,1592
102000071,4976,6054,-1078
102000072,2083,3342,-1259
102000073,239,541,-302
102000074,324,579,-255
102000075,89,225,-136
102000076,85,304,-219
102000077,196,1096,-900
102000078,403,679,-276
102000079,54,227,-173
102000080,106,149,-43
102000081,198,568,-370
102000082,468,191,277
102000083,124,609,-485
102000084,89,409,-320
102000085,1090,971,119
102000086,631,788,-157
102000087,386,1768,-1382
102000088,107,197,-90
102000089,496,402,94
102000090,219,788,-569
102000091,814,323,491
102000092,242,419,-177
102000093,429,416,13
102000094,804,315,489
102000095,623,530,93
102000096,546,319,227
102000097,746,404,342
102000098,414,420,-6
102000099,525,242,283
102000100,768,327,441
102000101,935,161,774
102000102,228,1227,-999
102000103,671,226,445
102000104,823,277,546
102000105,88,803,-715
102000106,493,754,-261
102000107,505,407,98
102000108,311,163,148
102000109,272,503,-231
102000110,367,1360,-993
102000111,6,288,-282
102000112,67,59,8
102000113,4,8,-4
102000114,789,203,586
102000115,128,131,-3
102000116,328,185,143
102000117,158,296,-138
102000118,1030,569,461
102000119,2248,335,1913
102000120,31,297,-266
102000121,560,240,320
102000122,166,383,-217
102000123,823,546,277
102000124,453,443,10
102000125,751,469,282
102000126,428,411,17
102000127,624,349,275
102000128,335,727,-392
102000129,602,715,-113
102000130,268,462,-194
102000131,435,381,54
102000132,198,299,-101
102000133,719,1988,-1269
102000134,295,482,-187
102000135,884,446,438
102000136,807,279,528
102000137,713,397,316
102000138,180,233,-53
102000139,40,214,-174
102000140,140,114,26
102000141,68,413,-345
102000142,81,271,-190
102000143,38,408,-370
102000144,59,373,-314
102000145,143,276,-133
102000146,122,213,-91
102000147,192,185,7
102000148,113,154,-41
102000149,85,477,-392
102000150,71,203,-132
102000151,70,317,-247
102000152,50,131,-81
102000153,539,140,399
102000154,299,382,-83
102000155,67,150,-83
102000156,428,20,408
102000157,86,74,12
102000158,289,191,98
102000159,1338,151,1187
102000161,4048,808,3240
102000162,153,163,-10
102000163,76,196,-120
102000164,887,411,476
102000165,215,89,126
102000166,60,131,-71
102000167,113,95,18
102000168,96,89,7
102000169,55,227,-172
102000170,338,93,245
102000171,82,46,36
102000172,19,151,-132
102000173,203,184,19
102000174,30,21,9
102000175,40,91,-51
102000176,10,37,-27
102000178,102,439,-337
102000179,159,187,-28
102000180,260,493,-233
102000181,264,598,-334
102000182,276,569,-293
102000183,724,1686,-962
102000184,673,748,-75
102000185,1120,1591,-471
102000186,469,1515,-1046
102000187,302,1387,-1085
102000188,307,1193,-886
102000189,2442,617,1825
102000190,417,1226,-809
102000191,927,355,572
102000192,407,586,-179
102000193,19,201,-182
102000194,29,103,-74
102000195,164,340,-176
102000196,69,485,-416
102000197,230,504,-274
102000198,66,947,-881
102000199,265,346,-81
102000200,158,1201,-1043
102000201,260,521,-261
102000202,0,147,-147
102000203,121,210,-89
102000204,147,785,-638
102000205,428,500,-72
102000206,368,497,-129
102000207,495,320,175
102000208,168,406,-238
102000209,28,36,-8
102000210,122,438,-316
102000211,80,337,-257
102000212,50,13,37
102000213,0,276,-276
102000214,41,10,31
102000215,5,574,-569
102000216,22,20,2
102000217,20,206,-186
102000218,49,52,-3
102000219,232,306,-74
102000225,637,506,131
102000226,2243,181,2062
102000227,65,1,64
102000228,0,79,-79
102000229,21,19,2
102000230,187,608,-421
102000231,172,325,-153
102000232,1,124,-123
102000233,234,359,-125
102000234,53,906,-853
102000236,147,41,106
102000237,415,125,290
102000238,102,239,-137
102000240,433,277,156
102000241,126,64,62
102000243,3,39,-36
102000245,13,128,-115
102000246,1,21,-20
102000247,710,604,106
102000248,336,417,-81
102000249,81,120,-39
102000250,18,310,-292
102000254,27,341,-314
102000266,37,95,-58
102000271,19,0,19
102000286,276,239,37
102000297,1128,656,472
102000301,0,0,0
102000307,0,5,-5
102000316,78,231,-153
102900001,725,690,35
102900002,138,17,121
102900003,29,246,-217
102900005,77,233,-156
102900006,270,234,36
102900007,281,6,275
102900008,97,89,8
102900009,371,86,285
102900010,372,406,-34
102900011,1772,255,1517
102900012,210,13,197
102900013,6,77,-71
102900015,704,128,576
102900016,18,106,-88
102900017,42,457,-415
102900018,15,139,-124
102900019,181,284,-103
102900020,30,28,2
102900021,4,75,-71
102900022,242,24,218
102900023,14,49,-35
102900024,4,22,-18
102900025,176,86,90
102900026,312,625,-313
102900027,19,23,-4
102900028,44,214,-170
102900029,99,60,39
102900030,162,120,42
102900031,38,131,-93
102900032,12,106,-94
102900033,66,186,-120
102900034,91,94,-3
102900035,50,419,-369
102900036,85,449,-364
102900037,63,593,-530
102900038,186,459,-273
102900039,5,238,-233
102900040,48,126,-78
102900041,23,95,-72
102900042,77,292,-215
102900043,52,166,-114
102900044,297,1347,-1050
102900045,43,391,-348
102900046,59,257,-198
102900047,32,551,-519
102900048,330,737,-407
102900049,62,305,-243
102900050,114,320,-206
102900051,96,156,-60
102900053,236,521,-285
102900054,704,413,291
102900055,24,54,-30
102900056,103,373,-270
102900057,0,23,-23
102900058,238,23,215
102900059,4,29,-25
102900060,40,326,-286
102900061,49,391,-342
102900062,45,1291,-1246
102900063,376,288,88
102900064,63,356,-293
102900065,1393,587,806
102900066,153,33,120
102900068,47,71,-24
102900070,94,558,-464
102900072,6,20,-14
102900073,72,3,69
102900075,20,30,-10
102900076,249,57,192
102900077,19,21,-2
102900078,30,40,-10
102900079,157,6,151
102900080,238,7,231
102900081,43,175,-132
102900082,5,175,-170
102900083,252,4,248
102900084,3,5,-2
102900085,95,43,52
102900086,3,24,-21
102900087,30,102,-72
102900088,23,26,-3
102900089,151,87,64
102900090,0,326,-326
102900091,27,0,27
102900092,38,649,-611
102900094,0,21,-21
102900095,77,0,77
102900096,4,5,-1
102900097,0,74,-74
103000001,1743,1968,-225
103000002,1582,1567,15
103000003,2327,1699,628
103000004,705,483,222
103000005,1506,1607,-101
103000006,299,994,-695
103000007,333,565,-232
103000008,643,1034,-391
103000009,437,486,-49
103000010,228,149,79
103000011,1530,635,895
103000012,666,869,-203
103000013,5109,1350,3759
103000014,921,806,115
103000015,2339,743,1596
103000016,411,472,-61
103000017,72,224,-152
103000018,846,286,560
103000019,118,132,-14
103000020,1631,936,695
103000021,1105,1136,-31
103000022,824,878,-54
103000023,304,704,-400
103000024,103,149,-46
103000025,26,184,-158
103000026,1509,116,1393
103000027,207,177,30
103000028,637,172,465
103000029,404,68,336
103000030,1226,349,877
103000031,1025,898,127
103000032,1350,1162,188
103000033,1760,1598,162
103000034,1050,479,571
103000035,269,596,-327
103000036,361,233,128
103000037,399,182,217
103000038,282,405,-123
103000039,136,350,-214
103000040,127,1062,-935
103000041,969,2447,-1478
103000042,461,659,-198
103000043,206,1014,-808
103000044,57,214,-157
103000046,162,299,-137
103000047,328,487,-159
103000048,63,112,-49
103000049,76,146,-70
103000050,493,614,-121
103000051,246,363,-117
103000052,427,259,168
103000053,79,266,-187
103000054,1416,761,655
103000055,976,1144,-168
103000056,406,2062,-1656
103000057,290,241,49
103000058,188,658,-470
103000059,169,544,-375
103000060,516,669,-153
103000061,169,555,-386
103000062,686,588,98
103000063,359,354,5
103000064,76,214,-138
103000065,0,298,-298
103000066,77,3,74
103000069,90,240,-150
103000070,351,919,-568
103000071,390,182,208
103000072,93,876,-783
103000073,245,96,149
103000074,286,43,243
103000075,82,801,-719
103000076,117,142,-25
103000077,30,278,-248
103000078,889,266,623
103000079,1244,323,921
103000080,838,116,722
103000081,327,487,-160
103000082,207,82,125
103000083,84,287,-203
103000084,139,7,132
103000085,3,54,-51
103000086,549,185,364
103000087,125,255,-130
103000088,338,210,128
103000089,154,257,-103
103000090,1270,875,395
103000091,443,348,95
103000092,146,282,-136
103000093,218,371,-153
103000094,163,141,22
103000095,23,302,-279
103000096,770,84,686
103000097,40,487,-447
103000098,1301,81,1220
103000099,468,417,51
103000100,59,709,-650
103000101,379,90,289
103000102,90,550,-460
103000103,289,213,76
103000104,44,114,-70
103000105,53,122,-69
103000106,9,95,-86
103000107,199,34,165
103000108,833,494,339
103000109,285,262,23
103000110,318,360,-42
103000111,400,208,192
103000112,174,186,-12
103000113,547,443,104
103000114,996,229,767
103000115,261,391,-130
103000116,243,472,-229
103000117,113,457,-344
103000118,1003,807,196
103000119,1843,608,1235
103000120,27,64,-37
103000121,117,391,-274
103000122,155,149,6
103000125,3,494,-491
103000126,147,3,144
103000127,2,243,-241
103000128,65,3,62
103000129,3,148,-145
103000130,21,7,14
103000131,226,67,159
103000132,29,38,-9
103000133,1,123,-122
103000134,483,338,145
103000135,709,162,547
103000136,506,233,273
103000137,484,412,72
103000138,731,467,264
103000139,2,47,-45
103000140,128,19,109
103000141,20,63,-43
103000142,98,54,44
103000143,30,153,-123
103000144,111,57,54
103000145,8,11,-3
103000150,54,33,21
103000152,269,134,135
103000153,179,140,39
103000156,1,548,-547
103000157,136,1,135
103000159,45,28,17
103000162,64,25,39
103000163,1,5,-4
103000164,4,10,-6
103000165,99,382,-283
103000166,80,116,-36
103000167,86,93,-7
103000168,32,121,-89
103000169,97,200,-103
103000170,292,419,-127
103000171,31,37,-6
103000172,126,277,-151
103000173,133,568,-435
103000174,107,260,-153
103000175,111,417,-306
103000176,579,174,405
103000177,531,295,236
103000178,300,170,130
103000179,74,7,67
103000183,124,102,22
103000185,45,84,-39
103000186,42,111,-69
103000187,155,576,-421
103000188,8,79,-71
103000189,1037,788,249
103000191,436,438,-2
103000292,2941,584,2357
103000293,1202,587,615
103000295,49,37,12
103000296,81,3,78
103000297,3,5,-2
103000504,27,10,17
103000505,7,2,5
103000506,2,178,-176
103000507,50,2,48
103000508,34,8,26
103000509,153,370,-217
103000514,7,1,6
103900001,3,261,-258
103900002,1496,122,1374
103900003,825,17,808
103900004,10,1,9
103900005,0,200,-200
103900006,0,0,0
103900007,9,0,9
103900008,6,1,5
103900009,140,213,-73
103900010,68,202,-134
103900011,84,220,-136
103900012,1,10,-9
103900013,20,59,-39
103900014,5,9,-4
103900015,10,23,-13
103900016,128,178,-50
103900017,6,64,-58
103900018,538,122,416
103900019,29,103,-74
103900020,91,195,-104
103900021,629,32,597
103900022,390,424,-34
103900023,54,1,53
103900024,51,439,-388
103900025,17,52,-35
103900026,20,3,17
103900027,339,230,109
103900028,6,133,-127
103900029,420,121,299
103900030,176,15,161
103900031,1,2,-1
103900032,19,37,-18
103900033,34,2,32
103900034,15,185,-170
103900035,24,37,-13
103900036,26,8,18
103900037,27,23,4
103900038,34,56,-22
103900039,14,412,-398
103900040,1,112,-111
103900041,30,15,15
103900042,14,451,-437
103900043,45,85,-40
103900044,229,95,134
103900045,63,130,-67
103900047,41,20,21
103900048,25,13,12
103900049,120,958,-838
103900050,0,40,-40
103900051,1,31,-30
103900052,75,592,-517
103900053,42,709,-667
103900054,9,506,-497
103900055,253,258,-5
103900056,9,33,-24
103900057,12,249,-237
103900058,36,556,-520
103900059,0,0,0
103900060,9,142,-133
103900061,19,24,-5
103900062,76,20,56
103900063,7,0,7
103900064,30,1,29
103900065,414,249,165
103900066,45,4,41
103900067,48,0,48
103900068,1,0,1
103900069,28,4,24
103900070,55,243,-188
103900071,11,117,-106
103900072,7,201,-194
103900073,10,8,2
103900074,17,58,-41
103900075,61,58,3
103900076,126,680,-554
103900077,42,33,9
103900078,45,74,-29
103900079,45,163,-118
103900080,10,29,-19
103900081,94,12,82
103900082,2,76,-74
103900083,1867,335,1532
103900084,27,103,-76
103900085,69,95,-26
103900086,148,168,-20
103900088,231,86,145
103900089,27,223,-196
103900090,0,193,-193
103900091,668,146,522
103900092,167,568,-401
103900093,64,348,-284
103900094,4,138,-134
103900095,148,113,35
103900096,3,284,-281
103900097,5,493,-488
103900098,91,55,36
103900099,24,273,-249
103900100,112,238,-126
103900101,27,753,-726
103900102,0,25,-25
103900104,0,15,-15
103900105,47,184,-137
103900106,0,17,-17
103900107,7,186,-179
103900108,9,412,-403
103900109,8,43,-35
103900110,102,37,65
103900111,17,616,-599
103900112,7,40,-33
103900113,123,128,-5
103900114,401,262,139
103900115,138,66,72
103900116,6224,946,5278
103900117,165,88,77
103900119,9,14,-5
103900120,22,104,-82
103900122,17,327,-310
103900123,1068,331,737
103900124,26,464,-438
103900125,48,75,-27
103900126,161,386,-225
103900127,58,687,-629
103900128,9,159,-150
103900131,8,86,-78
103900133,495,33,462
103900134,0,2,-2
103900135,2,3,-1
103900137,0,37,-37
103900138,33,319,-286
103900139,667,696,-29
103900140,0,32,-32
103900141,126,60,66
103900142,59,226,-167
103900143,7,0,7
103900144,1,60,-59
103900145,104,243,-139
103900146,134,287,-153
103900147,118,83,35
103900148,62,190,-128
103900149,73,661,-588
103900150,6003,1252,4751
103900151,16,138,-122
103900152,104,584,-480
103900153,4,4,0
103900154,659,534,125
103900155,8,139,-131
103900156,11,111,-100
103900157,7,166,-159
103900158,12,126,-114
103900159,29,59,-30
103900160,22,13,9
103900161,33,136,-103
103900162,43,253,-210
103900163,2,316,-314
103900167,22,41,-19
103900168,42,77,-35
103900169,26,32,-6
103900170,1,88,-87
103900171,0,58,-58
103900172,1,30,-29
103900173,3,2,1
103900174,19,38,-19
103900175,34,19,15
103900176,4,8,-4
103900177,2,31,-29
103900178,7,56,-49
103900179,5,170,-165
103900180,0,68,-68
103900181,53,14,39
103900182,37,7,30
103900184,464,25,439
103900185,133,75,58
103900187,95,16,79
103900188,16,13,3
103900189,34,1,33
103900190,9,23,-14
103900191,21,34,-13
103900192,7,58,-51
103900193,80,64,16
103900194,17,258,-241
103900195,0,38,-38
103900196,6,15,-9
103900197,4,18,-14
103900198,18,54,-36
103900199,48,85,-37
103900200,59,161,-102
103900201,49,177,-128
103900202,2,24,-22
103900203,11,22,-11
103900204,4,151,-147
103900207,1,144,-143
103900208,11,2,9
103900209,7,96,-89
103900210,2,18,-16
103900211,230,503,-273
103900212,23,459,-436
103900213,85,167,-82
103900214,148,50,98
103900215,583,140,443
103900216,2,310,-308
103900217,205,5,200
103900218,13,290,-277
103900219,75,281,-206
103900233,14,0,14
103900235,10,4,6
103900236,20,4,16
103900242,3,10,-7
103900243,1,3,-2
103900244,38,274,-236
103900245,72,179,-107
103900246,46,47,-1
103900247,30,81,-51
103900248,1,12,-11
103900249,4,15,-11
103900250,18,14,4
103900251,1,19,-18
103900253,57,34,23
103900254,1,8,-7
103900255,12,6,6
103900256,27,22,5
103900257,142,99,43
103900258,17,2,15
103900259,93,7,86
103900261,2,2,0
103900262,12,4,8
103900263,29,42,-13
103900264,44,8,36
103900265,11,0,11
103900266,0,24,-24
103900267,0,46,-46
103900268,1,103,-102
103900269,88,36,52
103900270,6,100,-94
103900271,19,140,-121
103900272,31,60,-29
103900273,4,42,-38
103900274,17,5,12
103900275,10,0,10
103900276,4,119,-115
103900277,1,122,-121
103900278,4,45,-41
103900279,0,6,-6
103900280,0,177,-177
103900281,155,39,116
103900282,8,7,1
103900283,20,6,14
103900284,2,2,0
103900285,42,16,26
103900286,42,145,-103
103900287,6,7,-1
103900288,75,31,44
103900289,41,0,41
103900290,105,3,102
103900291,5,0,5
103900292,4,0,4
103900293,10,13,-3
103900294,11,14,-3
104000001,1433,1760,-327
104000002,1044,1863,-819
104000003,1633,1507,126
104000004,2511,1924,587
104000005,634,1334,-700
104000006,1759,2254,-495
104000007,2627,2305,322
104000008,160,480,-320
104000009,87,118,-31
104000010,92,129,-37
104000011,725,371,354
104000012,107,461,-354
104000013,42,96,-54
104000014,142,661,-519
104000015,135,113,22
104000016,457,365,92
104000018,353,133,220
104000019,265,98,167
104000020,190,820,-630
104000021,208,510,-302
104000022,135,246,-111
104000023,245,284,-39
104000024,143,347,-204
104000026,27,265,-238
104000027,165,344,-179
104000028,198,158,40
104000029,380,509,-129
104000030,114,247,-133
104000031,425,194,231
104000032,163,327,-164
104000033,269,354,-85
104000034,188,420,-232
104000035,355,394,-39
104000036,266,547,-281
104000037,197,358,-161
104000038,58,267,-209
104000039,105,399,-294
104000040,432,340,92
104000041,437,453,-16
104000042,68,159,-91
104000043,191,376,-185
104000044,200,798,-598
104000045,683,1083,-400
104000046,1234,1338,-104
104000047,417,1188,-771
104000048,913,1602,-689
104000049,217,228,-11
104000050,84,407,-323
104000051,71,627,-556
104000052,700,939,-239
104000053,344,487,-143
104000054,168,399,-231
104000055,3168,2249,919
104000056,1516,199,1317
104000057,178,709,-531
104000058,742,937,-195
104000059,255,805,-550
104000060,493,943,-450
104000061,792,1133,-341
104000062,199,289,-90
104000064,532,213,319
104000065,96,233,-137
104000069,1049,476,573
104000070,62,266,-204
104000071,181,393,-212
104000072,429,352,77
104000075,17,191,-174
104000076,301,14,287
104000082,1283,1458,-175
104000083,509,145,364
104000084,75,376,-301
104000085,159,146,13
104000086,139,393,-254
104000087,373,503,-130
104000090,377,1406,-1029
104000092,428,2262,-1834
104000094,533,1852,-1319
104000095,992,1199,-207
104000096,477,381,96
104000097,817,1014,-197
104000098,819,1346,-527
104000100,721,636,85
104000101,586,1700,-1114
104000106,254,471,-217
104000107,455,466,-11
104000108,221,435,-214
104000109,133,47,86
104000110,652,837,-185
104000111,4503,1027,3476
104000112,2338,463,1875
104000116,5,977,-972
104000117,68,878,-810
104000118,176,233,-57
104000119,275,210,65
104000120,125,904,-779
104000121,126,446,-320
104000122,402,524,-122
104000123,754,1001,-247
104000124,1199,1737,-538
104000125,3873,1623,2250
104000126,185,343,-158
104000127,1332,3094,-1762
104000128,564,425,139
104000129,258,32,226
104000130,8,166,-158
104000131,872,596,276
104000132,719,1034,-315
104000133,792,632,160
104000134,530,1074,-544
104000135,268,504,-236
104000136,620,972,-352
104000137,1426,153,1273
104000138,968,312,656
104000139,7833,1902,5931
104000141,974,1624,-650
104000142,490,1050,-560
104000143,331,740,-409
104000144,48,184,-136
104000145,248,113,135
104000146,369,545,-176
104000147,78,368,-290
104000148,96,129,-33
104000149,171,375,-204
104000150,243,312,-69
104000151,215,616,-401
104000152,378,746,-368
104000153,198,316,-118
104000154,928,602,326
104000155,152,295,-143
104000157,866,1654,-788
104000158,115,157,-42
104000159,289,238,51
104000160,1224,900,324
104000161,233,129,104
104000162,35,99,-64
104000165,1344,1080,264
104000167,707,639,68
104000168,306,3,303
104000169,31,20,11
104000170,757,111,646
104000248,175,793,-618
104000251,39,288,-249
104000272,0,0,0
104000273,0,0,0
104000274,0,0,0
104000275,0,0,0
104000279,2791,924,1867
104000290,37,310,-273
104000291,700,1126,-426
104000293,445,561,-116
104000294,3,0,3
104000295,321,645,-324
104000296,199,577,-378
104000297,675,1143,-468
104000298,1273,886,387
104000299,405,1064,-659
104000302,78,130,-52
104000303,157,133,24
104900001,68,324,-256
104900002,15,38,-23
104900003,26,288,-262
104900004,25,337,-312
104900005,99,110,-11
104900006,56,46,10
104900007,104,188,-84
104900009,59,388,-329
104900010,13,12,1
104900011,0,2,-2
104900012,68,10,58
104900013,59,1,58
104900014,3262,234,3028
104900015,75,1,74
104900016,45,292,-247
104900017,52,119,-67
104900018,3,185,-182
104900019,189,820,-631
104900020,17,192,-175
104900021,2,277,-275
104900022,5,149,-144
104900023,1,140,-139
104900024,9,119,-110
104900025,20,269,-249
104900026,1,156,-155
104900027,101,145,-44
104900028,15,85,-70
104900029,32,94,-62
104900030,169,86,83
104900031,110,136,-26
104900032,27,132,-105
104900033,72,113,-41
104900034,94,38,56
104900035,120,49,71
104900036,46,59,-13
104900037,76,247,-171
104900038,353,139,214
104900039,840,73,767
104900040,92,36,56
104900041,105,108,-3
104900042,57,369,-312
104900043,9,16,-7
104900044,164,126,38
104900045,170,34,136
104900046,23,81,-58
104900047,89,99,-10
104900048,57,50,7
104900049,1,0,1
104900050,42,51,-9
104900051,55,24,31
104900052,26,0,26
104900053,201,14,187
104900054,45,22,23
104900055,7,0,7
104900056,79,8,71
104900057,19,0,19
104900058,160,105,55
104900059,9,34,-25
104900061,195,489,-294
104900063,22,109,-87
104900064,0,93,-93
104900065,3,53,-50
104900066,1,141,-140
104900067,1,144,-143
104900068,6,183,-177
104900070,52,217,-165
104900071,0,573,-573
104900072,11,159,-148
104900073,18,241,-223
104900074,24,150,-126
104900075,29,55,-26
104900076,34,329,-295
104900077,930,64,866
104900078,79,676,-597
104900079,101,92,9
104900080,23,381,-358
104900082,5,204,-199
104900085,0,231,-231
104900089,17,0,17
104900091,213,663,-450
104900093,141,459,-318
104900097,2580,807,1773
104900098,31,39,-8
104900099,50,231,-181
104900100,605,115,490
104900102,14,195,-181
104900103,258,87,171
104900106,19,95,-76
104900107,17,300,-283
104900108,11,305,-294
104900109,14,75,-61
104900110,7,37,-30
104900111,72,52,20
104900112,133,959,-826
104900113,286,356,-70
104900114,117,671,-554
104900115,148,383,-235
104900116,61,247,-186
104900118,4,68,-64
104900119,1,13,-12
104900120,117,24,93
104900121,0,88,-88
104900122,3,87,-84
104900123,5,2,3
104900124,11,0,11
104900125,139,93,46
104900126,47,48,-1
104900127,9,15,-6
104900128,27,55,-28
104900129,1784,528,1256
105000001,1673,1190,483
105000002,1574,1267,307
105000003,1981,2789,-808
105000004,281,688,-407
105000005,392,886,-494
105000006,692,1075,-383
105000007,584,963,-379
105000008,555,1287,-732
105000009,738,1838,-1100
105000010,2261,1997,264
105000011,1000,1403,-403
105000012,2705,2487,218
105000013,329,700,-371
105000014,730,1365,-635
105000015,6257,3065,3192
105000016,3159,1007,2152
105000017,1252,783,469
105000018,976,685,291
105000019,1143,696,447
105000020,138,244,-106
105000021,212,117,95
105000022,64,16,48
105000023,263,149,114
105000028,37,88,-51
105000029,200,608,-408
105000030,3093,2761,332
105000031,4,21,-17
105000033,649,1625,-976
105000034,98,371,-273
105000037,484,547,-63
105000038,902,654,248
105000039,2643,1271,1372
105000040,277,332,-55
105000041,353,894,-541
105000042,1207,639,568
105000043,1749,1407,342
105000044,161,261,-100
105000045,187,781,-594
105000046,344,242,102
105000047,279,1229,-950
105000048,271,148,123
105000049,222,605,-383
105000050,171,255,-84
105000051,166,434,-268
105000052,196,722,-526
105000053,68,127,-59
105000054,125,843,-718
105000055,207,355,-148
105000056,361,2038,-1677
105000057,809,997,-188
105000058,952,1219,-267
105000059,406,398,8
105000060,377,543,-166
105000061,248,326,-78
105000062,569,1141,-572
105000063,266,743,-477
105000064,501,434,67
105000065,367,1037,-670
105000066,747,2067,-1320
105000067,645,403,242
105000068,448,824,-376
105000069,2258,472,1786
105000070,618,665,-47
105000071,131,269,-138
105000072,784,842,-58
105000073,393,351,42
105000074,711,783,-72
105000075,333,556,-223
105000076,1027,784,243
105000077,1359,498,861
105000078,1084,847,237
105000079,1376,1418,-42
105000080,1079,598,481
105000081,826,511,315
105000082,322,306,16
105000083,537,468,69
105000084,434,896,-462
105000085,863,658,205
105000086,533,785,-252
105000087,2067,1492,575
105000088,890,1101,-211
105000089,2163,1555,608
105000090,783,651,132
105000091,1279,1230,49
105000092,324,881,-557
105000093,267,125,142
105000094,156,146,10
105000095,48,259,-211
105000096,660,483,177
105000097,606,582,24
105000098,491,411,80
105000099,494,809,-315
105000100,451,990,-539
105000101,924,1660,-736
105000102,627,1154,-527
105000103,780,1536,-756
105000104,1019,858,161
105000105,528,1393,-865
105000106,645,1098,-453
105000107,682,775,-93
105000108,605,1334,-729
105000109,624,1173,-549
105000110,386,727,-341
105000111,391,468,-77
105000112,775,711,64
105000113,250,405,-155
105000114,3046,690,2356
105000115,210,611,-401
105000116,294,331,-37
105000117,473,1216,-743
105000118,114,270,-156
105000119,273,1133,-860
105000120,379,468,-89
105000121,666,1082,-416
105000122,199,317,-118
105000123,777,1149,-372
105000124,820,785,35
105000125,434,1655,-1221
105000126,1369,1860,-491
105000127,1506,1257,249
105000128,284,1260,-976
105000129,571,319,252
105000130,90,760,-670
105000131,440,220,220
105000132,381,322,59
105000133,174,876,-702
105000134,354,384,-30
105000135,279,527,-248
105000136,59,189,-130
105000137,193,138,55
105000138,203,243,-40
105000139,728,819,-91
105000140,172,349,-177
105000141,110,537,-427
105000142,62,401,-339
105000143,98,534,-436
105000144,219,528,-309
105000145,286,429,-143
105000146,411,535,-124
105000147,253,279,-26
105000148,656,638,18
105000149,1234,1213,21
105000150,1764,981,783
105000151,241,225,16
105000152,132,595,-463
105000153,286,250,36
105000154,664,892,-228
105000155,214,323,-109
105000156,729,809,-80
105000157,952,1835,-883
105000158,1394,589,805
105000159,376,1237,-861
105000160,1048,414,634
105000161,569,1967,-1398
105000162,443,922,-479
105000163,1182,1279,-97
105000164,189,305,-116
105000165,1481,2610,-1129
105000166,7532,210,7322
105000167,2250,884,1366
105000168,75,917,-842
105000169,149,354,-205
105000170,39,998,-959
105000171,606,226,380
105000172,24,53,-29
105000173,37,14,23
105000174,4,18,-14
105000175,43,107,-64
105000176,51,56,-5
105000177,64,99,-35
105000178,54,625,-571
105000179,103,88,15
105000180,51,81,-30
105000181,30,485,-455
105000182,23,66,-43
105000183,2143,1037,1106
105000184,1098,405,693
105000185,737,404,333
105000186,274,665,-391
105000187,387,201,186
105000188,83,72,11
105000189,93,431,-338
105000190,130,239,-109
105000191,215,366,-151
105000192,86,50,36
105000193,41,95,-54
105000194,148,87,61
105000195,115,755,-640
105000196,41,71,-30
105000197,180,581,-401
105000198,496,153,343
105000199,189,164,25
105000200,65,116,-51
105000201,57,12,45
105000203,8,267,-259
105000204,69,61,8
105000205,51,196,-145
105000207,524,165,359
105000208,181,151,30
105000209,160,294,-134
105000211,55,22,33
105000212,555,1212,-657
105000213,102,104,-2
105000214,52,180,-128
105000215,71,279,-208
105000216,51,249,-198
105000217,77,273,-196
105000218,429,803,-374
105000221,110,253,-143
105000222,34,40,-6
105000223,71,162,-91
105000226,14,324,-310
105000227,17,177,-160
105000228,153,446,-293
105000229,41,168,-127
105000231,121,164,-43
105000233,462,460,2
105000234,305,940,-635
105000235,158,327,-169
105000237,360,57,303
105000243,8,40,-32
105000248,22,25,-3
105000262,96,1436,-1340
105000269,55,126,-71
105000270,168,95,73
105000271,1,202,-201
105000282,140,23,117
105000287,193,127,66
105000288,189,341,-152
105000289,679,533,146
105000290,1,5,-4
105000402,3484,821,2663
105000426,211,396,-185
105000438,491,409,82
105000440,11,28,-17
105000446,11180,3335,7845
105000447,6456,1756,4700
105000454,68,751,-683
105000455,187,155,32
105000474,19,2,17
105000477,113,246,-133
105000478,778,1446,-668
105000479,70,80,-10
105000480,1154,1191,-37
105000481,1439,1448,-9
105000482,3233,1956,1277
105000483,678,836,-158
105000484,1648,1949,-301
105000485,611,976,-365
105000486,2363,1437,926
105000488,2188,1654,534
105000489,431,529,-98
105000549,23,82,-59
105000550,408,821,-413
105000551,23,92,-69
105000552,2965,1536,1429
105000555,764,464,300
105000556,29,19,10
105000557,40,229,-189
105900001,1,761,-760
105900002,1445,214,1231
105900003,12,67,-55
105900004,227,63,164
105900005,2,178,-176
105900006,3,20,-17
105900007,9,17,-8
105900008,26,574,-548
105900009,8,14,-6
105900011,21,33,-12
105900012,140,104,36
105900013,1,5,-4
105900014,0,55,-55
105900015,63,212,-149
105900016,72,467,-395
105900017,361,29,332
105900018,144,227,-83
105900019,11,373,-362
105900020,14,49,-35
105900021,8,180,-172
105900022,93,291,-198
105900023,0,61,-61
105900024,1,84,-83
105900025,36,45,-9
105900026,110,15,95
105900027,2822,1669,1153
105900028,52,130,-78
105900029,1248,192,1056
105900030,145,220,-75
105900031,323,111,212
105900032,57,82,-25
105900033,45,91,-46
105900034,56,180,-124
105900035,78,104,-26
105900036,11,113,-102
105900037,27,69,-42
105900038,41,260,-219
105900039,39,123,-84
105900040,19,84,-65
105900041,133,320,-187
105900042,13,100,-87
105900043,1403,30,1373
105900044,0,102,-102
105900045,2,296,-294
105900046,1,116,-115
105900047,9,16,-7
105900048,57,307,-250
105900050,1115,188,927
105900051,3,843,-840
105900052,239,29,210
105900053,2815,694,2121
105900054,181,212,-31
105900056,684,90,594
105900057,6,121,-115
105900058,5,39,-34
105900059,0,28,-28
106000001,3090,855,2235
106000002,2438,2847,-409
106000003,2234,1692,542
106000004,1836,1546,290
106000005,1631,3413,-1782
106000006,4037,3330,707
106000007,333,341,-8
106000008,341,241,100
106000009,329,204,125
106000010,329,445,-116
106000011,357,640,-283
106000012,461,1334,-873
106000013,933,1179,-246
106000014,1362,1457,-95
106000015,780,666,114
106000016,905,1860,-955
106000017,440,374,66
106000018,394,477,-83
106000019,205,238,-33
106000020,183,385,-202
106000021,132,349,-217
106000022,184,297,-113
106000023,290,350,-60
106000024,346,801,-455
106000025,90,118,-28
106000026,211,450,-239
106000027,401,747,-346
106000028,328,636,-308
106000029,690,1225,-535
106000030,704,193,511
106000034,77,430,-353
106000035,400,522,-122
106000036,298,249,49
106000037,1287,1239,48
106000038,361,56,305
106000039,88,24,64
106000040,157,562,-405
106000041,539,180,359
106000043,348,50,298
106000046,227,9,218
106000047,38,247,-209
106000049,323,75,248
106000050,178,776,-598
106000051,257,122,135
106000052,40,552,-512
106000053,89,75,14
106000054,240,349,-109
106000055,400,568,-168
106000056,197,447,-250
106000057,99,121,-22
106000058,100,167,-67
106000059,84,181,-97
106000060,418,538,-120
106000061,130,258,-128
106000062,119,606,-487
106000063,325,256,69
106000064,28,346,-318
106000065,102,97,5
106000066,46,364,-318
106000067,101,50,51
106000068,31,470,-439
106000069,90,83,7
106000070,221,518,-297
106000071,448,258,190
106000072,4139,928,3211
106000073,1432,1494,-62
106000074,244,459,-215
106000075,131,792,-661
106000076,1003,1054,-51
106000077,2260,1030,1230
106000078,394,657,-263
106000079,288,772,-484
106000080,659,725,-66
106000081,324,715,-391
106000082,1865,730,1135
106000083,222,629,-407
106000084,628,514,114
106000085,1158,660,498
106000086,384,474,-90
106000087,476,447,29
106000088,308,538,-230
106000089,496,379,117
106000090,154,512,-358
106000091,219,547,-328
106000092,371,190,181
106000093,184,44,140
106000094,93,374,-281
106000095,192,1118,-926
106000096,402,571,-169
106000097,338,1380,-1042
106000098,238,805,-567
106000099,103,806,-703
106000100,413,250,163
106000101,514,486,28
106000102,68,395,-327
106000103,87,279,-192
106000104,117,186,-69
106000105,248,744,-496
106000106,280,356,-76
106000107,77,574,-497
106000108,217,374,-157
106000109,65,490,-425
106000110,143,304,-161
106000111,59,570,-511
106000112,77,272,-195
106000113,953,560,393
106000114,189,263,-74
106000115,195,874,-679
106000116,248,301,-53
106000117,727,782,-55
106000118,720,718,2
106000119,2307,875,1432
106000120,519,538,-19
106000121,88,127,-39
106000122,54,299,-245
106000123,109,242,-133
106000124,27,339,-312
106000125,12,366,-354
106000126,102,260,-158
106000127,184,763,-579
106000128,320,435,-115
106000129,485,691,-206
106000130,369,849,-480
106000131,90,533,-443
106000132,930,161,769
106000133,3886,751,3135
106000134,815,526,289
106000135,393,1132,-739
106000136,417,341,76
106000137,61,1512,-1451
106000138,477,45,432
106000139,29,109,-80
106000140,13,88,-75
106000141,18,93,-75
106000142,17,63,-46
106000143,17,106,-89
106000144,40,85,-45
106000145,58,310,-252
106000146,156,210,-54
106000147,480,974,-494
106000148,757,982,-225
106000149,310,799,-489
106000150,275,1290,-1015
106000151,4959,540,4419
106000152,1147,740,407
106000153,91,700,-609
106000154,1365,224,1141
106000155,30,126,-96
106000156,318,215,103
106000157,322,1348,-1026
106000158,2686,495,2191
106000159,4381,791,3590
106000160,153,1110,-957
106000161,1042,450,592
106000162,67,533,-466
106000163,134,597,-463
106000164,152,229,-77
106000165,105,670,-565
106000166,250,213,37
106000167,125,1297,-1172
106000168,162,181,-19
106000169,97,734,-637
106000170,198,176,22
106000171,43,847,-804
106000172,1717,661,1056
106000173,452,2030,-1578
106000174,564,162,402
106000175,208,858,-650
106000176,618,445,173
106000177,462,1679,-1217
106000178,1750,1071,679
106000179,761,1508,-747
106000180,690,1683,-993
106000181,247,1861,-1614
106000182,274,520,-246
106000183,347,1017,-670
106000184,314,1003,-689
106000185,287,773,-486
106000186,720,143,577
106000187,181,546,-365
106000188,0,0,0
106000189,2,34,-32
106000190,3,6,-3
106000191,314,106,208
106000192,0,12,-12
106000193,201,120,81
106000194,86,199,-113
106000195,134,46,88
106000196,26,286,-260
106000197,99,263,-164
106000198,54,201,-147
106000199,657,316,341
106000200,290,105,185
106000201,320,752,-432
106000202,5854,439,5415
106000203,196,177,19
106000204,23,1,22
106000205,6,139,-133
106000206,25,9,16
106000207,34,743,-709
106000208,300,51,249
106000209,523,181,342
106000210,164,1189,-1025
106000211,351,1450,-1099
106000212,369,106,263
106000213,694,906,-212
106000214,1408,190,1218
106000215,156,405,-249
106000216,912,195,717
106000217,162,435,-273
106000218,202,254,-52
106000219,97,263,-166
106000220,474,357,117
106000221,45,241,-196
106000222,47,140,-93
106000223,46,106,-60
106000224,85,328,-243
106000225,31,58,-27
106000226,85,272,-187
106000228,22,111,-89
106000229,71,736,-665
106000231,276,121,155
106000232,17,426,-409
106000233,170,87,83
106000234,48,192,-144
106000235,99,42,57
106000236,63,26,37
106000237,2,5,-3
106000238,7,3,4
106000239,2,52,-50
106000240,12,2,10
106000241,11,625,-614
106000242,113,12,101
106000249,25,39,-14
106000250,48,303,-255
106000251,21,13,8
106000252,23,83,-60
106000253,6,25,-19
106000254,29,68,-39
106000255,13,51,-38
106000256,49,86,-37
106000257,36,276,-240
106000258,76,5,71
106000259,1,14,-13
106000260,6,3,3
106000261,3,45,-42
106000262,8,18,-10
106000263,2,56,-54
106000264,85,6,79
106000265,2,110,-108
106000266,64,7,57
106000267,7,89,-82
106000268,356,21,335
106000269,50,43,7
106000270,103,255,-152
106000271,21,98,-77
106000272,79,43,36
106000273,5,143,-138
106000274,118,33,85
106000275,67,85,-18
106000276,72,34,38
106000277,102,83,19
106000278,142,29,113
106000279,5,41,-36
106000280,21,128,-107
106000281,41,72,-31
106000282,44,47,-3
106000283,39,79,-40
106000284,31,61,-30
106000285,93,133,-40
106000286,38,101,-63
106000287,59,119,-60
106000288,52,121,-69
106000289,34,69,-35
106000290,61,85,-24
106000291,45,102,-57
106000292,25,108,-83
106000293,64,73,-9
106000294,106,93,13
106000295,16,34,-18
106000296,34,86,-52
106000297,40,178,-138
106000298,129,43,86
106000299,57,92,-35
106000300,21,60,-39
106000301,47,65,-18
106000303,10,63,-53
106000304,39,30,9
106000305,18,21,-3
106000306,47,79,-32
106000307,18,11,7
106000308,38,138,-100
106000309,9,54,-45
106000310,227,475,-248
106000311,156,76,80
106000312,66,287,-221
106000313,60,169,-109
106000318,117,118,-1
106000319,289,31,258
106000320,3,23,-20
106000321,206,34,172
106000322,70,197,-127
106000324,4,145,-141
106000325,702,631,71
106000326,662,1659,-997
106000327,30,158,-128
106000328,2,101,-99
106000329,37,256,-219
106000330,38,48,-10
106000428,17,142,-125
106000429,35,573,-538
106000430,179,1318,-1139
106000431,631,225,406
106000432,1301,2427,-1126
106000433,1141,564,577
106000434,1843,561,1282
106000435,1640,2048,-408
106000436,19,272,-253
106000437,104,14,90
106000438,121,58,63
106000439,29,438,-409
106000440,247,729,-482
106000441,1,0,1
106000442,107,3,104
106000443,60,499,-439
106000450,7,157,-150
106000451,15,6,9
106000454,0,99,-99
106000455,23,149,-126
106000456,100,8,92
106000457,3,1034,-1031
106000458,122,133,-11
106000459,28,356,-328
106000460,280,32,248
106000461,15,1768,-1753
106000462,0,10,-10
106000463,1,16,-15
106000464,3,604,-601
106000465,112,0,112
106000466,2,604,-602
106000467,400,357,43
106000468,16,139,-123
106000469,199,2,197
106000470,147,835,-688
106000471,14,539,-525
106000472,70,9,61
106000473,35,16,19
106000474,222,809,-587
106000475,230,182,48
106000476,210,178,32
106000477,36,118,-82
106000480,0,44,-44
106900001,0,10,-10
106900002,1,563,-562
106900003,61,341,-280
106900004,0,50,-50
106900006,0,20,-20
106900007,0,9,-9
106900008,64,246,-182
106900009,103,465,-362
106900010,79,284,-205
106900012,1624,434,1190
106900013,37,6,31
106900014,16,1,15
106900015,6,0,6
106900016,83,0,83
106900017,4,0,4
106900018,0,0,0
106900019,12,1,11
106900020,2434,324,2110
106900021,28,81,-53
106900022,119,0,119
106900023,3,254,-251
106900024,92,5,87
106900025,16,347,-331
106900026,3,1001,-998
106900027,269,1,268
106900028,7,94,-87
106900029,49,4,45
106900030,18,54,-36
107000001,2409,1123,1286
107000002,4939,2410,2529
107000003,2195,3204,-1009
107000004,3367,4301,-934
107000005,1114,2439,-1325
107000006,2249,4978,-2729
107000007,2830,2995,-165
107000008,14303,7891,6412
107000009,2627,2969,-342
107000010,7702,8240,-538
107000011,1357,822,535
107000012,3294,3065,229
107000013,21,145,-124
107000014,17,245,-228
107000015,291,819,-528
107000016,253,1181,-928
107000017,1240,493,747
107000018,2,129,-127
107000020,550,273,277
107000021,449,545,-96
107000022,364,1128,-764
107000023,641,222,419
107000024,196,1566,-1370
107000025,62,270,-208
107000026,102,581,-479
107000027,506,530,-24
107000028,824,1295,-471
107000029,888,1008,-120
107000030,2484,2734,-250
107000031,1536,1181,355
107000032,227,701,-474
107000033,3065,2459,606
107000034,3979,1554,2425
107000035,210,135,75
107000036,272,692,-420
107000037,35,451,-416
107000038,145,168,-23
107000039,278,313,-35
107000040,64,210,-146
107000041,951,386,565
107000042,557,1171,-614
107000043,2481,527,1954
107000044,572,241,331
107000045,88,236,-148
107000046,256,191,65
107000047,235,763,-528
107000048,279,270,9
107000049,376,590,-214
107000050,485,391,94
107000051,396,212,184
107000052,610,539,71
107000053,205,133,72
107000054,38,190,-152
107000055,275,121,154
107000056,347,502,-155
107000057,2021,163,1858
107000058,1576,1583,-7
107000059,1615,2196,-581
107000060,1916,3505,-1589
107000061,4105,2935,1170
107000062,1745,2004,-259
107000063,2753,5024,-2271
107000064,1472,1350,122
107000065,2142,4700,-2558
107000066,781,1127,-346
107000067,418,486,-68
107000068,868,371,497
107000069,329,313,16
107000070,249,1,248
107000071,850,8,842
107000072,42,3412,-3370
107000073,208,116,92
107000074,98,716,-618
107000075,571,181,390
107000076,603,1254,-651
107000077,1511,448,1063
107000078,1379,2510,-1131
107000079,907,381,526
107000080,815,2410,-1595
107000081,584,348,236
107000082,351,2366,-2015
107000083,408,169,239
107000084,296,1988,-1692
107000085,1820,2096,-276
107000086,2581,1925,656
107000087,1728,1341,387
107000088,1951,2239,-288
107000089,937,1188,-251
107000090,624,848,-224
107000091,560,774,-214
107000092,351,1014,-663
107000093,681,640,41
107000094,638,1169,-531
107000095,269,500,-231
107000096,387,821,-434
107000097,248,234,14
107000098,275,740,-465
107000099,256,160,96
107000100,287,262,25
107000101,26,77,-51
107000102,306,265,41
107000103,217,162,55
107000104,222,231,-9
107000105,231,109,122
107000106,88,254,-166
107000107,237,143,94
107000108,85,769,-684
107000109,264,121,143
107000110,55,556,-501
107000111,124,45,79
107000112,12,553,-541
107000113,264,107,157
107000114,68,852,-784
107000115,194,71,123
107000116,75,974,-899
107000117,62,215,-153
107000118,142,278,-136
107000119,1533,793,740
107000120,2928,285,2643
107000121,323,687,-364
107000122,782,665,117
107000123,199,746,-547
107000124,319,649,-330
107000125,271,784,-513
107000126,362,953,-591
107000129,108,1208,-1100
107000130,216,163,53
107000131,175,777,-602
107000132,239,259,-20
107000133,553,101,452
107000134,140,2,138
107000135,5,155,-150
107000136,622,6,616
107000137,13,310,-297
107000138,281,8,273
107000139,6,218,-212
107000140,428,25,403
107000141,100,649,-549
107000142,152,29,123
107000143,18,672,-654
107000144,199,305,-106
107000145,101,457,-356
107000146,71,198,-127
107000147,3625,906,2719
107000150,573,896,-323
107000151,49,47,2
107000152,556,234,322
107000153,417,506,-89
107000154,243,91,152
107000155,220,10,210
107000156,396,13,383
107000157,13,2074,-2061
107000158,255,15,240
107000159,36,1368,-1332
107000160,282,62,220
107000161,37,1743,-1706
107000162,88,152,-64
107000163,9,0,9
107000164,122,0,122
107000165,224,3,221
107000166,37,1386,-1349
107000167,174,192,-18
107000168,361,175,186
107000169,846,856,-10
107000170,449,334,115
107000171,343,2457,-2114
107000172,377,435,-58
107000173,595,1049,-454
107000174,501,1011,-510
107000175,8903,1215,7688
107000176,0,0,0
107000177,0,0,0
107000178,14,69,-55
107000179,134,3168,-3034
107000180,578,250,328
107000181,215,1537,-1322
107000182,578,746,-168
107000183,59,834,-775
107000184,342,705,-363
107000185,154,1038,-884
107000186,345,223,122
107000187,635,1026,-391
107000188,244,318,-74
107000189,206,636,-430
107000190,294,665,-371
107000191,512,1026,-514
107000192,795,879,-84
107000193,241,243,-2
107000194,650,550,100
107000197,452,160,292
107000198,184,682,-498
107000199,282,466,-184
107000200,786,364,422
107000201,211,160,51
107000202,146,301,-155
107000203,517,183,334
107000204,531,322,209
107000205,1797,579,1218
107000206,387,347,40
107000207,546,499,47
107000208,846,216,630
107000209,1599,238,1361
107000210,1096,171,925
107000211,4,10,-6
107000212,2,120,-118
107000213,19,17,2
107000214,6,53,-47
107000215,149,404,-255
107000216,97,382,-285
107000217,40,110,-70
107000219,39,95,-56
107000220,24,250,-226
107000222,211,499,-288
107000224,142,23,119
107000225,79,521,-442
107000226,87,63,24
107000227,56,372,-316
107000228,76,114,-38
107000229,229,63,166
107000230,648,418,230
107000231,2179,338,1841
107000232,60,48,12
107000233,1507,456,1051
107000234,0,14,-14
107000235,46,2,44
107000236,13,241,-228
107000237,2,0,2
107000238,4,0,4
107000239,4800,321,4479
107000240,40,1091,-1051
107000243,0,34,-34
107000244,3,63,-60
107000246,3,1034,-1031
107000249,0,835,-835
107000251,3,184,-181
107000252,6,1154,-1148
107000255,628,44,584
107000257,2,558,-556
107000258,0,113,-113
107000259,3,212,-209
107000260,91,1,90
107000262,4,834,-830
107000263,104,0,104
107000266,2,1,1
107000267,67,141,-74
107000268,101,128,-27
107000269,57,14,43
107000270,0,12,-12
107000271,6,930,-924
107000272,4,241,-237
107000273,0,239,-239
107000274,257,2,255
107000275,118,632,-514
107000280,199,14,185
107000281,17,1073,-1056
107000282,8,1229,-1221
107000290,1,38,-37
107000291,8,1,7
107000292,1,20,-19
107000293,19,3,16
107000294,1,28,-27
107000295,14,0,14
107000296,0,19,-19
107000444,97,2,95
107000496,0,5,-5
107000497,965,2808,-1843
107000500,152,296,-144
107000501,39,191,-152
107000502,144,360,-216
107000505,590,567,23
107000506,1,26,-25
107000508,3,714,-711
107000509,140,394,-254
107000510,15,7,8
107000514,7,160,-153
107000515,6,298,-292
107000516,128,118,10
107000518,496,326,170
107000519,3865,897,2968
107000520,49,3,46
107000521,261,409,-148
107000522,294,823,-529
107900001,17,241,-224
107900002,34,7,27
107900003,103,70,33
107900004,0,1,-1
107900005,212,4,208
107900006,25,0,25
107900007,78,5,73
107900008,42,45,-3
107900009,34,19,15
107900010,4,1,3
107900012,110,5,105
107900013,152,45,107
107900014,8,1,7
107900015,180,2,178
107900016,357,64,293
107900017,0,0,0
107900018,15,21,-6
107900019,6,70,-64
107900020,10,5,5
107900021,8,109,-101
107900023,0,0,0
107900024,0,10,-10
107900025,121,255,-134
107900026,14,107,-93
107900027,12,31,-19
107900028,9,68,-59
107900030,88,13,75
107900031,24,216,-192
107900032,1,0,1
107900033,4,3,1
107900034,97,4,93
107900035,231,5,226
107900036,15,3,12
107900037,0,35,-35
107900038,102,76,26
107900039,0,68,-68
107900040,13,14,-1
107900041,1,0,1
107900043,23,164,-141
107900044,1,1,0
107900045,25,17,8
107900046,42,37,5
107900047,5,55,-50
107900048,48,9,39
107900049,195,184,11
107900050,75,316,-241
107900051,44,78,-34
107900052,2,3,-1
107900053,16,44,-28
107900055,228,163,65
107900056,40,10,30
107900057,1,0,1
107900058,15,589,-574
107900060,5,45,-40
107900061,9,2,7
107900063,56,108,-52
107900064,102,9,93
107900065,34,5,29
107900066,2,8,-6
107900067,0,0,0
107900068,84,119,-35
107900069,11,481,-470
107900070,53,11,42
107900071,13,702,-689
107900072,22,226,-204
107900073,32,91,-59
107900074,811,73,738
107900076,34,58,-24
107900077,2,1,1
107900079,1,5,-4
107900080,59,95,-36
107900081,1,44,-43
107900082,22,10,12
107900083,151,49,102
107900084,23,78,-55
107900086,42,51,-9
107900087,282,37,245
107900088,0,8,-8
107900089,198,524,-326
107900090,252,473,-221
107900091,100,437,-337
107900093,16,63,-47
107900095,2149,609,1540
107900097,3,20,-17
107900098,15,102,-87
107900100,830,251,579
107900101,954,98,856
107900102,3,1,2
107900103,17,127,-110
107900104,83,0,83
107900105,4,513,-509
107900106,4,1280,-1276
107900107,691,112,579
107900108,162,39,123
107900109,247,4,243
107900110,16,121,-105
107900111,11,1132,-1121
107900112,32,109,-77
107900113,28,98,-70
107900114,60,258,-198
107900115,2,37,-35
107900116,34,241,-207
107900117,159,305,-146
107900118,60,122,-62
107900119,48,45,3
107900120,7,3,4
107900121,4,64,-60
107900122,0,25,-25
107900123,0,8,-8
107900124,1,35,-34
107900125,33,195,-162
107900126,2,23,-21
107900127,261,68,193
107900128,74,38,36
107900129,15,42,-27
107900130,18,11,7
107900131,539,30,509
107900132,87,369,-282
107900133,0,54,-54
107900134,15,7,8
107900135,0,177,-177
107900136,36,22,14
107900137,52,55,-3
107900138,9,8,1
107900139,4,20,-16
107900141,19,43,-24
107900142,57,977,-920
107900143,19,32,-13
107900144,1,112,-111
107900145,3,68,-65
107900146,12,81,-69
107900147,31,8,23
107900148,67,127,-60
107900149,1433,252,1181
107900150,52,710,-658
107900151,1,63,-62
107900152,10,149,-139
107900153,80,100,-20
107900154,19,6,13
107900155,19,17,2
107900156,6,391,-385
107900157,14,80,-66
107900158,135,8,127
107900159,44,841,-797
107900160,20,137,-117
107900161,2,294,-292
107900162,0,14,-14
107900163,27,17,10
107900164,6,15,-9
107900165,4,47,-43
107900166,7,233,-226
107900167,3,4,-1
107900168,11,43,-32
107900169,0,124,-124
107900171,15,1797,-1782
107900172,1,287,-286
107900173,1,155,-154
107900174,15,3,12
107900175,3,6,-3
107900176,7,26,-19
107900177,0,25,-25
107900178,0,179,-179
107900179,6,112,-106
107900180,794,141,653
107900181,170,503,-333
107900182,7,1447,-1440
107900183,9,341,-332
107900184,25,235,-210
107900185,16,3,13
107900186,5,18,-13
107900187,1,61,-60
107900188,645,75,570
107900189,1,97,-96
107900190,79,44,35
107900191,19,129,-110
107900193,59,14,45
107900194,84,1,83
107900195,3669,361,3308
107900196,18,87,-69
107900197,664,105,559
107900199,1,976,-975
107900201,19,116,-97
107900203,24,47,-23
107900204,162,167,-5
107900206,170,69,101
107900207,1,548,-547
107900208,10,750,-740
107900209,210,66,144
107900210,61,108,-47
107900213,149,243,-94
107900214,4,138,-134
107900215,129,208,-79
107900216,41,53,-12
107900217,14,52,-38
107900218,2,1311,-1309
107900219,6,134,-128
107900220,104,56,48
107900221,110,178,-68
107900223,31,575,-544
107900224,137,191,-54
107900225,2,629,-627
107900226,45,87,-42
107900227,78,454,-376
107900228,15,64,-49
107900229,2,287,-285
107900230,2,144,-142
107900231,5,195,-190
107900232,13,196,-183
107900233,2,111,-109
107900234,51,128,-77
107900235,21,66,-45
107900236,39,70,-31
107900237,75,378,-303
107900238,7,97,-90
107900239,1182,267,915
107900240,5,125,-120
107900241,4,44,-40
107900242,7,373,-366
107900243,0,31,-31
107900244,45,0,45
107900245,102,23,79
107900246,44,8,36
107900248,74,163,-89
107900249,191,2,189
107900250,1,489,-488
107900251,40,1085,-1045
107900252,225,4,221
107900253,58,0,58
107900254,30,46,-16
107900255,238,32,206
107900256,185,241,-56
107900257,40,23,17
107900258,65,144,-79
107900259,41,387,-346
107900261,0,287,-287
107900262,37,115,-78
107900264,64,5,59
107900265,33,211,-178
107900267,74,10,64
107900268,30,4,26
107900269,1,7,-6
107900270,0,0,0
107900271,0,0,0
107900272,69,4,65
107900273,14,59,-45
107900274,18,0,18
107900275,3,0,3
107900276,0,61,-61
107900277,2,185,-183
107900278,103,266,-163
107900279,138,73,65
107900280,1333,647,686
107900281,2800,584,2216
107900282,42,89,-47
107900283,988,225,763
107900284,91,678,-587
107900285,33,130,-97
107900286,80,48,32
107900287,71,72,-1
107900290,0,50,-50
107900291,218,3,215
107900292,41,236,-195
107900293,26,489,-463
107900295,19,118,-99
107900297,2,183,-181
107900298,540,715,-175
107900299,3798,887,2911
107900301,213,154,59
107900302,26,6,20
107900303,21,300,-279
107900304,56,472,-416
107900305,65,4,61
107900306,12,5,7
107900307,40,288,-248
107900308,144,22,122
107900309,9,0,9
107900310,0,0,0
107900311,103,60,43
107900312,0,0,0
107900313,0,31,-31
107900314,2,47,-45
107900315,0,31,-31
107900316,8,0,8
107900317,14,1,13
107900318,1,96,-95
107900319,3,147,-144
107900320,0,115,-115
107900321,20,1,19
107900322,1,159,-158
107900323,4,97,-93
107900324,45,0,45
107900325,12,0,12
107900326,37,316,-279
107900327,0,0,0
107900328,0,0,0
107900329,0,0,0
107900330,3,383,-380
107900331,58,16,42
107900332,58,46,12
107900333,36,10,26
107900334,4,294,-290
107900335,24,49,-25
107900336,5,16,-11
107900337,1337,273,1064
107900338,2,78,-76
107900339,1,11,-10
107900340,1,46,-45
107900341,7,0,7
107900342,58,78,-20
107900343,11,1,10
107900344,0,147,-147
107900345,52,9,43
107900346,5,0,5
107900347,5,2,3
107900348,2,3,-1
107900349,4,3,1
107900350,41,237,-196
107900351,2,178,-176
107900352,2,65,-63
107900353,2,1,1
107900354,6,101,-95
108000001,2017,1875,142
108000002,2322,2722,-400
108000003,2073,1166,907
108000004,14442,11216,3226
108000005,3613,2089,1524
108000006,4490,4814,-324
108000007,2449,2224,225
108000008,3589,4656,-1067
108000009,1397,1936,-539
108000010,1700,4207,-2507
108000011,7655,4690,2965
108000012,17681,10889,6792
108000014,413,292,121
108000015,231,242,-11
108000016,92,491,-399
108000017,372,181,191
108000018,606,232,374
108000019,720,287,433
108000020,633,245,388
108000021,366,1217,-851
108000022,358,1165,-807
108000023,499,89,410
108000024,104,635,-531
108000025,96,201,-105
108000026,172,535,-363
108000027,308,649,-341
108000028,118,222,-104
108000029,134,912,-778
108000030,186,164,22
108000031,99,438,-339
108000032,552,277,275
108000033,449,1115,-666
108000034,722,245,477
108000035,741,2226,-1485
108000036,175,1360,-1185
108000037,623,196,427
108000038,884,246,638
108000039,362,2508,-2146
108000040,765,335,430
108000041,536,2384,-1848
108000042,38,194,-156
108000043,66,320,-254
108000044,131,151,-20
108000045,110,679,-569
108000046,575,131,444
108000047,252,990,-738
108000048,69,404,-335
108000049,245,138,107
108000050,132,631,-499
108000051,109,39,70
108000052,229,770,-541
108000053,146,57,89
108000054,399,797,-398
108000055,463,215,248
108000056,1134,765,369
108000057,322,399,-77
108000058,1482,1311,171
108000059,3537,1383,2154
108000060,99,274,-175
108000061,225,599,-374
108000062,252,231,21
108000063,201,523,-322
108000064,88,187,-99
108000065,321,543,-222
108000066,1212,566,646
108000067,736,250,486
108000068,353,224,129
108000069,173,1001,-828
108000070,650,403,247
108000071,407,1799,-1392
108000072,771,582,189
108000073,1158,1696,-538
108000074,133,251,-118
108000075,267,677,-410
108000076,415,241,174
108000077,472,688,-216
108000078,1159,897,262
108000079,813,1509,-696
108000080,381,323,58
108000081,246,2175,-1929
108000082,716,1422,-706
108000083,904,428,476
108000084,282,1056,-774
108000085,206,209,-3
108000086,635,629,6
108000087,68,732,-664
108000088,316,137,179
108000089,124,177,-53
108000091,66,545,-479
108000092,40,83,-43
108000093,36,863,-827
108000094,255,97,158
108000095,83,485,-402
108000096,102,128,-26
108000097,73,588,-515
108000098,459,1158,-699
108000099,288,204,84
108000100,42,251,-209
108000101,456,533,-77
108000102,873,1199,-326
108000106,488,0,488
108000107,1,466,-465
108000108,253,32,221
108000109,7,754,-747
108000110,69,143,-74
108000111,54,650,-596
108000112,20,31,-11
108000113,398,261,137
108000115,484,383,101
108000117,558,184,374
108000118,343,430,-87
108000119,698,394,304
108000120,64,348,-284
108000121,120,589,-469
108000122,189,273,-84
108000123,207,283,-76
108000124,67,423,-356
108000125,103,367,-264
108000126,37,538,-501
108000127,103,359,-256
108000128,182,677,-495
108000129,80,1474,-1394
108000130,110,289,-179
108000131,354,128,226
108000132,1442,1092,350
108000133,428,298,130
108000134,515,711,-196
108000135,350,239,111
108000136,783,927,-144
108000137,80,334,-254
108000138,187,1037,-850
108000139,60,342,-282
108000140,12,12,0
108000141,3,173,-170
108000142,38,155,-117
108000143,11,717,-706
108000144,97,54,43
108000145,9,43,-34
108000146,154,50,104
108000147,11,79,-68
108000148,137,39,98
108000149,19,29,-10
108000150,4,4,0
108000151,100,41,59
108000152,56,574,-518
108000153,85,75,10
108000154,35,15,20
108000155,19,8,11
108000156,654,437,217
108000157,63,258,-195
108000158,71,261,-190
108000159,717,103,614
108000160,5176,406,4770
108000161,3456,588,2868
108000165,0,52,-52
108000172,1,82,-81
108000173,2429,592,1837
108000175,110,63,47
108000178,299,263,36
108000179,200,296,-96
108000181,37,19,18
108000182,319,68,251
108000183,21,376,-355
108000184,1007,699,308
108000185,26,537,-511
108000186,78,608,-530
108000187,35,737,-702
108000188,96,214,-118
108000189,2087,1801,286
108000190,9,64,-55
108000192,64,672,-608
108000193,366,11,355
108000194,11,15,-4
108000195,2,1171,-1169
108000196,57,90,-33
108000198,286,379,-93
108000199,0,104,-104
108000200,93,691,-598
108000203,20,765,-745
108000204,19,20,-1
108000205,299,563,-264
108000339,1242,180,1062
108000364,400,360,40
108000365,22,367,-345
108000367,82,325,-243
108000368,10,49,-39
108000369,1533,69,1464
108000371,5,647,-642
108000372,232,3,229
108000373,68,124,-56
108000376,51,21,30
108000377,177,288,-111
108000378,6885,4496,2389
108000379,27,125,-98
108000381,14,7,7
108000382,39,0,39
108000383,0,101,-101
108900001,53,1014,-961
108900002,102,34,68
108900003,332,1085,-753
108900004,272,103,169
108900007,78,116,-38
108900008,10,124,-114
108900009,7,84,-77
108900010,33,109,-76
108900011,92,265,-173
108900012,111,343,-232
108900013,44,223,-179
108900014,2,46,-44
108900015,0,11,-11
108900016,1,164,-163
108900017,97,122,-25
108900018,36,567,-531
108900019,4,1273,-1269
108900020,25,327,-302
108900021,50,291,-241
108900022,11,1,10
108900023,6,26,-20
108900024,16,140,-124
108900025,21,122,-101
108900026,2,58,-56
108900027,0,79,-79
108900028,11,457,-446
108900029,20,177,-157
108900030,0,105,-105
108900031,21,655,-634
108900032,7,213,-206
108900033,0,41,-41
108900034,0,241,-241
108900035,96,1696,-1600
108900038,1,335,-334
108900039,0,545,-545
108900040,4,97,-93
108900041,5091,961,4130
108900042,3,155,-152
108900043,11,426,-415
108900044,1,624,-623
108900045,6,667,-661
108900046,26,977,-951
108900047,3,83,-80
108900048,46,986,-940
108900049,4936,317,4619
108900050,0,327,-327
108900051,0,170,-170
108900052,20,247,-227
108900053,80,48,32
108900054,20,191,-171
108900055,42,376,-334
108900056,0,133,-133
108900057,1,166,-165
108900058,15,358,-343
108900059,73,4,69
108900060,24,76,-52
108900061,29,10,19
108900062,2,374,-372
108900063,6,344,-338
108900064,22,40,-18
108900065,3,323,-320
108900066,65,76,-11
108900067,15,250,-235
108900068,25,229,-204
108900069,10,98,-88
108900070,12,147,-135
108900071,12,36,-24
108900072,1982,144,1838
108900073,16,465,-449
108900074,13,439,-426
108900075,69,61,8
108900076,72,45,27
108900077,136,543,-407
108900078,3,158,-155
108900079,680,239,441
108900080,10,126,-116
108900081,40,234,-194
108900082,13,112,-99
108900083,12,60,-48
108900085,1990,113,1877
108900086,48,349,-301
108900087,118,190,-72
108900088,379,141,238
108900089,6,47,-41
108900090,2,403,-401
108900091,110,105,5
108900092,181,177,4
108900093,31,45,-14
108900094,135,49,86
108900095,33,646,-613
108900096,501,28,473
108900097,124,146,-22
108900098,2808,222,2586
108900099,172,278,-106
108900100,63,76,-13
108900101,72,27,45
108900102,100,247,-147
108900103,26,22,4
108900105,1,336,-335
108900106,80,484,-404
108900108,73,19,54
108900109,96,14,82
108900110,42,505,-463
108900111,98,676,-578
108900113,18,18,0
108900114,22,7,15
108900115,14,35,-21
108900116,12,6,6
108900117,24,14,10
108900118,124,1,123
108900119,39,42,-3
108900120,99,70,29
108900121,123,16,107
108900122,47,25,22
108900123,20,28,-8
108900124,150,29,121
108900125,88,6,82
108900126,22,8,14
108900127,18,22,-4
108900128,34,6,28
108900129,247,25,222
108900130,59,1,58
108900131,111,0,111
108900132,96,27,69
108900133,40,17,23
108900134,73,274,-201
108900135,48,2,46
108900136,3,0,3
108900137,23,0,23
108900138,138,9,129
108900140,36,231,-195
108900141,76,5,71
108900142,20,1,19
108900143,7,0,7
108900144,11,0,11
108900145,30,3,27
108900146,19,0,19
108900147,35,1,34
108900148,44,19,25
108900150,98,2,96
108900151,17,0,17
108900152,6,0,6
108900153,19,464,-445
108900154,1927,281,1646
108900156,15,4,11
108900157,3,604,-601
108900158,60,16,44
108900159,4,318,-314
108900160,2,242,-240
108900161,4,396,-392
108900162,6,0,6
108900163,7,107,-100
108900164,32,75,-43
108900168,9099,815,8284
108900169,19,115,-96
108900171,7660,972,6688
108900172,114,13,101
108900173,157,258,-101
108900174,123,294,-171
108900176,72,625,-553
108900177,8357,1173,7184
108900178,4884,977,3907
108900180,41,103,-62
108900183,138,129,9
108900184,89,92,-3
108900185,39,238,-199
108900186,18,241,-223
108900189,96,116,-20
108900190,17,2617,-2600
108900192,33,227,-194
108900195,22,356,-334
108900196,9,579,-570
108900199,67,266,-199
108900200,134,230,-96
108900201,160,940,-780
108900203,200,9,191
108900204,152,1,151
108900205,57,7,50
108900206,81,9,72
108900207,82,12,70
108900208,24,333,-309
108900209,199,607,-408
108900210,75,125,-50
108900211,84,152,-68
108900212,725,357,368
108900215,119,706,-587
108900216,177,37,140
108900217,29,0,29
108900218,32,3,29
108900221,32,59,-27
108900224,32,60,-28
108900225,0,138,-138
108900227,45,60,-15
108900230,324,254,70
108900232,2,378,-376
108900233,79,20,59
108900234,100,37,63
108900235,142,513,-371
108900236,25,316,-291
108900240,23,64,-41
108900241,11,8,3
108900245,2,259,-257
108900250,37,90,-53
108900258,13,211,-198
108900259,16,50,-34
108900260,2,97,-95
108900261,159,187,-28
108900262,266,103,163
108900263,60,198,-138
108900264,332,180,152
108900265,1125,123,1002
108900266,1021,109,912
108900267,7,26,-19
108900268,6,0,6
108900269,11,4,7
108900270,12,2,10
108900271,5,2,3
108900272,48,3,45
108900273,738,206,532
108900274,13,31,-18
109000001,2342,749,1593
109000002,3067,1046,2021
109000003,1259,444,815
109000004,402,2205,-1803
109000005,937,598,339
109000006,515,1974,-1459
109000007,627,443,184
109000008,289,1740,-1451
109000009,1904,714,1190
109000010,1294,3151,-1857
109000011,1322,931,391
109000012,1206,3754,-2548
109000013,1557,1127,430
109000014,980,3243,-2263
109000015,3385,2986,399
109000016,9037,3731,5306
109000017,933,726,207
109000018,562,3103,-2541
109000019,1495,720,775
109000020,1223,1957,-734
109000023,126,18,108
109000024,3,102,-99
109000025,263,242,21
109000026,674,271,403
109000027,36,200,-164
109000028,71,78,-7
109000029,103,76,27
109000030,89,487,-398
109000031,54,70,-16
109000032,43,461,-418
109000033,106,75,31
109000034,40,26,14
109000035,7,22,-15
109000036,74,310,-236
109000037,84,515,-431
109000038,442,236,206
109000039,519,201,318
109000040,2990,1386,1604
109000041,5245,810,4435
109000042,644,698,-54
109000044,134,179,-45
109000045,88,482,-394
109000046,113,62,51
109000047,65,333,-268
109000048,760,285,475
109000049,165,326,-161
109000050,327,464,-137
109000051,179,175,4
109000052,236,1850,-1614
109000053,373,144,229
109000054,76,642,-566
109000055,58,121,-63
109000056,99,523,-424
109000057,141,180,-39
109000058,1086,397,689
109000059,545,528,17
109000060,481,141,340
109000061,1400,347,1053
109000062,75,95,-20
109000063,168,162,6
109000064,34,108,-74
109000065,55,297,-242
109000066,162,110,52
109000067,25,365,-340
109000068,239,1,238
109000069,417,12,405
109000070,12,662,-650
109000071,187,56,131
109000072,57,561,-504
109000073,24,53,-29
109000074,16,268,-252
109000075,37,351,-314
109000076,68,105,-37
109000077,329,303,26
109000078,21,83,-62
109000079,94,229,-135
109000080,56,125,-69
109000081,59,609,-550
109000082,223,261,-38
109000083,95,732,-637
109000088,84,451,-367
109000089,170,7,163
109000090,128,484,-356
109000091,83,48,35
109000092,357,591,-234
109000093,93,134,-41
109000094,93,0,93
109000095,58,636,-578
109000096,307,111,196
109000097,69,55,14
109000098,33,31,2
109000099,261,212,49
109000100,72,424,-352
109000101,410,578,-168
109000102,146,711,-565
109000103,296,505,-209
109000104,493,439,54
109000105,215,1388,-1173
109000106,770,383,387
109000107,301,1737,-1436
109000108,769,262,507
109000109,275,1610,-1335
109000110,550,254,296
109000111,685,1968,-1283
109000112,181,101,80
109000113,88,115,-27
109000114,54,311,-257
109000115,675,89,586
109000116,9,359,-350
109000117,44,97,-53
109000118,5,227,-222
109000119,214,366,-152
109000120,65,1130,-1065
109000121,142,117,25
109000122,45,1199,-1154
109000123,19,266,-247
109000124,174,219,-45
109000125,258,286,-28
109000126,181,859,-678
109000127,396,230,166
109000128,245,2308,-2063
109000129,625,187,438
109000130,844,3403,-2559
109000131,693,286,407
109000132,828,2541,-1713
109000133,195,1016,-821
109000134,434,1173,-739
109000135,640,939,-299
109000136,177,340,-163
109000137,90,256,-166
109000138,172,454,-282
109000139,143,357,-214
109000140,82,876,-794
109000141,245,429,-184
109000142,86,475,-389
109000143,40,34,6
109000145,36,129,-93
109000146,46,81,-35
109000148,3581,411,3170
109000149,19,17,2
109000150,98,110,-12
109000155,142,394,-252
109000156,847,829,18
109000158,26,211,-185
109000159,44,635,-591
109000160,324,210,114
109000161,104,1313,-1209
109000162,887,882,5
109000163,398,1415,-1017
109000164,613,2289,-1676
109000165,615,509,106
109000166,300,64,236
109000167,53,891,-838
109000170,48,27,21
109000171,25,41,-16
109000172,63,44,19
109000173,15,37,-22
109000174,22,47,-25
109000175,52,415,-363
109000176,105,270,-165
109000177,4,102,-98
109000178,221,440,-219
109000179,6734,1261,5473
109000180,3639,1497,2142
109000181,4,35,-31
109000182,11,29,-18
109000183,12,28,-16
109000184,8,20,-12
109000185,10,70,-60
109000188,249,2358,-2109
109000189,814,667,147
109000190,223,499,-276
109000191,171,689,-518
109000192,101,221,-120
109000193,75,363,-288
109000194,36,113,-77
109000195,55,369,-314
109000196,81,73,8
109000197,87,430,-343
109000198,140,39,101
109000199,51,428,-377
109000206,101,26,75
109000207,61,24,37
109000208,55,51,4
109000209,117,55,62
109000210,152,416,-264
109000211,144,255,-111
109000214,143,1498,-1355
109000215,45,58,-13
109000216,144,67,77
109000217,77,39,38
109000218,98,40,58
109000221,200,1081,-881
109000222,437,71,366
109000223,120,104,16
109000224,16,319,-303
109000225,21,24,-3
109000226,13,294,-281
109000227,432,1269,-837
109000228,0,236,-236
109000231,2,507,-505
109000232,98,380,-282
109000236,164,706,-542
109000241,1090,1573,-483
109000242,769,1028,-259
109000293,30,106,-76
109000361,81,263,-182
109000364,103,479,-376
109000396,3,802,-799
109000397,219,3,216
109000399,103,510,-407
109000400,24,296,-272
109000403,30,240,-210
109000406,157,9,148
109000407,85,198,-113
109000408,0,730,-730
109000410,299,94,205
109000411,44,11,33
109000412,0,112,-112
109900001,28,1,27
109900002,280,3,277
109900003,78,0,78
109900005,10,3,7
109900006,76,233,-157
109900007,147,924,-777
109900008,1,27,-26
109900009,60,716,-656
109900010,109,8,101
109900011,10,20,-10
109900012,61,100,-39
109900013,130,36,94
109900014,92,24,68
109900015,92,43,49
109900016,22,37,-15
109900017,44,24,20
109900018,29,111,-82
109900019,37,67,-30
109900020,5,5,0
109900021,7,2,5
109900022,37,307,-270
109900023,3,2,1
109900024,2,0,2
109900025,5,41,-36
109900027,9,7,2
109900028,2322,282,2040
109900029,5,591,-586
109900030,6,2,4
109900031,0,46,-46
109900032,4,241,-237
109900033,1,452,-451
109900034,4,1,3
109900035,5,18,-13
109900036,9,88,-79
109900037,6,524,-518
109900038,34,185,-151
109900039,2,0,2
109900040,9,667,-658
109900041,29,514,-485
109900042,1,407,-406
109900044,31,308,-277
109900045,23,14,9
109900046,34,41,-7
109900047,174,306,-132
109900048,1,53,-52
109900049,4,18,-14
109900050,0,326,-326
109900051,0,61,-61
109900052,52,201,-149
109900053,2,640,-638
109900054,157,79,78
109900055,37,203,-166
109900056,14,71,-57
109900057,9,292,-283
109900058,0,133,-133
109900060,252,177,75
109900061,68,255,-187
109900062,0,296,-296
109900064,164,229,-65
109900065,103,92,11
109900066,147,1030,-883
109900067,1,442,-441
109900068,10,5,5
109900069,2,12,-10
109900071,2,42,-40
109900072,20,92,-72
109900073,56,714,-658
109900074,3,28,-25
109900075,13,13,0
109900076,16,484,-468
109900077,18,24,-6
109900078,55,254,-199
109900080,54,270,-216
109900081,12,48,-36
109900082,15,465,-450
109900083,16,31,-15
109900084,29,142,-113
109900085,111,1136,-1025
109900086,24,140,-116
109900087,99,229,-130
109900089,164,48,116
109900092,82,10,72
109900093,216,53,163
109900094,20,70,-50
109900095,58,207,-149
109900096,9,0,9
109900097,34,1,33
109900098,102,11,91
109900099,63,0,63
109900100,7,0,7
109900101,123,0,123
109900102,130,14,116
109900103,4,24,-20
109900104,131,1156,-1025
109900105,117,19,98
109900106,71,34,37
109900107,93,29,64
109900108,38,454,-416
109900109,17,188,-171
109900111,184,1137,-953
109900114,243,165,78
109900115,69,56,13
109900117,189,52,137
109900121,237,57,180
109900123,2,157,-155
109900125,0,194,-194
109900126,40,164,-124
109900130,11337,744,10593
109900131,84,77,7
109900132,28,153,-125
109900134,19,26,-7
109900135,405,45,360
109900137,48,352,-304
109900140,64,285,-221
109900149,41,28,13
109900150,9,41,-32
109900151,1,48,-47
109900152,1,14,-13
109900153,0,43,-43
109900154,3,0,3
109900155,6,7,-1
109900157,33,291,-258
109900159,48,23,25
109900161,112,38,74
109900162,72,37,35
109900163,544,197,347
109900164,11,238,-227
109900165,41,4,37
109900166,0,164,-164
109900167,77,449,-372
109900168,86,503,-417
109900169,41,111,-70
109900170,140,335,-195
109900171,43,51,-8
109900172,50,85,-35
109900173,3588,619,2969
109900174,28,134,-106
109900175,22,52,-30
109900176,49,202,-153
109900177,15,293,-278
109900178,0,98,-98
109900179,1,35,-34
109900180,0,11,-11
110000001,528,354,174
110000002,412,254,158
110000003,557,446,111
110000004,395,322,73
110000005,467,713,-246
110000006,504,251,253
110000007,61,152,-91
110000008,6,31,-25
110000009,16,42,-26
110000010,20,28,-8
110000011,13,86,-73
110000012,484,343,141
110000013,11,223,-212
110000014,608,295,313
110000015,264,394,-130
110000016,233,507,-274
110000017,3336,178,3158
110000018,3024,377,2647
110000019,3,133,-130
110000020,367,178,189
110000021,297,165,132
110000022,331,51,280
110000023,3,166,-163
110000024,424,229,195
110000025,67,5,62
110000026,4,525,-521
110000027,403,142,261
110000028,410,411,-1
110000029,328,777,-449
110000030,165,217,-52
110000031,128,443,-315
110000032,413,314,99
110000033,72,46,26
110000034,109,518,-409
110000035,192,929,-737
110000036,259,467,-208
110000037,60,526,-466
110000038,109,385,-276
110000039,453,901,-448
110000040,169,478,-309
110000041,91,487,-396
110000042,62,192,-130
110000043,223,122,101
110000044,32,34,-2
110000045,121,57,64
110000046,5,3,2
110000047,5,5,0
110000048,5,8,-3
110000049,11,4,7
110000050,5,9,-4
110000051,36,2,34
110000052,24,57,-33
110000053,33,4,29
110000054,42,101,-59
110000055,101,7,94
110000056,168,27,141
110000057,239,655,-416
110000058,332,418,-86
110000059,401,486,-85
110000060,349,542,-193
110000061,594,599,-5
110000062,464,521,-57
110000063,26,54,-28
110000064,43,88,-45
110000065,26,41,-15
110000066,26,25,1
110000067,48,264,-216
110000068,68,572,-504
110000069,74,62,12
110000071,26,93,-67
110000073,1,18,-17
110000075,0,57,-57
110000076,167,102,65
110000077,351,242,109
110000078,4,23,-19
110000080,166,427,-261
110000081,16,187,-171
110000082,46,154,-108
110000083,173,560,-387
110000084,452,215,237
110000085,2827,965,1862
110000086,1007,395,612
110000087,2,47,-45
110000088,22,168,-146
110000089,122,186,-64
110000090,36,284,-248
110000091,1767,201,1566
110000092,18,110,-92
110000093,28,5,23
110000094,326,162,164
110000095,41,301,-260
110000096,3860,1072,2788
110000097,542,621,-79
110000098,957,334,623
110000099,710,1059,-349
110000100,137,928,-791
110000101,21,527,-506
110000102,22,26,-4
110000104,85,80,5
110000105,49,202,-153
110000106,262,139,123
110000107,292,331,-39
110000108,80,22,58
110000109,212,206,6
110000110,4901,1076,3825
110000111,8330,934,7396
110000112,1460,255,1205
110000113,569,457,112
110000114,57,184,-127
110000115,165,172,-7
110000116,26,54,-28
110000117,83,529,-446
110000118,168,281,-113
110000119,75,380,-305
110000120,169,172,-3
110000121,38,198,-160
110000122,149,343,-194
110000123,201,142,59
110000124,3,612,-609
110000125,586,3,583
110000126,150,17,133
110000127,275,19,256
110000128,16,1147,-1131
110000129,1,666,-665
110000130,94,65,29
110000131,75,489,-414
110000132,3,527,-524
110000133,35,191,-156
110000134,26,242,-216
110000135,122,16,106
110000136,26,213,-187
110000137,253,596,-343
110000138,268,739,-471
110000139,405,1290,-885
110000140,508,263,245
110000143,599,256,343
110000144,3256,706,2550
110000145,936,567,369
110000146,1078,447,631
110000147,105,465,-360
110000148,178,307,-129
110000151,521,373,148
110000152,548,161,387
110000153,19,117,-98
110000154,2,5,-3
110000155,967,885,82
110000156,630,612,18
110000157,635,979,-344
110000160,232,400,-168
110000161,100,425,-325
110000166,65,87,-22
110000167,324,253,71
110000168,456,195,261
110000169,418,225,193
110000170,31,64,-33
110000171,368,206,162
110000172,76,667,-591
110000173,1049,1028,21
110000174,44,1428,-1384
110000175,187,73,114
110000176,40,153,-113
110000177,59,503,-444
110000178,306,435,-129
110000179,1308,256,1052
110000180,50,279,-229
110000181,88,206,-118
110000182,332,214,118
110000183,9056,2847,6209
110000184,464,1128,-664
110000185,319,380,-61
110000186,444,324,120
110000191,216,321,-105
110000192,147,0,147
110000193,179,3,176
110000194,7,1187,-1180
110000195,118,357,-239
110000196,156,473,-317
110000197,9,168,-159
110000198,19,69,-50
110000199,29,75,-46
110000200,974,453,521
110000201,196,374,-178
110000202,633,351,282
110000203,453,699,-246
110000204,3,326,-323
110000205,36,74,-38
110000206,476,1467,-991
110000207,197,295,-98
110000208,42,73,-31
110000209,64,730,-666
110000210,336,634,-298
110000211,268,755,-487
110000212,228,618,-390
110000213,47,63,-16
110000214,61,96,-35
110000215,47,566,-519
110000216,21,610,-589
110000217,108,217,-109
110000218,66,471,-405
110000219,85,56,29
110000220,12,440,-428
110000221,102,30,72
110000222,10,364,-354
110000223,6,50,-44
110000224,93,4,89
110000225,76,356,-280
110000226,107,54,53
110000227,307,245,62
110000228,276,359,-83
110000229,0,178,-178
110000230,240,517,-277
110000231,47,154,-107
110000232,82,124,-42
110000233,97,223,-126
110000234,242,230,12
110000235,1016,521,495
110000236,201,769,-568
110000237,752,716,36
110000238,486,938,-452
110000239,858,980,-122
110000240,0,91,-91
110000242,0,14,-14
110000243,29,204,-175
110000244,57,281,-224
110000245,26,377,-351
110000246,230,598,-368
110000247,1501,2953,-1452
110000248,2109,1142,967
110000249,49,2,47
110000250,7,193,-186
110000251,47,372,-325
110000252,74,317,-243
110000253,656,343,313
110000254,591,1252,-661
110000255,250,1163,-913
110000256,387,154,233
110000257,635,298,337
110000258,6,463,-457
110000259,41,26,15
110000260,9,408,-399
110000263,501,76,425
110000264,108,572,-464
110000265,481,1015,-534
110000266,1032,1203,-171
110000267,3,120,-117
110000268,196,294,-98
110000269,0,53,-53
110000270,18,0,18
110000271,1954,151,1803
110000272,487,688,-201
110000273,1348,820,528
110000274,94,588,-494
110000275,2780,302,2478
110000276,66,141,-75
110000277,80,379,-299
110000278,161,819,-658
110000279,476,489,-13
110000280,104,362,-258
110000281,5,128,-123
110000282,117,50,67
110000283,11,23,-12
110000284,25,34,-9
110000285,0,99,-99
110000286,26,0,26
110000287,17,0,17
110000288,1,66,-65
110000289,233,812,-579
110000290,1237,422,815
110000291,5779,1268,4511
110000292,881,2206,-1325
110000293,230,1127,-897
110000294,275,655,-380
110000295,61,863,-802
110000296,147,265,-118
110000297,1941,224,1717
110000298,341,385,-44
110000299,526,14,512
110000301,85,4,81
110000302,151,1245,-1094
110000303,121,5,116
110000304,55,226,-171
110000305,255,7,248
110000306,71,1890,-1819
110000307,419,1,418
110000308,148,9,139
110000309,5,1310,-1305
110000310,230,55,175
110000311,13,764,-751
110000312,309,27,282
110000313,2217,1352,865
110000314,0,189,-189
110000315,2208,1128,1080
110000316,468,893,-425
110000317,335,178,157
110000318,1,81,-80
110000319,2,11,-9
110000320,9,62,-53
110000321,3,16,-13
110000322,76,427,-351
110000323,171,271,-100
110000324,4418,767,3651
110000325,1655,1416,239
110000327,244,118,126
110000328,114,443,-329
110000333,319,279,40
110000334,314,1058,-744
110000335,551,402,149
110000336,259,1138,-879
110000337,456,413,43
110000338,67,160,-93
110000339,71,243,-172
110000340,18,159,-141
110000341,104,439,-335
110000342,278,2,276
110000343,0,5,-5
110000344,21,141,-120
110000345,20,41,-21
110000346,1632,766,866
110000347,542,481,61
110000348,5,16,-11
110000349,7,6,1
110000350,33,2,31
110000351,231,655,-424
110000352,228,975,-747
110000353,3005,566,2439
110000354,434,1080,-646
110000355,30,44,-14
110000356,449,2,447
110000357,145,12,133
110000361,0,101,-101
110000362,12,72,-60
110000363,114,116,-2
110000364,77,310,-233
110000365,100,0,100
110000366,1,66,-65
110000367,146,184,-38
110000368,0,44,-44
110000369,11,0,11
110000373,5,242,-237
110000374,22,4,18
110000375,94,332,-238
110000376,35,132,-97
110000377,69,195,-126
110000378,22,211,-189
110000379,3260,593,2667
110000380,12,9,3
110000383,0,506,-506
110000384,2832,378,2454
110000385,0,133,-133
110000387,34,4,30
110000388,26,187,-161
110000389,255,5,250
110000391,149,292,-143
110000396,58,105,-47
110000397,17,195,-178
110000398,3,23,-20
110000399,92,0,92
110000587,43,50,-7
110000589,112,147,-35
110000640,67,112,-45
110000652,6,40,-34
110000653,76,411,-335
110000654,3,13,-10
110000656,1,457,-456
110000674,10,5,5
110000675,6,8,-2
110000676,0,31,-31
110000679,670,179,491
110000682,88,64,24
110000683,262,273,-11
110000684,2,51,-49
110000685,4,3,1
110000686,3,22,-19
110000687,5,0,5
110000688,29,241,-212
110000689,5,21,-16
110000692,35,228,-193
110000693,79,129,-50
110000694,0,70,-70
110000695,100,612,-512
110000696,104,108,-4
110000698,33,211,-178
110000699,84,319,-235
110900001,165,4,161
110900002,194,168,26
110900003,109,956,-847
110900004,108,214,-106
110900005,3881,767,3114
110900006,31,16,15
110900007,17,4,13
110900008,7,62,-55
110900009,118,18,100
110900010,6,64,-58
110900011,3,77,-74
110900012,7,123,-116
110900013,300,119,181
110900014,60,15,45
110900015,760,134,626
110900016,7,213,-206
110900017,72,29,43
110900018,149,20,129
110900019,72,30,42
110900020,25,542,-517
110900021,29,414,-385
110900022,26,361,-335
110900023,53,435,-382
110900024,20,425,-405
110900025,2,29,-27
110900027,12,223,-211
110900028,9,147,-138
110900029,36,465,-429
110900030,5,291,-286
110900031,0,152,-152
110900032,0,82,-82
110900033,16,256,-240
110900035,28,302,-274
110900036,40,33,7
110900037,15,20,-5
110900038,1022,120,902
110900039,5,160,-155
110900040,120,27,93
110900041,2,113,-111
110900042,21,32,-11
110900043,2,191,-189
110900044,161,13,148
110900045,32,521,-489
110900046,138,263,-125
110900047,470,55,415
110900049,16,21,-5
110900050,5,0,5
110900052,13,274,-261
110900053,23,35,-12
110900054,9,353,-344
110900055,7,0,7
110900056,36,73,-37
110900057,12,433,-421
110900058,46,150,-104
110900059,378,804,-426
110900060,109,32,77
110900061,18,33,-15
110900062,33,243,-210
110900063,8,61,-53
110900064,5,0,5
110900065,443,66,377
110900066,0,48,-48
110900067,379,125,254
110900068,162,286,-124
110900069,0,24,-24
110900070,67,42,25
110900071,141,156,-15
110900073,0,14,-14
110900074,129,66,63
110900075,98,25,73
110900077,146,256,-110
110900078,4,118,-114
110900079,2269,301,1968
110900080,20,37,-17
110900081,1,121,-120
110900082,20,219,-199
110900083,22,11,11
110900084,11,238,-227
110900085,26,254,-228
110900086,21,56,-35
110900087,62,41,21
110900088,9,2,7
110900090,9,10,-1
110900091,2,26,-24
110900093,64,30,34
110900095,7,16,-9
110900097,9,35,-26
110900098,4,87,-83
110900099,32,393,-361
110900100,0,30,-30
110900102,9,8,1
110900105,433,232,201
110900108,4,100,-96
110900111,123,44,79
110900112,190,3,187
110900113,412,39,373
110900115,3,87,-84
110900116,185,2282,-2097
110900118,110,546,-436
110900119,5575,133,5442
110900120,1,151,-150
110900121,25,0,25
110900122,67,98,-31
110900125,107,191,-84
110900127,341,382,-41
110900128,406,198,208
110900129,150,117,33
110900130,1117,167,950
110900131,40,32,8
110900132,125,21,104
110900133,14,306,-292
110900135,41,431,-390
110900136,106,5,101
110900139,4,0,4
110900140,0,0,0
110900141,138,37,101
110900142,31,140,-109
110900143,41,50,-9
110900144,2,585,-583
110900145,50,7,43
110900146,226,39,187
110900147,190,186,4
110900148,0,268,-268
110900149,0,37,-37
110900150,3,15,-12
110900151,1,69,-68
110900152,8,328,-320
110900153,48,8,40
111000001,253,337,-84
111000002,428,630,-202
111000003,433,366,67
111000004,400,1220,-820
111000005,751,556,195
111000006,572,1457,-885
111000007,3246,1177,2069
111000008,3087,2560,527
111000009,211,623,-412
111000010,258,170,88
111000011,311,613,-302
111000012,344,196,148
111000013,219,1042,-823
111000014,505,434,71
111000017,62,282,-220
111000018,165,275,-110
111000020,2052,1137,915
111000021,42,100,-58
111000023,57,135,-78
111000025,6159,1268,4891
111000029,31,72,-41
111000030,10,40,-30
111000031,1669,484,1185
111000032,398,142,256
111000033,206,84,122
111000034,213,133,80
111000037,2576,1226,1350
111000038,2611,1776,835
111000039,971,1786,-815
111000040,1128,2079,-951
111000041,1682,1152,530
111000042,6128,2244,3884
111000043,1413,980,433
111000044,977,405,572
111000045,1065,1059,6
111000046,677,860,-183
111000047,1093,1626,-533
111000049,273,485,-212
111000050,1516,1448,68
111000051,272,876,-604
111000052,388,1092,-704
111000053,273,920,-647
111000054,158,994,-836
111000055,825,1612,-787
111000056,65,649,-584
111000057,36,801,-765
111000058,68,101,-33
111000059,125,222,-97
111000060,1655,504,1151
111000061,188,199,-11
111000062,381,155,226
111000063,972,539,433
111000064,255,419,-164
111000065,540,500,40
111000066,168,209,-41
111000067,310,492,-182
111000068,172,424,-252
111000069,986,1161,-175
111000070,1964,841,1123
111000071,122,448,-326
111000072,340,211,129
111000073,125,432,-307
111000074,962,954,8
111000075,341,574,-233
111000076,177,664,-487
111000077,777,806,-29
111000078,1432,829,603
111000079,956,520,436
111000080,247,474,-227
111000081,1895,2046,-151
111000082,300,477,-177
111000084,317,360,-43
111000085,474,1271,-797
111000086,2699,1076,1623
111000087,522,670,-148
111000088,5222,1239,3983
111000089,359,622,-263
111000090,787,984,-197
111000091,388,626,-238
111000092,433,868,-435
111000093,225,495,-270
111000094,1083,518,565
111000095,522,1062,-540
111000096,2562,3509,-947
111000097,5693,769,4924
111000098,377,1136,-759
111000099,274,2330,-2056
111000100,173,2267,-2094
111000101,251,729,-478
111000102,52,728,-676
111000104,116,166,-50
111000107,33,661,-628
111000109,96,185,-89
111000110,395,425,-30
111000111,666,332,334
111000112,668,166,502
111000113,415,355,60
111000114,1436,690,746
111000115,7009,472,6537
111000116,570,538,32
111000117,290,598,-308
111000118,1041,741,300
111000119,534,1317,-783
111000120,216,335,-119
111000121,134,349,-215
111000122,225,710,-485
111000123,537,2749,-2212
111000124,248,3305,-3057
111000125,103,1982,-1879
111000126,36,864,-828
111000127,374,174,200
111000128,494,293,201
111000129,927,364,563
111000130,815,512,303
111000131,570,371,199
111000132,382,256,126
111000133,41,90,-49
111000134,62,100,-38
111000135,11,83,-72
111000136,144,190,-46
111000138,2,6,-4
111000140,3,1,2
111000141,114,194,-80
111000142,26,165,-139
111000143,9,92,-83
111000144,14,94,-80
111000145,189,5,184
111000146,16,5,11
111000147,260,13,247
111000148,118,56,62
111000149,0,21,-21
111000150,5,5,0
111000151,0,28,-28
111000153,503,336,167
111000154,694,124,570
111000155,75,103,-28
111000156,243,212,31
111000157,125,258,-133
111000158,677,378,299
111000159,2279,510,1769
111000160,80,384,-304
111000161,7,188,-181
111000162,1,141,-140
111000163,190,483,-293
111000164,562,1183,-621
111000165,872,293,579
111000166,1108,209,899
111000167,151,395,-244
111000168,161,312,-151
111000169,247,363,-116
111000170,437,270,167
111000171,317,812,-495
111000172,56,684,-628
111000173,97,1377,-1280
111000174,47,580,-533
111000175,30,243,-213
111000176,62,141,-79
111000177,90,246,-156
111000178,396,306,90
111000179,61,160,-99
111000180,115,243,-128
111000181,374,247,127
111000182,86,148,-62
111000183,167,202,-35
111000184,179,178,1
111000185,253,381,-128
111000186,134,259,-125
111000187,71,246,-175
111000188,112,387,-275
111000189,1626,462,1164
111000190,145,553,-408
111000191,93,429,-336
111000192,143,671,-528
111000193,320,379,-59
111000194,16,467,-451
111000195,51,463,-412
111000196,11,329,-318
111000197,101,187,-86
111000198,151,75,76
111000199,44,118,-74
111000200,103,201,-98
111000201,173,131,42
111000202,109,149,-40
111000203,161,124,37
111000204,208,260,-52
111000213,86,277,-191
111000214,862,1533,-671
111000215,601,1091,-490
111000217,586,686,-100
111000218,577,655,-78
111000219,308,229,79
111000220,2486,307,2179
111000221,563,144,419
111000224,135,319,-184
111000225,178,137,41
111000226,80,0,80
111000227,46,0,46
111000228,6,150,-144
111000229,21,189,-168
111000230,129,392,-263
111000231,236,1246,-1010
111000232,143,734,-591
111000233,168,704,-536
111000234,52,151,-99
111000239,134,202,-68
111000240,15,40,-25
111000241,18,383,-365
111000242,49,37,12
111000243,52,834,-782
111000244,44,44,0
111000245,239,465,-226
111000246,135,610,-475
111000247,164,997,-833
111000248,185,322,-137
111000249,381,702,-321
111000250,27,138,-111
111000251,26,103,-77
111000253,4,10,-6
111000255,16,4,12
111000257,35,14,21
111000260,25,1187,-1162
111000261,226,76,150
111000271,36,285,-249
111000273,5811,1094,4717
111000274,730,1145,-415
111000275,76,64,12
111000276,234,2283,-2049
111000277,74,387,-313
111000278,267,136,131
111000291,369,1979,-1610
111000298,180,210,-30
111000299,301,65,236
111000300,41,601,-560
111000302,103,84,19
111000303,47,294,-247
111000312,42,43,-1
111000315,23,225,-202
111000320,209,493,-284
111000321,120,28,92
111000322,89,417,-328
111000323,61,8,53
111000324,244,234,10
111000325,17,47,-30
111000326,33,265,-232
111000327,156,447,-291
111000328,98,320,-222
111000329,0,11,-11
111000330,15,9,6
111000331,11,3,8
111000332,178,733,-555
111000334,314,1477,-1163
111000335,190,91,99
111000337,247,320,-73
111000338,11,116,-105
111000339,69,475,-406
111000340,33,868,-835
111000341,420,134,286
111000342,51,224,-173
111000344,443,548,-105
111000345,266,41,225
111000346,15,66,-51
111000347,14,1,13
111000350,103,117,-14
111000351,45,175,-130
111000352,72,89,-17
111000353,31,110,-79
111000354,191,112,79
111000355,178,402,-224
111000358,64,1641,-1577
111000360,63,870,-807
111000361,88,425,-337
111000546,137,526,-389
111000547,84,663,-579
111000548,32,128,-96
111000549,95,498,-403
111000550,71,183,-112
111000551,627,89,538
111000552,234,27,207
111000907,120,5,115
111000908,7,0,7
111000916,307,148,159
111000917,16,245,-229
111000918,55,1068,-1013
111000920,121,3,118
111000921,0,416,-416
111000922,106,277,-171
111000924,20,929,-909
111000925,863,1058,-195
111000926,563,2592,-2029
111000927,2137,1811,326
111000928,4956,2548,2408
111000929,562,615,-53
111000930,389,1668,-1279
111000931,941,952,-11
111000932,2414,1681,733
111000933,2171,1165,1006
111000934,1695,1794,-99
111000935,463,768,-305
111000936,392,1856,-1464
111000937,497,765,-268
111000938,1256,2198,-942
111000939,120,63,57
111000940,123,211,-88
111000941,84,648,-564
111000943,119,185,-66
111000944,58,600,-542
111000945,27,2137,-2110
111001109,205,76,129
111001110,200,588,-388
111001111,8,4,4
111001112,62,1,61
111001113,8,102,-94
111001114,1182,71,1111
111001115,157,226,-69
111001116,4638,1136,3502
111001117,567,435,132
111001120,65,348,-283
111001121,86,322,-236
111001122,154,717,-563
111001123,58,154,-96
111001124,62,385,-323
111001125,0,20,-20
111001126,0,3,-3
111001127,1,107,-106
111001128,225,503,-278
111001129,0,50,-50
111900001,1,187,-186
111900002,2,629,-627
111900003,1,366,-365
111900004,9,121,-112
111900006,1,4,-3
111900007,18,4,14
111900008,32,0,32
111900009,12,1,11
111900010,201,419,-218
111900012,89,79,10
111900013,6,26,-20
111900014,6858,1154,5704
111900015,0,64,-64
111900016,0,183,-183
111900017,0,160,-160
111900018,26,1,25
111900019,9,107,-98
111900020,4,41,-37
111900021,23,67,-44
111900022,10,47,-37
111900023,129,32,97
111900024,42,259,-217
111900025,0,34,-34
111900026,0,89,-89
111900027,7,131,-124
111900028,0,397,-397
111900029,1,112,-111
111900030,38,306,-268
111900032,3,318,-315
111900033,6,81,-75
111900034,211,580,-369
111900035,9,177,-168
111900036,1,345,-344
111900038,276,508,-232
111900039,32,318,-286
111900040,0,784,-784
111900042,24,63,-39
111900043,1,409,-408
111900044,220,230,-10
111900046,49,184,-135
111900048,57,856,-799
111900049,20,269,-249
111900050,27,4,23
111900051,3,282,-279
111900052,305,427,-122
111900053,1292,249,1043
111900054,19,0,19
111900055,18,688,-670
111900056,112,50,62
111900057,22,73,-51
111900058,81,826,-745
111900059,1907,152,1755
111900060,67,1,66
111900061,11,394,-383
111900062,7,21,-14
111900063,49,167,-118
111900064,128,337,-209
111900065,39,36,3
111900066,34,83,-49
111900067,2,268,-266
111900068,12,10,2
111900069,11,15,-4
111900070,36,146,-110
111900071,0,231,-231
111900072,7,3,4
111900073,165,27,138
111900074,7,133,-126
111900075,17,5,12
111900076,25,3,22
111900077,4,1,3
111900078,68,9,59
111900079,22,4,18
111900080,159,58,101
111900082,54,11,43
111900083,19,6,13
111900084,14,3,11
111900085,23,14,9
111900086,40,1,39
111900087,6,0,6
111900088,86,2,84
111900089,4,0,4
111900090,32,7,25
111900091,75,4,71
111900092,19,0,19
111900093,36,0,36
111900094,9,0,9
111900095,62,1,61
111900096,34,0,34
111900097,5,0,5
111900098,15,2,13
111900099,1,0,1
111900100,38,0,38
111900101,39,5,34
111900102,93,752,-659
111900103,44,30,14
111900104,57,71,-14
111900105,118,73,45
111900106,1037,25,1012
111900110,2556,115,2441
111900111,5,0,5
111900112,589,497,92
111900113,311,54,257
111900118,82,23,59
111900119,98,34,64
111900122,45,9,36
111900123,4,6,-2
111900124,15,109,-94
111900125,98,3,95
111900126,67,1,66
111900127,1,643,-642
111900128,1,489,-488
111900129,25,0,25
111900130,38,4,34
111900131,93,1,92
111900132,16,1234,-1218
111900133,11,281,-270
111900134,15,288,-273
111900135,1,4,-3
111900136,35,48,-13
111900137,46,42,4
111900138,7,85,-78
111900139,11,162,-151
111900140,16,7,9
111900141,13,7,6
111900142,38,9,29
111900143,2,88,-86
111900144,1,122,-121
111900145,2,632,-630
111900146,4,394,-390
111900147,132,567,-435
111900148,26,832,-806
111900149,3,359,-356
111900150,9,164,-155
111900151,2,13,-11
111900152,90,15,75
111900153,1396,114,1282
111900154,6,64,-58
111900155,20,6,14
111900156,13,14,-1
111900157,19,8,11
111900158,104,9,95
111900159,68,2,66
111900160,39,0,39
111900161,20,0,20
111900162,66,47,19
111900163,24,198,-174
111900164,80,15,65
111901113,38,356,-318
111901114,14,325,-311
111901115,17,0,17
111901116,6,0,6
111901117,5,14,-9
111901118,118,21,97
111901119,962,60,902
111901121,115,303,-188
111901122,2,545,-543
111901123,24,393,-369
111901124,19,0,19
111901125,79,180,-101
111901127,643,49,594
111901128,5,49,-44
111901129,2,110,-108
111901130,6,211,-205
111901131,6,289,-283
111901132,51,3,48
111901133,11,0,11
111901134,10,0,10
111901135,4,0,4
111901138,31,22,9
111901139,5,44,-39
111901140,2,113,-111
111901141,3,196,-193
111901142,2,137,-135
111901143,0,72,-72
111901144,27,15,12
111901145,67,109,-42
111901146,194,13,181
111901147,977,6,971
111901148,4,9,-5
111901149,6,1,5
111901150,11,0,11
111901151,0,0,0
111901152,3,28,-25
112000001,736,482,254
112000002,526,1919,-1393
112000003,248,587,-339
112000004,297,1312,-1015
112000005,981,1001,-20
112000006,997,1511,-514
112000007,857,882,-25
112000008,1266,2153,-887
112000009,2941,2667,274
112000010,1198,1520,-322
112000011,1142,1751,-609
112000012,3063,803,2260
112000013,3992,1975,2017
112000014,1571,420,1151
112000015,1762,1241,521
112000016,2009,496,1513
112000017,995,689,306
112000024,1629,334,1295
112000026,3479,4116,-637
112000027,429,229,200
112000028,1381,1214,167
112000029,142,310,-168
112000030,143,70,73
112000031,817,1026,-209
112000032,437,32,405
112000033,1293,490,803
112000034,149,24,125
112000035,23,223,-200
112000036,561,451,110
112000037,377,647,-270
112000038,518,548,-30
112000039,20,92,-72
112000040,86,260,-174
112000041,361,419,-58
112000042,695,227,468
112000050,416,860,-444
112000051,334,498,-164
112000054,1048,1797,-749
112000057,340,284,56
112000058,234,311,-77
112000059,386,248,138
112000061,4391,779,3612
112000062,2142,279,1863
112000063,1514,404,1110
112000064,4391,4511,-120
112000065,2126,2361,-235
112000066,2445,611,1834
112000067,774,559,215
112000068,1204,759,445
112000069,470,1560,-1090
112000070,862,407,455
112000071,459,2614,-2155
112000072,510,631,-121
112000073,955,1500,-545
112000074,730,515,215
112000075,574,642,-68
112000076,2222,2426,-204
112000077,250,596,-346
112000078,471,553,-82
112000079,601,1074,-473
112000080,245,714,-469
112000081,820,1197,-377
112000082,574,350,224
112000083,427,1132,-705
112000084,545,403,142
112000085,500,1123,-623
112000086,802,1180,-378
112000087,130,834,-704
112000088,142,637,-495
112000089,79,246,-167
112000090,85,326,-241
112000091,617,948,-331
112000092,798,608,190
112000093,1285,910,375
112000094,185,554,-369
112000095,439,548,-109
112000096,141,514,-373
112000097,546,347,199
112000098,406,1226,-820
112000099,310,454,-144
112000100,644,648,-4
112000101,462,873,-411
112000102,394,422,-28
112000103,229,1188,-959
112000105,397,2150,-1753
112000106,690,340,350
112000107,51,118,-67
112000108,137,1591,-1454
112000109,71,75,-4
112000110,774,333,441
112000111,965,2916,-1951
112000112,1303,258,1045
112000113,757,1695,-938
112000114,845,470,375
112000115,146,442,-296
112000116,125,884,-759
112000117,416,815,-399
112000118,465,629,-164
112000119,233,833,-600
112000120,48,321,-273
112000121,30,589,-559
112000122,144,119,25
112000123,212,157,55
112000124,158,87,71
112000125,67,88,-21
112000126,79,760,-681
112000127,1437,545,892
112000128,649,374,275
112000129,37,97,-60
112000130,52,50,2
112000131,11,357,-346
112000132,34,275,-241
112000133,92,307,-215
112000134,187,371,-184
112000135,466,508,-42
112000136,542,1125,-583
112000137,446,905,-459
112000138,642,911,-269
112000139,630,168,462
112000140,832,970,-138
112000141,185,142,43
112000142,93,951,-858
112000143,351,147,204
112000144,151,1613,-1462
112000145,865,494,371
112000146,453,2159,-1706
112000147,990,1034,-44
112000148,1235,1974,-739
112000149,99,742,-643
112000150,63,601,-538
112000151,241,509,-268
112000152,112,248,-136
112000153,203,234,-31
112000154,89,105,-16
112000155,93,54,39
112000157,334,256,78
112000158,107,626,-519
112000159,155,272,-117
112000167,49,15,34
112000169,218,231,-13
112000173,284,134,150
112000175,123,300,-177
112000176,4078,916,3162
112000177,144,67,77
112000178,38,358,-320
112000179,65,174,-109
112000180,223,193,30
112000181,828,1619,-791
112000182,275,1623,-1348
112000183,8,33,-25
112000184,99,420,-321
112000185,117,483,-366
112000187,1172,1377,-205
112000195,31,3,28
112000196,16,0,16
112000197,4,42,-38
112000198,15,338,-323
112000199,565,666,-101
112000202,179,61,118
112000216,42,116,-74
112000230,18,0,18
112000231,0,252,-252
112000256,15,78,-63
112000313,77,94,-17
112000314,2,8,-6
112000337,85,354,-269
112000352,162,112,50
112000392,1315,573,742
112000398,415,500,-85
112000399,2223,1069,1154
112000400,1262,3234,-1972
112000401,1705,2078,-373
112000402,840,1434,-594
112000403,1534,934,600
112000404,223,456,-233
112000405,806,1627,-821
112000406,2507,2708,-201
112000407,2550,3288,-738
112000408,6599,5081,1518
112000409,1111,3603,-2492
112000410,90,46,44
112000411,4663,325,4338
112000412,777,174,603
112000413,8814,1344,7470
112000414,76,108,-32
112000415,65,37,28
112000416,1035,838,197
112000417,96,56,40
112000421,41,107,-66
112000422,161,475,-314
112000424,1957,1033,924
112000425,212,1263,-1051
112000426,70,211,-141
112000427,0,12,-12
112000428,49,383,-334
112000429,1091,1771,-680
112000430,1183,2050,-867
112000431,31,87,-56
112000432,343,2032,-1689
112000433,371,292,79
112000437,11,286,-275
112900001,12,0,12
112900002,87,1262,-1175
112900003,17,239,-222
112900004,5,318,-313
112900005,56,143,-87
112900007,11,140,-129
112900008,6,2,4
112900009,148,70,78
112900010,121,578,-457
112900011,388,247,141
112900012,0,24,-24
112900013,0,92,-92
112900014,0,220,-220
112900015,291,774,-483
112900016,1,158,-157
112900017,31,144,-113
112900018,54,942,-888
112900019,29,97,-68
112900020,282,1201,-919
112900021,1,226,-225
112900022,5,67,-62
112900023,0,280,-280
112900024,2,176,-174
112900025,41,159,-118
112900026,6,258,-252
112900027,6,1315,-1309
112900028,2,69,-67
112900029,6,720,-714
112900030,226,120,106
112900031,1,518,-517
112900032,62,183,-121
112900034,1,45,-44
112900035,5,499,-494
112900036,30,97,-67
112900037,102,81,21
112900038,126,80,46
112900039,16,293,-277
112900040,4,258,-254
112900041,841,360,481
112900042,13,491,-478
112900043,4,24,-20
112900044,587,273,314
112900045,504,194,310
112900046,170,46,124
112900047,9,6,3
112900049,30,63,-33
112900050,38,374,-336
112900051,168,638,-470
112900052,4,800,-796
112900053,231,61,170
112900054,218,14,204
112900055,69,9,60
112900056,88,51,37
112900057,0,654,-654
112900058,184,56,128
112900059,68,72,-4
112900060,4,167,-163
112900061,23,110,-87
112900062,23,86,-63
112900063,88,7,81
112900064,138,92,46
112900065,11,1,10
112900066,54,26,28
112900067,351,88,263
112900068,19,7,12
112900069,1999,172,1827
112900071,4,1,3
112900072,168,290,-122
112900073,116,24,92
112900074,10,58,-48
112900075,1665,281,1384
112900076,25,4,21
112900078,44,141,-97
112900079,51,13,38
112900080,19,0,19
112900081,23,59,-36
112900082,172,10,162
112900083,15,17,-2
112900084,39,29,10
112900086,4,0,4
112900087,121,17,104
112900088,29,1,28
112900089,208,4,204
112900090,3,7,-4
112900091,47,3,44
112900092,65,77,-12
112900093,273,4,269
112900095,9,0,9
112900096,119,38,81
112900097,15,366,-351
112900098,14,0,14
112900099,160,1,159
112900100,5,0,5
112900101,67,0,67
112900102,20,1,19
112900103,45,0,45
112900104,104,2,102
112900105,2,0,2
112900106,117,30,87
112900107,0,0,0
112900108,19,0,19
112900109,14,0,14
112900110,251,15,236
112900111,156,2,154
112900112,107,0,107
112900113,0,8,-8
112900114,18,9,9
112900115,193,0,193
112900116,15,6,9
112900117,134,121,13
112900118,19,42,-23
112900119,24,0,24
112900120,512,159,353
112900121,220,131,89
112900122,18,108,-90
112900123,101,9,92
112900124,3,116,-113
112900125,34,122,-88
112900126,84,198,-114
112900127,107,11,96
112900128,329,690,-361
112900129,1,719,-718
112900130,83,42,41
112900131,46,247,-201
112900132,35,550,-515
112900133,7,1096,-1089
112900134,0,241,-241
112900135,24,10,14
112900137,4,728,-724
112900138,4,392,-388
112900139,104,965,-861
112900141,164,12,152
112900142,49,36,13
112900143,49,668,-619
112900144,7,1193,-1186
112900145,42,368,-326
112900146,4,1291,-1287
112900147,6,2082,-2076
112900148,9,0,9
112900149,77,393,-316
112900151,10,23,-13
112900152,4878,722,4156
112900153,1144,548,596
112900154,1,49,-48
112900155,50,0,50
112900156,92,1616,-1524
112900157,22,70,-48
112900158,1,5,-4
112900159,82,33,49
112900160,28,176,-148
112900161,45,27,18
112900162,30,6,24
112900163,90,23,67
112900164,23,45,-22
112900165,42,12,30
112900166,9,21,-12
112900167,0,28,-28
112900168,1,0,1
112900169,10,17,-7
112900170,31,76,-45
112900172,42,1,41
112900173,196,74,122
112900174,130,6,124
112900175,92,28,64
112900176,9,3,6
112900177,72,13,59
112900178,243,583,-340
112900179,33,580,-547
112900180,340,1803,-1463
112900181,145,2,143
112900182,24,1352,-1328
112900183,51,77,-26
112900184,232,150,82
112900185,151,187,-36
112900186,982,307,675
112900187,23,125,-102
112900188,405,189,216
112900189,3,10,-7
112900190,0,29,-29
112900192,155,123,32
112900193,489,81,408
112900194,8,50,-42
112900195,280,7,273
112900196,145,483,-338
112900197,68,340,-272
112900199,73,294,-221
112900200,189,216,-27
112900201,23,80,-57
112900202,95,844,-749
112900203,44,346,-302
112900204,604,196,408
112900205,0,3,-3
112900206,1,37,-36
112900207,3,0,3
112900208,51,42,9
112900209,266,396,-130
112900210,0,14,-14
112900211,7,11,-4
112900212,0,50,-50
112900213,7,0,7
112900214,20,3,17
112900215,3,155,-152
112900216,33,53,-20
112900217,0,58,-58
112900218,26,1,25
112900219,26,45,-19
112900220,1,0,1
112900221,2,130,-128
112900222,0,10,-10
112900223,169,5,164
112900224,71,670,-599
112900225,134,557,-423
112900226,129,74,55
112900227,67,754,-687
112900228,21,11,10
112900229,38,57,-19
112900230,6555,1561,4994
112900232,65,61,4
112900233,22,161,-139
112900234,2,104,-102
112900235,23,4,19
112900236,58,3,55
112900237,23,558,-535
112900238,2,19,-17
112900239,395,194,201
112900240,2,133,-131
112900241,6,169,-163
112900242,3,297,-294
112900243,1,234,-233
112900244,0,129,-129
112900245,2,38,-36
112900246,0,9,-9
112900247,122,38,84
112900248,23,1,22
112900249,19,3,16
112900250,27,25,2
112900251,11,4,7
112900252,9,29,-20
112900253,10,13,-3
112900254,1,2,-1
112900255,0,18,-18
112900256,3,10,-7
112900257,4,13,-9
112900258,8,33,-25
113000001,3222,3468,-246
113000002,2319,2139,180
113000003,1285,1479,-194
113000004,1430,1384,46
113000005,943,743,200
113000006,727,948,-221
113000007,1021,936,85
113000008,981,1184,-203
113000009,436,733,-297
113000010,498,1056,-558
113000011,475,1197,-722
113000012,434,642,-208
113000013,842,298,544
113000014,1337,814,523
113000015,306,100,206
113000016,163,125,38
113000017,12,196,-184
113000018,94,28,66
113000019,9,240,-231
113000020,55,12,43
113000021,739,533,206
113000022,319,1048,-729
113000025,52,213,-161
113000026,141,255,-114
113000027,682,261,421
113000028,603,260,343
113000029,376,506,-130
113000030,472,413,59
113000031,326,136,190
113000032,212,119,93
113000033,199,148,51
113000034,388,186,202
113000035,22,9,13
113000036,15,21,-6
113000037,24,18,6
113000038,14,23,-9
113000039,38,341,-303
113000040,37,62,-25
113000042,611,361,250
113000051,398,1113,-715
113000052,1957,855,1102
113000053,164,493,-329
113000054,95,489,-394
113000055,478,836,-358
113000056,400,1497,-1097
113000058,566,649,-83
113000059,1007,450,557
113000060,93,530,-437
113000061,565,507,58
113000062,910,81,829
113000063,86,200,-114
113000064,21,288,-267
113000065,83,1119,-1036
113000066,188,116,72
113000067,545,754,-209
113000068,240,1817,-1577
113000069,259,1149,-890
113000070,598,556,42
113000071,111,497,-386
113000072,204,343,-139
113000073,391,1053,-662
113000074,657,182,475
113000075,1462,232,1230
113000076,969,1089,-120
113000077,1003,241,762
113000078,576,762,-186
113000079,516,326,190
113000080,448,375,73
113000081,579,601,-22
113000082,611,454,157
113000083,333,551,-218
113000084,1026,778,248
113000085,500,453,47
113000086,755,784,-29
113000087,785,524,261
113000088,1268,710,558
113000089,656,795,-139
113000090,179,244,-65
113000091,607,181,426
113000094,448,145,303
113000095,215,1055,-840
113000096,131,809,-678
113000097,373,159,214
113000098,25,15,10
113000099,518,176,342
113000100,117,383,-266
113000101,344,501,-157
113000102,361,143,218
113000103,1871,378,1493
113000104,258,1734,-1476
113000105,222,312,-90
113000106,206,410,-204
113000107,347,688,-341
113000108,612,1179,-567
113000109,366,2085,-1719
113000110,911,321,590
113000111,80,418,-338
113000112,213,312,-99
113000113,1362,225,1137
113000114,245,561,-316
113000116,442,190,252
113000117,505,137,368
113000118,78,193,-115
113000119,121,288,-167
113000120,13,144,-131
113000121,199,611,-412
113000124,89,91,-2
113000125,19,296,-277
113000127,3015,401,2614
113000128,360,198,162
113000129,312,924,-612
113000133,3791,370,3421
113000134,5,511,-506
113000135,2208,1402,806
113000137,1839,794,1045
113000139,262,46,216
113000140,134,96,38
113000141,200,52,148
113000142,476,264,212
113000143,199,98,101
113000144,206,349,-143
113000145,30,75,-45
113000146,52,48,4
113000147,68,61,7
113000148,35,90,-55
113000149,57,64,-7
113000150,319,256,63
113000151,68,48,20
113000152,44,123,-79
113000153,1325,253,1072
113000154,357,736,-379
113000155,143,194,-51
113000156,135,185,-50
113000157,186,429,-243
113000158,247,147,100
113000159,499,313,186
113000160,341,714,-373
113000161,139,478,-339
113000162,221,231,-10
113000163,25,27,-2
113000164,28,65,-37
113000166,50,39,11
113000167,14,143,-129
113000168,52,187,-135
113000169,37,32,5
113000170,32,39,-7
113000171,68,62,6
113000172,137,60,77
113000173,13,2,11
113000174,76,466,-390
113000175,211,61,150
113000176,214,87,127
113000177,117,360,-243
113000178,162,384,-222
113000179,189,93,96
113000180,388,1126,-738
113000181,585,877,-292
113000182,113,218,-105
113000183,135,408,-273
113000184,24,80,-56
113000189,384,430,-46
113000190,929,185,744
113000192,2322,791,1531
113000193,4100,612,3488
113000194,2062,858,1204
113000195,2154,319,1835
113000196,52,72,-20
113000197,903,589,314
113000198,15,201,-186
113000199,367,261,106
113000201,629,137,492
113000202,2713,1966,747
113000203,579,162,417
113000204,1729,680,1049
113000205,19,17,2
113000206,5,34,-29
113000207,15,8,7
113000208,16,32,-16
113000209,7,17,-10
113000210,4,28,-24
113000211,366,94,272
113000212,217,15,202
113000213,29,69,-40
113000214,68,174,-106
113000234,167,1201,-1034
113000410,24,87,-63
113000411,1537,2546,-1009
113000412,8567,1152,7415
113000413,3204,922,2282
113000414,7765,4887,2878
113000415,1600,1384,216
113000416,7716,1790,5926
113000417,2105,1268,837
113000418,1979,1709,270
113000419,1118,996,122
113000420,3002,1729,1273
113000421,2413,2715,-302
113000422,12629,3572,9057
113000423,1870,1373,497
113000424,3460,4136,-676
113000425,1,36,-35
113000428,16,5,11
113000430,5,6,-1
113000432,726,146,580
113000433,76,797,-721
113000434,14,360,-346
113000435,13,756,-743
113000436,42,1251,-1209
113000437,186,19,167
113000438,55,17,38
113000439,11,167,-156
113000440,40,18,22
113000441,57,198,-141
113000442,67,304,-237
113000443,37,267,-230
113000444,31,288,-257
113000445,29,122,-93
113000446,25,65,-40
113000448,320,63,257
113000449,193,817,-624
113000450,571,2366,-1795
113000451,1863,107,1756
113000452,283,338,-55
113000453,135,178,-43
113000454,1023,29,994
113000455,92,90,2
113000456,2787,1032,1755
113000468,2316,182,2134
113000469,128,52,76
113000470,477,54,423
113000471,21,250,-229
113000472,43,190,-147
113000474,163,520,-357
113000475,904,1387,-483
113000476,479,1284,-805
113000477,1063,1486,-423
113000478,2310,4463,-2153
113000479,9,226,-217
113000485,0,0,0
113000486,0,0,0
113000487,0,0,0
113000489,0,0,0
113000490,0,0,0
113000491,2,2,0
113000492,0,0,0
113000493,0,0,0
113000495,136,175,-39
113000496,39,62,-23
113900001,5,95,-90
113900002,0,167,-167
113900003,0,110,-110
113900004,1,30,-29
113900005,1,35,-34
113900006,0,37,-37
113900007,115,1,114
113900008,66,0,66
113900009,366,1,365
113900010,172,4,168
113900011,62,1,61
113900012,8,1,7
113900013,985,5,980
113900014,233,1,232
113900015,0,37,-37
113900016,5,0,5
113900017,1,57,-56
113900018,323,17,306
113900019,29,36,-7
113900020,29,1,28
113900022,1,0,1
113900023,5,0,5
113900024,27,86,-59
113900025,193,7,186
113900026,11,0,11
113900027,2,94,-92
113900028,21,370,-349
113900029,20,238,-218
113900030,54,0,54
113900031,6,0,6
113900032,2,0,2
113900033,36,56,-20
113900035,45,0,45
113900036,5,133,-128
113900037,23,450,-427
113900038,104,73,31
113900039,41,1,40
113900040,13,10,3
113900041,0,1,-1
113900042,42,37,5
113900043,65,50,15
113900044,78,28,50
113900045,2,0,2
113900046,128,643,-515
113900047,25,153,-128
113900048,273,11,262
113900049,712,99,613
113900050,81,339,-258
113900051,88,256,-168
113900052,86,108,-22
113900053,259,95,164
113900054,2,3,-1
113900055,94,584,-490
113900056,42,128,-86
113900057,13,77,-64
113900058,14,197,-183
113900059,67,258,-191
113900060,66,165,-99
113900061,702,44,658
113900062,10,7,3
113900063,39,133,-94
113900064,8,148,-140
113900065,196,15,181
113900066,90,333,-243
113900067,20,204,-184
113900068,158,195,-37
113900069,11,9,2
113900070,171,459,-288
113900071,30,58,-28
113900072,25,123,-98
113900073,94,269,-175
113900074,12,378,-366
113900075,464,432,32
113900076,57,2,55
113900077,14,234,-220
113900078,40,43,-3
113900079,0,46,-46
113900080,95,111,-16
113900081,19,170,-151
113900082,83,155,-72
113900083,100,616,-516
113900084,113,30,83
113900085,21,301,-280
113900086,5,19,-14
113900087,10,146,-136
113900088,23,58,-35
113900089,178,27,151
113900090,184,157,27
113900091,6,25,-19
113900092,23,34,-11
113900093,44,266,-222
113900094,136,279,-143
113900095,27,63,-36
113900096,23,26,-3
113900097,1,112,-111
113900098,185,30,155
113900099,0,45,-45
113900100,0,0,0
113900101,19,17,2
113900102,60,29,31
113900103,131,104,27
113900104,37,91,-54
113900105,28,390,-362
113900106,1,102,-101
113900107,0,6,-6
113900108,120,102,18
113900109,224,57,167
113900110,13,5,8
113900111,26,43,-17
113900112,50,80,-30
113900113,243,173,70
113900114,0,63,-63
113900115,0,37,-37
113900116,49,55,-6
113900117,35,7,28
113900118,107,153,-46
113900119,241,85,156
113900120,40,13,27
113900121,25,33,-8
113900122,119,727,-608
113900123,163,83,80
113900124,0,39,-39
113900125,1054,96,958
113900126,73,20,53
113900127,86,214,-128
113900128,53,41,12
113900129,4,38,-34
113900130,0,2,-2
113900131,44,34,10
113900132,27,12,15
113900133,13,14,-1
113900135,121,338,-217
113900136,38,45,-7
113900137,149,104,45
113900138,21,42,-21
113900139,345,51,294
113900140,302,93,209
113900141,143,394,-251
113900142,23,73,-50
113900143,1,8,-7
113900144,213,61,152
113900145,97,147,-50
113900146,20,49,-29
113900148,87,77,10
113900149,48,20,28
113900150,955,122,833
113900151,75,150,-75
113900152,12,41,-29
113900153,355,86,269
113900154,0,61,-61
113900155,105,15,90
113900156,177,470,-293
113900157,11,154,-143
113900158,150,70,80
113900159,2,121,-119
113900160,285,498,-213
113900161,28,158,-130
113900162,358,182,176
113900163,142,111,31
113900164,125,42,83
113900165,305,361,-56
113900166,104,52,52
113900167,99,18,81
113900168,130,76,54
113900169,117,346,-229
113900171,39,35,4
113900172,6,133,-127
113900173,33,549,-516
113900174,157,518,-361
113900175,207,36,171
113900176,67,507,-440
113900177,165,131,34
113900178,165,80,85
113900179,15,698,-683
113900180,139,88,51
113900181,314,39,275
113900182,232,660,-428
113900183,17,31,-14
113900184,15,449,-434
113900185,146,54,92
113900186,5,21,-16
113900187,18,100,-82
113900188,11,76,-65
113900189,105,51,54
113900190,211,60,151
113900191,32,159,-127
113900192,2132,776,1356
113900193,17,231,-214
113900194,1716,651,1065
113900195,243,315,-72
113900196,0,72,-72
113900197,2,261,-259
113900198,13,86,-73
113900199,136,432,-296
113900200,4,160,-156
113900201,0,228,-228
113900202,17,90,-73
113900203,6,205,-199
113900204,19,422,-403
113900205,7,26,-19
113900206,8,61,-53
113900207,0,31,-31
113900208,0,31,-31
113900209,1,38,-37
113900210,362,248,114
113900211,103,11,92
113900212,77,506,-429
113900214,225,263,-38
113900215,11,83,-72
113900216,16,1117,-1101
113900217,8,227,-219
113900218,71,24,47
113900219,71,493,-422
113900220,45,41,4
113900221,177,87,90
113900222,1350,269,1081
113900223,30,730,-700
113900224,96,44,52
113900225,501,128,373
113900226,139,82,57
113900227,156,99,57
113900228,252,158,94
113900229,18,305,-287
113900230,3624,706,2918
113900231,53,170,-117
113900232,39,96,-57
113900233,14,26,-12
113900234,61,216,-155
113900235,18,30,-12
113900236,43,268,-225
113900237,35,2,33
113900238,67,155,-88
113900239,48,23,25
113900240,2,37,-35
113900241,53,30,23
113900242,38,94,-56
113900243,64,240,-176
113900244,353,99,254
113900245,899,152,747
113900246,14,9,5
113900247,98,121,-23
113900248,2656,546,2110
113900249,981,156,825
113900250,22,71,-49
113900251,160,170,-10
113900252,177,2,175
113900253,284,8,276
113900254,303,34,269
113900255,124,11,113
113900256,129,18,111
113900257,23,759,-736
113900258,4,473,-469
113900259,141,168,-27
113900260,50,0,50
113900261,12,119,-107
113900262,76,680,-604
113900263,62,358,-296
113900264,0,514,-514
113900265,72,215,-143
113900266,20,174,-154
113900267,103,453,-350
113900268,60,149,-89
113900269,26,64,-38
113900270,153,183,-30
113900271,297,983,-686
113900273,16,0,16
113900274,19,1,18
113900275,8,28,-20
113900276,0,221,-221
113900277,30,1,29
113900278,197,100,97
113900279,81,54,27
113900280,633,653,-20
113900281,233,466,-233
113900282,454,202,252
113900283,136,253,-117
113900284,236,81,155
113900285,37,10,27
113900286,7,87,-80
113900287,3,17,-14
113900288,1,37,-36
113900289,1050,44,1006
113900290,272,46,226
113900291,123,123,0
113900292,1,1,0
113900293,0,100,-100
113900294,166,12,154
113900295,364,180,184
113900296,1048,138,910
113900297,288,13,275
113900298,2,1118,-1116
113900299,6,44,-38
113900300,3164,779,2385
113900301,896,220,676
113900302,1907,461,1446
113900303,489,96,393
113900304,1,107,-106
113900305,17,0,17
113900306,6,0,6
113900307,5,0,5
113900308,65,76,-11
113900309,1,674,-673
113900310,0,21,-21
113900311,5,5,0
113900312,31,39,-8
113900313,11,1,10
113900314,1,21,-20
113900315,32,1,31
114000001,769,2624,-1855
114000002,87,469,-382
114000003,110,1247,-1137
114000004,148,313,-165
114000005,102,170,-68
114000006,2108,1458,650
114000007,302,1050,-748
114000008,806,583,223
114000009,184,136,48
114000011,1463,2870,-1407
114000012,861,2353,-1492
114000013,672,1894,-1222
114000014,286,545,-259
114000015,480,436,44
114000016,160,393,-233
114000017,34,103,-69
114000018,417,33,384
114000026,509,1484,-975
114000027,1010,1746,-736
114000028,975,1331,-356
114000038,46,103,-57
114000039,80,321,-241
114000040,20,146,-126
114000042,41,116,-75
114000043,85,241,-156
114000044,120,294,-174
114000045,21,79,-58
114000046,1455,3265,-1810
114000047,9,30,-21
114000048,61,162,-101
114000049,985,801,184
114000050,1150,703,447
114000051,2096,977,1119
114000052,1761,835,926
114000053,17,331,-314
114000054,33,1171,-1138
114000055,99,11,88
114000056,1248,316,932
114000057,7398,1809,5589
114000058,391,315,76
114000059,187,70,117
114000060,314,447,-133
114000061,2946,695,2251
114000062,2707,482,2225
114000063,3147,1212,1935
114000064,7669,1503,6166
114000065,1399,1339,60
114000066,207,568,-361
114000067,16,167,-151
114000068,246,222,24
114000069,382,224,158
114000070,1789,831,958
114000071,244,410,-166
114000072,69,337,-268
114000073,5,97,-92
114000074,5,26,-21
114000075,31,175,-144
114000076,10,155,-145
114000077,6,47,-41
114000078,43,949,-906
114000079,39,29,10
114000080,72,102,-30
114000081,25,67,-42
114000082,29,597,-568
114000083,16,258,-242
114000084,42,45,-3
114000085,65,678,-613
114000086,99,611,-512
114000087,16,213,-197
114000088,9,40,-31
114000089,1336,446,890
114000090,392,288,104
114000091,1116,239,877
114000092,606,184,422
114000093,452,341,111
114000094,184,279,-95
114000095,55,60,-5
114000096,61,482,-421
114000097,82,770,-688
114000098,138,42,96
114000099,121,958,-837
114000100,370,539,-169
114000101,130,1080,-950
114000102,112,214,-102
114000103,49,456,-407
114000104,3,259,-256
114000105,12,35,-23
114000106,650,223,427
114000107,64,77,-13
114000108,3668,1206,2462
114000109,182,401,-219
114000110,234,1624,-1390
114000111,394,297,97
114000112,247,2510,-2263
114000113,405,322,83
114000114,898,1644,-746
114000115,1088,330,758
114000116,155,627,-472
114000117,701,210,491
114000118,866,195,671
114000119,491,167,324
114000120,271,856,-585
114000121,270,360,-90
114000122,188,239,-51
114000123,448,197,251
114000124,172,225,-53
114000125,561,1654,-1093
114000126,457,128,329
114000127,59,149,-90
114000128,429,449,-20
114000130,199,360,-161
114000131,69,22,47
114000132,423,573,-150
114000133,765,875,-110
114000134,22,172,-150
114000138,32,127,-95
114000139,143,77,66
114000144,326,186,140
114000145,51,117,-66
114000146,78,263,-185
114000147,482,528,-46
114000148,2057,662,1395
114000149,124,140,-16
114000150,1811,490,1321
114000151,1534,511,1023
114000152,133,17,116
114000153,1277,1088,189
114000154,664,484,180
114000155,812,914,-102
114000156,506,308,198
114000157,157,531,-374
114000158,2417,396,2021
114000159,187,232,-45
114000160,78,138,-60
114000161,1034,556,478
114000162,438,416,22
114000163,14,108,-94
114000165,167,68,99
114000166,470,113,357
114000167,3791,911,2880
114000168,442,511,-69
114000169,1462,318,1144
114000170,631,246,385
114000171,372,917,-545
114000174,113,266,-153
114000176,353,261,92
114000177,2050,500,1550
114000178,15,35,-20
114000179,762,441,321
114000180,240,361,-121
114000181,982,1190,-208
114000182,4877,1654,3223
114000183,816,805,11
114000184,6606,1396,5210
114000185,508,611,-103
114000189,180,34,146
114000190,707,115,592
114000191,8,31,-23
114000192,269,1319,-1050
114000193,909,3164,-2255
114000194,624,1178,-554
114000195,20,5,15
114000196,2,310,-308
114000197,444,1,443
114000198,1051,308,743
114000199,1625,602,1023
114000200,401,2288,-1887
114000201,127,1079,-952
114000202,447,752,-305
114000203,313,969,-656
114000204,74,447,-373
114000205,147,1394,-1247
114000206,221,1016,-795
114000207,414,2226,-1812
114000208,268,3180,-2912
114000209,499,2938,-2439
114000210,251,1556,-1305
114000211,551,1104,-553
114000212,314,626,-312
114000213,680,438,242
114000214,83,157,-74
114000215,25,54,-29
114000216,326,202,124
114000217,55,302,-247
114000218,71,250,-179
114000219,359,219,140
114000220,9,1487,-1478
114000221,188,93,95
114000222,177,1073,-896
114000223,159,38,121
114000224,91,670,-579
114000225,89,450,-361
114000226,30,213,-183
114000227,551,364,187
114000228,347,855,-508
114000229,365,1045,-680
114000230,890,1223,-333
114000231,440,919,-479
114000232,226,71,155
114000233,953,70,883
114000234,717,881,-164
114000235,428,1374,-946
114000236,1,352,-351
114000237,60,945,-885
114000238,33,131,-98
114000239,166,1188,-1022
114000240,343,430,-87
114000241,172,922,-750
114000242,731,825,-94
114000243,607,574,33
114000244,382,288,94
114000245,160,493,-333
114000246,113,31,82
114000247,364,580,-216
114000248,368,370,-2
114000249,253,491,-238
114000250,218,444,-226
114000251,95,265,-170
114000252,36,63,-27
114000253,16,239,-223
114000254,7,58,-51
114000255,361,107,254
114000256,2208,257,1951
114000257,575,1686,-1111
114000258,51,423,-372
114000259,4,225,-221
114000260,0,12,-12
114000261,13,10,3
114000262,19,134,-115
114000263,5,0,5
114000264,169,447,-278
114000265,0,0,0
114000267,1,937,-936
114000268,7,2001,-1994
114000270,49,6,43
114000271,225,62,163
114000283,287,365,-78
114000285,47,253,-206
114000288,31,367,-336
114000289,651,189,462
114000293,31,308,-277
114000294,101,217,-116
114000395,661,38,623
114000396,96,177,-81
114000402,185,211,-26
114000403,150,563,-413
114000405,51,543,-492
114000423,43,466,-423
114000424,63,140,-77
114000425,108,470,-362
114000426,172,284,-112
114000427,26,58,-32
114000428,276,39,237
114000429,3,200,-197
114000432,19,131,-112
114000434,11,105,-94
114000435,0,120,-120
114900001,254,1474,-1220
114900002,115,23,92
114900003,170,2099,-1929
114900004,43,120,-77
114900005,139,899,-760
114900006,9,23,-14
114900007,39,8,31
114900008,30,24,6
114900010,2951,910,2041
114900011,14,43,-29
114900013,31,31,0
114900018,432,25,407
114900020,38,37,1
114900022,2,604,-602
114900025,109,223,-114
114900026,26,21,5
114900029,50,19,31
114900030,104,162,-58
114900031,69,17,52
114900032,43,23,20
114900034,37,239,-202
114900035,93,172,-79
114900036,199,1107,-908
114900039,284,672,-388
114900040,45,214,-169
114900041,178,611,-433
114900042,306,808,-502
114900044,22,12,10
114900047,100,771,-671
114900048,28,222,-194
114900049,50,314,-264
114900050,47,560,-513
114900051,19,452,-433
114900052,33,107,-74
114900053,37,168,-131
114900054,22,87,-65
114900057,131,0,131
114900058,0,70,-70
114900059,22,12,10
114900063,27,224,-197
114900064,380,609,-229
114900065,156,571,-415
114900067,18,278,-260
114900068,102,319,-217
114900069,141,148,-7
114900070,131,631,-500
114900072,3,219,-216
114900073,1,178,-177
114900074,109,1078,-969
114900075,49,0,49
114900076,7,301,-294
114900080,3418,323,3095
114900082,2893,865,2028
114900083,445,541,-96
114900090,97,84,13
114900091,97,133,-36
114900097,15,0,15
114900098,1,152,-151
114900099,34,8,26
115000001,7918,4408,3510
115000002,1834,1931,-97
115000003,2887,3210,-323
115000004,1508,2824,-1316
115000005,685,2463,-1778
115000006,338,1058,-720
115000007,63,117,-54
115000008,218,311,-93
115000009,126,293,-167
115000010,189,108,81
115000013,85,105,-20
115000015,93,115,-22
115000016,13,142,-129
115000019,4,288,-284
115000020,156,193,-37
115000021,206,328,-122
115000022,266,234,32
115000023,236,215,21
115000024,754,341,413
115000025,490,270,220
115000026,93,261,-168
115000027,117,132,-15
115000028,101,471,-370
115000029,189,74,115
115000030,218,587,-369
115000031,448,99,349
115000032,2,231,-229
115000033,94,8,86
115000034,97,680,-583
115000035,541,54,487
115000036,1,295,-294
115000037,122,2,120
115000038,32,131,-99
115000039,2526,1383,1143
115000040,5752,2433,3319
115000041,569,1362,-793
115000042,393,431,-38
115000043,2223,1374,849
115000044,2333,3248,-915
115000045,1148,2372,-1224
115000046,783,1923,-1140
115000047,819,1962,-1143
115000048,923,2516,-1593
115000049,1151,2025,-874
115000050,1805,1449,356
115000051,1584,987,597
115000052,2869,1357,1512
115000053,994,747,247
115000054,618,1006,-388
115000055,51,342,-291
115000056,124,221,-97
115000057,191,373,-182
115000058,90,93,-3
115000059,135,166,-31
115000061,68,87,-19
115000062,80,252,-172
115000063,93,309,-216
115000064,171,161,10
115000065,20,158,-138
115000067,144,23,121
115000069,9,197,-188
115000070,19,382,-363
115000071,46,7,39
115000072,17,37,-20
115000073,970,16,954
115000075,22,53,-31
115000076,3011,2761,250
115000077,774,3287,-2513
115000078,364,1776,-1412
115000079,558,1946,-1388
115000080,967,2316,-1349
115000081,333,579,-246
115000082,1854,1780,74
115000083,1160,3170,-2010
115000084,568,930,-362
115000085,275,751,-476
115000086,327,810,-483
115000087,397,977,-580
115000088,1055,431,624
115000089,1219,979,240
115000090,573,299,274
115000091,305,1018,-713
115000092,268,258,10
115000093,208,2,206
115000094,7203,3113,4090
115000095,6165,2587,3578
115000096,245,2070,-1825
115000097,299,592,-293
115000098,331,612,-281
115000099,1105,3425,-2320
115000100,363,390,-27
115000101,243,1276,-1033
115000102,240,140,100
115000103,223,761,-538
115000105,33,220,-187
115000106,140,156,-16
115000107,64,518,-454
115000108,3030,2144,886
115000109,4853,1405,3448
115000110,739,431,308
115000111,417,994,-577
115000112,267,282,-15
115000113,338,541,-203
115000114,1137,541,596
115000116,2109,830,1279
115000117,2703,1080,1623
115000118,894,938,-44
115000119,1199,984,215
115000120,338,365,-27
115000121,1242,481,761
115000122,2751,459,2292
115000123,1448,508,940
115000124,647,418,229
115000125,313,356,-43
115000126,48,181,-133
115000127,224,77,147
115000128,1065,518,547
115000129,96,115,-19
115000130,144,1140,-996
115000131,200,176,24
115000132,46,561,-515
115000133,123,291,-168
115000134,68,189,-121
115000135,69,236,-167
115000136,52,155,-103
115000137,27,162,-135
115000138,73,208,-135
115000139,108,203,-95
115000140,86,200,-114
115000141,56,292,-236
115000142,63,309,-246
115000143,185,421,-236
115000144,235,61,174
115000145,155,335,-180
115000146,154,162,-8
115000147,207,422,-215
115000148,197,1210,-1013
115000149,228,152,76
115000150,433,1045,-612
115000151,361,279,82
115000152,301,1495,-1194
115000153,414,281,133
115000154,271,221,50
115000155,305,1038,-733
115000156,647,383,264
115000157,628,601,27
115000158,586,236,350
115000159,623,245,378
115000160,462,194,268
115000161,147,338,-191
115000162,421,354,67
115000163,427,532,-105
115000164,372,387,-15
115000165,327,245,82
115000167,77,73,4
115000168,398,163,235
115000169,532,209,323
115000170,99,93,6
115000171,149,116,33
115000172,1388,340,1048
115000173,168,130,38
115000174,37,153,-116
115000175,65,71,-6
115000176,28,27,1
115000177,61,23,38
115000178,8,216,-208
115000179,11,8,3
115000180,29,474,-445
115000181,175,67,108
115000182,197,284,-87
115000183,136,768,-632
115000186,318,168,150
115000187,83,505,-422
115000188,276,289,-13
115000189,159,322,-163
115000190,418,320,98
115000191,159,266,-107
115000194,137,70,67
115000195,206,160,46
115000196,56,101,-45
115000197,90,364,-274
115000198,81,185,-104
115000199,69,289,-220
115000200,158,102,56
115000201,74,297,-223
115000206,68,58,10
115000207,15,225,-210
115000208,419,530,-111
115000209,277,66,211
115000210,44,78,-34
115000211,107,139,-32
115000212,1039,194,845
115000224,113,45,68
115000225,43,33,10
115000229,260,117,143
115000230,54,340,-286
115000231,261,2591,-2330
115000232,523,296,227
115000233,27,136,-109
115000234,12,257,-245
115000241,38,196,-158
115000242,16,236,-220
115000243,53,230,-177
115000244,2,106,-104
115000246,32,6,26
115000247,6,4,2
115000248,9,3,6
115000249,19,10,9
115000250,331,39,292
115000251,61,103,-42
115000252,19,120,-101
115000253,1,152,-151
115000258,106,203,-97
115000259,212,112,100
115000261,8,23,-15
115000262,2,15,-13
115000263,3,31,-28
115000264,28,56,-28
115000267,34,40,-6
115000268,32,107,-75
115000269,63,50,13
115000270,0,5,-5
115000272,28,129,-101
115000273,114,18,96
115000280,2328,69,2259
115000281,507,161,346
115000282,518,236,282
115000284,153,44,109
115000296,372,23,349
115000297,85,89,-4
115000298,43,115,-72
115000300,33,218,-185
115000302,89,147,-58
115000303,204,92,112
115000304,159,43,116
115000305,33,1095,-1062
115000306,76,657,-581
115000307,13,326,-313
115000308,39,7,32
115000310,424,1118,-694
115000311,276,1174,-898
115000313,117,692,-575
115000314,144,29,115
115000315,1032,195,837
115000316,28,47,-19
115000317,76,541,-465
115000318,313,127,186
115000319,24,263,-239
115000320,12,102,-90
115000321,343,7,336
115000322,20,208,-188
115000449,179,77,102
115000557,45,278,-233
115000558,208,55,153
115000587,226,217,9
115000588,1534,3040,-1506
115000589,1824,2124,-300
115000590,577,1195,-618
115000591,635,524,111
115000592,409,1003,-594
115000593,781,347,434
115000594,632,803,-171
115000609,65,125,-60
115000617,1599,857,742
115000624,111,94,17
115000633,283,1074,-791
115000634,1468,432,1036
115000635,140,91,49
115000638,1137,440,697
115000641,86,90,-4
115000642,371,223,148
115000643,54,281,-227
115000644,92,246,-154
115000646,364,602,-238
115000647,100,221,-121
115000648,695,1188,-493
115000893,2901,595,2306
115000894,63,824,-761
115000895,302,676,-374
115000896,1026,217,809
115000897,300,27,273
115000898,326,99,227
115000899,870,628,242
115000900,107,266,-159
115000901,57,59,-2
115000912,122,39,83
115000913,1,37,-36
115000915,12,0,12
115000916,3,0,3
115000917,0,3,-3
115000918,84,93,-9
115000919,37,3,34
115000920,22,28,-6
115000921,1177,43,1134
115000922,1255,293,962
115000923,458,549,-91
115000925,18,39,-21
115000927,4,22,-18
115000933,348,76,272
115000934,67,138,-71
115000935,34,83,-49
115000936,50,203,-153
115000937,1188,116,1072
115000938,247,77,170
115000939,307,75,232
115000940,4,7,-3
115000941,8,3,5
115000942,64,16,48
115000943,58,4,54
115000944,8,7,1
115900001,11,73,-62
115900002,60,137,-77
115900003,45,104,-59
115900004,0,56,-56
115900005,26,2,24
115900006,13,407,-394
115900008,14,13,1
115900009,23,277,-254
115900010,63,164,-101
115900011,130,196,-66
115900012,14,78,-64
115900013,225,130,95
115900014,76,124,-48
115900015,17,128,-111
115900016,33,18,15
115900017,1,3,-2
115900018,106,65,41
115900019,168,26,142
115900020,34,0,34
115900021,1315,94,1221
115900022,2401,8,2393
115900023,2,1,1
115900025,36,96,-60
115900026,559,302,257
115900027,0,299,-299
115900028,441,55,386
115900029,4,440,-436
115900030,30,2,28
115900031,351,73,278
115900032,126,402,-276
115900033,0,38,-38
115900034,15,514,-499
115900035,20,90,-70
115900036,189,132,57
115900037,9,473,-464
115900038,3,5,-2
115900039,55,340,-285
115900041,211,176,35
115900042,4,2,2
115900043,23,151,-128
115900044,136,114,22
115900046,77,274,-197
115900047,37,22,15
115900049,65,179,-114
115900051,0,26,-26
115900052,15,268,-253
115900053,65,241,-176
115900054,50,18,32
115900055,12,153,-141
115900056,55,336,-281
115900057,11,0,11
115900058,19,48,-29
115900060,8,88,-80
115900061,48,0,48
115900062,4,334,-330
115900063,25,22,3
115900064,127,190,-63
115900065,13,110,-97
115900066,109,182,-73
115900067,4,765,-761
115900068,3370,83,3287
115900069,30,117,-87
115900070,42,219,-177
115900071,1,580,-579
115900072,57,298,-241
115900073,18,34,-16
115900074,4,368,-364
115900075,11,261,-250
115900076,2,111,-109
115900077,1,300,-299
115900078,17,96,-79
115900079,29,5,24
115900080,424,200,224
115900081,10,72,-62
115900082,85,80,5
115900084,91,21,70
115900085,57,39,18
115900086,1187,245,942
115900088,10,24,-14
115900089,52,591,-539
115900090,40,32,8
115900091,0,5,-5
115900092,13,180,-167
115900093,0,24,-24
115900094,7,379,-372
115900096,0,10,-10
115900097,4,469,-465
115900098,36,470,-434
115900099,10,63,-53
115900100,0,518,-518
115900101,63,442,-379
115900102,9,82,-73
115900103,94,214,-120
115900104,15,115,-100
115900105,34,617,-583
115900106,8,18,-10
115900107,16,230,-214
115900108,5,21,-16
115900109,27,342,-315
115900110,0,22,-22
115900111,0,74,-74
115900112,18,628,-610
115900113,28,12,16
115900114,2,152,-150
115900115,15,65,-50
115900116,73,834,-761
115900117,41,17,24
115900118,4,377,-373
115900119,55,37,18
115900120,10,275,-265
115900121,45,185,-140
115900124,74,196,-122
115900125,76,55,21
115900126,205,26,179
115900127,155,29,126
115900128,7,83,-76
115900129,217,22,195
115900130,24,141,-117
115900131,31,10,21
115900132,83,15,68
115900134,89,5,84
115900135,436,332,104
115900137,0,1,-1
115900139,41,54,-13
115900140,29,4,25
115900141,6,20,-14
115900142,8,8,0
115900143,59,194,-135
115900144,25,208,-183
115900146,6,133,-127
115900147,87,109,-22
115900148,11,10,1
115900149,12,21,-9
115900150,10,82,-72
115900151,3,35,-32
115900152,11,336,-325
115900153,16,184,-168
115900154,363,194,169
115900155,0,69,-69
115900156,242,279,-37
115900157,58,236,-178
115900158,23,4,19
115900159,21,208,-187
115900160,9,3,6
115900161,13,127,-114
115900163,47,60,-13
115900164,86,1,85
115900166,73,164,-91
115900168,10,136,-126
115900171,38,234,-196
115900172,8,66,-58
115900173,106,111,-5
115900174,153,133,20
115900175,35,143,-108
115900178,0,510,-510
115900179,49,13,36
115900180,61,335,-274
115900181,76,227,-151
115900182,116,282,-166
115900183,41,6,35
115900184,1137,15,1122
115900187,6,86,-80
115900189,0,50,-50
115900190,154,208,-54
115900191,38,393,-355
115900192,5,57,-52
115900193,13,34,-21
115900194,126,19,107
115900195,360,451,-91
115900198,109,118,-9
115900199,62,185,-123
115900200,162,215,-53
115900201,248,118,130
115900202,1,5,-4
115900203,0,10,-10
115900204,0,2,-2
115900205,43,3,40
115900206,47,134,-87
115900207,4,22,-18
115900208,48,342,-294
115900209,3,161,-158
115900210,3,100,-97
115900211,1,167,-166
115900212,51,183,-132
115900213,38,22,16
115900214,99,122,-23
115900215,8,11,-3
115900216,7,89,-82
115900217,0,55,-55
115900218,0,29,-29
115900219,11,3,8
115900220,21,5,16
115900221,9,9,0
115900222,10,3,7
115900223,22,28,-6
115900224,1438,153,1285
115900225,86,10,76
115900226,9,45,-36
115900227,4,34,-30
115900228,1,38,-37
115900229,2,20,-18
115900230,32,68,-36
115900231,37,0,37
115900232,4,1,3
115900233,28,3,25
115900234,26,11,15
115900235,2,13,-11
115900236,4,9,-5
115900237,4,30,-26
115900238,5,22,-17
115900239,0,17,-17
115900240,1,45,-44
115900241,56,38,18
115900242,160,112,48
115900243,5,2,3
115900244,1,5,-4
115900245,6,6,0
115900246,2,0,2
115900247,2,3,-1
115900248,14,2,12
115900249,0,4,-4
115900250,0,3,-3
115900251,0,2,-2
115900252,1,2,-1
115900253,1,5,-4
115900254,5,9,-4
115900255,3,15,-12
115900256,21,13,8
115900257,1,3,-2
115900258,0,0,0
115900259,3,1,2
115900260,14,1,13
115900261,1,0,1
115900262,0,0,0
115900263,8,2,6
115900264,5,6,-1
115900265,1,2,-1
115900266,3,3,0
115900267,0,1,-1
115900268,3,6,-3
115900269,97,271,-174
115900270,65,710,-645
115900271,7,1,6
115900272,1,0,1
115900273,1,2,-1
115900274,4,6,-2
115900275,0,30,-30
115900276,0,47,-47
115900277,0,187,-187
115900278,9,54,-45
115900279,4,86,-82
115900280,5,98,-93
115900281,492,59,433
115900282,14,9,5
115900283,6,2,4
115900284,14,16,-2
116000001,14670,3816,10854
116000002,2437,2780,-343
116000003,994,1514,-520
116000004,964,1137,-173
116000005,1933,2490,-557
116000006,1101,658,443
116000007,2332,3348,-1016
116000008,1457,833,624
116000009,1196,2358,-1162
116000010,770,554,216
116000011,727,1958,-1231
116000012,436,364,72
116000013,14229,2576,11653
116000014,18389,4805,13584
116000015,419,524,-105
116000016,5430,1003,4427
116000017,22,237,-215
116000018,633,365,268
116000019,278,191,87
116000020,231,1005,-774
116000021,159,193,-34
116000022,169,493,-324
116000023,368,283,85
116000024,380,1205,-825
116000025,408,329,79
116000026,1218,1540,-322
116000027,212,313,-101
116000028,277,305,-28
116000029,515,343,172
116000030,290,232,58
116000031,58,170,-112
116000032,255,167,88
116000033,194,343,-149
116000034,290,662,-372
116000035,255,284,-29
116000036,1744,320,1424
116000037,588,231,357
116000038,464,144,320
116000039,505,181,324
116000040,692,92,600
116000041,257,434,-177
116000042,267,134,133
116000043,57,401,-344
116000044,15,106,-91
116000045,983,694,289
116000046,783,537,246
116000047,1684,1181,503
116000048,1344,1069,275
116000049,624,1115,-491
116000050,977,919,58
116000051,1953,978,975
116000052,2103,2244,-141
116000053,952,834,118
116000054,442,1268,-826
116000055,286,889,-603
116000056,310,772,-462
116000057,1766,1300,466
116000058,2076,957,1119
116000059,2151,3000,-849
116000060,2081,565,1516
116000061,403,553,-150
116000062,489,207,282
116000063,302,730,-428
116000066,113,280,-167
116000067,170,517,-347
116000068,105,177,-72
116000069,164,342,-178
116000078,188,835,-647
116000080,668,866,-198
116000082,0,88,-88
116000083,599,238,361
116000084,1544,3148,-1604
116000085,1256,605,651
116000086,2142,1257,885
116000087,716,792,-76
116000088,447,847,-400
116000089,71,94,-23
116000090,55,115,-60
116000091,87,99,-12
116000093,207,414,-207
116000094,234,525,-291
116000095,212,507,-295
116000096,307,734,-427
116000097,205,703,-498
116000098,269,2152,-1883
116000099,7915,263,7652
116000100,53,4,49
116000101,223,1378,-1155
116000102,129,1211,-1082
116000103,176,170,6
116000104,79,1466,-1387
116000105,357,136,221
116000106,213,1325,-1112
116000107,611,374,237
116000108,18,173,-155
116000111,40,10,30
116000113,47,35,12
116000114,46,97,-51
116000115,90,51,39
116000116,143,453,-310
116000117,737,1491,-754
116000118,646,963,-317
116000119,1095,1500,-405
116000120,1615,3288,-1673
116000121,291,336,-45
116000122,1080,2034,-954
116000123,181,323,-142
116000124,170,943,-773
116000125,984,371,613
116000126,125,1252,-1127
116000127,875,1281,-406
116000128,595,516,79
116000129,376,128,248
116000130,164,177,-13
116000133,227,753,-526
116000134,920,2460,-1540
116000135,618,916,-298
116000136,613,2295,-1682
116000137,386,378,8
116000138,747,174,573
116000139,1143,1910,-767
116000140,54,170,-116
116000141,194,922,-728
116000142,3067,3428,-361
116000143,1382,907,475
116000144,836,2380,-1544
116000145,903,1136,-233
116000146,125,391,-266
116000147,173,81,92
116000148,180,276,-96
116000149,244,410,-166
116000151,397,1032,-635
116000153,54,500,-446
116000155,318,215,103
116000156,201,732,-531
116000157,24,26,-2
116000158,236,205,31
116000159,21,4,17
116000160,4,99,-95
116000161,11,87,-76
116000162,37,33,4
116000163,5,4,1
116000164,2,13,-11
116000177,12,75,-63
116000194,31,247,-216
116000195,1143,440,703
116000196,2,7,-5
116000197,1,8,-7
116000198,2111,693,1418
116000200,438,137,301
116000201,366,445,-79
116000202,4,278,-274
116000203,12,69,-57
116000204,11,38,-27
116000205,3,111,-108
116000206,0,67,-67
116000207,3,20,-17
116000233,96,597,-501
116000287,61,582,-521
116000288,53,204,-151
116000292,16,148,-132
116000296,17,163,-146
116000297,44,26,18
116000304,31,54,-23
116000305,16,77,-61
116000346,49,161,-112
116000352,69,25,44
116000354,61,12,49
116000357,5,4,1
116000358,51,28,23
116000361,738,4,734
116000372,7673,1389,6284
116000381,23,1,22
116000388,1,31,-30
116000389,444,438,6
116000445,128,721,-593
116000446,154,1143,-989
116000447,10,243,-233
116000448,503,277,226
116000563,798,511,287
116000565,59,291,-232
116000568,21,30,-9
116000579,11,96,-85
116000583,29,63,-34
116000584,10,11,-1
116000585,2,13,-11
116000586,234,55,179
116000587,191,296,-105
116000589,39,83,-44
116000590,34,57,-23
116000591,43,223,-180
116000592,16,121,-105
116000593,0,76,-76
116000594,124,484,-360
116000595,221,95,126
116000596,31,7,24
116000597,70,38,32
116000598,5,184,-179
116000605,167,113,54
116000606,25,100,-75
116000607,6,57,-51
116000609,121,443,-322
116000611,40,523,-483
116000612,407,1318,-911
116000613,159,281,-122
116000614,319,784,-465
116000615,1,68,-67
116000616,17,143,-126
116000617,29,131,-102
116000618,9,191,-182
116000619,13,33,-20
116000620,43,196,-153
116000621,11,51,-40
116000622,10,111,-101
116000624,5,57,-52
116000627,9,118,-109
116000628,16,635,-619
116000629,17,374,-357
116000630,99,52,47
116000631,36,51,-15
116000632,129,85,44
116000633,56,379,-323
116000634,115,282,-167
116000635,2967,1005,1962
116000636,1606,766,840
116000637,100,99,1
116000638,42,488,-446
116000639,37,3,34
116000640,19,11,8
116000641,55,186,-131
116000643,0,158,-158
116000644,12,988,-976
116000645,4,25,-21
116900001,109,116,-7
116900002,219,3,216
116900003,0,53,-53
116900004,10,24,-14
116900005,124,37,87
116900006,105,92,13
116900007,57,140,-83
116900008,129,449,-320
116900009,6,1,5
116900010,230,1909,-1679
116900011,7,18,-11
116900012,55,151,-96
116900013,4,142,-138
116900014,50,420,-370
116900015,83,70,13
116900016,64,0,64
116900017,2,751,-749
116900018,16,32,-16
116900019,1,360,-359
116900020,1072,105,967
116900023,29,6,23
116900024,192,72,120
116900025,151,1112,-961
116900026,93,544,-451
116900027,7,31,-24
116900028,9,86,-77
116900029,0,11,-11
116900031,0,8,-8
116900032,2,372,-370
116900033,2,4,-2
116900034,4,67,-63
116900035,43,196,-153
116900036,1,76,-75
116900038,1,2,-1
116900041,24,3,21
116900042,794,125,669
116900043,2,51,-49
116900047,92,23,69
116900049,33,239,-206
116900050,33,413,-380
116900051,6,214,-208
116900052,65,60,5
116900055,0,4,-4
116900057,10,288,-278
116900058,11,306,-295
116900059,0,142,-142
116900060,120,175,-55
116900062,0,4,-4
116900064,21,1086,-1065
116900065,4,93,-89
116900067,42,78,-36
116900068,70,307,-237
116900070,0,2,-2
116900072,5,396,-391
116900073,0,208,-208
116900074,2,23,-21
116900076,7,28,-21
116900077,5,223,-218
116900078,229,108,121
116900079,6,414,-408
116900080,5,9,-4
116900081,173,1220,-1047
116900082,70,625,-555
116900083,26,98,-72
116900084,157,45,112
116900085,14,126,-112
116900086,26,339,-313
116900088,271,37,234
116900090,132,51,81
116900091,72,110,-38
116900092,45,828,-783
116900093,1248,1234,14
116900094,4813,1417,3396
116900095,201,160,41
116900096,75,68,7
116900097,3669,1169,2500
116900098,817,84,733
116900099,429,258,171
116900100,239,9,230
116900101,178,481,-303
116900103,1,2,-1
116900104,18,41,-23
116900105,171,29,142
116900106,240,2,238
116900107,3814,650,3164
116900110,7,1,6
116900111,119,915,-796
116900112,92,876,-784
116900113,2636,532,2104
116900116,96,140,-44
116900117,6,72,-66
116900118,987,412,575
116900120,72,73,-1
116900121,12,20,-8
116900122,189,921,-732
116900123,70,974,-904
116900124,98,777,-679
116900125,72,222,-150
116900126,126,360,-234
116900128,0,30,-30
116900129,0,250,-250
116900130,829,1100,-271
116900131,25,91,-66
116900132,5,51,-46
116900133,65,94,-29
116900134,62,168,-106
116900136,71,141,-70
116900137,109,142,-33
116900138,106,253,-147
116900139,44,278,-234
116900140,75,106,-31
116900141,314,203,111
116900142,4,5,-1
116900143,87,366,-279
116900144,7,21,-14
116900145,43,277,-234
116900147,535,189,346
116900148,0,24,-24
116900149,10,87,-77
116900150,8,11,-3
116900151,43,7,36
116900153,20,35,-15
116900154,465,100,365
116900155,47,37,10
116900157,136,236,-100
116900158,40,60,-20
116900159,27,160,-133
116900160,353,132,221
116900161,9162,2292,6870
116900162,7,147,-140
116900163,27,111,-84
116900164,22,25,-3
116900165,70,45,25
116900166,5,88,-83
116900167,139,75,64
116900168,55,49,6
116900169,614,108,506
116900170,76,134,-58
116900171,9,208,-199
116900172,156,64,92
116900173,52,27,25
116900174,10,24,-14
116900175,93,32,61
116900178,2,158,-156
116900179,31,48,-17
116900180,48,16,32
116900182,164,147,17
116900183,27,61,-34
116900185,10,9,1
116900186,40,289,-249
116900187,3,4,-1
116900188,71,3,68
116900189,3,0,3
116900191,133,208,-75
116900192,131,134,-3
116900194,36,375,-339
116900195,21,6,15
116900196,7,125,-118
116900197,32,2,30
116900198,212,67,145
116900200,15,38,-23
116900201,19,0,19
116900202,70,57,13
116900203,19,2,17
116900204,33,27,6
116900206,2,36,-34
116900207,24,12,12
116900208,7,112,-105
116900209,11,135,-124
116900210,147,155,-8
116900211,79,4,75
116900212,9,78,-69
116900213,129,177,-48
116900214,43,84,-41
116900215,10,82,-72
116900216,84,292,-208
116900218,0,242,-242
116900219,475,246,229
116900220,33,142,-109
116900221,27,188,-161
116900222,232,173,59
116900223,37,97,-60
116900226,11,62,-51
116900227,79,54,25
116900228,92,256,-164
116900230,29,326,-297
116900231,6,446,-440
116900232,5,614,-609
116900233,113,62,51
116900234,16,7,9
116900235,184,347,-163
116900238,1247,354,893
116900239,104,556,-452
116900240,5804,1589,4215
116900241,17,122,-105
116900242,1371,132,1239
116900243,0,42,-42
116900245,15,5,10
116900246,17,15,2
116900247,150,8,142
116900248,29,11,18
116900249,82,75,7
116900250,62,19,43
116900251,328,117,211
116900252,17,885,-868
116900254,4,80,-76
116900255,47,30,17
116900256,109,81,28
116900257,16,626,-610
116900258,1,361,-360
116900259,16,3,13
116900260,1,121,-120
116900261,10,2,8
116900262,43,130,-87
116900263,0,11,-11
116900264,30,21,9
116900265,11,1,10
116900266,5,68,-63
116900267,0,1,-1
116900268,11,4,7
116900269,213,354,-141
116900271,1353,48,1305
116900272,420,555,-135
116900273,251,22,229
116900274,20,47,-27
116900275,26,104,-78
116900276,265,26,239
116900277,361,5,356
116900278,4,5,-1
116900279,0,13,-13
116900280,13,33,-20
116900281,6724,1343,5381
116900282,3,162,-159
116900283,10,157,-147
116900284,14,214,-200
116900285,319,213,106
116900286,148,4,144
116900287,0,87,-87
116900288,21,166,-145
116900289,1,21,-20
116900290,2,60,-58
116900291,4,5,-1
116900292,1,6,-5
116900293,10,147,-137
116900294,18,95,-77
116900295,131,33,98
116900296,56,53,3
116900297,4,27,-23
116900298,127,32,95
116900299,41,33,8
116900300,3,46,-43
116900301,50,66,-16
116900302,58,46,12
116900303,259,33,226
116900304,0,95,-95
116900305,16,43,-27
116900306,46,198,-152
116900307,12,1,11
116900308,1,218,-217
116900309,12,94,-82
116900310,3,34,-31
116900311,1,103,-102
117000001,945,806,139
117000002,1477,3406,-1929
117000003,5704,1449,4255
117000004,3870,3930,-60
117000005,1056,1074,-18
117000006,793,3987,-3194
117000007,1797,952,845
117000008,1020,3644,-2624
117000009,3037,859,2178
117000010,2586,3372,-786
117000011,711,1393,-682
117000012,863,1838,-975
117000013,595,1040,-445
117000014,701,2440,-1739
117000015,2279,876,1403
117000016,475,59,416
117000017,436,193,243
117000018,118,226,-108
117000019,123,21,102
117000020,698,677,21
117000021,3145,441,2704
117000022,620,43,577
117000023,670,118,552
117000024,319,56,263
117000025,866,476,390
117000026,2695,578,2117
117000027,2518,898,1620
117000028,3048,417,2631
117000030,900,554,346
117000031,270,190,80
117000032,1757,1194,563
117000033,730,636,94
117000034,316,302,14
117000035,199,174,25
117000036,350,320,30
117000037,189,185,4
117000038,264,404,-140
117000039,280,228,52
117000040,69,1220,-1151
117000041,300,104,196
117000044,19,1156,-1137
117000045,232,52,180
117000046,473,937,-464
117000047,490,376,114
117000048,1854,1298,556
117000049,110,294,-184
117000050,63,2385,-2322
117000051,949,127,822
117000052,5,574,-569
117000053,77,67,10
117000054,825,1,824
117000055,122,3192,-3070
117000056,266,5,261
117000057,585,1953,-1368
117000060,320,1529,-1209
117000061,1019,585,434
117000062,101,513,-412
117000063,1143,389,754
117000064,875,771,104
117000066,977,500,477
117000067,134,191,-57
117000074,137,107,30
117000076,64,49,15
117000077,85,39,46
117000078,80,609,-529
117000079,193,105,88
117000080,0,329,-329
117000081,463,70,393
117000082,21,45,-24
117000083,172,141,31
117000084,211,0,211
117000085,109,351,-242
117000086,877,660,217
117000087,129,453,-324
117000088,277,132,145
117000089,873,259,614
117000090,152,1389,-1237
117000091,265,239,26
117000092,197,1616,-1419
117000093,442,449,-7
117000094,537,2360,-1823
117000095,1397,561,836
117000096,414,2393,-1979
117000097,501,943,-442
117000098,2269,5278,-3009
117000099,1353,593,760
117000100,88,67,21
117000101,176,1420,-1244
117000102,723,377,346
117000103,732,1595,-863
117000104,680,344,336
117000105,738,1696,-958
117000106,557,542,15
117000107,342,2298,-1956
117000108,686,619,67
117000109,1523,2864,-1341
117000110,693,413,280
117000111,2618,4016,-1398
117000112,1520,1576,-56
117000113,31,392,-361
117000114,58,113,-55
117000115,32,165,-133
117000116,51,188,-137
117000117,1217,190,1027
117000118,213,151,62
117000119,464,39,425
117000120,318,79,239
117000121,140,420,-280
117000122,555,744,-189
117000123,1411,28,1383
117000124,695,15,680
117000125,337,44,293
117000126,69,24,45
117000127,138,281,-143
117000128,386,308,78
117000129,614,279,335
117000130,74,3,71
117000131,0,243,-243
117000132,524,35,489
117000133,342,91,251
117000134,2,50,-48
117000135,8,28,-20
117000136,0,70,-70
117000137,39,34,5
117000138,1,390,-389
117000140,352,1483,-1131
117000141,799,443,356
117000181,823,372,451
117000182,153,110,43
117000195,128,1104,-976
117000196,65,35,30
117000225,154,1,153
117000226,20,84,-64
117000276,57,6,51
117000277,0,674,-674
117000310,1842,2386,-544
117000315,35,697,-662
117000320,53,0,53
117000906,95,7,88
117000907,18,485,-467
117000909,86,18,68
117000910,122,71,51
117000911,67,213,-146
117000915,16,686,-670
117000916,4,1,3
117000917,258,11,247
117000918,10,23,-13
117000919,7,180,-173
117000920,2,1365,-1363
117000921,6,2504,-2498
117000922,59,111,-52
117000924,238,482,-244
117000926,1026,121,905
117000927,1762,188,1574
117000928,2,337,-335
117000929,88,754,-666
117000930,68,7,61
117000931,616,48,568
117900002,95,265,-170
117900003,782,182,600
117900005,5,2,3
117900006,0,32,-32
117900007,63,119,-56
117900008,1,39,-38
117900010,179,153,26
117900011,27,14,13
117900012,46,150,-104
117900013,5,321,-316
117900014,828,234,594
117900015,9,196,-187
117900016,1063,321,742
117900017,592,701,-109
117900018,169,30,139
117900019,144,702,-558
117900020,62,117,-55
117900021,29,85,-56
117900023,562,136,426
117900024,57,109,-52
117900025,9,11,-2
117900026,168,480,-312
117900028,55,3,52
117900029,119,1357,-1238
117900031,151,62,89
117900032,280,291,-11
117900033,95,1082,-987
117900034,46,57,-11
117900035,62,42,20
117900036,67,822,-755
117900037,17,86,-69
117900038,10,307,-297
117900039,7,66,-59
117900040,56,519,-463
117900041,5,41,-36
117900042,4304,376,3928
117900043,17,43,-26
117900044,42,2976,-2934
117900045,57,62,-5
117900048,65,267,-202
117900049,85,1028,-943
117900050,6,47,-41
117900051,61,1,60
117900052,29,173,-144
117900053,380,632,-252
117900054,2,9,-7
117900055,78,123,-45
117900056,319,27,292
117900057,486,1063,-577
117900058,100,18,82
117900059,378,38,340
117900060,235,4808,-4573
117900061,4,126,-122
117900063,91,256,-165
117900065,532,1006,-474
117900066,1,24,-23
117900067,119,350,-231
117900069,341,513,-172
117900070,191,2,189
117900071,32,79,-47
117900073,116,384,-268
117900074,208,0,208
117900075,23,40,-17
117900076,16,82,-66
117900077,99,58,41
117900078,148,180,-32
117900080,102,37,65
117900081,528,376,152
117900082,173,109,64
117900083,95,684,-589
117900086,80,37,43
117900087,19,31,-12
117900088,2370,1342,1028
117900089,774,154,620
117900090,330,1061,-731
117900091,107,113,-6
117900092,28,38,-10
117900093,12,52,-40
117900094,8,5,3
117900095,337,1231,-894
117900096,24,131,-107
117900097,31,50,-19
117900098,1,0,1
117900099,73,487,-414
117900100,45,0,45
117900101,295,643,-348
117900102,37,38,-1
117900103,2,0,2
117900104,29,134,-105
117900105,103,200,-97
117900106,34,37,-3
117900107,7,0,7
117900109,175,206,-31
117900110,28,0,28
117900111,105,4,101
117900112,24,5,19
117900113,3756,1281,2475
117900114,2,0,2
117900115,343,15,328
117900116,732,599,133
117900117,165,254,-89
117900118,10,0,10
117900119,42,248,-206
117900120,18,144,-126
117900121,9,35,-26
117900122,816,1015,-199
117900123,457,820,-363
117900124,388,480,-92
117900125,862,370,492
117900126,212,569,-357
117900127,185,531,-346
117900128,114,976,-862
117900129,32,0,32
117900130,454,230,224
117900131,0,89,-89
117900132,4,103,-99
117900133,2,124,-122
117900134,31,128,-97
117900135,11,248,-237
117900136,0,46,-46
117900137,9,298,-289
117900138,0,38,-38
117900139,41,104,-63
117900140,5590,26,5564
117900141,110,205,-95
117900142,258,7,251
117900144,53,71,-18
117900145,82,12,70
117900146,154,53,101
117900147,15,36,-21
117900148,2235,838,1397
117900149,14,132,-118
117900150,9,63,-54
117900151,22,126,-104
117900152,87,97,-10
117900153,1,101,-100
117900154,276,743,-467
117900156,573,557,16
117900157,43,370,-327
117900158,61,53,8
117900160,206,146,60
117900161,1897,2356,-459
117900162,188,321,-133
117900163,76,7,69
117900165,0,13,-13
117900166,66,144,-78
117900168,77,70,7
117900169,0,62,-62
117900170,1,21,-20
117900171,1,5,-4
117900172,7,19,-12
117900173,67,20,47
117900174,17,30,-13
117900175,5,14,-9
117900176,4,31,-27
117900177,7,54,-47
117900178,52,15,37
117900180,144,16,128
117900181,82,68,14
117900182,0,6,-6
117900183,7,77,-70
117900184,4,38,-34
117900185,4,16,-12
117900186,9,10,-1
117900187,2,5,-3
117900188,98,8,90
117900189,25,18,7
117900190,7,1,6
117900191,5,0,5
117900192,19,2,17
117900193,1,13,-12
117900194,4,4,0
117900195,1,7,-6
117900196,13,9,4
117900207,80,39,41
117900208,18,35,-17
117900209,176,113,63
117900210,135,76,59
117900211,2,139,-137
117900212,37,80,-43
117900213,3,3,0
117900214,1,24,-23
117900215,26,95,-69
117900216,87,27,60
117900217,287,23,264
117900218,259,288,-29
117900219,6,36,-30
117900220,90,37,53
117900222,171,208,-37
117900223,130,158,-28
118000001,510,306,204
118000002,1137,1355,-218
118000003,1564,902,662
118000004,2519,1406,1113
118000005,5563,1069,4494
118000006,7126,3897,3229
118000007,4454,1490,2964
118000008,3668,1772,1896
118000009,1515,1462,53
118000010,1688,2630,-942
118000011,449,2215,-1766
118000012,612,2192,-1580
118000013,2772,2061,711
118000014,1559,2995,-1436
118000016,168,365,-197
118000017,55,260,-205
118000018,162,510,-348
118000019,1516,949,567
118000020,1041,724,317
118000021,555,854,-299
118000022,1532,356,1176
118000023,1005,273,732
118000024,1496,388,1108
118000027,18073,3414,14659
118000029,1016,376,640
118000032,1654,976,678
118000033,1887,1399,488
118000034,4076,1357,2719
118000035,1028,885,143
118000036,891,671,220
118000037,441,755,-314
118000038,79,109,-30
118000039,37,323,-286
118000040,1129,1953,-824
118000041,1390,1247,143
118000045,478,69,409
118000046,1552,328,1224
118000047,1323,294,1029
118000048,2504,646,1858
118000051,1633,314,1319
118000052,762,242,520
118000053,317,289,28
118000054,1022,701,321
118000055,627,1237,-610
118000056,82,163,-81
118000057,93,237,-144
118000058,2919,743,2176
118000059,1949,597,1352
118000060,520,545,-25
118000061,367,839,-472
118000062,394,125,269
118000063,263,310,-47
118000064,756,900,-144
118000065,4589,1071,3518
118000066,565,656,-91
118000067,1266,481,785
118000068,1355,2296,-941
118000069,2868,701,2167
118000070,7097,1049,6048
118000071,2913,3298,-385
118000072,1619,777,842
118000073,2463,358,2105
118000074,290,401,-111
118000075,689,230,459
118000076,968,835,133
118000077,1124,866,258
118000078,1314,1226,88
118000079,176,173,3
118000080,898,595,303
118000081,1083,728,355
118000082,238,464,-226
118000083,1697,846,851
118000084,1836,967,869
118000086,136,395,-259
118000087,5245,1701,3544
118000088,1251,1095,156
118000089,3196,1645,1551
118000090,1707,1800,-93
118000091,1077,1003,74
118000092,854,268,586
118000093,68,499,-431
118000096,321,388,-67
118000097,450,347,103
118000098,156,150,6
118000099,241,755,-514
118000101,347,335,12
118000102,253,1273,-1020
118000107,3420,301,3119
118000108,443,737,-294
118000110,1,22,-21
118000111,2,847,-845
118000112,143,3,140
118000113,6,1182,-1176
118000114,82,2,80
118000115,5,8,-3
118000116,34,0,34
118000117,1000,746,254
118000118,510,450,60
118000119,344,792,-448
118000120,971,1176,-205
118000121,94,331,-237
118000122,978,167,811
118000123,26,197,-171
118000125,1545,864,681
118000126,470,1064,-594
118000127,1327,418,909
118000128,603,826,-223
118000129,354,162,192
118000130,1903,2835,-932
118000131,305,801,-496
118000132,1366,1128,238
118000133,364,380,-16
118000135,249,182,67
118000136,67,449,-382
118000137,427,74,353
118000138,188,736,-548
118000139,91,110,-19
118000140,1258,1990,-732
118000141,886,1289,-403
118000142,595,1524,-929
118000143,775,697,78
118000144,986,809,177
118000145,948,2113,-1165
118000146,690,1124,-434
118000147,409,1394,-985
118000148,352,1325,-973
118000149,382,1185,-803
118000150,130,217,-87
118000151,116,363,-247
118000153,491,974,-483
118000154,682,1569,-887
118000155,424,945,-521
118000156,1481,1508,-27
118000157,209,271,-62
118000158,119,394,-275
118000159,8,55,-47
118000160,196,332,-136
118000161,192,589,-397
118000162,572,781,-209
118000163,242,534,-292
118000164,1836,1211,625
118000168,737,90,647
118000169,603,1278,-675
118000170,2564,5080,-2516
118000171,160,583,-423
118000172,92,189,-97
118000173,528,1009,-481
118000175,139,251,-112
118000176,124,224,-100
118000177,157,378,-221
118000178,62,34,28
118000179,1209,390,819
118000180,454,593,-139
118000181,522,194,328
118000182,167,229,-62
118000183,159,142,17
118000184,238,801,-563
118000185,632,366,266
118000186,381,372,9
118000187,362,679,-317
118000188,214,181,33
118000189,84,669,-585
118000190,3,4,-1
118000191,28,34,-6
118000192,50,65,-15
118000193,61,154,-93
118000194,1672,631,1041
118000195,701,291,410
118000196,358,83,275
118000197,479,84,395
118000198,560,226,334
118000199,927,364,563
118000200,40,153,-113
118000201,432,175,257
118000202,17,30,-13
118000203,1594,199,1395
118000204,128,103,25
118000205,334,121,213
118000206,128,156,-28
118000207,0,74,-74
118000208,625,1287,-662
118000209,926,1953,-1027
118000210,19,30,-11
118000211,13,15,-2
118000213,691,464,227
118000214,440,222,218
118000215,344,80,264
118000216,654,2697,-2043
118000217,15,97,-82
118000218,8,68,-60
118000219,321,287,34
118000220,0,13,-13
118000221,24,137,-113
118000222,47,11,36
118000223,15,26,-11
118000224,135,55,80
118000225,116,965,-849
118000226,535,52,483
118000227,819,185,634
118000228,120,76,44
118000229,147,17,130
118000230,40,238,-198
118000231,16,140,-124
118000232,295,785,-490
118000233,291,672,-381
118000234,88,237,-149
118000236,94,373,-279
118000237,12,333,-321
118000238,65,296,-231
118000239,165,223,-58
118000240,430,40,390
118000241,37,190,-153
118000242,130,524,-394
118000243,30,139,-109
118000244,17,119,-102
118000246,11,3,8
118000255,42,146,-104
118000256,75,160,-85
118000259,2,28,-26
118000260,23,77,-54
118000261,8,46,-38
118000263,24,150,-126
118000266,55,404,-349
118000267,0,68,-68
118000268,195,2,193
118000270,6,19,-13
118000271,119,208,-89
118000272,14,10,4
118000273,54,61,-7
118000274,75,256,-181
118000276,134,221,-87
118000295,5,40,-35
118000298,109,324,-215
118000299,48,191,-143
118000301,0,48,-48
118000302,36,93,-57
118000311,66,85,-19
118000312,84,161,-77
118000313,16,123,-107
118000314,35,88,-53
118000315,5,50,-45
118000316,241,445,-204
118000325,9,77,-68
118000326,5,31,-26
118000331,0,48,-48
118000332,5,34,-29
118000333,14,71,-57
118000335,59,2,57
118000336,0,360,-360
118000407,27,39,-12
118000457,4,28,-24
118000465,4293,1449,2844
118000480,16,101,-85
118000489,23,75,-52
118000490,42,405,-363
118000492,98,155,-57
118000510,32,10,22
118000514,160,273,-113
118000515,380,296,84
118000517,278,124,154
118000524,708,96,612
118000525,441,665,-224
118000530,7,77,-70
118000531,83,185,-102
118000532,78,186,-108
118000533,276,112,164
118000534,257,278,-21
118000535,54,80,-26
118000536,779,259,520
118000537,12,25,-13
118000538,9,111,-102
118000539,12,25,-13
118000540,133,184,-51
118000541,81,78,3
118000542,39,116,-77
118000543,131,133,-2
118000546,24,21,3
118000553,0,2,-2
118000557,0,0,0
118000560,2695,385,2310
118000562,3,430,-427
118000563,1548,1210,338
118000576,101,172,-71
118000577,130,121,9
118000578,115,98,17
118000579,767,719,48
118000583,0,0,0
118000595,86,74,12
118000596,0,58,-58
118000597,60,145,-85
118000598,1,0,1
118000599,61,44,17
118000600,2,6,-4
118000601,0,0,0
118000602,1,8,-7
118000603,0,108,-108
118000605,39,603,-564
118000606,3,35,-32
118900001,1058,476,582
118900002,790,381,409
118900003,39,27,12
118900004,9,49,-40
118900005,30,1,29
118900006,19,0,19
118900007,4,8,-4
118900008,831,18,813
118900009,7,4,3
118900010,12,1,11
118900011,53,7,46
118900012,207,166,41
118900013,552,15,537
118900015,19,8,11
118900016,2,37,-35
118900017,108,100,8
118900018,867,5,862
118900019,59,10,49
118900020,160,84,76
118900021,86,230,-144
118900022,48,82,-34
118900023,24,110,-86
118900024,11,113,-102
118900025,15,8,7
118900026,18,89,-71
118900027,272,146,126
118900028,29,130,-101
118900029,40,311,-271
118900030,68,51,17
118900031,70,125,-55
118900032,41,181,-140
118900033,179,643,-464
118900034,35,7,28
118900035,52,289,-237
118900036,444,533,-89
118900037,131,243,-112
118900038,151,272,-121
118900039,75,236,-161
118900040,58,121,-63
118900041,161,218,-57
118900042,92,88,4
118900045,103,115,-12
118900046,916,104,812
118900047,729,142,587
118900048,126,141,-15
118900049,32,12,20
118900050,3,97,-94
118900051,81,58,23
118900052,93,222,-129
118900053,10,37,-27
118900054,57,82,-25
118900055,5,110,-105
118900056,27,98,-71
118900057,152,181,-29
118900058,178,366,-188
118900059,6,64,-58
118900060,15,161,-146
118900062,30,156,-126
118900064,636,239,397
118900065,5,102,-97
118900066,46,99,-53
118900067,5424,1684,3740
118900068,1,145,-144
118900069,179,208,-29
118900071,1,42,-41
118900072,179,291,-112
118900073,32,75,-43
118900074,40,120,-80
118900075,11,50,-39
118900076,91,59,32
118900077,214,144,70
118900078,10,8,2
118900079,22,134,-112
118900080,4,69,-65
118900081,32,15,17
118900082,246,110,136
118900083,3,8,-5
118900084,10,9,1
118900085,357,877,-520
118900086,4,37,-33
118900087,41,130,-89
118900088,1,14,-13
118900089,9,7,2
118900090,224,392,-168
118900091,114,61,53
118900092,33,55,-22
118900093,87,7,80
118900096,50,47,3
118900097,104,766,-662
118900099,28,253,-225
118900100,79,183,-104
118900101,12,315,-303
118900102,2,26,-24
118900103,11,14,-3
118900104,23,86,-63
118900105,42,53,-11
118900107,48,35,13
118900108,17,41,-24
118900110,889,218,671
118900111,111,559,-448
118900112,22,99,-77
118900113,63,494,-431
118900114,14,68,-54
118900115,47,280,-233
118900116,35,92,-57
118900117,22,114,-92
118900118,78,387,-309
118900119,73,269,-196
118900120,45,341,-296
118900121,4,309,-305
118900122,3,250,-247
118900123,36,199,-163
118900124,5,116,-111
118900126,15,120,-105
118900129,122,73,49
118900130,23,44,-21
118900131,62,273,-211
118900132,194,81,113
118900133,12,31,-19
118900135,59,124,-65
118900136,110,754,-644
118900137,1,13,-12
118900139,99,616,-517
118900140,287,842,-555
118900141,12,250,-238
118900144,81,617,-536
118900145,15,147,-132
118900146,109,725,-616
118900147,118,87,31
118900148,23,55,-32
118900150,551,390,161
118900152,216,813,-597
118900157,87,77,10
118900158,23,112,-89
118900159,3,181,-178
118900161,52,0,52
118900163,221,39,182
118900164,1,64,-63
118900165,5,110,-105
118900166,8,1,7
118900167,10,117,-107
118900168,2,14,-12
118900169,25,242,-217
118900170,22,44,-22
118900171,1,10,-9
118900174,22,32,-10
118900175,87,253,-166
118900176,34,103,-69
118900177,8,51,-43
118900178,3,50,-47
118900179,0,13,-13
118900181,40,59,-19
118900182,25,13,12
118900183,2,21,-19
118900184,72,13,59
118900185,51,160,-109
118900186,54,70,-16
118900187,101,189,-88
118900188,89,225,-136
118900189,15,230,-215
118900190,6,641,-635
118900191,77,32,45
118900192,66,28,38
118900193,119,12,107
118900195,248,756,-508
118900196,3,91,-88
118900197,70,92,-22
118900198,5,59,-54
118900199,9,45,-36
118900200,0,1,-1
118900201,5,5,0
118900202,4,48,-44
118900203,2,37,-35
118900204,5,16,-11
118900205,6,10,-4
118900206,0,10,-10
119000001,624,906,-282
119000002,1345,2212,-867
119000003,734,1425,-691
119000004,882,1135,-253
119000005,1052,1174,-122
119000006,1125,1247,-122
119000007,1595,2052,-457
119000008,1147,1717,-570
119000009,2361,1564,797
119000010,7255,2433,4822
119000011,4135,1004,3131
119000012,3958,1639,2319
119000013,1953,912,1041
119000014,1361,2417,-1056
119000019,107,139,-32
119000020,654,929,-275
119000021,1718,1409,309
119000022,2331,1033,1298
119000023,224,110,114
119000024,1855,3525,-1670
119000025,10434,727,9707
119000026,176,151,25
119000027,298,257,41
119000028,1311,733,578
119000029,76,149,-73
119000030,269,1122,-853
119000031,373,416,-43
119000032,1370,1258,112
119000033,737,914,-177
119000034,702,729,-27
119000035,19,283,-264
119000036,652,1119,-467
119000037,546,1942,-1396
119000038,60,1135,-1075
119000039,252,511,-259
119000040,530,250,280
119000041,633,900,-267
119000048,2671,3573,-902
119000049,705,3443,-2738
119000050,1173,2044,-871
119000051,1295,736,559
119000052,1746,2219,-473
119000053,1058,805,253
119000054,1748,3416,-1668
119000055,1845,2948,-1103
119000056,949,1681,-732
119000057,868,2217,-1349
119000058,1164,1676,-512
119000059,604,1222,-618
119000060,769,575,194
119000061,517,690,-173
119000062,763,939,-176
119000063,143,221,-78
119000064,917,1234,-317
119000065,1351,2386,-1035
119000066,870,672,198
119000067,1178,2105,-927
119000068,645,762,-117
119000069,913,2028,-1115
119000070,1171,974,197
119000071,448,610,-162
119000072,5128,2875,2253
119000073,3130,3606,-476
119000074,343,3387,-3044
119000075,494,2056,-1562
119000076,338,472,-134
119000077,396,301,95
119000078,235,403,-168
119000079,122,798,-676
119000080,91,155,-64
119000081,74,330,-256
119000082,168,188,-20
119000083,207,274,-67
119000084,320,489,-169
119000085,521,361,160
119000086,180,234,-54
119000087,1483,894,589
119000088,158,125,33
119000089,132,131,1
119000090,148,152,-4
119000091,157,196,-39
119000092,656,280,376
119000093,3495,3155,340
119000094,1401,4296,-2895
119000095,633,2483,-1850
119000097,2426,1427,999
119000098,416,1058,-642
119000099,1386,1388,-2
119000100,1518,1551,-33
119000101,1362,1431,-69
119000102,429,508,-79
119000103,907,312,595
119000104,2791,1294,1497
119000105,366,653,-287
119000106,161,1844,-1683
119000107,245,356,-111
119000108,153,1464,-1311
119000109,43,178,-135
119000110,190,255,-65
119000111,11,310,-299
119000112,115,52,63
119000113,1676,166,1510
119000114,381,322,59
119000115,113,235,-122
119000116,110,98,12
119000117,23,226,-203
119000118,1,2,-1
119000123,1853,479,1374
119000124,242,245,-3
119000125,1037,1057,-20
119000126,245,879,-634
119000127,139,895,-756
119000128,24,8,16
119000131,392,1076,-684
119000132,1,2,-1
119000133,1,17,-16
119000134,2550,361,2189
119000135,33,178,-145
119000136,75,292,-217
119000137,46,538,-492
119000138,88,386,-298
119000139,105,241,-136
119000140,26,142,-116
119000284,1166,1820,-654
119000285,1992,1525,467
119000286,4819,2914,1905
119000287,904,1498,-594
119000288,1268,1273,-5
119000289,1950,2978,-1028
119000290,75,406,-331
119000291,36,309,-273
119000293,230,221,9
119000294,29,34,-5
119000295,1830,429,1401
119000296,118,90,28
119000302,3947,1164,2783
119000303,23,157,-134
119000314,1173,3337,-2164
119000315,2,621,-619
119000316,17,86,-69
119000317,6,456,-450
119000319,166,459,-293
119900001,45,416,-371
119900002,26,238,-212
119900003,36,1108,-1072
119900004,259,179,80
119900005,23,155,-132
119900006,57,183,-126
119900007,380,42,338
119900008,13,12,1
119900009,168,441,-273
119900010,384,662,-278
119900011,9,22,-13
119900012,4,25,-21
119900013,903,399,504
119900014,398,136,262
119900015,26,10,16
119900016,17,59,-42
119900017,2,20,-18
119900018,1151,106,1045
119900019,4,2,2
119900020,27,100,-73
119900021,28,28,0
119900022,80,134,-54
119900023,664,336,328
119900025,24,17,7
119900026,652,21,631
119900027,2,5,-3
119900028,72,11,61
119900029,0,2,-2
119900030,185,332,-147
119900031,21,129,-108
119900033,1356,76,1280
119900034,55,101,-46
119900037,24,12,12
119900038,14,67,-53
119900039,13,4,9
119900040,28,6,22
119900041,13,29,-16
119900042,30,152,-122
119900043,26,148,-122
119900044,94,144,-50
119900046,24,38,-14
119900047,61,40,21
119900049,10,4,6
119900050,17,27,-10
119900051,213,4,209
119900052,16,26,-10
119900053,90,253,-163
119900054,28,3,25
119900055,357,162,195
119900057,53,51,2
119900058,59,0,59
119900059,53,22,31
119900060,55,5,50
119900061,41,3,38
119900062,12,8,4
119900063,1,47,-46
119900065,78,4,74
119900067,15,20,-5
119900068,122,4,118
119900069,10,4,6
119900070,146,2,144
119900071,166,9,157
119900073,1528,243,1285
119900074,17,9,8
119900075,5621,1042,4579
119900076,25,37,-12
119900077,159,1223,-1064
119900078,128,576,-448
119900079,24,332,-308
119900080,122,265,-143
119900081,130,15,115
119900082,255,24,231
119900083,230,42,188
119900084,405,100,305
119900085,82,26,56
119900086,65,1068,-1003
119900087,132,81,51
119900088,24,22,2
119900089,0,533,-533
119900090,120,27,93
119900091,14,1090,-1076
119900092,4,270,-266
119900093,373,61,312
119900094,18,191,-173
119900095,97,50,47
119900096,24,37,-13
119900097,367,137,230
119900098,11,36,-25
119900099,29,181,-152
119900100,2414,1113,1301
119900101,135,410,-275
119900102,16,246,-230
119900103,7,371,-364
119900104,6,159,-153
119900105,224,755,-531
119900106,4,202,-198
119900107,190,3299,-3109
119900108,1350,500,850
119900109,17,199,-182
119900110,263,587,-324
119900111,43,569,-526
119900112,2691,245,2446
119900113,28,403,-375
119900114,90,1838,-1748
119900115,55,1239,-1184
119900116,72,180,-108
119900117,113,858,-745
119900118,16,1170,-1154
119900119,60,216,-156
119900120,386,587,-201
119900121,74,1270,-1196
119900122,184,306,-122
119900123,83,216,-133
119900124,70,909,-839
119900125,39,331,-292
119900126,4374,130,4244
119900127,2557,568,1989
119900128,109,707,-598
119900129,70,804,-734
119900130,32,172,-140
119900131,12,263,-251
119900132,0,435,-435
119900133,5,18,-13
119900134,1865,197,1668
119900135,1,415,-414
119900136,96,436,-340
119900138,230,340,-110
119900139,9,55,-46
119900140,0,125,-125
119900141,84,196,-112
119900142,0,4,-4
119900143,10,152,-142
119900144,1852,182,1670
119900145,44,207,-163
119900146,83,73,10
119900147,5,45,-40
119900148,46,25,21
119900149,1238,1054,184
119900150,132,153,-21
119900151,891,396,495
119900152,22,392,-370
119900153,42,46,-4
119900154,9,1123,-1114
119900155,8,11,-3
119900156,3,2,1
119900157,16,261,-245
119900158,23,36,-13
119900159,5,1730,-1725
119900160,12,208,-196
119900161,149,216,-67
119900162,408,302,106
119900163,38,44,-6
119900164,0,0,0
119900165,18,172,-154
119900166,35,6,29
119900167,66,105,-39
119900168,178,257,-79
119900169,73,133,-60
119900170,49,69,-20
119900171,295,423,-128
119900172,23,10,13
119900173,4,601,-597
119900174,1,221,-220
119900175,366,447,-81
119900177,15,246,-231
119900178,3,158,-155
119900179,31,107,-76
119900180,413,426,-13
119900181,17,14,3
119900182,3,465,-462
119900183,76,916,-840
119900184,2695,361,2334
119900185,3,48,-45
119900186,15,173,-158
119900187,4,483,-479
119900188,11,319,-308
119900189,137,101,36
119900190,35,78,-43
119900191,178,89,89
119900192,8,211,-203
119900193,44,113,-69
119900194,8,6,2
119900195,17,209,-192
119900196,1410,382,1028
119900197,32,81,-49
119900198,47,422,-375
119900199,60,6,54
119900200,174,394,-220
119900201,279,112,167
119900202,73,52,21
119900203,72,169,-97
119900204,53,202,-149
119900205,136,537,-401
119900206,25,122,-97
119900208,56,109,-53
119900209,154,295,-141
119900210,1,29,-28
119900211,27,4,23
119900212,90,694,-604
119900213,3,19,-16
119900214,6,57,-51
119900215,8,93,-85
119900216,12,93,-81
119900217,0,51,-51
119900218,3,40,-37
119900219,1,83,-82
119900220,1,113,-112
119900221,15,370,-355
119900222,7,201,-194
119900223,4,56,-52
119900224,18,24,-6
119900225,889,22,867
119900226,783,438,345
119900227,1140,216,924
119900228,3,170,-167
119900229,137,259,-122
119900230,988,454,534
119900231,71,160,-89
119900232,78,19,59
119900233,5,0,5
119900234,6,16,-10
119900235,4,14,-10
119900236,6,134,-128
119900237,13,437,-424
119900238,0,61,-61
119900240,10,81,-71
119900241,91,151,-60
119900242,1287,708,579
119900244,469,712,-243
119900245,31,93,-62
119900246,99,166,-67
119900247,8,20,-12
119900248,21,38,-17
119900249,92,26,66
119900253,3856,241,3615
119900254,10,177,-167
119900255,21,336,-315
119900256,87,1128,-1041
119900257,6,0,6
119900258,12,2,10
119900259,1,197,-196
119900260,19,2,17
119900261,52,150,-98
119900262,3,335,-332
119900263,631,379,252
119900264,19,263,-244
119900265,60,306,-246
119900266,75,247,-172
119900267,55,249,-194
119900268,36,202,-166
119900269,165,1113,-948
119900271,5,50,-45
119900272,46,14,32
119900275,28,3,25
119900276,15,1,14
119900277,9,0,9
119900278,117,44,73
119900279,56,63,-7
119900280,967,198,769
119900281,0,36,-36
119900282,18,13,5
119900283,1,321,-320
119900284,22,75,-53
119900285,10,46,-36
119900286,4,11,-7
119900288,2,50,-48
119900289,0,26,-26
119900290,1,17,-16
119900291,0,6,-6
119900292,7,4,3
119900293,9,27,-18
119900294,8,31,-23
119900295,3,31,-28
119900296,8,178,-170
119900297,0,11,-11
119900298,2,0,2
119900299,7,249,-242
119900300,44,227,-183
119900301,23,16,7
119900302,15,16,-1
119900303,64,132,-68
119900304,25,14,11
119900305,16,70,-54
119900306,12,2,10
119900307,3,106,-103
119900308,1,6,-5
119900309,0,26,-26
119900310,113,250,-137
119900311,16,211,-195
119900312,32,70,-38
119900313,100,350,-250
119900314,48,139,-91
119900315,370,2669,-2299
119900318,0,5,-5
119900319,3,296,-293
119900320,25,692,-667
119900321,19,0,19
120000001,7008,6327,681
120000002,1573,2561,-988
120000003,2890,1507,1383
120000004,2578,1875,703
120000005,4456,1576,2880
120000006,1017,1069,-52
120000007,2916,1796,1120
120000008,895,1039,-144
120000009,5107,715,4392
120000010,1243,3028,-1785
120000011,836,1813,-977
120000012,1398,2387,-989
120000013,1711,2647,-936
120000014,447,1439,-992
120000015,1949,1460,489
120000016,2192,2031,161
120000017,1351,1522,-171
120000018,4370,4698,-328
120000019,633,848,-215
120000020,2249,2015,234
120000021,1473,1320,153
120000022,2208,2276,-68
120000023,745,1347,-602
120000024,986,1698,-712
120000025,1375,2016,-641
120000026,495,1622,-1127
120000027,774,1062,-288
120000028,368,230,138
120000029,1173,267,906
120000030,121,459,-338
120000031,1272,2962,-1690
120000032,9162,2495,6667
120000033,2011,1617,394
120000034,913,2231,-1318
120000035,874,2248,-1374
120000036,1659,2889,-1230
120000037,468,497,-29
120000038,9621,2361,7260
120000039,269,996,-727
120000040,74,147,-73
120000041,260,1604,-1344
120000042,918,4322,-3404
120000043,3197,2081,1116
120000044,2318,949,1369
120000045,2019,838,1181
120000046,1085,1317,-232
120000047,1725,1667,58
120000048,7611,2614,4997
120000049,3014,2479,535
120000050,2528,3939,-1411
120000051,3748,2799,949
120000052,14499,1799,12700
120000053,720,4888,-4168
120000054,1193,7336,-6143
120000055,866,4480,-3614
120000056,2195,4039,-1844
120000057,970,740,230
120000058,240,193,47
120000059,19,724,-705
120000061,48,492,-444
120000062,242,174,68
120000063,1909,2761,-852
120000064,218,1673,-1455
120000065,217,1578,-1361
120000066,60,321,-261
120000067,11,516,-505
120000068,90,1137,-1047
120000069,276,1524,-1248
120000070,12,1050,-1038
120000071,78,153,-75
120000072,157,388,-231
120000073,129,67,62
120000074,28,42,-14
120000075,107,176,-69
120000076,556,253,303
120000077,685,294,391
120000078,2854,377,2477
120000079,87,753,-666
120000080,173,257,-84
120000081,121,168,-47
120000082,141,174,-33
120000083,89,236,-147
120000084,441,543,-102
120000085,203,487,-284
120000086,249,895,-646
120000087,108,1410,-1302
120000088,418,1437,-1019
120000089,651,487,164
120000090,281,483,-202
120000091,374,716,-342
120000092,625,547,78
120000093,122,406,-284
120000094,66,344,-278
120000095,506,717,-211
120000096,128,1298,-1170
120000098,370,1025,-655
120000099,143,642,-499
120000100,379,818,-439
120000101,286,437,-151
120000102,228,255,-27
120000103,516,345,171
120000104,791,168,623
120000105,1110,241,869
120000106,744,224,520
120000107,1160,268,892
120000108,317,83,234
120000109,429,39,390
120000110,184,978,-794
120000111,90,1414,-1324
120000112,517,4532,-4015
120000113,422,3279,-2857
120000114,591,2818,-2227
120000115,327,2534,-2207
120000116,456,2082,-1626
120000117,1253,1506,-253
120000118,23,28,-5
120000119,35,43,-8
120000120,61,42,19
120000121,42,47,-5
120000122,275,202,73
120000123,6070,2777,3293
120000124,216,396,-180
120000125,152,609,-457
120000126,169,618,-449
120000127,1858,451,1407
120000128,4518,1512,3006
120000129,241,238,3
120000130,544,717,-173
120000131,186,371,-185
120000134,191,1417,-1226
120000135,96,217,-121
120000137,43,2504,-2461
120000138,136,375,-239
120000139,77,1109,-1032
120000140,169,523,-354
120000141,52,550,-498
120000142,102,530,-428
120000143,0,116,-116
120000144,12,3,9
120000145,81,3,78
120000146,1978,661,1317
120000149,452,717,-265
120000150,4798,4826,-28
120000151,265,539,-274
120000152,164,239,-75
120000153,93,696,-603
120000154,372,273,99
120000155,63,182,-119
120000156,2492,314,2178
120000157,654,600,54
120000158,420,711,-291
120000159,1482,1780,-298
120000160,1380,980,400
120000161,715,2475,-1760
120000162,73,242,-169
120000163,185,1535,-1350
120000164,123,530,-407
120000165,139,929,-790
120000166,279,508,-229
120000167,12,11,1
120000168,6,74,-68
120000169,119,171,-52
120000170,132,125,7
120000171,17,21,-4
120000172,20,24,-4
120000173,1627,121,1506
120000174,390,4,386
120000175,471,9,462
120000176,168,44,124
120000177,599,365,234
120000178,48,7,41
120000179,237,9,228
120000180,234,13,221
120000181,58,47,11
120000182,58,37,21
120000183,2,89,-87
120000184,37,793,-756
120000186,29,50,-21
120000187,133,41,92
120000188,176,41,135
120000190,868,7,861
120000191,1698,6,1692
120000192,1793,13,1780
120000193,579,1,578
120000195,69,2,67
120000196,166,23,143
120000197,48,145,-97
120000198,55,171,-116
120000199,8,1,7
120000200,33,0,33
120000201,5,9,-4
120000202,3,71,-68
120000203,8,371,-363
120000207,1,92,-91
120000208,15,359,-344
120000209,2,114,-112
120000210,156,53,103
120000211,15,0,15
120000212,31,1,30
120000213,29,321,-292
120000214,2,407,-405
120000215,2,134,-132
120000216,10,1,9
120000217,813,1624,-811
120000218,213,1285,-1072
120000219,4,818,-814
120000220,16,2974,-2958
120000225,376,1,375
120000226,91,1,90
120000227,465,24,441
120000228,7194,1046,6148
120000230,64,8,56
120000231,313,2376,-2063
120000233,154,83,71
120000235,55,779,-724
120000236,348,0,348
120000237,2,2050,-2048
120000238,1,93,-92
120000241,766,2196,-1430
120000412,715,5,710
120000413,46,539,-493
120000414,13,2,11
120000415,1,258,-257
120000416,15,4,11
120000417,0,94,-94
120000418,26,4,22
120000419,7,394,-387
120000420,51,15,36
120000421,14452,4618,9834
120000422,218,291,-73
120000423,0,41,-41
120000424,19,205,-186
120000436,86,305,-219
120000437,204,162,42
120000438,5299,341,4958
120000439,93,205,-112
120000443,73,0,73
120000444,452,484,-32
120000445,925,1200,-275
120000446,893,264,629
120000447,53,7,46
120000449,63,7,56
120000450,8,380,-372
120000451,39,249,-210
120000452,27,2,25
120000453,1,284,-283
120000454,58,32,26
120000455,26,56,-30
120000456,2706,1440,1266
120000457,1068,1006,62
120000458,444,640,-196
120000459,27,100,-73
120000665,616,96,520
120000668,52,92,-40
120000669,34,477,-443
120000670,163,303,-140
120000671,389,187,202
120000672,89,439,-350
120900001,21,15,6
120900002,177,110,67
120900003,73,14,59
120900004,3,27,-24
120900005,5,2558,-2553
120900006,114,141,-27
120900007,40,163,-123
120900008,93,1162,-1069
120900009,194,53,141
120900010,137,23,114
120900011,308,67,241
120900012,891,294,597
120900013,179,13,166
120900014,7,699,-692
120900015,203,63,140
120900016,153,40,113
120900017,2905,66,2839
120900018,19,356,-337
120900019,230,58,172
120900020,511,343,168
120900021,243,26,217
120900022,17,263,-246
120900023,41,31,10
120900024,890,343,547
120900025,1841,506,1335
120900026,79,98,-19
120900027,224,73,151
120900028,96,10,86
120900029,61,111,-50
120900030,433,320,113
120900031,55,22,33
120900032,240,115,125
120900033,244,15,229
120900034,42,975,-933
120900035,28,254,-226
120900037,46,9,37
120900038,24,83,-59
120900039,31,15,16
120900040,49,1,48
120900041,92,19,73
120900042,74,45,29
120900043,7,2,5
120900044,1,304,-303
120900045,75,101,-26
120900046,94,4,90
120900047,55,22,33
120900048,51,2,49
120900049,113,0,113
120900050,3851,781,3070
120900051,79,101,-22
120900052,127,1,126
120900053,50,25,25
120900054,1268,704,564
120900055,73,4,69
120900056,151,6,145
120900057,44,6,38
120900058,100,0,100
120900059,26,3,23
120900060,10,10,0
120900061,180,294,-114
120900062,30,0,30
120900063,139,0,139
120900064,76,0,76
120900065,100,3,97
120900066,32,231,-199
120900067,124,29,95
120900068,56,2,54
120900069,47,75,-28
120900071,1,0,1
120900072,132,0,132
120900073,118,93,25
120900074,87,4,83
120900076,62,1,61
120900077,3007,108,2899
120900078,126,1113,-987
120900079,105,85,20
120900080,225,2763,-2538
120900081,273,173,100
120900082,451,163,288
120900083,13,2,11
120900084,68,105,-37
120900085,169,86,83
120900086,130,89,41
120900087,109,50,59
120900088,100,87,13
120900089,5607,696,4911
120900090,26,213,-187
120900091,279,158,121
120900092,751,753,-2
120900093,5117,316,4801
120900094,518,216,302
120900095,104,30,74
120900096,12,75,-63
120900097,413,1264,-851
120900098,286,153,133
120900099,29,58,-29
120900100,46,526,-480
120900101,498,367,131
120900102,11,87,-76
120900103,54,139,-85
120900104,42,46,-4
120900105,26,1120,-1094
120900106,1226,639,587
120900107,419,123,296
120900108,5,1442,-1437
120900109,34,968,-934
120900110,17,265,-248
120900111,88,453,-365
120900112,13,1939,-1926
120900113,15,1101,-1086
120900114,33,265,-232
120900115,136,100,36
120900116,45,632,-587
120900117,1,657,-656
120900118,12,1222,-1210
120900119,3161,2182,979
120900120,34,750,-716
120900121,57,588,-531
120900122,52,745,-693
120900123,3,609,-606
120900124,2,998,-996
120900125,3,1364,-1361
120900126,1212,976,236
120900127,1,698,-697
120900128,824,912,-88
120900129,22,415,-393
120900130,1,165,-164
120900131,13,38,-25
120900132,279,404,-125
120900133,146,1190,-1044
120900134,354,537,-183
120900135,3,729,-726
120900136,7,8,-1
120900137,26,90,-64
120900138,12,224,-212
120900139,0,907,-907
120900140,1,43,-42
120900141,68,74,-6
120900142,41,1077,-1036
120900143,4,1045,-1041
120900144,1,243,-242
120900145,38,1013,-975
120900146,4,1121,-1117
120900147,8,287,-279
120900148,69,101,-32
120900149,2,424,-422
120900150,3,723,-720
120900151,15,725,-710
120900152,48,43,5
120900153,1,65,-64
120900154,1,375,-374
120900155,53,1182,-1129
120900156,38,460,-422
120900157,16,291,-275
120900158,15,545,-530
120900159,26,623,-597
120900160,9,326,-317
120900161,7,706,-699
120900162,12,773,-761
120900163,9,69,-60
120900164,0,2,-2
120900165,0,3,-3
120900166,19,65,-46
120900167,163,52,111
120900169,20,366,-346
120900170,2784,857,1927
120900171,1124,296,828
120900172,914,79,835
120900173,0,54,-54
120900174,4,77,-73
120900175,192,158,34
120900176,2,164,-162
120900177,0,362,-362
120900178,33,160,-127
120900179,889,393,496
120900180,73,42,31
120900181,10,69,-59
120900182,6,175,-169
120900183,367,39,328
120900184,108,47,61
120900185,3,302,-299
120900186,1,796,-795
120900187,142,460,-318
120900188,35,6,29
120900189,118,286,-168
120900190,4,11,-7
120900191,1,14,-13
120900192,14714,1523,13191
120900194,11,43,-32
120900195,83,320,-237
120900196,117,61,56
120900197,195,25,170
120900198,145,753,-608
120900199,125,65,60
120900200,111,52,59
120900201,545,100,445
120900202,3,235,-232
120900203,10,30,-20
120900204,313,368,-55
120900205,20,117,-97
120900206,6,6,0
120900207,42,1138,-1096
121000001,573,629,-56
121000002,1548,850,698
121000003,3017,1387,1630
121000004,1673,2499,-826
121000005,1707,1853,-146
121000006,1806,1093,713
121000007,2305,2086,219
121000008,4080,1975,2105
121000009,5399,3415,1984
121000010,6710,2593,4117
121000011,7396,5168,2228
121000012,10779,2665,8114
121000013,4304,4135,169
121000014,6525,4610,1915
121000015,3113,3773,-660
121000016,3647,2635,1012
121000017,919,1737,-818
121000018,924,912,12
121000019,14297,5055,9242
121000020,8251,4728,3523
121000021,3437,3258,179
121000022,787,1060,-273
121000023,2598,2682,-84
121000024,1440,2176,-736
121000025,197,422,-225
121000026,273,64,209
121000027,876,506,370
121000028,360,240,120
121000029,454,452,2
121000030,163,205,-42
121000031,360,394,-34
121000032,110,31,79
121000034,194,97,97
121000035,121,64,57
121000036,771,484,287
121000037,370,360,10
121000038,415,256,159
121000039,173,132,41
121000041,209,270,-61
121000042,148,238,-90
121000043,308,199,109
121000044,1092,344,748
121000045,407,406,1
121000046,245,617,-372
121000047,116,234,-118
121000049,1261,374,887
121000050,164,629,-465
121000051,574,276,298
121000052,248,560,-312
121000053,240,45,195
121000054,20,142,-122
121000055,1070,678,392
121000056,447,712,-265
121000057,9,95,-86
121000058,578,125,453
121000059,1320,539,781
121000060,249,525,-276
121000061,86,123,-37
121000062,65,110,-45
121000063,359,255,104
121000064,407,499,-92
121000065,305,121,184
121000066,488,453,35
121000067,588,230,358
121000068,266,161,105
121000069,194,147,47
121000070,1116,943,173
121000071,618,643,-25
121000072,978,553,425
121000073,579,524,55
121000074,46,88,-42
121000075,16,14,2
121000076,611,196,415
121000077,63,59,4
121000078,34,63,-29
121000080,2081,460,1621
121000081,1793,1401,392
121000082,0,0,0
121000083,336,198,138
121000084,342,182,160
121000085,340,488,-148
121000086,105,599,-494
121000087,45,187,-142
121000088,282,395,-113
121000089,231,150,81
121000090,198,202,-4
121000091,1224,467,757
121000092,76,56,20
121000093,93,143,-50
121000094,333,288,45
121000095,261,331,-70
121000096,1705,1330,375
121000097,1084,926,158
121000098,106,877,-771
121000099,192,671,-479
121000100,208,342,-134
121000101,84,235,-151
121000102,41,352,-311
121000103,59,298,-239
121000104,90,130,-40
121000105,143,178,-35
121000106,85,249,-164
121000107,2043,3712,-1669
121000109,1039,922,117
121000110,257,256,1
121000114,2111,1735,376
121000115,574,543,31
121000116,513,480,33
121000117,792,246,546
121000118,783,181,602
121000119,136,189,-53
121000120,111,266,-155
121000121,264,622,-358
121000123,1287,587,700
121000127,84,101,-17
121000128,392,509,-117
121000129,299,354,-55
121000130,195,867,-672
121000131,1851,884,967
121000132,1555,778,777
121000135,230,120,110
121000136,599,315,284
121000137,345,106,239
121000138,455,495,-40
121000139,258,56,202
121000141,101,90,11
121000142,1319,507,812
121000143,93,7,86
121000144,769,567,202
121000145,359,985,-626
121000146,809,692,117
121000147,389,407,-18
121000148,550,759,-209
121000149,1417,924,493
121000152,314,414,-100
121000153,1314,356,958
121000154,690,391,299
121000155,790,800,-10
121000156,261,604,-343
121000157,947,1171,-224
121000158,256,294,-38
121000159,100,495,-395
121000160,521,871,-350
121000161,53,254,-201
121000162,21,201,-180
121000165,1048,804,244
121000166,23,376,-353
121000168,150,181,-31
121000169,17,119,-102
121000170,121,47,74
121000171,37,97,-60
121000172,310,319,-9
121000173,848,409,439
121000174,122,227,-105
121000175,298,448,-150
121000176,201,189,12
121000177,380,446,-66
121000178,76,36,40
121000179,59,53,6
121000181,268,235,33
121000182,51,87,-36
121000183,18,49,-31
121000184,37,31,6
121000185,10,95,-85
121000186,94,182,-88
121000187,76,198,-122
121000188,21,209,-188
121000192,378,250,128
121000193,396,278,118
121000194,1384,1268,116
121000195,300,701,-401
121000196,726,144,582
121000197,175,565,-390
121000198,147,47,100
121000199,75,379,-304
121000200,177,73,104
121000201,3,181,-178
121000202,421,61,360
121000203,454,1984,-1530
121000204,941,364,577
121000205,75,186,-111
121000206,55,18,37
121000207,930,415,515
121000208,7,292,-285
121000209,63,227,-164
121000210,112,536,-424
121000211,51,100,-49
121000212,117,752,-635
121000213,7187,1809,5378
121000214,636,1185,-549
121000215,963,522,441
121000216,378,302,76
121000217,3007,1443,1564
121000218,470,1245,-775
121000219,1163,472,691
121000220,281,65,216
121000221,113,181,-68
121000222,1527,1506,21
121000223,704,234,470
121000224,223,101,122
121000225,1571,773,798
121000226,2631,476,2155
121000227,22,217,-195
121000228,20,719,-699
121000229,63,472,-409
121000230,85,1545,-1460
121000231,329,42,287
121000232,369,122,247
121000233,298,225,73
121000234,8,20,-12
121000235,28,62,-34
121000236,0,23,-23
121000237,31,36,-5
121000238,1,60,-59
121000239,2,8,-6
121000240,0,171,-171
121000241,59,13,46
121000242,20,99,-79
121000243,390,55,335
121000244,1,58,-57
121000245,6,12,-6
121000246,3,56,-53
121000247,14,5,9
121000248,511,291,220
121000249,324,226,98
121000250,193,59,134
121000251,19,451,-432
121000252,36,18,18
121000253,114,388,-274
121000254,225,87,138
121000255,116,248,-132
121000256,133,132,1
121000257,84,53,31
121000258,43,44,-1
121000259,9,18,-9
121000260,31,51,-20
121000261,20,34,-14
121000262,629,435,194
121000263,333,395,-62
121000271,128,1371,-1243
121000273,78,12,66
121000274,4,17,-13
121000275,2,30,-28
121000276,2,4,-2
121000278,73,42,31
121000279,38,12,26
121000280,40,28,12
121000289,176,21,155
121000290,1033,636,397
121000294,40,131,-91
121000297,876,726,150
121000299,56,183,-127
121000300,516,387,129
121000302,49,410,-361
121000303,236,270,-34
121000304,281,31,250
121000305,102,49,53
121000306,35,77,-42
121000308,107,219,-112
121000309,329,483,-154
121000310,76,388,-312
121000311,56,392,-336
121000312,167,115,52
121000313,302,286,16
121000314,110,99,11
121000315,262,282,-20
121000530,573,1178,-605
121000531,683,1124,-441
121000532,4080,2516,1564
121000533,1848,1638,210
121000919,8,31,-23
121000938,170,121,49
121000939,314,126,188
121000956,342,1240,-898
121000957,1,8,-7
121000958,39,24,15
121000959,218,826,-608
121000960,1369,1863,-494
121000961,75,24,51
121000962,193,649,-456
121000973,1,241,-240
121000976,3,140,-137
121000979,130,34,96
121000981,220,66,154
121000982,105,171,-66
121000983,252,439,-187
121000984,1,38,-37
121000985,208,694,-486
121000986,81,324,-243
121000987,122,1493,-1371
121000988,338,143,195
121001302,195,113,82
121001308,2,5,-3
121001309,73,27,46
121001311,1,0,1
121001313,76,507,-431
121001314,2876,2950,-74
121001315,3086,1108,1978
121001326,276,262,14
121001327,66,47,19
121001328,192,28,164
121900001,59,116,-57
121900002,29,11,18
121900003,316,7,309
121900004,49,219,-170
121900005,9,7,2
121900006,40,10,30
121900007,1523,1334,189
121900008,134,26,108
121900009,360,14,346
121900010,204,3,201
121900011,53,203,-150
121900012,4,0,4
121900013,1296,9,1287
121900014,741,333,408
121900015,80,104,-24
121900016,1,55,-54
121900017,182,404,-222
121900018,218,3,215
121900019,124,169,-45
121900020,6,1,5
121900021,734,7,727
121900022,97,75,22
121900023,39,292,-253
121900024,253,20,233
121900025,234,204,30
121900026,141,20,121
121900027,64,66,-2
121900028,136,8,128
121900029,37,108,-71
121900030,365,495,-130
121900031,840,3131,-2291
121900032,24,31,-7
121900033,131,78,53
121900034,177,68,109
121900035,1876,926,950
121900036,21,328,-307
121900037,87,370,-283
121900038,13,70,-57
121900039,328,22,306
121900040,18,69,-51
121900041,64,131,-67
121900042,185,78,107
121900043,0,6,-6
121900044,110,19,91
121900046,96,112,-16
121900047,64,40,24
121900048,3,70,-67
121900050,14,21,-7
121900051,110,149,-39
121900052,28,31,-3
121900053,143,143,0
121900054,396,522,-126
121900055,0,15,-15
121900058,50,180,-130
121900059,153,70,83
121900060,76,234,-158
121900062,22,23,-1
121900063,451,228,223
121900064,65,586,-521
121900066,29,15,14
121900067,9,13,-4
121900069,76,50,26
121900070,114,65,49
121900071,65,179,-114
121900072,7,113,-106
121900073,164,127,37
121900074,382,310,72
121900075,443,196,247
121900076,125,440,-315
121900078,15,34,-19
121900079,0,0,0
121900080,258,313,-55
121900082,8,72,-64
121900084,3,66,-63
121900086,3,37,-34
121900087,134,67,67
121900088,1277,768,509
121900089,35,267,-232
121900090,2,63,-61
121900091,3,55,-52
121900092,83,84,-1
121900093,46,42,4
121900094,11,5,6
121900095,125,62,63
121900096,918,204,714
121900097,123,80,43
121900098,3,0,3
121900099,82,68,14
121900100,101,94,7
121900101,59,67,-8
121900102,9,65,-56
121900103,266,116,150
121900104,629,196,433
121900105,72,68,4
121900106,0,1,-1
121900107,8,13,-5
121900108,0,10,-10
121900109,226,127,99
121900110,61,929,-868
121900111,576,95,481
121900112,55,78,-23
121900113,39,121,-82
121900114,12,22,-10
121900117,36,16,20
121900118,1492,166,1326
121900119,57,99,-42
121900120,9,831,-822
121900121,279,32,247
121900122,10,25,-15
121900123,115,279,-164
121900124,66,160,-94
121900125,548,660,-112
121900127,13,49,-36
121900128,33,87,-54
121900129,861,36,825
121900130,74,198,-124
121900131,137,64,73
121900132,21,70,-49
121900133,70,86,-16
121900134,11,63,-52
121900135,1645,96,1549
121900136,59,358,-299
121900137,16,159,-143
121900138,31,115,-84
121900139,242,376,-134
121900140,23,58,-35
121900141,16,5,11
121900142,50,70,-20
121900143,1,73,-72
121900144,131,210,-79
121900145,67,73,-6
121900146,362,395,-33
121900147,27,115,-88
121900148,90,175,-85
121900149,186,406,-220
121900150,68,71,-3
121900151,37,149,-112
121900152,30,105,-75
121900153,27,198,-171
121900154,2,80,-78
121900155,0,45,-45
121900156,90,70,20
121900157,2,279,-277
121900158,36,55,-19
121900159,0,144,-144
121900160,6,151,-145
121900161,402,193,209
121900162,100,60,40
121900163,85,606,-521
121900164,266,131,135
121900165,77,149,-72
121900166,82,152,-70
121900167,57,45,12
121900168,166,113,53
121900169,0,305,-305
121900170,0,93,-93
121900171,260,342,-82
121900172,166,221,-55
121900173,520,112,408
121900174,4,15,-11
121900175,62,85,-23
121900176,384,1299,-915
121900177,79,43,36
121900178,15,42,-27
121900179,122,74,48
121900180,3939,1281,2658
121900182,337,206,131
121900183,214,274,-60
121900184,52,378,-326
121900186,7,195,-188
121900187,15,84,-69
121900188,374,161,213
121900189,11,51,-40
121900190,129,379,-250
121900191,22,135,-113
121900192,312,384,-72
121900193,17,133,-116
121900194,0,103,-103
121900195,44,33,11
121900196,559,357,202
121900197,271,1626,-1355
121900198,774,626,148
121900199,1,14,-13
121900200,32,153,-121
121900201,662,382,280
121900202,54,173,-119
121900203,190,402,-212
121900204,900,486,414
121900205,16,63,-47
121900206,4,7,-3
121900207,99,8,91
121900208,90,207,-117
121900209,14,17,-3
121900210,773,572,201
121900211,216,422,-206
121900212,77,69,8
121900213,44,79,-35
121900214,6,142,-136
121900215,23,47,-24
121900216,30,36,-6
121900217,100,43,57
121900218,216,244,-28
121900220,81,11,70
121900221,168,355,-187
121900222,57,132,-75
121900223,57,45,12
121900224,42,33,9
121900225,80,43,37
121900226,129,81,48
121900227,52,310,-258
121900228,75,184,-109
121900230,45,35,10
121900231,157,182,-25
121900232,71,238,-167
121900233,188,146,42
121900234,85,245,-160
121900235,141,193,-52
121900236,128,81,47
121900237,104,143,-39
121900238,70,110,-40
121900239,37,21,16
121900240,93,64,29
121900241,2,29,-27
121900242,1,0,1
121900243,1,0,1
121900244,1,0,1
121900245,77,85,-8
121900246,803,219,584
121900248,867,483,384
121900250,219,194,25
121900251,189,14,175
121900252,488,69,419
121900253,133,638,-505
121900254,459,179,280
121900255,144,47,97
121900258,1838,1145,693
121900259,244,250,-6
121900260,6,114,-108
121900261,78,249,-171
121900262,266,479,-213
121900263,44,154,-110
121900264,1354,598,756
121900265,41,157,-116
121900266,89,126,-37
121900267,15,15,0
121900269,35,136,-101
121900270,6,86,-80
121900271,21,81,-60
121900273,444,1021,-577
121900274,100,117,-17
121900277,163,1128,-965
121900278,46,595,-549
121900279,152,238,-86
121900280,87,175,-88
121900281,152,44,108
121900284,27,14,13
121900286,18,50,-32
121900287,1,8,-7
121900288,1,0,1
121900290,148,220,-72
121900291,355,414,-59
121900292,187,89,98
121900293,735,2331,-1596
121900294,141,2,139
121900295,21,108,-87
121900296,22,11,11
121900298,273,244,29
121900299,0,0,0
121900300,11,0,11
121900301,25,1,24
121900302,0,49,-49
121900303,213,352,-139
121900304,0,2,-2
121900305,1,4,-3
121900306,48,3,45
121900307,8,2,6
121900308,19,284,-265
121900309,4,178,-174
121900310,7,353,-346
121900311,149,9,140
121900312,60,3,57
121900313,135,18,117
121900314,1,18,-17
121900315,2,0,2
121900316,0,13,-13
121900317,0,0,0
121900318,0,9,-9
121900319,3,33,-30
121900320,41,48,-7
121900321,1,1,0
121900322,1,12,-11
121900323,6,8,-2
121900324,4,68,-64
121900325,2,1,1
121900326,0,11,-11
121900327,0,38,-38
121900328,1,17,-16
121900329,3,190,-187
121900330,1,54,-53
121900331,76,5,71
121900332,38,10,28
121900333,5,2,3
121900334,76,39,37
122000001,1673,1879,-206
122000002,4302,785,3517
122000003,1557,871,686
122000004,2396,592,1804
122000005,2394,623,1771
122000006,2059,338,1721
122000007,1106,703,403
122000008,4551,2129,2422
122000009,395,120,275
122000010,1508,1271,237
122000011,2796,750,2046
122000012,1099,594,505
122000013,1767,1039,728
122000014,1102,1871,-769
122000015,778,549,229
122000016,252,461,-209
122000017,640,639,1
122000018,791,749,42
122000019,461,981,-520
122000020,140,109,31
122000021,331,219,112
122000022,775,809,-34
122000023,364,1819,-1455
122000024,980,541,439
122000025,1681,742,939
122000026,1920,584,1336
122000027,449,3961,-3512
122000028,442,186,256
122000029,207,112,95
122000030,285,74,211
122000031,87,150,-63
122000032,1101,2223,-1122
122000033,772,426,346
122000034,358,344,14
122000035,239,490,-251
122000036,356,542,-186
122000037,177,173,4
122000038,146,255,-109
122000039,546,349,197
122000040,233,237,-4
122000041,258,311,-53
122000042,195,304,-109
122000043,98,54,44
122000044,54,76,-22
122000045,1074,462,612
122000046,520,668,-148
122000047,201,92,109
122000048,1838,2726,-888
122000049,3463,1387,2076
122000050,1246,412,834
122000051,314,586,-272
122000052,400,242,158
122000053,110,302,-192
122000054,1753,1321,432
122000055,2043,1398,645
122000056,6199,2195,4004
122000057,3686,1590,2096
122000058,4256,1192,3064
122000059,3082,1090,1992
122000060,847,314,533
122000061,557,216,341
122000062,1163,355,808
122000063,1041,289,752
122000064,2478,2760,-282
122000065,4069,1960,2109
122000066,526,374,152
122000067,1654,1265,389
122000068,696,1015,-319
122000069,623,435,188
122000070,329,2379,-2050
122000071,552,1129,-577
122000072,240,158,82
122000073,455,295,160
122000074,1267,787,480
122000075,245,858,-613
122000076,1260,661,599
122000077,1253,481,772
122000078,3010,1415,1595
122000079,1949,550,1399
122000080,917,264,653
122000081,133,252,-119
122000082,1060,457,603
122000083,836,3019,-2183
122000084,558,499,59
122000085,98,977,-879
122000086,1576,3361,-1785
122000087,230,72,158
122000088,135,133,2
122000089,4431,1982,2449
122000090,208,231,-23
122000091,212,46,166
122000092,103,7,96
122000093,886,509,377
122000094,5539,899,4640
122000095,2335,1238,1097
122000096,2339,817,1522
122000098,1806,740,1066
122000099,2143,467,1676
122000100,1311,441,870
122000101,169,457,-288
122000102,1055,736,319
122000103,1302,919,383
122000104,121,131,-10
122000105,197,201,-4
122000106,437,361,76
122000107,565,291,274
122000108,215,626,-411
122000109,169,219,-50
122000110,155,378,-223
122000111,1768,727,1041
122000112,429,759,-330
122000113,351,411,-60
122000114,2051,827,1224
122000115,1560,1031,529
122000116,170,285,-115
122000117,574,218,356
122000118,169,220,-51
122000119,2329,715,1614
122000120,2122,1382,740
122000121,1927,1274,653
122000122,845,773,72
122000123,1142,676,466
122000124,828,375,453
122000125,183,287,-104
122000126,345,436,-91
122000127,652,435,217
122000128,404,585,-181
122000129,176,441,-265
122000130,1159,258,901
122000131,1015,348,667
122000132,648,212,436
122000133,681,1310,-629
122000134,260,393,-133
122000135,530,660,-130
122000136,190,151,39
122000137,541,420,121
122000139,871,1423,-552
122000140,770,311,459
122000141,3186,476,2710
122000142,360,396,-36
122000143,337,143,194
122000144,1350,524,826
122000145,1177,480,697
122000146,546,521,25
122000147,810,229,581
122000148,1257,544,713
122000149,1423,444,979
122000150,965,431,534
122000151,68,41,27
122000152,512,404,108
122000153,172,173,-1
122000154,224,138,86
122000155,1341,1106,235
122000156,1091,573,518
122000157,2305,1379,926
122000158,307,321,-14
122000159,815,1060,-245
122000160,2530,508,2022
122000161,1018,409,609
122000162,1776,808,968
122000163,211,29,182
122000164,21,40,-19
122000165,583,590,-7
122000166,707,833,-126
122000167,138,134,4
122000168,160,328,-168
122000169,362,116,246
122000170,110,200,-90
122000171,16,49,-33
122000172,1027,1189,-162
122000173,1154,1567,-413
122000174,1102,742,360
122000175,1071,233,838
122000176,270,360,-90
122000177,1166,747,419
122000178,2000,1665,335
122000179,1499,1977,-478
122000180,1213,557,656
122000181,2131,1580,551
122000182,1433,442,991
122000183,1265,654,611
122000184,2178,1012,1166
122000185,1062,747,315
122000186,483,590,-107
122000187,1484,709,775
122000188,280,121,159
122000189,146,224,-78
122000190,862,691,171
122000191,451,240,211
122000192,687,204,483
122000193,240,452,-212
122000194,538,110,428
122000195,148,255,-107
122000196,701,379,322
122000197,451,446,5
122000198,598,722,-124
122000199,323,227,96
122000200,1226,386,840
122000201,876,908,-32
122000202,1024,1211,-187
122000203,1690,835,855
122000204,1310,1481,-171
122000205,1270,686,584
122000206,1702,573,1129
122000207,712,864,-152
122000208,1244,1059,185
122000209,2007,232,1775
122000210,1248,1417,-169
122000211,924,889,35
122000212,317,256,61
122000213,528,641,-113
122000214,962,881,81
122000215,1512,1106,406
122000217,1598,996,602
122000218,483,109,374
122000219,1628,686,942
122000220,519,513,6
122000221,120,309,-189
122000222,433,55,378
122000223,776,370,406
122000225,521,199,322
122000226,803,1479,-676
122000227,381,1340,-959
122000228,253,329,-76
122000229,43,290,-247
122000230,51,525,-474
122000231,128,558,-430
122000232,343,826,-483
122000233,1,93,-92
122000234,73,198,-125
122000235,260,184,76
122000236,245,120,125
122000237,59,48,11
122000238,79,165,-86
122000239,262,76,186
122000240,574,179,395
122000241,383,337,46
122000242,194,74,120
122000243,74,65,9
122000244,26,429,-403
122000245,34,228,-194
122000246,109,106,3
122000247,324,717,-393
122000248,1281,1418,-137
122000249,197,320,-123
122000250,886,433,453
122000251,155,207,-52
122000252,409,49,360
122000253,10,165,-155
122000254,57,32,25
122000255,437,1264,-827
122000256,265,1001,-736
122000257,102,383,-281
122000258,37,136,-99
122000259,7,652,-645
122000260,140,887,-747
122000261,4,188,-184
122000262,1,61,-60
122000263,31,87,-56
122000264,383,292,91
122000265,1488,528,960
122000266,3895,331,3564
122000267,68,117,-49
122000268,65,290,-225
122000269,556,187,369
122000270,717,84,633
122000271,276,888,-612
122000272,143,729,-586
122000273,302,401,-99
122000274,60,281,-221
122000275,67,232,-165
122000276,160,381,-221
122000277,342,820,-478
122000278,457,1102,-645
122000279,34,256,-222
122000280,365,540,-175
122000281,250,403,-153
122000282,70,81,-11
122000283,240,25,215
122000284,52,75,-23
122000285,358,72,286
122000286,66,81,-15
122000287,472,838,-366
122000288,152,150,2
122000291,449,316,133
122000293,337,200,137
122000294,52,122,-70
122000295,850,117,733
122000296,24,360,-336
122000297,2335,1164,1171
122000299,594,780,-186
122000300,515,399,116
122000301,10937,1670,9267
122000302,635,561,74
122000303,2644,799,1845
122000304,21,130,-109
122000305,382,606,-224
122000306,5,568,-563
122000307,80,39,41
122000309,31,59,-28
122000310,32,17,15
122000311,58,51,7
122000312,76,12,64
122000313,40,28,12
122000314,64,167,-103
122000315,119,7,112
122000316,173,145,28
122000317,504,137,367
122000318,197,149,48
122000319,266,481,-215
122000320,322,2144,-1822
122000321,53,282,-229
122000322,2352,2099,253
122000323,1331,1034,297
122000324,1259,915,344
122000325,764,672,92
122000326,9,135,-126
122000327,120,352,-232
122000328,734,593,141
122000330,1405,476,929
122000333,4,178,-174
122000337,389,1471,-1082
122000338,227,384,-157
122000340,301,142,159
122000342,2270,736,1534
122000343,240,1300,-1060
122000344,15,19,-4
122000345,69,154,-85
122000346,215,461,-246
122000348,258,740,-482
122000349,45,485,-440
122000351,88,185,-97
122000352,128,56,72
122000353,41,110,-69
122000355,88,89,-1
122000356,1927,674,1253
122000357,12,10,2
122000358,0,58,-58
122000359,0,27,-27
122000360,0,19,-19
122000362,7,77,-70
122000364,67,379,-312
122000365,0,20,-20
122000366,9,5,4
122000368,328,597,-269
122000370,6,55,-49
122000371,1,0,1
122000372,4,0,4
122000381,16,265,-249
122000382,59,235,-176
122000384,3986,1808,2178
122000385,8,0,8
122000386,386,513,-127
122000387,459,535,-76
122000388,1099,222,877
122000389,187,669,-482
122000390,388,197,191
122000391,160,40,120
122000392,100,152,-52
122000393,87,637,-550
122000394,226,257,-31
122000395,51,203,-152
122000396,204,102,102
122000399,55,100,-45
122000400,252,226,26
122000401,72,112,-40
122000402,141,84,57
122000403,140,1045,-905
122000404,31,170,-139
122000408,634,820,-186
122000503,9,56,-47
122000524,169,70,99
122000544,38,1827,-1789
122000614,494,129,365
122000616,459,0,459
122000640,19,157,-138
122000641,25,383,-358
122000642,732,1039,-307
122000643,10,125,-115
122000644,254,78,176
122000645,305,246,59
122000651,1821,522,1299
122000664,150,21,129
122000665,706,401,305
122000666,299,739,-440
122000673,9,276,-267
122000674,67,25,42
122000675,881,970,-89
122000686,66,682,-616
122000687,360,90,270
122000688,95,648,-553
122000689,127,91,36
122000690,288,493,-205
122000691,187,2396,-2209
122000692,741,668,73
122000693,410,2092,-1682
122000695,82,379,-297
122000696,45,259,-214
122000698,153,1055,-902
122000699,100,36,64
122000701,952,472,480
122000702,411,2224,-1813
122000703,109,40,69
122000712,0,0,0
122000717,1848,118,1730
122000718,757,743,14
122000719,54,43,11
122000720,111,313,-202
122000724,325,224,101
122900001,9,3,6
122900002,900,1142,-242
122900003,171,20,151
122900004,282,13,269
122900005,32,23,9
122900006,426,129,297
122900007,26,7,19
122900008,488,36,452
122900009,387,101,286
122900010,137,132,5
122900012,271,203,68
122900014,100,180,-80
122900015,1662,137,1525
122900016,56,243,-187
122900017,334,505,-171
122900018,132,1,131
122900020,236,205,31
122900021,22,398,-376
122900022,268,667,-399
122900023,111,179,-68
122900024,67,70,-3
122900025,4,92,-88
122900026,112,254,-142
122900027,35,541,-506
122900028,96,75,21
122900029,3812,1828,1984
122900030,955,254,701
122900031,74,106,-32
122900032,73,140,-67
122900033,107,96,11
122900034,2560,3177,-617
122900035,4,2,2
122900036,3,68,-65
122900037,180,97,83
122900038,44,1068,-1024
122900039,58,275,-217
122900040,212,242,-30
122900041,101,142,-41
122900042,66,202,-136
122900043,239,130,109
122900044,39,202,-163
122900045,71,94,-23
122900046,34,55,-21
122900047,187,103,84
122900048,22,129,-107
122900049,1729,82,1647
122900051,104,67,37
122900052,38,69,-31
122900053,6,5,1
122900055,184,54,130
122900057,239,8,231
122900061,269,49,220
122900062,217,305,-88
122900063,98,249,-151
122900064,704,489,215
122900065,188,123,65
122900066,236,198,38
122900067,1130,538,592
122900069,86,804,-718
122900070,107,22,85
122900071,64,365,-301
122900073,27,286,-259
122900074,111,585,-474
122900075,0,51,-51
122900076,8,156,-148
122900077,3,130,-127
122900078,32,137,-105
122900080,48,16,32
122900081,110,104,6
122900082,514,119,395
122900083,130,75,55
122900084,3,221,-218
122900086,3,11,-8
122900087,100,446,-346
122900088,44,31,13
122900089,15,190,-175
122900090,10,594,-584
122900091,65,0,65
122900092,1,113,-112
122900093,1,323,-322
122900094,4,199,-195
122900095,45,0,45
122900096,43,383,-340
122900097,2,4,-2
122900098,54,109,-55
122900099,10,3,7
122900100,255,94,161
122900101,505,120,385
122900102,5,4,1
122900103,37,4,33
122900104,28,3,25
122900105,1,6,-5
122900106,0,69,-69
122900107,0,193,-193
122900108,7,192,-185
122900109,31,150,-119
123000001,1058,227,831
123000002,4333,1346,2987
123000003,2248,1370,878
123000004,2703,2468,235
123000005,1498,1435,63
123000006,2190,2680,-490
123000007,2172,1807,365
123000008,1820,2435,-615
123000009,3307,2426,881
123000010,2699,3140,-441
123000011,2439,576,1863
123000012,1073,2081,-1008
123000013,2018,570,1448
123000014,1186,2015,-829
123000015,3656,535,3121
123000016,1639,2744,-1105
123000017,2667,1088,1579
123000018,24,75,-51
123000019,51,327,-276
123000020,64,106,-42
123000021,38,131,-93
123000022,297,1298,-1001
123000023,954,838,116
123000024,615,408,207
123000025,100,95,5
123000026,12,108,-96
123000027,390,234,156
123000028,551,196,355
123000029,1105,291,814
123000030,137,625,-488
123000031,64,406,-342
123000032,81,347,-266
123000033,147,60,87
123000034,424,447,-23
123000035,118,174,-56
123000036,143,311,-168
123000037,128,245,-117
123000038,45,142,-97
123000039,459,461,-2
123000040,1069,226,843
123000041,785,349,436
123000042,897,302,595
123000043,1181,1373,-192
123000044,5644,1465,4179
123000045,5879,779,5100
123000046,750,416,334
123000047,1909,353,1556
123000048,27,241,-214
123000049,2458,2431,27
123000050,856,986,-130
123000051,90,108,-18
123000052,394,974,-580
123000053,1353,1137,216
123000054,983,871,112
123000055,636,911,-275
123000056,612,847,-235
123000057,15252,3658,11594
123000058,608,519,89
123000059,1635,1188,447
123000060,957,325,632
123000061,2851,521,2330
123000063,300,214,86
123000064,483,168,315
123000065,3427,1578,1849
123000066,1300,539,761
123000067,271,560,-289
123000068,2532,2202,330
123000069,6904,2757,4147
123000070,129,201,-72
123000071,283,457,-174
123000072,619,845,-226
123000073,600,796,-196
123000074,1709,1771,-62
123000075,448,955,-507
123000076,281,929,-648
123000077,1281,2199,-918
123000078,543,1005,-462
123000079,608,1602,-994
123000080,1573,2692,-1119
123000081,219,707,-488
123000082,294,628,-334
123000083,608,213,395
123000084,316,594,-278
123000085,95,103,-8
123000086,121,428,-307
123000087,250,1062,-812
123000088,731,2188,-1457
123000089,273,1142,-869
123000090,770,989,-219
123000091,1657,1236,421
123000092,1408,1371,37
123000094,326,378,-52
123000095,108,472,-364
123000096,159,395,-236
123000097,228,937,-709
123000098,353,495,-142
123000099,313,860,-547
123000100,352,457,-105
123000101,534,286,248
123000102,445,394,51
123000104,237,268,-31
123000105,425,459,-34
123000106,439,181,258
123000107,406,455,-49
123000108,2872,770,2102
123000111,414,204,210
123000112,313,341,-28
123000113,539,934,-395
123000114,299,277,22
123000115,156,185,-29
123000116,16,194,-178
123000117,544,835,-291
123000118,186,317,-131
123000119,519,992,-473
123000120,689,952,-263
123000121,245,305,-60
123000122,394,253,141
123000123,433,545,-112
123000124,605,460,145
123000125,809,458,351
123000126,1880,1030,850
123000127,1356,666,690
123000128,171,365,-194
123000129,227,125,102
123000130,221,46,175
123000131,532,369,163
123000132,276,480,-204
123000133,273,300,-27
123000134,413,171,242
123000135,566,677,-111
123000136,137,1158,-1021
123000137,58,368,-310
123000138,55,399,-344
123000139,201,77,124
123000140,136,505,-369
123000141,508,44,464
123000142,716,887,-171
123000143,886,2318,-1432
123000144,16,10,6
123000145,127,142,-15
123000146,15,76,-61
123000147,14,95,-81
123000149,139,229,-90
123000150,119,167,-48
123000151,172,259,-87
123000152,27,247,-220
123000153,90,415,-325
123000154,1501,1213,288
123000155,1851,507,1344
123000156,38,61,-23
123000157,359,683,-324
123000158,471,388,83
123000159,1641,794,847
123000160,379,342,37
123000161,632,280,352
123000162,230,886,-656
123000163,100,53,47
123000164,454,131,323
123000165,219,1099,-880
123000166,23,159,-136
123000167,60,250,-190
123000168,101,307,-206
123000169,243,57,186
123000170,27,322,-295
123000171,135,90,45
123000172,149,599,-450
123000173,324,92,232
123000174,431,95,336
123000175,814,941,-127
123000176,531,147,384
123000177,246,841,-595
123000178,295,66,229
123000179,7,336,-329
123000180,611,238,373
123000181,207,651,-444
123000183,133,132,1
123000186,75,526,-451
123000187,223,6,217
123000188,166,31,135
123000189,174,112,62
123000190,1,28,-27
123000192,30,290,-260
123000193,103,724,-621
123000194,425,200,225
123000195,71,5,66
123000196,56,3,53
123000197,26,25,1
123000198,13,134,-121
123000199,13,439,-426
123000200,115,31,84
123000201,186,3,183
123000202,50,1049,-999
123000203,268,77,191
123000204,53,1046,-993
123000205,412,1819,-1407
123000206,804,123,681
123000207,48,1016,-968
123000208,283,106,177
123000209,995,212,783
123000210,341,1290,-949
123000211,642,3307,-2665
123000212,1255,327,928
123000213,332,84,248
123000215,146,80,66
123000216,99,291,-192
123000217,166,28,138
123000218,121,226,-105
123000219,793,39,754
123000220,312,60,252
123000222,161,227,-66
123000223,113,384,-271
123000224,195,536,-341
123000225,147,78,69
123000226,57,319,-262
123000227,74,313,-239
123000228,261,43,218
123000229,1073,1508,-435
123000232,71,380,-309
123000233,290,102,188
123000234,132,516,-384
123000235,211,250,-39
123000236,98,762,-664
123000237,150,36,114
123000238,53,487,-434
123000239,234,1700,-1466
123000240,38,158,-120
123000241,1117,84,1033
123000243,1018,974,44
123000244,663,511,152
123000245,41,80,-39
123000249,317,505,-188
123000252,344,77,267
123000253,386,255,131
123000254,249,880,-631
123000255,522,670,-148
123000256,171,376,-205
123000257,1585,1199,386
123000258,1382,1244,138
123000259,140,128,12
123000260,161,334,-173
123000261,169,542,-373
123000262,46,185,-139
123000263,234,69,165
123000264,180,39,141
123000265,51,144,-93
123000266,343,582,-239
123000267,157,291,-134
123000268,26,80,-54
123000269,25,34,-9
123000270,36,37,-1
123000271,31,88,-57
123000272,636,204,432
123000273,83,415,-332
123000274,885,206,679
123000275,179,803,-624
123000278,2950,3252,-302
123000279,54,68,-14
123000280,333,233,100
123000281,142,62,80
123000282,32,183,-151
123000283,92,38,54
123000284,31,98,-67
123000286,246,370,-124
123000287,542,216,326
123000288,544,292,252
123000289,326,485,-159
123000291,236,603,-367
123000294,369,199,170
123000295,572,893,-321
123000296,337,664,-327
123000297,242,966,-724
123000298,213,584,-371
123000299,108,556,-448
123000300,1011,910,101
123000301,99,272,-173
123000302,44,184,-140
123000303,63,106,-43
123000305,804,731,73
123000306,33,229,-196
123000309,31,51,-20
123000310,42,31,11
123000311,21,199,-178
123000312,864,1325,-461
123000313,279,516,-237
123000315,52,325,-273
123000316,343,120,223
123000317,135,29,106
123000318,43,243,-200
123000329,5,7,-2
123000337,174,269,-95
123000338,307,68,239
123000339,56,225,-169
123000340,145,925,-780
123000342,1,241,-240
123000343,42,0,42
123000344,1714,267,1447
123000345,1021,579,442
123000346,293,432,-139
123000352,1606,524,1082
123000353,10,186,-176
123000354,551,17,534
123000355,24,932,-908
123000356,53,11,42
123000357,1,272,-271
123000359,2,217,-215
123000360,115,12,103
123000361,570,208,362
123000362,144,101,43
123000363,87,184,-97
123000364,609,413,196
123000365,15,133,-118
123000366,414,951,-537
123000367,690,2312,-1622
123000370,25,227,-202
123000371,102,13,89
123000372,80,11,69
123000373,13,278,-265
123000374,8,167,-159
123000375,106,13,93
123000376,385,425,-40
123000377,112,4,108
123000378,7,374,-367
123000379,2,225,-223
123000380,57,133,-76
123000381,141,30,111
123000382,990,39,951
123000383,255,546,-291
123000384,416,85,331
123000385,455,574,-119
123000436,69,1350,-1281
123000507,474,321,153
123000508,256,445,-189
123000517,73,15,58
123000518,27,153,-126
123000519,211,18,193
123000520,24,177,-153
123000521,195,144,51
123000522,297,859,-562
123000541,4,1,3
123000542,0,24,-24
123000565,164,25,139
123000566,52,828,-776
123000567,103,230,-127
123000575,16,742,-726
123000576,398,29,369
123000577,130,373,-243
123000578,529,53,476
123000579,6326,2159,4167
123000580,43,12,31
123000582,172,9,163
123000583,6,342,-336
123000584,88,160,-72
123000585,0,74,-74
123000586,48,0,48
123000596,107,126,-19
123000597,74,81,-7
123000602,7,3,4
123000603,214,63,151
123000604,446,819,-373
123000605,413,23,390
123000606,0,157,-157
123000609,5,208,-203
123000610,60,91,-31
123000613,5,133,-128
123000615,35,245,-210
123000616,108,44,64
123000617,31,423,-392
123000618,49,490,-441
123000619,172,37,135
123000620,39,2099,-2060
123000622,713,30,683
123000624,117,83,34
123000630,1144,819,325
123000631,5051,2814,2237
123000632,2227,1680,547
123000633,16,387,-371
123000634,73,26,47
123000635,223,89,134
123000636,10,413,-403
123000637,97,40,57
123000638,262,244,18
123000639,1122,2038,-916
123000640,33,965,-932
123000648,429,204,225
123000649,234,1116,-882
123000650,52,141,-89
123000651,223,437,-214
123000652,72,100,-28
123000653,62,562,-500
123000654,300,350,-50
123000655,14,359,-345
123000656,343,142,201
123000657,1,77,-76
123000658,38,17,21
123900001,1184,41,1143
123900002,7,798,-791
123900003,247,444,-197
123900005,61,104,-43
123900006,112,30,82
124000001,1122,46,1076
124000002,8,597,-589
124000003,265,64,201
124000004,52,527,-475
124000005,381,145,236
124000006,266,1277,-1011
124000007,410,55,355
124000008,12,405,-393
124000009,173,194,-21
124000010,87,615,-528
124000011,452,183,269
124000012,163,698,-535
124000017,50,78,-28
124000018,62,68,-6
124000019,56,68,-12
124000020,37,170,-133
124000021,37,47,-10
124000022,77,186,-109
124000023,516,106,410
124000024,805,580,225
124000025,443,172,271
124000026,686,481,205
124000027,1530,230,1300
124000028,2796,676,2120
124000031,653,675,-22
124000032,4526,1155,3371
124000033,554,257,297
124000034,1197,1129,68
124000035,88,73,15
124000036,85,573,-488
124000037,148,245,-97
124000038,20,72,-52
124000039,895,191,704
124000040,563,341,222
124000041,103,55,48
124000042,39,276,-237
124000043,40,65,-25
124000044,41,250,-209
124000045,186,386,-200
124000046,145,747,-602
124000047,596,689,-93
124000048,412,1776,-1364
124000049,619,535,84
124000050,487,2610,-2123
124000051,217,379,-162
124000052,334,1367,-1033
124000053,309,575,-266
124000054,650,599,51
124000055,672,860,-188
124000056,3820,1157,2663
124000057,425,354,71
124000058,307,1315,-1008
124000059,312,351,-39
124000060,795,807,-12
124000061,993,1532,-539
124000062,8236,1401,6835
124000063,1097,1083,14
124000064,2246,1574,672
124000065,294,224,70
124000066,353,47,306
124000067,44,173,-129
124000068,26,85,-59
124000069,145,218,-73
124000070,107,395,-288
124000071,27,68,-41
124000072,128,406,-278
124000073,346,95,251
124000074,167,745,-578
124000075,67,36,31
124000076,5,229,-224
124000077,1444,370,1074
124000078,1449,231,1218
124000079,490,537,-47
124000080,116,78,38
124000081,83,577,-494
124000082,15,90,-75
124000083,20,115,-95
124000084,67,171,-104
124000085,53,29,24
124000086,30,57,-27
124000087,57,29,28
124000088,85,251,-166
124000089,203,284,-81
124000090,80,366,-286
124000091,281,163,118
124000092,97,759,-662
124000093,62,45,17
124000094,101,253,-152
124000095,37,39,-2
124000096,53,213,-160
124000097,32,32,0
124000098,46,146,-100
124000099,70,53,17
124000100,28,127,-99
124000101,34,78,-44
124000102,60,105,-45
124000103,48,89,-41
124000104,45,79,-34
124000105,32,33,-1
124000106,105,120,-15
124000107,18,78,-60
124000108,100,37,63
124000109,88,31,57
124000110,129,144,-15
124000111,147,70,77
124000112,275,741,-466
124000113,29,31,-2
124000114,145,678,-533
124000115,222,763,-541
124000116,48,66,-18
124000117,55,48,7
124000118,28,58,-30
124000119,717,438,279
124000120,300,531,-231
124000121,2650,510,2140
124000122,450,849,-399
124000123,510,208,302
124000124,363,629,-266
124000125,228,182,46
124000126,288,347,-59
124000127,409,256,153
124000128,356,694,-338
124000129,1043,827,216
124000130,748,453,295
124000131,647,351,296
124000132,706,536,170
124000133,506,588,-82
124000134,529,591,-62
124000135,1220,853,367
124000136,729,796,-67
124000137,916,328,588
124000138,839,663,176
124000139,497,31,466
124000140,64,434,-370
124000141,168,7,161
124000142,31,651,-620
124000143,53,10,43
124000144,1,87,-86
124000145,36,43,-7
124000146,2,74,-72
124000148,13,32,-19
124000149,441,256,185
124000150,291,444,-153
124000151,346,174,172
124000152,496,893,-397
124000153,308,278,30
124000154,327,731,-404
124000155,732,392,340
124000156,1232,753,479
124000169,105,192,-87
124000170,625,387,238
124000171,131,156,-25
124000172,302,507,-205
124000173,149,254,-105
124000174,178,776,-598
124000175,3,105,-102
124000176,4,8,-4
124000177,20,32,-12
124000178,3,14,-11
124000185,23,7,16
124000186,6,96,-90
124000187,6,135,-129
124000188,13,6,7
124000190,190,26,164
124000191,469,68,401
124000192,1776,175,1601
124000193,378,803,-425
124000194,348,399,-51
124000195,152,280,-128
124000196,690,986,-296
124000197,31,47,-16
124000198,9,41,-32
124000201,233,926,-693
124000202,299,88,211
124000203,67,885,-818
124000204,247,411,-164
124000205,12,605,-593
124000206,136,330,-194
124000207,1,53,-52
124000209,76,329,-253
124000210,143,90,53
124000211,91,1,90
124000212,1,553,-552
124000213,124,346,-222
124000214,97,613,-516
124000215,95,11,84
124000216,1,630,-629
124000329,39,2231,-2192
124000338,21,1069,-1048
124000339,146,60,86
124000341,256,63,193
124000344,23,31,-8
124000357,681,1787,-1106
124000358,851,1525,-674
124000359,582,368,214
124000360,208,358,-150
124000361,684,544,140
124000362,1308,1432,-124
124000363,185,669,-484
124000364,451,960,-509
124000365,662,1110,-448
124000366,2210,1213,997
124000367,78,543,-465
124000368,102,130,-28
124000369,47,74,-27
124000370,51,436,-385
124000402,5,2,3
124000403,20,7,13
124000404,7,78,-71
124000405,757,440,317
124000406,854,553,301
124000407,2,21,-19
124000411,8,328,-320
124000412,113,4,109
124000413,363,51,312
124000414,26,101,-75
124000415,24,223,-199
124000416,75,333,-258
124000417,65,57,8
124000418,41,92,-51
124000419,38,213,-175
124000420,34,71,-37
124000421,17,345,-328
124000422,17,5,12
124000423,94,34,60
124000424,0,122,-122
124000425,20,12,8
124000426,3,217,-214
124000427,22,5,17
124000428,15,20,-5
124000429,21,56,-35
124000430,320,698,-378
124000431,169,580,-411
124000432,64,722,-658
124000439,14,4,10
124000443,1,70,-69
124000445,188,267,-79
124000446,2659,54,2605
124000447,9,88,-79
124000448,19,9,10
124000449,55,4,51
124000450,14,557,-543
124000451,2,325,-323
124000452,485,92,393
124000453,2264,1315,949
124000454,3743,2619,1124
124000455,6,1109,-1103
124000456,155,5,150
124000457,4,695,-691
124000458,4,481,-477
124000459,91,1,90
124000460,2,295,-293
124900001,179,162,17
124900002,61,440,-379
124900003,297,460,-163
124900004,116,264,-148
124900005,199,200,-1
124900006,136,275,-139
124900008,795,243,552
124900009,51,59,-8
124900010,50,21,29
124900011,119,69,50
124900012,144,56,88
124900013,150,133,17
124900014,79,52,27
124900015,83,52,31
124900016,14,24,-10
124900017,413,315,98
124900018,3,8,-5
124900020,22,22,0
124900021,48,8,40
124900022,7,7,0
124900024,99,1,98
124900026,45,4,41
124900027,47,75,-28
124900028,393,78,315
124900029,4,196,-192
124900030,1,96,-95
124900031,10,274,-264
124900032,185,116,69
124900033,37,235,-198
124900034,2,91,-89
124900035,63,315,-252
124900036,4,35,-31
124900037,69,315,-246
124900038,247,370,-123
124900039,1,12,-11
124900040,27,79,-52
124900041,173,1362,-1189
124900042,14,0,14
124900043,274,1191,-917
124900044,52,0,52
124900045,343,458,-115
124900047,73,135,-62
124900048,85,131,-46
124900050,114,269,-155
124900052,60,284,-224
124900053,26,261,-235
124900054,3517,207,3310
124900055,1,77,-76
124900057,16,628,-612
124900060,36,184,-148
124900061,29,5,24
124900062,10,7,3
124900066,0,17,-17
124900067,8,141,-133
124900068,112,86,26
124900070,10,24,-14
124900072,43,9,34
124900075,54,122,-68
124900076,10,217,-207
124900077,23,70,-47
124900078,20,6,14
124900079,577,24,553
124900080,119,786,-667
124900081,293,189,104
124900082,269,1116,-847
124900083,123,537,-414
124900085,1171,78,1093
124900086,22,199,-177
124900087,509,36,473
124900088,541,85,456
124900089,1242,17,1225
124900090,110,151,-41
124900091,172,567,-395
124900092,97,423,-326
124900093,96,98,-2
124900094,123,164,-41
124900095,58,211,-153
124900096,352,66,286
124900097,109,37,72
124900098,84,315,-231
124900099,363,190,173
124900100,96,11,85
124900101,24,271,-247
124900102,61,2,59
124900103,38,306,-268
124900104,27,252,-225
124900105,40,204,-164
124900106,115,13,102
124900107,31,5,26
124900108,88,24,64
124900111,3,36,-33
124900112,34,686,-652
124900113,72,61,11
124900114,136,17,119
124900115,12,20,-8
124900116,46,57,-11
124900117,646,73,573
124900118,96,96,0
124900119,153,79,74
124900120,37,297,-260
124900121,80,80,0
124900122,460,127,333
124900123,283,26,257
124900124,176,106,70
124900125,156,5,151
124900126,8,969,-961
204000001,26,30,-4
204000002,8,16,-8
204000003,11,2,9
204000004,9,0,9
204000005,285,331,-46
204000006,584,949,-365
204000011,6,48,-42
204000012,21,68,-47
204000019,375,457,-82
204000020,253,742,-489
204000021,1736,709,1027
204000022,235,374,-139
204000023,234,827,-593
204000031,76,28,48
204000032,420,33,387
204000034,42,77,-35
204000035,0,4,-4
204000036,1,9,-8
204000037,1,38,-37
204000038,0,32,-32
204000039,2,46,-44
204000040,4,44,-40
204000041,4,33,-29
204000042,7,7,0
204000043,9,3,6
204000044,15,3,12
204000045,17,4,13
204000046,3,1,2
204000057,0,24,-24
204000062,9,187,-178
204000068,13,113,-100
204000069,13,153,-140
204000070,26,60,-34
204000080,11,35,-24
204000085,1086,1208,-122
204000086,2524,1341,1183
204000087,43,9,34
204000088,4,66,-62
204000090,6,223,-217
204000093,20,55,-35
204000096,506,548,-42
204000097,143,7,136
204000099,709,1014,-305
204000100,723,930,-207
204000105,1714,1136,578
204000110,331,903,-572
204000111,247,661,-414
204000112,360,812,-452
204000113,264,699,-435
204000114,333,316,17
204000115,236,377,-141
204000116,381,525,-144
204000119,1393,1231,162
204000132,294,200,94
204000133,420,202,218
204000134,101,119,-18
204000135,267,76,191
204000136,170,205,-35
204000138,129,232,-103
204000140,92,49,43
204000141,74,57,17
204000144,6,28,-22
204000145,487,27,460
204000146,46,904,-858
204000147,37,156,-119
204000148,594,18,576
204000154,2,0,2
204000155,1,2,-1
204000177,32,54,-22
204000179,1,1,0
204000180,0,55,-55
204000222,2,4,-2
204000236,47,510,-463
204000238,17,15,2
204000240,461,88,373
204000263,434,1092,-658
204000268,832,490,342
204000308,4,1,3
204000317,9,70,-61
204000322,5,33,-28
204000323,146,29,117
204000328,311,194,117
204000329,157,333,-176
204000330,146,187,-41
204000331,85,544,-459
205000001,811,905,-94
205000013,12,75,-63
205000014,13,92,-79
205000015,22,184,-162
205000016,4,166,-162
205000017,13,78,-65
205000022,239,479,-240
205000025,1270,743,527
205000029,119,13,106
205000045,56,157,-101
205000046,42,526,-484
205000047,29,414,-385
205000048,121,930,-809
205000049,89,644,-555
205000050,1142,287,855
205000059,0,237,-237
205000060,0,48,-48
205000061,3,104,-101
205000062,5,66,-61
205000063,17,81,-64
205000064,25,102,-77
205000065,74,575,-501
205000066,91,602,-511
205000067,28,874,-846
205000069,181,22,159
205000082,117,186,-69
205000110,39,189,-150
205000111,144,218,-74
205000112,50,169,-119
205000113,157,126,31
205000121,140,61,79
205000123,64,170,-106
205000126,190,96,94
205000127,444,144,300
205000128,418,132,286
205000129,357,100,257
205000130,432,52,380
205000131,520,4,516
205000132,487,3,484
205000133,200,1,199
205000134,95,0,95
205000137,127,133,-6
205000138,203,192,11
205000139,18,77,-59
205000144,43,51,-8
205000145,165,127,38
205000151,101,32,69
205000152,67,28,39
205000153,90,38,52
205000154,12,55,-43
205000155,49,10,39
205000207,17,84,-67
205000233,24,7,17
205000234,0,1,-1
205000243,0,0,0
205000244,0,3,-3
205000245,8,171,-163
205000249,0,27,-27
205000250,3,0,3
205000264,5,59,-54
206000027,5,3,2
206000028,9,1,8
206000043,4,106,-102
206000053,4,4,0
206000054,7,15,-8
206000055,1,19,-18
206000075,3,0,3
206000076,6,8,-2
206000077,16,4,12
206000078,11,8,3
206000079,10,13,-3
206000082,206,14,192
206000100,57,374,-317
206000103,8,23,-15
206000104,11,25,-14
206000105,9,30,-21
206000106,10,23,-13
206000125,41,0,41
206000157,88,367,-279
206000170,1,164,-163
206000171,2,207,-205
206000172,5,1052,-1047
206000173,0,380,-380
206000174,3,162,-159
206000175,1,238,-237
206000176,15,444,-429
206000177,1,291,-290
206000178,2,186,-184
206000179,3,73,-70
206000180,11,169,-158
206000181,8,268,-260
206000182,21,255,-234
206000183,15,814,-799
206000184,6,452,-446
206000185,3,359,-356
206000186,103,1588,-1485
206000223,7,301,-294
206000226,6,1,5
206000227,15,0,15
206000237,33,347,-314
206000238,32,633,-601
206000239,495,1736,-1241
206000240,0,50,-50
206000241,0,90,-90
206000242,9,617,-608
206000243,4,473,-469
206000244,49,1009,-960
206000245,220,57,163
206000246,72,5,67
206000247,40,12,28
206000248,206,14,192
206000252,33,14,19
206000258,23,40,-17
206000315,19,11,8
206000317,233,58,175
206000318,145,31,114
206000319,362,56,306
206000320,13,21,-8
206000321,34,11,23
206000322,94,9,85
206000323,60,11,49
206000324,20,13,7
206000325,64,10,54
206000326,68,7,61
206000327,140,15,125
206000328,55,5,50
206000329,52,7,45
206000330,6,7,-1
206000331,57,8,49
206000332,10,9,1
206000333,148,3,145
206000334,81,3,78
206000335,0,13,-13
206000361,3,152,-149
206000392,0,23,-23
206000405,131,0,131
206000441,14,3,11
206000498,78,27,51
206000515,71,12,59
206000530,70,44,26
206000531,117,33,84
206000532,2414,65,2349
206000535,391,1619,-1228
206000536,25,289,-264
206000537,8,156,-148
206000613,962,111,851
206000784,306,17,289
207000001,161,316,-155
207000002,82,340,-258
207000003,67,225,-158
207000007,414,166,248
207000008,50,14,36
207000009,62,48,14
207000010,560,641,-81
207000012,138,127,11
207000015,334,1932,-1598
207000019,137,43,94
207000021,311,129,182
207000022,47,57,-10
207000023,54,35,19
207000024,4,8,-4
207000025,3,18,-15
207000026,88,34,54
207000027,13,61,-48
207000028,49,219,-170
207000029,216,326,-110
207000033,131,112,19
207000034,143,48,95
207000039,177,78,99
207000040,117,90,27
207000041,18,27,-9
207000042,94,45,49
207000043,110,141,-31
207000051,47,336,-289
207000052,15,252,-237
207000053,371,605,-234
207000054,33,142,-109
207000055,50,235,-185
207000056,143,495,-352
207000057,85,257,-172
207000058,36,482,-446
207000059,27,1065,-1038
207000060,49,356,-307
207000061,108,143,-35
207000062,114,53,61
207000063,82,145,-63
207000064,191,160,31
207000065,130,145,-15
207000066,63,122,-59
207000067,46,105,-59
207000068,79,70,9
207000069,515,261,254
207000082,64,505,-441
207000083,57,530,-473
207000084,70,151,-81
207000085,160,8,152
207000086,78,4,74
207000106,36,41,-5
207000107,25,8,17
207000108,21,8,13
207000109,18,5,13
207000110,32,45,-13
207000111,45,68,-23
207000112,148,195,-47
207000114,28,18,10
207000115,26,65,-39
207000116,6,179,-173
207000117,3,134,-131
207000118,5,82,-77
207000119,7,112,-105
207000123,124,27,97
207000124,35,13,22
207000125,29,12,17
207000126,48,23,25
207000134,27,383,-356
207000135,26,392,-366
207000148,27,130,-103
207000149,90,31,59
207000152,110,342,-232
207000153,1117,598,519
207000154,501,146,355
207000159,45,347,-302
207000160,77,825,-748
207000238,1,101,-100
207000242,5,111,-106
207000248,34,9,25
207000249,125,50,75
207000250,499,65,434
207000251,68,51,17
207000252,34,58,-24
207000278,18,48,-30
207000279,22,296,-274
207000280,188,45,143
207000281,56,1691,-1635
207000282,114,18,96
207000283,95,261,-166
207000284,55,98,-43
207000285,215,51,164
207000291,10,92,-82
207000304,48,28,20
207000306,57,348,-291
207000310,16,49,-33
207000353,217,12,205
207000356,8,16,-8
207000357,6,1,5
207000358,13,5,8
207000415,10,160,-150
207000417,13,3,10
207000418,61,118,-57
207000438,0,1,-1
207000439,933,144,789
207000446,68,9,59
207000460,4,16,-12
207000466,113,144,-31
207000467,71,77,-6
207000468,20,708,-688
207000476,0,66,-66
207000477,82,126,-44
207000478,1,13,-12
207000523,0,16,-16
207000524,50,0,50
207000527,80,86,-6
207000530,94,9,85
207000531,110,7,103
207000532,22,6,16
207000534,593,27,566
207000535,43,107,-64
207000537,30,82,-52
207000540,9,151,-142
207000541,3,267,-264
207000548,4,259,-255
207000549,85,6,79
207000561,46,36,10
207000562,19,152,-133
207000567,119,241,-122
207000568,24,107,-83
207000569,98,1098,-1000
207000584,325,81,244
207000585,42,118,-76
207000587,29,19,10
207000616,0,231,-231
207000617,74,0,74
207000624,50,30,20
207000631,8,45,-37
207900008,108,442,-334
208000001,261,543,-282
208000002,288,471,-183
208000003,571,544,27
208000004,768,707,61
208000005,10,26,-16
208000019,286,672,-386
208000020,173,408,-235
208000021,88,450,-362
208000022,338,693,-355
208000028,746,546,200
208000033,262,644,-382
208000034,938,1332,-394
208000037,413,60,353
208000040,77,105,-28
208000041,761,404,357
208000042,426,408,18
208000047,61,357,-296
208000064,2186,1158,1028
208000066,971,646,325
208000070,200,347,-147
208000071,213,697,-484
208000072,251,1077,-826
208000080,100,405,-305
208000081,119,236,-117
208000082,126,300,-174
208000083,74,454,-380
208000084,16,12,4
208000085,773,490,283
208000086,417,689,-272
208000087,231,587,-356
208000089,502,573,-71
208000090,402,965,-563
208000093,36,85,-49
208000094,188,499,-311
208000095,404,291,113
208000104,680,775,-95
208000105,349,939,-590
208000114,47,137,-90
208000115,424,242,182
208000116,180,603,-423
208000117,45,104,-59
208000118,47,82,-35
208000155,299,805,-506
208000158,1398,1729,-331
208000186,2915,1344,1571
208000204,256,723,-467
208000205,665,1201,-536
208000282,3419,848,2571
209000004,60,162,-102
209000005,16,23,-7
209000006,418,77,341
209000007,265,135,130
209000010,457,100,357
209000011,112,151,-39
209000012,77,113,-36
209000013,108,564,-456
209000014,656,1434,-778
209000025,241,30,211
209000026,433,67,366
209000027,365,962,-597
209000028,268,787,-519
209000029,631,776,-145
209000030,571,1365,-794
209000031,3489,1790,1699
209000034,108,115,-7
209000035,111,136,-25
209000036,78,79,-1
209000037,111,167,-56
209000038,68,160,-92
209000039,23,157,-134
209000040,239,388,-149
209000041,97,310,-213
209000042,166,322,-156
209000043,553,569,-16
209000044,144,445,-301
209000045,896,292,604
209000046,252,350,-98
209000047,184,160,24
209000048,263,185,78
209000049,82,128,-46
209000050,183,217,-34
209000051,239,389,-150
209000052,126,361,-235
209000062,42,194,-152
209000063,28,147,-119
209000064,25,152,-127
209000065,19,25,-6
209000066,39,35,4
209000067,38,94,-56
209000080,22,147,-125
209000082,39,29,10
209000091,54,78,-24
209000093,49,19,30
209000094,158,74,84
209000110,18,21,-3
209000111,208,805,-597
209000112,560,371,189
209000113,934,349,585
209000114,198,312,-114
209000115,99,143,-44
209000116,736,498,238
209000118,7,37,-30
209000119,36,8,28
209000121,106,492,-386
209000135,38,38,0
209000142,555,824,-269
209000143,94,64,30
209000144,49,54,-5
209000229,92,125,-33
209000240,73,566,-493
209000259,97,128,-31
209000260,41,686,-645
209000261,5,533,-528
209000262,0,543,-543
209000263,1,87,-86
209000264,0,23,-23
209000265,287,1,286
209000266,49,2,47
209000267,306,4,302
209000268,388,31,357
210000037,36,20,16
210000047,25,24,1
210000048,21,26,-5
210000049,29,31,-2
210000052,16,114,-98
210000053,10,90,-80
210000054,29,87,-58
210000070,24,0,24
210000071,10,0,10
210000072,7,0,7
210000073,0,17,-17
210000074,0,74,-74
210000075,1,27,-26
210000076,3,100,-97
210000077,27,18,9
210000078,37,24,13
210000079,32,14,18
210000080,121,33,88
210000081,58,2,56
210000082,32,0,32
210000083,75,1,74
210000084,14,0,14
210000085,0,67,-67
210000086,2,112,-110
210000099,30,211,-181
210000100,11,180,-169
210000101,55,224,-169
210000105,25,203,-178
210000159,1,85,-84
210000163,165,142,23
210000164,353,72,281
210000168,174,25,149
210000187,0,8,-8
210000188,0,18,-18
210000214,26,0,26
210000219,27,64,-37
210000220,27,102,-75
210000232,2,24,-22
210000233,15,54,-39
210000234,16,99,-83
210000235,12,136,-124
210000245,1,31,-30
210000246,25,14,11
210000258,10,85,-75
210000259,158,12,146
210000282,43,142,-99
210000285,0,91,-91
210000286,11,139,-128
210000290,4,7,-3
210000295,25,162,-137
210000296,22,53,-31
210000320,93,104,-11
210000321,46,70,-24
210000338,85,124,-39
210000339,419,462,-43
210000340,82,149,-67
210000341,85,182,-97
210000342,114,151,-37
210000343,109,171,-62
210000344,238,92,146
210000345,177,207,-30
210000346,49,118,-69
210000347,138,30,108
210000348,125,10,115
210000349,151,14,137
210000350,50,42,8
210000351,40,84,-44
210000352,24,88,-64
210000353,16,90,-74
210000354,29,92,-63
210000355,39,68,-29
210000356,92,34,58
210000357,51,37,14
210000358,255,74,181
210000359,81,23,58
210000360,106,81,25
210000361,85,113,-28
210000362,116,128,-12
210000363,641,86,555
210000364,78,46,32
210000365,58,22,36
210000366,60,27,33
210000367,37,35,2
210000368,91,23,68
210000369,18,29,-11
210000370,48,46,2
210000372,64,22,42
210000373,105,15,90
210000374,57,25,32
210000375,18,63,-45
210000376,55,115,-60
210000404,96,88,8
210000439,17,51,-34
210000472,58,1,57
210000482,91,52,39
210000564,537,67,470
210000567,0,15,-15
210000568,561,2,559
211000092,11,64,-53
211000094,9,8,1
211000169,299,16,283
211000172,12,163,-151
211000209,0,5,-5
211000226,4,21,-17
211000270,6,8,-2
211000275,13,21,-8
211000276,34,35,-1
211000279,18,62,-44
211000281,14,52,-38
211000302,4,53,-49
211507980,0,24,-24
211977296,10,1,9
212000003,69,35,34
212000004,123,18,105
212000005,17,20,-3
212000006,27,58,-31
212000008,96,233,-137
212000009,8,161,-153
212000012,27,45,-18
212000013,12,34,-22
212000014,137,104,33
212000015,148,171,-23
212000016,256,406,-150
212000027,321,322,-1
212000028,144,245,-101
212000029,79,157,-78
212000030,15,26,-11
212000031,25,79,-54
212000048,10,61,-51
212000049,4,49,-45
212000050,5,7,-2
212000051,102,189,-87
212000052,63,381,-318
212000053,246,436,-190
212000054,72,133,-61
212000055,132,220,-88
212000056,4,38,-34
212000057,10,22,-12
212000058,294,36,258
212000070,71,263,-192
212000077,53,515,-462
212000099,113,205,-92
212000108,176,159,17
212000111,78,136,-58
212000120,123,103,20
212000138,48,10,38
212000156,0,71,-71
212000158,8,7,1
212000159,95,51,44
212000160,310,174,136
212000161,28,9,19
212000310,25,11,14
212000311,1,65,-64
212000374,9,5,4
213000001,29,594,-565
213000005,186,69,117
213000006,991,100,891
213000007,54,7,47
213000009,375,117,258
213000010,126,109,17
213000011,155,77,78
213000012,114,339,-225
213000014,27,0,27
213000015,61,2,59
213000016,119,1,118
213000017,14,0,14
213000018,3,172,-169
213000019,0,188,-188
213000020,73,232,-159
213000021,8,94,-86
213000023,147,133,14
213000033,143,476,-333
213000034,310,175,135
213000035,79,123,-44
213000045,61,214,-153
213000046,96,203,-107
213000047,352,510,-158
213000056,32,8,24
213000069,32,5,27
213000073,0,9,-9
213000074,94,445,-351
213000075,278,6,272
213000076,12,0,12
213000085,3,31,-28
213000086,5,219,-214
213000091,42,13,29
213000092,37,3,34
213000099,86,547,-461
213000100,1038,164,874
213000101,150,122,28
213000102,156,399,-243
213000103,579,625,-46
213000104,46,451,-405
213000105,2,71,-69
213000106,16,210,-194
213000107,76,633,-557
213000108,16,452,-436
213000109,1,264,-263
213000110,4,74,-70
213000111,17,49,-32
213000112,112,99,13
213000115,23,1,22
213000116,83,733,-650
213000117,7,902,-895
213000118,149,266,-117
213000119,43,841,-798
213000120,67,763,-696
213000122,218,782,-564
213000123,680,933,-253
213000124,52,1317,-1265
213000125,93,12,81
213000126,33,63,-30
213000127,146,96,50
213000128,552,312,240
213000129,375,261,114
213000130,207,119,88
213000132,103,90,13
213000133,140,102,38
213000134,413,19,394
213000136,234,8,226
213000137,311,67,244
213000139,397,13,384
213000147,36,1,35
213000148,19,4,15
213000149,14,7,7
213000150,1,38,-37
213000151,0,46,-46
213000152,1,47,-46
213000153,2,18,-16
213000154,2,223,-221
213000155,11,291,-280
213000156,61,630,-569
213000157,647,409,238
213000158,160,412,-252
213000159,230,598,-368
213000163,195,72,123
213000165,376,96,280
213000171,8,240,-232
213000172,18,280,-262
213000173,3,112,-109
213000174,0,34,-34
213000175,1,63,-62
213000176,1,72,-71
213000177,0,11,-11
213000178,7,0,7
213000179,48,27,21
213000180,53,65,-12
213000184,47,389,-342
213000188,128,62,66
213000189,132,37,95
213000190,611,623,-12
213000191,151,487,-336
213000192,95,599,-504
213000193,1625,128,1497
213000194,0,31,-31
213000195,4,467,-463
213000196,163,621,-458
213000197,246,249,-3
213000198,56,1,55
213000200,85,976,-891
213000201,108,45,63
213000202,4,815,-811
213000203,3025,240,2785
213000204,450,32,418
213000205,70,49,21
213000206,173,51,122
213000207,37,43,-6
213000208,176,0,176
213000209,56,2,54
213000210,289,2,287
213000211,4,31,-27
213000212,14,14,0
213000213,5,23,-18
213000218,125,730,-605
213000219,337,18,319
213000220,295,2,293
213000223,175,92,83
213000224,46,18,28
213000225,16,1,15
213000226,30,4,26
213000227,358,136,222
213000228,109,44,65
213000229,503,19,484
213000230,257,25,232
213000232,83,415,-332
213000233,0,14,-14
213000234,1,18,-17
213000293,17,42,-25
213000294,72,8,64
213000295,19,44,-25
213000296,45,15,30
213000297,14,72,-58
213000298,10,67,-57
213000299,16,31,-15
213000300,10,3,7
213000303,7,25,-18
213000304,0,3,-3
213000305,0,11,-11
213000306,78,22,56
213000307,347,92,255
213000308,79,285,-206
213000309,167,46,121
213000310,112,94,18
213000311,251,433,-182
213000315,62,131,-69
213000316,47,48,-1
213000322,16,17,-1
213000323,16,30,-14
213000340,76,961,-885
213000341,147,78,69
213000346,64,76,-12
213000347,602,59,543
213000348,15,92,-77
213000349,134,24,110
213000350,181,1385,-1204
213000366,36,250,-214
213000367,69,27,42
213000379,169,238,-69
213000386,6,167,-161
213000406,78,265,-187
213000417,734,275,459
213000425,37,28,9
213000426,31,45,-14
213000427,22,220,-198
213000428,25,215,-190
213000429,32,3,29
213000430,79,903,-824
213000431,33,2,31
213000432,4,11,-7
213000433,10,101,-91
213000434,29,107,-78
213000435,28,85,-57
213000439,16,18,-2
213000441,0,1,-1
213000443,257,303,-46
213000445,2,77,-75
213000446,1,7,-6
213000447,2,27,-25
213000448,0,44,-44
213000449,63,1,62
213000450,12,29,-17
213000451,65,46,19
213000452,1,10,-9
213000453,43,295,-252
213000455,404,3,401
213000456,1,265,-264
213000481,16,1,15
213000482,42,5,37
213000489,422,39,383
213000491,1,127,-126
213000492,137,1,136
213000493,0,35,-35
213000494,81,85,-4
213000495,0,5,-5
213000496,116,164,-48
213000497,24,288,-264
213000498,34,195,-161
213000499,74,388,-314
213000500,156,53,103
213000501,41,29,12
213000502,62,25,37
213000503,0,46,-46
213000504,7,86,-79
213000505,4,118,-114
213000506,0,5,-5
213000507,3,110,-107
213900244,12,0,12
213900245,0,33,-33
218000003,29,9,20
218000004,12,9,3
218000005,21,23,-2
218000006,82,16,66
218000007,3,6,-3
218000012,238,103,135
218000013,66,92,-26
218000014,496,278,218
218000019,779,248,531
218000020,265,319,-54
218000040,1,4,-3
218000046,9,177,-168
218000047,4,246,-242
218000048,80,269,-189
218000049,74,205,-131
218000050,192,293,-101
218000051,25,377,-352
218000052,1,103,-102
218000053,1,21,-20
218000054,54,22,32
218000055,16,18,-2
218000056,5,35,-30
218000057,3,58,-55
218000064,0,6,-6
218000065,13,39,-26
218000066,7,33,-26
218000067,21,111,-90
218000068,41,97,-56
218000069,78,200,-122
218000070,74,231,-157
218000071,115,242,-127
218000072,204,207,-3
218000078,422,1157,-735
218000079,38,47,-9
218000080,74,65,9
218000081,176,176,0
218000082,13,77,-64
218000083,26,66,-40
218000084,43,111,-68
218000085,81,353,-272
218000086,27,149,-122
218000087,112,210,-98
218000090,4,68,-64
218000091,622,345,277
218000092,29,135,-106
218000093,53,113,-60
218000094,494,761,-267
218000099,254,256,-2
218000100,181,199,-18
218000101,78,100,-22
218000102,142,249,-107
218000103,29,200,-171
218000104,20,55,-35
218000105,20,10,10
218000106,10,21,-11
218000107,15,80,-65
218000108,5,54,-49
218000112,30,5,25
218000117,40,30,10
218000134,229,655,-426
218000135,11,67,-56
218000136,147,31,116
218000137,92,90,2
218000138,16,66,-50
218000139,75,370,-295
218000140,90,161,-71
218000141,29,79,-50
218000142,65,65,0
218000143,33,113,-80
218000144,14,36,-22
218000145,120,283,-163
218000146,51,96,-45
218000151,10,16,-6
218000152,45,43,2
218000170,1,21,-20
218000171,30,7,23
218000172,27,8,19
218000173,56,5,51
218000174,7,2,5
218000176,76,18,58
218000177,183,47,136
218000178,44,76,-32
218000179,60,20,40
218000180,27,10,17
218000181,52,13,39
218000187,4,12,-8
218000188,12,40,-28
218000189,4,51,-47
218000190,1,6,-5
218000191,50,164,-114
218000192,91,478,-387
218000193,266,523,-257
218000194,32,450,-418
218000195,83,92,-9
218000196,132,185,-53
218000197,123,240,-117
218000198,3,142,-139
218000199,14,28,-14
218000200,99,51,48
218000201,11,9,2
218000202,147,135,12
218000207,16,52,-36
218000208,18,55,-37
218000211,63,8,55
218000213,68,44,24
218000214,3,5,-2
218000215,33,67,-34
218000217,3,76,-73
218000218,103,43,60
218000219,23,10,13
218000220,111,229,-118
218000221,670,114,556
218000222,71,18,53
218000223,15,89,-74
218000224,3,33,-30
218000225,100,17,83
218000226,53,29,24
218000232,36,63,-27
218000239,50,2,48
218000240,7,0,7
218000241,4,0,4
218000242,32,1,31
218000243,36,2,34
218000244,19,2,17
218000245,21,0,21
218000246,0,1,-1
218000247,0,0,0
218000248,0,18,-18
218000249,0,2,-2
218000250,9,12,-3
218000251,2,15,-13
218000252,2,26,-24
218000253,18,15,3
218000254,0,2,-2
218000255,0,5,-5
218000256,10,53,-43
218000267,980,973,7
218000268,3,46,-43
218000269,4,4,0
218000270,24,64,-40
218000271,22,49,-27
218000273,17,7,10
218000274,12,11,1
218000275,2,33,-31
218000276,3,62,-59
218000278,13,17,-4
218000279,13,64,-51
218000280,16,57,-41
218000281,18,20,-2
218000282,486,184,302
218000284,114,21,93
218000301,27,65,-38
218000302,27,16,11
218000303,63,68,-5
218000316,532,930,-398
218000317,367,1092,-725
218000318,211,733,-522
218000319,501,1529,-1028
218000320,416,696,-280
218000338,24,28,-4
218000345,125,63,62
218000346,63,154,-91
218000459,55,207,-152
218000490,31,81,-50
218000501,22,22,0
218000502,23,105,-82
218000503,45,12,33
218000504,127,6,121
218000505,25,172,-147
218000506,20,150,-130
218000508,54,0,54
218000510,119,1,118
218000520,83,88,-5
218000521,2,66,-64
218000522,1,157,-156
218000523,81,7,74
218000524,38,57,-19
218000525,113,13,100
218000526,65,41,24
218000529,39,289,-250
218000531,2,12,-10
218000532,12,14,-2
218000534,72,22,50
218000537,16,44,-28
218000538,62,107,-45
218000540,250,23,227
218000543,54,29,25
218000544,26,99,-73
218000545,20,36,-16
218000546,33,120,-87
218000547,39,44,-5
218000548,75,232,-157
218000549,321,98,223
218000550,175,436,-261
218000551,204,286,-82
218000552,441,18,423
218000553,112,81,31
218000554,30,40,-10
218000555,10,49,-39
218000556,80,417,-337
218000557,157,134,23
218000558,19,0,19
218000559,1,16,-15
218000560,0,11,-11
218000561,21,1,20
218000562,17,149,-132
218000563,122,13,109
218000564,1,82,-81
218000565,220,4,216
218000566,626,15,611
218000567,2,59,-57
218000568,1,2,-1
218000569,18,68,-50
218000570,273,3,270
218000571,2,78,-76
218000572,71,1,70
218000573,10,46,-36
218000574,83,78,5
218000575,55,0,55
218000576,0,59,-59
218000577,13,0,13
218000578,0,60,-60
218000585,7,1,6
218000586,1,48,-47
218000587,12,0,12
218000589,0,0,0
218000590,3,1,2
218000591,4,2,2
218000592,5,0,5
218000593,0,0,0
218000594,2,1,1
218000597,0,0,0
218000598,0,0,0
218000599,17,0,17
218000600,0,0,0
218000601,0,0,0
218000602,0,3,-3
218000603,0,1,-1
218000604,7,2,5
218000605,0,10,-10
218000606,26,0,26
218000607,13,22,-9
218000608,13,25,-12
218000609,3,31,-28
218000610,12,31,-19
218000611,28,13,15
218000612,2,42,-40
218000613,61,43,18
218000614,8,48,-40
218000615,77,11,66
218000616,2,91,-89
218000617,25,0,25
218000618,0,28,-28
218000619,2,18,-16
218000620,1,13,-12
218000621,0,0,0
218000622,0,4,-4
218000623,5,0,5
218000624,0,4,-4
218000625,4,0,4
218000626,0,1,-1
218000628,67,20,47
218000631,27,28,-1
218000632,2,36,-34
218000633,15,0,15
218000634,2,20,-18
218000635,12,8,4
218000636,424,1347,-923
218000637,460,506,-46
218000638,39,45,-6
218000639,9,197,-188
218000640,41,32,9
218000641,53,370,-317
218000652,92,63,29
218000653,127,37,90
218000663,1,132,-131
218000675,13,75,-62
218000680,136,661,-525
218000681,378,114,264
218000691,73,455,-382
218000693,81,130,-49
218000718,814,262,552
218000719,1148,40,1108
218000720,7,24,-17
218000721,35,10,25
218001147,6,545,-539
218001214,14,18,-4
218001258,63,0,63
218001329,180,85,95
218001330,160,126,34
218001351,14,9,5
218001352,3,14,-11
218001353,19,12,7
218001354,4,8,-4
218001355,59,415,-356
218001356,83,5,78
218001357,26,307,-281
218001358,88,7,81
218001361,87,11,76
218001362,1,646,-645
219000001,21,56,-35
219000002,16,42,-26
219000003,36,39,-3
219000004,39,35,4
219000017,90,12,78
219000020,59,11,48
219000022,76,1,75
219000023,51,1,50
219000029,0,75,-75
219000034,25,8,17
219000039,28,35,-7
219000040,18,12,6
219000041,48,39,9
219000051,0,53,-53
219000052,0,25,-25
219000053,0,328,-328
219000055,34,0,34
219000056,5,0,5
219000057,18,0,18
219000062,14,301,-287
219000063,36,4,32
219000064,1,20,-19
219000110,226,35,191
219000111,63,29,34
219000112,130,57,73
219000113,79,27,52
219000114,200,28,172
219000116,46,19,27
219000117,90,90,0
219000118,46,40,6
219000123,256,68,188
219000124,52,43,9
219000125,7,18,-11
219000126,74,97,-23
219000127,3,5,-2
219000128,17,75,-58
219000129,30,129,-99
219000130,1036,619,417
219000131,934,444,490
219000133,95,25,70
219000134,3,17,-14
219000135,27,45,-18
219000136,90,125,-35
219000138,46,10,36
219000139,10,54,-44
219000140,8,1,7
219000141,15,123,-108
219000142,13,95,-82
219000143,16,107,-91
219000145,11,33,-22
219000146,13,54,-41
219000147,0,60,-60
219000148,0,68,-68
219000149,27,165,-138
219000150,1,161,-160
219000151,2,81,-79
219000157,83,103,-20
219000158,125,202,-77
219000161,131,10,121
219000163,1386,392,994
219000166,38,140,-102
219000167,53,239,-186
219000168,223,70,153
219000174,171,86,85
219000175,25,0,25
219000176,34,7,27
219000177,13,4,9
219000178,8,3,5
219000179,6,1,5
219000180,31,26,5
219000182,53,8,45
219000183,9,36,-27
219000184,16,4,12
219000185,0,93,-93
219000186,9,40,-31
219000187,8,87,-79
219000189,159,96,63
219000190,92,194,-102
219000191,1710,602,1108
219000192,120,76,44
219000193,622,133,489
219000195,0,68,-68
219000196,4,135,-131
219000198,24,156,-132
219000199,125,142,-17
219000200,32,173,-141
219000201,89,212,-123
219000203,35,89,-54
219000204,87,157,-70
219000205,45,193,-148
219000207,235,184,51
219000209,20,160,-140
219000210,66,158,-92
219000213,11,322,-311
219000239,112,201,-89
219000240,113,237,-124
219000241,74,238,-164
219000242,60,198,-138
219000243,38,460,-422
219000244,14,158,-144
219000245,57,39,18
219000246,32,15,17
219000247,37,27,10
219000248,248,174,74
219000249,104,51,53
219000250,123,67,56
219000251,260,112,148
219000252,137,104,33
219000253,176,21,155
219000255,67,62,5
219000256,62,76,-14
219000257,23,0,23
219000262,59,263,-204
219000263,24,247,-223
219000267,3,178,-175
219000268,0,8,-8
219000269,5,1,4
219000270,0,0,0
219000271,43,1,42
219000278,0,14,-14
219000279,2,4,-2
219000283,0,8,-8
219000295,3,106,-103
219000296,33,510,-477
219000297,10,185,-175
219000298,10,268,-258
219000299,323,47,276
219000300,19,295,-276
219000301,206,216,-10
219000302,17,177,-160
219000307,17,41,-24
219000308,20,29,-9
219000311,121,41,80
219000312,306,38,268
219000313,75,25,50
219000314,86,431,-345
219000315,101,11,90
219000316,167,15,152
219000317,29,19,10
219000320,1,58,-57
219000321,0,22,-22
219000323,3,87,-84
219000325,0,33,-33
219000326,44,88,-44
219000327,27,28,-1
219000328,14,38,-24
219000329,201,75,126
219000330,14,15,-1
219000331,11,37,-26
219000332,59,77,-18
219000333,6,1,5
219000335,41,0,41
219000337,17,0,17
219000338,25,2,23
219000344,16,105,-89
219000345,56,85,-29
219000346,15,140,-125
219000348,50,213,-163
219000349,18,285,-267
219000350,10,39,-29
219000351,4,1,3
219000352,113,41,72
219000353,61,62,-1
219000354,67,127,-60
219000355,68,44,24
219000356,1822,284,1538
219000363,273,29,244
219000364,110,19,91
219000365,53,15,38
219000366,237,106,131
219000368,273,271,2
219000370,929,219,710
219000371,10,4,6
219000382,1,13,-12
219000383,740,476,264
219000385,477,322,155
219000386,902,1019,-117
219000387,2,2,0
219000390,6,1,5
219000391,4,0,4
219000397,36,80,-44
219000398,45,24,21
219000401,23,73,-50
219000402,11,78,-67
219000403,56,131,-75
219000404,18,71,-53
219000407,1,10,-9
219000409,15,30,-15
219000410,32,22,10
219000411,42,13,29
219000446,242,368,-126
219000447,1,20,-19
219000448,2,2,0
219000452,80,40,40
219000453,113,79,34
219000454,261,138,123
219000556,72,59,13
219000558,55,310,-255
219000590,11,171,-160
219000591,25,44,-19
219000592,72,379,-307
219000595,3,39,-36
219000635,60,12,48
219000636,15,115,-100
219000657,13,14,-1
219000658,5,20,-15
219000673,0,4,-4
219000676,11,4,7
219000679,17,6,11
219000684,39,1,38
219000685,9,135,-126
219000686,2,2,0
219000688,0,83,-83
219000689,77,102,-25
219000690,195,12,183
219000691,92,71,21
219000692,121,9,112
219000693,0,10,-10
219000694,1,0,1
219000695,5,4,1
219000698,11,0,11
219000699,0,20,-20
219000727,2,264,-262
219000728,99,2,97
219000770,14,1,13
219000771,1,25,-24
219000788,282,279,3
219001150,0,14,-14
219001151,0,2,-2
219001166,33,2,31
219001167,1,51,-50
219001178,25,2,23
220000001,19,24,-5
220000002,14,108,-94
220000003,265,194,71
220000004,443,419,24
220000005,1295,833,462
220000006,213,749,-536
220000007,202,658,-456
220000008,133,861,-728
220000009,124,330,-206
220000010,184,150,34
220000011,355,1806,-1451
220000012,225,487,-262
220000014,383,292,91
220000015,19,123,-104
220000017,23,260,-237
220000018,4370,709,3661
220000019,40,170,-130
220000020,143,203,-60
220000021,276,147,129
220000022,240,545,-305
220000023,84,166,-82
220000024,1168,205,963
220000025,397,281,116
220000026,149,122,27
220000027,52,82,-30
220000028,24,28,-4
220000029,625,350,275
220000030,217,142,75
220000031,91,224,-133
220000064,17,568,-551
221000046,3,0,3
221000047,0,2,-2
221000048,0,3,-3
221000049,0,14,-14
221000050,4,0,4
221000055,37,30,7
221000057,32,5,27
221000068,276,65,211
221000069,214,33,181
221000070,114,24,90
221000071,43,4,39
221000072,97,13,84
221000073,119,47,72
221000074,4,19,-15
221000075,27,22,5
221000076,4,42,-38
221000077,27,44,-17
221000081,16,7,9
221000082,21,2,19
221000083,46,1,45
221000084,5,1,4
221000085,17,72,-55
221000086,11,91,-80
221000087,5,142,-137
221000088,34,124,-90
221000089,44,155,-111
221000090,132,284,-152
221000098,87,14,73
221000099,86,6,80
221000100,48,2,46
221000101,174,10,164
221000102,76,13,63
221000109,3,68,-65
221000110,12,125,-113
221000111,22,176,-154
221000112,4,119,-115
221000113,21,189,-168
221000114,21,179,-158
221000120,6,19,-13
221000121,3,11,-8
221000122,2,21,-19
221000123,5,45,-40
221000124,12,233,-221
221000155,26,3,23
221000156,46,19,27
221000175,0,14,-14
221000176,4,1,3
221000182,22,5,17
221000241,631,138,493
221000242,193,206,-13
221000243,370,86,284
221000244,103,341,-238
221000245,59,95,-36
221000246,13,266,-253
221000247,47,114,-67
221000248,43,196,-153
221000267,25,685,-660
221000325,65,26,39
221000331,0,53,-53
221000338,1,2,-1
221000378,68,11,57
221000381,37,118,-81
222000282,16,1,15
222000296,0,5,-5
222000568,142,6,136
222000569,62,19,43
222000570,72,5,67
222000571,95,6,89
222000577,3,215,-212
222000578,18,170,-152
222000579,24,137,-113
222000580,153,676,-523
222000599,0,123,-123
222000600,4,228,-224
222000601,8,701,-693
222000603,23,15,8
222000604,23,22,1
222000605,19,5,14
222000606,0,10,-10
222000607,0,1,-1
222000608,3,10,-7
222000609,22,377,-355
222000616,55,49,6
222000617,4,3,1
222000618,1,0,1
222000620,56,7,49
222000621,22,17,5
222000623,261,1,260
222000624,237,2,235
222000625,204,11,193
222000636,28,6,22
222000686,37,8,29
222000687,33,21,12
222001066,175,1,174
222001067,4,12,-8
222001068,9,29,-20
222001069,14,20,-6
222001082,3,39,-36
222001083,6,57,-51
222001084,1,35,-34
222001085,0,45,-45
222001111,6,275,-269
222001112,14,68,-54
222001313,2,4,-2
222001314,1,82,-81
222001464,80,32,48
222001465,38,341,-303
222001484,33,41,-8
222001485,9,101,-92
222001494,93,87,6
222001495,38,509,-471
222001496,134,35,99
222001497,75,676,-601
222001502,23,108,-85
222001503,25,34,-9
222001504,11,163,-152
222001505,131,11,120
222001506,19,131,-112
222001507,149,11,138
222001510,148,18,130
222001511,27,361,-334
222001514,312,32,280
222001515,192,523,-331
222001518,92,44,48
222001519,16,418,-402
222001527,169,9,160
222001528,52,170,-118
222001529,59,31,28
222001530,23,251,-228
222001533,74,438,-364
222001534,79,33,46
222001535,46,77,-31
222001536,54,423,-369
222001537,174,18,156
222001538,16,409,-393
222001563,161,91,70
222001564,22,875,-853
222001568,196,70,126
222001576,0,0,0
222001579,0,1,-1
222001583,19,207,-188
222001584,33,29,4
222001596,409,1153,-744
222001597,477,165,312
222001626,1,127,-126
222001650,31,53,-22
222001651,37,91,-54
222001914,105,43,62
222001915,35,174,-139
222001968,421,98,323
222001969,439,928,-489
222001970,71,174,-103
222001971,6,14,-8
222001972,0,25,-25
225000001,257,90,167
225000002,150,53,97
225000003,166,57,109
225000004,147,165,-18
225000005,12,45,-33
225000006,1,108,-107
225000007,3324,812,2512
225000010,126,6,120
225000011,451,568,-117
225000012,87,354,-267
225000013,85,125,-40
225000014,484,68,416
225000015,55,237,-182
225000021,356,159,197
225000027,181,494,-313
225000032,488,140,348
225000042,52,567,-515
225000049,28,47,-19
225000050,22,13,9
225000053,6,110,-104
225000058,541,148,393
225000067,67,163,-96
225000068,31,518,-487
225000069,147,505,-358
225000070,54,470,-416
225000071,12,313,-301
225000075,33,646,-613
225000076,50,95,-45
225000078,48,24,24
225000085,25,68,-43
225000086,93,20,73
225000087,103,17,86
225000088,11,82,-71
225000089,389,380,9
225000090,22,293,-271
225000091,44,265,-221
225000092,26,47,-21
225000093,73,400,-327
225000094,11,507,-496
225000095,210,571,-361
225000096,167,352,-185
225000098,264,85,179
225000099,134,44,90
225000100,66,68,-2
225000104,40,464,-424
225000110,7,424,-417
225000111,160,960,-800
225000112,206,890,-684
225000113,101,693,-592
225000114,37,299,-262
225000115,2967,364,2603
225000116,824,61,763
225000117,633,327,306
225000118,573,252,321
225000119,116,32,84
225000120,353,49,304
225000121,218,31,187
225000123,577,10,567
225000125,184,296,-112
225000126,936,207,729
225000127,845,359,486
225000128,264,265,-1
225000132,134,22,112
225000133,118,19,99
225000134,310,62,248
225000135,13,3,10
225000136,111,5,106
225000137,49,41,8
225000138,202,39,163
225000143,79,129,-50
225000144,3,308,-305
225000145,10,40,-30
225000146,27,113,-86
225000147,7,354,-347
225000148,7,192,-185
225000149,25,460,-435
225000151,30,270,-240
225000155,247,299,-52
225000156,189,463,-274
225000157,116,328,-212
225000158,37,368,-331
225000171,3,185,-182
225000180,22,0,22
225000181,0,37,-37
225000182,58,11,47
225000185,15,260,-245
225000187,46,362,-316
225000191,75,1,74
225000194,0,5,-5
225000208,0,26,-26
225000209,31,11,20
225000210,3,144,-141
225000217,0,13,-13
225000218,2,0,2
225000223,0,60,-60
225000224,553,2,551
225000225,0,9,-9
225000226,27,0,27
225000227,26,41,-15
225000228,0,8,-8
225000229,0,72,-72
225000230,3,0,3
225000231,0,79,-79
225000232,40,0,40
225000241,113,2,111
225000242,1,38,-37
225000249,16,9,7
225000250,40,819,-779
225000251,153,14,139
226000042,131,207,-76
226000043,106,221,-115
226000044,162,560,-398
226000045,192,610,-418
226000046,260,47,213
226000047,215,51,164
226000048,264,60,204
226000049,148,74,74
226000070,0,20,-20
226000071,0,62,-62
226000072,0,21,-21
226000073,0,8,-8
226000074,0,3,-3
226000084,0,24,-24
226000085,3,23,-20
226000086,13,4,9
226000087,5,3,2
226000088,12,13,-1
226000090,67,38,29
226000091,22,5,17
226000092,4,0,4
226000093,54,0,54
226000094,8,2,6
226000095,36,4,32
226000105,19,0,19
226000106,9,0,9
226000107,3,0,3
226000108,33,0,33
226000109,16,0,16
226000124,69,35,34
226000134,216,292,-76
226000135,512,465,47
226000136,119,201,-82
226000137,3,156,-153
226000138,9,317,-308
226000139,2,114,-112
226000156,43,1,42
226000157,51,14,37
226000163,179,425,-246
226000202,19,512,-493
226000231,147,5,142
226000232,16,2,14
227000037,57,14,43
227000038,122,30,92
227000049,0,18,-18
227000050,1,77,-76
227000055,42,0,42
227000056,12,1,11
227000084,0,15,-15
227000085,0,18,-18
227000088,35,2,33
227000089,50,0,50
227000090,5,1,4
227000091,9,0,9
227000093,27,0,27
227000094,3,1,2
227000130,28,54,-26
227000131,9,370,-361
227000132,29,306,-277
227000133,13,339,-326
227000134,11,405,-394
227000152,0,2,-2
227000153,0,28,-28
227000155,0,16,-16
227000156,0,9,-9
227000165,0,14,-14
227000196,23,389,-366
227000199,120,14,106
227000230,21,258,-237
227000232,124,19,105
227000241,166,15,151
227000242,68,442,-374
227000243,322,48,274
227000244,224,41,183
227000245,19,213,-194
227000246,41,418,-377
227000247,131,49,82
227000248,118,17,101
227000249,17,285,-268
227000251,199,364,-165
227000252,11,308,-297
227000253,60,12,48
227000262,147,18,129
227000266,246,15,231
227000267,21,1333,-1312
227000486,372,92,280
227000655,39,3,36
227000661,91,3,88
227000680,59,11,48
229000265,1,36,-35
229000296,1,6,-5
229000297,1,59,-58
229000298,3,85,-82
229000320,0,7,-7
229000321,6,0,6
229000412,3,18,-15
229000414,2,38,-36
229000415,6,0,6
229000416,1,4,-3
229000417,1,8,-7
229000419,49,105,-56
229000440,136,44,92
229000442,5,1,4
229000443,1,4,-3
229000444,0,19,-19
229000445,18,5,13
229000446,37,12,25
229000847,13,0,13
229000848,3,0,3
229000849,43,0,43
229000851,10,0,10
229000854,0,40,-40
229000856,2,97,-95
229000857,0,38,-38
229000858,0,99,-99
229000919,3,90,-87
229000930,13,180,-167
229000937,59,10,49
229000966,22,26,-4
229000981,19,62,-43
229000985,2,14,-12
229000986,0,2,-2
229000987,0,0,0
229000988,0,2,-2
229000989,1,1,0
229000990,0,0,0
229000991,0,0,0
229000992,2,4,-2
229000993,98,13,85
229000998,7,60,-53
229000999,29,8,21
229001034,0,9,-9
229001035,0,0,0
229001037,25,26,-1
229001042,9,7,2
229001047,0,24,-24
229001050,15,39,-24
229001200,11,2,9
229001338,38,17,21
229001394,172,3,169
229001422,82,20,62
229001423,15,96,-81
229001431,28,47,-19
229001432,34,60,-26
229001444,67,49,18
229001445,24,125,-101
229001503,130,72,58
229001504,67,182,-115
229001505,29,50,-21
229001506,36,131,-95
229001509,25,9,16
229001545,46,13,33
229001546,1,80,-79
229001553,34,13,21
229001554,7,74,-67
229001559,1,6,-5
229001560,0,28,-28
229001630,62,6,56
229001631,6,24,-18
229001635,0,4,-4
229001636,0,0,0
229001658,0,67,-67
229001659,50,5,45
229001660,0,0,0
229001661,1,21,-20
229001662,18,0,18
229001663,0,19,-19
229002584,75,101,-26
229002831,109,46,63
229002841,1,19,-18
229002842,0,17,-17
229002843,16,19,-3
229002844,14,26,-12
229002845,35,29,6
229002846,13,9,4
229002847,2,0,2
229002848,0,2,-2
229002849,1,42,-41
229002850,2,0,2
229002851,12,58,-46
229002852,18,8,10
229002853,35,13,22
229002854,13,22,-9
229002855,5,35,-30
229002856,10,5,5
229002857,0,22,-22
229002858,1,1,0
229002859,6,12,-6
229002860,12,1,11
229002861,11,5,6
229002862,4,11,-7
229002863,2,18,-16
229002864,0,20,-20
229002865,16,4,12
229002866,24,7,17
229002867,0,6,-6
229002868,3,2,1
229002869,6,109,-103
229002870,8,3,5
235000066,199,37,162
235000067,68,49,19
235000072,10,16,-6
235000073,46,104,-58
235000074,22,34,-12
235000080,20,103,-83
235000081,31,110,-79
235000082,86,47,39
235000083,66,62,4
235000084,23,42,-19
235000085,23,41,-18
235000089,6,11,-5
235000092,1,75,-74
235000093,1,4,-3
235000097,1,6,-5
235000098,17,10,7
235000099,14,14,0
235000116,34,17,17
235000117,466,2,464
235000133,9,120,-111
235000134,8,46,-38
235000206,2,1,1
235000207,0,1,-1
235000208,3,0,3
235000209,3,0,3
235000210,2,0,2
235000212,0,19,-19
235000213,2,9,-7
235000220,0,0,0
235000221,28,3,25
235000238,13,11,2
235000239,0,3,-3
235000242,98,106,-8
235000245,723,175,548
235000246,7,50,-43
235000284,3,103,-100
235000295,73,0,73
235000305,64,3,61
235000306,16,0,16
235000307,20,0,20
235000308,23,0,23
235000309,15,0,15
235000310,2,0,2
235000311,5,6,-1
235000322,0,16,-16
235000323,0,84,-84
235000324,0,15,-15
235000325,2,22,-20
235000326,13,272,-259
235000351,0,77,-77
235000352,10,38,-28
235000353,3,26,-23
235000354,1,33,-32
235000355,3,39,-36
235000356,17,2,15
235000357,26,5,21
235000358,9,11,-2
235000359,0,4,-4
235000360,43,4,39
235000361,7,2,5
235000381,22,270,-248
235000382,85,27,58
235000390,22,0,22
235000391,31,35,-4
235000392,28,82,-54
235000393,22,48,-26
235000395,40,19,21
235000396,98,34,64
235000400,53,54,-1
235000401,4,165,-161
235000405,38,274,-236
235000406,10,189,-179
235000407,39,103,-64
235000409,208,120,88
235000410,23,161,-138
235000411,0,67,-67
235000485,0,10,-10
235000486,0,0,0
235000549,16,28,-12
235000550,14,139,-125
235000599,23,54,-31
235000600,4,3,1
235000601,12,19,-7
235000602,29,77,-48
235000614,6,1,5
235000648,0,20,-20
235000649,17,2,15
235000685,2,8,-6
235000815,6,15,-9
235000834,0,6,-6
235000855,20,19,1
235000862,6,162,-156
235000891,0,4,-4
235000892,6,3,3
235000901,16,34,-18
235000907,4,11,-7
235001010,16,44,-28
235001029,426,234,192
235001030,169,67,102
235001078,48,64,-16
235001079,42,70,-28
235001147,19,19,0
235001166,1,61,-60
235001167,6,19,-13
235001169,53,292,-239
235001188,1,7,-6
235001189,0,0,0
235001197,13,20,-7
235001200,24,13,11
235001207,87,29,58
235001210,41,272,-231
235001215,31,221,-190
235001239,1,19,-18
235001244,0,4,-4
235016267,0,30,-30
277102712,2,0,2
277103813,0,0,0
277104249,0,2,-2
277104250,0,12,-12
277104251,0,10,-10
277104252,0,1,-1
990011530,0,164,-164
990014944,0,370,-370
990015176,4,0,4
990016032,0,253,-253
990032570,1,38,-37
990070001,44,1,43
990070103,0,4,-4
990070601,0,32,-32
990070751,125,3,122
990070766,0,636,-636
990071180,227,141,86
990071343,25,0,25
990071387,0,4,-4
990071823,12,1,11
990072600,2,532,-530
990072964,1,388,-387
990073285,0,2,-2
990074393,3,982,-979
990074870,267,2,265
990075106,126,3,123
990075746,109,0,109
990076437,266,20,246
990076458,3,1235,-1232
997000007,77,3,74
997000041,0,66,-66
997000058,9,0,9
997000062,14,0,14
997000069,0,1,-1
997000070,0,57,-57
997000100,5,1,4
997000141,0,255,-255
997000198,208,154,54
998000475,0,5,-5
998000736,0,338,-338
998000965,0,0,0
998001031,0,46,-46
998001700,0,17,-17
998001899,0,0,0
998001900,2,4,-2
998003073,225,5,220
998101900,0,0,0
998102850,0,60,-60
998501927,340,248,92
998501929,42,2,40
998501930,55,0,55
998501931,103,70,33
998501932,9,0,9
998501933,14,1,13
998501937,9,4,5
998501944,0,2,-2
998501950,0,2,-2
998501970,15,9,6
998501971,0,47,-47
998501973,1,61,-60
998501974,1,191,-190
998501975,99,2,97
998501976,105,60,45
998501977,0,14,-14
998501978,12,0,12
998501979,0,6,-6
998501980,58,4,54
998501981,12,10,2
998501982,0,57,-57
998501983,0,0,0
998502006,0,1,-1
998502024,0,1,-1
998502032,1,1,0
998502062,9,0,9
998502063,0,0,0
998502173,27,0,27
998502269,0,31,-31
998502546,0,88,-88
998502578,0,3,-3
998502599,93,176,-83
998502621,0,1,-1
998601159,0,252,-252
998601292,0,21,-21
999033574,2,591,-589
999800001,16,1,15
999800002,0,2,-2
999800003,1,3,-2
999800004,0,0,0
999800005,0,3,-3
