ID,insum,outsum,diff
100000001,468,283,185
100000002,996,499,497
100000003,4939,1105,3834
100000004,1273,493,780
100000005,1278,1448,-170
100000006,134,48,86
100000007,490,269,221
100000008,98,494,-396
100000009,186,112,74
100000010,10,29,-19
100000011,170,42,128
100000012,33,507,-474
100000013,16,156,-140
100000014,209,319,-110
100000015,869,521,348
100000016,763,984,-221
100000017,363,909,-546
100000018,1145,475,670
100000019,4891,1103,3788
100000020,1438,1378,60
100000021,6058,1280,4778
100000022,943,484,459
100000023,5275,444,4831
100000025,1875,239,1636
100000028,1411,584,827
100000029,289,138,151
100000030,645,26,619
100000031,2930,2091,839
100000032,2651,1531,1120
100000033,442,1132,-690
100000034,610,173,437
100000035,1277,478,799
100000036,2121,584,1537
100000037,198,328,-130
100000038,654,500,154
100000039,338,110,228
100000040,64,95,-31
100000041,293,211,82
100000042,209,182,27
100000043,245,124,121
100000044,360,585,-225
100000045,317,1149,-832
100000046,417,1127,-710
100000047,185,750,-565
100000048,261,610,-349
100000049,1176,2238,-1062
100000051,222,968,-746
100000053,6,6,0
100000054,50,24,26
100000055,308,193,115
100000056,112,373,-261
100000057,913,578,335
100000058,404,1044,-640
100000059,0,52,-52
100000060,172,195,-23
100000061,749,282,467
100000062,978,315,663
100000063,282,231,51
100000064,333,251,82
100000065,214,874,-660
100000066,90,782,-692
100000067,288,685,-397
100000068,353,1260,-907
100000069,149,1508,-1359
100000072,381,993,-612
100000073,849,1055,-206
100000075,303,326,-23
100000076,1515,1071,444
100000077,501,49,452
100000078,65,0,65
100000079,60,23,37
100000080,2,4,-2
100000081,18,7,11
100000102,1572,632,940
100000103,2683,376,2307
100000104,3491,665,2826
100000105,3544,326,3218
100000106,1785,612,1173
100000107,286,146,140
100000108,578,911,-333
100000109,2474,875,1599
100000116,800,202,598
100000117,19,29,-10
100000118,712,370,342
100000119,303,371,-68
100000121,110,579,-469
100000122,522,558,-36
100000123,3155,2960,195
100000124,5785,3052,2733
100000125,2502,547,1955
100000126,533,192,341
100000127,1299,308,991
100000128,687,606,81
100000129,338,304,34
100000130,189,410,-221
100000131,3481,1681,1800
100000132,1364,704,660
100000133,8311,2109,6202
100000135,272,309,-37
100000139,113,173,-60
100000140,72,94,-22
100000142,173,492,-319
100000143,1412,865,547
100000144,3068,922,2146
100000147,619,1131,-512
100000150,6,383,-377
100000151,350,240,110
100000153,214,145,69
100000154,40,29,11
100000155,4,10,-6
100000156,12,47,-35
100000157,35,113,-78
100000158,45,72,-27
100000159,252,321,-69
100000165,840,515,325
100000169,489,232,257
100000174,1345,296,1049
100000179,120,424,-304
100000180,284,662,-378
100000181,94,187,-93
100000188,37,280,-243
100000189,342,237,105
100000190,298,148,150
100000191,294,235,59
100000192,78,34,44
100000193,59,79,-20
100000330,1628,217,1411
100000355,47,350,-303
100000362,4080,2742,1338
100000363,1215,2331,-1116
100000364,217,125,92
100000365,2033,2786,-753
100000366,2834,1692,1142
100000367,1439,2163,-724
100000368,1734,1461,273
100000369,610,700,-90
100000370,40,145,-105
100000376,46,69,-23
100000379,1926,755,1171
100000380,2188,950,1238
100000384,4458,1196,3262
100000385,4844,1548,3296
100000386,7079,1596,5483
100000387,6517,1596,4921
100000388,9948,1476,8472
100000389,8711,1558,7153
100000390,9715,1406,8309
100000391,6065,1380,4685
100000392,2499,653,1846
100000393,803,567,236
100000394,4526,1418,3108
100000395,1977,521,1456
100000396,3431,992,2439
100000397,1548,819,729
100000398,8513,5761,2752
100000413,39,2,37
100000414,428,134,294
100900002,0,37,-37
100900003,105,48,57
100900004,15,640,-625
100900005,66,3,63
100900006,2,159,-157
100900007,225,2,223
100900008,4,399,-395
100900009,3,8,-5
100900010,10,101,-91
100900011,8,294,-286
100900012,1,192,-191
100900013,135,2,133
100900014,0,3,-3
100900015,89,70,19
100900016,1,27,-26
100900017,194,8,186
100900018,0,9,-9
100900019,7,12,-5
100900020,107,0,107
100900021,257,1,256
100900022,2,9,-7
100900023,0,4,-4
100900024,306,0,306
100900025,13,2,11
100900026,7,131,-124
100900027,304,815,-511
100900028,70,73,-3
100900029,78,4,74
100900030,0,9,-9
100900031,79,3,76
100900032,65,1,64
100900033,176,34,142
100900034,157,0,157
100900035,321,0,321
100900036,10,0,10
100900037,7,207,-200
100900038,21,6,15
100900039,177,478,-301
100900040,51,776,-725
100900041,81,861,-780
100900042,184,274,-90
100900043,0,0,0
100900044,2318,166,2152
100900045,26,0,26
100900046,334,4,330
100900047,474,19,455
100900048,36,0,36
100900049,15,164,-149
100900050,0,15,-15
100900051,31,19,12
100900052,33,6,27
100900053,81,8,73
100900054,2,66,-64
100900055,77,159,-82
100900056,87,134,-47
100900057,309,198,111
100900058,75,10,65
100900059,9,0,9
100900060,31,21,10
100900061,195,144,51
100900062,1,47,-46
100900063,71,162,-91
100900064,231,3,228
100900065,49,35,14
100900066,9,23,-14
100900067,1,14,-13
100900068,14,86,-72
100900069,157,0,157
100900070,28,1,27
100900071,414,140,274
100900072,0,61,-61
100900073,9,397,-388
100900074,0,6,-6
100900075,1968,147,1821
100900076,9,21,-12
100900077,3,87,-84
100900078,40,63,-23
100900079,0,33,-33
100900080,3,113,-110
100900081,10,32,-22
100900082,25,776,-751
100900083,2,40,-38
100900085,1,57,-56
100900086,32,217,-185
100900088,10,620,-610
100900089,0,27,-27
100900090,53,233,-180
100900091,1,13,-12
100900092,49,60,-11
100900093,39,80,-41
100900094,23,630,-607
100900095,1,25,-24
100900096,3,53,-50
100900097,1,8,-7
100900098,2,23,-21
100900099,16,399,-383
100900100,1,160,-159
100900101,277,15,262
100900102,8,7,1
100900103,1,12,-11
100900104,17,88,-71
100900105,6,52,-46
100900106,48,0,48
100900107,1121,271,850
100900108,3,1,2
100900109,2,18,-16
100900110,0,0,0
100900111,58,62,-4
100900112,0,4,-4
100900113,1,23,-22
100900114,0,12,-12
100900115,0,11,-11
100900116,413,155,258
100900117,105,180,-75
100900118,1,41,-40
100900119,1,19,-18
100900120,0,20,-20
100900121,153,122,31
100900122,60,111,-51
100900123,26,34,-8
100900124,3,3,0
100900125,4,59,-55
100900126,26,91,-65
100900127,1,3,-2
100900128,69,69,0
100900129,0,56,-56
100900131,16,76,-60
100900133,26,28,-2
100900134,0,0,0
100900135,0,78,-78
100900137,199,127,72
100900138,194,79,115
100900139,0,7,-7
100900140,2,705,-703
100900141,1,141,-140
100900142,1,1,0
100900143,816,162,654
100900144,12,1,11
100900145,6,47,-41
100900147,0,135,-135
100900148,30,775,-745
100900149,54,40,14
100900151,41,468,-427
100900152,53,0,53
100900153,9,83,-74
100900154,35,8,27
100900155,0,3,-3
100900156,16,0,16
100900157,1,63,-62
100900159,0,6,-6
100900160,1,9,-8
100900161,131,0,131
100900162,3,117,-114
100900163,64,111,-47
100900164,7,13,-6
100900165,8,27,-19
100900166,19,0,19
100900167,5,55,-50
100900168,8,91,-83
100900169,148,879,-731
100900170,5,5,0
100900171,6,757,-751
100900172,0,7,-7
100900173,4,509,-505
100900174,131,34,97
100900176,821,21,800
100900177,705,97,608
100900178,87,84,3
100900179,39,21,18
100900180,0,3,-3
100900181,43,13,30
100900182,3,6,-3
100900184,0,100,-100
100900186,716,424,292
100900187,4,183,-179
100900188,9,5,4
100900189,474,90,384
100900191,783,316,467
100900192,151,102,49
100900195,44,84,-40
100900197,0,0,0
100900198,14,130,-116
100900199,0,0,0
100900200,380,226,154
100900201,14,621,-607
100900202,3,0,3
100900203,0,36,-36
100900204,117,70,47
100900205,57,131,-74
100900206,12,13,-1
100900207,97,24,73
100900210,31,530,-499
100900211,165,29,136
100900213,16,20,-4
100900214,612,45,567
100900215,1,19,-18
100900217,71,29,42
101000001,3497,1837,1660
101000002,2215,1720,495
101000003,462,1035,-573
101000004,7280,4695,2585
101000005,3583,3237,346
101000006,6200,4103,2097
101000007,1477,1733,-256
101000009,837,1790,-953
101000010,507,1116,-609
101000011,1414,426,988
101000012,1530,167,1363
101000013,375,438,-63
101000014,406,391,15
101000015,512,651,-139
101000016,205,283,-78
101000017,311,340,-29
101000018,3468,1719,1749
101000020,3675,673,3002
101000021,818,172,646
101000022,221,29,192
101000023,1067,477,590
101000025,53,182,-129
101000026,366,17,349
101000027,1006,875,131
101000028,606,104,502
101000029,11,425,-414
101000030,370,21,349
101000031,155,45,110
101000032,3495,1330,2165
101000033,2111,1180,931
101000034,2084,561,1523
101000035,1078,120,958
101000036,1274,263,1011
101000037,4256,664,3592
101000039,2763,455,2308
101000040,3290,1467,1823
101000041,6487,1995,4492
101000042,301,234,67
101000043,4210,1259,2951
101000045,774,171,603
101000046,1167,503,664
101000047,575,542,33
101000048,495,594,-99
101000049,420,417,3
101000050,1086,314,772
101000051,1479,528,951
101000052,1355,256,1099
101000053,759,899,-140
101000054,1196,980,216
101000055,1149,460,689
101000056,42,37,5
101000057,2002,259,1743
101000058,1418,347,1071
101000059,2591,958,1633
101000060,1702,144,1558
101000061,1174,338,836
101000062,1602,130,1472
101000063,383,125,258
101000064,1248,186,1062
101000065,135,225,-90
101000066,196,137,59
101000067,539,221,318
101000068,246,150,96
101000069,253,49,204
101000070,1238,354,884
101000071,1301,481,820
101000072,630,1651,-1021
101000073,393,326,67
101000074,2916,1123,1793
101000075,4910,1736,3174
101000077,657,658,-1
101000078,700,1028,-328
101000079,262,388,-126
101000080,377,351,26
101000081,807,715,92
101000082,2718,1719,999
101000083,1087,963,124
101000084,1028,1036,-8
101000085,1122,755,367
101000086,1215,713,502
101000087,675,988,-313
101000088,558,562,-4
101000089,614,751,-137
101000090,2140,1133,1007
101000091,208,1403,-1195
101000092,538,848,-310
101000093,1088,473,615
101000094,339,836,-497
101000095,101,636,-535
101000096,172,552,-380
101000097,143,200,-57
101000098,334,441,-107
101000099,880,802,78
101000100,667,369,298
101000101,247,258,-11
101000102,639,204,435
101000103,543,333,210
101000104,190,223,-33
101000105,757,121,636
101000106,370,409,-39
101000107,80,245,-165
101000108,1192,290,902
101000109,69,47,22
101000110,11,563,-552
101000111,72,139,-67
101000113,63,252,-189
101000114,1460,746,714
101000115,49,100,-51
101000116,59,98,-39
101000117,101,199,-98
101000119,127,17,110
101000120,145,7,138
101000121,51,3,48
101000122,55,31,24
101000123,16,9,7
101000124,118,217,-99
101000125,99,300,-201
101000128,663,255,408
101000130,167,133,34
101000131,294,642,-348
101000132,164,1492,-1328
101000135,47,7,40
101000136,156,34,122
101000137,27,90,-63
101000141,1928,801,1127
101000147,800,575,225
101000148,2375,28,2347
101000149,79,15,64
101000150,22,1041,-1019
101000151,15,92,-77
101000152,263,225,38
101000153,611,332,279
101000154,51,1516,-1465
101000155,90,97,-7
101000156,18,214,-196
101000157,50,10,40
101000160,27,55,-28
101000163,61,51,10
101000164,504,325,179
101000165,142,242,-100
101000166,180,260,-80
101000168,507,228,279
101000252,767,481,286
101000254,229,21,208
101000258,37,4,33
101000261,51,81,-30
101000262,467,774,-307
101000263,81,318,-237
101000265,20,427,-407
101000266,140,108,32
101000269,85,9,76
101000290,1037,961,76
101000293,1,83,-82
101000294,327,384,-57
101000295,112,322,-210
101000301,652,109,543
101000304,1358,2138,-780
101000305,1792,1235,557
101000328,77,259,-182
101900001,10,52,-42
101900002,1,3,-2
101900003,72,41,31
101900004,3,20,-17
101900005,4455,413,4042
101900006,718,126,592
101900007,242,19,223
101900008,93,126,-33
101900009,23,141,-118
101900010,859,236,623
101900011,161,494,-333
101900012,40,99,-59
101900013,667,35,632
101900017,8,38,-30
101900018,1868,71,1797
101900019,75,23,52
101900020,8,61,-53
101900021,0,16,-16
101900022,15,1148,-1133
101900023,15,249,-234
101900026,52,26,26
101900027,7,84,-77
102000001,1518,2753,-1235
102000002,2244,988,1256
102000003,2979,2258,721
102000004,7695,1495,6200
102000005,1126,1199,-73
102000006,1881,887,994
102000007,1234,2428,-1194
102000008,6227,1139,5088
102000009,4250,4755,-505
102000010,5374,1970,3404
102000011,1447,1661,-214
102000012,2571,2723,-152
102000018,2741,1506,1235
102000019,2196,922,1274
102000026,166,334,-168
102000029,405,172,233
102000030,45,196,-151
102000031,18,187,-169
102000032,126,275,-149
102000033,75,352,-277
102000034,246,256,-10
102000035,608,327,281
102000036,1,108,-107
102000037,111,52,59
102000038,67,82,-15
102000039,72,32,40
102000040,319,50,269
102000041,74,114,-40
102000042,82,65,17
102000043,112,89,23
102000044,165,394,-229
102000045,528,858,-330
102000046,583,290,293
102000047,478,918,-440
102000048,136,612,-476
102000049,489,499,-10
102000050,640,732,-92
102000051,182,353,-171
102000052,764,741,23
102000053,422,538,-116
102000054,245,674,-429
102000055,534,963,-429
102000056,392,1086,-694
102000057,1197,338,859
102000058,889,1702,-813
102000059,1171,1020,151
102000060,911,795,116
102000061,632,2435,-1803
102000062,585,1163,-578
102000063,785,1183,-398
102000064,425,510,-85
102000065,22,96,-74
102000066,731,833,-102
102000067,1645,1990,-345
102000068,7353,2335,5018
102000069,50,1256,-1206
102000070,2080,46,2034
102000071,6173,7627,-1454
102000072,2841,4026,-1185
102000073,356,661,-305
102000074,391,693,-302
102000075,121,314,-193
102000076,211,358,-147
102000077,212,1288,-1076
102000078,491,661,-170
102000079,61,278,-217
102000080,88,172,-84
102000081,203,713,-510
102000082,461,216,245
102000083,133,584,-451
102000084,86,445,-359
102000085,1064,999,65
102000086,708,986,-278
102000087,354,1738,-1384
102000088,203,300,-97
102000089,595,484,111
102000090,236,1067,-831
102000091,1080,408,672
102000092,391,582,-191
102000093,619,488,131
102000094,970,320,650
102000095,712,625,87
102000096,1013,357,656
102000097,1278,466,812
102000098,499,518,-19
102000099,573,304,269
102000100,914,349,565
102000101,1183,170,1013
102000102,213,1189,-976
102000103,889,233,656
102000104,954,275,679
102000105,71,846,-775
102000106,426,850,-424
102000107,405,452,-47
102000108,370,267,103
102000109,166,413,-247
102000110,357,1520,-1163
102000111,4,285,-281
102000112,61,76,-15
102000113,7,21,-14
102000114,933,195,738
102000115,169,122,47
102000116,304,202,102
102000117,161,407,-246
102000118,1680,793,887
102000119,2495,327,2168
102000120,49,354,-305
102000121,641,431,210
102000122,211,574,-363
102000123,1066,640,426
102000124,666,616,50
102000125,733,531,202
102000126,386,470,-84
102000127,672,477,195
102000128,333,880,-547
102000129,575,799,-224
102000130,276,519,-243
102000131,689,448,241
102000132,319,323,-4
102000133,796,2459,-1663
102000134,257,593,-336
102000135,1048,325,723
102000136,844,235,609
102000137,703,542,161
102000138,137,298,-161
102000139,30,227,-197
102000140,170,144,26
102000141,91,429,-338
102000142,77,248,-171
102000143,26,325,-299
102000144,54,400,-346
102000145,105,377,-272
102000146,120,236,-116
102000147,170,171,-1
102000148,145,120,25
102000149,66,595,-529
102000150,79,173,-94
102000151,59,328,-269
102000152,68,103,-35
102000153,485,116,369
102000154,312,405,-93
102000155,81,153,-72
102000156,325,24,301
102000157,71,116,-45
102000158,179,144,35
102000159,1372,125,1247
102000161,3739,726,3013
102000162,130,100,30
102000163,81,268,-187
102000164,771,330,441
102000165,285,82,203
102000166,96,130,-34
102000167,137,117,20
102000168,105,107,-2
102000169,62,222,-160
102000170,495,89,406
102000171,110,59,51
102000172,16,147,-131
102000173,132,168,-36
102000174,10,34,-24
102000175,73,129,-56
102000176,16,25,-9
102000178,146,550,-404
102000179,109,151,-42
102000180,233,590,-357
102000181,254,696,-442
102000182,252,687,-435
102000183,698,1615,-917
102000184,681,801,-120
102000185,760,1594,-834
102000186,336,1776,-1440
102000187,302,1691,-1389
102000188,294,1323,-1029
102000189,2661,666,1995
102000190,521,1126,-605
102000191,1161,489,672
102000192,457,637,-180
102000193,8,168,-160
102000194,29,102,-73
102000195,202,441,-239
102000196,70,515,-445
102000197,194,456,-262
102000198,41,817,-776
102000199,200,373,-173
102000200,115,1117,-1002
102000201,211,407,-196
102000202,6,160,-154
102000203,148,297,-149
102000204,152,1044,-892
102000205,400,861,-461
102000206,271,580,-309
102000207,388,408,-20
102000208,126,501,-375
102000209,39,42,-3
102000210,110,572,-462
102000211,75,364,-289
102000212,51,22,29
102000213,1,339,-338
102000214,48,18,30
102000215,2,617,-615
102000216,17,31,-14
102000217,7,197,-190
102000218,84,33,51
102000219,287,305,-18
102000225,960,652,308
102000226,2168,199,1969
102000227,49,2,47
102000228,1,97,-96
102000229,23,19,4
102000230,171,694,-523
102000231,175,403,-228
102000232,7,116,-109
102000233,287,413,-126
102000234,45,1315,-1270
102000236,230,32,198
102000237,360,125,235
102000238,141,238,-97
102000240,720,426,294
102000241,216,93,123
102000243,5,46,-41
102000245,13,138,-125
102000246,4,14,-10
102000247,1066,758,308
102000248,458,542,-84
102000249,63,125,-62
102000250,24,435,-411
102000254,28,542,-514
102000266,31,75,-44
102000271,11,0,11
102000286,321,200,121
102000297,1226,587,639
102000307,0,5,-5
102000316,163,328,-165
102900001,763,714,49
102900002,211,30,181
102900003,19,297,-278
102900005,108,290,-182
102900006,269,204,65
102900007,195,22,173
102900008,131,99,32
102900009,382,67,315
102900010,451,392,59
102900011,1846,208,1638
102900012,249,34,215
102900013,5,74,-69
102900015,599,90,509
102900016,17,84,-67
102900017,37,486,-449
102900018,4,109,-105
102900019,199,335,-136
102900020,38,42,-4
102900021,0,126,-126
102900022,159,22,137
102900023,20,52,-32
102900024,8,31,-23
102900025,188,83,105
102900026,380,899,-519
102900027,35,50,-15
102900028,45,254,-209
102900029,78,68,10
102900030,206,141,65
102900031,53,130,-77
102900032,23,128,-105
102900033,79,199,-120
102900034,122,142,-20
102900035,33,509,-476
102900036,77,487,-410
102900037,155,662,-507
102900038,196,418,-222
102900039,10,254,-244
102900040,40,146,-106
102900041,19,104,-85
102900042,100,297,-197
102900043,70,235,-165
102900044,340,1635,-1295
102900045,20,454,-434
102900046,62,265,-203
102900047,23,694,-671
102900048,263,721,-458
102900049,54,287,-233
102900050,156,306,-150
102900051,76,165,-89
102900053,234,680,-446
102900054,651,470,181
102900055,31,48,-17
102900056,64,375,-311
102900057,2,9,-7
102900058,300,24,276
102900059,1,26,-25
102900060,36,376,-340
102900061,31,427,-396
102900062,50,1332,-1282
102900063,368,318,50
102900064,100,308,-208
102900065,1420,356,1064
102900066,219,41,178
102900068,31,49,-18
102900070,61,598,-537
102900072,5,15,-10
102900073,55,3,52
102900075,13,40,-27
102900076,233,37,196
102900077,25,20,5
102900078,27,61,-34
102900079,179,4,175
102900080,175,19,156
102900081,79,161,-82
102900082,2,246,-244
102900083,349,10,339
102900084,0,8,-8
102900085,48,48,0
102900086,3,12,-9
102900087,24,121,-97
102900088,10,30,-20
102900089,181,105,76
102900090,1,318,-317
102900091,22,0,22
102900092,37,796,-759
102900094,0,55,-55
102900095,109,0,109
102900096,24,7,17
102900097,0,86,-86
103000001,1536,2106,-570
103000002,1384,1535,-151
103000003,2206,1877,329
103000004,846,443,403
103000005,1643,1619,24
103000006,398,974,-576
103000007,432,681,-249
103000008,794,1043,-249
103000009,400,550,-150
103000010,249,166,83
103000011,1492,567,925
103000012,747,782,-35
103000013,6020,1519,4501
103000014,943,852,91
103000015,2513,713,1800
103000016,392,539,-147
103000017,46,216,-170
103000018,884,280,604
103000019,63,111,-48
103000020,1353,1003,350
103000021,883,849,34
103000022,660,952,-292
103000023,251,723,-472
103000024,139,165,-26
103000025,44,147,-103
103000026,1655,120,1535
103000027,235,125,110
103000028,678,177,501
103000029,443,68,375
103000030,1444,323,1121
103000031,1150,889,261
103000032,1519,1355,164
103000033,2159,1755,404
103000034,1384,492,892
103000035,359,606,-247
103000036,406,290,116
103000037,613,250,363
103000038,446,432,14
103000039,109,404,-295
103000040,168,1123,-955
103000041,1227,2983,-1756
103000042,467,698,-231
103000043,201,1193,-992
103000044,99,317,-218
103000046,143,249,-106
103000047,344,541,-197
103000048,82,167,-85
103000049,72,172,-100
103000050,372,626,-254
103000051,177,405,-228
103000052,539,274,265
103000053,120,314,-194
103000054,1303,823,480
103000055,1055,1258,-203
103000056,361,2188,-1827
103000057,324,285,39
103000058,336,881,-545
103000059,240,814,-574
103000060,722,712,10
103000061,238,744,-506
103000062,752,766,-14
103000063,503,595,-92
103000064,63,289,-226
103000065,5,314,-309
103000066,65,8,57
103000069,81,296,-215
103000070,361,1159,-798
103000071,514,290,224
103000072,86,814,-728
103000073,187,103,84
103000074,336,59,277
103000075,100,726,-626
103000076,125,145,-20
103000077,23,314,-291
103000078,1100,232,868
103000079,1166,382,784
103000080,894,131,763
103000081,351,417,-66
103000082,226,86,140
103000083,80,314,-234
103000084,125,7,118
103000085,2,63,-61
103000086,575,165,410
103000087,78,223,-145
103000088,299,270,29
103000089,129,268,-139
103000090,1019,835,184
103000091,366,314,52
103000092,182,207,-25
103000093,175,435,-260
103000094,92,106,-14
103000095,15,329,-314
103000096,590,70,520
103000097,35,479,-444
103000098,895,71,824
103000099,248,404,-156
103000100,52,664,-612
103000101,348,99,249
103000102,69,551,-482
103000103,302,174,128
103000104,21,141,-120
103000105,33,105,-72
103000106,5,89,-84
103000107,217,54,163
103000108,684,473,211
103000109,300,133,167
103000110,228,296,-68
103000111,412,198,214
103000112,184,160,24
103000113,377,456,-79
103000114,852,228,624
103000115,256,355,-99
103000116,296,426,-130
103000117,93,423,-330
103000118,1034,879,155
103000119,1814,608,1206
103000120,31,47,-16
103000121,161,561,-400
103000122,207,199,8
103000125,3,528,-525
103000126,104,6,98
103000127,2,272,-270
103000128,53,0,53
103000129,2,131,-129
103000130,19,5,14
103000131,188,47,141
103000132,40,36,4
103000133,2,142,-140
103000134,503,302,201
103000135,606,136,470
103000136,568,212,356
103000137,521,352,169
103000138,757,377,380
103000139,1,29,-28
103000140,91,19,72
103000141,17,72,-55
103000142,99,44,55
103000143,41,166,-125
103000144,97,55,42
103000145,4,27,-23
103000150,65,48,17
103000152,251,193,58
103000153,109,121,-12
103000156,1,516,-515
103000157,141,1,140
103000159,31,33,-2
103000162,50,20,30
103000163,15,9,6
103000164,14,6,8
103000165,115,463,-348
103000166,83,118,-35
103000167,98,85,13
103000168,46,187,-141
103000169,90,221,-131
103000170,376,481,-105
103000171,33,43,-10
103000172,86,301,-215
103000173,109,752,-643
103000174,101,272,-171
103000175,165,529,-364
103000176,526,165,361
103000177,576,329,247
103000178,341,198,143
103000179,84,17,67
103000183,38,20,18
103000185,64,66,-2
103000186,28,159,-131
103000187,104,630,-526
103000188,6,77,-71
103000189,832,900,-68
103000191,312,415,-103
103000292,3502,462,3040
103000293,1169,531,638
103000295,101,64,37
103000296,55,2,53
103000297,5,1,4
103000504,201,19,182
103000505,9,5,4
103000506,1,184,-183
103000507,48,2,46
103000508,34,14,20
103000509,154,452,-298
103000514,12,3,9
103900001,4,365,-361
103900002,1730,137,1593
103900003,999,14,985
103900004,7,0,7
103900005,1,264,-263
103900006,0,0,0
103900007,12,0,12
103900008,16,0,16
103900009,94,201,-107
103900010,78,184,-106
103900011,65,280,-215
103900012,19,7,12
103900013,2,82,-80
103900014,6,15,-9
103900015,9,7,2
103900016,140,282,-142
103900017,11,69,-58
103900018,723,135,588
103900019,30,98,-68
103900020,51,146,-95
103900021,609,26,583
103900022,450,549,-99
103900023,36,0,36
103900024,53,407,-354
103900025,0,37,-37
103900026,2,0,2
103900027,207,159,48
103900028,3,169,-166
103900029,397,146,251
103900030,84,11,73
103900031,1,0,1
103900032,14,26,-12
103900033,29,5,24
103900034,17,234,-217
103900035,27,38,-11
103900036,49,17,32
103900037,32,35,-3
103900038,22,78,-56
103900039,21,454,-433
103900040,1,120,-119
103900041,3,13,-10
103900042,9,471,-462
103900043,34,100,-66
103900044,230,77,153
103900045,87,142,-55
103900047,24,26,-2
103900048,33,3,30
103900049,151,1074,-923
103900050,4,59,-55
103900051,1,37,-36
103900052,54,619,-565
103900053,27,892,-865
103900054,21,548,-527
103900055,186,146,40
103900056,5,42,-37
103900057,8,290,-282
103900058,25,669,-644
103900059,0,3,-3
103900060,14,142,-128
103900061,20,26,-6
103900062,24,30,-6
103900063,0,0,0
103900064,14,0,14
103900065,598,200,398
103900066,40,4,36
103900067,31,3,28
103900068,0,0,0
103900069,22,2,20
103900070,57,213,-156
103900071,16,163,-147
103900072,5,265,-260
103900073,17,8,9
103900074,7,87,-80
103900075,31,74,-43
103900076,128,666,-538
103900077,35,20,15
103900078,40,103,-63
103900079,30,223,-193
103900080,3,19,-16
103900081,126,15,111
103900082,3,68,-65
103900083,1983,189,1794
103900084,14,93,-79
103900085,67,83,-16
103900086,139,212,-73
103900088,285,77,208
103900089,76,184,-108
103900090,2,159,-157
103900091,565,216,349
103900092,167,545,-378
103900093,75,349,-274
103900094,3,182,-179
103900095,110,137,-27
103900096,10,333,-323
103900097,1,388,-387
103900098,73,26,47
103900099,10,269,-259
103900100,58,272,-214
103900101,25,729,-704
103900102,1,14,-13
103900104,1,19,-18
103900105,77,163,-86
103900106,0,19,-19
103900107,13,169,-156
103900108,23,498,-475
103900109,17,75,-58
103900110,86,33,53
103900111,14,710,-696
103900112,2,32,-30
103900113,118,118,0
103900114,427,265,162
103900115,143,45,98
103900116,6019,652,5367
103900117,257,83,174
103900119,14,24,-10
103900120,13,105,-92
103900122,22,316,-294
103900123,1415,427,988
103900124,36,620,-584
103900125,30,89,-59
103900126,117,436,-319
103900127,45,783,-738
103900128,11,232,-221
103900131,7,129,-122
103900133,502,11,491
103900134,0,0,0
103900135,1,2,-1
103900137,0,37,-37
103900138,26,341,-315
103900139,546,673,-127
103900140,0,24,-24
103900141,152,53,99
103900142,26,166,-140
103900143,12,1,11
103900144,0,45,-45
103900145,97,248,-151
103900146,104,243,-139
103900147,102,60,42
103900148,75,207,-132
103900149,41,718,-677
103900150,6205,1026,5179
103900151,11,144,-133
103900152,79,683,-604
103900153,5,0,5
103900154,708,471,237
103900155,9,208,-199
103900156,7,151,-144
103900157,7,198,-191
103900158,4,166,-162
103900159,38,53,-15
103900160,17,17,0
103900161,26,117,-91
103900162,44,275,-231
103900163,3,310,-307
103900167,3,31,-28
103900168,45,112,-67
103900169,8,16,-8
103900170,2,102,-100
103900171,0,72,-72
103900172,5,21,-16
103900173,3,2,1
103900174,22,32,-10
103900175,31,19,12
103900176,5,8,-3
103900177,6,36,-30
103900178,12,65,-53
103900179,2,156,-154
103900180,0,78,-78
103900181,31,27,4
103900182,23,7,16
103900184,416,10,406
103900185,144,63,81
103900187,56,7,49
103900188,11,4,7
103900189,28,5,23
103900190,27,34,-7
103900191,13,26,-13
103900192,8,46,-38
103900193,142,67,75
103900194,17,327,-310
103900195,0,37,-37
103900196,20,18,2
103900197,3,34,-31
103900198,6,54,-48
103900199,36,78,-42
103900200,72,157,-85
103900201,50,159,-109
103900202,0,52,-52
103900203,3,15,-12
103900204,0,115,-115
103900207,0,125,-125
103900208,7,0,7
103900209,5,79,-74
103900210,5,27,-22
103900211,192,541,-349
103900212,13,453,-440
103900213,84,174,-90
103900214,142,39,103
103900215,763,193,570
103900216,4,416,-412
103900217,213,0,213
103900218,8,189,-181
103900219,62,283,-221
103900233,16,1,15
103900235,16,13,3
103900236,19,0,19
103900242,0,5,-5
103900243,3,4,-1
103900244,20,280,-260
103900245,17,235,-218
103900246,24,20,4
103900247,21,80,-59
103900248,1,29,-28
103900249,5,7,-2
103900250,22,7,15
103900251,1,33,-32
103900253,11,14,-3
103900254,2,18,-16
103900255,1,6,-5
103900256,10,16,-6
103900257,118,36,82
103900258,12,1,11
103900259,53,5,48
103900261,4,6,-2
103900262,26,5,21
103900263,64,35,29
103900264,56,8,48
103900265,24,3,21
103900266,6,30,-24
103900267,2,50,-48
103900268,3,164,-161
103900269,66,25,41
103900270,4,94,-90
103900271,16,157,-141
103900272,31,80,-49
103900273,4,31,-27
103900274,9,2,7
103900275,3,0,3
103900276,3,90,-87
103900277,2,80,-78
103900278,9,41,-32
103900279,5,11,-6
103900280,0,158,-158
103900281,98,36,62
103900282,4,3,1
103900283,39,8,31
103900284,8,1,7
103900285,2,14,-12
103900286,11,176,-165
103900287,4,2,2
103900288,126,20,106
103900289,34,0,34
103900290,55,4,51
103900291,0,1,-1
103900292,9,3,6
103900293,24,1,23
103900294,21,8,13
104000001,1473,1742,-269
104000002,990,2013,-1023
104000003,1719,1713,6
104000004,2837,1817,1020
104000005,646,1572,-926
104000006,1835,2482,-647
104000007,2978,2775,203
104000008,203,524,-321
104000009,65,119,-54
104000010,78,156,-78
104000011,627,465,162
104000012,112,544,-432
104000013,49,99,-50
104000014,201,688,-487
104000015,120,90,30
104000016,402,395,7
104000018,342,102,240
104000019,267,81,186
104000020,170,832,-662
104000021,182,663,-481
104000022,89,247,-158
104000023,290,249,41
104000024,159,302,-143
104000026,27,230,-203
104000027,181,388,-207
104000028,207,204,3
104000029,284,534,-250
104000030,117,255,-138
104000031,413,174,239
104000032,184,403,-219
104000033,210,263,-53
104000034,240,398,-158
104000035,295,349,-54
104000036,290,475,-185
104000037,171,360,-189
104000038,135,397,-262
104000039,84,429,-345
104000040,376,407,-31
104000041,440,305,135
104000042,180,539,-359
104000043,153,413,-260
104000044,192,829,-637
104000045,583,1162,-579
104000046,1226,1396,-170
104000047,374,1185,-811
104000048,866,1701,-835
104000049,295,297,-2
104000050,122,483,-361
104000051,65,736,-671
104000052,702,1310,-608
104000053,592,695,-103
104000054,225,425,-200
104000055,3914,2484,1430
104000056,1492,253,1239
104000057,181,780,-599
104000058,380,663,-283
104000059,270,1124,-854
104000060,318,903,-585
104000061,664,1144,-480
104000062,140,297,-157
104000064,685,226,459
104000065,108,276,-168
104000069,1142,479,663
104000070,50,217,-167
104000071,226,429,-203
104000072,801,386,415
104000075,24,212,-188
104000076,283,27,256
104000082,1441,1541,-100
104000083,573,181,392
104000084,76,395,-319
104000085,159,139,20
104000086,104,347,-243
104000087,293,529,-236
104000090,387,1433,-1046
104000092,367,2451,-2084
104000094,473,1924,-1451
104000095,869,1153,-284
104000096,513,489,24
104000097,803,1033,-230
104000098,794,1246,-452
104000100,584,633,-49
104000101,716,2302,-1586
104000106,200,574,-374
104000107,351,582,-231
104000108,272,446,-174
104000109,153,29,124
104000110,634,711,-77
104000111,4237,1021,3216
104000112,1738,446,1292
104000116,5,1124,-1119
104000117,46,857,-811
104000118,180,239,-59
104000119,304,232,72
104000120,128,933,-805
104000121,150,569,-419
104000122,280,602,-322
104000123,724,1419,-695
104000124,1287,2009,-722
104000125,4210,1727,2483
104000126,167,396,-229
104000127,1408,4232,-2824
104000128,765,435,330
104000129,278,41,237
104000130,11,158,-147
104000131,1109,672,437
104000132,764,922,-158
104000133,757,648,109
104000134,537,985,-448
104000135,286,404,-118
104000136,586,802,-216
104000137,1393,144,1249
104000138,1113,318,795
104000139,7527,2222,5305
104000141,1049,1727,-678
104000142,472,1060,-588
104000143,303,820,-517
104000144,48,202,-154
104000145,301,108,193
104000146,472,467,5
104000147,90,285,-195
104000148,79,132,-53
104000149,165,430,-265
104000150,168,375,-207
104000151,177,668,-491
104000152,246,732,-486
104000153,96,365,-269
104000154,904,653,251
104000155,156,274,-118
104000157,945,1679,-734
104000158,136,173,-37
104000159,279,246,33
104000160,1152,877,275
104000161,230,100,130
104000162,32,93,-61
104000165,1170,792,378
104000167,269,399,-130
104000168,364,3,361
104000169,32,25,7
104000170,711,120,591
104000248,129,678,-549
104000251,37,277,-240
104000272,0,0,0
104000273,0,0,0
104000274,0,0,0
104000275,0,0,0
104000279,2926,897,2029
104000290,43,336,-293
104000291,567,823,-256
104000293,453,585,-132
104000294,2,0,2
104000295,369,678,-309
104000296,163,625,-462
104000297,721,1179,-458
104000298,1529,805,724
104000299,428,989,-561
104000302,181,174,7
104000303,231,171,60
104900001,39,368,-329
104900002,19,47,-28
104900003,6,316,-310
104900004,35,347,-312
104900005,80,117,-37
104900006,62,55,7
104900007,96,201,-105
104900009,52,497,-445
104900010,18,6,12
104900011,1,3,-2
104900012,77,3,74
104900013,19,6,13
104900014,3243,179,3064
104900015,42,0,42
104900016,36,247,-211
104900017,44,174,-130
104900018,0,211,-211
104900019,198,533,-335
104900020,25,218,-193
104900021,0,321,-321
104900022,8,186,-178
104900023,1,173,-172
104900024,8,142,-134
104900025,23,333,-310
104900026,2,145,-143
104900027,90,129,-39
104900028,25,82,-57
104900029,22,79,-57
104900030,173,91,82
104900031,142,172,-30
104900032,30,116,-86
104900033,59,134,-75
104900034,106,40,66
104900035,82,66,16
104900036,40,47,-7
104900037,43,248,-205
104900038,357,134,223
104900039,744,49,695
104900040,56,39,17
104900041,98,103,-5
104900042,72,306,-234
104900043,8,22,-14
104900044,149,90,59
104900045,176,21,155
104900046,25,71,-46
104900047,99,76,23
104900048,50,53,-3
104900049,4,0,4
104900050,41,48,-7
104900051,45,14,31
104900052,15,0,15
104900053,141,14,127
104900054,37,15,22
104900055,4,0,4
104900056,94,7,87
104900057,4,0,4
104900058,127,102,25
104900059,2,27,-25
104900061,162,457,-295
104900063,13,112,-99
104900064,0,82,-82
104900065,0,67,-67
104900066,1,178,-177
104900067,1,142,-141
104900068,6,168,-162
104900070,33,224,-191
104900071,3,616,-613
104900072,16,133,-117
104900073,17,215,-198
104900074,18,169,-151
104900075,37,44,-7
104900076,14,391,-377
104900077,949,64,885
104900078,85,806,-721
104900079,150,66,84
104900080,16,477,-461
104900082,8,259,-251
104900085,1,200,-199
104900089,33,0,33
104900091,303,827,-524
104900093,140,522,-382
104900097,2591,893,1698
104900098,16,41,-25
104900099,32,188,-156
104900100,661,73,588
104900102,13,198,-185
104900103,297,63,234
104900106,22,107,-85
104900107,26,302,-276
104900108,7,316,-309
104900109,19,61,-42
104900110,3,28,-25
104900111,96,45,51
104900112,115,844,-729
104900113,242,318,-76
104900114,115,633,-518
104900115,195,508,-313
104900116,44,257,-213
104900118,6,73,-67
104900119,1,19,-18
104900120,172,37,135
104900121,0,134,-134
104900122,2,70,-68
104900123,10,1,9
104900124,10,0,10
104900125,188,70,118
104900126,88,26,62
104900127,14,13,1
104900128,23,88,-65
104900129,1920,527,1393
105000001,1470,1519,-49
105000002,1443,1452,-9
105000003,2016,3095,-1079
105000004,246,884,-638
105000005,383,946,-563
105000006,598,1152,-554
105000007,524,946,-422
105000008,407,1112,-705
105000009,755,1754,-999
105000010,2272,1926,346
105000011,1129,1582,-453
105000012,3381,2544,837
105000013,395,852,-457
105000014,731,1325,-594
105000015,4596,3123,1473
105000016,2601,1310,1291
105000017,1225,862,363
105000018,922,625,297
105000019,1112,695,417
105000020,110,228,-118
105000021,213,120,93
105000022,57,19,38
105000023,188,122,66
105000028,35,77,-42
105000029,216,499,-283
105000030,3048,2913,135
105000031,8,15,-7
105000033,873,1808,-935
105000034,74,376,-302
105000037,355,395,-40
105000038,1041,744,297
105000039,3097,1276,1821
105000040,271,419,-148
105000041,335,990,-655
105000042,1265,684,581
105000043,1632,1642,-10
105000044,143,198,-55
105000045,199,826,-627
105000046,296,247,49
105000047,239,1122,-883
105000048,290,184,106
105000049,156,725,-569
105000050,277,322,-45
105000051,133,469,-336
105000052,188,729,-541
105000053,98,126,-28
105000054,104,861,-757
105000055,247,378,-131
105000056,386,2078,-1692
105000057,713,1035,-322
105000058,1020,1200,-180
105000059,312,337,-25
105000060,335,529,-194
105000061,234,301,-67
105000062,711,924,-213
105000063,174,651,-477
105000064,425,399,26
105000065,248,1035,-787
105000066,594,1827,-1233
105000067,458,398,60
105000068,379,827,-448
105000069,2238,422,1816
105000070,641,631,10
105000071,132,248,-116
105000072,609,749,-140
105000073,423,325,98
105000074,637,895,-258
105000075,306,637,-331
105000076,970,944,26
105000077,1313,621,692
105000078,981,862,119
105000079,1240,1523,-283
105000080,872,533,339
105000081,704,554,150
105000082,303,261,42
105000083,506,469,37
105000084,295,932,-637
105000085,816,729,87
105000086,393,829,-436
105000087,1904,1534,370
105000088,1094,1139,-45
105000089,2450,2007,443
105000090,899,757,142
105000091,1583,1365,218
105000092,368,1039,-671
105000093,253,145,108
105000094,225,180,45
105000095,59,362,-303
105000096,680,534,146
105000097,713,666,47
105000098,409,383,26
105000099,496,877,-381
105000100,497,1130,-633
105000101,1159,1559,-400
105000102,702,1295,-593
105000103,880,1620,-740
105000104,823,858,-35
105000105,602,1402,-800
105000106,581,990,-409
105000107,576,683,-107
105000108,514,1445,-931
105000109,660,1165,-505
105000110,375,789,-414
105000111,442,433,9
105000112,621,773,-152
105000113,207,379,-172
105000114,3264,626,2638
105000115,210,538,-328
105000116,263,390,-127
105000117,627,1447,-820
105000118,147,254,-107
105000119,279,1192,-913
105000120,353,482,-129
105000121,564,1019,-455
105000122,149,257,-108
105000123,856,1178,-322
105000124,805,902,-97
105000125,424,1403,-979
105000126,1156,1608,-452
105000127,1371,1465,-94
105000128,179,1234,-1055
105000129,402,344,58
105000130,53,589,-536
105000131,385,299,86
105000132,386,343,43
105000133,206,968,-762
105000134,209,569,-360
105000135,262,631,-369
105000136,74,299,-225
105000137,213,244,-31
105000138,287,321,-34
105000139,659,934,-275
105000140,114,390,-276
105000141,107,548,-441
105000142,60,457,-397
105000143,106,523,-417
105000144,221,554,-333
105000145,240,437,-197
105000146,344,518,-174
105000147,310,292,18
105000148,792,595,197
105000149,1233,1117,116
105000150,1831,1029,802
105000151,170,214,-44
105000152,123,649,-526
105000153,408,346,62
105000154,635,826,-191
105000155,198,320,-122
105000156,796,750,46
105000157,887,1578,-691
105000158,1381,562,819
105000159,279,1020,-741
105000160,757,476,281
105000161,474,1962,-1488
105000162,239,856,-617
105000163,1147,1073,74
105000164,180,239,-59
105000165,1358,2406,-1048
105000166,7397,240,7157
105000167,2237,857,1380
105000168,124,858,-734
105000169,175,367,-192
105000170,62,987,-925
105000171,743,229,514
105000172,25,44,-19
105000173,28,21,7
105000174,19,24,-5
105000175,69,113,-44
105000176,76,53,23
105000177,56,79,-23
105000178,43,556,-513
105000179,73,98,-25
105000180,34,80,-46
105000181,29,350,-321
105000182,29,61,-32
105000183,2401,1079,1322
105000184,1214,526,688
105000185,740,403,337
105000186,311,905,-594
105000187,358,277,81
105000188,81,93,-12
105000189,101,505,-404
105000190,94,310,-216
105000191,204,423,-219
105000192,36,74,-38
105000193,35,85,-50
105000194,155,59,96
105000195,118,834,-716
105000196,38,48,-10
105000197,148,554,-406
105000198,364,150,214
105000199,141,100,41
105000200,48,158,-110
105000201,39,11,28
105000203,4,277,-273
105000204,57,81,-24
105000205,79,252,-173
105000207,514,185,329
105000208,218,229,-11
105000209,151,392,-241
105000211,58,32,26
105000212,556,1191,-635
105000213,171,75,96
105000214,15,188,-173
105000215,83,280,-197
105000216,48,326,-278
105000217,67,388,-321
105000218,301,888,-587
105000221,107,210,-103
105000222,36,46,-10
105000223,76,204,-128
105000226,12,328,-316
105000227,21,204,-183
105000228,108,374,-266
105000229,37,198,-161
105000231,89,168,-79
105000233,419,450,-31
105000234,409,911,-502
105000235,162,348,-186
105000237,255,26,229
105000243,8,23,-15
105000248,30,27,3
105000262,106,1460,-1354
105000269,53,151,-98
105000270,141,115,26
105000271,0,226,-226
105000282,96,22,74
105000287,182,87,95
105000288,161,353,-192
105000289,473,612,-139
105000290,2,2,0
105000402,3557,872,2685
105000426,237,409,-172
105000438,391,466,-75
105000440,13,37,-24
105000446,9442,3261,6181
105000447,5127,1901,3226
105000454,82,883,-801
105000455,291,211,80
105000474,6,0,6
105000477,109,325,-216
105000478,713,1268,-555
105000479,62,69,-7
105000480,967,1238,-271
105000481,1264,1417,-153
105000482,3092,2077,1015
105000483,723,832,-109
105000484,1805,2145,-340
105000485,612,1011,-399
105000486,2380,1705,675
105000488,1960,1879,81
105000489,295,554,-259
105000549,13,73,-60
105000550,384,792,-408
105000551,16,90,-74
105000552,3073,1695,1378
105000555,819,506,313
105000556,24,47,-23
105000557,45,282,-237
105900001,2,783,-781
105900002,1397,195,1202
105900003,4,80,-76
105900004,244,85,159
105900005,5,151,-146
105900006,2,35,-33
105900007,5,5,0
105900008,23,566,-543
105900009,5,6,-1
105900011,64,35,29
105900012,148,128,20
105900013,0,13,-13
105900014,0,68,-68
105900015,58,147,-89
105900016,72,666,-594
105900017,346,26,320
105900018,89,254,-165
105900019,22,533,-511
105900020,6,32,-26
105900021,8,209,-201
105900022,102,254,-152
105900023,1,103,-102
105900024,0,77,-77
105900025,38,29,9
105900026,166,28,138
105900027,3341,1458,1883
105900028,18,131,-113
105900029,1410,197,1213
105900030,107,231,-124
105900031,264,127,137
105900032,26,60,-34
105900033,28,89,-61
105900034,47,160,-113
105900035,80,104,-24
105900036,8,109,-101
105900037,58,60,-2
105900038,55,263,-208
105900039,33,138,-105
105900040,27,66,-39
105900041,146,350,-204
105900042,19,81,-62
105900043,1386,22,1364
105900044,1,114,-113
105900045,2,346,-344
105900046,1,111,-110
105900047,9,24,-15
105900048,24,362,-338
105900050,861,269,592
105900051,1,840,-839
105900052,189,11,178
105900053,3008,679,2329
105900054,151,175,-24
105900056,779,63,716
105900057,7,124,-117
105900058,7,35,-28
105900059,0,21,-21
106000001,2073,735,1338
106000002,1999,2656,-657
106000003,2108,1572,536
106000004,1990,1596,394
106000005,1460,3222,-1762
106000006,4406,3279,1127
106000007,292,430,-138
106000008,308,202,106
106000009,308,236,72
106000010,303,383,-80
106000011,300,642,-342
106000012,391,1312,-921
106000013,1026,1307,-281
106000014,1480,1578,-98
106000015,626,738,-112
106000016,786,1981,-1195
106000017,373,456,-83
106000018,431,546,-115
106000019,165,353,-188
106000020,161,410,-249
106000021,133,354,-221
106000022,218,346,-128
106000023,263,333,-70
106000024,341,811,-470
106000025,59,118,-59
106000026,102,440,-338
106000027,407,907,-500
106000028,290,675,-385
106000029,667,1390,-723
106000030,749,183,566
106000034,99,407,-308
106000035,480,601,-121
106000036,306,212,94
106000037,1057,1249,-192
106000038,375,31,344
106000039,125,12,113
106000040,119,499,-380
106000041,647,170,477
106000043,298,50,248
106000046,168,20,148
106000047,21,259,-238
106000049,252,93,159
106000050,200,688,-488
106000051,250,224,26
106000052,46,580,-534
106000053,74,46,28
106000054,325,421,-96
106000055,356,495,-139
106000056,225,581,-356
106000057,74,120,-46
106000058,79,172,-93
106000059,119,169,-50
106000060,417,530,-113
106000061,136,238,-102
106000062,125,579,-454
106000063,301,313,-12
106000064,24,338,-314
106000065,133,82,51
106000066,68,336,-268
106000067,54,54,0
106000068,38,472,-434
106000069,86,66,20
106000070,221,509,-288
106000071,413,179,234
106000072,4258,914,3344
106000073,1339,1436,-97
106000074,230,478,-248
106000075,169,766,-597
106000076,784,1022,-238
106000077,2130,1074,1056
106000078,412,746,-334
106000079,331,795,-464
106000080,603,798,-195
106000081,274,795,-521
106000082,1934,786,1148
106000083,257,667,-410
106000084,670,463,207
106000085,1114,652,462
106000086,444,475,-31
106000087,427,390,37
106000088,204,602,-398
106000089,412,332,80
106000090,136,541,-405
106000091,198,581,-383
106000092,338,165,173
106000093,177,45,132
106000094,38,336,-298
106000095,232,1098,-866
106000096,341,590,-249
106000097,340,1371,-1031
106000098,194,765,-571
106000099,77,796,-719
106000100,354,261,93
106000101,513,535,-22
106000102,59,435,-376
106000103,137,658,-521
106000104,329,328,1
106000105,239,847,-608
106000106,256,397,-141
106000107,67,548,-481
106000108,122,256,-134
106000109,64,481,-417
106000110,87,238,-151
106000111,89,609,-520
106000112,56,273,-217
106000113,1043,608,435
106000114,376,276,100
106000115,149,546,-397
106000116,89,228,-139
106000117,800,809,-9
106000118,561,745,-184
106000119,2235,902,1333
106000120,389,503,-114
106000121,82,135,-53
106000122,25,267,-242
106000123,94,277,-183
106000124,19,323,-304
106000125,20,339,-319
106000126,70,230,-160
106000127,115,842,-727
106000128,248,346,-98
106000129,367,688,-321
106000130,328,752,-424
106000131,48,448,-400
106000132,836,129,707
106000133,3800,651,3149
106000134,611,474,137
106000135,243,1010,-767
106000136,390,264,126
106000137,51,1543,-1492
106000138,357,50,307
106000139,22,84,-62
106000140,10,116,-106
106000141,37,110,-73
106000142,19,66,-47
106000143,10,128,-118
106000144,22,65,-43
106000145,67,386,-319
106000146,94,161,-67
106000147,352,937,-585
106000148,456,920,-464
106000149,291,704,-413
106000150,264,1248,-984
106000151,4895,541,4354
106000152,1088,672,416
106000153,94,999,-905
106000154,1388,182,1206
106000155,38,87,-49
106000156,330,228,102
106000157,316,1231,-915
106000158,3172,573,2599
106000159,3968,894,3074
106000160,135,1250,-1115
106000161,1003,454,549
106000162,78,437,-359
106000163,113,515,-402
106000164,152,249,-97
106000165,112,615,-503
106000166,227,163,64
106000167,167,1458,-1291
106000168,84,219,-135
106000169,110,803,-693
106000170,178,191,-13
106000171,45,788,-743
106000172,1818,538,1280
106000173,683,1885,-1202
106000174,537,202,335
106000175,213,822,-609
106000176,589,387,202
106000177,365,1809,-1444
106000178,1785,909,876
106000179,814,1453,-639
106000180,742,1526,-784
106000181,221,1786,-1565
106000182,280,502,-222
106000183,360,854,-494
106000184,388,896,-508
106000185,290,810,-520
106000186,473,104,369
106000187,72,519,-447
106000188,0,4,-4
106000189,3,30,-27
106000190,3,1,2
106000191,390,103,287
106000192,0,31,-31
106000193,222,118,104
106000194,78,321,-243
106000195,116,57,59
106000196,39,293,-254
106000197,101,261,-160
106000198,72,294,-222
106000199,697,412,285
106000200,330,101,229
106000201,301,669,-368
106000202,5663,427,5236
106000203,151,176,-25
106000204,13,6,7
106000205,17,110,-93
106000206,16,18,-2
106000207,38,727,-689
106000208,271,44,227
106000209,566,186,380
106000210,139,1114,-975
106000211,278,1455,-1177
106000212,295,97,198
106000213,421,767,-346
106000214,1675,296,1379
106000215,123,389,-266
106000216,231,287,-56
106000217,164,408,-244
106000218,191,215,-24
106000219,67,222,-155
106000220,201,213,-12
106000221,71,236,-165
106000222,13,146,-133
106000223,49,123,-74
106000224,73,333,-260
106000225,37,43,-6
106000226,95,283,-188
106000228,10,71,-61
106000229,56,798,-742
106000231,230,115,115
106000232,60,450,-390
106000233,68,127,-59
106000234,18,205,-187
106000235,44,44,0
106000236,34,58,-24
106000237,0,13,-13
106000238,6,6,0
106000239,2,50,-48
106000240,16,1,15
106000241,9,611,-602
106000242,99,18,81
106000249,25,41,-16
106000250,23,318,-295
106000251,14,14,0
106000252,14,76,-62
106000253,6,46,-40
106000254,38,46,-8
106000255,11,37,-26
106000256,62,105,-43
106000257,56,223,-167
106000258,42,15,27
106000259,2,35,-33
106000260,11,12,-1
106000261,0,41,-41
106000262,1,15,-14
106000263,3,68,-65
106000264,127,9,118
106000265,2,109,-107
106000266,48,6,42
106000267,4,86,-82
106000268,304,11,293
106000269,44,31,13
106000270,118,351,-233
106000271,33,165,-132
106000272,81,42,39
106000273,12,126,-114
106000274,118,37,81
106000275,75,97,-22
106000276,51,47,4
106000277,99,111,-12
106000278,149,31,118
106000279,14,66,-52
106000280,16,141,-125
106000281,44,61,-17
106000282,45,33,12
106000283,30,80,-50
106000284,33,113,-80
106000285,70,106,-36
106000286,53,143,-90
106000287,34,103,-69
106000288,51,137,-86
106000289,27,65,-38
106000290,41,104,-63
106000291,29,75,-46
106000292,48,155,-107
106000293,63,70,-7
106000294,82,103,-21
106000295,17,30,-13
106000296,40,109,-69
106000297,31,133,-102
106000298,171,36,135
106000299,51,80,-29
106000300,32,64,-32
106000301,54,52,2
106000303,15,26,-11
106000304,44,21,23
106000305,10,9,1
106000306,45,86,-41
106000307,9,4,5
106000308,21,131,-110
106000309,23,32,-9
106000310,125,523,-398
106000311,157,64,93
106000312,25,185,-160
106000313,49,162,-113
106000318,113,98,15
106000319,233,24,209
106000320,2,30,-28
106000321,221,34,187
106000322,49,229,-180
106000324,12,149,-137
106000325,520,699,-179
106000326,559,1541,-982
106000327,52,137,-85
106000328,1,67,-66
106000329,35,230,-195
106000330,27,47,-20
106000428,28,197,-169
106000429,35,559,-524
106000430,157,1395,-1238
106000431,601,251,350
106000432,1183,2130,-947
106000433,916,506,410
106000434,1675,578,1097
106000435,1686,2119,-433
106000436,8,323,-315
106000437,96,27,69
106000438,96,47,49
106000439,26,584,-558
106000440,187,517,-330
106000441,1,0,1
106000442,145,2,143
106000443,30,578,-548
106000450,1,170,-169
106000451,25,6,19
106000454,2,32,-30
106000455,12,167,-155
106000456,80,21,59
106000457,5,959,-954
106000458,117,141,-24
106000459,17,394,-377
106000460,275,39,236
106000461,21,1786,-1765
106000462,0,9,-9
106000463,4,19,-15
106000464,4,547,-543
106000465,87,2,85
106000466,0,668,-668
106000467,498,493,5
106000468,29,185,-156
106000469,223,1,222
106000470,186,841,-655
106000471,10,466,-456
106000472,31,3,28
106000473,15,19,-4
106000474,329,787,-458
106000475,186,190,-4
106000476,194,85,109
106000477,21,176,-155
106000480,0,46,-46
106900001,0,21,-21
106900002,0,528,-528
106900003,37,270,-233
106900004,0,60,-60
106900006,0,14,-14
106900007,0,13,-13
106900008,37,135,-98
106900009,96,427,-331
106900010,104,228,-124
106900012,1468,344,1124
106900013,36,7,29
106900014,17,3,14
106900015,9,0,9
106900016,52,1,51
106900017,1,0,1
106900018,1,0,1
106900019,8,0,8
106900020,2386,311,2075
106900021,8,54,-46
106900022,109,0,109
106900023,1,234,-233
106900024,65,7,58
106900025,23,402,-379
106900026,9,822,-813
106900027,164,1,163
106900028,7,114,-107
106900029,34,9,25
106900030,10,67,-57
107000001,1285,1070,215
107000002,2286,2877,-591
107000003,2286,3096,-810
107000004,3624,5053,-1429
107000005,1117,2307,-1190
107000006,2552,6218,-3666
107000007,3494,2888,606
107000008,18092,9044,9048
107000009,2911,3154,-243
107000010,8550,9971,-1421
107000011,913,1032,-119
107000012,3710,3470,240
107000013,44,182,-138
107000014,13,310,-297
107000015,288,899,-611
107000016,207,1112,-905
107000017,1131,562,569
107000018,5,224,-219
107000020,632,260,372
107000021,415,723,-308
107000022,487,1172,-685
107000023,690,232,458
107000024,245,1642,-1397
107000025,91,295,-204
107000026,142,718,-576
107000027,781,645,136
107000028,859,1521,-662
107000029,942,1034,-92
107000030,2564,2900,-336
107000031,1414,1003,411
107000032,194,787,-593
107000033,3422,2755,667
107000034,4227,1757,2470
107000035,248,122,126
107000036,246,756,-510
107000037,71,474,-403
107000038,184,207,-23
107000039,314,474,-160
107000040,82,283,-201
107000041,911,411,500
107000042,421,1111,-690
107000043,2236,512,1724
107000044,479,329,150
107000045,120,311,-191
107000046,239,186,53
107000047,217,841,-624
107000048,218,318,-100
107000049,329,659,-330
107000050,420,461,-41
107000051,380,192,188
107000052,708,522,186
107000053,241,99,142
107000054,30,236,-206
107000055,202,115,87
107000056,413,603,-190
107000057,1833,198,1635
107000058,1062,1445,-383
107000059,1452,2116,-664
107000060,2004,3329,-1325
107000061,4120,3089,1031
107000062,1522,2101,-579
107000063,2897,5024,-2127
107000064,1508,1440,68
107000065,2279,4788,-2509
107000066,936,1333,-397
107000067,403,666,-263
107000068,977,388,589
107000069,287,298,-11
107000070,181,3,178
107000071,771,12,759
107000072,44,3586,-3542
107000073,186,81,105
107000074,82,668,-586
107000075,511,102,409
107000076,548,1532,-984
107000077,1085,320,765
107000078,1198,2647,-1449
107000079,839,307,532
107000080,885,2761,-1876
107000081,428,381,47
107000082,254,2806,-2552
107000083,412,187,225
107000084,297,2444,-2147
107000085,2129,2212,-83
107000086,3134,1955,1179
107000087,1844,1638,206
107000088,2091,2357,-266
107000089,774,1358,-584
107000090,698,894,-196
107000091,520,915,-395
107000092,406,984,-578
107000093,553,722,-169
107000094,663,1250,-587
107000095,251,514,-263
107000096,402,790,-388
107000097,330,315,15
107000098,244,811,-567
107000099,189,150,39
107000100,177,242,-65
107000101,22,102,-80
107000102,276,226,50
107000103,218,139,79
107000104,209,227,-18
107000105,134,103,31
107000106,83,271,-188
107000107,196,172,24
107000108,142,808,-666
107000109,192,103,89
107000110,64,474,-410
107000111,110,38,72
107000112,22,624,-602
107000113,142,68,74
107000114,44,954,-910
107000115,140,48,92
107000116,40,993,-953
107000117,54,155,-101
107000118,114,304,-190
107000119,1505,641,864
107000120,2943,269,2674
107000121,236,539,-303
107000122,697,660,37
107000123,99,824,-725
107000124,250,743,-493
107000125,221,838,-617
107000126,333,1063,-730
107000129,90,1172,-1082
107000130,251,186,65
107000131,178,912,-734
107000132,193,231,-38
107000133,321,115,206
107000134,182,1,181
107000135,17,180,-163
107000136,355,3,352
107000137,7,299,-292
107000138,298,5,293
107000139,4,221,-217
107000140,394,8,386
107000141,66,834,-768
107000142,189,25,164
107000143,16,812,-796
107000144,172,224,-52
107000145,123,532,-409
107000146,81,138,-57
107000147,3942,837,3105
107000150,826,724,102
107000151,20,41,-21
107000152,536,275,261
107000153,317,224,93
107000154,71,33,38
107000155,210,7,203
107000156,419,9,410
107000157,16,2545,-2529
107000158,246,8,238
107000159,12,1335,-1323
107000160,209,54,155
107000161,69,1932,-1863
107000162,98,122,-24
107000163,8,1,7
107000164,60,0,60
107000165,166,0,166
107000166,83,1208,-1125
107000167,191,260,-69
107000168,344,142,202
107000169,812,1024,-212
107000170,443,351,92
107000171,330,3047,-2717
107000172,409,412,-3
107000173,735,1174,-439
107000174,768,860,-92
107000175,10446,1285,9161
107000176,1,0,1
107000177,0,0,0
107000178,2,38,-36
107000179,110,3180,-3070
107000180,384,259,125
107000181,192,1305,-1113
107000182,444,661,-217
107000183,50,988,-938
107000184,294,578,-284
107000185,152,1080,-928
107000186,224,217,7
107000187,685,1041,-356
107000188,341,253,88
107000189,180,755,-575
107000190,287,560,-273
107000191,464,1033,-569
107000192,945,933,12
107000193,222,299,-77
107000194,690,661,29
107000197,243,194,49
107000198,133,817,-684
107000199,401,614,-213
107000200,769,389,380
107000201,252,195,57
107000202,137,411,-274
107000203,509,330,179
107000204,449,593,-144
107000205,2173,765,1408
107000206,547,384,163
107000207,536,519,17
107000208,947,206,741
107000209,1691,187,1504
107000210,1291,100,1191
107000211,5,19,-14
107000212,3,96,-93
107000213,19,12,7
107000214,9,48,-39
107000215,167,480,-313
107000216,76,421,-345
107000217,45,112,-67
107000219,27,119,-92
107000220,21,237,-216
107000222,238,510,-272
107000224,117,19,98
107000225,115,510,-395
107000226,91,61,30
107000227,65,389,-324
107000228,62,117,-55
107000229,185,67,118
107000230,742,475,267
107000231,767,275,492
107000232,39,66,-27
107000233,378,260,118
107000234,0,19,-19
107000235,29,2,27
107000236,11,191,-180
107000237,1,0,1
107000238,4,0,4
107000239,5148,233,4915
107000240,32,1138,-1106
107000243,0,32,-32
107000244,6,82,-76
107000246,3,1040,-1037
107000249,4,862,-858
107000251,1,339,-338
107000252,2,1407,-1405
107000255,568,73,495
107000257,3,671,-668
107000258,0,136,-136
107000259,0,228,-228
107000260,122,2,120
107000262,4,961,-957
107000263,84,0,84
107000266,4,1,3
107000267,57,169,-112
107000268,154,160,-6
107000269,59,17,42
107000270,0,3,-3
107000271,3,976,-973
107000272,7,182,-175
107000273,1,279,-278
107000274,181,0,181
107000275,104,728,-624
107000280,186,13,173
107000281,12,1168,-1156
107000282,10,1600,-1590
107000290,1,48,-47
107000291,5,5,0
107000292,1,29,-28
107000293,23,0,23
107000294,0,53,-53
107000295,17,0,17
107000296,0,3,-3
107000444,89,3,86
107000496,0,9,-9
107000497,984,3245,-2261
107000500,196,364,-168
107000501,65,233,-168
107000502,103,426,-323
107000505,513,639,-126
107000506,0,13,-13
107000508,4,771,-767
107000509,145,501,-356
107000510,9,29,-20
107000514,8,268,-260
107000515,17,335,-318
107000516,66,171,-105
107000518,380,258,122
107000519,3847,1014,2833
107000520,20,3,17
107000521,269,508,-239
107000522,271,853,-582
107900001,16,308,-292
107900002,25,0,25
107900003,63,32,31
107900004,0,0,0
107900005,171,1,170
107900006,31,0,31
107900007,58,8,50
107900008,17,32,-15
107900009,26,3,23
107900010,1,0,1
107900012,103,5,98
107900013,160,54,106
107900014,3,1,2
107900015,129,3,126
107900016,283,69,214
107900017,4,1,3
107900018,22,22,0
107900019,5,83,-78
107900020,57,5,52
107900021,8,127,-119
107900023,0,0,0
107900024,0,9,-9
107900025,180,244,-64
107900026,20,107,-87
107900027,4,27,-23
107900028,11,84,-73
107900030,49,3,46
107900031,42,229,-187
107900032,0,1,-1
107900033,6,2,4
107900034,72,2,70
107900035,289,2,287
107900036,16,4,12
107900037,2,34,-32
107900038,115,44,71
107900039,2,41,-39
107900040,18,27,-9
107900041,1,0,1
107900043,10,133,-123
107900044,3,2,1
107900045,12,10,2
107900046,51,15,36
107900047,5,56,-51
107900048,28,0,28
107900049,175,117,58
107900050,49,291,-242
107900051,22,50,-28
107900052,6,0,6
107900053,18,80,-62
107900055,162,95,67
107900056,25,7,18
107900057,0,0,0
107900058,20,718,-698
107900060,4,23,-19
107900061,20,1,19
107900063,35,79,-44
107900064,120,12,108
107900065,57,14,43
107900066,0,5,-5
107900067,0,0,0
107900068,58,205,-147
107900069,22,274,-252
107900070,17,8,9
107900071,13,868,-855
107900072,27,148,-121
107900073,27,84,-57
107900074,929,86,843
107900076,60,62,-2
107900077,9,0,9
107900079,7,3,4
107900080,54,155,-101
107900081,5,51,-46
107900082,25,13,12
107900083,86,21,65
107900084,11,66,-55
107900086,39,51,-12
107900087,181,17,164
107900088,2,4,-2
107900089,226,547,-321
107900090,282,422,-140
107900091,67,375,-308
107900093,28,44,-16
107900095,2480,540,1940
107900097,4,14,-10
107900098,9,109,-100
107900100,755,251,504
107900101,947,65,882
107900102,24,1,23
107900103,18,144,-126
107900104,56,0,56
107900105,1,712,-711
107900106,2,1532,-1530
107900107,793,79,714
107900108,242,44,198
107900109,209,2,207
107900110,4,109,-105
107900111,9,1274,-1265
107900112,32,125,-93
107900113,21,119,-98
107900114,30,199,-169
107900115,2,32,-30
107900116,45,231,-186
107900117,119,415,-296
107900118,51,128,-77
107900119,20,37,-17
107900120,12,2,10
107900121,1,86,-85
107900122,0,39,-39
107900123,1,12,-11
107900124,1,24,-23
107900125,11,157,-146
107900126,1,14,-13
107900127,283,40,243
107900128,42,37,5
107900129,12,34,-22
107900130,6,11,-5
107900131,159,18,141
107900132,71,397,-326
107900133,0,63,-63
107900134,12,4,8
107900135,0,203,-203
107900136,33,16,17
107900137,47,52,-5
107900138,2,6,-4
107900139,2,20,-18
107900141,26,6,20
107900142,53,971,-918
107900143,26,31,-5
107900144,1,155,-154
107900145,6,69,-63
107900146,34,75,-41
107900147,20,3,17
107900148,67,95,-28
107900149,1703,72,1631
107900150,48,761,-713
107900151,3,79,-76
107900152,12,191,-179
107900153,72,84,-12
107900154,19,4,15
107900155,15,22,-7
107900156,3,380,-377
107900157,19,55,-36
107900158,128,6,122
107900159,48,890,-842
107900160,18,137,-119
107900161,8,264,-256
107900162,0,31,-31
107900163,20,17,3
107900164,1,10,-9
107900165,61,39,22
107900166,3,297,-294
107900167,4,1,3
107900168,12,55,-43
107900169,0,155,-155
107900171,9,1766,-1757
107900172,1,366,-365
107900173,6,178,-172
107900174,10,3,7
107900175,1,0,1
107900176,3,37,-34
107900177,0,20,-20
107900178,0,232,-232
107900179,2,140,-138
107900180,893,108,785
107900181,152,383,-231
107900182,3,1476,-1473
107900183,3,332,-329
107900184,18,250,-232
107900185,8,2,6
107900186,0,19,-19
107900187,0,119,-119
107900188,740,43,697
107900189,3,78,-75
107900190,119,30,89
107900191,18,161,-143
107900193,36,14,22
107900194,28,4,24
107900195,4168,264,3904
107900196,24,78,-54
107900197,409,69,340
107900199,4,991,-987
107900201,19,118,-99
107900203,25,55,-30
107900204,176,160,16
107900206,127,127,0
107900207,2,737,-735
107900208,11,952,-941
107900209,242,72,170
107900210,39,85,-46
107900213,121,291,-170
107900214,3,149,-146
107900215,133,228,-95
107900216,32,32,0
107900217,10,26,-16
107900218,5,1370,-1365
107900219,10,163,-153
107900220,102,48,54
107900221,138,210,-72
107900223,25,519,-494
107900224,100,224,-124
107900225,1,759,-758
107900226,49,121,-72
107900227,61,335,-274
107900228,6,69,-63
107900229,1,288,-287
107900230,2,143,-141
107900231,3,195,-192
107900232,10,240,-230
107900233,8,109,-101
107900234,32,123,-91
107900235,23,89,-66
107900236,11,98,-87
107900237,78,304,-226
107900238,8,115,-107
107900239,1054,292,762
107900240,5,157,-152
107900241,11,61,-50
107900242,4,323,-319
107900243,2,17,-15
107900244,91,0,91
107900245,113,18,95
107900246,24,6,18
107900248,40,201,-161
107900249,111,1,110
107900250,2,502,-500
107900251,27,1042,-1015
107900252,156,3,153
107900253,19,2,17
107900254,32,50,-18
107900255,407,31,376
107900256,137,325,-188
107900257,25,16,9
107900258,17,177,-160
107900259,59,341,-282
107900261,0,392,-392
107900262,35,123,-88
107900264,58,2,56
107900265,27,219,-192
107900267,35,10,25
107900268,37,2,35
107900269,0,5,-5
107900270,0,0,0
107900271,1,3,-2
107900272,72,1,71
107900273,4,53,-49
107900274,9,0,9
107900275,5,0,5
107900276,0,41,-41
107900277,2,155,-153
107900278,70,306,-236
107900279,79,46,33
107900280,1481,615,866
107900281,3331,559,2772
107900282,40,75,-35
107900283,1031,263,768
107900284,60,872,-812
107900285,16,111,-95
107900286,35,28,7
107900287,86,75,11
107900290,0,24,-24
107900291,129,2,127
107900292,57,223,-166
107900293,19,528,-509
107900295,16,114,-98
107900297,1,184,-183
107900298,521,830,-309
107900299,3639,656,2983
107900301,242,171,71
107900302,37,9,28
107900303,24,238,-214
107900304,50,462,-412
107900305,61,4,57
107900306,14,5,9
107900307,31,297,-266
107900308,100,8,92
107900309,4,0,4
107900310,0,0,0
107900311,97,51,46
107900312,0,0,0
107900313,0,62,-62
107900314,2,50,-48
107900315,1,29,-28
107900316,6,0,6
107900317,27,3,24
107900318,2,106,-104
107900319,1,181,-180
107900320,2,136,-134
107900321,13,0,13
107900322,1,150,-149
107900323,2,87,-85
107900324,62,1,61
107900325,31,1,30
107900326,35,273,-238
107900327,1,0,1
107900328,0,0,0
107900329,0,0,0
107900330,1,447,-446
107900331,45,16,29
107900332,56,42,14
107900333,27,2,25
107900334,3,255,-252
107900335,30,81,-51
107900336,4,14,-10
107900337,1112,207,905
107900338,0,101,-101
107900339,2,28,-26
107900340,0,57,-57
107900341,11,0,11
107900342,24,44,-20
107900343,8,0,8
107900344,3,189,-186
107900345,17,7,10
107900346,8,0,8
107900347,0,0,0
107900348,0,2,-2
107900349,5,1,4
107900350,39,219,-180
107900351,2,239,-237
107900352,2,63,-61
107900353,0,3,-3
107900354,16,123,-107
108000001,1287,1597,-310
108000002,2100,3040,-940
108000003,1796,1117,679
108000004,15013,10634,4379
108000005,2569,2005,564
108000006,3433,4723,-1290
108000007,2454,2392,62
108000008,3747,4556,-809
108000009,1305,2017,-712
108000010,1517,4251,-2734
108000011,6699,4405,2294
108000012,14860,11775,3085
108000014,289,240,49
108000015,214,249,-35
108000016,117,631,-514
108000017,360,244,116
108000018,575,305,270
108000019,742,325,417
108000020,586,219,367
108000021,260,1351,-1091
108000022,405,1208,-803
108000023,471,63,408
108000024,128,632,-504
108000025,124,211,-87
108000026,212,620,-408
108000027,190,666,-476
108000028,101,238,-137
108000029,137,870,-733
108000030,137,183,-46
108000031,68,454,-386
108000032,539,291,248
108000033,306,1193,-887
108000034,695,226,469
108000035,677,2112,-1435
108000036,227,1299,-1072
108000037,607,159,448
108000038,794,236,558
108000039,265,2423,-2158
108000040,695,302,393
108000041,559,2363,-1804
108000042,54,271,-217
108000043,87,319,-232
108000044,83,194,-111
108000045,103,685,-582
108000046,485,175,310
108000047,209,955,-746
108000048,62,432,-370
108000049,211,114,97
108000050,147,750,-603
108000051,74,49,25
108000052,220,710,-490
108000053,107,63,44
108000054,350,809,-459
108000055,495,177,318
108000056,821,847,-26
108000057,330,398,-68
108000058,1429,1090,339
108000059,3069,1304,1765
108000060,79,319,-240
108000061,294,501,-207
108000062,256,227,29
108000063,276,542,-266
108000064,70,218,-148
108000065,345,570,-225
108000066,1027,493,534
108000067,686,205,481
108000068,349,314,35
108000069,128,1033,-905
108000070,616,454,162
108000071,426,1932,-1506
108000072,557,550,7
108000073,968,1638,-670
108000074,122,211,-89
108000075,191,624,-433
108000076,277,241,36
108000077,454,688,-234
108000078,919,788,131
108000079,854,1584,-730
108000080,328,363,-35
108000081,308,2512,-2204
108000082,810,1306,-496
108000083,809,420,389
108000084,347,1092,-745
108000085,240,192,48
108000086,726,693,33
108000087,81,665,-584
108000088,313,145,168
108000089,151,147,4
108000091,81,458,-377
108000092,36,49,-13
108000093,54,646,-592
108000094,225,107,118
108000095,69,389,-320
108000096,79,142,-63
108000097,69,453,-384
108000098,451,1149,-698
108000099,402,282,120
108000100,55,354,-299
108000101,539,556,-17
108000102,757,1125,-368
108000106,325,0,325
108000107,5,545,-540
108000108,231,8,223
108000109,3,676,-673
108000110,109,188,-79
108000111,60,596,-536
108000112,26,50,-24
108000113,521,281,240
108000115,530,362,168
108000117,523,202,321
108000118,235,463,-228
108000119,636,441,195
108000120,87,304,-217
108000121,141,489,-348
108000122,123,208,-85
108000123,225,339,-114
108000124,64,501,-437
108000125,83,412,-329
108000126,42,642,-600
108000127,90,435,-345
108000128,152,884,-732
108000129,69,1705,-1636
108000130,81,359,-278
108000131,354,73,281
108000132,976,989,-13
108000133,289,248,41
108000134,545,781,-236
108000135,284,199,85
108000136,847,1118,-271
108000137,72,280,-208
108000138,146,1133,-987
108000139,50,424,-374
108000140,18,15,3
108000141,9,174,-165
108000142,21,113,-92
108000143,12,691,-679
108000144,76,64,12
108000145,15,49,-34
108000146,84,36,48
108000147,7,61,-54
108000148,60,36,24
108000149,8,16,-8
108000150,10,5,5
108000151,196,28,168
108000152,43,564,-521
108000153,62,82,-20
108000154,25,25,0
108000155,22,15,7
108000156,717,413,304
108000157,45,210,-165
108000158,49,187,-138
108000159,642,108,534
108000160,5160,348,4812
108000161,3777,591,3186
108000165,1,58,-57
108000172,2,92,-90
108000173,2542,571,1971
108000175,97,57,40
108000178,351,298,53
108000179,134,345,-211
108000181,49,19,30
108000182,271,59,212
108000183,34,291,-257
108000184,997,608,389
108000185,52,624,-572
108000186,75,580,-505
108000187,28,716,-688
108000188,87,189,-102
108000189,1539,1493,46
108000190,15,79,-64
108000192,37,649,-612
108000193,268,16,252
108000194,25,12,13
108000195,4,1125,-1121
108000196,39,102,-63
108000198,214,373,-159
108000199,0,107,-107
108000200,54,661,-607
108000203,36,876,-840
108000204,15,24,-9
108000205,327,436,-109
108000339,1401,171,1230
108000364,400,318,82
108000365,31,382,-351
108000367,69,277,-208
108000368,5,46,-41
108000369,1402,49,1353
108000371,7,593,-586
108000372,188,4,184
108000373,103,157,-54
108000376,48,10,38
108000377,176,282,-106
108000378,7681,4271,3410
108000379,24,103,-79
108000381,7,11,-4
108000382,60,5,55
108000383,1,77,-76
108900001,76,952,-876
108900002,125,34,91
108900003,288,1068,-780
108900004,164,108,56
108900007,41,101,-60
108900008,29,93,-64
108900009,11,95,-84
108900010,43,109,-66
108900011,151,313,-162
108900012,84,440,-356
108900013,26,221,-195
108900014,0,35,-35
108900015,0,9,-9
108900016,1,145,-144
108900017,56,88,-32
108900018,14,506,-492
108900019,9,1194,-1185
108900020,9,263,-254
108900021,53,302,-249
108900022,9,1,8
108900023,1,34,-33
108900024,1,167,-166
108900025,23,99,-76
108900026,4,94,-90
108900027,1,114,-113
108900028,8,463,-455
108900029,17,224,-207
108900030,2,128,-126
108900031,13,667,-654
108900032,6,171,-165
108900033,0,58,-58
108900034,1,247,-246
108900035,96,1690,-1594
108900038,1,424,-423
108900039,1,515,-514
108900040,1,84,-83
108900041,5142,1030,4112
108900042,3,193,-190
108900043,25,370,-345
108900044,4,636,-632
108900045,13,600,-587
108900046,47,932,-885
108900047,4,88,-84
108900048,44,882,-838
108900049,4752,316,4436
108900050,2,327,-325
108900051,0,205,-205
108900052,3,233,-230
108900053,53,48,5
108900054,21,247,-226
108900055,34,406,-372
108900056,0,147,-147
108900057,0,158,-158
108900058,14,417,-403
108900059,90,1,89
108900060,23,61,-38
108900061,15,8,7
108900062,1,399,-398
108900063,5,378,-373
108900064,20,61,-41
108900065,1,332,-331
108900066,52,74,-22
108900067,8,232,-224
108900068,2,233,-231
108900069,11,113,-102
108900070,21,173,-152
108900071,16,46,-30
108900072,1966,135,1831
108900073,9,501,-492
108900074,28,465,-437
108900075,45,77,-32
108900076,57,49,8
108900077,121,549,-428
108900078,1,184,-183
108900079,492,184,308
108900080,13,145,-132
108900081,37,185,-148
108900082,3,101,-98
108900083,5,57,-52
108900085,1912,103,1809
108900086,10,343,-333
108900087,95,147,-52
108900088,340,109,231
108900089,4,51,-47
108900090,1,417,-416
108900091,120,82,38
108900092,120,139,-19
108900093,17,25,-8
108900094,99,37,62
108900095,49,588,-539
108900096,478,35,443
108900097,105,148,-43
108900098,2931,160,2771
108900099,138,308,-170
108900100,15,77,-62
108900101,44,22,22
108900102,75,214,-139
108900103,19,22,-3
108900105,7,236,-229
108900106,112,532,-420
108900108,52,19,33
108900109,69,16,53
108900110,31,445,-414
108900111,72,625,-553
108900113,28,10,18
108900114,6,11,-5
108900115,17,18,-1
108900116,10,3,7
108900117,15,17,-2
108900118,96,3,93
108900119,35,26,9
108900120,73,51,22
108900121,95,15,80
108900122,26,16,10
108900123,25,22,3
108900124,128,40,88
108900125,51,0,51
108900126,24,3,21
108900127,18,19,-1
108900128,17,10,7
108900129,215,46,169
108900130,43,0,43
108900131,60,0,60
108900132,66,35,31
108900133,54,23,31
108900134,35,249,-214
108900135,20,2,18
108900136,2,0,2
108900137,19,0,19
108900138,126,4,122
108900140,35,192,-157
108900141,37,1,36
108900142,15,0,15
108900143,3,0,3
108900144,7,0,7
108900145,42,1,41
108900146,13,0,13
108900147,32,0,32
108900148,46,19,27
108900150,76,1,75
108900151,7,1,6
108900152,8,0,8
108900153,42,383,-341
108900154,1476,133,1343
108900156,21,5,16
108900157,4,574,-570
108900158,32,21,11
108900159,2,327,-325
108900160,14,239,-225
108900161,3,412,-409
108900162,16,0,16
108900163,11,88,-77
108900164,26,109,-83
108900168,9188,771,8417
108900169,22,132,-110
108900171,7238,774,6464
108900172,103,26,77
108900173,139,255,-116
108900174,124,311,-187
108900176,69,684,-615
108900177,8087,950,7137
108900178,4976,707,4269
108900180,17,91,-74
108900183,120,121,-1
108900184,67,80,-13
108900185,21,286,-265
108900186,5,324,-319
108900189,88,105,-17
108900190,171,2322,-2151
108900192,45,207,-162
108900195,29,351,-322
108900196,8,558,-550
108900199,67,250,-183
108900200,145,298,-153
108900201,135,1005,-870
108900203,127,8,119
108900204,79,2,77
108900205,54,4,50
108900206,63,9,54
108900207,51,14,37
108900208,12,301,-289
108900209,157,521,-364
108900210,77,152,-75
108900211,73,80,-7
108900212,526,270,256
108900215,69,683,-614
108900216,189,32,157
108900217,11,0,11
108900218,21,2,19
108900221,9,18,-9
108900224,24,90,-66
108900225,0,96,-96
108900227,13,34,-21
108900230,318,238,80
108900232,3,336,-333
108900233,98,14,84
108900234,143,27,116
108900235,124,475,-351
108900236,16,293,-277
108900240,11,66,-55
108900241,5,5,0
108900245,2,204,-202
108900250,26,80,-54
108900258,10,229,-219
108900259,13,58,-45
108900260,1,81,-80
108900261,95,105,-10
108900262,299,72,227
108900263,44,244,-200
108900264,248,132,116
108900265,1086,99,987
108900266,937,93,844
108900267,0,28,-28
108900268,4,0,4
108900269,4,7,-3
108900270,18,1,17
108900271,2,9,-7
108900272,23,0,23
108900273,726,183,543
108900274,16,39,-23
109000001,2040,603,1437
109000002,2713,1150,1563
109000003,1271,379,892
109000004,361,2522,-2161
109000005,990,617,373
109000006,499,1907,-1408
109000007,510,493,17
109000008,311,1853,-1542
109000009,1835,645,1190
109000010,1110,3144,-2034
109000011,1148,975,173
109000012,1151,3681,-2530
109000013,1401,1207,194
109000014,931,3255,-2324
109000015,3116,2860,256
109000016,8831,3401,5430
109000017,1079,753,326
109000018,554,2801,-2247
109000019,1336,634,702
109000020,1249,1985,-736
109000023,145,6,139
109000024,4,156,-152
109000025,214,288,-74
109000026,586,294,292
109000027,29,206,-177
109000028,124,70,54
109000029,107,85,22
109000030,40,467,-427
109000031,57,54,3
109000032,65,428,-363
109000033,117,51,66
109000034,58,15,43
109000035,18,24,-6
109000036,56,287,-231
109000037,149,432,-283
109000038,411,262,149
109000039,351,192,159
109000040,2818,1244,1574
109000041,4947,780,4167
109000042,711,639,72
109000044,200,210,-10
109000045,92,475,-383
109000046,83,53,30
109000047,63,427,-364
109000048,830,313,517
109000049,195,420,-225
109000050,359,502,-143
109000051,178,247,-69
109000052,235,1756,-1521
109000053,215,195,20
109000054,90,612,-522
109000055,37,109,-72
109000056,110,566,-456
109000057,140,154,-14
109000058,950,387,563
109000059,321,724,-403
109000060,410,141,269
109000061,1301,307,994
109000062,53,113,-60
109000063,144,169,-25
109000064,43,94,-51
109000065,38,335,-297
109000066,97,92,5
109000067,30,346,-316
109000068,115,0,115
109000069,310,3,307
109000070,5,680,-675
109000071,155,37,118
109000072,89,595,-506
109000073,17,45,-28
109000074,18,244,-226
109000075,49,410,-361
109000076,68,141,-73
109000077,399,354,45
109000078,12,97,-85
109000079,104,234,-130
109000080,70,114,-44
109000081,42,592,-550
109000082,159,275,-116
109000083,102,1000,-898
109000088,68,326,-258
109000089,161,11,150
109000090,123,418,-295
109000091,115,36,79
109000092,273,581,-308
109000093,101,41,60
109000094,75,0,75
109000095,62,700,-638
109000096,231,95,136
109000097,87,84,3
109000098,33,67,-34
109000099,345,208,137
109000100,92,522,-430
109000101,444,533,-89
109000102,183,787,-604
109000103,229,595,-366
109000104,468,399,69
109000105,238,1359,-1121
109000106,812,367,445
109000107,295,1668,-1373
109000108,730,261,469
109000109,349,1851,-1502
109000110,491,230,261
109000111,631,1936,-1305
109000112,245,128,117
109000113,102,176,-74
109000114,101,465,-364
109000115,642,106,536
109000116,10,475,-465
109000117,32,95,-63
109000118,3,379,-376
109000119,253,352,-99
109000120,90,1080,-990
109000121,95,124,-29
109000122,48,1094,-1046
109000123,18,234,-216
109000124,201,373,-172
109000125,201,278,-77
109000126,195,973,-778
109000127,361,230,131
109000128,228,2535,-2307
109000129,585,189,396
109000130,724,3074,-2350
109000131,546,275,271
109000132,809,2451,-1642
109000133,176,833,-657
109000134,400,1255,-855
109000135,606,1001,-395
109000136,129,392,-263
109000137,76,312,-236
109000138,148,453,-305
109000139,150,413,-263
109000140,53,900,-847
109000141,219,474,-255
109000142,77,486,-409
109000143,52,43,9
109000145,59,135,-76
109000146,81,76,5
109000148,3443,367,3076
109000149,12,17,-5
109000150,79,101,-22
109000155,127,438,-311
109000156,869,745,124
109000158,9,229,-220
109000159,38,606,-568
109000160,319,236,83
109000161,105,1462,-1357
109000162,680,879,-199
109000163,334,1366,-1032
109000164,719,2224,-1505
109000165,557,612,-55
109000166,163,113,50
109000167,56,819,-763
109000170,30,39,-9
109000171,31,35,-4
109000172,45,57,-12
109000173,4,26,-22
109000174,24,40,-16
109000175,23,527,-504
109000176,100,276,-176
109000177,5,126,-121
109000178,244,328,-84
109000179,6683,1268,5415
109000180,4177,2332,1845
109000181,3,36,-33
109000182,15,40,-25
109000183,19,57,-38
109000184,15,12,3
109000185,11,77,-66
109000188,271,2407,-2136
109000189,826,744,82
109000190,203,497,-294
109000191,115,693,-578
109000192,61,247,-186
109000193,95,463,-368
109000194,47,103,-56
109000195,38,424,-386
109000196,70,91,-21
109000197,71,494,-423
109000198,88,44,44
109000199,44,459,-415
109000206,94,27,67
109000207,54,14,40
109000208,61,38,23
109000209,92,80,12
109000210,173,417,-244
109000211,116,289,-173
109000214,166,1509,-1343
109000215,37,81,-44
109000216,113,66,47
109000217,104,38,66
109000218,105,57,48
109000221,123,985,-862
109000222,409,73,336
109000223,123,144,-21
109000224,27,338,-311
109000225,29,49,-20
109000226,17,291,-274
109000227,286,1162,-876
109000228,2,255,-253
109000231,3,450,-447
109000232,110,398,-288
109000236,93,761,-668
109000241,899,1483,-584
109000242,667,1058,-391
109000293,30,124,-94
109000361,67,240,-173
109000364,146,542,-396
109000396,7,754,-747
109000397,102,2,100
109000399,104,463,-359
109000400,32,474,-442
109000403,35,189,-154
109000406,151,7,144
109000407,70,213,-143
109000408,1,744,-743
109000410,297,120,177
109000411,38,16,22
109000412,0,80,-80
109900001,30,5,25
109900002,170,12,158
109900003,30,0,30
109900005,7,6,1
109900006,114,162,-48
109900007,131,771,-640
109900008,1,28,-27
109900009,78,800,-722
109900010,118,4,114
109900011,17,12,5
109900012,45,108,-63
109900013,142,47,95
109900014,61,46,15
109900015,128,35,93
109900016,23,38,-15
109900017,29,30,-1
109900018,47,133,-86
109900019,43,75,-32
109900020,3,15,-12
109900021,5,6,-1
109900022,72,338,-266
109900023,12,3,9
109900024,2,1,1
109900025,2,27,-25
109900027,18,2,16
109900028,2356,221,2135
109900029,3,540,-537
109900030,7,0,7
109900031,0,31,-31
109900032,2,301,-299
109900033,0,460,-460
109900034,1,3,-2
109900035,2,8,-6
109900036,9,95,-86
109900037,5,551,-546
109900038,31,201,-170
109900039,1,0,1
109900040,8,668,-660
109900041,32,475,-443
109900042,4,385,-381
109900044,58,245,-187
109900045,29,22,7
109900046,26,54,-28
109900047,210,336,-126
109900048,1,70,-69
109900049,4,11,-7
109900050,1,326,-325
109900051,0,23,-23
109900052,17,242,-225
109900053,3,476,-473
109900054,184,71,113
109900055,17,217,-200
109900056,19,55,-36
109900057,4,239,-235
109900058,0,102,-102
109900060,169,176,-7
109900061,61,248,-187
109900062,1,274,-273
109900064,136,197,-61
109900065,69,105,-36
109900066,126,828,-702
109900067,1,414,-413
109900068,6,0,6
109900069,2,22,-20
109900071,0,21,-21
109900072,5,89,-84
109900073,23,644,-621
109900074,2,31,-29
109900075,7,13,-6
109900076,13,504,-491
109900077,11,54,-43
109900078,38,234,-196
109900080,73,275,-202
109900081,1,84,-83
109900082,23,435,-412
109900083,10,20,-10
109900084,14,102,-88
109900085,95,1045,-950
109900086,67,124,-57
109900087,66,204,-138
109900089,125,43,82
109900092,105,3,102
109900093,143,71,72
109900094,10,75,-65
109900095,66,179,-113
109900096,4,1,3
109900097,26,0,26
109900098,111,9,102
109900099,33,3,30
109900100,8,0,8
109900101,69,0,69
109900102,96,12,84
109900103,2,33,-31
109900104,103,1067,-964
109900105,201,15,186
109900106,62,57,5
109900107,68,38,30
109900108,33,517,-484
109900109,14,233,-219
109900111,148,1041,-893
109900114,215,190,25
109900115,39,73,-34
109900117,204,58,146
109900121,228,60,168
109900123,3,166,-163
109900125,0,204,-204
109900126,25,150,-125
109900130,10611,514,10097
109900131,72,99,-27
109900132,18,139,-121
109900134,29,33,-4
109900135,386,51,335
109900137,17,358,-341
109900140,43,396,-353
109900149,28,33,-5
109900150,2,49,-47
109900151,1,28,-27
109900152,1,19,-18
109900153,0,43,-43
109900154,0,0,0
109900155,13,0,13
109900157,26,212,-186
109900159,30,14,16
109900161,81,14,67
109900162,46,37,9
109900163,473,198,275
109900164,17,270,-253
109900165,30,5,25
109900166,0,119,-119
109900167,44,439,-395
109900168,46,444,-398
109900169,32,85,-53
109900170,164,254,-90
109900171,13,54,-41
109900172,47,122,-75
109900173,3443,478,2965
109900174,30,99,-69
109900175,21,59,-38
109900176,55,157,-102
109900177,18,241,-223
109900178,2,74,-72
109900179,1,17,-16
109900180,1,1,0
110000001,531,370,161
110000002,359,302,57
110000003,660,505,155
110000004,323,351,-28
110000005,586,687,-101
110000006,559,297,262
110000007,57,134,-77
110000008,9,42,-33
110000009,10,66,-56
110000010,16,94,-78
110000011,5,96,-91
110000012,537,405,132
110000013,32,207,-175
110000014,739,328,411
110000015,254,386,-132
110000016,252,514,-262
110000017,3946,185,3761
110000018,3254,435,2819
110000019,18,194,-176
110000020,438,175,263
110000021,280,279,1
110000022,307,52,255
110000023,8,145,-137
110000024,532,220,312
110000025,68,1,67
110000026,1,490,-489
110000027,279,265,14
110000028,385,622,-237
110000029,321,748,-427
110000030,145,290,-145
110000031,152,440,-288
110000032,417,391,26
110000033,54,57,-3
110000034,133,1090,-957
110000035,177,911,-734
110000036,158,878,-720
110000037,58,587,-529
110000038,80,558,-478
110000039,384,995,-611
110000040,244,403,-159
110000041,96,508,-412
110000042,63,268,-205
110000043,227,137,90
110000044,44,53,-9
110000045,156,42,114
110000046,2,6,-4
110000047,2,3,-1
110000048,0,19,-19
110000049,6,4,2
110000050,6,17,-11
110000051,23,2,21
110000052,20,55,-35
110000053,15,5,10
110000054,56,103,-47
110000055,142,17,125
110000056,111,24,87
110000057,320,677,-357
110000058,459,526,-67
110000059,370,500,-130
110000060,304,700,-396
110000061,773,724,49
110000062,540,566,-26
110000063,23,89,-66
110000064,34,87,-53
110000065,17,83,-66
110000066,36,31,5
110000067,32,201,-169
110000068,54,466,-412
110000069,52,145,-93
110000071,50,234,-184
110000073,0,25,-25
110000075,1,122,-121
110000076,193,48,145
110000077,359,159,200
110000078,4,51,-47
110000080,183,479,-296
110000081,10,204,-194
110000082,19,156,-137
110000083,113,498,-385
110000084,386,243,143
110000085,3068,1031,2037
110000086,1211,434,777
110000087,1,45,-44
110000088,34,175,-141
110000089,140,239,-99
110000090,46,268,-222
110000091,1554,278,1276
110000092,27,90,-63
110000093,22,3,19
110000094,363,284,79
110000095,58,307,-249
110000096,3575,1392,2183
110000097,653,581,72
110000098,847,341,506
110000099,764,1222,-458
110000100,158,708,-550
110000101,12,648,-636
110000102,19,19,0
110000104,50,52,-2
110000105,29,272,-243
110000106,206,133,73
110000107,267,482,-215
110000108,132,24,108
110000109,215,233,-18
110000110,4130,1196,2934
110000111,8389,952,7437
110000112,1251,313,938
110000113,855,490,365
110000114,52,186,-134
110000115,213,252,-39
110000116,44,37,7
110000117,117,542,-425
110000118,161,232,-71
110000119,83,310,-227
110000120,168,145,23
110000121,49,182,-133
110000122,123,377,-254
110000123,206,221,-15
110000124,2,819,-817
110000125,523,5,518
110000126,85,17,68
110000127,270,12,258
110000128,21,1463,-1442
110000129,6,750,-744
110000130,74,53,21
110000131,83,621,-538
110000132,3,674,-671
110000133,33,178,-145
110000134,23,217,-194
110000135,164,19,145
110000136,27,208,-181
110000137,247,568,-321
110000138,228,815,-587
110000139,360,1322,-962
110000140,480,196,284
110000143,709,253,456
110000144,3503,611,2892
110000145,901,459,442
110000146,1106,450,656
110000147,105,402,-297
110000148,208,361,-153
110000151,727,555,172
110000152,663,226,437
110000153,17,101,-84
110000154,3,3,0
110000155,810,850,-40
110000156,583,594,-11
110000157,602,913,-311
110000160,298,429,-131
110000161,125,520,-395
110000166,68,85,-17
110000167,423,323,100
110000168,429,228,201
110000169,190,245,-55
110000170,54,101,-47
110000171,284,203,81
110000172,136,704,-568
110000173,1060,1147,-87
110000174,27,1101,-1074
110000175,228,187,41
110000176,38,292,-254
110000177,78,627,-549
110000178,355,458,-103
110000179,1198,265,933
110000180,82,294,-212
110000181,81,266,-185
110000182,307,228,79
110000183,9377,2890,6487
110000184,425,1054,-629
110000185,319,419,-100
110000186,470,409,61
110000191,172,343,-171
110000192,83,0,83
110000193,145,2,143
110000194,5,1225,-1220
110000195,90,406,-316
110000196,146,509,-363
110000197,26,166,-140
110000198,38,66,-28
110000199,33,104,-71
110000200,1133,615,518
110000201,174,355,-181
110000202,497,280,217
110000203,465,697,-232
110000204,2,217,-215
110000205,24,66,-42
110000206,289,1368,-1079
110000207,189,272,-83
110000208,38,116,-78
110000209,75,637,-562
110000210,247,532,-285
110000211,266,691,-425
110000212,194,672,-478
110000213,55,60,-5
110000214,74,101,-27
110000215,36,626,-590
110000216,22,609,-587
110000217,65,164,-99
110000218,58,425,-367
110000219,88,58,30
110000220,12,371,-359
110000221,93,65,28
110000222,9,277,-268
110000223,2,45,-43
110000224,70,6,64
110000225,88,330,-242
110000226,150,44,106
110000227,291,296,-5
110000228,196,264,-68
110000229,1,170,-169
110000230,206,725,-519
110000231,44,144,-100
110000232,57,143,-86
110000233,79,251,-172
110000234,313,294,19
110000235,924,700,224
110000236,208,920,-712
110000237,677,854,-177
110000238,565,1179,-614
110000239,744,1015,-271
110000240,1,130,-129
110000242,0,15,-15
110000243,30,233,-203
110000244,71,217,-146
110000245,50,267,-217
110000246,223,563,-340
110000247,2297,3033,-736
110000248,3333,1010,2323
110000249,70,6,64
110000250,8,161,-153
110000251,32,410,-378
110000252,134,306,-172
110000253,846,336,510
110000254,1179,1398,-219
110000255,186,1089,-903
110000256,350,122,228
110000257,440,243,197
110000258,13,394,-381
110000259,84,19,65
110000260,12,424,-412
110000263,773,60,713
110000264,113,471,-358
110000265,634,1258,-624
110000266,1486,1883,-397
110000267,7,193,-186
110000268,154,259,-105
110000269,1,65,-64
110000270,14,0,14
110000271,2011,168,1843
110000272,416,680,-264
110000273,1688,724,964
110000274,92,743,-651
110000275,2571,320,2251
110000276,98,166,-68
110000277,93,264,-171
110000278,182,764,-582
110000279,424,579,-155
110000280,119,356,-237
110000281,8,159,-151
110000282,119,36,83
110000283,26,68,-42
110000284,25,17,8
110000285,1,107,-106
110000286,6,0,6
110000287,20,0,20
110000288,1,48,-47
110000289,254,908,-654
110000290,1234,556,678
110000291,5555,1166,4389
110000292,929,3726,-2797
110000293,268,948,-680
110000294,278,879,-601
110000295,58,786,-728
110000296,114,310,-196
110000297,2906,252,2654
110000298,562,388,174
110000299,1165,13,1152
110000301,161,5,156
110000302,175,1377,-1202
110000303,130,5,125
110000304,77,297,-220
110000305,256,4,252
110000306,73,1898,-1825
110000307,304,2,302
110000308,161,4,157
110000309,6,1408,-1402
110000310,244,51,193
110000311,10,811,-801
110000312,686,33,653
110000313,4825,1337,3488
110000314,0,155,-155
110000315,1928,1006,922
110000316,436,970,-534
110000317,346,169,177
110000318,0,73,-73
110000319,14,18,-4
110000320,13,62,-49
110000321,2,60,-58
110000322,54,447,-393
110000323,195,309,-114
110000324,4240,831,3409
110000325,1684,1965,-281
110000327,348,103,245
110000328,106,438,-332
110000333,422,515,-93
110000334,437,1179,-742
110000335,719,558,161
110000336,248,1270,-1022
110000337,377,402,-25
110000338,73,206,-133
110000339,70,230,-160
110000340,7,214,-207
110000341,107,430,-323
110000342,204,1,203
110000343,0,11,-11
110000344,67,183,-116
110000345,60,63,-3
110000346,1568,1064,504
110000347,730,665,65
110000348,0,19,-19
110000349,9,36,-27
110000350,24,5,19
110000351,353,691,-338
110000352,152,1143,-991
110000353,2829,840,1989
110000354,400,1087,-687
110000355,38,76,-38
110000356,419,8,411
110000357,168,8,160
110000361,1,74,-73
110000362,12,64,-52
110000363,109,88,21
110000364,76,345,-269
110000365,86,1,85
110000366,1,89,-88
110000367,175,238,-63
110000368,0,73,-73
110000369,12,1,11
110000373,4,259,-255
110000374,11,1,10
110000375,76,395,-319
110000376,28,116,-88
110000377,46,214,-168
110000378,13,221,-208
110000379,3188,502,2686
110000380,9,4,5
110000383,1,387,-386
110000384,1462,179,1283
110000385,1,112,-111
110000387,14,5,9
110000388,6,281,-275
110000389,160,2,158
110000391,102,352,-250
110000396,41,116,-75
110000397,26,175,-149
110000398,3,35,-32
110000399,171,3,168
110000587,18,50,-32
110000589,102,191,-89
110000640,53,171,-118
110000652,5,66,-61
110000653,115,423,-308
110000654,0,8,-8
110000656,4,523,-519
110000674,14,8,6
110000675,2,21,-19
110000676,3,22,-19
110000679,679,190,489
110000682,77,55,22
110000683,277,457,-180
110000684,4,43,-39
110000685,10,5,5
110000686,1,27,-26
110000687,12,2,10
110000688,28,258,-230
110000689,19,63,-44
110000692,54,231,-177
110000693,50,277,-227
110000694,0,108,-108
110000695,71,603,-532
110000696,112,116,-4
110000698,20,331,-311
110000699,99,341,-242
110900001,57,2,55
110900002,56,143,-87
110900003,123,1105,-982
110900004,55,264,-209
110900005,3759,597,3162
110900006,56,2,54
110900007,11,6,5
110900008,10,50,-40
110900009,118,23,95
110900010,1,51,-50
110900011,5,66,-61
110900012,2,152,-150
110900013,247,97,150
110900014,68,27,41
110900015,605,119,486
110900016,1,212,-211
110900017,89,28,61
110900018,160,24,136
110900019,46,24,22
110900020,9,511,-502
110900021,43,586,-543
110900022,37,394,-357
110900023,37,315,-278
110900024,12,523,-511
110900025,0,23,-23
110900027,7,190,-183
110900028,13,133,-120
110900029,14,369,-355
110900030,10,322,-312
110900031,1,156,-155
110900032,1,107,-106
110900033,19,222,-203
110900035,18,281,-263
110900036,27,25,2
110900037,22,14,8
110900038,806,73,733
110900039,10,201,-191
110900040,86,23,63
110900041,4,140,-136
110900042,21,17,4
110900043,1,184,-183
110900044,149,11,138
110900045,12,615,-603
110900046,105,369,-264
110900047,462,45,417
110900049,13,12,1
110900050,8,0,8
110900052,5,301,-296
110900053,24,36,-12
110900054,10,319,-309
110900055,4,0,4
110900056,27,72,-45
110900057,5,499,-494
110900058,42,191,-149
110900059,380,749,-369
110900060,112,34,78
110900061,19,34,-15
110900062,19,209,-190
110900063,6,55,-49
110900064,4,0,4
110900065,471,53,418
110900066,1,51,-50
110900067,355,123,232
110900068,196,204,-8
110900069,0,16,-16
110900070,95,36,59
110900071,109,125,-16
110900073,0,14,-14
110900074,87,53,34
110900075,91,39,52
110900077,108,246,-138
110900078,4,111,-107
110900079,2161,230,1931
110900080,17,24,-7
110900081,0,90,-90
110900082,26,189,-163
110900083,27,16,11
110900084,8,198,-190
110900085,19,180,-161
110900086,37,42,-5
110900087,51,67,-16
110900088,5,0,5
110900090,12,5,7
110900091,1,25,-24
110900093,60,26,34
110900095,8,19,-11
110900097,3,29,-26
110900098,2,76,-74
110900099,24,324,-300
110900100,0,21,-21
110900102,2,18,-16
110900105,271,193,78
110900108,8,52,-44
110900111,121,29,92
110900112,155,1,154
110900113,473,9,464
110900115,0,77,-77
110900116,156,2200,-2044
110900118,193,452,-259
110900119,5892,169,5723
110900120,1,156,-155
110900121,47,0,47
110900122,79,138,-59
110900125,83,133,-50
110900127,520,353,167
110900128,378,205,173
110900129,152,110,42
110900130,977,121,856
110900131,19,61,-42
110900132,75,19,56
110900133,17,300,-283
110900135,55,397,-342
110900136,100,8,92
110900138,0,0,0
110900139,2,0,2
110900140,0,0,0
110900141,94,56,38
110900142,14,186,-172
110900143,52,36,16
110900144,2,531,-529
110900145,35,2,33
110900146,212,15,197
110900147,147,150,-3
110900148,0,223,-223
110900149,0,38,-38
110900150,6,16,-10
110900151,0,50,-50
110900152,11,311,-300
110900153,24,4,20
111000001,183,460,-277
111000002,585,712,-127
111000003,307,403,-96
111000004,356,1351,-995
111000005,606,515,91
111000006,636,1565,-929
111000007,2858,1059,1799
111000008,3528,2969,559
111000009,180,839,-659
111000010,352,243,109
111000011,359,829,-470
111000012,438,263,175
111000013,208,1279,-1071
111000014,616,496,120
111000017,97,313,-216
111000018,170,265,-95
111000020,2116,1246,870
111000021,52,128,-76
111000023,65,153,-88
111000025,6422,1334,5088
111000029,52,89,-37
111000030,29,36,-7
111000031,2024,447,1577
111000032,420,209,211
111000033,157,106,51
111000034,213,144,69
111000037,2580,1343,1237
111000038,2633,1745,888
111000039,1050,1876,-826
111000040,898,1971,-1073
111000041,1038,969,69
111000042,6225,2164,4061
111000043,1389,882,507
111000044,719,351,368
111000045,831,1105,-274
111000046,562,824,-262
111000047,1327,1822,-495
111000049,237,457,-220
111000050,1514,1525,-11
111000051,270,921,-651
111000052,536,1153,-617
111000053,298,903,-605
111000054,260,894,-634
111000055,741,1689,-948
111000056,67,654,-587
111000057,46,733,-687
111000058,90,121,-31
111000059,92,246,-154
111000060,1520,617,903
111000061,278,273,5
111000062,367,174,193
111000063,1671,612,1059
111000064,409,544,-135
111000065,620,732,-112
111000066,258,200,58
111000067,202,533,-331
111000068,140,462,-322
111000069,1273,1422,-149
111000070,2412,1111,1301
111000071,191,680,-489
111000072,270,197,73
111000073,129,407,-278
111000074,1025,818,207
111000075,309,552,-243
111000076,186,686,-500
111000077,686,1001,-315
111000078,1318,754,564
111000079,935,614,321
111000080,264,587,-323
111000081,1937,2195,-258
111000082,347,649,-302
111000084,350,434,-84
111000085,563,1557,-994
111000086,2782,1173,1609
111000087,682,776,-94
111000088,5190,1278,3912
111000089,344,803,-459
111000090,955,1143,-188
111000091,453,748,-295
111000092,476,1158,-682
111000093,216,526,-310
111000094,1152,609,543
111000095,1029,1081,-52
111000096,3035,3423,-388
111000097,5871,869,5002
111000098,299,1303,-1004
111000099,250,2470,-2220
111000100,195,2355,-2160
111000101,332,841,-509
111000102,54,815,-761
111000104,110,189,-79
111000107,30,753,-723
111000109,97,191,-94
111000110,395,461,-66
111000111,655,318,337
111000112,682,143,539
111000113,400,353,47
111000114,1265,643,622
111000115,7820,520,7300
111000116,807,553,254
111000117,523,581,-58
111000118,1457,874,583
111000119,705,1602,-897
111000120,222,588,-366
111000121,148,462,-314
111000122,329,854,-525
111000123,448,2959,-2511
111000124,277,3616,-3339
111000125,120,2181,-2061
111000126,65,1149,-1084
111000127,318,133,185
111000128,510,226,284
111000129,782,321,461
111000130,652,652,0
111000131,490,583,-93
111000132,331,299,32
111000133,71,91,-20
111000134,53,98,-45
111000135,9,123,-114
111000136,157,215,-58
111000138,13,17,-4
111000140,1,2,-1
111000141,46,179,-133
111000142,30,102,-72
111000143,5,73,-68
111000144,3,77,-74
111000145,68,2,66
111000146,11,1,10
111000147,122,3,119
111000148,68,72,-4
111000149,0,20,-20
111000150,8,8,0
111000151,1,20,-19
111000153,387,342,45
111000154,592,152,440
111000155,67,136,-69
111000156,302,181,121
111000157,108,253,-145
111000158,580,424,156
111000159,2267,562,1705
111000160,131,507,-376
111000161,12,197,-185
111000162,3,164,-161
111000163,215,606,-391
111000164,635,1310,-675
111000165,1052,313,739
111000166,1007,177,830
111000167,151,363,-212
111000168,190,387,-197
111000169,176,390,-214
111000170,320,300,20
111000171,325,860,-535
111000172,47,676,-629
111000173,138,1362,-1224
111000174,40,544,-504
111000175,22,231,-209
111000176,116,186,-70
111000177,85,363,-278
111000178,350,431,-81
111000179,42,253,-211
111000180,93,296,-203
111000181,300,225,75
111000182,78,171,-93
111000183,145,179,-34
111000184,251,148,103
111000185,229,521,-292
111000186,123,295,-172
111000187,61,287,-226
111000188,111,410,-299
111000189,1610,526,1084
111000190,108,620,-512
111000191,57,452,-395
111000192,103,661,-558
111000193,394,407,-13
111000194,14,423,-409
111000195,76,493,-417
111000196,21,341,-320
111000197,113,183,-70
111000198,151,112,39
111000199,32,160,-128
111000200,87,284,-197
111000201,184,248,-64
111000202,101,199,-98
111000203,180,127,53
111000204,202,205,-3
111000213,132,374,-242
111000214,922,1692,-770
111000215,646,1348,-702
111000217,544,610,-66
111000218,528,669,-141
111000219,321,211,110
111000220,2510,308,2202
111000221,458,109,349
111000224,125,354,-229
111000225,200,128,72
111000226,117,0,117
111000227,32,6,26
111000228,2,119,-117
111000229,34,235,-201
111000230,130,428,-298
111000231,172,1229,-1057
111000232,128,824,-696
111000233,205,931,-726
111000234,19,101,-82
111000239,199,151,48
111000240,15,38,-23
111000241,28,423,-395
111000242,33,16,17
111000243,68,840,-772
111000244,54,65,-11
111000245,215,557,-342
111000246,112,582,-470
111000247,68,1160,-1092
111000248,158,253,-95
111000249,356,972,-616
111000250,13,124,-111
111000251,35,137,-102
111000253,1,3,-2
111000255,9,6,3
111000257,10,15,-5
111000260,13,1189,-1176
111000261,210,53,157
111000271,41,374,-333
111000273,5867,1126,4741
111000274,820,1396,-576
111000275,35,72,-37
111000276,258,2306,-2048
111000277,114,539,-425
111000278,280,249,31
111000291,429,1821,-1392
111000298,151,235,-84
111000299,351,50,301
111000300,45,483,-438
111000302,90,62,28
111000303,60,289,-229
111000312,44,57,-13
111000315,28,201,-173
111000320,197,603,-406
111000321,108,23,85
111000322,86,536,-450
111000323,41,11,30
111000324,235,201,34
111000325,32,57,-25
111000326,71,351,-280
111000327,184,565,-381
111000328,116,375,-259
111000329,1,6,-5
111000330,13,25,-12
111000331,8,2,6
111000332,202,837,-635
111000334,375,1788,-1413
111000335,147,80,67
111000337,170,411,-241
111000338,5,119,-114
111000339,65,643,-578
111000340,72,849,-777
111000341,512,92,420
111000342,36,171,-135
111000344,480,570,-90
111000345,179,18,161
111000346,21,75,-54
111000347,23,1,22
111000350,111,142,-31
111000351,38,166,-128
111000352,76,161,-85
111000353,20,201,-181
111000354,134,176,-42
111000355,81,662,-581
111000358,55,1844,-1789
111000360,54,1014,-960
111000361,41,418,-377
111000546,109,666,-557
111000547,69,631,-562
111000548,52,146,-94
111000549,101,430,-329
111000550,46,146,-100
111000551,498,79,419
111000552,227,39,188
111000907,162,44,118
111000908,21,0,21
111000916,314,156,158
111000917,12,270,-258
111000918,49,1114,-1065
111000920,125,14,111
111000921,1,421,-420
111000922,104,320,-216
111000924,15,998,-983
111000925,908,1187,-279
111000926,684,2690,-2006
111000927,2564,1934,630
111000928,5782,2675,3107
111000929,497,676,-179
111000930,389,1869,-1480
111000931,816,1110,-294
111000932,2656,1726,930
111000933,1903,1170,733
111000934,1692,2067,-375
111000935,499,840,-341
111000936,560,2098,-1538
111000937,484,923,-439
111000938,1238,2416,-1178
111000939,142,68,74
111000940,146,286,-140
111000941,125,555,-430
111000943,96,290,-194
111000944,63,610,-547
111000945,12,2315,-2303
111001109,207,79,128
111001110,157,710,-553
111001111,2,0,2
111001112,84,4,80
111001113,7,97,-90
111001114,849,46,803
111001115,117,202,-85
111001116,4540,895,3645
111001117,571,401,170
111001120,57,276,-219
111001121,85,407,-322
111001122,177,865,-688
111001123,54,134,-80
111001124,50,430,-380
111001125,0,21,-21
111001126,0,0,0
111001127,0,69,-69
111001128,226,477,-251
111001129,1,43,-42
111900001,0,182,-182
111900002,3,623,-620
111900003,1,319,-318
111900004,18,94,-76
111900006,1,9,-8
111900007,33,13,20
111900008,25,2,23
111900009,10,0,10
111900010,140,362,-222
111900012,91,82,9
111900013,2,19,-17
111900014,6887,837,6050
111900015,0,46,-46
111900016,0,169,-169
111900017,0,123,-123
111900018,44,0,44
111900019,0,51,-51
111900020,4,25,-21
111900021,10,45,-35
111900022,8,43,-35
111900023,97,37,60
111900024,12,232,-220
111900025,0,34,-34
111900026,0,100,-100
111900027,4,183,-179
111900028,2,400,-398
111900029,0,121,-121
111900030,43,296,-253
111900032,2,353,-351
111900033,2,90,-88
111900034,125,429,-304
111900035,6,166,-160
111900036,3,329,-326
111900038,291,437,-146
111900039,45,277,-232
111900040,1,716,-715
111900042,47,43,4
111900043,3,458,-455
111900044,161,196,-35
111900046,52,186,-134
111900048,26,956,-930
111900049,16,315,-299
111900050,17,3,14
111900051,1,222,-221
111900052,279,424,-145
111900053,1271,164,1107
111900054,16,0,16
111900055,10,573,-563
111900056,88,68,20
111900057,35,94,-59
111900058,49,784,-735
111900059,1918,179,1739
111900060,59,0,59
111900061,6,337,-331
111900062,7,19,-12
111900063,80,107,-27
111900064,93,280,-187
111900065,21,4,17
111900066,39,110,-71
111900067,0,307,-307
111900068,3,7,-4
111900069,25,1,24
111900070,38,145,-107
111900071,0,208,-208
111900072,5,3,2
111900073,98,14,84
111900074,4,136,-132
111900075,19,6,13
111900076,25,6,19
111900077,7,0,7
111900078,36,0,36
111900079,4,0,4
111900080,167,36,131
111900082,29,3,26
111900083,14,2,12
111900084,14,0,14
111900085,12,15,-3
111900086,15,1,14
111900087,3,0,3
111900088,80,3,77
111900089,1,0,1
111900090,45,3,42
111900091,33,0,33
111900092,23,0,23
111900093,53,1,52
111900094,5,0,5
111900095,46,7,39
111900096,56,0,56
111900097,1,0,1
111900098,14,0,14
111900099,1,0,1
111900100,26,0,26
111900101,33,2,31
111900102,49,612,-563
111900103,31,22,9
111900104,54,22,32
111900105,101,66,35
111900106,1142,31,1111
111900110,2428,95,2333
111900111,8,7,1
111900112,699,357,342
111900113,270,43,227
111900118,74,17,57
111900119,108,17,91
111900122,43,13,30
111900123,9,21,-12
111900124,34,96,-62
111900125,89,7,82
111900126,46,0,46
111900127,0,661,-661
111900128,3,464,-461
111900129,22,1,21
111900130,12,5,7
111900131,42,0,42
111900132,25,1153,-1128
111900133,5,360,-355
111900134,17,243,-226
111900135,0,1,-1
111900136,27,27,0
111900137,34,22,12
111900138,5,55,-50
111900139,12,151,-139
111900140,12,5,7
111900141,13,4,9
111900142,38,7,31
111900143,1,73,-72
111900144,0,134,-134
111900145,0,638,-638
111900146,5,372,-367
111900147,95,443,-348
111900148,17,802,-785
111900149,6,398,-392
111900150,6,136,-130
111900151,1,10,-9
111900152,84,24,60
111900153,1568,173,1395
111900154,5,49,-44
111900155,17,20,-3
111900156,8,26,-18
111900157,10,9,1
111900158,64,7,57
111900159,43,6,37
111900160,26,0,26
111900161,14,0,14
111900162,101,38,63
111900163,29,177,-148
111900164,37,13,24
111901113,53,330,-277
111901114,11,279,-268
111901115,0,0,0
111901116,18,0,18
111901117,3,1,2
111901118,61,5,56
111901119,946,39,907
111901121,93,248,-155
111901122,2,372,-370
111901123,28,354,-326
111901124,20,1,19
111901125,73,133,-60
111901127,571,38,533
111901128,7,53,-46
111901129,1,90,-89
111901130,2,159,-157
111901131,0,222,-222
111901132,34,3,31
111901133,15,1,14
111901134,10,1,9
111901135,0,1,-1
111901138,29,19,10
111901139,4,42,-38
111901140,1,112,-111
111901141,5,183,-178
111901142,5,110,-105
111901143,2,94,-92
111901144,31,13,18
111901145,120,103,17
111901146,102,9,93
111901147,997,7,990
111901148,10,16,-6
111901149,1,1,0
111901150,7,2,5
111901151,0,0,0
111901152,2,21,-19
112000001,739,579,160
112000002,591,2110,-1519
112000003,288,581,-293
112000004,354,1453,-1099
112000005,946,830,116
112000006,962,1639,-677
112000007,862,791,71
112000008,1562,2326,-764
112000009,3782,2904,878
112000010,1323,1807,-484
112000011,1266,2127,-861
112000012,3741,1165,2576
112000013,5150,2380,2770
112000014,1723,616,1107
112000015,1784,1470,314
112000016,1662,749,913
112000017,842,854,-12
112000024,1591,490,1101
112000026,3996,4443,-447
112000027,502,267,235
112000028,1835,1454,381
112000029,136,299,-163
112000030,187,82,105
112000031,1034,1183,-149
112000032,506,46,460
112000033,1249,625,624
112000034,169,23,146
112000035,36,174,-138
112000036,479,393,86
112000037,373,948,-575
112000038,457,759,-302
112000039,29,94,-65
112000040,96,361,-265
112000041,414,612,-198
112000042,629,233,396
112000050,388,1030,-642
112000051,355,558,-203
112000054,1100,2035,-935
112000057,395,212,183
112000058,265,286,-21
112000059,575,288,287
112000061,6530,956,5574
112000062,2381,262,2119
112000063,1878,425,1453
112000064,5984,5583,401
112000065,2562,2529,33
112000066,2324,542,1782
112000067,787,614,173
112000068,1269,676,593
112000069,595,2002,-1407
112000070,1028,350,678
112000071,594,3054,-2460
112000072,441,666,-225
112000073,1045,1692,-647
112000074,696,536,160
112000075,508,700,-192
112000076,2668,2772,-104
112000077,237,710,-473
112000078,463,569,-106
112000079,535,1264,-729
112000080,303,840,-537
112000081,784,1589,-805
112000082,701,390,311
112000083,406,1609,-1203
112000084,527,509,18
112000085,731,1360,-629
112000086,850,1396,-546
112000087,96,888,-792
112000088,137,638,-501
112000089,67,242,-175
112000090,72,294,-222
112000091,503,1154,-651
112000092,743,646,97
112000093,1034,1008,26
112000094,228,687,-459
112000095,320,599,-279
112000096,150,652,-502
112000097,296,360,-64
112000098,405,1637,-1232
112000099,271,357,-86
112000100,560,799,-239
112000101,204,882,-678
112000102,328,494,-166
112000103,165,1350,-1185
112000105,420,2348,-1928
112000106,600,365,235
112000107,39,91,-52
112000108,136,1693,-1557
112000109,62,89,-27
112000110,773,343,430
112000111,1028,3488,-2460
112000112,1434,284,1150
112000113,784,2061,-1277
112000114,813,514,299
112000115,115,564,-449
112000116,148,861,-713
112000117,318,788,-470
112000118,454,739,-285
112000119,235,983,-748
112000120,63,269,-206
112000121,34,599,-565
112000122,103,145,-42
112000123,155,149,6
112000124,124,65,59
112000125,59,108,-49
112000126,85,849,-764
112000127,1826,638,1188
112000128,885,277,608
112000129,47,101,-54
112000130,18,70,-52
112000131,12,337,-325
112000132,32,353,-321
112000133,90,232,-142
112000134,225,384,-159
112000135,380,470,-90
112000136,523,1142,-619
112000137,700,952,-252
112000138,961,1182,-221
112000139,532,157,375
112000140,825,1106,-281
112000141,252,160,92
112000142,75,1009,-934
112000143,351,156,195
112000144,196,1856,-1660
112000145,882,545,337
112000146,510,2188,-1678
112000147,789,991,-202
112000148,1139,2015,-876
112000149,100,757,-657
112000150,93,634,-541
112000151,267,570,-303
112000152,131,322,-191
112000153,198,274,-76
112000154,88,106,-18
112000155,63,40,23
112000157,476,341,135
112000158,113,566,-453
112000159,163,280,-117
112000167,63,19,44
112000169,248,200,48
112000173,219,183,36
112000175,108,312,-204
112000176,4730,1109,3621
112000177,129,34,95
112000178,21,420,-399
112000179,66,185,-119
112000180,187,182,5
112000181,681,1566,-885
112000182,234,1843,-1609
112000183,10,44,-34
112000184,91,503,-412
112000185,141,588,-447
112000187,1389,1583,-194
112000195,28,0,28
112000196,7,0,7
112000197,6,50,-44
112000198,10,368,-358
112000199,526,975,-449
112000202,108,2,106
112000216,52,150,-98
112000230,21,1,20
112000231,3,376,-373
112000256,19,101,-82
112000313,89,130,-41
112000314,5,5,0
112000337,113,460,-347
112000352,183,105,78
112000392,1654,681,973
112000398,385,497,-112
112000399,1835,1020,815
112000400,1316,3922,-2606
112000401,1954,2707,-753
112000402,812,1359,-547
112000403,1480,1117,363
112000404,186,383,-197
112000405,883,1865,-982
112000406,2618,2997,-379
112000407,2232,3630,-1398
112000408,6647,5698,949
112000409,1321,4079,-2758
112000410,77,47,30
112000411,4029,280,3749
112000412,631,125,506
112000413,8928,962,7966
112000414,60,74,-14
112000415,58,39,19
112000416,938,935,3
112000417,112,66,46
112000421,22,125,-103
112000422,178,409,-231
112000424,1999,964,1035
112000425,92,654,-562
112000426,51,180,-129
112000427,0,13,-13
112000428,42,382,-340
112000429,1160,2552,-1392
112000430,1226,2809,-1583
112000431,22,89,-67
112000432,402,2576,-2174
112000433,388,360,28
112000437,13,307,-294
112900001,20,0,20
112900002,75,1238,-1163
112900003,10,324,-314
112900004,6,200,-194
112900005,33,222,-189
112900007,7,165,-158
112900008,1,3,-2
112900009,129,68,61
112900010,45,577,-532
112900011,408,118,290
112900012,0,33,-33
112900013,0,113,-113
112900014,2,286,-284
112900015,234,693,-459
112900016,2,203,-201
112900017,31,181,-150
112900018,25,997,-972
112900019,28,118,-90
112900020,409,1274,-865
112900021,0,227,-227
112900022,4,43,-39
112900023,0,289,-289
112900024,9,163,-154
112900025,64,173,-109
112900026,6,235,-229
112900027,5,1251,-1246
112900028,8,78,-70
112900029,2,603,-601
112900030,238,134,104
112900031,2,556,-554
112900032,68,183,-115
112900034,0,47,-47
112900035,4,589,-585
112900036,10,83,-73
112900037,61,67,-6
112900038,79,48,31
112900039,17,347,-330
112900040,3,257,-254
112900041,1033,321,712
112900042,20,338,-318
112900043,2,31,-29
112900044,430,256,174
112900045,512,278,234
112900046,163,49,114
112900047,13,8,5
112900049,20,29,-9
112900050,51,509,-458
112900051,192,516,-324
112900052,9,942,-933
112900053,238,67,171
112900054,237,11,226
112900055,73,5,68
112900056,91,53,38
112900057,1,633,-632
112900058,126,56,70
112900059,53,96,-43
112900060,7,152,-145
112900061,46,132,-86
112900062,25,96,-71
112900063,76,4,72
112900064,81,53,28
112900065,8,2,6
112900066,59,24,35
112900067,428,58,370
112900068,9,4,5
112900069,2364,160,2204
112900071,5,2,3
112900072,120,193,-73
112900073,89,26,63
112900074,8,40,-32
112900075,2106,216,1890
112900076,27,3,24
112900078,15,71,-56
112900079,41,4,37
112900080,2,1,1
112900081,15,44,-29
112900082,107,5,102
112900083,19,15,4
112900084,49,18,31
112900086,5,0,5
112900087,137,14,123
112900088,11,1,10
112900089,223,2,221
112900090,9,1,8
112900091,39,1,38
112900092,75,40,35
112900093,149,1,148
112900095,4,3,1
112900096,102,42,60
112900097,23,413,-390
112900098,20,0,20
112900099,147,6,141
112900100,7,0,7
112900101,47,1,46
112900102,17,0,17
112900103,56,0,56
112900104,79,0,79
112900105,2,0,2
112900106,147,30,117
112900107,0,0,0
112900108,1,0,1
112900109,7,0,7
112900110,151,3,148
112900111,94,0,94
112900112,75,2,73
112900113,0,18,-18
112900114,8,8,0
112900115,180,1,179
112900116,22,3,19
112900117,118,71,47
112900118,9,42,-33
112900119,20,3,17
112900120,567,109,458
112900121,219,107,112
112900122,7,115,-108
112900123,65,5,60
112900124,3,119,-116
112900125,21,127,-106
112900126,85,263,-178
112900127,91,14,77
112900128,404,634,-230
112900129,2,891,-889
112900130,67,35,32
112900131,39,201,-162
112900132,20,507,-487
112900133,14,1105,-1091
112900134,0,260,-260
112900135,29,12,17
112900137,0,753,-753
112900138,5,457,-452
112900139,126,903,-777
112900141,137,15,122
112900142,19,24,-5
112900143,44,647,-603
112900144,5,1211,-1206
112900145,45,358,-313
112900146,14,1371,-1357
112900147,4,2423,-2419
112900148,4,0,4
112900149,44,440,-396
112900151,13,34,-21
112900152,5296,737,4559
112900153,960,391,569
112900154,1,97,-96
112900155,21,1,20
112900156,76,1559,-1483
112900157,15,178,-163
112900158,4,0,4
112900159,97,15,82
112900160,13,182,-169
112900161,48,9,39
112900162,19,5,14
112900163,83,18,65
112900164,15,31,-16
112900165,29,17,12
112900166,3,28,-25
112900167,2,17,-15
112900168,1,0,1
112900169,5,7,-2
112900170,12,72,-60
112900172,73,2,71
112900173,147,83,64
112900174,77,8,69
112900175,57,16,41
112900176,7,5,2
112900177,74,7,67
112900178,224,348,-124
112900179,39,515,-476
112900180,285,1987,-1702
112900181,146,12,134
112900182,16,1422,-1406
112900183,49,77,-28
112900184,255,242,13
112900185,105,240,-135
112900186,1099,321,778
112900187,15,116,-101
112900188,473,197,276
112900189,1,28,-27
112900190,0,54,-54
112900192,221,132,89
112900193,605,100,505
112900194,13,65,-52
112900195,280,10,270
112900196,149,506,-357
112900197,92,326,-234
112900199,44,344,-300
112900200,127,227,-100
112900201,26,54,-28
112900202,96,911,-815
112900203,26,296,-270
112900204,652,196,456
112900205,0,1,-1
112900206,1,39,-38
112900207,1,0,1
112900208,38,34,4
112900209,198,311,-113
112900210,0,6,-6
112900211,7,4,3
112900212,0,48,-48
112900213,4,3,1
112900214,12,2,10
112900215,6,113,-107
112900216,26,28,-2
112900217,0,76,-76
112900218,6,1,5
112900219,14,0,14
112900220,3,0,3
112900221,0,123,-123
112900222,0,9,-9
112900223,190,3,187
112900224,55,609,-554
112900225,79,453,-374
112900226,122,72,50
112900227,40,978,-938
112900228,5,16,-11
112900229,17,36,-19
112900230,6611,1556,5055
112900232,82,66,16
112900233,23,160,-137
112900234,0,92,-92
112900235,17,3,14
112900236,28,6,22
112900237,12,505,-493
112900238,0,28,-28
112900239,375,212,163
112900240,1,134,-133
112900241,2,228,-226
112900242,4,268,-264
112900243,2,208,-206
112900244,0,154,-154
112900245,0,34,-34
112900246,1,8,-7
112900247,92,15,77
112900248,14,1,13
112900249,19,3,16
112900250,18,13,5
112900251,8,12,-4
112900252,16,12,4
112900253,4,13,-9
112900254,1,6,-5
112900255,0,21,-21
112900256,0,7,-7
112900257,18,9,9
112900258,5,21,-16
113000001,4085,3807,278
113000002,2911,2281,630
113000003,1578,1546,32
113000004,1867,1520,347
113000005,1068,843,225
113000006,785,1067,-282
113000007,1053,1132,-79
113000008,952,1269,-317
113000009,524,904,-380
113000010,490,1186,-696
113000011,497,1455,-958
113000012,467,674,-207
113000013,539,260,279
113000014,1285,974,311
113000015,372,181,191
113000016,143,143,0
113000017,9,249,-240
113000018,111,21,90
113000019,15,259,-244
113000020,59,9,50
113000021,638,543,95
113000022,259,1088,-829
113000025,44,210,-166
113000026,93,348,-255
113000027,486,283,203
113000028,551,266,285
113000029,527,471,56
113000030,646,393,253
113000031,511,128,383
113000032,209,109,100
113000033,318,190,128
113000034,507,164,343
113000035,11,17,-6
113000036,19,36,-17
113000037,37,31,6
113000038,11,41,-30
113000039,44,378,-334
113000040,71,83,-12
113000042,761,568,193
113000051,546,1074,-528
113000052,2251,992,1259
113000053,204,670,-466
113000054,84,570,-486
113000055,501,820,-319
113000056,345,1826,-1481
113000058,539,716,-177
113000059,960,586,374
113000060,51,498,-447
113000061,565,630,-65
113000062,1138,107,1031
113000063,65,272,-207
113000064,13,352,-339
113000065,117,1248,-1131
113000066,256,92,164
113000067,661,802,-141
113000068,343,2129,-1786
113000069,367,1479,-1112
113000070,587,546,41
113000071,199,703,-504
113000072,165,312,-147
113000073,312,1128,-816
113000074,573,226,347
113000075,1814,296,1518
113000076,1378,1151,227
113000077,1270,361,909
113000078,851,872,-21
113000079,569,475,94
113000080,554,444,110
113000081,800,638,162
113000082,761,511,250
113000083,472,634,-162
113000084,1193,788,405
113000085,801,518,283
113000086,809,801,8
113000087,1010,700,310
113000088,1763,830,933
113000089,765,1066,-301
113000090,215,196,19
113000091,762,153,609
113000094,405,143,262
113000095,209,1216,-1007
113000096,148,814,-666
113000097,324,209,115
113000098,36,21,15
113000099,610,195,415
113000100,98,357,-259
113000101,322,521,-199
113000102,365,158,207
113000103,2010,491,1519
113000104,267,1844,-1577
113000105,282,409,-127
113000106,195,543,-348
113000107,404,739,-335
113000108,661,1514,-853
113000109,406,2307,-1901
113000110,1163,325,838
113000111,142,443,-301
113000112,276,312,-36
113000113,1533,220,1313
113000114,309,703,-394
113000116,460,271,189
113000117,644,166,478
113000118,72,166,-94
113000119,118,355,-237
113000120,22,197,-175
113000121,158,785,-627
113000124,88,118,-30
113000125,18,315,-297
113000127,3293,439,2854
113000128,379,220,159
113000129,411,900,-489
113000133,4175,333,3842
113000134,8,409,-401
113000135,2572,1367,1205
113000137,2090,875,1215
113000139,331,60,271
113000140,175,128,47
113000141,279,46,233
113000142,494,274,220
113000143,278,153,125
113000144,284,382,-98
113000145,53,101,-48
113000146,51,55,-4
113000147,57,118,-61
113000148,25,103,-78
113000149,84,79,5
113000150,399,240,159
113000151,111,29,82
113000152,35,98,-63
113000153,1546,277,1269
113000154,384,775,-391
113000155,165,177,-12
113000156,194,282,-88
113000157,250,570,-320
113000158,310,137,173
113000159,504,327,177
113000160,542,896,-354
113000161,158,671,-513
113000162,310,287,23
113000163,25,22,3
113000164,23,98,-75
113000166,35,42,-7
113000167,17,196,-179
113000168,41,208,-167
113000169,57,27,30
113000170,38,63,-25
113000171,67,98,-31
113000172,177,49,128
113000173,40,7,33
113000174,87,561,-474
113000175,237,87,150
113000176,208,102,106
113000177,142,434,-292
113000178,132,432,-300
113000179,204,61,143
113000180,411,1107,-696
113000181,506,852,-346
113000182,96,186,-90
113000183,120,454,-334
113000184,33,86,-53
113000189,525,401,124
113000190,1269,175,1094
113000192,2296,867,1429
113000193,3794,637,3157
113000194,1746,935,811
113000195,2112,290,1822
113000196,70,97,-27
113000197,825,611,214
113000198,22,318,-296
113000199,293,296,-3
113000201,298,129,169
113000202,2619,1211,1408
113000203,480,115,365
113000204,1468,853,615
113000205,5,12,-7
113000206,10,20,-10
113000207,27,12,15
113000208,15,32,-17
113000209,17,8,9
113000210,3,27,-24
113000211,357,138,219
113000212,240,14,226
113000213,11,85,-74
113000214,94,145,-51
113000234,146,1385,-1239
113000410,39,56,-17
113000411,1802,3029,-1227
113000412,11542,1199,10343
113000413,4172,950,3222
113000414,11882,5128,6754
113000415,2387,1483,904
113000416,7719,1923,5796
113000417,2835,1401,1434
113000418,2482,2122,360
113000419,1436,1208,228
113000420,3253,1938,1315
113000421,3508,2871,637
113000422,17290,4163,13127
113000423,2680,1613,1067
113000424,4319,4278,41
113000425,11,51,-40
113000428,6,7,-1
113000430,5,10,-5
113000432,639,63,576
113000433,94,971,-877
113000434,26,412,-386
113000435,15,919,-904
113000436,46,1350,-1304
113000437,150,32,118
113000438,57,17,40
113000439,16,196,-180
113000440,31,28,3
113000441,87,241,-154
113000442,108,286,-178
113000443,37,308,-271
113000444,66,333,-267
113000445,36,131,-95
113000446,15,121,-106
113000448,251,104,147
113000449,247,644,-397
113000450,572,1331,-759
113000451,1676,107,1569
113000452,270,242,28
113000453,139,175,-36
113000454,585,37,548
113000455,73,88,-15
113000456,2611,1382,1229
113000468,2449,236,2213
113000469,192,53,139
113000470,526,62,464
113000471,11,253,-242
113000472,58,179,-121
113000474,180,676,-496
113000475,963,1573,-610
113000476,690,1953,-1263
113000477,1258,2072,-814
113000478,2320,4971,-2651
113000479,6,289,-283
113000483,0,0,0
113000484,0,1,-1
113000485,0,0,0
113000486,0,0,0
113000487,0,0,0
113000488,0,0,0
113000489,0,0,0
113000490,0,0,0
113000491,0,0,0
113000492,0,0,0
113000493,0,0,0
113000495,204,225,-21
113000496,48,102,-54
113900001,2,54,-52
113900002,2,95,-93
113900003,1,89,-88
113900004,0,13,-13
113900005,1,19,-18
113900006,0,22,-22
113900007,30,0,30
113900008,13,0,13
113900009,142,1,141
113900010,115,3,112
113900011,16,0,16
113900012,1,2,-1
113900013,290,1,289
113900014,343,0,343
113900015,0,39,-39
113900016,3,0,3
113900017,2,42,-40
113900018,340,23,317
113900019,30,21,9
113900020,19,0,19
113900022,1,0,1
113900023,0,0,0
113900024,26,39,-13
113900025,255,11,244
113900026,22,0,22
113900027,0,69,-69
113900028,15,455,-440
113900029,11,244,-233
113900030,58,1,57
113900031,0,0,0
113900032,9,0,9
113900033,35,45,-10
113900035,16,0,16
113900036,8,87,-79
113900037,9,528,-519
113900038,72,11,61
113900039,27,3,24
113900040,6,4,2
113900041,1,0,1
113900042,27,44,-17
113900043,89,66,23
113900044,77,40,37
113900045,20,1,19
113900046,175,653,-478
113900047,32,135,-103
113900048,292,7,285
113900049,888,112,776
113900050,66,327,-261
113900051,103,300,-197
113900052,123,117,6
113900053,262,57,205
113900054,8,0,8
113900055,60,532,-472
113900056,44,132,-88
113900057,10,85,-75
113900058,24,173,-149
113900059,54,270,-216
113900060,92,156,-64
113900061,521,29,492
113900062,37,2,35
113900063,27,113,-86
113900064,17,171,-154
113900065,316,13,303
113900066,85,424,-339
113900067,22,313,-291
113900068,247,215,32
113900069,35,7,28
113900070,218,400,-182
113900071,46,40,6
113900072,26,122,-96
113900073,116,299,-183
113900074,14,395,-381
113900075,547,581,-34
113900076,64,1,63
113900077,32,203,-171
113900078,37,35,2
113900079,1,56,-55
113900080,167,70,97
113900081,17,215,-198
113900082,98,161,-63
113900083,53,604,-551
113900084,135,23,112
113900085,21,356,-335
113900086,9,13,-4
113900087,10,124,-114
113900088,19,25,-6
113900089,231,26,205
113900090,143,197,-54
113900091,12,15,-3
113900092,56,42,14
113900093,79,343,-264
113900094,83,482,-399
113900095,53,47,6
113900096,39,47,-8
113900097,3,140,-137
113900098,224,39,185
113900099,1,22,-21
113900100,0,0,0
113900101,24,14,10
113900102,74,66,8
113900103,158,158,0
113900104,47,79,-32
113900105,5,404,-399
113900106,0,73,-73
113900107,0,6,-6
113900108,159,81,78
113900109,240,78,162
113900110,16,10,6
113900111,24,67,-43
113900112,12,64,-52
113900113,214,238,-24
113900114,0,116,-116
113900115,1,29,-28
113900116,64,81,-17
113900117,35,8,27
113900118,108,131,-23
113900119,235,95,140
113900120,28,18,10
113900121,19,46,-27
113900122,109,791,-682
113900123,140,113,27
113900124,0,24,-24
113900125,1119,91,1028
113900126,65,26,39
113900127,113,197,-84
113900128,55,23,32
113900129,1,35,-34
113900130,0,3,-3
113900131,35,57,-22
113900132,19,18,1
113900133,9,23,-14
113900135,143,376,-233
113900136,67,58,9
113900137,121,108,13
113900138,36,48,-12
113900139,338,24,314
113900140,338,84,254
113900141,112,467,-355
113900142,38,77,-39
113900143,8,10,-2
113900144,221,36,185
113900145,87,163,-76
113900146,22,50,-28
113900148,96,56,40
113900149,59,10,49
113900150,1593,141,1452
113900151,77,202,-125
113900152,2,58,-56
113900153,542,88,454
113900154,3,72,-69
113900155,166,26,140
113900156,155,517,-362
113900157,39,210,-171
113900158,262,35,227
113900159,6,113,-107
113900160,274,694,-420
113900161,6,157,-151
113900162,438,213,225
113900163,172,114,58
113900164,98,22,76
113900165,304,418,-114
113900166,184,35,149
113900167,148,21,127
113900168,86,58,28
113900169,75,396,-321
113900171,59,14,45
113900172,4,150,-146
113900173,39,568,-529
113900174,237,474,-237
113900175,116,31,85
113900176,87,696,-609
113900177,208,161,47
113900178,121,49,72
113900179,11,672,-661
113900180,93,109,-16
113900181,334,45,289
113900182,250,791,-541
113900183,11,46,-35
113900184,6,517,-511
113900185,103,54,49
113900186,3,30,-27
113900187,24,170,-146
113900188,24,101,-77
113900189,101,43,58
113900190,260,72,188
113900191,26,155,-129
113900192,2179,669,1510
113900193,14,265,-251
113900194,1636,749,887
113900195,218,408,-190
113900196,1,100,-99
113900197,2,314,-312
113900198,16,133,-117
113900199,156,551,-395
113900200,2,151,-149
113900201,1,254,-253
113900202,20,95,-75
113900203,5,236,-231
113900204,22,581,-559
113900205,14,42,-28
113900206,1,57,-56
113900207,0,35,-35
113900208,0,29,-29
113900209,0,27,-27
113900210,321,253,68
113900211,90,17,73
113900212,49,536,-487
113900214,358,249,109
113900215,13,105,-92
113900216,8,1427,-1419
113900217,10,303,-293
113900218,33,10,23
113900219,54,552,-498
113900220,57,29,28
113900221,143,69,74
113900222,1520,233,1287
113900223,23,937,-914
113900224,77,19,58
113900225,572,124,448
113900226,207,94,113
113900227,191,74,117
113900228,282,212,70
113900229,11,386,-375
113900230,3716,670,3046
113900231,43,157,-114
113900232,16,96,-80
113900233,7,44,-37
113900234,51,259,-208
113900235,30,13,17
113900236,27,286,-259
113900237,41,2,39
113900238,114,174,-60
113900239,21,28,-7
113900240,1,28,-27
113900241,77,25,52
113900242,34,100,-66
113900243,76,328,-252
113900244,492,110,382
113900245,1129,186,943
113900246,8,3,5
113900247,126,76,50
113900248,3277,410,2867
113900249,921,121,800
113900250,16,96,-80
113900251,194,200,-6
113900252,133,8,125
113900253,270,13,257
113900254,237,37,200
113900255,117,8,109
113900256,170,16,154
113900257,17,742,-725
113900258,10,523,-513
113900259,152,244,-92
113900260,37,3,34
113900261,14,103,-89
113900262,100,703,-603
113900263,29,401,-372
113900264,2,582,-580
113900265,97,256,-159
113900266,15,275,-260
113900267,89,400,-311
113900268,40,138,-98
113900269,44,105,-61
113900270,150,198,-48
113900271,268,1307,-1039
113900273,9,4,5
113900274,3,2,1
113900275,11,49,-38
113900276,3,201,-198
113900277,26,1,25
113900278,177,100,77
113900279,86,95,-9
113900280,702,694,8
113900281,181,466,-285
113900282,518,169,349
113900283,148,248,-100
113900284,360,66,294
113900285,55,16,39
113900286,6,79,-73
113900287,11,12,-1
113900288,1,58,-57
113900289,1309,51,1258
113900290,355,34,321
113900291,107,91,16
113900292,0,7,-7
113900293,2,141,-139
113900294,141,20,121
113900295,389,201,188
113900296,1161,117,1044
113900297,244,10,234
113900298,8,1279,-1271
113900299,1,41,-40
113900300,3682,732,2950
113900301,685,218,467
113900302,2106,363,1743
113900303,495,56,439
113900304,0,115,-115
113900305,12,0,12
113900306,3,0,3
113900307,1,0,1
113900308,72,108,-36
113900309,6,733,-727
113900310,0,22,-22
113900311,0,1,-1
113900312,33,56,-23
113900313,3,1,2
113900314,0,23,-23
113900315,12,0,12
114000001,739,2831,-2092
114000002,90,412,-322
114000003,172,1430,-1258
114000004,223,469,-246
114000005,146,278,-132
114000006,4430,1746,2684
114000007,435,1374,-939
114000008,1848,702,1146
114000009,149,172,-23
114000011,1696,2857,-1161
114000012,808,2582,-1774
114000013,639,2085,-1446
114000014,411,604,-193
114000015,398,594,-196
114000016,191,421,-230
114000017,63,166,-103
114000018,277,49,228
114000026,517,1762,-1245
114000027,945,1770,-825
114000028,1061,1521,-460
114000038,46,182,-136
114000039,81,370,-289
114000040,49,201,-152
114000042,48,172,-124
114000043,60,277,-217
114000044,127,383,-256
114000045,37,112,-75
114000046,2442,4050,-1608
114000047,11,31,-20
114000048,116,291,-175
114000049,1378,890,488
114000050,1612,955,657
114000051,4124,1223,2901
114000052,2239,1215,1024
114000053,20,417,-397
114000054,48,1366,-1318
114000055,94,17,77
114000056,853,398,455
114000057,8137,1925,6212
114000058,389,361,28
114000059,175,121,54
114000060,328,805,-477
114000061,3428,758,2670
114000062,1827,439,1388
114000063,3496,1502,1994
114000064,8210,1695,6515
114000065,1883,1565,318
114000066,210,616,-406
114000067,33,184,-151
114000068,347,209,138
114000069,493,178,315
114000070,2334,978,1356
114000071,319,433,-114
114000072,89,356,-267
114000073,5,104,-99
114000074,6,30,-24
114000075,8,186,-178
114000076,35,159,-124
114000077,6,44,-38
114000078,53,1199,-1146
114000079,44,35,9
114000080,60,115,-55
114000081,40,85,-45
114000082,61,611,-550
114000083,7,332,-325
114000084,43,57,-14
114000085,88,999,-911
114000086,112,812,-700
114000087,25,254,-229
114000088,18,59,-41
114000089,1403,475,928
114000090,493,340,153
114000091,1512,277,1235
114000092,871,210,661
114000093,486,530,-44
114000094,245,356,-111
114000095,62,65,-3
114000096,84,560,-476
114000097,126,983,-857
114000098,171,32,139
114000099,103,1082,-979
114000100,273,610,-337
114000101,165,1332,-1167
114000102,120,233,-113
114000103,84,484,-400
114000104,3,322,-319
114000105,11,27,-16
114000106,622,239,383
114000107,37,72,-35
114000108,3284,1382,1902
114000109,157,345,-188
114000110,270,1788,-1518
114000111,468,302,166
114000112,150,2583,-2433
114000113,478,278,200
114000114,870,1832,-962
114000115,781,366,415
114000116,138,495,-357
114000117,655,241,414
114000118,625,211,414
114000119,443,154,289
114000120,281,525,-244
114000121,308,478,-170
114000122,312,218,94
114000123,505,215,290
114000124,162,228,-66
114000125,392,1141,-749
114000126,362,123,239
114000127,41,118,-77
114000128,422,433,-11
114000130,224,339,-115
114000131,78,13,65
114000132,468,879,-411
114000133,1069,1220,-151
114000134,40,291,-251
114000138,55,162,-107
114000139,425,88,337
114000144,287,200,87
114000145,86,172,-86
114000146,60,391,-331
114000147,579,475,104
114000148,1996,686,1310
114000149,289,106,183
114000150,2634,597,2037
114000151,1687,554,1133
114000152,200,18,182
114000153,1769,1364,405
114000154,907,666,241
114000155,882,1028,-146
114000156,565,306,259
114000157,256,553,-297
114000158,2749,606,2143
114000159,234,453,-219
114000160,151,189,-38
114000161,1329,497,832
114000162,705,443,262
114000163,2,165,-163
114000165,177,108,69
114000166,558,133,425
114000167,4656,904,3752
114000168,700,679,21
114000169,1601,268,1333
114000170,719,280,439
114000171,393,787,-394
114000174,119,369,-250
114000176,459,345,114
114000177,1900,591,1309
114000178,10,50,-40
114000179,949,506,443
114000180,253,404,-151
114000181,956,1241,-285
114000182,4690,1627,3063
114000183,1095,854,241
114000184,7137,1584,5553
114000185,551,615,-64
114000189,199,30,169
114000190,601,55,546
114000191,20,15,5
114000192,249,1342,-1093
114000193,829,2705,-1876
114000194,769,1044,-275
114000195,11,2,9
114000196,3,285,-282
114000197,231,17,214
114000198,1031,354,677
114000199,1484,693,791
114000200,502,2428,-1926
114000201,105,1164,-1059
114000202,538,739,-201
114000203,457,1422,-965
114000204,70,380,-310
114000205,224,1861,-1637
114000206,204,1138,-934
114000207,453,2169,-1716
114000208,323,3363,-3040
114000209,558,3226,-2668
114000210,269,1733,-1464
114000211,567,1224,-657
114000212,356,702,-346
114000213,633,506,127
114000214,67,210,-143
114000215,42,63,-21
114000216,346,172,174
114000217,54,276,-222
114000218,68,347,-279
114000219,412,235,177
114000220,10,1607,-1597
114000221,164,94,70
114000222,169,1255,-1086
114000223,166,33,133
114000224,93,682,-589
114000225,72,469,-397
114000226,15,228,-213
114000227,571,427,144
114000228,334,885,-551
114000229,285,788,-503
114000230,800,1306,-506
114000231,361,915,-554
114000232,223,101,122
114000233,729,81,648
114000234,574,935,-361
114000235,449,1866,-1417
114000236,1,501,-500
114000237,43,990,-947
114000238,13,133,-120
114000239,97,1462,-1365
114000240,301,541,-240
114000241,208,1051,-843
114000242,736,759,-23
114000243,496,549,-53
114000244,297,265,32
114000245,242,492,-250
114000246,134,39,95
114000247,362,569,-207
114000248,282,379,-97
114000249,337,359,-22
114000250,189,343,-154
114000251,58,311,-253
114000252,41,87,-46
114000253,18,225,-207
114000254,3,96,-93
114000255,374,122,252
114000256,1640,263,1377
114000257,784,2196,-1412
114000258,79,470,-391
114000259,23,223,-200
114000260,1,15,-14
114000261,25,11,14
114000262,34,229,-195
114000263,3,1,2
114000264,153,546,-393
114000265,0,1,-1
114000267,3,1132,-1129
114000268,4,1829,-1825
114000270,52,1,51
114000271,212,90,122
114000283,261,326,-65
114000285,29,251,-222
114000288,40,463,-423
114000289,776,240,536
114000293,60,347,-287
114000294,111,326,-215
114000395,633,64,569
114000396,100,165,-65
114000402,167,299,-132
114000403,124,529,-405
114000405,60,541,-481
114000423,86,488,-402
114000424,80,208,-128
114000425,105,569,-464
114000426,173,314,-141
114000427,28,92,-64
114000428,272,45,227
114000429,7,219,-212
114000432,34,108,-74
114000434,18,119,-101
114000435,2,155,-153
114900001,231,1571,-1340
114900002,168,42,126
114900003,123,2096,-1973
114900004,85,83,2
114900005,152,905,-753
114900006,4,16,-12
114900007,54,6,48
114900008,31,22,9
114900010,3341,1535,1806
114900011,22,55,-33
114900013,42,55,-13
114900018,442,12,430
114900020,25,41,-16
114900022,2,470,-468
114900025,169,195,-26
114900026,23,18,5
114900029,31,33,-2
114900030,99,209,-110
114900031,55,36,19
114900032,52,26,26
114900034,34,414,-380
114900035,149,179,-30
114900036,186,1339,-1153
114900039,350,871,-521
114900040,21,235,-214
114900041,138,828,-690
114900042,246,912,-666
114900044,31,6,25
114900047,112,888,-776
114900048,47,210,-163
114900049,34,384,-350
114900050,50,724,-674
114900051,17,450,-433
114900052,53,117,-64
114900053,33,183,-150
114900054,24,119,-95
114900057,101,1,100
114900058,0,77,-77
114900059,29,14,15
114900063,34,320,-286
114900064,289,821,-532
114900065,90,654,-564
114900067,10,366,-356
114900068,69,302,-233
114900069,183,160,23
114900070,112,743,-631
114900072,6,210,-204
114900073,1,217,-216
114900074,76,943,-867
114900075,45,2,43
114900076,4,350,-346
114900080,3348,327,3021
114900082,3578,1111,2467
114900083,317,541,-224
114900090,55,68,-13
114900091,121,217,-96
114900097,26,0,26
114900098,3,177,-174
114900099,31,1,30
115000001,8561,6254,2307
115000002,1865,2155,-290
115000003,3410,4495,-1085
115000004,1347,3488,-2141
115000005,1050,2923,-1873
115000006,385,1308,-923
115000007,63,117,-54
115000008,409,414,-5
115000009,102,275,-173
115000010,168,123,45
115000013,93,86,7
115000015,120,97,23
115000016,54,121,-67
115000019,17,250,-233
115000020,133,137,-4
115000021,150,375,-225
115000022,257,266,-9
115000023,160,236,-76
115000024,809,441,368
115000025,489,284,205
115000026,92,296,-204
115000027,125,185,-60
115000028,83,449,-366
115000029,192,97,95
115000030,150,576,-426
115000031,424,99,325
115000032,4,288,-284
115000033,83,4,79
115000034,101,569,-468
115000035,492,31,461
115000036,0,381,-381
115000037,110,1,109
115000038,39,165,-126
115000039,2124,1401,723
115000040,5206,2472,2734
115000041,590,1383,-793
115000042,474,464,10
115000043,2710,1417,1293
115000044,3005,3724,-719
115000045,1457,2794,-1337
115000046,864,1917,-1053
115000047,858,1874,-1016
115000048,1012,3119,-2107
115000049,1206,2467,-1261
115000050,1678,1421,257
115000051,1692,936,756
115000052,3099,1578,1521
115000053,1039,717,322
115000054,719,1229,-510
115000055,83,332,-249
115000056,149,225,-76
115000057,203,577,-374
115000058,215,143,72
115000059,130,211,-81
115000061,98,66,32
115000062,109,376,-267
115000063,64,351,-287
115000064,129,143,-14
115000065,29,142,-113
115000067,191,35,156
115000069,23,242,-219
115000070,20,382,-362
115000071,38,6,32
115000072,14,60,-46
115000073,913,21,892
115000075,12,54,-42
115000076,3026,3019,7
115000077,780,3818,-3038
115000078,326,1820,-1494
115000079,430,2446,-2016
115000080,906,3028,-2122
115000081,271,731,-460
115000082,2069,1956,113
115000083,1177,3281,-2104
115000084,617,975,-358
115000085,199,1159,-960
115000086,236,895,-659
115000087,334,1166,-832
115000088,957,420,537
115000089,1522,1218,304
115000090,609,347,262
115000091,290,1238,-948
115000092,196,233,-37
115000093,245,0,245
115000094,6832,3176,3656
115000095,5976,3008,2968
115000096,329,2061,-1732
115000097,331,763,-432
115000098,406,877,-471
115000099,822,2963,-2141
115000100,309,432,-123
115000101,286,1615,-1329
115000102,198,102,96
115000103,273,907,-634
115000105,35,215,-180
115000106,138,140,-2
115000107,73,694,-621
115000108,3461,2694,767
115000109,4583,1345,3238
115000110,704,442,262
115000111,521,1137,-616
115000112,270,269,1
115000113,471,676,-205
115000114,1257,650,607
115000116,2251,818,1433
115000117,2625,1164,1461
115000118,1260,1038,222
115000119,1615,1154,461
115000120,519,384,135
115000121,1510,567,943
115000122,3412,396,3016
115000123,1875,545,1330
115000124,603,435,168
115000125,296,436,-140
115000126,78,227,-149
115000127,201,131,70
115000128,1071,643,428
115000129,180,129,51
115000130,169,1229,-1060
115000131,214,255,-41
115000132,67,573,-506
115000133,131,383,-252
115000134,60,231,-171
115000135,54,269,-215
115000136,58,197,-139
115000137,48,141,-93
115000138,76,234,-158
115000139,126,210,-84
115000140,87,203,-116
115000141,48,333,-285
115000142,73,304,-231
115000143,189,383,-194
115000144,211,91,120
115000145,98,518,-420
115000146,116,157,-41
115000147,174,551,-377
115000148,213,1337,-1124
115000149,162,126,36
115000150,458,1610,-1152
115000151,325,275,50
115000152,340,2193,-1853
115000153,345,365,-20
115000154,207,216,-9
115000155,309,1459,-1150
115000156,485,379,106
115000157,648,741,-93
115000158,394,239,155
115000159,648,201,447
115000160,371,184,187
115000161,171,351,-180
115000162,465,385,80
115000163,524,500,24
115000164,351,401,-50
115000165,226,270,-44
115000167,76,68,8
115000168,474,213,261
115000169,449,260,189
115000170,88,138,-50
115000171,158,138,20
115000172,1471,382,1089
115000173,193,196,-3
115000174,34,144,-110
115000175,86,70,16
115000176,36,13,23
115000177,33,39,-6
115000178,4,271,-267
115000179,18,11,7
115000180,28,568,-540
115000181,195,59,136
115000182,231,311,-80
115000183,85,779,-694
115000186,289,171,118
115000187,62,694,-632
115000188,376,266,110
115000189,158,365,-207
115000190,360,212,148
115000191,113,238,-125
115000194,104,54,50
115000195,301,130,171
115000196,57,98,-41
115000197,89,422,-333
115000198,67,243,-176
115000199,80,326,-246
115000200,181,131,50
115000201,69,352,-283
115000206,66,38,28
115000207,10,279,-269
115000208,266,439,-173
115000209,250,109,141
115000210,46,92,-46
115000211,75,54,21
115000212,1186,200,986
115000224,94,49,45
115000225,41,34,7
115000229,193,91,102
115000230,43,372,-329
115000231,207,2605,-2398
115000232,578,308,270
115000233,19,211,-192
115000234,18,196,-178
115000241,22,310,-288
115000242,30,325,-295
115000243,13,275,-262
115000244,0,99,-99
115000246,25,15,10
115000247,5,3,2
115000248,8,4,4
115000249,16,12,4
115000250,80,25,55
115000251,54,104,-50
115000252,16,148,-132
115000253,15,132,-117
115000258,66,182,-116
115000259,187,113,74
115000261,6,28,-22
115000262,5,38,-33
115000263,4,34,-30
115000264,3,28,-25
115000267,28,41,-13
115000268,35,80,-45
115000269,44,59,-15
115000270,1,8,-7
115000272,28,117,-89
115000273,67,14,53
115000280,2989,47,2942
115000281,377,69,308
115000282,396,183,213
115000284,303,68,235
115000296,290,26,264
115000297,63,34,29
115000298,170,112,58
115000300,30,188,-158
115000302,103,175,-72
115000303,197,110,87
115000304,203,95,108
115000305,53,1185,-1132
115000306,77,747,-670
115000307,15,392,-377
115000308,41,8,33
115000310,425,1480,-1055
115000311,197,1245,-1048
115000313,131,741,-610
115000314,102,48,54
115000315,1508,188,1320
115000316,16,26,-10
115000317,117,580,-463
115000318,312,149,163
115000319,46,274,-228
115000320,5,74,-69
115000321,274,5,269
115000322,25,231,-206
115000449,173,87,86
115000557,15,329,-314
115000558,163,65,98
115000587,211,301,-90
115000588,1747,3771,-2024
115000589,1888,2576,-688
115000590,502,1346,-844
115000591,899,701,198
115000592,581,1097,-516
115000593,838,413,425
115000594,785,916,-131
115000609,101,125,-24
115000617,1252,965,287
115000624,50,93,-43
115000633,231,1351,-1120
115000634,1632,484,1148
115000635,151,111,40
115000638,1152,537,615
115000641,100,69,31
115000642,226,181,45
115000643,138,516,-378
115000644,108,409,-301
115000646,463,587,-124
115000647,215,379,-164
115000648,485,1568,-1083
115000893,3836,593,3243
115000894,38,971,-933
115000895,441,804,-363
115000896,1048,234,814
115000897,284,58,226
115000898,501,103,398
115000899,1029,766,263
115000900,68,286,-218
115000901,80,69,11
115000912,89,38,51
115000913,1,34,-33
115000915,8,1,7
115000916,1,0,1
115000917,0,5,-5
115000918,64,118,-54
115000919,32,5,27
115000920,9,27,-18
115000921,1401,29,1372
115000922,1430,234,1196
115000923,546,636,-90
115000925,17,46,-29
115000927,8,19,-11
115000933,379,102,277
115000934,44,160,-116
115000935,47,69,-22
115000936,72,118,-46
115000937,1315,126,1189
115000938,274,104,170
115000939,383,77,306
115000940,5,8,-3
115000941,11,3,8
115000942,91,23,68
115000943,59,9,50
115000944,1,13,-12
115900001,8,74,-66
115900002,85,138,-53
115900003,42,109,-67
115900004,0,48,-48
115900005,27,2,25
115900006,28,378,-350
115900008,13,15,-2
115900009,55,202,-147
115900010,64,180,-116
115900011,135,243,-108
115900012,12,86,-74
115900013,214,145,69
115900014,74,146,-72
115900015,15,113,-98
115900016,24,20,4
115900017,1,0,1
115900018,166,90,76
115900019,254,19,235
115900020,2,0,2
115900021,1612,71,1541
115900022,2097,12,2085
115900023,7,0,7
115900025,28,89,-61
115900026,810,303,507
115900027,0,414,-414
115900028,365,37,328
115900029,5,475,-470
115900030,20,3,17
115900031,206,55,151
115900032,137,443,-306
115900033,1,45,-44
115900034,8,589,-581
115900035,17,55,-38
115900036,196,192,4
115900037,15,501,-486
115900038,3,5,-2
115900039,46,301,-255
115900041,179,208,-29
115900042,2,2,0
115900043,12,134,-122
115900044,131,172,-41
115900046,90,265,-175
115900047,14,15,-1
115900049,69,164,-95
115900051,0,105,-105
115900052,8,330,-322
115900053,45,259,-214
115900054,55,37,18
115900055,7,154,-147
115900056,42,350,-308
115900057,5,1,4
115900058,21,65,-44
115900060,11,84,-73
115900061,36,0,36
115900062,13,456,-443
115900063,14,7,7
115900064,125,107,18
115900065,19,121,-102
115900066,133,194,-61
115900067,2,770,-768
115900068,3540,60,3480
115900069,36,111,-75
115900070,42,222,-180
115900071,2,647,-645
115900072,61,185,-124
115900073,8,10,-2
115900074,0,321,-321
115900075,18,297,-279
115900076,2,94,-92
115900077,2,313,-311
115900078,15,118,-103
115900079,30,11,19
115900080,297,150,147
115900081,12,86,-74
115900082,137,96,41
115900084,55,18,37
115900085,81,61,20
115900086,1158,302,856
115900088,6,36,-30
115900089,49,664,-615
115900090,27,19,8
115900091,1,20,-19
115900092,22,228,-206
115900093,1,59,-58
115900094,2,430,-428
115900096,0,27,-27
115900097,9,507,-498
115900098,39,400,-361
115900099,1,65,-64
115900100,2,546,-544
115900101,46,353,-307
115900102,6,60,-54
115900103,77,192,-115
115900104,10,125,-115
115900105,42,630,-588
115900106,14,14,0
115900107,8,164,-156
115900108,24,49,-25
115900109,18,353,-335
115900110,0,11,-11
115900111,1,68,-67
115900112,7,623,-616
115900113,7,10,-3
115900114,2,114,-112
115900115,22,78,-56
115900116,70,799,-729
115900117,13,18,-5
115900118,4,376,-372
115900119,49,49,0
115900120,22,289,-267
115900121,39,201,-162
115900124,99,230,-131
115900125,118,15,103
115900126,255,32,223
115900127,204,27,177
115900128,14,97,-83
115900129,299,17,282
115900130,30,137,-107
115900131,39,18,21
115900132,77,11,66
115900134,60,12,48
115900135,575,217,358
115900137,2,2,0
115900139,49,22,27
115900140,68,4,64
115900141,25,11,14
115900142,6,5,1
115900143,42,162,-120
115900144,15,151,-136
115900146,4,184,-180
115900147,115,132,-17
115900148,3,4,-1
115900149,4,21,-17
115900150,7,59,-52
115900151,0,29,-29
115900152,10,300,-290
115900153,16,176,-160
115900154,277,234,43
115900155,0,53,-53
115900156,298,372,-74
115900157,26,281,-255
115900158,19,5,14
115900159,23,223,-200
115900160,7,7,0
115900161,7,144,-137
115900163,50,86,-36
115900164,107,6,101
115900166,89,187,-98
115900168,19,147,-128
115900171,53,207,-154
115900172,5,93,-88
115900173,94,126,-32
115900174,163,212,-49
115900175,37,152,-115
115900178,3,632,-629
115900179,36,14,22
115900180,21,361,-340
115900181,40,243,-203
115900182,108,293,-185
115900183,72,15,57
115900184,1502,12,1490
115900187,4,78,-74
115900189,0,41,-41
115900190,82,149,-67
115900191,28,437,-409
115900192,3,51,-48
115900193,45,21,24
115900194,134,26,108
115900195,249,437,-188
115900198,163,169,-6
115900199,84,205,-121
115900200,243,199,44
115900201,146,139,7
115900202,0,2,-2
115900203,0,2,-2
115900204,0,3,-3
115900205,50,6,44
115900206,49,103,-54
115900207,10,19,-9
115900208,20,317,-297
115900209,3,127,-124
115900210,3,128,-125
115900211,2,155,-153
115900212,41,173,-132
115900213,8,15,-7
115900214,87,81,6
115900215,7,14,-7
115900216,7,52,-45
115900217,0,55,-55
115900218,1,29,-28
115900219,15,1,14
115900220,41,5,36
115900221,13,15,-2
115900222,1,5,-4
115900223,5,36,-31
115900224,1353,170,1183
115900225,86,8,78
115900226,3,11,-8
115900227,5,18,-13
115900228,1,21,-20
115900229,2,25,-23
115900230,26,67,-41
115900231,36,1,35
115900232,16,2,14
115900233,57,1,56
115900234,33,16,17
115900235,0,16,-16
115900236,13,7,6
115900237,9,25,-16
115900238,0,17,-17
115900239,2,21,-19
115900240,1,37,-36
115900241,45,44,1
115900242,136,99,37
115900243,5,5,0
115900244,1,14,-13
115900245,4,8,-4
115900246,2,0,2
115900247,4,1,3
115900248,0,0,0
115900249,0,3,-3
115900250,4,5,-1
115900251,0,3,-3
115900252,0,2,-2
115900253,0,3,-3
115900254,4,3,1
115900255,0,12,-12
115900256,29,8,21
115900257,1,6,-5
115900258,0,0,0
115900259,0,2,-2
115900260,13,4,9
115900261,6,9,-3
115900262,0,3,-3
115900263,10,4,6
115900264,17,4,13
115900265,1,3,-2
115900266,2,4,-2
115900267,2,1,1
115900268,1,8,-7
115900269,85,264,-179
115900270,76,810,-734
115900271,1,0,1
115900272,6,0,6
115900273,12,0,12
115900274,2,16,-14
115900275,0,25,-25
115900276,0,59,-59
115900277,1,124,-123
115900278,6,48,-42
115900279,15,75,-60
115900280,11,67,-56
115900281,629,74,555
115900282,19,4,15
115900283,0,5,-5
115900284,7,13,-6
116000001,15937,4076,11861
116000002,2384,2208,176
116000003,1405,1981,-576
116000004,960,1091,-131
116000005,1524,2472,-948
116000006,652,647,5
116000007,2643,3592,-949
116000008,1455,918,537
116000009,1469,2684,-1215
116000010,973,607,366
116000011,621,1845,-1224
116000012,454,439,15
116000013,15681,3274,12407
116000014,20071,3661,16410
116000015,372,452,-80
116000016,4053,634,3419
116000017,1087,383,704
116000018,703,342,361
116000019,262,194,68
116000020,320,943,-623
116000021,155,191,-36
116000022,200,462,-262
116000023,253,335,-82
116000024,541,1309,-768
116000025,402,287,115
116000026,831,1589,-758
116000027,130,270,-140
116000028,263,377,-114
116000029,688,439,249
116000030,187,205,-18
116000031,95,174,-79
116000032,193,286,-93
116000033,166,451,-285
116000034,307,767,-460
116000035,250,386,-136
116000036,1315,175,1140
116000037,403,240,163
116000038,413,173,240
116000039,491,145,346
116000040,271,97,174
116000041,227,423,-196
116000042,407,186,221
116000043,45,404,-359
116000044,7,115,-108
116000045,730,393,337
116000046,231,363,-132
116000047,1116,1106,10
116000048,1314,957,357
116000049,664,1301,-637
116000050,1447,1246,201
116000051,1639,1770,-131
116000052,2174,2651,-477
116000053,794,849,-55
116000054,529,1963,-1434
116000055,342,1548,-1206
116000056,383,893,-510
116000057,1887,1734,153
116000058,2546,1487,1059
116000059,1717,2333,-616
116000060,2380,672,1708
116000061,369,605,-236
116000062,516,229,287
116000063,338,937,-599
116000066,168,256,-88
116000067,351,629,-278
116000068,94,268,-174
116000069,706,769,-63
116000078,151,918,-767
116000080,596,956,-360
116000082,4,101,-97
116000083,421,231,190
116000084,1449,3444,-1995
116000085,1054,542,512
116000086,2090,1586,504
116000087,780,594,186
116000088,568,1104,-536
116000089,70,48,22
116000090,64,117,-53
116000091,57,65,-8
116000093,607,363,244
116000094,140,464,-324
116000095,348,443,-95
116000096,293,812,-519
116000097,251,709,-458
116000098,240,2284,-2044
116000099,7370,302,7068
116000100,31,11,20
116000101,177,1331,-1154
116000102,108,1141,-1033
116000103,241,166,75
116000104,80,1410,-1330
116000105,250,150,100
116000106,163,1205,-1042
116000107,600,418,182
116000108,37,147,-110
116000111,16,23,-7
116000113,64,19,45
116000114,27,127,-100
116000115,73,37,36
116000116,180,509,-329
116000117,633,1423,-790
116000118,649,1100,-451
116000119,1061,1408,-347
116000120,1577,3856,-2279
116000121,208,268,-60
116000122,1118,2346,-1228
116000123,208,280,-72
116000124,186,1024,-838
116000125,618,227,391
116000126,151,1275,-1124
116000127,755,1353,-598
116000128,595,406,189
116000129,301,199,102
116000130,281,235,46
116000133,222,946,-724
116000134,794,2856,-2062
116000135,596,1062,-466
116000136,691,2385,-1694
116000137,330,458,-128
116000138,1101,234,867
116000139,1066,2004,-938
116000140,34,155,-121
116000141,197,637,-440
116000142,1827,1115,712
116000143,1608,1087,521
116000144,1401,3634,-2233
116000145,790,1214,-424
116000146,160,439,-279
116000147,109,83,26
116000148,155,253,-98
116000149,178,395,-217
116000151,175,422,-247
116000153,179,116,63
116000155,192,414,-222
116000156,818,995,-177
116000157,16,14,2
116000158,215,355,-140
116000159,14,4,10
116000160,17,87,-70
116000161,16,46,-30
116000162,38,30,8
116000163,12,5,7
116000164,0,7,-7
116000177,22,79,-57
116000194,454,261,193
116000195,956,546,410
116000196,6,5,1
116000197,2,11,-9
116000198,2441,1216,1225
116000200,587,122,465
116000201,380,563,-183
116000202,5,284,-279
116000203,4,49,-45
116000204,7,30,-23
116000205,0,119,-119
116000206,0,93,-93
116000207,0,36,-36
116000233,63,640,-577
116000287,52,557,-505
116000288,44,193,-149
116000292,15,173,-158
116000296,4,233,-229
116000297,31,10,21
116000304,30,30,0
116000305,10,71,-61
116000346,68,200,-132
116000352,53,48,5
116000354,25,5,20
116000357,6,35,-29
116000358,52,11,41
116000361,653,1,652
116000372,9547,1320,8227
116000381,36,1,35
116000388,0,29,-29
116000389,313,476,-163
116000445,91,896,-805
116000446,87,1013,-926
116000447,3,296,-293
116000448,406,226,180
116000563,813,334,479
116000565,93,401,-308
116000568,33,41,-8
116000579,5,88,-83
116000583,16,64,-48
116000584,6,13,-7
116000585,2,24,-22
116000586,187,40,147
116000587,208,403,-195
116000589,15,71,-56
116000590,21,36,-15
116000591,36,230,-194
116000592,4,90,-86
116000593,0,40,-40
116000594,80,600,-520
116000595,175,196,-21
116000596,29,5,24
116000597,58,22,36
116000598,4,228,-224
116000605,103,80,23
116000606,12,73,-61
116000607,4,47,-43
116000609,128,399,-271
116000611,26,575,-549
116000612,384,1574,-1190
116000613,109,251,-142
116000614,297,776,-479
116000615,3,52,-49
116000616,10,131,-121
116000617,28,119,-91
116000618,1,194,-193
116000619,3,43,-40
116000620,25,286,-261
116000621,7,49,-42
116000622,9,86,-77
116000624,23,57,-34
116000627,11,129,-118
116000628,39,419,-380
116000629,9,228,-219
116000630,61,40,21
116000631,21,54,-33
116000632,124,86,38
116000633,35,307,-272
116000634,120,77,43
116000635,2853,1883,970
116000636,1468,802,666
116000637,74,21,53
116000638,22,435,-413
116000639,14,0,14
116000640,5,8,-3
116000641,90,182,-92
116000643,31,362,-331
116000644,44,1075,-1031
116000645,1,26,-25
116900001,79,117,-38
116900002,203,2,201
116900003,2,72,-70
116900004,22,8,14
116900005,61,22,39
116900006,131,119,12
116900007,66,193,-127
116900008,92,483,-391
116900009,4,3,1
116900010,118,2014,-1896
116900011,2,22,-20
116900012,62,177,-115
116900013,3,183,-180
116900014,21,358,-337
116900015,40,59,-19
116900016,26,0,26
116900017,4,805,-801
116900018,16,16,0
116900019,1,316,-315
116900020,1162,152,1010
116900023,12,7,5
116900024,120,68,52
116900025,153,1035,-882
116900026,110,550,-440
116900027,6,37,-31
116900028,2,85,-83
116900029,0,8,-8
116900031,1,10,-9
116900032,3,345,-342
116900033,1,9,-8
116900034,6,89,-83
116900035,31,147,-116
116900036,0,89,-89
116900038,4,0,4
116900041,17,3,14
116900042,853,140,713
116900043,3,44,-41
116900047,105,27,78
116900049,36,242,-206
116900050,23,325,-302
116900051,28,222,-194
116900052,86,56,30
116900055,0,4,-4
116900057,19,262,-243
116900058,21,322,-301
116900059,2,143,-141
116900060,109,248,-139
116900062,0,3,-3
116900064,23,1020,-997
116900065,8,104,-96
116900067,20,87,-67
116900068,60,389,-329
116900070,0,3,-3
116900072,4,389,-385
116900073,1,225,-224
116900074,2,32,-30
116900076,7,20,-13
116900077,5,203,-198
116900078,191,91,100
116900079,5,333,-328
116900080,8,13,-5
116900081,119,1144,-1025
116900082,60,956,-896
116900083,19,62,-43
116900084,123,31,92
116900085,12,137,-125
116900086,16,219,-203
116900088,374,37,337
116900090,104,48,56
116900091,35,132,-97
116900092,33,747,-714
116900093,1478,964,514
116900094,5932,1246,4686
116900095,76,241,-165
116900096,79,75,4
116900097,3213,878,2335
116900098,931,100,831
116900099,421,262,159
116900100,202,2,200
116900101,251,675,-424
116900103,0,2,-2
116900104,13,58,-45
116900105,223,16,207
116900106,204,3,201
116900107,3718,645,3073
116900110,10,1,9
116900111,83,1086,-1003
116900112,82,716,-634
116900113,2315,566,1749
116900116,48,144,-96
116900117,9,68,-59
116900118,1060,281,779
116900120,76,71,5
116900121,16,16,0
116900122,157,857,-700
116900123,31,867,-836
116900124,90,666,-576
116900125,65,216,-151
116900126,163,286,-123
116900128,0,24,-24
116900129,0,301,-301
116900130,911,1402,-491
116900131,34,115,-81
116900132,9,46,-37
116900133,31,84,-53
116900134,43,181,-138
116900136,58,139,-81
116900137,124,145,-21
116900138,88,177,-89
116900139,49,415,-366
116900140,72,130,-58
116900141,215,248,-33
116900142,3,12,-9
116900143,95,407,-312
116900144,4,29,-25
116900145,36,312,-276
116900147,455,183,272
116900148,1,21,-20
116900149,8,59,-51
116900150,2,2,0
116900151,55,12,43
116900153,20,40,-20
116900154,204,87,117
116900155,22,28,-6
116900157,91,277,-186
116900158,53,37,16
116900159,28,133,-105
116900160,304,186,118
116900161,10075,2283,7792
116900162,6,105,-99
116900163,28,145,-117
116900164,13,21,-8
116900165,54,57,-3
116900166,2,100,-98
116900167,104,70,34
116900168,84,58,26
116900169,372,115,257
116900170,66,132,-66
116900171,15,179,-164
116900172,201,71,130
116900173,18,44,-26
116900174,14,36,-22
116900175,66,64,2
116900178,10,163,-153
116900179,32,41,-9
116900180,36,30,6
116900182,91,184,-93
116900183,39,54,-15
116900185,14,4,10
116900186,38,271,-233
116900187,3,4,-1
116900188,59,4,55
116900189,5,1,4
116900191,86,218,-132
116900192,77,147,-70
116900194,22,295,-273
116900195,17,3,14
116900196,6,138,-132
116900197,21,4,17
116900198,289,54,235
116900200,16,31,-15
116900201,29,5,24
116900202,75,65,10
116900203,24,0,24
116900204,17,24,-7
116900206,6,46,-40
116900207,6,16,-10
116900208,2,111,-109
116900209,1,110,-109
116900210,127,120,7
116900211,105,8,97
116900212,3,65,-62
116900213,101,165,-64
116900214,55,108,-53
116900215,20,69,-49
116900216,92,342,-250
116900218,2,322,-320
116900219,487,278,209
116900220,11,142,-131
116900221,23,184,-161
116900222,227,179,48
116900223,39,78,-39
116900226,3,68,-65
116900227,46,46,0
116900228,88,279,-191
116900230,14,340,-326
116900231,15,578,-563
116900232,3,557,-554
116900233,75,74,1
116900234,24,2,22
116900235,171,360,-189
116900238,1403,292,1111
116900239,0,347,-347
116900240,5427,1351,4076
116900241,23,130,-107
116900242,1071,121,950
116900243,0,31,-31
116900245,11,0,11
116900246,31,55,-24
116900247,108,2,106
116900248,5,16,-11
116900249,43,77,-34
116900250,46,48,-2
116900251,322,87,235
116900252,12,735,-723
116900254,5,74,-69
116900255,85,31,54
116900256,79,137,-58
116900257,14,587,-573
116900258,1,371,-370
116900259,13,9,4
116900260,0,157,-157
116900261,3,3,0
116900262,44,124,-80
116900263,0,10,-10
116900264,17,12,5
116900265,10,0,10
116900266,4,35,-31
116900267,4,2,2
116900268,24,4,20
116900269,201,387,-186
116900271,1799,34,1765
116900272,478,608,-130
116900273,180,21,159
116900274,30,48,-18
116900275,48,120,-72
116900276,176,17,159
116900277,434,2,432
116900278,3,5,-2
116900279,0,20,-20
116900280,1,16,-15
116900281,6918,1104,5814
116900282,1,143,-142
116900283,6,129,-123
116900284,17,171,-154
116900285,332,65,267
116900286,180,3,177
116900287,3,98,-95
116900288,41,163,-122
116900289,3,11,-8
116900290,0,24,-24
116900291,1,2,-1
116900292,0,3,-3
116900293,5,77,-72
116900294,14,84,-70
116900295,128,31,97
116900296,46,56,-10
116900297,3,22,-19
116900298,114,21,93
116900299,15,26,-11
116900300,4,71,-67
116900301,36,71,-35
116900302,37,33,4
116900303,366,70,296
116900304,0,111,-111
116900305,5,24,-19
116900306,31,129,-98
116900307,22,0,22
116900308,0,153,-153
116900309,16,95,-79
116900310,15,41,-26
116900311,0,63,-63
117000001,657,875,-218
117000002,1209,3391,-2182
117000003,4197,1746,2451
117000004,3316,3786,-470
117000005,800,954,-154
117000006,732,4381,-3649
117000007,1703,1088,615
117000008,851,3845,-2994
117000009,3243,937,2306
117000010,2189,3592,-1403
117000011,647,1582,-935
117000012,862,1907,-1045
117000013,657,1269,-612
117000014,623,2271,-1648
117000015,2229,941,1288
117000016,401,82,319
117000017,502,176,326
117000018,102,185,-83
117000019,101,11,90
117000020,834,506,328
117000021,3008,453,2555
117000022,370,46,324
117000023,365,105,260
117000024,257,49,208
117000025,633,481,152
117000026,2202,540,1662
117000027,2954,832,2122
117000028,3057,449,2608
117000030,962,530,432
117000031,402,243,159
117000032,1623,1161,462
117000033,864,896,-32
117000034,269,279,-10
117000035,173,264,-91
117000036,291,253,38
117000037,196,234,-38
117000038,247,346,-99
117000039,298,229,69
117000040,110,1350,-1240
117000041,327,101,226
117000044,21,1107,-1086
117000045,210,42,168
117000046,380,789,-409
117000047,296,486,-190
117000048,1633,1180,453
117000049,116,313,-197
117000050,59,2535,-2476
117000051,850,145,705
117000052,5,581,-576
117000053,92,58,34
117000054,871,0,871
117000055,119,2785,-2666
117000056,244,7,237
117000057,650,1979,-1329
117000060,275,1726,-1451
117000061,702,509,193
117000062,139,443,-304
117000063,698,468,230
117000064,776,673,103
117000066,772,525,247
117000067,84,208,-124
117000074,131,94,37
117000076,84,40,44
117000077,112,51,61
117000078,77,604,-527
117000079,89,113,-24
117000080,1,361,-360
117000081,500,65,435
117000082,25,51,-26
117000083,149,118,31
117000084,232,0,232
117000085,114,364,-250
117000086,948,658,290
117000087,96,431,-335
117000088,192,162,30
117000089,786,310,476
117000090,157,1707,-1550
117000091,224,333,-109
117000092,230,1730,-1500
117000093,393,527,-134
117000094,435,2284,-1849
117000095,1098,693,405
117000096,371,2683,-2312
117000097,401,1020,-619
117000098,2162,5312,-3150
117000099,1121,586,535
117000100,74,103,-29
117000101,175,1235,-1060
117000102,545,356,189
117000103,763,1978,-1215
117000104,582,341,241
117000105,700,2041,-1341
117000106,539,542,-3
117000107,325,2149,-1824
117000108,543,591,-48
117000109,1584,3287,-1703
117000110,583,427,156
117000111,2562,4012,-1450
117000112,1547,1522,25
117000113,33,333,-300
117000114,102,129,-27
117000115,35,198,-163
117000116,50,183,-133
117000117,922,183,739
117000118,180,177,3
117000119,93,23,70
117000120,373,41,332
117000121,156,260,-104
117000122,513,482,31
117000123,1459,13,1446
117000124,602,21,581
117000125,372,41,331
117000126,48,50,-2
117000127,155,258,-103
117000128,313,344,-31
117000129,615,282,333
117000130,93,1,92
117000131,0,185,-185
117000132,576,40,536
117000133,247,37,210
117000134,0,45,-45
117000135,43,52,-9
117000136,2,54,-52
117000137,54,29,25
117000138,1,360,-359
117000140,386,1922,-1536
117000141,654,456,198
117000181,811,233,578
117000182,122,113,9
117000195,109,1338,-1229
117000196,43,24,19
117000225,73,2,71
117000226,5,60,-55
117000276,54,5,49
117000277,3,589,-586
117000310,1831,2178,-347
117000315,28,540,-512
117000320,73,0,73
117000906,58,12,46
117000907,9,516,-507
117000909,43,20,23
117000910,91,71,20
117000911,102,283,-181
117000915,8,608,-600
117000916,22,0,22
117000917,247,5,242
117000918,8,29,-21
117000919,20,183,-163
117000920,4,1671,-1667
117000921,8,2504,-2496
117000922,18,120,-102
117000924,233,429,-196
117000926,1310,58,1252
117000927,1658,187,1471
117000928,1,411,-410
117000929,72,652,-580
117000930,42,16,26
117000931,703,22,681
117900002,59,263,-204
117900003,555,185,370
117900005,4,2,2
117900006,0,24,-24
117900007,39,129,-90
117900008,0,51,-51
117900010,126,146,-20
117900011,11,8,3
117900012,26,151,-125
117900013,1,341,-340
117900014,599,350,249
117900015,5,232,-227
117900016,1213,306,907
117900017,362,736,-374
117900018,176,30,146
117900019,209,694,-485
117900020,74,142,-68
117900021,18,102,-84
117900023,586,61,525
117900024,61,133,-72
117900025,17,10,7
117900026,109,560,-451
117900028,42,5,37
117900029,126,1389,-1263
117900031,57,63,-6
117900032,332,164,168
117900033,59,1177,-1118
117900034,32,33,-1
117900035,59,17,42
117900036,103,855,-752
117900037,47,113,-66
117900038,13,340,-327
117900039,13,85,-72
117900040,56,554,-498
117900041,4,67,-63
117900042,4457,306,4151
117900043,5,63,-58
117900044,87,2196,-2109
117900045,51,59,-8
117900048,64,297,-233
117900049,50,985,-935
117900050,18,32,-14
117900051,21,2,19
117900052,34,184,-150
117900053,378,601,-223
117900054,1,12,-11
117900055,91,117,-26
117900056,296,17,279
117900057,598,1306,-708
117900058,66,3,63
117900059,251,57,194
117900060,241,5485,-5244
117900061,8,98,-90
117900063,73,248,-175
117900065,645,1045,-400
117900066,2,21,-19
117900067,134,318,-184
117900069,277,559,-282
117900070,131,1,130
117900071,45,92,-47
117900073,98,385,-287
117900074,153,4,149
117900075,26,59,-33
117900076,10,89,-79
117900077,97,87,10
117900078,169,188,-19
117900080,120,35,85
117900081,661,428,233
117900082,130,95,35
117900083,103,777,-674
117900086,74,32,42
117900087,10,23,-13
117900088,2500,1269,1231
117900089,682,169,513
117900090,170,886,-716
117900091,99,89,10
117900092,18,33,-15
117900093,7,64,-57
117900094,17,0,17
117900095,137,1371,-1234
117900096,30,183,-153
117900097,54,43,11
117900098,8,1,7
117900099,78,516,-438
117900100,62,0,62
117900101,300,627,-327
117900102,43,44,-1
117900103,6,0,6
117900104,14,129,-115
117900105,70,186,-116
117900106,42,45,-3
117900107,4,0,4
117900109,187,237,-50
117900110,30,1,29
117900111,125,6,119
117900112,14,9,5
117900113,3561,1086,2475
117900114,1,1,0
117900115,205,10,195
117900116,773,613,160
117900117,170,204,-34
117900118,15,0,15
117900119,18,238,-220
117900120,75,144,-69
117900121,41,37,4
117900122,723,1020,-297
117900123,344,915,-571
117900124,338,508,-170
117900125,830,380,450
117900126,291,551,-260
117900127,188,585,-397
117900128,82,878,-796
117900129,18,0,18
117900130,439,178,261
117900131,0,83,-83
117900132,3,109,-106
117900133,1,116,-115
117900134,14,145,-131
117900135,18,215,-197
117900136,0,85,-85
117900137,17,263,-246
117900138,0,59,-59
117900139,27,112,-85
117900140,6014,27,5987
117900141,135,250,-115
117900142,96,4,92
117900144,23,52,-29
117900145,23,9,14
117900146,78,62,16
117900147,5,32,-27
117900148,2185,832,1353
117900149,18,172,-154
117900150,18,75,-57
117900151,19,121,-102
117900152,96,84,12
117900153,5,70,-65
117900154,181,778,-597
117900156,521,412,109
117900157,38,375,-337
117900158,48,36,12
117900160,199,183,16
117900161,1924,2148,-224
117900162,105,353,-248
117900163,46,10,36
117900165,0,3,-3
117900166,117,114,3
117900168,96,82,14
117900169,0,157,-157
117900170,0,34,-34
117900171,4,11,-7
117900172,29,62,-33
117900173,131,43,88
117900174,14,30,-16
117900175,1,20,-19
117900176,5,32,-27
117900177,9,41,-32
117900178,64,11,53
117900180,180,22,158
117900181,104,77,27
117900182,1,14,-13
117900183,12,87,-75
117900184,1,28,-27
117900185,11,10,1
117900186,6,7,-1
117900187,5,1,4
117900188,59,11,48
117900189,22,6,16
117900190,1,2,-1
117900191,5,0,5
117900192,30,0,30
117900193,0,17,-17
117900194,5,1,4
117900195,7,13,-6
117900196,5,15,-10
117900207,64,46,18
117900208,8,37,-29
117900209,135,154,-19
117900210,101,99,2
117900211,10,134,-124
117900212,46,139,-93
117900213,9,8,1
117900214,2,42,-40
117900215,11,54,-43
117900216,53,42,11
117900217,239,15,224
117900218,193,127,66
117900219,0,35,-35
117900220,45,39,6
117900222,130,250,-120
117900223,144,128,16
118000001,621,295,326
118000002,2952,1823,1129
118000003,1097,671,426
118000004,2782,1974,808
118000005,5005,887,4118
118000006,6891,4490,2401
118000007,5177,1238,3939
118000008,4907,2006,2901
118000009,1600,1869,-269
118000010,1323,3210,-1887
118000011,509,2744,-2235
118000012,751,2740,-1989
118000013,2788,2504,284
118000014,1870,3778,-1908
118000016,217,589,-372
118000017,82,242,-160
118000018,160,690,-530
118000019,1329,1142,187
118000020,897,750,147
118000021,640,1091,-451
118000022,1695,453,1242
118000023,1101,286,815
118000024,1276,433,843
118000027,16315,2956,13359
118000029,1080,429,651
118000032,1161,900,261
118000033,2087,1438,649
118000034,4116,1449,2667
118000035,1232,1027,205
118000036,958,1010,-52
118000037,385,811,-426
118000038,82,131,-49
118000039,63,354,-291
118000040,1195,2488,-1293
118000041,1275,1296,-21
118000045,963,420,543
118000046,1701,348,1353
118000047,1413,314,1099
118000048,2919,727,2192
118000051,1931,351,1580
118000052,924,178,746
118000053,263,283,-20
118000054,1511,838,673
118000055,1045,1058,-13
118000056,151,178,-27
118000057,161,204,-43
118000058,2495,900,1595
118000059,1419,660,759
118000060,389,729,-340
118000061,341,962,-621
118000062,296,139,157
118000063,222,350,-128
118000064,867,894,-27
118000065,5268,1020,4248
118000066,547,557,-10
118000067,1563,890,673
118000068,1784,2139,-355
118000069,3379,1005,2374
118000070,8562,958,7604
118000071,3689,2867,822
118000072,1811,667,1144
118000073,3055,283,2772
118000074,530,410,120
118000075,1010,250,760
118000076,940,942,-2
118000077,945,869,76
118000078,1324,1543,-219
118000079,197,181,16
118000080,1091,739,352
118000081,1124,926,198
118000082,250,429,-179
118000083,2179,680,1499
118000084,2386,1088,1298
118000086,119,536,-417
118000087,5629,1766,3863
118000088,1624,1320,304
118000089,2874,1613,1261
118000090,2525,1616,909
118000091,1430,1093,337
118000092,1007,220,787
118000093,132,447,-315
118000096,327,399,-72
118000097,351,366,-15
118000098,164,170,-6
118000099,180,846,-666
118000101,406,332,74
118000102,284,1675,-1391
118000107,3317,263,3054
118000108,388,567,-179
118000110,3,21,-18
118000111,0,843,-843
118000112,142,1,141
118000113,2,1169,-1167
118000114,65,3,62
118000115,12,5,7
118000116,30,0,30
118000117,1024,774,250
118000118,657,522,135
118000119,380,1088,-708
118000120,1125,1184,-59
118000121,46,332,-286
118000122,661,93,568
118000123,32,220,-188
118000125,1387,1045,342
118000126,464,1453,-989
118000127,1299,484,815
118000128,725,951,-226
118000129,905,295,610
118000130,2137,3470,-1333
118000131,681,1183,-502
118000132,1520,1245,275
118000133,447,392,55
118000135,246,215,31
118000136,73,546,-473
118000137,513,57,456
118000138,141,827,-686
118000139,76,81,-5
118000140,1301,2038,-737
118000141,950,1896,-946
118000142,666,1816,-1150
118000143,688,912,-224
118000144,1301,908,393
118000145,967,2846,-1879
118000146,725,1651,-926
118000147,541,2053,-1512
118000148,292,1578,-1286
118000149,374,1246,-872
118000150,109,277,-168
118000151,131,501,-370
118000153,346,953,-607
118000154,580,1676,-1096
118000155,359,1080,-721
118000156,1719,1721,-2
118000157,214,270,-56
118000158,98,422,-324
118000159,7,45,-38
118000160,151,297,-146
118000161,187,763,-576
118000162,443,802,-359
118000163,261,535,-274
118000164,1999,1103,896
118000168,1092,94,998
118000169,709,1540,-831
118000170,2890,6784,-3894
118000171,143,652,-509
118000172,74,327,-253
118000173,529,1251,-722
118000175,120,231,-111
118000176,150,318,-168
118000177,125,453,-328
118000178,31,22,9
118000179,1343,475,868
118000180,503,709,-206
118000181,496,272,224
118000182,218,292,-74
118000183,130,120,10
118000184,174,1076,-902
118000185,868,490,378
118000186,416,547,-131
118000187,366,980,-614
118000188,202,152,50
118000189,132,733,-601
118000190,2,7,-5
118000191,8,17,-9
118000192,57,97,-40
118000193,37,193,-156
118000194,1994,826,1168
118000195,1236,421,815
118000196,334,95,239
118000197,539,58,481
118000198,864,211,653
118000199,999,217,782
118000200,47,145,-98
118000201,512,231,281
118000202,34,25,9
118000203,2070,219,1851
118000204,226,88,138
118000205,474,253,221
118000206,90,151,-61
118000207,0,102,-102
118000208,664,1342,-678
118000209,956,2265,-1309
118000210,14,27,-13
118000211,31,20,11
118000213,654,459,195
118000214,647,138,509
118000215,113,362,-249
118000216,644,2562,-1918
118000217,18,122,-104
118000218,52,110,-58
118000219,270,318,-48
118000220,1,14,-13
118000221,17,133,-116
118000222,34,17,17
118000223,20,31,-11
118000224,145,104,41
118000225,97,927,-830
118000226,356,75,281
118000227,922,239,683
118000228,93,63,30
118000229,110,22,88
118000230,36,216,-180
118000231,43,152,-109
118000232,308,818,-510
118000233,375,695,-320
118000234,84,241,-157
118000236,78,404,-326
118000237,16,607,-591
118000238,34,288,-254
118000239,133,221,-88
118000240,379,40,339
118000241,52,192,-140
118000242,154,503,-349
118000243,38,141,-103
118000244,29,201,-172
118000246,46,15,31
118000255,45,155,-110
118000256,53,236,-183
118000259,1,21,-20
118000260,26,67,-41
118000261,5,56,-51
118000263,32,156,-124
118000266,62,367,-305
118000267,0,78,-78
118000268,141,6,135
118000270,6,34,-28
118000271,94,281,-187
118000272,39,10,29
118000273,64,57,7
118000274,71,276,-205
118000276,94,198,-104
118000295,4,34,-30
118000298,90,380,-290
118000299,54,199,-145
118000301,0,56,-56
118000302,40,117,-77
118000311,80,103,-23
118000312,70,143,-73
118000313,16,121,-105
118000314,24,83,-59
118000315,1,60,-59
118000316,264,483,-219
118000325,2,76,-74
118000326,1,27,-26
118000331,7,50,-43
118000332,3,28,-25
118000333,9,45,-36
118000335,50,1,49
118000336,3,393,-390
118000407,13,46,-33
118000457,2,25,-23
118000465,3011,1610,1401
118000480,6,110,-104
118000489,42,66,-24
118000490,57,427,-370
118000492,84,149,-65
118000510,41,8,33
118000514,138,283,-145
118000515,373,313,60
118000517,276,140,136
118000524,636,77,559
118000525,636,822,-186
118000530,19,74,-55
118000531,79,204,-125
118000532,146,279,-133
118000533,216,111,105
118000534,258,379,-121
118000535,60,80,-20
118000536,641,215,426
118000537,92,53,39
118000538,100,96,4
118000539,29,68,-39
118000540,87,164,-77
118000541,83,116,-33
118000542,20,114,-94
118000543,79,220,-141
118000546,42,62,-20
118000553,0,0,0
118000560,2709,331,2378
118000562,4,428,-424
118000563,1710,1399,311
118000576,121,233,-112
118000577,184,145,39
118000578,113,120,-7
118000579,763,687,76
118000583,0,0,0
118000595,77,70,7
118000596,0,59,-59
118000597,69,184,-115
118000598,2,0,2
118000599,8,41,-33
118000600,0,3,-3
118000601,0,0,0
118000602,0,5,-5
118000603,1,80,-79
118000605,32,700,-668
118000606,17,48,-31
118000607,39,224,-185
118900001,995,419,576
118900002,1060,321,739
118900003,64,24,40
118900004,13,52,-39
118900005,48,4,44
118900006,33,0,33
118900007,1,5,-4
118900008,771,35,736
118900009,9,3,6
118900010,9,0,9
118900011,46,15,31
118900012,182,164,18
118900013,451,17,434
118900015,45,7,38
118900016,1,31,-30
118900017,78,81,-3
118900018,764,2,762
118900019,26,4,22
118900020,67,71,-4
118900021,73,285,-212
118900022,71,80,-9
118900023,42,72,-30
118900024,4,115,-111
118900025,16,9,7
118900026,18,61,-43
118900027,267,145,122
118900028,35,121,-86
118900029,51,319,-268
118900030,61,67,-6
118900031,54,119,-65
118900032,48,162,-114
118900033,142,729,-587
118900034,58,8,50
118900035,70,265,-195
118900036,302,448,-146
118900037,94,264,-170
118900038,101,318,-217
118900039,59,200,-141
118900040,92,103,-11
118900041,83,191,-108
118900042,105,85,20
118900045,103,131,-28
118900046,773,101,672
118900047,781,153,628
118900048,92,123,-31
118900049,36,34,2
118900050,3,66,-63
118900051,42,32,10
118900052,37,229,-192
118900053,22,54,-32
118900054,35,113,-78
118900055,6,90,-84
118900056,87,59,28
118900057,77,208,-131
118900058,135,377,-242
118900059,9,57,-48
118900062,31,133,-102
118900064,573,166,407
118900065,5,73,-68
118900066,42,101,-59
118900067,7279,1985,5294
118900068,1,89,-88
118900069,130,280,-150
118900071,2,36,-34
118900072,193,352,-159
118900073,30,79,-49
118900074,80,80,0
118900075,9,45,-36
118900076,88,55,33
118900077,120,121,-1
118900078,9,4,5
118900079,30,117,-87
118900080,8,42,-34
118900081,36,10,26
118900082,240,133,107
118900083,3,18,-15
118900084,2,14,-12
118900085,314,950,-636
118900086,8,23,-15
118900087,94,106,-12
118900088,0,19,-19
118900089,14,4,10
118900090,267,457,-190
118900091,147,59,88
118900092,22,50,-28
118900093,58,6,52
118900096,26,49,-23
118900097,110,783,-673
118900099,56,212,-156
118900100,84,150,-66
118900101,21,410,-389
118900102,9,44,-35
118900103,18,23,-5
118900104,24,58,-34
118900105,41,40,1
118900107,74,68,6
118900108,10,44,-34
118900110,805,136,669
118900111,117,582,-465
118900112,8,86,-78
118900113,91,497,-406
118900114,12,64,-52
118900115,41,205,-164
118900116,26,147,-121
118900117,36,166,-130
118900118,75,454,-379
118900119,38,316,-278
118900120,46,347,-301
118900121,4,291,-287
118900122,4,276,-272
118900123,67,194,-127
118900124,10,146,-136
118900126,5,134,-129
118900129,69,131,-62
118900130,24,22,2
118900131,29,302,-273
118900132,119,132,-13
118900133,19,38,-19
118900135,80,205,-125
118900136,86,753,-667
118900137,4,7,-3
118900139,45,425,-380
118900140,279,924,-645
118900141,23,336,-313
118900144,99,623,-524
118900145,38,169,-131
118900146,104,739,-635
118900147,71,88,-17
118900148,9,45,-36
118900150,687,265,422
118900152,172,790,-618
118900157,65,93,-28
118900158,21,86,-65
118900159,1,202,-201
118900161,63,3,60
118900163,199,58,141
118900164,1,116,-115
118900165,8,167,-159
118900166,10,3,7
118900167,17,119,-102
118900168,35,33,2
118900169,12,236,-224
118900170,16,37,-21
118900171,1,8,-7
118900174,25,26,-1
118900175,87,267,-180
118900176,49,155,-106
118900177,4,31,-27
118900178,3,94,-91
118900179,6,22,-16
118900182,14,12,2
118900183,8,17,-9
118900184,52,11,41
118900185,61,152,-91
118900186,61,83,-22
118900187,85,275,-190
118900188,66,286,-220
118900189,7,250,-243
118900190,11,714,-703
118900191,49,18,31
118900192,40,12,28
118900193,75,12,63
118900195,188,888,-700
118900196,10,120,-110
118900197,52,102,-50
118900198,3,37,-34
118900199,4,64,-60
118900200,1,4,-3
118900201,1,2,-1
118900202,4,37,-33
118900203,4,35,-31
118900204,1,24,-23
118900205,3,7,-4
118900206,0,18,-18
119000001,590,850,-260
119000002,1174,1944,-770
119000003,607,1548,-941
119000004,1061,1013,48
119000005,1015,1195,-180
119000006,920,1382,-462
119000007,1659,2231,-572
119000008,1123,1894,-771
119000009,2908,1648,1260
119000010,8567,2884,5683
119000011,4986,923,4063
119000012,4641,1851,2790
119000013,1734,1050,684
119000014,1551,2585,-1034
119000019,144,149,-5
119000020,625,1020,-395
119000021,1549,1567,-18
119000022,2664,930,1734
119000023,256,180,76
119000024,2149,3264,-1115
119000025,11359,835,10524
119000026,277,149,128
119000027,424,224,200
119000028,1358,913,445
119000029,84,185,-101
119000030,320,1027,-707
119000031,478,733,-255
119000032,1585,1556,29
119000033,1018,1352,-334
119000034,653,847,-194
119000035,17,333,-316
119000036,599,1245,-646
119000037,534,2271,-1737
119000038,56,1157,-1101
119000039,106,316,-210
119000040,877,290,587
119000041,750,878,-128
119000048,3018,3558,-540
119000049,735,3969,-3234
119000050,1180,2129,-949
119000051,1382,883,499
119000052,1979,2425,-446
119000053,1366,934,432
119000054,1689,3490,-1801
119000055,1598,3391,-1793
119000056,937,1939,-1002
119000057,799,2507,-1708
119000058,1193,1914,-721
119000059,663,1361,-698
119000060,735,706,29
119000061,566,730,-164
119000062,649,1137,-488
119000063,152,270,-118
119000064,1015,1442,-427
119000065,1533,2739,-1206
119000066,938,864,74
119000067,1363,2433,-1070
119000068,689,962,-273
119000069,868,2281,-1413
119000070,993,1231,-238
119000071,518,703,-185
119000072,5424,3234,2190
119000073,3303,4472,-1169
119000074,371,3808,-3437
119000075,557,2543,-1986
119000076,346,624,-278
119000077,334,359,-25
119000078,237,558,-321
119000079,115,916,-801
119000080,83,236,-153
119000081,115,349,-234
119000082,168,246,-78
119000083,172,278,-106
119000084,232,707,-475
119000085,500,429,71
119000086,127,362,-235
119000087,1241,910,331
119000088,172,321,-149
119000089,37,149,-112
119000090,176,217,-41
119000091,180,215,-35
119000092,792,390,402
119000093,3388,3499,-111
119000094,1393,3882,-2489
119000095,612,2857,-2245
119000097,3123,1452,1671
119000098,373,1138,-765
119000099,1457,1406,51
119000100,1387,1696,-309
119000101,1320,1922,-602
119000102,420,441,-21
119000103,899,381,518
119000104,2870,1265,1605
119000105,412,502,-90
119000106,157,2218,-2061
119000107,227,412,-185
119000108,135,1547,-1412
119000109,41,277,-236
119000110,201,283,-82
119000111,11,355,-344
119000112,125,103,22
119000113,1775,157,1618
119000114,412,264,148
119000115,139,108,31
119000116,52,43,9
119000117,33,232,-199
119000118,1,0,1
119000123,1598,647,951
119000124,161,221,-60
119000125,960,1075,-115
119000126,260,1019,-759
119000127,148,1029,-881
119000128,24,1,23
119000131,298,1279,-981
119000132,4,6,-2
119000133,3,3,0
119000134,2859,475,2384
119000135,18,191,-173
119000136,66,244,-178
119000137,30,527,-497
119000138,116,468,-352
119000139,64,317,-253
119000140,51,143,-92
119000284,1409,2105,-696
119000285,2302,1843,459
119000286,5230,3427,1803
119000287,1030,2008,-978
119000288,1288,1800,-512
119000289,1954,3889,-1935
119000290,98,447,-349
119000291,10,374,-364
119000293,32,131,-99
119000294,22,40,-18
119000295,1936,525,1411
119000296,122,129,-7
119000302,4881,1181,3700
119000303,9,110,-101
119000314,1215,3157,-1942
119000315,4,780,-776
119000316,19,94,-75
119000317,14,631,-617
119000319,140,486,-346
119900001,50,385,-335
119900002,49,273,-224
119900003,26,1275,-1249
119900004,282,182,100
119900005,25,123,-98
119900006,26,193,-167
119900007,330,19,311
119900008,2,26,-24
119900009,165,363,-198
119900010,410,683,-273
119900011,12,26,-14
119900012,2,14,-12
119900013,957,376,581
119900014,409,154,255
119900015,34,20,14
119900016,6,53,-47
119900017,2,19,-17
119900018,843,103,740
119900019,3,7,-4
119900020,19,143,-124
119900021,61,44,17
119900022,44,104,-60
119900023,684,302,382
119900025,28,16,12
119900026,747,30,717
119900027,4,7,-3
119900028,85,16,69
119900029,0,10,-10
119900030,282,353,-71
119900031,14,95,-81
119900033,1505,68,1437
119900034,60,117,-57
119900037,12,20,-8
119900038,9,51,-42
119900039,20,2,18
119900040,28,7,21
119900041,18,39,-21
119900042,40,124,-84
119900043,6,175,-169
119900044,95,123,-28
119900046,15,58,-43
119900047,67,45,22
119900049,14,1,13
119900050,24,18,6
119900051,176,2,174
119900052,8,46,-38
119900053,41,212,-171
119900054,40,2,38
119900055,272,148,124
119900057,22,42,-20
119900058,29,1,28
119900059,41,25,16
119900060,41,2,39
119900061,42,3,39
119900062,8,14,-6
119900063,0,10,-10
119900065,66,1,65
119900067,33,9,24
119900068,55,7,48
119900069,8,4,4
119900070,112,0,112
119900071,102,1,101
119900073,1593,303,1290
119900074,6,6,0
119900075,5949,997,4952
119900076,5,51,-46
119900077,151,1432,-1281
119900078,111,478,-367
119900079,24,281,-257
119900080,81,248,-167
119900081,82,7,75
119900082,201,11,190
119900083,243,60,183
119900084,206,54,152
119900085,97,32,65
119900086,59,1199,-1140
119900087,92,44,48
119900088,18,23,-5
119900089,7,561,-554
119900090,94,37,57
119900091,26,1399,-1373
119900092,5,323,-318
119900093,286,51,235
119900094,29,204,-175
119900095,92,59,33
119900096,25,36,-11
119900097,255,121,134
119900098,11,22,-11
119900099,10,216,-206
119900100,2698,950,1748
119900101,147,472,-325
119900102,24,287,-263
119900103,6,413,-407
119900104,7,176,-169
119900105,177,978,-801
119900106,7,225,-218
119900107,220,3695,-3475
119900108,1491,507,984
119900109,12,240,-228
119900110,271,677,-406
119900111,29,486,-457
119900112,3013,267,2746
119900113,37,445,-408
119900114,98,2025,-1927
119900115,42,1271,-1229
119900116,128,129,-1
119900117,75,1126,-1051
119900118,10,1269,-1259
119900119,25,253,-228
119900120,430,679,-249
119900121,73,1579,-1506
119900122,187,289,-102
119900123,97,191,-94
119900124,55,1075,-1020
119900125,39,364,-325
119900126,5436,91,5345
119900127,2323,597,1726
119900128,91,728,-637
119900129,39,889,-850
119900130,16,242,-226
119900131,8,285,-277
119900132,1,342,-341
119900133,3,11,-8
119900134,1969,158,1811
119900135,0,420,-420
119900136,115,556,-441
119900138,262,418,-156
119900139,1,33,-32
119900140,1,170,-169
119900141,52,189,-137
119900142,0,5,-5
119900143,7,184,-177
119900144,2002,176,1826
119900145,25,236,-211
119900146,96,69,27
119900147,3,61,-58
119900148,24,39,-15
119900149,1414,1228,186
119900150,92,137,-45
119900151,894,536,358
119900152,13,447,-434
119900153,44,50,-6
119900154,6,1251,-1245
119900155,4,14,-10
119900156,8,1,7
119900157,16,270,-254
119900158,27,53,-26
119900159,9,1749,-1740
119900160,4,234,-230
119900161,143,227,-84
119900162,332,263,69
119900163,85,38,47
119900164,0,2,-2
119900165,24,223,-199
119900166,19,15,4
119900167,47,86,-39
119900168,191,298,-107
119900169,113,106,7
119900170,54,92,-38
119900171,316,475,-159
119900172,34,8,26
119900173,13,591,-578
119900174,3,239,-236
119900175,299,516,-217
119900177,15,231,-216
119900178,2,209,-207
119900179,38,152,-114
119900180,411,445,-34
119900181,21,20,1
119900182,0,510,-510
119900183,54,1136,-1082
119900184,2591,316,2275
119900185,6,53,-47
119900186,16,131,-115
119900187,3,534,-531
119900188,12,261,-249
119900189,221,108,113
119900190,19,64,-45
119900191,86,89,-3
119900192,5,201,-196
119900193,58,162,-104
119900194,2,18,-16
119900195,6,165,-159
119900196,1489,297,1192
119900197,23,101,-78
119900198,27,579,-552
119900199,55,5,50
119900200,93,502,-409
119900201,358,104,254
119900202,157,23,134
119900203,41,211,-170
119900204,35,200,-165
119900205,132,633,-501
119900206,20,98,-78
119900208,50,80,-30
119900209,142,253,-111
119900210,3,19,-16
119900211,30,6,24
119900212,67,757,-690
119900213,3,30,-27
119900214,7,62,-55
119900215,4,93,-89
119900216,4,90,-86
119900217,1,64,-63
119900218,3,84,-81
119900219,5,112,-107
119900220,3,126,-123
119900221,6,336,-330
119900222,10,281,-271
119900223,6,87,-81
119900224,10,19,-9
119900225,1026,17,1009
119900226,818,389,429
119900227,1189,264,925
119900228,10,162,-152
119900229,200,234,-34
119900230,963,410,553
119900231,46,206,-160
119900232,52,24,28
119900233,1,1,0
119900234,4,13,-9
119900235,4,6,-2
119900236,3,154,-151
119900237,10,408,-398
119900238,0,73,-73
119900240,10,109,-99
119900241,50,178,-128
119900242,1260,354,906
119900244,521,724,-203
119900245,45,93,-48
119900246,135,146,-11
119900247,8,18,-10
119900248,16,33,-17
119900249,87,24,63
119900253,3730,205,3525
119900254,18,171,-153
119900255,25,485,-460
119900256,63,1438,-1375
119900257,10,0,10
119900258,8,0,8
119900259,3,256,-253
119900260,16,0,16
119900261,77,163,-86
119900262,2,354,-352
119900263,643,369,274
119900264,48,262,-214
119900265,53,331,-278
119900266,53,261,-208
119900267,52,372,-320
119900268,19,175,-156
119900269,154,1035,-881
119900271,3,75,-72
119900272,29,12,17
119900275,99,35,64
119900276,12,1,11
119900277,2,3,-1
119900278,98,16,82
119900279,38,49,-11
119900280,1029,187,842
119900281,0,50,-50
119900282,11,4,7
119900283,0,351,-351
119900284,18,103,-85
119900285,11,21,-10
119900286,4,7,-3
119900288,4,33,-29
119900289,0,45,-45
119900290,1,26,-25
119900291,0,23,-23
119900292,2,6,-4
119900293,7,39,-32
119900294,2,27,-25
119900295,3,37,-34
119900296,1,121,-120
119900297,0,10,-10
119900298,1,1,0
119900299,7,263,-256
119900300,27,195,-168
119900301,18,13,5
119900302,3,14,-11
119900303,107,243,-136
119900304,18,8,10
119900305,14,73,-59
119900306,16,0,16
119900307,12,107,-95
119900308,3,7,-4
119900309,5,30,-25
119900310,122,251,-129
119900311,17,228,-211
119900312,23,76,-53
119900313,61,369,-308
119900314,30,189,-159
119900315,225,2739,-2514
119900318,4,2,2
119900319,1,379,-378
119900320,20,826,-806
119900321,16,0,16
120000001,7406,5462,1944
120000002,1686,2844,-1158
120000003,3185,1718,1467
120000004,2604,2154,450
120000005,4848,1662,3186
120000006,1373,1096,277
120000007,3035,1833,1202
120000008,1074,1176,-102
120000009,5384,889,4495
120000010,1185,3592,-2407
120000011,807,2087,-1280
120000012,1354,2663,-1309
120000013,1591,2798,-1207
120000014,532,1674,-1142
120000015,1948,1638,310
120000016,1967,1948,19
120000017,1190,1365,-175
120000018,4785,4057,728
120000019,594,818,-224
120000020,2073,1679,394
120000021,1938,1257,681
120000022,2442,2258,184
120000023,598,1331,-733
120000024,1052,1885,-833
120000025,1239,2273,-1034
120000026,469,1973,-1504
120000027,764,1390,-626
120000028,304,290,14
120000029,1306,302,1004
120000030,71,473,-402
120000031,1479,2661,-1182
120000032,10775,2801,7974
120000033,1881,1716,165
120000034,887,2447,-1560
120000035,829,2383,-1554
120000036,1641,3047,-1406
120000037,332,548,-216
120000038,11113,2453,8660
120000039,329,1002,-673
120000040,38,73,-35
120000041,188,1883,-1695
120000042,1018,4680,-3662
120000043,2745,2126,619
120000044,1924,971,953
120000045,1760,806,954
120000046,820,1340,-520
120000047,1843,1618,225
120000048,8471,2616,5855
120000049,2061,2671,-610
120000050,1845,4328,-2483
120000051,3337,2928,409
120000052,15490,1923,13567
120000053,800,4996,-4196
120000054,1277,7116,-5839
120000055,671,3961,-3290
120000056,2427,4211,-1784
120000057,1085,866,219
120000058,148,179,-31
120000059,33,814,-781
120000061,70,580,-510
120000062,261,175,86
120000063,1897,2712,-815
120000064,211,1756,-1545
120000065,282,1690,-1408
120000066,71,281,-210
120000067,19,490,-471
120000068,83,1224,-1141
120000069,331,1756,-1425
120000070,20,1230,-1210
120000071,66,163,-97
120000072,135,475,-340
120000073,101,82,19
120000074,16,44,-28
120000075,76,139,-63
120000076,372,230,142
120000077,549,291,258
120000078,3288,315,2973
120000079,107,777,-670
120000080,98,273,-175
120000081,129,167,-38
120000082,133,209,-76
120000083,110,223,-113
120000084,389,557,-168
120000085,287,612,-325
120000086,264,915,-651
120000087,123,1599,-1476
120000088,474,1181,-707
120000089,589,446,143
120000090,207,392,-185
120000091,334,701,-367
120000092,530,479,51
120000093,134,521,-387
120000094,76,396,-320
120000095,572,823,-251
120000096,148,1296,-1148
120000098,419,1244,-825
120000099,146,709,-563
120000100,404,1074,-670
120000101,279,526,-247
120000102,208,300,-92
120000103,617,291,326
120000104,693,169,524
120000105,883,147,736
120000106,710,240,470
120000107,832,293,539
120000108,273,82,191
120000109,339,39,300
120000110,47,848,-801
120000111,81,1432,-1351
120000112,436,4566,-4130
120000113,426,3300,-2874
120000114,381,2666,-2285
120000115,329,2301,-1972
120000116,526,2239,-1713
120000117,1132,2088,-956
120000118,39,19,20
120000119,27,27,0
120000120,30,22,8
120000121,14,36,-22
120000122,221,155,66
120000123,6393,1883,4510
120000124,179,479,-300
120000125,169,554,-385
120000126,113,557,-444
120000127,841,393,448
120000128,2235,1453,782
120000129,258,261,-3
120000130,597,671,-74
120000131,166,417,-251
120000134,224,1523,-1299
120000135,47,294,-247
120000137,72,2639,-2567
120000138,122,551,-429
120000139,62,1192,-1130
120000140,171,608,-437
120000141,60,643,-583
120000142,103,518,-415
120000143,3,137,-134
120000144,12,2,10
120000145,74,7,67
120000146,1999,401,1598
120000149,481,888,-407
120000150,5809,5101,708
120000151,390,423,-33
120000152,149,289,-140
120000153,37,725,-688
120000154,310,312,-2
120000155,91,160,-69
120000156,2367,346,2021
120000157,667,566,101
120000158,486,853,-367
120000159,1630,1984,-354
120000160,1493,1000,493
120000161,681,2692,-2011
120000162,88,130,-42
120000163,138,1600,-1462
120000164,135,564,-429
120000165,98,1020,-922
120000166,277,612,-335
120000167,9,16,-7
120000168,3,59,-56
120000169,117,156,-39
120000170,100,118,-18
120000171,17,23,-6
120000172,23,12,11
120000173,1501,104,1397
120000174,338,5,333
120000175,428,7,421
120000176,90,52,38
120000177,654,347,307
120000178,25,4,21
120000179,221,14,207
120000180,191,15,176
120000181,68,45,23
120000182,66,50,16
120000183,2,101,-99
120000184,41,1221,-1180
120000186,26,45,-19
120000187,84,28,56
120000188,123,30,93
120000190,642,6,636
120000191,1320,9,1311
120000192,1387,13,1374
120000193,430,0,430
120000195,47,2,45
120000196,133,19,114
120000197,49,65,-16
120000198,65,170,-105
120000199,17,0,17
120000200,34,1,33
120000201,19,5,14
120000202,1,65,-64
120000203,8,507,-499
120000207,1,87,-86
120000208,7,369,-362
120000209,4,102,-98
120000210,161,74,87
120000211,12,0,12
120000212,28,1,27
120000213,25,497,-472
120000214,0,410,-410
120000215,1,135,-134
120000216,10,2,8
120000217,686,1354,-668
120000218,252,1423,-1171
120000219,15,873,-858
120000220,5,3282,-3277
120000225,306,0,306
120000226,105,2,103
120000227,487,5,482
120000228,8386,1080,7306
120000230,49,18,31
120000231,235,2393,-2158
120000233,25,17,8
120000235,47,783,-736
120000236,429,2,427
120000237,3,2264,-2261
120000238,0,60,-60
120000241,953,2036,-1083
120000412,1068,10,1058
120000413,45,410,-365
120000414,15,2,13
120000415,4,181,-177
120000416,2,10,-8
120000417,1,91,-90
120000418,17,7,10
120000419,6,469,-463
120000420,68,15,53
120000421,16012,4838,11174
120000422,186,272,-86
120000423,3,34,-31
120000424,13,174,-161
120000436,55,282,-227
120000437,181,174,7
120000438,5461,280,5181
120000439,89,153,-64
120000443,56,0,56
120000444,359,507,-148
120000445,1083,1136,-53
120000446,985,289,696
120000447,39,11,28
120000449,43,20,23
120000450,1,357,-356
120000451,38,238,-200
120000452,77,0,77
120000453,0,213,-213
120000454,58,6,52
120000455,52,49,3
120000456,3112,1411,1701
120000457,1076,1062,14
120000458,420,697,-277
120000459,42,65,-23
120000665,555,112,443
120000668,50,98,-48
120000669,20,539,-519
120000670,159,286,-127
120000671,320,156,164
120000672,61,433,-372
120900001,14,15,-1
120900002,29,75,-46
120900003,118,21,97
120900004,2,16,-14
120900005,5,2855,-2850
120900006,83,158,-75
120900007,27,165,-138
120900008,65,998,-933
120900009,193,63,130
120900010,103,35,68
120900011,228,72,156
120900012,1155,201,954
120900013,145,2,143
120900014,4,831,-827
120900015,173,59,114
120900016,138,36,102
120900017,3360,86,3274
120900018,37,410,-373
120900019,231,59,172
120900020,369,231,138
120900021,169,14,155
120900022,16,393,-377
120900023,50,21,29
120900024,913,383,530
120900025,2274,507,1767
120900026,42,91,-49
120900027,254,56,198
120900028,79,17,62
120900029,41,105,-64
120900030,412,261,151
120900031,54,21,33
120900032,191,129,62
120900033,229,9,220
120900034,78,1031,-953
120900035,14,105,-91
120900037,45,1,44
120900038,19,42,-23
120900039,25,14,11
120900040,38,1,37
120900041,85,14,71
120900042,77,44,33
120900043,6,5,1
120900044,5,345,-340
120900045,87,84,3
120900046,61,1,60
120900047,47,16,31
120900048,32,9,23
120900049,60,1,59
120900050,4222,578,3644
120900051,78,105,-27
120900052,79,4,75
120900053,43,42,1
120900054,992,511,481
120900055,67,1,66
120900056,82,1,81
120900057,22,9,13
120900058,75,0,75
120900059,22,0,22
120900060,7,15,-8
120900061,189,171,18
120900062,21,0,21
120900063,97,0,97
120900064,93,0,93
120900065,70,0,70
120900066,19,181,-162
120900067,101,10,91
120900068,60,1,59
120900069,35,56,-21
120900071,3,0,3
120900072,128,0,128
120900073,68,96,-28
120900074,74,0,74
120900076,47,0,47
120900077,3006,119,2887
120900078,153,1209,-1056
120900079,95,93,2
120900080,138,2870,-2732
120900081,193,144,49
120900082,451,224,227
120900083,9,3,6
120900084,56,71,-15
120900085,138,93,45
120900086,178,86,92
120900087,137,36,101
120900088,95,99,-4
120900089,5519,621,4898
120900090,40,222,-182
120900091,217,120,97
120900092,549,796,-247
120900093,5730,281,5449
120900094,493,196,297
120900095,60,14,46
120900096,14,65,-51
120900097,474,1506,-1032
120900098,259,202,57
120900099,50,62,-12
120900100,55,583,-528
120900101,278,373,-95
120900102,9,67,-58
120900103,27,124,-97
120900104,59,39,20
120900105,13,1130,-1117
120900106,1306,627,679
120900107,432,146,286
120900108,4,1309,-1305
120900109,42,953,-911
120900110,1,283,-282
120900111,94,354,-260
120900112,6,1983,-1977
120900113,8,1083,-1075
120900114,26,248,-222
120900115,111,86,25
120900116,40,676,-636
120900117,3,679,-676
120900118,2,1177,-1175
120900119,3679,2143,1536
120900120,55,748,-693
120900121,35,374,-339
120900122,51,709,-658
120900123,0,718,-718
120900124,1,962,-961
120900125,6,1317,-1311
120900126,898,717,181
120900127,10,834,-824
120900128,858,785,73
120900129,40,445,-405
120900130,0,157,-157
120900131,12,76,-64
120900132,147,352,-205
120900133,159,1190,-1031
120900134,264,460,-196
120900135,9,689,-680
120900136,9,12,-3
120900137,30,97,-67
120900138,18,274,-256
120900139,3,904,-901
120900140,4,55,-51
120900141,12,66,-54
120900142,16,1025,-1009
120900143,5,1192,-1187
120900144,0,227,-227
120900145,42,933,-891
120900146,2,1208,-1206
120900147,5,247,-242
120900148,26,81,-55
120900149,0,443,-443
120900150,9,682,-673
120900151,10,759,-749
120900152,30,47,-17
120900153,6,66,-60
120900154,3,441,-438
120900155,89,1291,-1202
120900156,17,460,-443
120900157,7,279,-272
120900158,30,573,-543
120900159,29,836,-807
120900160,9,387,-378
120900161,6,1004,-998
120900162,9,1210,-1201
120900163,2,87,-85
120900164,0,0,0
120900165,0,1,-1
120900166,11,40,-29
120900167,53,29,24
120900169,15,467,-452
120900170,3143,690,2453
120900171,1154,310,844
120900172,839,118,721
120900173,0,35,-35
120900174,4,80,-76
120900175,400,144,256
120900176,5,128,-123
120900177,0,235,-235
120900178,11,103,-92
120900179,485,343,142
120900180,100,77,23
120900181,2,46,-44
120900182,4,138,-134
120900183,438,73,365
120900184,124,57,67
120900185,4,318,-314
120900186,4,742,-738
120900187,95,341,-246
120900188,36,10,26
120900189,99,216,-117
120900190,8,6,2
120900191,4,32,-28
120900192,14805,1278,13527
120900194,7,34,-27
120900195,80,342,-262
120900196,143,43,100
120900197,119,22,97
120900198,154,706,-552
120900199,127,62,65
120900200,78,46,32
120900201,668,112,556
120900202,0,232,-232
120900203,11,26,-15
120900204,401,413,-12
120900205,27,98,-71
120900206,8,5,3
120900207,24,1212,-1188
121000001,817,1063,-246
121000002,1572,911,661
121000003,3759,1648,2111
121000004,2005,2370,-365
121000005,1813,2234,-421
121000006,2038,972,1066
121000007,2890,2718,172
121000008,4042,2062,1980
121000009,7421,4208,3213
121000010,8727,2501,6226
121000011,11977,6875,5102
121000012,16657,4240,12417
121000013,5529,4664,865
121000014,6680,4421,2259
121000015,3928,4401,-473
121000016,4957,2874,2083
121000017,1132,2956,-1824
121000018,1562,1309,253
121000019,17001,8039,8962
121000020,9282,5997,3285
121000021,2364,2877,-513
121000022,1071,1258,-187
121000023,3750,3155,595
121000024,2076,2460,-384
121000025,555,598,-43
121000026,284,76,208
121000027,1173,632,541
121000028,418,375,43
121000029,675,706,-31
121000030,342,345,-3
121000031,280,612,-332
121000032,175,84,91
121000034,281,77,204
121000035,108,74,34
121000036,706,735,-29
121000037,442,605,-163
121000038,427,343,84
121000039,173,290,-117
121000041,269,432,-163
121000042,177,248,-71
121000043,866,635,231
121000044,1980,605,1375
121000045,204,343,-139
121000046,219,641,-422
121000047,147,312,-165
121000049,1662,830,832
121000050,307,958,-651
121000051,450,421,29
121000052,171,522,-351
121000053,197,52,145
121000054,33,169,-136
121000055,1508,922,586
121000056,699,824,-125
121000057,146,311,-165
121000058,897,137,760
121000059,1775,648,1127
121000060,304,576,-272
121000061,87,137,-50
121000062,97,156,-59
121000063,525,341,184
121000064,332,481,-149
121000065,407,281,126
121000066,512,474,38
121000067,769,176,593
121000068,333,149,184
121000069,521,116,405
121000070,1571,1254,317
121000071,729,690,39
121000072,850,744,106
121000073,550,652,-102
121000074,80,107,-27
121000075,67,26,41
121000076,971,233,738
121000077,180,57,123
121000078,80,77,3
121000080,2593,562,2031
121000081,1931,1186,745
121000082,165,226,-61
121000083,268,121,147
121000084,293,138,155
121000085,480,583,-103
121000086,96,650,-554
121000087,57,261,-204
121000088,257,456,-199
121000089,426,168,258
121000090,278,272,6
121000091,1661,461,1200
121000092,82,62,20
121000093,88,156,-68
121000094,334,274,60
121000095,213,469,-256
121000096,2185,1452,733
121000097,1422,1134,288
121000098,292,1267,-975
121000099,328,796,-468
121000100,311,693,-382
121000101,100,232,-132
121000102,70,534,-464
121000103,34,271,-237
121000104,82,235,-153
121000105,176,337,-161
121000106,77,324,-247
121000107,2002,3760,-1758
121000109,1402,1009,393
121000110,271,271,0
121000114,2097,1777,320
121000115,708,637,71
121000116,562,613,-51
121000117,1071,198,873
121000118,784,226,558
121000119,157,356,-199
121000120,186,424,-238
121000121,475,818,-343
121000123,1648,590,1058
121000127,59,167,-108
121000128,561,701,-140
121000129,261,551,-290
121000130,253,1051,-798
121000131,2156,1009,1147
121000132,1047,715,332
121000135,345,111,234
121000136,521,477,44
121000137,453,113,340
121000138,432,711,-279
121000139,310,98,212
121000141,102,110,-8
121000142,1097,388,709
121000143,94,15,79
121000144,742,547,195
121000145,264,1404,-1140
121000146,1040,771,269
121000147,360,471,-111
121000148,665,984,-319
121000149,1351,1028,323
121000152,316,605,-289
121000153,1703,366,1337
121000154,539,377,162
121000155,868,861,7
121000156,330,675,-345
121000157,1324,1465,-141
121000158,290,528,-238
121000159,98,612,-514
121000160,215,694,-479
121000161,48,381,-333
121000162,17,302,-285
121000165,1429,953,476
121000166,58,293,-235
121000168,107,197,-90
121000169,31,181,-150
121000170,122,61,61
121000171,45,113,-68
121000172,376,439,-63
121000173,906,434,472
121000174,169,322,-153
121000175,326,403,-77
121000176,229,208,21
121000177,377,514,-137
121000178,80,45,35
121000179,34,67,-33
121000181,239,256,-17
121000182,32,132,-100
121000183,14,56,-42
121000184,13,58,-45
121000185,5,133,-128
121000186,125,242,-117
121000187,108,253,-145
121000188,31,267,-236
121000192,404,286,118
121000193,451,344,107
121000194,2284,1830,454
121000195,317,912,-595
121000196,621,113,508
121000197,161,665,-504
121000198,127,41,86
121000199,45,450,-405
121000200,147,48,99
121000201,5,194,-189
121000202,233,47,186
121000203,391,2396,-2005
121000204,744,422,322
121000205,69,243,-174
121000206,48,16,32
121000207,999,449,550
121000208,4,327,-323
121000209,115,432,-317
121000210,117,547,-430
121000211,94,180,-86
121000212,144,800,-656
121000213,8323,2032,6291
121000214,558,1180,-622
121000215,1192,673,519
121000216,327,320,7
121000217,3657,1577,2080
121000218,551,1574,-1023
121000219,956,265,691
121000220,350,59,291
121000221,97,154,-57
121000222,2431,1805,626
121000223,418,225,193
121000224,193,57,136
121000225,1058,669,389
121000226,1384,502,882
121000227,10,281,-271
121000228,10,819,-809
121000229,57,512,-455
121000230,76,1755,-1679
121000231,256,12,244
121000232,317,135,182
121000233,300,238,62
121000234,4,12,-8
121000235,28,43,-15
121000236,0,23,-23
121000237,23,16,7
121000238,1,58,-57
121000239,5,2,3
121000240,8,166,-158
121000241,56,8,48
121000242,12,77,-65
121000243,211,27,184
121000244,3,88,-85
121000245,6,8,-2
121000246,1,96,-95
121000247,18,0,18
121000248,318,294,24
121000249,40,216,-176
121000250,97,74,23
121000251,14,505,-491
121000252,45,22,23
121000253,136,659,-523
121000254,261,213,48
121000255,142,97,45
121000256,204,141,63
121000257,34,36,-2
121000258,41,43,-2
121000259,7,20,-13
121000260,24,84,-60
121000261,10,38,-28
121000262,943,482,461
121000263,295,440,-145
121000271,173,1651,-1478
121000273,61,11,50
121000274,1,28,-27
121000275,9,30,-21
121000276,0,8,-8
121000278,29,58,-29
121000289,172,29,143
121000290,870,659,211
121000294,28,173,-145
121000297,716,604,112
121000299,89,173,-84
121000300,503,522,-19
121000302,96,478,-382
121000303,436,379,57
121000304,340,32,308
121000305,74,101,-27
121000306,24,103,-79
121000308,110,272,-162
121000309,467,658,-191
121000310,82,488,-406
121000311,45,502,-457
121000312,258,110,148
121000313,477,338,139
121000314,111,72,39
121000315,68,64,4
121000530,605,1365,-760
121000531,732,1167,-435
121000532,4179,2499,1680
121000533,1652,1515,137
121000918,9,227,-218
121000919,11,54,-43
121000938,342,165,177
121000939,619,133,486
121000956,242,1264,-1022
121000957,2,23,-21
121000958,17,43,-26
121000959,165,1090,-925
121000960,1032,2113,-1081
121000961,114,26,88
121000962,184,616,-432
121000973,1,176,-175
121000976,21,148,-127
121000979,146,34,112
121000981,322,48,274
121000982,100,249,-149
121000983,161,525,-364
121000984,8,32,-24
121000985,234,735,-501
121000986,57,402,-345
121000987,119,1673,-1554
121000988,234,80,154
121001302,386,120,266
121001308,2,8,-6
121001309,67,22,45
121001313,112,454,-342
121001314,4336,3538,798
121001315,2830,1136,1694
121001326,323,387,-64
121001327,71,50,21
121001328,257,19,238
121900001,45,143,-98
121900002,32,11,21
121900003,192,8,184
121900004,51,309,-258
121900005,11,6,5
121900006,54,17,37
121900007,1731,1728,3
121900008,755,31,724
121900009,348,12,336
121900010,230,1,229
121900011,72,378,-306
121900012,3,1,2
121900013,449,7,442
121900014,730,398,332
121900015,116,139,-23
121900016,6,10,-4
121900017,172,418,-246
121900018,244,4,240
121900019,174,193,-19
121900020,24,1,23
121900021,407,10,397
121900022,123,76,47
121900023,35,277,-242
121900024,266,19,247
121900025,262,220,42
121900026,165,19,146
121900027,93,98,-5
121900028,140,17,123
121900029,41,175,-134
121900030,368,389,-21
121900031,695,2416,-1721
121900032,39,44,-5
121900033,160,98,62
121900034,146,79,67
121900035,2124,1191,933
121900036,29,307,-278
121900037,133,452,-319
121900038,6,71,-65
121900039,398,16,382
121900040,20,73,-53
121900041,70,126,-56
121900042,191,117,74
121900043,0,2,-2
121900044,192,11,181
121900046,133,164,-31
121900047,59,41,18
121900048,4,93,-89
121900050,12,22,-10
121900051,53,145,-92
121900052,31,24,7
121900053,136,189,-53
121900054,434,579,-145
121900055,0,3,-3
121900058,36,184,-148
121900059,177,92,85
121900060,48,291,-243
121900062,58,31,27
121900063,289,137,152
121900064,101,671,-570
121900066,29,19,10
121900067,3,5,-2
121900069,132,99,33
121900070,70,40,30
121900071,63,190,-127
121900072,11,114,-103
121900073,185,162,23
121900074,285,290,-5
121900075,385,145,240
121900076,142,602,-460
121900078,9,23,-14
121900079,3,1,2
121900080,330,343,-13
121900082,18,114,-96
121900084,1,107,-106
121900086,3,30,-27
121900087,224,91,133
121900088,1823,951,872
121900089,21,356,-335
121900090,1,54,-53
121900091,4,49,-45
121900092,57,93,-36
121900093,76,49,27
121900094,8,4,4
121900095,115,84,31
121900096,1189,227,962
121900097,110,106,4
121900098,0,0,0
121900099,54,99,-45
121900100,100,132,-32
121900101,83,91,-8
121900102,18,72,-54
121900103,410,137,273
121900104,469,156,313
121900105,74,48,26
121900106,0,0,0
121900107,1,26,-25
121900108,0,16,-16
121900109,330,105,225
121900110,60,1060,-1000
121900111,367,96,271
121900112,146,67,79
121900113,43,101,-58
121900114,6,34,-28
121900117,54,19,35
121900118,1986,159,1827
121900119,49,108,-59
121900120,36,1292,-1256
121900121,338,45,293
121900122,8,9,-1
121900123,155,396,-241
121900124,52,204,-152
121900125,639,827,-188
121900127,1,58,-57
121900128,39,119,-80
121900129,1301,43,1258
121900130,82,236,-154
121900131,77,91,-14
121900132,20,112,-92
121900133,32,52,-20
121900134,8,87,-79
121900135,1814,170,1644
121900136,47,414,-367
121900137,29,176,-147
121900138,35,166,-131
121900139,294,375,-81
121900140,19,145,-126
121900141,12,12,0
121900142,29,106,-77
121900143,2,99,-97
121900144,147,225,-78
121900145,47,67,-20
121900146,454,546,-92
121900147,46,141,-95
121900148,95,214,-119
121900149,192,628,-436
121900150,64,131,-67
121900151,47,198,-151
121900152,80,119,-39
121900153,38,345,-307
121900154,10,116,-106
121900155,1,58,-57
121900156,78,60,18
121900157,0,350,-350
121900158,56,59,-3
121900159,2,163,-161
121900160,2,240,-238
121900161,494,218,276
121900162,106,73,33
121900163,54,660,-606
121900164,322,135,187
121900165,67,172,-105
121900166,58,164,-106
121900167,86,41,45
121900168,157,74,83
121900169,5,307,-302
121900170,0,125,-125
121900171,349,330,19
121900172,117,154,-37
121900173,646,157,489
121900174,8,22,-14
121900175,60,120,-60
121900176,348,1459,-1111
121900177,162,68,94
121900178,26,87,-61
121900179,120,87,33
121900180,4776,1428,3348
121900182,378,228,150
121900183,107,524,-417
121900184,28,446,-418
121900186,5,251,-246
121900187,11,106,-95
121900188,468,199,269
121900189,15,125,-110
121900190,105,367,-262
121900191,24,79,-55
121900192,377,445,-68
121900193,25,189,-164
121900194,2,106,-104
121900195,81,68,13
121900196,520,528,-8
121900197,147,1775,-1628
121900198,773,669,104
121900199,2,14,-12
121900200,24,124,-100
121900201,760,421,339
121900202,103,254,-151
121900203,246,499,-253
121900204,893,542,351
121900205,1,95,-94
121900206,0,8,-8
121900207,116,15,101
121900208,131,199,-68
121900209,23,25,-2
121900210,779,700,79
121900211,141,324,-183
121900212,86,115,-29
121900213,66,82,-16
121900214,4,201,-197
121900215,17,54,-37
121900216,28,73,-45
121900217,178,69,109
121900218,242,317,-75
121900220,89,7,82
121900221,170,532,-362
121900222,49,185,-136
121900223,41,54,-13
121900224,14,47,-33
121900225,69,38,31
121900226,168,495,-327
121900227,62,291,-229
121900228,105,200,-95
121900230,53,31,22
121900231,288,154,134
121900232,138,252,-114
121900233,163,222,-59
121900234,62,318,-256
121900235,125,194,-69
121900236,198,94,104
121900237,128,202,-74
121900238,92,137,-45
121900239,57,27,30
121900240,131,88,43
121900241,4,34,-30
121900242,1,0,1
121900243,1,0,1
121900244,0,0,0
121900245,105,127,-22
121900246,734,377,357
121900248,909,544,365
121900250,289,190,99
121900251,200,8,192
121900252,688,100,588
121900253,167,776,-609
121900254,587,188,399
121900255,110,54,56
121900258,1835,1245,590
121900259,247,244,3
121900260,16,82,-66
121900261,92,212,-120
121900262,328,411,-83
121900263,46,276,-230
121900264,1888,712,1176
121900265,38,261,-223
121900266,73,236,-163
121900267,10,10,0
121900269,54,113,-59
121900270,8,72,-64
121900271,24,101,-77
121900273,357,744,-387
121900274,101,132,-31
121900277,105,1367,-1262
121900278,38,664,-626
121900279,66,302,-236
121900280,89,193,-104
121900281,403,45,358
121900284,49,5,44
121900286,15,103,-88
121900287,12,15,-3
121900288,2,2,0
121900290,147,163,-16
121900291,280,409,-129
121900292,171,57,114
121900293,751,2499,-1748
121900294,202,3,199
121900295,23,166,-143
121900296,13,24,-11
121900298,183,229,-46
121900299,0,0,0
121900300,3,0,3
121900301,6,1,5
121900302,0,38,-38
121900303,99,472,-373
121900304,0,24,-24
121900305,2,5,-3
121900306,23,0,23
121900307,36,1,35
121900308,6,280,-274
121900309,26,232,-206
121900310,8,367,-359
121900311,149,2,147
121900312,63,5,58
121900313,110,11,99
121900314,1,30,-29
121900315,0,0,0
121900316,0,10,-10
121900317,0,0,0
121900318,0,7,-7
121900319,18,11,7
121900320,45,42,3
121900321,0,0,0
121900322,0,32,-32
121900323,12,15,-3
121900324,1,34,-33
121900325,0,1,-1
121900326,0,17,-17
121900327,0,56,-56
121900328,0,15,-15
121900329,0,181,-181
121900330,0,42,-42
121900331,1,1,0
121900332,72,8,64
121900333,7,1,6
121900334,51,20,31
122000001,2303,2151,152
122000002,5405,1072,4333
122000003,2012,1089,923
122000004,3105,813,2292
122000005,2299,662,1637
122000006,1944,318,1626
122000007,1078,753,325
122000008,6264,2044,4220
122000009,752,170,582
122000010,1520,1577,-57
122000011,3352,606,2746
122000012,1310,713,597
122000013,2082,990,1092
122000014,1268,1748,-480
122000015,1023,748,275
122000016,270,512,-242
122000017,958,795,163
122000018,898,891,7
122000019,602,1276,-674
122000020,81,109,-28
122000021,522,211,311
122000022,1014,1108,-94
122000023,436,2256,-1820
122000024,1018,566,452
122000025,1810,693,1117
122000026,2406,551,1855
122000027,544,3925,-3381
122000028,598,262,336
122000029,319,158,161
122000030,286,74,212
122000031,160,106,54
122000032,1094,2182,-1088
122000033,810,444,366
122000034,445,404,41
122000035,320,485,-165
122000036,328,675,-347
122000037,182,192,-10
122000038,231,334,-103
122000039,542,427,115
122000040,401,226,175
122000041,329,376,-47
122000042,227,344,-117
122000043,76,60,16
122000044,57,85,-28
122000045,1001,477,524
122000046,480,752,-272
122000047,186,116,70
122000048,2465,2902,-437
122000049,3847,1796,2051
122000050,1360,497,863
122000051,483,204,279
122000052,394,151,243
122000053,94,317,-223
122000054,2285,1512,773
122000055,2109,1488,621
122000056,4938,2397,2541
122000057,3626,1813,1813
122000058,5011,769,4242
122000059,3617,827,2790
122000060,1156,356,800
122000061,820,162,658
122000062,1211,343,868
122000063,890,357,533
122000064,3073,2188,885
122000065,5579,2550,3029
122000066,722,508,214
122000067,1071,945,126
122000068,633,1052,-419
122000069,610,519,91
122000070,361,2349,-1988
122000071,534,1375,-841
122000072,215,237,-22
122000073,435,293,142
122000074,1485,1125,360
122000075,295,856,-561
122000076,1100,762,338
122000077,1359,445,914
122000078,3443,1188,2255
122000079,1267,491,776
122000080,760,286,474
122000081,111,199,-88
122000082,1236,657,579
122000083,715,3149,-2434
122000084,582,536,46
122000085,154,1138,-984
122000086,1684,3292,-1608
122000087,240,72,168
122000088,174,104,70
122000089,4600,2330,2270
122000090,210,200,10
122000091,308,79,229
122000092,70,8,62
122000093,1261,725,536
122000094,5524,1120,4404
122000095,2377,1061,1316
122000096,2148,997,1151
122000098,2234,844,1390
122000099,1980,514,1466
122000100,1519,607,912
122000101,201,1036,-835
122000102,1281,1047,234
122000103,1413,1203,210
122000104,180,159,21
122000105,166,206,-40
122000106,577,392,185
122000107,519,356,163
122000108,212,675,-463
122000109,200,184,16
122000110,233,440,-207
122000111,2111,898,1213
122000112,423,1136,-713
122000113,346,571,-225
122000114,2148,867,1281
122000115,1265,789,476
122000116,400,574,-174
122000117,782,282,500
122000118,264,420,-156
122000119,2493,1181,1312
122000120,4295,1712,2583
122000121,5450,1633,3817
122000122,855,1233,-378
122000123,3092,978,2114
122000124,1389,459,930
122000125,344,581,-237
122000126,806,562,244
122000127,1815,686,1129
122000128,821,942,-121
122000129,265,444,-179
122000130,2042,332,1710
122000131,2300,365,1935
122000132,1115,347,768
122000133,952,1785,-833
122000134,365,412,-47
122000135,565,980,-415
122000136,225,177,48
122000137,640,376,264
122000139,1122,2304,-1182
122000140,1047,382,665
122000141,4728,691,4037
122000142,459,538,-79
122000143,811,173,638
122000144,2588,623,1965
122000145,1439,691,748
122000146,654,751,-97
122000147,831,299,532
122000148,2073,963,1110
122000149,1907,847,1060
122000150,1198,629,569
122000151,336,272,64
122000152,579,221,358
122000153,650,246,404
122000154,362,148,214
122000155,1591,1656,-65
122000156,2026,1258,768
122000157,1802,965,837
122000158,296,415,-119
122000159,1793,1221,572
122000160,7056,532,6524
122000161,1513,526,987
122000162,1943,1304,639
122000163,245,29,216
122000164,19,56,-37
122000165,680,593,87
122000166,760,863,-103
122000167,131,167,-36
122000168,163,335,-172
122000169,438,130,308
122000170,167,255,-88
122000171,14,76,-62
122000172,1211,1248,-37
122000173,1140,1936,-796
122000174,1247,565,682
122000175,1147,331,816
122000176,270,454,-184
122000177,1351,882,469
122000178,2634,1873,761
122000179,1631,1995,-364
122000180,1250,579,671
122000181,1585,1308,277
122000182,2162,431,1731
122000183,1493,743,750
122000184,2550,1078,1472
122000185,1265,840,425
122000186,537,664,-127
122000187,1381,1578,-197
122000188,476,164,312
122000189,186,298,-112
122000190,977,1088,-111
122000191,701,268,433
122000192,831,278,553
122000193,286,604,-318
122000194,420,191,229
122000195,138,321,-183
122000196,722,453,269
122000197,385,464,-79
122000198,379,737,-358
122000199,291,274,17
122000200,1013,442,571
122000201,975,1253,-278
122000202,794,818,-24
122000203,2714,1356,1358
122000204,1398,1447,-49
122000205,1414,824,590
122000206,2118,940,1178
122000207,639,1344,-705
122000208,1312,1679,-367
122000209,2092,309,1783
122000210,1171,1611,-440
122000211,877,1138,-261
122000212,434,508,-74
122000213,679,997,-318
122000214,1222,1565,-343
122000215,1393,1067,326
122000217,1427,1124,303
122000218,422,51,371
122000219,1647,1000,647
122000220,379,797,-418
122000221,133,324,-191
122000222,450,77,373
122000223,739,522,217
122000225,516,401,115
122000226,658,1731,-1073
122000227,239,1455,-1216
122000228,350,491,-141
122000229,45,417,-372
122000230,92,984,-892
122000231,148,735,-587
122000232,400,837,-437
122000233,2,112,-110
122000234,88,275,-187
122000235,371,306,65
122000236,267,202,65
122000237,46,70,-24
122000238,65,158,-93
122000239,283,74,209
122000240,665,225,440
122000241,481,245,236
122000242,218,65,153
122000243,85,71,14
122000244,36,588,-552
122000245,60,535,-475
122000246,157,125,32
122000247,357,1281,-924
122000248,1541,2224,-683
122000249,251,426,-175
122000250,1025,354,671
122000251,205,259,-54
122000252,459,56,403
122000253,18,241,-223
122000254,55,67,-12
122000255,417,1772,-1355
122000256,253,1457,-1204
122000257,61,470,-409
122000258,32,153,-121
122000259,19,702,-683
122000260,166,998,-832
122000261,2,149,-147
122000262,0,66,-66
122000263,44,94,-50
122000264,331,492,-161
122000265,1380,623,757
122000266,3490,407,3083
122000267,82,204,-122
122000268,63,406,-343
122000269,530,236,294
122000270,565,120,445
122000271,299,931,-632
122000272,169,886,-717
122000273,297,474,-177
122000274,58,317,-259
122000275,65,334,-269
122000276,141,512,-371
122000277,406,1070,-664
122000278,373,976,-603
122000279,102,703,-601
122000280,445,869,-424
122000281,260,743,-483
122000282,35,235,-200
122000283,113,47,66
122000284,40,92,-52
122000285,180,105,75
122000286,59,209,-150
122000287,443,1049,-606
122000288,129,158,-29
122000291,433,295,138
122000293,323,397,-74
122000294,52,114,-62
122000295,1032,152,880
122000296,58,430,-372
122000297,2706,1429,1277
122000299,212,386,-174
122000300,507,416,91
122000301,13137,1603,11534
122000302,636,404,232
122000303,3443,760,2683
122000304,16,97,-81
122000305,396,684,-288
122000306,16,661,-645
122000307,164,100,64
122000309,33,47,-14
122000310,13,12,1
122000311,28,43,-15
122000312,59,14,45
122000313,15,22,-7
122000314,44,146,-102
122000315,89,13,76
122000316,175,146,29
122000317,622,143,479
122000318,252,156,96
122000319,232,510,-278
122000320,247,2057,-1810
122000321,49,279,-230
122000322,2551,1915,636
122000323,1512,1064,448
122000324,1177,1138,39
122000325,856,717,139
122000326,10,178,-168
122000327,183,395,-212
122000328,1658,1074,584
122000330,1425,527,898
122000333,6,216,-210
122000337,358,2678,-2320
122000338,123,485,-362
122000340,299,191,108
122000342,2650,1182,1468
122000343,322,1818,-1496
122000344,11,16,-5
122000345,117,314,-197
122000346,185,535,-350
122000348,242,749,-507
122000349,94,724,-630
122000351,100,187,-87
122000352,208,48,160
122000353,35,132,-97
122000355,89,190,-101
122000356,1309,610,699
122000357,14,9,5
122000358,0,82,-82
122000359,0,36,-36
122000360,0,46,-46
122000362,8,142,-134
122000364,29,475,-446
122000365,2,19,-17
122000366,15,11,4
122000368,380,747,-367
122000370,11,107,-96
122000371,1,0,1
122000372,4,0,4
122000381,29,326,-297
122000382,52,308,-256
122000384,4463,2002,2461
122000385,8,0,8
122000386,431,625,-194
122000387,245,482,-237
122000388,1497,305,1192
122000389,169,773,-604
122000390,261,255,6
122000391,146,53,93
122000392,170,209,-39
122000393,112,734,-622
122000394,192,272,-80
122000395,54,152,-98
122000396,189,132,57
122000397,8,74,-66
122000398,6,61,-55
122000399,53,92,-39
122000400,141,271,-130
122000401,54,99,-45
122000402,96,78,18
122000403,210,1358,-1148
122000404,57,261,-204
122000408,886,1157,-271
122000503,7,60,-53
122000524,160,59,101
122000544,20,1435,-1415
122000614,634,153,481
122000616,643,6,637
122000640,13,175,-162
122000641,24,464,-440
122000642,599,1081,-482
122000643,10,120,-110
122000644,154,30,124
122000645,93,148,-55
122000651,1858,497,1361
122000664,129,30,99
122000665,985,567,418
122000666,458,1133,-675
122000673,42,349,-307
122000674,57,52,5
122000675,741,1072,-331
122000686,168,1271,-1103
122000687,505,283,222
122000688,120,808,-688
122000689,228,532,-304
122000690,370,697,-327
122000691,148,2367,-2219
122000692,507,299,208
122000693,398,1379,-981
122000695,78,468,-390
122000696,95,380,-285
122000698,79,967,-888
122000699,113,46,67
122000701,676,274,402
122000702,306,2265,-1959
122000703,109,23,86
122000712,0,0,0
122000717,114,53,61
122000718,600,549,51
122000719,30,23,7
122000720,72,264,-192
122000724,391,295,96
122900001,5,2,3
122900002,676,1072,-396
122900003,123,22,101
122900004,616,6,610
122900005,19,45,-26
122900006,190,302,-112
122900007,53,8,45
122900008,219,99,120
122900009,469,132,337
122900010,107,98,9
122900012,374,225,149
122900014,82,210,-128
122900015,1616,148,1468
122900016,63,277,-214
122900017,714,604,110
122900018,146,6,140
122900020,202,330,-128
122900021,39,391,-352
122900022,208,827,-619
122900023,133,179,-46
122900024,72,66,6
122900025,4,127,-123
122900026,139,342,-203
122900027,34,554,-520
122900028,53,117,-64
122900029,4133,1193,2940
122900030,1016,288,728
122900031,77,100,-23
122900032,89,109,-20
122900033,98,145,-47
122900034,3009,2972,37
122900035,8,8,0
122900036,10,119,-109
122900037,222,88,134
122900038,105,993,-888
122900039,107,273,-166
122900040,143,363,-220
122900041,76,188,-112
122900042,87,273,-186
122900043,240,148,92
122900044,46,253,-207
122900045,63,90,-27
122900046,43,92,-49
122900047,119,70,49
122900048,25,99,-74
122900049,1970,79,1891
122900051,78,78,0
122900052,29,78,-49
122900053,3,6,-3
122900055,142,64,78
122900057,167,10,157
122900061,291,44,247
122900062,210,266,-56
122900063,73,354,-281
122900064,559,545,14
122900065,197,114,83
122900066,208,191,17
122900067,1358,663,695
122900069,120,450,-330
122900070,80,21,59
122900071,48,365,-317
122900073,25,224,-199
122900074,135,565,-430
122900075,0,58,-58
122900076,3,145,-142
122900077,1,121,-120
122900078,26,157,-131
122900080,51,14,37
122900081,101,84,17
122900082,420,175,245
122900083,148,87,61
122900084,0,207,-207
122900086,4,11,-7
122900087,91,543,-452
122900088,29,52,-23
122900089,14,242,-228
122900090,9,603,-594
122900091,45,0,45
122900092,0,118,-118
122900093,1,403,-402
122900094,4,248,-244
122900095,51,4,47
122900096,48,363,-315
122900097,6,21,-15
122900098,89,73,16
122900099,5,0,5
122900100,98,100,-2
122900101,586,120,466
122900102,2,4,-2
122900103,15,3,12
122900104,20,2,18
122900105,0,9,-9
122900106,1,72,-71
122900107,4,153,-149
122900108,4,211,-207
122900109,38,153,-115
123000001,1453,312,1141
123000002,4741,1753,2988
123000003,3528,1842,1686
123000004,4012,3550,462
123000005,1746,1648,98
123000006,3035,2659,376
123000007,2159,1838,321
123000008,2291,3648,-1357
123000009,3421,2242,1179
123000010,2971,3077,-106
123000011,2704,728,1976
123000012,951,1986,-1035
123000013,2527,841,1686
123000014,1302,2951,-1649
123000015,2794,451,2343
123000016,5429,1867,3562
123000017,3152,1310,1842
123000018,83,49,34
123000019,62,428,-366
123000020,45,144,-99
123000021,58,114,-56
123000022,280,741,-461
123000023,825,1112,-287
123000024,665,494,171
123000025,79,90,-11
123000026,17,121,-104
123000027,211,268,-57
123000028,284,769,-485
123000029,531,447,84
123000030,82,697,-615
123000031,129,366,-237
123000032,106,311,-205
123000033,122,75,47
123000034,458,405,53
123000035,121,194,-73
123000036,140,337,-197
123000037,136,297,-161
123000038,53,126,-73
123000039,498,511,-13
123000040,1033,320,713
123000041,709,333,376
123000042,663,490,173
123000043,2808,3089,-281
123000044,5499,1561,3938
123000045,10453,1013,9440
123000046,766,488,278
123000047,3114,562,2552
123000048,32,261,-229
123000049,5441,2562,2879
123000050,473,695,-222
123000051,112,139,-27
123000052,448,1143,-695
123000053,2359,1448,911
123000054,967,906,61
123000055,538,869,-331
123000056,1071,1724,-653
123000057,15392,3878,11514
123000058,450,545,-95
123000059,307,348,-41
123000060,673,322,351
123000061,120,582,-462
123000063,704,506,198
123000064,625,205,420
123000065,6654,3329,3325
123000066,1265,663,602
123000067,314,568,-254
123000068,2714,2803,-89
123000069,9659,3063,6596
123000070,334,802,-468
123000071,430,1125,-695
123000072,751,1499,-748
123000073,560,785,-225
123000074,758,2204,-1446
123000075,353,521,-168
123000076,415,1356,-941
123000077,1816,3591,-1775
123000078,656,1560,-904
123000079,509,1775,-1266
123000080,1320,2565,-1245
123000081,206,501,-295
123000082,346,956,-610
123000083,629,93,536
123000084,276,872,-596
123000085,53,143,-90
123000086,103,453,-350
123000087,40,489,-449
123000088,565,1383,-818
123000089,332,1227,-895
123000090,927,1038,-111
123000091,1535,1154,381
123000092,1255,1010,245
123000094,284,225,59
123000095,110,467,-357
123000096,224,405,-181
123000097,151,1285,-1134
123000098,403,482,-79
123000099,521,857,-336
123000100,404,439,-35
123000101,523,302,221
123000102,493,452,41
123000104,273,221,52
123000105,477,463,14
123000106,832,211,621
123000107,583,438,145
123000108,1306,1016,290
123000111,384,209,175
123000112,449,497,-48
123000113,787,1788,-1001
123000114,285,347,-62
123000115,111,283,-172
123000116,29,189,-160
123000117,1121,2351,-1230
123000118,373,826,-453
123000119,229,976,-747
123000120,249,797,-548
123000121,344,527,-183
123000122,332,245,87
123000123,477,410,67
123000124,695,469,226
123000125,1106,508,598
123000126,2206,1019,1187
123000127,2122,693,1429
123000128,278,379,-101
123000129,155,136,19
123000130,214,55,159
123000131,376,354,22
123000132,402,568,-166
123000133,601,441,160
123000134,629,147,482
123000135,769,887,-118
123000136,179,1321,-1142
123000137,106,472,-366
123000138,47,552,-505
123000139,156,106,50
123000140,180,718,-538
123000141,719,35,684
123000142,852,1095,-243
123000143,926,2646,-1720
123000144,21,9,12
123000145,103,106,-3
123000146,12,79,-67
123000147,43,95,-52
123000149,227,244,-17
123000150,207,186,21
123000151,299,341,-42
123000152,29,293,-264
123000153,126,352,-226
123000154,1695,1384,311
123000155,1974,622,1352
123000156,47,74,-27
123000157,652,906,-254
123000158,756,356,400
123000159,2095,1145,950
123000160,375,345,30
123000161,729,516,213
123000162,231,740,-509
123000163,103,16,87
123000164,489,110,379
123000165,231,1860,-1629
123000166,28,191,-163
123000167,72,274,-202
123000168,113,341,-228
123000169,192,83,109
123000170,18,433,-415
123000171,80,81,-1
123000172,232,669,-437
123000173,312,68,244
123000174,436,80,356
123000175,879,1395,-516
123000176,349,85,264
123000177,246,1006,-760
123000178,345,60,285
123000179,25,791,-766
123000180,719,196,523
123000181,265,1485,-1220
123000182,76,463,-387
123000183,116,123,-7
123000184,31,880,-849
123000185,143,325,-182
123000186,136,621,-485
123000187,171,3,168
123000188,169,38,131
123000189,75,284,-209
123000190,14,273,-259
123000192,11,344,-333
123000193,61,485,-424
123000194,386,319,67
123000195,186,34,152
123000196,100,39,61
123000197,37,66,-29
123000198,12,138,-126
123000199,15,524,-509
123000200,136,57,79
123000201,247,76,171
123000202,33,1301,-1268
123000203,262,75,187
123000204,44,1243,-1199
123000205,284,2016,-1732
123000206,709,122,587
123000207,77,1107,-1030
123000208,127,55,72
123000209,889,165,724
123000210,306,1553,-1247
123000211,570,2679,-2109
123000212,1019,211,808
123000213,206,42,164
123000215,92,57,35
123000216,127,282,-155
123000217,115,25,90
123000218,113,235,-122
123000219,747,24,723
123000220,312,66,246
123000221,104,70,34
123000222,175,357,-182
123000223,47,554,-507
123000224,308,711,-403
123000225,74,68,6
123000226,98,375,-277
123000227,35,357,-322
123000228,113,43,70
123000229,1019,1584,-565
123000232,57,454,-397
123000233,352,91,261
123000234,124,619,-495
123000235,198,237,-39
123000236,130,885,-755
123000237,169,48,121
123000238,60,547,-487
123000239,343,1988,-1645
123000240,12,190,-178
123000241,795,56,739
123000242,27,165,-138
123000243,225,1001,-776
123000244,528,321,207
123000245,23,115,-92
123000249,354,571,-217
123000252,372,102,270
123000253,424,240,184
123000254,260,985,-725
123000255,500,497,3
123000256,30,233,-203
123000257,3060,2338,722
123000258,725,1317,-592
123000259,89,314,-225
123000260,195,520,-325
123000261,58,164,-106
123000262,62,207,-145
123000263,180,67,113
123000264,151,35,116
123000265,66,134,-68
123000266,341,586,-245
123000267,134,157,-23
123000268,25,78,-53
123000269,25,39,-14
123000270,8,37,-29
123000271,20,102,-82
123000272,668,229,439
123000273,133,378,-245
123000274,693,248,445
123000275,228,924,-696
123000278,2828,2366,462
123000279,37,86,-49
123000280,186,298,-112
123000281,161,70,91
123000282,59,250,-191
123000283,57,41,16
123000284,64,97,-33
123000286,275,158,117
123000287,589,170,419
123000288,578,298,280
123000289,380,377,3
123000291,274,723,-449
123000294,203,222,-19
123000295,593,1009,-416
123000296,190,575,-385
123000297,180,960,-780
123000298,174,604,-430
123000299,71,570,-499
123000300,493,440,53
123000301,48,155,-107
123000302,75,135,-60
123000303,23,169,-146
123000305,875,745,130
123000306,18,230,-212
123000309,26,58,-32
123000310,60,41,19
123000311,13,291,-278
123000312,1067,1052,15
123000313,174,223,-49
123000315,108,282,-174
123000316,147,20,127
123000317,122,18,104
123000318,32,296,-264
123000329,6,10,-4
123000337,100,234,-134
123000338,272,68,204
123000339,60,189,-129
123000340,157,397,-240
123000342,10,253,-243
123000343,48,0,48
123000344,884,421,463
123000345,395,567,-172
123000346,200,81,119
123000352,1764,642,1122
123000353,34,177,-143
123000354,518,8,510
123000355,0,849,-849
123000356,69,5,64
123000357,1,342,-341
123000359,3,259,-256
123000360,102,15,87
123000361,626,181,445
123000362,82,103,-21
123000363,102,194,-92
123000364,219,282,-63
123000365,24,170,-146
123000366,192,855,-663
123000367,190,1059,-869
123000370,20,303,-283
123000371,69,10,59
123000372,85,15,70
123000373,9,353,-344
123000374,20,165,-145
123000375,106,6,100
123000376,448,523,-75
123000377,98,8,90
123000378,1,323,-322
123000379,0,283,-283
123000380,25,106,-81
123000381,61,34,27
123000382,896,16,880
123000383,209,441,-232
123000384,429,80,349
123000385,376,535,-159
123000436,2,725,-723
123000507,155,308,-153
123000508,118,251,-133
123000517,308,9,299
123000518,46,187,-141
123000519,114,53,61
123000520,60,162,-102
123000521,182,73,109
123000522,144,473,-329
123000541,3,0,3
123000542,0,23,-23
123000565,178,15,163
123000566,32,941,-909
123000567,80,259,-179
123000573,13,855,-842
123000574,280,65,215
123000575,1218,895,323
123000576,510,1536,-1026
123000577,57,308,-251
123000578,649,105,544
123000579,5019,1870,3149
123000580,66,17,49
123000582,143,12,131
123000583,3,357,-354
123000584,103,188,-85
123000585,1,95,-94
123000586,12,0,12
123000596,157,94,63
123000597,67,50,17
123000602,6,1,5
123000603,206,816,-610
123000604,273,1118,-845
123000605,42,0,42
123000606,0,17,-17
123000609,6,315,-309
123000610,79,82,-3
123000613,88,131,-43
123000614,128,53,75
123000615,72,228,-156
123000616,177,71,106
123000617,19,388,-369
123000618,42,498,-456
123000619,474,32,442
123000620,7,450,-443
123000622,250,24,226
123000624,157,80,77
123000630,455,391,64
123000631,131,2071,-1940
123000632,1422,1157,265
123000633,0,16,-16
123000634,62,39,23
123000635,240,115,125
123000636,13,552,-539
123000637,149,22,127
123000638,269,96,173
123000639,700,1802,-1102
123000640,45,1064,-1019
123000648,116,56,60
123000649,32,795,-763
123000650,28,51,-23
123000651,7,138,-131
123000652,86,99,-13
123000653,12,536,-524
123000654,272,194,78
123000655,6,348,-342
123000656,102,56,46
123000657,1,100,-99
123000658,35,18,17
123000659,25,635,-610
123000660,1490,21,1469
123000661,1096,22,1074
123900001,1251,48,1203
123900002,17,607,-590
123900003,210,408,-198
123900005,85,76,9
123900006,92,28,64
124000001,743,28,715
124000002,1,460,-459
124000003,195,64,131
124000004,57,651,-594
124000005,319,98,221
124000006,224,1398,-1174
124000007,439,88,351
124000008,18,382,-364
124000009,177,190,-13
124000010,97,607,-510
124000011,378,209,169
124000012,190,888,-698
124000017,25,91,-66
124000018,68,122,-54
124000019,89,104,-15
124000020,53,262,-209
124000021,31,55,-24
124000022,100,241,-141
124000023,328,80,248
124000024,854,692,162
124000025,496,132,364
124000026,647,477,170
124000027,1380,187,1193
124000028,3138,847,2291
124000031,718,515,203
124000032,4183,1482,2701
124000033,517,244,273
124000034,1034,1273,-239
124000035,116,60,56
124000036,117,721,-604
124000037,156,192,-36
124000038,28,79,-51
124000039,1256,182,1074
124000040,568,348,220
124000041,139,59,80
124000042,56,299,-243
124000043,59,102,-43
124000044,86,242,-156
124000045,268,416,-148
124000046,140,762,-622
124000047,436,766,-330
124000048,380,1911,-1531
124000049,546,724,-178
124000050,452,2585,-2133
124000051,236,532,-296
124000052,290,1601,-1311
124000053,310,690,-380
124000054,690,773,-83
124000055,742,962,-220
124000056,3942,1154,2788
124000057,386,301,85
124000058,281,1441,-1160
124000059,287,357,-70
124000060,889,904,-15
124000061,930,1700,-770
124000062,8125,1453,6672
124000063,1291,1320,-29
124000064,2496,1855,641
124000065,98,165,-67
124000066,166,19,147
124000067,78,115,-37
124000068,73,106,-33
124000069,106,172,-66
124000070,69,374,-305
124000071,41,31,10
124000072,81,255,-174
124000073,247,59,188
124000074,159,726,-567
124000075,63,41,22
124000076,9,243,-234
124000077,1477,426,1051
124000078,1942,211,1731
124000079,790,588,202
124000080,163,65,98
124000081,82,749,-667
124000082,13,96,-83
124000083,34,196,-162
124000084,55,180,-125
124000085,71,77,-6
124000086,35,62,-27
124000087,63,52,11
124000088,72,202,-130
124000089,204,262,-58
124000090,103,482,-379
124000091,240,146,94
124000092,79,922,-843
124000093,105,67,38
124000094,130,352,-222
124000095,53,72,-19
124000096,51,302,-251
124000097,40,95,-55
124000098,35,178,-143
124000099,72,74,-2
124000100,16,159,-143
124000101,17,143,-126
124000102,113,147,-34
124000103,41,115,-74
124000104,101,128,-27
124000105,25,57,-32
124000106,121,136,-15
124000107,14,64,-50
124000108,52,54,-2
124000109,89,30,59
124000110,106,120,-14
124000111,135,115,20
124000112,277,654,-377
124000113,46,65,-19
124000114,151,636,-485
124000115,231,669,-438
124000116,60,54,6
124000117,111,39,72
124000118,48,53,-5
124000119,608,519,89
124000120,329,521,-192
124000121,2632,601,2031
124000122,614,897,-283
124000123,697,252,445
124000124,420,756,-336
124000125,279,211,68
124000126,364,435,-71
124000127,292,243,49
124000128,432,903,-471
124000129,1185,938,247
124000130,837,463,374
124000131,753,413,340
124000132,627,679,-52
124000133,448,699,-251
124000134,446,838,-392
124000135,1070,1014,56
124000136,746,1001,-255
124000137,969,414,555
124000138,1034,914,120
124000139,448,28,420
124000140,64,579,-515
124000141,199,20,179
124000142,33,806,-773
124000143,19,8,11
124000144,5,179,-174
124000145,35,19,16
124000146,5,113,-108
124000148,5,13,-8
124000149,511,232,279
124000150,313,469,-156
124000151,348,118,230
124000152,437,930,-493
124000153,469,254,215
124000154,498,836,-338
124000155,673,358,315
124000156,1113,818,295
124000169,162,275,-113
124000170,572,348,224
124000171,115,192,-77
124000172,287,613,-326
124000173,155,287,-132
124000174,150,789,-639
124000175,5,160,-155
124000176,7,7,0
124000177,18,42,-24
124000178,14,6,8
124000185,11,10,1
124000186,13,67,-54
124000187,7,162,-155
124000188,9,7,2
124000190,240,21,219
124000191,455,107,348
124000192,1463,201,1262
124000193,286,952,-666
124000194,335,458,-123
124000195,152,287,-135
124000196,676,1282,-606
124000197,58,40,18
124000198,23,48,-25
124000201,207,1057,-850
124000202,254,56,198
124000203,59,899,-840
124000204,158,195,-37
124000205,42,587,-545
124000206,97,329,-232
124000207,0,48,-48
124000209,71,330,-259
124000210,122,125,-3
124000211,95,1,94
124000212,2,578,-576
124000213,83,356,-273
124000214,112,507,-395
124000215,129,9,120
124000216,3,625,-622
124000329,29,2389,-2360
124000338,40,1094,-1054
124000339,193,42,151
124000341,281,50,231
124000344,81,86,-5
124000357,829,1509,-680
124000358,847,1547,-700
124000359,487,397,90
124000360,254,313,-59
124000361,649,581,68
124000362,1088,1462,-374
124000363,303,524,-221
124000364,469,1129,-660
124000365,681,1262,-581
124000366,2367,1403,964
124000367,86,557,-471
124000368,89,135,-46
124000369,61,54,7
124000370,56,405,-349
124000402,8,2,6
124000403,27,6,21
124000404,8,90,-82
124000405,678,396,282
124000406,697,679,18
124000407,6,26,-20
124000411,13,401,-388
124000412,90,19,71
124000413,254,52,202
124000414,28,102,-74
124000415,36,240,-204
124000416,91,356,-265
124000417,87,66,21
124000418,22,126,-104
124000419,52,199,-147
124000420,21,61,-40
124000421,23,322,-299
124000422,36,5,31
124000423,79,27,52
124000424,5,162,-157
124000425,18,6,12
124000426,1,210,-209
124000427,35,6,29
124000428,9,26,-17
124000429,15,46,-31
124000430,368,660,-292
124000431,202,638,-436
124000432,63,791,-728
124000439,17,3,14
124000443,2,48,-46
124000445,103,342,-239
124000446,3345,142,3203
124000447,6,53,-47
124000448,19,2,17
124000449,22,4,18
124000450,10,479,-469
124000451,0,298,-298
124000452,455,70,385
124000453,2184,1431,753
124000454,3651,2750,901
124000455,4,1029,-1025
124000456,207,9,198
124000457,4,869,-865
124000458,4,449,-445
124000459,88,5,83
124000460,4,283,-279
124900001,201,234,-33
124900002,62,466,-404
124900003,187,212,-25
124900004,132,381,-249
124900005,113,156,-43
124900006,97,332,-235
124900008,887,420,467
124900009,97,65,32
124900010,27,11,16
124900011,107,110,-3
124900012,146,53,93
124900013,223,161,62
124900014,78,129,-51
124900015,72,63,9
124900016,21,28,-7
124900017,481,270,211
124900018,87,9,78
124900020,9,28,-19
124900021,31,17,14
124900022,54,9,45
124900024,108,1,107
124900026,59,7,52
124900027,25,75,-50
124900028,438,88,350
124900030,3,144,-141
124900031,7,248,-241
124900033,57,242,-185
124900035,107,313,-206
124900036,15,73,-58
124900037,77,254,-177
124900038,225,389,-164
124900039,8,24,-16
124900040,6,62,-56
124900041,154,1337,-1183
124900042,23,32,-9
124900043,111,759,-648
124900044,37,0,37
124900045,409,456,-47
124900047,118,131,-13
124900050,199,531,-332
124900052,46,274,-228
124900053,42,488,-446
124900054,3478,299,3179
124900055,0,76,-76
124900057,20,696,-676
124900060,15,204,-189
124900061,34,7,27
124900062,16,1,15
124900066,1,14,-13
124900067,14,383,-369
124900068,119,110,9
124900070,11,20,-9
124900072,102,31,71
124900075,71,438,-367
124900076,150,352,-202
124900077,98,152,-54
124900078,33,2,31
124900080,114,864,-750
124900081,287,202,85
124900082,226,1065,-839
124900083,230,681,-451
124900085,1236,71,1165
124900086,32,198,-166
124900087,435,27,408
124900088,533,69,464
124900089,1368,105,1263
124900090,68,123,-55
124900091,125,480,-355
124900092,106,400,-294
124900093,64,111,-47
124900094,112,154,-42
124900095,40,186,-146
124900096,394,63,331
124900097,89,28,61
124900098,97,302,-205
124900099,391,189,202
124900100,106,10,96
124900101,21,538,-517
124900102,85,2,83
124900103,46,266,-220
124900104,19,218,-199
124900105,24,167,-143
124900106,150,27,123
124900107,20,7,13
124900108,446,36,410
124900111,2,237,-235
124900112,44,682,-638
124900113,107,85,22
124900114,271,31,240
124900115,21,16,5
124900116,40,59,-19
124900117,650,86,564
124900118,58,74,-16
124900119,121,55,66
124900120,36,360,-324
124900121,117,66,51
124900122,148,272,-124
124900123,574,89,485
124900124,520,266,254
124900125,108,5,103
124900126,13,748,-735
204000001,38,34,4
204000002,8,24,-16
204000003,2,4,-2
204000004,9,1,8
204000005,321,251,70
204000006,568,648,-80
204000011,10,42,-32
204000012,12,103,-91
204000019,416,455,-39
204000020,228,740,-512
204000021,1658,704,954
204000022,261,377,-116
204000023,195,1196,-1001
204000031,81,17,64
204000032,487,45,442
204000034,26,274,-248
204000035,0,8,-8
204000036,4,19,-15
204000037,2,23,-21
204000038,1,30,-29
204000039,3,59,-56
204000040,2,36,-34
204000041,16,45,-29
204000042,10,8,2
204000043,7,3,4
204000044,13,0,13
204000045,6,5,1
204000046,5,0,5
204000057,3,50,-47
204000062,15,244,-229
204000068,44,100,-56
204000069,9,135,-126
204000070,18,78,-60
204000080,7,44,-37
204000085,944,1313,-369
204000086,2694,1715,979
204000087,59,20,39
204000088,5,99,-94
204000090,25,437,-412
204000093,184,97,87
204000096,377,526,-149
204000097,112,113,-1
204000099,610,1063,-453
204000100,410,770,-360
204000105,1664,1053,611
204000110,425,1075,-650
204000111,291,695,-404
204000112,484,827,-343
204000113,272,764,-492
204000114,313,302,11
204000115,254,355,-101
204000116,348,523,-175
204000119,1021,1107,-86
204000132,273,151,122
204000133,371,226,145
204000134,118,107,11
204000135,184,96,88
204000136,97,196,-99
204000138,97,143,-46
204000140,82,73,9
204000141,67,55,12
204000144,8,17,-9
204000145,644,22,622
204000146,32,278,-246
204000147,87,148,-61
204000148,333,37,296
204000154,4,1,3
204000155,1,6,-5
204000177,29,71,-42
204000179,1,0,1
204000180,1,9,-8
204000222,5,6,-1
204000235,10,18,-8
204000236,93,261,-168
204000238,21,69,-48
204000240,422,46,376
204000263,497,1303,-806
204000268,777,242,535
204000308,88,40,48
204000317,48,70,-22
204000322,13,18,-5
204000323,15,55,-40
204000328,181,99,82
204000329,219,107,112
204000330,148,201,-53
204000331,88,225,-137
204000352,51,0,51
205000001,1056,1031,25
205000013,9,109,-100
205000014,15,165,-150
205000015,22,276,-254
205000016,11,160,-149
205000017,34,80,-46
205000022,312,522,-210
205000025,1637,849,788
205000029,119,15,104
205000045,48,158,-110
205000046,35,559,-524
205000047,45,486,-441
205000048,116,1084,-968
205000049,75,710,-635
205000050,1183,251,932
205000059,1,300,-299
205000060,0,46,-46
205000061,5,21,-16
205000062,1,25,-24
205000063,12,62,-50
205000064,18,135,-117
205000065,58,725,-667
205000066,82,791,-709
205000067,60,1136,-1076
205000069,233,16,217
205000082,117,102,15
205000110,87,215,-128
205000111,152,312,-160
205000112,55,129,-74
205000113,196,152,44
205000121,143,20,123
205000123,79,178,-99
205000126,232,82,150
205000127,452,111,341
205000128,361,56,305
205000129,290,69,221
205000130,144,35,109
205000131,171,4,167
205000132,302,3,299
205000133,77,0,77
205000134,103,0,103
205000137,105,113,-8
205000138,238,274,-36
205000139,18,86,-68
205000144,53,39,14
205000145,193,62,131
205000151,41,16,25
205000152,63,12,51
205000153,70,13,57
205000154,19,50,-31
205000155,32,18,14
205000207,13,103,-90
205000233,5,0,5
205000234,0,0,0
205000243,0,0,0
205000244,0,2,-2
205000245,14,244,-230
205000249,0,18,-18
205000250,2,0,2
205000264,5,98,-93
206000027,7,1,6
206000028,20,0,20
206000043,8,113,-105
206000053,7,11,-4
206000054,4,22,-18
206000055,6,30,-24
206000075,6,3,3
206000076,10,11,-1
206000077,25,3,22
206000078,10,6,4
206000079,16,6,10
206000082,285,30,255
206000100,66,538,-472
206000103,33,26,7
206000104,25,28,-3
206000105,11,16,-5
206000106,29,37,-8
206000125,21,0,21
206000157,114,494,-380
206000170,2,166,-164
206000171,3,185,-182
206000172,7,860,-853
206000173,2,377,-375
206000174,2,153,-151
206000175,3,247,-244
206000176,25,450,-425
206000177,1,268,-267
206000178,1,138,-137
206000179,5,87,-82
206000180,42,200,-158
206000181,2,317,-315
206000182,39,314,-275
206000183,50,1027,-977
206000184,2,403,-401
206000185,7,273,-266
206000186,204,1624,-1420
206000223,5,199,-194
206000226,20,3,17
206000227,5,2,3
206000237,26,392,-366
206000238,39,727,-688
206000239,626,1875,-1249
206000240,1,52,-51
206000241,1,96,-95
206000242,4,485,-481
206000243,18,453,-435
206000244,67,1017,-950
206000245,257,49,208
206000246,28,7,21
206000247,56,13,43
206000248,118,13,105
206000252,40,21,19
206000258,8,37,-29
206000315,21,7,14
206000317,211,68,143
206000318,89,32,57
206000319,435,81,354
206000320,25,19,6
206000321,39,11,28
206000322,127,10,117
206000323,53,7,46
206000324,47,5,42
206000325,59,6,53
206000326,42,3,39
206000327,93,6,87
206000328,60,3,57
206000329,62,4,58
206000330,14,15,-1
206000331,50,4,46
206000332,17,9,8
206000333,136,2,134
206000334,71,2,69
206000335,0,13,-13
206000361,3,186,-183
206000392,1,42,-41
206000405,132,0,132
206000441,13,11,2
206000498,29,3,26
206000515,99,19,80
206000530,62,52,10
206000531,167,45,122
206000532,1577,89,1488
206000535,372,1788,-1416
206000536,23,274,-251
206000537,5,160,-155
206000613,1050,160,890
206000784,365,26,339
207000001,138,314,-176
207000002,43,294,-251
207000003,88,229,-141
207000007,379,244,135
207000008,28,18,10
207000009,42,44,-2
207000010,430,566,-136
207000012,172,162,10
207000015,283,1797,-1514
207000019,126,41,85
207000021,412,123,289
207000022,36,68,-32
207000023,61,55,6
207000024,0,5,-5
207000025,7,53,-46
207000026,123,54,69
207000027,12,65,-53
207000028,42,258,-216
207000029,194,295,-101
207000033,151,122,29
207000034,100,41,59
207000039,113,110,3
207000040,73,132,-59
207000041,12,21,-9
207000042,101,103,-2
207000043,101,187,-86
207000051,44,301,-257
207000052,8,214,-206
207000053,428,590,-162
207000054,14,133,-119
207000055,45,277,-232
207000056,151,480,-329
207000057,99,254,-155
207000058,63,492,-429
207000059,33,1104,-1071
207000060,27,374,-347
207000061,77,103,-26
207000062,91,80,11
207000063,102,203,-101
207000064,194,217,-23
207000065,131,193,-62
207000066,59,193,-134
207000067,31,133,-102
207000068,83,80,3
207000069,564,298,266
207000082,20,374,-354
207000083,44,368,-324
207000084,70,133,-63
207000085,122,8,114
207000086,30,10,20
207000106,20,48,-28
207000107,40,19,21
207000108,27,13,14
207000109,34,9,25
207000110,33,33,0
207000111,56,71,-15
207000112,96,170,-74
207000114,22,20,2
207000115,26,69,-43
207000116,9,170,-161
207000117,2,69,-67
207000118,2,77,-75
207000119,14,81,-67
207000123,173,27,146
207000124,53,11,42
207000125,62,14,48
207000126,70,10,60
207000134,38,289,-251
207000135,29,339,-310
207000148,54,106,-52
207000149,104,31,73
207000152,102,334,-232
207000153,1217,680,537
207000154,272,149,123
207000159,35,323,-288
207000160,57,586,-529
207000238,0,102,-102
207000242,1,152,-151
207000248,34,13,21
207000249,173,32,141
207000250,541,48,493
207000251,101,61,40
207000252,37,79,-42
207000278,34,54,-20
207000279,24,199,-175
207000280,175,89,86
207000281,63,1364,-1301
207000282,73,20,53
207000283,107,147,-40
207000284,33,48,-15
207000285,154,39,115
207000291,14,97,-83
207000304,41,63,-22
207000306,35,309,-274
207000310,28,63,-35
207000353,127,2,125
207000356,1,14,-13
207000357,0,5,-5
207000358,9,17,-8
207000415,5,182,-177
207000416,106,323,-217
207000417,12,1,11
207000418,80,141,-61
207000438,0,3,-3
207000439,1262,171,1091
207000446,72,2,70
207000460,3,11,-8
207000466,108,129,-21
207000467,64,108,-44
207000468,21,521,-500
207000476,8,74,-66
207000477,110,172,-62
207000478,1,3,-2
207000523,0,16,-16
207000524,33,1,32
207000527,66,100,-34
207000530,100,10,90
207000531,121,8,113
207000532,34,22,12
207000534,732,27,705
207000535,48,80,-32
207000537,22,95,-73
207000540,3,232,-229
207000541,0,345,-345
207000548,3,321,-318
207000549,98,8,90
207000561,91,36,55
207000562,31,163,-132
207000567,116,226,-110
207000568,35,155,-120
207000569,80,1205,-1125
207000584,417,89,328
207000585,94,117,-23
207000587,34,37,-3
207000616,0,196,-196
207000617,35,0,35
207000624,54,19,35
207000631,12,34,-22
208000001,222,528,-306
208000002,245,425,-180
208000003,526,493,33
208000004,697,664,33
208000005,19,15,4
208000019,315,788,-473
208000020,87,406,-319
208000021,66,299,-233
208000022,343,593,-250
208000028,750,664,86
208000033,235,596,-361
208000034,741,1091,-350
208000037,381,65,316
208000040,81,173,-92
208000041,825,468,357
208000042,533,511,22
208000047,70,410,-340
208000064,2309,1300,1009
208000066,1003,579,424
208000070,174,493,-319
208000071,196,893,-697
208000072,248,1116,-868
208000080,110,355,-245
208000081,100,193,-93
208000082,101,332,-231
208000083,54,428,-374
208000084,17,11,6
208000085,786,559,227
208000086,335,769,-434
208000087,248,735,-487
208000089,357,549,-192
208000090,420,989,-569
208000093,91,77,14
208000094,423,741,-318
208000095,267,228,39
208000104,686,860,-174
208000105,400,984,-584
208000114,29,143,-114
208000115,372,266,106
208000116,133,848,-715
208000117,57,106,-49
208000118,36,81,-45
208000155,321,847,-526
208000158,1434,1365,69
208000186,2616,1092,1524
208000204,355,806,-451
208000205,595,1292,-697
208000282,3131,773,2358
209000004,78,171,-93
209000005,14,18,-4
209000006,350,112,238
209000007,218,199,19
209000010,408,149,259
209000011,134,191,-57
209000012,130,228,-98
209000013,166,697,-531
209000014,674,1581,-907
209000025,118,29,89
209000026,452,67,385
209000027,259,951,-692
209000028,299,987,-688
209000029,681,825,-144
209000030,427,1600,-1173
209000031,4206,2290,1916
209000034,107,120,-13
209000035,87,126,-39
209000036,57,121,-64
209000037,115,189,-74
209000038,77,138,-61
209000039,30,135,-105
209000040,166,212,-46
209000041,187,305,-118
209000042,186,362,-176
209000043,418,495,-77
209000044,255,538,-283
209000045,711,265,446
209000046,191,338,-147
209000047,170,148,22
209000048,267,206,61
209000049,74,157,-83
209000050,225,218,7
209000051,166,358,-192
209000052,87,385,-298
209000062,52,189,-137
209000063,19,166,-147
209000064,14,140,-126
209000065,16,30,-14
209000066,20,50,-30
209000067,36,123,-87
209000080,14,137,-123
209000082,33,27,6
209000091,60,63,-3
209000093,72,39,33
209000094,221,106,115
209000110,8,19,-11
209000111,306,694,-388
209000112,382,355,27
209000113,779,341,438
209000114,165,204,-39
209000115,106,212,-106
209000116,903,489,414
209000118,7,23,-16
209000119,18,12,6
209000121,119,831,-712
209000135,33,43,-10
209000142,615,701,-86
209000143,56,54,2
209000144,22,54,-32
209000229,106,164,-58
209000240,39,449,-410
209000259,141,118,23
209000260,46,796,-750
209000261,5,565,-560
209000262,0,590,-590
209000263,0,106,-106
209000264,0,26,-26
209000265,298,1,297
209000266,19,4,15
209000267,193,8,185
209000268,391,21,370
210000037,45,17,28
210000047,53,24,29
210000048,20,22,-2
210000049,35,17,18
210000052,30,127,-97
210000053,13,72,-59
210000054,76,71,5
210000070,23,4,19
210000071,19,0,19
210000072,16,0,16
210000073,1,35,-34
210000074,0,102,-102
210000075,1,47,-46
210000076,4,168,-164
210000077,16,15,1
210000078,51,33,18
210000079,30,10,20
210000080,66,45,21
210000081,71,7,64
210000082,40,0,40
210000083,63,0,63
210000084,22,1,21
210000085,1,72,-71
210000086,2,113,-111
210000099,28,241,-213
210000100,29,271,-242
210000101,64,258,-194
210000105,28,136,-108
210000159,1,95,-94
210000163,179,211,-32
210000164,319,54,265
210000168,163,17,146
210000187,0,6,-6
210000188,0,29,-29
210000214,6,0,6
210000219,12,44,-32
210000220,35,72,-37
210000232,0,30,-30
210000233,19,67,-48
210000234,12,161,-149
210000235,18,148,-130
210000245,1,35,-34
210000246,12,1,11
210000258,3,154,-151
210000259,159,12,147
210000282,38,228,-190
210000285,1,97,-96
210000286,13,187,-174
210000290,1,10,-9
210000295,41,126,-85
210000296,44,51,-7
210000320,98,117,-19
210000321,38,57,-19
210000338,103,104,-1
210000339,717,456,261
210000340,122,172,-50
210000341,130,245,-115
210000342,123,179,-56
210000343,102,217,-115
210000344,205,94,111
210000345,169,129,40
210000346,43,94,-51
210000347,126,17,109
210000348,51,17,34
210000349,141,18,123
210000350,46,45,1
210000351,65,90,-25
210000352,19,112,-93
210000353,16,116,-100
210000354,28,122,-94
210000355,26,96,-70
210000356,38,47,-9
210000357,21,32,-11
210000358,306,83,223
210000359,80,56,24
210000360,132,93,39
210000361,87,129,-42
210000362,136,147,-11
210000363,896,132,764
210000364,83,48,35
210000365,67,32,35
210000366,64,39,25
210000367,25,36,-11
210000368,77,25,52
210000369,14,29,-15
210000370,43,55,-12
210000372,24,25,-1
210000373,39,16,23
210000374,46,13,33
210000375,29,72,-43
210000376,27,141,-114
210000404,100,127,-27
210000439,8,28,-20
210000472,65,2,63
210000482,90,55,35
210000564,809,54,755
210000567,0,9,-9
210000568,434,1,433
211000092,25,64,-39
211000094,58,10,48
211000169,260,2,258
211000172,5,132,-127
211000209,0,13,-13
211000226,9,26,-17
211000270,13,16,-3
211000275,11,23,-12
211000276,32,34,-2
211000279,1,61,-60
211000281,17,81,-64
211000302,1,53,-52
211507980,1,7,-6
211977296,12,8,4
212000003,85,80,5
212000004,92,22,70
212000005,16,15,1
212000006,29,79,-50
212000008,57,266,-209
212000009,10,160,-150
212000012,57,66,-9
212000013,5,33,-28
212000014,137,107,30
212000015,122,198,-76
212000016,262,431,-169
212000027,291,399,-108
212000028,143,305,-162
212000029,77,205,-128
212000030,6,28,-22
212000031,38,85,-47
212000048,13,91,-78
212000049,7,54,-47
212000050,13,11,2
212000051,97,233,-136
212000052,89,385,-296
212000053,302,516,-214
212000054,87,142,-55
212000055,76,271,-195
212000056,3,44,-41
212000057,3,50,-47
212000058,257,34,223
212000070,65,294,-229
212000077,69,681,-612
212000099,96,204,-108
212000108,142,168,-26
212000111,54,156,-102
212000120,122,129,-7
212000138,53,15,38
212000156,4,122,-118
212000158,2,8,-6
212000159,112,63,49
212000160,185,192,-7
212000161,17,10,7
212000310,20,13,7
212000311,5,70,-65
212000374,13,9,4
213000001,11,578,-567
213000005,196,77,119
213000006,800,73,727
213000007,58,8,50
213000009,422,115,307
213000010,143,105,38
213000011,155,80,75
213000012,86,379,-293
213000014,21,0,21
213000015,64,2,62
213000016,63,0,63
213000017,6,0,6
213000018,4,261,-257
213000019,1,184,-183
213000020,46,222,-176
213000021,2,78,-76
213000023,150,153,-3
213000033,151,421,-270
213000034,237,219,18
213000035,79,51,28
213000045,73,280,-207
213000046,60,143,-83
213000047,298,470,-172
213000056,40,9,31
213000069,6,1,5
213000073,2,9,-7
213000074,96,445,-349
213000075,305,15,290
213000076,8,0,8
213000085,5,60,-55
213000086,16,243,-227
213000091,59,8,51
213000092,31,4,27
213000099,123,614,-491
213000100,1264,181,1083
213000101,123,163,-40
213000102,112,462,-350
213000103,643,579,64
213000104,36,439,-403
213000105,2,70,-68
213000106,11,174,-163
213000107,57,630,-573
213000108,13,566,-553
213000109,3,302,-299
213000110,1,50,-49
213000111,3,27,-24
213000112,159,103,56
213000115,27,6,21
213000116,58,497,-439
213000117,5,681,-676
213000118,111,247,-136
213000119,34,726,-692
213000120,37,763,-726
213000122,192,931,-739
213000123,780,1204,-424
213000124,44,1476,-1432
213000125,78,8,70
213000126,33,88,-55
213000127,231,104,127
213000128,486,245,241
213000129,427,175,252
213000130,236,127,109
213000132,69,105,-36
213000133,111,117,-6
213000134,407,40,367
213000136,146,18,128
213000137,304,84,220
213000139,411,7,404
213000147,29,1,28
213000148,8,5,3
213000149,21,8,13
213000150,0,50,-50
213000151,1,51,-50
213000152,1,47,-46
213000153,0,35,-35
213000154,12,288,-276
213000155,26,285,-259
213000156,46,718,-672
213000157,714,548,166
213000158,189,381,-192
213000159,235,501,-266
213000163,289,107,182
213000165,441,114,327
213000171,8,238,-230
213000172,24,280,-256
213000173,0,105,-105
213000174,0,18,-18
213000175,7,53,-46
213000176,2,116,-114
213000177,1,13,-12
213000178,4,1,3
213000179,87,37,50
213000180,67,69,-2
213000182,39,1,38
213000184,57,324,-267
213000188,200,33,167
213000189,108,23,85
213000190,601,652,-51
213000191,162,568,-406
213000192,93,614,-521
213000193,1317,105,1212
213000194,0,25,-25
213000195,11,587,-576
213000196,122,697,-575
213000197,245,158,87
213000198,23,0,23
213000200,108,954,-846
213000201,164,53,111
213000202,5,681,-676
213000203,2594,267,2327
213000204,561,42,519
213000205,74,24,50
213000206,118,28,90
213000207,27,5,22
213000208,63,1,62
213000209,30,3,27
213000210,105,2,103
213000211,1,16,-15
213000212,4,12,-8
213000213,1,32,-31
213000218,1462,2760,-1298
213000219,380,6,374
213000220,328,9,319
213000223,213,91,122
213000224,48,30,18
213000225,9,1,8
213000226,6,4,2
213000227,317,224,93
213000228,56,78,-22
213000229,622,10,612
213000230,278,22,256
213000232,87,421,-334
213000233,3,12,-9
213000234,0,49,-49
213000293,1,53,-52
213000294,49,8,41
213000295,13,85,-72
213000296,43,16,27
213000297,6,68,-62
213000298,11,91,-80
213000299,31,38,-7
213000300,32,4,28
213000303,16,17,-1
213000304,2,10,-8
213000305,2,6,-4
213000306,62,29,33
213000307,159,87,72
213000308,88,291,-203
213000309,55,40,15
213000310,133,118,15
213000311,254,412,-158
213000315,45,140,-95
213000316,43,50,-7
213000322,1,20,-19
213000323,14,15,-1
213000340,82,934,-852
213000341,137,100,37
213000346,84,26,58
213000347,824,49,775
213000348,17,80,-63
213000349,102,8,94
213000350,185,1207,-1022
213000366,27,238,-211
213000367,101,32,69
213000379,128,138,-10
213000386,3,168,-165
213000406,102,303,-201
213000417,547,247,300
213000425,34,30,4
213000426,47,28,19
213000427,25,166,-141
213000428,8,223,-215
213000429,39,1,38
213000430,58,794,-736
213000431,53,1,52
213000432,7,7,0
213000433,0,71,-71
213000434,21,103,-82
213000435,35,84,-49
213000439,15,8,7
213000441,0,0,0
213000443,226,220,6
213000445,0,84,-84
213000446,0,7,-7
213000447,6,25,-19
213000448,4,40,-36
213000449,68,1,67
213000450,16,45,-29
213000451,49,59,-10
213000452,0,11,-11
213000453,27,294,-267
213000455,494,0,494
213000456,1,298,-297
213000481,18,9,9
213000482,92,1,91
213000489,396,28,368
213000491,1,78,-77
213000492,90,0,90
213000493,1,30,-29
213000494,49,77,-28
213000496,66,156,-90
213000497,27,236,-209
213000498,47,167,-120
213000499,95,327,-232
213000500,107,54,53
213000501,29,18,11
213000502,41,10,31
213000503,2,39,-37
213000504,1,87,-86
213000505,2,162,-160
213000506,0,3,-3
213000507,2,157,-155
213900244,4,0,4
213900245,0,39,-39
218000003,21,18,3
218000004,17,20,-3
218000005,27,15,12
218000006,47,12,35
218000007,1,15,-14
218000012,306,172,134
218000013,63,87,-24
218000014,483,274,209
218000019,1004,313,691
218000020,315,374,-59
218000040,5,1,4
218000046,23,150,-127
218000047,10,207,-197
218000048,39,253,-214
218000049,54,163,-109
218000050,199,276,-77
218000051,38,354,-316
218000052,4,110,-106
218000053,3,12,-9
218000054,18,21,-3
218000055,0,9,-9
218000056,1,30,-29
218000057,0,54,-54
218000064,0,2,-2
218000065,10,43,-33
218000066,17,42,-25
218000067,16,105,-89
218000068,62,116,-54
218000069,73,271,-198
218000070,86,345,-259
218000071,177,302,-125
218000072,263,227,36
218000078,448,1197,-749
218000079,20,67,-47
218000080,49,97,-48
218000081,129,311,-182
218000082,15,135,-120
218000083,8,55,-47
218000084,56,195,-139
218000085,100,369,-269
218000086,42,174,-132
218000087,148,267,-119
218000090,2,85,-83
218000091,655,373,282
218000092,38,172,-134
218000093,38,102,-64
218000094,458,738,-280
218000099,254,308,-54
218000100,204,262,-58
218000101,65,152,-87
218000102,94,360,-266
218000103,43,191,-148
218000104,14,32,-18
218000105,27,10,17
218000106,20,20,0
218000107,28,156,-128
218000108,2,70,-68
218000112,65,12,53
218000117,21,39,-18
218000134,221,759,-538
218000135,8,97,-89
218000136,94,25,69
218000137,75,131,-56
218000138,0,100,-100
218000139,67,353,-286
218000140,129,204,-75
218000141,10,39,-29
218000142,73,116,-43
218000143,13,138,-125
218000144,10,37,-27
218000145,133,403,-270
218000146,29,108,-79
218000151,1,14,-13
218000152,36,35,1
218000170,0,18,-18
218000171,21,19,2
218000172,8,10,-2
218000173,25,10,15
218000174,0,4,-4
218000176,107,5,102
218000177,173,45,128
218000178,68,65,3
218000179,47,31,16
218000180,32,12,20
218000181,70,17,53
218000187,9,10,-1
218000188,11,36,-25
218000189,4,37,-33
218000190,0,5,-5
218000191,67,168,-101
218000192,66,410,-344
218000193,224,509,-285
218000194,37,435,-398
218000195,83,129,-46
218000196,124,296,-172
218000197,106,400,-294
218000198,5,173,-168
218000199,16,30,-14
218000200,75,33,42
218000201,18,6,12
218000202,175,159,16
218000207,11,39,-28
218000208,17,53,-36
218000211,27,5,22
218000213,51,44,7
218000214,1,12,-11
218000215,42,63,-21
218000217,9,90,-81
218000218,157,48,109
218000219,15,12,3
218000220,59,215,-156
218000221,413,166,247
218000222,26,15,11
218000223,19,62,-43
218000224,7,35,-28
218000225,151,14,137
218000226,57,40,17
218000232,47,103,-56
218000239,51,1,50
218000240,0,0,0
218000241,12,0,12
218000242,0,0,0
218000243,6,0,6
218000244,4,1,3
218000245,5,2,3
218000246,0,1,-1
218000247,0,0,0
218000248,0,17,-17
218000249,0,5,-5
218000250,2,16,-14
218000251,1,28,-27
218000252,4,25,-21
218000253,0,3,-3
218000254,0,9,-9
218000255,0,2,-2
218000256,4,38,-34
218000267,978,1118,-140
218000268,6,55,-49
218000269,10,7,3
218000270,30,57,-27
218000271,58,72,-14
218000273,5,12,-7
218000274,23,11,12
218000275,10,28,-18
218000276,9,48,-39
218000278,7,21,-14
218000279,13,88,-75
218000280,3,41,-38
218000281,15,14,1
218000282,412,205,207
218000284,91,12,79
218000301,27,81,-54
218000302,32,25,7
218000303,24,74,-50
218000316,620,1342,-722
218000317,395,1399,-1004
218000318,231,991,-760
218000319,454,1446,-992
218000320,544,767,-223
218000338,41,22,19
218000345,143,63,80
218000346,60,114,-54
218000459,83,200,-117
218000490,53,52,1
218000501,31,32,-1
218000502,16,161,-145
218000503,38,10,28
218000504,85,12,73
218000505,13,215,-202
218000506,23,173,-150
218000508,34,2,32
218000510,165,5,160
218000520,76,133,-57
218000521,2,82,-80
218000522,0,140,-140
218000523,61,18,43
218000524,29,55,-26
218000525,18,11,7
218000526,40,56,-16
218000529,30,305,-275
218000531,6,19,-13
218000532,6,26,-20
218000534,56,18,38
218000537,11,54,-43
218000538,56,115,-59
218000540,152,54,98
218000543,51,38,13
218000544,72,96,-24
218000545,8,37,-29
218000546,41,89,-48
218000547,30,59,-29
218000548,69,171,-102
218000549,410,113,297
218000550,259,444,-185
218000551,324,253,71
218000552,506,49,457
218000553,82,67,15
218000554,15,21,-6
218000555,17,56,-39
218000556,86,499,-413
218000557,177,171,6
218000558,9,0,9
218000559,0,12,-12
218000560,0,10,-10
218000561,47,1,46
218000562,15,161,-146
218000563,98,14,84
218000564,8,73,-65
218000565,193,14,179
218000566,544,11,533
218000567,0,39,-39
218000568,8,2,6
218000569,15,34,-19
218000570,206,4,202
218000571,0,86,-86
218000572,43,3,40
218000573,27,41,-14
218000574,166,61,105
218000575,57,0,57
218000576,0,88,-88
218000577,27,0,27
218000578,0,92,-92
218000579,8,0,8
218000581,0,55,-55
218000582,6,3,3
218000583,0,1,-1
218000584,1,15,-14
218000585,9,1,8
218000586,4,25,-21
218000587,0,3,-3
218000588,0,0,0
218000589,0,0,0
218000590,0,0,0
218000591,1,2,-1
218000592,1,0,1
218000601,0,0,0
218000602,0,0,0
218000603,0,4,-4
218000604,25,16,9
218000605,0,8,-8
218000606,38,0,38
218000607,9,16,-7
218000608,20,2,18
218000609,4,38,-34
218000610,28,1,27
218000611,10,0,10
218000612,0,24,-24
218000613,3,1,2
218000614,0,36,-36
218000615,36,2,34
218000616,3,86,-83
218000617,4,0,4
218000618,0,13,-13
218000619,3,11,-8
218000620,1,11,-10
218000621,1,0,1
218000622,0,5,-5
218000623,4,0,4
218000624,1,4,-3
218000625,2,0,2
218000626,0,4,-4
218000628,74,35,39
218000631,23,19,4
218000632,2,45,-43
218000633,23,0,23
218000634,4,16,-12
218000635,1,6,-5
218000636,440,1373,-933
218000637,440,671,-231
218000638,26,30,-4
218000639,13,215,-202
218000640,59,23,36
218000641,34,337,-303
218000652,119,85,34
218000653,143,45,98
218000663,10,132,-122
218000675,30,73,-43
218000680,137,617,-480
218000681,263,133,130
218000691,84,489,-405
218000693,60,130,-70
218000718,1058,260,798
218000719,1284,40,1244
218000720,3,34,-31
218000721,15,10,5
218001147,4,478,-474
218001214,9,10,-1
218001258,62,2,60
218001329,163,89,74
218001330,168,114,54
218001351,28,15,13
218001352,2,14,-12
218001353,9,6,3
218001354,1,20,-19
218001355,59,471,-412
218001356,108,4,104
218001357,18,321,-303
218001358,89,1,88
218001361,83,9,74
218001362,1,643,-642
219000001,31,80,-49
219000002,32,84,-52
219000003,25,34,-9
219000004,28,47,-19
219000017,80,25,55
219000020,49,11,38
219000022,80,2,78
219000023,66,2,64
219000029,0,85,-85
219000034,15,9,6
219000039,17,39,-22
219000040,8,29,-21
219000041,88,45,43
219000051,2,68,-66
219000052,1,22,-21
219000053,2,337,-335
219000055,22,1,21
219000056,12,1,11
219000057,31,0,31
219000062,16,259,-243
219000063,53,18,35
219000064,0,37,-37
219000110,150,50,100
219000111,98,32,66
219000112,134,29,105
219000113,101,30,71
219000114,287,12,275
219000116,56,37,19
219000117,119,80,39
219000118,52,36,16
219000123,209,121,88
219000124,48,77,-29
219000125,9,37,-28
219000126,77,164,-87
219000127,5,2,3
219000128,23,112,-89
219000129,45,132,-87
219000130,1675,541,1134
219000131,1386,520,866
219000133,50,23,27
219000134,5,13,-8
219000135,17,58,-41
219000136,74,141,-67
219000138,42,14,28
219000139,22,86,-64
219000140,12,2,10
219000141,12,184,-172
219000142,9,146,-137
219000143,10,139,-129
219000145,12,35,-23
219000146,8,57,-49
219000147,3,69,-66
219000148,4,50,-46
219000149,30,179,-149
219000150,3,110,-107
219000151,6,98,-92
219000157,181,158,23
219000158,119,218,-99
219000161,162,27,135
219000163,1559,462,1097
219000166,69,181,-112
219000167,63,243,-180
219000168,420,84,336
219000174,180,58,122
219000175,26,5,21
219000176,41,10,31
219000177,3,3,0
219000178,12,10,2
219000179,4,7,-3
219000180,18,21,-3
219000182,43,19,24
219000183,11,40,-29
219000184,31,3,28
219000185,0,109,-109
219000186,10,55,-45
219000187,4,113,-109
219000189,225,125,100
219000190,202,180,22
219000191,1958,532,1426
219000192,131,74,57
219000193,691,210,481
219000195,1,82,-81
219000196,3,128,-125
219000198,41,192,-151
219000199,132,182,-50
219000200,37,208,-171
219000201,78,226,-148
219000203,24,130,-106
219000204,118,186,-68
219000205,61,178,-117
219000207,296,176,120
219000209,30,100,-70
219000210,38,120,-82
219000213,13,263,-250
219000239,131,219,-88
219000240,143,329,-186
219000241,97,152,-55
219000242,89,217,-128
219000243,51,399,-348
219000244,9,139,-130
219000245,36,38,-2
219000246,46,13,33
219000247,42,55,-13
219000248,252,205,47
219000249,132,75,57
219000250,58,79,-21
219000251,312,129,183
219000252,151,93,58
219000253,137,37,100
219000255,74,61,13
219000256,61,73,-12
219000257,77,0,77
219000262,122,311,-189
219000263,86,268,-182
219000267,4,191,-187
219000268,1,9,-8
219000269,0,1,-1
219000270,7,0,7
219000271,47,5,42
219000278,0,14,-14
219000279,1,2,-1
219000283,0,11,-11
219000295,6,146,-140
219000296,34,617,-583
219000297,9,203,-194
219000298,19,323,-304
219000299,352,22,330
219000300,29,403,-374
219000301,172,369,-197
219000302,16,237,-221
219000307,33,87,-54
219000308,36,30,6
219000311,55,39,16
219000312,186,37,149
219000313,98,30,68
219000314,101,639,-538
219000315,72,34,38
219000316,128,15,113
219000317,42,8,34
219000320,0,64,-64
219000321,0,24,-24
219000323,7,87,-80
219000325,0,43,-43
219000326,73,174,-101
219000327,39,54,-15
219000328,31,43,-12
219000329,218,114,104
219000330,27,27,0
219000331,22,46,-24
219000332,72,65,7
219000333,2,5,-3
219000335,64,3,61
219000337,3,1,2
219000338,31,0,31
219000344,34,139,-105
219000345,105,161,-56
219000346,31,262,-231
219000348,43,197,-154
219000349,26,236,-210
219000350,27,81,-54
219000351,2,0,2
219000352,111,103,8
219000353,98,67,31
219000354,58,131,-73
219000355,93,39,54
219000356,1696,268,1428
219000363,210,26,184
219000364,104,17,87
219000365,88,11,77
219000366,216,80,136
219000368,371,292,79
219000370,974,190,784
219000371,34,9,25
219000382,4,21,-17
219000383,894,501,393
219000385,571,387,184
219000386,1013,1058,-45
219000387,2,4,-2
219000390,3,1,2
219000391,1,0,1
219000397,88,127,-39
219000398,47,31,16
219000401,7,72,-65
219000402,12,75,-63
219000403,42,161,-119
219000404,30,94,-64
219000407,3,26,-23
219000409,46,28,18
219000410,43,32,11
219000411,31,6,25
219000446,250,329,-79
219000447,1,22,-21
219000448,8,3,5
219000452,74,72,2
219000453,56,93,-37
219000454,258,148,110
219000556,81,40,41
219000558,50,248,-198
219000590,12,176,-164
219000591,30,52,-22
219000592,75,431,-356
219000595,1,25,-24
219000635,21,7,14
219000636,10,140,-130
219000657,18,38,-20
219000658,8,31,-23
219000673,0,11,-11
219000676,10,2,8
219000679,8,10,-2
219000684,22,2,20
219000685,19,117,-98
219000686,0,3,-3
219000688,1,104,-103
219000689,90,111,-21
219000690,245,17,228
219000691,77,94,-17
219000692,129,19,110
219000693,0,17,-17
219000694,7,0,7
219000695,10,0,10
219000698,9,0,9
219000699,0,15,-15
219000727,8,312,-304
219000728,40,5,35
219000770,12,0,12
219000771,2,16,-14
219000788,235,317,-82
219001150,0,3,-3
219001151,1,6,-5
219001166,42,5,37
219001167,1,58,-57
219001178,7,0,7
220000001,20,31,-11
220000002,11,128,-117
220000003,351,339,12
220000004,578,655,-77
220000005,1546,1171,375
220000006,97,834,-737
220000007,211,890,-679
220000008,177,1181,-1004
220000009,121,536,-415
220000010,117,108,9
220000011,509,1655,-1146
220000012,140,160,-20
220000014,56,79,-23
220000015,34,141,-107
220000017,23,363,-340
220000018,4689,650,4039
220000019,47,206,-159
220000020,140,190,-50
220000021,322,176,146
220000022,293,514,-221
220000023,101,200,-99
220000024,1247,258,989
220000025,399,333,66
220000026,188,136,52
220000027,11,69,-58
220000028,30,22,8
220000029,40,119,-79
220000030,67,83,-16
220000031,71,327,-256
220000064,19,738,-719
221000046,3,0,3
221000047,0,1,-1
221000048,0,0,0
221000049,0,22,-22
221000050,2,0,2
221000055,35,47,-12
221000057,30,3,27
221000068,286,43,243
221000069,162,51,111
221000070,74,13,61
221000071,51,4,47
221000072,72,18,54
221000073,83,45,38
221000074,1,25,-24
221000075,17,14,3
221000076,9,47,-38
221000077,44,65,-21
221000081,12,4,8
221000082,18,1,17
221000083,35,0,35
221000084,0,1,-1
221000085,9,41,-32
221000086,12,141,-129
221000087,11,188,-177
221000088,24,149,-125
221000089,19,185,-166
221000090,122,303,-181
221000098,76,12,64
221000099,85,13,72
221000100,54,3,51
221000101,242,11,231
221000102,68,12,56
221000109,6,85,-79
221000110,4,126,-122
221000111,17,138,-121
221000112,5,164,-159
221000113,19,185,-166
221000114,21,178,-157
221000120,5,13,-8
221000121,1,15,-14
221000122,6,13,-7
221000123,15,55,-40
221000124,26,217,-191
221000155,31,3,28
221000156,20,14,6
221000175,1,7,-6
221000176,0,16,-16
221000182,15,1,14
221000241,548,118,430
221000242,270,209,61
221000243,329,100,229
221000244,186,325,-139
221000245,48,131,-83
221000246,15,242,-227
221000247,35,147,-112
221000248,30,174,-144
221000267,33,600,-567
221000325,62,22,40
221000331,1,79,-78
221000338,1,8,-7
221000378,60,21,39
221000381,59,107,-48
222000282,1,0,1
222000296,0,10,-10
222000568,133,4,129
222000569,58,12,46
222000570,60,9,51
222000571,66,4,62
222000577,7,208,-201
222000578,9,190,-181
222000579,38,136,-98
222000580,81,659,-578
222000599,0,118,-118
222000600,1,257,-256
222000601,8,678,-670
222000603,9,15,-6
222000604,13,13,0
222000605,3,6,-3
222000606,0,5,-5
222000607,1,1,0
222000608,6,13,-7
222000609,17,459,-442
222000616,51,26,25
222000617,0,6,-6
222000618,1,0,1
222000620,15,3,12
222000621,32,13,19
222000623,251,1,250
222000624,133,1,132
222000625,178,26,152
222000636,24,1,23
222000686,8,3,5
222000687,32,18,14
222001066,92,4,88
222001067,2,1,1
222001068,7,18,-11
222001069,10,20,-10
222001082,3,27,-24
222001083,3,48,-45
222001084,0,50,-50
222001085,0,47,-47
222001111,8,289,-281
222001112,11,24,-13
222001313,13,4,9
222001314,2,70,-68
222001464,42,33,9
222001465,18,213,-195
222001484,39,31,8
222001485,7,82,-75
222001494,81,77,4
222001495,70,465,-395
222001496,97,49,48
222001497,94,706,-612
222001502,19,141,-122
222001503,30,29,1
222001504,13,229,-216
222001505,121,3,118
222001506,17,151,-134
222001507,140,13,127
222001510,113,22,91
222001511,19,388,-369
222001514,509,47,462
222001515,211,632,-421
222001518,84,28,56
222001519,19,372,-353
222001527,190,16,174
222001528,61,161,-100
222001529,51,28,23
222001530,18,207,-189
222001533,135,395,-260
222001534,72,45,27
222001535,59,67,-8
222001536,69,420,-351
222001537,110,11,99
222001538,40,429,-389
222001563,146,94,52
222001564,22,849,-827
222001568,82,69,13
222001576,0,0,0
222001579,0,1,-1
222001583,9,209,-200
222001584,38,33,5
222001596,398,1259,-861
222001597,553,184,369
222001626,3,151,-148
222001650,42,63,-21
222001651,66,74,-8
222001914,122,35,87
222001915,25,183,-158
222001968,394,117,277
222001969,468,812,-344
222001970,77,204,-127
222001971,5,14,-9
222001972,3,16,-13
225000001,312,96,216
225000002,197,57,140
225000003,155,54,101
225000004,88,182,-94
225000005,28,40,-12
225000006,0,109,-109
225000007,3196,872,2324
225000010,108,1,107
225000011,373,429,-56
225000012,66,193,-127
225000013,25,108,-83
225000014,298,68,230
225000015,85,227,-142
225000021,372,128,244
225000027,203,512,-309
225000032,547,101,446
225000042,49,567,-518
225000049,22,60,-38
225000050,30,15,15
225000053,2,114,-112
225000058,315,105,210
225000067,134,191,-57
225000068,99,602,-503
225000069,246,497,-251
225000070,48,538,-490
225000071,20,312,-292
225000075,34,640,-606
225000076,101,117,-16
225000078,23,30,-7
225000085,23,68,-45
225000086,60,16,44
225000087,129,14,115
225000088,15,149,-134
225000089,504,345,159
225000090,19,312,-293
225000091,28,195,-167
225000092,18,49,-31
225000093,148,429,-281
225000094,11,524,-513
225000095,252,609,-357
225000096,120,317,-197
225000098,203,64,139
225000099,110,59,51
225000100,99,64,35
225000104,32,490,-458
225000110,7,456,-449
225000111,169,1080,-911
225000112,189,923,-734
225000113,46,619,-573
225000114,31,304,-273
225000115,2859,400,2459
225000116,981,47,934
225000117,509,251,258
225000118,458,198,260
225000119,58,53,5
225000120,312,27,285
225000121,175,13,162
225000123,596,9,587
225000125,131,256,-125
225000126,877,168,709
225000127,1042,385,657
225000128,252,218,34
225000132,135,14,121
225000133,140,11,129
225000134,348,54,294
225000135,39,11,28
225000136,93,11,82
225000137,38,44,-6
225000138,207,19,188
225000143,78,189,-111
225000144,0,323,-323
225000145,29,45,-16
225000146,45,122,-77
225000147,8,366,-358
225000148,6,204,-198
225000149,56,402,-346
225000151,40,280,-240
225000155,174,248,-74
225000156,91,443,-352
225000157,106,351,-245
225000158,45,318,-273
225000171,3,199,-196
225000180,19,13,6
225000181,0,49,-49
225000182,41,5,36
225000185,10,298,-288
225000187,31,421,-390
225000191,33,0,33
225000194,0,16,-16
225000208,3,75,-72
225000209,22,15,7
225000210,7,137,-130
225000217,1,16,-15
225000218,2,1,1
225000223,0,51,-51
225000224,81,1,80
225000225,0,17,-17
225000226,27,0,27
225000227,31,52,-21
225000228,4,1,3
225000229,0,89,-89
225000230,3,0,3
225000231,0,123,-123
225000232,20,0,20
225000241,49,0,49
225000242,2,64,-62
225000249,2,0,2
225000250,35,896,-861
225000251,170,14,156
226000042,392,370,22
226000043,56,226,-170
226000044,146,688,-542
226000045,90,451,-361
226000046,256,24,232
226000047,212,51,161
226000048,173,40,133
226000049,124,75,49
226000070,0,36,-36
226000071,0,51,-51
226000072,0,6,-6
226000073,0,2,-2
226000074,0,10,-10
226000084,3,37,-34
226000085,1,7,-6
226000086,16,3,13
226000087,0,16,-16
226000088,4,6,-2
226000090,49,23,26
226000091,13,6,7
226000092,1,1,0
226000093,21,0,21
226000094,19,3,16
226000095,9,3,6
226000105,1,1,0
226000106,3,0,3
226000107,3,1,2
226000108,11,0,11
226000109,17,0,17
226000124,77,36,41
226000134,215,291,-76
226000135,617,381,236
226000136,123,197,-74
226000137,4,421,-417
226000138,15,329,-314
226000139,1,19,-18
226000156,45,2,43
226000157,88,6,82
226000163,51,261,-210
226000202,10,334,-324
226000231,112,6,106
226000232,13,3,10
227000037,67,10,57
227000038,110,15,95
227000049,0,18,-18
227000050,2,53,-51
227000055,10,0,10
227000056,6,0,6
227000084,0,27,-27
227000085,0,23,-23
227000088,21,1,20
227000089,35,1,34
227000090,14,0,14
227000091,4,0,4
227000093,16,0,16
227000094,1,1,0
227000130,18,46,-28
227000131,6,271,-265
227000132,25,300,-275
227000133,13,285,-272
227000134,13,398,-385
227000152,0,3,-3
227000153,0,40,-40
227000155,1,9,-8
227000156,1,6,-5
227000165,1,21,-20
227000196,30,369,-339
227000199,110,18,92
227000230,33,267,-234
227000232,157,23,134
227000241,176,10,166
227000242,58,451,-393
227000243,327,33,294
227000244,177,26,151
227000245,19,243,-224
227000246,45,420,-375
227000247,163,46,117
227000248,81,18,63
227000249,17,332,-315
227000251,170,403,-233
227000252,9,327,-318
227000253,56,22,34
227000262,199,16,183
227000266,245,5,240
227000267,69,1268,-1199
227000486,309,100,209
227000655,71,5,66
227000661,114,1,113
227000680,62,16,46
229000265,6,32,-26
229000296,1,8,-7
229000297,7,47,-40
229000298,2,104,-102
229000320,2,2,0
229000321,8,1,7
229000412,28,24,4
229000414,4,37,-33
229000415,3,0,3
229000416,0,5,-5
229000417,2,15,-13
229000419,61,132,-71
229000440,103,46,57
229000442,1,2,-1
229000443,3,3,0
229000444,0,16,-16
229000445,3,2,1
229000446,23,7,16
229000847,9,2,7
229000848,9,1,8
229000849,65,0,65
229000851,8,0,8
229000854,0,55,-55
229000856,3,149,-146
229000857,0,59,-59
229000858,0,179,-179
229000919,1,88,-87
229000930,8,199,-191
229000937,62,15,47
229000966,28,35,-7
229000981,29,81,-52
229000985,4,12,-8
229000986,0,0,0
229000987,0,0,0
229000988,1,3,-2
229000989,0,2,-2
229000990,0,0,0
229000991,0,0,0
229000992,5,4,1
229000993,71,10,61
229000998,23,39,-16
229000999,28,7,21
229001034,0,4,-4
229001035,2,1,1
229001037,40,15,25
229001042,16,12,4
229001047,0,44,-44
229001050,25,33,-8
229001200,1,2,-1
229001338,6,13,-7
229001394,214,1,213
229001422,91,19,72
229001423,27,148,-121
229001431,47,36,11
229001432,55,105,-50
229001444,48,21,27
229001445,11,98,-87
229001503,96,90,6
229001504,49,177,-128
229001505,56,51,5
229001506,64,199,-135
229001509,34,20,14
229001545,52,2,50
229001546,6,104,-98
229001553,44,9,35
229001554,11,95,-84
229001559,0,14,-14
229001560,0,4,-4
229001630,29,11,18
229001631,5,35,-30
229001635,0,2,-2
229001636,0,0,0
229001658,4,50,-46
229001659,97,2,95
229001660,1,0,1
229001661,0,28,-28
229001662,43,0,43
229001663,0,30,-30
229002584,114,89,25
229002831,107,35,72
229002841,3,24,-21
229002842,0,6,-6
229002843,6,12,-6
229002844,5,41,-36
229002845,4,27,-23
229002846,8,9,-1
229002847,4,5,-1
229002848,0,1,-1
229002849,0,51,-51
229002850,0,0,0
229002851,35,71,-36
229002852,25,22,3
229002853,36,13,23
229002854,13,28,-15
229002855,1,36,-35
229002856,9,6,3
229002857,0,18,-18
229002858,4,2,2
229002859,14,6,8
229002860,9,8,1
229002861,1,16,-15
229002862,2,33,-31
229002863,4,18,-14
229002864,1,12,-11
229002865,0,3,-3
229002866,1,8,-7
229002867,6,9,-3
229002868,0,8,-8
229002869,11,73,-62
229002870,4,3,1
235000066,278,49,229
235000067,95,74,21
235000072,11,22,-11
235000073,52,141,-89
235000074,14,96,-82
235000080,5,46,-41
235000081,42,125,-83
235000082,75,52,23
235000083,65,62,3
235000084,7,22,-15
235000085,30,85,-55
235000089,7,19,-12
235000092,2,89,-87
235000093,2,4,-2
235000097,14,1,13
235000098,29,9,20
235000099,17,15,2
235000116,24,15,9
235000117,589,1,588
235000133,6,149,-143
235000134,1,55,-54
235000206,2,1,1
235000207,0,6,-6
235000208,0,0,0
235000209,1,3,-2
235000210,5,0,5
235000212,4,16,-12
235000213,1,7,-6
235000220,0,1,-1
235000221,10,9,1
235000238,5,7,-2
235000239,0,3,-3
235000242,122,118,4
235000245,803,182,621
235000246,9,45,-36
235000284,2,100,-98
235000295,49,3,46
235000305,47,2,45
235000306,21,1,20
235000307,1,0,1
235000308,32,0,32
235000309,15,0,15
235000310,0,0,0
235000311,10,4,6
235000322,0,20,-20
235000323,1,37,-36
235000324,0,8,-8
235000325,0,26,-26
235000326,5,266,-261
235000351,0,76,-76
235000352,21,25,-4
235000353,2,20,-18
235000354,4,29,-25
235000355,3,49,-46
235000356,2,8,-6
235000357,11,6,5
235000358,5,8,-3
235000359,0,3,-3
235000360,20,4,16
235000361,15,1,14
235000381,25,278,-253
235000382,93,37,56
235000390,27,3,24
235000391,39,16,23
235000392,29,64,-35
235000393,42,66,-24
235000395,18,23,-5
235000396,93,43,50
235000400,50,95,-45
235000401,33,132,-99
235000405,93,366,-273
235000406,16,244,-228
235000407,34,95,-61
235000409,165,155,10
235000410,28,198,-170
235000411,3,75,-72
235000485,0,3,-3
235000486,4,0,4
235000549,19,34,-15
235000550,16,153,-137
235000599,13,45,-32
235000600,6,10,-4
235000601,7,13,-6
235000602,16,93,-77
235000614,1,0,1
235000648,0,22,-22
235000649,10,2,8
235000685,0,6,-6
235000815,1,15,-14
235000834,0,5,-5
235000855,28,27,1
235000862,7,183,-176
235000891,0,11,-11
235000892,3,1,2
235000901,31,67,-36
235000907,2,3,-1
235001010,9,29,-20
235001029,394,297,97
235001030,208,79,129
235001078,50,47,3
235001079,61,115,-54
235001147,42,42,0
235001166,4,53,-49
235001167,2,31,-29
235001169,13,248,-235
235001188,0,7,-7
235001189,0,0,0
235001197,2,13,-11
235001200,25,10,15
235001207,105,63,42
235001210,32,201,-169
235001215,38,192,-154
235001239,0,43,-43
235001244,0,3,-3
235016267,0,6,-6
277102712,0,0,0
277103813,0,0,0
277104249,0,7,-7
277104250,0,5,-5
277104251,0,12,-12
277104252,0,1,-1
990011530,1,209,-208
990014944,1,415,-414
990015176,11,2,9
990016032,1,265,-264
990032570,1,28,-27
990070001,12,1,11
990070103,0,9,-9
990070601,0,18,-18
990070751,86,1,85
990070766,1,828,-827
990071180,168,136,32
990071343,21,1,20
990071387,0,8,-8
990071823,10,1,9
990072600,1,499,-498
990072964,2,564,-562
990073285,0,2,-2
990074393,4,1035,-1031
990074870,166,4,162
990075106,109,1,108
990075746,87,1,86
990076437,194,3,191
990076458,2,1230,-1228
997000007,51,4,47
997000041,0,120,-120
997000058,7,0,7
997000062,3,0,3
997000069,0,1,-1
997000070,0,42,-42
997000100,1,0,1
997000141,4,205,-201
997000198,185,165,20
998000475,0,8,-8
998000736,0,300,-300
998000965,0,1,-1
998001031,0,48,-48
998001700,0,18,-18
998001899,0,0,0
998001900,0,0,0
998003073,111,1,110
998101900,0,0,0
998102850,0,76,-76
998501927,334,316,18
998501929,52,4,48
998501930,53,0,53
998501931,36,2,34
998501932,1,1,0
998501933,18,2,16
998501937,5,0,5
998501944,0,0,0
998501950,0,5,-5
998501970,8,3,5
998501971,0,44,-44
998501973,0,66,-66
998501974,0,242,-242
998501975,87,1,86
998501976,27,0,27
998501977,0,37,-37
998501978,7,1,6
998501979,1,8,-7
998501980,61,5,56
998501981,14,2,12
998501982,0,68,-68
998501983,0,1,-1
998502006,0,0,0
998502032,0,2,-2
998502062,10,3,7
998502063,0,0,0
998502173,37,0,37
998502269,0,1,-1
998502546,0,83,-83
998502578,1,0,1
998502599,33,159,-126
998502621,0,0,0
998601159,0,301,-301
998601292,0,9,-9
999033574,1,659,-658
999800001,13,2,11
999800002,0,13,-13
999800003,0,0,0
999800004,0,4,-4
999800005,0,4,-4
