ID,insum,outsum,diff
100000001,447,478,-31
100000002,2551,1993,558
100000003,2948,3185,-237
100000004,415,731,-316
100000005,1729,3192,-1463
100000006,435,222,213
100000007,1540,606,934
100000008,241,328,-87
100000009,570,202,368
100000010,43,99,-56
100000011,553,216,337
100000012,69,1382,-1313
100000013,43,383,-340
100000014,429,274,155
100000015,997,1600,-603
100000016,502,946,-444
100000017,485,538,-53
100000018,785,397,388
100000019,2174,1684,490
100000020,958,3923,-2965
100000021,3474,1805,1669
100000022,621,1992,-1371
100000023,2822,1046,1776
100000025,467,1036,-569
100000028,601,729,-128
100000029,67,278,-211
100000030,79,42,37
100000031,1202,3802,-2600
100000032,1161,2882,-1721
100000033,786,2020,-1234
100000034,125,652,-527
100000035,763,1219,-456
100000036,806,1100,-294
100000037,531,308,223
100000038,1749,797,952
100000039,327,169,158
100000040,146,120,26
100000041,1041,376,665
100000042,665,370,295
100000043,546,531,15
100000044,179,602,-423
100000045,255,574,-319
100000046,464,465,-1
100000047,153,286,-133
100000048,271,350,-79
100000049,967,925,42
100000051,398,581,-183
100000053,119,8,111
100000054,293,23,270
100000055,564,301,263
100000056,398,427,-29
100000057,1376,437,939
100000058,610,733,-123
100000059,10,182,-172
100000060,384,216,168
100000061,1907,315,1592
100000062,1338,360,978
100000063,614,227,387
100000064,954,232,722
100000065,227,531,-304
100000066,107,365,-258
100000067,206,449,-243
100000068,326,874,-548
100000069,241,771,-530
100000072,232,487,-255
100000073,691,674,17
100000075,605,219,386
100000076,1122,2443,-1321
100000077,101,286,-185
100000078,6,28,-22
100000079,20,34,-14
100000080,5,44,-39
100000081,54,179,-125
100000102,1962,2775,-813
100000103,1360,1050,310
100000104,1824,2049,-225
100000105,1256,1358,-102
100000106,1329,2064,-735
100000107,193,919,-726
100000108,363,502,-139
100000109,1006,913,93
100000116,585,599,-14
100000117,36,108,-72
100000118,518,1097,-579
100000119,401,637,-236
100000121,182,289,-107
100000122,1153,821,332
100000123,1155,2201,-1046
100000124,2567,3423,-856
100000125,2314,1121,1193
100000126,487,354,133
100000127,859,326,533
100000128,1336,1547,-211
100000129,278,395,-117
100000130,323,243,80
100000131,995,1605,-610
100000132,519,1496,-977
100000133,1949,1295,654
100000135,438,951,-513
100000139,215,458,-243
100000140,155,220,-65
100000142,387,418,-31
100000143,878,315,563
100000144,1720,549,1171
100000147,895,2548,-1653
100000150,48,321,-273
100000151,493,1266,-773
100000153,182,319,-137
100000154,27,227,-200
100000155,11,35,-24
100000156,221,322,-101
100000157,217,121,96
100000158,192,133,59
100000159,217,445,-228
100000165,622,526,96
100000169,84,932,-848
100000174,249,815,-566
100000179,86,368,-282
100000180,555,979,-424
100000181,286,231,55
100000188,45,127,-82
100000189,730,276,454
100000190,424,949,-525
100000191,579,519,60
100000192,32,68,-36
100000193,215,191,24
100000330,606,703,-97
100000355,107,524,-417
100000362,2505,1484,1021
100000363,3719,3751,-32
100000364,98,242,-144
100000365,3937,6754,-2817
100000366,2535,1886,649
100000367,3202,5300,-2098
100000368,2134,788,1346
100000369,493,1764,-1271
100000370,76,673,-597
100000376,82,119,-37
100000379,1267,1099,168
100000380,3243,3685,-442
100000384,3412,4727,-1315
100000385,1816,2972,-1156
100000386,3381,4178,-797
100000387,2335,4218,-1883
100000388,2692,4259,-1567
100000389,2884,4244,-1360
100000390,3639,4645,-1006
100000391,2614,5828,-3214
100000392,1691,3234,-1543
100000393,1363,3948,-2585
100000394,3743,6404,-2661
100000395,2549,4179,-1630
100000396,3892,2964,928
100000397,2478,5984,-3506
100000398,6051,5063,988
100000413,7,1,6
100000414,159,336,-177
100900002,11,10,1
100900003,258,145,113
100900004,10,526,-516
100900005,51,19,32
100900006,6,41,-35
100900007,148,2,146
100900008,1,220,-219
100900009,21,136,-115
100900010,55,25,30
100900011,97,136,-39
100900012,0,130,-130
100900013,598,11,587
100900014,3,2,1
100900015,59,49,10
100900016,1,20,-19
100900017,645,40,605
100900018,1,12,-11
100900019,12,60,-48
100900020,312,10,302
100900021,300,2,298
100900022,7,22,-15
100900023,0,11,-11
100900024,203,1,202
100900025,1,8,-7
100900026,60,58,2
100900027,300,1634,-1334
100900028,117,156,-39
100900029,25,4,21
100900030,11,70,-59
100900031,487,25,462
100900032,217,0,217
100900033,156,129,27
100900034,600,2,598
100900035,126,0,126
100900036,5,0,5
100900037,130,73,57
100900038,102,53,49
100900039,178,278,-100
100900040,338,289,49
100900041,467,388,79
100900042,1215,977,238
100900043,0,10,-10
100900044,648,234,414
100900045,29,1,28
100900046,674,14,660
100900047,217,81,136
100900048,109,54,55
100900049,39,107,-68
100900050,0,0,0
100900051,19,56,-37
100900052,209,17,192
100900053,373,35,338
100900054,6,18,-12
100900055,95,500,-405
100900056,36,86,-50
100900057,865,890,-25
100900058,185,41,144
100900059,63,1,62
100900060,159,2,157
100900061,216,108,108
100900062,1,5,-4
100900063,163,478,-315
100900064,451,20,431
100900065,45,81,-36
100900066,126,176,-50
100900067,0,5,-5
100900068,70,59,11
100900069,462,7,455
100900070,339,7,332
100900071,404,110,294
100900072,0,16,-16
100900073,86,186,-100
100900074,0,2,-2
100900075,1024,190,834
100900076,4,30,-26
100900077,23,29,-6
100900078,39,185,-146
100900079,6,12,-6
100900080,35,46,-11
100900081,24,109,-85
100900082,161,299,-138
100900083,14,9,5
100900085,29,294,-265
100900086,87,416,-329
100900088,96,235,-139
100900089,6,3,3
100900090,58,266,-208
100900091,3,12,-9
100900092,116,151,-35
100900093,168,143,25
100900094,124,202,-78
100900095,4,12,-8
100900096,30,75,-45
100900097,3,2,1
100900098,5,8,-3
100900099,16,262,-246
100900100,3,263,-260
100900101,148,21,127
100900102,11,53,-42
100900103,1,3,-2
100900104,2,109,-107
100900105,9,344,-335
100900106,28,0,28
100900107,918,457,461
100900108,9,32,-23
100900109,5,16,-11
100900110,0,4,-4
100900111,20,120,-100
100900112,3,4,-1
100900113,4,19,-15
100900114,4,20,-16
100900115,9,13,-4
100900116,448,335,113
100900117,158,671,-513
100900118,30,33,-3
100900119,5,6,-1
100900120,13,2,11
100900121,167,304,-137
100900122,102,76,26
100900123,43,100,-57
100900124,0,6,-6
100900125,7,46,-39
100900126,139,123,16
100900127,3,4,-1
100900128,61,110,-49
100900129,0,143,-143
100900131,18,133,-115
100900133,32,21,11
100900134,0,13,-13
100900135,0,120,-120
100900137,252,112,140
100900138,251,331,-80
100900139,2,3,-1
100900140,2,237,-235
100900141,1,382,-381
100900142,0,5,-5
100900143,344,289,55
100900144,2,2,0
100900145,97,164,-67
100900147,7,291,-284
100900148,37,279,-242
100900149,38,95,-57
100900151,71,267,-196
100900152,45,7,38
100900153,1,84,-83
100900154,306,169,137
100900155,2,4,-2
100900156,11,0,11
100900157,3,136,-133
100900159,0,26,-26
100900160,11,0,11
100900161,18,4,14
100900162,5,199,-194
100900163,113,80,33
100900164,24,20,4
100900165,3,6,-3
100900166,10,4,6
100900167,11,38,-27
100900168,19,89,-70
100900169,60,548,-488
100900170,19,1,18
100900171,7,320,-313
100900172,0,25,-25
100900173,8,138,-130
100900174,65,18,47
100900176,1088,117,971
100900177,423,170,253
100900178,175,142,33
100900179,171,238,-67
100900180,6,5,1
100900181,47,43,4
100900182,15,27,-12
100900184,8,58,-50
100900186,398,286,112
100900187,4,52,-48
100900188,54,23,31
100900189,999,171,828
100900191,552,814,-262
100900192,134,247,-113
100900195,82,92,-10
100900197,2,8,-6
100900198,20,104,-84
100900199,2,0,2
100900200,460,267,193
100900201,44,399,-355
100900202,33,0,33
100900203,3,254,-251
100900204,66,417,-351
100900205,111,410,-299
100900206,142,40,102
100900207,190,110,80
100900210,43,220,-177
100900211,318,114,204
100900213,108,22,86
100900214,323,112,211
100900215,13,25,-12
100900217,69,81,-12
101000001,1568,1477,91
101000002,4194,4455,-261
101000003,267,619,-352
101000004,4175,4239,-64
101000005,2425,3037,-612
101000006,3539,4516,-977
101000007,1828,2434,-606
101000009,1630,594,1036
101000010,636,463,173
101000011,712,223,489
101000012,635,476,159
101000013,429,675,-246
101000014,244,313,-69
101000015,996,595,401
101000016,241,265,-24
101000017,326,231,95
101000018,1508,1551,-43
101000020,1444,603,841
101000021,537,251,286
101000022,77,85,-8
101000023,834,477,357
101000025,231,297,-66
101000026,221,29,192
101000027,1377,2309,-932
101000028,616,198,418
101000029,107,1254,-1147
101000030,887,119,768
101000031,275,684,-409
101000032,3076,3729,-653
101000033,1478,2628,-1150
101000034,996,1218,-222
101000035,418,128,290
101000036,1034,825,209
101000037,1440,1431,9
101000039,1089,1903,-814
101000040,1916,3450,-1534
101000041,3111,6142,-3031
101000042,176,806,-630
101000043,2994,5669,-2675
101000045,595,848,-253
101000046,1346,1562,-216
101000047,903,3202,-2299
101000048,395,326,69
101000049,366,1438,-1072
101000050,695,1177,-482
101000051,719,1865,-1146
101000052,964,825,139
101000053,534,821,-287
101000054,948,456,492
101000055,789,917,-128
101000056,22,78,-56
101000057,965,968,-3
101000058,566,884,-318
101000059,1387,1598,-211
101000060,1305,509,796
101000061,466,1054,-588
101000062,328,631,-303
101000063,353,840,-487
101000064,637,920,-283
101000065,213,406,-193
101000066,552,889,-337
101000067,816,844,-28
101000068,169,415,-246
101000069,171,47,124
101000070,571,761,-190
101000071,1331,707,624
101000072,372,1975,-1603
101000073,508,822,-314
101000074,2292,2686,-394
101000075,1948,3657,-1709
101000077,1007,826,181
101000078,479,1018,-539
101000079,1240,526,714
101000080,912,633,279
101000081,1263,1288,-25
101000082,1700,1819,-119
101000083,1781,1812,-31
101000084,823,560,263
101000085,925,825,100
101000086,713,857,-144
101000087,622,622,0
101000088,814,885,-71
101000089,712,1183,-471
101000090,1237,726,511
101000091,298,390,-92
101000092,1000,501,499
101000093,999,467,532
101000094,699,627,72
101000095,450,324,126
101000096,314,263,51
101000097,268,297,-29
101000098,236,373,-137
101000099,453,709,-256
101000100,567,670,-103
101000101,134,218,-84
101000102,505,400,105
101000103,430,414,16
101000104,263,467,-204
101000105,217,491,-274
101000106,326,808,-482
101000107,198,318,-120
101000108,395,120,275
101000109,369,52,317
101000110,32,206,-174
101000111,44,117,-73
101000113,145,413,-268
101000114,3912,6670,-2758
101000115,45,31,14
101000116,34,43,-9
101000117,1138,91,1047
101000119,27,44,-17
101000120,91,33,58
101000121,45,45,0
101000122,76,88,-12
101000123,44,85,-41
101000124,966,268,698
101000125,108,264,-156
101000128,156,458,-302
101000130,95,204,-109
101000131,690,281,409
101000132,535,446,89
101000135,20,34,-14
101000136,239,130,109
101000137,12,266,-254
101000141,593,2882,-2289
101000147,660,312,348
101000148,515,8,507
101000149,186,268,-82
101000150,76,301,-225
101000151,174,47,127
101000152,192,166,26
101000153,287,162,125
101000154,221,457,-236
101000155,299,104,195
101000156,17,240,-223
101000157,35,15,20
101000160,21,13,8
101000163,115,340,-225
101000164,240,192,48
101000165,149,247,-98
101000166,170,160,10
101000168,584,325,259
101000252,1749,748,1001
101000254,100,101,-1
101000258,54,11,43
101000261,145,59,86
101000262,1066,2106,-1040
101000263,159,682,-523
101000265,71,495,-424
101000266,199,210,-11
101000269,13,11,2
101000290,474,1539,-1065
101000293,33,17,16
101000294,395,283,112
101000295,131,231,-100
101000301,318,434,-116
101000304,1523,1711,-188
101000305,2064,840,1224
101000328,93,285,-192
101900001,2,44,-42
101900002,0,8,-8
101900003,42,42,0
101900004,2,66,-64
101900005,1599,1874,-275
101900006,845,310,535
101900007,460,117,343
101900008,38,183,-145
101900009,33,250,-217
101900010,452,490,-38
101900011,116,506,-390
101900012,162,56,106
101900013,339,151,188
101900017,9,99,-90
101900018,620,201,419
101900019,163,99,64
101900020,11,14,-3
101900021,0,24,-24
101900022,81,528,-447
101900023,98,97,1
101900026,87,40,47
101900027,36,75,-39
102000001,2135,3189,-1054
102000002,1543,686,857
102000003,1898,4995,-3097
102000004,2592,1758,834
102000005,724,1794,-1070
102000006,552,1185,-633
102000007,1080,3616,-2536
102000008,2271,1003,1268
102000009,4421,5891,-1470
102000010,2877,1824,1053
102000011,2494,2079,415
102000012,2103,1735,368
102000018,1747,1876,-129
102000019,1441,1112,329
102000026,98,312,-214
102000029,177,135,42
102000030,85,194,-109
102000031,64,86,-22
102000032,337,200,137
102000033,226,195,31
102000034,288,261,27
102000035,553,375,178
102000036,13,168,-155
102000037,106,28,78
102000038,129,224,-95
102000039,138,66,72
102000040,218,134,84
102000041,82,306,-224
102000042,113,294,-181
102000043,137,151,-14
102000044,218,270,-52
102000045,481,496,-15
102000046,722,453,269
102000047,490,568,-78
102000048,242,568,-326
102000049,657,530,127
102000050,616,736,-120
102000051,248,464,-216
102000052,764,402,362
102000053,620,712,-92
102000054,625,804,-179
102000055,922,311,611
102000056,709,475,234
102000057,972,302,670
102000058,718,678,40
102000059,927,832,95
102000060,680,570,110
102000061,1275,967,308
102000062,1342,618,724
102000063,713,805,-92
102000064,374,411,-37
102000065,50,163,-113
102000066,606,559,47
102000067,1603,1748,-145
102000068,6355,1786,4569
102000069,73,1971,-1898
102000070,1015,42,973
102000071,5031,5993,-962
102000072,1755,2453,-698
102000073,358,467,-109
102000074,376,625,-249
102000075,82,198,-116
102000076,154,159,-5
102000077,512,432,80
102000078,665,350,315
102000079,128,135,-7
102000080,171,155,16
102000081,209,547,-338
102000082,441,271,170
102000083,444,114,330
102000084,272,167,105
102000085,1112,529,583
102000086,751,469,282
102000087,537,748,-211
102000088,224,154,70
102000089,991,234,757
102000090,241,738,-497
102000091,892,362,530
102000092,199,398,-199
102000093,459,521,-62
102000094,519,455,64
102000095,644,734,-90
102000096,259,500,-241
102000097,350,418,-68
102000098,349,453,-104
102000099,471,642,-171
102000100,273,997,-724
102000101,406,597,-191
102000102,242,775,-533
102000103,868,247,621
102000104,366,209,157
102000105,209,276,-67
102000106,593,316,277
102000107,1155,266,889
102000108,513,142,371
102000109,445,314,131
102000110,952,551,401
102000111,14,187,-173
102000112,169,79,90
102000113,6,13,-7
102000114,500,224,276
102000115,140,235,-95
102000116,223,280,-57
102000117,97,346,-249
102000118,583,938,-355
102000119,932,684,248
102000120,120,322,-202
102000121,733,326,407
102000122,443,665,-222
102000123,694,664,30
102000124,750,698,52
102000125,528,573,-45
102000126,452,449,3
102000127,878,418,460
102000128,584,511,73
102000129,1021,414,607
102000130,597,489,108
102000131,895,373,522
102000132,314,476,-162
102000133,1790,1024,766
102000134,607,526,81
102000135,441,547,-106
102000136,532,376,156
102000137,363,475,-112
102000138,119,232,-113
102000139,38,292,-254
102000140,100,414,-314
102000141,117,191,-74
102000142,195,136,59
102000143,141,148,-7
102000144,259,157,102
102000145,330,228,102
102000146,290,159,131
102000147,384,271,113
102000148,135,328,-193
102000149,122,176,-54
102000150,380,71,309
102000151,72,102,-30
102000152,179,80,99
102000153,720,398,322
102000154,172,449,-277
102000155,47,270,-223
102000156,184,119,65
102000157,70,355,-285
102000158,272,321,-49
102000159,518,511,7
102000161,1377,1373,4
102000162,99,85,14
102000163,99,416,-317
102000164,491,694,-203
102000165,240,110,130
102000166,95,154,-59
102000167,144,121,23
102000168,205,146,59
102000169,71,327,-256
102000170,255,99,156
102000171,71,109,-38
102000172,58,237,-179
102000173,306,188,118
102000174,46,35,11
102000175,100,59,41
102000176,34,21,13
102000178,192,215,-23
102000179,299,131,168
102000180,731,272,459
102000181,707,352,355
102000182,446,334,112
102000183,1325,963,362
102000184,1411,435,976
102000185,2294,729,1565
102000186,1053,892,161
102000187,584,697,-113
102000188,829,825,4
102000189,1191,397,794
102000190,331,1689,-1358
102000191,890,301,589
102000192,907,1067,-160
102000193,39,64,-25
102000194,24,91,-67
102000195,252,224,28
102000196,141,184,-43
102000197,585,159,426
102000198,143,325,-182
102000199,861,149,712
102000200,186,436,-250
102000201,875,240,635
102000202,13,52,-39
102000203,415,132,283
102000204,435,291,144
102000205,926,224,702
102000206,475,260,215
102000207,415,291,124
102000208,253,225,28
102000209,40,33,7
102000210,477,204,273
102000211,227,85,142
102000212,267,8,259
102000213,3,122,-119
102000214,283,9,274
102000215,1,158,-157
102000216,80,57,23
102000217,6,45,-39
102000218,241,187,54
102000219,167,155,12
102000225,383,323,60
102000226,498,568,-70
102000227,123,0,123
102000228,0,42,-42
102000229,36,28,8
102000230,185,254,-69
102000231,197,183,14
102000232,15,96,-81
102000233,281,346,-65
102000234,75,749,-674
102000236,123,42,81
102000237,287,78,209
102000238,91,153,-62
102000240,364,444,-80
102000241,70,71,-1
102000243,7,39,-32
102000245,11,89,-78
102000246,7,33,-26
102000247,347,412,-65
102000248,278,686,-408
102000249,111,92,19
102000250,41,212,-171
102000254,133,109,24
102000266,25,219,-194
102000271,15,2,13
102000286,268,221,47
102000297,1238,622,616
102000307,0,8,-8
102000316,190,94,96
102900001,683,413,270
102900002,270,34,236
102900003,64,125,-61
102900005,321,155,166
102900006,338,46,292
102900007,386,23,363
102900008,202,21,181
102900009,304,138,166
102900010,192,605,-413
102900011,913,199,714
102900012,297,52,245
102900013,37,36,1
102900015,378,398,-20
102900016,25,49,-24
102900017,127,217,-90
102900018,31,65,-34
102900019,277,190,87
102900020,132,21,111
102900021,28,61,-33
102900022,379,141,238
102900023,18,39,-21
102900024,41,35,6
102900025,110,53,57
102900026,211,1387,-1176
102900027,66,36,30
102900028,112,517,-405
102900029,103,181,-78
102900030,347,185,162
102900031,181,81,100
102900032,71,36,35
102900033,48,92,-44
102900034,373,41,332
102900035,126,170,-44
102900036,246,212,34
102900037,259,191,68
102900038,327,206,121
102900039,5,323,-318
102900040,112,128,-16
102900041,54,89,-35
102900042,154,178,-24
102900043,122,191,-69
102900044,285,996,-711
102900045,100,271,-171
102900046,115,116,-1
102900047,74,286,-212
102900048,371,300,71
102900049,69,177,-108
102900050,158,218,-60
102900051,124,109,15
102900053,244,280,-36
102900054,265,709,-444
102900055,56,145,-89
102900056,102,232,-130
102900057,6,37,-31
102900058,255,46,209
102900059,11,42,-31
102900060,75,261,-186
102900061,115,226,-111
102900062,192,398,-206
102900063,1016,216,800
102900064,75,223,-148
102900065,610,177,433
102900066,278,12,266
102900068,62,55,7
102900070,152,282,-130
102900072,7,46,-39
102900073,79,4,75
102900075,28,47,-19
102900076,66,65,1
102900077,20,20,0
102900078,11,37,-26
102900079,124,4,120
102900080,294,18,276
102900081,47,179,-132
102900082,10,134,-124
102900083,110,9,101
102900084,0,21,-21
102900085,191,94,97
102900086,13,79,-66
102900087,120,66,54
102900088,22,13,9
102900089,159,86,73
102900090,3,119,-116
102900091,113,5,108
102900092,269,385,-116
102900094,0,109,-109
102900095,80,0,80
102900096,68,13,55
102900097,1,45,-44
103000001,1541,1562,-21
103000002,1347,1607,-260
103000003,1883,1681,202
103000004,641,475,166
103000005,1191,2326,-1135
103000006,532,1100,-568
103000007,250,333,-83
103000008,672,372,300
103000009,1058,611,447
103000010,183,74,109
103000011,1077,712,365
103000012,952,1032,-80
103000013,1916,1139,777
103000014,792,1783,-991
103000015,978,424,554
103000016,399,1045,-646
103000017,196,304,-108
103000018,380,191,189
103000019,211,217,-6
103000020,1629,995,634
103000021,1385,1590,-205
103000022,454,671,-217
103000023,501,1351,-850
103000024,50,83,-33
103000025,78,515,-437
103000026,447,110,337
103000027,196,377,-181
103000028,181,188,-7
103000029,145,176,-31
103000030,831,690,141
103000031,618,1251,-633
103000032,1294,992,302
103000033,1951,1856,95
103000034,866,600,266
103000035,249,935,-686
103000036,252,286,-34
103000037,362,359,3
103000038,356,671,-315
103000039,420,227,193
103000040,336,472,-136
103000041,1189,956,233
103000042,1051,257,794
103000043,508,502,6
103000044,214,96,118
103000046,358,268,90
103000047,429,298,131
103000048,155,125,30
103000049,75,73,2
103000050,477,232,245
103000051,439,276,163
103000052,490,156,334
103000053,147,285,-138
103000054,1950,884,1066
103000055,1409,1401,8
103000056,576,733,-157
103000057,610,148,462
103000058,447,445,2
103000059,408,464,-56
103000060,544,275,269
103000061,306,621,-315
103000062,761,342,419
103000063,607,658,-51
103000064,124,96,28
103000065,2,223,-221
103000066,187,13,174
103000069,304,165,139
103000070,703,384,319
103000071,890,301,589
103000072,99,312,-213
103000073,644,85,559
103000074,487,79,408
103000075,67,323,-256
103000076,199,297,-98
103000077,17,166,-149
103000078,501,526,-25
103000079,340,426,-86
103000080,414,238,176
103000081,248,794,-546
103000082,261,158,103
103000083,69,195,-126
103000084,91,5,86
103000085,4,97,-93
103000086,284,265,19
103000087,54,405,-351
103000088,150,218,-68
103000089,203,335,-132
103000090,1832,691,1141
103000091,454,382,72
103000092,186,186,0
103000093,258,322,-64
103000094,146,61,85
103000095,70,307,-237
103000096,424,59,365
103000097,59,586,-527
103000098,443,137,306
103000099,161,515,-354
103000100,95,418,-323
103000101,634,95,539
103000102,70,299,-229
103000103,489,123,366
103000104,35,83,-48
103000105,132,80,52
103000106,10,56,-46
103000107,124,49,75
103000108,754,556,198
103000109,279,294,-15
103000110,322,356,-34
103000111,220,300,-80
103000112,174,135,39
103000113,344,493,-149
103000114,1020,324,696
103000115,449,333,116
103000116,515,293,222
103000117,303,242,61
103000118,302,299,3
103000119,559,306,253
103000120,39,75,-36
103000121,175,303,-128
103000122,259,339,-80
103000125,3,102,-99
103000126,514,7,507
103000127,3,83,-80
103000128,135,0,135
103000129,1,61,-60
103000130,42,20,22
103000131,59,67,-8
103000132,67,95,-28
103000133,19,55,-36
103000134,188,557,-369
103000135,322,186,136
103000136,380,340,40
103000137,269,407,-138
103000138,350,425,-75
103000139,1,43,-42
103000140,127,18,109
103000141,24,100,-76
103000142,71,53,18
103000143,31,156,-125
103000144,83,32,51
103000145,8,84,-76
103000150,108,33,75
103000152,123,187,-64
103000153,133,144,-11
103000156,8,151,-143
103000157,342,1,341
103000159,83,11,72
103000162,22,6,16
103000163,2,16,-14
103000164,5,1,4
103000165,50,136,-86
103000166,167,262,-95
103000167,125,93,32
103000168,77,105,-28
103000169,147,322,-175
103000170,820,208,612
103000171,46,62,-16
103000172,335,201,134
103000173,444,216,228
103000174,150,227,-77
103000175,316,106,210
103000176,562,456,106
103000177,279,266,13
103000178,127,240,-113
103000179,120,23,97
103000183,129,12,117
103000185,96,30,66
103000186,90,101,-11
103000187,418,138,280
103000188,7,63,-56
103000189,492,474,18
103000191,223,267,-44
103000292,917,1267,-350
103000293,484,1646,-1162
103000295,57,112,-55
103000296,150,1,149
103000297,2,7,-5
103000504,20,10,10
103000505,4,13,-9
103000506,3,124,-121
103000507,161,4,157
103000508,40,56,-16
103000509,201,379,-178
103000514,13,0,13
103900001,1,54,-53
103900002,465,82,383
103900003,371,11,360
103900004,102,0,102
103900005,1,91,-90
103900006,5,4,1
103900007,47,1,46
103900008,13,0,13
103900009,194,340,-146
103900010,86,241,-155
103900011,301,86,215
103900012,7,25,-18
103900013,51,41,10
103900014,51,6,45
103900015,76,4,72
103900016,259,95,164
103900017,31,51,-20
103900018,392,118,274
103900019,44,295,-251
103900020,165,339,-174
103900021,147,41,106
103900022,602,318,284
103900023,141,2,139
103900024,51,124,-73
103900025,14,19,-5
103900026,59,0,59
103900027,606,126,480
103900028,9,178,-169
103900029,875,121,754
103900030,232,87,145
103900031,22,2,20
103900032,83,90,-7
103900033,63,18,45
103900034,22,61,-39
103900035,46,24,22
103900036,24,36,-12
103900037,69,33,36
103900038,87,187,-100
103900039,66,149,-83
103900040,8,61,-53
103900041,57,40,17
103900042,78,156,-78
103900043,170,31,139
103900044,44,185,-141
103900045,303,103,200
103900047,74,8,66
103900048,25,15,10
103900049,94,642,-548
103900050,11,118,-107
103900051,1,40,-39
103900052,164,200,-36
103900053,182,251,-69
103900054,84,125,-41
103900055,360,182,178
103900056,37,30,7
103900057,38,81,-43
103900058,215,270,-55
103900059,0,14,-14
103900060,42,101,-59
103900061,143,18,125
103900062,263,70,193
103900063,6,0,6
103900064,100,4,96
103900065,476,250,226
103900066,139,22,117
103900067,175,6,169
103900068,9,0,9
103900069,51,15,36
103900070,98,102,-4
103900071,12,46,-34
103900072,26,85,-59
103900073,26,26,0
103900074,90,66,24
103900075,173,28,145
103900076,483,226,257
103900077,21,78,-57
103900078,189,72,117
103900079,112,94,18
103900080,9,30,-21
103900081,83,36,47
103900082,9,91,-82
103900083,742,926,-184
103900084,47,52,-5
103900085,37,90,-53
103900086,570,181,389
103900088,276,418,-142
103900089,41,66,-25
103900090,1,64,-63
103900091,851,132,719
103900092,490,226,264
103900093,27,185,-158
103900094,7,75,-68
103900095,148,146,2
103900096,30,74,-44
103900097,8,206,-198
103900098,154,76,78
103900099,70,48,22
103900100,213,150,63
103900101,55,633,-578
103900102,3,13,-10
103900104,2,14,-12
103900105,50,121,-71
103900106,0,53,-53
103900107,122,121,1
103900108,49,132,-83
103900109,155,53,102
103900110,125,32,93
103900111,109,256,-147
103900112,32,51,-19
103900113,127,159,-32
103900114,200,196,4
103900115,185,140,45
103900116,1805,1796,9
103900117,82,25,57
103900119,26,61,-35
103900120,63,51,12
103900122,109,116,-7
103900123,588,424,164
103900124,51,204,-153
103900125,79,33,46
103900126,394,192,202
103900127,120,181,-61
103900128,131,67,64
103900131,12,52,-40
103900133,637,28,609
103900134,0,8,-8
103900135,0,7,-7
103900137,0,12,-12
103900138,140,81,59
103900139,377,1512,-1135
103900140,8,140,-132
103900141,188,31,157
103900142,161,50,111
103900143,53,0,53
103900144,0,12,-12
103900145,90,149,-59
103900146,197,93,104
103900147,234,72,162
103900148,190,162,28
103900149,264,260,4
103900150,2524,2950,-426
103900151,30,78,-48
103900152,552,159,393
103900153,2,1,1
103900154,330,1267,-937
103900155,28,102,-74
103900156,76,59,17
103900157,54,59,-5
103900158,80,52,28
103900159,136,25,111
103900160,32,19,13
103900161,76,90,-14
103900162,59,84,-25
103900163,15,280,-265
103900167,11,61,-50
103900168,66,33,33
103900169,18,32,-14
103900170,2,52,-50
103900171,1,26,-25
103900172,1,7,-6
103900173,16,6,10
103900174,132,30,102
103900175,10,37,-27
103900176,8,24,-16
103900177,13,68,-55
103900178,44,21,23
103900179,57,32,25
103900180,4,22,-18
103900181,28,14,14
103900182,28,8,20
103900184,220,70,150
103900185,67,338,-271
103900187,6,69,-63
103900188,36,33,3
103900189,142,7,135
103900190,58,32,26
103900191,19,20,-1
103900192,40,40,0
103900193,65,84,-19
103900194,48,114,-66
103900195,3,81,-78
103900196,42,24,18
103900197,8,9,-1
103900198,4,19,-15
103900199,118,53,65
103900200,133,52,81
103900201,121,67,54
103900202,17,35,-18
103900203,21,14,7
103900204,3,49,-46
103900207,0,38,-38
103900208,84,0,84
103900209,4,45,-41
103900210,25,12,13
103900211,421,184,237
103900212,83,203,-120
103900213,39,124,-85
103900214,225,119,106
103900215,124,184,-60
103900216,14,140,-126
103900217,240,7,233
103900218,34,227,-193
103900219,99,124,-25
103900233,16,0,16
103900235,13,22,-9
103900236,10,0,10
103900242,5,1,4
103900243,5,6,-1
103900244,71,96,-25
103900245,78,68,10
103900246,38,14,24
103900247,20,57,-37
103900248,0,42,-42
103900249,5,51,-46
103900250,16,33,-17
103900251,3,33,-30
103900253,7,82,-75
103900254,1,10,-9
103900255,1,7,-6
103900256,3,16,-13
103900257,105,55,50
103900258,15,4,11
103900259,31,10,21
103900261,6,0,6
103900262,14,3,11
103900263,19,31,-12
103900264,29,22,7
103900265,51,1,50
103900266,0,71,-71
103900267,4,45,-41
103900268,4,22,-18
103900269,161,14,147
103900270,48,55,-7
103900271,7,35,-28
103900272,40,22,18
103900273,8,2,6
103900274,59,1,58
103900275,18,2,16
103900276,5,28,-23
103900277,5,27,-22
103900278,3,21,-18
103900279,1,17,-16
103900280,1,27,-26
103900281,175,207,-32
103900282,12,29,-17
103900283,37,8,29
103900284,16,13,3
103900285,22,56,-34
103900286,35,60,-25
103900287,2,49,-47
103900288,31,95,-64
103900289,17,0,17
103900290,56,53,3
103900291,28,1,27
103900292,20,8,12
103900293,5,6,-1
103900294,2,5,-3
104000001,1721,1045,676
104000002,1053,1297,-244
104000003,1507,1434,73
104000004,1721,1401,320
104000005,1170,1262,-92
104000006,2067,1738,329
104000007,2615,3061,-446
104000008,95,143,-48
104000009,137,78,59
104000010,110,211,-101
104000011,238,135,103
104000012,86,168,-82
104000013,167,166,1
104000014,118,359,-241
104000015,238,93,145
104000016,329,178,151
104000018,590,100,490
104000019,463,160,303
104000020,73,206,-133
104000021,190,243,-53
104000022,107,194,-87
104000023,957,236,721
104000024,204,197,7
104000026,42,177,-135
104000027,156,110,46
104000028,275,197,78
104000029,269,155,114
104000030,185,129,56
104000031,889,297,592
104000032,128,140,-12
104000033,512,374,138
104000034,194,143,51
104000035,759,216,543
104000036,577,319,258
104000037,200,106,94
104000038,397,306,91
104000039,137,107,30
104000040,139,200,-61
104000041,932,197,735
104000042,125,210,-85
104000043,160,199,-39
104000044,206,276,-70
104000045,655,508,147
104000046,580,853,-273
104000047,418,621,-203
104000048,591,641,-50
104000049,406,183,223
104000050,96,397,-301
104000051,99,297,-198
104000052,1853,1433,420
104000053,793,374,419
104000054,244,160,84
104000055,2145,1300,845
104000056,583,220,363
104000057,219,308,-89
104000058,580,485,95
104000059,348,779,-431
104000060,766,849,-83
104000061,788,575,213
104000062,396,103,293
104000064,323,228,95
104000065,121,453,-332
104000069,458,857,-399
104000070,48,337,-289
104000071,207,258,-51
104000072,488,198,290
104000075,33,132,-99
104000076,322,48,274
104000082,1515,1982,-467
104000083,631,128,503
104000084,101,299,-198
104000085,253,196,57
104000086,144,247,-103
104000087,281,1037,-756
104000090,681,639,42
104000092,842,917,-75
104000094,547,693,-146
104000095,1328,972,356
104000096,1050,67,983
104000097,1410,408,1002
104000098,1817,403,1414
104000100,1375,349,1026
104000101,876,787,89
104000106,73,424,-351
104000107,391,179,212
104000108,155,247,-92
104000109,230,61,169
104000110,521,567,-46
104000111,1381,1448,-67
104000112,759,335,424
104000116,0,416,-416
104000117,120,223,-103
104000118,516,118,398
104000119,469,170,299
104000120,237,272,-35
104000121,183,422,-239
104000122,611,567,44
104000123,486,426,60
104000124,362,804,-442
104000125,1526,2861,-1335
104000126,316,261,55
104000127,791,1062,-271
104000128,338,224,114
104000129,314,29,285
104000130,9,136,-127
104000131,243,266,-23
104000132,282,311,-29
104000133,969,478,491
104000134,589,912,-323
104000135,358,1084,-726
104000136,407,2271,-1864
104000137,971,243,728
104000138,473,180,293
104000139,2436,1649,787
104000141,501,516,-15
104000142,438,340,98
104000143,376,228,148
104000144,58,117,-59
104000145,267,141,126
104000146,151,309,-158
104000147,96,171,-75
104000148,267,131,136
104000149,143,142,1
104000150,710,342,368
104000151,203,181,22
104000152,355,235,120
104000153,489,414,75
104000154,585,232,353
104000155,350,414,-64
104000157,611,728,-117
104000158,181,244,-63
104000159,649,284,365
104000160,1124,1133,-9
104000161,136,158,-22
104000162,59,114,-55
104000165,597,611,-14
104000167,491,828,-337
104000168,426,8,418
104000169,77,25,52
104000170,200,310,-110
104000248,159,327,-168
104000251,52,113,-61
104000272,0,0,0
104000273,0,0,0
104000274,0,0,0
104000275,0,0,0
104000279,1595,1556,39
104000290,52,136,-84
104000291,397,718,-321
104000293,667,495,172
104000294,31,0,31
104000295,375,433,-58
104000296,311,452,-141
104000297,565,1256,-691
104000298,1327,732,595
104000299,494,844,-350
104000302,88,90,-2
104000303,127,162,-35
104900001,58,193,-135
104900002,27,99,-72
104900003,34,200,-166
104900004,53,146,-93
104900005,229,161,68
104900006,266,45,221
104900007,219,144,75
104900009,78,171,-93
104900010,58,28,30
104900011,3,3,0
104900012,145,14,131
104900013,81,4,77
104900014,1061,144,917
104900015,64,2,62
104900016,147,89,58
104900017,117,80,37
104900018,11,77,-66
104900019,150,2093,-1943
104900020,17,147,-130
104900021,0,72,-72
104900022,5,104,-99
104900023,0,25,-25
104900024,11,120,-109
104900025,46,76,-30
104900026,0,30,-30
104900027,368,169,199
104900028,30,57,-27
104900029,10,27,-17
104900030,275,165,110
104900031,48,116,-68
104900032,31,50,-19
104900033,74,162,-88
104900034,231,123,108
104900035,281,140,141
104900036,214,65,149
104900037,94,79,15
104900038,147,601,-454
104900039,285,200,85
104900040,283,90,193
104900041,136,89,47
104900042,92,82,10
104900043,7,160,-153
104900044,438,142,296
104900045,252,34,218
104900046,177,59,118
104900047,275,74,201
104900048,233,36,197
104900049,21,20,1
104900050,189,60,129
104900051,206,22,184
104900052,52,1,51
104900053,262,64,198
104900054,107,11,96
104900055,94,1,93
104900056,227,22,205
104900057,35,0,35
104900058,384,181,203
104900059,71,91,-20
104900061,100,248,-148
104900063,22,66,-44
104900064,0,43,-43
104900065,7,103,-96
104900066,1,45,-44
104900067,5,155,-150
104900068,12,111,-99
104900070,117,145,-28
104900071,0,248,-248
104900072,29,170,-141
104900073,44,92,-48
104900074,19,88,-69
104900075,35,12,23
104900076,36,112,-76
104900077,312,158,154
104900078,119,201,-82
104900079,64,313,-249
104900080,75,419,-344
104900082,7,238,-231
104900085,3,107,-104
104900089,246,2,244
104900091,608,223,385
104900093,132,246,-114
104900097,1021,1421,-400
104900098,86,34,52
104900099,34,277,-243
104900100,171,115,56
104900102,23,55,-32
104900103,242,17,225
104900106,77,52,25
104900107,90,66,24
104900108,34,105,-71
104900109,106,98,8
104900110,11,33,-22
104900111,105,48,57
104900112,242,277,-35
104900113,497,163,334
104900114,255,158,97
104900115,426,160,266
104900116,191,87,104
104900118,21,30,-9
104900119,1,18,-17
104900120,31,275,-244
104900121,1,24,-23
104900122,5,17,-12
104900123,45,8,37
104900124,45,0,45
104900125,297,63,234
104900126,22,26,-4
104900127,13,53,-40
104900128,71,71,0
104900129,558,1337,-779
105000001,1943,1002,941
105000002,1644,986,658
105000003,1914,2032,-118
105000004,448,453,-5
105000005,663,795,-132
105000006,907,1157,-250
105000007,962,1225,-263
105000008,810,2720,-1910
105000009,1818,2016,-198
105000010,1725,1017,708
105000011,2741,1782,959
105000012,2586,1471,1115
105000013,697,790,-93
105000014,1717,1951,-234
105000015,5723,11596,-5873
105000016,1270,1181,89
105000017,1120,478,642
105000018,597,1009,-412
105000019,564,544,20
105000020,105,298,-193
105000021,159,57,102
105000022,152,90,62
105000023,396,209,187
105000028,48,84,-36
105000029,421,1085,-664
105000030,2423,1492,931
105000031,6,25,-19
105000033,731,951,-220
105000034,116,632,-516
105000037,389,149,240
105000038,937,1283,-346
105000039,1300,809,491
105000040,741,935,-194
105000041,396,648,-252
105000042,1781,1158,623
105000043,893,1015,-122
105000044,466,322,144
105000045,225,399,-174
105000046,933,264,669
105000047,357,718,-361
105000048,391,160,231
105000049,155,260,-105
105000050,526,284,242
105000051,126,215,-89
105000052,419,539,-120
105000053,76,81,-5
105000054,317,482,-165
105000055,461,168,293
105000056,1077,1127,-50
105000057,984,383,601
105000058,667,620,47
105000059,541,450,91
105000060,299,338,-39
105000061,613,328,285
105000062,324,411,-87
105000063,260,220,40
105000064,1318,517,801
105000065,281,309,-28
105000066,648,673,-25
105000067,978,589,389
105000068,291,478,-187
105000069,953,1307,-354
105000070,367,647,-280
105000071,130,659,-529
105000072,860,1838,-978
105000073,576,351,225
105000074,642,376,266
105000075,294,441,-147
105000076,763,548,215
105000077,1346,705,641
105000078,553,871,-318
105000079,802,2791,-1989
105000080,1023,1040,-17
105000081,2515,1181,1334
105000082,713,1863,-1150
105000083,3282,3549,-267
105000084,423,460,-37
105000085,1234,1761,-527
105000086,460,567,-107
105000087,862,1024,-162
105000088,931,1102,-171
105000089,1475,1183,292
105000090,681,485,196
105000091,635,828,-193
105000092,444,577,-133
105000093,235,232,3
105000094,186,120,66
105000095,57,276,-219
105000096,745,747,-2
105000097,497,544,-47
105000098,768,476,292
105000099,533,460,73
105000100,1108,662,446
105000101,1428,1046,382
105000102,1001,840,161
105000103,798,1233,-435
105000104,1838,631,1207
105000105,877,1079,-202
105000106,1003,891,112
105000107,1075,536,539
105000108,1239,788,451
105000109,1240,868,372
105000110,587,342,245
105000111,685,361,324
105000112,851,378,473
105000113,378,497,-119
105000114,1334,847,487
105000115,272,956,-684
105000116,634,300,334
105000117,609,440,169
105000118,471,221,250
105000119,400,385,15
105000120,829,376,453
105000121,518,468,50
105000122,337,496,-159
105000123,746,559,187
105000124,1497,448,1049
105000125,676,934,-258
105000126,1593,781,812
105000127,1674,1032,642
105000128,412,597,-185
105000129,588,201,387
105000130,231,2640,-2409
105000131,469,177,292
105000132,714,553,161
105000133,279,420,-141
105000134,658,378,280
105000135,302,271,31
105000136,95,156,-61
105000137,455,121,334
105000138,168,234,-66
105000139,604,495,109
105000140,333,351,-18
105000141,284,267,17
105000142,230,323,-93
105000143,193,336,-143
105000144,184,437,-253
105000145,528,184,344
105000146,255,504,-249
105000147,549,220,329
105000148,840,367,473
105000149,1748,1249,499
105000150,1087,791,296
105000151,342,240,102
105000152,124,292,-168
105000153,465,443,22
105000154,360,249,111
105000155,254,569,-315
105000156,410,347,63
105000157,490,807,-317
105000158,1327,576,751
105000159,207,546,-339
105000160,1598,501,1097
105000161,486,537,-51
105000162,492,1213,-721
105000163,588,452,136
105000164,149,152,-3
105000165,347,3919,-3572
105000166,2470,766,1704
105000167,808,1281,-473
105000168,359,381,-22
105000169,505,159,346
105000170,229,741,-512
105000171,667,130,537
105000172,120,18,102
105000173,194,38,156
105000174,72,31,41
105000175,36,82,-46
105000176,329,80,249
105000177,262,148,114
105000178,161,201,-40
105000179,480,92,388
105000180,154,60,94
105000181,120,94,26
105000182,40,38,2
105000183,1217,1431,-214
105000184,982,611,371
105000185,779,761,18
105000186,326,474,-148
105000187,577,130,447
105000188,147,70,77
105000189,97,266,-169
105000190,192,221,-29
105000191,249,201,48
105000192,239,45,194
105000193,60,52,8
105000194,492,103,389
105000195,155,346,-191
105000196,65,331,-266
105000197,210,327,-117
105000198,344,197,147
105000199,159,542,-383
105000200,96,213,-117
105000201,66,18,48
105000203,1,104,-103
105000204,89,52,37
105000205,73,115,-42
105000207,265,125,140
105000208,125,332,-207
105000209,160,201,-41
105000211,241,8,233
105000212,868,603,265
105000213,82,107,-25
105000214,116,108,8
105000215,232,109,123
105000216,162,162,0
105000217,98,160,-62
105000218,1238,738,500
105000221,145,83,62
105000222,485,138,347
105000223,254,124,130
105000226,48,90,-42
105000227,55,72,-17
105000228,113,1326,-1213
105000229,94,411,-317
105000231,337,169,168
105000233,842,461,381
105000234,449,626,-177
105000235,322,491,-169
105000237,484,48,436
105000243,17,16,1
105000248,35,45,-10
105000262,260,459,-199
105000269,161,108,53
105000270,363,23,340
105000271,0,104,-104
105000282,56,18,38
105000287,274,38,236
105000288,486,222,264
105000289,1839,1645,194
105000290,14,8,6
105000402,1549,2751,-1202
105000426,209,343,-134
105000438,2863,1379,1484
105000440,37,24,13
105000446,4941,3272,1669
105000447,2562,1298,1264
105000454,400,289,111
105000455,161,89,72
105000474,37,0,37
105000477,339,359,-20
105000478,1206,3693,-2487
105000479,87,79,8
105000480,6774,6327,447
105000481,3313,2535,778
105000482,2693,5529,-2836
105000483,1255,1624,-369
105000484,1195,1940,-745
105000485,879,2439,-1560
105000486,1707,1522,185
105000488,6825,3153,3672
105000489,609,537,72
105000549,74,66,8
105000550,361,925,-564
105000551,25,56,-31
105000552,1565,889,676
105000555,933,819,114
105000556,36,17,19
105000557,41,122,-81
105900001,5,974,-969
105900002,455,472,-17
105900003,15,67,-52
105900004,137,64,73
105900005,4,110,-106
105900006,4,60,-56
105900007,25,12,13
105900008,37,234,-197
105900009,11,11,0
105900011,71,22,49
105900012,316,45,271
105900013,1,15,-14
105900014,4,36,-32
105900015,75,149,-74
105900016,310,161,149
105900017,941,18,923
105900018,111,99,12
105900019,26,120,-94
105900020,31,51,-20
105900021,11,120,-109
105900022,147,93,54
105900023,7,51,-44
105900024,6,76,-70
105900025,148,15,133
105900026,138,17,121
105900027,4342,4401,-59
105900028,365,335,30
105900029,836,192,644
105900030,88,168,-80
105900031,167,123,44
105900032,62,101,-39
105900033,77,87,-10
105900034,165,115,50
105900035,116,96,20
105900036,80,69,11
105900037,82,27,55
105900038,127,165,-38
105900039,92,71,21
105900040,66,77,-11
105900041,115,139,-24
105900042,48,85,-37
105900043,662,31,631
105900044,3,149,-146
105900045,2,461,-459
105900046,3,148,-145
105900047,14,36,-22
105900048,80,287,-207
105900050,3811,2519,1292
105900051,14,590,-576
105900052,314,219,95
105900053,1394,1839,-445
105900054,241,89,152
105900056,237,205,32
105900057,6,36,-30
105900058,18,9,9
105900059,0,48,-48
106000001,2643,1793,850
106000002,1149,3086,-1937
106000003,1943,2493,-550
106000004,1098,1719,-621
106000005,2562,3081,-519
106000006,3362,1850,1512
106000007,388,354,34
106000008,311,187,124
106000009,464,269,195
106000010,370,329,41
106000011,840,644,196
106000012,576,667,-91
106000013,1454,1349,105
106000014,1085,873,212
106000015,1333,870,463
106000016,774,1085,-311
106000017,431,456,-25
106000018,385,260,125
106000019,329,309,20
106000020,262,208,54
106000021,285,291,-6
106000022,259,102,157
106000023,441,257,184
106000024,278,228,50
106000025,124,170,-46
106000026,51,128,-77
106000027,1103,827,276
106000028,365,191,174
106000029,370,441,-71
106000030,248,398,-150
106000034,98,322,-224
106000035,774,1614,-840
106000036,124,296,-172
106000037,1262,882,380
106000038,163,104,59
106000039,79,79,0
106000040,107,490,-383
106000041,455,394,61
106000043,332,130,202
106000046,209,50,159
106000047,31,338,-307
106000049,945,133,812
106000050,217,360,-143
106000051,540,313,227
106000052,85,255,-170
106000053,317,85,232
106000054,232,199,33
106000055,733,516,217
106000056,202,164,38
106000057,301,161,140
106000058,92,94,-2
106000059,280,178,102
106000060,188,317,-129
106000061,173,413,-240
106000062,88,281,-193
106000063,664,401,263
106000064,38,144,-106
106000065,252,206,46
106000066,48,230,-182
106000067,345,99,246
106000068,56,340,-284
106000069,228,35,193
106000070,341,381,-40
106000071,702,181,521
106000072,1526,1067,459
106000073,945,2274,-1329
106000074,452,504,-52
106000075,221,1015,-794
106000076,1254,1278,-24
106000077,2048,900,1148
106000078,796,569,227
106000079,497,471,26
106000080,861,347,514
106000081,512,722,-210
106000082,1370,496,874
106000083,363,952,-589
106000084,728,462,266
106000085,845,972,-127
106000086,444,519,-75
106000087,658,323,335
106000088,265,471,-206
106000089,776,211,565
106000090,236,423,-187
106000091,243,294,-51
106000092,355,186,169
106000093,250,88,162
106000094,63,118,-55
106000095,564,417,147
106000096,657,343,314
106000097,891,422,469
106000098,523,510,13
106000099,111,348,-237
106000100,753,128,625
106000101,567,415,152
106000102,76,293,-217
106000103,216,240,-24
106000104,609,264,345
106000105,373,276,97
106000106,541,256,285
106000107,107,176,-69
106000108,335,177,158
106000109,129,151,-22
106000110,221,170,51
106000111,130,183,-53
106000112,172,357,-185
106000113,332,386,-54
106000114,328,449,-121
106000115,144,260,-116
106000116,245,112,133
106000117,592,365,227
106000118,865,862,3
106000119,774,411,363
106000120,584,935,-351
106000121,185,108,77
106000122,92,85,7
106000123,398,87,311
106000124,53,66,-13
106000125,30,119,-89
106000126,247,66,181
106000127,531,341,190
106000128,672,115,557
106000129,622,308,314
106000130,600,430,170
106000131,81,521,-440
106000132,367,136,231
106000133,765,836,-71
106000134,306,1236,-930
106000135,296,408,-112
106000136,515,670,-155
106000137,43,333,-290
106000138,916,77,839
106000139,38,65,-27
106000140,46,29,17
106000141,85,17,68
106000142,70,42,28
106000143,20,30,-10
106000144,75,41,34
106000145,208,97,111
106000146,339,109,230
106000147,596,297,299
106000148,710,550,160
106000149,429,367,62
106000150,359,1433,-1074
106000151,1975,497,1478
106000152,605,1461,-856
106000153,79,1054,-975
106000154,720,131,589
106000155,105,204,-99
106000156,556,136,420
106000157,330,990,-660
106000158,1302,648,654
106000159,1339,1321,18
106000160,323,1892,-1569
106000161,842,152,690
106000162,196,678,-482
106000163,327,162,165
106000164,353,176,177
106000165,166,237,-71
106000166,683,150,533
106000167,273,420,-147
106000168,440,185,255
106000169,212,321,-109
106000170,629,169,460
106000171,155,716,-561
106000172,1831,887,944
106000173,762,1408,-646
106000174,851,237,614
106000175,192,392,-200
106000176,1298,602,696
106000177,477,1232,-755
106000178,2138,1053,1085
106000179,568,1047,-479
106000180,495,631,-136
106000181,671,836,-165
106000182,1110,343,767
106000183,1159,281,878
106000184,1494,303,1191
106000185,760,611,149
106000186,488,96,392
106000187,148,710,-562
106000188,0,1,-1
106000189,6,16,-10
106000190,19,0,19
106000191,449,111,338
106000192,3,29,-26
106000193,297,125,172
106000194,120,200,-80
106000195,263,113,150
106000196,104,272,-168
106000197,438,150,288
106000198,118,186,-68
106000199,401,502,-101
106000200,90,126,-36
106000201,275,2080,-1805
106000202,1536,345,1191
106000203,19,118,-99
106000204,85,1,84
106000205,5,82,-77
106000206,85,10,75
106000207,24,244,-220
106000208,967,89,878
106000209,1104,292,812
106000210,174,415,-241
106000211,188,564,-376
106000212,655,425,230
106000213,304,1013,-709
106000214,1385,405,980
106000215,196,229,-33
106000216,254,216,38
106000217,185,198,-13
106000218,313,238,75
106000219,106,167,-61
106000220,334,125,209
106000221,155,100,55
106000222,58,55,3
106000223,218,72,146
106000224,139,101,38
106000225,74,80,-6
106000226,86,142,-56
106000228,41,60,-19
106000229,57,439,-382
106000231,761,90,671
106000232,69,162,-93
106000233,322,72,250
106000234,44,149,-105
106000235,465,154,311
106000236,142,97,45
106000237,6,24,-18
106000238,31,30,1
106000239,1,98,-97
106000240,32,6,26
106000241,12,306,-294
106000242,196,30,166
106000249,51,37,14
106000250,51,407,-356
106000251,90,15,75
106000252,9,27,-18
106000253,54,37,17
106000254,37,18,19
106000255,19,112,-93
106000256,36,25,11
106000257,93,112,-19
106000258,215,42,173
106000259,5,74,-69
106000260,24,1,23
106000261,4,50,-46
106000262,70,8,62
106000263,17,39,-22
106000264,173,12,161
106000265,9,93,-84
106000266,40,19,21
106000267,2,43,-41
106000268,278,51,227
106000269,50,26,24
106000270,76,247,-171
106000271,61,135,-74
106000272,148,36,112
106000273,7,151,-144
106000274,103,21,82
106000275,114,153,-39
106000276,79,27,52
106000277,72,199,-127
106000278,119,18,101
106000279,14,11,3
106000280,66,25,41
106000281,63,33,30
106000282,31,42,-11
106000283,93,30,63
106000284,47,56,-9
106000285,75,43,32
106000286,66,62,4
106000287,72,34,38
106000288,76,69,7
106000289,82,34,48
106000290,39,28,11
106000291,65,54,11
106000292,48,30,18
106000293,108,38,70
106000294,77,60,17
106000295,37,32,5
106000296,15,68,-53
106000297,39,130,-91
106000298,45,34,11
106000299,45,81,-36
106000300,40,48,-8
106000301,59,73,-14
106000303,29,43,-14
106000304,17,14,3
106000305,29,19,10
106000306,32,30,2
106000307,29,17,12
106000308,30,54,-24
106000309,13,31,-18
106000310,235,231,4
106000311,255,113,142
106000312,107,73,34
106000313,183,128,55
106000318,53,285,-232
106000319,827,194,633
106000320,0,49,-49
106000321,138,105,33
106000322,172,67,105
106000324,23,65,-42
106000325,1245,584,661
106000326,635,861,-226
106000327,148,66,82
106000328,32,90,-58
106000329,83,152,-69
106000330,36,47,-11
106000428,68,151,-83
106000429,104,307,-203
106000430,256,794,-538
106000431,1796,353,1443
106000432,1214,1786,-572
106000433,2145,1195,950
106000434,2385,1120,1265
106000435,838,1463,-625
106000436,13,83,-70
106000437,184,29,155
106000438,323,150,173
106000439,46,219,-173
106000440,325,338,-13
106000441,0,0,0
106000442,204,1,203
106000443,126,151,-25
106000450,1,75,-74
106000451,26,41,-15
106000454,0,108,-108
106000455,2,85,-83
106000456,75,13,62
106000457,10,421,-411
106000458,778,58,720
106000459,124,148,-24
106000460,1216,17,1199
106000461,120,448,-328
106000462,1,22,-21
106000463,2,12,-10
106000464,6,238,-232
106000465,581,1,580
106000466,3,231,-228
106000467,174,272,-98
106000468,73,67,6
106000469,87,0,87
106000470,154,1232,-1078
106000471,15,205,-190
106000472,131,7,124
106000473,27,7,20
106000474,360,222,138
106000475,405,217,188
106000476,158,176,-18
106000477,36,65,-29
106000480,0,244,-244
106900001,0,5,-5
106900002,0,197,-197
106900003,55,125,-70
106900004,0,15,-15
106900006,0,6,-6
106900007,0,6,-6
106900008,245,70,175
106900009,314,138,176
106900010,146,137,9
106900012,631,1195,-564
106900013,126,44,82
106900014,30,2,28
106900015,6,0,6
106900016,231,8,223
106900017,11,0,11
106900018,4,0,4
106900019,43,1,42
106900020,815,935,-120
106900021,164,181,-17
106900022,648,2,646
106900023,1,92,-91
106900024,235,17,218
106900025,21,163,-142
106900026,0,246,-246
106900027,584,2,582
106900028,1,69,-68
106900029,151,10,141
106900030,12,132,-120
107000001,2519,2704,-185
107000002,1423,2402,-979
107000003,4619,4655,-36
107000004,2571,1805,766
107000005,4532,4154,378
107000006,2426,1573,853
107000007,3885,6995,-3110
107000008,4876,3474,1402
107000009,5866,5657,209
107000010,5158,4118,1040
107000011,694,733,-39
107000012,2319,1435,884
107000013,59,53,6
107000014,53,130,-77
107000015,381,401,-20
107000016,669,408,261
107000017,793,934,-141
107000018,13,800,-787
107000020,563,978,-415
107000021,856,252,604
107000022,495,996,-501
107000023,1479,142,1337
107000024,426,848,-422
107000025,139,264,-125
107000026,222,251,-29
107000027,1141,595,546
107000028,1007,672,335
107000029,2691,1948,743
107000030,1685,1477,208
107000031,3633,1713,1920
107000032,300,555,-255
107000033,1651,2182,-531
107000034,1961,901,1060
107000035,266,148,118
107000036,209,778,-569
107000037,74,545,-471
107000038,147,154,-7
107000039,637,555,82
107000040,141,218,-77
107000041,937,552,385
107000042,457,1245,-788
107000043,1509,825,684
107000044,295,174,121
107000045,75,165,-90
107000046,516,296,220
107000047,349,565,-216
107000048,444,162,282
107000049,504,511,-7
107000050,802,374,428
107000051,140,190,-50
107000052,788,784,4
107000053,219,180,39
107000054,56,151,-95
107000055,262,95,167
107000056,335,479,-144
107000057,1052,162,890
107000058,1592,1699,-107
107000059,1235,1864,-629
107000060,3468,3719,-251
107000061,3130,1804,1326
107000062,3927,1816,2111
107000063,2886,2350,536
107000064,3572,1665,1907
107000065,1932,2466,-534
107000066,1091,2013,-922
107000067,920,989,-69
107000068,745,650,95
107000069,745,432,313
107000070,816,4,812
107000071,2980,35,2945
107000072,32,1324,-1292
107000073,628,406,222
107000074,146,509,-363
107000075,1550,454,1096
107000076,352,712,-360
107000077,2861,1209,1652
107000078,1729,1546,183
107000079,2218,915,1303
107000080,737,1648,-911
107000081,1713,451,1262
107000082,437,733,-296
107000083,1141,396,745
107000084,217,729,-512
107000085,2127,2255,-128
107000086,2361,2042,319
107000087,2216,1692,524
107000088,2491,2284,207
107000089,1264,1269,-5
107000090,745,626,119
107000091,1220,582,638
107000092,567,591,-24
107000093,1009,640,369
107000094,620,626,-6
107000095,705,465,240
107000096,379,336,43
107000097,647,282,365
107000098,401,330,71
107000099,288,188,100
107000100,127,135,-8
107000101,48,119,-71
107000102,122,140,-18
107000103,183,173,10
107000104,152,168,-16
107000105,382,133,249
107000106,135,161,-26
107000107,553,83,470
107000108,108,340,-232
107000109,511,117,394
107000110,54,197,-143
107000111,446,50,396
107000112,71,206,-135
107000113,629,79,550
107000114,68,305,-237
107000115,604,181,423
107000116,81,417,-336
107000117,108,701,-593
107000118,121,106,15
107000119,929,1360,-431
107000120,654,403,251
107000121,821,545,276
107000122,934,458,476
107000123,450,369,81
107000124,506,475,31
107000125,864,364,500
107000126,806,353,453
107000129,217,381,-164
107000130,771,228,543
107000131,298,400,-102
107000132,543,253,290
107000133,321,95,226
107000134,139,2,137
107000135,3,242,-239
107000136,450,5,445
107000137,7,261,-254
107000138,121,16,105
107000139,14,382,-368
107000140,1136,67,1069
107000141,101,524,-423
107000142,313,47,266
107000143,45,435,-390
107000144,435,389,46
107000145,117,300,-183
107000146,110,250,-140
107000147,2801,772,2029
107000150,282,1800,-1518
107000151,22,52,-30
107000152,243,1082,-839
107000153,64,206,-142
107000154,131,214,-83
107000155,569,13,556
107000156,969,22,947
107000157,22,599,-577
107000158,615,19,596
107000159,33,430,-397
107000160,990,95,895
107000161,43,502,-459
107000162,197,452,-255
107000163,117,0,117
107000164,738,1,737
107000165,993,5,988
107000166,19,461,-442
107000167,571,170,401
107000168,764,398,366
107000169,426,465,-39
107000170,2118,543,1575
107000171,449,816,-367
107000172,1003,1150,-147
107000173,376,455,-79
107000174,956,3989,-3033
107000175,3181,792,2389
107000176,1,0,1
107000177,1,1,0
107000178,17,12,5
107000179,225,989,-764
107000180,1239,141,1098
107000181,362,566,-204
107000182,1619,531,1088
107000183,130,417,-287
107000184,928,406,522
107000185,365,703,-338
107000186,1006,300,706
107000187,998,774,224
107000188,463,377,86
107000189,347,622,-275
107000190,507,384,123
107000191,685,760,-75
107000192,1158,361,797
107000193,298,341,-43
107000194,665,428,237
107000197,719,208,511
107000198,229,509,-280
107000199,475,396,79
107000200,404,415,-11
107000201,297,200,97
107000202,212,287,-75
107000203,574,652,-78
107000204,751,781,-30
107000205,1278,565,713
107000206,394,831,-437
107000207,365,656,-291
107000208,520,385,135
107000209,939,1021,-82
107000210,258,149,109
107000211,1,44,-43
107000212,12,216,-204
107000213,0,19,-19
107000214,15,113,-98
107000215,303,213,90
107000216,340,196,144
107000217,98,92,6
107000219,70,121,-51
107000220,116,79,37
107000222,175,295,-120
107000224,325,90,235
107000225,178,178,0
107000226,307,79,228
107000227,47,68,-21
107000228,52,294,-242
107000229,53,83,-30
107000230,600,288,312
107000231,764,1306,-542
107000232,86,32,54
107000233,537,654,-117
107000234,2,48,-46
107000235,79,12,67
107000236,14,296,-282
107000237,33,0,33
107000238,23,1,22
107000239,1334,347,987
107000240,71,368,-297
107000243,0,29,-29
107000244,2,61,-59
107000246,3,868,-865
107000249,0,996,-996
107000251,3,288,-285
107000252,4,391,-387
107000255,126,108,18
107000257,1,319,-318
107000258,0,166,-166
107000259,0,105,-105
107000260,1246,15,1231
107000262,7,217,-210
107000263,268,6,262
107000266,5,7,-2
107000267,38,90,-52
107000268,49,40,9
107000269,61,4,57
107000270,138,50,88
107000271,5,68,-63
107000272,97,9,88
107000273,3,121,-118
107000274,637,8,629
107000275,487,805,-318
107000280,746,26,720
107000281,25,353,-328
107000282,28,334,-306
107000290,1,18,-17
107000291,9,4,5
107000292,0,74,-74
107000293,16,7,9
107000294,0,60,-60
107000295,89,1,88
107000296,0,13,-13
107000444,290,2,288
107000496,0,5,-5
107000497,917,1107,-190
107000500,252,186,66
107000501,69,109,-40
107000502,80,156,-76
107000505,226,457,-231
107000506,0,3,-3
107000508,1,226,-225
107000509,119,364,-245
107000510,30,20,10
107000514,52,261,-209
107000515,4,78,-74
107000516,383,182,201
107000518,928,1420,-492
107000519,728,455,273
107000520,52,32,20
107000521,520,200,320
107000522,859,318,541
107900001,81,67,14
107900002,26,5,21
107900003,289,47,242
107900004,3,0,3
107900005,1184,1,1183
107900006,140,0,140
107900007,303,41,262
107900008,33,3,30
107900009,67,1,66
107900010,41,1,40
107900012,241,33,208
107900013,143,12,131
107900014,54,11,43
107900015,884,7,877
107900016,198,50,148
107900017,8,3,5
107900018,53,122,-69
107900019,14,15,-1
107900020,33,4,29
107900021,79,47,32
107900023,1,1,0
107900024,0,1,-1
107900025,143,132,11
107900026,54,18,36
107900027,29,18,11
107900028,85,42,43
107900030,188,40,148
107900031,64,30,34
107900032,10,3,7
107900033,17,6,11
107900034,230,18,212
107900035,768,55,713
107900036,49,20,29
107900037,0,4,-4
107900038,67,162,-95
107900039,43,21,22
107900040,15,111,-96
107900041,2,2,0
107900043,30,52,-22
107900044,3,11,-8
107900045,97,33,64
107900046,158,145,13
107900047,16,5,11
107900048,169,7,162
107900049,144,538,-394
107900050,58,151,-93
107900051,72,27,45
107900052,35,45,-10
107900053,43,57,-14
107900055,348,146,202
107900056,111,34,77
107900057,1,0,1
107900058,13,317,-304
107900060,9,25,-16
107900061,8,6,2
107900063,54,84,-30
107900064,189,168,21
107900065,158,6,152
107900066,32,9,23
107900067,0,0,0
107900068,77,354,-277
107900069,30,1893,-1863
107900070,125,51,74
107900071,24,312,-288
107900072,70,62,8
107900073,108,42,66
107900074,355,296,59
107900076,103,21,82
107900077,78,2,76
107900079,17,14,3
107900080,154,395,-241
107900081,48,47,1
107900082,10,8,2
107900083,250,98,152
107900084,92,83,9
107900086,30,124,-94
107900087,326,142,184
107900088,34,3,31
107900089,110,481,-371
107900090,301,1564,-1263
107900091,80,141,-61
107900093,44,40,4
107900095,1844,1621,223
107900097,2,40,-38
107900098,46,97,-51
107900100,545,877,-332
107900101,523,99,424
107900102,20,5,15
107900103,31,93,-62
107900104,120,2,118
107900105,2,218,-216
107900106,3,446,-443
107900107,748,357,391
107900108,113,85,28
107900109,1271,18,1253
107900110,39,24,15
107900111,6,311,-305
107900112,34,255,-221
107900113,165,34,131
107900114,147,49,98
107900115,1,18,-17
107900116,164,38,126
107900117,157,138,19
107900118,47,64,-17
107900119,82,194,-112
107900120,21,24,-3
107900121,5,74,-69
107900122,0,40,-40
107900123,0,36,-36
107900124,8,6,2
107900125,12,103,-91
107900126,4,47,-43
107900127,237,264,-27
107900128,45,75,-30
107900129,68,20,48
107900130,54,14,40
107900131,273,237,36
107900132,30,145,-115
107900133,1,35,-34
107900134,21,84,-63
107900135,5,96,-91
107900136,17,25,-8
107900137,80,84,-4
107900138,52,22,30
107900139,24,17,7
107900141,20,16,4
107900142,33,332,-299
107900143,34,12,22
107900144,3,81,-78
107900145,5,46,-41
107900146,54,91,-37
107900147,43,25,18
107900148,84,33,51
107900149,371,123,248
107900150,44,217,-173
107900151,27,61,-34
107900152,10,61,-51
107900153,75,213,-138
107900154,40,13,27
107900155,59,25,34
107900156,1,134,-133
107900157,15,21,-6
107900158,590,22,568
107900159,14,309,-295
107900160,105,100,5
107900161,31,76,-45
107900162,2,16,-14
107900163,11,39,-28
107900164,9,25,-16
107900165,26,83,-57
107900166,12,78,-66
107900167,9,59,-50
107900168,45,15,30
107900169,5,100,-95
107900171,7,583,-576
107900172,1,128,-127
107900173,16,43,-27
107900174,117,2,115
107900175,9,47,-38
107900176,27,20,7
107900177,1,58,-57
107900178,1,97,-96
107900179,19,75,-56
107900180,239,517,-278
107900181,150,148,2
107900182,3,468,-465
107900183,45,87,-42
107900184,78,117,-39
107900185,92,6,86
107900186,10,20,-10
107900187,0,71,-71
107900188,323,90,233
107900189,7,63,-56
107900190,37,87,-50
107900191,44,68,-24
107900193,10,39,-29
107900194,153,3,150
107900195,941,199,742
107900196,47,66,-19
107900197,344,283,61
107900199,0,437,-437
107900201,41,41,0
107900203,35,33,2
107900204,111,103,8
107900206,715,180,535
107900207,3,283,-280
107900208,8,240,-232
107900209,228,97,131
107900210,43,43,0
107900213,264,256,8
107900214,31,43,-12
107900215,89,252,-163
107900216,113,32,81
107900217,22,62,-40
107900218,10,640,-630
107900219,28,32,-4
107900220,116,194,-78
107900221,54,85,-31
107900223,93,204,-111
107900224,63,277,-214
107900225,4,247,-243
107900226,85,52,33
107900227,52,195,-143
107900228,21,49,-28
107900229,1,81,-80
107900230,17,40,-23
107900231,9,113,-104
107900232,64,61,3
107900233,5,47,-42
107900234,98,51,47
107900235,16,46,-30
107900236,139,31,108
107900237,19,166,-147
107900238,19,44,-25
107900239,329,368,-39
107900240,28,60,-32
107900241,4,27,-23
107900242,20,64,-44
107900243,1,29,-28
107900244,156,2,154
107900245,595,34,561
107900246,264,15,249
107900248,225,129,96
107900249,647,26,621
107900250,0,223,-223
107900251,51,638,-587
107900252,607,15,592
107900253,151,8,143
107900254,38,139,-101
107900255,137,71,66
107900256,576,651,-75
107900257,132,69,63
107900258,89,100,-11
107900259,45,1668,-1623
107900261,0,101,-101
107900262,21,53,-32
107900264,437,9,428
107900265,130,83,47
107900267,218,8,210
107900268,2,2,0
107900269,0,0,0
107900270,0,0,0
107900271,0,4,-4
107900272,12,11,1
107900273,48,60,-12
107900274,86,0,86
107900275,20,0,20
107900276,0,65,-65
107900277,0,81,-81
107900278,172,184,-12
107900279,41,98,-57
107900280,1215,1281,-66
107900281,479,2450,-1971
107900282,45,371,-326
107900283,388,317,71
107900284,486,291,195
107900285,84,26,58
107900286,40,39,1
107900287,155,102,53
107900290,0,145,-145
107900291,399,14,385
107900292,82,83,-1
107900293,64,202,-138
107900295,33,12,21
107900297,1,138,-137
107900298,408,400,8
107900299,1427,1808,-381
107900301,447,592,-145
107900302,63,34,29
107900303,183,123,60
107900304,247,174,73
107900305,213,6,207
107900306,10,27,-17
107900307,50,151,-101
107900308,159,111,48
107900309,48,1,47
107900310,330,1,329
107900311,5,308,-303
107900312,27,0,27
107900313,1,103,-102
107900314,1,30,-29
107900315,2,26,-24
107900316,19,1,18
107900317,54,12,42
107900318,12,74,-62
107900319,1,90,-89
107900320,0,62,-62
107900321,131,2,129
107900322,2,44,-42
107900323,8,63,-55
107900324,58,1,57
107900325,76,0,76
107900326,246,98,148
107900327,1,57,-56
107900328,39,1,38
107900329,28,65,-37
107900330,4,171,-167
107900331,238,16,222
107900332,241,14,227
107900333,47,8,39
107900334,5,93,-88
107900335,49,29,20
107900336,33,45,-12
107900337,415,638,-223
107900338,5,89,-84
107900339,3,13,-10
107900340,0,41,-41
107900341,45,1,44
107900342,94,55,39
107900343,43,3,40
107900344,8,41,-33
107900345,40,17,23
107900346,6,1,5
107900347,14,0,14
107900348,1,3,-2
107900349,11,6,5
107900350,18,140,-122
107900351,2,91,-89
107900352,3,9,-6
107900353,8,6,2
107900354,30,57,-27
108000001,2265,2446,-181
108000002,1348,1292,56
108000003,2541,2747,-206
108000004,7395,7928,-533
108000005,5878,4988,890
108000006,5001,4378,623
108000007,3854,2966,888
108000008,2820,3448,-628
108000009,2925,3315,-390
108000010,1995,2543,-548
108000011,9179,8761,418
108000012,8985,8294,691
108000014,441,738,-297
108000015,661,156,505
108000016,188,691,-503
108000017,858,242,616
108000018,1408,452,956
108000019,1069,561,508
108000020,946,340,606
108000021,199,1139,-940
108000022,276,672,-396
108000023,963,155,808
108000024,231,250,-19
108000025,258,178,80
108000026,760,239,521
108000027,563,356,207
108000028,708,131,577
108000029,419,443,-24
108000030,386,106,280
108000031,171,302,-131
108000032,1355,474,881
108000033,485,604,-119
108000034,1399,311,1088
108000035,428,1047,-619
108000036,248,607,-359
108000037,1508,279,1229
108000038,2073,420,1653
108000039,333,1042,-709
108000040,1295,699,596
108000041,473,1268,-795
108000042,266,149,117
108000043,165,159,6
108000044,446,100,346
108000045,227,250,-23
108000046,1081,229,852
108000047,267,474,-207
108000048,97,175,-78
108000049,795,149,646
108000050,85,318,-233
108000051,268,115,153
108000052,102,327,-225
108000053,331,166,165
108000054,302,646,-344
108000055,765,407,358
108000056,818,838,-20
108000057,481,956,-475
108000058,1430,2850,-1420
108000059,1728,1145,583
108000060,210,512,-302
108000061,213,259,-46
108000062,741,452,289
108000063,378,287,91
108000064,216,196,20
108000065,380,271,109
108000066,1007,549,458
108000067,1514,475,1039
108000068,604,313,291
108000069,159,453,-294
108000070,1495,458,1037
108000071,474,725,-251
108000072,1307,692,615
108000073,800,885,-85
108000074,532,275,257
108000075,240,429,-189
108000076,616,377,239
108000077,403,305,98
108000078,1820,730,1090
108000079,554,696,-142
108000080,1223,330,893
108000081,385,673,-288
108000082,545,918,-373
108000083,1468,595,873
108000084,362,589,-227
108000085,652,311,341
108000086,473,351,122
108000087,91,1662,-1571
108000088,605,198,407
108000089,268,207,61
108000091,282,320,-38
108000092,111,64,47
108000093,152,246,-94
108000094,470,72,398
108000095,135,181,-46
108000096,295,136,159
108000097,109,239,-130
108000098,1534,852,682
108000099,845,188,657
108000100,155,362,-207
108000101,1144,1153,-9
108000102,1250,2878,-1628
108000106,776,0,776
108000107,2,513,-511
108000108,425,28,397
108000109,10,491,-481
108000110,222,211,11
108000111,132,358,-226
108000112,39,120,-81
108000113,270,122,148
108000115,209,160,49
108000117,409,251,158
108000118,369,1538,-1169
108000119,380,176,204
108000120,119,639,-520
108000121,148,264,-116
108000122,542,219,323
108000123,585,120,465
108000124,368,275,93
108000125,375,147,228
108000126,133,203,-70
108000127,463,153,310
108000128,474,175,299
108000129,248,397,-149
108000130,391,138,253
108000131,804,374,430
108000132,1051,702,349
108000133,961,381,580
108000134,361,267,94
108000135,852,359,493
108000136,147,395,-248
108000137,440,176,264
108000138,356,464,-108
108000139,448,139,309
108000140,95,14,81
108000141,20,13,7
108000142,43,49,-6
108000143,46,161,-115
108000144,460,30,430
108000145,46,5,41
108000146,624,49,575
108000147,23,8,15
108000148,452,43,409
108000149,11,8,3
108000150,38,4,34
108000151,129,33,96
108000152,96,165,-69
108000153,509,80,429
108000154,37,6,31
108000155,37,14,23
108000156,483,215,268
108000157,84,1032,-948
108000158,51,678,-627
108000159,254,134,120
108000160,1354,885,469
108000161,1205,2098,-893
108000165,8,108,-100
108000172,18,192,-174
108000173,755,1467,-712
108000175,482,71,411
108000178,291,163,128
108000179,110,604,-494
108000181,55,14,41
108000182,199,64,135
108000183,8,206,-198
108000184,496,1796,-1300
108000185,105,109,-4
108000186,347,186,161
108000187,72,181,-109
108000188,471,138,333
108000189,890,6841,-5951
108000190,10,77,-67
108000192,193,286,-93
108000193,323,6,317
108000194,26,12,14
108000195,0,525,-525
108000196,210,65,145
108000198,654,147,507
108000199,0,220,-220
108000200,362,188,174
108000203,82,201,-119
108000204,120,43,77
108000205,83,155,-72
108000339,819,289,530
108000364,177,431,-254
108000365,33,166,-133
108000367,94,162,-68
108000368,4,32,-28
108000369,469,160,309
108000371,3,428,-425
108000372,424,6,418
108000373,209,87,122
108000376,65,36,29
108000377,416,109,307
108000378,6425,7415,-990
108000379,15,116,-101
108000381,78,12,66
108000382,93,0,93
108000383,2,152,-150
108900001,42,484,-442
108900002,104,31,73
108900003,224,362,-138
108900004,83,381,-298
108900007,305,139,166
108900008,117,111,6
108900009,79,85,-6
108900010,298,105,193
108900011,516,251,265
108900012,308,331,-23
108900013,171,171,0
108900014,8,72,-64
108900015,5,139,-134
108900016,2,137,-135
108900017,179,259,-80
108900018,131,176,-45
108900019,25,280,-255
108900020,40,98,-58
108900021,85,118,-33
108900022,61,2,59
108900023,73,30,43
108900024,20,42,-22
108900025,114,54,60
108900026,2,47,-45
108900027,0,47,-47
108900028,89,123,-34
108900029,38,133,-95
108900030,0,48,-48
108900031,91,124,-33
108900032,0,87,-87
108900033,41,71,-30
108900034,1,98,-97
108900035,234,439,-205
108900038,0,175,-175
108900039,1,178,-177
108900040,4,46,-42
108900041,2865,2547,318
108900042,4,287,-283
108900043,15,202,-187
108900044,0,216,-216
108900045,79,204,-125
108900046,34,332,-298
108900047,63,135,-72
108900048,58,404,-346
108900049,1108,993,115
108900050,0,91,-91
108900051,2,86,-84
108900052,41,89,-48
108900053,32,152,-120
108900054,54,82,-28
108900055,23,198,-175
108900056,1,60,-59
108900057,1,61,-60
108900058,34,141,-107
108900059,341,12,329
108900060,63,99,-36
108900061,49,24,25
108900062,0,111,-111
108900063,9,104,-95
108900064,195,13,182
108900065,4,86,-82
108900066,355,81,274
108900067,9,91,-82
108900068,3,74,-71
108900069,35,38,-3
108900070,22,50,-28
108900071,121,32,89
108900072,1006,285,721
108900073,28,137,-109
108900074,176,101,75
108900075,31,25,6
108900076,284,51,233
108900077,70,152,-82
108900078,16,72,-56
108900079,347,97,250
108900080,18,547,-529
108900081,26,107,-81
108900082,58,57,1
108900083,11,187,-176
108900085,920,116,804
108900086,140,110,30
108900087,61,99,-38
108900088,737,286,451
108900089,16,97,-81
108900090,45,105,-60
108900091,99,36,63
108900092,356,220,136
108900093,96,55,41
108900094,126,41,85
108900095,19,132,-113
108900096,192,7,185
108900097,251,120,131
108900098,904,515,389
108900099,400,114,286
108900100,44,71,-27
108900101,143,153,-10
108900102,44,749,-705
108900103,67,78,-11
108900105,4,981,-977
108900106,442,104,338
108900108,260,38,222
108900109,361,58,303
108900110,190,186,4
108900111,405,232,173
108900113,47,62,-15
108900114,73,10,63
108900115,74,65,9
108900116,36,4,32
108900117,124,5,119
108900118,477,14,463
108900119,261,16,245
108900120,200,111,89
108900121,216,74,142
108900122,160,17,143
108900123,104,90,14
108900124,484,132,352
108900125,407,2,405
108900126,94,25,69
108900127,149,27,122
108900128,91,41,50
108900129,589,85,504
108900130,298,1,297
108900131,334,6,328
108900132,397,42,355
108900133,239,26,213
108900134,347,98,249
108900135,157,8,149
108900136,62,5,57
108900137,124,2,122
108900138,658,41,617
108900140,349,132,217
108900141,305,13,292
108900142,64,5,59
108900143,55,0,55
108900144,66,0,66
108900145,200,12,188
108900146,55,0,55
108900147,188,0,188
108900148,51,13,38
108900150,167,10,157
108900151,77,6,71
108900152,265,6,259
108900153,162,122,40
108900154,2928,262,2666
108900156,78,3,75
108900157,12,148,-136
108900158,242,8,234
108900159,3,66,-63
108900160,8,127,-119
108900161,2,159,-157
108900162,62,0,62
108900163,4,235,-231
108900164,36,56,-20
108900168,3377,1665,1712
108900169,41,57,-16
108900171,2524,2401,123
108900172,142,30,112
108900173,69,226,-157
108900174,636,395,241
108900176,66,191,-125
108900177,2286,4300,-2014
108900178,1859,2779,-920
108900180,102,261,-159
108900183,155,116,39
108900184,491,163,328
108900185,138,260,-122
108900186,67,281,-214
108900189,359,100,259
108900190,508,1146,-638
108900192,58,133,-75
108900195,61,108,-47
108900196,10,148,-138
108900199,167,193,-26
108900200,508,259,249
108900201,388,855,-467
108900203,334,85,249
108900204,233,9,224
108900205,142,23,119
108900206,316,58,258
108900207,160,83,77
108900208,10,155,-145
108900209,118,274,-156
108900210,113,105,8
108900211,116,379,-263
108900212,260,983,-723
108900215,46,200,-154
108900216,213,222,-9
108900217,70,0,70
108900218,53,11,42
108900221,26,108,-82
108900224,21,89,-68
108900225,0,91,-91
108900227,71,261,-190
108900230,119,127,-8
108900232,4,101,-97
108900233,222,37,185
108900234,228,129,99
108900235,115,254,-139
108900236,25,109,-84
108900240,96,79,17
108900241,18,30,-12
108900245,7,880,-873
108900250,69,50,19
108900258,2,75,-73
108900259,45,39,6
108900260,7,50,-43
108900261,39,58,-19
108900262,71,81,-10
108900263,26,72,-46
108900264,339,166,173
108900265,354,306,48
108900266,366,556,-190
108900267,4,88,-84
108900268,4,6,-2
108900269,75,7,68
108900270,53,3,50
108900271,32,6,26
108900272,153,3,150
108900273,416,537,-121
108900274,67,17,50
109000001,1570,1581,-11
109000002,634,1494,-860
109000003,1946,309,1637
109000004,458,1426,-968
109000005,1783,458,1325
109000006,598,1265,-667
109000007,1169,424,745
109000008,436,1062,-626
109000009,2589,1029,1560
109000010,842,2102,-1260
109000011,2858,1417,1441
109000012,1415,1582,-167
109000013,2829,2229,600
109000014,1343,1455,-112
109000015,3661,7970,-4309
109000016,3694,1793,1901
109000017,2082,817,1265
109000018,833,1472,-639
109000019,1923,1035,888
109000020,729,1119,-390
109000023,175,17,158
109000024,28,112,-84
109000025,272,445,-173
109000026,403,271,132
109000027,49,256,-207
109000028,124,48,76
109000029,64,148,-84
109000030,45,328,-283
109000031,135,119,16
109000032,110,262,-152
109000033,217,108,109
109000034,45,32,13
109000035,10,45,-35
109000036,68,206,-138
109000037,181,1505,-1324
109000038,249,207,42
109000039,750,607,143
109000040,1207,5744,-4537
109000041,1297,1283,14
109000042,355,895,-540
109000044,307,137,170
109000045,188,246,-58
109000046,238,46,192
109000047,63,277,-214
109000048,735,299,436
109000049,206,231,-25
109000050,410,330,80
109000051,150,126,24
109000052,377,402,-25
109000053,1189,218,971
109000054,120,218,-98
109000055,153,197,-44
109000056,232,184,48
109000057,472,440,32
109000058,1074,174,900
109000059,538,1248,-710
109000060,596,336,260
109000061,420,698,-278
109000062,98,241,-143
109000063,131,81,50
109000064,240,93,147
109000065,114,92,22
109000066,270,38,232
109000067,48,132,-84
109000068,856,7,849
109000069,425,18,407
109000070,10,1497,-1487
109000071,353,55,298
109000072,84,374,-290
109000073,49,62,-13
109000074,23,129,-106
109000075,74,261,-187
109000076,127,183,-56
109000077,232,244,-12
109000078,90,115,-25
109000079,113,116,-3
109000080,189,66,123
109000081,123,244,-121
109000082,636,113,523
109000083,244,302,-58
109000088,87,227,-140
109000089,239,38,201
109000090,98,215,-117
109000091,232,89,143
109000092,178,225,-47
109000093,258,130,128
109000094,464,2,462
109000095,86,174,-88
109000096,594,199,395
109000097,84,105,-21
109000098,47,79,-32
109000099,559,129,430
109000100,149,415,-266
109000101,1217,322,895
109000102,246,478,-232
109000103,699,363,336
109000104,1428,290,1138
109000105,345,581,-236
109000106,1355,439,916
109000107,431,882,-451
109000108,1380,373,1007
109000109,390,905,-515
109000110,812,335,477
109000111,545,961,-416
109000112,259,85,174
109000113,253,66,187
109000114,111,234,-123
109000115,770,49,721
109000116,17,426,-409
109000117,244,45,199
109000118,12,185,-173
109000119,1128,106,1022
109000120,194,312,-118
109000121,739,56,683
109000122,136,291,-155
109000123,33,110,-77
109000124,676,264,412
109000125,625,197,428
109000126,407,331,76
109000127,1619,213,1406
109000128,384,575,-191
109000129,1821,473,1348
109000130,608,924,-316
109000131,1263,854,409
109000132,823,1408,-585
109000133,193,485,-292
109000134,423,701,-278
109000135,564,936,-372
109000136,227,180,47
109000137,282,236,46
109000138,329,141,188
109000139,426,262,164
109000140,207,320,-113
109000141,710,279,431
109000142,126,271,-145
109000143,116,58,58
109000145,94,280,-186
109000146,41,67,-26
109000148,1411,1058,353
109000149,22,54,-32
109000150,88,197,-109
109000155,674,469,205
109000156,662,341,321
109000158,65,193,-128
109000159,72,202,-130
109000160,860,134,726
109000161,278,494,-216
109000162,1385,387,998
109000163,780,923,-143
109000164,978,1510,-532
109000165,1060,324,736
109000166,633,79,554
109000167,99,246,-147
109000170,35,38,-3
109000171,39,43,-4
109000172,27,43,-16
109000173,10,53,-43
109000174,100,22,78
109000175,84,162,-78
109000176,217,130,87
109000177,23,53,-30
109000178,644,191,453
109000179,1956,3451,-1495
109000180,2249,1988,261
109000181,26,19,7
109000182,52,17,35
109000183,29,7,22
109000184,22,12,10
109000185,32,10,22
109000188,377,684,-307
109000189,1916,508,1408
109000190,661,242,419
109000191,267,260,7
109000192,331,134,197
109000193,127,118,9
109000194,236,55,181
109000195,117,177,-60
109000196,231,88,143
109000197,159,152,7
109000198,249,39,210
109000199,87,206,-119
109000206,197,22,175
109000207,93,29,64
109000208,81,72,9
109000209,109,83,26
109000210,86,241,-155
109000211,513,264,249
109000214,417,326,91
109000215,128,33,95
109000216,220,198,22
109000217,117,104,13
109000218,242,167,75
109000221,365,571,-206
109000222,785,189,596
109000223,265,226,39
109000224,27,60,-33
109000225,96,25,71
109000226,41,119,-78
109000227,770,428,342
109000228,9,2072,-2063
109000231,0,130,-130
109000232,317,159,158
109000236,163,463,-300
109000241,1501,1274,227
109000242,1413,859,554
109000293,63,101,-38
109000361,174,188,-14
109000364,179,288,-109
109000396,2,205,-203
109000397,432,13,419
109000399,98,204,-106
109000400,53,123,-70
109000403,42,1191,-1149
109000406,230,4,226
109000407,195,112,83
109000408,1,285,-284
109000410,628,100,528
109000411,168,28,140
109000412,3,40,-37
109900001,68,2,66
109900002,722,23,699
109900003,257,2,255
109900005,19,5,14
109900006,294,70,224
109900007,641,259,382
109900008,0,12,-12
109900009,87,239,-152
109900010,435,20,415
109900011,73,31,42
109900012,192,122,70
109900013,245,92,153
109900014,278,39,239
109900015,200,123,77
109900016,108,9,99
109900017,154,165,-11
109900018,139,27,112
109900019,187,12,175
109900020,37,25,12
109900021,24,3,21
109900022,159,125,34
109900023,10,2,8
109900024,19,6,13
109900025,6,4,2
109900027,16,16,0
109900028,415,870,-455
109900029,3,100,-97
109900030,29,6,23
109900031,1,98,-97
109900032,4,180,-176
109900033,3,223,-220
109900034,38,4,34
109900035,16,8,8
109900036,18,50,-32
109900037,21,226,-205
109900038,62,144,-82
109900039,9,0,9
109900040,7,286,-279
109900041,33,167,-134
109900042,40,345,-305
109900044,77,122,-45
109900045,77,86,-9
109900046,81,65,16
109900047,182,135,47
109900048,3,36,-33
109900049,6,25,-19
109900050,0,97,-97
109900051,1,20,-19
109900052,32,138,-106
109900053,0,129,-129
109900054,569,92,477
109900055,79,135,-56
109900056,12,121,-109
109900057,1,75,-74
109900058,1,25,-24
109900060,398,72,326
109900061,20,128,-108
109900062,0,56,-56
109900064,383,95,288
109900065,22,94,-72
109900066,312,384,-72
109900067,0,82,-82
109900068,47,4,43
109900069,7,29,-22
109900071,1,21,-20
109900072,10,84,-74
109900073,292,203,89
109900074,6,18,-12
109900075,23,15,8
109900076,25,103,-78
109900077,31,34,-3
109900078,57,130,-73
109900080,80,143,-63
109900081,22,186,-164
109900082,24,154,-130
109900083,24,43,-19
109900084,33,52,-19
109900085,131,313,-182
109900086,109,481,-372
109900087,111,176,-65
109900089,557,170,387
109900092,296,18,278
109900093,764,122,642
109900094,88,54,34
109900095,85,106,-21
109900096,57,2,55
109900097,69,1,68
109900098,426,14,412
109900099,175,5,170
109900100,34,0,34
109900101,469,4,465
109900102,356,11,345
109900103,19,25,-6
109900104,503,298,205
109900105,434,12,422
109900106,302,20,282
109900107,407,46,361
109900108,67,114,-47
109900109,29,73,-44
109900111,136,331,-195
109900114,816,535,281
109900115,139,43,96
109900117,812,68,744
109900121,212,258,-46
109900123,10,78,-68
109900125,0,76,-76
109900126,241,49,192
109900130,2647,1841,806
109900131,43,97,-54
109900132,28,97,-69
109900134,66,73,-7
109900135,201,49,152
109900137,72,132,-60
109900140,158,68,90
109900149,21,35,-14
109900150,6,68,-62
109900151,4,17,-13
109900152,0,15,-15
109900153,0,20,-20
109900154,32,0,32
109900155,61,5,56
109900157,48,136,-88
109900159,110,24,86
109900161,172,44,128
109900162,147,77,70
109900163,297,164,133
109900164,39,142,-103
109900165,272,2,270
109900166,2,74,-72
109900167,96,180,-84
109900168,183,316,-133
109900169,144,72,72
109900170,136,669,-533
109900171,141,50,91
109900172,109,172,-63
109900173,1152,1666,-514
109900174,27,61,-34
109900175,57,49,8
109900176,84,86,-2
109900177,23,116,-93
109900178,6,84,-78
109900179,160,5,155
109900180,4,5,-1
110000001,685,345,340
110000002,427,562,-135
110000003,527,439,88
110000004,361,451,-90
110000005,247,1058,-811
110000006,166,204,-38
110000007,68,47,21
110000008,15,43,-28
110000009,57,17,40
110000010,20,39,-19
110000011,34,34,0
110000012,399,201,198
110000013,31,464,-433
110000014,390,236,154
110000015,145,375,-230
110000016,227,1191,-964
110000017,1664,170,1494
110000018,1350,214,1136
110000019,2,53,-51
110000020,203,150,53
110000021,280,301,-21
110000022,486,87,399
110000023,3,69,-66
110000024,464,227,237
110000025,395,7,388
110000026,8,118,-110
110000027,694,436,258
110000028,722,421,301
110000029,340,349,-9
110000030,179,196,-17
110000031,227,249,-22
110000032,550,209,341
110000033,227,118,109
110000034,305,341,-36
110000035,554,278,276
110000036,589,393,196
110000037,153,242,-89
110000038,199,439,-240
110000039,622,2418,-1796
110000040,250,166,84
110000041,214,1132,-918
110000042,66,232,-166
110000043,574,221,353
110000044,63,291,-228
110000045,456,86,370
110000046,4,35,-31
110000047,24,23,1
110000048,11,21,-10
110000049,22,7,15
110000050,4,23,-19
110000051,43,4,39
110000052,30,22,8
110000053,36,9,27
110000054,93,304,-211
110000055,216,43,173
110000056,111,74,37
110000057,239,346,-107
110000058,727,268,459
110000059,657,356,301
110000060,758,660,98
110000061,502,500,2
110000062,425,586,-161
110000063,42,78,-36
110000064,65,27,38
110000065,81,55,26
110000066,50,22,28
110000067,70,72,-2
110000068,235,42,193
110000069,252,32,220
110000071,196,42,154
110000073,18,9,9
110000075,9,45,-36
110000076,212,166,46
110000077,217,552,-335
110000078,32,14,18
110000080,229,411,-182
110000081,58,172,-114
110000082,44,187,-143
110000083,187,382,-195
110000084,957,627,330
110000085,920,899,21
110000086,776,1593,-817
110000087,12,30,-18
110000088,94,121,-27
110000089,177,61,116
110000090,179,226,-47
110000091,512,168,344
110000092,9,42,-33
110000093,57,29,28
110000094,296,143,153
110000095,141,416,-275
110000096,962,1229,-267
110000097,927,1109,-182
110000098,1283,453,830
110000099,495,1039,-544
110000100,760,219,541
110000101,34,132,-98
110000102,73,26,47
110000104,339,100,239
110000105,63,175,-112
110000106,464,353,111
110000107,180,256,-76
110000108,116,99,17
110000109,175,173,2
110000110,1257,2715,-1458
110000111,2627,2193,434
110000112,586,1010,-424
110000113,148,1802,-1654
110000114,158,411,-253
110000115,339,152,187
110000116,53,47,6
110000117,164,116,48
110000118,364,98,266
110000119,234,136,98
110000120,260,103,157
110000121,65,266,-201
110000122,265,282,-17
110000123,461,280,181
110000124,1,476,-475
110000125,770,7,763
110000126,225,31,194
110000127,832,53,779
110000128,29,551,-522
110000129,5,361,-356
110000130,236,136,100
110000131,68,236,-168
110000132,0,379,-379
110000133,19,364,-345
110000134,19,246,-227
110000135,164,13,151
110000136,33,156,-123
110000137,418,259,159
110000138,585,359,226
110000139,702,504,198
110000140,624,549,75
110000143,338,226,112
110000144,3606,1355,2251
110000145,1667,772,895
110000146,1075,430,645
110000147,295,376,-81
110000148,334,124,210
110000151,593,850,-257
110000152,588,338,250
110000153,90,22,68
110000154,10,30,-20
110000155,809,2816,-2007
110000156,954,1834,-880
110000157,1317,1532,-215
110000160,312,187,125
110000161,134,125,9
110000166,484,44,440
110000167,588,419,169
110000168,700,460,240
110000169,617,251,366
110000170,104,50,54
110000171,435,88,347
110000172,131,427,-296
110000173,742,611,131
110000174,97,411,-314
110000175,561,51,510
110000176,140,317,-177
110000177,126,667,-541
110000178,227,1113,-886
110000179,595,224,371
110000180,222,138,84
110000181,359,261,98
110000182,281,61,220
110000183,3697,4761,-1064
110000184,205,1689,-1484
110000185,366,459,-93
110000186,547,582,-35
110000191,894,158,736
110000192,419,11,408
110000193,828,9,819
110000194,20,403,-383
110000195,354,130,224
110000196,296,156,140
110000197,98,65,33
110000198,87,32,55
110000199,56,94,-38
110000200,693,303,390
110000201,806,814,-8
110000202,934,463,471
110000203,434,382,52
110000204,3,108,-105
110000205,131,44,87
110000206,291,493,-202
110000207,870,240,630
110000208,97,120,-23
110000209,77,357,-280
110000210,1135,304,831
110000211,642,376,266
110000212,389,788,-399
110000213,166,54,112
110000214,227,66,161
110000215,135,144,-9
110000216,81,139,-58
110000217,290,97,193
110000218,100,137,-37
110000219,256,30,226
110000220,35,116,-81
110000221,286,36,250
110000222,37,117,-80
110000223,0,111,-111
110000224,22,10,12
110000225,186,442,-256
110000226,219,34,185
110000227,583,542,41
110000228,188,92,96
110000229,0,91,-91
110000230,353,420,-67
110000231,118,119,-1
110000232,217,133,84
110000233,144,192,-48
110000234,352,415,-63
110000235,503,646,-143
110000236,514,314,200
110000237,1513,762,751
110000238,953,1058,-105
110000239,1436,667,769
110000240,1,26,-25
110000242,0,9,-9
110000243,107,72,35
110000244,60,173,-113
110000245,29,184,-155
110000246,640,318,322
110000247,653,2564,-1911
110000248,1069,845,224
110000249,45,3,42
110000250,24,128,-104
110000251,260,239,21
110000252,208,115,93
110000253,1120,390,730
110000254,379,564,-185
110000255,125,499,-374
110000256,403,189,214
110000257,428,280,148
110000258,10,178,-168
110000259,136,14,122
110000260,29,78,-49
110000263,334,36,298
110000264,265,227,38
110000265,756,1072,-316
110000266,876,1619,-743
110000267,11,63,-52
110000268,188,224,-36
110000269,0,40,-40
110000270,54,1,53
110000271,725,124,601
110000272,758,609,149
110000273,1466,803,663
110000274,150,1195,-1045
110000275,913,403,510
110000276,285,285,0
110000277,262,211,51
110000278,238,421,-183
110000279,615,493,122
110000280,362,189,173
110000281,50,197,-147
110000282,119,16,103
110000283,16,58,-42
110000284,22,23,-1
110000285,2,299,-297
110000286,1,0,1
110000287,34,3,31
110000288,2,55,-53
110000289,375,1450,-1075
110000290,498,455,43
110000291,2309,870,1439
110000292,839,3243,-2404
110000293,455,365,90
110000294,945,723,222
110000295,102,423,-321
110000296,361,165,196
110000297,1519,271,1248
110000298,149,312,-163
110000299,131,57,74
110000301,267,23,244
110000302,413,446,-33
110000303,354,9,345
110000304,168,136,32
110000305,872,11,861
110000306,127,590,-463
110000307,1292,7,1285
110000308,335,3,332
110000309,0,330,-330
110000310,533,34,499
110000311,11,354,-343
110000312,313,75,238
110000313,1421,2120,-699
110000314,0,140,-140
110000315,1663,1527,136
110000316,359,811,-452
110000317,133,447,-314
110000318,2,41,-39
110000319,16,13,3
110000320,28,32,-4
110000321,12,25,-13
110000322,211,170,41
110000323,344,88,256
110000324,1798,973,825
110000325,1460,1941,-481
110000327,240,134,106
110000328,99,193,-94
110000333,794,455,339
110000334,530,632,-102
110000335,520,250,270
110000336,501,563,-62
110000337,1150,343,807
110000338,364,114,250
110000339,288,129,159
110000340,53,118,-65
110000341,380,303,77
110000342,145,1,144
110000343,0,18,-18
110000344,195,101,94
110000345,226,96,130
110000346,1286,1201,85
110000347,819,522,297
110000348,24,8,16
110000349,7,7,0
110000350,52,2,50
110000351,863,529,334
110000352,533,982,-449
110000353,1466,380,1086
110000354,735,1981,-1246
110000355,55,42,13
110000356,466,8,458
110000357,329,16,313
110000361,15,16,-1
110000362,52,3,49
110000363,422,57,365
110000364,225,174,51
110000365,100,0,100
110000366,0,45,-45
110000367,245,84,161
110000368,3,36,-33
110000369,35,0,35
110000373,3,127,-124
110000374,73,11,62
110000375,100,627,-527
110000376,19,60,-41
110000377,42,318,-276
110000378,8,268,-260
110000379,1316,1204,112
110000380,39,6,33
110000383,2,1108,-1106
110000384,1045,814,231
110000385,0,112,-112
110000387,46,8,38
110000388,32,113,-81
110000389,602,0,602
110000391,597,118,479
110000396,172,66,106
110000397,120,53,67
110000398,1,18,-17
110000399,161,34,127
110000587,125,39,86
110000589,145,98,47
110000640,186,33,153
110000652,11,143,-132
110000653,280,231,49
110000654,60,1260,-1200
110000656,0,213,-213
110000674,14,18,-4
110000675,9,7,2
110000676,3,30,-27
110000679,186,840,-654
110000682,78,109,-31
110000683,167,342,-175
110000684,1,16,-15
110000685,10,12,-2
110000686,1,18,-17
110000687,14,3,11
110000688,28,706,-678
110000689,25,5,20
110000692,19,83,-64
110000693,49,175,-126
110000694,1,99,-98
110000695,186,328,-142
110000696,28,33,-5
110000698,53,511,-458
110000699,96,223,-127
110900001,162,15,147
110900002,247,86,161
110900003,579,218,361
110900004,361,76,285
110900005,1124,1624,-500
110900006,60,5,55
110900007,118,24,94
110900008,19,34,-15
110900009,305,111,194
110900010,14,36,-22
110900011,18,27,-9
110900012,15,34,-19
110900013,735,94,641
110900014,349,28,321
110900015,232,402,-170
110900016,28,64,-36
110900017,339,10,329
110900018,246,28,218
110900019,255,14,241
110900020,82,106,-24
110900021,57,222,-165
110900022,67,119,-52
110900023,43,196,-153
110900024,26,153,-127
110900025,11,28,-17
110900027,33,93,-60
110900028,18,44,-26
110900029,8,114,-106
110900030,26,88,-62
110900031,7,96,-89
110900032,0,47,-47
110900033,32,63,-31
110900035,12,333,-321
110900036,75,5,70
110900037,67,5,62
110900038,379,137,242
110900039,5,135,-130
110900040,123,11,112
110900041,10,32,-22
110900042,87,25,62
110900043,2,33,-31
110900044,125,12,113
110900045,37,152,-115
110900046,7,110,-103
110900047,146,163,-17
110900049,48,49,-1
110900050,19,7,12
110900052,4,114,-110
110900053,53,11,42
110900054,12,99,-87
110900055,17,1,16
110900056,55,58,-3
110900057,8,95,-87
110900058,166,50,116
110900059,351,263,88
110900060,352,69,283
110900061,15,25,-10
110900062,117,84,33
110900063,36,79,-43
110900064,13,0,13
110900065,169,70,99
110900066,7,42,-35
110900067,97,300,-203
110900068,177,102,75
110900069,1,5,-4
110900070,110,46,64
110900071,106,361,-255
110900073,0,11,-11
110900074,308,70,238
110900075,352,43,309
110900077,583,342,241
110900078,43,20,23
110900079,1369,957,412
110900080,91,58,33
110900081,6,16,-10
110900082,95,56,39
110900083,97,39,58
110900084,40,42,-2
110900085,32,107,-75
110900086,45,213,-168
110900087,236,52,184
110900088,4,9,-5
110900090,18,32,-14
110900091,4,32,-28
110900093,134,61,73
110900095,22,24,-2
110900097,8,11,-3
110900098,20,48,-28
110900099,21,147,-126
110900100,0,10,-10
110900102,47,14,33
110900105,352,95,257
110900108,24,20,4
110900111,230,82,148
110900112,519,6,513
110900113,235,23,212
110900115,4,22,-18
110900116,600,605,-5
110900118,50,2604,-2554
110900119,1297,167,1130
110900120,21,54,-33
110900121,101,3,98
110900122,348,117,231
110900125,279,302,-23
110900127,392,885,-493
110900128,233,406,-173
110900129,220,661,-441
110900130,526,499,27
110900131,166,33,133
110900132,267,43,224
110900133,42,107,-65
110900135,45,107,-62
110900136,291,5,286
110900138,0,9,-9
110900139,0,2,-2
110900140,1,0,1
110900141,138,139,-1
110900142,29,49,-20
110900143,96,27,69
110900144,2,315,-313
110900145,156,40,116
110900146,183,153,30
110900147,57,160,-103
110900148,1,122,-121
110900149,0,35,-35
110900150,28,10,18
110900151,2,41,-39
110900152,35,89,-54
110900153,124,46,78
111000001,514,368,146
111000002,534,462,72
111000003,1339,521,818
111000004,334,549,-215
111000005,1311,932,379
111000006,619,1149,-530
111000007,2905,2386,519
111000008,1147,1960,-813
111000009,389,546,-157
111000010,705,228,477
111000011,319,790,-471
111000012,527,335,192
111000013,390,633,-243
111000014,1134,346,788
111000017,139,645,-506
111000018,161,279,-118
111000020,677,1200,-523
111000021,36,57,-21
111000023,53,98,-45
111000025,3482,2801,681
111000029,78,86,-8
111000030,35,87,-52
111000031,1417,729,688
111000032,437,235,202
111000033,168,192,-24
111000034,120,245,-125
111000037,773,466,307
111000038,2360,1122,1238
111000039,1269,1084,185
111000040,1244,1344,-100
111000041,1004,906,98
111000042,1534,1345,189
111000043,1328,2574,-1246
111000044,1304,909,395
111000045,1922,1729,193
111000046,1218,1268,-50
111000047,2101,3309,-1208
111000049,276,247,29
111000050,891,735,156
111000051,364,663,-299
111000052,448,1078,-630
111000053,260,549,-289
111000054,269,433,-164
111000055,784,955,-171
111000056,187,303,-116
111000057,113,281,-168
111000058,403,58,345
111000059,636,182,454
111000060,3219,610,2609
111000061,503,261,242
111000062,642,257,385
111000063,1536,785,751
111000064,562,452,110
111000065,919,694,225
111000066,452,343,109
111000067,363,335,28
111000068,512,726,-214
111000069,1179,1172,7
111000070,697,554,143
111000071,184,335,-151
111000072,1009,372,637
111000073,234,840,-606
111000074,1150,1130,20
111000075,863,419,444
111000076,411,365,46
111000077,1208,1247,-39
111000078,2025,1019,1006
111000079,836,448,388
111000080,404,433,-29
111000081,1014,2685,-1671
111000082,456,380,76
111000084,615,302,313
111000085,639,697,-58
111000086,1195,634,561
111000087,526,312,214
111000088,2433,1726,707
111000089,636,474,162
111000090,545,848,-303
111000091,575,271,304
111000092,1223,525,698
111000093,662,865,-203
111000094,1491,761,730
111000095,465,1749,-1284
111000096,855,5974,-5119
111000097,2804,1050,1754
111000098,606,653,-47
111000099,354,989,-635
111000100,307,759,-452
111000101,249,419,-170
111000102,223,262,-39
111000104,565,106,459
111000107,114,383,-269
111000109,674,134,540
111000110,1225,422,803
111000111,1997,366,1631
111000112,1484,470,1014
111000113,632,1268,-636
111000114,1606,2805,-1199
111000115,2660,852,1808
111000116,764,584,180
111000117,304,650,-346
111000118,1033,539,494
111000119,972,585,387
111000120,435,360,75
111000121,245,454,-209
111000122,394,612,-218
111000123,840,1189,-349
111000124,259,1169,-910
111000125,216,571,-355
111000126,99,482,-383
111000127,769,81,688
111000128,1598,213,1385
111000129,2274,305,1969
111000130,1826,454,1372
111000131,1454,374,1080
111000132,1304,693,611
111000133,129,63,66
111000134,122,54,68
111000135,48,93,-45
111000136,380,203,177
111000138,9,3,6
111000140,2,8,-6
111000141,177,324,-147
111000142,16,273,-257
111000143,15,372,-357
111000144,70,1946,-1876
111000145,288,14,274
111000146,119,9,110
111000147,184,25,159
111000148,141,90,51
111000149,1,10,-9
111000150,21,1,20
111000151,2,18,-16
111000153,377,526,-149
111000154,512,173,339
111000155,80,122,-42
111000156,342,405,-63
111000157,137,662,-525
111000158,534,459,75
111000159,2166,698,1468
111000160,386,362,24
111000161,14,307,-293
111000162,30,109,-79
111000163,553,456,97
111000164,373,1591,-1218
111000165,579,291,288
111000166,937,224,713
111000167,124,179,-55
111000168,137,267,-130
111000169,266,466,-200
111000170,304,285,19
111000171,400,237,163
111000172,141,243,-102
111000173,391,410,-19
111000174,207,130,77
111000175,35,158,-123
111000176,223,94,129
111000177,340,81,259
111000178,1261,167,1094
111000179,289,86,203
111000180,198,344,-146
111000181,1189,159,1030
111000182,167,136,31
111000183,311,196,115
111000184,286,146,140
111000185,258,233,25
111000186,257,176,81
111000187,94,113,-19
111000188,248,255,-7
111000189,540,381,159
111000190,178,185,-7
111000191,149,133,16
111000192,147,249,-102
111000193,217,198,19
111000194,55,187,-132
111000195,160,177,-17
111000196,64,125,-61
111000197,426,75,351
111000198,656,55,601
111000199,227,92,135
111000200,439,215,224
111000201,682,171,511
111000202,245,158,87
111000203,329,265,64
111000204,378,1206,-828
111000213,154,338,-184
111000214,1073,781,292
111000215,1018,752,266
111000217,1153,474,679
111000218,942,669,273
111000219,325,151,174
111000220,679,384,295
111000221,373,63,310
111000224,63,241,-178
111000225,297,280,17
111000226,65,0,65
111000227,23,4,19
111000228,15,327,-312
111000229,33,761,-728
111000230,154,122,32
111000231,937,338,599
111000232,522,473,49
111000233,888,440,448
111000234,108,334,-226
111000239,69,82,-13
111000240,39,180,-141
111000241,44,127,-83
111000242,191,53,138
111000243,98,238,-140
111000244,480,64,416
111000245,944,237,707
111000246,464,151,313
111000247,256,381,-125
111000248,543,268,275
111000249,334,316,18
111000250,38,30,8
111000251,41,71,-30
111000253,9,9,0
111000255,30,4,26
111000257,35,14,21
111000260,32,696,-664
111000261,1072,60,1012
111000271,57,193,-136
111000273,1594,757,837
111000274,935,1494,-559
111000275,205,31,174
111000276,186,749,-563
111000277,131,168,-37
111000278,425,126,299
111000291,737,4874,-4137
111000298,386,106,280
111000299,524,85,439
111000300,69,338,-269
111000302,281,31,250
111000303,81,93,-12
111000312,29,52,-23
111000315,10,52,-42
111000320,161,323,-162
111000321,275,85,190
111000322,218,221,-3
111000323,220,21,199
111000324,212,148,64
111000325,30,46,-16
111000326,147,187,-40
111000327,285,174,111
111000328,203,358,-155
111000329,0,22,-22
111000330,44,2,42
111000331,14,4,10
111000332,385,862,-477
111000334,249,737,-488
111000335,782,166,616
111000337,1090,194,896
111000338,74,56,18
111000339,421,125,296
111000340,98,319,-221
111000341,1052,425,627
111000342,86,1120,-1034
111000344,755,418,337
111000345,129,111,18
111000346,33,220,-187
111000347,125,3,122
111000350,130,67,63
111000351,104,200,-96
111000352,207,55,152
111000353,115,133,-18
111000354,472,75,397
111000355,368,277,91
111000358,144,483,-339
111000360,160,282,-122
111000361,126,128,-2
111000546,646,343,303
111000547,325,194,131
111000548,126,175,-49
111000549,252,129,123
111000550,76,646,-570
111000551,484,117,367
111000552,725,183,542
111000907,407,8,399
111000908,33,0,33
111000916,1531,127,1404
111000917,23,196,-173
111000918,172,356,-184
111000920,528,8,520
111000921,16,76,-60
111000922,436,128,308
111000924,24,320,-296
111000925,2530,1444,1086
111000926,950,928,22
111000927,2008,3301,-1293
111000928,3011,1689,1322
111000929,1141,909,232
111000930,565,1132,-567
111000931,1624,1812,-188
111000932,2738,1185,1553
111000933,2507,1784,723
111000934,1203,1650,-447
111000935,1260,666,594
111000936,794,954,-160
111000937,953,909,44
111000938,1000,730,270
111000939,504,51,453
111000940,420,68,352
111000941,427,191,236
111000943,478,192,286
111000944,158,151,7
111000945,63,736,-673
111001109,358,325,33
111001110,139,302,-163
111001111,79,5,74
111001112,74,0,74
111001113,3,116,-113
111001114,426,146,280
111001115,44,538,-494
111001116,2350,2987,-637
111001117,470,1819,-1349
111001120,98,124,-26
111001121,134,102,32
111001122,185,210,-25
111001123,311,58,253
111001124,133,71,62
111001125,2,166,-164
111001126,0,0,0
111001127,0,19,-19
111001128,603,317,286
111001129,2,248,-246
111900001,2,78,-76
111900002,3,240,-237
111900003,0,164,-164
111900004,6,39,-33
111900006,5,41,-36
111900007,87,6,81
111900008,137,2,135
111900009,103,0,103
111900010,181,183,-2
111900012,45,44,1
111900013,4,15,-11
111900014,1885,3062,-1177
111900015,1,37,-36
111900016,0,39,-39
111900017,0,44,-44
111900018,167,2,165
111900019,1,83,-82
111900020,0,28,-28
111900021,27,65,-38
111900022,7,25,-18
111900023,62,47,15
111900024,273,105,168
111900025,0,32,-32
111900026,1,39,-38
111900027,0,94,-94
111900028,0,136,-136
111900029,5,30,-25
111900030,23,124,-101
111900032,1,142,-141
111900033,3,49,-46
111900034,171,214,-43
111900035,46,130,-84
111900036,1,140,-139
111900038,180,269,-89
111900039,36,202,-166
111900040,0,174,-174
111900042,18,85,-67
111900043,1,132,-131
111900044,187,109,78
111900046,31,43,-12
111900048,220,249,-29
111900049,22,91,-69
111900050,70,12,58
111900051,2,130,-128
111900052,215,165,50
111900053,430,1259,-829
111900054,75,3,72
111900055,13,156,-143
111900056,90,245,-155
111900057,108,42,66
111900058,482,230,252
111900059,766,464,302
111900060,290,3,287
111900061,11,64,-53
111900062,19,52,-33
111900063,175,245,-70
111900064,50,102,-52
111900065,105,14,91
111900066,110,103,7
111900067,1,162,-161
111900068,27,19,8
111900069,58,21,37
111900070,147,63,84
111900071,1,84,-83
111900072,16,17,-1
111900073,644,184,460
111900074,8,77,-69
111900075,45,7,38
111900076,159,61,98
111900077,29,2,27
111900078,221,35,186
111900079,49,21,28
111900080,144,207,-63
111900082,189,29,160
111900083,98,20,78
111900084,118,6,112
111900085,28,111,-83
111900086,62,4,58
111900087,56,1,55
111900088,460,16,444
111900089,31,1,30
111900090,45,30,15
111900091,217,5,212
111900092,86,3,83
111900093,330,0,330
111900094,51,2,49
111900095,205,11,194
111900096,175,6,169
111900097,37,0,37
111900098,242,1,241
111900099,18,0,18
111900100,97,3,94
111900101,55,10,45
111900102,397,201,196
111900103,55,46,9
111900104,92,38,54
111900105,136,90,46
111900106,317,21,296
111900110,685,209,476
111900111,81,1,80
111900112,232,2355,-2123
111900113,105,62,43
111900118,244,73,171
111900119,203,127,76
111900122,75,74,1
111900123,7,17,-10
111900124,18,41,-23
111900125,425,35,390
111900126,222,2,220
111900127,4,304,-300
111900128,0,228,-228
111900129,202,6,196
111900130,104,26,78
111900131,401,2,399
111900132,16,385,-369
111900133,50,175,-125
111900134,5,111,-106
111900135,13,19,-6
111900136,51,119,-68
111900137,40,35,5
111900138,12,35,-23
111900139,4,47,-43
111900140,85,25,60
111900141,48,12,36
111900142,72,29,43
111900143,34,38,-4
111900144,0,36,-36
111900145,2,180,-178
111900146,0,100,-100
111900147,51,176,-125
111900148,36,307,-271
111900149,4,111,-107
111900150,7,43,-36
111900151,1,13,-12
111900152,94,55,39
111900153,658,540,118
111900154,24,258,-234
111900155,45,105,-60
111900156,51,65,-14
111900157,110,17,93
111900158,441,62,379
111900159,302,17,285
111900160,267,0,267
111900161,199,2,197
111900162,49,105,-56
111900163,8,113,-105
111900164,51,38,13
111901113,414,131,283
111901114,128,108,20
111901115,31,3,28
111901116,28,3,25
111901117,27,19,8
111901118,17,121,-104
111901119,280,39,241
111901121,52,77,-25
111901122,3,199,-196
111901123,177,127,50
111901124,155,3,152
111901125,431,124,307
111901127,142,262,-120
111901128,5,24,-19
111901129,4,43,-39
111901130,1,30,-29
111901131,1,147,-146
111901132,106,28,78
111901133,24,0,24
111901134,52,0,52
111901135,24,8,16
111901138,119,29,90
111901139,18,9,9
111901140,4,15,-11
111901141,3,36,-33
111901142,2,29,-27
111901143,1,29,-28
111901144,34,36,-2
111901145,109,195,-86
111901146,208,13,195
111901147,172,13,159
111901148,8,39,-31
111901149,7,2,5
111901150,15,2,13
111901151,0,0,0
111901152,3,8,-5
112000001,1289,466,823
112000002,459,1132,-673
112000003,1272,815,457
112000004,496,323,173
112000005,2753,3009,-256
112000006,1441,707,734
112000007,2455,1743,712
112000008,2011,2969,-958
112000009,1730,1512,218
112000010,2251,2582,-331
112000011,1098,866,232
112000012,2150,3336,-1186
112000013,2074,1873,201
112000014,1425,1747,-322
112000015,2248,2141,107
112000016,2222,1327,895
112000017,884,1740,-856
112000024,1425,477,948
112000026,1543,1975,-432
112000027,543,602,-59
112000028,685,729,-44
112000029,483,507,-24
112000030,99,31,68
112000031,841,2943,-2102
112000032,118,22,96
112000033,1079,1515,-436
112000034,132,35,97
112000035,43,203,-160
112000036,436,616,-180
112000037,701,532,169
112000038,1181,754,427
112000039,125,47,78
112000040,53,168,-115
112000041,321,234,87
112000042,699,260,439
112000050,996,923,73
112000051,852,1110,-258
112000054,882,825,57
112000057,242,183,59
112000058,134,313,-179
112000059,263,480,-217
112000061,1533,1055,478
112000062,795,688,107
112000063,468,1806,-1338
112000064,1941,2771,-830
112000065,1007,1355,-348
112000066,2506,1186,1320
112000067,461,394,67
112000068,2385,2224,161
112000069,348,1011,-663
112000070,1163,808,355
112000071,683,1274,-591
112000072,1912,580,1332
112000073,1002,1173,-171
112000074,1205,861,344
112000075,1278,983,295
112000076,2140,1420,720
112000077,692,310,382
112000078,1479,423,1056
112000079,1089,849,240
112000080,615,437,178
112000081,959,1546,-587
112000082,979,558,421
112000083,409,673,-264
112000084,1072,571,501
112000085,1063,510,553
112000086,1369,744,625
112000087,485,342,143
112000088,707,269,438
112000089,181,185,-4
112000090,192,176,16
112000091,441,496,-55
112000092,1491,761,730
112000093,1154,511,643
112000094,567,536,31
112000095,518,517,1
112000096,475,369,106
112000097,1040,513,527
112000098,519,470,49
112000099,645,1386,-741
112000100,1750,525,1225
112000101,406,393,13
112000102,1268,390,878
112000103,319,480,-161
112000105,603,750,-147
112000106,1970,318,1652
112000107,98,129,-31
112000108,304,758,-454
112000109,196,78,118
112000110,1520,473,1047
112000111,505,1500,-995
112000112,1772,428,1344
112000113,507,919,-412
112000114,1616,574,1042
112000115,277,228,49
112000116,526,538,-12
112000117,923,605,318
112000118,706,443,263
112000119,358,347,11
112000120,46,163,-117
112000121,76,219,-143
112000122,243,89,154
112000123,595,106,489
112000124,407,50,357
112000125,234,159,75
112000126,225,215,10
112000127,1295,1584,-289
112000128,361,335,26
112000129,80,52,28
112000130,191,78,113
112000131,37,165,-128
112000132,118,141,-23
112000133,341,104,237
112000134,339,197,142
112000135,1061,497,564
112000136,568,856,-288
112000137,1189,1003,186
112000138,1008,664,344
112000139,628,528,100
112000140,514,735,-221
112000141,762,279,483
112000142,118,294,-176
112000143,977,158,819
112000144,168,549,-381
112000145,2223,423,1800
112000146,431,930,-499
112000147,2379,1254,1125
112000148,1090,1108,-18
112000149,327,270,57
112000150,236,312,-76
112000151,267,150,117
112000152,366,242,124
112000153,145,115,30
112000154,95,113,-18
112000155,96,71,25
112000157,357,363,-6
112000158,216,196,20
112000159,457,223,234
112000167,320,109,211
112000169,206,268,-62
112000173,611,141,470
112000175,275,198,77
112000176,1064,1156,-92
112000177,663,144,519
112000178,31,123,-92
112000179,246,55,191
112000180,222,262,-40
112000181,1024,916,108
112000182,1100,527,573
112000183,21,19,2
112000184,363,162,201
112000185,530,303,227
112000187,2531,1607,924
112000195,63,22,41
112000196,180,3,177
112000197,158,142,16
112000198,36,195,-159
112000199,634,502,132
112000202,352,0,352
112000216,43,153,-110
112000230,85,4,81
112000231,1,114,-113
112000256,41,157,-116
112000313,29,68,-39
112000314,39,30,9
112000337,166,399,-233
112000352,155,308,-153
112000392,800,806,-6
112000398,1271,602,669
112000399,1058,1793,-735
112000400,945,1139,-194
112000401,1860,1024,836
112000402,2574,2642,-68
112000403,1048,2404,-1356
112000404,874,713,161
112000405,1813,2182,-369
112000406,1773,1093,680
112000407,5871,6196,-325
112000408,4328,2932,1396
112000409,1075,1971,-896
112000410,279,267,12
112000411,1704,1056,648
112000412,817,354,463
112000413,3956,4914,-958
112000414,53,34,19
112000415,78,22,56
112000416,2345,1058,1287
112000417,293,63,230
112000421,38,53,-15
112000422,230,144,86
112000424,1051,2049,-998
112000425,138,180,-42
112000426,117,186,-69
112000427,1,7,-6
112000428,189,253,-64
112000429,1501,1290,211
112000430,1845,1703,142
112000431,112,98,14
112000432,518,619,-101
112000433,130,380,-250
112000437,62,90,-28
112900001,57,1,56
112900002,364,465,-101
112900003,47,180,-133
112900004,23,71,-48
112900005,181,108,73
112900007,20,123,-103
112900008,0,46,-46
112900009,202,99,103
112900010,346,464,-118
112900011,99,82,17
112900012,2,27,-25
112900013,5,83,-78
112900014,1,111,-110
112900015,180,413,-233
112900016,6,111,-105
112900017,15,128,-113
112900018,385,369,16
112900019,18,58,-40
112900020,210,600,-390
112900021,2,95,-93
112900022,16,31,-15
112900023,0,84,-84
112900024,20,95,-75
112900025,42,134,-92
112900026,8,84,-76
112900027,5,446,-441
112900028,17,52,-35
112900029,20,256,-236
112900030,56,77,-21
112900031,0,192,-192
112900032,117,135,-18
112900034,1,20,-19
112900035,3,163,-160
112900036,22,73,-51
112900037,103,164,-61
112900038,426,64,362
112900039,7,141,-134
112900040,6,267,-261
112900041,376,669,-293
112900042,24,103,-79
112900043,26,24,2
112900044,314,226,88
112900045,117,192,-75
112900046,114,37,77
112900047,11,8,3
112900049,176,40,136
112900050,20,264,-244
112900051,153,236,-83
112900052,3,315,-312
112900053,100,55,45
112900054,105,36,69
112900055,45,33,12
112900056,243,155,88
112900057,5,278,-273
112900058,248,313,-65
112900059,76,89,-13
112900060,20,97,-77
112900061,66,53,13
112900062,57,57,0
112900063,58,15,43
112900064,62,99,-37
112900065,10,21,-11
112900066,200,150,50
112900067,178,84,94
112900068,45,37,8
112900069,797,651,146
112900071,20,5,15
112900072,52,1522,-1470
112900073,338,88,250
112900074,60,260,-200
112900075,541,662,-121
112900076,41,28,13
112900078,210,336,-126
112900079,190,11,179
112900080,35,1,34
112900081,45,171,-126
112900082,433,23,410
112900083,106,98,8
112900084,219,113,106
112900086,71,0,71
112900087,491,90,401
112900088,106,14,92
112900089,547,29,518
112900090,66,42,24
112900091,201,1,200
112900092,53,263,-210
112900093,973,21,952
112900095,40,0,40
112900096,499,123,376
112900097,59,128,-69
112900098,68,2,66
112900099,676,10,666
112900100,59,0,59
112900101,307,0,307
112900102,101,8,93
112900103,168,3,165
112900104,520,3,517
112900105,14,0,14
112900106,324,74,250
112900107,6,0,6
112900108,11,0,11
112900109,112,0,112
112900110,1165,21,1144
112900111,662,1,661
112900112,319,0,319
112900113,0,7,-7
112900114,186,22,164
112900115,1297,4,1293
112900116,94,4,90
112900117,83,34,49
112900118,12,68,-56
112900119,140,1,139
112900120,354,153,201
112900121,38,74,-36
112900122,3,40,-37
112900123,69,8,61
112900124,4,41,-37
112900125,22,254,-232
112900126,102,119,-17
112900127,248,70,178
112900128,113,381,-268
112900129,2,395,-393
112900130,178,61,117
112900131,15,159,-144
112900132,77,246,-169
112900133,24,479,-455
112900134,0,86,-86
112900135,43,27,16
112900137,20,212,-192
112900138,0,91,-91
112900139,90,571,-481
112900141,473,27,446
112900142,70,136,-66
112900143,4,203,-199
112900144,10,426,-416
112900145,21,220,-199
112900146,30,534,-504
112900147,1,620,-619
112900148,35,0,35
112900149,117,242,-125
112900151,12,40,-28
112900152,1976,353,1623
112900153,963,1779,-816
112900154,0,52,-52
112900155,123,8,115
112900156,406,568,-162
112900157,173,25,148
112900158,66,1,65
112900159,148,135,13
112900160,56,123,-67
112900161,97,32,65
112900162,26,15,11
112900163,31,28,3
112900164,28,150,-122
112900165,68,13,55
112900166,8,58,-50
112900167,1,80,-79
112900168,4,2,2
112900169,6,9,-3
112900170,100,58,42
112900172,31,9,22
112900173,112,73,39
112900174,204,46,158
112900175,106,97,9
112900176,25,51,-26
112900177,156,46,110
112900178,485,1994,-1509
112900179,20,174,-154
112900180,1410,856,554
112900181,495,5,490
112900182,50,411,-361
112900183,77,201,-124
112900184,246,295,-49
112900185,103,370,-267
112900186,620,685,-65
112900187,58,416,-358
112900188,478,586,-108
112900189,12,7,5
112900190,2,10,-8
112900192,418,545,-127
112900193,704,265,439
112900194,60,28,32
112900195,760,38,722
112900196,183,180,3
112900197,91,195,-104
112900199,398,157,241
112900200,353,124,229
112900201,140,46,94
112900202,341,405,-64
112900203,203,136,67
112900204,558,453,105
112900205,1,4,-3
112900206,18,114,-96
112900207,15,0,15
112900208,80,358,-278
112900209,275,227,48
112900210,0,12,-12
112900211,52,6,46
112900212,0,48,-48
112900213,30,3,27
112900214,5,7,-2
112900215,12,71,-59
112900216,13,31,-18
112900217,0,63,-63
112900218,104,1,103
112900219,72,0,72
112900220,2,0,2
112900221,15,84,-69
112900222,1,22,-21
112900223,793,14,779
112900224,247,218,29
112900225,390,183,207
112900226,78,205,-127
112900227,267,153,114
112900228,51,17,34
112900229,198,25,173
112900230,3174,2374,800
112900232,131,194,-63
112900233,48,83,-35
112900234,7,25,-18
112900235,63,17,46
112900236,222,7,215
112900237,239,108,131
112900238,2,10,-8
112900239,539,285,254
112900240,1,16,-15
112900241,3,32,-29
112900242,6,52,-46
112900243,9,51,-42
112900244,7,38,-31
112900245,1,17,-16
112900246,1,4,-3
112900247,69,29,40
112900248,4,0,4
112900249,19,1,18
112900250,63,6,57
112900251,61,10,51
112900252,101,7,94
112900253,34,1,33
112900254,7,5,2
112900255,3,17,-14
112900256,3,34,-31
112900257,12,27,-15
112900258,31,9,22
113000001,4223,3386,837
113000002,2495,2267,228
113000003,1222,1056,166
113000004,1112,1422,-310
113000005,1166,707,459
113000006,845,804,41
113000007,1327,709,618
113000008,1097,949,148
113000009,856,500,356
113000010,867,654,213
113000011,540,730,-190
113000012,1184,491,693
113000013,732,509,223
113000014,665,813,-148
113000015,181,112,69
113000016,183,430,-247
113000017,13,194,-181
113000018,277,42,235
113000019,144,161,-17
113000020,451,53,398
113000021,871,356,515
113000022,559,616,-57
113000025,54,179,-125
113000026,385,289,96
113000027,379,483,-104
113000028,398,413,-15
113000029,476,521,-45
113000030,216,319,-103
113000031,149,222,-73
113000032,134,284,-150
113000033,177,255,-78
113000034,158,197,-39
113000035,31,19,12
113000036,9,29,-20
113000037,50,26,24
113000038,6,33,-27
113000039,67,287,-220
113000040,56,47,9
113000042,503,411,92
113000051,614,1534,-920
113000052,1349,486,863
113000053,342,201,141
113000054,253,461,-208
113000055,1134,253,881
113000056,809,524,285
113000058,390,584,-194
113000059,768,292,476
113000060,221,359,-138
113000061,300,544,-244
113000062,350,235,115
113000063,223,44,179
113000064,55,149,-94
113000065,140,412,-272
113000066,636,73,563
113000067,1917,612,1305
113000068,320,528,-208
113000069,457,559,-102
113000070,1974,634,1340
113000071,310,282,28
113000072,637,227,410
113000073,204,736,-532
113000074,633,241,392
113000075,1270,583,687
113000076,465,1557,-1092
113000077,584,536,48
113000078,373,1246,-873
113000079,327,562,-235
113000080,400,461,-61
113000081,394,380,14
113000082,633,463,170
113000083,410,574,-164
113000084,1016,706,310
113000085,596,522,74
113000086,623,716,-93
113000087,669,648,21
113000088,1385,852,533
113000089,647,1081,-434
113000090,142,520,-378
113000091,305,284,21
113000094,895,173,722
113000095,198,471,-273
113000096,97,483,-386
113000097,799,238,561
113000098,57,34,23
113000099,639,323,316
113000100,107,245,-138
113000101,188,344,-156
113000102,495,434,61
113000103,1203,224,979
113000104,404,1537,-1133
113000105,600,274,326
113000106,199,193,6
113000107,700,471,229
113000108,506,543,-37
113000109,464,1065,-601
113000110,1381,288,1093
113000111,172,401,-229
113000112,330,181,149
113000113,799,243,556
113000114,245,847,-602
113000116,323,195,128
113000117,536,65,471
113000118,30,266,-236
113000119,255,186,69
113000120,45,151,-106
113000121,289,522,-233
113000124,190,84,106
113000125,44,617,-573
113000127,1239,155,1084
113000128,433,233,200
113000129,256,475,-219
113000133,1330,869,461
113000134,0,791,-791
113000135,3010,3627,-617
113000137,891,2352,-1461
113000139,158,154,4
113000140,48,134,-86
113000141,75,138,-63
113000142,167,541,-374
113000143,202,125,77
113000144,197,354,-157
113000145,69,55,14
113000146,63,45,18
113000147,122,49,73
113000148,178,86,92
113000149,108,82,26
113000150,398,174,224
113000151,32,32,0
113000152,21,67,-46
113000153,638,282,356
113000154,401,999,-598
113000155,239,449,-210
113000156,100,219,-119
113000157,201,525,-324
113000158,471,177,294
113000159,562,456,106
113000160,399,496,-97
113000161,186,151,35
113000162,535,230,305
113000163,103,43,60
113000164,12,42,-30
113000166,123,66,57
113000167,23,38,-15
113000168,45,65,-20
113000169,190,27,163
113000170,83,57,26
113000171,34,72,-38
113000172,239,43,196
113000173,94,26,68
113000174,66,224,-158
113000175,298,76,222
113000176,340,148,192
113000177,151,281,-130
113000178,93,165,-72
113000179,253,117,136
113000180,378,687,-309
113000181,995,511,484
113000182,95,236,-141
113000183,63,375,-312
113000184,27,52,-25
113000189,285,568,-283
113000190,326,288,38
113000192,634,1940,-1306
113000193,1554,1758,-204
113000194,611,837,-226
113000195,984,831,153
113000196,139,61,78
113000197,775,875,-100
113000198,69,164,-95
113000199,796,169,627
113000201,153,261,-108
113000202,2475,589,1886
113000203,76,168,-92
113000204,490,1749,-1259
113000205,10,10,0
113000206,5,23,-18
113000207,71,11,60
113000208,29,23,6
113000209,16,9,7
113000210,7,11,-4
113000211,115,249,-134
113000212,54,21,33
113000213,11,84,-73
113000214,142,186,-44
113000234,118,437,-319
113000410,59,152,-93
113000411,1282,2246,-964
113000412,2669,1537,1132
113000413,983,2031,-1048
113000414,2573,8612,-6039
113000415,1130,1488,-358
113000416,3319,2189,1130
113000417,1070,1398,-328
113000418,2819,2279,540
113000419,925,1243,-318
113000420,2320,3929,-1609
113000421,2489,4560,-2071
113000422,6034,7322,-1288
113000423,980,3650,-2670
113000424,1355,7069,-5714
113000425,2,48,-46
113000428,14,13,1
113000430,3,24,-21
113000432,1794,119,1675
113000433,42,371,-329
113000434,18,57,-39
113000435,29,188,-159
113000436,19,454,-435
113000437,960,16,944
113000438,258,11,247
113000439,25,34,-9
113000440,109,19,90
113000441,211,137,74
113000442,139,74,65
113000443,244,95,149
113000444,205,104,101
113000445,108,45,63
113000446,20,72,-52
113000448,170,143,27
113000449,90,463,-373
113000450,329,1349,-1020
113000451,887,180,707
113000452,112,336,-224
113000453,42,316,-274
113000454,219,67,152
113000455,23,199,-176
113000456,1928,1529,399
113000468,788,56,732
113000469,15,61,-46
113000470,282,16,266
113000471,12,252,-240
113000472,77,170,-93
113000474,661,443,218
113000475,909,915,-6
113000476,1136,1343,-207
113000477,2683,1304,1379
113000478,2328,2633,-305
113000479,59,105,-46
113000483,0,0,0
113000484,0,0,0
113000485,0,0,0
113000486,0,0,0
113000487,0,0,0
113000488,0,0,0
113000489,0,0,0
113000490,0,0,0
113000491,2,0,2
113000492,2,0,2
113000493,0,0,0
113000495,138,104,34
113000496,112,73,39
113900001,1,143,-142
113900002,0,29,-29
113900003,0,33,-33
113900004,2,32,-30
113900005,0,36,-36
113900006,0,12,-12
113900007,14,0,14
113900008,29,0,29
113900009,25,6,19
113900010,10,0,10
113900011,42,0,42
113900012,41,1,40
113900013,31,4,27
113900014,399,3,396
113900015,0,18,-18
113900016,24,0,24
113900017,0,17,-17
113900018,192,163,29
113900019,144,34,110
113900020,105,1,104
113900022,20,0,20
113900023,23,0,23
113900024,33,17,16
113900025,112,5,107
113900026,25,0,25
113900027,6,22,-16
113900028,34,197,-163
113900029,98,131,-33
113900030,210,1,209
113900031,11,4,7
113900032,19,0,19
113900033,95,33,62
113900035,49,0,49
113900036,12,53,-41
113900037,102,196,-94
113900038,39,71,-32
113900039,113,8,105
113900040,7,19,-12
113900041,9,1,8
113900042,93,26,67
113900043,92,46,46
113900044,173,239,-66
113900045,58,0,58
113900046,157,319,-162
113900047,40,63,-23
113900048,96,102,-6
113900049,293,259,34
113900050,169,183,-14
113900051,152,140,12
113900052,93,59,34
113900053,342,391,-49
113900054,3,2,1
113900055,67,239,-172
113900056,62,92,-30
113900057,6,24,-18
113900058,50,63,-13
113900059,174,206,-32
113900060,61,86,-25
113900061,285,158,127
113900062,60,2,58
113900063,59,46,13
113900064,8,60,-52
113900065,339,13,326
113900066,300,149,151
113900067,138,83,55
113900068,277,281,-4
113900069,7,14,-7
113900070,91,239,-148
113900071,41,39,2
113900072,20,80,-60
113900073,242,191,51
113900074,112,156,-44
113900075,699,786,-87
113900076,59,3,56
113900077,36,85,-49
113900078,25,63,-38
113900079,1,12,-11
113900080,317,98,219
113900081,30,89,-59
113900082,83,120,-37
113900083,219,140,79
113900084,157,108,49
113900085,38,129,-91
113900086,26,13,13
113900087,58,76,-18
113900088,47,80,-33
113900089,221,25,196
113900090,358,211,147
113900091,15,7,8
113900092,16,41,-25
113900093,46,502,-456
113900094,345,159,186
113900095,112,82,30
113900096,157,43,114
113900097,15,33,-18
113900098,547,80,467
113900099,0,21,-21
113900100,0,0,0
113900101,21,40,-19
113900102,71,113,-42
113900103,193,143,50
113900104,79,155,-76
113900105,102,86,16
113900106,0,21,-21
113900107,0,8,-8
113900108,120,167,-47
113900109,233,159,74
113900110,22,12,10
113900111,131,35,96
113900112,98,30,68
113900113,615,288,327
113900114,0,24,-24
113900115,0,26,-26
113900116,84,73,11
113900117,48,15,33
113900118,140,255,-115
113900119,155,300,-145
113900120,44,22,22
113900121,44,26,18
113900122,180,1566,-1386
113900123,300,129,171
113900124,0,19,-19
113900125,354,103,251
113900126,57,33,24
113900127,198,462,-264
113900128,87,37,50
113900129,10,141,-131
113900130,2,37,-35
113900131,181,49,132
113900132,59,51,8
113900133,3,51,-48
113900135,228,153,75
113900136,57,41,16
113900137,172,210,-38
113900138,12,82,-70
113900139,128,131,-3
113900140,70,187,-117
113900141,387,106,281
113900142,82,42,40
113900143,11,30,-19
113900144,69,187,-118
113900145,214,94,120
113900146,118,27,91
113900148,97,199,-102
113900149,79,58,21
113900150,150,225,-75
113900151,270,115,155
113900152,61,29,32
113900153,97,301,-204
113900154,0,74,-74
113900155,90,116,-26
113900156,99,162,-63
113900157,23,163,-140
113900158,105,218,-113
113900159,4,138,-134
113900160,341,265,76
113900161,49,157,-108
113900162,115,387,-272
113900163,97,118,-21
113900164,243,37,206
113900165,401,181,220
113900166,48,93,-45
113900167,204,21,183
113900168,48,32,16
113900169,129,164,-35
113900171,124,43,81
113900172,3,52,-49
113900173,12,242,-230
113900174,302,253,49
113900175,194,82,112
113900176,167,189,-22
113900177,243,132,111
113900178,298,75,223
113900179,16,171,-155
113900180,96,39,57
113900181,406,75,331
113900182,405,440,-35
113900183,44,33,11
113900184,4,203,-199
113900185,97,40,57
113900186,18,18,0
113900187,17,71,-54
113900188,30,61,-31
113900189,176,57,119
113900190,128,46,82
113900191,50,110,-60
113900192,813,1254,-441
113900193,11,75,-64
113900194,761,572,189
113900195,151,198,-47
113900196,4,74,-70
113900197,0,50,-50
113900198,18,149,-131
113900199,62,371,-309
113900200,6,70,-64
113900201,0,61,-61
113900202,2,127,-125
113900203,16,31,-15
113900204,19,244,-225
113900205,0,56,-56
113900206,3,67,-64
113900207,0,12,-12
113900208,0,21,-21
113900209,0,33,-33
113900210,240,351,-111
113900211,150,39,111
113900212,139,190,-51
113900214,166,303,-137
113900215,17,54,-37
113900216,114,326,-212
113900217,48,103,-55
113900218,95,109,-14
113900219,63,206,-143
113900220,73,75,-2
113900221,220,198,22
113900222,693,569,124
113900223,135,332,-197
113900224,29,41,-12
113900225,215,84,131
113900226,209,82,127
113900227,272,125,147
113900228,178,262,-84
113900229,48,511,-463
113900230,1602,2169,-567
113900231,79,60,19
113900232,88,58,30
113900233,75,24,51
113900234,222,226,-4
113900235,74,17,57
113900236,180,141,39
113900237,121,7,114
113900238,128,348,-220
113900239,23,96,-73
113900240,2,124,-122
113900241,61,19,42
113900242,26,51,-25
113900243,39,229,-190
113900244,113,89,24
113900245,607,177,430
113900246,7,14,-7
113900247,95,316,-221
113900248,1148,1086,62
113900249,356,305,51
113900250,36,111,-75
113900251,558,63,495
113900252,432,17,415
113900253,446,35,411
113900254,489,83,406
113900255,378,11,367
113900256,253,15,238
113900257,8,224,-216
113900258,7,237,-230
113900259,385,70,315
113900260,154,3,151
113900261,33,42,-9
113900262,81,208,-127
113900263,64,317,-253
113900264,2,193,-191
113900265,99,192,-93
113900266,24,84,-60
113900267,74,257,-183
113900268,185,223,-38
113900269,55,78,-23
113900270,145,388,-243
113900271,363,432,-69
113900273,16,11,5
113900274,48,17,31
113900275,11,39,-28
113900276,0,80,-80
113900277,88,2,86
113900278,129,80,49
113900279,35,47,-12
113900280,982,363,619
113900281,254,706,-452
113900282,254,256,-2
113900283,321,309,12
113900284,621,148,473
113900285,83,28,55
113900286,28,44,-16
113900287,55,4,51
113900288,1,63,-62
113900289,355,83,272
113900290,121,199,-78
113900291,70,78,-8
113900292,12,1,11
113900293,1,124,-123
113900294,398,12,386
113900295,232,242,-10
113900296,455,143,312
113900297,1677,33,1644
113900298,13,745,-732
113900299,107,52,55
113900300,1404,1344,60
113900301,462,264,198
113900302,1221,682,539
113900303,211,342,-131
113900304,1,46,-45
113900305,104,0,104
113900306,21,0,21
113900307,11,0,11
113900308,31,33,-2
113900309,0,258,-258
113900310,1,9,-8
113900311,3,0,3
113900312,110,181,-71
113900313,9,1,8
113900314,0,2,-2
113900315,41,1,40
114000001,623,1394,-771
114000002,237,191,46
114000003,171,410,-239
114000004,344,208,136
114000005,210,163,47
114000006,1307,1082,225
114000007,444,636,-192
114000008,902,1357,-455
114000009,621,148,473
114000011,1998,1362,636
114000012,2240,899,1341
114000013,1323,807,516
114000014,515,243,272
114000015,1998,237,1761
114000016,166,117,49
114000017,74,236,-162
114000018,90,14,76
114000026,1687,655,1032
114000027,2754,1263,1491
114000028,1533,2020,-487
114000038,189,108,81
114000039,142,85,57
114000040,90,169,-79
114000042,118,71,47
114000043,290,137,153
114000044,306,103,203
114000045,47,40,7
114000046,1984,2590,-606
114000047,9,30,-21
114000048,107,73,34
114000049,1102,998,104
114000050,1114,1153,-39
114000051,1924,1337,587
114000052,2961,1223,1738
114000053,83,400,-317
114000054,154,424,-270
114000055,137,32,105
114000056,293,738,-445
114000057,2721,1377,1344
114000058,161,1137,-976
114000059,106,300,-194
114000060,334,501,-167
114000061,1586,2184,-598
114000062,791,1257,-466
114000063,1206,922,284
114000064,2214,2529,-315
114000065,828,1231,-403
114000066,337,355,-18
114000067,18,591,-573
114000068,282,486,-204
114000069,708,327,381
114000070,1447,1311,136
114000071,475,224,251
114000072,404,119,285
114000073,14,20,-6
114000074,16,11,5
114000075,51,40,11
114000076,16,37,-21
114000077,1,12,-11
114000078,315,200,115
114000079,137,21,116
114000080,32,47,-15
114000081,56,23,33
114000082,34,212,-178
114000083,65,96,-31
114000084,287,60,227
114000085,42,302,-260
114000086,147,194,-47
114000087,98,53,45
114000088,24,24,0
114000089,261,185,76
114000090,550,587,-37
114000091,856,611,245
114000092,614,353,261
114000093,981,526,455
114000094,273,244,29
114000095,162,114,48
114000096,61,129,-68
114000097,89,210,-121
114000098,444,77,367
114000099,561,195,366
114000100,1120,316,804
114000101,342,261,81
114000102,464,212,252
114000103,96,152,-56
114000104,39,105,-66
114000105,125,65,60
114000106,465,836,-371
114000107,349,54,295
114000108,1037,655,382
114000109,527,1550,-1023
114000110,293,613,-320
114000111,1214,632,582
114000112,453,1231,-778
114000113,1503,444,1059
114000114,804,823,-19
114000115,2056,853,1203
114000116,693,1635,-942
114000117,2420,392,2028
114000118,2231,303,1928
114000119,1559,361,1198
114000120,213,253,-40
114000121,333,530,-197
114000122,276,204,72
114000123,1663,268,1395
114000124,739,168,571
114000125,441,429,12
114000126,1706,142,1564
114000127,231,86,145
114000128,587,173,414
114000130,317,352,-35
114000131,256,97,159
114000132,373,259,114
114000133,545,715,-170
114000134,61,44,17
114000138,30,94,-64
114000139,253,195,58
114000144,563,385,178
114000145,33,71,-38
114000146,93,81,12
114000147,1015,1703,-688
114000148,1190,1330,-140
114000149,237,254,-17
114000150,726,1023,-297
114000151,772,1720,-948
114000152,108,32,76
114000153,704,1742,-1038
114000154,511,617,-106
114000155,1114,1961,-847
114000156,582,435,147
114000157,168,720,-552
114000158,640,569,71
114000159,116,259,-143
114000160,69,197,-128
114000161,813,2198,-1385
114000162,794,1961,-1167
114000163,15,46,-31
114000165,409,259,150
114000166,514,253,261
114000167,1711,1124,587
114000168,437,351,86
114000169,929,1040,-111
114000170,911,916,-5
114000171,893,3305,-2412
114000174,141,273,-132
114000176,308,300,8
114000177,984,501,483
114000178,45,38,7
114000179,792,511,281
114000180,246,371,-125
114000181,1309,2876,-1567
114000182,1083,1470,-387
114000183,527,541,-14
114000184,1554,522,1032
114000185,789,530,259
114000189,886,83,803
114000190,2465,292,2173
114000191,48,91,-43
114000192,102,653,-551
114000193,306,981,-675
114000194,932,441,491
114000195,232,32,200
114000196,0,113,-113
114000197,1262,24,1238
114000198,493,232,261
114000199,1217,1293,-76
114000200,327,724,-397
114000201,90,394,-304
114000202,671,304,367
114000203,707,614,93
114000204,129,237,-108
114000205,110,714,-604
114000206,392,755,-363
114000207,269,813,-544
114000208,215,1009,-794
114000209,320,1080,-760
114000210,161,526,-365
114000211,897,818,79
114000212,533,518,15
114000213,1061,358,703
114000214,62,65,-3
114000215,162,42,120
114000216,1119,190,929
114000217,331,116,215
114000218,125,101,24
114000219,962,95,867
114000220,12,408,-396
114000221,614,99,515
114000222,85,455,-370
114000223,401,118,283
114000224,39,327,-288
114000225,187,328,-141
114000226,107,171,-64
114000227,824,304,520
114000228,608,348,260
114000229,672,451,221
114000230,1108,550,558
114000231,687,722,-35
114000232,610,118,492
114000233,1545,68,1477
114000234,825,445,380
114000235,972,955,17
114000236,0,190,-190
114000237,117,414,-297
114000238,106,167,-61
114000239,96,498,-402
114000240,563,610,-47
114000241,172,476,-304
114000242,491,445,46
114000243,1160,565,595
114000244,352,215,137
114000245,279,436,-157
114000246,76,41,35
114000247,561,364,197
114000248,914,323,591
114000249,438,281,157
114000250,475,314,161
114000251,253,127,126
114000252,36,20,16
114000253,35,46,-11
114000254,47,24,23
114000255,331,111,220
114000256,445,1512,-1067
114000257,337,655,-318
114000258,194,128,66
114000259,58,107,-49
114000260,0,19,-19
114000261,75,21,54
114000262,117,85,32
114000263,3,0,3
114000264,937,222,715
114000265,0,0,0
114000267,2,934,-932
114000268,2,530,-528
114000270,79,3,76
114000271,227,16,211
114000283,1022,228,794
114000285,8,106,-98
114000288,64,128,-64
114000289,1210,113,1097
114000293,131,303,-172
114000294,130,161,-31
114000395,867,22,845
114000396,506,447,59
114000402,430,158,272
114000403,220,148,72
114000405,164,190,-26
114000423,274,153,121
114000424,286,58,228
114000425,685,133,552
114000426,188,651,-463
114000427,42,45,-3
114000428,135,123,12
114000429,12,89,-77
114000432,85,62,23
114000434,27,28,-1
114000435,0,113,-113
114900001,435,365,70
114900002,384,64,320
114900003,488,518,-30
114900004,206,284,-78
114900005,446,329,117
114900006,91,48,43
114900007,171,14,157
114900008,113,84,29
114900010,992,1275,-283
114900011,190,94,96
114900013,179,84,95
114900018,649,34,615
114900020,141,64,77
114900022,0,354,-354
114900025,411,125,286
114900026,94,85,9
114900029,118,21,97
114900030,282,103,179
114900031,367,31,336
114900032,317,12,305
114900034,42,79,-37
114900035,67,189,-122
114900036,146,236,-90
114900039,413,213,200
114900040,45,57,-12
114900041,668,184,484
114900042,774,256,518
114900044,122,42,80
114900047,146,1832,-1686
114900048,56,173,-117
114900049,39,94,-55
114900050,36,128,-92
114900051,11,149,-138
114900052,35,137,-102
114900053,87,167,-80
114900054,53,45,8
114900057,154,2,152
114900058,0,48,-48
114900059,55,75,-20
114900063,70,86,-16
114900064,1251,151,1100
114900065,369,377,-8
114900067,34,269,-235
114900068,40,126,-86
114900069,119,66,53
114900070,440,168,272
114900072,3,183,-180
114900073,0,83,-83
114900074,582,226,356
114900075,202,4,198
114900076,3,154,-151
114900080,979,168,811
114900082,1777,1711,66
114900083,577,678,-101
114900090,250,141,109
114900091,61,111,-50
114900097,119,2,117
114900098,0,85,-85
114900099,186,6,180
115000001,2917,1697,1220
115000002,2741,3403,-662
115000003,3177,1328,1849
115000004,3342,4286,-944
115000005,1189,1123,66
115000006,883,1106,-223
115000007,147,164,-17
115000008,281,396,-115
115000009,185,177,8
115000010,164,128,36
115000013,27,142,-115
115000015,49,281,-232
115000016,31,160,-129
115000019,48,298,-250
115000020,76,589,-513
115000021,211,319,-108
115000022,374,235,139
115000023,246,419,-173
115000024,596,299,297
115000025,578,485,93
115000026,101,256,-155
115000027,214,195,19
115000028,143,474,-331
115000029,488,66,422
115000030,490,728,-238
115000031,891,160,731
115000032,9,186,-177
115000033,160,37,123
115000034,42,489,-447
115000035,709,74,635
115000036,2,193,-191
115000037,426,11,415
115000038,36,126,-90
115000039,2115,2536,-421
115000040,2934,1905,1029
115000041,908,2496,-1588
115000042,534,378,156
115000043,3329,1696,1633
115000044,3061,2160,901
115000045,1811,829,982
115000046,2076,1715,361
115000047,1963,890,1073
115000048,1207,1219,-12
115000049,895,1916,-1021
115000050,2310,1020,1290
115000051,1020,2123,-1103
115000052,1029,1001,28
115000053,1254,1355,-101
115000054,406,578,-172
115000055,140,494,-354
115000056,181,373,-192
115000057,630,798,-168
115000058,504,263,241
115000059,146,140,6
115000061,77,110,-33
115000062,197,184,13
115000063,311,143,168
115000064,181,38,143
115000065,68,376,-308
115000067,148,12,136
115000069,82,201,-119
115000070,26,503,-477
115000071,43,9,34
115000072,6,34,-28
115000073,945,55,890
115000075,85,52,33
115000076,1794,1382,412
115000077,1571,941,630
115000078,1044,632,412
115000079,948,798,150
115000080,2120,1156,964
115000081,321,469,-148
115000082,3167,2439,728
115000083,1353,950,403
115000084,1879,754,1125
115000085,622,500,122
115000086,883,409,474
115000087,294,884,-590
115000088,1146,423,723
115000089,888,660,228
115000090,247,561,-314
115000091,145,470,-325
115000092,472,289,183
115000093,342,2,340
115000094,3443,3991,-548
115000095,2374,4082,-1708
115000096,563,717,-154
115000097,793,640,153
115000098,875,388,487
115000099,1894,1412,482
115000100,914,200,714
115000101,329,762,-433
115000102,323,161,162
115000103,177,378,-201
115000105,59,59,0
115000106,514,197,317
115000107,139,236,-97
115000108,1472,1314,158
115000109,2120,2956,-836
115000110,786,1160,-374
115000111,364,833,-469
115000112,461,483,-22
115000113,362,501,-139
115000114,1035,445,590
115000116,2246,1454,792
115000117,1818,2017,-199
115000118,1444,1274,170
115000119,1351,1442,-91
115000120,387,904,-517
115000121,719,570,149
115000122,1161,931,230
115000123,681,1417,-736
115000124,464,638,-174
115000125,228,456,-228
115000126,70,172,-102
115000127,252,50,202
115000128,250,488,-238
115000129,165,267,-102
115000130,272,397,-125
115000131,743,158,585
115000132,349,175,174
115000133,766,169,597
115000134,351,142,209
115000135,221,91,130
115000136,188,149,39
115000137,67,64,3
115000138,280,213,67
115000139,205,106,99
115000140,328,174,154
115000141,165,93,72
115000142,144,73,71
115000143,752,442,310
115000144,422,66,356
115000145,203,164,39
115000146,344,253,91
115000147,194,251,-57
115000148,132,297,-165
115000149,327,155,172
115000150,421,304,117
115000151,906,327,579
115000152,526,361,165
115000153,940,376,564
115000154,663,173,490
115000155,468,465,3
115000156,646,497,149
115000157,367,448,-81
115000158,232,388,-156
115000159,407,347,60
115000160,329,264,65
115000161,95,313,-218
115000162,371,502,-131
115000163,377,514,-137
115000164,530,477,53
115000165,246,342,-96
115000167,152,60,92
115000168,247,218,29
115000169,278,263,15
115000170,69,127,-58
115000171,190,180,10
115000172,459,397,62
115000173,167,437,-270
115000174,73,238,-165
115000175,144,71,73
115000176,56,57,-1
115000177,70,30,40
115000178,16,108,-92
115000179,16,10,6
115000180,64,283,-219
115000181,447,74,373
115000182,665,161,504
115000183,312,383,-71
115000186,435,140,295
115000187,146,411,-265
115000188,272,292,-20
115000189,129,252,-123
115000190,388,229,159
115000191,66,305,-239
115000194,89,88,1
115000195,193,187,6
115000196,216,44,172
115000197,195,148,47
115000198,245,104,141
115000199,301,78,223
115000200,376,74,302
115000201,132,174,-42
115000206,239,16,223
115000207,74,235,-161
115000208,121,191,-70
115000209,418,226,192
115000210,85,72,13
115000211,136,110,26
115000212,739,191,548
115000224,236,40,196
115000225,19,43,-24
115000229,113,61,52
115000230,93,144,-51
115000231,185,641,-456
115000232,1257,165,1092
115000233,83,105,-22
115000234,23,251,-228
115000241,71,103,-32
115000242,87,127,-40
115000243,49,107,-58
115000244,9,74,-65
115000246,62,18,44
115000247,23,21,2
115000248,30,11,19
115000249,20,10,10
115000250,200,22,178
115000251,161,47,114
115000252,69,133,-64
115000253,9,318,-309
115000258,210,80,130
115000259,203,91,112
115000261,21,21,0
115000262,6,29,-23
115000263,8,29,-21
115000264,44,30,14
115000267,68,47,21
115000268,24,45,-21
115000269,103,57,46
115000270,5,13,-8
115000272,46,67,-21
115000273,352,24,328
115000280,1641,170,1471
115000281,192,339,-147
115000282,286,237,49
115000284,146,109,37
115000296,714,13,701
115000297,114,112,2
115000298,101,609,-508
115000300,157,106,51
115000302,564,46,518
115000303,537,77,460
115000304,591,63,528
115000305,71,261,-190
115000306,133,143,-10
115000307,142,85,57
115000308,17,12,5
115000310,886,389,497
115000311,805,662,143
115000313,86,276,-190
115000314,340,139,201
115000315,511,533,-22
115000316,92,87,5
115000317,146,262,-116
115000318,480,241,239
115000319,59,211,-152
115000320,16,298,-282
115000321,166,2,164
115000322,48,125,-77
115000449,119,119,0
115000557,15,1028,-1013
115000558,294,49,245
115000587,683,213,470
115000588,1317,1343,-26
115000589,2677,1475,1202
115000590,856,908,-52
115000591,967,488,479
115000592,316,1166,-850
115000593,1050,477,573
115000594,415,1824,-1409
115000609,113,127,-14
115000617,672,2553,-1881
115000624,282,44,238
115000633,246,1102,-856
115000634,2058,646,1412
115000635,463,103,360
115000638,273,298,-25
115000641,24,153,-129
115000642,204,178,26
115000643,93,214,-121
115000644,78,225,-147
115000646,605,1023,-418
115000647,193,431,-238
115000648,1561,967,594
115000893,1611,1057,554
115000894,101,581,-480
115000895,249,687,-438
115000896,833,339,494
115000897,320,125,195
115000898,323,123,200
115000899,209,804,-595
115000900,42,274,-232
115000901,33,69,-36
115000912,376,66,310
115000913,3,8,-5
115000915,5,0,5
115000916,4,0,4
115000917,0,9,-9
115000918,27,319,-292
115000919,2,7,-5
115000920,18,36,-18
115000921,240,84,156
115000922,524,706,-182
115000923,237,1101,-864
115000925,72,68,4
115000927,36,52,-16
115000933,165,289,-124
115000934,118,137,-19
115000935,85,50,35
115000936,19,537,-518
115000937,497,133,364
115000938,93,243,-150
115000939,148,161,-13
115000940,23,13,10
115000941,4,22,-18
115000942,25,100,-75
115000943,26,29,-3
115000944,1,7,-6
115900001,101,12,89
115900002,46,58,-12
115900003,169,31,138
115900004,2,31,-29
115900005,150,7,143
115900006,110,84,26
115900008,61,6,55
115900009,42,70,-28
115900010,322,92,230
115900011,247,105,142
115900012,131,20,111
115900013,192,65,127
115900014,103,50,53
115900015,121,37,84
115900016,62,19,43
115900017,18,7,11
115900018,168,26,142
115900019,51,5,46
115900020,73,1,72
115900021,452,219,233
115900022,519,10,509
115900023,13,7,6
115900025,15,101,-86
115900026,510,123,387
115900027,1,118,-117
115900028,248,35,213
115900029,10,121,-111
115900030,31,21,10
115900031,157,155,2
115900032,313,322,-9
115900033,0,22,-22
115900034,13,117,-104
115900035,24,8,16
115900036,22,730,-708
115900037,22,105,-83
115900038,27,3,24
115900039,135,105,30
115900041,228,492,-264
115900042,35,6,29
115900043,77,29,48
115900044,124,174,-50
115900046,208,109,99
115900047,105,118,-13
115900049,125,95,30
115900051,0,12,-12
115900052,12,106,-94
115900053,203,89,114
115900054,261,11,250
115900055,14,81,-67
115900056,128,109,19
115900057,25,6,19
115900058,21,17,4
115900060,53,60,-7
115900061,215,0,215
115900062,28,157,-129
115900063,33,6,27
115900064,125,151,-26
115900065,122,38,84
115900066,70,46,24
115900067,4,259,-255
115900068,1414,774,640
115900069,26,105,-79
115900070,167,73,94
115900071,7,178,-171
115900072,14,69,-55
115900073,57,51,6
115900074,1,135,-134
115900075,31,83,-52
115900076,6,24,-18
115900077,3,121,-118
115900078,72,66,6
115900079,189,7,182
115900080,153,80,73
115900081,7,32,-25
115900082,68,85,-17
115900084,364,8,356
115900085,19,23,-4
115900086,710,319,391
115900088,2,39,-37
115900089,259,317,-58
115900090,254,5,249
115900091,4,10,-6
115900092,54,42,12
115900093,8,4,4
115900094,2,112,-110
115900096,5,6,-1
115900097,12,144,-132
115900098,176,143,33
115900099,108,58,50
115900100,15,231,-216
115900101,152,81,71
115900102,55,33,22
115900103,192,75,117
115900104,47,37,10
115900105,181,221,-40
115900106,55,9,46
115900107,55,45,10
115900108,98,22,76
115900109,22,156,-134
115900110,4,6,-2
115900111,0,38,-38
115900112,26,306,-280
115900113,39,15,24
115900114,1,68,-67
115900115,38,106,-68
115900116,49,327,-278
115900117,53,7,46
115900118,3,90,-87
115900119,102,69,33
115900120,24,124,-100
115900121,162,106,56
115900124,202,401,-199
115900125,261,37,224
115900126,447,62,385
115900127,516,35,481
115900128,9,49,-40
115900129,428,34,394
115900130,19,154,-135
115900131,317,18,299
115900132,518,8,510
115900134,261,34,227
115900135,237,743,-506
115900137,28,5,23
115900139,27,37,-10
115900140,222,11,211
115900141,1,30,-29
115900142,5,19,-14
115900143,159,179,-20
115900144,97,105,-8
115900146,9,56,-47
115900147,141,176,-35
115900148,54,8,46
115900149,94,11,83
115900150,83,16,67
115900151,11,54,-43
115900152,103,142,-39
115900153,91,93,-2
115900154,247,248,-1
115900155,0,16,-16
115900156,433,525,-92
115900157,178,293,-115
115900158,6,3,3
115900159,95,123,-28
115900160,2,11,-9
115900161,32,83,-51
115900163,116,55,61
115900164,444,2,442
115900166,106,68,38
115900168,127,62,65
115900171,62,280,-218
115900172,38,85,-47
115900173,196,72,124
115900174,123,148,-25
115900175,59,82,-23
115900178,3,184,-181
115900179,258,1,257
115900180,23,45,-22
115900181,161,91,70
115900182,290,80,210
115900183,25,41,-16
115900184,562,4,558
115900187,10,98,-88
115900189,0,127,-127
115900190,99,790,-691
115900191,22,128,-106
115900192,4,67,-63
115900193,167,74,93
115900194,424,39,385
115900195,354,1575,-1221
115900198,120,207,-87
115900199,152,98,54
115900200,154,166,-12
115900201,288,296,-8
115900202,0,40,-40
115900203,8,12,-4
115900204,1,5,-4
115900205,64,7,57
115900206,190,71,119
115900207,41,13,28
115900208,56,50,6
115900209,4,101,-97
115900210,12,88,-76
115900211,0,70,-70
115900212,140,94,46
115900213,92,80,12
115900214,424,87,337
115900215,13,120,-107
115900216,0,57,-57
115900217,6,27,-21
115900218,5,33,-28
115900219,109,3,106
115900220,146,8,138
115900221,58,20,38
115900222,44,24,20
115900223,4,381,-377
115900224,428,898,-470
115900225,33,10,23
115900226,7,15,-8
115900227,4,34,-30
115900228,8,18,-10
115900229,12,31,-19
115900230,46,57,-11
115900231,86,3,83
115900232,38,0,38
115900233,84,13,71
115900234,63,18,45
115900235,18,14,4
115900236,69,70,-1
115900237,42,24,18
115900238,37,4,33
115900239,14,12,2
115900240,9,31,-22
115900241,139,64,75
115900242,181,286,-105
115900243,2,6,-4
115900244,3,11,-8
115900245,12,0,12
115900246,2,12,-10
115900247,5,13,-8
115900248,9,2,7
115900249,8,8,0
115900250,11,1,10
115900251,5,3,2
115900252,0,1,-1
115900253,15,6,9
115900254,4,21,-17
115900255,0,25,-25
115900256,14,69,-55
115900257,2,5,-3
115900258,0,1,-1
115900259,3,3,0
115900260,6,1,5
115900261,9,1,8
115900262,1,2,-1
115900263,20,0,20
115900264,7,5,2
115900265,1,2,-1
115900266,2,8,-6
115900267,11,23,-12
115900268,3,7,-4
115900269,468,179,289
115900270,254,109,145
115900271,83,1,82
115900272,21,1,20
115900273,4,9,-5
115900274,6,2,4
115900275,3,6,-3
115900276,0,9,-9
115900277,0,35,-35
115900278,26,33,-7
115900279,21,112,-91
115900280,15,293,-278
115900281,175,262,-87
115900282,9,7,2
115900283,8,10,-2
115900284,38,2,36
116000001,3808,1771,2037
116000002,2749,7743,-4994
116000003,932,884,48
116000004,2008,3130,-1122
116000005,816,1196,-380
116000006,1433,1809,-376
116000007,1442,1581,-139
116000008,2426,1533,893
116000009,804,1105,-301
116000010,1978,1056,922
116000011,604,1064,-460
116000012,1319,936,383
116000013,3903,2254,1649
116000014,5136,9052,-3916
116000015,62,945,-883
116000016,1528,1627,-99
116000017,545,999,-454
116000018,558,281,277
116000019,517,310,207
116000020,419,390,29
116000021,466,174,292
116000022,254,212,42
116000023,676,444,232
116000024,362,385,-23
116000025,495,461,34
116000026,857,969,-112
116000027,256,283,-27
116000028,337,688,-351
116000029,287,551,-264
116000030,597,381,216
116000031,110,226,-116
116000032,198,97,101
116000033,244,369,-125
116000034,514,601,-87
116000035,263,431,-168
116000036,767,1004,-237
116000037,322,318,4
116000038,161,340,-179
116000039,250,324,-74
116000040,182,220,-38
116000041,91,289,-198
116000042,589,283,306
116000043,64,356,-292
116000044,11,50,-39
116000045,1013,564,449
116000046,320,817,-497
116000047,1005,1449,-444
116000048,1138,1265,-127
116000049,1021,2326,-1305
116000050,1229,1014,215
116000051,5090,2275,2815
116000052,4730,3878,852
116000053,1552,596,956
116000054,821,1708,-887
116000055,616,600,16
116000056,817,838,-21
116000057,1718,1071,647
116000058,2226,2566,-340
116000059,1428,2868,-1440
116000060,1120,830,290
116000061,458,696,-238
116000062,346,180,166
116000063,361,856,-495
116000066,253,520,-267
116000067,204,295,-91
116000068,209,370,-161
116000069,359,299,60
116000078,476,703,-227
116000080,1329,558,771
116000082,6,12,-6
116000083,1183,343,840
116000084,1063,1810,-747
116000085,1612,1324,288
116000086,1105,731,374
116000087,1964,1442,522
116000088,507,472,35
116000089,107,36,71
116000090,71,107,-36
116000091,227,136,91
116000093,667,248,419
116000094,346,205,141
116000095,582,226,356
116000096,467,932,-465
116000097,771,328,443
116000098,90,4220,-4130
116000099,2507,169,2338
116000100,203,13,190
116000101,608,301,307
116000102,169,508,-339
116000103,479,189,290
116000104,153,585,-432
116000105,937,104,833
116000106,483,650,-167
116000107,1892,258,1634
116000108,128,115,13
116000111,98,17,81
116000113,121,61,60
116000114,38,83,-45
116000115,250,75,175
116000116,133,217,-84
116000117,1070,989,81
116000118,962,645,317
116000119,2438,1306,1132
116000120,2177,1968,209
116000121,772,369,403
116000122,835,709,126
116000123,991,292,699
116000124,287,421,-134
116000125,1947,522,1425
116000126,202,746,-544
116000127,587,640,-53
116000128,1439,624,815
116000129,957,206,751
116000130,889,553,336
116000133,1016,572,444
116000134,1247,924,323
116000135,1935,1010,925
116000136,636,1010,-374
116000137,874,453,421
116000138,507,452,55
116000139,1177,1423,-246
116000140,90,111,-21
116000141,162,179,-17
116000142,1192,307,885
116000143,1412,1297,115
116000144,1807,1540,267
116000145,1457,758,699
116000146,482,103,379
116000147,144,103,41
116000148,412,359,53
116000149,432,393,39
116000151,175,76,99
116000153,118,114,4
116000155,213,351,-138
116000156,448,600,-152
116000157,80,11,69
116000158,230,238,-8
116000159,20,12,8
116000160,18,17,1
116000161,0,22,-22
116000162,41,91,-50
116000163,21,3,18
116000164,1,29,-28
116000177,135,105,30
116000194,232,315,-83
116000195,951,360,591
116000196,18,2,16
116000197,5,15,-10
116000198,1743,1037,706
116000200,409,363,46
116000201,434,400,34
116000202,8,160,-152
116000203,8,33,-25
116000204,13,46,-33
116000205,0,104,-104
116000206,0,112,-112
116000207,5,49,-44
116000233,108,162,-54
116000287,122,201,-79
116000288,226,118,108
116000292,29,34,-5
116000296,9,78,-69
116000297,62,8,54
116000304,124,30,94
116000305,25,45,-20
116000346,87,36,51
116000352,101,15,86
116000354,15,8,7
116000357,7,21,-14
116000358,284,47,237
116000361,213,2,211
116000372,2151,3229,-1078
116000381,80,2,78
116000388,5,25,-20
116000389,605,333,272
116000445,364,244,120
116000446,607,294,313
116000447,13,236,-223
116000448,363,120,243
116000563,570,720,-150
116000565,35,171,-136
116000568,26,148,-122
116000579,20,73,-53
116000583,97,26,71
116000584,34,2,32
116000585,26,17,9
116000586,49,67,-18
116000587,388,462,-74
116000589,32,28,4
116000590,57,44,13
116000591,205,115,90
116000592,10,34,-24
116000593,0,20,-20
116000594,495,161,334
116000595,461,75,386
116000596,118,3,115
116000597,270,82,188
116000598,20,88,-68
116000605,174,58,116
116000606,51,208,-157
116000607,1,13,-12
116000609,97,626,-529
116000611,130,224,-94
116000612,703,1448,-745
116000613,493,222,271
116000614,290,322,-32
116000615,2,230,-228
116000616,42,52,-10
116000617,137,16,121
116000618,3,28,-25
116000619,27,33,-6
116000620,153,315,-162
116000621,43,108,-65
116000622,69,97,-28
116000624,217,76,141
116000627,106,24,82
116000628,46,136,-90
116000629,18,108,-90
116000630,236,11,225
116000631,94,27,67
116000632,650,31,619
116000633,107,96,11
116000634,226,28,198
116000635,2097,2547,-450
116000636,548,923,-375
116000637,267,7,260
116000638,147,149,-2
116000639,89,1,88
116000640,34,8,26
116000641,54,67,-13
116000643,53,166,-113
116000644,83,179,-96
116000645,18,6,12
116900001,144,127,17
116900002,138,1,137
116900003,37,14,23
116900004,18,44,-26
116900005,215,44,171
116900006,41,116,-75
116900007,88,110,-22
116900008,270,127,143
116900009,15,6,9
116900010,714,561,153
116900011,9,10,-1
116900012,180,145,35
116900013,2,58,-56
116900014,125,75,50
116900015,392,26,366
116900016,174,4,170
116900017,24,229,-205
116900018,73,38,35
116900019,6,151,-145
116900020,356,725,-369
116900023,54,14,40
116900024,375,22,353
116900025,926,332,594
116900026,43,276,-233
116900027,11,27,-16
116900028,3,44,-41
116900029,2,33,-31
116900031,5,4,1
116900032,5,160,-155
116900033,17,9,8
116900034,7,30,-23
116900035,177,90,87
116900036,4,39,-35
116900038,29,0,29
116900041,16,5,11
116900042,242,168,74
116900043,12,23,-11
116900047,20,104,-84
116900049,21,141,-120
116900050,63,207,-144
116900051,122,66,56
116900052,109,44,65
116900055,3,9,-6
116900057,22,104,-82
116900058,15,200,-185
116900059,1,49,-48
116900060,100,96,4
116900062,0,23,-23
116900064,57,180,-123
116900065,9,59,-50
116900067,78,32,46
116900068,87,109,-22
116900070,1,2,-1
116900072,21,118,-97
116900073,10,52,-42
116900074,3,27,-24
116900076,17,37,-20
116900077,4,37,-33
116900078,135,51,84
116900079,36,94,-58
116900080,4,3,1
116900081,207,616,-409
116900082,234,490,-256
116900083,25,15,10
116900084,75,57,18
116900085,32,81,-49
116900086,31,92,-61
116900088,206,56,150
116900090,59,19,40
116900091,261,26,235
116900092,65,300,-235
116900093,1021,885,136
116900094,1695,2408,-713
116900095,204,63,141
116900096,56,232,-176
116900097,1302,2043,-741
116900098,472,242,230
116900099,301,471,-170
116900100,693,19,674
116900101,165,243,-78
116900103,3,2,1
116900104,44,80,-36
116900105,264,100,164
116900106,788,0,788
116900107,1429,1693,-264
116900110,11,1,10
116900111,516,269,247
116900112,211,448,-237
116900113,715,1037,-322
116900116,61,437,-376
116900117,97,63,34
116900118,472,540,-68
116900120,297,29,268
116900121,118,5,113
116900122,702,296,406
116900123,191,292,-101
116900124,102,579,-477
116900125,273,97,176
116900126,32,348,-316
116900128,0,20,-20
116900129,1,157,-156
116900130,243,2486,-2243
116900131,38,192,-154
116900132,33,67,-34
116900133,110,105,5
116900134,138,140,-2
116900136,163,130,33
116900137,192,80,112
116900138,132,96,36
116900139,93,206,-113
116900140,118,86,32
116900141,478,281,197
116900142,2,43,-41
116900143,166,139,27
116900144,23,51,-28
116900145,45,79,-34
116900147,217,474,-257
116900148,5,26,-21
116900149,42,224,-182
116900150,15,6,9
116900151,44,12,32
116900153,91,50,41
116900154,174,384,-210
116900155,62,65,-3
116900157,493,110,383
116900158,89,230,-141
116900159,35,197,-162
116900160,554,466,88
116900161,3075,4801,-1726
116900162,15,49,-34
116900163,130,38,92
116900164,47,59,-12
116900165,192,132,60
116900166,44,25,19
116900167,322,30,292
116900168,285,31,254
116900169,191,434,-243
116900170,236,383,-147
116900171,16,70,-54
116900172,90,298,-208
116900173,171,14,157
116900174,63,46,17
116900175,106,160,-54
116900178,20,75,-55
116900179,73,290,-217
116900180,55,16,39
116900182,242,140,102
116900183,99,41,58
116900185,27,40,-13
116900186,61,86,-25
116900187,29,37,-8
116900188,97,13,84
116900189,25,0,25
116900191,243,398,-155
116900192,197,57,140
116900194,79,1042,-963
116900195,16,15,1
116900196,18,55,-37
116900197,73,21,52
116900198,90,173,-83
116900200,55,6,49
116900201,104,3,101
116900202,59,20,39
116900203,125,6,119
116900204,47,91,-44
116900206,25,9,16
116900207,21,21,0
116900208,11,34,-23
116900209,45,25,20
116900210,348,170,178
116900211,132,1,131
116900212,88,35,53
116900213,120,64,56
116900214,127,96,31
116900215,25,39,-14
116900216,154,106,48
116900218,2,97,-95
116900219,920,245,675
116900220,110,127,-17
116900221,62,203,-141
116900222,316,272,44
116900223,77,180,-103
116900226,47,21,26
116900227,200,33,167
116900228,244,78,166
116900230,42,121,-79
116900231,25,170,-145
116900232,9,217,-208
116900233,198,55,143
116900234,6,5,1
116900235,278,174,104
116900238,1031,192,839
116900239,46,818,-772
116900240,2588,2103,485
116900241,102,52,50
116900242,351,496,-145
116900243,0,13,-13
116900245,19,28,-9
116900246,126,105,21
116900247,788,44,744
116900248,44,45,-1
116900249,227,40,187
116900250,299,41,258
116900251,254,476,-222
116900252,135,398,-263
116900254,21,58,-37
116900255,92,54,38
116900256,313,71,242
116900257,24,216,-192
116900258,4,78,-74
116900259,214,7,207
116900260,2,58,-56
116900261,67,3,64
116900262,177,107,70
116900263,1,9,-8
116900264,89,38,51
116900265,36,0,36
116900266,15,9,6
116900267,3,2,1
116900268,46,30,16
116900269,238,385,-147
116900271,413,182,231
116900272,233,146,87
116900273,86,67,19
116900274,85,26,59
116900275,110,54,56
116900276,265,114,151
116900277,204,12,192
116900278,1,5,-4
116900279,0,6,-6
116900280,13,10,3
116900281,2278,3277,-999
116900282,3,40,-37
116900283,15,57,-42
116900284,3,102,-99
116900285,112,151,-39
116900286,88,19,69
116900287,6,7,-1
116900288,78,80,-2
116900289,6,7,-1
116900290,6,6,0
116900291,22,6,16
116900292,0,17,-17
116900293,48,13,35
116900294,8,85,-77
116900295,70,59,11
116900296,25,69,-44
116900297,2,61,-59
116900298,44,41,3
116900299,22,72,-50
116900300,1,37,-36
116900301,17,78,-61
116900302,18,57,-39
116900303,56,97,-41
116900304,0,96,-96
116900305,8,12,-4
116900306,147,48,99
116900307,64,0,64
116900308,2,64,-62
116900309,65,35,30
116900310,17,30,-13
116900311,4,88,-84
117000001,1510,1269,241
117000002,1270,2040,-770
117000003,4596,2337,2259
117000004,2077,3218,-1141
117000005,1887,1497,390
117000006,1044,1757,-713
117000007,3455,868,2587
117000008,655,1862,-1207
117000009,3498,1388,2110
117000010,1627,2100,-473
117000011,1810,1069,741
117000012,948,808,140
117000013,1526,575,951
117000014,868,1487,-619
117000015,1614,846,768
117000016,160,131,29
117000017,122,131,-9
117000018,91,426,-335
117000019,39,38,1
117000020,272,925,-653
117000021,817,461,356
117000022,153,111,42
117000023,69,285,-216
117000024,143,186,-43
117000025,240,847,-607
117000026,1120,1222,-102
117000027,792,2639,-1847
117000028,931,1237,-306
117000030,254,277,-23
117000031,332,308,24
117000032,922,727,195
117000033,1002,949,53
117000034,374,218,156
117000035,404,321,83
117000036,342,212,130
117000037,243,177,66
117000038,83,367,-284
117000039,286,136,150
117000040,189,544,-355
117000041,819,150,669
117000044,12,372,-360
117000045,464,75,389
117000046,412,856,-444
117000047,1232,483,749
117000048,1101,470,631
117000049,67,364,-297
117000050,105,871,-766
117000051,1884,58,1826
117000052,53,149,-96
117000053,466,29,437
117000054,1431,7,1424
117000055,40,1213,-1173
117000056,497,21,476
117000057,331,1315,-984
117000060,319,614,-295
117000061,1427,629,798
117000062,172,349,-177
117000063,1307,800,507
117000064,450,403,47
117000066,432,650,-218
117000067,95,464,-369
117000074,82,121,-39
117000076,61,24,37
117000077,98,129,-31
117000078,81,370,-289
117000079,319,150,169
117000080,0,225,-225
117000081,776,83,693
117000082,6,59,-53
117000083,523,191,332
117000084,93,2,91
117000085,221,557,-336
117000086,567,240,327
117000087,84,369,-285
117000088,258,93,165
117000089,1346,192,1154
117000090,183,753,-570
117000091,700,163,537
117000092,233,653,-420
117000093,1167,517,650
117000094,880,1369,-489
117000095,3054,589,2465
117000096,468,1346,-878
117000097,1262,789,473
117000098,1418,2185,-767
117000099,2861,911,1950
117000100,182,236,-54
117000101,132,532,-400
117000102,1384,473,911
117000103,531,931,-400
117000104,1113,498,615
117000105,572,757,-185
117000106,994,520,474
117000107,357,723,-366
117000108,1438,766,672
117000109,954,1472,-518
117000110,1316,895,421
117000111,2259,2595,-336
117000112,2413,1003,1410
117000113,109,106,3
117000114,148,63,85
117000115,54,64,-10
117000116,103,145,-42
117000117,1004,690,314
117000118,139,110,29
117000119,143,165,-22
117000120,71,404,-333
117000121,35,651,-616
117000122,194,560,-366
117000123,914,30,884
117000124,130,72,58
117000125,117,113,4
117000126,25,7,18
117000127,140,168,-28
117000128,202,490,-288
117000129,250,919,-669
117000130,105,0,105
117000131,0,52,-52
117000132,2139,19,2120
117000133,1727,29,1698
117000134,1,67,-66
117000135,13,109,-96
117000136,0,19,-19
117000137,108,105,3
117000138,0,379,-379
117000140,368,925,-557
117000141,1530,403,1127
117000181,213,93,120
117000182,361,439,-78
117000195,85,401,-316
117000196,190,105,85
117000225,77,37,40
117000226,4,71,-67
117000276,216,6,210
117000277,0,139,-139
117000310,836,1495,-659
117000315,41,418,-377
117000320,65,0,65
117000906,294,19,275
117000907,1,177,-176
117000909,35,14,21
117000910,142,130,12
117000911,79,124,-45
117000915,4,268,-264
117000916,60,2,58
117000917,1026,29,997
117000918,45,29,16
117000919,3,38,-35
117000920,1,571,-570
117000921,0,441,-441
117000922,21,37,-16
117000924,309,545,-236
117000926,353,96,257
117000927,375,603,-228
117000928,1,77,-76
117000929,244,216,28
117000930,224,13,211
117000931,71,110,-39
117900002,36,214,-178
117900003,282,223,59
117900005,0,52,-52
117900006,1,20,-19
117900007,79,40,39
117900008,0,32,-32
117900010,200,48,152
117900011,12,78,-66
117900012,35,35,0
117900013,0,69,-69
117900014,491,98,393
117900015,4,45,-41
117900016,584,582,2
117900017,572,274,298
117900018,94,102,-8
117900019,404,162,242
117900020,47,340,-293
117900021,37,22,15
117900023,454,55,399
117900024,32,22,10
117900025,31,6,25
117900026,294,104,190
117900028,26,5,21
117900029,196,252,-56
117900031,71,50,21
117900032,892,506,386
117900033,233,260,-27
117900034,55,13,42
117900035,331,94,237
117900036,190,139,51
117900037,118,63,55
117900038,26,127,-101
117900039,0,32,-32
117900040,55,141,-86
117900041,2,9,-7
117900042,1929,188,1741
117900043,16,32,-16
117900044,4,2774,-2770
117900045,109,75,34
117900048,314,152,162
117900049,181,284,-103
117900050,4,69,-65
117900051,7,1,6
117900052,54,238,-184
117900053,1317,341,976
117900054,0,21,-21
117900055,179,147,32
117900056,36,44,-8
117900057,666,773,-107
117900058,29,39,-10
117900059,149,70,79
117900060,1659,2709,-1050
117900061,23,140,-117
117900063,288,84,204
117900065,481,573,-92
117900066,5,56,-51
117900067,403,87,316
117900069,648,133,515
117900070,70,36,34
117900071,40,52,-12
117900073,368,118,250
117900074,50,52,-2
117900075,40,40,0
117900076,20,32,-12
117900077,322,85,237
117900078,225,573,-348
117900080,84,24,60
117900081,307,235,72
117900082,373,218,155
117900083,272,249,23
117900086,106,20,86
117900087,105,27,78
117900088,1989,1119,870
117900089,1704,584,1120
117900090,379,199,180
117900091,74,92,-18
117900092,51,11,40
117900093,73,22,51
117900094,27,27,0
117900095,254,408,-154
117900096,69,133,-64
117900097,141,32,109
117900098,18,9,9
117900099,89,143,-54
117900100,176,1,175
117900101,341,1314,-973
117900102,63,25,38
117900103,23,3,20
117900104,9,96,-87
117900105,63,106,-43
117900106,72,14,58
117900107,33,1,32
117900109,421,281,140
117900110,73,0,73
117900111,331,17,314
117900112,70,5,65
117900113,1113,969,144
117900114,16,4,12
117900115,69,58,11
117900116,478,448,30
117900117,437,167,270
117900118,57,0,57
117900119,136,52,84
117900120,135,15,120
117900121,69,29,40
117900122,700,2720,-2020
117900123,490,195,295
117900124,509,418,91
117900125,1224,1358,-134
117900126,154,296,-142
117900127,333,185,148
117900128,223,208,15
117900129,66,0,66
117900130,456,187,269
117900131,2,80,-78
117900132,10,44,-34
117900133,5,51,-46
117900134,41,102,-61
117900135,17,74,-57
117900136,0,21,-21
117900137,26,127,-101
117900138,0,24,-24
117900139,81,37,44
117900140,2023,28,1995
117900141,70,102,-32
117900142,95,34,61
117900144,25,150,-125
117900145,10,35,-25
117900146,95,116,-21
117900147,86,28,58
117900148,1210,1360,-150
117900149,75,97,-22
117900150,22,15,7
117900151,32,34,-2
117900152,46,48,-2
117900153,6,40,-34
117900154,336,339,-3
117900156,550,486,64
117900157,59,406,-347
117900158,170,77,93
117900160,540,583,-43
117900161,1550,1037,513
117900162,379,308,71
117900163,12,136,-124
117900165,0,5,-5
117900166,91,401,-310
117900168,169,96,73
117900169,0,61,-61
117900170,0,11,-11
117900171,3,8,-5
117900172,9,14,-5
117900173,90,54,36
117900174,24,38,-14
117900175,12,17,-5
117900176,4,10,-6
117900177,12,16,-4
117900178,75,25,50
117900180,128,26,102
117900181,39,267,-228
117900182,4,19,-15
117900183,32,120,-88
117900184,9,46,-37
117900185,37,48,-11
117900186,31,14,17
117900187,29,3,26
117900188,114,19,95
117900189,52,34,18
117900190,16,1,15
117900191,21,0,21
117900192,139,1,138
117900193,2,44,-42
117900194,5,10,-5
117900195,7,22,-15
117900196,22,11,11
117900207,102,110,-8
117900208,15,20,-5
117900209,121,156,-35
117900210,72,146,-74
117900211,4,91,-87
117900212,73,81,-8
117900213,16,13,3
117900214,9,9,0
117900215,40,41,-1
117900216,25,11,14
117900217,34,180,-146
117900218,119,93,26
117900219,3,75,-72
117900220,48,69,-21
117900222,150,179,-29
117900223,105,186,-81
118000001,459,954,-495
118000002,619,966,-347
118000003,1445,2356,-911
118000004,1485,1514,-29
118000005,1999,3542,-1543
118000006,1948,5329,-3381
118000007,2791,2988,-197
118000008,1675,2654,-979
118000009,1127,1542,-415
118000010,3917,2256,1661
118000011,1126,952,174
118000012,598,925,-327
118000013,1317,1314,3
118000014,1288,1186,102
118000016,148,154,-6
118000017,309,265,44
118000018,204,190,14
118000019,1246,1058,188
118000020,664,1876,-1212
118000021,410,1757,-1347
118000022,833,537,296
118000023,598,202,396
118000024,573,710,-137
118000027,5794,7611,-1817
118000029,424,608,-184
118000032,454,2579,-2125
118000033,1714,4144,-2430
118000034,2721,1870,851
118000035,1377,1955,-578
118000036,639,895,-256
118000037,566,576,-10
118000038,203,58,145
118000039,67,104,-37
118000040,1167,821,346
118000041,1669,840,829
118000045,361,220,141
118000046,698,391,307
118000047,452,773,-321
118000048,1250,1291,-41
118000051,1411,1037,374
118000052,931,373,558
118000053,160,272,-112
118000054,896,559,337
118000055,732,904,-172
118000056,214,279,-65
118000057,141,244,-103
118000058,2122,1195,927
118000059,1132,879,253
118000060,836,309,527
118000061,805,650,155
118000062,371,237,134
118000063,262,496,-234
118000064,498,780,-282
118000065,1547,1379,168
118000066,644,1257,-613
118000067,430,445,-15
118000068,960,3717,-2757
118000069,1216,660,556
118000070,2771,1206,1565
118000071,1509,4580,-3071
118000072,703,1407,-704
118000073,569,475,94
118000074,356,710,-354
118000075,464,377,87
118000076,1155,2058,-903
118000077,842,895,-53
118000078,1177,1627,-450
118000079,126,276,-150
118000080,700,641,59
118000081,1353,1066,287
118000082,190,821,-631
118000083,869,1129,-260
118000084,1711,1118,593
118000086,191,341,-150
118000087,2098,1500,598
118000088,1056,995,61
118000089,2018,1475,543
118000090,840,1731,-891
118000091,533,1808,-1275
118000092,606,351,255
118000093,43,444,-401
118000096,335,404,-69
118000097,563,472,91
118000098,195,107,88
118000099,471,368,103
118000101,892,306,586
118000102,370,581,-211
118000107,669,280,389
118000108,379,1611,-1232
118000110,1,13,-12
118000111,2,122,-120
118000112,570,2,568
118000113,0,209,-209
118000114,343,6,337
118000115,6,6,0
118000116,18,1,17
118000117,571,397,174
118000118,625,847,-222
118000119,655,839,-184
118000120,982,547,435
118000121,76,470,-394
118000122,899,266,633
118000123,62,224,-162
118000125,919,493,426
118000126,403,1073,-670
118000127,866,428,438
118000128,349,691,-342
118000129,822,354,468
118000130,1047,1442,-395
118000131,260,334,-74
118000132,1949,1436,513
118000133,901,285,616
118000135,421,325,96
118000136,78,254,-176
118000137,344,56,288
118000138,302,295,7
118000139,439,63,376
118000140,1829,3702,-1873
118000141,1551,1004,547
118000142,1418,863,555
118000143,1598,935,663
118000144,669,364,305
118000145,1225,804,421
118000146,924,392,532
118000147,740,779,-39
118000148,564,725,-161
118000149,819,503,316
118000150,352,233,119
118000151,393,275,118
118000153,900,809,91
118000154,1606,1118,488
118000155,1073,947,126
118000156,1012,1484,-472
118000157,374,228,146
118000158,172,250,-78
118000159,4,57,-53
118000160,437,273,164
118000161,359,344,15
118000162,1173,638,535
118000163,614,573,41
118000164,1143,880,263
118000168,330,332,-2
118000169,602,490,112
118000170,1983,2132,-149
118000171,218,291,-73
118000172,86,119,-33
118000173,710,631,79
118000175,240,338,-98
118000176,222,485,-263
118000177,196,505,-309
118000178,45,39,6
118000179,745,1147,-402
118000180,465,578,-113
118000181,611,226,385
118000182,226,224,2
118000183,173,214,-41
118000184,741,454,287
118000185,785,1007,-222
118000186,554,842,-288
118000187,1084,403,681
118000188,402,53,349
118000189,525,214,311
118000190,7,6,1
118000191,8,5,3
118000192,35,65,-30
118000193,29,169,-140
118000194,802,531,271
118000195,382,915,-533
118000196,161,158,3
118000197,198,340,-142
118000198,317,702,-385
118000199,478,448,30
118000200,27,109,-82
118000201,241,421,-180
118000202,29,50,-21
118000203,374,493,-119
118000204,42,333,-291
118000205,78,209,-131
118000206,134,122,12
118000207,0,27,-27
118000208,794,874,-80
118000209,1509,948,561
118000210,49,24,25
118000211,28,28,0
118000213,565,1154,-589
118000214,241,457,-216
118000215,325,65,260
118000216,1287,689,598
118000217,29,56,-27
118000218,55,42,13
118000219,240,135,105
118000220,2,34,-32
118000221,158,186,-28
118000222,42,3,39
118000223,12,30,-18
118000224,66,44,22
118000225,75,358,-283
118000226,612,128,484
118000227,381,242,139
118000228,67,150,-83
118000229,55,57,-2
118000230,74,97,-23
118000231,42,120,-78
118000232,540,386,154
118000233,769,454,315
118000234,312,81,231
118000236,156,135,21
118000237,33,107,-74
118000238,197,64,133
118000239,183,136,47
118000240,174,94,80
118000241,123,57,66
118000242,239,184,55
118000243,184,122,62
118000244,36,65,-29
118000246,4,21,-17
118000255,56,177,-121
118000256,134,137,-3
118000259,4,23,-19
118000260,99,33,66
118000261,26,9,17
118000263,58,83,-25
118000266,86,113,-27
118000267,0,76,-76
118000268,121,1,120
118000270,88,7,81
118000271,144,129,15
118000272,46,17,29
118000273,115,64,51
118000274,54,136,-82
118000276,365,195,170
118000295,3,74,-71
118000298,67,92,-25
118000299,48,57,-9
118000301,0,41,-41
118000302,99,39,60
118000311,489,44,445
118000312,161,102,59
118000313,32,62,-30
118000314,76,23,53
118000315,37,15,22
118000316,461,320,141
118000325,45,16,29
118000326,11,15,-4
118000331,38,12,26
118000332,9,9,0
118000333,12,20,-8
118000335,245,0,245
118000336,1,86,-85
118000407,99,20,79
118000457,7,24,-17
118000465,1084,2501,-1417
118000480,24,34,-10
118000489,12,269,-257
118000490,8,77,-69
118000492,254,93,161
118000510,53,9,44
118000514,77,210,-133
118000515,436,461,-25
118000517,228,128,100
118000524,158,299,-141
118000525,388,367,21
118000530,38,56,-18
118000531,250,182,68
118000532,182,142,40
118000533,185,106,79
118000534,355,198,157
118000535,236,74,162
118000536,188,815,-627
118000537,21,223,-202
118000538,64,80,-16
118000539,28,144,-116
118000540,135,59,76
118000541,139,44,95
118000542,75,68,7
118000543,122,211,-89
118000546,51,102,-51
118000553,0,0,0
118000560,865,1364,-499
118000562,27,76,-49
118000563,806,614,192
118000576,195,79,116
118000577,156,131,25
118000578,153,71,82
118000579,315,761,-446
118000583,0,0,0
118000595,192,69,123
118000596,0,49,-49
118000597,130,95,35
118000598,1,0,1
118000599,79,20,59
118000600,2,0,2
118000601,2,0,2
118000602,1,1,0
118000603,0,12,-12
118000605,66,129,-63
118000606,29,28,1
118000607,121,194,-73
118900001,244,838,-594
118900002,446,508,-62
118900003,175,6,169
118900004,53,14,39
118900005,42,1,41
118900006,79,0,79
118900007,5,0,5
118900008,1046,41,1005
118900009,42,26,16
118900010,28,3,25
118900011,64,9,55
118900012,242,133,109
118900013,289,105,184
118900015,88,19,69
118900016,6,2,4
118900017,164,210,-46
118900018,543,27,516
118900019,13,7,6
118900020,70,69,1
118900021,92,176,-84
118900022,91,78,13
118900023,105,59,46
118900024,65,78,-13
118900025,14,20,-6
118900026,57,60,-3
118900027,261,94,167
118900028,131,102,29
118900029,221,228,-7
118900030,287,39,248
118900031,127,61,66
118900032,168,97,71
118900033,253,233,20
118900034,87,16,71
118900035,97,83,14
118900036,866,363,503
118900037,190,182,8
118900038,305,81,224
118900039,354,110,244
118900040,152,114,38
118900041,458,84,374
118900042,129,43,86
118900045,190,106,84
118900046,487,257,230
118900047,310,181,129
118900048,63,136,-73
118900049,25,26,-1
118900050,30,13,17
118900051,75,64,11
118900052,194,133,61
118900053,15,60,-45
118900054,102,33,69
118900055,45,20,25
118900056,44,274,-230
118900057,511,286,225
118900058,209,170,39
118900059,16,55,-39
118900062,312,109,203
118900064,265,471,-206
118900065,51,61,-10
118900066,46,62,-16
118900067,2007,2833,-826
118900068,5,132,-127
118900069,304,147,157
118900071,4,32,-28
118900072,296,163,133
118900073,156,63,93
118900074,82,69,13
118900075,56,35,21
118900076,110,44,66
118900077,117,77,40
118900078,9,0,9
118900079,32,59,-27
118900080,12,60,-48
118900081,38,20,18
118900082,652,66,586
118900083,10,3,7
118900084,15,11,4
118900085,445,333,112
118900086,22,54,-32
118900087,43,195,-152
118900088,0,5,-5
118900089,23,18,5
118900090,441,170,271
118900091,84,115,-31
118900092,103,20,83
118900093,77,24,53
118900096,42,79,-37
118900097,184,250,-66
118900099,33,81,-48
118900100,70,116,-46
118900101,41,109,-68
118900102,27,56,-29
118900103,26,47,-21
118900104,112,48,64
118900105,113,27,86
118900107,74,21,53
118900108,64,41,23
118900110,550,415,135
118900111,267,189,78
118900112,38,102,-64
118900113,125,134,-9
118900114,9,38,-29
118900115,44,144,-100
118900116,82,160,-78
118900117,82,146,-64
118900118,213,158,55
118900119,117,146,-29
118900120,88,181,-93
118900121,19,60,-41
118900122,11,804,-793
118900123,110,110,0
118900124,60,78,-18
118900126,11,235,-224
118900129,172,115,57
118900130,54,131,-77
118900131,135,102,33
118900132,178,172,6
118900133,9,67,-58
118900135,123,130,-7
118900136,178,233,-55
118900137,4,19,-15
118900139,123,103,20
118900140,317,320,-3
118900141,57,58,-1
118900144,87,160,-73
118900145,29,58,-29
118900146,243,326,-83
118900147,116,98,18
118900148,55,35,20
118900150,312,427,-115
118900152,396,362,34
118900157,52,144,-92
118900158,83,28,55
118900159,1,71,-70
118900161,24,10,14
118900163,38,38,0
118900164,0,73,-73
118900165,25,34,-9
118900166,23,1,22
118900167,51,74,-23
118900168,27,87,-60
118900169,68,56,12
118900170,99,43,56
118900171,7,33,-26
118900174,31,25,6
118900175,339,381,-42
118900176,90,152,-62
118900177,25,19,6
118900178,33,76,-43
118900179,64,13,51
118900182,46,30,16
118900183,10,76,-66
118900184,118,33,85
118900185,93,59,34
118900186,86,64,22
118900187,140,163,-23
118900188,197,142,55
118900189,39,631,-592
118900190,10,125,-115
118900191,114,30,84
118900192,166,22,144
118900193,436,8,428
118900195,152,229,-77
118900196,26,58,-32
118900197,127,29,98
118900198,22,4,18
118900199,44,3,41
118900200,12,7,5
118900201,21,21,0
118900202,10,18,-8
118900203,5,6,-1
118900204,4,14,-10
118900205,3,5,-2
118900206,0,6,-6
119000001,931,1086,-155
119000002,2665,1779,886
119000003,1975,608,1367
119000004,1599,816,783
119000005,1138,1263,-125
119000006,2445,1020,1425
119000007,2221,2057,164
119000008,1260,896,364
119000009,2238,3322,-1084
119000010,3348,2826,522
119000011,1691,1692,-1
119000012,963,1949,-986
119000013,1861,1130,731
119000014,842,1343,-501
119000019,175,89,86
119000020,1738,872,866
119000021,3188,1536,1652
119000022,905,1596,-691
119000023,237,207,30
119000024,994,7926,-6932
119000025,2793,672,2121
119000026,63,229,-166
119000027,125,217,-92
119000028,1038,388,650
119000029,56,211,-155
119000030,303,522,-219
119000031,603,367,236
119000032,1008,1171,-163
119000033,1437,789,648
119000034,661,492,169
119000035,12,193,-181
119000036,1546,374,1172
119000037,875,747,128
119000038,116,398,-282
119000039,290,166,124
119000040,450,424,26
119000041,372,750,-378
119000048,1603,1269,334
119000049,1486,961,525
119000050,973,1081,-108
119000051,1243,613,630
119000052,1029,1570,-541
119000053,1170,748,422
119000054,2339,1534,805
119000055,3431,1685,1746
119000056,1908,1105,803
119000057,1114,944,170
119000058,1331,862,469
119000059,916,832,84
119000060,1185,666,519
119000061,750,476,274
119000062,842,838,4
119000063,474,370,104
119000064,597,512,85
119000065,1203,1764,-561
119000066,1497,880,617
119000067,1261,1049,212
119000068,1218,653,565
119000069,1135,1107,28
119000070,1961,573,1388
119000071,371,340,31
119000072,2734,1686,1048
119000073,2678,4936,-2258
119000074,1010,1145,-135
119000075,2226,1379,847
119000076,232,648,-416
119000077,249,292,-43
119000078,393,241,152
119000079,230,409,-179
119000080,367,93,274
119000081,205,205,0
119000082,589,136,453
119000083,498,316,182
119000084,208,282,-74
119000085,428,213,215
119000086,303,458,-155
119000087,982,516,466
119000088,339,216,123
119000089,104,230,-126
119000090,146,103,43
119000091,122,365,-243
119000092,334,208,126
119000093,2166,1320,846
119000094,2412,3145,-733
119000095,1278,1364,-86
119000097,1356,721,635
119000098,644,2045,-1401
119000099,1697,841,856
119000100,2627,2027,600
119000101,2476,822,1654
119000102,521,807,-286
119000103,901,360,541
119000104,1248,700,548
119000105,665,1598,-933
119000106,273,542,-269
119000107,792,346,446
119000108,248,459,-211
119000109,96,300,-204
119000110,183,179,4
119000111,21,402,-381
119000112,148,66,82
119000113,1034,161,873
119000114,435,459,-24
119000115,129,84,45
119000116,94,68,26
119000117,77,148,-71
119000118,5,0,5
119000123,2492,944,1548
119000124,647,112,535
119000125,3165,360,2805
119000126,1174,393,781
119000127,471,314,157
119000128,8,0,8
119000131,760,275,485
119000132,1,2,-1
119000133,1,1,0
119000134,1182,337,845
119000135,106,113,-7
119000136,203,54,149
119000137,179,141,38
119000138,418,110,308
119000139,174,67,107
119000140,198,209,-11
119000284,667,1452,-785
119000285,1243,1063,180
119000286,3431,2924,507
119000287,990,1059,-69
119000288,1286,579,707
119000289,1099,1239,-140
119000290,151,207,-56
119000291,12,139,-127
119000293,82,104,-22
119000294,62,22,40
119000295,572,130,442
119000296,281,169,112
119000302,951,737,214
119000303,27,80,-53
119000314,780,7039,-6259
119000315,0,169,-169
119000316,124,60,64
119000317,68,137,-69
119000319,621,104,517
119900001,129,911,-782
119900002,122,113,9
119900003,22,424,-402
119900004,135,850,-715
119900005,127,40,87
119900006,128,219,-91
119900007,645,161,484
119900008,113,29,84
119900009,439,355,84
119900010,398,530,-132
119900011,8,67,-59
119900012,8,39,-31
119900013,1356,863,493
119900014,315,115,200
119900015,80,14,66
119900016,17,32,-15
119900017,44,20,24
119900018,1125,806,319
119900019,15,10,5
119900020,111,118,-7
119900021,81,31,50
119900022,73,435,-362
119900023,236,1473,-1237
119900025,122,18,104
119900026,405,92,313
119900027,31,7,24
119900028,181,77,104
119900029,1,3,-2
119900030,420,245,175
119900031,46,296,-250
119900033,1308,238,1070
119900034,338,53,285
119900037,138,15,123
119900038,23,242,-219
119900039,56,6,50
119900040,85,10,75
119900041,60,12,48
119900042,111,114,-3
119900043,66,69,-3
119900044,102,703,-601
119900046,89,24,65
119900047,227,42,185
119900049,86,7,79
119900050,50,77,-27
119900051,959,10,949
119900052,34,10,24
119900053,180,85,95
119900054,155,4,151
119900055,902,327,575
119900057,183,22,161
119900058,178,1,177
119900059,47,28,19
119900060,197,16,181
119900061,279,4,275
119900062,33,4,29
119900063,4,41,-37
119900065,143,14,129
119900067,53,13,40
119900068,402,2,400
119900069,83,9,74
119900070,700,6,694
119900071,427,18,409
119900073,884,405,479
119900074,11,6,5
119900075,1994,1480,514
119900076,61,30,31
119900077,772,354,418
119900078,342,337,5
119900079,196,83,113
119900080,272,119,153
119900081,472,25,447
119900082,1060,72,988
119900083,197,58,139
119900084,303,174,129
119900085,19,20,-1
119900086,338,520,-182
119900087,299,146,153
119900088,25,22,3
119900089,19,250,-231
119900090,86,20,66
119900091,19,412,-393
119900092,24,173,-149
119900093,480,92,388
119900094,23,162,-139
119900095,82,69,13
119900096,16,61,-45
119900097,294,129,165
119900098,12,25,-13
119900099,15,57,-42
119900100,937,1617,-680
119900101,99,667,-568
119900102,20,92,-72
119900103,22,105,-83
119900104,17,50,-33
119900105,372,1307,-935
119900106,6,83,-77
119900107,176,1116,-940
119900108,1600,426,1174
119900109,19,73,-54
119900110,466,311,155
119900111,159,280,-121
119900112,589,344,245
119900113,39,152,-113
119900114,183,490,-307
119900115,188,553,-365
119900116,65,256,-191
119900117,218,252,-34
119900118,62,380,-318
119900119,133,113,20
119900120,395,252,143
119900121,314,450,-136
119900122,246,164,82
119900123,89,170,-81
119900124,160,362,-202
119900125,20,115,-95
119900126,1649,181,1468
119900127,1124,593,531
119900128,287,306,-19
119900129,183,197,-14
119900130,7,105,-98
119900131,26,98,-72
119900132,3,90,-87
119900133,13,35,-22
119900134,595,99,496
119900135,0,136,-136
119900136,104,154,-50
119900138,145,252,-107
119900139,13,55,-42
119900140,4,43,-39
119900141,31,461,-430
119900142,1,16,-15
119900143,12,81,-69
119900144,700,114,586
119900145,61,56,5
119900146,105,95,10
119900147,3,79,-76
119900148,147,34,113
119900149,422,3115,-2693
119900150,128,53,75
119900151,737,406,331
119900152,73,101,-28
119900153,112,36,76
119900154,24,323,-299
119900155,22,25,-3
119900156,31,7,24
119900157,81,102,-21
119900158,143,42,101
119900159,5,569,-564
119900160,11,44,-33
119900161,107,84,23
119900162,597,532,65
119900163,31,47,-16
119900164,1,0,1
119900165,93,72,21
119900166,38,41,-3
119900167,37,44,-7
119900168,809,287,522
119900169,28,143,-115
119900170,117,148,-31
119900171,651,156,495
119900172,74,12,62
119900173,2,132,-130
119900174,5,71,-66
119900175,1083,352,731
119900177,14,98,-84
119900178,1,55,-54
119900179,70,419,-349
119900180,810,563,247
119900181,26,75,-49
119900182,1,86,-85
119900183,89,370,-281
119900184,723,194,529
119900185,30,152,-122
119900186,25,718,-693
119900187,1,120,-119
119900188,85,207,-122
119900189,260,245,15
119900190,77,196,-119
119900191,101,104,-3
119900192,30,78,-48
119900193,301,133,168
119900194,22,45,-23
119900195,10,61,-51
119900196,413,167,246
119900197,175,114,61
119900198,113,105,8
119900199,65,7,58
119900200,396,357,39
119900201,190,84,106
119900202,66,169,-103
119900203,104,333,-229
119900204,198,119,79
119900205,619,264,355
119900206,155,73,82
119900208,90,115,-25
119900209,349,955,-606
119900210,26,13,13
119900211,33,1,32
119900212,438,238,200
119900213,6,39,-33
119900214,14,23,-9
119900215,33,26,7
119900216,15,19,-4
119900217,4,17,-13
119900218,9,28,-19
119900219,2,44,-42
119900220,4,33,-29
119900221,5,78,-73
119900222,11,55,-44
119900223,17,29,-12
119900224,6,7,-1
119900225,317,20,297
119900226,211,1071,-860
119900227,427,140,287
119900228,93,137,-44
119900229,190,191,-1
119900230,668,196,472
119900231,159,135,24
119900232,100,43,57
119900233,49,3,46
119900234,5,18,-13
119900235,1,5,-4
119900236,18,67,-49
119900237,23,159,-136
119900238,0,41,-41
119900240,45,56,-11
119900241,107,126,-19
119900242,430,668,-238
119900244,296,791,-495
119900245,81,99,-18
119900246,169,288,-119
119900247,18,71,-53
119900248,35,137,-102
119900249,136,48,88
119900253,1038,258,780
119900254,74,552,-478
119900255,51,377,-326
119900256,495,309,186
119900257,63,3,60
119900258,102,0,102
119900259,12,46,-34
119900260,113,11,102
119900261,237,97,140
119900262,0,79,-79
119900263,803,217,586
119900264,70,65,5
119900265,241,157,84
119900266,253,100,153
119900267,138,196,-58
119900268,101,57,44
119900269,691,463,228
119900271,20,35,-15
119900272,180,93,87
119900275,165,97,68
119900276,71,5,66
119900277,9,7,2
119900278,55,50,5
119900279,49,82,-33
119900280,342,64,278
119900281,0,118,-118
119900282,26,88,-62
119900283,17,103,-86
119900284,29,113,-84
119900285,11,54,-43
119900286,3,7,-4
119900288,7,9,-2
119900289,0,10,-10
119900290,3,3,0
119900291,1,39,-38
119900292,25,35,-10
119900293,20,46,-26
119900294,10,37,-27
119900295,17,24,-7
119900296,45,76,-31
119900297,0,13,-13
119900298,2,1,1
119900299,59,58,1
119900300,113,59,54
119900301,35,7,28
119900302,9,29,-20
119900303,128,60,68
119900304,94,11,83
119900305,3,73,-70
119900306,30,4,26
119900307,42,37,5
119900308,1,5,-4
119900309,31,81,-50
119900310,156,117,39
119900311,51,53,-2
119900312,72,38,34
119900313,172,153,19
119900314,129,187,-58
119900315,1380,882,498
119900318,1,18,-17
119900319,0,83,-83
119900320,132,185,-53
119900321,65,3,62
120000001,3502,12248,-8746
120000002,1772,1434,338
120000003,1863,950,913
120000004,1663,1034,629
120000005,2198,1201,997
120000006,784,774,10
120000007,1875,2214,-339
120000008,730,748,-18
120000009,1399,695,704
120000010,1516,1430,86
120000011,791,896,-105
120000012,1188,1238,-50
120000013,2095,1734,361
120000014,548,875,-327
120000015,1674,1073,601
120000016,2716,1495,1221
120000017,2402,1686,716
120000018,2196,8785,-6589
120000019,715,959,-244
120000020,1923,2366,-443
120000021,1292,1704,-412
120000022,1856,2878,-1022
120000023,760,1164,-404
120000024,852,1630,-778
120000025,1913,1198,715
120000026,1829,1199,630
120000027,1596,1417,179
120000028,517,1804,-1287
120000029,899,965,-66
120000030,960,696,264
120000031,1256,3898,-2642
120000032,4160,2332,1828
120000033,3520,1073,2447
120000034,1694,1029,665
120000035,1677,1119,558
120000036,2351,3498,-1147
120000037,462,1050,-588
120000038,2763,2336,427
120000039,492,627,-135
120000040,190,353,-163
120000041,668,819,-151
120000042,1331,1015,316
120000043,3000,769,2231
120000044,4096,991,3105
120000045,4902,634,4268
120000046,3033,1948,1085
120000047,436,4016,-3580
120000048,3688,2534,1154
120000049,2599,1731,868
120000050,2649,2375,274
120000051,1833,2450,-617
120000052,4801,1293,3508
120000053,1091,1265,-174
120000054,1035,2011,-976
120000055,1355,2715,-1360
120000056,3017,2197,820
120000057,2804,1075,1729
120000058,1248,1757,-509
120000059,4,1009,-1005
120000061,93,264,-171
120000062,112,203,-91
120000063,827,1313,-486
120000064,168,601,-433
120000065,360,785,-425
120000066,138,295,-157
120000067,28,335,-307
120000068,185,406,-221
120000069,434,461,-27
120000070,79,327,-248
120000071,489,65,424
120000072,741,332,409
120000073,808,87,721
120000074,79,46,33
120000075,443,165,278
120000076,1649,258,1391
120000077,1595,460,1135
120000078,2051,951,1100
120000079,459,276,183
120000080,275,216,59
120000081,382,119,263
120000082,329,225,104
120000083,124,697,-573
120000084,269,203,66
120000085,223,252,-29
120000086,287,323,-36
120000087,244,265,-21
120000088,532,617,-85
120000089,847,389,458
120000090,559,319,240
120000091,866,596,270
120000092,892,346,546
120000093,319,297,22
120000094,114,592,-478
120000095,662,241,421
120000096,162,344,-182
120000098,633,389,244
120000099,285,421,-136
120000100,525,481,44
120000101,378,259,119
120000102,468,747,-279
120000103,1128,713,415
120000104,1510,328,1182
120000105,2663,570,2093
120000106,2070,532,1538
120000107,3383,484,2899
120000108,1263,114,1149
120000109,907,56,851
120000110,95,489,-394
120000111,108,593,-485
120000112,552,1245,-693
120000113,569,1028,-459
120000114,638,1156,-518
120000115,266,1087,-821
120000116,443,1034,-591
120000117,706,896,-190
120000118,62,30,32
120000119,16,45,-29
120000120,100,81,19
120000121,20,27,-7
120000122,146,360,-214
120000123,1974,4911,-2937
120000124,283,185,98
120000125,475,339,136
120000126,269,775,-506
120000127,1326,687,639
120000128,1727,2330,-603
120000129,180,178,2
120000130,507,311,196
120000131,282,383,-101
120000134,234,480,-246
120000135,515,294,221
120000137,162,535,-373
120000138,948,233,715
120000139,230,328,-98
120000140,817,252,565
120000141,268,221,47
120000142,602,328,274
120000143,3,68,-65
120000144,147,5,142
120000145,397,0,397
120000146,645,669,-24
120000149,496,651,-155
120000150,1474,7129,-5655
120000151,304,283,21
120000152,476,109,367
120000153,147,292,-145
120000154,342,331,11
120000155,120,181,-61
120000156,563,772,-209
120000157,743,485,258
120000158,679,552,127
120000159,1358,1319,39
120000160,1737,1044,693
120000161,1877,1421,456
120000162,60,221,-161
120000163,551,618,-67
120000164,504,265,239
120000165,616,410,206
120000166,1184,308,876
120000167,209,121,88
120000168,15,450,-435
120000169,31,1614,-1583
120000170,51,1275,-1224
120000171,21,471,-450
120000172,19,424,-405
120000173,764,1527,-763
120000174,92,27,65
120000175,106,38,68
120000176,118,33,85
120000177,537,74,463
120000178,48,13,35
120000179,100,32,68
120000180,159,47,112
120000181,55,759,-704
120000182,39,484,-445
120000183,7,221,-214
120000184,133,664,-531
120000186,25,649,-624
120000187,26,307,-281
120000188,53,443,-390
120000190,215,63,152
120000191,299,95,204
120000192,348,42,306
120000193,163,5,158
120000195,13,2,11
120000196,92,20,72
120000197,25,38,-13
120000198,138,22,116
120000199,68,0,68
120000200,182,0,182
120000201,11,21,-10
120000202,3,32,-29
120000203,27,107,-80
120000207,1,33,-32
120000208,5,96,-91
120000209,3,36,-33
120000210,28,34,-6
120000211,159,1,158
120000212,199,0,199
120000213,138,103,35
120000214,1,113,-112
120000215,3,97,-94
120000216,99,19,80
120000217,353,646,-293
120000218,77,434,-357
120000219,6,260,-254
120000220,4,699,-695
120000225,1407,3,1404
120000226,363,4,359
120000227,708,53,655
120000228,7899,2858,5041
120000230,364,5,359
120000231,1221,1098,123
120000233,209,6,203
120000235,226,334,-108
120000236,706,1,705
120000237,1,516,-515
120000238,5,915,-910
120000241,766,2433,-1667
120000412,183,3,180
120000413,193,77,116
120000414,98,1,97
120000415,3,26,-23
120000416,104,4,100
120000417,4,56,-52
120000418,110,0,110
120000419,5,79,-74
120000420,25,9,16
120000421,4802,3362,1440
120000422,73,1257,-1184
120000423,4,58,-54
120000424,99,56,43
120000436,80,656,-576
120000437,81,54,27
120000438,1190,152,1038
120000439,135,384,-249
120000443,163,0,163
120000444,1349,215,1134
120000445,1231,728,503
120000446,425,151,274
120000447,160,0,160
120000449,65,0,65
120000450,4,76,-72
120000451,79,112,-33
120000452,209,0,209
120000453,1,111,-110
120000454,37,40,-3
120000455,85,37,48
120000456,1510,2695,-1185
120000457,496,302,194
120000458,376,425,-49
120000459,80,50,30
120000665,445,195,250
120000668,116,743,-627
120000669,111,100,11
120000670,101,1015,-914
120000671,1072,471,601
120000672,68,340,-272
120900001,54,83,-29
120900002,78,173,-95
120900003,128,8,120
120900004,8,47,-39
120900005,13,752,-739
120900006,341,144,197
120900007,120,58,62
120900008,251,624,-373
120900009,527,12,515
120900010,379,94,285
120900011,104,153,-49
120900012,70,799,-729
120900013,283,82,201
120900014,3,191,-188
120900015,727,77,650
120900016,839,33,806
120900017,978,37,941
120900018,120,213,-93
120900019,431,360,71
120900020,473,936,-463
120900021,657,153,504
120900022,18,109,-91
120900023,247,44,203
120900024,1158,309,849
120900025,913,714,199
120900026,144,100,44
120900027,711,8,703
120900028,381,87,294
120900029,64,444,-380
120900030,1181,505,676
120900031,202,109,93
120900032,968,81,887
120900033,796,61,735
120900034,13,1753,-1740
120900035,11,47,-36
120900037,207,6,201
120900038,49,260,-211
120900039,72,41,31
120900040,293,7,286
120900041,89,18,71
120900042,499,27,472
120900043,61,11,50
120900044,11,229,-218
120900045,120,37,83
120900046,411,3,408
120900047,141,78,63
120900048,113,23,90
120900049,373,4,369
120900050,938,1278,-340
120900051,334,90,244
120900052,520,0,520
120900053,229,30,199
120900054,1057,340,717
120900055,335,3,332
120900056,504,18,486
120900057,159,16,143
120900058,514,2,512
120900059,82,1,81
120900060,54,17,37
120900061,178,86,92
120900062,198,3,195
120900063,584,4,580
120900064,622,1,621
120900065,485,0,485
120900066,98,81,17
120900067,155,39,116
120900068,219,0,219
120900069,253,11,242
120900071,22,1,21
120900072,688,7,681
120900073,536,17,519
120900074,412,4,408
120900076,338,0,338
120900077,1150,108,1042
120900078,738,600,138
120900079,482,77,405
120900080,790,743,47
120900081,1084,124,960
120900082,346,345,1
120900083,82,1,81
120900084,258,397,-139
120900085,38,152,-114
120900086,65,234,-169
120900087,365,329,36
120900088,126,372,-246
120900089,1460,2397,-937
120900090,232,63,169
120900091,478,666,-188
120900092,755,264,491
120900093,923,82,841
120900094,293,79,214
120900095,242,9,233
120900096,40,92,-52
120900097,412,330,82
120900098,161,79,82
120900099,42,26,16
120900100,59,103,-44
120900101,327,104,223
120900102,24,31,-7
120900103,40,137,-97
120900104,13,21,-8
120900105,20,192,-172
120900106,636,224,412
120900107,138,103,35
120900108,7,202,-195
120900109,35,265,-230
120900110,9,351,-342
120900111,122,189,-67
120900112,5,379,-374
120900113,14,351,-337
120900114,22,53,-31
120900115,114,245,-131
120900116,300,176,124
120900117,4,213,-209
120900118,6,334,-328
120900119,3979,2275,1704
120900120,77,259,-182
120900121,36,207,-171
120900122,378,177,201
120900123,9,180,-171
120900124,1,288,-287
120900125,6,270,-264
120900126,1049,505,544
120900127,7,225,-218
120900128,891,836,55
120900129,20,138,-118
120900130,2,86,-84
120900131,109,26,83
120900132,887,97,790
120900133,56,363,-307
120900134,530,200,330
120900135,8,248,-240
120900136,34,39,-5
120900137,213,35,178
120900138,13,85,-72
120900139,2,289,-287
120900140,2,44,-42
120900141,72,150,-78
120900142,13,172,-159
120900143,2,410,-408
120900144,0,52,-52
120900145,361,580,-219
120900146,2,452,-450
120900147,46,205,-159
120900148,68,88,-20
120900149,0,117,-117
120900150,59,308,-249
120900151,65,337,-272
120900152,177,24,153
120900153,70,35,35
120900154,2,90,-88
120900155,167,536,-369
120900156,251,219,32
120900157,52,154,-102
120900158,58,322,-264
120900159,187,237,-50
120900160,21,479,-458
120900161,40,218,-178
120900162,78,337,-259
120900163,125,484,-359
120900164,0,67,-67
120900165,10,557,-547
120900166,38,185,-147
120900167,122,90,32
120900169,47,120,-73
120900170,484,2333,-1849
120900171,452,105,347
120900172,188,974,-786
120900173,15,54,-39
120900174,4,70,-66
120900175,143,51,92
120900176,12,228,-216
120900177,0,953,-953
120900178,14,204,-190
120900179,495,225,270
120900180,40,102,-62
120900181,51,25,26
120900182,27,230,-203
120900183,320,20,300
120900184,143,49,94
120900185,15,145,-130
120900186,1,243,-242
120900187,320,731,-411
120900188,193,3,190
120900189,52,1451,-1399
120900190,96,3,93
120900191,8,11,-3
120900192,4146,6609,-2463
120900194,66,26,40
120900195,76,142,-66
120900196,572,21,551
120900197,585,94,491
120900198,158,324,-166
120900199,276,334,-58
120900200,38,92,-54
120900201,275,56,219
120900202,0,71,-71
120900203,28,56,-28
120900204,61,115,-54
120900205,19,17,2
120900206,17,16,1
120900207,41,649,-608
121000001,376,597,-221
121000002,1393,959,434
121000003,1746,925,821
121000004,1468,2228,-760
121000005,1061,1488,-427
121000006,1752,1479,273
121000007,1263,1988,-725
121000008,3091,2651,440
121000009,2406,3478,-1072
121000010,4324,3810,514
121000011,3699,6602,-2903
121000012,7961,5734,2227
121000013,3064,4273,-1209
121000014,3547,3369,178
121000015,2628,4798,-2170
121000016,2546,2298,248
121000017,1170,1919,-749
121000018,1503,1055,448
121000019,8225,7412,813
121000020,7545,12417,-4872
121000021,1532,1348,184
121000022,1636,2083,-447
121000023,1870,1327,543
121000024,3081,3124,-43
121000025,279,939,-660
121000026,275,123,152
121000027,827,874,-47
121000028,582,298,284
121000029,625,338,287
121000030,524,255,269
121000031,411,377,34
121000032,145,102,43
121000034,201,211,-10
121000035,114,116,-2
121000036,612,495,117
121000037,412,407,5
121000038,306,498,-192
121000039,117,201,-84
121000041,382,226,156
121000042,208,280,-72
121000043,451,401,50
121000044,1010,728,282
121000045,312,181,131
121000046,453,585,-132
121000047,206,223,-17
121000049,825,375,450
121000050,227,937,-710
121000051,406,163,243
121000052,272,437,-165
121000053,216,74,142
121000054,34,264,-230
121000055,664,877,-213
121000056,536,600,-64
121000057,206,326,-120
121000058,386,271,115
121000059,1414,696,718
121000060,316,782,-466
121000061,100,196,-96
121000062,127,250,-123
121000063,669,579,90
121000064,482,560,-78
121000065,199,357,-158
121000066,432,437,-5
121000067,248,367,-119
121000068,386,247,139
121000069,216,644,-428
121000070,1157,711,446
121000071,1171,861,310
121000072,1104,396,708
121000073,858,670,188
121000074,138,142,-4
121000075,16,310,-294
121000076,268,193,75
121000077,103,136,-33
121000078,79,80,-1
121000080,1018,360,658
121000081,1925,2277,-352
121000082,85,190,-105
121000083,97,105,-8
121000084,201,235,-34
121000085,143,299,-156
121000086,240,473,-233
121000087,57,176,-119
121000088,324,356,-32
121000089,148,208,-60
121000090,215,213,2
121000091,710,524,186
121000092,138,45,93
121000093,125,121,4
121000094,227,360,-133
121000095,242,380,-138
121000096,1917,1292,625
121000097,351,1229,-878
121000098,455,493,-38
121000099,669,419,250
121000100,756,187,569
121000101,277,144,133
121000102,261,123,138
121000103,154,145,9
121000104,202,70,132
121000105,344,90,254
121000106,261,165,96
121000107,1012,1572,-560
121000109,581,645,-64
121000110,180,474,-294
121000114,1934,1372,562
121000115,731,447,284
121000116,187,532,-345
121000117,238,165,73
121000118,1165,140,1025
121000119,260,270,-10
121000120,173,333,-160
121000121,316,820,-504
121000123,810,442,368
121000127,115,71,44
121000128,871,200,671
121000129,692,317,375
121000130,513,350,163
121000131,996,1190,-194
121000132,800,1195,-395
121000135,192,203,-11
121000136,768,611,157
121000137,318,252,66
121000138,620,779,-159
121000139,347,273,74
121000141,180,63,117
121000142,447,593,-146
121000143,66,28,38
121000144,415,1279,-864
121000145,481,551,-70
121000146,980,772,208
121000147,845,365,480
121000148,651,610,41
121000149,1554,962,592
121000152,294,366,-72
121000153,1185,361,824
121000154,780,344,436
121000155,946,639,307
121000156,294,700,-406
121000157,471,879,-408
121000158,256,277,-21
121000159,160,203,-43
121000160,192,195,-3
121000161,167,158,9
121000162,64,75,-11
121000165,726,1402,-676
121000166,26,321,-295
121000168,293,169,124
121000169,34,72,-38
121000170,299,53,246
121000171,59,89,-30
121000172,486,352,134
121000173,741,763,-22
121000174,277,353,-76
121000175,728,268,460
121000176,226,198,28
121000177,512,335,177
121000178,109,25,84
121000179,37,30,7
121000181,300,269,31
121000182,72,167,-95
121000183,88,70,18
121000184,26,95,-69
121000185,26,135,-109
121000186,200,316,-116
121000187,106,87,19
121000188,144,68,76
121000192,604,273,331
121000193,390,305,85
121000194,1238,1303,-65
121000195,134,535,-401
121000196,369,134,235
121000197,117,341,-224
121000198,156,108,48
121000199,95,121,-26
121000200,444,57,387
121000201,7,113,-106
121000202,590,75,515
121000203,604,1044,-440
121000204,2195,522,1673
121000205,67,127,-60
121000206,67,22,45
121000207,1459,546,913
121000208,1,226,-225
121000209,386,100,286
121000210,492,191,301
121000211,333,63,270
121000212,434,236,198
121000213,5742,1704,4038
121000214,520,1224,-704
121000215,571,594,-23
121000216,305,389,-84
121000217,2384,1995,389
121000218,230,1056,-826
121000219,920,354,566
121000220,83,36,47
121000221,82,281,-199
121000222,1417,1511,-94
121000223,252,306,-54
121000224,160,240,-80
121000225,646,1707,-1061
121000226,1230,910,320
121000227,26,126,-100
121000228,13,336,-323
121000229,260,305,-45
121000230,27,908,-881
121000231,843,35,808
121000232,227,178,49
121000233,425,198,227
121000234,24,37,-13
121000235,28,76,-48
121000236,4,42,-38
121000237,24,12,12
121000238,6,50,-44
121000239,26,1,25
121000240,7,108,-101
121000241,86,10,76
121000242,43,438,-395
121000243,221,62,159
121000244,2,76,-74
121000245,33,6,27
121000246,2,75,-73
121000247,93,2,91
121000248,321,595,-274
121000249,59,96,-37
121000250,357,227,130
121000251,15,179,-164
121000252,63,49,14
121000253,231,194,37
121000254,630,114,516
121000255,86,122,-36
121000256,222,130,92
121000257,16,71,-55
121000258,100,62,38
121000259,21,30,-9
121000260,29,54,-25
121000261,50,38,12
121000262,538,342,196
121000263,376,281,95
121000271,267,705,-438
121000273,15,5,10
121000274,8,30,-22
121000275,2,20,-18
121000276,4,13,-9
121000278,61,22,39
121000289,175,6,169
121000290,609,598,11
121000294,133,50,83
121000297,386,764,-378
121000299,76,314,-238
121000300,534,720,-186
121000302,25,530,-505
121000303,369,163,206
121000304,279,50,229
121000305,202,88,114
121000306,95,73,22
121000308,96,193,-97
121000309,311,381,-70
121000310,128,217,-89
121000311,39,365,-326
121000312,167,110,57
121000313,170,273,-103
121000314,53,64,-11
121000315,24,80,-56
121000530,1156,842,314
121000531,1281,1044,237
121000532,4211,5059,-848
121000533,2151,2304,-153
121000918,35,62,-27
121000919,33,68,-35
121000938,58,166,-108
121000939,42,145,-103
121000956,1176,693,483
121000957,2,5,-3
121000958,18,20,-2
121000959,799,322,477
121000960,963,1267,-304
121000961,221,19,202
121000962,338,342,-4
121000973,0,132,-132
121000976,6,97,-91
121000979,260,74,186
121000981,204,58,146
121000982,371,113,258
121000983,335,148,187
121000984,17,27,-10
121000985,618,224,394
121000986,215,72,143
121000987,187,398,-211
121000988,694,74,620
121001302,160,99,61
121001308,6,11,-5
121001309,24,185,-161
121001313,133,74,59
121001314,963,1290,-327
121001315,3397,2241,1156
121001326,291,249,42
121001327,132,176,-44
121001328,134,6,128
121900001,92,134,-42
121900002,25,19,6
121900003,364,4,360
121900004,59,150,-91
121900005,12,3,9
121900006,54,20,34
121900007,1153,1022,131
121900008,105,255,-150
121900009,244,13,231
121900010,140,1,139
121900011,110,83,27
121900012,3,0,3
121900013,600,91,509
121900014,801,253,548
121900015,122,133,-11
121900016,10,26,-16
121900017,525,211,314
121900018,310,0,310
121900019,310,134,176
121900020,12,2,10
121900021,677,11,666
121900022,143,150,-7
121900023,86,180,-94
121900024,239,63,176
121900025,395,306,89
121900026,119,22,97
121900027,238,67,171
121900028,152,7,145
121900029,50,163,-113
121900030,238,386,-148
121900031,544,4239,-3695
121900032,63,38,25
121900033,113,219,-106
121900034,188,51,137
121900035,1462,1368,94
121900036,71,237,-166
121900037,66,555,-489
121900038,22,46,-24
121900039,227,35,192
121900040,52,56,-4
121900041,81,107,-26
121900042,231,112,119
121900043,5,1,4
121900044,38,24,14
121900046,128,159,-31
121900047,132,58,74
121900048,22,40,-18
121900050,19,33,-14
121900051,121,144,-23
121900052,113,20,93
121900053,295,202,93
121900054,315,587,-272
121900055,1,3,-2
121900058,166,55,111
121900059,206,130,76
121900060,82,205,-123
121900062,83,53,30
121900063,991,248,743
121900064,201,318,-117
121900066,32,7,25
121900067,16,47,-31
121900069,94,53,41
121900070,103,80,23
121900071,274,150,124
121900072,33,77,-44
121900073,127,169,-42
121900074,341,598,-257
121900075,305,411,-106
121900076,332,311,21
121900078,84,11,73
121900079,1,0,1
121900080,497,205,292
121900082,47,67,-20
121900084,10,44,-34
121900086,5,54,-49
121900087,96,89,7
121900088,707,1278,-571
121900089,169,141,28
121900090,36,28,8
121900091,53,50,3
121900092,33,100,-67
121900093,56,53,3
121900094,13,8,5
121900095,270,109,161
121900096,595,428,167
121900097,496,129,367
121900098,0,1,-1
121900099,110,39,71
121900100,58,282,-224
121900101,65,72,-7
121900102,1,75,-74
121900103,217,137,80
121900104,1079,194,885
121900105,263,114,149
121900106,2,0,2
121900107,41,3,38
121900108,0,2,-2
121900109,153,83,70
121900110,385,327,58
121900111,451,124,327
121900112,88,73,15
121900113,56,293,-237
121900114,31,16,15
121900117,80,75,5
121900118,1043,456,587
121900119,174,42,132
121900120,33,586,-553
121900121,225,40,185
121900122,14,30,-16
121900123,147,245,-98
121900124,83,90,-7
121900125,845,559,286
121900127,18,62,-44
121900128,34,40,-6
121900129,197,99,98
121900130,84,168,-84
121900131,163,52,111
121900132,39,34,5
121900133,46,892,-846
121900134,18,113,-95
121900135,1804,237,1567
121900136,350,184,166
121900137,24,169,-145
121900138,40,61,-21
121900139,165,644,-479
121900140,45,83,-38
121900141,77,13,64
121900142,97,50,47
121900143,8,84,-76
121900144,60,153,-93
121900145,146,190,-44
121900146,356,414,-58
121900147,52,109,-57
121900148,130,159,-29
121900149,180,283,-103
121900150,32,87,-55
121900151,59,164,-105
121900152,52,56,-4
121900153,37,383,-346
121900154,6,226,-220
121900155,0,84,-84
121900156,111,83,28
121900157,4,172,-168
121900158,66,69,-3
121900159,0,111,-111
121900160,3,234,-231
121900161,171,284,-113
121900162,55,114,-59
121900163,224,285,-61
121900164,257,151,106
121900165,149,63,86
121900166,90,90,0
121900167,46,82,-36
121900168,108,134,-26
121900169,6,128,-122
121900170,4,116,-112
121900171,519,316,203
121900172,401,111,290
121900173,441,165,276
121900174,22,32,-10
121900175,165,113,52
121900176,280,925,-645
121900177,130,58,72
121900178,35,39,-4
121900179,328,138,190
121900180,1310,2963,-1653
121900182,460,217,243
121900183,431,746,-315
121900184,39,313,-274
121900186,5,195,-190
121900187,27,62,-35
121900188,239,185,54
121900189,25,36,-11
121900190,212,275,-63
121900191,50,158,-108
121900192,170,749,-579
121900193,28,106,-78
121900194,4,118,-114
121900195,16,37,-21
121900196,484,565,-81
121900197,211,683,-472
121900198,816,705,111
121900199,3,17,-14
121900200,56,138,-82
121900201,440,388,52
121900202,84,428,-344
121900203,59,545,-486
121900204,399,884,-485
121900205,12,88,-76
121900206,26,23,3
121900207,30,16,14
121900208,85,174,-89
121900209,35,39,-4
121900210,884,652,232
121900211,248,204,44
121900212,58,100,-42
121900213,151,29,122
121900214,2,288,-286
121900215,37,62,-25
121900216,43,135,-92
121900217,117,103,14
121900218,117,273,-156
121900220,64,5,59
121900221,156,277,-121
121900222,130,36,94
121900223,90,19,71
121900224,69,17,52
121900225,50,90,-40
121900226,141,45,96
121900227,185,293,-108
121900228,148,143,5
121900230,33,178,-145
121900231,88,948,-860
121900232,93,184,-91
121900233,91,124,-33
121900234,217,102,115
121900235,350,81,269
121900236,270,108,162
121900237,104,151,-47
121900238,94,159,-65
121900239,106,16,90
121900240,170,61,109
121900241,66,30,36
121900242,10,1,9
121900243,9,0,9
121900244,10,0,10
121900245,126,46,80
121900246,1853,102,1751
121900248,695,740,-45
121900250,88,256,-168
121900251,231,34,197
121900252,239,96,143
121900253,134,619,-485
121900254,262,220,42
121900255,320,39,281
121900258,2248,1208,1040
121900259,241,351,-110
121900260,62,58,4
121900261,123,389,-266
121900262,217,617,-400
121900263,202,124,78
121900264,728,740,-12
121900265,234,108,126
121900266,393,72,321
121900267,38,33,5
121900269,138,473,-335
121900270,22,107,-85
121900271,27,72,-45
121900273,242,1080,-838
121900274,277,103,174
121900277,312,492,-180
121900278,58,492,-434
121900279,115,103,12
121900280,52,229,-177
121900281,109,328,-219
121900284,60,6,54
121900286,99,35,64
121900287,21,18,3
121900288,5,0,5
121900290,158,322,-164
121900291,274,489,-215
121900292,85,63,22
121900293,618,1856,-1238
121900294,174,3,171
121900295,84,121,-37
121900296,43,86,-43
121900298,160,623,-463
121900299,0,0,0
121900300,68,1,67
121900301,85,2,83
121900302,1,43,-42
121900303,211,128,83
121900304,4,7,-3
121900305,1,9,-8
121900306,202,4,198
121900307,60,5,55
121900308,15,119,-104
121900309,2,85,-83
121900310,9,159,-150
121900311,276,13,263
121900312,263,14,249
121900313,266,4,262
121900314,1,13,-12
121900315,13,0,13
121900316,0,15,-15
121900317,15,1,14
121900318,0,8,-8
121900319,34,94,-60
121900320,23,45,-22
121900321,31,1,30
121900322,4,14,-10
121900323,37,16,21
121900324,0,29,-29
121900325,10,12,-2
121900326,6,10,-4
121900327,3,28,-25
121900328,0,13,-13
121900329,3,77,-74
121900330,1,74,-73
121900331,1,25,-24
121900332,63,7,56
121900333,17,0,17
121900334,23,36,-13
122000001,1076,3982,-2906
122000002,1967,895,1072
122000003,953,1965,-1012
122000004,1455,847,608
122000005,1795,1363,432
122000006,916,744,172
122000007,456,1087,-631
122000008,1351,2176,-825
122000009,276,322,-46
122000010,1266,1617,-351
122000011,2245,1461,784
122000012,662,1365,-703
122000013,555,709,-154
122000014,1432,792,640
122000015,720,609,111
122000016,324,573,-249
122000017,648,668,-20
122000018,864,873,-9
122000019,564,777,-213
122000020,159,160,-1
122000021,149,268,-119
122000022,696,658,38
122000023,472,881,-409
122000024,382,1091,-709
122000025,512,1332,-820
122000026,407,921,-514
122000027,367,920,-553
122000028,596,306,290
122000029,262,266,-4
122000030,126,113,13
122000031,147,224,-77
122000032,1607,1217,390
122000033,317,1096,-779
122000034,277,327,-50
122000035,138,433,-295
122000036,323,300,23
122000037,211,138,73
122000038,142,180,-38
122000039,466,280,186
122000040,133,203,-70
122000041,267,368,-101
122000042,200,325,-125
122000043,62,61,1
122000044,84,77,7
122000045,959,376,583
122000046,562,463,99
122000047,121,96,25
122000048,2027,2704,-677
122000049,3499,2354,1145
122000050,811,527,284
122000051,134,302,-168
122000052,265,377,-112
122000053,134,669,-535
122000054,1507,1264,243
122000055,1210,2587,-1377
122000056,2271,2099,172
122000057,1613,2644,-1031
122000058,1012,1299,-287
122000059,994,1849,-855
122000060,277,607,-330
122000061,218,440,-222
122000062,411,212,199
122000063,586,540,46
122000064,1924,2494,-570
122000065,1718,1335,383
122000066,246,310,-64
122000067,906,793,113
122000068,991,634,357
122000069,575,600,-25
122000070,456,706,-250
122000071,1241,775,466
122000072,339,385,-46
122000073,219,648,-429
122000074,1913,973,940
122000075,585,770,-185
122000076,2685,929,1756
122000077,521,904,-383
122000078,770,2405,-1635
122000079,486,1101,-615
122000080,342,335,7
122000081,96,123,-27
122000082,268,921,-653
122000083,1211,699,512
122000084,1184,507,677
122000085,177,453,-276
122000086,1392,3150,-1758
122000087,217,182,35
122000088,184,257,-73
122000089,2684,1394,1290
122000090,88,297,-209
122000091,101,65,36
122000092,44,28,16
122000093,1071,1735,-664
122000094,2897,1809,1088
122000095,683,2095,-1412
122000096,563,1001,-438
122000098,1303,1975,-672
122000099,761,561,200
122000100,520,436,84
122000101,251,292,-41
122000102,1210,668,542
122000103,1100,882,218
122000104,363,120,243
122000105,309,181,128
122000106,281,492,-211
122000107,758,285,473
122000108,290,515,-225
122000109,310,186,124
122000110,299,337,-38
122000111,1677,876,801
122000112,744,819,-75
122000113,487,491,-4
122000114,1230,1134,96
122000115,966,732,234
122000116,306,378,-72
122000117,1185,280,905
122000118,344,527,-183
122000119,1440,1221,219
122000120,735,1863,-1128
122000121,680,1648,-968
122000122,394,924,-530
122000123,1052,1039,13
122000124,576,384,192
122000125,402,490,-88
122000126,326,542,-216
122000127,574,723,-149
122000128,258,330,-72
122000129,336,1265,-929
122000130,1915,1076,839
122000131,707,800,-93
122000132,184,299,-115
122000133,574,619,-45
122000134,741,559,182
122000135,460,413,47
122000136,613,579,34
122000137,1181,634,547
122000139,642,2224,-1582
122000140,446,385,61
122000141,1895,670,1225
122000142,107,571,-464
122000143,255,241,14
122000144,769,731,38
122000145,503,477,26
122000146,333,833,-500
122000147,265,359,-94
122000148,756,1176,-420
122000149,1154,1262,-108
122000150,820,769,51
122000151,106,244,-138
122000152,161,214,-53
122000153,252,178,74
122000154,133,158,-25
122000155,977,1677,-700
122000156,1430,1615,-185
122000157,582,1649,-1067
122000158,211,414,-203
122000159,381,783,-402
122000160,1485,1404,81
122000161,588,640,-52
122000162,883,1211,-328
122000163,140,50,90
122000164,19,70,-51
122000165,500,520,-20
122000166,547,749,-202
122000167,156,151,5
122000168,114,383,-269
122000169,255,113,142
122000170,207,142,65
122000171,19,39,-20
122000172,1062,670,392
122000173,722,1459,-737
122000174,1157,616,541
122000175,439,183,256
122000176,235,546,-311
122000177,810,919,-109
122000178,1709,1488,221
122000179,958,1534,-576
122000180,744,822,-78
122000181,796,1510,-714
122000182,798,901,-103
122000183,1353,662,691
122000184,1369,1725,-356
122000185,755,1228,-473
122000186,266,637,-371
122000187,1243,660,583
122000188,212,159,53
122000189,112,241,-129
122000190,518,721,-203
122000191,464,430,34
122000192,641,227,414
122000193,329,414,-85
122000194,326,133,193
122000195,89,263,-174
122000196,665,437,228
122000197,367,447,-80
122000198,316,688,-372
122000199,183,199,-16
122000200,561,459,102
122000201,707,931,-224
122000202,746,1052,-306
122000203,1686,964,722
122000204,854,1096,-242
122000205,737,740,-3
122000206,1670,604,1066
122000207,1378,776,602
122000208,1553,922,631
122000209,1212,300,912
122000210,1442,1049,393
122000211,824,695,129
122000212,577,427,150
122000213,640,980,-340
122000214,1356,1228,128
122000215,1313,1172,141
122000217,1126,845,281
122000218,482,61,421
122000219,629,535,94
122000220,226,409,-183
122000221,77,298,-221
122000222,416,135,281
122000223,878,388,490
122000225,570,224,346
122000226,1070,922,148
122000227,158,1377,-1219
122000228,240,208,32
122000229,45,337,-292
122000230,76,253,-177
122000231,357,530,-173
122000232,399,518,-119
122000233,0,69,-69
122000234,317,50,267
122000235,810,81,729
122000236,824,46,778
122000237,68,75,-7
122000238,250,253,-3
122000239,651,147,504
122000240,1021,442,579
122000241,1393,345,1048
122000242,473,88,385
122000243,251,53,198
122000244,77,188,-111
122000245,81,127,-46
122000246,326,110,216
122000247,498,298,200
122000248,624,749,-125
122000249,1235,679,556
122000250,1404,835,569
122000251,136,353,-217
122000252,320,112,208
122000253,32,137,-105
122000254,242,70,172
122000255,498,612,-114
122000256,225,409,-184
122000257,161,129,32
122000258,251,133,118
122000259,24,279,-255
122000260,168,490,-322
122000261,18,198,-180
122000262,2,23,-21
122000263,268,303,-35
122000264,1052,243,809
122000265,1590,576,1014
122000266,2584,481,2103
122000267,186,114,72
122000268,123,279,-156
122000269,666,224,442
122000270,370,143,227
122000271,179,567,-388
122000272,266,539,-273
122000273,280,242,38
122000274,148,122,26
122000275,249,156,93
122000276,608,286,322
122000277,868,965,-97
122000278,1342,432,910
122000279,149,235,-86
122000280,687,352,335
122000281,612,463,149
122000282,166,222,-56
122000283,225,106,119
122000284,159,63,96
122000285,297,35,262
122000286,50,96,-46
122000287,802,827,-25
122000288,404,223,181
122000291,1440,471,969
122000293,119,111,8
122000294,100,189,-89
122000295,910,155,755
122000296,35,430,-395
122000297,1172,2504,-1332
122000299,318,206,112
122000300,360,430,-70
122000301,4397,2260,2137
122000302,380,1226,-846
122000303,1785,849,936
122000304,42,117,-75
122000305,880,268,612
122000306,41,275,-234
122000307,92,69,23
122000309,26,23,3
122000310,11,54,-43
122000311,94,90,4
122000312,86,141,-55
122000313,64,45,19
122000314,74,170,-96
122000315,217,35,182
122000316,617,156,461
122000317,1307,206,1101
122000318,151,312,-161
122000319,88,179,-91
122000320,169,559,-390
122000321,64,120,-56
122000322,1087,1362,-275
122000323,740,1641,-901
122000324,719,926,-207
122000325,579,1586,-1007
122000326,79,59,20
122000327,266,426,-160
122000328,406,299,107
122000330,978,545,433
122000333,19,71,-52
122000337,792,568,224
122000338,296,199,97
122000340,145,522,-377
122000342,965,500,465
122000343,330,519,-189
122000344,54,9,45
122000345,230,40,190
122000346,232,187,45
122000348,476,398,78
122000349,59,313,-254
122000351,119,168,-49
122000352,243,128,115
122000353,76,38,38
122000355,152,163,-11
122000356,691,705,-14
122000357,80,30,50
122000358,0,28,-28
122000359,0,19,-19
122000360,1,24,-23
122000362,14,41,-27
122000364,131,172,-41
122000365,3,34,-31
122000366,9,10,-1
122000368,266,378,-112
122000370,9,19,-10
122000371,19,0,19
122000372,6,1,5
122000381,101,186,-85
122000382,70,218,-148
122000384,1032,643,389
122000385,40,0,40
122000386,167,906,-739
122000387,280,479,-199
122000388,792,511,281
122000389,120,488,-368
122000390,221,184,37
122000391,147,180,-33
122000392,105,107,-2
122000393,281,201,80
122000394,377,105,272
122000395,106,67,39
122000396,174,51,123
122000397,14,17,-3
122000398,7,45,-38
122000399,150,46,104
122000400,76,498,-422
122000401,116,41,75
122000402,198,90,108
122000403,313,428,-115
122000404,109,116,-7
122000408,380,570,-190
122000503,4,76,-72
122000524,84,100,-16
122000544,30,1569,-1539
122000614,279,303,-24
122000616,123,0,123
122000640,45,43,2
122000641,126,112,14
122000642,802,480,322
122000643,30,121,-91
122000644,59,15,44
122000645,50,139,-89
122000651,599,903,-304
122000664,92,20,72
122000665,762,389,373
122000666,568,742,-174
122000673,24,124,-100
122000674,158,42,116
122000675,1283,415,868
122000686,328,479,-151
122000687,978,205,773
122000688,203,253,-50
122000689,692,187,505
122000690,1796,186,1610
122000691,591,696,-105
122000692,929,183,746
122000693,279,632,-353
122000695,238,195,43
122000696,398,94,304
122000698,348,247,101
122000699,122,27,95
122000701,1171,159,1012
122000702,315,542,-227
122000703,123,40,83
122000712,0,0,0
122000717,60,43,17
122000718,457,1434,-977
122000719,92,47,45
122000720,512,107,405
122000724,254,183,71
122900001,21,7,14
122900002,597,3788,-3191
122900003,270,15,255
122900004,570,42,528
122900005,86,38,48
122900006,331,264,67
122900007,69,78,-9
122900008,212,67,145
122900009,276,234,42
122900010,156,60,96
122900012,138,257,-119
122900014,96,131,-35
122900015,512,613,-101
122900016,89,122,-33
122900017,190,445,-255
122900018,121,7,114
122900020,97,235,-138
122900021,50,207,-157
122900022,686,500,186
122900023,248,63,185
122900024,81,74,7
122900025,2,155,-153
122900026,14,152,-138
122900027,23,335,-312
122900028,89,117,-28
122900029,2723,1805,918
122900030,815,358,457
122900031,26,221,-195
122900032,50,221,-171
122900033,164,92,72
122900034,2396,2985,-589
122900035,6,19,-13
122900036,50,25,25
122900037,229,65,164
122900038,75,1823,-1748
122900039,83,338,-255
122900040,168,255,-87
122900041,271,218,53
122900042,91,164,-73
122900043,187,150,37
122900044,49,230,-181
122900045,61,74,-13
122900046,127,168,-41
122900047,101,177,-76
122900048,32,118,-86
122900049,886,71,815
122900051,57,70,-13
122900052,111,95,16
122900053,41,25,16
122900055,194,74,120
122900057,162,38,124
122900061,297,104,193
122900062,357,369,-12
122900063,112,113,-1
122900064,549,190,359
122900065,393,168,225
122900066,460,243,217
122900067,565,346,219
122900069,310,776,-466
122900070,231,33,198
122900071,98,219,-121
122900073,11,77,-66
122900074,499,200,299
122900075,0,25,-25
122900076,3,111,-108
122900077,2,49,-47
122900078,132,37,95
122900080,16,36,-20
122900081,110,119,-9
122900082,725,145,580
122900083,98,118,-20
122900084,1,92,-91
122900086,4,70,-66
122900087,319,314,5
122900088,34,187,-153
122900089,108,126,-18
122900090,3,220,-217
122900091,212,1,211
122900092,0,37,-37
122900093,0,83,-83
122900094,1,61,-60
122900095,96,11,85
122900096,266,79,187
122900097,30,42,-12
122900098,47,70,-23
122900099,122,13,109
122900100,92,177,-85
122900101,266,171,95
122900102,26,10,16
122900103,82,4,78
122900104,181,3,178
122900105,8,8,0
122900106,1,35,-34
122900107,1,46,-45
122900108,0,73,-73
122900109,151,65,86
123000001,710,375,335
123000002,1852,3982,-2130
123000003,2685,3347,-662
123000004,2071,2599,-528
123000005,1796,2152,-356
123000006,1298,1496,-198
123000007,3184,1960,1224
123000008,1749,1897,-148
123000009,3330,1903,1427
123000010,2095,2400,-305
123000011,1140,684,456
123000012,447,1440,-993
123000013,2343,576,1767
123000014,541,1925,-1384
123000015,1579,641,938
123000016,1789,2176,-387
123000017,2423,1429,994
123000018,44,48,-4
123000019,286,65,221
123000020,186,29,157
123000021,98,139,-41
123000022,175,1244,-1069
123000023,1588,1275,313
123000024,1307,507,800
123000025,289,78,211
123000026,45,53,-8
123000027,106,404,-298
123000028,928,546,382
123000029,612,701,-89
123000030,159,111,48
123000031,225,121,104
123000032,302,77,225
123000033,223,73,150
123000034,884,584,300
123000035,287,304,-17
123000036,175,755,-580
123000037,209,140,69
123000038,48,198,-150
123000039,292,1233,-941
123000040,450,189,261
123000041,778,1000,-222
123000042,538,492,46
123000043,1468,7415,-5947
123000044,2079,1600,479
123000045,3124,1900,1224
123000046,349,1028,-679
123000047,888,700,188
123000048,34,644,-610
123000049,3235,6431,-3196
123000050,1214,1141,73
123000051,94,151,-57
123000052,580,2363,-1783
123000053,1534,1991,-457
123000054,1086,880,206
123000055,1025,1920,-895
123000056,850,984,-134
123000057,3638,3804,-166
123000058,435,733,-298
123000059,227,330,-103
123000060,628,303,325
123000061,299,508,-209
123000063,634,743,-109
123000064,694,183,511
123000065,2571,1356,1215
123000066,308,332,-24
123000067,673,347,326
123000068,1537,1515,22
123000069,3466,1421,2045
123000070,176,365,-189
123000071,884,481,403
123000072,799,447,352
123000073,1133,524,609
123000074,772,509,263
123000075,255,850,-595
123000076,610,306,304
123000077,1314,1146,168
123000078,1203,878,325
123000079,1116,987,129
123000080,1399,748,651
123000081,99,163,-64
123000082,221,548,-327
123000083,611,211,400
123000084,479,334,145
123000085,332,52,280
123000086,535,70,465
123000087,241,139,102
123000088,1084,361,723
123000089,473,682,-209
123000090,915,495,420
123000091,865,927,-62
123000092,643,717,-74
123000094,313,136,177
123000095,453,398,55
123000096,667,237,430
123000097,376,361,15
123000098,623,316,307
123000099,465,378,87
123000100,358,570,-212
123000101,303,360,-57
123000102,341,487,-146
123000104,268,350,-82
123000105,276,314,-38
123000106,282,378,-96
123000107,222,352,-130
123000108,318,754,-436
123000111,715,252,463
123000112,860,303,557
123000113,355,567,-212
123000114,249,470,-221
123000115,208,186,22
123000116,48,57,-9
123000117,1217,853,364
123000118,310,388,-78
123000119,219,398,-179
123000120,229,395,-166
123000121,298,339,-41
123000122,191,182,9
123000123,326,416,-90
123000124,270,292,-22
123000125,878,988,-110
123000126,768,2948,-2180
123000127,377,408,-31
123000128,157,146,11
123000129,491,164,327
123000130,523,51,472
123000131,744,532,212
123000132,192,333,-141
123000133,112,217,-105
123000134,157,89,68
123000135,1805,654,1151
123000136,134,370,-236
123000137,64,124,-60
123000138,80,156,-76
123000139,364,59,305
123000140,48,371,-323
123000141,423,83,340
123000142,552,495,57
123000143,709,984,-275
123000144,16,18,-2
123000145,123,98,25
123000146,11,67,-56
123000147,34,65,-31
123000149,242,234,8
123000150,80,131,-51
123000151,166,362,-196
123000152,74,281,-207
123000153,131,466,-335
123000154,751,1317,-566
123000155,1116,818,298
123000156,27,82,-55
123000157,447,495,-48
123000158,364,504,-140
123000159,1905,1828,77
123000160,722,601,121
123000161,1153,770,383
123000162,889,1064,-175
123000163,425,71,354
123000164,1113,206,907
123000165,239,675,-436
123000166,38,78,-40
123000167,126,140,-14
123000168,210,107,103
123000169,659,112,547
123000170,120,55,65
123000171,538,8,530
123000172,83,256,-173
123000173,339,158,181
123000174,629,280,349
123000175,286,511,-225
123000176,670,195,475
123000177,253,456,-203
123000178,488,129,359
123000179,24,225,-201
123000180,1204,238,966
123000181,190,619,-429
123000182,208,106,102
123000183,169,409,-240
123000184,75,205,-130
123000185,572,278,294
123000186,62,244,-182
123000187,414,10,404
123000188,219,45,174
123000189,64,106,-42
123000190,26,166,-140
123000192,34,182,-148
123000193,88,452,-364
123000194,246,231,15
123000195,254,63,191
123000196,226,186,40
123000197,152,72,80
123000198,43,845,-802
123000199,40,476,-436
123000200,433,23,410
123000201,877,21,856
123000202,48,399,-351
123000203,635,77,558
123000204,66,462,-396
123000205,317,775,-458
123000206,1715,236,1479
123000207,68,400,-332
123000208,439,144,295
123000209,1562,500,1062
123000210,319,1097,-778
123000211,387,1070,-683
123000212,2123,378,1745
123000213,483,105,378
123000215,25,144,-119
123000216,93,469,-376
123000217,142,34,108
123000218,40,384,-344
123000219,366,53,313
123000220,286,77,209
123000221,176,27,149
123000222,244,142,102
123000223,229,109,120
123000224,309,225,84
123000225,199,46,153
123000226,54,135,-81
123000227,48,122,-74
123000228,223,28,195
123000229,615,744,-129
123000232,105,347,-242
123000233,612,92,520
123000234,91,327,-236
123000235,862,162,700
123000236,142,374,-232
123000237,219,79,140
123000238,57,212,-155
123000239,243,560,-317
123000240,52,352,-300
123000241,215,38,177
123000242,82,115,-33
123000243,554,612,-58
123000244,673,501,172
123000245,19,115,-96
123000249,163,291,-128
123000252,650,187,463
123000253,996,294,702
123000254,503,491,12
123000255,737,540,197
123000256,25,102,-77
123000257,1359,911,448
123000258,584,372,212
123000259,341,218,123
123000260,348,174,174
123000261,179,54,125
123000262,84,85,-1
123000263,422,54,368
123000264,134,53,81
123000265,25,88,-63
123000266,396,369,27
123000267,441,165,276
123000268,49,31,18
123000269,33,47,-14
123000270,23,34,-11
123000271,54,31,23
123000272,508,258,250
123000273,168,468,-300
123000274,829,336,493
123000275,168,419,-251
123000278,1325,1575,-250
123000279,82,51,31
123000280,283,198,85
123000281,216,78,138
123000282,80,181,-101
123000283,97,42,55
123000284,41,44,-3
123000286,136,264,-128
123000287,353,204,149
123000288,1025,643,382
123000289,336,824,-488
123000291,143,546,-403
123000294,144,218,-74
123000295,698,659,39
123000296,631,304,327
123000297,667,304,363
123000298,547,156,391
123000299,172,187,-15
123000300,806,610,196
123000301,96,204,-108
123000302,74,82,-8
123000303,57,120,-63
123000305,541,597,-56
123000306,147,59,88
123000309,35,33,2
123000310,50,41,9
123000311,20,59,-39
123000312,466,406,60
123000313,528,373,155
123000315,76,108,-32
123000316,46,19,27
123000317,141,37,104
123000318,41,123,-82
123000329,6,17,-11
123000337,379,576,-197
123000338,199,181,18
123000339,207,74,133
123000340,88,164,-76
123000342,38,53,-15
123000343,24,2,22
123000344,691,239,452
123000345,299,333,-34
123000346,324,34,290
123000352,642,571,71
123000353,31,91,-60
123000354,612,2,610
123000355,0,451,-451
123000356,228,8,220
123000357,5,52,-47
123000359,30,72,-42
123000360,121,63,58
123000361,105,131,-26
123000362,264,43,221
123000363,71,76,-5
123000364,234,389,-155
123000365,15,247,-232
123000366,242,1373,-1131
123000367,190,456,-266
123000370,26,103,-77
123000371,262,19,243
123000372,171,16,155
123000373,10,140,-130
123000374,21,68,-47
123000375,211,43,168
123000376,687,485,202
123000377,282,4,278
123000378,2,109,-107
123000379,5,124,-119
123000380,38,213,-175
123000381,46,64,-18
123000382,368,95,273
123000383,70,747,-677
123000384,318,71,247
123000385,74,279,-205
123000436,3,791,-788
123000507,112,126,-14
123000508,143,910,-767
123000517,182,29,153
123000518,23,143,-120
123000519,90,46,44
123000520,24,140,-116
123000521,251,93,158
123000522,81,226,-145
123000541,9,3,6
123000542,1,6,-5
123000565,627,23,604
123000566,242,223,19
123000567,48,117,-69
123000573,35,342,-307
123000574,756,47,709
123000575,934,492,442
123000576,593,677,-84
123000577,26,378,-352
123000578,233,62,171
123000579,904,4074,-3170
123000580,96,30,66
123000582,243,21,222
123000583,13,160,-147
123000584,80,190,-110
123000585,0,61,-61
123000586,58,1,57
123000596,71,67,4
123000597,43,127,-84
123000602,46,8,38
123000603,709,272,437
123000604,418,276,142
123000605,29,0,29
123000606,0,23,-23
123000609,19,173,-154
123000610,111,77,34
123000613,71,133,-62
123000614,177,57,120
123000615,48,105,-57
123000616,581,37,544
123000617,103,132,-29
123000618,58,372,-314
123000619,327,16,311
123000620,34,203,-169
123000622,331,24,307
123000624,109,56,53
123000630,1208,269,939
123000631,173,509,-336
123000632,422,411,11
123000633,0,9,-9
123000634,43,134,-91
123000635,57,59,-2
123000636,34,201,-167
123000637,107,8,99
123000638,392,26,366
123000639,484,3129,-2645
123000640,32,212,-180
123000648,385,68,317
123000649,58,198,-140
123000650,96,39,57
123000651,17,44,-27
123000652,463,53,410
123000653,55,120,-65
123000654,93,94,-1
123000655,27,196,-169
123000656,111,27,84
123000657,11,55,-44
123000658,199,9,190
123000659,7,1045,-1038
123000660,420,5,415
123000661,429,43,386
123900001,664,35,629
123900002,13,906,-893
123900003,113,147,-34
123900005,166,109,57
123900006,196,22,174
124000001,1164,88,1076
124000002,2,248,-246
124000003,711,121,590
124000004,48,260,-212
124000005,669,261,408
124000006,113,541,-428
124000007,332,119,213
124000008,17,342,-325
124000009,685,155,530
124000010,131,271,-140
124000011,907,150,757
124000012,191,231,-40
124000017,150,91,59
124000018,73,33,40
124000019,116,81,35
124000020,36,62,-26
124000021,87,43,44
124000022,75,84,-9
124000023,493,133,360
124000024,747,268,479
124000025,536,332,204
124000026,398,257,141
124000027,854,514,340
124000028,1085,456,629
124000031,1272,2685,-1413
124000032,1007,579,428
124000033,770,460,310
124000034,283,559,-276
124000035,327,175,152
124000036,80,307,-227
124000037,265,950,-685
124000038,29,44,-15
124000039,526,321,205
124000040,292,773,-481
124000041,345,86,259
124000042,116,335,-219
124000043,85,153,-68
124000044,98,87,11
124000045,681,377,304
124000046,180,364,-184
124000047,1297,596,701
124000048,742,492,250
124000049,1540,410,1130
124000050,637,772,-135
124000051,782,435,347
124000052,394,425,-31
124000053,391,1354,-963
124000054,612,284,328
124000055,937,2372,-1435
124000056,1135,745,390
124000057,866,373,493
124000058,311,737,-426
124000059,446,770,-324
124000060,561,329,232
124000061,913,4506,-3593
124000062,2618,1078,1540
124000063,703,987,-284
124000064,1171,674,497
124000065,50,242,-192
124000066,123,67,56
124000067,142,124,18
124000068,62,123,-61
124000069,428,129,299
124000070,165,227,-62
124000071,182,73,109
124000072,120,152,-32
124000073,381,93,288
124000074,166,356,-190
124000075,216,15,201
124000076,13,78,-65
124000077,865,507,358
124000078,1743,968,775
124000079,257,674,-417
124000080,438,134,304
124000081,191,241,-50
124000082,47,114,-67
124000083,72,57,15
124000084,93,469,-376
124000085,61,27,34
124000086,20,78,-58
124000087,156,83,73
124000088,61,291,-230
124000089,597,183,414
124000090,105,169,-64
124000091,512,99,413
124000092,100,309,-209
124000093,73,116,-43
124000094,58,242,-184
124000095,94,81,13
124000096,97,98,-1
124000097,119,103,16
124000098,65,47,18
124000099,200,98,102
124000100,43,89,-46
124000101,74,110,-36
124000102,72,34,38
124000103,89,79,10
124000104,107,32,75
124000105,107,79,28
124000106,154,36,118
124000107,13,151,-138
124000108,51,21,30
124000109,110,101,9
124000110,128,58,70
124000111,135,111,24
124000112,550,390,160
124000113,74,63,11
124000114,224,226,-2
124000115,228,361,-133
124000116,115,104,11
124000117,21,71,-50
124000118,33,58,-25
124000119,526,280,246
124000120,327,289,38
124000121,1290,671,619
124000122,395,917,-522
124000123,688,356,332
124000124,319,702,-383
124000125,276,329,-53
124000126,209,359,-150
124000127,638,218,420
124000128,332,515,-183
124000129,1414,1067,347
124000130,516,399,117
124000131,565,382,183
124000132,566,539,27
124000133,682,447,235
124000134,555,381,174
124000135,1166,1215,-49
124000136,458,539,-81
124000137,730,529,201
124000138,679,723,-44
124000139,892,41,851
124000140,82,376,-294
124000141,739,20,719
124000142,73,287,-214
124000143,97,7,90
124000144,10,67,-57
124000145,124,42,82
124000146,38,66,-28
124000148,25,118,-93
124000149,954,358,596
124000150,270,407,-137
124000151,561,193,368
124000152,302,569,-267
124000153,543,574,-31
124000154,266,396,-130
124000155,910,714,196
124000156,750,601,149
124000169,163,250,-87
124000170,309,268,41
124000171,201,141,60
124000172,198,269,-71
124000173,385,106,279
124000174,267,286,-19
124000175,19,48,-29
124000176,66,16,50
124000177,6,12,-6
124000178,43,48,-5
124000185,61,15,46
124000186,3,26,-23
124000187,6,14,-8
124000188,73,12,61
124000190,71,50,21
124000191,65,149,-84
124000192,830,266,564
124000193,324,538,-214
124000194,281,226,55
124000195,229,411,-182
124000196,627,448,179
124000197,21,27,-6
124000198,29,42,-13
124000201,255,373,-118
124000202,531,274,257
124000203,193,261,-68
124000204,714,75,639
124000205,53,265,-212
124000206,635,214,421
124000207,0,15,-15
124000209,121,133,-12
124000210,392,92,300
124000211,516,2,514
124000212,1,189,-188
124000213,345,151,194
124000214,337,218,119
124000215,606,46,560
124000216,3,197,-194
124000329,96,821,-725
124000338,67,315,-248
124000339,872,85,787
124000341,1457,44,1413
124000344,43,4,39
124000357,1347,2725,-1378
124000358,1329,2071,-742
124000359,1003,548,455
124000360,855,390,465
124000361,1372,725,647
124000362,643,764,-121
124000363,246,220,26
124000364,452,445,7
124000365,527,738,-211
124000366,1191,894,297
124000367,71,227,-156
124000368,341,382,-41
124000369,85,72,13
124000370,25,233,-208
124000402,23,12,11
124000403,94,9,85
124000404,7,46,-39
124000405,646,560,86
124000406,492,473,19
124000407,0,29,-29
124000411,4,135,-131
124000412,321,11,310
124000413,100,24,76
124000414,87,85,2
124000415,48,36,12
124000416,104,91,13
124000417,134,70,64
124000418,158,70,88
124000419,132,42,90
124000420,77,46,31
124000421,46,56,-10
124000422,17,5,12
124000423,101,18,83
124000424,2,52,-50
124000425,96,18,78
124000426,4,73,-69
124000427,166,8,158
124000428,10,34,-24
124000429,71,66,5
124000430,507,257,250
124000431,364,219,145
124000432,215,416,-201
124000439,36,1,35
124000443,2,30,-28
124000445,294,1135,-841
124000446,693,128,565
124000447,31,143,-112
124000448,87,6,81
124000449,162,9,153
124000450,23,68,-45
124000451,1,35,-34
124000452,286,75,211
124000453,1850,2858,-1008
124000454,1237,2930,-1693
124000455,6,562,-556
124000456,898,9,889
124000457,10,255,-245
124000458,20,166,-146
124000459,310,9,301
124000460,6,84,-78
124900001,541,310,231
124900002,105,123,-18
124900003,620,258,362
124900004,687,244,443
124900005,140,83,57
124900006,609,191,418
124900008,874,442,432
124900009,119,248,-129
124900010,157,240,-83
124900011,403,202,201
124900012,322,93,229
124900013,455,158,297
124900014,297,145,152
124900015,77,191,-114
124900016,68,52,16
124900017,462,1863,-1401
124900018,246,52,194
124900020,80,33,47
124900021,238,25,213
124900022,305,17,288
124900024,252,4,248
124900026,68,5,63
124900027,98,261,-163
124900028,146,29,117
124900030,2,37,-35
124900031,22,127,-105
124900033,78,121,-43
124900035,94,177,-83
124900036,2,46,-44
124900037,92,79,13
124900038,138,196,-58
124900039,2,56,-54
124900040,79,44,35
124900041,206,513,-307
124900042,81,36,45
124900043,190,336,-146
124900044,84,0,84
124900045,387,616,-229
124900047,74,109,-35
124900050,323,228,95
124900052,128,246,-118
124900053,152,272,-120
124900054,1142,411,731
124900055,3,91,-88
124900057,9,277,-268
124900060,36,127,-91
124900061,168,19,149
124900062,119,18,101
124900066,1,9,-8
124900067,26,196,-170
124900068,127,346,-219
124900070,35,21,14
124900072,225,127,98
124900075,258,393,-135
124900076,90,1187,-1097
124900077,54,159,-105
124900078,81,16,65
124900080,277,327,-50
124900081,932,257,675
124900082,285,420,-135
124900083,388,471,-83
124900085,517,308,209
124900086,22,777,-755
124900087,263,49,214
124900088,238,58,180
124900089,750,118,632
124900090,292,148,144
124900091,173,113,60
124900092,119,85,34
124900093,224,108,116
124900094,305,138,167
124900095,49,278,-229
124900096,282,178,104
124900097,268,41,227
124900098,57,172,-115
124900099,229,270,-41
124900100,201,30,171
124900101,92,196,-104
124900102,169,9,160
124900103,86,79,7
124900104,36,67,-31
124900105,55,52,3
124900106,234,23,211
124900107,54,12,42
124900108,246,133,113
124900111,4,161,-157
124900112,64,148,-84
124900113,37,155,-118
124900114,87,83,4
124900115,55,25,30
124900116,152,124,28
124900117,154,88,66
124900118,114,353,-239
124900119,274,85,189
124900120,70,127,-57
124900121,136,203,-67
124900122,103,127,-24
124900123,332,231,101
124900124,209,319,-110
124900125,621,5,616
124900126,3,273,-270
204000001,141,5,136
204000002,18,4,14
204000003,14,3,11
204000004,4,1,3
204000005,575,477,98
204000006,939,1118,-179
204000011,7,24,-17
204000012,41,80,-39
204000019,608,279,329
204000020,509,339,170
204000021,781,563,218
204000022,558,306,252
204000023,416,389,27
204000031,59,16,43
204000032,263,11,252
204000034,76,87,-11
204000035,1,1,0
204000036,4,11,-7
204000037,2,21,-19
204000038,0,7,-7
204000039,5,6,-1
204000040,4,6,-2
204000041,6,5,1
204000042,25,2,23
204000043,28,1,27
204000044,29,1,28
204000045,15,4,11
204000046,12,1,11
204000057,6,6,0
204000062,43,27,16
204000068,44,216,-172
204000069,100,260,-160
204000070,81,42,39
204000080,36,59,-23
204000085,1606,909,697
204000086,1673,1060,613
204000087,41,12,29
204000088,12,85,-73
204000090,213,139,74
204000093,295,83,212
204000096,781,853,-72
204000097,369,24,345
204000099,741,1283,-542
204000100,1251,1584,-333
204000105,1566,708,858
204000110,276,605,-329
204000111,361,320,41
204000112,612,321,291
204000113,276,320,-44
204000114,439,456,-17
204000115,553,242,311
204000116,447,373,74
204000119,1570,1986,-416
204000132,643,284,359
204000133,911,167,744
204000134,168,66,102
204000135,464,49,415
204000136,544,141,403
204000138,343,388,-45
204000140,190,120,70
204000141,129,69,60
204000144,8,18,-10
204000145,300,28,272
204000146,9,154,-145
204000147,53,137,-84
204000148,156,21,135
204000154,4,0,4
204000155,1,4,-3
204000177,50,14,36
204000179,2,1,1
204000180,0,0,0
204000222,1,5,-4
204000235,54,6,48
204000236,62,163,-101
204000238,13,19,-6
204000240,335,52,283
204000263,632,600,32
204000268,713,548,165
204000308,76,36,40
204000317,47,40,7
204000322,40,12,28
204000323,7,7,0
204000328,160,62,98
204000329,89,123,-34
204000330,136,45,91
204000331,151,89,62
204000352,87,0,87
205000001,716,1109,-393
205000013,8,50,-42
205000014,8,66,-58
205000015,32,96,-64
205000016,17,90,-73
205000017,27,55,-28
205000022,300,605,-305
205000025,1238,698,540
205000029,191,12,179
205000045,98,641,-543
205000046,137,517,-380
205000047,34,307,-273
205000048,313,551,-238
205000049,146,560,-414
205000050,561,224,337
205000059,0,131,-131
205000060,1,84,-83
205000061,1,172,-171
205000062,3,168,-165
205000063,18,116,-98
205000064,8,47,-39
205000065,53,437,-384
205000066,94,459,-365
205000067,40,607,-567
205000069,189,13,176
205000082,122,117,5
205000110,75,181,-106
205000111,183,145,38
205000112,122,151,-29
205000113,126,221,-95
205000121,178,49,129
205000123,47,117,-70
205000126,391,58,333
205000127,834,134,700
205000128,379,48,331
205000129,720,47,673
205000130,113,23,90
205000131,50,5,45
205000132,114,4,110
205000133,42,1,41
205000134,260,0,260
205000137,44,94,-50
205000138,79,150,-71
205000139,22,74,-52
205000144,61,60,1
205000145,220,163,57
205000151,129,22,107
205000152,148,23,125
205000153,266,31,235
205000154,59,39,20
205000155,157,7,150
205000207,9,118,-109
205000233,23,1,22
205000234,0,1,-1
205000243,0,0,0
205000244,0,1,-1
205000245,9,82,-73
205000249,0,5,-5
205000250,8,0,8
205000264,5,60,-55
206000027,4,2,2
206000028,1,0,1
206000043,7,31,-24
206000053,2,3,-1
206000054,1,11,-10
206000055,0,11,-11
206000075,8,16,-8
206000076,18,10,8
206000077,15,14,1
206000078,29,3,26
206000079,31,11,20
206000082,223,45,178
206000100,14,165,-151
206000103,13,7,6
206000104,19,12,7
206000105,7,2,5
206000106,10,7,3
206000125,50,0,50
206000157,38,250,-212
206000170,0,55,-55
206000171,5,120,-115
206000172,5,156,-151
206000173,2,88,-86
206000174,19,28,-9
206000175,2,46,-44
206000176,12,64,-52
206000177,1,46,-45
206000178,2,70,-68
206000179,3,29,-26
206000180,6,44,-38
206000181,7,50,-43
206000182,3,55,-52
206000183,15,153,-138
206000184,8,101,-93
206000185,8,37,-29
206000186,61,322,-261
206000223,2,103,-101
206000226,4,0,4
206000227,11,1,10
206000237,22,138,-116
206000238,15,241,-226
206000239,142,716,-574
206000240,0,50,-50
206000241,0,33,-33
206000242,8,56,-48
206000243,27,42,-15
206000244,43,183,-140
206000245,800,60,740
206000246,294,17,277
206000247,260,12,248
206000248,352,27,325
206000252,38,39,-1
206000258,27,28,-1
206000315,27,9,18
206000317,486,83,403
206000318,540,53,487
206000319,1630,71,1559
206000320,254,20,234
206000321,266,3,263
206000322,360,21,339
206000323,137,7,130
206000324,158,4,154
206000325,131,14,117
206000326,127,11,116
206000327,79,6,73
206000328,195,6,189
206000329,309,1,308
206000330,48,2,46
206000331,217,2,215
206000332,45,1,44
206000333,711,0,711
206000334,291,1,290
206000335,0,24,-24
206000361,4,72,-68
206000392,1,2,-1
206000405,104,0,104
206000441,27,16,11
206000498,27,5,22
206000515,59,22,37
206000530,369,51,318
206000531,217,257,-40
206000532,1378,315,1063
206000535,97,1077,-980
206000536,12,51,-39
206000537,25,82,-57
206000613,1289,180,1109
206000784,341,43,298
207000001,125,513,-388
207000002,61,231,-170
207000003,107,92,15
207000007,1031,187,844
207000008,102,8,94
207000009,49,52,-3
207000010,329,168,161
207000012,354,134,220
207000015,172,526,-354
207000019,164,62,102
207000021,342,139,203
207000022,153,109,44
207000023,154,43,111
207000024,4,13,-9
207000025,15,58,-43
207000026,85,19,66
207000027,12,23,-11
207000028,72,108,-36
207000029,154,219,-65
207000033,194,408,-214
207000034,206,126,80
207000039,430,62,368
207000040,457,47,410
207000041,55,13,42
207000042,151,49,102
207000043,144,111,33
207000051,96,143,-47
207000052,67,92,-25
207000053,295,375,-80
207000054,37,52,-15
207000055,158,59,99
207000056,225,183,42
207000057,113,141,-28
207000058,182,168,14
207000059,116,196,-80
207000060,64,134,-70
207000061,132,628,-496
207000062,444,37,407
207000063,416,75,341
207000064,328,77,251
207000065,271,122,149
207000066,194,110,84
207000067,49,60,-11
207000068,153,41,112
207000069,611,207,404
207000082,8,102,-94
207000083,65,138,-73
207000084,270,200,70
207000085,228,31,197
207000086,252,4,248
207000106,41,28,13
207000107,65,8,57
207000108,73,3,70
207000109,43,16,27
207000110,50,30,20
207000111,77,56,21
207000112,87,566,-479
207000114,15,20,-5
207000115,37,48,-11
207000116,12,268,-256
207000117,9,66,-57
207000118,14,37,-23
207000119,21,41,-20
207000123,159,13,146
207000124,66,19,47
207000125,54,45,9
207000126,53,40,13
207000134,88,69,19
207000135,39,115,-76
207000148,75,212,-137
207000149,65,28,37
207000152,101,298,-197
207000153,496,892,-396
207000154,296,121,175
207000159,79,80,-1
207000160,140,172,-32
207000238,1,170,-169
207000242,5,94,-89
207000248,23,16,7
207000249,89,21,68
207000250,350,50,300
207000251,56,52,4
207000252,45,44,1
207000278,119,82,37
207000279,13,68,-55
207000280,577,52,525
207000281,92,419,-327
207000282,60,106,-46
207000283,44,139,-95
207000284,38,276,-238
207000285,40,99,-59
207000291,11,69,-58
207000304,73,47,26
207000306,73,247,-174
207000310,97,66,31
207000353,249,5,244
207000356,9,40,-31
207000357,6,6,0
207000358,4,21,-17
207000415,3,102,-99
207000416,302,57,245
207000417,49,3,46
207000418,94,114,-20
207000438,0,0,0
207000439,540,607,-67
207000446,149,3,146
207000460,27,7,20
207000466,99,61,38
207000467,284,58,226
207000468,69,116,-47
207000476,10,40,-30
207000477,447,56,391
207000478,1,29,-28
207000523,0,12,-12
207000524,73,1,72
207000527,132,110,22
207000530,393,10,383
207000531,287,1,286
207000532,44,14,30
207000534,201,35,166
207000535,26,279,-253
207000537,29,56,-27
207000540,12,83,-71
207000541,2,152,-150
207000548,12,149,-137
207000549,226,8,218
207000561,126,148,-22
207000562,33,53,-20
207000567,113,124,-11
207000568,178,44,134
207000569,457,242,215
207000584,154,108,46
207000585,30,244,-214
207000587,202,20,182
207000616,0,96,-96
207000617,100,1,99
207000624,37,41,-4
207000631,12,53,-41
208000001,474,916,-442
208000002,781,404,377
208000003,986,281,705
208000004,754,517,237
208000005,2,9,-7
208000019,525,640,-115
208000020,126,345,-219
208000021,167,139,28
208000022,768,295,473
208000028,502,771,-269
208000033,545,299,246
208000034,701,773,-72
208000037,228,14,214
208000040,106,86,20
208000041,473,398,75
208000042,612,457,155
208000047,114,155,-41
208000064,1597,1110,487
208000066,1075,1936,-861
208000070,310,228,82
208000071,482,494,-12
208000072,352,795,-443
208000080,271,235,36
208000081,296,100,196
208000082,243,161,82
208000083,132,243,-111
208000084,3,2,1
208000085,585,358,227
208000086,349,743,-394
208000087,378,536,-158
208000089,1068,240,828
208000090,931,327,604
208000093,178,130,48
208000094,563,438,125
208000095,421,213,208
208000104,739,534,205
208000105,513,639,-126
208000114,127,251,-124
208000115,356,168,188
208000116,429,745,-316
208000117,168,145,23
208000118,117,107,10
208000155,496,647,-151
208000158,863,2571,-1708
208000186,1968,2897,-929
208000204,595,964,-369
208000205,1019,750,269
208000282,3035,2362,673
209000004,338,141,197
209000005,38,30,8
209000006,359,165,194
209000007,174,300,-126
209000010,231,88,143
209000011,82,191,-109
209000012,77,81,-4
209000013,164,147,17
209000014,295,481,-186
209000025,309,36,273
209000026,599,108,491
209000027,261,460,-199
209000028,319,317,2
209000029,293,299,-6
209000030,283,642,-359
209000031,1540,848,692
209000034,115,184,-69
209000035,87,127,-40
209000036,160,91,69
209000037,254,143,111
209000038,136,106,30
209000039,54,94,-40
209000040,173,264,-91
209000041,136,268,-132
209000042,172,292,-120
209000043,380,568,-188
209000044,304,833,-529
209000045,791,263,528
209000046,429,267,162
209000047,231,110,121
209000048,446,198,248
209000049,58,47,11
209000050,170,62,108
209000051,222,167,55
209000052,107,118,-11
209000062,52,51,1
209000063,53,33,20
209000064,34,32,2
209000065,75,15,60
209000066,66,13,53
209000067,89,28,61
209000080,25,147,-122
209000082,62,23,39
209000091,29,77,-48
209000093,21,23,-2
209000094,88,125,-37
209000110,22,99,-77
209000111,375,1259,-884
209000112,823,438,385
209000113,1337,396,941
209000114,606,359,247
209000115,44,60,-16
209000116,325,162,163
209000118,16,19,-3
209000119,12,12,0
209000121,96,263,-167
209000135,24,125,-101
209000142,478,1307,-829
209000143,35,30,5
209000144,26,81,-55
209000229,207,91,116
209000240,27,138,-111
209000259,46,52,-6
209000260,37,498,-461
209000261,7,258,-251
209000262,2,192,-190
209000263,0,179,-179
209000264,1,176,-175
209000265,264,1,263
209000266,74,1,73
209000267,743,7,736
209000268,390,32,358
210000037,71,18,53
210000047,71,5,66
210000048,82,20,62
210000049,48,4,44
210000052,64,30,34
210000053,40,26,14
210000054,38,57,-19
210000070,123,2,121
210000071,69,0,69
210000072,32,0,32
210000073,0,23,-23
210000074,0,88,-88
210000075,1,75,-74
210000076,6,152,-146
210000077,10,37,-27
210000078,19,27,-8
210000079,12,8,4
210000080,40,82,-42
210000081,127,19,108
210000082,77,0,77
210000083,59,0,59
210000084,45,0,45
210000085,0,43,-43
210000086,0,46,-46
210000099,20,172,-152
210000100,26,116,-90
210000101,67,108,-41
210000105,35,120,-85
210000159,0,177,-177
210000163,69,139,-70
210000164,191,152,39
210000168,94,35,59
210000187,0,10,-10
210000188,2,10,-8
210000214,24,0,24
210000219,32,23,9
210000220,102,18,84
210000232,1,11,-10
210000233,32,37,-5
210000234,26,78,-52
210000235,40,53,-13
210000245,0,24,-24
210000246,18,0,18
210000258,7,80,-73
210000259,256,40,216
210000282,63,187,-124
210000285,0,73,-73
210000286,14,66,-52
210000290,17,6,11
210000295,44,72,-28
210000296,44,15,29
210000320,155,32,123
210000321,74,22,52
210000338,58,48,10
210000339,199,825,-626
210000340,84,241,-157
210000341,161,201,-40
210000342,166,155,11
210000343,137,157,-20
210000344,99,92,7
210000345,94,152,-58
210000346,52,92,-40
210000347,23,21,2
210000348,82,18,64
210000349,44,25,19
210000350,132,43,89
210000351,161,89,72
210000352,65,34,31
210000353,37,38,-1
210000354,66,42,24
210000355,36,52,-16
210000356,18,27,-9
210000357,47,45,2
210000358,141,117,24
210000359,36,73,-37
210000360,135,117,18
210000361,139,115,24
210000362,213,181,32
210000363,445,178,267
210000364,71,106,-35
210000365,115,56,59
210000366,103,47,56
210000367,70,23,47
210000368,116,32,84
210000369,31,13,18
210000370,35,22,13
210000372,12,25,-13
210000373,18,22,-4
210000374,45,23,22
210000375,43,43,0
210000376,61,62,-1
210000404,31,79,-48
210000439,28,20,8
210000472,65,4,61
210000482,45,86,-41
210000564,121,163,-42
210000567,1,21,-20
210000568,128,2,126
211000092,45,20,25
211000094,17,6,11
211000169,152,5,147
211000172,13,174,-161
211000209,0,12,-12
211000226,6,25,-19
211000270,37,7,30
211000275,25,10,15
211000276,64,17,47
211000279,7,10,-3
211000281,59,28,31
211000302,29,29,0
211507980,0,46,-46
211977296,25,0,25
212000003,114,34,80
212000004,14,28,-14
212000005,19,24,-5
212000006,28,46,-18
212000008,127,56,71
212000009,19,47,-28
212000012,84,59,25
212000013,34,48,-14
212000014,235,85,150
212000015,283,168,115
212000016,373,324,49
212000027,418,227,191
212000028,267,249,18
212000029,162,115,47
212000030,36,11,25
212000031,48,36,12
212000048,44,153,-109
212000049,11,138,-127
212000050,11,2,9
212000051,133,84,49
212000052,164,109,55
212000053,306,265,41
212000054,278,54,224
212000055,277,108,169
212000056,11,22,-11
212000057,8,18,-10
212000058,74,16,58
212000070,81,88,-7
212000077,129,297,-168
212000099,182,192,-10
212000108,194,103,91
212000111,168,40,128
212000120,83,46,37
212000138,146,38,108
212000156,3,56,-53
212000158,7,12,-5
212000159,365,30,335
212000160,556,183,373
212000161,65,4,61
212000310,45,8,37
212000311,11,37,-26
212000374,20,10,10
213000001,34,182,-148
213000005,330,100,230
213000006,579,240,339
213000007,81,8,73
213000009,369,344,25
213000010,167,202,-35
213000011,162,71,91
213000012,91,192,-101
213000014,82,8,74
213000015,151,4,147
213000016,268,1,267
213000017,58,2,56
213000018,1,78,-77
213000019,0,101,-101
213000020,66,178,-112
213000021,5,82,-77
213000023,296,160,136
213000033,265,1298,-1033
213000034,392,122,270
213000035,81,121,-40
213000045,103,170,-67
213000046,112,109,3
213000047,413,959,-546
213000056,81,12,69
213000069,7,0,7
213000073,0,23,-23
213000074,50,250,-200
213000075,370,4,366
213000076,17,3,14
213000085,5,34,-29
213000086,10,77,-67
213000091,176,9,167
213000092,59,5,54
213000099,179,811,-632
213000100,838,216,622
213000101,419,64,355
213000102,381,142,239
213000103,563,516,47
213000104,56,214,-158
213000105,5,158,-153
213000106,23,61,-38
213000107,105,236,-131
213000108,31,219,-188
213000109,6,141,-135
213000110,11,55,-44
213000111,4,43,-39
213000112,86,63,23
213000115,44,4,40
213000116,32,272,-240
213000117,9,386,-377
213000118,374,207,167
213000119,32,360,-328
213000120,82,250,-168
213000122,91,247,-156
213000123,234,546,-312
213000124,128,569,-441
213000125,115,20,95
213000126,31,51,-20
213000127,75,112,-37
213000128,211,659,-448
213000129,182,664,-482
213000130,536,316,220
213000132,373,79,294
213000133,529,74,455
213000134,735,23,712
213000136,457,8,449
213000137,475,58,417
213000139,245,20,225
213000147,28,10,18
213000148,12,10,2
213000149,13,10,3
213000150,0,147,-147
213000151,2,82,-80
213000152,2,73,-71
213000153,5,75,-70
213000154,32,124,-92
213000155,16,109,-93
213000156,88,302,-214
213000157,396,282,114
213000158,224,518,-294
213000159,286,329,-43
213000163,855,100,755
213000165,552,226,326
213000171,48,69,-21
213000172,58,92,-34
213000173,2,53,-51
213000174,0,20,-20
213000175,33,15,18
213000176,11,70,-59
213000177,6,11,-5
213000178,27,7,20
213000179,156,42,114
213000180,183,49,134
213000182,70,0,70
213000184,83,283,-200
213000188,304,59,245
213000189,267,32,235
213000190,603,413,190
213000191,307,202,105
213000192,187,166,21
213000193,487,119,368
213000194,2,51,-49
213000195,10,266,-256
213000196,193,971,-778
213000197,323,372,-49
213000198,12,1,11
213000200,108,452,-344
213000201,24,37,-13
213000202,11,314,-303
213000203,1855,389,1466
213000204,601,58,543
213000205,207,48,159
213000206,341,22,319
213000207,65,4,61
213000208,43,4,39
213000209,72,0,72
213000210,205,1,204
213000211,8,23,-15
213000212,20,23,-3
213000213,13,61,-48
213000218,1007,1187,-180
213000219,340,8,332
213000220,307,8,299
213000223,158,200,-42
213000224,33,72,-39
213000225,58,7,51
213000226,56,9,47
213000227,762,166,596
213000228,391,92,299
213000229,79,35,44
213000230,464,24,440
213000232,56,648,-592
213000233,13,85,-72
213000234,1,46,-45
213000293,22,64,-42
213000294,89,31,58
213000295,15,131,-116
213000296,45,21,24
213000297,15,66,-51
213000298,12,57,-45
213000299,38,29,9
213000300,9,4,5
213000303,11,22,-11
213000304,2,3,-1
213000305,2,16,-14
213000306,36,31,5
213000307,67,46,21
213000308,73,81,-8
213000309,92,40,52
213000310,280,132,148
213000311,175,524,-349
213000315,75,45,30
213000316,125,38,87
213000322,13,15,-2
213000323,16,24,-8
213000340,118,231,-113
213000341,559,78,481
213000346,138,152,-14
213000347,428,294,134
213000348,2,132,-130
213000349,15,6,9
213000350,240,461,-221
213000366,68,121,-53
213000367,247,20,227
213000379,32,43,-11
213000386,18,260,-242
213000406,110,235,-125
213000417,936,295,641
213000425,96,40,56
213000426,103,17,86
213000427,30,56,-26
213000428,20,69,-49
213000429,3,5,-2
213000430,74,184,-110
213000431,18,1,17
213000432,1,13,-12
213000433,9,78,-69
213000434,62,36,26
213000435,69,50,19
213000439,29,6,23
213000441,1,0,1
213000443,303,231,72
213000445,0,42,-42
213000446,1,15,-14
213000447,0,39,-39
213000448,10,97,-87
213000449,319,2,317
213000450,11,21,-10
213000451,171,47,124
213000452,14,7,7
213000453,18,175,-157
213000455,125,0,125
213000456,0,189,-189
213000481,13,3,10
213000482,23,2,21
213000489,186,52,134
213000491,1,187,-186
213000492,88,0,88
213000493,1,84,-83
213000494,101,35,66
213000496,217,77,140
213000497,8,141,-133
213000498,48,66,-18
213000499,124,156,-32
213000500,198,33,165
213000501,130,11,119
213000502,124,55,69
213000503,0,30,-30
213000504,0,24,-24
213000505,6,39,-33
213000506,0,9,-9
213000507,1,52,-51
213900244,34,0,34
213900245,0,8,-8
218000003,16,11,5
218000004,15,15,0
218000005,18,33,-15
218000006,45,25,20
218000007,9,18,-9
218000012,75,61,14
218000013,122,119,3
218000014,295,331,-36
218000019,496,450,46
218000020,191,277,-86
218000040,6,8,-2
218000046,38,69,-31
218000047,8,96,-88
218000048,21,69,-48
218000049,44,76,-32
218000050,175,144,31
218000051,39,121,-82
218000052,3,61,-58
218000053,1,6,-5
218000054,2,31,-29
218000055,2,10,-8
218000056,8,19,-11
218000057,1,11,-10
218000064,2,9,-7
218000065,92,12,80
218000066,5,33,-28
218000067,60,44,16
218000068,103,49,54
218000069,265,53,212
218000070,198,108,90
218000071,160,95,65
218000072,159,131,28
218000078,756,362,394
218000079,96,40,56
218000080,120,48,72
218000081,393,131,262
218000082,47,61,-14
218000083,51,23,28
218000084,105,66,39
218000085,91,142,-51
218000086,54,68,-14
218000087,181,109,72
218000090,19,101,-82
218000091,872,433,439
218000092,71,142,-71
218000093,66,50,16
218000094,303,423,-120
218000099,182,512,-330
218000100,243,189,54
218000101,296,77,219
218000102,385,92,293
218000103,105,58,47
218000104,83,19,64
218000105,14,8,6
218000106,7,5,2
218000107,45,24,21
218000108,3,22,-19
218000112,34,37,-3
218000117,42,64,-22
218000134,443,294,149
218000135,35,41,-6
218000136,135,93,42
218000137,137,82,55
218000138,28,64,-36
218000139,152,188,-36
218000140,440,228,212
218000141,66,35,31
218000142,187,120,67
218000143,42,166,-124
218000144,17,84,-67
218000145,308,181,127
218000146,62,106,-44
218000151,3,10,-7
218000152,143,30,113
218000170,11,20,-9
218000171,39,7,32
218000172,5,5,0
218000173,16,5,11
218000174,15,4,11
218000176,235,34,201
218000177,318,130,188
218000178,84,130,-46
218000179,146,34,112
218000180,70,16,54
218000181,194,42,152
218000187,15,30,-15
218000188,27,52,-25
218000189,12,46,-34
218000190,1,7,-6
218000191,150,46,104
218000192,167,85,82
218000193,260,198,62
218000194,73,150,-77
218000195,82,46,36
218000196,273,162,111
218000197,326,185,141
218000198,28,60,-32
218000199,27,19,8
218000200,44,34,10
218000201,10,9,1
218000202,48,289,-241
218000207,7,19,-12
218000208,34,16,18
218000211,15,11,4
218000213,51,75,-24
218000214,4,39,-35
218000215,23,25,-2
218000217,2,71,-69
218000218,135,57,78
218000219,11,17,-6
218000220,44,247,-203
218000221,282,130,152
218000222,4,29,-25
218000223,14,296,-282
218000224,12,101,-89
218000225,178,11,167
218000226,137,25,112
218000232,23,20,3
218000239,120,10,110
218000240,13,0,13
218000241,14,2,12
218000242,9,3,6
218000243,13,7,6
218000244,21,1,20
218000245,26,3,23
218000246,1,4,-3
218000247,0,0,0
218000248,0,35,-35
218000249,0,4,-4
218000250,3,24,-21
218000251,3,68,-65
218000252,0,192,-192
218000253,2,178,-176
218000254,2,55,-53
218000255,2,34,-32
218000256,5,106,-101
218000267,266,685,-419
218000268,12,26,-14
218000269,3,10,-7
218000270,79,16,63
218000271,4,26,-22
218000273,19,4,15
218000274,12,3,9
218000275,36,42,-6
218000276,13,16,-3
218000278,15,43,-28
218000279,86,35,51
218000280,8,18,-10
218000281,9,12,-3
218000282,388,505,-117
218000284,66,5,61
218000301,80,74,6
218000302,51,27,24
218000303,7,58,-51
218000316,717,510,207
218000317,1141,466,675
218000318,729,382,347
218000319,948,441,507
218000320,759,407,352
218000338,39,32,7
218000345,38,44,-6
218000346,19,129,-110
218000459,25,136,-111
218000490,28,40,-12
218000501,107,21,86
218000502,46,35,11
218000503,96,12,84
218000504,160,20,140
218000505,35,85,-50
218000506,30,243,-213
218000508,2,1,1
218000510,120,10,110
218000520,75,54,21
218000521,13,30,-17
218000522,0,112,-112
218000523,96,4,92
218000524,2,187,-185
218000525,83,23,60
218000526,17,158,-141
218000529,27,72,-45
218000531,12,5,7
218000532,10,12,-2
218000534,159,19,140
218000537,25,53,-28
218000538,79,145,-66
218000540,83,46,37
218000543,138,23,115
218000544,22,49,-27
218000545,62,36,26
218000546,28,37,-9
218000547,73,99,-26
218000548,98,70,28
218000549,407,377,30
218000550,144,126,18
218000551,75,768,-693
218000552,226,62,164
218000553,29,101,-72
218000554,22,31,-9
218000555,24,40,-16
218000556,183,107,76
218000557,306,159,147
218000558,27,1,26
218000559,0,30,-30
218000560,0,31,-31
218000561,22,0,22
218000562,19,131,-112
218000563,123,26,97
218000564,0,91,-91
218000565,67,41,26
218000566,78,20,58
218000567,2,62,-60
218000568,10,0,10
218000569,7,117,-110
218000570,52,12,40
218000571,1,79,-78
218000572,100,2,98
218000573,9,195,-186
218000574,52,22,30
218000575,103,0,103
218000576,0,67,-67
218000577,73,2,71
218000578,0,48,-48
218000579,23,7,16
218000581,2,26,-24
218000582,26,0,26
218000583,2,0,2
218000584,2,19,-17
218000585,54,2,52
218000586,31,17,14
218000587,0,1,-1
218000588,3,2,1
218000589,0,11,-11
218000590,2,5,-3
218000591,7,6,1
218000592,7,16,-9
218000601,1,0,1
218000602,4,4,0
218000603,0,10,-10
218000604,4,1,3
218000605,0,55,-55
218000606,84,1,83
218000607,8,20,-12
218000608,42,13,29
218000609,4,30,-26
218000610,63,15,48
218000611,21,1,20
218000612,0,17,-17
218000613,47,2,45
218000614,1,18,-17
218000615,89,0,89
218000616,3,56,-53
218000617,5,2,3
218000618,0,17,-17
218000619,7,12,-5
218000620,2,28,-26
218000621,1,3,-2
218000622,0,35,-35
218000623,23,3,20
218000624,1,34,-33
218000625,6,0,6
218000626,1,5,-4
218000628,150,26,124
218000631,48,21,27
218000632,1,77,-76
218000633,74,1,73
218000634,5,13,-8
218000635,7,7,0
218000636,641,505,136
218000637,841,257,584
218000638,206,19,187
218000639,10,81,-71
218000640,217,30,187
218000641,81,107,-26
218000652,19,32,-13
218000653,175,37,138
218000663,0,137,-137
218000675,65,44,21
218000680,163,213,-50
218000681,356,105,251
218000691,192,83,109
218000693,318,99,219
218000718,101,751,-650
218000719,224,461,-237
218000720,8,168,-160
218000721,55,32,23
218001147,4,110,-106
218001214,3,49,-46
218001258,294,10,284
218001329,120,92,28
218001330,93,70,23
218001351,16,19,-3
218001352,12,19,-7
218001353,6,7,-1
218001354,2,14,-12
218001355,29,106,-77
218001356,300,46,254
218001357,29,74,-45
218001358,234,26,208
218001361,525,7,518
218001362,0,90,-90
219000001,28,31,-3
219000002,43,37,6
219000003,62,33,29
219000004,83,64,19
219000017,53,20,33
219000020,140,21,119
219000022,106,12,94
219000023,64,1,63
219000029,0,64,-64
219000034,38,11,27
219000039,64,51,13
219000040,33,34,-1
219000041,91,19,72
219000051,0,22,-22
219000052,0,20,-20
219000053,1,74,-73
219000055,232,3,229
219000056,8,0,8
219000057,77,0,77
219000062,23,50,-27
219000063,68,5,63
219000064,0,73,-73
219000110,323,103,220
219000111,69,50,19
219000112,159,51,108
219000113,148,28,120
219000114,155,54,101
219000116,76,34,42
219000117,75,57,18
219000118,103,40,63
219000123,156,50,106
219000124,88,32,56
219000125,28,16,12
219000126,71,117,-46
219000127,1,4,-3
219000128,13,86,-73
219000129,21,74,-53
219000130,234,354,-120
219000131,455,705,-250
219000133,41,75,-34
219000134,7,47,-40
219000135,20,57,-37
219000136,90,222,-132
219000138,45,11,34
219000139,27,25,2
219000140,52,1,51
219000141,26,63,-37
219000142,10,36,-26
219000143,11,45,-34
219000145,17,21,-4
219000146,3,29,-26
219000147,5,12,-7
219000148,2,14,-12
219000149,6,38,-32
219000150,3,16,-13
219000151,2,16,-14
219000157,159,88,71
219000158,123,116,7
219000161,116,9,107
219000163,737,331,406
219000166,87,134,-47
219000167,109,93,16
219000168,173,113,60
219000174,344,89,255
219000175,88,4,84
219000176,172,5,167
219000177,49,2,47
219000178,64,1,63
219000179,28,6,22
219000180,24,24,0
219000182,139,5,134
219000183,67,12,55
219000184,79,2,77
219000185,4,19,-15
219000186,61,21,40
219000187,13,31,-18
219000189,43,147,-104
219000190,59,178,-119
219000191,377,934,-557
219000192,144,137,7
219000193,130,128,2
219000195,0,47,-47
219000196,6,59,-53
219000198,11,74,-63
219000199,33,120,-87
219000200,50,96,-46
219000201,56,112,-56
219000203,15,97,-82
219000204,70,180,-110
219000205,35,114,-79
219000207,81,125,-44
219000209,22,42,-20
219000210,33,54,-21
219000213,10,84,-74
219000239,151,144,7
219000240,197,256,-59
219000241,126,66,60
219000242,36,70,-34
219000243,82,108,-26
219000244,9,34,-25
219000245,21,43,-22
219000246,33,44,-11
219000247,223,30,193
219000248,315,311,4
219000249,116,69,47
219000250,123,85,38
219000251,434,170,264
219000252,165,140,25
219000253,377,93,284
219000255,153,79,74
219000256,229,66,163
219000257,68,1,67
219000262,46,73,-27
219000263,61,90,-29
219000267,1,52,-51
219000268,0,3,-3
219000269,4,2,2
219000270,4,0,4
219000271,131,5,126
219000278,3,10,-7
219000279,1,1,0
219000283,0,9,-9
219000295,7,64,-57
219000296,56,262,-206
219000297,19,55,-36
219000298,25,80,-55
219000299,299,36,263
219000300,14,96,-82
219000301,182,195,-13
219000302,34,198,-164
219000307,41,21,20
219000308,59,38,21
219000311,138,51,87
219000312,464,156,308
219000313,316,48,268
219000314,24,162,-138
219000315,223,15,208
219000316,484,43,441
219000317,75,14,61
219000320,0,50,-50
219000321,0,28,-28
219000323,4,29,-25
219000325,1,8,-7
219000326,53,45,8
219000327,47,24,23
219000328,14,41,-27
219000329,222,97,125
219000330,24,11,13
219000331,30,28,2
219000332,127,76,51
219000333,19,5,14
219000335,71,1,70
219000337,19,2,17
219000338,34,1,33
219000344,12,59,-47
219000345,41,35,6
219000346,36,60,-24
219000348,136,59,77
219000349,27,74,-47
219000350,95,181,-86
219000351,7,2,5
219000352,293,48,245
219000353,81,24,57
219000354,143,64,79
219000355,126,54,72
219000356,465,1183,-718
219000363,165,92,73
219000364,112,51,61
219000365,130,16,114
219000366,185,369,-184
219000368,264,450,-186
219000370,639,508,131
219000371,6,19,-13
219000382,9,29,-20
219000383,337,799,-462
219000385,301,399,-98
219000386,400,1102,-702
219000387,1,17,-16
219000390,5,1,4
219000391,10,0,10
219000397,45,35,10
219000398,26,28,-2
219000401,7,55,-48
219000402,30,56,-26
219000403,126,282,-156
219000404,20,106,-86
219000407,3,40,-37
219000409,43,55,-12
219000410,80,39,41
219000411,46,10,36
219000446,81,222,-141
219000447,1,25,-24
219000448,8,5,3
219000452,73,58,15
219000453,35,164,-129
219000454,123,242,-119
219000556,233,58,175
219000558,121,90,31
219000590,20,110,-90
219000591,72,49,23
219000592,67,188,-121
219000595,3,18,-15
219000635,164,22,142
219000636,29,54,-25
219000657,21,22,-1
219000658,24,63,-39
219000673,0,16,-16
219000676,6,3,3
219000679,17,4,13
219000684,87,7,80
219000685,1,17,-16
219000686,1,1,0
219000688,0,35,-35
219000689,25,177,-152
219000690,104,11,93
219000691,32,126,-94
219000692,123,22,101
219000693,0,6,-6
219000694,5,0,5
219000695,38,2,36
219000698,16,0,16
219000699,0,6,-6
219000727,1,59,-58
219000728,118,1,117
219000770,19,0,19
219000771,4,36,-32
219000788,306,212,94
219001150,0,18,-18
219001151,0,0,0
219001166,47,48,-1
219001167,1,60,-59
219001178,48,3,45
220000001,31,39,-8
220000002,3,56,-53
220000003,233,156,77
220000004,220,180,40
220000005,581,972,-391
220000006,165,425,-260
220000007,352,192,160
220000008,254,367,-113
220000009,200,192,8
220000010,115,69,46
220000011,272,2141,-1869
220000012,50,172,-122
220000014,117,39,78
220000015,38,199,-161
220000017,22,112,-90
220000018,2341,856,1485
220000019,69,267,-198
220000020,292,142,150
220000021,545,118,427
220000022,747,230,517
220000023,322,108,214
220000024,1026,394,632
220000025,516,889,-373
220000026,291,347,-56
220000027,19,86,-67
220000028,42,42,0
220000029,40,58,-18
220000030,58,32,26
220000031,356,265,91
220000064,19,641,-622
221000046,4,0,4
221000047,0,2,-2
221000048,0,5,-5
221000049,1,9,-8
221000050,4,0,4
221000055,26,37,-11
221000057,79,17,62
221000068,217,67,150
221000069,200,52,148
221000070,159,19,140
221000071,75,7,68
221000072,145,3,142
221000073,111,26,85
221000074,0,10,-10
221000075,13,14,-1
221000076,4,12,-8
221000077,5,78,-73
221000081,14,4,10
221000082,56,2,54
221000083,28,1,27
221000084,4,2,2
221000085,9,25,-16
221000086,15,54,-39
221000087,3,87,-84
221000088,11,95,-84
221000089,29,130,-101
221000090,43,299,-256
221000098,78,7,71
221000099,167,11,156
221000100,87,5,82
221000101,251,20,231
221000102,107,7,100
221000109,3,49,-46
221000110,11,36,-25
221000111,19,130,-111
221000112,7,115,-108
221000113,6,90,-84
221000114,9,89,-80
221000120,30,29,1
221000121,7,38,-31
221000122,15,21,-6
221000123,10,16,-6
221000124,13,59,-46
221000155,75,20,55
221000156,45,21,24
221000175,1,17,-16
221000176,0,2,-2
221000182,38,3,35
221000241,477,196,281
221000242,97,280,-183
221000243,484,104,380
221000244,206,281,-75
221000245,119,77,42
221000246,48,162,-114
221000247,115,63,52
221000248,119,86,33
221000267,34,375,-341
221000325,49,31,18
221000331,8,23,-15
221000338,16,29,-13
221000378,164,24,140
221000381,28,20,8
222000282,10,2,8
222000296,1,7,-6
222000568,225,14,211
222000569,143,33,110
222000570,129,17,112
222000571,309,13,296
222000577,11,64,-53
222000578,35,113,-78
222000579,49,104,-55
222000580,49,396,-347
222000599,0,81,-81
222000600,2,145,-143
222000601,4,460,-456
222000603,3,25,-22
222000604,9,35,-26
222000605,28,17,11
222000606,2,14,-12
222000607,3,18,-15
222000608,16,7,9
222000609,34,77,-43
222000616,398,20,378
222000617,7,19,-12
222000618,11,6,5
222000620,9,9,0
222000621,17,14,3
222000623,396,4,392
222000624,356,3,353
222000625,428,36,392
222000636,43,3,40
222000686,10,14,-4
222000687,29,18,11
222001066,157,2,155
222001067,11,2,9
222001068,53,7,46
222001069,41,9,32
222001082,18,24,-6
222001083,18,26,-8
222001084,0,46,-46
222001085,2,85,-83
222001111,47,89,-42
222001112,122,15,107
222001313,19,3,16
222001314,1,67,-66
222001464,204,41,163
222001465,10,66,-56
222001484,111,22,89
222001485,10,30,-20
222001494,528,77,451
222001495,68,124,-56
222001496,384,77,307
222001497,102,209,-107
222001502,18,42,-24
222001503,96,28,68
222001504,37,164,-127
222001505,332,9,323
222001506,39,217,-178
222001507,213,21,192
222001510,452,26,426
222001511,55,126,-71
222001514,462,111,351
222001515,162,272,-110
222001518,320,43,277
222001519,42,83,-41
222001527,143,52,91
222001528,15,108,-93
222001529,257,37,220
222001530,38,128,-90
222001533,80,145,-65
222001534,311,53,258
222001535,243,206,37
222001536,41,117,-76
222001537,266,39,227
222001538,56,178,-122
222001563,700,60,640
222001564,41,184,-143
222001568,142,117,25
222001576,0,6,-6
222001579,0,3,-3
222001583,18,66,-48
222001584,63,12,51
222001596,326,694,-368
222001597,963,215,748
222001626,0,74,-74
222001650,25,89,-64
222001651,64,228,-164
222001914,167,55,112
222001915,26,181,-155
222001968,447,202,245
222001969,303,307,-4
222001970,120,187,-67
222001971,29,6,23
222001972,0,6,-6
225000001,319,183,136
225000002,496,131,365
225000003,524,55,469
225000004,328,104,224
225000005,54,40,14
225000006,0,116,-116
225000007,695,810,-115
225000010,315,15,300
225000011,163,865,-702
225000012,157,401,-244
225000013,51,63,-12
225000014,523,65,458
225000015,70,80,-10
225000021,527,119,408
225000027,126,232,-106
225000032,480,114,366
225000042,59,316,-257
225000049,33,32,1
225000050,65,8,57
225000053,3,182,-179
225000058,565,147,418
225000067,119,100,19
225000068,54,141,-87
225000069,62,259,-197
225000070,69,180,-111
225000071,22,58,-36
225000075,11,306,-295
225000076,49,90,-41
225000078,58,36,22
225000085,65,113,-48
225000086,248,48,200
225000087,143,12,131
225000088,5,107,-102
225000089,167,618,-451
225000090,27,254,-227
225000091,150,74,76
225000092,24,34,-10
225000093,131,142,-11
225000094,7,140,-133
225000095,249,174,75
225000096,224,251,-27
225000098,584,270,314
225000099,280,137,143
225000100,303,98,205
225000104,102,207,-105
225000110,5,208,-203
225000111,165,526,-361
225000112,194,620,-426
225000113,164,373,-209
225000114,76,132,-56
225000115,790,403,387
225000116,511,148,363
225000117,644,185,459
225000118,910,164,746
225000119,211,61,150
225000120,462,37,425
225000121,188,14,174
225000123,415,15,400
225000125,378,87,291
225000126,538,157,381
225000127,518,1112,-594
225000128,405,679,-274
225000132,284,28,256
225000133,182,24,158
225000134,480,158,322
225000135,28,16,12
225000136,252,15,237
225000137,196,31,165
225000138,302,91,211
225000143,45,141,-96
225000144,3,169,-166
225000145,26,17,9
225000146,43,49,-6
225000147,40,101,-61
225000148,4,64,-60
225000149,21,227,-206
225000151,23,69,-46
225000155,385,261,124
225000156,87,521,-434
225000157,188,241,-53
225000158,45,152,-107
225000171,1,83,-82
225000180,35,23,12
225000181,0,43,-43
225000182,67,3,64
225000185,2,281,-279
225000187,29,211,-182
225000191,77,2,75
225000194,0,11,-11
225000208,2,24,-22
225000209,111,5,106
225000210,2,118,-116
225000217,0,10,-10
225000218,12,7,5
225000223,0,74,-74
225000224,20,0,20
225000225,0,22,-22
225000226,14,0,14
225000227,26,36,-10
225000228,7,4,3
225000229,0,37,-37
225000230,23,0,23
225000231,0,43,-43
225000232,165,0,165
225000241,57,0,57
225000242,1,48,-47
225000249,10,0,10
225000250,49,270,-221
225000251,309,29,280
226000042,156,215,-59
226000043,64,154,-90
226000044,82,289,-207
226000045,30,181,-151
226000046,422,80,342
226000047,389,78,311
226000048,301,84,217
226000049,246,166,80
226000070,0,31,-31
226000071,0,31,-31
226000072,0,5,-5
226000073,0,3,-3
226000074,0,5,-5
226000084,2,29,-27
226000085,0,6,-6
226000086,7,10,-3
226000087,1,13,-12
226000088,17,13,4
226000090,217,74,143
226000091,13,29,-16
226000092,2,9,-7
226000093,19,6,13
226000094,6,5,1
226000095,11,4,7
226000105,3,2,1
226000106,4,0,4
226000107,8,0,8
226000108,13,0,13
226000109,46,1,45
226000124,90,44,46
226000134,614,354,260
226000135,1228,432,796
226000136,461,354,107
226000137,9,180,-171
226000138,7,92,-85
226000139,2,20,-18
226000156,152,0,152
226000157,135,4,131
226000163,66,115,-49
226000202,9,114,-105
226000231,446,10,436
226000232,21,3,18
227000037,400,22,378
227000038,181,26,155
227000049,0,21,-21
227000050,0,29,-29
227000055,53,2,51
227000056,12,0,12
227000084,3,66,-63
227000085,5,45,-40
227000088,41,0,41
227000089,94,6,88
227000090,25,0,25
227000091,26,0,26
227000093,91,0,91
227000094,8,0,8
227000130,23,123,-100
227000131,20,153,-133
227000132,16,102,-86
227000133,6,97,-91
227000134,21,163,-142
227000152,0,9,-9
227000153,0,59,-59
227000155,0,11,-11
227000156,2,8,-6
227000165,2,119,-117
227000196,16,104,-88
227000199,390,12,378
227000230,8,157,-149
227000232,272,26,246
227000241,403,45,358
227000242,56,298,-242
227000243,388,65,323
227000244,328,67,261
227000245,19,172,-153
227000246,62,274,-212
227000247,327,43,284
227000248,180,32,148
227000249,29,122,-93
227000251,117,198,-81
227000252,30,134,-104
227000253,191,33,158
227000262,413,41,372
227000266,747,30,717
227000267,15,450,-435
227000486,232,181,51
227000655,338,0,338
227000661,75,19,56
227000680,74,20,54
229000265,9,16,-7
229000296,0,10,-10
229000297,2,25,-23
229000298,2,62,-60
229000320,11,6,5
229000321,6,6,0
229000412,15,30,-15
229000414,5,48,-43
229000415,7,1,6
229000416,2,9,-7
229000417,0,6,-6
229000419,56,184,-128
229000440,257,69,188
229000442,16,0,16
229000443,7,2,5
229000444,2,24,-22
229000445,56,6,50
229000446,55,11,44
229000847,87,1,86
229000848,25,0,25
229000849,103,1,102
229000851,37,0,37
229000854,0,8,-8
229000856,0,25,-25
229000857,0,12,-12
229000858,0,20,-20
229000919,4,42,-38
229000930,1,129,-128
229000937,114,12,102
229000966,80,30,50
229000981,37,17,20
229000985,14,16,-2
229000986,1,0,1
229000987,2,3,-1
229000988,4,5,-1
229000989,15,8,7
229000990,0,2,-2
229000991,0,1,-1
229000992,4,5,-1
229000993,74,12,62
229000998,12,39,-27
229000999,53,9,44
229001034,0,3,-3
229001035,2,1,1
229001037,50,1,49
229001042,18,20,-2
229001047,16,16,0
229001050,40,49,-9
229001200,18,5,13
229001338,3,9,-6
229001394,187,8,179
229001422,100,7,93
229001423,14,86,-72
229001431,33,31,2
229001432,20,40,-20
229001444,131,31,100
229001445,23,93,-70
229001503,213,71,142
229001504,105,95,10
229001505,115,24,91
229001506,39,56,-17
229001509,54,9,45
229001545,147,4,143
229001546,5,50,-45
229001553,88,6,82
229001554,10,52,-42
229001559,2,2,0
229001560,4,25,-21
229001630,48,11,37
229001631,7,9,-2
229001635,2,6,-4
229001636,3,0,3
229001658,0,86,-86
229001659,40,1,39
229001660,6,5,1
229001661,9,11,-2
229001662,12,0,12
229001663,0,18,-18
229002584,102,93,9
229002831,94,89,5
229002841,5,5,0
229002842,9,13,-4
229002843,37,7,30
229002844,22,21,1
229002845,20,70,-50
229002846,13,13,0
229002847,0,17,-17
229002848,14,12,2
229002849,3,59,-56
229002850,11,0,11
229002851,26,93,-67
229002852,117,11,106
229002853,96,7,89
229002854,31,50,-19
229002855,10,12,-2
229002856,23,11,12
229002857,8,131,-123
229002858,16,7,9
229002859,13,134,-121
229002860,137,22,115
229002861,47,10,37
229002862,13,12,1
229002863,8,3,5
229002864,25,22,3
229002865,2,12,-10
229002866,10,29,-19
229002867,0,13,-13
229002868,5,8,-3
229002869,23,75,-52
229002870,42,17,25
235000066,182,21,161
235000067,48,43,5
235000072,25,44,-19
235000073,75,235,-160
235000074,22,30,-8
235000080,19,40,-21
235000081,100,62,38
235000082,283,25,258
235000083,163,40,123
235000084,27,13,14
235000085,140,36,104
235000089,20,22,-2
235000092,27,63,-36
235000093,6,35,-29
235000097,3,6,-3
235000098,53,7,46
235000099,8,12,-4
235000116,48,9,39
235000117,278,14,264
235000133,5,352,-347
235000134,11,154,-143
235000206,16,0,16
235000207,5,7,-2
235000208,3,1,2
235000209,5,1,4
235000210,7,1,6
235000212,1,13,-12
235000213,4,23,-19
235000220,1,1,0
235000221,33,12,21
235000238,13,117,-104
235000239,3,30,-27
235000242,297,631,-334
235000245,326,148,178
235000246,7,41,-34
235000284,7,167,-160
235000295,82,14,68
235000305,200,11,189
235000306,253,4,249
235000307,14,0,14
235000308,2,3,-1
235000309,37,1,36
235000310,18,0,18
235000311,37,22,15
235000322,0,9,-9
235000323,0,21,-21
235000324,0,11,-11
235000325,0,15,-15
235000326,8,91,-83
235000351,4,45,-41
235000352,2,23,-21
235000353,3,34,-31
235000354,9,56,-47
235000355,22,64,-42
235000356,53,2,51
235000357,31,6,25
235000358,39,9,30
235000359,16,7,9
235000360,23,5,18
235000361,44,8,36
235000381,53,88,-35
235000382,118,9,109
235000390,15,3,12
235000391,204,6,198
235000392,182,243,-61
235000393,120,124,-4
235000395,119,22,97
235000396,440,60,380
235000400,25,54,-29
235000401,7,68,-61
235000405,61,109,-48
235000406,30,108,-78
235000407,27,54,-27
235000409,114,50,64
235000410,15,125,-110
235000411,0,38,-38
235000485,0,6,-6
235000486,6,0,6
235000549,45,48,-3
235000550,52,53,-1
235000599,97,16,81
235000600,14,5,9
235000601,11,15,-4
235000602,53,36,17
235000614,0,0,0
235000648,1,6,-5
235000649,22,2,20
235000685,1,3,-2
235000815,13,175,-162
235000834,0,10,-10
235000855,31,40,-9
235000862,19,67,-48
235000891,1,5,-4
235000892,11,0,11
235000901,39,23,16
235000907,7,6,1
235001010,86,20,66
235001029,251,217,34
235001030,360,140,220
235001078,71,83,-12
235001079,66,50,16
235001147,19,23,-4
235001166,13,25,-12
235001167,44,27,17
235001169,23,253,-230
235001188,0,10,-10
235001189,9,1,8
235001197,1,20,-19
235001200,51,36,15
235001207,356,28,328
235001210,73,63,10
235001215,23,67,-44
235001239,2,26,-24
235001244,0,8,-8
235016267,1,34,-33
277102712,3,0,3
277103813,0,0,0
277104249,0,2,-2
277104250,0,3,-3
277104251,0,3,-3
277104252,0,1,-1
990011530,0,107,-107
990014944,0,190,-190
990015176,7,3,4
990016032,1,174,-173
990032570,0,23,-23
990070001,59,0,59
990070103,0,3,-3
990070601,0,27,-27
990070751,885,46,839
990070766,2,158,-156
990071180,317,119,198
990071343,16,2,14
990071387,0,7,-7
990071823,17,0,17
990072600,6,965,-959
990072964,1,177,-176
990073285,0,2,-2
990074393,1,383,-382
990074870,1198,2,1196
990075106,777,5,772
990075746,405,4,401
990076437,1101,12,1089
990076458,0,215,-215
997000007,301,12,289
997000041,0,103,-103
997000058,34,1,33
997000062,11,0,11
997000069,0,2,-2
997000070,0,13,-13
997000100,20,1,19
997000141,2,714,-712
997000198,33,525,-492
998000475,1,4,-3
998000736,0,89,-89
998000965,0,1,-1
998001031,0,44,-44
998001700,0,3,-3
998001899,0,3,-3
998001900,6,2,4
998003073,539,4,535
998101900,0,0,0
998102850,16,150,-134
998501927,517,874,-357
998501929,51,1,50
998501930,29,0,29
998501931,91,6,85
998501932,9,2,7
998501933,35,2,33
998501937,26,1,25
998501944,12,0,12
998501950,0,5,-5
998501970,29,5,24
998501971,0,46,-46
998501973,0,16,-16
998501974,0,143,-143
998501975,50,0,50
998501976,170,2,168
998501977,0,12,-12
998501978,5,0,5
998501979,0,9,-9
998501980,58,26,32
998501981,20,1,19
998501982,0,69,-69
998501983,0,3,-3
998502006,0,0,0
998502032,0,6,-6
998502062,9,0,9
998502063,0,0,0
998502173,28,0,28
998502269,0,1,-1
998502546,1,132,-131
998502578,1,1,0
998502599,20,259,-239
998502621,0,1,-1
998601159,1,55,-54
998601292,0,9,-9
999033574,1,179,-178
999800001,13,0,13
999800002,0,23,-23
999800003,0,0,0
999800004,0,1,-1
999800005,0,2,-2
