ID,insum,outsum,diff
100000001,1070,345,725
100000002,3370,5765,-2395
100000003,2921,4202,-1281
100000004,152,1018,-866
100000005,2247,2647,-400
100000006,396,279,117
100000007,1844,1155,689
100000008,42,325,-283
100000009,196,694,-498
100000010,20,111,-91
100000011,298,22,276
100000012,19,295,-276
100000013,1,62,-61
100000014,53,729,-676
100000015,784,1424,-640
100000016,154,2275,-2121
100000017,97,2692,-2595
100000018,597,342,255
100000019,2042,1761,281
100000020,984,4339,-3355
100000021,3835,1162,2673
100000022,401,3247,-2846
100000023,3415,1162,2253
100000025,380,996,-616
100000028,207,1914,-1707
100000029,25,799,-774
100000030,38,11,27
100000031,1188,5443,-4255
100000032,1238,3809,-2571
100000033,812,2751,-1939
100000034,71,1502,-1431
100000035,423,878,-455
100000036,404,1122,-718
100000037,683,279,404
100000038,1935,562,1373
100000039,118,140,-22
100000040,585,107,478
100000041,1481,258,1223
100000042,1162,136,1026
100000043,538,97,441
100000044,72,219,-147
100000045,159,244,-85
100000046,163,223,-60
100000047,124,107,17
100000048,106,311,-205
100000049,707,623,84
100000051,404,406,-2
100000053,47,11,36
100000054,154,16,138
100000055,423,72,351
100000056,182,269,-87
100000057,1575,239,1336
100000058,782,248,534
100000059,32,206,-174
100000060,684,225,459
100000061,1929,418,1511
100000062,1336,580,756
100000063,930,333,597
100000064,1178,441,737
100000065,193,286,-93
100000066,135,400,-265
100000067,178,522,-344
100000068,176,847,-671
100000069,154,823,-669
100000072,96,204,-108
100000073,774,635,139
100000075,698,103,595
100000076,987,5909,-4922
100000077,46,531,-485
100000078,1,42,-41
100000079,17,73,-56
100000080,0,43,-43
100000081,7,51,-44
100000102,1729,4359,-2630
100000103,1126,3955,-2829
100000104,2632,1662,970
100000105,832,1470,-638
100000106,470,2728,-2258
100000107,88,1021,-933
100000108,120,838,-718
100000109,283,1047,-764
100000116,122,435,-313
100000117,28,112,-84
100000118,316,802,-486
100000119,713,736,-23
100000121,111,363,-252
100000122,344,2024,-1680
100000123,620,1520,-900
100000124,1715,1762,-47
100000125,6030,1656,4374
100000126,341,470,-129
100000127,838,581,257
100000128,516,3198,-2682
100000129,289,691,-402
100000130,743,107,636
100000131,468,696,-228
100000132,706,817,-111
100000133,755,381,374
100000135,420,592,-172
100000139,115,424,-309
100000140,121,40,81
100000142,416,310,106
100000143,730,180,550
100000144,639,224,415
100000147,1173,3935,-2762
100000150,92,318,-226
100000151,207,1283,-1076
100000153,16,400,-384
100000154,17,376,-359
100000155,0,26,-26
100000156,28,128,-100
100000157,97,232,-135
100000158,107,89,18
100000159,51,1144,-1093
100000165,596,301,295
100000169,29,2030,-2001
100000174,223,1109,-886
100000179,64,708,-644
100000180,465,815,-350
100000181,247,199,48
100000188,34,57,-23
100000189,587,165,422
100000190,273,1112,-839
100000191,550,400,150
100000192,4,141,-137
100000193,169,131,38
100000330,390,639,-249
100000355,157,284,-127
100000362,1224,546,678
100000363,5333,6330,-997
100000364,45,136,-91
100000365,3844,5695,-1851
100000366,1019,567,452
100000367,3722,3766,-44
100000368,1549,1532,17
100000369,414,1525,-1111
100000370,79,642,-563
100000376,30,417,-387
100000379,510,3513,-3003
100000380,2074,6329,-4255
100000384,3674,4852,-1178
100000385,862,3810,-2948
100000386,835,4984,-4149
100000387,2284,5870,-3586
100000388,1140,2940,-1800
100000389,3416,4725,-1309
100000390,1462,1551,-89
100000391,1381,4313,-2932
100000392,421,1494,-1073
100000393,449,3035,-2586
100000394,991,3126,-2135
100000395,429,3282,-2853
100000396,485,1180,-695
100000397,834,4858,-4024
100000398,3770,2186,1584
100000413,0,0,0
100000414,20,383,-363
100900002,25,8,17
100900003,412,298,114
100900004,0,458,-458
100900005,206,9,197
100900006,20,8,12
100900007,158,1,157
100900008,0,325,-325
100900009,14,12,2
100900010,23,0,23
100900011,150,42,108
100900012,0,37,-37
100900013,813,0,813
100900014,4,2,2
100900015,15,12,3
100900016,0,14,-14
100900017,917,31,886
100900018,0,22,-22
100900019,25,54,-29
100900020,396,3,393
100900021,315,0,315
100900022,4,3,1
100900023,0,44,-44
100900024,339,1,338
100900025,21,0,21
100900026,126,82,44
100900027,177,2145,-1968
100900028,87,320,-233
100900029,83,2,81
100900030,0,150,-150
100900031,962,6,956
100900032,356,2,354
100900033,41,317,-276
100900034,1745,5,1740
100900035,123,0,123
100900036,3,0,3
100900037,87,24,63
100900038,19,16,3
100900039,200,101,99
100900040,539,167,372
100900041,1290,127,1163
100900042,289,2926,-2637
100900043,0,23,-23
100900044,516,628,-112
100900045,9,0,9
100900046,973,5,968
100900047,253,38,215
100900048,46,2,44
100900049,30,52,-22
100900050,0,4,-4
100900051,8,108,-100
100900052,142,0,142
100900053,482,28,454
100900054,8,9,-1
100900055,280,1047,-767
100900056,23,26,-3
100900057,1689,377,1312
100900058,73,4,69
100900059,122,0,122
100900060,202,2,200
100900061,19,135,-116
100900062,1,5,-4
100900063,138,772,-634
100900064,417,2,415
100900065,25,175,-150
100900066,104,36,68
100900067,3,0,3
100900068,43,21,22
100900069,59,0,59
100900070,649,15,634
100900071,79,53,26
100900072,0,26,-26
100900073,66,63,3
100900074,0,17,-17
100900075,1018,41,977
100900076,1,3,-2
100900077,107,12,95
100900078,54,113,-59
100900079,0,6,-6
100900080,110,12,98
100900081,5,105,-100
100900082,230,43,187
100900083,2,12,-10
100900085,3,400,-397
100900086,58,164,-106
100900088,152,54,98
100900089,0,4,-4
100900090,29,598,-569
100900091,2,6,-4
100900092,53,110,-57
100900093,232,533,-301
100900094,103,40,63
100900095,5,26,-21
100900096,9,115,-106
100900097,11,0,11
100900098,19,9,10
100900099,2,342,-340
100900100,1,154,-153
100900101,103,4,99
100900102,1,15,-14
100900103,1,41,-40
100900104,1,32,-31
100900105,1,245,-244
100900106,2,2,0
100900107,1243,391,852
100900108,6,7,-1
100900109,3,29,-26
100900110,6,12,-6
100900111,15,116,-101
100900112,1,23,-22
100900113,18,5,13
100900114,17,20,-3
100900115,5,51,-46
100900116,554,259,295
100900117,108,858,-750
100900118,14,10,4
100900119,4,35,-31
100900120,47,3,44
100900121,318,167,151
100900122,4,28,-24
100900123,171,33,138
100900124,0,1,-1
100900125,3,21,-18
100900126,507,15,492
100900127,0,0,0
100900128,9,310,-301
100900129,0,173,-173
100900131,7,26,-19
100900133,96,2,94
100900134,18,22,-4
100900135,0,223,-223
100900137,127,129,-2
100900138,208,230,-22
100900139,1,6,-5
100900140,1,50,-49
100900141,1,240,-239
100900142,1,5,-4
100900143,107,252,-145
100900144,0,2,-2
100900145,15,96,-81
100900146,0,15,-15
100900147,19,1254,-1235
100900148,20,62,-42
100900149,5,479,-474
100900150,0,35,-35
100900151,43,207,-164
100900152,37,7,30
100900153,4,194,-190
100900154,0,134,-134
100900155,16,0,16
100900156,8,0,8
100900157,13,135,-122
100900159,0,38,-38
100900160,44,0,44
100900161,1,0,1
100900162,9,95,-86
100900163,40,38,2
100900164,76,2,74
100900165,1,1,0
100900166,2,0,2
100900167,11,15,-4
100900168,1,76,-75
100900169,12,474,-462
100900170,22,2,20
100900171,1,284,-283
100900172,1,87,-86
100900173,2,60,-58
100900174,3,1,2
100900176,857,91,766
100900177,244,114,130
100900178,116,143,-27
100900179,123,162,-39
100900180,1,0,1
100900181,7,8,-1
100900182,10,8,2
100900184,79,20,59
100900186,145,181,-36
100900187,43,8,35
100900188,3,9,-6
100900189,1187,169,1018
100900191,198,739,-541
100900192,44,140,-96
100900195,43,258,-215
100900197,52,63,-11
100900198,4,18,-14
100900199,1,0,1
100900200,380,93,287
100900201,13,345,-332
100900202,22,0,22
100900203,0,28,-28
100900204,14,281,-267
100900205,92,424,-332
100900206,126,190,-64
100900207,246,79,167
100900210,25,37,-12
100900211,386,47,339
100900213,70,12,58
100900214,74,112,-38
100900215,37,14,23
100900217,81,81,0
101000001,1522,1906,-384
101000002,5115,6568,-1453
101000003,265,743,-478
101000004,4805,5569,-764
101000005,3142,5036,-1894
101000006,5256,7600,-2344
101000007,1986,3322,-1336
101000009,2066,516,1550
101000010,821,513,308
101000011,724,224,500
101000012,138,287,-149
101000013,262,830,-568
101000014,214,179,35
101000015,1915,1001,914
101000016,143,465,-322
101000017,89,195,-106
101000018,1016,4502,-3486
101000020,1066,1255,-189
101000021,294,596,-302
101000023,598,1136,-538
101000025,334,526,-192
101000026,407,47,360
101000027,1156,2586,-1430
101000028,577,206,371
101000029,17,842,-825
101000030,331,111,220
101000031,26,452,-426
101000032,1454,3072,-1618
101000033,797,3900,-3103
101000034,547,2067,-1520
101000035,227,206,21
101000036,190,2120,-1930
101000037,470,3538,-3068
101000039,1345,2012,-667
101000040,2166,5649,-3483
101000041,1231,4467,-3236
101000042,42,770,-728
101000043,2172,4966,-2794
101000045,113,651,-538
101000046,411,1466,-1055
101000047,479,3103,-2624
101000048,220,234,-14
101000049,321,1470,-1149
101000050,188,1158,-970
101000051,377,1162,-785
101000052,1264,1142,122
101000053,132,842,-710
101000054,985,444,541
101000055,748,1064,-316
101000056,7,123,-116
101000057,443,3117,-2674
101000058,439,1636,-1197
101000059,1596,2988,-1392
101000060,1874,681,1193
101000061,131,2024,-1893
101000062,94,853,-759
101000063,66,1105,-1039
101000064,98,1338,-1240
101000065,84,736,-652
101000066,194,1195,-1001
101000067,155,427,-272
101000068,57,197,-140
101000069,125,23,102
101000070,319,386,-67
101000071,2247,772,1475
101000072,301,1279,-978
101000073,330,847,-517
101000074,877,1793,-916
101000075,898,1336,-438
101000077,869,885,-16
101000078,336,475,-139
101000079,581,637,-56
101000080,633,409,224
101000081,960,778,182
101000082,914,855,59
101000083,1936,1327,609
101000084,606,283,323
101000085,1189,750,439
101000086,571,436,135
101000087,475,468,7
101000088,1497,638,859
101000089,910,1045,-135
101000090,684,394,290
101000091,277,258,19
101000092,1991,335,1656
101000093,1184,288,896
101000094,352,343,9
101000095,369,404,-35
101000096,771,233,538
101000097,272,401,-129
101000098,216,281,-65
101000099,245,647,-402
101000100,619,905,-286
101000101,115,642,-527
101000102,265,903,-638
101000103,165,566,-401
101000104,198,464,-266
101000105,242,394,-152
101000106,83,1330,-1247
101000107,126,475,-349
101000108,278,65,213
101000109,720,90,630
101000110,33,132,-99
101000111,47,75,-28
101000113,52,877,-825
101000114,1009,3874,-2865
101000115,3,3,0
101000116,1,2,-1
101000117,580,86,494
101000119,4,104,-100
101000120,14,132,-118
101000121,33,32,1
101000122,27,38,-11
101000123,13,44,-31
101000124,382,322,60
101000125,170,92,78
101000128,135,1199,-1064
101000130,91,109,-18
101000131,1463,191,1272
101000132,555,294,261
101000135,3,35,-32
101000136,61,78,-17
101000137,5,328,-323
101000141,537,3517,-2980
101000147,1132,232,900
101000148,932,18,914
101000149,25,28,-3
101000150,145,153,-8
101000151,437,44,393
101000152,185,195,-10
101000153,179,76,103
101000154,527,342,185
101000155,560,136,424
101000156,13,379,-366
101000157,8,184,-176
101000160,4,5,-1
101000163,26,438,-412
101000164,214,71,143
101000165,103,359,-256
101000166,132,141,-9
101000168,1029,203,826
101000252,1393,252,1141
101000254,35,27,8
101000258,57,6,51
101000261,54,53,1
101000262,879,4697,-3818
101000263,186,815,-629
101000265,39,493,-454
101000266,261,159,102
101000269,6,51,-45
101000290,155,2404,-2249
101000293,0,8,-8
101000294,210,262,-52
101000295,264,111,153
101000301,194,591,-397
101000304,1858,3038,-1180
101000305,2113,1205,908
101000328,142,1127,-985
101900001,23,14,9
101900002,0,1,-1
101900003,18,77,-59
101900004,2,124,-122
101900005,613,3011,-2398
101900006,820,250,570
101900007,195,157,38
101900008,40,206,-166
101900009,1,370,-369
101900010,261,400,-139
101900011,22,1186,-1164
101900012,291,80,211
101900013,306,75,231
101900017,9,79,-70
101900018,514,283,231
101900019,6,110,-104
101900020,3,13,-10
101900021,0,19,-19
101900022,141,350,-209
101900023,190,71,119
101900026,87,24,63
101900027,20,71,-51
102000001,2450,5459,-3009
102000002,1967,1809,158
102000003,1085,3283,-2198
102000004,2601,1920,681
102000005,871,2754,-1883
102000006,399,783,-384
102000007,1181,3410,-2229
102000008,3627,1273,2354
102000009,5943,6070,-127
102000010,2573,1566,1007
102000011,3692,3084,608
102000012,2966,1831,1135
102000018,2129,2652,-523
102000019,1874,1678,196
102000026,348,329,19
102000029,281,104,177
102000030,85,295,-210
102000031,163,71,92
102000032,585,262,323
102000033,507,215,292
102000034,259,207,52
102000035,460,249,211
102000036,13,151,-138
102000037,110,21,89
102000038,125,107,18
102000039,64,86,-22
102000040,140,121,19
102000041,40,338,-298
102000042,50,224,-174
102000043,76,237,-161
102000044,330,852,-522
102000045,723,555,168
102000046,1196,348,848
102000047,1014,484,530
102000048,657,298,359
102000049,668,616,52
102000050,1133,805,328
102000051,128,383,-255
102000052,1131,605,526
102000053,534,588,-54
102000054,691,685,6
102000055,812,103,709
102000056,1496,172,1324
102000057,1383,397,986
102000058,521,477,44
102000059,575,806,-231
102000060,466,619,-153
102000061,1168,890,278
102000062,1806,489,1317
102000063,836,1069,-233
102000064,400,459,-59
102000065,7,57,-50
102000066,492,333,159
102000067,4686,3810,876
102000068,5767,3153,2614
102000069,62,1636,-1574
102000070,1720,53,1667
102000071,4366,10407,-6041
102000072,1759,2945,-1186
102000073,266,158,108
102000074,551,299,252
102000075,144,57,87
102000076,443,59,384
102000077,616,201,415
102000078,1340,110,1230
102000079,173,35,138
102000080,269,91,178
102000081,136,286,-150
102000082,523,335,188
102000083,862,87,775
102000084,704,86,618
102000085,756,317,439
102000086,1264,449,815
102000087,312,634,-322
102000088,457,152,305
102000089,1245,156,1089
102000090,183,1106,-923
102000091,729,576,153
102000092,183,471,-288
102000093,621,494,127
102000094,293,138,155
102000095,435,616,-181
102000096,176,137,39
102000097,332,205,127
102000098,190,208,-18
102000099,435,480,-45
102000100,90,460,-370
102000101,154,298,-144
102000102,95,912,-817
102000103,2707,251,2456
102000104,446,223,223
102000105,220,270,-50
102000106,799,353,446
102000107,2019,60,1959
102000108,439,230,209
102000109,609,279,330
102000110,1214,297,917
102000111,0,377,-377
102000112,84,187,-103
102000113,10,26,-16
102000114,552,266,286
102000115,145,338,-193
102000116,172,611,-439
102000117,33,547,-514
102000118,542,1882,-1340
102000119,472,796,-324
102000120,116,364,-248
102000121,818,118,700
102000122,341,536,-195
102000123,515,348,167
102000124,943,642,301
102000125,304,319,-15
102000126,526,546,-20
102000127,832,162,670
102000128,511,732,-221
102000129,993,284,709
102000130,584,642,-58
102000131,345,477,-132
102000132,348,466,-118
102000133,3686,1016,2670
102000134,1250,420,830
102000135,262,507,-245
102000136,410,277,133
102000137,252,102,150
102000138,207,51,156
102000139,52,112,-60
102000140,27,147,-120
102000141,94,171,-77
102000142,231,86,145
102000143,216,53,163
102000144,382,63,319
102000145,232,90,142
102000146,350,82,268
102000147,366,234,132
102000148,44,339,-295
102000149,382,82,300
102000150,711,40,671
102000151,98,41,57
102000152,328,85,243
102000153,450,228,222
102000154,87,144,-57
102000155,37,279,-242
102000156,163,85,78
102000157,30,447,-417
102000158,176,342,-166
102000159,815,1041,-226
102000161,1933,1868,65
102000162,52,81,-29
102000163,134,226,-92
102000164,415,640,-225
102000165,209,106,103
102000166,27,134,-107
102000167,112,147,-35
102000168,129,177,-48
102000169,88,447,-359
102000170,511,103,408
102000171,32,69,-37
102000172,1,330,-329
102000173,284,248,36
102000174,225,41,184
102000175,60,44,16
102000176,19,16,3
102000178,126,363,-237
102000179,396,173,223
102000180,721,149,572
102000181,1006,146,860
102000182,515,166,349
102000183,1574,461,1113
102000184,1756,252,1504
102000185,2544,260,2284
102000186,1582,402,1180
102000187,840,349,491
102000188,1044,906,138
102000189,791,136,655
102000190,327,1805,-1478
102000191,552,160,392
102000192,1620,1339,281
102000193,129,94,35
102000194,32,183,-151
102000195,314,149,165
102000196,251,249,2
102000197,1154,230,924
102000198,194,299,-105
102000199,1285,93,1192
102000200,264,300,-36
102000201,2041,332,1709
102000202,6,134,-128
102000203,632,67,565
102000204,761,487,274
102000205,1106,712,394
102000206,537,424,113
102000207,528,488,40
102000208,402,525,-123
102000209,96,94,2
102000210,1069,270,799
102000211,416,93,323
102000212,500,0,500
102000213,7,111,-104
102000214,646,4,642
102000215,6,85,-79
102000216,221,146,75
102000217,8,38,-30
102000218,364,190,174
102000219,110,87,23
102000225,146,1049,-903
102000226,113,203,-90
102000227,175,1,174
102000228,0,40,-40
102000229,102,21,81
102000230,277,82,195
102000231,344,227,117
102000232,44,100,-56
102000233,861,213,648
102000234,77,888,-811
102000236,229,18,211
102000237,860,223,637
102000238,271,206,65
102000240,271,625,-354
102000241,51,51,0
102000243,1,45,-44
102000245,4,59,-55
102000246,5,47,-42
102000247,196,362,-166
102000248,188,829,-641
102000249,87,26,61
102000250,78,89,-11
102000254,383,90,293
102000266,0,90,-90
102000271,4,0,4
102000286,240,293,-53
102000297,1656,440,1216
102000301,0,0,0
102000307,0,3,-3
102000316,90,20,70
102900001,700,177,523
102900002,156,32,124
102900003,66,39,27
102900005,485,120,365
102900006,452,22,430
102900007,682,0,682
102900008,251,11,240
102900009,78,234,-156
102900010,232,582,-350
102900011,699,217,482
102900012,216,71,145
102900013,57,2,55
102900015,578,352,226
102900016,121,7,114
102900017,188,33,155
102900018,78,32,46
102900019,419,391,28
102900020,105,15,90
102900021,48,18,30
102900022,19,49,-30
102900023,26,8,18
102900024,31,10,21
102900025,55,8,47
102900026,286,1743,-1457
102900027,26,14,12
102900028,203,861,-658
102900029,50,272,-222
102900030,353,227,126
102900031,340,57,283
102900032,126,21,105
102900033,61,47,14
102900034,573,6,567
102900035,211,55,156
102900036,332,59,273
102900037,125,114,11
102900038,188,84,104
102900039,8,638,-630
102900040,219,222,-3
102900041,90,120,-30
102900042,270,87,183
102900043,335,74,261
102900044,487,684,-197
102900045,172,190,-18
102900046,147,102,45
102900047,148,172,-24
102900048,448,118,330
102900049,48,86,-38
102900050,95,205,-110
102900051,106,343,-237
102900053,119,391,-272
102900054,81,998,-917
102900055,33,302,-269
102900056,66,134,-68
102900057,1,74,-73
102900058,182,70,112
102900059,7,2,5
102900060,54,296,-242
102900061,145,123,22
102900062,227,211,16
102900063,1879,108,1771
102900064,31,299,-268
102900065,377,79,298
102900066,170,9,161
102900068,2,105,-103
102900070,203,123,80
102900072,1,52,-51
102900073,13,1,12
102900075,2,52,-50
102900076,15,15,0
102900077,28,3,25
102900078,14,12,2
102900079,174,0,174
102900080,354,12,342
102900081,8,98,-90
102900082,3,47,-44
102900083,50,0,50
102900084,2,4,-2
102900085,26,33,-7
102900086,3,35,-32
102900087,282,20,262
102900088,46,35,11
102900089,197,73,124
102900090,1,44,-43
102900091,435,1,434
102900092,737,38,699
102900094,0,15,-15
102900095,39,0,39
102900096,78,9,69
102900097,21,17,4
103000001,1528,1992,-464
103000002,2285,2164,121
103000003,2360,1602,758
103000004,646,367,279
103000005,1141,3729,-2588
103000006,996,1223,-227
103000007,268,185,83
103000008,837,622,215
103000009,1865,982,883
103000010,176,35,141
103000011,866,258,608
103000012,921,1006,-85
103000013,1927,1193,734
103000014,706,1683,-977
103000015,1185,814,371
103000016,479,1525,-1046
103000017,153,981,-828
103000018,389,136,253
103000019,254,615,-361
103000020,987,920,67
103000021,1682,3018,-1336
103000022,594,851,-257
103000023,667,1750,-1083
103000024,82,74,8
103000025,48,1169,-1121
103000026,199,50,149
103000027,55,411,-356
103000028,71,100,-29
103000029,58,198,-140
103000030,1755,692,1063
103000031,489,1981,-1492
103000032,1037,629,408
103000033,2893,1837,1056
103000034,900,551,349
103000035,93,693,-600
103000036,225,88,137
103000037,348,182,166
103000038,194,520,-326
103000039,651,152,499
103000040,698,258,440
103000041,2098,729,1369
103000042,1952,83,1869
103000043,880,312,568
103000044,203,40,163
103000046,174,511,-337
103000047,634,210,424
103000048,109,181,-72
103000049,46,34,12
103000050,759,88,671
103000051,637,192,445
103000052,673,79,594
103000053,166,202,-36
103000054,1339,108,1231
103000055,1252,560,692
103000056,598,534,64
103000057,1357,81,1276
103000058,598,145,453
103000059,794,214,580
103000060,512,165,347
103000061,813,620,193
103000062,501,63,438
103000063,1029,394,635
103000064,60,46,14
103000065,0,101,-101
103000066,158,2,156
103000069,336,123,213
103000070,515,144,371
103000071,1742,466,1276
103000072,117,319,-202
103000073,1256,38,1218
103000074,748,63,685
103000075,73,315,-242
103000076,216,867,-651
103000077,10,193,-183
103000078,498,1243,-745
103000079,526,627,-101
103000080,193,285,-92
103000081,258,627,-369
103000082,445,86,359
103000083,101,160,-59
103000084,38,1,37
103000085,1,94,-93
103000086,204,315,-111
103000087,100,406,-306
103000088,69,287,-218
103000089,269,606,-337
103000090,3279,865,2414
103000091,859,534,325
103000092,272,147,125
103000093,212,422,-210
103000094,309,80,229
103000095,74,271,-197
103000096,526,13,513
103000097,37,544,-507
103000098,492,50,442
103000099,65,595,-530
103000100,142,259,-117
103000101,1450,103,1347
103000102,74,174,-100
103000103,665,69,596
103000104,171,133,38
103000105,289,132,157
103000106,21,85,-64
103000107,283,67,216
103000108,1482,1669,-187
103000109,428,771,-343
103000110,370,740,-370
103000111,181,642,-461
103000112,176,455,-279
103000113,376,1107,-731
103000114,1425,924,501
103000115,709,577,132
103000116,866,223,643
103000117,420,341,79
103000118,270,222,48
103000119,944,210,734
103000120,69,292,-223
103000121,34,110,-76
103000122,325,639,-314
103000125,9,15,-6
103000126,1023,1,1022
103000127,1,46,-45
103000128,156,1,155
103000129,1,50,-49
103000130,96,48,48
103000131,12,37,-25
103000132,25,79,-54
103000133,13,44,-31
103000134,83,959,-876
103000135,373,95,278
103000136,268,305,-37
103000137,155,439,-284
103000138,304,347,-43
103000139,0,37,-37
103000140,74,8,66
103000141,6,64,-58
103000142,50,30,20
103000143,42,51,-9
103000144,206,51,155
103000145,3,29,-26
103000150,95,30,65
103000152,150,383,-233
103000153,63,237,-174
103000156,1,50,-49
103000157,392,0,392
103000159,165,29,136
103000162,8,11,-3
103000163,3,60,-57
103000164,5,2,3
103000165,25,73,-48
103000166,255,692,-437
103000167,240,214,26
103000168,202,65,137
103000169,215,890,-675
103000170,1666,205,1461
103000171,17,98,-81
103000172,869,75,794
103000173,1136,109,1027
103000174,535,215,320
103000175,389,102,287
103000176,704,1051,-347
103000177,106,557,-451
103000178,30,166,-136
103000179,38,13,25
103000183,655,147,508
103000185,138,84,54
103000186,389,48,341
103000187,1496,62,1434
103000188,28,39,-11
103000189,514,606,-92
103000191,247,110,137
103000292,522,1940,-1418
103000293,273,3095,-2822
103000295,32,138,-106
103000296,82,2,80
103000297,0,1,-1
103000504,5,3,2
103000505,2,2,0
103000506,0,44,-44
103000507,195,1,194
103000508,68,22,46
103000509,179,369,-190
103000514,89,0,89
103900001,0,8,-8
103900002,316,33,283
103900003,492,57,435
103900004,88,0,88
103900005,3,122,-119
103900006,6,0,6
103900007,329,2,327
103900008,7,0,7
103900009,308,49,259
103900010,231,30,201
103900011,808,43,765
103900012,37,81,-44
103900013,48,7,41
103900014,140,15,125
103900015,75,4,71
103900016,93,36,57
103900017,120,26,94
103900018,109,13,96
103900019,30,284,-254
103900020,249,249,0
103900021,23,16,7
103900022,300,133,167
103900023,280,0,280
103900024,78,182,-104
103900025,2,6,-4
103900026,1,1,0
103900027,153,95,58
103900028,61,315,-254
103900029,1134,88,1046
103900030,195,17,178
103900031,54,0,54
103900032,135,184,-49
103900033,36,6,30
103900034,53,23,30
103900035,149,10,139
103900036,13,35,-22
103900037,150,45,105
103900038,40,174,-134
103900039,149,47,102
103900040,2,48,-46
103900041,109,15,94
103900042,100,30,70
103900043,345,20,325
103900044,16,504,-488
103900045,288,127,161
103900047,81,0,81
103900048,2,18,-16
103900049,96,637,-541
103900050,3,45,-42
103900051,0,22,-22
103900052,215,214,1
103900053,441,70,371
103900054,236,36,200
103900055,468,124,344
103900056,50,8,42
103900057,247,72,175
103900058,405,57,348
103900059,4,72,-68
103900060,106,24,82
103900061,143,1,142
103900062,874,251,623
103900063,0,0,0
103900064,175,0,175
103900065,44,97,-53
103900066,204,18,186
103900067,334,14,320
103900068,0,1,-1
103900069,171,17,154
103900070,62,107,-45
103900071,7,11,-4
103900072,73,55,18
103900073,76,19,57
103900074,123,3,120
103900075,263,20,243
103900076,372,94,278
103900077,24,132,-108
103900078,244,31,213
103900079,38,104,-66
103900080,0,3,-3
103900081,18,20,-2
103900082,26,86,-60
103900083,1107,1585,-478
103900084,11,128,-117
103900085,26,54,-28
103900086,1723,136,1587
103900088,184,213,-29
103900089,51,76,-25
103900090,5,57,-52
103900091,345,41,304
103900092,707,336,371
103900093,11,151,-140
103900094,2,22,-20
103900095,141,250,-109
103900096,171,15,156
103900097,9,47,-38
103900098,341,50,291
103900099,362,24,338
103900100,316,29,287
103900101,363,449,-86
103900102,0,14,-14
103900104,0,10,-10
103900105,9,34,-25
103900106,3,397,-394
103900107,327,9,318
103900108,87,48,39
103900109,209,0,209
103900110,330,16,314
103900111,380,84,296
103900112,21,22,-1
103900113,29,52,-23
103900114,406,69,337
103900115,56,109,-53
103900116,567,2419,-1852
103900117,30,13,17
103900119,5,111,-106
103900120,96,21,75
103900122,184,22,162
103900123,206,528,-322
103900124,26,94,-68
103900125,136,17,119
103900126,690,52,638
103900127,112,94,18
103900128,149,18,131
103900131,19,24,-5
103900133,589,12,577
103900134,0,12,-12
103900135,0,1,-1
103900137,0,22,-22
103900138,134,17,117
103900139,297,3706,-3409
103900140,0,435,-435
103900141,99,48,51
103900142,698,55,643
103900143,360,1,359
103900144,0,25,-25
103900145,105,199,-94
103900146,215,251,-36
103900147,477,31,446
103900148,507,51,456
103900149,285,93,192
103900150,2232,4854,-2622
103900151,3,51,-48
103900152,1165,117,1048
103900153,15,18,-3
103900154,147,2336,-2189
103900155,34,18,16
103900156,19,10,9
103900157,265,18,247
103900158,508,5,503
103900159,569,3,566
103900160,23,6,17
103900161,15,60,-45
103900162,52,11,41
103900163,5,155,-150
103900167,0,90,-90
103900168,82,36,46
103900169,8,18,-10
103900170,0,8,-8
103900171,1,14,-13
103900172,0,10,-10
103900173,22,27,-5
103900174,329,5,324
103900175,12,121,-109
103900176,1,35,-34
103900177,18,1,17
103900178,51,0,51
103900179,90,16,74
103900180,5,14,-9
103900181,7,14,-7
103900182,5,14,-9
103900184,80,28,52
103900185,10,888,-878
103900187,4,108,-104
103900188,84,82,2
103900189,47,0,47
103900190,129,7,122
103900191,12,26,-14
103900192,13,33,-20
103900193,11,18,-7
103900194,47,46,1
103900195,0,138,-138
103900196,35,42,-7
103900197,4,24,-20
103900198,15,12,3
103900199,156,24,132
103900200,269,16,253
103900201,56,12,44
103900202,0,10,-10
103900203,19,25,-6
103900204,0,38,-38
103900207,1,13,-12
103900208,170,0,170
103900209,0,37,-37
103900210,41,47,-6
103900211,857,94,763
103900212,172,38,134
103900213,13,203,-190
103900214,99,388,-289
103900215,60,363,-303
103900216,6,55,-49
103900217,312,2,310
103900218,20,442,-422
103900219,370,67,303
103900233,64,5,59
103900235,10,103,-93
103900236,3,17,-14
103900242,0,7,-7
103900243,0,10,-10
103900244,70,26,44
103900245,172,39,133
103900246,3,50,-47
103900247,3,10,-7
103900248,0,31,-31
103900249,1,71,-70
103900250,32,7,25
103900251,0,22,-22
103900253,1,56,-55
103900254,0,11,-11
103900255,1,42,-41
103900256,47,34,13
103900257,197,293,-96
103900258,12,13,-1
103900259,20,24,-4
103900261,62,0,62
103900262,33,1,32
103900263,15,46,-31
103900264,14,1,13
103900265,7,0,7
103900266,4,75,-71
103900267,2,16,-14
103900268,48,28,20
103900269,280,17,263
103900270,59,13,46
103900271,23,14,9
103900272,122,44,78
103900273,170,0,170
103900274,375,2,373
103900275,299,3,296
103900276,20,14,6
103900277,18,3,15
103900278,1,13,-12
103900279,4,90,-86
103900280,9,6,3
103900281,400,362,38
103900282,14,4,10
103900283,111,8,103
103900284,12,14,-2
103900285,0,125,-125
103900286,18,380,-362
103900287,0,12,-12
103900288,2,50,-48
103900289,1,0,1
103900290,68,15,53
103900291,5,0,5
103900292,1,2,-1
103900293,1,4,-3
103900294,0,4,-4
104000001,2638,1275,1363
104000002,1821,1024,797
104000003,1780,1055,725
104000004,2372,1124,1248
104000005,1996,1145,851
104000006,2214,1347,867
104000007,3204,1402,1802
104000008,151,145,6
104000009,290,157,133
104000010,204,528,-324
104000011,130,107,23
104000012,110,75,35
104000013,291,522,-231
104000014,195,100,95
104000015,547,78,469
104000016,271,132,139
104000018,730,187,543
104000019,514,246,268
104000020,34,153,-119
104000021,335,115,220
104000022,338,318,20
104000023,1397,225,1172
104000024,278,176,102
104000026,71,84,-13
104000027,307,81,226
104000028,535,300,235
104000029,336,135,201
104000030,525,321,204
104000031,1279,84,1195
104000032,95,66,29
104000033,802,215,587
104000034,161,55,106
104000035,1081,158,923
104000036,1028,192,836
104000037,115,60,55
104000038,139,194,-55
104000039,181,34,147
104000040,55,479,-424
104000041,1195,311,884
104000042,76,33,43
104000043,106,124,-18
104000044,190,307,-117
104000045,626,370,256
104000046,442,450,-8
104000047,543,429,114
104000048,711,378,333
104000049,580,269,311
104000050,59,475,-416
104000051,193,294,-101
104000052,2455,1149,1306
104000053,1028,179,849
104000054,368,44,324
104000055,1429,1032,397
104000056,527,371,156
104000057,539,201,338
104000058,1336,1622,-286
104000059,472,664,-192
104000060,1470,776,694
104000061,1157,509,648
104000062,765,111,654
104000064,587,178,409
104000065,42,321,-279
104000069,275,1323,-1048
104000070,38,566,-528
104000071,535,184,351
104000072,689,216,473
104000075,11,173,-162
104000076,651,14,637
104000082,1382,2409,-1027
104000083,459,151,308
104000084,81,143,-62
104000085,448,165,283
104000086,269,219,50
104000087,349,1115,-766
104000090,1278,305,973
104000092,1656,384,1272
104000094,596,388,208
104000095,2478,1012,1466
104000096,2959,71,2888
104000097,2702,255,2447
104000098,3916,297,3619
104000100,2526,456,2070
104000101,1063,789,274
104000106,90,434,-344
104000107,333,118,215
104000108,165,130,35
104000109,232,93,139
104000110,638,1215,-577
104000111,1475,4100,-2625
104000112,376,257,119
104000116,0,295,-295
104000117,288,149,139
104000118,1866,88,1778
104000119,1111,248,863
104000120,274,169,105
104000121,236,200,36
104000122,547,278,269
104000123,621,416,205
104000124,198,655,-457
104000125,960,4573,-3613
104000126,310,377,-67
104000127,1110,902,208
104000128,522,99,423
104000129,513,15,498
104000130,5,429,-424
104000131,175,370,-195
104000132,270,801,-531
104000133,1201,490,711
104000134,720,1185,-465
104000135,427,838,-411
104000136,366,1723,-1357
104000137,1346,198,1148
104000138,764,249,515
104000139,1711,1715,-4
104000141,523,287,236
104000142,608,203,405
104000143,676,111,565
104000144,99,200,-101
104000145,235,107,128
104000146,71,289,-218
104000147,38,327,-289
104000148,487,101,386
104000149,107,35,72
104000150,849,212,637
104000151,302,84,218
104000152,556,86,470
104000153,721,366,355
104000154,343,103,240
104000155,365,819,-454
104000157,1157,626,531
104000158,25,165,-140
104000159,577,342,235
104000160,1362,1794,-432
104000161,135,33,102
104000162,98,85,13
104000165,912,620,292
104000167,1374,1625,-251
104000168,1188,5,1183
104000169,279,32,247
104000170,107,212,-105
104000248,315,336,-21
104000251,69,87,-18
104000272,0,0,0
104000273,0,0,0
104000274,0,0,0
104000275,0,0,0
104000279,1051,1217,-166
104000290,33,147,-114
104000291,754,1149,-395
104000293,1085,1047,38
104000294,238,0,238
104000295,766,669,97
104000296,678,388,290
104000297,988,1100,-112
104000298,1391,549,842
104000299,991,430,561
104000302,157,76,81
104000303,120,156,-36
104900001,26,76,-50
104900002,24,338,-314
104900003,39,36,3
104900004,14,43,-29
104900005,740,166,574
104900006,812,33,779
104900007,639,30,609
104900009,39,73,-34
104900010,60,5,55
104900011,0,8,-8
104900012,152,38,114
104900013,44,11,33
104900014,720,97,623
104900015,116,4,112
104900016,150,60,90
104900017,65,124,-59
104900018,0,53,-53
104900019,70,4615,-4545
104900020,42,135,-93
104900021,0,27,-27
104900022,2,191,-189
104900023,0,46,-46
104900024,13,281,-268
104900025,24,96,-72
104900026,19,23,-4
104900027,716,190,526
104900028,18,107,-89
104900029,3,11,-8
104900030,400,110,290
104900031,6,142,-136
104900032,16,19,-3
104900033,264,61,203
104900034,224,124,100
104900035,437,219,218
104900036,402,33,369
104900037,119,98,21
104900038,45,2395,-2350
104900039,127,418,-291
104900040,385,17,368
104900041,253,44,209
104900042,188,81,107
104900043,54,473,-419
104900044,823,40,783
104900045,228,39,189
104900046,915,40,875
104900047,321,49,272
104900048,457,17,440
104900049,155,23,132
104900050,862,82,780
104900051,305,14,291
104900052,234,1,233
104900053,487,20,467
104900054,423,61,362
104900055,463,2,461
104900056,313,3,310
104900057,130,0,130
104900058,451,36,415
104900059,144,11,133
104900061,51,28,23
104900063,37,151,-114
104900064,0,86,-86
104900065,0,272,-272
104900066,0,16,-16
104900067,0,159,-159
104900068,45,69,-24
104900070,35,60,-25
104900071,0,141,-141
104900072,38,61,-23
104900073,94,40,54
104900074,34,32,2
104900075,14,14,0
104900076,176,46,130
104900077,235,60,175
104900078,120,59,61
104900079,26,1098,-1072
104900080,91,100,-9
104900082,2,141,-139
104900085,8,83,-75
104900089,822,2,820
104900091,191,155,36
104900093,83,81,2
104900097,736,3046,-2310
104900098,255,28,227
104900099,17,391,-374
104900100,217,92,125
104900102,83,60,23
104900103,164,28,136
104900106,327,43,284
104900107,35,54,-19
104900108,3,65,-62
104900109,141,207,-66
104900110,21,11,10
104900111,178,12,166
104900112,284,69,215
104900113,792,82,710
104900114,728,143,585
104900115,1028,95,933
104900116,696,39,657
104900118,4,6,-2
104900119,0,16,-16
104900120,52,1626,-1574
104900121,0,8,-8
104900122,1,34,-33
104900123,357,14,343
104900124,235,2,233
104900125,257,20,237
104900126,22,2,20
104900127,3,0,3
104900128,112,50,62
104900129,440,2398,-1958
105000001,2669,804,1865
105000002,1751,1171,580
105000003,1788,2618,-830
105000004,1221,570,651
105000005,1689,1184,505
105000006,1035,1628,-593
105000007,1496,2004,-508
105000008,532,1978,-1446
105000009,3038,2997,41
105000010,1551,517,1034
105000011,2484,3176,-692
105000012,1080,1119,-39
105000013,907,960,-53
105000014,3430,2574,856
105000015,5454,11565,-6111
105000016,549,442,107
105000017,1241,844,397
105000018,378,1152,-774
105000019,819,617,202
105000020,16,548,-532
105000021,269,118,151
105000022,66,92,-26
105000023,861,166,695
105000028,17,66,-49
105000029,382,814,-432
105000030,1911,1269,642
105000031,8,25,-17
105000033,931,542,389
105000034,99,1233,-1134
105000037,549,126,423
105000038,558,964,-406
105000039,445,525,-80
105000040,648,746,-98
105000041,148,234,-86
105000042,1206,601,605
105000043,416,307,109
105000044,630,174,456
105000045,200,138,62
105000046,813,162,651
105000047,376,170,206
105000048,1219,272,947
105000049,212,330,-118
105000050,1034,417,617
105000051,163,177,-14
105000052,631,603,28
105000053,87,88,-1
105000054,403,506,-103
105000055,883,134,749
105000056,2133,1229,904
105000057,1317,320,997
105000058,949,587,362
105000059,1580,730,850
105000060,577,316,261
105000061,1862,424,1438
105000062,488,470,18
105000063,283,164,119
105000064,3031,582,2449
105000065,363,267,96
105000066,611,580,31
105000067,1808,967,841
105000068,315,518,-203
105000069,885,3387,-2502
105000070,349,933,-584
105000071,123,2270,-2147
105000072,1271,8138,-6867
105000073,1193,697,496
105000074,254,281,-27
105000075,518,368,150
105000076,1065,639,426
105000077,1691,451,1240
105000078,282,660,-378
105000079,500,1324,-824
105000080,1446,1592,-146
105000081,565,697,-132
105000082,467,1055,-588
105000083,1302,1448,-146
105000084,444,605,-161
105000085,1966,1709,257
105000086,868,780,88
105000087,1435,1306,129
105000088,1868,2990,-1122
105000089,1130,779,351
105000090,209,243,-34
105000091,262,280,-18
105000092,300,301,-1
105000093,204,318,-114
105000094,204,94,110
105000095,201,544,-343
105000096,1231,1482,-251
105000097,316,365,-49
105000098,1630,1396,234
105000099,370,700,-330
105000100,2152,499,1653
105000101,1992,593,1399
105000102,1776,669,1107
105000103,924,608,316
105000104,2272,541,1731
105000105,1252,593,659
105000106,1932,427,1505
105000107,1859,332,1527
105000108,1657,449,1208
105000109,3187,436,2751
105000110,879,169,710
105000111,2188,263,1925
105000112,751,287,464
105000113,530,512,18
105000114,732,1017,-285
105000115,147,2173,-2026
105000116,1390,535,855
105000117,707,296,411
105000118,1253,251,1002
105000119,505,208,297
105000120,2092,362,1730
105000121,876,278,598
105000122,453,271,182
105000123,442,291,151
105000124,1993,356,1637
105000125,1128,707,421
105000126,1925,884,1041
105000127,3003,714,2289
105000128,653,860,-207
105000129,1416,242,1174
105000130,102,3529,-3427
105000131,236,114,122
105000132,1724,866,858
105000133,250,284,-34
105000134,1650,206,1444
105000135,292,212,80
105000136,88,62,26
105000137,807,108,699
105000138,93,85,8
105000139,608,211,397
105000140,590,174,416
105000141,393,98,295
105000142,401,278,123
105000143,192,230,-38
105000144,350,255,95
105000145,678,167,511
105000146,404,316,88
105000147,669,199,470
105000148,722,490,232
105000149,3277,1141,2136
105000150,1382,301,1081
105000151,1325,266,1059
105000152,277,323,-46
105000153,1909,202,1707
105000154,617,263,354
105000155,973,237,736
105000156,249,293,-44
105000157,534,474,60
105000158,3746,375,3371
105000159,236,393,-157
105000160,4686,504,4182
105000161,497,328,169
105000162,809,3811,-3002
105000163,528,448,80
105000164,76,254,-178
105000165,592,12425,-11833
105000166,2338,2573,-235
105000167,1071,3898,-2827
105000168,241,255,-14
105000169,1191,125,1066
105000170,572,740,-168
105000171,989,116,873
105000172,588,6,582
105000173,937,10,927
105000174,270,10,260
105000175,272,8,264
105000176,952,50,902
105000177,614,236,378
105000178,517,68,449
105000179,1893,32,1861
105000180,583,17,566
105000181,213,127,86
105000182,107,49,58
105000183,1322,2272,-950
105000184,200,437,-237
105000185,273,955,-682
105000186,479,592,-113
105000187,709,215,494
105000188,73,143,-70
105000189,157,317,-160
105000190,167,171,-4
105000191,308,206,102
105000192,349,43,306
105000193,68,44,24
105000194,883,68,815
105000195,273,221,52
105000196,57,457,-400
105000197,88,263,-175
105000198,135,51,84
105000199,49,1060,-1011
105000200,96,416,-320
105000201,66,32,34
105000203,34,58,-24
105000204,70,37,33
105000205,163,45,118
105000207,178,26,152
105000208,86,220,-134
105000209,158,41,117
105000211,763,11,752
105000212,1176,334,842
105000213,10,43,-33
105000214,72,75,-3
105000215,150,87,63
105000216,298,45,253
105000217,219,42,177
105000218,2682,431,2251
105000221,123,121,2
105000222,540,45,495
105000223,683,84,599
105000226,228,69,159
105000227,60,38,22
105000228,14,1024,-1010
105000229,147,582,-435
105000231,400,104,296
105000233,1063,715,348
105000234,304,406,-102
105000235,653,420,233
105000237,1507,103,1404
105000243,56,43,13
105000248,41,88,-47
105000262,573,168,405
105000269,55,115,-60
105000270,800,5,795
105000271,0,134,-134
105000282,33,20,13
105000287,104,75,29
105000288,1010,312,698
105000289,306,747,-441
105000290,39,3,36
105000402,1124,2970,-1846
105000426,155,205,-50
105000438,456,664,-208
105000440,38,9,29
105000446,3528,2582,946
105000447,1072,655,417
105000454,585,86,499
105000455,106,81,25
105000474,140,1,139
105000477,1291,401,890
105000478,2166,4827,-2661
105000479,51,85,-34
105000480,2848,4719,-1871
105000481,3527,3010,517
105000482,1294,1650,-356
105000483,1450,1950,-500
105000484,757,1037,-280
105000485,705,1865,-1160
105000486,1154,1177,-23
105000488,1332,934,398
105000489,1983,597,1386
105000549,123,203,-80
105000550,414,395,19
105000551,2,40,-38
105000552,1336,555,781
105000555,757,1426,-669
105000556,39,12,27
105000557,63,124,-61
105900001,3,1312,-1309
105900002,358,1639,-1281
105900003,13,118,-105
105900004,175,22,153
105900005,2,187,-185
105900006,5,15,-10
105900007,11,12,-1
105900008,156,124,32
105900009,38,14,24
105900011,184,7,177
105900012,441,39,402
105900013,2,19,-17
105900014,0,51,-51
105900015,45,162,-117
105900016,772,108,664
105900017,2347,13,2334
105900018,48,81,-33
105900019,70,90,-20
105900020,74,39,35
105900021,46,93,-47
105900022,150,65,85
105900023,19,37,-18
105900024,7,157,-150
105900025,447,6,441
105900026,106,12,94
105900027,6310,2739,3571
105900028,220,224,-4
105900029,1283,177,1106
105900030,101,254,-153
105900031,485,106,379
105900032,151,52,99
105900033,148,144,4
105900034,493,105,388
105900035,425,189,236
105900036,75,32,43
105900037,291,10,281
105900038,143,172,-29
105900039,176,39,137
105900040,176,63,113
105900041,96,81,15
105900042,126,225,-99
105900043,457,13,444
105900044,6,342,-336
105900045,3,1691,-1688
105900046,1,75,-74
105900047,9,26,-17
105900048,105,402,-297
105900050,729,3025,-2296
105900051,16,531,-515
105900052,1077,74,1003
105900053,1749,4463,-2714
105900054,86,176,-90
105900056,205,549,-344
105900057,7,40,-33
105900058,5,9,-4
105900059,0,193,-193
106000001,1546,2206,-660
106000002,564,1675,-1111
106000003,3062,3847,-785
106000004,929,1230,-301
106000005,3850,2442,1408
106000006,2849,997,1852
106000007,494,231,263
106000008,308,133,175
106000009,515,139,376
106000010,207,356,-149
106000011,1781,622,1159
106000012,645,422,223
106000013,1345,830,515
106000014,815,581,234
106000015,2276,528,1748
106000016,956,680,276
106000017,879,362,517
106000018,407,252,155
106000019,448,175,273
106000020,236,118,118
106000021,393,274,119
106000022,274,101,173
106000023,857,198,659
106000024,432,202,230
106000025,279,196,83
106000026,69,117,-48
106000027,2315,971,1344
106000028,579,249,330
106000029,558,549,9
106000030,148,253,-105
106000034,42,292,-250
106000035,720,877,-157
106000036,69,341,-272
106000037,644,527,117
106000038,19,206,-187
106000039,11,172,-161
106000040,54,560,-506
106000041,557,311,246
106000043,275,145,130
106000046,196,17,179
106000047,45,210,-165
106000049,1697,120,1577
106000050,181,268,-87
106000051,977,393,584
106000052,56,110,-54
106000053,512,37,475
106000054,122,70,52
106000055,1007,231,776
106000056,114,123,-9
106000057,633,75,558
106000058,77,25,52
106000059,604,134,470
106000060,92,142,-50
106000061,100,446,-346
106000062,97,105,-8
106000063,1270,677,593
106000064,7,89,-82
106000065,553,154,399
106000066,73,108,-35
106000067,539,89,450
106000068,167,194,-27
106000069,618,73,545
106000070,329,139,190
106000071,756,79,677
106000072,1827,1036,791
106000073,1056,5942,-4886
106000074,807,476,331
106000075,416,716,-300
106000076,958,1117,-159
106000077,1157,314,843
106000078,1378,205,1173
106000079,817,344,473
106000080,1100,169,931
106000081,959,378,581
106000082,1096,209,887
106000083,523,516,7
106000084,542,324,218
106000085,1103,489,614
106000086,377,272,105
106000087,604,217,387
106000088,343,265,78
106000089,971,98,873
106000090,415,306,109
106000091,184,362,-178
106000092,878,213,665
106000093,726,24,702
106000094,119,119,0
106000095,936,301,635
106000096,1816,192,1624
106000097,1317,319,998
106000098,1175,228,947
106000099,75,203,-128
106000100,2169,81,2088
106000101,990,325,665
106000102,65,252,-187
106000103,155,79,76
106000104,468,93,375
106000105,219,257,-38
106000106,1207,130,1077
106000107,224,164,60
106000108,893,80,813
106000109,112,104,8
106000110,744,77,667
106000111,105,130,-25
106000112,452,480,-28
106000113,310,326,-16
106000114,357,971,-614
106000115,266,278,-12
106000116,643,710,-67
106000117,500,152,348
106000118,1524,1146,378
106000119,644,211,433
106000120,1029,1859,-830
106000121,395,129,266
106000122,411,69,342
106000123,1073,30,1043
106000124,260,53,207
106000125,64,67,-3
106000126,683,32,651
106000127,1875,217,1658
106000128,1647,162,1485
106000129,1380,237,1143
106000130,1392,404,988
106000131,150,752,-602
106000132,636,65,571
106000133,748,1913,-1165
106000134,511,3973,-3462
106000135,135,436,-301
106000136,984,2141,-1157
106000137,53,343,-290
106000138,3735,52,3683
106000139,105,37,68
106000140,48,15,33
106000141,133,18,115
106000142,150,33,117
106000143,43,42,1
106000144,127,60,67
106000145,647,90,557
106000146,671,74,597
106000147,1278,301,977
106000148,2459,530,1929
106000149,875,277,598
106000150,882,2959,-2077
106000151,1908,389,1519
106000152,619,3540,-2921
106000153,92,1390,-1298
106000154,889,66,823
106000155,306,335,-29
106000156,1901,66,1835
106000157,418,1530,-1112
106000158,884,490,394
106000159,2062,2473,-411
106000160,830,5001,-4171
106000161,470,76,394
106000162,484,1819,-1335
106000163,274,65,209
106000164,962,98,864
106000165,148,298,-150
106000166,1766,129,1637
106000167,211,402,-191
106000168,1397,82,1315
106000169,381,129,252
106000170,1148,44,1104
106000171,205,483,-278
106000172,2651,809,1842
106000173,422,1405,-983
106000174,1639,147,1492
106000175,248,207,41
106000176,3104,358,2746
106000177,1081,505,576
106000178,3719,640,3079
106000179,801,385,416
106000180,1431,403,1028
106000181,2932,710,2222
106000182,2486,197,2289
106000183,2512,127,2385
106000184,1565,271,1294
106000185,2338,1505,833
106000186,238,37,201
106000187,41,1771,-1730
106000188,0,5,-5
106000189,7,9,-2
106000190,39,0,39
106000191,421,44,377
106000192,0,8,-8
106000193,174,249,-75
106000194,45,220,-175
106000195,71,29,42
106000196,50,174,-124
106000197,755,65,690
106000198,175,57,118
106000199,353,1764,-1411
106000200,348,160,188
106000201,310,9363,-9053
106000202,1883,563,1320
106000203,4,154,-150
106000204,86,4,82
106000205,11,161,-150
106000206,82,28,54
106000207,13,185,-172
106000208,1964,42,1922
106000209,2551,133,2418
106000210,313,252,61
106000211,226,598,-372
106000212,1791,249,1542
106000213,226,729,-503
106000214,988,128,860
106000215,254,275,-21
106000216,802,115,687
106000217,149,245,-96
106000218,608,120,488
106000219,111,144,-33
106000220,1122,114,1008
106000221,373,49,324
106000222,167,58,109
106000223,531,60,471
106000224,270,36,234
106000225,116,118,-2
106000226,51,41,10
106000228,41,48,-7
106000229,153,398,-245
106000231,1776,123,1653
106000232,145,140,5
106000233,859,112,747
106000234,68,231,-163
106000235,329,130,199
106000236,76,85,-9
106000237,0,7,-7
106000238,5,25,-20
106000239,0,234,-234
106000240,10,8,2
106000241,2,583,-581
106000242,208,20,188
106000249,116,48,68
106000250,27,889,-862
106000251,194,10,184
106000252,15,19,-4
106000253,105,30,75
106000254,150,12,138
106000255,107,165,-58
106000256,47,9,38
106000257,66,114,-48
106000258,57,69,-12
106000259,16,86,-70
106000260,60,6,54
106000261,4,46,-42
106000262,61,8,53
106000263,69,22,47
106000264,205,3,202
106000265,44,74,-30
106000266,143,34,109
106000267,21,73,-52
106000268,249,33,216
106000269,33,39,-6
106000270,114,116,-2
106000271,35,19,16
106000272,115,17,98
106000273,16,79,-63
106000274,97,6,91
106000275,167,103,64
106000276,28,5,23
106000277,112,146,-34
106000278,97,2,95
106000279,10,19,-9
106000280,85,8,77
106000281,41,11,30
106000282,77,23,54
106000283,101,12,89
106000284,281,43,238
106000285,117,74,43
106000286,133,26,107
106000287,30,45,-15
106000288,131,37,94
106000289,71,50,21
106000290,114,63,51
106000291,77,32,45
106000292,143,26,117
106000293,106,34,72
106000294,106,6,100
106000295,22,38,-16
106000296,19,8,11
106000297,28,110,-82
106000298,28,100,-72
106000299,24,37,-13
106000300,31,50,-19
106000301,26,77,-51
106000303,114,44,70
106000304,30,9,21
106000305,174,27,147
106000306,6,16,-10
106000307,360,8,352
106000308,18,21,-3
106000309,4,7,-3
106000310,250,324,-74
106000311,485,71,414
106000312,403,96,307
106000313,483,31,452
106000318,48,312,-264
106000319,1516,347,1169
106000320,7,56,-49
106000321,277,158,119
106000322,289,43,246
106000324,76,79,-3
106000325,1937,306,1631
106000326,565,532,33
106000327,541,28,513
106000328,25,34,-9
106000329,28,69,-41
106000330,10,40,-30
106000428,128,176,-48
106000429,155,191,-36
106000430,219,591,-372
106000431,2823,259,2564
106000432,618,914,-296
106000433,2281,935,1346
106000434,3605,667,2938
106000435,739,886,-147
106000436,1,71,-70
106000437,1130,43,1087
106000438,221,540,-319
106000439,41,703,-662
106000440,579,408,171
106000441,6,0,6
106000442,305,13,292
106000443,292,70,222
106000450,0,60,-60
106000451,18,209,-191
106000454,0,179,-179
106000455,3,106,-103
106000456,187,24,163
106000457,29,146,-117
106000458,1484,259,1225
106000459,763,103,660
106000460,2546,11,2535
106000461,479,161,318
106000462,0,86,-86
106000463,5,58,-53
106000464,1,446,-445
106000465,1226,3,1223
106000466,0,177,-177
106000467,246,285,-39
106000468,221,74,147
106000469,303,0,303
106000470,132,2417,-2285
106000471,13,138,-125
106000472,471,9,462
106000473,25,0,25
106000474,429,251,178
106000475,1183,154,1029
106000476,345,467,-122
106000477,141,47,94
106000480,0,1134,-1134
106900001,0,0,0
106900002,0,78,-78
106900003,26,194,-168
106900004,0,3,-3
106900006,0,1,-1
106900007,0,2,-2
106900008,1134,17,1117
106900009,732,55,677
106900010,393,71,322
106900012,526,3787,-3261
106900013,560,45,515
106900014,222,0,222
106900015,20,1,19
106900016,475,27,448
106900017,6,1,5
106900018,31,0,31
106900019,316,0,316
106900020,731,3201,-2470
106900021,390,57,333
106900022,2079,14,2065
106900023,31,74,-43
106900024,618,21,597
106900025,2,123,-121
106900026,1,82,-81
106900027,1655,0,1655
106900028,0,63,-63
106900029,249,22,227
106900030,2,409,-407
107000001,2642,2790,-148
107000002,828,1140,-312
107000003,7180,5833,1347
107000004,1653,801,852
107000005,9476,5111,4365
107000006,1545,791,754
107000007,3827,5803,-1976
107000008,1821,1386,435
107000009,7747,4827,2920
107000010,2822,1898,924
107000011,401,312,89
107000012,1073,734,339
107000013,158,33,125
107000014,68,51,17
107000015,501,193,308
107000016,913,244,669
107000017,493,485,8
107000018,1,496,-495
107000020,471,413,58
107000021,802,253,549
107000022,930,768,162
107000023,1529,81,1448
107000024,658,1036,-378
107000025,315,157,158
107000026,251,218,33
107000027,1757,332,1425
107000028,976,328,648
107000029,3877,2341,1536
107000030,1343,713,630
107000031,5607,1680,3927
107000032,166,418,-252
107000033,1335,2784,-1449
107000034,1423,525,898
107000035,407,112,295
107000036,233,1108,-875
107000037,149,426,-277
107000038,191,115,76
107000039,785,396,389
107000040,279,107,172
107000041,624,253,371
107000042,270,2032,-1762
107000043,716,474,242
107000044,133,92,41
107000045,33,74,-41
107000046,541,134,407
107000047,235,230,5
107000048,353,127,226
107000049,328,296,32
107000050,580,205,375
107000051,169,242,-73
107000052,682,2403,-1721
107000053,206,581,-375
107000054,19,76,-57
107000055,268,72,196
107000056,396,287,109
107000057,847,91,756
107000058,1832,1347,485
107000059,1514,1423,91
107000060,5989,3359,2630
107000061,2378,1163,1215
107000062,8268,2075,6193
107000063,2238,1320,918
107000064,5796,3772,2024
107000065,1439,1814,-375
107000066,1062,2476,-1414
107000067,1351,750,601
107000068,579,560,19
107000069,1181,591,590
107000070,740,3,737
107000071,5262,27,5235
107000072,13,544,-531
107000073,1136,1055,81
107000074,22,210,-188
107000075,1860,58,1802
107000076,119,432,-313
107000077,2916,217,2699
107000078,459,379,80
107000079,3336,484,2852
107000080,281,576,-295
107000081,4397,348,4049
107000082,241,412,-171
107000083,1511,915,596
107000084,99,331,-232
107000085,2243,1867,376
107000086,1960,1084,876
107000087,2799,1688,1111
107000088,1739,1562,177
107000089,1411,1669,-258
107000090,829,467,362
107000091,1847,540,1307
107000092,569,384,185
107000093,1562,830,732
107000094,615,456,159
107000095,1683,658,1025
107000096,571,243,328
107000097,2235,413,1822
107000098,499,283,216
107000099,641,357,284
107000100,158,138,20
107000101,95,191,-96
107000102,147,181,-34
107000103,459,158,301
107000104,138,215,-77
107000105,643,170,473
107000106,179,78,101
107000107,962,112,850
107000108,189,192,-3
107000109,1706,105,1601
107000110,168,102,66
107000111,1465,27,1438
107000112,30,73,-43
107000113,1947,88,1859
107000114,24,127,-103
107000115,1100,1278,-178
107000116,74,186,-112
107000117,170,4783,-4613
107000118,40,66,-26
107000119,849,1467,-618
107000120,394,1208,-814
107000121,905,216,689
107000122,461,409,52
107000123,827,267,560
107000124,786,95,691
107000125,1375,246,1129
107000126,1964,142,1822
107000129,395,301,94
107000130,1035,120,915
107000131,200,223,-23
107000132,613,126,487
107000133,267,72,195
107000134,247,1,246
107000135,0,170,-170
107000136,444,3,441
107000137,2,297,-295
107000138,60,21,39
107000139,2,314,-312
107000140,1615,25,1590
107000141,42,439,-397
107000142,441,27,414
107000143,18,756,-738
107000144,386,747,-361
107000145,34,312,-278
107000146,127,404,-277
107000147,3451,391,3060
107000150,91,4579,-4488
107000151,2,30,-28
107000152,386,3286,-2900
107000153,32,105,-73
107000154,4,87,-83
107000155,1169,1,1168
107000156,1266,3,1263
107000157,20,238,-218
107000158,1532,6,1526
107000159,6,158,-152
107000160,2286,126,2160
107000161,23,183,-160
107000162,207,799,-592
107000163,326,1,325
107000164,1170,1,1169
107000165,1917,0,1917
107000166,8,169,-161
107000167,1251,322,929
107000168,980,476,504
107000169,103,235,-132
107000170,4209,394,3815
107000171,405,301,104
107000172,2063,1914,149
107000173,201,161,40
107000174,1056,6759,-5703
107000175,1751,268,1483
107000176,0,0,0
107000177,0,0,0
107000178,218,3,215
107000179,288,403,-115
107000180,2139,130,2009
107000181,353,245,108
107000182,2307,257,2050
107000183,230,200,30
107000184,1869,289,1580
107000185,169,377,-208
107000186,801,114,687
107000187,1186,505,681
107000188,594,112,482
107000189,876,331,545
107000190,1032,137,895
107000191,1122,399,723
107000192,1292,135,1157
107000193,239,193,46
107000194,423,139,284
107000197,955,119,836
107000198,280,313,-33
107000199,462,360,102
107000200,619,653,-34
107000201,213,143,70
107000202,269,250,19
107000203,432,767,-335
107000204,426,1361,-935
107000205,492,198,294
107000206,104,494,-390
107000207,256,412,-156
107000208,165,291,-126
107000209,300,336,-36
107000210,59,65,-6
107000211,0,16,-16
107000212,4,76,-72
107000213,4,4,0
107000214,20,11,9
107000215,774,71,703
107000216,432,61,371
107000217,182,48,134
107000219,50,177,-127
107000220,24,78,-54
107000222,199,117,82
107000224,432,97,335
107000225,155,110,45
107000226,803,50,753
107000227,163,94,69
107000228,74,494,-420
107000229,68,216,-148
107000230,826,382,444
107000231,317,731,-414
107000232,117,10,107
107000233,105,417,-312
107000234,0,61,-61
107000235,27,20,7
107000236,0,540,-540
107000237,88,0,88
107000238,31,4,27
107000239,1208,567,641
107000240,53,157,-104
107000243,0,19,-19
107000244,2,7,-5
107000246,0,151,-151
107000249,0,255,-255
107000251,0,49,-49
107000252,0,110,-110
107000255,108,186,-78
107000257,1,446,-445
107000258,1,155,-154
107000259,0,89,-89
107000260,1898,5,1893
107000262,9,103,-94
107000263,703,1,702
107000266,20,5,15
107000267,3,72,-69
107000268,55,16,39
107000269,24,1,23
107000270,519,65,454
107000271,2,0,2
107000272,273,0,273
107000273,12,156,-144
107000274,240,5,235
107000275,75,1054,-979
107000280,2005,14,1991
107000281,57,142,-85
107000282,22,194,-172
107000290,1,28,-27
107000291,9,14,-5
107000292,1,34,-33
107000293,58,5,53
107000294,0,43,-43
107000295,13,3,10
107000296,1,34,-33
107000444,165,1,164
107000496,11,4,7
107000497,489,611,-122
107000500,525,128,397
107000501,20,119,-99
107000502,310,274,36
107000505,247,339,-92
107000506,0,1,-1
107000508,0,82,-82
107000509,125,525,-400
107000510,115,27,88
107000514,28,403,-375
107000515,6,47,-41
107000516,624,208,416
107000518,1904,3979,-2075
107000519,441,277,164
107000520,172,37,135
107000521,1665,139,1526
107000522,2621,192,2429
107900001,99,26,73
107900002,25,1,24
107900003,675,13,662
107900004,0,0,0
107900005,4593,56,4537
107900006,156,2,154
107900007,482,24,458
107900008,7,0,7
107900009,31,5,26
107900010,112,1,111
107900012,350,45,305
107900013,105,3,102
107900014,313,2,311
107900015,2876,35,2841
107900016,92,28,64
107900017,112,0,112
107900018,62,418,-356
107900019,18,4,14
107900020,3,27,-24
107900021,211,5,206
107900023,11,2,9
107900024,0,1,-1
107900025,179,36,143
107900026,55,9,46
107900027,1,43,-42
107900028,347,3,344
107900030,352,12,340
107900031,46,64,-18
107900032,115,9,106
107900033,11,24,-13
107900034,265,5,260
107900035,2604,255,2349
107900036,12,43,-31
107900037,2,8,-6
107900038,7,336,-329
107900039,91,3,88
107900040,2,129,-127
107900041,2,1,1
107900043,66,6,60
107900044,3,24,-21
107900045,146,52,94
107900046,450,851,-401
107900047,82,1,81
107900048,421,26,395
107900049,269,1012,-743
107900050,23,56,-33
107900051,25,24,1
107900052,2,40,-38
107900053,193,23,170
107900055,255,63,192
107900056,78,196,-118
107900057,1,0,1
107900058,19,192,-173
107900060,15,31,-16
107900061,1,5,-4
107900063,70,50,20
107900064,101,1035,-934
107900065,1058,28,1030
107900066,30,1,29
107900067,1,0,1
107900068,92,608,-516
107900069,3,4065,-4062
107900070,155,165,-10
107900071,28,75,-47
107900072,238,3,235
107900073,57,41,16
107900074,109,376,-267
107900076,154,7,147
107900077,116,0,116
107900079,4,14,-10
107900080,120,928,-808
107900081,7,13,-6
107900082,3,21,-18
107900083,523,139,384
107900084,260,44,216
107900086,15,331,-316
107900087,128,12,116
107900088,44,8,36
107900089,157,338,-181
107900090,118,1585,-1467
107900091,29,71,-42
107900093,13,30,-17
107900095,533,748,-215
107900097,30,58,-28
107900098,115,220,-105
107900100,140,1633,-1493
107900101,143,18,125
107900102,39,0,39
107900103,25,81,-56
107900104,149,2,147
107900105,0,63,-63
107900106,0,131,-131
107900107,295,290,5
107900108,39,10,29
107900109,2671,62,2609
107900110,95,9,86
107900111,1,89,-88
107900112,51,523,-472
107900113,361,21,340
107900114,221,20,201
107900115,0,5,-5
107900116,350,28,322
107900117,154,198,-44
107900118,3,35,-32
107900119,130,197,-67
107900120,86,0,86
107900121,9,52,-43
107900122,0,42,-42
107900123,14,86,-72
107900124,3,6,-3
107900125,45,51,-6
107900126,44,16,28
107900127,308,158,150
107900128,10,16,-6
107900129,274,6,268
107900130,215,4,211
107900131,36,66,-30
107900132,19,82,-63
107900133,0,13,-13
107900134,12,7,5
107900135,1,19,-18
107900136,9,30,-21
107900137,14,27,-13
107900138,199,3,196
107900139,146,8,138
107900141,11,24,-13
107900142,5,206,-201
107900143,13,10,3
107900144,0,16,-16
107900145,0,28,-28
107900146,27,28,-1
107900147,11,0,11
107900148,84,36,48
107900149,187,18,169
107900150,1,110,-109
107900151,13,9,4
107900152,0,26,-26
107900153,30,110,-80
107900154,91,6,85
107900155,106,5,101
107900156,0,33,-33
107900157,21,19,2
107900158,2029,95,1934
107900159,26,113,-87
107900160,118,14,104
107900161,150,21,129
107900162,2,17,-15
107900163,30,30,0
107900164,44,13,31
107900165,6,433,-427
107900166,42,19,23
107900167,9,46,-37
107900168,131,2,129
107900169,0,174,-174
107900171,0,213,-213
107900172,0,70,-70
107900173,56,10,46
107900174,112,2,110
107900175,2,31,-29
107900176,92,14,78
107900177,0,26,-26
107900178,0,20,-20
107900179,14,23,-9
107900180,119,1187,-1068
107900181,81,92,-11
107900182,113,134,-21
107900183,109,25,84
107900184,203,48,155
107900185,112,0,112
107900186,20,2,18
107900187,0,30,-30
107900188,242,25,217
107900189,26,35,-9
107900190,1,67,-66
107900191,35,40,-5
107900193,6,77,-71
107900194,136,2,134
107900195,412,111,301
107900196,80,4,76
107900197,107,120,-13
107900199,0,230,-230
107900201,33,29,4
107900203,24,4,20
107900204,78,42,36
107900206,227,759,-532
107900207,0,96,-96
107900208,0,98,-98
107900209,99,46,53
107900210,8,16,-8
107900213,199,90,109
107900214,2,28,-26
107900215,53,233,-180
107900216,0,15,-15
107900217,14,29,-15
107900218,1,296,-295
107900219,39,8,31
107900220,27,69,-42
107900221,20,23,-3
107900223,219,54,165
107900224,65,297,-232
107900225,4,118,-114
107900226,3,21,-18
107900227,46,67,-21
107900228,46,23,23
107900229,23,17,6
107900230,22,3,19
107900231,10,24,-14
107900232,401,7,394
107900233,0,24,-24
107900234,353,32,321
107900235,0,56,-56
107900236,563,22,541
107900237,3,139,-136
107900238,34,3,31
107900239,75,445,-370
107900240,56,14,42
107900241,1,16,-15
107900242,26,32,-6
107900243,0,6,-6
107900244,191,0,191
107900245,1167,41,1126
107900246,217,25,192
107900248,422,33,389
107900249,1336,233,1103
107900250,0,124,-124
107900251,5,353,-348
107900252,802,75,727
107900253,214,20,194
107900254,58,115,-57
107900255,43,16,27
107900256,220,416,-196
107900257,368,81,287
107900258,85,35,50
107900259,16,3988,-3972
107900261,0,166,-166
107900262,9,39,-30
107900264,760,49,711
107900265,89,37,52
107900267,604,1,603
107900268,1,0,1
107900269,0,0,0
107900270,0,0,0
107900271,1,59,-58
107900272,6,27,-21
107900273,40,5,35
107900274,146,0,146
107900275,20,0,20
107900276,0,7,-7
107900277,0,3,-3
107900278,390,40,350
107900279,2,17,-15
107900280,1957,600,1357
107900281,531,9551,-9020
107900282,25,1200,-1175
107900283,156,681,-525
107900284,832,221,611
107900285,122,22,100
107900286,4,26,-22
107900287,1086,44,1042
107900290,0,811,-811
107900291,497,2,495
107900292,107,64,43
107900293,91,108,-17
107900295,19,11,8
107900297,2,158,-156
107900298,361,352,9
107900299,918,2824,-1906
107900301,678,357,321
107900302,76,7,69
107900303,626,120,506
107900304,662,26,636
107900305,431,2,429
107900306,0,33,-33
107900307,4,72,-68
107900308,194,43,151
107900309,10,0,10
107900310,15,0,15
107900311,133,238,-105
107900312,23,2,21
107900313,0,74,-74
107900314,3,348,-345
107900315,0,26,-26
107900316,31,0,31
107900317,100,8,92
107900318,1,142,-141
107900319,1,12,-11
107900320,0,73,-73
107900321,219,0,219
107900322,1,19,-18
107900323,1,62,-61
107900324,40,2,38
107900325,226,2,224
107900326,829,84,745
107900327,5,86,-81
107900328,1,0,1
107900329,23,158,-135
107900330,4,17,-13
107900331,668,14,654
107900332,771,4,767
107900333,160,6,154
107900334,2,26,-24
107900335,5,16,-11
107900336,28,23,5
107900337,280,1473,-1193
107900338,3,27,-24
107900339,0,2,-2
107900340,0,144,-144
107900341,36,0,36
107900342,130,31,99
107900343,41,0,41
107900344,0,38,-38
107900345,46,4,42
107900346,1,0,1
107900347,8,1,7
107900348,1,1,0
107900349,11,1,10
107900350,4,45,-41
107900351,29,7,22
107900352,0,30,-30
107900353,56,21,35
107900354,44,11,33
108000001,4606,2743,1863
108000002,918,832,86
108000003,2196,1103,1093
108000004,5163,5150,13
108000005,6464,2646,3818
108000006,1787,1521,266
108000007,5018,2005,3013
108000008,1600,1576,24
108000009,5760,2930,2830
108000010,1194,1510,-316
108000011,10422,7089,3333
108000012,4315,4801,-486
108000014,369,1043,-674
108000015,830,170,660
108000016,234,345,-111
108000017,1004,185,819
108000018,1513,456,1057
108000019,673,226,447
108000020,916,169,747
108000021,65,690,-625
108000022,164,194,-30
108000023,1771,270,1501
108000024,403,93,310
108000025,591,98,493
108000026,971,81,890
108000027,1173,100,1073
108000028,1001,109,892
108000029,856,139,717
108000030,391,93,298
108000031,127,278,-151
108000032,2840,430,2410
108000033,301,266,35
108000034,1655,409,1246
108000035,234,543,-309
108000036,177,257,-80
108000037,3026,222,2804
108000038,4732,214,4518
108000039,284,455,-171
108000040,2406,725,1681
108000041,184,576,-392
108000042,723,76,647
108000043,122,89,33
108000044,772,32,740
108000045,148,102,46
108000046,2579,91,2488
108000047,151,201,-50
108000048,43,64,-21
108000049,836,66,770
108000050,67,143,-76
108000051,300,277,23
108000052,59,159,-100
108000053,474,254,220
108000054,104,323,-219
108000055,986,288,698
108000056,456,543,-87
108000057,711,792,-81
108000058,1184,4568,-3384
108000059,893,606,287
108000060,303,687,-384
108000061,147,167,-20
108000062,1421,317,1104
108000063,366,171,195
108000064,272,109,163
108000065,493,189,304
108000066,1619,791,828
108000067,2746,702,2044
108000068,935,201,734
108000069,135,269,-134
108000070,2072,267,1805
108000071,202,367,-165
108000072,1078,300,778
108000073,262,236,26
108000074,756,302,454
108000075,84,110,-26
108000076,927,225,702
108000077,273,157,116
108000078,3186,399,2787
108000079,217,297,-80
108000080,2335,224,2111
108000081,331,439,-108
108000082,356,363,-7
108000083,2020,390,1630
108000084,91,381,-290
108000085,1375,259,1116
108000086,103,145,-42
108000087,104,2141,-2037
108000088,1316,271,1045
108000089,299,228,71
108000091,142,261,-119
108000092,689,115,574
108000093,416,253,163
108000094,1560,104,1456
108000095,222,166,56
108000096,962,196,766
108000097,185,269,-84
108000098,2876,727,2149
108000099,1056,184,872
108000100,195,335,-140
108000101,1154,695,459
108000102,844,2201,-1357
108000106,1151,0,1151
108000107,1,99,-98
108000108,660,58,602
108000109,0,184,-184
108000110,749,150,599
108000111,323,345,-22
108000112,42,98,-56
108000113,180,126,54
108000115,149,89,60
108000117,184,210,-26
108000118,146,1937,-1791
108000119,296,120,176
108000120,208,1002,-794
108000121,193,153,40
108000122,1026,209,817
108000123,647,83,564
108000124,294,120,174
108000125,856,92,764
108000126,399,95,304
108000127,869,152,717
108000128,1019,84,935
108000129,151,129,22
108000130,695,168,527
108000131,718,81,637
108000132,160,190,-30
108000133,1141,134,1007
108000134,222,172,50
108000135,1330,770,560
108000136,156,170,-14
108000137,597,101,496
108000138,301,239,62
108000139,661,116,545
108000140,901,0,901
108000141,20,19,1
108000142,32,35,-3
108000143,25,120,-95
108000144,1321,52,1269
108000145,64,7,57
108000146,1552,48,1504
108000147,38,12,26
108000148,1224,21,1203
108000149,8,1,7
108000150,48,22,26
108000151,6,9,-3
108000152,95,89,6
108000153,1747,95,1652
108000154,23,3,20
108000155,83,33,50
108000156,558,219,339
108000157,178,3229,-3051
108000158,17,915,-898
108000159,80,152,-72
108000160,1012,1551,-539
108000161,569,4626,-4057
108000165,0,466,-466
108000172,4,244,-240
108000173,292,2141,-1849
108000175,1091,86,1005
108000178,254,62,192
108000179,106,681,-575
108000181,89,11,78
108000182,49,26,23
108000183,6,53,-47
108000184,157,3991,-3834
108000185,252,36,216
108000186,569,57,512
108000187,146,76,70
108000188,1270,62,1208
108000189,530,16381,-15851
108000190,31,60,-29
108000192,209,80,129
108000193,163,15,148
108000194,9,5,4
108000195,2,321,-319
108000196,102,33,69
108000198,790,59,731
108000199,0,211,-211
108000200,1028,63,965
108000203,361,135,226
108000204,216,61,155
108000205,19,99,-80
108000339,391,218,173
108000364,85,293,-208
108000365,55,62,-7
108000367,54,35,19
108000368,0,48,-48
108000369,187,23,164
108000371,0,173,-173
108000372,898,10,888
108000373,186,52,134
108000376,318,17,301
108000377,1292,60,1232
108000378,6401,12334,-5933
108000379,12,130,-118
108000381,249,24,225
108000382,79,0,79
108000383,0,134,-134
108900001,11,108,-97
108900002,173,27,146
108900003,22,114,-92
108900004,36,334,-298
108900007,374,72,302
108900008,171,30,141
108900009,117,206,-89
108900010,548,58,490
108900011,1050,130,920
108900012,461,171,290
108900013,82,161,-79
108900014,35,44,-9
108900015,4,28,-24
108900016,0,37,-37
108900017,62,221,-159
108900018,70,110,-40
108900019,22,191,-169
108900020,63,48,15
108900021,60,48,12
108900022,48,2,46
108900023,50,53,-3
108900024,28,7,21
108900025,321,14,307
108900026,14,9,5
108900027,0,23,-23
108900028,105,44,61
108900029,29,61,-32
108900030,0,2,-2
108900031,132,48,84
108900032,1,37,-36
108900033,0,6,-6
108900034,1,20,-19
108900035,119,208,-89
108900038,0,62,-62
108900039,1,54,-53
108900040,11,22,-11
108900041,2436,2343,93
108900042,0,193,-193
108900043,4,298,-294
108900044,0,53,-53
108900045,59,25,34
108900046,4,90,-86
108900047,47,41,6
108900048,52,142,-90
108900049,491,3003,-2512
108900050,5,66,-61
108900051,4,13,-9
108900052,36,22,14
108900053,90,669,-579
108900054,29,28,1
108900055,14,57,-43
108900056,0,10,-10
108900057,0,14,-14
108900058,20,50,-30
108900059,1753,47,1706
108900060,78,78,0
108900061,12,4,8
108900062,3,36,-33
108900063,38,33,5
108900064,564,0,564
108900065,12,60,-48
108900066,527,14,513
108900067,0,50,-50
108900068,24,58,-34
108900069,91,11,80
108900070,0,18,-18
108900071,169,15,154
108900072,816,112,704
108900073,23,141,-118
108900074,503,60,443
108900075,1,6,-5
108900076,691,11,680
108900077,14,122,-108
108900078,91,9,82
108900079,92,29,63
108900080,3,971,-968
108900081,9,71,-62
108900082,67,5,62
108900083,6,195,-189
108900085,659,68,591
108900086,297,33,264
108900087,45,76,-31
108900088,360,406,-46
108900089,41,93,-52
108900090,72,25,47
108900091,76,18,58
108900092,237,274,-37
108900093,50,23,27
108900094,238,42,196
108900095,3,42,-39
108900096,126,9,117
108900097,219,51,168
108900098,484,1080,-596
108900099,513,40,473
108900100,58,21,37
108900101,236,442,-206
108900102,2,1616,-1614
108900103,244,179,65
108900105,5,2636,-2631
108900106,513,31,482
108900108,165,17,148
108900109,1452,69,1383
108900110,133,36,97
108900111,408,55,353
108900113,99,37,62
108900114,449,19,430
108900115,205,158,47
108900116,52,4,48
108900117,444,9,435
108900118,1240,11,1229
108900119,532,14,518
108900120,481,175,306
108900121,247,49,198
108900122,421,23,398
108900123,494,51,443
108900124,1263,96,1167
108900125,1058,17,1041
108900126,269,47,222
108900127,351,6,345
108900128,242,31,211
108900129,1973,89,1884
108900130,949,2,947
108900131,806,2,804
108900132,677,29,648
108900133,392,11,381
108900134,848,63,785
108900135,532,8,524
108900136,9,0,9
108900137,315,0,315
108900138,962,32,930
108900140,1091,27,1064
108900141,713,4,709
108900142,54,15,39
108900143,181,0,181
108900144,206,0,206
108900145,434,7,427
108900146,138,0,138
108900147,511,1,510
108900148,99,35,64
108900150,183,2,181
108900151,35,1,34
108900152,153,2,151
108900153,381,47,334
108900154,6661,182,6479
108900156,247,0,247
108900157,24,80,-56
108900158,743,12,731
108900159,101,58,43
108900160,17,99,-82
108900161,3,121,-118
108900162,298,0,298
108900163,6,431,-425
108900164,77,26,51
108900168,1746,1702,44
108900169,35,57,-22
108900171,1556,3517,-1961
108900172,108,33,75
108900173,24,117,-93
108900174,827,132,695
108900176,42,146,-104
108900177,1262,10350,-9088
108900178,589,5189,-4600
108900180,73,82,-9
108900183,112,38,74
108900184,298,41,257
108900185,26,74,-48
108900186,21,106,-85
108900189,598,28,570
108900190,25,468,-443
108900192,69,47,22
108900195,54,42,12
108900196,1,127,-126
108900199,176,134,42
108900200,622,354,268
108900201,175,412,-237
108900203,458,73,385
108900204,496,2,494
108900205,337,14,323
108900206,484,64,420
108900207,280,383,-103
108900208,3,111,-108
108900209,54,131,-77
108900210,35,44,-9
108900211,87,563,-476
108900212,39,2104,-2065
108900215,14,162,-148
108900216,82,683,-601
108900217,78,2,76
108900218,35,12,23
108900221,31,24,7
108900224,4,40,-36
108900225,0,66,-66
108900227,256,206,50
108900230,26,50,-24
108900232,3,53,-50
108900233,403,121,282
108900234,372,142,230
108900235,25,102,-77
108900236,6,131,-125
108900240,93,18,75
108900241,88,23,65
108900245,5,1761,-1756
108900250,175,18,157
108900258,6,30,-24
108900259,1,3,-2
108900260,15,6,9
108900261,13,4,9
108900262,34,37,-3
108900263,20,102,-82
108900264,49,80,-31
108900265,207,378,-171
108900266,83,1719,-1636
108900267,0,466,-466
108900268,21,29,-8
108900269,187,12,175
108900270,209,4,205
108900271,103,4,99
108900272,412,6,406
108900273,104,348,-244
108900274,127,7,120
109000001,3790,4498,-708
109000002,521,3552,-3031
109000003,3477,260,3217
109000004,796,1366,-570
109000005,2323,295,2028
109000006,996,630,366
109000007,2369,434,1935
109000008,1133,728,405
109000009,3648,788,2860
109000010,741,1146,-405
109000011,6556,1322,5234
109000012,1236,1260,-24
109000013,6062,5364,698
109000014,1304,706,598
109000015,3826,17938,-14112
109000016,2140,905,1235
109000017,3920,772,3148
109000018,980,911,69
109000019,2930,1070,1860
109000020,1113,924,189
109000023,281,10,271
109000024,2,109,-107
109000025,127,671,-544
109000026,385,195,190
109000027,53,396,-343
109000028,96,23,73
109000029,33,353,-320
109000030,10,237,-227
109000031,486,30,456
109000032,60,215,-155
109000033,760,133,627
109000034,17,39,-22
109000035,11,25,-14
109000036,52,195,-143
109000037,381,4320,-3939
109000038,153,114,39
109000039,1165,558,607
109000040,1543,14706,-13163
109000041,759,3092,-2333
109000042,666,2106,-1440
109000044,670,62,608
109000045,292,106,186
109000046,484,28,456
109000047,74,161,-87
109000048,254,373,-119
109000049,95,279,-184
109000050,275,202,73
109000051,159,61,98
109000052,270,289,-19
109000053,4202,109,4093
109000054,57,187,-130
109000055,272,136,136
109000056,173,105,68
109000057,1140,448,692
109000058,170,67,103
109000059,66,1062,-996
109000060,159,504,-345
109000061,164,1585,-1421
109000062,104,336,-232
109000063,143,26,117
109000064,734,36,698
109000065,387,66,321
109000066,497,28,469
109000067,62,51,11
109000068,423,5,418
109000069,463,31,432
109000070,6,587,-581
109000071,263,30,233
109000072,50,188,-138
109000073,129,25,104
109000074,9,101,-92
109000075,81,110,-29
109000076,126,320,-194
109000077,217,77,140
109000078,140,90,50
109000079,79,29,50
109000080,418,43,375
109000081,179,166,13
109000082,994,83,911
109000083,175,156,19
109000088,178,106,72
109000089,315,80,235
109000090,87,149,-62
109000091,705,38,667
109000092,55,101,-46
109000093,386,68,318
109000094,1447,9,1438
109000095,196,125,71
109000096,1323,114,1209
109000097,53,56,-3
109000098,39,61,-22
109000099,756,101,655
109000100,478,206,272
109000101,2221,155,2066
109000102,601,155,446
109000103,2257,237,2020
109000104,3478,112,3366
109000105,456,247,209
109000106,2140,184,1956
109000107,378,446,-68
109000108,2930,310,2620
109000109,342,395,-53
109000110,1508,232,1276
109000111,460,593,-133
109000112,149,57,92
109000113,209,124,85
109000114,45,141,-96
109000115,628,28,600
109000116,23,534,-511
109000117,235,12,223
109000118,3,143,-140
109000119,2765,39,2726
109000120,652,166,486
109000121,1455,13,1442
109000122,533,138,395
109000123,121,75,46
109000124,1288,177,1111
109000125,892,102,790
109000126,511,133,378
109000127,3343,119,3224
109000128,543,240,303
109000129,4416,222,4194
109000130,277,349,-72
109000131,2046,933,1113
109000132,254,658,-404
109000133,98,262,-164
109000134,365,349,16
109000135,311,429,-118
109000136,167,174,-7
109000137,394,164,230
109000138,242,83,159
109000139,598,196,402
109000140,89,151,-62
109000141,1445,171,1274
109000142,84,238,-154
109000143,133,39,94
109000145,50,238,-188
109000146,58,34,24
109000148,903,1340,-437
109000149,12,75,-63
109000150,58,105,-47
109000155,1102,780,322
109000156,701,141,560
109000158,26,176,-150
109000159,93,197,-104
109000160,2034,88,1946
109000161,961,540,421
109000162,2638,190,2448
109000163,1450,382,1068
109000164,1758,696,1062
109000165,1623,267,1356
109000166,1375,64,1311
109000167,106,135,-29
109000170,33,12,21
109000171,131,5,126
109000172,2,71,-69
109000173,4,173,-169
109000174,377,17,360
109000175,96,138,-42
109000176,564,75,489
109000177,16,41,-25
109000178,1433,115,1318
109000179,1501,7105,-5604
109000180,1726,2905,-1179
109000181,48,3,45
109000182,36,4,32
109000183,82,0,82
109000184,82,14,68
109000185,26,7,19
109000188,117,487,-370
109000189,3905,338,3567
109000190,912,156,756
109000191,200,369,-169
109000192,831,53,778
109000193,239,90,149
109000194,400,20,380
109000195,265,35,230
109000196,238,22,216
109000197,240,115,125
109000198,410,36,374
109000199,146,141,5
109000206,160,14,146
109000207,290,6,284
109000208,111,82,29
109000209,101,52,49
109000210,67,210,-143
109000211,2107,208,1899
109000214,322,186,136
109000215,108,14,94
109000216,406,415,-9
109000217,59,40,19
109000218,354,153,201
109000221,152,233,-81
109000222,607,93,514
109000223,718,350,368
109000224,164,50,114
109000225,362,7,355
109000226,100,48,52
109000227,2645,186,2459
109000228,0,197,-197
109000231,2,29,-27
109000232,1189,82,1107
109000236,138,241,-103
109000241,1637,396,1241
109000242,1378,183,1195
109000293,136,90,46
109000361,283,122,161
109000364,27,119,-92
109000396,3,97,-94
109000397,793,14,779
109000399,63,160,-97
109000400,85,60,25
109000403,16,2216,-2200
109000406,1023,1,1022
109000407,109,51,58
109000408,1,171,-170
109000410,645,140,505
109000411,401,15,386
109000412,0,29,-29
109900001,213,0,213
109900002,1240,15,1225
109900003,1010,0,1010
109900005,27,2,25
109900006,773,67,706
109900007,2088,72,2016
109900008,0,8,-8
109900009,73,147,-74
109900010,1011,35,976
109900011,7,17,-10
109900012,471,101,370
109900013,526,51,475
109900014,187,105,82
109900015,89,24,65
109900016,129,4,125
109900017,229,62,167
109900018,172,26,146
109900019,75,31,44
109900020,39,35,4
109900021,19,2,17
109900022,184,45,139
109900023,18,3,15
109900024,10,0,10
109900025,5,4,1
109900027,3,15,-12
109900028,271,3635,-3364
109900029,0,96,-96
109900030,58,12,46
109900031,4,703,-699
109900032,1,72,-71
109900033,1,136,-135
109900034,6,11,-5
109900035,221,200,21
109900036,2,4,-2
109900037,9,160,-151
109900038,65,66,-1
109900039,3,0,3
109900040,23,93,-70
109900041,9,74,-65
109900042,43,151,-108
109900044,75,70,5
109900045,130,9,121
109900046,264,21,243
109900047,94,96,-2
109900048,6,44,-38
109900049,41,17,24
109900050,1,7,-6
109900051,0,2,-2
109900052,67,35,32
109900053,0,18,-18
109900054,1588,48,1540
109900055,227,37,190
109900056,5,133,-128
109900057,1,61,-60
109900058,0,31,-31
109900060,1372,30,1342
109900061,55,42,13
109900062,0,65,-65
109900064,818,43,775
109900065,23,31,-8
109900066,42,193,-151
109900067,1,55,-54
109900068,111,2,109
109900069,0,6,-6
109900071,0,8,-8
109900072,19,30,-11
109900073,737,93,644
109900074,1,26,-25
109900075,54,13,41
109900076,37,40,-3
109900077,7,22,-15
109900078,14,32,-18
109900080,73,35,38
109900081,0,114,-114
109900082,55,64,-9
109900083,8,10,-2
109900084,35,122,-87
109900085,79,98,-19
109900086,104,1757,-1653
109900087,9,189,-180
109900089,706,122,584
109900092,192,38,154
109900093,1429,116,1313
109900094,87,38,49
109900095,45,78,-33
109900096,225,2,223
109900097,294,3,291
109900098,928,11,917
109900099,778,2,776
109900100,127,0,127
109900101,1304,4,1300
109900102,577,21,556
109900103,58,83,-25
109900104,1782,58,1724
109900105,685,14,671
109900106,423,19,404
109900107,627,16,611
109900108,59,52,7
109900109,19,20,-1
109900111,19,187,-168
109900114,265,1012,-747
109900115,247,33,214
109900117,2121,60,2061
109900121,79,60,19
109900123,26,33,-7
109900125,0,42,-42
109900126,619,8,611
109900130,1509,4718,-3209
109900131,20,30,-10
109900132,1,32,-31
109900134,17,43,-26
109900135,153,41,112
109900137,290,99,191
109900140,157,29,128
109900149,6,17,-11
109900150,0,11,-11
109900151,3,0,3
109900152,0,11,-11
109900153,0,32,-32
109900154,8,0,8
109900155,38,40,-2
109900157,18,64,-46
109900159,74,4,70
109900161,379,6,373
109900162,179,21,158
109900163,197,46,151
109900164,44,105,-61
109900165,352,1,351
109900166,1,32,-31
109900167,195,135,60
109900168,59,236,-177
109900169,203,137,66
109900170,214,1804,-1590
109900171,461,62,399
109900172,366,415,-49
109900173,505,2222,-1717
109900174,15,69,-54
109900175,62,58,4
109900176,76,36,40
109900177,22,13,9
109900178,2,103,-101
109900179,3,4,-1
109900180,1,1,0
110000001,379,161,218
110000002,530,330,200
110000003,389,361,28
110000004,223,344,-121
110000005,120,2611,-2491
110000006,312,200,112
110000007,80,19,61
110000008,5,383,-378
110000009,22,18,4
110000010,67,142,-75
110000011,45,27,18
110000012,233,122,111
110000013,49,699,-650
110000014,550,365,185
110000015,114,646,-532
110000016,252,1805,-1553
110000017,1683,177,1506
110000018,1596,251,1345
110000019,25,44,-19
110000020,1002,400,602
110000021,150,69,81
110000022,1218,79,1139
110000023,1,64,-63
110000024,222,96,126
110000025,1935,4,1931
110000026,3,160,-157
110000027,533,1325,-792
110000028,1323,211,1112
110000029,190,271,-81
110000030,432,456,-24
110000031,198,141,57
110000032,1281,73,1208
110000033,117,82,35
110000034,1101,304,797
110000035,415,291,124
110000036,2074,284,1790
110000037,132,141,-9
110000038,350,860,-510
110000039,742,8443,-7701
110000040,206,295,-89
110000041,415,3173,-2758
110000042,46,361,-315
110000043,773,233,540
110000044,2,384,-382
110000045,112,67,45
110000046,5,153,-148
110000047,7,11,-4
110000048,0,172,-172
110000049,1,15,-14
110000050,4,120,-116
110000051,36,24,12
110000052,59,29,30
110000053,19,6,13
110000054,34,287,-253
110000055,60,68,-8
110000056,38,84,-46
110000057,150,203,-53
110000058,538,228,310
110000059,462,306,156
110000060,1253,517,736
110000061,220,229,-9
110000062,420,433,-13
110000063,67,478,-411
110000064,41,13,28
110000065,242,244,-2
110000066,59,4,55
110000067,21,25,-4
110000068,279,14,265
110000069,985,10,975
110000071,1367,15,1352
110000073,57,7,50
110000075,77,18,59
110000076,494,576,-82
110000077,171,1721,-1550
110000078,109,6,103
110000080,192,173,19
110000081,17,155,-138
110000082,27,235,-208
110000083,190,179,11
110000084,1556,693,863
110000085,405,453,-48
110000086,446,1705,-1259
110000087,44,17,27
110000088,226,100,126
110000089,488,59,429
110000090,215,74,141
110000091,426,75,351
110000092,26,21,5
110000093,16,20,-4
110000094,393,79,314
110000095,85,597,-512
110000096,659,2696,-2037
110000097,575,1629,-1054
110000098,1331,281,1050
110000099,1074,1285,-211
110000100,2584,134,2450
110000101,254,74,180
110000102,67,52,15
110000104,280,97,183
110000105,55,75,-20
110000106,204,427,-223
110000107,107,142,-35
110000108,108,195,-87
110000109,132,126,6
110000110,853,2329,-1476
110000111,1995,2458,-463
110000112,100,966,-866
110000113,65,3519,-3454
110000114,839,761,78
110000115,1072,121,951
110000116,104,29,75
110000117,607,88,519
110000118,1024,97,927
110000119,831,64,767
110000120,422,77,345
110000121,70,417,-347
110000122,174,90,84
110000123,497,90,407
110000124,1,271,-270
110000125,488,1,487
110000126,155,6,149
110000127,767,11,756
110000128,5,256,-251
110000129,9,120,-111
110000130,199,81,118
110000131,34,99,-65
110000132,1,93,-92
110000133,11,387,-376
110000134,22,348,-326
110000135,217,19,198
110000136,45,75,-30
110000137,850,113,737
110000138,799,131,668
110000139,1698,190,1508
110000140,619,330,289
110000143,226,224,2
110000144,1065,970,95
110000145,1427,1042,385
110000146,795,381,414
110000147,206,659,-453
110000148,1011,139,872
110000151,416,660,-244
110000152,210,382,-172
110000153,414,16,398
110000154,27,86,-59
110000155,202,1010,-808
110000156,610,578,32
110000157,653,1742,-1089
110000160,274,137,137
110000161,112,95,17
110000166,1182,51,1131
110000167,1931,617,1314
110000168,444,887,-443
110000169,587,177,410
110000170,130,37,93
110000171,330,35,295
110000172,368,215,153
110000173,309,328,-19
110000174,157,169,-12
110000175,1667,54,1613
110000176,60,861,-801
110000177,184,2498,-2314
110000178,291,3833,-3542
110000179,462,234,228
110000180,462,225,237
110000181,1441,182,1259
110000182,126,86,40
110000183,3024,7210,-4186
110000184,158,3549,-3391
110000185,314,603,-289
110000186,321,1576,-1255
110000191,1593,43,1550
110000192,1100,17,1083
110000193,1676,9,1667
110000194,0,192,-192
110000195,769,67,702
110000196,675,68,607
110000197,125,45,80
110000198,65,26,39
110000199,44,57,-13
110000200,300,191,109
110000201,1059,878,181
110000202,1170,383,787
110000203,120,149,-29
110000204,0,67,-67
110000205,485,34,451
110000206,192,175,17
110000207,2109,125,1984
110000208,132,270,-138
110000209,24,109,-85
110000210,1651,224,1427
110000211,852,266,586
110000212,461,1603,-1142
110000213,551,12,539
110000214,599,36,563
110000215,145,50,95
110000216,157,70,87
110000217,778,80,698
110000218,342,49,293
110000219,681,30,651
110000220,23,62,-39
110000221,701,7,694
110000222,63,77,-14
110000223,24,69,-45
110000224,1,6,-5
110000225,138,455,-317
110000226,288,22,266
110000227,351,567,-216
110000228,303,37,266
110000229,0,81,-81
110000230,561,375,186
110000231,368,512,-144
110000232,156,83,73
110000233,88,226,-138
110000234,257,146,111
110000235,470,488,-18
110000236,831,245,586
110000237,2646,870,1776
110000238,672,530,142
110000239,2137,498,1639
110000240,1,22,-21
110000242,1,3,-2
110000243,340,41,299
110000244,25,48,-23
110000245,5,129,-124
110000246,1465,165,1300
110000247,1058,1013,45
110000248,734,809,-75
110000249,164,7,157
110000250,2,114,-112
110000251,522,156,366
110000252,636,88,548
110000253,2373,267,2106
110000254,854,224,630
110000255,177,289,-112
110000256,537,76,461
110000257,304,130,174
110000258,1,197,-196
110000259,586,13,573
110000260,131,37,94
110000263,884,17,867
110000264,959,127,832
110000265,1052,977,75
110000266,724,1014,-290
110000267,10,33,-23
110000268,174,78,96
110000269,1,21,-20
110000270,83,0,83
110000271,1105,101,1004
110000272,618,576,42
110000273,575,322,253
110000274,115,4365,-4250
110000275,731,641,90
110000276,251,1081,-830
110000277,466,114,352
110000278,349,298,51
110000279,840,200,640
110000280,882,122,760
110000281,110,70,40
110000282,124,4,120
110000283,6,31,-25
110000284,14,3,11
110000285,0,59,-59
110000286,19,0,19
110000287,64,5,59
110000288,1,16,-15
110000289,336,3172,-2836
110000290,162,806,-644
110000291,1452,682,770
110000292,338,9801,-9463
110000293,641,144,497
110000294,1998,2600,-602
110000295,119,205,-86
110000296,975,120,855
110000297,3271,151,3120
110000298,58,177,-119
110000299,181,31,150
110000301,506,33,473
110000302,707,361,346
110000303,1173,1,1172
110000304,269,123,146
110000305,2119,18,2101
110000306,560,445,115
110000307,3728,1,3727
110000308,476,3,473
110000309,1,275,-274
110000310,1237,11,1226
110000311,2,213,-211
110000312,567,41,526
110000313,2656,1326,1330
110000314,2,64,-62
110000315,753,818,-65
110000316,299,639,-340
110000317,80,311,-231
110000318,1,25,-24
110000319,13,8,5
110000320,40,46,-6
110000321,79,25,54
110000322,173,145,28
110000323,1103,113,990
110000324,1372,941,431
110000325,1064,5820,-4756
110000327,325,114,211
110000328,46,184,-138
110000333,1103,1490,-387
110000334,198,775,-577
110000335,668,190,478
110000336,403,443,-40
110000337,1835,250,1585
110000338,555,153,402
110000339,611,89,522
110000340,21,91,-70
110000341,672,116,556
110000342,21,0,21
110000343,0,4,-4
110000344,14,135,-121
110000345,110,156,-46
110000346,920,1251,-331
110000347,971,270,701
110000348,16,6,10
110000349,12,5,7
110000350,81,0,81
110000351,1508,258,1250
110000352,454,1848,-1394
110000353,1803,220,1583
110000354,604,4510,-3906
110000355,278,33,245
110000356,155,9,146
110000357,1058,11,1047
110000361,39,11,28
110000362,374,10,364
110000363,981,40,941
110000364,408,138,270
110000365,104,0,104
110000366,0,63,-63
110000367,677,51,626
110000368,7,32,-25
110000369,64,1,63
110000373,0,169,-169
110000374,99,61,38
110000375,64,795,-731
110000376,9,32,-23
110000377,80,192,-112
110000378,3,338,-335
110000379,702,3280,-2578
110000380,164,10,154
110000383,0,442,-442
110000384,781,122,659
110000385,0,49,-49
110000387,272,3,269
110000388,46,99,-53
110000389,568,3,565
110000391,1045,145,900
110000396,333,18,315
110000397,104,19,85
110000398,16,4,12
110000399,242,0,242
110000587,223,61,162
110000589,228,27,201
110000640,109,3,106
110000652,1,195,-194
110000653,467,74,393
110000654,0,194,-194
110000656,0,123,-123
110000674,42,9,33
110000675,8,16,-8
110000676,0,9,-9
110000679,34,912,-878
110000682,209,257,-48
110000683,260,101,159
110000684,2,7,-5
110000685,1,11,-10
110000686,0,111,-111
110000687,5,0,5
110000688,34,1805,-1771
110000689,53,2,51
110000692,8,87,-79
110000693,18,330,-312
110000694,2,59,-57
110000695,136,323,-187
110000696,29,8,21
110000698,36,305,-269
110000699,89,152,-63
110900001,354,20,334
110900002,290,42,248
110900003,2702,78,2624
110900004,690,22,668
110900005,695,5869,-5174
110900006,97,68,29
110900007,344,167,177
110900008,8,23,-15
110900009,332,1101,-769
110900010,0,5,-5
110900011,18,32,-14
110900012,4,22,-18
110900013,1290,51,1239
110900014,770,1,769
110900015,165,369,-204
110900016,115,31,84
110900017,766,15,751
110900018,413,9,404
110900019,930,14,916
110900020,406,26,380
110900021,144,130,14
110900022,44,49,-5
110900023,11,95,-84
110900024,176,43,133
110900025,14,17,-3
110900027,22,29,-7
110900028,5,49,-44
110900029,12,45,-33
110900030,22,27,-5
110900031,3,67,-64
110900032,0,19,-19
110900033,5,67,-62
110900035,3,355,-352
110900036,256,2,254
110900037,162,2,160
110900038,180,56,124
110900039,1,151,-150
110900040,232,3,229
110900041,4,17,-13
110900042,76,25,51
110900043,0,10,-10
110900044,67,13,54
110900045,130,128,2
110900046,2,113,-111
110900047,109,472,-363
110900049,227,30,197
110900050,28,0,28
110900052,2,68,-66
110900053,160,7,153
110900054,19,49,-30
110900055,21,0,21
110900056,26,41,-15
110900057,3,50,-47
110900058,335,29,306
110900059,259,88,171
110900060,304,28,276
110900061,5,11,-6
110900062,205,56,149
110900063,18,44,-26
110900064,8,0,8
110900065,33,57,-24
110900066,5,19,-14
110900067,56,525,-469
110900068,100,35,65
110900069,2,4,-2
110900070,59,31,28
110900071,52,1290,-1238
110900073,0,2,-2
110900074,1123,102,1021
110900075,877,64,813
110900077,2040,215,1825
110900078,241,23,218
110900079,655,435,220
110900080,187,26,161
110900081,40,10,30
110900082,191,41,150
110900083,163,16,147
110900084,243,22,221
110900085,5,36,-31
110900086,66,236,-170
110900087,392,33,359
110900088,1,0,1
110900090,27,88,-61
110900091,0,12,-12
110900093,216,27,189
110900095,21,3,18
110900097,31,14,17
110900098,4,12,-8
110900099,8,76,-68
110900100,0,1,-1
110900102,36,2,34
110900105,258,22,236
110900108,30,9,21
110900111,219,35,184
110900112,431,0,431
110900113,180,172,8
110900115,0,19,-19
110900116,2316,356,1960
110900118,37,5341,-5304
110900119,792,57,735
110900120,355,77,278
110900121,79,0,79
110900122,528,98,430
110900125,276,1142,-866
110900127,105,701,-596
110900128,61,303,-242
110900129,57,747,-690
110900130,181,254,-73
110900131,406,4,402
110900132,750,9,741
110900133,45,81,-36
110900135,14,67,-53
110900136,480,15,465
110900139,4,0,4
110900140,0,0,0
110900141,279,93,186
110900142,40,45,-5
110900143,407,13,394
110900144,0,109,-109
110900145,233,121,112
110900146,74,373,-299
110900147,19,142,-123
110900148,0,47,-47
110900149,3,4,-1
110900150,32,4,28
110900151,0,30,-30
110900152,29,12,17
110900153,270,12,258
111000001,2071,839,1232
111000002,652,352,300
111000003,3888,1261,2627
111000004,654,686,-32
111000005,1988,1899,89
111000006,519,1548,-1029
111000007,3311,6970,-3659
111000008,2009,3861,-1852
111000009,349,686,-337
111000010,1274,350,924
111000011,167,586,-419
111000012,355,417,-62
111000013,531,1037,-506
111000014,2558,304,2254
111000017,10,614,-604
111000018,73,238,-165
111000020,182,579,-397
111000021,12,49,-37
111000023,114,82,32
111000025,1653,4325,-2672
111000029,60,64,-4
111000030,15,37,-22
111000031,1047,257,790
111000032,454,73,381
111000033,129,73,56
111000034,29,125,-96
111000037,639,245,394
111000038,1539,866,673
111000039,1349,654,695
111000040,1032,606,426
111000041,208,247,-39
111000042,1176,1935,-759
111000043,1362,7052,-5690
111000044,1726,322,1404
111000045,3268,889,2379
111000046,2560,831,1729
111000047,2550,5871,-3321
111000049,250,216,34
111000050,577,338,239
111000051,490,324,166
111000052,378,696,-318
111000053,187,254,-67
111000054,201,373,-172
111000055,385,520,-135
111000056,266,135,131
111000057,149,143,6
111000058,1136,20,1116
111000059,713,250,463
111000060,5994,747,5247
111000061,1005,162,843
111000062,1169,446,723
111000063,967,1016,-49
111000064,928,327,601
111000065,1131,366,765
111000066,1113,213,900
111000067,1438,132,1306
111000068,1116,208,908
111000069,767,919,-152
111000070,565,174,391
111000071,23,84,-61
111000072,1645,651,994
111000073,199,2250,-2051
111000074,1152,740,412
111000075,610,223,387
111000076,737,257,480
111000077,915,461,454
111000078,1147,806,341
111000079,624,456,168
111000080,672,260,412
111000081,1190,6807,-5617
111000082,1060,221,839
111000084,830,209,621
111000085,836,567,269
111000086,1072,634,438
111000087,688,272,416
111000088,1979,5235,-3256
111000089,718,430,288
111000090,256,456,-200
111000091,571,182,389
111000092,2509,327,2182
111000093,1260,824,436
111000094,1726,980,746
111000095,1087,3003,-1916
111000096,523,7737,-7214
111000097,1315,441,874
111000098,142,276,-134
111000099,279,608,-329
111000100,349,331,18
111000101,180,219,-39
111000102,273,163,110
111000104,1144,51,1093
111000107,78,199,-121
111000109,1147,91,1056
111000110,1410,275,1135
111000111,4403,97,4306
111000112,3001,168,2833
111000113,652,3056,-2404
111000114,804,6325,-5521
111000115,1537,440,1097
111000116,546,328,218
111000117,182,391,-209
111000118,603,341,262
111000119,1796,292,1504
111000120,858,525,333
111000121,259,662,-403
111000122,251,208,43
111000123,796,520,276
111000124,76,724,-648
111000125,174,264,-90
111000126,61,176,-115
111000127,1546,47,1499
111000128,4069,163,3906
111000129,4209,165,4044
111000130,3657,178,3479
111000131,3472,189,3283
111000132,2979,2612,367
111000133,208,17,191
111000134,120,34,86
111000135,112,109,3
111000136,402,79,323
111000138,87,0,87
111000140,0,1,-1
111000141,166,185,-19
111000142,11,23,-12
111000143,0,175,-175
111000144,2,317,-315
111000145,23,2,21
111000146,172,3,169
111000147,68,20,48
111000148,99,46,53
111000149,2,39,-37
111000150,125,2,123
111000151,2,13,-11
111000153,215,135,80
111000154,213,51,162
111000155,92,63,29
111000156,378,188,190
111000157,153,288,-135
111000158,669,299,370
111000159,1578,442,1136
111000160,367,76,291
111000161,3,147,-144
111000162,1,46,-45
111000163,1058,600,458
111000164,309,2225,-1916
111000165,497,117,380
111000166,161,59,102
111000167,112,195,-83
111000168,126,161,-35
111000169,253,123,130
111000170,111,108,3
111000171,268,245,23
111000172,153,195,-42
111000173,223,301,-78
111000174,441,75,366
111000175,21,107,-86
111000176,1157,36,1121
111000177,1457,85,1372
111000178,2546,94,2452
111000179,568,25,543
111000180,214,182,32
111000181,2486,80,2406
111000182,240,88,152
111000183,320,189,131
111000184,373,60,313
111000185,215,107,108
111000186,128,176,-48
111000187,172,44,128
111000188,390,151,239
111000189,129,129,0
111000190,145,75,70
111000191,122,75,47
111000192,144,137,7
111000193,193,114,79
111000194,37,101,-64
111000195,80,47,33
111000196,78,26,52
111000197,1175,69,1106
111000198,831,21,810
111000199,603,472,131
111000200,1077,853,224
111000201,1380,49,1331
111000202,567,76,491
111000203,569,246,323
111000204,250,2036,-1786
111000213,316,237,79
111000214,1222,442,780
111000215,1025,364,661
111000217,1468,115,1353
111000218,2392,356,2036
111000219,174,59,115
111000220,410,417,-7
111000221,138,21,117
111000224,51,162,-111
111000225,516,433,83
111000226,58,2,56
111000227,23,0,23
111000228,20,697,-677
111000229,8,1788,-1780
111000230,80,59,21
111000231,708,89,619
111000232,876,295,581
111000233,2517,271,2246
111000234,316,413,-97
111000239,49,15,34
111000240,73,666,-593
111000241,66,88,-22
111000242,370,17,353
111000243,271,164,107
111000244,1438,40,1398
111000245,411,125,286
111000246,700,70,630
111000247,628,124,504
111000248,736,114,622
111000249,372,97,275
111000250,81,20,61
111000251,71,47,24
111000253,26,22,4
111000255,88,5,83
111000257,90,5,85
111000260,28,333,-305
111000261,2528,37,2491
111000271,35,108,-73
111000273,1885,646,1239
111000274,895,2635,-1740
111000275,193,15,178
111000276,104,307,-203
111000277,212,110,102
111000278,238,86,152
111000291,1952,15183,-13231
111000298,441,83,358
111000299,858,65,793
111000300,35,187,-152
111000302,480,18,462
111000303,67,88,-21
111000312,39,29,10
111000315,3,108,-105
111000320,254,115,139
111000321,458,116,342
111000322,614,94,520
111000323,470,29,441
111000324,153,49,104
111000325,24,5,19
111000326,74,105,-31
111000327,303,164,139
111000328,380,512,-132
111000329,0,16,-16
111000330,265,4,261
111000331,48,1,47
111000332,201,402,-201
111000334,88,487,-399
111000335,1826,121,1705
111000337,3362,109,3253
111000338,189,11,178
111000339,1225,65,1160
111000340,51,234,-183
111000341,2481,1559,922
111000342,67,418,-351
111000344,1197,196,1001
111000345,38,72,-34
111000346,37,48,-11
111000347,305,2,303
111000350,108,69,39
111000351,70,195,-125
111000352,137,31,106
111000353,196,81,115
111000354,561,70,491
111000355,312,166,146
111000358,107,195,-88
111000360,217,87,130
111000361,234,54,180
111000546,1435,121,1314
111000547,498,46,452
111000548,294,121,173
111000549,260,41,219
111000550,7,1373,-1366
111000551,192,33,159
111000552,391,139,252
111000907,3558,33,3525
111000908,77,1,76
111000916,3518,105,3413
111000917,61,243,-182
111000918,167,171,-4
111000920,1311,4,1307
111000921,0,62,-62
111000922,1662,48,1614
111000924,34,153,-119
111000925,5689,2023,3666
111000926,1124,640,484
111000927,1686,4574,-2888
111000928,2217,806,1411
111000929,1933,345,1588
111000930,1143,701,442
111000931,1678,651,1027
111000932,1261,525,736
111000933,2582,2432,150
111000934,609,619,-10
111000935,3460,895,2565
111000936,747,509,238
111000937,1410,983,427
111000938,538,454,84
111000939,1094,15,1079
111000940,1510,21,1489
111000941,556,85,471
111000943,979,64,915
111000944,176,60,116
111000945,387,236,151
111001109,348,863,-515
111001110,86,82,4
111001111,235,1,234
111001112,56,4,52
111001113,0,159,-159
111001114,571,135,436
111001115,8,772,-764
111001116,1157,8499,-7342
111001117,278,3518,-3240
111001120,131,55,76
111001121,77,55,22
111001122,475,101,374
111001123,781,61,720
111001124,236,52,184
111001125,45,1230,-1185
111001126,4,0,4
111001127,0,18,-18
111001128,1766,248,1518
111001129,3,1316,-1313
111900001,0,21,-21
111900002,1,48,-47
111900003,1,66,-65
111900004,0,54,-54
111900006,34,116,-82
111900007,518,5,513
111900008,728,0,728
111900009,553,0,553
111900010,19,60,-41
111900012,19,17,2
111900013,8,6,2
111900014,694,7785,-7091
111900015,0,3,-3
111900016,0,24,-24
111900017,0,15,-15
111900018,256,3,253
111900019,0,88,-88
111900020,0,24,-24
111900021,0,25,-25
111900022,20,18,2
111900023,54,14,40
111900024,728,107,621
111900025,0,49,-49
111900026,0,50,-50
111900027,0,19,-19
111900028,5,52,-47
111900029,0,11,-11
111900030,8,99,-91
111900032,0,56,-56
111900033,2,14,-12
111900034,16,88,-72
111900035,95,204,-109
111900036,0,29,-29
111900038,13,124,-111
111900039,11,70,-59
111900040,1,43,-42
111900042,5,14,-9
111900043,0,90,-90
111900044,26,61,-35
111900046,8,14,-6
111900048,675,44,631
111900049,2,32,-30
111900050,271,11,260
111900051,3,50,-47
111900052,43,23,20
111900053,350,3120,-2770
111900054,430,1,429
111900055,13,56,-43
111900056,75,289,-214
111900057,298,19,279
111900058,1139,287,852
111900059,642,1011,-369
111900060,304,4,300
111900061,0,17,-17
111900062,72,32,40
111900063,304,61,243
111900064,1,39,-38
111900065,255,6,249
111900066,101,88,13
111900067,2,57,-55
111900068,52,156,-104
111900069,117,3,114
111900070,290,13,277
111900071,0,21,-21
111900072,29,84,-55
111900073,1374,130,1244
111900074,3,62,-59
111900075,63,3,60
111900076,473,54,419
111900077,15,1,14
111900078,636,54,582
111900079,30,61,-31
111900080,81,48,33
111900082,473,56,417
111900083,553,70,483
111900084,280,6,274
111900085,27,17,10
111900086,255,19,236
111900087,266,0,266
111900088,1158,52,1106
111900089,47,0,47
111900090,28,77,-49
111900091,1202,19,1183
111900092,325,3,322
111900093,843,29,814
111900094,58,0,58
111900095,730,31,699
111900096,345,6,339
111900097,131,1,130
111900098,555,12,543
111900099,22,0,22
111900100,133,10,123
111900101,365,5,360
111900102,1286,125,1161
111900103,81,72,9
111900104,52,7,45
111900105,94,183,-89
111900106,154,2,152
111900110,602,47,555
111900111,148,0,148
111900112,87,6263,-6176
111900113,130,33,97
111900118,711,49,662
111900119,143,60,83
111900122,14,21,-7
111900123,6,10,-4
111900124,20,7,13
111900125,1173,89,1084
111900126,911,6,905
111900127,0,72,-72
111900128,9,90,-81
111900129,418,2,416
111900130,42,24,18
111900131,836,1,835
111900132,0,236,-236
111900133,13,92,-79
111900134,0,44,-44
111900135,2,8,-6
111900136,61,65,-4
111900137,19,6,13
111900138,9,32,-23
111900139,9,29,-20
111900140,138,35,103
111900141,132,1,131
111900142,75,3,72
111900143,404,20,384
111900144,37,20,17
111900145,0,80,-80
111900146,0,30,-30
111900147,18,148,-130
111900148,9,106,-97
111900149,3,61,-58
111900150,6,19,-13
111900151,1,9,-8
111900152,48,59,-11
111900153,238,723,-485
111900154,23,974,-951
111900155,72,391,-319
111900156,49,47,2
111900157,293,33,260
111900158,792,58,734
111900159,828,116,712
111900160,447,2,445
111900161,655,0,655
111900162,209,561,-352
111900163,4,32,-28
111900164,92,17,75
111901113,1412,31,1381
111901114,452,121,331
111901115,541,0,541
111901116,126,2,124
111901117,31,93,-62
111901118,5,1010,-1005
111901119,115,5,110
111901121,10,22,-12
111901122,7,70,-63
111901123,568,33,535
111901124,506,9,497
111901125,1632,209,1423
111901127,206,1689,-1483
111901128,8,8,0
111901129,0,40,-40
111901130,1,52,-51
111901131,1,104,-103
111901132,161,51,110
111901133,253,0,253
111901134,482,2,480
111901135,64,8,56
111901138,2,8,-6
111901139,0,24,-24
111901140,0,14,-14
111901141,2,44,-42
111901142,3,36,-33
111901143,0,22,-22
111901144,66,11,55
111901145,37,323,-286
111901146,11,17,-6
111901147,123,12,111
111901148,2,125,-123
111901149,110,5,105
111901150,324,2,322
111901151,455,0,455
111901152,6,4,2
112000001,3008,576,2432
112000002,732,1696,-964
112000003,4527,664,3863
112000004,1349,181,1168
112000005,4510,4510,0
112000006,506,293,213
112000007,3947,2802,1145
112000008,3307,3346,-39
112000009,2137,732,1405
112000010,3468,4451,-983
112000011,1238,643,595
112000012,2546,4051,-1505
112000013,1008,1204,-196
112000014,555,3001,-2446
112000015,783,2246,-1463
112000016,1434,2397,-963
112000017,251,3558,-3307
112000024,248,107,141
112000026,1119,730,389
112000027,550,397,153
112000028,401,667,-266
112000029,450,657,-207
112000030,98,14,84
112000031,684,2816,-2132
112000032,87,4,83
112000033,1200,3654,-2454
112000034,71,18,53
112000035,28,590,-562
112000036,98,1208,-1110
112000037,437,522,-85
112000038,637,922,-285
112000039,159,24,135
112000040,29,79,-50
112000041,161,161,0
112000042,359,66,293
112000050,995,578,417
112000051,956,2234,-1278
112000054,880,868,12
112000057,430,98,332
112000058,156,182,-26
112000059,443,319,124
112000061,1583,296,1287
112000062,209,767,-558
112000063,149,2977,-2828
112000064,1273,1121,152
112000065,536,566,-30
112000066,2434,986,1448
112000067,265,264,1
112000068,2802,1676,1126
112000069,402,810,-408
112000070,908,590,318
112000071,858,914,-56
112000072,3176,415,2761
112000073,819,1526,-707
112000074,924,864,60
112000075,1508,1052,456
112000076,2291,1270,1021
112000077,1026,273,753
112000078,2013,371,1642
112000079,1770,696,1074
112000080,828,317,511
112000081,644,742,-98
112000082,1194,217,977
112000083,698,486,212
112000084,1020,266,754
112000085,1736,253,1483
112000086,2555,401,2154
112000087,1186,126,1060
112000088,1137,153,984
112000089,193,149,44
112000090,119,99,20
112000091,425,277,148
112000092,2275,317,1958
112000093,1452,416,1036
112000094,526,331,195
112000095,1033,300,733
112000096,732,284,448
112000097,3980,479,3501
112000098,157,270,-113
112000099,871,2358,-1487
112000100,3070,306,2764
112000101,679,184,495
112000102,2779,195,2584
112000103,557,299,258
112000105,572,325,247
112000106,5147,204,4943
112000107,466,113,353
112000108,1443,400,1043
112000109,856,67,789
112000110,2847,515,2332
112000111,283,737,-454
112000112,2162,164,1998
112000113,634,324,310
112000114,2865,451,2414
112000115,327,95,232
112000116,641,138,503
112000117,1283,329,954
112000118,357,372,-15
112000119,224,244,-20
112000120,29,106,-77
112000121,252,98,154
112000122,801,58,743
112000123,1115,56,1059
112000124,805,85,720
112000125,443,211,232
112000126,1154,143,1011
112000127,1548,1591,-43
112000128,495,296,199
112000129,73,27,46
112000130,526,61,465
112000131,34,61,-27
112000132,210,78,132
112000133,786,34,752
112000134,516,123,393
112000135,1364,266,1098
112000136,823,408,415
112000137,1631,662,969
112000138,979,415,564
112000139,485,360,125
112000140,130,294,-164
112000141,1142,205,937
112000142,139,209,-70
112000143,1584,59,1525
112000144,149,301,-152
112000145,3420,184,3236
112000146,360,434,-74
112000147,2997,954,2043
112000148,489,430,59
112000149,534,272,262
112000150,838,160,678
112000151,348,94,254
112000152,957,100,857
112000153,72,44,28
112000154,188,578,-390
112000155,117,65,52
112000157,262,649,-387
112000158,169,90,79
112000159,1802,135,1667
112000167,411,198,213
112000169,143,956,-813
112000173,1249,86,1163
112000175,618,105,513
112000176,391,484,-93
112000177,1344,372,972
112000178,72,95,-23
112000179,405,29,376
112000180,394,76,318
112000181,582,417,165
112000182,2024,158,1866
112000183,18,2,16
112000184,314,103,211
112000185,1435,81,1354
112000187,3462,1781,1681
112000195,288,1,287
112000196,53,0,53
112000197,41,41,0
112000198,13,51,-38
112000199,400,232,168
112000202,1025,31,994
112000216,64,104,-40
112000230,150,1,149
112000231,0,32,-32
112000256,43,257,-214
112000313,112,17,95
112000314,43,55,-12
112000337,84,475,-391
112000352,81,128,-47
112000392,1600,347,1253
112000398,2282,401,1881
112000399,971,4833,-3862
112000400,504,623,-119
112000401,602,767,-165
112000402,4001,3702,299
112000403,820,7452,-6632
112000404,1674,878,796
112000405,3325,1732,1593
112000406,1277,530,747
112000407,8975,5651,3324
112000408,2223,856,1367
112000409,762,683,79
112000410,80,205,-125
112000411,880,1461,-581
112000412,197,86,111
112000413,1645,6532,-4887
112000414,271,51,220
112000415,192,9,183
112000416,4633,672,3961
112000417,219,50,169
112000421,148,47,101
112000422,160,76,84
112000424,757,3437,-2680
112000425,272,117,155
112000426,577,248,329
112000427,0,25,-25
112000428,334,190,144
112000429,1610,1119,491
112000430,1751,2464,-713
112000431,135,155,-20
112000432,360,273,87
112000433,226,184,42
112000437,34,34,0
112900001,86,1,85
112900002,844,45,799
112900003,39,32,7
112900004,34,45,-11
112900005,394,33,361
112900007,9,6,3
112900008,0,16,-16
112900009,296,173,123
112900010,469,132,337
112900011,24,102,-78
112900012,0,11,-11
112900013,0,120,-120
112900014,5,30,-25
112900015,26,144,-118
112900016,0,21,-21
112900017,21,40,-19
112900018,686,94,592
112900019,5,58,-53
112900020,72,204,-132
112900021,27,67,-40
112900022,2,13,-11
112900023,0,11,-11
112900024,56,40,16
112900025,12,35,-23
112900026,1,18,-17
112900027,2,114,-112
112900028,4,30,-26
112900029,2,62,-60
112900030,19,26,-7
112900031,0,128,-128
112900032,116,50,66
112900034,0,13,-13
112900035,0,23,-23
112900036,0,34,-34
112900037,146,157,-11
112900038,809,41,768
112900039,2,131,-129
112900040,0,135,-135
112900041,190,480,-290
112900042,24,59,-35
112900043,37,24,13
112900044,79,44,35
112900045,42,72,-30
112900046,28,28,0
112900047,1,8,-7
112900049,541,9,532
112900050,7,109,-102
112900051,39,78,-39
112900052,6,220,-214
112900053,70,111,-41
112900054,69,50,19
112900055,18,12,6
112900056,155,108,47
112900057,73,207,-134
112900058,228,507,-279
112900059,48,154,-106
112900060,29,29,0
112900061,21,39,-18
112900062,101,10,91
112900063,24,19,5
112900064,20,35,-15
112900065,19,1,18
112900066,174,319,-145
112900067,261,15,246
112900068,46,92,-46
112900069,547,1353,-806
112900071,23,28,-5
112900072,27,5826,-5799
112900073,523,240,283
112900074,203,407,-204
112900075,378,1631,-1253
112900076,6,22,-16
112900078,182,854,-672
112900079,167,7,160
112900080,194,1,193
112900081,40,500,-460
112900082,631,12,619
112900083,192,189,3
112900084,319,368,-49
112900086,186,1,185
112900087,1932,162,1770
112900088,456,3,453
112900089,951,7,944
112900090,132,99,33
112900091,491,7,484
112900092,81,826,-745
112900093,1095,28,1067
112900095,167,0,167
112900096,651,176,475
112900097,59,53,6
112900098,92,1,91
112900099,1656,5,1651
112900100,151,3,148
112900101,436,4,432
112900102,65,38,27
112900103,379,9,370
112900104,1487,2,1485
112900105,48,0,48
112900106,524,73,451
112900107,7,1,6
112900108,1,0,1
112900109,284,0,284
112900110,1985,20,1965
112900111,1131,1,1130
112900112,637,0,637
112900113,0,0,0
112900114,585,3,582
112900115,2448,2,2446
112900116,123,0,123
112900117,33,16,17
112900118,1,11,-10
112900119,386,5,381
112900120,273,99,174
112900121,11,30,-19
112900122,7,20,-13
112900123,231,26,205
112900124,3,26,-23
112900125,5,76,-71
112900126,16,25,-9
112900127,613,16,597
112900128,42,102,-60
112900129,0,171,-171
112900130,164,14,150
112900131,13,84,-71
112900132,61,142,-81
112900133,11,339,-328
112900134,0,63,-63
112900135,77,7,70
112900137,107,198,-91
112900138,0,39,-39
112900139,6,228,-222
112900141,789,2,787
112900142,62,293,-231
112900143,1,252,-251
112900144,8,331,-323
112900145,1,141,-140
112900146,22,158,-136
112900147,0,220,-220
112900148,24,0,24
112900149,74,109,-35
112900151,8,26,-18
112900152,1240,142,1098
112900153,101,3782,-3681
112900154,0,28,-28
112900155,69,4,65
112900156,1277,187,1090
112900157,329,10,319
112900158,96,4,92
112900159,89,318,-229
112900160,7,46,-39
112900161,175,12,163
112900162,2,11,-9
112900163,9,64,-55
112900164,14,249,-235
112900165,21,11,10
112900166,15,42,-27
112900167,13,152,-139
112900168,1,0,1
112900169,2,5,-3
112900170,129,10,119
112900172,16,20,-4
112900173,54,66,-12
112900174,253,24,229
112900175,113,143,-30
112900176,6,58,-52
112900177,318,57,261
112900178,239,4366,-4127
112900179,10,126,-116
112900180,1836,331,1505
112900181,1149,22,1127
112900182,54,144,-90
112900183,51,73,-22
112900184,106,118,-12
112900185,23,162,-139
112900186,411,413,-2
112900187,38,240,-202
112900188,408,1158,-750
112900189,5,0,5
112900190,1,1,0
112900192,336,266,70
112900193,496,106,390
112900194,24,0,24
112900195,428,28,400
112900196,248,197,51
112900197,13,130,-117
112900199,574,41,533
112900200,515,24,491
112900201,189,186,3
112900202,609,200,409
112900203,355,48,307
112900204,101,94,7
112900205,15,0,15
112900206,27,22,5
112900207,7,0,7
112900208,43,1007,-964
112900209,30,71,-41
112900210,0,4,-4
112900211,18,3,15
112900212,0,37,-37
112900213,60,29,31
112900214,2,16,-14
112900215,3,6,-3
112900216,11,9,2
112900217,0,27,-27
112900218,112,0,112
112900219,218,0,218
112900220,0,0,0
112900221,18,40,-22
112900222,0,27,-27
112900223,768,43,725
112900224,1256,97,1159
112900225,890,38,852
112900226,34,89,-55
112900227,572,35,537
112900228,60,8,52
112900229,499,10,489
112900230,4297,1749,2548
112900232,169,206,-37
112900233,71,24,47
112900234,91,0,91
112900235,1,3,-2
112900236,1097,16,1081
112900237,1114,118,996
112900238,2,0,2
112900239,235,466,-231
112900240,3,11,-8
112900241,3,17,-14
112900242,4,20,-16
112900243,13,67,-54
112900244,3,35,-32
112900245,0,4,-4
112900246,0,10,-10
112900247,41,2,39
112900248,2,0,2
112900249,21,1,20
112900250,168,1,167
112900251,423,3,420
112900252,412,8,404
112900253,257,2,255
112900254,33,0,33
112900255,54,27,27
112900256,12,21,-9
112900257,21,15,6
112900258,99,2,97
113000001,3739,3014,725
113000002,5717,2596,3121
113000003,1531,856,675
113000004,2535,987,1548
113000005,1552,801,751
113000006,1848,815,1033
113000007,1915,677,1238
113000008,2183,860,1323
113000009,1122,367,755
113000010,2026,487,1539
113000011,846,525,321
113000012,874,608,266
113000013,297,313,-16
113000014,439,611,-172
113000015,37,50,-13
113000016,219,334,-115
113000017,23,264,-241
113000018,483,13,470
113000019,79,107,-28
113000020,137,14,123
113000021,1783,538,1245
113000022,834,1895,-1061
113000025,64,165,-101
113000026,599,468,131
113000027,523,439,84
113000028,331,638,-307
113000029,402,433,-31
113000030,72,236,-164
113000031,114,112,2
113000032,100,62,38
113000033,154,80,74
113000034,58,40,18
113000035,14,3,11
113000036,8,28,-20
113000037,18,10,8
113000038,7,24,-17
113000039,9,177,-168
113000040,30,47,-17
113000042,848,360,488
113000051,1858,2201,-343
113000052,1769,194,1575
113000053,568,214,354
113000054,644,641,3
113000055,2138,214,1924
113000056,2135,554,1581
113000058,204,636,-432
113000059,884,205,679
113000060,345,539,-194
113000061,614,690,-76
113000062,232,165,67
113000063,363,33,330
113000064,128,157,-29
113000065,138,258,-120
113000066,1129,66,1063
113000067,3311,299,3012
113000068,406,323,83
113000069,460,222,238
113000070,2527,275,2252
113000071,413,185,228
113000072,1230,192,1038
113000073,311,476,-165
113000074,735,381,354
113000075,1314,462,852
113000076,363,1546,-1183
113000077,405,362,43
113000078,196,705,-509
113000079,277,414,-137
113000080,491,521,-30
113000081,528,555,-27
113000082,492,231,261
113000083,494,532,-38
113000084,942,403,539
113000085,910,387,523
113000086,361,482,-121
113000087,924,816,108
113000088,649,648,1
113000089,611,1181,-570
113000090,34,552,-518
113000091,126,230,-104
113000094,1366,153,1213
113000095,247,227,20
113000096,121,203,-82
113000097,950,139,811
113000098,52,24,28
113000099,1045,181,864
113000100,98,180,-82
113000101,77,265,-188
113000102,489,303,186
113000103,2700,197,2503
113000104,619,2090,-1471
113000105,1113,281,832
113000106,423,141,282
113000107,1204,549,655
113000108,1124,477,647
113000109,411,670,-259
113000110,4914,478,4436
113000111,295,316,-21
113000112,1204,232,972
113000113,1549,237,1312
113000114,110,489,-379
113000116,202,114,88
113000117,391,35,356
113000118,26,678,-652
113000119,205,186,19
113000120,31,342,-311
113000121,282,402,-120
113000124,233,63,170
113000125,3,1087,-1084
113000127,716,60,656
113000128,1149,63,1086
113000129,140,640,-500
113000133,1137,147,990
113000134,8,1812,-1804
113000135,3683,3684,-1
113000137,482,1561,-1079
113000139,169,47,122
113000140,29,24,5
113000141,38,36,2
113000142,103,111,-8
113000143,229,40,189
113000144,121,133,-12
113000145,76,90,-14
113000146,48,5,43
113000147,149,17,132
113000148,304,32,272
113000149,177,115,62
113000150,179,144,35
113000151,18,20,-2
113000152,46,217,-171
113000153,439,115,324
113000154,184,1293,-1109
113000155,229,601,-372
113000156,93,76,17
113000157,150,96,54
113000158,416,53,363
113000159,726,82,644
113000160,244,73,171
113000161,252,31,221
113000162,649,53,596
113000163,45,28,17
113000164,25,7,18
113000166,315,16,299
113000167,60,41,19
113000168,122,37,85
113000169,258,21,237
113000170,104,33,71
113000171,25,40,-15
113000172,287,10,277
113000173,134,19,115
113000174,117,57,60
113000175,532,16,516
113000176,690,29,661
113000177,109,28,81
113000178,144,93,51
113000179,325,13,312
113000180,749,1361,-612
113000181,1572,797,775
113000182,50,465,-415
113000183,116,510,-394
113000184,10,24,-14
113000189,129,298,-169
113000190,121,91,30
113000192,446,2671,-2225
113000193,1018,2178,-1160
113000194,828,1961,-1133
113000195,898,1412,-514
113000196,682,90,592
113000197,916,2247,-1331
113000198,119,306,-187
113000199,1973,177,1796
113000201,918,305,613
113000202,6643,1503,5140
113000203,46,631,-585
113000204,375,3019,-2644
113000205,9,12,-3
113000206,18,16,2
113000207,60,8,52
113000208,25,27,-2
113000209,12,18,-6
113000210,17,25,-8
113000211,28,123,-95
113000212,11,8,3
113000213,33,51,-18
113000214,173,187,-14
113000234,153,175,-22
113000410,9,139,-130
113000411,700,684,16
113000412,3835,748,3087
113000413,424,990,-566
113000414,2475,11526,-9051
113000415,1173,576,597
113000416,847,802,45
113000417,277,673,-396
113000418,4102,2111,1991
113000419,734,679,55
113000420,1753,3860,-2107
113000421,3403,4429,-1026
113000422,4469,6548,-2079
113000423,499,2251,-1752
113000424,673,6663,-5990
113000425,1,90,-89
113000428,2,2,0
113000430,1,45,-44
113000432,2917,285,2632
113000433,85,296,-211
113000434,15,108,-93
113000435,22,90,-68
113000436,5,344,-339
113000437,1733,31,1702
113000438,603,15,588
113000439,86,14,72
113000440,158,28,130
113000441,271,159,112
113000442,319,25,294
113000443,592,59,533
113000444,762,19,743
113000445,30,22,8
113000446,48,158,-110
113000448,324,447,-123
113000449,139,1283,-1144
113000450,501,5025,-4524
113000451,3010,714,2296
113000452,49,940,-891
113000453,12,529,-517
113000454,173,239,-66
113000455,11,739,-728
113000456,638,735,-97
113000468,386,44,342
113000469,32,98,-66
113000470,303,9,294
113000471,7,390,-383
113000472,55,114,-59
113000474,1515,525,990
113000475,1003,470,533
113000476,3171,1340,1831
113000477,3878,1020,2858
113000478,1619,1473,146
113000479,135,153,-18
113000485,0,0,0
113000486,0,0,0
113000487,0,0,0
113000489,0,0,0
113000490,0,0,0
113000491,0,0,0
113000492,0,0,0
113000493,0,0,0
113000495,312,55,257
113000496,102,123,-21
113900001,3,1699,-1696
113900002,2,55,-53
113900003,1,149,-148
113900004,2,274,-272
113900005,2,511,-509
113900006,0,189,-189
113900007,0,0,0
113900008,0,0,0
113900009,0,0,0
113900010,0,0,0
113900011,0,0,0
113900012,206,0,206
113900013,94,1,93
113900014,669,1,668
113900015,0,7,-7
113900016,29,0,29
113900017,0,4,-4
113900018,22,139,-117
113900019,353,10,343
113900020,290,1,289
113900022,69,1,68
113900023,47,0,47
113900024,29,7,22
113900025,64,2,62
113900026,38,0,38
113900027,12,3,9
113900028,6,129,-123
113900029,105,7,98
113900030,808,2,806
113900031,25,9,16
113900032,53,0,53
113900033,76,5,71
113900035,18,0,18
113900036,62,13,49
113900037,132,469,-337
113900038,16,205,-189
113900039,272,3,269
113900040,1,14,-13
113900041,7,0,7
113900042,63,6,57
113900043,100,6,94
113900044,65,95,-30
113900045,35,0,35
113900046,55,313,-258
113900047,263,17,246
113900048,60,76,-16
113900049,88,443,-355
113900050,111,101,10
113900051,183,40,143
113900052,30,17,13
113900053,80,674,-594
113900054,20,0,20
113900055,63,220,-157
113900056,59,3,56
113900057,7,8,-1
113900058,44,5,39
113900059,332,58,274
113900060,39,70,-31
113900061,172,18,154
113900062,46,0,46
113900063,64,17,47
113900064,8,29,-21
113900065,497,8,489
113900066,1054,55,999
113900067,505,36,469
113900068,186,894,-708
113900069,9,9,0
113900070,24,111,-87
113900071,120,3,117
113900072,20,5,15
113900073,724,133,591
113900074,361,62,299
113900075,335,1920,-1585
113900076,49,0,49
113900077,7,28,-21
113900078,60,2,58
113900079,1,9,-8
113900080,240,61,179
113900081,133,13,120
113900082,154,150,4
113900083,708,44,664
113900084,172,31,141
113900085,6,106,-100
113900086,105,13,92
113900087,55,49,6
113900088,77,173,-96
113900089,376,20,356
113900090,210,79,131
113900091,1,6,-5
113900092,3,30,-27
113900093,25,1615,-1590
113900094,685,172,513
113900095,120,37,83
113900096,130,85,45
113900097,37,53,-16
113900098,809,174,635
113900099,1,1,0
113900100,0,1,-1
113900101,5,51,-46
113900102,17,82,-65
113900103,61,310,-249
113900104,88,81,7
113900105,490,22,468
113900106,0,13,-13
113900107,0,0,0
113900108,22,127,-105
113900109,60,201,-141
113900110,4,7,-3
113900111,142,46,96
113900112,222,18,204
113900113,883,115,768
113900114,0,11,-11
113900115,0,15,-15
113900116,1,122,-121
113900117,5,21,-16
113900118,65,1155,-1090
113900119,36,151,-115
113900120,61,7,54
113900121,182,14,168
113900122,95,4599,-4504
113900123,316,40,276
113900124,0,33,-33
113900125,418,66,352
113900126,20,10,10
113900127,212,363,-151
113900128,210,13,197
113900129,0,35,-35
113900130,0,20,-20
113900131,161,26,135
113900132,12,49,-37
113900133,3,11,-8
113900135,295,101,194
113900136,36,11,25
113900137,180,70,110
113900138,4,113,-109
113900139,191,278,-87
113900140,25,62,-37
113900141,745,55,690
113900142,79,19,60
113900143,8,76,-68
113900144,40,50,-10
113900145,245,35,210
113900146,199,12,187
113900148,21,99,-78
113900149,75,198,-123
113900150,85,77,8
113900151,319,90,229
113900152,40,17,23
113900153,38,57,-19
113900154,0,20,-20
113900155,27,104,-77
113900156,157,69,88
113900157,30,345,-315
113900158,27,58,-31
113900159,0,54,-54
113900160,191,136,55
113900161,148,136,12
113900162,37,148,-111
113900163,163,35,128
113900164,486,3,483
113900165,177,75,102
113900166,2,19,-17
113900167,334,4,330
113900168,36,24,12
113900169,82,65,17
113900171,232,23,209
113900172,1,31,-30
113900173,4,118,-114
113900174,217,125,92
113900175,196,86,110
113900176,118,114,4
113900177,131,27,104
113900178,135,49,86
113900179,3,79,-76
113900180,35,24,11
113900181,1155,37,1118
113900182,314,149,165
113900183,13,17,-4
113900184,11,132,-121
113900185,19,19,0
113900186,7,3,4
113900187,0,66,-66
113900188,22,7,15
113900189,188,125,63
113900190,59,2,57
113900191,31,40,-9
113900192,730,2299,-1569
113900193,2,22,-20
113900194,443,86,357
113900195,104,84,20
113900196,0,15,-15
113900197,0,26,-26
113900198,2,165,-163
113900199,16,68,-52
113900200,3,10,-7
113900201,0,36,-36
113900202,7,11,-4
113900203,19,14,5
113900204,2,62,-60
113900205,0,25,-25
113900206,0,29,-29
113900207,0,19,-19
113900208,0,20,-20
113900209,0,4,-4
113900210,161,455,-294
113900211,92,22,70
113900212,332,137,195
113900214,67,147,-80
113900215,24,40,-16
113900216,151,115,36
113900217,166,66,100
113900218,12,75,-63
113900219,56,167,-111
113900220,59,121,-62
113900221,58,579,-521
113900222,284,679,-395
113900223,312,365,-53
113900224,47,12,35
113900225,167,45,122
113900226,155,73,82
113900227,141,86,55
113900228,71,262,-191
113900229,3,869,-866
113900230,470,1752,-1282
113900231,47,19,28
113900232,48,1,47
113900233,78,13,65
113900234,244,395,-151
113900235,73,7,66
113900236,319,29,290
113900237,122,6,116
113900238,52,239,-187
113900239,26,32,-6
113900240,8,67,-59
113900241,9,32,-23
113900242,17,47,-30
113900243,0,58,-58
113900244,67,35,32
113900245,159,83,76
113900246,3,35,-32
113900247,21,423,-402
113900248,723,1575,-852
113900249,125,306,-181
113900250,14,291,-277
113900251,1096,14,1082
113900252,748,5,743
113900253,429,19,410
113900254,382,78,304
113900255,1205,22,1183
113900256,609,11,598
113900257,13,154,-141
113900258,17,117,-100
113900259,627,67,560
113900260,261,1,260
113900261,47,24,23
113900262,154,109,45
113900263,2,72,-70
113900264,0,73,-73
113900265,81,230,-149
113900266,1,52,-51
113900267,33,231,-198
113900268,51,111,-60
113900269,45,104,-59
113900270,113,127,-14
113900271,222,164,58
113900273,6,6,0
113900274,55,36,19
113900275,2,41,-39
113900276,4,25,-21
113900277,297,8,289
113900278,10,31,-21
113900279,34,20,14
113900280,398,263,135
113900281,41,358,-317
113900282,34,81,-47
113900283,308,253,55
113900284,1138,61,1077
113900285,54,17,37
113900286,10,4,6
113900287,95,8,87
113900288,0,38,-38
113900289,359,178,181
113900290,195,601,-406
113900291,15,45,-30
113900292,0,2,-2
113900293,0,67,-67
113900294,1017,12,1005
113900295,223,78,145
113900296,288,101,187
113900297,1804,24,1780
113900298,32,416,-384
113900299,170,3,167
113900300,1057,2191,-1134
113900301,62,722,-660
113900302,869,597,272
113900303,146,1386,-1240
113900304,0,75,-75
113900305,182,0,182
113900306,40,0,40
113900307,0,0,0
113900308,8,13,-5
113900309,0,101,-101
113900310,0,0,0
113900311,0,0,0
113900312,31,76,-45
113900313,0,0,0
113900314,8,4,4
113900315,424,1,423
114000001,636,550,86
114000002,466,95,371
114000003,508,253,255
114000004,860,98,762
114000005,789,130,659
114000006,968,457,511
114000007,860,398,462
114000008,1895,1193,702
114000009,1639,227,1412
114000011,2352,878,1474
114000012,4737,656,4081
114000013,2349,407,1942
114000014,752,93,659
114000015,2591,113,2478
114000016,484,50,434
114000017,103,1380,-1277
114000018,68,16,52
114000026,4163,420,3743
114000027,5625,1935,3690
114000028,1581,3151,-1570
114000038,503,84,419
114000039,122,34,88
114000040,118,442,-324
114000042,69,53,16
114000043,173,141,32
114000044,593,32,561
114000045,26,12,14
114000046,1093,2120,-1027
114000047,11,100,-89
114000048,147,75,72
114000049,2151,798,1353
114000050,1936,666,1270
114000051,3205,1290,1915
114000052,3248,2252,996
114000053,26,586,-560
114000054,337,474,-137
114000055,490,19,471
114000056,102,397,-295
114000057,1685,1038,647
114000058,53,609,-556
114000059,14,1340,-1326
114000060,476,553,-77
114000061,1232,2069,-837
114000062,142,615,-473
114000063,532,621,-89
114000064,835,4393,-3558
114000065,610,921,-311
114000066,705,546,159
114000067,28,1766,-1738
114000068,277,881,-604
114000069,1373,288,1085
114000070,1529,783,746
114000071,1036,192,844
114000072,1551,105,1446
114000073,70,12,58
114000074,108,3,105
114000075,84,19,65
114000076,66,27,39
114000077,1,0,1
114000078,777,183,594
114000079,690,35,655
114000080,51,65,-14
114000081,138,72,66
114000082,17,71,-54
114000083,51,24,27
114000084,207,137,70
114000085,76,98,-22
114000086,230,48,182
114000087,455,17,438
114000088,9,39,-30
114000089,219,128,91
114000090,576,676,-100
114000091,699,620,79
114000092,610,263,347
114000093,1726,254,1472
114000094,683,254,429
114000095,316,249,67
114000096,45,122,-77
114000097,75,131,-56
114000098,982,95,887
114000099,1290,103,1187
114000100,2460,211,2249
114000101,424,187,237
114000102,1163,153,1010
114000103,160,48,112
114000104,3,75,-72
114000105,382,152,230
114000106,454,3313,-2859
114000107,580,199,381
114000108,661,273,388
114000109,875,6427,-5552
114000110,396,289,107
114000111,2923,2216,707
114000112,263,495,-232
114000113,3695,220,3475
114000114,279,398,-119
114000115,4405,325,4080
114000116,963,5990,-5027
114000117,6040,503,5537
114000118,5530,245,5285
114000119,4435,266,4169
114000120,753,416,337
114000121,416,236,180
114000122,440,247,193
114000123,3275,220,3055
114000124,2653,257,2396
114000125,993,667,326
114000126,2559,232,2327
114000127,189,88,101
114000128,1122,127,995
114000130,611,327,284
114000131,580,37,543
114000132,748,128,620
114000133,487,449,38
114000134,49,10,39
114000138,30,26,4
114000139,421,336,85
114000144,608,356,252
114000145,17,11,6
114000146,34,15,19
114000147,728,2367,-1639
114000148,447,1849,-1402
114000149,213,243,-30
114000150,233,589,-356
114000151,414,4729,-4315
114000152,58,55,3
114000153,440,1423,-983
114000154,636,454,182
114000155,611,3742,-3131
114000156,436,443,-7
114000157,371,1361,-990
114000158,378,296,82
114000159,214,189,25
114000160,44,181,-137
114000161,756,969,-213
114000162,1074,1618,-544
114000163,45,8,37
114000165,349,226,123
114000166,327,208,119
114000167,1452,970,482
114000168,237,97,140
114000169,655,706,-51
114000170,808,439,369
114000171,1454,15375,-13921
114000174,50,261,-211
114000176,128,184,-56
114000177,454,175,279
114000178,169,20,149
114000179,798,997,-199
114000180,64,127,-63
114000181,828,7438,-6610
114000182,284,1597,-1313
114000183,461,263,198
114000184,1300,224,1076
114000185,943,384,559
114000189,2344,92,2252
114000190,4548,387,4161
114000191,210,718,-508
114000192,52,273,-221
114000193,103,354,-251
114000194,1551,498,1053
114000195,490,554,-64
114000196,1,86,-85
114000197,2995,13,2982
114000198,524,171,353
114000199,770,1026,-256
114000200,374,433,-59
114000201,240,320,-80
114000202,954,425,529
114000203,1047,404,643
114000204,234,260,-26
114000205,279,607,-328
114000206,835,527,308
114000207,249,387,-138
114000208,329,380,-51
114000209,159,633,-474
114000210,89,339,-250
114000211,1725,778,947
114000212,878,814,64
114000213,2288,293,1995
114000214,188,31,157
114000215,150,38,112
114000216,2389,279,2110
114000217,409,193,216
114000218,626,71,555
114000219,2252,102,2150
114000220,15,282,-267
114000221,1658,120,1538
114000222,134,239,-105
114000223,996,131,865
114000224,31,171,-140
114000225,537,173,364
114000226,269,78,191
114000227,1305,415,890
114000228,974,223,751
114000229,2046,518,1528
114000230,1429,404,1025
114000231,950,783,167
114000232,1460,149,1311
114000233,3363,53,3310
114000234,1320,323,997
114000235,1999,778,1221
114000236,0,92,-92
114000237,87,224,-137
114000238,98,394,-296
114000239,172,366,-194
114000240,782,1028,-246
114000241,324,364,-40
114000242,960,464,496
114000243,2683,986,1697
114000244,567,174,393
114000245,471,1007,-536
114000246,167,41,126
114000247,612,342,270
114000248,2352,492,1860
114000249,660,256,404
114000250,855,148,707
114000251,347,83,264
114000252,32,12,20
114000253,24,20,4
114000254,77,6,71
114000255,373,145,228
114000256,236,628,-392
114000257,650,665,-15
114000258,944,82,862
114000259,324,154,170
114000260,1,31,-30
114000261,38,16,22
114000262,521,82,439
114000263,3,0,3
114000264,2145,169,1976
114000265,0,1,-1
114000267,1,2043,-2042
114000268,1,301,-300
114000270,373,62,311
114000271,241,21,220
114000283,2483,213,2270
114000285,20,102,-82
114000288,223,136,87
114000289,3231,73,3158
114000293,366,307,59
114000294,255,312,-57
114000395,2032,100,1932
114000396,571,172,399
114000402,1141,90,1051
114000403,375,97,278
114000405,411,135,276
114000423,845,96,749
114000424,550,121,429
114000425,1506,72,1434
114000426,309,925,-616
114000427,110,52,58
114000428,27,81,-54
114000429,10,107,-97
114000432,181,20,161
114000434,8,15,-7
114000435,2,7,-5
114900001,819,149,670
114900002,227,49,178
114900003,1068,139,929
114900004,151,351,-200
114900005,411,86,325
114900006,60,93,-33
114900007,126,6,120
114900008,459,91,368
114900010,699,2058,-1359
114900011,451,39,412
114900013,344,19,325
114900018,988,23,965
114900020,202,59,143
114900022,0,618,-618
114900025,674,52,622
114900026,155,82,73
114900029,365,9,356
114900030,382,86,296
114900031,1169,18,1151
114900032,979,7,972
114900034,11,17,-6
114900035,12,109,-97
114900036,196,136,60
114900039,1178,106,1072
114900040,117,6,111
114900041,1926,61,1865
114900042,2443,74,2369
114900044,177,41,136
114900047,96,6392,-6296
114900048,26,43,-17
114900049,1,32,-31
114900050,53,59,-6
114900051,20,42,-22
114900052,4,108,-104
114900053,30,119,-89
114900054,21,16,5
114900057,134,8,126
114900058,0,24,-24
114900059,186,75,111
114900063,145,9,136
114900064,3082,87,2995
114900065,398,902,-504
114900067,41,85,-44
114900068,12,54,-42
114900069,97,19,78
114900070,754,45,709
114900072,0,65,-65
114900073,0,21,-21
114900074,1805,51,1754
114900075,94,11,83
114900076,0,51,-51
114900080,401,36,365
114900082,837,2237,-1400
114900083,86,270,-184
114900090,785,56,729
114900091,32,59,-27
114900097,100,1,99
114900098,16,40,-24
114900099,274,1,273
115000001,2988,1288,1700
115000002,3194,6501,-3307
115000003,2559,929,1630
115000004,4212,5470,-1258
115000005,1335,1602,-267
115000006,1529,969,560
115000007,334,218,116
115000008,407,351,56
115000009,483,239,244
115000010,211,209,2
115000013,70,149,-79
115000015,41,310,-269
115000016,4,114,-110
115000019,11,479,-468
115000020,61,932,-871
115000021,52,323,-271
115000022,103,90,13
115000023,200,456,-256
115000024,186,75,111
115000025,654,336,318
115000026,142,62,80
115000027,316,149,167
115000028,131,98,33
115000029,870,18,852
115000030,292,191,101
115000031,455,41,414
115000032,27,132,-105
115000033,228,13,215
115000034,25,994,-969
115000035,677,137,540
115000036,0,189,-189
115000037,682,60,622
115000038,99,81,18
115000039,2080,4075,-1995
115000040,2507,2222,285
115000041,1445,3729,-2284
115000042,363,451,-88
115000043,3177,2287,890
115000044,1926,2535,-609
115000045,3109,469,2640
115000046,3817,2062,1755
115000047,3315,973,2342
115000048,3233,1570,1663
115000049,1065,2515,-1450
115000050,2738,684,2054
115000051,1390,5662,-4272
115000052,1209,804,405
115000053,2733,2858,-125
115000054,686,395,291
115000055,152,800,-648
115000056,179,301,-122
115000057,422,1038,-616
115000058,42,558,-516
115000059,38,243,-205
115000061,122,173,-51
115000062,406,469,-63
115000063,687,168,519
115000064,159,22,137
115000065,94,554,-460
115000067,320,9,311
115000069,44,192,-148
115000070,24,885,-861
115000071,74,15,59
115000072,4,13,-9
115000073,1165,53,1112
115000075,118,35,83
115000076,1507,793,714
115000077,2087,800,1287
115000078,2410,292,2118
115000079,1987,476,1511
115000080,4976,507,4469
115000081,108,209,-101
115000082,5858,4099,1759
115000083,2747,453,2294
115000084,3631,452,3179
115000085,1581,302,1279
115000086,1223,267,956
115000087,431,1498,-1067
115000088,1135,375,760
115000089,926,514,412
115000090,420,757,-337
115000091,303,193,110
115000092,1013,1303,-290
115000093,1081,0,1081
115000094,2770,8632,-5862
115000095,2148,8913,-6765
115000096,1274,459,815
115000097,3074,2102,972
115000098,2506,294,2212
115000099,2654,733,1921
115000100,2066,357,1709
115000101,638,485,153
115000102,683,136,547
115000103,181,325,-144
115000105,110,40,70
115000106,910,494,416
115000107,138,139,-1
115000108,1079,971,108
115000109,2090,5661,-3571
115000110,694,2359,-1665
115000111,172,337,-165
115000112,359,209,150
115000113,176,264,-88
115000114,393,174,219
115000116,1103,928,175
115000117,972,1731,-759
115000118,1311,770,541
115000119,1147,1101,46
115000120,515,563,-48
115000121,247,293,-46
115000122,199,1088,-889
115000123,369,826,-457
115000124,572,818,-246
115000125,316,747,-431
115000126,50,274,-224
115000127,392,109,283
115000128,218,615,-397
115000129,89,1174,-1085
115000130,314,254,60
115000131,1049,262,787
115000132,608,251,357
115000133,1454,164,1290
115000134,467,136,331
115000135,236,82,154
115000136,252,144,108
115000137,75,65,10
115000138,459,237,222
115000139,180,35,145
115000140,537,78,459
115000141,189,43,146
115000142,275,59,216
115000143,879,405,474
115000144,536,30,506
115000145,267,42,225
115000146,402,188,214
115000147,251,194,57
115000148,109,472,-363
115000149,907,178,729
115000150,284,197,87
115000151,1525,193,1332
115000152,452,358,94
115000153,2005,203,1802
115000154,1187,98,1089
115000155,627,525,102
115000156,613,292,321
115000157,169,308,-139
115000158,122,232,-110
115000159,295,173,122
115000160,225,135,90
115000161,176,325,-149
115000162,275,1076,-801
115000163,320,271,49
115000164,215,317,-102
115000165,101,390,-289
115000167,58,64,-6
115000168,407,316,91
115000169,158,512,-354
115000170,73,127,-54
115000171,193,251,-58
115000172,490,558,-68
115000173,180,1107,-927
115000174,78,338,-260
115000175,207,146,61
115000176,25,113,-88
115000177,9,135,-126
115000178,4,145,-141
115000179,36,147,-111
115000180,55,125,-70
115000181,926,111,815
115000182,1370,86,1284
115000183,530,209,321
115000186,535,61,474
115000187,136,112,24
115000188,394,213,181
115000189,448,240,208
115000190,365,415,-50
115000191,124,513,-389
115000194,194,56,138
115000195,41,95,-54
115000196,518,40,478
115000197,422,49,373
115000198,834,56,778
115000199,1003,50,953
115000200,445,59,386
115000201,369,113,256
115000206,377,10,367
115000207,755,96,659
115000208,173,202,-29
115000209,718,468,250
115000210,207,111,96
115000211,105,109,-4
115000212,667,209,458
115000224,158,2,156
115000225,96,32,64
115000229,79,35,44
115000230,173,167,6
115000231,357,272,85
115000232,3856,329,3527
115000233,159,68,91
115000234,15,127,-112
115000241,54,24,30
115000242,185,17,168
115000243,218,26,192
115000244,9,63,-54
115000246,46,26,20
115000247,30,18,12
115000248,26,10,16
115000249,8,9,-1
115000250,296,6,290
115000251,505,33,472
115000252,236,199,37
115000253,4,644,-640
115000258,352,31,321
115000259,129,12,117
115000261,51,17,34
115000262,6,19,-13
115000263,20,40,-20
115000264,1,16,-15
115000267,64,13,51
115000268,23,44,-21
115000269,131,4,127
115000270,1,6,-5
115000272,84,34,50
115000273,706,7,699
115000280,640,237,403
115000281,95,828,-733
115000282,258,1142,-884
115000284,35,263,-228
115000296,305,4,301
115000297,43,176,-133
115000298,42,570,-528
115000300,171,27,144
115000302,841,70,771
115000303,1632,50,1582
115000304,1155,73,1082
115000305,90,185,-95
115000306,409,62,347
115000307,294,123,171
115000308,46,20,26
115000310,2456,160,2296
115000311,1518,497,1021
115000313,113,121,-8
115000314,432,269,163
115000315,280,1026,-746
115000316,74,121,-47
115000317,208,191,17
115000318,1015,309,706
115000319,156,32,124
115000320,5,632,-627
115000321,246,20,226
115000322,52,37,15
115000449,42,179,-137
115000557,10,2911,-2901
115000558,98,68,30
115000587,1027,136,891
115000588,1528,1522,6
115000589,5295,1763,3532
115000590,803,972,-169
115000591,1752,519,1233
115000592,507,1024,-517
115000593,1524,461,1063
115000594,160,1660,-1500
115000609,291,545,-254
115000617,504,2682,-2178
115000624,512,6,506
115000633,325,911,-586
115000634,2500,515,1985
115000635,526,76,450
115000638,121,233,-112
115000641,43,336,-293
115000642,272,72,200
115000643,126,130,-4
115000644,119,121,-2
115000646,300,586,-286
115000647,79,201,-122
115000648,4203,369,3834
115000893,1355,628,727
115000894,114,479,-365
115000895,229,663,-434
115000896,707,314,393
115000897,282,78,204
115000898,236,222,14
115000899,88,1167,-1079
115000900,9,287,-278
115000901,48,133,-85
115000912,353,92,261
115000913,0,23,-23
115000915,1,0,1
115000916,0,0,0
115000917,0,24,-24
115000918,15,747,-732
115000919,0,42,-42
115000920,27,134,-107
115000921,171,151,20
115000922,237,595,-358
115000923,40,1192,-1152
115000925,235,154,81
115000927,26,97,-71
115000933,60,240,-180
115000934,38,102,-64
115000935,128,44,84
115000936,33,1332,-1299
115000937,585,324,261
115000938,9,162,-153
115000939,32,72,-40
115000940,3,29,-26
115000941,3,63,-60
115000942,7,108,-101
115000943,5,217,-212
115000944,3,4,-1
115900001,378,19,359
115900002,37,40,-3
115900003,157,38,119
115900004,0,6,-6
115900005,375,12,363
115900006,43,81,-38
115900008,206,1,205
115900009,10,48,-38
115900010,949,42,907
115900011,383,34,349
115900012,465,1,464
115900013,390,46,344
115900014,123,15,108
115900015,433,19,414
115900016,164,36,128
115900017,196,24,172
115900018,60,12,48
115900019,21,4,17
115900020,399,1,398
115900021,250,387,-137
115900022,430,2,428
115900023,5,15,-10
115900025,4,68,-64
115900026,259,16,243
115900027,0,97,-97
115900028,83,8,75
115900029,1,45,-44
115900030,41,39,2
115900031,73,245,-172
115900032,126,482,-356
115900033,0,25,-25
115900034,5,40,-35
115900035,71,10,61
115900036,15,3540,-3525
115900037,4,48,-44
115900038,48,1,47
115900039,236,30,206
115900041,96,1267,-1171
115900042,88,2,86
115900043,63,34,29
115900044,79,806,-727
115900046,882,38,844
115900047,59,184,-125
115900049,231,33,198
115900051,0,4,-4
115900052,5,30,-25
115900053,434,38,396
115900054,440,16,424
115900055,6,27,-21
115900056,273,35,238
115900057,5,11,-6
115900058,5,13,-8
115900060,53,15,38
115900061,435,0,435
115900062,119,57,62
115900063,14,4,10
115900064,144,130,14
115900065,252,15,237
115900066,22,24,-2
115900067,13,47,-34
115900068,691,2006,-1315
115900069,18,96,-78
115900070,312,18,294
115900071,13,55,-42
115900072,7,35,-28
115900073,295,135,160
115900074,0,61,-61
115900075,47,100,-53
115900076,5,8,-3
115900077,3,39,-36
115900078,14,71,-57
115900079,588,1,587
115900080,35,6,29
115900081,8,4,4
115900082,58,36,22
115900084,842,0,842
115900085,58,71,-13
115900086,440,78,362
115900088,2,107,-105
115900089,720,124,596
115900090,1085,0,1085
115900091,1,15,-14
115900092,64,35,29
115900093,1,11,-10
115900094,2,65,-63
115900096,19,2,17
115900097,3,32,-29
115900098,511,68,443
115900099,99,19,80
115900100,12,84,-72
115900101,410,72,338
115900102,129,15,114
115900103,346,44,302
115900104,112,22,90
115900105,292,88,204
115900106,173,3,170
115900107,67,24,43
115900108,212,1,211
115900109,10,106,-96
115900110,0,1,-1
115900111,0,22,-22
115900112,13,233,-220
115900113,43,2,41
115900114,1,20,-19
115900115,106,30,76
115900116,19,235,-216
115900117,190,3,187
115900118,1,41,-40
115900119,236,35,201
115900120,24,56,-32
115900121,426,52,374
115900124,167,779,-612
115900125,480,50,430
115900126,995,39,956
115900127,1449,35,1414
115900128,3,146,-143
115900129,536,10,526
115900130,10,411,-401
115900131,595,22,573
115900132,1021,1,1020
115900134,540,2,538
115900135,293,296,-3
115900137,24,3,21
115900139,5,82,-77
115900140,674,12,662
115900141,0,34,-34
115900142,1,4,-3
115900143,291,67,224
115900144,379,46,333
115900146,27,20,7
115900147,101,296,-195
115900148,7,28,-21
115900149,207,8,199
115900150,262,5,257
115900151,103,50,53
115900152,259,53,206
115900153,166,53,113
115900154,124,195,-71
115900155,0,22,-22
115900156,593,546,47
115900157,392,457,-65
115900158,73,2,71
115900159,418,81,337
115900160,0,4,-4
115900161,60,19,41
115900163,383,10,373
115900164,1305,1,1304
115900166,29,39,-10
115900168,503,38,465
115900171,105,101,4
115900172,19,51,-32
115900173,223,145,78
115900174,39,130,-91
115900175,429,33,396
115900178,32,67,-35
115900179,616,3,613
115900180,12,22,-10
115900181,415,35,380
115900182,903,28,875
115900183,12,136,-124
115900184,294,6,288
115900187,1,196,-195
115900189,0,86,-86
115900190,69,647,-578
115900191,11,43,-32
115900192,8,99,-91
115900193,63,40,23
115900194,1028,35,993
115900195,246,3932,-3686
115900198,174,119,55
115900199,372,41,331
115900200,214,27,187
115900201,100,147,-47
115900202,2,372,-370
115900203,6,2,4
115900204,0,41,-41
115900205,3,0,3
115900206,620,45,575
115900207,130,7,123
115900208,97,59,38
115900209,22,79,-57
115900210,0,73,-73
115900211,0,34,-34
115900212,282,37,245
115900213,157,300,-143
115900214,962,22,940
115900215,9,139,-130
115900216,6,29,-23
115900217,4,24,-20
115900218,3,10,-7
115900219,253,2,251
115900220,431,9,422
115900221,209,3,206
115900222,34,35,-1
115900223,2,528,-526
115900224,207,2593,-2386
115900225,22,20,2
115900226,0,7,-7
115900227,0,21,-21
115900228,0,19,-19
115900229,1,3,-2
115900230,38,16,22
115900231,263,3,260
115900232,135,1,134
115900233,188,2,186
115900234,127,7,120
115900235,22,6,16
115900236,22,34,-12
115900237,35,19,16
115900238,43,19,24
115900239,27,25,2
115900240,22,53,-31
115900241,446,8,438
115900242,257,477,-220
115900243,4,0,4
115900244,36,4,32
115900245,51,0,51
115900246,0,0,0
115900247,0,2,-2
115900248,6,1,5
115900249,15,0,15
115900250,25,3,22
115900251,2,0,2
115900252,4,0,4
115900253,55,4,51
115900254,9,85,-76
115900255,0,18,-18
115900256,7,421,-414
115900257,1,2,-1
115900258,0,0,0
115900259,18,5,13
115900260,4,0,4
115900261,3,0,3
115900262,3,1,2
115900263,5,0,5
115900264,7,0,7
115900265,0,2,-2
115900266,2,0,2
115900267,0,0,0
115900268,0,12,-12
115900269,1631,89,1542
115900270,308,65,243
115900271,564,0,564
115900272,103,1,102
115900273,17,15,2
115900274,0,9,-9
115900275,0,1,-1
115900276,0,2,-2
115900277,0,63,-63
115900278,77,21,56
115900279,13,223,-210
115900280,11,816,-805
115900281,105,551,-446
115900282,22,61,-39
115900283,94,0,94
115900284,16,2,14
116000001,3468,952,2516
116000002,4870,17774,-12904
116000003,630,603,27
116000004,5493,6989,-1496
116000005,671,1997,-1326
116000006,2895,4213,-1318
116000007,1060,1019,41
116000008,5743,2247,3496
116000009,561,531,30
116000010,3886,1049,2837
116000011,678,412,266
116000012,2785,779,2006
116000013,2759,2121,638
116000014,10450,26091,-15641
116000015,65,2158,-2093
116000016,2342,5512,-3170
116000017,33,471,-438
116000018,269,208,61
116000019,1644,126,1518
116000020,321,489,-168
116000021,1336,149,1187
116000022,740,262,478
116000023,2202,1098,1104
116000024,576,426,150
116000025,1009,470,539
116000026,1110,2863,-1753
116000027,340,500,-160
116000028,320,805,-485
116000029,284,202,82
116000030,518,376,142
116000031,8,60,-52
116000032,200,51,149
116000033,902,190,712
116000034,382,703,-321
116000035,515,166,349
116000036,168,1493,-1325
116000037,116,279,-163
116000038,56,723,-667
116000039,152,762,-610
116000040,309,910,-601
116000041,91,565,-474
116000042,1112,790,322
116000043,136,294,-158
116000044,5,105,-100
116000045,719,1251,-532
116000046,693,903,-210
116000047,1695,2533,-838
116000048,2652,1039,1613
116000049,1330,1671,-341
116000050,1055,875,180
116000051,2126,2026,100
116000052,2636,1760,876
116000053,2421,318,2103
116000054,1065,1584,-519
116000055,1094,858,236
116000056,1446,646,800
116000057,1707,681,1026
116000058,3184,2185,999
116000059,1676,3491,-1815
116000060,1727,969,758
116000061,373,1286,-913
116000062,552,241,311
116000063,559,1911,-1352
116000066,447,499,-52
116000067,306,214,92
116000068,147,170,-23
116000069,288,94,194
116000078,625,623,2
116000080,1546,276,1270
116000082,8,10,-2
116000083,2355,173,2182
116000084,946,1028,-82
116000085,1620,2401,-781
116000086,658,296,362
116000087,3295,1539,1756
116000088,1475,357,1118
116000089,129,85,44
116000090,208,95,113
116000091,173,1089,-916
116000093,787,127,660
116000094,1485,188,1297
116000095,769,188,581
116000096,2502,3526,-1024
116000097,720,246,474
116000098,52,14934,-14882
116000099,3186,778,2408
116000100,353,6,347
116000101,1874,181,1693
116000102,268,263,5
116000103,519,347,172
116000104,228,332,-104
116000105,2212,100,2112
116000106,610,396,214
116000107,3715,235,3480
116000108,14,187,-173
116000111,275,52,223
116000113,104,9,95
116000114,9,60,-51
116000115,318,36,282
116000116,249,53,196
116000117,1509,799,710
116000118,1840,394,1446
116000119,3825,671,3154
116000120,2530,1184,1346
116000121,1359,255,1104
116000122,582,280,302
116000123,2076,234,1842
116000124,565,107,458
116000125,3907,186,3721
116000126,494,184,310
116000127,666,289,377
116000128,3010,481,2529
116000129,2220,56,2164
116000130,1275,687,588
116000133,2701,312,2389
116000134,1499,411,1088
116000135,4310,695,3615
116000136,825,745,80
116000137,1432,465,967
116000138,840,332,508
116000139,2290,3399,-1109
116000140,282,350,-68
116000141,1048,302,746
116000142,3348,1641,1707
116000143,2740,1103,1637
116000144,2256,1167,1089
116000145,3355,577,2778
116000146,1486,69,1417
116000147,355,219,136
116000148,1316,1237,79
116000149,658,327,331
116000151,843,541,302
116000153,136,565,-429
116000155,114,391,-277
116000156,1109,268,841
116000157,161,4,157
116000158,670,117,553
116000159,29,17,12
116000160,92,7,85
116000161,11,65,-54
116000162,15,412,-397
116000163,136,11,125
116000164,23,8,15
116000177,104,273,-169
116000194,49,271,-222
116000195,1799,649,1150
116000196,49,5,44
116000197,87,29,58
116000198,1748,773,975
116000200,495,1316,-821
116000201,409,269,140
116000202,24,147,-123
116000203,1,15,-14
116000204,2,8,-6
116000205,0,23,-23
116000206,0,53,-53
116000207,17,25,-8
116000233,101,121,-20
116000287,514,54,460
116000288,555,170,385
116000292,144,81,63
116000296,30,91,-61
116000297,253,3,250
116000304,332,44,288
116000305,8,16,-8
116000346,434,116,318
116000352,93,58,35
116000354,46,56,-10
116000357,3,11,-8
116000358,561,216,345
116000361,119,0,119
116000372,2521,8488,-5967
116000381,287,0,287
116000388,16,33,-17
116000389,910,80,830
116000445,1986,169,1817
116000446,989,170,819
116000447,69,300,-231
116000448,389,32,357
116000563,378,653,-275
116000565,121,210,-89
116000568,40,386,-346
116000579,15,185,-170
116000583,124,30,94
116000584,91,4,87
116000585,62,64,-2
116000586,46,77,-31
116000587,235,81,154
116000589,60,39,21
116000590,214,37,177
116000591,361,72,289
116000592,3,11,-8
116000593,0,17,-17
116000594,1741,129,1612
116000595,1049,29,1020
116000596,428,7,421
116000597,689,331,358
116000598,21,125,-104
116000605,43,36,7
116000606,82,353,-271
116000607,0,15,-15
116000609,45,1789,-1744
116000611,386,45,341
116000612,2556,1936,620
116000613,929,379,550
116000614,568,89,479
116000615,0,379,-379
116000616,146,45,101
116000617,305,9,296
116000618,0,26,-26
116000619,23,86,-63
116000620,644,170,474
116000621,156,52,104
116000622,180,50,130
116000624,160,48,112
116000627,486,28,458
116000628,206,93,113
116000629,42,31,11
116000630,1029,16,1013
116000631,726,48,678
116000632,2086,5,2081
116000633,968,104,864
116000634,1049,45,1004
116000635,1608,2266,-658
116000636,381,1336,-955
116000637,1283,8,1275
116000638,303,136,167
116000639,153,2,151
116000640,61,65,-4
116000641,6,13,-7
116000643,0,44,-44
116000644,73,102,-29
116000645,113,3,110
116900001,197,49,148
116900002,260,2,258
116900003,106,2,104
116900004,88,149,-61
116900005,514,23,491
116900006,46,51,-5
116900007,91,116,-25
116900008,1257,80,1177
116900009,16,23,-7
116900010,2561,254,2307
116900011,1,6,-5
116900012,183,140,43
116900013,4,6,-2
116900014,309,55,254
116900015,1287,45,1242
116900016,430,6,424
116900017,253,166,87
116900018,92,81,11
116900019,1,21,-20
116900020,243,2853,-2610
116900023,20,6,14
116900024,1585,20,1565
116900025,2118,180,1938
116900026,13,213,-200
116900027,94,8,86
116900028,3,21,-18
116900029,1,326,-325
116900031,0,2,-2
116900032,0,60,-60
116900033,39,2,37
116900034,4,11,-7
116900035,198,61,137
116900036,7,52,-45
116900038,3,4,-1
116900041,116,3,113
116900042,90,149,-59
116900043,29,18,11
116900047,18,500,-482
116900049,6,61,-55
116900050,55,142,-87
116900051,619,18,601
116900052,131,34,97
116900055,0,31,-31
116900057,50,65,-15
116900058,7,191,-184
116900059,0,7,-7
116900060,75,292,-217
116900062,1,50,-49
116900064,70,109,-39
116900065,12,53,-41
116900067,133,7,126
116900068,178,64,114
116900070,38,0,38
116900072,61,57,4
116900073,1,35,-34
116900074,12,18,-6
116900076,17,6,11
116900077,9,26,-17
116900078,62,15,47
116900079,84,48,36
116900080,1,2,-1
116900081,179,178,1
116900082,77,1298,-1221
116900083,0,9,-9
116900084,88,22,66
116900085,0,30,-30
116900086,38,64,-26
116900088,159,4,155
116900090,2,8,-6
116900091,944,26,918
116900092,136,124,12
116900093,2198,932,1266
116900094,3784,6527,-2743
116900095,389,130,259
116900096,109,454,-345
116900097,623,5810,-5187
116900098,354,202,152
116900099,49,502,-453
116900100,1691,125,1566
116900101,150,476,-326
116900103,7,1,6
116900104,8,248,-240
116900105,640,306,334
116900106,1940,2,1938
116900107,440,3928,-3488
116900110,38,1,37
116900111,1346,304,1042
116900112,400,217,183
116900113,714,3013,-2299
116900116,15,461,-446
116900117,377,94,283
116900118,628,1058,-430
116900120,531,40,491
116900121,457,40,417
116900122,1982,130,1852
116900123,877,184,693
116900124,50,125,-75
116900125,771,57,714
116900126,158,988,-830
116900128,0,9,-9
116900129,2,102,-100
116900130,670,6568,-5898
116900131,8,157,-149
116900132,126,68,58
116900133,281,77,204
116900134,266,108,158
116900136,195,19,176
116900137,188,49,139
116900138,128,26,102
116900139,27,60,-33
116900140,108,30,78
116900141,169,35,134
116900142,1,34,-33
116900143,190,25,165
116900144,91,7,84
116900145,44,33,11
116900147,77,1288,-1211
116900148,1,4,-3
116900149,50,205,-155
116900150,16,1,15
116900151,70,50,20
116900153,190,103,87
116900154,201,546,-345
116900155,86,78,8
116900157,1521,61,1460
116900158,156,323,-167
116900159,71,424,-353
116900160,940,437,503
116900161,2658,12487,-9829
116900162,21,96,-75
116900163,594,26,568
116900164,95,32,63
116900165,661,292,369
116900166,159,89,70
116900167,771,14,757
116900168,804,10,794
116900169,146,918,-772
116900170,634,282,352
116900171,54,44,10
116900172,69,642,-573
116900173,670,3,667
116900174,58,182,-124
116900175,301,379,-78
116900178,62,36,26
116900179,28,600,-572
116900180,169,1,168
116900182,726,148,578
116900183,382,74,308
116900185,39,11,28
116900186,159,26,133
116900187,57,47,10
116900188,144,3,141
116900189,25,0,25
116900191,130,89,41
116900192,476,117,359
116900194,157,1662,-1505
116900195,12,5,7
116900196,12,21,-9
116900197,209,21,188
116900198,81,998,-917
116900200,211,1,210
116900201,600,3,597
116900202,42,25,17
116900203,244,2,242
116900204,14,365,-351
116900206,138,1,137
116900207,25,23,2
116900208,18,50,-32
116900209,8,18,-10
116900210,330,175,155
116900211,157,0,157
116900212,178,2,176
116900213,174,25,149
116900214,349,137,212
116900215,24,23,1
116900216,314,71,243
116900218,0,78,-78
116900219,337,84,253
116900220,71,106,-35
116900221,165,226,-61
116900222,284,170,114
116900223,14,32,-18
116900226,253,24,229
116900227,440,16,424
116900228,666,70,596
116900230,120,34,86
116900231,127,124,3
116900232,56,114,-58
116900233,621,103,518
116900234,6,0,6
116900235,527,159,368
116900238,280,51,229
116900239,10,1481,-1471
116900240,2414,4540,-2126
116900241,40,31,9
116900242,341,1733,-1392
116900243,1,20,-19
116900245,56,66,-10
116900246,152,22,130
116900247,1450,29,1421
116900248,132,8,124
116900249,645,23,622
116900250,899,66,833
116900251,215,1952,-1737
116900252,391,154,237
116900254,73,90,-17
116900255,188,246,-58
116900256,840,269,571
116900257,59,55,4
116900258,1,19,-18
116900259,391,24,367
116900260,6,6,0
116900261,96,0,96
116900262,38,71,-33
116900263,5,10,-5
116900264,139,68,71
116900265,259,0,259
116900266,43,3,40
116900267,20,0,20
116900268,2,401,-399
116900269,385,1108,-723
116900271,215,1166,-951
116900272,387,328,59
116900273,19,254,-235
116900274,130,26,104
116900275,342,62,280
116900276,275,567,-292
116900277,56,108,-52
116900278,2,4,-2
116900279,6,13,-7
116900280,132,18,114
116900281,1836,8263,-6427
116900282,0,7,-7
116900283,0,6,-6
116900284,7,48,-41
116900285,24,505,-481
116900286,56,2,54
116900287,4,7,-3
116900288,248,38,210
116900289,30,2,28
116900290,19,1,18
116900291,18,11,7
116900292,0,51,-51
116900293,70,0,70
116900294,0,54,-54
116900295,203,321,-118
116900296,84,140,-56
116900297,1,60,-59
116900298,33,189,-156
116900299,5,631,-626
116900300,0,119,-119
116900301,16,419,-403
116900302,1,111,-110
116900303,60,221,-161
116900304,0,134,-134
116900305,11,34,-23
116900306,611,36,575
116900307,201,0,201
116900308,0,33,-33
116900309,495,5,490
116900310,59,6,53
116900311,1,174,-173
117000001,2747,4389,-1642
117000002,2088,2888,-800
117000003,5807,2574,3233
117000004,1766,3328,-1562
117000005,5175,1863,3312
117000006,1274,1655,-381
117000007,8803,1180,7623
117000008,1157,1846,-689
117000009,5364,1397,3967
117000010,983,1296,-313
117000011,5109,901,4208
117000012,2070,773,1297
117000013,3346,991,2355
117000014,2134,2401,-267
117000015,3419,1793,1626
117000016,264,489,-225
117000017,72,885,-813
117000018,94,1012,-918
117000019,52,57,-5
117000020,537,2887,-2350
117000021,1698,862,836
117000022,47,458,-411
117000023,54,979,-925
117000024,115,756,-641
117000025,248,3772,-3524
117000026,1729,3437,-1708
117000027,893,2435,-1542
117000028,773,1437,-664
117000030,419,348,71
117000031,686,266,420
117000032,1479,1471,8
117000033,1464,754,710
117000034,262,194,68
117000035,439,349,90
117000036,538,372,166
117000037,418,232,186
117000038,228,362,-134
117000039,268,271,-3
117000040,65,375,-310
117000041,1815,82,1733
117000044,16,198,-182
117000045,1226,401,825
117000046,289,851,-562
117000047,1045,823,222
117000048,1179,586,593
117000049,41,282,-241
117000050,720,1202,-482
117000051,3498,48,3450
117000052,113,98,15
117000053,1690,11,1679
117000054,2378,6,2372
117000055,2,473,-471
117000056,784,38,746
117000057,204,613,-409
117000060,391,767,-376
117000061,2630,1842,788
117000062,168,584,-416
117000063,1641,729,912
117000064,571,504,67
117000066,184,449,-265
117000067,100,488,-388
117000074,3,173,-170
117000076,26,17,9
117000077,226,62,164
117000078,104,389,-285
117000079,326,111,215
117000080,1,579,-578
117000081,629,83,546
117000082,30,168,-138
117000083,347,400,-53
117000084,195,0,195
117000085,790,900,-110
117000086,557,200,357
117000087,181,477,-296
117000088,604,103,501
117000089,3884,170,3714
117000090,415,305,110
117000091,2075,103,1972
117000092,511,425,86
117000093,2952,201,2751
117000094,924,471,453
117000095,4539,255,4284
117000096,798,529,269
117000097,3538,506,3032
117000098,1075,1079,-4
117000099,5964,650,5314
117000100,444,207,237
117000101,46,386,-340
117000102,2729,305,2424
117000103,291,504,-213
117000104,2520,391,2129
117000105,338,482,-144
117000106,2614,245,2369
117000107,454,565,-111
117000108,3158,611,2547
117000109,577,878,-301
117000110,2111,2146,-35
117000111,3557,3040,517
117000112,4338,690,3648
117000113,75,88,-13
117000114,383,54,329
117000115,56,31,25
117000116,298,131,167
117000117,1592,786,806
117000118,487,581,-94
117000119,163,644,-481
117000120,25,909,-884
117000121,42,920,-878
117000122,1069,1654,-585
117000123,2314,30,2284
117000124,45,183,-138
117000125,24,730,-706
117000126,33,26,7
117000127,76,423,-347
117000128,35,925,-890
117000129,292,1710,-1418
117000130,436,28,408
117000131,0,133,-133
117000132,6672,26,6646
117000133,5822,19,5803
117000134,0,97,-97
117000135,4,138,-134
117000136,0,27,-27
117000137,431,84,347
117000138,0,771,-771
117000140,283,396,-113
117000141,2227,232,1995
117000181,191,121,70
117000182,2508,1952,556
117000195,42,194,-152
117000196,459,205,254
117000225,25,321,-296
117000226,1,256,-255
117000276,620,34,586
117000277,0,104,-104
117000310,680,3747,-3067
117000315,211,832,-621
117000320,153,1,152
117000906,967,21,946
117000907,0,102,-102
117000909,177,125,52
117000910,300,68,232
117000911,38,88,-50
117000915,1,91,-90
117000916,194,7,187
117000917,1861,93,1768
117000918,304,37,267
117000919,0,16,-16
117000920,0,472,-472
117000921,0,280,-280
117000922,9,76,-67
117000924,1473,980,493
117000926,507,490,17
117000927,284,487,-203
117000928,0,121,-121
117000929,1272,130,1142
117000930,1450,2,1448
117000931,102,50,52
117900002,22,884,-862
117900003,52,36,16
117900005,0,216,-216
117900006,2,25,-23
117900007,166,60,106
117900008,1,34,-33
117900010,594,60,534
117900011,5,853,-848
117900012,117,74,43
117900013,0,176,-176
117900014,912,211,701
117900015,2,79,-77
117900016,763,1530,-767
117900017,2003,671,1332
117900018,584,504,80
117900019,1386,301,1085
117900020,86,157,-71
117900021,26,117,-91
117900023,2838,67,2771
117900024,104,159,-55
117900025,4,0,4
117900026,687,227,460
117900028,178,9,169
117900029,411,313,98
117900031,450,549,-99
117900032,1496,583,913
117900033,809,311,498
117900034,115,31,84
117900035,403,99,304
117900036,396,161,235
117900037,291,35,256
117900038,25,52,-27
117900039,0,17,-17
117900040,117,53,64
117900041,0,27,-27
117900042,1694,689,1005
117900043,0,5,-5
117900044,81,6732,-6651
117900045,469,95,374
117900048,563,46,517
117900049,510,588,-78
117900050,3,415,-412
117900051,50,12,38
117900052,139,725,-586
117900053,2922,115,2807
117900054,0,0,0
117900055,1671,325,1346
117900056,13,173,-160
117900057,1124,414,710
117900058,2,105,-103
117900059,92,182,-90
117900060,3521,845,2676
117900061,6,379,-373
117900063,828,204,624
117900065,173,413,-240
117900066,5,211,-206
117900067,1549,133,1416
117900069,2146,97,2049
117900070,29,421,-392
117900071,221,89,132
117900073,1571,87,1484
117900074,8,695,-687
117900075,190,77,113
117900076,49,120,-71
117900077,946,37,909
117900078,617,472,145
117900080,365,34,331
117900081,146,66,80
117900082,1149,212,937
117900083,1396,441,955
117900086,262,54,208
117900087,162,2,160
117900088,366,692,-326
117900089,3703,403,3300
117900090,1592,703,889
117900091,198,31,167
117900092,298,48,250
117900093,210,26,184
117900094,88,32,56
117900095,823,1807,-984
117900096,344,304,40
117900097,226,14,212
117900098,214,9,205
117900099,351,801,-450
117900100,986,0,986
117900101,1233,2947,-1714
117900102,157,11,146
117900103,105,1,104
117900104,1,647,-646
117900105,49,112,-63
117900106,89,13,76
117900107,140,0,140
117900109,1809,466,1343
117900110,551,0,551
117900111,2010,206,1804
117900112,99,1,98
117900113,667,2647,-1980
117900114,74,0,74
117900115,16,380,-364
117900116,428,342,86
117900117,1133,99,1034
117900118,495,0,495
117900119,405,6,399
117900120,1129,27,1102
117900121,142,10,132
117900122,756,7908,-7152
117900123,1294,561,733
117900124,227,318,-91
117900125,1889,734,1155
117900126,61,113,-52
117900127,968,140,828
117900128,586,284,302
117900129,267,0,267
117900130,1162,195,967
117900131,1,53,-52
117900132,0,25,-25
117900133,10,25,-15
117900134,36,25,11
117900135,31,34,-3
117900136,0,1,-1
117900137,11,64,-53
117900138,0,1,-1
117900139,72,71,1
117900140,6875,68,6807
117900141,34,327,-293
117900142,29,631,-602
117900144,7,818,-811
117900145,3,529,-526
117900146,245,352,-107
117900147,136,58,78
117900148,2131,4287,-2156
117900149,56,35,21
117900150,96,44,52
117900151,87,174,-87
117900152,40,119,-79
117900153,8,145,-137
117900154,929,384,545
117900156,280,239,41
117900157,111,353,-242
117900158,471,46,425
117900160,1156,687,469
117900161,494,347,147
117900162,1000,353,647
117900163,20,914,-894
117900165,0,1,-1
117900166,14,197,-183
117900168,220,69,151
117900169,0,45,-45
117900170,1,13,-12
117900171,0,0,0
117900172,2,1,1
117900173,15,12,3
117900174,25,29,-4
117900175,7,4,3
117900176,21,10,11
117900177,23,23,0
117900178,12,8,4
117900180,71,25,46
117900181,43,572,-529
117900182,0,101,-101
117900183,176,79,97
117900184,52,61,-9
117900185,86,4,82
117900186,82,17,65
117900187,46,0,46
117900188,119,11,108
117900189,43,20,23
117900190,7,0,7
117900191,41,0,41
117900192,141,0,141
117900193,0,22,-22
117900194,5,1,4
117900195,25,4,21
117900196,34,7,27
117900207,28,105,-77
117900208,13,48,-35
117900209,296,111,185
117900210,65,54,11
117900211,2,47,-45
117900212,175,66,109
117900213,17,4,13
117900214,9,7,2
117900215,143,19,124
117900216,155,26,129
117900217,90,183,-93
117900218,69,398,-329
117900219,8,206,-198
117900220,17,232,-215
117900222,294,113,181
117900223,75,462,-387
118000001,486,2067,-1581
118000002,266,723,-457
118000003,1837,3966,-2129
118000004,786,3871,-3085
118000005,3328,1424,1904
118000006,3080,2993,87
118000007,3763,8533,-4770
118000008,664,8230,-7566
118000009,1099,3250,-2151
118000010,3219,3310,-91
118000011,2778,665,2113
118000012,904,960,-56
118000013,2050,2009,41
118000014,1492,1005,487
118000016,394,126,268
118000017,612,349,263
118000018,391,132,259
118000019,1056,1686,-630
118000020,348,1218,-870
118000021,437,1794,-1357
118000022,712,334,378
118000023,477,306,171
118000024,302,597,-295
118000027,7051,4220,2831
118000029,667,398,269
118000032,265,1210,-945
118000033,1307,3103,-1796
118000034,1624,2032,-408
118000035,1206,1447,-241
118000036,772,792,-20
118000037,804,1183,-379
118000038,920,65,855
118000039,151,47,104
118000040,2060,1186,874
118000041,4205,1510,2695
118000045,135,207,-72
118000046,579,885,-306
118000047,224,1915,-1691
118000048,1128,2483,-1355
118000051,547,2051,-1504
118000052,141,910,-769
118000053,400,1110,-710
118000054,2565,652,1913
118000055,1941,1155,786
118000056,88,444,-356
118000057,164,222,-58
118000058,1458,4822,-3364
118000059,924,2978,-2054
118000060,1072,379,693
118000061,1344,1426,-82
118000062,484,183,301
118000063,209,779,-570
118000064,540,880,-340
118000065,1534,1566,-32
118000066,1229,2659,-1430
118000067,350,527,-177
118000068,514,11062,-10548
118000069,654,1123,-469
118000070,4699,2956,1743
118000071,2940,12191,-9251
118000072,572,4979,-4407
118000073,351,1972,-1621
118000074,427,1652,-1225
118000075,500,697,-197
118000076,1731,8628,-6897
118000077,935,1059,-124
118000078,1778,2139,-361
118000079,159,391,-232
118000080,334,768,-434
118000081,1251,1197,54
118000082,365,762,-397
118000083,928,1116,-188
118000084,1056,2592,-1536
118000086,95,570,-475
118000087,2428,1706,722
118000088,983,1300,-317
118000089,2754,3400,-646
118000090,1195,3967,-2772
118000091,830,5710,-4880
118000092,751,426,325
118000093,47,609,-562
118000096,683,357,326
118000097,540,520,20
118000098,127,131,-4
118000099,933,241,692
118000101,1858,366,1492
118000102,525,337,188
118000107,1304,221,1083
118000108,410,7313,-6903
118000110,2,39,-37
118000111,0,84,-84
118000112,3070,4,3066
118000113,2,208,-206
118000114,2011,26,1985
118000115,6,33,-27
118000116,109,1,108
118000117,457,662,-205
118000118,1280,1226,54
118000119,1597,1352,245
118000120,862,468,394
118000121,43,303,-260
118000122,381,296,85
118000123,33,251,-218
118000125,490,1408,-918
118000126,571,2950,-2379
118000127,1022,656,366
118000128,232,1035,-803
118000129,1283,813,470
118000130,1344,2111,-767
118000131,230,645,-415
118000132,1917,1734,183
118000133,2364,847,1517
118000135,458,626,-168
118000136,97,655,-558
118000137,347,81,266
118000138,393,279,114
118000139,606,122,484
118000140,3543,8690,-5147
118000141,1981,1168,813
118000142,3339,1228,2111
118000143,3331,1222,2109
118000144,494,176,318
118000145,1225,332,893
118000146,1513,146,1367
118000147,1213,417,796
118000148,1815,1723,92
118000149,1030,243,787
118000150,1112,171,941
118000151,798,104,694
118000153,1968,429,1539
118000154,3927,673,3254
118000155,2635,481,2154
118000156,1740,3471,-1731
118000157,624,187,437
118000158,349,702,-353
118000159,51,83,-32
118000160,695,188,507
118000161,512,239,273
118000162,1792,447,1345
118000163,846,898,-52
118000164,1819,1031,788
118000168,366,869,-503
118000169,912,687,225
118000170,2016,1493,523
118000171,312,233,79
118000172,69,81,-12
118000173,825,1245,-420
118000175,228,180,48
118000176,456,178,278
118000177,347,364,-17
118000178,23,24,-1
118000179,405,459,-54
118000180,394,262,132
118000181,374,92,282
118000182,278,64,214
118000183,208,114,94
118000184,1319,248,1071
118000185,301,1652,-1351
118000186,235,1127,-892
118000187,2636,252,2384
118000188,1416,42,1374
118000189,1534,142,1392
118000190,9,3,6
118000191,30,12,18
118000192,5,108,-103
118000193,2,189,-187
118000194,1313,704,609
118000195,144,2888,-2744
118000196,58,653,-595
118000197,114,552,-438
118000198,250,1766,-1516
118000199,524,3610,-3086
118000200,34,749,-715
118000201,69,996,-927
118000202,6,912,-906
118000203,238,1717,-1479
118000204,28,624,-596
118000205,19,341,-322
118000206,143,271,-128
118000207,0,74,-74
118000208,2173,918,1255
118000209,2624,283,2341
118000210,273,1,272
118000211,263,24,239
118000213,358,3577,-3219
118000214,170,752,-582
118000215,91,29,62
118000216,10875,1975,8900
118000217,31,19,12
118000218,69,24,45
118000219,186,196,-10
118000220,88,37,51
118000221,974,969,5
118000222,98,4,94
118000223,114,19,95
118000224,46,56,-10
118000225,206,538,-332
118000226,1961,147,1814
118000227,501,468,33
118000228,33,201,-168
118000229,29,726,-697
118000230,108,106,2
118000231,3,156,-153
118000232,1012,148,864
118000233,1381,293,1088
118000234,528,88,440
118000236,285,245,40
118000237,126,163,-37
118000238,239,74,165
118000239,294,305,-11
118000240,79,90,-11
118000241,246,40,206
118000242,762,98,664
118000243,282,113,169
118000244,106,24,82
118000246,6,46,-40
118000255,93,222,-129
118000256,218,144,74
118000259,6,84,-78
118000260,241,19,222
118000261,81,3,78
118000263,100,173,-73
118000266,143,70,73
118000267,0,230,-230
118000268,372,3,369
118000270,225,2,223
118000271,283,129,154
118000272,54,18,36
118000273,428,22,406
118000274,59,66,-7
118000276,356,28,328
118000295,21,53,-32
118000298,126,60,66
118000299,59,34,25
118000301,0,84,-84
118000302,80,11,69
118000311,1883,53,1830
118000312,386,43,343
118000313,90,32,58
118000314,128,28,100
118000315,30,5,25
118000316,1045,241,804
118000325,77,3,74
118000326,42,35,7
118000331,79,0,79
118000332,31,10,21
118000333,28,2,26
118000335,1287,1,1286
118000336,1,125,-124
118000407,342,16,326
118000457,2,69,-67
118000465,367,1986,-1619
118000480,112,27,85
118000489,3,683,-680
118000490,6,178,-172
118000492,1016,93,923
118000510,16,5,11
118000514,42,281,-239
118000515,396,1921,-1525
118000517,266,128,138
118000524,247,343,-96
118000525,206,462,-256
118000530,8,127,-119
118000531,561,130,431
118000532,230,133,97
118000533,155,78,77
118000534,703,210,493
118000535,338,44,294
118000536,43,269,-226
118000537,9,36,-27
118000538,37,91,-54
118000539,8,115,-107
118000540,208,102,106
118000541,98,67,31
118000542,93,190,-97
118000543,354,188,166
118000546,48,5,43
118000553,0,0,0
118000557,0,0,0
118000560,491,2359,-1868
118000562,88,10,78
118000563,1435,456,979
118000576,165,39,126
118000577,272,124,148
118000578,188,26,162
118000579,468,2056,-1588
118000583,0,0,0
118000595,309,32,277
118000596,1,247,-246
118000597,332,67,265
118000598,2,0,2
118000599,283,45,238
118000600,2,3,-1
118000601,2,0,2
118000602,0,26,-26
118000603,0,10,-10
118000605,97,60,37
118000606,38,17,21
118900001,383,1201,-818
118900002,667,849,-182
118900003,670,3,667
118900004,94,11,83
118900005,83,4,79
118900006,87,0,87
118900007,2,1,1
118900008,677,21,656
118900009,150,173,-23
118900010,40,10,30
118900011,243,21,222
118900012,194,169,25
118900013,1158,820,338
118900015,504,34,470
118900016,1,2,-1
118900017,6,290,-284
118900018,806,45,761
118900019,0,7,-7
118900020,0,51,-51
118900021,39,388,-349
118900022,58,11,47
118900023,9,63,-54
118900024,72,99,-27
118900025,18,49,-31
118900026,24,13,11
118900027,166,139,27
118900028,225,111,114
118900029,159,244,-85
118900030,1269,44,1225
118900031,61,47,14
118900032,200,56,144
118900033,311,669,-358
118900034,339,22,317
118900035,130,53,77
118900036,1482,201,1281
118900037,365,708,-343
118900038,506,31,475
118900039,1140,55,1085
118900040,126,66,60
118900041,916,88,828
118900042,178,29,149
118900045,115,127,-12
118900046,202,264,-62
118900047,290,518,-228
118900048,45,296,-251
118900049,5,14,-9
118900050,143,5,138
118900051,100,126,-26
118900052,186,291,-105
118900053,2,38,-36
118900054,230,8,222
118900055,207,12,195
118900056,46,156,-110
118900057,622,265,357
118900058,698,412,286
118900059,7,63,-56
118900060,185,50,135
118900062,189,63,126
118900064,97,567,-470
118900065,44,112,-68
118900066,143,53,90
118900067,2327,4958,-2631
118900068,5,659,-654
118900069,747,104,643
118900071,4,4,0
118900072,565,773,-208
118900073,493,52,441
118900074,154,37,117
118900075,361,13,348
118900076,197,70,127
118900077,492,86,406
118900078,1,0,1
118900079,28,68,-40
118900080,168,32,136
118900081,44,20,24
118900082,2215,192,2023
118900083,6,0,6
118900084,18,10,8
118900085,220,90,130
118900086,25,96,-71
118900087,77,1054,-977
118900088,5,2,3
118900089,4,9,-5
118900090,191,36,155
118900091,135,172,-37
118900092,277,20,257
118900093,51,13,38
118900096,22,64,-42
118900097,255,158,97
118900099,24,31,-7
118900100,56,65,-9
118900101,106,71,35
118900102,36,71,-35
118900103,2,50,-48
118900104,283,68,215
118900105,79,21,58
118900107,25,27,-2
118900108,12,78,-66
118900110,657,1202,-545
118900111,758,235,523
118900112,244,213,31
118900113,460,70,390
118900114,0,50,-50
118900115,24,342,-318
118900116,76,32,44
118900117,136,23,113
118900118,372,127,245
118900119,473,89,384
118900120,35,230,-195
118900121,4,64,-60
118900122,1,823,-822
118900123,102,125,-23
118900124,107,99,8
118900126,33,157,-124
118900129,294,64,230
118900130,5,44,-39
118900131,557,123,434
118900132,417,104,313
118900133,12,172,-160
118900135,306,104,202
118900136,302,98,204
118900137,2,98,-96
118900139,550,95,455
118900140,606,235,371
118900141,197,182,15
118900144,188,113,75
118900145,8,102,-94
118900146,673,206,467
118900147,102,368,-266
118900148,64,17,47
118900150,402,595,-193
118900152,358,232,126
118900157,18,172,-154
118900158,295,12,283
118900159,0,84,-84
118900161,62,19,43
118900163,36,2,34
118900164,0,46,-46
118900165,98,84,14
118900166,2,0,2
118900167,42,20,22
118900168,75,174,-99
118900169,151,151,0
118900170,426,60,366
118900171,74,8,66
118900174,29,17,12
118900175,510,166,344
118900176,116,83,33
118900177,144,7,137
118900178,79,16,63
118900179,74,5,69
118900181,149,15,134
118900182,12,12,0
118900183,54,64,-10
118900184,174,33,141
118900185,471,33,438
118900186,66,65,1
118900187,84,392,-308
118900188,237,182,55
118900189,27,586,-559
118900190,91,61,30
118900191,613,36,577
118900192,845,11,834
118900193,1872,7,1865
118900195,124,260,-136
118900196,13,31,-18
118900197,563,17,546
118900198,59,0,59
118900199,70,2,68
118900200,35,33,2
118900201,44,24,20
118900202,0,26,-26
118900203,57,4,53
118900204,3,13,-10
118900205,0,1,-1
118900206,0,0,0
119000001,1355,1079,276
119000002,2866,2141,725
119000003,4993,615,4378
119000004,3526,2080,1446
119000005,2289,2304,-15
119000006,6668,1789,4879
119000007,3528,3154,374
119000008,1612,1338,274
119000009,2645,6577,-3932
119000010,3348,3876,-528
119000011,1535,1765,-230
119000012,685,2581,-1896
119000013,2586,1343,1243
119000014,1635,1967,-332
119000019,314,87,227
119000020,2917,1307,1610
119000021,5275,3474,1801
119000022,633,3795,-3162
119000023,141,240,-99
119000024,1168,20551,-19383
119000025,2595,859,1736
119000026,16,263,-247
119000027,88,322,-234
119000028,1400,449,951
119000029,15,108,-93
119000030,642,527,115
119000031,1075,293,782
119000032,725,1067,-342
119000033,1377,613,764
119000034,1669,406,1263
119000035,14,79,-65
119000036,2527,385,2142
119000037,1966,354,1612
119000038,421,187,234
119000039,1863,371,1492
119000040,878,827,51
119000041,926,1951,-1025
119000048,1512,710,802
119000049,2831,878,1953
119000050,810,1148,-338
119000051,2512,832,1680
119000052,2207,1538,669
119000053,2303,677,1626
119000054,3256,587,2669
119000055,6303,791,5512
119000056,4274,929,3345
119000057,1756,340,1416
119000058,1141,455,686
119000059,663,436,227
119000060,2032,397,1635
119000061,764,190,574
119000062,758,511,247
119000063,740,610,130
119000064,454,438,16
119000065,717,1645,-928
119000066,1780,1071,709
119000067,1111,497,614
119000068,2052,353,1699
119000069,1647,610,1037
119000070,4252,283,3969
119000071,317,186,131
119000072,2481,1674,807
119000073,4317,9684,-5367
119000074,1591,685,906
119000075,5346,1689,3657
119000076,185,203,-18
119000077,669,166,503
119000078,740,230,510
119000079,624,169,455
119000080,1085,116,969
119000081,403,253,150
119000082,1025,124,901
119000083,694,527,167
119000084,469,182,287
119000085,360,65,295
119000086,500,1156,-656
119000087,751,88,663
119000088,154,27,127
119000089,151,656,-505
119000090,74,37,37
119000091,168,249,-81
119000092,121,126,-5
119000093,2429,1299,1130
119000094,5307,4318,989
119000095,2966,2126,840
119000097,804,427,377
119000098,1087,5492,-4405
119000099,1257,441,816
119000100,4648,2255,2393
119000101,3243,1250,1993
119000102,276,1684,-1408
119000103,725,502,223
119000104,883,365,518
119000105,700,3147,-2447
119000106,484,284,200
119000107,2074,707,1367
119000108,716,307,409
119000109,170,126,44
119000110,177,45,132
119000111,64,477,-413
119000112,77,25,52
119000113,514,53,461
119000114,911,1423,-512
119000115,41,89,-48
119000116,98,51,47
119000117,33,218,-185
119000118,16,0,16
119000123,1629,2072,-443
119000124,1601,133,1468
119000125,5906,237,5669
119000126,2825,391,2434
119000127,1129,170,959
119000128,27,1,26
119000131,990,98,892
119000132,0,0,0
119000133,4,2,2
119000134,627,474,153
119000135,229,98,131
119000136,362,38,324
119000137,555,100,455
119000138,1082,39,1043
119000139,119,22,97
119000140,148,255,-107
119000284,609,1083,-474
119000285,1115,599,516
119000286,2100,1897,203
119000287,1095,844,251
119000288,1952,416,1536
119000289,1259,1922,-663
119000290,178,252,-74
119000291,280,349,-69
119000293,456,321,135
119000294,44,26,18
119000295,1929,219,1710
119000296,387,197,190
119000302,896,968,-72
119000303,9,186,-177
119000314,1253,14337,-13084
119000315,1,71,-70
119000316,304,31,273
119000317,147,72,75
119000319,1703,162,1541
119900001,43,1721,-1678
119900002,240,139,101
119900003,61,94,-33
119900004,68,2821,-2753
119900005,341,22,319
119900006,26,369,-343
119900007,394,126,268
119900008,6,8,-2
119900009,405,127,278
119900010,564,171,393
119900011,25,408,-383
119900012,5,169,-164
119900013,861,684,177
119900014,365,31,334
119900015,361,52,309
119900016,22,37,-15
119900017,25,32,-7
119900018,452,1882,-1430
119900019,51,2,49
119900020,41,50,-9
119900021,146,25,121
119900022,48,1288,-1240
119900023,275,2974,-2699
119900025,499,8,491
119900026,326,28,298
119900027,1,5,-4
119900028,204,261,-57
119900029,3,1,2
119900030,501,124,377
119900031,59,718,-659
119900033,876,141,735
119900034,1058,10,1048
119900037,366,10,356
119900038,2,338,-336
119900039,73,6,67
119900040,37,13,24
119900041,234,6,228
119900042,35,126,-91
119900043,144,32,112
119900044,66,713,-647
119900046,357,8,349
119900047,356,288,68
119900049,174,9,165
119900050,19,101,-82
119900051,1940,6,1934
119900052,197,8,189
119900053,406,66,340
119900054,395,11,384
119900055,1147,105,1042
119900057,559,15,544
119900058,520,5,515
119900059,49,12,37
119900060,506,35,471
119900061,833,8,825
119900062,197,4,193
119900063,11,84,-73
119900065,266,0,266
119900067,103,8,95
119900068,872,4,868
119900069,121,0,121
119900070,939,1,938
119900071,1019,20,999
119900073,662,49,613
119900074,15,41,-26
119900075,765,1210,-445
119900076,149,30,119
119900077,1181,157,1024
119900078,642,131,511
119900079,859,19,840
119900080,351,115,236
119900081,1668,5,1663
119900082,1916,116,1800
119900083,423,33,390
119900084,512,112,400
119900085,20,8,12
119900086,282,199,83
119900087,159,277,-118
119900088,12,4,8
119900089,26,38,-12
119900090,22,9,13
119900091,230,171,59
119900092,1,189,-188
119900093,1036,87,949
119900094,2,187,-185
119900095,133,25,108
119900096,32,25,7
119900097,28,199,-171
119900098,10,2,8
119900099,5,28,-23
119900100,303,2107,-1804
119900101,78,451,-373
119900102,17,53,-36
119900103,22,35,-13
119900104,5,40,-35
119900105,285,536,-251
119900106,4,30,-26
119900107,75,432,-357
119900108,1980,273,1707
119900109,14,40,-26
119900110,460,231,229
119900111,357,54,303
119900112,337,825,-488
119900113,13,156,-143
119900114,243,236,7
119900115,617,121,496
119900116,43,269,-226
119900117,251,85,166
119900118,141,110,31
119900119,309,62,247
119900120,309,110,199
119900121,786,143,643
119900122,8,55,-47
119900123,52,105,-53
119900124,255,109,146
119900125,2,86,-84
119900126,903,90,813
119900127,353,142,211
119900128,542,257,285
119900129,371,112,259
119900130,4,22,-18
119900131,45,46,-1
119900132,46,71,-25
119900133,183,40,143
119900134,250,55,195
119900135,3,117,-114
119900136,30,88,-58
119900138,80,123,-43
119900139,1,64,-63
119900140,6,28,-22
119900141,3,846,-843
119900142,0,5,-5
119900143,4,54,-50
119900144,502,73,429
119900145,63,19,44
119900146,162,38,124
119900147,0,113,-113
119900148,361,17,344
119900149,208,6762,-6554
119900150,64,41,23
119900151,1026,556,470
119900152,181,73,108
119900153,247,19,228
119900154,66,169,-103
119900155,16,31,-15
119900156,3,0,3
119900157,190,42,148
119900158,147,33,114
119900159,13,141,-128
119900160,17,67,-50
119900161,73,36,37
119900162,1240,332,908
119900163,69,43,26
119900164,0,1,-1
119900165,146,9,137
119900166,66,14,52
119900167,2,12,-10
119900168,1834,120,1714
119900169,8,159,-151
119900170,102,165,-63
119900171,515,144,371
119900172,23,8,15
119900173,1,24,-23
119900174,10,33,-23
119900175,2565,240,2325
119900177,1,29,-28
119900178,27,63,-36
119900179,252,1215,-963
119900180,1403,453,950
119900181,10,15,-5
119900182,195,81,114
119900183,37,252,-215
119900184,393,162,231
119900185,20,318,-298
119900186,13,1678,-1665
119900187,0,128,-128
119900188,132,143,-11
119900189,23,201,-178
119900190,41,261,-220
119900191,88,354,-266
119900192,27,56,-29
119900193,854,100,754
119900194,17,4,13
119900195,2,110,-108
119900196,99,71,28
119900197,415,66,349
119900198,65,122,-57
119900199,84,4,80
119900200,739,249,490
119900201,105,44,61
119900202,12,230,-218
119900203,122,561,-439
119900204,204,185,19
119900205,1390,89,1301
119900206,472,51,421
119900208,66,75,-9
119900209,412,1700,-1288
119900210,62,6,56
119900211,8,0,8
119900212,1132,283,849
119900213,1,40,-39
119900214,88,2,86
119900215,36,6,30
119900216,15,15,0
119900217,18,4,14
119900218,0,46,-46
119900219,37,18,19
119900220,3,9,-6
119900221,34,26,8
119900222,4,42,-38
119900223,5,46,-41
119900224,3,13,-10
119900225,110,13,97
119900226,73,1518,-1445
119900227,86,49,37
119900228,3,184,-181
119900229,44,57,-13
119900230,384,143,241
119900231,348,60,288
119900232,90,46,44
119900233,36,2,34
119900234,4,40,-36
119900235,3,37,-34
119900236,7,68,-61
119900237,26,252,-226
119900238,0,11,-11
119900240,36,10,26
119900241,45,50,-5
119900242,1266,931,335
119900244,362,725,-363
119900245,141,108,33
119900246,60,324,-264
119900247,3,9,-6
119900248,48,595,-547
119900249,416,47,369
119900253,670,261,409
119900254,48,1361,-1313
119900255,90,223,-133
119900256,1299,211,1088
119900257,129,4,125
119900258,182,0,182
119900259,25,40,-15
119900260,212,13,199
119900261,484,66,418
119900262,36,64,-28
119900263,989,72,917
119900264,117,9,108
119900265,608,133,475
119900266,483,23,460
119900267,42,116,-74
119900268,294,39,255
119900269,907,169,738
119900271,4,45,-41
119900272,83,99,-16
119900275,184,119,65
119900276,154,2,152
119900277,23,8,15
119900278,165,31,134
119900279,29,368,-339
119900280,249,16,233
119900281,0,273,-273
119900282,13,53,-40
119900283,25,46,-21
119900284,66,84,-18
119900285,1,111,-110
119900286,0,11,-11
119900288,3,0,3
119900289,0,0,0
119900290,1,3,-2
119900291,0,4,-4
119900292,7,71,-64
119900293,11,10,1
119900294,11,58,-47
119900295,27,4,23
119900296,70,5,65
119900297,0,1,-1
119900298,0,2,-2
119900299,38,66,-28
119900300,423,88,335
119900301,37,200,-163
119900302,9,76,-67
119900303,638,75,563
119900304,282,4,278
119900305,0,27,-27
119900306,32,1,31
119900307,46,11,35
119900308,0,28,-28
119900309,7,177,-170
119900310,108,83,25
119900311,255,11,244
119900312,122,4,118
119900313,189,84,105
119900314,245,367,-122
119900315,3151,532,2619
119900318,26,70,-44
119900319,16,25,-9
119900320,324,54,270
119900321,289,43,246
120000001,6016,31331,-25315
120000002,1808,1737,71
120000003,1408,575,833
120000004,2301,732,1569
120000005,1835,574,1261
120000006,1358,472,886
120000007,2434,4265,-1831
120000008,1221,561,660
120000009,926,725,201
120000010,2311,1507,804
120000011,1184,687,497
120000012,1518,775,743
120000013,4128,2261,1867
120000014,1146,930,216
120000015,2895,1139,1756
120000016,3564,1532,2032
120000017,3677,4599,-922
120000018,1908,19727,-17819
120000019,1131,908,223
120000020,1634,1962,-328
120000021,1095,811,284
120000022,1814,2349,-535
120000023,1366,960,406
120000024,677,988,-311
120000025,2545,808,1737
120000026,4071,983,3088
120000027,2045,1384,661
120000028,412,777,-365
120000029,788,606,182
120000030,238,757,-519
120000031,1361,3849,-2488
120000032,2558,1259,1299
120000033,4098,630,3468
120000034,4837,569,4268
120000035,3561,645,2916
120000036,2705,4037,-1332
120000037,422,1880,-1458
120000038,1763,1481,282
120000039,372,884,-512
120000040,51,1797,-1746
120000041,426,603,-177
120000042,2985,920,2065
120000043,6314,503,5811
120000044,8241,1055,7186
120000045,10100,437,9663
120000046,6939,4990,1949
120000047,439,11944,-11505
120000048,5074,2223,2851
120000049,4743,1959,2784
120000050,3632,3219,413
120000051,1492,3986,-2494
120000052,3765,653,3112
120000053,899,1065,-166
120000054,741,1581,-840
120000055,907,1647,-740
120000056,3154,1616,1538
120000057,3372,424,2948
120000058,1178,670,508
120000059,5,1806,-1801
120000061,203,438,-235
120000062,152,104,48
120000063,322,1516,-1194
120000064,343,449,-106
120000065,352,483,-131
120000066,126,90,36
120000067,10,81,-71
120000068,364,110,254
120000069,1000,195,805
120000070,223,356,-133
120000071,1343,80,1263
120000072,1477,329,1148
120000073,1523,18,1505
120000074,27,55,-28
120000075,947,127,820
120000076,3804,251,3553
120000077,3271,309,2962
120000078,2099,432,1667
120000079,727,177,550
120000080,195,95,100
120000081,596,44,552
120000082,705,147,558
120000083,65,886,-821
120000084,198,103,95
120000085,129,75,54
120000086,198,127,71
120000087,268,137,131
120000088,555,433,122
120000089,867,221,646
120000090,745,174,571
120000091,1302,328,974
120000092,865,125,740
120000093,1552,229,1323
120000094,365,399,-34
120000095,697,94,603
120000096,466,178,288
120000098,788,217,571
120000099,451,235,216
120000100,734,185,549
120000101,728,177,551
120000102,1145,1005,140
120000103,1867,643,1224
120000104,3411,192,3219
120000105,3582,190,3392
120000106,5678,114,5564
120000107,9155,176,8979
120000108,3141,69,3072
120000109,1486,42,1444
120000110,16,316,-300
120000111,90,282,-192
120000112,255,686,-431
120000113,237,631,-394
120000114,238,503,-265
120000115,191,558,-367
120000116,176,658,-482
120000117,298,392,-94
120000118,52,45,7
120000119,13,22,-9
120000120,262,217,45
120000121,7,11,-4
120000122,144,1186,-1042
120000123,1654,11720,-10066
120000124,402,281,121
120000125,1138,332,806
120000126,559,1113,-554
120000127,624,539,85
120000128,2215,2119,96
120000129,217,80,137
120000130,801,203,598
120000131,555,324,231
120000134,94,127,-33
120000135,1378,526,852
120000137,193,133,60
120000138,2914,156,2758
120000139,425,143,282
120000140,2544,76,2468
120000141,326,139,187
120000142,1076,191,885
120000143,1,14,-13
120000144,94,25,69
120000145,936,1,935
120000146,612,986,-374
120000149,355,228,127
120000150,1011,11758,-10747
120000151,770,173,597
120000152,1662,68,1594
120000153,996,247,749
120000154,954,669,285
120000155,417,400,17
120000156,411,2223,-1812
120000157,1970,300,1670
120000158,1490,237,1253
120000159,2047,921,1126
120000160,1449,1103,346
120000161,4873,2242,2631
120000162,82,255,-173
120000163,769,240,529
120000164,923,90,833
120000165,1785,163,1622
120000166,2512,223,2289
120000167,50,118,-68
120000168,0,265,-265
120000169,14,810,-796
120000170,9,777,-768
120000171,6,162,-156
120000172,4,205,-201
120000173,92,250,-158
120000174,34,81,-47
120000175,37,11,26
120000176,0,40,-40
120000177,255,52,203
120000178,1,15,-14
120000179,26,29,-3
120000180,8,17,-9
120000181,14,307,-293
120000182,4,391,-387
120000183,0,131,-131
120000184,55,434,-379
120000186,2,265,-263
120000187,13,316,-303
120000188,22,141,-119
120000190,29,17,12
120000191,75,29,46
120000192,50,9,41
120000193,23,1,22
120000195,28,0,28
120000196,16,2,14
120000197,4,12,-8
120000198,402,17,385
120000199,240,0,240
120000200,488,0,488
120000201,31,62,-31
120000202,0,26,-26
120000203,188,57,131
120000207,6,4,2
120000208,143,12,131
120000209,8,3,5
120000210,90,79,11
120000211,769,9,760
120000212,582,0,582
120000213,377,14,363
120000214,0,22,-22
120000215,2,20,-18
120000216,560,20,540
120000217,814,579,235
120000218,7,427,-420
120000219,0,197,-197
120000220,0,500,-500
120000225,2988,1,2987
120000226,584,6,578
120000227,1000,129,871
120000228,6321,4906,1415
120000230,568,27,541
120000231,2686,361,2325
120000233,1046,1,1045
120000235,589,129,460
120000236,2585,66,2519
120000237,2,307,-305
120000238,1,270,-269
120000241,1177,5439,-4262
120000412,145,5,140
120000413,754,107,647
120000414,297,4,293
120000415,10,25,-15
120000416,270,25,245
120000417,35,84,-49
120000418,521,5,516
120000419,0,16,-16
120000420,23,8,15
120000421,6315,3290,3025
120000422,72,3763,-3691
120000423,3,129,-126
120000424,561,15,546
120000436,39,1778,-1739
120000437,28,21,7
120000438,970,205,765
120000439,188,890,-702
120000443,186,1,185
120000444,2778,352,2426
120000445,2598,961,1637
120000446,679,75,604
120000447,846,0,846
120000449,339,28,311
120000450,7,28,-21
120000451,253,46,207
120000452,113,0,113
120000453,0,9,-9
120000454,25,69,-44
120000455,239,27,212
120000456,748,5203,-4455
120000457,182,206,-24
120000458,226,202,24
120000459,216,59,157
120000665,28,205,-177
120000668,30,807,-777
120000669,525,66,459
120000670,29,187,-158
120000671,2881,1126,1755
120000672,81,290,-209
120900001,85,28,57
120900002,93,263,-170
120900003,199,2,197
120900004,24,202,-178
120900005,18,329,-311
120900006,1134,122,1012
120900007,108,38,70
120900008,558,152,406
120900009,134,23,111
120900010,1154,103,1051
120900011,7,94,-87
120900012,18,1180,-1162
120900013,387,65,322
120900014,0,75,-75
120900015,1446,38,1408
120900016,2881,45,2836
120900017,712,5,707
120900018,444,75,369
120900019,510,331,179
120900020,294,316,-22
120900021,507,70,437
120900022,4,70,-66
120900023,661,70,591
120900024,945,298,647
120900025,727,345,382
120900026,71,31,40
120900027,204,19,185
120900028,848,249,599
120900029,14,1244,-1230
120900030,2942,199,2743
120900031,373,76,297
120900032,2438,47,2391
120900033,1978,76,1902
120900034,4,3368,-3364
120900035,83,36,47
120900037,829,10,819
120900038,117,567,-450
120900039,223,13,210
120900040,626,21,605
120900041,26,20,6
120900042,938,33,905
120900043,183,64,119
120900044,4,398,-394
120900045,162,10,152
120900046,1433,4,1429
120900047,270,295,-25
120900048,290,28,262
120900049,1054,6,1048
120900050,478,4205,-3727
120900051,655,35,620
120900052,1964,1,1963
120900053,394,3,391
120900054,443,104,339
120900055,1408,4,1404
120900056,1098,32,1066
120900057,549,15,534
120900058,1167,2,1165
120900059,367,17,350
120900060,92,3,89
120900061,101,38,63
120900062,700,2,698
120900063,1718,16,1702
120900064,1222,1,1221
120900065,1026,0,1026
120900066,818,70,748
120900067,333,119,214
120900068,859,1,858
120900069,841,12,829
120900071,9,0,9
120900072,1768,7,1761
120900073,1468,18,1450
120900074,997,30,967
120900076,1055,1,1054
120900077,677,147,530
120900078,1060,157,903
120900079,1065,40,1025
120900080,2229,241,1988
120900081,4251,274,3977
120900082,209,395,-186
120900083,116,0,116
120900084,560,438,122
120900085,10,74,-64
120900086,56,867,-811
120900087,523,213,310
120900088,178,717,-539
120900089,899,5727,-4828
120900090,330,0,330
120900091,175,612,-437
120900092,39,116,-77
120900093,607,54,553
120900094,105,70,35
120900095,228,8,220
120900096,92,93,-1
120900097,340,278,62
120900098,41,78,-37
120900099,5,33,-28
120900100,47,48,-1
120900101,10,44,-34
120900102,94,5,89
120900103,94,109,-15
120900104,0,14,-14
120900105,2,100,-98
120900106,132,104,28
120900107,46,71,-25
120900108,20,147,-127
120900109,19,96,-77
120900110,13,66,-53
120900111,166,140,26
120900112,15,130,-115
120900113,10,141,-131
120900114,15,90,-75
120900115,161,163,-2
120900116,1251,97,1154
120900117,2,79,-77
120900118,1,77,-76
120900119,3516,1260,2256
120900120,77,153,-76
120900121,20,142,-122
120900122,1720,147,1573
120900123,0,27,-27
120900124,14,79,-65
120900125,8,146,-138
120900126,707,401,306
120900127,0,48,-48
120900128,123,566,-443
120900129,2,94,-92
120900130,22,67,-45
120900131,45,29,16
120900132,1608,51,1557
120900133,10,344,-334
120900134,32,139,-107
120900135,2,178,-176
120900136,12,53,-41
120900137,501,21,480
120900138,2,97,-95
120900139,5,159,-154
120900140,5,142,-137
120900141,151,72,79
120900142,1,109,-108
120900143,0,147,-147
120900144,0,24,-24
120900145,155,394,-239
120900146,40,73,-33
120900147,527,24,503
120900148,127,79,48
120900149,0,81,-81
120900150,122,59,63
120900151,278,69,209
120900152,499,17,482
120900153,0,0,0
120900154,10,39,-29
120900155,497,157,340
120900156,986,117,869
120900157,0,1,-1
120900158,69,212,-143
120900159,6,18,-12
120900160,21,493,-472
120900161,16,119,-103
120900162,8,100,-92
120900163,16,207,-191
120900164,0,23,-23
120900165,0,32,-32
120900166,49,489,-440
120900167,92,23,69
120900169,104,50,54
120900170,111,5429,-5318
120900171,219,45,174
120900172,45,527,-482
120900173,14,24,-10
120900174,1,35,-34
120900175,55,7,48
120900176,5,339,-334
120900177,4,2293,-2289
120900178,3,171,-168
120900179,21,111,-90
120900180,58,103,-45
120900181,0,2,-2
120900182,41,38,3
120900183,219,26,193
120900184,43,51,-8
120900185,118,990,-872
120900186,0,82,-82
120900187,705,436,269
120900188,640,6,634
120900189,17,5175,-5158
120900190,519,25,494
120900191,213,1,212
120900192,3816,18432,-14616
120900194,93,39,54
120900195,68,76,-8
120900196,163,25,138
120900197,899,43,856
120900198,29,230,-201
120900199,265,245,20
120900200,8,58,-50
120900201,144,31,113
120900202,1,47,-46
120900203,25,33,-8
120900204,30,52,-22
120900205,57,23,34
120900206,75,34,41
120900207,3,434,-431
121000001,474,1073,-599
121000002,1569,1643,-74
121000003,4872,1844,3028
121000004,1653,3009,-1356
121000005,2611,2753,-142
121000006,1982,2662,-680
121000007,2832,3508,-676
121000008,3164,3734,-570
121000009,3913,5723,-1810
121000010,4095,4172,-77
121000011,2460,3500,-1040
121000012,6674,2641,4033
121000013,4442,3622,820
121000014,4328,2590,1738
121000015,3144,5377,-2233
121000016,2946,3035,-89
121000017,1205,942,263
121000018,1558,1119,439
121000019,4776,4546,230
121000020,5353,9207,-3854
121000021,1762,2206,-444
121000022,2079,2015,64
121000023,1944,622,1322
121000024,3799,3558,241
121000025,127,1226,-1099
121000026,147,142,5
121000027,1330,925,405
121000028,633,528,105
121000029,940,346,594
121000030,357,275,82
121000031,292,424,-132
121000032,160,51,109
121000034,252,594,-342
121000035,126,150,-24
121000036,655,782,-127
121000037,379,812,-433
121000038,249,850,-601
121000039,106,323,-217
121000041,249,225,24
121000042,184,302,-118
121000043,226,166,60
121000044,904,823,81
121000045,449,335,114
121000046,860,477,383
121000047,605,240,365
121000049,597,366,231
121000050,156,1070,-914
121000051,720,306,414
121000052,473,932,-459
121000053,320,180,140
121000054,26,312,-286
121000055,632,1848,-1216
121000056,723,1122,-399
121000057,24,55,-31
121000058,366,217,149
121000059,3309,681,2628
121000060,511,962,-451
121000061,7,396,-389
121000062,32,523,-491
121000063,451,781,-330
121000064,574,600,-26
121000065,142,391,-249
121000066,604,592,12
121000067,243,733,-490
121000068,246,351,-105
121000069,80,1275,-1195
121000070,604,641,-37
121000071,1645,1316,329
121000072,455,517,-62
121000073,918,729,189
121000074,40,179,-139
121000075,3,39,-36
121000076,413,219,194
121000077,101,143,-42
121000078,44,101,-57
121000080,1153,348,805
121000081,2029,3124,-1095
121000082,0,0,0
121000083,60,179,-119
121000084,587,352,235
121000085,215,532,-317
121000086,794,510,284
121000087,69,148,-79
121000088,580,689,-109
121000089,123,325,-202
121000090,218,170,48
121000091,1134,558,576
121000092,173,33,140
121000093,300,141,159
121000094,303,587,-284
121000095,121,541,-420
121000096,4815,1082,3733
121000097,431,1293,-862
121000098,301,258,43
121000099,541,304,237
121000100,479,81,398
121000101,299,85,214
121000102,363,108,255
121000103,130,189,-59
121000104,416,66,350
121000105,365,22,343
121000106,100,187,-87
121000107,1539,1790,-251
121000109,726,582,144
121000110,111,454,-343
121000114,2757,1503,1254
121000115,1703,417,1286
121000116,346,382,-36
121000117,105,298,-193
121000118,1344,170,1174
121000119,306,219,87
121000120,607,444,163
121000121,277,1093,-816
121000123,775,473,302
121000127,84,99,-15
121000128,1452,83,1369
121000129,1531,97,1434
121000130,287,868,-581
121000131,1543,687,856
121000132,480,883,-403
121000135,94,123,-29
121000136,597,1375,-778
121000137,403,343,60
121000138,351,2285,-1934
121000139,138,722,-584
121000141,243,135,108
121000142,1075,879,196
121000143,73,17,56
121000144,373,466,-93
121000145,442,485,-43
121000146,944,750,194
121000147,1324,483,841
121000148,734,454,280
121000149,2354,1775,579
121000152,190,211,-21
121000153,937,309,628
121000154,1222,416,806
121000155,1808,676,1132
121000156,297,671,-374
121000157,374,598,-224
121000158,157,66,91
121000159,206,294,-88
121000160,345,316,29
121000161,215,262,-47
121000162,205,50,155
121000165,610,1302,-692
121000166,84,271,-187
121000168,520,140,380
121000169,60,71,-11
121000170,378,77,301
121000171,66,88,-22
121000172,928,675,253
121000173,962,1077,-115
121000174,633,462,171
121000175,1490,234,1256
121000176,335,216,119
121000177,630,470,160
121000178,42,55,-13
121000179,29,29,0
121000181,254,374,-120
121000182,186,463,-277
121000183,19,155,-136
121000184,6,243,-237
121000185,22,355,-333
121000186,209,587,-378
121000187,297,39,258
121000188,312,25,287
121000192,692,246,446
121000193,602,131,471
121000194,1201,1588,-387
121000195,220,1202,-982
121000196,440,354,86
121000197,79,1090,-1011
121000198,118,184,-66
121000199,236,620,-384
121000200,702,215,487
121000201,1,175,-174
121000202,635,96,539
121000203,584,919,-335
121000204,2880,448,2432
121000205,121,108,13
121000206,81,63,18
121000207,2010,775,1235
121000208,11,257,-246
121000209,633,34,599
121000210,684,376,308
121000211,430,41,389
121000212,389,453,-64
121000213,13886,3012,10874
121000214,991,1901,-910
121000215,517,1376,-859
121000216,373,550,-177
121000217,3050,3486,-436
121000218,510,1492,-982
121000219,1453,1201,252
121000220,221,37,184
121000221,594,457,137
121000222,4679,2349,2330
121000223,770,348,422
121000224,121,439,-318
121000225,1190,7359,-6169
121000226,904,2700,-1796
121000227,26,90,-64
121000228,19,382,-363
121000229,526,203,323
121000230,84,2990,-2906
121000231,2139,26,2113
121000232,323,262,61
121000233,793,396,397
121000234,2,19,-17
121000235,28,139,-111
121000236,2,6,-4
121000237,23,21,2
121000238,0,24,-24
121000239,105,28,77
121000240,13,88,-75
121000241,77,11,66
121000242,3,71,-68
121000243,143,40,103
121000244,0,15,-15
121000245,12,0,12
121000246,0,39,-39
121000247,116,1,115
121000248,329,142,187
121000249,103,1770,-1667
121000250,612,707,-95
121000251,30,226,-196
121000252,184,115,69
121000253,363,588,-225
121000254,1017,275,742
121000255,139,499,-360
121000256,257,424,-167
121000257,62,297,-235
121000258,12,235,-223
121000259,30,132,-102
121000260,4,118,-114
121000261,28,193,-165
121000262,1531,266,1265
121000263,639,430,209
121000271,793,1415,-622
121000273,70,13,57
121000274,11,265,-254
121000275,17,13,4
121000276,4,107,-103
121000278,124,81,43
121000279,39,108,-69
121000280,19,216,-197
121000289,521,15,506
121000290,1018,1308,-290
121000294,354,36,318
121000297,379,1283,-904
121000299,98,4011,-3913
121000300,1318,582,736
121000302,2,412,-410
121000303,675,109,566
121000304,392,39,353
121000305,256,86,170
121000306,142,132,10
121000308,57,100,-43
121000309,139,414,-275
121000310,151,138,13
121000311,55,113,-58
121000312,324,233,91
121000313,127,123,4
121000314,116,93,23
121000315,56,102,-46
121000530,1978,1381,597
121000531,1896,917,979
121000532,3475,4190,-715
121000533,2832,2136,696
121000919,40,65,-25
121000938,103,151,-48
121000939,37,207,-170
121000956,1973,1717,256
121000957,8,27,-19
121000958,4,74,-70
121000959,1674,240,1434
121000960,1495,1302,193
121000961,365,40,325
121000962,78,190,-112
121000973,0,500,-500
121000976,0,44,-44
121000979,163,32,131
121000981,524,50,474
121000982,626,291,335
121000983,1340,120,1220
121000984,2,27,-25
121000985,1079,575,504
121000986,1164,270,894
121000987,247,602,-355
121000988,1709,262,1447
121001302,166,32,134
121001308,3,19,-16
121001309,3,471,-468
121001311,0,0,0
121001313,641,290,351
121001314,1847,1510,337
121001315,3523,3581,-58
121001326,366,200,166
121001327,129,109,20
121001328,122,64,58
121900001,148,223,-75
121900002,44,124,-80
121900003,337,2,335
121900004,61,779,-718
121900005,10,0,10
121900006,82,5,77
121900007,1483,1025,458
121900008,44,75,-31
121900009,846,10,836
121900010,142,0,142
121900011,114,61,53
121900012,8,0,8
121900013,59,37,22
121900014,2004,438,1566
121900015,67,95,-28
121900016,3,35,-32
121900017,523,405,118
121900018,537,1,536
121900019,465,286,179
121900020,16,1,15
121900021,931,53,878
121900022,123,136,-13
121900023,193,215,-22
121900024,208,47,161
121900025,428,366,62
121900026,224,53,171
121900027,256,164,92
121900028,198,7,191
121900029,43,363,-320
121900030,360,314,46
121900031,933,5505,-4572
121900032,86,28,58
121900033,55,227,-172
121900034,200,284,-84
121900035,3816,2224,1592
121900036,97,194,-97
121900037,104,642,-538
121900038,9,11,-2
121900039,189,19,170
121900040,17,78,-61
121900041,51,268,-217
121900042,405,69,336
121900043,0,0,0
121900044,18,19,-1
121900046,50,97,-47
121900047,79,81,-2
121900048,42,40,2
121900050,22,55,-33
121900051,80,455,-375
121900052,172,16,156
121900053,253,301,-48
121900054,324,867,-543
121900055,0,9,-9
121900058,216,141,75
121900059,185,116,69
121900060,94,287,-193
121900062,44,45,-1
121900063,1870,416,1454
121900064,593,421,172
121900066,19,26,-7
121900067,44,6,38
121900069,80,71,9
121900070,64,142,-78
121900071,621,220,401
121900072,43,44,-1
121900073,141,192,-51
121900074,259,315,-56
121900075,253,740,-487
121900076,427,982,-555
121900078,62,34,28
121900079,0,0,0
121900080,799,117,682
121900082,106,26,80
121900084,7,9,-2
121900086,7,46,-39
121900087,14,35,-21
121900088,903,1012,-109
121900089,446,94,352
121900090,6,7,-1
121900091,59,37,22
121900092,124,75,49
121900093,52,22,30
121900094,16,15,1
121900095,334,81,253
121900096,728,283,445
121900097,511,60,451
121900098,3,4,-1
121900099,306,9,297
121900100,10,87,-77
121900101,123,60,63
121900102,0,44,-44
121900103,375,170,205
121900104,1420,146,1274
121900105,112,91,21
121900106,0,9,-9
121900107,86,3,83
121900108,0,13,-13
121900109,214,98,116
121900110,493,115,378
121900111,403,300,103
121900112,49,84,-35
121900113,22,503,-481
121900114,5,19,-14
121900117,71,74,-3
121900118,1472,405,1067
121900119,118,9,109
121900120,45,524,-479
121900121,173,10,163
121900122,24,22,2
121900123,230,248,-18
121900124,179,68,111
121900125,1601,795,806
121900127,5,126,-121
121900128,61,38,23
121900129,174,44,130
121900130,33,180,-147
121900131,195,35,160
121900132,152,65,87
121900133,11,605,-594
121900134,3,167,-164
121900135,3085,270,2815
121900136,131,130,1
121900137,18,301,-283
121900138,78,176,-98
121900139,255,1898,-1643
121900140,42,50,-8
121900141,71,18,53
121900142,53,15,38
121900143,3,101,-98
121900144,95,482,-387
121900145,88,76,12
121900146,226,304,-78
121900147,75,216,-141
121900148,82,197,-115
121900149,245,104,141
121900150,33,76,-43
121900151,6,168,-162
121900152,141,25,116
121900153,2,127,-125
121900154,4,266,-262
121900155,0,218,-218
121900156,57,144,-87
121900157,1,135,-134
121900158,64,79,-15
121900159,0,77,-77
121900160,0,191,-191
121900161,106,99,7
121900162,22,59,-37
121900163,783,163,620
121900164,98,214,-116
121900165,170,148,22
121900166,114,69,45
121900167,70,20,50
121900168,100,31,69
121900169,7,146,-139
121900170,17,49,-32
121900171,674,322,352
121900172,346,233,113
121900173,411,316,95
121900174,29,22,7
121900175,15,778,-763
121900176,479,901,-422
121900177,138,22,116
121900178,27,12,15
121900179,137,183,-46
121900180,693,5120,-4427
121900182,434,286,148
121900183,229,2463,-2234
121900184,9,577,-568
121900186,4,383,-379
121900187,14,36,-22
121900188,1177,72,1105
121900189,95,15,80
121900190,125,269,-144
121900191,19,286,-267
121900192,169,2023,-1854
121900193,31,69,-38
121900194,16,131,-115
121900195,0,8,-8
121900196,710,786,-76
121900197,373,491,-118
121900198,2464,2560,-96
121900199,7,36,-29
121900200,25,67,-42
121900201,589,853,-264
121900202,111,608,-497
121900203,20,572,-552
121900204,884,1551,-667
121900205,1,83,-82
121900206,13,36,-23
121900207,16,32,-16
121900208,47,351,-304
121900209,31,57,-26
121900210,2519,937,1582
121900211,476,226,250
121900212,14,63,-49
121900213,578,29,549
121900214,1,304,-303
121900215,16,158,-142
121900216,3,308,-305
121900217,62,169,-107
121900218,90,594,-504
121900220,64,2,62
121900221,299,242,57
121900222,281,124,157
121900223,76,96,-20
121900224,60,89,-29
121900225,101,359,-258
121900226,137,24,113
121900227,291,940,-649
121900228,59,36,23
121900230,23,182,-159
121900231,56,376,-320
121900232,79,223,-144
121900233,136,125,11
121900234,189,195,-6
121900235,900,97,803
121900236,277,74,203
121900237,102,541,-439
121900238,131,112,19
121900239,39,21,18
121900240,59,90,-31
121900241,20,18,2
121900242,3,0,3
121900243,0,0,0
121900244,1,0,1
121900245,222,27,195
121900246,5899,184,5715
121900248,699,473,226
121900250,96,158,-62
121900251,250,15,235
121900252,166,80,86
121900253,47,496,-449
121900254,173,175,-2
121900255,412,45,367
121900258,4512,1492,3020
121900259,86,307,-221
121900260,98,61,37
121900261,25,468,-443
121900262,270,907,-637
121900263,184,71,113
121900264,261,586,-325
121900265,322,53,269
121900266,760,195,565
121900267,84,7,77
121900269,202,423,-221
121900270,56,148,-92
121900271,12,161,-149
121900273,337,1741,-1404
121900274,527,157,370
121900277,208,1615,-1407
121900278,107,797,-690
121900279,212,104,108
121900280,41,226,-185
121900281,68,175,-107
121900284,22,1,21
121900286,49,54,-5
121900287,0,33,-33
121900288,0,0,0
121900290,69,895,-826
121900291,207,658,-451
121900292,174,54,120
121900293,663,4375,-3712
121900294,276,2,274
121900295,120,25,95
121900296,87,105,-18
121900298,85,949,-864
121900299,0,25,-25
121900300,34,18,16
121900301,53,0,53
121900302,1,89,-88
121900303,101,418,-317
121900304,26,14,12
121900305,67,26,41
121900306,533,3,530
121900307,342,17,325
121900308,5,77,-72
121900309,0,140,-140
121900310,26,102,-76
121900311,620,5,615
121900312,435,0,435
121900313,447,5,442
121900314,0,6,-6
121900315,83,0,83
121900316,0,0,0
121900317,48,21,27
121900318,1,1,0
121900319,63,213,-150
121900320,54,10,44
121900321,44,17,27
121900322,1,6,-5
121900323,35,26,9
121900324,0,40,-40
121900325,24,0,24
121900326,3,3,0
121900327,9,33,-24
121900328,0,12,-12
121900329,0,43,-43
121900330,0,98,-98
121900331,38,17,21
121900332,17,28,-11
121900333,107,0,107
121900334,35,15,20
122000001,1173,1599,-426
122000002,1764,353,1411
122000003,425,1018,-593
122000004,648,400,248
122000005,3967,1409,2558
122000006,378,573,-195
122000007,253,659,-406
122000008,523,1264,-741
122000009,148,225,-77
122000010,1269,1380,-111
122000011,2643,1322,1321
122000012,652,1357,-705
122000013,356,993,-637
122000014,5063,1104,3959
122000015,739,457,282
122000016,211,452,-241
122000017,605,779,-174
122000018,1594,1189,405
122000019,689,1641,-952
122000020,132,273,-141
122000021,93,186,-93
122000022,486,947,-461
122000023,332,1209,-877
122000024,162,1231,-1069
122000025,286,1398,-1112
122000026,175,633,-458
122000027,459,371,88
122000028,1236,462,774
122000029,184,543,-359
122000030,103,102,1
122000031,83,384,-301
122000032,1862,1494,368
122000033,192,1140,-948
122000034,174,628,-454
122000035,86,208,-122
122000036,261,273,-12
122000037,395,272,123
122000038,150,216,-66
122000039,344,347,-3
122000040,133,175,-42
122000041,813,715,98
122000042,300,584,-284
122000043,51,131,-80
122000044,74,77,-3
122000045,1019,575,444
122000046,475,599,-124
122000047,30,80,-50
122000048,1439,2246,-807
122000049,3426,2130,1296
122000050,329,368,-39
122000051,170,412,-242
122000052,269,356,-87
122000053,172,1116,-944
122000054,1617,1175,442
122000055,1438,2014,-576
122000056,1677,1153,524
122000057,1621,1719,-98
122000058,257,896,-639
122000059,333,1689,-1356
122000060,191,488,-297
122000061,103,180,-77
122000062,417,151,266
122000063,140,752,-612
122000064,1753,3412,-1659
122000065,1278,1524,-246
122000066,148,682,-534
122000067,804,1259,-455
122000068,1778,889,889
122000069,684,822,-138
122000070,1001,965,36
122000071,3256,846,2410
122000072,553,384,169
122000073,110,723,-613
122000074,1792,1141,651
122000075,721,550,171
122000076,2760,916,1844
122000077,272,1364,-1092
122000078,312,1402,-1090
122000079,350,1636,-1286
122000080,359,176,183
122000081,54,90,-36
122000082,155,1047,-892
122000083,4772,601,4171
122000084,3756,1212,2544
122000085,125,522,-397
122000086,1806,5132,-3326
122000087,170,128,42
122000088,38,82,-44
122000089,3754,2324,1430
122000090,215,1115,-900
122000091,46,575,-529
122000092,62,90,-28
122000093,674,2280,-1606
122000094,4960,2304,2656
122000095,490,2754,-2264
122000096,313,1746,-1433
122000098,2615,2312,303
122000099,287,1748,-1461
122000100,415,372,43
122000101,158,310,-152
122000102,2804,936,1868
122000103,825,1727,-902
122000104,1506,97,1409
122000105,162,375,-213
122000106,334,1476,-1142
122000107,912,177,735
122000108,370,292,78
122000109,252,193,59
122000110,270,293,-23
122000111,1348,905,443
122000112,1164,1230,-66
122000113,384,280,104
122000114,944,2071,-1127
122000115,1748,1935,-187
122000116,76,190,-114
122000117,749,340,409
122000118,628,216,412
122000119,784,555,229
122000120,543,1098,-555
122000121,476,1171,-695
122000122,219,614,-395
122000123,528,834,-306
122000124,493,499,-6
122000125,154,303,-149
122000126,104,297,-193
122000127,116,633,-517
122000128,119,291,-172
122000129,275,2223,-1948
122000130,1391,394,997
122000131,768,374,394
122000132,158,159,-1
122000133,658,446,212
122000134,704,514,190
122000135,316,247,69
122000136,488,586,-98
122000137,1935,417,1518
122000139,537,2370,-1833
122000140,92,772,-680
122000141,2477,1254,1223
122000142,67,1337,-1270
122000143,177,314,-137
122000144,1592,515,1077
122000145,490,747,-257
122000146,271,894,-623
122000147,307,514,-207
122000148,198,598,-400
122000149,965,498,467
122000150,1320,783,537
122000151,17,40,-23
122000152,389,506,-117
122000153,165,388,-223
122000154,211,264,-53
122000155,726,1571,-845
122000156,4299,2140,2159
122000157,4992,10478,-5486
122000158,254,712,-458
122000159,691,621,70
122000160,1449,853,596
122000161,1000,671,329
122000162,427,922,-495
122000163,250,44,206
122000164,25,67,-42
122000165,606,1208,-602
122000166,399,1969,-1570
122000167,198,398,-200
122000168,153,1078,-925
122000169,223,130,93
122000170,193,182,11
122000171,7,66,-59
122000172,1757,1009,748
122000173,1216,1553,-337
122000174,1321,1942,-621
122000175,242,190,52
122000176,260,1432,-1172
122000177,589,2047,-1458
122000178,3187,2719,468
122000179,3209,3296,-87
122000180,283,792,-509
122000181,587,1011,-424
122000182,598,533,65
122000183,1553,901,652
122000184,3172,1394,1778
122000185,986,2080,-1094
122000186,573,1222,-649
122000187,1424,834,590
122000188,514,241,273
122000189,167,138,29
122000190,505,1446,-941
122000191,464,543,-79
122000192,721,435,286
122000193,385,606,-221
122000194,183,184,-1
122000195,111,1026,-915
122000196,900,259,641
122000197,415,560,-145
122000198,303,1657,-1354
122000199,163,214,-51
122000200,574,634,-60
122000201,700,2237,-1537
122000202,659,3078,-2419
122000203,1309,813,496
122000204,936,848,88
122000205,427,341,86
122000206,4522,1257,3265
122000207,1559,1865,-306
122000208,1558,1361,197
122000209,1792,370,1422
122000210,1645,1848,-203
122000211,699,1381,-682
122000212,538,369,169
122000213,569,1382,-813
122000214,1207,1207,0
122000215,2206,2299,-93
122000217,776,1518,-742
122000218,481,67,414
122000219,1182,629,553
122000220,236,553,-317
122000221,103,207,-104
122000222,398,100,298
122000223,506,708,-202
122000225,442,426,16
122000226,908,1139,-231
122000227,177,1059,-882
122000228,102,108,-6
122000229,16,233,-217
122000230,10,186,-176
122000231,176,479,-303
122000232,221,437,-216
122000233,0,65,-65
122000234,687,34,653
122000235,1361,62,1299
122000236,1054,30,1024
122000237,53,56,-3
122000238,199,359,-160
122000239,472,108,364
122000240,868,230,638
122000241,2602,385,2217
122000242,344,69,275
122000243,268,33,235
122000244,51,215,-164
122000245,122,58,64
122000246,420,109,311
122000247,335,199,136
122000248,875,445,430
122000249,1708,839,869
122000250,1538,962,576
122000251,52,148,-96
122000252,152,21,131
122000253,15,74,-59
122000254,374,24,350
122000255,241,364,-123
122000256,219,307,-88
122000257,242,126,116
122000258,261,99,162
122000259,48,179,-131
122000260,263,486,-223
122000261,13,141,-128
122000262,0,5,-5
122000263,171,95,76
122000264,1901,200,1701
122000265,2278,768,1510
122000266,3039,627,2412
122000267,201,64,137
122000268,130,108,22
122000269,1086,237,849
122000270,482,185,297
122000271,184,2031,-1847
122000272,198,393,-195
122000273,471,222,249
122000274,251,228,23
122000275,335,204,131
122000276,1385,316,1069
122000277,976,2000,-1024
122000278,1867,979,888
122000279,77,156,-79
122000280,304,365,-61
122000281,278,181,97
122000282,104,706,-602
122000283,531,282,249
122000284,47,51,-4
122000285,449,112,337
122000286,88,228,-140
122000287,1241,1765,-524
122000288,393,167,226
122000291,2139,433,1706
122000293,189,52,137
122000294,116,470,-354
122000295,1101,86,1015
122000296,55,823,-768
122000297,1233,2461,-1228
122000299,534,1232,-698
122000300,333,402,-69
122000301,4874,3969,905
122000302,383,4149,-3766
122000303,1061,560,501
122000304,23,188,-165
122000305,1629,410,1219
122000306,59,145,-86
122000307,55,97,-42
122000309,32,79,-47
122000310,23,85,-62
122000311,7,50,-43
122000312,77,96,-19
122000313,29,119,-90
122000314,217,421,-204
122000315,354,15,339
122000316,1284,251,1033
122000317,2883,162,2721
122000318,123,817,-694
122000319,149,207,-58
122000320,190,676,-486
122000321,101,123,-22
122000322,757,1229,-472
122000323,269,1193,-924
122000324,1170,1757,-587
122000325,637,1174,-537
122000326,164,31,133
122000327,183,687,-504
122000328,376,321,55
122000330,1209,1237,-28
122000333,53,25,28
122000337,1175,353,822
122000338,511,205,306
122000340,145,2833,-2688
122000342,1032,524,508
122000343,474,477,-3
122000344,96,6,90
122000345,323,35,288
122000346,108,64,44
122000348,508,428,80
122000349,68,218,-150
122000351,317,107,210
122000352,117,182,-65
122000353,128,44,84
122000355,53,444,-391
122000356,193,1752,-1559
122000357,102,16,86
122000358,0,6,-6
122000359,0,21,-21
122000360,0,0,0
122000362,12,15,-3
122000364,513,122,391
122000365,1,39,-38
122000366,34,3,31
122000368,341,461,-120
122000370,20,37,-17
122000371,24,0,24
122000372,19,2,17
122000381,238,318,-80
122000382,35,111,-76
122000384,828,623,205
122000385,75,0,75
122000386,117,1347,-1230
122000387,339,2299,-1960
122000388,1039,847,192
122000389,204,916,-712
122000390,325,691,-366
122000391,19,1156,-1137
122000392,49,120,-71
122000393,547,326,221
122000394,635,141,494
122000395,144,112,32
122000396,333,37,296
122000399,107,41,66
122000400,45,1269,-1224
122000401,50,37,13
122000402,752,114,638
122000403,184,187,-3
122000404,221,55,166
122000408,309,594,-285
122000503,7,84,-77
122000524,33,170,-137
122000544,103,3092,-2989
122000614,244,244,0
122000616,178,0,178
122000640,182,72,110
122000641,166,142,24
122000642,1388,376,1012
122000643,43,399,-356
122000644,175,78,97
122000645,136,680,-544
122000651,264,1409,-1145
122000664,334,107,227
122000665,937,349,588
122000666,276,315,-39
122000673,37,114,-77
122000674,577,202,375
122000675,2416,457,1959
122000686,37,857,-820
122000687,1493,38,1455
122000688,215,289,-74
122000689,1247,98,1149
122000690,3740,234,3506
122000691,1140,450,690
122000692,2346,232,2114
122000693,542,804,-262
122000695,258,107,151
122000696,769,52,717
122000698,529,130,399
122000699,381,57,324
122000701,3476,249,3227
122000702,543,780,-237
122000703,238,54,184
122000712,0,0,0
122000717,626,150,476
122000718,330,4433,-4103
122000719,8,77,-69
122000720,1109,108,1001
122000724,88,126,-38
122900001,42,37,5
122900002,488,6858,-6370
122900003,521,3,518
122900004,4048,208,3840
122900005,21,287,-266
122900006,505,2221,-1716
122900007,10,20,-10
122900008,284,520,-236
122900009,383,188,195
122900010,154,56,98
122900012,153,302,-149
122900014,75,77,-2
122900015,814,455,359
122900016,134,125,9
122900017,175,745,-570
122900018,149,18,131
122900020,229,611,-382
122900021,45,193,-148
122900022,1403,984,419
122900023,480,58,422
122900024,125,75,50
122900025,1,255,-254
122900026,3,82,-79
122900027,32,677,-645
122900028,30,38,-8
122900029,5536,1507,4029
122900030,1717,207,1510
122900031,52,328,-276
122900032,491,251,240
122900033,143,108,35
122900034,2609,3501,-892
122900035,5,3,2
122900036,3,41,-38
122900037,299,224,75
122900038,50,1895,-1845
122900039,42,470,-428
122900040,209,888,-679
122900041,65,607,-542
122900042,170,98,72
122900043,389,234,155
122900044,170,224,-54
122900045,113,132,-19
122900046,62,378,-316
122900047,93,74,19
122900048,8,216,-208
122900049,3004,54,2950
122900051,24,364,-340
122900052,98,54,44
122900053,27,18,9
122900055,181,51,130
122900057,315,5,310
122900061,500,24,476
122900062,391,840,-449
122900063,194,67,127
122900064,793,467,326
122900065,341,192,149
122900066,523,150,373
122900067,429,171,258
122900069,141,2037,-1896
122900070,350,49,301
122900071,65,183,-118
122900073,81,53,28
122900074,1453,107,1346
122900075,0,22,-22
122900076,2,125,-123
122900077,2,31,-29
122900078,217,16,201
122900080,30,43,-13
122900081,142,70,72
122900082,1743,82,1661
122900083,97,14,83
122900084,4,99,-95
122900086,0,77,-77
122900087,610,119,491
122900088,30,512,-482
122900089,297,420,-123
122900090,0,137,-137
122900091,814,8,806
122900092,0,31,-31
122900093,0,74,-74
122900094,1,119,-118
122900095,324,30,294
122900096,843,79,764
122900097,15,78,-63
122900098,7,124,-117
122900099,198,50,148
122900100,57,1203,-1146
122900101,316,156,160
122900102,70,54,16
122900103,817,26,791
122900104,612,7,605
122900105,43,13,30
122900106,3,46,-43
122900107,0,47,-47
122900108,0,76,-76
122900109,446,71,375
123000001,430,478,-48
123000002,1433,3925,-2492
123000003,2695,2415,280
123000004,1717,3267,-1550
123000005,2508,1755,753
123000006,1682,1336,346
123000007,3902,1803,2099
123000008,1552,1038,514
123000009,4233,2209,2024
123000010,2532,2517,15
123000011,1015,863,152
123000012,672,2316,-1644
123000013,4066,786,3280
123000014,626,2543,-1917
123000015,2214,886,1328
123000016,679,2315,-1636
123000017,4396,2106,2290
123000018,183,65,118
123000019,1082,33,1049
123000020,597,60,537
123000021,432,616,-184
123000022,1268,2694,-1426
123000023,1680,2507,-827
123000024,1966,945,1021
123000025,665,84,581
123000026,44,91,-47
123000027,60,591,-531
123000028,604,3151,-2547
123000029,960,2129,-1169
123000030,334,265,69
123000031,677,174,503
123000032,950,195,755
123000033,568,99,469
123000034,1209,954,255
123000035,265,520,-255
123000036,210,1268,-1058
123000037,170,123,47
123000038,23,283,-260
123000039,402,1166,-764
123000040,498,192,306
123000041,343,773,-430
123000042,320,704,-384
123000043,657,5718,-5061
123000044,2388,1553,835
123000045,1082,888,194
123000046,153,885,-732
123000047,293,304,-11
123000048,56,1146,-1090
123000049,2343,6486,-4143
123000050,2229,1990,239
123000051,73,307,-234
123000052,1286,2050,-764
123000053,1300,1312,-12
123000054,2160,1697,463
123000055,2647,4858,-2211
123000056,933,223,710
123000057,2715,3268,-553
123000058,526,1148,-622
123000059,414,4042,-3628
123000060,1234,398,836
123000061,1146,2314,-1168
123000063,454,171,283
123000064,1655,194,1461
123000065,1074,847,227
123000066,341,421,-80
123000067,862,266,596
123000068,1078,1011,67
123000069,1531,742,789
123000070,21,123,-102
123000071,1488,271,1217
123000072,375,174,201
123000073,2658,528,2130
123000074,1213,1312,-99
123000075,1274,1787,-513
123000076,711,203,508
123000077,1069,559,510
123000078,1822,420,1402
123000079,2843,897,1946
123000080,2163,624,1539
123000081,106,294,-188
123000082,162,380,-218
123000083,981,254,727
123000084,693,353,340
123000085,571,61,510
123000086,1020,65,955
123000087,539,248,291
123000088,884,492,392
123000089,1253,557,696
123000090,1525,377,1148
123000091,2142,1220,922
123000092,1911,1195,716
123000094,701,117,584
123000095,1240,360,880
123000096,1116,193,923
123000097,480,158,322
123000098,1162,162,1000
123000099,709,176,533
123000100,346,262,84
123000101,157,166,-9
123000102,155,469,-314
123000104,382,318,64
123000105,227,97,130
123000106,630,167,463
123000107,208,140,68
123000108,589,548,41
123000111,1467,193,1274
123000112,878,93,785
123000113,199,282,-83
123000114,307,581,-274
123000115,399,319,80
123000116,71,50,21
123000117,1420,561,859
123000118,330,171,159
123000119,517,289,228
123000120,413,343,70
123000121,301,314,-13
123000122,313,156,157
123000123,612,294,318
123000124,403,117,286
123000125,1119,824,295
123000126,1281,3678,-2397
123000127,310,255,55
123000128,235,130,105
123000129,1313,71,1242
123000130,1401,20,1381
123000131,1671,902,769
123000132,268,260,8
123000133,148,66,82
123000134,231,59,172
123000135,2172,400,1772
123000136,152,160,-8
123000137,184,86,98
123000138,251,123,128
123000139,822,34,788
123000140,37,215,-178
123000141,449,34,415
123000142,1058,713,345
123000143,634,1247,-613
123000144,1,28,-27
123000145,80,240,-160
123000146,25,221,-196
123000147,20,275,-255
123000149,365,171,194
123000150,127,116,11
123000151,99,428,-329
123000152,33,119,-86
123000153,47,699,-652
123000154,742,1999,-1257
123000155,938,1618,-680
123000156,8,72,-64
123000157,855,868,-13
123000158,296,1073,-777
123000159,1143,2926,-1783
123000160,937,1549,-612
123000161,991,881,110
123000162,1764,1899,-135
123000163,1019,141,878
123000164,1511,103,1408
123000165,137,362,-225
123000166,12,61,-49
123000167,155,104,51
123000168,402,100,302
123000169,1260,50,1210
123000170,182,18,164
123000171,2076,3,2073
123000172,68,223,-155
123000173,553,214,339
123000174,646,448,198
123000175,131,431,-300
123000176,2106,403,1703
123000177,191,372,-181
123000178,1161,277,884
123000179,10,185,-175
123000180,1410,187,1223
123000181,51,260,-209
123000183,221,643,-422
123000186,78,269,-191
123000187,798,13,785
123000188,711,37,674
123000189,37,61,-24
123000190,0,43,-43
123000192,4,108,-104
123000193,54,262,-208
123000194,186,115,71
123000195,189,5,184
123000196,186,110,76
123000197,187,194,-7
123000198,46,131,-85
123000199,18,201,-183
123000200,329,14,315
123000201,508,2,506
123000202,52,143,-91
123000203,843,17,826
123000204,48,286,-238
123000205,117,339,-222
123000206,2326,102,2224
123000207,70,247,-177
123000208,1583,74,1509
123000209,2758,385,2373
123000210,83,627,-544
123000211,247,1074,-827
123000212,5553,352,5201
123000213,892,772,120
123000215,59,233,-174
123000216,91,1456,-1365
123000217,201,23,178
123000218,24,567,-543
123000219,351,136,215
123000220,496,181,315
123000222,430,139,291
123000223,747,103,644
123000224,514,116,398
123000225,410,25,385
123000226,238,142,96
123000227,135,82,53
123000228,327,47,280
123000229,402,502,-100
123000232,92,286,-194
123000233,950,92,858
123000234,128,351,-223
123000235,2056,183,1873
123000236,325,341,-16
123000237,735,123,612
123000238,26,240,-214
123000239,164,303,-139
123000240,110,849,-739
123000241,280,28,252
123000243,873,745,128
123000244,790,424,366
123000245,2,114,-112
123000249,202,543,-341
123000252,685,299,386
123000253,1944,347,1597
123000254,477,263,214
123000255,871,1089,-218
123000256,575,348,227
123000257,540,460,80
123000258,1067,437,630
123000259,414,332,82
123000260,879,197,682
123000261,1050,215,835
123000262,11,87,-76
123000263,576,57,519
123000264,171,41,130
123000265,20,88,-68
123000266,486,292,194
123000267,871,265,606
123000268,45,45,0
123000269,48,63,-15
123000270,13,56,-43
123000271,27,27,0
123000272,494,232,262
123000273,203,1148,-945
123000274,1293,533,760
123000275,92,556,-464
123000278,1714,3437,-1723
123000279,216,74,142
123000280,276,401,-125
123000281,292,67,225
123000282,57,131,-74
123000283,268,45,223
123000284,38,67,-29
123000286,173,498,-325
123000287,224,246,-22
123000288,588,1250,-662
123000289,122,1468,-1346
123000291,64,459,-395
123000294,184,187,-3
123000295,487,1075,-588
123000296,1169,1013,156
123000297,1207,189,1018
123000298,1812,245,1567
123000299,379,275,104
123000300,2779,2374,405
123000301,382,597,-215
123000302,288,52,236
123000303,82,825,-743
123000305,484,501,-17
123000306,459,33,426
123000309,83,29,54
123000310,80,20,60
123000311,8,148,-140
123000312,605,257,348
123000313,1778,2002,-224
123000315,394,170,224
123000316,385,823,-438
123000317,270,143,127
123000318,15,258,-243
123000329,5,16,-11
123000337,371,193,178
123000338,149,100,49
123000339,570,62,508
123000340,544,277,267
123000342,3,37,-34
123000343,148,17,131
123000344,455,62,393
123000345,311,192,119
123000346,1373,149,1224
123000352,675,450,225
123000353,99,48,51
123000354,1097,16,1081
123000355,57,989,-932
123000356,427,13,414
123000357,4,41,-37
123000359,53,23,30
123000360,149,379,-230
123000361,270,152,118
123000362,454,51,403
123000363,200,62,138
123000364,1182,619,563
123000365,30,352,-322
123000366,901,3317,-2416
123000367,813,935,-122
123000370,23,39,-16
123000371,906,30,876
123000372,422,39,383
123000373,21,118,-97
123000374,5,27,-22
123000375,408,83,325
123000376,975,767,208
123000377,849,7,842
123000378,3,70,-67
123000379,1,182,-181
123000380,7,130,-123
123000381,27,141,-114
123000382,557,227,330
123000383,62,543,-481
123000384,994,149,845
123000385,121,316,-195
123000436,170,2672,-2502
123000507,201,168,33
123000508,622,1483,-861
123000517,153,1,152
123000518,7,24,-17
123000519,148,4,144
123000520,16,38,-22
123000521,819,126,693
123000522,125,142,-17
123000541,18,1,17
123000542,0,2,-2
123000565,957,89,868
123000566,676,113,563
123000567,147,65,82
123000575,33,250,-217
123000576,1145,31,1114
123000577,127,492,-365
123000578,578,65,513
123000579,1260,6411,-5151
123000580,143,204,-61
123000582,650,4,646
123000583,5,130,-125
123000584,198,109,89
123000585,0,11,-11
123000586,201,9,192
123000596,51,36,15
123000597,113,168,-55
123000602,238,39,199
123000603,1209,110,1099
123000604,217,103,114
123000605,833,30,803
123000606,2,621,-619
123000609,16,273,-257
123000610,41,119,-78
123000613,14,31,-17
123000615,97,97,0
123000616,415,49,366
123000617,81,125,-44
123000618,19,274,-255
123000619,1179,50,1129
123000620,41,529,-488
123000622,1423,25,1398
123000624,408,118,290
123000630,5627,335,5292
123000631,1998,1122,876
123000632,664,483,181
123000633,184,470,-286
123000634,34,768,-734
123000635,45,226,-181
123000636,80,209,-129
123000637,341,22,319
123000638,1168,22,1146
123000639,3500,9119,-5619
123000640,11,112,-101
123000648,1745,169,1576
123000649,90,464,-374
123000650,225,149,76
123000651,441,239,202
123000652,1439,52,1387
123000653,154,197,-43
123000654,212,96,116
123000655,79,212,-133
123000656,1275,145,1130
123000657,2,36,-34
123000658,266,8,258
123900001,1167,39,1128
123900002,28,1111,-1083
123900003,59,203,-144
123900005,295,170,125
123900006,642,132,510
124000001,2407,207,2200
124000002,0,201,-201
124000003,1482,200,1282
124000004,69,203,-134
124000005,1102,2141,-1039
124000006,132,322,-190
124000007,1070,136,934
124000008,1,457,-456
124000009,1262,481,781
124000010,477,424,53
124000011,832,744,88
124000012,190,175,15
124000017,354,80,274
124000018,108,83,25
124000019,248,78,170
124000020,15,89,-74
124000021,102,75,27
124000022,27,95,-68
124000023,706,191,515
124000024,794,248,546
124000025,628,400,228
124000026,773,200,573
124000027,669,227,442
124000028,1543,343,1200
124000031,1252,11872,-10620
124000032,848,406,442
124000033,828,486,342
124000034,941,565,376
124000035,495,108,387
124000036,239,508,-269
124000037,253,423,-170
124000038,2,73,-71
124000039,264,76,188
124000040,124,494,-370
124000041,1026,49,977
124000042,209,216,-7
124000043,245,29,216
124000044,68,60,8
124000045,2315,188,2127
124000046,160,499,-339
124000047,3876,233,3643
124000048,1046,245,801
124000049,2773,146,2627
124000050,920,359,561
124000051,2090,196,1894
124000052,416,323,93
124000053,337,3254,-2917
124000054,399,188,211
124000055,801,7244,-6443
124000056,681,487,194
124000057,2051,187,1864
124000058,812,504,308
124000059,1550,1144,406
124000060,343,364,-21
124000061,1237,8044,-6807
124000062,1890,794,1096
124000063,962,519,443
124000064,1003,625,378
124000065,60,1174,-1114
124000066,195,174,21
124000067,56,82,-26
124000068,69,225,-156
124000069,516,65,451
124000070,419,112,307
124000071,196,101,95
124000072,419,288,131
124000073,897,70,827
124000074,172,180,-8
124000075,752,25,727
124000076,79,48,31
124000077,334,342,-8
124000078,1373,611,762
124000079,204,732,-528
124000080,1101,196,905
124000081,156,297,-141
124000082,155,142,13
124000083,8,48,-40
124000084,15,1542,-1527
124000085,51,8,43
124000086,4,257,-253
124000087,71,128,-57
124000088,165,188,-23
124000089,646,167,479
124000090,240,120,120
124000091,764,122,642
124000092,379,412,-33
124000093,186,36,150
124000094,76,179,-103
124000095,126,35,91
124000096,124,39,85
124000097,258,61,197
124000098,125,21,104
124000099,365,119,246
124000100,47,124,-77
124000101,166,110,56
124000102,92,8,84
124000103,332,145,187
124000104,139,16,123
124000105,309,110,199
124000106,65,19,46
124000107,17,311,-294
124000108,41,5,36
124000109,136,56,80
124000110,96,65,31
124000111,196,86,110
124000112,1326,340,986
124000113,260,83,177
124000114,693,220,473
124000115,259,495,-236
124000116,69,231,-162
124000117,14,52,-38
124000118,27,57,-30
124000119,1181,542,639
124000120,896,277,619
124000121,1060,1109,-49
124000122,432,1598,-1166
124000123,506,205,301
124000124,513,259,254
124000125,362,229,133
124000126,305,210,95
124000127,953,188,765
124000128,714,218,496
124000129,1378,903,475
124000130,258,201,57
124000131,589,434,155
124000132,340,406,-66
124000133,1175,518,657
124000134,594,366,228
124000135,1122,1375,-253
124000136,295,419,-124
124000137,526,481,45
124000138,372,438,-66
124000139,768,104,664
124000140,18,813,-795
124000141,1700,14,1686
124000142,32,334,-302
124000143,98,4,94
124000144,0,112,-112
124000145,116,11,105
124000146,30,31,-1
124000148,3,35,-32
124000149,1337,132,1205
124000150,240,397,-157
124000151,1676,194,1482
124000152,502,515,-13
124000153,1032,296,736
124000154,273,245,28
124000155,788,565,223
124000156,615,362,253
124000169,136,825,-689
124000170,505,389,116
124000171,318,434,-116
124000172,263,345,-82
124000173,1188,158,1030
124000174,669,300,369
124000175,13,87,-74
124000176,80,23,57
124000177,3,42,-39
124000178,49,130,-81
124000185,61,4,57
124000186,1,23,-22
124000187,22,35,-13
124000188,294,5,289
124000190,40,71,-31
124000191,60,513,-453
124000192,1008,627,381
124000193,100,3237,-3137
124000194,152,145,7
124000195,418,362,56
124000196,482,429,53
124000197,57,12,45
124000198,90,30,60
124000201,23,242,-219
124000202,933,85,848
124000203,1145,122,1023
124000204,3183,77,3106
124000205,121,116,5
124000206,1843,138,1705
124000207,0,9,-9
124000209,122,108,14
124000210,1694,138,1556
124000211,1409,6,1403
124000212,0,53,-53
124000213,1114,170,944
124000214,1191,153,1038
124000215,2068,121,1947
124000216,4,128,-124
124000329,10,522,-512
124000338,20,276,-256
124000339,3674,29,3645
124000341,3349,33,3316
124000344,132,59,73
124000357,1677,3888,-2211
124000358,1166,3142,-1976
124000359,1321,797,524
124000360,1924,483,1441
124000361,1719,1077,642
124000362,1093,2391,-1298
124000363,615,182,433
124000364,540,322,218
124000365,1043,570,473
124000366,2632,1233,1399
124000367,40,157,-117
124000368,321,1989,-1668
124000369,51,81,-30
124000370,7,532,-525
124000402,13,31,-18
124000403,121,91,30
124000404,12,21,-9
124000405,580,395,185
124000406,500,252,248
124000407,0,8,-8
124000411,5,373,-368
124000412,626,2,624
124000413,118,327,-209
124000414,264,31,233
124000415,68,53,15
124000416,120,56,64
124000417,540,85,455
124000418,516,16,500
124000419,253,45,208
124000420,362,15,347
124000421,124,79,45
124000422,41,11,30
124000423,243,19,224
124000424,26,9,17
124000425,67,246,-179
124000426,8,64,-56
124000427,392,15,377
124000428,6,1417,-1411
124000429,117,19,98
124000430,948,490,458
124000431,463,214,249
124000432,399,684,-285
124000439,211,0,211
124000443,9,18,-9
124000445,274,4923,-4649
124000446,862,711,151
124000447,8,1095,-1087
124000448,347,18,329
124000449,692,1,691
124000450,5,58,-53
124000451,0,30,-30
124000452,420,91,329
124000453,1329,1428,-99
124000454,1250,3425,-2175
124000455,1,293,-292
124000456,2065,30,2035
124000457,3,165,-162
124000458,26,152,-126
124000459,827,2,825
124000460,1,37,-36
124900001,1301,123,1178
124900002,183,105,78
124900003,1598,131,1467
124900004,1470,123,1347
124900005,140,47,93
124900006,1296,138,1158
124900008,387,211,176
124900009,51,403,-352
124900010,311,55,256
124900011,1176,175,1001
124900012,200,44,156
124900013,562,45,517
124900014,238,25,213
124900015,111,445,-334
124900016,109,205,-96
124900017,131,6219,-6088
124900018,218,38,180
124900020,136,31,105
124900021,529,30,499
124900022,118,65,53
124900024,803,21,782
124900026,47,51,-4
124900027,155,124,31
124900028,165,46,119
124900029,10,608,-598
124900030,2,66,-64
124900031,9,89,-80
124900032,88,75,13
124900033,58,124,-66
124900034,4,66,-62
124900035,78,29,49
124900036,1,25,-24
124900037,123,32,91
124900038,57,130,-73
124900039,4,31,-27
124900040,84,25,59
124900041,255,290,-35
124900042,4,0,4
124900043,518,268,250
124900044,127,2,125
124900045,122,529,-407
124900047,14,46,-32
124900048,182,34,148
124900050,190,33,157
124900052,213,103,110
124900053,205,66,139
124900054,835,411,424
124900055,0,28,-28
124900057,8,174,-166
124900060,29,238,-209
124900061,195,3,192
124900062,204,8,196
124900066,0,3,-3
124900067,8,39,-31
124900068,85,1086,-1001
124900070,3,20,-17
124900072,144,33,111
124900075,731,89,642
124900076,9,2643,-2634
124900077,5,29,-24
124900078,95,0,95
124900079,84,186,-102
124900080,383,125,258
124900081,2037,105,1932
124900082,216,198,18
124900083,388,171,217
124900085,287,137,150
124900086,7,758,-751
124900087,105,20,85
124900088,46,82,-36
124900089,245,4,241
124900090,726,156,570
124900091,322,78,244
124900092,335,50,285
124900093,689,71,618
124900094,902,63,839
124900095,156,572,-416
124900096,189,32,157
124900097,542,26,516
124900098,175,165,10
124900099,47,424,-377
124900100,574,17,557
124900101,633,131,502
124900102,508,20,488
124900103,67,28,39
124900104,34,33,1
124900105,50,10,40
124900106,310,6,304
124900107,251,22,229
124900108,113,100,13
124900111,1,254,-253
124900112,324,155,169
124900113,26,110,-84
124900114,25,93,-68
124900115,11,17,-6
124900116,514,533,-19
124900117,101,270,-169
124900118,107,1890,-1783
124900119,501,269,232
124900120,35,82,-47
124900121,39,685,-646
124900122,83,62,21
124900123,53,59,-6
124900124,61,115,-54
124900125,1990,2,1988
124900126,4,480,-476
204000001,324,20,304
204000002,18,13,5
204000003,19,3,16
204000004,4,0,4
204000005,312,380,-68
204000006,975,1333,-358
204000011,1,6,-5
204000012,50,27,23
204000019,1268,200,1068
204000020,1770,279,1491
204000021,1021,826,195
204000022,1289,531,758
204000023,699,261,438
204000031,55,3,52
204000032,228,7,221
204000034,63,17,46
204000035,1,1,0
204000036,11,83,-72
204000037,1,14,-13
204000038,2,8,-6
204000039,12,46,-34
204000040,4,7,-3
204000041,7,11,-4
204000042,28,4,24
204000043,39,4,35
204000044,76,11,65
204000045,37,7,30
204000046,8,4,4
204000057,23,38,-15
204000062,74,25,49
204000068,69,356,-287
204000069,109,510,-401
204000070,70,102,-32
204000080,45,54,-9
204000085,1201,421,780
204000086,2017,688,1329
204000087,97,3,94
204000088,15,11,4
204000090,42,73,-31
204000093,103,12,91
204000096,1578,271,1307
204000097,543,8,535
204000099,865,2318,-1453
204000100,1285,959,326
204000105,1581,639,942
204000110,417,630,-213
204000111,612,449,163
204000112,476,283,193
204000113,238,379,-141
204000114,1218,1206,12
204000115,1707,345,1362
204000116,848,307,541
204000119,3452,1022,2430
204000132,659,681,-22
204000133,929,56,873
204000134,294,45,249
204000135,859,11,848
204000136,588,260,328
204000138,200,950,-750
204000140,175,64,111
204000141,133,39,94
204000144,8,21,-13
204000145,759,21,738
204000146,18,202,-184
204000147,388,268,120
204000148,274,32,242
204000154,4,3,1
204000155,3,3,0
204000177,62,15,47
204000179,5,16,-11
204000180,0,75,-75
204000222,1,20,-19
204000236,33,152,-119
204000238,22,25,-3
204000240,1184,99,1085
204000263,760,665,95
204000268,465,261,204
204000308,8,12,-4
204000317,24,110,-86
204000322,141,139,2
204000323,111,16,95
204000328,429,80,349
204000329,346,133,213
204000330,295,89,206
204000331,598,303,295
205000001,892,944,-52
205000013,33,79,-46
205000014,115,110,5
205000015,192,30,162
205000016,97,36,61
205000017,63,67,-4
205000022,396,337,59
205000025,1818,354,1464
205000029,835,16,819
205000045,243,122,121
205000046,145,175,-30
205000047,76,152,-76
205000048,367,233,134
205000049,177,219,-42
205000050,384,89,295
205000059,0,327,-327
205000060,1,528,-527
205000061,26,1137,-1111
205000062,1,964,-963
205000063,46,1481,-1435
205000064,58,333,-275
205000065,319,688,-369
205000066,342,304,38
205000067,193,291,-98
205000069,150,5,145
205000082,197,93,104
205000110,45,62,-17
205000111,88,91,-3
205000112,47,75,-28
205000113,138,63,75
205000121,125,29,96
205000123,159,102,57
205000126,638,93,545
205000127,757,110,647
205000128,472,134,338
205000129,1114,117,997
205000130,575,21,554
205000131,45,17,28
205000132,82,20,62
205000133,32,2,30
205000134,215,0,215
205000137,343,79,264
205000138,564,94,470
205000139,56,41,15
205000144,77,63,14
205000145,157,68,89
205000151,123,57,66
205000152,94,32,62
205000153,186,36,150
205000154,102,37,65
205000155,52,10,42
205000207,0,11,-11
205000233,76,15,61
205000234,0,2,-2
205000243,0,0,0
205000244,0,10,-10
205000245,7,39,-32
205000249,0,16,-16
205000250,5,1,4
205000264,16,78,-62
206000027,3,21,-18
206000028,0,6,-6
206000043,8,32,-24
206000053,9,2,7
206000054,0,11,-11
206000055,0,18,-18
206000075,14,21,-7
206000076,56,6,50
206000077,83,3,80
206000078,14,1,13
206000079,12,9,3
206000082,188,119,69
206000100,12,286,-274
206000103,0,0,0
206000104,0,1,-1
206000105,0,0,0
206000106,0,0,0
206000125,199,0,199
206000157,13,124,-111
206000170,0,97,-97
206000171,10,114,-104
206000172,29,86,-57
206000173,2,73,-71
206000174,19,26,-7
206000175,1,20,-19
206000176,21,19,2
206000177,0,19,-19
206000178,1,348,-347
206000179,3,53,-50
206000180,0,42,-42
206000181,0,15,-15
206000182,6,19,-13
206000183,9,30,-21
206000184,1,46,-45
206000185,7,19,-12
206000186,67,207,-140
206000223,8,147,-139
206000226,32,24,8
206000227,51,2,49
206000237,20,116,-96
206000238,8,328,-320
206000239,207,1014,-807
206000240,0,1,-1
206000241,0,41,-41
206000242,5,47,-42
206000243,5,28,-23
206000244,46,113,-67
206000245,2432,58,2374
206000246,737,3,734
206000247,834,1,833
206000248,1213,11,1202
206000252,72,62,10
206000258,0,2,-2
206000315,52,6,46
206000317,698,184,514
206000318,718,68,650
206000319,3187,59,3128
206000320,856,31,825
206000321,822,6,816
206000322,1267,4,1263
206000323,510,4,506
206000324,470,5,465
206000325,280,26,254
206000326,231,26,205
206000327,93,17,76
206000328,484,5,479
206000329,970,2,968
206000330,229,3,226
206000331,515,1,514
206000332,105,0,105
206000333,1740,3,1737
206000334,1137,0,1137
206000335,0,28,-28
206000361,5,46,-41
206000392,3,7,-4
206000405,265,0,265
206000441,107,32,75
206000498,71,30,41
206000515,67,21,46
206000530,436,72,364
206000531,248,316,-68
206000532,1039,324,715
206000535,82,2013,-1931
206000536,9,63,-54
206000537,9,104,-95
206000613,842,235,607
206000784,638,64,574
207000001,251,189,62
207000002,62,146,-84
207000003,90,115,-25
207000007,2303,80,2223
207000008,504,2,502
207000009,77,13,64
207000010,286,134,152
207000012,531,64,467
207000015,157,370,-213
207000019,647,68,579
207000021,297,234,63
207000022,301,122,179
207000023,351,36,315
207000024,1,14,-13
207000025,14,121,-107
207000026,77,24,53
207000027,10,59,-49
207000028,91,119,-28
207000029,252,159,93
207000033,390,180,210
207000034,277,51,226
207000039,799,29,770
207000040,968,25,943
207000041,84,7,77
207000042,426,8,418
207000043,396,187,209
207000051,102,155,-53
207000052,16,89,-73
207000053,316,169,147
207000054,61,34,27
207000055,159,58,101
207000056,157,145,12
207000057,124,49,75
207000058,130,106,24
207000059,68,188,-120
207000060,40,198,-158
207000061,113,1885,-1772
207000062,1236,65,1171
207000063,1099,38,1061
207000064,502,32,470
207000065,306,99,207
207000066,724,161,563
207000067,152,40,112
207000068,247,16,231
207000069,1226,313,913
207000082,47,93,-46
207000083,73,100,-27
207000084,427,109,318
207000085,400,53,347
207000086,611,11,600
207000106,108,22,86
207000107,156,12,144
207000108,167,9,158
207000109,102,3,99
207000110,74,2,72
207000111,153,9,144
207000112,42,528,-486
207000114,2,14,-12
207000115,28,35,-7
207000116,14,124,-110
207000117,3,10,-7
207000118,1,7,-6
207000119,9,20,-11
207000123,266,1,265
207000124,287,14,273
207000125,119,2,117
207000126,71,3,68
207000134,539,90,449
207000135,187,91,96
207000148,148,252,-104
207000149,67,7,60
207000152,235,340,-105
207000153,259,481,-222
207000154,505,73,432
207000159,44,79,-35
207000160,114,151,-37
207000238,0,63,-63
207000242,1,52,-51
207000248,23,39,-16
207000249,70,10,60
207000250,246,60,186
207000251,36,79,-43
207000252,80,17,63
207000278,238,40,198
207000279,77,70,7
207000280,1166,22,1144
207000281,132,229,-97
207000282,18,680,-662
207000283,15,74,-59
207000284,75,2428,-2353
207000285,50,70,-20
207000291,8,37,-29
207000304,40,39,1
207000306,37,176,-139
207000310,311,100,211
207000353,102,2,100
207000356,1,36,-35
207000357,1,44,-43
207000358,2,5,-3
207000415,6,27,-21
207000417,35,6,29
207000418,76,34,42
207000438,0,2,-2
207000439,303,102,201
207000446,85,8,77
207000460,235,8,227
207000466,17,82,-65
207000467,691,35,656
207000468,43,112,-69
207000476,16,7,9
207000477,310,3,307
207000478,1,2,-1
207000523,0,5,-5
207000524,83,0,83
207000527,554,113,441
207000530,408,18,390
207000531,297,0,297
207000532,64,29,35
207000534,125,20,105
207000535,3,91,-88
207000537,9,39,-30
207000540,0,11,-11
207000541,8,88,-80
207000548,1,85,-84
207000549,300,7,293
207000561,153,84,69
207000562,19,71,-52
207000567,52,96,-44
207000568,800,59,741
207000569,1651,94,1557
207000584,6,133,-127
207000585,6,28,-22
207000587,425,11,414
207000616,0,23,-23
207000617,179,0,179
207000624,59,20,39
207000631,13,13,0
207900008,923,59,864
208000001,743,613,130
208000002,1137,574,563
208000003,927,303,624
208000004,874,661,213
208000005,4,60,-56
208000019,1725,145,1580
208000020,367,149,218
208000021,346,170,176
208000022,570,134,436
208000028,548,1278,-730
208000033,247,124,123
208000034,393,456,-63
208000037,730,41,689
208000040,399,109,290
208000041,858,435,423
208000042,1855,454,1401
208000047,127,112,15
208000064,2261,936,1325
208000066,1186,518,668
208000070,816,565,251
208000071,968,138,830
208000072,1169,313,856
208000080,379,505,-126
208000081,424,124,300
208000082,721,170,551
208000083,415,171,244
208000084,25,141,-116
208000085,942,393,549
208000086,835,677,158
208000087,906,374,532
208000089,1434,153,1281
208000090,1023,246,777
208000093,14,90,-76
208000094,449,216,233
208000095,798,396,402
208000104,2198,226,1972
208000105,1207,365,842
208000114,133,269,-136
208000115,764,306,458
208000116,1659,1649,10
208000117,17,148,-131
208000118,238,396,-158
208000155,1031,828,203
208000158,1936,1771,165
208000186,789,1103,-314
208000204,1019,687,332
208000205,2086,502,1584
208000282,1208,618,590
209000004,749,126,623
209000005,182,35,147
209000006,292,187,105
209000007,422,440,-18
209000010,75,201,-126
209000011,37,200,-163
209000012,52,29,23
209000013,248,51,197
209000014,531,133,398
209000025,676,92,584
209000026,1671,155,1516
209000027,434,133,301
209000028,342,112,230
209000029,437,649,-212
209000030,477,824,-347
209000031,2426,820,1606
209000034,248,327,-79
209000035,233,410,-177
209000036,504,200,304
209000037,616,192,424
209000038,351,149,202
209000039,121,120,1
209000040,352,301,51
209000041,224,230,-6
209000042,308,139,169
209000043,481,382,99
209000044,311,515,-204
209000045,572,181,391
209000046,570,141,429
209000047,488,276,212
209000048,620,526,94
209000049,138,45,93
209000050,262,42,220
209000051,342,58,284
209000052,224,112,112
209000062,101,26,75
209000063,141,42,99
209000064,22,23,-1
209000065,246,12,234
209000066,323,9,314
209000067,272,28,244
209000080,30,133,-103
209000082,123,38,85
209000091,38,92,-54
209000093,63,77,-14
209000094,20,97,-77
209000110,43,92,-49
209000111,345,2693,-2348
209000112,1683,452,1231
209000113,3229,1094,2135
209000114,1239,889,350
209000115,99,56,43
209000116,223,203,20
209000118,8,122,-114
209000119,10,103,-93
209000121,82,265,-183
209000135,122,79,43
209000142,740,4529,-3789
209000143,6,35,-29
209000144,112,325,-213
209000229,243,87,156
209000240,105,325,-220
209000259,53,21,32
209000260,26,223,-197
209000261,19,140,-121
209000262,25,103,-78
209000263,0,130,-130
209000264,0,119,-119
209000265,319,20,299
209000266,110,0,110
209000267,1571,3,1568
209000268,436,114,322
210000037,153,49,104
210000047,184,10,174
210000048,192,33,159
210000049,208,4,204
210000052,192,9,183
210000053,38,35,3
210000054,52,73,-21
210000070,258,6,252
210000071,167,4,163
210000072,68,0,68
210000073,0,20,-20
210000074,0,59,-59
210000075,0,52,-52
210000076,0,88,-88
210000077,4,151,-147
210000078,10,200,-190
210000079,21,13,8
210000080,102,306,-204
210000081,185,3,182
210000082,19,0,19
210000083,85,0,85
210000084,135,5,130
210000085,0,49,-49
210000086,0,39,-39
210000099,50,66,-16
210000100,41,94,-53
210000101,40,70,-30
210000105,7,261,-254
210000159,0,316,-316
210000163,29,80,-51
210000164,331,107,224
210000168,453,35,418
210000187,0,1,-1
210000188,0,31,-31
210000214,2,0,2
210000219,181,45,136
210000220,200,36,164
210000232,5,24,-19
210000233,19,6,13
210000234,33,29,4
210000235,83,20,63
210000245,0,10,-10
210000246,160,44,116
210000258,10,78,-68
210000259,366,15,351
210000282,6,45,-39
210000285,4,92,-88
210000286,47,89,-42
210000290,15,10,5
210000295,71,202,-131
210000296,109,41,68
210000320,572,34,538
210000321,534,15,519
210000338,63,156,-93
210000339,46,593,-547
210000340,34,122,-88
210000341,175,117,58
210000342,269,127,142
210000343,145,119,26
210000344,73,238,-165
210000345,79,394,-315
210000346,47,216,-169
210000347,14,224,-210
210000348,94,190,-96
210000349,68,119,-51
210000350,198,84,114
210000351,245,19,226
210000352,46,23,23
210000353,59,12,47
210000354,42,22,20
210000355,36,287,-251
210000356,4,450,-446
210000357,46,437,-391
210000358,531,385,146
210000359,86,382,-296
210000360,355,339,16
210000361,423,124,299
210000362,570,131,439
210000363,862,129,733
210000364,572,121,451
210000365,577,29,548
210000366,551,34,517
210000367,243,13,230
210000368,376,23,353
210000369,125,152,-27
210000370,158,197,-39
210000372,60,83,-23
210000373,7,198,-191
210000374,87,261,-174
210000375,36,14,22
210000376,19,391,-372
210000404,27,44,-17
210000439,301,3,298
210000472,67,2,65
210000482,125,104,21
210000564,357,145,212
210000567,2,104,-102
210000568,516,7,509
211000092,117,7,110
211000094,10,3,7
211000169,248,8,240
211000172,24,77,-53
211000209,0,45,-45
211000226,20,19,1
211000270,147,20,127
211000275,40,12,28
211000276,255,21,234
211000279,39,67,-28
211000281,280,12,268
211000302,36,25,11
211507980,0,21,-21
211977296,32,1,31
212000003,289,136,153
212000004,1,185,-184
212000005,10,233,-223
212000006,36,289,-253
212000008,247,287,-40
212000009,110,89,21
212000012,200,34,166
212000013,44,43,1
212000014,367,38,329
212000015,473,81,392
212000016,598,236,362
212000027,702,153,549
212000028,460,138,322
212000029,280,135,145
212000030,38,16,22
212000031,61,29,32
212000048,27,571,-544
212000049,6,372,-366
212000050,20,37,-17
212000051,359,61,298
212000052,341,99,242
212000053,257,117,140
212000054,673,38,635
212000055,666,74,592
212000056,29,19,10
212000057,22,13,9
212000058,187,22,165
212000070,210,57,153
212000077,226,83,143
212000099,580,118,462
212000108,323,397,-74
212000111,622,29,593
212000120,159,335,-176
212000138,257,63,194
212000156,0,28,-28
212000158,3,34,-31
212000159,661,48,613
212000160,740,37,703
212000161,153,4,149
212000310,80,8,72
212000311,30,51,-21
212000374,31,4,27
213000001,9,196,-187
213000005,800,51,749
213000006,786,40,746
213000007,41,17,24
213000009,297,98,199
213000010,448,89,359
213000011,221,33,188
213000012,183,66,117
213000014,76,22,54
213000015,191,13,178
213000016,429,16,413
213000017,42,0,42
213000018,1,7,-6
213000019,3,16,-13
213000020,83,61,22
213000021,0,39,-39
213000023,585,165,420
213000033,328,991,-663
213000034,399,124,275
213000035,258,447,-189
213000045,128,234,-106
213000046,25,45,-20
213000047,106,795,-689
213000056,274,5,269
213000069,336,55,281
213000073,0,22,-22
213000074,90,201,-111
213000075,1129,4,1125
213000076,14,11,3
213000085,2,11,-9
213000086,17,60,-43
213000091,673,8,665
213000092,52,15,37
213000099,250,860,-610
213000100,793,236,557
213000101,1099,74,1025
213000102,949,113,836
213000103,541,217,324
213000104,22,107,-85
213000105,139,2090,-1951
213000106,39,236,-197
213000107,109,174,-65
213000108,20,242,-222
213000109,0,107,-107
213000110,8,67,-59
213000111,0,35,-35
213000112,21,59,-38
213000115,43,1,42
213000116,29,264,-235
213000117,2,285,-283
213000118,1227,309,918
213000119,24,215,-191
213000120,65,198,-133
213000122,106,280,-174
213000123,60,287,-227
213000124,177,439,-262
213000125,184,43,141
213000126,23,70,-47
213000127,18,82,-64
213000128,15,228,-213
213000129,93,2156,-2063
213000130,1227,854,373
213000132,1782,237,1545
213000133,1787,102,1685
213000134,2535,22,2513
213000136,754,10,744
213000137,644,31,613
213000139,555,14,541
213000147,37,36,1
213000148,12,58,-46
213000149,6,57,-51
213000150,1,914,-913
213000151,1,236,-235
213000152,2,272,-270
213000153,2,180,-178
213000154,127,159,-32
213000155,123,79,44
213000156,189,104,85
213000157,1351,136,1215
213000158,385,266,119
213000159,333,197,136
213000163,2751,272,2479
213000165,566,215,351
213000171,99,16,83
213000172,94,51,43
213000173,15,28,-13
213000174,3,7,-4
213000175,50,6,44
213000176,89,59,30
213000177,5,8,-3
213000178,8,4,4
213000179,369,3,366
213000180,526,14,512
213000184,47,176,-129
213000188,883,63,820
213000189,1587,47,1540
213000190,713,277,436
213000191,1131,119,1012
213000192,569,143,426
213000193,341,111,230
213000194,0,268,-268
213000195,108,129,-21
213000196,580,1646,-1066
213000197,525,1119,-594
213000198,14,2,12
213000200,112,289,-177
213000201,37,42,-5
213000202,2,299,-297
213000203,1106,200,906
213000204,1832,43,1789
213000205,786,20,766
213000206,1290,18,1272
213000207,30,11,19
213000208,16,0,16
213000209,84,1,83
213000210,179,0,179
213000211,2,16,-14
213000212,19,38,-19
213000213,30,53,-23
213000218,332,276,56
213000219,1544,59,1485
213000220,1966,10,1956
213000223,400,56,344
213000224,30,21,9
213000225,75,16,59
213000226,68,8,60
213000227,1867,59,1808
213000228,1187,48,1139
213000229,287,19,268
213000230,701,12,689
213000232,187,13,174
213000233,8,139,-131
213000234,0,16,-16
213000293,19,111,-92
213000294,105,80,25
213000295,7,42,-35
213000296,81,6,75
213000297,17,58,-41
213000298,9,65,-56
213000299,60,19,41
213000300,2,7,-5
213000303,0,5,-5
213000304,0,5,-5
213000305,5,20,-15
213000306,21,283,-262
213000307,105,138,-33
213000308,59,91,-32
213000309,327,33,294
213000310,326,81,245
213000311,133,346,-213
213000315,86,154,-68
213000316,519,53,466
213000322,0,9,-9
213000323,19,13,6
213000340,99,174,-75
213000341,1728,64,1664
213000346,47,199,-152
213000347,176,490,-314
213000348,2,132,-130
213000349,0,0,0
213000350,175,578,-403
213000366,118,100,18
213000367,539,10,529
213000379,16,35,-19
213000386,14,26,-12
213000406,210,80,130
213000417,2045,561,1484
213000425,351,53,298
213000426,128,14,114
213000427,53,48,5
213000428,40,33,7
213000429,3,21,-18
213000430,52,145,-93
213000431,3,1,2
213000432,0,66,-66
213000433,34,22,12
213000434,239,34,205
213000435,125,34,91
213000439,59,17,42
213000441,2,0,2
213000443,474,272,202
213000445,0,61,-61
213000446,0,42,-42
213000447,2,99,-97
213000448,15,89,-74
213000449,1579,9,1570
213000450,7,35,-28
213000451,492,16,476
213000452,1,3,-2
213000453,10,157,-147
213000455,33,1,32
213000456,0,102,-102
213000481,5,0,5
213000482,46,0,46
213000489,168,58,110
213000491,4,363,-359
213000492,79,1,78
213000493,4,356,-352
213000494,235,26,209
213000495,0,1,-1
213000496,469,84,385
213000497,15,115,-100
213000498,103,57,46
213000499,61,49,12
213000500,450,11,439
213000501,254,14,240
213000502,131,12,119
213000503,0,36,-36
213000504,0,17,-17
213000505,52,19,33
213000506,0,1,-1
213000507,0,40,-40
213900244,248,0,248
213900245,0,11,-11
218000003,24,11,13
218000004,98,24,74
218000005,28,27,1
218000006,52,42,10
218000007,24,38,-14
218000012,82,353,-271
218000013,304,199,105
218000014,423,108,315
218000019,238,192,46
218000020,241,169,72
218000040,4,7,-3
218000046,92,182,-90
218000047,36,78,-42
218000048,199,59,140
218000049,37,65,-28
218000050,256,106,150
218000051,101,119,-18
218000052,0,50,-50
218000053,3,17,-14
218000054,5,29,-24
218000055,1,41,-40
218000056,25,99,-74
218000057,2,76,-74
218000064,12,1,11
218000065,112,5,107
218000066,50,73,-23
218000067,186,25,161
218000068,231,10,221
218000069,557,24,533
218000070,323,221,102
218000071,104,174,-70
218000072,112,134,-22
218000078,1430,239,1191
218000079,481,13,468
218000080,241,26,215
218000081,660,35,625
218000082,234,27,207
218000083,129,48,81
218000084,183,46,137
218000085,249,85,164
218000086,43,23,20
218000087,139,46,93
218000090,17,375,-358
218000091,1372,581,791
218000092,259,41,218
218000093,119,15,104
218000094,525,153,372
218000099,229,156,73
218000100,357,119,238
218000101,321,140,181
218000102,585,117,468
218000103,163,20,143
218000104,145,17,128
218000105,44,10,34
218000106,19,2,17
218000107,159,22,137
218000108,1,17,-16
218000112,72,10,62
218000117,45,80,-35
218000134,465,153,312
218000135,7,74,-67
218000136,143,107,36
218000137,71,70,1
218000138,72,55,17
218000139,96,131,-35
218000140,600,358,242
218000141,49,27,22
218000142,193,94,99
218000143,33,234,-201
218000144,7,217,-210
218000145,561,188,373
218000146,122,57,65
218000151,0,28,-28
218000152,29,46,-17
218000170,0,31,-31
218000171,107,5,102
218000172,2,12,-10
218000173,13,12,1
218000174,11,11,0
218000176,300,17,283
218000177,381,38,343
218000178,134,42,92
218000179,310,20,290
218000180,135,19,116
218000181,370,50,320
218000187,23,33,-10
218000188,24,17,7
218000189,20,58,-38
218000190,0,2,-2
218000191,196,26,170
218000192,253,42,211
218000193,282,42,240
218000194,140,111,29
218000195,182,33,149
218000196,403,119,284
218000197,863,111,752
218000198,217,43,174
218000199,47,6,41
218000200,41,37,4
218000201,30,3,27
218000202,50,763,-713
218000207,12,6,6
218000208,29,66,-37
218000211,28,4,24
218000213,251,177,74
218000214,0,65,-65
218000215,122,69,53
218000217,5,22,-17
218000218,380,42,338
218000219,0,93,-93
218000220,78,666,-588
218000221,621,256,365
218000222,0,74,-74
218000223,18,364,-346
218000224,3,150,-147
218000225,179,11,168
218000226,188,28,160
218000232,102,31,71
218000239,118,0,118
218000240,1,0,1
218000241,0,0,0
218000242,14,0,14
218000243,31,4,27
218000244,3,10,-7
218000245,2,7,-5
218000246,0,1,-1
218000247,5,0,5
218000248,0,27,-27
218000249,0,2,-2
218000250,1,12,-11
218000251,0,7,-7
218000252,0,50,-50
218000253,0,14,-14
218000254,0,13,-13
218000255,1,1,0
218000256,7,10,-3
218000267,438,722,-284
218000268,6,38,-32
218000269,1,19,-18
218000270,139,40,99
218000271,32,10,22
218000273,69,1,68
218000274,65,2,63
218000275,145,103,42
218000276,56,27,29
218000278,30,34,-4
218000279,84,23,61
218000280,0,19,-19
218000281,2,12,-10
218000282,466,1387,-921
218000284,70,6,64
218000301,19,76,-57
218000302,22,30,-8
218000303,3,50,-47
218000316,1896,498,1398
218000317,3404,345,3059
218000318,1725,306,1419
218000319,1819,310,1509
218000320,1352,537,815
218000338,8,31,-23
218000345,137,74,63
218000346,37,118,-81
218000459,51,121,-70
218000490,10,62,-52
218000501,164,18,146
218000502,132,9,123
218000503,140,21,119
218000504,134,21,113
218000505,4,17,-13
218000506,24,73,-49
218000508,0,2,-2
218000510,95,3,92
218000520,116,116,0
218000521,12,45,-33
218000522,0,343,-343
218000523,212,2,210
218000524,2,84,-82
218000525,53,22,31
218000526,22,100,-78
218000529,86,74,12
218000531,63,26,37
218000532,53,14,39
218000534,550,21,529
218000537,16,103,-87
218000538,92,227,-135
218000540,66,39,27
218000543,159,37,122
218000544,40,23,17
218000545,269,31,238
218000546,45,16,29
218000547,246,74,172
218000548,80,23,57
218000549,1074,58,1016
218000550,183,52,131
218000551,61,216,-155
218000552,400,121,279
218000553,21,99,-78
218000554,3,32,-29
218000555,43,128,-85
218000556,222,306,-84
218000557,1119,126,993
218000558,23,0,23
218000559,0,46,-46
218000560,0,10,-10
218000561,6,0,6
218000562,8,77,-69
218000563,151,8,143
218000564,0,80,-80
218000565,60,30,30
218000566,16,20,-4
218000567,1,22,-21
218000568,3,0,3
218000569,2,140,-138
218000570,4,3,1
218000571,0,47,-47
218000572,135,0,135
218000573,3,76,-73
218000574,16,27,-11
218000575,117,0,117
218000576,0,40,-40
218000577,129,0,129
218000578,0,63,-63
218000585,15,15,0
218000586,4,96,-92
218000587,37,5,32
218000589,0,6,-6
218000590,2,5,-3
218000591,14,67,-53
218000592,3,1,2
218000593,5,3,2
218000594,44,11,33
218000597,2,6,-4
218000598,0,2,-2
218000599,16,49,-33
218000600,0,1,-1
218000601,0,46,-46
218000602,1,25,-24
218000603,0,4,-4
218000604,14,0,14
218000605,0,146,-146
218000606,168,0,168
218000607,12,62,-50
218000608,18,53,-35
218000609,7,70,-63
218000610,58,33,25
218000611,78,74,4
218000612,4,23,-19
218000613,130,44,86
218000614,7,19,-12
218000615,152,14,138
218000616,7,86,-79
218000617,34,3,31
218000618,6,60,-54
218000619,35,18,17
218000620,1,172,-171
218000621,0,0,0
218000622,0,126,-126
218000623,37,1,36
218000624,2,169,-167
218000625,0,1,-1
218000626,0,7,-7
218000628,329,113,216
218000631,140,30,110
218000632,0,66,-66
218000633,88,1,87
218000634,12,5,7
218000635,19,9,10
218000636,836,202,634
218000637,1568,111,1457
218000638,441,13,428
218000639,29,33,-4
218000640,887,15,872
218000641,286,26,260
218000652,35,32,3
218000653,156,4,152
218000663,4,98,-94
218000675,15,76,-61
218000680,374,224,150
218000681,1021,91,930
218000691,350,110,240
218000693,843,74,769
218000718,14,29,-15
218000719,84,103,-19
218000720,1,55,-54
218000721,3,2,1
218001147,1,113,-112
218001214,65,34,31
218001258,1219,5,1214
218001329,533,51,482
218001330,110,132,-22
218001351,34,22,12
218001352,40,30,10
218001353,21,24,-3
218001354,6,43,-37
218001355,1,93,-92
218001356,698,230,468
218001357,1,81,-80
218001358,995,16,979
218001361,1803,7,1796
218001362,0,52,-52
219000001,16,16,0
219000002,32,24,8
219000003,50,14,36
219000004,12,108,-96
219000017,144,150,-6
219000020,224,19,205
219000022,203,1,202
219000023,78,2,76
219000029,0,105,-105
219000034,52,46,6
219000039,32,138,-106
219000040,9,97,-88
219000041,145,49,96
219000051,0,52,-52
219000052,0,56,-56
219000053,0,108,-108
219000055,423,1,422
219000056,0,0,0
219000057,65,0,65
219000062,0,124,-124
219000063,320,2,318
219000064,0,189,-189
219000110,224,219,5
219000111,99,34,65
219000112,353,38,315
219000113,275,17,258
219000114,189,48,141
219000116,151,63,88
219000117,177,6,171
219000118,159,43,116
219000123,196,85,111
219000124,78,38,40
219000125,56,2,54
219000126,67,92,-25
219000127,0,6,-6
219000128,33,139,-106
219000129,19,90,-71
219000130,196,300,-104
219000131,1075,636,439
219000133,20,76,-56
219000134,16,58,-42
219000135,23,41,-18
219000136,60,280,-220
219000138,86,10,76
219000139,109,47,62
219000140,249,0,249
219000141,42,38,4
219000142,43,27,16
219000143,49,13,36
219000145,12,16,-4
219000146,0,0,0
219000147,16,19,-3
219000148,0,9,-9
219000149,2,28,-26
219000150,0,11,-11
219000151,0,0,0
219000157,596,107,489
219000158,325,136,189
219000161,326,2,324
219000163,1311,332,979
219000166,140,108,32
219000167,169,150,19
219000168,273,164,109
219000174,548,89,459
219000175,202,19,183
219000176,345,16,329
219000177,154,5,149
219000178,117,0,117
219000179,143,6,137
219000180,150,20,130
219000182,163,3,160
219000183,121,9,112
219000184,107,4,103
219000185,1,5,-4
219000186,144,6,138
219000187,34,10,24
219000189,77,135,-58
219000190,84,119,-35
219000191,95,591,-496
219000192,239,160,79
219000193,299,88,211
219000195,3,15,-12
219000196,4,24,-20
219000198,2,28,-26
219000199,10,36,-26
219000200,33,47,-14
219000201,28,76,-48
219000203,12,31,-19
219000204,34,252,-218
219000205,12,117,-105
219000207,43,149,-106
219000209,43,39,4
219000210,6,144,-138
219000213,24,200,-176
219000239,180,130,50
219000240,56,219,-163
219000241,68,145,-77
219000242,66,133,-67
219000243,113,153,-40
219000244,19,73,-54
219000245,0,24,-24
219000246,30,10,20
219000247,698,37,661
219000248,486,335,151
219000249,187,66,121
219000250,320,33,287
219000251,520,97,423
219000252,220,60,160
219000253,217,10,207
219000255,229,101,128
219000256,375,29,346
219000257,72,0,72
219000262,19,23,-4
219000263,51,44,7
219000267,2,24,-22
219000268,0,4,-4
219000269,0,3,-3
219000270,14,0,14
219000271,508,4,504
219000278,1,1,0
219000279,0,0,0
219000283,0,20,-20
219000295,26,130,-104
219000296,70,165,-95
219000297,43,18,25
219000298,38,23,15
219000299,364,40,324
219000300,52,68,-16
219000301,20,177,-157
219000302,27,97,-70
219000307,11,3,8
219000308,48,45,3
219000311,150,56,94
219000312,369,179,190
219000313,567,42,525
219000314,93,55,38
219000315,597,11,586
219000316,579,75,504
219000317,255,2,253
219000320,0,151,-151
219000321,1,33,-32
219000323,4,24,-20
219000325,0,1,-1
219000326,40,19,21
219000327,5,5,0
219000328,36,11,25
219000329,466,127,339
219000330,26,2,24
219000331,34,9,25
219000332,218,29,189
219000333,142,1,141
219000335,49,2,47
219000337,5,0,5
219000338,30,1,29
219000344,37,28,9
219000345,138,8,130
219000346,8,22,-14
219000348,132,46,86
219000349,56,93,-37
219000350,55,263,-208
219000351,0,7,-7
219000352,56,101,-45
219000353,342,41,301
219000354,573,44,529
219000355,164,25,139
219000356,305,874,-569
219000363,166,55,111
219000364,203,47,156
219000365,97,21,76
219000366,166,906,-740
219000368,428,383,45
219000370,721,336,385
219000371,5,3,2
219000382,6,5,1
219000383,232,710,-478
219000385,163,432,-269
219000386,314,1293,-979
219000387,0,1,-1
219000390,9,1,8
219000391,0,2,-2
219000397,27,12,15
219000398,44,57,-13
219000401,6,69,-63
219000402,27,73,-46
219000403,73,91,-18
219000404,28,56,-28
219000407,72,33,39
219000409,58,41,17
219000410,126,10,116
219000411,105,18,87
219000446,61,306,-245
219000447,6,14,-8
219000448,4,3,1
219000452,182,63,119
219000453,21,161,-140
219000454,317,298,19
219000556,775,48,727
219000558,102,154,-52
219000590,13,238,-225
219000591,247,61,186
219000592,69,141,-72
219000595,6,0,6
219000635,220,18,202
219000636,80,25,55
219000657,21,8,13
219000658,35,141,-106
219000673,0,3,-3
219000676,7,0,7
219000679,31,6,25
219000684,218,0,218
219000685,0,44,-44
219000686,0,3,-3
219000688,0,44,-44
219000689,13,73,-60
219000690,121,16,105
219000691,27,54,-27
219000692,137,5,132
219000693,0,8,-8
219000694,53,0,53
219000695,56,3,53
219000698,5,2,3
219000699,0,98,-98
219000727,0,80,-80
219000728,124,0,124
219000770,1,1,0
219000771,0,20,-20
219000788,267,370,-103
219001150,0,55,-55
219001151,0,1,-1
219001166,43,129,-86
219001167,6,77,-71
219001178,87,2,85
220000001,15,290,-275
220000002,3,265,-262
220000003,144,50,94
220000004,275,255,20
220000005,349,758,-409
220000006,166,418,-252
220000007,401,128,273
220000008,327,266,61
220000009,207,274,-67
220000010,89,69,20
220000011,250,4112,-3862
220000012,153,1010,-857
220000014,218,505,-287
220000015,96,412,-316
220000017,46,271,-225
220000018,7777,1538,6239
220000019,163,747,-584
220000020,457,121,336
220000021,1092,273,819
220000022,1361,167,1194
220000023,325,136,189
220000024,842,439,403
220000025,400,1417,-1017
220000026,488,836,-348
220000027,4,300,-296
220000028,35,157,-122
220000029,545,190,355
220000030,51,120,-69
220000031,826,399,427
220000064,47,935,-888
221000046,1,0,1
221000047,0,0,0
221000048,0,0,0
221000049,0,15,-15
221000050,6,2,4
221000055,42,46,-4
221000057,193,3,190
221000068,127,57,70
221000069,284,29,255
221000070,339,25,314
221000071,54,2,52
221000072,386,19,367
221000073,208,18,190
221000074,0,4,-4
221000075,4,38,-34
221000076,3,29,-26
221000077,6,34,-28
221000081,2,4,-2
221000082,102,7,95
221000083,2,6,-4
221000084,17,9,8
221000085,6,42,-36
221000086,7,37,-30
221000087,5,27,-22
221000088,4,87,-83
221000089,16,111,-95
221000090,16,237,-221
221000098,157,24,133
221000099,341,20,321
221000100,337,5,332
221000101,330,9,321
221000102,166,8,158
221000109,0,28,-28
221000110,4,12,-8
221000111,1,67,-66
221000112,0,71,-71
221000113,11,66,-55
221000114,0,39,-39
221000120,11,76,-65
221000121,1,37,-36
221000122,48,83,-35
221000123,19,7,12
221000124,29,70,-41
221000155,64,15,49
221000156,185,74,111
221000175,2,41,-39
221000176,0,1,-1
221000182,145,1,144
221000241,302,174,128
221000242,35,144,-109
221000243,505,84,421
221000244,51,362,-311
221000245,308,77,231
221000246,12,221,-209
221000247,234,117,117
221000248,65,81,-16
221000267,28,306,-278
221000325,18,137,-119
221000331,0,20,-20
221000338,2,48,-46
221000378,439,47,392
221000381,50,69,-19
222000282,0,0,0
222000296,0,35,-35
222000568,307,6,301
222000569,182,25,157
222000570,99,23,76
222000571,385,24,361
222000577,17,20,-3
222000578,0,34,-34
222000579,7,26,-19
222000580,24,607,-583
222000599,0,29,-29
222000600,0,59,-59
222000601,1,331,-330
222000603,7,47,-40
222000604,0,151,-151
222000605,4,61,-57
222000606,0,48,-48
222000607,0,3,-3
222000608,2,28,-26
222000609,28,24,4
222000616,1045,14,1031
222000617,12,35,-23
222000618,0,18,-18
222000620,41,44,-3
222000621,59,36,23
222000623,633,6,627
222000624,669,5,664
222000625,1390,41,1349
222000636,45,2,43
222000686,1,49,-48
222000687,65,12,53
222001066,446,2,444
222001067,111,6,105
222001068,308,3,305
222001069,167,7,160
222001082,44,12,32
222001083,191,7,184
222001084,1,81,-80
222001085,0,355,-355
222001111,145,17,128
222001112,218,19,199
222001313,6,1,5
222001314,0,83,-83
222001464,670,39,631
222001465,25,197,-172
222001484,416,26,390
222001485,39,34,5
222001494,1398,158,1240
222001495,125,81,44
222001496,629,71,558
222001497,86,123,-37
222001502,12,29,-17
222001503,381,4,377
222001504,9,48,-39
222001505,679,10,669
222001506,4,97,-93
222001507,399,8,391
222001510,1191,31,1160
222001511,14,129,-115
222001514,944,35,909
222001515,9,140,-131
222001518,1001,26,975
222001519,29,102,-73
222001527,259,10,249
222001528,42,46,-4
222001529,546,13,533
222001530,16,46,-30
222001533,34,58,-24
222001534,1139,4,1135
222001535,857,166,691
222001536,13,122,-109
222001537,576,19,557
222001538,11,91,-80
222001563,1571,47,1524
222001564,15,171,-156
222001568,131,44,87
222001576,0,7,-7
222001579,0,28,-28
222001583,31,34,-3
222001584,275,17,258
222001596,214,303,-89
222001597,1707,186,1521
222001626,0,12,-12
222001650,1,45,-44
222001651,11,113,-102
222001914,371,4,367
222001915,10,63,-53
222001968,694,153,541
222001969,188,186,2
222001970,106,108,-2
222001971,169,13,156
222001972,13,2,11
225000001,571,82,489
225000002,1295,107,1188
225000003,1679,24,1655
225000004,1090,65,1025
225000005,70,34,36
225000006,2,128,-126
225000007,736,1183,-447
225000010,320,9,311
225000011,290,1823,-1533
225000012,286,859,-573
225000013,253,88,165
225000014,719,73,646
225000015,96,163,-67
225000021,722,80,642
225000027,321,241,80
225000032,765,109,656
225000042,159,174,-15
225000049,33,61,-28
225000050,260,16,244
225000053,3,87,-84
225000058,829,118,711
225000067,299,62,237
225000068,144,149,-5
225000069,65,222,-157
225000070,143,230,-87
225000071,27,51,-24
225000075,53,1363,-1310
225000076,109,71,38
225000078,50,38,12
225000085,200,32,168
225000086,749,21,728
225000087,114,9,105
225000088,15,107,-92
225000089,41,89,-48
225000090,30,159,-129
225000091,19,43,-24
225000092,24,99,-75
225000093,373,98,275
225000094,6,72,-66
225000095,309,129,180
225000096,121,119,2
225000098,1030,170,860
225000099,683,37,646
225000100,1009,54,955
225000104,140,400,-260
225000110,19,153,-134
225000111,418,265,153
225000112,637,736,-99
225000113,257,1371,-1114
225000114,131,695,-564
225000115,1474,668,806
225000116,295,96,199
225000117,542,309,233
225000118,1240,366,874
225000119,646,90,556
225000120,936,30,906
225000121,224,25,199
225000123,679,8,671
225000125,722,273,449
225000126,817,270,547
225000127,510,3860,-3350
225000128,451,1568,-1117
225000132,746,10,736
225000133,321,19,302
225000134,1032,95,937
225000135,94,6,88
225000136,463,13,450
225000137,567,69,498
225000138,574,147,427
225000143,102,169,-67
225000144,7,211,-204
225000145,7,6,1
225000146,54,41,13
225000147,34,28,6
225000148,2,8,-6
225000149,31,63,-32
225000151,40,39,1
225000155,127,116,11
225000156,277,1088,-811
225000157,599,340,259
225000158,54,219,-165
225000171,15,193,-178
225000180,135,89,46
225000181,0,225,-225
225000182,72,9,63
225000185,5,367,-362
225000187,119,215,-96
225000191,41,2,39
225000194,0,6,-6
225000208,0,39,-39
225000209,66,1,65
225000210,1,73,-72
225000217,0,9,-9
225000218,41,0,41
225000223,0,933,-933
225000224,15,5,10
225000225,3,593,-590
225000226,44,5,39
225000227,162,277,-115
225000228,3,4,-1
225000229,0,28,-28
225000230,10,1,9
225000231,0,17,-17
225000232,239,0,239
225000241,66,0,66
225000242,0,29,-29
225000249,12,0,12
225000250,39,89,-50
225000251,846,142,704
226000042,43,62,-19
226000043,61,224,-163
226000044,131,514,-383
226000045,114,624,-510
226000046,1240,152,1088
226000047,873,149,724
226000048,761,127,634
226000049,1051,313,738
226000070,0,1,-1
226000071,0,48,-48
226000072,0,33,-33
226000073,0,21,-21
226000074,0,18,-18
226000084,1,12,-11
226000085,0,166,-166
226000086,1,114,-113
226000087,0,50,-50
226000088,1,22,-21
226000090,1107,220,887
226000091,3,115,-112
226000092,1,9,-8
226000093,19,9,10
226000094,1,13,-12
226000095,21,63,-42
226000105,0,5,-5
226000106,4,1,3
226000107,2,0,2
226000108,17,0,17
226000109,427,0,427
226000124,254,121,133
226000134,1491,372,1119
226000135,2617,698,1919
226000136,1163,364,799
226000137,0,12,-12
226000138,17,76,-59
226000139,11,79,-68
226000156,556,7,549
226000157,582,0,582
226000163,134,237,-103
226000202,10,199,-189
226000231,1720,11,1709
226000232,39,5,34
227000037,1181,9,1172
227000038,371,34,337
227000049,0,110,-110
227000050,0,163,-163
227000055,86,2,84
227000056,10,1,9
227000084,6,86,-80
227000085,2,113,-111
227000088,105,2,103
227000089,26,2,24
227000090,19,2,17
227000091,82,2,80
227000093,133,0,133
227000094,10,0,10
227000130,103,129,-26
227000131,28,130,-102
227000132,55,55,0
227000133,24,72,-48
227000134,63,73,-10
227000152,0,0,0
227000153,0,120,-120
227000155,4,39,-35
227000156,4,21,-17
227000165,1,100,-99
227000196,130,76,54
227000199,912,16,896
227000230,2,155,-153
227000232,795,39,756
227000241,1197,12,1185
227000242,39,220,-181
227000243,524,13,511
227000244,628,10,618
227000245,104,116,-12
227000246,71,185,-114
227000247,879,13,866
227000248,246,93,153
227000249,17,219,-202
227000251,109,334,-225
227000252,73,96,-23
227000253,401,75,326
227000262,916,15,901
227000266,2801,37,2764
227000267,12,296,-284
227000486,421,378,43
227000655,971,0,971
227000661,215,10,205
227000680,68,94,-26
229000265,106,34,72
229000296,0,15,-15
229000297,1,44,-43
229000298,12,346,-334
229000320,13,0,13
229000321,35,0,35
229000412,16,26,-10
229000414,28,60,-32
229000415,13,1,12
229000416,5,0,5
229000417,8,1,7
229000419,112,191,-79
229000440,222,54,168
229000442,30,5,25
229000443,2,0,2
229000444,0,73,-73
229000445,93,2,91
229000446,62,61,1
229000847,63,0,63
229000848,64,0,64
229000849,115,0,115
229000851,256,1,255
229000854,0,27,-27
229000856,3,122,-119
229000857,0,14,-14
229000858,0,23,-23
229000919,2,12,-10
229000930,1,20,-19
229000937,146,1,145
229000966,81,22,59
229000981,11,1,10
229000985,47,4,43
229000986,0,1,-1
229000987,0,2,-2
229000988,2,5,-3
229000989,7,26,-19
229000990,0,19,-19
229000991,0,0,0
229000992,17,8,9
229000993,203,12,191
229000998,3,96,-93
229000999,87,4,83
229001034,0,45,-45
229001035,1,4,-3
229001037,86,1,85
229001042,19,6,13
229001047,1,86,-85
229001050,104,60,44
229001200,60,2,58
229001338,0,1,-1
229001394,337,5,332
229001422,190,11,179
229001423,0,33,-33
229001431,69,65,4
229001432,4,6,-2
229001444,266,33,233
229001445,227,78,149
229001503,434,71,363
229001504,62,39,23
229001505,190,22,168
229001506,8,43,-35
229001509,97,1,96
229001545,111,6,105
229001546,0,9,-9
229001553,72,8,64
229001554,1,29,-28
229001559,2,0,2
229001560,12,27,-15
229001630,119,1,118
229001631,22,33,-11
229001635,0,16,-16
229001636,0,0,0
229001658,0,13,-13
229001659,39,9,30
229001660,0,12,-12
229001661,0,75,-75
229001662,13,4,9
229001663,0,48,-48
229002584,221,169,52
229002831,135,64,71
229002841,3,56,-53
229002842,37,29,8
229002843,18,49,-31
229002844,11,110,-99
229002845,0,135,-135
229002846,1,58,-57
229002847,0,10,-10
229002848,3,13,-10
229002849,0,115,-115
229002850,2,0,2
229002851,8,125,-117
229002852,89,16,73
229002853,52,38,14
229002854,20,37,-17
229002855,3,54,-51
229002856,71,49,22
229002857,21,101,-80
229002858,5,30,-25
229002859,21,49,-28
229002860,35,17,18
229002861,101,59,42
229002862,22,39,-17
229002863,1,2,-1
229002864,9,65,-56
229002865,0,21,-21
229002866,3,23,-20
229002867,0,11,-11
229002868,10,54,-44
229002869,1,32,-31
229002870,20,4,16
235000066,192,20,172
235000067,118,44,74
235000072,0,1,-1
235000073,0,0,0
235000074,7,5,2
235000080,5,50,-45
235000081,3,45,-42
235000082,445,65,380
235000083,348,39,309
235000084,30,53,-23
235000085,122,100,22
235000089,23,20,3
235000092,1,1,0
235000093,0,0,0
235000097,0,0,0
235000098,152,3,149
235000099,36,14,22
235000116,3,15,-12
235000117,448,10,438
235000133,0,1,-1
235000134,0,2,-2
235000206,2,7,-5
235000207,0,3,-3
235000208,0,3,-3
235000209,0,7,-7
235000210,4,0,4
235000212,2,6,-4
235000213,0,6,-6
235000220,0,1,-1
235000221,1,19,-18
235000238,6,304,-298
235000239,0,33,-33
235000242,241,1181,-940
235000245,258,111,147
235000246,63,60,3
235000284,9,80,-71
235000295,59,1,58
235000305,392,24,368
235000306,432,0,432
235000307,33,3,30
235000308,4,0,4
235000309,103,0,103
235000310,45,0,45
235000311,21,83,-62
235000322,0,93,-93
235000323,0,36,-36
235000324,1,49,-48
235000325,0,18,-18
235000326,19,34,-15
235000351,0,60,-60
235000352,7,28,-21
235000353,1,6,-5
235000354,15,4,11
235000355,2,63,-61
235000356,54,0,54
235000357,21,4,17
235000358,24,2,22
235000359,39,2,37
235000360,37,1,36
235000361,72,1,71
235000381,12,10,2
235000382,84,31,53
235000390,2,1,1
235000391,127,5,122
235000392,190,141,49
235000393,165,94,71
235000395,121,43,78
235000396,399,32,367
235000400,12,89,-77
235000401,3,84,-81
235000405,82,30,52
235000406,10,35,-25
235000407,49,19,30
235000409,135,45,90
235000410,48,46,2
235000411,0,27,-27
235000485,0,0,0
235000486,1,0,1
235000549,85,121,-36
235000550,7,11,-4
235000599,17,4,13
235000600,1,0,1
235000601,4,34,-30
235000602,102,45,57
235000614,0,1,-1
235000648,0,0,0
235000649,23,2,21
235000685,0,1,-1
235000815,7,1,6
235000834,0,31,-31
235000855,50,28,22
235000862,3,8,-5
235000891,0,0,0
235000892,3,0,3
235000901,10,1,9
235000907,3,1,2
235001010,66,31,35
235001029,73,73,0
235001030,160,24,136
235001078,139,40,99
235001079,25,16,9
235001147,28,40,-12
235001166,7,25,-18
235001167,4,4,0
235001169,100,77,23
235001188,0,1,-1
235001189,0,5,-5
235001197,1,15,-14
235001200,0,0,0
235001207,584,45,539
235001210,53,85,-32
235001215,4,54,-50
235001239,0,0,0
235001244,0,21,-21
235016267,0,148,-148
277102712,0,0,0
277103813,0,0,0
277104249,0,1,-1
277104250,14,21,-7
277104251,0,5,-5
277104252,0,2,-2
990011530,0,162,-162
990014944,0,57,-57
990015176,27,1,26
990016032,0,33,-33
990032570,2,18,-16
990070001,80,3,77
990070103,0,2,-2
990070601,1,6,-5
990070751,2522,2,2520
990070766,0,49,-49
990071180,391,81,310
990071343,51,20,31
990071387,0,2,-2
990071823,7,1,6
990072600,0,206,-206
990072964,0,98,-98
990073285,0,0,0
990074393,0,135,-135
990074870,2431,11,2420
990075106,397,2,395
990075746,558,2,556
990076437,5904,58,5846
990076458,4,159,-155
997000007,252,5,247
997000041,0,162,-162
997000058,64,0,64
997000062,8,1,7
997000069,0,0,0
997000070,0,1,-1
997000100,151,0,151
997000141,0,112,-112
997000198,2,160,-158
998000475,0,0,0
998000736,0,32,-32
998000965,0,63,-63
998001031,0,49,-49
998001700,0,45,-45
998001899,0,0,0
998001900,2,0,2
998003073,1418,2,1416
998101900,0,0,0
998102850,0,47,-47
998501927,248,685,-437
998501929,139,40,99
998501930,31,0,31
998501931,222,46,176
998501932,22,0,22
998501933,59,0,59
998501937,20,2,18
998501944,6,0,6
998501950,0,1,-1
998501970,293,12,281
998501971,0,14,-14
998501973,0,9,-9
998501974,2,43,-41
998501975,92,24,68
998501976,553,61,492
998501977,0,15,-15
998501978,0,0,0
998501979,0,1,-1
998501980,113,14,99
998501981,112,0,112
998501982,0,67,-67
998501983,0,3,-3
998502006,0,0,0
998502024,0,3,-3
998502032,0,1,-1
998502062,6,0,6
998502063,0,0,0
998502173,18,0,18
998502269,0,12,-12
998502546,0,301,-301
998502578,0,0,0
998502599,8,859,-851
998502621,0,0,0
998601159,0,9,-9
998601292,0,1,-1
999033574,0,123,-123
999800001,88,35,53
999800002,0,0,0
999800003,0,0,0
999800004,0,1,-1
999800005,0,5,-5
