ID,insum,outsum,diff
100000001,495,453,42
100000002,1681,412,1269
100000003,3498,1383,2115
100000004,1037,580,457
100000005,1155,1902,-747
100000006,393,77,316
100000007,1090,419,671
100000008,161,556,-395
100000009,300,130,170
100000010,52,35,17
100000011,398,38,360
100000012,61,670,-609
100000013,13,192,-179
100000014,202,343,-141
100000015,1297,984,313
100000016,867,1271,-404
100000017,560,1084,-524
100000018,1203,440,763
100000019,4154,1406,2748
100000020,1337,2564,-1227
100000021,6027,1960,4067
100000022,1193,581,612
100000023,5030,698,4332
100000025,1800,379,1421
100000028,1658,639,1019
100000029,311,182,129
100000030,491,33,458
100000031,2841,3385,-544
100000032,1869,2264,-395
100000033,728,1639,-911
100000034,526,216,310
100000035,1603,664,939
100000036,1952,706,1246
100000037,273,432,-159
100000038,996,698,298
100000039,514,113,401
100000040,105,82,23
100000041,467,272,195
100000042,418,216,202
100000043,564,197,367
100000044,354,700,-346
100000045,364,1345,-981
100000046,542,1222,-680
100000047,247,731,-484
100000048,350,553,-203
100000049,1459,2601,-1142
100000051,372,1125,-753
100000053,24,4,20
100000054,158,25,133
100000055,429,207,222
100000056,221,601,-380
100000057,1081,797,284
100000058,551,1144,-593
100000059,4,108,-104
100000060,275,260,15
100000061,1432,411,1021
100000062,1003,378,625
100000063,270,187,83
100000064,651,380,271
100000065,294,916,-622
100000066,156,975,-819
100000067,239,895,-656
100000068,406,1660,-1254
100000069,255,1938,-1683
100000072,486,775,-289
100000073,976,1251,-275
100000075,410,275,135
100000076,1751,1387,364
100000077,608,74,534
100000078,49,27,22
100000079,25,24,1
100000080,16,7,9
100000081,70,24,46
100000102,2955,782,2173
100000103,2662,482,2180
100000104,3460,961,2499
100000105,2677,511,2166
100000106,1819,965,854
100000107,471,286,185
100000108,635,710,-75
100000109,2995,877,2118
100000116,1037,425,612
100000117,34,20,14
100000118,867,531,336
100000119,455,346,109
100000121,176,592,-416
100000122,1205,646,559
100000123,2323,3429,-1106
100000124,4081,4883,-802
100000125,1924,586,1338
100000126,575,216,359
100000127,1581,267,1314
100000128,712,810,-98
100000129,364,181,183
100000130,222,467,-245
100000131,2229,2221,8
100000132,768,1241,-473
100000133,5109,2223,2886
100000135,324,473,-149
100000139,190,269,-79
100000140,98,107,-9
100000142,235,463,-228
100000143,1623,769,854
100000144,4020,880,3140
100000147,625,1639,-1014
100000150,14,456,-442
100000151,555,386,169
100000153,359,152,207
100000154,110,46,64
100000155,4,16,-12
100000156,46,36,10
100000157,11,255,-244
100000158,31,148,-117
100000159,569,280,289
100000165,874,546,328
100000169,573,384,189
100000174,1449,332,1117
100000179,52,439,-387
100000180,558,990,-432
100000181,85,177,-92
100000188,106,398,-292
100000189,423,230,193
100000190,396,230,166
100000191,429,306,123
100000192,74,66,8
100000193,91,121,-30
100000330,1534,424,1110
100000355,70,366,-296
100000362,4629,3094,1535
100000363,1708,2910,-1202
100000364,333,88,245
100000365,2372,5712,-3340
100000366,3687,1774,1913
100000367,1955,2931,-976
100000368,1631,1442,189
100000369,841,1006,-165
100000370,66,253,-187
100000376,51,38,13
100000379,3012,1010,2002
100000380,3478,1392,2086
100000384,4360,1905,2455
100000385,5298,2220,3078
100000386,6579,2518,4061
100000387,5788,2452,3336
100000388,6537,2711,3826
100000389,6385,2848,3537
100000390,7112,2162,4950
100000391,4866,2723,2143
100000392,3927,874,3053
100000393,1552,985,567
100000394,6201,2404,3797
100000395,3007,915,2092
100000396,4858,1211,3647
100000397,2258,1049,1209
100000398,8121,5740,2381
100000413,23,5,18
100000414,452,156,296
100900002,1,59,-58
100900003,154,56,98
100900004,18,554,-536
100900005,88,10,78
100900006,0,179,-179
100900007,341,0,341
100900008,2,349,-347
100900009,24,32,-8
100900010,10,128,-118
100900011,32,298,-266
100900012,1,267,-266
100900013,297,3,294
100900014,1,10,-9
100900015,98,95,3
100900016,0,22,-22
100900017,406,28,378
100900018,1,15,-14
100900019,8,27,-19
100900020,204,2,202
100900021,210,2,208
100900022,3,5,-2
100900023,1,7,-6
100900024,595,1,594
100900025,11,5,6
100900026,22,119,-97
100900027,308,1516,-1208
100900028,53,108,-55
100900029,46,2,44
100900030,4,12,-8
100900031,177,12,165
100900032,132,0,132
100900033,146,82,64
100900034,219,1,218
100900035,337,0,337
100900036,9,3,6
100900037,20,247,-227
100900038,89,9,80
100900039,251,563,-312
100900040,140,778,-638
100900041,159,1071,-912
100900042,383,184,199
100900043,0,0,0
100900044,2470,270,2200
100900045,35,0,35
100900046,543,2,541
100900047,544,29,515
100900048,109,12,97
100900049,35,187,-152
100900050,0,5,-5
100900051,16,40,-24
100900052,107,6,101
100900053,190,25,165
100900054,0,63,-63
100900055,104,246,-142
100900056,102,141,-39
100900057,478,689,-211
100900058,166,20,146
100900059,56,3,53
100900060,51,17,34
100900061,269,208,61
100900062,2,54,-52
100900063,80,215,-135
100900064,332,12,320
100900065,48,31,17
100900066,32,60,-28
100900067,1,4,-3
100900068,43,132,-89
100900069,388,0,388
100900070,94,1,93
100900071,548,257,291
100900072,1,37,-36
100900073,39,530,-491
100900074,1,9,-8
100900075,1795,258,1537
100900076,24,49,-25
100900077,5,123,-118
100900078,49,153,-104
100900079,0,41,-41
100900080,8,123,-115
100900081,19,70,-51
100900082,41,851,-810
100900083,0,27,-27
100900085,6,57,-51
100900086,103,446,-343
100900088,54,806,-752
100900089,0,21,-21
100900090,57,248,-191
100900091,0,27,-27
100900092,177,90,87
100900093,93,123,-30
100900094,32,699,-667
100900095,1,23,-22
100900096,29,59,-30
100900097,0,11,-11
100900098,4,26,-22
100900099,22,557,-535
100900100,2,259,-257
100900101,287,16,271
100900102,18,33,-15
100900103,1,3,-2
100900104,3,148,-145
100900105,3,91,-88
100900106,52,1,51
100900107,1392,348,1044
100900108,2,4,-2
100900109,1,20,-19
100900110,0,0,0
100900111,37,115,-78
100900112,0,4,-4
100900113,3,16,-13
100900114,1,11,-10
100900115,2,12,-10
100900116,485,452,33
100900117,135,438,-303
100900118,9,58,-49
100900119,2,8,-6
100900120,0,15,-15
100900121,137,246,-109
100900122,138,149,-11
100900123,33,78,-45
100900124,6,5,1
100900125,17,62,-45
100900126,47,186,-139
100900127,2,6,-4
100900128,64,86,-22
100900129,0,61,-61
100900131,44,138,-94
100900133,23,22,1
100900134,1,4,-3
100900135,1,84,-83
100900137,209,128,81
100900138,368,170,198
100900139,0,8,-8
100900140,2,843,-841
100900141,2,286,-284
100900142,1,2,-1
100900143,624,236,388
100900144,12,1,11
100900145,28,103,-75
100900147,8,156,-148
100900148,19,1142,-1123
100900149,19,45,-26
100900151,86,494,-408
100900152,53,4,49
100900153,3,90,-87
100900154,42,16,26
100900155,0,3,-3
100900156,11,0,11
100900157,5,64,-59
100900159,0,8,-8
100900160,2,6,-4
100900161,104,2,102
100900162,18,151,-133
100900163,144,179,-35
100900164,28,23,5
100900165,3,19,-16
100900166,19,6,13
100900167,4,69,-65
100900168,17,120,-103
100900169,126,860,-734
100900170,13,7,6
100900171,15,645,-630
100900172,0,5,-5
100900173,4,717,-713
100900174,149,52,97
100900176,922,63,859
100900177,912,183,729
100900178,220,109,111
100900179,62,37,25
100900180,5,4,1
100900181,83,15,68
100900182,2,6,-4
100900184,1,116,-115
100900186,846,503,343
100900187,6,180,-174
100900188,22,13,9
100900189,647,108,539
100900191,959,489,470
100900192,267,108,159
100900195,78,83,-5
100900197,0,0,0
100900198,6,410,-404
100900199,0,0,0
100900200,390,303,87
100900201,28,686,-658
100900202,11,0,11
100900203,0,59,-59
100900204,132,132,0
100900205,81,266,-185
100900206,50,22,28
100900207,139,51,88
100900210,67,618,-551
100900211,178,70,108
100900213,24,29,-5
100900214,875,69,806
100900215,4,27,-23
100900217,172,38,134
101000001,3178,1945,1233
101000002,3156,2956,200
101000003,719,1359,-640
101000004,7469,6246,1223
101000005,3397,3653,-256
101000006,5696,5458,238
101000007,1457,1973,-516
101000009,1246,2189,-943
101000010,665,1706,-1041
101000011,1788,621,1167
101000012,2199,434,1765
101000013,310,713,-403
101000014,420,569,-149
101000015,550,629,-79
101000016,361,273,88
101000017,367,418,-51
101000018,3967,1952,2015
101000020,4176,805,3371
101000021,1339,210,1129
101000022,189,29,160
101000023,1311,649,662
101000025,88,254,-166
101000026,431,12,419
101000027,1269,930,339
101000028,765,120,645
101000029,63,650,-587
101000030,769,40,729
101000031,317,75,242
101000032,5016,1621,3395
101000033,2100,1702,398
101000034,2282,739,1543
101000035,1001,153,848
101000036,1263,386,877
101000037,3641,806,2835
101000039,2624,848,1776
101000040,3347,2406,941
101000041,9994,2971,7023
101000042,597,426,171
101000043,6675,2249,4426
101000045,1437,365,1072
101000046,1702,410,1292
101000047,773,703,70
101000048,635,688,-53
101000049,745,688,57
101000050,1248,623,625
101000051,1637,871,766
101000052,1432,338,1094
101000053,738,1000,-262
101000054,1038,954,84
101000055,1225,833,392
101000056,75,51,24
101000057,1842,363,1479
101000058,1485,589,896
101000059,3116,1108,2008
101000060,1524,208,1316
101000061,942,623,319
101000062,952,319,633
101000063,502,287,215
101000064,1352,355,997
101000065,247,195,52
101000066,432,144,288
101000067,890,315,575
101000068,241,149,92
101000069,443,51,392
101000070,1258,657,601
101000071,1586,662,924
101000072,688,2379,-1691
101000073,450,369,81
101000074,2920,2192,728
101000075,3950,2376,1574
101000077,630,1457,-827
101000078,731,1249,-518
101000079,284,615,-331
101000080,349,303,46
101000081,942,1120,-178
101000082,3179,2119,1060
101000083,1511,1502,9
101000084,1159,950,209
101000085,1262,844,418
101000086,1021,936,85
101000087,770,1221,-451
101000088,753,752,1
101000089,564,1130,-566
101000090,1979,1449,530
101000091,257,1482,-1225
101000092,500,833,-333
101000093,1091,715,376
101000094,439,1070,-631
101000095,151,618,-467
101000096,236,607,-371
101000097,293,226,67
101000098,398,331,67
101000099,845,885,-40
101000100,695,404,291
101000101,365,254,111
101000102,1013,246,767
101000103,587,320,267
101000104,339,336,3
101000105,672,193,479
101000106,623,313,310
101000107,114,339,-225
101000108,1417,284,1133
101000109,146,86,60
101000110,12,650,-638
101000111,60,198,-138
101000113,74,421,-347
101000114,2312,898,1414
101000115,65,207,-142
101000116,109,227,-118
101000117,410,221,189
101000119,106,15,91
101000120,205,16,189
101000121,54,15,39
101000122,120,24,96
101000123,54,12,42
101000124,101,129,-28
101000125,135,477,-342
101000128,716,188,528
101000130,195,226,-31
101000131,330,785,-455
101000132,301,1958,-1657
101000135,57,13,44
101000136,211,51,160
101000137,22,143,-121
101000141,1659,1278,381
101000147,682,547,135
101000148,2139,22,2117
101000149,152,85,67
101000150,64,1201,-1137
101000151,88,75,13
101000152,286,191,95
101000153,413,423,-10
101000154,89,1827,-1738
101000155,101,111,-10
101000156,29,263,-234
101000157,36,17,19
101000160,20,62,-42
101000163,148,84,64
101000164,429,550,-121
101000165,177,430,-253
101000166,182,307,-125
101000168,750,322,428
101000252,1038,782,256
101000254,306,25,281
101000258,15,20,-5
101000261,41,208,-167
101000262,685,672,13
101000263,106,461,-355
101000265,22,512,-490
101000266,218,227,-9
101000269,99,1,98
101000290,1144,1645,-501
101000293,10,66,-56
101000294,395,363,32
101000295,88,347,-259
101000301,546,181,365
101000304,1345,2092,-747
101000305,1874,1451,423
101000328,63,288,-225
101900001,4,54,-50
101900002,0,20,-20
101900003,132,54,78
101900004,3,29,-26
101900005,5362,961,4401
101900006,835,227,608
101900007,347,33,314
101900008,121,199,-78
101900009,30,344,-314
101900010,919,404,515
101900011,262,765,-503
101900012,102,223,-121
101900013,1206,106,1100
101900017,25,81,-56
101900018,1886,154,1732
101900019,262,102,160
101900020,11,72,-61
101900021,2,28,-26
101900022,67,1410,-1343
101900023,34,242,-208
101900026,80,35,45
101900027,6,112,-106
102000001,2054,2972,-918
102000002,2418,1180,1238
102000003,2797,3673,-876
102000004,6994,2284,4710
102000005,1061,1551,-490
102000006,1515,1409,106
102000007,1081,3340,-2259
102000008,4634,1677,2957
102000009,3497,5399,-1902
102000010,4454,2845,1609
102000011,1883,1828,55
102000012,2661,2914,-253
102000018,3159,2231,928
102000019,2757,1430,1327
102000026,166,712,-546
102000029,373,280,93
102000030,54,319,-265
102000031,27,204,-177
102000032,232,411,-179
102000033,118,469,-351
102000034,419,527,-108
102000035,749,512,237
102000036,13,389,-376
102000037,123,87,36
102000038,309,117,192
102000039,372,68,304
102000040,608,71,537
102000041,234,244,-10
102000042,296,122,174
102000043,278,186,92
102000044,571,621,-50
102000045,574,1133,-559
102000046,801,509,292
102000047,448,1313,-865
102000048,212,759,-547
102000049,1037,659,378
102000050,927,1056,-129
102000051,366,591,-225
102000052,1162,762,400
102000053,904,825,79
102000054,316,859,-543
102000055,558,1354,-796
102000056,455,1670,-1215
102000057,829,494,335
102000058,832,2227,-1395
102000059,845,1291,-446
102000060,835,906,-71
102000061,662,2470,-1808
102000062,829,1193,-364
102000063,1064,1296,-232
102000064,467,543,-76
102000065,21,120,-99
102000066,693,1484,-791
102000067,1895,2411,-516
102000068,9685,2737,6948
102000069,32,1841,-1809
102000070,1592,46,1546
102000071,6270,8034,-1764
102000072,2483,5075,-2592
102000073,426,742,-316
102000074,555,839,-284
102000075,152,356,-204
102000076,132,512,-380
102000077,284,1391,-1107
102000078,533,976,-443
102000079,126,276,-150
102000080,151,180,-29
102000081,263,852,-589
102000082,606,265,341
102000083,243,462,-219
102000084,100,445,-345
102000085,1330,1193,137
102000086,758,818,-60
102000087,588,1725,-1137
102000088,181,281,-100
102000089,650,503,147
102000090,283,1011,-728
102000091,999,331,668
102000092,220,639,-419
102000093,590,525,65
102000094,821,467,354
102000095,795,782,13
102000096,658,582,76
102000097,850,676,174
102000098,421,681,-260
102000099,773,424,349
102000100,929,807,122
102000101,1239,377,862
102000102,253,2590,-2337
102000103,973,314,659
102000104,1119,351,768
102000105,239,933,-694
102000106,436,1052,-616
102000107,553,728,-175
102000108,378,297,81
102000109,264,598,-334
102000110,496,2151,-1655
102000111,7,456,-449
102000112,123,67,56
102000113,7,17,-10
102000114,1372,395,977
102000115,161,182,-21
102000116,304,229,75
102000117,183,466,-283
102000118,1481,743,738
102000119,2261,563,1698
102000120,80,456,-376
102000121,608,464,144
102000122,319,673,-354
102000123,1157,751,406
102000124,875,744,131
102000125,624,692,-68
102000126,410,624,-214
102000127,737,648,89
102000128,414,1137,-723
102000129,554,915,-361
102000130,328,656,-328
102000131,746,570,176
102000132,220,574,-354
102000133,781,2487,-1706
102000134,413,699,-286
102000135,995,964,31
102000136,970,467,503
102000137,711,664,47
102000138,132,361,-229
102000139,51,301,-250
102000140,249,164,85
102000141,104,448,-344
102000142,117,348,-231
102000143,60,559,-499
102000144,109,447,-338
102000145,124,475,-351
102000146,218,323,-105
102000147,223,250,-27
102000148,210,193,17
102000149,121,590,-469
102000150,104,380,-276
102000151,134,369,-235
102000152,58,198,-140
102000153,794,284,510
102000154,424,660,-236
102000155,71,247,-176
102000156,420,25,395
102000157,222,120,102
102000158,543,286,257
102000159,1721,282,1439
102000161,4595,1259,3336
102000162,175,142,33
102000163,65,385,-320
102000164,847,662,185
102000165,290,125,165
102000166,66,149,-83
102000167,152,149,3
102000168,135,122,13
102000169,54,461,-407
102000170,557,94,463
102000171,117,75,42
102000172,61,203,-142
102000173,345,214,131
102000174,29,51,-22
102000175,90,162,-72
102000176,28,36,-8
102000178,164,608,-444
102000179,288,202,86
102000180,362,642,-280
102000181,282,737,-455
102000182,312,731,-419
102000183,876,2080,-1204
102000184,920,857,63
102000185,1207,1763,-556
102000186,507,2109,-1602
102000187,326,1828,-1502
102000188,408,1369,-961
102000189,2817,1032,1785
102000190,457,1800,-1343
102000191,1073,529,544
102000192,557,804,-247
102000193,33,238,-205
102000194,51,125,-74
102000195,384,607,-223
102000196,86,716,-630
102000197,316,536,-220
102000198,77,1130,-1053
102000199,433,442,-9
102000200,171,1624,-1453
102000201,340,520,-180
102000202,2,214,-212
102000203,245,347,-102
102000204,210,1125,-915
102000205,609,732,-123
102000206,495,771,-276
102000207,674,470,204
102000208,329,619,-290
102000209,30,41,-11
102000210,256,648,-392
102000211,241,524,-283
102000212,123,8,115
102000213,3,491,-488
102000214,100,32,68
102000215,4,749,-745
102000216,40,40,0
102000217,12,224,-212
102000218,126,89,37
102000219,475,325,150
102000225,633,748,-115
102000226,3831,649,3182
102000227,105,1,104
102000228,0,125,-125
102000229,10,21,-11
102000230,254,663,-409
102000231,277,488,-211
102000232,7,250,-243
102000233,292,572,-280
102000234,116,1045,-929
102000236,178,78,100
102000237,578,160,418
102000238,132,359,-227
102000240,498,353,145
102000241,135,109,26
102000243,11,83,-72
102000245,33,81,-48
102000246,7,29,-22
102000247,1235,746,489
102000248,647,512,135
102000249,86,172,-86
102000250,41,495,-454
102000254,51,497,-446
102000266,42,143,-101
102000271,27,0,27
102000286,410,374,36
102000297,1592,1031,561
102000307,0,6,-6
102000316,192,504,-312
102900001,1104,1289,-185
102900002,162,30,132
102900003,24,330,-306
102900005,186,405,-219
102900006,382,302,80
102900007,342,27,315
102900008,171,111,60
102900009,312,122,190
102900010,448,344,104
102900011,1916,297,1619
102900012,227,54,173
102900013,10,67,-57
102900015,604,256,348
102900016,26,79,-53
102900017,63,554,-491
102900018,12,127,-115
102900019,353,515,-162
102900020,80,37,43
102900021,9,129,-120
102900022,432,77,355
102900023,25,62,-37
102900024,21,32,-11
102900025,235,95,140
102900026,592,1210,-618
102900027,29,56,-27
102900028,79,445,-366
102900029,155,155,0
102900030,213,212,1
102900031,84,184,-100
102900032,19,155,-136
102900033,31,129,-98
102900034,195,140,55
102900035,65,539,-474
102900036,134,703,-569
102900037,102,830,-728
102900038,268,623,-355
102900039,19,291,-272
102900040,58,200,-142
102900041,48,199,-151
102900042,119,391,-272
102900043,91,266,-175
102900044,528,1870,-1342
102900045,51,521,-470
102900046,70,342,-272
102900047,32,723,-691
102900048,432,954,-522
102900049,71,383,-312
102900050,239,382,-143
102900051,101,202,-101
102900053,299,895,-596
102900054,855,804,51
102900055,36,79,-43
102900056,99,512,-413
102900057,1,22,-21
102900058,211,65,146
102900059,7,34,-27
102900060,70,381,-311
102900061,56,475,-419
102900062,118,1571,-1453
102900063,586,394,192
102900064,75,358,-283
102900065,1834,324,1510
102900066,240,72,168
102900068,61,59,2
102900070,144,786,-642
102900072,12,29,-17
102900073,77,6,71
102900075,52,33,19
102900076,262,26,236
102900077,17,29,-12
102900078,27,50,-23
102900079,189,10,179
102900080,235,32,203
102900081,67,283,-216
102900082,7,264,-257
102900083,217,6,211
102900084,1,9,-8
102900085,117,47,70
102900086,3,44,-41
102900087,47,185,-138
102900088,40,44,-4
102900089,228,125,103
102900090,1,505,-504
102900091,92,1,91
102900092,138,1034,-896
102900094,0,45,-45
102900095,161,2,159
102900096,42,18,24
102900097,0,104,-104
103000001,1914,2593,-679
103000002,1968,2133,-165
103000003,3136,2398,738
103000004,890,486,404
103000005,2155,2352,-197
103000006,548,1361,-813
103000007,320,806,-486
103000008,883,1281,-398
103000009,636,806,-170
103000010,185,234,-49
103000011,1409,824,585
103000012,881,1262,-381
103000013,5298,1638,3660
103000014,1061,1439,-378
103000015,2890,807,2083
103000016,515,798,-283
103000017,110,283,-173
103000018,1132,403,729
103000019,126,149,-23
103000020,2016,1255,761
103000021,1434,1490,-56
103000022,1225,1129,96
103000023,511,1091,-580
103000024,104,175,-71
103000025,52,254,-202
103000026,1546,126,1420
103000027,210,256,-46
103000028,490,288,202
103000029,283,99,184
103000030,1354,471,883
103000031,1165,1560,-395
103000032,1348,1392,-44
103000033,1944,2253,-309
103000034,1106,667,439
103000035,325,1034,-709
103000036,364,372,-8
103000037,469,342,127
103000038,299,755,-456
103000039,149,523,-374
103000040,218,1380,-1162
103000041,1249,2768,-1519
103000042,587,948,-361
103000043,289,1361,-1072
103000044,101,290,-189
103000046,239,382,-143
103000047,512,532,-20
103000048,160,172,-12
103000049,53,185,-132
103000050,586,776,-190
103000051,241,527,-286
103000052,667,416,251
103000053,120,421,-301
103000054,1594,1091,503
103000055,1160,1560,-400
103000056,491,2414,-1923
103000057,250,311,-61
103000058,280,986,-706
103000059,180,795,-615
103000060,573,822,-249
103000061,224,744,-520
103000062,721,723,-2
103000063,369,622,-253
103000064,87,297,-210
103000065,2,327,-325
103000066,115,2,113
103000069,140,348,-208
103000070,580,1209,-629
103000071,607,359,248
103000072,120,1007,-887
103000073,398,114,284
103000074,427,86,341
103000075,94,891,-797
103000076,155,221,-66
103000077,54,321,-267
103000078,1371,331,1040
103000079,1516,454,1062
103000080,897,185,712
103000081,468,674,-206
103000082,355,221,134
103000083,74,276,-202
103000084,187,1,186
103000085,5,73,-68
103000086,821,319,502
103000087,142,347,-205
103000088,461,264,197
103000089,242,423,-181
103000090,1376,970,406
103000091,387,452,-65
103000092,251,275,-24
103000093,268,478,-210
103000094,119,84,35
103000095,27,405,-378
103000096,550,108,442
103000097,45,687,-642
103000098,817,175,642
103000099,372,629,-257
103000100,104,979,-875
103000101,412,146,266
103000102,85,830,-745
103000103,433,288,145
103000104,42,123,-81
103000105,102,164,-62
103000106,19,80,-61
103000107,246,67,179
103000108,1125,490,635
103000109,397,254,143
103000110,370,426,-56
103000111,538,274,264
103000112,246,176,70
103000113,690,633,57
103000114,1680,294,1386
103000115,354,534,-180
103000116,345,668,-323
103000117,203,615,-412
103000118,1720,888,832
103000119,2462,576,1886
103000120,49,68,-19
103000121,240,550,-310
103000122,319,261,58
103000125,2,475,-473
103000126,188,1,187
103000127,0,267,-267
103000128,69,1,68
103000129,5,159,-154
103000130,14,5,9
103000131,200,74,126
103000132,39,69,-30
103000133,1,86,-85
103000134,518,482,36
103000135,792,166,626
103000136,751,304,447
103000137,609,493,116
103000138,806,616,190
103000139,2,51,-49
103000140,174,39,135
103000141,23,94,-71
103000142,96,82,14
103000143,89,213,-124
103000144,158,85,73
103000145,24,27,-3
103000150,74,63,11
103000152,389,195,194
103000153,318,123,195
103000156,3,564,-561
103000157,223,0,223
103000159,39,38,1
103000162,69,17,52
103000163,4,19,-15
103000164,9,19,-10
103000165,256,521,-265
103000166,140,112,28
103000167,143,77,66
103000168,47,156,-109
103000169,79,273,-194
103000170,293,539,-246
103000171,57,61,-4
103000172,196,394,-198
103000173,184,976,-792
103000174,85,361,-276
103000175,95,537,-442
103000176,845,317,528
103000177,831,360,471
103000178,285,239,46
103000179,115,21,94
103000183,51,20,31
103000185,56,135,-79
103000186,59,189,-130
103000187,218,848,-630
103000188,15,56,-41
103000189,1516,1220,296
103000191,337,560,-223
103000292,3635,732,2903
103000293,1350,990,360
103000295,97,57,40
103000296,108,0,108
103000297,3,5,-2
103000504,24,17,7
103000505,3,4,-1
103000506,3,190,-187
103000507,123,1,122
103000508,47,19,28
103000509,263,449,-186
103000514,8,2,6
103900001,5,465,-460
103900002,1795,172,1623
103900003,1172,25,1147
103900004,72,0,72
103900005,0,281,-281
103900006,1,0,1
103900007,16,0,16
103900008,15,1,14
103900009,122,295,-173
103900010,115,278,-163
103900011,109,271,-162
103900012,8,29,-21
103900013,11,94,-83
103900014,12,13,-1
103900015,24,11,13
103900016,235,291,-56
103900017,17,77,-60
103900018,579,209,370
103900019,37,125,-88
103900020,133,274,-141
103900021,876,53,823
103900022,573,487,86
103900023,69,1,68
103900024,78,581,-503
103900025,3,49,-46
103900026,2,0,2
103900027,457,382,75
103900028,13,190,-177
103900029,684,172,512
103900030,531,16,515
103900031,8,0,8
103900032,35,53,-18
103900033,69,2,67
103900034,26,347,-321
103900035,54,64,-10
103900036,41,16,25
103900037,35,38,-3
103900038,47,109,-62
103900039,14,554,-540
103900040,4,161,-157
103900041,19,34,-15
103900042,30,537,-507
103900043,71,182,-111
103900044,256,195,61
103900045,124,127,-3
103900047,24,31,-7
103900048,74,19,55
103900049,192,1364,-1172
103900050,1,54,-53
103900051,0,30,-30
103900052,111,793,-682
103900053,90,1206,-1116
103900054,43,617,-574
103900055,298,243,55
103900056,3,22,-19
103900057,20,337,-317
103900058,119,772,-653
103900059,0,5,-5
103900060,19,305,-286
103900061,35,42,-7
103900062,138,58,80
103900063,1,0,1
103900064,52,4,48
103900065,635,402,233
103900066,62,6,56
103900067,77,5,72
103900068,0,0,0
103900069,62,9,53
103900070,86,315,-229
103900071,15,156,-141
103900072,8,372,-364
103900073,21,9,12
103900074,46,111,-65
103900075,58,106,-48
103900076,228,805,-577
103900077,47,52,-5
103900078,61,131,-70
103900079,73,225,-152
103900080,14,24,-10
103900081,118,19,99
103900082,4,125,-121
103900083,1865,832,1033
103900084,22,179,-157
103900085,67,94,-27
103900086,277,303,-26
103900088,290,165,125
103900089,62,232,-170
103900090,4,306,-302
103900091,825,223,602
103900092,347,625,-278
103900093,94,334,-240
103900094,8,128,-120
103900095,185,158,27
103900096,13,362,-349
103900097,5,493,-488
103900098,129,74,55
103900099,52,304,-252
103900100,111,394,-283
103900101,54,989,-935
103900102,1,30,-29
103900104,0,41,-41
103900105,72,251,-179
103900106,0,13,-13
103900107,34,302,-268
103900108,24,432,-408
103900109,32,109,-77
103900110,156,26,130
103900111,34,927,-893
103900112,24,63,-39
103900113,126,219,-93
103900114,536,335,201
103900115,177,79,98
103900116,7717,1549,6168
103900117,252,115,137
103900119,22,38,-16
103900120,25,131,-106
103900122,40,425,-385
103900123,1892,525,1367
103900124,23,678,-655
103900125,35,78,-43
103900126,239,659,-420
103900127,61,1004,-943
103900128,29,231,-202
103900131,11,107,-96
103900133,806,19,787
103900134,1,1,0
103900135,0,7,-7
103900137,0,56,-56
103900138,49,503,-454
103900139,921,827,94
103900140,4,52,-48
103900141,205,64,141
103900142,46,223,-177
103900143,27,3,24
103900144,0,85,-85
103900145,131,339,-208
103900146,192,378,-186
103900147,148,102,46
103900148,93,253,-160
103900149,152,894,-742
103900150,7782,2049,5733
103900151,25,204,-179
103900152,163,849,-686
103900153,4,0,4
103900154,951,865,86
103900155,19,205,-186
103900156,16,197,-181
103900157,7,292,-285
103900158,44,279,-235
103900159,31,80,-49
103900160,27,8,19
103900161,39,171,-132
103900162,43,419,-376
103900163,3,490,-487
103900167,6,54,-48
103900168,74,116,-42
103900169,13,24,-11
103900170,0,120,-120
103900171,2,93,-91
103900172,5,33,-28
103900173,3,6,-3
103900174,47,47,0
103900175,34,20,14
103900176,4,17,-13
103900177,8,35,-27
103900178,27,135,-108
103900179,19,365,-346
103900180,5,135,-130
103900181,69,61,8
103900182,45,18,27
103900184,759,33,726
103900185,380,104,276
103900187,107,30,77
103900188,26,14,12
103900189,104,0,104
103900190,54,20,34
103900191,20,45,-25
103900192,25,108,-83
103900193,122,129,-7
103900194,49,423,-374
103900195,3,30,-27
103900196,20,16,4
103900197,5,16,-11
103900198,25,42,-17
103900199,52,132,-80
103900200,84,207,-123
103900201,86,209,-123
103900202,1,84,-83
103900203,19,20,-1
103900204,2,152,-150
103900207,0,257,-257
103900208,24,1,23
103900209,5,123,-118
103900210,14,26,-12
103900211,189,720,-531
103900212,56,645,-589
103900213,155,180,-25
103900214,407,103,304
103900215,520,212,308
103900216,11,399,-388
103900217,281,20,261
103900218,17,403,-386
103900219,115,447,-332
103900233,33,1,32
103900235,17,16,1
103900236,28,2,26
103900242,0,13,-13
103900243,7,8,-1
103900244,77,325,-248
103900245,64,175,-111
103900246,69,17,52
103900247,38,96,-58
103900248,2,37,-35
103900249,16,38,-22
103900250,29,25,4
103900251,1,39,-38
103900253,51,77,-26
103900254,7,21,-14
103900255,13,13,0
103900256,41,20,21
103900257,200,119,81
103900258,33,5,28
103900259,69,18,51
103900261,6,4,2
103900262,31,3,28
103900263,62,62,0
103900264,79,16,63
103900265,53,1,52
103900266,3,84,-81
103900267,2,51,-49
103900268,3,200,-197
103900269,68,30,38
103900270,8,118,-110
103900271,10,208,-198
103900272,39,98,-59
103900273,10,101,-91
103900274,25,8,17
103900275,10,2,8
103900276,2,187,-185
103900277,5,135,-130
103900278,4,73,-69
103900279,0,10,-10
103900280,2,307,-305
103900281,24,88,-64
103900282,4,12,-8
103900283,10,7,3
103900284,2,6,-4
103900285,11,10,1
103900286,24,23,1
103900287,3,15,-12
103900288,97,15,82
103900289,15,0,15
103900290,134,9,125
103900291,4,0,4
103900292,7,7,0
103900293,23,12,11
103900294,7,17,-10
104000001,1666,2073,-407
104000002,1363,3018,-1655
104000003,1741,2190,-449
104000004,2808,2698,110
104000005,1018,1817,-799
104000006,2158,3134,-976
104000007,3900,3777,123
104000008,263,451,-188
104000009,99,117,-18
104000010,74,200,-126
104000011,962,445,517
104000012,128,531,-403
104000013,65,157,-92
104000014,211,825,-614
104000015,192,184,8
104000016,585,503,82
104000018,409,181,228
104000019,294,117,177
104000020,212,861,-649
104000021,281,707,-426
104000022,158,275,-117
104000023,368,411,-43
104000024,235,445,-210
104000026,82,307,-225
104000027,265,455,-190
104000028,268,305,-37
104000029,424,577,-153
104000030,246,261,-15
104000031,599,316,283
104000032,156,383,-227
104000033,364,436,-72
104000034,231,422,-191
104000035,388,434,-46
104000036,436,683,-247
104000037,187,316,-129
104000038,286,525,-239
104000039,170,407,-237
104000040,579,438,141
104000041,562,307,255
104000042,200,517,-317
104000043,289,536,-247
104000044,237,926,-689
104000045,943,1570,-627
104000046,1597,1708,-111
104000047,506,1428,-922
104000048,967,1805,-838
104000049,305,288,17
104000050,126,572,-446
104000051,101,797,-696
104000052,991,1653,-662
104000053,588,892,-304
104000054,224,427,-203
104000055,3257,2566,691
104000056,1478,253,1225
104000057,159,727,-568
104000058,562,852,-290
104000059,415,1400,-985
104000060,540,1194,-654
104000061,952,1406,-454
104000062,236,350,-114
104000064,551,387,164
104000065,121,404,-283
104000069,1575,723,852
104000070,64,278,-214
104000071,263,553,-290
104000072,547,429,118
104000075,37,322,-285
104000076,388,36,352
104000082,1581,2161,-580
104000083,574,230,344
104000084,78,455,-377
104000085,207,237,-30
104000086,145,405,-260
104000087,374,882,-508
104000090,414,1697,-1283
104000092,540,3176,-2636
104000094,659,2236,-1577
104000095,1021,1485,-464
104000096,678,701,-23
104000097,1086,1532,-446
104000098,1019,1697,-678
104000100,914,699,215
104000101,704,2872,-2168
104000106,215,564,-349
104000107,554,572,-18
104000108,420,673,-253
104000109,179,49,130
104000110,754,942,-188
104000111,5152,1364,3788
104000112,2462,602,1860
104000116,3,1315,-1312
104000117,61,1556,-1495
104000118,244,314,-70
104000119,262,305,-43
104000120,176,1377,-1201
104000121,183,609,-426
104000122,418,584,-166
104000123,849,1056,-207
104000124,998,2332,-1334
104000125,5595,2418,3177
104000126,212,357,-145
104000127,1308,3527,-2219
104000128,762,448,314
104000129,467,56,411
104000130,10,159,-149
104000131,900,639,261
104000132,930,898,32
104000133,858,978,-120
104000134,547,1391,-844
104000135,256,769,-513
104000136,555,1809,-1254
104000137,1163,205,958
104000138,1122,433,689
104000139,8133,2401,5732
104000141,906,1885,-979
104000142,588,1236,-648
104000143,512,825,-313
104000144,79,218,-139
104000145,321,170,151
104000146,333,710,-377
104000147,107,383,-276
104000148,142,128,14
104000149,124,446,-322
104000150,379,470,-91
104000151,271,724,-453
104000152,345,765,-420
104000153,242,455,-213
104000154,1021,789,232
104000155,236,407,-171
104000157,810,1906,-1096
104000158,139,256,-117
104000159,375,322,53
104000160,1279,1334,-55
104000161,305,174,131
104000162,42,129,-87
104000165,1780,1004,776
104000167,380,578,-198
104000168,266,1,265
104000169,36,76,-40
104000170,499,252,247
104000248,184,1239,-1055
104000251,71,374,-303
104000272,0,0,0
104000273,0,0,0
104000274,0,0,0
104000275,0,0,0
104000279,3293,1193,2100
104000290,48,310,-262
104000291,611,1119,-508
104000293,704,765,-61
104000294,3,0,3
104000295,426,687,-261
104000296,214,842,-628
104000297,810,1410,-600
104000298,1359,883,476
104000299,646,1615,-969
104000302,91,169,-78
104000303,125,204,-79
104900001,96,484,-388
104900002,28,79,-51
104900003,26,381,-355
104900004,31,316,-285
104900005,98,143,-45
104900006,103,76,27
104900007,152,209,-57
104900009,72,455,-383
104900010,22,16,6
104900011,8,1,7
104900012,135,13,122
104900013,47,9,38
104900014,3243,259,2984
104900015,92,4,88
104900016,98,320,-222
104900017,59,181,-122
104900018,5,205,-200
104900019,203,991,-788
104900020,37,332,-295
104900021,1,452,-451
104900022,14,190,-176
104900023,0,216,-216
104900024,13,176,-163
104900025,58,563,-505
104900026,1,215,-214
104900027,173,218,-45
104900028,20,126,-106
104900029,34,144,-110
104900030,249,137,112
104900031,110,168,-58
104900032,39,184,-145
104900033,72,244,-172
104900034,171,76,95
104900035,126,82,44
104900036,102,51,51
104900037,106,491,-385
104900038,613,217,396
104900039,1272,120,1152
104900040,88,36,52
104900041,130,220,-90
104900042,67,583,-516
104900043,22,71,-49
104900044,175,137,38
104900045,227,34,193
104900046,48,131,-83
104900047,111,105,6
104900048,96,74,22
104900049,8,3,5
104900050,126,80,46
104900051,158,24,134
104900052,26,0,26
104900053,216,63,153
104900054,56,24,32
104900055,40,0,40
104900056,145,15,130
104900057,6,0,6
104900058,237,111,126
104900059,6,53,-47
104900061,264,541,-277
104900063,32,182,-150
104900064,0,169,-169
104900065,2,86,-84
104900066,0,300,-300
104900067,6,162,-156
104900068,12,216,-204
104900070,88,295,-207
104900071,1,901,-900
104900072,18,184,-166
104900073,32,468,-436
104900074,19,221,-202
104900075,22,121,-99
104900076,46,458,-412
104900077,1644,76,1568
104900078,98,749,-651
104900079,114,157,-43
104900080,33,566,-533
104900082,8,304,-296
104900085,9,222,-213
104900089,32,0,32
104900091,270,956,-686
104900093,175,507,-332
104900097,3376,1068,2308
104900098,34,70,-36
104900099,31,288,-257
104900100,903,215,688
104900102,21,309,-288
104900103,290,128,162
104900106,21,122,-101
104900107,46,380,-334
104900108,29,426,-397
104900109,41,130,-89
104900110,3,62,-59
104900111,105,87,18
104900112,167,1103,-936
104900113,433,448,-15
104900114,175,838,-663
104900115,254,652,-398
104900116,72,301,-229
104900118,12,84,-72
104900119,1,18,-17
104900120,247,94,153
104900121,0,138,-138
104900122,6,129,-123
104900123,13,1,12
104900124,9,0,9
104900125,297,123,174
104900126,79,77,2
104900127,12,42,-30
104900128,18,72,-54
104900129,2375,854,1521
105000001,1876,1622,254
105000002,2046,1686,360
105000003,2684,3419,-735
105000004,318,1093,-775
105000005,522,1114,-592
105000006,814,1377,-563
105000007,908,1376,-468
105000008,792,1682,-890
105000009,873,2563,-1690
105000010,2947,2859,88
105000011,1275,1968,-693
105000012,3328,3100,228
105000013,510,905,-395
105000014,902,1600,-698
105000015,6540,4858,1682
105000016,3566,1448,2118
105000017,1585,1031,554
105000018,1086,840,246
105000019,1340,660,680
105000020,172,198,-26
105000021,219,121,98
105000022,101,35,66
105000023,354,175,179
105000028,75,157,-82
105000029,337,861,-524
105000030,3298,3623,-325
105000031,6,25,-19
105000033,892,2206,-1314
105000034,183,547,-364
105000037,549,726,-177
105000038,972,1046,-74
105000039,2436,1548,888
105000040,368,651,-283
105000041,361,1202,-841
105000042,1289,919,370
105000043,1621,1802,-181
105000044,227,296,-69
105000045,263,947,-684
105000046,502,394,108
105000047,420,1541,-1121
105000048,383,195,188
105000049,233,831,-598
105000050,299,351,-52
105000051,270,614,-344
105000052,352,1140,-788
105000053,102,262,-160
105000054,161,1259,-1098
105000055,283,471,-188
105000056,677,3261,-2584
105000057,947,1229,-282
105000058,1252,1588,-336
105000059,524,563,-39
105000060,505,849,-344
105000061,289,433,-144
105000062,1025,1529,-504
105000063,343,953,-610
105000064,928,647,281
105000065,397,1316,-919
105000066,897,2562,-1665
105000067,733,582,151
105000068,604,946,-342
105000069,4086,749,3337
105000070,960,668,292
105000071,303,544,-241
105000072,1323,1292,31
105000073,641,493,148
105000074,688,881,-193
105000075,451,775,-324
105000076,1276,976,300
105000077,1608,812,796
105000078,1324,1010,314
105000079,1446,1612,-166
105000080,1252,794,458
105000081,1334,640,694
105000082,529,378,151
105000083,910,508,402
105000084,572,1034,-462
105000085,955,864,91
105000086,583,982,-399
105000087,3914,1985,1929
105000088,1058,1318,-260
105000089,2277,1935,342
105000090,596,722,-126
105000091,1174,1431,-257
105000092,465,1026,-561
105000093,280,139,141
105000094,199,212,-13
105000095,92,335,-243
105000096,888,572,316
105000097,1072,797,275
105000098,611,501,110
105000099,762,1128,-366
105000100,576,1235,-659
105000101,1288,2389,-1101
105000102,763,1659,-896
105000103,994,2439,-1445
105000104,1159,1323,-164
105000105,797,2361,-1564
105000106,829,1787,-958
105000107,622,1275,-653
105000108,840,2632,-1792
105000109,883,1963,-1080
105000110,497,1202,-705
105000111,542,571,-29
105000112,961,1028,-67
105000113,333,577,-244
105000114,4921,995,3926
105000115,219,710,-491
105000116,530,453,77
105000117,656,1778,-1122
105000118,185,333,-148
105000119,376,1618,-1242
105000120,494,606,-112
105000121,794,1685,-891
105000122,222,490,-268
105000123,970,1776,-806
105000124,945,1178,-233
105000125,472,2294,-1822
105000126,1588,2715,-1127
105000127,1905,2084,-179
105000128,306,1852,-1546
105000129,626,509,117
105000130,104,1243,-1139
105000131,702,344,358
105000132,488,440,48
105000133,309,1023,-714
105000134,544,513,31
105000135,344,713,-369
105000136,57,349,-292
105000137,251,236,15
105000138,164,336,-172
105000139,817,1206,-389
105000140,222,519,-297
105000141,130,777,-647
105000142,124,546,-422
105000143,174,867,-693
105000144,221,836,-615
105000145,388,590,-202
105000146,515,765,-250
105000147,525,481,44
105000148,876,855,21
105000149,1529,2063,-534
105000150,1653,1610,43
105000151,372,346,26
105000152,168,834,-666
105000153,542,481,61
105000154,604,1418,-814
105000155,261,515,-254
105000156,807,1260,-453
105000157,809,3169,-2360
105000158,1582,796,786
105000159,288,1883,-1595
105000160,1231,647,584
105000161,744,2819,-2075
105000162,632,1297,-665
105000163,2045,1564,481
105000164,145,373,-228
105000165,2451,3806,-1355
105000166,10215,340,9875
105000167,3732,1183,2549
105000168,145,1236,-1091
105000169,215,423,-208
105000170,77,1391,-1314
105000171,956,426,530
105000172,39,89,-50
105000173,30,52,-22
105000174,22,40,-18
105000175,41,122,-81
105000176,116,57,59
105000177,157,138,19
105000178,80,1045,-965
105000179,138,89,49
105000180,52,106,-54
105000181,36,666,-630
105000182,26,38,-12
105000183,3292,1701,1591
105000184,902,695,207
105000185,655,536,119
105000186,285,857,-572
105000187,365,218,147
105000188,159,82,77
105000189,128,494,-366
105000190,115,272,-157
105000191,320,507,-187
105000192,107,70,37
105000193,53,113,-60
105000194,267,68,199
105000195,182,1038,-856
105000196,42,110,-68
105000197,184,663,-479
105000198,583,215,368
105000199,298,240,58
105000200,87,180,-93
105000201,80,31,49
105000203,19,408,-389
105000204,45,74,-29
105000205,67,268,-201
105000207,450,181,269
105000208,162,337,-175
105000209,136,311,-175
105000211,77,18,59
105000212,790,1825,-1035
105000213,126,103,23
105000214,42,232,-190
105000215,122,368,-246
105000216,66,281,-215
105000217,89,300,-211
105000218,574,1309,-735
105000221,226,414,-188
105000222,72,69,3
105000223,72,248,-176
105000226,42,511,-469
105000227,51,263,-212
105000228,366,659,-293
105000229,65,225,-160
105000231,164,279,-115
105000233,492,526,-34
105000234,391,1188,-797
105000235,253,515,-262
105000237,599,84,515
105000243,8,56,-48
105000248,42,44,-2
105000262,168,2081,-1913
105000269,103,177,-74
105000270,248,113,135
105000271,2,370,-368
105000282,168,46,122
105000287,213,203,10
105000288,244,499,-255
105000289,1466,730,736
105000290,8,4,4
105000402,4620,1419,3201
105000426,252,428,-176
105000438,1291,544,747
105000440,8,37,-29
105000446,14630,4296,10334
105000447,7184,2370,4814
105000454,183,1106,-923
105000455,233,217,16
105000474,14,0,14
105000477,225,392,-167
105000478,975,1785,-810
105000479,131,100,31
105000480,2064,1689,375
105000481,1955,1880,75
105000482,3901,2546,1355
105000483,867,1080,-213
105000484,2079,2386,-307
105000485,776,1204,-428
105000486,2609,1993,616
105000488,3614,2425,1189
105000489,542,870,-328
105000549,26,167,-141
105000550,528,1299,-771
105000551,9,99,-90
105000552,3681,1891,1790
105000555,1221,620,601
105000556,32,27,5
105000557,42,417,-375
105900001,4,924,-920
105900002,2154,348,1806
105900003,7,91,-84
105900004,148,98,50
105900005,0,258,-258
105900006,6,25,-19
105900007,22,10,12
105900008,13,834,-821
105900009,11,10,1
105900011,34,41,-7
105900012,175,127,48
105900013,2,16,-14
105900014,4,99,-95
105900015,92,305,-213
105900016,106,811,-705
105900017,496,48,448
105900018,158,414,-256
105900019,15,443,-428
105900020,29,56,-27
105900021,31,252,-221
105900022,126,351,-225
105900023,0,129,-129
105900024,1,93,-92
105900025,35,53,-18
105900026,265,33,232
105900027,3996,1947,2049
105900028,55,164,-109
105900029,1645,250,1395
105900030,154,192,-38
105900031,462,160,302
105900032,64,104,-40
105900033,69,98,-29
105900034,73,224,-151
105900035,96,171,-75
105900036,29,192,-163
105900037,43,64,-21
105900038,103,360,-257
105900039,56,187,-131
105900040,31,67,-36
105900041,175,615,-440
105900042,17,86,-69
105900043,2027,31,1996
105900044,0,120,-120
105900045,4,364,-360
105900046,7,135,-128
105900047,0,24,-24
105900048,42,440,-398
105900050,1149,370,779
105900051,2,1309,-1307
105900052,177,11,166
105900053,3937,1133,2804
105900054,247,273,-26
105900056,736,116,620
105900057,11,144,-133
105900058,8,35,-27
105900059,0,45,-45
106000001,3027,1401,1626
106000002,2742,4608,-1866
106000003,2720,2619,101
106000004,2794,2590,204
106000005,1987,4614,-2627
106000006,4950,4943,7
106000007,355,500,-145
106000008,292,280,12
106000009,339,267,72
106000010,369,495,-126
106000011,502,876,-374
106000012,704,1597,-893
106000013,1354,1479,-125
106000014,1723,1723,0
106000015,1037,1043,-6
106000016,978,2496,-1518
106000017,740,623,117
106000018,537,596,-59
106000019,219,412,-193
106000020,204,529,-325
106000021,376,537,-161
106000022,287,332,-45
106000023,535,608,-73
106000024,617,933,-316
106000025,85,203,-118
106000026,113,396,-283
106000027,759,1387,-628
106000028,418,725,-307
106000029,738,1419,-681
106000030,779,256,523
106000034,181,620,-439
106000035,880,1036,-156
106000036,387,355,32
106000037,1760,1853,-93
106000038,453,73,380
106000039,124,31,93
106000040,182,815,-633
106000041,761,260,501
106000043,548,80,468
106000046,410,39,371
106000047,67,366,-299
106000049,503,177,326
106000050,252,1004,-752
106000051,367,367,0
106000052,84,765,-681
106000053,123,104,19
106000054,326,499,-173
106000055,618,1046,-428
106000056,237,574,-337
106000057,159,265,-106
106000058,208,214,-6
106000059,216,251,-35
106000060,525,708,-183
106000061,209,376,-167
106000062,107,720,-613
106000063,497,498,-1
106000064,57,508,-451
106000065,349,198,151
106000066,160,452,-292
106000067,197,113,84
106000068,49,701,-652
106000069,120,113,7
106000070,440,862,-422
106000071,706,397,309
106000072,6238,1561,4677
106000073,1741,2265,-524
106000074,321,766,-445
106000075,281,1251,-970
106000076,1521,1594,-73
106000077,3509,1441,2068
106000078,645,1021,-376
106000079,530,1040,-510
106000080,1055,936,119
106000081,575,1183,-608
106000082,1997,932,1065
106000083,271,1220,-949
106000084,792,691,101
106000085,1539,1136,403
106000086,549,739,-190
106000087,845,598,247
106000088,334,798,-464
106000089,771,492,279
106000090,226,598,-372
106000091,246,914,-668
106000092,545,277,268
106000093,307,65,242
106000094,79,532,-453
106000095,391,1826,-1435
106000096,803,785,18
106000097,602,1844,-1242
106000098,466,1137,-671
106000099,165,1123,-958
106000100,564,349,215
106000101,687,808,-121
106000102,97,695,-598
106000103,208,798,-590
106000104,481,483,-2
106000105,387,1132,-745
106000106,459,512,-53
106000107,147,665,-518
106000108,255,497,-242
106000109,100,661,-561
106000110,69,376,-307
106000111,106,896,-790
106000112,104,423,-319
106000113,1466,713,753
106000114,371,435,-64
106000115,236,671,-435
106000116,200,279,-79
106000117,821,980,-159
106000118,837,1044,-207
106000119,3106,1339,1767
106000120,468,678,-210
106000121,256,321,-65
106000122,106,449,-343
106000123,147,489,-342
106000124,28,470,-442
106000125,17,486,-469
106000126,123,346,-223
106000127,297,1037,-740
106000128,593,536,57
106000129,752,777,-25
106000130,589,1255,-666
106000131,179,843,-664
106000132,1313,254,1059
106000133,5634,1230,4404
106000134,1146,998,148
106000135,490,1542,-1052
106000136,643,619,24
106000137,102,2225,-2123
106000138,868,87,781
106000139,61,137,-76
106000140,28,123,-95
106000141,53,122,-69
106000142,33,88,-55
106000143,35,121,-86
106000144,21,73,-52
106000145,148,366,-218
106000146,170,215,-45
106000147,587,1666,-1079
106000148,689,1465,-776
106000149,364,1320,-956
106000150,449,1903,-1454
106000151,7462,783,6679
106000152,1457,1287,170
106000153,120,1488,-1368
106000154,1801,329,1472
106000155,44,269,-225
106000156,394,333,61
106000157,466,1845,-1379
106000158,4042,783,3259
106000159,5826,1238,4588
106000160,200,1629,-1429
106000161,1627,593,1034
106000162,137,646,-509
106000163,185,695,-510
106000164,247,331,-84
106000165,228,1016,-788
106000166,565,233,332
106000167,287,1809,-1522
106000168,177,236,-59
106000169,116,992,-876
106000170,238,293,-55
106000171,52,1288,-1236
106000172,1923,927,996
106000173,768,3476,-2708
106000174,572,264,308
106000175,253,1367,-1114
106000176,787,751,36
106000177,559,2633,-2074
106000178,1893,1930,-37
106000179,878,2416,-1538
106000180,563,2043,-1480
106000181,339,2446,-2107
106000182,507,971,-464
106000183,532,1483,-951
106000184,528,1372,-844
106000185,346,922,-576
106000186,748,136,612
106000187,172,705,-533
106000188,0,1,-1
106000189,2,60,-58
106000190,2,0,2
106000191,431,191,240
106000192,0,30,-30
106000193,393,110,283
106000194,109,263,-154
106000195,146,52,94
106000196,50,314,-264
106000197,199,488,-289
106000198,82,288,-206
106000199,922,343,579
106000200,579,117,462
106000201,383,1148,-765
106000202,9113,563,8550
106000203,208,222,-14
106000204,49,4,45
106000205,27,152,-125
106000206,57,20,37
106000207,54,1040,-986
106000208,526,109,417
106000209,693,309,384
106000210,170,1695,-1525
106000211,315,1775,-1460
106000212,572,174,398
106000213,656,1372,-716
106000214,2434,481,1953
106000215,271,583,-312
106000216,326,354,-28
106000217,288,540,-252
106000218,546,345,201
106000219,148,340,-192
106000220,301,282,19
106000221,88,301,-213
106000222,30,219,-189
106000223,90,152,-62
106000224,141,378,-237
106000225,36,63,-27
106000226,168,408,-240
106000228,38,170,-132
106000229,137,913,-776
106000231,698,191,507
106000232,42,546,-504
106000233,182,192,-10
106000234,35,241,-206
106000235,157,88,69
106000236,108,85,23
106000237,2,12,-10
106000238,6,10,-4
106000239,1,122,-121
106000240,28,3,25
106000241,14,829,-815
106000242,144,25,119
106000249,76,63,13
106000250,51,366,-315
106000251,18,24,-6
106000252,8,135,-127
106000253,7,71,-64
106000254,22,56,-34
106000255,16,112,-96
106000256,60,101,-41
106000257,88,275,-187
106000258,70,27,43
106000259,6,44,-38
106000260,16,18,-2
106000261,2,43,-41
106000262,36,22,14
106000263,13,100,-87
106000264,143,11,132
106000265,6,101,-95
106000266,116,11,105
106000267,3,111,-108
106000268,517,22,495
106000269,55,57,-2
106000270,171,355,-184
106000271,53,199,-146
106000272,95,45,50
106000273,4,228,-224
106000274,126,49,77
106000275,149,167,-18
106000276,96,62,34
106000277,122,201,-79
106000278,186,46,140
106000279,11,79,-68
106000280,17,203,-186
106000281,75,115,-40
106000282,64,69,-5
106000283,67,131,-64
106000284,38,115,-77
106000285,94,188,-94
106000286,76,148,-72
106000287,95,117,-22
106000288,118,164,-46
106000289,64,128,-64
106000290,59,92,-33
106000291,59,181,-122
106000292,56,137,-81
106000293,91,141,-50
106000294,148,163,-15
106000295,27,36,-9
106000296,55,121,-66
106000297,66,230,-164
106000298,154,51,103
106000299,42,151,-109
106000300,36,89,-53
106000301,39,87,-48
106000303,5,64,-59
106000304,11,49,-38
106000305,14,34,-20
106000306,38,105,-67
106000307,23,31,-8
106000308,21,211,-190
106000309,12,72,-60
106000310,186,746,-560
106000311,238,118,120
106000312,33,271,-238
106000313,107,238,-131
106000318,165,167,-2
106000319,499,114,385
106000320,0,25,-25
106000321,379,45,334
106000322,56,240,-184
106000324,2,171,-169
106000325,1002,737,265
106000326,944,1974,-1030
106000327,87,186,-99
106000328,8,124,-116
106000329,72,371,-299
106000330,25,45,-20
106000428,29,185,-156
106000429,107,864,-757
106000430,356,1861,-1505
106000431,1374,330,1044
106000432,1951,3663,-1712
106000433,1316,981,335
106000434,2212,924,1288
106000435,2164,3323,-1159
106000436,16,477,-461
106000437,142,24,118
106000438,114,81,33
106000439,31,524,-493
106000440,412,590,-178
106000441,0,0,0
106000442,191,4,187
106000443,58,562,-504
106000450,3,278,-275
106000451,34,22,12
106000454,8,85,-77
106000455,19,195,-176
106000456,131,24,107
106000457,5,1261,-1256
106000458,178,390,-212
106000459,51,501,-450
106000460,423,72,351
106000461,48,2211,-2163
106000462,2,13,-11
106000463,1,38,-37
106000464,7,875,-868
106000465,168,2,166
106000466,2,999,-997
106000467,693,618,75
106000468,20,236,-216
106000469,485,5,480
106000470,186,1250,-1064
106000471,39,789,-750
106000472,91,8,83
106000473,17,48,-31
106000474,353,1253,-900
106000475,278,277,1
106000476,238,177,61
106000477,28,181,-153
106000480,0,111,-111
106900001,0,29,-29
106900002,0,654,-654
106900003,76,387,-311
106900004,2,102,-100
106900006,0,23,-23
106900007,0,32,-32
106900008,101,319,-218
106900009,173,706,-533
106900010,155,421,-266
106900012,2546,638,1908
106900013,73,17,56
106900014,53,1,52
106900015,14,0,14
106900016,118,4,114
106900017,1,0,1
106900018,0,0,0
106900019,12,1,11
106900020,2960,672,2288
106900021,24,146,-122
106900022,183,1,182
106900023,1,328,-327
106900024,102,2,100
106900025,18,432,-414
106900026,0,1004,-1004
106900027,621,10,611
106900028,11,170,-159
106900029,56,9,47
106900030,11,120,-109
107000001,2393,1678,715
107000002,3278,3650,-372
107000003,2759,4028,-1269
107000004,4293,5756,-1463
107000005,1568,3009,-1441
107000006,2820,6891,-4071
107000007,2733,5049,-2316
107000008,14446,10520,3926
107000009,3056,3697,-641
107000010,8413,10319,-1906
107000011,1218,1328,-110
107000012,4632,3976,656
107000013,45,174,-129
107000014,17,409,-392
107000015,391,1046,-655
107000016,341,1376,-1035
107000017,1538,782,756
107000018,1,169,-168
107000020,714,269,445
107000021,603,753,-150
107000022,444,1046,-602
107000023,896,318,578
107000024,213,1707,-1494
107000025,71,326,-255
107000026,128,685,-557
107000027,662,888,-226
107000028,992,2068,-1076
107000029,1189,1560,-371
107000030,2899,3662,-763
107000031,2047,1478,569
107000032,328,882,-554
107000033,3670,3312,358
107000034,5347,2167,3180
107000035,322,159,163
107000036,403,1037,-634
107000037,40,573,-533
107000038,184,202,-18
107000039,487,619,-132
107000040,121,301,-180
107000041,1445,636,809
107000042,611,1457,-846
107000043,3320,890,2430
107000044,667,312,355
107000045,152,268,-116
107000046,397,366,31
107000047,421,854,-433
107000048,641,286,355
107000049,570,777,-207
107000050,771,506,265
107000051,776,303,473
107000052,829,769,60
107000053,333,196,137
107000054,55,286,-231
107000055,368,120,248
107000056,454,649,-195
107000057,2786,224,2562
107000058,1587,2083,-496
107000059,2220,3218,-998
107000060,2371,4471,-2100
107000061,4692,4482,210
107000062,2225,2496,-271
107000063,3552,7275,-3723
107000064,2483,1507,976
107000065,3368,6199,-2831
107000066,939,1338,-399
107000067,540,752,-212
107000068,972,384,588
107000069,618,365,253
107000070,262,2,260
107000071,1337,21,1316
107000072,56,4436,-4380
107000073,221,170,51
107000074,149,1040,-891
107000075,768,374,394
107000076,953,1535,-582
107000077,1635,784,851
107000078,1863,3073,-1210
107000079,1155,448,707
107000080,1160,3139,-1979
107000081,643,508,135
107000082,447,2899,-2452
107000083,658,237,421
107000084,436,2598,-2162
107000085,2145,2680,-535
107000086,2805,2789,16
107000087,1836,1559,277
107000088,2262,3009,-747
107000089,1081,1482,-401
107000090,955,1187,-232
107000091,724,869,-145
107000092,648,1300,-652
107000093,748,812,-64
107000094,786,1427,-641
107000095,350,727,-377
107000096,530,1209,-679
107000097,459,342,117
107000098,402,1306,-904
107000099,265,209,56
107000100,258,390,-132
107000101,55,168,-113
107000102,364,313,51
107000103,321,189,132
107000104,336,448,-112
107000105,315,120,195
107000106,186,378,-192
107000107,331,205,126
107000108,112,1086,-974
107000109,317,184,133
107000110,85,841,-756
107000111,210,41,169
107000112,55,1252,-1197
107000113,438,111,327
107000114,136,1709,-1573
107000115,374,91,283
107000116,108,1260,-1152
107000117,108,320,-212
107000118,247,368,-121
107000119,2287,1201,1086
107000120,4988,284,4704
107000121,375,853,-478
107000122,988,837,151
107000123,208,991,-783
107000124,428,924,-496
107000125,412,1056,-644
107000126,467,1155,-688
107000129,214,1806,-1592
107000130,383,345,38
107000131,360,1449,-1089
107000132,425,348,77
107000133,263,114,149
107000134,114,1,113
107000135,1,257,-256
107000136,373,3,370
107000137,10,495,-485
107000138,207,11,196
107000139,11,338,-327
107000140,591,28,563
107000141,94,905,-811
107000142,205,44,161
107000143,41,984,-943
107000144,197,221,-24
107000145,133,597,-464
107000146,95,168,-73
107000147,4512,1003,3509
107000150,801,1084,-283
107000151,35,53,-18
107000152,710,489,221
107000153,735,406,329
107000154,252,137,115
107000155,290,12,278
107000156,501,13,488
107000157,24,2505,-2481
107000158,310,19,291
107000159,40,1968,-1928
107000160,352,64,288
107000161,117,2447,-2330
107000162,136,187,-51
107000163,24,0,24
107000164,153,1,152
107000165,258,0,258
107000166,43,1635,-1592
107000167,255,315,-60
107000168,453,262,191
107000169,1159,850,309
107000170,750,461,289
107000171,362,3111,-2749
107000172,413,564,-151
107000173,683,1334,-651
107000174,537,1783,-1246
107000175,10615,1448,9167
107000176,0,1,-1
107000177,1,0,1
107000178,11,49,-38
107000179,164,3699,-3535
107000180,675,321,354
107000181,379,1949,-1570
107000182,974,947,27
107000183,93,1020,-927
107000184,581,879,-298
107000185,336,1251,-915
107000186,749,338,411
107000187,929,1622,-693
107000188,314,576,-262
107000189,239,889,-650
107000190,355,1008,-653
107000191,520,1268,-748
107000192,1141,1426,-285
107000193,226,329,-103
107000194,850,936,-86
107000197,773,203,570
107000198,323,1024,-701
107000199,366,587,-221
107000200,1103,492,611
107000201,215,203,12
107000202,199,430,-231
107000203,517,256,261
107000204,740,338,402
107000205,1741,777,964
107000206,520,650,-130
107000207,590,870,-280
107000208,920,246,674
107000209,2009,652,1357
107000210,874,294,580
107000211,3,25,-22
107000212,9,258,-249
107000213,1,23,-22
107000214,8,129,-121
107000215,186,563,-377
107000216,118,539,-421
107000217,81,179,-98
107000219,28,89,-61
107000220,86,283,-197
107000222,215,627,-412
107000224,189,31,158
107000225,102,603,-501
107000226,102,57,45
107000227,45,430,-385
107000228,69,118,-49
107000229,520,92,428
107000230,916,488,428
107000231,1329,673,656
107000232,80,163,-83
107000233,1096,514,582
107000234,1,19,-18
107000235,62,1,61
107000236,8,271,-263
107000237,1,0,1
107000238,7,0,7
107000239,6402,481,5921
107000240,49,1641,-1592
107000243,1,101,-100
107000244,3,65,-62
107000246,2,1053,-1051
107000249,3,1226,-1223
107000251,2,307,-305
107000252,2,1529,-1527
107000255,1016,73,943
107000257,3,768,-765
107000258,0,174,-174
107000259,4,286,-282
107000260,223,1,222
107000262,8,917,-909
107000263,152,3,149
107000266,3,3,0
107000267,55,272,-217
107000268,153,181,-28
107000269,221,19,202
107000270,0,0,0
107000271,6,1257,-1251
107000272,5,248,-243
107000273,3,254,-251
107000274,326,0,326
107000275,159,789,-630
107000280,274,22,252
107000281,59,1473,-1414
107000282,15,1526,-1511
107000290,2,28,-26
107000291,16,15,1
107000292,2,16,-14
107000293,26,15,11
107000294,0,24,-24
107000295,7,2,5
107000296,0,10,-10
107000444,91,3,88
107000496,0,29,-29
107000497,1213,3552,-2339
107000500,245,433,-188
107000501,83,249,-166
107000502,184,454,-270
107000505,1002,776,226
107000506,0,10,-10
107000508,4,830,-826
107000509,139,319,-180
107000510,13,19,-6
107000514,12,205,-193
107000515,27,311,-284
107000516,159,178,-19
107000518,738,506,232
107000519,5461,1148,4313
107000520,36,11,25
107000521,426,591,-165
107000522,471,1442,-971
107900001,31,260,-229
107900002,15,1,14
107900003,109,59,50
107900004,0,0,0
107900005,404,0,404
107900006,44,0,44
107900007,159,10,149
107900008,59,56,3
107900009,69,4,65
107900010,4,0,4
107900012,241,8,233
107900013,236,87,149
107900014,13,17,-4
107900015,347,7,340
107900016,345,97,248
107900017,11,1,10
107900018,56,63,-7
107900019,7,129,-122
107900020,22,8,14
107900021,15,192,-177
107900023,1,2,-1
107900024,0,34,-34
107900025,170,352,-182
107900026,24,198,-174
107900027,40,26,14
107900028,10,79,-69
107900030,139,12,127
107900031,42,436,-394
107900032,1,11,-10
107900033,8,7,1
107900034,197,7,190
107900035,321,7,314
107900036,32,4,28
107900037,0,40,-40
107900038,144,117,27
107900039,4,107,-103
107900040,25,44,-19
107900041,0,0,0
107900043,33,335,-302
107900044,2,4,-2
107900045,35,23,12
107900046,84,66,18
107900047,9,85,-76
107900048,71,6,65
107900049,261,309,-48
107900050,72,419,-347
107900051,45,137,-92
107900052,17,5,12
107900053,25,68,-43
107900055,390,195,195
107900056,61,17,44
107900057,0,0,0
107900058,17,887,-870
107900060,7,29,-22
107900061,6,3,3
107900063,58,133,-75
107900064,257,32,225
107900065,62,8,54
107900066,5,14,-9
107900067,1,0,1
107900068,98,135,-37
107900069,30,614,-584
107900070,53,10,43
107900071,14,1105,-1091
107900072,35,286,-251
107900073,29,146,-117
107900074,1065,112,953
107900076,202,64,138
107900077,36,5,31
107900079,3,14,-11
107900080,77,117,-40
107900081,14,73,-59
107900082,15,16,-1
107900083,277,53,224
107900084,102,87,15
107900086,47,81,-34
107900087,341,49,292
107900088,7,4,3
107900089,241,629,-388
107900090,433,884,-451
107900091,123,594,-471
107900093,56,66,-10
107900095,2993,1045,1948
107900097,3,24,-21
107900098,33,129,-96
107900100,971,536,435
107900101,1332,155,1177
107900102,29,5,24
107900103,16,109,-93
107900104,142,10,132
107900105,4,803,-799
107900106,6,1818,-1812
107900107,1069,217,852
107900108,290,72,218
107900109,445,6,439
107900110,10,172,-162
107900111,14,1372,-1358
107900112,107,302,-195
107900113,62,218,-156
107900114,35,274,-239
107900115,2,67,-65
107900116,38,363,-325
107900117,198,508,-310
107900118,54,148,-94
107900119,26,66,-40
107900120,20,9,11
107900121,9,78,-69
107900122,0,41,-41
107900123,0,26,-26
107900124,13,23,-10
107900125,19,205,-186
107900126,3,29,-26
107900127,345,107,238
107900128,79,79,0
107900129,31,93,-62
107900130,23,31,-8
107900131,518,84,434
107900132,115,590,-475
107900133,2,76,-74
107900134,20,9,11
107900135,4,231,-227
107900136,30,21,9
107900137,97,87,10
107900138,14,29,-15
107900139,8,32,-24
107900141,32,45,-13
107900142,55,1447,-1392
107900143,23,48,-25
107900144,0,141,-141
107900145,19,113,-94
107900146,32,112,-80
107900147,48,16,32
107900148,81,102,-21
107900149,2073,178,1895
107900150,72,1285,-1213
107900151,6,96,-90
107900152,10,280,-270
107900153,171,201,-30
107900154,32,11,21
107900155,34,25,9
107900156,3,418,-415
107900157,25,63,-38
107900158,280,22,258
107900159,29,1359,-1330
107900160,37,137,-100
107900161,8,383,-375
107900162,0,34,-34
107900163,46,19,27
107900164,3,46,-43
107900165,16,40,-24
107900166,13,330,-317
107900167,7,2,5
107900168,9,41,-32
107900169,0,168,-168
107900171,14,2871,-2857
107900172,4,472,-468
107900173,9,234,-225
107900174,42,2,40
107900175,14,12,2
107900176,6,45,-39
107900177,0,21,-21
107900178,0,264,-264
107900179,2,185,-183
107900180,1205,162,1043
107900181,186,573,-387
107900182,7,2113,-2106
107900183,18,431,-413
107900184,43,250,-207
107900185,54,9,45
107900186,11,35,-24
107900187,0,107,-107
107900188,882,89,793
107900189,9,147,-138
107900190,105,48,57
107900191,59,195,-136
107900193,17,36,-19
107900194,67,1,66
107900195,4902,426,4476
107900196,23,49,-26
107900197,636,166,470
107900199,5,1074,-1069
107900201,84,146,-62
107900203,33,78,-45
107900204,249,194,55
107900206,384,79,305
107900207,0,704,-704
107900208,8,840,-832
107900209,353,105,248
107900210,58,172,-114
107900213,304,370,-66
107900214,1,170,-169
107900215,175,238,-63
107900216,69,66,3
107900217,6,38,-32
107900218,6,1742,-1736
107900219,26,217,-191
107900220,126,87,39
107900221,160,198,-38
107900223,65,750,-685
107900224,175,267,-92
107900225,7,1025,-1018
107900226,66,115,-49
107900227,103,454,-351
107900228,7,93,-86
107900229,0,309,-309
107900230,32,238,-206
107900231,5,284,-279
107900232,37,313,-276
107900233,6,124,-118
107900234,58,162,-104
107900235,16,79,-63
107900236,56,83,-27
107900237,71,410,-339
107900238,16,121,-105
107900239,1770,355,1415
107900240,5,179,-174
107900241,18,84,-66
107900242,6,574,-568
107900243,1,72,-71
107900244,166,2,164
107900245,251,33,218
107900246,43,5,38
107900248,121,310,-189
107900249,215,7,208
107900250,1,609,-608
107900251,62,1586,-1524
107900252,366,5,361
107900253,67,2,65
107900254,61,100,-39
107900255,283,35,248
107900256,309,405,-96
107900257,94,24,70
107900258,59,253,-194
107900259,85,741,-656
107900261,3,426,-423
107900262,32,177,-145
107900264,85,2,83
107900265,86,285,-199
107900267,73,13,60
107900268,68,1,67
107900269,2,6,-4
107900270,0,0,0
107900271,2,3,-1
107900272,100,6,94
107900273,8,62,-54
107900274,11,0,11
107900275,6,0,6
107900276,0,77,-77
107900277,0,247,-247
107900278,111,267,-156
107900279,112,86,26
107900280,1479,1174,305
107900281,4771,931,3840
107900282,104,228,-124
107900283,1413,336,1077
107900284,125,919,-794
107900285,23,240,-217
107900286,64,77,-13
107900287,59,196,-137
107900290,0,71,-71
107900291,268,11,257
107900292,87,395,-308
107900293,19,732,-713
107900295,51,167,-116
107900297,2,224,-222
107900298,717,1139,-422
107900299,4471,1805,2666
107900301,323,319,4
107900302,72,19,53
107900303,45,438,-393
107900304,95,609,-514
107900305,108,6,102
107900306,6,19,-13
107900307,28,362,-334
107900308,196,42,154
107900309,38,0,38
107900310,18,0,18
107900311,223,41,182
107900312,6,0,6
107900313,1,72,-71
107900314,0,49,-49
107900315,0,51,-51
107900316,36,0,36
107900317,54,4,50
107900318,4,146,-142
107900319,2,269,-267
107900320,0,170,-170
107900321,53,7,46
107900322,3,227,-224
107900323,8,149,-141
107900324,119,3,116
107900325,30,0,30
107900326,95,485,-390
107900327,0,1,-1
107900328,8,0,8
107900329,3,1,2
107900330,3,644,-641
107900331,58,38,20
107900332,75,16,59
107900333,19,7,12
107900334,5,385,-380
107900335,42,106,-64
107900336,18,26,-8
107900337,1602,409,1193
107900338,1,101,-100
107900339,0,29,-29
107900340,0,68,-68
107900341,11,1,10
107900342,113,92,21
107900343,17,0,17
107900344,5,193,-188
107900345,59,16,43
107900346,21,0,21
107900347,16,0,16
107900348,0,1,-1
107900349,34,5,29
107900350,51,255,-204
107900351,0,327,-327
107900352,16,111,-95
107900353,5,3,2
107900354,20,206,-186
108000001,1866,2579,-713
108000002,2052,3576,-1524
108000003,2041,1761,280
108000004,16451,14018,2433
108000005,4524,3106,1418
108000006,6286,6266,20
108000007,2984,2825,159
108000008,4612,5463,-851
108000009,2378,2506,-128
108000010,2637,5084,-2447
108000011,7585,7116,469
108000012,17968,15039,2929
108000014,478,462,16
108000015,363,280,83
108000016,98,580,-482
108000017,497,258,239
108000018,905,417,488
108000019,1011,521,490
108000020,875,356,519
108000021,387,1695,-1308
108000022,485,1469,-984
108000023,700,108,592
108000024,142,889,-747
108000025,126,187,-61
108000026,326,813,-487
108000027,400,694,-294
108000028,234,302,-68
108000029,237,1160,-923
108000030,198,201,-3
108000031,126,486,-360
108000032,733,445,288
108000033,506,1374,-868
108000034,926,385,541
108000035,859,2647,-1788
108000036,316,1787,-1471
108000037,883,306,577
108000038,1468,352,1116
108000039,398,3330,-2932
108000040,915,537,378
108000041,550,2934,-2384
108000042,136,233,-97
108000043,77,273,-196
108000044,160,177,-17
108000045,137,785,-648
108000046,726,217,509
108000047,301,1160,-859
108000048,104,454,-350
108000049,359,187,172
108000050,172,810,-638
108000051,119,63,56
108000052,324,806,-482
108000053,258,98,160
108000054,558,1127,-569
108000055,860,282,578
108000056,1008,1242,-234
108000057,523,646,-123
108000058,1833,1923,-90
108000059,4097,2020,2077
108000060,116,374,-258
108000061,325,636,-311
108000062,330,393,-63
108000063,262,642,-380
108000064,62,228,-166
108000065,451,689,-238
108000066,1519,756,763
108000067,1069,379,690
108000068,592,287,305
108000069,237,1135,-898
108000070,1068,622,446
108000071,537,1858,-1321
108000072,928,788,140
108000073,1406,1871,-465
108000074,238,366,-128
108000075,288,754,-466
108000076,564,426,138
108000077,747,685,62
108000078,1139,1381,-242
108000079,794,1858,-1064
108000080,498,559,-61
108000081,331,2846,-2515
108000082,808,1951,-1143
108000083,1139,642,497
108000084,337,1465,-1128
108000085,387,310,77
108000086,698,904,-206
108000087,143,1171,-1028
108000088,413,165,248
108000089,197,217,-20
108000091,65,744,-679
108000092,57,115,-58
108000093,82,1115,-1033
108000094,488,123,365
108000095,151,723,-572
108000096,111,202,-91
108000097,122,766,-644
108000098,683,1471,-788
108000099,623,348,275
108000100,68,400,-332
108000101,437,954,-517
108000102,1074,1926,-852
108000106,563,2,561
108000107,2,660,-658
108000108,355,16,339
108000109,4,977,-973
108000110,202,217,-15
108000111,139,918,-779
108000112,53,118,-65
108000113,490,352,138
108000115,382,605,-223
108000117,610,269,341
108000118,352,770,-418
108000119,691,517,174
108000120,76,565,-489
108000121,160,794,-634
108000122,162,369,-207
108000123,282,332,-50
108000124,135,561,-426
108000125,142,506,-364
108000126,96,766,-670
108000127,196,404,-208
108000128,332,836,-504
108000129,179,1512,-1333
108000130,181,284,-103
108000131,488,292,196
108000132,1551,1407,144
108000133,485,451,34
108000134,634,772,-138
108000135,641,278,363
108000136,1154,1109,45
108000137,191,430,-239
108000138,229,1209,-980
108000139,143,410,-267
108000140,31,17,14
108000141,14,224,-210
108000142,27,289,-262
108000143,22,1111,-1089
108000144,121,66,55
108000145,13,135,-122
108000146,228,49,179
108000147,11,133,-122
108000148,130,53,77
108000149,39,97,-58
108000150,16,4,12
108000151,121,50,71
108000152,86,804,-718
108000153,170,129,41
108000154,86,50,36
108000155,20,10,10
108000156,849,700,149
108000157,103,327,-224
108000158,55,425,-370
108000159,1015,153,862
108000160,6551,671,5880
108000161,5273,929,4344
108000165,3,85,-82
108000172,5,201,-196
108000173,3300,1159,2141
108000175,190,103,87
108000178,272,355,-83
108000179,180,491,-311
108000181,62,45,17
108000182,406,108,298
108000183,40,471,-431
108000184,1396,1256,140
108000185,68,697,-629
108000186,131,671,-540
108000187,63,1020,-957
108000188,168,220,-52
108000189,2632,2827,-195
108000190,17,125,-108
108000192,105,815,-710
108000193,498,31,467
108000194,37,33,4
108000195,4,1403,-1399
108000196,81,100,-19
108000198,437,429,8
108000199,0,90,-90
108000200,90,751,-661
108000203,24,1257,-1233
108000204,52,34,18
108000205,296,623,-327
108000339,1460,247,1213
108000364,323,733,-410
108000365,66,454,-388
108000367,89,334,-245
108000368,7,39,-32
108000369,2035,101,1934
108000371,10,792,-782
108000372,393,7,386
108000373,75,166,-91
108000376,40,20,20
108000377,310,381,-71
108000378,7074,6679,395
108000379,36,166,-130
108000381,18,15,3
108000382,166,3,163
108000383,1,176,-175
108900001,93,1461,-1368
108900002,193,63,130
108900003,277,1356,-1079
108900004,133,198,-65
108900007,90,132,-42
108900008,19,128,-109
108900009,45,103,-58
108900010,60,158,-98
108900011,170,414,-244
108900012,154,487,-333
108900013,92,279,-187
108900014,4,76,-72
108900015,3,11,-8
108900016,0,235,-235
108900017,93,110,-17
108900018,54,741,-687
108900019,13,1616,-1603
108900020,30,391,-361
108900021,61,396,-335
108900022,46,0,46
108900023,21,10,11
108900024,6,160,-154
108900025,20,171,-151
108900026,13,82,-69
108900027,0,121,-121
108900028,21,542,-521
108900029,30,175,-145
108900030,1,107,-106
108900031,52,666,-614
108900032,1,335,-334
108900033,9,103,-94
108900034,0,332,-332
108900035,157,1751,-1594
108900038,1,487,-486
108900039,1,687,-686
108900040,3,152,-149
108900041,6019,1886,4133
108900042,3,256,-253
108900043,19,492,-473
108900044,0,730,-730
108900045,21,894,-873
108900046,45,1475,-1430
108900047,5,121,-116
108900048,61,1290,-1229
108900049,6398,571,5827
108900050,0,396,-396
108900051,1,244,-243
108900052,21,305,-284
108900053,152,90,62
108900054,36,291,-255
108900055,65,467,-402
108900056,0,198,-198
108900057,0,190,-190
108900058,7,475,-468
108900059,183,9,174
108900060,53,121,-68
108900061,47,21,26
108900062,6,420,-414
108900063,13,442,-429
108900064,48,54,-6
108900065,5,445,-440
108900066,125,96,29
108900067,9,257,-248
108900068,3,292,-289
108900069,18,159,-141
108900070,22,189,-167
108900071,30,48,-18
108900072,2373,216,2157
108900073,40,662,-622
108900074,72,604,-532
108900075,40,67,-27
108900076,101,87,14
108900077,112,614,-502
108900078,12,223,-211
108900079,904,297,607
108900080,10,290,-280
108900081,41,360,-319
108900082,25,120,-95
108900083,18,109,-91
108900085,2268,153,2115
108900086,40,539,-499
108900087,141,249,-108
108900088,479,210,269
108900089,7,71,-64
108900090,6,481,-475
108900091,173,113,60
108900092,269,288,-19
108900093,65,41,24
108900094,188,79,109
108900095,67,811,-744
108900096,493,24,469
108900097,247,251,-4
108900098,3692,268,3424
108900099,176,338,-162
108900100,19,161,-142
108900101,150,69,81
108900102,98,452,-354
108900103,16,51,-35
108900105,8,489,-481
108900106,184,655,-471
108900108,110,33,77
108900109,112,22,90
108900110,94,719,-625
108900111,148,1100,-952
108900113,47,24,23
108900114,24,12,12
108900115,33,45,-12
108900116,21,15,6
108900117,48,26,22
108900118,231,2,229
108900119,79,48,31
108900120,139,87,52
108900121,143,32,111
108900122,31,40,-9
108900123,42,56,-14
108900124,243,98,145
108900125,121,1,120
108900126,74,5,69
108900127,53,16,37
108900128,54,21,33
108900129,515,50,465
108900130,110,0,110
108900131,173,3,170
108900132,194,45,149
108900133,118,21,97
108900134,103,285,-182
108900135,58,14,44
108900136,10,0,10
108900137,79,3,76
108900138,222,6,216
108900140,137,265,-128
108900141,139,6,133
108900142,33,1,32
108900143,10,0,10
108900144,14,0,14
108900145,52,5,47
108900146,30,0,30
108900147,72,0,72
108900148,57,27,30
108900150,141,2,139
108900151,14,1,13
108900152,14,2,12
108900153,29,611,-582
108900154,2182,318,1864
108900156,46,1,45
108900157,7,779,-772
108900158,116,24,92
108900159,5,468,-463
108900160,8,312,-304
108900161,12,553,-541
108900162,39,0,39
108900163,8,156,-148
108900164,30,74,-44
108900168,10358,1273,9085
108900169,18,143,-125
108900171,9584,1404,8180
108900172,112,28,84
108900173,160,424,-264
108900174,283,350,-67
108900176,109,802,-693
108900177,10456,2079,8377
108900178,5951,1931,4020
108900180,51,179,-128
108900183,175,202,-27
108900184,229,130,99
108900185,48,285,-237
108900186,15,308,-293
108900189,110,133,-23
108900190,285,3866,-3581
108900192,54,319,-265
108900195,63,548,-485
108900196,14,740,-726
108900199,137,329,-192
108900200,267,321,-54
108900201,303,1246,-943
108900203,337,22,315
108900204,262,12,250
108900205,157,7,150
108900206,166,27,139
108900207,76,23,53
108900208,37,401,-364
108900209,228,622,-394
108900210,86,205,-119
108900211,81,272,-191
108900212,879,699,180
108900215,97,854,-757
108900216,300,79,221
108900217,47,0,47
108900218,69,3,66
108900221,40,72,-32
108900224,29,98,-69
108900225,0,149,-149
108900227,110,132,-22
108900230,456,396,60
108900232,2,529,-527
108900233,115,35,80
108900234,149,78,71
108900235,180,651,-471
108900236,32,362,-330
108900240,11,75,-64
108900241,9,19,-10
108900245,8,359,-351
108900250,47,55,-8
108900258,25,345,-320
108900259,37,95,-58
108900260,4,94,-90
108900261,236,171,65
108900262,226,144,82
108900263,58,225,-167
108900264,467,269,198
108900265,1427,213,1214
108900266,1627,279,1348
108900267,0,49,-49
108900268,5,3,2
108900269,21,2,19
108900270,45,6,39
108900271,11,2,9
108900272,65,2,63
108900273,968,353,615
108900274,17,57,-40
109000001,4191,966,3225
109000002,3974,1358,2616
109000003,1534,742,792
109000004,438,2819,-2381
109000005,1597,1043,554
109000006,692,2371,-1679
109000007,956,755,201
109000008,365,2256,-1891
109000009,2400,1217,1183
109000010,1420,4762,-3342
109000011,1603,1541,62
109000012,1362,4867,-3505
109000013,1732,1829,-97
109000014,1127,4315,-3188
109000015,4231,4802,-571
109000016,13110,4677,8433
109000017,1365,1129,236
109000018,820,3720,-2900
109000019,1857,1319,538
109000020,1336,2601,-1265
109000023,152,10,142
109000024,8,142,-134
109000025,246,423,-177
109000026,804,294,510
109000027,51,270,-219
109000028,107,81,26
109000029,99,210,-111
109000030,76,547,-471
109000031,83,82,1
109000032,63,518,-455
109000033,177,79,98
109000034,34,54,-20
109000035,9,16,-7
109000036,71,377,-306
109000037,123,751,-628
109000038,491,367,124
109000039,510,288,222
109000040,4201,2179,2022
109000041,6847,1046,5801
109000042,1029,941,88
109000044,210,164,46
109000045,110,594,-484
109000046,170,68,102
109000047,56,400,-344
109000048,871,400,471
109000049,183,442,-259
109000050,396,587,-191
109000051,193,242,-49
109000052,349,2448,-2099
109000053,491,262,229
109000054,59,847,-788
109000055,62,114,-52
109000056,123,655,-532
109000057,185,191,-6
109000058,1228,509,719
109000059,571,806,-235
109000060,638,204,434
109000061,1668,510,1158
109000062,83,167,-84
109000063,126,240,-114
109000064,74,162,-88
109000065,39,393,-354
109000066,181,137,44
109000067,15,478,-463
109000068,631,6,625
109000069,532,22,510
109000070,4,777,-773
109000071,208,61,147
109000072,78,590,-512
109000073,31,82,-51
109000074,41,307,-266
109000075,52,380,-328
109000076,105,185,-80
109000077,412,316,96
109000078,22,110,-88
109000079,119,273,-154
109000080,69,126,-57
109000081,48,707,-659
109000082,351,314,37
109000083,179,1113,-934
109000088,141,723,-582
109000089,171,24,147
109000090,148,710,-562
109000091,128,52,76
109000092,326,895,-569
109000093,118,123,-5
109000094,213,2,211
109000095,94,822,-728
109000096,296,183,113
109000097,66,174,-108
109000098,68,83,-15
109000099,472,458,14
109000100,118,538,-420
109000101,553,920,-367
109000102,194,753,-559
109000103,371,662,-291
109000104,665,653,12
109000105,273,1599,-1326
109000106,1030,655,375
109000107,401,2626,-2225
109000108,920,457,463
109000109,310,2225,-1915
109000110,772,378,394
109000111,818,2395,-1577
109000112,240,194,46
109000113,126,129,-3
109000114,135,398,-263
109000115,1123,88,1035
109000116,14,508,-494
109000117,61,147,-86
109000118,5,287,-282
109000119,448,658,-210
109000120,96,1380,-1284
109000121,246,190,56
109000122,63,1355,-1292
109000123,31,348,-317
109000124,272,324,-52
109000125,326,392,-66
109000126,266,1114,-848
109000127,559,305,254
109000128,311,3077,-2766
109000129,871,391,480
109000130,873,4548,-3675
109000131,729,452,277
109000132,840,3888,-3048
109000133,290,1157,-867
109000134,597,1437,-840
109000135,856,1333,-477
109000136,301,491,-190
109000137,141,290,-149
109000138,231,546,-315
109000139,196,463,-267
109000140,138,1327,-1189
109000141,308,504,-196
109000142,70,663,-593
109000143,43,56,-13
109000145,47,184,-137
109000146,73,72,1
109000148,4228,627,3601
109000149,24,21,3
109000150,130,128,2
109000155,280,522,-242
109000156,1359,891,468
109000158,26,229,-203
109000159,54,879,-825
109000160,505,232,273
109000161,198,1831,-1633
109000162,1124,935,189
109000163,660,2217,-1557
109000164,757,3163,-2406
109000165,740,650,90
109000166,422,146,276
109000167,88,1137,-1049
109000170,28,29,-1
109000171,45,29,16
109000172,49,56,-7
109000173,35,54,-19
109000174,72,53,19
109000175,59,490,-431
109000176,124,286,-162
109000177,16,131,-115
109000178,277,640,-363
109000179,8471,1855,6616
109000180,4715,2042,2673
109000181,4,39,-35
109000182,15,56,-41
109000183,35,40,-5
109000184,18,16,2
109000185,18,68,-50
109000188,231,3662,-3431
109000189,1078,879,199
109000190,334,570,-236
109000191,131,724,-593
109000192,186,253,-67
109000193,118,533,-415
109000194,79,132,-53
109000195,72,597,-525
109000196,163,79,84
109000197,103,565,-462
109000198,162,53,109
109000199,79,622,-543
109000206,268,31,237
109000207,111,39,72
109000208,66,51,15
109000209,79,106,-27
109000210,119,568,-449
109000211,240,382,-142
109000214,233,1850,-1617
109000215,87,67,20
109000216,191,131,60
109000217,83,60,23
109000218,136,95,41
109000221,351,1501,-1150
109000222,607,172,435
109000223,204,224,-20
109000224,35,470,-435
109000225,21,41,-20
109000226,47,441,-394
109000227,533,1974,-1441
109000228,2,327,-325
109000231,2,561,-559
109000232,114,510,-396
109000236,154,850,-696
109000241,1485,2434,-949
109000242,1073,1765,-692
109000293,48,177,-129
109000361,164,289,-125
109000364,94,674,-580
109000396,8,1113,-1105
109000397,204,5,199
109000399,147,750,-603
109000400,62,458,-396
109000403,44,429,-385
109000406,235,9,226
109000407,111,258,-147
109000408,2,963,-961
109000410,446,161,285
109000411,84,47,37
109000412,1,211,-210
109900001,59,0,59
109900002,406,12,394
109900003,74,0,74
109900005,6,3,3
109900006,173,409,-236
109900007,309,1172,-863
109900008,0,35,-35
109900009,107,965,-858
109900010,229,7,222
109900011,54,23,31
109900012,94,124,-30
109900013,196,98,98
109900014,118,36,82
109900015,166,74,92
109900016,56,48,8
109900017,74,84,-10
109900018,98,169,-71
109900019,51,89,-38
109900020,9,13,-4
109900021,10,5,5
109900022,61,420,-359
109900023,8,0,8
109900024,9,2,7
109900025,2,37,-35
109900027,31,8,23
109900028,3571,387,3184
109900029,5,762,-757
109900030,21,1,20
109900031,0,48,-48
109900032,4,333,-329
109900033,1,646,-645
109900034,6,0,6
109900035,4,16,-12
109900036,6,88,-82
109900037,20,629,-609
109900038,18,200,-182
109900039,1,0,1
109900040,8,749,-741
109900041,71,613,-542
109900042,12,497,-485
109900044,59,345,-286
109900045,27,18,9
109900046,50,92,-42
109900047,242,325,-83
109900048,0,70,-70
109900049,0,12,-12
109900050,1,512,-511
109900051,0,39,-39
109900052,64,270,-206
109900053,7,811,-804
109900054,268,132,136
109900055,16,245,-229
109900056,6,87,-81
109900057,6,414,-408
109900058,0,155,-155
109900060,288,189,99
109900061,99,304,-205
109900062,0,390,-390
109900064,305,349,-44
109900065,132,104,28
109900066,209,1170,-961
109900067,1,620,-619
109900068,6,0,6
109900069,2,23,-21
109900071,0,27,-27
109900072,11,120,-109
109900073,119,1094,-975
109900074,2,44,-42
109900075,14,34,-20
109900076,21,602,-581
109900077,14,27,-13
109900078,67,337,-270
109900080,84,440,-356
109900081,15,100,-85
109900082,27,668,-641
109900083,11,42,-31
109900084,33,224,-191
109900085,167,1659,-1492
109900086,81,213,-132
109900087,79,309,-230
109900089,323,59,264
109900092,161,6,155
109900093,335,91,244
109900094,46,69,-23
109900095,77,258,-181
109900096,7,1,6
109900097,45,0,45
109900098,142,8,134
109900099,95,0,95
109900100,20,0,20
109900101,106,7,99
109900102,182,22,160
109900103,20,15,5
109900104,194,1536,-1342
109900105,289,29,260
109900106,104,46,58
109900107,109,78,31
109900108,36,515,-479
109900109,28,220,-192
109900111,236,1890,-1654
109900114,297,159,138
109900115,78,70,8
109900117,343,93,250
109900121,248,168,80
109900123,3,227,-224
109900125,1,294,-293
109900126,73,292,-219
109900130,16112,1020,15092
109900131,89,158,-69
109900132,31,171,-140
109900134,50,32,18
109900135,501,62,439
109900137,35,505,-470
109900140,101,530,-429
109900149,21,50,-29
109900150,6,52,-46
109900151,3,46,-43
109900152,0,16,-16
109900153,0,56,-56
109900154,4,0,4
109900155,18,4,14
109900157,37,352,-315
109900159,83,21,62
109900161,135,44,91
109900162,91,50,41
109900163,637,311,326
109900164,38,244,-206
109900165,77,2,75
109900166,3,159,-156
109900167,84,579,-495
109900168,86,499,-413
109900169,62,157,-95
109900170,265,440,-175
109900171,69,46,23
109900172,95,115,-20
109900173,4400,1106,3294
109900174,59,132,-73
109900175,32,84,-52
109900176,70,236,-166
109900177,31,414,-383
109900178,2,107,-105
109900179,5,19,-14
109900180,6,8,-2
110000001,771,583,188
110000002,528,389,139
110000003,694,548,146
110000004,478,403,75
110000005,616,1134,-518
110000006,787,334,453
110000007,102,216,-114
110000008,18,27,-9
110000009,16,83,-67
110000010,47,40,7
110000011,26,146,-120
110000012,778,541,237
110000013,19,305,-286
110000014,736,368,368
110000015,195,408,-213
110000016,231,740,-509
110000017,4529,274,4255
110000018,4165,428,3737
110000019,14,211,-197
110000020,635,231,404
110000021,367,298,69
110000022,389,106,283
110000023,2,211,-209
110000024,475,414,61
110000025,90,0,90
110000026,6,827,-821
110000027,455,296,159
110000028,476,581,-105
110000029,383,1233,-850
110000030,143,270,-127
110000031,163,792,-629
110000032,540,400,140
110000033,124,93,31
110000034,127,651,-524
110000035,238,1412,-1174
110000036,331,581,-250
110000037,78,765,-687
110000038,120,360,-240
110000039,454,1239,-785
110000040,211,472,-261
110000041,153,751,-598
110000042,69,260,-191
110000043,294,197,97
110000044,56,49,7
110000045,228,82,146
110000046,5,10,-5
110000047,7,9,-2
110000048,6,26,-20
110000049,23,4,19
110000050,8,39,-31
110000051,39,6,33
110000052,26,25,1
110000053,66,2,64
110000054,91,189,-98
110000055,158,10,148
110000056,148,31,117
110000057,213,1195,-982
110000058,561,700,-139
110000059,525,532,-7
110000060,383,648,-265
110000061,571,818,-247
110000062,499,558,-59
110000063,30,59,-29
110000064,52,174,-122
110000065,46,95,-49
110000066,38,36,2
110000067,45,407,-362
110000068,123,858,-735
110000069,82,93,-11
110000071,51,121,-70
110000073,2,25,-23
110000075,5,82,-77
110000076,195,162,33
110000077,515,341,174
110000078,4,56,-52
110000080,218,593,-375
110000081,11,194,-183
110000082,23,201,-178
110000083,158,620,-462
110000084,518,346,172
110000085,2323,1263,1060
110000086,796,797,-1
110000087,7,71,-64
110000088,31,214,-183
110000089,134,240,-106
110000090,69,449,-380
110000091,2517,349,2168
110000092,16,138,-122
110000093,35,7,28
110000094,504,222,282
110000095,61,440,-379
110000096,4678,1544,3134
110000097,667,888,-221
110000098,1298,511,787
110000099,770,1437,-667
110000100,323,1107,-784
110000101,16,640,-624
110000102,39,25,14
110000104,104,68,36
110000105,30,305,-275
110000106,302,192,110
110000107,406,457,-51
110000108,140,52,88
110000109,239,336,-97
110000110,4420,1963,2457
110000111,8603,1540,7063
110000112,1477,406,1071
110000113,601,814,-213
110000114,87,281,-194
110000115,216,226,-10
110000116,37,46,-9
110000117,83,745,-662
110000118,190,321,-131
110000119,105,480,-375
110000120,207,224,-17
110000121,81,295,-214
110000122,225,481,-256
110000123,236,195,41
110000124,1,703,-702
110000125,562,4,558
110000126,238,54,184
110000127,537,20,517
110000128,25,1293,-1268
110000129,6,813,-807
110000130,137,108,29
110000131,96,573,-477
110000132,1,553,-552
110000133,45,308,-263
110000134,21,312,-291
110000135,170,20,150
110000136,50,355,-305
110000137,254,685,-431
110000138,318,994,-676
110000139,499,1693,-1194
110000140,780,420,360
110000143,674,318,356
110000144,3581,983,2598
110000145,1062,569,493
110000146,1218,540,678
110000147,179,534,-355
110000148,233,408,-175
110000151,558,370,188
110000152,593,248,345
110000153,40,151,-111
110000154,13,9,4
110000155,1219,1604,-385
110000156,586,958,-372
110000157,780,1187,-407
110000160,215,495,-280
110000161,99,632,-533
110000166,189,172,17
110000167,436,391,45
110000168,566,297,269
110000169,471,296,175
110000170,78,82,-4
110000171,386,200,186
110000172,120,914,-794
110000173,1545,1316,229
110000174,68,1840,-1772
110000175,278,94,184
110000176,51,231,-180
110000177,137,636,-499
110000178,392,647,-255
110000179,1776,391,1385
110000180,115,417,-302
110000181,140,380,-240
110000182,344,413,-69
110000183,12154,3950,8204
110000184,1062,1320,-258
110000185,442,611,-169
110000186,551,481,70
110000191,333,389,-56
110000192,181,3,178
110000193,294,3,291
110000194,8,1557,-1549
110000195,180,496,-316
110000196,172,703,-531
110000197,24,243,-219
110000198,52,109,-57
110000199,45,119,-74
110000200,1119,479,640
110000201,305,467,-162
110000202,788,374,414
110000203,603,993,-390
110000204,0,477,-477
110000205,60,66,-6
110000206,536,1933,-1397
110000207,305,309,-4
110000208,67,65,2
110000209,118,905,-787
110000210,439,830,-391
110000211,335,1017,-682
110000212,361,656,-295
110000213,78,61,17
110000214,65,92,-27
110000215,69,706,-637
110000216,42,866,-824
110000217,129,299,-170
110000218,85,703,-618
110000219,143,84,59
110000220,21,633,-612
110000221,127,77,50
110000222,9,367,-358
110000223,12,149,-137
110000224,101,20,81
110000225,103,542,-439
110000226,125,65,60
110000227,526,422,104
110000228,378,279,99
110000229,0,283,-283
110000230,418,769,-351
110000231,98,147,-49
110000232,61,159,-98
110000233,76,353,-277
110000234,351,255,96
110000235,1563,746,817
110000236,273,894,-621
110000237,809,888,-79
110000238,651,1534,-883
110000239,1053,1268,-215
110000240,1,133,-132
110000242,0,16,-16
110000243,55,300,-245
110000244,74,472,-398
110000245,18,569,-551
110000246,391,785,-394
110000247,1225,4585,-3360
110000248,1849,1634,215
110000249,34,2,32
110000250,13,202,-189
110000251,84,545,-461
110000252,83,349,-266
110000253,674,507,167
110000254,552,1829,-1277
110000255,124,1487,-1363
110000256,310,185,125
110000257,622,461,161
110000258,8,739,-731
110000259,53,14,39
110000260,11,623,-612
110000263,456,81,375
110000264,143,788,-645
110000265,672,1106,-434
110000266,1371,1621,-250
110000267,6,162,-156
110000268,156,537,-381
110000269,3,49,-46
110000270,32,1,31
110000271,2433,205,2228
110000272,613,756,-143
110000273,1729,989,740
110000274,137,832,-695
110000275,4028,384,3644
110000276,114,184,-70
110000277,106,550,-444
110000278,189,1034,-845
110000279,439,659,-220
110000280,158,387,-229
110000281,11,175,-164
110000282,162,81,81
110000283,34,49,-15
110000284,48,74,-26
110000285,0,144,-144
110000286,15,1,14
110000287,33,0,33
110000288,0,50,-50
110000289,462,1067,-605
110000290,1484,545,939
110000291,7612,1345,6267
110000292,1048,2565,-1517
110000293,368,1146,-778
110000294,347,764,-417
110000295,58,1170,-1112
110000296,157,285,-128
110000297,2022,275,1747
110000298,380,653,-273
110000299,481,25,456
110000301,162,12,150
110000302,202,1965,-1763
110000303,137,3,134
110000304,77,381,-304
110000305,413,8,405
110000306,83,2607,-2524
110000307,536,11,525
110000308,150,5,145
110000309,11,1691,-1680
110000310,280,90,190
110000311,32,931,-899
110000312,339,42,297
110000313,2028,2072,-44
110000314,0,427,-427
110000315,2869,1390,1479
110000316,526,917,-391
110000317,284,233,51
110000318,0,158,-158
110000319,2,15,-13
110000320,24,77,-53
110000321,2,46,-44
110000322,100,595,-495
110000323,170,291,-121
110000324,6332,857,5475
110000325,1700,1478,222
110000327,246,175,71
110000328,112,565,-453
110000333,390,363,27
110000334,375,1502,-1127
110000335,415,507,-92
110000336,282,1354,-1072
110000337,571,428,143
110000338,129,246,-117
110000339,112,259,-147
110000340,9,188,-179
110000341,176,630,-454
110000342,237,1,236
110000343,0,12,-12
110000344,25,193,-168
110000345,44,71,-27
110000346,2047,1020,1027
110000347,749,495,254
110000348,4,34,-30
110000349,4,13,-9
110000350,30,4,26
110000351,414,873,-459
110000352,285,1160,-875
110000353,4004,729,3275
110000354,733,1424,-691
110000355,38,62,-24
110000356,946,10,936
110000357,169,15,154
110000361,11,145,-134
110000362,38,83,-45
110000363,150,135,15
110000364,68,520,-452
110000365,94,0,94
110000366,1,87,-86
110000367,142,267,-125
110000368,2,49,-47
110000369,31,1,30
110000373,1,324,-323
110000374,44,5,39
110000375,222,643,-421
110000376,28,114,-86
110000377,56,268,-212
110000378,21,256,-235
110000379,4443,783,3660
110000380,28,18,10
110000383,0,1028,-1028
110000384,2051,877,1174
110000385,2,186,-184
110000387,15,10,5
110000388,43,290,-247
110000389,361,1,360
110000391,160,397,-237
110000396,49,172,-123
110000397,29,262,-233
110000398,2,36,-34
110000399,159,41,118
110000587,45,51,-6
110000589,100,169,-69
110000640,99,99,0
110000652,13,92,-79
110000653,93,460,-367
110000654,6,23,-17
110000656,1,703,-702
110000674,24,14,10
110000675,3,8,-5
110000676,2,40,-38
110000679,625,534,91
110000682,110,99,11
110000683,235,388,-153
110000684,0,38,-38
110000685,6,12,-6
110000686,5,18,-13
110000687,8,1,7
110000688,40,375,-335
110000689,23,80,-57
110000692,66,294,-228
110000693,129,184,-55
110000694,0,130,-130
110000695,124,825,-701
110000696,189,178,11
110000698,23,377,-354
110000699,72,469,-397
110900001,107,1,106
110900002,65,190,-125
110900003,212,1255,-1043
110900004,107,236,-129
110900005,5275,1049,4226
110900006,24,1,23
110900007,75,6,69
110900008,12,131,-119
110900009,212,28,184
110900010,12,74,-62
110900011,9,160,-151
110900012,8,143,-135
110900013,392,149,243
110900014,101,13,88
110900015,1219,287,932
110900016,7,215,-208
110900017,164,52,112
110900018,183,46,137
110900019,58,40,18
110900020,37,668,-631
110900021,50,751,-701
110900022,36,489,-453
110900023,53,737,-684
110900024,20,515,-495
110900025,0,36,-36
110900027,14,248,-234
110900028,18,210,-192
110900029,31,547,-516
110900030,9,442,-433
110900031,9,157,-148
110900032,0,95,-95
110900033,21,263,-242
110900035,27,422,-395
110900036,69,29,40
110900037,38,16,22
110900038,1424,199,1225
110900039,15,217,-202
110900040,133,36,97
110900041,7,218,-211
110900042,51,64,-13
110900043,3,190,-187
110900044,234,23,211
110900045,26,691,-665
110900046,134,352,-218
110900047,763,90,673
110900049,11,24,-13
110900050,14,6,8
110900052,7,384,-377
110900053,51,41,10
110900054,9,295,-286
110900055,15,2,13
110900056,31,89,-58
110900057,10,518,-508
110900058,70,201,-131
110900059,474,1012,-538
110900060,207,85,122
110900061,15,42,-27
110900062,56,294,-238
110900063,13,82,-69
110900064,8,0,8
110900065,384,113,271
110900066,15,63,-48
110900067,466,258,208
110900068,234,243,-9
110900069,1,40,-39
110900070,104,45,59
110900071,194,192,2
110900073,0,21,-21
110900074,203,137,66
110900075,170,59,111
110900077,305,396,-91
110900078,3,258,-255
110900079,2401,366,2035
110900080,42,48,-6
110900081,7,175,-168
110900082,31,397,-366
110900083,54,21,33
110900084,38,346,-308
110900085,36,382,-346
110900086,26,90,-64
110900087,103,45,58
110900088,8,0,8
110900090,10,15,-5
110900091,3,32,-29
110900093,122,74,48
110900095,21,20,1
110900097,7,20,-13
110900098,24,181,-157
110900099,41,683,-642
110900100,0,19,-19
110900102,16,19,-3
110900105,662,432,230
110900108,2,153,-151
110900111,201,36,165
110900112,330,4,326
110900113,422,39,383
110900115,1,144,-143
110900116,215,3205,-2990
110900118,173,1255,-1082
110900119,6110,236,5874
110900120,10,313,-303
110900121,41,0,41
110900122,130,138,-8
110900125,118,228,-110
110900127,334,550,-216
110900128,415,302,113
110900129,181,237,-56
110900130,1249,270,979
110900131,59,45,14
110900132,168,30,138
110900133,46,294,-248
110900135,72,488,-416
110900136,173,4,169
110900138,0,0,0
110900139,0,0,0
110900140,0,0,0
110900141,145,55,90
110900142,46,238,-192
110900143,62,59,3
110900144,1,844,-843
110900145,54,14,40
110900146,268,69,199
110900147,391,190,201
110900148,3,447,-444
110900149,1,75,-74
110900150,29,12,17
110900151,2,85,-83
110900152,15,531,-516
110900153,79,16,63
111000001,344,430,-86
111000002,692,845,-153
111000003,723,696,27
111000004,501,1724,-1223
111000005,943,895,48
111000006,915,2277,-1362
111000007,4937,2283,2654
111000008,5641,3538,2103
111000009,340,923,-583
111000010,417,228,189
111000011,417,959,-542
111000012,346,342,4
111000013,318,1337,-1019
111000014,645,559,86
111000017,117,469,-352
111000018,183,270,-87
111000020,2934,1754,1180
111000021,78,199,-121
111000023,43,208,-165
111000025,8631,2221,6410
111000029,35,77,-42
111000030,26,61,-35
111000031,1729,616,1113
111000032,531,229,302
111000033,242,141,101
111000034,428,153,275
111000037,3948,1510,2438
111000038,2867,2586,281
111000039,1188,2748,-1560
111000040,1298,3166,-1868
111000041,1657,1783,-126
111000042,7614,2544,5070
111000043,2133,1228,905
111000044,1180,749,431
111000045,1169,1695,-526
111000046,701,1421,-720
111000047,1221,2279,-1058
111000049,253,474,-221
111000050,2095,1726,369
111000051,387,1170,-783
111000052,460,1374,-914
111000053,316,1163,-847
111000054,225,1327,-1102
111000055,1078,2213,-1135
111000056,74,907,-833
111000057,57,1074,-1017
111000058,130,112,18
111000059,139,247,-108
111000060,1818,486,1332
111000061,229,273,-44
111000062,459,236,223
111000063,1260,684,576
111000064,303,474,-171
111000065,658,690,-32
111000066,244,287,-43
111000067,394,536,-142
111000068,267,634,-367
111000069,1300,1673,-373
111000070,3098,1182,1916
111000071,184,811,-627
111000072,482,305,177
111000073,156,576,-420
111000074,957,1217,-260
111000075,565,1032,-467
111000076,276,1027,-751
111000077,890,1290,-400
111000078,1592,1084,508
111000079,1172,695,477
111000080,301,569,-268
111000081,2375,2610,-235
111000082,327,716,-389
111000084,394,568,-174
111000085,779,1501,-722
111000086,3762,1150,2612
111000087,616,762,-146
111000088,7836,1528,6308
111000089,424,796,-372
111000090,853,1167,-314
111000091,436,687,-251
111000092,720,1049,-329
111000093,370,662,-292
111000094,1216,724,492
111000095,647,1467,-820
111000096,2465,4827,-2362
111000097,7340,945,6395
111000098,556,1465,-909
111000099,386,2914,-2528
111000100,249,2792,-2543
111000101,352,862,-510
111000102,75,1102,-1027
111000104,190,314,-124
111000107,83,1049,-966
111000109,136,185,-49
111000110,541,486,55
111000111,809,397,412
111000112,807,230,577
111000113,500,527,-27
111000114,1980,1254,726
111000115,7885,736,7149
111000116,617,814,-197
111000117,503,858,-355
111000118,1173,1091,82
111000119,519,1790,-1271
111000120,256,481,-225
111000121,139,471,-332
111000122,385,975,-590
111000123,764,3600,-2836
111000124,333,4342,-4009
111000125,162,2536,-2374
111000126,88,1201,-1113
111000127,376,163,213
111000128,727,292,435
111000129,1133,387,746
111000130,987,639,348
111000131,742,452,290
111000132,479,368,111
111000133,77,146,-69
111000134,41,126,-85
111000135,14,94,-80
111000136,241,288,-47
111000138,6,11,-5
111000140,1,3,-2
111000141,123,237,-114
111000142,14,156,-142
111000143,2,115,-113
111000144,18,120,-102
111000145,503,3,500
111000146,37,2,35
111000147,149,15,134
111000148,100,52,48
111000149,1,30,-29
111000150,2,8,-6
111000151,1,29,-28
111000153,453,509,-56
111000154,740,198,542
111000155,93,124,-31
111000156,423,311,112
111000157,147,495,-348
111000158,776,574,202
111000159,2889,653,2236
111000160,166,535,-369
111000161,4,325,-321
111000162,3,167,-164
111000163,296,709,-413
111000164,739,1895,-1156
111000165,1164,364,800
111000166,1524,313,1211
111000167,128,474,-346
111000168,176,455,-279
111000169,265,560,-295
111000170,488,409,79
111000171,320,1147,-827
111000172,74,959,-885
111000173,143,2118,-1975
111000174,79,1073,-994
111000175,35,332,-297
111000176,88,189,-101
111000177,107,334,-227
111000178,391,436,-45
111000179,89,255,-166
111000180,96,309,-213
111000181,474,320,154
111000182,99,177,-78
111000183,211,202,9
111000184,202,209,-7
111000185,259,460,-201
111000186,214,309,-95
111000187,108,349,-241
111000188,128,560,-432
111000189,1849,498,1351
111000190,116,566,-450
111000191,97,546,-449
111000192,174,770,-596
111000193,604,448,156
111000194,17,535,-518
111000195,69,673,-604
111000196,26,486,-460
111000197,168,200,-32
111000198,280,106,174
111000199,96,149,-53
111000200,135,356,-221
111000201,248,220,28
111000202,119,197,-78
111000203,192,180,12
111000204,270,436,-166
111000213,125,449,-324
111000214,1035,2349,-1314
111000215,734,1675,-941
111000217,735,1070,-335
111000218,542,885,-343
111000219,317,285,32
111000220,3357,380,2977
111000221,872,115,757
111000224,161,414,-253
111000225,173,171,2
111000226,159,3,156
111000227,63,3,60
111000228,9,137,-128
111000229,35,271,-236
111000230,194,681,-487
111000231,479,1697,-1218
111000232,218,880,-662
111000233,286,850,-564
111000234,60,195,-135
111000239,132,247,-115
111000240,24,84,-60
111000241,20,551,-531
111000242,59,55,4
111000243,54,1102,-1048
111000244,189,125,64
111000245,436,729,-293
111000246,139,812,-673
111000247,85,1237,-1152
111000248,292,531,-239
111000249,342,1019,-677
111000250,43,153,-110
111000251,17,165,-148
111000253,4,6,-2
111000255,10,13,-3
111000257,13,22,-9
111000260,37,1456,-1419
111000261,370,68,302
111000271,34,358,-324
111000273,8589,1473,7116
111000274,988,1441,-453
111000275,70,94,-24
111000276,293,2655,-2362
111000277,107,548,-441
111000278,356,202,154
111000291,484,2507,-2023
111000298,229,259,-30
111000299,324,110,214
111000300,60,709,-649
111000302,125,93,32
111000303,61,352,-291
111000312,28,59,-31
111000315,35,566,-531
111000320,225,678,-453
111000321,165,60,105
111000322,178,535,-357
111000323,70,14,56
111000324,243,329,-86
111000325,30,52,-22
111000326,94,405,-311
111000327,280,551,-271
111000328,136,439,-303
111000329,0,29,-29
111000330,36,8,28
111000331,8,4,4
111000332,231,1206,-975
111000334,377,2023,-1646
111000335,228,156,72
111000337,427,364,63
111000338,31,167,-136
111000339,121,697,-576
111000340,61,1149,-1088
111000341,620,265,355
111000342,150,289,-139
111000344,562,740,-178
111000345,134,42,92
111000346,45,120,-75
111000347,45,2,43
111000350,138,163,-25
111000351,39,184,-145
111000352,118,178,-60
111000353,40,167,-127
111000354,214,200,14
111000355,195,585,-390
111000358,95,2316,-2221
111000360,69,1262,-1193
111000361,81,634,-553
111000546,240,802,-562
111000547,155,1031,-876
111000548,50,174,-124
111000549,150,678,-528
111000550,95,338,-243
111000551,688,219,469
111000552,603,72,531
111000907,498,22,476
111000908,19,1,18
111000916,510,224,286
111000917,22,332,-310
111000918,112,1474,-1362
111000920,216,4,212
111000921,2,619,-617
111000922,195,326,-131
111000924,22,1475,-1453
111000925,1016,1550,-534
111000926,765,3374,-2609
111000927,2077,3039,-962
111000928,6603,3645,2958
111000929,662,866,-204
111000930,619,2456,-1837
111000931,1120,1455,-335
111000932,3613,2228,1385
111000933,2484,1455,1029
111000934,1931,2478,-547
111000935,694,869,-175
111000936,659,2121,-1462
111000937,487,1031,-544
111000938,1701,2537,-836
111000939,132,31,101
111000940,170,238,-68
111000941,95,862,-767
111000943,157,237,-80
111000944,91,817,-726
111000945,30,2844,-2814
111001109,274,153,121
111001110,185,597,-412
111001111,25,4,21
111001112,70,1,69
111001113,5,131,-126
111001114,1260,89,1171
111001115,127,297,-170
111001116,5958,1722,4236
111001117,842,665,177
111001120,61,455,-394
111001121,177,408,-231
111001122,160,1117,-957
111001123,66,163,-97
111001124,65,493,-428
111001125,1,35,-34
111001126,3,6,-3
111001127,0,177,-177
111001128,304,663,-359
111001129,1,117,-116
111900001,0,318,-318
111900002,6,899,-893
111900003,0,472,-472
111900004,25,154,-129
111900006,5,6,-1
111900007,31,2,29
111900008,39,1,38
111900009,27,0,27
111900010,192,486,-294
111900012,95,92,3
111900013,6,9,-3
111900014,8381,1504,6877
111900015,1,80,-79
111900016,2,196,-194
111900017,0,172,-172
111900018,57,1,56
111900019,2,124,-122
111900020,2,53,-51
111900021,21,129,-108
111900022,17,97,-80
111900023,209,53,156
111900024,87,271,-184
111900025,0,47,-47
111900026,0,157,-157
111900027,0,231,-231
111900028,3,459,-456
111900029,2,134,-132
111900030,61,568,-507
111900032,0,441,-441
111900033,4,120,-116
111900034,240,838,-598
111900035,19,273,-254
111900036,2,518,-516
111900038,398,730,-332
111900039,32,470,-438
111900040,5,805,-800
111900042,15,117,-102
111900043,9,618,-609
111900044,207,404,-197
111900046,56,268,-212
111900048,79,1139,-1060
111900049,22,254,-232
111900050,36,12,24
111900051,4,444,-440
111900052,381,551,-170
111900053,1565,322,1243
111900054,33,3,30
111900055,22,840,-818
111900056,145,83,62
111900057,25,103,-78
111900058,147,915,-768
111900059,3945,231,3714
111900060,114,0,114
111900061,11,352,-341
111900062,23,26,-3
111900063,61,232,-171
111900064,101,376,-275
111900065,35,32,3
111900066,41,68,-27
111900067,1,369,-368
111900068,25,15,10
111900069,38,28,10
111900070,74,121,-47
111900071,2,378,-376
111900072,26,7,19
111900073,174,66,108
111900074,13,212,-199
111900075,49,2,47
111900076,37,29,8
111900077,5,2,3
111900078,72,5,67
111900079,19,7,12
111900080,147,119,28
111900082,49,10,39
111900083,28,1,27
111900084,22,1,21
111900085,17,50,-33
111900086,8,1,7
111900087,13,0,13
111900088,243,5,238
111900089,22,0,22
111900090,18,12,6
111900091,76,0,76
111900092,22,1,21
111900093,101,1,100
111900094,8,0,8
111900095,73,5,68
111900096,82,0,82
111900097,12,0,12
111900098,49,1,48
111900099,14,0,14
111900100,33,0,33
111900101,28,19,9
111900102,117,1059,-942
111900103,39,36,3
111900104,87,56,31
111900105,149,122,27
111900106,1325,49,1276
111900110,2670,168,2502
111900111,31,7,24
111900112,1032,788,244
111900113,254,68,186
111900118,121,37,84
111900119,175,61,114
111900122,35,24,11
111900123,10,18,-8
111900124,21,155,-134
111900125,184,6,178
111900126,89,1,88
111900127,1,975,-974
111900128,3,680,-677
111900129,77,1,76
111900130,42,9,33
111900131,164,1,163
111900132,23,2027,-2004
111900133,7,484,-477
111900134,14,366,-352
111900135,2,9,-7
111900136,57,90,-33
111900137,53,69,-16
111900138,16,131,-115
111900139,6,294,-288
111900140,41,12,29
111900141,38,5,33
111900142,41,18,23
111900143,1,95,-94
111900144,4,193,-189
111900145,3,824,-821
111900146,2,449,-447
111900147,170,574,-404
111900148,14,1110,-1096
111900149,5,411,-406
111900150,11,182,-171
111900151,1,13,-12
111900152,71,48,23
111900153,2041,215,1826
111900154,5,112,-107
111900155,41,25,16
111900156,19,17,2
111900157,27,5,22
111900158,166,16,150
111900159,71,7,64
111900160,106,0,106
111900161,40,0,40
111900162,105,91,14
111900163,40,390,-350
111900164,46,27,19
111901113,112,558,-446
111901114,28,426,-398
111901115,33,0,33
111901116,17,0,17
111901117,8,11,-3
111901118,176,51,125
111901119,1511,104,1407
111901121,125,429,-304
111901122,4,693,-689
111901123,32,407,-375
111901124,40,2,38
111901125,172,213,-41
111901127,920,94,826
111901128,5,95,-90
111901129,2,193,-191
111901130,6,277,-271
111901131,1,370,-369
111901132,75,6,69
111901133,15,0,15
111901134,11,0,11
111901135,2,1,1
111901138,53,23,30
111901139,5,48,-43
111901140,10,166,-156
111901141,6,329,-323
111901142,2,282,-280
111901143,1,127,-126
111901144,23,28,-5
111901145,128,140,-12
111901146,379,9,370
111901147,1519,8,1511
111901148,25,32,-7
111901149,5,0,5
111901150,38,1,37
111901151,0,0,0
111901152,6,40,-34
112000001,1119,902,217
112000002,646,2326,-1680
112000003,302,948,-646
112000004,468,1926,-1458
112000005,1393,1439,-46
112000006,1451,2111,-660
112000007,1105,967,138
112000008,1640,3015,-1375
112000009,3613,3635,-22
112000010,1491,2044,-553
112000011,1410,2236,-826
112000012,2986,1123,1863
112000013,4202,2475,1727
112000014,1661,389,1272
112000015,1939,1768,171
112000016,2467,473,1994
112000017,1225,791,434
112000024,2666,510,2156
112000026,4519,5448,-929
112000027,756,383,373
112000028,1879,1621,258
112000029,227,327,-100
112000030,192,75,117
112000031,894,1727,-833
112000032,315,22,293
112000033,1188,640,548
112000034,180,17,163
112000035,28,146,-118
112000036,600,424,176
112000037,503,724,-221
112000038,632,614,18
112000039,34,95,-61
112000040,117,270,-153
112000041,397,492,-95
112000042,1072,316,756
112000050,581,1114,-533
112000051,491,671,-180
112000054,1248,2342,-1094
112000057,283,263,20
112000058,222,345,-123
112000059,402,436,-34
112000061,4814,1324,3490
112000062,1997,444,1553
112000063,1468,827,641
112000064,4799,6238,-1439
112000065,2269,3095,-826
112000066,2645,791,1854
112000067,733,680,53
112000068,1676,1149,527
112000069,545,2083,-1538
112000070,1130,571,559
112000071,558,3234,-2676
112000072,772,910,-138
112000073,1047,1766,-719
112000074,772,789,-17
112000075,759,965,-206
112000076,2573,3016,-443
112000077,280,807,-527
112000078,711,676,35
112000079,728,1298,-570
112000080,376,904,-528
112000081,1266,1758,-492
112000082,863,535,328
112000083,450,1630,-1180
112000084,688,603,85
112000085,732,1661,-929
112000086,866,1757,-891
112000087,135,1056,-921
112000088,259,815,-556
112000089,95,242,-147
112000090,85,397,-312
112000091,544,1227,-683
112000092,881,844,37
112000093,1225,1047,178
112000094,301,702,-401
112000095,355,640,-285
112000096,193,609,-416
112000097,554,436,118
112000098,611,1924,-1313
112000099,432,635,-203
112000100,673,1077,-404
112000101,311,1099,-788
112000102,420,752,-332
112000103,244,1468,-1224
112000105,601,3161,-2560
112000106,868,574,294
112000107,43,132,-89
112000108,203,2276,-2073
112000109,132,149,-17
112000110,939,548,391
112000111,1009,3618,-2609
112000112,1371,544,827
112000113,743,2186,-1443
112000114,938,932,6
112000115,200,622,-422
112000116,247,1227,-980
112000117,709,1305,-596
112000118,658,835,-177
112000119,291,1045,-754
112000120,38,414,-376
112000121,47,777,-730
112000122,169,161,8
112000123,251,154,97
112000124,111,62,49
112000125,112,119,-7
112000126,87,1145,-1058
112000127,1482,977,505
112000128,825,514,311
112000129,99,119,-20
112000130,109,37,72
112000131,21,601,-580
112000132,51,319,-268
112000133,150,437,-287
112000134,237,420,-183
112000135,397,661,-264
112000136,689,1294,-605
112000137,638,1432,-794
112000138,795,1038,-243
112000139,830,258,572
112000140,821,1315,-494
112000141,306,215,91
112000142,145,1246,-1101
112000143,497,226,271
112000144,225,2298,-2073
112000145,1056,626,430
112000146,507,3000,-2493
112000147,1113,1552,-439
112000148,1405,3017,-1612
112000149,140,1182,-1042
112000150,103,755,-652
112000151,369,869,-500
112000152,162,326,-164
112000153,285,375,-90
112000154,60,125,-65
112000155,113,123,-10
112000157,506,373,133
112000158,173,1193,-1020
112000159,182,311,-129
112000167,97,35,62
112000169,282,233,49
112000173,252,162,90
112000175,186,447,-261
112000176,3335,1442,1893
112000177,219,95,124
112000178,65,586,-521
112000179,79,177,-98
112000180,198,240,-42
112000181,841,1969,-1128
112000182,406,2038,-1632
112000183,19,51,-32
112000184,208,741,-533
112000185,214,583,-369
112000187,1810,1742,68
112000195,91,1,90
112000196,22,0,22
112000197,17,50,-33
112000198,33,354,-321
112000199,967,874,93
112000202,133,0,133
112000216,63,154,-91
112000230,25,2,23
112000231,2,339,-337
112000256,32,137,-105
112000313,136,148,-12
112000314,11,15,-4
112000337,182,548,-366
112000352,230,179,51
112000392,1710,913,797
112000398,558,660,-102
112000399,2873,1241,1632
112000400,1532,4227,-2695
112000401,2150,2668,-518
112000402,1151,1594,-443
112000403,1602,1212,390
112000404,289,497,-208
112000405,1089,1929,-840
112000406,2908,3272,-364
112000407,2799,4427,-1628
112000408,7512,6817,695
112000409,1307,5316,-4009
112000410,225,116,109
112000411,6101,537,5564
112000412,1238,287,951
112000413,11338,2002,9336
112000414,69,197,-128
112000415,51,64,-13
112000416,1048,1163,-115
112000417,129,59,70
112000421,25,181,-156
112000422,215,785,-570
112000424,3211,1379,1832
112000425,134,1040,-906
112000426,49,267,-218
112000427,0,23,-23
112000428,95,639,-544
112000429,1425,2499,-1074
112000430,1551,2472,-921
112000431,64,103,-39
112000432,611,3870,-3259
112000433,414,536,-122
112000437,28,331,-303
112900001,29,2,27
112900002,123,1313,-1190
112900003,25,361,-336
112900004,19,259,-240
112900005,72,242,-170
112900007,12,135,-123
112900008,1,12,-11
112900009,139,65,74
112900010,107,771,-664
112900011,464,313,151
112900012,0,75,-75
112900013,0,173,-173
112900014,4,323,-319
112900015,333,1021,-688
112900016,1,267,-266
112900017,35,236,-201
112900018,94,1300,-1206
112900019,46,134,-88
112900020,363,1687,-1324
112900021,1,234,-233
112900022,4,56,-52
112900023,1,387,-386
112900024,12,154,-142
112900025,50,233,-183
112900026,5,427,-422
112900027,5,1542,-1537
112900028,18,106,-88
112900029,24,848,-824
112900030,252,248,4
112900031,2,651,-649
112900032,59,248,-189
112900034,5,70,-65
112900035,10,666,-656
112900036,12,122,-110
112900037,150,82,68
112900038,216,97,119
112900039,14,401,-387
112900040,4,353,-349
112900041,1274,611,663
112900042,32,664,-632
112900043,8,23,-15
112900044,933,327,606
112900045,479,397,82
112900046,211,60,151
112900047,10,12,-2
112900049,56,45,11
112900050,63,510,-447
112900051,221,921,-700
112900052,8,1520,-1512
112900053,270,138,132
112900054,207,22,185
112900055,74,12,62
112900056,144,96,48
112900057,7,772,-765
112900058,172,107,65
112900059,104,144,-40
112900060,7,285,-278
112900061,42,160,-118
112900062,30,141,-111
112900063,129,4,125
112900064,131,215,-84
112900065,16,9,7
112900066,117,50,67
112900067,381,124,257
112900068,16,18,-2
112900069,2464,318,2146
112900071,2,3,-1
112900072,498,610,-112
112900073,149,21,128
112900074,35,95,-60
112900075,2300,390,1910
112900076,73,9,64
112900078,140,210,-70
112900079,70,12,58
112900080,7,1,6
112900081,25,82,-57
112900082,134,12,122
112900083,34,31,3
112900084,70,31,39
112900086,34,1,33
112900087,220,50,170
112900088,45,7,38
112900089,275,11,264
112900090,4,11,-7
112900091,80,0,80
112900092,77,110,-33
112900093,451,7,444
112900095,18,0,18
112900096,151,42,109
112900097,26,480,-454
112900098,25,0,25
112900099,299,4,295
112900100,16,1,15
112900101,88,0,88
112900102,20,3,17
112900103,88,1,87
112900104,233,1,232
112900105,0,0,0
112900106,235,50,185
112900107,1,0,1
112900108,16,0,16
112900109,26,0,26
112900110,366,6,360
112900111,248,1,247
112900112,165,1,164
112900113,0,15,-15
112900114,42,12,30
112900115,252,1,251
112900116,25,7,18
112900117,166,134,32
112900118,22,89,-67
112900119,86,0,86
112900120,675,209,466
112900121,353,123,230
112900122,26,149,-123
112900123,110,5,105
112900124,1,166,-165
112900125,17,210,-193
112900126,165,224,-59
112900127,185,37,148
112900128,419,905,-486
112900129,2,975,-973
112900130,106,41,65
112900131,48,346,-298
112900132,34,591,-557
112900133,36,1087,-1051
112900134,1,339,-338
112900135,46,23,23
112900137,5,913,-908
112900138,5,514,-509
112900139,171,1167,-996
112900141,215,21,194
112900142,33,59,-26
112900143,25,779,-754
112900144,12,1625,-1613
112900145,49,521,-472
112900146,12,1932,-1920
112900147,2,2943,-2941
112900148,21,2,19
112900149,80,541,-461
112900151,13,29,-16
112900152,5864,766,5098
112900153,1621,735,886
112900154,0,88,-88
112900155,71,11,60
112900156,220,1980,-1760
112900157,49,109,-60
112900158,25,5,20
112900159,103,38,65
112900160,16,294,-278
112900161,43,21,22
112900162,20,13,7
112900163,114,19,95
112900164,31,68,-37
112900165,71,23,48
112900166,13,22,-9
112900167,0,18,-18
112900168,1,3,-2
112900169,8,5,3
112900170,26,94,-68
112900172,84,6,78
112900173,198,61,137
112900174,186,24,162
112900175,104,68,36
112900176,11,13,-2
112900177,131,14,117
112900178,369,1056,-687
112900179,37,477,-440
112900180,671,2242,-1571
112900181,143,20,123
112900182,40,1512,-1472
112900183,103,153,-50
112900184,474,256,218
112900185,153,280,-127
112900186,1184,421,763
112900187,34,147,-113
112900188,519,204,315
112900189,0,16,-16
112900190,1,51,-50
112900192,251,263,-12
112900193,617,170,447
112900194,13,120,-107
112900195,348,14,334
112900196,212,647,-435
112900197,139,461,-322
112900199,131,386,-255
112900200,179,353,-174
112900201,27,63,-36
112900202,179,1101,-922
112900203,56,456,-400
112900204,800,343,457
112900205,2,3,-1
112900206,0,60,-60
112900207,2,0,2
112900208,35,76,-41
112900209,351,510,-159
112900210,0,10,-10
112900211,16,13,3
112900212,0,124,-124
112900213,19,2,17
112900214,18,3,15
112900215,7,189,-182
112900216,29,53,-24
112900217,1,63,-62
112900218,15,5,10
112900219,22,9,13
112900220,1,0,1
112900221,6,190,-184
112900222,0,9,-9
112900223,374,7,367
112900224,86,989,-903
112900225,186,599,-413
112900226,94,177,-83
112900227,68,828,-760
112900228,18,22,-4
112900229,44,57,-13
112900230,7384,2340,5044
112900232,81,83,-2
112900233,34,229,-195
112900234,4,128,-124
112900235,48,9,39
112900236,122,4,118
112900237,70,1043,-973
112900238,2,71,-69
112900239,480,207,273
112900240,7,221,-214
112900241,12,362,-350
112900242,4,594,-590
112900243,6,437,-431
112900244,4,174,-170
112900245,1,41,-40
112900246,2,13,-11
112900247,113,29,84
112900248,9,4,5
112900249,32,5,27
112900250,29,18,11
112900251,17,9,8
112900252,65,14,51
112900253,16,20,-4
112900254,4,8,-4
112900255,1,25,-24
112900256,9,24,-15
112900257,18,18,0
112900258,9,26,-17
113000001,3857,5524,-1667
113000002,2425,3367,-942
113000003,1509,2497,-988
113000004,1439,1940,-501
113000005,1057,1201,-144
113000006,866,1323,-457
113000007,958,1456,-498
113000008,983,1809,-826
113000009,583,929,-346
113000010,772,1585,-813
113000011,793,1415,-622
113000012,659,992,-333
113000013,669,447,222
113000014,1397,1011,386
113000015,365,144,221
113000016,203,215,-12
113000017,27,240,-213
113000018,236,58,178
113000019,15,249,-234
113000020,64,3,61
113000021,1644,586,1058
113000022,472,1390,-918
113000025,50,293,-243
113000026,175,433,-258
113000027,1108,435,673
113000028,990,350,640
113000029,569,567,2
113000030,615,464,151
113000031,301,217,84
113000032,254,203,51
113000033,236,302,-66
113000034,329,280,49
113000035,40,24,16
113000036,16,35,-19
113000037,42,29,13
113000038,9,42,-33
113000039,48,585,-537
113000040,39,85,-46
113000042,764,444,320
113000051,572,1873,-1301
113000052,2400,1060,1340
113000053,251,757,-506
113000054,179,829,-650
113000055,701,1128,-427
113000056,594,1794,-1200
113000058,528,577,-49
113000059,1143,609,534
113000060,83,450,-367
113000061,769,769,0
113000062,1318,220,1098
113000063,56,410,-354
113000064,24,500,-476
113000065,135,1528,-1393
113000066,293,128,165
113000067,907,1202,-295
113000068,368,2523,-2155
113000069,398,1780,-1382
113000070,900,924,-24
113000071,222,750,-528
113000072,388,424,-36
113000073,476,1399,-923
113000074,642,333,309
113000075,1635,504,1131
113000076,1291,1766,-475
113000077,847,300,547
113000078,610,1518,-908
113000079,492,533,-41
113000080,473,493,-20
113000081,446,669,-223
113000082,837,535,302
113000083,396,620,-224
113000084,1250,946,304
113000085,702,580,122
113000086,833,1156,-323
113000087,787,635,152
113000088,1839,1164,675
113000089,730,1032,-302
113000090,163,455,-292
113000091,721,279,442
113000094,790,232,558
113000095,278,1562,-1284
113000096,175,1094,-919
113000097,667,233,434
113000098,52,46,6
113000099,1084,271,813
113000100,158,515,-357
113000101,378,705,-327
113000102,446,312,134
113000103,2390,533,1857
113000104,295,2584,-2289
113000105,283,468,-185
113000106,209,463,-254
113000107,573,913,-340
113000108,850,1587,-737
113000109,418,4009,-3591
113000110,1207,539,668
113000111,142,789,-647
113000112,292,430,-138
113000113,1354,364,990
113000114,297,1067,-770
113000116,514,225,289
113000117,905,141,764
113000118,116,272,-156
113000119,159,326,-167
113000120,28,208,-180
113000121,372,867,-495
113000124,151,89,62
113000125,32,455,-423
113000127,3879,543,3336
113000128,554,331,223
113000129,295,1557,-1262
113000133,5253,857,4396
113000134,6,1146,-1140
113000135,2849,2282,567
113000137,1671,1548,123
113000139,279,136,143
113000140,106,191,-85
113000141,231,103,128
113000142,387,680,-293
113000143,185,202,-17
113000144,273,532,-259
113000145,26,113,-87
113000146,101,88,13
113000147,53,128,-75
113000148,98,142,-44
113000149,43,101,-58
113000150,345,422,-77
113000151,67,48,19
113000152,24,134,-110
113000153,1582,440,1142
113000154,397,1266,-869
113000155,245,321,-76
113000156,166,346,-180
113000157,277,768,-491
113000158,363,255,108
113000159,544,553,-9
113000160,578,1008,-430
113000161,168,647,-479
113000162,334,357,-23
113000163,62,45,17
113000164,30,112,-82
113000166,59,79,-20
113000167,25,251,-226
113000168,50,184,-134
113000169,79,75,4
113000170,46,77,-31
113000171,44,96,-52
113000172,180,85,95
113000173,36,21,15
113000174,88,572,-484
113000175,247,126,121
113000176,436,154,282
113000177,162,495,-333
113000178,196,532,-336
113000179,205,154,51
113000180,549,1712,-1163
113000181,844,1134,-290
113000182,213,307,-94
113000183,178,513,-335
113000184,27,86,-59
113000189,406,550,-144
113000190,965,371,594
113000192,3097,1134,1963
113000193,5522,996,4526
113000194,2518,1013,1505
113000195,2649,474,2175
113000196,108,128,-20
113000197,1079,770,309
113000198,58,432,-374
113000199,608,405,203
113000201,1080,168,912
113000202,4213,2838,1375
113000203,597,303,294
113000204,2020,1216,804
113000205,27,14,13
113000206,9,30,-21
113000207,36,19,17
113000208,22,30,-8
113000209,8,14,-6
113000210,3,15,-12
113000211,341,198,143
113000212,242,37,205
113000213,12,151,-139
113000214,145,282,-137
113000234,172,1394,-1222
113000410,84,94,-10
113000411,1889,3469,-1580
113000412,9386,1818,7568
113000413,3364,1904,1460
113000414,8014,6985,1029
113000415,1980,2210,-230
113000416,7838,3086,4752
113000417,2462,2179,283
113000418,2171,2171,0
113000419,1024,1385,-361
113000420,2814,2945,-131
113000421,2750,3787,-1037
113000422,14176,6759,7417
113000423,2036,2629,-593
113000424,3853,6548,-2695
113000425,8,68,-60
113000428,47,14,33
113000430,9,31,-22
113000432,1249,87,1162
113000433,85,1122,-1037
113000434,16,405,-389
113000435,28,1175,-1147
113000436,51,1995,-1944
113000437,312,19,293
113000438,105,11,94
113000439,13,190,-177
113000440,58,24,34
113000441,90,314,-224
113000442,64,343,-279
113000443,51,397,-346
113000444,81,482,-401
113000445,57,189,-132
113000446,32,79,-47
113000448,614,130,484
113000449,358,1210,-852
113000450,786,4039,-3253
113000451,2787,169,2618
113000452,373,488,-115
113000453,147,288,-141
113000454,2142,36,2106
113000455,104,155,-51
113000456,3023,1409,1614
113000468,3308,190,3118
113000469,302,65,237
113000470,806,148,658
113000471,17,497,-480
113000472,70,312,-242
113000474,245,634,-389
113000475,1244,1777,-533
113000476,622,1683,-1061
113000477,1355,1835,-480
113000478,2744,5750,-3006
113000479,32,280,-248
113000483,0,0,0
113000484,0,1,-1
113000485,0,0,0
113000486,0,0,0
113000487,0,0,0
113000488,0,0,0
113000489,0,0,0
113000490,0,1,-1
113000491,1,0,1
113000492,0,2,-2
113000493,0,0,0
113000495,254,271,-17
113000496,93,168,-75
113900001,4,236,-232
113900002,1,285,-284
113900003,0,285,-285
113900004,1,59,-58
113900005,1,74,-73
113900006,2,58,-56
113900007,232,0,232
113900008,98,1,97
113900009,446,4,442
113900010,168,2,166
113900011,40,1,39
113900012,7,1,6
113900013,1113,10,1103
113900014,400,2,398
113900015,1,32,-31
113900016,10,0,10
113900017,1,70,-69
113900018,387,102,285
113900019,60,52,8
113900020,37,1,36
113900022,5,0,5
113900023,15,0,15
113900024,31,77,-46
113900025,211,1,210
113900026,34,2,32
113900027,3,141,-138
113900028,15,504,-489
113900029,32,341,-309
113900030,97,1,96
113900031,1,0,1
113900032,9,1,8
113900033,46,66,-20
113900035,33,0,33
113900036,8,151,-143
113900037,52,650,-598
113900038,67,102,-35
113900039,49,1,48
113900040,0,2,-2
113900041,2,1,1
113900042,64,44,20
113900043,139,102,37
113900044,120,42,78
113900045,38,0,38
113900046,136,709,-573
113900047,42,186,-144
113900048,278,49,229
113900049,931,218,713
113900050,95,401,-306
113900051,150,458,-308
113900052,120,108,12
113900053,272,148,124
113900054,5,19,-14
113900055,77,626,-549
113900056,66,171,-105
113900057,12,100,-88
113900058,49,201,-152
113900059,149,341,-192
113900060,70,189,-119
113900061,792,92,700
113900062,34,12,22
113900063,31,129,-98
113900064,19,184,-165
113900065,431,15,416
113900066,154,547,-393
113900067,47,381,-334
113900068,283,237,46
113900069,30,24,6
113900070,177,465,-288
113900071,60,92,-32
113900072,27,131,-104
113900073,140,357,-217
113900074,12,428,-416
113900075,716,773,-57
113900076,83,3,80
113900077,24,269,-245
113900078,35,82,-47
113900079,0,55,-55
113900080,207,85,122
113900081,9,183,-174
113900082,69,218,-149
113900083,90,678,-588
113900084,186,74,112
113900085,39,397,-358
113900086,12,34,-22
113900087,29,211,-182
113900088,29,63,-34
113900089,286,55,231
113900090,265,213,52
113900091,14,17,-3
113900092,52,42,10
113900093,66,456,-390
113900094,158,413,-255
113900095,92,41,51
113900096,78,37,41
113900097,4,115,-111
113900098,379,57,322
113900099,0,65,-65
113900100,0,4,-4
113900101,14,47,-33
113900102,88,74,14
113900103,147,126,21
113900104,77,129,-52
113900105,26,454,-428
113900106,0,131,-131
113900107,2,25,-23
113900108,214,150,64
113900109,247,74,173
113900110,23,10,13
113900111,62,79,-17
113900112,74,90,-16
113900113,469,362,107
113900114,0,150,-150
113900115,1,142,-141
113900116,78,99,-21
113900117,75,18,57
113900118,206,129,77
113900119,252,296,-44
113900120,61,21,40
113900121,16,63,-47
113900122,234,1235,-1001
113900123,281,180,101
113900124,0,88,-88
113900125,1315,106,1209
113900126,95,28,67
113900127,153,329,-176
113900128,50,38,12
113900129,13,80,-67
113900130,0,12,-12
113900131,97,72,25
113900132,24,24,0
113900133,14,38,-24
113900135,192,513,-321
113900136,88,59,29
113900137,275,163,112
113900138,34,90,-56
113900139,471,67,404
113900140,238,132,106
113900141,218,611,-393
113900142,40,87,-47
113900143,4,19,-15
113900144,181,122,59
113900145,176,189,-13
113900146,38,75,-37
113900148,127,174,-47
113900149,111,52,59
113900150,735,472,263
113900151,146,195,-49
113900152,9,34,-25
113900153,313,342,-29
113900154,0,71,-71
113900155,149,67,82
113900156,210,585,-375
113900157,18,180,-162
113900158,140,132,8
113900159,9,144,-135
113900160,288,647,-359
113900161,16,204,-188
113900162,289,333,-44
113900163,170,203,-33
113900164,243,32,211
113900165,388,451,-63
113900166,145,94,51
113900167,162,21,141
113900168,103,74,29
113900169,173,358,-185
113900171,54,37,17
113900172,1,240,-239
113900173,40,739,-699
113900174,329,521,-192
113900175,184,84,100
113900176,161,512,-351
113900177,241,198,43
113900178,132,49,83
113900179,18,890,-872
113900180,151,111,40
113900181,355,74,281
113900182,304,847,-543
113900183,29,85,-56
113900184,6,630,-624
113900185,124,68,56
113900186,5,31,-26
113900187,28,101,-73
113900188,36,139,-103
113900189,233,54,179
113900190,244,87,157
113900191,65,208,-143
113900192,2376,1092,1284
113900193,18,363,-345
113900194,2373,839,1534
113900195,263,391,-128
113900196,0,87,-87
113900197,2,446,-444
113900198,18,96,-78
113900199,125,598,-473
113900200,6,184,-178
113900201,0,231,-231
113900202,16,141,-125
113900203,5,163,-158
113900204,41,601,-560
113900205,4,92,-88
113900206,3,100,-97
113900207,0,54,-54
113900208,0,31,-31
113900209,0,43,-43
113900210,672,417,255
113900211,87,34,53
113900212,100,691,-591
113900214,290,371,-81
113900215,23,146,-123
113900216,32,1521,-1489
113900217,30,368,-338
113900218,62,48,14
113900219,150,564,-414
113900220,81,52,29
113900221,188,84,104
113900222,1884,434,1450
113900223,101,1093,-992
113900224,83,51,32
113900225,618,168,450
113900226,182,105,77
113900227,187,128,59
113900228,313,243,70
113900229,29,429,-400
113900230,4209,1301,2908
113900231,76,211,-135
113900232,36,93,-57
113900233,15,63,-48
113900234,161,355,-194
113900235,33,25,8
113900236,31,433,-402
113900237,63,2,61
113900238,121,289,-168
113900239,41,57,-16
113900240,3,59,-56
113900241,47,72,-25
113900242,49,143,-94
113900243,122,342,-220
113900244,441,161,280
113900245,1183,212,971
113900246,7,4,3
113900247,107,178,-71
113900248,3024,1018,2006
113900249,1465,184,1281
113900250,40,120,-80
113900251,289,298,-9
113900252,272,12,260
113900253,412,26,386
113900254,415,90,325
113900255,209,14,195
113900256,186,26,160
113900257,22,945,-923
113900258,2,568,-566
113900259,191,250,-59
113900260,61,2,59
113900261,17,111,-94
113900262,117,871,-754
113900263,99,487,-388
113900264,2,736,-734
113900265,103,323,-220
113900266,18,264,-246
113900267,141,514,-373
113900268,116,230,-114
113900269,71,92,-21
113900270,310,254,56
113900271,319,1121,-802
113900273,29,4,25
113900274,13,12,1
113900275,15,46,-31
113900276,0,350,-350
113900277,48,2,46
113900278,231,113,118
113900279,63,127,-64
113900280,786,434,352
113900281,237,631,-394
113900282,553,231,322
113900283,215,459,-244
113900284,481,153,328
113900285,86,22,64
113900286,7,133,-126
113900287,16,29,-13
113900288,0,75,-75
113900289,1332,77,1255
113900290,432,139,293
113900291,82,118,-36
113900292,4,4,0
113900293,12,211,-199
113900294,254,21,233
113900295,241,243,-2
113900296,1102,136,966
113900297,552,17,535
113900298,6,1853,-1847
113900299,11,291,-280
113900300,3916,1211,2705
113900301,1085,284,801
113900302,2531,572,1959
113900303,655,243,412
113900304,0,150,-150
113900305,28,1,27
113900306,5,0,5
113900307,33,0,33
113900308,63,95,-32
113900309,3,907,-904
113900310,0,16,-16
113900311,0,0,0
113900312,45,87,-42
113900313,7,11,-4
113900314,1,51,-50
113900315,19,1,18
114000001,821,4071,-3250
114000002,114,551,-437
114000003,128,1592,-1464
114000004,195,451,-256
114000005,106,253,-147
114000006,2156,2360,-204
114000007,439,1476,-1037
114000008,1139,977,162
114000009,342,217,125
114000011,1688,4393,-2705
114000012,1120,3513,-2393
114000013,1037,2758,-1721
114000014,364,776,-412
114000015,674,730,-56
114000016,187,463,-276
114000017,94,116,-22
114000018,667,88,579
114000026,664,1953,-1289
114000027,1186,2116,-930
114000028,1337,1782,-445
114000038,97,126,-29
114000039,127,395,-268
114000040,43,142,-99
114000042,117,193,-76
114000043,193,303,-110
114000044,152,262,-110
114000045,26,92,-66
114000046,1954,5144,-3190
114000047,7,31,-24
114000048,99,203,-104
114000049,1008,1140,-132
114000050,1116,1163,-47
114000051,2366,1493,873
114000052,1939,873,1066
114000053,48,611,-563
114000054,98,1871,-1773
114000055,168,11,157
114000056,907,514,393
114000057,11539,2273,9266
114000058,442,855,-413
114000059,297,187,110
114000060,361,643,-282
114000061,2978,1371,1607
114000062,2009,751,1258
114000063,2898,1464,1434
114000064,6855,2360,4495
114000065,1636,2061,-425
114000066,294,662,-368
114000067,8,292,-284
114000068,259,392,-133
114000069,545,306,239
114000070,1645,1215,430
114000071,300,574,-274
114000072,117,732,-615
114000073,11,140,-129
114000074,15,17,-2
114000075,37,199,-162
114000076,4,177,-173
114000077,7,77,-70
114000078,93,1124,-1031
114000079,60,25,35
114000080,86,48,38
114000081,33,79,-46
114000082,41,747,-706
114000083,43,352,-309
114000084,97,51,46
114000085,102,972,-870
114000086,198,807,-609
114000087,39,271,-232
114000088,20,77,-57
114000089,1921,513,1408
114000090,425,412,13
114000091,1098,321,777
114000092,562,231,331
114000093,577,559,18
114000094,244,403,-159
114000095,74,83,-9
114000096,87,546,-459
114000097,134,925,-791
114000098,193,62,131
114000099,187,1375,-1188
114000100,448,919,-471
114000101,253,1201,-948
114000102,194,330,-136
114000103,84,572,-488
114000104,10,407,-397
114000105,28,46,-18
114000106,1601,339,1262
114000107,110,101,9
114000108,6171,1667,4504
114000109,228,680,-452
114000110,474,2449,-1975
114000111,577,431,146
114000112,291,4271,-3980
114000113,632,361,271
114000114,1083,2976,-1893
114000115,1247,684,563
114000116,352,802,-450
114000117,1143,284,859
114000118,1159,261,898
114000119,686,232,454
114000120,366,685,-319
114000121,356,580,-224
114000122,239,325,-86
114000123,684,213,471
114000124,387,282,105
114000125,482,1339,-857
114000126,708,208,500
114000127,72,177,-105
114000128,588,775,-187
114000130,306,494,-188
114000131,74,42,32
114000132,477,880,-403
114000133,712,1545,-833
114000134,32,208,-176
114000138,28,184,-156
114000139,206,86,120
114000144,336,304,32
114000145,63,184,-121
114000146,55,399,-344
114000147,742,880,-138
114000148,2762,1237,1525
114000149,161,230,-69
114000150,1833,816,1017
114000151,2639,850,1789
114000152,99,16,83
114000153,1288,1640,-352
114000154,719,839,-120
114000155,947,1507,-560
114000156,551,398,153
114000157,230,766,-536
114000158,2831,604,2227
114000159,218,381,-163
114000160,69,255,-186
114000161,1141,1076,65
114000162,523,855,-332
114000163,16,132,-116
114000165,142,114,28
114000166,587,220,367
114000167,5164,1174,3990
114000168,696,598,98
114000169,1779,543,1236
114000170,712,534,178
114000171,532,1442,-910
114000174,148,428,-280
114000176,543,315,228
114000177,3213,725,2488
114000178,28,76,-48
114000179,999,726,273
114000180,442,553,-111
114000181,1162,1837,-675
114000182,7090,2246,4844
114000183,775,1027,-252
114000184,9126,1550,7576
114000185,596,727,-131
114000189,289,56,233
114000190,1023,132,891
114000191,22,41,-19
114000192,260,2213,-1953
114000193,1004,4383,-3379
114000194,934,1500,-566
114000195,56,16,40
114000196,3,538,-535
114000197,458,20,438
114000198,1455,433,1022
114000199,2298,991,1307
114000200,486,2914,-2428
114000201,102,1463,-1361
114000202,623,982,-359
114000203,571,1783,-1212
114000204,105,594,-489
114000205,155,2080,-1925
114000206,307,1218,-911
114000207,591,2831,-2240
114000208,434,4645,-4211
114000209,615,4377,-3762
114000210,336,2384,-2048
114000211,721,1811,-1090
114000212,350,833,-483
114000213,744,641,103
114000214,86,212,-126
114000215,67,113,-46
114000216,587,332,255
114000217,79,437,-358
114000218,62,341,-279
114000219,638,255,383
114000220,20,2493,-2473
114000221,293,110,183
114000222,257,1849,-1592
114000223,246,82,164
114000224,128,1086,-958
114000225,188,672,-484
114000226,57,278,-221
114000227,565,553,12
114000228,461,1288,-827
114000229,597,987,-390
114000230,1133,2005,-872
114000231,635,1174,-539
114000232,344,85,259
114000233,1050,87,963
114000234,842,1224,-382
114000235,651,2129,-1478
114000236,0,561,-561
114000237,84,1331,-1247
114000238,53,228,-175
114000239,151,1793,-1642
114000240,545,611,-66
114000241,189,1538,-1349
114000242,1076,1390,-314
114000243,920,901,19
114000244,502,339,163
114000245,324,569,-245
114000246,216,40,176
114000247,452,755,-303
114000248,464,493,-29
114000249,387,602,-215
114000250,215,605,-390
114000251,171,464,-293
114000252,65,96,-31
114000253,20,273,-253
114000254,7,76,-69
114000255,730,136,594
114000256,1635,691,944
114000257,774,2057,-1283
114000258,79,545,-466
114000259,27,388,-361
114000260,1,24,-23
114000261,20,23,-3
114000262,40,163,-123
114000263,16,3,13
114000264,454,719,-265
114000265,0,0,0
114000267,3,1397,-1394
114000268,2,2511,-2509
114000270,48,1,47
114000271,433,90,343
114000283,373,466,-93
114000285,36,399,-363
114000288,54,597,-543
114000289,740,249,491
114000293,61,489,-428
114000294,141,169,-28
114000395,888,74,814
114000396,155,335,-180
114000402,179,318,-139
114000403,153,798,-645
114000405,70,680,-610
114000423,84,634,-550
114000424,70,256,-186
114000425,197,801,-604
114000426,195,579,-384
114000427,41,76,-35
114000428,295,69,226
114000429,15,207,-192
114000432,39,231,-192
114000434,18,123,-105
114000435,1,145,-144
114900001,236,2174,-1938
114900002,245,78,167
114900003,223,3160,-2937
114900004,114,142,-28
114900005,249,1069,-820
114900006,19,28,-9
114900007,64,12,52
114900008,64,60,4
114900010,2437,1435,1002
114900011,36,64,-28
114900013,86,81,5
114900018,794,59,735
114900020,108,46,62
114900022,1,935,-934
114900025,128,337,-209
114900026,27,48,-21
114900029,49,21,28
114900030,165,332,-167
114900031,124,29,95
114900032,117,37,80
114900034,40,289,-249
114900035,99,273,-174
114900036,193,1371,-1178
114900039,326,812,-486
114900040,51,459,-408
114900041,286,756,-470
114900042,396,938,-542
114900044,58,15,43
114900047,198,1059,-861
114900048,48,450,-402
114900049,34,495,-461
114900050,41,992,-951
114900051,16,636,-620
114900052,29,164,-135
114900053,64,276,-212
114900054,21,117,-96
114900057,166,9,157
114900058,1,67,-66
114900059,27,28,-1
114900063,49,267,-218
114900064,607,645,-38
114900065,202,566,-364
114900067,11,345,-334
114900068,81,521,-440
114900069,170,226,-56
114900070,222,954,-732
114900072,5,260,-255
114900073,1,209,-208
114900074,192,1398,-1206
114900075,53,0,53
114900076,6,293,-287
114900080,4819,428,4391
114900082,3901,1222,2679
114900083,840,783,57
114900090,116,148,-32
114900091,194,181,13
114900097,33,0,33
114900098,6,307,-301
114900099,78,2,76
115000001,10933,5902,5031
115000002,2348,2563,-215
115000003,3642,4735,-1093
115000004,1886,3876,-1990
115000005,1257,3376,-2119
115000006,463,1311,-848
115000007,53,147,-94
115000008,360,485,-125
115000009,169,577,-408
115000010,241,178,63
115000013,42,152,-110
115000015,67,272,-205
115000016,33,181,-148
115000019,22,268,-246
115000020,172,258,-86
115000021,259,340,-81
115000022,358,241,117
115000023,195,329,-134
115000024,1016,367,649
115000025,575,355,220
115000026,90,320,-230
115000027,115,200,-85
115000028,93,655,-562
115000029,268,106,162
115000030,313,760,-447
115000031,619,148,471
115000032,5,278,-273
115000033,114,19,95
115000034,193,638,-445
115000035,667,51,616
115000036,5,383,-378
115000037,217,5,212
115000038,57,222,-165
115000039,3159,2041,1118
115000040,6904,3940,2964
115000041,711,1824,-1113
115000042,442,667,-225
115000043,2352,2362,-10
115000044,2219,4859,-2640
115000045,1806,3255,-1449
115000046,1074,3175,-2101
115000047,1031,2431,-1400
115000048,1015,3275,-2260
115000049,1311,3026,-1715
115000050,2896,2127,769
115000051,2163,1576,587
115000052,4437,1889,2548
115000053,1178,1153,25
115000054,659,1532,-873
115000055,124,393,-269
115000056,172,230,-58
115000057,289,396,-107
115000058,104,127,-23
115000059,147,128,19
115000061,90,89,1
115000062,202,340,-138
115000063,135,394,-259
115000064,127,159,-32
115000065,39,265,-226
115000067,233,19,214
115000069,37,267,-230
115000070,23,562,-539
115000071,59,8,51
115000072,17,43,-26
115000073,1132,31,1101
115000075,54,72,-18
115000076,4186,3741,445
115000077,1003,4358,-3355
115000078,563,2272,-1709
115000079,605,2758,-2153
115000080,1273,3239,-1966
115000081,358,868,-510
115000082,2185,2703,-518
115000083,1484,3782,-2298
115000084,788,1492,-704
115000085,376,1030,-654
115000086,407,1079,-672
115000087,466,1236,-770
115000088,1480,674,806
115000089,1334,1267,67
115000090,720,613,107
115000091,537,1370,-833
115000092,209,327,-118
115000093,244,3,241
115000094,10462,4292,6170
115000095,7567,3597,3970
115000096,385,2709,-2324
115000097,372,728,-356
115000098,475,868,-393
115000099,1300,4930,-3630
115000100,438,676,-238
115000101,385,1616,-1231
115000102,257,159,98
115000103,318,1010,-692
115000105,28,288,-260
115000106,190,253,-63
115000107,102,644,-542
115000108,4549,2452,2097
115000109,6598,2190,4408
115000110,869,658,211
115000111,539,1325,-786
115000112,389,357,32
115000113,476,638,-162
115000114,1292,592,700
115000116,3447,1250,2197
115000117,4096,1639,2457
115000118,1309,1379,-70
115000119,1194,1420,-226
115000120,506,647,-141
115000121,1096,617,479
115000122,2777,960,1817
115000123,1541,1105,436
115000124,680,719,-39
115000125,325,540,-215
115000126,83,193,-110
115000127,327,115,212
115000128,1668,675,993
115000129,168,167,1
115000130,233,1489,-1256
115000131,305,248,57
115000132,112,929,-817
115000133,310,435,-125
115000134,111,260,-149
115000135,88,316,-228
115000136,71,195,-124
115000137,76,169,-93
115000138,125,244,-119
115000139,186,224,-38
115000140,88,223,-135
115000141,115,322,-207
115000142,105,390,-285
115000143,258,554,-296
115000144,272,68,204
115000145,176,520,-344
115000146,111,182,-71
115000147,298,521,-223
115000148,213,1229,-1016
115000149,235,134,101
115000150,544,1483,-939
115000151,397,425,-28
115000152,517,2125,-1608
115000153,538,384,154
115000154,226,284,-58
115000155,399,1350,-951
115000156,935,510,425
115000157,837,956,-119
115000158,581,401,180
115000159,847,336,511
115000160,484,215,269
115000161,129,448,-319
115000162,555,470,85
115000163,680,566,114
115000164,511,533,-22
115000165,249,332,-83
115000167,114,140,-26
115000168,399,174,225
115000169,512,237,275
115000170,129,122,7
115000171,203,182,21
115000172,2209,558,1651
115000173,189,210,-21
115000174,58,250,-192
115000175,128,76,52
115000176,47,51,-4
115000177,52,24,28
115000178,11,303,-292
115000179,16,16,0
115000180,41,793,-752
115000181,222,104,118
115000182,279,466,-187
115000183,160,1135,-975
115000186,359,227,132
115000187,112,732,-620
115000188,282,467,-185
115000189,142,349,-207
115000190,608,406,202
115000191,224,344,-120
115000194,127,93,34
115000195,228,258,-30
115000196,42,200,-158
115000197,93,498,-405
115000198,118,301,-183
115000199,128,420,-292
115000200,158,146,12
115000201,107,439,-332
115000206,141,85,56
115000207,34,336,-302
115000208,488,460,28
115000209,276,143,133
115000210,47,90,-43
115000211,118,117,1
115000212,1380,217,1163
115000224,199,78,121
115000225,33,46,-13
115000229,286,130,156
115000230,45,536,-491
115000231,222,3274,-3052
115000232,595,327,268
115000233,75,198,-123
115000234,24,315,-291
115000241,24,267,-243
115000242,66,369,-303
115000243,20,253,-233
115000244,4,101,-97
115000246,54,11,43
115000247,30,10,20
115000248,8,17,-9
115000249,21,16,5
115000250,171,28,143
115000251,95,119,-24
115000252,26,194,-168
115000253,11,218,-207
115000258,193,237,-44
115000259,326,168,158
115000261,6,35,-29
115000262,7,46,-39
115000263,9,68,-59
115000264,9,74,-65
115000267,45,66,-21
115000268,16,158,-142
115000269,83,50,33
115000270,1,14,-13
115000272,46,142,-96
115000273,189,23,166
115000280,2020,98,1922
115000281,283,196,87
115000282,509,196,313
115000284,194,90,104
115000296,668,8,660
115000297,159,45,114
115000298,148,257,-109
115000300,50,213,-163
115000302,196,238,-42
115000303,344,141,203
115000304,302,67,235
115000305,35,1359,-1324
115000306,66,924,-858
115000307,22,351,-329
115000308,124,18,106
115000310,560,1140,-580
115000311,369,1788,-1419
115000313,172,862,-690
115000314,230,97,133
115000315,1197,452,745
115000316,33,54,-21
115000317,161,856,-695
115000318,361,193,168
115000319,33,336,-303
115000320,12,130,-118
115000321,336,28,308
115000322,27,278,-251
115000449,253,111,142
115000557,85,532,-447
115000558,230,73,157
115000587,271,367,-96
115000588,1818,4346,-2528
115000589,1929,3137,-1208
115000590,541,1717,-1176
115000591,649,671,-22
115000592,446,1467,-1021
115000593,830,520,310
115000594,648,1440,-792
115000609,125,188,-63
115000617,1954,1775,179
115000624,74,146,-72
115000633,231,1433,-1202
115000634,2071,679,1392
115000635,241,107,134
115000638,1938,668,1270
115000641,87,88,-1
115000642,257,268,-11
115000643,61,541,-480
115000644,142,357,-215
115000646,571,831,-260
115000647,347,603,-256
115000648,955,1830,-875
115000893,2985,1038,1947
115000894,87,984,-897
115000895,406,783,-377
115000896,1377,295,1082
115000897,273,63,210
115000898,438,156,282
115000899,979,1127,-148
115000900,114,433,-319
115000901,92,97,-5
115000912,130,57,73
115000913,0,60,-60
115000915,27,0,27
115000916,4,0,4
115000917,0,1,-1
115000918,67,181,-114
115000919,20,5,15
115000920,28,22,6
115000921,1600,69,1531
115000922,1436,483,953
115000923,531,749,-218
115000925,32,93,-61
115000927,27,49,-22
115000933,476,171,305
115000934,68,176,-108
115000935,69,74,-5
115000936,82,269,-187
115000937,1439,145,1294
115000938,215,195,20
115000939,289,127,162
115000940,0,6,-6
115000941,4,10,-6
115000942,120,55,65
115000943,90,12,78
115000944,16,6,10
115900001,40,99,-59
115900002,58,201,-143
115900003,72,165,-93
115900004,1,87,-86
115900005,74,3,71
115900006,48,604,-556
115900008,14,21,-7
115900009,47,375,-328
115900010,92,241,-149
115900011,138,317,-179
115900012,42,148,-106
115900013,263,157,106
115900014,61,168,-107
115900015,36,229,-193
115900016,23,28,-5
115900017,0,0,0
115900018,119,98,21
115900019,433,25,408
115900020,10,0,10
115900021,1407,90,1317
115900022,3135,17,3118
115900023,6,1,5
115900025,33,158,-125
115900026,599,396,203
115900027,2,474,-472
115900028,529,70,459
115900029,7,647,-640
115900030,7,15,-8
115900031,333,166,167
115900032,120,618,-498
115900033,2,40,-38
115900034,43,611,-568
115900035,6,66,-60
115900036,577,311,266
115900037,28,525,-497
115900038,9,5,4
115900039,84,386,-302
115900041,391,264,127
115900042,15,0,15
115900043,31,172,-141
115900044,296,133,163
115900046,132,338,-206
115900047,64,36,28
115900049,77,223,-146
115900051,0,54,-54
115900052,12,271,-259
115900053,95,352,-257
115900054,46,76,-30
115900055,8,109,-101
115900056,68,463,-395
115900057,20,3,17
115900058,10,28,-18
115900060,13,165,-152
115900061,66,0,66
115900062,14,404,-390
115900063,18,12,6
115900064,111,229,-118
115900065,43,159,-116
115900066,210,239,-29
115900067,6,1256,-1250
115900068,3485,296,3189
115900069,25,186,-161
115900070,67,323,-256
115900071,6,945,-939
115900072,68,285,-217
115900073,26,39,-13
115900074,4,336,-332
115900075,7,318,-311
115900076,2,83,-81
115900077,4,387,-383
115900078,33,134,-101
115900079,67,12,55
115900080,561,329,232
115900081,12,87,-75
115900082,118,130,-12
115900084,112,14,98
115900085,28,26,2
115900086,1691,341,1350
115900088,14,32,-18
115900089,97,772,-675
115900090,85,34,51
115900091,8,13,-5
115900092,13,279,-266
115900093,1,31,-30
115900094,1,383,-382
115900096,1,23,-22
115900097,4,451,-447
115900098,79,722,-643
115900099,18,92,-74
115900100,4,792,-788
115900101,71,626,-555
115900102,60,93,-33
115900103,146,361,-215
115900104,26,200,-174
115900105,50,912,-862
115900106,19,32,-13
115900107,6,273,-267
115900108,30,35,-5
115900109,57,415,-358
115900110,1,34,-33
115900111,0,81,-81
115900112,26,1104,-1078
115900113,24,26,-2
115900114,2,163,-161
115900115,37,121,-84
115900116,57,1097,-1040
115900117,9,21,-12
115900118,4,320,-316
115900119,89,75,14
115900120,16,564,-548
115900121,56,307,-251
115900124,103,244,-141
115900125,122,17,105
115900126,268,43,225
115900127,258,50,208
115900128,14,119,-105
115900129,298,19,279
115900130,34,181,-147
115900131,79,23,56
115900132,198,3,195
115900134,157,17,140
115900135,528,442,86
115900137,3,1,2
115900139,45,23,22
115900140,38,19,19
115900141,5,16,-11
115900142,2,10,-8
115900143,83,284,-201
115900144,25,217,-192
115900146,5,223,-218
115900147,180,146,34
115900148,18,1,17
115900149,16,53,-37
115900150,25,112,-87
115900151,4,49,-45
115900152,36,490,-454
115900153,33,248,-215
115900154,709,240,469
115900155,0,145,-145
115900156,293,430,-137
115900157,63,344,-281
115900158,57,13,44
115900159,34,334,-300
115900160,9,2,7
115900161,22,193,-171
115900163,62,154,-92
115900164,204,1,203
115900166,113,298,-185
115900168,17,135,-118
115900171,53,510,-457
115900172,21,114,-93
115900173,124,136,-12
115900174,331,192,139
115900175,52,153,-101
115900178,6,879,-873
115900179,76,14,62
115900180,26,532,-506
115900181,70,337,-267
115900182,180,385,-205
115900183,35,10,25
115900184,1506,21,1485
115900187,8,92,-84
115900189,0,96,-96
115900190,129,535,-406
115900191,43,623,-580
115900192,6,67,-61
115900193,31,56,-25
115900194,169,38,131
115900195,427,636,-209
115900198,144,225,-81
115900199,101,301,-200
115900200,226,345,-119
115900201,212,173,39
115900202,0,8,-8
115900203,3,1,2
115900204,0,5,-5
115900205,39,13,26
115900206,71,110,-39
115900207,24,30,-6
115900208,63,439,-376
115900209,1,199,-198
115900210,2,131,-129
115900211,2,294,-292
115900212,57,270,-213
115900213,58,22,36
115900214,144,182,-38
115900215,19,23,-4
115900216,5,73,-68
115900217,0,76,-76
115900218,0,62,-62
115900219,29,3,26
115900220,45,10,35
115900221,28,7,21
115900222,16,7,9
115900223,20,81,-61
115900224,2076,253,1823
115900225,63,13,50
115900226,4,52,-48
115900227,4,39,-35
115900228,10,53,-43
115900229,7,53,-46
115900230,36,98,-62
115900231,76,0,76
115900232,31,0,31
115900233,20,7,13
115900234,47,15,32
115900235,16,16,0
115900236,13,8,5
115900237,3,21,-18
115900238,7,26,-19
115900239,1,24,-23
115900240,4,56,-52
115900241,57,49,8
115900242,306,178,128
115900243,4,14,-10
115900244,1,14,-13
115900245,1,4,-3
115900246,2,1,1
115900247,13,14,-1
115900248,7,6,1
115900249,3,5,-2
115900250,4,9,-5
115900251,0,6,-6
115900252,0,0,0
115900253,1,7,-6
115900254,9,24,-15
115900255,3,6,-3
115900256,28,23,5
115900257,1,6,-5
115900258,0,1,-1
115900259,2,1,1
115900260,24,1,23
115900261,2,0,2
115900262,0,3,-3
115900263,2,0,2
115900264,1,1,0
115900265,4,5,-1
115900266,5,10,-5
115900267,3,7,-4
115900268,0,9,-9
115900269,156,379,-223
115900270,164,1149,-985
115900271,22,0,22
115900272,19,0,19
115900273,4,6,-2
115900274,7,21,-14
115900275,1,60,-59
115900276,0,109,-109
115900277,1,212,-211
115900278,13,107,-94
115900279,13,97,-84
115900280,9,135,-126
115900281,799,151,648
115900282,23,15,8
115900283,10,1,9
115900284,1,23,-22
116000001,14690,4747,9943
116000002,2493,4144,-1651
116000003,1416,2419,-1003
116000004,1988,1713,275
116000005,2417,3078,-661
116000006,1431,862,569
116000007,2688,4602,-1914
116000008,1535,1112,423
116000009,1480,2887,-1407
116000010,949,711,238
116000011,968,2309,-1341
116000012,700,560,140
116000013,19488,3956,15532
116000014,22733,7874,14859
116000015,579,655,-76
116000016,4934,1105,3829
116000017,1545,666,879
116000018,906,559,347
116000019,304,302,2
116000020,307,1443,-1136
116000021,263,265,-2
116000022,172,765,-593
116000023,449,552,-103
116000024,408,1519,-1111
116000025,495,403,92
116000026,829,1652,-823
116000027,246,301,-55
116000028,276,407,-131
116000029,678,458,220
116000030,425,276,149
116000031,88,129,-41
116000032,290,187,103
116000033,202,425,-223
116000034,430,897,-467
116000035,294,436,-142
116000036,1752,467,1285
116000037,711,574,137
116000038,664,303,361
116000039,550,184,366
116000040,616,141,475
116000041,240,537,-297
116000042,983,193,790
116000043,40,479,-439
116000044,29,202,-173
116000045,1056,522,534
116000046,415,622,-207
116000047,1352,1547,-195
116000048,1630,1314,316
116000049,806,1630,-824
116000050,1598,1395,203
116000051,2860,1662,1198
116000052,3052,3067,-15
116000053,1135,1039,96
116000054,684,1770,-1086
116000055,420,1222,-802
116000056,469,1067,-598
116000057,1972,1678,294
116000058,2770,1637,1133
116000059,1994,3598,-1604
116000060,1980,654,1326
116000061,554,632,-78
116000062,843,244,599
116000063,487,952,-465
116000066,260,524,-264
116000067,378,695,-317
116000068,202,465,-263
116000069,742,653,89
116000078,276,1047,-771
116000080,873,947,-74
116000082,1,115,-114
116000083,622,383,239
116000084,2166,3970,-1804
116000085,1144,944,200
116000086,3251,1766,1485
116000087,782,992,-210
116000088,643,1327,-684
116000089,88,135,-47
116000090,123,160,-37
116000091,95,91,4
116000093,358,1116,-758
116000094,257,546,-289
116000095,290,1068,-778
116000096,412,884,-472
116000097,321,1254,-933
116000098,325,2901,-2576
116000099,12330,534,11796
116000100,60,9,51
116000101,299,1912,-1613
116000102,162,1873,-1711
116000103,253,203,50
116000104,69,2231,-2162
116000105,495,178,317
116000106,212,1869,-1657
116000107,671,495,176
116000108,31,202,-171
116000111,88,24,64
116000113,33,56,-23
116000114,14,155,-141
116000115,96,68,28
116000116,183,516,-333
116000117,856,2231,-1375
116000118,809,1425,-616
116000119,1384,2087,-703
116000120,2150,4621,-2471
116000121,350,387,-37
116000122,1174,2709,-1535
116000123,298,509,-211
116000124,199,1157,-958
116000125,1066,446,620
116000126,186,1560,-1374
116000127,1011,1763,-752
116000128,850,710,140
116000129,546,206,340
116000130,344,265,79
116000133,246,1250,-1004
116000134,1082,3955,-2873
116000135,935,1270,-335
116000136,662,3256,-2594
116000137,431,579,-148
116000138,740,354,386
116000139,1271,2272,-1001
116000140,87,314,-227
116000141,315,942,-627
116000142,2273,1664,609
116000143,1872,1350,522
116000144,1419,4209,-2790
116000145,983,1570,-587
116000146,238,477,-239
116000147,338,174,164
116000148,217,352,-135
116000149,301,476,-175
116000151,251,588,-337
116000153,196,230,-34
116000155,490,783,-293
116000156,440,1555,-1115
116000157,37,33,4
116000158,264,258,6
116000159,32,12,20
116000160,15,123,-108
116000161,5,117,-112
116000162,53,53,0
116000163,7,7,0
116000164,1,16,-15
116000177,20,102,-82
116000194,947,407,540
116000195,1553,687,866
116000196,2,2,0
116000197,3,13,-10
116000198,2596,1374,1222
116000200,773,197,576
116000201,535,561,-26
116000202,4,357,-353
116000203,12,89,-77
116000204,4,74,-70
116000205,0,129,-129
116000206,1,79,-78
116000207,2,30,-28
116000233,96,816,-720
116000287,63,720,-657
116000288,88,321,-233
116000292,14,143,-129
116000296,11,297,-286
116000297,24,8,16
116000304,47,37,10
116000305,28,92,-64
116000346,133,140,-7
116000352,46,37,9
116000354,27,15,12
116000357,8,17,-9
116000358,98,23,75
116000361,678,2,676
116000372,11811,2328,9483
116000381,39,0,39
116000388,0,29,-29
116000389,395,599,-204
116000445,153,721,-568
116000446,250,1643,-1393
116000447,11,308,-297
116000448,502,421,81
116000563,818,651,167
116000565,140,431,-291
116000568,14,75,-61
116000579,20,164,-144
116000583,58,138,-80
116000584,21,15,6
116000585,8,15,-7
116000586,220,70,150
116000587,290,553,-263
116000589,37,77,-40
116000590,12,53,-41
116000591,66,336,-270
116000592,7,130,-123
116000593,0,102,-102
116000594,200,699,-499
116000595,360,163,197
116000596,28,1,27
116000597,92,28,64
116000598,5,242,-237
116000605,244,173,71
116000606,46,115,-69
116000607,4,54,-50
116000609,180,595,-415
116000611,67,527,-460
116000612,451,1554,-1103
116000613,230,386,-156
116000614,447,901,-454
116000615,0,130,-130
116000616,23,165,-142
116000617,52,112,-60
116000618,2,244,-242
116000619,15,33,-18
116000620,50,312,-262
116000621,15,89,-74
116000622,13,152,-139
116000624,25,95,-70
116000627,32,249,-217
116000628,53,1183,-1130
116000629,32,653,-621
116000630,88,51,37
116000631,30,67,-37
116000632,189,201,-12
116000633,91,611,-520
116000634,106,102,4
116000635,3670,2315,1355
116000636,2168,955,1213
116000637,139,21,118
116000638,57,740,-683
116000639,36,0,36
116000640,13,19,-6
116000641,145,242,-97
116000643,62,524,-462
116000644,33,1383,-1350
116000645,16,63,-47
116900001,118,162,-44
116900002,249,1,248
116900003,5,90,-85
116900004,10,14,-4
116900005,125,45,80
116900006,259,144,115
116900007,67,224,-157
116900008,107,540,-433
116900009,20,3,17
116900010,335,2674,-2339
116900011,8,47,-39
116900012,82,235,-153
116900013,7,178,-171
116900014,55,406,-351
116900015,129,118,11
116900016,93,0,93
116900017,2,988,-986
116900018,21,44,-23
116900019,7,505,-498
116900020,1870,270,1600
116900023,27,10,17
116900024,220,104,116
116900025,284,1357,-1073
116900026,179,941,-762
116900027,7,57,-50
116900028,6,150,-144
116900029,1,14,-13
116900031,3,13,-10
116900032,0,554,-554
116900033,1,7,-6
116900034,1,86,-85
116900035,76,319,-243
116900036,0,98,-98
116900038,4,2,2
116900041,8,7,1
116900042,1150,263,887
116900043,2,104,-102
116900047,160,47,113
116900049,27,392,-365
116900050,57,633,-576
116900051,39,347,-308
116900052,138,65,73
116900055,0,4,-4
116900057,20,453,-433
116900058,22,525,-503
116900059,0,196,-196
116900060,212,314,-102
116900062,0,9,-9
116900064,34,1606,-1572
116900065,8,190,-182
116900067,60,152,-92
116900068,111,296,-185
116900070,1,14,-13
116900072,13,613,-600
116900073,7,380,-373
116900074,2,49,-47
116900076,4,37,-33
116900077,5,297,-292
116900078,298,154,144
116900079,17,662,-645
116900080,3,14,-11
116900081,229,2124,-1895
116900082,89,677,-588
116900083,47,77,-30
116900084,161,55,106
116900085,24,174,-150
116900086,23,326,-303
116900088,398,73,325
116900090,89,67,22
116900091,76,123,-47
116900092,37,1193,-1156
116900093,1200,1685,-485
116900094,5470,1803,3667
116900095,248,356,-108
116900096,90,106,-16
116900097,5875,1662,4213
116900098,730,200,530
116900099,364,452,-88
116900100,375,17,358
116900101,224,716,-492
116900103,0,3,-3
116900104,24,81,-57
116900105,173,44,129
116900106,336,4,332
116900107,5179,986,4193
116900110,9,0,9
116900111,182,1435,-1253
116900112,89,1408,-1319
116900113,3937,788,3149
116900116,115,222,-107
116900117,18,84,-66
116900118,1136,471,665
116900120,95,181,-86
116900121,19,63,-44
116900122,282,1110,-828
116900123,55,1195,-1140
116900124,122,1457,-1335
116900125,120,390,-270
116900126,309,417,-108
116900128,0,38,-38
116900129,6,302,-296
116900130,1194,1479,-285
116900131,54,120,-66
116900132,27,67,-40
116900133,50,101,-51
116900134,96,160,-64
116900136,91,142,-51
116900137,196,211,-15
116900138,80,260,-180
116900139,60,416,-356
116900140,85,157,-72
116900141,345,223,122
116900142,3,28,-25
116900143,128,373,-245
116900144,3,40,-37
116900145,48,351,-303
116900147,669,248,421
116900148,0,13,-13
116900149,17,124,-107
116900150,11,3,8
116900151,47,19,28
116900153,46,50,-4
116900154,346,179,167
116900155,38,17,21
116900157,241,365,-124
116900158,104,110,-6
116900159,26,208,-182
116900160,441,143,298
116900161,11375,3117,8258
116900162,7,182,-175
116900163,59,185,-126
116900164,33,20,13
116900165,124,67,57
116900166,2,86,-84
116900167,208,83,125
116900168,131,52,79
116900169,719,180,539
116900170,133,199,-66
116900171,11,293,-282
116900172,230,66,164
116900173,39,60,-21
116900174,37,45,-8
116900175,160,80,80
116900178,13,263,-250
116900179,71,76,-5
116900180,55,46,9
116900182,216,169,47
116900183,62,96,-34
116900185,13,27,-14
116900186,58,385,-327
116900187,17,13,4
116900188,65,20,45
116900189,7,0,7
116900191,205,279,-74
116900192,106,231,-125
116900194,52,461,-409
116900195,28,7,21
116900196,12,151,-139
116900197,36,3,33
116900198,166,121,45
116900200,10,34,-24
116900201,46,6,40
116900202,73,72,1
116900203,38,1,37
116900204,26,83,-57
116900206,6,61,-55
116900207,13,40,-27
116900208,6,161,-155
116900209,11,169,-158
116900210,199,177,22
116900211,203,12,191
116900212,16,122,-106
116900213,104,288,-184
116900214,88,91,-3
116900215,42,111,-69
116900216,192,267,-75
116900218,7,315,-308
116900219,575,263,312
116900220,52,169,-117
116900221,31,192,-161
116900222,253,220,33
116900223,51,120,-69
116900226,14,116,-102
116900227,81,84,-3
116900228,148,305,-157
116900230,31,501,-470
116900231,25,694,-669
116900232,8,926,-918
116900233,148,114,34
116900234,2,9,-7
116900235,167,505,-338
116900238,1627,577,1050
116900239,108,581,-473
116900240,8394,2169,6225
116900241,14,164,-150
116900242,1900,250,1650
116900243,0,55,-55
116900245,19,5,14
116900246,53,95,-42
116900247,189,11,178
116900248,53,15,38
116900249,88,102,-14
116900250,124,46,78
116900251,495,206,289
116900252,23,1332,-1309
116900254,10,82,-72
116900255,43,34,9
116900256,137,138,-1
116900257,3,985,-982
116900258,3,379,-376
116900259,67,10,57
116900260,1,174,-173
116900261,27,0,27
116900262,44,158,-114
116900263,1,11,-10
116900264,27,33,-6
116900265,30,1,29
116900266,3,112,-109
116900267,0,7,-7
116900268,32,11,21
116900269,249,469,-220
116900271,1176,76,1100
116900272,551,725,-174
116900273,402,42,360
116900274,57,129,-72
116900275,47,156,-109
116900276,503,48,455
116900277,634,21,613
116900278,0,9,-9
116900279,1,28,-27
116900280,6,35,-29
116900281,8965,1950,7015
116900282,7,276,-269
116900283,28,317,-289
116900284,4,296,-292
116900285,458,273,185
116900286,178,9,169
116900287,3,120,-117
116900288,31,204,-173
116900289,5,36,-31
116900290,1,69,-68
116900291,7,20,-13
116900292,0,2,-2
116900293,11,106,-95
116900294,35,129,-94
116900295,276,30,246
116900296,80,46,34
116900297,3,63,-60
116900298,130,25,105
116900299,68,36,32
116900300,2,82,-80
116900301,40,113,-73
116900302,65,43,22
116900303,325,74,251
116900304,1,89,-88
116900305,28,45,-17
116900306,41,310,-269
116900307,18,2,16
116900308,1,355,-354
116900309,36,155,-119
116900310,5,76,-71
116900311,1,128,-127
117000001,1262,1198,64
117000002,1850,4662,-2812
117000003,7240,2240,5000
117000004,4674,7093,-2419
117000005,1437,1239,198
117000006,1314,6056,-4742
117000007,2054,1075,979
117000008,1450,6084,-4634
117000009,3277,1402,1875
117000010,2696,5859,-3163
117000011,1060,2006,-946
117000012,1127,2432,-1305
117000013,1253,1538,-285
117000014,918,3093,-2175
117000015,3659,1151,2508
117000016,785,61,724
117000017,714,186,528
117000018,294,287,7
117000019,214,13,201
117000020,737,919,-182
117000021,3511,613,2898
117000022,678,53,625
117000023,877,156,721
117000024,659,77,582
117000025,1530,458,1072
117000026,4994,749,4245
117000027,2257,1458,799
117000028,3502,799,2703
117000030,813,732,81
117000031,258,235,23
117000032,2287,1415,872
117000033,1490,1343,147
117000034,355,423,-68
117000035,273,302,-29
117000036,456,488,-32
117000037,300,227,73
117000038,387,709,-322
117000039,420,284,136
117000040,122,1382,-1260
117000041,300,113,187
117000044,50,1778,-1728
117000045,279,30,249
117000046,565,1171,-606
117000047,675,400,275
117000048,2560,2290,270
117000049,123,404,-281
117000050,109,3381,-3272
117000051,1371,161,1210
117000052,12,812,-800
117000053,130,96,34
117000054,984,5,979
117000055,117,4144,-4027
117000056,295,18,277
117000057,644,2698,-2054
117000060,339,1893,-1554
117000061,1426,934,492
117000062,157,596,-439
117000063,1580,688,892
117000064,1081,1299,-218
117000066,840,679,161
117000067,159,284,-125
117000074,118,164,-46
117000076,70,71,-1
117000077,110,97,13
117000078,162,808,-646
117000079,269,134,135
117000080,0,452,-452
117000081,708,98,610
117000082,51,85,-34
117000083,348,171,177
117000084,314,4,310
117000085,133,526,-393
117000086,1188,846,342
117000087,99,658,-559
117000088,311,226,85
117000089,985,270,715
117000090,217,2298,-2081
117000091,414,316,98
117000092,298,2258,-1960
117000093,593,704,-111
117000094,825,3336,-2511
117000095,1924,842,1082
117000096,504,3544,-3040
117000097,706,1268,-562
117000098,2832,7114,-4282
117000099,1757,872,885
117000100,91,145,-54
117000101,207,1730,-1523
117000102,1059,560,499
117000103,1019,2615,-1596
117000104,894,489,405
117000105,1009,2491,-1482
117000106,943,929,14
117000107,392,2309,-1917
117000108,1145,997,148
117000109,2138,3731,-1593
117000110,884,722,162
117000111,3500,5937,-2437
117000112,2113,2368,-255
117000113,67,439,-372
117000114,117,194,-77
117000115,41,226,-185
117000116,108,321,-213
117000117,1598,415,1183
117000118,298,146,152
117000119,691,65,626
117000120,508,161,347
117000121,98,872,-774
117000122,590,1081,-491
117000123,2244,28,2216
117000124,783,47,736
117000125,596,65,531
117000126,104,40,64
117000127,206,352,-146
117000128,543,624,-81
117000129,1055,439,616
117000130,94,1,93
117000131,1,364,-363
117000132,814,17,797
117000133,547,105,442
117000134,1,64,-63
117000135,49,62,-13
117000136,2,58,-56
117000137,63,53,10
117000138,0,583,-583
117000140,634,2331,-1697
117000141,1256,702,554
117000181,1384,466,918
117000182,201,123,78
117000195,174,1601,-1427
117000196,99,54,45
117000225,311,5,306
117000226,20,119,-99
117000276,102,4,98
117000277,7,844,-837
117000310,2345,3048,-703
117000315,34,1209,-1175
117000320,108,1,107
117000906,146,12,134
117000907,14,645,-631
117000909,41,27,14
117000910,119,132,-13
117000911,108,202,-94
117000915,14,970,-956
117000916,8,0,8
117000917,303,19,284
117000918,49,28,21
117000919,7,215,-208
117000920,4,2039,-2035
117000921,6,2870,-2864
117000922,91,185,-94
117000924,435,711,-276
117000926,1269,73,1196
117000927,1524,427,1097
117000928,0,581,-581
117000929,89,1208,-1119
117000930,147,15,132
117000931,502,117,385
117900002,262,416,-154
117900003,747,403,344
117900005,10,38,-28
117900006,0,29,-29
117900007,106,185,-79
117900008,0,106,-106
117900010,444,168,276
117900011,20,6,14
117900012,52,184,-132
117900013,3,534,-531
117900014,1276,360,916
117900015,41,220,-179
117900016,2222,334,1888
117900017,888,859,29
117900018,248,52,196
117900019,199,873,-674
117900020,60,219,-159
117900021,33,139,-106
117900023,584,263,321
117900024,59,144,-85
117900025,20,3,17
117900026,186,866,-680
117900028,59,5,54
117900029,128,2298,-2170
117900031,240,129,111
117900032,430,503,-73
117900033,126,1508,-1382
117900034,61,56,5
117900035,141,74,67
117900036,139,1082,-943
117900037,54,134,-80
117900038,26,534,-508
117900039,2,127,-125
117900040,85,837,-752
117900041,7,60,-53
117900042,6033,485,5548
117900043,35,97,-62
117900044,13,4880,-4867
117900045,107,92,15
117900048,138,355,-217
117900049,134,1313,-1179
117900050,12,68,-56
117900051,80,2,78
117900052,76,189,-113
117900053,701,862,-161
117900054,5,13,-8
117900055,127,265,-138
117900056,217,40,177
117900057,807,1547,-740
117900058,84,12,72
117900059,615,66,549
117900060,544,6720,-6176
117900061,15,230,-215
117900063,157,365,-208
117900065,665,1277,-612
117900066,2,39,-37
117900067,231,382,-151
117900069,524,590,-66
117900070,244,1,243
117900071,64,148,-84
117900073,216,663,-447
117900074,212,5,207
117900075,87,83,4
117900076,8,72,-64
117900077,120,112,8
117900078,149,362,-213
117900080,123,45,78
117900081,449,448,1
117900082,206,197,9
117900083,191,1016,-825
117900086,98,48,50
117900087,44,43,1
117900088,2572,2443,129
117900089,913,337,576
117900090,604,1451,-847
117900091,224,162,62
117900092,27,54,-27
117900093,21,77,-56
117900094,19,5,14
117900095,446,1784,-1338
117900096,16,288,-272
117900097,80,91,-11
117900098,8,4,4
117900099,183,670,-487
117900100,55,1,54
117900101,410,857,-447
117900102,23,64,-41
117900103,13,0,13
117900104,14,171,-157
117900105,114,369,-255
117900106,57,44,13
117900107,16,0,16
117900109,221,247,-26
117900110,14,0,14
117900111,189,9,180
117900112,29,10,19
117900113,6209,1900,4309
117900114,12,0,12
117900115,299,32,267
117900116,919,990,-71
117900117,235,366,-131
117900118,22,0,22
117900119,60,327,-267
117900120,56,241,-185
117900121,46,60,-14
117900122,1242,1434,-192
117900123,871,1142,-271
117900124,534,655,-121
117900125,1122,832,290
117900126,216,789,-573
117900127,290,767,-477
117900128,149,1450,-1301
117900129,18,0,18
117900130,646,477,169
117900131,2,124,-122
117900132,15,107,-92
117900133,3,135,-132
117900134,28,176,-148
117900135,36,305,-269
117900136,0,83,-83
117900137,14,373,-359
117900138,0,62,-62
117900139,40,192,-152
117900140,7575,50,7525
117900141,221,382,-161
117900142,386,6,380
117900144,117,75,42
117900145,65,7,58
117900146,261,76,185
117900147,70,71,-1
117900148,3527,877,2650
117900149,35,195,-160
117900150,9,101,-92
117900151,31,175,-144
117900152,127,90,37
117900153,27,88,-61
117900154,407,1013,-606
117900156,809,1025,-216
117900157,86,517,-431
117900158,103,65,38
117900160,292,227,65
117900161,2436,2937,-501
117900162,317,552,-235
117900163,202,23,179
117900165,0,8,-8
117900166,60,208,-148
117900168,50,154,-104
117900169,2,142,-140
117900170,1,54,-53
117900171,2,20,-18
117900172,21,34,-13
117900173,119,51,68
117900174,21,35,-14
117900175,3,42,-39
117900176,4,34,-30
117900177,13,85,-72
117900178,74,17,57
117900180,219,19,200
117900181,169,157,12
117900182,1,27,-26
117900183,22,117,-95
117900184,2,41,-39
117900185,11,21,-10
117900186,15,8,7
117900187,4,11,-7
117900188,135,21,114
117900189,53,12,41
117900190,2,3,-1
117900191,42,0,42
117900192,80,1,79
117900193,0,27,-27
117900194,3,15,-12
117900195,1,20,-19
117900196,4,18,-14
117900207,101,74,27
117900208,7,37,-30
117900209,130,195,-65
117900210,140,269,-129
117900211,2,204,-202
117900212,28,146,-118
117900213,9,11,-2
117900214,2,31,-29
117900215,26,123,-97
117900216,74,35,39
117900217,178,93,85
117900218,252,246,6
117900219,4,74,-70
117900220,138,48,90
117900222,140,279,-139
117900223,161,210,-49
118000001,656,516,140
118000002,2379,1982,397
118000003,2415,1372,1043
118000004,3123,1783,1340
118000005,4683,2355,2328
118000006,5630,6702,-1072
118000007,5835,1665,4170
118000008,4824,2218,2606
118000009,2519,2102,417
118000010,2163,3350,-1187
118000011,690,3210,-2520
118000012,894,3501,-2607
118000013,3406,3147,259
118000014,1746,4243,-2497
118000016,204,382,-178
118000017,110,307,-197
118000018,184,529,-345
118000019,1694,1147,547
118000020,963,1115,-152
118000021,625,1513,-888
118000022,1250,549,701
118000023,944,343,601
118000024,1121,684,437
118000027,15388,6427,8961
118000029,868,529,339
118000032,1362,2316,-954
118000033,1889,2121,-232
118000034,4393,1673,2720
118000035,1019,1406,-387
118000036,993,981,12
118000037,512,1045,-533
118000038,80,130,-50
118000039,64,535,-471
118000040,1134,2760,-1626
118000041,1507,1647,-140
118000045,873,548,325
118000046,2108,397,1711
118000047,1927,393,1534
118000048,3127,842,2285
118000051,1656,823,833
118000052,910,404,506
118000053,507,341,166
118000054,1827,1261,566
118000055,1314,1934,-620
118000056,191,278,-87
118000057,141,379,-238
118000058,3315,1068,2247
118000059,2453,596,1857
118000060,744,820,-76
118000061,541,1292,-751
118000062,318,246,72
118000063,317,403,-86
118000064,836,1123,-287
118000065,4149,1521,2628
118000066,957,889,68
118000067,1050,590,460
118000068,1755,3143,-1388
118000069,3477,972,2505
118000070,7109,1172,5937
118000071,3120,4607,-1487
118000072,1973,985,988
118000073,2851,301,2550
118000074,861,800,61
118000075,930,387,543
118000076,1373,1160,213
118000077,1043,1040,3
118000078,1602,1361,241
118000079,184,243,-59
118000080,1093,912,181
118000081,1707,826,881
118000082,281,652,-371
118000083,2330,1057,1273
118000084,2252,1280,972
118000086,190,376,-186
118000087,5795,2292,3503
118000088,1436,1646,-210
118000089,3644,2132,1512
118000090,2726,2300,426
118000091,1834,1706,128
118000092,1192,428,764
118000093,129,592,-463
118000096,395,462,-67
118000097,544,597,-53
118000098,237,194,43
118000099,215,849,-634
118000101,627,354,273
118000102,295,1268,-973
118000107,4972,406,4566
118000108,562,1335,-773
118000110,1,22,-21
118000111,4,1227,-1223
118000112,203,3,200
118000113,13,1690,-1677
118000114,205,7,198
118000115,14,8,6
118000116,55,1,54
118000117,1307,1111,196
118000118,820,611,209
118000119,514,971,-457
118000120,1414,1403,11
118000121,150,612,-462
118000122,1265,295,970
118000123,48,370,-322
118000125,2319,1222,1097
118000126,710,1057,-347
118000127,1927,646,1281
118000128,745,1165,-420
118000129,1321,325,996
118000130,2444,3945,-1501
118000131,998,1158,-160
118000132,1409,1117,292
118000133,787,486,301
118000135,364,287,77
118000136,111,655,-544
118000137,818,104,714
118000138,253,1012,-759
118000139,166,163,3
118000140,1663,2849,-1186
118000141,1114,1946,-832
118000142,831,1902,-1071
118000143,1040,1062,-22
118000144,1396,997,399
118000145,1225,2660,-1435
118000146,680,1236,-556
118000147,482,1997,-1515
118000148,432,2042,-1610
118000149,513,1557,-1044
118000150,192,402,-210
118000151,207,444,-237
118000153,554,1269,-715
118000154,943,2366,-1423
118000155,584,1330,-746
118000156,2463,2176,287
118000157,344,410,-66
118000158,84,425,-341
118000159,19,74,-55
118000160,224,403,-179
118000161,242,686,-444
118000162,689,1133,-444
118000163,333,704,-371
118000164,2513,1515,998
118000168,1188,187,1001
118000169,873,1642,-769
118000170,3023,6977,-3954
118000171,122,725,-603
118000172,96,332,-236
118000173,722,1402,-680
118000175,179,346,-167
118000176,180,298,-118
118000177,138,459,-321
118000178,224,32,192
118000179,1396,624,772
118000180,571,789,-218
118000181,613,255,358
118000182,228,277,-49
118000183,158,275,-117
118000184,421,1119,-698
118000185,733,589,144
118000186,432,500,-68
118000187,648,755,-107
118000188,324,231,93
118000189,258,807,-549
118000190,4,22,-18
118000191,10,42,-32
118000192,84,94,-10
118000193,40,201,-161
118000194,2414,994,1420
118000195,1070,522,548
118000196,495,98,397
118000197,929,156,773
118000198,979,408,571
118000199,1962,411,1551
118000200,46,224,-178
118000201,503,346,157
118000202,18,37,-19
118000203,1404,222,1182
118000204,158,158,0
118000205,264,261,3
118000206,162,167,-5
118000207,0,141,-141
118000208,728,1464,-736
118000209,1198,3216,-2018
118000210,17,28,-11
118000211,10,26,-16
118000213,700,808,-108
118000214,529,382,147
118000215,142,417,-275
118000216,1101,3311,-2210
118000217,22,120,-98
118000218,29,105,-76
118000219,248,374,-126
118000220,1,16,-15
118000221,30,204,-174
118000222,44,23,21
118000223,20,23,-3
118000224,296,63,233
118000225,77,1414,-1337
118000226,808,123,685
118000227,854,251,603
118000228,100,106,-6
118000229,166,24,142
118000230,57,302,-245
118000231,28,241,-213
118000232,452,1045,-593
118000233,478,807,-329
118000234,127,288,-161
118000236,196,488,-292
118000237,28,482,-454
118000238,79,498,-419
118000239,191,282,-91
118000240,568,72,496
118000241,41,422,-381
118000242,140,584,-444
118000243,109,217,-108
118000244,28,246,-218
118000246,3,3,0
118000255,104,225,-121
118000256,106,252,-146
118000259,2,28,-26
118000260,65,127,-62
118000261,27,78,-51
118000263,40,215,-175
118000266,54,470,-416
118000267,0,76,-76
118000268,362,4,358
118000270,28,24,4
118000271,160,292,-132
118000272,34,12,22
118000273,44,76,-32
118000274,75,286,-211
118000276,164,290,-126
118000295,2,51,-49
118000298,90,443,-353
118000299,80,181,-101
118000301,0,83,-83
118000302,45,108,-63
118000311,122,102,20
118000312,164,185,-21
118000313,17,187,-170
118000314,41,113,-72
118000315,9,85,-76
118000316,340,629,-289
118000325,15,66,-51
118000326,6,31,-25
118000331,18,46,-28
118000332,23,44,-21
118000333,14,51,-37
118000335,100,2,98
118000336,3,407,-404
118000407,50,67,-17
118000457,4,36,-32
118000465,3288,2519,769
118000480,21,143,-122
118000489,32,114,-82
118000490,44,486,-442
118000492,130,243,-113
118000510,37,9,28
118000514,158,421,-263
118000515,526,443,83
118000517,424,221,203
118000524,740,158,582
118000525,604,786,-182
118000530,28,110,-82
118000531,157,351,-194
118000532,163,288,-125
118000533,387,159,228
118000534,526,383,143
118000535,181,136,45
118000536,848,687,161
118000537,142,161,-19
118000538,138,132,6
118000539,38,150,-112
118000540,200,258,-58
118000541,196,149,47
118000542,38,142,-104
118000543,186,293,-107
118000546,84,83,1
118000553,0,1,-1
118000560,2960,758,2202
118000562,17,627,-610
118000563,2010,1262,748
118000576,154,279,-125
118000577,210,147,63
118000578,138,161,-23
118000579,1088,948,140
118000583,0,0,0
118000595,101,92,9
118000596,0,79,-79
118000597,113,168,-55
118000598,1,0,1
118000599,49,58,-9
118000600,1,25,-24
118000601,0,0,0
118000602,0,17,-17
118000603,1,107,-106
118000605,24,909,-885
118000606,21,61,-40
118000607,62,375,-313
118900001,1338,769,569
118900002,970,609,361
118900003,57,22,35
118900004,32,104,-72
118900005,43,1,42
118900006,37,0,37
118900007,6,0,6
118900008,1102,38,1064
118900009,15,7,8
118900010,19,4,15
118900011,110,14,96
118900012,224,214,10
118900013,763,18,745
118900015,101,29,72
118900016,2,19,-17
118900017,185,191,-6
118900018,1190,10,1180
118900019,27,7,20
118900020,101,100,1
118900021,106,357,-251
118900022,84,102,-18
118900023,73,112,-39
118900024,33,203,-170
118900025,41,26,15
118900026,38,94,-56
118900027,497,274,223
118900028,49,154,-105
118900029,77,526,-449
118900030,104,58,46
118900031,84,184,-100
118900032,83,220,-137
118900033,265,839,-574
118900034,72,8,64
118900035,72,344,-272
118900036,573,705,-132
118900037,250,300,-50
118900038,275,374,-99
118900039,235,270,-35
118900040,114,153,-39
118900041,233,320,-87
118900042,143,128,15
118900045,188,200,-12
118900046,558,174,384
118900047,829,279,550
118900048,248,183,65
118900049,33,40,-7
118900050,4,89,-85
118900051,99,63,36
118900052,176,220,-44
118900053,14,47,-33
118900054,74,110,-36
118900055,7,101,-94
118900056,108,174,-66
118900057,365,276,89
118900058,250,403,-153
118900059,10,81,-71
118900062,38,187,-149
118900064,754,339,415
118900065,16,104,-88
118900066,45,134,-89
118900067,5811,2040,3771
118900068,2,313,-311
118900069,247,327,-80
118900071,3,44,-41
118900072,253,441,-188
118900073,85,104,-19
118900074,51,169,-118
118900075,25,62,-37
118900076,136,80,56
118900077,82,195,-113
118900078,26,4,22
118900079,43,194,-151
118900080,13,79,-66
118900081,38,20,18
118900082,326,173,153
118900083,8,5,3
118900084,8,22,-14
118900085,399,975,-576
118900086,21,41,-20
118900087,132,197,-65
118900088,0,6,-6
118900089,36,3,33
118900090,298,518,-220
118900091,106,85,21
118900092,46,45,1
118900093,67,16,51
118900096,66,69,-3
118900097,141,914,-773
118900099,32,345,-313
118900100,120,217,-97
118900101,27,513,-486
118900102,15,75,-60
118900103,17,45,-28
118900104,55,151,-96
118900105,100,66,34
118900107,101,87,14
118900108,46,59,-13
118900110,1027,329,698
118900111,223,679,-456
118900112,48,115,-67
118900113,100,704,-604
118900114,9,76,-67
118900115,33,367,-334
118900116,63,117,-54
118900117,40,172,-132
118900118,169,579,-410
118900119,70,454,-384
118900120,73,438,-365
118900121,5,400,-395
118900122,3,528,-525
118900123,74,227,-153
118900124,32,175,-143
118900126,17,241,-224
118900129,302,166,136
118900130,51,101,-50
118900131,50,317,-267
118900132,225,161,64
118900133,18,63,-45
118900135,97,204,-107
118900136,120,905,-785
118900137,5,6,-1
118900139,106,871,-765
118900140,274,971,-697
118900141,36,340,-304
118900144,89,679,-590
118900145,22,206,-184
118900146,165,946,-781
118900147,116,90,26
118900148,43,75,-32
118900150,660,464,196
118900152,255,887,-632
118900157,106,162,-56
118900158,14,130,-116
118900159,4,279,-275
118900161,115,2,113
118900163,321,48,273
118900164,4,148,-144
118900165,19,223,-204
118900166,24,0,24
118900167,40,157,-117
118900168,151,51,100
118900169,37,410,-373
118900170,33,100,-67
118900171,7,13,-6
118900174,33,62,-29
118900175,182,354,-172
118900176,50,152,-102
118900177,13,41,-28
118900178,14,113,-99
118900179,18,34,-16
118900182,61,37,24
118900183,5,72,-67
118900184,127,60,67
118900185,86,204,-118
118900186,68,92,-24
118900187,162,346,-184
118900188,113,322,-209
118900189,20,429,-409
118900190,7,848,-841
118900191,110,43,67
118900192,71,28,43
118900193,171,6,165
118900195,284,1139,-855
118900196,27,193,-166
118900197,53,141,-88
118900198,3,39,-36
118900199,10,44,-34
118900200,2,4,-2
118900201,8,2,6
118900202,2,36,-34
118900203,7,33,-26
118900204,4,14,-10
118900205,8,20,-12
118900206,0,14,-14
119000001,881,1298,-417
119000002,1631,2857,-1226
119000003,927,1821,-894
119000004,1175,1513,-338
119000005,1432,1861,-429
119000006,1321,1551,-230
119000007,2191,2805,-614
119000008,1329,1980,-651
119000009,2846,2193,653
119000010,8029,3101,4928
119000011,4624,1726,2898
119000012,3209,2334,875
119000013,1384,939,445
119000014,1681,2909,-1228
119000019,98,169,-71
119000020,672,1211,-539
119000021,1999,1817,182
119000022,3413,1512,1901
119000023,252,192,60
119000024,2092,5150,-3058
119000025,13358,1062,12296
119000026,173,235,-62
119000027,300,284,16
119000028,1822,1146,676
119000029,89,239,-150
119000030,343,1212,-869
119000031,523,601,-78
119000032,1708,1960,-252
119000033,1397,1801,-404
119000034,602,970,-368
119000035,22,330,-308
119000036,625,1323,-698
119000037,620,2433,-1813
119000038,65,1459,-1394
119000039,130,336,-206
119000040,1238,412,826
119000041,1102,1160,-58
119000048,2730,4291,-1561
119000049,1015,4623,-3608
119000050,1434,2878,-1444
119000051,1523,965,558
119000052,2657,3373,-716
119000053,1219,990,229
119000054,1898,5046,-3148
119000055,2131,3841,-1710
119000056,1216,2157,-941
119000057,877,3185,-2308
119000058,1420,2696,-1276
119000059,807,1947,-1140
119000060,746,783,-37
119000061,655,918,-263
119000062,668,1194,-526
119000063,245,314,-69
119000064,1685,1799,-114
119000065,1711,2829,-1118
119000066,971,833,138
119000067,1658,3020,-1362
119000068,741,1051,-310
119000069,1150,3312,-2162
119000070,1281,1216,65
119000071,739,1012,-273
119000072,7684,4164,3520
119000073,4076,4704,-628
119000074,627,5225,-4598
119000075,665,2901,-2236
119000076,391,829,-438
119000077,354,333,21
119000078,259,788,-529
119000079,144,1012,-868
119000080,168,237,-69
119000081,113,390,-277
119000082,282,300,-18
119000083,279,416,-137
119000084,261,758,-497
119000085,705,484,221
119000086,209,379,-170
119000087,1722,1206,516
119000088,222,255,-33
119000089,80,162,-82
119000090,128,261,-133
119000091,222,274,-52
119000092,730,445,285
119000093,4359,4210,149
119000094,1406,5583,-4177
119000095,806,3767,-2961
119000097,2651,1840,811
119000098,453,1399,-946
119000099,2109,2141,-32
119000100,1781,1999,-218
119000101,1487,1805,-318
119000102,436,501,-65
119000103,760,353,407
119000104,3750,1484,2266
119000105,530,1032,-502
119000106,180,2400,-2220
119000107,336,512,-176
119000108,176,1913,-1737
119000109,48,225,-177
119000110,262,257,5
119000111,22,362,-340
119000112,90,57,33
119000113,1490,160,1330
119000114,594,474,120
119000115,131,161,-30
119000116,93,43,50
119000117,70,298,-228
119000118,1,2,-1
119000123,3026,579,2447
119000124,227,317,-90
119000125,1376,1352,24
119000126,443,1369,-926
119000127,263,1321,-1058
119000128,15,4,11
119000131,435,1547,-1112
119000132,1,8,-7
119000133,1,11,-10
119000134,3590,584,3006
119000135,52,239,-187
119000136,86,291,-205
119000137,79,721,-642
119000138,111,527,-416
119000139,143,282,-139
119000140,85,220,-135
119000284,1164,2636,-1472
119000285,2259,2081,178
119000286,6011,4656,1355
119000287,1090,2172,-1082
119000288,1629,1905,-276
119000289,2138,4136,-1998
119000290,114,580,-466
119000291,6,371,-365
119000293,67,270,-203
119000294,35,30,5
119000295,2908,640,2268
119000296,138,123,15
119000302,4530,1091,3439
119000303,21,285,-264
119000314,1057,4249,-3192
119000315,3,759,-756
119000316,42,157,-115
119000317,21,728,-707
119000319,238,755,-517
119900001,85,602,-517
119900002,52,259,-207
119900003,74,1228,-1154
119900004,389,311,78
119900005,52,196,-144
119900006,97,283,-186
119900007,555,58,497
119900008,42,28,14
119900009,224,407,-183
119900010,486,996,-510
119900011,11,40,-29
119900012,14,31,-17
119900013,1174,530,644
119900014,332,193,139
119900015,26,7,19
119900016,35,103,-68
119900017,12,34,-22
119900018,1452,246,1206
119900019,9,2,7
119900020,43,123,-80
119900021,54,73,-19
119900022,155,167,-12
119900023,996,530,466
119900025,48,22,26
119900026,980,50,930
119900027,9,20,-11
119900028,167,31,136
119900029,1,3,-2
119900030,333,473,-140
119900031,29,144,-115
119900033,1307,115,1192
119900034,130,158,-28
119900037,73,45,28
119900038,7,98,-91
119900039,19,3,16
119900040,34,6,28
119900041,33,66,-33
119900042,27,167,-140
119900043,34,201,-167
119900044,94,242,-148
119900046,32,51,-19
119900047,124,26,98
119900049,36,4,32
119900050,26,37,-11
119900051,364,7,357
119900052,14,36,-22
119900053,69,280,-211
119900054,51,3,48
119900055,390,236,154
119900057,39,65,-26
119900058,72,0,72
119900059,64,39,25
119900060,80,4,76
119900061,90,2,88
119900062,19,8,11
119900063,6,29,-23
119900065,134,9,125
119900067,30,21,9
119900068,185,2,183
119900069,36,11,25
119900070,317,3,314
119900071,175,13,162
119900073,1726,379,1347
119900074,17,17,0
119900075,6662,1480,5182
119900076,22,83,-61
119900077,246,1577,-1331
119900078,189,820,-631
119900079,60,422,-362
119900080,218,295,-77
119900081,164,6,158
119900082,387,44,343
119900083,266,67,199
119900084,619,227,392
119900085,152,36,116
119900086,164,1380,-1216
119900087,255,194,61
119900088,34,40,-6
119900089,8,737,-729
119900090,119,38,81
119900091,35,1725,-1690
119900092,8,439,-431
119900093,523,123,400
119900094,23,247,-224
119900095,93,44,49
119900096,41,60,-19
119900097,477,151,326
119900098,14,64,-50
119900099,10,278,-268
119900100,3310,1339,1971
119900101,152,623,-471
119900102,11,290,-279
119900103,16,472,-456
119900104,12,189,-177
119900105,288,941,-653
119900106,16,279,-263
119900107,304,4866,-4562
119900108,1839,727,1112
119900109,18,352,-334
119900110,259,915,-656
119900111,50,668,-618
119900112,3886,378,3508
119900113,65,420,-355
119900114,149,2468,-2319
119900115,79,1713,-1634
119900116,109,289,-180
119900117,137,1226,-1089
119900118,22,1564,-1542
119900119,135,320,-185
119900120,435,757,-322
119900121,123,2009,-1886
119900122,251,281,-30
119900123,143,258,-115
119900124,100,1315,-1215
119900125,36,389,-353
119900126,5766,173,5593
119900127,2987,865,2122
119900128,204,1066,-862
119900129,123,1276,-1153
119900130,45,279,-234
119900131,26,386,-360
119900132,4,673,-669
119900133,11,35,-24
119900134,2738,217,2521
119900135,3,682,-679
119900136,122,540,-418
119900138,292,566,-274
119900139,12,55,-43
119900140,2,190,-188
119900141,134,338,-204
119900142,0,11,-11
119900143,10,186,-176
119900144,1928,191,1737
119900145,46,240,-194
119900146,122,115,7
119900147,10,104,-94
119900148,61,36,25
119900149,1707,1645,62
119900150,116,168,-52
119900151,1239,616,623
119900152,57,445,-388
119900153,37,44,-7
119900154,17,1480,-1463
119900155,11,37,-26
119900156,6,2,4
119900157,24,331,-307
119900158,24,45,-21
119900159,4,2255,-2251
119900160,10,307,-297
119900161,174,338,-164
119900162,509,561,-52
119900163,96,73,23
119900164,0,1,-1
119900165,37,409,-372
119900166,27,18,9
119900167,127,124,3
119900168,341,400,-59
119900169,152,175,-23
119900170,98,105,-7
119900171,449,585,-136
119900172,67,14,53
119900173,3,665,-662
119900174,5,284,-279
119900175,545,704,-159
119900177,18,276,-258
119900178,1,285,-284
119900179,52,174,-122
119900180,658,517,141
119900181,13,42,-29
119900182,2,613,-611
119900183,87,1127,-1040
119900184,3485,521,2964
119900185,9,73,-64
119900186,57,267,-210
119900187,7,753,-746
119900188,25,283,-258
119900189,253,167,86
119900190,31,90,-59
119900191,196,133,63
119900192,8,228,-220
119900193,134,233,-99
119900194,6,29,-23
119900195,11,191,-180
119900196,1860,468,1392
119900197,60,107,-47
119900198,54,568,-514
119900199,67,11,56
119900200,224,519,-295
119900201,363,106,257
119900202,200,97,103
119900203,78,248,-170
119900204,89,263,-174
119900205,216,766,-550
119900206,31,128,-97
119900208,107,109,-2
119900209,219,617,-398
119900210,11,46,-35
119900211,55,9,46
119900212,169,1053,-884
119900213,3,37,-34
119900214,7,75,-68
119900215,18,97,-79
119900216,8,93,-85
119900217,5,57,-52
119900218,8,64,-56
119900219,6,162,-156
119900220,1,128,-127
119900221,13,428,-415
119900222,12,311,-299
119900223,12,108,-96
119900224,10,31,-21
119900225,1046,24,1022
119900226,815,854,-39
119900227,1093,323,770
119900228,7,243,-236
119900229,204,299,-95
119900230,1327,624,703
119900231,62,253,-191
119900232,102,54,48
119900233,15,0,15
119900234,9,14,-5
119900235,11,21,-10
119900236,17,232,-215
119900237,14,741,-727
119900238,2,75,-73
119900240,44,116,-72
119900241,117,201,-84
119900242,2108,1181,927
119900244,743,773,-30
119900245,62,126,-64
119900246,165,283,-118
119900247,12,28,-16
119900248,30,64,-34
119900249,100,26,74
119900253,4854,282,4572
119900254,35,208,-173
119900255,32,462,-430
119900256,136,1568,-1432
119900257,17,3,14
119900258,16,1,15
119900259,5,322,-317
119900260,16,1,15
119900261,124,214,-90
119900262,0,368,-368
119900263,857,342,515
119900264,28,321,-293
119900265,103,330,-227
119900266,99,373,-274
119900267,128,347,-219
119900268,114,246,-132
119900269,239,1380,-1141
119900271,7,91,-84
119900272,76,39,37
119900275,69,25,44
119900276,15,0,15
119900277,7,0,7
119900278,236,36,200
119900279,72,107,-35
119900280,1192,208,984
119900281,0,67,-67
119900282,22,23,-1
119900283,5,418,-413
119900284,35,103,-68
119900285,19,61,-42
119900286,7,12,-5
119900288,1,49,-48
119900289,0,40,-40
119900290,4,43,-39
119900291,0,25,-25
119900292,4,19,-15
119900293,5,66,-61
119900294,3,66,-63
119900295,8,48,-40
119900296,4,258,-254
119900297,0,6,-6
119900298,1,0,1
119900299,13,387,-374
119900300,93,304,-211
119900301,44,21,23
119900302,24,41,-17
119900303,89,278,-189
119900304,52,22,30
119900305,22,102,-80
119900306,14,5,9
119900307,10,195,-185
119900308,1,9,-8
119900309,6,35,-29
119900310,140,303,-163
119900311,23,212,-189
119900312,42,114,-72
119900313,111,480,-369
119900314,52,222,-170
119900315,423,3313,-2890
119900318,7,13,-6
119900319,0,416,-416
119900320,35,810,-775
119900321,11,0,11
120000001,8566,9215,-649
120000002,1622,3111,-1489
120000003,2891,1910,981
120000004,2485,2442,43
120000005,4235,2042,2193
120000006,966,1188,-222
120000007,3407,2327,1080
120000008,915,1448,-533
120000009,6048,789,5259
120000010,1566,3506,-1940
120000011,1237,2480,-1243
120000012,1079,3200,-2121
120000013,2007,3272,-1265
120000014,511,1840,-1329
120000015,2375,1523,852
120000016,2308,3080,-772
120000017,1828,2226,-398
120000018,5469,6980,-1511
120000019,621,1383,-762
120000020,2964,2642,322
120000021,1901,1877,24
120000022,2293,3049,-756
120000023,669,1618,-949
120000024,994,2068,-1074
120000025,1645,2332,-687
120000026,636,1961,-1325
120000027,985,1610,-625
120000028,575,421,154
120000029,1777,445,1332
120000030,76,599,-523
120000031,1439,4415,-2976
120000032,11938,3370,8568
120000033,2781,2129,652
120000034,1099,2925,-1826
120000035,1360,3167,-1807
120000036,2433,4423,-1990
120000037,510,976,-466
120000038,13122,3238,9884
120000039,319,1323,-1004
120000040,38,126,-88
120000041,353,2137,-1784
120000042,1126,5256,-4130
120000043,3110,3240,-130
120000044,2812,1229,1583
120000045,2568,993,1575
120000046,1234,1567,-333
120000047,2315,2473,-158
120000048,9422,3836,5586
120000049,3220,3417,-197
120000050,2793,5801,-3008
120000051,3719,4260,-541
120000052,19019,2844,16175
120000053,1005,6075,-5070
120000054,1319,9068,-7749
120000055,1246,6798,-5552
120000056,2073,5589,-3516
120000057,1136,918,218
120000058,413,241,172
120000059,31,711,-680
120000061,83,743,-660
120000062,159,247,-88
120000063,1817,3553,-1736
120000064,175,2144,-1969
120000065,382,2351,-1969
120000066,105,344,-239
120000067,28,781,-753
120000068,118,1583,-1465
120000069,525,2140,-1615
120000070,25,1341,-1316
120000071,148,256,-108
120000072,237,667,-430
120000073,269,99,170
120000074,74,63,11
120000075,153,236,-83
120000076,652,455,197
120000077,677,502,175
120000078,2128,747,1381
120000079,177,960,-783
120000080,170,298,-128
120000081,171,210,-39
120000082,125,234,-109
120000083,93,335,-242
120000084,428,719,-291
120000085,273,604,-331
120000086,291,1000,-709
120000087,196,1974,-1778
120000088,514,1688,-1174
120000089,742,769,-27
120000090,338,560,-222
120000091,546,1043,-497
120000092,803,622,181
120000093,213,552,-339
120000094,86,470,-384
120000095,697,957,-260
120000096,141,1623,-1482
120000098,564,1364,-800
120000099,216,883,-667
120000100,536,1088,-552
120000101,288,509,-221
120000102,368,491,-123
120000103,653,441,212
120000104,994,277,717
120000105,1334,348,986
120000106,944,361,583
120000107,1380,419,961
120000108,434,95,339
120000109,570,69,501
120000110,123,1330,-1207
120000111,99,1828,-1729
120000112,735,5732,-4997
120000113,569,4651,-4082
120000114,762,4787,-4025
120000115,317,3571,-3254
120000116,564,2815,-2251
120000117,1978,2366,-388
120000118,35,22,13
120000119,74,73,1
120000120,39,32,7
120000121,56,123,-67
120000122,277,280,-3
120000123,7824,2900,4924
120000124,283,597,-314
120000125,275,665,-390
120000126,205,943,-738
120000127,1634,898,736
120000128,3648,2332,1316
120000129,234,333,-99
120000130,552,962,-410
120000131,207,543,-336
120000134,345,1895,-1550
120000135,118,317,-199
120000137,108,3220,-3112
120000138,226,537,-311
120000139,116,1652,-1536
120000140,215,704,-489
120000141,116,782,-666
120000142,147,755,-608
120000143,1,137,-136
120000144,31,1,30
120000145,154,3,151
120000146,2967,746,2221
120000149,489,1190,-701
120000150,5979,6889,-910
120000151,372,788,-416
120000152,277,483,-206
120000153,71,1201,-1130
120000154,337,423,-86
120000155,58,214,-156
120000156,3442,531,2911
120000157,875,892,-17
120000158,642,1432,-790
120000159,1324,2150,-826
120000160,1483,1293,190
120000161,832,2935,-2103
120000162,121,273,-152
120000163,299,2332,-2033
120000164,238,673,-435
120000165,239,1498,-1259
120000166,506,854,-348
120000167,12,27,-15
120000168,4,75,-71
120000169,138,260,-122
120000170,166,158,8
120000171,26,29,-3
120000172,12,21,-9
120000173,2435,183,2252
120000174,632,12,620
120000175,693,11,682
120000176,358,51,307
120000177,906,317,589
120000178,33,13,20
120000179,402,29,373
120000180,304,61,243
120000181,85,146,-61
120000182,84,70,14
120000183,7,92,-85
120000184,55,784,-729
120000186,68,65,3
120000187,79,31,48
120000188,226,45,181
120000190,1191,13,1178
120000191,1900,25,1875
120000192,1803,13,1790
120000193,469,3,466
120000195,53,2,51
120000196,168,46,122
120000197,81,137,-56
120000198,66,246,-180
120000199,28,1,27
120000200,42,0,42
120000201,23,5,18
120000202,2,76,-74
120000203,25,420,-395
120000207,0,98,-98
120000208,4,382,-378
120000209,7,133,-126
120000210,196,89,107
120000211,25,1,24
120000212,58,0,58
120000213,57,498,-441
120000214,4,615,-611
120000215,0,237,-237
120000216,22,5,17
120000217,756,1509,-753
120000218,277,1669,-1392
120000219,10,1001,-991
120000220,11,3629,-3618
120000225,435,1,434
120000226,117,4,113
120000227,314,14,300
120000228,7902,1773,6129
120000230,138,17,121
120000231,497,2932,-2435
120000233,115,29,86
120000235,104,1133,-1029
120000236,370,2,368
120000237,5,2718,-2713
120000238,11,84,-73
120000241,833,3522,-2689
120000412,1133,9,1124
120000413,114,449,-335
120000414,48,2,46
120000415,0,240,-240
120000416,14,3,11
120000417,0,99,-99
120000418,37,21,16
120000419,7,697,-690
120000420,70,27,43
120000421,16276,5402,10874
120000422,316,445,-129
120000423,1,38,-37
120000424,29,222,-193
120000436,94,378,-284
120000437,184,236,-52
120000438,6540,409,6131
120000439,90,247,-157
120000443,64,1,63
120000444,695,996,-301
120000445,1462,1637,-175
120000446,1441,399,1042
120000447,70,13,57
120000449,17,23,-6
120000450,3,466,-463
120000451,102,330,-228
120000452,23,1,22
120000453,0,401,-401
120000454,95,23,72
120000455,124,92,32
120000456,3489,2221,1268
120000457,1308,1163,145
120000458,644,976,-332
120000459,41,100,-59
120000665,958,109,849
120000668,81,162,-81
120000669,81,599,-518
120000670,169,389,-220
120000671,663,302,361
120000672,95,559,-464
120900001,33,32,1
120900002,177,172,5
120900003,187,37,150
120900004,4,36,-32
120900005,7,3477,-3470
120900006,124,183,-59
120900007,61,196,-135
120900008,99,1463,-1364
120900009,474,104,370
120900010,243,56,187
120900011,417,105,312
120900012,1609,631,978
120900013,139,29,110
120900014,3,996,-993
120900015,243,86,157
120900016,308,63,245
120900017,3906,96,3810
120900018,34,558,-524
120900019,417,107,310
120900020,899,539,360
120900021,371,52,319
120900022,24,480,-456
120900023,96,37,59
120900024,960,296,664
120900025,2006,873,1133
120900026,81,176,-95
120900027,426,106,320
120900028,142,29,113
120900029,106,198,-92
120900030,667,382,285
120900031,90,45,45
120900032,393,222,171
120900033,499,19,480
120900034,29,1464,-1435
120900035,18,45,-27
120900037,85,4,81
120900038,30,114,-84
120900039,37,12,25
120900040,115,2,113
120900041,131,44,87
120900042,151,96,55
120900043,9,14,-5
120900044,8,498,-490
120900045,110,151,-41
120900046,222,1,221
120900047,73,29,44
120900048,44,15,29
120900049,112,2,110
120900050,4972,998,3974
120900051,182,103,79
120900052,166,8,158
120900053,77,78,-1
120900054,1393,927,466
120900055,119,0,119
120900056,195,14,181
120900057,66,19,47
120900058,183,1,182
120900059,21,2,19
120900060,12,38,-26
120900061,166,385,-219
120900062,67,2,65
120900063,222,5,217
120900064,202,0,202
120900065,167,0,167
120900066,51,292,-241
120900067,139,16,123
120900068,119,0,119
120900069,95,62,33
120900071,6,0,6
120900072,306,1,305
120900073,151,124,27
120900074,126,0,126
120900076,88,1,87
120900077,4011,189,3822
120900078,248,1518,-1270
120900079,174,119,55
120900080,264,3652,-3388
120900081,420,273,147
120900082,649,222,427
120900083,31,2,29
120900084,95,192,-97
120900085,133,109,24
120900086,162,163,-1
120900087,174,103,71
120900088,125,214,-89
120900089,6182,1335,4847
120900090,50,256,-206
120900091,387,258,129
120900092,1090,845,245
120900093,5718,274,5444
120900094,439,329,110
120900095,135,13,122
120900096,25,96,-71
120900097,446,1367,-921
120900098,266,169,97
120900099,48,56,-8
120900100,40,587,-547
120900101,621,379,242
120900102,8,94,-86
120900103,32,189,-157
120900104,20,45,-25
120900105,35,1074,-1039
120900106,1463,701,762
120900107,312,127,185
120900108,4,1503,-1499
120900109,44,911,-867
120900110,3,603,-600
120900111,111,521,-410
120900112,6,2267,-2261
120900113,16,1240,-1224
120900114,21,191,-170
120900115,152,164,-12
120900116,114,1063,-949
120900117,1,802,-801
120900118,1,1193,-1192
120900119,3035,3431,-396
120900120,43,976,-933
120900121,40,498,-458
120900122,94,1171,-1077
120900123,2,821,-819
120900124,1,1090,-1089
120900125,5,1791,-1786
120900126,1360,1038,322
120900127,2,863,-861
120900128,922,1445,-523
120900129,24,442,-418
120900130,0,203,-203
120900131,25,63,-38
120900132,455,536,-81
120900133,185,1693,-1508
120900134,594,586,8
120900135,5,874,-869
120900136,10,21,-11
120900137,57,154,-97
120900138,11,258,-247
120900139,4,1212,-1208
120900140,0,70,-70
120900141,34,92,-58
120900142,36,1376,-1340
120900143,6,1459,-1453
120900144,0,275,-275
120900145,44,1246,-1202
120900146,5,1651,-1646
120900147,7,362,-355
120900148,52,157,-105
120900149,0,679,-679
120900150,13,908,-895
120900151,19,1090,-1071
120900152,62,27,35
120900153,2,122,-120
120900154,2,570,-568
120900155,58,1862,-1804
120900156,64,425,-361
120900157,16,354,-338
120900158,14,780,-766
120900159,44,530,-486
120900160,24,463,-439
120900161,10,610,-600
120900162,15,724,-709
120900163,5,113,-108
120900164,0,0,0
120900165,0,5,-5
120900166,39,118,-79
120900167,218,71,147
120900169,29,651,-622
120900170,4052,1253,2799
120900171,1022,424,598
120900172,721,110,611
120900173,7,84,-77
120900174,0,116,-116
120900175,229,207,22
120900176,6,187,-181
120900177,0,467,-467
120900178,20,171,-151
120900179,879,538,341
120900180,86,73,13
120900181,15,45,-30
120900182,7,401,-394
120900183,296,76,220
120900184,103,61,42
120900185,2,376,-374
120900186,1,874,-873
120900187,190,817,-627
120900188,61,8,53
120900189,158,416,-258
120900190,11,10,1
120900191,3,24,-21
120900192,17615,2391,15224
120900194,7,62,-55
120900195,118,339,-221
120900196,320,53,267
120900197,249,70,179
120900198,218,807,-589
120900199,148,142,6
120900200,68,123,-55
120900201,615,103,512
120900202,4,298,-294
120900203,16,76,-60
120900204,226,497,-271
120900205,39,67,-28
120900206,3,18,-15
120900207,40,1622,-1582
121000001,864,1149,-285
121000002,2666,1399,1267
121000003,3771,1890,1881
121000004,1863,5044,-3181
121000005,1797,2440,-643
121000006,2335,1357,978
121000007,3110,3114,-4
121000008,6068,2872,3196
121000009,5529,5342,187
121000010,7712,4795,2917
121000011,8174,11130,-2956
121000012,12447,7707,4740
121000013,4794,6598,-1804
121000014,5981,6272,-291
121000015,4538,5420,-882
121000016,4418,4278,140
121000017,1444,3038,-1594
121000018,1263,1440,-177
121000019,19538,9235,10303
121000020,11077,8912,2165
121000021,2394,3044,-650
121000022,1213,1375,-162
121000023,3077,3119,-42
121000024,2108,2820,-712
121000025,507,1020,-513
121000026,247,125,122
121000027,1107,878,229
121000028,535,442,93
121000029,757,635,122
121000030,422,333,89
121000031,566,561,5
121000032,140,44,96
121000034,390,186,204
121000035,202,65,137
121000036,1026,803,223
121000037,571,626,-55
121000038,503,441,62
121000039,243,252,-9
121000041,359,352,7
121000042,139,313,-174
121000043,725,805,-80
121000044,1755,684,1071
121000045,289,350,-61
121000046,278,869,-591
121000047,180,357,-177
121000049,1600,662,938
121000050,264,990,-726
121000051,559,328,231
121000052,210,729,-519
121000053,368,77,291
121000054,40,199,-159
121000055,1238,1205,33
121000056,598,933,-335
121000057,109,281,-172
121000058,733,184,549
121000059,1604,901,703
121000060,280,779,-499
121000061,125,113,12
121000062,75,217,-142
121000063,551,451,100
121000064,493,631,-138
121000065,461,367,94
121000066,528,562,-34
121000067,777,343,434
121000068,442,226,216
121000069,469,380,89
121000070,1848,1234,614
121000071,876,876,0
121000072,1063,806,257
121000073,963,622,341
121000074,82,128,-46
121000075,39,196,-157
121000076,1126,353,773
121000077,106,105,1
121000078,57,88,-31
121000080,2307,656,1651
121000081,2662,2278,384
121000082,91,230,-139
121000083,154,197,-43
121000084,280,128,152
121000085,255,484,-229
121000086,128,699,-571
121000087,67,234,-167
121000088,250,688,-438
121000089,307,247,60
121000090,364,367,-3
121000091,1349,699,650
121000092,124,74,50
121000093,101,199,-98
121000094,266,445,-179
121000095,297,473,-176
121000096,1885,2519,-634
121000097,1118,1497,-379
121000098,383,1706,-1323
121000099,359,1165,-806
121000100,627,688,-61
121000101,138,319,-181
121000102,129,419,-290
121000103,87,343,-256
121000104,123,151,-28
121000105,200,246,-46
121000106,92,437,-345
121000107,2093,3527,-1434
121000109,1092,1034,58
121000110,188,476,-288
121000114,2069,1692,377
121000115,742,694,48
121000116,497,849,-352
121000117,784,334,450
121000118,1056,299,757
121000119,231,316,-85
121000120,170,435,-265
121000121,400,907,-507
121000123,1195,545,650
121000127,126,179,-53
121000128,828,568,260
121000129,369,457,-88
121000130,252,1239,-987
121000131,1724,1250,474
121000132,1234,1333,-99
121000135,307,189,118
121000136,653,357,296
121000137,320,135,185
121000138,545,372,173
121000139,302,57,245
121000141,182,113,69
121000142,915,524,391
121000143,123,20,103
121000144,812,907,-95
121000145,474,1582,-1108
121000146,1112,923,189
121000147,584,583,1
121000148,807,1055,-248
121000149,1591,1194,397
121000152,336,643,-307
121000153,1564,655,909
121000154,660,815,-155
121000155,1136,1056,80
121000156,288,1107,-819
121000157,1338,2320,-982
121000158,257,639,-382
121000159,124,625,-501
121000160,190,807,-617
121000161,98,341,-243
121000162,17,265,-248
121000165,1325,1199,126
121000166,38,626,-588
121000168,232,323,-91
121000169,32,181,-149
121000170,268,164,104
121000171,82,161,-79
121000172,447,450,-3
121000173,1014,639,375
121000174,153,353,-200
121000175,402,439,-37
121000176,207,210,-3
121000177,756,696,60
121000178,130,50,80
121000179,98,81,17
121000181,388,357,31
121000182,53,141,-88
121000183,28,53,-25
121000184,31,63,-32
121000185,19,120,-101
121000186,84,274,-190
121000187,114,299,-185
121000188,60,269,-209
121000192,417,366,51
121000193,450,492,-42
121000194,2302,1877,425
121000195,366,1084,-718
121000196,1020,183,837
121000197,262,802,-540
121000198,393,65,328
121000199,87,586,-499
121000200,228,84,144
121000201,4,244,-240
121000202,748,92,656
121000203,487,2592,-2105
121000204,1425,560,865
121000205,117,298,-181
121000206,129,22,107
121000207,1164,588,576
121000208,7,489,-482
121000209,164,503,-339
121000210,251,862,-611
121000211,331,135,196
121000212,215,1227,-1012
121000213,9950,2813,7137
121000214,781,1968,-1187
121000215,1263,763,500
121000216,349,435,-86
121000217,3544,2535,1009
121000218,509,1797,-1288
121000219,1626,342,1284
121000220,264,85,179
121000221,92,232,-140
121000222,2637,2241,396
121000223,722,317,405
121000224,394,176,218
121000225,2207,926,1281
121000226,4491,667,3824
121000227,8,347,-339
121000228,35,869,-834
121000229,140,604,-464
121000230,51,2141,-2090
121000231,465,45,420
121000232,325,173,152
121000233,420,331,89
121000234,26,24,2
121000235,50,41,9
121000236,1,44,-43
121000237,21,5,16
121000238,1,72,-71
121000239,13,2,11
121000240,7,250,-243
121000241,33,9,24
121000242,25,122,-97
121000243,230,44,186
121000244,0,70,-70
121000245,18,4,14
121000246,1,89,-88
121000247,38,1,37
121000248,438,471,-33
121000249,89,226,-137
121000250,271,83,188
121000251,34,621,-587
121000252,72,37,35
121000253,313,658,-345
121000254,517,362,155
121000255,172,121,51
121000256,304,187,117
121000257,38,60,-22
121000258,101,55,46
121000259,40,18,22
121000260,103,130,-27
121000261,79,36,43
121000262,796,870,-74
121000263,319,472,-153
121000271,208,2112,-1904
121000273,156,9,147
121000274,15,38,-23
121000275,3,29,-26
121000276,0,18,-18
121000278,65,48,17
121000289,245,51,194
121000290,1309,697,612
121000294,71,225,-154
121000297,950,837,113
121000299,220,244,-24
121000300,583,641,-58
121000302,133,855,-722
121000303,565,408,157
121000304,294,48,246
121000305,102,112,-10
121000306,45,122,-77
121000308,127,419,-292
121000309,470,763,-293
121000310,148,535,-387
121000311,81,630,-549
121000312,268,161,107
121000313,401,451,-50
121000314,99,44,55
121000315,40,76,-36
121000530,698,1707,-1009
121000531,780,1548,-768
121000532,4996,3857,1139
121000533,1755,2273,-518
121000918,20,242,-222
121000919,24,58,-34
121000938,314,224,90
121000939,459,247,212
121000956,451,1898,-1447
121000957,0,21,-21
121000958,138,27,111
121000959,309,1085,-776
121000960,1559,2698,-1139
121000961,95,49,46
121000962,264,1069,-805
121000973,2,421,-419
121000976,11,112,-101
121000979,237,39,198
121000981,221,95,126
121000982,159,390,-231
121000983,432,459,-27
121000984,7,26,-19
121000985,271,1325,-1054
121000986,180,515,-335
121000987,219,2041,-1822
121000988,438,158,280
121001302,245,114,131
121001308,5,9,-4
121001309,78,70,8
121001313,136,344,-208
121001314,3287,3552,-265
121001315,3700,1622,2078
121001326,425,372,53
121001327,101,96,5
121001328,312,14,298
121900001,57,155,-98
121900002,74,13,61
121900003,232,5,227
121900004,80,372,-292
121900005,5,3,2
121900006,56,17,39
121900007,2248,1805,443
121900008,432,240,192
121900009,512,22,490
121900010,170,0,170
121900011,72,294,-222
121900012,5,0,5
121900013,1406,24,1382
121900014,1080,248,832
121900015,94,162,-68
121900016,9,42,-33
121900017,265,594,-329
121900018,162,4,158
121900019,174,218,-44
121900020,15,1,14
121900021,778,5,773
121900022,140,139,1
121900023,43,447,-404
121900024,270,57,213
121900025,320,337,-17
121900026,228,22,206
121900027,151,111,40
121900028,301,9,292
121900029,74,222,-148
121900030,525,489,36
121900031,1302,5135,-3833
121900032,51,69,-18
121900033,123,171,-48
121900034,286,81,205
121900035,2537,1331,1206
121900036,65,562,-497
121900037,104,540,-436
121900038,38,104,-66
121900039,271,31,240
121900040,34,86,-52
121900041,58,160,-102
121900042,169,124,45
121900043,3,2,1
121900044,237,28,209
121900046,126,203,-77
121900047,109,80,29
121900048,22,145,-123
121900050,15,22,-7
121900051,103,177,-74
121900052,72,63,9
121900053,157,251,-94
121900054,424,675,-251
121900055,0,12,-12
121900058,122,253,-131
121900059,189,111,78
121900060,186,327,-141
121900062,46,49,-3
121900063,639,263,376
121900064,121,771,-650
121900066,26,28,-2
121900067,16,28,-12
121900069,163,92,71
121900070,145,74,71
121900071,80,255,-175
121900072,13,176,-163
121900073,179,186,-7
121900074,472,543,-71
121900075,1058,265,793
121900076,353,606,-253
121900078,30,40,-10
121900079,0,0,0
121900080,498,346,152
121900082,31,82,-51
121900084,2,133,-131
121900086,2,50,-48
121900087,160,99,61
121900088,1295,1764,-469
121900089,83,476,-393
121900090,1,81,-80
121900091,10,78,-68
121900092,81,101,-20
121900093,57,47,10
121900094,19,12,7
121900095,110,73,37
121900096,1047,357,690
121900097,299,158,141
121900098,5,0,5
121900099,112,97,15
121900100,102,141,-39
121900101,81,89,-8
121900102,7,82,-75
121900103,445,175,270
121900104,1166,303,863
121900105,153,89,64
121900106,1,0,1
121900107,21,26,-5
121900108,0,16,-16
121900109,261,156,105
121900110,155,1296,-1141
121900111,532,98,434
121900112,95,61,34
121900113,52,293,-241
121900114,8,34,-26
121900117,57,22,35
121900118,2182,269,1913
121900119,70,121,-51
121900120,44,1185,-1141
121900121,467,47,420
121900122,20,26,-6
121900123,187,475,-288
121900124,68,226,-158
121900125,874,780,94
121900127,2,62,-60
121900128,44,115,-71
121900129,855,121,734
121900130,117,286,-169
121900131,164,115,49
121900132,18,105,-87
121900133,111,377,-266
121900134,27,86,-59
121900135,2007,155,1852
121900136,135,441,-306
121900137,28,194,-166
121900138,61,175,-114
121900139,315,525,-210
121900140,40,132,-92
121900141,13,9,4
121900142,62,114,-52
121900143,1,106,-105
121900144,114,267,-153
121900145,95,99,-4
121900146,448,596,-148
121900147,44,174,-130
121900148,135,260,-125
121900149,307,641,-334
121900150,75,145,-70
121900151,40,217,-177
121900152,44,148,-104
121900153,89,358,-269
121900154,4,174,-170
121900155,0,78,-78
121900156,117,62,55
121900157,4,487,-483
121900158,52,53,-1
121900159,1,204,-203
121900160,1,231,-230
121900161,264,306,-42
121900162,60,105,-45
121900163,130,790,-660
121900164,355,207,148
121900165,166,213,-47
121900166,137,198,-61
121900167,110,68,42
121900168,213,146,67
121900169,5,606,-601
121900170,5,147,-142
121900171,314,562,-248
121900172,234,238,-4
121900173,639,143,496
121900174,10,29,-19
121900175,140,140,0
121900176,428,1940,-1512
121900177,149,76,73
121900178,44,66,-22
121900179,140,118,22
121900180,4742,1955,2787
121900182,689,292,397
121900183,256,318,-62
121900184,35,499,-464
121900186,16,302,-286
121900187,23,90,-67
121900188,410,320,90
121900189,13,77,-64
121900190,177,491,-314
121900191,56,106,-50
121900192,321,761,-440
121900193,48,212,-164
121900194,6,132,-126
121900195,72,51,21
121900196,775,683,92
121900197,186,2199,-2013
121900198,920,1163,-243
121900199,2,22,-20
121900200,88,191,-103
121900201,1024,350,674
121900202,121,269,-148
121900203,166,643,-477
121900204,1018,832,186
121900205,6,110,-104
121900206,5,9,-4
121900207,128,21,107
121900208,169,282,-113
121900209,19,18,1
121900210,1369,982,387
121900211,188,565,-377
121900212,70,90,-20
121900213,74,143,-69
121900214,3,279,-276
121900215,27,49,-22
121900216,41,43,-2
121900217,110,63,47
121900218,260,437,-177
121900220,108,3,105
121900221,198,465,-267
121900222,96,161,-65
121900223,88,67,21
121900224,31,80,-49
121900225,132,68,64
121900226,164,316,-152
121900227,91,434,-343
121900228,162,282,-120
121900230,95,200,-105
121900231,261,912,-651
121900232,187,301,-114
121900233,243,180,63
121900234,162,399,-237
121900235,270,253,17
121900236,183,169,14
121900237,158,192,-34
121900238,82,162,-80
121900239,67,17,50
121900240,93,81,12
121900241,16,48,-32
121900242,1,3,-2
121900243,5,0,5
121900244,2,0,2
121900245,100,125,-25
121900246,1453,425,1028
121900248,1227,916,311
121900250,182,255,-73
121900251,210,17,193
121900252,411,118,293
121900253,138,1011,-873
121900254,314,239,75
121900255,168,102,66
121900258,2337,1511,826
121900259,327,441,-114
121900260,21,118,-97
121900261,129,401,-272
121900262,358,915,-557
121900263,94,248,-154
121900264,1894,1204,690
121900265,117,281,-164
121900266,154,217,-63
121900267,33,18,15
121900269,68,265,-197
121900270,7,121,-114
121900271,19,114,-95
121900273,509,1275,-766
121900274,186,262,-76
121900277,250,1619,-1369
121900278,125,983,-858
121900279,128,306,-178
121900280,132,253,-121
121900281,350,238,112
121900284,40,9,31
121900286,22,98,-76
121900287,17,16,1
121900288,2,3,-1
121900290,167,260,-93
121900291,464,537,-73
121900292,156,87,69
121900293,713,3182,-2469
121900294,169,0,169
121900295,30,212,-182
121900296,60,75,-15
121900298,380,375,5
121900299,0,0,0
121900300,30,0,30
121900301,43,0,43
121900302,0,70,-70
121900303,465,340,125
121900304,0,5,-5
121900305,2,0,2
121900306,45,0,45
121900307,25,3,22
121900308,29,312,-283
121900309,9,224,-215
121900310,15,446,-431
121900311,184,9,175
121900312,92,16,76
121900313,206,9,197
121900314,1,45,-44
121900315,4,0,4
121900316,0,26,-26
121900317,0,0,0
121900318,1,12,-11
121900319,13,104,-91
121900320,62,89,-27
121900321,4,1,3
121900322,1,20,-19
121900323,26,14,12
121900324,4,68,-64
121900325,2,3,-1
121900326,2,23,-21
121900327,2,71,-69
121900328,0,17,-17
121900329,0,212,-212
121900330,0,48,-48
121900331,11,9,2
121900332,18,7,11
121900333,19,7,12
121900334,116,50,66
122000001,1957,3239,-1282
122000002,4712,1398,3314
122000003,1609,1409,200
122000004,2735,1167,1568
122000005,2811,916,1895
122000006,2995,454,2541
122000007,1589,1465,124
122000008,5667,4170,1497
122000009,470,261,209
122000010,1574,2399,-825
122000011,2424,1191,1233
122000012,1376,880,496
122000013,3074,1266,1808
122000014,1317,3103,-1786
122000015,1388,940,448
122000016,455,732,-277
122000017,883,846,37
122000018,1115,873,242
122000019,754,1523,-769
122000020,80,187,-107
122000021,451,406,45
122000022,1220,1356,-136
122000023,471,3188,-2717
122000024,883,712,171
122000025,1938,919,1019
122000026,1961,669,1292
122000027,542,6198,-5656
122000028,608,326,282
122000029,344,213,131
122000030,226,105,121
122000031,124,226,-102
122000032,1576,3847,-2271
122000033,1100,786,314
122000034,606,539,67
122000035,228,865,-637
122000036,455,628,-173
122000037,284,252,32
122000038,202,346,-144
122000039,620,460,160
122000040,247,387,-140
122000041,378,507,-129
122000042,377,391,-14
122000043,155,104,51
122000044,104,126,-22
122000045,1466,540,926
122000046,824,1089,-265
122000047,262,181,81
122000048,2373,4239,-1866
122000049,4327,1891,2436
122000050,1988,588,1400
122000051,496,415,81
122000052,524,171,353
122000053,137,373,-236
122000054,2161,1504,657
122000055,2421,2081,340
122000056,4829,3490,1339
122000057,3066,2719,347
122000058,4510,1001,3509
122000059,3743,1353,2390
122000060,719,482,237
122000061,486,323,163
122000062,1114,249,865
122000063,1566,391,1175
122000064,3584,2737,847
122000065,5571,2508,3063
122000066,400,408,-8
122000067,1983,1126,857
122000068,1047,1588,-541
122000069,719,592,127
122000070,462,3804,-3342
122000071,837,1787,-950
122000072,390,324,66
122000073,598,444,154
122000074,1618,1418,200
122000075,442,1481,-1039
122000076,1337,899,438
122000077,1487,534,953
122000078,2611,1585,1026
122000079,2476,670,1806
122000080,1424,346,1078
122000081,173,338,-165
122000082,998,580,418
122000083,1055,4362,-3307
122000084,804,657,147
122000085,183,1686,-1503
122000086,2050,5717,-3667
122000087,383,112,271
122000088,166,229,-63
122000089,5589,2847,2742
122000090,191,324,-133
122000091,304,50,254
122000092,125,9,116
122000093,1731,676,1055
122000094,6278,1169,5109
122000095,2606,2206,400
122000096,2784,1632,1152
122000098,2760,1220,1540
122000099,3456,594,2862
122000100,1333,647,686
122000101,202,1072,-870
122000102,1480,1082,398
122000103,1362,1302,60
122000104,248,187,61
122000105,207,251,-44
122000106,387,394,-7
122000107,778,449,329
122000108,214,717,-503
122000109,287,347,-60
122000110,234,436,-202
122000111,2110,793,1317
122000112,621,1179,-558
122000113,412,587,-175
122000114,4584,1294,3290
122000115,1140,2312,-1172
122000116,287,411,-124
122000117,886,270,616
122000118,252,440,-188
122000119,2697,1310,1387
122000120,1914,1988,-74
122000121,2516,1867,649
122000122,678,1172,-494
122000123,1938,1131,807
122000124,1028,357,671
122000125,414,540,-126
122000126,588,655,-67
122000127,1077,732,345
122000128,647,677,-30
122000129,282,840,-558
122000130,2029,504,1525
122000131,956,575,381
122000132,604,341,263
122000133,935,1867,-932
122000134,396,462,-66
122000135,640,729,-89
122000136,301,284,17
122000137,759,608,151
122000139,1509,2396,-887
122000140,1295,442,853
122000141,4548,947,3601
122000142,584,593,-9
122000143,367,218,149
122000144,1324,824,500
122000145,1390,490,900
122000146,623,883,-260
122000147,1136,402,734
122000148,2345,1014,1331
122000149,1404,978,426
122000150,915,676,239
122000151,168,301,-133
122000152,428,277,151
122000153,393,248,145
122000154,272,252,20
122000155,941,1768,-827
122000156,1355,1422,-67
122000157,1568,1014,554
122000158,349,473,-124
122000159,988,1481,-493
122000160,2771,788,1983
122000161,692,561,131
122000162,1450,1162,288
122000163,215,58,157
122000164,17,61,-44
122000165,655,649,6
122000166,1165,1277,-112
122000167,139,172,-33
122000168,194,484,-290
122000169,500,181,319
122000170,140,207,-67
122000171,10,60,-50
122000172,1267,1562,-295
122000173,1108,2132,-1024
122000174,1708,771,937
122000175,1203,280,923
122000176,314,590,-276
122000177,1442,1219,223
122000178,2383,3004,-621
122000179,1835,2895,-1060
122000180,1327,792,535
122000181,1388,2207,-819
122000182,1424,1008,416
122000183,1502,1248,254
122000184,1697,1395,302
122000185,811,892,-81
122000186,588,945,-357
122000187,2795,1055,1740
122000188,363,179,184
122000189,187,362,-175
122000190,964,893,71
122000191,965,388,577
122000192,515,307,208
122000193,240,530,-290
122000194,598,180,418
122000195,199,437,-238
122000196,761,537,224
122000197,469,618,-149
122000198,516,993,-477
122000199,365,319,46
122000200,1503,606,897
122000201,888,1280,-392
122000202,837,883,-46
122000203,1984,1308,676
122000204,1162,1743,-581
122000205,1387,1087,300
122000206,2284,794,1490
122000207,788,1086,-298
122000208,2019,1486,533
122000209,2725,436,2289
122000210,2465,2047,418
122000211,1338,1123,215
122000212,559,422,137
122000213,756,860,-104
122000214,1416,1345,71
122000215,1748,1190,558
122000217,2069,1233,836
122000218,732,58,674
122000219,1696,816,880
122000220,324,713,-389
122000221,199,475,-276
122000222,467,103,364
122000223,824,330,494
122000225,527,226,301
122000226,903,1928,-1025
122000227,242,3046,-2804
122000228,278,417,-139
122000229,32,419,-387
122000230,55,738,-683
122000231,186,829,-643
122000232,407,1210,-803
122000233,0,142,-142
122000234,134,363,-229
122000235,486,317,169
122000236,426,152,274
122000237,87,79,8
122000238,171,261,-90
122000239,332,105,227
122000240,808,330,478
122000241,593,443,150
122000242,314,87,227
122000243,106,51,55
122000244,39,620,-581
122000245,79,403,-324
122000246,150,174,-24
122000247,425,982,-557
122000248,1802,1950,-148
122000249,308,549,-241
122000250,1089,686,403
122000251,136,374,-238
122000252,449,79,370
122000253,23,218,-195
122000254,95,58,37
122000255,587,1759,-1172
122000256,289,1358,-1069
122000257,98,379,-281
122000258,77,207,-130
122000259,19,973,-954
122000260,181,1317,-1136
122000261,5,304,-299
122000262,3,109,-106
122000263,97,114,-17
122000264,686,564,122
122000265,2169,792,1377
122000266,4429,543,3886
122000267,100,226,-126
122000268,96,422,-326
122000269,777,307,470
122000270,1183,136,1047
122000271,374,1241,-867
122000272,243,1286,-1043
122000273,269,614,-345
122000274,64,480,-416
122000275,126,444,-318
122000276,254,714,-460
122000277,595,1202,-607
122000278,464,1088,-624
122000279,157,494,-337
122000280,735,769,-34
122000281,387,668,-281
122000282,95,88,7
122000283,283,48,235
122000284,119,75,44
122000285,330,122,208
122000286,83,160,-77
122000287,484,1211,-727
122000288,193,202,-9
122000291,623,332,291
122000293,470,255,215
122000294,79,122,-43
122000295,1275,282,993
122000296,56,576,-520
122000297,3480,2298,1182
122000299,242,435,-193
122000300,431,489,-58
122000301,16967,2350,14617
122000302,734,734,0
122000303,4020,1082,2938
122000304,21,175,-154
122000305,577,1029,-452
122000306,13,915,-902
122000307,85,112,-27
122000309,76,94,-18
122000310,29,33,-4
122000311,140,106,34
122000312,185,33,152
122000313,85,46,39
122000314,144,230,-86
122000315,183,5,178
122000316,254,191,63
122000317,582,203,379
122000318,115,261,-146
122000319,216,735,-519
122000320,350,3099,-2749
122000321,80,328,-248
122000322,1964,3809,-1845
122000323,1626,1946,-320
122000324,1525,1616,-91
122000325,888,939,-51
122000326,37,159,-122
122000327,246,394,-148
122000328,1210,800,410
122000330,1875,570,1305
122000333,4,286,-282
122000337,549,1853,-1304
122000338,221,438,-217
122000340,410,304,106
122000342,3545,1059,2486
122000343,417,2102,-1685
122000344,49,22,27
122000345,114,277,-163
122000346,220,626,-406
122000348,326,787,-461
122000349,90,708,-618
122000351,91,266,-175
122000352,207,98,109
122000353,74,150,-76
122000355,123,131,-8
122000356,1732,587,1145
122000357,33,17,16
122000358,0,82,-82
122000359,0,37,-37
122000360,0,49,-49
122000362,13,94,-81
122000364,75,444,-369
122000365,0,26,-26
122000366,23,9,14
122000368,384,768,-384
122000370,14,65,-51
122000371,14,0,14
122000372,12,0,12
122000381,33,428,-395
122000382,40,386,-346
122000384,5494,2123,3371
122000385,32,1,31
122000386,964,748,216
122000387,479,564,-85
122000388,2142,319,1823
122000389,257,762,-505
122000390,384,259,125
122000391,283,146,137
122000392,188,237,-49
122000393,184,914,-730
122000394,349,275,74
122000395,95,237,-142
122000396,209,128,81
122000397,78,71,7
122000398,8,37,-29
122000399,58,94,-36
122000400,130,217,-87
122000401,82,100,-18
122000402,167,106,61
122000403,357,1414,-1057
122000404,88,400,-312
122000408,740,1007,-267
122000503,15,73,-58
122000524,181,87,94
122000544,34,2926,-2892
122000614,488,308,180
122000616,389,2,387
122000640,23,157,-134
122000641,49,483,-434
122000642,679,1384,-705
122000643,21,86,-65
122000644,159,9,150
122000645,63,279,-216
122000651,2451,557,1894
122000664,157,23,134
122000665,712,492,220
122000666,527,964,-437
122000673,11,427,-416
122000674,87,46,41
122000675,1141,1416,-275
122000686,238,1685,-1447
122000687,1055,395,660
122000688,108,1178,-1070
122000689,409,535,-126
122000690,509,700,-191
122000691,209,3506,-3297
122000692,759,364,395
122000693,343,2141,-1798
122000695,139,623,-484
122000696,150,421,-271
122000698,141,1230,-1089
122000699,178,64,114
122000701,887,363,524
122000702,519,2754,-2235
122000703,98,63,35
122000712,0,0,0
122000717,172,52,120
122000718,737,1020,-283
122000719,20,50,-30
122000720,146,377,-231
122000724,249,375,-126
122900001,12,3,9
122900002,1224,2162,-938
122900003,200,43,157
122900004,341,23,318
122900005,41,13,28
122900006,410,101,309
122900007,57,26,31
122900008,386,38,348
122900009,540,284,256
122900010,188,175,13
122900012,188,276,-88
122900014,122,285,-163
122900015,1999,333,1666
122900016,93,348,-255
122900017,451,724,-273
122900018,187,15,172
122900020,333,370,-37
122900021,63,572,-509
122900022,348,922,-574
122900023,117,190,-73
122900024,105,107,-2
122900025,11,115,-104
122900026,162,227,-65
122900027,58,763,-705
122900028,83,162,-79
122900029,4917,2454,2463
122900030,1408,280,1128
122900031,108,102,6
122900032,72,203,-131
122900033,111,114,-3
122900034,3422,4525,-1103
122900035,38,3,35
122900036,32,230,-198
122900037,243,89,154
122900038,101,1720,-1619
122900039,63,337,-274
122900040,252,362,-110
122900041,140,140,0
122900042,119,233,-114
122900043,315,220,95
122900044,91,290,-199
122900045,85,126,-41
122900046,66,74,-8
122900047,319,136,183
122900048,31,154,-123
122900049,2526,118,2408
122900051,95,126,-31
122900052,40,133,-93
122900053,10,16,-6
122900055,216,108,108
122900057,238,27,211
122900061,320,128,192
122900062,245,323,-78
122900063,100,376,-276
122900064,773,575,198
122900065,219,115,104
122900066,314,200,114
122900067,1653,767,886
122900069,132,870,-738
122900070,246,45,201
122900071,104,417,-313
122900073,34,345,-311
122900074,179,759,-580
122900075,0,68,-68
122900076,6,215,-209
122900077,3,137,-134
122900078,73,166,-93
122900080,58,36,22
122900081,128,150,-22
122900082,613,268,345
122900083,180,146,34
122900084,4,261,-257
122900086,2,21,-19
122900087,178,532,-354
122900088,41,78,-37
122900089,61,324,-263
122900090,3,967,-964
122900091,121,0,121
122900092,0,112,-112
122900093,0,559,-559
122900094,4,296,-292
122900095,72,6,66
122900096,116,608,-492
122900097,7,12,-5
122900098,101,115,-14
122900099,4,3,1
122900100,246,148,98
122900101,765,199,566
122900102,10,7,3
122900103,58,2,56
122900104,51,5,46
122900105,1,4,-3
122900106,1,114,-113
122900107,3,363,-360
122900108,1,288,-287
122900109,78,154,-76
123000001,1583,335,1248
123000002,5880,2385,3495
123000003,3037,2586,451
123000004,2816,4223,-1407
123000005,2055,2245,-190
123000006,3002,3381,-379
123000007,2591,2227,364
123000008,2223,3656,-1433
123000009,3164,2325,839
123000010,3167,3453,-286
123000011,3785,658,3127
123000012,1268,2253,-985
123000013,2422,692,1730
123000014,1337,3649,-2312
123000015,3820,707,3113
123000016,7176,2644,4532
123000017,3056,1188,1868
123000018,27,68,-41
123000019,70,324,-254
123000020,57,126,-69
123000021,45,208,-163
123000022,491,1612,-1121
123000023,1107,1185,-78
123000024,952,579,373
123000025,154,103,51
123000026,21,160,-139
123000027,323,248,75
123000028,711,103,608
123000029,1269,300,969
123000030,207,770,-563
123000031,81,578,-497
123000032,142,359,-217
123000033,200,106,94
123000034,633,597,36
123000035,193,226,-33
123000036,190,503,-313
123000037,226,294,-68
123000038,41,183,-142
123000039,332,682,-350
123000040,1298,352,946
123000041,1058,473,585
123000042,1100,441,659
123000043,3358,4100,-742
123000044,6153,1830,4323
123000045,10970,1837,9133
123000046,757,673,84
123000047,1841,1126,715
123000048,27,331,-304
123000049,6622,3988,2634
123000050,562,1027,-465
123000051,58,146,-88
123000052,445,1912,-1467
123000053,1551,2414,-863
123000054,798,1094,-296
123000055,595,991,-396
123000056,1160,1636,-476
123000057,17883,4756,13127
123000058,536,640,-104
123000059,350,475,-125
123000060,597,292,305
123000061,104,704,-600
123000063,455,543,-88
123000064,574,220,354
123000065,7455,3203,4252
123000066,994,954,40
123000067,343,602,-259
123000068,2869,3217,-348
123000069,7014,3340,3674
123000070,271,813,-542
123000071,501,1148,-647
123000072,767,1768,-1001
123000073,639,832,-193
123000074,728,2654,-1926
123000075,309,775,-466
123000076,438,1333,-895
123000077,1948,4089,-2141
123000078,748,1731,-983
123000079,811,1923,-1112
123000080,1678,2919,-1241
123000081,138,683,-545
123000082,377,1357,-980
123000083,542,122,420
123000084,325,828,-503
123000085,99,134,-35
123000086,129,559,-430
123000087,117,590,-473
123000088,741,1409,-668
123000089,284,1553,-1269
123000090,807,1348,-541
123000091,1347,1357,-10
123000092,1149,1143,6
123000094,261,249,12
123000095,276,611,-335
123000096,266,455,-189
123000097,228,1513,-1285
123000098,374,623,-249
123000099,389,1103,-714
123000100,430,492,-62
123000101,537,437,100
123000102,510,471,39
123000104,237,274,-37
123000105,548,556,-8
123000106,499,289,210
123000107,371,589,-218
123000108,738,1583,-845
123000111,447,239,208
123000112,534,728,-194
123000113,496,2236,-1740
123000114,429,471,-42
123000115,171,249,-78
123000116,23,199,-176
123000117,1037,2679,-1642
123000118,304,1007,-703
123000119,199,1319,-1120
123000120,344,1056,-712
123000121,351,610,-259
123000122,342,265,77
123000123,334,649,-315
123000124,584,606,-22
123000125,895,701,194
123000126,1353,1859,-506
123000127,1046,848,198
123000128,213,499,-286
123000129,297,254,43
123000130,313,87,226
123000131,461,458,3
123000132,325,592,-267
123000133,257,405,-148
123000134,320,162,158
123000135,886,1509,-623
123000136,139,1582,-1443
123000137,68,512,-444
123000138,69,533,-464
123000139,270,162,108
123000140,108,694,-586
123000141,645,128,517
123000142,931,1071,-140
123000143,1042,2797,-1755
123000144,13,10,3
123000145,176,123,53
123000146,47,115,-68
123000147,110,100,10
123000149,232,351,-119
123000150,157,220,-63
123000151,195,313,-118
123000152,65,351,-286
123000153,98,476,-378
123000154,1870,1361,509
123000155,2502,565,1937
123000156,24,61,-37
123000157,435,765,-330
123000158,578,552,26
123000159,3350,1660,1690
123000160,499,434,65
123000161,855,733,122
123000162,342,1178,-836
123000163,169,54,115
123000164,631,227,404
123000165,249,2199,-1950
123000166,31,243,-212
123000167,74,327,-253
123000168,119,412,-293
123000169,325,92,233
123000170,49,539,-490
123000171,172,168,4
123000172,166,670,-504
123000173,310,138,172
123000174,499,195,304
123000175,848,1112,-264
123000176,557,122,435
123000177,389,1178,-789
123000178,483,132,351
123000179,24,1010,-986
123000180,743,247,496
123000181,298,1567,-1269
123000182,128,498,-370
123000183,100,215,-115
123000184,60,878,-818
123000185,308,411,-103
123000186,153,744,-591
123000187,312,3,309
123000188,143,80,63
123000189,86,276,-190
123000190,20,346,-326
123000192,18,434,-416
123000193,119,614,-495
123000194,515,307,208
123000195,243,37,206
123000196,189,104,85
123000197,59,75,-16
123000198,23,214,-191
123000199,30,548,-518
123000200,215,56,159
123000201,423,66,357
123000202,42,1212,-1170
123000203,421,92,329
123000204,75,1135,-1060
123000205,537,2136,-1599
123000206,926,147,779
123000207,121,1294,-1173
123000208,241,81,160
123000209,1163,306,857
123000210,411,1932,-1521
123000211,609,2872,-2263
123000212,1293,357,936
123000213,364,58,306
123000215,102,112,-10
123000216,130,376,-246
123000217,164,40,124
123000218,130,326,-196
123000219,1177,86,1091
123000220,380,94,286
123000221,134,123,11
123000222,186,596,-410
123000223,96,760,-664
123000224,263,705,-442
123000225,127,108,19
123000226,53,415,-362
123000227,68,404,-336
123000228,131,78,53
123000229,986,2145,-1159
123000232,124,625,-501
123000233,434,152,282
123000234,149,683,-534
123000235,302,378,-76
123000236,142,851,-709
123000237,117,67,50
123000238,60,784,-724
123000239,360,2172,-1812
123000240,37,301,-264
123000241,1051,119,932
123000242,69,216,-147
123000243,478,935,-457
123000244,657,484,173
123000245,70,141,-71
123000249,427,770,-343
123000252,459,110,349
123000253,430,334,96
123000254,338,1132,-794
123000255,580,597,-17
123000256,39,234,-195
123000257,3981,2391,1590
123000258,658,1286,-628
123000259,176,439,-263
123000260,253,705,-452
123000261,69,215,-146
123000262,93,324,-231
123000263,206,98,108
123000264,134,48,86
123000265,42,221,-179
123000266,330,713,-383
123000267,239,297,-58
123000268,45,74,-29
123000269,25,44,-19
123000270,46,34,12
123000271,44,84,-40
123000272,720,243,477
123000273,145,395,-250
123000274,706,456,250
123000275,240,1032,-792
123000278,3380,2336,1044
123000279,61,118,-57
123000280,210,355,-145
123000281,186,111,75
123000282,81,301,-220
123000283,65,29,36
123000284,63,116,-53
123000286,220,185,35
123000287,378,225,153
123000288,643,401,242
123000289,333,427,-94
123000291,310,674,-364
123000294,282,216,66
123000295,681,635,46
123000296,294,369,-75
123000297,278,1365,-1087
123000298,251,732,-481
123000299,104,656,-552
123000300,615,737,-122
123000301,53,223,-170
123000302,52,250,-198
123000303,109,79,30
123000305,863,863,0
123000306,54,315,-261
123000309,27,61,-34
123000310,50,38,12
123000311,22,281,-259
123000312,1541,1054,487
123000313,250,423,-173
123000315,26,435,-409
123000316,275,6,269
123000317,165,45,120
123000318,29,365,-336
123000329,7,12,-5
123000337,164,267,-103
123000338,367,51,316
123000339,92,370,-278
123000340,130,448,-318
123000342,8,346,-338
123000343,100,0,100
123000344,1220,505,715
123000345,291,583,-292
123000346,135,76,59
123000352,2198,630,1568
123000353,19,245,-226
123000354,721,30,691
123000355,1,1194,-1193
123000356,89,14,75
123000357,5,401,-396
123000359,17,244,-227
123000360,155,35,120
123000361,850,284,566
123000362,150,171,-21
123000363,57,255,-198
123000364,347,291,56
123000365,34,263,-229
123000366,244,948,-704
123000367,248,1215,-967
123000370,31,393,-362
123000371,96,39,57
123000372,109,16,93
123000373,16,462,-446
123000374,13,206,-193
123000375,118,26,92
123000376,513,640,-127
123000377,111,8,103
123000378,11,548,-537
123000379,0,303,-303
123000380,52,212,-160
123000381,144,38,106
123000382,1221,65,1156
123000383,372,769,-397
123000384,441,116,325
123000385,443,773,-330
123000436,17,834,-817
123000507,154,372,-218
123000508,116,303,-187
123000517,256,17,239
123000518,29,295,-266
123000519,78,49,29
123000520,51,257,-206
123000521,144,65,79
123000522,116,591,-475
123000541,3,1,2
123000542,2,42,-40
123000565,211,17,194
123000566,41,1125,-1084
123000567,144,335,-191
123000573,43,1161,-1118
123000574,413,73,340
123000575,916,1329,-413
123000576,420,2965,-2545
123000577,77,543,-466
123000578,655,59,596
123000579,4702,2852,1850
123000580,67,6,61
123000582,163,15,148
123000583,14,557,-543
123000584,38,201,-163
123000585,1,164,-163
123000586,48,0,48
123000596,113,150,-37
123000597,52,94,-42
123000602,14,1,13
123000603,233,940,-707
123000604,380,1604,-1224
123000605,74,0,74
123000606,0,18,-18
123000609,12,236,-224
123000610,105,118,-13
123000613,46,293,-247
123000614,114,102,12
123000615,77,388,-311
123000616,199,150,49
123000617,79,488,-409
123000618,72,771,-699
123000619,363,50,313
123000620,9,742,-733
123000622,217,18,199
123000624,85,320,-235
123000630,498,437,61
123000631,237,2888,-2651
123000632,1314,1451,-137
123000633,0,48,-48
123000634,124,59,65
123000635,302,96,206
123000636,22,740,-718
123000637,144,45,99
123000638,332,156,176
123000639,939,1870,-931
123000640,59,1172,-1113
123000648,135,70,65
123000649,55,895,-840
123000650,102,119,-17
123000651,11,147,-136
123000652,193,186,7
123000653,29,872,-843
123000654,635,218,417
123000655,20,530,-510
123000656,108,78,30
123000657,7,148,-141
123000658,59,24,35
123000659,47,688,-641
123000660,1734,23,1711
123000661,1975,76,1899
123900001,1321,59,1262
123900002,22,889,-867
123900003,260,743,-483
123900005,150,69,81
123900006,165,20,145
124000001,821,37,784
124000002,8,920,-912
124000003,297,72,225
124000004,79,909,-830
124000005,413,115,298
124000006,315,1588,-1273
124000007,678,94,584
124000008,38,539,-501
124000009,230,302,-72
124000010,126,758,-632
124000011,620,306,314
124000012,282,831,-549
124000017,85,99,-14
124000018,67,60,7
124000019,74,62,12
124000020,26,157,-131
124000021,57,35,22
124000022,62,201,-139
124000023,525,102,423
124000024,937,738,199
124000025,522,236,286
124000026,701,541,160
124000027,1197,463,734
124000028,2707,829,1878
124000031,766,884,-118
124000032,7836,1553,6283
124000033,602,412,190
124000034,2340,1354,986
124000035,126,115,11
124000036,154,772,-618
124000037,201,489,-288
124000038,40,112,-72
124000039,835,250,585
124000040,644,465,179
124000041,180,78,102
124000042,73,395,-322
124000043,43,71,-28
124000044,37,377,-340
124000045,283,585,-302
124000046,157,1032,-875
124000047,863,1018,-155
124000048,607,2762,-2155
124000049,662,706,-44
124000050,507,3367,-2860
124000051,294,424,-130
124000052,433,1859,-1426
124000053,336,833,-497
124000054,781,824,-43
124000055,917,1176,-259
124000056,5541,1384,4157
124000057,495,386,109
124000058,311,1780,-1469
124000059,327,495,-168
124000060,849,1097,-248
124000061,1101,2453,-1352
124000062,9839,1613,8226
124000063,1146,1627,-481
124000064,2732,1723,1009
124000065,342,188,154
124000066,270,22,248
124000067,123,172,-49
124000068,223,143,80
124000069,243,293,-50
124000070,142,428,-286
124000071,37,58,-21
124000072,120,256,-136
124000073,302,67,235
124000074,213,890,-677
124000075,69,45,24
124000076,0,257,-257
124000077,1518,539,979
124000078,1316,461,855
124000079,501,720,-219
124000080,185,134,51
124000081,88,810,-722
124000082,30,106,-76
124000083,59,221,-162
124000084,46,190,-144
124000085,47,47,0
124000086,49,86,-37
124000087,121,40,81
124000088,75,401,-326
124000089,348,371,-23
124000090,80,485,-405
124000091,463,184,279
124000092,128,917,-789
124000093,53,85,-32
124000094,103,467,-364
124000095,27,56,-29
124000096,78,304,-226
124000097,79,61,18
124000098,37,212,-175
124000099,138,78,60
124000100,63,107,-44
124000101,42,115,-73
124000102,87,107,-20
124000103,57,78,-21
124000104,91,136,-45
124000105,38,52,-14
124000106,150,161,-11
124000107,11,105,-94
124000108,62,67,-5
124000109,95,64,31
124000110,182,125,57
124000111,156,129,27
124000112,361,815,-454
124000113,41,79,-38
124000114,181,800,-619
124000115,252,953,-701
124000116,79,72,7
124000117,76,98,-22
124000118,36,67,-31
124000119,899,621,278
124000120,429,755,-326
124000121,3561,617,2944
124000122,567,1135,-568
124000123,729,363,366
124000124,502,791,-289
124000125,219,305,-86
124000126,288,519,-231
124000127,536,344,192
124000128,411,847,-436
124000129,1444,1162,282
124000130,596,709,-113
124000131,767,370,397
124000132,680,789,-109
124000133,588,644,-56
124000134,614,892,-278
124000135,1364,1267,97
124000136,856,1188,-332
124000137,961,498,463
124000138,969,960,9
124000139,637,57,580
124000140,81,804,-723
124000141,325,30,295
124000142,55,1115,-1060
124000143,53,11,42
124000144,3,208,-205
124000145,47,24,23
124000146,5,116,-111
124000148,11,46,-35
124000149,595,271,324
124000150,321,576,-255
124000151,318,143,175
124000152,532,1310,-778
124000153,302,468,-166
124000154,286,1109,-823
124000155,693,545,148
124000156,1460,873,587
124000169,130,314,-184
124000170,705,425,280
124000171,145,277,-132
124000172,267,648,-381
124000173,222,395,-173
124000174,215,857,-642
124000175,5,131,-126
124000176,13,14,-1
124000177,14,32,-18
124000178,17,29,-12
124000185,25,17,8
124000186,9,143,-134
124000187,8,181,-173
124000188,16,20,-4
124000190,304,33,271
124000191,1237,66,1171
124000192,1460,250,1210
124000193,391,1232,-841
124000194,383,606,-223
124000195,219,385,-166
124000196,840,1174,-334
124000197,41,63,-22
124000198,17,30,-13
124000201,337,1596,-1259
124000202,358,130,228
124000203,56,1197,-1141
124000204,195,382,-187
124000205,23,820,-797
124000206,199,571,-372
124000207,1,60,-59
124000209,113,513,-400
124000210,177,159,18
124000211,179,0,179
124000212,1,868,-867
124000213,193,482,-289
124000214,114,1022,-908
124000215,183,32,151
124000216,3,838,-835
124000329,95,3561,-3466
124000338,42,1810,-1768
124000339,232,81,151
124000341,481,76,405
124000344,89,63,26
124000357,1155,2335,-1180
124000358,944,1889,-945
124000359,607,474,133
124000360,341,414,-73
124000361,895,540,355
124000362,1334,1682,-348
124000363,295,595,-300
124000364,544,1165,-621
124000365,587,1182,-595
124000366,2539,1443,1096
124000367,144,814,-670
124000368,214,199,15
124000369,64,96,-32
124000370,53,541,-488
124000402,11,7,4
124000403,39,17,22
124000404,12,117,-105
124000405,687,564,123
124000406,754,807,-53
124000407,7,37,-30
124000411,16,472,-456
124000412,186,13,173
124000413,401,44,357
124000414,61,85,-24
124000415,55,242,-187
124000416,78,481,-403
124000417,101,97,4
124000418,62,136,-74
124000419,96,261,-165
124000420,40,71,-31
124000421,28,430,-402
124000422,20,8,12
124000423,54,32,22
124000424,3,201,-198
124000425,34,15,19
124000426,3,311,-308
124000427,92,12,80
124000428,25,38,-13
124000429,20,74,-54
124000430,498,976,-478
124000431,296,875,-579
124000432,88,1001,-913
124000439,21,14,7
124000443,0,113,-113
124000445,269,445,-176
124000446,3680,64,3616
124000447,17,108,-91
124000448,36,6,30
124000449,39,7,32
124000450,24,863,-839
124000451,7,377,-370
124000452,484,74,410
124000453,2184,2209,-25
124000454,3706,3852,-146
124000455,11,1590,-1579
124000456,287,14,273
124000457,12,1368,-1356
124000458,4,731,-727
124000459,167,7,160
124000460,1,319,-318
124900001,276,226,50
124900002,83,472,-389
124900003,341,253,88
124900004,293,416,-123
124900005,164,273,-109
124900006,293,359,-66
124900008,1200,628,572
124900009,88,129,-41
124900010,66,38,28
124900011,156,139,17
124900012,202,80,122
124900013,290,181,109
124900014,156,185,-29
124900015,119,109,10
124900016,44,45,-1
124900017,691,470,221
124900018,129,22,107
124900020,37,40,-3
124900021,59,31,28
124900022,93,5,88
124900024,134,31,103
124900026,38,0,38
124900027,56,148,-92
124900028,597,127,470
124900030,2,159,-157
124900031,20,355,-335
124900033,62,368,-306
124900035,103,451,-348
124900036,0,66,-66
124900037,108,447,-339
124900038,191,460,-269
124900039,1,22,-21
124900040,37,44,-7
124900041,200,1625,-1425
124900042,42,30,12
124900043,200,947,-747
124900044,55,2,53
124900045,600,632,-32
124900047,80,170,-90
124900050,296,757,-461
124900052,88,362,-274
124900053,129,552,-423
124900054,6148,548,5600
124900055,0,193,-193
124900057,28,1004,-976
124900060,73,377,-304
124900061,46,16,30
124900062,26,8,18
124900066,0,19,-19
124900067,19,760,-741
124900068,143,180,-37
124900070,15,14,1
124900072,116,47,69
124900075,114,388,-274
124900076,123,616,-493
124900077,109,197,-88
124900078,48,3,45
124900080,237,935,-698
124900081,430,242,188
124900082,364,1458,-1094
124900083,317,994,-677
124900085,1170,109,1061
124900086,25,518,-493
124900087,474,58,416
124900088,429,97,332
124900089,1966,189,1777
124900090,102,179,-77
124900091,164,646,-482
124900092,160,524,-364
124900093,124,122,2
124900094,161,223,-62
124900095,31,318,-287
124900096,433,128,305
124900097,198,40,158
124900098,63,408,-345
124900099,521,325,196
124900100,168,59,109
124900101,26,248,-222
124900102,79,40,39
124900103,84,429,-345
124900104,35,421,-386
124900105,61,257,-196
124900106,159,47,112
124900107,49,15,34
124900108,582,68,514
124900111,5,420,-415
124900112,48,930,-882
124900113,73,123,-50
124900114,179,45,134
124900115,27,17,10
124900116,48,88,-40
124900117,1260,109,1151
124900118,81,130,-49
124900119,155,73,82
124900120,71,526,-455
124900121,103,107,-4
124900122,343,400,-57
124900123,454,192,262
124900124,656,387,269
124900125,173,0,173
124900126,21,1631,-1610
204000001,36,37,-1
204000002,22,37,-15
204000003,15,1,14
204000004,3,1,2
204000005,326,502,-176
204000006,727,1737,-1010
204000011,7,49,-42
204000012,34,96,-62
204000019,405,549,-144
204000020,318,1032,-714
204000021,2233,953,1280
204000022,320,451,-131
204000023,314,1114,-800
204000031,99,52,47
204000032,576,77,499
204000034,22,302,-280
204000035,4,3,1
204000036,11,21,-10
204000037,4,35,-31
204000038,1,26,-25
204000039,5,41,-36
204000040,6,41,-35
204000041,6,38,-32
204000042,37,12,25
204000043,13,2,11
204000044,26,0,26
204000045,19,3,16
204000046,4,3,1
204000057,0,24,-24
204000062,13,242,-229
204000068,48,203,-155
204000069,29,271,-242
204000070,48,126,-78
204000080,13,59,-46
204000085,1362,1660,-298
204000086,3229,2155,1074
204000087,31,22,9
204000088,14,96,-82
204000090,42,369,-327
204000093,119,219,-100
204000096,528,946,-418
204000097,182,300,-118
204000099,722,1139,-417
204000100,727,1327,-600
204000105,1904,1924,-20
204000110,570,1055,-485
204000111,253,803,-550
204000112,426,1033,-607
204000113,329,984,-655
204000114,375,388,-13
204000115,354,406,-52
204000116,383,661,-278
204000119,1328,2233,-905
204000132,357,223,134
204000133,507,303,204
204000134,105,116,-11
204000135,294,127,167
204000136,190,258,-68
204000138,194,220,-26
204000140,130,109,21
204000141,115,77,38
204000144,1,24,-23
204000145,439,75,364
204000146,13,449,-436
204000147,83,130,-47
204000148,305,58,247
204000154,0,3,-3
204000155,3,2,1
204000177,51,76,-25
204000179,1,1,0
204000180,0,1,-1
204000222,1,5,-4
204000235,16,10,6
204000236,78,458,-380
204000238,13,215,-202
204000240,336,87,249
204000263,552,1503,-951
204000268,984,659,325
204000308,158,123,35
204000317,44,60,-16
204000322,15,34,-19
204000323,22,86,-64
204000328,193,290,-97
204000329,130,235,-105
204000330,241,444,-203
204000331,116,168,-52
204000352,85,0,85
205000001,916,1428,-512
205000013,16,67,-51
205000014,8,95,-87
205000015,31,223,-192
205000016,19,196,-177
205000017,30,88,-58
205000022,246,661,-415
205000025,1879,1042,837
205000029,116,10,106
205000045,99,275,-176
205000046,56,714,-658
205000047,32,626,-594
205000048,240,1454,-1214
205000049,126,905,-779
205000050,1746,348,1398
205000059,0,383,-383
205000060,1,110,-109
205000061,6,31,-25
205000062,9,46,-37
205000063,23,38,-15
205000064,15,152,-137
205000065,66,617,-551
205000066,73,999,-926
205000067,43,1216,-1173
205000069,172,26,146
205000082,135,407,-272
205000110,80,243,-163
205000111,150,309,-159
205000112,96,191,-95
205000113,139,201,-62
205000121,164,128,36
205000123,58,194,-136
205000126,348,219,129
205000127,508,335,173
205000128,546,206,340
205000129,677,182,495
205000130,934,51,883
205000131,608,18,590
205000132,639,5,634
205000133,417,2,415
205000134,147,0,147
205000137,69,140,-71
205000138,251,239,12
205000139,18,92,-74
205000144,79,82,-3
205000145,220,289,-69
205000151,209,82,127
205000152,131,80,51
205000153,135,80,55
205000154,30,99,-69
205000155,81,17,64
205000207,11,134,-123
205000233,19,2,17
205000234,0,1,-1
205000243,0,1,-1
205000244,0,2,-2
205000245,11,385,-374
205000249,0,29,-29
205000250,2,0,2
205000264,3,97,-94
206000027,7,3,4
206000028,3,1,2
206000043,12,132,-120
206000053,4,10,-6
206000054,7,25,-18
206000055,0,36,-36
206000075,3,4,-1
206000076,5,7,-2
206000077,7,5,2
206000078,4,7,-3
206000079,18,4,14
206000082,229,16,213
206000100,110,651,-541
206000103,5,20,-15
206000104,6,16,-10
206000105,3,18,-15
206000106,5,49,-44
206000125,25,0,25
206000157,97,625,-528
206000170,0,115,-115
206000171,1,200,-199
206000172,1,987,-986
206000173,3,348,-345
206000174,3,169,-166
206000175,1,236,-235
206000176,8,382,-374
206000177,1,273,-272
206000178,2,174,-172
206000179,6,116,-110
206000180,12,244,-232
206000181,9,359,-350
206000182,12,347,-335
206000183,14,1201,-1187
206000184,7,553,-546
206000185,9,401,-392
206000186,92,2304,-2212
206000223,4,387,-383
206000226,3,4,-1
206000227,17,1,16
206000237,15,538,-523
206000238,47,863,-816
206000239,715,2749,-2034
206000240,0,77,-77
206000241,0,106,-106
206000242,12,612,-600
206000243,8,524,-516
206000244,53,1297,-1244
206000245,281,51,230
206000246,49,8,41
206000247,59,18,41
206000248,130,13,117
206000252,37,19,18
206000258,18,40,-22
206000315,36,5,31
206000317,215,75,140
206000318,173,49,124
206000319,394,64,330
206000320,27,35,-8
206000321,35,13,22
206000322,112,5,107
206000323,35,8,27
206000324,29,2,27
206000325,107,11,96
206000326,65,6,59
206000327,168,17,151
206000328,64,3,61
206000329,41,5,36
206000330,22,8,14
206000331,36,0,36
206000332,11,4,7
206000333,193,3,190
206000334,108,1,107
206000335,0,7,-7
206000361,7,292,-285
206000392,2,37,-35
206000405,94,1,93
206000441,11,15,-4
206000498,30,3,27
206000515,69,25,44
206000530,92,31,61
206000531,104,82,22
206000532,2439,96,2343
206000535,387,2670,-2283
206000536,37,355,-318
206000537,20,223,-203
206000613,1052,128,924
206000784,309,27,282
207000001,167,479,-312
207000002,179,457,-278
207000003,131,316,-185
207000007,360,218,142
207000008,23,9,14
207000009,31,33,-2
207000010,457,760,-303
207000012,192,238,-46
207000015,295,2228,-1933
207000019,170,65,105
207000021,305,163,142
207000022,109,81,28
207000023,112,42,70
207000024,2,15,-13
207000025,12,65,-53
207000026,127,48,79
207000027,14,64,-50
207000028,82,258,-176
207000029,239,413,-174
207000033,204,225,-21
207000034,171,78,93
207000039,276,117,159
207000040,93,99,-6
207000041,28,31,-3
207000042,148,83,65
207000043,132,126,6
207000051,80,367,-287
207000052,17,243,-226
207000053,386,811,-425
207000054,25,194,-169
207000055,88,269,-181
207000056,201,528,-327
207000057,99,371,-272
207000058,102,667,-565
207000059,73,1337,-1264
207000060,49,456,-407
207000061,111,200,-89
207000062,159,50,109
207000063,155,175,-20
207000064,233,192,41
207000065,170,218,-48
207000066,81,171,-90
207000067,42,122,-80
207000068,95,83,12
207000069,550,386,164
207000082,25,589,-564
207000083,54,529,-475
207000084,87,184,-97
207000085,107,7,100
207000086,69,2,67
207000106,18,10,8
207000107,33,11,22
207000108,24,7,17
207000109,30,10,20
207000110,28,42,-14
207000111,34,78,-44
207000112,127,272,-145
207000114,20,39,-19
207000115,12,96,-84
207000116,14,236,-222
207000117,6,115,-109
207000118,12,81,-69
207000119,11,101,-90
207000123,108,28,80
207000124,35,18,17
207000125,64,16,48
207000126,56,29,27
207000134,28,359,-331
207000135,18,418,-400
207000148,27,215,-188
207000149,101,43,58
207000152,160,339,-179
207000153,996,962,34
207000154,437,180,257
207000159,49,378,-329
207000160,97,848,-751
207000238,0,158,-158
207000242,1,209,-208
207000248,35,12,23
207000249,144,58,86
207000250,759,63,696
207000251,76,49,27
207000252,42,58,-16
207000278,24,39,-15
207000279,24,266,-242
207000280,167,70,97
207000281,87,1869,-1782
207000282,123,31,92
207000283,120,370,-250
207000284,69,69,0
207000285,206,40,166
207000291,8,114,-106
207000304,63,59,4
207000306,72,486,-414
207000310,20,48,-28
207000353,255,4,251
207000356,4,28,-24
207000357,12,3,9
207000358,11,20,-9
207000415,4,194,-190
207000416,80,405,-325
207000417,11,4,7
207000418,85,175,-90
207000438,1,4,-3
207000439,852,299,553
207000446,90,8,82
207000460,13,3,10
207000466,180,199,-19
207000467,130,96,34
207000468,36,741,-705
207000476,6,98,-92
207000477,208,106,102
207000478,0,24,-24
207000523,0,7,-7
207000524,87,17,70
207000527,70,136,-66
207000530,149,8,141
207000531,155,4,151
207000532,49,10,39
207000534,520,28,492
207000535,35,193,-158
207000537,40,106,-66
207000540,6,212,-206
207000541,3,356,-353
207000548,10,358,-348
207000549,172,14,158
207000561,101,115,-14
207000562,28,197,-169
207000567,138,323,-185
207000568,56,129,-73
207000569,175,1516,-1341
207000584,368,175,193
207000585,67,218,-151
207000587,38,25,13
207000616,0,192,-192
207000617,78,0,78
207000624,76,26,50
207000631,7,64,-57
208000001,292,702,-410
208000002,382,559,-177
208000003,706,734,-28
208000004,809,772,37
208000005,15,18,-3
208000019,309,831,-522
208000020,139,460,-321
208000021,105,511,-406
208000022,438,943,-505
208000028,1121,697,424
208000033,326,893,-567
208000034,1111,1808,-697
208000037,493,75,418
208000040,53,158,-105
208000041,504,427,77
208000042,491,472,19
208000047,91,550,-459
208000064,2185,1422,763
208000066,1147,1047,100
208000070,199,470,-271
208000071,214,989,-775
208000072,270,1492,-1222
208000080,146,379,-233
208000081,152,222,-70
208000082,193,382,-189
208000083,108,442,-334
208000084,18,14,4
208000085,767,645,122
208000086,415,897,-482
208000087,228,887,-659
208000089,755,862,-107
208000090,425,1346,-921
208000093,63,141,-78
208000094,566,1015,-449
208000095,356,290,66
208000104,693,1190,-497
208000105,436,1092,-656
208000114,58,127,-69
208000115,376,374,2
208000116,189,810,-621
208000117,58,151,-93
208000118,80,90,-10
208000155,479,1010,-531
208000158,1174,2556,-1382
208000186,2767,2433,334
208000204,428,1278,-850
208000205,869,1876,-1007
208000282,3972,1764,2208
209000004,86,248,-162
209000005,31,36,-5
209000006,496,102,394
209000007,357,206,151
209000010,459,121,338
209000011,137,240,-103
209000012,109,239,-130
209000013,172,765,-593
209000014,549,2009,-1460
209000025,171,33,138
209000026,473,88,385
209000027,431,1483,-1052
209000028,265,1245,-980
209000029,737,1176,-439
209000030,535,2175,-1640
209000031,5748,2733,3015
209000034,139,177,-38
209000035,112,128,-16
209000036,98,137,-39
209000037,176,307,-131
209000038,91,207,-116
209000039,52,159,-107
209000040,226,321,-95
209000041,159,401,-242
209000042,215,351,-136
209000043,625,632,-7
209000044,297,824,-527
209000045,976,376,600
209000046,304,509,-205
209000047,208,191,17
209000048,317,187,130
209000049,66,159,-93
209000050,173,272,-99
209000051,219,498,-279
209000052,162,512,-350
209000062,35,209,-174
209000063,46,228,-182
209000064,31,208,-177
209000065,24,49,-25
209000066,41,56,-15
209000067,37,103,-66
209000080,22,275,-253
209000082,53,43,10
209000091,42,118,-76
209000093,63,42,21
209000094,219,167,52
209000110,23,62,-39
209000111,217,1068,-851
209000112,538,540,-2
209000113,1351,440,911
209000114,210,323,-113
209000115,69,229,-160
209000116,1088,683,405
209000118,50,40,10
209000119,56,20,36
209000121,174,908,-734
209000135,58,100,-42
209000142,586,1068,-482
209000143,110,103,7
209000144,52,60,-8
209000229,112,188,-76
209000240,25,581,-556
209000259,103,139,-36
209000260,66,849,-783
209000261,11,654,-643
209000262,5,666,-661
209000263,0,175,-175
209000264,0,45,-45
209000265,186,1,185
209000266,41,1,40
209000267,320,2,318
209000268,298,55,243
210000037,45,25,20
210000047,51,45,6
210000048,45,40,5
210000049,31,47,-16
210000052,22,143,-121
210000053,15,110,-95
210000054,49,101,-52
210000070,64,2,62
210000071,31,0,31
210000072,6,0,6
210000073,0,47,-47
210000074,2,134,-132
210000075,1,70,-69
210000076,9,140,-131
210000077,47,43,4
210000078,51,35,16
210000079,66,3,63
210000080,169,39,130
210000081,69,6,63
210000082,54,1,53
210000083,42,0,42
210000084,14,0,14
210000085,0,123,-123
210000086,1,134,-133
210000099,47,269,-222
210000100,50,274,-224
210000101,73,385,-312
210000105,38,228,-190
210000159,0,108,-108
210000163,179,250,-71
210000164,222,97,125
210000168,191,17,174
210000187,0,19,-19
210000188,0,43,-43
210000214,8,0,8
210000219,8,77,-69
210000220,37,160,-123
210000232,2,27,-25
210000233,21,66,-45
210000234,17,154,-137
210000235,25,191,-166
210000245,0,46,-46
210000246,19,0,19
210000258,12,88,-76
210000259,199,21,178
210000282,55,230,-175
210000285,3,111,-108
210000286,27,190,-163
210000290,0,4,-4
210000295,38,203,-165
210000296,50,87,-37
210000320,113,146,-33
210000321,101,84,17
210000338,90,151,-61
210000339,502,866,-364
210000340,103,306,-203
210000341,94,273,-179
210000342,129,224,-95
210000343,107,217,-110
210000344,360,118,242
210000345,204,215,-11
210000346,63,116,-53
210000347,181,29,152
210000348,228,11,217
210000349,156,20,136
210000350,48,52,-4
210000351,64,120,-56
210000352,49,118,-69
210000353,20,150,-130
210000354,46,143,-97
210000355,72,124,-52
210000356,100,61,39
210000357,53,83,-30
210000358,498,113,385
210000359,153,60,93
210000360,130,138,-8
210000361,104,183,-79
210000362,149,170,-21
210000363,898,134,764
210000364,82,72,10
210000365,81,36,45
210000366,84,40,44
210000367,51,31,20
210000368,120,19,101
210000369,19,23,-4
210000370,61,84,-23
210000372,125,52,73
210000373,95,18,77
210000374,49,14,35
210000375,35,128,-93
210000376,95,225,-130
210000404,77,181,-104
210000439,12,53,-41
210000472,93,2,91
210000482,58,68,-10
210000564,461,122,339
210000567,3,12,-9
210000568,493,1,492
211000092,14,70,-56
211000094,34,3,31
211000169,225,7,218
211000172,14,269,-255
211000209,2,29,-27
211000226,8,25,-17
211000270,31,12,19
211000275,14,14,0
211000276,43,30,13
211000279,5,60,-55
211000281,16,60,-44
211000302,12,68,-56
211507980,0,24,-24
211977296,49,0,49
212000003,121,70,51
212000004,81,37,44
212000005,20,16,4
212000006,23,126,-103
212000008,115,346,-231
212000009,16,302,-286
212000012,23,86,-63
212000013,5,58,-53
212000014,159,165,-6
212000015,159,250,-91
212000016,367,673,-306
212000027,356,639,-283
212000028,224,501,-277
212000029,116,308,-192
212000030,24,47,-23
212000031,19,77,-58
212000048,15,73,-58
212000049,6,79,-73
212000050,9,9,0
212000051,118,282,-164
212000052,81,469,-388
212000053,250,697,-447
212000054,73,169,-96
212000055,167,327,-160
212000056,3,43,-40
212000057,1,25,-24
212000058,418,34,384
212000070,64,385,-321
212000077,69,841,-772
212000099,136,271,-135
212000108,239,223,16
212000111,113,147,-34
212000120,225,152,73
212000138,57,13,44
212000156,0,103,-103
212000158,6,13,-7
212000159,156,58,98
212000160,249,222,27
212000161,44,7,37
212000310,22,20,2
212000311,8,80,-72
212000374,8,12,-4
213000001,25,821,-796
213000005,214,98,116
213000006,795,126,669
213000007,126,11,115
213000009,550,243,307
213000010,154,166,-12
213000011,208,104,104
213000012,146,285,-139
213000014,48,1,47
213000015,94,4,90
213000016,169,0,169
213000017,20,0,20
213000018,3,214,-211
213000019,0,184,-184
213000020,61,420,-359
213000021,3,110,-107
213000023,159,138,21
213000033,171,872,-701
213000034,578,273,305
213000035,96,235,-139
213000045,62,309,-247
213000046,150,193,-43
213000047,528,699,-171
213000056,66,21,45
213000069,11,0,11
213000073,0,17,-17
213000074,143,712,-569
213000075,320,4,316
213000076,11,4,7
213000085,2,30,-28
213000086,9,315,-306
213000091,55,9,46
213000092,26,10,16
213000099,171,835,-664
213000100,1004,218,786
213000101,172,133,39
213000102,173,442,-269
213000103,678,906,-228
213000104,35,605,-570
213000105,0,103,-103
213000106,20,229,-209
213000107,134,855,-721
213000108,28,578,-550
213000109,2,342,-340
213000110,10,66,-56
213000111,10,84,-74
213000112,141,157,-16
213000115,24,4,20
213000116,116,1131,-1015
213000117,2,1684,-1682
213000118,160,413,-253
213000119,52,970,-918
213000120,84,1124,-1040
213000122,357,836,-479
213000123,972,1158,-186
213000124,66,1245,-1179
213000125,72,19,53
213000126,39,111,-72
213000127,119,152,-33
213000128,674,560,114
213000129,338,306,32
213000130,182,189,-7
213000132,139,96,43
213000133,182,109,73
213000134,475,21,454
213000136,265,6,259
213000137,311,75,236
213000139,361,18,343
213000147,81,1,80
213000148,23,8,15
213000149,38,10,28
213000150,0,79,-79
213000151,2,62,-60
213000152,0,87,-87
213000153,1,37,-36
213000154,23,353,-330
213000155,24,412,-388
213000156,62,1134,-1072
213000157,1211,584,627
213000158,167,489,-322
213000159,232,755,-523
213000163,272,97,175
213000165,359,137,222
213000171,18,231,-213
213000172,35,410,-375
213000173,3,130,-127
213000174,0,21,-21
213000175,9,62,-53
213000176,6,94,-88
213000177,1,22,-21
213000178,18,4,14
213000179,91,41,50
213000180,80,78,2
213000182,49,1,48
213000184,76,604,-528
213000188,160,72,88
213000189,156,39,117
213000190,534,939,-405
213000191,162,617,-455
213000192,112,764,-652
213000193,2409,157,2252
213000194,0,48,-48
213000195,15,666,-651
213000196,244,987,-743
213000197,195,510,-315
213000198,14,2,12
213000200,109,1168,-1059
213000201,89,63,26
213000202,15,1030,-1015
213000203,4093,457,3636
213000204,424,58,366
213000205,110,52,58
213000206,211,52,159
213000207,65,9,56
213000208,92,1,91
213000209,92,0,92
213000210,396,1,395
213000211,7,16,-9
213000212,18,16,2
213000213,17,15,2
213000218,1524,2818,-1294
213000219,240,7,233
213000220,293,6,287
213000223,175,121,54
213000224,35,32,3
213000225,42,5,37
213000226,47,9,38
213000227,395,240,155
213000228,137,100,37
213000229,414,27,387
213000230,265,41,224
213000232,99,660,-561
213000233,1,19,-18
213000234,6,44,-38
213000293,10,88,-78
213000294,90,7,83
213000295,14,92,-78
213000296,50,14,36
213000297,10,101,-91
213000298,7,98,-91
213000299,30,65,-35
213000300,36,0,36
213000303,6,27,-21
213000304,0,1,-1
213000305,1,7,-6
213000306,90,32,58
213000307,394,82,312
213000308,85,348,-263
213000309,100,32,68
213000310,103,80,23
213000311,218,680,-462
213000315,82,239,-157
213000316,58,49,9
213000322,27,34,-7
213000323,11,29,-18
213000340,96,1159,-1063
213000341,180,93,87
213000346,105,67,38
213000347,663,135,528
213000348,7,124,-117
213000349,25,9,16
213000350,216,1820,-1604
213000366,46,491,-445
213000367,123,61,62
213000379,32,216,-184
213000386,15,257,-242
213000406,142,356,-214
213000417,732,290,442
213000425,37,27,10
213000426,45,74,-29
213000427,17,256,-239
213000428,24,305,-281
213000429,7,5,2
213000430,80,1525,-1445
213000431,24,0,24
213000432,0,8,-8
213000433,2,166,-164
213000434,28,81,-53
213000435,33,88,-55
213000439,29,27,2
213000441,0,0,0
213000443,292,520,-228
213000445,1,134,-133
213000446,0,10,-10
213000447,4,59,-55
213000448,3,59,-56
213000449,86,0,86
213000450,7,22,-15
213000451,93,71,22
213000452,0,23,-23
213000453,39,438,-399
213000455,163,0,163
213000456,0,90,-90
213000481,17,9,8
213000482,31,2,29
213000489,441,58,383
213000491,2,159,-157
213000492,279,2,277
213000493,0,78,-78
213000494,58,98,-40
213000496,129,199,-70
213000497,25,264,-239
213000498,47,156,-109
213000499,72,340,-268
213000500,104,62,42
213000501,29,18,11
213000502,192,44,148
213000503,0,26,-26
213000504,1,72,-71
213000505,0,165,-165
213000506,0,13,-13
213000507,1,112,-111
213900244,10,0,10
213900245,0,34,-34
218000003,18,17,1
218000004,17,20,-3
218000005,24,44,-20
218000006,57,34,23
218000007,5,12,-7
218000012,498,165,333
218000013,53,137,-84
218000014,330,375,-45
218000019,701,506,195
218000020,210,488,-278
218000040,7,1,6
218000046,16,226,-210
218000047,7,276,-269
218000048,25,373,-348
218000049,71,252,-181
218000050,237,369,-132
218000051,46,522,-476
218000052,0,183,-183
218000053,3,15,-12
218000054,12,35,-23
218000055,3,12,-9
218000056,8,26,-18
218000057,6,52,-46
218000064,5,8,-3
218000065,25,68,-43
218000066,5,57,-52
218000067,28,136,-108
218000068,54,89,-35
218000069,77,275,-198
218000070,79,325,-246
218000071,119,265,-146
218000072,245,265,-20
218000078,462,1615,-1153
218000079,41,73,-32
218000080,31,77,-46
218000081,171,325,-154
218000082,20,177,-157
218000083,25,62,-37
218000084,42,165,-123
218000085,56,464,-408
218000086,13,203,-190
218000087,129,242,-113
218000090,10,93,-83
218000091,686,489,197
218000092,25,173,-148
218000093,49,102,-53
218000094,326,783,-457
218000099,170,399,-229
218000100,152,260,-108
218000101,74,134,-60
218000102,159,362,-203
218000103,44,191,-147
218000104,27,39,-12
218000105,40,8,32
218000106,11,11,0
218000107,49,97,-48
218000108,3,49,-46
218000112,43,13,30
218000117,28,39,-11
218000134,262,1095,-833
218000135,28,188,-160
218000136,152,47,105
218000137,111,104,7
218000138,6,107,-101
218000139,109,356,-247
218000140,164,242,-78
218000141,28,64,-36
218000142,104,104,0
218000143,32,139,-107
218000144,29,60,-31
218000145,170,405,-235
218000146,35,97,-62
218000151,6,26,-20
218000152,58,52,6
218000170,2,24,-22
218000171,30,3,27
218000172,12,7,5
218000173,34,12,22
218000174,12,4,8
218000176,78,27,51
218000177,150,106,44
218000178,46,151,-105
218000179,54,64,-10
218000180,44,22,22
218000181,88,41,47
218000187,0,24,-24
218000188,25,52,-27
218000189,13,60,-47
218000190,0,6,-6
218000191,71,154,-83
218000192,105,530,-425
218000193,247,630,-383
218000194,71,586,-515
218000195,92,103,-11
218000196,173,295,-122
218000197,84,343,-259
218000198,4,153,-149
218000199,33,44,-11
218000200,59,48,11
218000201,9,12,-3
218000202,342,191,151
218000207,25,102,-77
218000208,31,87,-56
218000211,37,15,22
218000213,107,83,24
218000214,4,33,-29
218000215,41,79,-38
218000217,1,196,-195
218000218,133,87,46
218000219,63,32,31
218000220,193,286,-93
218000221,997,161,836
218000222,51,14,37
218000223,17,186,-169
218000224,5,77,-72
218000225,98,5,93
218000226,45,61,-16
218000232,35,157,-122
218000239,71,2,69
218000240,12,3,9
218000241,9,0,9
218000242,27,2,25
218000243,16,1,15
218000244,8,1,7
218000245,14,1,13
218000246,2,0,2
218000247,2,0,2
218000248,0,19,-19
218000249,0,1,-1
218000250,3,7,-4
218000251,1,12,-11
218000252,0,15,-15
218000253,0,21,-21
218000254,0,3,-3
218000255,2,2,0
218000256,9,51,-42
218000267,1352,1093,259
218000268,8,50,-42
218000269,10,11,-1
218000270,42,98,-56
218000271,25,90,-65
218000273,8,20,-12
218000274,8,16,-8
218000275,6,30,-24
218000276,6,50,-44
218000278,28,24,4
218000279,31,66,-35
218000280,9,42,-33
218000281,10,23,-13
218000282,563,233,330
218000284,224,23,201
218000301,48,74,-26
218000302,52,33,19
218000303,24,76,-52
218000316,546,1283,-737
218000317,591,1345,-754
218000318,239,987,-748
218000319,501,2170,-1669
218000320,417,865,-448
218000338,88,23,65
218000345,118,57,61
218000346,78,157,-79
218000459,39,370,-331
218000490,75,72,3
218000501,39,24,15
218000502,53,116,-63
218000503,41,11,30
218000504,145,12,133
218000505,31,172,-141
218000506,24,187,-163
218000508,1,2,-1
218000510,155,8,147
218000520,107,111,-4
218000521,2,127,-125
218000522,1,152,-151
218000523,139,3,136
218000524,44,135,-91
218000525,35,8,27
218000526,17,101,-84
218000529,27,516,-489
218000531,11,19,-8
218000532,15,28,-13
218000534,47,23,24
218000537,29,39,-10
218000538,71,91,-20
218000540,212,55,157
218000543,72,27,45
218000544,32,133,-101
218000545,36,39,-3
218000546,10,154,-144
218000547,56,81,-25
218000548,76,309,-233
218000549,222,138,84
218000550,202,587,-385
218000551,149,661,-512
218000552,341,27,314
218000553,30,99,-69
218000554,15,40,-25
218000555,18,62,-44
218000556,105,544,-439
218000557,168,187,-19
218000558,12,0,12
218000559,0,25,-25
218000560,1,14,-13
218000561,21,0,21
218000562,41,155,-114
218000563,126,15,111
218000564,6,113,-107
218000565,109,20,89
218000566,180,24,156
218000567,0,57,-57
218000568,1,4,-3
218000569,9,121,-112
218000570,132,9,123
218000571,1,113,-112
218000572,117,6,111
218000573,13,49,-36
218000574,90,73,17
218000575,71,1,70
218000576,0,61,-61
218000577,78,0,78
218000578,0,79,-79
218000579,32,1,31
218000581,2,82,-80
218000582,10,6,4
218000583,0,0,0
218000584,0,15,-15
218000585,15,0,15
218000586,3,25,-22
218000587,0,2,-2
218000588,0,1,-1
218000589,0,1,-1
218000590,0,0,0
218000591,5,4,1
218000592,5,6,-1
218000601,0,1,-1
218000602,0,5,-5
218000603,0,5,-5
218000604,13,9,4
218000605,0,18,-18
218000606,93,0,93
218000607,11,50,-39
218000608,33,10,23
218000609,5,43,-38
218000610,60,12,48
218000611,11,0,11
218000612,1,22,-21
218000613,18,1,17
218000614,0,37,-37
218000615,80,3,77
218000616,3,151,-148
218000617,7,2,5
218000618,0,24,-24
218000619,13,17,-4
218000620,3,6,-3
218000621,0,0,0
218000622,0,4,-4
218000623,22,0,22
218000624,1,3,-2
218000625,7,3,4
218000626,0,4,-4
218000628,76,24,52
218000631,29,28,1
218000632,0,92,-92
218000633,28,0,28
218000634,1,28,-27
218000635,1,7,-6
218000636,435,1773,-1338
218000637,454,627,-173
218000638,69,122,-53
218000639,11,222,-211
218000640,71,35,36
218000641,47,410,-363
218000652,58,125,-67
218000653,88,46,42
218000663,8,272,-264
218000675,36,68,-32
218000680,177,901,-724
218000681,361,178,183
218000691,93,677,-584
218000693,77,220,-143
218000718,884,666,218
218000719,1462,209,1253
218000720,6,47,-41
218000721,45,18,27
218001147,13,837,-824
218001214,16,12,4
218001258,77,9,68
218001329,197,128,69
218001330,145,170,-25
218001351,22,14,8
218001352,8,27,-19
218001353,4,10,-6
218001354,5,28,-23
218001355,92,559,-467
218001356,107,7,100
218001357,42,533,-491
218001358,94,12,82
218001361,111,32,79
218001362,2,1061,-1059
219000001,26,81,-55
219000002,42,81,-39
219000003,37,28,9
219000004,75,60,15
219000017,147,14,133
219000020,49,15,34
219000022,80,0,80
219000023,55,2,53
219000029,0,105,-105
219000034,16,27,-11
219000039,32,47,-15
219000040,11,14,-3
219000041,68,48,20
219000051,0,46,-46
219000052,0,12,-12
219000053,0,340,-340
219000055,43,2,41
219000056,14,1,13
219000057,49,0,49
219000062,19,312,-293
219000063,53,16,37
219000064,6,59,-53
219000110,164,36,128
219000111,77,14,63
219000112,126,52,74
219000113,53,47,6
219000114,214,37,177
219000116,36,42,-6
219000117,81,99,-18
219000118,55,75,-20
219000123,408,111,297
219000124,65,65,0
219000125,11,30,-19
219000126,81,91,-10
219000127,0,2,-2
219000128,30,104,-74
219000129,19,154,-135
219000130,624,742,-118
219000131,523,560,-37
219000133,77,55,22
219000134,11,23,-12
219000135,19,40,-21
219000136,133,184,-51
219000138,31,16,15
219000139,16,75,-59
219000140,12,1,11
219000141,9,137,-128
219000142,20,116,-96
219000143,13,128,-115
219000145,9,59,-50
219000146,3,62,-59
219000147,0,75,-75
219000148,0,73,-73
219000149,13,222,-209
219000150,0,138,-138
219000151,3,106,-103
219000157,131,128,3
219000158,114,283,-169
219000161,93,10,83
219000163,1235,397,838
219000166,48,202,-154
219000167,66,274,-208
219000168,245,65,180
219000174,189,110,79
219000175,42,1,41
219000176,31,4,27
219000177,7,3,4
219000178,14,5,9
219000179,3,11,-8
219000180,18,20,-2
219000182,47,6,41
219000183,26,54,-28
219000184,24,14,10
219000185,0,93,-93
219000186,24,61,-37
219000187,16,133,-117
219000189,164,174,-10
219000190,119,340,-221
219000191,1317,966,351
219000192,110,81,29
219000193,704,173,531
219000195,0,80,-80
219000196,3,149,-146
219000198,28,170,-142
219000199,113,183,-70
219000200,30,188,-158
219000201,85,213,-128
219000203,53,140,-87
219000204,96,228,-132
219000205,58,185,-127
219000207,182,185,-3
219000209,26,78,-52
219000210,65,123,-58
219000213,20,463,-443
219000239,146,282,-136
219000240,105,315,-210
219000241,63,303,-240
219000242,31,207,-176
219000243,84,545,-461
219000244,29,253,-224
219000245,43,69,-26
219000246,57,19,38
219000247,76,33,43
219000248,359,200,159
219000249,69,44,25
219000250,55,75,-20
219000251,393,131,262
219000252,232,90,142
219000253,163,28,135
219000255,56,88,-32
219000256,71,83,-12
219000257,74,22,52
219000262,97,274,-177
219000263,30,292,-262
219000267,4,271,-267
219000268,4,9,-5
219000269,9,1,8
219000270,5,2,3
219000271,69,1,68
219000278,0,29,-29
219000279,4,7,-3
219000283,0,17,-17
219000295,11,114,-103
219000296,53,655,-602
219000297,13,181,-168
219000298,5,286,-281
219000299,289,75,214
219000300,17,333,-316
219000301,276,237,39
219000302,26,144,-118
219000307,14,43,-29
219000308,25,30,-5
219000311,70,79,-9
219000312,308,67,241
219000313,140,23,117
219000314,97,586,-489
219000315,153,41,112
219000316,219,47,172
219000317,34,20,14
219000320,0,45,-45
219000321,1,16,-15
219000323,4,132,-128
219000325,0,49,-49
219000326,50,134,-84
219000327,29,47,-18
219000328,19,64,-45
219000329,163,71,92
219000330,16,40,-24
219000331,23,29,-6
219000332,31,86,-55
219000333,2,2,0
219000335,51,4,47
219000337,3,1,2
219000338,61,0,61
219000344,21,72,-51
219000345,52,100,-48
219000346,26,190,-164
219000348,64,280,-216
219000349,19,259,-240
219000350,33,86,-53
219000351,16,1,15
219000352,144,40,104
219000353,63,51,12
219000354,73,156,-83
219000355,97,40,57
219000356,1304,482,822
219000363,203,30,173
219000364,81,22,59
219000365,51,16,35
219000366,187,189,-2
219000368,270,302,-32
219000370,945,218,727
219000371,11,12,-1
219000382,4,12,-8
219000383,758,732,26
219000385,445,456,-11
219000386,1071,1382,-311
219000387,1,3,-2
219000390,6,2,4
219000391,5,0,5
219000397,56,88,-32
219000398,40,34,6
219000401,14,105,-91
219000402,13,124,-111
219000403,82,156,-74
219000404,13,78,-65
219000407,1,23,-22
219000409,21,33,-12
219000410,30,18,12
219000411,38,15,23
219000446,225,377,-152
219000447,1,22,-21
219000448,10,5,5
219000452,68,61,7
219000453,80,109,-29
219000454,240,148,92
219000556,134,91,43
219000558,71,380,-309
219000590,21,211,-190
219000591,16,50,-34
219000592,73,383,-310
219000595,0,41,-41
219000635,46,60,-14
219000636,19,85,-66
219000657,11,13,-2
219000658,13,48,-35
219000673,0,10,-10
219000676,9,0,9
219000679,37,13,24
219000684,39,1,38
219000685,0,100,-100
219000686,1,1,0
219000688,0,136,-136
219000689,25,201,-176
219000690,99,17,82
219000691,60,140,-80
219000692,107,23,84
219000693,0,24,-24
219000694,1,0,1
219000695,18,2,16
219000698,77,0,77
219000699,0,17,-17
219000727,6,255,-249
219000728,76,0,76
219000770,17,0,17
219000771,0,37,-37
219000788,248,440,-192
219001150,1,10,-9
219001151,0,5,-5
219001166,47,11,36
219001167,2,94,-92
219001178,18,0,18
220000001,34,48,-14
220000002,20,198,-178
220000003,471,406,65
220000004,622,719,-97
220000005,1323,1408,-85
220000006,149,932,-783
220000007,265,815,-550
220000008,289,1388,-1099
220000009,153,622,-469
220000010,201,143,58
220000011,683,2920,-2237
220000012,85,285,-200
220000014,79,72,7
220000015,40,215,-175
220000017,40,440,-400
220000018,6938,1150,5788
220000019,50,227,-177
220000020,293,206,87
220000021,364,187,177
220000022,260,630,-370
220000023,85,221,-136
220000024,1270,388,882
220000025,568,536,32
220000026,216,176,40
220000027,12,98,-86
220000028,24,47,-23
220000029,84,223,-139
220000030,60,71,-11
220000031,146,342,-196
220000064,26,1054,-1028
221000046,6,0,6
221000047,0,3,-3
221000048,0,3,-3
221000049,0,8,-8
221000050,6,0,6
221000055,48,48,0
221000057,33,12,21
221000068,318,90,228
221000069,284,35,249
221000070,141,13,128
221000071,58,5,53
221000072,143,18,125
221000073,109,39,70
221000074,10,20,-10
221000075,15,12,3
221000076,7,24,-17
221000077,33,53,-20
221000081,29,9,20
221000082,21,5,16
221000083,33,6,27
221000084,1,6,-5
221000085,21,53,-32
221000086,5,107,-102
221000087,2,164,-162
221000088,16,159,-143
221000089,22,279,-257
221000090,100,500,-400
221000098,68,14,54
221000099,120,9,111
221000100,56,2,54
221000101,190,15,175
221000102,76,6,70
221000109,1,60,-59
221000110,3,120,-117
221000111,9,196,-187
221000112,5,198,-193
221000113,12,221,-209
221000114,5,198,-193
221000120,15,27,-12
221000121,9,13,-4
221000122,24,20,4
221000123,11,57,-46
221000124,18,276,-258
221000155,31,7,24
221000156,54,34,20
221000175,1,12,-11
221000176,2,2,0
221000182,23,4,19
221000241,497,178,319
221000242,165,369,-204
221000243,347,79,268
221000244,138,511,-373
221000245,88,119,-31
221000246,28,385,-357
221000247,70,123,-53
221000248,103,285,-182
221000267,29,954,-925
221000325,42,69,-27
221000331,2,99,-97
221000338,16,14,2
221000378,55,28,27
221000381,79,164,-85
222000282,6,0,6
222000296,3,17,-14
222000568,190,7,183
222000569,86,21,65
222000570,78,4,74
222000571,142,10,132
222000577,6,263,-257
222000578,20,234,-214
222000579,46,203,-157
222000580,155,847,-692
222000599,0,154,-154
222000600,3,348,-345
222000601,9,857,-848
222000603,23,13,10
222000604,1,31,-30
222000605,2,9,-7
222000606,1,6,-5
222000607,1,1,0
222000608,6,7,-1
222000609,33,472,-439
222000616,118,46,72
222000617,10,15,-5
222000618,3,4,-1
222000620,64,9,55
222000621,27,5,22
222000623,359,1,358
222000624,241,6,235
222000625,197,49,148
222000636,65,2,63
222000686,14,4,10
222000687,13,24,-11
222001066,364,3,361
222001067,9,24,-15
222001068,16,130,-114
222001069,10,67,-57
222001082,0,52,-52
222001083,3,57,-54
222001084,1,32,-31
222001085,0,69,-69
222001111,7,271,-264
222001112,40,29,11
222001313,5,6,-1
222001314,0,55,-55
222001464,79,48,31
222001465,8,390,-382
222001484,40,47,-7
222001485,11,90,-79
222001494,126,157,-31
222001495,63,648,-585
222001496,165,71,94
222001497,69,840,-771
222001502,8,111,-103
222001503,50,19,31
222001504,13,246,-233
222001505,117,13,104
222001506,12,200,-188
222001507,102,22,80
222001510,174,17,157
222001511,27,429,-402
222001514,295,127,168
222001515,179,797,-618
222001518,119,50,69
222001519,32,484,-452
222001527,170,19,151
222001528,53,211,-158
222001529,71,36,35
222001530,43,310,-267
222001533,95,434,-339
222001534,96,23,73
222001535,156,135,21
222001536,62,649,-587
222001537,149,22,127
222001538,34,602,-568
222001563,246,76,170
222001564,33,960,-927
222001568,136,60,76
222001576,0,0,0
222001579,0,1,-1
222001583,13,287,-274
222001584,42,35,7
222001596,467,1844,-1377
222001597,664,217,447
222001626,2,199,-197
222001650,20,63,-43
222001651,37,128,-91
222001914,106,30,76
222001915,65,247,-182
222001968,274,150,124
222001969,349,1221,-872
222001970,115,319,-204
222001971,8,59,-51
222001972,1,19,-18
225000001,261,118,143
225000002,191,141,50
225000003,232,126,106
225000004,120,237,-117
225000005,12,63,-51
225000006,0,152,-152
225000007,4038,1101,2937
225000010,133,5,128
225000011,499,873,-374
225000012,109,464,-355
225000013,62,135,-73
225000014,651,72,579
225000015,56,253,-197
225000021,390,248,142
225000027,227,552,-325
225000032,324,180,144
225000042,90,857,-767
225000049,32,45,-13
225000050,38,34,4
225000053,5,200,-195
225000058,513,138,375
225000067,104,213,-109
225000068,62,653,-591
225000069,123,633,-510
225000070,58,582,-524
225000071,17,366,-349
225000075,24,1074,-1050
225000076,57,146,-89
225000078,58,48,10
225000085,21,90,-69
225000086,137,44,93
225000087,158,27,131
225000088,23,135,-112
225000089,284,676,-392
225000090,29,377,-348
225000091,97,261,-164
225000092,45,89,-44
225000093,120,498,-378
225000094,16,661,-645
225000095,235,690,-455
225000096,284,587,-303
225000098,315,189,126
225000099,144,147,-3
225000100,77,123,-46
225000104,78,530,-452
225000110,7,591,-584
225000111,178,1235,-1057
225000112,418,1071,-653
225000113,114,763,-649
225000114,43,371,-328
225000115,3541,478,3063
225000116,805,135,670
225000117,784,292,492
225000118,465,279,186
225000119,107,88,19
225000120,395,80,315
225000121,276,24,252
225000123,1458,11,1447
225000125,233,341,-108
225000126,1246,173,1073
225000127,824,440,384
225000128,345,405,-60
225000132,174,23,151
225000133,161,27,134
225000134,401,99,302
225000135,34,3,31
225000136,150,21,129
225000137,96,87,9
225000138,304,28,276
225000143,117,152,-35
225000144,7,306,-299
225000145,21,62,-41
225000146,34,173,-139
225000147,4,451,-447
225000148,5,243,-238
225000149,48,543,-495
225000151,27,282,-255
225000155,251,523,-272
225000156,270,601,-331
225000157,177,351,-174
225000158,103,513,-410
225000171,1,158,-157
225000180,34,17,17
225000181,0,61,-61
225000182,81,7,74
225000185,6,470,-464
225000187,34,566,-532
225000191,85,1,84
225000194,0,13,-13
225000208,2,59,-57
225000209,32,21,11
225000210,7,234,-227
225000217,0,9,-9
225000218,2,2,0
225000223,5,162,-157
225000224,350,1,349
225000225,3,69,-66
225000226,105,6,99
225000227,45,88,-43
225000228,6,5,1
225000229,1,119,-118
225000230,4,1,3
225000231,0,126,-126
225000232,16,0,16
225000241,78,0,78
225000242,1,43,-42
225000249,3,1,2
225000250,46,878,-832
225000251,255,24,231
226000042,534,693,-159
226000043,105,371,-266
226000044,203,1062,-859
226000045,75,587,-512
226000046,302,44,258
226000047,261,64,197
226000048,215,63,152
226000049,214,94,120
226000070,0,66,-66
226000071,0,74,-74
226000072,0,9,-9
226000073,0,5,-5
226000074,0,4,-4
226000084,0,54,-54
226000085,3,4,-1
226000086,5,8,-3
226000087,1,6,-5
226000088,24,17,7
226000090,96,43,53
226000091,3,5,-2
226000092,0,2,-2
226000093,26,1,25
226000094,21,0,21
226000095,20,1,19
226000105,0,0,0
226000106,6,0,6
226000107,1,0,1
226000108,13,0,13
226000109,54,0,54
226000124,103,54,49
226000134,257,393,-136
226000135,512,577,-65
226000136,155,355,-200
226000137,7,697,-690
226000138,12,524,-512
226000139,0,13,-13
226000156,74,1,73
226000157,98,5,93
226000163,45,464,-419
226000202,7,607,-600
226000231,182,6,176
226000232,10,3,7
227000037,103,21,82
227000038,181,19,162
227000049,0,13,-13
227000050,2,47,-45
227000055,27,0,27
227000056,26,0,26
227000084,0,39,-39
227000085,2,24,-22
227000088,85,2,83
227000089,59,2,57
227000090,16,2,14
227000091,13,3,10
227000093,65,0,65
227000094,3,0,3
227000130,35,54,-19
227000131,10,209,-199
227000132,13,253,-240
227000133,17,240,-223
227000134,21,419,-398
227000152,0,0,0
227000153,0,23,-23
227000155,1,16,-15
227000156,0,18,-18
227000165,2,17,-15
227000196,24,540,-516
227000199,136,13,123
227000230,20,320,-300
227000232,173,30,143
227000241,141,36,105
227000242,22,388,-366
227000243,284,77,207
227000244,207,51,156
227000245,17,320,-303
227000246,31,535,-504
227000247,203,56,147
227000248,188,20,168
227000249,13,311,-298
227000251,175,337,-162
227000252,15,356,-341
227000253,37,23,14
227000262,172,23,149
227000266,286,8,278
227000267,50,2018,-1968
227000486,406,126,280
227000655,87,8,79
227000661,116,16,100
227000680,144,24,120
229000265,3,66,-63
229000296,0,5,-5
229000297,2,35,-33
229000298,8,166,-158
229000320,3,7,-4
229000321,10,2,8
229000412,4,49,-45
229000414,13,90,-77
229000415,23,2,21
229000416,1,11,-10
229000417,5,12,-7
229000419,101,236,-135
229000440,157,81,76
229000442,16,2,14
229000443,3,2,1
229000444,0,34,-34
229000445,14,2,12
229000446,29,13,16
229000847,19,0,19
229000848,12,1,11
229000849,73,1,72
229000851,15,0,15
229000854,1,124,-123
229000856,1,264,-263
229000857,0,71,-71
229000858,1,161,-160
229000919,18,120,-102
229000930,1,369,-368
229000937,40,12,28
229000966,36,23,13
229000981,19,90,-71
229000985,1,67,-66
229000986,0,9,-9
229000987,0,0,0
229000988,1,0,1
229000989,3,5,-2
229000990,0,1,-1
229000991,0,0,0
229000992,10,16,-6
229000993,222,7,215
229000998,12,69,-57
229000999,41,18,23
229001034,4,17,-13
229001035,13,0,13
229001037,35,6,29
229001042,12,10,2
229001047,1,43,-42
229001050,37,57,-20
229001200,8,2,6
229001338,1,10,-9
229001394,168,1,167
229001422,55,17,38
229001423,54,188,-134
229001431,37,42,-5
229001432,60,132,-72
229001444,71,67,4
229001445,31,125,-94
229001503,122,89,33
229001504,109,268,-159
229001505,66,58,8
229001506,25,301,-276
229001509,26,20,6
229001545,29,5,24
229001546,1,101,-100
229001553,34,16,18
229001554,13,131,-118
229001559,0,7,-7
229001560,2,24,-22
229001630,15,14,1
229001631,7,30,-23
229001635,1,6,-5
229001636,0,0,0
229001658,1,108,-107
229001659,61,5,56
229001660,6,1,5
229001661,3,15,-12
229001662,25,0,25
229001663,0,8,-8
229002584,98,127,-29
229002831,229,94,135
229002841,5,7,-2
229002842,8,8,0
229002843,27,11,16
229002844,15,49,-34
229002845,9,39,-30
229002846,17,12,5
229002847,2,11,-9
229002848,4,6,-2
229002849,0,55,-55
229002850,0,0,0
229002851,22,86,-64
229002852,57,21,36
229002853,54,12,42
229002854,25,21,4
229002855,15,9,6
229002856,11,10,1
229002857,0,27,-27
229002858,1,6,-5
229002859,33,15,18
229002860,42,3,39
229002861,24,13,11
229002862,3,18,-15
229002863,21,17,4
229002864,7,25,-18
229002865,18,9,9
229002866,19,10,9
229002867,4,18,-14
229002868,3,6,-3
229002869,7,90,-83
229002870,25,4,21
235000066,188,71,117
235000067,72,120,-48
235000072,8,45,-37
235000073,38,174,-136
235000074,7,60,-53
235000080,25,65,-40
235000081,36,134,-98
235000082,55,49,6
235000083,65,77,-12
235000084,62,61,1
235000085,38,65,-27
235000089,2,24,-22
235000092,8,118,-110
235000093,4,5,-1
235000097,0,3,-3
235000098,22,8,14
235000099,12,17,-5
235000116,39,30,9
235000117,723,20,703
235000133,7,169,-162
235000134,5,88,-83
235000206,6,0,6
235000207,0,3,-3
235000208,1,1,0
235000209,3,0,3
235000210,6,2,4
235000212,5,23,-18
235000213,3,16,-13
235000220,0,2,-2
235000221,32,5,27
235000238,10,15,-5
235000239,1,2,-1
235000242,230,219,11
235000245,880,200,680
235000246,4,65,-61
235000284,3,128,-125
235000295,105,0,105
235000305,104,9,95
235000306,71,3,68
235000307,10,0,10
235000308,13,0,13
235000309,21,0,21
235000310,4,0,4
235000311,21,3,18
235000322,0,35,-35
235000323,3,59,-56
235000324,0,17,-17
235000325,0,15,-15
235000326,4,319,-315
235000351,3,101,-98
235000352,5,53,-48
235000353,2,43,-41
235000354,5,38,-33
235000355,9,58,-49
235000356,56,24,32
235000357,2,12,-10
235000358,29,10,19
235000359,3,2,1
235000360,32,9,23
235000361,31,6,25
235000381,20,269,-249
235000382,67,19,48
235000390,1,2,-1
235000391,43,8,35
235000392,64,100,-36
235000393,41,63,-22
235000395,43,20,23
235000396,103,72,31
235000400,77,83,-6
235000401,26,151,-125
235000405,58,284,-226
235000406,34,313,-279
235000407,47,111,-64
235000409,168,210,-42
235000410,33,242,-209
235000411,1,79,-78
235000485,0,8,-8
235000486,2,0,2
235000549,20,62,-42
235000550,36,167,-131
235000599,37,50,-13
235000600,8,22,-14
235000601,7,19,-12
235000602,22,87,-65
235000614,0,0,0
235000648,0,18,-18
235000649,15,1,14
235000685,0,3,-3
235000815,4,36,-32
235000834,0,7,-7
235000855,17,31,-14
235000862,14,170,-156
235000891,0,5,-5
235000892,11,3,8
235000901,39,100,-61
235000907,3,16,-13
235001010,13,45,-32
235001029,351,439,-88
235001030,262,128,134
235001078,51,64,-13
235001079,41,122,-81
235001147,7,37,-30
235001166,0,90,-90
235001167,17,45,-28
235001169,22,311,-289
235001188,3,5,-2
235001189,0,0,0
235001197,6,15,-9
235001200,14,14,0
235001207,97,25,72
235001210,50,243,-193
235001215,51,198,-147
235001239,4,30,-26
235001244,0,4,-4
235016267,0,8,-8
277102712,0,0,0
277103813,0,0,0
277104249,0,9,-9
277104250,0,23,-23
277104251,0,21,-21
277104252,0,7,-7
990011530,0,232,-232
990014944,1,395,-394
990015176,8,7,1
990016032,0,442,-442
990032570,2,62,-60
990070001,62,2,60
990070103,0,2,-2
990070601,0,24,-24
990070751,165,0,165
990070766,2,1005,-1003
990071180,604,173,431
990071343,18,2,16
990071387,1,9,-8
990071823,14,0,14
990072600,1,565,-564
990072964,1,407,-406
990073285,0,4,-4
990074393,2,1339,-1337
990074870,390,1,389
990075106,366,1,365
990075746,177,3,174
990076437,282,0,282
990076458,4,1480,-1476
997000007,64,5,59
997000041,0,71,-71
997000058,17,0,17
997000062,30,2,28
997000069,0,8,-8
997000070,0,177,-177
997000100,7,0,7
997000141,3,821,-818
997000198,162,438,-276
998000475,0,8,-8
998000736,1,402,-401
998000965,0,5,-5
998001031,0,55,-55
998001700,0,20,-20
998001899,0,0,0
998001900,7,1,6
998003073,303,0,303
998101900,0,0,0
998102850,0,66,-66
998501927,597,272,325
998501929,38,4,34
998501930,62,9,53
998501931,85,1,84
998501932,1,0,1
998501933,53,21,32
998501937,15,1,14
998501944,0,0,0
998501950,0,1,-1
998501970,26,2,24
998501971,0,62,-62
998501973,1,99,-98
998501974,1,231,-230
998501975,215,1,214
998501976,59,7,52
998501977,0,6,-6
998501978,27,1,26
998501979,0,4,-4
998501980,80,2,78
998501981,14,7,7
998501982,0,65,-65
998501983,0,1,-1
998502006,0,0,0
998502032,0,2,-2
998502062,17,0,17
998502063,0,0,0
998502173,52,0,52
998502269,0,0,0
998502546,6,101,-95
998502578,4,1,3
998502599,109,208,-99
998502621,0,1,-1
998601159,2,350,-348
998601292,0,17,-17
999033574,4,1788,-1784
999800001,11,2,9
999800002,0,23,-23
999800003,0,0,0
999800004,0,6,-6
999800005,0,3,-3
