ID,insum,outsum,diff
100000001,23,31,-8
100000002,1234,1934,-700
100000003,835,1708,-873
100000004,51,539,-488
100000005,702,1018,-316
100000006,1,33,-32
100000007,82,102,-20
100000008,0,0,0
100000009,0,36,-36
100000010,0,21,-21
100000011,7,16,-9
100000012,0,0,0
100000013,0,0,0
100000014,0,0,0
100000015,122,171,-49
100000016,0,0,0
100000017,0,0,0
100000018,93,22,71
100000019,70,281,-211
100000020,30,242,-212
100000021,0,0,0
100000022,48,127,-79
100000023,5,0,5
100000025,1,12,-11
100000028,11,5,6
100000029,0,0,0
100000030,0,0,0
100000031,83,357,-274
100000032,73,182,-109
100000033,75,98,-23
100000034,0,0,0
100000035,8,68,-60
100000036,45,59,-14
100000037,27,27,0
100000038,186,64,122
100000039,50,6,44
100000040,0,5,-5
100000041,43,15,28
100000042,92,42,50
100000043,11,30,-19
100000044,0,0,0
100000045,0,0,0
100000046,0,0,0
100000047,0,0,0
100000048,0,0,0
100000049,0,0,0
100000051,0,0,0
100000053,0,0,0
100000054,7,6,1
100000055,0,0,0
100000056,4,41,-37
100000057,51,23,28
100000058,0,0,0
100000059,2,2,0
100000060,86,50,36
100000061,91,29,62
100000062,97,26,71
100000063,68,44,24
100000064,134,18,116
100000065,7,1,6
100000066,12,0,12
100000067,2,7,-5
100000068,1,7,-6
100000069,11,20,-9
100000072,0,0,0
100000073,0,0,0
100000075,0,0,0
100000076,144,743,-599
100000077,3,70,-67
100000078,4,137,-133
100000079,2,93,-91
100000080,5,44,-39
100000081,10,53,-43
100000102,257,1064,-807
100000103,60,68,-8
100000104,59,66,-7
100000105,0,0,0
100000106,114,1224,-1110
100000107,18,286,-268
100000108,3,8,-5
100000109,57,13,44
100000116,56,133,-77
100000117,2,51,-49
100000118,311,14,297
100000119,66,22,44
100000121,23,16,7
100000122,69,99,-30
100000123,162,68,94
100000124,35,48,-13
100000125,23,72,-49
100000126,3,18,-15
100000127,2,6,-4
100000128,0,3,-3
100000129,22,5,17
100000130,0,0,0
100000131,0,0,0
100000132,2,115,-113
100000133,86,40,46
100000135,66,53,13
100000139,115,127,-12
100000140,0,0,0
100000142,91,22,69
100000143,0,0,0
100000144,0,0,0
100000147,246,764,-518
100000150,2,15,-13
100000151,94,413,-319
100000153,0,0,0
100000154,0,0,0
100000155,1,47,-46
100000156,4,77,-73
100000157,280,42,238
100000158,13,44,-31
100000159,0,73,-73
100000165,66,24,42
100000169,0,0,0
100000174,0,0,0
100000179,3,1,2
100000180,0,0,0
100000181,5,2,3
100000188,0,0,0
100000189,87,15,72
100000190,40,138,-98
100000191,3,166,-163
100000192,2,182,-180
100000193,42,33,9
100000330,0,0,0
100000355,5,10,-5
100000362,64,39,25
100000363,1615,2396,-781
100000364,0,0,0
100000365,2021,833,1188
100000366,246,118,128
100000367,1782,1299,483
100000368,40,31,9
100000369,37,654,-617
100000370,0,34,-34
100000376,0,0,0
100000379,148,516,-368
100000380,627,1420,-793
100000384,1001,1896,-895
100000385,80,620,-540
100000386,293,941,-648
100000387,201,976,-775
100000388,829,779,50
100000389,921,1762,-841
100000390,203,218,-15
100000391,211,1551,-1340
100000392,77,104,-27
100000393,52,514,-462
100000394,49,191,-142
100000395,43,140,-97
100000396,179,184,-5
100000397,211,508,-297
100000398,1594,560,1034
100000413,0,0,0
100000414,2,40,-38
100900002,0,0,0
100900003,0,0,0
100900004,0,0,0
100900005,0,0,0
100900006,0,0,0
100900007,0,0,0
100900008,0,0,0
100900009,0,0,0
100900010,0,0,0
100900011,0,0,0
100900012,0,0,0
100900013,0,0,0
100900014,0,0,0
100900015,0,0,0
100900016,0,0,0
100900017,0,0,0
100900018,0,0,0
100900019,0,0,0
100900020,0,0,0
100900021,0,0,0
100900022,0,0,0
100900023,0,0,0
100900024,0,0,0
100900025,0,0,0
100900026,0,0,0
100900027,0,0,0
100900028,0,0,0
100900029,0,0,0
100900030,0,0,0
100900031,0,0,0
100900032,0,0,0
100900033,0,0,0
100900034,0,0,0
100900035,0,0,0
100900036,0,0,0
100900037,0,0,0
100900038,0,0,0
100900039,0,0,0
100900040,0,0,0
100900041,0,0,0
100900042,9,2,7
100900043,0,0,0
100900044,0,0,0
100900045,0,0,0
100900046,0,0,0
100900047,0,0,0
100900048,0,0,0
100900049,0,0,0
100900050,0,0,0
100900051,0,0,0
100900052,0,0,0
100900053,0,0,0
100900054,0,0,0
100900055,0,0,0
100900056,0,0,0
100900057,0,0,0
100900058,0,0,0
100900059,0,0,0
100900060,0,0,0
100900061,0,0,0
100900062,0,0,0
100900063,0,0,0
100900064,0,0,0
100900065,0,0,0
100900066,0,0,0
100900067,0,0,0
100900068,0,0,0
100900069,0,0,0
100900070,0,0,0
100900071,0,0,0
100900072,0,0,0
100900073,0,0,0
100900074,0,0,0
100900075,0,0,0
100900076,0,0,0
100900077,0,0,0
100900078,0,0,0
100900079,0,0,0
100900080,0,0,0
100900081,0,0,0
100900082,0,0,0
100900083,0,0,0
100900085,0,0,0
100900086,0,0,0
100900088,0,0,0
100900089,0,0,0
100900090,0,0,0
100900091,0,0,0
100900092,0,0,0
100900093,0,0,0
100900094,0,0,0
100900095,0,0,0
100900096,0,0,0
100900097,0,0,0
100900098,0,0,0
100900099,0,0,0
100900100,0,0,0
100900101,0,0,0
100900102,0,0,0
100900103,0,0,0
100900104,0,0,0
100900105,0,0,0
100900106,0,0,0
100900107,0,0,0
100900108,0,0,0
100900109,0,0,0
100900110,0,0,0
100900111,0,0,0
100900112,0,0,0
100900113,0,0,0
100900114,0,0,0
100900115,0,0,0
100900116,0,0,0
100900117,0,0,0
100900118,0,0,0
100900119,0,0,0
100900120,0,0,0
100900121,0,0,0
100900122,0,0,0
100900123,0,0,0
100900124,0,0,0
100900125,0,0,0
100900126,0,0,0
100900127,0,0,0
100900128,0,0,0
100900129,0,0,0
100900131,0,0,0
100900133,0,0,0
100900134,0,0,0
100900135,0,0,0
100900137,0,0,0
100900138,0,0,0
100900139,0,0,0
100900140,0,0,0
100900141,0,0,0
100900142,0,0,0
100900143,0,0,0
100900144,0,0,0
100900145,0,0,0
100900147,0,0,0
100900148,0,0,0
100900149,0,0,0
100900151,0,0,0
100900152,0,0,0
100900153,0,0,0
100900154,0,0,0
100900155,0,0,0
100900156,0,0,0
100900157,0,0,0
100900159,0,0,0
100900160,0,0,0
100900161,0,0,0
100900162,0,0,0
100900163,0,0,0
100900164,0,0,0
100900165,0,0,0
100900166,0,0,0
100900167,0,0,0
100900168,0,0,0
100900169,0,0,0
100900170,0,0,0
100900171,0,0,0
100900172,0,0,0
100900173,0,0,0
100900174,0,0,0
100900176,0,0,0
100900177,0,0,0
100900178,0,0,0
100900179,0,0,0
100900180,0,0,0
100900181,0,0,0
100900182,0,0,0
100900184,0,0,0
100900186,0,0,0
100900187,0,0,0
100900188,0,0,0
100900189,0,0,0
100900191,0,0,0
100900192,0,0,0
100900195,0,0,0
100900197,0,0,0
100900198,0,0,0
100900199,0,0,0
100900200,0,0,0
100900201,0,0,0
100900202,0,0,0
100900203,0,0,0
100900204,0,0,0
100900205,0,0,0
100900206,0,0,0
100900207,0,0,0
100900210,0,0,0
100900211,0,0,0
100900213,0,0,0
100900214,0,0,0
100900215,0,0,0
100900217,0,0,0
101000001,53,211,-158
101000002,31,79,-48
101000003,2,113,-111
101000004,619,1186,-567
101000005,412,826,-414
101000006,261,109,152
101000007,35,372,-337
101000009,150,27,123
101000010,18,35,-17
101000011,14,43,-29
101000012,0,0,0
101000013,37,106,-69
101000014,5,61,-56
101000015,2,14,-12
101000016,0,0,0
101000017,0,0,0
101000018,63,26,37
101000020,43,28,15
101000021,10,78,-68
101000022,0,0,0
101000023,8,140,-132
101000025,0,0,0
101000026,0,0,0
101000027,43,141,-98
101000028,0,0,0
101000029,0,0,0
101000030,0,0,0
101000031,1,19,-18
101000032,414,726,-312
101000033,1,3,-2
101000034,75,52,23
101000035,0,0,0
101000036,15,35,-20
101000037,37,236,-199
101000039,0,0,0
101000040,4,101,-97
101000041,552,1490,-938
101000042,23,232,-209
101000043,12,122,-110
101000045,41,133,-92
101000046,188,315,-127
101000047,267,224,43
101000048,45,90,-45
101000049,0,0,0
101000050,52,155,-103
101000051,47,418,-371
101000052,107,484,-377
101000053,102,94,8
101000054,106,27,79
101000055,168,505,-337
101000056,0,0,0
101000057,5,1,4
101000058,70,443,-373
101000059,174,953,-779
101000060,25,1,24
101000061,26,982,-956
101000062,2,2,0
101000063,66,520,-454
101000064,5,1,4
101000065,41,258,-217
101000066,61,187,-126
101000067,10,1,9
101000068,65,117,-52
101000069,21,1,20
101000070,50,2,48
101000071,50,53,-3
101000072,522,220,302
101000073,227,183,44
101000074,634,250,384
101000075,1010,166,844
101000077,331,76,255
101000078,137,67,70
101000079,212,170,42
101000080,39,15,24
101000081,325,60,265
101000082,21,9,12
101000083,310,157,153
101000084,19,0,19
101000085,293,193,100
101000086,0,0,0
101000087,0,0,0
101000088,289,122,167
101000089,128,54,74
101000090,0,0,0
101000091,16,5,11
101000092,218,52,166
101000093,123,28,95
101000094,3,5,-2
101000095,3,3,0
101000096,40,19,21
101000097,8,1,7
101000098,1,3,-2
101000099,9,59,-50
101000100,14,5,9
101000101,71,35,36
101000102,16,113,-97
101000103,87,28,59
101000104,17,135,-118
101000105,0,19,-19
101000106,0,0,0
101000107,0,0,0
101000108,0,0,0
101000109,0,0,0
101000110,0,0,0
101000111,0,0,0
101000113,0,0,0
101000114,92,77,15
101000115,0,0,0
101000116,0,0,0
101000117,0,0,0
101000119,0,0,0
101000120,0,0,0
101000121,0,0,0
101000122,0,0,0
101000123,0,0,0
101000124,0,0,0
101000125,5,5,0
101000128,0,0,0
101000130,18,1,17
101000131,45,14,31
101000132,7,6,1
101000135,0,0,0
101000136,0,0,0
101000137,0,0,0
101000141,144,1377,-1233
101000147,4,4,0
101000148,0,0,0
101000149,0,0,0
101000150,0,0,0
101000151,0,0,0
101000152,2,3,-1
101000153,15,13,2
101000154,79,25,54
101000155,0,0,0
101000156,0,0,0
101000157,0,0,0
101000160,0,0,0
101000163,38,132,-94
101000164,1,0,1
101000165,68,39,29
101000166,55,5,50
101000168,0,0,0
101000252,308,60,248
101000254,0,0,0
101000258,0,0,0
101000261,0,0,0
101000262,148,1635,-1487
101000263,66,105,-39
101000265,0,0,0
101000266,0,0,0
101000269,0,0,0
101000290,63,90,-27
101000293,0,0,0
101000294,9,4,5
101000295,0,3,-3
101000301,3,20,-17
101000304,120,399,-279
101000305,299,250,49
101000328,21,129,-108
101900001,0,0,0
101900002,0,0,0
101900003,0,0,0
101900004,0,0,0
101900005,0,0,0
101900006,0,0,0
101900007,0,0,0
101900008,0,0,0
101900009,0,0,0
101900010,0,0,0
101900011,0,0,0
101900012,0,0,0
101900013,0,0,0
101900017,0,0,0
101900018,0,0,0
101900019,0,0,0
101900020,0,0,0
101900021,0,0,0
101900022,0,0,0
101900023,0,0,0
101900026,0,0,0
101900027,0,0,0
102000001,233,385,-152
102000002,83,55,28
102000003,41,229,-188
102000004,69,220,-151
102000005,44,253,-209
102000006,12,202,-190
102000007,33,347,-314
102000008,170,98,72
102000009,227,393,-166
102000010,134,155,-21
102000011,170,420,-250
102000012,289,172,117
102000018,57,72,-15
102000019,0,0,0
102000026,0,0,0
102000029,0,0,0
102000030,0,0,0
102000031,0,0,0
102000032,0,0,0
102000033,0,0,0
102000034,0,0,0
102000035,2,0,2
102000036,0,0,0
102000037,0,0,0
102000038,0,0,0
102000039,0,0,0
102000040,0,0,0
102000041,0,0,0
102000042,0,0,0
102000043,0,0,0
102000044,0,0,0
102000045,47,100,-53
102000046,0,0,0
102000047,20,37,-17
102000048,0,0,0
102000049,0,0,0
102000050,116,53,63
102000051,0,0,0
102000052,121,53,68
102000053,0,0,0
102000054,64,6,58
102000055,26,12,14
102000056,298,25,273
102000057,44,66,-22
102000058,34,8,26
102000059,15,5,10
102000060,386,285,101
102000061,18,7,11
102000062,167,149,18
102000063,0,3,-3
102000064,7,38,-31
102000065,0,0,0
102000066,14,14,0
102000067,11,55,-44
102000068,215,180,35
102000069,0,0,0
102000070,0,0,0
102000071,470,258,212
102000072,74,110,-36
102000073,0,0,0
102000074,0,0,0
102000075,0,0,0
102000076,0,0,0
102000077,0,0,0
102000078,0,0,0
102000079,0,0,0
102000080,0,0,0
102000081,28,0,28
102000082,0,0,0
102000083,0,0,0
102000084,170,12,158
102000085,0,0,0
102000086,127,25,102
102000087,0,3,-3
102000088,2,28,-26
102000089,98,75,23
102000090,84,72,12
102000091,205,87,118
102000092,59,49,10
102000093,190,92,98
102000094,19,56,-37
102000095,0,0,0
102000096,64,71,-7
102000097,0,0,0
102000098,9,12,-3
102000099,19,14,5
102000100,1,24,-23
102000101,2,6,-4
102000102,17,60,-43
102000103,15,26,-11
102000104,0,0,0
102000105,0,0,0
102000106,0,0,0
102000107,0,0,0
102000108,0,0,0
102000109,0,0,0
102000110,0,0,0
102000111,0,0,0
102000112,0,0,0
102000113,0,0,0
102000114,0,0,0
102000115,0,0,0
102000116,1,114,-113
102000117,0,0,0
102000118,3,266,-263
102000119,0,0,0
102000120,0,0,0
102000121,0,0,0
102000122,0,0,0
102000123,0,0,0
102000124,0,0,0
102000125,0,0,0
102000126,0,0,0
102000127,0,0,0
102000128,0,0,0
102000129,0,0,0
102000130,0,0,0
102000131,0,0,0
102000132,0,0,0
102000133,215,32,183
102000134,27,35,-8
102000135,0,0,0
102000136,0,0,0
102000137,0,0,0
102000138,0,0,0
102000139,0,0,0
102000140,0,0,0
102000141,0,0,0
102000142,0,0,0
102000143,0,0,0
102000144,0,0,0
102000145,0,0,0
102000146,0,0,0
102000147,0,0,0
102000148,0,0,0
102000149,0,0,0
102000150,0,0,0
102000151,0,0,0
102000152,0,0,0
102000153,0,0,0
102000154,0,0,0
102000155,0,0,0
102000156,0,0,0
102000157,0,0,0
102000158,0,0,0
102000159,0,0,0
102000161,0,0,0
102000162,0,0,0
102000163,0,0,0
102000164,0,0,0
102000165,0,0,0
102000166,0,0,0
102000167,0,0,0
102000168,1,0,1
102000169,1,0,1
102000170,0,0,0
102000171,0,0,0
102000172,0,0,0
102000173,1,5,-4
102000174,0,0,0
102000175,5,0,5
102000176,0,0,0
102000178,1,0,1
102000179,3,17,-14
102000180,34,1,33
102000181,22,2,20
102000182,15,1,14
102000183,129,58,71
102000184,39,0,39
102000185,267,22,245
102000186,9,5,4
102000187,39,4,35
102000188,133,21,112
102000189,5,6,-1
102000190,19,44,-25
102000191,57,7,50
102000192,0,0,0
102000193,0,0,0
102000194,0,0,0
102000195,0,0,0
102000196,0,0,0
102000197,0,0,0
102000198,0,0,0
102000199,0,0,0
102000200,0,0,0
102000201,0,0,0
102000202,0,0,0
102000203,0,0,0
102000204,0,0,0
102000205,0,0,0
102000206,0,0,0
102000207,0,0,0
102000208,0,0,0
102000209,0,0,0
102000210,0,0,0
102000211,0,0,0
102000212,0,0,0
102000213,0,0,0
102000214,0,0,0
102000215,0,0,0
102000216,0,0,0
102000217,0,0,0
102000218,0,0,0
102000219,0,0,0
102000225,69,45,24
102000226,0,0,0
102000227,0,0,0
102000228,0,0,0
102000229,0,0,0
102000230,27,8,19
102000231,0,0,0
102000232,0,0,0
102000233,56,90,-34
102000234,4,73,-69
102000236,0,0,0
102000237,0,0,0
102000238,0,0,0
102000240,0,0,0
102000241,0,0,0
102000243,0,2,-2
102000245,0,0,0
102000246,0,0,0
102000247,4,21,-17
102000248,20,163,-143
102000249,0,0,0
102000250,0,0,0
102000254,36,11,25
102000266,0,0,0
102000271,0,0,0
102000286,0,4,-4
102000297,0,0,0
102000307,0,0,0
102000316,0,0,0
102900001,0,0,0
102900002,0,0,0
102900003,0,0,0
102900005,0,0,0
102900006,0,0,0
102900007,0,0,0
102900008,0,0,0
102900009,0,0,0
102900010,0,0,0
102900011,0,0,0
102900012,0,0,0
102900013,0,0,0
102900015,0,0,0
102900016,0,0,0
102900017,0,0,0
102900018,0,0,0
102900019,0,0,0
102900020,0,0,0
102900021,0,0,0
102900022,0,0,0
102900023,0,0,0
102900024,0,0,0
102900025,0,0,0
102900026,0,0,0
102900027,0,0,0
102900028,0,0,0
102900029,0,0,0
102900030,0,0,0
102900031,0,0,0
102900032,0,0,0
102900033,0,0,0
102900034,0,0,0
102900035,0,0,0
102900036,0,0,0
102900037,0,0,0
102900038,0,0,0
102900039,0,0,0
102900040,0,0,0
102900041,0,0,0
102900042,0,0,0
102900043,0,0,0
102900044,0,0,0
102900045,0,0,0
102900046,0,0,0
102900047,0,0,0
102900048,0,0,0
102900049,0,0,0
102900050,0,0,0
102900051,0,0,0
102900053,0,0,0
102900054,0,0,0
102900055,0,0,0
102900056,0,0,0
102900057,0,0,0
102900058,0,0,0
102900059,0,0,0
102900060,0,0,0
102900061,0,0,0
102900062,0,0,0
102900063,0,0,0
102900064,0,0,0
102900065,0,0,0
102900066,0,0,0
102900068,0,0,0
102900070,0,0,0
102900072,0,0,0
102900073,0,0,0
102900075,0,0,0
102900076,0,0,0
102900077,0,0,0
102900078,0,0,0
102900079,0,0,0
102900080,0,0,0
102900081,0,0,0
102900082,0,0,0
102900083,0,0,0
102900084,0,0,0
102900085,0,0,0
102900086,0,0,0
102900087,0,0,0
102900088,0,0,0
102900089,0,0,0
102900090,0,0,0
102900091,0,0,0
102900092,0,0,0
102900094,0,0,0
102900095,0,0,0
102900096,0,0,0
102900097,0,0,0
103000001,170,77,93
103000002,34,60,-26
103000003,53,103,-50
103000004,2,9,-7
103000005,574,246,328
103000006,167,110,57
103000007,13,9,4
103000008,0,0,0
103000009,82,86,-4
103000010,0,0,0
103000011,11,12,-1
103000012,249,297,-48
103000013,74,19,55
103000014,244,559,-315
103000015,0,0,0
103000016,44,53,-9
103000017,59,24,35
103000018,0,0,0
103000019,68,94,-26
103000020,1,55,-54
103000021,717,564,153
103000022,33,43,-10
103000023,245,510,-265
103000024,0,0,0
103000025,0,73,-73
103000026,0,0,0
103000027,25,36,-11
103000028,2,19,-17
103000029,22,63,-41
103000030,5,18,-13
103000031,118,239,-121
103000032,134,176,-42
103000033,1360,627,733
103000034,4,21,-17
103000035,31,143,-112
103000036,10,110,-100
103000037,3,5,-2
103000038,140,156,-16
103000039,0,20,-20
103000040,17,39,-22
103000041,130,88,42
103000042,15,0,15
103000043,85,63,22
103000044,0,0,0
103000046,0,0,0
103000047,0,0,0
103000048,0,0,0
103000049,0,0,0
103000050,0,0,0
103000051,0,0,0
103000052,0,0,0
103000053,0,0,0
103000054,207,3,204
103000055,320,34,286
103000056,56,30,26
103000057,176,128,48
103000058,107,8,99
103000059,24,29,-5
103000060,98,3,95
103000061,58,54,4
103000062,0,0,0
103000063,103,53,50
103000064,0,0,0
103000065,0,0,0
103000066,0,0,0
103000069,0,0,0
103000070,0,0,0
103000071,48,28,20
103000072,0,0,0
103000073,86,1,85
103000074,66,5,61
103000075,0,0,0
103000076,30,37,-7
103000077,0,0,0
103000078,82,56,26
103000079,14,25,-11
103000080,70,44,26
103000081,0,126,-126
103000082,170,19,151
103000083,0,0,0
103000084,7,0,7
103000085,0,0,0
103000086,99,85,14
103000087,10,110,-100
103000088,0,0,0
103000089,32,70,-38
103000090,478,224,254
103000091,39,70,-31
103000092,265,36,229
103000093,0,0,0
103000094,47,30,17
103000095,0,0,0
103000096,116,13,103
103000097,0,0,0
103000098,191,28,163
103000099,0,0,0
103000100,0,0,0
103000101,77,0,77
103000102,0,0,0
103000103,75,1,74
103000104,7,0,7
103000105,1,0,1
103000106,0,0,0
103000107,23,27,-4
103000108,65,6,59
103000109,14,12,2
103000110,44,49,-5
103000111,0,0,0
103000112,32,14,18
103000113,0,0,0
103000114,293,95,198
103000115,52,18,34
103000116,31,5,26
103000117,64,2,62
103000118,0,0,0
103000119,0,0,0
103000120,0,0,0
103000121,1,1,0
103000122,172,628,-456
103000125,0,5,-5
103000126,78,0,78
103000127,0,0,0
103000128,0,0,0
103000129,0,0,0
103000130,37,0,37
103000131,0,28,-28
103000132,0,18,-18
103000133,0,15,-15
103000134,103,38,65
103000135,81,10,71
103000136,225,61,164
103000137,21,84,-63
103000138,40,182,-142
103000139,0,0,0
103000140,3,6,-3
103000141,0,0,0
103000142,34,11,23
103000143,0,0,0
103000144,33,6,27
103000145,0,0,0
103000150,0,0,0
103000152,0,0,0
103000153,54,67,-13
103000156,0,3,-3
103000157,2,0,2
103000159,0,0,0
103000162,0,0,0
103000163,0,25,-25
103000164,0,0,0
103000165,0,0,0
103000166,61,32,29
103000167,4,4,0
103000168,0,0,0
103000169,25,4,21
103000170,296,293,3
103000171,0,0,0
103000172,89,14,75
103000173,0,0,0
103000174,121,22,99
103000175,0,0,0
103000176,8,32,-24
103000177,0,0,0
103000178,0,0,0
103000179,0,0,0
103000183,43,0,43
103000185,24,7,17
103000186,30,4,26
103000187,0,0,0
103000188,1,2,-1
103000189,0,0,0
103000191,0,1,-1
103000292,1,50,-49
103000293,17,114,-97
103000295,62,9,53
103000296,12,0,12
103000297,0,0,0
103000504,0,0,0
103000505,0,0,0
103000506,0,0,0
103000507,0,0,0
103000508,0,0,0
103000509,0,0,0
103000514,0,0,0
103900001,0,0,0
103900002,0,0,0
103900003,0,0,0
103900004,0,0,0
103900005,0,0,0
103900006,0,0,0
103900007,0,0,0
103900008,0,0,0
103900009,0,0,0
103900010,0,0,0
103900011,0,0,0
103900012,0,0,0
103900013,0,0,0
103900014,0,0,0
103900015,0,0,0
103900016,0,0,0
103900017,0,0,0
103900018,0,0,0
103900019,0,0,0
103900020,0,0,0
103900021,0,0,0
103900022,0,0,0
103900023,0,0,0
103900024,0,0,0
103900025,0,0,0
103900026,0,0,0
103900027,0,0,0
103900028,0,0,0
103900029,0,0,0
103900030,0,0,0
103900031,0,0,0
103900032,0,0,0
103900033,0,0,0
103900034,0,0,0
103900035,0,0,0
103900036,0,0,0
103900037,0,0,0
103900038,0,0,0
103900039,0,0,0
103900040,0,0,0
103900041,0,0,0
103900042,0,0,0
103900043,0,0,0
103900044,0,0,0
103900045,0,0,0
103900047,0,0,0
103900048,0,0,0
103900049,0,0,0
103900050,0,0,0
103900051,0,0,0
103900052,0,0,0
103900053,0,0,0
103900054,0,0,0
103900055,0,0,0
103900056,0,0,0
103900057,0,0,0
103900058,0,0,0
103900059,0,0,0
103900060,0,0,0
103900061,0,0,0
103900062,0,0,0
103900063,0,0,0
103900064,0,0,0
103900065,0,0,0
103900066,0,0,0
103900067,0,0,0
103900068,0,0,0
103900069,0,0,0
103900070,0,0,0
103900071,0,0,0
103900072,0,0,0
103900073,0,0,0
103900074,0,0,0
103900075,0,0,0
103900076,0,0,0
103900077,0,0,0
103900078,0,0,0
103900079,0,0,0
103900080,0,0,0
103900081,0,0,0
103900082,0,0,0
103900083,0,0,0
103900084,0,0,0
103900085,0,0,0
103900086,0,0,0
103900088,0,0,0
103900089,0,0,0
103900090,0,0,0
103900091,0,0,0
103900092,0,0,0
103900093,0,0,0
103900094,0,0,0
103900095,0,0,0
103900096,0,0,0
103900097,0,0,0
103900098,0,0,0
103900099,0,0,0
103900100,0,0,0
103900101,0,0,0
103900102,0,0,0
103900104,0,0,0
103900105,0,0,0
103900106,0,0,0
103900107,0,0,0
103900108,0,0,0
103900109,0,0,0
103900110,0,0,0
103900111,0,0,0
103900112,0,0,0
103900113,0,0,0
103900114,0,0,0
103900115,0,0,0
103900116,0,0,0
103900117,0,0,0
103900119,0,0,0
103900120,0,0,0
103900122,0,0,0
103900123,0,0,0
103900124,0,0,0
103900125,0,0,0
103900126,0,0,0
103900127,0,0,0
103900128,0,0,0
103900131,0,0,0
103900133,0,0,0
103900134,0,0,0
103900135,0,0,0
103900137,0,0,0
103900138,0,0,0
103900139,0,0,0
103900140,0,0,0
103900141,0,0,0
103900142,0,0,0
103900143,0,0,0
103900144,0,0,0
103900145,0,0,0
103900146,0,0,0
103900147,0,0,0
103900148,0,0,0
103900149,0,0,0
103900150,0,0,0
103900151,0,0,0
103900152,0,0,0
103900153,0,0,0
103900154,0,0,0
103900155,0,0,0
103900156,0,0,0
103900157,0,0,0
103900158,0,0,0
103900159,0,0,0
103900160,0,0,0
103900161,0,0,0
103900162,0,0,0
103900163,0,0,0
103900167,0,0,0
103900168,0,0,0
103900169,0,0,0
103900170,0,0,0
103900171,0,0,0
103900172,0,0,0
103900173,0,0,0
103900174,0,0,0
103900175,0,0,0
103900176,0,0,0
103900177,0,0,0
103900178,0,0,0
103900179,0,0,0
103900180,0,0,0
103900181,0,0,0
103900182,0,0,0
103900184,0,0,0
103900185,0,0,0
103900187,0,0,0
103900188,0,0,0
103900189,0,0,0
103900190,0,0,0
103900191,0,0,0
103900192,0,0,0
103900193,0,0,0
103900194,0,0,0
103900195,0,0,0
103900196,0,0,0
103900197,0,0,0
103900198,0,0,0
103900199,0,0,0
103900200,0,0,0
103900201,0,0,0
103900202,0,0,0
103900203,0,0,0
103900204,0,0,0
103900207,0,0,0
103900208,0,0,0
103900209,0,0,0
103900210,0,0,0
103900211,0,0,0
103900212,0,0,0
103900213,0,41,-41
103900214,9,101,-92
103900215,2,14,-12
103900216,0,0,0
103900217,0,0,0
103900218,0,0,0
103900219,0,0,0
103900233,0,0,0
103900235,0,0,0
103900236,0,0,0
103900242,0,0,0
103900243,0,0,0
103900244,0,0,0
103900245,0,0,0
103900246,0,0,0
103900247,0,0,0
103900248,0,0,0
103900249,0,0,0
103900250,0,0,0
103900251,0,0,0
103900253,0,0,0
103900254,0,0,0
103900255,0,0,0
103900256,0,0,0
103900257,0,0,0
103900258,0,0,0
103900259,0,0,0
103900261,0,0,0
103900262,0,0,0
103900263,0,0,0
103900264,0,0,0
103900265,0,0,0
103900266,0,0,0
103900267,0,0,0
103900268,0,0,0
103900269,0,0,0
103900270,0,0,0
103900271,0,0,0
103900272,0,0,0
103900273,0,0,0
103900274,0,0,0
103900275,0,0,0
103900276,0,0,0
103900277,0,0,0
103900278,0,0,0
103900279,0,0,0
103900280,0,0,0
103900281,0,0,0
103900282,0,0,0
103900283,0,0,0
103900284,0,0,0
103900285,0,0,0
103900286,0,0,0
103900287,0,0,0
103900288,0,0,0
103900289,0,0,0
103900290,0,0,0
103900291,0,0,0
103900292,0,0,0
103900293,0,0,0
103900294,0,0,0
104000001,515,221,294
104000002,66,93,-27
104000003,605,281,324
104000004,525,217,308
104000005,352,429,-77
104000006,843,183,660
104000007,670,97,573
104000008,0,0,0
104000009,92,28,64
104000010,89,22,67
104000011,0,0,0
104000012,0,0,0
104000013,115,42,73
104000014,0,0,0
104000015,175,15,160
104000016,0,0,0
104000018,174,52,122
104000019,127,95,32
104000020,102,14,88
104000021,80,29,51
104000022,40,9,31
104000023,154,6,148
104000024,0,0,0
104000026,0,0,0
104000027,0,0,0
104000028,158,19,139
104000029,44,47,-3
104000030,192,45,147
104000031,160,15,145
104000032,0,0,0
104000033,245,20,225
104000034,0,0,0
104000035,233,32,201
104000036,276,60,216
104000037,0,0,0
104000038,179,22,157
104000039,31,26,5
104000040,4,37,-33
104000041,59,11,48
104000042,24,18,6
104000043,59,14,45
104000044,74,5,69
104000045,72,10,62
104000046,44,56,-12
104000047,13,57,-44
104000048,137,175,-38
104000049,10,3,7
104000050,0,5,-5
104000051,0,0,0
104000052,257,112,145
104000053,74,25,49
104000054,0,11,-11
104000055,222,79,143
104000056,68,11,57
104000057,0,0,0
104000058,186,69,117
104000059,93,173,-80
104000060,114,54,60
104000061,95,19,76
104000062,35,3,32
104000064,0,0,0
104000065,2,6,-4
104000069,0,0,0
104000070,0,0,0
104000071,0,0,0
104000072,30,5,25
104000075,0,0,0
104000076,0,0,0
104000082,157,189,-32
104000083,26,20,6
104000084,0,18,-18
104000085,4,5,-1
104000086,1,17,-16
104000087,7,2,5
104000090,0,0,0
104000092,0,0,0
104000094,0,0,0
104000095,30,219,-189
104000096,183,0,183
104000097,503,36,467
104000098,683,19,664
104000100,874,118,756
104000101,155,126,29
104000106,12,18,-6
104000107,210,24,186
104000108,22,13,9
104000109,44,8,36
104000110,29,19,10
104000111,60,32,28
104000112,2,8,-6
104000116,0,0,0
104000117,41,11,30
104000118,50,0,50
104000119,12,13,-1
104000120,30,22,8
104000121,0,24,-24
104000122,184,41,143
104000123,14,20,-6
104000124,40,121,-81
104000125,79,40,39
104000126,144,61,83
104000127,50,131,-81
104000128,77,12,65
104000129,99,0,99
104000130,0,3,-3
104000131,0,0,0
104000132,0,0,0
104000133,8,37,-29
104000134,64,83,-19
104000135,23,202,-179
104000136,222,154,68
104000137,110,42,68
104000138,0,0,0
104000139,145,160,-15
104000141,49,127,-78
104000142,0,0,0
104000143,0,0,0
104000144,0,0,0
104000145,193,11,182
104000146,0,0,0
104000147,0,0,0
104000148,21,15,6
104000149,0,0,0
104000150,240,82,158
104000151,0,0,0
104000152,0,0,0
104000153,114,41,73
104000154,0,0,0
104000155,92,102,-10
104000157,57,1,56
104000158,22,6,16
104000159,7,3,4
104000160,107,40,67
104000161,19,23,-4
104000162,18,69,-51
104000165,146,268,-122
104000167,163,143,20
104000168,46,0,46
104000169,46,0,46
104000170,0,0,0
104000248,0,0,0
104000251,0,0,0
104000272,0,0,0
104000273,0,0,0
104000274,0,0,0
104000275,0,0,0
104000279,24,65,-41
104000290,0,0,0
104000291,128,128,0
104000293,97,65,32
104000294,0,0,0
104000295,47,26,21
104000296,184,89,95
104000297,31,74,-43
104000298,195,39,156
104000299,122,77,45
104000302,1,0,1
104000303,0,0,0
104900001,0,0,0
104900002,0,0,0
104900003,0,0,0
104900004,0,0,0
104900005,0,0,0
104900006,0,0,0
104900007,0,0,0
104900009,0,0,0
104900010,0,0,0
104900011,0,0,0
104900012,0,0,0
104900013,0,0,0
104900014,0,0,0
104900015,0,0,0
104900016,0,0,0
104900017,0,0,0
104900018,0,0,0
104900019,0,0,0
104900020,0,0,0
104900021,0,0,0
104900022,0,0,0
104900023,0,0,0
104900024,0,0,0
104900025,0,0,0
104900026,0,0,0
104900027,0,0,0
104900028,0,0,0
104900029,0,0,0
104900030,0,0,0
104900031,0,0,0
104900032,0,0,0
104900033,0,0,0
104900034,0,0,0
104900035,0,0,0
104900036,0,0,0
104900037,0,0,0
104900038,0,0,0
104900039,0,0,0
104900040,0,0,0
104900041,0,0,0
104900042,0,0,0
104900043,0,0,0
104900044,0,0,0
104900045,0,0,0
104900046,0,0,0
104900047,0,0,0
104900048,0,0,0
104900049,0,0,0
104900050,0,0,0
104900051,0,0,0
104900052,0,0,0
104900053,0,0,0
104900054,0,0,0
104900055,0,0,0
104900056,0,0,0
104900057,0,0,0
104900058,0,0,0
104900059,0,0,0
104900061,0,0,0
104900063,0,0,0
104900064,0,0,0
104900065,0,0,0
104900066,0,0,0
104900067,0,0,0
104900068,0,0,0
104900070,0,0,0
104900071,0,0,0
104900072,0,0,0
104900073,0,0,0
104900074,0,0,0
104900075,0,0,0
104900076,0,0,0
104900077,0,0,0
104900078,0,0,0
104900079,0,0,0
104900080,0,0,0
104900082,0,0,0
104900085,0,0,0
104900089,0,0,0
104900091,0,0,0
104900093,0,0,0
104900097,0,0,0
104900098,0,0,0
104900099,0,0,0
104900100,0,0,0
104900102,0,0,0
104900103,0,0,0
104900106,0,0,0
104900107,0,0,0
104900108,0,0,0
104900109,0,0,0
104900110,0,0,0
104900111,0,0,0
104900112,0,0,0
104900113,0,0,0
104900114,0,0,0
104900115,0,0,0
104900116,0,0,0
104900118,0,0,0
104900119,0,0,0
104900120,0,0,0
104900121,0,0,0
104900122,0,0,0
104900123,0,0,0
104900124,0,0,0
104900125,1,1,0
104900126,0,0,0
104900127,0,0,0
104900128,0,0,0
104900129,0,0,0
105000001,675,110,565
105000002,261,178,83
105000003,283,197,86
105000004,20,25,-5
105000005,91,186,-95
105000006,93,194,-101
105000007,49,151,-102
105000008,2,196,-194
105000009,1280,625,655
105000010,27,66,-39
105000011,560,631,-71
105000012,14,39,-25
105000013,217,395,-178
105000014,1613,800,813
105000015,1205,1823,-618
105000016,119,107,12
105000017,37,11,26
105000018,14,72,-58
105000019,0,4,-4
105000020,0,0,0
105000021,0,0,0
105000022,9,15,-6
105000023,0,0,0
105000028,0,1,-1
105000029,0,3,-3
105000030,147,76,71
105000031,0,0,0
105000033,21,28,-7
105000034,0,0,0
105000037,0,0,0
105000038,167,279,-112
105000039,65,67,-2
105000040,159,212,-53
105000041,7,25,-18
105000042,640,199,441
105000043,53,54,-1
105000044,121,72,49
105000045,2,32,-30
105000046,250,24,226
105000047,4,22,-18
105000048,316,110,206
105000049,0,1,-1
105000050,316,163,153
105000051,0,0,0
105000052,38,48,-10
105000053,1,0,1
105000054,56,34,22
105000055,0,0,0
105000056,382,157,225
105000057,27,1,26
105000058,19,1,18
105000059,365,187,178
105000060,0,0,0
105000061,270,56,214
105000062,0,0,0
105000063,0,0,0
105000064,279,78,201
105000065,0,0,0
105000066,16,2,14
105000067,263,135,128
105000068,4,21,-17
105000069,25,65,-40
105000070,67,25,42
105000071,187,114,73
105000072,288,58,230
105000073,124,52,72
105000074,0,0,0
105000075,19,12,7
105000076,13,7,6
105000077,63,3,60
105000078,12,62,-50
105000079,2,31,-29
105000080,320,410,-90
105000081,17,1,16
105000082,235,426,-191
105000083,656,545,111
105000084,0,0,0
105000085,656,728,-72
105000086,0,0,0
105000087,0,0,0
105000088,228,292,-64
105000089,57,29,28
105000090,11,8,3
105000091,0,0,0
105000092,0,0,0
105000093,0,0,0
105000094,22,2,20
105000095,0,0,0
105000096,117,105,12
105000097,0,0,0
105000098,112,92,20
105000099,0,0,0
105000100,0,0,0
105000101,101,31,70
105000102,0,0,0
105000103,149,24,125
105000104,4,0,4
105000105,191,15,176
105000106,28,3,25
105000107,0,2,-2
105000108,3,3,0
105000109,23,0,23
105000110,4,2,2
105000111,28,0,28
105000112,69,3,66
105000113,12,5,7
105000114,34,63,-29
105000115,0,1,-1
105000116,57,16,41
105000117,0,0,0
105000118,24,8,16
105000119,0,0,0
105000120,197,21,176
105000121,0,0,0
105000122,36,3,33
105000123,103,13,90
105000124,80,54,26
105000125,83,27,56
105000126,39,28,11
105000127,74,13,61
105000128,25,8,17
105000129,25,29,-4
105000130,16,400,-384
105000131,0,0,0
105000132,102,71,31
105000133,0,0,0
105000134,192,26,166
105000135,0,0,0
105000136,0,0,0
105000137,157,5,152
105000138,0,0,0
105000139,0,0,0
105000140,292,27,265
105000141,0,0,0
105000142,127,11,116
105000143,0,0,0
105000144,0,0,0
105000145,131,39,92
105000146,0,0,0
105000147,272,53,219
105000148,231,38,193
105000149,411,137,274
105000150,0,0,0
105000151,0,0,0
105000152,0,0,0
105000153,0,0,0
105000154,3,0,3
105000155,0,0,0
105000156,0,8,-8
105000157,14,5,9
105000158,21,6,15
105000159,15,8,7
105000160,56,54,2
105000161,45,0,45
105000162,5,18,-13
105000163,22,2,20
105000164,0,3,-3
105000165,18,62,-44
105000166,8,23,-15
105000167,25,131,-106
105000168,109,60,49
105000169,34,4,30
105000170,0,0,0
105000171,0,0,0
105000172,1,0,1
105000173,15,0,15
105000174,1,0,1
105000175,0,0,0
105000176,0,0,0
105000177,36,24,12
105000178,1,0,1
105000179,17,2,15
105000180,0,0,0
105000181,2,1,1
105000182,0,0,0
105000183,0,0,0
105000184,0,0,0
105000185,38,193,-155
105000186,0,0,0
105000187,56,26,30
105000188,2,55,-53
105000189,0,0,0
105000190,103,29,74
105000191,2,10,-8
105000192,131,12,119
105000193,0,0,0
105000194,39,14,25
105000195,0,17,-17
105000196,15,47,-32
105000197,0,0,0
105000198,0,0,0
105000199,0,43,-43
105000200,41,80,-39
105000201,0,0,0
105000203,0,1,-1
105000204,17,14,3
105000205,0,0,0
105000207,0,0,0
105000208,12,64,-52
105000209,0,0,0
105000211,0,0,0
105000212,78,6,72
105000213,46,7,39
105000214,33,9,24
105000215,77,87,-10
105000216,1,0,1
105000217,0,0,0
105000218,123,21,102
105000221,0,1,-1
105000222,62,1,61
105000223,62,0,62
105000226,2,4,-2
105000227,0,1,-1
105000228,0,4,-4
105000229,35,249,-214
105000231,145,10,135
105000233,211,193,18
105000234,37,123,-86
105000235,128,86,42
105000237,50,1,49
105000243,0,0,0
105000248,0,0,0
105000262,0,0,0
105000269,0,0,0
105000270,88,1,87
105000271,0,0,0
105000282,3,0,3
105000287,0,0,0
105000288,0,20,-20
105000289,170,261,-91
105000290,0,0,0
105000402,6,99,-93
105000426,0,2,-2
105000438,9,124,-115
105000440,0,0,0
105000446,273,193,80
105000447,101,21,80
105000454,0,0,0
105000455,0,0,0
105000474,2,7,-5
105000477,0,0,0
105000478,294,966,-672
105000479,0,0,0
105000480,1287,1138,149
105000481,564,238,326
105000482,57,165,-108
105000483,221,589,-368
105000484,77,202,-125
105000485,140,760,-620
105000486,183,180,3
105000488,60,130,-70
105000489,225,38,187
105000549,4,44,-40
105000550,0,0,0
105000551,6,14,-8
105000552,103,67,36
105000555,378,220,158
105000556,0,0,0
105000557,0,0,0
105900001,0,0,0
105900002,0,0,0
105900003,0,0,0
105900004,0,0,0
105900005,0,0,0
105900006,0,0,0
105900007,0,0,0
105900008,0,0,0
105900009,0,0,0
105900011,0,0,0
105900012,0,0,0
105900013,0,0,0
105900014,0,0,0
105900015,0,0,0
105900016,0,0,0
105900017,0,0,0
105900018,0,0,0
105900019,0,0,0
105900020,0,0,0
105900021,0,0,0
105900022,0,0,0
105900023,0,0,0
105900024,0,0,0
105900025,0,0,0
105900026,0,0,0
105900027,0,0,0
105900028,0,0,0
105900029,0,0,0
105900030,0,0,0
105900031,0,0,0
105900032,0,0,0
105900033,0,0,0
105900034,0,0,0
105900035,0,0,0
105900036,0,0,0
105900037,0,0,0
105900038,0,0,0
105900039,0,0,0
105900040,0,0,0
105900041,0,0,0
105900042,0,0,0
105900043,0,0,0
105900044,0,0,0
105900045,0,0,0
105900046,0,0,0
105900047,0,0,0
105900048,56,7,49
105900050,0,0,0
105900051,0,0,0
105900052,0,0,0
105900053,0,0,0
105900054,0,0,0
105900056,0,0,0
105900057,0,0,0
105900058,0,0,0
105900059,0,0,0
106000001,351,243,108
106000002,3,68,-65
106000003,818,621,197
106000004,32,197,-165
106000005,1443,943,500
106000006,40,150,-110
106000007,428,62,366
106000008,0,0,0
106000009,498,154,344
106000010,17,30,-13
106000011,482,305,177
106000012,0,0,0
106000013,968,259,709
106000014,27,22,5
106000015,1029,259,770
106000016,37,41,-4
106000017,446,81,365
106000018,48,68,-20
106000019,185,130,55
106000020,52,53,-1
106000021,302,50,252
106000022,11,20,-9
106000023,423,37,386
106000024,56,21,35
106000025,168,111,57
106000026,0,0,0
106000027,731,413,318
106000028,5,17,-12
106000029,92,35,57
106000030,0,0,0
106000034,0,0,0
106000035,141,208,-67
106000036,0,0,0
106000037,0,0,0
106000038,0,0,0
106000039,0,0,0
106000040,0,0,0
106000041,132,30,102
106000043,44,22,22
106000046,0,0,0
106000047,0,0,0
106000049,186,4,182
106000050,0,0,0
106000051,77,75,2
106000052,0,0,0
106000053,279,6,273
106000054,0,0,0
106000055,126,6,120
106000056,0,0,0
106000057,125,49,76
106000058,0,0,0
106000059,188,73,115
106000060,0,0,0
106000061,4,62,-58
106000062,0,0,0
106000063,435,69,366
106000064,0,0,0
106000065,99,5,94
106000066,15,0,15
106000067,84,0,84
106000068,0,0,0
106000069,44,0,44
106000070,8,2,6
106000071,200,22,178
106000072,183,123,60
106000073,281,121,160
106000074,145,145,0
106000075,213,116,97
106000076,643,119,524
106000077,488,72,416
106000078,170,42,128
106000079,361,27,334
106000080,276,11,265
106000081,363,41,322
106000082,299,5,294
106000083,209,79,130
106000084,254,18,236
106000085,451,108,343
106000086,415,37,378
106000087,215,16,199
106000088,171,27,144
106000089,302,18,284
106000090,307,32,275
106000091,2,0,2
106000092,127,14,113
106000093,197,6,191
106000094,0,0,0
106000095,163,26,137
106000096,266,50,216
106000097,170,13,157
106000098,273,20,253
106000099,10,7,3
106000100,338,5,333
106000101,316,0,316
106000102,0,19,-19
106000103,2,49,-47
106000104,68,9,59
106000105,2,46,-44
106000106,88,12,76
106000107,11,43,-32
106000108,52,5,47
106000109,0,28,-28
106000110,80,4,76
106000111,1,10,-9
106000112,54,6,48
106000113,8,41,-33
106000114,22,5,17
106000115,5,57,-52
106000116,51,28,23
106000117,0,0,0
106000118,230,24,206
106000119,0,0,0
106000120,194,190,4
106000121,8,2,6
106000122,0,0,0
106000123,18,0,18
106000124,0,0,0
106000125,0,0,0
106000126,34,0,34
106000127,0,0,0
106000128,116,7,109
106000129,0,0,0
106000130,169,35,134
106000131,0,0,0
106000132,175,16,159
106000133,0,0,0
106000134,197,64,133
106000135,0,0,0
106000136,484,61,423
106000137,0,0,0
106000138,222,0,222
106000139,57,27,30
106000140,0,0,0
106000141,0,0,0
106000142,19,3,16
106000143,0,0,0
106000144,88,6,82
106000145,0,0,0
106000146,236,84,152
106000147,38,1,37
106000148,32,81,-49
106000149,193,8,185
106000150,56,50,6
106000151,129,41,88
106000152,96,75,21
106000153,7,10,-3
106000154,17,2,15
106000155,23,4,19
106000156,201,15,186
106000157,103,85,18
106000158,428,116,312
106000159,83,65,18
106000160,160,168,-8
106000161,64,3,61
106000162,96,11,85
106000163,40,1,39
106000164,172,7,165
106000165,43,22,21
106000166,228,5,223
106000167,67,28,39
106000168,156,6,150
106000169,32,20,12
106000170,108,18,90
106000171,18,79,-61
106000172,302,34,268
106000173,83,78,5
106000174,213,3,210
106000175,92,7,85
106000176,219,44,175
106000177,0,0,0
106000178,218,20,198
106000179,0,0,0
106000180,83,20,63
106000181,55,59,-4
106000182,429,17,412
106000183,384,34,350
106000184,190,52,138
106000185,15,21,-6
106000186,73,0,73
106000187,0,7,-7
106000188,0,0,0
106000189,0,4,-4
106000190,3,0,3
106000191,60,11,49
106000192,0,0,0
106000193,42,32,10
106000194,0,7,-7
106000195,36,1,35
106000196,0,28,-28
106000197,143,3,140
106000198,0,31,-31
106000199,115,7,108
106000200,0,52,-52
106000201,30,13,17
106000202,20,20,0
106000203,0,0,0
106000204,32,3,29
106000205,0,0,0
106000206,0,1,-1
106000207,0,8,-8
106000208,284,19,265
106000209,506,82,424
106000210,1,8,-7
106000211,0,40,-40
106000212,557,54,503
106000213,0,0,0
106000214,221,16,205
106000215,1,23,-22
106000216,114,12,102
106000217,0,23,-23
106000218,34,16,18
106000219,0,37,-37
106000220,103,7,96
106000221,0,0,0
106000222,49,20,29
106000223,136,23,113
106000224,0,0,0
106000225,18,109,-91
106000226,0,0,0
106000228,0,0,0
106000229,0,0,0
106000231,150,1,149
106000232,0,0,0
106000233,33,6,27
106000234,0,0,0
106000235,45,25,20
106000236,0,0,0
106000237,0,0,0
106000238,0,0,0
106000239,0,0,0
106000240,0,0,0
106000241,0,14,-14
106000242,48,0,48
106000249,61,31,30
106000250,5,30,-25
106000251,0,0,0
106000252,0,0,0
106000253,0,0,0
106000254,0,0,0
106000255,0,0,0
106000256,0,0,0
106000257,9,10,-1
106000258,0,0,0
106000259,0,0,0
106000260,0,0,0
106000261,0,0,0
106000262,0,0,0
106000263,0,0,0
106000264,0,0,0
106000265,0,0,0
106000266,0,0,0
106000267,0,0,0
106000268,0,0,0
106000269,0,0,0
106000270,40,0,40
106000271,0,0,0
106000272,0,0,0
106000273,0,0,0
106000274,0,0,0
106000275,0,0,0
106000276,0,0,0
106000277,0,0,0
106000278,0,0,0
106000279,0,0,0
106000280,0,0,0
106000281,0,0,0
106000282,0,0,0
106000283,0,0,0
106000284,0,0,0
106000285,0,0,0
106000286,0,0,0
106000287,0,0,0
106000288,0,0,0
106000289,0,0,0
106000290,0,0,0
106000291,0,0,0
106000292,0,0,0
106000293,0,0,0
106000294,0,0,0
106000295,0,0,0
106000296,0,0,0
106000297,0,0,0
106000298,0,0,0
106000299,0,0,0
106000300,0,0,0
106000301,0,0,0
106000303,0,0,0
106000304,0,0,0
106000305,0,0,0
106000306,0,0,0
106000307,0,0,0
106000308,0,0,0
106000309,0,0,0
106000310,30,2,28
106000311,88,15,73
106000312,0,14,-14
106000313,71,2,69
106000318,0,0,0
106000319,315,3,312
106000320,0,0,0
106000321,0,0,0
106000322,0,0,0
106000324,0,0,0
106000325,1025,175,850
106000326,48,64,-16
106000327,122,7,115
106000328,0,0,0
106000329,0,0,0
106000330,0,4,-4
106000428,34,101,-67
106000429,0,0,0
106000430,0,0,0
106000431,231,177,54
106000432,1,80,-79
106000433,583,308,275
106000434,919,238,681
106000435,1,47,-46
106000436,0,0,0
106000437,60,21,39
106000438,3,3,0
106000439,0,0,0
106000440,6,45,-39
106000441,2,0,2
106000442,26,0,26
106000443,1,0,1
106000450,0,0,0
106000451,15,28,-13
106000454,0,0,0
106000455,0,4,-4
106000456,12,1,11
106000457,0,0,0
106000458,156,0,156
106000459,0,0,0
106000460,213,0,213
106000461,0,0,0
106000462,0,0,0
106000463,0,1,-1
106000464,0,0,0
106000465,86,0,86
106000466,0,0,0
106000467,0,11,-11
106000468,57,10,47
106000469,2,0,2
106000470,0,0,0
106000471,0,0,0
106000472,25,0,25
106000473,0,0,0
106000474,28,51,-23
106000475,135,93,42
106000476,1,2,-1
106000477,0,0,0
106000480,0,0,0
106900001,0,0,0
106900002,0,0,0
106900003,0,0,0
106900004,0,0,0
106900006,0,0,0
106900007,0,0,0
106900008,0,0,0
106900009,0,0,0
106900010,0,0,0
106900012,0,0,0
106900013,0,0,0
106900014,0,0,0
106900015,0,0,0
106900016,0,0,0
106900017,0,0,0
106900018,0,0,0
106900019,0,0,0
106900020,0,0,0
106900021,0,0,0
106900022,0,0,0
106900023,0,0,0
106900024,0,0,0
106900025,0,0,0
106900026,0,0,0
106900027,54,0,54
106900028,0,0,0
106900029,0,0,0
106900030,0,0,0
107000001,1396,1782,-386
107000002,93,187,-94
107000003,3563,3249,314
107000004,275,163,112
107000005,3661,2336,1325
107000006,179,83,96
107000007,1400,1825,-425
107000008,161,124,37
107000009,3525,2538,987
107000010,258,210,48
107000011,0,0,0
107000012,0,0,0
107000013,0,0,0
107000014,0,0,0
107000015,0,0,0
107000016,0,0,0
107000017,9,10,-1
107000018,0,0,0
107000020,59,309,-250
107000021,31,4,27
107000022,27,307,-280
107000023,186,4,182
107000024,76,114,-38
107000025,42,47,-5
107000026,10,27,-17
107000027,133,30,103
107000028,19,86,-67
107000029,726,73,653
107000030,39,57,-18
107000031,703,219,484
107000032,37,66,-29
107000033,196,23,173
107000034,0,0,0
107000035,19,32,-13
107000036,0,0,0
107000037,41,82,-41
107000038,1,23,-22
107000039,86,334,-248
107000040,48,9,39
107000041,308,41,267
107000042,28,14,14
107000043,180,51,129
107000044,19,16,3
107000045,1,16,-15
107000046,335,23,312
107000047,18,26,-8
107000048,223,21,202
107000049,4,66,-62
107000050,263,67,196
107000051,33,131,-98
107000052,216,35,181
107000053,211,51,160
107000054,5,88,-83
107000055,99,24,75
107000056,9,39,-30
107000057,38,77,-39
107000058,801,814,-13
107000059,0,0,0
107000060,1801,1517,284
107000061,10,2,8
107000062,1444,912,532
107000063,0,7,-7
107000064,1063,815,248
107000065,20,18,2
107000066,713,727,-14
107000067,78,123,-45
107000068,37,80,-43
107000069,72,199,-127
107000070,143,0,143
107000071,543,7,536
107000072,0,0,0
107000073,157,5,152
107000074,0,0,0
107000075,1084,22,1062
107000076,0,0,0
107000077,869,21,848
107000078,0,0,0
107000079,737,45,692
107000080,0,0,0
107000081,930,105,825
107000082,0,0,0
107000083,258,421,-163
107000084,0,0,0
107000085,599,393,206
107000086,34,246,-212
107000087,290,194,96
107000088,50,92,-42
107000089,279,157,122
107000090,24,48,-24
107000091,323,99,224
107000092,52,44,8
107000093,121,302,-181
107000094,36,46,-10
107000095,955,399,556
107000096,0,0,0
107000097,253,108,145
107000098,0,0,0
107000099,160,119,41
107000100,0,0,0
107000101,40,95,-55
107000102,0,0,0
107000103,171,66,105
107000104,0,0,0
107000105,363,29,334
107000106,0,0,0
107000107,258,112,146
107000108,0,0,0
107000109,170,7,163
107000110,0,0,0
107000111,48,0,48
107000112,0,0,0
107000113,271,10,261
107000114,0,0,0
107000115,404,17,387
107000116,0,0,0
107000117,143,38,105
107000118,0,0,0
107000119,548,196,352
107000120,0,0,0
107000121,397,9,388
107000122,6,49,-43
107000123,271,24,247
107000124,19,25,-6
107000125,354,32,322
107000126,54,12,42
107000129,0,0,0
107000130,161,64,97
107000131,0,0,0
107000132,195,64,131
107000133,2,0,2
107000134,55,0,55
107000135,0,0,0
107000136,61,0,61
107000137,0,1,-1
107000138,2,0,2
107000139,0,5,-5
107000140,81,0,81
107000141,0,1,-1
107000142,22,0,22
107000143,0,3,-3
107000144,40,0,40
107000145,0,5,-5
107000146,0,0,0
107000147,2,8,-6
107000150,0,0,0
107000151,0,0,0
107000152,24,93,-69
107000153,0,0,0
107000154,0,0,0
107000155,48,0,48
107000156,85,0,85
107000157,0,2,-2
107000158,16,0,16
107000159,0,2,-2
107000160,34,11,23
107000161,0,0,0
107000162,0,54,-54
107000163,32,0,32
107000164,0,0,0
107000165,0,0,0
107000166,0,0,0
107000167,0,0,0
107000168,342,17,325
107000169,0,5,-5
107000170,413,10,403
107000171,10,5,5
107000172,209,24,185
107000173,4,1,3
107000174,77,184,-107
107000175,16,18,-2
107000176,17,0,17
107000177,1,0,1
107000178,0,0,0
107000179,0,0,0
107000180,421,24,397
107000181,0,0,0
107000182,344,13,331
107000183,0,0,0
107000184,271,18,253
107000185,0,0,0
107000186,272,27,245
107000187,135,38,97
107000188,0,0,0
107000189,11,42,-31
107000190,0,0,0
107000191,60,84,-24
107000192,0,0,0
107000193,54,38,16
107000194,0,0,0
107000197,214,15,199
107000198,0,0,0
107000199,69,53,16
107000200,26,28,-2
107000201,47,82,-35
107000202,71,55,16
107000203,18,157,-139
107000204,47,505,-458
107000205,61,6,55
107000206,18,316,-298
107000207,4,49,-45
107000208,3,33,-30
107000209,0,0,0
107000210,0,0,0
107000211,0,0,0
107000212,0,0,0
107000213,0,0,0
107000214,0,0,0
107000215,0,0,0
107000216,0,0,0
107000217,0,0,0
107000219,0,0,0
107000220,0,0,0
107000222,16,17,-1
107000224,7,2,5
107000225,0,0,0
107000226,80,1,79
107000227,0,0,0
107000228,0,0,0
107000229,0,0,0
107000230,0,0,0
107000231,60,102,-42
107000232,0,0,0
107000233,0,0,0
107000234,0,0,0
107000235,90,0,90
107000236,0,0,0
107000237,3,0,3
107000238,15,2,13
107000239,0,0,0
107000240,0,0,0
107000243,0,0,0
107000244,8,0,8
107000246,0,0,0
107000249,0,0,0
107000251,0,0,0
107000252,0,0,0
107000255,0,0,0
107000257,0,0,0
107000258,0,0,0
107000259,0,0,0
107000260,0,0,0
107000262,0,0,0
107000263,0,0,0
107000266,0,0,0
107000267,0,0,0
107000268,0,0,0
107000269,0,0,0
107000270,0,0,0
107000271,0,0,0
107000272,0,0,0
107000273,0,0,0
107000274,4,0,4
107000275,0,0,0
107000280,102,0,102
107000281,0,0,0
107000282,0,0,0
107000290,0,0,0
107000291,0,0,0
107000292,0,0,0
107000293,0,0,0
107000294,0,0,0
107000295,0,0,0
107000296,0,0,0
107000444,23,0,23
107000496,0,0,0
107000497,0,0,0
107000500,0,0,0
107000501,0,0,0
107000502,0,0,0
107000505,2,20,-18
107000506,0,0,0
107000508,0,0,0
107000509,1,50,-49
107000510,0,0,0
107000514,0,0,0
107000515,0,0,0
107000516,152,44,108
107000518,329,51,278
107000519,0,0,0
107000520,0,0,0
107000521,0,0,0
107000522,420,204,216
107900001,0,0,0
107900002,0,0,0
107900003,0,0,0
107900004,0,0,0
107900005,0,0,0
107900006,0,0,0
107900007,0,0,0
107900008,0,0,0
107900009,0,0,0
107900010,0,0,0
107900012,0,0,0
107900013,0,0,0
107900014,0,0,0
107900015,0,0,0
107900016,0,0,0
107900017,0,0,0
107900018,0,0,0
107900019,0,0,0
107900020,0,0,0
107900021,0,0,0
107900023,0,0,0
107900024,0,0,0
107900025,0,0,0
107900026,0,0,0
107900027,0,0,0
107900028,0,0,0
107900030,0,0,0
107900031,0,0,0
107900032,0,0,0
107900033,0,0,0
107900034,0,0,0
107900035,0,0,0
107900036,0,0,0
107900037,0,0,0
107900038,0,0,0
107900039,0,0,0
107900040,0,0,0
107900041,0,0,0
107900043,0,0,0
107900044,0,0,0
107900045,0,0,0
107900046,0,0,0
107900047,0,0,0
107900048,0,0,0
107900049,0,0,0
107900050,0,0,0
107900051,0,0,0
107900052,0,0,0
107900053,0,0,0
107900055,0,0,0
107900056,0,0,0
107900057,0,0,0
107900058,0,0,0
107900060,0,0,0
107900061,0,0,0
107900063,0,0,0
107900064,0,0,0
107900065,0,0,0
107900066,0,0,0
107900067,0,0,0
107900068,0,0,0
107900069,0,0,0
107900070,0,0,0
107900071,0,0,0
107900072,0,0,0
107900073,0,0,0
107900074,0,0,0
107900076,0,0,0
107900077,0,0,0
107900079,0,0,0
107900080,0,0,0
107900081,0,0,0
107900082,0,0,0
107900083,0,0,0
107900084,0,0,0
107900086,0,0,0
107900087,0,0,0
107900088,0,0,0
107900089,0,0,0
107900090,0,0,0
107900091,0,0,0
107900093,0,0,0
107900095,0,0,0
107900097,0,0,0
107900098,0,0,0
107900100,0,0,0
107900101,0,0,0
107900102,0,0,0
107900103,0,0,0
107900104,0,0,0
107900105,0,0,0
107900106,0,0,0
107900107,0,0,0
107900108,0,0,0
107900109,0,0,0
107900110,0,0,0
107900111,0,0,0
107900112,0,0,0
107900113,0,0,0
107900114,0,0,0
107900115,0,0,0
107900116,0,0,0
107900117,0,0,0
107900118,0,0,0
107900119,0,0,0
107900120,0,0,0
107900121,0,0,0
107900122,0,0,0
107900123,0,0,0
107900124,0,0,0
107900125,0,0,0
107900126,0,0,0
107900127,0,0,0
107900128,0,0,0
107900129,0,0,0
107900130,0,0,0
107900131,0,0,0
107900132,0,0,0
107900133,0,0,0
107900134,0,0,0
107900135,0,0,0
107900136,0,0,0
107900137,0,0,0
107900138,0,0,0
107900139,0,0,0
107900141,0,0,0
107900142,0,0,0
107900143,0,0,0
107900144,0,0,0
107900145,0,0,0
107900146,0,0,0
107900147,0,0,0
107900148,0,0,0
107900149,0,0,0
107900150,0,0,0
107900151,0,0,0
107900152,0,0,0
107900153,0,0,0
107900154,0,0,0
107900155,0,0,0
107900156,0,0,0
107900157,0,0,0
107900158,0,0,0
107900159,0,0,0
107900160,0,0,0
107900161,0,0,0
107900162,0,0,0
107900163,0,0,0
107900164,0,0,0
107900165,0,0,0
107900166,0,0,0
107900167,0,0,0
107900168,0,0,0
107900169,0,0,0
107900171,0,0,0
107900172,0,0,0
107900173,0,0,0
107900174,0,0,0
107900175,0,0,0
107900176,0,0,0
107900177,0,0,0
107900178,0,0,0
107900179,0,0,0
107900180,0,0,0
107900181,0,0,0
107900182,0,0,0
107900183,0,0,0
107900184,0,0,0
107900185,0,0,0
107900186,0,0,0
107900187,0,0,0
107900188,0,0,0
107900189,0,0,0
107900190,0,0,0
107900191,0,0,0
107900193,0,0,0
107900194,0,0,0
107900195,0,0,0
107900196,0,0,0
107900197,0,0,0
107900199,0,0,0
107900201,0,0,0
107900203,0,0,0
107900204,0,0,0
107900206,0,0,0
107900207,0,0,0
107900208,0,0,0
107900209,0,0,0
107900210,0,0,0
107900213,0,0,0
107900214,0,0,0
107900215,0,0,0
107900216,0,0,0
107900217,0,0,0
107900218,0,0,0
107900219,0,0,0
107900220,0,0,0
107900221,0,0,0
107900223,0,0,0
107900224,0,0,0
107900225,0,0,0
107900226,0,0,0
107900227,0,0,0
107900228,0,0,0
107900229,0,0,0
107900230,0,0,0
107900231,0,0,0
107900232,0,0,0
107900233,0,0,0
107900234,0,0,0
107900235,0,0,0
107900236,0,0,0
107900237,0,0,0
107900238,0,0,0
107900239,0,0,0
107900240,0,0,0
107900241,0,0,0
107900242,0,0,0
107900243,0,0,0
107900244,0,0,0
107900245,0,0,0
107900246,0,0,0
107900248,0,0,0
107900249,0,0,0
107900250,0,0,0
107900251,0,0,0
107900252,0,0,0
107900253,0,0,0
107900254,0,0,0
107900255,0,0,0
107900256,0,0,0
107900257,0,0,0
107900258,0,0,0
107900259,0,0,0
107900261,0,0,0
107900262,0,0,0
107900264,0,0,0
107900265,0,0,0
107900267,0,0,0
107900268,0,0,0
107900269,0,0,0
107900270,0,0,0
107900271,0,0,0
107900272,0,0,0
107900273,0,0,0
107900274,0,0,0
107900275,0,0,0
107900276,0,0,0
107900277,0,0,0
107900278,0,0,0
107900279,0,0,0
107900280,0,0,0
107900281,0,0,0
107900282,0,0,0
107900283,0,0,0
107900284,0,0,0
107900285,0,0,0
107900286,0,0,0
107900287,0,0,0
107900290,0,0,0
107900291,0,0,0
107900292,0,0,0
107900293,0,0,0
107900295,0,0,0
107900297,0,0,0
107900298,0,0,0
107900299,0,0,0
107900301,0,0,0
107900302,0,0,0
107900303,0,0,0
107900304,0,0,0
107900305,0,0,0
107900306,0,0,0
107900307,0,0,0
107900308,0,0,0
107900309,0,0,0
107900310,0,0,0
107900311,0,0,0
107900312,0,0,0
107900313,0,0,0
107900314,0,0,0
107900315,0,0,0
107900316,0,0,0
107900317,0,0,0
107900318,0,0,0
107900319,0,0,0
107900320,0,0,0
107900321,0,0,0
107900322,0,0,0
107900323,0,0,0
107900324,0,0,0
107900325,0,0,0
107900326,0,0,0
107900327,0,0,0
107900328,0,0,0
107900329,0,0,0
107900330,0,0,0
107900331,0,0,0
107900332,0,0,0
107900333,0,0,0
107900334,0,0,0
107900335,0,0,0
107900336,0,0,0
107900337,0,0,0
107900338,0,0,0
107900339,0,0,0
107900340,0,0,0
107900341,0,0,0
107900342,0,0,0
107900343,0,0,0
107900344,0,0,0
107900345,0,0,0
107900346,0,0,0
107900347,0,0,0
107900348,0,0,0
107900349,0,0,0
107900350,0,0,0
107900351,0,0,0
107900352,0,0,0
107900353,0,0,0
107900354,0,0,0
108000001,1607,826,781
108000002,36,100,-64
108000003,963,427,536
108000004,263,772,-509
108000005,3594,1109,2485
108000006,48,273,-225
108000007,3409,680,2729
108000008,220,100,120
108000009,1978,1018,960
108000010,113,101,12
108000011,3357,1324,2033
108000012,257,291,-34
108000014,217,0,217
108000015,524,5,519
108000016,0,2,-2
108000017,686,12,674
108000018,873,45,828
108000019,92,18,74
108000020,420,56,364
108000021,0,0,0
108000022,10,49,-39
108000023,533,53,480
108000024,185,10,175
108000025,14,4,10
108000026,318,14,304
108000027,35,0,35
108000028,239,9,230
108000029,37,0,37
108000030,279,3,276
108000031,12,0,12
108000032,873,73,800
108000033,0,0,0
108000034,955,38,917
108000035,0,0,0
108000036,2,37,-35
108000037,455,39,416
108000038,663,68,595
108000039,4,6,-2
108000040,750,112,638
108000041,16,4,12
108000042,258,0,258
108000043,28,0,28
108000044,526,3,523
108000045,4,0,4
108000046,893,139,754
108000047,0,0,0
108000048,0,0,0
108000049,206,30,176
108000050,0,5,-5
108000051,131,29,102
108000052,2,4,-2
108000053,195,16,179
108000054,26,9,17
108000055,175,72,103
108000056,5,10,-5
108000057,214,313,-99
108000058,274,482,-208
108000059,1,54,-53
108000060,116,52,64
108000061,0,0,0
108000062,243,18,225
108000063,0,0,0
108000064,133,62,71
108000065,0,0,0
108000066,373,60,313
108000067,756,53,703
108000068,613,92,521
108000069,0,0,0
108000070,1313,80,1233
108000071,0,0,0
108000072,1157,88,1069
108000073,0,0,0
108000074,407,103,304
108000075,0,0,0
108000076,806,248,558
108000077,0,0,0
108000078,1548,640,908
108000079,0,0,0
108000080,823,163,660
108000081,0,0,0
108000082,0,0,0
108000083,98,39,59
108000084,0,0,0
108000085,49,45,4
108000086,0,0,0
108000087,26,181,-155
108000088,482,48,434
108000089,0,0,0
108000091,0,0,0
108000092,445,48,397
108000093,0,0,0
108000094,639,36,603
108000095,0,0,0
108000096,325,358,-33
108000097,0,0,0
108000098,1115,73,1042
108000099,89,17,72
108000100,124,74,50
108000101,650,197,453
108000102,186,458,-272
108000106,159,1,158
108000107,0,0,0
108000108,90,4,86
108000109,0,0,0
108000110,1,1,0
108000111,0,0,0
108000112,1,21,-20
108000113,95,25,70
108000115,47,5,42
108000117,90,13,77
108000118,0,0,0
108000119,51,0,51
108000120,545,124,421
108000121,92,13,79
108000122,543,37,506
108000123,536,53,483
108000124,0,0,0
108000125,319,43,276
108000126,0,0,0
108000127,473,21,452
108000128,0,0,0
108000129,0,0,0
108000130,294,41,253
108000131,325,63,262
108000132,0,0,0
108000133,620,75,545
108000134,0,0,0
108000135,969,21,948
108000136,0,0,0
108000137,46,2,44
108000138,2,12,-10
108000139,3,37,-34
108000140,0,0,0
108000141,0,0,0
108000142,0,0,0
108000143,0,0,0
108000144,0,0,0
108000145,0,0,0
108000146,0,0,0
108000147,0,0,0
108000148,0,0,0
108000149,0,0,0
108000150,0,0,0
108000151,0,0,0
108000152,0,0,0
108000153,0,0,0
108000154,0,0,0
108000155,0,0,0
108000156,0,0,0
108000157,0,0,0
108000158,0,0,0
108000159,4,11,-7
108000160,64,8,56
108000161,143,54,89
108000165,0,0,0
108000172,0,0,0
108000173,0,0,0
108000175,198,38,160
108000178,0,0,0
108000179,36,343,-307
108000181,0,0,0
108000182,0,0,0
108000183,0,0,0
108000184,7,89,-82
108000185,0,0,0
108000186,0,0,0
108000187,0,0,0
108000188,0,0,0
108000189,47,5,42
108000190,0,0,0
108000192,0,0,0
108000193,1,93,-92
108000194,4,0,4
108000195,0,0,0
108000196,36,0,36
108000198,0,0,0
108000199,0,0,0
108000200,0,0,0
108000203,0,0,0
108000204,0,0,0
108000205,0,0,0
108000339,117,2,115
108000364,6,20,-14
108000365,0,10,-10
108000367,0,0,0
108000368,0,0,0
108000369,0,0,0
108000371,0,0,0
108000372,83,0,83
108000373,62,7,55
108000376,0,0,0
108000377,41,36,5
108000378,3879,1935,1944
108000379,0,0,0
108000381,0,0,0
108000382,21,0,21
108000383,0,0,0
108900001,0,0,0
108900002,0,0,0
108900003,0,0,0
108900004,0,0,0
108900007,0,0,0
108900008,0,0,0
108900009,0,0,0
108900010,0,0,0
108900011,0,0,0
108900012,0,0,0
108900013,0,0,0
108900014,0,0,0
108900015,0,0,0
108900016,0,0,0
108900017,0,0,0
108900018,0,0,0
108900019,0,0,0
108900020,0,0,0
108900021,0,0,0
108900022,0,0,0
108900023,0,0,0
108900024,0,0,0
108900025,0,0,0
108900026,0,0,0
108900027,0,0,0
108900028,0,0,0
108900029,0,0,0
108900030,0,0,0
108900031,0,0,0
108900032,0,0,0
108900033,0,0,0
108900034,0,0,0
108900035,0,0,0
108900038,0,0,0
108900039,0,0,0
108900040,0,0,0
108900041,0,0,0
108900042,0,0,0
108900043,0,0,0
108900044,0,0,0
108900045,0,0,0
108900046,0,0,0
108900047,0,0,0
108900048,0,0,0
108900049,0,0,0
108900050,0,0,0
108900051,0,0,0
108900052,0,0,0
108900053,0,0,0
108900054,0,0,0
108900055,0,0,0
108900056,0,0,0
108900057,0,0,0
108900058,0,0,0
108900059,0,0,0
108900060,0,0,0
108900061,0,0,0
108900062,0,0,0
108900063,0,0,0
108900064,0,0,0
108900065,0,0,0
108900066,0,0,0
108900067,0,0,0
108900068,0,0,0
108900069,0,0,0
108900070,0,0,0
108900071,0,0,0
108900072,0,0,0
108900073,0,0,0
108900074,0,0,0
108900075,0,0,0
108900076,0,0,0
108900077,0,0,0
108900078,0,0,0
108900079,0,0,0
108900080,0,0,0
108900081,0,0,0
108900082,0,0,0
108900083,0,0,0
108900085,0,0,0
108900086,0,0,0
108900087,0,0,0
108900088,0,0,0
108900089,0,0,0
108900090,0,0,0
108900091,0,0,0
108900092,0,0,0
108900093,0,0,0
108900094,0,0,0
108900095,0,0,0
108900096,0,0,0
108900097,0,0,0
108900098,0,0,0
108900099,0,0,0
108900100,0,0,0
108900101,0,0,0
108900102,0,0,0
108900103,0,0,0
108900105,0,0,0
108900106,0,0,0
108900108,0,0,0
108900109,0,0,0
108900110,0,0,0
108900111,0,0,0
108900113,0,0,0
108900114,0,0,0
108900115,0,0,0
108900116,0,0,0
108900117,0,0,0
108900118,0,0,0
108900119,0,0,0
108900120,0,0,0
108900121,0,0,0
108900122,0,0,0
108900123,0,0,0
108900124,0,0,0
108900125,0,0,0
108900126,0,0,0
108900127,0,0,0
108900128,0,0,0
108900129,0,0,0
108900130,0,0,0
108900131,0,0,0
108900132,0,0,0
108900133,0,0,0
108900134,0,0,0
108900135,0,0,0
108900136,0,0,0
108900137,0,0,0
108900138,0,0,0
108900140,0,0,0
108900141,0,0,0
108900142,0,0,0
108900143,0,0,0
108900144,0,0,0
108900145,0,0,0
108900146,0,0,0
108900147,0,0,0
108900148,0,0,0
108900150,0,0,0
108900151,0,0,0
108900152,0,0,0
108900153,0,0,0
108900154,0,0,0
108900156,0,0,0
108900157,0,0,0
108900158,0,0,0
108900159,0,0,0
108900160,0,0,0
108900161,0,0,0
108900162,0,0,0
108900163,0,0,0
108900164,0,0,0
108900168,0,0,0
108900169,0,0,0
108900171,0,0,0
108900172,0,0,0
108900173,0,0,0
108900174,0,0,0
108900176,0,0,0
108900177,0,0,0
108900178,0,0,0
108900180,0,0,0
108900183,0,0,0
108900184,0,0,0
108900185,0,0,0
108900186,0,0,0
108900189,0,0,0
108900190,0,0,0
108900192,0,0,0
108900195,0,0,0
108900196,0,0,0
108900199,0,0,0
108900200,0,0,0
108900201,0,0,0
108900203,0,0,0
108900204,0,0,0
108900205,0,0,0
108900206,0,0,0
108900207,0,0,0
108900208,0,0,0
108900209,0,0,0
108900210,0,0,0
108900211,0,0,0
108900212,0,0,0
108900215,0,0,0
108900216,0,0,0
108900217,0,0,0
108900218,0,0,0
108900221,0,0,0
108900224,0,0,0
108900225,0,0,0
108900227,0,0,0
108900230,0,0,0
108900232,0,0,0
108900233,0,0,0
108900234,0,0,0
108900235,0,0,0
108900236,0,0,0
108900240,0,0,0
108900241,0,0,0
108900245,0,0,0
108900250,0,0,0
108900258,0,0,0
108900259,0,0,0
108900260,0,0,0
108900261,0,0,0
108900262,0,0,0
108900263,0,0,0
108900264,0,0,0
108900265,0,0,0
108900266,0,0,0
108900267,0,0,0
108900268,0,0,0
108900269,0,0,0
108900270,0,0,0
108900271,0,0,0
108900272,0,0,0
108900273,0,0,0
108900274,0,0,0
109000001,506,335,171
109000002,0,142,-142
109000003,1289,101,1188
109000004,0,107,-107
109000005,1105,96,1009
109000006,0,62,-62
109000007,1198,119,1079
109000008,2,79,-77
109000009,1476,166,1310
109000010,37,84,-47
109000011,1814,445,1369
109000012,14,90,-76
109000013,2324,697,1627
109000014,11,130,-119
109000015,3024,389,2635
109000016,44,104,-60
109000017,1615,360,1255
109000018,40,93,-53
109000019,1296,157,1139
109000020,3,43,-40
109000023,14,0,14
109000024,0,0,0
109000025,0,0,0
109000026,28,0,28
109000027,0,0,0
109000028,15,4,11
109000029,0,0,0
109000030,0,0,0
109000031,239,37,202
109000032,0,0,0
109000033,124,36,88
109000034,0,0,0
109000035,0,0,0
109000036,3,4,-1
109000037,0,0,0
109000038,18,32,-14
109000039,0,0,0
109000040,0,0,0
109000041,58,51,7
109000042,8,60,-52
109000044,122,17,105
109000045,0,0,0
109000046,70,10,60
109000047,0,0,0
109000048,181,13,168
109000049,0,0,0
109000050,171,26,145
109000051,0,0,0
109000052,0,0,0
109000053,0,0,0
109000054,0,0,0
109000055,0,0,0
109000056,0,0,0
109000057,0,0,0
109000058,0,0,0
109000059,0,0,0
109000060,1,6,-5
109000061,0,0,0
109000062,0,6,-6
109000063,0,0,0
109000064,0,27,-27
109000065,0,0,0
109000066,1,2,-1
109000067,0,0,0
109000068,119,0,119
109000069,232,19,213
109000070,0,0,0
109000071,0,0,0
109000072,0,6,-6
109000073,0,0,0
109000074,0,2,-2
109000075,0,0,0
109000076,3,19,-16
109000077,15,0,15
109000078,0,1,-1
109000079,3,2,1
109000080,25,0,25
109000081,11,7,4
109000082,37,7,30
109000083,32,7,25
109000088,0,24,-24
109000089,0,0,0
109000090,3,20,-17
109000091,0,0,0
109000092,2,47,-45
109000093,0,0,0
109000094,0,0,0
109000095,0,2,-2
109000096,42,5,37
109000097,0,0,0
109000098,8,19,-11
109000099,123,5,118
109000100,14,28,-14
109000101,268,11,257
109000102,10,20,-10
109000103,18,5,13
109000104,324,3,321
109000105,2,47,-45
109000106,272,2,270
109000107,25,19,6
109000108,333,16,317
109000109,7,20,-13
109000110,107,45,62
109000111,3,40,-37
109000112,0,0,0
109000113,10,0,10
109000114,100,21,79
109000115,143,3,140
109000116,0,0,0
109000117,56,0,56
109000118,0,0,0
109000119,288,1,287
109000120,0,1,-1
109000121,207,2,205
109000122,0,0,0
109000123,0,0,0
109000124,43,1,42
109000125,461,1,460
109000126,1,5,-4
109000127,478,4,474
109000128,16,2,14
109000129,426,26,400
109000130,0,0,0
109000131,104,253,-149
109000132,12,22,-10
109000133,0,0,0
109000134,0,0,0
109000135,0,0,0
109000136,68,17,51
109000137,34,0,34
109000138,28,17,11
109000139,54,22,32
109000140,16,3,13
109000141,53,7,46
109000142,0,4,-4
109000143,0,0,0
109000145,0,0,0
109000146,21,24,-3
109000148,0,0,0
109000149,0,0,0
109000150,2,105,-103
109000155,0,0,0
109000156,219,24,195
109000158,0,0,0
109000159,57,11,46
109000160,0,0,0
109000161,439,22,417
109000162,55,4,51
109000163,352,20,332
109000164,56,10,46
109000165,349,116,233
109000166,44,6,38
109000167,1,0,1
109000170,0,0,0
109000171,0,0,0
109000172,0,0,0
109000173,0,0,0
109000174,0,0,0
109000175,0,0,0
109000176,24,1,23
109000177,0,0,0
109000178,23,0,23
109000179,0,0,0
109000180,0,0,0
109000181,0,0,0
109000182,0,0,0
109000183,2,0,2
109000184,0,0,0
109000185,4,0,4
109000188,45,14,31
109000189,25,0,25
109000190,0,0,0
109000191,363,55,308
109000192,0,0,0
109000193,0,0,0
109000194,0,0,0
109000195,0,0,0
109000196,0,0,0
109000197,0,0,0
109000198,0,0,0
109000199,0,0,0
109000206,0,0,0
109000207,0,0,0
109000208,0,0,0
109000209,0,0,0
109000210,9,0,9
109000211,0,0,0
109000214,5,48,-43
109000215,170,3,167
109000216,29,215,-186
109000217,0,0,0
109000218,0,0,0
109000221,0,15,-15
109000222,3,19,-16
109000223,21,55,-34
109000224,0,0,0
109000225,3,3,0
109000226,25,0,25
109000227,71,5,66
109000228,0,0,0
109000231,1,1,0
109000232,79,2,77
109000236,0,0,0
109000241,96,2,94
109000242,286,15,271
109000293,0,0,0
109000361,18,11,7
109000364,0,0,0
109000396,1,0,1
109000397,0,0,0
109000399,0,4,-4
109000400,0,0,0
109000403,0,0,0
109000406,55,4,51
109000407,0,0,0
109000408,0,57,-57
109000410,0,0,0
109000411,22,0,22
109000412,0,0,0
109900001,0,0,0
109900002,0,0,0
109900003,0,0,0
109900005,0,0,0
109900006,0,0,0
109900007,0,0,0
109900008,0,0,0
109900009,0,0,0
109900010,0,0,0
109900011,0,0,0
109900012,0,0,0
109900013,0,0,0
109900014,0,0,0
109900015,0,0,0
109900016,0,0,0
109900017,0,0,0
109900018,0,0,0
109900019,0,0,0
109900020,0,0,0
109900021,0,0,0
109900022,17,0,17
109900023,0,0,0
109900024,0,0,0
109900025,0,0,0
109900027,0,0,0
109900028,0,0,0
109900029,0,0,0
109900030,0,0,0
109900031,0,0,0
109900032,0,0,0
109900033,0,0,0
109900034,0,0,0
109900035,0,0,0
109900036,0,0,0
109900037,0,0,0
109900038,0,0,0
109900039,0,0,0
109900040,0,0,0
109900041,0,0,0
109900042,0,0,0
109900044,0,0,0
109900045,0,0,0
109900046,73,6,67
109900047,0,0,0
109900048,0,0,0
109900049,0,0,0
109900050,0,0,0
109900051,0,0,0
109900052,0,0,0
109900053,0,0,0
109900054,0,0,0
109900055,0,0,0
109900056,0,0,0
109900057,0,0,0
109900058,0,0,0
109900060,0,0,0
109900061,0,0,0
109900062,0,0,0
109900064,16,0,16
109900065,0,0,0
109900066,0,0,0
109900067,0,0,0
109900068,0,0,0
109900069,0,0,0
109900071,0,0,0
109900072,0,0,0
109900073,0,0,0
109900074,0,0,0
109900075,0,0,0
109900076,0,0,0
109900077,0,0,0
109900078,0,0,0
109900080,0,0,0
109900081,0,0,0
109900082,0,0,0
109900083,0,0,0
109900084,0,0,0
109900085,0,0,0
109900086,0,0,0
109900087,0,0,0
109900089,0,0,0
109900092,0,0,0
109900093,0,0,0
109900094,0,0,0
109900095,0,0,0
109900096,0,0,0
109900097,0,0,0
109900098,0,0,0
109900099,0,0,0
109900100,0,0,0
109900101,0,0,0
109900102,0,0,0
109900103,0,0,0
109900104,0,0,0
109900105,0,0,0
109900106,0,0,0
109900107,0,0,0
109900108,0,0,0
109900109,0,0,0
109900111,0,0,0
109900114,0,0,0
109900115,0,0,0
109900117,0,0,0
109900121,0,0,0
109900123,0,0,0
109900125,0,0,0
109900126,0,0,0
109900130,0,0,0
109900131,0,0,0
109900132,0,0,0
109900134,0,0,0
109900135,0,0,0
109900137,0,0,0
109900140,0,0,0
109900149,0,0,0
109900150,0,0,0
109900151,0,0,0
109900152,0,0,0
109900153,0,0,0
109900154,0,0,0
109900155,0,0,0
109900157,0,0,0
109900159,0,0,0
109900161,0,0,0
109900162,0,0,0
109900163,0,0,0
109900164,0,0,0
109900165,0,0,0
109900166,0,0,0
109900167,0,0,0
109900168,0,0,0
109900169,0,0,0
109900170,0,0,0
109900171,0,0,0
109900172,0,0,0
109900173,0,0,0
109900174,0,0,0
109900175,0,0,0
109900176,0,0,0
109900177,0,0,0
109900178,0,0,0
109900179,0,0,0
109900180,0,0,0
110000001,10,19,-9
110000002,420,187,233
110000003,52,217,-165
110000004,378,139,239
110000005,53,86,-33
110000006,1,18,-17
110000007,6,2,4
110000008,0,0,0
110000009,0,0,0
110000010,0,0,0
110000011,0,0,0
110000012,0,0,0
110000013,0,7,-7
110000014,20,11,9
110000015,2,2,0
110000016,12,37,-25
110000017,68,42,26
110000018,5,19,-14
110000019,0,0,0
110000020,0,0,0
110000021,5,14,-9
110000022,0,0,0
110000023,0,0,0
110000024,0,0,0
110000025,0,0,0
110000026,0,0,0
110000027,9,63,-54
110000028,71,3,68
110000029,0,0,0
110000030,43,11,32
110000031,0,0,0
110000032,23,7,16
110000033,0,1,-1
110000034,2,0,2
110000035,15,35,-20
110000036,31,0,31
110000037,1,25,-24
110000038,25,2,23
110000039,129,31,98
110000040,0,0,0
110000041,168,81,87
110000042,0,0,0
110000043,52,53,-1
110000044,0,0,0
110000045,0,9,-9
110000046,0,0,0
110000047,0,4,-4
110000048,0,0,0
110000049,1,0,1
110000050,0,0,0
110000051,0,1,-1
110000052,0,16,-16
110000053,1,0,1
110000054,0,0,0
110000055,15,0,15
110000056,103,17,86
110000057,0,0,0
110000058,45,79,-34
110000059,7,15,-8
110000060,617,112,505
110000061,30,50,-20
110000062,470,146,324
110000063,0,0,0
110000064,1,0,1
110000065,0,0,0
110000066,0,0,0
110000067,2,0,2
110000068,3,1,2
110000069,0,0,0
110000071,0,0,0
110000073,0,0,0
110000075,0,0,0
110000076,0,0,0
110000077,0,0,0
110000078,0,0,0
110000080,37,18,19
110000081,0,0,0
110000082,0,0,0
110000083,21,32,-11
110000084,287,97,190
110000085,86,117,-31
110000086,207,120,87
110000087,0,17,-17
110000088,0,63,-63
110000089,156,1,155
110000090,0,0,0
110000091,0,0,0
110000092,0,0,0
110000093,65,8,57
110000094,5,0,5
110000095,371,26,345
110000096,86,32,54
110000097,431,67,364
110000098,344,20,324
110000099,33,33,0
110000100,63,0,63
110000101,0,0,0
110000102,0,0,0
110000104,0,0,0
110000105,15,4,11
110000106,0,0,0
110000107,4,23,-19
110000108,382,16,366
110000109,0,0,0
110000110,324,97,227
110000111,0,0,0
110000112,0,0,0
110000113,0,0,0
110000114,1,1,0
110000115,19,30,-11
110000116,0,1,-1
110000117,0,0,0
110000118,88,12,76
110000119,0,0,0
110000120,42,2,40
110000121,0,0,0
110000122,21,0,21
110000123,64,7,57
110000124,0,0,0
110000125,266,14,252
110000126,106,7,99
110000127,183,15,168
110000128,0,0,0
110000129,0,0,0
110000130,45,13,32
110000131,0,0,0
110000132,0,0,0
110000133,0,0,0
110000134,0,0,0
110000135,4,0,4
110000136,0,0,0
110000137,91,2,89
110000138,0,0,0
110000139,100,1,99
110000140,536,29,507
110000143,99,3,96
110000144,763,240,523
110000145,271,57,214
110000146,472,77,395
110000147,0,0,0
110000148,29,5,24
110000151,8,72,-64
110000152,0,6,-6
110000153,0,0,0
110000154,0,0,0
110000155,133,131,2
110000156,1,90,-89
110000157,30,150,-120
110000160,0,0,0
110000161,0,0,0
110000166,0,0,0
110000167,296,22,274
110000168,380,18,362
110000169,152,51,101
110000170,2,5,-3
110000171,78,1,77
110000172,10,15,-5
110000173,68,6,62
110000174,0,0,0
110000175,7,1,6
110000176,25,29,-4
110000177,7,45,-38
110000178,100,7,93
110000179,53,47,6
110000180,97,20,77
110000181,80,3,77
110000182,57,3,54
110000183,147,52,95
110000184,57,75,-18
110000185,0,0,0
110000186,0,0,0
110000191,125,1,124
110000192,0,0,0
110000193,0,0,0
110000194,0,0,0
110000195,0,0,0
110000196,0,0,0
110000197,0,0,0
110000198,0,0,0
110000199,0,0,0
110000200,2,0,2
110000201,0,0,0
110000202,0,0,0
110000203,0,0,0
110000204,0,0,0
110000205,0,0,0
110000206,0,0,0
110000207,0,0,0
110000208,0,0,0
110000209,0,0,0
110000210,702,114,588
110000211,475,95,380
110000212,109,51,58
110000213,12,0,12
110000214,23,0,23
110000215,0,0,0
110000216,0,0,0
110000217,114,0,114
110000218,0,0,0
110000219,93,0,93
110000220,0,0,0
110000221,24,0,24
110000222,0,0,0
110000223,0,0,0
110000224,0,0,0
110000225,0,0,0
110000226,298,7,291
110000227,0,0,0
110000228,46,16,30
110000229,0,0,0
110000230,206,28,178
110000231,13,66,-53
110000232,0,0,0
110000233,61,4,57
110000234,71,8,63
110000235,163,84,79
110000236,0,0,0
110000237,0,0,0
110000238,340,81,259
110000239,0,0,0
110000240,0,0,0
110000242,0,0,0
110000243,0,0,0
110000244,0,0,0
110000245,0,0,0
110000246,5,5,0
110000247,55,78,-23
110000248,45,32,13
110000249,0,0,0
110000250,0,0,0
110000251,5,3,2
110000252,35,21,14
110000253,47,8,39
110000254,0,0,0
110000255,0,0,0
110000256,25,28,-3
110000257,23,0,23
110000258,0,13,-13
110000259,0,0,0
110000260,0,3,-3
110000263,0,0,0
110000264,14,2,12
110000265,671,76,595
110000266,273,236,37
110000267,0,0,0
110000268,0,0,0
110000269,0,0,0
110000270,0,0,0
110000271,112,1,111
110000272,111,77,34
110000273,53,133,-80
110000274,12,146,-134
110000275,92,26,66
110000276,15,40,-25
110000277,319,18,301
110000278,0,103,-103
110000279,390,82,308
110000280,203,20,183
110000281,0,0,0
110000282,16,0,16
110000283,0,0,0
110000284,0,0,0
110000285,0,0,0
110000286,9,11,-2
110000287,61,0,61
110000288,0,0,0
110000289,0,0,0
110000290,0,0,0
110000291,163,9,154
110000292,0,0,0
110000293,158,9,149
110000294,0,0,0
110000295,83,2,81
110000296,0,0,0
110000297,0,0,0
110000298,0,0,0
110000299,0,0,0
110000301,0,0,0
110000302,0,0,0
110000303,0,0,0
110000304,0,0,0
110000305,47,0,47
110000306,0,0,0
110000307,55,0,55
110000308,44,0,44
110000309,0,0,0
110000310,101,0,101
110000311,0,0,0
110000312,4,0,4
110000313,0,0,0
110000314,0,0,0
110000315,13,85,-72
110000316,10,118,-108
110000317,0,0,0
110000318,0,0,0
110000319,0,0,0
110000320,0,0,0
110000321,0,0,0
110000322,3,11,-8
110000323,0,0,0
110000324,0,0,0
110000325,520,233,287
110000327,67,2,65
110000328,0,0,0
110000333,88,123,-35
110000334,1,4,-3
110000335,12,7,5
110000336,13,1,12
110000337,492,101,391
110000338,23,0,23
110000339,13,17,-4
110000340,0,1,-1
110000341,127,0,127
110000342,8,0,8
110000343,0,0,0
110000344,0,0,0
110000345,1,1,0
110000346,423,133,290
110000347,456,151,305
110000348,0,0,0
110000349,0,0,0
110000350,0,0,0
110000351,349,67,282
110000352,0,0,0
110000353,518,47,471
110000354,0,3,-3
110000355,0,0,0
110000356,86,0,86
110000357,0,0,0
110000361,0,0,0
110000362,0,0,0
110000363,64,1,63
110000364,46,47,-1
110000365,30,0,30
110000366,0,0,0
110000367,0,0,0
110000368,0,0,0
110000369,17,0,17
110000373,0,0,0
110000374,0,0,0
110000375,77,4,73
110000376,0,0,0
110000377,75,104,-29
110000378,0,0,0
110000379,381,100,281
110000380,72,1,71
110000383,0,0,0
110000384,94,1,93
110000385,0,0,0
110000387,33,1,32
110000388,0,0,0
110000389,432,2,430
110000391,140,37,103
110000396,0,0,0
110000397,0,0,0
110000398,0,0,0
110000399,317,3,314
110000587,2,0,2
110000589,6,0,6
110000640,0,0,0
110000652,0,0,0
110000653,0,0,0
110000654,0,0,0
110000656,0,0,0
110000674,0,0,0
110000675,0,0,0
110000676,0,0,0
110000679,4,2,2
110000682,20,28,-8
110000683,104,13,91
110000684,0,0,0
110000685,0,0,0
110000686,0,0,0
110000687,0,0,0
110000688,23,0,23
110000689,0,0,0
110000692,0,2,-2
110000693,0,0,0
110000694,0,0,0
110000695,0,0,0
110000696,18,9,9
110000698,30,47,-17
110000699,0,0,0
110900001,0,0,0
110900002,0,0,0
110900003,0,0,0
110900004,0,0,0
110900005,0,0,0
110900006,0,0,0
110900007,0,0,0
110900008,0,0,0
110900009,0,0,0
110900010,0,0,0
110900011,0,0,0
110900012,0,0,0
110900013,0,0,0
110900014,0,0,0
110900015,0,0,0
110900016,0,0,0
110900017,0,0,0
110900018,0,0,0
110900019,0,0,0
110900020,0,0,0
110900021,0,0,0
110900022,0,0,0
110900023,0,0,0
110900024,0,0,0
110900025,0,0,0
110900027,0,0,0
110900028,0,0,0
110900029,0,0,0
110900030,0,0,0
110900031,0,0,0
110900032,0,0,0
110900033,0,0,0
110900035,0,0,0
110900036,0,0,0
110900037,0,0,0
110900038,0,0,0
110900039,0,0,0
110900040,0,0,0
110900041,0,0,0
110900042,0,0,0
110900043,0,0,0
110900044,0,0,0
110900045,0,0,0
110900046,0,0,0
110900047,0,0,0
110900049,0,0,0
110900050,0,0,0
110900052,0,0,0
110900053,0,0,0
110900054,0,0,0
110900055,0,0,0
110900056,0,0,0
110900057,0,0,0
110900058,0,0,0
110900059,0,0,0
110900060,0,0,0
110900061,0,0,0
110900062,0,0,0
110900063,0,0,0
110900064,0,0,0
110900065,0,0,0
110900066,0,0,0
110900067,0,0,0
110900068,0,0,0
110900069,0,0,0
110900070,0,0,0
110900071,0,0,0
110900073,0,0,0
110900074,0,0,0
110900075,0,0,0
110900077,0,0,0
110900078,0,0,0
110900079,19,8,11
110900080,0,0,0
110900081,0,0,0
110900082,0,0,0
110900083,0,0,0
110900084,0,0,0
110900085,0,0,0
110900086,0,0,0
110900087,0,0,0
110900088,0,0,0
110900090,0,0,0
110900091,0,0,0
110900093,0,0,0
110900095,0,0,0
110900097,0,0,0
110900098,0,0,0
110900099,0,0,0
110900100,0,0,0
110900102,0,0,0
110900105,0,0,0
110900108,0,0,0
110900111,0,0,0
110900112,0,0,0
110900113,0,0,0
110900115,0,0,0
110900116,0,0,0
110900118,0,0,0
110900119,0,0,0
110900120,0,0,0
110900121,0,0,0
110900122,0,0,0
110900125,0,0,0
110900127,0,0,0
110900128,0,0,0
110900129,0,0,0
110900130,0,0,0
110900131,0,0,0
110900132,0,0,0
110900133,0,0,0
110900135,0,0,0
110900136,0,0,0
110900138,0,0,0
110900139,0,0,0
110900140,0,0,0
110900141,0,0,0
110900142,0,0,0
110900143,0,0,0
110900144,0,0,0
110900145,0,0,0
110900146,0,0,0
110900147,0,0,0
110900148,0,0,0
110900149,0,0,0
110900150,0,0,0
110900151,0,0,0
110900152,0,0,0
110900153,0,0,0
111000001,38,33,5
111000002,0,0,0
111000003,355,55,300
111000004,0,0,0
111000005,566,81,485
111000006,0,0,0
111000007,607,104,503
111000008,0,0,0
111000009,6,122,-116
111000010,357,110,247
111000011,8,23,-15
111000012,237,31,206
111000013,3,71,-68
111000014,515,84,431
111000017,0,0,0
111000018,0,0,0
111000020,0,0,0
111000021,28,2,26
111000023,29,1,28
111000025,92,66,26
111000029,0,0,0
111000030,0,0,0
111000031,319,57,262
111000032,18,14,4
111000033,61,10,51
111000034,2,39,-37
111000037,0,0,0
111000038,12,2,10
111000039,0,10,-10
111000040,17,14,3
111000041,0,0,0
111000042,0,0,0
111000043,757,64,693
111000044,701,67,634
111000045,930,297,633
111000046,563,104,459
111000047,597,171,426
111000049,74,9,65
111000050,0,0,0
111000051,0,0,0
111000052,0,0,0
111000053,0,0,0
111000054,0,0,0
111000055,0,0,0
111000056,0,0,0
111000057,0,0,0
111000058,117,1,116
111000059,304,105,199
111000060,1272,56,1216
111000061,78,9,69
111000062,415,2,413
111000063,542,26,516
111000064,584,27,557
111000065,575,15,560
111000066,177,51,126
111000067,0,0,0
111000068,0,0,0
111000069,0,0,0
111000070,0,0,0
111000071,0,0,0
111000072,816,83,733
111000073,351,61,290
111000074,882,152,730
111000075,125,5,120
111000076,252,20,232
111000077,614,138,476
111000078,136,30,106
111000079,195,37,158
111000080,107,28,79
111000081,92,12,80
111000082,154,12,142
111000084,65,134,-69
111000085,33,16,17
111000086,168,18,150
111000087,97,14,83
111000088,53,22,31
111000089,86,4,82
111000090,57,30,27
111000091,0,0,0
111000092,0,0,0
111000093,0,0,0
111000094,26,0,26
111000095,2,6,-4
111000096,32,36,-4
111000097,0,0,0
111000098,0,0,0
111000099,0,0,0
111000100,0,0,0
111000101,0,0,0
111000102,0,0,0
111000104,73,2,71
111000107,0,0,0
111000109,57,25,32
111000110,364,27,337
111000111,782,56,726
111000112,719,8,711
111000113,379,88,291
111000114,230,71,159
111000115,740,106,634
111000116,218,22,196
111000117,37,20,17
111000118,139,30,109
111000119,219,38,181
111000120,303,34,269
111000121,129,47,82
111000122,2,2,0
111000123,0,0,0
111000124,0,0,0
111000125,0,0,0
111000126,0,0,0
111000127,239,18,221
111000128,644,11,633
111000129,902,37,865
111000130,1083,36,1047
111000131,742,12,730
111000132,360,32,328
111000133,2,22,-20
111000134,7,4,3
111000135,0,0,0
111000136,305,2,303
111000138,4,2,2
111000140,0,0,0
111000141,1,0,1
111000142,0,0,0
111000143,0,0,0
111000144,0,0,0
111000145,2,0,2
111000146,0,0,0
111000147,27,1,26
111000148,20,10,10
111000149,0,0,0
111000150,29,0,29
111000151,0,0,0
111000153,100,1,99
111000154,16,0,16
111000155,41,4,37
111000156,106,70,36
111000157,71,92,-21
111000158,189,159,30
111000159,191,72,119
111000160,41,7,34
111000161,1,78,-77
111000162,0,0,0
111000163,0,0,0
111000164,0,0,0
111000165,96,16,80
111000166,0,0,0
111000167,0,0,0
111000168,3,23,-20
111000169,76,24,52
111000170,35,1,34
111000171,28,2,26
111000172,8,2,6
111000173,21,35,-14
111000174,18,7,11
111000175,1,1,0
111000176,0,0,0
111000177,0,0,0
111000178,0,0,0
111000179,0,0,0
111000180,0,0,0
111000181,55,0,55
111000182,68,0,68
111000183,39,11,28
111000184,121,12,109
111000185,5,0,5
111000186,23,0,23
111000187,22,0,22
111000188,7,1,6
111000189,0,0,0
111000190,0,0,0
111000191,0,0,0
111000192,0,0,0
111000193,0,0,0
111000194,0,0,0
111000195,0,0,0
111000196,0,0,0
111000197,40,10,30
111000198,78,2,76
111000199,96,4,92
111000200,266,7,259
111000201,130,4,126
111000202,73,4,69
111000203,99,8,91
111000204,41,177,-136
111000213,92,65,27
111000214,211,23,188
111000215,152,31,121
111000217,172,12,160
111000218,84,101,-17
111000219,0,0,0
111000220,120,65,55
111000221,21,10,11
111000224,0,0,0
111000225,33,4,29
111000226,1,3,-2
111000227,2,0,2
111000228,0,0,0
111000229,0,0,0
111000230,21,2,19
111000231,139,9,130
111000232,0,0,0
111000233,0,0,0
111000234,0,0,0
111000239,0,0,0
111000240,7,19,-12
111000241,0,0,0
111000242,43,7,36
111000243,0,0,0
111000244,33,2,31
111000245,139,8,131
111000246,90,42,48
111000247,0,0,0
111000248,83,38,45
111000249,0,0,0
111000250,0,0,0
111000251,0,0,0
111000253,0,0,0
111000255,0,0,0
111000257,0,0,0
111000260,0,0,0
111000261,44,1,43
111000271,0,0,0
111000273,17,2,15
111000274,187,198,-11
111000275,36,1,35
111000276,0,0,0
111000277,0,0,0
111000278,99,2,97
111000291,207,337,-130
111000298,2,1,1
111000299,92,0,92
111000300,0,0,0
111000302,1,1,0
111000303,0,0,0
111000312,0,0,0
111000315,0,0,0
111000320,4,6,-2
111000321,3,13,-10
111000322,40,1,39
111000323,11,1,10
111000324,2,3,-1
111000325,0,0,0
111000326,12,0,12
111000327,49,7,42
111000328,26,45,-19
111000329,0,0,0
111000330,16,0,16
111000331,42,2,40
111000332,76,92,-16
111000334,2,6,-4
111000335,43,7,36
111000337,119,0,119
111000338,0,0,0
111000339,2,6,-4
111000340,2,5,-3
111000341,126,11,115
111000342,0,0,0
111000344,129,8,121
111000345,6,15,-9
111000346,0,0,0
111000347,0,0,0
111000350,13,5,8
111000351,0,0,0
111000352,17,0,17
111000353,0,0,0
111000354,5,1,4
111000355,0,0,0
111000358,30,5,25
111000360,16,1,15
111000361,17,9,8
111000546,2,2,0
111000547,113,4,109
111000548,1,0,1
111000549,62,5,57
111000550,0,1,-1
111000551,94,1,93
111000552,2,4,-2
111000907,235,11,224
111000908,6,0,6
111000916,150,1,149
111000917,0,0,0
111000918,7,1,6
111000920,42,0,42
111000921,0,0,0
111000922,1,0,1
111000924,0,0,0
111000925,1593,141,1452
111000926,75,35,40
111000927,1344,278,1066
111000928,214,186,28
111000929,1092,152,940
111000930,24,62,-38
111000931,1202,281,921
111000932,112,74,38
111000933,1337,433,904
111000934,8,53,-45
111000935,711,74,637
111000936,0,33,-33
111000937,494,165,329
111000938,1,38,-37
111000939,123,2,121
111000940,0,0,0
111000941,45,1,44
111000943,0,0,0
111000944,8,8,0
111000945,19,0,19
111001109,173,3,170
111001110,0,0,0
111001111,1,0,1
111001112,132,0,132
111001113,0,75,-75
111001114,3,0,3
111001115,0,0,0
111001116,232,64,168
111001117,0,0,0
111001120,1,6,-5
111001121,0,0,0
111001122,0,0,0
111001123,1,21,-20
111001124,0,0,0
111001125,2,66,-64
111001126,0,0,0
111001127,0,0,0
111001128,55,11,44
111001129,0,0,0
111900001,0,0,0
111900002,0,0,0
111900003,0,0,0
111900004,0,0,0
111900006,0,0,0
111900007,0,0,0
111900008,0,0,0
111900009,0,0,0
111900010,0,0,0
111900012,1,0,1
111900013,0,0,0
111900014,16,0,16
111900015,0,0,0
111900016,0,0,0
111900017,0,0,0
111900018,0,0,0
111900019,0,0,0
111900020,0,0,0
111900021,0,0,0
111900022,0,0,0
111900023,0,0,0
111900024,1,0,1
111900025,0,0,0
111900026,0,0,0
111900027,0,0,0
111900028,0,0,0
111900029,0,0,0
111900030,0,0,0
111900032,0,0,0
111900033,0,0,0
111900034,0,0,0
111900035,0,0,0
111900036,0,0,0
111900038,0,0,0
111900039,0,0,0
111900040,0,0,0
111900042,0,0,0
111900043,0,0,0
111900044,0,0,0
111900046,0,0,0
111900048,0,0,0
111900049,0,0,0
111900050,0,0,0
111900051,0,0,0
111900052,0,0,0
111900053,0,0,0
111900054,0,0,0
111900055,0,0,0
111900056,0,0,0
111900057,8,0,8
111900058,0,0,0
111900059,69,26,43
111900060,0,0,0
111900061,0,0,0
111900062,0,0,0
111900063,0,0,0
111900064,0,0,0
111900065,0,0,0
111900066,0,0,0
111900067,0,0,0
111900068,0,0,0
111900069,0,0,0
111900070,0,0,0
111900071,0,0,0
111900072,0,0,0
111900073,0,0,0
111900074,0,0,0
111900075,0,0,0
111900076,0,0,0
111900077,0,0,0
111900078,0,0,0
111900079,0,0,0
111900080,0,0,0
111900082,0,0,0
111900083,0,0,0
111900084,0,0,0
111900085,0,0,0
111900086,0,0,0
111900087,0,0,0
111900088,0,0,0
111900089,0,0,0
111900090,0,0,0
111900091,0,0,0
111900092,0,0,0
111900093,0,0,0
111900094,0,0,0
111900095,0,0,0
111900096,0,0,0
111900097,0,0,0
111900098,0,0,0
111900099,0,0,0
111900100,0,0,0
111900101,0,0,0
111900102,0,0,0
111900103,0,0,0
111900104,0,0,0
111900105,0,0,0
111900106,0,0,0
111900110,0,0,0
111900111,14,0,14
111900112,0,0,0
111900113,0,0,0
111900118,0,0,0
111900119,0,0,0
111900122,0,0,0
111900123,0,0,0
111900124,0,0,0
111900125,0,0,0
111900126,0,0,0
111900127,0,0,0
111900128,0,0,0
111900129,0,0,0
111900130,0,0,0
111900131,0,0,0
111900132,0,0,0
111900133,0,0,0
111900134,0,0,0
111900135,0,0,0
111900136,0,0,0
111900137,0,0,0
111900138,0,0,0
111900139,0,0,0
111900140,0,0,0
111900141,0,0,0
111900142,0,0,0
111900143,0,0,0
111900144,0,0,0
111900145,0,0,0
111900146,0,0,0
111900147,0,0,0
111900148,0,0,0
111900149,0,0,0
111900150,0,0,0
111900151,0,0,0
111900152,0,0,0
111900153,0,0,0
111900154,0,0,0
111900155,0,0,0
111900156,0,0,0
111900157,0,0,0
111900158,0,0,0
111900159,0,0,0
111900160,0,0,0
111900161,0,0,0
111900162,0,0,0
111900163,0,0,0
111900164,0,0,0
111901113,0,0,0
111901114,0,0,0
111901115,0,0,0
111901116,0,0,0
111901117,0,0,0
111901118,0,0,0
111901119,0,0,0
111901121,0,0,0
111901122,0,0,0
111901123,0,0,0
111901124,0,0,0
111901125,10,26,-16
111901127,0,0,0
111901128,0,0,0
111901129,0,0,0
111901130,0,0,0
111901131,0,0,0
111901132,0,0,0
111901133,0,0,0
111901134,0,0,0
111901135,0,0,0
111901138,0,0,0
111901139,0,0,0
111901140,0,0,0
111901141,0,0,0
111901142,0,0,0
111901143,0,0,0
111901144,0,0,0
111901145,0,0,0
111901146,0,0,0
111901147,0,0,0
111901148,0,0,0
111901149,0,0,0
111901150,0,0,0
111901151,0,0,0
111901152,0,0,0
112000001,967,221,746
112000002,0,0,0
112000003,436,138,298
112000004,0,0,0
112000005,2358,924,1434
112000006,0,0,0
112000007,672,753,-81
112000008,1350,1224,126
112000009,559,45,514
112000010,157,617,-460
112000011,151,22,129
112000012,349,1018,-669
112000013,93,57,36
112000014,69,602,-533
112000015,0,0,0
112000016,82,220,-138
112000017,0,0,0
112000024,0,0,0
112000026,0,0,0
112000027,379,353,26
112000028,0,0,0
112000029,0,0,0
112000030,0,0,0
112000031,0,41,-41
112000032,0,0,0
112000033,1,59,-58
112000034,0,0,0
112000035,0,0,0
112000036,0,0,0
112000037,0,0,0
112000038,0,0,0
112000039,25,3,22
112000040,0,0,0
112000041,0,0,0
112000042,0,0,0
112000050,557,331,226
112000051,497,805,-308
112000054,26,125,-99
112000057,0,0,0
112000058,0,0,0
112000059,0,0,0
112000061,0,0,0
112000062,5,66,-61
112000063,0,0,0
112000064,0,0,0
112000065,0,0,0
112000066,46,210,-164
112000067,0,0,0
112000068,60,135,-75
112000069,0,0,0
112000070,22,17,5
112000071,0,0,0
112000072,110,10,100
112000073,0,0,0
112000074,46,16,30
112000075,195,77,118
112000076,97,32,65
112000077,100,3,97
112000078,204,21,183
112000079,63,8,55
112000080,42,12,30
112000081,18,123,-105
112000082,128,76,52
112000083,84,9,75
112000084,127,38,89
112000085,263,20,243
112000086,289,37,252
112000087,27,12,15
112000088,47,22,25
112000089,1,13,-12
112000090,22,3,19
112000091,58,11,47
112000092,982,66,916
112000093,107,7,100
112000094,326,104,222
112000095,104,12,92
112000096,378,86,292
112000097,427,196,231
112000098,0,0,0
112000099,53,997,-944
112000100,538,112,426
112000101,0,0,0
112000102,246,43,203
112000103,0,0,0
112000105,0,0,0
112000106,382,143,239
112000107,2,1,1
112000108,0,0,0
112000109,57,1,56
112000110,285,11,274
112000111,0,16,-16
112000112,219,7,212
112000113,5,9,-4
112000114,242,39,203
112000115,0,0,0
112000116,0,0,0
112000117,0,0,0
112000118,0,0,0
112000119,0,0,0
112000120,0,0,0
112000121,0,0,0
112000122,23,10,13
112000123,127,7,120
112000124,3,0,3
112000125,23,7,16
112000126,0,0,0
112000127,36,64,-28
112000128,0,0,0
112000129,37,1,36
112000130,0,0,0
112000131,0,0,0
112000132,0,0,0
112000133,44,0,44
112000134,95,4,91
112000135,178,20,158
112000136,0,12,-12
112000137,278,45,233
112000138,10,2,8
112000139,4,15,-11
112000140,0,0,0
112000141,27,5,22
112000142,0,0,0
112000143,131,3,128
112000144,0,0,0
112000145,283,6,277
112000146,0,0,0
112000147,70,12,58
112000148,0,0,0
112000149,9,7,2
112000150,0,0,0
112000151,17,7,10
112000152,0,0,0
112000153,13,3,10
112000154,20,0,20
112000155,0,0,0
112000157,51,250,-199
112000158,5,2,3
112000159,0,0,0
112000167,0,0,0
112000169,0,0,0
112000173,0,0,0
112000175,10,2,8
112000176,0,0,0
112000177,0,0,0
112000178,0,0,0
112000179,0,0,0
112000180,0,0,0
112000181,52,9,43
112000182,155,5,150
112000183,16,0,16
112000184,1,6,-5
112000185,0,0,0
112000187,0,0,0
112000195,0,0,0
112000196,0,0,0
112000197,0,0,0
112000198,0,0,0
112000199,0,0,0
112000202,423,1,422
112000216,0,0,0
112000230,0,0,0
112000231,0,0,0
112000256,19,48,-29
112000313,0,0,0
112000314,0,0,0
112000337,0,0,0
112000352,0,0,0
112000392,47,116,-69
112000398,278,58,220
112000399,176,1533,-1357
112000400,2,6,-4
112000401,2,21,-19
112000402,436,1363,-927
112000403,82,912,-830
112000404,126,260,-134
112000405,695,431,264
112000406,17,35,-18
112000407,2148,274,1874
112000408,8,33,-25
112000409,1,27,-26
112000410,0,0,0
112000411,0,0,0
112000412,0,0,0
112000413,0,0,0
112000414,0,0,0
112000415,0,0,0
112000416,610,108,502
112000417,3,7,-4
112000421,0,0,0
112000422,1,1,0
112000424,0,0,0
112000425,0,0,0
112000426,0,0,0
112000427,0,0,0
112000428,0,0,0
112000429,277,290,-13
112000430,308,531,-223
112000431,60,13,47
112000432,0,0,0
112000433,1,51,-50
112000437,0,0,0
112900001,0,0,0
112900002,0,0,0
112900003,0,0,0
112900004,0,0,0
112900005,0,0,0
112900007,0,0,0
112900008,0,0,0
112900009,0,0,0
112900010,0,0,0
112900011,0,0,0
112900012,0,0,0
112900013,0,0,0
112900014,0,0,0
112900015,0,0,0
112900016,0,0,0
112900017,0,0,0
112900018,0,0,0
112900019,0,0,0
112900020,0,0,0
112900021,0,0,0
112900022,0,0,0
112900023,0,0,0
112900024,0,0,0
112900025,0,0,0
112900026,0,0,0
112900027,0,0,0
112900028,0,0,0
112900029,0,0,0
112900030,0,0,0
112900031,0,0,0
112900032,0,0,0
112900034,0,0,0
112900035,0,0,0
112900036,0,0,0
112900037,0,0,0
112900038,0,0,0
112900039,0,0,0
112900040,0,0,0
112900041,0,0,0
112900042,0,0,0
112900043,0,0,0
112900044,0,0,0
112900045,0,0,0
112900046,0,0,0
112900047,0,0,0
112900049,0,0,0
112900050,0,0,0
112900051,0,0,0
112900052,0,0,0
112900053,0,0,0
112900054,0,0,0
112900055,0,0,0
112900056,0,0,0
112900057,0,0,0
112900058,0,0,0
112900059,0,0,0
112900060,0,0,0
112900061,0,0,0
112900062,0,0,0
112900063,0,0,0
112900064,0,0,0
112900065,0,0,0
112900066,0,0,0
112900067,0,0,0
112900068,0,0,0
112900069,0,0,0
112900071,0,0,0
112900072,0,0,0
112900073,0,0,0
112900074,0,0,0
112900075,0,0,0
112900076,0,0,0
112900078,0,0,0
112900079,0,0,0
112900080,0,0,0
112900081,0,0,0
112900082,0,0,0
112900083,0,0,0
112900084,0,0,0
112900086,0,0,0
112900087,0,0,0
112900088,0,0,0
112900089,0,0,0
112900090,0,0,0
112900091,0,0,0
112900092,0,0,0
112900093,0,0,0
112900095,0,0,0
112900096,0,0,0
112900097,0,0,0
112900098,0,0,0
112900099,0,0,0
112900100,0,0,0
112900101,0,0,0
112900102,0,0,0
112900103,0,0,0
112900104,0,0,0
112900105,0,0,0
112900106,0,0,0
112900107,0,0,0
112900108,0,0,0
112900109,0,0,0
112900110,0,0,0
112900111,0,0,0
112900112,0,0,0
112900113,0,0,0
112900114,0,0,0
112900115,0,0,0
112900116,0,0,0
112900117,0,0,0
112900118,0,0,0
112900119,0,0,0
112900120,0,0,0
112900121,0,0,0
112900122,0,0,0
112900123,0,0,0
112900124,0,0,0
112900125,0,0,0
112900126,0,0,0
112900127,0,0,0
112900128,0,0,0
112900129,0,0,0
112900130,0,0,0
112900131,0,0,0
112900132,0,0,0
112900133,0,0,0
112900134,0,0,0
112900135,0,0,0
112900137,0,0,0
112900138,0,0,0
112900139,0,0,0
112900141,0,0,0
112900142,0,0,0
112900143,0,0,0
112900144,0,0,0
112900145,0,0,0
112900146,0,0,0
112900147,0,0,0
112900148,0,0,0
112900149,0,0,0
112900151,0,0,0
112900152,0,0,0
112900153,0,0,0
112900154,0,0,0
112900155,0,0,0
112900156,0,0,0
112900157,0,0,0
112900158,0,0,0
112900159,0,0,0
112900160,0,0,0
112900161,0,0,0
112900162,0,0,0
112900163,0,0,0
112900164,0,0,0
112900165,0,0,0
112900166,0,0,0
112900167,0,0,0
112900168,0,0,0
112900169,0,0,0
112900170,0,0,0
112900172,0,0,0
112900173,0,0,0
112900174,0,0,0
112900175,0,0,0
112900176,0,0,0
112900177,0,0,0
112900178,0,0,0
112900179,0,0,0
112900180,0,0,0
112900181,0,0,0
112900182,0,0,0
112900183,0,0,0
112900184,0,0,0
112900185,0,0,0
112900186,0,0,0
112900187,0,0,0
112900188,0,0,0
112900189,0,0,0
112900190,0,0,0
112900192,0,0,0
112900193,0,0,0
112900194,0,0,0
112900195,0,0,0
112900196,0,0,0
112900197,0,0,0
112900199,0,0,0
112900200,0,0,0
112900201,0,0,0
112900202,0,0,0
112900203,0,0,0
112900204,0,0,0
112900205,0,0,0
112900206,0,0,0
112900207,0,0,0
112900208,0,0,0
112900209,0,0,0
112900210,0,0,0
112900211,0,0,0
112900212,0,0,0
112900213,0,0,0
112900214,0,0,0
112900215,0,0,0
112900216,0,0,0
112900217,0,0,0
112900218,0,0,0
112900219,0,0,0
112900220,0,0,0
112900221,0,0,0
112900222,0,0,0
112900223,0,0,0
112900224,0,0,0
112900225,0,0,0
112900226,0,0,0
112900227,0,0,0
112900228,0,0,0
112900229,0,0,0
112900230,0,0,0
112900232,0,0,0
112900233,0,0,0
112900234,0,0,0
112900235,0,0,0
112900236,0,0,0
112900237,0,0,0
112900238,0,0,0
112900239,0,0,0
112900240,0,0,0
112900241,0,0,0
112900242,0,0,0
112900243,0,0,0
112900244,0,0,0
112900245,0,0,0
112900246,0,0,0
112900247,0,0,0
112900248,0,0,0
112900249,0,0,0
112900250,0,0,0
112900251,0,0,0
112900252,0,0,0
112900253,0,0,0
112900254,0,0,0
112900255,0,0,0
112900256,0,0,0
112900257,0,0,0
112900258,0,0,0
113000001,196,216,-20
113000002,187,172,15
113000003,114,73,41
113000004,44,160,-116
113000005,56,59,-3
113000006,28,132,-104
113000007,75,24,51
113000008,63,73,-10
113000009,59,6,53
113000010,231,36,195
113000011,0,0,0
113000012,477,59,418
113000013,24,68,-44
113000014,54,13,41
113000015,5,0,5
113000016,0,0,0
113000017,0,0,0
113000018,25,17,8
113000019,0,0,0
113000020,114,0,114
113000021,233,9,224
113000022,26,0,26
113000025,0,0,0
113000026,17,6,11
113000027,103,0,103
113000028,2,0,2
113000029,21,11,10
113000030,0,0,0
113000031,0,0,0
113000032,40,1,39
113000033,27,14,13
113000034,0,0,0
113000035,0,0,0
113000036,0,0,0
113000037,0,0,0
113000038,0,0,0
113000039,0,0,0
113000040,0,0,0
113000042,0,0,0
113000051,95,90,5
113000052,98,42,56
113000053,12,19,-7
113000054,17,41,-24
113000055,102,15,87
113000056,70,19,51
113000058,0,0,0
113000059,82,54,28
113000060,0,0,0
113000061,60,60,0
113000062,0,0,0
113000063,0,0,0
113000064,0,0,0
113000065,7,6,1
113000066,79,7,72
113000067,34,2,32
113000068,7,37,-30
113000069,4,27,-23
113000070,80,4,76
113000071,9,60,-51
113000072,58,2,56
113000073,0,77,-77
113000074,55,2,53
113000075,134,3,131
113000076,0,86,-86
113000077,52,51,1
113000078,0,0,0
113000079,0,0,0
113000080,43,45,-2
113000081,77,74,3
113000082,0,0,0
113000083,81,147,-66
113000084,9,2,7
113000085,176,139,37
113000086,6,5,1
113000087,91,385,-294
113000088,11,9,2
113000089,189,310,-121
113000090,20,21,-1
113000091,4,0,4
113000094,117,10,107
113000095,0,0,0
113000096,0,0,0
113000097,45,1,44
113000098,0,0,0
113000099,47,0,47
113000100,0,1,-1
113000101,0,1,-1
113000102,21,39,-18
113000103,0,0,0
113000104,224,148,76
113000105,567,62,505
113000106,0,0,0
113000107,210,307,-97
113000108,42,31,11
113000109,0,0,0
113000110,65,89,-24
113000111,0,0,0
113000112,32,30,2
113000113,27,11,16
113000114,0,0,0
113000116,0,0,0
113000117,0,0,0
113000118,0,0,0
113000119,0,0,0
113000120,0,1,-1
113000121,0,0,0
113000124,42,0,42
113000125,0,0,0
113000127,0,0,0
113000128,0,0,0
113000129,0,0,0
113000133,3,0,3
113000134,0,70,-70
113000135,638,546,92
113000137,158,117,41
113000139,9,23,-14
113000140,0,0,0
113000141,0,24,-24
113000142,0,0,0
113000143,1,31,-30
113000144,0,0,0
113000145,0,0,0
113000146,0,0,0
113000147,0,0,0
113000148,0,0,0
113000149,0,0,0
113000150,0,0,0
113000151,0,0,0
113000152,0,0,0
113000153,0,0,0
113000154,4,58,-54
113000155,46,83,-37
113000156,0,0,0
113000157,0,0,0
113000158,0,0,0
113000159,0,0,0
113000160,0,0,0
113000161,0,0,0
113000162,0,0,0
113000163,0,0,0
113000164,0,0,0
113000166,44,0,44
113000167,0,0,0
113000168,0,0,0
113000169,78,0,78
113000170,146,8,138
113000171,0,0,0
113000172,65,2,63
113000173,29,9,20
113000174,0,0,0
113000175,55,1,54
113000176,194,2,192
113000177,0,0,0
113000178,0,0,0
113000179,61,16,45
113000180,65,0,65
113000181,41,2,39
113000182,9,0,9
113000183,1,50,-49
113000184,0,0,0
113000189,0,0,0
113000190,0,0,0
113000192,83,139,-56
113000193,84,18,66
113000194,20,27,-7
113000195,15,10,5
113000196,121,6,115
113000197,38,12,26
113000198,0,0,0
113000199,0,0,0
113000201,0,0,0
113000202,0,0,0
113000203,7,0,7
113000204,15,60,-45
113000205,0,0,0
113000206,0,0,0
113000207,0,0,0
113000208,0,0,0
113000209,0,0,0
113000210,0,0,0
113000211,0,0,0
113000212,0,0,0
113000213,0,1,-1
113000214,0,0,0
113000234,0,0,0
113000410,0,2,-2
113000411,10,62,-52
113000412,299,196,103
113000413,64,146,-82
113000414,94,224,-130
113000415,14,17,-3
113000416,15,18,-3
113000417,5,25,-20
113000418,247,97,150
113000419,55,59,-4
113000420,142,122,20
113000421,1132,848,284
113000422,119,313,-194
113000423,121,210,-89
113000424,478,216,262
113000425,0,0,0
113000428,0,0,0
113000430,0,0,0
113000432,117,2,115
113000433,0,0,0
113000434,0,0,0
113000435,0,0,0
113000436,0,0,0
113000437,54,0,54
113000438,1,0,1
113000439,0,0,0
113000440,0,0,0
113000441,0,0,0
113000442,0,0,0
113000443,0,0,0
113000444,0,0,0
113000445,0,0,0
113000446,0,0,0
113000448,0,0,0
113000449,0,1,-1
113000450,0,11,-11
113000451,0,0,0
113000452,1,6,-5
113000453,0,0,0
113000454,3,5,-2
113000455,0,0,0
113000456,0,0,0
113000468,0,0,0
113000469,0,0,0
113000470,0,0,0
113000471,0,0,0
113000472,0,0,0
113000474,9,52,-43
113000475,48,25,23
113000476,161,125,36
113000477,623,281,342
113000478,308,68,240
113000479,0,0,0
113000483,0,0,0
113000484,0,0,0
113000485,0,0,0
113000486,0,0,0
113000487,0,0,0
113000488,0,0,0
113000489,0,0,0
113000490,0,0,0
113000491,0,0,0
113000492,0,0,0
113000493,0,0,0
113000495,0,0,0
113000496,0,3,-3
113900001,0,0,0
113900002,0,0,0
113900003,0,0,0
113900004,0,0,0
113900005,0,0,0
113900006,0,0,0
113900007,0,0,0
113900008,0,0,0
113900009,0,0,0
113900010,0,0,0
113900011,0,0,0
113900012,0,0,0
113900013,0,0,0
113900014,0,0,0
113900015,0,0,0
113900016,0,0,0
113900017,0,0,0
113900018,0,0,0
113900019,0,0,0
113900020,0,0,0
113900022,0,0,0
113900023,0,0,0
113900024,0,0,0
113900025,0,0,0
113900026,0,0,0
113900027,0,0,0
113900028,0,0,0
113900029,0,0,0
113900030,1,1,0
113900031,0,0,0
113900032,0,0,0
113900033,0,0,0
113900035,0,0,0
113900036,0,0,0
113900037,0,0,0
113900038,0,0,0
113900039,0,0,0
113900040,0,0,0
113900041,0,0,0
113900042,0,0,0
113900043,0,0,0
113900044,0,0,0
113900045,0,0,0
113900046,0,0,0
113900047,0,0,0
113900048,0,0,0
113900049,0,0,0
113900050,0,0,0
113900051,0,0,0
113900052,0,0,0
113900053,0,0,0
113900054,0,0,0
113900055,0,0,0
113900056,0,0,0
113900057,0,0,0
113900058,0,0,0
113900059,0,0,0
113900060,0,0,0
113900061,0,0,0
113900062,0,0,0
113900063,0,0,0
113900064,0,0,0
113900065,0,0,0
113900066,0,0,0
113900067,0,0,0
113900068,0,0,0
113900069,0,0,0
113900070,0,0,0
113900071,0,0,0
113900072,0,0,0
113900073,0,0,0
113900074,0,0,0
113900075,0,0,0
113900076,0,0,0
113900077,0,0,0
113900078,0,0,0
113900079,0,0,0
113900080,0,0,0
113900081,0,0,0
113900082,0,0,0
113900083,0,0,0
113900084,0,0,0
113900085,0,0,0
113900086,0,0,0
113900087,0,0,0
113900088,0,0,0
113900089,0,0,0
113900090,0,0,0
113900091,0,0,0
113900092,0,0,0
113900093,0,0,0
113900094,0,0,0
113900095,0,0,0
113900096,0,0,0
113900097,0,0,0
113900098,0,0,0
113900099,0,0,0
113900100,0,0,0
113900101,0,0,0
113900102,0,0,0
113900103,0,0,0
113900104,0,0,0
113900105,0,0,0
113900106,0,0,0
113900107,0,0,0
113900108,0,0,0
113900109,0,0,0
113900110,0,0,0
113900111,0,0,0
113900112,0,0,0
113900113,0,0,0
113900114,0,0,0
113900115,0,0,0
113900116,0,0,0
113900117,0,0,0
113900118,0,0,0
113900119,0,0,0
113900120,0,0,0
113900121,0,0,0
113900122,0,0,0
113900123,0,0,0
113900124,0,0,0
113900125,0,0,0
113900126,0,0,0
113900127,0,0,0
113900128,0,0,0
113900129,0,0,0
113900130,0,0,0
113900131,0,0,0
113900132,0,0,0
113900133,0,0,0
113900135,0,0,0
113900136,0,0,0
113900137,0,0,0
113900138,0,0,0
113900139,0,0,0
113900140,0,0,0
113900141,0,0,0
113900142,0,0,0
113900143,0,0,0
113900144,0,0,0
113900145,0,0,0
113900146,0,0,0
113900148,0,0,0
113900149,0,0,0
113900150,0,0,0
113900151,0,0,0
113900152,0,0,0
113900153,0,0,0
113900154,0,0,0
113900155,0,0,0
113900156,0,0,0
113900157,0,0,0
113900158,0,0,0
113900159,0,0,0
113900160,0,0,0
113900161,0,0,0
113900162,0,0,0
113900163,0,0,0
113900164,0,0,0
113900165,0,0,0
113900166,0,0,0
113900167,0,0,0
113900168,0,0,0
113900169,0,0,0
113900171,0,0,0
113900172,0,0,0
113900173,0,0,0
113900174,0,0,0
113900175,0,0,0
113900176,0,0,0
113900177,0,0,0
113900178,0,0,0
113900179,0,0,0
113900180,0,0,0
113900181,0,0,0
113900182,0,0,0
113900183,0,0,0
113900184,0,0,0
113900185,0,0,0
113900186,0,0,0
113900187,0,0,0
113900188,0,0,0
113900189,0,0,0
113900190,0,0,0
113900191,0,0,0
113900192,0,0,0
113900193,0,0,0
113900194,0,0,0
113900195,0,0,0
113900196,0,0,0
113900197,0,0,0
113900198,0,0,0
113900199,0,0,0
113900200,0,0,0
113900201,0,0,0
113900202,0,0,0
113900203,0,0,0
113900204,0,0,0
113900205,0,0,0
113900206,0,0,0
113900207,0,0,0
113900208,0,0,0
113900209,0,0,0
113900210,0,0,0
113900211,0,0,0
113900212,0,0,0
113900214,0,0,0
113900215,0,0,0
113900216,0,0,0
113900217,0,0,0
113900218,0,0,0
113900219,0,0,0
113900220,0,0,0
113900221,0,0,0
113900222,0,0,0
113900223,0,0,0
113900224,0,0,0
113900225,0,0,0
113900226,0,0,0
113900227,0,0,0
113900228,0,0,0
113900229,0,0,0
113900230,0,0,0
113900231,0,0,0
113900232,0,0,0
113900233,0,0,0
113900234,0,0,0
113900235,0,0,0
113900236,0,0,0
113900237,0,0,0
113900238,0,0,0
113900239,0,0,0
113900240,0,0,0
113900241,0,0,0
113900242,0,0,0
113900243,0,0,0
113900244,0,0,0
113900245,0,0,0
113900246,0,0,0
113900247,0,0,0
113900248,0,0,0
113900249,0,0,0
113900250,0,0,0
113900251,0,0,0
113900252,0,0,0
113900253,0,0,0
113900254,0,0,0
113900255,0,0,0
113900256,0,0,0
113900257,0,0,0
113900258,0,0,0
113900259,0,0,0
113900260,0,0,0
113900261,0,0,0
113900262,0,0,0
113900263,0,0,0
113900264,0,0,0
113900265,0,0,0
113900266,0,0,0
113900267,0,0,0
113900268,0,0,0
113900269,0,0,0
113900270,0,0,0
113900271,0,0,0
113900273,0,0,0
113900274,0,0,0
113900275,0,0,0
113900276,0,0,0
113900277,0,0,0
113900278,0,0,0
113900279,0,0,0
113900280,0,0,0
113900281,0,0,0
113900282,0,0,0
113900283,0,0,0
113900284,0,0,0
113900285,0,0,0
113900286,0,0,0
113900287,0,0,0
113900288,0,0,0
113900289,0,0,0
113900290,0,0,0
113900291,0,0,0
113900292,0,0,0
113900293,0,0,0
113900294,0,0,0
113900295,13,9,4
113900296,0,0,0
113900297,0,0,0
113900298,0,0,0
113900299,0,0,0
113900300,0,0,0
113900301,0,0,0
113900302,0,0,0
113900303,0,0,0
113900304,0,0,0
113900305,0,0,0
113900306,0,0,0
113900307,0,0,0
113900308,0,0,0
113900309,0,0,0
113900310,0,0,0
113900311,0,0,0
113900312,0,0,0
113900313,0,0,0
113900314,0,0,0
113900315,0,0,0
114000001,124,56,68
114000002,34,22,12
114000003,0,0,0
114000004,0,0,0
114000005,0,0,0
114000006,0,0,0
114000007,0,0,0
114000008,1,83,-82
114000009,22,41,-19
114000011,573,91,482
114000012,378,19,359
114000013,245,46,199
114000014,0,0,0
114000015,0,0,0
114000016,0,0,0
114000017,18,2,16
114000018,0,0,0
114000026,123,63,60
114000027,143,92,51
114000028,237,109,128
114000038,0,0,0
114000039,0,0,0
114000040,21,0,21
114000042,0,0,0
114000043,0,0,0
114000044,17,25,-8
114000045,0,0,0
114000046,0,0,0
114000047,0,0,0
114000048,0,32,-32
114000049,43,60,-17
114000050,14,123,-109
114000051,31,241,-210
114000052,55,132,-77
114000053,0,0,0
114000054,0,0,0
114000055,0,0,0
114000056,0,0,0
114000057,217,91,126
114000058,0,0,0
114000059,0,0,0
114000060,0,0,0
114000061,60,123,-63
114000062,9,158,-149
114000063,2,4,-2
114000064,1,2,-1
114000065,9,18,-9
114000066,79,37,42
114000067,1,7,-6
114000068,23,0,23
114000069,36,6,30
114000070,582,255,327
114000071,0,0,0
114000072,0,0,0
114000073,0,2,-2
114000074,0,0,0
114000075,55,0,55
114000076,9,2,7
114000077,8,0,8
114000078,1,1,0
114000079,0,0,0
114000080,0,0,0
114000081,13,12,1
114000082,0,0,0
114000083,0,0,0
114000084,0,0,0
114000085,0,0,0
114000086,0,0,0
114000087,0,0,0
114000088,0,0,0
114000089,3,9,-6
114000090,60,67,-7
114000091,3,33,-30
114000092,36,30,6
114000093,65,17,48
114000094,72,58,14
114000095,0,33,-33
114000096,0,0,0
114000097,0,0,0
114000098,63,4,59
114000099,0,0,0
114000100,707,2,705
114000101,0,0,0
114000102,74,22,52
114000103,0,0,0
114000104,0,0,0
114000105,0,0,0
114000106,0,0,0
114000107,0,0,0
114000108,0,0,0
114000109,372,148,224
114000110,0,0,0
114000111,384,84,300
114000112,0,0,0
114000113,354,10,344
114000114,0,0,0
114000115,532,83,449
114000116,319,92,227
114000117,909,36,873
114000118,486,42,444
114000119,652,54,598
114000120,113,0,113
114000121,0,0,0
114000122,74,16,58
114000123,246,37,209
114000124,33,56,-23
114000125,45,41,4
114000126,268,30,238
114000127,0,1,-1
114000128,12,1,11
114000130,0,4,-4
114000131,5,8,-3
114000132,0,0,0
114000133,0,0,0
114000134,0,0,0
114000138,0,0,0
114000139,5,32,-27
114000144,116,55,61
114000145,0,0,0
114000146,0,0,0
114000147,159,19,140
114000148,30,12,18
114000149,27,36,-9
114000150,0,0,0
114000151,56,19,37
114000152,6,3,3
114000153,0,0,0
114000154,15,12,3
114000155,179,87,92
114000156,33,33,0
114000157,37,62,-25
114000158,0,0,0
114000159,0,0,0
114000160,0,0,0
114000161,265,390,-125
114000162,628,714,-86
114000163,0,0,0
114000165,41,38,3
114000166,27,8,19
114000167,206,75,131
114000168,0,0,0
114000169,180,391,-211
114000170,384,145,239
114000171,783,160,623
114000174,0,0,0
114000176,0,0,0
114000177,0,0,0
114000178,0,2,-2
114000179,85,57,28
114000180,0,0,0
114000181,141,430,-289
114000182,45,65,-20
114000183,34,26,8
114000184,53,55,-2
114000185,172,47,125
114000189,204,24,180
114000190,667,17,650
114000191,0,0,0
114000192,0,13,-13
114000193,0,0,0
114000194,88,9,79
114000195,0,0,0
114000196,0,0,0
114000197,277,0,277
114000198,0,0,0
114000199,0,0,0
114000200,32,1,31
114000201,3,9,-6
114000202,187,61,126
114000203,55,28,27
114000204,0,0,0
114000205,0,14,-14
114000206,0,0,0
114000207,10,39,-29
114000208,0,5,-5
114000209,0,30,-30
114000210,0,38,-38
114000211,531,198,333
114000212,134,264,-130
114000213,359,169,190
114000214,9,0,9
114000215,0,0,0
114000216,278,85,193
114000217,53,9,44
114000218,4,1,3
114000219,236,2,234
114000220,0,25,-25
114000221,138,7,131
114000222,43,6,37
114000223,252,54,198
114000224,56,28,28
114000225,19,0,19
114000226,137,21,116
114000227,361,79,282
114000228,193,37,156
114000229,66,6,60
114000230,409,35,374
114000231,74,63,11
114000232,264,102,162
114000233,609,55,554
114000234,493,54,439
114000235,127,7,120
114000236,0,0,0
114000237,0,0,0
114000238,1,73,-72
114000239,0,0,0
114000240,44,37,7
114000241,18,18,0
114000242,29,17,12
114000243,409,149,260
114000244,310,44,266
114000245,0,0,0
114000246,0,0,0
114000247,186,79,107
114000248,279,141,138
114000249,180,139,41
114000250,53,5,48
114000251,69,1,68
114000252,0,0,0
114000253,21,11,10
114000254,0,0,0
114000255,0,0,0
114000256,3,91,-88
114000257,0,66,-66
114000258,18,0,18
114000259,0,11,-11
114000260,0,0,0
114000261,52,10,42
114000262,0,0,0
114000263,19,0,19
114000264,0,0,0
114000265,0,0,0
114000267,0,133,-133
114000268,0,0,0
114000270,36,1,35
114000271,54,0,54
114000283,181,11,170
114000285,0,0,0
114000288,0,2,-2
114000289,0,0,0
114000293,23,6,17
114000294,8,18,-10
114000395,246,1,245
114000396,108,19,89
114000402,0,0,0
114000403,60,5,55
114000405,56,10,46
114000423,128,7,121
114000424,51,10,41
114000425,140,1,139
114000426,75,14,61
114000427,0,0,0
114000428,0,0,0
114000429,9,15,-6
114000432,0,0,0
114000434,0,0,0
114000435,0,0,0
114900001,0,0,0
114900002,0,0,0
114900003,0,0,0
114900004,0,0,0
114900005,0,0,0
114900006,0,0,0
114900007,0,0,0
114900008,0,0,0
114900010,0,0,0
114900011,0,0,0
114900013,0,0,0
114900018,0,0,0
114900020,0,0,0
114900022,0,0,0
114900025,0,0,0
114900026,0,0,0
114900029,0,0,0
114900030,0,0,0
114900031,0,0,0
114900032,0,0,0
114900034,0,0,0
114900035,0,0,0
114900036,0,0,0
114900039,0,0,0
114900040,0,0,0
114900041,0,0,0
114900042,0,0,0
114900044,0,0,0
114900047,0,0,0
114900048,0,0,0
114900049,0,0,0
114900050,0,0,0
114900051,0,0,0
114900052,0,0,0
114900053,0,0,0
114900054,0,0,0
114900057,0,0,0
114900058,0,0,0
114900059,0,0,0
114900063,0,0,0
114900064,0,0,0
114900065,0,0,0
114900067,0,0,0
114900068,0,0,0
114900069,0,0,0
114900070,0,0,0
114900072,0,0,0
114900073,0,0,0
114900074,0,0,0
114900075,0,0,0
114900076,0,0,0
114900080,0,0,0
114900082,0,0,0
114900083,0,0,0
114900090,0,0,0
114900091,0,0,0
114900097,0,0,0
114900098,0,0,0
114900099,0,0,0
115000001,37,47,-10
115000002,1088,338,750
115000003,116,51,65
115000004,905,656,249
115000005,10,37,-27
115000006,450,258,192
115000007,0,0,0
115000008,110,96,14
115000009,0,0,0
115000010,163,144,19
115000013,0,0,0
115000015,0,0,0
115000016,0,0,0
115000019,40,118,-78
115000020,0,0,0
115000021,1,172,-171
115000022,0,16,-16
115000023,323,187,136
115000024,7,27,-20
115000025,340,46,294
115000026,0,0,0
115000027,203,60,143
115000028,0,0,0
115000029,523,1,522
115000030,1,17,-16
115000031,410,11,399
115000032,0,0,0
115000033,107,7,100
115000034,0,0,0
115000035,469,1,468
115000036,0,0,0
115000037,183,2,181
115000038,28,59,-31
115000039,6,28,-22
115000040,132,29,103
115000041,14,77,-63
115000042,78,30,48
115000043,472,372,100
115000044,240,35,205
115000045,119,7,112
115000046,506,122,384
115000047,907,83,824
115000048,48,47,1
115000049,73,140,-67
115000050,950,199,751
115000051,321,177,144
115000052,109,91,18
115000053,286,182,104
115000054,69,23,46
115000055,0,0,0
115000056,7,60,-53
115000057,0,0,0
115000058,15,12,3
115000059,0,0,0
115000061,37,2,35
115000062,0,0,0
115000063,0,0,0
115000064,74,1,73
115000065,0,0,0
115000067,9,14,-5
115000069,0,0,0
115000070,0,17,-17
115000071,26,1,25
115000072,0,0,0
115000073,218,6,212
115000075,0,0,0
115000076,396,158,238
115000077,230,107,123
115000078,89,53,36
115000079,200,86,114
115000080,342,134,208
115000081,0,0,0
115000082,917,375,542
115000083,0,0,0
115000084,629,203,426
115000085,0,0,0
115000086,493,24,469
115000087,0,0,0
115000088,545,116,429
115000089,0,0,0
115000090,54,32,22
115000091,67,28,39
115000092,261,36,225
115000093,325,1,324
115000094,996,154,842
115000095,840,149,691
115000096,140,6,134
115000097,162,32,130
115000098,270,17,253
115000099,650,153,497
115000100,391,56,335
115000101,2,17,-15
115000102,342,123,219
115000103,0,0,0
115000105,8,0,8
115000106,229,32,197
115000107,0,2,-2
115000108,131,48,83
115000109,743,488,255
115000110,238,55,183
115000111,48,85,-37
115000112,42,12,30
115000113,4,92,-88
115000114,52,33,19
115000116,75,58,17
115000117,51,23,28
115000118,52,254,-202
115000119,75,32,43
115000120,4,218,-214
115000121,68,74,-6
115000122,82,17,65
115000123,71,324,-253
115000124,36,29,7
115000125,119,56,63
115000126,4,54,-50
115000127,18,0,18
115000128,25,26,-1
115000129,59,0,59
115000130,55,3,52
115000131,82,25,57
115000132,97,2,95
115000133,50,5,45
115000134,53,0,53
115000135,20,1,19
115000136,93,1,92
115000137,0,0,0
115000138,106,0,106
115000139,0,0,0
115000140,102,13,89
115000141,0,0,0
115000142,0,0,0
115000143,179,50,129
115000144,0,0,0
115000145,0,0,0
115000146,96,56,40
115000147,0,0,0
115000148,0,0,0
115000149,1,9,-8
115000150,0,0,0
115000151,21,25,-4
115000152,0,0,0
115000153,0,14,-14
115000154,27,3,24
115000155,0,0,0
115000156,29,38,-9
115000157,0,0,0
115000158,0,0,0
115000159,0,0,0
115000160,0,0,0
115000161,0,0,0
115000162,171,49,122
115000163,0,0,0
115000164,0,0,0
115000165,25,36,-11
115000167,5,6,-1
115000168,31,22,9
115000169,0,0,0
115000170,0,0,0
115000171,80,55,25
115000172,0,0,0
115000173,2,3,-1
115000174,0,26,-26
115000175,0,0,0
115000176,1,19,-18
115000177,0,0,0
115000178,0,0,0
115000179,5,3,2
115000180,0,0,0
115000181,147,12,135
115000182,119,7,112
115000183,0,0,0
115000186,115,1,114
115000187,25,30,-5
115000188,46,15,31
115000189,1,39,-38
115000190,352,13,339
115000191,2,15,-13
115000194,0,0,0
115000195,6,5,1
115000196,1,0,1
115000197,0,0,0
115000198,71,2,69
115000199,0,0,0
115000200,10,0,10
115000201,0,0,0
115000206,153,2,151
115000207,0,0,0
115000208,9,22,-13
115000209,351,1,350
115000210,15,27,-12
115000211,17,0,17
115000212,42,0,42
115000224,0,0,0
115000225,0,0,0
115000229,2,2,0
115000230,5,1,4
115000231,81,2,79
115000232,310,1,309
115000233,0,0,0
115000234,0,0,0
115000241,0,0,0
115000242,0,0,0
115000243,0,0,0
115000244,0,0,0
115000246,0,0,0
115000247,0,0,0
115000248,0,0,0
115000249,0,0,0
115000250,0,0,0
115000251,0,0,0
115000252,0,0,0
115000253,0,0,0
115000258,0,0,0
115000259,0,0,0
115000261,0,0,0
115000262,0,0,0
115000263,0,0,0
115000264,0,0,0
115000267,0,0,0
115000268,0,0,0
115000269,0,0,0
115000270,0,0,0
115000272,1,0,1
115000273,0,0,0
115000280,37,283,-246
115000281,0,0,0
115000282,81,88,-7
115000284,0,0,0
115000296,158,2,156
115000297,2,167,-165
115000298,0,0,0
115000300,0,0,0
115000302,28,0,28
115000303,114,0,114
115000304,85,16,69
115000305,0,0,0
115000306,0,0,0
115000307,0,0,0
115000308,0,0,0
115000310,0,0,0
115000311,337,47,290
115000313,0,0,0
115000314,17,42,-25
115000315,8,15,-7
115000316,0,0,0
115000317,40,2,38
115000318,210,10,200
115000319,0,20,-20
115000320,0,41,-41
115000321,104,0,104
115000322,0,6,-6
115000449,0,0,0
115000557,0,0,0
115000558,117,0,117
115000587,9,1,8
115000588,40,94,-54
115000589,1299,736,563
115000590,9,13,-4
115000591,444,286,158
115000592,16,34,-18
115000593,453,154,299
115000594,35,88,-53
115000609,1,10,-9
115000617,4,10,-6
115000624,0,0,0
115000633,127,66,61
115000634,981,112,869
115000635,187,19,168
115000638,0,0,0
115000641,0,0,0
115000642,57,3,54
115000643,0,2,-2
115000644,0,3,-3
115000646,53,48,5
115000647,51,16,35
115000648,221,15,206
115000893,803,255,548
115000894,1,55,-54
115000895,16,44,-28
115000896,609,164,445
115000897,26,23,3
115000898,19,9,10
115000899,0,9,-9
115000900,0,67,-67
115000901,3,5,-2
115000912,48,31,17
115000913,0,0,0
115000915,2,0,2
115000916,0,0,0
115000917,0,0,0
115000918,0,0,0
115000919,0,0,0
115000920,0,0,0
115000921,0,0,0
115000922,98,186,-88
115000923,7,53,-46
115000925,0,0,0
115000927,0,0,0
115000933,1,14,-13
115000934,0,0,0
115000935,0,0,0
115000936,0,2,-2
115000937,7,33,-26
115000938,2,24,-22
115000939,1,29,-28
115000940,0,0,0
115000941,0,0,0
115000942,0,3,-3
115000943,0,0,0
115000944,0,0,0
115900001,0,0,0
115900002,0,0,0
115900003,0,0,0
115900004,0,0,0
115900005,0,0,0
115900006,0,0,0
115900008,0,0,0
115900009,0,0,0
115900010,0,0,0
115900011,0,0,0
115900012,0,0,0
115900013,0,0,0
115900014,0,0,0
115900015,0,0,0
115900016,0,0,0
115900017,0,0,0
115900018,0,0,0
115900019,0,0,0
115900020,0,0,0
115900021,0,0,0
115900022,0,0,0
115900023,0,0,0
115900025,0,0,0
115900026,0,0,0
115900027,0,0,0
115900028,0,0,0
115900029,0,0,0
115900030,0,0,0
115900031,0,0,0
115900032,0,0,0
115900033,0,0,0
115900034,0,0,0
115900035,0,0,0
115900036,0,0,0
115900037,0,0,0
115900038,0,0,0
115900039,0,0,0
115900041,0,0,0
115900042,0,0,0
115900043,0,0,0
115900044,0,0,0
115900046,0,0,0
115900047,0,0,0
115900049,0,0,0
115900051,0,0,0
115900052,0,0,0
115900053,0,0,0
115900054,0,0,0
115900055,0,0,0
115900056,0,0,0
115900057,0,0,0
115900058,0,0,0
115900060,0,0,0
115900061,0,0,0
115900062,0,0,0
115900063,0,0,0
115900064,0,0,0
115900065,0,0,0
115900066,0,0,0
115900067,0,0,0
115900068,0,0,0
115900069,0,0,0
115900070,0,0,0
115900071,0,0,0
115900072,0,0,0
115900073,0,0,0
115900074,0,0,0
115900075,0,0,0
115900076,0,0,0
115900077,0,0,0
115900078,0,0,0
115900079,0,0,0
115900080,0,0,0
115900081,0,0,0
115900082,0,0,0
115900084,0,0,0
115900085,0,0,0
115900086,0,0,0
115900088,0,0,0
115900089,0,0,0
115900090,0,0,0
115900091,0,0,0
115900092,0,0,0
115900093,0,0,0
115900094,0,0,0
115900096,0,0,0
115900097,0,0,0
115900098,0,0,0
115900099,0,0,0
115900100,0,0,0
115900101,0,0,0
115900102,0,0,0
115900103,0,0,0
115900104,0,0,0
115900105,0,0,0
115900106,0,0,0
115900107,0,0,0
115900108,0,0,0
115900109,0,0,0
115900110,0,0,0
115900111,0,0,0
115900112,0,0,0
115900113,0,0,0
115900114,0,0,0
115900115,0,0,0
115900116,0,0,0
115900117,0,0,0
115900118,0,0,0
115900119,0,0,0
115900120,0,0,0
115900121,0,0,0
115900124,0,0,0
115900125,0,0,0
115900126,0,0,0
115900127,0,0,0
115900128,0,0,0
115900129,0,0,0
115900130,0,0,0
115900131,0,0,0
115900132,0,0,0
115900134,0,0,0
115900135,0,0,0
115900137,0,0,0
115900139,0,0,0
115900140,0,0,0
115900141,0,0,0
115900142,0,0,0
115900143,0,0,0
115900144,0,0,0
115900146,0,0,0
115900147,0,0,0
115900148,0,0,0
115900149,0,0,0
115900150,0,0,0
115900151,0,0,0
115900152,0,0,0
115900153,0,0,0
115900154,0,0,0
115900155,0,0,0
115900156,0,0,0
115900157,0,0,0
115900158,0,0,0
115900159,0,0,0
115900160,0,0,0
115900161,0,0,0
115900163,0,0,0
115900164,0,0,0
115900166,0,0,0
115900168,0,0,0
115900171,0,0,0
115900172,0,0,0
115900173,0,0,0
115900174,0,0,0
115900175,0,0,0
115900178,0,0,0
115900179,0,0,0
115900180,0,0,0
115900181,0,0,0
115900182,0,0,0
115900183,0,0,0
115900184,0,0,0
115900187,0,0,0
115900189,0,0,0
115900190,0,0,0
115900191,0,0,0
115900192,0,0,0
115900193,0,0,0
115900194,0,0,0
115900195,0,0,0
115900198,0,0,0
115900199,0,0,0
115900200,0,0,0
115900201,0,0,0
115900202,0,0,0
115900203,0,0,0
115900204,0,0,0
115900205,0,0,0
115900206,0,0,0
115900207,0,0,0
115900208,0,0,0
115900209,0,0,0
115900210,0,0,0
115900211,0,0,0
115900212,0,0,0
115900213,0,0,0
115900214,0,0,0
115900215,0,0,0
115900216,0,0,0
115900217,0,0,0
115900218,0,0,0
115900219,0,0,0
115900220,0,0,0
115900221,0,0,0
115900222,0,0,0
115900223,0,0,0
115900224,0,0,0
115900225,0,0,0
115900226,0,0,0
115900227,0,0,0
115900228,0,0,0
115900229,0,0,0
115900230,0,0,0
115900231,0,0,0
115900232,0,0,0
115900233,0,0,0
115900234,0,0,0
115900235,0,0,0
115900236,0,0,0
115900237,0,0,0
115900238,0,0,0
115900239,0,0,0
115900240,0,0,0
115900241,0,0,0
115900242,0,1,-1
115900243,0,0,0
115900244,0,0,0
115900245,0,0,0
115900246,0,0,0
115900247,0,0,0
115900248,0,0,0
115900249,0,0,0
115900250,0,0,0
115900251,0,0,0
115900252,0,0,0
115900253,0,0,0
115900254,0,0,0
115900255,0,0,0
115900256,0,0,0
115900257,0,0,0
115900258,0,0,0
115900259,0,0,0
115900260,0,0,0
115900261,0,0,0
115900262,0,0,0
115900263,0,0,0
115900264,0,0,0
115900265,0,0,0
115900266,0,0,0
115900267,0,0,0
115900268,0,0,0
115900269,0,0,0
115900270,0,0,0
115900271,0,0,0
115900272,0,0,0
115900273,0,0,0
115900274,0,0,0
115900275,0,0,0
115900276,0,0,0
115900277,0,0,0
115900278,0,0,0
115900279,0,0,0
115900280,0,0,0
115900281,0,0,0
115900282,0,0,0
115900283,0,0,0
115900284,0,0,0
116000001,53,127,-74
116000002,863,1483,-620
116000003,12,64,-52
116000004,435,1435,-1000
116000005,16,77,-61
116000006,252,541,-289
116000007,74,130,-56
116000008,519,343,176
116000009,2,32,-30
116000010,452,270,182
116000011,24,120,-96
116000012,519,111,408
116000013,36,251,-215
116000014,0,0,0
116000015,1,3,-2
116000016,632,69,563
116000017,62,24,38
116000018,58,43,15
116000019,42,2,40
116000020,315,60,255
116000021,91,0,91
116000022,98,36,62
116000023,1,5,-4
116000024,200,19,181
116000025,9,11,-2
116000026,266,27,239
116000027,94,36,58
116000028,412,367,45
116000029,0,0,0
116000030,318,221,97
116000031,0,0,0
116000032,154,1,153
116000033,370,170,200
116000034,853,917,-64
116000035,230,67,163
116000036,0,0,0
116000037,7,20,-13
116000038,5,87,-82
116000039,0,0,0
116000040,20,22,-2
116000041,0,0,0
116000042,221,263,-42
116000043,0,0,0
116000044,0,0,0
116000045,1010,669,341
116000046,77,54,23
116000047,139,53,86
116000048,929,692,237
116000049,924,541,383
116000050,358,174,184
116000051,1160,373,787
116000052,518,168,350
116000053,536,220,316
116000054,0,0,0
116000055,0,0,0
116000056,349,558,-209
116000057,0,0,0
116000058,65,86,-21
116000059,309,1401,-1092
116000060,96,76,20
116000061,34,168,-134
116000062,67,36,31
116000063,132,375,-243
116000066,135,170,-35
116000067,0,0,0
116000068,36,241,-205
116000069,0,0,0
116000078,100,222,-122
116000080,0,0,0
116000082,0,0,0
116000083,188,98,90
116000084,17,139,-122
116000085,182,28,154
116000086,6,39,-33
116000087,761,199,562
116000088,48,20,28
116000089,0,0,0
116000090,0,5,-5
116000091,0,0,0
116000093,101,70,31
116000094,0,30,-30
116000095,210,14,196
116000096,27,50,-23
116000097,293,9,284
116000098,1,188,-187
116000099,313,0,313
116000100,33,0,33
116000101,17,0,17
116000102,79,38,41
116000103,71,32,39
116000104,2,17,-15
116000105,83,2,81
116000106,30,24,6
116000107,126,4,122
116000108,0,5,-5
116000111,0,0,0
116000113,18,1,17
116000114,0,0,0
116000115,51,4,47
116000116,0,0,0
116000117,182,314,-132
116000118,0,0,0
116000119,1051,243,808
116000120,0,0,0
116000121,156,102,54
116000122,0,0,0
116000123,754,75,679
116000124,0,0,0
116000125,666,53,613
116000126,0,0,0
116000127,0,0,0
116000128,566,90,476
116000129,0,0,0
116000130,0,0,0
116000133,234,5,229
116000134,129,7,122
116000135,652,151,501
116000136,100,60,40
116000137,261,121,140
116000138,0,0,0
116000139,202,569,-367
116000140,0,2,-2
116000141,28,6,22
116000142,168,16,152
116000143,246,111,135
116000144,144,255,-111
116000145,1131,198,933
116000146,135,28,107
116000147,63,174,-111
116000148,1,7,-6
116000149,0,0,0
116000151,14,6,8
116000153,164,180,-16
116000155,155,547,-392
116000156,2,17,-15
116000157,66,1,65
116000158,406,41,365
116000159,83,2,81
116000160,0,0,0
116000161,0,0,0
116000162,0,0,0
116000163,0,0,0
116000164,0,0,0
116000177,12,1,11
116000194,0,0,0
116000195,444,72,372
116000196,0,0,0
116000197,0,0,0
116000198,371,226,145
116000200,1,13,-12
116000201,0,0,0
116000202,0,0,0
116000203,0,0,0
116000204,0,0,0
116000205,0,0,0
116000206,0,0,0
116000207,0,0,0
116000233,0,0,0
116000287,0,0,0
116000288,112,76,36
116000292,0,0,0
116000296,1,0,1
116000297,0,0,0
116000304,0,0,0
116000305,0,0,0
116000346,0,0,0
116000352,0,0,0
116000354,0,0,0
116000357,0,0,0
116000358,0,0,0
116000361,0,0,0
116000372,1,1,0
116000381,0,0,0
116000388,0,0,0
116000389,51,11,40
116000445,0,0,0
116000446,291,33,258
116000447,0,0,0
116000448,410,166,244
116000563,185,638,-453
116000565,0,0,0
116000568,0,0,0
116000579,0,0,0
116000583,0,0,0
116000584,0,0,0
116000585,0,0,0
116000586,0,0,0
116000587,386,0,386
116000589,0,0,0
116000590,0,0,0
116000591,170,14,156
116000592,0,0,0
116000593,0,0,0
116000594,0,0,0
116000595,0,0,0
116000596,0,0,0
116000597,120,0,120
116000598,0,0,0
116000605,0,0,0
116000606,3,19,-16
116000607,0,0,0
116000609,0,0,0
116000611,0,0,0
116000612,901,262,639
116000613,274,67,207
116000614,0,0,0
116000615,0,0,0
116000616,0,0,0
116000617,0,0,0
116000618,0,0,0
116000619,15,2,13
116000620,589,16,573
116000621,1,41,-40
116000622,43,22,21
116000624,2,0,2
116000627,0,0,0
116000628,0,0,0
116000629,0,0,0
116000630,2,0,2
116000631,0,0,0
116000632,196,3,193
116000633,58,0,58
116000634,0,0,0
116000635,816,1277,-461
116000636,83,194,-111
116000637,0,0,0
116000638,113,4,109
116000639,8,0,8
116000640,33,1,32
116000641,0,0,0
116000643,0,0,0
116000644,0,0,0
116000645,0,0,0
116900001,0,0,0
116900002,0,0,0
116900003,0,0,0
116900004,0,0,0
116900005,0,0,0
116900006,0,1,-1
116900007,0,0,0
116900008,0,0,0
116900009,0,0,0
116900010,0,0,0
116900011,0,0,0
116900012,0,0,0
116900013,0,0,0
116900014,0,0,0
116900015,0,0,0
116900016,0,0,0
116900017,0,0,0
116900018,0,0,0
116900019,0,0,0
116900020,0,0,0
116900023,0,0,0
116900024,0,0,0
116900025,0,0,0
116900026,0,0,0
116900027,0,0,0
116900028,0,0,0
116900029,0,0,0
116900031,0,0,0
116900032,0,0,0
116900033,0,0,0
116900034,0,0,0
116900035,0,0,0
116900036,0,0,0
116900038,0,0,0
116900041,0,0,0
116900042,0,0,0
116900043,0,0,0
116900047,0,0,0
116900049,0,0,0
116900050,0,0,0
116900051,0,0,0
116900052,0,0,0
116900055,0,0,0
116900057,0,0,0
116900058,0,0,0
116900059,0,0,0
116900060,0,0,0
116900062,0,0,0
116900064,0,0,0
116900065,0,0,0
116900067,0,0,0
116900068,0,0,0
116900070,0,0,0
116900072,0,0,0
116900073,0,0,0
116900074,0,0,0
116900076,0,0,0
116900077,0,0,0
116900078,0,0,0
116900079,0,0,0
116900080,0,0,0
116900081,0,0,0
116900082,0,0,0
116900083,0,0,0
116900084,0,0,0
116900085,0,0,0
116900086,0,0,0
116900088,0,0,0
116900090,0,0,0
116900091,0,0,0
116900092,0,0,0
116900093,0,0,0
116900094,0,0,0
116900095,0,0,0
116900096,0,0,0
116900097,0,0,0
116900098,0,0,0
116900099,0,0,0
116900100,0,0,0
116900101,0,0,0
116900103,0,0,0
116900104,0,0,0
116900105,0,0,0
116900106,0,0,0
116900107,0,0,0
116900110,0,0,0
116900111,183,0,183
116900112,44,0,44
116900113,20,7,13
116900116,0,0,0
116900117,0,0,0
116900118,0,0,0
116900120,0,0,0
116900121,0,0,0
116900122,0,0,0
116900123,0,0,0
116900124,0,0,0
116900125,0,0,0
116900126,0,0,0
116900128,0,0,0
116900129,0,0,0
116900130,0,0,0
116900131,0,0,0
116900132,0,0,0
116900133,0,0,0
116900134,0,0,0
116900136,0,0,0
116900137,0,0,0
116900138,0,0,0
116900139,0,0,0
116900140,0,0,0
116900141,0,0,0
116900142,0,0,0
116900143,0,0,0
116900144,0,0,0
116900145,0,0,0
116900147,0,0,0
116900148,0,0,0
116900149,0,0,0
116900150,0,0,0
116900151,0,0,0
116900153,0,0,0
116900154,0,0,0
116900155,0,0,0
116900157,0,0,0
116900158,0,0,0
116900159,0,0,0
116900160,0,0,0
116900161,0,0,0
116900162,0,0,0
116900163,0,0,0
116900164,0,0,0
116900165,0,0,0
116900166,0,0,0
116900167,0,0,0
116900168,0,0,0
116900169,0,0,0
116900170,0,0,0
116900171,0,0,0
116900172,0,0,0
116900173,0,0,0
116900174,0,0,0
116900175,0,0,0
116900178,0,0,0
116900179,0,0,0
116900180,0,0,0
116900182,0,0,0
116900183,0,0,0
116900185,0,0,0
116900186,0,0,0
116900187,0,0,0
116900188,0,0,0
116900189,0,0,0
116900191,0,0,0
116900192,0,0,0
116900194,0,0,0
116900195,0,0,0
116900196,0,0,0
116900197,0,0,0
116900198,0,0,0
116900200,0,0,0
116900201,0,0,0
116900202,0,0,0
116900203,0,0,0
116900204,0,0,0
116900206,0,0,0
116900207,0,0,0
116900208,28,0,28
116900209,0,0,0
116900210,0,0,0
116900211,0,0,0
116900212,0,0,0
116900213,0,0,0
116900214,0,0,0
116900215,0,0,0
116900216,0,0,0
116900218,0,0,0
116900219,0,0,0
116900220,0,0,0
116900221,0,0,0
116900222,123,62,61
116900223,0,0,0
116900226,0,0,0
116900227,0,0,0
116900228,0,0,0
116900230,0,0,0
116900231,0,0,0
116900232,0,0,0
116900233,0,0,0
116900234,0,0,0
116900235,0,0,0
116900238,0,0,0
116900239,0,0,0
116900240,0,0,0
116900241,0,0,0
116900242,0,0,0
116900243,0,0,0
116900245,0,0,0
116900246,0,0,0
116900247,0,0,0
116900248,0,0,0
116900249,0,0,0
116900250,0,0,0
116900251,0,0,0
116900252,85,2,83
116900254,0,0,0
116900255,0,0,0
116900256,0,0,0
116900257,0,0,0
116900258,0,0,0
116900259,0,0,0
116900260,0,0,0
116900261,0,0,0
116900262,0,0,0
116900263,0,0,0
116900264,49,1,48
116900265,0,0,0
116900266,0,0,0
116900267,0,0,0
116900268,0,0,0
116900269,168,89,79
116900271,0,0,0
116900272,0,0,0
116900273,0,0,0
116900274,0,0,0
116900275,0,0,0
116900276,73,2,71
116900277,0,0,0
116900278,0,0,0
116900279,0,0,0
116900280,0,0,0
116900281,0,0,0
116900282,0,0,0
116900283,0,0,0
116900284,0,0,0
116900285,0,0,0
116900286,0,0,0
116900287,0,0,0
116900288,0,0,0
116900289,0,0,0
116900290,0,0,0
116900291,0,0,0
116900292,0,0,0
116900293,0,0,0
116900294,0,0,0
116900295,0,0,0
116900296,0,0,0
116900297,0,0,0
116900298,0,0,0
116900299,0,0,0
116900300,0,0,0
116900301,0,0,0
116900302,0,0,0
116900303,0,0,0
116900304,0,0,0
116900305,0,0,0
116900306,20,1,19
116900307,0,0,0
116900308,0,0,0
116900309,0,0,0
116900310,0,0,0
116900311,0,0,0
117000001,765,385,380
117000002,0,33,-33
117000003,1692,831,861
117000004,217,103,114
117000005,1143,488,655
117000006,43,119,-76
117000007,2229,585,1644
117000008,86,110,-24
117000009,1342,213,1129
117000010,129,146,-17
117000011,794,262,532
117000012,151,86,65
117000013,884,200,684
117000014,23,170,-147
117000015,423,214,209
117000016,30,4,26
117000017,71,22,49
117000018,7,8,-1
117000019,2,1,1
117000020,104,28,76
117000021,393,9,384
117000022,57,42,15
117000023,5,9,-4
117000024,0,0,0
117000025,0,0,0
117000026,1006,870,136
117000027,0,0,0
117000028,335,169,166
117000030,130,38,92
117000031,168,192,-24
117000032,368,237,131
117000033,233,225,8
117000034,111,59,52
117000035,390,87,303
117000036,29,66,-37
117000037,371,51,320
117000038,47,35,12
117000039,355,31,324
117000040,0,0,0
117000041,342,13,329
117000044,0,0,0
117000045,42,19,23
117000046,0,0,0
117000047,469,239,230
117000048,0,0,0
117000049,0,19,-19
117000050,7,7,0
117000051,381,108,273
117000052,0,0,0
117000053,0,0,0
117000054,953,66,887
117000055,0,11,-11
117000056,338,112,226
117000057,0,5,-5
117000060,0,0,0
117000061,317,288,29
117000062,0,0,0
117000063,163,73,90
117000064,0,0,0
117000066,1,2,-1
117000067,37,41,-4
117000074,0,30,-30
117000076,0,0,0
117000077,86,17,69
117000078,0,0,0
117000079,37,1,36
117000080,0,0,0
117000081,113,5,108
117000082,0,0,0
117000083,42,0,42
117000084,31,0,31
117000085,14,23,-9
117000086,178,164,14
117000087,17,42,-25
117000088,188,119,69
117000089,1081,227,854
117000090,15,29,-14
117000091,595,96,499
117000092,1,6,-5
117000093,938,111,827
117000094,47,21,26
117000095,1768,93,1675
117000096,13,45,-32
117000097,958,172,786
117000098,54,38,16
117000099,1283,173,1110
117000100,0,0,0
117000101,0,0,0
117000102,732,171,561
117000103,27,7,20
117000104,642,225,417
117000105,19,22,-3
117000106,644,205,439
117000107,23,34,-11
117000108,591,482,109
117000109,54,30,24
117000110,716,722,-6
117000111,1870,1278,592
117000112,558,446,112
117000113,0,0,0
117000114,1,4,-3
117000115,0,0,0
117000116,3,10,-7
117000117,88,45,43
117000118,15,13,2
117000119,2,72,-70
117000120,1,69,-68
117000121,0,67,-67
117000122,0,77,-77
117000123,35,86,-51
117000124,4,0,4
117000125,4,0,4
117000126,16,0,16
117000127,6,1,5
117000128,2,3,-1
117000129,88,444,-356
117000130,11,1,10
117000131,0,0,0
117000132,1421,10,1411
117000133,0,0,0
117000134,0,0,0
117000135,0,0,0
117000136,0,0,0
117000137,0,0,0
117000138,0,0,0
117000140,4,39,-35
117000141,660,154,506
117000181,0,0,0
117000182,0,0,0
117000195,0,0,0
117000196,0,0,0
117000225,0,0,0
117000226,0,0,0
117000276,0,0,0
117000277,0,0,0
117000310,0,286,-286
117000315,0,0,0
117000320,120,0,120
117000906,68,5,63
117000907,0,0,0
117000909,1,11,-10
117000910,0,0,0
117000911,0,14,-14
117000915,0,0,0
117000916,7,16,-9
117000917,273,5,268
117000918,41,51,-10
117000919,0,0,0
117000920,0,12,-12
117000921,0,0,0
117000922,1,4,-3
117000924,62,187,-125
117000926,30,0,30
117000927,60,340,-280
117000928,0,0,0
117000929,0,0,0
117000930,0,0,0
117000931,0,0,0
117900002,0,0,0
117900003,0,0,0
117900005,0,0,0
117900006,0,0,0
117900007,0,0,0
117900008,0,0,0
117900010,0,0,0
117900011,0,0,0
117900012,0,0,0
117900013,0,0,0
117900014,0,0,0
117900015,0,0,0
117900016,0,0,0
117900017,0,0,0
117900018,0,0,0
117900019,0,0,0
117900020,0,0,0
117900021,0,0,0
117900023,0,0,0
117900024,0,0,0
117900025,0,0,0
117900026,0,0,0
117900028,0,0,0
117900029,0,0,0
117900031,0,0,0
117900032,0,0,0
117900033,0,0,0
117900034,0,0,0
117900035,0,0,0
117900036,0,0,0
117900037,0,0,0
117900038,0,0,0
117900039,0,0,0
117900040,0,0,0
117900041,0,0,0
117900042,0,0,0
117900043,0,0,0
117900044,0,0,0
117900045,0,0,0
117900048,0,0,0
117900049,0,0,0
117900050,0,0,0
117900051,0,0,0
117900052,0,0,0
117900053,0,0,0
117900054,0,0,0
117900055,0,0,0
117900056,0,0,0
117900057,0,0,0
117900058,0,0,0
117900059,0,0,0
117900060,0,0,0
117900061,0,0,0
117900063,0,0,0
117900065,0,0,0
117900066,0,0,0
117900067,0,0,0
117900069,0,0,0
117900070,0,0,0
117900071,0,0,0
117900073,0,0,0
117900074,0,0,0
117900075,0,0,0
117900076,0,0,0
117900077,0,0,0
117900078,0,0,0
117900080,0,0,0
117900081,0,0,0
117900082,0,0,0
117900083,0,0,0
117900086,0,0,0
117900087,0,0,0
117900088,0,0,0
117900089,0,0,0
117900090,0,0,0
117900091,0,0,0
117900092,0,0,0
117900093,0,0,0
117900094,0,0,0
117900095,0,0,0
117900096,0,0,0
117900097,0,0,0
117900098,0,0,0
117900099,0,0,0
117900100,0,0,0
117900101,0,0,0
117900102,0,0,0
117900103,0,0,0
117900104,0,0,0
117900105,0,0,0
117900106,0,0,0
117900107,0,0,0
117900109,0,0,0
117900110,0,0,0
117900111,0,0,0
117900112,0,0,0
117900113,0,0,0
117900114,0,0,0
117900115,0,0,0
117900116,0,0,0
117900117,0,0,0
117900118,1,0,1
117900119,0,0,0
117900120,1,0,1
117900121,0,0,0
117900122,0,0,0
117900123,0,0,0
117900124,0,0,0
117900125,0,0,0
117900126,0,0,0
117900127,0,0,0
117900128,0,0,0
117900129,0,0,0
117900130,0,0,0
117900131,0,0,0
117900132,0,0,0
117900133,0,0,0
117900134,0,0,0
117900135,0,0,0
117900136,0,0,0
117900137,0,0,0
117900138,0,0,0
117900139,1,0,1
117900140,0,0,0
117900141,0,0,0
117900142,0,0,0
117900144,0,0,0
117900145,0,0,0
117900146,0,0,0
117900147,0,0,0
117900148,0,0,0
117900149,0,0,0
117900150,0,0,0
117900151,0,0,0
117900152,0,0,0
117900153,0,0,0
117900154,0,0,0
117900156,0,0,0
117900157,0,0,0
117900158,0,0,0
117900160,0,0,0
117900161,0,0,0
117900162,0,0,0
117900163,0,0,0
117900165,0,0,0
117900166,0,0,0
117900168,0,0,0
117900169,0,0,0
117900170,0,0,0
117900171,0,0,0
117900172,0,0,0
117900173,0,0,0
117900174,0,0,0
117900175,0,0,0
117900176,0,0,0
117900177,0,0,0
117900178,0,0,0
117900180,0,0,0
117900181,0,0,0
117900182,0,0,0
117900183,0,0,0
117900184,0,0,0
117900185,0,0,0
117900186,0,0,0
117900187,0,0,0
117900188,0,0,0
117900189,0,0,0
117900190,0,0,0
117900191,0,0,0
117900192,0,0,0
117900193,0,0,0
117900194,0,0,0
117900195,0,0,0
117900196,0,0,0
117900207,0,0,0
117900208,0,0,0
117900209,0,0,0
117900210,0,0,0
117900211,0,0,0
117900212,0,0,0
117900213,0,0,0
117900214,0,0,0
117900215,0,0,0
117900216,0,0,0
117900217,0,0,0
117900218,0,0,0
117900219,0,0,0
117900220,0,0,0
117900222,0,0,0
117900223,0,0,0
118000001,252,598,-346
118000002,3,49,-46
118000003,839,1508,-669
118000004,23,45,-22
118000005,1288,1342,-54
118000006,86,76,10
118000007,137,685,-548
118000008,142,406,-264
118000009,23,155,-132
118000010,68,280,-212
118000011,0,0,0
118000012,0,0,0
118000013,0,0,0
118000014,0,0,0
118000016,0,0,0
118000017,18,26,-8
118000018,0,0,0
118000019,0,0,0
118000020,0,0,0
118000021,0,0,0
118000022,15,49,-34
118000023,115,106,9
118000024,137,191,-54
118000027,64,74,-10
118000029,102,316,-214
118000032,110,461,-351
118000033,508,1110,-602
118000034,35,93,-58
118000035,29,311,-282
118000036,51,147,-96
118000037,0,0,0
118000038,39,99,-60
118000039,0,0,0
118000040,126,118,8
118000041,0,0,0
118000045,0,57,-57
118000046,1,340,-339
118000047,0,0,0
118000048,46,79,-33
118000051,5,181,-176
118000052,0,0,0
118000053,12,46,-34
118000054,2,80,-78
118000055,0,35,-35
118000056,0,0,0
118000057,0,1,-1
118000058,2,1,1
118000059,4,21,-17
118000060,2,0,2
118000061,13,70,-57
118000062,0,0,0
118000063,0,14,-14
118000064,5,89,-84
118000065,17,54,-37
118000066,0,146,-146
118000067,0,20,-20
118000068,4,119,-115
118000069,2,26,-24
118000070,3,81,-78
118000071,33,63,-30
118000072,180,562,-382
118000073,3,111,-108
118000074,9,47,-38
118000075,3,14,-11
118000076,720,2214,-1494
118000077,0,0,0
118000078,385,725,-340
118000079,18,31,-13
118000080,0,0,0
118000081,239,428,-189
118000082,0,0,0
118000083,0,0,0
118000084,0,0,0
118000086,0,0,0
118000087,26,17,9
118000088,173,361,-188
118000089,156,145,11
118000090,2,41,-39
118000091,24,101,-77
118000092,0,0,0
118000093,0,0,0
118000096,0,0,0
118000097,0,0,0
118000098,0,0,0
118000099,0,0,0
118000101,243,205,38
118000102,85,6,79
118000107,28,10,18
118000108,5,4,1
118000110,0,0,0
118000111,0,0,0
118000112,115,0,115
118000113,0,0,0
118000114,102,1,101
118000115,3,0,3
118000116,3,0,3
118000117,18,8,10
118000118,218,382,-164
118000119,176,250,-74
118000120,28,2,26
118000121,0,1,-1
118000122,0,0,0
118000123,0,0,0
118000125,0,0,0
118000126,2,27,-25
118000127,29,255,-226
118000128,0,0,0
118000129,43,30,13
118000130,8,12,-4
118000131,18,12,6
118000132,191,314,-123
118000133,111,132,-21
118000135,116,180,-64
118000136,3,12,-9
118000137,0,0,0
118000138,0,0,0
118000139,0,0,0
118000140,0,11,-11
118000141,846,739,107
118000142,0,0,0
118000143,358,437,-79
118000144,82,69,13
118000145,223,75,148
118000146,284,32,252
118000147,173,27,146
118000148,31,59,-28
118000149,1,3,-2
118000150,310,99,211
118000151,30,30,0
118000153,448,415,33
118000154,429,286,143
118000155,419,564,-145
118000156,106,88,18
118000157,260,71,189
118000158,0,2,-2
118000159,53,85,-32
118000160,405,196,209
118000161,0,0,0
118000162,154,28,126
118000163,139,69,70
118000164,617,112,505
118000168,0,0,0
118000169,0,0,0
118000170,21,9,12
118000171,0,0,0
118000172,0,0,0
118000173,173,87,86
118000175,181,284,-103
118000176,285,288,-3
118000177,99,279,-180
118000178,0,0,0
118000179,512,612,-100
118000180,486,325,161
118000181,29,15,14
118000182,24,52,-28
118000183,63,34,29
118000184,809,244,565
118000185,0,0,0
118000186,0,0,0
118000187,59,0,59
118000188,0,0,0
118000189,0,0,0
118000190,0,0,0
118000191,0,0,0
118000192,0,10,-10
118000193,0,0,0
118000194,380,515,-135
118000195,6,31,-25
118000196,0,0,0
118000197,1,6,-5
118000198,0,68,-68
118000199,135,153,-18
118000200,0,0,0
118000201,0,0,0
118000202,0,0,0
118000203,0,0,0
118000204,0,18,-18
118000205,29,45,-16
118000206,25,25,0
118000207,0,0,0
118000208,127,303,-176
118000209,185,14,171
118000210,22,5,17
118000211,53,13,40
118000213,0,20,-20
118000214,29,26,3
118000215,0,0,0
118000216,0,0,0
118000217,0,0,0
118000218,0,0,0
118000219,0,0,0
118000220,33,18,15
118000221,0,0,0
118000222,0,0,0
118000223,5,3,2
118000224,0,0,0
118000225,0,0,0
118000226,6,11,-5
118000227,55,52,3
118000228,0,0,0
118000229,0,0,0
118000230,0,0,0
118000231,0,0,0
118000232,0,0,0
118000233,124,7,117
118000234,0,0,0
118000236,5,0,5
118000237,0,0,0
118000238,0,0,0
118000239,118,13,105
118000240,0,0,0
118000241,0,0,0
118000242,0,0,0
118000243,0,0,0
118000244,0,0,0
118000246,0,0,0
118000255,2,1,1
118000256,1,2,-1
118000259,0,0,0
118000260,0,0,0
118000261,0,0,0
118000263,0,0,0
118000266,0,0,0
118000267,0,0,0
118000268,11,0,11
118000270,0,0,0
118000271,3,3,0
118000272,0,0,0
118000273,0,0,0
118000274,0,0,0
118000276,0,0,0
118000295,0,0,0
118000298,0,0,0
118000299,0,0,0
118000301,0,0,0
118000302,0,0,0
118000311,0,0,0
118000312,0,0,0
118000313,0,0,0
118000314,0,0,0
118000315,0,0,0
118000316,0,0,0
118000325,32,0,32
118000326,0,0,0
118000331,0,0,0
118000332,25,0,25
118000333,43,0,43
118000335,50,0,50
118000336,0,0,0
118000407,0,0,0
118000457,0,0,0
118000465,29,81,-52
118000480,0,0,0
118000489,22,21,1
118000490,0,0,0
118000492,101,9,92
118000510,0,0,0
118000514,13,8,5
118000515,59,2,57
118000517,0,0,0
118000524,0,0,0
118000525,0,0,0
118000530,4,42,-38
118000531,71,17,54
118000532,0,0,0
118000533,0,0,0
118000534,0,0,0
118000535,70,27,43
118000536,0,0,0
118000537,0,0,0
118000538,0,0,0
118000539,0,57,-57
118000540,0,0,0
118000541,0,0,0
118000542,10,18,-8
118000543,9,63,-54
118000546,0,0,0
118000553,0,0,0
118000560,0,0,0
118000562,0,0,0
118000563,225,516,-291
118000576,21,0,21
118000577,3,9,-6
118000578,16,2,14
118000579,8,7,1
118000583,0,0,0
118000595,67,62,5
118000596,0,0,0
118000597,9,3,6
118000598,0,0,0
118000599,0,0,0
118000600,0,1,-1
118000601,0,0,0
118000602,0,0,0
118000603,0,0,0
118000605,0,0,0
118000606,0,0,0
118000607,0,0,0
118900001,0,0,0
118900002,0,0,0
118900003,0,0,0
118900004,0,0,0
118900005,0,0,0
118900006,0,0,0
118900007,0,0,0
118900008,0,0,0
118900009,0,0,0
118900010,0,0,0
118900011,0,0,0
118900012,1,0,1
118900013,0,0,0
118900015,0,0,0
118900016,0,0,0
118900017,0,0,0
118900018,0,0,0
118900019,0,0,0
118900020,0,0,0
118900021,0,0,0
118900022,0,0,0
118900023,0,0,0
118900024,0,0,0
118900025,0,0,0
118900026,0,0,0
118900027,0,0,0
118900028,0,0,0
118900029,0,0,0
118900030,0,0,0
118900031,0,0,0
118900032,0,0,0
118900033,0,0,0
118900034,0,0,0
118900035,0,0,0
118900036,0,0,0
118900037,0,0,0
118900038,0,0,0
118900039,0,0,0
118900040,0,0,0
118900041,0,0,0
118900042,0,0,0
118900045,0,0,0
118900046,0,0,0
118900047,0,0,0
118900048,0,0,0
118900049,0,0,0
118900050,0,0,0
118900051,0,0,0
118900052,0,0,0
118900053,0,0,0
118900054,0,0,0
118900055,0,0,0
118900056,0,1,-1
118900057,0,0,0
118900058,0,0,0
118900059,0,0,0
118900062,0,0,0
118900064,0,0,0
118900065,0,0,0
118900066,0,0,0
118900067,0,0,0
118900068,0,0,0
118900069,0,0,0
118900071,0,0,0
118900072,0,0,0
118900073,0,0,0
118900074,0,0,0
118900075,0,0,0
118900076,0,0,0
118900077,0,0,0
118900078,0,0,0
118900079,0,0,0
118900080,0,0,0
118900081,0,0,0
118900082,0,0,0
118900083,0,0,0
118900084,0,0,0
118900085,0,0,0
118900086,0,0,0
118900087,0,0,0
118900088,0,0,0
118900089,0,0,0
118900090,0,0,0
118900091,0,0,0
118900092,0,0,0
118900093,0,0,0
118900096,1,69,-68
118900097,0,0,0
118900099,0,0,0
118900100,0,0,0
118900101,0,0,0
118900102,0,0,0
118900103,0,0,0
118900104,0,0,0
118900105,0,0,0
118900107,0,0,0
118900108,0,0,0
118900110,0,0,0
118900111,0,0,0
118900112,0,0,0
118900113,0,0,0
118900114,0,0,0
118900115,0,0,0
118900116,0,0,0
118900117,0,0,0
118900118,0,0,0
118900119,0,0,0
118900120,0,0,0
118900121,0,0,0
118900122,0,0,0
118900123,0,0,0
118900124,0,0,0
118900126,0,0,0
118900129,0,0,0
118900130,0,0,0
118900131,0,0,0
118900132,0,0,0
118900133,0,0,0
118900135,0,0,0
118900136,0,0,0
118900137,0,0,0
118900139,0,0,0
118900140,0,0,0
118900141,0,0,0
118900144,0,0,0
118900145,0,0,0
118900146,0,0,0
118900147,0,0,0
118900148,0,0,0
118900150,0,0,0
118900152,0,0,0
118900157,0,0,0
118900158,0,0,0
118900159,0,0,0
118900161,0,0,0
118900163,0,0,0
118900164,0,0,0
118900165,0,0,0
118900166,0,0,0
118900167,0,0,0
118900168,0,0,0
118900169,0,0,0
118900170,0,0,0
118900171,0,0,0
118900174,0,0,0
118900175,0,0,0
118900176,0,0,0
118900177,0,0,0
118900178,0,0,0
118900179,0,0,0
118900182,0,0,0
118900183,0,0,0
118900184,0,0,0
118900185,0,0,0
118900186,0,0,0
118900187,0,0,0
118900188,0,0,0
118900189,0,0,0
118900190,0,0,0
118900191,0,0,0
118900192,0,0,0
118900193,0,0,0
118900195,0,0,0
118900196,0,0,0
118900197,0,0,0
118900198,0,0,0
118900199,0,0,0
118900200,0,0,0
118900201,0,0,0
118900202,0,0,0
118900203,0,0,0
118900204,0,0,0
118900205,0,0,0
118900206,0,0,0
119000001,426,268,158
119000002,541,100,441
119000003,53,81,-28
119000004,29,83,-54
119000005,162,49,113
119000006,109,37,72
119000007,643,478,165
119000008,0,0,0
119000009,231,290,-59
119000010,0,0,0
119000011,389,288,101
119000012,3,35,-32
119000013,1193,481,712
119000014,8,55,-47
119000019,0,0,0
119000020,62,61,1
119000021,98,81,17
119000022,0,0,0
119000023,65,132,-67
119000024,155,1044,-889
119000025,3,28,-25
119000026,0,0,0
119000027,2,9,-7
119000028,39,19,20
119000029,0,0,0
119000030,35,134,-99
119000031,0,1,-1
119000032,0,40,-40
119000033,214,93,121
119000034,12,0,12
119000035,0,10,-10
119000036,126,29,97
119000037,3,40,-37
119000038,0,11,-11
119000039,13,44,-31
119000040,3,181,-178
119000041,9,31,-22
119000048,177,45,132
119000049,17,18,-1
119000050,24,0,24
119000051,47,68,-21
119000052,2,2,0
119000053,38,74,-36
119000054,137,25,112
119000055,893,85,808
119000056,510,253,257
119000057,49,27,22
119000058,67,26,41
119000059,530,111,419
119000060,0,0,0
119000061,85,61,24
119000062,0,0,0
119000063,50,53,-3
119000064,15,52,-37
119000065,13,15,-2
119000066,95,125,-30
119000067,166,46,120
119000068,60,10,50
119000069,207,80,127
119000070,119,8,111
119000071,0,0,0
119000072,212,74,138
119000073,75,50,25
119000074,327,51,276
119000075,175,36,139
119000076,0,0,0
119000077,0,0,0
119000078,0,0,0
119000079,0,0,0
119000080,0,0,0
119000081,0,0,0
119000082,0,0,0
119000083,0,0,0
119000084,0,0,0
119000085,0,0,0
119000086,0,0,0
119000087,0,0,0
119000088,0,0,0
119000089,0,0,0
119000090,0,0,0
119000091,0,0,0
119000092,0,0,0
119000093,235,72,163
119000094,678,96,582
119000095,25,75,-50
119000097,141,40,101
119000098,156,372,-216
119000099,389,40,349
119000100,378,185,193
119000101,0,0,0
119000102,0,0,0
119000103,12,27,-15
119000104,0,0,0
119000105,38,118,-80
119000106,0,0,0
119000107,124,110,14
119000108,0,0,0
119000109,0,0,0
119000110,0,0,0
119000111,0,0,0
119000112,0,0,0
119000113,0,0,0
119000114,31,3,28
119000115,0,0,0
119000116,11,15,-4
119000117,0,0,0
119000118,0,0,0
119000123,0,0,0
119000124,147,5,142
119000125,299,1,298
119000126,258,21,237
119000127,0,0,0
119000128,0,0,0
119000131,0,0,0
119000132,0,0,0
119000133,0,0,0
119000134,95,155,-60
119000135,0,0,0
119000136,0,0,0
119000137,0,0,0
119000138,0,0,0
119000139,0,0,0
119000140,0,0,0
119000284,0,0,0
119000285,0,0,0
119000286,0,0,0
119000287,0,0,0
119000288,0,0,0
119000289,0,0,0
119000290,64,2,62
119000291,0,0,0
119000293,4,7,-3
119000294,134,91,43
119000295,0,0,0
119000296,0,0,0
119000302,0,0,0
119000303,0,2,-2
119000314,0,0,0
119000315,0,0,0
119000316,0,0,0
119000317,0,0,0
119000319,0,0,0
119900001,0,0,0
119900002,0,0,0
119900003,0,0,0
119900004,0,0,0
119900005,0,0,0
119900006,0,0,0
119900007,0,0,0
119900008,0,0,0
119900009,0,0,0
119900010,0,0,0
119900011,0,0,0
119900012,0,0,0
119900013,0,0,0
119900014,0,0,0
119900015,0,0,0
119900016,0,0,0
119900017,0,0,0
119900018,0,0,0
119900019,0,0,0
119900020,0,0,0
119900021,0,0,0
119900022,0,0,0
119900023,0,0,0
119900025,0,0,0
119900026,0,0,0
119900027,0,0,0
119900028,0,0,0
119900029,0,0,0
119900030,0,0,0
119900031,0,0,0
119900033,0,0,0
119900034,0,0,0
119900037,0,0,0
119900038,0,0,0
119900039,0,0,0
119900040,0,0,0
119900041,0,0,0
119900042,0,0,0
119900043,0,0,0
119900044,0,0,0
119900046,0,0,0
119900047,0,0,0
119900049,0,0,0
119900050,0,0,0
119900051,0,0,0
119900052,0,0,0
119900053,0,0,0
119900054,0,0,0
119900055,0,0,0
119900057,0,0,0
119900058,0,0,0
119900059,0,0,0
119900060,0,0,0
119900061,0,0,0
119900062,0,0,0
119900063,0,0,0
119900065,0,0,0
119900067,0,0,0
119900068,0,0,0
119900069,0,0,0
119900070,0,0,0
119900071,0,0,0
119900073,0,0,0
119900074,0,0,0
119900075,0,0,0
119900076,0,0,0
119900077,0,0,0
119900078,0,0,0
119900079,0,0,0
119900080,1,1,0
119900081,0,0,0
119900082,1,0,1
119900083,0,0,0
119900084,0,0,0
119900085,0,0,0
119900086,0,0,0
119900087,0,0,0
119900088,0,0,0
119900089,0,0,0
119900090,0,0,0
119900091,0,0,0
119900092,0,0,0
119900093,0,0,0
119900094,0,0,0
119900095,0,0,0
119900096,0,0,0
119900097,0,0,0
119900098,0,0,0
119900099,0,0,0
119900100,0,0,0
119900101,0,0,0
119900102,0,0,0
119900103,0,0,0
119900104,0,0,0
119900105,0,0,0
119900106,0,0,0
119900107,0,0,0
119900108,0,0,0
119900109,0,0,0
119900110,0,0,0
119900111,0,0,0
119900112,0,0,0
119900113,0,0,0
119900114,0,0,0
119900115,0,0,0
119900116,0,0,0
119900117,0,0,0
119900118,0,0,0
119900119,0,0,0
119900120,0,0,0
119900121,0,0,0
119900122,0,0,0
119900123,0,0,0
119900124,0,0,0
119900125,0,0,0
119900126,0,0,0
119900127,0,0,0
119900128,0,0,0
119900129,0,0,0
119900130,0,0,0
119900131,0,0,0
119900132,0,0,0
119900133,0,0,0
119900134,0,0,0
119900135,0,0,0
119900136,0,0,0
119900138,0,0,0
119900139,0,0,0
119900140,0,0,0
119900141,0,0,0
119900142,0,0,0
119900143,0,0,0
119900144,0,0,0
119900145,0,0,0
119900146,0,0,0
119900147,0,0,0
119900148,0,0,0
119900149,0,0,0
119900150,0,0,0
119900151,0,0,0
119900152,0,0,0
119900153,0,0,0
119900154,0,0,0
119900155,0,0,0
119900156,0,0,0
119900157,0,0,0
119900158,0,0,0
119900159,0,0,0
119900160,0,0,0
119900161,0,0,0
119900162,0,0,0
119900163,0,0,0
119900164,0,0,0
119900165,0,0,0
119900166,0,0,0
119900167,0,0,0
119900168,0,0,0
119900169,0,0,0
119900170,0,0,0
119900171,0,0,0
119900172,0,0,0
119900173,0,0,0
119900174,0,0,0
119900175,0,0,0
119900177,0,0,0
119900178,0,0,0
119900179,0,0,0
119900180,0,0,0
119900181,0,0,0
119900182,0,0,0
119900183,0,0,0
119900184,0,0,0
119900185,0,0,0
119900186,0,0,0
119900187,0,0,0
119900188,0,0,0
119900189,0,0,0
119900190,0,0,0
119900191,0,0,0
119900192,0,0,0
119900193,0,0,0
119900194,0,0,0
119900195,0,0,0
119900196,0,0,0
119900197,0,0,0
119900198,0,0,0
119900199,0,0,0
119900200,0,0,0
119900201,0,0,0
119900202,0,0,0
119900203,0,0,0
119900204,0,0,0
119900205,0,0,0
119900206,0,0,0
119900208,0,0,0
119900209,0,0,0
119900210,0,0,0
119900211,0,0,0
119900212,0,0,0
119900213,0,0,0
119900214,0,0,0
119900215,0,0,0
119900216,0,0,0
119900217,0,0,0
119900218,0,0,0
119900219,0,0,0
119900220,0,0,0
119900221,0,0,0
119900222,0,0,0
119900223,0,0,0
119900224,0,0,0
119900225,0,0,0
119900226,0,0,0
119900227,0,0,0
119900228,0,0,0
119900229,0,0,0
119900230,0,0,0
119900231,0,0,0
119900232,0,0,0
119900233,0,0,0
119900234,0,0,0
119900235,0,0,0
119900236,0,0,0
119900237,0,0,0
119900238,0,0,0
119900240,0,0,0
119900241,0,0,0
119900242,0,0,0
119900244,0,0,0
119900245,0,0,0
119900246,0,0,0
119900247,0,0,0
119900248,0,0,0
119900249,0,0,0
119900253,0,0,0
119900254,0,0,0
119900255,0,0,0
119900256,0,0,0
119900257,0,0,0
119900258,0,0,0
119900259,0,0,0
119900260,0,0,0
119900261,0,0,0
119900262,0,0,0
119900263,0,0,0
119900264,0,0,0
119900265,0,0,0
119900266,0,0,0
119900267,0,0,0
119900268,0,0,0
119900269,0,0,0
119900271,0,0,0
119900272,0,0,0
119900275,0,0,0
119900276,0,0,0
119900277,0,0,0
119900278,0,0,0
119900279,0,0,0
119900280,0,0,0
119900281,0,0,0
119900282,0,0,0
119900283,0,0,0
119900284,0,0,0
119900285,0,0,0
119900286,0,0,0
119900288,0,0,0
119900289,0,0,0
119900290,0,0,0
119900291,0,0,0
119900292,0,0,0
119900293,0,0,0
119900294,0,0,0
119900295,0,0,0
119900296,0,0,0
119900297,0,0,0
119900298,0,0,0
119900299,0,0,0
119900300,0,0,0
119900301,0,0,0
119900302,0,0,0
119900303,0,0,0
119900304,0,0,0
119900305,0,0,0
119900306,0,0,0
119900307,0,0,0
119900308,0,0,0
119900309,0,0,0
119900310,0,0,0
119900311,0,0,0
119900312,0,0,0
119900313,0,0,0
119900314,0,0,0
119900315,0,0,0
119900318,0,0,0
119900319,0,0,0
119900320,0,0,0
119900321,0,0,0
120000001,1352,1665,-313
120000002,76,34,42
120000003,41,26,15
120000004,41,54,-13
120000005,123,53,70
120000006,43,33,10
120000007,80,30,50
120000008,8,33,-25
120000009,9,7,2
120000010,87,15,72
120000011,4,27,-23
120000012,41,106,-65
120000013,509,139,370
120000014,121,203,-82
120000015,592,273,319
120000016,1705,638,1067
120000017,389,346,43
120000018,1062,499,563
120000019,211,86,125
120000020,672,299,373
120000021,294,747,-453
120000022,1673,985,688
120000023,500,264,236
120000024,280,147,133
120000025,749,184,565
120000026,379,388,-9
120000027,405,546,-141
120000028,0,0,0
120000029,15,182,-167
120000030,25,166,-141
120000031,514,401,113
120000032,293,103,190
120000033,236,43,193
120000034,172,84,88
120000035,402,121,281
120000036,1061,811,250
120000037,284,604,-320
120000038,107,508,-401
120000039,4,25,-21
120000040,0,19,-19
120000041,3,2,1
120000042,14,14,0
120000043,46,16,30
120000044,17,1,16
120000045,3,0,3
120000046,29,15,14
120000047,1,8,-7
120000048,365,161,204
120000049,444,234,210
120000050,53,90,-37
120000051,44,105,-61
120000052,0,0,0
120000053,99,12,87
120000054,45,12,33
120000055,80,14,66
120000056,396,194,202
120000057,296,76,220
120000058,36,54,-18
120000059,0,140,-140
120000061,0,1,-1
120000062,0,0,0
120000063,63,1,62
120000064,49,1,48
120000065,96,1,95
120000066,9,13,-4
120000067,0,3,-3
120000068,7,43,-36
120000069,99,9,90
120000070,16,11,5
120000071,282,206,76
120000072,369,143,226
120000073,151,109,42
120000074,58,63,-5
120000075,324,136,188
120000076,739,107,632
120000077,420,210,210
120000078,514,225,289
120000079,0,0,0
120000080,0,0,0
120000081,0,0,0
120000082,0,0,0
120000083,0,0,0
120000084,20,2,18
120000085,53,0,53
120000086,36,6,30
120000087,2,0,2
120000088,320,65,255
120000089,778,31,747
120000090,205,46,159
120000091,463,114,349
120000092,574,88,486
120000093,103,103,0
120000094,98,297,-199
120000095,0,0,0
120000096,0,0,0
120000098,74,0,74
120000099,65,0,65
120000100,95,1,94
120000101,42,1,41
120000102,42,557,-515
120000103,461,625,-164
120000104,858,118,740
120000105,1424,27,1397
120000106,1193,48,1145
120000107,1424,37,1387
120000108,650,9,641
120000109,328,15,313
120000110,0,40,-40
120000111,0,2,-2
120000112,3,9,-6
120000113,0,1,-1
120000114,13,17,-4
120000115,1,4,-3
120000116,8,29,-21
120000117,0,0,0
120000118,0,0,0
120000119,7,48,-41
120000120,0,0,0
120000121,1,53,-52
120000122,75,114,-39
120000123,222,170,52
120000124,211,147,64
120000125,24,4,20
120000126,91,118,-27
120000127,93,68,25
120000128,85,10,75
120000129,104,29,75
120000130,375,104,271
120000131,65,72,-7
120000134,0,0,0
120000135,0,0,0
120000137,0,0,0
120000138,0,0,0
120000139,0,0,0
120000140,0,0,0
120000141,0,0,0
120000142,0,0,0
120000143,0,0,0
120000144,0,0,0
120000145,0,0,0
120000146,265,479,-214
120000149,0,0,0
120000150,0,0,0
120000151,143,23,120
120000152,128,12,116
120000153,0,0,0
120000154,96,1,95
120000155,81,20,61
120000156,142,26,116
120000157,118,24,94
120000158,0,0,0
120000159,70,111,-41
120000160,521,237,284
120000161,207,162,45
120000162,6,126,-120
120000163,0,0,0
120000164,0,0,0
120000165,78,11,67
120000166,75,46,29
120000167,0,0,0
120000168,0,0,0
120000169,0,0,0
120000170,0,0,0
120000171,0,0,0
120000172,0,0,0
120000173,0,0,0
120000174,0,0,0
120000175,0,0,0
120000176,0,0,0
120000177,0,0,0
120000178,0,0,0
120000179,0,0,0
120000180,0,0,0
120000181,0,0,0
120000182,0,0,0
120000183,0,0,0
120000184,0,0,0
120000186,0,0,0
120000187,0,0,0
120000188,0,0,0
120000190,0,0,0
120000191,0,0,0
120000192,0,0,0
120000193,0,0,0
120000195,0,0,0
120000196,0,0,0
120000197,0,0,0
120000198,0,0,0
120000199,0,0,0
120000200,0,0,0
120000201,0,0,0
120000202,0,0,0
120000203,0,0,0
120000207,0,0,0
120000208,0,0,0
120000209,0,0,0
120000210,0,0,0
120000211,0,0,0
120000212,0,0,0
120000213,0,0,0
120000214,0,0,0
120000215,0,0,0
120000216,0,0,0
120000217,0,0,0
120000218,0,0,0
120000219,0,0,0
120000220,0,0,0
120000225,0,0,0
120000226,0,0,0
120000227,0,0,0
120000228,0,0,0
120000230,0,0,0
120000231,0,0,0
120000233,242,0,242
120000235,0,11,-11
120000236,847,5,842
120000237,0,0,0
120000238,0,0,0
120000241,345,365,-20
120000412,0,0,0
120000413,0,0,0
120000414,0,0,0
120000415,0,0,0
120000416,0,0,0
120000417,0,0,0
120000418,0,0,0
120000419,0,0,0
120000420,16,0,16
120000421,254,140,114
120000422,0,0,0
120000423,0,0,0
120000424,0,0,0
120000436,116,62,54
120000437,0,0,0
120000438,0,0,0
120000439,285,91,194
120000443,0,0,0
120000444,493,85,408
120000445,290,230,60
120000446,181,29,152
120000447,333,0,333
120000449,0,0,0
120000450,0,0,0
120000451,33,16,17
120000452,15,0,15
120000453,0,0,0
120000454,11,2,9
120000455,27,74,-47
120000456,5,97,-92
120000457,31,19,12
120000458,0,0,0
120000459,50,26,24
120000665,4,69,-65
120000668,0,19,-19
120000669,0,12,-12
120000670,1,16,-15
120000671,74,33,41
120000672,0,1,-1
120900001,0,0,0
120900002,0,0,0
120900003,0,0,0
120900004,0,0,0
120900005,0,0,0
120900006,0,0,0
120900007,0,0,0
120900008,0,0,0
120900009,0,0,0
120900010,0,0,0
120900011,0,0,0
120900012,0,0,0
120900013,0,0,0
120900014,0,0,0
120900015,0,0,0
120900016,0,0,0
120900017,0,0,0
120900018,0,0,0
120900019,0,0,0
120900020,0,0,0
120900021,0,0,0
120900022,0,0,0
120900023,0,0,0
120900024,0,0,0
120900025,0,0,0
120900026,0,0,0
120900027,0,0,0
120900028,0,0,0
120900029,0,0,0
120900030,0,0,0
120900031,0,0,0
120900032,0,0,0
120900033,0,0,0
120900034,0,0,0
120900035,0,0,0
120900037,0,0,0
120900038,0,0,0
120900039,0,0,0
120900040,0,0,0
120900041,0,0,0
120900042,0,0,0
120900043,0,0,0
120900044,0,0,0
120900045,0,0,0
120900046,0,0,0
120900047,0,0,0
120900048,0,0,0
120900049,0,0,0
120900050,0,0,0
120900051,0,0,0
120900052,0,0,0
120900053,0,0,0
120900054,0,0,0
120900055,0,0,0
120900056,0,0,0
120900057,0,0,0
120900058,0,0,0
120900059,0,0,0
120900060,0,0,0
120900061,0,0,0
120900062,0,0,0
120900063,0,0,0
120900064,0,0,0
120900065,0,0,0
120900066,0,0,0
120900067,0,0,0
120900068,0,0,0
120900069,0,0,0
120900071,0,0,0
120900072,0,0,0
120900073,0,0,0
120900074,0,0,0
120900076,0,0,0
120900077,0,0,0
120900078,0,0,0
120900079,0,0,0
120900080,0,0,0
120900081,0,0,0
120900082,0,0,0
120900083,0,0,0
120900084,0,0,0
120900085,0,0,0
120900086,0,0,0
120900087,0,0,0
120900088,0,0,0
120900089,0,0,0
120900090,0,0,0
120900091,0,0,0
120900092,0,0,0
120900093,0,0,0
120900094,0,0,0
120900095,0,0,0
120900096,0,0,0
120900097,0,0,0
120900098,0,0,0
120900099,0,0,0
120900100,0,0,0
120900101,0,0,0
120900102,0,0,0
120900103,0,0,0
120900104,0,0,0
120900105,0,0,0
120900106,0,0,0
120900107,0,0,0
120900108,0,0,0
120900109,0,0,0
120900110,0,0,0
120900111,0,0,0
120900112,0,0,0
120900113,0,0,0
120900114,0,0,0
120900115,31,13,18
120900116,0,0,0
120900117,0,0,0
120900118,0,0,0
120900119,0,0,0
120900120,0,0,0
120900121,0,0,0
120900122,0,0,0
120900123,0,0,0
120900124,0,0,0
120900125,0,0,0
120900126,0,0,0
120900127,0,0,0
120900128,0,0,0
120900129,0,0,0
120900130,0,0,0
120900131,0,0,0
120900132,0,0,0
120900133,0,0,0
120900134,0,0,0
120900135,0,0,0
120900136,0,0,0
120900137,0,0,0
120900138,0,0,0
120900139,0,0,0
120900140,0,0,0
120900141,0,0,0
120900142,0,0,0
120900143,0,0,0
120900144,0,0,0
120900145,0,0,0
120900146,0,0,0
120900147,0,0,0
120900148,0,0,0
120900149,0,0,0
120900150,0,0,0
120900151,0,0,0
120900152,0,0,0
120900153,0,0,0
120900154,0,0,0
120900155,0,0,0
120900156,0,0,0
120900157,0,0,0
120900158,0,0,0
120900159,0,0,0
120900160,0,0,0
120900161,0,0,0
120900162,0,0,0
120900163,0,0,0
120900164,0,0,0
120900165,0,0,0
120900166,0,0,0
120900167,0,0,0
120900169,0,0,0
120900170,0,0,0
120900171,0,0,0
120900172,0,0,0
120900173,0,0,0
120900174,0,0,0
120900175,0,0,0
120900176,0,0,0
120900177,0,0,0
120900178,0,0,0
120900179,0,0,0
120900180,0,0,0
120900181,0,0,0
120900182,0,0,0
120900183,0,0,0
120900184,0,0,0
120900185,0,0,0
120900186,0,0,0
120900187,0,0,0
120900188,0,0,0
120900189,0,0,0
120900190,0,0,0
120900191,0,0,0
120900192,0,0,0
120900194,0,0,0
120900195,0,0,0
120900196,0,0,0
120900197,0,0,0
120900198,0,0,0
120900199,0,0,0
120900200,0,0,0
120900201,0,0,0
120900202,0,0,0
120900203,0,0,0
120900204,0,0,0
120900205,0,0,0
120900206,0,0,0
120900207,0,0,0
121000001,0,0,0
121000002,213,90,123
121000003,0,0,0
121000004,73,204,-131
121000005,1,24,-23
121000006,86,283,-197
121000007,4,14,-10
121000008,205,298,-93
121000009,32,74,-42
121000010,226,246,-20
121000011,114,144,-30
121000012,406,404,2
121000013,158,261,-103
121000014,621,324,297
121000015,300,629,-329
121000016,336,253,83
121000017,23,125,-102
121000018,96,155,-59
121000019,129,166,-37
121000020,489,782,-293
121000021,19,6,13
121000022,44,365,-321
121000023,21,9,12
121000024,599,497,102
121000025,1,0,1
121000026,7,65,-58
121000027,37,92,-55
121000028,11,69,-58
121000029,78,3,75
121000030,0,0,0
121000031,0,3,-3
121000032,0,0,0
121000034,10,18,-8
121000035,0,0,0
121000036,24,19,5
121000037,32,45,-13
121000038,33,110,-77
121000039,0,0,0
121000041,0,0,0
121000042,1,15,-14
121000043,5,25,-20
121000044,5,39,-34
121000045,9,10,-1
121000046,0,0,0
121000047,0,0,0
121000049,70,43,27
121000050,54,186,-132
121000051,5,24,-19
121000052,16,62,-46
121000053,3,9,-6
121000054,0,0,0
121000055,0,0,0
121000056,167,236,-69
121000057,0,0,0
121000058,0,0,0
121000059,3,19,-16
121000060,24,43,-19
121000061,0,2,-2
121000062,0,21,-21
121000063,3,13,-10
121000064,2,5,-3
121000065,3,12,-9
121000066,0,0,0
121000067,0,0,0
121000068,8,4,4
121000069,0,12,-12
121000070,41,94,-53
121000071,55,61,-6
121000072,19,20,-1
121000073,11,160,-149
121000074,0,0,0
121000075,0,0,0
121000076,0,1,-1
121000077,3,22,-19
121000078,0,0,0
121000080,43,31,12
121000081,149,215,-66
121000082,9,18,-9
121000083,3,3,0
121000084,0,0,0
121000085,9,22,-13
121000086,2,83,-81
121000087,1,48,-47
121000088,0,0,0
121000089,0,106,-106
121000090,0,0,0
121000091,143,97,46
121000092,9,2,7
121000093,4,41,-37
121000094,32,27,5
121000095,0,0,0
121000096,0,0,0
121000097,0,0,0
121000098,20,25,-5
121000099,15,29,-14
121000100,0,0,0
121000101,2,12,-10
121000102,0,0,0
121000103,0,7,-7
121000104,0,0,0
121000105,0,0,0
121000106,6,2,4
121000107,83,129,-46
121000109,9,184,-175
121000110,0,2,-2
121000114,76,243,-167
121000115,0,0,0
121000116,0,0,0
121000117,9,0,9
121000118,0,0,0
121000119,0,0,0
121000120,2,35,-33
121000121,0,0,0
121000123,0,0,0
121000127,0,0,0
121000128,0,0,0
121000129,0,0,0
121000130,1,7,-6
121000131,0,0,0
121000132,13,14,-1
121000135,0,0,0
121000136,2,50,-48
121000137,0,0,0
121000138,2,18,-16
121000139,0,0,0
121000141,0,0,0
121000142,0,0,0
121000143,0,0,0
121000144,0,0,0
121000145,0,5,-5
121000146,65,3,62
121000147,10,62,-52
121000148,0,1,-1
121000149,230,280,-50
121000152,5,4,1
121000153,65,10,55
121000154,101,4,97
121000155,45,43,2
121000156,68,22,46
121000157,28,8,20
121000158,75,11,64
121000159,63,16,47
121000160,5,0,5
121000161,0,0,0
121000162,0,0,0
121000165,141,537,-396
121000166,36,26,10
121000168,28,36,-8
121000169,2,1,1
121000170,34,26,8
121000171,12,20,-8
121000172,9,70,-61
121000173,0,6,-6
121000174,1,6,-5
121000175,11,3,8
121000176,8,9,-1
121000177,4,0,4
121000178,0,0,0
121000179,8,1,7
121000181,21,36,-15
121000182,62,124,-62
121000183,11,30,-19
121000184,2,69,-67
121000185,0,76,-76
121000186,1,36,-35
121000187,0,0,0
121000188,0,0,0
121000192,12,0,12
121000193,0,0,0
121000194,49,119,-70
121000195,0,0,0
121000196,0,0,0
121000197,0,0,0
121000198,0,0,0
121000199,0,0,0
121000200,0,0,0
121000201,0,0,0
121000202,0,0,0
121000203,0,0,0
121000204,0,0,0
121000205,14,6,8
121000206,0,0,0
121000207,0,0,0
121000208,0,0,0
121000209,58,2,56
121000210,0,0,0
121000211,0,0,0
121000212,0,0,0
121000213,20,74,-54
121000214,28,103,-75
121000215,66,23,43
121000216,33,25,8
121000217,426,105,321
121000218,5,11,-6
121000219,113,78,35
121000220,0,0,0
121000221,0,50,-50
121000222,1,59,-58
121000223,0,0,0
121000224,0,0,0
121000225,5,35,-30
121000226,6,113,-107
121000227,0,0,0
121000228,0,0,0
121000229,0,0,0
121000230,0,0,0
121000231,139,0,139
121000232,0,0,0
121000233,135,18,117
121000234,0,7,-7
121000235,2,11,-9
121000236,0,0,0
121000237,18,0,18
121000238,0,0,0
121000239,0,0,0
121000240,0,7,-7
121000241,35,0,35
121000242,0,2,-2
121000243,14,0,14
121000244,0,0,0
121000245,2,0,2
121000246,0,0,0
121000247,25,0,25
121000248,34,2,32
121000249,0,0,0
121000250,18,85,-67
121000251,0,0,0
121000252,3,13,-10
121000253,0,0,0
121000254,49,3,46
121000255,0,0,0
121000256,4,35,-31
121000257,0,0,0
121000258,13,37,-24
121000259,0,0,0
121000260,0,0,0
121000261,0,16,-16
121000262,0,0,0
121000263,2,17,-15
121000271,0,0,0
121000273,0,0,0
121000274,3,2,1
121000275,0,0,0
121000276,0,0,0
121000278,47,0,47
121000289,2,3,-1
121000290,40,17,23
121000294,0,0,0
121000297,25,18,7
121000299,0,0,0
121000300,0,0,0
121000302,1,84,-83
121000303,6,2,4
121000304,199,171,28
121000305,63,66,-3
121000306,54,56,-2
121000308,0,0,0
121000309,0,0,0
121000310,0,0,0
121000311,0,0,0
121000312,30,30,0
121000313,0,0,0
121000314,0,0,0
121000315,0,0,0
121000530,101,112,-11
121000531,299,174,125
121000532,710,267,443
121000533,2849,1046,1803
121000918,0,0,0
121000919,0,0,0
121000938,0,0,0
121000939,0,14,-14
121000956,0,0,0
121000957,0,0,0
121000958,0,1,-1
121000959,36,3,33
121000960,28,25,3
121000961,75,0,75
121000962,1,10,-9
121000973,0,0,0
121000976,0,0,0
121000979,0,0,0
121000981,23,0,23
121000982,0,0,0
121000983,10,3,7
121000984,0,0,0
121000985,0,0,0
121000986,0,0,0
121000987,0,0,0
121000988,135,7,128
121001302,0,0,0
121001308,0,0,0
121001309,0,0,0
121001313,0,0,0
121001314,0,0,0
121001315,1133,66,1067
121001326,0,0,0
121001327,0,0,0
121001328,0,0,0
121900001,2,58,-56
121900002,0,0,0
121900003,0,0,0
121900004,0,0,0
121900005,0,0,0
121900006,0,0,0
121900007,0,0,0
121900008,0,0,0
121900009,0,0,0
121900010,0,0,0
121900011,0,0,0
121900012,0,0,0
121900013,0,0,0
121900014,0,0,0
121900015,0,0,0
121900016,0,0,0
121900017,0,0,0
121900018,0,0,0
121900019,0,0,0
121900020,0,0,0
121900021,0,0,0
121900022,0,0,0
121900023,0,0,0
121900024,0,0,0
121900025,0,0,0
121900026,0,0,0
121900027,0,0,0
121900028,0,0,0
121900029,0,0,0
121900030,0,0,0
121900031,0,0,0
121900032,0,0,0
121900033,0,0,0
121900034,0,0,0
121900035,0,0,0
121900036,0,0,0
121900037,0,0,0
121900038,0,0,0
121900039,0,0,0
121900040,0,0,0
121900041,0,0,0
121900042,0,0,0
121900043,0,0,0
121900044,0,0,0
121900046,0,0,0
121900047,0,0,0
121900048,0,0,0
121900050,0,0,0
121900051,0,0,0
121900052,0,0,0
121900053,0,0,0
121900054,0,0,0
121900055,0,0,0
121900058,0,0,0
121900059,0,0,0
121900060,0,0,0
121900062,0,0,0
121900063,0,0,0
121900064,0,0,0
121900066,0,0,0
121900067,0,0,0
121900069,0,0,0
121900070,0,0,0
121900071,0,0,0
121900072,0,0,0
121900073,0,0,0
121900074,0,0,0
121900075,0,0,0
121900076,0,0,0
121900078,0,0,0
121900079,0,0,0
121900080,0,0,0
121900082,0,0,0
121900084,0,0,0
121900086,0,0,0
121900087,0,0,0
121900088,0,0,0
121900089,0,0,0
121900090,0,0,0
121900091,0,0,0
121900092,0,0,0
121900093,0,0,0
121900094,0,0,0
121900095,0,0,0
121900096,0,0,0
121900097,0,0,0
121900098,0,0,0
121900099,0,0,0
121900100,0,0,0
121900101,0,0,0
121900102,0,0,0
121900103,0,0,0
121900104,0,0,0
121900105,0,0,0
121900106,0,0,0
121900107,0,0,0
121900108,0,0,0
121900109,0,0,0
121900110,0,0,0
121900111,0,0,0
121900112,0,0,0
121900113,0,0,0
121900114,0,0,0
121900117,0,0,0
121900118,0,0,0
121900119,0,0,0
121900120,0,0,0
121900121,0,0,0
121900122,0,0,0
121900123,0,0,0
121900124,0,0,0
121900125,0,0,0
121900127,0,0,0
121900128,0,0,0
121900129,0,0,0
121900130,0,0,0
121900131,0,0,0
121900132,0,0,0
121900133,0,0,0
121900134,0,0,0
121900135,0,0,0
121900136,0,0,0
121900137,0,0,0
121900138,0,0,0
121900139,0,0,0
121900140,0,0,0
121900141,0,0,0
121900142,0,0,0
121900143,0,0,0
121900144,0,0,0
121900145,0,0,0
121900146,0,0,0
121900147,0,0,0
121900148,0,0,0
121900149,0,0,0
121900150,0,0,0
121900151,0,0,0
121900152,0,0,0
121900153,0,0,0
121900154,0,0,0
121900155,0,0,0
121900156,0,0,0
121900157,0,0,0
121900158,0,0,0
121900159,0,0,0
121900160,0,0,0
121900161,0,0,0
121900162,0,0,0
121900163,0,0,0
121900164,0,0,0
121900165,0,0,0
121900166,0,0,0
121900167,0,0,0
121900168,0,0,0
121900169,0,0,0
121900170,0,0,0
121900171,0,0,0
121900172,0,0,0
121900173,0,0,0
121900174,0,0,0
121900175,0,0,0
121900176,0,0,0
121900177,0,0,0
121900178,0,0,0
121900179,0,0,0
121900180,0,0,0
121900182,0,0,0
121900183,0,0,0
121900184,0,0,0
121900186,0,0,0
121900187,0,0,0
121900188,0,0,0
121900189,0,0,0
121900190,0,0,0
121900191,0,0,0
121900192,0,0,0
121900193,0,0,0
121900194,0,0,0
121900195,0,0,0
121900196,0,0,0
121900197,0,0,0
121900198,0,0,0
121900199,0,0,0
121900200,0,0,0
121900201,0,0,0
121900202,0,0,0
121900203,0,0,0
121900204,0,0,0
121900205,0,0,0
121900206,0,0,0
121900207,0,0,0
121900208,0,0,0
121900209,0,0,0
121900210,0,0,0
121900211,0,0,0
121900212,0,0,0
121900213,0,0,0
121900214,0,0,0
121900215,0,0,0
121900216,0,0,0
121900217,0,0,0
121900218,0,0,0
121900220,0,0,0
121900221,0,0,0
121900222,0,0,0
121900223,0,0,0
121900224,0,0,0
121900225,0,0,0
121900226,0,0,0
121900227,0,0,0
121900228,0,0,0
121900230,0,0,0
121900231,0,0,0
121900232,0,0,0
121900233,0,0,0
121900234,0,0,0
121900235,0,0,0
121900236,0,0,0
121900237,0,0,0
121900238,0,0,0
121900239,0,0,0
121900240,0,0,0
121900241,0,0,0
121900242,0,0,0
121900243,0,0,0
121900244,0,0,0
121900245,0,0,0
121900246,0,0,0
121900248,0,0,0
121900250,0,0,0
121900251,0,0,0
121900252,0,0,0
121900253,0,0,0
121900254,0,0,0
121900255,0,0,0
121900258,0,0,0
121900259,0,0,0
121900260,0,0,0
121900261,0,0,0
121900262,0,0,0
121900263,0,0,0
121900264,0,0,0
121900265,0,0,0
121900266,0,0,0
121900267,0,0,0
121900269,0,0,0
121900270,0,0,0
121900271,0,0,0
121900273,0,0,0
121900274,0,0,0
121900277,0,0,0
121900278,0,0,0
121900279,0,0,0
121900280,0,0,0
121900281,0,0,0
121900284,0,0,0
121900286,0,0,0
121900287,0,0,0
121900288,0,0,0
121900290,0,0,0
121900291,0,0,0
121900292,0,0,0
121900293,0,0,0
121900294,0,0,0
121900295,0,0,0
121900296,0,0,0
121900298,0,0,0
121900299,0,0,0
121900300,0,0,0
121900301,0,0,0
121900302,0,0,0
121900303,0,0,0
121900304,0,0,0
121900305,0,0,0
121900306,0,0,0
121900307,0,0,0
121900308,0,0,0
121900309,0,0,0
121900310,0,0,0
121900311,0,0,0
121900312,0,0,0
121900313,0,0,0
121900314,0,0,0
121900315,0,0,0
121900316,0,0,0
121900317,0,0,0
121900318,0,0,0
121900319,0,0,0
121900320,0,0,0
121900321,0,0,0
121900322,0,0,0
121900323,0,0,0
121900324,0,0,0
121900325,0,0,0
121900326,0,0,0
121900327,0,0,0
121900328,0,0,0
121900329,0,0,0
121900330,0,0,0
121900331,0,0,0
121900332,0,0,0
121900333,0,0,0
121900334,0,0,0
122000001,14,70,-56
122000002,26,34,-8
122000003,26,133,-107
122000004,25,47,-22
122000005,293,529,-236
122000006,77,222,-145
122000007,20,153,-133
122000008,9,178,-169
122000009,6,40,-34
122000010,204,202,2
122000011,62,103,-41
122000012,57,60,-3
122000013,4,28,-24
122000014,0,15,-15
122000015,6,20,-14
122000016,1,63,-62
122000017,0,0,0
122000018,0,0,0
122000019,0,11,-11
122000020,0,0,0
122000021,0,0,0
122000022,16,13,3
122000023,15,21,-6
122000024,35,76,-41
122000025,4,53,-49
122000026,121,80,41
122000027,0,0,0
122000028,42,15,27
122000029,18,4,14
122000030,0,0,0
122000031,0,0,0
122000032,50,35,15
122000033,29,88,-59
122000034,0,0,0
122000035,0,0,0
122000036,0,0,0
122000037,2,17,-15
122000038,0,11,-11
122000039,0,0,0
122000040,0,0,0
122000041,0,0,0
122000042,0,0,0
122000043,2,0,2
122000044,3,4,-1
122000045,43,13,30
122000046,15,13,2
122000047,0,0,0
122000048,169,496,-327
122000049,458,130,328
122000050,5,12,-7
122000051,2,1,1
122000052,0,7,-7
122000053,6,413,-407
122000054,19,113,-94
122000055,415,521,-106
122000056,117,79,38
122000057,65,130,-65
122000058,54,73,-19
122000059,26,49,-23
122000060,0,0,0
122000061,0,0,0
122000062,10,4,6
122000063,4,11,-7
122000064,15,79,-64
122000065,76,92,-16
122000066,26,48,-22
122000067,93,312,-219
122000068,7,202,-195
122000069,22,26,-4
122000070,165,68,97
122000071,13,62,-49
122000072,0,0,0
122000073,0,0,0
122000074,23,30,-7
122000075,34,63,-29
122000076,46,66,-20
122000077,0,0,0
122000078,98,92,6
122000079,2,37,-35
122000080,0,3,-3
122000081,0,1,-1
122000082,44,28,16
122000083,0,0,0
122000084,0,0,0
122000085,7,38,-31
122000086,6,168,-162
122000087,6,24,-18
122000088,0,0,0
122000089,102,174,-72
122000090,0,0,0
122000091,0,0,0
122000092,0,0,0
122000093,149,459,-310
122000094,226,290,-64
122000095,1,37,-36
122000096,22,241,-219
122000098,218,423,-205
122000099,0,21,-21
122000100,19,3,16
122000101,0,19,-19
122000102,0,0,0
122000103,0,0,0
122000104,0,0,0
122000105,1,18,-17
122000106,0,13,-13
122000107,5,10,-5
122000108,0,0,0
122000109,1,2,-1
122000110,0,0,0
122000111,238,68,170
122000112,33,44,-11
122000113,27,22,5
122000114,201,555,-354
122000115,134,259,-125
122000116,4,37,-33
122000117,94,5,89
122000118,29,26,3
122000119,0,0,0
122000120,0,0,0
122000121,25,11,14
122000122,7,17,-10
122000123,35,13,22
122000124,4,25,-21
122000125,10,57,-47
122000126,0,42,-42
122000127,2,6,-4
122000128,4,1,3
122000129,76,10,66
122000130,58,50,8
122000131,18,7,11
122000132,0,0,0
122000133,0,0,0
122000134,26,19,7
122000135,6,12,-6
122000136,38,9,29
122000137,11,32,-21
122000139,3,68,-65
122000140,0,0,0
122000141,3,2,1
122000142,0,0,0
122000143,0,0,0
122000144,26,22,4
122000145,0,4,-4
122000146,26,53,-27
122000147,26,44,-18
122000148,102,88,14
122000149,88,5,83
122000150,62,11,51
122000151,0,0,0
122000152,0,0,0
122000153,54,49,5
122000154,32,53,-21
122000155,36,43,-7
122000156,122,83,39
122000157,144,219,-75
122000158,0,1,-1
122000159,33,14,19
122000160,161,21,140
122000161,49,22,27
122000162,8,20,-12
122000163,0,0,0
122000164,0,0,0
122000165,0,0,0
122000166,20,29,-9
122000167,0,0,0
122000168,0,0,0
122000169,0,0,0
122000170,0,0,0
122000171,0,0,0
122000172,0,0,0
122000173,0,0,0
122000174,174,205,-31
122000175,0,0,0
122000176,0,0,0
122000177,141,269,-128
122000178,182,41,141
122000179,0,0,0
122000180,76,173,-97
122000181,132,303,-171
122000182,38,24,14
122000183,2,3,-1
122000184,97,226,-129
122000185,53,99,-46
122000186,0,0,0
122000187,97,22,75
122000188,0,0,0
122000189,9,14,-5
122000190,133,46,87
122000191,19,2,17
122000192,0,0,0
122000193,0,0,0
122000194,0,0,0
122000195,0,0,0
122000196,0,0,0
122000197,13,13,0
122000198,0,0,0
122000199,9,19,-10
122000200,56,19,37
122000201,97,173,-76
122000202,108,283,-175
122000203,0,0,0
122000204,0,0,0
122000205,0,0,0
122000206,78,65,13
122000207,46,107,-61
122000208,48,46,2
122000209,75,39,36
122000210,1,2,-1
122000211,1,3,-2
122000212,22,32,-10
122000213,8,47,-39
122000214,119,251,-132
122000215,71,83,-12
122000217,6,3,3
122000218,54,32,22
122000219,33,33,0
122000220,1,56,-55
122000221,0,0,0
122000222,0,0,0
122000223,19,44,-25
122000225,95,4,91
122000226,0,12,-12
122000227,0,10,-10
122000228,0,4,-4
122000229,0,0,0
122000230,0,12,-12
122000231,0,21,-21
122000232,0,29,-29
122000233,0,0,0
122000234,22,0,22
122000235,14,1,13
122000236,5,0,5
122000237,0,0,0
122000238,0,13,-13
122000239,50,1,49
122000240,15,2,13
122000241,12,46,-34
122000242,0,0,0
122000243,0,0,0
122000244,0,0,0
122000245,5,1,4
122000246,6,55,-49
122000247,9,0,9
122000248,2,0,2
122000249,91,71,20
122000250,131,29,102
122000251,0,0,0
122000252,5,1,4
122000253,0,0,0
122000254,11,1,10
122000255,0,0,0
122000256,1,6,-5
122000257,0,1,-1
122000258,4,22,-18
122000259,0,0,0
122000260,0,0,0
122000261,0,0,0
122000262,0,0,0
122000263,0,0,0
122000264,86,27,59
122000265,168,32,136
122000266,143,17,126
122000267,0,0,0
122000268,0,0,0
122000269,0,0,0
122000270,0,0,0
122000271,0,0,0
122000272,0,0,0
122000273,0,0,0
122000274,0,0,0
122000275,0,0,0
122000276,34,77,-43
122000277,91,70,21
122000278,95,34,61
122000279,0,11,-11
122000280,2,2,0
122000281,1,4,-3
122000282,37,3,34
122000283,0,0,0
122000284,0,0,0
122000285,0,0,0
122000286,0,0,0
122000287,413,84,329
122000288,17,6,11
122000291,522,58,464
122000293,0,0,0
122000294,43,5,38
122000295,144,8,136
122000296,3,48,-45
122000297,626,329,297
122000299,86,23,63
122000300,0,4,-4
122000301,20,41,-21
122000302,12,33,-21
122000303,3,28,-25
122000304,0,0,0
122000305,220,28,192
122000306,0,29,-29
122000307,0,0,0
122000309,0,0,0
122000310,0,0,0
122000311,0,0,0
122000312,2,39,-37
122000313,5,54,-49
122000314,17,36,-19
122000315,0,0,0
122000316,13,16,-3
122000317,37,3,34
122000318,12,47,-35
122000319,6,5,1
122000320,0,0,0
122000321,0,0,0
122000322,26,24,2
122000323,22,13,9
122000324,0,1,-1
122000325,25,92,-67
122000326,0,0,0
122000327,0,12,-12
122000328,0,0,0
122000330,68,121,-53
122000333,0,0,0
122000337,16,8,8
122000338,6,4,2
122000340,0,1,-1
122000342,17,2,15
122000343,18,8,10
122000344,14,0,14
122000345,5,1,4
122000346,0,0,0
122000348,35,21,14
122000349,0,0,0
122000351,1,0,1
122000352,0,0,0
122000353,0,0,0
122000355,0,0,0
122000356,5,11,-6
122000357,0,0,0
122000358,0,0,0
122000359,0,0,0
122000360,0,0,0
122000362,0,0,0
122000364,0,0,0
122000365,0,0,0
122000366,0,0,0
122000368,0,0,0
122000370,0,0,0
122000371,0,0,0
122000372,0,0,0
122000381,0,0,0
122000382,0,0,0
122000384,0,0,0
122000385,0,0,0
122000386,1,104,-103
122000387,0,0,0
122000388,25,51,-26
122000389,0,0,0
122000390,2,31,-29
122000391,0,0,0
122000392,0,0,0
122000393,0,0,0
122000394,0,0,0
122000395,0,0,0
122000396,0,0,0
122000397,0,0,0
122000398,16,29,-13
122000399,0,0,0
122000400,3,47,-44
122000401,0,0,0
122000402,3,16,-13
122000403,0,0,0
122000404,70,3,67
122000408,131,117,14
122000503,0,0,0
122000524,0,0,0
122000544,0,0,0
122000614,3,1,2
122000616,0,0,0
122000640,0,0,0
122000641,0,0,0
122000642,0,0,0
122000643,20,36,-16
122000644,0,0,0
122000645,0,0,0
122000651,5,6,-1
122000664,3,4,-1
122000665,0,0,0
122000666,32,35,-3
122000673,0,0,0
122000674,24,16,8
122000675,29,16,13
122000686,60,34,26
122000687,45,2,43
122000688,42,8,34
122000689,91,9,82
122000690,262,0,262
122000691,265,53,212
122000692,3,0,3
122000693,1,45,-44
122000695,0,0,0
122000696,60,9,51
122000698,0,0,0
122000699,11,1,10
122000701,86,16,70
122000702,35,23,12
122000703,29,3,26
122000712,0,0,0
122000717,0,0,0
122000718,27,97,-70
122000719,1,22,-21
122000720,50,10,40
122000724,0,0,0
122900001,0,0,0
122900002,0,0,0
122900003,0,0,0
122900004,0,0,0
122900005,0,0,0
122900006,0,0,0
122900007,0,0,0
122900008,0,0,0
122900009,0,0,0
122900010,0,0,0
122900012,0,0,0
122900014,0,0,0
122900015,0,0,0
122900016,0,0,0
122900017,0,0,0
122900018,0,0,0
122900020,0,0,0
122900021,0,0,0
122900022,0,0,0
122900023,0,0,0
122900024,0,0,0
122900025,0,0,0
122900026,0,0,0
122900027,0,0,0
122900028,0,0,0
122900029,0,0,0
122900030,0,0,0
122900031,0,0,0
122900032,0,0,0
122900033,0,0,0
122900034,0,0,0
122900035,0,0,0
122900036,0,0,0
122900037,0,0,0
122900038,0,0,0
122900039,0,0,0
122900040,0,0,0
122900041,0,0,0
122900042,0,0,0
122900043,0,0,0
122900044,0,0,0
122900045,0,0,0
122900046,0,0,0
122900047,0,0,0
122900048,0,0,0
122900049,0,0,0
122900051,0,0,0
122900052,0,0,0
122900053,0,0,0
122900055,0,0,0
122900057,0,0,0
122900061,0,0,0
122900062,0,0,0
122900063,0,0,0
122900064,0,0,0
122900065,0,0,0
122900066,0,0,0
122900067,0,0,0
122900069,0,0,0
122900070,0,0,0
122900071,0,0,0
122900073,0,0,0
122900074,0,0,0
122900075,0,0,0
122900076,0,0,0
122900077,0,0,0
122900078,0,0,0
122900080,0,0,0
122900081,0,0,0
122900082,0,0,0
122900083,0,0,0
122900084,0,0,0
122900086,0,0,0
122900087,0,0,0
122900088,0,0,0
122900089,0,0,0
122900090,0,0,0
122900091,0,0,0
122900092,0,0,0
122900093,0,0,0
122900094,0,0,0
122900095,0,0,0
122900096,0,0,0
122900097,0,0,0
122900098,0,0,0
122900099,0,0,0
122900100,0,0,0
122900101,0,0,0
122900102,0,0,0
122900103,0,0,0
122900104,0,0,0
122900105,0,0,0
122900106,0,0,0
122900107,0,0,0
122900108,0,0,0
122900109,0,0,0
123000001,43,18,25
123000002,145,765,-620
123000003,535,230,305
123000004,44,268,-224
123000005,683,230,453
123000006,170,246,-76
123000007,602,278,324
123000008,44,60,-16
123000009,1202,1183,19
123000010,95,152,-57
123000011,479,531,-52
123000012,12,79,-67
123000013,523,206,317
123000014,7,81,-74
123000015,804,232,572
123000016,24,90,-66
123000017,689,158,531
123000018,64,0,64
123000019,94,0,94
123000020,20,0,20
123000021,105,0,105
123000022,222,5,217
123000023,182,47,135
123000024,98,68,30
123000025,4,2,2
123000026,0,0,0
123000027,0,0,0
123000028,3,95,-92
123000029,0,0,0
123000030,0,0,0
123000031,15,10,5
123000032,24,25,-1
123000033,1,17,-16
123000034,86,24,62
123000035,27,103,-76
123000036,12,272,-260
123000037,0,0,0
123000038,0,0,0
123000039,0,0,0
123000040,0,0,0
123000041,6,353,-347
123000042,0,0,0
123000043,180,78,102
123000044,27,25,2
123000045,0,0,0
123000046,0,0,0
123000047,0,0,0
123000048,3,115,-112
123000049,2216,877,1339
123000050,85,84,1
123000051,1,1,0
123000052,179,203,-24
123000053,544,272,272
123000054,67,278,-211
123000055,504,716,-212
123000056,1,19,-18
123000057,53,39,14
123000058,0,0,0
123000059,0,6,-6
123000060,0,1,-1
123000061,0,10,-10
123000063,2,19,-17
123000064,0,0,0
123000065,11,14,-3
123000066,0,7,-7
123000067,0,0,0
123000068,25,29,-4
123000069,35,52,-17
123000070,0,0,0
123000071,21,35,-14
123000072,0,0,0
123000073,152,77,75
123000074,0,0,0
123000075,10,97,-87
123000076,0,0,0
123000077,5,1,4
123000078,296,95,201
123000079,388,179,209
123000080,4,0,4
123000081,0,0,0
123000082,0,0,0
123000083,1,0,1
123000084,0,0,0
123000085,0,0,0
123000086,0,0,0
123000087,0,0,0
123000088,0,0,0
123000089,178,123,55
123000090,0,0,0
123000091,99,43,56
123000092,0,0,0
123000094,2,2,0
123000095,48,23,25
123000096,21,7,14
123000097,0,0,0
123000098,90,14,76
123000099,0,0,0
123000100,0,0,0
123000101,27,12,15
123000102,77,54,23
123000104,0,0,0
123000105,0,0,0
123000106,0,0,0
123000107,0,0,0
123000108,0,0,0
123000111,14,3,11
123000112,10,7,3
123000113,0,0,0
123000114,5,35,-30
123000115,7,1,6
123000116,0,0,0
123000117,17,3,14
123000118,0,8,-8
123000119,0,4,-4
123000120,0,13,-13
123000121,0,0,0
123000122,0,0,0
123000123,0,0,0
123000124,0,0,0
123000125,28,115,-87
123000126,95,206,-111
123000127,0,0,0
123000128,0,0,0
123000129,136,9,127
123000130,47,6,41
123000131,79,46,33
123000132,0,0,0
123000133,0,0,0
123000134,0,0,0
123000135,37,37,0
123000136,0,0,0
123000137,0,0,0
123000138,0,0,0
123000139,78,0,78
123000140,0,0,0
123000141,43,18,25
123000142,0,0,0
123000143,0,0,0
123000144,0,0,0
123000145,0,0,0
123000146,0,0,0
123000147,0,0,0
123000149,13,36,-23
123000150,2,20,-18
123000151,2,20,-18
123000152,0,0,0
123000153,5,25,-20
123000154,26,15,11
123000155,29,21,8
123000156,0,0,0
123000157,21,23,-2
123000158,32,24,8
123000159,87,175,-88
123000160,47,73,-26
123000161,102,8,94
123000162,198,37,161
123000163,41,1,40
123000164,207,21,186
123000165,0,0,0
123000166,0,0,0
123000167,1,1,0
123000168,89,1,88
123000169,105,3,102
123000170,0,0,0
123000171,227,0,227
123000172,0,0,0
123000173,58,15,43
123000174,62,0,62
123000175,0,0,0
123000176,46,5,41
123000177,0,0,0
123000178,151,13,138
123000179,0,0,0
123000180,440,66,374
123000181,0,0,0
123000182,0,0,0
123000183,70,49,21
123000184,0,0,0
123000185,170,15,155
123000186,0,4,-4
123000187,264,13,251
123000188,307,2,305
123000189,21,1,20
123000190,19,0,19
123000192,0,0,0
123000193,0,0,0
123000194,0,0,0
123000195,248,3,245
123000196,229,2,227
123000197,92,3,89
123000198,0,0,0
123000199,0,0,0
123000200,231,0,231
123000201,410,15,395
123000202,0,0,0
123000203,376,25,351
123000204,0,0,0
123000205,0,0,0
123000206,470,68,402
123000207,0,0,0
123000208,75,3,72
123000209,224,11,213
123000210,0,0,0
123000211,0,0,0
123000212,470,24,446
123000213,202,3,199
123000215,25,151,-126
123000216,14,76,-62
123000217,9,1,8
123000218,0,0,0
123000219,45,12,33
123000220,92,2,90
123000221,24,5,19
123000222,9,5,4
123000223,33,15,18
123000224,82,28,54
123000225,5,31,-26
123000226,24,0,24
123000227,1,0,1
123000228,30,5,25
123000229,0,0,0
123000232,0,0,0
123000233,255,20,235
123000234,0,0,0
123000235,94,30,64
123000236,0,1,-1
123000237,68,24,44
123000238,0,0,0
123000239,0,0,0
123000240,0,0,0
123000241,15,9,6
123000242,0,0,0
123000243,23,35,-12
123000244,1,25,-24
123000245,0,0,0
123000249,0,0,0
123000252,193,93,100
123000253,371,170,201
123000254,0,3,-3
123000255,40,86,-46
123000256,0,0,0
123000257,0,0,0
123000258,0,0,0
123000259,0,4,-4
123000260,6,3,3
123000261,0,0,0
123000262,0,0,0
123000263,46,7,39
123000264,0,0,0
123000265,0,0,0
123000266,0,5,-5
123000267,14,109,-95
123000268,0,0,0
123000269,4,5,-1
123000270,7,6,1
123000271,0,0,0
123000272,163,29,134
123000273,35,401,-366
123000274,226,79,147
123000275,0,0,0
123000278,0,10,-10
123000279,1,20,-19
123000280,13,2,11
123000281,67,8,59
123000282,0,0,0
123000283,4,10,-6
123000284,0,0,0
123000286,0,0,0
123000287,11,43,-32
123000288,128,79,49
123000289,25,121,-96
123000291,0,0,0
123000294,0,0,0
123000295,208,179,29
123000296,87,203,-116
123000297,0,1,-1
123000298,21,35,-14
123000299,4,48,-44
123000300,39,59,-20
123000301,0,0,0
123000302,69,7,62
123000303,7,65,-58
123000305,0,0,0
123000306,0,0,0
123000309,0,0,0
123000310,38,2,36
123000311,2,1,1
123000312,0,0,0
123000313,74,20,54
123000315,63,7,56
123000316,45,0,45
123000317,0,0,0
123000318,0,0,0
123000329,0,0,0
123000337,74,4,70
123000338,3,13,-10
123000339,0,0,0
123000340,3,5,-2
123000342,0,0,0
123000343,5,0,5
123000344,29,0,29
123000345,0,0,0
123000346,59,9,50
123000352,0,0,0
123000353,0,0,0
123000354,366,3,363
123000355,0,0,0
123000356,54,0,54
123000357,0,0,0
123000359,0,0,0
123000360,113,6,107
123000361,0,0,0
123000362,90,8,82
123000363,35,1,34
123000364,8,14,-6
123000365,0,0,0
123000366,0,85,-85
123000367,0,1,-1
123000370,0,0,0
123000371,128,10,118
123000372,76,0,76
123000373,0,0,0
123000374,0,0,0
123000375,79,6,73
123000376,63,50,13
123000377,110,1,109
123000378,0,0,0
123000379,0,0,0
123000380,0,0,0
123000381,6,21,-15
123000382,71,6,65
123000383,0,0,0
123000384,46,4,42
123000385,0,0,0
123000436,0,484,-484
123000507,0,18,-18
123000508,209,610,-401
123000517,0,0,0
123000518,0,0,0
123000519,0,0,0
123000520,0,0,0
123000521,0,0,0
123000522,0,0,0
123000541,0,0,0
123000542,0,0,0
123000565,57,3,54
123000566,1,0,1
123000567,1,0,1
123000573,0,0,0
123000574,16,0,16
123000575,96,31,65
123000576,16,1,15
123000577,0,0,0
123000578,32,4,28
123000579,449,119,330
123000580,3,4,-1
123000582,44,0,44
123000583,0,0,0
123000584,25,36,-11
123000585,0,0,0
123000586,41,0,41
123000596,0,0,0
123000597,16,9,7
123000602,0,1,-1
123000603,127,2,125
123000604,32,1,31
123000605,42,0,42
123000606,0,0,0
123000609,0,0,0
123000610,32,24,8
123000613,0,0,0
123000614,33,4,29
123000615,0,0,0
123000616,55,11,44
123000617,0,0,0
123000618,0,0,0
123000619,5,4,1
123000620,0,0,0
123000622,25,6,19
123000624,12,15,-3
123000630,385,29,356
123000631,46,17,29
123000632,0,0,0
123000633,0,31,-31
123000634,1,2,-1
123000635,0,0,0
123000636,0,0,0
123000637,2,0,2
123000638,2,3,-1
123000639,221,193,28
123000640,1,0,1
123000648,8,0,8
123000649,0,0,0
123000650,3,3,0
123000651,0,0,0
123000652,48,0,48
123000653,0,0,0
123000654,0,0,0
123000655,0,0,0
123000656,1,4,-3
123000657,0,0,0
123000658,17,0,17
123000659,35,0,35
123000660,293,7,286
123000661,484,0,484
123900001,0,0,0
123900002,0,0,0
123900003,0,0,0
123900005,0,0,0
123900006,0,0,0
124000001,201,25,176
124000002,0,122,-122
124000003,186,11,175
124000004,0,15,-15
124000005,198,4,194
124000006,0,25,-25
124000007,142,17,125
124000008,0,0,0
124000009,185,22,163
124000010,0,0,0
124000011,147,72,75
124000012,0,0,0
124000017,164,21,143
124000018,0,0,0
124000019,130,14,116
124000020,0,0,0
124000021,94,8,86
124000022,0,0,0
124000023,27,1,26
124000024,0,0,0
124000025,4,19,-15
124000026,0,0,0
124000027,0,0,0
124000028,0,0,0
124000031,313,97,216
124000032,0,31,-31
124000033,188,9,179
124000034,0,35,-35
124000035,28,3,25
124000036,0,18,-18
124000037,15,31,-16
124000038,0,2,-2
124000039,31,1,30
124000040,12,76,-64
124000041,58,16,42
124000042,0,5,-5
124000043,49,2,47
124000044,2,10,-8
124000045,92,21,71
124000046,0,0,0
124000047,167,16,151
124000048,0,0,0
124000049,178,20,158
124000050,0,0,0
124000051,145,15,130
124000052,0,0,0
124000053,127,36,91
124000054,0,0,0
124000055,283,66,217
124000056,0,0,0
124000057,116,60,56
124000058,0,0,0
124000059,78,86,-8
124000060,0,0,0
124000061,79,105,-26
124000062,0,0,0
124000063,0,0,0
124000064,0,0,0
124000065,0,0,0
124000066,26,1,25
124000067,24,19,5
124000068,0,0,0
124000069,82,35,47
124000070,0,0,0
124000071,58,2,56
124000072,0,0,0
124000073,195,1,194
124000074,0,0,0
124000075,89,13,76
124000076,0,0,0
124000077,0,0,0
124000078,89,154,-65
124000079,0,0,0
124000080,112,36,76
124000081,0,0,0
124000082,12,29,-17
124000083,0,0,0
124000084,1,74,-73
124000085,0,0,0
124000086,0,0,0
124000087,0,0,0
124000088,0,6,-6
124000089,76,16,60
124000090,0,0,0
124000091,132,35,97
124000092,0,0,0
124000093,4,15,-11
124000094,0,0,0
124000095,53,8,45
124000096,0,0,0
124000097,46,1,45
124000098,0,0,0
124000099,21,1,20
124000100,0,0,0
124000101,6,21,-15
124000102,0,0,0
124000103,0,8,-8
124000104,0,0,0
124000105,25,17,8
124000106,0,0,0
124000107,0,5,-5
124000108,0,0,0
124000109,57,6,51
124000110,0,0,0
124000111,95,10,85
124000112,0,0,0
124000113,4,14,-10
124000114,0,0,0
124000115,0,0,0
124000116,29,58,-29
124000117,0,0,0
124000118,0,22,-22
124000119,0,0,0
124000120,75,3,72
124000121,68,45,23
124000122,8,1,7
124000123,171,28,143
124000124,9,4,5
124000125,113,2,111
124000126,2,5,-3
124000127,145,12,133
124000128,1,11,-10
124000129,140,72,68
124000130,15,4,11
124000131,41,42,-1
124000132,23,21,2
124000133,238,35,203
124000134,0,0,0
124000135,212,45,167
124000136,0,0,0
124000137,18,21,-3
124000138,0,0,0
124000139,40,6,34
124000140,0,0,0
124000141,5,0,5
124000142,0,0,0
124000143,4,0,4
124000144,0,0,0
124000145,6,0,6
124000146,0,0,0
124000148,0,0,0
124000149,41,48,-7
124000150,0,0,0
124000151,18,23,-5
124000152,0,0,0
124000153,122,34,88
124000154,0,0,0
124000155,164,22,142
124000156,0,0,0
124000169,3,33,-30
124000170,0,0,0
124000171,20,4,16
124000172,0,0,0
124000173,4,18,-14
124000174,0,0,0
124000175,0,0,0
124000176,77,34,43
124000177,0,0,0
124000178,27,12,15
124000185,16,0,16
124000186,0,0,0
124000187,0,0,0
124000188,0,0,0
124000190,0,54,-54
124000191,0,0,0
124000192,136,66,70
124000193,0,0,0
124000194,3,6,-3
124000195,61,28,33
124000196,0,0,0
124000197,0,0,0
124000198,15,11,4
124000201,0,0,0
124000202,128,6,122
124000203,0,0,0
124000204,140,5,135
124000205,35,1,34
124000206,329,0,329
124000207,0,0,0
124000209,29,7,22
124000210,28,1,27
124000211,311,1,310
124000212,0,0,0
124000213,0,0,0
124000214,147,1,146
124000215,139,20,119
124000216,0,0,0
124000329,0,0,0
124000338,0,0,0
124000339,147,0,147
124000341,217,0,217
124000344,13,0,13
124000357,663,138,525
124000358,768,270,498
124000359,255,97,158
124000360,114,75,39
124000361,531,86,445
124000362,0,0,0
124000363,0,0,0
124000364,0,0,0
124000365,3,65,-62
124000366,9,50,-41
124000367,0,0,0
124000368,25,81,-56
124000369,6,38,-32
124000370,0,0,0
124000402,0,0,0
124000403,19,4,15
124000404,0,0,0
124000405,189,26,163
124000406,0,8,-8
124000407,0,0,0
124000411,0,0,0
124000412,20,2,18
124000413,20,11,9
124000414,53,21,32
124000415,0,0,0
124000416,0,0,0
124000417,36,1,35
124000418,4,24,-20
124000419,0,0,0
124000420,41,12,29
124000421,0,0,0
124000422,0,0,0
124000423,0,0,0
124000424,0,0,0
124000425,0,0,0
124000426,0,0,0
124000427,0,0,0
124000428,0,0,0
124000429,5,0,5
124000430,0,0,0
124000431,0,0,0
124000432,0,2,-2
124000439,17,0,17
124000443,0,0,0
124000445,9,110,-101
124000446,0,0,0
124000447,0,2,-2
124000448,0,0,0
124000449,0,0,0
124000450,0,0,0
124000451,0,0,0
124000452,0,0,0
124000453,949,186,763
124000454,9,289,-280
124000455,0,0,0
124000456,184,1,183
124000457,0,0,0
124000458,0,0,0
124000459,31,1,30
124000460,0,0,0
124900001,0,0,0
124900002,0,0,0
124900003,0,0,0
124900004,0,0,0
124900005,0,0,0
124900006,0,0,0
124900008,0,0,0
124900009,0,0,0
124900010,0,0,0
124900011,0,0,0
124900012,0,0,0
124900013,0,0,0
124900014,0,0,0
124900015,0,0,0
124900016,0,0,0
124900017,0,0,0
124900018,0,0,0
124900020,0,0,0
124900021,0,0,0
124900022,0,0,0
124900024,0,0,0
124900026,0,0,0
124900027,0,0,0
124900028,0,0,0
124900030,0,0,0
124900031,0,0,0
124900033,0,0,0
124900035,0,0,0
124900036,0,0,0
124900037,0,0,0
124900038,0,0,0
124900039,0,0,0
124900040,0,0,0
124900041,0,0,0
124900042,0,0,0
124900043,0,0,0
124900044,0,0,0
124900045,0,0,0
124900047,0,0,0
124900050,0,0,0
124900052,0,0,0
124900053,0,0,0
124900054,0,0,0
124900055,0,0,0
124900057,0,0,0
124900060,0,0,0
124900061,0,0,0
124900062,0,0,0
124900066,0,0,0
124900067,0,0,0
124900068,0,0,0
124900070,0,0,0
124900072,0,0,0
124900075,0,0,0
124900076,0,0,0
124900077,0,0,0
124900078,0,0,0
124900080,0,0,0
124900081,0,0,0
124900082,0,0,0
124900083,0,0,0
124900085,0,0,0
124900086,0,0,0
124900087,0,0,0
124900088,0,0,0
124900089,0,0,0
124900090,0,0,0
124900091,0,0,0
124900092,0,0,0
124900093,0,0,0
124900094,0,0,0
124900095,0,0,0
124900096,0,0,0
124900097,0,0,0
124900098,0,0,0
124900099,0,0,0
124900100,0,0,0
124900101,0,0,0
124900102,0,0,0
124900103,0,0,0
124900104,0,0,0
124900105,0,0,0
124900106,0,0,0
124900107,0,0,0
124900108,0,0,0
124900111,0,0,0
124900112,0,0,0
124900113,0,0,0
124900114,0,0,0
124900115,0,0,0
124900116,0,0,0
124900117,0,0,0
124900118,0,0,0
124900119,0,0,0
124900120,0,0,0
124900121,0,0,0
124900122,0,0,0
124900123,0,0,0
124900124,0,0,0
124900125,0,0,0
124900126,0,0,0
204000001,28,5,23
204000002,2,1,1
204000003,3,15,-12
204000004,0,2,-2
204000005,319,182,137
204000006,1198,805,393
204000011,0,0,0
204000012,0,0,0
204000019,417,169,248
204000020,80,67,13
204000021,111,24,87
204000022,471,57,414
204000023,0,0,0
204000031,7,29,-22
204000032,218,21,197
204000034,0,0,0
204000035,0,0,0
204000036,0,0,0
204000037,0,0,0
204000038,0,0,0
204000039,0,0,0
204000040,0,0,0
204000041,0,0,0
204000042,0,0,0
204000043,9,0,9
204000044,9,0,9
204000045,1,0,1
204000046,0,1,-1
204000057,0,0,0
204000062,0,0,0
204000068,0,0,0
204000069,0,0,0
204000070,194,226,-32
204000080,0,0,0
204000085,0,0,0
204000086,0,0,0
204000087,0,0,0
204000088,0,0,0
204000090,0,0,0
204000093,285,1,284
204000096,421,120,301
204000097,68,0,68
204000099,467,420,47
204000100,523,252,271
204000105,0,0,0
204000110,0,0,0
204000111,0,0,0
204000112,0,0,0
204000113,0,0,0
204000114,111,140,-29
204000115,57,43,14
204000116,52,46,6
204000119,969,351,618
204000132,535,42,493
204000133,545,49,496
204000134,75,41,34
204000135,306,22,284
204000136,265,200,65
204000138,307,73,234
204000140,155,93,62
204000141,195,44,151
204000144,1,4,-3
204000145,20,1,19
204000146,0,0,0
204000147,0,0,0
204000148,161,3,158
204000154,1,1,0
204000155,0,0,0
204000177,104,34,70
204000179,0,0,0
204000180,0,0,0
204000222,0,0,0
204000235,0,0,0
204000236,1,12,-11
204000238,5,34,-29
204000240,7,0,7
204000263,0,0,0
204000268,487,126,361
204000308,167,17,150
204000317,0,0,0
204000322,0,0,0
204000323,7,39,-32
204000328,124,11,113
204000329,0,0,0
204000330,62,2,60
204000331,0,0,0
204000352,147,4,143
205000001,0,0,0
205000013,0,0,0
205000014,0,0,0
205000015,0,0,0
205000016,0,0,0
205000017,0,0,0
205000022,0,0,0
205000025,0,0,0
205000029,38,1,37
205000045,0,0,0
205000046,0,0,0
205000047,0,0,0
205000048,0,0,0
205000049,0,0,0
205000050,0,0,0
205000059,0,0,0
205000060,0,0,0
205000061,0,0,0
205000062,0,0,0
205000063,0,0,0
205000064,0,0,0
205000065,0,0,0
205000066,0,0,0
205000067,0,0,0
205000069,0,0,0
205000082,105,35,70
205000110,0,0,0
205000111,0,0,0
205000112,68,27,41
205000113,0,0,0
205000121,131,73,58
205000123,0,0,0
205000126,438,118,320
205000127,716,39,677
205000128,292,4,288
205000129,463,33,430
205000130,110,2,108
205000131,3,2,1
205000132,29,16,13
205000133,5,0,5
205000134,157,1,156
205000137,0,0,0
205000138,0,0,0
205000139,0,0,0
205000144,62,15,47
205000145,78,23,55
205000151,30,56,-26
205000152,76,13,63
205000153,115,29,86
205000154,49,77,-28
205000155,81,1,80
205000207,0,0,0
205000233,6,0,6
205000234,0,0,0
205000243,0,6,-6
205000244,0,0,0
205000245,0,0,0
205000249,0,0,0
205000250,5,3,2
205000264,0,0,0
206000027,14,5,9
206000028,2,8,-6
206000043,0,0,0
206000053,0,0,0
206000054,0,0,0
206000055,0,0,0
206000075,0,0,0
206000076,0,0,0
206000077,0,0,0
206000078,0,0,0
206000079,0,0,0
206000082,123,5,118
206000100,0,0,0
206000103,0,0,0
206000104,0,0,0
206000105,0,0,0
206000106,0,0,0
206000125,78,0,78
206000157,0,0,0
206000170,0,0,0
206000171,0,0,0
206000172,0,0,0
206000173,0,0,0
206000174,0,0,0
206000175,0,0,0
206000176,0,0,0
206000177,0,0,0
206000178,0,0,0
206000179,0,0,0
206000180,0,0,0
206000181,0,0,0
206000182,0,0,0
206000183,0,0,0
206000184,0,0,0
206000185,0,0,0
206000186,0,0,0
206000223,0,0,0
206000226,0,2,-2
206000227,3,0,3
206000237,0,0,0
206000238,0,0,0
206000239,0,0,0
206000240,0,0,0
206000241,0,0,0
206000242,0,0,0
206000243,0,0,0
206000244,0,0,0
206000245,83,1,82
206000246,29,0,29
206000247,26,0,26
206000248,60,0,60
206000252,0,0,0
206000258,0,0,0
206000315,0,0,0
206000317,49,3,46
206000318,29,2,27
206000319,64,5,59
206000320,25,2,23
206000321,8,0,8
206000322,38,1,37
206000323,42,1,41
206000324,20,0,20
206000325,14,0,14
206000326,43,18,25
206000327,2,4,-2
206000328,38,0,38
206000329,13,0,13
206000330,5,0,5
206000331,48,0,48
206000332,2,0,2
206000333,97,3,94
206000334,34,0,34
206000335,0,0,0
206000361,0,0,0
206000392,0,0,0
206000405,87,0,87
206000441,55,26,29
206000498,14,0,14
206000515,0,0,0
206000530,20,0,20
206000531,1,18,-17
206000532,49,1,48
206000535,0,0,0
206000536,0,0,0
206000537,0,0,0
206000613,42,7,35
206000784,131,37,94
207000001,0,0,0
207000002,0,0,0
207000003,0,0,0
207000007,203,54,149
207000008,0,0,0
207000009,0,0,0
207000010,0,5,-5
207000012,82,70,12
207000015,2,10,-8
207000019,95,21,74
207000021,187,38,149
207000022,95,8,87
207000023,124,4,120
207000024,0,12,-12
207000025,0,21,-21
207000026,0,0,0
207000027,0,0,0
207000028,0,0,0
207000029,0,0,0
207000033,121,121,0
207000034,49,12,37
207000039,93,41,52
207000040,235,7,228
207000041,1,4,-3
207000042,149,27,122
207000043,119,55,64
207000051,0,0,0
207000052,0,0,0
207000053,0,0,0
207000054,0,0,0
207000055,0,0,0
207000056,0,0,0
207000057,0,0,0
207000058,0,0,0
207000059,0,0,0
207000060,0,0,0
207000061,3,231,-228
207000062,153,52,101
207000063,114,172,-58
207000064,168,48,120
207000065,166,35,131
207000066,217,76,141
207000067,55,9,46
207000068,98,13,85
207000069,497,57,440
207000082,0,4,-4
207000083,1,0,1
207000084,52,24,28
207000085,0,0,0
207000086,0,0,0
207000106,11,7,4
207000107,31,2,29
207000108,21,0,21
207000109,40,2,38
207000110,49,8,41
207000111,141,4,137
207000112,46,31,15
207000114,0,0,0
207000115,0,0,0
207000116,0,0,0
207000117,0,0,0
207000118,0,0,0
207000119,0,0,0
207000123,115,2,113
207000124,66,1,65
207000125,16,3,13
207000126,45,2,43
207000134,0,0,0
207000135,0,0,0
207000148,192,40,152
207000149,0,0,0
207000152,0,0,0
207000153,0,0,0
207000154,153,13,140
207000159,0,0,0
207000160,0,0,0
207000238,0,0,0
207000242,0,0,0
207000248,0,0,0
207000249,0,0,0
207000250,0,0,0
207000251,0,0,0
207000252,0,0,0
207000278,13,34,-21
207000279,0,0,0
207000280,168,12,156
207000281,15,11,4
207000282,0,39,-39
207000283,0,4,-4
207000284,0,0,0
207000285,1,14,-13
207000291,0,0,0
207000304,7,26,-19
207000306,0,0,0
207000310,95,75,20
207000353,10,0,10
207000356,0,0,0
207000357,0,18,-18
207000358,0,5,-5
207000415,1,0,1
207000416,0,0,0
207000417,21,0,21
207000418,29,14,15
207000438,0,0,0
207000439,267,46,221
207000446,72,1,71
207000460,0,0,0
207000466,0,0,0
207000467,86,11,75
207000468,0,0,0
207000476,0,0,0
207000477,0,0,0
207000478,0,0,0
207000523,0,0,0
207000524,37,0,37
207000527,196,48,148
207000530,216,0,216
207000531,75,1,74
207000532,24,0,24
207000534,92,13,79
207000535,0,0,0
207000537,0,0,0
207000540,0,0,0
207000541,0,0,0
207000548,0,0,0
207000549,59,1,58
207000561,74,19,55
207000562,0,0,0
207000567,0,0,0
207000568,0,0,0
207000569,0,0,0
207000584,0,0,0
207000585,25,25,0
207000587,110,2,108
207000616,0,0,0
207000617,122,0,122
207000624,2,5,-3
207000631,5,12,-7
208000001,72,119,-47
208000002,58,70,-12
208000003,140,92,48
208000004,193,124,69
208000005,0,0,0
208000019,230,80,150
208000020,212,95,117
208000021,0,0,0
208000022,0,0,0
208000028,0,0,0
208000033,0,0,0
208000034,0,0,0
208000037,105,2,103
208000040,46,45,1
208000041,186,10,176
208000042,185,22,163
208000047,0,0,0
208000064,371,283,88
208000066,296,221,75
208000070,104,9,95
208000071,126,34,92
208000072,93,39,54
208000080,75,126,-51
208000081,84,20,64
208000082,0,0,0
208000083,0,0,0
208000084,17,5,12
208000085,0,0,0
208000086,0,0,0
208000087,0,0,0
208000089,0,0,0
208000090,0,0,0
208000093,0,0,0
208000094,0,0,0
208000095,0,0,0
208000104,590,60,530
208000105,369,104,265
208000114,120,108,12
208000115,159,65,94
208000116,133,214,-81
208000117,0,16,-16
208000118,4,2,2
208000155,0,0,0
208000158,0,0,0
208000186,272,287,-15
208000204,0,0,0
208000205,0,0,0
208000282,0,0,0
209000004,9,15,-6
209000005,40,0,40
209000006,155,7,148
209000007,0,0,0
209000010,0,0,0
209000011,0,0,0
209000012,0,0,0
209000013,0,0,0
209000014,0,0,0
209000025,135,23,112
209000026,164,16,148
209000027,0,0,0
209000028,0,0,0
209000029,0,0,0
209000030,0,0,0
209000031,0,0,0
209000034,0,0,0
209000035,0,0,0
209000036,0,0,0
209000037,0,0,0
209000038,0,0,0
209000039,0,0,0
209000040,0,0,0
209000041,0,0,0
209000042,0,0,0
209000043,0,0,0
209000044,0,0,0
209000045,241,6,235
209000046,116,14,102
209000047,183,12,171
209000048,238,18,220
209000049,0,0,0
209000050,0,0,0
209000051,0,0,0
209000052,0,0,0
209000062,0,0,0
209000063,0,0,0
209000064,0,0,0
209000065,5,0,5
209000066,5,3,2
209000067,24,4,20
209000080,0,0,0
209000082,0,0,0
209000091,0,0,0
209000093,0,0,0
209000094,0,0,0
209000110,20,48,-28
209000111,89,21,68
209000112,35,30,5
209000113,136,24,112
209000114,46,14,32
209000115,0,0,0
209000116,0,0,0
209000118,2,12,-10
209000119,0,0,0
209000121,0,0,0
209000135,16,15,1
209000142,84,9,75
209000143,0,0,0
209000144,0,0,0
209000229,61,2,59
209000240,0,0,0
209000259,0,0,0
209000260,0,0,0
209000261,0,0,0
209000262,0,0,0
209000263,0,0,0
209000264,0,0,0
209000265,24,0,24
209000266,2,0,2
209000267,196,0,196
209000268,280,1,279
210000037,32,0,32
210000047,30,0,30
210000048,26,0,26
210000049,1,0,1
210000052,0,0,0
210000053,0,0,0
210000054,0,0,0
210000070,44,0,44
210000071,47,0,47
210000072,24,0,24
210000073,0,0,0
210000074,0,0,0
210000075,0,0,0
210000076,0,0,0
210000077,0,0,0
210000078,0,0,0
210000079,4,0,4
210000080,59,10,49
210000081,5,17,-12
210000082,2,0,2
210000083,20,0,20
210000084,68,0,68
210000085,0,0,0
210000086,0,0,0
210000099,0,0,0
210000100,0,0,0
210000101,0,0,0
210000105,0,0,0
210000159,0,0,0
210000163,0,0,0
210000164,38,19,19
210000168,6,3,3
210000187,0,0,0
210000188,0,0,0
210000214,2,0,2
210000219,32,0,32
210000220,4,0,4
210000232,0,0,0
210000233,0,0,0
210000234,0,0,0
210000235,0,0,0
210000245,0,0,0
210000246,16,0,16
210000258,0,0,0
210000259,53,3,50
210000282,0,0,0
210000285,0,0,0
210000286,0,0,0
210000290,0,3,-3
210000295,0,0,0
210000296,0,0,0
210000320,91,1,90
210000321,2,0,2
210000338,0,0,0
210000339,0,0,0
210000340,0,0,0
210000341,0,0,0
210000342,0,0,0
210000343,0,0,0
210000344,0,0,0
210000345,0,0,0
210000346,0,0,0
210000347,0,0,0
210000348,0,0,0
210000349,0,0,0
210000350,0,0,0
210000351,0,0,0
210000352,14,0,14
210000353,87,1,86
210000354,5,19,-14
210000355,2,6,-4
210000356,0,23,-23
210000357,2,13,-11
210000358,24,4,20
210000359,7,4,3
210000360,83,23,60
210000361,58,37,21
210000362,34,12,22
210000363,150,29,121
210000364,21,38,-17
210000365,83,1,82
210000366,85,0,85
210000367,44,0,44
210000368,49,0,49
210000369,21,1,20
210000370,34,3,31
210000372,5,2,3
210000373,0,2,-2
210000374,65,3,62
210000375,26,2,24
210000376,57,14,43
210000404,0,0,0
210000439,22,0,22
210000472,9,0,9
210000482,20,3,17
210000564,67,30,37
210000567,0,0,0
210000568,19,0,19
211000092,0,0,0
211000094,0,0,0
211000169,0,0,0
211000172,0,0,0
211000209,0,0,0
211000226,0,0,0
211000270,0,0,0
211000275,0,0,0
211000276,0,0,0
211000279,0,0,0
211000281,0,0,0
211000302,0,0,0
211507980,0,0,0
211977296,0,0,0
212000003,42,16,26
212000004,0,0,0
212000005,0,0,0
212000006,0,0,0
212000008,0,0,0
212000009,0,0,0
212000012,0,0,0
212000013,0,0,0
212000014,0,0,0
212000015,0,0,0
212000016,0,0,0
212000027,335,26,309
212000028,239,82,157
212000029,120,130,-10
212000030,15,11,4
212000031,59,2,57
212000048,0,0,0
212000049,0,0,0
212000050,0,0,0
212000051,0,0,0
212000052,0,0,0
212000053,0,0,0
212000054,88,11,77
212000055,166,35,131
212000056,1,9,-8
212000057,0,0,0
212000058,15,2,13
212000070,0,0,0
212000077,0,0,0
212000099,155,11,144
212000108,79,12,67
212000111,58,3,55
212000120,0,0,0
212000138,0,0,0
212000156,0,0,0
212000158,0,10,-10
212000159,297,3,294
212000160,236,15,221
212000161,4,9,-5
212000310,0,0,0
212000311,0,6,-6
212000374,0,0,0
213000001,0,0,0
213000005,169,3,166
213000006,140,68,72
213000007,0,0,0
213000009,209,23,186
213000010,221,4,217
213000011,103,0,103
213000012,0,0,0
213000014,56,16,40
213000015,68,0,68
213000016,76,0,76
213000017,16,2,14
213000018,0,0,0
213000019,0,0,0
213000020,0,0,0
213000021,0,0,0
213000023,750,3,747
213000033,0,0,0
213000034,103,9,94
213000035,137,24,113
213000045,0,0,0
213000046,0,0,0
213000047,0,0,0
213000056,126,1,125
213000069,1,0,1
213000073,0,0,0
213000074,0,0,0
213000075,305,5,300
213000076,0,0,0
213000085,0,0,0
213000086,0,0,0
213000091,199,0,199
213000092,29,0,29
213000099,0,0,0
213000100,241,71,170
213000101,295,16,279
213000102,374,0,374
213000103,196,1,195
213000104,0,0,0
213000105,0,0,0
213000106,0,0,0
213000107,0,0,0
213000108,0,0,0
213000109,0,0,0
213000110,0,0,0
213000111,0,0,0
213000112,0,0,0
213000115,23,0,23
213000116,0,0,0
213000117,0,0,0
213000118,108,128,-20
213000119,0,0,0
213000120,0,0,0
213000122,0,0,0
213000123,0,0,0
213000124,0,0,0
213000125,53,60,-7
213000126,0,0,0
213000127,0,0,0
213000128,0,0,0
213000129,70,56,14
213000130,338,59,279
213000132,229,32,197
213000133,373,105,268
213000134,192,2,190
213000136,148,1,147
213000137,278,3,275
213000139,60,0,60
213000147,0,0,0
213000148,0,0,0
213000149,0,0,0
213000150,0,0,0
213000151,0,0,0
213000152,0,0,0
213000153,0,0,0
213000154,0,0,0
213000155,0,0,0
213000156,0,0,0
213000157,0,0,0
213000158,0,0,0
213000159,225,82,143
213000163,241,166,75
213000165,274,72,202
213000171,0,0,0
213000172,0,0,0
213000173,0,0,0
213000174,0,0,0
213000175,0,0,0
213000176,240,3,237
213000177,1,0,1
213000178,21,0,21
213000179,18,0,18
213000180,140,0,140
213000182,3,0,3
213000184,0,0,0
213000188,130,9,121
213000189,137,8,129
213000190,127,1,126
213000191,151,0,151
213000192,71,0,71
213000193,0,0,0
213000194,0,0,0
213000195,0,0,0
213000196,0,0,0
213000197,363,12,351
213000198,0,0,0
213000200,0,0,0
213000201,0,0,0
213000202,0,0,0
213000203,558,41,517
213000204,443,11,432
213000205,160,5,155
213000206,436,1,435
213000207,17,0,17
213000208,0,1,-1
213000209,4,0,4
213000210,38,0,38
213000211,0,0,0
213000212,0,0,0
213000213,0,0,0
213000218,13,350,-337
213000219,173,17,156
213000220,58,27,31
213000223,14,75,-61
213000224,0,2,-2
213000225,8,0,8
213000226,29,1,28
213000227,364,8,356
213000228,252,1,251
213000229,7,1,6
213000230,155,0,155
213000232,0,0,0
213000233,0,0,0
213000234,0,0,0
213000293,0,0,0
213000294,5,0,5
213000295,0,0,0
213000296,10,6,4
213000297,0,0,0
213000298,0,0,0
213000299,17,1,16
213000300,0,1,-1
213000303,0,0,0
213000304,0,0,0
213000305,0,20,-20
213000306,0,0,0
213000307,3,22,-19
213000308,0,0,0
213000309,46,0,46
213000310,81,35,46
213000311,0,0,0
213000315,0,0,0
213000316,17,1,16
213000322,0,0,0
213000323,0,0,0
213000340,0,0,0
213000341,199,6,193
213000346,0,19,-19
213000347,72,19,53
213000348,0,0,0
213000349,0,0,0
213000350,0,0,0
213000366,0,0,0
213000367,38,1,37
213000379,0,0,0
213000386,0,0,0
213000406,0,0,0
213000417,406,43,363
213000425,0,0,0
213000426,0,0,0
213000427,0,0,0
213000428,0,0,0
213000429,0,0,0
213000430,0,0,0
213000431,0,0,0
213000432,0,0,0
213000433,0,0,0
213000434,0,0,0
213000435,0,0,0
213000439,0,0,0
213000441,0,0,0
213000443,0,0,0
213000445,0,0,0
213000446,0,0,0
213000447,0,0,0
213000448,0,0,0
213000449,0,0,0
213000450,0,0,0
213000451,0,0,0
213000452,0,0,0
213000453,0,0,0
213000455,9,0,9
213000456,0,0,0
213000481,3,0,3
213000482,1,0,1
213000489,29,2,27
213000491,0,0,0
213000492,32,0,32
213000493,0,0,0
213000494,26,8,18
213000496,399,78,321
213000497,0,0,0
213000498,0,0,0
213000499,0,0,0
213000500,147,11,136
213000501,32,2,30
213000502,3,1,2
213000503,0,0,0
213000504,0,0,0
213000505,35,0,35
213000506,0,0,0
213000507,0,0,0
213900244,78,0,78
213900245,0,0,0
218000003,0,0,0
218000004,0,0,0
218000005,2,1,1
218000006,0,0,0
218000007,0,0,0
218000012,1,0,1
218000013,2,14,-12
218000014,49,44,5
218000019,0,0,0
218000020,0,0,0
218000040,0,1,-1
218000046,0,1,-1
218000047,0,6,-6
218000048,2,14,-12
218000049,8,16,-8
218000050,18,10,8
218000051,0,11,-11
218000052,0,12,-12
218000053,0,3,-3
218000054,0,22,-22
218000055,13,1,12
218000056,1,22,-21
218000057,0,1,-1
218000064,0,0,0
218000065,51,1,50
218000066,5,4,1
218000067,0,0,0
218000068,0,0,0
218000069,0,0,0
218000070,0,0,0
218000071,0,0,0
218000072,0,0,0
218000078,0,0,0
218000079,0,0,0
218000080,0,0,0
218000081,0,0,0
218000082,0,0,0
218000083,0,0,0
218000084,0,0,0
218000085,0,0,0
218000086,0,0,0
218000087,0,0,0
218000090,0,0,0
218000091,109,20,89
218000092,0,0,0
218000093,8,0,8
218000094,0,0,0
218000099,26,27,-1
218000100,9,3,6
218000101,20,4,16
218000102,121,40,81
218000103,9,0,9
218000104,17,0,17
218000105,0,0,0
218000106,0,0,0
218000107,0,0,0
218000108,0,0,0
218000112,0,0,0
218000117,14,2,12
218000134,0,0,0
218000135,0,0,0
218000136,0,0,0
218000137,0,0,0
218000138,0,0,0
218000139,0,0,0
218000140,0,0,0
218000141,0,0,0
218000142,0,0,0
218000143,0,0,0
218000144,0,0,0
218000145,0,0,0
218000146,0,0,0
218000151,0,0,0
218000152,39,0,39
218000170,0,1,-1
218000171,18,2,16
218000172,17,6,11
218000173,0,24,-24
218000174,15,1,14
218000176,81,3,78
218000177,165,6,159
218000178,73,2,71
218000179,256,1,255
218000180,4,0,4
218000181,87,0,87
218000187,0,0,0
218000188,0,0,0
218000189,0,0,0
218000190,0,0,0
218000191,0,0,0
218000192,0,0,0
218000193,0,0,0
218000194,0,0,0
218000195,0,0,0
218000196,0,0,0
218000197,0,0,0
218000198,0,0,0
218000199,0,0,0
218000200,0,0,0
218000201,0,0,0
218000202,0,0,0
218000207,0,0,0
218000208,0,0,0
218000211,0,0,0
218000213,15,9,6
218000214,0,17,-17
218000215,3,6,-3
218000217,0,0,0
218000218,4,60,-56
218000219,0,30,-30
218000220,19,11,8
218000221,120,51,69
218000222,1,5,-4
218000223,28,54,-26
218000224,13,90,-77
218000225,107,112,-5
218000226,103,4,99
218000232,0,0,0
218000239,17,0,17
218000240,0,0,0
218000241,0,0,0
218000242,0,0,0
218000243,0,0,0
218000244,0,0,0
218000245,2,0,2
218000246,0,0,0
218000247,1,0,1
218000248,0,0,0
218000249,0,0,0
218000250,0,0,0
218000251,0,0,0
218000252,0,0,0
218000253,0,0,0
218000254,0,0,0
218000255,0,0,0
218000256,0,0,0
218000267,0,0,0
218000268,0,0,0
218000269,0,0,0
218000270,0,0,0
218000271,0,0,0
218000273,16,9,7
218000274,22,1,21
218000275,0,0,0
218000276,0,0,0
218000278,0,0,0
218000279,0,0,0
218000280,0,0,0
218000281,0,0,0
218000282,25,2,23
218000284,86,18,68
218000301,0,0,0
218000302,0,0,0
218000303,0,0,0
218000316,1,13,-12
218000317,0,0,0
218000318,0,0,0
218000319,0,0,0
218000320,0,0,0
218000338,0,0,0
218000345,0,0,0
218000346,79,7,72
218000459,2,7,-5
218000490,0,0,0
218000501,18,0,18
218000502,0,0,0
218000503,0,0,0
218000504,32,0,32
218000505,0,0,0
218000506,0,0,0
218000508,0,0,0
218000510,17,1,16
218000520,0,0,0
218000521,0,0,0
218000522,0,0,0
218000523,3,0,3
218000524,0,0,0
218000525,33,0,33
218000526,0,0,0
218000529,0,0,0
218000531,41,0,41
218000532,0,0,0
218000534,14,2,12
218000537,11,3,8
218000538,0,0,0
218000540,0,0,0
218000543,0,0,0
218000544,0,0,0
218000545,0,0,0
218000546,0,0,0
218000547,0,0,0
218000548,0,0,0
218000549,125,1,124
218000550,0,0,0
218000551,0,0,0
218000552,67,1,66
218000553,0,0,0
218000554,0,0,0
218000555,16,0,16
218000556,0,0,0
218000557,28,4,24
218000558,18,0,18
218000559,0,0,0
218000560,0,0,0
218000561,1,0,1
218000562,0,0,0
218000563,42,0,42
218000564,0,0,0
218000565,5,0,5
218000566,1,0,1
218000567,0,0,0
218000568,0,0,0
218000569,0,0,0
218000570,0,1,-1
218000571,0,0,0
218000572,3,0,3
218000573,0,0,0
218000574,0,0,0
218000575,17,0,17
218000576,0,0,0
218000577,30,0,30
218000578,0,0,0
218000579,0,0,0
218000581,0,0,0
218000582,0,0,0
218000583,0,0,0
218000584,0,0,0
218000585,0,0,0
218000586,0,0,0
218000587,0,0,0
218000588,0,0,0
218000589,0,0,0
218000590,0,0,0
218000591,0,0,0
218000592,0,0,0
218000601,0,0,0
218000602,0,0,0
218000603,0,0,0
218000604,10,0,10
218000605,0,0,0
218000606,0,0,0
218000607,0,0,0
218000608,0,0,0
218000609,0,0,0
218000610,0,0,0
218000611,0,0,0
218000612,0,0,0
218000613,0,0,0
218000614,0,0,0
218000615,0,0,0
218000616,0,0,0
218000617,0,0,0
218000618,0,0,0
218000619,0,1,-1
218000620,0,0,0
218000621,0,0,0
218000622,0,0,0
218000623,0,0,0
218000624,0,0,0
218000625,0,0,0
218000626,0,0,0
218000628,83,2,81
218000631,1,0,1
218000632,0,0,0
218000633,0,0,0
218000634,0,0,0
218000635,0,0,0
218000636,0,0,0
218000637,0,0,0
218000638,118,36,82
218000639,0,0,0
218000640,68,3,65
218000641,0,0,0
218000652,14,1,13
218000653,142,9,133
218000663,0,0,0
218000675,0,1,-1
218000680,0,0,0
218000681,71,0,71
218000691,0,0,0
218000693,43,5,38
218000718,0,0,0
218000719,6,21,-15
218000720,0,0,0
218000721,0,0,0
218001147,0,0,0
218001214,0,0,0
218001258,44,0,44
218001329,30,4,26
218001330,0,0,0
218001351,0,2,-2
218001352,0,0,0
218001353,2,2,0
218001354,0,0,0
218001355,0,0,0
218001356,68,34,34
218001357,0,0,0
218001358,12,1,11
218001361,158,6,152
218001362,0,0,0
219000001,0,0,0
219000002,0,0,0
219000003,22,0,22
219000004,1,25,-24
219000017,0,0,0
219000020,68,5,63
219000022,53,0,53
219000023,40,0,40
219000029,0,0,0
219000034,1,0,1
219000039,0,0,0
219000040,0,0,0
219000041,0,0,0
219000051,0,0,0
219000052,0,0,0
219000053,0,0,0
219000055,0,0,0
219000056,0,0,0
219000057,0,0,0
219000062,0,0,0
219000063,0,0,0
219000064,0,0,0
219000110,14,8,6
219000111,19,23,-4
219000112,33,0,33
219000113,65,2,63
219000114,30,4,26
219000116,0,0,0
219000117,0,0,0
219000118,13,6,7
219000123,51,0,51
219000124,1,0,1
219000125,0,0,0
219000126,0,0,0
219000127,0,0,0
219000128,0,0,0
219000129,0,0,0
219000130,0,0,0
219000131,39,31,8
219000133,0,1,-1
219000134,1,9,-8
219000135,3,2,1
219000136,10,15,-5
219000138,1,0,1
219000139,0,0,0
219000140,0,0,0
219000141,0,0,0
219000142,0,0,0
219000143,0,0,0
219000145,2,0,2
219000146,0,0,0
219000147,0,0,0
219000148,0,0,0
219000149,0,0,0
219000150,0,0,0
219000151,0,0,0
219000157,3,2,1
219000158,0,2,-2
219000161,0,0,0
219000163,3,2,1
219000166,1,16,-15
219000167,0,0,0
219000168,37,3,34
219000174,48,2,46
219000175,0,0,0
219000176,0,0,0
219000177,0,0,0
219000178,0,0,0
219000179,0,0,0
219000180,0,0,0
219000182,11,0,11
219000183,42,0,42
219000184,33,0,33
219000185,0,0,0
219000186,10,0,10
219000187,0,0,0
219000189,0,0,0
219000190,0,0,0
219000191,0,0,0
219000192,68,25,43
219000193,0,0,0
219000195,0,0,0
219000196,0,0,0
219000198,0,0,0
219000199,0,0,0
219000200,0,0,0
219000201,0,0,0
219000203,0,0,0
219000204,0,0,0
219000205,0,0,0
219000207,0,0,0
219000209,0,0,0
219000210,0,0,0
219000213,0,0,0
219000239,0,0,0
219000240,0,0,0
219000241,0,0,0
219000242,0,0,0
219000243,0,0,0
219000244,0,0,0
219000245,0,0,0
219000246,17,0,17
219000247,34,0,34
219000248,57,29,28
219000249,37,14,23
219000250,13,10,3
219000251,56,54,2
219000252,47,56,-9
219000253,49,13,36
219000255,5,14,-9
219000256,14,2,12
219000257,59,0,59
219000262,0,0,0
219000263,0,0,0
219000267,0,0,0
219000268,0,0,0
219000269,0,0,0
219000270,0,0,0
219000271,0,0,0
219000278,0,0,0
219000279,0,0,0
219000283,0,0,0
219000295,0,0,0
219000296,0,0,0
219000297,0,0,0
219000298,0,0,0
219000299,64,0,64
219000300,0,0,0
219000301,0,0,0
219000302,0,0,0
219000307,0,0,0
219000308,0,0,0
219000311,52,0,52
219000312,61,5,56
219000313,101,1,100
219000314,0,0,0
219000315,146,2,144
219000316,90,0,90
219000317,12,2,10
219000320,0,0,0
219000321,0,0,0
219000323,0,0,0
219000325,0,0,0
219000326,0,0,0
219000327,0,0,0
219000328,0,0,0
219000329,0,0,0
219000330,0,0,0
219000331,0,0,0
219000332,13,1,12
219000333,0,0,0
219000335,0,0,0
219000337,0,0,0
219000338,2,0,2
219000344,0,0,0
219000345,0,0,0
219000346,0,0,0
219000348,0,0,0
219000349,0,0,0
219000350,0,0,0
219000351,0,0,0
219000352,2,11,-9
219000353,6,3,3
219000354,6,1,5
219000355,17,18,-1
219000356,6,17,-11
219000363,63,2,61
219000364,63,1,62
219000365,22,0,22
219000366,70,2,68
219000368,23,12,11
219000370,5,24,-19
219000371,0,0,0
219000382,0,0,0
219000383,0,0,0
219000385,0,0,0
219000386,0,0,0
219000387,0,0,0
219000390,0,0,0
219000391,0,0,0
219000397,0,0,0
219000398,0,0,0
219000401,0,0,0
219000402,0,0,0
219000403,0,0,0
219000404,0,0,0
219000407,0,0,0
219000409,2,5,-3
219000410,18,0,18
219000411,25,0,25
219000446,0,0,0
219000447,0,0,0
219000448,19,0,19
219000452,0,0,0
219000453,0,0,0
219000454,20,28,-8
219000556,25,4,21
219000558,0,0,0
219000590,0,0,0
219000591,25,4,21
219000592,0,0,0
219000595,0,0,0
219000635,24,4,20
219000636,0,0,0
219000657,0,0,0
219000658,0,0,0
219000673,0,0,0
219000676,0,0,0
219000679,2,0,2
219000684,0,0,0
219000685,0,0,0
219000686,0,0,0
219000688,0,0,0
219000689,0,0,0
219000690,107,2,105
219000691,0,0,0
219000692,48,0,48
219000693,0,0,0
219000694,0,0,0
219000695,0,0,0
219000698,3,0,3
219000699,0,0,0
219000727,0,0,0
219000728,0,0,0
219000770,1,0,1
219000771,0,0,0
219000788,0,0,0
219001150,0,0,0
219001151,0,0,0
219001166,4,1,3
219001167,0,0,0
219001178,40,0,40
220000001,0,4,-4
220000002,0,0,0
220000003,0,0,0
220000004,0,0,0
220000005,0,0,0
220000006,0,0,0
220000007,0,0,0
220000008,0,0,0
220000009,0,0,0
220000010,0,1,-1
220000011,3,5,-2
220000012,0,0,0
220000014,0,0,0
220000015,0,0,0
220000017,0,0,0
220000018,0,0,0
220000019,0,0,0
220000020,4,3,1
220000021,0,0,0
220000022,0,0,0
220000023,0,0,0
220000024,0,3,-3
220000025,2,10,-8
220000026,0,19,-19
220000027,0,1,-1
220000028,0,16,-16
220000029,0,0,0
220000030,0,0,0
220000031,20,25,-5
220000064,0,0,0
221000046,4,0,4
221000047,0,0,0
221000048,0,0,0
221000049,0,0,0
221000050,19,0,19
221000055,13,0,13
221000057,35,2,33
221000068,157,7,150
221000069,131,10,121
221000070,100,8,92
221000071,78,0,78
221000072,100,0,100
221000073,54,1,53
221000074,0,0,0
221000075,0,0,0
221000076,0,0,0
221000077,0,0,0
221000081,5,1,4
221000082,32,1,31
221000083,17,0,17
221000084,17,0,17
221000085,0,0,0
221000086,0,0,0
221000087,0,0,0
221000088,0,0,0
221000089,0,0,0
221000090,0,0,0
221000098,86,4,82
221000099,66,2,64
221000100,71,0,71
221000101,103,0,103
221000102,77,1,76
221000109,0,0,0
221000110,0,0,0
221000111,0,0,0
221000112,0,0,0
221000113,0,0,0
221000114,0,0,0
221000120,0,0,0
221000121,1,20,-19
221000122,0,2,-2
221000123,0,0,0
221000124,0,0,0
221000155,17,3,14
221000156,4,0,4
221000175,0,0,0
221000176,0,0,0
221000182,1,0,1
221000241,319,10,309
221000242,0,0,0
221000243,209,8,201
221000244,0,0,0
221000245,60,7,53
221000246,0,0,0
221000247,167,16,151
221000248,0,0,0
221000267,0,0,0
221000325,0,0,0
221000331,0,0,0
221000338,0,1,-1
221000378,100,13,87
221000381,0,0,0
222000282,0,0,0
222000296,0,0,0
222000568,71,1,70
222000569,25,2,23
222000570,17,0,17
222000571,204,0,204
222000577,0,0,0
222000578,0,0,0
222000579,0,0,0
222000580,0,0,0
222000599,0,0,0
222000600,0,0,0
222000601,0,0,0
222000603,0,0,0
222000604,0,0,0
222000605,0,0,0
222000606,0,0,0
222000607,0,0,0
222000608,0,0,0
222000609,0,0,0
222000616,60,0,60
222000617,0,1,-1
222000618,0,0,0
222000620,1,0,1
222000621,27,0,27
222000623,134,0,134
222000624,106,0,106
222000625,173,0,173
222000636,1,0,1
222000686,13,0,13
222000687,1,0,1
222001066,120,0,120
222001067,13,0,13
222001068,6,0,6
222001069,1,0,1
222001082,0,0,0
222001083,0,0,0
222001084,0,0,0
222001085,0,0,0
222001111,0,0,0
222001112,54,0,54
222001313,0,0,0
222001314,0,0,0
222001464,10,2,8
222001465,0,0,0
222001484,14,0,14
222001485,0,0,0
222001494,60,2,58
222001495,0,0,0
222001496,68,5,63
222001497,0,0,0
222001502,0,0,0
222001503,12,1,11
222001504,0,0,0
222001505,111,0,111
222001506,0,0,0
222001507,60,1,59
222001510,77,1,76
222001511,0,0,0
222001514,98,4,94
222001515,0,0,0
222001518,75,10,65
222001519,0,0,0
222001527,5,0,5
222001528,0,0,0
222001529,126,8,118
222001530,0,0,0
222001533,0,0,0
222001534,227,1,226
222001535,6,9,-3
222001536,0,0,0
222001537,12,0,12
222001538,0,0,0
222001563,228,0,228
222001564,0,0,0
222001568,15,0,15
222001576,0,0,0
222001579,0,0,0
222001583,0,0,0
222001584,6,0,6
222001596,0,0,0
222001597,98,25,73
222001626,0,0,0
222001650,0,8,-8
222001651,2,0,2
222001914,37,8,29
222001915,0,0,0
222001968,22,2,20
222001969,0,0,0
222001970,0,0,0
222001971,3,0,3
222001972,0,0,0
225000001,83,42,41
225000002,94,20,74
225000003,109,3,106
225000004,94,30,64
225000005,30,16,14
225000006,0,0,0
225000007,0,0,0
225000010,7,0,7
225000011,57,217,-160
225000012,35,70,-35
225000013,66,11,55
225000014,34,3,31
225000015,0,0,0
225000021,136,20,116
225000027,0,0,0
225000032,139,18,121
225000042,0,0,0
225000049,0,0,0
225000050,14,0,14
225000053,0,0,0
225000058,146,23,123
225000067,0,0,0
225000068,0,0,0
225000069,0,0,0
225000070,0,0,0
225000071,0,0,0
225000075,0,0,0
225000076,0,0,0
225000078,1,25,-24
225000085,2,2,0
225000086,12,0,12
225000087,112,2,110
225000088,0,0,0
225000089,0,0,0
225000090,0,0,0
225000091,0,0,0
225000092,0,0,0
225000093,0,0,0
225000094,0,0,0
225000095,0,0,0
225000096,0,0,0
225000098,121,53,68
225000099,151,18,133
225000100,35,46,-11
225000104,0,0,0
225000110,0,0,0
225000111,0,0,0
225000112,0,0,0
225000113,0,0,0
225000114,0,0,0
225000115,0,0,0
225000116,61,52,9
225000117,151,72,79
225000118,273,21,252
225000119,25,2,23
225000120,158,5,153
225000121,57,2,55
225000123,479,9,470
225000125,55,23,32
225000126,161,36,125
225000127,164,40,124
225000128,241,79,162
225000132,0,0,0
225000133,0,0,0
225000134,69,39,30
225000135,21,0,21
225000136,14,0,14
225000137,12,0,12
225000138,134,0,134
225000143,0,0,0
225000144,0,0,0
225000145,31,9,22
225000146,0,0,0
225000147,0,0,0
225000148,0,0,0
225000149,0,0,0
225000151,0,0,0
225000155,0,0,0
225000156,0,0,0
225000157,0,0,0
225000158,0,0,0
225000171,0,0,0
225000180,7,0,7
225000181,0,0,0
225000182,11,5,6
225000185,0,0,0
225000187,0,0,0
225000191,40,0,40
225000194,0,0,0
225000208,0,0,0
225000209,53,23,30
225000210,0,0,0
225000217,0,0,0
225000218,7,0,7
225000223,0,0,0
225000224,0,0,0
225000225,0,0,0
225000226,394,21,373
225000227,0,0,0
225000228,3,1,2
225000229,0,0,0
225000230,3,0,3
225000231,0,0,0
225000232,51,0,51
225000241,110,2,108
225000242,0,0,0
225000249,14,0,14
225000250,0,0,0
225000251,0,0,0
226000042,0,0,0
226000043,0,0,0
226000044,0,0,0
226000045,0,0,0
226000046,204,2,202
226000047,69,10,59
226000048,95,3,92
226000049,40,5,35
226000070,0,0,0
226000071,0,0,0
226000072,0,0,0
226000073,0,0,0
226000074,0,0,0
226000084,0,0,0
226000085,0,0,0
226000086,0,0,0
226000087,0,0,0
226000088,0,0,0
226000090,0,1,-1
226000091,1,3,-2
226000092,0,0,0
226000093,0,0,0
226000094,2,4,-2
226000095,0,27,-27
226000105,12,0,12
226000106,2,0,2
226000107,0,0,0
226000108,0,0,0
226000109,10,0,10
226000124,22,14,8
226000134,53,61,-8
226000135,94,30,64
226000136,6,24,-18
226000137,0,0,0
226000138,0,0,0
226000139,0,0,0
226000156,40,3,37
226000157,70,0,70
226000163,0,0,0
226000202,0,0,0
226000231,193,0,193
226000232,2,0,2
227000037,74,0,74
227000038,18,0,18
227000049,0,0,0
227000050,0,0,0
227000055,8,0,8
227000056,2,0,2
227000084,0,0,0
227000085,0,0,0
227000088,0,0,0
227000089,1,0,1
227000090,0,0,0
227000091,24,0,24
227000093,5,0,5
227000094,0,0,0
227000130,0,0,0
227000131,0,0,0
227000132,0,0,0
227000133,0,0,0
227000134,0,0,0
227000152,0,0,0
227000153,0,0,0
227000155,0,0,0
227000156,0,0,0
227000165,0,0,0
227000196,0,0,0
227000199,137,4,133
227000230,0,0,0
227000232,30,8,22
227000241,141,0,141
227000242,0,0,0
227000243,55,3,52
227000244,53,2,51
227000245,0,0,0
227000246,0,0,0
227000247,124,4,120
227000248,13,8,5
227000249,0,0,0
227000251,0,0,0
227000252,0,0,0
227000253,78,2,76
227000262,169,2,167
227000266,77,0,77
227000267,0,0,0
227000486,10,28,-18
227000655,75,1,74
227000661,62,3,59
227000680,0,0,0
229000265,2,0,2
229000296,0,0,0
229000297,0,0,0
229000298,0,0,0
229000320,0,0,0
229000321,0,0,0
229000412,0,0,0
229000414,0,0,0
229000415,0,0,0
229000416,0,0,0
229000417,0,0,0
229000419,0,0,0
229000440,79,0,79
229000442,0,0,0
229000443,0,0,0
229000444,0,0,0
229000445,0,0,0
229000446,19,0,19
229000847,0,0,0
229000848,0,0,0
229000849,0,0,0
229000851,0,0,0
229000854,0,0,0
229000856,0,0,0
229000857,0,0,0
229000858,0,0,0
229000919,0,0,0
229000930,0,0,0
229000937,42,0,42
229000966,15,0,15
229000981,0,0,0
229000985,0,0,0
229000986,0,0,0
229000987,0,0,0
229000988,0,0,0
229000989,0,0,0
229000990,0,0,0
229000991,0,0,0
229000992,0,0,0
229000993,6,0,6
229000998,0,0,0
229000999,13,0,13
229001034,0,0,0
229001035,0,0,0
229001037,0,0,0
229001042,0,0,0
229001047,0,0,0
229001050,17,0,17
229001200,0,0,0
229001338,0,0,0
229001394,128,0,128
229001422,70,1,69
229001423,0,0,0
229001431,46,1,45
229001432,0,0,0
229001444,15,1,14
229001445,0,0,0
229001503,42,4,38
229001504,0,0,0
229001505,109,0,109
229001506,0,0,0
229001509,4,0,4
229001545,30,1,29
229001546,0,0,0
229001553,29,0,29
229001554,0,0,0
229001559,0,0,0
229001560,0,1,-1
229001630,1,0,1
229001631,0,0,0
229001635,0,0,0
229001636,0,0,0
229001658,0,0,0
229001659,3,0,3
229001660,0,0,0
229001661,0,2,-2
229001662,1,0,1
229001663,0,0,0
229002584,38,1,37
229002831,0,0,0
229002841,0,0,0
229002842,0,0,0
229002843,2,0,2
229002844,0,0,0
229002845,0,1,-1
229002846,1,1,0
229002847,0,0,0
229002848,0,1,-1
229002849,0,1,-1
229002850,0,0,0
229002851,0,12,-12
229002852,2,0,2
229002853,9,0,9
229002854,0,2,-2
229002855,0,0,0
229002856,1,1,0
229002857,0,0,0
229002858,0,0,0
229002859,0,0,0
229002860,1,0,1
229002861,1,1,0
229002862,1,0,1
229002863,0,0,0
229002864,4,0,4
229002865,0,0,0
229002866,1,1,0
229002867,0,0,0
229002868,6,0,6
229002869,0,0,0
229002870,1,0,1
235000066,144,0,144
235000067,22,1,21
235000072,0,0,0
235000073,0,0,0
235000074,0,0,0
235000080,0,0,0
235000081,0,0,0
235000082,63,1,62
235000083,68,2,66
235000084,2,0,2
235000085,80,0,80
235000089,5,1,4
235000092,0,0,0
235000093,0,0,0
235000097,0,1,-1
235000098,33,0,33
235000099,5,0,5
235000116,18,0,18
235000117,57,0,57
235000133,0,0,0
235000134,0,0,0
235000206,0,7,-7
235000207,0,1,-1
235000208,0,0,0
235000209,0,0,0
235000210,0,0,0
235000212,0,0,0
235000213,0,0,0
235000220,0,0,0
235000221,0,0,0
235000238,1,129,-128
235000239,0,2,-2
235000242,6,254,-248
235000245,0,0,0
235000246,0,0,0
235000284,0,0,0
235000295,1,0,1
235000305,31,0,31
235000306,62,0,62
235000307,12,0,12
235000308,0,0,0
235000309,1,0,1
235000310,0,0,0
235000311,0,0,0
235000322,0,0,0
235000323,0,0,0
235000324,0,0,0
235000325,0,0,0
235000326,0,0,0
235000351,0,0,0
235000352,0,0,0
235000353,0,0,0
235000354,0,0,0
235000355,0,0,0
235000356,0,0,0
235000357,2,0,2
235000358,0,0,0
235000359,1,0,1
235000360,3,1,2
235000361,5,0,5
235000381,0,0,0
235000382,71,0,71
235000390,3,0,3
235000391,67,0,67
235000392,109,14,95
235000393,71,31,40
235000395,51,4,47
235000396,245,18,227
235000400,4,11,-7
235000401,0,0,0
235000405,0,0,0
235000406,0,0,0
235000407,0,0,0
235000409,0,0,0
235000410,0,0,0
235000411,0,0,0
235000485,0,0,0
235000486,0,0,0
235000549,9,19,-10
235000550,0,0,0
235000599,0,0,0
235000600,0,0,0
235000601,1,0,1
235000602,18,0,18
235000614,0,0,0
235000648,0,0,0
235000649,61,0,61
235000685,0,0,0
235000815,0,0,0
235000834,0,0,0
235000855,43,3,40
235000862,0,0,0
235000891,0,0,0
235000892,1,0,1
235000901,0,0,0
235000907,0,0,0
235001010,26,0,26
235001029,0,0,0
235001030,165,3,162
235001078,52,18,34
235001079,0,0,0
235001147,0,1,-1
235001166,1,1,0
235001167,0,0,0
235001169,0,0,0
235001188,0,0,0
235001189,8,0,8
235001197,0,0,0
235001200,0,0,0
235001207,106,9,97
235001210,0,0,0
235001215,0,0,0
235001239,0,0,0
235001244,0,0,0
235016267,0,0,0
277102712,1,0,1
277103813,1,0,1
277104249,0,0,0
277104250,0,0,0
277104251,0,0,0
277104252,0,0,0
990011530,0,0,0
990014944,0,1,-1
990015176,6,0,6
990016032,0,0,0
990032570,0,0,0
990070001,21,1,20
990070103,0,0,0
990070601,0,0,0
990070751,0,0,0
990070766,0,0,0
990071180,274,0,274
990071343,0,0,0
990071387,0,0,0
990071823,2,0,2
990072600,0,0,0
990072964,0,0,0
990073285,0,0,0
990074393,0,0,0
990074870,348,1,347
990075106,105,0,105
990075746,123,1,122
990076437,1086,10,1076
990076458,0,0,0
997000007,136,0,136
997000041,0,0,0
997000058,33,3,30
997000062,8,1,7
997000069,0,0,0
997000070,0,0,0
997000100,0,0,0
997000141,0,0,0
997000198,0,0,0
998000475,0,0,0
998000736,0,0,0
998000965,0,0,0
998001031,0,0,0
998001700,0,0,0
998001899,0,0,0
998001900,11,53,-42
998003073,308,21,287
998101900,0,16,-16
998102850,0,0,0
998501927,95,0,95
998501929,321,14,307
998501930,63,0,63
998501931,123,2,121
998501932,21,27,-6
998501933,284,3,281
998501937,9,0,9
998501944,1,0,1
998501950,0,0,0
998501970,37,4,33
998501971,0,23,-23
998501973,0,0,0
998501974,0,0,0
998501975,79,0,79
998501976,21,8,13
998501977,0,2,-2
998501978,0,0,0
998501979,0,0,0
998501980,12,0,12
998501981,138,11,127
998501982,0,0,0
998501983,0,0,0
998502006,0,0,0
998502032,0,1,-1
998502062,44,18,26
998502063,0,0,0
998502173,3,0,3
998502269,0,0,0
998502546,0,0,0
998502578,0,0,0
998502599,0,0,0
998502621,0,0,0
998601159,0,0,0
998601292,0,0,0
999033574,0,0,0
999800001,15,1,14
999800002,0,0,0
999800003,5,1,4
999800004,0,0,0
999800005,0,0,0
