ID,insum,outsum,diff
100000001,0,0,0
100000002,1198,2076,-878
100000003,874,1840,-966
100000004,32,539,-507
100000005,787,1209,-422
100000006,4,26,-22
100000007,95,90,5
100000008,0,0,0
100000009,0,37,-37
100000010,0,30,-30
100000011,5,29,-24
100000012,0,0,0
100000013,0,0,0
100000014,0,0,0
100000015,138,176,-38
100000016,0,0,0
100000017,0,0,0
100000018,62,31,31
100000019,73,283,-210
100000020,50,273,-223
100000021,2,0,2
100000022,57,123,-66
100000023,8,0,8
100000025,1,45,-44
100000028,0,1,-1
100000029,0,0,0
100000030,0,0,0
100000031,95,377,-282
100000032,73,164,-91
100000033,87,104,-17
100000034,0,0,0
100000035,5,63,-58
100000036,42,58,-16
100000037,24,31,-7
100000038,238,65,173
100000039,57,3,54
100000040,2,3,-1
100000041,46,18,28
100000042,112,41,71
100000043,16,28,-12
100000044,0,0,0
100000045,0,0,0
100000046,0,0,0
100000047,0,0,0
100000048,0,0,0
100000049,0,0,0
100000051,0,0,0
100000053,0,1,-1
100000054,9,4,5
100000055,0,0,0
100000056,8,42,-34
100000057,56,29,27
100000058,0,0,0
100000059,3,0,3
100000060,100,44,56
100000061,86,34,52
100000062,66,34,32
100000063,72,45,27
100000064,123,13,110
100000065,7,1,6
100000066,12,1,11
100000067,0,4,-4
100000068,1,5,-4
100000069,10,14,-4
100000072,0,0,0
100000073,0,0,0
100000075,0,0,0
100000076,141,800,-659
100000077,22,57,-35
100000078,8,192,-184
100000079,0,115,-115
100000080,0,50,-50
100000081,0,47,-47
100000102,310,1105,-795
100000103,70,77,-7
100000104,70,75,-5
100000105,0,0,0
100000106,142,1391,-1249
100000107,15,321,-306
100000108,1,10,-9
100000109,45,30,15
100000116,40,120,-80
100000117,0,67,-67
100000118,354,22,332
100000119,89,26,63
100000121,28,3,25
100000122,79,86,-7
100000123,132,57,75
100000124,31,58,-27
100000125,14,51,-37
100000126,4,14,-10
100000127,0,5,-5
100000128,0,2,-2
100000129,35,16,19
100000130,0,0,0
100000131,0,1,-1
100000132,6,129,-123
100000133,86,48,38
100000135,87,47,40
100000139,100,132,-32
100000140,0,0,0
100000142,122,21,101
100000143,0,0,0
100000144,0,0,0
100000147,253,785,-532
100000150,2,12,-10
100000151,81,463,-382
100000153,0,0,0
100000154,0,0,0
100000155,0,34,-34
100000156,4,106,-102
100000157,344,64,280
100000158,12,52,-40
100000159,2,72,-70
100000165,56,8,48
100000169,0,0,0
100000174,0,0,0
100000179,16,4,12
100000180,0,0,0
100000181,4,6,-2
100000188,0,0,0
100000189,109,24,85
100000190,27,148,-121
100000191,5,193,-188
100000192,1,199,-198
100000193,49,51,-2
100000330,0,0,0
100000355,8,1,7
100000362,58,34,24
100000363,1766,2621,-855
100000364,0,0,0
100000365,2259,873,1386
100000366,266,172,94
100000367,1965,1509,456
100000368,0,0,0
100000369,30,690,-660
100000370,1,35,-34
100000376,1,0,1
100000379,120,538,-418
100000380,767,1592,-825
100000384,1126,1944,-818
100000385,74,765,-691
100000386,281,1171,-890
100000387,238,1108,-870
100000388,786,848,-62
100000389,915,1963,-1048
100000390,224,239,-15
100000391,195,1672,-1477
100000392,67,139,-72
100000393,58,597,-539
100000394,58,203,-145
100000395,45,148,-103
100000396,187,208,-21
100000397,275,527,-252
100000398,1752,394,1358
100000413,0,0,0
100000414,4,42,-38
100900002,0,0,0
100900003,0,0,0
100900004,0,0,0
100900005,0,0,0
100900006,0,0,0
100900007,0,0,0
100900008,0,0,0
100900009,0,0,0
100900010,0,0,0
100900011,0,0,0
100900012,0,0,0
100900013,0,0,0
100900014,0,0,0
100900015,0,0,0
100900016,0,0,0
100900017,0,0,0
100900018,0,0,0
100900019,0,0,0
100900020,0,0,0
100900021,0,0,0
100900022,0,0,0
100900023,0,0,0
100900024,0,0,0
100900025,0,0,0
100900026,0,0,0
100900027,0,0,0
100900028,0,0,0
100900029,0,0,0
100900030,0,0,0
100900031,0,0,0
100900032,0,0,0
100900033,0,0,0
100900034,0,0,0
100900035,0,0,0
100900036,0,0,0
100900037,0,0,0
100900038,0,0,0
100900039,0,0,0
100900040,0,0,0
100900041,0,0,0
100900042,11,2,9
100900043,0,0,0
100900044,0,0,0
100900045,0,0,0
100900046,0,0,0
100900047,0,0,0
100900048,0,0,0
100900049,0,0,0
100900050,0,0,0
100900051,0,0,0
100900052,0,0,0
100900053,0,0,0
100900054,0,0,0
100900055,0,0,0
100900056,0,0,0
100900057,0,0,0
100900058,0,0,0
100900059,0,0,0
100900060,0,0,0
100900061,0,0,0
100900062,0,0,0
100900063,0,0,0
100900064,0,0,0
100900065,0,0,0
100900066,0,0,0
100900067,0,0,0
100900068,0,0,0
100900069,0,0,0
100900070,0,0,0
100900071,0,0,0
100900072,0,0,0
100900073,0,0,0
100900074,0,0,0
100900075,0,0,0
100900076,0,0,0
100900077,0,0,0
100900078,0,0,0
100900079,0,0,0
100900080,0,0,0
100900081,0,0,0
100900082,0,0,0
100900083,0,0,0
100900085,0,0,0
100900086,0,0,0
100900088,0,0,0
100900089,0,0,0
100900090,0,0,0
100900091,0,0,0
100900092,0,0,0
100900093,0,0,0
100900094,0,0,0
100900095,0,0,0
100900096,0,0,0
100900097,0,0,0
100900098,0,0,0
100900099,0,0,0
100900100,0,0,0
100900101,0,0,0
100900102,0,0,0
100900103,0,0,0
100900104,0,0,0
100900105,0,0,0
100900106,0,0,0
100900107,0,0,0
100900108,0,0,0
100900109,0,0,0
100900110,0,0,0
100900111,0,0,0
100900112,0,0,0
100900113,0,0,0
100900114,0,0,0
100900115,0,0,0
100900116,0,0,0
100900117,0,0,0
100900118,0,0,0
100900119,0,0,0
100900120,0,0,0
100900121,0,0,0
100900122,0,0,0
100900123,0,0,0
100900124,0,0,0
100900125,0,0,0
100900126,0,0,0
100900127,0,0,0
100900128,0,0,0
100900129,0,0,0
100900131,0,0,0
100900133,0,0,0
100900134,0,0,0
100900135,0,0,0
100900137,0,0,0
100900138,0,0,0
100900139,0,0,0
100900140,0,0,0
100900141,0,0,0
100900142,0,0,0
100900143,0,0,0
100900144,0,0,0
100900145,0,0,0
100900146,0,0,0
100900147,0,0,0
100900148,0,0,0
100900149,0,0,0
100900150,0,0,0
100900151,0,0,0
100900152,0,0,0
100900153,0,0,0
100900154,0,0,0
100900155,0,0,0
100900156,0,0,0
100900157,0,0,0
100900159,0,0,0
100900160,0,0,0
100900161,0,0,0
100900162,0,0,0
100900163,0,0,0
100900164,0,0,0
100900165,0,0,0
100900166,0,0,0
100900167,0,0,0
100900168,0,0,0
100900169,0,0,0
100900170,0,0,0
100900171,0,0,0
100900172,0,0,0
100900173,0,0,0
100900174,0,0,0
100900176,0,0,0
100900177,0,0,0
100900178,0,0,0
100900179,0,0,0
100900180,0,0,0
100900181,0,0,0
100900182,0,0,0
100900184,0,0,0
100900186,0,0,0
100900187,0,0,0
100900188,0,0,0
100900189,0,0,0
100900191,0,0,0
100900192,0,0,0
100900195,0,0,0
100900197,0,0,0
100900198,0,0,0
100900199,0,0,0
100900200,0,0,0
100900201,0,0,0
100900202,0,0,0
100900203,0,0,0
100900204,0,0,0
100900205,0,0,0
100900206,0,0,0
100900207,0,0,0
100900210,0,0,0
100900211,0,0,0
100900213,0,0,0
100900214,0,0,0
100900215,0,0,0
100900217,0,0,0
101000001,66,271,-205
101000002,15,63,-48
101000003,0,154,-154
101000004,738,1235,-497
101000005,466,904,-438
101000006,252,104,148
101000007,32,293,-261
101000009,146,25,121
101000010,20,33,-13
101000011,8,45,-37
101000012,0,0,0
101000013,30,104,-74
101000014,2,57,-55
101000015,9,6,3
101000016,0,0,0
101000017,0,0,0
101000018,75,33,42
101000020,60,28,32
101000021,15,72,-57
101000023,14,132,-118
101000025,0,0,0
101000026,0,0,0
101000027,63,137,-74
101000028,0,0,0
101000029,0,0,0
101000030,0,0,0
101000031,3,16,-13
101000032,301,841,-540
101000033,5,14,-9
101000034,101,55,46
101000035,0,0,0
101000036,14,30,-16
101000037,14,251,-237
101000039,0,0,0
101000040,7,109,-102
101000041,592,1592,-1000
101000042,14,232,-218
101000043,11,96,-85
101000045,33,168,-135
101000046,209,370,-161
101000047,237,229,8
101000048,32,90,-58
101000049,0,0,0
101000050,64,144,-80
101000051,16,452,-436
101000052,112,506,-394
101000053,147,106,41
101000054,119,45,74
101000055,198,584,-386
101000056,1,0,1
101000057,6,0,6
101000058,55,461,-406
101000059,181,1112,-931
101000060,5,0,5
101000061,24,1106,-1082
101000062,2,0,2
101000063,63,570,-507
101000064,5,2,3
101000065,38,233,-195
101000066,73,227,-154
101000067,6,0,6
101000068,78,149,-71
101000069,21,0,21
101000070,46,1,45
101000071,54,54,0
101000072,597,241,356
101000073,269,255,14
101000074,629,329,300
101000075,766,108,658
101000077,409,88,321
101000078,136,93,43
101000079,309,205,104
101000080,13,6,7
101000081,340,94,246
101000082,27,10,17
101000083,358,155,203
101000084,14,3,11
101000085,287,196,91
101000086,0,0,0
101000087,0,0,0
101000088,342,130,212
101000089,152,72,80
101000090,0,0,0
101000091,26,9,17
101000092,266,41,225
101000093,141,25,116
101000094,0,0,0
101000095,4,5,-1
101000096,32,33,-1
101000097,1,5,-4
101000098,3,5,-2
101000099,22,71,-49
101000100,94,19,75
101000101,99,29,70
101000102,12,125,-113
101000103,132,24,108
101000104,39,134,-95
101000105,4,20,-16
101000106,0,0,0
101000107,0,0,0
101000108,0,0,0
101000109,0,0,0
101000110,0,0,0
101000111,0,0,0
101000113,0,0,0
101000114,62,109,-47
101000115,0,0,0
101000116,0,0,0
101000117,0,0,0
101000119,0,0,0
101000120,0,0,0
101000121,0,0,0
101000122,0,0,0
101000123,0,0,0
101000124,0,0,0
101000125,0,0,0
101000128,0,0,0
101000130,6,6,0
101000131,62,18,44
101000132,0,0,0
101000135,0,0,0
101000136,0,0,0
101000137,0,0,0
101000141,152,1490,-1338
101000147,2,5,-3
101000148,0,0,0
101000149,0,0,0
101000150,0,0,0
101000151,0,0,0
101000152,2,1,1
101000153,21,14,7
101000154,49,15,34
101000155,0,0,0
101000156,0,0,0
101000157,0,0,0
101000160,0,0,0
101000163,31,146,-115
101000164,0,0,0
101000165,59,47,12
101000166,55,16,39
101000168,0,0,0
101000252,332,73,259
101000254,0,0,0
101000258,0,0,0
101000261,7,0,7
101000262,178,1940,-1762
101000263,56,106,-50
101000265,0,0,0
101000266,0,0,0
101000269,0,0,0
101000290,69,90,-21
101000293,0,0,0
101000294,10,6,4
101000295,0,10,-10
101000301,1,13,-12
101000304,132,469,-337
101000305,305,227,78
101000328,24,153,-129
101900001,0,0,0
101900002,0,0,0
101900003,0,0,0
101900004,0,0,0
101900005,0,0,0
101900006,0,0,0
101900007,0,0,0
101900008,0,0,0
101900009,0,0,0
101900010,0,0,0
101900011,0,0,0
101900012,0,0,0
101900013,0,0,0
101900017,0,0,0
101900018,0,0,0
101900019,0,0,0
101900020,0,0,0
101900021,0,0,0
101900022,0,0,0
101900023,0,0,0
101900026,0,0,0
101900027,0,0,0
102000001,250,409,-159
102000002,117,44,73
102000003,64,221,-157
102000004,81,242,-161
102000005,33,237,-204
102000006,10,216,-206
102000007,29,329,-300
102000008,173,119,54
102000009,265,396,-131
102000010,128,166,-38
102000011,142,373,-231
102000012,298,189,109
102000018,64,113,-49
102000019,0,0,0
102000026,0,0,0
102000029,0,0,0
102000030,0,0,0
102000031,0,0,0
102000032,0,0,0
102000033,0,0,0
102000034,0,0,0
102000035,0,0,0
102000036,0,0,0
102000037,0,0,0
102000038,0,0,0
102000039,0,0,0
102000040,0,0,0
102000041,0,0,0
102000042,0,0,0
102000043,0,0,0
102000044,0,0,0
102000045,47,100,-53
102000046,0,0,0
102000047,11,34,-23
102000048,0,0,0
102000049,0,0,0
102000050,126,51,75
102000051,0,0,0
102000052,134,71,63
102000053,0,0,0
102000054,86,6,80
102000055,20,20,0
102000056,380,36,344
102000057,49,67,-18
102000058,46,17,29
102000059,17,10,7
102000060,419,344,75
102000061,3,11,-8
102000062,180,163,17
102000063,0,0,0
102000064,4,17,-13
102000065,0,0,0
102000066,7,7,0
102000067,5,17,-12
102000068,230,201,29
102000069,0,0,0
102000070,0,0,0
102000071,461,310,151
102000072,132,132,0
102000073,0,0,0
102000074,0,0,0
102000075,0,0,0
102000076,0,0,0
102000077,1,0,1
102000078,0,0,0
102000079,2,0,2
102000080,0,0,0
102000081,48,2,46
102000082,0,0,0
102000083,0,0,0
102000084,195,12,183
102000085,0,0,0
102000086,126,22,104
102000087,4,2,2
102000088,2,30,-28
102000089,127,56,71
102000090,51,71,-20
102000091,208,95,113
102000092,69,39,30
102000093,176,94,82
102000094,20,44,-24
102000095,0,0,0
102000096,72,50,22
102000097,0,0,0
102000098,8,6,2
102000099,22,13,9
102000100,2,16,-14
102000101,0,21,-21
102000102,22,48,-26
102000103,18,9,9
102000104,0,0,0
102000105,0,0,0
102000106,0,0,0
102000107,0,0,0
102000108,0,0,0
102000109,0,0,0
102000110,0,0,0
102000111,0,0,0
102000112,0,0,0
102000113,0,0,0
102000114,0,0,0
102000115,0,0,0
102000116,0,101,-101
102000117,0,0,0
102000118,14,347,-333
102000119,0,0,0
102000120,0,0,0
102000121,0,0,0
102000122,0,0,0
102000123,0,0,0
102000124,0,0,0
102000125,0,0,0
102000126,0,0,0
102000127,0,0,0
102000128,0,0,0
102000129,0,0,0
102000130,0,0,0
102000131,0,0,0
102000132,0,0,0
102000133,238,24,214
102000134,10,46,-36
102000135,0,0,0
102000136,0,0,0
102000137,0,0,0
102000138,0,0,0
102000139,0,0,0
102000140,0,0,0
102000141,0,0,0
102000142,0,0,0
102000143,0,0,0
102000144,0,0,0
102000145,0,0,0
102000146,0,0,0
102000147,0,0,0
102000148,0,0,0
102000149,0,0,0
102000150,0,0,0
102000151,0,0,0
102000152,0,0,0
102000153,0,0,0
102000154,0,0,0
102000155,0,0,0
102000156,0,0,0
102000157,0,0,0
102000158,0,0,0
102000159,0,0,0
102000161,0,0,0
102000162,0,0,0
102000163,0,0,0
102000164,0,0,0
102000165,0,0,0
102000166,0,0,0
102000167,0,0,0
102000168,2,0,2
102000169,2,1,1
102000170,0,0,0
102000171,0,0,0
102000172,1,0,1
102000173,1,4,-3
102000174,0,0,0
102000175,3,0,3
102000176,0,0,0
102000178,2,0,2
102000179,4,18,-14
102000180,44,1,43
102000181,23,6,17
102000182,24,1,23
102000183,113,55,58
102000184,38,1,37
102000185,209,32,177
102000186,4,1,3
102000187,28,5,23
102000188,165,16,149
102000189,2,3,-1
102000190,23,54,-31
102000191,40,4,36
102000192,0,0,0
102000193,0,0,0
102000194,0,0,0
102000195,0,0,0
102000196,0,0,0
102000197,0,0,0
102000198,0,0,0
102000199,0,0,0
102000200,0,0,0
102000201,0,0,0
102000202,0,0,0
102000203,0,0,0
102000204,0,0,0
102000205,0,0,0
102000206,0,0,0
102000207,0,0,0
102000208,0,0,0
102000209,0,0,0
102000210,0,0,0
102000211,0,0,0
102000212,0,0,0
102000213,0,0,0
102000214,0,0,0
102000215,0,0,0
102000216,0,0,0
102000217,0,0,0
102000218,0,0,0
102000219,0,0,0
102000225,74,59,15
102000226,0,0,0
102000227,0,0,0
102000228,0,0,0
102000229,0,0,0
102000230,21,17,4
102000231,0,0,0
102000232,0,0,0
102000233,63,107,-44
102000234,3,86,-83
102000236,0,0,0
102000237,0,0,0
102000238,0,0,0
102000240,0,0,0
102000241,0,0,0
102000243,0,1,-1
102000245,0,0,0
102000246,0,0,0
102000247,2,12,-10
102000248,27,196,-169
102000249,0,0,0
102000250,0,0,0
102000254,29,15,14
102000266,0,0,0
102000271,0,0,0
102000286,0,0,0
102000297,0,0,0
102000301,0,0,0
102000307,0,0,0
102000316,0,0,0
102900001,0,0,0
102900002,0,0,0
102900003,0,0,0
102900005,0,0,0
102900006,0,0,0
102900007,0,0,0
102900008,0,0,0
102900009,0,0,0
102900010,0,0,0
102900011,0,0,0
102900012,0,0,0
102900013,0,0,0
102900015,0,0,0
102900016,0,0,0
102900017,0,0,0
102900018,0,0,0
102900019,0,0,0
102900020,0,0,0
102900021,0,0,0
102900022,0,0,0
102900023,0,0,0
102900024,0,0,0
102900025,0,0,0
102900026,0,0,0
102900027,0,0,0
102900028,0,0,0
102900029,0,0,0
102900030,0,0,0
102900031,0,0,0
102900032,0,0,0
102900033,0,0,0
102900034,0,0,0
102900035,0,0,0
102900036,0,0,0
102900037,0,0,0
102900038,0,0,0
102900039,0,0,0
102900040,0,0,0
102900041,0,0,0
102900042,0,0,0
102900043,0,0,0
102900044,0,0,0
102900045,0,0,0
102900046,0,0,0
102900047,0,0,0
102900048,0,0,0
102900049,0,0,0
102900050,0,0,0
102900051,0,0,0
102900053,0,0,0
102900054,0,0,0
102900055,0,0,0
102900056,0,0,0
102900057,0,0,0
102900058,0,0,0
102900059,0,0,0
102900060,0,0,0
102900061,0,0,0
102900062,0,0,0
102900063,0,0,0
102900064,0,0,0
102900065,0,0,0
102900066,0,0,0
102900068,0,0,0
102900070,0,0,0
102900072,0,0,0
102900073,0,0,0
102900075,0,0,0
102900076,0,0,0
102900077,0,0,0
102900078,0,0,0
102900079,0,0,0
102900080,0,0,0
102900081,0,0,0
102900082,0,0,0
102900083,0,0,0
102900084,0,0,0
102900085,0,0,0
102900086,0,0,0
102900087,0,0,0
102900088,0,0,0
102900089,0,0,0
102900090,0,0,0
102900091,0,0,0
102900092,0,0,0
102900094,0,0,0
102900095,0,0,0
102900096,0,0,0
102900097,0,0,0
103000001,235,62,173
103000002,47,41,6
103000003,82,106,-24
103000004,0,7,-7
103000005,558,217,341
103000006,155,122,33
103000007,14,8,6
103000008,0,0,0
103000009,52,104,-52
103000010,0,0,0
103000011,8,11,-3
103000012,324,334,-10
103000013,89,24,65
103000014,267,564,-297
103000015,0,0,0
103000016,40,67,-27
103000017,82,38,44
103000018,0,0,0
103000019,76,101,-25
103000020,0,71,-71
103000021,831,717,114
103000022,18,56,-38
103000023,259,588,-329
103000024,0,0,0
103000025,34,92,-58
103000026,0,0,0
103000027,31,39,-8
103000028,2,36,-34
103000029,33,68,-35
103000030,8,13,-5
103000031,135,257,-122
103000032,141,159,-18
103000033,1303,497,806
103000034,5,13,-8
103000035,36,138,-102
103000036,14,134,-120
103000037,3,2,1
103000038,145,170,-25
103000039,2,11,-9
103000040,5,47,-42
103000041,133,123,10
103000042,9,2,7
103000043,109,38,71
103000044,0,0,0
103000046,0,0,0
103000047,0,0,0
103000048,0,0,0
103000049,0,0,0
103000050,0,0,0
103000051,0,0,0
103000052,0,0,0
103000053,0,0,0
103000054,222,8,214
103000055,375,18,357
103000056,43,37,6
103000057,242,217,25
103000058,86,10,76
103000059,30,32,-2
103000060,119,3,116
103000061,38,55,-17
103000062,0,0,0
103000063,117,46,71
103000064,0,0,0
103000065,0,0,0
103000066,0,0,0
103000069,0,0,0
103000070,0,0,0
103000071,47,40,7
103000072,0,0,0
103000073,115,3,112
103000074,86,0,86
103000075,0,0,0
103000076,20,51,-31
103000077,0,0,0
103000078,82,47,35
103000079,16,27,-11
103000080,163,20,143
103000081,2,128,-126
103000082,153,14,139
103000083,0,0,0
103000084,1,0,1
103000085,0,0,0
103000086,142,125,17
103000087,35,112,-77
103000088,0,0,0
103000089,50,89,-39
103000090,536,224,312
103000091,27,49,-22
103000092,258,34,224
103000093,0,0,0
103000094,89,17,72
103000095,0,0,0
103000096,128,11,117
103000097,0,0,0
103000098,105,26,79
103000099,0,0,0
103000100,0,0,0
103000101,83,0,83
103000102,0,0,0
103000103,73,1,72
103000104,7,0,7
103000105,13,0,13
103000106,1,0,1
103000107,24,33,-9
103000108,53,4,49
103000109,8,13,-5
103000110,37,61,-24
103000111,0,0,0
103000112,45,22,23
103000113,0,0,0
103000114,261,93,168
103000115,32,19,13
103000116,47,9,38
103000117,68,4,64
103000118,0,0,0
103000119,0,0,0
103000120,0,0,0
103000121,2,2,0
103000122,206,805,-599
103000125,0,2,-2
103000126,75,0,75
103000127,0,0,0
103000128,0,1,-1
103000129,0,1,-1
103000130,35,0,35
103000131,0,33,-33
103000132,0,13,-13
103000133,2,18,-16
103000134,136,21,115
103000135,96,16,80
103000136,265,70,195
103000137,30,109,-79
103000138,53,208,-155
103000139,0,0,0
103000140,10,14,-4
103000141,0,0,0
103000142,32,8,24
103000143,0,0,0
103000144,22,11,11
103000145,0,0,0
103000150,0,0,0
103000152,0,0,0
103000153,53,56,-3
103000156,0,1,-1
103000157,13,0,13
103000159,0,0,0
103000162,0,1,-1
103000163,0,44,-44
103000164,0,0,0
103000165,0,0,0
103000166,44,30,14
103000167,13,11,2
103000168,0,0,0
103000169,18,5,13
103000170,289,272,17
103000171,2,5,-3
103000172,104,8,96
103000173,0,0,0
103000174,109,14,95
103000175,0,0,0
103000176,4,10,-6
103000177,0,0,0
103000178,0,0,0
103000179,0,0,0
103000183,133,62,71
103000185,28,4,24
103000186,50,9,41
103000187,0,0,0
103000188,1,0,1
103000189,0,0,0
103000191,0,0,0
103000292,1,47,-46
103000293,21,80,-59
103000295,68,6,62
103000296,13,0,13
103000297,1,0,1
103000504,0,0,0
103000505,0,0,0
103000506,0,0,0
103000507,0,0,0
103000508,0,0,0
103000509,0,0,0
103000514,0,0,0
103900001,0,0,0
103900002,0,0,0
103900003,0,0,0
103900004,0,0,0
103900005,0,0,0
103900006,0,0,0
103900007,0,0,0
103900008,0,0,0
103900009,0,0,0
103900010,0,0,0
103900011,0,0,0
103900012,0,0,0
103900013,0,0,0
103900014,0,0,0
103900015,0,0,0
103900016,0,0,0
103900017,0,0,0
103900018,0,0,0
103900019,0,0,0
103900020,0,0,0
103900021,0,0,0
103900022,0,0,0
103900023,0,0,0
103900024,0,0,0
103900025,0,0,0
103900026,0,0,0
103900027,0,0,0
103900028,0,0,0
103900029,0,0,0
103900030,0,0,0
103900031,0,0,0
103900032,0,0,0
103900033,0,0,0
103900034,0,0,0
103900035,0,0,0
103900036,0,0,0
103900037,0,0,0
103900038,0,0,0
103900039,0,0,0
103900040,0,0,0
103900041,0,0,0
103900042,0,0,0
103900043,0,0,0
103900044,0,0,0
103900045,0,0,0
103900047,0,0,0
103900048,0,0,0
103900049,0,0,0
103900050,0,0,0
103900051,0,0,0
103900052,0,0,0
103900053,0,0,0
103900054,0,0,0
103900055,0,0,0
103900056,0,0,0
103900057,0,0,0
103900058,0,0,0
103900059,0,0,0
103900060,0,0,0
103900061,0,0,0
103900062,0,0,0
103900063,0,0,0
103900064,0,0,0
103900065,0,0,0
103900066,0,0,0
103900067,0,0,0
103900068,0,0,0
103900069,0,0,0
103900070,0,0,0
103900071,0,0,0
103900072,0,0,0
103900073,0,0,0
103900074,0,0,0
103900075,0,0,0
103900076,0,0,0
103900077,0,0,0
103900078,0,0,0
103900079,0,0,0
103900080,0,0,0
103900081,0,0,0
103900082,0,0,0
103900083,0,0,0
103900084,0,0,0
103900085,0,0,0
103900086,0,0,0
103900088,0,0,0
103900089,0,0,0
103900090,0,0,0
103900091,0,0,0
103900092,0,0,0
103900093,0,0,0
103900094,0,0,0
103900095,0,0,0
103900096,0,0,0
103900097,0,0,0
103900098,0,0,0
103900099,0,0,0
103900100,0,0,0
103900101,0,0,0
103900102,0,0,0
103900104,0,0,0
103900105,0,0,0
103900106,0,0,0
103900107,0,0,0
103900108,0,0,0
103900109,0,0,0
103900110,0,0,0
103900111,0,0,0
103900112,0,0,0
103900113,0,0,0
103900114,0,0,0
103900115,0,0,0
103900116,0,0,0
103900117,0,0,0
103900119,0,0,0
103900120,0,0,0
103900122,0,0,0
103900123,0,0,0
103900124,0,0,0
103900125,0,0,0
103900126,0,0,0
103900127,0,0,0
103900128,0,0,0
103900131,0,0,0
103900133,0,0,0
103900134,0,0,0
103900135,0,0,0
103900137,0,0,0
103900138,0,0,0
103900139,0,0,0
103900140,0,0,0
103900141,0,0,0
103900142,0,0,0
103900143,0,0,0
103900144,0,0,0
103900145,0,0,0
103900146,0,0,0
103900147,0,0,0
103900148,0,0,0
103900149,0,0,0
103900150,0,0,0
103900151,0,0,0
103900152,0,0,0
103900153,0,0,0
103900154,0,0,0
103900155,0,0,0
103900156,0,0,0
103900157,0,0,0
103900158,0,0,0
103900159,0,0,0
103900160,0,0,0
103900161,0,0,0
103900162,0,0,0
103900163,0,0,0
103900167,0,0,0
103900168,0,0,0
103900169,0,0,0
103900170,0,0,0
103900171,0,0,0
103900172,0,0,0
103900173,0,0,0
103900174,0,0,0
103900175,0,0,0
103900176,0,0,0
103900177,0,0,0
103900178,0,0,0
103900179,0,0,0
103900180,0,0,0
103900181,0,0,0
103900182,0,0,0
103900184,0,0,0
103900185,0,0,0
103900187,0,0,0
103900188,0,0,0
103900189,0,0,0
103900190,0,0,0
103900191,0,0,0
103900192,0,0,0
103900193,0,0,0
103900194,0,0,0
103900195,0,0,0
103900196,0,0,0
103900197,0,0,0
103900198,0,0,0
103900199,0,0,0
103900200,0,0,0
103900201,0,0,0
103900202,0,0,0
103900203,0,0,0
103900204,0,0,0
103900207,0,0,0
103900208,0,0,0
103900209,0,0,0
103900210,0,0,0
103900211,0,0,0
103900212,0,0,0
103900213,1,51,-50
103900214,10,89,-79
103900215,3,21,-18
103900216,0,0,0
103900217,0,0,0
103900218,0,0,0
103900219,0,0,0
103900233,0,0,0
103900235,0,0,0
103900236,0,0,0
103900242,0,0,0
103900243,0,0,0
103900244,0,0,0
103900245,0,0,0
103900246,0,0,0
103900247,0,0,0
103900248,0,0,0
103900249,0,0,0
103900250,0,0,0
103900251,0,0,0
103900253,0,0,0
103900254,0,0,0
103900255,0,0,0
103900256,0,0,0
103900257,0,0,0
103900258,0,0,0
103900259,0,0,0
103900261,0,0,0
103900262,0,0,0
103900263,0,0,0
103900264,0,0,0
103900265,0,0,0
103900266,0,0,0
103900267,0,0,0
103900268,0,0,0
103900269,0,0,0
103900270,0,0,0
103900271,0,0,0
103900272,0,0,0
103900273,0,0,0
103900274,0,0,0
103900275,0,0,0
103900276,0,0,0
103900277,0,0,0
103900278,0,0,0
103900279,0,0,0
103900280,0,0,0
103900281,0,0,0
103900282,0,0,0
103900283,0,0,0
103900284,0,0,0
103900285,0,0,0
103900286,0,0,0
103900287,0,0,0
103900288,0,0,0
103900289,0,0,0
103900290,0,0,0
103900291,0,0,0
103900292,0,0,0
103900293,0,0,0
103900294,0,0,0
104000001,569,201,368
104000002,66,82,-16
104000003,644,289,355
104000004,486,197,289
104000005,363,420,-57
104000006,840,153,687
104000007,753,140,613
104000008,77,44,33
104000009,134,38,96
104000010,97,26,71
104000011,0,0,0
104000012,0,0,0
104000013,126,65,61
104000014,0,0,0
104000015,160,18,142
104000016,0,0,0
104000018,168,39,129
104000019,151,89,62
104000020,125,22,103
104000021,31,17,14
104000022,31,0,31
104000023,214,5,209
104000024,0,0,0
104000026,0,0,0
104000027,32,15,17
104000028,132,30,102
104000029,17,33,-16
104000030,201,70,131
104000031,172,15,157
104000032,0,0,0
104000033,292,25,267
104000034,0,0,0
104000035,299,41,258
104000036,365,144,221
104000037,0,0,0
104000038,207,18,189
104000039,38,12,26
104000040,5,27,-22
104000041,77,12,65
104000042,0,0,0
104000043,54,9,45
104000044,97,9,88
104000045,68,20,48
104000046,65,52,13
104000047,16,107,-91
104000048,50,126,-76
104000049,4,4,0
104000050,1,5,-4
104000051,0,0,0
104000052,293,172,121
104000053,48,3,45
104000054,1,10,-9
104000055,225,103,122
104000056,70,14,56
104000057,0,0,0
104000058,202,77,125
104000059,31,66,-35
104000060,143,54,89
104000061,76,54,22
104000062,34,3,31
104000064,0,0,0
104000065,0,3,-3
104000069,0,0,0
104000070,0,0,0
104000071,0,0,0
104000072,21,3,18
104000075,0,0,0
104000076,0,0,0
104000082,183,200,-17
104000083,26,9,17
104000084,3,20,-17
104000085,16,8,8
104000086,2,14,-12
104000087,2,2,0
104000090,0,0,0
104000092,0,0,0
104000094,0,0,0
104000095,19,250,-231
104000096,219,0,219
104000097,496,46,450
104000098,795,11,784
104000100,949,129,820
104000101,68,12,56
104000106,15,17,-2
104000107,174,18,156
104000108,18,3,15
104000109,64,5,59
104000110,19,16,3
104000111,54,32,22
104000112,1,15,-14
104000116,0,0,0
104000117,51,14,37
104000118,33,0,33
104000119,25,13,12
104000120,41,20,21
104000121,1,14,-13
104000122,203,28,175
104000123,24,53,-29
104000124,57,153,-96
104000125,75,35,40
104000126,165,74,91
104000127,57,132,-75
104000128,90,18,72
104000129,109,0,109
104000130,0,7,-7
104000131,0,0,0
104000132,0,0,0
104000133,8,32,-24
104000134,70,101,-31
104000135,11,198,-187
104000136,253,174,79
104000137,168,38,130
104000138,0,0,0
104000139,160,176,-16
104000141,44,86,-42
104000142,0,0,0
104000143,0,0,0
104000144,0,0,0
104000145,233,8,225
104000146,0,0,0
104000147,0,0,0
104000148,13,13,0
104000149,0,0,0
104000150,242,82,160
104000151,0,0,0
104000152,0,0,0
104000153,98,59,39
104000154,0,0,0
104000155,84,100,-16
104000157,61,5,56
104000158,18,4,14
104000159,5,11,-6
104000160,115,27,88
104000161,15,11,4
104000162,18,57,-39
104000165,131,354,-223
104000167,189,212,-23
104000168,53,1,52
104000169,53,3,50
104000170,0,0,0
104000248,0,0,0
104000251,0,0,0
104000272,0,0,0
104000273,0,0,0
104000274,0,0,0
104000275,0,0,0
104000279,31,36,-5
104000290,0,0,0
104000291,141,209,-68
104000293,82,88,-6
104000294,0,0,0
104000295,63,34,29
104000296,196,74,122
104000297,34,72,-38
104000298,186,26,160
104000299,143,84,59
104000302,1,0,1
104000303,0,0,0
104900001,0,0,0
104900002,0,0,0
104900003,0,0,0
104900004,0,0,0
104900005,0,0,0
104900006,0,0,0
104900007,0,0,0
104900009,0,0,0
104900010,0,0,0
104900011,0,0,0
104900012,0,0,0
104900013,0,0,0
104900014,0,0,0
104900015,0,0,0
104900016,0,0,0
104900017,0,0,0
104900018,0,0,0
104900019,0,0,0
104900020,0,0,0
104900021,0,0,0
104900022,0,0,0
104900023,0,0,0
104900024,0,0,0
104900025,0,0,0
104900026,0,0,0
104900027,0,0,0
104900028,0,0,0
104900029,0,0,0
104900030,0,0,0
104900031,0,0,0
104900032,0,0,0
104900033,0,0,0
104900034,0,0,0
104900035,0,0,0
104900036,0,0,0
104900037,0,0,0
104900038,0,0,0
104900039,0,0,0
104900040,0,0,0
104900041,0,0,0
104900042,0,0,0
104900043,0,0,0
104900044,0,0,0
104900045,0,0,0
104900046,0,0,0
104900047,0,0,0
104900048,0,0,0
104900049,0,0,0
104900050,0,0,0
104900051,0,0,0
104900052,0,0,0
104900053,0,0,0
104900054,0,0,0
104900055,0,0,0
104900056,0,0,0
104900057,0,0,0
104900058,0,0,0
104900059,0,0,0
104900061,0,0,0
104900063,0,0,0
104900064,0,0,0
104900065,0,0,0
104900066,0,0,0
104900067,0,0,0
104900068,0,0,0
104900070,0,0,0
104900071,0,0,0
104900072,0,0,0
104900073,0,0,0
104900074,0,0,0
104900075,0,0,0
104900076,0,0,0
104900077,0,0,0
104900078,0,0,0
104900079,0,0,0
104900080,0,0,0
104900082,0,0,0
104900085,0,0,0
104900089,0,0,0
104900091,0,0,0
104900093,0,0,0
104900097,0,0,0
104900098,0,0,0
104900099,0,0,0
104900100,0,0,0
104900102,0,0,0
104900103,0,0,0
104900106,0,0,0
104900107,0,0,0
104900108,0,0,0
104900109,0,0,0
104900110,0,0,0
104900111,0,0,0
104900112,0,0,0
104900113,0,0,0
104900114,0,0,0
104900115,0,0,0
104900116,0,0,0
104900118,0,0,0
104900119,0,0,0
104900120,0,0,0
104900121,0,0,0
104900122,0,0,0
104900123,0,0,0
104900124,0,0,0
104900125,0,0,0
104900126,0,0,0
104900127,0,0,0
104900128,0,0,0
104900129,0,0,0
105000001,664,145,519
105000002,256,142,114
105000003,328,200,128
105000004,25,23,2
105000005,86,215,-129
105000006,79,237,-158
105000007,65,157,-92
105000008,3,226,-223
105000009,1379,759,620
105000010,29,65,-36
105000011,696,706,-10
105000012,8,41,-33
105000013,245,436,-191
105000014,1835,858,977
105000015,1245,1858,-613
105000016,109,78,31
105000017,46,11,35
105000018,20,94,-74
105000019,0,0,0
105000020,0,0,0
105000021,0,0,0
105000022,1,5,-4
105000023,0,0,0
105000028,0,0,0
105000029,0,8,-8
105000030,114,49,65
105000031,0,0,0
105000033,8,41,-33
105000034,0,0,0
105000037,0,0,0
105000038,189,297,-108
105000039,52,64,-12
105000040,183,244,-61
105000041,31,70,-39
105000042,699,196,503
105000043,34,10,24
105000044,150,68,82
105000045,2,6,-4
105000046,236,32,204
105000047,7,2,5
105000048,386,103,283
105000049,0,1,-1
105000050,333,173,160
105000051,0,0,0
105000052,22,61,-39
105000053,2,0,2
105000054,84,45,39
105000055,0,0,0
105000056,419,191,228
105000057,40,1,39
105000058,14,2,12
105000059,397,162,235
105000060,0,0,0
105000061,318,64,254
105000062,0,0,0
105000063,0,0,0
105000064,324,82,242
105000065,0,0,0
105000066,15,3,12
105000067,294,164,130
105000068,5,36,-31
105000069,25,81,-56
105000070,56,20,36
105000071,225,119,106
105000072,313,64,249
105000073,152,94,58
105000074,0,0,0
105000075,13,16,-3
105000076,21,4,17
105000077,77,10,67
105000078,5,55,-50
105000079,8,14,-6
105000080,366,534,-168
105000081,23,0,23
105000082,267,438,-171
105000083,696,494,202
105000084,0,0,0
105000085,701,706,-5
105000086,0,0,0
105000087,0,0,0
105000088,200,324,-124
105000089,40,37,3
105000090,6,10,-4
105000091,0,0,0
105000092,0,0,0
105000093,0,2,-2
105000094,2,2,0
105000095,0,1,-1
105000096,109,100,9
105000097,0,0,0
105000098,146,94,52
105000099,0,0,0
105000100,0,0,0
105000101,82,36,46
105000102,0,1,-1
105000103,155,32,123
105000104,1,1,0
105000105,239,14,225
105000106,31,2,29
105000107,8,1,7
105000108,9,6,3
105000109,35,0,35
105000110,9,0,9
105000111,17,1,16
105000112,72,5,67
105000113,2,0,2
105000114,35,54,-19
105000115,0,0,0
105000116,81,11,70
105000117,0,0,0
105000118,45,20,25
105000119,0,0,0
105000120,217,16,201
105000121,0,0,0
105000122,47,6,41
105000123,124,6,118
105000124,92,46,46
105000125,143,27,116
105000126,38,26,12
105000127,79,19,60
105000128,27,5,22
105000129,43,42,1
105000130,15,412,-397
105000131,0,0,0
105000132,103,75,28
105000133,0,0,0
105000134,203,27,176
105000135,0,0,0
105000136,0,0,0
105000137,180,7,173
105000138,0,0,0
105000139,0,0,0
105000140,343,27,316
105000141,0,0,0
105000142,124,22,102
105000143,0,0,0
105000144,0,0,0
105000145,150,31,119
105000146,0,0,0
105000147,254,54,200
105000148,218,28,190
105000149,430,166,264
105000150,0,0,0
105000151,0,0,0
105000152,0,0,0
105000153,0,0,0
105000154,1,0,1
105000155,0,0,0
105000156,0,6,-6
105000157,12,6,6
105000158,32,7,25
105000159,2,6,-4
105000160,44,51,-7
105000161,42,3,39
105000162,5,15,-10
105000163,17,3,14
105000164,3,13,-10
105000165,25,48,-23
105000166,15,40,-25
105000167,50,145,-95
105000168,130,58,72
105000169,67,10,57
105000170,0,0,0
105000171,0,0,0
105000172,0,0,0
105000173,20,1,19
105000174,12,1,11
105000175,0,0,0
105000176,1,0,1
105000177,35,29,6
105000178,5,2,3
105000179,20,0,20
105000180,0,0,0
105000181,4,1,3
105000182,0,0,0
105000183,0,0,0
105000184,0,0,0
105000185,31,211,-180
105000186,0,0,0
105000187,64,22,42
105000188,0,61,-61
105000189,0,0,0
105000190,132,51,81
105000191,5,11,-6
105000192,171,17,154
105000193,0,1,-1
105000194,50,11,39
105000195,0,19,-19
105000196,19,67,-48
105000197,0,1,-1
105000198,0,0,0
105000199,8,47,-39
105000200,17,93,-76
105000201,0,0,0
105000203,0,2,-2
105000204,14,9,5
105000205,0,0,0
105000207,0,0,0
105000208,16,71,-55
105000209,0,0,0
105000211,0,0,0
105000212,63,2,61
105000213,62,7,55
105000214,54,6,48
105000215,73,93,-20
105000216,2,1,1
105000217,0,0,0
105000218,146,17,129
105000221,8,0,8
105000222,83,0,83
105000223,53,0,53
105000226,3,1,2
105000227,0,1,-1
105000228,0,8,-8
105000229,38,284,-246
105000231,125,13,112
105000233,261,241,20
105000234,30,151,-121
105000235,140,92,48
105000237,51,0,51
105000243,0,0,0
105000248,0,0,0
105000262,0,0,0
105000269,0,0,0
105000270,80,0,80
105000271,0,0,0
105000282,2,0,2
105000287,0,0,0
105000288,0,14,-14
105000289,199,299,-100
105000290,0,0,0
105000402,12,63,-51
105000426,0,0,0
105000438,7,145,-138
105000440,0,0,0
105000446,274,225,49
105000447,84,26,58
105000454,0,0,0
105000455,0,0,0
105000474,4,6,-2
105000477,0,0,0
105000478,343,1008,-665
105000479,0,0,0
105000480,1410,1302,108
105000481,628,295,333
105000482,59,184,-125
105000483,255,606,-351
105000484,167,310,-143
105000485,180,798,-618
105000486,380,208,172
105000488,50,104,-54
105000489,235,43,192
105000549,1,56,-55
105000550,0,0,0
105000551,14,6,8
105000552,96,50,46
105000555,425,234,191
105000556,0,0,0
105000557,0,0,0
105900001,0,0,0
105900002,0,0,0
105900003,0,0,0
105900004,0,0,0
105900005,0,0,0
105900006,0,0,0
105900007,0,0,0
105900008,0,0,0
105900009,0,0,0
105900011,0,0,0
105900012,0,0,0
105900013,0,0,0
105900014,0,0,0
105900015,0,0,0
105900016,0,0,0
105900017,0,0,0
105900018,0,0,0
105900019,0,0,0
105900020,0,0,0
105900021,0,0,0
105900022,0,0,0
105900023,0,0,0
105900024,0,0,0
105900025,0,0,0
105900026,0,0,0
105900027,0,0,0
105900028,0,0,0
105900029,0,0,0
105900030,0,0,0
105900031,0,0,0
105900032,0,0,0
105900033,0,0,0
105900034,0,0,0
105900035,0,0,0
105900036,0,0,0
105900037,0,0,0
105900038,0,0,0
105900039,0,0,0
105900040,0,0,0
105900041,0,0,0
105900042,0,0,0
105900043,0,0,0
105900044,0,0,0
105900045,0,0,0
105900046,0,0,0
105900047,0,0,0
105900048,54,4,50
105900050,0,0,0
105900051,0,0,0
105900052,0,0,0
105900053,0,0,0
105900054,0,0,0
105900056,0,0,0
105900057,0,0,0
105900058,0,0,0
105900059,0,0,0
106000001,361,259,102
106000002,4,40,-36
106000003,906,594,312
106000004,26,188,-162
106000005,1576,950,626
106000006,46,151,-105
106000007,468,41,427
106000008,17,31,-14
106000009,569,138,431
106000010,19,65,-46
106000011,517,327,190
106000012,32,14,18
106000013,985,286,699
106000014,19,48,-29
106000015,1036,291,745
106000016,52,51,1
106000017,495,71,424
106000018,58,53,5
106000019,200,101,99
106000020,1,21,-20
106000021,312,73,239
106000022,110,15,95
106000023,481,26,455
106000024,17,19,-2
106000025,187,107,80
106000026,10,23,-13
106000027,744,428,316
106000028,2,7,-5
106000029,35,11,24
106000030,0,0,0
106000034,0,0,0
106000035,202,256,-54
106000036,0,0,0
106000037,0,0,0
106000038,0,0,0
106000039,0,0,0
106000040,0,0,0
106000041,145,27,118
106000043,61,24,37
106000046,0,0,0
106000047,0,0,0
106000049,185,3,182
106000050,0,0,0
106000051,98,65,33
106000052,0,0,0
106000053,262,22,240
106000054,0,0,0
106000055,107,6,101
106000056,0,0,0
106000057,140,65,75
106000058,0,0,0
106000059,210,53,157
106000060,0,0,0
106000061,11,52,-41
106000062,0,0,0
106000063,447,71,376
106000064,0,0,0
106000065,122,10,112
106000066,13,1,12
106000067,92,2,90
106000068,0,1,-1
106000069,62,2,60
106000070,8,1,7
106000071,257,12,245
106000072,184,127,57
106000073,269,105,164
106000074,161,164,-3
106000075,216,162,54
106000076,777,109,668
106000077,504,87,417
106000078,204,73,131
106000079,370,20,350
106000080,235,29,206
106000081,414,37,377
106000082,382,2,380
106000083,228,69,159
106000084,263,14,249
106000085,492,97,395
106000086,459,39,420
106000087,246,21,225
106000088,155,36,119
106000089,356,18,338
106000090,274,41,233
106000091,0,0,0
106000092,170,21,149
106000093,193,14,179
106000094,0,0,0
106000095,166,25,141
106000096,319,48,271
106000097,187,14,173
106000098,330,11,319
106000099,5,11,-6
106000100,406,2,404
106000101,273,2,271
106000102,1,32,-31
106000103,0,24,-24
106000104,79,21,58
106000105,14,39,-25
106000106,110,12,98
106000107,9,85,-76
106000108,40,4,36
106000109,1,50,-49
106000110,65,0,65
106000111,1,13,-12
106000112,60,2,58
106000113,16,25,-9
106000114,50,7,43
106000115,32,57,-25
106000116,60,55,5
106000117,0,0,0
106000118,245,24,221
106000119,0,0,0
106000120,198,174,24
106000121,6,8,-2
106000122,0,0,0
106000123,49,0,49
106000124,0,0,0
106000125,0,0,0
106000126,31,1,30
106000127,0,0,0
106000128,141,6,135
106000129,0,0,0
106000130,191,44,147
106000131,0,0,0
106000132,231,21,210
106000133,0,0,0
106000134,190,71,119
106000135,0,0,0
106000136,480,91,389
106000137,0,0,0
106000138,248,1,247
106000139,76,35,41
106000140,0,0,0
106000141,0,0,0
106000142,23,2,21
106000143,0,0,0
106000144,109,18,91
106000145,0,0,0
106000146,259,101,158
106000147,81,3,78
106000148,40,58,-18
106000149,225,6,219
106000150,61,48,13
106000151,159,59,100
106000152,73,81,-8
106000153,9,5,4
106000154,34,0,34
106000155,23,11,12
106000156,228,19,209
106000157,87,100,-13
106000158,472,123,349
106000159,91,51,40
106000160,159,135,24
106000161,62,7,55
106000162,130,18,112
106000163,39,4,35
106000164,206,13,193
106000165,41,26,15
106000166,260,7,253
106000167,71,11,60
106000168,164,9,155
106000169,27,34,-7
106000170,118,10,108
106000171,19,96,-77
106000172,303,27,276
106000173,109,95,14
106000174,193,2,191
106000175,88,6,82
106000176,230,38,192
106000177,0,0,0
106000178,174,24,150
106000179,0,0,0
106000180,84,24,60
106000181,51,60,-9
106000182,453,14,439
106000183,390,36,354
106000184,217,43,174
106000185,13,26,-13
106000186,63,2,61
106000187,1,2,-1
106000188,0,0,0
106000189,0,2,-2
106000190,0,0,0
106000191,70,10,60
106000192,0,0,0
106000193,42,32,10
106000194,0,10,-10
106000195,33,0,33
106000196,0,27,-27
106000197,146,0,146
106000198,1,24,-23
106000199,120,13,107
106000200,1,45,-44
106000201,32,15,17
106000202,19,23,-4
106000203,0,0,0
106000204,33,5,28
106000205,0,0,0
106000206,3,0,3
106000207,0,7,-7
106000208,287,18,269
106000209,530,63,467
106000210,0,14,-14
106000211,4,29,-25
106000212,612,54,558
106000213,0,0,0
106000214,190,12,178
106000215,2,36,-34
106000216,117,14,103
106000217,0,25,-25
106000218,42,14,28
106000219,0,50,-50
106000220,89,10,79
106000221,0,0,0
106000222,41,21,20
106000223,132,21,111
106000224,0,0,0
106000225,25,101,-76
106000226,0,0,0
106000228,0,0,0
106000229,0,0,0
106000231,155,0,155
106000232,0,0,0
106000233,23,2,21
106000234,0,0,0
106000235,50,23,27
106000236,0,0,0
106000237,0,0,0
106000238,0,0,0
106000239,0,0,0
106000240,2,0,2
106000241,0,18,-18
106000242,52,2,50
106000249,70,29,41
106000250,0,29,-29
106000251,0,0,0
106000252,0,0,0
106000253,0,0,0
106000254,0,0,0
106000255,0,0,0
106000256,0,0,0
106000257,17,18,-1
106000258,0,0,0
106000259,0,0,0
106000260,0,0,0
106000261,0,0,0
106000262,0,0,0
106000263,0,0,0
106000264,0,0,0
106000265,0,0,0
106000266,0,0,0
106000267,0,0,0
106000268,0,0,0
106000269,0,0,0
106000270,40,0,40
106000271,0,0,0
106000272,0,0,0
106000273,0,0,0
106000274,0,0,0
106000275,0,0,0
106000276,0,0,0
106000277,0,0,0
106000278,0,0,0
106000279,0,0,0
106000280,0,0,0
106000281,0,0,0
106000282,0,0,0
106000283,0,0,0
106000284,0,0,0
106000285,0,0,0
106000286,0,0,0
106000287,0,0,0
106000288,0,0,0
106000289,0,0,0
106000290,0,0,0
106000291,0,0,0
106000292,0,0,0
106000293,0,0,0
106000294,0,0,0
106000295,0,0,0
106000296,0,0,0
106000297,0,0,0
106000298,0,0,0
106000299,0,0,0
106000300,0,0,0
106000301,0,0,0
106000303,0,0,0
106000304,0,0,0
106000305,0,0,0
106000306,0,0,0
106000307,0,0,0
106000308,0,0,0
106000309,0,0,0
106000310,34,4,30
106000311,99,14,85
106000312,6,15,-9
106000313,35,1,34
106000318,0,0,0
106000319,341,9,332
106000320,0,0,0
106000321,0,0,0
106000322,0,0,0
106000324,0,0,0
106000325,1124,206,918
106000326,47,25,22
106000327,126,9,117
106000328,0,0,0
106000329,5,2,3
106000330,0,4,-4
106000428,20,60,-40
106000429,0,0,0
106000430,0,0,0
106000431,216,159,57
106000432,0,76,-76
106000433,584,347,237
106000434,1022,237,785
106000435,0,54,-54
106000436,0,0,0
106000437,59,14,45
106000438,0,5,-5
106000439,0,0,0
106000440,8,50,-42
106000441,0,2,-2
106000442,22,1,21
106000443,5,1,4
106000450,0,0,0
106000451,15,13,2
106000454,0,0,0
106000455,0,4,-4
106000456,13,0,13
106000457,0,0,0
106000458,158,5,153
106000459,0,0,0
106000460,222,1,221
106000461,0,0,0
106000462,0,0,0
106000463,0,0,0
106000464,0,0,0
106000465,73,1,72
106000466,0,0,0
106000467,0,8,-8
106000468,60,5,55
106000469,6,0,6
106000470,0,0,0
106000471,0,0,0
106000472,28,1,27
106000473,0,0,0
106000474,5,29,-24
106000475,146,78,68
106000476,14,14,0
106000477,0,0,0
106000480,0,0,0
106900001,0,0,0
106900002,0,0,0
106900003,0,0,0
106900004,0,0,0
106900006,0,0,0
106900007,0,0,0
106900008,0,0,0
106900009,0,0,0
106900010,0,0,0
106900012,0,0,0
106900013,0,0,0
106900014,0,0,0
106900015,0,0,0
106900016,0,0,0
106900017,0,0,0
106900018,0,0,0
106900019,0,0,0
106900020,0,0,0
106900021,0,0,0
106900022,0,0,0
106900023,0,0,0
106900024,0,0,0
106900025,0,0,0
106900026,0,0,0
106900027,66,4,62
106900028,0,0,0
106900029,0,0,0
106900030,0,0,0
107000001,1481,1944,-463
107000002,132,177,-45
107000003,3999,3676,323
107000004,251,143,108
107000005,4207,2592,1615
107000006,189,69,120
107000007,1424,2112,-688
107000008,182,121,61
107000009,3765,2826,939
107000010,321,211,110
107000011,0,0,0
107000012,0,0,0
107000013,0,0,0
107000014,0,0,0
107000015,0,0,0
107000016,0,0,0
107000017,7,9,-2
107000018,0,0,0
107000020,51,315,-264
107000021,30,1,29
107000022,17,347,-330
107000023,187,1,186
107000024,62,117,-55
107000025,14,39,-25
107000026,15,42,-27
107000027,116,41,75
107000028,23,113,-90
107000029,693,48,645
107000030,47,60,-13
107000031,747,178,569
107000032,52,86,-34
107000033,169,19,150
107000034,0,0,0
107000035,13,34,-21
107000036,0,0,0
107000037,41,77,-36
107000038,0,20,-20
107000039,110,356,-246
107000040,51,11,40
107000041,306,59,247
107000042,36,22,14
107000043,217,46,171
107000044,47,13,34
107000045,2,6,-4
107000046,333,37,296
107000047,10,32,-22
107000048,257,40,217
107000049,12,54,-42
107000050,316,91,225
107000051,16,48,-32
107000052,277,45,232
107000053,185,50,135
107000054,3,52,-49
107000055,136,24,112
107000056,27,50,-23
107000057,67,17,50
107000058,789,803,-14
107000059,0,0,0
107000060,2062,1676,386
107000061,4,3,1
107000062,1640,994,646
107000063,1,10,-9
107000064,1100,893,207
107000065,10,29,-19
107000066,835,765,70
107000067,92,145,-53
107000068,27,82,-55
107000069,93,182,-89
107000070,170,4,166
107000071,571,7,564
107000072,0,0,0
107000073,178,5,173
107000074,0,0,0
107000075,1263,45,1218
107000076,0,0,0
107000077,894,29,865
107000078,0,0,0
107000079,809,58,751
107000080,0,0,0
107000081,971,173,798
107000082,0,0,0
107000083,327,438,-111
107000084,0,0,0
107000085,612,427,185
107000086,62,300,-238
107000087,265,225,40
107000088,46,94,-48
107000089,288,177,111
107000090,32,28,4
107000091,389,128,261
107000092,32,56,-24
107000093,127,352,-225
107000094,35,52,-17
107000095,1053,427,626
107000096,0,0,0
107000097,278,103,175
107000098,0,0,0
107000099,155,122,33
107000100,0,0,0
107000101,49,115,-66
107000102,0,0,0
107000103,152,42,110
107000104,0,0,0
107000105,354,41,313
107000106,0,0,0
107000107,245,149,96
107000108,0,0,0
107000109,147,9,138
107000110,0,0,0
107000111,57,3,54
107000112,0,0,0
107000113,316,18,298
107000114,0,0,0
107000115,383,44,339
107000116,0,0,0
107000117,123,40,83
107000118,0,0,0
107000119,594,213,381
107000120,0,0,0
107000121,444,16,428
107000122,1,85,-84
107000123,348,27,321
107000124,26,45,-19
107000125,377,11,366
107000126,78,58,20
107000129,0,0,0
107000130,158,43,115
107000131,0,0,0
107000132,205,63,142
107000133,3,0,3
107000134,43,0,43
107000135,0,0,0
107000136,65,0,65
107000137,0,2,-2
107000138,2,0,2
107000139,0,8,-8
107000140,67,0,67
107000141,0,6,-6
107000142,26,0,26
107000143,0,1,-1
107000144,24,0,24
107000145,0,7,-7
107000146,0,0,0
107000147,1,12,-11
107000150,0,0,0
107000151,0,0,0
107000152,25,111,-86
107000153,0,0,0
107000154,0,0,0
107000155,48,0,48
107000156,89,0,89
107000157,0,2,-2
107000158,12,0,12
107000159,0,1,-1
107000160,39,13,26
107000161,0,0,0
107000162,2,57,-55
107000163,38,1,37
107000164,0,0,0
107000165,0,0,0
107000166,0,0,0
107000167,0,0,0
107000168,432,24,408
107000169,2,4,-2
107000170,464,16,448
107000171,8,3,5
107000172,229,44,185
107000173,0,0,0
107000174,115,199,-84
107000175,4,12,-8
107000176,17,0,17
107000177,0,0,0
107000178,0,0,0
107000179,0,0,0
107000180,433,22,411
107000181,0,0,0
107000182,389,10,379
107000183,0,0,0
107000184,298,16,282
107000185,0,0,0
107000186,316,30,286
107000187,124,32,92
107000188,0,0,0
107000189,10,34,-24
107000190,0,0,0
107000191,62,71,-9
107000192,0,0,0
107000193,41,50,-9
107000194,0,0,0
107000197,176,14,162
107000198,0,0,0
107000199,108,41,67
107000200,15,25,-10
107000201,52,89,-37
107000202,89,61,28
107000203,19,169,-150
107000204,58,512,-454
107000205,62,17,45
107000206,6,340,-334
107000207,6,57,-51
107000208,4,33,-29
107000209,1,1,0
107000210,0,0,0
107000211,0,0,0
107000212,0,0,0
107000213,0,0,0
107000214,0,0,0
107000215,0,0,0
107000216,0,0,0
107000217,0,0,0
107000219,0,0,0
107000220,0,0,0
107000222,16,17,-1
107000224,11,2,9
107000225,0,0,0
107000226,74,2,72
107000227,0,0,0
107000228,0,0,0
107000229,0,0,0
107000230,2,1,1
107000231,35,98,-63
107000232,0,0,0
107000233,0,0,0
107000234,0,0,0
107000235,81,0,81
107000236,0,0,0
107000237,5,0,5
107000238,9,0,9
107000239,0,0,0
107000240,0,0,0
107000243,0,0,0
107000244,18,0,18
107000246,0,0,0
107000249,1,1,0
107000251,0,0,0
107000252,0,0,0
107000255,0,0,0
107000257,0,0,0
107000258,0,0,0
107000259,0,0,0
107000260,0,0,0
107000262,0,0,0
107000263,0,0,0
107000266,0,0,0
107000267,0,0,0
107000268,0,0,0
107000269,0,0,0
107000270,0,0,0
107000271,0,0,0
107000272,0,0,0
107000273,0,0,0
107000274,0,0,0
107000275,0,0,0
107000280,121,0,121
107000281,0,0,0
107000282,0,0,0
107000290,0,0,0
107000291,0,0,0
107000292,0,0,0
107000293,0,0,0
107000294,0,0,0
107000295,0,0,0
107000296,0,0,0
107000444,34,0,34
107000496,0,0,0
107000497,0,0,0
107000500,0,0,0
107000501,0,0,0
107000502,0,0,0
107000505,0,17,-17
107000506,0,0,0
107000508,0,0,0
107000509,0,67,-67
107000510,0,0,0
107000514,0,0,0
107000515,0,0,0
107000516,148,53,95
107000518,358,43,315
107000519,0,0,0
107000520,0,0,0
107000521,0,0,0
107000522,494,238,256
107900001,0,0,0
107900002,0,0,0
107900003,0,0,0
107900004,0,0,0
107900005,0,0,0
107900006,0,0,0
107900007,0,0,0
107900008,0,0,0
107900009,0,0,0
107900010,0,0,0
107900012,0,0,0
107900013,0,0,0
107900014,0,0,0
107900015,0,0,0
107900016,0,0,0
107900017,0,0,0
107900018,0,0,0
107900019,0,0,0
107900020,0,0,0
107900021,0,0,0
107900023,0,0,0
107900024,0,0,0
107900025,0,0,0
107900026,0,0,0
107900027,0,0,0
107900028,0,0,0
107900030,0,0,0
107900031,0,0,0
107900032,0,0,0
107900033,0,0,0
107900034,0,0,0
107900035,0,0,0
107900036,0,0,0
107900037,0,0,0
107900038,0,0,0
107900039,0,0,0
107900040,0,0,0
107900041,0,0,0
107900043,0,0,0
107900044,0,0,0
107900045,0,0,0
107900046,0,0,0
107900047,0,0,0
107900048,0,0,0
107900049,0,0,0
107900050,0,0,0
107900051,0,0,0
107900052,0,0,0
107900053,0,0,0
107900055,0,0,0
107900056,0,0,0
107900057,0,0,0
107900058,0,0,0
107900060,0,0,0
107900061,0,0,0
107900063,0,0,0
107900064,0,0,0
107900065,0,0,0
107900066,0,0,0
107900067,0,0,0
107900068,0,0,0
107900069,0,0,0
107900070,0,0,0
107900071,0,0,0
107900072,0,0,0
107900073,0,0,0
107900074,0,0,0
107900076,0,0,0
107900077,0,0,0
107900079,0,0,0
107900080,0,0,0
107900081,0,0,0
107900082,0,0,0
107900083,0,0,0
107900084,0,0,0
107900086,0,0,0
107900087,0,0,0
107900088,0,0,0
107900089,0,0,0
107900090,0,0,0
107900091,0,0,0
107900093,0,0,0
107900095,0,0,0
107900097,0,0,0
107900098,0,0,0
107900100,0,0,0
107900101,0,0,0
107900102,0,0,0
107900103,0,0,0
107900104,0,0,0
107900105,0,0,0
107900106,0,0,0
107900107,0,0,0
107900108,0,0,0
107900109,0,0,0
107900110,0,0,0
107900111,0,0,0
107900112,0,0,0
107900113,0,0,0
107900114,0,0,0
107900115,0,0,0
107900116,0,0,0
107900117,0,0,0
107900118,0,0,0
107900119,0,0,0
107900120,0,0,0
107900121,0,0,0
107900122,0,0,0
107900123,0,0,0
107900124,0,0,0
107900125,0,0,0
107900126,0,0,0
107900127,0,0,0
107900128,0,0,0
107900129,0,0,0
107900130,0,0,0
107900131,0,0,0
107900132,0,0,0
107900133,0,0,0
107900134,0,0,0
107900135,0,0,0
107900136,0,0,0
107900137,0,0,0
107900138,0,0,0
107900139,0,0,0
107900141,0,0,0
107900142,0,0,0
107900143,0,0,0
107900144,0,0,0
107900145,0,0,0
107900146,0,0,0
107900147,0,0,0
107900148,0,0,0
107900149,0,0,0
107900150,0,0,0
107900151,0,0,0
107900152,0,0,0
107900153,0,0,0
107900154,0,0,0
107900155,0,0,0
107900156,0,0,0
107900157,0,0,0
107900158,0,0,0
107900159,0,0,0
107900160,0,0,0
107900161,0,0,0
107900162,0,0,0
107900163,0,0,0
107900164,0,0,0
107900165,0,0,0
107900166,0,0,0
107900167,0,0,0
107900168,0,0,0
107900169,0,0,0
107900171,0,0,0
107900172,0,0,0
107900173,0,0,0
107900174,0,0,0
107900175,0,0,0
107900176,0,0,0
107900177,0,0,0
107900178,0,0,0
107900179,0,0,0
107900180,0,0,0
107900181,0,0,0
107900182,0,0,0
107900183,0,0,0
107900184,0,0,0
107900185,0,0,0
107900186,0,0,0
107900187,0,0,0
107900188,0,0,0
107900189,0,0,0
107900190,0,0,0
107900191,0,0,0
107900193,0,0,0
107900194,0,0,0
107900195,0,0,0
107900196,0,0,0
107900197,0,0,0
107900199,0,0,0
107900201,0,0,0
107900203,0,0,0
107900204,0,0,0
107900206,0,0,0
107900207,0,0,0
107900208,0,0,0
107900209,0,0,0
107900210,0,0,0
107900213,0,0,0
107900214,0,0,0
107900215,0,0,0
107900216,0,0,0
107900217,0,0,0
107900218,0,0,0
107900219,0,0,0
107900220,0,0,0
107900221,0,0,0
107900223,0,0,0
107900224,0,0,0
107900225,0,0,0
107900226,0,0,0
107900227,0,0,0
107900228,0,0,0
107900229,0,0,0
107900230,0,0,0
107900231,0,0,0
107900232,0,0,0
107900233,0,0,0
107900234,0,0,0
107900235,0,0,0
107900236,0,0,0
107900237,0,0,0
107900238,0,0,0
107900239,0,0,0
107900240,0,0,0
107900241,0,0,0
107900242,0,0,0
107900243,0,0,0
107900244,0,0,0
107900245,0,0,0
107900246,0,0,0
107900248,0,0,0
107900249,0,0,0
107900250,0,0,0
107900251,0,0,0
107900252,0,0,0
107900253,0,0,0
107900254,0,0,0
107900255,0,0,0
107900256,0,0,0
107900257,0,0,0
107900258,0,0,0
107900259,0,0,0
107900261,0,0,0
107900262,0,0,0
107900264,0,0,0
107900265,0,0,0
107900267,0,0,0
107900268,0,0,0
107900269,0,0,0
107900270,0,0,0
107900271,0,0,0
107900272,0,0,0
107900273,0,0,0
107900274,0,0,0
107900275,0,0,0
107900276,0,0,0
107900277,0,0,0
107900278,0,0,0
107900279,0,0,0
107900280,0,0,0
107900281,0,0,0
107900282,0,0,0
107900283,0,0,0
107900284,0,0,0
107900285,0,0,0
107900286,0,0,0
107900287,0,0,0
107900290,0,0,0
107900291,0,0,0
107900292,0,0,0
107900293,0,0,0
107900295,0,0,0
107900297,0,0,0
107900298,0,0,0
107900299,0,0,0
107900301,0,12,-12
107900302,0,0,0
107900303,0,0,0
107900304,0,0,0
107900305,0,0,0
107900306,0,0,0
107900307,0,0,0
107900308,0,0,0
107900309,0,0,0
107900310,0,0,0
107900311,0,0,0
107900312,0,0,0
107900313,0,0,0
107900314,0,0,0
107900315,0,0,0
107900316,0,0,0
107900317,0,0,0
107900318,0,0,0
107900319,0,0,0
107900320,0,0,0
107900321,0,0,0
107900322,0,0,0
107900323,0,0,0
107900324,0,0,0
107900325,0,0,0
107900326,0,0,0
107900327,0,0,0
107900328,0,0,0
107900329,0,0,0
107900330,0,0,0
107900331,0,0,0
107900332,0,0,0
107900333,0,0,0
107900334,0,0,0
107900335,0,0,0
107900336,0,0,0
107900337,0,0,0
107900338,0,0,0
107900339,0,0,0
107900340,0,0,0
107900341,0,0,0
107900342,0,0,0
107900343,0,0,0
107900344,0,0,0
107900345,0,0,0
107900346,0,0,0
107900347,0,0,0
107900348,0,0,0
107900349,0,0,0
107900350,0,0,0
107900351,0,0,0
107900352,0,0,0
107900353,0,0,0
107900354,0,0,0
108000001,1701,881,820
108000002,44,111,-67
108000003,1085,507,578
108000004,192,838,-646
108000005,3783,1219,2564
108000006,48,313,-265
108000007,3589,647,2942
108000008,269,124,145
108000009,2137,1040,1097
108000010,129,138,-9
108000011,3845,1422,2423
108000012,315,300,15
108000014,206,0,206
108000015,572,2,570
108000016,0,1,-1
108000017,704,12,692
108000018,954,44,910
108000019,134,16,118
108000020,477,70,407
108000021,0,0,0
108000022,27,49,-22
108000023,573,34,539
108000024,205,2,203
108000025,6,1,5
108000026,333,8,325
108000027,46,1,45
108000028,278,6,272
108000029,40,0,40
108000030,353,7,346
108000031,10,0,10
108000032,955,81,874
108000033,0,0,0
108000034,944,48,896
108000035,0,0,0
108000036,2,43,-41
108000037,478,59,419
108000038,740,82,658
108000039,1,11,-10
108000040,819,139,680
108000041,30,8,22
108000042,278,3,275
108000043,23,0,23
108000044,601,8,593
108000045,9,0,9
108000046,986,171,815
108000047,0,0,0
108000048,0,0,0
108000049,243,46,197
108000050,0,0,0
108000051,134,26,108
108000052,0,5,-5
108000053,188,13,175
108000054,25,17,8
108000055,200,96,104
108000056,4,9,-5
108000057,247,368,-121
108000058,290,474,-184
108000059,0,41,-41
108000060,140,67,73
108000061,0,0,0
108000062,293,29,264
108000063,0,0,0
108000064,145,49,96
108000065,0,0,0
108000066,393,43,350
108000067,783,36,747
108000068,649,114,535
108000069,0,0,0
108000070,1501,74,1427
108000071,0,0,0
108000072,1342,105,1237
108000073,0,0,0
108000074,469,102,367
108000075,0,0,0
108000076,722,302,420
108000077,0,0,0
108000078,1775,652,1123
108000079,0,0,0
108000080,938,196,742
108000081,0,0,0
108000082,0,0,0
108000083,118,46,72
108000084,0,0,0
108000085,54,50,4
108000086,0,0,0
108000087,22,206,-184
108000088,492,39,453
108000089,0,0,0
108000091,0,0,0
108000092,496,41,455
108000093,0,0,0
108000094,694,86,608
108000095,0,0,0
108000096,334,398,-64
108000097,0,0,0
108000098,1200,114,1086
108000099,87,27,60
108000100,125,70,55
108000101,713,176,537
108000102,271,544,-273
108000106,182,0,182
108000107,0,0,0
108000108,114,5,109
108000109,0,0,0
108000110,4,1,3
108000111,0,0,0
108000112,2,22,-20
108000113,114,39,75
108000115,65,3,62
108000117,102,10,92
108000118,2,44,-42
108000119,51,1,50
108000120,513,153,360
108000121,81,13,68
108000122,629,35,594
108000123,524,56,468
108000124,0,0,0
108000125,312,36,276
108000126,0,0,0
108000127,505,14,491
108000128,0,0,0
108000129,0,0,0
108000130,342,16,326
108000131,363,71,292
108000132,0,0,0
108000133,673,63,610
108000134,0,0,0
108000135,1117,24,1093
108000136,0,0,0
108000137,53,0,53
108000138,0,18,-18
108000139,1,39,-38
108000140,0,0,0
108000141,0,0,0
108000142,0,0,0
108000143,0,0,0
108000144,0,0,0
108000145,0,0,0
108000146,0,0,0
108000147,0,0,0
108000148,0,0,0
108000149,0,0,0
108000150,0,0,0
108000151,0,0,0
108000152,0,0,0
108000153,0,0,0
108000154,0,0,0
108000155,0,0,0
108000156,0,0,0
108000157,0,0,0
108000158,0,0,0
108000159,5,16,-11
108000160,64,6,58
108000161,174,46,128
108000165,0,0,0
108000172,0,0,0
108000173,0,0,0
108000175,218,31,187
108000178,0,0,0
108000179,24,362,-338
108000181,0,0,0
108000182,0,0,0
108000183,0,0,0
108000184,2,119,-117
108000185,0,0,0
108000186,0,0,0
108000187,0,0,0
108000188,0,0,0
108000189,39,14,25
108000190,0,0,0
108000192,0,0,0
108000193,0,130,-130
108000194,9,0,9
108000195,0,0,0
108000196,32,0,32
108000198,0,0,0
108000199,0,0,0
108000200,0,0,0
108000203,0,0,0
108000204,0,0,0
108000205,0,0,0
108000339,139,3,136
108000364,5,23,-18
108000365,0,3,-3
108000367,0,0,0
108000368,0,0,0
108000369,0,0,0
108000371,0,0,0
108000372,106,0,106
108000373,79,9,70
108000376,0,0,0
108000377,50,41,9
108000378,4117,1978,2139
108000379,0,0,0
108000381,0,0,0
108000382,30,0,30
108000383,0,0,0
108900001,0,0,0
108900002,0,0,0
108900003,0,0,0
108900004,43,15,28
108900007,41,6,35
108900008,0,0,0
108900009,4,1,3
108900010,0,0,0
108900011,28,6,22
108900012,3,1,2
108900013,26,7,19
108900014,0,0,0
108900015,0,0,0
108900016,0,0,0
108900017,0,0,0
108900018,0,0,0
108900019,0,0,0
108900020,0,0,0
108900021,0,0,0
108900022,0,0,0
108900023,0,0,0
108900024,0,0,0
108900025,0,0,0
108900026,0,0,0
108900027,0,0,0
108900028,0,0,0
108900029,0,0,0
108900030,0,0,0
108900031,0,0,0
108900032,0,0,0
108900033,0,0,0
108900034,0,0,0
108900035,0,0,0
108900038,0,0,0
108900039,0,0,0
108900040,0,0,0
108900041,97,27,70
108900042,0,0,0
108900043,0,0,0
108900044,0,0,0
108900045,0,0,0
108900046,0,0,0
108900047,0,0,0
108900048,0,0,0
108900049,0,0,0
108900050,0,0,0
108900051,0,0,0
108900052,0,0,0
108900053,0,0,0
108900054,0,0,0
108900055,0,0,0
108900056,0,0,0
108900057,0,0,0
108900058,0,0,0
108900059,0,0,0
108900060,0,0,0
108900061,0,0,0
108900062,0,0,0
108900063,0,0,0
108900064,0,0,0
108900065,0,0,0
108900066,26,2,24
108900067,0,0,0
108900068,0,0,0
108900069,0,0,0
108900070,0,0,0
108900071,1,1,0
108900072,0,0,0
108900073,0,0,0
108900074,0,0,0
108900075,0,0,0
108900076,2,0,2
108900077,0,0,0
108900078,0,0,0
108900079,0,0,0
108900080,0,0,0
108900081,0,0,0
108900082,0,0,0
108900083,0,0,0
108900085,0,0,0
108900086,0,0,0
108900087,0,0,0
108900088,17,1,16
108900089,0,0,0
108900090,0,0,0
108900091,0,0,0
108900092,45,15,30
108900093,0,0,0
108900094,0,0,0
108900095,0,0,0
108900096,0,0,0
108900097,7,2,5
108900098,0,0,0
108900099,13,0,13
108900100,0,0,0
108900101,0,0,0
108900102,0,0,0
108900103,0,0,0
108900105,0,0,0
108900106,10,1,9
108900108,0,0,0
108900109,0,0,0
108900110,3,3,0
108900111,3,0,3
108900113,0,0,0
108900114,0,0,0
108900115,0,0,0
108900116,0,0,0
108900117,0,0,0
108900118,0,0,0
108900119,0,0,0
108900120,0,0,0
108900121,0,0,0
108900122,0,0,0
108900123,0,0,0
108900124,0,0,0
108900125,0,0,0
108900126,0,0,0
108900127,0,0,0
108900128,0,0,0
108900129,0,0,0
108900130,0,0,0
108900131,0,0,0
108900132,0,0,0
108900133,0,0,0
108900134,0,0,0
108900135,0,0,0
108900136,0,0,0
108900137,0,0,0
108900138,0,0,0
108900140,0,0,0
108900141,0,0,0
108900142,0,0,0
108900143,0,0,0
108900144,0,0,0
108900145,0,0,0
108900146,0,0,0
108900147,0,0,0
108900148,0,0,0
108900150,0,0,0
108900151,0,0,0
108900152,0,0,0
108900153,0,0,0
108900154,1,0,1
108900156,0,0,0
108900157,0,0,0
108900158,0,0,0
108900159,0,0,0
108900160,0,0,0
108900161,0,0,0
108900162,0,0,0
108900163,0,0,0
108900164,0,0,0
108900168,0,0,0
108900169,0,0,0
108900171,23,33,-10
108900172,0,0,0
108900173,0,0,0
108900174,0,0,0
108900176,0,0,0
108900177,0,0,0
108900178,0,0,0
108900180,1,2,-1
108900183,0,0,0
108900184,11,2,9
108900185,0,0,0
108900186,0,0,0
108900189,24,2,22
108900190,0,0,0
108900192,0,0,0
108900195,0,0,0
108900196,0,0,0
108900199,1,0,1
108900200,0,0,0
108900201,0,0,0
108900203,0,0,0
108900204,0,0,0
108900205,0,0,0
108900206,0,0,0
108900207,0,0,0
108900208,0,0,0
108900209,0,0,0
108900210,0,0,0
108900211,0,0,0
108900212,0,0,0
108900215,0,0,0
108900216,0,0,0
108900217,0,0,0
108900218,0,0,0
108900221,0,0,0
108900224,0,0,0
108900225,0,0,0
108900227,0,0,0
108900230,0,0,0
108900232,0,0,0
108900233,0,0,0
108900234,0,0,0
108900235,0,0,0
108900236,0,0,0
108900240,0,0,0
108900241,0,0,0
108900245,0,0,0
108900250,0,0,0
108900258,0,0,0
108900259,0,0,0
108900260,0,0,0
108900261,0,0,0
108900262,0,0,0
108900263,0,0,0
108900264,0,0,0
108900265,0,0,0
108900266,0,0,0
108900267,0,0,0
108900268,0,0,0
108900269,0,0,0
108900270,0,0,0
108900271,0,0,0
108900272,0,0,0
108900273,0,0,0
108900274,0,0,0
109000001,554,385,169
109000002,2,168,-166
109000003,1434,123,1311
109000004,0,111,-111
109000005,1284,112,1172
109000006,1,67,-66
109000007,1322,113,1209
109000008,0,85,-85
109000009,1481,188,1293
109000010,39,95,-56
109000011,1819,384,1435
109000012,26,85,-59
109000013,2473,729,1744
109000014,10,99,-89
109000015,3216,391,2825
109000016,49,111,-62
109000017,1671,422,1249
109000018,49,103,-54
109000019,1365,188,1177
109000020,4,27,-23
109000023,7,0,7
109000024,0,0,0
109000025,0,0,0
109000026,41,1,40
109000027,0,0,0
109000028,7,1,6
109000029,0,0,0
109000030,0,0,0
109000031,276,35,241
109000032,0,0,0
109000033,139,36,103
109000034,0,0,0
109000035,0,0,0
109000036,6,3,3
109000037,0,0,0
109000038,19,30,-11
109000039,0,0,0
109000040,0,0,0
109000041,69,58,11
109000042,6,54,-48
109000044,120,17,103
109000045,0,0,0
109000046,81,16,65
109000047,0,0,0
109000048,175,10,165
109000049,0,0,0
109000050,195,15,180
109000051,0,0,0
109000052,0,0,0
109000053,0,0,0
109000054,0,0,0
109000055,0,0,0
109000056,0,0,0
109000057,0,0,0
109000058,0,0,0
109000059,0,0,0
109000060,1,3,-2
109000061,0,0,0
109000062,0,4,-4
109000063,0,0,0
109000064,2,35,-33
109000065,0,0,0
109000066,3,2,1
109000067,0,0,0
109000068,134,0,134
109000069,257,14,243
109000070,0,0,0
109000071,0,0,0
109000072,0,0,0
109000073,0,0,0
109000074,0,0,0
109000075,0,0,0
109000076,15,23,-8
109000077,28,0,28
109000078,0,2,-2
109000079,4,2,2
109000080,10,0,10
109000081,8,4,4
109000082,45,4,41
109000083,30,5,25
109000088,0,24,-24
109000089,0,0,0
109000090,1,14,-13
109000091,0,0,0
109000092,0,37,-37
109000093,0,0,0
109000094,1,0,1
109000095,1,4,-3
109000096,45,13,32
109000097,0,0,0
109000098,33,17,16
109000099,145,17,128
109000100,9,30,-21
109000101,295,38,257
109000102,10,19,-9
109000103,28,19,9
109000104,335,4,331
109000105,10,36,-26
109000106,253,5,248
109000107,14,19,-5
109000108,320,31,289
109000109,12,33,-21
109000110,107,46,61
109000111,2,56,-54
109000112,0,0,0
109000113,9,1,8
109000114,141,13,128
109000115,123,8,115
109000116,0,0,0
109000117,59,1,58
109000118,0,6,-6
109000119,283,0,283
109000120,0,0,0
109000121,269,1,268
109000122,0,0,0
109000123,0,0,0
109000124,38,0,38
109000125,472,4,468
109000126,0,4,-4
109000127,516,8,508
109000128,19,3,16
109000129,379,23,356
109000130,0,1,-1
109000131,113,267,-154
109000132,21,32,-11
109000133,0,0,0
109000134,0,0,0
109000135,0,0,0
109000136,72,24,48
109000137,45,7,38
109000138,30,5,25
109000139,65,28,37
109000140,5,9,-4
109000141,74,10,64
109000142,2,0,2
109000143,0,0,0
109000145,0,0,0
109000146,38,26,12
109000148,0,0,0
109000149,0,0,0
109000150,3,112,-109
109000155,0,0,0
109000156,266,21,245
109000158,0,0,0
109000159,54,6,48
109000160,0,0,0
109000161,457,44,413
109000162,70,5,65
109000163,365,25,340
109000164,39,6,33
109000165,420,106,314
109000166,43,10,33
109000167,2,0,2
109000170,0,0,0
109000171,0,0,0
109000172,0,0,0
109000173,0,0,0
109000174,0,0,0
109000175,0,0,0
109000176,26,2,24
109000177,0,0,0
109000178,38,0,38
109000179,0,0,0
109000180,0,0,0
109000181,0,0,0
109000182,0,0,0
109000183,16,0,16
109000184,0,0,0
109000185,0,0,0
109000188,57,10,47
109000189,29,0,29
109000190,0,0,0
109000191,341,51,290
109000192,0,0,0
109000193,0,0,0
109000194,0,0,0
109000195,0,0,0
109000196,0,0,0
109000197,0,0,0
109000198,0,0,0
109000199,0,0,0
109000206,0,0,0
109000207,0,0,0
109000208,0,0,0
109000209,0,0,0
109000210,4,1,3
109000211,0,0,0
109000214,8,74,-66
109000215,204,11,193
109000216,26,219,-193
109000217,0,0,0
109000218,0,0,0
109000221,0,22,-22
109000222,4,13,-9
109000223,24,58,-34
109000224,0,0,0
109000225,7,1,6
109000226,35,1,34
109000227,52,8,44
109000228,0,0,0
109000231,0,2,-2
109000232,92,1,91
109000236,0,0,0
109000241,94,7,87
109000242,313,25,288
109000293,0,0,0
109000361,24,6,18
109000364,0,0,0
109000396,0,7,-7
109000397,1,0,1
109000399,0,6,-6
109000400,0,0,0
109000403,0,0,0
109000406,73,0,73
109000407,0,0,0
109000408,0,70,-70
109000410,0,0,0
109000411,6,0,6
109000412,0,0,0
109900001,0,0,0
109900002,0,0,0
109900003,0,0,0
109900005,0,0,0
109900006,0,0,0
109900007,0,0,0
109900008,0,0,0
109900009,0,0,0
109900010,0,0,0
109900011,0,0,0
109900012,0,0,0
109900013,0,0,0
109900014,0,0,0
109900015,0,0,0
109900016,0,0,0
109900017,0,0,0
109900018,0,0,0
109900019,0,0,0
109900020,0,0,0
109900021,0,0,0
109900022,5,0,5
109900023,0,0,0
109900024,0,0,0
109900025,0,0,0
109900027,0,0,0
109900028,0,0,0
109900029,0,0,0
109900030,0,0,0
109900031,0,0,0
109900032,0,0,0
109900033,0,0,0
109900034,0,0,0
109900035,0,0,0
109900036,0,0,0
109900037,0,0,0
109900038,0,0,0
109900039,0,0,0
109900040,0,0,0
109900041,0,0,0
109900042,0,0,0
109900044,0,0,0
109900045,0,0,0
109900046,124,10,114
109900047,0,0,0
109900048,0,0,0
109900049,0,0,0
109900050,0,0,0
109900051,0,0,0
109900052,0,0,0
109900053,0,0,0
109900054,0,0,0
109900055,0,0,0
109900056,0,0,0
109900057,0,0,0
109900058,0,0,0
109900060,0,0,0
109900061,0,0,0
109900062,0,0,0
109900064,16,0,16
109900065,0,0,0
109900066,0,0,0
109900067,0,0,0
109900068,0,0,0
109900069,0,0,0
109900071,0,0,0
109900072,0,0,0
109900073,0,0,0
109900074,0,0,0
109900075,0,0,0
109900076,0,0,0
109900077,0,0,0
109900078,0,0,0
109900080,0,0,0
109900081,0,0,0
109900082,0,0,0
109900083,0,0,0
109900084,0,0,0
109900085,0,0,0
109900086,0,0,0
109900087,0,0,0
109900089,0,0,0
109900092,0,0,0
109900093,0,0,0
109900094,0,0,0
109900095,0,0,0
109900096,0,0,0
109900097,0,0,0
109900098,0,0,0
109900099,0,0,0
109900100,0,0,0
109900101,0,0,0
109900102,0,0,0
109900103,0,0,0
109900104,0,0,0
109900105,0,0,0
109900106,0,0,0
109900107,0,0,0
109900108,0,0,0
109900109,0,0,0
109900111,0,0,0
109900114,0,0,0
109900115,0,0,0
109900117,0,0,0
109900121,0,0,0
109900123,0,0,0
109900125,0,0,0
109900126,0,0,0
109900130,0,0,0
109900131,0,0,0
109900132,0,0,0
109900134,0,0,0
109900135,0,0,0
109900137,0,0,0
109900140,0,0,0
109900149,0,0,0
109900150,0,0,0
109900151,0,0,0
109900152,0,0,0
109900153,0,0,0
109900154,0,0,0
109900155,0,0,0
109900157,0,0,0
109900159,0,0,0
109900161,0,0,0
109900162,0,0,0
109900163,0,0,0
109900164,0,0,0
109900165,0,0,0
109900166,0,0,0
109900167,0,0,0
109900168,0,0,0
109900169,0,0,0
109900170,0,0,0
109900171,0,0,0
109900172,0,0,0
109900173,0,0,0
109900174,0,0,0
109900175,0,0,0
109900176,0,0,0
109900177,0,0,0
109900178,0,0,0
109900179,0,0,0
109900180,0,0,0
110000001,13,47,-34
110000002,469,214,255
110000003,31,180,-149
110000004,421,182,239
110000005,45,102,-57
110000006,2,36,-34
110000007,9,0,9
110000008,0,0,0
110000009,0,0,0
110000010,0,0,0
110000011,0,1,-1
110000012,0,0,0
110000013,2,3,-1
110000014,6,10,-4
110000015,5,0,5
110000016,16,45,-29
110000017,41,44,-3
110000018,11,17,-6
110000019,0,0,0
110000020,0,0,0
110000021,1,11,-10
110000022,0,0,0
110000023,0,0,0
110000024,0,0,0
110000025,0,0,0
110000026,0,0,0
110000027,9,61,-52
110000028,98,6,92
110000029,0,0,0
110000030,47,4,43
110000031,0,0,0
110000032,24,8,16
110000033,1,0,1
110000034,3,0,3
110000035,18,34,-16
110000036,41,0,41
110000037,1,30,-29
110000038,20,1,19
110000039,119,56,63
110000040,0,0,0
110000041,187,81,106
110000042,0,0,0
110000043,81,61,20
110000044,0,0,0
110000045,1,12,-11
110000046,0,0,0
110000047,0,6,-6
110000048,0,0,0
110000049,4,4,0
110000050,0,0,0
110000051,1,0,1
110000052,0,14,-14
110000053,0,0,0
110000054,0,0,0
110000055,20,0,20
110000056,90,20,70
110000057,0,0,0
110000058,59,94,-35
110000059,32,94,-62
110000060,674,112,562
110000061,7,63,-56
110000062,535,141,394
110000063,0,0,0
110000064,0,2,-2
110000065,0,0,0
110000066,0,0,0
110000067,1,0,1
110000068,2,14,-12
110000069,0,0,0
110000071,0,0,0
110000073,0,0,0
110000075,0,0,0
110000076,0,0,0
110000077,0,0,0
110000078,0,0,0
110000080,52,10,42
110000081,0,0,0
110000082,0,0,0
110000083,25,34,-9
110000084,299,117,182
110000085,94,149,-55
110000086,230,178,52
110000087,1,8,-7
110000088,0,54,-54
110000089,159,0,159
110000090,0,0,0
110000091,0,0,0
110000092,0,0,0
110000093,73,4,69
110000094,4,1,3
110000095,357,25,332
110000096,91,21,70
110000097,519,74,445
110000098,351,19,332
110000099,26,33,-7
110000100,48,0,48
110000101,0,0,0
110000102,0,0,0
110000104,0,0,0
110000105,17,4,13
110000106,0,0,0
110000107,7,34,-27
110000108,392,15,377
110000109,0,0,0
110000110,350,99,251
110000111,0,0,0
110000112,0,0,0
110000113,0,1,-1
110000114,0,2,-2
110000115,14,12,2
110000116,3,7,-4
110000117,0,0,0
110000118,116,17,99
110000119,0,0,0
110000120,53,3,50
110000121,0,0,0
110000122,8,1,7
110000123,81,3,78
110000124,0,0,0
110000125,310,15,295
110000126,107,3,104
110000127,217,4,213
110000128,0,0,0
110000129,0,0,0
110000130,36,16,20
110000131,0,0,0
110000132,0,0,0
110000133,0,0,0
110000134,0,0,0
110000135,9,0,9
110000136,0,0,0
110000137,72,0,72
110000138,0,0,0
110000139,109,2,107
110000140,584,34,550
110000143,81,1,80
110000144,824,261,563
110000145,252,78,174
110000146,478,96,382
110000147,0,0,0
110000148,30,16,14
110000151,11,68,-57
110000152,0,9,-9
110000153,0,0,0
110000154,0,0,0
110000155,124,156,-32
110000156,7,42,-35
110000157,12,170,-158
110000160,0,0,0
110000161,0,0,0
110000166,0,0,0
110000167,360,32,328
110000168,434,22,412
110000169,173,66,107
110000170,5,9,-4
110000171,72,1,71
110000172,8,15,-7
110000173,45,2,43
110000174,0,0,0
110000175,34,1,33
110000176,22,17,5
110000177,11,49,-38
110000178,106,29,77
110000179,55,51,4
110000180,111,30,81
110000181,76,3,73
110000182,60,0,60
110000183,149,36,113
110000184,63,62,1
110000185,0,0,0
110000186,0,0,0
110000191,163,0,163
110000192,0,0,0
110000193,0,0,0
110000194,0,0,0
110000195,0,0,0
110000196,0,0,0
110000197,0,0,0
110000198,0,0,0
110000199,0,0,0
110000200,2,0,2
110000201,0,0,0
110000202,0,0,0
110000203,0,0,0
110000204,0,0,0
110000205,0,0,0
110000206,0,0,0
110000207,0,0,0
110000208,0,0,0
110000209,0,0,0
110000210,730,141,589
110000211,512,122,390
110000212,116,47,69
110000213,5,0,5
110000214,8,0,8
110000215,0,0,0
110000216,0,0,0
110000217,102,0,102
110000218,0,0,0
110000219,94,0,94
110000220,0,0,0
110000221,29,0,29
110000222,0,0,0
110000223,0,0,0
110000224,0,0,0
110000225,0,0,0
110000226,274,9,265
110000227,0,0,0
110000228,62,11,51
110000229,0,0,0
110000230,214,32,182
110000231,62,88,-26
110000232,0,0,0
110000233,59,9,50
110000234,74,6,68
110000235,159,55,104
110000236,0,0,0
110000237,0,0,0
110000238,352,98,254
110000239,0,0,0
110000240,0,0,0
110000242,0,0,0
110000243,0,0,0
110000244,0,0,0
110000245,0,0,0
110000246,5,5,0
110000247,43,75,-32
110000248,62,45,17
110000249,0,0,0
110000250,0,0,0
110000251,9,1,8
110000252,37,22,15
110000253,33,13,20
110000254,0,0,0
110000255,0,0,0
110000256,36,44,-8
110000257,16,0,16
110000258,1,14,-13
110000259,0,0,0
110000260,0,3,-3
110000263,0,0,0
110000264,14,0,14
110000265,736,63,673
110000266,322,275,47
110000267,0,0,0
110000268,0,0,0
110000269,0,0,0
110000270,0,0,0
110000271,114,0,114
110000272,133,99,34
110000273,74,136,-62
110000274,11,186,-175
110000275,120,30,90
110000276,2,54,-52
110000277,328,32,296
110000278,2,119,-117
110000279,409,79,330
110000280,237,23,214
110000281,0,0,0
110000282,13,0,13
110000283,0,0,0
110000284,0,0,0
110000285,0,0,0
110000286,13,21,-8
110000287,51,1,50
110000288,0,0,0
110000289,0,0,0
110000290,0,0,0
110000291,160,11,149
110000292,0,0,0
110000293,178,7,171
110000294,0,0,0
110000295,101,2,99
110000296,0,0,0
110000297,0,0,0
110000298,0,0,0
110000299,0,0,0
110000301,0,0,0
110000302,0,0,0
110000303,0,0,0
110000304,0,0,0
110000305,57,0,57
110000306,0,0,0
110000307,70,0,70
110000308,58,0,58
110000309,0,0,0
110000310,109,0,109
110000311,0,0,0
110000312,4,0,4
110000313,0,0,0
110000314,0,0,0
110000315,19,105,-86
110000316,14,105,-91
110000317,0,0,0
110000318,0,0,0
110000319,0,0,0
110000320,0,0,0
110000321,0,0,0
110000322,5,16,-11
110000323,0,0,0
110000324,0,0,0
110000325,504,278,226
110000327,113,1,112
110000328,0,0,0
110000333,67,132,-65
110000334,2,1,1
110000335,13,3,10
110000336,2,1,1
110000337,525,126,399
110000338,21,0,21
110000339,6,18,-12
110000340,0,0,0
110000341,95,0,95
110000342,7,1,6
110000343,0,0,0
110000344,0,0,0
110000345,0,1,-1
110000346,438,97,341
110000347,480,153,327
110000348,0,0,0
110000349,0,0,0
110000350,0,0,0
110000351,366,67,299
110000352,0,0,0
110000353,571,39,532
110000354,0,2,-2
110000355,0,0,0
110000356,72,0,72
110000357,0,0,0
110000361,0,0,0
110000362,0,0,0
110000363,74,0,74
110000364,46,44,2
110000365,28,0,28
110000366,0,0,0
110000367,0,0,0
110000368,0,0,0
110000369,24,0,24
110000373,0,0,0
110000374,0,0,0
110000375,72,3,69
110000376,0,0,0
110000377,87,80,7
110000378,0,0,0
110000379,403,93,310
110000380,103,0,103
110000383,0,0,0
110000384,134,4,130
110000385,0,0,0
110000387,32,0,32
110000388,0,0,0
110000389,482,1,481
110000391,169,40,129
110000396,0,0,0
110000397,0,0,0
110000398,0,0,0
110000399,324,3,321
110000587,0,0,0
110000589,8,0,8
110000640,0,0,0
110000652,0,0,0
110000653,0,0,0
110000654,0,0,0
110000656,0,0,0
110000674,0,0,0
110000675,0,0,0
110000676,0,0,0
110000679,2,2,0
110000682,23,19,4
110000683,96,10,86
110000684,0,0,0
110000685,0,0,0
110000686,0,0,0
110000687,0,0,0
110000688,22,0,22
110000689,0,0,0
110000692,0,2,-2
110000693,0,0,0
110000694,0,0,0
110000695,0,0,0
110000696,34,8,26
110000698,14,32,-18
110000699,0,0,0
110900001,0,0,0
110900002,0,0,0
110900003,0,0,0
110900004,0,0,0
110900005,0,0,0
110900006,0,0,0
110900007,0,0,0
110900008,0,0,0
110900009,0,0,0
110900010,0,0,0
110900011,0,0,0
110900012,0,0,0
110900013,0,0,0
110900014,0,0,0
110900015,0,0,0
110900016,0,0,0
110900017,0,0,0
110900018,0,0,0
110900019,0,0,0
110900020,0,0,0
110900021,0,0,0
110900022,0,0,0
110900023,0,0,0
110900024,0,0,0
110900025,0,0,0
110900027,0,0,0
110900028,0,0,0
110900029,0,0,0
110900030,0,0,0
110900031,0,0,0
110900032,0,0,0
110900033,0,0,0
110900035,0,0,0
110900036,0,0,0
110900037,0,0,0
110900038,0,0,0
110900039,0,0,0
110900040,0,0,0
110900041,0,0,0
110900042,0,0,0
110900043,0,0,0
110900044,0,0,0
110900045,0,0,0
110900046,0,0,0
110900047,0,0,0
110900049,0,0,0
110900050,0,0,0
110900052,0,0,0
110900053,0,0,0
110900054,0,0,0
110900055,0,0,0
110900056,0,0,0
110900057,0,0,0
110900058,0,0,0
110900059,0,0,0
110900060,0,0,0
110900061,0,0,0
110900062,0,0,0
110900063,0,0,0
110900064,0,0,0
110900065,0,0,0
110900066,0,0,0
110900067,0,0,0
110900068,0,0,0
110900069,0,0,0
110900070,0,0,0
110900071,0,0,0
110900073,0,0,0
110900074,0,0,0
110900075,0,0,0
110900077,0,0,0
110900078,0,0,0
110900079,18,12,6
110900080,0,0,0
110900081,0,0,0
110900082,0,0,0
110900083,0,0,0
110900084,0,0,0
110900085,0,0,0
110900086,0,0,0
110900087,0,0,0
110900088,0,0,0
110900090,0,0,0
110900091,0,0,0
110900093,0,0,0
110900095,0,0,0
110900097,0,0,0
110900098,0,0,0
110900099,0,0,0
110900100,0,0,0
110900102,0,0,0
110900105,0,0,0
110900108,0,0,0
110900111,0,0,0
110900112,0,0,0
110900113,0,0,0
110900115,0,0,0
110900116,0,0,0
110900118,0,0,0
110900119,0,0,0
110900120,0,0,0
110900121,0,0,0
110900122,0,0,0
110900125,0,0,0
110900127,0,0,0
110900128,0,0,0
110900129,0,0,0
110900130,0,0,0
110900131,0,0,0
110900132,0,0,0
110900133,0,0,0
110900135,0,0,0
110900136,0,0,0
110900139,0,0,0
110900140,0,0,0
110900141,0,0,0
110900142,0,0,0
110900143,0,0,0
110900144,0,0,0
110900145,0,0,0
110900146,0,0,0
110900147,0,0,0
110900148,0,0,0
110900149,0,0,0
110900150,0,0,0
110900151,0,0,0
110900152,0,0,0
110900153,0,0,0
111000001,24,41,-17
111000002,0,0,0
111000003,389,70,319
111000004,0,0,0
111000005,602,83,519
111000006,0,0,0
111000007,620,97,523
111000008,0,0,0
111000009,2,124,-122
111000010,375,116,259
111000011,4,31,-27
111000012,245,40,205
111000013,11,34,-23
111000014,560,103,457
111000017,0,0,0
111000018,0,0,0
111000020,0,0,0
111000021,27,1,26
111000023,52,4,48
111000025,83,90,-7
111000029,0,0,0
111000030,0,0,0
111000031,337,61,276
111000032,33,8,25
111000033,55,4,51
111000034,0,20,-20
111000037,0,0,0
111000038,23,6,17
111000039,0,4,-4
111000040,17,13,4
111000041,0,0,0
111000042,0,0,0
111000043,787,64,723
111000044,738,50,688
111000045,1095,359,736
111000046,574,115,459
111000047,607,171,436
111000049,73,17,56
111000050,0,0,0
111000051,0,0,0
111000052,0,0,0
111000053,0,0,0
111000054,0,0,0
111000055,0,0,0
111000056,0,0,0
111000057,0,0,0
111000058,97,1,96
111000059,311,122,189
111000060,1484,84,1400
111000061,90,7,83
111000062,474,5,469
111000063,579,35,544
111000064,629,39,590
111000065,634,33,601
111000066,172,43,129
111000067,0,0,0
111000068,0,0,0
111000069,0,0,0
111000070,0,0,0
111000071,0,0,0
111000072,866,97,769
111000073,344,85,259
111000074,987,178,809
111000075,185,12,173
111000076,243,30,213
111000077,701,155,546
111000078,153,31,122
111000079,225,40,185
111000080,95,30,65
111000081,120,27,93
111000082,154,24,130
111000084,61,143,-82
111000085,35,14,21
111000086,152,19,133
111000087,164,7,157
111000088,60,28,32
111000089,99,9,90
111000090,68,32,36
111000091,0,0,0
111000092,0,0,0
111000093,0,0,0
111000094,20,1,19
111000095,5,9,-4
111000096,34,34,0
111000097,0,0,0
111000098,0,0,0
111000099,0,0,0
111000100,0,0,0
111000101,0,0,0
111000102,0,0,0
111000104,98,2,96
111000107,0,0,0
111000109,61,9,52
111000110,334,34,300
111000111,879,40,839
111000112,764,12,752
111000113,399,94,305
111000114,215,78,137
111000115,771,124,647
111000116,247,10,237
111000117,62,8,54
111000118,152,30,122
111000119,240,33,207
111000120,299,35,264
111000121,134,31,103
111000122,1,8,-7
111000123,2,3,-1
111000124,0,0,0
111000125,0,0,0
111000126,0,0,0
111000127,270,25,245
111000128,727,18,709
111000129,996,23,973
111000130,1254,29,1225
111000131,880,22,858
111000132,386,38,348
111000133,6,29,-23
111000134,10,3,7
111000135,0,0,0
111000136,275,4,271
111000138,3,5,-2
111000140,0,0,0
111000141,1,0,1
111000142,0,0,0
111000143,0,0,0
111000144,0,0,0
111000145,2,0,2
111000146,0,1,-1
111000147,20,0,20
111000148,30,10,20
111000149,0,0,0
111000150,25,0,25
111000151,0,0,0
111000153,85,4,81
111000154,25,1,24
111000155,45,6,39
111000156,112,33,79
111000157,74,86,-12
111000158,190,161,29
111000159,232,79,153
111000160,45,6,39
111000161,0,84,-84
111000162,0,0,0
111000163,0,0,0
111000164,0,0,0
111000165,108,4,104
111000166,0,0,0
111000167,0,0,0
111000168,3,26,-23
111000169,86,22,64
111000170,41,4,37
111000171,47,2,45
111000172,4,7,-3
111000173,48,32,16
111000174,15,1,14
111000175,0,1,-1
111000176,0,0,0
111000177,0,0,0
111000178,0,0,0
111000179,0,0,0
111000180,0,0,0
111000181,78,0,78
111000182,72,0,72
111000183,44,16,28
111000184,125,13,112
111000185,3,0,3
111000186,35,0,35
111000187,25,0,25
111000188,7,0,7
111000189,0,0,0
111000190,0,0,0
111000191,0,0,0
111000192,0,0,0
111000193,0,0,0
111000194,0,0,0
111000195,0,0,0
111000196,0,0,0
111000197,40,3,37
111000198,99,4,95
111000199,94,1,93
111000200,279,4,275
111000201,134,0,134
111000202,77,7,70
111000203,129,6,123
111000204,49,153,-104
111000213,96,62,34
111000214,246,29,217
111000215,151,25,126
111000217,242,11,231
111000218,63,122,-59
111000219,0,0,0
111000220,147,64,83
111000221,21,32,-11
111000224,0,0,0
111000225,36,5,31
111000226,0,0,0
111000227,18,0,18
111000228,0,0,0
111000229,0,0,0
111000230,21,3,18
111000231,152,11,141
111000232,0,0,0
111000233,0,0,0
111000234,0,0,0
111000239,0,0,0
111000240,10,16,-6
111000241,0,0,0
111000242,48,7,41
111000243,0,0,0
111000244,23,18,5
111000245,148,12,136
111000246,113,51,62
111000247,0,0,0
111000248,84,34,50
111000249,0,0,0
111000250,0,0,0
111000251,0,0,0
111000253,0,0,0
111000255,0,0,0
111000257,0,0,0
111000260,0,0,0
111000261,47,1,46
111000271,0,0,0
111000273,13,6,7
111000274,192,218,-26
111000275,30,3,27
111000276,0,0,0
111000277,0,0,0
111000278,102,2,100
111000291,221,342,-121
111000298,0,0,0
111000299,82,0,82
111000300,0,0,0
111000302,0,0,0
111000303,0,0,0
111000312,0,0,0
111000315,0,0,0
111000320,1,6,-5
111000321,1,19,-18
111000322,45,0,45
111000323,8,1,7
111000324,1,2,-1
111000325,0,0,0
111000326,13,0,13
111000327,46,9,37
111000328,53,43,10
111000329,0,0,0
111000330,5,1,4
111000331,48,1,47
111000332,69,110,-41
111000334,2,10,-8
111000335,61,7,54
111000337,98,0,98
111000338,0,0,0
111000339,1,6,-5
111000340,0,1,-1
111000341,120,15,105
111000342,0,0,0
111000344,156,6,150
111000345,3,11,-8
111000346,0,0,0
111000347,0,0,0
111000350,11,2,9
111000351,0,0,0
111000352,24,0,24
111000353,0,0,0
111000354,4,0,4
111000355,0,0,0
111000358,27,6,21
111000360,15,0,15
111000361,22,6,16
111000546,1,1,0
111000547,115,4,111
111000548,0,1,-1
111000549,82,1,81
111000550,0,0,0
111000551,69,1,68
111000552,2,6,-4
111000907,240,8,232
111000908,7,0,7
111000916,131,0,131
111000917,0,0,0
111000918,7,2,5
111000920,41,0,41
111000921,0,0,0
111000922,0,0,0
111000924,0,0,0
111000925,1729,156,1573
111000926,91,32,59
111000927,1393,267,1126
111000928,214,186,28
111000929,1210,162,1048
111000930,23,69,-46
111000931,1388,292,1096
111000932,111,68,43
111000933,1437,453,984
111000934,10,50,-40
111000935,745,66,679
111000936,6,25,-19
111000937,493,143,350
111000938,17,47,-30
111000939,148,0,148
111000940,0,0,0
111000941,26,0,26
111000943,0,0,0
111000944,7,6,1
111000945,31,0,31
111001109,186,4,182
111001110,0,0,0
111001111,5,4,1
111001112,127,0,127
111001113,1,88,-87
111001114,2,0,2
111001115,0,0,0
111001116,273,33,240
111001117,0,0,0
111001120,2,3,-1
111001121,0,0,0
111001122,0,0,0
111001123,20,23,-3
111001124,0,0,0
111001125,3,74,-71
111001126,0,0,0
111001127,0,0,0
111001128,72,9,63
111001129,0,0,0
111900001,0,0,0
111900002,0,0,0
111900003,0,0,0
111900004,0,0,0
111900006,0,0,0
111900007,0,0,0
111900008,0,0,0
111900009,0,0,0
111900010,0,0,0
111900012,0,0,0
111900013,0,0,0
111900014,12,0,12
111900015,0,0,0
111900016,0,0,0
111900017,0,0,0
111900018,0,0,0
111900019,0,0,0
111900020,0,0,0
111900021,0,0,0
111900022,0,0,0
111900023,0,0,0
111900024,2,0,2
111900025,0,0,0
111900026,0,0,0
111900027,0,0,0
111900028,0,0,0
111900029,0,0,0
111900030,0,0,0
111900032,0,0,0
111900033,0,0,0
111900034,0,0,0
111900035,0,0,0
111900036,0,0,0
111900038,0,0,0
111900039,0,0,0
111900040,0,0,0
111900042,0,0,0
111900043,0,0,0
111900044,0,0,0
111900046,0,0,0
111900048,0,0,0
111900049,0,0,0
111900050,0,0,0
111900051,0,0,0
111900052,0,0,0
111900053,0,0,0
111900054,0,0,0
111900055,0,0,0
111900056,0,0,0
111900057,8,0,8
111900058,0,0,0
111900059,65,29,36
111900060,0,0,0
111900061,0,0,0
111900062,0,0,0
111900063,0,0,0
111900064,0,0,0
111900065,0,0,0
111900066,0,0,0
111900067,0,0,0
111900068,0,0,0
111900069,0,0,0
111900070,0,0,0
111900071,0,0,0
111900072,0,0,0
111900073,0,0,0
111900074,0,0,0
111900075,0,0,0
111900076,0,0,0
111900077,0,0,0
111900078,0,0,0
111900079,0,0,0
111900080,0,0,0
111900082,0,0,0
111900083,0,0,0
111900084,0,0,0
111900085,0,0,0
111900086,0,0,0
111900087,0,0,0
111900088,0,0,0
111900089,0,0,0
111900090,0,0,0
111900091,0,0,0
111900092,0,0,0
111900093,0,0,0
111900094,0,0,0
111900095,0,0,0
111900096,0,0,0
111900097,0,0,0
111900098,0,0,0
111900099,0,0,0
111900100,0,0,0
111900101,0,0,0
111900102,0,0,0
111900103,0,0,0
111900104,0,0,0
111900105,0,0,0
111900106,0,0,0
111900110,0,0,0
111900111,31,0,31
111900112,0,0,0
111900113,0,0,0
111900118,0,0,0
111900119,0,0,0
111900122,0,0,0
111900123,0,0,0
111900124,0,0,0
111900125,0,0,0
111900126,0,0,0
111900127,0,0,0
111900128,0,0,0
111900129,0,0,0
111900130,0,0,0
111900131,0,0,0
111900132,0,0,0
111900133,0,0,0
111900134,0,0,0
111900135,0,0,0
111900136,0,0,0
111900137,0,0,0
111900138,0,0,0
111900139,0,0,0
111900140,0,0,0
111900141,0,0,0
111900142,0,0,0
111900143,0,0,0
111900144,0,0,0
111900145,0,0,0
111900146,0,0,0
111900147,0,0,0
111900148,0,0,0
111900149,0,0,0
111900150,0,0,0
111900151,0,0,0
111900152,0,0,0
111900153,0,0,0
111900154,0,0,0
111900155,0,0,0
111900156,0,0,0
111900157,0,0,0
111900158,0,0,0
111900159,0,0,0
111900160,0,0,0
111900161,0,0,0
111900162,0,0,0
111900163,0,0,0
111900164,0,0,0
111901113,0,0,0
111901114,0,0,0
111901115,0,0,0
111901116,0,0,0
111901117,0,0,0
111901118,0,0,0
111901119,0,0,0
111901121,0,0,0
111901122,0,0,0
111901123,0,0,0
111901124,0,0,0
111901125,10,30,-20
111901127,0,0,0
111901128,0,0,0
111901129,0,0,0
111901130,0,0,0
111901131,0,0,0
111901132,0,0,0
111901133,0,0,0
111901134,0,0,0
111901135,0,0,0
111901138,0,0,0
111901139,0,0,0
111901140,0,0,0
111901141,0,0,0
111901142,0,0,0
111901143,0,0,0
111901144,0,0,0
111901145,0,0,0
111901146,0,0,0
111901147,0,0,0
111901148,0,0,0
111901149,0,0,0
111901150,0,0,0
111901151,0,0,0
111901152,0,0,0
112000001,1071,197,874
112000002,0,0,0
112000003,434,154,280
112000004,0,0,0
112000005,2593,1067,1526
112000006,0,0,0
112000007,733,811,-78
112000008,1495,1496,-1
112000009,697,58,639
112000010,178,731,-553
112000011,145,20,125
112000012,317,1102,-785
112000013,92,40,52
112000014,77,589,-512
112000015,0,0,0
112000016,70,211,-141
112000017,0,0,0
112000024,0,0,0
112000026,0,0,0
112000027,428,356,72
112000028,0,0,0
112000029,1,0,1
112000030,0,0,0
112000031,0,41,-41
112000032,0,0,0
112000033,1,53,-52
112000034,0,0,0
112000035,0,0,0
112000036,0,0,0
112000037,0,0,0
112000038,0,0,0
112000039,27,1,26
112000040,0,0,0
112000041,0,0,0
112000042,0,0,0
112000050,643,362,281
112000051,526,843,-317
112000054,50,120,-70
112000057,0,0,0
112000058,0,4,-4
112000059,0,0,0
112000061,0,0,0
112000062,1,71,-70
112000063,0,0,0
112000064,0,0,0
112000065,0,0,0
112000066,62,205,-143
112000067,0,0,0
112000068,60,157,-97
112000069,0,0,0
112000070,20,29,-9
112000071,0,0,0
112000072,151,11,140
112000073,0,0,0
112000074,52,16,36
112000075,217,85,132
112000076,81,49,32
112000077,107,0,107
112000078,224,24,200
112000079,54,10,44
112000080,53,19,34
112000081,15,116,-101
112000082,142,70,72
112000083,78,7,71
112000084,171,39,132
112000085,262,8,254
112000086,320,39,281
112000087,34,22,12
112000088,35,31,4
112000089,1,7,-6
112000090,24,2,22
112000091,52,16,36
112000092,1015,51,964
112000093,108,1,107
112000094,268,66,202
112000095,136,16,120
112000096,459,81,378
112000097,469,197,272
112000098,0,0,0
112000099,45,1083,-1038
112000100,639,110,529
112000101,0,0,0
112000102,274,44,230
112000103,0,0,0
112000105,0,0,0
112000106,412,153,259
112000107,1,7,-6
112000108,0,0,0
112000109,40,1,39
112000110,305,10,295
112000111,0,15,-15
112000112,244,14,230
112000113,1,2,-1
112000114,201,38,163
112000115,0,0,0
112000116,0,0,0
112000117,0,0,0
112000118,0,0,0
112000119,0,0,0
112000120,0,0,0
112000121,0,0,0
112000122,24,20,4
112000123,110,3,107
112000124,1,2,-1
112000125,23,13,10
112000126,0,0,0
112000127,40,82,-42
112000128,0,0,0
112000129,46,0,46
112000130,0,0,0
112000131,0,0,0
112000132,0,0,0
112000133,50,0,50
112000134,79,7,72
112000135,165,15,150
112000136,0,16,-16
112000137,263,81,182
112000138,7,2,5
112000139,2,21,-19
112000140,0,0,0
112000141,9,0,9
112000142,0,0,0
112000143,149,6,143
112000144,0,0,0
112000145,309,3,306
112000146,0,0,0
112000147,68,6,62
112000148,0,0,0
112000149,9,2,7
112000150,0,0,0
112000151,19,5,14
112000152,0,0,0
112000153,16,2,14
112000154,6,0,6
112000155,0,0,0
112000157,55,303,-248
112000158,0,4,-4
112000159,0,0,0
112000167,0,0,0
112000169,0,0,0
112000173,0,0,0
112000175,19,1,18
112000176,0,0,0
112000177,0,0,0
112000178,0,0,0
112000179,0,0,0
112000180,0,0,0
112000181,55,2,53
112000182,178,1,177
112000183,28,1,27
112000184,4,3,1
112000185,0,0,0
112000187,0,0,0
112000195,0,0,0
112000196,0,0,0
112000197,0,0,0
112000198,0,0,0
112000199,0,0,0
112000202,410,2,408
112000216,0,0,0
112000230,0,0,0
112000231,0,0,0
112000256,24,45,-21
112000313,0,0,0
112000314,0,0,0
112000337,0,0,0
112000352,0,0,0
112000392,41,99,-58
112000398,302,60,242
112000399,193,1623,-1430
112000400,23,27,-4
112000401,12,26,-14
112000402,563,1522,-959
112000403,100,1043,-943
112000404,111,291,-180
112000405,809,541,268
112000406,10,29,-19
112000407,2263,266,1997
112000408,12,41,-29
112000409,7,49,-42
112000410,0,0,0
112000411,0,0,0
112000412,0,0,0
112000413,0,0,0
112000414,0,0,0
112000415,0,0,0
112000416,613,145,468
112000417,16,4,12
112000421,0,0,0
112000422,2,1,1
112000424,0,0,0
112000425,0,0,0
112000426,0,0,0
112000427,0,0,0
112000428,0,0,0
112000429,283,267,16
112000430,321,590,-269
112000431,56,6,50
112000432,0,0,0
112000433,3,61,-58
112000437,1,0,1
112900001,0,0,0
112900002,0,0,0
112900003,0,0,0
112900004,0,0,0
112900005,0,0,0
112900007,0,0,0
112900008,0,0,0
112900009,0,0,0
112900010,0,0,0
112900011,0,0,0
112900012,0,0,0
112900013,0,0,0
112900014,0,0,0
112900015,0,0,0
112900016,0,0,0
112900017,0,0,0
112900018,0,0,0
112900019,0,0,0
112900020,0,0,0
112900021,0,0,0
112900022,0,0,0
112900023,0,0,0
112900024,0,0,0
112900025,0,0,0
112900026,0,0,0
112900027,0,0,0
112900028,0,0,0
112900029,0,0,0
112900030,0,0,0
112900031,0,0,0
112900032,0,0,0
112900034,0,0,0
112900035,0,0,0
112900036,0,0,0
112900037,0,0,0
112900038,0,0,0
112900039,0,0,0
112900040,0,0,0
112900041,0,0,0
112900042,0,0,0
112900043,0,0,0
112900044,0,0,0
112900045,0,0,0
112900046,0,0,0
112900047,0,0,0
112900049,0,0,0
112900050,0,0,0
112900051,0,0,0
112900052,0,0,0
112900053,0,0,0
112900054,0,0,0
112900055,0,0,0
112900056,0,0,0
112900057,0,0,0
112900058,0,0,0
112900059,0,0,0
112900060,0,0,0
112900061,0,0,0
112900062,0,0,0
112900063,0,0,0
112900064,0,0,0
112900065,0,0,0
112900066,0,0,0
112900067,0,0,0
112900068,0,0,0
112900069,0,0,0
112900071,0,0,0
112900072,0,0,0
112900073,0,0,0
112900074,0,0,0
112900075,0,0,0
112900076,0,0,0
112900078,0,0,0
112900079,0,0,0
112900080,0,0,0
112900081,0,0,0
112900082,0,0,0
112900083,0,0,0
112900084,0,0,0
112900086,0,0,0
112900087,0,0,0
112900088,0,0,0
112900089,0,0,0
112900090,0,0,0
112900091,0,0,0
112900092,0,0,0
112900093,0,0,0
112900095,0,0,0
112900096,0,0,0
112900097,0,0,0
112900098,0,0,0
112900099,0,0,0
112900100,0,0,0
112900101,0,0,0
112900102,0,0,0
112900103,0,0,0
112900104,0,0,0
112900105,0,0,0
112900106,0,0,0
112900107,0,0,0
112900108,0,0,0
112900109,0,0,0
112900110,0,0,0
112900111,0,0,0
112900112,0,0,0
112900113,0,0,0
112900114,0,0,0
112900115,0,0,0
112900116,0,0,0
112900117,0,0,0
112900118,0,0,0
112900119,0,0,0
112900120,0,0,0
112900121,0,0,0
112900122,0,0,0
112900123,0,0,0
112900124,0,0,0
112900125,0,0,0
112900126,0,0,0
112900127,0,0,0
112900128,0,0,0
112900129,0,0,0
112900130,0,0,0
112900131,0,0,0
112900132,0,0,0
112900133,0,0,0
112900134,0,0,0
112900135,0,0,0
112900137,0,0,0
112900138,0,0,0
112900139,0,0,0
112900141,0,0,0
112900142,0,0,0
112900143,0,0,0
112900144,0,0,0
112900145,0,0,0
112900146,0,0,0
112900147,0,0,0
112900148,0,0,0
112900149,0,0,0
112900151,0,0,0
112900152,0,0,0
112900153,0,0,0
112900154,0,0,0
112900155,0,0,0
112900156,0,0,0
112900157,0,0,0
112900158,0,0,0
112900159,0,0,0
112900160,0,0,0
112900161,0,0,0
112900162,0,0,0
112900163,0,0,0
112900164,0,0,0
112900165,0,0,0
112900166,0,0,0
112900167,0,0,0
112900168,0,0,0
112900169,0,0,0
112900170,0,0,0
112900172,0,0,0
112900173,0,0,0
112900174,0,0,0
112900175,0,0,0
112900176,0,0,0
112900177,0,0,0
112900178,0,0,0
112900179,0,0,0
112900180,0,0,0
112900181,0,0,0
112900182,0,0,0
112900183,0,0,0
112900184,0,0,0
112900185,0,0,0
112900186,0,0,0
112900187,0,0,0
112900188,0,0,0
112900189,0,0,0
112900190,0,0,0
112900192,0,0,0
112900193,0,0,0
112900194,0,0,0
112900195,0,0,0
112900196,0,0,0
112900197,0,0,0
112900199,0,0,0
112900200,0,0,0
112900201,0,0,0
112900202,0,0,0
112900203,0,0,0
112900204,0,0,0
112900205,0,0,0
112900206,0,0,0
112900207,0,0,0
112900208,0,0,0
112900209,0,0,0
112900210,0,0,0
112900211,0,0,0
112900212,0,0,0
112900213,0,0,0
112900214,0,0,0
112900215,0,0,0
112900216,0,0,0
112900217,0,0,0
112900218,0,0,0
112900219,0,0,0
112900220,0,0,0
112900221,0,0,0
112900222,0,0,0
112900223,0,0,0
112900224,0,0,0
112900225,0,0,0
112900226,0,0,0
112900227,0,0,0
112900228,0,0,0
112900229,0,0,0
112900230,0,0,0
112900232,0,0,0
112900233,0,0,0
112900234,0,0,0
112900235,0,0,0
112900236,0,0,0
112900237,0,0,0
112900238,0,0,0
112900239,0,0,0
112900240,0,0,0
112900241,0,0,0
112900242,0,0,0
112900243,0,0,0
112900244,0,0,0
112900245,0,0,0
112900246,0,0,0
112900247,0,0,0
112900248,0,0,0
112900249,0,0,0
112900250,0,0,0
112900251,0,0,0
112900252,0,0,0
112900253,0,0,0
112900254,0,0,0
112900255,0,0,0
112900256,0,0,0
112900257,0,0,0
112900258,0,0,0
113000001,209,256,-47
113000002,208,200,8
113000003,118,76,42
113000004,65,149,-84
113000005,54,65,-11
113000006,27,117,-90
113000007,95,35,60
113000008,95,70,25
113000009,77,3,74
113000010,252,41,211
113000011,0,0,0
113000012,518,65,453
113000013,22,89,-67
113000014,74,13,61
113000015,14,0,14
113000016,1,0,1
113000017,0,0,0
113000018,28,16,12
113000019,0,0,0
113000020,131,0,131
113000021,262,12,250
113000022,11,0,11
113000025,0,0,0
113000026,11,3,8
113000027,113,0,113
113000028,0,0,0
113000029,26,16,10
113000030,0,0,0
113000031,0,0,0
113000032,50,7,43
113000033,28,15,13
113000034,0,0,0
113000035,0,0,0
113000036,0,0,0
113000037,0,0,0
113000038,0,0,0
113000039,0,0,0
113000040,0,0,0
113000042,0,0,0
113000051,110,85,25
113000052,95,29,66
113000053,20,12,8
113000054,24,27,-3
113000055,125,4,121
113000056,65,15,50
113000058,0,0,0
113000059,81,47,34
113000060,0,0,0
113000061,61,59,2
113000062,0,0,0
113000063,0,0,0
113000064,0,0,0
113000065,12,21,-9
113000066,95,8,87
113000067,34,2,32
113000068,2,20,-18
113000069,2,21,-19
113000070,84,8,76
113000071,13,55,-42
113000072,60,0,60
113000073,1,75,-74
113000074,70,1,69
113000075,161,4,157
113000076,1,99,-98
113000077,36,32,4
113000078,0,0,0
113000079,0,0,0
113000080,71,50,21
113000081,65,69,-4
113000082,0,0,0
113000083,84,162,-78
113000084,10,0,10
113000085,177,123,54
113000086,4,4,0
113000087,81,423,-342
113000088,7,1,6
113000089,228,350,-122
113000090,8,29,-21
113000091,7,0,7
113000094,150,33,117
113000095,0,0,0
113000096,0,0,0
113000097,23,4,19
113000098,0,0,0
113000099,27,2,25
113000100,0,0,0
113000101,2,0,2
113000102,26,40,-14
113000103,0,0,0
113000104,230,129,101
113000105,629,72,557
113000106,0,0,0
113000107,235,331,-96
113000108,48,19,29
113000109,0,0,0
113000110,59,57,2
113000111,0,0,0
113000112,32,13,19
113000113,28,28,0
113000114,0,0,0
113000116,0,0,0
113000117,0,0,0
113000118,0,0,0
113000119,0,0,0
113000120,0,1,-1
113000121,0,0,0
113000124,52,1,51
113000125,0,0,0
113000127,0,0,0
113000128,0,0,0
113000129,0,0,0
113000133,1,0,1
113000134,1,83,-82
113000135,698,650,48
113000137,149,142,7
113000139,5,24,-19
113000140,0,0,0
113000141,3,27,-24
113000142,0,0,0
113000143,1,40,-39
113000144,0,0,0
113000145,0,0,0
113000146,0,0,0
113000147,0,0,0
113000148,0,0,0
113000149,0,0,0
113000150,0,0,0
113000151,0,0,0
113000152,0,0,0
113000153,0,0,0
113000154,0,58,-58
113000155,60,77,-17
113000156,0,0,0
113000157,0,0,0
113000158,1,0,1
113000159,3,0,3
113000160,0,0,0
113000161,0,0,0
113000162,0,0,0
113000163,1,0,1
113000164,0,0,0
113000166,57,1,56
113000167,0,0,0
113000168,0,0,0
113000169,86,2,84
113000170,192,4,188
113000171,0,0,0
113000172,94,11,83
113000173,18,17,1
113000174,0,0,0
113000175,49,3,46
113000176,258,1,257
113000177,0,0,0
113000178,0,0,0
113000179,88,7,81
113000180,74,3,71
113000181,63,12,51
113000182,12,0,12
113000183,3,44,-41
113000184,0,0,0
113000189,0,0,0
113000190,0,0,0
113000192,83,205,-122
113000193,84,27,57
113000194,16,55,-39
113000195,29,24,5
113000196,135,18,117
113000197,46,13,33
113000198,0,0,0
113000199,2,1,1
113000201,0,0,0
113000202,0,0,0
113000203,1,1,0
113000204,12,86,-74
113000205,0,0,0
113000206,0,0,0
113000207,0,0,0
113000208,0,0,0
113000209,0,0,0
113000210,0,0,0
113000211,0,0,0
113000212,0,0,0
113000213,10,0,10
113000214,0,0,0
113000234,0,0,0
113000410,0,6,-6
113000411,14,64,-50
113000412,325,227,98
113000413,71,144,-73
113000414,127,267,-140
113000415,7,22,-15
113000416,6,18,-12
113000417,5,20,-15
113000418,319,123,196
113000419,53,72,-19
113000420,183,148,35
113000421,1234,967,267
113000422,131,372,-241
113000423,121,212,-91
113000424,540,207,333
113000425,0,0,0
113000428,0,0,0
113000430,0,0,0
113000432,126,2,124
113000433,0,0,0
113000434,0,0,0
113000435,0,0,0
113000436,0,0,0
113000437,69,0,69
113000438,0,0,0
113000439,0,0,0
113000440,1,1,0
113000441,2,0,2
113000442,0,0,0
113000443,1,0,1
113000444,0,0,0
113000445,0,0,0
113000446,0,0,0
113000448,0,0,0
113000449,0,1,-1
113000450,1,15,-14
113000451,0,0,0
113000452,0,4,-4
113000453,0,0,0
113000454,1,8,-7
113000455,0,0,0
113000456,0,0,0
113000468,0,0,0
113000469,0,0,0
113000470,0,0,0
113000471,0,0,0
113000472,0,0,0
113000474,11,39,-28
113000475,52,38,14
113000476,203,146,57
113000477,690,375,315
113000478,293,52,241
113000479,0,0,0
113000485,0,0,0
113000486,0,0,0
113000487,0,0,0
113000489,0,0,0
113000490,0,0,0
113000491,0,0,0
113000492,0,0,0
113000493,0,0,0
113000495,0,0,0
113000496,0,0,0
113900001,0,0,0
113900002,0,0,0
113900003,0,0,0
113900004,0,0,0
113900005,0,0,0
113900006,0,0,0
113900007,0,0,0
113900008,0,0,0
113900009,0,0,0
113900010,0,0,0
113900011,0,0,0
113900012,0,0,0
113900013,0,0,0
113900014,0,0,0
113900015,0,0,0
113900016,0,0,0
113900017,0,0,0
113900018,0,0,0
113900019,0,0,0
113900020,0,0,0
113900022,0,0,0
113900023,0,0,0
113900024,0,0,0
113900025,0,0,0
113900026,0,0,0
113900027,0,0,0
113900028,0,0,0
113900029,0,0,0
113900030,0,0,0
113900031,0,0,0
113900032,0,0,0
113900033,0,0,0
113900035,0,0,0
113900036,0,0,0
113900037,0,0,0
113900038,0,0,0
113900039,0,0,0
113900040,0,0,0
113900041,0,0,0
113900042,0,0,0
113900043,0,0,0
113900044,0,0,0
113900045,0,0,0
113900046,0,0,0
113900047,0,0,0
113900048,0,0,0
113900049,0,0,0
113900050,0,0,0
113900051,0,0,0
113900052,0,0,0
113900053,0,0,0
113900054,0,0,0
113900055,0,0,0
113900056,0,0,0
113900057,0,0,0
113900058,0,0,0
113900059,0,0,0
113900060,0,0,0
113900061,0,0,0
113900062,0,0,0
113900063,0,0,0
113900064,0,0,0
113900065,0,0,0
113900066,0,0,0
113900067,0,0,0
113900068,0,0,0
113900069,0,0,0
113900070,0,0,0
113900071,0,0,0
113900072,0,0,0
113900073,0,0,0
113900074,0,0,0
113900075,0,0,0
113900076,0,0,0
113900077,0,0,0
113900078,0,0,0
113900079,0,0,0
113900080,0,0,0
113900081,0,0,0
113900082,0,0,0
113900083,0,0,0
113900084,0,0,0
113900085,0,0,0
113900086,0,0,0
113900087,0,0,0
113900088,0,0,0
113900089,0,0,0
113900090,0,0,0
113900091,0,0,0
113900092,0,0,0
113900093,0,0,0
113900094,0,0,0
113900095,0,0,0
113900096,0,0,0
113900097,0,0,0
113900098,0,0,0
113900099,0,0,0
113900100,0,0,0
113900101,0,0,0
113900102,0,0,0
113900103,0,0,0
113900104,0,0,0
113900105,0,0,0
113900106,0,0,0
113900107,0,0,0
113900108,0,0,0
113900109,0,0,0
113900110,0,0,0
113900111,0,0,0
113900112,0,0,0
113900113,0,0,0
113900114,0,0,0
113900115,0,0,0
113900116,0,0,0
113900117,0,0,0
113900118,0,0,0
113900119,0,0,0
113900120,0,0,0
113900121,0,0,0
113900122,0,0,0
113900123,0,0,0
113900124,0,0,0
113900125,0,0,0
113900126,0,0,0
113900127,0,0,0
113900128,0,0,0
113900129,0,0,0
113900130,0,0,0
113900131,0,0,0
113900132,0,0,0
113900133,0,0,0
113900135,0,0,0
113900136,0,0,0
113900137,0,0,0
113900138,0,0,0
113900139,0,0,0
113900140,0,0,0
113900141,0,0,0
113900142,0,0,0
113900143,0,0,0
113900144,0,0,0
113900145,0,0,0
113900146,0,0,0
113900148,0,0,0
113900149,0,0,0
113900150,0,0,0
113900151,0,0,0
113900152,0,0,0
113900153,0,0,0
113900154,0,0,0
113900155,0,0,0
113900156,0,0,0
113900157,0,0,0
113900158,0,0,0
113900159,0,0,0
113900160,0,0,0
113900161,0,0,0
113900162,0,0,0
113900163,0,0,0
113900164,0,0,0
113900165,0,0,0
113900166,0,0,0
113900167,0,0,0
113900168,0,0,0
113900169,0,0,0
113900171,0,0,0
113900172,0,0,0
113900173,0,0,0
113900174,0,0,0
113900175,0,0,0
113900176,0,0,0
113900177,0,0,0
113900178,0,0,0
113900179,0,0,0
113900180,0,0,0
113900181,0,0,0
113900182,0,0,0
113900183,0,0,0
113900184,0,0,0
113900185,0,0,0
113900186,0,0,0
113900187,0,0,0
113900188,0,0,0
113900189,0,0,0
113900190,0,0,0
113900191,0,0,0
113900192,0,0,0
113900193,0,0,0
113900194,0,0,0
113900195,0,0,0
113900196,0,0,0
113900197,0,0,0
113900198,0,0,0
113900199,0,0,0
113900200,0,0,0
113900201,0,0,0
113900202,0,0,0
113900203,0,0,0
113900204,0,0,0
113900205,0,0,0
113900206,0,0,0
113900207,0,0,0
113900208,0,0,0
113900209,0,0,0
113900210,0,0,0
113900211,0,0,0
113900212,0,0,0
113900214,0,0,0
113900215,0,0,0
113900216,0,0,0
113900217,0,0,0
113900218,0,0,0
113900219,0,0,0
113900220,0,0,0
113900221,0,0,0
113900222,0,0,0
113900223,0,0,0
113900224,0,0,0
113900225,0,0,0
113900226,0,0,0
113900227,0,0,0
113900228,0,0,0
113900229,0,0,0
113900230,0,0,0
113900231,0,0,0
113900232,0,0,0
113900233,0,0,0
113900234,0,0,0
113900235,0,0,0
113900236,0,0,0
113900237,0,0,0
113900238,0,0,0
113900239,0,0,0
113900240,0,0,0
113900241,0,0,0
113900242,0,0,0
113900243,0,0,0
113900244,0,0,0
113900245,0,0,0
113900246,0,0,0
113900247,0,0,0
113900248,0,0,0
113900249,0,0,0
113900250,0,0,0
113900251,0,0,0
113900252,0,0,0
113900253,0,0,0
113900254,0,0,0
113900255,0,0,0
113900256,0,0,0
113900257,0,0,0
113900258,0,0,0
113900259,0,0,0
113900260,1,0,1
113900261,0,0,0
113900262,0,0,0
113900263,0,0,0
113900264,0,0,0
113900265,0,0,0
113900266,0,0,0
113900267,0,0,0
113900268,0,0,0
113900269,0,0,0
113900270,0,0,0
113900271,0,0,0
113900273,0,0,0
113900274,0,0,0
113900275,0,0,0
113900276,0,0,0
113900277,0,0,0
113900278,0,0,0
113900279,0,0,0
113900280,0,0,0
113900281,0,0,0
113900282,0,0,0
113900283,0,0,0
113900284,0,0,0
113900285,0,0,0
113900286,0,0,0
113900287,0,0,0
113900288,0,0,0
113900289,0,0,0
113900290,0,0,0
113900291,0,0,0
113900292,0,0,0
113900293,0,0,0
113900294,0,0,0
113900295,11,23,-12
113900296,0,0,0
113900297,0,0,0
113900298,0,0,0
113900299,0,0,0
113900300,0,0,0
113900301,0,0,0
113900302,0,0,0
113900303,0,0,0
113900304,0,0,0
113900305,0,0,0
113900306,0,0,0
113900307,0,0,0
113900308,0,0,0
113900309,0,0,0
113900310,0,0,0
113900311,0,0,0
113900312,0,0,0
113900313,0,0,0
113900314,0,0,0
113900315,0,0,0
114000001,166,58,108
114000002,27,24,3
114000003,0,0,0
114000004,0,0,0
114000005,0,0,0
114000006,0,0,0
114000007,0,0,0
114000008,3,85,-82
114000009,21,33,-12
114000011,587,71,516
114000012,472,51,421
114000013,296,57,239
114000014,0,0,0
114000015,0,0,0
114000016,0,0,0
114000017,22,4,18
114000018,0,0,0
114000026,141,77,64
114000027,162,69,93
114000028,234,128,106
114000038,0,0,0
114000039,0,0,0
114000040,28,0,28
114000042,0,0,0
114000043,0,0,0
114000044,10,16,-6
114000045,0,0,0
114000046,0,0,0
114000047,0,0,0
114000048,1,37,-36
114000049,47,77,-30
114000050,10,148,-138
114000051,26,277,-251
114000052,61,123,-62
114000053,0,0,0
114000054,0,0,0
114000055,0,0,0
114000056,0,0,0
114000057,213,94,119
114000058,0,0,0
114000059,0,0,0
114000060,0,0,0
114000061,42,137,-95
114000062,9,151,-142
114000063,5,6,-1
114000064,3,0,3
114000065,12,18,-6
114000066,73,27,46
114000067,0,11,-11
114000068,37,1,36
114000069,26,8,18
114000070,655,331,324
114000071,0,0,0
114000072,0,0,0
114000073,5,8,-3
114000074,0,0,0
114000075,61,0,61
114000076,9,1,8
114000077,7,0,7
114000078,0,0,0
114000079,0,0,0
114000080,0,2,-2
114000081,21,4,17
114000082,0,0,0
114000083,0,0,0
114000084,0,0,0
114000085,0,0,0
114000086,0,0,0
114000087,0,0,0
114000088,0,0,0
114000089,4,3,1
114000090,68,88,-20
114000091,0,21,-21
114000092,59,29,30
114000093,71,27,44
114000094,68,89,-21
114000095,1,41,-40
114000096,0,0,0
114000097,0,0,0
114000098,57,3,54
114000099,0,0,0
114000100,784,3,781
114000101,0,0,0
114000102,87,13,74
114000103,0,0,0
114000104,0,0,0
114000105,0,0,0
114000106,0,0,0
114000107,0,0,0
114000108,0,0,0
114000109,361,138,223
114000110,0,0,0
114000111,449,89,360
114000112,0,0,0
114000113,399,13,386
114000114,0,0,0
114000115,574,70,504
114000116,346,94,252
114000117,912,26,886
114000118,538,49,489
114000119,695,68,627
114000120,90,4,86
114000121,0,0,0
114000122,82,18,64
114000123,264,29,235
114000124,49,46,3
114000125,38,92,-54
114000126,314,32,282
114000127,1,0,1
114000128,13,5,8
114000130,3,0,3
114000131,7,5,2
114000132,0,0,0
114000133,0,0,0
114000134,0,0,0
114000138,0,0,0
114000139,3,34,-31
114000144,101,63,38
114000145,0,0,0
114000146,0,0,0
114000147,177,32,145
114000148,23,13,10
114000149,24,41,-17
114000150,0,0,0
114000151,53,19,34
114000152,3,1,2
114000153,0,0,0
114000154,8,14,-6
114000155,213,120,93
114000156,38,37,1
114000157,46,68,-22
114000158,0,0,0
114000159,0,0,0
114000160,0,0,0
114000161,249,474,-225
114000162,687,753,-66
114000163,0,0,0
114000165,41,41,0
114000166,38,10,28
114000167,219,103,116
114000168,0,0,0
114000169,213,391,-178
114000170,359,182,177
114000171,801,114,687
114000174,0,0,0
114000176,0,0,0
114000177,0,0,0
114000178,0,3,-3
114000179,72,47,25
114000180,0,0,0
114000181,156,511,-355
114000182,59,82,-23
114000183,37,35,2
114000184,75,53,22
114000185,181,61,120
114000189,208,22,186
114000190,731,17,714
114000191,0,0,0
114000192,0,25,-25
114000193,0,0,0
114000194,93,9,84
114000195,0,0,0
114000196,0,0,0
114000197,314,1,313
114000198,0,0,0
114000199,0,0,0
114000200,47,1,46
114000201,2,6,-4
114000202,193,47,146
114000203,76,31,45
114000204,0,0,0
114000205,0,11,-11
114000206,0,0,0
114000207,17,28,-11
114000208,4,8,-4
114000209,1,25,-24
114000210,2,52,-50
114000211,544,175,369
114000212,120,213,-93
114000213,398,211,187
114000214,12,0,12
114000215,0,0,0
114000216,328,84,244
114000217,41,10,31
114000218,4,0,4
114000219,246,4,242
114000220,0,29,-29
114000221,182,5,177
114000222,42,10,32
114000223,253,50,203
114000224,57,24,33
114000225,41,1,40
114000226,154,25,129
114000227,293,87,206
114000228,226,29,197
114000229,89,20,69
114000230,424,35,389
114000231,72,62,10
114000232,287,147,140
114000233,670,65,605
114000234,488,52,436
114000235,162,9,153
114000236,0,0,0
114000237,2,0,2
114000238,0,65,-65
114000239,0,0,0
114000240,63,38,25
114000241,17,21,-4
114000242,21,22,-1
114000243,418,106,312
114000244,315,33,282
114000245,0,0,0
114000246,0,0,0
114000247,163,75,88
114000248,258,130,128
114000249,189,142,47
114000250,64,10,54
114000251,78,19,59
114000252,0,0,0
114000253,29,20,9
114000254,0,0,0
114000255,0,0,0
114000256,3,109,-106
114000257,0,67,-67
114000258,28,0,28
114000259,1,9,-8
114000260,0,0,0
114000261,48,13,35
114000262,0,0,0
114000263,17,0,17
114000264,0,0,0
114000265,0,0,0
114000267,1,142,-141
114000268,0,0,0
114000270,95,21,74
114000271,89,0,89
114000283,201,13,188
114000285,0,0,0
114000288,0,4,-4
114000289,0,0,0
114000293,12,5,7
114000294,1,12,-11
114000395,285,5,280
114000396,106,25,81
114000402,0,0,0
114000403,72,0,72
114000405,61,9,52
114000423,140,3,137
114000424,47,8,39
114000425,174,2,172
114000426,111,22,89
114000427,0,0,0
114000428,0,0,0
114000429,7,25,-18
114000432,0,0,0
114000434,0,0,0
114000435,0,0,0
114900001,0,0,0
114900002,0,0,0
114900003,0,0,0
114900004,0,0,0
114900005,0,0,0
114900006,0,0,0
114900007,0,0,0
114900008,0,0,0
114900010,0,0,0
114900011,0,0,0
114900013,0,0,0
114900018,0,0,0
114900020,0,0,0
114900022,0,0,0
114900025,0,0,0
114900026,0,0,0
114900029,0,0,0
114900030,0,0,0
114900031,0,0,0
114900032,0,0,0
114900034,0,0,0
114900035,0,0,0
114900036,0,0,0
114900039,0,0,0
114900040,0,0,0
114900041,0,0,0
114900042,0,0,0
114900044,0,0,0
114900047,0,0,0
114900048,0,0,0
114900049,0,0,0
114900050,0,0,0
114900051,0,0,0
114900052,0,0,0
114900053,0,0,0
114900054,0,0,0
114900057,0,0,0
114900058,0,0,0
114900059,0,0,0
114900063,0,0,0
114900064,0,0,0
114900065,0,0,0
114900067,0,0,0
114900068,0,0,0
114900069,0,0,0
114900070,0,0,0
114900072,0,0,0
114900073,0,0,0
114900074,0,0,0
114900075,0,0,0
114900076,0,0,0
114900080,0,0,0
114900082,0,0,0
114900083,0,0,0
114900090,0,0,0
114900091,0,0,0
114900097,0,0,0
114900098,0,0,0
114900099,0,0,0
115000001,50,51,-1
115000002,1197,329,868
115000003,128,59,69
115000004,1043,767,276
115000005,34,57,-23
115000006,465,391,74
115000007,0,0,0
115000008,140,99,41
115000009,0,0,0
115000010,163,162,1
115000013,0,0,0
115000015,0,0,0
115000016,0,0,0
115000019,43,108,-65
115000020,0,0,0
115000021,0,155,-155
115000022,1,10,-9
115000023,393,252,141
115000024,2,19,-17
115000025,400,84,316
115000026,0,0,0
115000027,208,35,173
115000028,0,0,0
115000029,583,6,577
115000030,2,26,-24
115000031,440,5,435
115000032,0,0,0
115000033,139,4,135
115000034,0,0,0
115000035,495,2,493
115000036,0,0,0
115000037,175,0,175
115000038,27,42,-15
115000039,6,71,-65
115000040,131,49,82
115000041,13,77,-64
115000042,90,13,77
115000043,454,439,15
115000044,261,39,222
115000045,138,5,133
115000046,563,146,417
115000047,957,109,848
115000048,70,35,35
115000049,103,162,-59
115000050,1072,205,867
115000051,344,194,150
115000052,121,92,29
115000053,313,198,115
115000054,60,38,22
115000055,0,0,0
115000056,11,44,-33
115000057,0,0,0
115000058,16,8,8
115000059,0,0,0
115000061,34,5,29
115000062,0,0,0
115000063,0,0,0
115000064,69,0,69
115000065,0,0,0
115000067,12,19,-7
115000069,0,0,0
115000070,0,24,-24
115000071,42,1,41
115000072,0,0,0
115000073,198,3,195
115000075,0,0,0
115000076,474,221,253
115000077,214,102,112
115000078,104,60,44
115000079,202,79,123
115000080,370,125,245
115000081,0,0,0
115000082,1028,454,574
115000083,2,6,-4
115000084,730,175,555
115000085,0,0,0
115000086,557,36,521
115000087,0,0,0
115000088,582,136,446
115000089,0,0,0
115000090,50,28,22
115000091,30,18,12
115000092,269,25,244
115000093,361,0,361
115000094,1155,187,968
115000095,959,168,791
115000096,169,7,162
115000097,214,37,177
115000098,304,18,286
115000099,700,208,492
115000100,472,51,421
115000101,0,27,-27
115000102,421,90,331
115000103,1,0,1
115000105,13,0,13
115000106,296,42,254
115000107,1,9,-8
115000108,131,47,84
115000109,784,582,202
115000110,249,52,197
115000111,61,70,-9
115000112,47,20,27
115000113,12,100,-88
115000114,47,52,-5
115000116,100,80,20
115000117,67,10,57
115000118,85,290,-205
115000119,50,50,0
115000120,7,269,-262
115000121,73,77,-4
115000122,65,22,43
115000123,93,334,-241
115000124,46,30,16
115000125,99,58,41
115000126,15,72,-57
115000127,25,0,25
115000128,36,37,-1
115000129,45,3,42
115000130,60,1,59
115000131,103,29,74
115000132,103,1,102
115000133,67,2,65
115000134,57,3,54
115000135,24,1,23
115000136,88,1,87
115000137,0,0,0
115000138,126,4,122
115000139,0,0,0
115000140,120,20,100
115000141,0,0,0
115000142,0,0,0
115000143,223,62,161
115000144,0,0,0
115000145,0,0,0
115000146,88,53,35
115000147,0,0,0
115000148,0,0,0
115000149,2,11,-9
115000150,0,0,0
115000151,26,23,3
115000152,0,0,0
115000153,5,14,-9
115000154,28,4,24
115000155,0,0,0
115000156,21,29,-8
115000157,0,0,0
115000158,0,0,0
115000159,0,0,0
115000160,0,0,0
115000161,0,0,0
115000162,160,46,114
115000163,0,0,0
115000164,0,0,0
115000165,31,51,-20
115000167,3,10,-7
115000168,68,15,53
115000169,0,0,0
115000170,0,0,0
115000171,45,41,4
115000172,0,0,0
115000173,2,4,-2
115000174,1,48,-47
115000175,0,0,0
115000176,0,16,-16
115000177,0,0,0
115000178,0,0,0
115000179,3,6,-3
115000180,0,0,0
115000181,138,9,129
115000182,145,10,135
115000183,0,0,0
115000186,126,1,125
115000187,34,34,0
115000188,65,13,52
115000189,6,30,-24
115000190,412,10,402
115000191,8,25,-17
115000194,0,0,0
115000195,9,2,7
115000196,6,0,6
115000197,0,0,0
115000198,97,2,95
115000199,0,0,0
115000200,19,2,17
115000201,0,0,0
115000206,166,0,166
115000207,0,0,0
115000208,10,19,-9
115000209,330,2,328
115000210,12,49,-37
115000211,15,2,13
115000212,36,0,36
115000224,0,0,0
115000225,0,0,0
115000229,5,2,3
115000230,4,2,2
115000231,65,1,64
115000232,317,0,317
115000233,0,0,0
115000234,0,0,0
115000241,0,0,0
115000242,0,0,0
115000243,0,0,0
115000244,0,0,0
115000246,0,0,0
115000247,0,0,0
115000248,0,0,0
115000249,0,0,0
115000250,0,0,0
115000251,0,0,0
115000252,0,0,0
115000253,0,0,0
115000258,0,0,0
115000259,0,0,0
115000261,0,0,0
115000262,0,0,0
115000263,0,0,0
115000264,0,0,0
115000267,0,0,0
115000268,0,0,0
115000269,0,0,0
115000270,0,0,0
115000272,0,0,0
115000273,0,0,0
115000280,37,275,-238
115000281,0,0,0
115000282,62,109,-47
115000284,0,0,0
115000296,159,0,159
115000297,1,158,-157
115000298,0,0,0
115000300,0,0,0
115000302,35,1,34
115000303,136,1,135
115000304,84,21,63
115000305,0,0,0
115000306,0,0,0
115000307,0,0,0
115000308,0,0,0
115000310,0,0,0
115000311,395,69,326
115000313,0,0,0
115000314,23,45,-22
115000315,7,14,-7
115000316,0,0,0
115000317,44,2,42
115000318,203,13,190
115000319,0,21,-21
115000320,0,43,-43
115000321,86,0,86
115000322,0,9,-9
115000449,0,0,0
115000557,0,0,0
115000558,95,5,90
115000587,7,6,1
115000588,32,90,-58
115000589,1351,784,567
115000590,6,21,-15
115000591,492,286,206
115000592,14,52,-38
115000593,523,149,374
115000594,24,96,-72
115000609,2,14,-12
115000617,3,32,-29
115000624,0,0,0
115000633,123,63,60
115000634,1027,132,895
115000635,224,25,199
115000638,0,0,0
115000641,0,0,0
115000642,65,2,63
115000643,0,7,-7
115000644,0,1,-1
115000646,70,52,18
115000647,28,21,7
115000648,278,14,264
115000893,854,329,525
115000894,0,65,-65
115000895,4,41,-37
115000896,696,162,534
115000897,17,28,-11
115000898,20,13,7
115000899,0,9,-9
115000900,0,69,-69
115000901,0,1,-1
115000912,60,16,44
115000913,0,0,0
115000915,0,0,0
115000916,0,0,0
115000917,0,0,0
115000918,0,0,0
115000919,0,0,0
115000920,0,0,0
115000921,0,0,0
115000922,104,211,-107
115000923,1,50,-49
115000925,0,0,0
115000927,0,0,0
115000933,0,23,-23
115000934,0,0,0
115000935,0,0,0
115000936,0,0,0
115000937,7,32,-25
115000938,2,31,-29
115000939,0,36,-36
115000940,0,0,0
115000941,0,0,0
115000942,0,5,-5
115000943,0,0,0
115000944,0,0,0
115900001,0,0,0
115900002,0,0,0
115900003,0,0,0
115900004,0,0,0
115900005,0,0,0
115900006,0,0,0
115900008,0,0,0
115900009,0,0,0
115900010,0,0,0
115900011,0,0,0
115900012,0,0,0
115900013,0,0,0
115900014,0,0,0
115900015,0,0,0
115900016,0,0,0
115900017,0,0,0
115900018,0,0,0
115900019,0,0,0
115900020,0,0,0
115900021,0,0,0
115900022,0,0,0
115900023,0,0,0
115900025,0,0,0
115900026,0,0,0
115900027,0,0,0
115900028,0,0,0
115900029,0,0,0
115900030,0,0,0
115900031,0,0,0
115900032,0,0,0
115900033,0,0,0
115900034,0,0,0
115900035,0,0,0
115900036,0,0,0
115900037,0,0,0
115900038,0,0,0
115900039,0,0,0
115900041,0,0,0
115900042,0,0,0
115900043,0,0,0
115900044,0,0,0
115900046,0,0,0
115900047,0,0,0
115900049,0,0,0
115900051,0,0,0
115900052,0,0,0
115900053,0,0,0
115900054,0,0,0
115900055,0,0,0
115900056,0,0,0
115900057,0,0,0
115900058,0,0,0
115900060,0,0,0
115900061,0,0,0
115900062,0,0,0
115900063,0,0,0
115900064,0,0,0
115900065,0,0,0
115900066,0,0,0
115900067,0,0,0
115900068,0,0,0
115900069,0,0,0
115900070,0,0,0
115900071,0,0,0
115900072,0,0,0
115900073,0,0,0
115900074,0,0,0
115900075,0,0,0
115900076,0,0,0
115900077,0,0,0
115900078,0,0,0
115900079,0,0,0
115900080,0,0,0
115900081,0,0,0
115900082,0,0,0
115900084,0,0,0
115900085,0,0,0
115900086,0,0,0
115900088,0,0,0
115900089,0,0,0
115900090,0,0,0
115900091,0,0,0
115900092,0,0,0
115900093,0,0,0
115900094,0,0,0
115900096,0,0,0
115900097,0,0,0
115900098,0,0,0
115900099,0,0,0
115900100,0,0,0
115900101,0,0,0
115900102,0,0,0
115900103,0,0,0
115900104,0,0,0
115900105,0,0,0
115900106,0,0,0
115900107,0,0,0
115900108,0,0,0
115900109,0,0,0
115900110,0,0,0
115900111,0,0,0
115900112,0,0,0
115900113,0,0,0
115900114,0,0,0
115900115,0,0,0
115900116,0,0,0
115900117,0,0,0
115900118,0,0,0
115900119,0,0,0
115900120,0,0,0
115900121,0,0,0
115900124,0,0,0
115900125,0,0,0
115900126,0,0,0
115900127,0,0,0
115900128,0,0,0
115900129,0,0,0
115900130,0,0,0
115900131,0,0,0
115900132,0,0,0
115900134,0,0,0
115900135,0,0,0
115900137,0,0,0
115900139,0,0,0
115900140,0,0,0
115900141,0,0,0
115900142,0,0,0
115900143,0,0,0
115900144,0,0,0
115900146,0,0,0
115900147,0,0,0
115900148,0,0,0
115900149,0,0,0
115900150,0,0,0
115900151,0,0,0
115900152,0,0,0
115900153,0,0,0
115900154,0,0,0
115900155,0,0,0
115900156,0,0,0
115900157,0,0,0
115900158,0,0,0
115900159,0,0,0
115900160,0,0,0
115900161,0,0,0
115900163,0,0,0
115900164,0,0,0
115900166,0,0,0
115900168,0,0,0
115900171,0,0,0
115900172,0,0,0
115900173,0,0,0
115900174,0,0,0
115900175,0,0,0
115900178,0,0,0
115900179,0,0,0
115900180,0,0,0
115900181,0,0,0
115900182,0,0,0
115900183,0,0,0
115900184,0,0,0
115900187,0,0,0
115900189,0,0,0
115900190,0,0,0
115900191,0,0,0
115900192,0,0,0
115900193,0,0,0
115900194,0,0,0
115900195,0,0,0
115900198,0,0,0
115900199,0,0,0
115900200,0,0,0
115900201,0,0,0
115900202,0,0,0
115900203,0,0,0
115900204,0,0,0
115900205,0,0,0
115900206,0,0,0
115900207,0,0,0
115900208,0,0,0
115900209,0,0,0
115900210,0,0,0
115900211,0,0,0
115900212,0,0,0
115900213,0,0,0
115900214,0,0,0
115900215,0,0,0
115900216,0,0,0
115900217,0,0,0
115900218,0,0,0
115900219,0,0,0
115900220,0,0,0
115900221,0,0,0
115900222,0,0,0
115900223,0,0,0
115900224,0,0,0
115900225,0,0,0
115900226,0,0,0
115900227,0,0,0
115900228,0,0,0
115900229,0,0,0
115900230,0,0,0
115900231,0,0,0
115900232,0,0,0
115900233,0,0,0
115900234,0,0,0
115900235,0,0,0
115900236,0,0,0
115900237,0,0,0
115900238,0,0,0
115900239,0,0,0
115900240,0,0,0
115900241,0,0,0
115900242,0,4,-4
115900243,0,0,0
115900244,0,0,0
115900245,0,0,0
115900246,0,0,0
115900247,0,0,0
115900248,0,0,0
115900249,0,0,0
115900250,0,0,0
115900251,0,0,0
115900252,0,0,0
115900253,0,0,0
115900254,0,0,0
115900255,0,0,0
115900256,0,0,0
115900257,0,0,0
115900258,0,0,0
115900259,0,0,0
115900260,0,0,0
115900261,0,0,0
115900262,0,0,0
115900263,0,0,0
115900264,0,0,0
115900265,0,0,0
115900266,0,0,0
115900267,0,0,0
115900268,0,0,0
115900269,0,0,0
115900270,0,0,0
115900271,0,0,0
115900272,0,0,0
115900273,0,0,0
115900274,0,0,0
115900275,0,0,0
115900276,0,0,0
115900277,0,0,0
115900278,0,0,0
115900279,0,0,0
115900280,0,0,0
115900281,0,0,0
115900282,0,0,0
115900283,0,0,0
115900284,0,0,0
116000001,83,137,-54
116000002,1240,1806,-566
116000003,19,81,-62
116000004,393,1773,-1380
116000005,10,89,-79
116000006,315,511,-196
116000007,67,115,-48
116000008,623,379,244
116000009,12,50,-38
116000010,508,283,225
116000011,42,95,-53
116000012,666,121,545
116000013,51,302,-251
116000014,0,1,-1
116000015,8,2,6
116000016,665,58,607
116000017,66,13,53
116000018,48,34,14
116000019,34,1,33
116000020,373,50,323
116000021,108,12,96
116000022,69,33,36
116000023,3,10,-7
116000024,235,15,220
116000025,40,14,26
116000026,332,35,297
116000027,101,53,48
116000028,435,436,-1
116000029,0,0,0
116000030,343,196,147
116000031,0,0,0
116000032,178,0,178
116000033,361,152,209
116000034,856,998,-142
116000035,263,82,181
116000036,0,0,0
116000037,9,28,-19
116000038,10,72,-62
116000039,0,0,0
116000040,45,87,-42
116000041,0,0,0
116000042,207,211,-4
116000043,0,0,0
116000044,0,0,0
116000045,1055,1330,-275
116000046,100,44,56
116000047,123,35,88
116000048,1108,695,413
116000049,970,552,418
116000050,375,170,205
116000051,1254,313,941
116000052,486,165,321
116000053,471,205,266
116000054,0,0,0
116000055,0,0,0
116000056,347,662,-315
116000057,0,0,0
116000058,64,98,-34
116000059,370,1496,-1126
116000060,111,81,30
116000061,45,162,-117
116000062,67,31,36
116000063,185,406,-221
116000066,62,191,-129
116000067,0,0,0
116000068,20,54,-34
116000069,0,0,0
116000078,136,237,-101
116000080,0,0,0
116000082,0,0,0
116000083,147,80,67
116000084,21,129,-108
116000085,233,48,185
116000086,0,55,-55
116000087,693,208,485
116000088,42,22,20
116000089,0,0,0
116000090,1,4,-3
116000091,0,0,0
116000093,145,125,20
116000094,3,33,-30
116000095,262,25,237
116000096,16,115,-99
116000097,319,10,309
116000098,4,188,-184
116000099,414,4,410
116000100,38,0,38
116000101,13,1,12
116000102,82,29,53
116000103,62,22,40
116000104,1,3,-2
116000105,117,1,116
116000106,22,11,11
116000107,158,2,156
116000108,0,5,-5
116000111,2,0,2
116000113,22,2,20
116000114,0,0,0
116000115,53,3,50
116000116,0,0,0
116000117,170,321,-151
116000118,0,0,0
116000119,1118,254,864
116000120,0,0,0
116000121,160,110,50
116000122,0,0,0
116000123,756,83,673
116000124,0,0,0
116000125,732,50,682
116000126,0,0,0
116000127,0,0,0
116000128,613,87,526
116000129,0,0,0
116000130,0,0,0
116000133,218,6,212
116000134,145,16,129
116000135,816,178,638
116000136,102,43,59
116000137,297,154,143
116000138,0,0,0
116000139,235,583,-348
116000140,0,3,-3
116000141,37,6,31
116000142,213,346,-133
116000143,333,156,177
116000144,153,142,11
116000145,1208,220,988
116000146,119,25,94
116000147,85,160,-75
116000148,0,7,-7
116000149,0,0,0
116000151,10,34,-24
116000153,55,439,-384
116000155,56,280,-224
116000156,4,14,-10
116000157,78,1,77
116000158,452,32,420
116000159,85,5,80
116000160,0,0,0
116000161,0,0,0
116000162,0,0,0
116000163,0,0,0
116000164,0,0,0
116000177,11,5,6
116000194,0,0,0
116000195,525,94,431
116000196,0,0,0
116000197,0,0,0
116000198,431,249,182
116000200,0,24,-24
116000201,0,0,0
116000202,0,0,0
116000203,0,0,0
116000204,0,0,0
116000205,0,0,0
116000206,0,0,0
116000207,0,0,0
116000233,0,0,0
116000287,0,0,0
116000288,120,87,33
116000292,0,0,0
116000296,0,1,-1
116000297,0,0,0
116000304,0,0,0
116000305,0,0,0
116000346,0,0,0
116000352,0,0,0
116000354,0,0,0
116000357,0,0,0
116000358,0,0,0
116000361,0,0,0
116000372,0,0,0
116000381,0,0,0
116000388,0,0,0
116000389,41,7,34
116000445,0,0,0
116000446,325,49,276
116000447,0,0,0
116000448,427,162,265
116000563,161,631,-470
116000565,0,0,0
116000568,0,0,0
116000579,0,0,0
116000583,0,0,0
116000584,0,0,0
116000585,0,0,0
116000586,0,0,0
116000587,447,2,445
116000589,0,0,0
116000590,1,0,1
116000591,142,17,125
116000592,0,0,0
116000593,0,0,0
116000594,0,0,0
116000595,0,0,0
116000596,0,0,0
116000597,139,2,137
116000598,0,0,0
116000605,0,0,0
116000606,3,18,-15
116000607,0,0,0
116000609,0,0,0
116000611,0,0,0
116000612,902,270,632
116000613,320,86,234
116000614,0,0,0
116000615,0,0,0
116000616,0,0,0
116000617,0,0,0
116000618,0,0,0
116000619,11,0,11
116000620,678,9,669
116000621,0,31,-31
116000622,48,12,36
116000624,1,0,1
116000627,0,0,0
116000628,0,0,0
116000629,0,0,0
116000630,3,1,2
116000631,3,0,3
116000632,255,11,244
116000633,69,1,68
116000634,0,0,0
116000635,747,875,-128
116000636,60,175,-115
116000637,0,0,0
116000638,119,2,117
116000639,6,7,-1
116000640,38,0,38
116000641,0,0,0
116000643,0,0,0
116000644,0,0,0
116000645,0,0,0
116900001,0,0,0
116900002,0,0,0
116900003,0,0,0
116900004,0,0,0
116900005,0,0,0
116900006,0,1,-1
116900007,0,0,0
116900008,0,0,0
116900009,0,0,0
116900010,0,0,0
116900011,0,0,0
116900012,0,0,0
116900013,0,0,0
116900014,0,0,0
116900015,0,0,0
116900016,0,0,0
116900017,0,0,0
116900018,0,0,0
116900019,0,0,0
116900020,0,0,0
116900023,0,0,0
116900024,0,0,0
116900025,0,0,0
116900026,0,0,0
116900027,0,0,0
116900028,0,0,0
116900029,0,0,0
116900031,0,0,0
116900032,0,0,0
116900033,0,0,0
116900034,0,0,0
116900035,0,0,0
116900036,0,0,0
116900038,0,0,0
116900041,0,0,0
116900042,0,0,0
116900043,0,0,0
116900047,0,0,0
116900049,0,0,0
116900050,0,0,0
116900051,0,0,0
116900052,0,0,0
116900055,0,0,0
116900057,0,0,0
116900058,0,0,0
116900059,0,0,0
116900060,0,0,0
116900062,0,0,0
116900064,0,0,0
116900065,0,0,0
116900067,0,0,0
116900068,0,0,0
116900070,0,0,0
116900072,0,0,0
116900073,0,0,0
116900074,0,0,0
116900076,0,0,0
116900077,0,0,0
116900078,0,0,0
116900079,0,0,0
116900080,0,0,0
116900081,0,0,0
116900082,0,0,0
116900083,0,0,0
116900084,0,0,0
116900085,0,0,0
116900086,0,0,0
116900088,0,0,0
116900090,0,0,0
116900091,0,0,0
116900092,0,0,0
116900093,0,0,0
116900094,1,0,1
116900095,0,0,0
116900096,0,0,0
116900097,0,0,0
116900098,0,0,0
116900099,0,0,0
116900100,0,0,0
116900101,0,0,0
116900103,0,0,0
116900104,0,0,0
116900105,0,0,0
116900106,0,0,0
116900107,0,0,0
116900110,0,0,0
116900111,204,0,204
116900112,66,0,66
116900113,20,3,17
116900116,0,0,0
116900117,0,0,0
116900118,0,0,0
116900120,0,0,0
116900121,0,0,0
116900122,0,0,0
116900123,0,0,0
116900124,0,0,0
116900125,0,0,0
116900126,0,0,0
116900128,0,0,0
116900129,0,0,0
116900130,0,0,0
116900131,0,0,0
116900132,0,0,0
116900133,0,0,0
116900134,0,0,0
116900136,0,0,0
116900137,0,0,0
116900138,0,0,0
116900139,0,0,0
116900140,0,0,0
116900141,0,0,0
116900142,0,0,0
116900143,0,0,0
116900144,0,0,0
116900145,0,0,0
116900147,0,0,0
116900148,0,0,0
116900149,0,0,0
116900150,0,0,0
116900151,0,0,0
116900153,0,0,0
116900154,0,0,0
116900155,0,0,0
116900157,0,0,0
116900158,0,0,0
116900159,0,0,0
116900160,0,0,0
116900161,0,0,0
116900162,0,0,0
116900163,0,0,0
116900164,0,0,0
116900165,0,0,0
116900166,0,0,0
116900167,0,0,0
116900168,0,0,0
116900169,0,0,0
116900170,0,0,0
116900171,0,0,0
116900172,0,0,0
116900173,0,0,0
116900174,0,0,0
116900175,0,0,0
116900178,0,0,0
116900179,0,0,0
116900180,0,0,0
116900182,0,0,0
116900183,0,0,0
116900185,0,0,0
116900186,0,0,0
116900187,0,0,0
116900188,0,0,0
116900189,0,0,0
116900191,0,0,0
116900192,0,0,0
116900194,0,0,0
116900195,0,0,0
116900196,0,0,0
116900197,0,0,0
116900198,0,0,0
116900200,0,0,0
116900201,0,0,0
116900202,0,0,0
116900203,0,0,0
116900204,0,0,0
116900206,0,0,0
116900207,0,0,0
116900208,14,1,13
116900209,0,0,0
116900210,0,0,0
116900211,0,0,0
116900212,0,0,0
116900213,0,0,0
116900214,0,0,0
116900215,0,0,0
116900216,0,0,0
116900218,0,0,0
116900219,0,0,0
116900220,0,0,0
116900221,0,0,0
116900222,102,54,48
116900223,0,0,0
116900226,0,0,0
116900227,0,0,0
116900228,0,0,0
116900230,0,0,0
116900231,0,0,0
116900232,0,0,0
116900233,0,0,0
116900234,0,0,0
116900235,0,0,0
116900238,0,0,0
116900239,0,0,0
116900240,0,0,0
116900241,0,0,0
116900242,0,0,0
116900243,0,0,0
116900245,0,0,0
116900246,0,0,0
116900247,0,0,0
116900248,0,0,0
116900249,0,0,0
116900250,0,0,0
116900251,0,0,0
116900252,108,0,108
116900254,0,0,0
116900255,0,0,0
116900256,0,0,0
116900257,0,0,0
116900258,0,0,0
116900259,0,0,0
116900260,0,0,0
116900261,0,0,0
116900262,0,0,0
116900263,0,0,0
116900264,52,1,51
116900265,0,0,0
116900266,0,0,0
116900267,0,0,0
116900268,0,0,0
116900269,157,97,60
116900271,0,0,0
116900272,0,0,0
116900273,0,0,0
116900274,0,0,0
116900275,0,0,0
116900276,80,1,79
116900277,0,0,0
116900278,0,0,0
116900279,0,0,0
116900280,0,0,0
116900281,0,0,0
116900282,0,0,0
116900283,0,0,0
116900284,0,0,0
116900285,0,0,0
116900286,0,0,0
116900287,0,0,0
116900288,0,0,0
116900289,0,0,0
116900290,0,0,0
116900291,0,0,0
116900292,0,0,0
116900293,0,0,0
116900294,0,0,0
116900295,0,0,0
116900296,0,0,0
116900297,0,0,0
116900298,0,0,0
116900299,0,0,0
116900300,0,0,0
116900301,0,0,0
116900302,0,0,0
116900303,0,0,0
116900304,0,0,0
116900305,0,0,0
116900306,19,3,16
116900307,0,0,0
116900308,0,0,0
116900309,0,0,0
116900310,0,0,0
116900311,0,0,0
117000001,765,436,329
117000002,1,27,-26
117000003,1856,1018,838
117000004,237,120,117
117000005,1174,551,623
117000006,64,101,-37
117000007,2473,634,1839
117000008,99,76,23
117000009,1451,187,1264
117000010,128,132,-4
117000011,863,251,612
117000012,170,95,75
117000013,962,217,745
117000014,26,202,-176
117000015,489,207,282
117000016,35,6,29
117000017,55,22,33
117000018,1,14,-13
117000019,3,4,-1
117000020,75,20,55
117000021,274,9,265
117000022,66,33,33
117000023,4,11,-7
117000024,0,0,0
117000025,0,0,0
117000026,979,1015,-36
117000027,0,0,0
117000028,348,201,147
117000030,132,29,103
117000031,150,215,-65
117000032,339,199,140
117000033,241,243,-2
117000034,103,76,27
117000035,402,129,273
117000036,27,96,-69
117000037,426,50,376
117000038,54,44,10
117000039,364,50,314
117000040,0,0,0
117000041,402,10,392
117000044,0,0,0
117000045,51,18,33
117000046,0,0,0
117000047,531,262,269
117000048,0,0,0
117000049,0,29,-29
117000050,2,5,-3
117000051,472,55,417
117000052,0,0,0
117000053,0,0,0
117000054,1063,93,970
117000055,0,20,-20
117000056,339,72,267
117000057,0,7,-7
117000060,0,0,0
117000061,332,309,23
117000062,0,0,0
117000063,174,77,97
117000064,0,0,0
117000066,1,1,0
117000067,55,91,-36
117000074,0,37,-37
117000076,0,7,-7
117000077,94,55,39
117000078,0,0,0
117000079,34,2,32
117000080,0,0,0
117000081,106,0,106
117000082,0,0,0
117000083,51,0,51
117000084,36,0,36
117000085,13,35,-22
117000086,180,221,-41
117000087,20,44,-24
117000088,204,117,87
117000089,1160,261,899
117000090,20,40,-20
117000091,626,90,536
117000092,2,9,-7
117000093,1051,143,908
117000094,54,37,17
117000095,1654,74,1580
117000096,6,43,-37
117000097,1122,188,934
117000098,58,36,22
117000099,1377,207,1170
117000100,0,0,0
117000101,0,0,0
117000102,753,168,585
117000103,26,12,14
117000104,602,142,460
117000105,9,23,-14
117000106,746,235,511
117000107,36,10,26
117000108,598,510,88
117000109,42,27,15
117000110,679,733,-54
117000111,2093,1331,762
117000112,600,415,185
117000113,0,0,0
117000114,3,3,0
117000115,0,0,0
117000116,0,10,-10
117000117,85,34,51
117000118,6,13,-7
117000119,1,84,-83
117000120,1,68,-67
117000121,0,49,-49
117000122,0,101,-101
117000123,29,87,-58
117000124,2,2,0
117000125,3,0,3
117000126,14,0,14
117000127,5,0,5
117000128,1,1,0
117000129,111,464,-353
117000130,18,2,16
117000131,0,0,0
117000132,1456,42,1414
117000133,0,0,0
117000134,0,0,0
117000135,0,0,0
117000136,0,0,0
117000137,0,0,0
117000138,0,0,0
117000140,12,43,-31
117000141,745,196,549
117000181,0,0,0
117000182,0,0,0
117000195,0,0,0
117000196,0,0,0
117000225,0,0,0
117000226,0,0,0
117000276,0,0,0
117000277,0,0,0
117000310,0,312,-312
117000315,0,0,0
117000320,127,0,127
117000906,76,1,75
117000907,0,0,0
117000909,0,16,-16
117000910,0,0,0
117000911,0,17,-17
117000915,0,0,0
117000916,8,24,-16
117000917,331,5,326
117000918,54,58,-4
117000919,0,0,0
117000920,0,9,-9
117000921,0,0,0
117000922,1,5,-4
117000924,75,174,-99
117000926,41,7,34
117000927,35,381,-346
117000928,0,0,0
117000929,0,0,0
117000930,0,0,0
117000931,0,0,0
117900002,0,0,0
117900003,0,0,0
117900005,0,0,0
117900006,0,0,0
117900007,0,0,0
117900008,0,0,0
117900010,0,0,0
117900011,0,0,0
117900012,0,0,0
117900013,0,0,0
117900014,0,0,0
117900015,0,0,0
117900016,0,0,0
117900017,0,0,0
117900018,0,0,0
117900019,0,0,0
117900020,0,0,0
117900021,0,0,0
117900023,0,0,0
117900024,0,0,0
117900025,0,0,0
117900026,0,0,0
117900028,0,0,0
117900029,0,0,0
117900031,0,0,0
117900032,0,0,0
117900033,0,0,0
117900034,0,0,0
117900035,0,0,0
117900036,0,0,0
117900037,0,0,0
117900038,0,0,0
117900039,0,0,0
117900040,0,0,0
117900041,0,0,0
117900042,0,0,0
117900043,0,0,0
117900044,0,0,0
117900045,0,0,0
117900048,0,0,0
117900049,0,0,0
117900050,0,0,0
117900051,0,0,0
117900052,0,0,0
117900053,0,0,0
117900054,0,0,0
117900055,0,0,0
117900056,0,0,0
117900057,0,0,0
117900058,0,0,0
117900059,0,0,0
117900060,0,0,0
117900061,0,0,0
117900063,0,0,0
117900065,0,0,0
117900066,0,0,0
117900067,0,0,0
117900069,0,0,0
117900070,0,0,0
117900071,0,0,0
117900073,0,0,0
117900074,0,0,0
117900075,0,0,0
117900076,0,0,0
117900077,0,0,0
117900078,0,0,0
117900080,0,0,0
117900081,0,0,0
117900082,0,0,0
117900083,0,0,0
117900086,0,0,0
117900087,0,0,0
117900088,0,0,0
117900089,0,0,0
117900090,0,0,0
117900091,0,0,0
117900092,0,0,0
117900093,0,0,0
117900094,0,0,0
117900095,0,0,0
117900096,0,0,0
117900097,0,0,0
117900098,0,0,0
117900099,0,0,0
117900100,0,0,0
117900101,0,0,0
117900102,0,0,0
117900103,0,0,0
117900104,0,0,0
117900105,0,0,0
117900106,0,0,0
117900107,0,0,0
117900109,0,0,0
117900110,0,0,0
117900111,0,0,0
117900112,0,0,0
117900113,0,0,0
117900114,0,0,0
117900115,0,0,0
117900116,0,0,0
117900117,0,0,0
117900118,0,0,0
117900119,0,0,0
117900120,1,0,1
117900121,1,0,1
117900122,0,0,0
117900123,0,0,0
117900124,0,0,0
117900125,0,0,0
117900126,0,0,0
117900127,0,0,0
117900128,0,0,0
117900129,0,0,0
117900130,0,0,0
117900131,0,0,0
117900132,0,0,0
117900133,0,0,0
117900134,0,0,0
117900135,0,0,0
117900136,0,0,0
117900137,0,0,0
117900138,0,0,0
117900139,0,0,0
117900140,0,0,0
117900141,0,0,0
117900142,0,0,0
117900144,0,0,0
117900145,0,0,0
117900146,0,0,0
117900147,0,0,0
117900148,0,0,0
117900149,0,0,0
117900150,0,0,0
117900151,0,0,0
117900152,0,0,0
117900153,0,0,0
117900154,0,0,0
117900156,0,0,0
117900157,0,0,0
117900158,0,0,0
117900160,0,0,0
117900161,0,0,0
117900162,0,0,0
117900163,0,0,0
117900165,0,0,0
117900166,0,0,0
117900168,0,0,0
117900169,0,0,0
117900170,0,0,0
117900171,0,0,0
117900172,0,0,0
117900173,0,0,0
117900174,0,0,0
117900175,0,0,0
117900176,0,0,0
117900177,0,0,0
117900178,0,0,0
117900180,0,0,0
117900181,0,0,0
117900182,0,0,0
117900183,0,0,0
117900184,0,0,0
117900185,0,0,0
117900186,0,0,0
117900187,0,0,0
117900188,0,0,0
117900189,0,0,0
117900190,0,0,0
117900191,0,0,0
117900192,0,0,0
117900193,1,1,0
117900194,0,0,0
117900195,0,0,0
117900196,0,0,0
117900207,0,0,0
117900208,0,0,0
117900209,0,0,0
117900210,0,0,0
117900211,0,0,0
117900212,0,0,0
117900213,0,0,0
117900214,0,0,0
117900215,0,0,0
117900216,0,0,0
117900217,0,0,0
117900218,0,0,0
117900219,0,0,0
117900220,0,0,0
117900222,0,0,0
117900223,0,0,0
118000001,205,515,-310
118000002,4,69,-65
118000003,1018,1730,-712
118000004,12,47,-35
118000005,1303,1428,-125
118000006,69,107,-38
118000007,146,788,-642
118000008,114,365,-251
118000009,27,163,-136
118000010,93,291,-198
118000011,0,0,0
118000012,0,0,0
118000013,0,0,0
118000014,0,0,0
118000016,0,0,0
118000017,9,9,0
118000018,0,0,0
118000019,2,0,2
118000020,0,0,0
118000021,0,0,0
118000022,4,46,-42
118000023,108,126,-18
118000024,122,215,-93
118000027,54,92,-38
118000029,71,332,-261
118000032,215,682,-467
118000033,549,1201,-652
118000034,26,76,-50
118000035,44,298,-254
118000036,64,182,-118
118000037,0,0,0
118000038,48,124,-76
118000039,0,0,0
118000040,189,168,21
118000041,0,0,0
118000045,0,63,-63
118000046,0,364,-364
118000047,0,0,0
118000048,49,77,-28
118000051,8,190,-182
118000052,7,77,-70
118000053,13,55,-42
118000054,25,76,-51
118000055,0,23,-23
118000056,0,0,0
118000057,0,4,-4
118000058,0,0,0
118000059,1,45,-44
118000060,5,2,3
118000061,6,89,-83
118000062,0,0,0
118000063,0,41,-41
118000064,6,97,-91
118000065,70,59,11
118000066,1,166,-165
118000067,5,22,-17
118000068,11,130,-119
118000069,1,26,-25
118000070,5,67,-62
118000071,21,74,-53
118000072,216,601,-385
118000073,7,154,-147
118000074,0,2,-2
118000075,0,41,-41
118000076,731,2201,-1470
118000077,0,0,0
118000078,456,775,-319
118000079,27,60,-33
118000080,0,0,0
118000081,276,509,-233
118000082,0,0,0
118000083,0,0,0
118000084,0,0,0
118000086,0,0,0
118000087,46,64,-18
118000088,179,358,-179
118000089,202,161,41
118000090,2,101,-99
118000091,29,129,-100
118000092,0,0,0
118000093,0,0,0
118000096,0,0,0
118000097,0,0,0
118000098,0,0,0
118000099,0,0,0
118000101,289,242,47
118000102,143,3,140
118000107,30,12,18
118000108,5,5,0
118000110,0,0,0
118000111,0,0,0
118000112,147,1,146
118000113,0,0,0
118000114,98,0,98
118000115,1,0,1
118000116,0,0,0
118000117,20,7,13
118000118,254,371,-117
118000119,202,300,-98
118000120,37,2,35
118000121,0,0,0
118000122,0,0,0
118000123,0,0,0
118000125,0,0,0
118000126,4,37,-33
118000127,50,268,-218
118000128,0,0,0
118000129,64,38,26
118000130,18,4,14
118000131,19,17,2
118000132,150,294,-144
118000133,77,136,-59
118000135,93,184,-91
118000136,0,12,-12
118000137,0,0,0
118000138,0,1,-1
118000139,0,0,0
118000140,2,20,-18
118000141,928,835,93
118000142,0,0,0
118000143,339,474,-135
118000144,83,77,6
118000145,237,104,133
118000146,280,31,249
118000147,213,15,198
118000148,45,70,-25
118000149,2,11,-9
118000150,331,101,230
118000151,45,44,1
118000153,497,447,50
118000154,496,326,170
118000155,430,624,-194
118000156,142,100,42
118000157,298,90,208
118000158,0,17,-17
118000159,32,96,-64
118000160,479,270,209
118000161,0,0,0
118000162,180,29,151
118000163,135,64,71
118000164,608,115,493
118000168,0,0,0
118000169,0,0,0
118000170,23,12,11
118000171,0,2,-2
118000172,0,0,0
118000173,225,109,116
118000175,189,293,-104
118000176,321,274,47
118000177,116,327,-211
118000178,0,0,0
118000179,533,525,8
118000180,530,283,247
118000181,38,7,31
118000182,44,37,7
118000183,72,42,30
118000184,913,231,682
118000185,0,0,0
118000186,0,0,0
118000187,75,1,74
118000188,0,0,0
118000189,0,0,0
118000190,0,0,0
118000191,0,0,0
118000192,0,2,-2
118000193,0,0,0
118000194,430,553,-123
118000195,9,70,-61
118000196,0,0,0
118000197,0,18,-18
118000198,0,74,-74
118000199,142,177,-35
118000200,0,0,0
118000201,0,0,0
118000202,0,0,0
118000203,0,0,0
118000204,1,25,-24
118000205,33,54,-21
118000206,40,19,21
118000207,0,0,0
118000208,117,327,-210
118000209,207,18,189
118000210,30,9,21
118000211,54,13,41
118000213,0,15,-15
118000214,30,25,5
118000215,0,0,0
118000216,0,0,0
118000217,0,0,0
118000218,0,0,0
118000219,0,0,0
118000220,31,20,11
118000221,0,0,0
118000222,0,0,0
118000223,7,0,7
118000224,0,0,0
118000225,0,0,0
118000226,4,11,-7
118000227,51,77,-26
118000228,0,0,0
118000229,0,0,0
118000230,0,0,0
118000231,0,0,0
118000232,0,0,0
118000233,105,6,99
118000234,0,0,0
118000236,0,0,0
118000237,0,0,0
118000238,1,0,1
118000239,124,27,97
118000240,0,0,0
118000241,0,0,0
118000242,0,0,0
118000243,0,0,0
118000244,0,0,0
118000246,0,0,0
118000255,2,4,-2
118000256,0,5,-5
118000259,0,0,0
118000260,0,0,0
118000261,0,0,0
118000263,0,0,0
118000266,0,0,0
118000267,0,0,0
118000268,6,0,6
118000270,0,0,0
118000271,1,4,-3
118000272,0,0,0
118000273,0,0,0
118000274,0,0,0
118000276,0,0,0
118000295,0,0,0
118000298,0,0,0
118000299,0,0,0
118000301,0,0,0
118000302,0,0,0
118000311,0,0,0
118000312,0,0,0
118000313,0,0,0
118000314,0,0,0
118000315,0,0,0
118000316,0,0,0
118000325,32,0,32
118000326,0,0,0
118000331,3,0,3
118000332,19,0,19
118000333,35,0,35
118000335,71,0,71
118000336,0,0,0
118000407,0,0,0
118000457,0,0,0
118000465,21,85,-64
118000480,0,0,0
118000489,22,28,-6
118000490,0,0,0
118000492,135,15,120
118000510,0,0,0
118000514,14,8,6
118000515,64,8,56
118000517,0,0,0
118000524,0,0,0
118000525,0,0,0
118000530,1,50,-49
118000531,80,13,67
118000532,0,0,0
118000533,0,0,0
118000534,0,0,0
118000535,66,14,52
118000536,0,0,0
118000537,0,0,0
118000538,0,0,0
118000539,0,31,-31
118000540,0,0,0
118000541,0,0,0
118000542,11,27,-16
118000543,4,14,-10
118000546,0,0,0
118000553,0,0,0
118000557,0,0,0
118000560,0,0,0
118000562,0,0,0
118000563,262,587,-325
118000576,23,1,22
118000577,4,19,-15
118000578,33,3,30
118000579,8,6,2
118000583,0,0,0
118000595,69,53,16
118000596,0,0,0
118000597,9,15,-6
118000598,0,0,0
118000599,0,0,0
118000600,0,0,0
118000601,1,0,1
118000602,0,0,0
118000603,0,0,0
118000605,0,0,0
118000606,0,0,0
118900001,0,0,0
118900002,0,0,0
118900003,0,0,0
118900004,0,0,0
118900005,0,0,0
118900006,0,0,0
118900007,0,0,0
118900008,0,0,0
118900009,0,0,0
118900010,0,0,0
118900011,0,0,0
118900012,0,1,-1
118900013,0,0,0
118900015,0,0,0
118900016,0,0,0
118900017,0,0,0
118900018,0,0,0
118900019,0,0,0
118900020,0,0,0
118900021,0,0,0
118900022,0,0,0
118900023,0,0,0
118900024,0,0,0
118900025,0,0,0
118900026,0,0,0
118900027,0,0,0
118900028,0,0,0
118900029,0,0,0
118900030,0,0,0
118900031,0,0,0
118900032,0,0,0
118900033,0,0,0
118900034,0,0,0
118900035,0,0,0
118900036,0,0,0
118900037,0,0,0
118900038,0,0,0
118900039,0,0,0
118900040,0,0,0
118900041,0,0,0
118900042,0,0,0
118900045,0,0,0
118900046,0,0,0
118900047,0,0,0
118900048,0,0,0
118900049,0,0,0
118900050,0,0,0
118900051,0,1,-1
118900052,0,0,0
118900053,0,0,0
118900054,0,0,0
118900055,0,0,0
118900056,0,0,0
118900057,0,0,0
118900058,0,0,0
118900059,0,0,0
118900060,0,0,0
118900062,0,0,0
118900064,0,0,0
118900065,0,0,0
118900066,0,0,0
118900067,0,0,0
118900068,0,0,0
118900069,0,0,0
118900071,0,0,0
118900072,0,0,0
118900073,0,0,0
118900074,0,0,0
118900075,0,0,0
118900076,0,0,0
118900077,0,0,0
118900078,0,0,0
118900079,0,0,0
118900080,0,0,0
118900081,0,0,0
118900082,0,0,0
118900083,0,0,0
118900084,0,0,0
118900085,0,0,0
118900086,0,0,0
118900087,0,0,0
118900088,0,0,0
118900089,0,0,0
118900090,0,0,0
118900091,0,0,0
118900092,0,0,0
118900093,0,0,0
118900096,2,73,-71
118900097,0,0,0
118900099,0,0,0
118900100,0,0,0
118900101,0,0,0
118900102,0,0,0
118900103,0,0,0
118900104,0,0,0
118900105,0,0,0
118900107,0,0,0
118900108,0,0,0
118900110,0,0,0
118900111,0,0,0
118900112,0,0,0
118900113,0,0,0
118900114,0,0,0
118900115,0,0,0
118900116,0,0,0
118900117,0,0,0
118900118,0,0,0
118900119,0,0,0
118900120,0,0,0
118900121,0,0,0
118900122,0,0,0
118900123,0,0,0
118900124,0,0,0
118900126,0,0,0
118900129,0,0,0
118900130,0,0,0
118900131,0,0,0
118900132,0,0,0
118900133,0,0,0
118900135,0,0,0
118900136,0,0,0
118900137,0,0,0
118900139,0,0,0
118900140,0,0,0
118900141,0,0,0
118900144,0,0,0
118900145,0,0,0
118900146,0,0,0
118900147,0,0,0
118900148,0,0,0
118900150,0,0,0
118900152,0,0,0
118900157,0,0,0
118900158,0,0,0
118900159,0,0,0
118900161,0,0,0
118900163,0,0,0
118900164,0,0,0
118900165,0,0,0
118900166,0,0,0
118900167,0,0,0
118900168,0,0,0
118900169,0,0,0
118900170,0,0,0
118900171,0,0,0
118900174,0,0,0
118900175,0,0,0
118900176,0,0,0
118900177,0,0,0
118900178,0,0,0
118900179,0,0,0
118900181,0,0,0
118900182,0,0,0
118900183,0,0,0
118900184,0,0,0
118900185,0,0,0
118900186,0,0,0
118900187,0,0,0
118900188,0,0,0
118900189,0,0,0
118900190,0,0,0
118900191,0,0,0
118900192,0,0,0
118900193,0,0,0
118900195,0,0,0
118900196,0,0,0
118900197,0,0,0
118900198,0,0,0
118900199,0,0,0
118900200,0,0,0
118900201,0,0,0
118900202,0,0,0
118900203,0,0,0
118900204,0,0,0
118900205,0,0,0
118900206,0,0,0
119000001,436,280,156
119000002,609,100,509
119000003,50,81,-31
119000004,15,66,-51
119000005,194,59,135
119000006,127,29,98
119000007,639,476,163
119000008,0,0,0
119000009,250,294,-44
119000010,0,0,0
119000011,379,295,84
119000012,8,35,-27
119000013,1237,532,705
119000014,10,66,-56
119000019,0,0,0
119000020,52,58,-6
119000021,94,103,-9
119000022,0,0,0
119000023,96,133,-37
119000024,169,1025,-856
119000025,2,38,-36
119000026,0,0,0
119000027,2,12,-10
119000028,33,15,18
119000029,0,0,0
119000030,24,162,-138
119000031,0,1,-1
119000032,0,40,-40
119000033,264,104,160
119000034,16,0,16
119000035,0,5,-5
119000036,128,22,106
119000037,2,22,-20
119000038,0,13,-13
119000039,17,29,-12
119000040,0,248,-248
119000041,5,27,-22
119000048,188,43,145
119000049,15,20,-5
119000050,27,6,21
119000051,56,81,-25
119000052,0,4,-4
119000053,51,116,-65
119000054,165,32,133
119000055,1019,95,924
119000056,558,270,288
119000057,41,57,-16
119000058,76,16,60
119000059,685,157,528
119000060,0,0,0
119000061,80,69,11
119000062,0,0,0
119000063,28,28,0
119000064,21,64,-43
119000065,28,8,20
119000066,87,113,-26
119000067,172,57,115
119000068,59,5,54
119000069,208,84,124
119000070,122,8,114
119000071,0,0,0
119000072,208,60,148
119000073,95,54,41
119000074,367,47,320
119000075,164,42,122
119000076,0,0,0
119000077,0,0,0
119000078,0,0,0
119000079,0,0,0
119000080,0,0,0
119000081,0,0,0
119000082,0,0,0
119000083,0,0,0
119000084,0,0,0
119000085,0,0,0
119000086,0,0,0
119000087,0,0,0
119000088,0,0,0
119000089,0,0,0
119000090,0,0,0
119000091,0,0,0
119000092,0,0,0
119000093,235,106,129
119000094,718,98,620
119000095,19,72,-53
119000097,156,28,128
119000098,174,414,-240
119000099,381,31,350
119000100,418,227,191
119000101,0,0,0
119000102,0,0,0
119000103,10,21,-11
119000104,0,0,0
119000105,50,99,-49
119000106,0,0,0
119000107,91,146,-55
119000108,0,0,0
119000109,0,0,0
119000110,0,0,0
119000111,0,0,0
119000112,0,0,0
119000113,0,0,0
119000114,34,19,15
119000115,0,0,0
119000116,8,25,-17
119000117,0,0,0
119000118,0,0,0
119000123,0,0,0
119000124,136,10,126
119000125,338,2,336
119000126,258,18,240
119000127,0,0,0
119000128,0,0,0
119000131,0,0,0
119000132,0,0,0
119000133,0,0,0
119000134,104,150,-46
119000135,0,0,0
119000136,0,0,0
119000137,0,0,0
119000138,0,0,0
119000139,0,0,0
119000140,0,0,0
119000284,0,0,0
119000285,0,0,0
119000286,0,0,0
119000287,0,0,0
119000288,0,0,0
119000289,0,0,0
119000290,64,0,64
119000291,0,0,0
119000293,0,5,-5
119000294,130,125,5
119000295,0,0,0
119000296,0,0,0
119000302,0,0,0
119000303,0,0,0
119000314,0,0,0
119000315,0,0,0
119000316,0,0,0
119000317,0,0,0
119000319,0,0,0
119900001,0,0,0
119900002,0,0,0
119900003,0,0,0
119900004,0,0,0
119900005,0,0,0
119900006,0,0,0
119900007,0,0,0
119900008,0,0,0
119900009,0,0,0
119900010,0,0,0
119900011,0,0,0
119900012,0,0,0
119900013,0,0,0
119900014,0,0,0
119900015,0,0,0
119900016,0,0,0
119900017,0,0,0
119900018,0,0,0
119900019,0,0,0
119900020,0,0,0
119900021,0,0,0
119900022,0,0,0
119900023,0,0,0
119900025,0,0,0
119900026,0,0,0
119900027,0,0,0
119900028,0,0,0
119900029,0,0,0
119900030,0,0,0
119900031,0,0,0
119900033,0,0,0
119900034,0,0,0
119900037,0,0,0
119900038,0,0,0
119900039,0,0,0
119900040,0,0,0
119900041,0,0,0
119900042,0,0,0
119900043,0,0,0
119900044,0,0,0
119900046,0,0,0
119900047,0,0,0
119900049,0,0,0
119900050,0,0,0
119900051,0,0,0
119900052,0,0,0
119900053,0,0,0
119900054,0,0,0
119900055,0,0,0
119900057,0,0,0
119900058,0,0,0
119900059,0,0,0
119900060,0,0,0
119900061,0,0,0
119900062,0,0,0
119900063,0,0,0
119900065,0,0,0
119900067,0,0,0
119900068,0,0,0
119900069,0,0,0
119900070,0,0,0
119900071,0,0,0
119900073,0,0,0
119900074,0,0,0
119900075,0,0,0
119900076,0,0,0
119900077,0,0,0
119900078,0,0,0
119900079,0,0,0
119900080,0,0,0
119900081,0,0,0
119900082,0,0,0
119900083,0,0,0
119900084,0,0,0
119900085,0,0,0
119900086,0,0,0
119900087,0,0,0
119900088,0,0,0
119900089,0,0,0
119900090,0,0,0
119900091,0,0,0
119900092,0,0,0
119900093,0,0,0
119900094,0,0,0
119900095,0,0,0
119900096,0,0,0
119900097,0,0,0
119900098,0,0,0
119900099,0,0,0
119900100,0,0,0
119900101,0,0,0
119900102,0,0,0
119900103,0,0,0
119900104,0,0,0
119900105,0,0,0
119900106,0,0,0
119900107,0,0,0
119900108,0,0,0
119900109,0,0,0
119900110,0,0,0
119900111,0,0,0
119900112,0,0,0
119900113,0,0,0
119900114,0,0,0
119900115,0,0,0
119900116,0,0,0
119900117,0,0,0
119900118,0,0,0
119900119,0,0,0
119900120,0,0,0
119900121,0,0,0
119900122,0,0,0
119900123,0,0,0
119900124,0,0,0
119900125,0,0,0
119900126,0,0,0
119900127,0,0,0
119900128,0,0,0
119900129,0,0,0
119900130,0,0,0
119900131,0,0,0
119900132,0,0,0
119900133,0,0,0
119900134,0,0,0
119900135,0,0,0
119900136,0,0,0
119900138,0,0,0
119900139,0,0,0
119900140,0,0,0
119900141,0,0,0
119900142,0,0,0
119900143,0,0,0
119900144,0,0,0
119900145,0,0,0
119900146,0,0,0
119900147,0,0,0
119900148,0,0,0
119900149,0,0,0
119900150,0,0,0
119900151,0,0,0
119900152,0,0,0
119900153,0,0,0
119900154,0,0,0
119900155,0,0,0
119900156,0,0,0
119900157,0,0,0
119900158,0,0,0
119900159,0,0,0
119900160,0,0,0
119900161,0,0,0
119900162,0,0,0
119900163,0,0,0
119900164,0,0,0
119900165,0,0,0
119900166,0,0,0
119900167,0,0,0
119900168,0,0,0
119900169,0,0,0
119900170,0,0,0
119900171,0,0,0
119900172,0,0,0
119900173,0,0,0
119900174,0,0,0
119900175,0,0,0
119900177,0,0,0
119900178,0,0,0
119900179,0,0,0
119900180,0,0,0
119900181,0,0,0
119900182,0,0,0
119900183,0,0,0
119900184,0,0,0
119900185,0,0,0
119900186,0,0,0
119900187,0,0,0
119900188,0,0,0
119900189,0,0,0
119900190,0,0,0
119900191,0,0,0
119900192,0,0,0
119900193,0,0,0
119900194,0,0,0
119900195,0,0,0
119900196,0,0,0
119900197,0,0,0
119900198,0,0,0
119900199,0,0,0
119900200,0,0,0
119900201,0,0,0
119900202,0,0,0
119900203,0,0,0
119900204,0,0,0
119900205,0,0,0
119900206,0,0,0
119900208,0,0,0
119900209,0,0,0
119900210,0,0,0
119900211,0,0,0
119900212,0,0,0
119900213,0,0,0
119900214,0,0,0
119900215,0,0,0
119900216,0,0,0
119900217,0,0,0
119900218,0,0,0
119900219,0,0,0
119900220,0,0,0
119900221,0,0,0
119900222,0,0,0
119900223,0,0,0
119900224,0,0,0
119900225,0,0,0
119900226,0,0,0
119900227,0,0,0
119900228,0,0,0
119900229,0,0,0
119900230,0,0,0
119900231,0,0,0
119900232,0,0,0
119900233,0,0,0
119900234,0,0,0
119900235,0,0,0
119900236,0,0,0
119900237,0,0,0
119900238,0,0,0
119900240,0,0,0
119900241,0,0,0
119900242,0,0,0
119900244,0,0,0
119900245,0,0,0
119900246,0,0,0
119900247,0,0,0
119900248,0,0,0
119900249,0,0,0
119900253,0,0,0
119900254,0,0,0
119900255,0,0,0
119900256,0,0,0
119900257,0,0,0
119900258,0,0,0
119900259,0,0,0
119900260,0,0,0
119900261,0,0,0
119900262,0,0,0
119900263,0,0,0
119900264,0,0,0
119900265,0,0,0
119900266,0,0,0
119900267,0,0,0
119900268,0,0,0
119900269,0,0,0
119900271,0,0,0
119900272,0,0,0
119900275,0,0,0
119900276,0,0,0
119900277,0,0,0
119900278,0,0,0
119900279,0,0,0
119900280,0,0,0
119900281,0,0,0
119900282,0,0,0
119900283,0,0,0
119900284,0,0,0
119900285,0,0,0
119900286,0,0,0
119900288,0,0,0
119900289,0,0,0
119900290,0,0,0
119900291,0,0,0
119900292,0,0,0
119900293,0,0,0
119900294,0,0,0
119900295,0,0,0
119900296,0,0,0
119900297,0,0,0
119900298,0,0,0
119900299,0,0,0
119900300,0,0,0
119900301,0,0,0
119900302,0,0,0
119900303,0,0,0
119900304,0,0,0
119900305,0,0,0
119900306,0,0,0
119900307,0,0,0
119900308,0,0,0
119900309,0,0,0
119900310,0,0,0
119900311,0,0,0
119900312,0,0,0
119900313,0,0,0
119900314,0,0,0
119900315,0,0,0
119900318,0,0,0
119900319,0,0,0
119900320,0,0,0
119900321,0,0,0
120000001,1484,1797,-313
120000002,65,33,32
120000003,45,35,10
120000004,21,63,-42
120000005,122,62,60
120000006,35,40,-5
120000007,61,26,35
120000008,19,42,-23
120000009,8,5,3
120000010,69,15,54
120000011,6,33,-27
120000012,22,88,-66
120000013,504,118,386
120000014,111,214,-103
120000015,625,255,370
120000016,1860,661,1199
120000017,467,436,31
120000018,1104,540,564
120000019,265,120,145
120000020,798,315,483
120000021,242,780,-538
120000022,1902,1242,660
120000023,489,260,229
120000024,310,203,107
120000025,825,212,613
120000026,368,475,-107
120000027,472,560,-88
120000028,1,0,1
120000029,17,184,-167
120000030,27,187,-160
120000031,630,429,201
120000032,274,117,157
120000033,266,54,212
120000034,185,100,85
120000035,392,89,303
120000036,1184,860,324
120000037,298,698,-400
120000038,101,542,-441
120000039,3,29,-26
120000040,1,14,-13
120000041,4,3,1
120000042,17,18,-1
120000043,76,8,68
120000044,24,1,23
120000045,3,1,2
120000046,28,10,18
120000047,1,5,-4
120000048,360,182,178
120000049,514,285,229
120000050,57,104,-47
120000051,36,74,-38
120000052,0,0,0
120000053,102,8,94
120000054,34,5,29
120000055,73,10,63
120000056,440,186,254
120000057,343,93,250
120000058,38,64,-26
120000059,0,166,-166
120000061,0,4,-4
120000062,0,0,0
120000063,53,0,53
120000064,48,0,48
120000065,103,6,97
120000066,19,9,10
120000067,1,2,-1
120000068,9,43,-34
120000069,93,4,89
120000070,12,7,5
120000071,337,295,42
120000072,377,158,219
120000073,168,114,54
120000074,67,79,-12
120000075,365,132,233
120000076,879,127,752
120000077,376,267,109
120000078,565,302,263
120000079,0,0,0
120000080,0,0,0
120000081,0,0,0
120000082,0,0,0
120000083,0,0,0
120000084,35,3,32
120000085,59,0,59
120000086,34,13,21
120000087,5,5,0
120000088,367,61,306
120000089,818,34,784
120000090,263,28,235
120000091,527,95,432
120000092,630,118,512
120000093,111,133,-22
120000094,94,380,-286
120000095,0,0,0
120000096,0,0,0
120000098,89,0,89
120000099,75,0,75
120000100,97,0,97
120000101,54,0,54
120000102,44,550,-506
120000103,544,708,-164
120000104,963,81,882
120000105,1547,36,1511
120000106,1288,35,1253
120000107,1566,44,1522
120000108,714,11,703
120000109,309,21,288
120000110,0,47,-47
120000111,1,5,-4
120000112,0,12,-12
120000113,1,1,0
120000114,21,11,10
120000115,9,4,5
120000116,8,30,-22
120000117,0,0,0
120000118,0,0,0
120000119,3,50,-47
120000120,0,0,0
120000121,0,77,-77
120000122,86,55,31
120000123,236,176,60
120000124,186,146,40
120000125,31,9,22
120000126,120,171,-51
120000127,150,83,67
120000128,78,7,71
120000129,106,27,79
120000130,441,113,328
120000131,94,76,18
120000134,0,0,0
120000135,0,0,0
120000137,0,0,0
120000138,0,0,0
120000139,0,0,0
120000140,0,0,0
120000141,0,0,0
120000142,0,0,0
120000143,0,0,0
120000144,0,0,0
120000145,0,0,0
120000146,303,473,-170
120000149,0,0,0
120000150,0,0,0
120000151,173,17,156
120000152,145,15,130
120000153,0,0,0
120000154,83,1,82
120000155,79,28,51
120000156,142,22,120
120000157,123,11,112
120000158,0,0,0
120000159,49,72,-23
120000160,492,186,306
120000161,262,119,143
120000162,8,193,-185
120000163,0,0,0
120000164,0,0,0
120000165,96,7,89
120000166,84,68,16
120000167,0,0,0
120000168,0,0,0
120000169,0,0,0
120000170,0,0,0
120000171,0,0,0
120000172,0,0,0
120000173,0,0,0
120000174,0,0,0
120000175,0,0,0
120000176,0,0,0
120000177,0,0,0
120000178,0,0,0
120000179,0,0,0
120000180,0,0,0
120000181,0,0,0
120000182,0,0,0
120000183,0,0,0
120000184,0,0,0
120000186,0,0,0
120000187,0,0,0
120000188,0,0,0
120000190,0,0,0
120000191,0,0,0
120000192,0,0,0
120000193,0,0,0
120000195,0,0,0
120000196,0,0,0
120000197,0,0,0
120000198,0,0,0
120000199,0,0,0
120000200,0,0,0
120000201,0,0,0
120000202,0,0,0
120000203,0,0,0
120000207,0,0,0
120000208,0,0,0
120000209,0,0,0
120000210,0,0,0
120000211,0,0,0
120000212,0,0,0
120000213,0,0,0
120000214,0,0,0
120000215,0,0,0
120000216,0,0,0
120000217,0,0,0
120000218,0,0,0
120000219,0,0,0
120000220,0,0,0
120000225,0,0,0
120000226,0,0,0
120000227,0,0,0
120000228,0,0,0
120000230,0,0,0
120000231,0,0,0
120000233,264,11,253
120000235,0,13,-13
120000236,848,6,842
120000237,0,0,0
120000238,0,0,0
120000241,447,413,34
120000412,0,0,0
120000413,0,0,0
120000414,0,0,0
120000415,0,0,0
120000416,0,0,0
120000417,0,0,0
120000418,0,0,0
120000419,0,0,0
120000420,15,0,15
120000421,298,142,156
120000422,0,0,0
120000423,0,0,0
120000424,0,0,0
120000436,115,50,65
120000437,0,0,0
120000438,0,0,0
120000439,330,145,185
120000443,0,0,0
120000444,543,94,449
120000445,264,226,38
120000446,193,9,184
120000447,343,0,343
120000449,0,0,0
120000450,0,0,0
120000451,43,20,23
120000452,12,0,12
120000453,0,0,0
120000454,22,0,22
120000455,32,176,-144
120000456,6,78,-72
120000457,32,30,2
120000458,0,0,0
120000459,37,31,6
120000665,0,80,-80
120000668,0,33,-33
120000669,5,5,0
120000670,0,34,-34
120000671,85,53,32
120000672,0,7,-7
120900001,0,0,0
120900002,0,0,0
120900003,0,0,0
120900004,0,0,0
120900005,0,0,0
120900006,0,0,0
120900007,0,0,0
120900008,0,0,0
120900009,0,0,0
120900010,0,0,0
120900011,0,0,0
120900012,0,0,0
120900013,0,0,0
120900014,0,0,0
120900015,0,0,0
120900016,0,0,0
120900017,0,0,0
120900018,0,0,0
120900019,0,0,0
120900020,0,0,0
120900021,0,0,0
120900022,0,0,0
120900023,0,0,0
120900024,0,0,0
120900025,0,0,0
120900026,0,0,0
120900027,0,0,0
120900028,0,0,0
120900029,0,0,0
120900030,0,0,0
120900031,0,0,0
120900032,0,0,0
120900033,0,0,0
120900034,0,0,0
120900035,0,0,0
120900037,0,0,0
120900038,0,0,0
120900039,0,0,0
120900040,0,0,0
120900041,0,0,0
120900042,0,0,0
120900043,0,0,0
120900044,0,0,0
120900045,0,0,0
120900046,0,0,0
120900047,0,0,0
120900048,0,0,0
120900049,0,0,0
120900050,0,0,0
120900051,0,0,0
120900052,0,0,0
120900053,0,0,0
120900054,0,0,0
120900055,0,0,0
120900056,0,0,0
120900057,0,0,0
120900058,0,0,0
120900059,0,0,0
120900060,0,0,0
120900061,0,0,0
120900062,0,0,0
120900063,0,0,0
120900064,0,0,0
120900065,0,0,0
120900066,0,0,0
120900067,0,0,0
120900068,0,0,0
120900069,0,0,0
120900071,0,0,0
120900072,0,0,0
120900073,0,0,0
120900074,0,0,0
120900076,0,0,0
120900077,0,0,0
120900078,0,0,0
120900079,0,0,0
120900080,0,0,0
120900081,0,0,0
120900082,2,0,2
120900083,0,0,0
120900084,0,0,0
120900085,0,0,0
120900086,0,0,0
120900087,0,0,0
120900088,0,0,0
120900089,0,0,0
120900090,0,0,0
120900091,0,0,0
120900092,0,0,0
120900093,0,0,0
120900094,0,0,0
120900095,0,0,0
120900096,0,0,0
120900097,0,0,0
120900098,0,0,0
120900099,0,0,0
120900100,0,0,0
120900101,0,0,0
120900102,0,0,0
120900103,0,0,0
120900104,0,0,0
120900105,0,0,0
120900106,0,0,0
120900107,0,0,0
120900108,0,0,0
120900109,0,0,0
120900110,0,0,0
120900111,0,0,0
120900112,0,0,0
120900113,0,0,0
120900114,0,0,0
120900115,13,25,-12
120900116,0,0,0
120900117,0,0,0
120900118,0,0,0
120900119,0,0,0
120900120,0,0,0
120900121,0,0,0
120900122,0,0,0
120900123,0,0,0
120900124,0,0,0
120900125,0,0,0
120900126,0,0,0
120900127,0,0,0
120900128,0,0,0
120900129,0,0,0
120900130,0,0,0
120900131,0,0,0
120900132,0,0,0
120900133,0,0,0
120900134,0,0,0
120900135,0,0,0
120900136,0,0,0
120900137,0,0,0
120900138,0,0,0
120900139,0,0,0
120900140,0,0,0
120900141,0,0,0
120900142,0,0,0
120900143,0,0,0
120900144,0,0,0
120900145,0,0,0
120900146,0,0,0
120900147,0,0,0
120900148,0,0,0
120900149,0,0,0
120900150,0,0,0
120900151,0,0,0
120900152,0,0,0
120900153,0,0,0
120900154,0,0,0
120900155,0,0,0
120900156,0,0,0
120900157,0,0,0
120900158,0,0,0
120900159,0,0,0
120900160,0,0,0
120900161,0,0,0
120900162,0,0,0
120900163,0,0,0
120900164,0,0,0
120900165,0,0,0
120900166,0,0,0
120900167,0,0,0
120900169,0,0,0
120900170,0,0,0
120900171,0,0,0
120900172,0,0,0
120900173,0,0,0
120900174,0,0,0
120900175,0,0,0
120900176,0,0,0
120900177,0,0,0
120900178,0,0,0
120900179,0,0,0
120900180,0,0,0
120900181,0,0,0
120900182,0,0,0
120900183,0,0,0
120900184,0,0,0
120900185,0,0,0
120900186,0,0,0
120900187,0,0,0
120900188,0,0,0
120900189,0,0,0
120900190,0,0,0
120900191,0,0,0
120900192,0,0,0
120900194,0,0,0
120900195,0,0,0
120900196,0,0,0
120900197,0,0,0
120900198,0,0,0
120900199,0,0,0
120900200,0,0,0
120900201,0,0,0
120900202,0,0,0
120900203,0,0,0
120900204,0,0,0
120900205,0,0,0
120900206,0,0,0
120900207,0,0,0
121000001,0,0,0
121000002,171,61,110
121000003,0,1,-1
121000004,109,236,-127
121000005,2,7,-5
121000006,68,224,-156
121000007,4,20,-16
121000008,267,263,4
121000009,41,63,-22
121000010,238,280,-42
121000011,87,89,-2
121000012,375,174,201
121000013,182,228,-46
121000014,598,503,95
121000015,326,695,-369
121000016,354,263,91
121000017,8,49,-41
121000018,101,187,-86
121000019,28,107,-79
121000020,590,916,-326
121000021,92,73,19
121000022,24,375,-351
121000023,38,14,24
121000024,737,502,235
121000025,3,45,-42
121000026,7,73,-66
121000027,25,85,-60
121000028,6,61,-55
121000029,0,0,0
121000030,0,0,0
121000031,31,4,27
121000032,0,0,0
121000034,12,19,-7
121000035,0,0,0
121000036,20,19,1
121000037,44,31,13
121000038,44,115,-71
121000039,0,0,0
121000041,0,0,0
121000042,1,30,-29
121000043,0,0,0
121000044,3,43,-40
121000045,31,41,-10
121000046,0,0,0
121000047,0,0,0
121000049,64,23,41
121000050,56,176,-120
121000051,8,70,-62
121000052,19,74,-55
121000053,3,9,-6
121000054,0,0,0
121000055,0,0,0
121000056,203,232,-29
121000057,0,0,0
121000058,0,0,0
121000059,0,14,-14
121000060,22,36,-14
121000061,0,2,-2
121000062,0,16,-16
121000063,5,5,0
121000064,2,17,-15
121000065,0,0,0
121000066,0,0,0
121000067,0,0,0
121000068,3,8,-5
121000069,0,26,-26
121000070,35,35,0
121000071,58,161,-103
121000072,11,39,-28
121000073,15,121,-106
121000074,0,0,0
121000075,0,0,0
121000076,2,0,2
121000077,4,28,-24
121000078,0,0,0
121000080,48,37,11
121000081,142,187,-45
121000082,12,37,-25
121000083,4,8,-4
121000084,0,0,0
121000085,15,21,-6
121000086,3,87,-84
121000087,1,79,-78
121000088,0,0,0
121000089,4,126,-122
121000090,0,0,0
121000091,115,75,40
121000092,6,11,-5
121000093,2,25,-23
121000094,33,29,4
121000095,1,23,-22
121000096,0,0,0
121000097,0,0,0
121000098,23,19,4
121000099,10,46,-36
121000100,0,0,0
121000101,4,27,-23
121000102,0,0,0
121000103,2,4,-2
121000104,0,0,0
121000105,0,0,0
121000106,1,8,-7
121000107,165,219,-54
121000109,15,210,-195
121000110,0,1,-1
121000114,91,254,-163
121000115,0,0,0
121000116,0,0,0
121000117,0,0,0
121000118,1,0,1
121000119,0,0,0
121000120,1,43,-42
121000121,0,12,-12
121000123,1,19,-18
121000127,0,0,0
121000128,0,0,0
121000129,0,0,0
121000130,2,9,-7
121000131,0,0,0
121000132,8,13,-5
121000135,0,0,0
121000136,1,49,-48
121000137,0,0,0
121000138,1,15,-14
121000139,0,0,0
121000141,0,0,0
121000142,0,0,0
121000143,0,0,0
121000144,0,0,0
121000145,0,2,-2
121000146,42,5,37
121000147,5,86,-81
121000148,0,0,0
121000149,256,361,-105
121000152,4,7,-3
121000153,62,12,50
121000154,110,10,100
121000155,51,68,-17
121000156,70,35,35
121000157,21,16,5
121000158,83,8,75
121000159,17,14,3
121000160,10,4,6
121000161,0,0,0
121000162,0,0,0
121000165,154,619,-465
121000166,27,18,9
121000168,13,71,-58
121000169,1,5,-4
121000170,40,21,19
121000171,3,27,-24
121000172,1,39,-38
121000173,0,1,-1
121000174,3,3,0
121000175,6,3,3
121000176,5,10,-5
121000177,2,0,2
121000178,0,0,0
121000179,13,7,6
121000181,14,39,-25
121000182,35,80,-45
121000183,15,27,-12
121000184,0,37,-37
121000185,0,49,-49
121000186,0,26,-26
121000187,0,0,0
121000188,0,0,0
121000192,20,1,19
121000193,0,0,0
121000194,72,148,-76
121000195,0,0,0
121000196,0,0,0
121000197,2,1,1
121000198,0,0,0
121000199,2,0,2
121000200,0,0,0
121000201,0,0,0
121000202,0,0,0
121000203,0,0,0
121000204,0,0,0
121000205,24,14,10
121000206,0,0,0
121000207,0,0,0
121000208,0,0,0
121000209,92,8,84
121000210,0,0,0
121000211,0,1,-1
121000212,0,0,0
121000213,29,104,-75
121000214,22,112,-90
121000215,71,33,38
121000216,36,39,-3
121000217,421,98,323
121000218,12,13,-1
121000219,165,95,70
121000220,0,0,0
121000221,1,62,-61
121000222,4,58,-54
121000223,0,0,0
121000224,0,0,0
121000225,9,38,-29
121000226,4,184,-180
121000227,0,0,0
121000228,0,0,0
121000229,0,0,0
121000230,0,0,0
121000231,153,0,153
121000232,0,0,0
121000233,130,21,109
121000234,2,8,-6
121000235,0,7,-7
121000236,0,4,-4
121000237,20,0,20
121000238,0,0,0
121000239,1,0,1
121000240,0,4,-4
121000241,33,0,33
121000242,0,1,-1
121000243,11,0,11
121000244,0,1,-1
121000245,0,0,0
121000246,0,0,0
121000247,22,0,22
121000248,30,2,28
121000249,0,0,0
121000250,21,129,-108
121000251,0,0,0
121000252,0,14,-14
121000253,0,0,0
121000254,2,9,-7
121000255,0,0,0
121000256,1,28,-27
121000257,0,0,0
121000258,17,36,-19
121000259,0,0,0
121000260,0,0,0
121000261,1,21,-20
121000262,0,0,0
121000263,7,16,-9
121000271,0,0,0
121000273,0,0,0
121000274,3,1,2
121000275,0,0,0
121000276,0,2,-2
121000278,54,0,54
121000279,0,0,0
121000280,0,27,-27
121000289,4,9,-5
121000290,59,28,31
121000294,0,0,0
121000297,78,36,42
121000299,0,0,0
121000300,0,0,0
121000302,0,77,-77
121000303,2,1,1
121000304,171,187,-16
121000305,82,87,-5
121000306,53,73,-20
121000308,0,0,0
121000309,0,0,0
121000310,0,0,0
121000311,0,0,0
121000312,22,37,-15
121000313,0,0,0
121000314,0,0,0
121000315,0,0,0
121000530,102,148,-46
121000531,327,179,148
121000532,757,251,506
121000533,3028,1148,1880
121000919,0,0,0
121000938,0,0,0
121000939,14,20,-6
121000956,0,0,0
121000957,0,0,0
121000958,2,0,2
121000959,40,5,35
121000960,30,28,2
121000961,83,0,83
121000962,0,12,-12
121000973,0,0,0
121000976,0,0,0
121000979,0,0,0
121000981,19,0,19
121000982,0,0,0
121000983,10,0,10
121000984,0,0,0
121000985,0,0,0
121000986,0,0,0
121000987,0,0,0
121000988,200,15,185
121001302,0,0,0
121001308,0,0,0
121001309,0,0,0
121001311,0,0,0
121001313,0,0,0
121001314,0,0,0
121001315,1177,80,1097
121001326,0,0,0
121001327,0,0,0
121001328,0,0,0
121900001,0,60,-60
121900002,0,0,0
121900003,0,0,0
121900004,0,0,0
121900005,0,0,0
121900006,0,0,0
121900007,0,0,0
121900008,0,0,0
121900009,0,0,0
121900010,0,0,0
121900011,0,0,0
121900012,0,0,0
121900013,0,0,0
121900014,0,0,0
121900015,0,0,0
121900016,0,0,0
121900017,0,0,0
121900018,0,0,0
121900019,0,0,0
121900020,0,0,0
121900021,0,0,0
121900022,0,0,0
121900023,0,0,0
121900024,0,0,0
121900025,0,0,0
121900026,0,0,0
121900027,0,0,0
121900028,0,0,0
121900029,0,0,0
121900030,0,0,0
121900031,0,0,0
121900032,0,0,0
121900033,0,0,0
121900034,0,0,0
121900035,0,0,0
121900036,0,0,0
121900037,0,0,0
121900038,0,0,0
121900039,0,0,0
121900040,0,0,0
121900041,0,0,0
121900042,0,0,0
121900043,0,0,0
121900044,0,0,0
121900046,0,0,0
121900047,0,0,0
121900048,0,0,0
121900050,0,0,0
121900051,0,0,0
121900052,0,0,0
121900053,0,0,0
121900054,0,0,0
121900055,0,0,0
121900058,0,0,0
121900059,0,0,0
121900060,0,0,0
121900062,0,0,0
121900063,0,0,0
121900064,0,0,0
121900066,0,0,0
121900067,0,0,0
121900069,0,0,0
121900070,0,0,0
121900071,0,0,0
121900072,0,0,0
121900073,0,0,0
121900074,0,0,0
121900075,0,0,0
121900076,0,0,0
121900078,0,0,0
121900079,0,0,0
121900080,0,0,0
121900082,0,0,0
121900084,0,0,0
121900086,0,0,0
121900087,0,0,0
121900088,0,0,0
121900089,0,0,0
121900090,0,0,0
121900091,0,0,0
121900092,0,0,0
121900093,0,0,0
121900094,0,0,0
121900095,0,0,0
121900096,0,0,0
121900097,0,0,0
121900098,0,0,0
121900099,0,0,0
121900100,0,0,0
121900101,0,0,0
121900102,0,0,0
121900103,0,0,0
121900104,0,0,0
121900105,0,0,0
121900106,0,0,0
121900107,0,0,0
121900108,0,0,0
121900109,0,0,0
121900110,0,0,0
121900111,0,0,0
121900112,0,0,0
121900113,0,0,0
121900114,0,0,0
121900117,0,0,0
121900118,0,0,0
121900119,0,0,0
121900120,0,0,0
121900121,0,0,0
121900122,0,0,0
121900123,0,0,0
121900124,0,0,0
121900125,0,0,0
121900127,0,0,0
121900128,0,0,0
121900129,0,0,0
121900130,0,0,0
121900131,0,0,0
121900132,0,0,0
121900133,0,0,0
121900134,0,0,0
121900135,0,0,0
121900136,0,0,0
121900137,0,0,0
121900138,0,0,0
121900139,0,0,0
121900140,0,0,0
121900141,0,0,0
121900142,0,0,0
121900143,0,0,0
121900144,0,0,0
121900145,0,0,0
121900146,0,0,0
121900147,0,0,0
121900148,0,0,0
121900149,0,0,0
121900150,0,0,0
121900151,0,0,0
121900152,0,0,0
121900153,0,0,0
121900154,0,0,0
121900155,0,0,0
121900156,0,0,0
121900157,0,0,0
121900158,0,0,0
121900159,0,0,0
121900160,0,0,0
121900161,0,0,0
121900162,0,0,0
121900163,0,0,0
121900164,0,0,0
121900165,0,0,0
121900166,0,0,0
121900167,0,0,0
121900168,0,0,0
121900169,0,0,0
121900170,0,0,0
121900171,0,0,0
121900172,0,0,0
121900173,0,0,0
121900174,0,0,0
121900175,0,0,0
121900176,0,0,0
121900177,0,0,0
121900178,0,0,0
121900179,0,0,0
121900180,0,0,0
121900182,0,0,0
121900183,0,0,0
121900184,0,0,0
121900186,0,0,0
121900187,0,0,0
121900188,0,0,0
121900189,0,0,0
121900190,0,0,0
121900191,0,0,0
121900192,0,0,0
121900193,0,0,0
121900194,0,0,0
121900195,0,0,0
121900196,0,0,0
121900197,0,0,0
121900198,0,0,0
121900199,0,0,0
121900200,0,0,0
121900201,0,0,0
121900202,0,0,0
121900203,0,0,0
121900204,0,0,0
121900205,0,0,0
121900206,0,0,0
121900207,0,0,0
121900208,0,0,0
121900209,0,0,0
121900210,0,0,0
121900211,0,0,0
121900212,0,0,0
121900213,0,0,0
121900214,0,0,0
121900215,0,0,0
121900216,0,0,0
121900217,0,0,0
121900218,0,0,0
121900220,0,0,0
121900221,0,0,0
121900222,0,0,0
121900223,0,0,0
121900224,0,0,0
121900225,0,0,0
121900226,0,0,0
121900227,0,0,0
121900228,0,0,0
121900230,0,0,0
121900231,0,0,0
121900232,0,0,0
121900233,0,0,0
121900234,0,0,0
121900235,0,0,0
121900236,0,0,0
121900237,0,0,0
121900238,0,0,0
121900239,0,0,0
121900240,0,0,0
121900241,0,0,0
121900242,0,0,0
121900243,0,0,0
121900244,0,0,0
121900245,0,0,0
121900246,0,0,0
121900248,0,0,0
121900250,0,0,0
121900251,0,0,0
121900252,0,0,0
121900253,0,0,0
121900254,0,0,0
121900255,0,0,0
121900258,0,0,0
121900259,0,0,0
121900260,0,0,0
121900261,0,0,0
121900262,0,0,0
121900263,0,0,0
121900264,0,0,0
121900265,0,0,0
121900266,0,0,0
121900267,0,0,0
121900269,0,0,0
121900270,0,0,0
121900271,0,0,0
121900273,0,0,0
121900274,0,0,0
121900277,0,0,0
121900278,0,0,0
121900279,0,0,0
121900280,0,0,0
121900281,0,0,0
121900284,0,0,0
121900286,0,0,0
121900287,0,0,0
121900288,0,0,0
121900290,0,0,0
121900291,0,0,0
121900292,0,0,0
121900293,0,0,0
121900294,0,0,0
121900295,0,0,0
121900296,0,0,0
121900298,0,0,0
121900299,0,0,0
121900300,0,0,0
121900301,0,0,0
121900302,0,0,0
121900303,0,0,0
121900304,0,0,0
121900305,0,0,0
121900306,0,0,0
121900307,0,0,0
121900308,0,0,0
121900309,0,0,0
121900310,0,0,0
121900311,0,0,0
121900312,0,0,0
121900313,0,0,0
121900314,0,0,0
121900315,0,0,0
121900316,0,0,0
121900317,0,0,0
121900318,0,0,0
121900319,0,0,0
121900320,0,0,0
121900321,0,0,0
121900322,0,0,0
121900323,0,0,0
121900324,0,0,0
121900325,0,0,0
121900326,0,0,0
121900327,0,0,0
121900328,0,0,0
121900329,0,0,0
121900330,0,0,0
121900331,0,0,0
121900332,0,0,0
121900333,0,0,0
121900334,0,0,0
122000001,30,111,-81
122000002,31,27,4
122000003,37,121,-84
122000004,43,60,-17
122000005,279,588,-309
122000006,81,227,-146
122000007,24,171,-147
122000008,12,183,-171
122000009,10,42,-32
122000010,251,231,20
122000011,66,103,-37
122000012,30,53,-23
122000013,13,48,-35
122000014,0,17,-17
122000015,7,19,-12
122000016,2,76,-74
122000017,2,1,1
122000018,0,0,0
122000019,0,16,-16
122000020,0,0,0
122000021,0,0,0
122000022,12,19,-7
122000023,25,11,14
122000024,33,76,-43
122000025,5,46,-41
122000026,127,84,43
122000027,0,0,0
122000028,41,0,41
122000029,20,1,19
122000030,0,0,0
122000031,0,0,0
122000032,66,59,7
122000033,21,72,-51
122000034,0,0,0
122000035,0,0,0
122000036,0,0,0
122000037,2,18,-16
122000038,2,10,-8
122000039,0,0,0
122000040,0,0,0
122000041,0,0,0
122000042,0,0,0
122000043,6,2,4
122000044,1,2,-1
122000045,25,18,7
122000046,22,7,15
122000047,0,0,0
122000048,211,519,-308
122000049,448,170,278
122000050,6,2,4
122000051,0,3,-3
122000052,1,3,-2
122000053,0,459,-459
122000054,21,97,-76
122000055,372,504,-132
122000056,84,78,6
122000057,55,147,-92
122000058,54,77,-23
122000059,16,39,-23
122000060,0,0,0
122000061,0,0,0
122000062,20,13,7
122000063,4,10,-6
122000064,52,69,-17
122000065,79,90,-11
122000066,15,16,-1
122000067,85,351,-266
122000068,13,232,-219
122000069,14,41,-27
122000070,180,67,113
122000071,11,58,-47
122000072,0,0,0
122000073,0,0,0
122000074,16,44,-28
122000075,26,41,-15
122000076,45,56,-11
122000077,0,0,0
122000078,141,82,59
122000079,0,29,-29
122000080,0,0,0
122000081,0,0,0
122000082,52,23,29
122000083,0,0,0
122000084,0,0,0
122000085,6,26,-20
122000086,8,154,-146
122000087,11,27,-16
122000088,0,0,0
122000089,83,192,-109
122000090,0,0,0
122000091,0,0,0
122000092,0,0,0
122000093,13,310,-297
122000094,281,305,-24
122000095,3,23,-20
122000096,18,221,-203
122000098,180,369,-189
122000099,1,14,-13
122000100,12,2,10
122000101,0,2,-2
122000102,0,0,0
122000103,0,0,0
122000104,0,4,-4
122000105,0,15,-15
122000106,0,19,-19
122000107,3,13,-10
122000108,0,0,0
122000109,1,4,-3
122000110,0,0,0
122000111,199,84,115
122000112,21,33,-12
122000113,4,17,-13
122000114,231,495,-264
122000115,199,512,-313
122000116,17,8,9
122000117,96,0,96
122000118,11,20,-9
122000119,0,0,0
122000120,0,0,0
122000121,2,11,-9
122000122,29,13,16
122000123,41,19,22
122000124,19,32,-13
122000125,15,58,-43
122000126,0,21,-21
122000127,2,21,-19
122000128,10,2,8
122000129,39,16,23
122000130,60,27,33
122000131,4,23,-19
122000132,0,0,0
122000133,0,0,0
122000134,28,22,6
122000135,14,18,-4
122000136,47,10,37
122000137,10,25,-15
122000139,2,74,-72
122000140,0,0,0
122000141,0,0,0
122000142,0,0,0
122000143,0,0,0
122000144,35,24,11
122000145,0,2,-2
122000146,7,24,-17
122000147,18,27,-9
122000148,94,101,-7
122000149,80,8,72
122000150,60,9,51
122000151,0,0,0
122000152,0,0,0
122000153,9,31,-22
122000154,72,56,16
122000155,44,33,11
122000156,133,199,-66
122000157,133,102,31
122000158,0,0,0
122000159,61,18,43
122000160,136,31,105
122000161,43,31,12
122000162,13,37,-24
122000163,0,0,0
122000164,0,0,0
122000165,0,4,-4
122000166,36,41,-5
122000167,0,0,0
122000168,0,0,0
122000169,0,0,0
122000170,0,0,0
122000171,0,0,0
122000172,0,0,0
122000173,0,0,0
122000174,114,221,-107
122000175,0,0,0
122000176,0,0,0
122000177,206,238,-32
122000178,175,46,129
122000179,0,0,0
122000180,132,293,-161
122000181,173,457,-284
122000182,63,11,52
122000183,13,3,10
122000184,107,269,-162
122000185,55,139,-84
122000186,0,0,0
122000187,106,35,71
122000188,0,0,0
122000189,6,12,-6
122000190,161,73,88
122000191,6,3,3
122000192,0,0,0
122000193,0,0,0
122000194,0,0,0
122000195,0,0,0
122000196,0,0,0
122000197,52,26,26
122000198,0,0,0
122000199,7,14,-7
122000200,60,22,38
122000201,181,272,-91
122000202,82,201,-119
122000203,0,0,0
122000204,0,0,0
122000205,0,0,0
122000206,80,58,22
122000207,76,100,-24
122000208,44,55,-11
122000209,85,21,64
122000210,1,6,-5
122000211,0,11,-11
122000212,15,7,8
122000213,12,90,-78
122000214,103,248,-145
122000215,105,157,-52
122000217,9,0,9
122000218,71,38,33
122000219,31,48,-17
122000220,2,52,-50
122000221,0,0,0
122000222,0,1,-1
122000223,21,47,-26
122000225,95,29,66
122000226,0,19,-19
122000227,0,15,-15
122000228,0,6,-6
122000229,0,0,0
122000230,0,19,-19
122000231,0,22,-22
122000232,2,24,-22
122000233,0,0,0
122000234,23,0,23
122000235,12,1,11
122000236,6,0,6
122000237,0,0,0
122000238,2,13,-11
122000239,50,2,48
122000240,37,6,31
122000241,7,38,-31
122000242,0,0,0
122000243,0,0,0
122000244,0,0,0
122000245,0,0,0
122000246,4,53,-49
122000247,13,0,13
122000248,8,1,7
122000249,73,79,-6
122000250,160,54,106
122000251,0,0,0
122000252,8,2,6
122000253,0,0,0
122000254,1,6,-5
122000255,0,0,0
122000256,1,12,-11
122000257,0,0,0
122000258,2,19,-17
122000259,0,0,0
122000260,0,0,0
122000261,0,0,0
122000262,0,0,0
122000263,0,0,0
122000264,114,31,83
122000265,209,35,174
122000266,133,28,105
122000267,0,0,0
122000268,0,0,0
122000269,0,0,0
122000270,0,0,0
122000271,0,0,0
122000272,0,0,0
122000273,0,0,0
122000274,0,0,0
122000275,0,0,0
122000276,29,72,-43
122000277,74,69,5
122000278,72,81,-9
122000279,0,3,-3
122000280,4,4,0
122000281,0,0,0
122000282,25,5,20
122000283,0,0,0
122000284,0,0,0
122000285,0,0,0
122000286,0,0,0
122000287,491,97,394
122000288,24,8,16
122000291,604,62,542
122000293,0,0,0
122000294,48,8,40
122000295,151,6,145
122000296,21,41,-20
122000297,640,202,438
122000299,168,181,-13
122000300,0,0,0
122000301,33,22,11
122000302,8,31,-23
122000303,4,3,1
122000304,0,0,0
122000305,152,20,132
122000306,0,20,-20
122000307,0,0,0
122000309,0,0,0
122000310,0,0,0
122000311,0,0,0
122000312,1,47,-46
122000313,2,70,-68
122000314,22,22,0
122000315,0,0,0
122000316,21,25,-4
122000317,50,5,45
122000318,24,38,-14
122000319,7,3,4
122000320,0,0,0
122000321,0,0,0
122000322,50,29,21
122000323,41,36,5
122000324,1,9,-8
122000325,9,83,-74
122000326,0,0,0
122000327,3,10,-7
122000328,0,0,0
122000330,57,149,-92
122000333,0,0,0
122000337,11,15,-4
122000338,7,6,1
122000340,0,0,0
122000342,28,4,24
122000343,20,14,6
122000344,19,0,19
122000345,8,1,7
122000346,0,0,0
122000348,46,16,30
122000349,0,0,0
122000351,0,0,0
122000352,0,0,0
122000353,0,0,0
122000355,0,0,0
122000356,24,55,-31
122000357,0,0,0
122000358,0,0,0
122000359,0,0,0
122000360,0,0,0
122000362,0,0,0
122000364,0,0,0
122000365,0,0,0
122000366,0,0,0
122000368,0,0,0
122000370,0,0,0
122000371,0,0,0
122000372,0,0,0
122000381,0,0,0
122000382,0,0,0
122000384,0,1,-1
122000385,0,0,0
122000386,0,130,-130
122000387,0,0,0
122000388,29,63,-34
122000389,0,0,0
122000390,17,36,-19
122000391,0,0,0
122000392,0,0,0
122000393,0,0,0
122000394,0,0,0
122000395,0,0,0
122000396,0,0,0
122000399,0,0,0
122000400,3,62,-59
122000401,0,0,0
122000402,2,22,-20
122000403,0,0,0
122000404,44,5,39
122000408,131,139,-8
122000503,0,0,0
122000524,0,0,0
122000544,0,0,0
122000614,3,3,0
122000616,0,0,0
122000640,0,0,0
122000641,0,0,0
122000642,0,0,0
122000643,58,74,-16
122000644,0,0,0
122000645,0,0,0
122000651,8,8,0
122000664,83,7,76
122000665,0,0,0
122000666,22,25,-3
122000673,0,0,0
122000674,37,20,17
122000675,21,23,-2
122000686,3,30,-27
122000687,13,2,11
122000688,30,8,22
122000689,19,2,17
122000690,172,5,167
122000691,299,55,244
122000692,190,0,190
122000693,60,48,12
122000695,0,0,0
122000696,67,5,62
122000698,0,0,0
122000699,12,0,12
122000701,87,5,82
122000702,61,50,11
122000703,21,8,13
122000712,0,0,0
122000717,0,0,0
122000718,29,180,-151
122000719,1,20,-19
122000720,80,7,73
122000724,0,0,0
122900001,0,0,0
122900002,0,0,0
122900003,0,0,0
122900004,0,0,0
122900005,0,0,0
122900006,0,0,0
122900007,0,0,0
122900008,0,0,0
122900009,0,0,0
122900010,0,0,0
122900012,0,0,0
122900014,0,0,0
122900015,0,0,0
122900016,0,0,0
122900017,0,0,0
122900018,0,0,0
122900020,0,0,0
122900021,0,0,0
122900022,0,0,0
122900023,0,0,0
122900024,0,0,0
122900025,0,0,0
122900026,0,0,0
122900027,0,0,0
122900028,0,0,0
122900029,0,0,0
122900030,0,0,0
122900031,0,0,0
122900032,0,0,0
122900033,0,0,0
122900034,0,0,0
122900035,0,0,0
122900036,0,0,0
122900037,0,0,0
122900038,0,0,0
122900039,0,0,0
122900040,0,0,0
122900041,0,0,0
122900042,0,0,0
122900043,0,0,0
122900044,0,0,0
122900045,0,0,0
122900046,0,0,0
122900047,0,0,0
122900048,0,0,0
122900049,0,0,0
122900051,0,0,0
122900052,0,0,0
122900053,0,0,0
122900055,0,0,0
122900057,0,0,0
122900061,0,0,0
122900062,0,0,0
122900063,0,0,0
122900064,0,0,0
122900065,0,0,0
122900066,0,0,0
122900067,0,0,0
122900069,0,0,0
122900070,0,0,0
122900071,0,0,0
122900073,0,0,0
122900074,0,0,0
122900075,0,0,0
122900076,0,0,0
122900077,0,0,0
122900078,0,0,0
122900080,0,0,0
122900081,0,0,0
122900082,0,0,0
122900083,0,0,0
122900084,0,0,0
122900086,0,0,0
122900087,0,0,0
122900088,0,0,0
122900089,0,0,0
122900090,0,0,0
122900091,0,0,0
122900092,0,0,0
122900093,0,0,0
122900094,0,0,0
122900095,0,0,0
122900096,0,0,0
122900097,0,0,0
122900098,0,0,0
122900099,0,0,0
122900100,0,0,0
122900101,0,0,0
122900102,0,0,0
122900103,0,0,0
122900104,0,0,0
122900105,0,0,0
122900106,0,0,0
122900107,0,0,0
122900108,0,0,0
122900109,0,0,0
123000001,15,9,6
123000002,147,882,-735
123000003,154,132,22
123000004,39,160,-121
123000005,468,235,233
123000006,85,163,-78
123000007,618,275,343
123000008,12,39,-27
123000009,1348,1170,178
123000010,75,39,36
123000011,397,527,-130
123000012,52,81,-29
123000013,513,187,326
123000014,92,154,-62
123000015,948,240,708
123000016,40,162,-122
123000017,717,182,535
123000018,91,1,90
123000019,104,0,104
123000020,29,0,29
123000021,127,2,125
123000022,208,7,201
123000023,206,49,157
123000024,87,81,6
123000025,6,1,5
123000026,0,0,0
123000027,0,0,0
123000028,5,97,-92
123000029,0,0,0
123000030,0,0,0
123000031,23,5,18
123000032,28,29,-1
123000033,2,16,-14
123000034,100,17,83
123000035,21,116,-95
123000036,11,309,-298
123000037,0,0,0
123000038,0,0,0
123000039,0,0,0
123000040,0,0,0
123000041,16,379,-363
123000042,0,0,0
123000043,161,83,78
123000044,41,26,15
123000045,0,0,0
123000046,0,0,0
123000047,0,0,0
123000048,0,95,-95
123000049,1061,827,234
123000050,1708,177,1531
123000051,2,4,-2
123000052,94,215,-121
123000053,358,184,174
123000054,293,335,-42
123000055,569,896,-327
123000056,0,19,-19
123000057,51,44,7
123000058,0,0,0
123000059,1,7,-6
123000060,0,0,0
123000061,0,6,-6
123000063,2,10,-8
123000064,3,0,3
123000065,8,2,6
123000066,0,5,-5
123000067,1,0,1
123000068,3,43,-40
123000069,20,58,-38
123000070,0,0,0
123000071,0,0,0
123000072,0,0,0
123000073,24,47,-23
123000074,0,0,0
123000075,180,143,37
123000076,0,0,0
123000077,3,0,3
123000078,186,53,133
123000079,420,188,232
123000080,0,0,0
123000081,0,0,0
123000082,0,0,0
123000083,45,21,24
123000084,0,0,0
123000085,0,0,0
123000086,0,0,0
123000087,0,0,0
123000088,0,0,0
123000089,199,98,101
123000090,0,0,0
123000091,304,103,201
123000092,0,0,0
123000094,2,5,-3
123000095,43,28,15
123000096,37,4,33
123000097,0,0,0
123000098,59,6,53
123000099,0,0,0
123000100,0,0,0
123000101,42,5,37
123000102,85,50,35
123000104,0,0,0
123000105,0,0,0
123000106,0,0,0
123000107,0,0,0
123000108,0,0,0
123000111,22,0,22
123000112,11,3,8
123000113,0,0,0
123000114,3,10,-7
123000115,11,4,7
123000116,0,0,0
123000117,13,8,5
123000118,0,3,-3
123000119,0,5,-5
123000120,1,17,-16
123000121,0,0,0
123000122,0,0,0
123000123,0,0,0
123000124,0,0,0
123000125,40,55,-15
123000126,120,256,-136
123000127,0,0,0
123000128,0,0,0
123000129,156,9,147
123000130,58,5,53
123000131,79,56,23
123000132,0,0,0
123000133,0,0,0
123000134,0,0,0
123000135,10,39,-29
123000136,0,0,0
123000137,0,0,0
123000138,0,0,0
123000139,70,3,67
123000140,0,0,0
123000141,44,16,28
123000142,0,0,0
123000143,0,0,0
123000144,0,0,0
123000145,0,0,0
123000146,0,0,0
123000147,0,0,0
123000149,15,33,-18
123000150,10,14,-4
123000151,8,46,-38
123000152,0,1,-1
123000153,0,22,-22
123000154,25,32,-7
123000155,25,38,-13
123000156,0,0,0
123000157,19,28,-9
123000158,44,25,19
123000159,70,125,-55
123000160,31,71,-40
123000161,64,7,57
123000162,209,73,136
123000163,59,3,56
123000164,159,8,151
123000165,0,0,0
123000166,0,0,0
123000167,8,3,5
123000168,77,1,76
123000169,141,6,135
123000170,0,0,0
123000171,259,0,259
123000172,0,0,0
123000173,77,27,50
123000174,67,3,64
123000175,0,0,0
123000176,139,5,134
123000177,0,0,0
123000178,150,11,139
123000179,0,0,0
123000180,470,71,399
123000181,0,0,0
123000183,63,49,14
123000186,1,8,-7
123000187,263,5,258
123000188,357,2,355
123000189,4,8,-4
123000190,0,0,0
123000192,0,0,0
123000193,0,0,0
123000194,0,0,0
123000195,222,1,221
123000196,222,0,222
123000197,103,5,98
123000198,0,0,0
123000199,0,0,0
123000200,81,2,79
123000201,204,9,195
123000202,0,0,0
123000203,403,19,384
123000204,0,0,0
123000205,0,0,0
123000206,501,46,455
123000207,0,0,0
123000208,216,47,169
123000209,379,41,338
123000210,0,0,0
123000211,0,0,0
123000212,577,10,567
123000213,299,10,289
123000215,154,156,-2
123000216,13,53,-40
123000217,8,0,8
123000218,0,0,0
123000219,41,25,16
123000220,105,5,100
123000222,50,18,32
123000223,5,0,5
123000224,28,25,3
123000225,10,35,-25
123000226,32,1,31
123000227,0,0,0
123000228,22,4,18
123000229,0,0,0
123000232,0,0,0
123000233,281,18,263
123000234,0,0,0
123000235,109,15,94
123000236,0,1,-1
123000237,58,28,30
123000238,0,0,0
123000239,0,0,0
123000240,0,0,0
123000241,80,11,69
123000243,15,43,-28
123000244,15,60,-45
123000245,0,0,0
123000249,0,0,0
123000252,182,55,127
123000253,371,204,167
123000254,3,3,0
123000255,56,88,-32
123000256,0,0,0
123000257,0,0,0
123000258,0,0,0
123000259,4,6,-2
123000260,3,5,-2
123000261,0,0,0
123000262,0,0,0
123000263,68,8,60
123000264,4,1,3
123000265,0,0,0
123000266,1,4,-3
123000267,19,148,-129
123000268,0,0,0
123000269,0,2,-2
123000270,19,1,18
123000271,0,0,0
123000272,171,34,137
123000273,52,442,-390
123000274,216,122,94
123000275,0,0,0
123000278,0,6,-6
123000279,1,18,-17
123000280,30,0,30
123000281,51,22,29
123000282,0,0,0
123000283,7,12,-5
123000284,0,0,0
123000286,0,3,-3
123000287,39,121,-82
123000288,132,78,54
123000289,30,103,-73
123000291,0,0,0
123000294,0,0,0
123000295,280,138,142
123000296,116,319,-203
123000297,0,3,-3
123000298,10,25,-15
123000299,1,65,-64
123000300,108,114,-6
123000301,0,0,0
123000302,81,6,75
123000303,12,59,-47
123000305,0,0,0
123000306,0,0,0
123000309,0,0,0
123000310,40,3,37
123000311,4,9,-5
123000312,0,0,0
123000313,270,27,243
123000315,64,4,60
123000316,452,21,431
123000317,0,0,0
123000318,0,0,0
123000329,0,0,0
123000337,108,10,98
123000338,1,17,-16
123000339,0,0,0
123000340,76,40,36
123000342,0,0,0
123000343,4,0,4
123000344,11,0,11
123000345,18,1,17
123000346,132,55,77
123000352,0,0,0
123000353,0,0,0
123000354,380,0,380
123000355,0,0,0
123000356,53,0,53
123000357,0,0,0
123000359,0,0,0
123000360,126,14,112
123000361,0,0,0
123000362,101,5,96
123000363,32,2,30
123000364,4,8,-4
123000365,0,0,0
123000366,2,81,-79
123000367,0,3,-3
123000370,0,0,0
123000371,120,5,115
123000372,90,0,90
123000373,0,0,0
123000374,0,0,0
123000375,85,4,81
123000376,41,47,-6
123000377,102,1,101
123000378,0,0,0
123000379,0,0,0
123000380,0,0,0
123000381,31,22,9
123000382,76,7,69
123000383,0,0,0
123000384,30,4,26
123000385,0,0,0
123000436,6,242,-236
123000507,28,29,-1
123000508,133,659,-526
123000517,0,0,0
123000518,0,0,0
123000519,0,0,0
123000520,0,0,0
123000521,0,0,0
123000522,0,0,0
123000541,0,0,0
123000542,0,0,0
123000565,88,0,88
123000566,2,0,2
123000567,0,0,0
123000575,0,0,0
123000576,23,1,22
123000577,0,0,0
123000578,28,7,21
123000579,612,214,398
123000580,4,10,-6
123000582,55,2,53
123000583,0,0,0
123000584,27,21,6
123000585,0,0,0
123000586,40,0,40
123000596,0,0,0
123000597,16,6,10
123000602,0,0,0
123000603,10,2,8
123000604,0,0,0
123000605,671,5,666
123000606,0,0,0
123000609,0,0,0
123000610,24,14,10
123000613,0,0,0
123000615,0,0,0
123000616,33,13,20
123000617,0,0,0
123000618,0,0,0
123000619,32,12,20
123000620,0,0,0
123000622,41,10,31
123000624,14,14,0
123000630,235,16,219
123000631,94,11,83
123000632,0,0,0
123000633,1,367,-366
123000634,0,1,-1
123000635,0,0,0
123000636,0,0,0
123000637,1,0,1
123000638,33,2,31
123000639,582,232,350
123000640,0,0,0
123000648,67,7,60
123000649,0,0,0
123000650,11,6,5
123000651,0,0,0
123000652,50,0,50
123000653,0,0,0
123000654,0,0,0
123000655,0,0,0
123000656,5,13,-8
123000657,0,0,0
123000658,17,1,16
123900001,0,0,0
123900002,0,0,0
123900003,0,0,0
123900005,0,0,0
123900006,0,0,0
124000001,201,34,167
124000002,2,141,-139
124000003,181,10,171
124000004,0,14,-14
124000005,231,7,224
124000006,6,30,-24
124000007,106,21,85
124000008,0,0,0
124000009,161,24,137
124000010,0,0,0
124000011,146,76,70
124000012,0,0,0
124000017,174,31,143
124000018,0,0,0
124000019,154,23,131
124000020,0,0,0
124000021,88,12,76
124000022,0,0,0
124000023,28,1,27
124000024,0,0,0
124000025,33,34,-1
124000026,0,0,0
124000027,0,0,0
124000028,0,0,0
124000031,297,93,204
124000032,0,17,-17
124000033,176,1,175
124000034,0,30,-30
124000035,20,2,18
124000036,0,9,-9
124000037,11,45,-34
124000038,0,1,-1
124000039,51,8,43
124000040,11,90,-79
124000041,61,14,47
124000042,0,11,-11
124000043,50,1,49
124000044,1,19,-18
124000045,108,28,80
124000046,0,0,0
124000047,185,23,162
124000048,0,0,0
124000049,191,24,167
124000050,0,0,0
124000051,160,12,148
124000052,0,0,0
124000053,154,35,119
124000054,0,0,0
124000055,313,72,241
124000056,0,0,0
124000057,130,63,67
124000058,0,0,0
124000059,75,89,-14
124000060,0,0,0
124000061,117,89,28
124000062,0,0,0
124000063,0,0,0
124000064,0,0,0
124000065,0,0,0
124000066,14,0,14
124000067,28,23,5
124000068,0,0,0
124000069,105,35,70
124000070,0,0,0
124000071,59,8,51
124000072,0,0,0
124000073,216,10,206
124000074,0,0,0
124000075,86,28,58
124000076,0,0,0
124000077,0,0,0
124000078,100,168,-68
124000079,0,0,0
124000080,107,37,70
124000081,0,0,0
124000082,23,23,0
124000083,0,0,0
124000084,6,79,-73
124000085,0,0,0
124000086,0,0,0
124000087,0,0,0
124000088,0,9,-9
124000089,77,9,68
124000090,0,0,0
124000091,90,31,59
124000092,0,0,0
124000093,1,15,-14
124000094,0,0,0
124000095,60,6,54
124000096,0,0,0
124000097,54,17,37
124000098,0,0,0
124000099,32,8,24
124000100,0,0,0
124000101,9,23,-14
124000102,0,0,0
124000103,3,13,-10
124000104,0,0,0
124000105,25,10,15
124000106,0,0,0
124000107,3,2,1
124000108,0,0,0
124000109,37,17,20
124000110,0,0,0
124000111,110,10,100
124000112,0,0,0
124000113,0,15,-15
124000114,0,0,0
124000115,0,0,0
124000116,25,52,-27
124000117,0,0,0
124000118,1,38,-37
124000119,0,0,0
124000120,84,6,78
124000121,88,48,40
124000122,2,0,2
124000123,174,7,167
124000124,4,10,-6
124000125,170,2,168
124000126,3,5,-2
124000127,175,7,168
124000128,13,13,0
124000129,201,54,147
124000130,23,8,15
124000131,36,40,-4
124000132,26,17,9
124000133,287,39,248
124000134,0,0,0
124000135,266,50,216
124000136,0,0,0
124000137,7,30,-23
124000138,0,0,0
124000139,51,6,45
124000140,0,0,0
124000141,10,2,8
124000142,0,0,0
124000143,8,0,8
124000144,0,0,0
124000145,2,0,2
124000146,0,0,0
124000148,0,1,-1
124000149,36,40,-4
124000150,0,0,0
124000151,28,24,4
124000152,0,0,0
124000153,109,26,83
124000154,0,0,0
124000155,163,35,128
124000156,0,0,0
124000169,2,35,-33
124000170,0,0,0
124000171,19,4,15
124000172,0,0,0
124000173,6,21,-15
124000174,0,0,0
124000175,0,0,0
124000176,82,30,52
124000177,0,0,0
124000178,16,18,-2
124000185,12,0,12
124000186,0,0,0
124000187,0,0,0
124000188,1,0,1
124000190,0,26,-26
124000191,0,0,0
124000192,133,78,55
124000193,0,0,0
124000194,5,8,-3
124000195,75,12,63
124000196,0,0,0
124000197,0,0,0
124000198,14,5,9
124000201,0,0,0
124000202,100,3,97
124000203,0,0,0
124000204,169,8,161
124000205,40,1,39
124000206,356,0,356
124000207,0,0,0
124000209,25,10,15
124000210,58,0,58
124000211,342,1,341
124000212,0,0,0
124000213,0,0,0
124000214,180,1,179
124000215,160,17,143
124000216,0,0,0
124000329,0,0,0
124000338,0,0,0
124000339,133,1,132
124000341,229,0,229
124000344,33,0,33
124000357,735,137,598
124000358,806,285,521
124000359,249,97,152
124000360,138,80,58
124000361,529,89,440
124000362,0,0,0
124000363,0,0,0
124000364,0,0,0
124000365,1,51,-50
124000366,6,41,-35
124000367,0,0,0
124000368,31,68,-37
124000369,1,35,-34
124000370,0,0,0
124000402,4,0,4
124000403,21,0,21
124000404,0,0,0
124000405,183,25,158
124000406,1,11,-10
124000407,0,0,0
124000411,0,0,0
124000412,20,6,14
124000413,25,17,8
124000414,51,23,28
124000415,0,0,0
124000416,0,0,0
124000417,27,2,25
124000418,22,25,-3
124000419,0,0,0
124000420,51,3,48
124000421,0,0,0
124000422,0,0,0
124000423,0,0,0
124000424,0,0,0
124000425,1,0,1
124000426,0,0,0
124000427,0,0,0
124000428,0,0,0
124000429,7,0,7
124000430,0,0,0
124000431,0,0,0
124000432,0,7,-7
124000439,21,0,21
124000443,0,0,0
124000445,3,120,-117
124000446,0,0,0
124000447,0,0,0
124000448,0,0,0
124000449,3,0,3
124000450,0,0,0
124000451,0,0,0
124000452,0,0,0
124000453,874,150,724
124000454,7,303,-296
124000455,0,0,0
124000456,104,1,103
124000457,0,0,0
124000458,0,0,0
124000459,36,0,36
124000460,0,0,0
124900001,0,0,0
124900002,0,0,0
124900003,0,0,0
124900004,0,0,0
124900005,0,0,0
124900006,0,0,0
124900008,0,0,0
124900009,0,0,0
124900010,0,0,0
124900011,0,0,0
124900012,0,0,0
124900013,0,0,0
124900014,0,0,0
124900015,0,0,0
124900016,0,0,0
124900017,0,0,0
124900018,0,0,0
124900020,0,0,0
124900021,0,0,0
124900022,0,0,0
124900024,0,0,0
124900026,0,0,0
124900027,0,0,0
124900028,0,0,0
124900029,0,0,0
124900030,0,0,0
124900031,0,0,0
124900032,0,0,0
124900033,0,0,0
124900034,0,0,0
124900035,0,0,0
124900036,0,0,0
124900037,0,0,0
124900038,0,0,0
124900039,0,0,0
124900040,0,0,0
124900041,0,0,0
124900042,0,0,0
124900043,0,0,0
124900044,0,0,0
124900045,0,0,0
124900047,0,0,0
124900048,0,0,0
124900050,0,0,0
124900052,0,0,0
124900053,0,0,0
124900054,0,0,0
124900055,0,0,0
124900057,0,0,0
124900060,0,0,0
124900061,0,0,0
124900062,0,0,0
124900066,0,0,0
124900067,0,0,0
124900068,0,0,0
124900070,0,0,0
124900072,0,0,0
124900075,0,0,0
124900076,0,0,0
124900077,0,0,0
124900078,0,0,0
124900079,0,0,0
124900080,0,0,0
124900081,0,0,0
124900082,0,0,0
124900083,0,0,0
124900085,0,0,0
124900086,0,0,0
124900087,0,0,0
124900088,0,0,0
124900089,0,0,0
124900090,0,0,0
124900091,0,0,0
124900092,0,0,0
124900093,0,0,0
124900094,0,0,0
124900095,0,0,0
124900096,0,0,0
124900097,0,0,0
124900098,0,0,0
124900099,0,0,0
124900100,0,0,0
124900101,0,0,0
124900102,0,0,0
124900103,0,0,0
124900104,0,0,0
124900105,0,0,0
124900106,0,0,0
124900107,0,0,0
124900108,0,0,0
124900111,0,0,0
124900112,0,0,0
124900113,0,0,0
124900114,0,0,0
124900115,0,0,0
124900116,0,0,0
124900117,0,0,0
124900118,0,0,0
124900119,0,0,0
124900120,0,0,0
124900121,0,0,0
124900122,0,0,0
124900123,0,0,0
124900124,0,0,0
124900125,0,0,0
124900126,0,0,0
204000001,29,0,29
204000002,3,1,2
204000003,0,18,-18
204000004,0,3,-3
204000005,395,239,156
204000006,1301,859,442
204000011,0,0,0
204000012,0,0,0
204000019,477,180,297
204000020,90,73,17
204000021,126,45,81
204000022,496,87,409
204000023,0,0,0
204000031,7,36,-29
204000032,229,8,221
204000034,0,0,0
204000035,0,0,0
204000036,0,0,0
204000037,0,0,0
204000038,0,0,0
204000039,0,0,0
204000040,0,0,0
204000041,0,0,0
204000042,8,1,7
204000043,9,0,9
204000044,0,1,-1
204000045,0,0,0
204000046,0,2,-2
204000057,0,0,0
204000062,0,0,0
204000068,0,0,0
204000069,0,0,0
204000070,189,293,-104
204000080,0,0,0
204000085,0,0,0
204000086,0,0,0
204000087,0,0,0
204000088,0,0,0
204000090,0,0,0
204000093,53,0,53
204000096,427,109,318
204000097,74,0,74
204000099,488,471,17
204000100,547,311,236
204000105,0,0,0
204000110,0,0,0
204000111,0,0,0
204000112,0,0,0
204000113,0,0,0
204000114,116,182,-66
204000115,66,73,-7
204000116,62,48,14
204000119,949,401,548
204000132,554,41,513
204000133,591,51,540
204000134,77,39,38
204000135,400,32,368
204000136,261,202,59
204000138,368,70,298
204000140,170,105,65
204000141,174,45,129
204000144,0,8,-8
204000145,25,1,24
204000146,0,0,0
204000147,0,0,0
204000148,168,3,165
204000154,0,1,-1
204000155,0,0,0
204000177,108,22,86
204000179,1,0,1
204000180,0,0,0
204000222,0,0,0
204000236,0,0,0
204000238,4,20,-16
204000240,287,5,282
204000263,0,0,0
204000268,478,174,304
204000308,1,2,-1
204000317,0,0,0
204000322,0,0,0
204000323,27,16,11
204000328,135,26,109
204000329,0,0,0
204000330,78,3,75
204000331,0,0,0
205000001,0,0,0
205000013,0,0,0
205000014,0,0,0
205000015,0,0,0
205000016,0,0,0
205000017,0,0,0
205000022,0,0,0
205000025,0,0,0
205000029,33,2,31
205000045,0,0,0
205000046,0,0,0
205000047,0,0,0
205000048,0,0,0
205000049,0,0,0
205000050,0,0,0
205000059,0,0,0
205000060,0,0,0
205000061,0,0,0
205000062,0,0,0
205000063,0,0,0
205000064,0,0,0
205000065,0,0,0
205000066,0,0,0
205000067,0,0,0
205000069,0,0,0
205000082,92,30,62
205000110,0,0,0
205000111,0,0,0
205000112,82,41,41
205000113,0,0,0
205000121,159,62,97
205000123,0,0,0
205000126,545,126,419
205000127,767,49,718
205000128,378,16,362
205000129,405,31,374
205000130,142,6,136
205000131,8,2,6
205000132,45,16,29
205000133,1,0,1
205000134,168,0,168
205000137,0,0,0
205000138,0,0,0
205000139,0,0,0
205000144,73,34,39
205000145,90,28,62
205000151,19,49,-30
205000152,78,13,65
205000153,124,25,99
205000154,44,82,-38
205000155,90,2,88
205000207,0,0,0
205000233,14,1,13
205000234,0,0,0
205000243,0,2,-2
205000244,0,0,0
205000245,0,0,0
205000249,0,0,0
205000250,3,1,2
205000264,0,0,0
206000027,17,6,11
206000028,4,0,4
206000043,0,0,0
206000053,0,0,0
206000054,0,0,0
206000055,0,0,0
206000075,0,0,0
206000076,0,0,0
206000077,0,0,0
206000078,0,0,0
206000079,0,0,0
206000082,91,2,89
206000100,0,0,0
206000103,0,0,0
206000104,0,0,0
206000105,0,0,0
206000106,0,0,0
206000125,77,0,77
206000157,0,0,0
206000170,0,0,0
206000171,0,0,0
206000172,0,0,0
206000173,0,0,0
206000174,0,0,0
206000175,0,0,0
206000176,0,0,0
206000177,0,0,0
206000178,0,0,0
206000179,0,0,0
206000180,0,0,0
206000181,0,0,0
206000182,0,0,0
206000183,0,0,0
206000184,0,0,0
206000185,0,0,0
206000186,0,0,0
206000223,0,0,0
206000226,0,1,-1
206000227,2,0,2
206000237,0,0,0
206000238,0,0,0
206000239,0,0,0
206000240,0,0,0
206000241,0,0,0
206000242,0,0,0
206000243,0,0,0
206000244,0,0,0
206000245,98,1,97
206000246,37,0,37
206000247,20,0,20
206000248,46,0,46
206000252,0,0,0
206000258,0,0,0
206000315,0,0,0
206000317,29,1,28
206000318,46,1,45
206000319,63,0,63
206000320,53,1,52
206000321,10,0,10
206000322,31,1,30
206000323,24,1,23
206000324,20,1,19
206000325,28,0,28
206000326,40,16,24
206000327,1,5,-4
206000328,43,0,43
206000329,39,2,37
206000330,3,1,2
206000331,59,0,59
206000332,3,0,3
206000333,58,0,58
206000334,44,0,44
206000335,0,0,0
206000361,0,0,0
206000392,0,0,0
206000405,110,0,110
206000441,44,38,6
206000498,24,0,24
206000515,0,0,0
206000530,17,3,14
206000531,2,21,-19
206000532,33,9,24
206000535,0,0,0
206000536,0,0,0
206000537,0,0,0
206000613,44,8,36
206000784,96,49,47
207000001,0,0,0
207000002,0,0,0
207000003,0,0,0
207000007,256,39,217
207000008,0,0,0
207000009,0,0,0
207000010,0,4,-4
207000012,88,61,27
207000015,9,16,-7
207000019,103,5,98
207000021,254,41,213
207000022,87,3,84
207000023,150,19,131
207000024,0,15,-15
207000025,0,21,-21
207000026,0,0,0
207000027,0,0,0
207000028,0,0,0
207000029,0,0,0
207000033,135,163,-28
207000034,50,7,43
207000039,113,26,87
207000040,242,2,240
207000041,6,3,3
207000042,142,25,117
207000043,147,51,96
207000051,0,0,0
207000052,0,0,0
207000053,0,0,0
207000054,0,0,0
207000055,0,0,0
207000056,0,0,0
207000057,0,0,0
207000058,0,0,0
207000059,0,0,0
207000060,0,0,0
207000061,5,253,-248
207000062,109,64,45
207000063,117,186,-69
207000064,216,48,168
207000065,215,38,177
207000066,252,59,193
207000067,53,10,43
207000068,114,17,97
207000069,516,29,487
207000082,0,2,-2
207000083,2,2,0
207000084,50,32,18
207000085,0,0,0
207000086,0,0,0
207000106,2,1,1
207000107,24,1,23
207000108,24,0,24
207000109,45,0,45
207000110,62,19,43
207000111,157,2,155
207000112,59,25,34
207000114,0,0,0
207000115,0,0,0
207000116,0,0,0
207000117,0,0,0
207000118,0,0,0
207000119,0,0,0
207000123,112,1,111
207000124,90,4,86
207000125,12,3,9
207000126,57,7,50
207000134,0,0,0
207000135,0,0,0
207000148,192,21,171
207000149,0,0,0
207000152,0,0,0
207000153,0,0,0
207000154,167,6,161
207000159,0,0,0
207000160,0,0,0
207000238,0,0,0
207000242,0,0,0
207000248,0,0,0
207000249,0,0,0
207000250,0,0,0
207000251,0,0,0
207000252,0,0,0
207000278,12,41,-29
207000279,0,0,0
207000280,155,18,137
207000281,19,16,3
207000282,0,31,-31
207000283,0,7,-7
207000284,0,0,0
207000285,0,11,-11
207000291,0,0,0
207000304,6,25,-19
207000306,0,0,0
207000310,131,70,61
207000353,2,0,2
207000356,0,0,0
207000357,0,32,-32
207000358,0,10,-10
207000415,0,0,0
207000417,23,0,23
207000418,48,23,25
207000438,0,0,0
207000439,264,33,231
207000446,50,1,49
207000460,0,0,0
207000466,0,0,0
207000467,82,9,73
207000468,0,0,0
207000476,0,0,0
207000477,0,0,0
207000478,0,0,0
207000523,0,0,0
207000524,29,0,29
207000527,231,54,177
207000530,200,1,199
207000531,33,1,32
207000532,23,1,22
207000534,64,4,60
207000535,0,0,0
207000537,0,0,0
207000540,0,0,0
207000541,0,0,0
207000548,0,0,0
207000549,61,1,60
207000561,85,6,79
207000562,0,0,0
207000567,0,0,0
207000568,0,0,0
207000569,0,0,0
207000584,0,0,0
207000585,13,26,-13
207000587,92,8,84
207000616,0,0,0
207000617,134,0,134
207000624,0,9,-9
207000631,2,4,-2
207900008,0,0,0
208000001,82,178,-96
208000002,94,83,11
208000003,104,84,20
208000004,235,158,77
208000005,0,0,0
208000019,237,76,161
208000020,237,99,138
208000021,0,0,0
208000022,0,0,0
208000028,0,0,0
208000033,0,0,0
208000034,0,0,0
208000037,144,3,141
208000040,37,42,-5
208000041,215,9,206
208000042,256,24,232
208000047,0,0,0
208000064,392,301,91
208000066,297,235,62
208000070,70,9,61
208000071,169,23,146
208000072,89,76,13
208000080,84,135,-51
208000081,64,23,41
208000082,0,0,0
208000083,0,0,0
208000084,25,5,20
208000085,0,0,0
208000086,0,0,0
208000087,0,0,0
208000089,0,0,0
208000090,0,0,0
208000093,0,0,0
208000094,0,0,0
208000095,0,0,0
208000104,586,77,509
208000105,343,135,208
208000114,99,106,-7
208000115,136,70,66
208000116,190,221,-31
208000117,0,17,-17
208000118,19,7,12
208000155,0,0,0
208000158,0,0,0
208000186,264,290,-26
208000204,0,0,0
208000205,0,0,0
208000282,0,0,0
209000004,19,16,3
209000005,43,0,43
209000006,166,19,147
209000007,0,0,0
209000010,0,0,0
209000011,0,0,0
209000012,0,0,0
209000013,0,0,0
209000014,0,0,0
209000025,152,30,122
209000026,202,13,189
209000027,0,0,0
209000028,0,0,0
209000029,0,0,0
209000030,0,0,0
209000031,0,0,0
209000034,0,0,0
209000035,0,0,0
209000036,0,0,0
209000037,0,0,0
209000038,0,0,0
209000039,0,0,0
209000040,0,0,0
209000041,0,0,0
209000042,0,0,0
209000043,0,0,0
209000044,0,0,0
209000045,232,23,209
209000046,92,21,71
209000047,212,10,202
209000048,299,27,272
209000049,0,0,0
209000050,0,0,0
209000051,0,0,0
209000052,0,0,0
209000062,0,0,0
209000063,0,0,0
209000064,0,0,0
209000065,0,0,0
209000066,4,7,-3
209000067,23,8,15
209000080,0,0,0
209000082,2,1,1
209000091,0,0,0
209000093,0,0,0
209000094,0,0,0
209000110,26,50,-24
209000111,92,22,70
209000112,44,19,25
209000113,147,26,121
209000114,42,26,16
209000115,0,0,0
209000116,0,0,0
209000118,0,20,-20
209000119,0,0,0
209000121,0,0,0
209000135,25,20,5
209000142,89,16,73
209000143,0,0,0
209000144,0,0,0
209000229,77,6,71
209000240,0,0,0
209000259,0,0,0
209000260,0,0,0
209000261,0,0,0
209000262,0,0,0
209000263,0,0,0
209000264,0,0,0
209000265,22,0,22
209000266,6,0,6
209000267,242,1,241
209000268,232,0,232
210000037,38,0,38
210000047,42,1,41
210000048,41,2,39
210000049,5,0,5
210000052,0,0,0
210000053,0,0,0
210000054,0,0,0
210000070,44,0,44
210000071,36,0,36
210000072,15,0,15
210000073,0,0,0
210000074,0,0,0
210000075,0,0,0
210000076,0,0,0
210000077,0,0,0
210000078,0,0,0
210000079,12,1,11
210000080,56,10,46
210000081,14,9,5
210000082,0,0,0
210000083,22,0,22
210000084,70,0,70
210000085,0,0,0
210000086,0,0,0
210000099,0,0,0
210000100,0,0,0
210000101,0,0,0
210000105,0,0,0
210000159,0,0,0
210000163,0,0,0
210000164,57,21,36
210000168,7,13,-6
210000187,0,0,0
210000188,0,0,0
210000214,20,0,20
210000219,34,1,33
210000220,15,1,14
210000232,0,0,0
210000233,0,0,0
210000234,0,0,0
210000235,0,0,0
210000245,0,0,0
210000246,18,1,17
210000258,0,0,0
210000259,89,5,84
210000282,0,0,0
210000285,0,0,0
210000286,0,0,0
210000290,1,3,-2
210000295,0,0,0
210000296,0,0,0
210000320,95,0,95
210000321,1,0,1
210000338,0,0,0
210000339,0,0,0
210000340,0,0,0
210000341,0,0,0
210000342,0,0,0
210000343,0,0,0
210000344,0,0,0
210000345,0,0,0
210000346,0,0,0
210000347,0,0,0
210000348,0,0,0
210000349,0,0,0
210000350,0,0,0
210000351,0,0,0
210000352,12,2,10
210000353,65,2,63
210000354,4,17,-13
210000355,3,11,-8
210000356,0,20,-20
210000357,4,42,-38
210000358,39,6,33
210000359,11,6,5
210000360,115,41,74
210000361,52,76,-24
210000362,68,9,59
210000363,159,38,121
210000364,22,37,-15
210000365,123,2,121
210000366,88,2,86
210000367,50,0,50
210000368,61,3,58
210000369,19,2,17
210000370,39,8,31
210000372,8,1,7
210000373,2,0,2
210000374,89,3,86
210000375,44,4,40
210000376,73,24,49
210000404,0,0,0
210000439,37,0,37
210000472,8,0,8
210000482,12,3,9
210000564,59,38,21
210000567,0,0,0
210000568,42,0,42
211000092,0,0,0
211000094,0,0,0
211000169,0,0,0
211000172,0,0,0
211000209,0,0,0
211000226,0,0,0
211000270,0,0,0
211000275,0,0,0
211000276,0,0,0
211000279,0,0,0
211000281,0,0,0
211000302,0,0,0
211507980,0,0,0
211977296,0,0,0
212000003,49,3,46
212000004,0,0,0
212000005,0,0,0
212000006,0,0,0
212000008,0,0,0
212000009,0,0,0
212000012,0,0,0
212000013,0,0,0
212000014,0,0,0
212000015,0,0,0
212000016,0,0,0
212000027,322,38,284
212000028,275,98,177
212000029,160,159,1
212000030,6,12,-6
212000031,32,8,24
212000048,0,0,0
212000049,0,0,0
212000050,0,0,0
212000051,0,0,0
212000052,0,0,0
212000053,0,0,0
212000054,88,1,87
212000055,189,22,167
212000056,3,8,-5
212000057,0,16,-16
212000058,3,4,-1
212000070,0,0,0
212000077,0,0,0
212000099,174,11,163
212000108,84,13,71
212000111,54,2,52
212000120,0,0,0
212000138,0,0,0
212000156,0,0,0
212000158,0,9,-9
212000159,313,11,302
212000160,271,15,256
212000161,2,6,-4
212000310,0,0,0
212000311,1,10,-9
212000374,0,0,0
213000001,0,0,0
213000005,173,11,162
213000006,155,63,92
213000007,0,0,0
213000009,220,28,192
213000010,258,9,249
213000011,82,3,79
213000012,0,0,0
213000014,58,11,47
213000015,73,0,73
213000016,67,0,67
213000017,6,0,6
213000018,0,0,0
213000019,0,0,0
213000020,0,0,0
213000021,0,0,0
213000023,868,11,857
213000033,0,0,0
213000034,123,8,115
213000035,158,15,143
213000045,0,0,0
213000046,0,0,0
213000047,0,0,0
213000056,128,3,125
213000069,5,0,5
213000073,0,0,0
213000074,0,0,0
213000075,349,4,345
213000076,0,0,0
213000085,0,0,0
213000086,0,0,0
213000091,229,2,227
213000092,45,0,45
213000099,0,0,0
213000100,247,55,192
213000101,356,5,351
213000102,457,8,449
213000103,206,2,204
213000104,0,0,0
213000105,0,0,0
213000106,0,0,0
213000107,0,0,0
213000108,0,0,0
213000109,0,0,0
213000110,0,0,0
213000111,0,0,0
213000112,0,0,0
213000115,27,0,27
213000116,0,0,0
213000117,0,0,0
213000118,57,129,-72
213000119,0,0,0
213000120,0,0,0
213000122,0,0,0
213000123,0,0,0
213000124,0,0,0
213000125,44,87,-43
213000126,0,0,0
213000127,0,0,0
213000128,0,0,0
213000129,53,56,-3
213000130,368,65,303
213000132,230,41,189
213000133,375,127,248
213000134,206,1,205
213000136,164,0,164
213000137,378,4,374
213000139,70,0,70
213000147,1,0,1
213000148,2,0,2
213000149,1,0,1
213000150,0,0,0
213000151,0,0,0
213000152,0,0,0
213000153,0,0,0
213000154,0,0,0
213000155,0,0,0
213000156,0,0,0
213000157,0,0,0
213000158,0,0,0
213000159,224,118,106
213000163,232,136,96
213000165,257,82,175
213000171,0,0,0
213000172,0,0,0
213000173,0,0,0
213000174,0,0,0
213000175,0,0,0
213000176,216,0,216
213000177,1,0,1
213000178,24,1,23
213000179,14,0,14
213000180,152,1,151
213000184,0,0,0
213000188,135,8,127
213000189,112,4,108
213000190,106,5,101
213000191,175,0,175
213000192,86,3,83
213000193,0,0,0
213000194,0,0,0
213000195,0,0,0
213000196,0,0,0
213000197,384,10,374
213000198,1,0,1
213000200,0,0,0
213000201,0,0,0
213000202,0,0,0
213000203,567,45,522
213000204,469,15,454
213000205,171,4,167
213000206,480,2,478
213000207,15,0,15
213000208,1,0,1
213000209,5,0,5
213000210,39,0,39
213000211,0,0,0
213000212,0,0,0
213000213,0,0,0
213000218,7,56,-49
213000219,193,24,169
213000220,51,23,28
213000223,23,65,-42
213000224,2,6,-4
213000225,15,0,15
213000226,29,1,28
213000227,388,15,373
213000228,252,5,247
213000229,4,1,3
213000230,142,1,141
213000232,0,0,0
213000233,0,0,0
213000234,0,0,0
213000293,0,0,0
213000294,9,0,9
213000295,0,0,0
213000296,5,6,-1
213000297,0,0,0
213000298,0,0,0
213000299,31,5,26
213000300,0,4,-4
213000303,0,0,0
213000304,0,0,0
213000305,0,24,-24
213000306,0,0,0
213000307,3,8,-5
213000308,0,0,0
213000309,52,0,52
213000310,80,27,53
213000311,0,0,0
213000315,0,0,0
213000316,19,0,19
213000322,0,0,0
213000323,0,0,0
213000340,0,0,0
213000341,163,10,153
213000346,0,15,-15
213000347,72,12,60
213000348,0,0,0
213000349,0,0,0
213000350,0,0,0
213000366,0,0,0
213000367,86,0,86
213000379,0,0,0
213000386,0,0,0
213000406,0,0,0
213000417,405,33,372
213000425,0,0,0
213000426,0,0,0
213000427,0,0,0
213000428,0,0,0
213000429,0,0,0
213000430,0,0,0
213000431,0,0,0
213000432,0,0,0
213000433,0,0,0
213000434,0,0,0
213000435,0,0,0
213000439,0,0,0
213000441,0,0,0
213000443,0,0,0
213000445,0,0,0
213000446,0,0,0
213000447,0,0,0
213000448,0,0,0
213000449,0,0,0
213000450,0,0,0
213000451,0,0,0
213000452,0,0,0
213000453,0,0,0
213000455,15,0,15
213000456,0,0,0
213000481,2,0,2
213000482,2,0,2
213000489,33,2,31
213000491,0,0,0
213000492,27,4,23
213000493,0,0,0
213000494,31,2,29
213000495,0,0,0
213000496,504,84,420
213000497,0,0,0
213000498,0,0,0
213000499,0,0,0
213000500,163,7,156
213000501,40,7,33
213000502,5,4,1
213000503,0,0,0
213000504,0,0,0
213000505,23,0,23
213000506,0,0,0
213000507,0,0,0
213900244,88,0,88
213900245,0,0,0
218000003,0,0,0
218000004,0,0,0
218000005,0,0,0
218000006,0,0,0
218000007,0,0,0
218000012,0,0,0
218000013,2,18,-16
218000014,34,51,-17
218000019,0,0,0
218000020,0,0,0
218000040,2,0,2
218000046,1,10,-9
218000047,0,9,-9
218000048,4,7,-3
218000049,9,28,-19
218000050,9,13,-4
218000051,0,7,-7
218000052,0,15,-15
218000053,0,1,-1
218000054,0,21,-21
218000055,15,1,14
218000056,0,25,-25
218000057,0,0,0
218000064,0,0,0
218000065,60,0,60
218000066,5,3,2
218000067,0,0,0
218000068,0,0,0
218000069,0,0,0
218000070,0,0,0
218000071,0,0,0
218000072,0,0,0
218000078,0,0,0
218000079,0,0,0
218000080,0,0,0
218000081,0,0,0
218000082,0,0,0
218000083,0,0,0
218000084,0,0,0
218000085,0,0,0
218000086,0,0,0
218000087,0,0,0
218000090,0,0,0
218000091,128,19,109
218000092,0,0,0
218000093,6,2,4
218000094,0,0,0
218000099,34,36,-2
218000100,12,4,8
218000101,22,2,20
218000102,122,14,108
218000103,13,2,11
218000104,19,0,19
218000105,0,0,0
218000106,0,0,0
218000107,0,0,0
218000108,0,0,0
218000112,0,0,0
218000117,19,3,16
218000134,0,0,0
218000135,0,0,0
218000136,0,0,0
218000137,0,0,0
218000138,0,0,0
218000139,0,0,0
218000140,0,0,0
218000141,0,0,0
218000142,0,0,0
218000143,0,0,0
218000144,0,0,0
218000145,0,0,0
218000146,0,0,0
218000151,0,2,-2
218000152,45,4,41
218000170,0,0,0
218000171,27,6,21
218000172,18,21,-3
218000173,1,27,-26
218000174,13,0,13
218000176,86,4,82
218000177,142,4,138
218000178,84,0,84
218000179,245,1,244
218000180,6,0,6
218000181,124,0,124
218000187,0,0,0
218000188,0,0,0
218000189,0,0,0
218000190,0,0,0
218000191,0,0,0
218000192,0,0,0
218000193,0,0,0
218000194,0,0,0
218000195,0,0,0
218000196,0,0,0
218000197,0,0,0
218000198,0,0,0
218000199,0,0,0
218000200,0,0,0
218000201,0,1,-1
218000202,0,0,0
218000207,0,0,0
218000208,0,0,0
218000211,0,0,0
218000213,16,12,4
218000214,0,15,-15
218000215,5,0,5
218000217,0,1,-1
218000218,5,77,-72
218000219,0,21,-21
218000220,16,16,0
218000221,164,59,105
218000222,0,17,-17
218000223,34,58,-24
218000224,0,95,-95
218000225,87,107,-20
218000226,102,9,93
218000232,0,0,0
218000239,13,0,13
218000240,0,0,0
218000241,0,0,0
218000242,0,0,0
218000243,0,0,0
218000244,1,0,1
218000245,0,0,0
218000246,0,0,0
218000247,0,0,0
218000248,0,0,0
218000249,0,0,0
218000250,0,0,0
218000251,0,0,0
218000252,0,0,0
218000253,0,0,0
218000254,0,0,0
218000255,0,0,0
218000256,0,0,0
218000267,0,0,0
218000268,0,0,0
218000269,0,0,0
218000270,0,0,0
218000271,0,0,0
218000273,14,4,10
218000274,8,0,8
218000275,0,0,0
218000276,0,0,0
218000278,0,0,0
218000279,0,0,0
218000280,0,0,0
218000281,0,0,0
218000282,53,4,49
218000284,87,13,74
218000301,0,0,0
218000302,0,0,0
218000303,0,0,0
218000316,6,14,-8
218000317,0,0,0
218000318,0,0,0
218000319,0,0,0
218000320,0,0,0
218000338,0,0,0
218000345,0,0,0
218000346,80,12,68
218000459,4,7,-3
218000490,0,0,0
218000501,15,0,15
218000502,0,0,0
218000503,2,0,2
218000504,31,1,30
218000505,0,0,0
218000506,0,0,0
218000508,0,0,0
218000510,15,2,13
218000520,0,0,0
218000521,0,0,0
218000522,0,0,0
218000523,4,2,2
218000524,0,0,0
218000525,33,2,31
218000526,0,0,0
218000529,0,0,0
218000531,9,0,9
218000532,0,0,0
218000534,0,0,0
218000537,17,3,14
218000538,0,0,0
218000540,0,0,0
218000543,0,0,0
218000544,0,0,0
218000545,0,0,0
218000546,0,0,0
218000547,0,0,0
218000548,0,0,0
218000549,115,1,114
218000550,0,0,0
218000551,0,0,0
218000552,61,0,61
218000553,0,0,0
218000554,0,0,0
218000555,17,2,15
218000556,0,0,0
218000557,21,7,14
218000558,22,0,22
218000559,0,0,0
218000560,0,0,0
218000561,1,0,1
218000562,0,0,0
218000563,54,0,54
218000564,0,0,0
218000565,11,0,11
218000566,0,0,0
218000567,0,0,0
218000568,0,0,0
218000569,0,0,0
218000570,1,1,0
218000571,0,0,0
218000572,7,0,7
218000573,0,0,0
218000574,0,0,0
218000575,17,0,17
218000576,0,0,0
218000577,27,0,27
218000578,0,0,0
218000585,0,0,0
218000586,0,0,0
218000587,0,0,0
218000589,0,0,0
218000590,0,0,0
218000591,0,0,0
218000592,0,0,0
218000593,0,0,0
218000594,0,0,0
218000597,0,0,0
218000598,0,0,0
218000599,0,0,0
218000600,0,0,0
218000601,0,0,0
218000602,0,0,0
218000603,0,0,0
218000604,0,0,0
218000605,0,0,0
218000606,1,0,1
218000607,0,0,0
218000608,0,0,0
218000609,0,0,0
218000610,0,0,0
218000611,0,0,0
218000612,0,0,0
218000613,0,0,0
218000614,0,0,0
218000615,0,0,0
218000616,0,0,0
218000617,0,0,0
218000618,0,0,0
218000619,0,0,0
218000620,0,0,0
218000621,0,0,0
218000622,0,0,0
218000623,0,0,0
218000624,0,0,0
218000625,0,0,0
218000626,0,0,0
218000628,45,3,42
218000631,1,0,1
218000632,0,0,0
218000633,0,0,0
218000634,0,0,0
218000635,0,0,0
218000636,0,0,0
218000637,0,0,0
218000638,195,36,159
218000639,0,0,0
218000640,126,19,107
218000641,0,0,0
218000652,26,1,25
218000653,139,6,133
218000663,0,0,0
218000675,0,3,-3
218000680,0,0,0
218000681,76,0,76
218000691,0,0,0
218000693,114,3,111
218000718,0,0,0
218000719,4,21,-17
218000720,0,0,0
218000721,0,0,0
218001147,0,0,0
218001214,0,0,0
218001258,60,0,60
218001329,59,6,53
218001330,0,0,0
218001351,1,0,1
218001352,0,0,0
218001353,2,2,0
218001354,0,0,0
218001355,0,0,0
218001356,67,13,54
218001357,0,0,0
218001358,11,0,11
218001361,166,0,166
218001362,0,0,0
219000001,0,0,0
219000002,0,0,0
219000003,28,1,27
219000004,2,29,-27
219000017,0,0,0
219000020,50,3,47
219000022,58,0,58
219000023,43,0,43
219000029,0,0,0
219000034,2,9,-7
219000039,0,0,0
219000040,0,0,0
219000041,0,0,0
219000051,0,0,0
219000052,0,0,0
219000053,0,0,0
219000055,0,0,0
219000056,0,0,0
219000057,0,0,0
219000062,0,0,0
219000063,0,0,0
219000064,0,0,0
219000110,13,8,5
219000111,25,25,0
219000112,35,0,35
219000113,56,3,53
219000114,34,2,32
219000116,0,0,0
219000117,0,1,-1
219000118,16,4,12
219000123,45,0,45
219000124,0,0,0
219000125,0,0,0
219000126,0,0,0
219000127,0,0,0
219000128,0,0,0
219000129,0,0,0
219000130,0,0,0
219000131,40,41,-1
219000133,0,3,-3
219000134,1,8,-7
219000135,11,0,11
219000136,3,15,-12
219000138,9,0,9
219000139,0,0,0
219000140,0,0,0
219000141,0,0,0
219000142,0,0,0
219000143,0,0,0
219000145,10,2,8
219000146,0,0,0
219000147,0,0,0
219000148,0,0,0
219000149,0,0,0
219000150,0,0,0
219000151,0,0,0
219000157,4,1,3
219000158,1,0,1
219000161,0,0,0
219000163,4,0,4
219000166,4,20,-16
219000167,0,0,0
219000168,31,5,26
219000174,61,1,60
219000175,0,0,0
219000176,0,0,0
219000177,0,0,0
219000178,0,0,0
219000179,0,0,0
219000180,0,0,0
219000182,9,0,9
219000183,13,0,13
219000184,26,0,26
219000185,0,0,0
219000186,8,0,8
219000187,1,0,1
219000189,0,0,0
219000190,0,0,0
219000191,0,0,0
219000192,59,19,40
219000193,0,0,0
219000195,0,0,0
219000196,0,0,0
219000198,0,0,0
219000199,0,0,0
219000200,0,0,0
219000201,0,0,0
219000203,0,0,0
219000204,0,0,0
219000205,0,0,0
219000207,0,0,0
219000209,0,0,0
219000210,0,0,0
219000213,0,0,0
219000239,0,0,0
219000240,0,0,0
219000241,0,0,0
219000242,0,0,0
219000243,0,0,0
219000244,0,0,0
219000245,0,0,0
219000246,25,2,23
219000247,40,1,39
219000248,57,10,47
219000249,41,2,39
219000250,11,13,-2
219000251,33,51,-18
219000252,52,55,-3
219000253,55,14,41
219000255,3,13,-10
219000256,17,0,17
219000257,45,0,45
219000262,0,0,0
219000263,0,0,0
219000267,0,0,0
219000268,0,0,0
219000269,0,0,0
219000270,0,0,0
219000271,0,0,0
219000278,0,0,0
219000279,0,0,0
219000283,0,0,0
219000295,0,0,0
219000296,0,0,0
219000297,0,0,0
219000298,0,0,0
219000299,75,0,75
219000300,0,0,0
219000301,0,0,0
219000302,0,0,0
219000307,0,0,0
219000308,0,0,0
219000311,55,0,55
219000312,70,1,69
219000313,109,0,109
219000314,0,0,0
219000315,156,1,155
219000316,90,1,89
219000317,9,0,9
219000320,0,0,0
219000321,0,0,0
219000323,0,0,0
219000325,0,0,0
219000326,0,0,0
219000327,0,0,0
219000328,0,0,0
219000329,0,0,0
219000330,0,0,0
219000331,0,0,0
219000332,6,0,6
219000333,0,0,0
219000335,0,0,0
219000337,1,0,1
219000338,4,0,4
219000344,0,0,0
219000345,0,0,0
219000346,0,0,0
219000348,0,0,0
219000349,0,0,0
219000350,0,0,0
219000351,0,0,0
219000352,2,12,-10
219000353,5,1,4
219000354,5,0,5
219000355,10,16,-6
219000356,9,23,-14
219000363,71,4,67
219000364,75,1,74
219000365,26,1,25
219000366,45,7,38
219000368,30,18,12
219000370,5,28,-23
219000371,0,0,0
219000382,0,0,0
219000383,0,0,0
219000385,0,0,0
219000386,0,0,0
219000387,0,1,-1
219000390,0,0,0
219000391,0,0,0
219000397,0,0,0
219000398,0,0,0
219000401,0,0,0
219000402,0,0,0
219000403,0,0,0
219000404,0,0,0
219000407,0,0,0
219000409,0,4,-4
219000410,22,1,21
219000411,19,1,18
219000446,0,0,0
219000447,0,0,0
219000448,24,2,22
219000452,0,1,-1
219000453,0,0,0
219000454,24,16,8
219000556,28,1,27
219000558,0,0,0
219000590,0,0,0
219000591,28,3,25
219000592,0,0,0
219000595,0,0,0
219000635,26,3,23
219000636,0,0,0
219000657,1,0,1
219000658,0,0,0
219000673,0,0,0
219000676,0,0,0
219000679,0,0,0
219000684,0,0,0
219000685,0,0,0
219000686,0,0,0
219000688,0,0,0
219000689,0,0,0
219000690,94,1,93
219000691,0,0,0
219000692,61,0,61
219000693,0,0,0
219000694,0,0,0
219000695,0,0,0
219000698,4,0,4
219000699,0,0,0
219000727,0,0,0
219000728,0,0,0
219000770,3,0,3
219000771,0,0,0
219000788,0,0,0
219001150,0,0,0
219001151,0,0,0
219001166,1,1,0
219001167,0,0,0
219001178,20,0,20
220000001,0,4,-4
220000002,0,0,0
220000003,0,0,0
220000004,0,0,0
220000005,0,0,0
220000006,0,0,0
220000007,0,0,0
220000008,0,0,0
220000009,0,0,0
220000010,0,0,0
220000011,0,15,-15
220000012,0,3,-3
220000014,0,0,0
220000015,0,0,0
220000017,0,0,0
220000018,0,0,0
220000019,0,0,0
220000020,2,2,0
220000021,0,0,0
220000022,1,0,1
220000023,0,0,0
220000024,3,0,3
220000025,0,13,-13
220000026,7,10,-3
220000027,0,0,0
220000028,2,23,-21
220000029,0,0,0
220000030,0,0,0
220000031,18,12,6
220000064,0,0,0
221000046,1,0,1
221000047,0,0,0
221000048,0,0,0
221000049,0,0,0
221000050,8,0,8
221000055,30,0,30
221000057,38,3,35
221000068,143,13,130
221000069,143,11,132
221000070,87,1,86
221000071,54,0,54
221000072,132,0,132
221000073,38,4,34
221000074,0,0,0
221000075,0,0,0
221000076,0,0,0
221000077,0,0,0
221000081,0,0,0
221000082,23,0,23
221000083,19,0,19
221000084,20,1,19
221000085,1,0,1
221000086,0,0,0
221000087,0,0,0
221000088,0,0,0
221000089,0,0,0
221000090,0,0,0
221000098,98,10,88
221000099,76,7,69
221000100,105,0,105
221000101,88,0,88
221000102,43,0,43
221000109,0,0,0
221000110,0,0,0
221000111,0,0,0
221000112,0,0,0
221000113,0,0,0
221000114,0,0,0
221000120,0,0,0
221000121,0,11,-11
221000122,1,4,-3
221000123,0,0,0
221000124,0,0,0
221000155,14,6,8
221000156,1,0,1
221000175,0,1,-1
221000176,0,0,0
221000182,2,0,2
221000241,301,22,279
221000242,0,0,0
221000243,219,20,199
221000244,0,0,0
221000245,91,11,80
221000246,0,0,0
221000247,143,14,129
221000248,0,0,0
221000267,0,0,0
221000325,0,0,0
221000331,0,0,0
221000338,0,2,-2
221000378,113,11,102
221000381,0,0,0
222000282,0,0,0
222000296,0,0,0
222000568,44,1,43
222000569,30,4,26
222000570,3,0,3
222000571,189,0,189
222000577,0,0,0
222000578,0,0,0
222000579,0,0,0
222000580,0,0,0
222000599,0,0,0
222000600,0,0,0
222000601,0,0,0
222000603,0,0,0
222000604,0,0,0
222000605,0,0,0
222000606,0,0,0
222000607,0,0,0
222000608,0,0,0
222000609,0,0,0
222000616,46,0,46
222000617,0,0,0
222000618,1,2,-1
222000620,1,0,1
222000621,22,0,22
222000623,175,0,175
222000624,153,0,153
222000625,192,1,191
222000636,1,0,1
222000686,20,0,20
222000687,0,1,-1
222001066,133,0,133
222001067,24,0,24
222001068,7,0,7
222001069,0,0,0
222001082,0,0,0
222001083,0,0,0
222001084,0,0,0
222001085,0,0,0
222001111,0,0,0
222001112,23,1,22
222001313,0,0,0
222001314,0,0,0
222001464,13,0,13
222001465,0,0,0
222001484,8,1,7
222001485,0,0,0
222001494,66,1,65
222001495,0,0,0
222001496,52,1,51
222001497,0,0,0
222001502,0,0,0
222001503,27,2,25
222001504,0,0,0
222001505,131,0,131
222001506,0,0,0
222001507,80,0,80
222001510,90,0,90
222001511,0,0,0
222001514,94,4,90
222001515,0,0,0
222001518,116,9,107
222001519,0,0,0
222001527,5,0,5
222001528,0,0,0
222001529,135,10,125
222001530,0,0,0
222001533,0,0,0
222001534,254,1,253
222001535,4,6,-2
222001536,0,0,0
222001537,8,0,8
222001538,0,0,0
222001563,196,2,194
222001564,0,0,0
222001568,12,1,11
222001576,0,8,-8
222001579,0,0,0
222001583,0,0,0
222001584,3,0,3
222001596,0,0,0
222001597,94,25,69
222001626,0,0,0
222001650,0,9,-9
222001651,0,0,0
222001914,45,5,40
222001915,0,0,0
222001968,25,0,25
222001969,0,0,0
222001970,2,0,2
222001971,6,0,6
222001972,0,0,0
225000001,81,42,39
225000002,102,25,77
225000003,102,2,100
225000004,92,30,62
225000005,36,18,18
225000006,0,0,0
225000007,0,0,0
225000010,23,0,23
225000011,66,192,-126
225000012,54,92,-38
225000013,79,17,62
225000014,42,6,36
225000015,0,0,0
225000021,144,30,114
225000027,0,0,0
225000032,150,29,121
225000042,0,0,0
225000049,0,0,0
225000050,16,0,16
225000053,0,0,0
225000058,132,23,109
225000067,0,0,0
225000068,0,0,0
225000069,0,0,0
225000070,0,0,0
225000071,0,0,0
225000075,0,0,0
225000076,0,0,0
225000078,1,19,-18
225000085,4,2,2
225000086,13,1,12
225000087,119,3,116
225000088,0,0,0
225000089,0,0,0
225000090,0,0,0
225000091,0,0,0
225000092,0,0,0
225000093,0,0,0
225000094,0,0,0
225000095,0,0,0
225000096,0,0,0
225000098,122,44,78
225000099,189,16,173
225000100,30,52,-22
225000104,0,0,0
225000110,0,0,0
225000111,0,0,0
225000112,0,0,0
225000113,0,0,0
225000114,0,0,0
225000115,0,0,0
225000116,65,52,13
225000117,200,101,99
225000118,324,50,274
225000119,26,10,16
225000120,156,9,147
225000121,80,1,79
225000123,734,16,718
225000125,70,31,39
225000126,180,51,129
225000127,169,72,97
225000128,286,73,213
225000132,0,0,0
225000133,0,0,0
225000134,89,58,31
225000135,19,1,18
225000136,20,1,19
225000137,12,0,12
225000138,132,0,132
225000143,0,0,0
225000144,0,0,0
225000145,28,15,13
225000146,0,0,0
225000147,0,0,0
225000148,0,0,0
225000149,0,0,0
225000151,0,0,0
225000155,0,0,0
225000156,0,0,0
225000157,0,0,0
225000158,0,0,0
225000171,0,0,0
225000180,23,0,23
225000181,0,0,0
225000182,29,6,23
225000185,0,0,0
225000187,0,0,0
225000191,30,0,30
225000194,0,0,0
225000208,0,0,0
225000209,65,27,38
225000210,0,0,0
225000217,0,0,0
225000218,7,0,7
225000223,0,0,0
225000224,2,0,2
225000225,0,0,0
225000226,497,20,477
225000227,0,0,0
225000228,3,4,-1
225000229,0,0,0
225000230,0,0,0
225000231,0,0,0
225000232,56,0,56
225000241,103,0,103
225000242,0,0,0
225000249,28,7,21
225000250,0,0,0
225000251,0,0,0
226000042,0,0,0
226000043,0,0,0
226000044,0,0,0
226000045,0,0,0
226000046,248,1,247
226000047,74,4,70
226000048,92,8,84
226000049,48,17,31
226000070,0,0,0
226000071,0,0,0
226000072,0,0,0
226000073,0,0,0
226000074,0,0,0
226000084,0,0,0
226000085,0,0,0
226000086,0,0,0
226000087,0,0,0
226000088,0,0,0
226000090,0,4,-4
226000091,0,4,-4
226000092,1,0,1
226000093,0,0,0
226000094,1,5,-4
226000095,0,18,-18
226000105,1,0,1
226000106,1,0,1
226000107,0,0,0
226000108,0,0,0
226000109,9,1,8
226000124,39,13,26
226000134,52,64,-12
226000135,99,34,65
226000136,5,16,-11
226000137,0,0,0
226000138,0,0,0
226000139,0,0,0
226000156,49,3,46
226000157,60,0,60
226000163,0,0,0
226000202,0,0,0
226000231,154,0,154
226000232,1,0,1
227000037,100,1,99
227000038,21,0,21
227000049,0,0,0
227000050,0,0,0
227000055,5,0,5
227000056,0,0,0
227000084,0,0,0
227000085,0,0,0
227000088,1,0,1
227000089,3,0,3
227000090,1,0,1
227000091,32,0,32
227000093,2,0,2
227000094,0,0,0
227000130,0,0,0
227000131,0,0,0
227000132,0,0,0
227000133,0,0,0
227000134,0,0,0
227000152,0,0,0
227000153,0,0,0
227000155,0,0,0
227000156,0,0,0
227000165,0,0,0
227000196,0,0,0
227000199,122,4,118
227000230,0,0,0
227000232,43,6,37
227000241,154,0,154
227000242,0,0,0
227000243,61,6,55
227000244,57,0,57
227000245,0,0,0
227000246,0,0,0
227000247,136,0,136
227000248,19,10,9
227000249,0,0,0
227000251,0,0,0
227000252,0,0,0
227000253,90,1,89
227000262,216,0,216
227000266,90,4,86
227000267,0,0,0
227000486,11,24,-13
227000655,82,0,82
227000661,45,5,40
227000680,0,0,0
229000265,1,0,1
229000296,0,0,0
229000297,0,0,0
229000298,0,0,0
229000320,0,0,0
229000321,0,0,0
229000412,0,0,0
229000414,0,0,0
229000415,0,0,0
229000416,0,0,0
229000417,0,0,0
229000419,0,0,0
229000440,62,1,61
229000442,1,0,1
229000443,0,0,0
229000444,0,0,0
229000445,0,0,0
229000446,19,0,19
229000847,0,0,0
229000848,0,0,0
229000849,0,0,0
229000851,0,0,0
229000854,0,0,0
229000856,0,0,0
229000857,0,0,0
229000858,0,0,0
229000919,0,0,0
229000930,0,0,0
229000937,41,0,41
229000966,8,2,6
229000981,0,0,0
229000985,0,0,0
229000986,0,0,0
229000987,0,0,0
229000988,0,0,0
229000989,0,0,0
229000990,0,0,0
229000991,0,0,0
229000992,2,0,2
229000993,5,0,5
229000998,0,0,0
229000999,16,0,16
229001034,0,0,0
229001035,0,0,0
229001037,1,0,1
229001042,0,0,0
229001047,0,0,0
229001050,12,0,12
229001200,0,0,0
229001338,0,0,0
229001394,113,0,113
229001422,74,3,71
229001423,0,0,0
229001431,67,0,67
229001432,0,0,0
229001444,40,0,40
229001445,0,0,0
229001503,42,0,42
229001504,0,0,0
229001505,93,0,93
229001506,0,0,0
229001509,0,0,0
229001545,22,0,22
229001546,0,0,0
229001553,22,0,22
229001554,0,0,0
229001559,0,0,0
229001560,0,0,0
229001630,1,0,1
229001631,0,0,0
229001635,0,0,0
229001636,0,0,0
229001658,0,0,0
229001659,11,0,11
229001660,0,0,0
229001661,0,0,0
229001662,7,0,7
229001663,0,0,0
229002584,36,1,35
229002831,0,0,0
229002841,0,0,0
229002842,0,0,0
229002843,0,0,0
229002844,0,0,0
229002845,0,0,0
229002846,0,0,0
229002847,0,0,0
229002848,0,2,-2
229002849,0,1,-1
229002850,0,0,0
229002851,0,8,-8
229002852,1,1,0
229002853,5,0,5
229002854,1,0,1
229002855,0,0,0
229002856,2,0,2
229002857,0,0,0
229002858,0,0,0
229002859,0,0,0
229002860,0,0,0
229002861,0,16,-16
229002862,0,0,0
229002863,0,0,0
229002864,0,0,0
229002865,0,0,0
229002866,0,10,-10
229002867,0,0,0
229002868,3,0,3
229002869,0,0,0
229002870,8,0,8
235000066,135,0,135
235000067,52,1,51
235000072,0,0,0
235000073,0,0,0
235000074,0,0,0
235000080,0,0,0
235000081,0,0,0
235000082,86,1,85
235000083,86,1,85
235000084,3,0,3
235000085,100,1,99
235000089,8,0,8
235000092,0,0,0
235000093,0,0,0
235000097,0,0,0
235000098,27,0,27
235000099,2,1,1
235000116,10,0,10
235000117,56,0,56
235000133,0,0,0
235000134,0,0,0
235000206,0,3,-3
235000207,0,1,-1
235000208,0,0,0
235000209,0,0,0
235000210,0,0,0
235000212,0,0,0
235000213,0,0,0
235000220,0,0,0
235000221,0,0,0
235000238,1,148,-147
235000239,0,4,-4
235000242,3,221,-218
235000245,0,0,0
235000246,0,0,0
235000284,0,0,0
235000295,1,0,1
235000305,31,0,31
235000306,68,0,68
235000307,5,0,5
235000308,0,0,0
235000309,2,0,2
235000310,0,0,0
235000311,2,0,2
235000322,0,0,0
235000323,0,0,0
235000324,0,0,0
235000325,0,0,0
235000326,0,0,0
235000351,0,0,0
235000352,0,0,0
235000353,0,0,0
235000354,0,0,0
235000355,0,0,0
235000356,3,0,3
235000357,1,1,0
235000358,0,0,0
235000359,1,0,1
235000360,1,1,0
235000361,13,0,13
235000381,0,0,0
235000382,67,1,66
235000390,1,1,0
235000391,96,1,95
235000392,97,9,88
235000393,58,25,33
235000395,56,7,49
235000396,270,17,253
235000400,7,6,1
235000401,0,0,0
235000405,0,0,0
235000406,0,0,0
235000407,0,0,0
235000409,0,0,0
235000410,0,0,0
235000411,0,0,0
235000485,0,0,0
235000486,13,0,13
235000549,7,7,0
235000550,0,0,0
235000599,0,0,0
235000600,0,0,0
235000601,0,0,0
235000602,17,1,16
235000614,0,0,0
235000648,0,0,0
235000649,75,0,75
235000685,0,0,0
235000815,0,0,0
235000834,0,0,0
235000855,39,12,27
235000862,0,0,0
235000891,0,0,0
235000892,2,0,2
235000901,0,0,0
235000907,0,0,0
235001010,24,1,23
235001029,0,0,0
235001030,177,2,175
235001078,54,16,38
235001079,0,0,0
235001147,0,4,-4
235001166,1,0,1
235001167,0,0,0
235001169,0,0,0
235001188,0,0,0
235001189,10,0,10
235001197,0,0,0
235001200,0,0,0
235001207,136,11,125
235001210,0,0,0
235001215,0,0,0
235001239,0,0,0
235001244,0,0,0
235016267,0,0,0
277102712,51,23,28
277103813,0,0,0
277104249,0,0,0
277104250,0,0,0
277104251,0,0,0
277104252,0,0,0
990011530,0,0,0
990014944,0,0,0
990015176,38,16,22
990016032,0,0,0
990032570,0,1,-1
990070001,38,0,38
990070103,0,0,0
990070601,0,0,0
990070751,0,0,0
990070766,0,0,0
990071180,283,1,282
990071343,7,5,2
990071387,0,0,0
990071823,8,0,8
990072600,0,0,0
990072964,0,0,0
990073285,0,0,0
990074393,0,0,0
990074870,415,8,407
990075106,103,1,102
990075746,182,2,180
990076437,1129,18,1111
990076458,0,0,0
997000007,166,1,165
997000041,0,0,0
997000058,41,0,41
997000062,45,12,33
997000069,0,0,0
997000070,0,0,0
997000100,2,0,2
997000141,0,0,0
997000198,0,0,0
998000475,0,0,0
998000736,0,0,0
998000965,0,0,0
998001031,0,0,0
998001700,0,0,0
998001899,0,0,0
998001900,13,51,-38
998003073,268,11,257
998101900,1,17,-16
998102850,0,0,0
998501927,98,0,98
998501929,367,8,359
998501930,45,0,45
998501931,135,7,128
998501932,1,0,1
998501933,259,4,255
998501937,33,0,33
998501944,2,0,2
998501950,0,0,0
998501970,61,3,58
998501971,0,28,-28
998501973,0,0,0
998501974,0,0,0
998501975,102,2,100
998501976,33,2,31
998501977,0,5,-5
998501978,1,0,1
998501979,0,0,0
998501980,46,0,46
998501981,97,0,97
998501982,0,0,0
998501983,0,0,0
998502006,0,0,0
998502024,0,0,0
998502032,0,2,-2
998502062,2,0,2
998502063,0,0,0
998502173,2,0,2
998502269,0,0,0
998502546,0,0,0
998502578,0,0,0
998502599,0,0,0
998502621,0,0,0
998601159,0,0,0
998601292,0,0,0
999033574,0,0,0
999800001,12,1,11
999800002,0,0,0
999800003,1,0,1
999800004,0,0,0
999800005,0,0,0
