ID,insum,outsum,diff
100000001,842,607,235
100000002,4273,6211,-1938
100000003,3654,5772,-2118
100000004,169,1071,-902
100000005,2376,4370,-1994
100000006,496,244,252
100000007,2331,812,1519
100000008,52,705,-653
100000009,296,284,12
100000010,16,54,-38
100000011,435,100,335
100000012,40,628,-588
100000013,30,194,-164
100000014,179,314,-135
100000015,1318,1830,-512
100000016,469,1678,-1209
100000017,520,1391,-871
100000018,777,800,-23
100000019,2926,2684,242
100000020,1022,5373,-4351
100000021,4169,1729,2440
100000022,706,3252,-2546
100000023,3478,1451,2027
100000025,324,1954,-1630
100000028,378,1706,-1328
100000029,34,887,-853
100000030,29,47,-18
100000031,1293,5433,-4140
100000032,1559,3738,-2179
100000033,1064,3236,-2172
100000034,132,1434,-1302
100000035,686,1198,-512
100000036,493,1578,-1085
100000037,614,341,273
100000038,2110,1005,1105
100000039,176,335,-159
100000040,277,170,107
100000041,1142,526,616
100000042,851,289,562
100000043,656,457,199
100000044,162,588,-426
100000045,252,543,-291
100000046,352,503,-151
100000047,134,258,-124
100000048,158,504,-346
100000049,1162,944,218
100000051,462,488,-26
100000053,50,7,43
100000054,200,28,172
100000055,416,265,151
100000056,274,637,-363
100000057,1493,444,1049
100000058,482,547,-65
100000059,1,165,-164
100000060,576,246,330
100000061,1629,453,1176
100000062,1195,532,663
100000063,669,308,361
100000064,944,564,380
100000065,227,706,-479
100000066,131,432,-301
100000067,190,503,-313
100000068,275,1032,-757
100000069,225,937,-712
100000072,156,275,-119
100000073,800,615,185
100000075,755,154,601
100000076,1107,4588,-3481
100000077,65,504,-439
100000078,6,51,-45
100000079,14,47,-33
100000080,21,76,-55
100000081,31,201,-170
100000102,2850,6788,-3938
100000103,1252,1572,-320
100000104,2932,2009,923
100000105,986,1704,-718
100000106,689,4041,-3352
100000107,89,1417,-1328
100000108,188,958,-770
100000109,606,1504,-898
100000116,304,462,-158
100000117,63,181,-118
100000118,551,1192,-641
100000119,629,1115,-486
100000121,137,542,-405
100000122,374,2139,-1765
100000123,873,2837,-1964
100000124,1907,2798,-891
100000125,5486,2075,3411
100000126,593,1047,-454
100000127,833,787,46
100000128,708,2538,-1830
100000129,325,944,-619
100000130,583,198,385
100000131,559,1236,-677
100000132,666,1463,-797
100000133,1227,769,458
100000135,800,1322,-522
100000139,156,637,-481
100000140,93,144,-51
100000142,470,524,-54
100000143,1149,310,839
100000144,1509,546,963
100000147,1313,3831,-2518
100000150,58,488,-430
100000151,364,2697,-2333
100000153,73,465,-392
100000154,15,475,-460
100000155,2,30,-28
100000156,194,378,-184
100000157,203,196,7
100000158,185,235,-50
100000159,123,1348,-1225
100000165,412,620,-208
100000169,33,1420,-1387
100000174,186,949,-763
100000179,49,914,-865
100000180,306,1615,-1309
100000181,284,272,12
100000188,45,168,-123
100000189,718,419,299
100000190,350,1639,-1289
100000191,812,653,159
100000192,27,94,-67
100000193,201,205,-4
100000330,451,860,-409
100000355,126,628,-502
100000362,1974,925,1049
100000363,5812,6841,-1029
100000364,53,378,-325
100000365,5214,8834,-3620
100000366,1549,1117,432
100000367,4099,6026,-1927
100000368,2086,728,1358
100000369,489,2063,-1574
100000370,99,850,-751
100000376,51,195,-144
100000379,827,2804,-1977
100000380,2711,6998,-4287
100000384,4364,7207,-2843
100000385,918,4635,-3717
100000386,1728,6777,-5049
100000387,2229,6725,-4496
100000388,1497,4701,-3204
100000389,2697,6621,-3924
100000390,2269,4143,-1874
100000391,1665,7631,-5966
100000392,681,2725,-2044
100000393,488,5572,-5084
100000394,2153,5562,-3409
100000395,1048,5563,-4515
100000396,1612,2496,-884
100000397,1668,7761,-6093
100000398,5511,3647,1864
100000413,4,0,4
100000414,78,674,-596
100900002,4,4,0
100900003,308,203,105
100900004,3,830,-827
100900005,136,46,90
100900006,24,11,13
100900007,97,2,95
100900008,0,305,-305
100900009,31,85,-54
100900010,68,7,61
100900011,195,67,128
100900012,0,103,-103
100900013,825,20,805
100900014,1,0,1
100900015,37,50,-13
100900016,0,22,-22
100900017,819,38,781
100900018,0,10,-10
100900019,14,40,-26
100900020,401,2,399
100900021,283,2,281
100900022,3,15,-12
100900023,0,9,-9
100900024,284,0,284
100900025,3,15,-12
100900026,95,30,65
100900027,367,1924,-1557
100900028,100,350,-250
100900029,105,2,103
100900030,1,398,-397
100900031,605,25,580
100900032,415,0,415
100900033,77,359,-282
100900034,998,1,997
100900035,104,0,104
100900036,1,2,-1
100900037,82,78,4
100900038,35,125,-90
100900039,230,190,40
100900040,484,165,319
100900041,773,173,600
100900042,655,1963,-1308
100900043,0,43,-43
100900044,723,292,431
100900045,1,6,-5
100900046,746,43,703
100900047,395,119,276
100900048,94,11,83
100900049,37,65,-28
100900050,4,5,-1
100900051,30,97,-67
100900052,149,11,138
100900053,662,25,637
100900054,6,36,-30
100900055,225,911,-686
100900056,27,57,-30
100900057,1870,660,1210
100900058,89,48,41
100900059,74,8,66
100900060,148,6,142
100900061,69,102,-33
100900062,0,42,-42
100900063,216,615,-399
100900064,418,18,400
100900065,44,140,-96
100900066,224,133,91
100900067,0,4,-4
100900068,54,171,-117
100900069,98,17,81
100900070,473,5,468
100900071,160,97,63
100900072,2,54,-52
100900073,118,175,-57
100900074,5,24,-19
100900075,1536,145,1391
100900076,0,20,-20
100900077,52,7,45
100900078,44,173,-129
100900079,5,58,-53
100900080,55,36,19
100900081,24,74,-50
100900082,182,87,95
100900083,17,49,-32
100900085,12,496,-484
100900086,30,224,-194
100900088,120,124,-4
100900089,2,20,-18
100900090,74,579,-505
100900091,6,7,-1
100900092,54,85,-31
100900093,304,277,27
100900094,87,105,-18
100900095,2,35,-33
100900096,14,259,-245
100900097,2,2,0
100900098,25,8,17
100900099,3,335,-332
100900100,4,366,-362
100900101,131,27,104
100900102,5,52,-47
100900103,16,21,-5
100900104,14,205,-191
100900105,12,432,-420
100900106,10,8,2
100900107,1796,952,844
100900108,1,13,-12
100900109,6,30,-24
100900110,0,18,-18
100900111,7,186,-179
100900112,1,30,-29
100900113,22,7,15
100900114,12,3,9
100900115,10,23,-13
100900116,664,263,401
100900117,152,848,-696
100900118,10,8,2
100900119,10,21,-11
100900120,15,2,13
100900121,192,256,-64
100900122,45,79,-34
100900123,76,59,17
100900124,2,0,2
100900125,4,54,-50
100900126,261,58,203
100900127,5,0,5
100900128,53,348,-295
100900129,2,384,-382
100900131,18,130,-112
100900133,44,29,15
100900134,5,4,1
100900135,0,424,-424
100900137,235,170,65
100900138,286,285,1
100900139,2,15,-13
100900140,19,174,-155
100900141,1,641,-640
100900142,0,9,-9
100900143,231,499,-268
100900144,0,1,-1
100900145,25,238,-213
100900146,0,19,-19
100900147,16,1037,-1021
100900148,46,113,-67
100900149,30,160,-130
100900150,0,22,-22
100900151,73,346,-273
100900152,131,0,131
100900153,0,222,-222
100900154,79,254,-175
100900155,3,5,-2
100900156,5,1,4
100900157,6,578,-572
100900159,2,47,-45
100900160,13,36,-23
100900161,26,0,26
100900162,10,337,-327
100900163,98,50,48
100900164,35,32,3
100900165,6,5,1
100900166,4,1,3
100900167,15,58,-43
100900168,28,139,-111
100900169,52,715,-663
100900170,5,5,0
100900171,39,437,-398
100900172,0,58,-58
100900173,3,86,-83
100900174,21,19,2
100900176,1370,128,1242
100900177,357,181,176
100900178,108,245,-137
100900179,343,287,56
100900180,1,7,-6
100900181,17,38,-21
100900182,38,9,29
100900184,13,43,-30
100900186,205,184,21
100900187,40,48,-8
100900188,19,13,6
100900189,1877,119,1758
100900191,344,1080,-736
100900192,111,552,-441
100900195,81,227,-146
100900197,19,60,-41
100900198,20,48,-28
100900199,3,4,-1
100900200,685,350,335
100900201,36,448,-412
100900202,34,0,34
100900203,0,87,-87
100900204,30,466,-436
100900205,107,535,-428
100900206,225,90,135
100900207,232,142,90
100900210,137,112,25
100900211,349,96,253
100900213,106,25,81
100900214,249,105,144
100900215,15,39,-24
100900217,97,118,-21
101000001,1401,1516,-115
101000002,5527,5548,-21
101000003,286,784,-498
101000004,4713,4300,413
101000005,2718,3941,-1223
101000006,3804,7503,-3699
101000007,2077,3699,-1622
101000009,2219,722,1497
101000010,692,478,214
101000011,1044,148,896
101000012,305,516,-211
101000013,500,845,-345
101000014,239,287,-48
101000015,1774,1057,717
101000016,164,669,-505
101000017,196,454,-258
101000018,1069,3781,-2712
101000020,1134,605,529
101000021,388,1045,-657
101000023,684,1216,-532
101000025,221,533,-312
101000026,188,13,175
101000027,1320,4022,-2702
101000028,636,415,221
101000029,36,1050,-1014
101000030,464,97,367
101000031,84,646,-562
101000032,1730,4197,-2467
101000033,912,4212,-3300
101000034,679,2202,-1523
101000035,246,270,-24
101000036,547,1924,-1377
101000037,689,2910,-2221
101000039,1402,2585,-1183
101000040,2034,5139,-3105
101000041,1688,5741,-4053
101000042,55,733,-678
101000043,2328,6137,-3809
101000045,247,749,-502
101000046,594,1591,-997
101000047,562,3585,-3023
101000048,371,351,20
101000049,433,1554,-1121
101000050,478,1393,-915
101000051,479,1889,-1410
101000052,1148,1282,-134
101000053,340,1391,-1051
101000054,1108,676,432
101000055,727,1871,-1144
101000056,34,203,-169
101000057,722,1875,-1153
101000058,598,1517,-919
101000059,1361,2180,-819
101000060,1518,1043,475
101000061,272,1979,-1707
101000062,296,750,-454
101000063,194,1848,-1654
101000064,332,1209,-877
101000065,171,1314,-1143
101000066,226,1592,-1366
101000067,365,886,-521
101000068,87,311,-224
101000069,130,61,69
101000070,397,632,-235
101000071,2421,1096,1325
101000072,379,2008,-1629
101000073,406,1100,-694
101000074,1608,2658,-1050
101000075,1421,2657,-1236
101000077,1207,1320,-113
101000078,429,890,-461
101000079,800,1032,-232
101000080,699,1031,-332
101000081,1277,1415,-138
101000082,1667,1523,144
101000083,2899,2007,892
101000084,678,409,269
101000085,1232,1177,55
101000086,742,1127,-385
101000087,625,827,-202
101000088,1582,1015,567
101000089,939,1448,-509
101000090,1376,825,551
101000091,428,373,55
101000092,2368,602,1766
101000093,1330,605,725
101000094,923,733,190
101000095,540,405,135
101000096,739,296,443
101000097,287,705,-418
101000098,387,845,-458
101000099,400,792,-392
101000100,674,1069,-395
101000101,219,594,-375
101000102,424,961,-537
101000103,349,921,-572
101000104,230,1122,-892
101000105,181,340,-159
101000106,138,943,-805
101000107,234,468,-234
101000108,409,106,303
101000109,533,80,453
101000110,28,121,-93
101000111,27,153,-126
101000113,99,762,-663
101000114,1683,6399,-4716
101000115,5,24,-19
101000116,17,15,2
101000117,634,102,532
101000119,13,69,-56
101000120,46,69,-23
101000121,18,61,-43
101000122,41,98,-57
101000123,18,80,-62
101000124,574,393,181
101000125,80,177,-97
101000128,82,633,-551
101000130,113,178,-65
101000131,1190,350,840
101000132,704,470,234
101000135,6,26,-20
101000136,151,142,9
101000137,27,428,-401
101000141,410,4177,-3767
101000147,1162,375,787
101000148,803,11,792
101000149,14,65,-51
101000150,140,173,-33
101000151,324,18,306
101000152,293,305,-12
101000153,255,151,104
101000154,328,311,17
101000155,443,125,318
101000156,37,409,-372
101000157,76,26,50
101000160,3,12,-9
101000163,77,521,-444
101000164,348,108,240
101000165,267,450,-183
101000166,116,245,-129
101000168,907,763,144
101000252,1322,497,825
101000254,18,27,-9
101000258,32,3,29
101000261,72,49,23
101000262,1065,5029,-3964
101000263,244,1097,-853
101000265,43,630,-587
101000266,166,171,-5
101000269,13,37,-24
101000290,235,2225,-1990
101000293,8,40,-32
101000294,470,379,91
101000295,283,212,71
101000301,206,480,-274
101000304,1701,2854,-1153
101000305,2471,848,1623
101000328,105,505,-400
101900001,57,36,21
101900002,0,3,-3
101900003,13,135,-122
101900004,0,239,-239
101900005,902,3005,-2103
101900006,1390,333,1057
101900007,337,150,187
101900008,36,242,-206
101900009,9,393,-384
101900010,419,551,-132
101900011,19,794,-775
101900012,211,56,155
101900013,348,56,292
101900017,24,93,-69
101900018,622,201,421
101900019,28,126,-98
101900020,15,11,4
101900021,1,20,-19
101900022,201,417,-216
101900023,120,94,26
101900026,100,22,78
101900027,20,102,-82
102000001,2426,5093,-2667
102000002,1989,1204,785
102000003,1835,6075,-4240
102000004,2822,2210,612
102000005,826,3124,-2298
102000006,538,1292,-754
102000007,1494,4092,-2598
102000008,3709,1303,2406
102000009,5417,7664,-2247
102000010,2982,2201,781
102000011,3643,3267,376
102000012,2718,2054,664
102000018,2764,2875,-111
102000019,1802,1390,412
102000026,687,296,391
102000029,243,298,-55
102000030,119,243,-124
102000031,62,99,-37
102000032,448,288,160
102000033,352,243,109
102000034,268,288,-20
102000035,811,356,455
102000036,36,244,-208
102000037,286,66,220
102000038,85,704,-619
102000039,100,329,-229
102000040,114,467,-353
102000041,28,1032,-1004
102000042,48,552,-504
102000043,42,692,-650
102000044,339,1348,-1009
102000045,519,732,-213
102000046,1021,681,340
102000047,572,796,-224
102000048,410,603,-193
102000049,739,1214,-475
102000050,1277,1370,-93
102000051,132,768,-636
102000052,909,1466,-557
102000053,659,1615,-956
102000054,951,823,128
102000055,1322,270,1052
102000056,1460,304,1156
102000057,1821,433,1388
102000058,908,745,163
102000059,756,1171,-415
102000060,858,809,49
102000061,1422,1177,245
102000062,2204,849,1355
102000063,1092,993,99
102000064,626,573,53
102000065,27,111,-84
102000066,744,813,-69
102000067,4448,3418,1030
102000068,7951,3115,4836
102000069,95,2440,-2345
102000070,1580,35,1545
102000071,7183,9634,-2451
102000072,1844,4036,-2192
102000073,330,350,-20
102000074,629,622,7
102000075,125,187,-62
102000076,388,126,262
102000077,664,355,309
102000078,1368,258,1110
102000079,106,144,-38
102000080,356,156,200
102000081,146,942,-796
102000082,522,339,183
102000083,645,150,495
102000084,500,183,317
102000085,2213,514,1699
102000086,1479,678,801
102000087,620,852,-232
102000088,376,284,92
102000089,1128,280,848
102000090,266,880,-614
102000091,1081,399,682
102000092,244,406,-162
102000093,1291,587,704
102000094,367,405,-38
102000095,721,569,152
102000096,304,434,-130
102000097,529,378,151
102000098,231,582,-351
102000099,870,757,113
102000100,137,1288,-1151
102000101,348,558,-210
102000102,582,918,-336
102000103,3428,385,3043
102000104,870,248,622
102000105,230,628,-398
102000106,800,400,400
102000107,1916,209,1707
102000108,496,177,319
102000109,542,371,171
102000110,1481,545,936
102000111,5,445,-440
102000112,90,167,-77
102000113,22,42,-20
102000114,796,276,520
102000115,226,328,-102
102000116,186,520,-334
102000117,67,980,-913
102000118,721,1721,-1000
102000119,868,1805,-937
102000120,97,464,-367
102000121,673,202,471
102000122,336,792,-456
102000123,778,489,289
102000124,789,1003,-214
102000125,292,514,-222
102000126,527,957,-430
102000127,940,446,494
102000128,462,867,-405
102000129,1034,455,579
102000130,621,679,-58
102000131,575,400,175
102000132,346,473,-127
102000133,2807,1160,1647
102000134,901,643,258
102000135,681,524,157
102000136,992,390,602
102000137,330,661,-331
102000138,150,233,-83
102000139,38,726,-688
102000140,101,1030,-929
102000141,96,201,-105
102000142,384,214,170
102000143,257,182,75
102000144,338,189,149
102000145,314,156,158
102000146,331,243,88
102000147,451,307,144
102000148,252,412,-160
102000149,300,83,217
102000150,554,77,477
102000151,89,114,-25
102000152,291,141,150
102000153,764,724,40
102000154,164,357,-193
102000155,23,715,-692
102000156,148,236,-88
102000157,50,1195,-1145
102000158,192,416,-224
102000159,1560,1105,455
102000161,1897,1560,337
102000162,61,230,-169
102000163,81,288,-207
102000164,568,595,-27
102000165,227,187,40
102000166,56,140,-84
102000167,111,304,-193
102000168,137,142,-5
102000169,98,471,-373
102000170,653,112,541
102000171,53,68,-15
102000172,32,285,-253
102000173,367,251,116
102000174,86,57,29
102000175,38,91,-53
102000176,37,30,7
102000178,193,345,-152
102000179,425,187,238
102000180,950,187,763
102000181,1082,232,850
102000182,568,273,295
102000183,1769,902,867
102000184,1910,538,1372
102000185,2837,505,2332
102000186,2193,974,1219
102000187,1336,769,567
102000188,1223,976,247
102000189,1637,273,1364
102000190,473,2117,-1644
102000191,748,275,473
102000192,1977,1573,404
102000193,85,87,-2
102000194,59,196,-137
102000195,285,249,36
102000196,253,266,-13
102000197,801,329,472
102000198,116,442,-326
102000199,1112,161,951
102000200,167,447,-280
102000201,1769,297,1472
102000202,9,149,-140
102000203,414,153,261
102000204,571,428,143
102000205,1132,548,584
102000206,674,343,331
102000207,478,500,-22
102000208,409,686,-277
102000209,78,105,-27
102000210,658,382,276
102000211,316,172,144
102000212,375,5,370
102000213,5,130,-125
102000214,376,5,371
102000215,2,137,-135
102000216,80,96,-16
102000217,8,47,-39
102000218,352,164,188
102000219,140,95,45
102000225,286,581,-295
102000226,101,213,-112
102000227,99,0,99
102000228,1,123,-122
102000229,47,42,5
102000230,346,271,75
102000231,250,223,27
102000232,41,201,-160
102000233,1180,373,807
102000234,48,854,-806
102000236,231,109,122
102000237,514,562,-48
102000238,250,366,-116
102000240,393,856,-463
102000241,180,84,96
102000243,7,20,-13
102000245,4,60,-56
102000246,13,30,-17
102000247,261,343,-82
102000248,290,664,-374
102000249,155,97,58
102000250,112,177,-65
102000254,260,123,137
102000266,5,788,-783
102000271,26,0,26
102000286,420,236,184
102000297,1846,1014,832
102000301,0,0,0
102000307,0,3,-3
102000316,188,28,160
102900001,862,410,452
102900002,295,57,238
102900003,113,206,-93
102900005,459,163,296
102900006,495,41,454
102900007,714,8,706
102900008,215,12,203
102900009,260,383,-123
102900010,137,1077,-940
102900011,780,403,377
102900012,527,123,404
102900013,43,36,7
102900015,704,466,238
102900016,52,21,31
102900017,197,136,61
102900018,84,21,63
102900019,311,528,-217
102900020,215,25,190
102900021,59,44,15
102900022,76,57,19
102900023,44,79,-35
102900024,51,19,32
102900025,97,65,32
102900026,360,1833,-1473
102900027,126,76,50
102900028,169,786,-617
102900029,61,238,-177
102900030,274,271,3
102900031,268,105,163
102900032,90,31,59
102900033,75,150,-75
102900034,567,32,535
102900035,141,277,-136
102900036,426,150,276
102900037,303,126,177
102900038,393,138,255
102900039,15,635,-620
102900040,208,203,5
102900041,102,93,9
102900042,312,143,169
102900043,262,162,100
102900044,410,886,-476
102900045,224,217,7
102900046,162,96,66
102900047,94,514,-420
102900048,441,162,279
102900049,76,364,-288
102900050,146,297,-151
102900051,142,193,-51
102900053,236,444,-208
102900054,176,1185,-1009
102900055,160,171,-11
102900056,63,277,-214
102900057,1,47,-46
102900058,507,69,438
102900059,23,19,4
102900060,82,221,-139
102900061,110,206,-96
102900062,343,336,7
102900063,1629,249,1380
102900064,144,444,-300
102900065,621,160,461
102900066,273,8,265
102900068,30,111,-81
102900070,139,280,-141
102900072,9,44,-35
102900073,43,6,37
102900075,6,105,-99
102900076,35,139,-104
102900077,23,25,-2
102900078,21,43,-22
102900079,246,4,242
102900080,385,33,352
102900081,72,241,-169
102900082,8,294,-286
102900083,109,6,103
102900084,2,45,-43
102900085,228,64,164
102900086,16,103,-87
102900087,158,161,-3
102900088,20,45,-25
102900089,165,107,58
102900090,1,135,-134
102900091,149,0,149
102900092,366,90,276
102900094,4,297,-293
102900095,70,3,67
102900096,97,13,84
102900097,1,25,-24
103000001,1664,2040,-376
103000002,2154,2607,-453
103000003,2615,3106,-491
103000004,544,567,-23
103000005,1445,4042,-2597
103000006,847,1375,-528
103000007,396,477,-81
103000008,811,760,51
103000009,1814,1009,805
103000010,226,118,108
103000011,1138,763,375
103000012,940,1477,-537
103000013,2000,1337,663
103000014,1031,2565,-1534
103000015,1581,821,760
103000016,541,1746,-1205
103000017,297,527,-230
103000018,668,151,517
103000019,377,489,-112
103000020,1096,1001,95
103000021,1431,2254,-823
103000022,581,782,-201
103000023,903,2150,-1247
103000024,45,63,-18
103000025,155,934,-779
103000026,350,52,298
103000027,160,657,-497
103000028,106,192,-86
103000029,70,167,-97
103000030,1665,1354,311
103000031,609,2103,-1494
103000032,1371,874,497
103000033,2313,2321,-8
103000034,973,636,337
103000035,181,958,-777
103000036,247,249,-2
103000037,466,302,164
103000038,302,788,-486
103000039,600,198,402
103000040,652,430,222
103000041,1757,896,861
103000042,1530,154,1376
103000043,907,478,429
103000044,244,77,167
103000046,315,328,-13
103000047,805,252,553
103000048,244,184,60
103000049,73,108,-35
103000050,598,190,408
103000051,402,301,101
103000052,778,173,605
103000053,155,248,-93
103000054,1536,645,891
103000055,1503,1080,423
103000056,635,516,119
103000057,1370,136,1234
103000058,653,531,122
103000059,740,483,257
103000060,615,230,385
103000061,540,548,-8
103000062,747,264,483
103000063,814,885,-71
103000064,135,88,47
103000065,11,179,-168
103000066,238,7,231
103000069,353,106,247
103000070,531,449,82
103000071,1383,461,922
103000072,154,361,-207
103000073,966,75,891
103000074,717,132,585
103000075,156,460,-304
103000076,267,629,-362
103000077,19,129,-110
103000078,930,1314,-384
103000079,439,794,-355
103000080,342,358,-16
103000081,212,1209,-997
103000082,457,172,285
103000083,58,481,-423
103000084,99,7,92
103000085,0,161,-161
103000086,215,719,-504
103000087,87,679,-592
103000088,218,476,-258
103000089,211,810,-599
103000090,4722,1131,3591
103000091,1424,493,931
103000092,325,223,102
103000093,305,608,-303
103000094,168,126,42
103000095,89,299,-210
103000096,497,39,458
103000097,57,670,-613
103000098,442,94,348
103000099,120,581,-461
103000100,145,381,-236
103000101,1198,111,1087
103000102,99,257,-158
103000103,623,161,462
103000104,133,43,90
103000105,197,84,113
103000106,39,137,-98
103000107,242,88,154
103000108,1866,2544,-678
103000109,737,662,75
103000110,763,511,252
103000111,238,771,-533
103000112,162,575,-413
103000113,214,1392,-1178
103000114,1324,1314,10
103000115,804,880,-76
103000116,819,309,510
103000117,597,424,173
103000118,277,293,-16
103000119,736,237,499
103000120,44,96,-52
103000121,79,135,-56
103000122,361,370,-9
103000125,26,73,-47
103000126,662,2,660
103000127,18,55,-37
103000128,186,6,180
103000129,0,39,-39
103000130,74,48,26
103000131,43,83,-40
103000132,54,93,-39
103000133,17,81,-64
103000134,181,787,-606
103000135,435,207,228
103000136,481,446,35
103000137,339,648,-309
103000138,480,717,-237
103000139,0,143,-143
103000140,171,22,149
103000141,21,212,-191
103000142,76,115,-39
103000143,94,202,-108
103000144,117,112,5
103000145,22,281,-259
103000150,94,54,40
103000152,183,504,-321
103000153,176,488,-312
103000156,5,119,-114
103000157,485,1,484
103000159,131,21,110
103000162,17,5,12
103000163,7,12,-5
103000164,6,7,-1
103000165,44,153,-109
103000166,298,453,-155
103000167,192,262,-70
103000168,184,136,48
103000169,166,495,-329
103000170,1239,163,1076
103000171,17,108,-91
103000172,607,143,464
103000173,862,139,723
103000174,288,204,84
103000175,360,70,290
103000176,770,739,31
103000177,140,320,-180
103000178,86,168,-82
103000179,99,21,78
103000183,426,95,331
103000185,233,45,188
103000186,242,56,186
103000187,772,89,683
103000188,20,111,-91
103000189,726,1234,-508
103000191,301,283,18
103000292,704,1606,-902
103000293,580,2806,-2226
103000295,62,96,-34
103000296,68,7,61
103000297,3,15,-12
103000504,5,8,-3
103000505,9,57,-48
103000506,3,88,-85
103000507,231,6,225
103000508,68,40,28
103000509,214,570,-356
103000514,66,0,66
103900001,0,21,-21
103900002,478,138,340
103900003,444,23,421
103900004,123,1,122
103900005,0,49,-49
103900006,0,3,-3
103900007,113,1,112
103900008,31,2,29
103900009,309,231,78
103900010,273,126,147
103900011,506,84,422
103900012,12,63,-51
103900013,69,20,49
103900014,82,13,69
103900015,77,3,74
103900016,158,94,64
103900017,60,65,-5
103900018,207,44,163
103900019,66,297,-231
103900020,244,413,-169
103900021,78,15,63
103900022,529,261,268
103900023,256,0,256
103900024,58,195,-137
103900025,31,27,4
103900026,2,0,2
103900027,264,206,58
103900028,41,229,-188
103900029,1207,155,1052
103900030,461,176,285
103900031,41,1,40
103900032,101,130,-29
103900033,48,43,5
103900034,29,31,-2
103900035,84,37,47
103900036,48,61,-13
103900037,150,30,120
103900038,81,187,-106
103900039,149,68,81
103900040,20,63,-43
103900041,66,16,50
103900042,72,49,23
103900043,343,42,301
103900044,31,760,-729
103900045,250,85,165
103900047,95,8,87
103900048,9,63,-54
103900049,53,1148,-1095
103900050,23,106,-83
103900051,0,26,-26
103900052,184,265,-81
103900053,304,104,200
103900054,184,110,74
103900055,409,161,248
103900056,46,15,31
103900057,140,63,77
103900058,416,128,288
103900059,0,41,-41
103900060,74,55,19
103900061,265,16,249
103900062,534,130,404
103900063,4,0,4
103900064,300,4,296
103900065,218,206,12
103900066,359,73,286
103900067,194,6,188
103900068,1,0,1
103900069,125,19,106
103900070,120,108,12
103900071,26,58,-32
103900072,45,43,2
103900073,48,74,-26
103900074,122,22,100
103900075,298,19,279
103900076,619,167,452
103900077,25,317,-292
103900078,246,22,224
103900079,115,183,-68
103900080,1,15,-14
103900081,17,34,-17
103900082,46,114,-68
103900083,2861,1743,1118
103900084,48,124,-76
103900085,48,77,-29
103900086,928,206,722
103900088,171,276,-105
103900089,48,97,-49
103900090,1,24,-23
103900091,467,150,317
103900092,734,413,321
103900093,33,285,-252
103900094,5,48,-43
103900095,187,162,25
103900096,74,75,-1
103900097,22,124,-102
103900098,370,91,279
103900099,235,34,201
103900100,283,64,219
103900101,109,558,-449
103900102,0,34,-34
103900104,4,15,-11
103900105,45,57,-12
103900106,0,99,-99
103900107,253,29,224
103900108,47,98,-51
103900109,151,28,123
103900110,199,30,169
103900111,162,142,20
103900112,25,59,-34
103900113,39,183,-144
103900114,398,111,287
103900115,144,168,-24
103900116,959,2371,-1412
103900117,88,17,71
103900119,23,104,-81
103900120,82,28,54
103900122,148,38,110
103900123,311,458,-147
103900124,59,145,-86
103900125,131,66,65
103900126,635,101,534
103900127,120,140,-20
103900128,111,30,81
103900131,18,74,-56
103900133,834,28,806
103900134,1,14,-13
103900135,0,1,-1
103900137,0,5,-5
103900138,226,35,191
103900139,292,3089,-2797
103900140,2,285,-283
103900141,154,24,130
103900142,292,47,245
103900143,101,2,99
103900144,0,19,-19
103900145,89,144,-55
103900146,170,89,81
103900147,376,82,294
103900148,361,135,226
103900149,342,171,171
103900150,3023,4482,-1459
103900151,4,123,-119
103900152,1207,138,1069
103900153,4,21,-17
103900154,288,2026,-1738
103900155,25,44,-19
103900156,72,43,29
103900157,126,45,81
103900158,185,42,143
103900159,185,18,167
103900160,40,12,28
103900161,53,78,-25
103900162,54,42,12
103900163,3,179,-176
103900167,4,84,-80
103900168,51,49,2
103900169,13,55,-42
103900170,1,23,-22
103900171,7,18,-11
103900172,1,32,-31
103900173,12,28,-16
103900174,218,24,194
103900175,13,62,-49
103900176,3,44,-41
103900177,20,17,3
103900178,81,10,71
103900179,49,9,40
103900180,8,13,-5
103900181,9,21,-12
103900182,14,12,2
103900184,104,72,32
103900185,32,506,-474
103900187,19,82,-63
103900188,75,21,54
103900189,71,5,66
103900190,78,38,40
103900191,11,45,-34
103900192,13,63,-50
103900193,36,107,-71
103900194,70,80,-10
103900195,1,93,-92
103900196,43,16,27
103900197,19,22,-3
103900198,16,26,-10
103900199,98,38,60
103900200,181,32,149
103900201,50,110,-60
103900202,6,32,-26
103900203,39,36,3
103900204,0,13,-13
103900207,0,6,-6
103900208,123,0,123
103900209,0,50,-50
103900210,35,41,-6
103900211,621,40,581
103900212,162,91,71
103900213,39,289,-250
103900214,233,317,-84
103900215,128,344,-216
103900216,2,102,-100
103900217,186,6,180
103900218,17,287,-270
103900219,198,156,42
103900233,74,8,66
103900235,15,163,-148
103900236,22,31,-9
103900242,0,3,-3
103900243,0,11,-11
103900244,122,95,27
103900245,96,82,14
103900246,8,11,-3
103900247,8,41,-33
103900248,1,28,-27
103900249,4,26,-22
103900250,44,71,-27
103900251,7,59,-52
103900253,2,43,-41
103900254,0,49,-49
103900255,3,35,-32
103900256,10,38,-28
103900257,461,336,125
103900258,7,5,2
103900259,8,2,6
103900261,27,0,27
103900262,53,1,52
103900263,10,75,-65
103900264,6,0,6
103900265,9,0,9
103900266,1,102,-101
103900267,0,32,-32
103900268,6,26,-20
103900269,195,8,187
103900270,44,50,-6
103900271,10,16,-6
103900272,54,16,38
103900273,82,6,76
103900274,228,0,228
103900275,86,6,80
103900276,3,8,-5
103900277,2,14,-12
103900278,4,17,-13
103900279,0,38,-38
103900280,1,8,-7
103900281,333,225,108
103900282,14,12,2
103900283,71,19,52
103900284,19,16,3
103900285,5,98,-93
103900286,25,122,-97
103900287,0,161,-161
103900288,6,197,-191
103900289,0,0,0
103900290,79,131,-52
103900291,27,3,24
103900292,4,1,3
103900293,1,5,-4
103900294,0,5,-5
104000001,2871,1816,1055
104000002,1705,1775,-70
104000003,1966,1692,274
104000004,2100,2069,31
104000005,2292,2062,230
104000006,2829,2080,749
104000007,3167,2198,969
104000008,177,176,1
104000009,266,115,151
104000010,160,398,-238
104000011,308,178,130
104000012,91,210,-119
104000013,379,319,60
104000014,210,290,-80
104000015,441,119,322
104000016,279,215,64
104000018,875,199,676
104000019,612,220,392
104000020,74,192,-118
104000021,283,163,120
104000022,271,253,18
104000023,1257,399,858
104000024,197,260,-63
104000026,88,154,-66
104000027,223,164,59
104000028,448,267,181
104000029,336,206,130
104000030,412,213,199
104000031,1061,315,746
104000032,110,120,-10
104000033,701,479,222
104000034,313,92,221
104000035,1129,248,881
104000036,1259,328,931
104000037,242,116,126
104000038,235,301,-66
104000039,128,80,48
104000040,134,318,-184
104000041,1026,421,605
104000042,63,50,13
104000043,190,206,-16
104000044,274,338,-64
104000045,654,469,185
104000046,465,748,-283
104000047,447,641,-194
104000048,601,639,-38
104000049,747,278,469
104000050,140,689,-549
104000051,233,576,-343
104000052,2742,1912,830
104000053,847,321,526
104000054,301,95,206
104000055,2123,1705,418
104000056,548,330,218
104000057,261,336,-75
104000058,1271,1494,-223
104000059,497,712,-215
104000060,1229,1603,-374
104000061,1116,675,441
104000062,658,151,507
104000064,515,349,166
104000065,114,503,-389
104000069,410,1533,-1123
104000070,48,432,-384
104000071,365,354,11
104000072,630,345,285
104000075,67,208,-141
104000076,457,56,401
104000082,2006,3095,-1089
104000083,575,174,401
104000084,72,275,-203
104000085,422,238,184
104000086,238,348,-110
104000087,254,1414,-1160
104000090,1195,579,616
104000092,1563,774,789
104000094,660,545,115
104000095,2821,1410,1411
104000096,1992,73,1919
104000097,2476,416,2060
104000098,3377,451,2926
104000100,2163,651,1512
104000101,1149,952,197
104000106,73,540,-467
104000107,606,150,456
104000108,158,201,-43
104000109,291,127,164
104000110,503,813,-310
104000111,1766,2721,-955
104000112,608,391,217
104000116,0,364,-364
104000117,286,213,73
104000118,1092,100,992
104000119,642,232,410
104000120,236,300,-64
104000121,321,437,-116
104000122,1113,557,556
104000123,544,481,63
104000124,376,758,-382
104000125,1742,4533,-2791
104000126,631,530,101
104000127,1122,1184,-62
104000128,528,146,382
104000129,362,12,350
104000130,8,266,-258
104000131,267,504,-237
104000132,302,924,-622
104000133,1411,611,800
104000134,1116,1286,-170
104000135,624,1361,-737
104000136,647,2891,-2244
104000137,1842,294,1548
104000138,1103,334,769
104000139,2785,1639,1146
104000141,946,467,479
104000142,584,351,233
104000143,665,270,395
104000144,129,167,-38
104000145,372,164,208
104000146,102,439,-337
104000147,135,241,-106
104000148,464,109,355
104000149,154,53,101
104000150,1014,439,575
104000151,245,131,114
104000152,624,253,371
104000153,789,493,296
104000154,642,180,462
104000155,501,718,-217
104000157,1501,972,529
104000158,99,489,-390
104000159,759,657,102
104000160,1667,1956,-289
104000161,352,117,235
104000162,150,130,20
104000165,671,742,-71
104000167,1500,1823,-323
104000168,678,6,672
104000169,200,39,161
104000170,186,389,-203
104000248,323,351,-28
104000251,67,111,-44
104000272,0,0,0
104000273,0,0,0
104000274,0,0,0
104000275,0,0,0
104000279,1510,1947,-437
104000290,61,241,-180
104000291,723,1297,-574
104000293,1342,1499,-157
104000294,93,0,93
104000295,613,534,79
104000296,591,489,102
104000297,679,1541,-862
104000298,1443,785,658
104000299,764,880,-116
104000302,164,117,47
104000303,206,202,4
104900001,61,165,-104
104900002,76,210,-134
104900003,49,130,-81
104900004,50,103,-53
104900005,428,254,174
104900006,562,56,506
104900007,466,134,332
104900009,76,86,-10
104900010,59,20,39
104900011,32,13,19
104900012,123,26,97
104900013,87,5,82
104900014,1021,173,848
104900015,85,0,85
104900016,108,98,10
104900017,94,147,-53
104900018,28,69,-41
104900019,115,4703,-4588
104900020,45,163,-118
104900021,0,8,-8
104900022,3,481,-478
104900023,0,11,-11
104900024,10,1766,-1756
104900025,43,178,-135
104900026,0,39,-39
104900027,594,282,312
104900028,9,191,-182
104900029,11,9,2
104900030,528,132,396
104900031,53,216,-163
104900032,59,35,24
104900033,180,117,63
104900034,301,108,193
104900035,383,126,257
104900036,231,31,200
104900037,136,151,-15
104900038,92,1170,-1078
104900039,149,194,-45
104900040,460,15,445
104900041,283,130,153
104900042,203,205,-2
104900043,29,298,-269
104900044,817,112,705
104900045,257,27,230
104900046,359,61,298
104900047,395,85,310
104900048,350,47,303
104900049,54,35,19
104900050,415,44,371
104900051,286,8,278
104900052,163,1,162
104900053,372,48,324
104900054,136,12,124
104900055,243,0,243
104900056,229,18,211
104900057,42,0,42
104900058,295,365,-70
104900059,69,44,25
104900061,80,194,-114
104900063,10,340,-330
104900064,0,77,-77
104900065,8,192,-184
104900066,3,46,-43
104900067,1,231,-230
104900068,59,122,-63
104900070,68,148,-80
104900071,1,278,-277
104900072,42,127,-85
104900073,40,25,15
104900074,44,70,-26
104900075,41,12,29
104900076,124,88,36
104900077,322,137,185
104900078,128,132,-4
104900079,83,839,-756
104900080,90,218,-128
104900082,20,166,-146
104900085,4,80,-76
104900089,474,0,474
104900091,399,278,121
104900093,131,196,-65
104900097,949,2617,-1668
104900098,199,20,179
104900099,37,534,-497
104900100,320,149,171
104900102,30,67,-37
104900103,264,28,236
104900106,251,76,175
104900107,80,91,-11
104900108,20,75,-55
104900109,96,111,-15
104900110,15,57,-42
104900111,434,41,393
104900112,261,236,25
104900113,851,170,681
104900114,490,254,236
104900115,926,121,805
104900116,444,85,359
104900118,9,17,-8
104900119,0,21,-21
104900120,10,813,-803
104900121,0,17,-17
104900122,0,17,-17
104900123,94,8,86
104900124,82,0,82
104900125,348,38,310
104900126,15,25,-10
104900127,13,26,-13
104900128,66,57,9
104900129,648,2296,-1648
105000001,3174,1271,1903
105000002,2594,1553,1041
105000003,2295,3680,-1385
105000004,852,615,237
105000005,1188,1002,186
105000006,1163,1594,-431
105000007,1439,2335,-896
105000008,851,3793,-2942
105000009,2742,3109,-367
105000010,2058,778,1280
105000011,3181,3047,134
105000012,2021,1455,566
105000013,1158,1220,-62
105000014,2663,3392,-729
105000015,6439,12023,-5584
105000016,896,878,18
105000017,1190,666,524
105000018,909,1530,-621
105000019,588,1077,-489
105000020,117,479,-362
105000021,186,207,-21
105000022,117,230,-113
105000023,518,183,335
105000028,39,43,-4
105000029,554,1374,-820
105000030,2207,1349,858
105000031,9,22,-13
105000033,870,910,-40
105000034,150,968,-818
105000037,425,214,211
105000038,1115,1510,-395
105000039,1142,718,424
105000040,722,1171,-449
105000041,208,657,-449
105000042,1801,1374,427
105000043,710,994,-284
105000044,591,419,172
105000045,201,224,-23
105000046,815,247,568
105000047,368,344,24
105000048,784,267,517
105000049,193,367,-174
105000050,966,415,551
105000051,143,239,-96
105000052,596,665,-69
105000053,75,79,-4
105000054,409,646,-237
105000055,625,150,475
105000056,1485,1128,357
105000057,1042,341,701
105000058,853,537,316
105000059,847,578,269
105000060,379,214,165
105000061,1434,615,819
105000062,420,314,106
105000063,313,234,79
105000064,2081,575,1506
105000065,276,540,-264
105000066,559,945,-386
105000067,1678,948,730
105000068,258,672,-414
105000069,1330,2226,-896
105000070,361,1251,-890
105000071,192,1728,-1536
105000072,1204,4802,-3598
105000073,1078,720,358
105000074,515,369,146
105000075,497,400,97
105000076,937,763,174
105000077,1476,705,771
105000078,617,995,-378
105000079,757,2429,-1672
105000080,1440,1360,80
105000081,1228,1005,223
105000082,550,1644,-1094
105000083,1747,2829,-1082
105000084,444,489,-45
105000085,1959,1936,23
105000086,687,752,-65
105000087,1413,1252,161
105000088,1482,2068,-586
105000089,1442,1043,399
105000090,411,423,-12
105000091,596,1040,-444
105000092,540,1100,-560
105000093,302,415,-113
105000094,196,202,-6
105000095,118,512,-394
105000096,1079,1478,-399
105000097,470,513,-43
105000098,1097,924,173
105000099,530,695,-165
105000100,1800,792,1008
105000101,2163,1038,1125
105000102,1313,1078,235
105000103,941,1527,-586
105000104,1731,658,1073
105000105,986,1082,-96
105000106,1240,880,360
105000107,1289,449,840
105000108,1535,948,587
105000109,2225,895,1330
105000110,845,407,438
105000111,1413,330,1083
105000112,857,500,357
105000113,546,558,-12
105000114,1355,1321,34
105000115,324,1593,-1269
105000116,1129,483,646
105000117,680,681,-1
105000118,733,270,463
105000119,388,430,-42
105000120,1411,510,901
105000121,616,413,203
105000122,364,530,-166
105000123,457,468,-11
105000124,2073,468,1605
105000125,845,771,74
105000126,1794,1015,779
105000127,2373,1037,1336
105000128,533,838,-305
105000129,1030,216,814
105000130,198,2824,-2626
105000131,428,89,339
105000132,1325,663,662
105000133,428,530,-102
105000134,1127,503,624
105000135,350,553,-203
105000136,87,176,-89
105000137,682,223,459
105000138,133,166,-33
105000139,724,404,320
105000140,475,249,226
105000141,380,199,181
105000142,296,294,2
105000143,143,277,-134
105000144,273,398,-125
105000145,637,182,455
105000146,291,493,-202
105000147,616,263,353
105000148,810,739,71
105000149,2373,2110,263
105000150,1000,752,248
105000151,624,383,241
105000152,169,296,-127
105000153,856,584,272
105000154,517,405,112
105000155,439,596,-157
105000156,249,521,-272
105000157,484,1291,-807
105000158,2038,913,1125
105000159,308,918,-610
105000160,3605,838,2767
105000161,525,1016,-491
105000162,844,2540,-1696
105000163,813,772,41
105000164,119,321,-202
105000165,647,8563,-7916
105000166,4149,1305,2844
105000167,892,2111,-1219
105000168,406,268,138
105000169,739,142,597
105000170,267,756,-489
105000171,1195,91,1104
105000172,214,34,180
105000173,303,33,270
105000174,89,27,62
105000175,106,65,41
105000176,510,50,460
105000177,463,196,267
105000178,318,258,60
105000179,890,63,827
105000180,284,56,228
105000181,202,124,78
105000182,94,29,65
105000183,1423,2071,-648
105000184,728,796,-68
105000185,559,1051,-492
105000186,499,470,29
105000187,670,164,506
105000188,164,147,17
105000189,105,490,-385
105000190,209,232,-23
105000191,333,275,58
105000192,223,63,160
105000193,72,88,-16
105000194,729,113,616
105000195,232,409,-177
105000196,61,283,-222
105000197,176,369,-193
105000198,243,166,77
105000199,81,627,-546
105000200,103,354,-251
105000201,60,30,30
105000203,8,89,-81
105000204,74,63,11
105000205,115,96,19
105000207,136,116,20
105000208,175,440,-265
105000209,159,163,-4
105000211,457,17,440
105000212,1221,350,871
105000213,43,176,-133
105000214,114,103,11
105000215,234,99,135
105000216,271,66,205
105000217,205,138,67
105000218,1836,838,998
105000221,118,155,-37
105000222,381,96,285
105000223,374,106,268
105000226,92,133,-41
105000227,73,80,-7
105000228,79,1814,-1735
105000229,237,506,-269
105000231,407,263,144
105000233,749,628,121
105000234,464,610,-146
105000235,461,426,35
105000237,1215,62,1153
105000243,27,16,11
105000248,43,70,-27
105000262,324,403,-79
105000269,108,95,13
105000270,533,11,522
105000271,0,133,-133
105000282,49,57,-8
105000287,244,64,180
105000288,639,258,381
105000289,701,1583,-882
105000290,27,15,12
105000402,1489,3029,-1540
105000426,126,339,-213
105000438,1066,1003,63
105000440,30,12,18
105000446,4727,3358,1369
105000447,1580,1124,456
105000454,712,126,586
105000455,206,108,98
105000474,75,0,75
105000477,709,427,282
105000478,2060,5031,-2971
105000479,102,178,-76
105000480,4193,6719,-2526
105000481,4214,4297,-83
105000482,1807,2958,-1151
105000483,1754,3006,-1252
105000484,1035,1403,-368
105000485,914,2955,-2041
105000486,1160,1713,-553
105000488,2796,1777,1019
105000489,1202,920,282
105000549,97,95,2
105000550,290,906,-616
105000551,22,72,-50
105000552,1830,952,878
105000555,1056,1422,-366
105000556,87,18,69
105000557,70,175,-105
105900001,4,1598,-1594
105900002,373,803,-430
105900003,23,120,-97
105900004,138,65,73
105900005,29,132,-103
105900006,9,47,-38
105900007,22,13,9
105900008,68,181,-113
105900009,21,17,4
105900011,73,14,59
105900012,293,28,265
105900013,6,14,-8
105900014,2,40,-38
105900015,68,176,-108
105900016,371,146,225
105900017,1277,26,1251
105900018,126,120,6
105900019,52,120,-68
105900020,79,63,16
105900021,14,144,-130
105900022,179,104,75
105900023,12,56,-44
105900024,3,220,-217
105900025,227,12,215
105900026,195,10,185
105900027,8924,3594,5330
105900028,152,208,-56
105900029,1910,265,1645
105900030,151,244,-93
105900031,302,166,136
105900032,108,131,-23
105900033,50,54,-4
105900034,312,124,188
105900035,232,96,136
105900036,109,51,58
105900037,185,28,157
105900038,121,168,-47
105900039,129,80,49
105900040,102,83,19
105900041,149,85,64
105900042,138,138,0
105900043,671,26,645
105900044,0,256,-256
105900045,3,992,-989
105900046,5,191,-186
105900047,15,49,-34
105900048,108,295,-187
105900050,2492,5233,-2741
105900051,72,792,-720
105900052,660,147,513
105900053,1322,2851,-1529
105900054,138,132,6
105900056,217,303,-86
105900057,4,82,-78
105900058,12,8,4
105900059,0,52,-52
106000001,1409,1741,-332
106000002,653,2560,-1907
106000003,2291,3368,-1077
106000004,1064,1602,-538
106000005,3254,3605,-351
106000006,3628,1431,2197
106000007,412,359,53
106000008,377,232,145
106000009,475,200,275
106000010,314,334,-20
106000011,1539,834,705
106000012,693,667,26
106000013,1791,1474,317
106000014,1374,959,415
106000015,2230,931,1299
106000016,1025,1045,-20
106000017,494,726,-232
106000018,389,440,-51
106000019,380,317,63
106000020,278,221,57
106000021,406,521,-115
106000022,366,121,245
106000023,811,345,466
106000024,385,251,134
106000025,151,157,-6
106000026,55,139,-84
106000027,1894,1272,622
106000028,570,154,416
106000029,475,510,-35
106000030,153,427,-274
106000034,102,282,-180
106000035,572,1502,-930
106000036,145,244,-99
106000037,742,989,-247
106000038,56,86,-30
106000039,44,96,-52
106000040,68,763,-695
106000041,606,434,172
106000043,497,226,271
106000046,260,65,195
106000047,23,437,-414
106000049,1257,161,1096
106000050,149,219,-70
106000051,790,297,493
106000052,95,200,-105
106000053,506,118,388
106000054,201,104,97
106000055,810,444,366
106000056,203,154,49
106000057,471,146,325
106000058,119,59,60
106000059,470,186,284
106000060,176,207,-31
106000061,179,586,-407
106000062,97,223,-126
106000063,824,612,212
106000064,12,153,-141
106000065,388,163,225
106000066,104,135,-31
106000067,409,61,348
106000068,105,311,-206
106000069,267,72,195
106000070,263,299,-36
106000071,640,254,386
106000072,2342,1108,1234
106000073,1189,4553,-3364
106000074,691,586,105
106000075,359,920,-561
106000076,1091,1157,-66
106000077,1605,710,895
106000078,1160,374,786
106000079,839,485,354
106000080,1075,263,812
106000081,1069,656,413
106000082,1393,441,952
106000083,483,971,-488
106000084,698,434,264
106000085,1112,1001,111
106000086,446,503,-57
106000087,619,349,270
106000088,398,530,-132
106000089,933,211,722
106000090,237,444,-207
106000091,225,239,-14
106000092,868,180,688
106000093,435,85,350
106000094,57,169,-112
106000095,919,456,463
106000096,950,350,600
106000097,1168,506,662
106000098,843,417,426
106000099,178,554,-376
106000100,1161,151,1010
106000101,609,849,-240
106000102,112,406,-294
106000103,262,256,6
106000104,406,140,266
106000105,402,356,46
106000106,827,195,632
106000107,171,161,10
106000108,632,176,456
106000109,177,119,58
106000110,399,115,284
106000111,163,164,-1
106000112,386,317,69
106000113,493,381,112
106000114,448,647,-199
106000115,267,372,-105
106000116,664,545,119
106000117,631,382,249
106000118,1299,1131,168
106000119,919,379,540
106000120,844,1198,-354
106000121,333,136,197
106000122,216,92,124
106000123,763,88,675
106000124,162,59,103
106000125,53,130,-77
106000126,528,41,487
106000127,989,365,624
106000128,938,166,772
106000129,1167,320,847
106000130,980,531,449
106000131,71,655,-584
106000132,605,103,502
106000133,1467,1515,-48
106000134,336,2770,-2434
106000135,175,605,-430
106000136,655,1093,-438
106000137,106,567,-461
106000138,2153,81,2072
106000139,62,51,11
106000140,42,34,8
106000141,113,26,87
106000142,123,44,79
106000143,31,34,-3
106000144,58,79,-21
106000145,372,69,303
106000146,493,91,402
106000147,745,274,471
106000148,1197,456,741
106000149,630,304,326
106000150,665,2073,-1408
106000151,2012,535,1477
106000152,641,3007,-2366
106000153,91,1563,-1472
106000154,967,124,843
106000155,144,269,-125
106000156,1142,117,1025
106000157,480,1299,-819
106000158,1022,730,292
106000159,1833,1854,-21
106000160,396,3522,-3126
106000161,851,136,715
106000162,422,1245,-823
106000163,374,206,168
106000164,920,208,712
106000165,297,229,68
106000166,1058,179,879
106000167,221,422,-201
106000168,810,139,671
106000169,242,199,43
106000170,922,119,803
106000171,192,720,-528
106000172,2304,942,1362
106000173,612,1877,-1265
106000174,1131,226,905
106000175,178,439,-261
106000176,1876,597,1279
106000177,617,1174,-557
106000178,2533,1215,1318
106000179,368,875,-507
106000180,571,425,146
106000181,990,903,87
106000182,1574,373,1201
106000183,1670,247,1423
106000184,1386,364,1022
106000185,1058,877,181
106000186,417,33,384
106000187,39,807,-768
106000188,0,0,0
106000189,20,43,-23
106000190,40,1,39
106000191,455,57,398
106000192,0,2,-2
106000193,272,131,141
106000194,51,161,-110
106000195,142,45,97
106000196,28,157,-129
106000197,536,103,433
106000198,161,71,90
106000199,463,766,-303
106000200,197,152,45
106000201,364,3423,-3059
106000202,1893,400,1493
106000203,15,308,-293
106000204,42,5,37
106000205,12,128,-116
106000206,136,16,120
106000207,17,249,-232
106000208,1237,135,1102
106000209,1743,326,1417
106000210,207,425,-218
106000211,141,802,-661
106000212,963,437,526
106000213,144,796,-652
106000214,899,231,668
106000215,266,298,-32
106000216,545,192,353
106000217,170,239,-69
106000218,369,248,121
106000219,146,193,-47
106000220,746,277,469
106000221,236,80,156
106000222,117,45,72
106000223,451,83,368
106000224,309,64,245
106000225,151,143,8
106000226,61,76,-15
106000228,81,86,-5
106000229,92,407,-315
106000231,1043,83,960
106000232,54,204,-150
106000233,348,64,284
106000234,82,154,-72
106000235,248,129,119
106000236,58,56,2
106000237,1,6,-5
106000238,16,27,-11
106000239,0,73,-73
106000240,39,3,36
106000241,12,543,-531
106000242,217,21,196
106000249,63,43,20
106000250,68,481,-413
106000251,104,9,95
106000252,6,25,-19
106000253,44,67,-23
106000254,57,11,46
106000255,34,109,-75
106000256,83,17,66
106000257,110,124,-14
106000258,93,36,57
106000259,7,47,-40
106000260,13,13,0
106000261,0,36,-36
106000262,76,11,65
106000263,17,26,-9
106000264,101,4,97
106000265,6,88,-82
106000266,119,15,104
106000267,2,66,-64
106000268,185,60,125
106000269,22,34,-12
106000270,50,168,-118
106000271,77,69,8
106000272,102,18,84
106000273,28,120,-92
106000274,96,6,90
106000275,141,140,1
106000276,17,14,3
106000277,108,194,-86
106000278,66,18,48
106000279,4,7,-3
106000280,55,31,24
106000281,97,35,62
106000282,58,30,28
106000283,111,23,88
106000284,155,47,108
106000285,68,43,25
106000286,157,66,91
106000287,101,50,51
106000288,86,89,-3
106000289,81,61,20
106000290,81,41,40
106000291,79,107,-28
106000292,96,32,64
106000293,144,82,62
106000294,43,42,1
106000295,34,42,-8
106000296,46,32,14
106000297,30,181,-151
106000298,44,64,-20
106000299,61,85,-24
106000300,34,50,-16
106000301,55,83,-28
106000303,24,26,-2
106000304,23,9,14
106000305,32,23,9
106000306,28,19,9
106000307,133,16,117
106000308,34,63,-29
106000309,29,49,-20
106000310,327,388,-61
106000311,467,91,376
106000312,233,148,85
106000313,319,104,215
106000318,29,289,-260
106000319,977,209,768
106000320,0,59,-59
106000321,106,98,8
106000322,202,51,151
106000324,23,66,-43
106000325,1890,705,1185
106000326,744,875,-131
106000327,254,58,196
106000328,28,77,-49
106000329,50,147,-97
106000330,38,53,-15
106000428,79,171,-92
106000429,154,251,-97
106000430,239,772,-533
106000431,2237,380,1857
106000432,817,1612,-795
106000433,2028,1213,815
106000434,3134,959,2175
106000435,813,1704,-891
106000436,25,101,-76
106000437,277,35,242
106000438,197,155,42
106000439,43,318,-275
106000440,435,617,-182
106000441,1,0,1
106000442,234,4,230
106000443,193,154,39
106000450,0,57,-57
106000451,21,75,-54
106000454,5,122,-117
106000455,5,110,-105
106000456,82,19,63
106000457,41,265,-224
106000458,803,57,746
106000459,259,71,188
106000460,1200,9,1191
106000461,139,240,-101
106000462,0,55,-55
106000463,9,6,3
106000464,7,698,-691
106000465,655,1,654
106000466,0,276,-276
106000467,285,234,51
106000468,102,85,17
106000469,52,1,51
106000470,143,1720,-1577
106000471,8,249,-241
106000472,110,9,101
106000473,44,9,35
106000474,569,225,344
106000475,989,160,829
106000476,357,465,-108
106000477,39,78,-39
106000480,2,402,-400
106900001,0,11,-11
106900002,0,197,-197
106900003,54,241,-187
106900004,0,4,-4
106900006,0,7,-7
106900007,0,4,-4
106900008,518,63,455
106900009,385,147,238
106900010,290,132,158
106900012,688,2530,-1842
106900013,226,53,173
106900014,36,2,34
106900015,2,1,1
106900016,473,15,458
106900017,25,0,25
106900018,7,1,6
106900019,88,2,86
106900020,1347,1787,-440
106900021,199,83,116
106900022,1255,2,1253
106900023,1,63,-62
106900024,364,19,345
106900025,7,203,-196
106900026,0,138,-138
106900027,990,5,985
106900028,7,192,-185
106900029,181,35,146
106900030,6,188,-182
107000001,2310,5485,-3175
107000002,1234,1919,-685
107000003,6861,5972,889
107000004,2460,1503,957
107000005,7290,5712,1578
107000006,2518,1345,1173
107000007,5504,7686,-2182
107000008,3537,2614,923
107000009,8790,7507,1283
107000010,4435,3525,910
107000011,507,636,-129
107000012,1529,1227,302
107000013,171,23,148
107000014,46,59,-13
107000015,406,241,165
107000016,744,307,437
107000017,535,2502,-1967
107000018,8,2169,-2161
107000020,534,2731,-2197
107000021,980,368,612
107000022,750,1801,-1051
107000023,1410,184,1226
107000024,485,1383,-898
107000025,250,263,-13
107000026,332,331,1
107000027,1466,609,857
107000028,1186,638,548
107000029,3562,2769,793
107000030,1888,1254,634
107000031,4629,2001,2628
107000032,255,558,-303
107000033,1756,2489,-733
107000034,4236,815,3421
107000035,318,167,151
107000036,356,1066,-710
107000037,150,614,-464
107000038,262,128,134
107000039,940,662,278
107000040,174,155,19
107000041,1085,677,408
107000042,426,1782,-1356
107000043,1409,1006,403
107000044,239,223,16
107000045,50,152,-102
107000046,722,382,340
107000047,455,428,27
107000048,724,298,426
107000049,427,592,-165
107000050,797,510,287
107000051,122,219,-97
107000052,940,1256,-316
107000053,355,372,-17
107000054,39,152,-113
107000055,370,128,242
107000056,346,329,17
107000057,1325,125,1200
107000058,1559,2102,-543
107000059,1461,1916,-455
107000060,4912,4895,17
107000061,3165,1676,1489
107000062,5652,2550,3102
107000063,3123,1802,1321
107000064,4958,2746,2212
107000065,2057,2216,-159
107000066,1410,2768,-1358
107000067,1172,1424,-252
107000068,739,1272,-533
107000069,1209,683,526
107000070,997,13,984
107000071,3666,31,3635
107000072,20,901,-881
107000073,812,652,160
107000074,76,428,-352
107000075,1859,451,1408
107000076,203,590,-387
107000077,3411,1077,2334
107000078,785,1249,-464
107000079,2580,767,1813
107000080,434,1345,-911
107000081,2622,514,2108
107000082,436,499,-63
107000083,1624,603,1021
107000084,164,587,-423
107000085,2702,2990,-288
107000086,1970,1914,56
107000087,3200,2397,803
107000088,2164,2314,-150
107000089,1916,2065,-149
107000090,934,550,384
107000091,1815,1173,642
107000092,767,643,124
107000093,1204,1269,-65
107000094,698,650,48
107000095,860,537,323
107000096,399,369,30
107000097,968,226,742
107000098,354,329,25
107000099,534,278,256
107000100,179,194,-15
107000101,102,198,-96
107000102,210,173,37
107000103,282,223,59
107000104,149,181,-32
107000105,504,129,375
107000106,83,146,-63
107000107,636,82,554
107000108,110,375,-265
107000109,798,129,669
107000110,76,180,-104
107000111,630,48,582
107000112,51,115,-64
107000113,1130,54,1076
107000114,72,267,-195
107000115,982,477,505
107000116,89,365,-276
107000117,110,1807,-1697
107000118,56,87,-31
107000119,963,1643,-680
107000120,758,646,112
107000121,1048,549,499
107000122,712,405,307
107000123,601,388,213
107000124,644,278,366
107000125,1125,296,829
107000126,1211,246,965
107000129,181,310,-129
107000130,810,194,616
107000131,189,312,-123
107000132,492,284,208
107000133,321,239,82
107000134,214,1,213
107000135,1,274,-273
107000136,533,1,532
107000137,13,571,-558
107000138,76,11,65
107000139,9,657,-648
107000140,1471,39,1432
107000141,73,727,-654
107000142,466,52,414
107000143,45,541,-496
107000144,653,486,167
107000145,100,286,-186
107000146,180,284,-104
107000147,3819,660,3159
107000150,335,3025,-2690
107000151,23,61,-38
107000152,1073,2308,-1235
107000153,51,181,-130
107000154,23,298,-275
107000155,708,5,703
107000156,1079,6,1073
107000157,69,321,-252
107000158,1015,11,1004
107000159,22,373,-351
107000160,1743,146,1597
107000161,33,369,-336
107000162,316,595,-279
107000163,148,0,148
107000164,811,0,811
107000165,1491,3,1488
107000166,20,256,-236
107000167,982,141,841
107000168,978,440,538
107000169,303,372,-69
107000170,3061,538,2523
107000171,414,502,-88
107000172,1539,1596,-57
107000173,340,389,-49
107000174,1138,6028,-4890
107000175,2359,646,1713
107000176,0,0,0
107000177,0,1,-1
107000178,36,11,25
107000179,327,602,-275
107000180,2158,116,2042
107000181,474,430,44
107000182,2136,457,1679
107000183,187,384,-197
107000184,1370,364,1006
107000185,274,625,-351
107000186,1219,274,945
107000187,982,930,52
107000188,471,377,94
107000189,563,604,-41
107000190,581,491,90
107000191,988,856,132
107000192,1500,413,1087
107000193,367,512,-145
107000194,717,559,158
107000197,931,186,745
107000198,243,375,-132
107000199,1174,487,687
107000200,610,474,136
107000201,258,423,-165
107000202,373,400,-27
107000203,478,1709,-1231
107000204,473,1847,-1374
107000205,818,610,208
107000206,332,1569,-1237
107000207,455,1273,-818
107000208,502,522,-20
107000209,536,781,-245
107000210,161,140,21
107000211,4,42,-38
107000212,5,156,-151
107000213,14,19,-5
107000214,41,45,-4
107000215,499,154,345
107000216,520,329,191
107000217,138,151,-13
107000219,84,220,-136
107000220,101,95,6
107000222,222,239,-17
107000224,466,47,419
107000225,85,130,-45
107000226,517,56,461
107000227,75,87,-12
107000228,300,395,-95
107000229,28,140,-112
107000230,959,365,594
107000231,465,2054,-1589
107000232,139,9,130
107000233,194,1026,-832
107000234,2,47,-45
107000235,123,28,95
107000236,4,393,-389
107000237,18,0,18
107000238,14,2,12
107000239,1457,502,955
107000240,59,216,-157
107000243,0,45,-45
107000244,7,35,-28
107000246,5,662,-657
107000249,1,718,-717
107000251,1,136,-135
107000252,2,305,-303
107000255,157,261,-104
107000257,1,238,-237
107000258,4,151,-147
107000259,3,110,-107
107000260,1731,10,1721
107000262,9,132,-123
107000263,413,4,409
107000266,4,11,-7
107000267,11,82,-71
107000268,120,53,67
107000269,38,4,34
107000270,258,69,189
107000271,14,0,14
107000272,144,0,144
107000273,2,157,-155
107000274,329,0,329
107000275,130,1465,-1335
107000280,1190,21,1169
107000281,21,220,-199
107000282,78,230,-152
107000290,16,38,-22
107000291,33,8,25
107000292,0,415,-415
107000293,13,16,-3
107000294,0,51,-51
107000295,55,5,50
107000296,0,13,-13
107000444,232,7,225
107000496,0,6,-6
107000497,720,857,-137
107000500,285,314,-29
107000501,136,155,-19
107000502,252,353,-101
107000505,295,487,-192
107000506,0,0,0
107000508,1,133,-132
107000509,148,575,-427
107000510,27,37,-10
107000514,33,307,-274
107000515,39,65,-26
107000516,597,261,336
107000518,1467,2739,-1272
107000519,939,418,521
107000520,104,31,73
107000521,753,128,625
107000522,1355,326,1029
107900001,140,36,104
107900002,47,5,42
107900003,425,17,408
107900004,4,0,4
107900005,2195,6,2189
107900006,178,17,161
107900007,341,49,292
107900008,19,3,16
107900009,82,3,79
107900010,60,2,58
107900012,282,47,235
107900013,132,15,117
107900014,82,0,82
107900015,1095,11,1084
107900016,435,45,390
107900017,17,1,16
107900018,55,272,-217
107900019,3,6,-3
107900020,11,9,2
107900021,101,13,88
107900023,5,2,3
107900024,0,3,-3
107900025,220,106,114
107900026,99,10,89
107900027,8,34,-26
107900028,144,14,130
107900030,273,36,237
107900031,46,46,0
107900032,37,0,37
107900033,35,3,32
107900034,241,16,225
107900035,1461,65,1396
107900036,52,24,28
107900037,2,1,1
107900038,27,262,-235
107900039,43,19,24
107900040,8,150,-142
107900041,1,18,-17
107900043,73,60,13
107900044,19,9,10
107900045,199,39,160
107900046,260,259,1
107900047,57,6,51
107900048,332,40,292
107900049,154,628,-474
107900050,25,98,-73
107900051,31,12,19
107900052,3,20,-17
107900053,95,34,61
107900055,297,165,132
107900056,115,136,-21
107900057,3,0,3
107900058,6,207,-201
107900060,5,32,-27
107900061,2,9,-7
107900063,48,83,-35
107900064,112,340,-228
107900065,368,6,362
107900066,10,10,0
107900067,2,0,2
107900068,57,1227,-1170
107900069,16,2809,-2793
107900070,139,99,40
107900071,8,135,-127
107900072,189,11,178
107900073,122,32,90
107900074,152,292,-140
107900076,134,14,120
107900077,103,1,102
107900079,13,11,2
107900080,115,1050,-935
107900081,55,42,13
107900082,1,4,-3
107900083,357,166,191
107900084,128,47,81
107900086,36,236,-200
107900087,157,76,81
107900088,62,11,51
107900089,183,421,-238
107900090,260,1913,-1653
107900091,89,106,-17
107900093,37,34,3
107900095,836,1254,-418
107900097,14,49,-35
107900098,48,146,-98
107900100,749,1347,-598
107900101,305,39,266
107900102,31,0,31
107900103,44,127,-83
107900104,109,1,108
107900105,1,105,-104
107900106,3,280,-277
107900107,676,362,314
107900108,133,57,76
107900109,1853,47,1806
107900110,53,27,26
107900111,5,226,-221
107900112,45,376,-331
107900113,175,41,134
107900114,274,34,240
107900115,0,14,-14
107900116,268,38,230
107900117,134,76,58
107900118,15,57,-42
107900119,101,131,-30
107900120,25,41,-16
107900121,4,59,-55
107900122,1,45,-44
107900123,28,40,-12
107900124,7,53,-46
107900125,39,154,-115
107900126,38,64,-26
107900127,293,279,14
107900128,40,49,-9
107900129,109,25,84
107900130,87,3,84
107900131,108,547,-439
107900132,32,184,-152
107900133,2,12,-10
107900134,21,94,-73
107900135,9,80,-71
107900136,17,22,-5
107900137,64,64,0
107900138,121,19,102
107900139,76,14,62
107900141,31,10,21
107900142,11,429,-418
107900143,12,5,7
107900144,0,86,-86
107900145,10,31,-21
107900146,14,87,-73
107900147,19,22,-3
107900148,47,47,0
107900149,350,73,277
107900150,14,194,-180
107900151,46,18,28
107900152,18,61,-43
107900153,51,169,-118
107900154,41,17,24
107900155,54,39,15
107900156,3,47,-44
107900157,18,34,-16
107900158,982,21,961
107900159,9,199,-190
107900160,175,36,139
107900161,51,24,27
107900162,0,24,-24
107900163,10,37,-27
107900164,11,37,-26
107900165,37,251,-214
107900166,39,27,12
107900167,6,29,-23
107900168,78,15,63
107900169,0,101,-101
107900171,0,192,-192
107900172,1,71,-70
107900173,16,53,-37
107900174,134,1,133
107900175,4,44,-40
107900176,83,13,70
107900177,1,53,-52
107900178,0,40,-40
107900179,17,52,-35
107900180,327,991,-664
107900181,155,131,24
107900182,1,177,-176
107900183,63,30,33
107900184,67,63,4
107900185,151,10,141
107900186,21,8,13
107900187,0,47,-47
107900188,251,68,183
107900189,32,133,-101
107900190,19,132,-113
107900191,36,36,0
107900193,8,86,-78
107900194,120,10,110
107900195,555,108,447
107900196,111,12,99
107900197,154,321,-167
107900199,1,253,-252
107900201,86,30,56
107900203,13,10,3
107900204,149,82,67
107900206,438,471,-33
107900207,1,114,-113
107900208,19,107,-88
107900209,233,167,66
107900210,13,24,-11
107900213,128,260,-132
107900214,20,30,-10
107900215,69,303,-234
107900216,17,28,-11
107900217,22,32,-10
107900218,18,1104,-1086
107900219,16,17,-1
107900220,28,151,-123
107900221,60,98,-38
107900223,116,89,27
107900224,61,252,-191
107900225,5,135,-130
107900226,20,55,-35
107900227,73,151,-78
107900228,85,34,51
107900229,8,62,-54
107900230,18,12,6
107900231,9,65,-56
107900232,131,38,93
107900233,28,14,14
107900234,94,78,16
107900235,19,58,-39
107900236,360,46,314
107900237,8,106,-98
107900238,37,12,25
107900239,176,530,-354
107900240,25,22,3
107900241,5,11,-6
107900242,11,47,-36
107900243,0,28,-28
107900244,208,4,204
107900245,832,39,793
107900246,269,56,213
107900248,357,51,306
107900249,910,58,852
107900250,0,165,-165
107900251,10,448,-438
107900252,585,37,548
107900253,171,19,152
107900254,56,100,-44
107900255,83,42,41
107900256,194,845,-651
107900257,212,67,145
107900258,187,67,120
107900259,32,2587,-2555
107900261,0,53,-53
107900262,24,37,-13
107900264,619,48,571
107900265,122,93,29
107900267,423,6,417
107900268,4,1,3
107900269,0,0,0
107900270,3,0,3
107900271,5,41,-36
107900272,10,31,-21
107900273,44,51,-7
107900274,110,0,110
107900275,31,0,31
107900276,1,27,-26
107900277,1,44,-43
107900278,337,49,288
107900279,43,60,-17
107900280,2328,1098,1230
107900281,449,4384,-3935
107900282,48,977,-929
107900283,517,669,-152
107900284,602,121,481
107900285,133,10,123
107900286,10,32,-22
107900287,341,102,239
107900290,0,282,-282
107900291,495,36,459
107900292,93,38,55
107900293,54,89,-35
107900295,43,18,25
107900297,1,134,-133
107900298,361,243,118
107900299,1101,2406,-1305
107900301,712,799,-87
107900302,59,12,47
107900303,276,113,163
107900304,417,66,351
107900305,333,5,328
107900306,6,55,-49
107900307,41,119,-78
107900308,160,97,63
107900309,27,0,27
107900310,47,0,47
107900311,2,222,-220
107900312,36,0,36
107900313,0,87,-87
107900314,0,72,-72
107900315,0,48,-48
107900316,21,1,20
107900317,99,7,92
107900318,5,170,-165
107900319,9,34,-25
107900320,1,36,-35
107900321,176,1,175
107900322,0,28,-28
107900323,1,44,-43
107900324,55,6,49
107900325,123,0,123
107900326,415,56,359
107900327,1,110,-109
107900328,29,0,29
107900329,51,201,-150
107900330,2,59,-57
107900331,384,13,371
107900332,389,7,382
107900333,85,27,58
107900334,2,35,-33
107900335,14,34,-20
107900336,40,48,-8
107900337,301,994,-693
107900338,0,42,-42
107900339,0,5,-5
107900340,3,58,-55
107900341,51,0,51
107900342,101,62,39
107900343,41,1,40
107900344,4,24,-20
107900345,47,15,32
107900346,17,0,17
107900347,6,2,4
107900348,2,5,-3
107900349,19,5,14
107900350,9,104,-95
107900351,10,35,-25
107900352,3,5,-2
107900353,13,2,11
107900354,31,26,5
108000001,4168,3671,497
108000002,1439,1193,246
108000003,2790,3126,-336
108000004,7225,7923,-698
108000005,6623,5397,1226
108000006,3113,3219,-106
108000007,4816,4425,391
108000008,2485,2849,-364
108000009,4474,5163,-689
108000010,1931,2708,-777
108000011,12131,10077,2054
108000012,6943,7157,-214
108000014,384,869,-485
108000015,841,148,693
108000016,232,507,-275
108000017,1060,281,779
108000018,1591,368,1223
108000019,827,511,316
108000020,1124,319,805
108000021,170,822,-652
108000022,239,524,-285
108000023,1450,198,1252
108000024,292,208,84
108000025,390,119,271
108000026,909,180,729
108000027,763,213,550
108000028,1000,101,899
108000029,582,276,306
108000030,413,60,353
108000031,160,187,-27
108000032,2122,551,1571
108000033,419,405,14
108000034,1531,368,1163
108000035,461,946,-485
108000036,264,460,-196
108000037,2091,301,1790
108000038,3484,407,3077
108000039,317,820,-503
108000040,2033,826,1207
108000041,339,1245,-906
108000042,524,104,420
108000043,199,50,149
108000044,807,126,681
108000045,252,124,128
108000046,1566,309,1257
108000047,230,300,-70
108000048,74,127,-53
108000049,918,145,773
108000050,59,281,-222
108000051,364,202,162
108000052,64,270,-206
108000053,489,237,252
108000054,271,622,-351
108000055,1033,554,479
108000056,494,1018,-524
108000057,626,1311,-685
108000058,1524,3822,-2298
108000059,1223,1107,116
108000060,305,992,-687
108000061,193,363,-170
108000062,1086,500,586
108000063,275,249,26
108000064,342,113,229
108000065,588,306,282
108000066,1268,748,520
108000067,1840,637,1203
108000068,1012,416,596
108000069,115,360,-245
108000070,2242,644,1598
108000071,358,746,-388
108000072,1416,635,781
108000073,651,695,-44
108000074,654,334,320
108000075,294,258,36
108000076,897,372,525
108000077,409,275,134
108000078,2197,718,1479
108000079,384,557,-173
108000080,1857,333,1524
108000081,409,517,-108
108000082,422,873,-451
108000083,1426,753,673
108000084,318,597,-279
108000085,1195,488,707
108000086,362,338,24
108000087,185,2153,-1968
108000088,775,267,508
108000089,332,214,118
108000091,209,281,-72
108000092,189,74,115
108000093,259,308,-49
108000094,656,93,563
108000095,220,176,44
108000096,466,163,303
108000097,199,234,-35
108000098,2070,747,1323
108000099,1141,152,989
108000100,201,510,-309
108000101,1319,1565,-246
108000102,1462,3459,-1997
108000106,948,0,948
108000107,0,454,-454
108000108,481,43,438
108000109,4,331,-327
108000110,491,148,343
108000111,217,380,-163
108000112,64,142,-78
108000113,218,115,103
108000115,168,274,-106
108000117,327,314,13
108000118,293,2171,-1878
108000119,346,175,171
108000120,171,845,-674
108000121,265,253,12
108000122,723,381,342
108000123,650,62,588
108000124,382,209,173
108000125,669,85,584
108000126,218,171,47
108000127,684,116,568
108000128,584,149,435
108000129,330,187,143
108000130,516,114,402
108000131,772,338,434
108000132,395,590,-195
108000133,1077,387,690
108000134,430,238,192
108000135,1080,642,438
108000136,166,265,-99
108000137,492,164,328
108000138,471,389,82
108000139,598,133,465
108000140,427,11,416
108000141,41,28,13
108000142,47,41,6
108000143,39,139,-100
108000144,775,36,739
108000145,54,5,49
108000146,1000,26,974
108000147,17,9,8
108000148,714,29,685
108000149,16,4,12
108000150,116,2,114
108000151,40,61,-21
108000152,130,150,-20
108000153,827,95,732
108000154,32,4,28
108000155,99,25,74
108000156,502,261,241
108000157,145,1969,-1824
108000158,95,934,-839
108000159,141,238,-97
108000160,1143,1278,-135
108000161,929,3375,-2446
108000165,2,319,-317
108000172,5,309,-304
108000173,426,2009,-1583
108000175,786,103,683
108000178,275,262,13
108000179,142,989,-847
108000181,135,33,102
108000182,114,66,48
108000183,3,113,-110
108000184,619,3023,-2404
108000185,163,103,60
108000186,570,114,456
108000187,97,127,-30
108000188,849,94,755
108000189,853,11673,-10820
108000190,9,50,-41
108000192,277,124,153
108000193,248,9,239
108000194,22,17,5
108000195,2,409,-407
108000196,117,87,30
108000198,846,55,791
108000199,0,295,-295
108000200,430,92,338
108000203,127,181,-54
108000204,147,62,85
108000205,105,132,-27
108000339,744,385,359
108000364,153,428,-275
108000365,34,156,-122
108000367,88,113,-25
108000368,14,44,-30
108000369,329,114,215
108000371,3,402,-399
108000372,699,3,696
108000373,202,57,145
108000376,109,30,79
108000377,723,99,624
108000378,7897,12155,-4258
108000379,29,143,-114
108000381,133,16,117
108000382,125,0,125
108000383,0,246,-246
108900001,21,194,-173
108900002,170,47,123
108900003,107,422,-315
108900004,39,358,-319
108900007,227,63,164
108900008,161,68,93
108900009,120,62,58
108900010,423,69,354
108900011,796,174,622
108900012,400,166,234
108900013,178,177,1
108900014,17,74,-57
108900015,0,79,-79
108900016,1,121,-120
108900017,115,336,-221
108900018,161,167,-6
108900019,20,185,-165
108900020,56,87,-31
108900021,134,111,23
108900022,64,2,62
108900023,31,48,-17
108900024,20,26,-6
108900025,256,33,223
108900026,13,24,-11
108900027,0,13,-13
108900028,108,42,66
108900029,92,107,-15
108900030,0,14,-14
108900031,138,65,73
108900032,1,69,-68
108900033,1,16,-15
108900034,0,45,-45
108900035,193,238,-45
108900038,1,43,-42
108900039,0,68,-68
108900040,6,22,-16
108900041,2267,2657,-390
108900042,2,304,-302
108900043,11,144,-133
108900044,0,91,-91
108900045,86,50,36
108900046,10,140,-130
108900047,29,176,-147
108900048,66,174,-108
108900049,708,1998,-1290
108900050,1,56,-55
108900051,2,63,-61
108900052,13,64,-51
108900053,38,362,-324
108900054,81,83,-2
108900055,12,191,-179
108900056,2,51,-49
108900057,0,26,-26
108900058,32,101,-69
108900059,720,28,692
108900060,57,134,-77
108900061,25,10,15
108900062,2,67,-65
108900063,11,59,-48
108900064,282,7,275
108900065,6,53,-47
108900066,412,52,360
108900067,2,96,-94
108900068,2,73,-71
108900069,74,18,56
108900070,3,26,-23
108900071,134,49,85
108900072,780,310,470
108900073,37,86,-49
108900074,329,33,296
108900075,3,27,-24
108900076,519,35,484
108900077,49,99,-50
108900078,38,11,27
108900079,116,62,54
108900080,5,758,-753
108900081,36,169,-133
108900082,90,29,61
108900083,25,204,-179
108900085,674,56,618
108900086,179,76,103
108900087,21,97,-76
108900088,649,296,353
108900089,9,101,-92
108900090,62,30,32
108900091,84,18,66
108900092,489,217,272
108900093,69,75,-6
108900094,280,77,203
108900095,9,110,-101
108900096,205,3,202
108900097,326,71,255
108900098,652,764,-112
108900099,440,65,375
108900100,61,49,12
108900101,162,284,-122
108900102,33,1305,-1272
108900103,143,168,-25
108900105,5,1790,-1785
108900106,515,103,412
108900108,352,18,334
108900109,568,50,518
108900110,144,150,-6
108900111,437,158,279
108900113,55,43,12
108900114,111,12,99
108900115,114,60,54
108900116,47,11,36
108900117,290,10,280
108900118,676,52,624
108900119,392,18,374
108900120,202,200,2
108900121,238,89,149
108900122,237,13,224
108900123,245,119,126
108900124,991,164,827
108900125,743,3,740
108900126,281,30,251
108900127,238,26,212
108900128,231,42,189
108900129,1169,117,1052
108900130,533,3,530
108900131,490,3,487
108900132,443,44,399
108900133,301,22,279
108900134,861,68,793
108900135,363,12,351
108900136,54,1,53
108900137,234,9,225
108900138,924,64,860
108900140,484,49,435
108900141,533,11,522
108900142,82,9,73
108900143,80,2,78
108900144,91,12,79
108900145,235,24,211
108900146,151,0,151
108900147,298,2,296
108900148,61,4,57
108900150,172,2,170
108900151,44,1,43
108900152,123,3,120
108900153,255,81,174
108900154,4138,159,3979
108900156,96,9,87
108900157,7,168,-161
108900158,453,20,433
108900159,0,52,-52
108900160,26,59,-33
108900161,5,75,-70
108900162,184,0,184
108900163,10,388,-378
108900164,61,36,25
108900168,2325,1871,454
108900169,50,55,-5
108900171,1766,3072,-1306
108900172,145,24,121
108900173,27,167,-140
108900174,1116,253,863
108900176,68,160,-92
108900177,2097,7664,-5567
108900178,1304,3979,-2675
108900180,93,235,-142
108900183,113,137,-24
108900184,500,143,357
108900185,73,190,-117
108900186,64,205,-141
108900189,378,62,316
108900190,53,948,-895
108900192,56,102,-46
108900195,74,82,-8
108900196,27,97,-70
108900199,178,173,5
108900200,630,258,372
108900201,242,748,-506
108900203,326,141,185
108900204,336,7,329
108900205,295,19,276
108900206,399,52,347
108900207,248,201,47
108900208,8,142,-134
108900209,126,329,-203
108900210,49,93,-44
108900211,178,562,-384
108900212,116,1394,-1278
108900215,46,335,-289
108900216,117,251,-134
108900217,72,0,72
108900218,31,13,18
108900221,23,43,-20
108900224,12,63,-51
108900225,0,74,-74
108900227,153,265,-112
108900230,58,105,-47
108900232,0,69,-69
108900233,384,106,278
108900234,232,116,116
108900235,102,223,-121
108900236,21,101,-80
108900240,81,44,37
108900241,47,25,22
108900245,4,1151,-1147
108900250,112,31,81
108900258,30,49,-19
108900259,7,17,-10
108900260,9,26,-17
108900261,19,36,-17
108900262,71,117,-46
108900263,13,118,-105
108900264,82,166,-84
108900265,502,458,44
108900266,136,960,-824
108900267,7,263,-256
108900268,12,20,-8
108900269,159,17,142
108900270,108,7,101
108900271,46,28,18
108900272,217,18,199
108900273,176,717,-541
108900274,55,29,26
109000001,2932,2353,579
109000002,761,2009,-1248
109000003,3535,397,3138
109000004,535,1465,-930
109000005,2155,490,1665
109000006,628,1269,-641
109000007,1866,602,1264
109000008,747,1130,-383
109000009,3291,1127,2164
109000010,721,2078,-1357
109000011,4420,1617,2803
109000012,1330,1812,-482
109000013,4479,3998,481
109000014,1377,1484,-107
109000015,5237,12841,-7604
109000016,3872,1867,2005
109000017,3047,1249,1798
109000018,1127,1499,-372
109000019,2538,1254,1284
109000020,697,1561,-864
109000023,170,24,146
109000024,5,101,-96
109000025,295,615,-320
109000026,493,297,196
109000027,84,408,-324
109000028,114,48,66
109000029,142,381,-239
109000030,15,229,-214
109000031,240,127,113
109000032,139,273,-134
109000033,338,192,146
109000034,36,43,-7
109000035,2,39,-37
109000036,42,213,-171
109000037,331,2679,-2348
109000038,297,229,68
109000039,927,747,180
109000040,1478,9094,-7616
109000041,1330,2297,-967
109000042,372,1163,-791
109000044,431,184,247
109000045,135,308,-173
109000046,481,63,418
109000047,51,254,-203
109000048,644,409,235
109000049,128,293,-165
109000050,422,355,67
109000051,125,62,63
109000052,533,418,115
109000053,1748,201,1547
109000054,62,216,-154
109000055,191,188,3
109000056,244,168,76
109000057,711,440,271
109000058,486,96,390
109000059,219,1209,-990
109000060,393,453,-60
109000061,332,1239,-907
109000062,134,356,-222
109000063,156,68,88
109000064,330,111,219
109000065,129,75,54
109000066,469,31,438
109000067,58,120,-62
109000068,553,3,550
109000069,526,14,512
109000070,51,1137,-1086
109000071,433,63,370
109000072,85,252,-167
109000073,80,91,-11
109000074,16,138,-122
109000075,68,222,-154
109000076,200,311,-111
109000077,214,137,77
109000078,102,137,-35
109000079,122,71,51
109000080,337,43,294
109000081,192,253,-61
109000082,1005,85,920
109000083,301,312,-11
109000088,170,254,-84
109000089,257,70,187
109000090,119,217,-98
109000091,318,109,209
109000092,210,216,-6
109000093,278,85,193
109000094,931,0,931
109000095,218,196,22
109000096,816,231,585
109000097,52,93,-41
109000098,28,113,-85
109000099,749,121,628
109000100,175,367,-192
109000101,1538,343,1195
109000102,394,322,72
109000103,1024,384,640
109000104,2329,295,2034
109000105,497,406,91
109000106,1611,375,1236
109000107,389,872,-483
109000108,2026,457,1569
109000109,239,791,-552
109000110,1015,353,662
109000111,512,1464,-952
109000112,198,83,115
109000113,272,105,167
109000114,103,236,-133
109000115,812,35,777
109000116,27,438,-411
109000117,272,22,250
109000118,17,133,-116
109000119,1294,57,1237
109000120,257,227,30
109000121,977,38,939
109000122,210,182,28
109000123,84,131,-47
109000124,849,188,661
109000125,690,186,504
109000126,456,248,208
109000127,2298,203,2095
109000128,575,459,116
109000129,2743,400,2343
109000130,378,630,-252
109000131,1614,986,628
109000132,571,1316,-745
109000133,185,353,-168
109000134,353,514,-161
109000135,591,652,-61
109000136,191,156,35
109000137,357,197,160
109000138,422,111,311
109000139,459,184,275
109000140,284,211,73
109000141,996,309,687
109000142,124,267,-143
109000143,102,43,59
109000145,100,423,-323
109000146,63,66,-3
109000148,1100,1311,-211
109000149,13,111,-98
109000150,88,262,-174
109000155,1067,561,506
109000156,719,198,521
109000158,37,124,-87
109000159,52,244,-192
109000160,1353,87,1266
109000161,530,579,-49
109000162,1811,316,1495
109000163,1404,850,554
109000164,1423,1223,200
109000165,1400,338,1062
109000166,1166,75,1091
109000167,146,291,-145
109000170,46,29,17
109000171,129,32,97
109000172,15,57,-42
109000173,63,100,-37
109000174,217,20,197
109000175,137,154,-17
109000176,471,70,401
109000177,40,46,-6
109000178,775,157,618
109000179,1815,4640,-2825
109000180,2097,2627,-530
109000181,26,12,14
109000182,21,17,4
109000183,62,9,53
109000184,56,31,25
109000185,39,29,10
109000188,243,623,-380
109000189,2221,369,1852
109000190,659,282,377
109000191,350,286,64
109000192,474,60,414
109000193,258,73,185
109000194,287,25,262
109000195,100,79,21
109000196,314,33,281
109000197,147,221,-74
109000198,309,25,284
109000199,172,191,-19
109000206,157,43,114
109000207,303,53,250
109000208,98,119,-21
109000209,163,70,93
109000210,76,247,-171
109000211,972,299,673
109000214,437,240,197
109000215,143,38,105
109000216,410,324,86
109000217,119,75,44
109000218,307,136,171
109000221,182,528,-346
109000222,684,156,528
109000223,400,260,140
109000224,37,36,1
109000225,136,17,119
109000226,43,101,-58
109000227,1435,241,1194
109000228,3,1190,-1187
109000231,4,63,-59
109000232,447,49,398
109000236,155,373,-218
109000241,1500,977,523
109000242,1315,622,693
109000293,47,109,-62
109000361,150,191,-41
109000364,112,232,-120
109000396,1,170,-169
109000397,676,21,655
109000399,108,190,-82
109000400,99,165,-66
109000403,33,1504,-1471
109000406,600,0,600
109000407,250,89,161
109000408,1,211,-210
109000410,705,150,555
109000411,371,29,342
109000412,9,42,-33
109900001,143,0,143
109900002,831,12,819
109900003,367,0,367
109900005,18,1,17
109900006,436,128,308
109900007,1174,93,1081
109900008,0,10,-10
109900009,123,130,-7
109900010,612,22,590
109900011,40,35,5
109900012,240,99,141
109900013,420,95,325
109900014,401,31,370
109900015,158,73,85
109900016,123,3,120
109900017,203,182,21
109900018,130,23,107
109900019,298,32,266
109900020,31,26,5
109900021,21,8,13
109900022,184,132,52
109900023,17,4,13
109900024,31,0,31
109900025,10,15,-5
109900027,35,19,16
109900028,353,1524,-1171
109900029,1,96,-95
109900030,42,11,31
109900031,2,141,-139
109900032,2,131,-129
109900033,6,291,-285
109900034,38,0,38
109900035,13,17,-4
109900036,18,24,-6
109900037,10,146,-136
109900038,96,149,-53
109900039,11,0,11
109900040,22,131,-109
109900041,35,130,-95
109900042,8,374,-366
109900044,49,95,-46
109900045,48,36,12
109900046,181,64,117
109900047,75,144,-69
109900048,0,22,-22
109900049,15,11,4
109900050,1,39,-38
109900051,1,7,-6
109900052,52,98,-46
109900053,2,47,-45
109900054,985,101,884
109900055,79,95,-16
109900056,20,247,-227
109900057,5,53,-48
109900058,0,36,-36
109900060,683,74,609
109900061,39,85,-46
109900062,0,34,-34
109900064,551,104,447
109900065,45,63,-18
109900066,144,309,-165
109900067,0,56,-56
109900068,71,4,67
109900069,27,18,9
109900071,1,7,-6
109900072,19,70,-51
109900073,476,69,407
109900074,10,8,2
109900075,22,24,-2
109900076,14,70,-56
109900077,20,7,13
109900078,56,118,-62
109900080,77,65,12
109900081,10,144,-134
109900082,53,97,-44
109900083,21,37,-16
109900084,39,54,-15
109900085,61,231,-170
109900086,69,837,-768
109900087,37,275,-238
109900089,724,139,585
109900092,155,7,148
109900093,1010,122,888
109900094,115,59,56
109900095,39,124,-85
109900096,111,4,107
109900097,142,0,142
109900098,617,12,605
109900099,443,1,442
109900100,85,0,85
109900101,660,6,654
109900102,450,10,440
109900103,15,14,1
109900104,902,120,782
109900105,516,23,493
109900106,322,18,304
109900107,471,38,433
109900108,73,95,-22
109900109,33,81,-48
109900111,61,213,-152
109900114,590,1130,-540
109900115,200,36,164
109900117,1092,45,1047
109900121,252,255,-3
109900123,4,18,-14
109900125,0,77,-77
109900126,325,19,306
109900130,1997,2418,-421
109900131,9,81,-72
109900132,21,114,-93
109900134,39,60,-21
109900135,174,25,149
109900137,131,130,1
109900140,243,46,197
109900149,28,28,0
109900150,3,37,-34
109900151,3,28,-25
109900152,0,10,-10
109900153,0,47,-47
109900154,36,0,36
109900155,53,13,40
109900157,24,123,-99
109900159,137,39,98
109900161,267,73,194
109900162,243,93,150
109900163,190,128,62
109900164,50,147,-97
109900165,212,6,206
109900166,0,52,-52
109900167,107,128,-21
109900168,211,331,-120
109900169,124,80,44
109900170,234,1047,-813
109900171,302,63,239
109900172,259,328,-69
109900173,725,2519,-1794
109900174,16,79,-63
109900175,41,49,-8
109900176,148,124,24
109900177,13,74,-61
109900178,6,114,-108
109900179,3,7,-4
109900180,13,8,5
110000001,551,317,234
110000002,427,750,-323
110000003,489,598,-109
110000004,346,472,-126
110000005,247,1757,-1510
110000006,241,164,77
110000007,97,82,15
110000008,35,121,-86
110000009,16,24,-8
110000010,35,89,-54
110000011,20,29,-9
110000012,359,160,199
110000013,85,704,-619
110000014,459,263,196
110000015,199,560,-361
110000016,136,1316,-1180
110000017,1864,172,1692
110000018,1758,197,1561
110000019,9,82,-73
110000020,483,180,303
110000021,171,357,-186
110000022,656,75,581
110000023,10,92,-82
110000024,381,339,42
110000025,526,6,520
110000026,5,140,-135
110000027,464,990,-526
110000028,956,471,485
110000029,452,455,-3
110000030,315,285,30
110000031,299,200,99
110000032,664,198,466
110000033,189,154,35
110000034,353,335,18
110000035,556,316,240
110000036,867,301,566
110000037,246,291,-45
110000038,199,434,-235
110000039,908,4156,-3248
110000040,257,143,114
110000041,291,1993,-1702
110000042,76,301,-225
110000043,667,252,415
110000044,17,490,-473
110000045,90,62,28
110000046,4,55,-51
110000047,13,38,-25
110000048,6,27,-21
110000049,14,13,1
110000050,3,63,-60
110000051,17,2,15
110000052,45,21,24
110000053,29,8,21
110000054,55,316,-261
110000055,107,53,54
110000056,52,78,-26
110000057,303,446,-143
110000058,665,302,363
110000059,682,380,302
110000060,1116,768,348
110000061,333,410,-77
110000062,517,763,-246
110000063,82,223,-141
110000064,125,40,85
110000065,110,90,20
110000066,65,10,55
110000067,26,99,-73
110000068,262,51,211
110000069,444,20,424
110000071,362,40,322
110000073,44,3,41
110000075,29,43,-14
110000076,312,201,111
110000077,180,679,-499
110000078,75,8,67
110000080,258,311,-53
110000081,33,137,-104
110000082,19,243,-224
110000083,179,371,-192
110000084,1309,829,480
110000085,592,902,-310
110000086,858,2255,-1397
110000087,23,37,-14
110000088,139,170,-31
110000089,337,24,313
110000090,85,106,-21
110000091,743,86,657
110000092,15,31,-16
110000093,42,35,7
110000094,287,84,203
110000095,125,654,-529
110000096,1008,1469,-461
110000097,751,1468,-717
110000098,1320,657,663
110000099,631,984,-353
110000100,1278,158,1120
110000101,39,97,-58
110000102,112,60,52
110000104,339,201,138
110000105,18,79,-61
110000106,425,549,-124
110000107,143,217,-74
110000108,118,67,51
110000109,131,223,-92
110000110,1346,2529,-1183
110000111,2704,2806,-102
110000112,249,1013,-764
110000113,46,2454,-2408
110000114,329,552,-223
110000115,466,280,186
110000116,54,90,-36
110000117,353,133,220
110000118,595,112,483
110000119,276,107,169
110000120,325,92,233
110000121,55,216,-161
110000122,217,241,-24
110000123,560,239,321
110000124,0,506,-506
110000125,1029,5,1024
110000126,240,11,229
110000127,1205,56,1149
110000128,18,473,-455
110000129,4,228,-224
110000130,278,168,110
110000131,29,292,-263
110000132,0,199,-199
110000133,33,372,-339
110000134,51,263,-212
110000135,214,40,174
110000136,99,255,-156
110000137,644,277,367
110000138,772,373,399
110000139,1260,388,872
110000140,818,754,64
110000143,412,169,243
110000144,1754,1666,88
110000145,1262,1294,-32
110000146,852,437,415
110000147,339,509,-170
110000148,561,67,494
110000151,475,1475,-1000
110000152,463,448,15
110000153,137,7,130
110000154,13,29,-16
110000155,376,2820,-2444
110000156,769,1828,-1059
110000157,997,1824,-827
110000160,279,329,-50
110000161,176,153,23
110000166,521,38,483
110000167,814,516,298
110000168,818,526,292
110000169,631,238,393
110000170,207,41,166
110000171,495,74,421
110000172,169,338,-169
110000173,528,660,-132
110000174,142,454,-312
110000175,991,34,957
110000176,77,543,-466
110000177,208,1314,-1106
110000178,380,2001,-1621
110000179,724,240,484
110000180,243,174,69
110000181,801,254,547
110000182,285,90,195
110000183,3226,6032,-2806
110000184,245,2290,-2045
110000185,331,582,-251
110000186,528,550,-22
110000191,1197,77,1120
110000192,463,18,445
110000193,1080,7,1073
110000194,5,355,-350
110000195,589,105,484
110000196,450,79,371
110000197,92,52,40
110000198,97,28,69
110000199,40,54,-14
110000200,505,250,255
110000201,708,843,-135
110000202,921,436,485
110000203,247,401,-154
110000204,4,119,-115
110000205,256,36,220
110000206,327,366,-39
110000207,1156,251,905
110000208,150,194,-44
110000209,68,548,-480
110000210,1484,288,1196
110000211,659,557,102
110000212,386,1004,-618
110000213,342,50,292
110000214,535,38,497
110000215,113,109,4
110000216,139,93,46
110000217,494,49,445
110000218,198,81,117
110000219,490,21,469
110000220,28,110,-82
110000221,393,5,388
110000222,45,238,-193
110000223,4,170,-166
110000224,2,2,0
110000225,152,422,-270
110000226,254,33,221
110000227,618,601,17
110000228,294,60,234
110000229,0,41,-41
110000230,512,603,-91
110000231,188,190,-2
110000232,130,126,4
110000233,130,223,-93
110000234,345,1018,-673
110000235,828,881,-53
110000236,558,395,163
110000237,2110,1093,1017
110000238,774,890,-116
110000239,1647,550,1097
110000240,0,19,-19
110000242,0,7,-7
110000243,137,44,93
110000244,48,217,-169
110000245,40,161,-121
110000246,669,275,394
110000247,502,2889,-2387
110000248,712,925,-213
110000249,87,6,81
110000250,10,92,-82
110000251,415,201,214
110000252,305,62,243
110000253,1353,407,946
110000254,348,468,-120
110000255,89,486,-397
110000256,362,157,205
110000257,299,262,37
110000258,6,192,-186
110000259,202,4,198
110000260,47,81,-34
110000263,280,48,232
110000264,535,243,292
110000265,1139,1172,-33
110000266,898,1698,-800
110000267,29,83,-54
110000268,163,132,31
110000269,3,19,-16
110000270,90,1,89
110000271,1020,120,900
110000272,1026,606,420
110000273,1228,992,236
110000274,128,2027,-1899
110000275,1129,413,716
110000276,281,389,-108
110000277,372,195,177
110000278,305,509,-204
110000279,733,463,270
110000280,533,275,258
110000281,89,180,-91
110000282,202,13,189
110000283,33,36,-3
110000284,21,26,-5
110000285,1,480,-479
110000286,1,0,1
110000287,71,0,71
110000288,2,63,-61
110000289,348,2373,-2025
110000290,408,542,-134
110000291,2618,811,1807
110000292,840,4836,-3996
110000293,481,361,120
110000294,1223,890,333
110000295,159,506,-347
110000296,477,216,261
110000297,1683,195,1488
110000298,85,475,-390
110000299,57,60,-3
110000301,325,17,308
110000302,432,567,-135
110000303,441,7,434
110000304,254,134,120
110000305,1157,19,1138
110000306,240,626,-386
110000307,1474,3,1471
110000308,328,5,323
110000309,2,339,-337
110000310,757,27,730
110000311,11,341,-330
110000312,440,44,396
110000313,1251,2092,-841
110000314,3,191,-188
110000315,1156,1564,-408
110000316,382,835,-453
110000317,83,818,-735
110000318,1,64,-63
110000319,8,11,-3
110000320,78,39,39
110000321,38,48,-10
110000322,250,132,118
110000323,433,112,321
110000324,2137,1165,972
110000325,1155,3175,-2020
110000327,184,219,-35
110000328,101,261,-160
110000333,719,723,-4
110000334,356,772,-416
110000335,522,312,210
110000336,532,603,-71
110000337,1466,369,1097
110000338,612,196,416
110000339,426,111,315
110000340,55,72,-17
110000341,500,260,240
110000342,76,1,75
110000343,0,10,-10
110000344,39,101,-62
110000345,54,178,-124
110000346,1011,1448,-437
110000347,1365,537,828
110000348,26,25,1
110000349,39,22,17
110000350,42,3,39
110000351,1149,375,774
110000352,623,1403,-780
110000353,1964,359,1605
110000354,1026,3369,-2343
110000355,68,33,35
110000356,828,5,823
110000357,585,4,581
110000361,7,21,-14
110000362,76,2,74
110000363,702,27,675
110000364,262,172,90
110000365,95,0,95
110000366,1,33,-32
110000367,397,48,349
110000368,14,22,-8
110000369,68,1,67
110000373,3,122,-119
110000374,86,25,61
110000375,121,732,-611
110000376,21,91,-70
110000377,35,341,-306
110000378,6,286,-280
110000379,1507,2008,-501
110000380,53,2,51
110000383,1,941,-940
110000384,516,432,84
110000385,1,181,-180
110000387,44,6,38
110000388,52,161,-109
110000389,950,4,946
110000391,853,88,765
110000396,267,46,221
110000397,186,36,150
110000398,6,6,0
110000399,177,0,177
110000587,114,35,79
110000589,220,95,125
110000640,192,35,157
110000652,4,185,-181
110000653,309,221,88
110000654,16,634,-618
110000656,0,129,-129
110000674,41,7,34
110000675,6,8,-2
110000676,2,3,-1
110000679,85,951,-866
110000682,103,181,-78
110000683,119,260,-141
110000684,0,6,-6
110000685,8,9,-1
110000686,0,25,-25
110000687,9,0,9
110000688,33,1187,-1154
110000689,45,8,37
110000692,18,151,-133
110000693,26,256,-230
110000694,1,98,-97
110000695,94,376,-282
110000696,25,40,-15
110000698,43,456,-413
110000699,63,347,-284
110900001,315,13,302
110900002,222,150,72
110900003,923,188,735
110900004,534,32,502
110900005,962,2913,-1951
110900006,75,47,28
110900007,109,55,54
110900008,8,32,-24
110900009,344,272,72
110900010,9,14,-5
110900011,9,61,-52
110900012,10,28,-18
110900013,1035,69,966
110900014,335,7,328
110900015,245,457,-212
110900016,61,35,26
110900017,470,57,413
110900018,190,23,167
110900019,429,15,414
110900020,184,118,66
110900021,57,198,-141
110900022,59,68,-9
110900023,20,296,-276
110900024,31,114,-83
110900025,20,18,2
110900027,30,82,-52
110900028,11,67,-56
110900029,11,92,-81
110900030,33,78,-45
110900031,10,94,-84
110900032,1,39,-38
110900033,41,96,-55
110900035,28,277,-249
110900036,37,3,34
110900037,113,8,105
110900038,262,105,157
110900039,4,256,-252
110900040,203,24,179
110900041,35,34,1
110900042,92,31,61
110900043,2,15,-13
110900044,106,17,89
110900045,43,123,-80
110900046,14,105,-91
110900047,122,290,-168
110900049,122,94,28
110900050,35,2,33
110900052,9,54,-45
110900053,105,11,94
110900054,16,64,-48
110900055,6,0,6
110900056,29,98,-69
110900057,9,49,-40
110900058,256,58,198
110900059,294,95,199
110900060,308,84,224
110900061,15,34,-19
110900062,172,54,118
110900063,20,27,-7
110900064,5,0,5
110900065,97,143,-46
110900066,7,17,-10
110900067,73,367,-294
110900068,142,98,44
110900069,7,2,5
110900070,97,31,66
110900071,113,527,-414
110900073,3,21,-18
110900074,541,70,471
110900075,341,31,310
110900077,975,273,702
110900078,63,29,34
110900079,1006,1240,-234
110900080,186,47,139
110900081,11,15,-4
110900082,199,45,154
110900083,74,11,63
110900084,76,23,53
110900085,19,70,-51
110900086,64,272,-208
110900087,296,43,253
110900088,4,0,4
110900090,35,52,-17
110900091,4,11,-7
110900093,172,65,107
110900095,40,19,21
110900097,12,42,-30
110900098,29,51,-22
110900099,25,182,-157
110900100,0,1,-1
110900102,96,19,77
110900105,745,51,694
110900108,11,16,-5
110900111,300,54,246
110900112,616,6,610
110900113,209,80,129
110900115,5,37,-32
110900116,835,445,390
110900118,63,3609,-3546
110900119,1047,98,949
110900120,43,43,0
110900121,102,1,101
110900122,527,173,354
110900125,479,423,56
110900127,249,1259,-1010
110900128,211,628,-417
110900129,128,1102,-974
110900130,352,574,-222
110900131,235,12,223
110900132,454,26,428
110900133,36,88,-52
110900135,18,143,-125
110900136,325,36,289
110900139,5,0,5
110900140,0,0,0
110900141,183,291,-108
110900142,35,59,-24
110900143,127,32,95
110900144,1,106,-105
110900145,93,77,16
110900146,125,206,-81
110900147,53,308,-255
110900148,1,135,-134
110900149,1,13,-12
110900150,16,7,9
110900151,1,35,-34
110900152,32,44,-12
110900153,318,31,287
111000001,949,475,474
111000002,602,344,258
111000003,2074,730,1344
111000004,601,757,-156
111000005,1432,1437,-5
111000006,816,1656,-840
111000007,3626,3784,-158
111000008,2094,2271,-177
111000009,348,616,-268
111000010,892,240,652
111000011,161,724,-563
111000012,395,458,-63
111000013,382,704,-322
111000014,1603,379,1224
111000017,93,587,-494
111000018,105,258,-153
111000020,405,982,-577
111000021,29,67,-38
111000023,101,51,50
111000025,3358,3126,232
111000029,73,71,2
111000030,25,62,-37
111000031,1240,508,732
111000032,526,198,328
111000033,152,153,-1
111000034,38,243,-205
111000037,734,368,366
111000038,2133,1105,1028
111000039,1376,1271,105
111000040,1286,1076,210
111000041,421,519,-98
111000042,1438,1577,-139
111000043,1697,4397,-2700
111000044,1491,806,685
111000045,2769,1890,879
111000046,2032,1558,474
111000047,2954,5372,-2418
111000049,295,302,-7
111000050,799,633,166
111000051,380,541,-161
111000052,313,882,-569
111000053,179,450,-271
111000054,247,415,-168
111000055,1119,987,132
111000056,160,319,-159
111000057,135,244,-109
111000058,644,38,606
111000059,579,182,397
111000060,4272,758,3514
111000061,760,277,483
111000062,851,325,526
111000063,1279,1067,212
111000064,1007,440,567
111000065,1184,657,527
111000066,604,209,395
111000067,851,286,565
111000068,579,432,147
111000069,1101,1084,17
111000070,595,332,263
111000071,97,163,-66
111000072,1306,529,777
111000073,260,1306,-1046
111000074,1237,1170,67
111000075,524,408,116
111000076,649,342,307
111000077,1005,877,128
111000078,1646,1031,615
111000079,547,488,59
111000080,603,418,185
111000081,1492,4258,-2766
111000082,766,302,464
111000084,910,331,579
111000085,820,711,109
111000086,1269,652,617
111000087,588,282,306
111000088,2826,2740,86
111000089,647,499,148
111000090,457,745,-288
111000091,646,195,451
111000092,1658,554,1104
111000093,838,987,-149
111000094,1499,977,522
111000095,674,2284,-1610
111000096,505,6860,-6355
111000097,2135,770,1365
111000098,247,639,-392
111000099,268,886,-618
111000100,350,490,-140
111000101,236,410,-174
111000102,166,297,-131
111000104,624,63,561
111000107,108,200,-92
111000109,703,122,581
111000110,1099,356,743
111000111,3359,228,3131
111000112,2447,340,2107
111000113,767,1892,-1125
111000114,1179,4127,-2948
111000115,2476,656,1820
111000116,782,644,138
111000117,317,653,-336
111000118,547,514,33
111000119,1325,578,747
111000120,569,383,186
111000121,325,517,-192
111000122,437,490,-53
111000123,830,950,-120
111000124,410,895,-485
111000125,205,446,-241
111000126,66,304,-238
111000127,1340,108,1232
111000128,2830,226,2604
111000129,3120,345,2775
111000130,2527,342,2185
111000131,2470,315,2155
111000132,1995,1219,776
111000133,189,72,117
111000134,134,68,66
111000135,57,71,-14
111000136,443,199,244
111000138,18,8,10
111000140,1,1,0
111000141,116,306,-190
111000142,7,200,-193
111000143,2,436,-434
111000144,61,1752,-1691
111000145,85,6,79
111000146,77,19,58
111000147,116,14,102
111000148,110,57,53
111000149,18,7,11
111000150,56,9,47
111000151,2,9,-7
111000153,359,403,-44
111000154,389,190,199
111000155,163,97,66
111000156,547,337,210
111000157,198,615,-417
111000158,721,760,-39
111000159,2680,835,1845
111000160,480,284,196
111000161,15,504,-489
111000162,11,57,-46
111000163,944,638,306
111000164,344,2133,-1789
111000165,563,174,389
111000166,303,77,226
111000167,115,149,-34
111000168,146,222,-76
111000169,230,296,-66
111000170,215,258,-43
111000171,431,343,88
111000172,219,248,-29
111000173,255,637,-382
111000174,288,134,154
111000175,49,154,-105
111000176,413,42,371
111000177,885,120,765
111000178,1918,177,1741
111000179,582,57,525
111000180,366,330,36
111000181,1805,176,1629
111000182,198,82,116
111000183,155,140,15
111000184,324,114,210
111000185,258,193,65
111000186,189,110,79
111000187,259,63,196
111000188,416,292,124
111000189,279,326,-47
111000190,175,164,11
111000191,169,105,64
111000192,111,203,-92
111000193,307,111,196
111000194,47,180,-133
111000195,91,143,-52
111000196,58,66,-8
111000197,611,80,531
111000198,676,71,605
111000199,286,136,150
111000200,735,249,486
111000201,873,104,769
111000202,523,112,411
111000203,463,253,210
111000204,320,1648,-1328
111000213,162,416,-254
111000214,1194,638,556
111000215,1229,783,446
111000217,1521,450,1071
111000218,1548,602,946
111000219,267,157,110
111000220,496,441,55
111000221,278,52,226
111000224,58,195,-137
111000225,414,400,14
111000226,69,4,65
111000227,47,2,45
111000228,11,663,-652
111000229,20,1248,-1228
111000230,156,91,65
111000231,889,177,712
111000232,641,272,369
111000233,1464,407,1057
111000234,147,569,-422
111000239,78,45,33
111000240,33,233,-200
111000241,34,109,-75
111000242,301,40,261
111000243,141,189,-48
111000244,642,96,546
111000245,827,153,674
111000246,692,125,567
111000247,496,217,279
111000248,678,237,441
111000249,546,135,411
111000250,47,38,9
111000251,55,36,19
111000253,17,5,12
111000255,71,3,68
111000257,62,3,59
111000260,44,500,-456
111000261,1190,31,1159
111000271,33,208,-175
111000273,2166,730,1436
111000274,1439,2168,-729
111000275,191,18,173
111000276,229,593,-364
111000277,202,200,2
111000278,313,142,171
111000291,1536,10835,-9299
111000298,436,139,297
111000299,696,122,574
111000300,30,333,-303
111000302,388,60,328
111000303,130,71,59
111000312,46,26,20
111000315,2,95,-93
111000320,104,210,-106
111000321,519,192,327
111000322,282,124,158
111000323,348,23,325
111000324,213,128,85
111000325,62,40,22
111000326,143,158,-15
111000327,226,287,-61
111000328,308,473,-165
111000329,2,31,-29
111000330,105,13,92
111000331,19,6,13
111000332,451,753,-302
111000334,155,638,-483
111000335,1046,118,928
111000337,1635,94,1541
111000338,93,24,69
111000339,777,69,708
111000340,81,231,-150
111000341,1336,594,742
111000342,45,585,-540
111000344,1197,402,795
111000345,49,71,-22
111000346,23,181,-158
111000347,144,6,138
111000350,214,49,165
111000351,98,265,-167
111000352,150,46,104
111000353,84,98,-14
111000354,331,103,228
111000355,238,297,-59
111000358,164,365,-201
111000360,136,188,-52
111000361,136,63,73
111000546,643,170,473
111000547,345,145,200
111000548,165,172,-7
111000549,233,146,87
111000550,23,736,-713
111000551,299,106,193
111000552,259,92,167
111000907,951,27,924
111000908,66,2,64
111000916,1903,136,1767
111000917,29,306,-277
111000918,188,206,-18
111000920,626,14,612
111000921,4,57,-53
111000922,604,113,491
111000924,15,186,-171
111000925,4077,1835,2242
111000926,956,912,44
111000927,2384,4628,-2244
111000928,2311,1335,976
111000929,1674,1174,500
111000930,810,1024,-214
111000931,1740,2279,-539
111000932,1963,887,1076
111000933,2773,2661,112
111000934,1173,1425,-252
111000935,2447,847,1600
111000936,815,988,-173
111000937,1304,1090,214
111000938,944,655,289
111000939,658,14,644
111000940,573,57,516
111000941,246,148,98
111000943,740,260,480
111000944,125,112,13
111000945,95,642,-547
111001109,439,543,-104
111001110,199,360,-161
111001111,70,3,67
111001112,68,9,59
111001113,1,234,-233
111001114,564,345,219
111001115,17,1840,-1823
111001116,1596,4150,-2554
111001117,358,2337,-1979
111001120,48,110,-62
111001121,121,107,14
111001122,151,144,7
111001123,385,69,316
111001124,154,73,81
111001125,8,364,-356
111001126,0,0,0
111001127,0,30,-30
111001128,960,345,615
111001129,0,648,-648
111900001,0,21,-21
111900002,1,95,-94
111900003,1,75,-74
111900004,3,17,-14
111900006,9,74,-65
111900007,174,5,169
111900008,307,4,303
111900009,149,3,146
111900010,47,187,-140
111900012,14,21,-7
111900013,11,3,8
111900014,1374,5496,-4122
111900015,0,10,-10
111900016,0,24,-24
111900017,1,14,-13
111900018,293,3,290
111900019,0,66,-66
111900020,2,30,-28
111900021,12,12,0
111900022,0,15,-15
111900023,37,11,26
111900024,372,34,338
111900025,0,10,-10
111900026,1,13,-12
111900027,5,20,-15
111900028,16,35,-19
111900029,1,8,-7
111900030,6,171,-165
111900032,3,41,-38
111900033,8,57,-49
111900034,60,207,-147
111900035,50,151,-101
111900036,0,34,-34
111900038,63,231,-168
111900039,16,83,-67
111900040,0,93,-93
111900042,5,42,-37
111900043,0,78,-78
111900044,58,96,-38
111900046,7,53,-46
111900048,316,190,126
111900049,13,80,-67
111900050,119,18,101
111900051,5,83,-78
111900052,81,121,-40
111900053,252,1886,-1634
111900054,137,2,135
111900055,5,103,-98
111900056,58,362,-304
111900057,124,10,114
111900058,776,137,639
111900059,727,755,-28
111900060,184,0,184
111900061,5,59,-54
111900062,21,82,-61
111900063,146,147,-1
111900064,36,76,-40
111900065,127,12,115
111900066,162,105,57
111900067,0,109,-109
111900068,25,112,-87
111900069,89,10,79
111900070,221,45,176
111900071,0,80,-80
111900072,124,45,79
111900073,1121,191,930
111900074,1,65,-64
111900075,117,16,101
111900076,331,106,225
111900077,41,2,39
111900078,376,39,337
111900079,35,50,-15
111900080,77,144,-67
111900082,193,32,161
111900083,216,32,184
111900084,259,5,254
111900085,20,51,-31
111900086,60,16,44
111900087,141,1,140
111900088,883,29,854
111900089,51,2,49
111900090,38,27,11
111900091,572,15,557
111900092,125,2,123
111900093,562,4,558
111900094,91,0,91
111900095,400,21,379
111900096,235,1,234
111900097,114,0,114
111900098,261,6,255
111900099,45,0,45
111900100,118,2,116
111900101,118,22,96
111900102,729,192,537
111900103,54,40,14
111900104,88,35,53
111900105,205,127,78
111900106,162,6,156
111900110,743,155,588
111900111,90,0,90
111900112,216,4046,-3830
111900113,172,70,102
111900118,317,95,222
111900119,232,134,98
111900122,81,81,0
111900123,12,31,-19
111900124,36,22,14
111900125,503,69,434
111900126,265,4,261
111900127,0,118,-118
111900128,3,135,-132
111900129,235,1,234
111900130,86,56,30
111900131,712,7,705
111900132,6,240,-234
111900133,9,107,-98
111900134,1,68,-67
111900135,13,26,-13
111900136,46,146,-100
111900137,22,43,-21
111900138,7,21,-14
111900139,9,28,-19
111900140,132,28,104
111900141,116,20,96
111900142,81,10,71
111900143,88,34,54
111900144,1,18,-17
111900145,0,80,-80
111900146,1,46,-45
111900147,17,198,-181
111900148,2,247,-245
111900149,7,69,-62
111900150,6,60,-54
111900151,2,24,-22
111900152,66,97,-31
111900153,483,740,-257
111900154,24,583,-559
111900155,74,147,-73
111900156,81,65,16
111900157,249,32,217
111900158,610,93,517
111900159,569,40,529
111900160,325,15,310
111900161,379,2,377
111900162,132,264,-132
111900163,12,112,-100
111900164,86,38,48
111901113,593,55,538
111901114,174,127,47
111901115,269,1,268
111901116,47,0,47
111901117,23,53,-30
111901118,17,467,-450
111901119,149,22,127
111901121,25,42,-17
111901122,3,95,-92
111901123,323,65,258
111901124,386,2,384
111901125,819,195,624
111901127,170,798,-628
111901128,6,38,-32
111901129,1,26,-25
111901130,1,29,-28
111901131,0,198,-198
111901132,163,66,97
111901133,68,2,66
111901134,104,1,103
111901135,72,9,63
111901138,45,19,26
111901139,2,7,-5
111901140,0,12,-12
111901141,0,16,-16
111901142,1,23,-22
111901143,0,54,-54
111901144,72,31,41
111901145,65,218,-153
111901146,32,4,28
111901147,114,13,101
111901148,5,47,-42
111901149,15,0,15
111901150,50,1,49
111901151,0,0,0
111901152,8,13,-5
112000001,2200,617,1583
112000002,660,1258,-598
112000003,2182,831,1351
112000004,772,247,525
112000005,3467,3630,-163
112000006,607,487,120
112000007,3889,2888,1001
112000008,2830,3605,-775
112000009,2286,1208,1078
112000010,3608,4542,-934
112000011,1415,1009,406
112000012,2883,4985,-2102
112000013,1438,2530,-1092
112000014,1063,3419,-2356
112000015,1319,2911,-1592
112000016,1732,2944,-1212
112000017,371,3164,-2793
112000024,656,330,326
112000026,1129,1580,-451
112000027,566,650,-84
112000028,528,657,-129
112000029,664,669,-5
112000030,132,18,114
112000031,1036,3316,-2280
112000032,79,22,57
112000033,954,3378,-2424
112000034,100,42,58
112000035,26,866,-840
112000036,245,1285,-1040
112000037,415,801,-386
112000038,972,1204,-232
112000039,122,58,64
112000040,53,100,-47
112000041,262,315,-53
112000042,509,226,283
112000050,1178,926,252
112000051,1120,2232,-1112
112000054,853,1030,-177
112000057,555,204,351
112000058,223,306,-83
112000059,312,451,-139
112000061,1682,683,999
112000062,498,1145,-647
112000063,173,3080,-2907
112000064,1932,2666,-734
112000065,810,1952,-1142
112000066,2765,1416,1349
112000067,379,413,-34
112000068,3440,3269,171
112000069,341,1200,-859
112000070,1156,845,311
112000071,804,1076,-272
112000072,2330,734,1596
112000073,1070,1230,-160
112000074,1075,795,280
112000075,1194,1137,57
112000076,2461,1741,720
112000077,1032,270,762
112000078,2344,410,1934
112000079,1729,820,909
112000080,649,360,289
112000081,634,1375,-741
112000082,844,390,454
112000083,685,686,-1
112000084,1032,375,657
112000085,1479,550,929
112000086,1636,635,1001
112000087,712,187,525
112000088,684,176,508
112000089,234,168,66
112000090,139,104,35
112000091,497,456,41
112000092,2138,795,1343
112000093,1570,394,1176
112000094,840,596,244
112000095,858,331,527
112000096,686,367,319
112000097,1860,709,1151
112000098,317,393,-76
112000099,615,1838,-1223
112000100,2014,575,1439
112000101,555,426,129
112000102,1591,381,1210
112000103,462,463,-1
112000105,479,430,49
112000106,2700,324,2376
112000107,234,98,136
112000108,539,570,-31
112000109,266,54,212
112000110,1789,593,1196
112000111,370,1231,-861
112000112,2144,324,1820
112000113,603,665,-62
112000114,2238,543,1695
112000115,343,223,120
112000116,427,308,119
112000117,1077,389,688
112000118,553,424,129
112000119,227,374,-147
112000120,38,208,-170
112000121,55,127,-72
112000122,399,93,306
112000123,785,67,718
112000124,657,65,592
112000125,368,188,180
112000126,380,174,206
112000127,1539,2245,-706
112000128,342,532,-190
112000129,134,83,51
112000130,294,111,183
112000131,30,98,-68
112000132,282,111,171
112000133,369,49,320
112000134,456,240,216
112000135,1142,508,634
112000136,709,763,-54
112000137,1260,1361,-101
112000138,757,648,109
112000139,480,698,-218
112000140,189,907,-718
112000141,1193,469,724
112000142,114,239,-125
112000143,1524,167,1357
112000144,185,378,-193
112000145,2947,348,2599
112000146,343,742,-399
112000147,2478,1352,1126
112000148,754,848,-94
112000149,466,320,146
112000150,398,146,252
112000151,289,107,182
112000152,893,190,703
112000153,143,134,9
112000154,195,296,-101
112000155,140,109,31
112000157,286,778,-492
112000158,222,207,15
112000159,840,172,668
112000167,348,208,140
112000169,228,511,-283
112000173,949,133,816
112000175,365,129,236
112000176,586,944,-358
112000177,827,176,651
112000178,60,108,-48
112000179,291,26,265
112000180,308,207,101
112000181,835,658,177
112000182,1574,335,1239
112000183,27,10,17
112000184,460,138,322
112000185,1019,200,819
112000187,3067,1925,1142
112000195,133,2,131
112000196,66,1,65
112000197,43,52,-9
112000198,17,213,-196
112000199,451,399,52
112000202,515,36,479
112000216,55,121,-66
112000230,153,0,153
112000231,2,60,-58
112000256,137,239,-102
112000313,39,30,9
112000314,32,71,-39
112000337,139,551,-412
112000352,108,266,-158
112000392,1682,569,1113
112000398,1653,556,1097
112000399,1235,6305,-5070
112000400,883,854,29
112000401,1144,753,391
112000402,4583,4615,-32
112000403,914,6185,-5271
112000404,1555,1082,473
112000405,2685,2432,253
112000406,1487,684,803
112000407,8582,6151,2431
112000408,3751,1979,1772
112000409,998,1411,-413
112000410,258,403,-145
112000411,1094,1162,-68
112000412,348,302,46
112000413,2195,7641,-5446
112000414,155,44,111
112000415,73,25,48
112000416,3559,977,2582
112000417,335,106,229
112000421,91,17,74
112000422,303,147,156
112000424,656,3357,-2701
112000425,411,307,104
112000426,272,245,27
112000427,0,34,-34
112000428,378,109,269
112000429,1763,1520,243
112000430,2326,2764,-438
112000431,145,131,14
112000432,357,492,-135
112000433,269,391,-122
112000437,69,61,8
112900001,76,2,74
112900002,755,205,550
112900003,59,45,14
112900004,38,48,-10
112900005,341,49,292
112900007,17,16,1
112900008,2,41,-39
112900009,411,102,309
112900010,474,222,252
112900011,57,141,-84
112900012,1,9,-8
112900013,4,44,-40
112900014,6,42,-36
112900015,55,479,-424
112900016,2,71,-69
112900017,29,54,-25
112900018,524,178,346
112900019,10,106,-96
112900020,159,591,-432
112900021,8,85,-77
112900022,6,17,-11
112900023,17,37,-20
112900024,25,42,-17
112900025,41,69,-28
112900026,0,37,-37
112900027,1,229,-228
112900028,3,30,-27
112900029,18,101,-83
112900030,20,36,-16
112900031,0,103,-103
112900032,164,170,-6
112900034,0,10,-10
112900035,3,69,-66
112900036,17,105,-88
112900037,183,252,-69
112900038,553,68,485
112900039,4,97,-93
112900040,10,331,-321
112900041,286,757,-471
112900042,51,102,-51
112900043,30,53,-23
112900044,224,139,85
112900045,58,85,-27
112900046,76,44,32
112900047,9,11,-2
112900049,441,19,422
112900050,5,259,-254
112900051,101,149,-48
112900052,9,231,-222
112900053,91,96,-5
112900054,75,36,39
112900055,39,16,23
112900056,216,163,53
112900057,10,114,-104
112900058,283,380,-97
112900059,102,353,-251
112900060,42,27,15
112900061,64,114,-50
112900062,110,49,61
112900063,40,3,37
112900064,19,161,-142
112900065,3,11,-8
112900066,198,214,-16
112900067,212,18,194
112900068,56,72,-16
112900069,1018,1143,-125
112900071,38,6,32
112900072,53,3745,-3692
112900073,432,148,284
112900074,129,342,-213
112900075,482,1223,-741
112900076,13,29,-16
112900078,207,600,-393
112900079,205,9,196
112900080,70,6,64
112900081,71,431,-360
112900082,522,26,496
112900083,134,107,27
112900084,334,211,123
112900086,109,1,108
112900087,1457,94,1363
112900088,224,4,220
112900089,611,27,584
112900090,113,54,59
112900091,334,15,319
112900092,62,585,-523
112900093,1435,29,1406
112900095,59,0,59
112900096,617,132,485
112900097,108,114,-6
112900098,56,2,54
112900099,868,24,844
112900100,108,2,106
112900101,470,7,463
112900102,75,15,60
112900103,261,10,251
112900104,807,6,801
112900105,24,0,24
112900106,380,57,323
112900107,4,0,4
112900108,3,0,3
112900109,202,0,202
112900110,1538,19,1519
112900111,983,12,971
112900112,423,1,422
112900113,0,9,-9
112900114,300,1,299
112900115,1588,4,1584
112900116,84,4,80
112900117,53,20,33
112900118,4,92,-88
112900119,185,4,181
112900120,248,155,93
112900121,28,60,-32
112900122,20,32,-12
112900123,98,29,69
112900124,10,20,-10
112900125,20,243,-223
112900126,63,84,-21
112900127,367,88,279
112900128,88,286,-198
112900129,1,260,-259
112900130,222,52,170
112900131,19,250,-231
112900132,69,323,-254
112900133,10,797,-787
112900134,0,105,-105
112900135,86,41,45
112900137,89,213,-124
112900138,2,44,-42
112900139,29,434,-405
112900141,688,18,670
112900142,42,260,-218
112900143,9,173,-164
112900144,3,265,-262
112900145,14,213,-199
112900146,7,220,-213
112900147,1,296,-295
112900148,46,6,40
112900149,117,249,-132
112900151,2,43,-41
112900152,2106,252,1854
112900153,208,2312,-2104
112900154,1,37,-36
112900155,123,6,117
112900156,755,321,434
112900157,284,14,270
112900158,59,2,57
112900159,118,181,-63
112900160,18,111,-93
112900161,185,33,152
112900162,6,16,-10
112900163,23,50,-27
112900164,41,165,-124
112900165,21,24,-3
112900166,9,63,-54
112900167,1,105,-104
112900168,5,10,-5
112900169,9,17,-8
112900170,122,49,73
112900172,42,7,35
112900173,107,53,54
112900174,238,41,197
112900175,105,152,-47
112900176,10,20,-10
112900177,220,106,114
112900178,378,3336,-2958
112900179,23,220,-197
112900180,1643,853,790
112900181,904,4,900
112900182,46,168,-122
112900183,45,170,-125
112900184,352,337,15
112900185,62,388,-326
112900186,610,816,-206
112900187,85,385,-300
112900188,525,2298,-1773
112900189,13,7,6
112900190,2,42,-40
112900192,487,453,34
112900193,719,230,489
112900194,61,9,52
112900195,604,39,565
112900196,260,331,-71
112900197,66,291,-225
112900199,622,125,497
112900200,481,41,440
112900201,191,61,130
112900202,603,260,343
112900203,342,55,287
112900204,301,346,-45
112900205,7,1,6
112900206,25,23,2
112900207,27,0,27
112900208,63,411,-348
112900209,90,157,-67
112900210,1,15,-14
112900211,53,0,53
112900212,0,24,-24
112900213,61,1,60
112900214,19,17,2
112900215,4,22,-18
112900216,8,9,-1
112900217,0,31,-31
112900218,101,0,101
112900219,110,0,110
112900220,0,0,0
112900221,10,25,-15
112900222,0,20,-20
112900223,736,12,724
112900224,435,171,264
112900225,453,143,310
112900226,79,181,-102
112900227,380,75,305
112900228,109,18,91
112900229,423,12,411
112900230,5781,2043,3738
112900232,215,214,1
112900233,64,74,-10
112900234,12,2,10
112900235,6,9,-3
112900236,443,8,435
112900237,436,68,368
112900238,5,1,4
112900239,355,614,-259
112900240,6,12,-6
112900241,26,13,13
112900242,4,54,-50
112900243,15,26,-11
112900244,7,10,-3
112900245,1,16,-15
112900246,1,9,-8
112900247,26,37,-11
112900248,0,0,0
112900249,23,0,23
112900250,123,1,122
112900251,55,1,54
112900252,141,1,140
112900253,43,3,40
112900254,18,3,15
112900255,9,7,2
112900256,5,24,-19
112900257,14,10,4
112900258,80,8,72
113000001,4598,4586,12
113000002,4268,3082,1186
113000003,1616,1587,29
113000004,1752,1746,6
113000005,1540,1168,372
113000006,993,1362,-369
113000007,1827,1171,656
113000008,1508,1501,7
113000009,1208,466,742
113000010,1269,757,512
113000011,1210,611,599
113000012,1220,595,625
113000013,618,439,179
113000014,675,972,-297
113000015,85,111,-26
113000016,220,377,-157
113000017,50,420,-370
113000018,322,26,296
113000019,153,286,-133
113000020,352,56,296
113000021,1057,1018,39
113000022,750,2765,-2015
113000025,190,218,-28
113000026,435,765,-330
113000027,356,1241,-885
113000028,379,1901,-1522
113000029,695,789,-94
113000030,173,415,-242
113000031,115,207,-92
113000032,131,418,-287
113000033,225,279,-54
113000034,167,97,70
113000035,33,27,6
113000036,17,55,-38
113000037,39,14,25
113000038,16,49,-33
113000039,54,204,-150
113000040,44,135,-91
113000042,652,435,217
113000051,1514,2416,-902
113000052,2029,439,1590
113000053,520,369,151
113000054,541,606,-65
113000055,1988,371,1617
113000056,1648,858,790
113000058,385,907,-522
113000059,578,327,251
113000060,400,542,-142
113000061,619,650,-31
113000062,379,288,91
113000063,303,58,245
113000064,129,105,24
113000065,195,280,-85
113000066,895,101,794
113000067,2356,652,1704
113000068,530,351,179
113000069,569,296,273
113000070,2220,598,1622
113000071,384,237,147
113000072,983,251,732
113000073,229,1203,-974
113000074,756,321,435
113000075,1430,710,720
113000076,322,3239,-2917
113000077,518,838,-320
113000078,371,1287,-916
113000079,265,831,-566
113000080,600,751,-151
113000081,482,600,-118
113000082,800,613,187
113000083,606,869,-263
113000084,1518,728,790
113000085,801,570,231
113000086,707,870,-163
113000087,755,1229,-474
113000088,1457,1131,326
113000089,633,1604,-971
113000090,139,610,-471
113000091,226,435,-209
113000094,1397,420,977
113000095,203,782,-579
113000096,122,924,-802
113000097,1021,413,608
113000098,133,77,56
113000099,867,550,317
113000100,161,570,-409
113000101,157,836,-679
113000102,566,814,-248
113000103,2644,272,2372
113000104,536,2572,-2036
113000105,864,358,506
113000106,534,258,276
113000107,845,927,-82
113000108,852,801,51
113000109,461,968,-507
113000110,5218,630,4588
113000111,253,461,-208
113000112,560,206,354
113000113,1209,295,914
113000114,175,896,-721
113000116,412,258,154
113000117,913,113,800
113000118,37,544,-507
113000119,309,343,-34
113000120,42,304,-262
113000121,308,1039,-731
113000124,280,110,170
113000125,20,932,-912
113000127,1469,109,1360
113000128,1747,184,1563
113000129,256,597,-341
113000133,2882,504,2378
113000134,2,1312,-1310
113000135,4206,4187,19
113000137,596,2696,-2100
113000139,321,119,202
113000140,36,72,-36
113000141,57,135,-78
113000142,264,397,-133
113000143,232,129,103
113000144,185,342,-157
113000145,90,99,-9
113000146,115,22,93
113000147,144,37,107
113000148,256,123,133
113000149,166,110,56
113000150,329,284,45
113000151,31,30,1
113000152,43,172,-129
113000153,857,239,618
113000154,285,1261,-976
113000155,214,499,-285
113000156,184,229,-45
113000157,259,295,-36
113000158,352,171,181
113000159,703,379,324
113000160,500,273,227
113000161,314,116,198
113000162,638,151,487
113000163,161,37,124
113000164,22,39,-17
113000166,237,66,171
113000167,48,66,-18
113000168,98,62,36
113000169,187,38,149
113000170,85,62,23
113000171,61,46,15
113000172,293,32,261
113000173,69,22,47
113000174,125,101,24
113000175,532,54,478
113000176,575,58,517
113000177,172,81,91
113000178,134,115,19
113000179,282,109,173
113000180,624,1289,-665
113000181,1033,562,471
113000182,90,320,-230
113000183,185,590,-405
113000184,34,119,-85
113000189,275,616,-341
113000190,86,187,-101
113000192,584,6574,-5990
113000193,1241,4535,-3294
113000194,835,4367,-3532
113000195,907,3023,-2116
113000196,331,84,247
113000197,748,2649,-1901
113000198,132,297,-165
113000199,1258,263,995
113000201,316,761,-445
113000202,12570,1209,11361
113000203,119,1023,-904
113000204,416,7556,-7140
113000205,9,10,-1
113000206,8,63,-55
113000207,61,17,44
113000208,17,47,-30
113000209,19,9,10
113000210,3,17,-14
113000211,98,486,-388
113000212,88,42,46
113000213,5,91,-86
113000214,153,315,-162
113000234,261,642,-381
113000410,34,152,-118
113000411,983,1788,-805
113000412,4083,1397,2686
113000413,696,2531,-1835
113000414,2705,10515,-7810
113000415,1658,998,660
113000416,1995,1786,209
113000417,670,1016,-346
113000418,3720,3043,677
113000419,1007,1497,-490
113000420,1679,4541,-2862
113000421,3522,5895,-2373
113000422,6617,7748,-1131
113000423,847,4998,-4151
113000424,1430,9191,-7761
113000425,14,73,-59
113000428,6,12,-6
113000430,4,37,-33
113000432,2222,186,2036
113000433,77,356,-279
113000434,12,78,-66
113000435,20,94,-74
113000436,21,427,-406
113000437,1159,13,1146
113000438,310,23,287
113000439,24,31,-7
113000440,212,38,174
113000441,224,175,49
113000442,221,42,179
113000443,338,84,254
113000444,355,41,314
113000445,126,44,82
113000446,50,91,-41
113000448,1206,265,941
113000449,186,979,-793
113000450,1222,2468,-1246
113000451,4781,336,4445
113000452,89,598,-509
113000453,66,961,-895
113000454,414,187,227
113000455,18,2594,-2576
113000456,1598,1383,215
113000468,986,66,920
113000469,42,81,-39
113000470,446,30,416
113000471,13,319,-306
113000472,29,185,-156
113000474,1300,564,736
113000475,1070,810,260
113000476,2118,1804,314
113000477,4024,1561,2463
113000478,2253,2068,185
113000479,152,50,102
113000485,0,0,0
113000486,0,0,0
113000487,0,0,0
113000489,0,0,0
113000490,0,0,0
113000491,0,0,0
113000492,0,0,0
113000493,0,0,0
113000495,458,99,359
113000496,284,110,174
113900001,13,2762,-2749
113900002,0,98,-98
113900003,0,201,-201
113900004,1,475,-474
113900005,7,844,-837
113900006,2,76,-74
113900007,35,0,35
113900008,30,4,26
113900009,87,1,86
113900010,66,2,64
113900011,103,1,102
113900012,78,3,75
113900013,103,9,94
113900014,790,0,790
113900015,0,12,-12
113900016,25,0,25
113900017,0,94,-94
113900018,83,165,-82
113900019,149,25,124
113900020,122,3,119
113900022,39,1,38
113900023,28,0,28
113900024,52,49,3
113900025,83,7,76
113900026,58,0,58
113900027,18,98,-80
113900028,42,126,-84
113900029,95,70,25
113900030,311,5,306
113900031,34,3,31
113900032,17,2,15
113900033,58,30,28
113900035,19,0,19
113900036,28,54,-26
113900037,137,121,16
113900038,33,145,-112
113900039,238,17,221
113900040,14,26,-12
113900041,15,6,9
113900042,52,22,30
113900043,121,52,69
113900044,78,260,-182
113900045,58,1,57
113900046,226,1292,-1066
113900047,111,77,34
113900048,111,55,56
113900049,111,341,-230
113900050,154,242,-88
113900051,185,152,33
113900052,83,28,55
113900053,344,612,-268
113900054,11,0,11
113900055,99,314,-215
113900056,52,101,-49
113900057,5,22,-17
113900058,73,29,44
113900059,225,161,64
113900060,44,81,-37
113900061,355,108,247
113900062,76,16,60
113900063,172,77,95
113900064,9,34,-25
113900065,411,8,403
113900066,446,85,361
113900067,217,64,153
113900068,293,662,-369
113900069,4,8,-4
113900070,42,240,-198
113900071,113,33,80
113900072,59,32,27
113900073,324,261,63
113900074,122,154,-32
113900075,757,2007,-1250
113900076,79,4,75
113900077,51,80,-29
113900078,41,26,15
113900079,0,8,-8
113900080,353,116,237
113900081,32,44,-12
113900082,123,123,0
113900083,362,101,261
113900084,153,125,28
113900085,21,146,-125
113900086,63,6,57
113900087,81,47,34
113900088,86,110,-24
113900089,340,32,308
113900090,388,267,121
113900091,4,17,-13
113900092,19,56,-37
113900093,52,783,-731
113900094,399,194,205
113900095,123,220,-97
113900096,147,56,91
113900097,8,54,-46
113900098,785,111,674
113900099,1,7,-6
113900100,0,1,-1
113900101,1,66,-65
113900102,31,103,-72
113900103,138,358,-220
113900104,98,351,-253
113900105,232,50,182
113900106,2,16,-14
113900107,0,1,-1
113900108,67,241,-174
113900109,170,178,-8
113900110,25,9,16
113900111,241,42,199
113900112,132,14,118
113900113,898,370,528
113900114,0,5,-5
113900115,0,18,-18
113900116,24,154,-130
113900117,26,60,-34
113900118,136,370,-234
113900119,47,252,-205
113900120,60,18,42
113900121,43,29,14
113900122,293,3115,-2822
113900123,345,147,198
113900124,0,57,-57
113900125,734,119,615
113900126,45,45,0
113900127,206,523,-317
113900128,190,19,171
113900129,16,143,-127
113900130,0,107,-107
113900131,173,32,141
113900132,29,76,-47
113900133,5,19,-14
113900135,242,341,-99
113900136,109,45,64
113900137,210,320,-110
113900138,6,87,-81
113900139,165,187,-22
113900140,36,153,-117
113900141,504,157,347
113900142,86,39,47
113900143,14,45,-31
113900144,56,270,-214
113900145,225,117,108
113900146,119,14,105
113900148,61,256,-195
113900149,87,76,11
113900150,160,254,-94
113900151,273,85,188
113900152,32,30,2
113900153,62,222,-160
113900154,3,59,-56
113900155,47,129,-82
113900156,222,214,8
113900157,27,240,-213
113900158,50,205,-155
113900159,4,106,-102
113900160,256,286,-30
113900161,76,238,-162
113900162,63,450,-387
113900163,117,92,25
113900164,418,37,381
113900165,308,232,76
113900166,13,33,-20
113900167,361,13,348
113900168,56,37,19
113900169,128,169,-41
113900171,224,37,187
113900172,5,51,-46
113900173,8,173,-165
113900174,371,292,79
113900175,229,124,105
113900176,187,175,12
113900177,291,123,168
113900178,258,166,92
113900179,9,190,-181
113900180,131,98,33
113900181,700,115,585
113900182,392,256,136
113900183,33,41,-8
113900184,3,261,-258
113900185,87,34,53
113900186,17,15,2
113900187,19,75,-56
113900188,6,53,-47
113900189,286,245,41
113900190,156,66,90
113900191,33,25,8
113900192,1737,1946,-209
113900193,2,50,-48
113900194,1073,321,752
113900195,128,237,-109
113900196,0,44,-44
113900197,0,90,-90
113900198,9,590,-581
113900199,34,267,-233
113900200,10,45,-35
113900201,1,49,-48
113900202,20,56,-36
113900203,18,17,1
113900204,8,178,-170
113900205,0,35,-35
113900206,2,40,-38
113900207,0,11,-11
113900208,1,40,-39
113900209,1,32,-31
113900210,378,300,78
113900211,120,83,37
113900212,318,277,41
113900214,212,429,-217
113900215,18,60,-42
113900216,131,184,-53
113900217,134,79,55
113900218,55,62,-7
113900219,91,681,-590
113900220,96,147,-51
113900221,162,219,-57
113900222,961,665,296
113900223,210,188,22
113900224,51,49,2
113900225,287,47,240
113900226,274,87,187
113900227,166,138,28
113900228,119,344,-225
113900229,33,709,-676
113900230,1174,1881,-707
113900231,135,74,61
113900232,180,29,151
113900233,70,27,43
113900234,343,321,22
113900235,76,18,58
113900236,219,81,138
113900237,140,15,125
113900238,95,441,-346
113900239,27,206,-179
113900240,7,147,-140
113900241,35,74,-39
113900242,34,255,-221
113900243,21,226,-205
113900244,125,110,15
113900245,510,286,224
113900246,8,11,-3
113900247,60,464,-404
113900248,1692,1335,357
113900249,234,325,-91
113900250,37,167,-130
113900251,1121,61,1060
113900252,904,28,876
113900253,567,29,538
113900254,494,109,385
113900255,718,8,710
113900256,397,16,381
113900257,34,242,-208
113900258,15,279,-264
113900259,633,72,561
113900260,218,2,216
113900261,17,32,-15
113900262,133,240,-107
113900263,23,232,-209
113900264,1,177,-176
113900265,69,297,-228
113900266,26,124,-98
113900267,33,997,-964
113900268,146,260,-114
113900269,81,93,-12
113900270,72,336,-264
113900271,455,270,185
113900273,7,12,-5
113900274,31,43,-12
113900275,33,148,-115
113900276,1,94,-93
113900277,132,5,127
113900278,108,77,31
113900279,20,28,-8
113900280,729,477,252
113900281,135,765,-630
113900282,140,219,-79
113900283,372,339,33
113900284,785,67,718
113900285,68,18,50
113900286,16,34,-18
113900287,87,10,77
113900288,1,137,-136
113900289,239,72,167
113900290,243,297,-54
113900291,36,50,-14
113900292,4,5,-1
113900293,6,94,-88
113900294,538,6,532
113900295,319,356,-37
113900296,713,136,577
113900297,2033,30,2003
113900298,14,796,-782
113900299,122,13,109
113900300,2629,1894,735
113900301,554,588,-34
113900302,775,831,-56
113900303,84,538,-454
113900304,0,67,-67
113900305,129,0,129
113900306,89,0,89
113900307,4,0,4
113900308,25,35,-10
113900309,1,274,-273
113900310,0,3,-3
113900311,7,0,7
113900312,105,173,-68
113900313,1,4,-3
113900314,0,6,-6
113900315,106,1,105
114000001,573,1803,-1230
114000002,458,187,271
114000003,276,406,-130
114000004,516,152,364
114000005,342,146,196
114000006,870,1514,-644
114000007,490,752,-262
114000008,1316,1879,-563
114000009,910,276,634
114000011,2628,1487,1141
114000012,3488,942,2546
114000013,2181,797,1384
114000014,524,217,307
114000015,1794,128,1666
114000016,286,75,211
114000017,75,571,-496
114000018,49,18,31
114000026,2542,662,1880
114000027,4035,1736,2299
114000028,1904,3038,-1134
114000038,318,37,281
114000039,162,84,78
114000040,137,200,-63
114000042,202,84,118
114000043,265,124,141
114000044,443,49,394
114000045,89,43,46
114000046,1296,3492,-2196
114000047,21,85,-64
114000048,61,50,11
114000049,1392,1203,189
114000050,1336,1577,-241
114000051,2210,1967,243
114000052,2736,2188,548
114000053,68,777,-709
114000054,137,551,-414
114000055,199,71,128
114000056,97,998,-901
114000057,2706,1572,1134
114000058,40,939,-899
114000059,16,546,-530
114000060,478,704,-226
114000061,2096,3054,-958
114000062,325,1432,-1107
114000063,817,954,-137
114000064,1343,3260,-1917
114000065,607,1761,-1154
114000066,395,556,-161
114000067,10,782,-772
114000068,359,601,-242
114000069,748,514,234
114000070,1548,1392,156
114000071,601,376,225
114000072,400,119,281
114000073,7,17,-10
114000074,58,10,48
114000075,63,14,49
114000076,34,18,16
114000077,2,9,-7
114000078,285,309,-24
114000079,244,8,236
114000080,39,43,-4
114000081,61,62,-1
114000082,25,170,-145
114000083,68,56,12
114000084,180,81,99
114000085,41,134,-93
114000086,198,96,102
114000087,97,18,79
114000088,39,13,26
114000089,315,121,194
114000090,689,999,-310
114000091,626,780,-154
114000092,586,290,296
114000093,952,454,498
114000094,546,246,300
114000095,201,193,8
114000096,40,115,-75
114000097,54,185,-131
114000098,555,93,462
114000099,707,128,579
114000100,1545,371,1174
114000101,435,238,197
114000102,625,241,384
114000103,80,86,-6
114000104,15,86,-71
114000105,108,82,26
114000106,584,1509,-925
114000107,559,74,485
114000108,817,617,200
114000109,760,2561,-1801
114000110,258,486,-228
114000111,1951,1057,894
114000112,276,864,-588
114000113,2006,367,1639
114000114,304,549,-245
114000115,2389,705,1684
114000116,939,3383,-2444
114000117,4130,503,3627
114000118,3242,353,2889
114000119,2525,479,2046
114000120,411,483,-72
114000121,508,524,-16
114000122,433,304,129
114000123,2244,303,1941
114000124,972,403,569
114000125,1039,701,338
114000126,1468,205,1263
114000127,218,80,138
114000128,818,144,674
114000130,416,391,25
114000131,279,68,211
114000132,381,326,55
114000133,378,747,-369
114000134,60,30,30
114000138,16,147,-131
114000139,320,466,-146
114000144,671,622,49
114000145,42,128,-86
114000146,65,60,5
114000147,1064,2276,-1212
114000148,660,1488,-828
114000149,219,380,-161
114000150,443,1131,-688
114000151,1031,3133,-2102
114000152,65,25,40
114000153,563,2181,-1618
114000154,491,744,-253
114000155,858,2444,-1586
114000156,661,753,-92
114000157,287,1444,-1157
114000158,786,519,267
114000159,92,349,-257
114000160,58,426,-368
114000161,731,2813,-2082
114000162,1109,2694,-1585
114000163,15,35,-20
114000165,402,498,-96
114000166,326,421,-95
114000167,1665,991,674
114000168,345,264,81
114000169,883,1244,-361
114000170,838,993,-155
114000171,1198,8331,-7133
114000174,135,241,-106
114000176,146,373,-227
114000177,517,253,264
114000178,71,59,12
114000179,789,632,157
114000180,150,211,-61
114000181,1196,4899,-3703
114000182,686,2137,-1451
114000183,385,489,-104
114000184,1644,401,1243
114000185,1104,519,585
114000189,1212,103,1109
114000190,3574,325,3249
114000191,85,217,-132
114000192,89,508,-419
114000193,156,764,-608
114000194,1408,628,780
114000195,253,132,121
114000196,2,52,-50
114000197,1867,9,1858
114000198,424,160,264
114000199,1075,1218,-143
114000200,348,582,-234
114000201,124,448,-324
114000202,733,301,432
114000203,613,417,196
114000204,87,262,-175
114000205,94,556,-462
114000206,595,786,-191
114000207,293,643,-350
114000208,366,826,-460
114000209,272,922,-650
114000210,155,520,-365
114000211,1208,840,368
114000212,621,517,104
114000213,1481,322,1159
114000214,44,60,-16
114000215,173,55,118
114000216,1276,247,1029
114000217,493,142,351
114000218,260,71,189
114000219,1491,115,1376
114000220,50,259,-209
114000221,962,114,848
114000222,66,343,-277
114000223,577,109,468
114000224,36,269,-233
114000225,283,158,125
114000226,210,120,90
114000227,947,320,627
114000228,736,320,416
114000229,1200,582,618
114000230,1376,549,827
114000231,988,964,24
114000232,971,153,818
114000233,2374,61,2313
114000234,1113,390,723
114000235,1139,861,278
114000236,1,206,-205
114000237,138,397,-259
114000238,155,248,-93
114000239,126,551,-425
114000240,838,958,-120
114000241,300,340,-40
114000242,486,396,90
114000243,1896,713,1183
114000244,529,231,298
114000245,422,813,-391
114000246,143,26,117
114000247,481,399,82
114000248,1387,463,924
114000249,503,308,195
114000250,584,257,327
114000251,334,88,246
114000252,64,12,52
114000253,20,32,-12
114000254,87,15,72
114000255,498,122,376
114000256,362,2133,-1771
114000257,377,558,-181
114000258,292,94,198
114000259,78,208,-130
114000260,0,25,-25
114000261,38,13,25
114000262,154,63,91
114000263,10,1,9
114000264,974,240,734
114000265,0,0,0
114000267,0,1535,-1535
114000268,3,352,-349
114000270,154,20,134
114000271,230,54,176
114000283,1154,254,900
114000285,9,75,-66
114000288,152,209,-57
114000289,1870,141,1729
114000293,169,415,-246
114000294,143,160,-17
114000395,1301,89,1212
114000396,615,641,-26
114000402,888,124,764
114000403,203,150,53
114000405,179,123,56
114000423,361,93,268
114000424,419,60,359
114000425,909,78,831
114000426,317,721,-404
114000427,111,27,84
114000428,78,160,-82
114000429,5,72,-67
114000432,138,20,118
114000434,22,39,-17
114000435,0,26,-26
114900001,777,210,567
114900002,294,65,229
114900003,931,309,622
114900004,186,316,-130
114900005,616,246,370
114900006,63,35,28
114900007,194,8,186
114900008,252,132,120
114900010,843,1511,-668
114900011,216,106,110
114900013,195,106,89
114900018,638,59,579
114900020,102,60,42
114900022,0,372,-372
114900025,368,101,267
114900026,67,85,-18
114900029,209,13,196
114900030,255,159,96
114900031,601,25,576
114900032,406,15,391
114900034,28,26,2
114900035,67,249,-182
114900036,128,207,-79
114900039,467,205,262
114900040,108,47,61
114900041,981,139,842
114900042,1395,175,1220
114900044,156,32,124
114900047,150,3465,-3315
114900048,20,110,-90
114900049,21,58,-37
114900050,61,101,-40
114900051,26,86,-60
114900052,24,72,-48
114900053,59,82,-23
114900054,12,41,-29
114900057,150,15,135
114900058,0,12,-12
114900059,79,58,21
114900063,74,52,22
114900064,2285,129,2156
114900065,567,569,-2
114900067,29,271,-242
114900068,20,54,-34
114900069,120,25,95
114900070,629,134,495
114900072,0,125,-125
114900073,0,23,-23
114900074,768,96,672
114900075,201,5,196
114900076,0,71,-71
114900080,608,117,491
114900082,1677,2604,-927
114900083,250,541,-291
114900090,374,158,216
114900091,22,102,-80
114900097,159,0,159
114900098,4,50,-46
114900099,200,2,198
115000001,3357,1743,1614
115000002,3613,5203,-1590
115000003,3638,1412,2226
115000004,4362,5400,-1038
115000005,1858,1648,210
115000006,1191,1314,-123
115000007,465,171,294
115000008,534,476,58
115000009,499,188,311
115000010,307,114,193
115000013,50,219,-169
115000015,16,350,-334
115000016,13,209,-196
115000019,23,407,-384
115000020,137,867,-730
115000021,240,268,-28
115000022,282,165,117
115000023,254,357,-103
115000024,504,232,272
115000025,815,448,367
115000026,122,175,-53
115000027,309,149,160
115000028,119,368,-249
115000029,760,49,711
115000030,319,563,-244
115000031,676,155,521
115000032,4,130,-126
115000033,181,47,134
115000034,69,673,-604
115000035,802,56,746
115000036,1,291,-290
115000037,427,22,405
115000038,76,115,-39
115000039,2911,3523,-612
115000040,2608,2092,516
115000041,1888,3866,-1978
115000042,238,421,-183
115000043,3654,2497,1157
115000044,2326,2474,-148
115000045,2342,793,1549
115000046,2933,2928,5
115000047,2866,1313,1553
115000048,2038,1256,782
115000049,800,2113,-1313
115000050,3207,1249,1958
115000051,1577,3769,-2192
115000052,930,1064,-134
115000053,2088,1846,242
115000054,427,499,-72
115000055,124,825,-701
115000056,103,365,-262
115000057,627,1410,-783
115000058,338,365,-27
115000059,210,253,-43
115000061,87,189,-102
115000062,236,326,-90
115000063,279,269,10
115000064,158,70,88
115000065,63,403,-340
115000067,303,18,285
115000069,86,176,-90
115000070,14,689,-675
115000071,65,10,55
115000072,2,52,-50
115000073,1101,62,1039
115000075,97,45,52
115000076,1679,1359,320
115000077,1939,948,991
115000078,1636,661,975
115000079,1461,861,600
115000080,3257,1014,2243
115000081,224,344,-120
115000082,4584,3983,601
115000083,1762,713,1049
115000084,2959,795,2164
115000085,1000,435,565
115000086,1304,408,896
115000087,350,1086,-736
115000088,1599,479,1120
115000089,1143,799,344
115000090,430,737,-307
115000091,232,378,-146
115000092,859,641,218
115000093,561,5,556
115000094,3520,6836,-3316
115000095,2857,6201,-3344
115000096,931,486,445
115000097,2047,1054,993
115000098,1661,431,1230
115000099,2626,1012,1614
115000100,1456,199,1257
115000101,453,568,-115
115000102,563,179,384
115000103,293,360,-67
115000105,71,47,24
115000106,785,317,468
115000107,164,191,-27
115000108,1427,1427,0
115000109,2589,4359,-1770
115000110,965,1748,-783
115000111,264,741,-477
115000112,541,619,-78
115000113,334,525,-191
115000114,847,376,471
115000116,1857,1174,683
115000117,1145,1288,-143
115000118,1361,1496,-135
115000119,1012,1201,-189
115000120,593,1193,-600
115000121,430,461,-31
115000122,528,1209,-681
115000123,676,1570,-894
115000124,601,832,-231
115000125,338,705,-367
115000126,98,322,-224
115000127,283,103,180
115000128,252,648,-396
115000129,128,396,-268
115000130,375,374,1
115000131,776,202,574
115000132,384,206,178
115000133,775,176,599
115000134,224,181,43
115000135,133,102,31
115000136,185,135,50
115000137,61,113,-52
115000138,377,156,221
115000139,220,152,68
115000140,427,168,259
115000141,251,85,166
115000142,217,74,143
115000143,907,575,332
115000144,376,80,296
115000145,300,94,206
115000146,489,433,56
115000147,243,293,-50
115000148,231,489,-258
115000149,770,124,646
115000150,463,434,29
115000151,1191,359,832
115000152,645,718,-73
115000153,1381,339,1042
115000154,855,182,673
115000155,663,895,-232
115000156,630,1008,-378
115000157,219,1184,-965
115000158,135,425,-290
115000159,343,593,-250
115000160,298,345,-47
115000161,152,377,-225
115000162,338,721,-383
115000163,402,623,-221
115000164,507,771,-264
115000165,146,639,-493
115000167,63,93,-30
115000168,352,624,-272
115000169,256,844,-588
115000170,49,139,-90
115000171,175,534,-359
115000172,479,498,-19
115000173,207,584,-377
115000174,60,404,-344
115000175,185,141,44
115000176,32,85,-53
115000177,50,109,-59
115000178,16,91,-75
115000179,14,45,-31
115000180,60,186,-126
115000181,714,130,584
115000182,947,173,774
115000183,323,300,23
115000186,551,110,441
115000187,113,300,-187
115000188,394,428,-34
115000189,230,285,-55
115000190,605,323,282
115000191,207,303,-96
115000194,58,113,-55
115000195,117,440,-323
115000196,186,95,91
115000197,282,100,182
115000198,456,86,370
115000199,489,65,424
115000200,387,131,256
115000201,220,189,31
115000206,294,14,280
115000207,205,105,100
115000208,167,413,-246
115000209,506,274,232
115000210,98,79,19
115000211,197,150,47
115000212,840,161,679
115000224,202,68,134
115000225,80,31,49
115000229,159,84,75
115000230,101,372,-271
115000231,245,624,-379
115000232,2652,272,2380
115000233,108,156,-48
115000234,23,291,-268
115000241,95,56,39
115000242,184,74,110
115000243,70,75,-5
115000244,20,128,-108
115000246,77,17,60
115000247,48,13,35
115000248,76,15,61
115000249,23,11,12
115000250,285,22,263
115000251,384,58,326
115000252,59,137,-78
115000253,7,367,-360
115000258,336,49,287
115000259,141,59,82
115000261,28,5,23
115000262,9,22,-13
115000263,9,12,-3
115000264,12,20,-8
115000267,51,54,-3
115000268,27,81,-54
115000269,126,24,102
115000270,4,30,-26
115000272,38,48,-10
115000273,513,30,483
115000280,946,171,775
115000281,138,573,-435
115000282,606,511,95
115000284,85,204,-119
115000296,528,3,525
115000297,99,107,-8
115000298,30,361,-331
115000300,188,69,119
115000302,589,96,493
115000303,1089,65,1024
115000304,774,45,729
115000305,79,261,-182
115000306,190,102,88
115000307,111,198,-87
115000308,35,24,11
115000310,1726,309,1417
115000311,1423,861,562
115000313,89,366,-277
115000314,560,193,367
115000315,936,1244,-308
115000316,172,98,74
115000317,143,235,-92
115000318,604,192,412
115000319,94,176,-82
115000320,23,405,-382
115000321,155,5,150
115000322,50,85,-35
115000449,143,161,-18
115000557,21,1442,-1421
115000558,291,121,170
115000587,725,229,496
115000588,2228,2012,216
115000589,3822,2226,1596
115000590,847,1356,-509
115000591,967,758,209
115000592,400,1834,-1434
115000593,1354,856,498
115000594,251,2698,-2447
115000609,254,97,157
115000617,419,2053,-1634
115000624,325,25,300
115000633,236,871,-635
115000634,2489,551,1938
115000635,649,189,460
115000638,199,213,-14
115000641,21,238,-217
115000642,115,119,-4
115000643,75,224,-149
115000644,110,242,-132
115000646,505,1167,-662
115000647,145,420,-275
115000648,2456,708,1748
115000893,1544,1191,353
115000894,106,526,-420
115000895,249,1580,-1331
115000896,1003,735,268
115000897,398,105,293
115000898,362,223,139
115000899,202,1279,-1077
115000900,21,834,-813
115000901,64,201,-137
115000912,451,87,364
115000913,1,16,-15
115000915,3,0,3
115000916,3,0,3
115000917,0,3,-3
115000918,18,500,-482
115000919,1,22,-21
115000920,16,35,-19
115000921,267,107,160
115000922,288,1509,-1221
115000923,87,2714,-2627
115000925,129,100,29
115000927,74,58,16
115000933,60,980,-920
115000934,162,112,50
115000935,155,44,111
115000936,96,841,-745
115000937,1807,431,1376
115000938,52,567,-515
115000939,36,242,-206
115000940,0,41,-41
115000941,0,75,-75
115000942,26,183,-157
115000943,2,133,-131
115000944,4,9,-5
115900001,188,5,183
115900002,34,70,-36
115900003,158,48,110
115900004,2,5,-3
115900005,204,8,196
115900006,50,84,-34
115900008,91,3,88
115900009,48,181,-133
115900010,352,43,309
115900011,241,273,-32
115900012,292,14,278
115900013,203,74,129
115900014,105,88,17
115900015,217,16,201
115900016,66,22,44
115900017,22,6,16
115900018,132,26,106
115900019,87,8,79
115900020,94,2,92
115900021,492,338,154
115900022,612,3,609
115900023,2,2,0
115900025,28,148,-120
115900026,381,92,289
115900027,0,99,-99
115900028,191,33,158
115900029,15,95,-80
115900030,42,16,26
115900031,79,169,-90
115900032,179,428,-249
115900033,0,47,-47
115900034,26,56,-30
115900035,29,20,9
115900036,33,2057,-2024
115900037,29,82,-53
115900038,73,31,42
115900039,184,75,109
115900041,76,604,-528
115900042,65,16,49
115900043,86,40,46
115900044,134,253,-119
115900046,677,58,619
115900047,76,166,-90
115900049,115,95,20
115900051,1,16,-15
115900052,7,79,-72
115900053,158,26,132
115900054,393,22,371
115900055,18,48,-30
115900056,163,69,94
115900057,16,19,-3
115900058,10,20,-10
115900060,39,47,-8
115900061,304,1,303
115900062,13,79,-66
115900063,8,3,5
115900064,211,175,36
115900065,150,30,120
115900066,43,30,13
115900067,11,93,-82
115900068,860,1265,-405
115900069,63,126,-63
115900070,144,71,73
115900071,0,88,-88
115900072,19,83,-64
115900073,143,95,48
115900074,1,93,-92
115900075,15,110,-95
115900076,3,28,-25
115900077,0,31,-31
115900078,31,55,-24
115900079,464,15,449
115900080,70,82,-12
115900081,23,18,5
115900082,67,91,-24
115900084,459,6,453
115900085,35,114,-79
115900086,750,237,513
115900088,3,112,-109
115900089,442,247,195
115900090,638,2,636
115900091,13,37,-24
115900092,52,48,4
115900093,8,16,-8
115900094,4,54,-50
115900096,31,6,25
115900097,5,71,-66
115900098,291,118,173
115900099,64,28,36
115900100,17,86,-69
115900101,260,95,165
115900102,77,42,35
115900103,270,76,194
115900104,51,25,26
115900105,212,135,77
115900106,108,8,100
115900107,66,44,22
115900108,144,11,133
115900109,12,100,-88
115900110,5,2,3
115900111,0,28,-28
115900112,59,355,-296
115900113,45,7,38
115900114,1,36,-35
115900115,61,112,-51
115900116,30,348,-318
115900117,69,1,68
115900118,1,66,-65
115900119,104,125,-21
115900120,36,141,-105
115900121,208,86,122
115900124,200,742,-542
115900125,428,17,411
115900126,774,49,725
115900127,797,23,774
115900128,4,77,-73
115900129,418,22,396
115900130,4,390,-386
115900131,243,34,209
115900132,620,13,607
115900134,304,32,272
115900135,360,682,-322
115900137,20,19,1
115900139,14,81,-67
115900140,462,26,436
115900141,0,51,-51
115900142,2,34,-32
115900143,287,373,-86
115900144,149,146,3
115900146,3,30,-27
115900147,181,165,16
115900148,180,6,174
115900149,236,19,217
115900150,105,6,99
115900151,24,74,-50
115900152,263,165,98
115900153,164,96,68
115900154,267,306,-39
115900155,0,6,-6
115900156,704,629,75
115900157,207,356,-149
115900158,1,0,1
115900159,198,137,61
115900160,0,14,-14
115900161,16,41,-25
115900163,183,42,141
115900164,673,2,671
115900166,94,118,-24
115900168,160,53,107
115900171,70,332,-262
115900172,47,111,-64
115900173,171,39,132
115900174,226,393,-167
115900175,136,84,52
115900178,15,129,-114
115900179,349,9,340
115900180,31,39,-8
115900181,218,58,160
115900182,484,45,439
115900183,12,67,-55
115900184,338,5,333
115900187,9,225,-216
115900189,1,120,-119
115900190,64,991,-927
115900191,13,92,-79
115900192,10,111,-101
115900193,95,63,32
115900194,737,88,649
115900195,266,2297,-2031
115900198,141,161,-20
115900199,281,79,202
115900200,200,90,110
115900201,204,274,-70
115900202,1,54,-53
115900203,12,19,-7
115900204,0,5,-5
115900205,37,26,11
115900206,334,48,286
115900207,70,4,66
115900208,105,58,47
115900209,10,89,-79
115900210,3,106,-103
115900211,0,74,-74
115900212,173,51,122
115900213,80,115,-35
115900214,546,48,498
115900215,19,196,-177
115900216,2,33,-31
115900217,4,11,-7
115900218,2,9,-7
115900219,129,0,129
115900220,253,6,247
115900221,125,12,113
115900222,80,48,32
115900223,3,500,-497
115900224,427,1625,-1198
115900225,29,17,12
115900226,14,27,-13
115900227,3,67,-64
115900228,0,34,-34
115900229,2,28,-26
115900230,12,58,-46
115900231,97,1,96
115900232,92,0,92
115900233,95,1,94
115900234,56,16,40
115900235,13,26,-13
115900236,8,41,-33
115900237,39,20,19
115900238,24,7,17
115900239,18,20,-2
115900240,3,12,-9
115900241,170,23,147
115900242,331,464,-133
115900243,19,2,17
115900244,12,4,8
115900245,28,0,28
115900246,10,11,-1
115900247,12,1,11
115900248,10,3,7
115900249,30,2,28
115900250,7,10,-3
115900251,21,4,17
115900252,3,1,2
115900253,32,26,6
115900254,12,32,-20
115900255,0,51,-51
115900256,41,137,-96
115900257,2,6,-4
115900258,0,0,0
115900259,3,4,-1
115900260,15,4,11
115900261,1,0,1
115900262,0,1,-1
115900263,10,0,10
115900264,10,5,5
115900265,4,15,-11
115900266,3,18,-15
115900267,1,5,-4
115900268,1,19,-18
115900269,585,93,492
115900270,245,113,132
115900271,118,0,118
115900272,49,17,32
115900273,22,22,0
115900274,2,2,0
115900275,1,3,-2
115900276,0,9,-9
115900277,1,41,-40
115900278,67,48,19
115900279,53,172,-119
115900280,20,630,-610
115900281,163,450,-287
115900282,55,82,-27
115900283,63,7,56
115900284,12,12,0
116000001,6042,1725,4317
116000002,4146,12397,-8251
116000003,909,1561,-652
116000004,3299,5099,-1800
116000005,759,3094,-2335
116000006,2382,4042,-1660
116000007,1180,1817,-637
116000008,4521,2553,1968
116000009,718,847,-129
116000010,2905,1527,1378
116000011,630,762,-132
116000012,1752,1025,727
116000013,3416,4443,-1027
116000014,8933,20226,-11293
116000015,80,1350,-1270
116000016,3000,4355,-1355
116000017,50,542,-492
116000018,413,277,136
116000019,1130,210,920
116000020,573,808,-235
116000021,659,170,489
116000022,404,302,102
116000023,1634,822,812
116000024,510,655,-145
116000025,813,597,216
116000026,1262,2821,-1559
116000027,269,627,-358
116000028,472,882,-410
116000029,291,362,-71
116000030,430,447,-17
116000031,52,135,-83
116000032,251,82,169
116000033,508,405,103
116000034,535,616,-81
116000035,441,294,147
116000036,393,3461,-3068
116000037,276,434,-158
116000038,154,1288,-1134
116000039,298,1640,-1342
116000040,416,1482,-1066
116000041,121,1120,-999
116000042,949,771,178
116000043,79,413,-334
116000044,6,38,-32
116000045,1284,1053,231
116000046,820,1794,-974
116000047,1464,2432,-968
116000048,2703,1193,1510
116000049,1516,2777,-1261
116000050,1115,969,146
116000051,3543,3128,415
116000052,3455,3572,-117
116000053,2142,1044,1098
116000054,1142,2618,-1476
116000055,847,947,-100
116000056,1417,741,676
116000057,2379,1004,1375
116000058,3357,2630,727
116000059,1852,3536,-1684
116000060,2413,948,1465
116000061,514,1212,-698
116000062,445,234,211
116000063,520,1910,-1390
116000066,312,539,-227
116000067,202,423,-221
116000068,156,327,-171
116000069,287,156,131
116000078,477,764,-287
116000080,1754,482,1272
116000082,2,9,-7
116000083,2014,457,1557
116000084,965,1686,-721
116000085,1814,1548,266
116000086,854,624,230
116000087,2686,1613,1073
116000088,1010,466,544
116000089,121,61,60
116000090,124,89,35
116000091,196,395,-199
116000093,568,273,295
116000094,661,208,453
116000095,823,295,528
116000096,1246,1554,-308
116000097,856,446,410
116000098,61,8019,-7958
116000099,3371,209,3162
116000100,289,7,282
116000101,982,283,699
116000102,253,534,-281
116000103,426,239,187
116000104,168,490,-322
116000105,1372,87,1285
116000106,402,731,-329
116000107,2307,284,2023
116000108,27,268,-241
116000111,96,22,74
116000113,141,67,74
116000114,28,120,-92
116000115,323,72,251
116000116,184,162,22
116000117,1345,1088,257
116000118,1384,656,728
116000119,3226,1145,2081
116000120,2429,1825,604
116000121,759,464,295
116000122,576,608,-32
116000123,1271,364,907
116000124,350,338,12
116000125,2869,503,2366
116000126,338,417,-79
116000127,635,429,206
116000128,1846,726,1120
116000129,1248,171,1077
116000130,794,518,276
116000133,1309,643,666
116000134,1400,659,741
116000135,2797,1060,1737
116000136,751,939,-188
116000137,1264,624,640
116000138,1340,807,533
116000139,1712,3453,-1741
116000140,169,157,12
116000141,412,300,112
116000142,2741,1578,1163
116000143,1956,1156,800
116000144,1557,1278,279
116000145,2265,635,1630
116000146,881,118,763
116000147,282,270,12
116000148,840,1384,-544
116000149,814,659,155
116000151,630,528,102
116000153,124,257,-133
116000155,151,343,-192
116000156,604,455,149
116000157,103,16,87
116000158,344,173,171
116000159,23,14,9
116000160,58,24,34
116000161,4,46,-42
116000162,63,173,-110
116000163,81,25,56
116000164,8,35,-27
116000177,42,241,-199
116000194,52,218,-166
116000195,1121,347,774
116000196,33,2,31
116000197,20,17,3
116000198,1794,878,916
116000200,625,683,-58
116000201,565,368,197
116000202,10,60,-50
116000203,2,32,-30
116000204,9,29,-20
116000205,0,58,-58
116000206,1,101,-100
116000207,6,65,-59
116000233,115,358,-243
116000287,214,139,75
116000288,384,151,233
116000292,70,57,13
116000296,14,94,-80
116000297,189,32,157
116000304,174,10,164
116000305,23,42,-19
116000346,158,105,53
116000352,110,78,32
116000354,18,20,-2
116000357,10,19,-9
116000358,282,53,229
116000361,240,1,239
116000372,3435,7399,-3964
116000381,119,0,119
116000388,2,20,-18
116000389,676,250,426
116000445,719,163,556
116000446,850,188,662
116000447,67,322,-255
116000448,396,93,303
116000563,484,672,-188
116000565,16,284,-268
116000568,30,251,-221
116000579,15,57,-42
116000583,131,27,104
116000584,29,5,24
116000585,68,39,29
116000586,69,60,9
116000587,406,311,95
116000589,31,78,-47
116000590,85,64,21
116000591,226,182,44
116000592,16,32,-16
116000593,0,8,-8
116000594,965,95,870
116000595,726,63,663
116000596,212,7,205
116000597,438,165,273
116000598,16,62,-46
116000605,130,107,23
116000606,32,290,-258
116000607,1,182,-181
116000609,76,887,-811
116000611,212,105,107
116000612,1489,1650,-161
116000613,649,311,338
116000614,422,198,224
116000615,2,609,-607
116000616,65,58,7
116000617,137,53,84
116000618,1,27,-26
116000619,46,52,-6
116000620,183,209,-26
116000621,152,67,85
116000622,165,76,89
116000624,162,78,84
116000627,138,12,126
116000628,35,77,-42
116000629,54,48,6
116000630,413,13,400
116000631,272,19,253
116000632,833,13,820
116000633,242,85,157
116000634,441,54,387
116000635,1759,3509,-1750
116000636,419,2083,-1664
116000637,522,22,500
116000638,133,140,-7
116000639,130,0,130
116000640,49,9,40
116000641,29,45,-16
116000643,1,59,-58
116000644,33,85,-52
116000645,19,4,15
116900001,412,120,292
116900002,231,0,231
116900003,48,24,24
116900004,36,58,-22
116900005,230,39,191
116900006,106,110,-4
116900007,176,300,-124
116900008,633,82,551
116900009,6,8,-2
116900010,1186,505,681
116900011,6,4,2
116900012,298,325,-27
116900013,1,22,-21
116900014,284,24,260
116900015,640,42,598
116900016,279,0,279
116900017,40,199,-159
116900018,91,37,54
116900019,5,76,-71
116900020,202,1446,-1244
116900023,46,9,37
116900024,777,25,752
116900025,1252,187,1065
116900026,37,290,-253
116900027,37,62,-25
116900028,0,25,-25
116900029,1,102,-101
116900031,0,2,-2
116900032,1,110,-109
116900033,37,12,25
116900034,1,45,-44
116900035,131,108,23
116900036,2,88,-86
116900038,27,4,23
116900041,71,14,57
116900042,180,155,25
116900043,3,28,-25
116900047,13,223,-210
116900049,18,137,-119
116900050,66,168,-102
116900051,251,26,225
116900052,185,52,133
116900055,0,3,-3
116900057,33,64,-31
116900058,21,204,-183
116900059,0,37,-37
116900060,95,366,-271
116900062,1,9,-8
116900064,75,170,-95
116900065,23,55,-32
116900067,115,54,61
116900068,121,73,48
116900070,2,2,0
116900072,49,108,-59
116900073,14,43,-29
116900074,3,21,-18
116900076,9,71,-62
116900077,2,55,-53
116900078,90,28,62
116900079,41,77,-36
116900080,2,17,-15
116900081,116,469,-353
116900082,154,785,-631
116900083,3,3,0
116900084,61,91,-30
116900085,20,37,-17
116900086,55,93,-38
116900088,207,25,182
116900090,8,17,-9
116900091,359,46,313
116900092,69,244,-175
116900093,3458,1048,2410
116900094,2784,5205,-2421
116900095,158,461,-303
116900096,42,260,-218
116900097,1080,3204,-2124
116900098,665,488,177
116900099,214,906,-692
116900100,926,37,889
116900101,122,504,-382
116900103,25,0,25
116900104,28,162,-134
116900105,290,166,124
116900106,1250,6,1244
116900107,932,2453,-1521
116900110,20,5,15
116900111,728,131,597
116900112,214,326,-112
116900113,587,2072,-1485
116900116,29,1066,-1037
116900117,206,97,109
116900118,1431,896,535
116900120,352,43,309
116900121,135,11,124
116900122,901,177,724
116900123,336,207,129
116900124,94,311,-217
116900125,540,89,451
116900126,48,362,-314
116900128,0,43,-43
116900129,1,171,-170
116900130,1158,3882,-2724
116900131,35,212,-177
116900132,70,62,8
116900133,135,137,-2
116900134,221,156,65
116900136,171,145,26
116900137,191,113,78
116900138,98,66,32
116900139,66,157,-91
116900140,124,47,77
116900141,323,131,192
116900142,2,44,-42
116900143,237,92,145
116900144,24,44,-20
116900145,23,120,-97
116900147,172,2450,-2278
116900148,15,22,-7
116900149,52,171,-119
116900150,7,7,0
116900151,73,90,-17
116900153,108,48,60
116900154,178,363,-185
116900155,48,64,-16
116900157,607,60,547
116900158,122,303,-181
116900159,74,628,-554
116900160,767,792,-25
116900161,3177,8899,-5722
116900162,9,55,-46
116900163,255,51,204
116900164,92,60,32
116900165,456,341,115
116900166,36,18,18
116900167,366,39,327
116900168,341,17,324
116900169,106,2011,-1905
116900170,621,362,259
116900171,34,47,-13
116900172,86,447,-361
116900173,250,9,241
116900174,88,78,10
116900175,240,515,-275
116900178,64,59,5
116900179,34,350,-316
116900180,64,9,55
116900182,1032,220,812
116900183,223,70,153
116900185,47,37,10
116900186,95,45,50
116900187,32,55,-23
116900188,110,14,96
116900189,25,7,18
116900191,262,266,-4
116900192,270,77,193
116900194,93,1652,-1559
116900195,24,10,14
116900196,9,23,-14
116900197,140,5,135
116900198,34,319,-285
116900200,114,8,106
116900201,158,1,157
116900202,17,6,11
116900203,133,23,110
116900204,26,163,-137
116900206,87,4,83
116900207,10,20,-10
116900208,13,37,-24
116900209,30,26,4
116900210,637,309,328
116900211,211,0,211
116900212,111,17,94
116900213,242,92,150
116900214,302,125,177
116900215,36,42,-6
116900216,266,176,90
116900218,2,164,-162
116900219,455,192,263
116900220,134,175,-41
116900221,154,205,-51
116900222,425,253,172
116900223,63,152,-89
116900226,117,23,94
116900227,203,40,163
116900228,281,100,181
116900230,62,54,8
116900231,54,149,-95
116900232,25,148,-123
116900233,262,58,204
116900234,3,3,0
116900235,492,211,281
116900238,615,153,462
116900239,27,858,-831
116900240,2719,2696,23
116900241,139,14,125
116900242,428,1035,-607
116900243,0,17,-17
116900245,46,18,28
116900246,119,19,100
116900247,960,29,931
116900248,69,20,49
116900249,321,13,308
116900250,532,35,497
116900251,276,980,-704
116900252,133,360,-227
116900254,33,79,-46
116900255,114,110,4
116900256,612,117,495
116900257,9,177,-168
116900258,4,46,-42
116900259,362,2,360
116900260,1,41,-40
116900261,57,1,56
116900262,141,49,92
116900263,1,21,-20
116900264,103,69,34
116900265,118,1,117
116900266,14,6,8
116900267,17,1,16
116900268,44,22,22
116900269,355,959,-604
116900271,471,459,12
116900272,523,486,37
116900273,23,654,-631
116900274,151,25,126
116900275,244,38,206
116900276,270,202,68
116900277,122,26,96
116900278,0,8,-8
116900279,2,17,-15
116900280,29,7,22
116900281,2186,4921,-2735
116900282,2,16,-14
116900283,2,20,-18
116900284,1,56,-55
116900285,104,196,-92
116900286,72,7,65
116900287,6,9,-3
116900288,114,12,102
116900289,13,0,13
116900290,42,6,36
116900291,39,18,21
116900292,0,32,-32
116900293,29,7,22
116900294,10,75,-65
116900295,148,271,-123
116900296,84,332,-248
116900297,3,119,-116
116900298,56,378,-322
116900299,21,294,-273
116900300,5,131,-126
116900301,13,895,-882
116900302,28,129,-101
116900303,105,226,-121
116900304,1,129,-128
116900305,11,8,3
116900306,214,30,184
116900307,144,1,143
116900308,0,27,-27
116900309,168,14,154
116900310,34,25,9
116900311,0,197,-197
117000001,2725,3044,-319
117000002,1695,3311,-1616
117000003,5403,3340,2063
117000004,1889,4434,-2545
117000005,3874,2148,1726
117000006,950,1917,-967
117000007,6394,1238,5156
117000008,894,2207,-1313
117000009,4396,1444,2952
117000010,1215,2208,-993
117000011,2950,1181,1769
117000012,1485,778,707
117000013,2088,967,1121
117000014,1209,1903,-694
117000015,2512,1364,1148
117000016,356,675,-319
117000017,141,2072,-1931
117000018,137,1250,-1113
117000019,70,162,-92
117000020,706,1970,-1264
117000021,2552,875,1677
117000022,160,613,-453
117000023,56,1124,-1068
117000024,83,1489,-1406
117000025,154,4560,-4406
117000026,1347,4088,-2741
117000027,1245,4479,-3234
117000028,1015,3524,-2509
117000030,333,333,0
117000031,503,568,-65
117000032,1367,1447,-80
117000033,1600,712,888
117000034,299,220,79
117000035,401,553,-152
117000036,455,237,218
117000037,242,255,-13
117000038,284,430,-146
117000039,337,251,86
117000040,201,529,-328
117000041,1133,80,1053
117000044,14,552,-538
117000045,897,150,747
117000046,300,733,-433
117000047,1013,708,305
117000048,1266,572,694
117000049,32,302,-270
117000050,178,933,-755
117000051,2794,66,2728
117000052,33,140,-107
117000053,751,21,730
117000054,1670,18,1652
117000055,19,1062,-1043
117000056,598,28,570
117000057,350,1118,-768
117000060,332,983,-651
117000061,2446,1272,1174
117000062,130,573,-443
117000063,1762,852,910
117000064,634,635,-1
117000066,312,589,-277
117000067,90,496,-406
117000074,21,141,-120
117000076,43,25,18
117000077,195,147,48
117000078,148,451,-303
117000079,321,236,85
117000080,3,393,-390
117000081,931,164,767
117000082,23,56,-33
117000083,696,232,464
117000084,103,2,101
117000085,291,660,-369
117000086,687,221,466
117000087,98,448,-350
117000088,315,155,160
117000089,2111,221,1890
117000090,204,535,-331
117000091,1044,204,840
117000092,413,501,-88
117000093,1949,646,1303
117000094,725,1059,-334
117000095,3335,595,2740
117000096,563,1115,-552
117000097,2061,653,1408
117000098,1304,1620,-316
117000099,4359,919,3440
117000100,187,230,-43
117000101,84,434,-350
117000102,2432,523,1909
117000103,437,662,-225
117000104,1780,480,1300
117000105,443,765,-322
117000106,1866,479,1387
117000107,417,816,-399
117000108,2847,815,2032
117000109,697,1135,-438
117000110,2380,1656,724
117000111,3718,3323,395
117000112,3617,1180,2437
117000113,86,44,42
117000114,255,97,158
117000115,46,34,12
117000116,239,139,100
117000117,1736,890,846
117000118,411,201,210
117000119,126,933,-807
117000120,62,1989,-1927
117000121,34,1182,-1148
117000122,946,1880,-934
117000123,3160,64,3096
117000124,87,346,-259
117000125,64,1187,-1123
117000126,38,29,9
117000127,101,629,-528
117000128,83,1806,-1723
117000129,313,1922,-1609
117000130,249,1,248
117000131,2,88,-86
117000132,3608,22,3586
117000133,2828,6,2822
117000134,0,355,-355
117000135,9,204,-195
117000136,1,101,-100
117000137,253,163,90
117000138,0,1010,-1010
117000140,243,561,-318
117000141,2166,424,1742
117000181,295,165,130
117000182,2420,962,1458
117000195,83,287,-204
117000196,348,160,188
117000225,67,298,-231
117000226,15,419,-404
117000276,285,14,271
117000277,0,79,-79
117000310,923,1921,-998
117000315,248,613,-365
117000320,77,0,77
117000906,575,12,563
117000907,9,155,-146
117000909,133,83,50
117000910,293,90,203
117000911,18,102,-84
117000915,5,160,-155
117000916,96,4,92
117000917,1592,30,1562
117000918,255,44,211
117000919,2,35,-33
117000920,1,434,-433
117000921,0,302,-302
117000922,9,38,-29
117000924,738,706,32
117000926,791,764,27
117000927,229,696,-467
117000928,0,123,-123
117000929,506,174,332
117000930,595,13,582
117000931,97,199,-102
117900002,49,931,-882
117900003,83,146,-63
117900005,0,278,-278
117900006,0,11,-11
117900007,132,62,70
117900008,0,7,-7
117900010,616,111,505
117900011,16,904,-888
117900012,74,55,19
117900013,0,157,-157
117900014,966,238,728
117900015,19,87,-68
117900016,870,761,109
117900017,1485,958,527
117900018,454,1081,-627
117900019,898,273,625
117900020,42,391,-349
117900021,33,81,-48
117900023,3853,51,3802
117900024,120,68,52
117900025,17,1,16
117900026,594,123,471
117900028,48,17,31
117900029,534,378,156
117900031,186,863,-677
117900032,977,543,434
117900033,658,380,278
117900034,78,29,49
117900035,336,86,250
117900036,430,159,271
117900037,177,41,136
117900038,34,52,-18
117900039,0,7,-7
117900040,100,152,-52
117900041,0,14,-14
117900042,1885,289,1596
117900043,5,20,-15
117900044,58,6279,-6221
117900045,287,104,183
117900048,475,74,401
117900049,478,362,116
117900050,12,914,-902
117900051,13,35,-22
117900052,112,400,-288
117900053,1758,152,1606
117900054,1,17,-16
117900055,2375,377,1998
117900056,69,272,-203
117900057,666,667,-1
117900058,23,109,-86
117900059,115,100,15
117900060,2103,1326,777
117900061,32,484,-452
117900063,630,128,502
117900065,170,537,-367
117900066,1,86,-85
117900067,1012,120,892
117900069,1376,99,1277
117900070,53,322,-269
117900071,200,97,103
117900073,799,155,644
117900074,29,635,-606
117900075,64,56,8
117900076,55,127,-72
117900077,551,66,485
117900078,474,630,-156
117900080,216,32,184
117900081,176,187,-11
117900082,665,333,332
117900083,733,263,470
117900086,255,35,220
117900087,125,23,102
117900088,806,951,-145
117900089,2134,529,1605
117900090,678,267,411
117900091,64,40,24
117900092,106,30,76
117900093,97,45,52
117900094,33,26,7
117900095,508,2944,-2436
117900096,167,341,-174
117900097,112,8,104
117900098,54,11,43
117900099,221,888,-667
117900100,424,3,421
117900101,835,2252,-1417
117900102,64,12,52
117900103,51,6,45
117900104,6,477,-471
117900105,51,104,-53
117900106,80,19,61
117900107,56,0,56
117900109,896,283,613
117900110,206,0,206
117900111,628,27,601
117900112,43,7,36
117900113,762,1746,-984
117900114,22,0,22
117900115,89,352,-263
117900116,485,465,20
117900117,697,104,593
117900118,143,1,142
117900119,227,25,202
117900120,762,39,723
117900121,83,20,63
117900122,677,4663,-3986
117900123,1142,226,916
117900124,203,297,-94
117900125,1308,1287,21
117900126,134,230,-96
117900127,525,133,392
117900128,268,159,109
117900129,113,2,111
117900130,479,283,196
117900131,8,62,-54
117900132,5,63,-58
117900133,33,64,-31
117900134,31,89,-58
117900135,28,43,-15
117900136,0,2,-2
117900137,41,106,-65
117900138,0,6,-6
117900139,103,72,31
117900140,6750,93,6657
117900141,73,308,-235
117900142,39,560,-521
117900144,34,1332,-1298
117900145,9,256,-247
117900146,134,298,-164
117900147,104,63,41
117900148,2709,3024,-315
117900149,118,95,23
117900150,82,37,45
117900151,58,131,-73
117900152,106,78,28
117900153,8,130,-122
117900154,686,403,283
117900156,359,500,-141
117900157,72,540,-468
117900158,272,79,193
117900160,753,626,127
117900161,734,779,-45
117900162,891,412,479
117900163,28,1613,-1585
117900165,0,8,-8
117900166,66,455,-389
117900168,82,34,48
117900169,0,17,-17
117900170,0,2,-2
117900171,1,3,-2
117900172,3,6,-3
117900173,9,28,-19
117900174,15,39,-24
117900175,1,6,-5
117900176,9,5,4
117900177,14,31,-17
117900178,67,19,48
117900180,102,12,90
117900181,33,243,-210
117900182,0,26,-26
117900183,49,83,-34
117900184,18,28,-10
117900185,49,12,37
117900186,34,1,33
117900187,11,11,0
117900188,117,34,83
117900189,54,27,27
117900190,20,2,18
117900191,67,0,67
117900192,116,1,115
117900193,0,44,-44
117900194,11,1,10
117900195,3,39,-36
117900196,14,7,7
117900207,35,154,-119
117900208,14,7,7
117900209,141,159,-18
117900210,87,83,4
117900211,2,57,-55
117900212,57,135,-78
117900213,56,3,53
117900214,6,4,2
117900215,142,16,126
117900216,70,89,-19
117900217,74,320,-246
117900218,60,183,-123
117900219,3,261,-258
117900220,15,593,-578
117900222,165,107,58
117900223,112,261,-149
118000001,472,2358,-1886
118000002,303,880,-577
118000003,2116,5383,-3267
118000004,1101,5517,-4416
118000005,3123,3024,99
118000006,4238,5050,-812
118000007,3602,7007,-3405
118000008,756,4307,-3551
118000009,1409,2619,-1210
118000010,3518,3311,207
118000011,1947,815,1132
118000012,1110,1305,-195
118000013,1926,1776,150
118000014,1654,1097,557
118000016,253,134,119
118000017,770,320,450
118000018,367,137,230
118000019,1033,1960,-927
118000020,495,2095,-1600
118000021,517,2953,-2436
118000022,763,688,75
118000023,474,341,133
118000024,353,958,-605
118000027,8371,6437,1934
118000029,442,723,-281
118000032,161,2263,-2102
118000033,1613,4610,-2997
118000034,2603,3232,-629
118000035,1730,2376,-646
118000036,606,1149,-543
118000037,663,1753,-1090
118000038,619,98,521
118000039,127,82,45
118000040,1487,1669,-182
118000041,2988,1177,1811
118000045,146,232,-86
118000046,725,1431,-706
118000047,434,3105,-2671
118000048,837,3475,-2638
118000051,534,3438,-2904
118000052,216,1409,-1193
118000053,149,349,-200
118000054,2445,418,2027
118000055,2274,1218,1056
118000056,89,438,-349
118000057,137,271,-134
118000058,1403,4460,-3057
118000059,1178,2818,-1640
118000060,961,498,463
118000061,931,969,-38
118000062,322,317,5
118000063,256,1010,-754
118000064,456,1261,-805
118000065,1258,1438,-180
118000066,1610,3877,-2267
118000067,403,512,-109
118000068,571,8388,-7817
118000069,788,1207,-419
118000070,5287,2249,3038
118000071,2652,9428,-6776
118000072,482,3521,-3039
118000073,369,1739,-1370
118000074,521,643,-122
118000075,387,377,10
118000076,1554,5476,-3922
118000077,878,2274,-1396
118000078,1699,3100,-1401
118000079,230,436,-206
118000080,653,1364,-711
118000081,1393,2430,-1037
118000082,354,1193,-839
118000083,1293,1460,-167
118000084,1584,1801,-217
118000086,112,513,-401
118000087,3382,2002,1380
118000088,908,1601,-693
118000089,3757,2823,934
118000090,731,2901,-2170
118000091,854,3881,-3027
118000092,693,537,156
118000093,116,621,-505
118000096,512,855,-343
118000097,545,765,-220
118000098,238,274,-36
118000099,824,371,453
118000101,1962,415,1547
118000102,459,545,-86
118000107,2438,638,1800
118000108,490,3880,-3390
118000110,1,48,-47
118000111,1,128,-127
118000112,1100,6,1094
118000113,11,336,-325
118000114,817,5,812
118000115,9,10,-1
118000116,14,0,14
118000117,636,859,-223
118000118,910,2378,-1468
118000119,910,1838,-928
118000120,1149,975,174
118000121,16,652,-636
118000122,428,390,38
118000123,79,263,-184
118000125,913,1500,-587
118000126,458,2156,-1698
118000127,936,1076,-140
118000128,226,1909,-1683
118000129,1357,667,690
118000130,1795,2350,-555
118000131,211,616,-405
118000132,2762,2025,737
118000133,1462,663,799
118000135,347,942,-595
118000136,136,903,-767
118000137,531,99,432
118000138,328,346,-18
118000139,425,94,331
118000140,3346,7293,-3947
118000141,1765,1238,527
118000142,2545,1373,1172
118000143,3001,1337,1664
118000144,765,373,392
118000145,1169,961,208
118000146,1152,327,825
118000147,1075,750,325
118000148,1034,1082,-48
118000149,1053,462,591
118000150,655,273,382
118000151,790,172,618
118000153,1683,748,935
118000154,2239,1176,1063
118000155,2623,979,1644
118000156,1695,2936,-1241
118000157,529,177,352
118000158,336,404,-68
118000159,30,76,-46
118000160,753,277,476
118000161,582,271,311
118000162,1483,840,643
118000163,950,814,136
118000164,1741,1172,569
118000168,240,632,-392
118000169,970,661,309
118000170,2122,1853,269
118000171,310,262,48
118000172,84,141,-57
118000173,923,1093,-170
118000175,242,268,-26
118000176,357,401,-44
118000177,316,539,-223
118000178,43,40,3
118000179,707,927,-220
118000180,534,457,77
118000181,578,154,424
118000182,198,113,85
118000183,258,226,32
118000184,1025,341,684
118000185,493,1714,-1221
118000186,467,1021,-554
118000187,2036,291,1745
118000188,785,48,737
118000189,799,209,590
118000190,15,7,8
118000191,21,3,18
118000192,17,92,-75
118000193,11,126,-115
118000194,1314,581,733
118000195,220,4296,-4076
118000196,119,623,-504
118000197,176,314,-138
118000198,261,1284,-1023
118000199,406,2182,-1776
118000200,71,748,-677
118000201,100,887,-787
118000202,39,365,-326
118000203,317,1231,-914
118000204,43,543,-500
118000205,53,216,-163
118000206,265,223,42
118000207,0,38,-38
118000208,1558,1169,389
118000209,2528,813,1715
118000210,83,44,39
118000211,72,54,18
118000213,281,4060,-3779
118000214,265,721,-456
118000215,114,38,76
118000216,6069,1361,4708
118000217,19,33,-14
118000218,41,30,11
118000219,179,202,-23
118000220,6,40,-34
118000221,434,410,24
118000222,56,15,41
118000223,79,42,37
118000224,79,31,48
118000225,119,1525,-1406
118000226,1073,190,883
118000227,882,336,546
118000228,19,358,-339
118000229,27,698,-671
118000230,95,170,-75
118000231,34,352,-318
118000232,863,247,616
118000233,1134,495,639
118000234,480,68,412
118000236,179,214,-35
118000237,104,133,-29
118000238,202,66,136
118000239,262,212,50
118000240,191,85,106
118000241,260,67,193
118000242,458,119,339
118000243,256,80,176
118000244,87,44,43
118000246,7,50,-43
118000255,88,231,-143
118000256,186,134,52
118000259,7,45,-38
118000260,214,23,191
118000261,24,7,17
118000263,64,130,-66
118000266,140,173,-33
118000267,0,292,-292
118000268,186,2,184
118000270,95,0,95
118000271,250,152,98
118000272,44,21,23
118000273,397,13,384
118000274,60,190,-130
118000276,389,126,263
118000295,11,74,-63
118000298,107,153,-46
118000299,91,64,27
118000301,1,265,-264
118000302,116,21,95
118000311,937,35,902
118000312,315,59,256
118000313,30,54,-24
118000314,159,23,136
118000315,43,10,33
118000316,870,317,553
118000325,63,20,43
118000326,55,12,43
118000331,24,7,17
118000332,12,17,-5
118000333,27,35,-8
118000335,566,0,566
118000336,1,143,-142
118000407,262,26,236
118000457,5,69,-64
118000465,492,2705,-2213
118000480,38,32,6
118000489,13,472,-459
118000490,19,210,-191
118000492,399,148,251
118000510,46,19,27
118000514,76,751,-675
118000515,447,954,-507
118000517,332,202,130
118000524,129,365,-236
118000525,428,474,-46
118000530,19,115,-96
118000531,380,172,208
118000532,289,148,141
118000533,263,77,186
118000534,547,189,358
118000535,290,109,181
118000536,41,347,-306
118000537,12,62,-50
118000538,44,95,-51
118000539,23,92,-69
118000540,98,164,-66
118000541,40,80,-40
118000542,45,235,-190
118000543,81,291,-210
118000546,20,16,4
118000553,0,1,-1
118000557,0,0,0
118000560,803,1931,-1128
118000562,18,76,-58
118000563,1307,790,517
118000576,199,56,143
118000577,156,137,19
118000578,157,63,94
118000579,734,1823,-1089
118000583,0,0,0
118000595,200,83,117
118000596,2,537,-535
118000597,214,82,132
118000598,3,2,1
118000599,189,26,163
118000600,0,0,0
118000601,6,0,6
118000602,3,7,-4
118000603,0,18,-18
118000605,73,170,-97
118000606,13,24,-11
118900001,263,781,-518
118900002,586,849,-263
118900003,218,2,216
118900004,56,11,45
118900005,89,23,66
118900006,165,0,165
118900007,0,0,0
118900008,882,35,847
118900009,54,38,16
118900010,82,5,77
118900011,124,7,117
118900012,255,178,77
118900013,754,254,500
118900015,191,13,178
118900016,2,3,-1
118900017,20,141,-121
118900018,832,42,790
118900019,30,10,20
118900020,19,185,-166
118900021,74,553,-479
118900022,124,32,92
118900023,82,151,-69
118900024,59,65,-6
118900025,44,11,33
118900026,58,21,37
118900027,358,116,242
118900028,270,108,162
118900029,188,303,-115
118900030,457,22,435
118900031,104,18,86
118900032,297,86,211
118900033,164,617,-453
118900034,139,27,112
118900035,146,49,97
118900036,1120,290,830
118900037,194,482,-288
118900038,430,68,362
118900039,570,88,482
118900040,162,86,76
118900041,693,236,457
118900042,131,52,79
118900045,169,152,17
118900046,245,312,-67
118900047,277,486,-209
118900048,112,411,-299
118900049,89,38,51
118900050,46,5,41
118900051,49,166,-117
118900052,162,522,-360
118900053,3,82,-79
118900054,142,44,98
118900055,62,29,33
118900056,36,193,-157
118900057,630,454,176
118900058,351,410,-59
118900059,17,171,-154
118900060,82,93,-11
118900062,106,75,31
118900064,150,579,-429
118900065,18,99,-81
118900066,92,66,26
118900067,2938,3736,-798
118900068,19,255,-236
118900069,544,196,348
118900071,1,6,-5
118900072,660,364,296
118900073,242,69,173
118900074,172,27,145
118900075,128,20,108
118900076,222,177,45
118900077,304,87,217
118900078,5,0,5
118900079,35,80,-45
118900080,40,27,13
118900081,64,86,-22
118900082,1708,135,1573
118900083,6,0,6
118900084,11,7,4
118900085,376,328,48
118900086,51,85,-34
118900087,126,510,-384
118900088,0,1,-1
118900089,29,8,21
118900090,374,115,259
118900091,49,234,-185
118900092,151,31,120
118900093,82,14,68
118900096,74,164,-90
118900097,289,342,-53
118900099,96,74,22
118900100,69,162,-93
118900101,93,47,46
118900102,16,124,-108
118900103,9,97,-88
118900104,178,34,144
118900105,161,30,131
118900107,34,21,13
118900108,52,44,8
118900110,764,730,34
118900111,593,275,318
118900112,139,186,-47
118900113,200,204,-4
118900114,10,133,-123
118900115,32,257,-225
118900116,104,150,-46
118900117,136,79,57
118900118,367,214,153
118900119,287,94,193
118900120,90,202,-112
118900121,5,56,-51
118900122,14,894,-880
118900123,131,162,-31
118900124,73,90,-17
118900126,13,271,-258
118900129,254,134,120
118900130,24,201,-177
118900131,394,63,331
118900132,256,118,138
118900133,9,151,-142
118900135,213,101,112
118900136,241,268,-27
118900137,7,52,-45
118900139,266,116,150
118900140,426,298,128
118900141,155,44,111
118900144,212,241,-29
118900145,33,57,-24
118900146,374,363,11
118900147,74,524,-450
118900148,68,13,55
118900150,357,443,-86
118900152,469,384,85
118900157,29,228,-199
118900158,124,34,90
118900159,8,67,-59
118900161,28,9,19
118900163,43,25,18
118900164,0,52,-52
118900165,39,24,15
118900166,13,0,13
118900167,34,51,-17
118900168,34,196,-162
118900169,102,50,52
118900170,147,18,129
118900171,53,14,39
118900174,80,28,52
118900175,681,252,429
118900176,224,178,46
118900177,39,12,27
118900178,98,70,28
118900179,54,7,47
118900181,94,22,72
118900182,13,23,-10
118900183,25,89,-64
118900184,154,38,116
118900185,263,33,230
118900186,46,112,-66
118900187,107,371,-264
118900188,166,255,-89
118900189,19,552,-533
118900190,26,93,-67
118900191,394,18,376
118900192,355,4,351
118900193,702,4,698
118900195,130,252,-122
118900196,27,115,-88
118900197,357,68,289
118900198,11,2,9
118900199,56,8,48
118900200,28,10,18
118900201,29,20,9
118900202,3,40,-37
118900203,3,3,0
118900204,24,6,18
118900205,1,2,-1
118900206,0,1,-1
119000001,1272,1982,-710
119000002,2883,2956,-73
119000003,3173,590,2583
119000004,2200,1639,561
119000005,1983,2310,-327
119000006,4664,1609,3055
119000007,3001,3216,-215
119000008,1573,1300,273
119000009,2640,5555,-2915
119000010,3531,3547,-16
119000011,1712,2132,-420
119000012,786,2128,-1342
119000013,2520,1540,980
119000014,985,1474,-489
119000019,198,78,120
119000020,2460,1654,806
119000021,5379,3593,1786
119000022,766,2693,-1927
119000023,236,267,-31
119000024,1477,16203,-14726
119000025,2960,584,2376
119000026,35,355,-320
119000027,122,283,-161
119000028,1281,325,956
119000029,31,165,-134
119000030,645,512,133
119000031,729,257,472
119000032,1373,1202,171
119000033,1215,667,548
119000034,1201,390,811
119000035,24,133,-109
119000036,2178,549,1629
119000037,1412,541,871
119000038,156,255,-99
119000039,1462,290,1172
119000040,846,536,310
119000041,582,1316,-734
119000048,1751,1236,515
119000049,3097,1426,1671
119000050,1148,1139,9
119000051,2524,1085,1439
119000052,2697,2030,667
119000053,1827,897,930
119000054,3047,1291,1756
119000055,5463,1865,3598
119000056,3772,1269,2503
119000057,1727,755,972
119000058,1422,899,523
119000059,925,839,86
119000060,1376,640,736
119000061,909,495,414
119000062,783,883,-100
119000063,831,558,273
119000064,748,607,141
119000065,1148,2467,-1319
119000066,1759,1252,507
119000067,1752,1231,521
119000068,1636,709,927
119000069,1723,1334,389
119000070,2580,629,1951
119000071,367,339,28
119000072,3975,2463,1512
119000073,2874,9073,-6199
119000074,1389,1348,41
119000075,3693,1700,1993
119000076,192,1080,-888
119000077,442,343,99
119000078,572,333,239
119000079,257,528,-271
119000080,935,72,863
119000081,188,248,-60
119000082,928,183,745
119000083,795,564,231
119000084,294,237,57
119000085,458,142,316
119000086,433,1017,-584
119000087,649,324,325
119000088,310,131,179
119000089,220,471,-251
119000090,162,85,77
119000091,231,309,-78
119000092,257,177,80
119000093,3434,1984,1450
119000094,4194,4952,-758
119000095,2132,3584,-1452
119000097,1725,695,1030
119000098,1330,3502,-2172
119000099,2012,772,1240
119000100,3925,2471,1454
119000101,2494,1284,1210
119000102,431,1538,-1107
119000103,664,482,182
119000104,1088,646,442
119000105,640,2774,-2134
119000106,417,427,-10
119000107,1238,581,657
119000108,627,410,217
119000109,173,580,-407
119000110,243,330,-87
119000111,18,688,-670
119000112,184,100,84
119000113,845,297,548
119000114,1282,841,441
119000115,117,136,-19
119000116,84,85,-1
119000117,76,290,-214
119000118,7,0,7
119000123,2125,3606,-1481
119000124,1177,122,1055
119000125,5226,341,4885
119000126,1908,384,1524
119000127,999,240,759
119000128,19,3,16
119000131,1170,197,973
119000132,0,0,0
119000133,0,4,-4
119000134,1213,441,772
119000135,207,212,-5
119000136,397,80,317
119000137,285,125,160
119000138,773,73,700
119000139,128,59,69
119000140,270,349,-79
119000284,615,1391,-776
119000285,1348,934,414
119000286,2410,2089,321
119000287,947,1140,-193
119000288,1558,672,886
119000289,1294,2553,-1259
119000290,183,197,-14
119000291,150,267,-117
119000293,538,199,339
119000294,39,10,29
119000295,1237,206,1031
119000296,414,161,253
119000302,1547,839,708
119000303,17,321,-304
119000314,1000,13581,-12581
119000315,0,135,-135
119000316,298,75,223
119000317,108,69,39
119000319,1093,113,980
119900001,127,1608,-1481
119900002,184,165,19
119900003,35,453,-418
119900004,76,1677,-1601
119900005,291,47,244
119900006,142,429,-287
119900007,479,115,364
119900008,14,12,2
119900009,351,224,127
119900010,364,410,-46
119900011,28,186,-158
119900012,8,82,-74
119900013,1659,1269,390
119900014,354,144,210
119900015,251,30,221
119900016,53,34,19
119900017,38,34,4
119900018,783,1115,-332
119900019,26,0,26
119900020,103,128,-25
119900021,135,30,105
119900022,89,728,-639
119900023,279,2870,-2591
119900025,305,23,282
119900026,337,114,223
119900027,17,34,-17
119900028,185,128,57
119900029,0,1,-1
119900030,364,211,153
119900031,50,683,-633
119900033,999,224,775
119900034,571,18,553
119900037,232,7,225
119900038,42,397,-355
119900039,34,2,32
119900040,120,25,95
119900041,137,7,130
119900042,47,196,-149
119900043,132,57,75
119900044,130,858,-728
119900046,140,8,132
119900047,325,138,187
119900049,195,1,194
119900050,64,127,-63
119900051,1165,18,1147
119900052,64,2,62
119900053,290,98,192
119900054,416,7,409
119900055,1297,301,996
119900057,236,7,229
119900058,334,4,330
119900059,66,13,53
119900060,219,15,204
119900061,327,5,322
119900062,65,0,65
119900063,0,48,-48
119900065,241,4,237
119900067,48,6,42
119900068,780,1,779
119900069,118,10,108
119900070,819,20,799
119900071,633,40,593
119900073,779,253,526
119900074,13,36,-23
119900075,1130,1407,-277
119900076,140,19,121
119900077,968,221,747
119900078,663,262,401
119900079,514,64,450
119900080,387,219,168
119900081,812,7,805
119900082,1486,94,1392
119900083,249,44,205
119900084,209,324,-115
119900085,27,15,12
119900086,391,312,79
119900087,315,851,-536
119900088,21,16,5
119900089,13,111,-98
119900090,48,17,31
119900091,58,165,-107
119900092,29,99,-70
119900093,1569,115,1454
119900094,13,106,-93
119900095,63,51,12
119900096,16,37,-21
119900097,91,172,-81
119900098,38,16,22
119900099,13,43,-30
119900100,377,2369,-1992
119900101,81,1346,-1265
119900102,42,80,-38
119900103,14,77,-63
119900104,9,18,-9
119900105,375,2219,-1844
119900106,2,69,-67
119900107,150,939,-789
119900108,3146,405,2741
119900109,32,62,-30
119900110,563,292,271
119900111,246,112,134
119900112,439,696,-257
119900113,28,159,-131
119900114,209,451,-242
119900115,277,174,103
119900116,38,339,-301
119900117,343,273,70
119900118,79,129,-50
119900119,320,97,223
119900120,314,223,91
119900121,525,331,194
119900122,51,125,-74
119900123,108,194,-86
119900124,319,212,107
119900125,15,157,-142
119900126,1970,144,1826
119900127,425,314,111
119900128,381,252,129
119900129,310,100,210
119900130,4,156,-152
119900131,30,49,-19
119900132,15,67,-52
119900133,59,39,20
119900134,282,45,237
119900135,0,82,-82
119900136,45,142,-97
119900138,84,205,-121
119900139,13,63,-50
119900140,2,57,-55
119900141,40,725,-685
119900142,3,11,-8
119900143,17,146,-129
119900144,760,107,653
119900145,48,32,16
119900146,96,65,31
119900147,1,57,-56
119900148,169,12,157
119900149,353,4593,-4240
119900150,77,33,44
119900151,941,468,473
119900152,128,68,60
119900153,145,18,127
119900154,41,168,-127
119900155,14,14,0
119900156,14,4,10
119900157,131,49,82
119900158,161,29,132
119900159,3,274,-271
119900160,18,40,-22
119900161,83,53,30
119900162,837,536,301
119900163,79,44,35
119900164,0,0,0
119900165,159,39,120
119900166,63,25,38
119900167,3,8,-5
119900168,1300,250,1050
119900169,14,153,-139
119900170,67,194,-127
119900171,571,197,374
119900172,35,6,29
119900173,6,93,-87
119900174,10,56,-46
119900175,1634,247,1387
119900177,34,62,-28
119900178,9,84,-75
119900179,141,705,-564
119900180,926,514,412
119900181,6,77,-71
119900182,96,102,-6
119900183,101,396,-295
119900184,463,180,283
119900185,15,234,-219
119900186,5,1311,-1306
119900187,2,100,-98
119900188,106,193,-87
119900189,86,232,-146
119900190,77,234,-157
119900191,121,440,-319
119900192,63,102,-39
119900193,378,67,311
119900194,17,41,-24
119900195,2,50,-48
119900196,143,44,99
119900197,324,131,193
119900198,153,154,-1
119900199,83,17,66
119900200,581,320,261
119900201,117,79,38
119900202,42,209,-167
119900203,128,495,-367
119900204,246,202,44
119900205,924,182,742
119900206,234,74,160
119900208,122,85,37
119900209,532,1560,-1028
119900210,43,13,30
119900211,51,7,44
119900212,855,284,571
119900213,7,63,-56
119900214,47,7,40
119900215,33,6,27
119900216,17,10,7
119900217,24,5,19
119900218,2,45,-43
119900219,16,36,-20
119900220,1,14,-13
119900221,83,39,44
119900222,24,44,-20
119900223,30,14,16
119900224,11,7,4
119900225,135,16,119
119900226,114,1270,-1156
119900227,187,156,31
119900228,7,119,-112
119900229,73,91,-18
119900230,646,188,458
119900231,317,47,270
119900232,134,89,45
119900233,45,2,43
119900234,5,79,-74
119900235,4,14,-10
119900236,10,150,-140
119900237,21,205,-184
119900238,0,69,-69
119900240,69,26,43
119900241,117,71,46
119900242,950,1046,-96
119900244,421,783,-362
119900245,151,92,59
119900246,108,438,-330
119900247,14,69,-55
119900248,17,299,-282
119900249,332,50,282
119900253,746,213,533
119900254,49,1156,-1107
119900255,68,868,-800
119900256,789,160,629
119900257,108,6,102
119900258,156,10,146
119900259,14,19,-5
119900260,128,1,127
119900261,431,96,335
119900262,1,77,-76
119900263,1430,238,1192
119900264,96,51,45
119900265,438,157,281
119900266,361,52,309
119900267,129,179,-50
119900268,189,61,128
119900269,1071,285,786
119900271,16,45,-29
119900272,134,244,-110
119900275,235,107,128
119900276,127,7,120
119900277,24,28,-4
119900278,148,36,112
119900279,55,167,-112
119900280,379,73,306
119900281,0,338,-338
119900282,8,98,-90
119900283,10,69,-59
119900284,22,77,-55
119900285,9,109,-100
119900286,0,11,-11
119900288,3,8,-5
119900289,1,1,0
119900290,4,3,1
119900291,2,25,-23
119900292,19,35,-16
119900293,10,12,-2
119900294,19,15,4
119900295,10,8,2
119900296,54,11,43
119900297,0,9,-9
119900298,0,3,-3
119900299,21,97,-76
119900300,128,94,34
119900301,40,68,-28
119900302,16,81,-65
119900303,145,56,89
119900304,159,12,147
119900305,3,61,-58
119900306,32,2,30
119900307,28,14,14
119900308,7,8,-1
119900309,14,157,-143
119900310,259,245,14
119900311,163,25,138
119900312,159,36,123
119900313,187,141,46
119900314,226,301,-75
119900315,1945,708,1237
119900318,12,48,-36
119900319,7,57,-50
119900320,224,141,83
119900321,92,0,92
120000001,5439,27378,-21939
120000002,2316,2075,241
120000003,1657,936,721
120000004,2197,992,1205
120000005,1941,1233,708
120000006,1334,883,451
120000007,2385,4204,-1819
120000008,908,1025,-117
120000009,1289,722,567
120000010,2219,1923,296
120000011,1156,1047,109
120000012,1587,1393,194
120000013,3581,2338,1243
120000014,801,1110,-309
120000015,2586,1237,1349
120000016,4349,1938,2411
120000017,4495,3585,910
120000018,2620,16946,-14326
120000019,1204,1502,-298
120000020,2183,3305,-1122
120000021,1641,2109,-468
120000022,2183,3452,-1269
120000023,1394,1446,-52
120000024,1167,2073,-906
120000025,2903,1626,1277
120000026,3783,1740,2043
120000027,2460,2129,331
120000028,850,2353,-1503
120000029,655,1348,-693
120000030,180,640,-460
120000031,1607,3962,-2355
120000032,3730,2730,1000
120000033,3520,1280,2240
120000034,3180,1063,2117
120000035,3531,1587,1944
120000036,2993,4841,-1848
120000037,586,1861,-1275
120000038,2933,2524,409
120000039,729,883,-154
120000040,92,939,-847
120000041,454,1073,-619
120000042,1714,1195,519
120000043,4156,756,3400
120000044,6246,1189,5057
120000045,9255,744,8511
120000046,6209,3041,3168
120000047,325,8614,-8289
120000048,6905,3931,2974
120000049,4360,3211,1149
120000050,3362,4334,-972
120000051,2122,3790,-1668
120000052,5773,1325,4448
120000053,1345,1403,-58
120000054,1271,2128,-857
120000055,1278,2730,-1452
120000056,4299,2999,1300
120000057,4131,1340,2791
120000058,1195,1543,-348
120000059,4,1570,-1566
120000061,114,303,-189
120000062,110,215,-105
120000063,404,1611,-1207
120000064,252,520,-268
120000065,323,672,-349
120000066,134,210,-76
120000067,24,191,-167
120000068,214,277,-63
120000069,569,223,346
120000070,114,258,-144
120000071,703,69,634
120000072,861,346,515
120000073,1058,68,990
120000074,71,76,-5
120000075,733,285,448
120000076,2416,313,2103
120000077,2279,579,1700
120000078,2393,1014,1379
120000079,795,299,496
120000080,289,227,62
120000081,549,145,404
120000082,646,291,355
120000083,133,926,-793
120000084,343,308,35
120000085,238,261,-23
120000086,247,264,-17
120000087,202,169,33
120000088,698,742,-44
120000089,1010,311,699
120000090,747,256,491
120000091,1013,598,415
120000092,1060,433,627
120000093,880,404,476
120000094,385,846,-461
120000095,763,237,526
120000096,468,354,114
120000098,920,291,629
120000099,336,371,-35
120000100,721,447,274
120000101,739,263,476
120000102,984,927,57
120000103,1660,937,723
120000104,2537,377,2160
120000105,3519,455,3064
120000106,3582,475,3107
120000107,6122,509,5613
120000108,2194,96,2098
120000109,1206,57,1149
120000110,36,354,-318
120000111,102,525,-423
120000112,459,1072,-613
120000113,375,978,-603
120000114,350,1112,-762
120000115,283,1199,-916
120000116,396,898,-502
120000117,411,735,-324
120000118,55,59,-4
120000119,34,35,-1
120000120,172,230,-58
120000121,12,42,-30
120000122,226,865,-639
120000123,1862,9212,-7350
120000124,535,365,170
120000125,1073,352,721
120000126,411,1862,-1451
120000127,944,1825,-881
120000128,1896,4906,-3010
120000129,190,215,-25
120000130,976,376,600
120000131,555,487,68
120000134,212,228,-16
120000135,950,421,529
120000137,261,255,6
120000138,1801,142,1659
120000139,198,151,47
120000140,1314,139,1175
120000141,249,115,134
120000142,1001,169,832
120000143,0,51,-51
120000144,120,7,113
120000145,762,7,755
120000146,897,1760,-863
120000149,515,619,-104
120000150,1580,12060,-10480
120000151,400,350,50
120000152,723,138,585
120000153,534,421,113
120000154,776,668,108
120000155,217,308,-91
120000156,441,2093,-1652
120000157,807,456,351
120000158,1166,676,490
120000159,2046,1502,544
120000160,2154,1692,462
120000161,3338,2193,1145
120000162,120,351,-231
120000163,852,366,486
120000164,666,116,550
120000165,886,252,634
120000166,1376,216,1160
120000167,323,133,190
120000168,8,590,-582
120000169,75,2338,-2263
120000170,17,3193,-3176
120000171,10,1121,-1111
120000172,44,911,-867
120000173,255,2459,-2204
120000174,29,85,-56
120000175,37,82,-45
120000176,20,50,-30
120000177,484,90,394
120000178,2,7,-5
120000179,28,58,-30
120000180,23,52,-29
120000181,32,1019,-987
120000182,36,1054,-1018
120000183,1,273,-272
120000184,366,1080,-714
120000186,42,2416,-2374
120000187,33,1053,-1020
120000188,20,1063,-1043
120000190,56,98,-42
120000191,68,183,-115
120000192,68,51,17
120000193,44,7,37
120000195,10,0,10
120000196,25,4,21
120000197,7,17,-10
120000198,259,25,234
120000199,268,0,268
120000200,475,1,474
120000201,60,68,-8
120000202,6,31,-25
120000203,120,81,39
120000207,0,32,-32
120000208,55,52,3
120000209,8,16,-8
120000210,106,77,29
120000211,257,0,257
120000212,244,3,241
120000213,157,52,105
120000214,0,81,-81
120000215,1,52,-51
120000216,174,25,149
120000217,666,859,-193
120000218,27,381,-354
120000219,0,208,-208
120000220,2,441,-439
120000225,2333,0,2333
120000226,467,6,461
120000227,1019,84,935
120000228,11253,4344,6909
120000230,559,18,541
120000231,1837,629,1208
120000233,422,3,419
120000235,298,303,-5
120000236,1137,2,1135
120000237,1,556,-555
120000238,6,1302,-1296
120000241,1129,4207,-3078
120000412,96,1,95
120000413,452,60,392
120000414,195,2,193
120000415,5,28,-23
120000416,31,0,31
120000417,3,63,-60
120000418,257,6,251
120000419,2,51,-49
120000420,24,12,12
120000421,5835,3320,2515
120000422,109,2991,-2882
120000423,5,81,-76
120000424,274,62,212
120000436,143,1336,-1193
120000437,55,102,-47
120000438,1375,269,1106
120000439,220,666,-446
120000443,230,0,230
120000444,1867,287,1580
120000445,2536,1015,1521
120000446,1621,216,1405
120000447,261,6,255
120000449,240,1,239
120000450,2,64,-62
120000451,131,154,-23
120000452,352,2,350
120000453,0,33,-33
120000454,17,88,-71
120000455,114,31,83
120000456,1948,4850,-2902
120000457,367,314,53
120000458,311,278,33
120000459,102,41,61
120000665,157,248,-91
120000668,90,1660,-1570
120000669,199,166,33
120000670,48,880,-832
120000671,2304,835,1469
120000672,56,331,-275
120900001,91,83,8
120900002,63,476,-413
120900003,187,6,181
120900004,15,187,-172
120900005,11,451,-440
120900006,768,213,555
120900007,195,58,137
120900008,413,224,189
120900009,409,13,396
120900010,876,186,690
120900011,46,223,-177
120900012,37,1264,-1227
120900013,322,91,231
120900014,0,180,-180
120900015,853,92,761
120900016,1837,46,1791
120900017,1091,31,1060
120900018,129,90,39
120900019,595,412,183
120900020,494,798,-304
120900021,628,139,489
120900022,12,290,-278
120900023,394,34,360
120900024,1181,359,822
120900025,896,960,-64
120900026,106,83,23
120900027,570,35,535
120900028,727,162,565
120900029,44,1029,-985
120900030,3107,608,2499
120900031,419,109,310
120900032,1597,41,1556
120900033,1521,139,1382
120900034,21,3632,-3611
120900035,22,47,-25
120900037,367,14,353
120900038,158,542,-384
120900039,249,45,204
120900040,344,4,340
120900041,28,13,15
120900042,717,24,693
120900043,124,42,82
120900044,9,450,-441
120900045,57,35,22
120900046,898,3,895
120900047,219,139,80
120900048,184,27,157
120900049,516,2,514
120900050,899,2598,-1699
120900051,378,69,309
120900052,995,8,987
120900053,355,36,319
120900054,445,231,214
120900055,887,22,865
120900056,1246,48,1198
120900057,436,14,422
120900058,679,2,677
120900059,178,12,166
120900060,54,17,37
120900061,187,83,104
120900062,459,2,457
120900063,1674,16,1658
120900064,1006,2,1004
120900065,776,1,775
120900066,279,46,233
120900067,227,67,160
120900068,460,0,460
120900069,646,12,634
120900071,29,1,28
120900072,1699,12,1687
120900073,929,25,904
120900074,685,16,669
120900076,496,1,495
120900077,885,83,802
120900078,928,260,668
120900079,819,34,785
120900080,1602,341,1261
120900081,2093,133,1960
120900082,167,232,-65
120900083,63,3,60
120900084,714,564,150
120900085,56,117,-61
120900086,42,688,-646
120900087,413,303,110
120900088,160,664,-504
120900089,1187,4304,-3117
120900090,253,6,247
120900091,297,942,-645
120900092,237,234,3
120900093,755,82,673
120900094,168,129,39
120900095,196,20,176
120900096,63,110,-47
120900097,495,374,121
120900098,62,79,-17
120900099,76,76,0
120900100,16,128,-112
120900101,116,96,20
120900102,45,37,8
120900103,68,170,-102
120900104,8,51,-43
120900105,21,216,-195
120900106,251,136,115
120900107,101,76,25
120900108,19,193,-174
120900109,23,172,-149
120900110,9,199,-190
120900111,130,164,-34
120900112,19,228,-209
120900113,12,204,-192
120900114,35,136,-101
120900115,122,232,-110
120900116,504,116,388
120900117,12,70,-58
120900118,27,141,-114
120900119,8305,2041,6264
120900120,41,331,-290
120900121,35,241,-206
120900122,836,89,747
120900123,5,92,-87
120900124,7,109,-102
120900125,2,260,-258
120900126,634,487,147
120900127,15,130,-115
120900128,282,635,-353
120900129,12,110,-98
120900130,10,77,-67
120900131,240,61,179
120900132,1287,96,1191
120900133,23,218,-195
120900134,137,148,-11
120900135,8,163,-155
120900136,55,33,22
120900137,412,68,344
120900138,27,90,-63
120900139,0,181,-181
120900140,3,148,-145
120900141,154,133,21
120900142,2,100,-98
120900143,0,161,-161
120900144,0,33,-33
120900145,64,546,-482
120900146,6,163,-157
120900147,199,424,-225
120900148,162,94,68
120900149,1,83,-82
120900150,37,130,-93
120900151,126,121,5
120900152,363,17,346
120900153,0,0,0
120900154,1,40,-39
120900155,161,284,-123
120900156,396,69,327
120900157,0,0,0
120900158,43,125,-82
120900159,3,20,-17
120900160,33,207,-174
120900161,59,176,-117
120900162,68,371,-303
120900163,301,1021,-720
120900164,0,85,-85
120900165,2,296,-294
120900166,37,712,-675
120900167,121,34,87
120900169,127,110,17
120900170,216,4415,-4199
120900171,265,158,107
120900172,161,2237,-2076
120900173,6,32,-26
120900174,3,39,-36
120900175,84,94,-10
120900176,30,307,-277
120900177,3,1827,-1824
120900178,21,418,-397
120900179,158,264,-106
120900180,50,115,-65
120900181,4,25,-21
120900182,38,102,-64
120900183,893,32,861
120900184,268,33,235
120900185,1149,1681,-532
120900186,0,93,-93
120900187,429,715,-286
120900188,342,4,338
120900189,103,4359,-4256
120900190,257,1,256
120900191,37,6,31
120900192,4088,14412,-10324
120900194,39,59,-20
120900195,70,113,-43
120900196,409,56,353
120900197,728,144,584
120900198,136,192,-56
120900199,331,274,57
120900200,19,99,-80
120900201,120,70,50
120900202,0,38,-38
120900203,22,31,-9
120900204,58,132,-74
120900205,54,15,39
120900206,73,24,49
120900207,25,364,-339
121000001,347,2053,-1706
121000002,1818,1695,123
121000003,4705,2062,2643
121000004,2010,2563,-553
121000005,1789,2250,-461
121000006,2558,2800,-242
121000007,1965,6252,-4287
121000008,3010,5196,-2186
121000009,4065,7148,-3083
121000010,5242,5693,-451
121000011,3230,8452,-5222
121000012,9009,4973,4036
121000013,5898,6977,-1079
121000014,6823,5086,1737
121000015,4705,8741,-4036
121000016,3928,4276,-348
121000017,1272,1252,20
121000018,1721,1307,414
121000019,6234,4780,1454
121000020,7539,12437,-4898
121000021,1621,2573,-952
121000022,1740,2790,-1050
121000023,1971,1139,832
121000024,4397,4343,54
121000025,219,1102,-883
121000026,306,162,144
121000027,1855,1379,476
121000028,684,975,-291
121000029,672,491,181
121000030,485,277,208
121000031,479,818,-339
121000032,160,102,58
121000034,338,535,-197
121000035,280,311,-31
121000036,582,778,-196
121000037,306,1285,-979
121000038,276,900,-624
121000039,195,267,-72
121000041,478,375,103
121000042,130,314,-184
121000043,386,396,-10
121000044,814,740,74
121000045,559,568,-9
121000046,783,878,-95
121000047,434,162,272
121000049,634,529,105
121000050,268,1678,-1410
121000051,824,375,449
121000052,543,1436,-893
121000053,316,145,171
121000054,50,411,-361
121000055,800,2971,-2171
121000056,619,1299,-680
121000057,40,260,-220
121000058,344,356,-12
121000059,3000,1284,1716
121000060,533,1042,-509
121000061,83,396,-313
121000062,147,770,-623
121000063,525,1023,-498
121000064,578,883,-305
121000065,146,952,-806
121000066,699,1779,-1080
121000067,287,596,-309
121000068,422,608,-186
121000069,115,1205,-1090
121000070,865,1442,-577
121000071,1491,2106,-615
121000072,749,1006,-257
121000073,859,1705,-846
121000074,32,290,-258
121000075,3,142,-139
121000076,319,327,-8
121000077,125,151,-26
121000078,79,256,-177
121000080,1859,598,1261
121000081,3630,3369,261
121000082,0,0,0
121000083,176,435,-259
121000084,661,541,120
121000085,540,874,-334
121000086,936,534,402
121000087,85,206,-121
121000088,592,704,-112
121000089,143,453,-310
121000090,178,400,-222
121000091,1108,734,374
121000092,189,83,106
121000093,199,218,-19
121000094,236,687,-451
121000095,186,929,-743
121000096,6051,2328,3723
121000097,409,2219,-1810
121000098,414,395,19
121000099,568,405,163
121000100,502,116,386
121000101,348,208,140
121000102,266,103,163
121000103,253,121,132
121000104,201,36,165
121000105,365,68,297
121000106,257,158,99
121000107,1746,3131,-1385
121000109,967,691,276
121000110,147,697,-550
121000114,5496,2572,2924
121000115,3623,847,2776
121000116,319,1387,-1068
121000117,173,366,-193
121000118,1389,290,1099
121000119,269,217,52
121000120,401,303,98
121000121,233,1670,-1437
121000123,730,847,-117
121000127,154,141,13
121000128,1197,181,1016
121000129,899,189,710
121000130,671,502,169
121000131,1049,916,133
121000132,1347,1782,-435
121000135,129,263,-134
121000136,728,1233,-505
121000137,723,240,483
121000138,433,1590,-1157
121000139,248,559,-311
121000141,282,233,49
121000142,1447,1766,-319
121000143,108,16,92
121000144,369,827,-458
121000145,574,894,-320
121000146,1036,1942,-906
121000147,894,534,360
121000148,947,1043,-96
121000149,1996,2408,-412
121000152,328,271,57
121000153,1369,457,912
121000154,1723,528,1195
121000155,2566,1132,1434
121000156,406,1122,-716
121000157,701,899,-198
121000158,166,222,-56
121000159,225,346,-121
121000160,533,754,-221
121000161,226,290,-64
121000162,152,80,72
121000165,910,1799,-889
121000166,42,490,-448
121000168,252,209,43
121000169,64,182,-118
121000170,262,109,153
121000171,71,218,-147
121000172,1192,955,237
121000173,1898,1369,529
121000174,719,702,17
121000175,1887,733,1154
121000176,424,363,61
121000177,722,568,154
121000178,68,102,-34
121000179,44,49,-5
121000181,383,391,-8
121000182,149,340,-191
121000183,53,120,-67
121000184,15,164,-149
121000185,24,487,-463
121000186,286,755,-469
121000187,214,133,81
121000188,351,85,266
121000192,654,384,270
121000193,636,333,303
121000194,1505,1807,-302
121000195,255,1376,-1121
121000196,624,475,149
121000197,123,1473,-1350
121000198,151,267,-116
121000199,139,175,-36
121000200,512,148,364
121000201,2,185,-183
121000202,587,123,464
121000203,461,1486,-1025
121000204,2879,700,2179
121000205,85,258,-173
121000206,120,60,60
121000207,2047,584,1463
121000208,10,237,-227
121000209,356,29,327
121000210,790,289,501
121000211,289,126,163
121000212,410,638,-228
121000213,18582,3250,15332
121000214,1258,1813,-555
121000215,696,3274,-2578
121000216,567,551,16
121000217,3399,3069,330
121000218,419,2733,-2314
121000219,1796,1293,503
121000220,158,97,61
121000221,158,512,-354
121000222,2792,3139,-347
121000223,585,574,11
121000224,124,776,-652
121000225,814,3718,-2904
121000226,767,1545,-778
121000227,27,144,-117
121000228,35,897,-862
121000229,359,494,-135
121000230,43,2651,-2608
121000231,1557,34,1523
121000232,521,305,216
121000233,573,350,223
121000234,10,61,-51
121000235,29,65,-36
121000236,2,109,-107
121000237,10,12,-2
121000238,5,62,-57
121000239,77,9,68
121000240,6,105,-99
121000241,70,22,48
121000242,57,465,-408
121000243,123,36,87
121000244,5,54,-49
121000245,19,7,12
121000246,8,104,-96
121000247,159,8,151
121000248,279,1079,-800
121000249,82,875,-793
121000250,474,355,119
121000251,23,229,-206
121000252,100,86,14
121000253,239,322,-83
121000254,640,114,526
121000255,185,284,-99
121000256,262,246,16
121000257,83,165,-82
121000258,43,135,-92
121000259,16,100,-84
121000260,50,82,-32
121000261,48,133,-85
121000262,3098,284,2814
121000263,557,468,89
121000271,1455,1863,-408
121000273,28,12,16
121000274,8,132,-124
121000275,3,15,-12
121000276,14,36,-22
121000278,45,28,17
121000279,42,37,5
121000280,37,61,-24
121000289,388,9,379
121000290,1905,2165,-260
121000294,233,35,198
121000297,579,1253,-674
121000299,70,1838,-1768
121000300,2211,1355,856
121000302,10,541,-531
121000303,511,150,361
121000304,426,84,342
121000305,327,120,207
121000306,183,195,-12
121000308,67,220,-153
121000309,273,683,-410
121000310,153,418,-265
121000311,20,237,-217
121000312,498,345,153
121000313,333,229,104
121000314,215,132,83
121000315,135,115,20
121000530,1748,1937,-189
121000531,1892,1651,241
121000532,4967,5654,-687
121000533,2982,3991,-1009
121000919,23,105,-82
121000938,82,91,-9
121000939,30,215,-185
121000956,1610,1612,-2
121000957,0,13,-13
121000958,9,60,-51
121000959,1054,253,801
121000960,947,1195,-248
121000961,314,44,270
121000962,578,346,232
121000973,0,220,-220
121000976,2,64,-62
121000979,336,132,204
121000981,365,79,286
121000982,434,245,189
121000983,628,205,423
121000984,3,71,-68
121000985,1094,342,752
121000986,392,129,263
121000987,210,490,-280
121000988,1224,181,1043
121001302,174,126,48
121001308,0,14,-14
121001309,20,216,-196
121001311,0,0,0
121001313,208,85,123
121001314,1402,1356,46
121001315,5025,4574,451
121001326,634,442,192
121001327,112,148,-36
121001328,106,33,73
121900001,112,352,-240
121900002,18,61,-43
121900003,542,11,531
121900004,71,412,-341
121900005,17,4,13
121900006,136,8,128
121900007,1644,1229,415
121900008,39,188,-149
121900009,946,29,917
121900010,262,2,260
121900011,195,107,88
121900012,4,0,4
121900013,246,74,172
121900014,2389,391,1998
121900015,121,154,-33
121900016,5,31,-26
121900017,475,825,-350
121900018,583,3,580
121900019,660,131,529
121900020,57,1,56
121900021,938,16,922
121900022,158,308,-150
121900023,114,275,-161
121900024,299,23,276
121900025,515,595,-80
121900026,310,97,213
121900027,371,163,208
121900028,188,3,185
121900029,47,167,-120
121900030,243,528,-285
121900031,1232,5767,-4535
121900032,84,23,61
121900033,198,404,-206
121900034,173,198,-25
121900035,5413,3180,2233
121900036,150,385,-235
121900037,83,1373,-1290
121900038,20,39,-19
121900039,230,36,194
121900040,28,71,-43
121900041,51,295,-244
121900042,366,204,162
121900043,3,1,2
121900044,43,25,18
121900046,110,156,-46
121900047,193,63,130
121900048,28,31,-3
121900050,21,45,-24
121900051,128,267,-139
121900052,146,66,80
121900053,499,269,230
121900054,165,1815,-1650
121900055,0,15,-15
121900058,401,593,-192
121900059,256,176,80
121900060,82,606,-524
121900062,39,59,-20
121900063,1325,399,926
121900064,266,673,-407
121900066,48,11,37
121900067,17,20,-3
121900069,149,126,23
121900070,110,196,-86
121900071,706,240,466
121900072,56,119,-63
121900073,182,397,-215
121900074,204,560,-356
121900075,285,957,-672
121900076,322,1133,-811
121900078,104,22,82
121900079,0,0,0
121900080,640,204,436
121900082,46,126,-80
121900084,9,11,-2
121900086,17,41,-24
121900087,65,240,-175
121900088,972,1517,-545
121900089,282,163,119
121900090,22,21,1
121900091,54,13,41
121900092,111,101,10
121900093,78,67,11
121900094,28,7,21
121900095,295,92,203
121900096,573,731,-158
121900097,611,97,514
121900098,0,1,-1
121900099,212,40,172
121900100,36,205,-169
121900101,92,133,-41
121900102,1,72,-71
121900103,269,316,-47
121900104,1462,398,1064
121900105,234,126,108
121900106,1,9,-8
121900107,38,12,26
121900108,0,3,-3
121900109,195,207,-12
121900110,578,370,208
121900111,586,232,354
121900112,62,221,-159
121900113,76,370,-294
121900114,51,40,11
121900117,109,95,14
121900118,2800,731,2069
121900119,127,34,93
121900120,71,662,-591
121900121,457,24,433
121900122,25,52,-27
121900123,155,347,-192
121900124,242,147,95
121900125,3000,1197,1803
121900127,12,98,-86
121900128,68,48,20
121900129,158,204,-46
121900130,94,229,-135
121900131,203,163,40
121900132,39,85,-46
121900133,21,781,-760
121900134,16,601,-585
121900135,4825,398,4427
121900136,290,168,122
121900137,28,272,-244
121900138,46,128,-82
121900139,290,4321,-4031
121900140,31,58,-27
121900141,75,15,60
121900142,68,40,28
121900143,14,88,-74
121900144,128,1079,-951
121900145,113,178,-65
121900146,394,602,-208
121900147,48,456,-408
121900148,296,422,-126
121900149,207,449,-242
121900150,27,131,-104
121900151,37,551,-514
121900152,105,77,28
121900153,18,150,-132
121900154,9,509,-500
121900155,2,185,-183
121900156,52,245,-193
121900157,1,397,-396
121900158,87,125,-38
121900159,2,181,-179
121900160,2,369,-367
121900161,138,665,-527
121900162,73,143,-70
121900163,395,165,230
121900164,170,413,-243
121900165,91,199,-108
121900166,85,214,-129
121900167,35,64,-29
121900168,89,145,-56
121900169,18,325,-307
121900170,10,80,-70
121900171,787,867,-80
121900172,495,340,155
121900173,542,388,154
121900174,46,27,19
121900175,39,560,-521
121900176,425,2330,-1905
121900177,182,85,97
121900178,44,107,-63
121900179,350,339,11
121900180,1598,4825,-3227
121900182,601,947,-346
121900183,430,1686,-1256
121900184,27,1597,-1570
121900186,4,877,-873
121900187,21,93,-72
121900188,789,235,554
121900189,63,36,27
121900190,249,558,-309
121900191,42,629,-587
121900192,163,2813,-2650
121900193,25,367,-342
121900194,9,323,-314
121900195,16,33,-17
121900196,836,892,-56
121900197,275,1266,-991
121900198,3756,2588,1168
121900199,0,27,-27
121900200,102,145,-43
121900201,643,488,155
121900202,106,575,-469
121900203,58,1557,-1499
121900204,1497,1003,494
121900205,19,131,-112
121900206,13,48,-35
121900207,39,27,12
121900208,76,650,-574
121900209,33,42,-9
121900210,3151,1874,1277
121900211,819,412,407
121900212,20,107,-87
121900213,361,27,334
121900214,4,349,-345
121900215,28,104,-76
121900216,15,181,-166
121900217,139,162,-23
121900218,109,1294,-1185
121900220,88,12,76
121900221,534,450,84
121900222,273,147,126
121900223,126,182,-56
121900224,54,103,-49
121900225,127,177,-50
121900226,160,35,125
121900227,302,1774,-1472
121900228,112,118,-6
121900230,60,330,-270
121900231,39,1307,-1268
121900232,75,468,-393
121900233,374,192,182
121900234,220,170,50
121900235,436,147,289
121900236,243,148,95
121900237,215,800,-585
121900238,142,329,-187
121900239,98,48,50
121900240,148,103,45
121900241,43,43,0
121900242,2,0,2
121900243,20,0,20
121900244,8,1,7
121900245,254,73,181
121900246,8155,597,7558
121900248,1542,855,687
121900250,134,622,-488
121900251,647,22,625
121900252,296,173,123
121900253,59,1475,-1416
121900254,263,553,-290
121900255,619,152,467
121900258,4931,1129,3802
121900259,128,547,-419
121900260,64,40,24
121900261,98,712,-614
121900262,851,1299,-448
121900263,175,152,23
121900264,618,699,-81
121900265,338,95,243
121900266,513,93,420
121900267,59,31,28
121900269,141,627,-486
121900270,42,175,-133
121900271,24,152,-128
121900273,357,1618,-1261
121900274,330,221,109
121900277,236,758,-522
121900278,75,1370,-1295
121900279,153,217,-64
121900280,81,537,-456
121900281,84,408,-324
121900284,26,3,23
121900286,95,56,39
121900287,22,18,4
121900288,0,12,-12
121900290,136,2173,-2037
121900291,368,1404,-1036
121900292,130,144,-14
121900293,608,6374,-5766
121900294,293,4,289
121900295,145,68,77
121900296,60,175,-115
121900298,79,1154,-1075
121900299,0,2,-2
121900300,37,4,33
121900301,50,0,50
121900302,0,107,-107
121900303,171,799,-628
121900304,7,18,-11
121900305,4,12,-8
121900306,248,1,247
121900307,121,3,118
121900308,5,119,-114
121900309,2,74,-72
121900310,12,123,-111
121900311,538,17,521
121900312,412,7,405
121900313,447,31,416
121900314,2,4,-2
121900315,8,1,7
121900316,0,1,-1
121900317,26,7,19
121900318,0,3,-3
121900319,40,237,-197
121900320,39,32,7
121900321,20,2,18
121900322,3,6,-3
121900323,69,30,39
121900324,1,23,-22
121900325,23,7,16
121900326,2,1,1
121900327,0,27,-27
121900328,0,15,-15
121900329,2,60,-58
121900330,1,205,-204
121900331,46,26,20
121900332,58,16,42
121900333,49,0,49
121900334,53,37,16
122000001,1215,4899,-3684
122000002,1865,1113,752
122000003,992,2922,-1930
122000004,947,1110,-163
122000005,6519,2829,3690
122000006,717,1917,-1200
122000007,540,2086,-1546
122000008,894,3238,-2344
122000009,699,598,101
122000010,3214,3066,148
122000011,7189,3717,3472
122000012,1763,5304,-3541
122000013,562,2711,-2149
122000014,7370,1971,5399
122000015,869,904,-35
122000016,310,615,-305
122000017,1104,1312,-208
122000018,2390,2204,186
122000019,883,2650,-1767
122000020,100,533,-433
122000021,162,417,-255
122000022,1340,2122,-782
122000023,1216,2036,-820
122000024,541,4079,-3538
122000025,583,4459,-3876
122000026,314,1608,-1294
122000027,563,922,-359
122000028,1786,815,971
122000029,189,1028,-839
122000030,146,178,-32
122000031,208,469,-261
122000032,9049,4190,4859
122000033,412,6364,-5952
122000034,197,1148,-951
122000035,165,629,-464
122000036,409,603,-194
122000037,1157,298,859
122000038,219,570,-351
122000039,657,985,-328
122000040,209,313,-104
122000041,995,1152,-157
122000042,381,1062,-681
122000043,73,251,-178
122000044,68,138,-70
122000045,3111,1332,1779
122000046,942,1729,-787
122000047,71,258,-187
122000048,1564,3210,-1646
122000049,6592,3876,2716
122000050,622,1171,-549
122000051,162,549,-387
122000052,424,594,-170
122000053,228,1227,-999
122000054,1273,2851,-1578
122000055,1922,4359,-2437
122000056,2710,2635,75
122000057,4717,4373,344
122000058,626,2691,-2065
122000059,809,5797,-4988
122000060,170,1536,-1366
122000061,117,1166,-1049
122000062,410,328,82
122000063,323,1982,-1659
122000064,2510,8931,-6421
122000065,1457,4089,-2632
122000066,178,1286,-1108
122000067,1221,2494,-1273
122000068,2506,1078,1428
122000069,1690,2007,-317
122000070,875,1522,-647
122000071,5086,1345,3741
122000072,1873,1243,630
122000073,185,2734,-2549
122000074,2112,1497,615
122000075,1241,909,332
122000076,13633,3036,10597
122000077,567,3524,-2957
122000078,473,7798,-7325
122000079,689,3876,-3187
122000080,376,1044,-668
122000081,62,216,-154
122000082,214,1719,-1505
122000083,5759,797,4962
122000084,5284,1614,3670
122000085,231,942,-711
122000086,2742,6689,-3947
122000087,194,229,-35
122000088,67,187,-120
122000089,7692,2574,5118
122000090,252,1333,-1081
122000091,127,701,-574
122000092,51,97,-46
122000093,1207,3452,-2245
122000094,7063,3033,4030
122000095,690,4301,-3611
122000096,357,2506,-2149
122000098,3740,3485,255
122000099,543,2201,-1658
122000100,540,897,-357
122000101,295,360,-65
122000102,3383,1073,2310
122000103,1017,1743,-726
122000104,2633,197,2436
122000105,392,704,-312
122000106,463,2517,-2054
122000107,1069,463,606
122000108,557,786,-229
122000109,593,241,352
122000110,693,803,-110
122000111,4231,1472,2759
122000112,2270,1491,779
122000113,880,1059,-179
122000114,1552,3104,-1552
122000115,1418,2139,-721
122000116,168,264,-96
122000117,1063,308,755
122000118,589,360,229
122000119,2072,1381,691
122000120,810,2671,-1861
122000121,457,1919,-1462
122000122,266,867,-601
122000123,844,973,-129
122000124,554,902,-348
122000125,226,406,-180
122000126,338,541,-203
122000127,265,583,-318
122000128,218,329,-111
122000129,282,1573,-1291
122000130,1648,913,735
122000131,1101,1050,51
122000132,187,465,-278
122000133,591,782,-191
122000134,749,573,176
122000135,310,289,21
122000136,783,484,299
122000137,1910,882,1028
122000139,724,2761,-2037
122000140,299,1591,-1292
122000141,4094,2454,1640
122000142,66,2843,-2777
122000143,220,633,-413
122000144,1225,1202,23
122000145,584,980,-396
122000146,602,2390,-1788
122000147,471,862,-391
122000148,243,748,-505
122000149,1248,970,278
122000150,1140,879,261
122000151,32,66,-34
122000152,370,651,-281
122000153,203,847,-644
122000154,274,421,-147
122000155,1332,2267,-935
122000156,4171,2338,1833
122000157,5280,10929,-5649
122000158,246,1027,-781
122000159,513,1597,-1084
122000160,1541,1649,-108
122000161,1009,1161,-152
122000162,863,1714,-851
122000163,385,164,221
122000164,56,267,-211
122000165,1074,1889,-815
122000166,754,2709,-1955
122000167,275,525,-250
122000168,140,1232,-1092
122000169,370,266,104
122000170,287,346,-59
122000171,19,58,-39
122000172,2245,1303,942
122000173,1563,2685,-1122
122000174,1395,1464,-69
122000175,670,408,262
122000176,324,1578,-1254
122000177,903,1809,-906
122000178,6783,3706,3077
122000179,3830,4109,-279
122000180,669,1062,-393
122000181,955,1973,-1018
122000182,1710,864,846
122000183,2915,1129,1786
122000184,4135,2714,1421
122000185,1390,3987,-2597
122000186,810,2976,-2166
122000187,1446,2095,-649
122000188,701,420,281
122000189,274,493,-219
122000190,725,2301,-1576
122000191,645,789,-144
122000192,1119,463,656
122000193,318,849,-531
122000194,376,280,96
122000195,96,993,-897
122000196,747,426,321
122000197,362,728,-366
122000198,570,2557,-1987
122000199,295,470,-175
122000200,1072,835,237
122000201,1101,3820,-2719
122000202,1056,4305,-3249
122000203,1757,983,774
122000204,1091,1412,-321
122000205,485,773,-288
122000206,6319,1287,5032
122000207,1431,2009,-578
122000208,1846,3022,-1176
122000209,2214,818,1396
122000210,1733,4280,-2547
122000211,950,1782,-832
122000212,540,313,227
122000213,771,1098,-327
122000214,1396,1407,-11
122000215,2611,2233,378
122000217,1375,3462,-2087
122000218,727,110,617
122000219,1399,967,432
122000220,302,670,-368
122000221,116,289,-173
122000222,431,139,292
122000223,663,805,-142
122000225,394,728,-334
122000226,1104,1352,-248
122000227,170,1340,-1170
122000228,188,228,-40
122000229,12,275,-263
122000230,23,252,-229
122000231,173,572,-399
122000232,310,534,-224
122000233,0,59,-59
122000234,494,63,431
122000235,883,59,824
122000236,1050,27,1023
122000237,81,52,29
122000238,243,306,-63
122000239,575,133,442
122000240,1108,529,579
122000241,1873,320,1553
122000242,550,91,459
122000243,419,44,375
122000244,88,188,-100
122000245,82,93,-11
122000246,388,150,238
122000247,483,255,228
122000248,929,661,268
122000249,1232,913,319
122000250,1969,1192,777
122000251,58,337,-279
122000252,162,140,22
122000253,34,144,-110
122000254,267,35,232
122000255,307,452,-145
122000256,235,324,-89
122000257,144,118,26
122000258,179,160,19
122000259,22,242,-220
122000260,243,453,-210
122000261,11,253,-242
122000262,0,37,-37
122000263,148,265,-117
122000264,1263,372,891
122000265,2541,1143,1398
122000266,3661,667,2994
122000267,182,126,56
122000268,165,366,-201
122000269,680,490,190
122000270,497,225,272
122000271,282,2439,-2157
122000272,330,1442,-1112
122000273,391,712,-321
122000274,238,158,80
122000275,315,182,133
122000276,631,264,367
122000277,1041,1032,9
122000278,2251,676,1575
122000279,117,137,-20
122000280,486,224,262
122000281,373,351,22
122000282,167,421,-254
122000283,143,224,-81
122000284,107,46,61
122000285,270,46,224
122000286,46,124,-78
122000287,1338,1022,316
122000288,491,253,238
122000291,2860,762,2098
122000293,131,107,24
122000294,128,321,-193
122000295,884,125,759
122000296,13,656,-643
122000297,1218,2648,-1430
122000299,649,1420,-771
122000300,401,363,38
122000301,5250,2903,2347
122000302,364,2481,-2117
122000303,1312,526,786
122000304,48,166,-118
122000305,1194,559,635
122000306,31,255,-224
122000307,59,52,7
122000309,34,36,-2
122000310,29,110,-81
122000311,47,89,-42
122000312,109,317,-208
122000313,78,109,-31
122000314,124,434,-310
122000315,285,34,251
122000316,1149,305,844
122000317,2085,270,1815
122000318,167,490,-323
122000319,63,340,-277
122000320,252,715,-463
122000321,76,132,-56
122000322,1718,2373,-655
122000323,537,4401,-3864
122000324,2203,2758,-555
122000325,591,6420,-5829
122000326,127,65,62
122000327,319,1190,-871
122000328,429,475,-46
122000330,2640,2020,620
122000333,18,50,-32
122000337,859,287,572
122000338,561,247,314
122000340,154,4079,-3925
122000342,1478,568,910
122000343,494,398,96
122000344,73,5,68
122000345,219,44,175
122000346,179,112,67
122000348,712,606,106
122000349,40,354,-314
122000351,235,257,-22
122000352,124,163,-39
122000353,175,94,81
122000355,114,272,-158
122000356,430,2312,-1882
122000357,59,10,49
122000358,3,10,-7
122000359,0,21,-21
122000360,3,37,-34
122000362,8,13,-5
122000364,245,146,99
122000365,3,30,-27
122000366,8,5,3
122000368,436,806,-370
122000370,23,9,14
122000371,13,0,13
122000372,8,0,8
122000381,167,334,-167
122000382,76,225,-149
122000384,1216,1328,-112
122000385,50,1,49
122000386,106,1894,-1788
122000387,530,2411,-1881
122000388,854,1279,-425
122000389,173,2470,-2297
122000390,573,528,45
122000391,124,1216,-1092
122000392,196,121,75
122000393,400,219,181
122000394,612,154,458
122000395,86,110,-24
122000396,285,74,211
122000399,144,90,54
122000400,53,1663,-1610
122000401,153,50,103
122000402,438,137,301
122000403,226,280,-54
122000404,151,89,62
122000408,416,716,-300
122000503,6,58,-52
122000524,72,381,-309
122000544,43,2624,-2581
122000614,385,493,-108
122000616,115,1,114
122000640,87,71,16
122000641,211,116,95
122000642,1150,431,719
122000643,43,255,-212
122000644,141,38,103
122000645,145,729,-584
122000651,435,3692,-3257
122000664,192,94,98
122000665,1114,493,621
122000666,499,900,-401
122000673,47,106,-59
122000674,372,104,268
122000675,1798,590,1208
122000686,98,1296,-1198
122000687,988,109,879
122000688,215,334,-119
122000689,769,74,695
122000690,2472,160,2312
122000691,827,503,324
122000692,2068,296,1772
122000693,497,1505,-1008
122000695,291,119,172
122000696,556,85,471
122000698,407,217,190
122000699,242,41,201
122000701,2558,446,2112
122000702,466,1331,-865
122000703,200,45,155
122000712,0,0,0
122000717,1122,188,934
122000718,373,3044,-2671
122000719,81,78,3
122000720,1013,73,940
122000724,191,268,-77
122900001,30,4,26
122900002,405,6027,-5622
122900003,319,24,295
122900004,1336,65,1271
122900005,57,82,-25
122900006,215,601,-386
122900007,36,83,-47
122900008,106,76,30
122900009,1130,332,798
122900010,232,130,102
122900012,107,399,-292
122900014,93,104,-11
122900015,549,858,-309
122900016,140,133,7
122900017,171,1417,-1246
122900018,195,14,181
122900020,125,299,-174
122900021,20,190,-170
122900022,1047,791,256
122900023,407,61,346
122900024,101,82,19
122900025,13,238,-225
122900026,15,99,-84
122900027,25,411,-386
122900028,56,85,-29
122900029,7890,1970,5920
122900030,2303,365,1938
122900031,58,330,-272
122900032,544,217,327
122900033,162,206,-44
122900034,3054,3458,-404
122900035,10,7,3
122900036,36,30,6
122900037,414,149,265
122900038,54,2700,-2646
122900039,49,457,-408
122900040,148,1572,-1424
122900041,151,321,-170
122900042,106,259,-153
122900043,244,178,66
122900044,125,264,-139
122900045,187,362,-175
122900046,72,277,-205
122900047,104,211,-107
122900048,11,207,-196
122900049,3075,146,2929
122900051,34,634,-600
122900052,123,53,70
122900053,35,28,7
122900055,225,30,195
122900057,296,44,252
122900061,347,55,292
122900062,447,578,-131
122900063,208,105,103
122900064,531,365,166
122900065,566,189,377
122900066,564,266,298
122900067,512,296,216
122900069,270,1252,-982
122900070,339,46,293
122900071,121,230,-109
122900073,21,57,-36
122900074,814,109,705
122900075,6,75,-69
122900076,2,277,-275
122900077,10,32,-22
122900078,198,19,179
122900080,22,89,-67
122900081,130,147,-17
122900082,932,191,741
122900083,64,78,-14
122900084,2,79,-77
122900086,6,83,-77
122900087,647,355,292
122900088,28,796,-768
122900089,112,147,-35
122900090,1,324,-323
122900091,257,0,257
122900092,0,42,-42
122900093,0,96,-96
122900094,3,101,-98
122900095,122,36,86
122900096,423,21,402
122900097,23,33,-10
122900098,31,125,-94
122900099,93,17,76
122900100,40,658,-618
122900101,380,254,126
122900102,23,28,-5
122900103,324,5,319
122900104,421,1,420
122900105,32,12,20
122900106,1,36,-35
122900107,1,36,-35
122900108,20,121,-101
122900109,392,86,306
123000001,448,929,-481
123000002,1814,5131,-3317
123000003,3251,2903,348
123000004,2463,4227,-1764
123000005,2673,2330,343
123000006,2083,2024,59
123000007,3844,2514,1330
123000008,1980,1559,421
123000009,3588,2618,970
123000010,2903,3357,-454
123000011,1138,1847,-709
123000012,947,3837,-2890
123000013,3707,1612,2095
123000014,603,4501,-3898
123000015,1942,1263,679
123000016,722,2963,-2241
123000017,4308,1803,2505
123000018,115,101,14
123000019,661,42,619
123000020,456,32,424
123000021,231,258,-27
123000022,291,2006,-1715
123000023,2288,2750,-462
123000024,1801,973,828
123000025,408,87,321
123000026,47,142,-95
123000027,31,1032,-1001
123000028,535,1701,-1166
123000029,375,1405,-1030
123000030,304,80,224
123000031,263,113,150
123000032,637,83,554
123000033,437,170,267
123000034,1059,767,292
123000035,358,517,-159
123000036,198,1258,-1060
123000037,167,88,79
123000038,29,393,-364
123000039,404,1707,-1303
123000040,300,275,25
123000041,573,1575,-1002
123000042,365,1239,-874
123000043,806,7024,-6218
123000044,2339,2029,310
123000045,2264,1398,866
123000046,215,1225,-1010
123000047,544,908,-364
123000048,49,1508,-1459
123000049,2982,7772,-4790
123000050,2401,2486,-85
123000051,86,329,-243
123000052,1045,2957,-1912
123000053,1525,2265,-740
123000054,2003,1914,89
123000055,2803,4967,-2164
123000056,641,507,134
123000057,3584,4379,-795
123000058,657,1294,-637
123000059,622,4551,-3929
123000060,1156,610,546
123000061,1724,2449,-725
123000063,514,255,259
123000064,1303,256,1047
123000065,1979,1228,751
123000066,493,528,-35
123000067,1012,537,475
123000068,1448,1657,-209
123000069,2047,1445,602
123000070,77,187,-110
123000071,1166,385,781
123000072,654,289,365
123000073,2765,1102,1663
123000074,1642,1481,161
123000075,1286,2142,-856
123000076,698,469,229
123000077,1376,1094,282
123000078,2165,927,1238
123000079,2701,1577,1124
123000080,2758,1216,1542
123000081,190,443,-253
123000082,207,700,-493
123000083,1408,565,843
123000084,1027,371,656
123000085,523,130,393
123000086,1179,100,1079
123000087,550,357,193
123000088,1323,959,364
123000089,1115,861,254
123000090,1653,651,1002
123000091,2175,1571,604
123000092,1932,1510,422
123000094,883,259,624
123000095,823,603,220
123000096,1448,328,1120
123000097,760,265,495
123000098,1075,375,700
123000099,715,378,337
123000100,422,563,-141
123000101,308,475,-167
123000102,317,573,-256
123000104,531,461,70
123000105,330,443,-113
123000106,437,394,43
123000107,258,338,-80
123000108,1217,1249,-32
123000111,1085,456,629
123000112,631,249,382
123000113,444,668,-224
123000114,439,746,-307
123000115,232,309,-77
123000116,53,103,-50
123000117,868,630,238
123000118,326,289,37
123000119,387,506,-119
123000120,610,600,10
123000121,406,659,-253
123000122,396,311,85
123000123,578,778,-200
123000124,479,399,80
123000125,1082,1353,-271
123000126,1492,4613,-3121
123000127,387,641,-254
123000128,252,334,-82
123000129,926,224,702
123000130,986,102,884
123000131,1380,1122,258
123000132,281,655,-374
123000133,171,268,-97
123000134,213,146,67
123000135,1665,627,1038
123000136,141,326,-185
123000137,118,173,-55
123000138,88,162,-74
123000139,581,127,454
123000140,19,334,-315
123000141,633,106,527
123000142,995,696,299
123000143,739,1339,-600
123000144,1,26,-25
123000145,119,196,-77
123000146,21,166,-145
123000147,40,181,-141
123000149,238,352,-114
123000150,137,282,-145
123000151,152,633,-481
123000152,23,223,-200
123000153,88,720,-632
123000154,882,2105,-1223
123000155,1627,1305,322
123000156,33,146,-113
123000157,483,636,-153
123000158,383,770,-387
123000159,1982,2398,-416
123000160,1109,1086,23
123000161,1187,653,534
123000162,1268,1539,-271
123000163,750,177,573
123000164,1008,128,880
123000165,240,506,-266
123000166,17,59,-42
123000167,83,152,-69
123000168,292,114,178
123000169,841,69,772
123000170,93,40,53
123000171,937,9,928
123000172,132,246,-114
123000173,719,353,366
123000174,599,419,180
123000175,236,586,-350
123000176,1577,370,1207
123000177,204,482,-278
123000178,906,164,742
123000179,25,142,-117
123000180,1683,404,1279
123000181,117,449,-332
123000183,156,443,-287
123000186,59,360,-301
123000187,691,23,668
123000188,331,64,267
123000189,52,104,-52
123000190,4,54,-50
123000192,13,168,-155
123000193,128,465,-337
123000194,147,188,-41
123000195,200,33,167
123000196,252,26,226
123000197,161,86,75
123000198,90,446,-356
123000199,38,376,-338
123000200,359,25,334
123000201,620,5,615
123000202,73,397,-324
123000203,788,25,763
123000204,83,310,-227
123000205,204,447,-243
123000206,2203,225,1978
123000207,83,321,-238
123000208,1035,184,851
123000209,2404,528,1876
123000210,155,1019,-864
123000211,386,1673,-1287
123000212,4382,425,3957
123000213,847,302,545
123000215,101,207,-106
123000216,129,1040,-911
123000217,190,39,151
123000218,32,545,-513
123000219,517,105,412
123000220,562,104,458
123000222,252,313,-61
123000223,335,112,223
123000224,321,214,107
123000225,271,44,227
123000226,112,186,-74
123000227,94,140,-46
123000228,283,43,240
123000229,560,940,-380
123000232,50,408,-358
123000233,939,154,785
123000234,129,394,-265
123000235,1174,196,978
123000236,256,374,-118
123000237,458,119,339
123000238,65,275,-210
123000239,238,424,-186
123000240,65,940,-875
123000241,684,134,550
123000243,966,814,152
123000244,723,614,109
123000245,34,130,-96
123000249,353,433,-80
123000252,671,237,434
123000253,1479,567,912
123000254,432,574,-142
123000255,1046,957,89
123000256,366,280,86
123000257,612,425,187
123000258,1281,616,665
123000259,588,343,245
123000260,751,199,552
123000261,814,323,491
123000262,103,169,-66
123000263,490,93,397
123000264,163,110,53
123000265,33,93,-60
123000266,366,358,8
123000267,609,375,234
123000268,18,27,-9
123000269,90,113,-23
123000270,29,78,-49
123000271,26,35,-9
123000272,633,299,334
123000273,230,943,-713
123000274,1065,892,173
123000275,196,692,-496
123000278,1913,2653,-740
123000279,173,64,109
123000280,457,454,3
123000281,413,139,274
123000282,65,208,-143
123000283,203,109,94
123000284,51,29,22
123000286,180,691,-511
123000287,429,484,-55
123000288,844,1104,-260
123000289,159,1242,-1083
123000291,112,728,-616
123000294,188,283,-95
123000295,534,1181,-647
123000296,743,779,-36
123000297,835,327,508
123000298,1069,282,787
123000299,313,457,-144
123000300,2753,2563,190
123000301,175,744,-569
123000302,107,95,12
123000303,52,332,-280
123000305,992,937,55
123000306,249,58,191
123000309,38,76,-38
123000310,58,41,17
123000311,25,123,-98
123000312,617,506,111
123000313,1570,857,713
123000315,110,208,-98
123000316,317,624,-307
123000317,168,56,112
123000318,72,186,-114
123000329,3,21,-18
123000337,369,543,-174
123000338,129,189,-60
123000339,372,26,346
123000340,382,363,19
123000342,29,83,-54
123000343,77,44,33
123000344,925,154,771
123000345,547,485,62
123000346,1017,291,726
123000352,883,716,167
123000353,100,81,19
123000354,665,14,651
123000355,12,601,-589
123000356,461,11,450
123000357,0,78,-78
123000359,21,72,-51
123000360,180,137,43
123000361,229,204,25
123000362,449,98,351
123000363,101,76,25
123000364,1019,862,157
123000365,31,385,-354
123000366,831,3521,-2690
123000367,820,957,-137
123000370,50,133,-83
123000371,388,64,324
123000372,422,39,383
123000373,4,285,-281
123000374,9,68,-59
123000375,437,62,375
123000376,759,914,-155
123000377,398,15,383
123000378,4,206,-202
123000379,3,198,-195
123000380,32,184,-152
123000381,31,110,-79
123000382,455,211,244
123000383,137,682,-545
123000384,525,154,371
123000385,109,427,-318
123000436,106,2310,-2204
123000507,252,370,-118
123000508,825,1622,-797
123000517,222,12,210
123000518,14,71,-57
123000519,180,23,157
123000520,29,91,-62
123000521,826,219,607
123000522,332,363,-31
123000541,9,3,6
123000542,0,1,-1
123000565,1002,32,970
123000566,324,133,191
123000567,68,79,-11
123000575,40,416,-376
123000576,541,25,516
123000577,205,810,-605
123000578,241,152,89
123000579,1370,7697,-6327
123000580,129,51,78
123000582,337,28,309
123000583,9,246,-237
123000584,192,247,-55
123000585,0,28,-28
123000586,139,0,139
123000596,54,82,-28
123000597,37,266,-229
123000602,125,22,103
123000603,626,47,579
123000604,179,236,-57
123000605,704,71,633
123000606,1,489,-488
123000609,19,281,-262
123000610,73,72,1
123000613,1,46,-45
123000615,34,96,-62
123000616,255,19,236
123000617,128,120,8
123000618,36,490,-454
123000619,678,45,633
123000620,49,1194,-1145
123000622,672,125,547
123000624,202,48,154
123000630,2706,416,2290
123000631,2344,1298,1046
123000632,1120,1503,-383
123000633,143,294,-151
123000634,74,315,-241
123000635,37,105,-68
123000636,89,286,-197
123000637,202,35,167
123000638,661,29,632
123000639,2451,5329,-2878
123000640,16,194,-178
123000648,1289,291,998
123000649,165,503,-338
123000650,272,97,175
123000651,176,216,-40
123000652,685,32,653
123000653,129,70,59
123000654,70,263,-193
123000655,44,231,-187
123000656,538,54,484
123000657,5,39,-34
123000658,173,4,169
123900001,784,59,725
123900002,32,1019,-987
123900003,118,351,-233
123900005,247,270,-23
123900006,383,94,289
124000001,1497,126,1371
124000002,9,394,-385
124000003,945,131,814
124000004,42,292,-250
124000005,1033,614,419
124000006,127,368,-241
124000007,557,77,480
124000008,23,360,-337
124000009,991,314,677
124000010,184,254,-70
124000011,854,410,444
124000012,134,228,-94
124000017,291,77,214
124000018,112,60,52
124000019,207,135,72
124000020,47,97,-50
124000021,168,124,44
124000022,41,134,-93
124000023,564,220,344
124000024,916,310,606
124000025,653,531,122
124000026,626,321,305
124000027,775,654,121
124000028,995,429,566
124000031,1327,4195,-2868
124000032,1013,464,549
124000033,746,585,161
124000034,391,533,-142
124000035,331,134,197
124000036,119,281,-162
124000037,192,859,-667
124000038,17,66,-49
124000039,256,288,-32
124000040,174,852,-678
124000041,292,77,215
124000042,112,299,-187
124000043,134,64,70
124000044,83,75,8
124000045,1032,271,761
124000046,204,360,-156
124000047,1791,474,1317
124000048,611,415,196
124000049,2026,391,1635
124000050,655,746,-91
124000051,1336,382,954
124000052,537,379,158
124000053,595,2065,-1470
124000054,453,277,176
124000055,803,4399,-3596
124000056,1010,565,445
124000057,1477,423,1054
124000058,479,629,-150
124000059,1018,1166,-148
124000060,371,319,52
124000061,1318,6636,-5318
124000062,2174,1064,1110
124000063,1007,854,153
124000064,1096,786,310
124000065,50,396,-346
124000066,188,129,59
124000067,159,84,75
124000068,100,49,51
124000069,450,79,371
124000070,252,113,139
124000071,258,162,96
124000072,181,221,-40
124000073,822,157,665
124000074,95,350,-255
124000075,340,20,320
124000076,34,58,-24
124000077,293,423,-130
124000078,1138,1251,-113
124000079,82,950,-868
124000080,707,137,570
124000081,105,270,-165
124000082,103,176,-73
124000083,26,73,-47
124000084,44,947,-903
124000085,56,33,23
124000086,10,140,-130
124000087,126,100,26
124000088,63,336,-273
124000089,678,206,472
124000090,147,139,8
124000091,552,88,464
124000092,188,352,-164
124000093,142,91,51
124000094,57,253,-196
124000095,106,57,49
124000096,151,106,45
124000097,180,78,102
124000098,101,80,21
124000099,194,71,123
124000100,53,121,-68
124000101,186,187,-1
124000102,91,33,58
124000103,268,217,51
124000104,114,27,87
124000105,186,152,34
124000106,114,31,83
124000107,26,295,-269
124000108,60,12,48
124000109,134,67,67
124000110,76,53,23
124000111,294,62,232
124000112,910,438,472
124000113,85,96,-11
124000114,407,282,125
124000115,244,627,-383
124000116,87,234,-147
124000117,28,93,-65
124000118,26,77,-51
124000119,846,696,150
124000120,492,535,-43
124000121,1151,781,370
124000122,342,1138,-796
124000123,749,403,346
124000124,166,472,-306
124000125,441,335,106
124000126,248,299,-51
124000127,903,266,637
124000128,377,411,-34
124000129,1466,1232,234
124000130,270,311,-41
124000131,752,588,164
124000132,392,500,-108
124000133,1204,756,448
124000134,717,543,174
124000135,1261,1574,-313
124000136,373,623,-250
124000137,787,803,-16
124000138,655,728,-73
124000139,500,131,369
124000140,28,472,-444
124000141,873,27,846
124000142,40,380,-340
124000143,141,6,135
124000144,2,86,-84
124000145,148,33,115
124000146,19,30,-11
124000148,1,74,-73
124000149,936,348,588
124000150,182,471,-289
124000151,985,285,700
124000152,552,788,-236
124000153,624,483,141
124000154,210,387,-177
124000155,946,604,342
124000156,575,480,95
124000169,166,608,-442
124000170,649,514,135
124000171,324,335,-11
124000172,256,460,-204
124000173,732,204,528
124000174,469,398,71
124000175,6,32,-26
124000176,49,9,40
124000177,0,18,-18
124000178,37,40,-3
124000185,60,21,39
124000186,1,18,-17
124000187,1,59,-58
124000188,135,17,118
124000190,29,58,-29
124000191,40,348,-308
124000192,955,543,412
124000193,165,2250,-2085
124000194,221,318,-97
124000195,280,434,-154
124000196,561,484,77
124000197,47,45,2
124000198,71,46,25
124000201,75,302,-227
124000202,649,186,463
124000203,433,146,287
124000204,1201,146,1055
124000205,67,162,-95
124000206,797,160,637
124000207,0,13,-13
124000209,116,81,35
124000210,577,122,455
124000211,727,7,720
124000212,0,68,-68
124000213,623,114,509
124000214,527,165,362
124000215,823,60,763
124000216,2,122,-120
124000329,89,370,-281
124000338,80,196,-116
124000339,1549,58,1491
124000341,1775,46,1729
124000344,52,18,34
124000357,1669,3349,-1680
124000358,1200,2886,-1686
124000359,999,893,106
124000360,1118,514,604
124000361,1222,838,384
124000362,1077,1385,-308
124000363,379,280,99
124000364,502,403,99
124000365,746,855,-109
124000366,2254,1282,972
124000367,56,176,-120
124000368,449,542,-93
124000369,45,75,-30
124000370,42,399,-357
124000402,14,18,-4
124000403,143,20,123
124000404,10,14,-4
124000405,673,499,174
124000406,404,368,36
124000407,0,18,-18
124000411,4,181,-177
124000412,434,11,423
124000413,132,141,-9
124000414,219,110,109
124000415,48,32,16
124000416,121,110,11
124000417,311,106,205
124000418,372,46,326
124000419,129,30,99
124000420,170,20,150
124000421,114,28,86
124000422,29,12,17
124000423,105,21,84
124000424,5,17,-12
124000425,131,15,116
124000426,3,64,-61
124000427,189,4,185
124000428,13,330,-317
124000429,54,32,22
124000430,769,270,499
124000431,280,174,106
124000432,186,527,-341
124000439,97,2,95
124000443,3,11,-8
124000445,205,3044,-2839
124000446,610,274,336
124000447,16,172,-156
124000448,292,32,260
124000449,256,11,245
124000450,13,45,-32
124000451,1,22,-21
124000452,441,59,382
124000453,1862,2824,-962
124000454,1094,3155,-2061
124000455,3,632,-629
124000456,666,5,661
124000457,1,142,-141
124000458,2,125,-123
124000459,325,4,321
124000460,8,55,-47
124900001,1016,222,794
124900002,256,138,118
124900003,1348,337,1011
124900004,1098,207,891
124900005,143,47,96
124900006,924,180,744
124900008,632,344,288
124900009,61,278,-217
124900010,153,148,5
124900011,472,235,237
124900012,255,98,157
124900013,468,100,368
124900014,222,44,178
124900015,80,208,-128
124900016,48,54,-6
124900017,299,2754,-2455
124900018,73,50,23
124900020,119,34,85
124900021,293,23,270
124900022,113,15,98
124900024,412,6,406
124900026,65,7,58
124900027,117,354,-237
124900028,158,88,70
124900029,48,478,-430
124900030,3,28,-25
124900031,27,148,-121
124900032,88,126,-38
124900033,66,84,-18
124900034,2,76,-74
124900035,99,239,-140
124900036,1,38,-37
124900037,74,94,-20
124900038,60,140,-80
124900039,1,44,-43
124900040,135,78,57
124900041,273,393,-120
124900042,53,5,48
124900043,517,307,210
124900044,105,4,101
124900045,217,833,-616
124900047,27,58,-31
124900048,229,61,168
124900050,190,75,115
124900052,92,181,-89
124900053,88,166,-78
124900054,699,309,390
124900055,0,94,-94
124900057,7,216,-209
124900060,17,109,-92
124900061,96,1,95
124900062,127,8,119
124900066,0,2,-2
124900067,21,62,-41
124900068,88,414,-326
124900070,22,27,-5
124900072,107,29,78
124900075,396,127,269
124900076,10,1931,-1921
124900077,25,50,-25
124900078,68,15,53
124900079,164,173,-9
124900080,381,178,203
124900081,1364,191,1173
124900082,376,356,20
124900083,308,271,37
124900085,379,315,64
124900086,12,950,-938
124900087,202,53,149
124900088,117,54,63
124900089,387,7,380
124900090,524,216,308
124900091,213,114,99
124900092,219,119,100
124900093,478,119,359
124900094,736,175,561
124900095,75,485,-410
124900096,248,118,130
124900097,419,46,373
124900098,166,140,26
124900099,135,396,-261
124900100,384,8,376
124900101,184,212,-28
124900102,327,9,318
124900103,213,112,101
124900104,30,54,-24
124900105,107,37,70
124900106,227,20,207
124900107,72,20,52
124900108,98,83,15
124900111,0,189,-189
124900112,115,124,-9
124900113,36,235,-199
124900114,60,114,-54
124900115,15,16,-1
124900116,213,264,-51
124900117,119,198,-79
124900118,74,938,-864
124900119,222,150,72
124900120,36,118,-82
124900121,29,261,-232
124900122,137,101,36
124900123,145,80,65
124900124,34,312,-278
124900125,1013,4,1009
124900126,14,160,-146
204000001,184,8,176
204000002,33,18,15
204000003,4,5,-1
204000004,3,2,1
204000005,474,504,-30
204000006,977,1258,-281
204000011,8,41,-33
204000012,45,65,-20
204000019,1135,307,828
204000020,1032,602,430
204000021,1526,799,727
204000022,1250,470,780
204000023,508,402,106
204000031,32,10,22
204000032,184,14,170
204000034,24,34,-10
204000035,1,3,-2
204000036,5,22,-17
204000037,2,47,-45
204000038,0,9,-9
204000039,11,7,4
204000040,2,8,-6
204000041,15,24,-9
204000042,18,18,0
204000043,15,4,11
204000044,28,2,26
204000045,25,0,25
204000046,7,1,6
204000057,4,2,2
204000062,32,28,4
204000068,33,676,-643
204000069,136,427,-291
204000070,47,55,-8
204000080,65,75,-10
204000085,1019,844,175
204000086,1901,1016,885
204000087,79,25,54
204000088,3,75,-72
204000090,39,73,-34
204000093,51,40,11
204000096,1342,829,513
204000097,404,9,395
204000099,1120,2344,-1224
204000100,1579,1466,113
204000105,1140,718,422
204000110,329,779,-450
204000111,562,444,118
204000112,540,472,68
204000113,230,467,-237
204000114,895,1172,-277
204000115,1208,448,760
204000116,562,660,-98
204000119,2244,1833,411
204000132,716,447,269
204000133,938,120,818
204000134,205,63,142
204000135,633,34,599
204000136,458,92,366
204000138,368,762,-394
204000140,232,104,128
204000141,148,65,83
204000144,12,14,-2
204000145,437,30,407
204000146,43,538,-495
204000147,181,273,-92
204000148,304,49,255
204000154,5,2,3
204000155,0,1,-1
204000177,68,10,58
204000179,14,7,7
204000180,0,47,-47
204000222,2,13,-11
204000236,21,336,-315
204000238,6,30,-24
204000240,700,155,545
204000263,602,727,-125
204000268,613,378,235
204000308,32,7,25
204000317,23,87,-64
204000322,71,48,23
204000323,154,27,127
204000328,260,187,73
204000329,171,422,-251
204000330,218,61,157
204000331,336,392,-56
205000001,517,901,-384
205000013,11,71,-60
205000014,64,87,-23
205000015,37,73,-36
205000016,26,93,-67
205000017,48,45,3
205000022,277,559,-282
205000025,1289,518,771
205000029,314,10,304
205000045,240,332,-92
205000046,142,335,-193
205000047,67,188,-121
205000048,399,374,25
205000049,166,372,-206
205000050,513,184,329
205000059,0,192,-192
205000060,0,238,-238
205000061,3,547,-544
205000062,1,704,-703
205000063,24,696,-672
205000064,36,153,-117
205000065,237,500,-263
205000066,122,424,-302
205000067,65,429,-364
205000069,193,11,182
205000082,151,188,-37
205000110,81,130,-49
205000111,139,164,-25
205000112,165,188,-23
205000113,118,150,-32
205000121,156,69,87
205000123,63,123,-60
205000126,610,63,547
205000127,796,120,676
205000128,472,67,405
205000129,746,66,680
205000130,78,12,66
205000131,46,5,41
205000132,135,5,130
205000133,28,2,26
205000134,269,0,269
205000137,159,86,73
205000138,140,149,-9
205000139,32,39,-7
205000144,59,76,-17
205000145,278,127,151
205000151,134,34,100
205000152,148,67,81
205000153,211,27,184
205000154,71,44,27
205000155,122,6,116
205000207,6,109,-103
205000233,54,23,31
205000234,0,0,0
205000243,0,0,0
205000244,0,7,-7
205000245,15,180,-165
205000249,0,5,-5
205000250,4,1,3
205000264,10,69,-59
206000027,3,9,-6
206000028,1,4,-3
206000043,2,23,-21
206000053,4,7,-3
206000054,4,11,-7
206000055,1,8,-7
206000075,2,20,-18
206000076,28,41,-13
206000077,34,12,22
206000078,25,9,16
206000079,27,2,25
206000082,243,126,117
206000100,27,339,-312
206000103,4,6,-2
206000104,11,7,4
206000105,7,6,1
206000106,9,9,0
206000125,98,0,98
206000157,28,267,-239
206000170,1,112,-111
206000171,3,159,-156
206000172,7,124,-117
206000173,0,80,-80
206000174,9,35,-26
206000175,1,27,-26
206000176,9,50,-41
206000177,0,36,-36
206000178,1,191,-190
206000179,1,93,-92
206000180,3,64,-61
206000181,19,20,-1
206000182,8,73,-65
206000183,15,97,-82
206000184,22,126,-104
206000185,15,32,-17
206000186,97,304,-207
206000223,4,261,-257
206000226,11,1,10
206000227,25,1,24
206000237,32,137,-105
206000238,29,202,-173
206000239,265,1055,-790
206000240,3,43,-40
206000241,0,46,-46
206000242,5,117,-112
206000243,2,42,-40
206000244,70,162,-92
206000245,888,48,840
206000246,354,12,342
206000247,415,8,407
206000248,479,37,442
206000252,41,65,-24
206000258,14,35,-21
206000315,46,2,44
206000317,490,96,394
206000318,878,93,785
206000319,1878,58,1820
206000320,377,33,344
206000321,371,18,353
206000322,646,24,622
206000323,178,10,168
206000324,281,16,265
206000325,146,23,123
206000326,175,6,169
206000327,73,13,60
206000328,214,5,209
206000329,281,7,274
206000330,41,2,39
206000331,273,1,272
206000332,58,2,56
206000333,884,1,883
206000334,289,1,288
206000335,0,23,-23
206000361,8,103,-95
206000392,4,4,0
206000405,129,0,129
206000441,49,35,14
206000498,40,1,39
206000515,51,41,10
206000530,421,91,330
206000531,197,371,-174
206000532,1185,493,692
206000535,162,2892,-2730
206000536,15,83,-68
206000537,49,154,-105
206000613,989,244,745
206000784,436,83,353
207000001,139,510,-371
207000002,104,374,-270
207000003,127,146,-19
207000007,1631,245,1386
207000008,164,13,151
207000009,63,37,26
207000010,227,247,-20
207000012,397,163,234
207000015,179,506,-327
207000019,300,121,179
207000021,451,167,284
207000022,255,139,116
207000023,195,126,69
207000024,5,25,-20
207000025,19,96,-77
207000026,92,37,55
207000027,13,43,-30
207000028,58,155,-97
207000029,101,309,-208
207000033,257,376,-119
207000034,315,139,176
207000039,559,69,490
207000040,752,44,708
207000041,46,18,28
207000042,117,32,85
207000043,176,194,-18
207000051,94,165,-71
207000052,19,85,-66
207000053,290,330,-40
207000054,31,69,-38
207000055,196,57,139
207000056,218,201,17
207000057,114,191,-77
207000058,174,150,24
207000059,109,156,-47
207000060,56,166,-110
207000061,151,974,-823
207000062,660,37,623
207000063,566,49,517
207000064,402,75,327
207000065,278,185,93
207000066,330,129,201
207000067,90,70,20
207000068,160,49,111
207000069,650,345,305
207000082,6,148,-142
207000083,53,145,-92
207000084,388,224,164
207000085,260,28,232
207000086,339,3,336
207000106,45,15,30
207000107,89,9,80
207000108,96,1,95
207000109,74,5,69
207000110,74,27,47
207000111,45,59,-14
207000112,61,813,-752
207000114,13,25,-12
207000115,9,34,-25
207000116,22,304,-282
207000117,18,28,-10
207000118,7,25,-18
207000119,13,37,-24
207000123,203,9,194
207000124,66,26,40
207000125,51,19,32
207000126,59,21,38
207000134,179,94,85
207000135,26,153,-127
207000148,71,252,-181
207000149,39,19,20
207000152,101,344,-243
207000153,239,789,-550
207000154,368,255,113
207000159,97,128,-31
207000160,178,137,41
207000238,0,102,-102
207000242,2,58,-56
207000248,23,47,-24
207000249,139,5,134
207000250,436,101,335
207000251,62,125,-63
207000252,54,47,7
207000278,144,114,30
207000279,33,62,-29
207000280,1131,88,1043
207000281,122,341,-219
207000282,49,285,-236
207000283,29,124,-95
207000284,54,766,-712
207000285,58,110,-52
207000291,8,59,-51
207000304,126,78,48
207000306,53,233,-180
207000310,124,49,75
207000353,71,0,71
207000356,32,35,-3
207000357,30,19,11
207000358,1,32,-31
207000415,1,91,-90
207000417,58,3,55
207000418,138,113,25
207000438,0,2,-2
207000439,462,471,-9
207000446,164,6,158
207000460,72,8,64
207000466,228,81,147
207000467,358,64,294
207000468,44,124,-80
207000476,5,12,-7
207000477,467,38,429
207000478,0,29,-29
207000523,0,8,-8
207000524,87,0,87
207000527,230,187,43
207000530,421,5,416
207000531,250,4,246
207000532,35,26,9
207000534,203,49,154
207000535,19,529,-510
207000537,20,57,-37
207000540,3,46,-43
207000541,3,165,-162
207000548,11,87,-76
207000549,294,16,278
207000561,178,102,76
207000562,25,91,-66
207000567,97,142,-45
207000568,297,15,282
207000569,691,142,549
207000584,77,270,-193
207000585,14,151,-137
207000587,231,8,223
207000616,0,68,-68
207000617,113,0,113
207000624,33,26,7
207000631,40,29,11
207900008,503,100,403
208000001,499,1226,-727
208000002,771,634,137
208000003,847,512,335
208000004,843,904,-61
208000005,0,14,-14
208000019,850,463,387
208000020,198,279,-81
208000021,291,139,152
208000022,879,356,523
208000028,700,1012,-312
208000033,568,353,215
208000034,802,1347,-545
208000037,334,28,306
208000040,247,53,194
208000041,777,424,353
208000042,820,503,317
208000047,179,95,84
208000064,1529,1431,98
208000066,1067,1718,-651
208000070,554,309,245
208000071,588,350,238
208000072,584,692,-108
208000080,378,577,-199
208000081,496,141,355
208000082,483,143,340
208000083,244,144,100
208000084,7,48,-41
208000085,625,413,212
208000086,495,931,-436
208000087,363,658,-295
208000089,1136,276,860
208000090,924,330,594
208000093,63,87,-24
208000094,468,242,226
208000095,680,371,309
208000104,1126,476,650
208000105,749,548,201
208000114,58,283,-225
208000115,300,250,50
208000116,744,945,-201
208000117,72,120,-48
208000118,156,155,1
208000155,624,1042,-418
208000158,1420,2830,-1410
208000186,987,2783,-1796
208000204,783,898,-115
208000205,1418,524,894
208000282,1177,1790,-613
209000004,579,169,410
209000005,79,26,53
209000006,305,217,88
209000007,348,496,-148
209000010,205,174,31
209000011,51,209,-158
209000012,46,53,-7
209000013,200,136,64
209000014,362,425,-63
209000025,541,57,484
209000026,1053,124,929
209000027,251,325,-74
209000028,193,218,-25
209000029,332,1174,-842
209000030,224,1315,-1091
209000031,2385,1134,1251
209000034,288,275,13
209000035,160,268,-108
209000036,275,226,49
209000037,386,265,121
209000038,223,169,54
209000039,93,140,-47
209000040,229,440,-211
209000041,160,255,-95
209000042,239,193,46
209000043,486,634,-148
209000044,190,644,-454
209000045,611,276,335
209000046,533,373,160
209000047,336,197,139
209000048,491,302,189
209000049,144,45,99
209000050,295,62,233
209000051,367,169,198
209000052,165,211,-46
209000062,92,54,38
209000063,83,32,51
209000064,48,15,33
209000065,199,31,168
209000066,167,36,131
209000067,280,57,223
209000080,15,155,-140
209000082,72,60,12
209000091,35,69,-34
209000093,23,39,-16
209000094,26,126,-100
209000110,32,243,-211
209000111,544,1790,-1246
209000112,1275,778,497
209000113,1636,1237,399
209000114,959,881,78
209000115,60,84,-24
209000116,434,246,188
209000118,18,70,-52
209000119,7,23,-16
209000121,66,225,-159
209000135,37,300,-263
209000142,824,2155,-1331
209000143,58,35,23
209000144,76,169,-93
209000229,156,126,30
209000240,49,201,-152
209000259,59,86,-27
209000260,47,544,-497
209000261,2,237,-235
209000262,1,162,-161
209000263,1,199,-198
209000264,0,159,-159
209000265,196,0,196
209000266,61,0,61
209000267,1141,2,1139
209000268,418,61,357
210000037,71,21,50
210000047,105,11,94
210000048,179,12,167
210000049,82,8,74
210000052,55,85,-30
210000053,51,29,22
210000054,51,70,-19
210000070,144,1,143
210000071,140,0,140
210000072,71,0,71
210000073,0,23,-23
210000074,0,99,-99
210000075,0,149,-149
210000076,2,198,-196
210000077,4,108,-104
210000078,23,132,-109
210000079,40,28,12
210000080,34,148,-114
210000081,121,24,97
210000082,49,0,49
210000083,31,0,31
210000084,66,0,66
210000085,3,41,-38
210000086,1,59,-58
210000099,38,163,-125
210000100,117,96,21
210000101,64,108,-44
210000105,14,265,-251
210000159,0,224,-224
210000163,63,290,-227
210000164,207,227,-20
210000168,97,56,41
210000187,0,33,-33
210000188,0,23,-23
210000214,3,0,3
210000219,53,64,-11
210000220,91,28,63
210000232,4,30,-26
210000233,30,37,-7
210000234,36,69,-33
210000235,58,48,10
210000245,1,39,-38
210000246,44,44,0
210000258,22,39,-17
210000259,203,19,184
210000282,35,159,-124
210000285,1,123,-122
210000286,19,77,-58
210000290,5,16,-11
210000295,39,138,-99
210000296,51,41,10
210000320,317,39,278
210000321,108,18,90
210000338,45,79,-34
210000339,90,682,-592
210000340,74,241,-167
210000341,195,258,-63
210000342,180,157,23
210000343,116,225,-109
210000344,90,143,-53
210000345,92,225,-133
210000346,41,134,-93
210000347,29,51,-22
210000348,89,31,58
210000349,47,23,24
210000350,141,37,104
210000351,155,30,125
210000352,54,28,26
210000353,17,42,-25
210000354,54,43,11
210000355,11,82,-71
210000356,21,127,-106
210000357,34,139,-105
210000358,255,236,19
210000359,47,209,-162
210000360,121,229,-108
210000361,179,170,9
210000362,234,180,54
210000363,421,267,154
210000364,191,183,8
210000365,171,76,95
210000366,189,45,144
210000367,102,39,63
210000368,111,16,95
210000369,12,27,-15
210000370,25,70,-45
210000372,33,26,7
210000373,9,51,-42
210000374,31,79,-48
210000375,52,19,33
210000376,59,136,-77
210000404,22,83,-61
210000439,45,3,42
210000472,31,2,29
210000482,82,137,-55
210000564,142,260,-118
210000567,1,45,-44
210000568,209,1,208
211000092,32,24,8
211000094,13,12,1
211000169,194,15,179
211000172,6,194,-188
211000209,1,60,-59
211000226,7,34,-27
211000270,42,26,16
211000275,15,17,-2
211000276,121,15,106
211000279,13,34,-21
211000281,98,22,76
211000302,30,35,-5
211507980,1,30,-29
211977296,15,1,14
212000003,204,31,173
212000004,8,68,-60
212000005,7,64,-57
212000006,41,67,-26
212000008,200,93,107
212000009,35,76,-41
212000012,95,19,76
212000013,14,22,-8
212000014,197,84,113
212000015,253,125,128
212000016,362,270,92
212000027,417,226,191
212000028,379,208,171
212000029,185,123,62
212000030,42,10,32
212000031,50,23,27
212000048,19,284,-265
212000049,19,179,-160
212000050,11,7,4
212000051,233,54,179
212000052,185,122,63
212000053,144,222,-78
212000054,446,46,400
212000055,463,98,365
212000056,12,30,-18
212000057,3,22,-19
212000058,104,15,89
212000070,138,99,39
212000077,91,208,-117
212000099,358,169,189
212000108,233,150,83
212000111,272,41,231
212000120,130,76,54
212000138,157,14,143
212000156,9,58,-49
212000158,2,13,-11
212000159,512,33,479
212000160,546,118,428
212000161,53,3,50
212000310,35,6,29
212000311,15,35,-20
212000374,30,11,19
213000001,19,222,-203
213000005,494,107,387
213000006,536,297,239
213000007,62,69,-7
213000009,241,144,97
213000010,262,133,129
213000011,125,180,-55
213000012,177,120,57
213000014,34,12,22
213000015,177,11,166
213000016,361,2,359
213000017,54,0,54
213000018,1,17,-16
213000019,0,70,-70
213000020,73,120,-47
213000021,5,26,-21
213000023,338,237,101
213000033,288,1113,-825
213000034,206,120,86
213000035,122,241,-119
213000045,239,319,-80
213000046,108,140,-32
213000047,341,992,-651
213000056,100,14,86
213000069,174,7,167
213000073,0,12,-12
213000074,156,480,-324
213000075,491,3,488
213000076,10,1,9
213000085,6,42,-36
213000086,15,150,-135
213000091,370,14,356
213000092,58,5,53
213000099,219,1362,-1143
213000100,687,297,390
213000101,800,69,731
213000102,748,118,630
213000103,653,510,143
213000104,65,217,-152
213000105,104,1504,-1400
213000106,28,52,-24
213000107,100,155,-55
213000108,27,219,-192
213000109,3,88,-85
213000110,16,30,-14
213000111,2,36,-34
213000112,58,82,-24
213000115,28,0,28
213000116,37,376,-339
213000117,11,429,-418
213000118,731,284,447
213000119,42,294,-252
213000120,96,174,-78
213000122,107,216,-109
213000123,163,425,-262
213000124,166,476,-310
213000125,140,35,105
213000126,26,135,-109
213000127,34,138,-104
213000128,86,736,-650
213000129,126,1009,-883
213000130,1037,506,531
213000132,658,154,504
213000133,1284,71,1213
213000134,1612,11,1601
213000136,515,6,509
213000137,537,48,489
213000139,209,22,187
213000147,25,5,20
213000148,16,11,5
213000149,62,30,32
213000150,1,376,-375
213000151,3,185,-182
213000152,2,185,-183
213000153,1,169,-168
213000154,108,152,-44
213000155,51,122,-71
213000156,77,232,-155
213000157,640,269,371
213000158,259,454,-195
213000159,227,325,-98
213000163,1314,143,1171
213000165,650,328,322
213000171,80,42,38
213000172,80,69,11
213000173,7,59,-52
213000174,1,9,-8
213000175,58,13,45
213000176,10,61,-51
213000177,1,12,-11
213000178,31,8,23
213000179,133,27,106
213000180,234,22,212
213000184,71,317,-246
213000188,313,59,254
213000189,508,35,473
213000190,556,402,154
213000191,446,168,278
213000192,263,105,158
213000193,571,137,434
213000194,0,90,-90
213000195,14,312,-298
213000196,233,1263,-1030
213000197,486,680,-194
213000198,8,0,8
213000200,83,326,-243
213000201,27,66,-39
213000202,13,427,-414
213000203,1645,356,1289
213000204,1078,23,1055
213000205,319,75,244
213000206,676,22,654
213000207,32,6,26
213000208,77,0,77
213000209,63,0,63
213000210,183,3,180
213000211,8,21,-13
213000212,31,52,-21
213000213,18,30,-12
213000218,178,309,-131
213000219,843,29,814
213000220,594,3,591
213000223,219,190,29
213000224,18,59,-41
213000225,56,8,48
213000226,100,9,91
213000227,1017,178,839
213000228,440,62,378
213000229,73,14,59
213000230,617,37,580
213000232,102,153,-51
213000233,10,74,-64
213000234,5,44,-39
213000293,13,47,-34
213000294,75,42,33
213000295,47,113,-66
213000296,70,12,58
213000297,4,38,-34
213000298,4,19,-15
213000299,29,18,11
213000300,8,8,0
213000303,3,17,-14
213000304,2,31,-29
213000305,1,25,-24
213000306,12,125,-113
213000307,74,91,-17
213000308,67,161,-94
213000309,136,32,104
213000310,304,239,65
213000311,110,1039,-929
213000315,83,105,-22
213000316,172,47,125
213000322,5,15,-10
213000323,17,31,-14
213000340,147,200,-53
213000341,817,52,765
213000346,151,177,-26
213000347,255,399,-144
213000348,5,230,-225
213000349,2,62,-60
213000350,256,677,-421
213000366,54,128,-74
213000367,359,9,350
213000379,16,268,-252
213000386,52,74,-22
213000406,140,97,43
213000417,1363,339,1024
213000425,184,40,144
213000426,179,44,135
213000427,52,47,5
213000428,26,57,-31
213000429,1,13,-12
213000430,54,258,-204
213000431,10,2,8
213000432,1,63,-62
213000433,13,52,-39
213000434,174,73,101
213000435,119,98,21
213000439,22,8,14
213000441,4,1,3
213000443,431,173,258
213000445,0,53,-53
213000446,0,54,-54
213000447,2,77,-75
213000448,11,164,-153
213000449,611,15,596
213000450,31,36,-5
213000451,280,31,249
213000452,8,10,-2
213000453,26,122,-96
213000455,68,0,68
213000456,1,127,-126
213000481,1,1,0
213000482,56,1,55
213000489,94,77,17
213000491,2,192,-190
213000492,82,0,82
213000493,1,107,-106
213000494,132,60,72
213000495,0,3,-3
213000496,381,79,302
213000497,28,74,-46
213000498,75,69,6
213000499,109,90,19
213000500,403,33,370
213000501,179,18,161
213000502,120,78,42
213000503,0,37,-37
213000504,9,10,-1
213000505,5,13,-8
213000506,0,5,-5
213000507,1,35,-34
213900244,82,0,82
213900245,0,9,-9
218000003,38,25,13
218000004,33,29,4
218000005,21,62,-41
218000006,79,51,28
218000007,18,25,-7
218000012,203,164,39
218000013,216,165,51
218000014,321,233,88
218000019,367,514,-147
218000020,205,262,-57
218000040,6,6,0
218000046,41,25,16
218000047,4,32,-28
218000048,23,27,-4
218000049,27,51,-24
218000050,110,110,0
218000051,46,115,-69
218000052,1,28,-27
218000053,2,21,-19
218000054,4,48,-44
218000055,8,20,-12
218000056,19,67,-48
218000057,2,12,-10
218000064,0,30,-30
218000065,87,106,-19
218000066,7,22,-15
218000067,89,35,54
218000068,110,31,79
218000069,298,68,230
218000070,146,123,23
218000071,166,163,3
218000072,98,186,-88
218000078,1382,284,1098
218000079,244,27,217
218000080,182,19,163
218000081,401,58,343
218000082,57,36,21
218000083,79,24,55
218000084,157,45,112
218000085,117,147,-30
218000086,120,83,37
218000087,200,50,150
218000090,9,143,-134
218000091,1024,407,617
218000092,110,107,3
218000093,92,33,59
218000094,422,325,97
218000099,206,561,-355
218000100,337,267,70
218000101,338,122,216
218000102,563,118,445
218000103,118,48,70
218000104,145,17,128
218000105,24,23,1
218000106,6,9,-3
218000107,94,21,73
218000108,3,16,-13
218000112,45,13,32
218000117,45,77,-32
218000134,597,190,407
218000135,9,53,-44
218000136,139,57,82
218000137,223,113,110
218000138,68,73,-5
218000139,121,132,-11
218000140,593,212,381
218000141,73,62,11
218000142,113,82,31
218000143,62,266,-204
218000144,8,85,-77
218000145,452,180,272
218000146,138,87,51
218000151,11,8,3
218000152,122,28,94
218000170,1,34,-33
218000171,113,4,109
218000172,11,6,5
218000173,11,32,-21
218000174,25,17,8
218000176,398,65,333
218000177,464,146,318
218000178,126,130,-4
218000179,298,37,261
218000180,150,26,124
218000181,448,49,399
218000187,28,66,-38
218000188,12,92,-80
218000189,16,65,-49
218000190,1,4,-3
218000191,267,22,245
218000192,270,47,223
218000193,432,183,249
218000194,148,175,-27
218000195,116,51,65
218000196,291,114,177
218000197,505,119,386
218000198,53,48,5
218000199,15,17,-2
218000200,32,25,7
218000201,16,25,-9
218000202,72,405,-333
218000207,4,14,-10
218000208,36,43,-7
218000211,59,85,-26
218000213,82,53,29
218000214,3,19,-16
218000215,57,21,36
218000217,0,33,-33
218000218,97,25,72
218000219,5,49,-44
218000220,27,723,-696
218000221,364,173,191
218000222,1,94,-93
218000223,38,379,-341
218000224,3,118,-115
218000225,350,20,330
218000226,203,77,126
218000232,29,68,-39
218000239,102,5,97
218000240,3,1,2
218000241,12,1,11
218000242,8,0,8
218000243,19,2,17
218000244,35,2,33
218000245,12,15,-3
218000246,1,8,-7
218000247,0,0,0
218000248,0,21,-21
218000249,1,5,-4
218000250,2,8,-6
218000251,1,40,-39
218000252,2,203,-201
218000253,3,78,-75
218000254,0,21,-21
218000255,5,4,1
218000256,3,72,-69
218000267,328,874,-546
218000268,9,20,-11
218000269,11,16,-5
218000270,152,18,134
218000271,13,25,-12
218000273,16,2,14
218000274,7,0,7
218000275,46,59,-13
218000276,16,19,-3
218000278,14,58,-44
218000279,80,21,59
218000280,2,22,-20
218000281,10,19,-9
218000282,457,691,-234
218000284,38,3,35
218000301,52,82,-30
218000302,31,39,-8
218000303,7,64,-57
218000316,962,629,333
218000317,1636,546,1090
218000318,1247,326,921
218000319,1412,511,901
218000320,1318,510,808
218000338,14,56,-42
218000345,74,68,6
218000346,69,123,-54
218000459,20,98,-78
218000490,8,59,-51
218000501,118,38,80
218000502,72,26,46
218000503,77,18,59
218000504,119,26,93
218000505,9,84,-75
218000506,26,195,-169
218000508,0,3,-3
218000510,79,4,75
218000520,89,73,16
218000521,15,23,-8
218000522,1,266,-265
218000523,129,2,127
218000524,8,448,-440
218000525,67,38,29
218000526,14,270,-256
218000529,32,53,-21
218000531,15,9,6
218000532,48,26,22
218000534,186,19,167
218000537,7,72,-65
218000538,57,261,-204
218000540,83,59,24
218000543,210,97,113
218000544,39,83,-44
218000545,49,56,-7
218000546,44,57,-13
218000547,143,130,13
218000548,73,76,-3
218000549,583,179,404
218000550,195,116,79
218000551,105,722,-617
218000552,240,380,-140
218000553,17,68,-51
218000554,22,61,-39
218000555,23,92,-69
218000556,188,147,41
218000557,346,221,125
218000558,43,1,42
218000559,0,12,-12
218000560,1,14,-13
218000561,7,0,7
218000562,12,123,-111
218000563,102,53,49
218000564,3,47,-44
218000565,51,41,10
218000566,32,22,10
218000567,0,82,-82
218000568,8,0,8
218000569,4,282,-278
218000570,36,13,23
218000571,0,69,-69
218000572,136,0,136
218000573,1,159,-158
218000574,25,24,1
218000575,177,1,176
218000576,1,36,-35
218000577,104,2,102
218000578,0,73,-73
218000585,72,2,70
218000586,2,52,-50
218000587,12,17,-5
218000589,0,1,-1
218000590,11,7,4
218000591,5,17,-12
218000592,6,1,5
218000593,0,1,-1
218000594,27,6,21
218000597,2,2,0
218000598,0,0,0
218000599,13,8,5
218000600,0,0,0
218000601,0,7,-7
218000602,3,6,-3
218000603,0,0,0
218000604,5,1,4
218000605,0,38,-38
218000606,98,0,98
218000607,10,37,-27
218000608,10,90,-80
218000609,1,40,-39
218000610,43,73,-30
218000611,77,15,62
218000612,1,66,-65
218000613,92,71,21
218000614,1,13,-12
218000615,187,23,164
218000616,3,105,-102
218000617,55,6,49
218000618,2,39,-37
218000619,12,3,9
218000620,5,20,-15
218000621,0,5,-5
218000622,0,20,-20
218000623,17,1,16
218000624,1,14,-13
218000625,2,0,2
218000626,0,7,-7
218000628,212,98,114
218000631,45,42,3
218000632,1,90,-89
218000633,92,1,91
218000634,2,18,-16
218000635,8,25,-17
218000636,921,377,544
218000637,973,231,742
218000638,202,15,187
218000639,15,40,-25
218000640,358,15,343
218000641,130,80,50
218000652,32,10,22
218000653,270,65,205
218000663,11,51,-40
218000675,21,72,-51
218000680,207,142,65
218000681,444,155,289
218000691,191,124,67
218000693,342,68,274
218000718,23,160,-137
218000719,60,322,-262
218000720,8,172,-164
218000721,23,44,-21
218001147,2,108,-106
218001214,18,32,-14
218001258,402,8,394
218001329,100,66,34
218001330,85,125,-40
218001351,21,50,-29
218001352,7,13,-6
218001353,8,22,-14
218001354,6,24,-18
218001355,18,136,-118
218001356,505,87,418
218001357,4,114,-110
218001358,419,21,398
218001361,749,10,739
218001362,1,54,-53
219000001,36,21,15
219000002,60,17,43
219000003,51,40,11
219000004,52,44,8
219000017,43,113,-70
219000020,197,29,168
219000022,167,10,157
219000023,96,3,93
219000029,0,85,-85
219000034,40,87,-47
219000039,25,166,-141
219000040,19,88,-69
219000041,130,47,83
219000051,0,72,-72
219000052,0,34,-34
219000053,0,60,-60
219000055,385,1,384
219000056,11,0,11
219000057,50,1,49
219000062,18,85,-67
219000063,89,31,58
219000064,2,72,-70
219000110,173,168,5
219000111,116,46,70
219000112,176,60,116
219000113,171,54,117
219000114,123,40,83
219000116,238,61,177
219000117,112,85,27
219000118,143,57,86
219000123,118,62,56
219000124,39,46,-7
219000125,11,14,-3
219000126,47,106,-59
219000127,0,3,-3
219000128,29,95,-66
219000129,10,143,-133
219000130,215,694,-479
219000131,664,1224,-560
219000133,41,92,-51
219000134,26,49,-23
219000135,17,54,-37
219000136,67,187,-120
219000138,78,11,67
219000139,42,10,32
219000140,113,0,113
219000141,25,36,-11
219000142,10,30,-20
219000143,53,24,29
219000145,18,26,-8
219000146,4,7,-3
219000147,2,26,-24
219000148,1,9,-8
219000149,8,17,-9
219000150,1,30,-29
219000151,2,42,-40
219000157,171,84,87
219000158,108,164,-56
219000161,111,11,100
219000163,895,337,558
219000166,101,176,-75
219000167,108,102,6
219000168,141,159,-18
219000174,509,125,384
219000175,121,3,118
219000176,213,9,204
219000177,103,3,100
219000178,85,1,84
219000179,47,2,45
219000180,19,9,10
219000182,204,32,172
219000183,112,22,90
219000184,182,4,178
219000185,0,36,-36
219000186,92,10,82
219000187,10,44,-34
219000189,52,197,-145
219000190,52,200,-148
219000191,180,1774,-1594
219000192,176,237,-61
219000193,191,134,57
219000195,0,63,-63
219000196,6,119,-113
219000198,14,63,-49
219000199,43,186,-143
219000200,50,94,-44
219000201,67,126,-59
219000203,29,85,-56
219000204,67,316,-249
219000205,33,224,-191
219000207,142,198,-56
219000209,27,48,-21
219000210,9,179,-170
219000213,15,152,-137
219000239,172,144,28
219000240,150,325,-175
219000241,115,151,-36
219000242,80,239,-159
219000243,98,140,-42
219000244,9,38,-29
219000245,22,49,-27
219000246,25,65,-40
219000247,182,75,107
219000248,410,411,-1
219000249,155,169,-14
219000250,147,189,-42
219000251,462,155,307
219000252,275,123,152
219000253,334,34,300
219000255,132,156,-24
219000256,236,83,153
219000257,145,0,145
219000262,28,72,-44
219000263,47,89,-42
219000267,3,57,-54
219000268,0,14,-14
219000269,3,1,2
219000270,20,0,20
219000271,230,5,225
219000278,1,18,-17
219000279,0,7,-7
219000283,0,13,-13
219000295,3,87,-84
219000296,63,181,-118
219000297,38,42,-4
219000298,31,48,-17
219000299,291,31,260
219000300,19,60,-41
219000301,72,161,-89
219000302,31,131,-100
219000307,24,20,4
219000308,82,73,9
219000311,238,101,137
219000312,465,184,281
219000313,599,48,551
219000314,37,120,-83
219000315,412,36,376
219000316,518,51,467
219000317,132,3,129
219000320,5,86,-81
219000321,1,29,-28
219000323,2,31,-29
219000325,0,4,-4
219000326,45,66,-21
219000327,21,8,13
219000328,16,19,-3
219000329,222,108,114
219000330,25,14,11
219000331,46,50,-4
219000332,198,93,105
219000333,35,3,32
219000335,66,1,65
219000337,39,0,39
219000338,65,0,65
219000344,21,39,-18
219000345,42,25,17
219000346,19,48,-29
219000348,186,44,142
219000349,51,59,-8
219000350,104,421,-317
219000351,1,1,0
219000352,224,86,138
219000353,125,50,75
219000354,212,59,153
219000355,148,68,80
219000356,362,2244,-1882
219000363,96,83,13
219000364,144,56,88
219000365,93,24,69
219000366,197,528,-331
219000368,231,543,-312
219000370,401,935,-534
219000371,5,25,-20
219000382,23,16,7
219000383,252,1625,-1373
219000385,297,659,-362
219000386,606,1506,-900
219000387,0,22,-22
219000390,6,0,6
219000391,11,0,11
219000397,36,19,17
219000398,25,50,-25
219000401,3,61,-58
219000402,29,43,-14
219000403,38,175,-137
219000404,17,68,-51
219000407,8,22,-14
219000409,72,53,19
219000410,120,25,95
219000411,78,2,76
219000446,116,280,-164
219000447,0,17,-17
219000448,4,10,-6
219000452,46,124,-78
219000453,59,280,-221
219000454,160,424,-264
219000556,319,64,255
219000558,89,116,-27
219000590,21,119,-98
219000591,152,79,73
219000592,40,209,-169
219000595,2,5,-3
219000635,244,39,205
219000636,22,20,2
219000657,6,19,-13
219000658,15,120,-105
219000673,0,17,-17
219000676,10,0,10
219000679,24,17,7
219000684,58,23,35
219000685,1,26,-25
219000686,0,17,-17
219000688,0,15,-15
219000689,11,110,-99
219000690,116,23,93
219000691,12,123,-111
219000692,96,16,80
219000693,0,5,-5
219000694,12,0,12
219000695,56,1,55
219000698,12,0,12
219000699,0,55,-55
219000727,3,96,-93
219000728,76,2,74
219000770,34,4,30
219000771,1,36,-35
219000788,201,366,-165
219001150,1,41,-40
219001151,2,9,-7
219001166,48,49,-1
219001167,6,33,-27
219001178,39,0,39
220000001,19,111,-92
220000002,4,75,-71
220000003,139,106,33
220000004,216,213,3
220000005,467,860,-393
220000006,218,501,-283
220000007,344,203,141
220000008,251,406,-155
220000009,292,439,-147
220000010,136,111,25
220000011,348,2668,-2320
220000012,131,550,-419
220000014,259,715,-456
220000015,97,570,-473
220000017,12,342,-330
220000018,6035,1490,4545
220000019,136,532,-396
220000020,465,140,325
220000021,1052,214,838
220000022,1296,340,956
220000023,490,157,333
220000024,1076,577,499
220000025,642,1581,-939
220000026,365,490,-125
220000027,14,120,-106
220000028,40,73,-33
220000029,466,184,282
220000030,85,171,-86
220000031,555,394,161
220000064,47,1777,-1730
221000046,2,0,2
221000047,0,0,0
221000048,0,0,0
221000049,0,1,-1
221000050,9,1,8
221000055,27,39,-12
221000057,69,13,56
221000068,240,95,145
221000069,239,71,168
221000070,218,18,200
221000071,117,8,109
221000072,320,5,315
221000073,144,24,120
221000074,1,8,-7
221000075,6,39,-33
221000076,3,14,-11
221000077,6,58,-52
221000081,17,3,14
221000082,89,0,89
221000083,4,4,0
221000084,30,2,28
221000085,18,29,-11
221000086,9,72,-63
221000087,9,97,-88
221000088,10,70,-60
221000089,21,127,-106
221000090,48,340,-292
221000098,115,12,103
221000099,230,15,215
221000100,148,7,141
221000101,177,8,169
221000102,96,9,87
221000109,8,49,-41
221000110,8,32,-24
221000111,22,119,-97
221000112,3,96,-93
221000113,17,79,-62
221000114,11,70,-59
221000120,15,29,-14
221000121,1,28,-27
221000122,17,40,-23
221000123,22,69,-47
221000124,7,118,-111
221000155,71,19,52
221000156,76,69,7
221000175,2,32,-30
221000176,1,0,1
221000182,50,1,49
221000241,259,285,-26
221000242,84,334,-250
221000243,370,273,97
221000244,193,547,-354
221000245,138,53,85
221000246,65,323,-258
221000247,123,60,63
221000248,112,162,-50
221000267,37,537,-500
221000325,24,73,-49
221000331,4,24,-20
221000338,19,27,-8
221000378,252,121,131
221000381,63,117,-54
222000282,3,2,1
222000296,0,16,-16
222000568,353,17,336
222000569,161,40,121
222000570,122,23,99
222000571,319,15,304
222000577,5,51,-46
222000578,5,90,-85
222000579,8,71,-63
222000580,28,359,-331
222000599,0,74,-74
222000600,3,126,-123
222000601,3,465,-462
222000603,26,38,-12
222000604,0,80,-80
222000605,34,43,-9
222000606,0,9,-9
222000607,0,4,-4
222000608,13,23,-10
222000609,51,80,-29
222000616,457,20,437
222000617,15,51,-36
222000618,9,2,7
222000620,9,19,-10
222000621,37,13,24
222000623,504,0,504
222000624,438,7,431
222000625,634,32,602
222000636,48,8,40
222000686,28,52,-24
222000687,37,52,-15
222001066,175,1,174
222001067,8,1,7
222001068,46,8,38
222001069,74,5,69
222001082,6,7,-1
222001083,24,13,11
222001084,0,53,-53
222001085,1,75,-74
222001111,60,30,30
222001112,299,13,286
222001313,6,8,-2
222001314,4,128,-124
222001464,338,54,284
222001465,18,60,-42
222001484,144,17,127
222001485,27,71,-44
222001494,667,113,554
222001495,63,78,-15
222001496,449,67,382
222001497,133,142,-9
222001502,12,44,-32
222001503,84,25,59
222001504,22,169,-147
222001505,336,9,327
222001506,49,235,-186
222001507,206,11,195
222001510,624,11,613
222001511,63,133,-70
222001514,562,71,491
222001515,74,292,-218
222001518,424,44,380
222001519,62,76,-14
222001527,186,64,122
222001528,23,108,-85
222001529,426,40,386
222001530,55,124,-69
222001533,135,76,59
222001534,403,58,345
222001535,398,257,141
222001536,46,123,-77
222001537,472,39,433
222001538,48,273,-225
222001563,973,53,920
222001564,78,168,-90
222001568,167,153,14
222001576,0,4,-4
222001579,1,23,-22
222001583,21,38,-17
222001584,71,23,48
222001596,508,871,-363
222001597,933,160,773
222001626,0,67,-67
222001650,12,81,-69
222001651,7,304,-297
222001914,200,32,168
222001915,82,260,-178
222001968,454,270,184
222001969,152,354,-202
222001970,184,276,-92
222001971,19,1,18
222001972,2,3,-1
225000001,328,95,233
225000002,639,92,547
225000003,626,63,563
225000004,477,167,310
225000005,56,44,12
225000006,0,152,-152
225000007,1017,964,53
225000010,209,14,195
225000011,284,1395,-1111
225000012,415,791,-376
225000013,112,131,-19
225000014,650,120,530
225000015,104,94,10
225000021,718,162,556
225000027,116,311,-195
225000032,544,113,431
225000042,73,387,-314
225000049,54,36,18
225000050,111,5,106
225000053,6,184,-178
225000058,771,199,572
225000067,178,67,111
225000068,98,173,-75
225000069,43,282,-239
225000070,75,191,-116
225000071,26,53,-27
225000075,17,1027,-1010
225000076,34,125,-91
225000078,41,39,2
225000085,102,136,-34
225000086,379,65,314
225000087,152,8,144
225000088,9,172,-163
225000089,87,751,-664
225000090,36,350,-314
225000091,94,89,5
225000092,42,32,10
225000093,171,135,36
225000094,13,125,-112
225000095,194,250,-56
225000096,131,289,-158
225000098,738,264,474
225000099,477,150,327
225000100,436,123,313
225000104,80,283,-203
225000110,4,256,-252
225000111,233,536,-303
225000112,278,787,-509
225000113,151,627,-476
225000114,115,302,-187
225000115,1185,498,687
225000116,545,151,394
225000117,748,400,348
225000118,905,342,563
225000119,311,81,230
225000120,701,35,666
225000121,142,19,123
225000123,628,20,608
225000125,555,185,370
225000126,1155,248,907
225000127,625,1522,-897
225000128,664,905,-241
225000132,497,48,449
225000133,216,27,189
225000134,691,128,563
225000135,137,10,127
225000136,491,13,478
225000137,234,69,165
225000138,433,82,351
225000143,60,151,-91
225000144,1,231,-230
225000145,50,29,21
225000146,70,33,37
225000147,37,58,-21
225000148,2,68,-66
225000149,41,133,-92
225000151,33,87,-54
225000155,243,221,22
225000156,207,727,-520
225000157,420,314,106
225000158,35,198,-163
225000171,0,89,-89
225000180,73,47,26
225000181,0,40,-40
225000182,83,8,75
225000185,2,418,-416
225000187,49,246,-197
225000191,34,0,34
225000194,0,9,-9
225000208,0,56,-56
225000209,127,11,116
225000210,3,112,-109
225000217,0,2,-2
225000218,22,3,19
225000223,0,128,-128
225000224,49,0,49
225000225,0,97,-97
225000226,31,1,30
225000227,47,99,-52
225000228,3,5,-2
225000229,0,44,-44
225000230,20,0,20
225000231,0,45,-45
225000232,145,0,145
225000241,124,1,123
225000242,0,31,-31
225000249,49,11,38
225000250,43,292,-249
225000251,585,44,541
226000042,54,100,-46
226000043,53,150,-97
226000044,87,339,-252
226000045,62,368,-306
226000046,570,102,468
226000047,512,179,333
226000048,427,97,330
226000049,360,289,71
226000070,0,4,-4
226000071,0,18,-18
226000072,0,12,-12
226000073,0,9,-9
226000074,0,22,-22
226000084,1,13,-12
226000085,3,9,-6
226000086,0,17,-17
226000087,0,46,-46
226000088,4,34,-30
226000090,338,161,177
226000091,14,54,-40
226000092,1,13,-12
226000093,5,1,4
226000094,15,2,13
226000095,6,9,-3
226000105,46,0,46
226000106,5,1,4
226000107,7,1,6
226000108,3,1,2
226000109,97,0,97
226000124,150,72,78
226000134,764,618,146
226000135,1438,709,729
226000136,596,373,223
226000137,2,65,-63
226000138,7,97,-90
226000139,3,49,-46
226000156,297,0,297
226000157,229,4,225
226000163,142,193,-51
226000202,14,141,-127
226000231,777,6,771
226000232,41,4,37
227000037,450,17,433
227000038,127,27,100
227000049,0,43,-43
227000050,2,73,-71
227000055,73,0,73
227000056,41,0,41
227000084,5,91,-86
227000085,0,87,-87
227000088,22,4,18
227000089,57,1,56
227000090,25,1,24
227000091,14,2,12
227000093,68,1,67
227000094,8,0,8
227000130,24,189,-165
227000131,19,108,-89
227000132,20,76,-56
227000133,6,72,-66
227000134,14,105,-91
227000152,0,3,-3
227000153,0,64,-64
227000155,0,25,-25
227000156,0,18,-18
227000165,1,180,-179
227000196,14,74,-60
227000199,583,10,573
227000230,35,123,-88
227000232,320,16,304
227000241,544,29,515
227000242,30,388,-358
227000243,363,79,284
227000244,338,46,292
227000245,30,159,-129
227000246,80,221,-141
227000247,495,37,458
227000248,157,37,120
227000249,25,387,-362
227000251,120,605,-485
227000252,46,77,-31
227000253,220,21,199
227000262,595,39,556
227000266,1044,34,1010
227000267,54,487,-433
227000486,265,202,63
227000655,410,1,409
227000661,86,16,70
227000680,112,67,45
229000265,12,30,-18
229000296,1,14,-13
229000297,0,5,-5
229000298,1,56,-55
229000320,9,6,3
229000321,4,0,4
229000412,4,18,-14
229000414,3,21,-18
229000415,4,0,4
229000416,1,1,0
229000417,0,2,-2
229000419,44,128,-84
229000440,230,44,186
229000442,7,19,-12
229000443,0,1,-1
229000444,3,11,-8
229000445,54,10,44
229000446,25,9,16
229000847,55,0,55
229000848,11,0,11
229000849,45,2,43
229000851,29,1,28
229000854,0,13,-13
229000856,0,44,-44
229000857,0,5,-5
229000858,0,11,-11
229000919,6,58,-52
229000930,1,186,-185
229000937,78,5,73
229000966,76,36,40
229000981,37,8,29
229000985,4,4,0
229000986,0,5,-5
229000987,1,0,1
229000988,4,1,3
229000989,8,7,1
229000990,2,1,1
229000991,3,0,3
229000992,4,0,4
229000993,85,6,79
229000998,9,37,-28
229000999,32,10,22
229001034,0,22,-22
229001035,1,0,1
229001037,63,2,61
229001042,6,2,4
229001047,13,17,-4
229001050,43,30,13
229001200,6,26,-20
229001338,0,1,-1
229001394,224,8,216
229001422,121,18,103
229001423,8,59,-51
229001431,43,65,-22
229001432,19,37,-18
229001444,156,44,112
229001445,34,75,-41
229001503,295,62,233
229001504,95,127,-32
229001505,149,27,122
229001506,66,82,-16
229001509,38,6,32
229001545,117,6,111
229001546,5,38,-33
229001553,80,7,73
229001554,11,36,-25
229001559,3,0,3
229001560,4,25,-21
229001630,66,3,63
229001631,7,2,5
229001635,0,13,-13
229001636,0,0,0
229001658,0,97,-97
229001659,100,5,95
229001660,6,4,2
229001661,0,35,-35
229001662,30,0,30
229001663,0,54,-54
229002584,123,111,12
229002831,39,22,17
229002841,8,6,2
229002842,20,17,3
229002843,37,4,33
229002844,20,52,-32
229002845,5,57,-52
229002846,23,21,2
229002847,2,15,-13
229002848,6,3,3
229002849,0,27,-27
229002850,14,0,14
229002851,26,57,-31
229002852,74,14,60
229002853,64,11,53
229002854,20,12,8
229002855,0,18,-18
229002856,22,12,10
229002857,14,55,-41
229002858,16,2,14
229002859,4,40,-36
229002860,26,5,21
229002861,21,9,12
229002862,22,11,11
229002863,10,33,-23
229002864,30,23,7
229002865,10,8,2
229002866,9,39,-30
229002867,0,28,-28
229002868,13,21,-8
229002869,15,49,-34
229002870,32,8,24
235000066,135,23,112
235000067,47,32,15
235000072,12,41,-29
235000073,53,169,-116
235000074,23,20,3
235000080,12,29,-17
235000081,69,42,27
235000082,238,6,232
235000083,149,26,123
235000084,37,43,-6
235000085,116,72,44
235000089,16,8,8
235000092,36,84,-48
235000093,2,0,2
235000097,5,2,3
235000098,54,3,51
235000099,35,14,21
235000116,10,14,-4
235000117,346,15,331
235000133,7,347,-340
235000134,15,166,-151
235000206,6,7,-1
235000207,3,7,-4
235000208,1,2,-1
235000209,2,4,-2
235000210,9,3,6
235000212,2,15,-13
235000213,0,13,-13
235000220,0,4,-4
235000221,22,19,3
235000238,11,197,-186
235000239,3,60,-57
235000242,383,763,-380
235000245,286,135,151
235000246,23,42,-19
235000284,2,93,-91
235000295,72,15,57
235000305,256,36,220
235000306,344,32,312
235000307,19,5,14
235000308,13,2,11
235000309,56,1,55
235000310,24,0,24
235000311,319,14,305
235000322,0,27,-27
235000323,0,38,-38
235000324,1,25,-24
235000325,0,25,-25
235000326,18,28,-10
235000351,13,48,-35
235000352,3,24,-21
235000353,7,44,-37
235000354,13,42,-29
235000355,15,39,-24
235000356,21,0,21
235000357,44,5,39
235000358,11,7,4
235000359,10,0,10
235000360,20,12,8
235000361,120,6,114
235000381,80,59,21
235000382,95,8,87
235000390,4,9,-5
235000391,214,4,210
235000392,207,231,-24
235000393,157,136,21
235000395,84,31,53
235000396,417,73,344
235000400,30,89,-59
235000401,4,78,-74
235000405,56,60,-4
235000406,22,36,-14
235000407,20,53,-33
235000409,106,47,59
235000410,18,123,-105
235000411,1,18,-17
235000485,0,3,-3
235000486,9,0,9
235000549,62,56,6
235000550,139,33,106
235000599,93,23,70
235000600,3,7,-4
235000601,36,10,26
235000602,77,25,52
235000614,2,2,0
235000648,1,4,-3
235000649,13,6,7
235000685,5,7,-2
235000815,17,87,-70
235000834,0,8,-8
235000855,47,18,29
235000862,44,47,-3
235000891,0,30,-30
235000892,7,1,6
235000901,25,18,7
235000907,1,2,-1
235001010,75,22,53
235001029,96,142,-46
235001030,183,101,82
235001078,79,88,-9
235001079,37,32,5
235001147,33,72,-39
235001166,7,13,-6
235001167,26,3,23
235001169,11,232,-221
235001188,1,4,-3
235001189,5,0,5
235001197,3,5,-2
235001200,51,57,-6
235001207,491,59,432
235001210,100,58,42
235001215,21,50,-29
235001239,1,18,-17
235001244,0,15,-15
235016267,0,33,-33
277102712,18,19,-1
277103813,0,0,0
277104249,0,0,0
277104250,0,6,-6
277104251,0,1,-1
277104252,0,0,0
990011530,2,204,-202
990014944,0,150,-150
990015176,149,0,149
990016032,0,157,-157
990032570,1,21,-20
990070001,53,2,51
990070103,0,2,-2
990070601,0,17,-17
990070751,1391,2,1389
990070766,0,140,-140
990071180,339,189,150
990071343,49,11,38
990071387,0,9,-9
990071823,21,0,21
990072600,1,725,-724
990072964,0,234,-234
990073285,0,0,0
990074393,1,255,-254
990074870,1435,53,1382
990075106,530,7,523
990075746,479,3,476
990076437,2393,11,2382
990076458,0,168,-168
997000007,263,10,253
997000041,0,123,-123
997000058,55,0,55
997000062,11,0,11
997000069,0,0,0
997000070,0,14,-14
997000100,66,0,66
997000141,1,201,-200
997000198,7,151,-144
998000475,0,1,-1
998000736,0,66,-66
998000965,0,7,-7
998001031,0,23,-23
998001700,0,19,-19
998001899,0,1,-1
998001900,8,1,7
998003073,758,8,750
998101900,0,0,0
998102850,0,92,-92
998501927,359,824,-465
998501929,97,38,59
998501930,71,0,71
998501931,160,51,109
998501932,7,0,7
998501933,27,0,27
998501937,27,2,25
998501944,2,0,2
998501950,0,3,-3
998501970,102,4,98
998501971,1,37,-36
998501973,0,4,-4
998501974,2,89,-87
998501975,86,23,63
998501976,337,26,311
998501977,0,11,-11
998501978,1,0,1
998501979,0,5,-5
998501980,23,0,23
998501981,44,0,44
998501982,0,101,-101
998501983,0,0,0
998502006,0,0,0
998502024,0,10,-10
998502032,0,1,-1
998502062,14,0,14
998502063,0,0,0
998502173,23,1,22
998502269,0,1,-1
998502546,0,369,-369
998502578,1,1,0
998502599,9,413,-404
998502621,1,0,1
998601159,1,34,-33
998601292,0,3,-3
999033574,1,141,-140
999800001,90,46,44
999800002,0,1,-1
999800003,0,0,0
999800004,0,7,-7
999800005,0,22,-22
