ID,insum,outsum,diff
100000001,564,572,-8
100000002,4008,524,3484
100000003,3879,1799,2080
100000004,1091,798,293
100000005,1724,2947,-1223
100000006,921,92,829
100000007,3047,508,2539
100000008,174,617,-443
100000009,735,142,593
100000010,36,28,8
100000011,577,63,514
100000012,110,653,-543
100000013,16,191,-175
100000014,277,321,-44
100000015,2682,1838,844
100000016,1213,1516,-303
100000017,943,1084,-141
100000018,1787,580,1207
100000019,6029,1833,4196
100000020,1758,5543,-3785
100000021,6525,2636,3889
100000022,3117,1070,2047
100000023,7242,1087,6155
100000025,2899,564,2335
100000028,3065,816,2249
100000029,418,188,230
100000030,682,54,628
100000031,6279,6336,-57
100000032,2681,3945,-1264
100000033,1141,2422,-1281
100000034,975,311,664
100000035,2334,765,1569
100000036,2650,1124,1526
100000037,446,534,-88
100000038,1409,899,510
100000039,837,150,687
100000040,289,135,154
100000041,800,356,444
100000042,867,329,538
100000043,709,305,404
100000044,387,747,-360
100000045,511,1464,-953
100000046,690,1445,-755
100000047,417,799,-382
100000048,632,664,-32
100000049,1709,2606,-897
100000051,584,1111,-527
100000053,80,4,76
100000054,317,38,279
100000055,1025,210,815
100000056,465,612,-147
100000057,1358,809,549
100000058,803,1358,-555
100000059,6,127,-121
100000060,505,462,43
100000061,2327,573,1754
100000062,1706,481,1225
100000063,425,256,169
100000064,1374,403,971
100000065,603,922,-319
100000066,201,787,-586
100000067,541,875,-334
100000068,724,1506,-782
100000069,331,1833,-1502
100000072,535,1001,-466
100000073,1752,1255,497
100000075,682,303,379
100000076,3067,3049,18
100000077,1040,166,874
100000078,67,31,36
100000079,40,32,8
100000080,19,7,12
100000081,104,49,55
100000102,6958,1189,5769
100000103,4830,604,4226
100000104,4616,1717,2899
100000105,4286,664,3622
100000106,3158,1334,1824
100000107,713,456,257
100000108,1692,881,811
100000109,5856,1162,4694
100000116,1630,599,1031
100000117,66,37,29
100000118,1486,688,798
100000119,840,391,449
100000121,195,640,-445
100000122,3088,851,2237
100000123,3483,6063,-2580
100000124,5287,8683,-3396
100000125,2186,808,1378
100000126,1567,204,1363
100000127,3583,321,3262
100000128,1298,997,301
100000129,691,390,301
100000130,235,546,-311
100000131,2711,3262,-551
100000132,990,1815,-825
100000133,5390,2964,2426
100000135,416,617,-201
100000139,375,164,211
100000140,321,146,175
100000142,241,556,-315
100000143,1679,806,873
100000144,4959,956,4003
100000147,1056,2412,-1356
100000150,52,495,-443
100000151,747,847,-100
100000153,965,295,670
100000154,423,55,368
100000155,29,30,-1
100000156,175,97,78
100000157,30,62,-32
100000158,131,82,49
100000159,1710,432,1278
100000165,1364,916,448
100000169,917,314,603
100000174,2100,309,1791
100000179,147,440,-293
100000180,947,962,-15
100000181,233,263,-30
100000188,98,393,-295
100000189,881,333,548
100000190,710,361,349
100000191,503,450,53
100000192,65,83,-18
100000193,158,180,-22
100000330,2177,610,1567
100000355,247,475,-228
100000362,6617,3695,2922
100000363,2760,4816,-2056
100000364,463,150,313
100000365,3268,3828,-560
100000366,5297,2636,2661
100000367,3568,3558,10
100000368,2960,1766,1194
100000369,1108,1478,-370
100000370,96,389,-293
100000376,98,140,-42
100000379,7078,1536,5542
100000380,8120,2170,5950
100000384,7032,3657,3375
100000385,8250,3390,4860
100000386,10253,4417,5836
100000387,9899,3772,6127
100000388,7611,4540,3071
100000389,7744,4138,3606
100000390,8368,3410,4958
100000391,5625,4470,1155
100000392,6643,1687,4956
100000393,2842,1889,953
100000394,10321,3651,6670
100000395,5224,1523,3701
100000396,7731,2058,5673
100000397,3837,1824,2013
100000398,11624,7887,3737
100000413,17,7,10
100000414,756,232,524
100900002,4,37,-33
100900003,266,73,193
100900004,22,666,-644
100900005,139,49,90
100900006,10,150,-140
100900007,420,7,413
100900008,7,412,-405
100900009,50,64,-14
100900010,23,97,-74
100900011,85,284,-199
100900012,3,193,-190
100900013,320,5,315
100900014,1,12,-11
100900015,107,133,-26
100900016,4,39,-35
100900017,715,27,688
100900018,0,18,-18
100900019,13,31,-18
100900020,476,0,476
100900021,254,0,254
100900022,4,9,-5
100900023,0,15,-15
100900024,791,2,789
100900025,7,6,1
100900026,79,131,-52
100900027,322,2264,-1942
100900028,173,148,25
100900029,96,9,87
100900030,12,17,-5
100900031,480,10,470
100900032,121,1,120
100900033,232,125,107
100900034,398,0,398
100900035,808,2,806
100900036,5,2,3
100900037,39,265,-226
100900038,473,18,455
100900039,269,503,-234
100900040,180,769,-589
100900041,237,907,-670
100900042,802,259,543
100900043,0,0,0
100900044,3401,428,2973
100900045,81,0,81
100900046,710,13,697
100900047,545,88,457
100900048,111,21,90
100900049,36,216,-180
100900050,1,41,-40
100900051,66,44,22
100900052,275,12,263
100900053,152,16,136
100900054,44,86,-42
100900055,192,437,-245
100900056,165,251,-86
100900057,696,1618,-922
100900058,354,23,331
100900059,85,2,83
100900060,46,13,33
100900061,329,261,68
100900062,0,109,-109
100900063,137,380,-243
100900064,634,11,623
100900065,107,92,15
100900066,82,173,-91
100900067,0,3,-3
100900068,77,113,-36
100900069,2108,2,2106
100900070,138,6,132
100900071,628,338,290
100900072,4,52,-48
100900073,102,489,-387
100900074,0,7,-7
100900075,1954,304,1650
100900076,16,41,-25
100900077,6,123,-117
100900078,81,481,-400
100900079,6,28,-22
100900080,12,127,-115
100900081,51,141,-90
100900082,64,835,-771
100900083,2,52,-50
100900085,13,83,-70
100900086,203,1465,-1262
100900088,68,811,-743
100900089,2,26,-24
100900090,115,279,-164
100900091,0,24,-24
100900092,183,237,-54
100900093,101,195,-94
100900094,50,696,-646
100900095,2,31,-29
100900096,40,45,-5
100900097,1,3,-2
100900098,16,11,5
100900099,22,645,-623
100900100,5,228,-223
100900101,385,25,360
100900102,14,36,-22
100900103,5,17,-12
100900104,7,143,-136
100900105,14,135,-121
100900106,45,6,39
100900107,1627,498,1129
100900108,0,3,-3
100900109,3,27,-24
100900110,0,0,0
100900111,35,89,-54
100900112,1,4,-3
100900113,16,20,-4
100900114,9,29,-20
100900115,2,22,-20
100900116,564,1152,-588
100900117,163,370,-207
100900118,21,50,-29
100900119,11,23,-12
100900120,3,6,-3
100900121,223,589,-366
100900122,120,194,-74
100900123,70,122,-52
100900124,4,2,2
100900125,14,64,-50
100900126,87,134,-47
100900127,5,3,2
100900128,98,84,14
100900129,0,79,-79
100900131,50,156,-106
100900133,44,29,15
100900134,1,4,-3
100900135,1,95,-94
100900137,375,167,208
100900138,420,344,76
100900139,2,4,-2
100900140,4,829,-825
100900141,2,271,-269
100900142,0,11,-11
100900143,892,273,619
100900144,13,4,9
100900145,26,142,-116
100900146,0,25,-25
100900147,185,174,11
100900148,38,1172,-1134
100900149,26,61,-35
100900150,4,11,-7
100900151,129,529,-400
100900152,74,6,68
100900153,1,122,-121
100900154,43,18,25
100900155,6,17,-11
100900156,10,0,10
100900157,0,121,-121
100900159,0,33,-33
100900160,15,10,5
100900161,94,4,90
100900162,13,180,-167
100900163,172,242,-70
100900164,40,41,-1
100900165,2,19,-17
100900166,20,4,16
100900167,2,69,-67
100900168,51,130,-79
100900169,124,944,-820
100900170,7,5,2
100900171,16,773,-757
100900172,0,9,-9
100900173,5,707,-702
100900174,369,63,306
100900176,1271,134,1137
100900177,845,251,594
100900178,391,85,306
100900179,46,42,4
100900180,2,5,-3
100900181,73,32,41
100900182,8,11,-3
100900184,2,134,-132
100900186,906,706,200
100900187,2,132,-130
100900188,25,28,-3
100900189,655,157,498
100900191,1277,918,359
100900192,336,156,180
100900195,185,81,104
100900197,0,0,0
100900198,13,455,-442
100900199,0,0,0
100900200,560,377,183
100900201,40,673,-633
100900202,17,0,17
100900203,0,85,-85
100900204,204,151,53
100900205,157,267,-110
100900206,58,35,23
100900207,142,68,74
100900210,96,703,-607
100900211,289,117,172
100900213,31,14,17
100900214,966,117,849
100900215,9,28,-19
100900217,188,67,121
101000001,3998,1940,2058
101000002,3684,3525,159
101000003,788,2549,-1761
101000004,9439,11634,-2195
101000005,3848,5945,-2097
101000006,6546,10198,-3652
101000007,2094,2929,-835
101000009,1833,2406,-573
101000010,999,1801,-802
101000011,2275,683,1592
101000012,2704,639,2065
101000013,481,959,-478
101000014,812,745,67
101000015,875,741,134
101000016,1329,382,947
101000017,967,574,393
101000018,9195,1734,7461
101000020,7936,815,7121
101000021,2953,321,2632
101000023,3029,858,2171
101000025,188,391,-203
101000026,569,14,555
101000027,2670,1355,1315
101000028,1387,154,1233
101000029,108,727,-619
101000030,1423,58,1365
101000031,504,128,376
101000032,8328,2415,5913
101000033,3862,2141,1721
101000034,5987,1234,4753
101000035,1919,260,1659
101000036,2556,496,2060
101000037,6355,1114,5241
101000039,4109,1187,2922
101000040,4676,2603,2073
101000041,12395,4945,7450
101000042,1218,784,434
101000043,7878,3382,4496
101000045,1876,530,1346
101000046,2426,557,1869
101000047,1246,1043,203
101000048,822,857,-35
101000049,1002,856,146
101000050,1445,713,732
101000051,2112,1380,732
101000052,2221,580,1641
101000053,1036,1035,1
101000054,1219,912,307
101000055,1533,1587,-54
101000056,79,45,34
101000057,2754,521,2233
101000058,2565,779,1786
101000059,5712,1142,4570
101000060,2127,408,1719
101000061,1362,899,463
101000062,1268,605,663
101000063,937,594,343
101000064,2089,574,1515
101000065,463,377,86
101000066,814,272,542
101000067,1427,457,970
101000068,579,194,385
101000069,847,49,798
101000070,1609,735,874
101000071,2176,849,1327
101000072,1110,3974,-2864
101000073,456,416,40
101000074,4225,2673,1552
101000075,4920,2027,2893
101000077,924,972,-48
101000078,857,1549,-692
101000079,482,286,196
101000080,585,285,300
101000081,1181,1666,-485
101000082,3772,2475,1297
101000083,1790,2122,-332
101000084,1413,997,416
101000085,1782,1125,657
101000086,1250,1025,225
101000087,961,1487,-526
101000088,844,1017,-173
101000089,917,1571,-654
101000090,2566,1463,1103
101000091,292,1409,-1117
101000092,555,1232,-677
101000093,1383,948,435
101000094,570,1349,-779
101000095,198,770,-572
101000096,316,712,-396
101000097,908,251,657
101000098,690,533,157
101000099,1275,1502,-227
101000100,1076,633,443
101000101,576,290,286
101000102,2001,327,1674
101000103,1018,416,602
101000104,702,554,148
101000105,2115,214,1901
101000106,1043,415,628
101000107,128,354,-226
101000108,1861,374,1487
101000109,195,69,126
101000110,31,923,-892
101000111,99,187,-88
101000113,151,787,-636
101000114,4538,1711,2827
101000115,42,102,-60
101000116,83,117,-34
101000117,328,218,110
101000119,167,31,136
101000120,336,19,317
101000121,157,22,135
101000122,234,41,193
101000123,116,42,74
101000124,214,135,79
101000125,208,517,-309
101000128,1365,211,1154
101000130,205,237,-32
101000131,486,848,-362
101000132,435,2173,-1738
101000135,114,10,104
101000136,408,53,355
101000137,18,150,-132
101000141,2838,2572,266
101000147,1163,554,609
101000148,2332,28,2304
101000149,87,62,25
101000150,77,1559,-1482
101000151,80,86,-6
101000152,380,409,-29
101000153,597,517,80
101000154,167,2032,-1865
101000155,202,167,35
101000156,34,321,-287
101000157,81,20,61
101000160,66,67,-1
101000163,310,123,187
101000164,616,626,-10
101000165,127,389,-262
101000166,226,289,-63
101000168,958,417,541
101000252,941,554,387
101000254,373,28,345
101000258,14,3,11
101000261,67,25,42
101000262,2264,1238,1026
101000263,183,513,-330
101000265,71,723,-652
101000266,406,250,156
101000269,162,8,154
101000290,1682,3321,-1639
101000293,14,66,-52
101000294,409,340,69
101000295,114,568,-454
101000301,933,232,701
101000304,3811,3009,802
101000305,4023,2285,1738
101000328,172,428,-256
101900001,9,61,-52
101900002,0,15,-15
101900003,341,154,187
101900004,5,50,-45
101900005,6422,1398,5024
101900006,986,279,707
101900007,587,50,537
101900008,218,309,-91
101900009,41,586,-545
101900010,1122,632,490
101900011,308,1558,-1250
101900012,91,295,-204
101900013,1410,161,1249
101900017,29,145,-116
101900018,1934,281,1653
101900019,338,132,206
101900020,20,83,-63
101900021,2,51,-49
101900022,84,1610,-1526
101900023,110,282,-172
101900026,122,36,86
101900027,19,140,-121
102000001,4958,4347,611
102000002,4251,1384,2867
102000003,3000,5994,-2994
102000004,8303,3372,4931
102000005,1652,2349,-697
102000006,2951,2258,693
102000007,1472,5298,-3826
102000008,6550,2423,4127
102000009,4134,7756,-3622
102000010,5068,4720,348
102000011,2382,2067,315
102000012,4989,4653,336
102000018,4295,3076,1219
102000019,3512,2648,864
102000026,259,1454,-1195
102000029,396,291,105
102000030,100,356,-256
102000031,50,273,-223
102000032,434,586,-152
102000033,223,509,-286
102000034,409,725,-316
102000035,954,629,325
102000036,9,705,-696
102000037,234,121,113
102000038,615,161,454
102000039,571,108,463
102000040,724,110,614
102000041,319,499,-180
102000042,449,255,194
102000043,500,271,229
102000044,1925,823,1102
102000045,1068,1554,-486
102000046,1719,777,942
102000047,509,1714,-1205
102000048,287,1163,-876
102000049,1881,1049,832
102000050,1529,1296,233
102000051,531,953,-422
102000052,1584,909,675
102000053,1979,1065,914
102000054,445,906,-461
102000055,766,1447,-681
102000056,493,1882,-1389
102000057,1041,598,443
102000058,1057,2457,-1400
102000059,1550,1407,143
102000060,1329,1210,119
102000061,1003,2718,-1715
102000062,968,1406,-438
102000063,1219,1847,-628
102000064,553,724,-171
102000065,30,148,-118
102000066,832,2108,-1276
102000067,2418,3534,-1116
102000068,14335,3904,10431
102000069,40,1752,-1712
102000070,1621,57,1564
102000071,8889,9971,-1082
102000072,3489,5721,-2232
102000073,789,556,233
102000074,643,868,-225
102000075,161,281,-120
102000076,142,566,-424
102000077,308,1456,-1148
102000078,543,1218,-675
102000079,88,255,-167
102000080,175,199,-24
102000081,342,739,-397
102000082,761,341,420
102000083,370,381,-11
102000084,114,497,-383
102000085,1552,1493,59
102000086,943,1218,-275
102000087,1096,1874,-778
102000088,216,349,-133
102000089,1052,494,558
102000090,353,1071,-718
102000091,1757,403,1354
102000092,279,945,-666
102000093,669,705,-36
102000094,1082,524,558
102000095,915,903,12
102000096,512,634,-122
102000097,942,724,218
102000098,513,694,-181
102000099,978,492,486
102000100,804,864,-60
102000101,1271,497,774
102000102,295,3996,-3701
102000103,1164,365,799
102000104,1407,427,980
102000105,245,1141,-896
102000106,656,1277,-621
102000107,946,748,198
102000108,662,470,192
102000109,618,746,-128
102000110,524,2227,-1703
102000111,6,459,-453
102000112,121,97,24
102000113,11,28,-17
102000114,1499,408,1091
102000115,210,246,-36
102000116,641,277,364
102000117,280,520,-240
102000118,2410,840,1570
102000119,3089,560,2529
102000120,125,493,-368
102000121,827,342,485
102000122,319,799,-480
102000123,1379,909,470
102000124,783,997,-214
102000125,793,1056,-263
102000126,602,825,-223
102000127,988,663,325
102000128,508,1074,-566
102000129,993,939,54
102000130,444,549,-105
102000131,1249,575,674
102000132,464,470,-6
102000133,1075,3062,-1987
102000134,746,1114,-368
102000135,1223,1679,-456
102000136,1189,849,340
102000137,768,750,18
102000138,159,363,-204
102000139,78,283,-205
102000140,340,206,134
102000141,133,543,-410
102000142,221,427,-206
102000143,88,583,-495
102000144,177,479,-302
102000145,237,486,-249
102000146,327,346,-19
102000147,323,364,-41
102000148,265,372,-107
102000149,193,689,-496
102000150,151,500,-349
102000151,222,453,-231
102000152,132,316,-184
102000153,1199,465,734
102000154,739,775,-36
102000155,155,273,-118
102000156,721,80,641
102000157,236,173,63
102000158,898,566,332
102000159,1773,470,1303
102000161,4805,2128,2677
102000162,190,179,11
102000163,94,444,-350
102000164,983,885,98
102000165,355,140,215
102000166,100,180,-80
102000167,301,193,108
102000168,235,159,76
102000169,85,809,-724
102000170,650,141,509
102000171,179,55,124
102000172,223,351,-128
102000173,665,324,341
102000174,17,47,-30
102000175,107,209,-102
102000176,52,77,-25
102000178,244,591,-347
102000179,372,239,133
102000180,530,682,-152
102000181,429,881,-452
102000182,396,781,-385
102000183,1189,2371,-1182
102000184,1697,1074,623
102000185,2094,1983,111
102000186,882,2421,-1539
102000187,565,2252,-1687
102000188,788,1598,-810
102000189,3391,1113,2278
102000190,559,2565,-2006
102000191,1231,640,591
102000192,792,1229,-437
102000193,87,222,-135
102000194,93,158,-65
102000195,491,469,22
102000196,137,662,-525
102000197,670,622,48
102000198,143,1041,-898
102000199,593,442,151
102000200,336,1295,-959
102000201,674,627,47
102000202,8,189,-181
102000203,270,475,-205
102000204,348,1417,-1069
102000205,1237,791,446
102000206,979,927,52
102000207,1347,610,737
102000208,620,634,-14
102000209,53,57,-4
102000210,433,699,-266
102000211,442,507,-65
102000212,223,16,207
102000213,4,439,-435
102000214,165,8,157
102000215,8,602,-594
102000216,71,69,2
102000217,12,221,-209
102000218,209,145,64
102000219,598,384,214
102000225,760,810,-50
102000226,2530,420,2110
102000227,320,4,316
102000228,0,126,-126
102000229,74,31,43
102000230,242,723,-481
102000231,274,510,-236
102000232,19,479,-460
102000233,423,1043,-620
102000234,98,1051,-953
102000236,234,90,144
102000237,1140,181,959
102000238,186,455,-269
102000240,787,481,306
102000241,197,132,65
102000243,10,130,-120
102000245,26,103,-77
102000246,10,19,-9
102000247,1007,1057,-50
102000248,643,597,46
102000249,98,184,-86
102000250,27,494,-467
102000254,44,481,-437
102000266,42,135,-93
102000271,39,2,37
102000286,492,470,22
102000297,2294,1370,924
102000301,0,0,0
102000307,0,1,-1
102000316,251,465,-214
102900001,1226,1304,-78
102900002,274,34,240
102900003,31,355,-324
102900005,194,399,-205
102900006,404,299,105
102900007,275,29,246
102900008,169,78,91
102900009,439,181,258
102900010,711,334,377
102900011,2144,658,1486
102900012,335,68,267
102900013,13,82,-69
102900015,809,475,334
102900016,38,145,-107
102900017,84,654,-570
102900018,9,141,-132
102900019,543,759,-216
102900020,99,49,50
102900021,22,158,-136
102900022,617,109,508
102900023,20,96,-76
102900024,29,58,-29
102900025,334,170,164
102900026,853,1350,-497
102900027,49,56,-7
102900028,76,571,-495
102900029,155,230,-75
102900030,371,292,79
102900031,128,177,-49
102900032,38,153,-115
102900033,108,250,-142
102900034,297,163,134
102900035,106,477,-371
102900036,272,689,-417
102900037,206,898,-692
102900038,379,803,-424
102900039,20,356,-336
102900040,111,225,-114
102900041,54,246,-192
102900042,155,420,-265
102900043,119,287,-168
102900044,590,2232,-1642
102900045,91,625,-534
102900046,86,342,-256
102900047,34,681,-647
102900048,496,858,-362
102900049,89,387,-298
102900050,177,452,-275
102900051,190,326,-136
102900053,392,1067,-675
102900054,843,849,-6
102900055,91,104,-13
102900056,152,592,-440
102900057,4,47,-43
102900058,255,81,174
102900059,16,38,-22
102900060,148,455,-307
102900061,90,645,-555
102900062,200,1791,-1591
102900063,895,543,352
102900064,122,716,-594
102900065,2137,388,1749
102900066,261,57,204
102900068,105,76,29
102900070,295,814,-519
102900072,18,37,-19
102900073,112,6,106
102900075,45,38,7
102900076,307,138,169
102900077,43,34,9
102900078,40,102,-62
102900079,270,9,261
102900080,356,28,328
102900081,59,295,-236
102900082,0,237,-237
102900083,410,13,397
102900084,4,17,-13
102900085,207,104,103
102900086,10,52,-42
102900087,147,156,-9
102900088,82,52,30
102900089,351,124,227
102900090,0,473,-473
102900091,103,6,97
102900092,208,1317,-1109
102900094,0,73,-73
102900095,294,1,293
102900096,41,22,19
102900097,2,114,-112
103000001,2849,3823,-974
103000002,3749,3067,682
103000003,5508,3253,2255
103000004,1037,668,369
103000005,2613,3953,-1340
103000006,627,1761,-1134
103000007,510,964,-454
103000008,1502,1371,131
103000009,1198,1037,161
103000010,276,234,42
103000011,1727,1039,688
103000012,1000,1659,-659
103000013,6222,2158,4064
103000014,1258,2712,-1454
103000015,3594,859,2735
103000016,653,1218,-565
103000017,189,403,-214
103000018,1389,461,928
103000019,211,275,-64
103000020,3445,1557,1888
103000021,2670,1611,1059
103000022,1230,1373,-143
103000023,585,1964,-1379
103000024,110,260,-150
103000025,60,504,-444
103000026,1697,174,1523
103000027,280,505,-225
103000028,590,414,176
103000029,242,154,88
103000030,1933,672,1261
103000031,1768,3170,-1402
103000032,1768,1801,-33
103000033,2626,3053,-427
103000034,1566,875,691
103000035,355,1884,-1529
103000036,541,508,33
103000037,545,388,157
103000038,469,1270,-801
103000039,302,622,-320
103000040,357,1783,-1426
103000041,1618,3047,-1429
103000042,783,921,-138
103000043,443,1598,-1155
103000044,124,292,-168
103000046,207,617,-410
103000047,796,679,117
103000048,138,255,-117
103000049,94,265,-171
103000050,857,895,-38
103000051,384,612,-228
103000052,735,503,232
103000053,139,533,-394
103000054,2549,1414,1135
103000055,1662,2520,-858
103000056,446,2129,-1683
103000057,266,368,-102
103000058,448,1055,-607
103000059,277,1030,-753
103000060,802,932,-130
103000061,238,997,-759
103000062,1172,844,328
103000063,536,825,-289
103000064,117,280,-163
103000065,0,398,-398
103000066,186,6,180
103000069,182,545,-363
103000070,988,1262,-274
103000071,983,512,471
103000072,99,1166,-1067
103000073,689,162,527
103000074,604,92,512
103000075,121,972,-851
103000076,267,394,-127
103000077,71,485,-414
103000078,1993,643,1350
103000079,2034,863,1171
103000080,1255,361,894
103000081,531,933,-402
103000082,677,274,403
103000083,156,403,-247
103000084,208,9,199
103000085,7,112,-105
103000086,1451,485,966
103000087,476,537,-61
103000088,796,351,445
103000089,426,861,-435
103000090,1619,927,692
103000091,562,526,36
103000092,502,339,163
103000093,311,498,-187
103000094,180,138,42
103000095,42,523,-481
103000096,880,174,706
103000097,60,781,-721
103000098,1144,238,906
103000099,445,731,-286
103000100,117,1162,-1045
103000101,799,115,684
103000102,106,960,-854
103000103,606,315,291
103000104,222,161,61
103000105,162,220,-58
103000106,26,65,-39
103000107,252,64,188
103000108,1748,704,1044
103000109,726,412,314
103000110,363,402,-39
103000111,1095,452,643
103000112,618,247,371
103000113,1915,964,951
103000114,4358,409,3949
103000115,380,676,-296
103000116,484,717,-233
103000117,274,578,-304
103000118,2493,1064,1429
103000119,2444,595,1849
103000120,178,77,101
103000121,302,636,-334
103000122,455,322,133
103000125,7,526,-519
103000126,347,11,336
103000127,4,293,-289
103000128,118,3,115
103000129,2,207,-205
103000130,38,28,10
103000131,212,127,85
103000132,56,120,-64
103000133,14,100,-86
103000134,670,881,-211
103000135,938,201,737
103000136,1111,402,709
103000137,1184,594,590
103000138,1215,853,362
103000139,1,72,-71
103000140,267,25,242
103000141,34,123,-89
103000142,146,88,58
103000143,233,194,39
103000144,213,110,103
103000145,28,12,16
103000150,81,65,16
103000152,761,285,476
103000153,589,205,384
103000156,4,674,-670
103000157,231,4,227
103000159,77,42,35
103000162,156,36,120
103000163,14,17,-3
103000164,20,26,-6
103000165,315,552,-237
103000166,206,250,-44
103000167,421,108,313
103000168,64,182,-118
103000169,216,593,-377
103000170,360,716,-356
103000171,38,58,-20
103000172,242,423,-181
103000173,281,967,-686
103000174,150,410,-260
103000175,125,478,-353
103000176,1073,400,673
103000177,882,438,444
103000178,271,308,-37
103000179,199,24,175
103000183,267,136,131
103000185,95,125,-30
103000186,78,281,-203
103000187,311,811,-500
103000188,22,57,-35
103000189,3212,1211,2001
103000191,484,579,-95
103000292,4536,1311,3225
103000293,1535,1455,80
103000295,99,104,-5
103000296,265,4,261
103000297,8,3,5
103000504,63,33,30
103000505,22,11,11
103000506,0,276,-276
103000507,159,2,157
103000508,51,25,26
103000509,299,607,-308
103000514,28,16,12
103900001,2,416,-414
103900002,2280,168,2112
103900003,1611,23,1588
103900004,86,1,85
103900005,1,283,-282
103900006,2,0,2
103900007,21,0,21
103900008,49,0,49
103900009,300,352,-52
103900010,71,319,-248
103900011,168,280,-112
103900012,10,11,-1
103900013,20,108,-88
103900014,30,18,12
103900015,43,16,27
103900016,240,294,-54
103900017,14,120,-106
103900018,813,260,553
103900019,64,211,-147
103900020,237,413,-176
103900021,991,67,924
103900022,693,541,152
103900023,83,0,83
103900024,115,615,-500
103900025,37,75,-38
103900026,14,0,14
103900027,657,362,295
103900028,14,215,-201
103900029,924,211,713
103900030,1281,41,1240
103900031,12,2,10
103900032,46,59,-13
103900033,323,3,320
103900034,9,391,-382
103900035,54,46,8
103900036,80,38,42
103900037,85,43,42
103900038,65,135,-70
103900039,29,481,-452
103900040,17,196,-179
103900041,32,30,2
103900042,31,437,-406
103900043,106,151,-45
103900044,378,335,43
103900045,192,206,-14
103900047,34,21,13
103900048,59,24,35
103900049,215,1826,-1611
103900050,2,55,-53
103900051,0,29,-29
103900052,169,874,-705
103900053,175,1455,-1280
103900054,50,557,-507
103900055,497,242,255
103900056,18,39,-21
103900057,38,301,-263
103900058,105,851,-746
103900059,0,3,-3
103900060,22,264,-242
103900061,91,71,20
103900062,233,101,132
103900063,1,0,1
103900064,79,7,72
103900065,610,525,85
103900066,95,11,84
103900067,131,3,128
103900068,7,0,7
103900069,131,21,110
103900070,98,357,-259
103900071,9,138,-129
103900072,11,267,-256
103900073,57,28,29
103900074,53,123,-70
103900075,87,102,-15
103900076,357,893,-536
103900077,87,80,7
103900078,121,173,-52
103900079,52,273,-221
103900080,14,31,-17
103900081,220,29,191
103900082,8,114,-106
103900083,2336,1827,509
103900084,30,167,-137
103900085,124,152,-28
103900086,462,310,152
103900088,400,267,133
103900089,41,270,-229
103900090,1,272,-271
103900091,809,280,529
103900092,1290,754,536
103900093,101,342,-241
103900094,7,153,-146
103900095,936,152,784
103900096,20,303,-283
103900097,7,440,-433
103900098,171,103,68
103900099,53,271,-218
103900100,126,361,-235
103900101,58,1079,-1021
103900102,1,21,-20
103900104,65,46,19
103900105,84,231,-147
103900106,0,14,-14
103900107,47,250,-203
103900108,40,531,-491
103900109,46,116,-70
103900110,200,61,139
103900111,67,1011,-944
103900112,13,62,-49
103900113,172,237,-65
103900114,724,414,310
103900115,198,220,-22
103900116,8809,2850,5959
103900117,159,110,49
103900119,25,37,-12
103900120,50,129,-79
103900122,43,357,-314
103900123,2818,660,2158
103900124,55,681,-626
103900125,106,106,0
103900126,347,747,-400
103900127,107,999,-892
103900128,29,248,-219
103900131,8,105,-97
103900133,1001,26,975
103900134,0,2,-2
103900135,1,2,-1
103900137,0,40,-40
103900138,87,569,-482
103900139,1143,1484,-341
103900140,7,79,-72
103900141,259,89,170
103900142,126,389,-263
103900143,34,1,33
103900144,1,152,-151
103900145,183,372,-189
103900146,208,464,-256
103900147,300,104,196
103900148,215,219,-4
103900149,247,1087,-840
103900150,9677,3467,6210
103900151,43,199,-156
103900152,299,699,-400
103900153,16,5,11
103900154,1084,2407,-1323
103900155,19,372,-353
103900156,15,332,-317
103900157,16,333,-317
103900158,34,309,-275
103900159,74,92,-18
103900160,61,18,43
103900161,81,235,-154
103900162,52,515,-463
103900163,8,543,-535
103900167,34,78,-44
103900168,140,100,40
103900169,21,44,-23
103900170,1,169,-168
103900171,1,63,-62
103900172,9,32,-23
103900173,10,12,-2
103900174,82,43,39
103900175,70,43,27
103900176,3,9,-6
103900177,7,45,-38
103900178,25,123,-98
103900179,25,346,-321
103900180,5,136,-131
103900181,51,69,-18
103900182,34,18,16
103900184,757,47,710
103900185,408,171,237
103900187,144,38,106
103900188,37,18,19
103900189,83,4,79
103900190,107,59,48
103900191,31,42,-11
103900192,25,71,-46
103900193,176,110,66
103900194,72,410,-338
103900195,0,26,-26
103900196,17,23,-6
103900197,3,17,-14
103900198,9,49,-40
103900199,111,82,29
103900200,71,201,-130
103900201,96,231,-135
103900202,7,49,-42
103900203,35,24,11
103900204,2,122,-120
103900207,2,169,-167
103900208,62,3,59
103900209,1,104,-103
103900210,32,16,16
103900211,384,687,-303
103900212,63,563,-500
103900213,286,258,28
103900214,644,117,527
103900215,719,276,443
103900216,14,484,-470
103900217,447,7,440
103900218,74,519,-445
103900219,138,588,-450
103900233,38,1,37
103900235,64,16,48
103900236,60,0,60
103900242,0,17,-17
103900243,5,7,-2
103900244,82,446,-364
103900245,123,277,-154
103900246,98,51,47
103900247,52,124,-72
103900248,9,31,-22
103900249,17,25,-8
103900250,63,27,36
103900251,7,66,-59
103900253,57,104,-47
103900254,15,26,-11
103900255,101,21,80
103900256,77,41,36
103900257,351,252,99
103900258,65,7,58
103900259,101,13,88
103900261,7,3,4
103900262,60,14,46
103900263,116,135,-19
103900264,90,45,45
103900265,75,12,63
103900266,2,77,-75
103900267,7,61,-54
103900268,2,204,-202
103900269,103,43,60
103900270,34,175,-141
103900271,17,185,-168
103900272,89,116,-27
103900273,48,135,-87
103900274,31,7,24
103900275,21,6,15
103900276,2,213,-211
103900277,5,221,-216
103900278,14,102,-88
103900279,3,18,-15
103900280,3,364,-361
103900281,116,150,-34
103900282,3,17,-14
103900283,19,9,10
103900284,3,7,-4
103900285,30,22,8
103900286,92,90,2
103900287,6,7,-1
103900288,198,24,174
103900289,61,0,61
103900290,315,25,290
103900291,15,2,13
103900292,2,10,-8
103900293,19,36,-17
103900294,10,31,-21
104000001,2361,2738,-377
104000002,1989,4188,-2199
104000003,2511,2980,-469
104000004,3431,3717,-286
104000005,1508,2451,-943
104000006,2539,4362,-1823
104000007,4117,4314,-197
104000008,421,557,-136
104000009,271,159,112
104000010,117,263,-146
104000011,984,440,544
104000012,207,572,-365
104000013,166,179,-13
104000014,244,952,-708
104000015,258,211,47
104000016,672,606,66
104000018,497,190,307
104000019,414,126,288
104000020,241,786,-545
104000021,369,681,-312
104000022,128,328,-200
104000023,484,500,-16
104000024,305,468,-163
104000026,78,375,-297
104000027,348,590,-242
104000028,388,355,33
104000029,368,639,-271
104000030,216,290,-74
104000031,796,392,404
104000032,251,443,-192
104000033,511,458,53
104000034,297,501,-204
104000035,643,406,237
104000036,639,675,-36
104000037,249,356,-107
104000038,126,394,-268
104000039,160,398,-238
104000040,537,493,44
104000041,981,684,297
104000042,117,187,-70
104000043,308,512,-204
104000044,196,933,-737
104000045,1126,1563,-437
104000046,1837,1938,-101
104000047,752,1491,-739
104000048,1161,1856,-695
104000049,484,435,49
104000050,186,782,-596
104000051,180,1053,-873
104000052,1407,1929,-522
104000053,626,696,-70
104000054,422,453,-31
104000055,6337,3044,3293
104000056,2140,385,1755
104000057,330,920,-590
104000058,1342,1561,-219
104000059,445,1520,-1075
104000060,1090,1828,-738
104000061,1829,1745,84
104000062,455,454,1
104000064,848,529,319
104000065,392,525,-133
104000069,2243,1269,974
104000070,72,458,-386
104000071,384,636,-252
104000072,739,701,38
104000075,66,383,-317
104000076,642,87,555
104000082,2822,2972,-150
104000083,846,287,559
104000084,142,466,-324
104000085,359,306,53
104000086,190,531,-341
104000087,496,1551,-1055
104000090,601,1988,-1387
104000092,831,3592,-2761
104000094,1062,2645,-1583
104000095,2045,2291,-246
104000096,1315,751,564
104000097,1494,1659,-165
104000098,1460,1791,-331
104000100,1570,768,802
104000101,851,2979,-2128
104000106,385,872,-487
104000107,640,557,83
104000108,368,783,-415
104000109,306,94,212
104000110,924,1165,-241
104000111,6156,2338,3818
104000112,2634,678,1956
104000116,4,1519,-1515
104000117,110,1648,-1538
104000118,397,298,99
104000119,441,390,51
104000120,172,1393,-1221
104000121,170,817,-647
104000122,490,694,-204
104000123,1390,1321,69
104000124,1413,2726,-1313
104000125,6778,3453,3325
104000126,254,439,-185
104000127,1786,4200,-2414
104000128,825,508,317
104000129,525,61,464
104000130,16,394,-378
104000131,1742,499,1243
104000132,1783,793,990
104000133,1348,1279,69
104000134,714,2048,-1334
104000135,312,1301,-989
104000136,577,2971,-2394
104000137,1207,333,874
104000138,1457,824,633
104000139,9287,3172,6115
104000141,1036,1947,-911
104000142,708,1144,-436
104000143,640,911,-271
104000144,133,262,-129
104000145,458,228,230
104000146,539,883,-344
104000147,146,497,-351
104000148,211,189,22
104000149,173,515,-342
104000150,665,581,84
104000151,370,727,-357
104000152,599,787,-188
104000153,410,582,-172
104000154,1346,757,589
104000155,312,451,-139
104000157,1128,1904,-776
104000158,305,401,-96
104000159,859,500,359
104000160,1539,1975,-436
104000161,380,239,141
104000162,30,164,-134
104000165,2004,1646,358
104000167,1167,1198,-31
104000168,760,7,753
104000169,74,70,4
104000170,499,400,99
104000248,251,1288,-1037
104000251,115,287,-172
104000272,0,0,0
104000273,0,0,0
104000274,0,0,0
104000275,0,0,0
104000279,3988,1664,2324
104000290,66,408,-342
104000291,1333,2255,-922
104000293,1467,834,633
104000294,8,0,8
104000295,671,1013,-342
104000296,329,1157,-828
104000297,1174,1898,-724
104000298,2244,1402,842
104000299,971,2401,-1430
104000302,100,173,-73
104000303,193,267,-74
104900001,112,520,-408
104900002,40,128,-88
104900003,31,386,-355
104900004,98,419,-321
104900005,170,171,-1
104900006,216,99,117
104900007,247,300,-53
104900009,95,449,-354
104900010,39,30,9
104900011,6,4,2
104900012,174,10,164
104900013,70,12,58
104900014,3969,265,3704
104900015,132,4,128
104900016,145,421,-276
104900017,83,237,-154
104900018,8,217,-209
104900019,424,1978,-1554
104900020,55,315,-260
104900021,2,371,-369
104900022,19,215,-196
104900023,0,175,-175
104900024,14,212,-198
104900025,95,598,-503
104900026,1,145,-144
104900027,343,264,79
104900028,20,118,-98
104900029,28,168,-140
104900030,360,194,166
104900031,135,229,-94
104900032,58,194,-136
104900033,93,266,-173
104900034,279,84,195
104900035,195,101,94
104900036,137,81,56
104900037,96,544,-448
104900038,748,573,175
104900039,948,120,828
104900040,177,80,97
104900041,144,212,-68
104900042,91,447,-356
104900043,12,47,-35
104900044,291,213,78
104900045,377,44,333
104900046,85,141,-56
104900047,147,187,-40
104900048,163,90,73
104900049,12,2,10
104900050,163,85,78
104900051,178,52,126
104900052,19,0,19
104900053,346,89,257
104900054,96,87,9
104900055,55,0,55
104900056,106,12,94
104900057,22,2,20
104900058,977,144,833
104900059,21,21,0
104900061,270,617,-347
104900063,84,281,-197
104900064,3,127,-124
104900065,0,139,-139
104900066,0,286,-286
104900067,0,278,-278
104900068,10,308,-298
104900070,152,268,-116
104900071,0,895,-895
104900072,38,228,-190
104900073,30,394,-364
104900074,55,200,-145
104900075,29,126,-97
104900076,56,398,-342
104900077,1980,127,1853
104900078,122,675,-553
104900079,142,316,-174
104900080,64,588,-524
104900082,7,341,-334
104900085,8,249,-241
104900089,67,1,66
104900091,401,936,-535
104900093,224,612,-388
104900097,4413,1617,2796
104900098,55,49,6
104900099,106,454,-348
104900100,1048,301,747
104900102,20,297,-277
104900103,440,165,275
104900106,39,149,-110
104900107,45,402,-357
104900108,12,476,-464
104900109,83,548,-465
104900110,8,80,-72
104900111,155,107,48
104900112,237,1255,-1018
104900113,555,600,-45
104900114,224,850,-626
104900115,455,750,-295
104900116,153,260,-107
104900118,13,98,-85
104900119,2,33,-31
104900120,236,86,150
104900121,1,168,-167
104900122,1,130,-129
104900123,40,4,36
104900124,12,0,12
104900125,417,176,241
104900126,69,93,-24
104900127,30,62,-32
104900128,33,53,-20
104900129,3206,1795,1411
105000001,2875,1893,982
105000002,3181,2003,1178
105000003,5011,4329,682
105000004,593,1822,-1229
105000005,741,1488,-747
105000006,1581,2188,-607
105000007,1465,1885,-420
105000008,1907,3082,-1175
105000009,1624,3348,-1724
105000010,4443,3643,800
105000011,1748,2545,-797
105000012,4263,3623,640
105000013,761,1364,-603
105000014,1204,2391,-1187
105000015,7728,7822,-94
105000016,4595,2415,2180
105000017,3526,1118,2408
105000018,1879,1382,497
105000019,2353,1040,1313
105000020,283,388,-105
105000021,422,155,267
105000022,328,42,286
105000023,396,217,179
105000028,73,191,-118
105000029,418,1165,-747
105000030,4683,4519,164
105000031,7,40,-33
105000033,1372,2596,-1224
105000034,306,829,-523
105000037,723,631,92
105000038,1304,1330,-26
105000039,2995,2006,989
105000040,554,855,-301
105000041,495,1381,-886
105000042,1787,1355,432
105000043,1784,2090,-306
105000044,343,404,-61
105000045,327,985,-658
105000046,692,478,214
105000047,400,1467,-1067
105000048,651,352,299
105000049,378,1092,-714
105000050,505,478,27
105000051,425,928,-503
105000052,459,1204,-745
105000053,180,256,-76
105000054,343,1291,-948
105000055,877,510,367
105000056,903,3641,-2738
105000057,1281,1291,-10
105000058,2098,1881,217
105000059,687,706,-19
105000060,820,926,-106
105000061,422,633,-211
105000062,1309,1464,-155
105000063,490,968,-478
105000064,1374,827,547
105000065,656,1217,-561
105000066,1424,2587,-1163
105000067,1348,689,659
105000068,1264,1193,71
105000069,5781,1405,4376
105000070,1388,847,541
105000071,751,856,-105
105000072,1753,2557,-804
105000073,1085,786,299
105000074,1491,1108,383
105000075,1098,861,237
105000076,2004,1160,844
105000077,2660,981,1679
105000078,2195,1380,815
105000079,2955,2009,946
105000080,2211,962,1249
105000081,3060,886,2174
105000082,1758,599,1159
105000083,2311,798,1513
105000084,1221,1363,-142
105000085,1638,1082,556
105000086,808,1438,-630
105000087,4046,2465,1581
105000088,1587,1895,-308
105000089,2711,2083,628
105000090,1016,752,264
105000091,1746,1947,-201
105000092,883,1393,-510
105000093,451,227,224
105000094,275,293,-18
105000095,85,563,-478
105000096,1303,865,438
105000097,1455,969,486
105000098,1702,634,1068
105000099,2231,1193,1038
105000100,878,1741,-863
105000101,1883,2626,-743
105000102,1886,1953,-67
105000103,1841,2979,-1138
105000104,1880,1359,521
105000105,1112,3108,-1996
105000106,1295,2059,-764
105000107,1082,1448,-366
105000108,1099,2677,-1578
105000109,1285,1919,-634
105000110,494,1444,-950
105000111,593,809,-216
105000112,1282,1291,-9
105000113,367,832,-465
105000114,6321,1386,4935
105000115,474,1048,-574
105000116,871,537,334
105000117,1202,2103,-901
105000118,286,438,-152
105000119,576,1832,-1256
105000120,806,690,116
105000121,1109,1887,-778
105000122,328,548,-220
105000123,1407,2037,-630
105000124,1750,1124,626
105000125,988,2770,-1782
105000126,2252,3066,-814
105000127,2378,2616,-238
105000128,823,1840,-1017
105000129,1446,580,866
105000130,170,2070,-1900
105000131,942,691,251
105000132,724,582,142
105000133,547,1509,-962
105000134,856,704,152
105000135,633,889,-256
105000136,138,452,-314
105000137,336,265,71
105000138,229,527,-298
105000139,1033,1270,-237
105000140,220,656,-436
105000141,190,876,-686
105000142,119,569,-450
105000143,270,1060,-790
105000144,373,1049,-676
105000145,664,582,82
105000146,719,1054,-335
105000147,545,489,56
105000148,1192,876,316
105000149,2034,2219,-185
105000150,2268,1994,274
105000151,554,383,171
105000152,205,955,-750
105000153,731,565,166
105000154,1084,1490,-406
105000155,368,615,-247
105000156,1200,1428,-228
105000157,1127,3155,-2028
105000158,2276,946,1330
105000159,374,1938,-1564
105000160,1580,750,830
105000161,1068,2723,-1655
105000162,826,1764,-938
105000163,3153,1689,1464
105000164,224,379,-155
105000165,3258,5654,-2396
105000166,10656,470,10186
105000167,4627,1586,3041
105000168,262,1338,-1076
105000169,438,452,-14
105000170,152,2026,-1874
105000171,1064,489,575
105000172,185,94,91
105000173,82,58,24
105000174,35,45,-10
105000175,37,171,-134
105000176,163,135,28
105000177,283,161,122
105000178,65,1052,-987
105000179,206,149,57
105000180,84,163,-79
105000181,52,686,-634
105000182,56,70,-14
105000183,3693,2471,1222
105000184,1265,958,307
105000185,902,782,120
105000186,563,987,-424
105000187,593,332,261
105000188,551,106,445
105000189,382,574,-192
105000190,364,392,-28
105000191,616,487,129
105000192,296,89,207
105000193,287,122,165
105000194,353,84,269
105000195,315,1128,-813
105000196,66,190,-124
105000197,338,781,-443
105000198,662,284,378
105000199,687,593,94
105000200,131,255,-124
105000201,199,26,173
105000203,13,327,-314
105000204,57,127,-70
105000205,77,254,-177
105000207,512,227,285
105000208,239,498,-259
105000209,256,409,-153
105000211,131,28,103
105000212,1165,2070,-905
105000213,113,152,-39
105000214,78,331,-253
105000215,185,404,-219
105000216,98,287,-189
105000217,117,291,-174
105000218,690,1300,-610
105000221,223,462,-239
105000222,539,57,482
105000223,233,319,-86
105000226,67,475,-408
105000227,27,239,-212
105000228,403,916,-513
105000229,180,321,-141
105000231,259,379,-120
105000233,686,640,46
105000234,674,1642,-968
105000235,435,608,-173
105000237,757,109,648
105000243,23,55,-32
105000248,144,52,92
105000262,235,2297,-2062
105000269,136,234,-98
105000270,257,110,147
105000271,1,318,-317
105000282,367,59,308
105000287,299,251,48
105000288,439,792,-353
105000289,3504,1272,2232
105000290,24,9,15
105000402,5605,2306,3299
105000426,439,573,-134
105000438,2829,742,2087
105000440,20,33,-13
105000446,17201,5868,11333
105000447,8459,3637,4822
105000454,219,1155,-936
105000455,280,211,69
105000474,31,0,31
105000477,336,498,-162
105000478,1562,2799,-1237
105000479,354,155,199
105000480,4149,2562,1587
105000481,3061,2688,373
105000482,6368,3861,2507
105000483,1283,1486,-203
105000484,3241,2975,266
105000485,1333,1871,-538
105000486,5221,3009,2212
105000488,6481,4418,2063
105000489,1045,1047,-2
105000549,70,162,-92
105000550,836,1519,-683
105000551,40,142,-102
105000552,4696,2715,1981
105000555,1866,841,1025
105000556,27,41,-14
105000557,31,440,-409
105900001,8,1010,-1002
105900002,2356,441,1915
105900003,8,177,-169
105900004,339,167,172
105900005,17,259,-242
105900006,4,54,-50
105900007,40,11,29
105900008,52,926,-874
105900009,9,8,1
105900011,145,65,80
105900012,202,151,51
105900013,1,26,-25
105900014,1,94,-93
105900015,181,433,-252
105900016,151,808,-657
105900017,731,42,689
105900018,264,485,-221
105900019,33,362,-329
105900020,32,84,-52
105900021,15,259,-244
105900022,239,417,-178
105900023,7,129,-122
105900024,3,150,-147
105900025,108,43,65
105900026,353,75,278
105900027,4712,3818,894
105900028,319,145,174
105900029,2337,420,1917
105900030,291,263,28
105900031,545,173,372
105900032,71,113,-42
105900033,179,141,38
105900034,150,285,-135
105900035,142,200,-58
105900036,40,264,-224
105900037,69,82,-13
105900038,153,504,-351
105900039,66,268,-202
105900040,74,95,-21
105900041,229,685,-456
105900042,97,137,-40
105900043,3246,58,3188
105900044,5,280,-275
105900045,6,922,-916
105900046,2,236,-234
105900047,11,40,-29
105900048,78,554,-476
105900050,2364,445,1919
105900051,6,1383,-1377
105900052,351,68,283
105900053,5355,2434,2921
105900054,305,424,-119
105900056,1152,204,948
105900057,16,185,-169
105900058,8,45,-37
105900059,0,30,-30
106000001,4140,2461,1679
106000002,3164,5625,-2461
106000003,3556,4208,-652
106000004,2722,3586,-864
106000005,2601,6305,-3704
106000006,6808,6278,530
106000007,416,623,-207
106000008,419,354,65
106000009,557,380,177
106000010,513,599,-86
106000011,828,1178,-350
106000012,941,1898,-957
106000013,1803,2005,-202
106000014,2332,2200,132
106000015,1420,1243,177
106000016,1196,2988,-1792
106000017,688,851,-163
106000018,600,607,-7
106000019,309,464,-155
106000020,330,516,-186
106000021,316,531,-215
106000022,346,299,47
106000023,612,608,4
106000024,655,882,-227
106000025,156,250,-94
106000026,97,457,-360
106000027,838,1495,-657
106000028,601,738,-137
106000029,886,1478,-592
106000030,863,284,579
106000034,178,697,-519
106000035,862,1336,-474
106000036,309,371,-62
106000037,2242,2045,197
106000038,474,95,379
106000039,232,83,149
106000040,195,779,-584
106000041,995,586,409
106000043,668,101,567
106000046,418,51,367
106000047,101,500,-399
106000049,758,217,541
106000050,452,1133,-681
106000051,577,341,236
106000052,125,886,-761
106000053,140,171,-31
106000054,397,586,-189
106000055,713,1176,-463
106000056,283,573,-290
106000057,244,369,-125
106000058,138,283,-145
106000059,219,250,-31
106000060,596,835,-239
106000061,183,558,-375
106000062,155,772,-617
106000063,416,668,-252
106000064,34,424,-390
106000065,258,258,0
106000066,128,541,-413
106000067,265,118,147
106000068,48,818,-770
106000069,243,93,150
106000070,426,917,-491
106000071,839,331,508
106000072,6917,2113,4804
106000073,2172,3335,-1163
106000074,492,949,-457
106000075,345,1488,-1143
106000076,1574,2083,-509
106000077,4217,1567,2650
106000078,941,1053,-112
106000079,521,1264,-743
106000080,1192,946,246
106000081,486,1335,-849
106000082,2121,1049,1072
106000083,324,1428,-1104
106000084,1193,911,282
106000085,1705,1357,348
106000086,615,824,-209
106000087,956,653,303
106000088,318,836,-518
106000089,1031,519,512
106000090,215,714,-499
106000091,340,1142,-802
106000092,714,277,437
106000093,346,111,235
106000094,106,514,-408
106000095,459,1441,-982
106000096,726,843,-117
106000097,810,1789,-979
106000098,432,1285,-853
106000099,214,1019,-805
106000100,784,331,453
106000101,894,722,172
106000102,143,622,-479
106000103,172,367,-195
106000104,344,333,11
106000105,367,1167,-800
106000106,464,551,-87
106000107,166,644,-478
106000108,320,598,-278
106000109,88,611,-523
106000110,185,349,-164
106000111,154,737,-583
106000112,150,385,-235
106000113,1668,754,914
106000114,341,425,-84
106000115,439,1145,-706
106000116,517,523,-6
106000117,1029,1072,-43
106000118,1272,1464,-192
106000119,2771,1523,1248
106000120,717,1105,-388
106000121,242,290,-48
106000122,111,366,-255
106000123,200,401,-201
106000124,35,450,-415
106000125,36,399,-363
106000126,204,289,-85
106000127,410,1128,-718
106000128,627,554,73
106000129,860,837,23
106000130,652,1278,-626
106000131,183,962,-779
106000132,1468,256,1212
106000133,5714,1454,4260
106000134,1206,1373,-167
106000135,562,1595,-1033
106000136,623,722,-99
106000137,105,1968,-1863
106000138,1075,104,971
106000139,48,178,-130
106000140,25,86,-61
106000141,95,136,-41
106000142,42,143,-101
106000143,40,135,-95
106000144,18,91,-73
106000145,167,394,-227
106000146,234,276,-42
106000147,669,1672,-1003
106000148,845,1550,-705
106000149,435,1361,-926
106000150,529,2580,-2051
106000151,8161,860,7301
106000152,1622,2240,-618
106000153,116,1658,-1542
106000154,1853,386,1467
106000155,52,266,-214
106000156,500,438,62
106000157,635,2353,-1718
106000158,4436,968,3468
106000159,6187,1696,4491
106000160,305,3151,-2846
106000161,1656,606,1050
106000162,177,1094,-917
106000163,293,715,-422
106000164,336,370,-34
106000165,194,949,-755
106000166,1331,332,999
106000167,374,1641,-1267
106000168,358,310,48
106000169,260,1133,-873
106000170,449,285,164
106000171,136,1385,-1249
106000172,3914,1043,2871
106000173,1277,3585,-2308
106000174,1003,303,700
106000175,291,1338,-1047
106000176,1411,894,517
106000177,879,3024,-2145
106000178,3818,2299,1519
106000179,1173,2633,-1460
106000180,968,2222,-1254
106000181,556,2334,-1778
106000182,923,909,14
106000183,784,1371,-587
106000184,982,1259,-277
106000185,607,1069,-462
106000186,1088,148,940
106000187,266,1088,-822
106000188,1,1,0
106000189,8,56,-48
106000190,9,0,9
106000191,659,186,473
106000192,1,44,-43
106000193,364,173,191
106000194,119,317,-198
106000195,339,94,245
106000196,177,401,-224
106000197,264,442,-178
106000198,106,372,-266
106000199,946,645,301
106000200,576,181,395
106000201,659,2346,-1687
106000202,8776,738,8038
106000203,159,270,-111
106000204,75,3,72
106000205,31,170,-139
106000206,89,9,80
106000207,66,1073,-1007
106000208,756,130,626
106000209,981,305,676
106000210,206,1687,-1481
106000211,444,1789,-1345
106000212,855,284,571
106000213,768,1446,-678
106000214,2103,509,1594
106000215,217,679,-462
106000216,1110,402,708
106000217,351,716,-365
106000218,425,469,-44
106000219,124,324,-200
106000220,720,664,56
106000221,82,319,-237
106000222,42,229,-187
106000223,108,211,-103
106000224,212,440,-228
106000225,120,74,46
106000226,314,403,-89
106000228,33,163,-130
106000229,139,1020,-881
106000231,752,253,499
106000232,60,512,-452
106000233,350,189,161
106000234,69,227,-158
106000235,246,134,112
106000236,132,71,61
106000237,2,8,-6
106000238,55,20,35
106000239,0,111,-111
106000240,61,1,60
106000241,16,998,-982
106000242,235,22,213
106000249,72,142,-70
106000250,81,564,-483
106000251,48,54,-6
106000252,24,97,-73
106000253,41,127,-86
106000254,35,64,-29
106000255,9,209,-200
106000256,95,85,10
106000257,162,340,-178
106000258,136,38,98
106000259,10,29,-19
106000260,25,19,6
106000261,4,46,-42
106000262,51,28,23
106000263,10,82,-72
106000264,190,41,149
106000265,5,136,-131
106000266,196,21,175
106000267,7,112,-105
106000268,613,46,567
106000269,55,76,-21
106000270,228,485,-257
106000271,42,243,-201
106000272,131,64,67
106000273,4,276,-272
106000274,175,50,125
106000275,178,280,-102
106000276,132,53,79
106000277,169,259,-90
106000278,227,34,193
106000279,4,72,-68
106000280,41,278,-237
106000281,58,112,-54
106000282,91,73,18
106000283,77,138,-61
106000284,56,124,-68
106000285,120,190,-70
106000286,73,157,-84
106000287,98,102,-4
106000288,88,152,-64
106000289,59,70,-11
106000290,81,108,-27
106000291,72,104,-32
106000292,165,151,14
106000293,117,85,32
106000294,179,170,9
106000295,41,45,-4
106000296,71,141,-70
106000297,83,307,-224
106000298,156,68,88
106000299,72,157,-85
106000300,41,122,-81
106000301,88,151,-63
106000303,18,85,-67
106000304,50,43,7
106000305,24,44,-20
106000306,50,105,-55
106000307,32,12,20
106000308,27,226,-199
106000309,7,84,-77
106000310,477,824,-347
106000311,256,157,99
106000312,169,423,-254
106000313,159,234,-75
106000318,201,265,-64
106000319,1012,358,654
106000320,0,21,-21
106000321,437,87,350
106000322,102,277,-175
106000324,5,147,-142
106000325,1401,940,461
106000326,1020,2345,-1325
106000327,85,202,-117
106000328,6,131,-125
106000329,173,457,-284
106000330,25,86,-61
106000428,58,282,-224
106000429,160,760,-600
106000430,386,1685,-1299
106000431,1665,472,1193
106000432,2321,4055,-1734
106000433,2261,1469,792
106000434,3002,1456,1546
106000435,2520,3747,-1227
106000436,17,387,-370
106000437,268,16,252
106000438,404,154,250
106000439,59,663,-604
106000440,566,1066,-500
106000441,0,1,-1
106000442,393,6,387
106000443,71,540,-469
106000450,3,281,-278
106000451,62,72,-10
106000454,9,176,-167
106000455,19,230,-211
106000456,349,16,333
106000457,14,1174,-1160
106000458,307,376,-69
106000459,136,493,-357
106000460,649,89,560
106000461,51,1966,-1915
106000462,0,27,-27
106000463,8,66,-58
106000464,10,761,-751
106000465,357,3,354
106000466,4,865,-861
106000467,822,776,46
106000468,50,272,-222
106000469,558,7,551
106000470,270,1801,-1531
106000471,38,808,-770
106000472,108,10,98
106000473,38,19,19
106000474,467,1031,-564
106000475,286,396,-110
106000476,476,337,139
106000477,40,242,-202
106000480,0,192,-192
106900001,0,14,-14
106900002,1,672,-671
106900003,98,393,-295
106900004,0,107,-107
106900006,0,20,-20
106900007,0,27,-27
106900008,207,345,-138
106900009,242,566,-324
106900010,168,429,-261
106900012,2882,1214,1668
106900013,111,26,85
106900014,27,2,25
106900015,14,5,9
106900016,183,5,178
106900017,2,1,1
106900018,0,0,0
106900019,21,1,20
106900020,3189,906,2283
106900021,142,92,50
106900022,323,0,323
106900023,4,281,-277
106900024,209,6,203
106900025,28,553,-525
106900026,5,849,-844
106900027,1993,9,1984
106900028,2,213,-211
106900029,152,11,141
106900030,28,123,-95
107000001,3298,2498,800
107000002,4529,4896,-367
107000003,3872,5647,-1775
107000004,5687,6678,-991
107000005,2320,4488,-2168
107000006,4286,7976,-3690
107000007,3475,7561,-4086
107000008,16333,11941,4392
107000009,3898,5634,-1736
107000010,11378,12157,-779
107000011,1208,1517,-309
107000012,5172,4406,766
107000013,53,171,-118
107000014,30,387,-357
107000015,463,989,-526
107000016,584,1242,-658
107000017,2708,880,1828
107000018,19,240,-221
107000020,1404,411,993
107000021,1088,848,240
107000022,806,1195,-389
107000023,1466,385,1081
107000024,329,1796,-1467
107000025,170,594,-424
107000026,184,695,-511
107000027,1220,1354,-134
107000028,1198,2151,-953
107000029,2054,2107,-53
107000030,3458,4230,-772
107000031,2846,2153,693
107000032,402,1142,-740
107000033,4830,4772,58
107000034,6370,2643,3727
107000035,393,244,149
107000036,438,1650,-1212
107000037,64,839,-775
107000038,342,251,91
107000039,1007,816,191
107000040,139,307,-168
107000041,1963,819,1144
107000042,819,1793,-974
107000043,3777,1016,2761
107000044,768,276,492
107000045,207,315,-108
107000046,639,441,198
107000047,420,892,-472
107000048,720,328,392
107000049,552,896,-344
107000050,885,648,237
107000051,727,390,337
107000052,1372,1045,327
107000053,346,281,65
107000054,93,318,-225
107000055,365,199,166
107000056,517,819,-302
107000057,3129,334,2795
107000058,1998,2670,-672
107000059,2871,4249,-1378
107000060,3376,5958,-2582
107000061,6522,4702,1820
107000062,3172,3486,-314
107000063,4427,7260,-2833
107000064,3477,2223,1254
107000065,4351,6776,-2425
107000066,1360,2207,-847
107000067,672,959,-287
107000068,1449,581,868
107000069,865,532,333
107000070,599,4,595
107000071,1813,47,1766
107000072,51,4693,-4642
107000073,466,261,205
107000074,149,1227,-1078
107000075,958,436,522
107000076,911,1741,-830
107000077,2415,1060,1355
107000078,2539,3560,-1021
107000079,1863,723,1140
107000080,1364,3506,-2142
107000081,959,666,293
107000082,589,2823,-2234
107000083,980,352,628
107000084,458,2499,-2041
107000085,3000,3662,-662
107000086,3728,4222,-494
107000087,3426,2447,979
107000088,3732,4372,-640
107000089,1270,2304,-1034
107000090,1030,1778,-748
107000091,890,1114,-224
107000092,800,1714,-914
107000093,1221,1016,205
107000094,1702,1820,-118
107000095,597,963,-366
107000096,641,1168,-527
107000097,659,556,103
107000098,480,1136,-656
107000099,533,374,159
107000100,368,372,-4
107000101,67,316,-249
107000102,532,492,40
107000103,354,268,86
107000104,280,506,-226
107000105,432,161,271
107000106,253,488,-235
107000107,530,287,243
107000108,230,1137,-907
107000109,527,230,297
107000110,92,811,-719
107000111,186,52,134
107000112,37,725,-688
107000113,432,156,276
107000114,123,1276,-1153
107000115,424,149,275
107000116,102,1409,-1307
107000117,101,410,-309
107000118,153,407,-254
107000119,2736,1322,1414
107000120,4753,409,4344
107000121,527,1037,-510
107000122,1157,1104,53
107000123,233,1238,-1005
107000124,483,1136,-653
107000125,561,1259,-698
107000126,708,1127,-419
107000129,337,1551,-1214
107000130,525,270,255
107000131,391,1130,-739
107000132,467,343,124
107000133,473,141,332
107000134,142,2,140
107000135,14,278,-264
107000136,640,6,634
107000137,13,516,-503
107000138,357,26,331
107000139,12,472,-460
107000140,1438,51,1387
107000141,129,1105,-976
107000142,363,68,295
107000143,40,1125,-1085
107000144,407,480,-73
107000145,164,716,-552
107000146,88,330,-242
107000147,5076,1294,3782
107000150,971,2238,-1267
107000151,53,51,2
107000152,894,793,101
107000153,747,523,224
107000154,295,156,139
107000155,497,46,451
107000156,740,31,709
107000157,15,2344,-2329
107000158,478,17,461
107000159,49,2018,-1969
107000160,508,109,399
107000161,106,2056,-1950
107000162,171,385,-214
107000163,34,1,33
107000164,318,1,317
107000165,454,6,448
107000166,67,1770,-1703
107000167,506,345,161
107000168,754,422,332
107000169,1341,944,397
107000170,1169,655,514
107000171,414,2803,-2389
107000172,706,965,-259
107000173,714,1690,-976
107000174,602,3319,-2717
107000175,11009,1976,9033
107000176,0,0,0
107000177,2,1,1
107000178,10,106,-96
107000179,235,3556,-3321
107000180,760,365,395
107000181,335,1951,-1616
107000182,1311,1114,197
107000183,93,1089,-996
107000184,717,913,-196
107000185,375,1419,-1044
107000186,763,402,361
107000187,1012,1664,-652
107000188,462,596,-134
107000189,327,1246,-919
107000190,495,1049,-554
107000191,846,1680,-834
107000192,1435,1279,156
107000193,408,388,20
107000194,1208,953,255
107000197,762,233,529
107000198,289,1003,-714
107000199,543,972,-429
107000200,1459,778,681
107000201,316,249,67
107000202,314,567,-253
107000203,998,444,554
107000204,1564,509,1055
107000205,1905,936,969
107000206,729,941,-212
107000207,813,1175,-362
107000208,1138,443,695
107000209,2184,878,1306
107000210,846,500,346
107000211,8,29,-21
107000212,3,381,-378
107000213,7,37,-30
107000214,13,200,-187
107000215,337,620,-283
107000216,266,504,-238
107000217,103,146,-43
107000219,55,92,-37
107000220,127,297,-170
107000222,398,854,-456
107000224,196,64,132
107000225,208,687,-479
107000226,141,75,66
107000227,86,475,-389
107000228,61,199,-138
107000229,687,162,525
107000230,1269,623,646
107000231,1636,863,773
107000232,108,142,-34
107000233,1182,641,541
107000234,0,33,-33
107000235,44,9,35
107000236,14,371,-357
107000237,6,0,6
107000238,15,0,15
107000239,6535,680,5855
107000240,89,1531,-1442
107000243,0,87,-87
107000244,2,53,-51
107000246,3,1207,-1204
107000249,6,1353,-1347
107000251,1,215,-214
107000252,5,1385,-1380
107000255,1138,97,1041
107000257,1,710,-709
107000258,1,217,-216
107000259,1,296,-295
107000260,370,2,368
107000262,6,933,-927
107000263,194,3,191
107000266,21,7,14
107000267,83,233,-150
107000268,126,190,-64
107000269,436,17,419
107000270,2,14,-12
107000271,9,1060,-1051
107000272,13,164,-151
107000273,0,243,-243
107000274,1223,6,1217
107000275,716,745,-29
107000280,407,25,382
107000281,31,1462,-1431
107000282,13,1228,-1215
107000290,2,25,-23
107000291,27,4,23
107000292,1,25,-24
107000293,86,2,84
107000294,0,20,-20
107000295,24,1,23
107000296,0,37,-37
107000444,244,11,233
107000496,1,31,-30
107000497,1300,3616,-2316
107000500,347,445,-98
107000501,64,225,-161
107000502,467,469,-2
107000505,975,961,14
107000506,2,11,-9
107000508,4,801,-797
107000509,247,784,-537
107000510,22,22,0
107000514,50,254,-204
107000515,35,363,-328
107000516,243,253,-10
107000518,1089,897,192
107000519,5518,1207,4311
107000520,75,21,54
107000521,528,531,-3
107000522,648,1256,-608
107900001,37,216,-179
107900002,26,0,26
107900003,162,118,44
107900004,0,1,-1
107900005,566,2,564
107900006,109,0,109
107900007,226,19,207
107900008,21,48,-27
107900009,134,2,132
107900010,9,2,7
107900012,226,12,214
107900013,208,69,139
107900014,9,6,3
107900015,490,5,485
107900016,431,105,326
107900017,3,2,1
107900018,64,103,-39
107900019,12,90,-78
107900020,67,6,61
107900021,33,193,-160
107900023,0,0,0
107900024,0,26,-26
107900025,148,350,-202
107900026,67,159,-92
107900027,43,32,11
107900028,39,123,-84
107900030,142,19,123
107900031,40,312,-272
107900032,7,1,6
107900033,7,12,-5
107900034,267,12,255
107900035,657,32,625
107900036,20,7,13
107900037,2,40,-38
107900038,153,142,11
107900039,17,118,-101
107900040,44,29,15
107900041,0,1,-1
107900043,23,288,-265
107900044,11,1,10
107900045,45,37,8
107900046,117,92,25
107900047,17,53,-36
107900048,90,6,84
107900049,310,509,-199
107900050,100,455,-355
107900051,80,138,-58
107900052,50,4,46
107900053,28,100,-72
107900055,405,200,205
107900056,65,22,43
107900057,0,0,0
107900058,44,994,-950
107900060,18,64,-46
107900061,10,4,6
107900063,64,121,-57
107900064,285,55,230
107900065,109,12,97
107900066,8,9,-1
107900067,0,0,0
107900068,193,167,26
107900069,48,1502,-1454
107900070,84,39,45
107900071,68,1104,-1036
107900072,65,310,-245
107900073,69,210,-141
107900074,1043,151,892
107900076,123,58,65
107900077,19,0,19
107900079,4,16,-12
107900080,188,158,30
107900081,27,91,-64
107900082,28,19,9
107900083,416,100,316
107900084,88,83,5
107900086,53,113,-60
107900087,505,80,425
107900088,9,22,-13
107900089,326,829,-503
107900090,576,1655,-1079
107900091,227,527,-300
107900093,78,86,-8
107900095,3602,1515,2087
107900097,25,69,-44
107900098,38,135,-97
107900100,1114,800,314
107900101,1363,187,1176
107900102,16,4,12
107900103,26,148,-122
107900104,123,0,123
107900105,1,820,-819
107900106,4,1463,-1459
107900107,1051,312,739
107900108,473,111,362
107900109,734,6,728
107900110,17,129,-112
107900111,19,1339,-1320
107900112,95,310,-215
107900113,135,156,-21
107900114,112,283,-171
107900115,4,57,-53
107900116,56,352,-296
107900117,313,496,-183
107900118,84,202,-118
107900119,97,98,-1
107900120,24,22,2
107900121,4,124,-120
107900122,1,46,-45
107900123,1,34,-33
107900124,30,28,2
107900125,44,261,-217
107900126,6,27,-21
107900127,378,165,213
107900128,89,59,30
107900129,23,69,-46
107900130,26,39,-13
107900131,615,140,475
107900132,122,645,-523
107900133,1,101,-100
107900134,13,25,-12
107900135,4,216,-212
107900136,51,50,1
107900137,116,128,-12
107900138,33,26,7
107900139,24,47,-23
107900141,26,55,-29
107900142,62,1577,-1515
107900143,57,27,30
107900144,1,185,-184
107900145,7,108,-101
107900146,32,192,-160
107900147,56,30,26
107900148,149,160,-11
107900149,2433,231,2202
107900150,101,1333,-1232
107900151,10,98,-88
107900152,14,287,-273
107900153,226,264,-38
107900154,36,20,16
107900155,24,47,-23
107900156,0,470,-470
107900157,38,115,-77
107900158,519,21,498
107900159,47,1296,-1249
107900160,28,140,-112
107900161,8,262,-254
107900162,0,23,-23
107900163,56,10,46
107900164,5,24,-19
107900165,14,66,-52
107900166,17,345,-328
107900167,26,6,20
107900168,12,69,-57
107900169,0,151,-151
107900171,15,2669,-2654
107900172,5,512,-507
107900173,4,225,-221
107900174,47,5,42
107900175,30,3,27
107900176,13,60,-47
107900177,0,24,-24
107900178,0,283,-283
107900179,7,193,-186
107900180,1287,383,904
107900181,305,468,-163
107900182,60,2119,-2059
107900183,22,450,-428
107900184,58,222,-164
107900185,65,2,63
107900186,17,32,-15
107900187,0,138,-138
107900188,1073,128,945
107900189,6,157,-151
107900190,110,71,39
107900191,28,141,-113
107900193,45,47,-2
107900194,133,2,131
107900195,4883,629,4254
107900196,51,69,-18
107900197,1049,228,821
107900199,3,1158,-1155
107900201,91,154,-63
107900203,30,70,-40
107900204,238,247,-9
107900206,711,111,600
107900207,1,776,-775
107900208,25,837,-812
107900209,396,147,249
107900210,107,180,-73
107900213,333,418,-85
107900214,4,203,-199
107900215,173,311,-138
107900216,100,85,15
107900217,11,70,-59
107900218,11,1622,-1611
107900219,17,139,-122
107900220,165,143,22
107900221,178,241,-63
107900223,60,649,-589
107900224,203,301,-98
107900225,6,1053,-1047
107900226,74,120,-46
107900227,131,592,-461
107900228,20,116,-96
107900229,1,351,-350
107900230,12,172,-160
107900231,6,245,-239
107900232,49,235,-186
107900233,6,174,-168
107900234,91,200,-109
107900235,14,101,-87
107900236,41,133,-92
107900237,119,478,-359
107900238,16,101,-85
107900239,1640,471,1169
107900240,13,179,-166
107900241,10,97,-87
107900242,21,472,-451
107900243,3,65,-62
107900244,191,0,191
107900245,460,38,422
107900246,121,6,115
107900248,93,251,-158
107900249,391,11,380
107900250,7,662,-655
107900251,60,1483,-1423
107900252,694,8,686
107900253,129,0,129
107900254,52,174,-122
107900255,377,57,320
107900256,563,370,193
107900257,88,54,34
107900258,54,258,-204
107900259,104,1265,-1161
107900261,2,406,-404
107900262,44,247,-203
107900264,269,5,264
107900265,121,266,-145
107900267,125,18,107
107900268,45,7,38
107900269,2,6,-4
107900270,0,0,0
107900271,1,8,-7
107900272,88,10,78
107900273,25,64,-39
107900274,38,0,38
107900275,9,0,9
107900276,0,73,-73
107900277,6,215,-209
107900278,141,411,-270
107900279,101,88,13
107900280,1641,1811,-170
107900281,5310,1585,3725
107900282,100,293,-193
107900283,1626,396,1230
107900284,218,748,-530
107900285,36,203,-167
107900286,74,95,-21
107900287,109,199,-90
107900290,0,84,-84
107900291,386,21,365
107900292,63,341,-278
107900293,96,812,-716
107900295,34,169,-135
107900297,1,213,-212
107900298,903,989,-86
107900299,5089,2112,2977
107900301,449,486,-37
107900302,83,18,65
107900303,100,318,-218
107900304,117,539,-422
107900305,217,9,208
107900306,16,8,8
107900307,38,334,-296
107900308,196,62,134
107900309,130,0,130
107900310,138,2,136
107900311,1,32,-31
107900312,57,2,55
107900313,4,84,-80
107900314,0,43,-43
107900315,2,59,-57
107900316,43,1,42
107900317,122,11,111
107900318,5,202,-197
107900319,3,306,-303
107900320,1,230,-229
107900321,81,4,77
107900322,3,182,-179
107900323,8,194,-186
107900324,142,0,142
107900325,67,0,67
107900326,137,428,-291
107900327,6,54,-48
107900328,46,0,46
107900329,95,22,73
107900330,6,657,-651
107900331,120,57,63
107900332,94,28,66
107900333,33,24,9
107900334,8,302,-294
107900335,29,81,-52
107900336,28,38,-10
107900337,1764,570,1194
107900338,1,97,-96
107900339,5,27,-22
107900340,1,99,-98
107900341,13,1,12
107900342,114,157,-43
107900343,35,1,34
107900344,5,175,-170
107900345,78,21,57
107900346,26,0,26
107900347,27,0,27
107900348,8,1,7
107900349,26,6,20
107900350,40,320,-280
107900351,3,333,-330
107900352,18,104,-86
107900353,3,10,-7
107900354,15,154,-139
108000001,2699,4012,-1313
108000002,2995,3973,-978
108000003,3239,2458,781
108000004,19953,17744,2209
108000005,6100,4452,1648
108000006,8479,8099,380
108000007,4477,3812,665
108000008,6257,6929,-672
108000009,3502,3668,-166
108000010,4165,5908,-1743
108000011,9261,10785,-1524
108000012,20464,18281,2183
108000014,778,536,242
108000015,407,348,59
108000016,153,605,-452
108000017,729,354,375
108000018,1253,527,726
108000019,1507,784,723
108000020,1245,503,742
108000021,488,1830,-1342
108000022,630,1838,-1208
108000023,1066,201,865
108000024,167,811,-644
108000025,212,238,-26
108000026,471,652,-181
108000027,615,904,-289
108000028,345,356,-11
108000029,319,1225,-906
108000030,433,222,211
108000031,216,606,-390
108000032,1031,556,475
108000033,762,1431,-669
108000034,1301,488,813
108000035,1019,2885,-1866
108000036,445,1901,-1456
108000037,1388,432,956
108000038,1851,464,1387
108000039,577,3529,-2952
108000040,1528,668,860
108000041,665,3350,-2685
108000042,184,223,-39
108000043,129,305,-176
108000044,245,221,24
108000045,186,840,-654
108000046,893,324,569
108000047,392,1362,-970
108000048,127,484,-357
108000049,421,196,225
108000050,174,808,-634
108000051,168,86,82
108000052,367,826,-459
108000053,273,122,151
108000054,545,1415,-870
108000055,1113,375,738
108000056,1259,1322,-63
108000057,634,811,-177
108000058,2270,3052,-782
108000059,5122,2480,2642
108000060,177,630,-453
108000061,301,667,-366
108000062,461,479,-18
108000063,298,624,-326
108000064,115,266,-151
108000065,619,701,-82
108000066,2088,910,1178
108000067,1818,528,1290
108000068,561,376,185
108000069,221,1329,-1108
108000070,1275,701,574
108000071,766,1935,-1169
108000072,1069,1038,31
108000073,1540,2119,-579
108000074,324,390,-66
108000075,360,822,-462
108000076,709,474,235
108000077,826,673,153
108000078,1469,1601,-132
108000079,931,1992,-1061
108000080,768,591,177
108000081,418,2729,-2311
108000082,952,2254,-1302
108000083,1810,788,1022
108000084,475,1568,-1093
108000085,450,318,132
108000086,784,876,-92
108000087,82,1433,-1351
108000088,1253,226,1027
108000089,517,352,165
108000091,361,836,-475
108000092,127,141,-14
108000093,170,1221,-1051
108000094,821,141,680
108000095,231,753,-522
108000096,279,227,52
108000097,188,760,-572
108000098,982,1738,-756
108000099,862,359,503
108000100,69,548,-479
108000101,716,1200,-484
108000102,1463,2781,-1318
108000106,1219,1,1218
108000107,0,696,-696
108000108,386,40,346
108000109,5,1019,-1014
108000110,136,339,-203
108000111,169,945,-776
108000112,76,157,-81
108000113,682,403,279
108000115,435,617,-182
108000117,843,434,409
108000118,736,1632,-896
108000119,882,626,256
108000120,135,728,-593
108000121,243,890,-647
108000122,329,437,-108
108000123,459,322,137
108000124,154,676,-522
108000125,188,465,-277
108000126,104,644,-540
108000127,271,442,-171
108000128,434,770,-336
108000129,241,1512,-1271
108000130,222,341,-119
108000131,853,346,507
108000132,2040,1720,320
108000133,649,491,158
108000134,601,748,-147
108000135,860,384,476
108000136,1236,1205,31
108000137,272,476,-204
108000138,332,1403,-1071
108000139,181,461,-280
108000140,73,29,44
108000141,36,240,-204
108000142,41,278,-237
108000143,40,1056,-1016
108000144,277,124,153
108000145,41,135,-94
108000146,330,75,255
108000147,33,117,-84
108000148,422,86,336
108000149,23,62,-39
108000150,25,5,20
108000151,189,130,59
108000152,123,784,-661
108000153,269,172,97
108000154,124,57,67
108000155,30,33,-3
108000156,1069,674,395
108000157,144,667,-523
108000158,160,558,-398
108000159,1278,239,1039
108000160,6747,927,5820
108000161,5438,1668,3770
108000165,1,99,-98
108000172,1,247,-246
108000173,3491,1483,2008
108000175,282,119,163
108000178,377,325,52
108000179,223,582,-359
108000181,45,70,-25
108000182,327,88,239
108000183,43,413,-370
108000184,1511,1813,-302
108000185,132,527,-395
108000186,269,667,-398
108000187,55,762,-707
108000188,338,242,96
108000189,3497,5046,-1549
108000190,27,166,-139
108000192,149,729,-580
108000193,757,26,731
108000194,34,35,-1
108000195,1,1884,-1883
108000196,174,207,-33
108000198,747,400,347
108000199,0,105,-105
108000200,170,806,-636
108000203,38,963,-925
108000204,93,34,59
108000205,306,579,-273
108000339,1624,340,1284
108000364,299,898,-599
108000365,60,423,-363
108000367,194,393,-199
108000368,15,81,-66
108000369,2381,248,2133
108000371,17,837,-820
108000372,504,5,499
108000373,146,197,-51
108000376,49,28,21
108000377,299,445,-146
108000378,9230,10060,-830
108000379,21,244,-223
108000381,25,12,13
108000382,192,2,190
108000383,0,170,-170
108900001,98,1284,-1186
108900002,275,59,216
108900003,412,1379,-967
108900004,200,271,-71
108900007,211,167,44
108900008,42,152,-110
108900009,56,151,-95
108900010,120,175,-55
108900011,210,448,-238
108900012,256,507,-251
108900013,95,224,-129
108900014,4,96,-92
108900015,2,11,-9
108900016,1,268,-267
108900017,120,199,-79
108900018,78,604,-526
108900019,38,1351,-1313
108900020,84,327,-243
108900021,76,312,-236
108900022,58,1,57
108900023,42,22,20
108900024,17,89,-72
108900025,70,146,-76
108900026,10,113,-103
108900027,0,82,-82
108900028,54,391,-337
108900029,70,239,-169
108900030,0,131,-131
108900031,48,609,-561
108900032,4,372,-368
108900033,0,71,-71
108900034,0,303,-303
108900035,244,1497,-1253
108900038,4,438,-434
108900039,5,718,-713
108900040,2,146,-144
108900041,6578,2768,3810
108900042,17,324,-307
108900043,37,506,-469
108900044,3,830,-827
108900045,36,774,-738
108900046,81,1253,-1172
108900047,5,136,-131
108900048,84,1273,-1189
108900049,6423,783,5640
108900050,2,327,-325
108900051,0,340,-340
108900052,27,273,-246
108900053,157,124,33
108900054,58,281,-223
108900055,51,442,-391
108900056,0,207,-207
108900057,0,159,-159
108900058,20,456,-436
108900059,235,29,206
108900060,79,121,-42
108900061,54,40,14
108900062,6,403,-397
108900063,7,418,-411
108900064,79,60,19
108900065,6,380,-374
108900066,217,122,95
108900067,11,281,-270
108900068,8,262,-254
108900069,28,125,-97
108900070,18,194,-176
108900071,68,44,24
108900072,2917,356,2561
108900073,21,596,-575
108900074,100,574,-474
108900075,62,67,-5
108900076,123,91,32
108900077,109,563,-454
108900078,22,189,-167
108900079,934,328,606
108900080,16,577,-561
108900081,46,333,-287
108900082,35,111,-76
108900083,15,203,-188
108900085,2528,177,2351
108900086,58,428,-370
108900087,105,249,-144
108900088,906,279,627
108900089,7,112,-105
108900090,15,466,-451
108900091,125,121,4
108900092,353,325,28
108900093,71,53,18
108900094,200,97,103
108900095,65,790,-725
108900096,475,29,446
108900097,467,229,238
108900098,3920,405,3515
108900099,265,336,-71
108900100,29,170,-141
108900101,175,67,108
108900102,94,651,-557
108900103,41,48,-7
108900105,3,822,-819
108900106,235,532,-297
108900108,284,41,243
108900109,286,35,251
108900110,127,522,-395
108900111,233,842,-609
108900113,33,61,-28
108900114,32,6,26
108900115,59,53,6
108900116,42,11,31
108900117,75,5,70
108900118,377,9,368
108900119,92,60,32
108900120,164,164,0
108900121,225,44,181
108900122,49,56,-7
108900123,70,62,8
108900124,353,140,213
108900125,165,1,164
108900126,92,9,83
108900127,85,36,49
108900128,45,26,19
108900129,540,106,434
108900130,136,2,134
108900131,284,2,282
108900132,262,71,191
108900133,110,25,85
108900134,159,313,-154
108900135,91,6,85
108900136,4,0,4
108900137,90,1,89
108900138,445,23,422
108900140,171,257,-86
108900141,151,12,139
108900142,37,5,32
108900143,11,0,11
108900144,31,1,30
108900145,57,5,52
108900146,19,0,19
108900147,130,0,130
108900148,59,39,20
108900150,180,2,178
108900151,55,2,53
108900152,32,1,31
108900153,84,531,-447
108900154,3803,386,3417
108900156,82,16,66
108900157,17,688,-671
108900158,206,28,178
108900159,5,367,-362
108900160,7,293,-286
108900161,3,558,-555
108900162,47,0,47
108900163,9,202,-193
108900164,24,80,-56
108900168,10915,1795,9120
108900169,29,133,-104
108900171,10124,2200,7924
108900172,198,57,141
108900173,153,444,-291
108900174,355,576,-221
108900176,111,751,-640
108900177,10507,3187,7320
108900178,6645,2377,4268
108900180,125,222,-97
108900183,167,185,-18
108900184,414,147,267
108900185,48,325,-277
108900186,23,424,-401
108900189,358,143,215
108900190,34,3669,-3635
108900192,93,269,-176
108900195,61,411,-350
108900196,21,667,-646
108900199,216,347,-131
108900200,546,381,165
108900201,354,1669,-1315
108900203,422,35,387
108900204,264,11,253
108900205,170,29,141
108900206,215,41,174
108900207,140,31,109
108900208,20,427,-407
108900209,262,768,-506
108900210,121,219,-98
108900211,243,380,-137
108900212,882,934,-52
108900215,106,804,-698
108900216,507,80,427
108900217,66,0,66
108900218,121,7,114
108900221,32,90,-58
108900224,14,91,-77
108900225,0,158,-158
108900227,127,165,-38
108900230,514,407,107
108900232,3,454,-451
108900233,259,56,203
108900234,236,118,118
108900235,214,704,-490
108900236,17,349,-332
108900240,50,84,-34
108900241,9,10,-1
108900245,5,666,-661
108900250,64,70,-6
108900258,9,311,-302
108900259,55,94,-39
108900260,7,121,-114
108900261,210,233,-23
108900262,278,176,102
108900263,35,272,-237
108900264,582,307,275
108900265,1429,263,1166
108900266,1984,385,1599
108900267,6,59,-53
108900268,17,2,15
108900269,41,2,39
108900270,41,8,33
108900271,24,4,20
108900272,97,3,94
108900273,1024,500,524
108900274,21,63,-42
109000001,4799,1503,3296
109000002,3142,1759,1383
109000003,2594,772,1822
109000004,561,3372,-2811
109000005,2695,1038,1657
109000006,973,2988,-2015
109000007,1251,956,295
109000008,523,2367,-1844
109000009,3252,1750,1502
109000010,1700,4969,-3269
109000011,2856,2101,755
109000012,2459,5084,-2625
109000013,2769,2825,-56
109000014,1705,4917,-3212
109000015,5338,7259,-1921
109000016,12917,5503,7414
109000017,1936,1674,262
109000018,1279,4370,-3091
109000019,3747,1639,2108
109000020,1741,2540,-799
109000023,249,26,223
109000024,4,189,-185
109000025,418,599,-181
109000026,1253,388,865
109000027,81,325,-244
109000028,141,109,32
109000029,136,204,-68
109000030,66,647,-581
109000031,192,115,77
109000032,235,525,-290
109000033,458,146,312
109000034,60,44,16
109000035,12,57,-45
109000036,77,410,-333
109000037,218,969,-751
109000038,580,445,135
109000039,699,531,168
109000040,4449,3297,1152
109000041,6706,1393,5313
109000042,1257,1258,-1
109000044,583,221,362
109000045,264,555,-291
109000046,302,101,201
109000047,114,475,-361
109000048,1511,430,1081
109000049,522,475,47
109000050,504,731,-227
109000051,262,317,-55
109000052,420,2353,-1933
109000053,929,382,547
109000054,148,948,-800
109000055,209,265,-56
109000056,213,639,-426
109000057,502,351,151
109000058,1685,497,1188
109000059,866,1063,-197
109000060,1115,246,869
109000061,1869,835,1034
109000062,155,228,-73
109000063,180,279,-99
109000064,77,192,-115
109000065,62,425,-363
109000066,269,140,129
109000067,31,448,-417
109000068,933,8,925
109000069,727,30,697
109000070,13,1063,-1050
109000071,385,78,307
109000072,142,655,-513
109000073,50,118,-68
109000074,34,277,-243
109000075,59,360,-301
109000076,167,273,-106
109000077,503,420,83
109000078,63,250,-187
109000079,123,221,-98
109000080,176,167,9
109000081,74,671,-597
109000082,558,330,228
109000083,330,1045,-715
109000088,105,588,-483
109000089,175,25,150
109000090,184,492,-308
109000091,229,81,148
109000092,387,666,-279
109000093,152,98,54
109000094,312,0,312
109000095,139,688,-549
109000096,355,274,81
109000097,92,169,-77
109000098,103,94,9
109000099,568,392,176
109000100,95,610,-515
109000101,1109,1026,83
109000102,284,827,-543
109000103,529,915,-386
109000104,986,684,302
109000105,472,1739,-1267
109000106,1449,832,617
109000107,509,2395,-1886
109000108,1455,579,876
109000109,371,2400,-2029
109000110,1355,552,803
109000111,1216,2516,-1300
109000112,400,191,209
109000113,371,189,182
109000114,169,396,-227
109000115,1584,116,1468
109000116,19,642,-623
109000117,95,155,-60
109000118,8,402,-394
109000119,607,591,16
109000120,118,1303,-1185
109000121,329,228,101
109000122,107,1279,-1172
109000123,38,430,-392
109000124,571,507,64
109000125,473,554,-81
109000126,374,1127,-753
109000127,811,424,387
109000128,442,2695,-2253
109000129,1294,584,710
109000130,988,4607,-3619
109000131,1297,707,590
109000132,1155,4160,-3005
109000133,430,1436,-1006
109000134,710,1725,-1015
109000135,1313,1475,-162
109000136,402,451,-49
109000137,331,420,-89
109000138,575,496,79
109000139,360,573,-213
109000140,240,1270,-1030
109000141,529,647,-118
109000142,117,711,-594
109000143,68,92,-24
109000145,65,286,-221
109000146,148,97,51
109000148,4949,1025,3924
109000149,30,40,-10
109000150,279,202,77
109000155,450,637,-187
109000156,1626,969,657
109000158,59,277,-218
109000159,119,738,-619
109000160,983,299,684
109000161,310,1613,-1303
109000162,1728,1030,698
109000163,853,2405,-1552
109000164,1030,3412,-2382
109000165,840,652,188
109000166,484,165,319
109000167,86,1184,-1098
109000170,33,38,-5
109000171,36,47,-11
109000172,63,69,-6
109000173,44,83,-39
109000174,53,45,8
109000175,127,593,-466
109000176,351,350,1
109000177,21,134,-113
109000178,439,629,-190
109000179,9351,3183,6168
109000180,5832,3182,2650
109000181,6,26,-20
109000182,43,53,-10
109000183,22,31,-9
109000184,21,29,-8
109000185,20,60,-40
109000188,324,3196,-2872
109000189,1425,945,480
109000190,410,554,-144
109000191,241,670,-429
109000192,247,263,-16
109000193,141,550,-409
109000194,143,148,-5
109000195,114,582,-468
109000196,289,178,111
109000197,140,566,-426
109000198,215,74,141
109000199,99,668,-569
109000206,233,44,189
109000207,68,44,24
109000208,80,70,10
109000209,110,153,-43
109000210,184,661,-477
109000211,373,566,-193
109000214,441,1474,-1033
109000215,184,87,97
109000216,345,176,169
109000217,129,74,55
109000218,204,157,47
109000221,453,1412,-959
109000222,816,204,612
109000223,228,258,-30
109000224,38,291,-253
109000225,43,72,-29
109000226,29,429,-400
109000227,719,1776,-1057
109000228,0,346,-346
109000231,3,462,-459
109000232,168,452,-284
109000236,234,954,-720
109000241,1922,2651,-729
109000242,1481,1906,-425
109000293,61,221,-160
109000361,91,298,-207
109000364,167,756,-589
109000396,6,881,-875
109000397,325,6,319
109000399,141,810,-669
109000400,69,438,-369
109000403,84,718,-634
109000406,594,14,580
109000407,221,245,-24
109000408,1,1192,-1191
109000410,798,211,587
109000411,139,41,98
109000412,0,144,-144
109900001,70,0,70
109900002,637,7,630
109900003,118,1,117
109900005,14,4,10
109900006,253,334,-81
109900007,430,1108,-678
109900008,0,36,-36
109900009,100,822,-722
109900010,383,7,376
109900011,99,34,65
109900012,154,177,-23
109900013,322,130,192
109900014,257,41,216
109900015,262,104,158
109900016,88,41,47
109900017,107,136,-29
109900018,113,86,27
109900019,128,79,49
109900020,23,34,-11
109900021,24,21,3
109900022,101,400,-299
109900023,12,1,11
109900024,17,1,16
109900025,5,34,-29
109900027,36,17,19
109900028,3445,634,2811
109900029,7,606,-599
109900030,46,2,44
109900031,0,61,-61
109900032,5,325,-320
109900033,1,760,-759
109900034,14,0,14
109900035,9,13,-4
109900036,10,137,-127
109900037,19,651,-632
109900038,24,295,-271
109900039,8,1,7
109900040,9,710,-701
109900041,62,540,-478
109900042,7,418,-411
109900044,79,366,-287
109900045,35,15,20
109900046,85,135,-50
109900047,294,405,-111
109900048,0,129,-129
109900049,5,20,-15
109900050,1,303,-302
109900051,0,56,-56
109900052,85,329,-244
109900053,6,606,-600
109900054,407,169,238
109900055,23,284,-261
109900056,19,158,-139
109900057,6,353,-347
109900058,0,156,-156
109900060,310,174,136
109900061,108,307,-199
109900062,2,368,-366
109900064,391,383,8
109900065,142,139,3
109900066,329,1234,-905
109900067,0,522,-522
109900068,30,2,28
109900069,5,55,-50
109900071,0,21,-21
109900072,15,201,-186
109900073,234,804,-570
109900074,9,71,-62
109900075,19,32,-13
109900076,52,616,-564
109900077,32,78,-46
109900078,96,298,-202
109900080,116,429,-313
109900081,17,139,-122
109900082,32,645,-613
109900083,13,79,-66
109900084,91,228,-137
109900085,212,1307,-1095
109900086,98,348,-250
109900087,107,321,-214
109900089,524,97,427
109900092,435,8,427
109900093,479,88,391
109900094,61,102,-41
109900095,110,265,-155
109900096,37,0,37
109900097,50,0,50
109900098,301,26,275
109900099,96,0,96
109900100,18,0,18
109900101,243,10,233
109900102,344,17,327
109900103,16,17,-1
109900104,269,1233,-964
109900105,464,27,437
109900106,240,55,185
109900107,210,71,139
109900108,44,491,-447
109900109,27,161,-134
109900111,225,1559,-1334
109900114,618,194,424
109900115,100,84,16
109900117,610,151,459
109900121,529,248,281
109900123,8,182,-174
109900125,2,193,-191
109900126,130,214,-84
109900130,15218,1714,13504
109900131,92,177,-85
109900132,29,204,-175
109900134,37,72,-35
109900135,522,65,457
109900137,84,530,-446
109900140,211,472,-261
109900149,45,70,-25
109900150,2,83,-81
109900151,4,56,-52
109900152,0,41,-41
109900153,1,63,-62
109900154,11,0,11
109900155,39,12,27
109900157,42,260,-218
109900159,126,13,113
109900161,187,42,145
109900162,148,64,84
109900163,876,439,437
109900164,55,265,-210
109900165,114,4,110
109900166,2,219,-217
109900167,121,522,-401
109900168,172,561,-389
109900169,61,177,-116
109900170,354,823,-469
109900171,132,114,18
109900172,114,172,-58
109900173,5057,1720,3337
109900174,42,172,-130
109900175,29,50,-21
109900176,74,263,-189
109900177,48,424,-376
109900178,1,72,-71
109900179,16,14,2
109900180,7,20,-13
110000001,1140,659,481
110000002,796,613,183
110000003,893,789,104
110000004,568,632,-64
110000005,667,1465,-798
110000006,804,342,462
110000007,155,198,-43
110000008,12,31,-19
110000009,49,78,-29
110000010,74,43,31
110000011,31,117,-86
110000012,1019,578,441
110000013,25,480,-455
110000014,792,441,351
110000015,303,641,-338
110000016,311,1159,-848
110000017,3891,314,3577
110000018,4283,560,3723
110000019,5,200,-195
110000020,662,335,327
110000021,1592,465,1127
110000022,773,137,636
110000023,4,258,-254
110000024,675,427,248
110000025,167,3,164
110000026,6,714,-708
110000027,760,392,368
110000028,753,754,-1
110000029,543,1132,-589
110000030,237,434,-197
110000031,239,742,-503
110000032,793,517,276
110000033,247,46,201
110000034,259,765,-506
110000035,485,1007,-522
110000036,512,729,-217
110000037,166,724,-558
110000038,158,599,-441
110000039,589,2261,-1672
110000040,346,473,-127
110000041,207,1162,-955
110000042,79,200,-121
110000043,385,310,75
110000044,45,47,-2
110000045,373,117,256
110000046,3,8,-5
110000047,20,13,7
110000048,16,13,3
110000049,182,6,176
110000050,16,32,-16
110000051,196,7,189
110000052,25,32,-7
110000053,360,1,359
110000054,163,254,-91
110000055,367,23,344
110000056,245,52,193
110000057,408,1041,-633
110000058,830,689,141
110000059,805,574,231
110000060,779,945,-166
110000061,833,870,-37
110000062,612,778,-166
110000063,44,60,-16
110000064,77,181,-104
110000065,52,76,-24
110000066,100,29,71
110000067,55,455,-400
110000068,218,595,-377
110000069,106,99,7
110000071,55,162,-107
110000073,6,23,-17
110000075,13,101,-88
110000076,225,275,-50
110000077,443,1008,-565
110000078,9,48,-39
110000080,382,753,-371
110000081,27,407,-380
110000082,47,420,-373
110000083,235,843,-608
110000084,825,578,247
110000085,2519,1548,971
110000086,968,1421,-453
110000087,6,91,-85
110000088,54,328,-274
110000089,202,318,-116
110000090,102,499,-397
110000091,2373,425,1948
110000092,31,150,-119
110000093,41,12,29
110000094,532,265,267
110000095,144,680,-536
110000096,3973,1683,2290
110000097,881,1212,-331
110000098,1768,732,1036
110000099,866,1802,-936
110000100,492,954,-462
110000101,22,559,-537
110000102,29,75,-46
110000104,204,131,73
110000105,34,295,-261
110000106,499,333,166
110000107,500,455,45
110000108,162,28,134
110000109,266,311,-45
110000110,4151,3258,893
110000111,8652,2230,6422
110000112,1586,712,874
110000113,710,1791,-1081
110000114,104,524,-420
110000115,212,352,-140
110000116,34,51,-17
110000117,135,761,-626
110000118,304,354,-50
110000119,192,577,-385
110000120,315,220,95
110000121,134,380,-246
110000122,328,607,-279
110000123,479,287,192
110000124,2,854,-852
110000125,706,3,703
110000126,233,16,217
110000127,823,30,793
110000128,23,1405,-1382
110000129,1,812,-811
110000130,250,139,111
110000131,66,626,-560
110000132,3,648,-645
110000133,62,349,-287
110000134,44,382,-338
110000135,191,34,157
110000136,84,372,-288
110000137,548,812,-264
110000138,526,1021,-495
110000139,602,1837,-1235
110000140,1054,562,492
110000143,921,388,533
110000144,4385,1314,3071
110000145,1278,748,530
110000146,1676,752,924
110000147,279,666,-387
110000148,290,349,-59
110000151,1659,592,1067
110000152,1478,407,1071
110000153,59,160,-101
110000154,4,24,-20
110000155,1316,2546,-1230
110000156,931,1458,-527
110000157,1217,1610,-393
110000160,295,494,-199
110000161,168,584,-416
110000166,203,113,90
110000167,648,655,-7
110000168,761,475,286
110000169,619,404,215
110000170,91,120,-29
110000171,495,247,248
110000172,170,1054,-884
110000173,1585,1487,98
110000174,126,1803,-1677
110000175,332,122,210
110000176,76,338,-262
110000177,168,880,-712
110000178,521,866,-345
110000179,2027,389,1638
110000180,111,408,-297
110000181,210,482,-272
110000182,373,399,-26
110000183,14118,5748,8370
110000184,1620,2106,-486
110000185,673,620,53
110000186,688,720,-32
110000191,436,370,66
110000192,257,4,253
110000193,433,3,430
110000194,12,1519,-1507
110000195,256,404,-148
110000196,184,611,-427
110000197,55,273,-218
110000198,121,91,30
110000199,59,125,-66
110000200,1333,552,781
110000201,456,655,-199
110000202,992,463,529
110000203,708,978,-270
110000204,1,402,-401
110000205,63,49,14
110000206,611,1778,-1167
110000207,430,285,145
110000208,134,99,35
110000209,176,1068,-892
110000210,707,971,-264
110000211,767,1143,-376
110000212,514,1012,-498
110000213,110,73,37
110000214,93,108,-15
110000215,123,699,-576
110000216,94,799,-705
110000217,132,247,-115
110000218,149,668,-519
110000219,171,93,78
110000220,48,528,-480
110000221,167,73,94
110000222,46,402,-356
110000223,8,191,-183
110000224,130,22,108
110000225,204,574,-370
110000226,218,76,142
110000227,761,519,242
110000228,452,397,55
110000229,0,294,-294
110000230,679,735,-56
110000231,165,204,-39
110000232,129,174,-45
110000233,84,316,-232
110000234,406,419,-13
110000235,1632,888,744
110000236,476,988,-512
110000237,1722,1073,649
110000238,1028,1690,-662
110000239,1697,1222,475
110000240,1,114,-113
110000242,0,29,-29
110000243,58,208,-150
110000244,130,503,-373
110000245,28,525,-497
110000246,661,833,-172
110000247,1319,5042,-3723
110000248,2706,1970,736
110000249,88,8,80
110000250,51,271,-220
110000251,176,614,-438
110000252,129,314,-185
110000253,1123,682,441
110000254,654,1624,-970
110000255,231,1314,-1083
110000256,453,260,193
110000257,909,438,471
110000258,10,597,-587
110000259,53,23,30
110000260,13,503,-490
110000263,639,133,506
110000264,204,634,-430
110000265,1015,1829,-814
110000266,1681,2280,-599
110000267,5,197,-192
110000268,309,476,-167
110000269,2,71,-69
110000270,27,0,27
110000271,2574,262,2312
110000272,1082,1052,30
110000273,3003,1313,1690
110000274,171,1127,-956
110000275,3907,444,3463
110000276,176,247,-71
110000277,140,523,-383
110000278,183,1051,-868
110000279,784,759,25
110000280,307,382,-75
110000281,19,206,-187
110000282,296,51,245
110000283,42,84,-42
110000284,45,51,-6
110000285,1,180,-179
110000286,13,0,13
110000287,53,1,52
110000288,1,62,-61
110000289,578,1475,-897
110000290,1482,680,802
110000291,8257,1926,6331
110000292,1354,4131,-2777
110000293,340,1054,-714
110000294,627,992,-365
110000295,92,1141,-1049
110000296,279,385,-106
110000297,2642,293,2349
110000298,451,695,-244
110000299,722,68,654
110000301,158,13,145
110000302,317,1877,-1560
110000303,374,3,371
110000304,150,417,-267
110000305,808,15,793
110000306,141,2192,-2051
110000307,1077,7,1070
110000308,351,3,348
110000309,6,1490,-1484
110000310,543,78,465
110000311,15,826,-811
110000312,584,58,526
110000313,3002,2688,314
110000314,3,299,-296
110000315,3325,1816,1509
110000316,702,1303,-601
110000317,813,298,515
110000318,3,120,-117
110000319,10,13,-3
110000320,37,65,-28
110000321,19,55,-36
110000322,195,516,-321
110000323,252,262,-10
110000324,5764,1080,4684
110000325,2445,2674,-229
110000327,507,294,213
110000328,117,465,-348
110000333,862,667,195
110000334,727,1517,-790
110000335,673,538,135
110000336,555,1232,-677
110000337,1481,481,1000
110000338,358,207,151
110000339,207,281,-74
110000340,15,222,-207
110000341,483,688,-205
110000342,387,2,385
110000343,0,12,-12
110000344,40,192,-152
110000345,89,92,-3
110000346,2340,1481,859
110000347,947,801,146
110000348,25,34,-9
110000349,6,25,-19
110000350,22,5,17
110000351,615,1021,-406
110000352,458,1647,-1189
110000353,4310,855,3455
110000354,1127,2308,-1181
110000355,57,101,-44
110000356,972,14,958
110000357,258,19,239
110000361,11,152,-141
110000362,50,41,9
110000363,239,159,80
110000364,123,547,-424
110000365,175,0,175
110000366,0,104,-104
110000367,225,229,-4
110000368,1,80,-79
110000369,16,0,16
110000373,4,288,-284
110000374,84,9,75
110000375,229,775,-546
110000376,34,118,-84
110000377,107,554,-447
110000378,36,307,-271
110000379,4656,1205,3451
110000380,64,7,57
110000383,5,1018,-1013
110000384,2658,912,1746
110000385,3,164,-161
110000387,63,1,62
110000388,40,276,-236
110000389,602,3,599
110000391,297,358,-61
110000396,89,138,-49
110000397,95,251,-156
110000398,7,58,-51
110000399,234,0,234
110000587,48,62,-14
110000589,157,225,-68
110000640,175,202,-27
110000652,22,91,-69
110000653,220,626,-406
110000654,56,34,22
110000656,2,732,-730
110000674,35,10,25
110000675,2,4,-2
110000676,1,40,-39
110000679,670,826,-156
110000682,145,149,-4
110000683,500,608,-108
110000684,8,47,-39
110000685,4,15,-11
110000686,23,20,3
110000687,22,1,21
110000688,76,566,-490
110000689,34,67,-33
110000692,361,260,101
110000693,453,209,244
110000694,1,170,-169
110000695,139,803,-664
110000696,210,236,-26
110000698,59,787,-728
110000699,105,506,-401
110900001,219,4,215
110900002,305,313,-8
110900003,414,1375,-961
110900004,143,240,-97
110900005,5273,1580,3693
110900006,44,8,36
110900007,80,16,64
110900008,10,106,-96
110900009,326,52,274
110900010,9,93,-84
110900011,19,162,-143
110900012,4,143,-139
110900013,666,146,520
110900014,146,33,113
110900015,1295,399,896
110900016,16,252,-236
110900017,226,48,178
110900018,262,49,213
110900019,130,33,97
110900020,54,574,-520
110900021,51,717,-666
110900022,82,466,-384
110900023,52,686,-634
110900024,21,559,-538
110900025,12,60,-48
110900027,26,263,-237
110900028,30,148,-118
110900029,26,548,-522
110900030,35,291,-256
110900031,15,194,-179
110900032,0,108,-108
110900033,30,280,-250
110900035,56,542,-486
110900036,115,24,91
110900037,50,30,20
110900038,1323,160,1163
110900039,3,252,-249
110900040,172,23,149
110900041,4,243,-239
110900042,114,56,58
110900043,0,249,-249
110900044,198,33,165
110900045,46,739,-693
110900046,157,457,-300
110900047,787,137,650
110900049,62,65,-3
110900050,11,6,5
110900052,12,346,-334
110900053,66,31,35
110900054,20,276,-256
110900055,19,1,18
110900056,39,96,-57
110900057,9,513,-504
110900058,96,228,-132
110900059,702,889,-187
110900060,260,100,160
110900061,29,46,-17
110900062,97,266,-169
110900063,35,163,-128
110900064,6,0,6
110900065,534,189,345
110900066,21,109,-88
110900067,468,403,65
110900068,244,247,-3
110900069,4,44,-40
110900070,99,52,47
110900071,201,333,-132
110900073,0,20,-20
110900074,241,133,108
110900075,190,63,127
110900077,425,468,-43
110900078,23,162,-139
110900079,2950,638,2312
110900080,57,55,2
110900081,4,129,-125
110900082,74,340,-266
110900083,78,36,42
110900084,51,245,-194
110900085,47,330,-283
110900086,47,174,-127
110900087,213,88,125
110900088,12,0,12
110900090,14,17,-3
110900091,2,55,-53
110900093,229,65,164
110900095,35,27,8
110900097,9,29,-20
110900098,40,131,-91
110900099,47,624,-577
110900100,0,23,-23
110900102,16,21,-5
110900105,642,396,246
110900108,8,130,-122
110900111,273,96,177
110900112,368,2,366
110900113,666,65,601
110900115,21,132,-111
110900116,395,2921,-2526
110900118,159,1825,-1666
110900119,6547,482,6065
110900120,8,240,-232
110900121,33,0,33
110900122,281,134,147
110900125,185,296,-111
110900127,936,911,25
110900128,538,342,196
110900129,307,396,-89
110900130,1373,564,809
110900131,102,26,76
110900132,189,44,145
110900133,52,318,-266
110900135,78,582,-504
110900136,243,13,230
110900139,19,0,19
110900140,8,0,8
110900141,505,69,436
110900142,44,269,-225
110900143,62,91,-29
110900144,5,919,-914
110900145,80,29,51
110900146,371,112,259
110900147,276,252,24
110900148,4,368,-364
110900149,1,64,-63
110900150,14,23,-9
110900151,3,74,-71
110900152,13,449,-436
110900153,92,22,70
111000001,800,671,129
111000002,1052,1096,-44
111000003,1592,1445,147
111000004,1045,1715,-670
111000005,1943,1568,375
111000006,1174,2467,-1293
111000007,6195,4072,2123
111000008,6277,4233,2044
111000009,424,1030,-606
111000010,675,338,337
111000011,473,1059,-586
111000012,879,538,341
111000013,397,1468,-1071
111000014,1160,802,358
111000017,113,680,-567
111000018,223,411,-188
111000020,2889,2442,447
111000021,94,179,-85
111000023,98,197,-99
111000025,9186,2979,6207
111000029,32,100,-68
111000030,30,78,-48
111000031,2207,938,1269
111000032,611,304,307
111000033,335,181,154
111000034,609,229,380
111000037,3613,1782,1831
111000038,4490,2960,1530
111000039,1955,2934,-979
111000040,1784,3540,-1756
111000041,1875,2101,-226
111000042,8048,2795,5253
111000043,2759,2196,563
111000044,1335,1049,286
111000045,1943,2151,-208
111000046,1585,1557,28
111000047,2530,3568,-1038
111000049,501,590,-89
111000050,2386,2084,302
111000051,481,1479,-998
111000052,629,1929,-1300
111000053,404,1231,-827
111000054,279,1331,-1052
111000055,1113,2163,-1050
111000056,82,823,-741
111000057,95,889,-794
111000058,220,141,79
111000059,194,354,-160
111000060,2881,804,2077
111000061,462,337,125
111000062,697,216,481
111000063,1603,920,683
111000064,497,597,-100
111000065,914,890,24
111000066,445,361,84
111000067,473,760,-287
111000068,450,962,-512
111000069,1657,2165,-508
111000070,2795,1224,1571
111000071,243,911,-668
111000072,786,415,371
111000073,260,895,-635
111000074,1310,1640,-330
111000075,707,1177,-470
111000076,381,1154,-773
111000077,1349,1817,-468
111000078,2761,1602,1159
111000079,1438,917,521
111000080,424,815,-391
111000081,2668,3628,-960
111000082,547,865,-318
111000084,621,641,-20
111000085,1203,1852,-649
111000086,4805,1495,3310
111000087,712,979,-267
111000088,9182,1972,7210
111000089,548,826,-278
111000090,958,1417,-459
111000091,647,730,-83
111000092,1170,1149,21
111000093,494,791,-297
111000094,2027,963,1064
111000095,677,2112,-1435
111000096,2643,6867,-4224
111000097,7636,1224,6412
111000098,704,1721,-1017
111000099,396,3057,-2661
111000100,322,2705,-2383
111000101,403,926,-523
111000102,128,952,-824
111000104,348,263,85
111000107,112,1014,-902
111000109,371,296,75
111000110,1207,640,567
111000111,1466,494,972
111000112,1373,382,991
111000113,734,920,-186
111000114,2539,2334,205
111000115,8479,1213,7266
111000116,850,1072,-222
111000117,575,886,-311
111000118,1583,1251,332
111000119,719,1900,-1181
111000120,302,642,-340
111000121,171,596,-425
111000122,593,1141,-548
111000123,902,3634,-2732
111000124,400,3979,-3579
111000125,203,2271,-2068
111000126,74,1171,-1097
111000127,621,231,390
111000128,1253,375,878
111000129,1940,538,1402
111000130,1367,845,522
111000131,1062,555,507
111000132,754,500,254
111000133,105,171,-66
111000134,107,140,-33
111000135,48,128,-80
111000136,271,396,-125
111000138,1,22,-21
111000140,0,13,-13
111000141,170,266,-96
111000142,11,107,-96
111000143,3,84,-81
111000144,14,116,-102
111000145,861,31,830
111000146,66,5,61
111000147,212,28,184
111000148,139,57,82
111000149,7,39,-32
111000150,8,23,-15
111000151,3,24,-21
111000153,596,690,-94
111000154,1061,210,851
111000155,144,176,-32
111000156,557,555,2
111000157,206,748,-542
111000158,1057,732,325
111000159,3500,830,2670
111000160,211,534,-323
111000161,8,329,-321
111000162,12,203,-191
111000163,428,876,-448
111000164,1014,3020,-2006
111000165,1544,438,1106
111000166,1732,403,1329
111000167,145,558,-413
111000168,273,541,-268
111000169,342,641,-299
111000170,534,537,-3
111000171,479,1135,-656
111000172,107,968,-861
111000173,325,1885,-1560
111000174,116,889,-773
111000175,53,348,-295
111000176,174,183,-9
111000177,133,356,-223
111000178,971,430,541
111000179,129,289,-160
111000180,191,431,-240
111000181,567,331,236
111000182,131,273,-142
111000183,227,390,-163
111000184,264,342,-78
111000185,388,609,-221
111000186,295,390,-95
111000187,119,359,-240
111000188,143,520,-377
111000189,2117,731,1386
111000190,165,613,-448
111000191,131,603,-472
111000192,235,735,-500
111000193,646,541,105
111000194,35,542,-507
111000195,95,628,-533
111000196,37,426,-389
111000197,247,230,17
111000198,336,142,194
111000199,134,192,-58
111000200,202,341,-139
111000201,391,276,115
111000202,182,247,-65
111000203,243,196,47
111000204,431,688,-257
111000213,214,568,-354
111000214,1382,2792,-1410
111000215,999,2016,-1017
111000217,1061,1018,43
111000218,773,1098,-325
111000219,606,308,298
111000220,3430,524,2906
111000221,1595,174,1421
111000224,212,847,-635
111000225,345,297,48
111000226,270,1,269
111000227,54,5,49
111000228,18,229,-211
111000229,51,383,-332
111000230,281,706,-425
111000231,674,1460,-786
111000232,234,1046,-812
111000233,417,985,-568
111000234,72,288,-216
111000239,138,287,-149
111000240,38,160,-122
111000241,36,545,-509
111000242,96,115,-19
111000243,98,1072,-974
111000244,236,156,80
111000245,672,698,-26
111000246,266,708,-442
111000247,113,1215,-1102
111000248,422,640,-218
111000249,405,1011,-606
111000250,42,171,-129
111000251,37,155,-118
111000253,10,21,-11
111000255,25,7,18
111000257,22,18,4
111000260,48,1272,-1224
111000261,727,88,639
111000271,78,432,-354
111000273,9665,1945,7720
111000274,1240,2053,-813
111000275,75,117,-42
111000276,327,2532,-2205
111000277,196,580,-384
111000278,513,236,277
111000291,632,4779,-4147
111000298,444,338,106
111000299,665,138,527
111000300,91,733,-642
111000302,203,134,69
111000303,100,331,-231
111000312,57,43,14
111000315,57,517,-460
111000320,337,780,-443
111000321,208,78,130
111000322,260,595,-335
111000323,120,16,104
111000324,273,308,-35
111000325,66,88,-22
111000326,101,406,-305
111000327,339,690,-351
111000328,192,484,-292
111000329,1,32,-31
111000330,41,26,15
111000331,22,10,12
111000332,372,1540,-1168
111000334,411,2305,-1894
111000335,496,141,355
111000337,640,416,224
111000338,33,110,-77
111000339,290,675,-385
111000340,64,1022,-958
111000341,788,384,404
111000342,209,253,-44
111000344,806,844,-38
111000345,127,72,55
111000346,12,122,-110
111000347,123,2,121
111000350,176,174,2
111000351,85,227,-142
111000352,120,145,-25
111000353,77,222,-145
111000354,360,223,137
111000355,263,714,-451
111000358,93,2274,-2181
111000360,116,1151,-1035
111000361,65,559,-494
111000546,416,837,-421
111000547,236,1075,-839
111000548,143,204,-61
111000549,219,662,-443
111000550,125,494,-369
111000551,601,200,401
111000552,1040,78,962
111000907,592,29,563
111000908,22,0,22
111000916,978,224,754
111000917,50,411,-361
111000918,131,1525,-1394
111000920,315,30,285
111000921,4,567,-563
111000922,271,347,-76
111000924,36,1228,-1192
111000925,1694,2477,-783
111000926,925,3518,-2593
111000927,2516,4705,-2189
111000928,6422,4580,1842
111000929,756,1084,-328
111000930,711,3125,-2414
111000931,1583,1920,-337
111000932,4463,2883,1580
111000933,3323,1748,1575
111000934,2733,3192,-459
111000935,1049,1077,-28
111000936,1090,2818,-1728
111000937,787,1366,-579
111000938,2457,3039,-582
111000939,214,38,176
111000940,249,236,13
111000941,124,880,-756
111000943,269,324,-55
111000944,123,813,-690
111000945,35,2826,-2791
111001109,511,191,320
111001110,212,743,-531
111001111,35,6,29
111001112,287,13,274
111001113,17,159,-142
111001114,1650,110,1540
111001115,218,305,-87
111001116,6709,3194,3515
111001117,807,1337,-530
111001120,117,538,-421
111001121,174,459,-285
111001122,217,925,-708
111001123,110,314,-204
111001124,119,400,-281
111001125,3,41,-38
111001126,4,2,2
111001127,2,204,-202
111001128,485,813,-328
111001129,3,196,-193
111900001,2,332,-330
111900002,1,1042,-1041
111900003,2,466,-464
111900004,24,145,-121
111900006,5,14,-9
111900007,37,5,32
111900008,63,0,63
111900009,66,1,65
111900010,235,478,-243
111900012,88,130,-42
111900013,6,47,-41
111900014,8154,2071,6083
111900015,1,94,-93
111900016,0,174,-174
111900017,1,149,-148
111900018,93,4,89
111900019,11,68,-57
111900020,1,42,-41
111900021,26,102,-76
111900022,20,51,-31
111900023,113,56,57
111900024,221,274,-53
111900025,0,68,-68
111900026,2,107,-105
111900027,5,186,-181
111900028,0,458,-458
111900029,3,114,-111
111900030,75,452,-377
111900032,2,454,-452
111900033,5,111,-106
111900034,312,811,-499
111900035,12,222,-210
111900036,2,436,-434
111900038,339,717,-378
111900039,41,434,-393
111900040,1,753,-752
111900042,32,99,-67
111900043,4,498,-494
111900044,250,354,-104
111900046,49,276,-227
111900048,98,1198,-1100
111900049,21,214,-193
111900050,74,16,58
111900051,0,353,-353
111900052,366,367,-1
111900053,1689,620,1069
111900054,66,7,59
111900055,19,882,-863
111900056,340,142,198
111900057,41,98,-57
111900058,168,773,-605
111900059,4173,458,3715
111900060,141,1,140
111900061,21,401,-380
111900062,17,35,-18
111900063,101,308,-207
111900064,142,470,-328
111900065,41,18,23
111900066,67,109,-42
111900067,1,410,-409
111900068,55,51,4
111900069,28,31,-3
111900070,99,123,-24
111900071,0,342,-342
111900072,28,8,20
111900073,277,63,214
111900074,8,202,-194
111900075,31,7,24
111900076,89,41,48
111900077,6,1,5
111900078,136,8,128
111900079,12,12,0
111900080,269,184,85
111900082,129,21,108
111900083,45,9,36
111900084,33,1,32
111900085,35,72,-37
111900086,21,5,16
111900087,26,2,24
111900088,268,1,267
111900089,8,0,8
111900090,50,18,32
111900091,70,2,68
111900092,34,1,33
111900093,168,7,161
111900094,46,0,46
111900095,121,10,111
111900096,79,1,78
111900097,18,0,18
111900098,102,0,102
111900099,3,0,3
111900100,57,5,52
111900101,88,12,76
111900102,162,753,-591
111900103,66,37,29
111900104,131,69,62
111900105,252,169,83
111900106,1531,61,1470
111900110,2646,280,2366
111900111,28,9,19
111900112,1061,1260,-199
111900113,326,78,248
111900118,227,58,169
111900119,202,82,120
111900122,39,37,2
111900123,8,20,-12
111900124,16,93,-77
111900125,315,17,298
111900126,163,2,161
111900127,3,812,-809
111900128,4,612,-608
111900129,130,3,127
111900130,86,9,77
111900131,257,0,257
111900132,16,1573,-1557
111900133,21,471,-450
111900134,11,314,-303
111900135,6,16,-10
111900136,78,137,-59
111900137,63,46,17
111900138,3,93,-90
111900139,7,120,-113
111900140,39,18,21
111900141,64,8,56
111900142,47,16,31
111900143,33,86,-53
111900144,0,178,-178
111900145,3,699,-696
111900146,3,411,-408
111900147,186,621,-435
111900148,27,1100,-1073
111900149,6,448,-442
111900150,11,209,-198
111900151,0,24,-24
111900152,93,45,48
111900153,2262,293,1969
111900154,12,128,-116
111900155,29,43,-14
111900156,28,44,-16
111900157,41,10,31
111900158,306,17,289
111900159,127,6,121
111900160,111,0,111
111900161,47,0,47
111900162,102,178,-76
111900163,43,361,-318
111900164,86,28,58
111901113,165,383,-218
111901114,70,401,-331
111901115,41,0,41
111901116,23,2,21
111901117,21,18,3
111901118,147,85,62
111901119,1762,137,1625
111901121,233,569,-336
111901122,1,799,-798
111901123,75,448,-373
111901124,70,2,68
111901125,196,315,-119
111901127,1207,151,1056
111901128,3,137,-134
111901129,9,232,-223
111901130,9,411,-402
111901131,17,249,-232
111901132,248,10,238
111901133,20,10,10
111901134,35,4,31
111901135,11,3,8
111901138,80,38,42
111901139,3,46,-43
111901140,2,149,-147
111901141,3,353,-350
111901142,2,178,-176
111901143,3,112,-109
111901144,46,20,26
111901145,206,216,-10
111901146,460,22,438
111901147,1890,20,1870
111901148,40,36,4
111901149,21,2,19
111901150,87,1,86
111901151,0,0,0
111901152,7,73,-66
112000001,1484,1287,197
112000002,986,2731,-1745
112000003,621,1222,-601
112000004,683,1855,-1172
112000005,2155,2127,28
112000006,2003,2273,-270
112000007,1590,1481,109
112000008,2527,4495,-1968
112000009,4621,4517,104
112000010,2669,3181,-512
112000011,2272,2748,-476
112000012,4216,1854,2362
112000013,5382,2846,2536
112000014,2710,549,2161
112000015,2933,2200,733
112000016,5778,850,4928
112000017,2638,1052,1586
112000024,2810,704,2106
112000026,5010,6145,-1135
112000027,1021,508,513
112000028,2922,1844,1078
112000029,352,691,-339
112000030,204,140,64
112000031,1367,3186,-1819
112000032,407,46,361
112000033,2056,942,1114
112000034,299,35,264
112000035,83,271,-188
112000036,1065,864,201
112000037,955,906,49
112000038,981,784,197
112000039,54,102,-48
112000040,116,261,-145
112000041,719,542,177
112000042,1600,408,1192
112000050,1025,1740,-715
112000051,814,1119,-305
112000054,2165,2811,-646
112000057,377,482,-105
112000058,366,588,-222
112000059,390,797,-407
112000061,5137,1678,3459
112000062,1696,566,1130
112000063,1674,1433,241
112000064,5442,7451,-2009
112000065,2726,3123,-397
112000066,3577,1255,2322
112000067,959,763,196
112000068,3016,1777,1239
112000069,921,2108,-1187
112000070,1768,864,904
112000071,855,3233,-2378
112000072,1351,1079,272
112000073,2822,1904,918
112000074,2593,1116,1477
112000075,1419,1391,28
112000076,3495,3270,225
112000077,489,901,-412
112000078,1287,689,598
112000079,1093,1452,-359
112000080,509,908,-399
112000081,1520,2305,-785
112000082,1358,641,717
112000083,596,1788,-1192
112000084,909,843,66
112000085,1147,1666,-519
112000086,1560,1811,-251
112000087,196,1086,-890
112000088,336,752,-416
112000089,201,293,-92
112000090,195,368,-173
112000091,789,1457,-668
112000092,1301,1122,179
112000093,1950,1435,515
112000094,433,1041,-608
112000095,1005,895,110
112000096,328,977,-649
112000097,1181,657,524
112000098,793,1655,-862
112000099,671,850,-179
112000100,1100,1098,2
112000101,790,1248,-458
112000102,573,845,-272
112000103,674,1510,-836
112000105,745,2961,-2216
112000106,1096,692,404
112000107,83,182,-99
112000108,265,2377,-2112
112000109,147,182,-35
112000110,1291,771,520
112000111,1238,3642,-2404
112000112,1848,655,1193
112000113,888,2144,-1256
112000114,1442,1148,294
112000115,337,794,-457
112000116,385,1269,-884
112000117,1242,1494,-252
112000118,1132,1029,103
112000119,583,1114,-531
112000120,86,436,-350
112000121,70,775,-705
112000122,239,174,65
112000123,458,189,269
112000124,207,81,126
112000125,274,131,143
112000126,115,1063,-948
112000127,1870,1515,355
112000128,767,800,-33
112000129,87,148,-61
112000130,90,75,15
112000131,38,613,-575
112000132,101,360,-259
112000133,293,497,-204
112000134,438,417,21
112000135,596,777,-181
112000136,1062,1319,-257
112000137,921,1824,-903
112000138,1153,1286,-133
112000139,1097,282,815
112000140,1125,1228,-103
112000141,568,272,296
112000142,225,1069,-844
112000143,759,280,479
112000144,314,2093,-1779
112000145,1694,699,995
112000146,668,2881,-2213
112000147,1662,1847,-185
112000148,1893,2949,-1056
112000149,257,1286,-1029
112000150,167,728,-561
112000151,494,812,-318
112000152,243,484,-241
112000153,314,439,-125
112000154,54,139,-85
112000155,271,108,163
112000157,1238,506,732
112000158,240,1132,-892
112000159,340,392,-52
112000167,335,39,296
112000169,833,477,356
112000173,292,132,160
112000175,293,505,-212
112000176,3927,1801,2126
112000177,550,112,438
112000178,133,612,-479
112000179,151,174,-23
112000180,289,315,-26
112000181,1552,2223,-671
112000182,612,2060,-1448
112000183,57,83,-26
112000184,285,883,-598
112000185,316,810,-494
112000187,2626,1910,716
112000195,168,1,167
112000196,34,0,34
112000197,26,58,-32
112000198,12,374,-362
112000199,1560,1034,526
112000202,246,75,171
112000216,61,237,-176
112000230,75,1,74
112000231,4,368,-364
112000256,47,152,-105
112000313,140,135,5
112000314,34,17,17
112000337,203,563,-360
112000352,369,289,80
112000392,1981,1234,747
112000398,922,851,71
112000399,10364,2896,7468
112000400,1811,5491,-3680
112000401,2802,3470,-668
112000402,1862,2337,-475
112000403,4562,2638,1924
112000404,489,665,-176
112000405,1331,2803,-1472
112000406,3779,3877,-98
112000407,3945,6149,-2204
112000408,8879,8785,94
112000409,1814,6580,-4766
112000410,273,151,122
112000411,6606,857,5749
112000412,1319,397,922
112000413,12876,3554,9322
112000414,107,193,-86
112000415,121,74,47
112000416,1521,1443,78
112000417,203,88,115
112000421,88,195,-107
112000422,288,932,-644
112000424,4428,2805,1623
112000425,418,2005,-1587
112000426,143,377,-234
112000427,0,5,-5
112000428,130,526,-396
112000429,2827,3936,-1109
112000430,3763,3780,-17
112000431,82,132,-50
112000432,546,2827,-2281
112000433,577,728,-151
112000437,58,214,-156
112900001,44,1,43
112900002,154,1352,-1198
112900003,30,359,-329
112900004,16,360,-344
112900005,89,242,-153
112900007,15,198,-183
112900008,0,12,-12
112900009,286,64,222
112900010,200,845,-645
112900011,569,398,171
112900012,0,49,-49
112900013,1,154,-153
112900014,5,283,-278
112900015,306,1171,-865
112900016,6,235,-229
112900017,9,241,-232
112900018,82,979,-897
112900019,52,181,-129
112900020,410,1810,-1400
112900021,2,250,-248
112900022,3,92,-89
112900023,2,333,-331
112900024,15,188,-173
112900025,85,264,-179
112900026,4,431,-427
112900027,3,1494,-1491
112900028,11,112,-101
112900029,14,981,-967
112900030,267,285,-18
112900031,5,632,-627
112900032,95,323,-228
112900034,0,90,-90
112900035,8,608,-600
112900036,26,215,-189
112900037,287,107,180
112900038,355,138,217
112900039,23,396,-373
112900040,7,386,-379
112900041,1997,1017,980
112900042,25,564,-539
112900043,16,38,-22
112900044,929,412,517
112900045,474,357,117
112900046,212,52,160
112900047,18,19,-1
112900049,90,50,40
112900050,114,721,-607
112900051,249,903,-654
112900052,9,1398,-1389
112900053,504,135,369
112900054,262,30,232
112900055,91,12,79
112900056,269,144,125
112900057,15,931,-916
112900058,248,251,-3
112900059,217,132,85
112900060,3,319,-316
112900061,84,149,-65
112900062,56,126,-70
112900063,157,13,144
112900064,145,216,-71
112900065,34,26,8
112900066,106,88,18
112900067,659,148,511
112900068,41,44,-3
112900069,3156,415,2741
112900071,10,2,8
112900072,607,892,-285
112900073,257,50,207
112900074,42,159,-117
112900075,2685,676,2009
112900076,77,9,68
112900078,196,323,-127
112900079,106,22,84
112900080,16,9,7
112900081,28,124,-96
112900082,258,12,246
112900083,88,46,42
112900084,209,93,116
112900086,14,0,14
112900087,375,73,302
112900088,42,10,32
112900089,420,22,398
112900090,20,8,12
112900091,108,0,108
112900092,146,178,-32
112900093,718,4,714
112900095,18,1,17
112900096,228,69,159
112900097,39,512,-473
112900098,83,2,81
112900099,498,7,491
112900100,41,1,40
112900101,162,1,161
112900102,59,15,44
112900103,214,2,212
112900104,370,4,366
112900105,10,0,10
112900106,307,65,242
112900107,4,0,4
112900108,17,0,17
112900109,60,0,60
112900110,584,5,579
112900111,357,0,357
112900112,302,2,300
112900113,1,21,-20
112900114,35,21,14
112900115,555,0,555
112900116,20,1,19
112900117,240,123,117
112900118,28,82,-54
112900119,138,1,137
112900120,877,275,602
112900121,498,235,263
112900122,12,173,-161
112900123,123,19,104
112900124,6,138,-132
112900125,39,333,-294
112900126,172,271,-99
112900127,233,40,193
112900128,493,966,-473
112900129,4,1209,-1205
112900130,256,58,198
112900131,22,332,-310
112900132,37,690,-653
112900133,26,1331,-1305
112900134,1,308,-307
112900135,52,36,16
112900137,28,1022,-994
112900138,6,548,-542
112900139,183,1306,-1123
112900141,712,30,682
112900142,70,112,-42
112900143,30,742,-712
112900144,17,1965,-1948
112900145,82,519,-437
112900146,22,1840,-1818
112900147,6,2847,-2841
112900148,62,2,60
112900149,122,761,-639
112900151,15,62,-47
112900152,7038,1038,6000
112900153,2068,1352,716
112900154,0,160,-160
112900155,123,7,116
112900156,237,2114,-1877
112900157,69,84,-15
112900158,31,17,14
112900159,137,47,90
112900160,36,390,-354
112900161,76,22,54
112900162,33,14,19
112900163,166,22,144
112900164,41,147,-106
112900165,139,22,117
112900166,53,26,27
112900167,6,48,-42
112900168,5,2,3
112900169,5,16,-11
112900170,35,155,-120
112900172,61,9,52
112900173,267,107,160
112900174,217,21,196
112900175,155,120,35
112900176,15,20,-5
112900177,179,17,162
112900178,649,2065,-1416
112900179,59,615,-556
112900180,1255,2310,-1055
112900181,290,28,262
112900182,42,1783,-1741
112900183,106,166,-60
112900184,650,374,276
112900185,165,362,-197
112900186,1326,854,472
112900187,94,335,-241
112900188,688,268,420
112900189,2,26,-24
112900190,39,49,-10
112900192,416,502,-86
112900193,934,352,582
112900194,90,143,-53
112900195,1362,44,1318
112900196,293,679,-386
112900197,137,467,-330
112900199,170,447,-277
112900200,465,385,80
112900201,31,115,-84
112900202,212,1210,-998
112900203,164,442,-278
112900204,920,422,498
112900205,7,21,-14
112900206,5,42,-37
112900207,4,0,4
112900208,63,169,-106
112900209,502,506,-4
112900210,0,21,-21
112900211,61,14,47
112900212,1,118,-117
112900213,19,6,13
112900214,42,6,36
112900215,3,282,-279
112900216,28,69,-41
112900217,0,91,-91
112900218,19,3,16
112900219,32,0,32
112900220,1,0,1
112900221,1,228,-227
112900222,0,24,-24
112900223,724,14,710
112900224,121,859,-738
112900225,268,610,-342
112900226,84,220,-136
112900227,136,997,-861
112900228,34,36,-2
112900229,82,68,14
112900230,8868,3821,5047
112900232,133,135,-2
112900233,64,226,-162
112900234,8,135,-127
112900235,63,16,47
112900236,152,12,140
112900237,136,718,-582
112900238,1,49,-48
112900239,973,255,718
112900240,1,181,-180
112900241,4,308,-304
112900242,6,600,-594
112900243,3,385,-382
112900244,4,224,-220
112900245,3,48,-45
112900246,0,5,-5
112900247,135,34,101
112900248,29,4,25
112900249,76,7,69
112900250,47,24,23
112900251,31,13,18
112900252,28,25,3
112900253,24,9,15
112900254,3,9,-6
112900255,2,24,-22
112900256,6,28,-22
112900257,24,25,-1
112900258,26,28,-2
113000001,5706,9131,-3425
113000002,3638,4202,-564
113000003,2136,3891,-1755
113000004,2421,3345,-924
113000005,2043,1613,430
113000006,1529,2151,-622
113000007,2051,1822,229
113000008,2450,2483,-33
113000009,992,1501,-509
113000010,1055,1939,-884
113000011,1127,1475,-348
113000012,1157,1495,-338
113000013,1187,733,454
113000014,1627,1207,420
113000015,401,181,220
113000016,419,336,83
113000017,41,286,-245
113000018,509,100,409
113000019,69,250,-181
113000020,127,21,106
113000021,4237,992,3245
113000022,876,1668,-792
113000025,80,262,-182
113000026,554,472,82
113000027,2815,427,2388
113000028,1630,321,1309
113000029,661,713,-52
113000030,746,562,184
113000031,374,309,65
113000032,270,317,-47
113000033,251,370,-119
113000034,393,397,-4
113000035,22,38,-16
113000036,35,44,-9
113000037,68,27,41
113000038,8,60,-52
113000039,78,1268,-1190
113000040,87,122,-35
113000042,1332,653,679
113000051,693,2842,-2149
113000052,3258,1739,1519
113000053,408,903,-495
113000054,318,1091,-773
113000055,1132,1331,-199
113000056,757,1984,-1227
113000058,807,678,129
113000059,1345,884,461
113000060,191,527,-336
113000061,1182,1182,0
113000062,1910,317,1593
113000063,70,449,-379
113000064,34,526,-492
113000065,166,1539,-1373
113000066,534,226,308
113000067,1434,1608,-174
113000068,496,2698,-2202
113000069,608,1820,-1212
113000070,1587,1163,424
113000071,306,869,-563
113000072,598,649,-51
113000073,719,1669,-950
113000074,925,663,262
113000075,2506,720,1786
113000076,2037,1964,73
113000077,1178,442,736
113000078,1033,2056,-1023
113000079,629,707,-78
113000080,791,669,122
113000081,672,990,-318
113000082,1286,632,654
113000083,550,1066,-516
113000084,1706,1101,605
113000085,839,804,35
113000086,1223,1367,-144
113000087,990,974,16
113000088,3169,1438,1731
113000089,1038,1550,-512
113000090,341,698,-357
113000091,678,357,321
113000094,1652,354,1298
113000095,586,1437,-851
113000096,371,1218,-847
113000097,1511,388,1123
113000098,106,32,74
113000099,1827,447,1380
113000100,262,559,-297
113000101,610,757,-147
113000102,862,403,459
113000103,3475,643,2832
113000104,435,4529,-4094
113000105,653,634,19
113000106,581,615,-34
113000107,1212,1436,-224
113000108,1532,1945,-413
113000109,763,7543,-6780
113000110,1669,755,914
113000111,334,1279,-945
113000112,298,557,-259
113000113,1501,518,983
113000114,352,1754,-1402
113000116,732,281,451
113000117,1160,133,1027
113000118,203,502,-299
113000119,264,407,-143
113000120,41,239,-198
113000121,563,1099,-536
113000124,234,161,73
113000125,39,663,-624
113000127,4312,583,3729
113000128,497,495,2
113000129,456,1824,-1368
113000133,5702,1109,4593
113000134,10,1692,-1682
113000135,3175,3630,-455
113000137,1944,2357,-413
113000139,365,120,245
113000140,153,216,-63
113000141,255,111,144
113000142,509,768,-259
113000143,201,160,41
113000144,306,664,-358
113000145,51,168,-117
113000146,105,127,-22
113000147,117,217,-100
113000148,165,165,0
113000149,78,184,-106
113000150,574,505,69
113000151,131,83,48
113000152,44,177,-133
113000153,1997,489,1508
113000154,488,1632,-1144
113000155,294,514,-220
113000156,181,438,-257
113000157,303,959,-656
113000158,486,240,246
113000159,683,703,-20
113000160,696,1197,-501
113000161,159,624,-465
113000162,380,542,-162
113000163,82,80,2
113000164,40,118,-78
113000166,118,119,-1
113000167,26,206,-180
113000168,68,216,-148
113000169,94,89,5
113000170,92,159,-67
113000171,67,103,-36
113000172,201,97,104
113000173,33,18,15
113000174,118,683,-565
113000175,321,199,122
113000176,373,205,168
113000177,184,608,-424
113000178,171,480,-309
113000179,309,205,104
113000180,1020,2206,-1186
113000181,1365,1174,191
113000182,318,659,-341
113000183,226,676,-450
113000184,85,91,-6
113000189,448,649,-201
113000190,990,351,639
113000192,3720,1381,2339
113000193,8692,1149,7543
113000194,4199,964,3235
113000195,4670,597,4073
113000196,445,162,283
113000197,2869,1023,1846
113000198,64,418,-354
113000199,1074,424,650
113000201,2029,159,1870
113000202,5416,5285,131
113000203,1087,412,675
113000204,3009,1363,1646
113000205,56,23,33
113000206,11,30,-19
113000207,55,12,43
113000208,42,27,15
113000209,14,18,-4
113000210,8,30,-22
113000211,604,259,345
113000212,576,34,542
113000213,64,354,-290
113000214,230,633,-403
113000234,160,1583,-1423
113000410,85,238,-153
113000411,2726,4801,-2075
113000412,11319,2631,8688
113000413,4947,2599,2348
113000414,8669,10881,-2212
113000415,2558,3133,-575
113000416,9080,4373,4707
113000417,2984,3304,-320
113000418,3100,3201,-101
113000419,1272,1711,-439
113000420,3392,4155,-763
113000421,3296,5845,-2549
113000422,15941,10614,5327
113000423,3048,3782,-734
113000424,4453,11030,-6577
113000425,11,162,-151
113000428,58,6,52
113000430,17,20,-3
113000432,2400,427,1973
113000433,117,1121,-1004
113000434,31,332,-301
113000435,47,968,-921
113000436,79,1883,-1804
113000437,636,26,610
113000438,188,14,174
113000439,35,243,-208
113000440,89,28,61
113000441,130,444,-314
113000442,169,300,-131
113000443,111,577,-466
113000444,159,375,-216
113000445,65,279,-214
113000446,53,109,-56
113000448,632,358,274
113000449,487,1745,-1258
113000450,1372,8332,-6960
113000451,3434,324,3110
113000452,456,1016,-560
113000453,221,305,-84
113000454,3991,48,3943
113000455,295,146,149
113000456,3846,2256,1590
113000468,3755,244,3511
113000469,740,175,565
113000470,951,176,775
113000471,17,918,-901
113000472,95,308,-213
113000474,312,942,-630
113000475,1663,2725,-1062
113000476,968,2239,-1271
113000477,2036,2420,-384
113000478,4073,8367,-4294
113000479,34,337,-303
113000485,3,0,3
113000486,4,2,2
113000487,0,0,0
113000489,0,0,0
113000490,0,0,0
113000491,0,1,-1
113000492,0,0,0
113000493,0,0,0
113000495,295,324,-29
113000496,148,179,-31
113900001,7,394,-387
113900002,4,321,-317
113900003,0,383,-383
113900004,3,104,-101
113900005,5,58,-53
113900006,1,72,-71
113900007,1282,1,1281
113900008,634,4,630
113900009,1218,4,1214
113900010,553,7,546
113900011,98,6,92
113900012,23,5,18
113900013,1604,32,1572
113900014,408,1,407
113900015,0,33,-33
113900016,10,0,10
113900017,5,64,-59
113900018,462,103,359
113900019,94,53,41
113900020,54,1,53
113900022,3,1,2
113900023,34,0,34
113900024,32,82,-50
113900025,348,15,333
113900026,33,0,33
113900027,3,134,-131
113900028,17,570,-553
113900029,33,345,-312
113900030,138,1,137
113900031,0,0,0
113900032,23,0,23
113900033,70,62,8
113900035,27,0,27
113900036,20,163,-143
113900037,50,643,-593
113900038,96,159,-63
113900039,107,13,94
113900040,2,1,1
113900041,5,2,3
113900042,75,58,17
113900043,219,122,97
113900044,234,109,125
113900045,90,0,90
113900046,233,722,-489
113900047,39,226,-187
113900048,297,44,253
113900049,1125,371,754
113900050,188,526,-338
113900051,269,490,-221
113900052,116,129,-13
113900053,530,418,112
113900054,13,7,6
113900055,129,645,-516
113900056,86,207,-121
113900057,5,125,-120
113900058,45,259,-214
113900059,308,358,-50
113900060,78,192,-114
113900061,866,202,664
113900062,45,6,39
113900063,96,162,-66
113900064,16,205,-189
113900065,497,17,480
113900066,294,516,-222
113900067,55,421,-366
113900068,367,384,-17
113900069,25,41,-16
113900070,212,470,-258
113900071,66,114,-48
113900072,58,175,-117
113900073,425,504,-79
113900074,43,471,-428
113900075,1058,1066,-8
113900076,88,13,75
113900077,23,232,-209
113900078,60,122,-62
113900079,1,60,-59
113900080,288,199,89
113900081,36,258,-222
113900082,127,282,-155
113900083,164,718,-554
113900084,284,116,168
113900085,37,377,-340
113900086,13,32,-19
113900087,39,207,-168
113900088,29,93,-64
113900089,375,41,334
113900090,603,362,241
113900091,15,35,-20
113900092,59,84,-25
113900093,94,1012,-918
113900094,287,490,-203
113900095,112,117,-5
113900096,181,31,150
113900097,10,141,-131
113900098,546,76,470
113900099,0,60,-60
113900100,0,4,-4
113900101,25,60,-35
113900102,194,96,98
113900103,494,161,333
113900104,117,135,-18
113900105,55,474,-419
113900106,2,104,-102
113900107,3,47,-44
113900108,270,181,89
113900109,404,113,291
113900110,32,15,17
113900111,100,90,10
113900112,96,66,30
113900113,626,519,107
113900114,2,160,-158
113900115,0,127,-127
113900116,129,161,-32
113900117,142,36,106
113900118,262,224,38
113900119,257,335,-78
113900120,62,23,39
113900121,37,71,-34
113900122,280,1801,-1521
113900123,432,279,153
113900124,4,103,-99
113900125,1992,179,1813
113900126,137,46,91
113900127,173,518,-345
113900128,142,74,68
113900129,12,123,-111
113900130,1,15,-14
113900131,118,86,32
113900132,80,38,42
113900133,16,39,-23
113900135,452,675,-223
113900136,84,85,-1
113900137,326,284,42
113900138,59,90,-31
113900139,674,103,571
113900140,311,184,127
113900141,383,762,-379
113900142,112,143,-31
113900143,11,30,-19
113900144,326,140,186
113900145,465,270,195
113900146,85,65,20
113900148,211,277,-66
113900149,133,98,35
113900150,892,642,250
113900151,234,308,-74
113900152,15,63,-48
113900153,334,517,-183
113900154,1,133,-132
113900155,174,104,70
113900156,286,588,-302
113900157,28,289,-261
113900158,355,177,178
113900159,10,188,-178
113900160,434,716,-282
113900161,48,247,-199
113900162,420,461,-41
113900163,294,291,3
113900164,268,73,195
113900165,608,561,47
113900166,175,99,76
113900167,189,39,150
113900168,145,92,53
113900169,220,444,-224
113900171,124,52,72
113900172,9,240,-231
113900173,58,881,-823
113900174,452,664,-212
113900175,396,111,285
113900176,152,678,-526
113900177,397,238,159
113900178,315,120,195
113900179,15,898,-883
113900180,198,145,53
113900181,863,110,753
113900182,610,878,-268
113900183,95,83,12
113900184,5,542,-537
113900185,261,72,189
113900186,7,40,-33
113900187,39,108,-69
113900188,20,102,-82
113900189,331,96,235
113900190,442,144,298
113900191,86,182,-96
113900192,2783,1897,886
113900193,28,321,-293
113900194,2763,1190,1573
113900195,377,455,-78
113900196,2,87,-85
113900197,2,386,-384
113900198,36,145,-109
113900199,166,712,-546
113900200,12,182,-170
113900201,0,262,-262
113900202,26,179,-153
113900203,8,173,-165
113900204,59,739,-680
113900205,3,106,-103
113900206,2,102,-100
113900207,0,44,-44
113900208,0,31,-31
113900209,0,48,-48
113900210,714,643,71
113900211,127,61,66
113900212,112,656,-544
113900214,386,390,-4
113900215,32,153,-121
113900216,44,1505,-1461
113900217,24,376,-352
113900218,115,60,55
113900219,113,629,-516
113900220,186,102,84
113900221,334,125,209
113900222,1539,577,962
113900223,85,1313,-1228
113900224,107,54,53
113900225,704,202,502
113900226,285,102,183
113900227,337,225,112
113900228,328,427,-99
113900229,32,617,-585
113900230,5199,2531,2668
113900231,138,298,-160
113900232,82,98,-16
113900233,37,73,-36
113900234,306,703,-397
113900235,35,23,12
113900236,30,390,-360
113900237,111,4,107
113900238,250,430,-180
113900239,129,71,58
113900240,6,71,-65
113900241,86,69,17
113900242,66,177,-111
113900243,162,492,-330
113900244,544,220,324
113900245,1505,242,1263
113900246,23,17,6
113900247,206,290,-84
113900248,3495,1438,2057
113900249,1313,329,984
113900250,59,142,-83
113900251,419,257,162
113900252,333,17,316
113900253,475,34,441
113900254,638,123,515
113900255,349,21,328
113900256,287,34,253
113900257,38,896,-858
113900258,7,662,-655
113900259,341,332,9
113900260,96,6,90
113900261,25,136,-111
113900262,104,916,-812
113900263,195,686,-491
113900264,10,748,-738
113900265,143,304,-161
113900266,38,283,-245
113900267,173,549,-376
113900268,284,345,-61
113900269,57,135,-78
113900270,350,437,-87
113900271,579,1241,-662
113900273,36,7,29
113900274,48,24,24
113900275,19,48,-29
113900276,2,292,-290
113900277,79,3,76
113900278,254,154,100
113900279,87,98,-11
113900280,1124,489,635
113900281,471,917,-446
113900282,631,388,243
113900283,340,452,-112
113900284,650,183,467
113900285,71,6,65
113900286,8,144,-136
113900287,25,15,10
113900288,2,92,-90
113900289,1628,85,1543
113900290,560,183,377
113900291,138,177,-39
113900292,6,3,3
113900293,3,288,-285
113900294,496,20,476
113900295,394,317,77
113900296,1939,226,1713
113900297,1227,30,1197
113900298,3,1678,-1675
113900299,30,304,-274
113900300,4382,2040,2342
113900301,1331,398,933
113900302,3092,929,2163
113900303,565,221,344
113900304,0,171,-171
113900305,49,1,48
113900306,19,0,19
113900307,70,0,70
113900308,79,117,-38
113900309,4,924,-920
113900310,0,25,-25
113900311,6,3,3
113900312,117,132,-15
113900313,18,11,7
113900314,0,63,-63
113900315,46,2,44
114000001,1013,4555,-3542
114000002,165,540,-375
114000003,211,1414,-1203
114000004,348,424,-76
114000005,174,304,-130
114000006,3230,2214,1016
114000007,725,1463,-738
114000008,2018,1227,791
114000009,586,304,282
114000011,2453,4608,-2155
114000012,1767,3960,-2193
114000013,1524,2885,-1361
114000014,544,703,-159
114000015,1100,685,415
114000016,239,496,-257
114000017,167,230,-63
114000018,646,76,570
114000026,1169,2276,-1107
114000027,2165,2580,-415
114000028,2377,3033,-656
114000038,188,162,26
114000039,138,322,-184
114000040,57,199,-142
114000042,233,280,-47
114000043,343,323,20
114000044,203,285,-82
114000045,68,118,-50
114000046,3064,5017,-1953
114000047,23,59,-36
114000048,254,276,-22
114000049,1809,1574,235
114000050,1554,1604,-50
114000051,3384,1613,1771
114000052,3595,1180,2415
114000053,60,413,-353
114000054,109,1504,-1395
114000055,298,25,273
114000056,1353,573,780
114000057,13360,2533,10827
114000058,652,1328,-676
114000059,279,313,-34
114000060,842,799,43
114000061,4484,1958,2526
114000062,2757,1077,1680
114000063,3518,1885,1633
114000064,6909,3111,3798
114000065,1949,2533,-584
114000066,368,763,-395
114000067,45,559,-514
114000068,358,588,-230
114000069,1201,410,791
114000070,2518,1730,788
114000071,604,540,64
114000072,179,673,-494
114000073,20,81,-61
114000074,20,21,-1
114000075,57,181,-124
114000076,27,171,-144
114000077,8,66,-58
114000078,111,984,-873
114000079,76,24,52
114000080,113,171,-58
114000081,67,79,-12
114000082,66,820,-754
114000083,83,281,-198
114000084,205,129,76
114000085,98,1096,-998
114000086,182,723,-541
114000087,28,232,-204
114000088,41,96,-55
114000089,2175,590,1585
114000090,794,619,175
114000091,2762,587,2175
114000092,1370,316,1054
114000093,885,798,87
114000094,439,525,-86
114000095,160,111,49
114000096,135,554,-419
114000097,281,897,-616
114000098,415,101,314
114000099,306,1310,-1004
114000100,825,1041,-216
114000101,361,1099,-738
114000102,313,418,-105
114000103,104,635,-531
114000104,10,569,-559
114000105,138,68,70
114000106,1714,673,1041
114000107,194,108,86
114000108,6486,1770,4716
114000109,353,1094,-741
114000110,432,2472,-2040
114000111,1003,610,393
114000112,369,3932,-3563
114000113,1018,421,597
114000114,1222,2479,-1257
114000115,1806,768,1038
114000116,470,1330,-860
114000117,1951,454,1497
114000118,1817,360,1457
114000119,1402,420,982
114000120,627,1078,-451
114000121,587,748,-161
114000122,388,298,90
114000123,1084,296,788
114000124,1357,381,976
114000125,817,2066,-1249
114000126,881,229,652
114000127,141,215,-74
114000128,859,644,215
114000130,517,653,-136
114000131,154,49,105
114000132,692,991,-299
114000133,980,1627,-647
114000134,32,177,-145
114000138,60,173,-113
114000139,346,161,185
114000144,643,434,209
114000145,60,178,-118
114000146,81,399,-318
114000147,1043,1327,-284
114000148,2741,1885,856
114000149,309,221,88
114000150,2493,1182,1311
114000151,3314,1430,1884
114000152,329,46,283
114000153,2022,2047,-25
114000154,1410,1014,396
114000155,1328,2345,-1017
114000156,1622,503,1119
114000157,407,1077,-670
114000158,2861,728,2133
114000159,209,411,-202
114000160,107,231,-124
114000161,2075,1927,148
114000162,946,1391,-445
114000163,15,130,-115
114000165,538,201,337
114000166,1201,243,958
114000167,6279,1451,4828
114000168,885,679,206
114000169,2765,884,1881
114000170,1299,923,376
114000171,816,2486,-1670
114000174,264,484,-220
114000176,1022,402,620
114000177,3021,760,2261
114000178,49,59,-10
114000179,1452,1059,393
114000180,615,688,-73
114000181,1655,2800,-1145
114000182,8309,2670,5639
114000183,1082,1203,-121
114000184,9130,1683,7447
114000185,946,981,-35
114000189,512,66,446
114000190,1621,220,1401
114000191,21,59,-38
114000192,283,2396,-2113
114000193,874,4186,-3312
114000194,1422,1382,40
114000195,104,13,91
114000196,4,449,-445
114000197,773,26,747
114000198,1629,487,1142
114000199,2843,1280,1563
114000200,708,2857,-2149
114000201,389,1525,-1136
114000202,1151,880,271
114000203,520,1170,-650
114000204,129,687,-558
114000205,204,2394,-2190
114000206,490,1496,-1006
114000207,804,2589,-1785
114000208,639,4394,-3755
114000209,629,3967,-3338
114000210,312,2091,-1779
114000211,1094,1942,-848
114000212,705,888,-183
114000213,1303,793,510
114000214,165,223,-58
114000215,149,83,66
114000216,1073,393,680
114000217,129,502,-373
114000218,149,357,-208
114000219,1065,275,790
114000220,30,2094,-2064
114000221,446,197,249
114000222,237,1884,-1647
114000223,324,109,215
114000224,136,1047,-911
114000225,219,587,-368
114000226,57,291,-234
114000227,832,553,279
114000228,754,1202,-448
114000229,1009,1512,-503
114000230,1510,1838,-328
114000231,931,1309,-378
114000232,443,117,326
114000233,1651,91,1560
114000234,1238,1133,105
114000235,965,1748,-783
114000236,1,642,-641
114000237,76,1175,-1099
114000238,121,396,-275
114000239,189,1790,-1601
114000240,570,645,-75
114000241,304,1532,-1228
114000242,1119,1446,-327
114000243,1613,1064,549
114000244,794,402,392
114000245,335,753,-418
114000246,193,41,152
114000247,748,735,13
114000248,769,631,138
114000249,589,618,-29
114000250,432,721,-289
114000251,251,413,-162
114000252,97,136,-39
114000253,61,378,-317
114000254,9,72,-63
114000255,1040,227,813
114000256,2899,1221,1678
114000257,1076,2151,-1075
114000258,181,457,-276
114000259,38,283,-245
114000260,0,17,-17
114000261,33,39,-6
114000262,56,145,-89
114000263,48,6,42
114000264,640,747,-107
114000265,0,0,0
114000267,4,1963,-1959
114000268,3,1993,-1990
114000270,190,7,183
114000271,563,90,473
114000283,585,439,146
114000285,36,289,-253
114000288,71,436,-365
114000289,1153,293,860
114000293,70,587,-517
114000294,116,264,-148
114000395,1737,73,1664
114000396,326,370,-44
114000402,297,372,-75
114000403,267,676,-409
114000405,43,698,-655
114000423,179,564,-385
114000424,166,186,-20
114000425,304,524,-220
114000426,336,845,-509
114000427,73,146,-73
114000428,325,116,209
114000429,20,223,-203
114000432,116,168,-52
114000434,32,114,-82
114000435,1,183,-182
114900001,473,2138,-1665
114900002,378,47,331
114900003,372,3018,-2646
114900004,161,258,-97
114900005,258,1262,-1004
114900006,40,38,2
114900007,139,25,114
114900008,81,83,-2
114900010,3321,2524,797
114900011,102,108,-6
114900013,139,107,32
114900018,890,49,841
114900020,187,64,123
114900022,0,818,-818
114900025,247,334,-87
114900026,57,94,-37
114900029,107,28,79
114900030,207,261,-54
114900031,217,46,171
114900032,173,38,135
114900034,57,294,-237
114900035,191,315,-124
114900036,294,1141,-847
114900039,449,728,-279
114900040,83,397,-314
114900041,426,718,-292
114900042,586,975,-389
114900044,56,19,37
114900047,206,1418,-1212
114900048,48,471,-423
114900049,24,426,-402
114900050,52,946,-894
114900051,11,533,-522
114900052,33,199,-166
114900053,63,334,-271
114900054,48,139,-91
114900057,176,9,167
114900058,0,111,-111
114900059,38,27,11
114900063,59,264,-205
114900064,845,741,104
114900065,293,802,-509
114900067,36,478,-442
114900068,106,489,-383
114900069,280,226,54
114900070,384,832,-448
114900072,7,290,-283
114900073,2,215,-213
114900074,289,1300,-1011
114900075,114,4,110
114900076,8,328,-320
114900080,4413,552,3861
114900082,4958,1849,3109
114900083,1258,1068,190
114900090,229,206,23
114900091,196,268,-72
114900097,70,2,68
114900098,3,349,-346
114900099,135,6,129
115000001,11190,6575,4615
115000002,3718,4090,-372
115000003,6523,4911,1612
115000004,3831,6286,-2455
115000005,2162,3588,-1426
115000006,1174,2158,-984
115000007,200,248,-48
115000008,674,548,126
115000009,290,523,-233
115000010,449,166,283
115000013,97,248,-151
115000015,126,497,-371
115000016,38,137,-99
115000019,28,515,-487
115000020,269,484,-215
115000021,235,548,-313
115000022,449,367,82
115000023,322,567,-245
115000024,1357,490,867
115000025,851,643,208
115000026,123,443,-320
115000027,245,270,-25
115000028,157,933,-776
115000029,529,99,430
115000030,520,903,-383
115000031,1021,211,810
115000032,14,347,-333
115000033,138,22,116
115000034,145,975,-830
115000035,907,55,852
115000036,0,363,-363
115000037,386,9,377
115000038,48,233,-185
115000039,4035,2987,1048
115000040,7574,4174,3400
115000041,1234,2611,-1377
115000042,707,891,-184
115000043,3632,2704,928
115000044,3751,5324,-1573
115000045,3155,3303,-148
115000046,1738,3509,-1771
115000047,1471,2743,-1272
115000048,1443,3797,-2354
115000049,1594,4073,-2479
115000050,3357,2523,834
115000051,2463,2639,-176
115000052,4622,2271,2351
115000053,1385,1681,-296
115000054,777,1848,-1071
115000055,211,488,-277
115000056,234,291,-57
115000057,544,503,41
115000058,179,168,11
115000059,147,111,36
115000061,251,90,161
115000062,279,418,-139
115000063,229,397,-168
115000064,216,173,43
115000065,203,401,-198
115000067,238,50,188
115000069,47,387,-340
115000070,21,855,-834
115000071,108,10,98
115000072,12,95,-83
115000073,1663,65,1598
115000075,87,80,7
115000076,6127,3978,2149
115000077,1703,4157,-2454
115000078,902,2385,-1483
115000079,1067,3035,-1968
115000080,1966,3814,-1848
115000081,457,1017,-560
115000082,3314,3743,-429
115000083,2039,3489,-1450
115000084,1372,1684,-312
115000085,713,1195,-482
115000086,739,1304,-565
115000087,553,1640,-1087
115000088,1872,815,1057
115000089,1696,1477,219
115000090,785,934,-149
115000091,484,1518,-1034
115000092,312,382,-70
115000093,462,1,461
115000094,11357,5543,5814
115000095,8564,4936,3628
115000096,589,2984,-2395
115000097,616,974,-358
115000098,794,1053,-259
115000099,1978,4841,-2863
115000100,724,729,-5
115000101,539,2224,-1685
115000102,385,261,124
115000103,375,924,-549
115000105,32,262,-230
115000106,332,344,-12
115000107,151,884,-733
115000108,5028,2930,2098
115000109,7223,3204,4019
115000110,1112,924,188
115000111,697,1947,-1250
115000112,419,548,-129
115000113,556,840,-284
115000114,1657,783,874
115000116,4155,1791,2364
115000117,4300,2625,1675
115000118,1785,1689,96
115000119,2181,2099,82
115000120,518,856,-338
115000121,1570,927,643
115000122,3140,2198,942
115000123,1850,1577,273
115000124,1454,1234,220
115000125,571,757,-186
115000126,196,251,-55
115000127,621,194,427
115000128,1542,894,648
115000129,441,324,117
115000130,329,1360,-1031
115000131,716,351,365
115000132,104,797,-693
115000133,503,516,-13
115000134,188,285,-97
115000135,240,371,-131
115000136,267,274,-7
115000137,174,175,-1
115000138,261,305,-44
115000139,327,237,90
115000140,190,321,-131
115000141,161,353,-192
115000142,208,371,-163
115000143,459,737,-278
115000144,564,155,409
115000145,374,456,-82
115000146,500,284,216
115000147,1014,547,467
115000148,389,1652,-1263
115000149,712,237,475
115000150,770,1629,-859
115000151,709,640,69
115000152,752,2225,-1473
115000153,1601,591,1010
115000154,609,404,205
115000155,891,1499,-608
115000156,2085,613,1472
115000157,1520,1100,420
115000158,821,474,347
115000159,1515,497,1018
115000160,648,265,383
115000161,148,677,-529
115000162,841,752,89
115000163,704,660,44
115000164,866,627,239
115000165,541,544,-3
115000167,306,156,150
115000168,1323,316,1007
115000169,1402,359,1043
115000170,386,165,221
115000171,659,213,446
115000172,2310,700,1610
115000173,483,404,79
115000174,172,353,-181
115000175,288,72,216
115000176,258,91,167
115000177,165,28,137
115000178,50,362,-312
115000179,44,17,27
115000180,74,968,-894
115000181,507,216,291
115000182,567,558,9
115000183,158,1389,-1231
115000186,590,256,334
115000187,175,990,-815
115000188,408,708,-300
115000189,298,537,-239
115000190,923,569,354
115000191,261,553,-292
115000194,215,130,85
115000195,306,487,-181
115000196,125,203,-78
115000197,202,507,-305
115000198,161,332,-171
115000199,235,338,-103
115000200,185,182,3
115000201,296,479,-183
115000206,280,84,196
115000207,62,342,-280
115000208,666,783,-117
115000209,521,257,264
115000210,73,151,-78
115000211,262,232,30
115000212,2695,255,2440
115000224,359,65,294
115000225,43,66,-23
115000229,277,208,69
115000230,55,515,-460
115000231,348,3158,-2810
115000232,1440,363,1077
115000233,296,200,96
115000234,37,315,-278
115000241,36,354,-318
115000242,44,432,-388
115000243,64,335,-271
115000244,10,120,-110
115000246,113,12,101
115000247,23,13,10
115000248,16,14,2
115000249,37,25,12
115000250,747,84,663
115000251,129,162,-33
115000252,82,256,-174
115000253,13,448,-435
115000258,217,324,-107
115000259,368,167,201
115000261,12,83,-71
115000262,5,38,-33
115000263,9,109,-100
115000264,7,99,-92
115000267,69,82,-13
115000268,36,156,-120
115000269,144,66,78
115000270,3,32,-29
115000272,74,183,-109
115000273,312,27,285
115000280,2166,140,2026
115000281,600,454,146
115000282,1153,367,786
115000284,351,178,173
115000296,882,16,866
115000297,444,97,347
115000298,168,276,-108
115000300,140,240,-100
115000302,442,242,200
115000303,496,138,358
115000304,518,94,424
115000305,75,1286,-1211
115000306,160,802,-642
115000307,50,341,-291
115000308,67,8,59
115000310,831,1290,-459
115000311,544,2125,-1581
115000313,199,915,-716
115000314,454,148,306
115000315,1607,559,1048
115000316,42,77,-35
115000317,168,690,-522
115000318,699,409,290
115000319,98,446,-348
115000320,25,244,-219
115000321,534,17,517
115000322,36,321,-285
115000449,216,216,0
115000557,205,1103,-898
115000558,675,89,586
115000587,619,504,115
115000588,3381,4741,-1360
115000589,3660,3718,-58
115000590,1280,1596,-316
115000591,1561,1099,462
115000592,958,1906,-948
115000593,1603,785,818
115000594,886,2399,-1513
115000609,160,232,-72
115000617,1974,2892,-918
115000624,169,73,96
115000633,325,2218,-1893
115000634,3012,819,2193
115000635,475,170,305
115000638,1713,884,829
115000641,116,156,-40
115000642,378,309,69
115000643,83,699,-616
115000644,228,481,-253
115000646,807,1271,-464
115000647,170,560,-390
115000648,1216,2239,-1023
115000893,4133,1670,2463
115000894,120,1393,-1273
115000895,750,1178,-428
115000896,2888,424,2464
115000897,454,152,302
115000898,835,225,610
115000899,1185,2099,-914
115000900,185,752,-567
115000901,152,193,-41
115000912,234,104,130
115000913,0,41,-41
115000915,7,0,7
115000916,20,0,20
115000917,0,12,-12
115000918,86,278,-192
115000919,31,7,24
115000920,208,42,166
115000921,1299,245,1054
115000922,3059,833,2226
115000923,1049,1134,-85
115000925,85,106,-21
115000927,56,51,5
115000933,1232,242,990
115000934,128,203,-75
115000935,79,112,-33
115000936,88,615,-527
115000937,1937,278,1659
115000938,442,212,230
115000939,422,184,238
115000940,29,9,20
115000941,6,19,-13
115000942,249,89,160
115000943,226,7,219
115000944,30,10,20
115900001,36,77,-41
115900002,70,202,-132
115900003,133,137,-4
115900004,2,62,-60
115900005,92,4,88
115900006,107,588,-481
115900008,33,10,23
115900009,51,404,-353
115900010,167,189,-22
115900011,274,376,-102
115900012,43,174,-131
115900013,376,228,148
115900014,71,178,-107
115900015,49,120,-71
115900016,48,47,1
115900017,4,3,1
115900018,158,97,61
115900019,186,42,144
115900020,32,1,31
115900021,2030,167,1863
115900022,3561,12,3549
115900023,31,2,29
115900025,31,152,-121
115900026,873,293,580
115900027,0,489,-489
115900028,561,70,491
115900029,6,607,-601
115900030,33,19,14
115900031,612,214,398
115900032,302,828,-526
115900033,1,44,-43
115900034,24,651,-627
115900035,168,17,151
115900036,453,563,-110
115900037,25,573,-548
115900038,81,6,75
115900039,115,465,-350
115900041,468,516,-48
115900042,47,4,43
115900043,100,192,-92
115900044,326,244,82
115900046,169,340,-171
115900047,90,72,18
115900049,107,272,-165
115900051,0,88,-88
115900052,26,361,-335
115900053,120,340,-220
115900054,144,76,68
115900055,10,158,-148
115900056,125,425,-300
115900057,71,10,61
115900058,30,54,-24
115900060,33,151,-118
115900061,194,2,192
115900062,12,450,-438
115900063,33,11,22
115900064,212,445,-233
115900065,100,139,-39
115900066,144,186,-42
115900067,3,946,-943
115900068,3985,616,3369
115900069,31,226,-195
115900070,183,268,-85
115900071,8,825,-817
115900072,68,222,-154
115900073,40,56,-16
115900074,3,414,-411
115900075,21,355,-334
115900076,2,122,-120
115900077,4,350,-346
115900078,22,116,-94
115900079,121,10,111
115900080,528,345,183
115900081,29,102,-73
115900082,120,144,-24
115900084,205,34,171
115900085,121,66,55
115900086,1839,457,1382
115900088,18,83,-65
115900089,160,877,-717
115900090,120,10,110
115900091,0,22,-22
115900092,41,268,-227
115900093,2,31,-29
115900094,8,495,-487
115900096,0,16,-16
115900097,9,536,-527
115900098,110,758,-648
115900099,42,74,-32
115900100,7,629,-622
115900101,88,605,-517
115900102,51,83,-32
115900103,223,343,-120
115900104,21,214,-193
115900105,71,749,-678
115900106,28,32,-4
115900107,27,221,-194
115900108,68,37,31
115900109,43,471,-428
115900110,2,18,-16
115900111,1,79,-78
115900112,35,1055,-1020
115900113,13,19,-6
115900114,1,127,-126
115900115,44,151,-107
115900116,54,1085,-1031
115900117,33,24,9
115900118,2,301,-299
115900119,467,63,404
115900120,17,502,-485
115900121,108,319,-211
115900124,106,377,-271
115900125,161,56,105
115900126,417,60,357
115900127,460,54,406
115900128,9,138,-129
115900129,477,23,454
115900130,25,227,-202
115900131,151,12,139
115900132,270,3,267
115900134,224,14,210
115900135,791,652,139
115900137,15,2,13
115900139,67,40,27
115900140,99,16,83
115900141,4,43,-39
115900142,9,15,-6
115900143,201,387,-186
115900144,50,286,-236
115900146,4,225,-221
115900147,304,176,128
115900148,31,4,27
115900149,37,35,2
115900150,45,82,-37
115900151,5,69,-64
115900152,68,516,-448
115900153,70,281,-211
115900154,787,283,504
115900155,0,110,-110
115900156,453,646,-193
115900157,126,441,-315
115900158,37,12,25
115900159,69,376,-307
115900160,13,9,4
115900161,44,200,-156
115900163,112,117,-5
115900164,257,1,256
115900166,151,278,-127
115900168,91,171,-80
115900171,129,492,-363
115900172,49,164,-115
115900173,241,188,53
115900174,455,209,246
115900175,90,256,-166
115900178,3,880,-877
115900179,111,28,83
115900180,24,445,-421
115900181,97,342,-245
115900182,249,375,-126
115900183,115,23,92
115900184,1656,15,1641
115900187,10,133,-123
115900189,0,116,-116
115900190,414,889,-475
115900191,47,545,-498
115900192,11,113,-102
115900193,40,84,-44
115900194,349,29,320
115900195,519,1173,-654
115900198,219,296,-77
115900199,111,340,-229
115900200,236,355,-119
115900201,338,218,120
115900202,3,18,-15
115900203,7,6,1
115900204,1,2,-1
115900205,93,8,85
115900206,101,183,-82
115900207,14,39,-25
115900208,83,352,-269
115900209,6,185,-179
115900210,1,146,-145
115900211,3,292,-289
115900212,78,279,-201
115900213,150,37,113
115900214,226,193,33
115900215,22,30,-8
115900216,5,91,-86
115900217,2,70,-68
115900218,1,50,-49
115900219,40,5,35
115900220,59,16,43
115900221,29,22,7
115900222,30,17,13
115900223,4,162,-158
115900224,2342,541,1801
115900225,75,27,48
115900226,11,30,-19
115900227,2,37,-35
115900228,3,49,-46
115900229,16,65,-49
115900230,44,128,-84
115900231,115,0,115
115900232,58,2,56
115900233,26,8,18
115900234,35,24,11
115900235,96,42,54
115900236,16,21,-5
115900237,13,25,-12
115900238,8,35,-27
115900239,11,56,-45
115900240,4,88,-84
115900241,109,73,36
115900242,544,411,133
115900243,7,9,-2
115900244,3,21,-18
115900245,16,1,15
115900246,6,6,0
115900247,13,16,-3
115900248,4,2,2
115900249,12,7,5
115900250,1,14,-13
115900251,2,7,-5
115900252,3,1,2
115900253,3,1,2
115900254,46,28,18
115900255,6,33,-27
115900256,33,137,-104
115900257,5,2,3
115900258,0,2,-2
115900259,4,5,-1
115900260,25,3,22
115900261,5,1,4
115900262,1,2,-1
115900263,7,2,5
115900264,5,7,-2
115900265,4,4,0
115900266,4,3,1
115900267,6,10,-4
115900268,8,10,-2
115900269,249,479,-230
115900270,223,1044,-821
115900271,84,0,84
115900272,17,0,17
115900273,2,17,-15
115900274,9,11,-2
115900275,2,36,-34
115900276,1,70,-69
115900277,0,167,-167
115900278,5,124,-119
115900279,13,158,-145
115900280,16,204,-188
115900281,1005,161,844
115900282,39,11,28
115900283,3,21,-18
115900284,1,20,-19
116000001,15296,7824,7472
116000002,3692,9238,-5546
116000003,1664,2614,-950
116000004,3421,2960,461
116000005,5930,3860,2070
116000006,4925,1304,3621
116000007,3554,4608,-1054
116000008,2860,1866,994
116000009,1932,3093,-1161
116000010,1552,984,568
116000011,1039,2447,-1408
116000012,759,849,-90
116000013,26025,5473,20552
116000014,25279,15029,10250
116000015,439,1512,-1073
116000016,8654,3981,4673
116000017,25,742,-717
116000018,677,568,109
116000019,1014,372,642
116000020,462,1374,-912
116000021,567,394,173
116000022,295,709,-414
116000023,1349,1027,322
116000024,631,1518,-887
116000025,1398,755,643
116000026,2252,2494,-242
116000027,695,637,58
116000028,443,778,-335
116000029,858,614,244
116000030,707,453,254
116000031,88,180,-92
116000032,440,211,229
116000033,281,566,-285
116000034,839,1376,-537
116000035,663,599,64
116000036,2629,665,1964
116000037,986,717,269
116000038,1154,392,762
116000039,837,249,588
116000040,2610,261,2349
116000041,401,501,-100
116000042,536,219,317
116000043,49,520,-471
116000044,15,178,-163
116000045,2319,1343,976
116000046,1657,1422,235
116000047,2515,2843,-328
116000048,2721,1770,951
116000049,1163,2190,-1027
116000050,1407,1859,-452
116000051,4738,2142,2596
116000052,4725,4216,509
116000053,1887,1460,427
116000054,859,2451,-1592
116000055,500,1433,-933
116000056,597,1482,-885
116000057,3798,2446,1352
116000058,3429,2117,1312
116000059,3101,7629,-4528
116000060,2592,953,1639
116000061,1341,1510,-169
116000062,1473,223,1250
116000063,1367,1548,-181
116000066,222,725,-503
116000067,225,959,-734
116000068,360,383,-23
116000069,289,493,-204
116000078,323,1198,-875
116000080,1447,1202,245
116000082,4,63,-59
116000083,1231,499,732
116000084,2394,4582,-2188
116000085,1712,1444,268
116000086,3165,1832,1333
116000087,1317,1576,-259
116000088,807,1397,-590
116000089,230,121,109
116000090,221,158,63
116000091,134,179,-45
116000093,478,791,-313
116000094,689,829,-140
116000095,563,967,-404
116000096,675,1283,-608
116000097,441,1273,-832
116000098,504,5146,-4642
116000099,14989,549,14440
116000100,164,11,153
116000101,433,1712,-1279
116000102,254,2059,-1805
116000103,412,240,172
116000104,108,2443,-2335
116000105,881,231,650
116000106,345,2053,-1708
116000107,1228,636,592
116000108,199,223,-24
116000111,200,28,172
116000113,55,83,-28
116000114,12,151,-139
116000115,122,88,34
116000116,196,523,-327
116000117,1447,2737,-1290
116000118,1156,1588,-432
116000119,1898,2865,-967
116000120,2653,5103,-2450
116000121,555,567,-12
116000122,1712,2334,-622
116000123,499,589,-90
116000124,314,1141,-827
116000125,1606,697,909
116000126,238,1621,-1383
116000127,1209,1999,-790
116000128,1130,989,141
116000129,798,208,590
116000130,416,322,94
116000133,398,1563,-1165
116000134,1714,3035,-1321
116000135,1634,1635,-1
116000136,1345,2829,-1484
116000137,789,684,105
116000138,629,422,207
116000139,1964,2490,-526
116000140,251,371,-120
116000141,395,1153,-758
116000142,4588,4337,251
116000143,2203,2169,34
116000144,1147,3253,-2106
116000145,1327,1938,-611
116000146,318,422,-104
116000147,600,160,440
116000148,584,435,149
116000149,544,692,-148
116000151,889,1076,-187
116000153,107,1011,-904
116000155,432,383,49
116000156,527,1303,-776
116000157,36,42,-6
116000158,411,308,103
116000159,52,12,40
116000160,20,131,-111
116000161,12,120,-108
116000162,66,87,-21
116000163,12,11,1
116000164,2,17,-15
116000177,110,117,-7
116000194,134,435,-301
116000195,2738,828,1910
116000196,10,2,8
116000197,4,16,-12
116000198,5151,1466,3685
116000200,901,379,522
116000201,711,788,-77
116000202,7,449,-442
116000203,7,127,-120
116000204,13,86,-73
116000205,1,181,-180
116000206,0,103,-103
116000207,3,30,-27
116000233,177,875,-698
116000287,102,611,-509
116000288,108,410,-302
116000292,42,100,-58
116000296,13,319,-306
116000297,64,30,34
116000304,60,44,16
116000305,29,74,-45
116000346,148,143,5
116000352,137,31,106
116000354,128,10,118
116000357,10,9,1
116000358,115,35,80
116000361,793,3,790
116000372,15005,4075,10930
116000381,85,0,85
116000388,0,42,-42
116000389,1008,787,221
116000445,192,883,-691
116000446,320,1689,-1369
116000447,8,391,-383
116000448,817,575,242
116000563,1052,967,85
116000565,77,410,-333
116000568,30,116,-86
116000579,29,130,-101
116000583,124,149,-25
116000584,23,9,14
116000585,10,25,-15
116000586,263,131,132
116000587,431,608,-177
116000589,41,105,-64
116000590,69,50,19
116000591,92,417,-325
116000592,9,162,-153
116000593,0,50,-50
116000594,362,593,-231
116000595,646,192,454
116000596,43,3,40
116000597,171,37,134
116000598,24,227,-203
116000605,404,175,229
116000606,74,238,-164
116000607,2,53,-51
116000609,194,896,-702
116000611,94,567,-473
116000612,663,2212,-1549
116000613,413,493,-80
116000614,612,965,-353
116000615,1,208,-207
116000616,95,188,-93
116000617,89,96,-7
116000618,3,248,-245
116000619,19,35,-16
116000620,108,576,-468
116000621,21,122,-101
116000622,40,207,-167
116000624,114,101,13
116000627,78,145,-67
116000628,56,854,-798
116000629,43,453,-410
116000630,194,52,142
116000631,54,79,-25
116000632,240,214,26
116000633,73,491,-418
116000634,236,214,22
116000635,5013,1569,3444
116000636,4152,1298,2854
116000637,229,123,106
116000638,59,717,-658
116000639,62,3,59
116000640,17,8,9
116000641,78,236,-158
116000643,1,154,-153
116000644,19,972,-953
116000645,29,29,0
116900001,185,192,-7
116900002,269,3,266
116900003,16,114,-98
116900004,35,28,7
116900005,186,38,148
116900006,220,145,75
116900007,93,239,-146
116900008,196,576,-380
116900009,17,1,16
116900010,527,2807,-2280
116900011,8,74,-66
116900012,118,257,-139
116900013,10,231,-221
116900014,51,331,-280
116900015,267,91,176
116900016,161,1,160
116900017,4,1031,-1027
116900018,36,54,-18
116900019,26,462,-436
116900020,1954,441,1513
116900023,113,9,104
116900024,275,72,203
116900025,564,1159,-595
116900026,213,1067,-854
116900027,23,103,-80
116900028,8,175,-167
116900029,0,20,-20
116900031,0,4,-4
116900032,2,658,-656
116900033,1,23,-22
116900034,3,110,-107
116900035,178,363,-185
116900036,5,113,-108
116900038,22,0,22
116900041,42,21,21
116900042,1045,273,772
116900043,11,114,-103
116900047,151,68,83
116900049,40,456,-416
116900050,94,796,-702
116900051,57,368,-311
116900052,346,57,289
116900055,0,5,-5
116900057,22,473,-451
116900058,25,732,-707
116900059,2,224,-222
116900060,335,291,44
116900062,0,16,-16
116900064,63,1410,-1347
116900065,15,269,-254
116900067,87,183,-96
116900068,71,314,-243
116900070,1,5,-4
116900072,22,517,-495
116900073,11,390,-379
116900074,12,50,-38
116900076,8,29,-21
116900077,18,310,-292
116900078,298,167,131
116900079,27,672,-645
116900080,9,13,-4
116900081,290,2202,-1912
116900082,268,880,-612
116900083,37,134,-97
116900084,471,72,399
116900085,24,192,-168
116900086,33,362,-329
116900088,458,62,396
116900090,136,81,55
116900091,125,179,-54
116900092,66,1153,-1087
116900093,1392,3101,-1709
116900094,6303,4206,2097
116900095,697,307,390
116900096,143,222,-79
116900097,7439,2169,5270
116900098,1024,216,808
116900099,512,569,-57
116900100,666,31,635
116900101,312,769,-457
116900103,5,2,3
116900104,34,143,-109
116900105,349,79,270
116900106,431,5,426
116900107,5484,1711,3773
116900110,13,3,10
116900111,287,1401,-1114
116900112,154,1704,-1550
116900113,4702,1241,3461
116900116,161,289,-128
116900117,33,94,-61
116900118,1271,816,455
116900120,167,198,-31
116900121,56,72,-16
116900122,438,1007,-569
116900123,127,1043,-916
116900124,116,1649,-1533
116900125,225,475,-250
116900126,363,658,-295
116900128,0,28,-28
116900129,3,368,-365
116900130,1251,2868,-1617
116900131,58,164,-106
116900132,30,73,-43
116900133,59,96,-37
116900134,221,188,33
116900136,191,221,-30
116900137,638,241,397
116900138,160,323,-163
116900139,81,494,-413
116900140,106,176,-70
116900141,485,312,173
116900142,0,34,-34
116900143,190,395,-205
116900144,3,45,-42
116900145,126,312,-186
116900147,1304,308,996
116900148,1,37,-36
116900149,13,186,-173
116900150,2,11,-9
116900151,49,14,35
116900153,58,70,-12
116900154,670,279,391
116900155,58,53,5
116900157,342,474,-132
116900158,478,182,296
116900159,68,372,-304
116900160,1182,295,887
116900161,13713,5583,8130
116900162,10,200,-190
116900163,68,228,-160
116900164,90,30,60
116900165,301,107,194
116900166,14,118,-104
116900167,313,80,233
116900168,257,102,155
116900169,1756,270,1486
116900170,181,325,-144
116900171,17,288,-271
116900172,372,100,272
116900173,127,73,54
116900174,16,42,-26
116900175,355,117,238
116900178,7,261,-254
116900179,136,135,1
116900180,87,30,57
116900182,299,267,32
116900183,73,95,-22
116900185,40,19,21
116900186,94,464,-370
116900187,24,23,1
116900188,122,26,96
116900189,3,1,2
116900191,243,481,-238
116900192,163,202,-39
116900194,67,680,-613
116900195,18,10,8
116900196,15,161,-146
116900197,68,5,63
116900198,308,185,123
116900200,28,38,-10
116900201,41,3,38
116900202,124,59,65
116900203,63,0,63
116900204,53,112,-59
116900206,15,42,-27
116900207,37,47,-10
116900208,1,171,-170
116900209,13,171,-158
116900210,298,270,28
116900211,221,7,214
116900212,33,150,-117
116900213,163,328,-165
116900214,169,106,63
116900215,11,103,-92
116900216,460,230,230
116900218,5,329,-324
116900219,836,376,460
116900220,67,234,-167
116900221,38,348,-310
116900222,387,371,16
116900223,50,193,-143
116900226,53,104,-51
116900227,138,90,48
116900228,372,326,46
116900230,43,513,-470
116900231,28,684,-656
116900232,16,841,-825
116900233,170,143,27
116900234,0,3,-3
116900235,293,484,-191
116900238,1737,600,1137
116900239,57,1390,-1333
116900240,10432,3189,7243
116900241,26,214,-188
116900242,1997,505,1492
116900243,0,69,-69
116900245,22,5,17
116900246,74,30,44
116900247,271,7,264
116900248,84,28,56
116900249,149,137,12
116900250,160,52,108
116900251,635,426,209
116900252,56,1575,-1519
116900254,14,94,-80
116900255,44,39,5
116900256,213,204,9
116900257,56,834,-778
116900258,2,413,-411
116900259,59,6,53
116900260,1,185,-184
116900261,16,0,16
116900262,74,140,-66
116900263,0,25,-25
116900264,41,49,-8
116900265,38,0,38
116900266,2,93,-91
116900267,1,2,-1
116900268,161,5,156
116900269,505,735,-230
116900271,1219,133,1086
116900272,662,830,-168
116900273,829,68,761
116900274,179,119,60
116900275,90,175,-85
116900276,505,88,417
116900277,648,19,629
116900278,6,11,-5
116900279,0,29,-29
116900280,17,48,-31
116900281,10778,3207,7571
116900282,2,156,-154
116900283,14,265,-251
116900284,15,361,-346
116900285,521,702,-181
116900286,173,5,168
116900287,7,139,-132
116900288,36,212,-176
116900289,13,29,-16
116900290,2,44,-42
116900291,5,9,-4
116900292,3,0,3
116900293,14,67,-53
116900294,38,148,-110
116900295,682,35,647
116900296,143,34,109
116900297,8,86,-78
116900298,218,32,186
116900299,96,52,44
116900300,9,127,-118
116900301,122,164,-42
116900302,144,55,89
116900303,820,123,697
116900304,0,114,-114
116900305,68,168,-100
116900306,66,265,-199
116900307,26,0,26
116900308,0,302,-302
116900309,29,132,-103
116900310,6,72,-66
116900311,2,163,-161
117000001,2882,2489,393
117000002,3361,6407,-3046
117000003,12271,3371,8900
117000004,6340,8337,-1997
117000005,2394,2113,281
117000006,1601,7033,-5432
117000007,3987,1730,2257
117000008,1874,7882,-6008
117000009,5023,2081,2942
117000010,3536,7038,-3502
117000011,1976,2590,-614
117000012,1605,2831,-1226
117000013,2455,1853,602
117000014,2236,4061,-1825
117000015,5143,1573,3570
117000016,1771,56,1715
117000017,1807,185,1622
117000018,509,559,-50
117000019,594,14,580
117000020,764,1606,-842
117000021,3229,1162,2067
117000022,1172,69,1103
117000023,1376,323,1053
117000024,1162,95,1067
117000025,4356,498,3858
117000026,9329,918,8411
117000027,2953,1775,1178
117000028,4832,1239,3593
117000030,1307,823,484
117000031,492,283,209
117000032,3984,1697,2287
117000033,1547,1496,51
117000034,680,659,21
117000035,385,346,39
117000036,801,701,100
117000037,412,394,18
117000038,558,947,-389
117000039,499,420,79
117000040,191,1181,-990
117000041,661,144,517
117000044,81,1519,-1438
117000045,664,66,598
117000046,844,1068,-224
117000047,1178,775,403
117000048,3288,2569,719
117000049,86,668,-582
117000050,173,3218,-3045
117000051,1938,214,1724
117000052,16,602,-586
117000053,268,74,194
117000054,1414,7,1407
117000055,163,4715,-4552
117000056,504,20,484
117000057,808,3107,-2299
117000060,442,2244,-1802
117000061,2702,1726,976
117000062,302,628,-326
117000063,2664,839,1825
117000064,1180,1501,-321
117000066,1135,901,234
117000067,260,364,-104
117000074,142,317,-175
117000076,107,71,36
117000077,145,117,28
117000078,200,1103,-903
117000079,365,289,76
117000080,2,538,-536
117000081,1693,130,1563
117000082,35,93,-58
117000083,703,340,363
117000084,622,2,620
117000085,237,648,-411
117000086,1296,928,368
117000087,112,636,-524
117000088,286,465,-179
117000089,1284,457,827
117000090,300,2114,-1814
117000091,555,430,125
117000092,399,2409,-2010
117000093,876,893,-17
117000094,1211,3764,-2553
117000095,2794,1134,1660
117000096,600,3507,-2907
117000097,918,1597,-679
117000098,3243,7355,-4112
117000099,2211,1220,991
117000100,142,183,-41
117000101,256,1768,-1512
117000102,1164,762,402
117000103,925,2384,-1459
117000104,961,748,213
117000105,988,2264,-1276
117000106,915,1008,-93
117000107,577,2382,-1805
117000108,1066,1119,-53
117000109,2431,3391,-960
117000110,1151,810,341
117000111,4725,7570,-2845
117000112,2779,2802,-23
117000113,95,385,-290
117000114,122,211,-89
117000115,49,191,-142
117000116,84,306,-222
117000117,2651,470,2181
117000118,599,198,401
117000119,1054,143,911
117000120,963,396,567
117000121,158,1589,-1431
117000122,797,2322,-1525
117000123,3607,36,3571
117000124,1228,57,1171
117000125,1262,102,1160
117000126,163,55,108
117000127,346,403,-57
117000128,635,888,-253
117000129,2293,560,1733
117000130,186,55,131
117000131,0,174,-174
117000132,1680,66,1614
117000133,726,106,620
117000134,13,85,-72
117000135,15,23,-8
117000136,1,37,-36
117000137,93,58,35
117000138,10,589,-579
117000140,430,2009,-1579
117000141,1127,760,367
117000181,866,258,608
117000182,278,281,-3
117000195,149,1414,-1265
117000196,125,73,52
117000225,399,13,386
117000226,22,303,-281
117000276,168,10,158
117000277,3,790,-787
117000310,3209,4664,-1455
117000315,34,2405,-2371
117000320,169,0,169
117000906,201,11,190
117000907,9,555,-546
117000909,201,59,142
117000910,161,150,11
117000911,94,256,-162
117000915,9,1016,-1007
117000916,36,4,32
117000917,572,36,536
117000918,36,63,-27
117000919,6,202,-196
117000920,6,1836,-1830
117000921,3,2439,-2436
117000922,93,238,-145
117000924,1224,1199,25
117000926,997,87,910
117000927,1888,586,1302
117000928,0,264,-264
117000929,153,1378,-1225
117000930,164,13,151
117000931,429,135,294
117900002,395,394,1
117900003,711,486,225
117900005,13,173,-160
117900006,4,31,-27
117900007,160,163,-3
117900008,0,83,-83
117900010,744,204,540
117900011,54,14,40
117900012,54,191,-137
117900013,5,484,-479
117900014,2427,328,2099
117900015,25,226,-201
117900016,2522,573,1949
117900017,1850,719,1131
117900018,389,64,325
117900019,401,751,-350
117900020,52,404,-352
117900021,35,85,-50
117900023,751,852,-101
117900024,101,122,-21
117900025,20,9,11
117900026,283,650,-367
117900028,336,13,323
117900029,156,1971,-1815
117900031,729,122,607
117900032,935,720,215
117900033,199,1432,-1233
117900034,70,64,6
117900035,165,68,97
117900036,196,934,-738
117900037,67,177,-110
117900038,25,368,-343
117900039,6,78,-72
117900040,57,643,-586
117900041,4,35,-31
117900042,7163,647,6516
117900043,31,59,-28
117900044,16,7673,-7657
117900045,217,139,78
117900048,191,361,-170
117900049,251,1137,-886
117900050,26,118,-92
117900051,115,6,109
117900052,79,357,-278
117900053,1072,818,254
117900054,5,19,-14
117900055,112,472,-360
117900056,391,46,345
117900057,1119,1916,-797
117900058,258,12,246
117900059,1404,79,1325
117900060,927,7262,-6335
117900061,23,357,-334
117900063,529,366,163
117900065,741,1466,-725
117900066,4,58,-54
117900067,354,379,-25
117900069,1058,662,396
117900070,529,12,517
117900071,241,165,76
117900073,391,536,-145
117900074,631,32,599
117900075,160,116,44
117900076,50,124,-74
117900077,174,154,20
117900078,225,543,-318
117900080,440,94,346
117900081,613,582,31
117900082,317,300,17
117900083,435,982,-547
117900086,174,68,106
117900087,62,50,12
117900088,3345,3023,322
117900089,1558,480,1078
117900090,946,1129,-183
117900091,343,204,139
117900092,51,47,4
117900093,41,84,-43
117900094,34,15,19
117900095,1197,1608,-411
117900096,50,347,-297
117900097,115,108,7
117900098,13,6,7
117900099,274,590,-316
117900100,152,1,151
117900101,734,1365,-631
117900102,35,50,-15
117900103,14,0,14
117900104,32,225,-193
117900105,108,377,-269
117900106,71,60,11
117900107,13,1,12
117900109,377,395,-18
117900110,25,0,25
117900111,246,10,236
117900112,53,15,38
117900113,9276,2959,6317
117900114,16,0,16
117900115,341,65,276
117900116,1151,1382,-231
117900117,304,506,-202
117900118,23,0,23
117900119,57,280,-223
117900120,66,239,-173
117900121,113,43,70
117900122,1681,2577,-896
117900123,1141,1009,132
117900124,628,847,-219
117900125,1421,1308,113
117900126,294,908,-614
117900127,592,873,-281
117900128,336,1376,-1040
117900129,46,0,46
117900130,793,545,248
117900131,0,133,-133
117900132,26,130,-104
117900133,1,122,-121
117900134,47,177,-130
117900135,18,248,-230
117900136,0,50,-50
117900137,21,306,-285
117900138,0,60,-60
117900139,75,143,-68
117900140,8708,67,8641
117900141,735,357,378
117900142,485,23,462
117900144,183,80,103
117900145,42,31,11
117900146,893,106,787
117900147,82,92,-10
117900148,4825,1198,3627
117900149,44,159,-115
117900150,17,90,-73
117900151,69,145,-76
117900152,199,125,74
117900153,38,115,-77
117900154,715,1103,-388
117900156,1088,1315,-227
117900157,166,630,-464
117900158,139,69,70
117900160,595,301,294
117900161,2715,3586,-871
117900162,808,749,59
117900163,273,25,248
117900165,0,14,-14
117900166,118,477,-359
117900168,80,176,-96
117900169,2,155,-153
117900170,0,24,-24
117900171,0,20,-20
117900172,8,34,-26
117900173,119,67,52
117900174,33,68,-35
117900175,1,63,-62
117900176,4,62,-58
117900177,14,94,-80
117900178,90,65,25
117900180,301,40,261
117900181,218,201,17
117900182,1,32,-31
117900183,30,233,-203
117900184,6,43,-37
117900185,22,24,-2
117900186,13,18,-5
117900187,3,7,-4
117900188,156,26,130
117900189,63,9,54
117900190,14,2,12
117900191,49,0,49
117900192,117,4,113
117900193,4,41,-37
117900194,3,3,0
117900195,3,24,-21
117900196,13,21,-8
117900207,216,91,125
117900208,32,56,-24
117900209,188,325,-137
117900210,126,275,-149
117900211,8,308,-300
117900212,57,197,-140
117900213,15,19,-4
117900214,5,50,-45
117900215,39,65,-26
117900216,35,43,-8
117900217,233,133,100
117900218,277,254,23
117900219,16,119,-103
117900220,259,141,118
117900222,170,391,-221
117900223,266,341,-75
118000001,1124,684,440
118000002,1992,3020,-1028
118000003,8027,2671,5356
118000004,9036,2576,6460
118000005,5458,5410,48
118000006,6787,10833,-4046
118000007,10158,1950,8208
118000008,7363,3285,4078
118000009,3712,3280,432
118000010,3656,4496,-840
118000011,1094,3533,-2439
118000012,2073,3655,-1582
118000013,5084,4126,958
118000014,2337,5275,-2938
118000016,211,449,-238
118000017,199,492,-293
118000018,277,541,-264
118000019,2484,1485,999
118000020,1369,1553,-184
118000021,1454,2165,-711
118000022,2133,869,1264
118000023,1702,529,1173
118000024,1595,1024,571
118000027,17696,10653,7043
118000029,941,923,18
118000032,1667,5220,-3553
118000033,3022,4490,-1468
118000034,5707,2108,3599
118000035,1637,2608,-971
118000036,3420,1317,2103
118000037,1275,1305,-30
118000038,104,146,-42
118000039,179,661,-482
118000040,2106,3075,-969
118000041,3252,2135,1117
118000045,1004,81,923
118000046,3803,601,3202
118000047,5829,613,5216
118000048,6434,1121,5313
118000051,3770,710,3060
118000052,2919,539,2380
118000053,1591,717,874
118000054,2251,2712,-461
118000055,1562,4764,-3202
118000056,224,317,-93
118000057,147,945,-798
118000058,9136,1418,7718
118000059,7786,869,6917
118000060,1454,866,588
118000061,722,1488,-766
118000062,543,548,-5
118000063,464,468,-4
118000064,1631,1469,162
118000065,7442,3159,4283
118000066,1651,1574,77
118000067,2669,774,1895
118000068,3188,4399,-1211
118000069,5467,1390,4077
118000070,10565,2138,8427
118000071,4218,9618,-5400
118000072,4202,1035,3167
118000073,4513,392,4121
118000074,715,624,91
118000075,1143,332,811
118000076,2860,1398,1462
118000077,2535,1489,1046
118000078,4375,2223,2152
118000079,409,429,-20
118000080,2178,952,1226
118000081,3728,1108,2620
118000082,464,1098,-634
118000083,2635,1582,1053
118000084,3606,2081,1525
118000086,549,713,-164
118000087,7960,2861,5099
118000088,2790,2424,366
118000089,5253,3069,2184
118000090,2596,3649,-1053
118000091,1976,3415,-1439
118000092,1372,518,854
118000093,144,852,-708
118000096,822,734,88
118000097,1341,844,497
118000098,339,256,83
118000099,405,968,-563
118000101,841,502,339
118000102,409,2037,-1628
118000107,5058,664,4394
118000108,850,3224,-2374
118000110,1,35,-34
118000111,5,1007,-1002
118000112,502,9,493
118000113,14,1806,-1792
118000114,319,19,300
118000115,11,73,-62
118000116,93,8,85
118000117,2759,970,1789
118000118,2986,786,2200
118000119,1175,1337,-162
118000120,2328,1299,1029
118000121,173,668,-495
118000122,2090,342,1748
118000123,92,312,-220
118000125,3583,1189,2394
118000126,2027,1836,191
118000127,3200,870,2330
118000128,1273,1373,-100
118000129,1723,477,1246
118000130,3451,5093,-1642
118000131,1329,1323,6
118000132,2295,1875,420
118000133,2876,799,2077
118000135,850,489,361
118000136,215,686,-471
118000137,2580,186,2394
118000138,488,1067,-579
118000139,479,184,295
118000140,2303,4458,-2155
118000141,1460,2449,-989
118000142,1577,2638,-1061
118000143,1576,1486,90
118000144,2178,1408,770
118000145,1699,3312,-1613
118000146,936,1411,-475
118000147,912,2277,-1365
118000148,637,2249,-1612
118000149,888,1928,-1040
118000150,239,555,-316
118000151,262,660,-398
118000153,979,1894,-915
118000154,1471,2892,-1421
118000155,863,1974,-1111
118000156,3508,3002,506
118000157,597,572,25
118000158,144,616,-472
118000159,23,112,-89
118000160,443,561,-118
118000161,409,907,-498
118000162,1155,1271,-116
118000163,716,1135,-419
118000164,3883,2195,1688
118000168,1974,312,1662
118000169,1351,2067,-716
118000170,4644,8545,-3901
118000171,297,894,-597
118000172,116,429,-313
118000173,1307,1621,-314
118000175,302,402,-100
118000176,214,448,-234
118000177,157,562,-405
118000178,287,52,235
118000179,1877,1064,813
118000180,945,1155,-210
118000181,919,386,533
118000182,301,321,-20
118000183,264,407,-143
118000184,562,1503,-941
118000185,844,882,-38
118000186,581,726,-145
118000187,1123,743,380
118000188,1072,270,802
118000189,580,1055,-475
118000190,17,21,-4
118000191,21,39,-18
118000192,87,116,-29
118000193,90,451,-361
118000194,4852,1581,3271
118000195,1662,659,1003
118000196,1285,140,1145
118000197,1175,165,1010
118000198,1176,462,714
118000199,2534,754,1780
118000200,84,270,-186
118000201,1104,592,512
118000202,61,72,-11
118000203,2702,347,2355
118000204,330,294,36
118000205,377,407,-30
118000206,266,268,-2
118000207,0,131,-131
118000208,1212,2573,-1361
118000209,1876,3373,-1497
118000210,38,49,-11
118000211,22,34,-12
118000213,2211,908,1303
118000214,775,1012,-237
118000215,655,140,515
118000216,1690,7341,-5651
118000217,25,193,-168
118000218,36,155,-119
118000219,724,704,20
118000220,3,34,-31
118000221,89,336,-247
118000222,77,10,67
118000223,18,44,-26
118000224,463,146,317
118000225,227,1515,-1288
118000226,2414,160,2254
118000227,1272,386,886
118000228,99,163,-64
118000229,664,59,605
118000230,173,267,-94
118000231,85,250,-165
118000232,628,1258,-630
118000233,745,1068,-323
118000234,295,328,-33
118000236,423,469,-46
118000237,56,507,-451
118000238,211,444,-233
118000239,269,423,-154
118000240,540,102,438
118000241,154,448,-294
118000242,331,712,-381
118000243,103,225,-122
118000244,27,182,-155
118000246,66,22,44
118000255,118,404,-286
118000256,123,399,-276
118000259,7,67,-60
118000260,215,126,89
118000261,20,103,-83
118000263,65,222,-157
118000266,171,631,-460
118000267,1,140,-139
118000268,1499,2,1497
118000270,23,28,-5
118000271,172,544,-372
118000272,79,19,60
118000273,64,122,-58
118000274,99,392,-293
118000276,288,359,-71
118000295,1,76,-75
118000298,134,568,-434
118000299,72,228,-156
118000301,0,137,-137
118000302,86,138,-52
118000311,220,120,100
118000312,235,216,19
118000313,24,175,-151
118000314,50,114,-64
118000315,12,112,-100
118000316,543,863,-320
118000325,24,67,-43
118000326,11,61,-50
118000331,17,47,-30
118000332,6,38,-32
118000333,32,55,-23
118000335,143,2,141
118000336,4,462,-458
118000407,69,107,-38
118000457,6,57,-51
118000465,3715,5571,-1856
118000480,31,154,-123
118000489,29,313,-284
118000490,64,641,-577
118000492,206,292,-86
118000510,61,22,39
118000514,275,544,-269
118000515,1151,958,193
118000517,602,539,63
118000524,1059,235,824
118000525,912,927,-15
118000530,10,104,-94
118000531,223,374,-151
118000532,268,318,-50
118000533,658,141,517
118000534,890,427,463
118000535,214,155,59
118000536,849,1279,-430
118000537,74,108,-34
118000538,44,220,-176
118000539,10,132,-122
118000540,506,276,230
118000541,449,92,357
118000542,179,202,-23
118000543,428,266,162
118000546,47,30,17
118000553,0,0,0
118000557,0,0,0
118000560,3842,1419,2423
118000562,42,789,-747
118000563,3873,2444,1429
118000576,232,342,-110
118000577,256,220,36
118000578,260,208,52
118000579,1407,1501,-94
118000583,0,0,0
118000595,141,72,69
118000596,0,96,-96
118000597,172,187,-15
118000598,0,0,0
118000599,46,95,-49
118000600,2,9,-7
118000601,1,0,1
118000602,0,12,-12
118000603,0,113,-113
118000605,33,515,-482
118000606,15,42,-27
118900001,1528,1178,350
118900002,1494,1031,463
118900003,158,20,138
118900004,69,53,16
118900005,95,5,90
118900006,92,1,91
118900007,7,0,7
118900008,1500,55,1445
118900009,17,14,3
118900010,37,4,33
118900011,207,19,188
118900012,373,295,78
118900013,844,70,774
118900015,141,48,93
118900016,3,21,-18
118900017,266,245,21
118900018,1167,9,1158
118900019,29,2,27
118900020,194,106,88
118900021,233,417,-184
118900022,151,120,31
118900023,254,122,132
118900024,82,192,-110
118900025,110,21,89
118900026,47,108,-61
118900027,616,402,214
118900028,183,275,-92
118900029,252,565,-313
118900030,188,106,82
118900031,113,151,-38
118900032,134,252,-118
118900033,1131,843,288
118900034,147,17,130
118900035,191,358,-167
118900036,887,1018,-131
118900037,622,311,311
118900038,384,422,-38
118900039,370,313,57
118900040,182,237,-55
118900041,509,334,175
118900042,204,189,15
118900045,263,336,-73
118900046,876,357,519
118900047,1267,398,869
118900048,892,179,713
118900049,78,42,36
118900050,9,161,-152
118900051,232,83,149
118900052,384,248,136
118900053,17,103,-86
118900054,107,125,-18
118900055,12,136,-124
118900056,206,283,-77
118900057,535,442,93
118900058,731,353,378
118900059,30,129,-99
118900060,47,320,-273
118900062,93,189,-96
118900064,742,629,113
118900065,17,237,-220
118900066,72,130,-58
118900067,6570,3348,3222
118900068,3,977,-974
118900069,345,543,-198
118900071,8,76,-68
118900072,395,608,-213
118900073,111,177,-66
118900074,111,198,-87
118900075,31,95,-64
118900076,457,61,396
118900077,215,233,-18
118900078,45,11,34
118900079,59,273,-214
118900080,33,120,-87
118900081,78,33,45
118900082,572,188,384
118900083,6,9,-3
118900084,9,30,-21
118900085,535,1323,-788
118900086,16,96,-80
118900087,27,225,-198
118900088,0,10,-10
118900089,97,3,94
118900090,314,594,-280
118900091,133,197,-64
118900092,48,55,-7
118900093,168,12,156
118900096,125,97,28
118900097,206,1091,-885
118900099,46,452,-406
118900100,106,255,-149
118900101,32,777,-745
118900102,26,69,-43
118900103,9,85,-76
118900104,79,135,-56
118900105,165,116,49
118900107,157,153,4
118900108,87,73,14
118900110,1256,592,664
118900111,338,650,-312
118900112,88,140,-52
118900113,174,847,-673
118900114,26,96,-70
118900115,109,453,-344
118900116,87,194,-107
118900117,99,189,-90
118900118,223,692,-469
118900119,136,424,-288
118900120,81,557,-476
118900121,14,307,-293
118900122,4,1020,-1016
118900123,163,306,-143
118900124,60,180,-120
118900126,17,368,-351
118900129,345,210,135
118900130,130,108,22
118900131,95,404,-309
118900132,830,200,630
118900133,22,102,-80
118900135,113,261,-148
118900136,207,853,-646
118900137,10,18,-8
118900139,247,763,-516
118900140,438,926,-488
118900141,39,324,-285
118900144,227,747,-520
118900145,16,211,-195
118900146,251,1056,-805
118900147,400,170,230
118900148,46,70,-24
118900150,724,826,-102
118900152,424,1132,-708
118900157,232,218,14
118900158,35,105,-70
118900159,1,222,-221
118900161,221,7,214
118900163,324,65,259
118900164,0,103,-103
118900165,22,260,-238
118900166,14,0,14
118900167,24,176,-152
118900168,122,49,73
118900169,98,514,-416
118900170,104,115,-11
118900171,8,11,-3
118900174,56,58,-2
118900175,271,490,-219
118900176,83,270,-187
118900177,26,55,-29
118900178,36,136,-100
118900179,37,38,-1
118900181,34,141,-107
118900182,87,34,53
118900183,29,122,-93
118900184,219,73,146
118900185,199,238,-39
118900186,82,88,-6
118900187,188,369,-181
118900188,252,369,-117
118900189,26,635,-609
118900190,12,828,-816
118900191,151,56,95
118900192,134,24,110
118900193,373,7,366
118900195,335,1113,-778
118900196,20,222,-202
118900197,98,137,-39
118900198,7,41,-34
118900199,16,58,-42
118900200,25,10,15
118900201,46,6,40
118900202,14,72,-58
118900203,2,39,-37
118900204,1,18,-17
118900205,4,7,-3
118900206,2,12,-10
119000001,1346,1617,-271
119000002,2601,3439,-838
119000003,1541,2257,-716
119000004,2500,2056,444
119000005,3593,2905,688
119000006,2290,2436,-146
119000007,3888,3863,25
119000008,2330,2547,-217
119000009,3940,3464,476
119000010,9461,3916,5545
119000011,5214,2434,2780
119000012,3971,2949,1022
119000013,2337,1590,747
119000014,2684,3934,-1250
119000019,239,230,9
119000020,1880,1823,57
119000021,3327,2895,432
119000022,4532,3239,1293
119000023,651,255,396
119000024,2881,8592,-5711
119000025,19045,1320,17725
119000026,155,275,-120
119000027,549,397,152
119000028,2457,1496,961
119000029,130,299,-169
119000030,473,1691,-1218
119000031,725,512,213
119000032,1933,2151,-218
119000033,1508,1824,-316
119000034,996,1105,-109
119000035,39,391,-352
119000036,1403,2009,-606
119000037,940,2658,-1718
119000038,122,1531,-1409
119000039,582,772,-190
119000040,1359,516,843
119000041,1454,1796,-342
119000048,3588,4767,-1179
119000049,2167,4712,-2545
119000050,2263,3624,-1361
119000051,2383,1192,1191
119000052,3170,4136,-966
119000053,1626,1191,435
119000054,2630,5918,-3288
119000055,2969,4487,-1518
119000056,1697,2417,-720
119000057,1192,3920,-2728
119000058,1982,3235,-1253
119000059,1357,2320,-963
119000060,1441,990,451
119000061,955,1077,-122
119000062,1099,1680,-581
119000063,426,419,7
119000064,2514,2167,347
119000065,2316,3596,-1280
119000066,1654,1275,379
119000067,2074,3570,-1496
119000068,1315,1406,-91
119000069,1281,3722,-2441
119000070,1852,1516,336
119000071,723,976,-253
119000072,9584,4695,4889
119000073,5500,6769,-1269
119000074,926,5460,-4534
119000075,1188,3307,-2119
119000076,401,844,-443
119000077,625,393,232
119000078,494,620,-126
119000079,218,1058,-840
119000080,299,275,24
119000081,201,474,-273
119000082,484,325,159
119000083,471,491,-20
119000084,434,752,-318
119000085,804,525,279
119000086,321,540,-219
119000087,2153,1248,905
119000088,237,250,-13
119000089,192,375,-183
119000090,210,281,-71
119000091,245,365,-120
119000092,859,558,301
119000093,5475,4591,884
119000094,2139,9350,-7211
119000095,1176,3990,-2814
119000097,4107,2340,1767
119000098,730,2253,-1523
119000099,2486,2779,-293
119000100,3238,2495,743
119000101,2340,1869,471
119000102,737,699,38
119000103,1201,429,772
119000104,4303,1797,2506
119000105,892,1250,-358
119000106,372,2870,-2498
119000107,505,527,-22
119000108,279,1977,-1698
119000109,80,280,-200
119000110,345,240,105
119000111,54,460,-406
119000112,163,68,95
119000113,2062,184,1878
119000114,862,957,-95
119000115,153,388,-235
119000116,178,101,77
119000117,100,428,-328
119000118,0,9,-9
119000123,7239,603,6636
119000124,509,276,233
119000125,1946,1410,536
119000126,590,1448,-858
119000127,392,1190,-798
119000128,17,3,14
119000131,806,1456,-650
119000132,0,14,-14
119000133,1,10,-9
119000134,5044,834,4210
119000135,84,145,-61
119000136,172,267,-95
119000137,89,617,-528
119000138,186,477,-291
119000139,212,299,-87
119000140,117,299,-182
119000284,1386,3409,-2023
119000285,3471,2640,831
119000286,7166,6223,943
119000287,1820,2990,-1170
119000288,2914,2083,831
119000289,4812,5063,-251
119000290,175,812,-637
119000291,34,513,-479
119000293,477,386,91
119000294,28,47,-19
119000295,4013,822,3191
119000296,181,201,-20
119000302,5229,1541,3688
119000303,73,321,-248
119000314,1272,7286,-6014
119000315,0,820,-820
119000316,56,166,-110
119000317,49,571,-522
119000319,480,662,-182
119900001,158,883,-725
119900002,140,416,-276
119900003,66,1539,-1473
119900004,371,407,-36
119900005,109,200,-91
119900006,122,347,-225
119900007,734,74,660
119900008,55,26,29
119900009,524,603,-79
119900010,839,1005,-166
119900011,11,38,-27
119900012,12,58,-46
119900013,1599,581,1018
119900014,428,200,228
119900015,56,25,31
119900016,30,118,-88
119900017,11,41,-30
119900018,2302,483,1819
119900019,32,6,26
119900020,68,164,-96
119900021,74,101,-27
119900022,128,395,-267
119900023,1396,837,559
119900025,45,25,20
119900026,1129,97,1032
119900027,4,31,-27
119900028,172,60,112
119900029,0,3,-3
119900030,426,637,-211
119900031,28,193,-165
119900033,1537,166,1371
119900034,143,150,-7
119900037,88,62,26
119900038,20,193,-173
119900039,66,3,63
119900040,56,5,51
119900041,78,39,39
119900042,52,217,-165
119900043,46,221,-175
119900044,232,434,-202
119900046,29,47,-18
119900047,106,27,79
119900049,58,10,48
119900050,45,43,2
119900051,574,9,565
119900052,9,38,-29
119900053,117,298,-181
119900054,46,5,41
119900055,807,336,471
119900057,74,67,7
119900058,126,0,126
119900059,135,39,96
119900060,161,11,150
119900061,144,4,140
119900062,14,16,-2
119900063,12,59,-47
119900065,173,17,156
119900067,38,21,17
119900068,241,0,241
119900069,35,8,27
119900070,475,6,469
119900071,271,6,265
119900073,2376,517,1859
119900074,31,17,14
119900075,7420,2096,5324
119900076,62,115,-53
119900077,415,1623,-1208
119900078,262,814,-552
119900079,94,504,-410
119900080,352,394,-42
119900081,321,11,310
119900082,538,21,517
119900083,319,78,241
119900084,1565,288,1277
119900085,177,63,114
119900086,271,1398,-1127
119900087,1321,268,1053
119900088,39,32,7
119900089,25,704,-679
119900090,203,51,152
119900091,43,1792,-1749
119900092,24,433,-409
119900093,984,199,785
119900094,30,254,-224
119900095,197,57,140
119900096,26,61,-35
119900097,648,236,412
119900098,61,50,11
119900099,32,259,-227
119900100,3322,1839,1483
119900101,184,819,-635
119900102,18,350,-332
119900103,21,539,-518
119900104,20,230,-210
119900105,447,1107,-660
119900106,13,264,-251
119900107,392,5331,-4939
119900108,2410,811,1599
119900109,62,420,-358
119900110,458,1252,-794
119900111,72,685,-613
119900112,4282,542,3740
119900113,56,371,-315
119900114,146,2674,-2528
119900115,135,1664,-1529
119900116,133,392,-259
119900117,199,1417,-1218
119900118,33,1586,-1553
119900119,178,332,-154
119900120,490,896,-406
119900121,183,1922,-1739
119900122,288,309,-21
119900123,226,289,-63
119900124,135,1404,-1269
119900125,34,420,-386
119900126,7102,272,6830
119900127,3197,1181,2016
119900128,333,1268,-935
119900129,125,1357,-1232
119900130,34,389,-355
119900131,23,421,-398
119900132,11,616,-605
119900133,18,56,-38
119900134,3199,299,2900
119900135,1,655,-654
119900136,170,543,-373
119900138,385,632,-247
119900139,49,88,-39
119900140,0,178,-178
119900141,191,739,-548
119900142,0,14,-14
119900143,6,275,-269
119900144,2395,247,2148
119900145,84,259,-175
119900146,132,156,-24
119900147,2,149,-147
119900148,68,35,33
119900149,2268,2320,-52
119900150,218,178,40
119900151,2225,851,1374
119900152,61,563,-502
119900153,73,61,12
119900154,17,1405,-1388
119900155,20,35,-15
119900156,8,1,7
119900157,86,378,-292
119900158,89,73,16
119900159,5,2483,-2478
119900160,10,199,-189
119900161,201,336,-135
119900162,634,786,-152
119900163,139,131,8
119900164,0,1,-1
119900165,100,424,-324
119900166,43,39,4
119900167,148,94,54
119900168,544,546,-2
119900169,142,426,-284
119900170,112,154,-42
119900171,692,724,-32
119900172,79,18,61
119900173,4,685,-681
119900174,1,279,-278
119900175,683,861,-178
119900177,30,306,-276
119900178,6,309,-303
119900179,69,248,-179
119900180,884,715,169
119900181,29,44,-15
119900182,0,709,-709
119900183,96,1276,-1180
119900184,3873,661,3212
119900185,15,121,-106
119900186,101,460,-359
119900187,4,692,-688
119900188,57,373,-316
119900189,376,198,178
119900190,58,175,-117
119900191,433,119,314
119900192,14,293,-279
119900193,219,302,-83
119900194,6,35,-29
119900195,14,236,-222
119900196,1751,417,1334
119900197,130,119,11
119900198,43,599,-556
119900199,112,19,93
119900200,342,694,-352
119900201,392,141,251
119900202,193,141,52
119900203,118,363,-245
119900204,171,329,-158
119900205,388,971,-583
119900206,86,145,-59
119900208,197,203,-6
119900209,467,836,-369
119900210,16,49,-33
119900211,75,14,61
119900212,264,977,-713
119900213,7,36,-29
119900214,12,96,-84
119900215,21,92,-71
119900216,7,93,-86
119900217,10,70,-60
119900218,16,78,-62
119900219,7,203,-196
119900220,3,138,-135
119900221,18,444,-426
119900222,9,274,-265
119900223,15,108,-93
119900224,15,38,-23
119900225,1068,44,1024
119900226,960,1171,-211
119900227,1061,427,634
119900228,17,283,-266
119900229,205,351,-146
119900230,1805,792,1013
119900231,113,304,-191
119900232,170,67,103
119900233,42,1,41
119900234,42,31,11
119900235,61,44,17
119900236,10,308,-298
119900237,34,699,-665
119900238,1,105,-104
119900240,46,137,-91
119900241,159,251,-92
119900242,2516,3481,-965
119900244,1026,1138,-112
119900245,100,171,-71
119900246,246,300,-54
119900247,12,45,-33
119900248,33,84,-51
119900249,116,65,51
119900253,5552,433,5119
119900254,50,406,-356
119900255,51,471,-420
119900256,281,1415,-1134
119900257,32,0,32
119900258,30,0,30
119900259,5,214,-209
119900260,42,2,40
119900261,137,210,-73
119900262,1,458,-457
119900263,1229,439,790
119900264,38,327,-289
119900265,156,539,-383
119900266,192,389,-197
119900267,194,465,-271
119900268,101,266,-165
119900269,636,1727,-1091
119900271,34,117,-83
119900272,256,65,191
119900275,89,0,89
119900276,17,2,15
119900277,18,3,15
119900278,347,79,268
119900279,180,303,-123
119900280,1412,218,1194
119900281,0,109,-109
119900282,26,29,-3
119900283,9,381,-372
119900284,62,179,-117
119900285,16,63,-47
119900286,6,17,-11
119900288,6,50,-44
119900289,0,44,-44
119900290,0,38,-38
119900291,1,29,-28
119900292,20,28,-8
119900293,33,98,-65
119900294,16,85,-69
119900295,15,82,-67
119900296,12,212,-200
119900297,0,7,-7
119900298,0,0,0
119900299,19,431,-412
119900300,109,257,-148
119900301,230,3,227
119900302,172,57,115
119900303,142,302,-160
119900304,91,40,51
119900305,38,146,-108
119900306,28,4,24
119900307,9,194,-185
119900308,4,32,-28
119900309,24,44,-20
119900310,258,391,-133
119900311,35,211,-176
119900312,122,128,-6
119900313,243,520,-277
119900314,107,278,-171
119900315,1021,3737,-2716
119900318,8,15,-7
119900319,6,347,-341
119900320,36,778,-742
119900321,42,1,41
120000001,12412,15269,-2857
120000002,2402,3799,-1397
120000003,3604,2028,1576
120000004,3227,2887,340
120000005,5458,2132,3326
120000006,1433,1603,-170
120000007,4620,3004,1616
120000008,1373,1637,-264
120000009,6703,1040,5663
120000010,1674,3814,-2140
120000011,1481,2680,-1199
120000012,1353,3407,-2054
120000013,2194,3428,-1234
120000014,788,2038,-1250
120000015,2970,1810,1160
120000016,3691,4077,-386
120000017,2400,2874,-474
120000018,6534,10126,-3592
120000019,1100,1554,-454
120000020,3665,3379,286
120000021,2023,2241,-218
120000022,2758,4048,-1290
120000023,805,2052,-1247
120000024,1364,2495,-1131
120000025,2119,2975,-856
120000026,1061,2400,-1339
120000027,1243,1916,-673
120000028,1000,442,558
120000029,3488,576,2912
120000030,238,869,-631
120000031,2219,8007,-5788
120000032,13304,4308,8996
120000033,4043,2748,1295
120000034,1872,3506,-1634
120000035,1896,3574,-1678
120000036,2817,5550,-2733
120000037,625,1358,-733
120000038,13689,3382,10307
120000039,497,1113,-616
120000040,126,151,-25
120000041,845,2533,-1688
120000042,1579,5069,-3490
120000043,4579,3595,984
120000044,4225,1635,2590
120000045,3577,1140,2437
120000046,2072,2474,-402
120000047,2912,3829,-917
120000048,10705,4946,5759
120000049,6311,3717,2594
120000050,6126,6491,-365
120000051,3933,5544,-1611
120000052,19871,3202,16669
120000053,1257,5906,-4649
120000054,1352,8698,-7346
120000055,1555,7189,-5634
120000056,2929,5201,-2272
120000057,2072,875,1197
120000058,989,231,758
120000059,35,874,-839
120000061,126,786,-660
120000062,202,301,-99
120000063,2518,3318,-800
120000064,227,2075,-1848
120000065,472,2360,-1888
120000066,117,343,-226
120000067,40,658,-618
120000068,176,1436,-1260
120000069,739,2127,-1388
120000070,56,1305,-1249
120000071,249,373,-124
120000072,323,711,-388
120000073,513,71,442
120000074,61,113,-52
120000075,336,298,38
120000076,1134,487,647
120000077,1189,583,606
120000078,3662,902,2760
120000079,322,872,-550
120000080,225,391,-166
120000081,266,251,15
120000082,202,285,-83
120000083,232,521,-289
120000084,547,627,-80
120000085,323,580,-257
120000086,367,961,-594
120000087,187,1735,-1548
120000088,615,2066,-1451
120000089,890,813,77
120000090,621,719,-98
120000091,589,1231,-642
120000092,1104,813,291
120000093,286,724,-438
120000094,139,756,-617
120000095,945,942,3
120000096,204,1662,-1458
120000098,774,1549,-775
120000099,290,921,-631
120000100,681,1062,-381
120000101,410,624,-214
120000102,471,595,-124
120000103,1102,621,481
120000104,1430,466,964
120000105,2497,612,1885
120000106,1524,562,962
120000107,2145,609,1536
120000108,732,172,560
120000109,851,73,778
120000110,162,1534,-1372
120000111,104,2007,-1903
120000112,882,5785,-4903
120000113,632,4321,-3689
120000114,930,4853,-3923
120000115,416,3991,-3575
120000116,750,2878,-2128
120000117,2184,2110,74
120000118,103,25,78
120000119,71,94,-23
120000120,63,71,-8
120000121,34,92,-58
120000122,349,419,-70
120000123,8527,5222,3305
120000124,350,754,-404
120000125,415,1249,-834
120000126,378,1057,-679
120000127,2761,1048,1713
120000128,7299,2731,4568
120000129,373,459,-86
120000130,909,1042,-133
120000131,273,581,-308
120000134,404,1685,-1281
120000135,219,409,-190
120000137,141,3181,-3040
120000138,450,666,-216
120000139,146,1431,-1285
120000140,371,862,-491
120000141,167,777,-610
120000142,307,712,-405
120000143,5,87,-82
120000144,72,2,70
120000145,206,4,202
120000146,4236,1427,2809
120000149,581,1324,-743
120000150,6337,8967,-2630
120000151,400,847,-447
120000152,338,431,-93
120000153,103,1208,-1105
120000154,501,489,12
120000155,112,324,-212
120000156,4201,698,3503
120000157,1053,994,59
120000158,735,1467,-732
120000159,2017,2689,-672
120000160,2021,1688,333
120000161,1653,4432,-2779
120000162,289,414,-125
120000163,422,1985,-1563
120000164,292,601,-309
120000165,308,1219,-911
120000166,884,864,20
120000167,32,37,-5
120000168,14,89,-75
120000169,177,269,-92
120000170,247,162,85
120000171,43,53,-10
120000172,103,85,18
120000173,4229,274,3955
120000174,803,28,775
120000175,1564,52,1512
120000176,646,67,579
120000177,1557,419,1138
120000178,165,9,156
120000179,698,43,655
120000180,588,57,531
120000181,134,121,13
120000182,145,98,47
120000183,5,80,-75
120000184,198,757,-559
120000186,215,95,120
120000187,317,62,255
120000188,829,64,765
120000190,1855,22,1833
120000191,2355,47,2308
120000192,1393,38,1355
120000193,628,59,569
120000195,34,6,28
120000196,195,87,108
120000197,105,300,-195
120000198,81,228,-147
120000199,50,3,47
120000200,104,2,102
120000201,16,10,6
120000202,2,80,-78
120000203,32,438,-406
120000207,0,78,-78
120000208,18,372,-354
120000209,7,109,-102
120000210,118,50,68
120000211,45,0,45
120000212,58,0,58
120000213,65,405,-340
120000214,3,361,-358
120000215,2,134,-132
120000216,30,2,28
120000217,916,1828,-912
120000218,267,1203,-936
120000219,6,767,-761
120000220,14,2753,-2739
120000225,712,2,710
120000226,144,4,140
120000227,455,17,438
120000228,7132,2374,4758
120000230,241,11,230
120000231,875,3581,-2706
120000233,111,17,94
120000235,135,1210,-1075
120000236,604,3,601
120000237,2,2785,-2783
120000238,16,162,-146
120000241,1100,4580,-3480
120000412,812,14,798
120000413,150,490,-340
120000414,46,3,43
120000415,4,297,-293
120000416,28,8,20
120000417,1,112,-111
120000418,62,20,42
120000419,5,493,-488
120000420,59,30,29
120000421,17272,6462,10810
120000422,271,534,-263
120000423,4,40,-36
120000424,28,213,-185
120000436,159,527,-368
120000437,227,212,15
120000438,7225,688,6537
120000439,84,364,-280
120000443,137,0,137
120000444,996,1012,-16
120000445,2157,1885,272
120000446,1503,469,1034
120000447,120,12,108
120000449,43,20,23
120000450,3,299,-296
120000451,74,436,-362
120000452,41,0,41
120000453,3,697,-694
120000454,196,35,161
120000455,96,111,-15
120000456,3574,3077,497
120000457,1453,1310,143
120000458,732,950,-218
120000459,61,120,-59
120000665,2623,197,2426
120000668,134,192,-58
120000669,48,544,-496
120000670,228,465,-237
120000671,980,471,509
120000672,148,670,-522
120900001,35,55,-20
120900002,779,373,406
120900003,348,61,287
120900004,18,74,-56
120900005,13,3603,-3590
120900006,277,251,26
120900007,96,247,-151
120900008,166,1486,-1320
120900009,1193,141,1052
120900010,319,53,266
120900011,600,155,445
120900012,1462,927,535
120900013,170,55,115
120900014,2,1070,-1068
120900015,282,114,168
120900016,499,73,426
120900017,4692,105,4587
120900018,52,559,-507
120900019,617,159,458
120900020,1082,916,166
120900021,419,82,337
120900022,27,515,-488
120900023,118,48,70
120900024,1561,429,1132
120900025,2303,1042,1261
120900026,177,216,-39
120900027,745,139,606
120900028,193,36,157
120900029,164,293,-129
120900030,1132,631,501
120900031,141,65,76
120900032,557,180,377
120900033,725,54,671
120900034,43,2068,-2025
120900035,79,212,-133
120900037,213,5,208
120900038,49,186,-137
120900039,66,44,22
120900040,121,6,115
120900041,165,49,116
120900042,267,103,164
120900043,24,24,0
120900044,12,588,-576
120900045,171,124,47
120900046,238,3,235
120900047,174,41,133
120900048,63,21,42
120900049,216,3,213
120900050,5430,1379,4051
120900051,176,136,40
120900052,344,2,342
120900053,105,111,-6
120900054,1684,891,793
120900055,235,3,232
120900056,293,10,283
120900057,79,18,61
120900058,249,1,248
120900059,48,5,43
120900060,60,36,24
120900061,210,366,-156
120900062,112,1,111
120900063,395,6,389
120900064,240,0,240
120900065,236,9,227
120900066,86,234,-148
120900067,220,25,195
120900068,163,2,161
120900069,106,86,20
120900071,4,0,4
120900072,379,4,375
120900073,250,123,127
120900074,216,3,213
120900076,185,1,184
120900077,4412,240,4172
120900078,467,1449,-982
120900079,395,125,270
120900080,404,3335,-2931
120900081,624,163,461
120900082,764,339,425
120900083,54,3,51
120900084,152,240,-88
120900085,149,189,-40
120900086,209,235,-26
120900087,335,152,183
120900088,213,248,-35
120900089,6966,2030,4936
120900090,93,348,-255
120900091,614,423,191
120900092,1333,1011,322
120900093,6000,399,5601
120900094,584,326,258
120900095,587,43,544
120900096,28,218,-190
120900097,704,1454,-750
120900098,339,185,154
120900099,90,81,9
120900100,49,553,-504
120900101,692,380,312
120900102,10,201,-191
120900103,53,210,-157
120900104,18,45,-27
120900105,46,1132,-1086
120900106,1639,818,821
120900107,316,147,169
120900108,6,1412,-1406
120900109,41,1043,-1002
120900110,10,1270,-1260
120900111,129,509,-380
120900112,7,2170,-2163
120900113,24,1245,-1221
120900114,22,237,-215
120900115,178,291,-113
120900116,180,918,-738
120900117,7,873,-866
120900118,12,1282,-1270
120900119,3402,7453,-4051
120900120,55,1067,-1012
120900121,60,521,-461
120900122,217,1045,-828
120900123,1,768,-767
120900124,1,1119,-1118
120900125,2,1884,-1882
120900126,1581,1632,-51
120900127,6,865,-859
120900128,1151,1524,-373
120900129,37,373,-336
120900130,0,199,-199
120900131,55,65,-10
120900132,553,581,-28
120900133,231,1583,-1352
120900134,839,558,281
120900135,7,740,-733
120900136,7,19,-12
120900137,143,111,32
120900138,31,284,-253
120900139,6,935,-929
120900140,0,76,-76
120900141,147,142,5
120900142,24,1312,-1288
120900143,4,1212,-1208
120900144,0,243,-243
120900145,57,1089,-1032
120900146,4,1299,-1295
120900147,17,364,-347
120900148,109,178,-69
120900149,0,503,-503
120900150,25,910,-885
120900151,33,865,-832
120900152,74,35,39
120900153,6,101,-95
120900154,0,594,-594
120900155,105,1568,-1463
120900156,133,505,-372
120900157,77,309,-232
120900158,31,733,-702
120900159,152,522,-370
120900160,46,545,-499
120900161,19,632,-613
120900162,15,662,-647
120900163,23,255,-232
120900164,6,1,5
120900165,4,2,2
120900166,283,190,93
120900167,608,139,469
120900169,30,605,-575
120900170,4133,1876,2257
120900171,1103,437,666
120900172,1792,243,1549
120900173,3,59,-56
120900174,11,106,-95
120900175,282,243,39
120900176,3,290,-287
120900177,1,828,-827
120900178,119,274,-155
120900179,1130,625,505
120900180,121,75,46
120900181,21,83,-62
120900182,7,883,-876
120900183,262,84,178
120900184,87,110,-23
120900185,6,445,-439
120900186,2,798,-796
120900187,323,912,-589
120900188,89,23,66
120900189,260,789,-529
120900190,19,37,-18
120900191,4,26,-22
120900192,19459,3930,15529
120900194,24,99,-75
120900195,149,282,-133
120900196,661,109,552
120900197,272,76,196
120900198,286,988,-702
120900199,259,243,16
120900200,96,213,-117
120900201,690,119,571
120900202,0,251,-251
120900203,22,100,-78
120900204,215,469,-254
120900205,44,74,-30
120900206,6,27,-21
120900207,71,1732,-1661
121000001,1053,961,92
121000002,5787,2949,2838
121000003,4651,2322,2329
121000004,3332,11304,-7972
121000005,3109,3341,-232
121000006,3799,3705,94
121000007,4756,3371,1385
121000008,11245,4539,6706
121000009,7558,6664,894
121000010,11458,8973,2485
121000011,7414,11535,-4121
121000012,12488,9733,2755
121000013,6167,8327,-2160
121000014,8496,10826,-2330
121000015,7496,7155,341
121000016,5601,6808,-1207
121000017,1525,2558,-1033
121000018,1223,1564,-341
121000019,18682,8710,9972
121000020,10381,11127,-746
121000021,6101,5548,553
121000022,1846,2007,-161
121000023,4699,4376,323
121000024,2992,3970,-978
121000025,530,1461,-931
121000026,451,165,286
121000027,1544,1036,508
121000028,797,429,368
121000029,1491,671,820
121000030,583,362,221
121000031,901,675,226
121000032,219,112,107
121000034,1584,210,1374
121000035,712,113,599
121000036,2002,1097,905
121000037,1021,583,438
121000038,867,672,195
121000039,707,358,349
121000041,481,389,92
121000042,215,385,-170
121000043,628,357,271
121000044,2191,611,1580
121000045,746,1069,-323
121000046,565,1232,-667
121000047,418,384,34
121000049,1993,703,1290
121000050,274,1198,-924
121000051,1679,464,1215
121000052,634,989,-355
121000053,671,129,542
121000054,62,357,-295
121000055,1698,1218,480
121000056,787,1261,-474
121000057,47,262,-215
121000058,948,223,725
121000059,2819,1810,1009
121000060,450,1060,-610
121000061,957,243,714
121000062,233,180,53
121000063,802,566,236
121000064,967,1003,-36
121000065,727,245,482
121000066,1006,495,511
121000067,1339,349,990
121000068,807,373,434
121000069,857,379,478
121000070,2864,1475,1389
121000071,1642,1456,186
121000072,2347,961,1386
121000073,2879,848,2031
121000074,183,171,12
121000075,40,58,-18
121000076,1490,404,1086
121000077,216,134,82
121000078,111,101,10
121000080,2901,821,2080
121000081,3206,5144,-1938
121000082,0,0,0
121000083,579,361,218
121000084,607,303,304
121000085,527,932,-405
121000086,113,779,-666
121000087,81,251,-170
121000088,383,799,-416
121000089,359,228,131
121000090,656,362,294
121000091,1535,728,807
121000092,128,105,23
121000093,159,239,-80
121000094,326,717,-391
121000095,450,632,-182
121000096,2017,2246,-229
121000097,1160,1682,-522
121000098,313,1319,-1006
121000099,359,1182,-823
121000100,597,478,119
121000101,229,336,-107
121000102,160,446,-286
121000103,140,330,-190
121000104,238,209,29
121000105,305,217,88
121000106,134,386,-252
121000107,3991,5059,-1068
121000109,1601,1152,449
121000110,299,735,-436
121000114,3838,2412,1426
121000115,1154,867,287
121000116,512,1004,-492
121000117,778,328,450
121000118,1544,373,1171
121000119,296,402,-106
121000120,226,424,-198
121000121,487,820,-333
121000123,1974,958,1016
121000127,288,179,109
121000128,961,689,272
121000129,655,484,171
121000130,364,1282,-918
121000131,2242,1664,578
121000132,2357,1648,709
121000135,212,208,4
121000136,1200,373,827
121000137,304,147,157
121000138,1105,974,131
121000139,547,55,492
121000141,555,157,398
121000142,2170,1126,1044
121000143,83,19,64
121000144,682,1741,-1059
121000145,740,1666,-926
121000146,1907,1256,651
121000147,987,677,310
121000148,1398,1245,153
121000149,3657,1457,2200
121000152,997,1066,-69
121000153,2346,1110,1236
121000154,1029,2089,-1060
121000155,1908,1671,237
121000156,459,1496,-1037
121000157,1254,2687,-1433
121000158,306,691,-385
121000159,289,842,-553
121000160,682,1590,-908
121000161,237,379,-142
121000162,58,256,-198
121000165,1570,1389,181
121000166,36,906,-870
121000168,723,419,304
121000169,79,177,-98
121000170,398,456,-58
121000171,57,192,-135
121000172,770,574,196
121000173,1425,1040,385
121000174,260,358,-98
121000175,1119,531,588
121000176,439,228,211
121000177,2417,855,1562
121000178,162,61,101
121000179,176,64,112
121000181,308,594,-286
121000182,79,155,-76
121000183,64,53,11
121000184,153,44,109
121000185,46,162,-116
121000186,178,304,-126
121000187,174,281,-107
121000188,213,311,-98
121000192,729,517,212
121000193,830,567,263
121000194,2412,2475,-63
121000195,527,1228,-701
121000196,1885,294,1591
121000197,523,987,-464
121000198,808,108,700
121000199,255,622,-367
121000200,496,82,414
121000201,16,243,-227
121000202,3033,142,2891
121000203,806,2686,-1880
121000204,2335,709,1626
121000205,291,376,-85
121000206,188,19,169
121000207,1992,473,1519
121000208,15,513,-498
121000209,249,307,-58
121000210,300,988,-688
121000211,433,150,283
121000212,297,1256,-959
121000213,11746,3981,7765
121000214,1015,4405,-3390
121000215,1867,904,963
121000216,983,1119,-136
121000217,7578,4084,3494
121000218,1100,2038,-938
121000219,4534,1368,3166
121000220,512,64,448
121000221,184,413,-229
121000222,2689,2656,33
121000223,1449,274,1175
121000224,702,113,589
121000225,4322,1444,2878
121000226,12400,1240,11160
121000227,16,383,-367
121000228,35,1056,-1021
121000229,332,661,-329
121000230,99,2438,-2339
121000231,825,50,775
121000232,458,423,35
121000233,873,384,489
121000234,30,33,-3
121000235,60,51,9
121000236,1,56,-55
121000237,12,9,3
121000238,3,100,-97
121000239,18,4,14
121000240,8,435,-427
121000241,72,11,61
121000242,27,107,-80
121000243,271,78,193
121000244,4,56,-52
121000245,19,16,3
121000246,2,66,-64
121000247,69,1,68
121000248,732,631,101
121000249,1118,418,700
121000250,842,150,692
121000251,89,588,-499
121000252,104,62,42
121000253,660,489,171
121000254,1021,191,830
121000255,641,304,337
121000256,688,190,498
121000257,233,105,128
121000258,275,44,231
121000259,166,31,135
121000260,242,164,78
121000261,291,36,255
121000262,1001,1205,-204
121000263,465,607,-142
121000271,273,2074,-1801
121000273,426,10,416
121000274,82,67,15
121000275,7,32,-25
121000276,4,28,-24
121000278,278,79,199
121000279,138,18,120
121000280,206,42,164
121000289,233,18,215
121000290,1976,1131,845
121000294,88,168,-80
121000297,1649,1960,-311
121000299,625,244,381
121000300,777,763,14
121000302,65,847,-782
121000303,542,516,26
121000304,357,69,288
121000305,168,102,66
121000306,114,134,-20
121000308,235,626,-391
121000309,840,1044,-204
121000310,510,639,-129
121000311,105,796,-691
121000312,305,301,4
121000313,508,728,-220
121000314,258,153,105
121000315,281,421,-140
121000530,1284,2032,-748
121000531,1112,2025,-913
121000532,6538,5268,1270
121000533,2638,3611,-973
121000919,56,70,-14
121000938,220,147,73
121000939,247,120,127
121000956,841,2238,-1397
121000957,4,8,-4
121000958,566,63,503
121000959,623,1111,-488
121000960,2822,2650,172
121000961,179,83,96
121000962,285,1540,-1255
121000973,1,207,-206
121000976,17,195,-178
121000979,242,92,150
121000981,365,206,159
121000982,339,348,-9
121000983,670,690,-20
121000984,113,59,54
121000985,496,1366,-870
121000986,439,525,-86
121000987,429,2338,-1909
121000988,1111,333,778
121001302,509,210,299
121001308,18,14,4
121001309,174,57,117
121001311,0,0,0
121001313,377,675,-298
121001314,4120,4320,-200
121001315,4434,2793,1641
121001326,462,453,9
121001327,202,92,110
121001328,449,84,365
121900001,81,153,-72
121900002,200,19,181
121900003,385,5,380
121900004,358,473,-115
121900005,21,7,14
121900006,107,21,86
121900007,2678,2949,-271
121900008,635,118,517
121900009,573,20,553
121900010,231,3,228
121900011,167,407,-240
121900012,42,1,41
121900013,2434,66,2368
121900014,1707,474,1233
121900015,129,167,-38
121900016,6,37,-31
121900017,660,680,-20
121900018,309,6,303
121900019,250,364,-114
121900020,33,2,31
121900021,1586,30,1556
121900022,216,217,-1
121900023,82,379,-297
121900024,334,78,256
121900025,509,469,40
121900026,354,27,327
121900027,253,121,132
121900028,371,22,349
121900029,104,165,-61
121900030,881,1079,-198
121900031,1964,10592,-8628
121900032,71,76,-5
121900033,172,189,-17
121900034,828,87,741
121900035,3103,2675,428
121900036,101,544,-443
121900037,173,592,-419
121900038,43,115,-72
121900039,471,38,433
121900040,35,81,-46
121900041,78,166,-88
121900042,333,132,201
121900043,3,11,-8
121900044,214,70,144
121900046,283,167,116
121900047,171,59,112
121900048,20,126,-106
121900050,31,26,5
121900051,149,158,-9
121900052,103,38,65
121900053,259,600,-341
121900054,848,890,-42
121900055,2,9,-7
121900058,430,264,166
121900059,466,178,288
121900060,138,338,-200
121900062,55,89,-34
121900063,1302,305,997
121900064,238,1032,-794
121900066,50,19,31
121900067,15,23,-8
121900069,172,101,71
121900070,382,111,271
121900071,187,268,-81
121900072,17,197,-180
121900073,405,222,183
121900074,505,1045,-540
121900075,1847,397,1450
121900076,1165,695,470
121900078,71,29,42
121900079,1,0,1
121900080,802,363,439
121900082,57,101,-44
121900084,3,168,-165
121900086,14,39,-25
121900087,228,80,148
121900088,1481,2604,-1123
121900089,245,460,-215
121900090,10,91,-81
121900091,29,97,-68
121900092,80,67,13
121900093,87,65,22
121900094,18,11,7
121900095,188,158,30
121900096,1680,419,1261
121900097,579,171,408
121900098,6,0,6
121900099,225,82,143
121900100,159,224,-65
121900101,149,145,4
121900102,21,119,-98
121900103,854,140,714
121900104,1864,460,1404
121900105,234,219,15
121900106,2,1,1
121900107,40,34,6
121900108,1,24,-23
121900109,637,208,429
121900110,254,1247,-993
121900111,1030,98,932
121900112,145,80,65
121900113,164,828,-664
121900114,7,102,-95
121900117,124,28,96
121900118,2926,580,2346
121900119,150,99,51
121900120,62,2137,-2075
121900121,550,62,488
121900122,18,58,-40
121900123,292,749,-457
121900124,77,226,-149
121900125,849,1329,-480
121900127,15,84,-69
121900128,121,143,-22
121900129,774,149,625
121900130,258,306,-48
121900131,448,134,314
121900132,65,89,-24
121900133,104,439,-335
121900134,96,88,8
121900135,2324,241,2083
121900136,246,569,-323
121900137,51,361,-310
121900138,192,269,-77
121900139,484,635,-151
121900140,46,171,-125
121900141,77,12,65
121900142,113,115,-2
121900143,4,155,-151
121900144,201,280,-79
121900145,122,157,-35
121900146,755,862,-107
121900147,101,182,-81
121900148,228,285,-57
121900149,664,864,-200
121900150,111,152,-41
121900151,53,253,-200
121900152,132,174,-42
121900153,83,415,-332
121900154,12,210,-198
121900155,1,60,-59
121900156,176,77,99
121900157,1,506,-505
121900158,122,57,65
121900159,2,246,-244
121900160,6,357,-351
121900161,470,373,97
121900162,104,114,-10
121900163,201,833,-632
121900164,597,216,381
121900165,239,224,15
121900166,285,175,110
121900167,143,102,41
121900168,241,164,77
121900169,2,439,-437
121900170,3,309,-306
121900171,540,658,-118
121900172,450,338,112
121900173,1091,253,838
121900174,26,57,-31
121900175,375,113,262
121900176,787,2155,-1368
121900177,146,128,18
121900178,32,90,-58
121900179,401,115,286
121900180,6018,3318,2700
121900182,1625,307,1318
121900183,441,700,-259
121900184,38,544,-506
121900186,14,245,-231
121900187,38,158,-120
121900188,545,733,-188
121900189,23,54,-31
121900190,277,752,-475
121900191,50,299,-249
121900192,400,836,-436
121900193,64,200,-136
121900194,7,109,-102
121900195,101,48,53
121900196,1210,1542,-332
121900197,309,2340,-2031
121900198,1075,1779,-704
121900199,2,11,-9
121900200,305,255,50
121900201,1193,525,668
121900202,197,475,-278
121900203,174,936,-762
121900204,1271,2107,-836
121900205,33,102,-69
121900206,19,3,16
121900207,173,49,124
121900208,263,219,44
121900209,28,27,1
121900210,2152,1253,899
121900211,447,1680,-1233
121900212,109,106,3
121900213,122,117,5
121900214,1,626,-625
121900215,47,68,-21
121900216,214,95,119
121900217,184,111,73
121900218,307,508,-201
121900220,86,6,80
121900221,292,674,-382
121900222,154,162,-8
121900223,195,87,108
121900224,95,70,25
121900225,580,105,475
121900226,189,413,-224
121900227,177,503,-326
121900228,256,493,-237
121900230,192,137,55
121900231,363,579,-216
121900232,388,491,-103
121900233,224,162,62
121900234,456,486,-30
121900235,427,312,115
121900236,365,189,176
121900237,300,250,50
121900238,202,259,-57
121900239,90,30,60
121900240,102,85,17
121900241,39,70,-31
121900242,1,0,1
121900243,0,0,0
121900244,2,0,2
121900245,193,91,102
121900246,2445,500,1945
121900248,1283,1217,66
121900250,255,240,15
121900251,204,39,165
121900252,595,125,470
121900253,190,1058,-868
121900254,703,261,442
121900255,183,115,68
121900258,3111,2484,627
121900259,341,685,-344
121900260,33,163,-130
121900261,166,775,-609
121900262,521,1891,-1370
121900263,154,364,-210
121900264,2335,2163,172
121900265,338,359,-21
121900266,239,239,0
121900267,81,40,41
121900269,116,528,-412
121900270,14,184,-170
121900271,26,121,-95
121900273,1191,2693,-1502
121900274,304,198,106
121900277,410,1702,-1292
121900278,305,994,-689
121900279,143,237,-94
121900280,362,337,25
121900281,446,159,287
121900284,35,13,22
121900286,52,101,-49
121900287,9,12,-3
121900288,7,3,4
121900290,337,289,48
121900291,674,850,-176
121900292,435,177,258
121900293,1225,3788,-2563
121900294,256,2,254
121900295,154,307,-153
121900296,148,76,72
121900298,794,580,214
121900299,0,0,0
121900300,38,0,38
121900301,52,0,52
121900302,0,50,-50
121900303,1123,449,674
121900304,27,9,18
121900305,2,9,-7
121900306,48,2,46
121900307,34,3,31
121900308,17,345,-328
121900309,11,291,-280
121900310,19,454,-435
121900311,262,11,251
121900312,169,22,147
121900313,528,24,504
121900314,8,54,-46
121900315,13,0,13
121900316,0,44,-44
121900317,0,3,-3
121900318,4,31,-27
121900319,27,251,-224
121900320,97,142,-45
121900321,1,1,0
121900322,1,24,-23
121900323,37,12,25
121900324,14,109,-95
121900325,0,0,0
121900326,0,21,-21
121900327,3,35,-32
121900328,0,21,-21
121900329,1,179,-178
121900330,0,23,-23
121900331,221,19,202
121900332,62,35,27
121900333,26,2,24
121900334,256,90,166
122000001,2223,3725,-1502
122000002,4940,1645,3295
122000003,1819,1809,10
122000004,2912,1335,1577
122000005,3293,1235,2058
122000006,3576,624,2952
122000007,1873,1782,91
122000008,5377,5210,167
122000009,485,387,98
122000010,1916,3439,-1523
122000011,3202,2107,1095
122000012,2087,967,1120
122000013,5178,1961,3217
122000014,2318,4219,-1901
122000015,1551,1059,492
122000016,746,733,13
122000017,1122,1038,84
122000018,1424,992,432
122000019,1257,1862,-605
122000020,118,227,-109
122000021,591,338,253
122000022,1681,1930,-249
122000023,653,4224,-3571
122000024,1201,880,321
122000025,3676,1150,2526
122000026,1838,728,1110
122000027,609,8429,-7820
122000028,651,407,244
122000029,582,263,319
122000030,353,184,169
122000031,309,339,-30
122000032,2761,5696,-2935
122000033,1941,970,971
122000034,1439,659,780
122000035,307,1359,-1052
122000036,645,644,1
122000037,368,312,56
122000038,279,395,-116
122000039,734,756,-22
122000040,402,1316,-914
122000041,713,616,97
122000042,704,512,192
122000043,126,147,-21
122000044,130,228,-98
122000045,2260,671,1589
122000046,1453,1764,-311
122000047,338,207,131
122000048,3344,6205,-2861
122000049,5902,2151,3751
122000050,2933,728,2205
122000051,966,336,630
122000052,816,222,594
122000053,197,585,-388
122000054,2545,2048,497
122000055,3705,2399,1306
122000056,5122,5359,-237
122000057,3400,3322,78
122000058,5814,1024,4790
122000059,3495,1420,2075
122000060,918,591,327
122000061,559,372,187
122000062,1513,303,1210
122000063,1837,644,1193
122000064,6477,2704,3773
122000065,8171,2628,5543
122000066,750,372,378
122000067,5070,1646,3424
122000068,2094,2931,-837
122000069,1425,866,559
122000070,835,7857,-7022
122000071,1143,2576,-1433
122000072,399,412,-13
122000073,709,590,119
122000074,3570,1918,1652
122000075,604,2725,-2121
122000076,1548,1095,453
122000077,1658,609,1049
122000078,3549,2247,1302
122000079,2995,1076,1919
122000080,1810,446,1364
122000081,233,477,-244
122000082,1175,709,466
122000083,1424,5367,-3943
122000084,1434,946,488
122000085,342,4140,-3798
122000086,2517,8415,-5898
122000087,349,147,202
122000088,233,258,-25
122000089,10422,5595,4827
122000090,451,531,-80
122000091,794,44,750
122000092,469,20,449
122000093,3128,502,2626
122000094,9683,1881,7802
122000095,3142,3343,-201
122000096,2949,2420,529
122000098,2334,1156,1178
122000099,6424,621,5803
122000100,1940,893,1047
122000101,275,2273,-1998
122000102,2060,1174,886
122000103,2708,1560,1148
122000104,291,208,83
122000105,387,276,111
122000106,522,464,58
122000107,974,600,374
122000108,400,844,-444
122000109,357,555,-198
122000110,428,472,-44
122000111,3049,1236,1813
122000112,799,1916,-1117
122000113,832,732,100
122000114,4957,1466,3491
122000115,4114,3063,1051
122000116,305,428,-123
122000117,1000,385,615
122000118,310,625,-315
122000119,2257,1328,929
122000120,2378,2440,-62
122000121,2445,2262,183
122000122,1379,1564,-185
122000123,1995,1473,522
122000124,1376,662,714
122000125,386,572,-186
122000126,562,751,-189
122000127,1144,854,290
122000128,820,1034,-214
122000129,370,1730,-1360
122000130,2517,576,1941
122000131,1424,721,703
122000132,853,368,485
122000133,1364,2294,-930
122000134,594,616,-22
122000135,1047,851,196
122000136,546,418,128
122000137,1367,808,559
122000139,2678,4465,-1787
122000140,2708,645,2063
122000141,5503,1165,4338
122000142,1062,732,330
122000143,444,318,126
122000144,2246,1123,1123
122000145,3267,755,2512
122000146,1063,764,299
122000147,1645,550,1095
122000148,1516,779,737
122000149,1426,1221,205
122000150,1624,874,750
122000151,93,67,26
122000152,811,665,146
122000153,357,338,19
122000154,423,212,211
122000155,1436,2713,-1277
122000156,938,1000,-62
122000157,3540,1840,1700
122000158,541,577,-36
122000159,1728,1735,-7
122000160,3349,1158,2191
122000161,1261,874,387
122000162,2020,1918,102
122000163,192,37,155
122000164,39,48,-9
122000165,915,810,105
122000166,1975,2165,-190
122000167,158,179,-21
122000168,269,635,-366
122000169,812,254,558
122000170,282,325,-43
122000171,28,63,-35
122000172,1416,2047,-631
122000173,1426,2435,-1009
122000174,2107,2312,-205
122000175,1563,349,1214
122000176,478,737,-259
122000177,2475,1397,1078
122000178,3550,6413,-2863
122000179,2215,3457,-1242
122000180,1567,985,582
122000181,3466,3262,204
122000182,1660,1573,87
122000183,2016,1603,413
122000184,1991,1949,42
122000185,1181,1516,-335
122000186,861,889,-28
122000187,3405,1289,2116
122000188,350,231,119
122000189,289,553,-264
122000190,2335,1187,1148
122000191,1483,713,770
122000192,1359,419,940
122000193,506,487,19
122000194,1568,278,1290
122000195,377,435,-58
122000196,1030,685,345
122000197,615,577,38
122000198,1085,887,198
122000199,766,412,354
122000200,2211,1252,959
122000201,1156,1365,-209
122000202,1798,1674,124
122000203,2570,1194,1376
122000204,1828,2439,-611
122000205,1637,2184,-547
122000206,2831,898,1933
122000207,1628,1339,289
122000208,5211,1828,3383
122000209,6392,602,5790
122000210,2987,2365,622
122000211,3520,1157,2363
122000212,905,482,423
122000213,1409,1261,148
122000214,2230,2049,181
122000215,2591,2033,558
122000217,3505,1477,2028
122000218,1114,172,942
122000219,2429,1189,1240
122000220,939,634,305
122000221,188,573,-385
122000222,622,153,469
122000223,1533,519,1014
122000225,983,439,544
122000226,1587,2521,-934
122000227,359,4804,-4445
122000228,324,451,-127
122000229,51,472,-421
122000230,58,777,-719
122000231,326,969,-643
122000232,780,1256,-476
122000233,1,169,-168
122000234,286,397,-111
122000235,980,322,658
122000236,653,164,489
122000237,98,127,-29
122000238,187,374,-187
122000239,532,180,352
122000240,1478,532,946
122000241,1044,581,463
122000242,631,124,507
122000243,214,137,77
122000244,80,621,-541
122000245,68,316,-248
122000246,205,202,3
122000247,698,1152,-454
122000248,2140,2707,-567
122000249,592,1033,-441
122000250,1674,1624,50
122000251,220,429,-209
122000252,531,136,395
122000253,30,268,-238
122000254,163,108,55
122000255,733,1889,-1156
122000256,406,1950,-1544
122000257,192,596,-404
122000258,101,243,-142
122000259,14,936,-922
122000260,265,1290,-1025
122000261,22,308,-286
122000262,1,115,-114
122000263,257,152,105
122000264,1970,737,1233
122000265,4728,1137,3591
122000266,11233,727,10506
122000267,149,170,-21
122000268,226,455,-229
122000269,1981,371,1610
122000270,3910,162,3748
122000271,1157,1452,-295
122000272,354,1414,-1060
122000273,478,689,-211
122000274,261,487,-226
122000275,196,372,-176
122000276,425,549,-124
122000277,902,1391,-489
122000278,988,1696,-708
122000279,115,329,-214
122000280,905,698,207
122000281,708,628,80
122000282,169,167,2
122000283,401,82,319
122000284,120,123,-3
122000285,514,126,388
122000286,104,199,-95
122000287,932,1591,-659
122000288,399,341,58
122000291,1015,643,372
122000293,535,278,257
122000294,104,254,-150
122000295,1605,307,1298
122000296,71,651,-580
122000297,3234,2295,939
122000299,864,1665,-801
122000300,558,636,-78
122000301,17994,3083,14911
122000302,973,1766,-793
122000303,3876,1252,2624
122000304,63,277,-214
122000305,733,1067,-334
122000306,22,949,-927
122000307,119,103,16
122000309,132,74,58
122000310,98,93,5
122000311,258,228,30
122000312,188,95,93
122000313,129,62,67
122000314,184,290,-106
122000315,248,18,230
122000316,514,241,273
122000317,1107,274,833
122000318,165,375,-210
122000319,227,871,-644
122000320,420,3388,-2968
122000321,212,450,-238
122000322,2395,5410,-3015
122000323,1833,2694,-861
122000324,2227,2262,-35
122000325,989,1232,-243
122000326,48,203,-155
122000327,404,582,-178
122000328,2083,899,1184
122000330,2383,676,1707
122000333,10,296,-286
122000337,876,2325,-1449
122000338,769,713,56
122000340,794,326,468
122000342,4193,1237,2956
122000343,499,2016,-1517
122000344,32,32,0
122000345,226,258,-32
122000346,286,704,-418
122000348,570,978,-408
122000349,91,756,-665
122000351,101,283,-182
122000352,275,136,139
122000353,98,138,-40
122000355,169,173,-4
122000356,3645,1536,2109
122000357,32,25,7
122000358,0,67,-67
122000359,0,27,-27
122000360,0,42,-42
122000362,10,114,-104
122000364,109,510,-401
122000365,0,46,-46
122000366,14,1,13
122000368,810,792,18
122000370,10,55,-45
122000371,22,0,22
122000372,6,1,5
122000381,45,472,-427
122000382,64,408,-344
122000384,8020,3279,4741
122000385,34,0,34
122000386,2445,1562,883
122000387,2408,880,1528
122000388,5446,521,4925
122000389,554,727,-173
122000390,1288,423,865
122000391,566,117,449
122000392,277,265,12
122000393,262,951,-689
122000394,611,339,272
122000395,166,257,-91
122000396,414,174,240
122000399,151,97,54
122000400,465,509,-44
122000401,160,141,19
122000402,206,175,31
122000403,282,1583,-1301
122000404,59,314,-255
122000408,553,1115,-562
122000503,7,189,-182
122000524,241,121,120
122000544,100,7717,-7617
122000614,775,591,184
122000616,250,3,247
122000640,56,168,-112
122000641,67,570,-503
122000642,1340,1517,-177
122000643,95,314,-219
122000644,431,80,351
122000645,799,694,105
122000651,3523,748,2775
122000664,342,120,222
122000665,934,560,374
122000666,555,1361,-806
122000673,48,466,-418
122000674,93,57,36
122000675,2056,2001,55
122000686,84,1034,-950
122000687,2442,180,2262
122000688,164,1097,-933
122000689,631,182,449
122000690,833,789,44
122000691,300,3713,-3413
122000692,1649,987,662
122000693,788,3029,-2241
122000695,190,497,-307
122000696,238,410,-172
122000698,446,1498,-1052
122000699,146,60,86
122000701,2677,822,1855
122000702,608,3270,-2662
122000703,201,88,113
122000712,0,0,0
122000717,3188,240,2948
122000718,848,2398,-1550
122000719,229,78,151
122000720,314,478,-164
122000724,275,446,-171
122900001,30,6,24
122900002,1585,4724,-3139
122900003,538,35,503
122900004,630,34,596
122900005,55,39,16
122900006,789,288,501
122900007,193,23,170
122900008,711,51,660
122900009,723,409,314
122900010,208,231,-23
122900012,193,270,-77
122900014,176,347,-171
122900015,2715,551,2164
122900016,207,356,-149
122900017,769,923,-154
122900018,323,10,313
122900020,471,450,21
122900021,75,667,-592
122900022,628,1138,-510
122900023,208,218,-10
122900024,86,111,-25
122900025,9,119,-110
122900026,135,270,-135
122900027,107,965,-858
122900028,130,188,-58
122900029,6344,4061,2283
122900030,1839,434,1405
122900031,317,195,122
122900032,125,354,-229
122900033,231,143,88
122900034,4580,10942,-6362
122900035,22,7,15
122900036,59,474,-415
122900037,534,105,429
122900038,252,3684,-3432
122900039,77,476,-399
122900040,580,335,245
122900041,224,164,60
122900042,190,266,-76
122900043,1031,231,800
122900044,147,419,-272
122900045,93,123,-30
122900046,120,93,27
122900047,600,214,386
122900048,22,387,-365
122900049,2939,169,2770
122900051,195,147,48
122900052,73,167,-94
122900053,14,15,-1
122900055,472,126,346
122900057,588,34,554
122900061,449,175,274
122900062,400,518,-118
122900063,205,394,-189
122900064,1259,583,676
122900065,670,165,505
122900066,493,251,242
122900067,1727,917,810
122900069,251,1558,-1307
122900070,340,57,283
122900071,136,484,-348
122900073,29,408,-379
122900074,474,782,-308
122900075,4,95,-91
122900076,7,303,-296
122900077,2,172,-170
122900078,90,208,-118
122900080,73,32,41
122900081,887,182,705
122900082,1117,257,860
122900083,189,137,52
122900084,2,248,-246
122900086,4,28,-24
122900087,296,527,-231
122900088,39,79,-40
122900089,51,184,-133
122900090,17,948,-931
122900091,158,0,158
122900092,0,121,-121
122900093,1,424,-423
122900094,5,290,-285
122900095,166,1,165
122900096,249,587,-338
122900097,43,39,4
122900098,117,125,-8
122900099,17,7,10
122900100,410,199,211
122900101,1122,299,823
122900102,10,11,-1
122900103,63,3,60
122900104,72,2,70
122900105,5,3,2
122900106,5,142,-137
122900107,9,338,-329
122900108,6,407,-401
122900109,186,212,-26
123000001,1662,332,1330
123000002,6141,2736,3405
123000003,3495,3134,361
123000004,3785,4365,-580
123000005,2562,3719,-1157
123000006,2945,3975,-1030
123000007,3904,4013,-109
123000008,2794,3438,-644
123000009,6386,3525,2861
123000010,4323,4230,93
123000011,9550,912,8638
123000012,2664,2759,-95
123000013,4314,1046,3268
123000014,2162,3344,-1182
123000015,5439,1206,4233
123000016,2695,4533,-1838
123000017,3783,1730,2053
123000018,46,125,-79
123000019,164,343,-179
123000020,92,155,-63
123000021,63,387,-324
123000022,592,3074,-2482
123000023,1560,1658,-98
123000024,2258,827,1431
123000025,317,161,156
123000026,32,145,-113
123000027,637,269,368
123000028,1281,156,1125
123000029,2121,305,1816
123000030,577,615,-38
123000031,121,551,-430
123000032,229,391,-162
123000033,724,133,591
123000034,1006,967,39
123000035,250,420,-170
123000036,264,959,-695
123000037,199,365,-166
123000038,110,298,-188
123000039,562,1139,-577
123000040,1478,380,1098
123000041,1737,769,968
123000042,1793,533,1260
123000043,2103,3167,-1064
123000044,7261,2184,5077
123000045,8208,1968,6240
123000046,1149,1245,-96
123000047,2449,668,1781
123000048,49,503,-454
123000049,3859,6713,-2854
123000050,1527,2694,-1167
123000051,123,236,-113
123000052,704,2924,-2220
123000053,1555,3075,-1520
123000054,1417,2115,-698
123000055,1126,1801,-675
123000056,1071,1543,-472
123000057,21700,7014,14686
123000058,1221,1096,125
123000059,2332,3045,-713
123000060,1503,671,832
123000061,3640,1279,2361
123000063,328,489,-161
123000064,1010,338,672
123000065,6325,2862,3463
123000066,1693,951,742
123000067,760,802,-42
123000068,4922,3897,1025
123000069,7182,5116,2066
123000070,181,302,-121
123000071,389,725,-336
123000072,899,1373,-474
123000073,1168,1286,-118
123000074,3181,2912,269
123000075,796,1762,-966
123000076,832,1347,-515
123000077,1769,3177,-1408
123000078,826,1888,-1062
123000079,1248,3039,-1791
123000080,2995,3986,-991
123000081,241,939,-698
123000082,359,931,-572
123000083,1136,474,662
123000084,673,1259,-586
123000085,251,132,119
123000086,364,443,-79
123000087,713,1253,-540
123000088,1562,2559,-997
123000089,441,2272,-1831
123000090,1378,1684,-306
123000091,2541,2644,-103
123000092,2252,2519,-267
123000094,709,676,33
123000095,359,1095,-736
123000096,547,638,-91
123000097,748,1269,-521
123000098,645,938,-293
123000099,624,1405,-781
123000100,592,895,-303
123000101,689,789,-100
123000102,581,686,-105
123000104,473,524,-51
123000105,608,618,-10
123000106,622,480,142
123000107,465,723,-258
123000108,3598,1424,2174
123000111,715,561,154
123000112,503,625,-122
123000113,580,1496,-916
123000114,682,813,-131
123000115,290,420,-130
123000116,31,254,-223
123000117,1099,1384,-285
123000118,341,568,-227
123000119,897,1752,-855
123000120,944,1513,-569
123000121,530,603,-73
123000122,662,253,409
123000123,751,938,-187
123000124,847,655,192
123000125,1305,1182,123
123000126,2780,3179,-399
123000127,1527,979,548
123000128,446,451,-5
123000129,470,309,161
123000130,540,117,423
123000131,972,951,21
123000132,503,730,-227
123000133,374,505,-131
123000134,517,276,241
123000135,1424,1431,-7
123000136,290,1494,-1204
123000137,124,513,-389
123000138,164,533,-369
123000139,501,202,299
123000140,150,833,-683
123000141,661,100,561
123000142,1214,1257,-43
123000143,2832,3403,-571
123000144,31,33,-2
123000145,271,119,152
123000146,88,82,6
123000147,135,105,30
123000149,454,376,78
123000150,443,352,91
123000151,359,548,-189
123000152,93,422,-329
123000153,212,847,-635
123000154,2417,3094,-677
123000155,2832,856,1976
123000156,34,135,-101
123000157,739,988,-249
123000158,789,950,-161
123000159,4386,1862,2524
123000160,1161,872,289
123000161,1091,828,263
123000162,599,1907,-1308
123000163,399,107,292
123000164,747,191,556
123000165,300,1530,-1230
123000166,42,232,-190
123000167,164,462,-298
123000168,169,379,-210
123000169,754,159,595
123000170,78,522,-444
123000171,364,113,251
123000172,190,786,-596
123000173,750,275,475
123000174,903,384,519
123000175,1096,1525,-429
123000176,1157,350,807
123000177,393,1218,-825
123000178,931,178,753
123000179,17,374,-357
123000180,1121,396,725
123000181,285,1246,-961
123000183,127,482,-355
123000186,112,939,-827
123000187,433,8,425
123000188,325,68,257
123000189,248,252,-4
123000190,0,43,-43
123000192,47,383,-336
123000193,159,1221,-1062
123000194,593,479,114
123000195,160,26,134
123000196,99,12,87
123000197,128,43,85
123000198,43,213,-170
123000199,54,700,-646
123000200,253,51,202
123000201,297,11,286
123000202,59,1486,-1427
123000203,579,113,466
123000204,98,1332,-1234
123000205,603,2400,-1797
123000206,1245,215,1030
123000207,140,1218,-1078
123000208,610,155,455
123000209,1965,432,1533
123000210,562,2055,-1493
123000211,774,4655,-3881
123000212,3038,591,2447
123000213,854,195,659
123000215,216,255,-39
123000216,165,956,-791
123000217,228,37,191
123000218,177,633,-456
123000219,1271,133,1138
123000220,674,128,546
123000222,408,295,113
123000223,454,576,-122
123000224,459,1000,-541
123000225,228,139,89
123000226,23,351,-328
123000227,86,447,-361
123000228,244,73,171
123000229,1914,2161,-247
123000232,120,922,-802
123000233,888,263,625
123000234,245,921,-676
123000235,614,422,192
123000236,270,1033,-763
123000237,309,85,224
123000238,122,834,-712
123000239,432,2058,-1626
123000240,47,545,-498
123000241,2334,199,2135
123000243,1952,1038,914
123000244,1239,674,565
123000245,91,124,-33
123000249,557,1423,-866
123000252,770,147,623
123000253,882,461,421
123000254,591,1337,-746
123000255,1230,1495,-265
123000256,425,673,-248
123000257,2175,1782,393
123000258,2482,2281,201
123000259,320,302,18
123000260,363,492,-129
123000261,581,789,-208
123000262,172,390,-218
123000263,342,124,218
123000264,229,69,160
123000265,74,264,-190
123000266,634,1043,-409
123000267,397,428,-31
123000268,41,79,-38
123000269,30,72,-42
123000270,30,34,-4
123000271,149,84,65
123000272,933,335,598
123000273,401,615,-214
123000274,1181,584,597
123000275,357,1283,-926
123000278,5138,4817,321
123000279,79,165,-86
123000280,648,445,203
123000281,388,111,277
123000282,151,265,-114
123000283,104,80,24
123000284,62,154,-92
123000286,644,618,26
123000287,1181,441,740
123000288,1760,783,977
123000289,842,1064,-222
123000291,518,916,-398
123000294,853,314,539
123000295,1141,930,211
123000296,630,657,-27
123000297,628,1303,-675
123000298,440,858,-418
123000299,279,678,-399
123000300,2678,2283,395
123000301,300,516,-216
123000302,54,360,-306
123000303,304,92,212
123000305,1443,1216,227
123000306,96,318,-222
123000309,72,94,-22
123000310,117,52,65
123000311,24,283,-259
123000312,1625,1913,-288
123000313,749,1340,-591
123000315,56,484,-428
123000316,658,563,95
123000317,462,64,398
123000318,50,445,-395
123000329,13,24,-11
123000337,388,497,-109
123000338,718,64,654
123000339,154,318,-164
123000340,364,1589,-1225
123000342,60,269,-209
123000343,193,3,190
123000344,1852,588,1264
123000345,1464,1061,403
123000346,581,659,-78
123000352,2935,857,2078
123000353,25,239,-214
123000354,1272,25,1247
123000355,43,1842,-1799
123000356,265,9,256
123000357,1,414,-413
123000359,4,274,-270
123000360,190,161,29
123000361,1085,402,683
123000362,358,173,185
123000363,85,204,-119
123000364,1070,981,89
123000365,33,471,-438
123000366,768,2491,-1723
123000367,1362,3213,-1851
123000370,46,419,-373
123000371,129,41,88
123000372,180,47,133
123000373,36,555,-519
123000374,33,292,-259
123000375,172,76,96
123000376,1064,877,187
123000377,230,11,219
123000378,14,534,-520
123000379,5,326,-321
123000380,124,331,-207
123000381,299,40,259
123000382,1298,122,1176
123000383,427,1088,-661
123000384,765,129,636
123000385,577,981,-404
123000436,263,3194,-2931
123000507,693,775,-82
123000508,547,858,-311
123000517,156,18,138
123000518,40,355,-315
123000519,319,46,273
123000520,62,281,-219
123000521,482,246,236
123000522,350,1248,-898
123000541,3,12,-9
123000542,0,49,-49
123000565,378,29,349
123000566,112,903,-791
123000567,132,351,-219
123000575,30,1008,-978
123000576,587,44,543
123000577,248,1257,-1009
123000578,1148,77,1071
123000579,6074,5406,668
123000580,100,19,81
123000582,428,28,400
123000583,7,566,-559
123000584,197,369,-172
123000585,0,168,-168
123000586,105,3,102
123000596,275,229,46
123000597,83,198,-115
123000602,34,23,11
123000603,416,70,346
123000604,883,1070,-187
123000605,1348,13,1335
123000606,0,430,-430
123000609,29,294,-265
123000610,160,129,31
123000613,16,222,-206
123000615,31,327,-296
123000616,124,77,47
123000617,120,571,-451
123000618,92,748,-656
123000619,349,94,255
123000620,97,3655,-3558
123000622,1039,76,963
123000624,109,154,-45
123000630,1736,1214,522
123000631,9170,4996,4174
123000632,3094,2630,464
123000633,39,877,-838
123000634,168,86,82
123000635,368,135,233
123000636,36,840,-804
123000637,180,42,138
123000638,547,306,241
123000639,1943,3778,-1835
123000640,46,1301,-1255
123000648,1205,264,941
123000649,411,1499,-1088
123000650,159,174,-15
123000651,513,583,-70
123000652,254,180,74
123000653,119,802,-683
123000654,547,573,-26
123000655,81,733,-652
123000656,692,174,518
123000657,13,100,-87
123000658,87,19,68
123900001,1684,69,1615
123900002,56,1495,-1439
123900003,491,784,-293
123900005,301,115,186
123900006,586,77,509
124000001,1902,68,1834
124000002,30,1117,-1087
124000003,514,120,394
124000004,75,820,-745
124000005,756,328,428
124000006,307,1595,-1288
124000007,707,99,608
124000008,26,879,-853
124000009,432,323,109
124000010,190,835,-645
124000011,1777,331,1446
124000012,668,793,-125
124000017,127,129,-2
124000018,68,98,-30
124000019,98,93,5
124000020,42,174,-132
124000021,169,42,127
124000022,132,229,-97
124000023,1157,213,944
124000024,1240,872,368
124000025,887,507,380
124000026,812,768,44
124000027,1266,751,515
124000028,3075,1280,1795
124000031,1423,1806,-383
124000032,6601,1659,4942
124000033,924,952,-28
124000034,1678,1607,71
124000035,244,104,140
124000036,162,860,-698
124000037,375,696,-321
124000038,33,113,-80
124000039,1163,385,778
124000040,664,731,-67
124000041,319,175,144
124000042,80,472,-392
124000043,98,176,-78
124000044,53,364,-311
124000045,575,767,-192
124000046,247,970,-723
124000047,1072,1305,-233
124000048,888,2391,-1503
124000049,1240,884,356
124000050,657,3009,-2352
124000051,700,600,100
124000052,572,1664,-1092
124000053,447,1304,-857
124000054,953,851,102
124000055,1159,1981,-822
124000056,5643,1715,3928
124000057,915,531,384
124000058,472,1992,-1520
124000059,483,928,-445
124000060,1194,1294,-100
124000061,1488,4164,-2676
124000062,10197,2218,7979
124000063,1507,2636,-1129
124000064,4037,2344,1693
124000065,663,419,244
124000066,583,89,494
124000067,102,240,-138
124000068,46,107,-61
124000069,435,326,109
124000070,160,547,-387
124000071,106,177,-71
124000072,201,509,-308
124000073,827,164,663
124000074,257,864,-607
124000075,153,94,59
124000076,10,253,-243
124000077,1971,624,1347
124000078,2260,855,1405
124000079,680,906,-226
124000080,278,146,132
124000081,129,881,-752
124000082,36,184,-148
124000083,49,278,-229
124000084,171,381,-210
124000085,140,91,49
124000086,103,129,-26
124000087,149,125,24
124000088,220,425,-205
124000089,683,463,220
124000090,181,514,-333
124000091,1333,257,1076
124000092,372,1043,-671
124000093,96,87,9
124000094,130,560,-430
124000095,55,113,-58
124000096,85,345,-260
124000097,100,166,-66
124000098,57,194,-137
124000099,170,140,30
124000100,81,113,-32
124000101,73,190,-117
124000102,191,159,32
124000103,65,147,-82
124000104,298,192,106
124000105,58,94,-36
124000106,291,182,109
124000107,13,144,-131
124000108,102,104,-2
124000109,143,93,50
124000110,290,204,86
124000111,256,179,77
124000112,624,1102,-478
124000113,84,73,11
124000114,298,939,-641
124000115,378,1142,-764
124000116,122,117,5
124000117,126,131,-5
124000118,36,70,-34
124000119,2623,752,1871
124000120,1224,767,457
124000121,3666,951,2715
124000122,583,1433,-850
124000123,912,499,413
124000124,664,1342,-678
124000125,344,402,-58
124000126,407,715,-308
124000127,692,480,212
124000128,568,1103,-535
124000129,1903,1518,385
124000130,932,770,162
124000131,1436,528,908
124000132,1222,947,275
124000133,965,893,72
124000134,877,1105,-228
124000135,1604,1779,-175
124000136,986,1403,-417
124000137,1573,623,950
124000138,1770,1275,495
124000139,1124,84,1040
124000140,134,760,-626
124000141,577,23,554
124000142,53,968,-915
124000143,70,14,56
124000144,1,242,-241
124000145,50,23,27
124000146,15,131,-116
124000148,30,78,-48
124000149,914,464,450
124000150,337,676,-339
124000151,696,366,330
124000152,911,1710,-799
124000153,495,652,-157
124000154,360,1111,-751
124000155,1015,845,170
124000156,1995,1066,929
124000169,387,817,-430
124000170,1205,509,696
124000171,431,433,-2
124000172,672,730,-58
124000173,509,456,53
124000174,473,950,-477
124000175,24,156,-132
124000176,64,13,51
124000177,15,37,-22
124000178,26,45,-19
124000185,52,7,45
124000186,1,160,-159
124000187,5,211,-206
124000188,38,24,14
124000190,307,41,266
124000191,1488,144,1344
124000192,2788,387,2401
124000193,823,1139,-316
124000194,451,604,-153
124000195,241,553,-312
124000196,1884,1493,391
124000197,106,89,17
124000198,8,31,-23
124000201,399,1415,-1016
124000202,497,148,349
124000203,139,1201,-1062
124000204,404,736,-332
124000205,36,761,-725
124000206,308,424,-116
124000207,0,73,-73
124000209,206,493,-287
124000210,194,141,53
124000211,302,2,300
124000212,1,673,-672
124000213,240,551,-311
124000214,181,870,-689
124000215,320,27,293
124000216,4,816,-812
124000329,99,2870,-2771
124000338,57,1283,-1226
124000339,438,106,332
124000341,856,95,761
124000344,21,5,16
124000357,1640,4706,-3066
124000358,1938,3256,-1318
124000359,1245,921,324
124000360,722,897,-175
124000361,2268,752,1516
124000362,1966,1870,96
124000363,398,657,-259
124000364,936,1411,-475
124000365,974,1476,-502
124000366,3324,1757,1567
124000367,151,688,-537
124000368,339,262,77
124000369,175,254,-79
124000370,70,689,-619
124000402,34,21,13
124000403,72,15,57
124000404,7,136,-129
124000405,816,727,89
124000406,941,959,-18
124000407,3,30,-27
124000411,35,425,-390
124000412,367,20,347
124000413,1249,60,1189
124000414,57,154,-97
124000415,36,303,-267
124000416,112,494,-382
124000417,146,152,-6
124000418,99,173,-74
124000419,63,235,-172
124000420,34,128,-94
124000421,37,464,-427
124000422,73,35,38
124000423,164,48,116
124000424,3,186,-183
124000425,59,23,36
124000426,3,302,-299
124000427,95,20,75
124000428,76,39,37
124000429,19,89,-70
124000430,715,779,-64
124000431,357,826,-469
124000432,150,1219,-1069
124000439,25,20,5
124000443,2,75,-73
124000445,520,885,-365
124000446,4037,182,3855
124000447,28,211,-183
124000448,23,19,4
124000449,103,10,93
124000450,25,621,-596
124000451,5,399,-394
124000452,536,114,422
124000453,2689,4268,-1579
124000454,4218,4936,-718
124000455,4,1805,-1801
124000456,334,8,326
124000457,8,831,-823
124000458,5,560,-555
124000459,157,10,147
124000460,2,296,-294
124900001,419,322,97
124900002,203,550,-347
124900003,852,756,96
124900004,348,520,-172
124900005,272,260,12
124900006,419,539,-120
124900008,1408,516,892
124900009,101,219,-118
124900010,74,63,11
124900011,268,282,-14
124900012,377,148,229
124900013,299,202,97
124900014,273,137,136
124900015,169,209,-40
124900016,56,56,0
124900017,761,918,-157
124900018,44,36,8
124900020,59,70,-11
124900021,88,33,55
124900022,17,11,6
124900024,174,50,124
124900026,81,17,64
124900027,109,207,-98
124900028,636,152,484
124900029,7,354,-347
124900030,8,208,-200
124900031,23,451,-428
124900032,174,181,-7
124900033,91,360,-269
124900034,1,88,-87
124900035,193,482,-289
124900036,4,41,-37
124900037,116,536,-420
124900038,207,506,-299
124900039,11,16,-5
124900040,118,72,46
124900041,294,1596,-1302
124900042,74,0,74
124900043,487,1353,-866
124900044,188,2,186
124900045,550,879,-329
124900047,90,189,-99
124900048,153,218,-65
124900050,181,376,-195
124900052,108,332,-224
124900053,75,360,-285
124900054,5035,454,4581
124900055,0,147,-147
124900057,24,828,-804
124900060,75,324,-249
124900061,31,8,23
124900062,49,9,40
124900066,1,13,-12
124900067,16,245,-229
124900068,173,295,-122
124900070,36,40,-4
124900072,71,29,42
124900075,107,252,-145
124900076,35,610,-575
124900077,18,99,-81
124900078,52,17,35
124900079,975,194,781
124900080,206,962,-756
124900081,817,310,507
124900082,435,1447,-1012
124900083,193,702,-509
124900085,1220,171,1049
124900086,63,836,-773
124900087,506,63,443
124900088,494,111,383
124900089,1718,38,1680
124900090,211,257,-46
124900091,295,716,-421
124900092,383,530,-147
124900093,262,225,37
124900094,263,321,-58
124900095,57,363,-306
124900096,627,163,464
124900097,187,91,96
124900098,110,507,-397
124900099,599,438,161
124900100,175,85,90
124900101,45,280,-235
124900102,144,57,87
124900103,120,445,-325
124900104,60,361,-301
124900105,74,198,-124
124900106,293,49,244
124900107,51,8,43
124900108,168,59,109
124900111,1,79,-78
124900112,87,670,-583
124900113,121,247,-126
124900114,308,91,217
124900115,59,32,27
124900116,138,114,24
124900117,1200,128,1072
124900118,178,172,6
124900119,252,155,97
124900120,55,564,-509
124900121,141,211,-70
124900122,722,237,485
124900123,442,69,373
124900124,222,227,-5
124900125,421,3,418
124900126,11,1042,-1031
204000001,65,27,38
204000002,57,39,18
204000003,58,10,48
204000004,4,1,3
204000005,741,962,-221
204000006,1281,2934,-1653
204000011,10,75,-65
204000012,53,140,-87
204000019,570,679,-109
204000020,732,1236,-504
204000021,2742,1227,1515
204000022,544,709,-165
204000023,504,1530,-1026
204000031,173,24,149
204000032,944,56,888
204000034,17,136,-119
204000035,22,1,21
204000036,26,20,6
204000037,19,20,-1
204000038,1,18,-17
204000039,8,45,-37
204000040,6,42,-36
204000041,12,30,-18
204000042,60,26,34
204000043,15,6,9
204000044,43,6,37
204000045,21,11,10
204000046,5,1,4
204000057,10,50,-40
204000062,44,176,-132
204000068,86,298,-212
204000069,33,369,-336
204000070,103,193,-90
204000080,36,53,-17
204000085,1962,2262,-300
204000086,4626,2929,1697
204000087,56,16,40
204000088,5,111,-106
204000090,19,279,-260
204000093,30,91,-61
204000096,983,1346,-363
204000097,236,39,197
204000099,940,2308,-1368
204000100,1100,2196,-1096
204000105,2834,2215,619
204000110,785,1594,-809
204000111,636,1190,-554
204000112,1257,1189,68
204000113,588,1239,-651
204000114,719,701,18
204000115,775,546,229
204000116,825,711,114
204000119,2388,3348,-960
204000132,444,369,75
204000133,727,432,295
204000134,205,175,30
204000135,612,183,429
204000136,314,345,-31
204000138,455,448,7
204000140,227,173,54
204000141,135,105,30
204000144,9,27,-18
204000145,536,44,492
204000146,59,1325,-1266
204000147,286,331,-45
204000148,1497,78,1419
204000154,5,5,0
204000155,5,4,1
204000177,59,101,-42
204000179,8,8,0
204000180,3,53,-50
204000222,6,6,0
204000236,64,739,-675
204000238,9,64,-55
204000240,728,159,569
204000263,903,1791,-888
204000268,1230,1165,65
204000308,12,8,4
204000317,9,87,-78
204000322,23,82,-59
204000323,323,91,232
204000328,413,451,-38
204000329,225,716,-491
204000330,438,382,56
204000331,294,619,-325
205000001,1185,1996,-811
205000013,14,86,-72
205000014,17,84,-67
205000015,44,259,-215
205000016,23,227,-204
205000017,52,120,-68
205000022,500,994,-494
205000025,2381,1500,881
205000029,260,9,251
205000045,215,318,-103
205000046,115,894,-779
205000047,52,767,-715
205000048,345,2104,-1759
205000049,191,1295,-1104
205000050,2309,468,1841
205000059,0,361,-361
205000060,4,110,-106
205000061,8,40,-32
205000062,12,62,-50
205000063,28,376,-348
205000064,10,228,-218
205000065,89,844,-755
205000066,145,1215,-1070
205000067,50,1483,-1433
205000069,154,31,123
205000082,158,704,-546
205000110,83,348,-265
205000111,250,444,-194
205000112,110,198,-88
205000113,299,280,19
205000121,301,340,-39
205000123,51,254,-203
205000126,475,495,-20
205000127,724,698,26
205000128,815,566,249
205000129,945,476,469
205000130,1382,179,1203
205000131,1465,39,1426
205000132,2451,13,2438
205000133,1825,12,1813
205000134,691,1,690
205000137,85,201,-116
205000138,264,340,-76
205000139,16,110,-94
205000144,77,129,-52
205000145,193,472,-279
205000151,177,229,-52
205000152,141,131,10
205000153,212,173,39
205000154,45,255,-210
205000155,301,67,234
205000207,9,164,-155
205000233,155,50,105
205000234,0,0,0
205000243,1,0,1
205000244,0,2,-2
205000245,47,394,-347
205000249,2,42,-40
205000250,11,1,10
205000264,12,117,-105
206000027,5,11,-6
206000028,5,4,1
206000043,15,135,-120
206000053,2,8,-6
206000054,2,25,-23
206000055,1,26,-25
206000075,10,6,4
206000076,9,12,-3
206000077,19,6,13
206000078,12,8,4
206000079,6,9,-3
206000082,527,33,494
206000100,108,729,-621
206000103,5,23,-18
206000104,21,29,-8
206000105,25,26,-1
206000106,15,29,-14
206000125,41,0,41
206000157,160,702,-542
206000170,1,171,-170
206000171,5,209,-204
206000172,4,1004,-1000
206000173,1,361,-360
206000174,10,115,-105
206000175,0,176,-176
206000176,15,328,-313
206000177,1,196,-195
206000178,17,124,-107
206000179,33,82,-49
206000180,42,143,-101
206000181,3,350,-347
206000182,27,297,-270
206000183,44,944,-900
206000184,5,397,-392
206000185,10,297,-287
206000186,164,1592,-1428
206000223,19,211,-192
206000226,1,3,-2
206000227,21,3,18
206000237,35,523,-488
206000238,69,662,-593
206000239,632,1965,-1333
206000240,0,45,-45
206000241,0,128,-128
206000242,29,398,-369
206000243,10,351,-341
206000244,100,878,-778
206000245,484,89,395
206000246,82,12,70
206000247,76,27,49
206000248,439,17,422
206000252,104,30,74
206000258,43,18,25
206000315,43,10,33
206000317,505,126,379
206000318,271,68,203
206000319,571,176,395
206000320,62,63,-1
206000321,42,13,29
206000322,179,10,169
206000323,74,13,61
206000324,69,13,56
206000325,132,21,111
206000326,255,19,236
206000327,537,18,519
206000328,74,3,71
206000329,127,15,112
206000330,31,14,17
206000331,64,10,54
206000332,12,11,1
206000333,318,1,317
206000334,168,5,163
206000335,0,15,-15
206000361,11,254,-243
206000392,5,21,-16
206000405,190,0,190
206000441,18,25,-7
206000498,79,19,60
206000515,104,54,50
206000530,99,62,37
206000531,244,139,105
206000532,2711,236,2475
206000535,366,2357,-1991
206000536,45,250,-205
206000537,11,144,-133
206000613,1398,327,1071
206000784,475,42,433
207000001,219,533,-314
207000002,185,351,-166
207000003,193,237,-44
207000007,642,269,373
207000008,76,30,46
207000009,82,68,14
207000010,598,677,-79
207000012,247,368,-121
207000015,427,1964,-1537
207000019,356,100,256
207000021,685,256,429
207000022,140,170,-30
207000023,155,85,70
207000024,9,33,-24
207000025,38,110,-72
207000026,151,51,100
207000027,36,81,-45
207000028,76,264,-188
207000029,330,483,-153
207000033,298,363,-65
207000034,320,76,244
207000039,239,187,52
207000040,143,203,-60
207000041,47,48,-1
207000042,325,127,198
207000043,300,228,72
207000051,113,290,-177
207000052,8,213,-205
207000053,475,748,-273
207000054,43,158,-115
207000055,169,221,-52
207000056,374,571,-197
207000057,134,395,-261
207000058,177,665,-488
207000059,117,1199,-1082
207000060,86,399,-313
207000061,308,335,-27
207000062,239,79,160
207000063,260,235,25
207000064,423,196,227
207000065,231,292,-61
207000066,179,277,-98
207000067,67,211,-144
207000068,149,105,44
207000069,806,467,339
207000082,21,352,-331
207000083,87,423,-336
207000084,193,338,-145
207000085,194,21,173
207000086,127,6,121
207000106,14,33,-19
207000107,52,13,39
207000108,67,9,58
207000109,67,13,54
207000110,43,88,-45
207000111,82,91,-9
207000112,390,502,-112
207000114,17,39,-22
207000115,25,77,-52
207000116,14,296,-282
207000117,8,130,-122
207000118,3,99,-96
207000119,35,138,-103
207000123,189,32,157
207000124,67,21,46
207000125,68,47,21
207000126,53,66,-13
207000134,72,262,-190
207000135,38,313,-275
207000148,35,251,-216
207000149,93,40,53
207000152,215,493,-278
207000153,1032,1192,-160
207000154,545,221,324
207000159,84,321,-237
207000160,153,723,-570
207000238,0,228,-228
207000242,1,245,-244
207000248,49,44,5
207000249,182,49,133
207000250,1485,67,1418
207000251,182,76,106
207000252,97,70,27
207000278,87,109,-22
207000279,23,253,-230
207000280,327,80,247
207000281,107,1721,-1614
207000282,163,51,112
207000283,128,300,-172
207000284,99,124,-25
207000285,195,33,162
207000291,10,119,-109
207000304,183,104,79
207000306,64,472,-408
207000310,57,75,-18
207000353,319,7,312
207000356,16,22,-6
207000357,112,12,100
207000358,17,30,-13
207000415,3,248,-245
207000417,26,2,24
207000418,96,216,-120
207000438,0,4,-4
207000439,1165,551,614
207000446,177,7,170
207000460,8,17,-9
207000466,156,142,14
207000467,210,171,39
207000468,60,539,-479
207000476,7,88,-81
207000477,322,181,141
207000478,4,31,-27
207000523,0,8,-8
207000524,82,1,81
207000527,132,243,-111
207000530,204,19,185
207000531,195,7,188
207000532,54,15,39
207000534,829,52,777
207000535,51,254,-203
207000537,42,182,-140
207000540,8,320,-312
207000541,4,445,-441
207000548,9,497,-488
207000549,243,6,237
207000561,101,93,8
207000562,42,288,-246
207000567,194,283,-89
207000568,103,168,-65
207000569,346,1512,-1166
207000584,394,227,167
207000585,90,199,-109
207000587,83,56,27
207000616,3,204,-201
207000617,99,0,99
207000624,78,35,43
207000631,11,60,-49
207900008,132,296,-164
208000001,649,1244,-595
208000002,844,976,-132
208000003,1560,1209,351
208000004,2188,1355,833
208000005,35,24,11
208000019,491,1193,-702
208000020,189,681,-492
208000021,246,755,-509
208000022,793,992,-199
208000028,1441,896,545
208000033,447,1092,-645
208000034,1589,2553,-964
208000037,615,82,533
208000040,87,201,-114
208000041,778,563,215
208000042,1015,728,287
208000047,154,789,-635
208000064,3134,2374,760
208000066,1989,2535,-546
208000070,354,645,-291
208000071,490,1452,-962
208000072,437,1951,-1514
208000080,228,730,-502
208000081,321,334,-13
208000082,339,453,-114
208000083,187,518,-331
208000084,131,25,106
208000085,1957,801,1156
208000086,781,1169,-388
208000087,411,987,-576
208000089,1174,950,224
208000090,804,1364,-560
208000093,140,196,-56
208000094,596,861,-265
208000095,875,505,370
208000104,956,1776,-820
208000105,710,1675,-965
208000114,114,406,-292
208000115,552,463,89
208000116,471,1194,-723
208000117,92,205,-113
208000118,108,150,-42
208000155,935,1295,-360
208000158,2022,3802,-1780
208000186,3695,4563,-868
208000204,714,1593,-879
208000205,1258,2083,-825
208000282,5330,2411,2919
209000004,178,335,-157
209000005,30,76,-46
209000006,872,155,717
209000007,739,316,423
209000010,1007,193,814
209000011,324,324,0
209000012,151,249,-98
209000013,247,705,-458
209000014,764,1599,-835
209000025,436,68,368
209000026,887,154,733
209000027,533,1568,-1035
209000028,650,1274,-624
209000029,2301,1263,1038
209000030,1402,2133,-731
209000031,5408,3110,2298
209000034,195,347,-152
209000035,174,240,-66
209000036,277,199,78
209000037,218,382,-164
209000038,85,294,-209
209000039,72,217,-145
209000040,321,628,-307
209000041,189,512,-323
209000042,237,542,-305
209000043,773,1007,-234
209000044,206,886,-680
209000045,1748,468,1280
209000046,552,575,-23
209000047,522,287,235
209000048,960,276,684
209000049,95,201,-106
209000050,231,278,-47
209000051,339,572,-233
209000052,345,595,-250
209000062,62,211,-149
209000063,85,215,-130
209000064,43,189,-146
209000065,37,85,-48
209000066,58,69,-11
209000067,43,132,-89
209000080,37,405,-368
209000082,82,58,24
209000091,83,135,-52
209000093,112,34,78
209000094,262,162,100
209000110,61,114,-53
209000111,401,2375,-1974
209000112,1031,987,44
209000113,4594,910,3684
209000114,453,603,-150
209000115,168,297,-129
209000116,1198,817,381
209000118,100,63,37
209000119,135,10,125
209000121,213,840,-627
209000135,106,153,-47
209000142,1027,3328,-2301
209000143,338,226,112
209000144,206,114,92
209000229,191,197,-6
209000240,126,830,-704
209000259,158,164,-6
209000260,58,1205,-1147
209000261,6,674,-668
209000262,6,673,-667
209000263,0,117,-117
209000264,1,37,-36
209000265,221,5,216
209000266,41,4,37
209000267,499,3,496
209000268,610,27,583
210000037,89,31,58
210000047,79,54,25
210000048,84,74,10
210000049,82,49,33
210000052,35,153,-118
210000053,18,106,-88
210000054,87,116,-29
210000070,109,3,106
210000071,43,0,43
210000072,21,0,21
210000073,0,40,-40
210000074,0,149,-149
210000075,0,71,-71
210000076,22,150,-128
210000077,125,50,75
210000078,73,48,25
210000079,202,14,188
210000080,604,72,532
210000081,284,22,262
210000082,230,2,228
210000083,116,1,115
210000084,38,0,38
210000085,0,140,-140
210000086,1,175,-174
210000099,21,427,-406
210000100,80,397,-317
210000101,95,508,-413
210000105,52,505,-453
210000159,0,221,-221
210000163,197,335,-138
210000164,345,161,184
210000168,352,51,301
210000187,1,15,-14
210000188,1,38,-37
210000214,52,0,52
210000219,25,59,-34
210000220,58,87,-29
210000232,1,29,-28
210000233,24,123,-99
210000234,24,236,-212
210000235,44,250,-206
210000245,1,71,-70
210000246,61,5,56
210000258,8,150,-142
210000259,294,58,236
210000282,91,383,-292
210000285,2,155,-153
210000286,27,231,-204
210000290,8,9,-1
210000295,86,379,-293
210000296,145,101,44
210000320,136,124,12
210000321,90,94,-4
210000338,289,143,146
210000339,490,1443,-953
210000340,158,540,-382
210000341,262,386,-124
210000342,188,320,-132
210000343,298,313,-15
210000344,890,196,694
210000345,294,466,-172
210000346,143,208,-65
210000347,452,51,401
210000348,316,21,295
210000349,565,25,540
210000350,91,63,28
210000351,109,123,-14
210000352,64,192,-128
210000353,43,202,-159
210000354,54,178,-124
210000355,122,194,-72
210000356,269,103,166
210000357,195,77,118
210000358,618,226,392
210000359,419,114,305
210000360,309,181,128
210000361,233,196,37
210000362,246,247,-1
210000363,943,185,758
210000364,186,154,32
210000365,123,96,27
210000366,116,86,30
210000367,78,44,34
210000368,175,41,134
210000369,83,25,58
210000370,181,77,104
210000372,168,82,86
210000373,272,49,223
210000374,189,15,174
210000375,34,138,-104
210000376,189,245,-56
210000404,102,274,-172
210000439,31,77,-46
210000472,194,17,177
210000482,111,93,18
210000564,488,224,264
210000567,2,46,-44
210000568,788,3,785
211000092,29,65,-36
211000094,34,19,15
211000169,359,16,343
211000172,29,326,-297
211000209,2,31,-29
211000226,15,49,-34
211000270,23,23,0
211000275,22,33,-11
211000276,69,32,37
211000279,15,70,-55
211000281,46,66,-20
211000302,27,83,-56
211507980,1,28,-27
211977296,76,4,72
212000003,334,119,215
212000004,337,47,290
212000005,130,48,82
212000006,134,154,-20
212000008,161,253,-92
212000009,36,215,-179
212000012,48,100,-52
212000013,20,70,-50
212000014,268,180,88
212000015,298,244,54
212000016,443,574,-131
212000027,481,807,-326
212000028,252,681,-429
212000029,186,491,-305
212000030,25,59,-34
212000031,53,102,-49
212000048,49,163,-114
212000049,18,126,-108
212000050,28,11,17
212000051,131,220,-89
212000052,119,430,-311
212000053,267,690,-423
212000054,123,235,-112
212000055,113,469,-356
212000056,11,73,-62
212000057,4,43,-39
212000058,518,42,476
212000070,97,343,-246
212000077,123,885,-762
212000099,166,444,-278
212000108,488,363,125
212000111,256,198,58
212000120,243,196,47
212000138,288,38,250
212000156,16,125,-109
212000158,7,16,-9
212000159,153,80,73
212000160,357,459,-102
212000161,91,25,66
212000310,31,19,12
212000311,19,131,-112
212000374,44,11,33
213000001,48,684,-636
213000005,444,172,272
213000006,1271,234,1037
213000007,239,18,221
213000009,786,402,384
213000010,204,267,-63
213000011,374,196,178
213000012,233,460,-227
213000014,52,3,49
213000015,127,1,126
213000016,225,3,222
213000017,37,1,36
213000018,4,268,-264
213000019,0,166,-166
213000020,146,410,-264
213000021,6,119,-113
213000023,246,240,6
213000033,275,1293,-1018
213000034,582,318,264
213000035,79,490,-411
213000045,103,330,-227
213000046,163,248,-85
213000047,598,977,-379
213000056,67,103,-36
213000069,248,3,245
213000073,1,15,-14
213000074,72,521,-449
213000075,609,8,601
213000076,35,1,34
213000085,3,48,-45
213000086,25,303,-278
213000091,133,10,123
213000092,29,9,20
213000099,198,1019,-821
213000100,1610,396,1214
213000101,234,157,77
213000102,252,364,-112
213000103,1012,841,171
213000104,69,480,-411
213000105,4,113,-109
213000106,21,197,-176
213000107,186,944,-758
213000108,25,733,-708
213000109,4,307,-303
213000110,8,114,-106
213000111,20,61,-41
213000112,211,155,56
213000115,38,11,27
213000116,104,1049,-945
213000117,10,1454,-1444
213000118,330,456,-126
213000119,71,1272,-1201
213000120,95,1203,-1108
213000122,434,1005,-571
213000123,1057,1503,-446
213000124,103,1415,-1312
213000125,137,20,117
213000126,70,117,-47
213000127,171,131,40
213000128,720,794,-74
213000129,407,664,-257
213000130,266,433,-167
213000132,205,174,31
213000133,273,165,108
213000134,959,32,927
213000136,275,33,242
213000137,472,145,327
213000139,529,42,487
213000147,171,4,167
213000148,122,11,111
213000149,237,9,228
213000150,1,99,-98
213000151,6,110,-104
213000152,6,79,-73
213000153,1,36,-35
213000154,15,444,-429
213000155,26,496,-470
213000156,75,1266,-1191
213000157,1518,615,903
213000158,294,711,-417
213000159,294,1073,-779
213000163,334,130,204
213000165,406,273,133
213000171,24,202,-178
213000172,45,440,-395
213000173,7,165,-158
213000174,0,24,-24
213000175,23,70,-47
213000176,4,156,-152
213000177,7,16,-9
213000178,27,2,25
213000179,134,38,96
213000180,117,87,30
213000184,106,695,-589
213000188,340,86,254
213000189,220,50,170
213000190,843,1320,-477
213000191,258,813,-555
213000192,160,889,-729
213000193,2875,177,2698
213000194,2,26,-24
213000195,15,738,-723
213000196,305,1160,-855
213000197,253,1283,-1030
213000198,102,4,98
213000200,144,1346,-1202
213000201,108,39,69
213000202,5,1269,-1264
213000203,5308,868,4440
213000204,594,171,423
213000205,144,229,-85
213000206,662,157,505
213000207,221,35,186
213000208,270,0,270
213000209,339,3,336
213000210,1097,17,1080
213000211,91,24,67
213000212,94,16,78
213000213,54,23,31
213000218,349,894,-545
213000219,456,36,420
213000220,601,10,591
213000223,433,218,215
213000224,54,58,-4
213000225,65,19,46
213000226,46,22,24
213000227,771,428,343
213000228,194,172,22
213000229,574,64,510
213000230,379,83,296
213000232,110,1044,-934
213000233,7,20,-13
213000234,5,53,-48
213000293,39,61,-22
213000294,222,22,200
213000295,111,98,13
213000296,55,33,22
213000297,16,177,-161
213000298,23,143,-120
213000299,49,64,-15
213000300,35,5,30
213000303,8,34,-26
213000304,0,15,-15
213000305,5,12,-7
213000306,424,52,372
213000307,1143,90,1053
213000308,114,361,-247
213000309,197,73,124
213000310,150,118,32
213000311,244,786,-542
213000315,112,213,-101
213000316,109,60,49
213000322,33,61,-28
213000323,12,30,-18
213000340,154,1261,-1107
213000341,337,179,158
213000346,249,135,114
213000347,905,164,741
213000348,25,88,-63
213000349,19,2,17
213000350,328,1834,-1506
213000366,68,565,-497
213000367,172,39,133
213000379,70,132,-62
213000386,16,248,-232
213000406,101,453,-352
213000417,1425,518,907
213000425,63,35,28
213000426,73,70,3
213000427,22,348,-326
213000428,20,153,-133
213000429,18,9,9
213000430,91,778,-687
213000431,49,3,46
213000432,0,18,-18
213000433,7,180,-173
213000434,57,144,-87
213000435,36,109,-73
213000439,105,14,91
213000441,0,0,0
213000443,431,751,-320
213000445,0,147,-147
213000446,1,13,-12
213000447,8,82,-74
213000448,7,92,-85
213000449,96,0,96
213000450,10,52,-42
213000451,141,66,75
213000452,6,23,-17
213000453,69,456,-387
213000455,360,1,359
213000456,1,187,-186
213000481,22,11,11
213000482,72,6,66
213000489,518,228,290
213000491,1,269,-268
213000492,1067,4,1063
213000493,2,223,-221
213000494,83,138,-55
213000495,0,7,-7
213000496,189,275,-86
213000497,55,263,-208
213000498,80,199,-119
213000499,122,485,-363
213000500,164,65,99
213000501,45,28,17
213000502,352,69,283
213000503,7,82,-75
213000504,3,176,-173
213000505,4,159,-155
213000506,0,8,-8
213000507,1,87,-86
213900244,14,0,14
213900245,0,30,-30
218000003,70,25,45
218000004,42,24,18
218000005,43,31,12
218000006,163,37,126
218000007,9,24,-15
218000012,671,285,386
218000013,97,189,-92
218000014,407,504,-97
218000019,952,742,210
218000020,323,803,-480
218000040,8,6,2
218000046,51,156,-105
218000047,4,217,-213
218000048,27,253,-226
218000049,90,207,-117
218000050,296,391,-95
218000051,61,437,-376
218000052,0,149,-149
218000053,12,14,-2
218000054,11,22,-11
218000055,2,16,-14
218000056,18,37,-19
218000057,1,52,-51
218000064,1,20,-19
218000065,47,72,-25
218000066,14,136,-122
218000067,29,165,-136
218000068,93,129,-36
218000069,133,353,-220
218000070,110,397,-287
218000071,223,413,-190
218000072,287,352,-65
218000078,768,1613,-845
218000079,36,92,-56
218000080,62,83,-21
218000081,223,382,-159
218000082,54,220,-166
218000083,41,93,-52
218000084,90,205,-115
218000085,114,520,-406
218000086,37,219,-182
218000087,182,334,-152
218000090,4,114,-110
218000091,1054,893,161
218000092,70,238,-168
218000093,173,106,67
218000094,734,956,-222
218000099,409,643,-234
218000100,235,344,-109
218000101,216,153,63
218000102,273,375,-102
218000103,69,210,-141
218000104,100,57,43
218000105,100,17,83
218000106,11,20,-9
218000107,39,97,-58
218000108,0,68,-68
218000112,133,17,116
218000117,89,100,-11
218000134,500,1187,-687
218000135,72,170,-98
218000136,175,55,120
218000137,237,95,142
218000138,65,97,-32
218000139,170,412,-242
218000140,332,324,8
218000141,135,82,53
218000142,182,157,25
218000143,51,200,-149
218000144,83,91,-8
218000145,321,501,-180
218000146,39,162,-123
218000151,41,73,-32
218000152,246,65,181
218000170,1,31,-30
218000171,49,27,22
218000172,39,24,15
218000173,35,7,28
218000174,58,9,49
218000176,119,27,92
218000177,306,201,105
218000178,81,195,-114
218000179,92,153,-61
218000180,52,39,13
218000181,168,55,113
218000187,6,14,-8
218000188,66,68,-2
218000189,20,38,-18
218000190,1,10,-9
218000191,136,104,32
218000192,189,440,-251
218000193,393,513,-120
218000194,96,497,-401
218000195,90,140,-50
218000196,207,385,-178
218000197,139,480,-341
218000198,7,237,-230
218000199,53,39,14
218000200,102,59,43
218000201,20,16,4
218000202,365,388,-23
218000207,31,54,-23
218000208,120,86,34
218000211,83,4,79
218000213,116,99,17
218000214,9,30,-21
218000215,54,85,-31
218000217,1,216,-215
218000218,116,145,-29
218000219,279,49,230
218000220,676,396,280
218000221,3523,272,3251
218000222,95,32,63
218000223,43,298,-255
218000224,13,127,-114
218000225,166,36,130
218000226,98,99,-1
218000232,64,140,-76
218000239,104,4,100
218000240,9,4,5
218000241,8,0,8
218000242,63,3,60
218000243,16,0,16
218000244,17,3,14
218000245,17,1,16
218000246,3,0,3
218000247,0,0,0
218000248,0,22,-22
218000249,1,2,-1
218000250,10,18,-8
218000251,1,12,-11
218000252,2,33,-31
218000253,2,16,-14
218000254,0,4,-4
218000255,0,12,-12
218000256,6,94,-88
218000267,1349,1515,-166
218000268,30,62,-32
218000269,9,20,-11
218000270,84,94,-10
218000271,32,93,-61
218000273,13,15,-2
218000274,22,18,4
218000275,11,50,-39
218000276,10,45,-35
218000278,36,36,0
218000279,31,113,-82
218000280,8,89,-81
218000281,31,18,13
218000282,857,544,313
218000284,165,77,88
218000301,74,96,-22
218000302,69,44,25
218000303,89,69,20
218000316,779,2087,-1308
218000317,851,2120,-1269
218000318,384,1386,-1002
218000319,1232,2070,-838
218000320,924,1087,-163
218000338,202,35,167
218000345,210,69,141
218000346,261,274,-13
218000459,33,331,-298
218000490,230,57,173
218000501,67,66,1
218000502,22,102,-80
218000503,66,33,33
218000504,187,18,169
218000505,45,160,-115
218000506,48,258,-210
218000508,1,4,-3
218000510,223,10,213
218000520,132,135,-3
218000521,4,123,-119
218000522,0,123,-123
218000523,386,9,377
218000524,44,104,-60
218000525,86,16,70
218000526,38,103,-65
218000529,37,405,-368
218000531,23,43,-20
218000532,18,39,-21
218000534,124,36,88
218000537,29,88,-59
218000538,116,92,24
218000540,383,39,344
218000543,158,47,111
218000544,70,152,-82
218000545,48,105,-57
218000546,79,120,-41
218000547,82,121,-39
218000548,113,263,-150
218000549,331,217,114
218000550,217,436,-219
218000551,235,735,-500
218000552,577,33,544
218000553,124,122,2
218000554,169,26,143
218000555,24,61,-37
218000556,218,533,-315
218000557,355,296,59
218000558,51,0,51
218000559,0,29,-29
218000560,0,25,-25
218000561,23,0,23
218000562,70,241,-171
218000563,252,22,230
218000564,23,113,-90
218000565,194,28,166
218000566,249,20,229
218000567,0,50,-50
218000568,4,4,0
218000569,13,116,-103
218000570,86,6,80
218000571,0,113,-113
218000572,153,3,150
218000573,13,54,-41
218000574,71,62,9
218000575,132,1,131
218000576,0,103,-103
218000577,349,0,349
218000578,1,73,-72
218000585,54,1,53
218000586,6,61,-55
218000587,59,63,-4
218000589,0,2,-2
218000590,5,30,-25
218000591,8,3,5
218000592,8,0,8
218000593,2,0,2
218000594,118,4,114
218000597,5,0,5
218000598,0,0,0
218000599,15,0,15
218000600,0,0,0
218000601,12,0,12
218000602,7,16,-9
218000603,0,8,-8
218000604,12,5,7
218000605,0,27,-27
218000606,234,2,232
218000607,11,52,-41
218000608,38,128,-90
218000609,12,44,-32
218000610,22,115,-93
218000611,236,52,184
218000612,5,57,-52
218000613,85,129,-44
218000614,19,52,-33
218000615,255,9,246
218000616,10,133,-123
218000617,193,14,179
218000618,0,60,-60
218000619,15,43,-28
218000620,2,7,-5
218000621,1,7,-6
218000622,0,13,-13
218000623,164,3,161
218000624,1,20,-19
218000625,8,2,6
218000626,0,3,-3
218000628,112,26,86
218000631,55,48,7
218000632,0,113,-113
218000633,80,2,78
218000634,11,31,-20
218000635,16,12,4
218000636,713,2162,-1449
218000637,522,1014,-492
218000638,78,95,-17
218000639,21,238,-217
218000640,128,40,88
218000641,80,388,-308
218000652,61,143,-82
218000653,138,67,71
218000663,10,280,-270
218000675,127,45,82
218000680,208,926,-718
218000681,407,225,182
218000691,136,598,-462
218000693,171,296,-125
218000718,829,703,126
218000719,1575,257,1318
218000720,8,55,-47
218000721,31,15,16
218001147,14,765,-751
218001214,20,31,-11
218001258,149,3,146
218001329,301,206,95
218001330,233,194,39
218001351,26,52,-26
218001352,38,34,4
218001353,8,12,-4
218001354,27,36,-9
218001355,99,710,-611
218001356,162,14,148
218001357,41,596,-555
218001358,166,17,149
218001361,191,30,161
218001362,5,964,-959
219000001,27,115,-88
219000002,42,100,-58
219000003,48,45,3
219000004,51,76,-25
219000017,455,21,434
219000020,121,26,95
219000022,150,3,147
219000023,94,0,94
219000029,0,83,-83
219000034,123,14,109
219000039,73,73,0
219000040,73,34,39
219000041,168,42,126
219000051,0,40,-40
219000052,0,20,-20
219000053,2,258,-256
219000055,141,4,137
219000056,105,0,105
219000057,233,0,233
219000062,26,217,-191
219000063,119,13,106
219000064,4,124,-120
219000110,350,57,293
219000111,158,35,123
219000112,186,82,104
219000113,104,65,39
219000114,283,82,201
219000116,52,37,15
219000117,81,93,-12
219000118,94,89,5
219000123,417,192,225
219000124,184,101,83
219000125,24,38,-14
219000126,126,170,-44
219000127,3,5,-2
219000128,20,146,-126
219000129,38,232,-194
219000130,1128,954,174
219000131,1214,900,314
219000133,82,78,4
219000134,10,33,-23
219000135,45,93,-48
219000136,195,273,-78
219000138,68,26,42
219000139,28,67,-39
219000140,29,2,27
219000141,19,201,-182
219000142,21,147,-126
219000143,18,185,-167
219000145,33,68,-35
219000146,3,54,-51
219000147,2,58,-56
219000148,4,54,-50
219000149,14,182,-168
219000150,5,117,-112
219000151,1,43,-42
219000157,245,207,38
219000158,205,411,-206
219000161,408,21,387
219000163,2024,584,1440
219000166,141,242,-101
219000167,109,256,-147
219000168,370,135,235
219000174,426,124,302
219000175,80,9,71
219000176,44,11,33
219000177,41,8,33
219000178,23,2,21
219000179,3,10,-7
219000180,25,51,-26
219000182,97,26,71
219000183,41,43,-2
219000184,81,13,68
219000185,0,80,-80
219000186,51,55,-4
219000187,19,169,-150
219000189,215,210,5
219000190,181,334,-153
219000191,2259,1319,940
219000192,227,178,49
219000193,624,260,364
219000195,1,118,-117
219000196,8,140,-132
219000198,25,190,-165
219000199,145,282,-137
219000200,52,312,-260
219000201,89,256,-167
219000203,72,182,-110
219000204,220,234,-14
219000205,80,180,-100
219000207,240,272,-32
219000209,23,112,-89
219000210,390,236,154
219000213,32,377,-345
219000239,213,335,-122
219000240,290,428,-138
219000241,101,384,-283
219000242,85,255,-170
219000243,130,470,-340
219000244,92,182,-90
219000245,51,61,-10
219000246,99,19,80
219000247,117,64,53
219000248,687,463,224
219000249,202,121,81
219000250,177,100,77
219000251,646,155,491
219000252,396,163,233
219000253,306,79,227
219000255,97,143,-46
219000256,141,114,27
219000257,180,0,180
219000262,110,293,-183
219000263,56,392,-336
219000267,3,274,-271
219000268,7,5,2
219000269,20,8,12
219000270,11,0,11
219000271,215,34,181
219000278,0,15,-15
219000279,0,4,-4
219000283,0,39,-39
219000295,4,215,-211
219000296,141,777,-636
219000297,11,220,-209
219000298,5,304,-299
219000299,278,113,165
219000300,52,396,-344
219000301,306,400,-94
219000302,58,367,-309
219000307,17,75,-58
219000308,32,36,-4
219000311,215,78,137
219000312,589,104,485
219000313,236,53,183
219000314,57,702,-645
219000315,177,49,128
219000316,544,104,440
219000317,81,14,67
219000320,1,57,-56
219000321,0,24,-24
219000323,6,81,-75
219000325,1,45,-44
219000326,72,157,-85
219000327,59,37,22
219000328,45,64,-19
219000329,255,174,81
219000330,16,30,-14
219000331,55,43,12
219000332,42,104,-62
219000333,7,8,-1
219000335,162,13,149
219000337,18,0,18
219000338,229,0,229
219000344,52,108,-56
219000345,79,109,-30
219000346,43,240,-197
219000348,160,284,-124
219000349,65,264,-199
219000350,44,120,-76
219000351,9,3,6
219000352,210,109,101
219000353,134,93,41
219000354,98,202,-104
219000355,125,72,53
219000356,2542,858,1684
219000363,298,71,227
219000364,115,51,64
219000365,168,26,142
219000366,364,592,-228
219000368,645,549,96
219000370,1571,345,1226
219000371,10,29,-19
219000382,6,30,-24
219000383,1047,913,134
219000385,718,600,118
219000386,1046,1825,-779
219000387,4,2,2
219000390,29,23,6
219000391,13,0,13
219000397,127,110,17
219000398,55,48,7
219000401,16,144,-128
219000402,24,167,-143
219000403,155,271,-116
219000404,42,142,-100
219000407,5,57,-52
219000409,50,63,-13
219000410,54,43,11
219000411,44,13,31
219000446,337,467,-130
219000447,7,36,-29
219000448,12,42,-30
219000452,235,83,152
219000453,219,176,43
219000454,542,279,263
219000556,243,94,149
219000558,172,395,-223
219000590,25,242,-217
219000591,43,66,-23
219000592,158,567,-409
219000595,1,86,-85
219000635,141,66,75
219000636,34,158,-124
219000657,19,12,7
219000658,24,69,-45
219000673,1,21,-20
219000676,39,2,37
219000679,117,4,113
219000684,117,1,116
219000685,1,102,-101
219000686,1,2,-1
219000688,1,124,-123
219000689,67,335,-268
219000690,191,49,142
219000691,95,204,-109
219000692,119,28,91
219000693,0,18,-18
219000694,6,0,6
219000695,4,15,-11
219000698,74,0,74
219000699,0,15,-15
219000727,7,272,-265
219000728,98,4,94
219000770,28,7,21
219000771,3,50,-47
219000788,539,455,84
219001150,0,10,-10
219001151,0,2,-2
219001166,84,10,74
219001167,1,77,-76
219001178,62,1,61
220000001,82,68,14
220000002,26,247,-221
220000003,563,296,267
220000004,1208,693,515
220000005,2068,1463,605
220000006,459,1224,-765
220000007,364,967,-603
220000008,430,1373,-943
220000009,287,712,-425
220000010,312,333,-21
220000011,1002,5035,-4033
220000012,389,1218,-829
220000014,970,399,571
220000015,159,208,-49
220000017,54,383,-329
220000018,8293,2344,5949
220000019,155,352,-197
220000020,430,353,77
220000021,474,270,204
220000022,481,669,-188
220000023,159,277,-118
220000024,1976,500,1476
220000025,1171,912,259
220000026,265,211,54
220000027,23,176,-153
220000028,64,46,18
220000029,885,736,149
220000030,344,171,173
220000031,376,492,-116
220000064,22,1142,-1120
221000046,9,0,9
221000047,0,2,-2
221000048,0,5,-5
221000049,0,5,-5
221000050,17,0,17
221000055,57,44,13
221000057,53,12,41
221000068,339,129,210
221000069,326,84,242
221000070,171,29,142
221000071,76,11,65
221000072,172,17,155
221000073,175,59,116
221000074,1,25,-24
221000075,19,24,-5
221000076,23,54,-31
221000077,37,101,-64
221000081,44,5,39
221000082,56,9,47
221000083,63,6,57
221000084,3,8,-5
221000085,22,71,-49
221000086,23,151,-128
221000087,6,189,-183
221000088,15,233,-218
221000089,44,346,-302
221000090,113,566,-453
221000098,126,14,112
221000099,188,10,178
221000100,134,5,129
221000101,395,19,376
221000102,88,7,81
221000109,10,79,-69
221000110,15,170,-155
221000111,24,252,-228
221000112,7,263,-256
221000113,27,265,-238
221000114,21,238,-217
221000120,26,20,6
221000121,11,19,-8
221000122,76,25,51
221000123,24,33,-9
221000124,52,276,-224
221000155,45,8,37
221000156,146,47,99
221000175,3,19,-16
221000176,0,3,-3
221000182,58,5,53
221000241,695,263,432
221000242,139,479,-340
221000243,800,99,701
221000244,262,619,-357
221000245,220,135,85
221000246,33,357,-324
221000247,147,152,-5
221000248,265,297,-32
221000267,59,1014,-955
221000325,86,62,24
221000331,14,120,-106
221000338,51,27,24
221000378,180,39,141
221000381,133,91,42
222000282,14,1,13
222000296,0,21,-21
222000568,290,17,273
222000569,197,25,172
222000570,121,3,118
222000571,311,2,309
222000577,6,296,-290
222000578,28,244,-216
222000579,35,152,-117
222000580,110,861,-751
222000599,1,184,-183
222000600,2,397,-395
222000601,15,1112,-1097
222000603,35,27,8
222000604,11,28,-17
222000605,49,27,22
222000606,0,3,-3
222000607,2,1,1
222000608,47,7,40
222000609,50,400,-350
222000616,140,66,74
222000617,22,27,-5
222000618,5,5,0
222000620,62,7,55
222000621,120,16,104
222000623,492,4,488
222000624,330,2,328
222000625,283,29,254
222000636,102,5,97
222000686,57,2,55
222000687,64,46,18
222001066,273,1,272
222001067,8,7,1
222001068,14,51,-37
222001069,10,48,-38
222001082,9,56,-47
222001083,10,58,-48
222001084,0,29,-29
222001085,3,59,-56
222001111,13,208,-195
222001112,48,61,-13
222001313,42,7,35
222001314,7,109,-102
222001464,79,50,29
222001465,49,314,-265
222001484,98,68,30
222001485,35,80,-45
222001494,156,175,-19
222001495,148,558,-410
222001496,205,86,119
222001497,160,732,-572
222001502,12,113,-101
222001503,87,71,16
222001504,5,321,-316
222001505,197,17,180
222001506,26,224,-198
222001507,267,24,243
222001510,306,29,277
222001511,20,447,-427
222001514,478,191,287
222001515,230,692,-462
222001518,180,66,114
222001519,45,390,-345
222001527,415,34,381
222001528,59,160,-101
222001529,184,39,145
222001530,38,239,-201
222001533,100,387,-287
222001534,173,82,91
222001535,121,176,-55
222001536,134,473,-339
222001537,167,34,133
222001538,39,533,-494
222001563,296,81,215
222001564,29,840,-811
222001568,355,86,269
222001576,0,0,0
222001579,0,6,-6
222001583,6,264,-258
222001584,88,20,68
222001596,652,1667,-1015
222001597,1013,193,820
222001626,1,173,-172
222001650,74,66,8
222001651,37,132,-95
222001914,165,34,131
222001915,41,226,-185
222001968,382,192,190
222001969,546,1044,-498
222001970,248,313,-65
222001971,17,35,-18
222001972,0,22,-22
225000001,618,212,406
225000002,466,255,211
225000003,405,203,202
225000004,236,507,-271
225000005,24,118,-94
225000006,1,210,-209
225000007,4537,1540,2997
225000010,407,9,398
225000011,615,2074,-1459
225000012,110,954,-844
225000013,325,277,48
225000014,2672,145,2527
225000015,134,320,-186
225000021,759,391,368
225000027,386,796,-410
225000032,704,264,440
225000042,92,1021,-929
225000049,53,79,-26
225000050,70,19,51
225000053,12,496,-484
225000058,1208,218,990
225000067,201,290,-89
225000068,170,732,-562
225000069,306,770,-464
225000070,92,830,-738
225000071,62,421,-359
225000075,44,1675,-1631
225000076,147,188,-41
225000078,202,85,117
225000085,37,181,-144
225000086,661,96,565
225000087,328,37,291
225000088,15,244,-229
225000089,476,1090,-614
225000090,42,540,-498
225000091,144,342,-198
225000092,37,123,-86
225000093,160,618,-458
225000094,10,635,-625
225000095,437,843,-406
225000096,430,755,-325
225000098,537,356,181
225000099,410,203,207
225000100,163,166,-3
225000104,121,708,-587
225000110,14,758,-744
225000111,414,1623,-1209
225000112,859,1527,-668
225000113,289,887,-598
225000114,73,464,-391
225000115,3762,753,3009
225000116,1365,204,1161
225000117,1295,572,723
225000118,828,486,342
225000119,208,187,21
225000120,566,93,473
225000121,357,40,317
225000123,2996,19,2977
225000125,463,550,-87
225000126,2333,416,1917
225000127,1366,1132,234
225000128,501,827,-326
225000132,199,51,148
225000133,261,38,223
225000134,485,122,363
225000135,46,7,39
225000136,193,31,162
225000137,118,125,-7
225000138,572,178,394
225000143,143,247,-104
225000144,9,549,-540
225000145,38,92,-54
225000146,57,182,-125
225000147,15,523,-508
225000148,3,369,-366
225000149,66,656,-590
225000151,60,424,-364
225000155,446,760,-314
225000156,675,1159,-484
225000157,367,588,-221
225000158,182,626,-444
225000171,1,212,-211
225000180,70,0,70
225000181,1,104,-103
225000182,98,17,81
225000185,18,621,-603
225000187,84,628,-544
225000191,123,0,123
225000194,0,24,-24
225000208,0,72,-72
225000209,87,51,36
225000210,11,416,-405
225000217,1,23,-22
225000218,11,0,11
225000223,4,116,-112
225000224,492,1,491
225000225,7,186,-179
225000226,400,6,394
225000227,90,193,-103
225000228,26,20,6
225000229,0,135,-135
225000230,3,0,3
225000231,0,188,-188
225000232,46,0,46
225000241,135,0,135
225000242,0,54,-54
225000249,10,5,5
225000250,77,1349,-1272
225000251,324,18,306
226000042,423,382,41
226000043,303,465,-162
226000044,344,815,-471
226000045,254,975,-721
226000046,759,110,649
226000047,596,164,432
226000048,471,140,331
226000049,482,211,271
226000070,0,60,-60
226000071,0,136,-136
226000072,0,49,-49
226000073,0,13,-13
226000074,1,10,-9
226000084,1,36,-35
226000085,9,21,-12
226000086,11,10,1
226000087,6,12,-6
226000088,25,12,13
226000090,446,85,361
226000091,4,37,-33
226000092,1,2,-1
226000093,26,0,26
226000094,76,0,76
226000095,68,1,67
226000105,2,0,2
226000106,27,0,27
226000107,27,0,27
226000108,115,0,115
226000109,102,0,102
226000124,188,88,100
226000134,385,600,-215
226000135,882,946,-64
226000136,282,657,-375
226000137,2,378,-376
226000138,5,679,-674
226000139,4,189,-185
226000156,101,3,98
226000157,91,11,80
226000163,437,681,-244
226000202,23,994,-971
226000231,332,25,307
226000232,88,16,72
227000037,133,27,106
227000038,314,110,204
227000049,1,21,-20
227000050,1,71,-70
227000055,100,2,98
227000056,202,0,202
227000084,5,35,-30
227000085,3,36,-33
227000088,188,3,185
227000089,159,1,158
227000090,92,1,91
227000091,15,6,9
227000093,146,0,146
227000094,15,0,15
227000130,56,111,-55
227000131,13,327,-314
227000132,14,313,-299
227000133,8,240,-232
227000134,24,483,-459
227000152,0,3,-3
227000153,0,30,-30
227000155,0,28,-28
227000156,0,7,-7
227000165,4,18,-14
227000196,31,507,-476
227000199,165,47,118
227000230,19,380,-361
227000232,237,22,215
227000241,200,55,145
227000242,35,522,-487
227000243,432,105,327
227000244,213,134,79
227000245,17,421,-404
227000246,47,611,-564
227000247,265,103,162
227000248,737,48,689
227000249,68,318,-250
227000251,358,399,-41
227000252,9,366,-357
227000253,56,40,16
227000262,173,50,123
227000266,500,18,482
227000267,68,1550,-1482
227000486,887,274,613
227000655,108,27,81
227000661,343,11,332
227000680,396,23,373
229000265,10,120,-110
229000296,1,34,-33
229000297,2,60,-58
229000298,12,230,-218
229000320,4,13,-9
229000321,10,2,8
229000412,24,47,-23
229000414,16,83,-67
229000415,14,3,11
229000416,4,15,-11
229000417,15,34,-19
229000419,139,422,-283
229000440,232,78,154
229000442,21,4,17
229000443,2,12,-10
229000444,16,49,-33
229000445,48,14,34
229000446,118,11,107
229000847,42,0,42
229000848,11,0,11
229000849,150,3,147
229000851,52,0,52
229000854,0,35,-35
229000856,2,148,-146
229000857,0,45,-45
229000858,0,106,-106
229000919,6,156,-150
229000930,1,267,-266
229000937,71,16,55
229000966,55,36,19
229000981,18,79,-61
229000985,9,47,-38
229000986,0,7,-7
229000987,0,0,0
229000988,3,2,1
229000989,28,0,28
229000990,0,0,0
229000991,0,0,0
229000992,6,3,3
229000993,253,27,226
229000998,7,125,-118
229000999,85,23,62
229001034,1,12,-11
229001035,6,1,5
229001037,46,14,32
229001042,9,19,-10
229001047,2,60,-58
229001050,67,114,-47
229001200,5,0,5
229001338,2,25,-23
229001394,187,28,159
229001422,134,36,98
229001423,52,206,-154
229001431,52,48,4
229001432,76,101,-25
229001444,95,85,10
229001445,63,174,-111
229001503,176,75,101
229001504,140,277,-137
229001505,78,59,19
229001506,51,305,-254
229001509,43,55,-12
229001545,66,8,58
229001546,5,146,-141
229001553,32,9,23
229001554,24,101,-77
229001559,5,12,-7
229001560,3,21,-18
229001630,65,29,36
229001631,4,119,-115
229001635,0,4,-4
229001636,0,3,-3
229001658,1,113,-112
229001659,86,4,82
229001660,2,0,2
229001661,1,18,-17
229001662,123,0,123
229001663,0,25,-25
229002584,141,114,27
229002831,390,164,226
229002841,8,14,-6
229002842,6,20,-14
229002843,118,20,98
229002844,99,24,75
229002845,15,33,-18
229002846,51,18,33
229002847,19,3,16
229002848,2,26,-24
229002849,2,30,-28
229002850,2,0,2
229002851,114,61,53
229002852,88,26,62
229002853,114,18,96
229002854,172,33,139
229002855,38,17,21
229002856,34,29,5
229002857,4,36,-32
229002858,26,31,-5
229002859,86,13,73
229002860,103,18,85
229002861,32,60,-28
229002862,13,13,0
229002863,10,9,1
229002864,31,44,-13
229002865,14,10,4
229002866,6,8,-2
229002867,1,38,-37
229002868,21,11,10
229002869,14,108,-94
229002870,42,4,38
235000066,381,152,229
235000067,121,230,-109
235000072,22,59,-37
235000073,50,335,-285
235000074,26,59,-33
235000080,61,89,-28
235000081,47,104,-57
235000082,124,116,8
235000083,134,128,6
235000084,73,76,-3
235000085,34,63,-29
235000089,7,55,-48
235000092,6,156,-150
235000093,11,4,7
235000097,5,7,-2
235000098,29,17,12
235000099,53,38,15
235000116,76,67,9
235000117,1288,19,1269
235000133,11,284,-273
235000134,4,127,-123
235000206,1,1,0
235000207,0,0,0
235000208,3,0,3
235000209,3,0,3
235000210,3,1,2
235000212,0,15,-15
235000213,0,16,-16
235000220,0,4,-4
235000221,170,9,161
235000238,92,61,31
235000239,0,2,-2
235000242,408,348,60
235000245,893,238,655
235000246,40,90,-50
235000284,12,104,-92
235000295,139,12,127
235000305,155,46,109
235000306,80,25,55
235000307,9,1,8
235000308,20,1,19
235000309,28,1,27
235000310,98,0,98
235000311,213,7,206
235000322,0,25,-25
235000323,0,62,-62
235000324,0,9,-9
235000325,2,8,-6
235000326,7,237,-230
235000351,9,123,-114
235000352,9,57,-48
235000353,1,32,-31
235000354,4,23,-19
235000355,13,39,-26
235000356,50,8,42
235000357,10,4,6
235000358,20,12,8
235000359,10,15,-5
235000360,43,12,31
235000361,55,1,54
235000381,50,281,-231
235000382,102,42,60
235000390,9,4,5
235000391,79,18,61
235000392,116,185,-69
235000393,121,124,-3
235000395,32,45,-13
235000396,165,102,63
235000400,230,113,117
235000401,154,158,-4
235000405,90,217,-127
235000406,26,197,-171
235000407,66,97,-31
235000409,137,212,-75
235000410,43,237,-194
235000411,0,65,-65
235000485,0,10,-10
235000486,6,0,6
235000549,25,94,-69
235000550,55,145,-90
235000599,48,44,4
235000600,27,24,3
235000601,12,48,-36
235000602,65,129,-64
235000614,0,4,-4
235000648,0,14,-14
235000649,48,6,42
235000685,1,4,-3
235000815,3,27,-24
235000834,0,7,-7
235000855,35,46,-11
235000862,40,207,-167
235000891,0,3,-3
235000892,52,2,50
235000901,43,57,-14
235000907,7,26,-19
235001010,20,71,-51
235001029,482,448,34
235001030,389,219,170
235001078,108,80,28
235001079,67,93,-26
235001147,3,76,-73
235001166,8,87,-79
235001167,23,55,-32
235001169,41,243,-202
235001188,3,8,-5
235001189,2,2,0
235001197,16,36,-20
235001200,23,21,2
235001207,145,47,98
235001210,49,344,-295
235001215,63,287,-224
235001239,3,61,-58
235001244,0,8,-8
235016267,0,10,-10
277102712,0,0,0
277103813,0,2,-2
277104249,0,6,-6
277104250,0,24,-24
277104251,0,6,-6
277104252,0,13,-13
990011530,1,240,-239
990014944,2,466,-464
990015176,58,7,51
990016032,0,467,-467
990032570,3,80,-77
990070001,100,1,99
990070103,0,2,-2
990070601,0,46,-46
990070751,218,1,217
990070766,2,617,-615
990071180,771,211,560
990071343,22,0,22
990071387,0,7,-7
990071823,42,1,41
990072600,1,670,-669
990072964,2,509,-507
990073285,0,3,-3
990074393,7,1409,-1402
990074870,648,6,642
990075106,568,5,563
990075746,292,1,291
990076437,649,49,600
990076458,3,1346,-1343
997000007,187,2,185
997000041,1,94,-93
997000058,22,0,22
997000062,133,0,133
997000069,0,5,-5
997000070,0,126,-126
997000100,21,1,20
997000141,3,634,-631
997000198,154,250,-96
998000475,0,14,-14
998000736,2,333,-331
998000965,0,6,-6
998001031,0,76,-76
998001700,1,26,-25
998001899,0,1,-1
998001900,4,0,4
998003073,597,0,597
998101900,0,0,0
998102850,1,77,-76
998501927,756,484,272
998501929,100,1,99
998501930,48,0,48
998501931,147,43,104
998501932,8,2,6
998501933,35,1,34
998501937,3,2,1
998501944,0,1,-1
998501950,0,2,-2
998501970,44,17,27
998501971,0,58,-58
998501973,0,73,-73
998501974,0,312,-312
998501975,504,4,500
998501976,127,22,105
998501977,0,12,-12
998501978,27,6,21
998501979,0,22,-22
998501980,190,63,127
998501981,16,7,9
998501982,0,100,-100
998501983,0,0,0
998502006,0,1,-1
998502024,0,6,-6
998502032,0,3,-3
998502062,24,1,23
998502063,0,0,0
998502173,39,1,38
998502269,0,34,-34
998502546,2,117,-115
998502578,3,0,3
998502599,2,479,-477
998502621,1,3,-2
998601159,1,227,-226
998601292,0,27,-27
999033574,1,1689,-1688
999800001,66,42,24
999800002,0,2,-2
999800003,4,2,2
999800004,0,7,-7
999800005,0,3,-3
