ID,insum,outsum,diff
100000001,0,0,0
100000002,1229,1967,-738
100000003,1834,2330,-496
100000004,102,788,-686
100000005,1020,1462,-442
100000006,74,87,-13
100000007,291,249,42
100000008,32,18,14
100000009,31,186,-155
100000010,1,64,-63
100000011,68,47,21
100000012,54,18,36
100000013,0,10,-10
100000014,1,11,-10
100000015,355,584,-229
100000016,66,148,-82
100000017,35,67,-32
100000018,121,154,-33
100000019,312,674,-362
100000020,172,981,-809
100000021,226,142,84
100000022,188,635,-447
100000023,423,447,-24
100000025,146,610,-464
100000028,159,263,-104
100000029,16,26,-10
100000030,22,1,21
100000031,337,1040,-703
100000032,202,942,-740
100000033,123,745,-622
100000034,4,108,-104
100000035,108,479,-371
100000036,154,254,-100
100000037,240,64,176
100000038,692,240,452
100000039,67,32,35
100000040,9,82,-73
100000041,292,130,162
100000042,196,74,122
100000043,91,80,11
100000044,9,13,-4
100000045,30,57,-27
100000046,115,51,64
100000047,20,29,-9
100000048,27,77,-50
100000049,164,119,45
100000051,120,61,59
100000053,26,2,24
100000054,41,1,40
100000055,37,20,17
100000056,92,74,18
100000057,283,67,216
100000058,86,83,3
100000059,8,67,-59
100000060,155,103,52
100000061,472,115,357
100000062,235,160,75
100000063,184,99,85
100000064,208,138,70
100000065,82,43,39
100000066,55,31,24
100000067,50,116,-66
100000068,39,52,-13
100000069,34,99,-65
100000072,24,40,-16
100000073,134,208,-74
100000075,134,21,113
100000076,453,1401,-948
100000077,21,216,-195
100000078,1,52,-51
100000079,1,43,-42
100000080,8,28,-20
100000081,4,31,-27
100000102,667,1238,-571
100000103,313,271,42
100000104,220,234,-14
100000105,110,265,-155
100000106,243,1353,-1110
100000107,35,450,-415
100000108,15,61,-46
100000109,347,311,36
100000116,169,238,-69
100000117,0,47,-47
100000118,896,376,520
100000119,316,314,2
100000121,33,191,-158
100000122,105,343,-238
100000123,1070,1486,-416
100000124,455,777,-322
100000125,620,1483,-863
100000126,71,282,-211
100000127,257,200,57
100000128,6,288,-282
100000129,33,83,-50
100000130,270,208,62
100000131,62,159,-97
100000132,73,961,-888
100000133,414,240,174
100000135,171,184,-13
100000139,108,153,-45
100000140,0,0,0
100000142,131,85,46
100000143,42,21,21
100000144,330,19,311
100000147,774,2686,-1912
100000150,7,82,-75
100000151,67,700,-633
100000153,2,70,-68
100000154,0,57,-57
100000155,1,12,-11
100000156,22,28,-6
100000157,192,49,143
100000158,11,68,-57
100000159,12,259,-247
100000165,230,146,84
100000169,4,146,-142
100000174,33,50,-17
100000179,15,297,-282
100000180,7,30,-23
100000181,9,36,-27
100000188,15,16,-1
100000189,209,55,154
100000190,119,334,-215
100000191,30,199,-169
100000192,6,63,-57
100000193,40,86,-46
100000330,199,298,-99
100000355,30,31,-1
100000362,764,312,452
100000363,2186,2759,-573
100000364,77,82,-5
100000365,2999,2936,63
100000366,647,442,205
100000367,2425,2802,-377
100000368,76,25,51
100000369,99,1001,-902
100000370,11,389,-378
100000376,18,169,-151
100000379,294,1538,-1244
100000380,1411,2280,-869
100000384,1205,2369,-1164
100000385,271,2271,-2000
100000386,856,1843,-987
100000387,441,3090,-2649
100000388,710,1038,-328
100000389,939,2583,-1644
100000390,352,562,-210
100000391,1025,3038,-2013
100000392,149,472,-323
100000393,99,1394,-1295
100000394,402,826,-424
100000395,303,895,-592
100000396,496,445,51
100000397,261,1178,-917
100000398,4020,1173,2847
100000413,0,0,0
100000414,9,202,-193
100900002,0,0,0
100900003,9,47,-38
100900004,0,0,0
100900005,0,0,0
100900006,0,0,0
100900007,0,0,0
100900008,0,0,0
100900009,0,0,0
100900010,0,0,0
100900011,0,0,0
100900012,0,0,0
100900013,0,0,0
100900014,0,0,0
100900015,0,0,0
100900016,0,0,0
100900017,45,7,38
100900018,0,0,0
100900019,0,0,0
100900020,0,0,0
100900021,27,0,27
100900022,0,0,0
100900023,0,0,0
100900024,0,0,0
100900025,0,0,0
100900026,0,0,0
100900027,5,158,-153
100900028,8,6,2
100900029,0,0,0
100900030,0,1,-1
100900031,105,34,71
100900032,68,0,68
100900033,0,0,0
100900034,0,0,0
100900035,0,0,0
100900036,0,0,0
100900037,0,0,0
100900038,0,0,0
100900039,14,0,14
100900040,114,2,112
100900041,92,0,92
100900042,29,205,-176
100900043,0,0,0
100900044,27,0,27
100900045,0,0,0
100900046,53,1,52
100900047,75,4,71
100900048,0,0,0
100900049,0,0,0
100900050,0,0,0
100900051,5,0,5
100900052,2,0,2
100900053,0,0,0
100900054,0,0,0
100900055,0,0,0
100900056,0,0,0
100900057,56,13,43
100900058,0,0,0
100900059,0,0,0
100900060,0,0,0
100900061,0,0,0
100900062,0,0,0
100900063,3,99,-96
100900064,26,0,26
100900065,0,0,0
100900066,4,0,4
100900067,1,1,0
100900068,0,0,0
100900069,0,0,0
100900070,0,0,0
100900071,0,0,0
100900072,0,0,0
100900073,0,0,0
100900074,0,0,0
100900075,0,0,0
100900076,0,0,0
100900077,0,0,0
100900078,0,0,0
100900079,0,0,0
100900080,2,5,-3
100900081,0,0,0
100900082,0,0,0
100900083,0,0,0
100900085,0,4,-4
100900086,0,0,0
100900088,0,0,0
100900089,0,0,0
100900090,18,11,7
100900091,0,0,0
100900092,26,1,25
100900093,0,0,0
100900094,0,0,0
100900095,0,0,0
100900096,1,2,-1
100900097,0,0,0
100900098,0,0,0
100900099,0,0,0
100900100,0,0,0
100900101,4,0,4
100900102,0,0,0
100900103,0,0,0
100900104,0,0,0
100900105,0,0,0
100900106,0,0,0
100900107,0,0,0
100900108,0,0,0
100900109,0,0,0
100900110,1,1,0
100900111,0,0,0
100900112,0,0,0
100900113,0,0,0
100900114,0,0,0
100900115,0,0,0
100900116,14,0,14
100900117,0,0,0
100900118,0,0,0
100900119,0,0,0
100900120,2,0,2
100900121,3,0,3
100900122,0,0,0
100900123,0,0,0
100900124,0,0,0
100900125,0,0,0
100900126,0,0,0
100900127,0,0,0
100900128,0,0,0
100900129,0,0,0
100900131,0,0,0
100900133,0,0,0
100900134,0,0,0
100900135,0,0,0
100900137,0,0,0
100900138,0,0,0
100900139,0,0,0
100900140,0,0,0
100900141,0,0,0
100900142,0,0,0
100900143,0,0,0
100900144,0,0,0
100900145,0,0,0
100900147,0,0,0
100900148,0,0,0
100900149,0,0,0
100900151,0,0,0
100900152,0,0,0
100900153,0,0,0
100900154,14,0,14
100900155,0,0,0
100900156,0,0,0
100900157,0,0,0
100900159,0,0,0
100900160,0,0,0
100900161,0,0,0
100900162,0,0,0
100900163,0,0,0
100900164,0,0,0
100900165,0,0,0
100900166,0,0,0
100900167,0,0,0
100900168,0,0,0
100900169,0,1,-1
100900170,0,0,0
100900171,0,0,0
100900172,0,0,0
100900173,0,0,0
100900174,0,0,0
100900176,0,0,0
100900177,0,0,0
100900178,56,1,55
100900179,0,0,0
100900180,0,0,0
100900181,0,0,0
100900182,0,0,0
100900184,0,9,-9
100900186,0,0,0
100900187,0,0,0
100900188,0,0,0
100900189,0,0,0
100900191,0,0,0
100900192,0,0,0
100900195,2,0,2
100900197,88,65,23
100900198,0,1,-1
100900199,13,2,11
100900200,0,0,0
100900201,1,0,1
100900202,0,0,0
100900203,0,0,0
100900204,1,0,1
100900205,0,0,0
100900206,0,0,0
100900207,0,0,0
100900210,0,0,0
100900211,0,0,0
100900213,0,0,0
100900214,0,0,0
100900215,0,0,0
100900217,0,0,0
101000001,390,826,-436
101000002,109,429,-320
101000003,30,352,-322
101000004,2349,4217,-1868
101000005,1321,2409,-1088
101000006,1829,2697,-868
101000007,361,1737,-1376
101000009,801,176,625
101000010,58,181,-123
101000011,29,129,-100
101000012,8,0,8
101000013,76,271,-195
101000014,83,253,-170
101000015,452,345,107
101000016,16,238,-222
101000017,70,161,-91
101000018,508,465,43
101000020,639,112,527
101000021,73,293,-220
101000022,0,0,0
101000023,116,227,-111
101000025,44,115,-71
101000026,66,0,66
101000027,447,927,-480
101000028,222,119,103
101000029,8,320,-312
101000030,56,32,24
101000031,44,567,-523
101000032,1024,1784,-760
101000033,178,995,-817
101000034,208,382,-174
101000035,12,30,-18
101000036,259,568,-309
101000037,243,1250,-1007
101000039,199,622,-423
101000040,325,852,-527
101000041,1443,3158,-1715
101000042,14,384,-370
101000043,949,1671,-722
101000045,112,302,-190
101000046,316,875,-559
101000047,579,1209,-630
101000048,98,145,-47
101000049,42,304,-262
101000050,144,708,-564
101000051,40,1037,-997
101000052,226,768,-542
101000053,35,326,-291
101000054,226,104,122
101000055,252,886,-634
101000056,5,69,-64
101000057,93,330,-237
101000058,264,1030,-766
101000059,480,1512,-1032
101000060,80,99,-19
101000061,46,1488,-1442
101000062,66,151,-85
101000063,113,970,-857
101000064,103,284,-181
101000065,44,592,-548
101000066,71,614,-543
101000067,42,58,-16
101000068,84,164,-80
101000069,47,18,29
101000070,202,88,114
101000071,342,490,-148
101000072,1175,709,466
101000073,508,543,-35
101000074,1522,1269,253
101000075,2521,757,1764
101000077,982,393,589
101000078,635,465,170
101000079,682,448,234
101000080,270,47,223
101000081,507,398,109
101000082,758,431,327
101000083,892,526,366
101000084,86,171,-85
101000085,814,613,201
101000086,30,85,-55
101000087,98,82,16
101000088,461,507,-46
101000089,258,526,-268
101000090,161,108,53
101000091,165,117,48
101000092,564,234,330
101000093,437,237,200
101000094,31,46,-15
101000095,30,75,-45
101000096,238,255,-17
101000097,21,59,-38
101000098,87,207,-120
101000099,184,307,-123
101000100,144,500,-356
101000101,117,180,-63
101000102,22,318,-296
101000103,132,155,-23
101000104,18,190,-172
101000105,11,65,-54
101000106,3,72,-69
101000107,17,8,9
101000108,117,21,96
101000109,39,5,34
101000110,0,29,-29
101000111,30,18,12
101000113,22,146,-124
101000114,554,905,-351
101000115,0,0,0
101000116,0,0,0
101000117,0,0,0
101000119,1,23,-22
101000120,1,10,-9
101000121,0,19,-19
101000122,0,4,-4
101000123,1,4,-3
101000124,292,102,190
101000125,59,44,15
101000128,14,80,-66
101000130,358,48,310
101000131,405,294,111
101000132,9,76,-67
101000135,0,2,-2
101000136,2,14,-12
101000137,2,204,-202
101000141,193,2378,-2185
101000147,201,39,162
101000148,79,0,79
101000149,0,0,0
101000150,33,53,-20
101000151,17,14,3
101000152,16,18,-2
101000153,143,39,104
101000154,89,76,13
101000155,1,0,1
101000156,0,0,0
101000157,1,4,-3
101000160,0,0,0
101000163,56,253,-197
101000164,54,21,33
101000165,112,103,9
101000166,89,117,-28
101000168,0,0,0
101000252,670,140,530
101000254,0,0,0
101000258,251,7,244
101000261,280,35,245
101000262,202,1553,-1351
101000263,46,449,-403
101000265,0,160,-160
101000266,32,66,-34
101000269,0,0,0
101000290,36,457,-421
101000293,0,0,0
101000294,133,106,27
101000295,68,65,3
101000301,25,315,-290
101000304,494,1176,-682
101000305,777,563,214
101000328,16,350,-334
101900001,0,0,0
101900002,0,0,0
101900003,0,0,0
101900004,0,0,0
101900005,0,0,0
101900006,9,54,-45
101900007,0,0,0
101900008,0,0,0
101900009,0,0,0
101900010,0,0,0
101900011,0,0,0
101900012,0,0,0
101900013,0,0,0
101900017,0,0,0
101900018,1,0,1
101900019,0,0,0
101900020,2,0,2
101900021,0,0,0
101900022,20,1,19
101900023,0,0,0
101900026,0,0,0
101900027,0,0,0
102000001,449,1292,-843
102000002,589,193,396
102000003,262,1200,-938
102000004,383,881,-498
102000005,151,968,-817
102000006,93,750,-657
102000007,150,1222,-1072
102000008,693,889,-196
102000009,1415,1905,-490
102000010,633,751,-118
102000011,921,1788,-867
102000012,1052,868,184
102000018,173,267,-94
102000019,31,236,-205
102000026,4,48,-44
102000029,101,9,92
102000030,7,29,-22
102000031,2,19,-17
102000032,50,76,-26
102000033,148,61,87
102000034,25,22,3
102000035,14,61,-47
102000036,0,59,-59
102000037,31,1,30
102000038,9,21,-12
102000039,7,3,4
102000040,28,24,4
102000041,0,62,-62
102000042,19,76,-57
102000043,1,7,-6
102000044,128,219,-91
102000045,71,186,-115
102000046,152,56,96
102000047,140,122,18
102000048,46,140,-94
102000049,239,128,111
102000050,86,248,-162
102000051,23,81,-58
102000052,347,238,109
102000053,267,115,152
102000054,174,113,61
102000055,126,54,72
102000056,410,92,318
102000057,165,92,73
102000058,58,71,-13
102000059,148,67,81
102000060,503,564,-61
102000061,130,140,-10
102000062,502,340,162
102000063,79,322,-243
102000064,413,463,-50
102000065,12,42,-30
102000066,157,210,-53
102000067,230,1068,-838
102000068,822,487,335
102000069,6,239,-233
102000070,338,2,336
102000071,1845,2759,-914
102000072,355,394,-39
102000073,51,11,40
102000074,142,62,80
102000075,29,22,7
102000076,84,19,65
102000077,332,62,270
102000078,279,30,249
102000079,47,7,40
102000080,64,5,59
102000081,104,90,14
102000082,60,60,0
102000083,87,16,71
102000084,317,34,283
102000085,156,69,87
102000086,356,117,239
102000087,66,162,-96
102000088,96,61,35
102000089,320,95,225
102000090,83,226,-143
102000091,508,123,385
102000092,122,98,24
102000093,110,193,-83
102000094,86,63,23
102000095,107,235,-128
102000096,88,74,14
102000097,84,96,-12
102000098,67,74,-7
102000099,141,155,-14
102000100,38,147,-109
102000101,35,128,-93
102000102,92,172,-80
102000103,25,172,-147
102000104,14,56,-42
102000105,124,34,90
102000106,192,44,148
102000107,349,23,326
102000108,127,21,106
102000109,126,36,90
102000110,361,90,271
102000111,2,15,-13
102000112,18,19,-1
102000113,0,2,-2
102000114,75,93,-18
102000115,14,69,-55
102000116,25,166,-141
102000117,2,72,-70
102000118,166,680,-514
102000119,69,120,-51
102000120,60,148,-88
102000121,102,100,2
102000122,54,244,-190
102000123,37,65,-28
102000124,87,160,-73
102000125,28,56,-28
102000126,51,111,-60
102000127,106,52,54
102000128,41,198,-157
102000129,150,77,73
102000130,115,356,-241
102000131,98,196,-98
102000132,34,334,-300
102000133,855,176,679
102000134,213,101,112
102000135,8,206,-198
102000136,9,15,-6
102000137,20,8,12
102000138,49,5,44
102000139,8,18,-10
102000140,1,1,0
102000141,8,37,-29
102000142,44,23,21
102000143,38,4,34
102000144,32,4,28
102000145,21,1,20
102000146,123,17,106
102000147,22,16,6
102000148,0,0,0
102000149,48,34,14
102000150,118,16,102
102000151,4,70,-66
102000152,68,28,40
102000153,72,31,41
102000154,31,25,6
102000155,2,22,-20
102000156,10,11,-1
102000157,1,67,-66
102000158,4,95,-91
102000159,5,17,-12
102000161,28,281,-253
102000162,7,10,-3
102000163,12,152,-140
102000164,75,192,-117
102000165,0,0,0
102000166,3,19,-16
102000167,0,0,0
102000168,11,13,-2
102000169,9,145,-136
102000170,0,0,0
102000171,0,0,0
102000172,0,38,-38
102000173,38,82,-44
102000174,7,4,3
102000175,83,3,80
102000176,7,5,2
102000178,21,28,-7
102000179,108,55,53
102000180,139,31,108
102000181,220,51,169
102000182,185,66,119
102000183,456,74,382
102000184,148,48,100
102000185,809,95,714
102000186,192,42,150
102000187,113,28,85
102000188,289,173,116
102000189,107,18,89
102000190,70,433,-363
102000191,107,25,82
102000192,65,213,-148
102000193,11,10,1
102000194,5,18,-13
102000195,59,12,47
102000196,41,22,19
102000197,143,4,139
102000198,45,28,17
102000199,236,3,233
102000200,13,155,-142
102000201,147,15,132
102000202,0,7,-7
102000203,37,17,20
102000204,54,87,-33
102000205,185,94,91
102000206,60,47,13
102000207,119,109,10
102000208,14,102,-88
102000209,22,2,20
102000210,70,12,58
102000211,19,0,19
102000212,158,5,153
102000213,0,0,0
102000214,133,2,131
102000215,0,1,-1
102000216,23,44,-21
102000217,0,0,0
102000218,57,48,9
102000219,1,1,0
102000225,133,119,14
102000226,0,0,0
102000227,20,0,20
102000228,0,0,0
102000229,0,5,-5
102000230,50,69,-19
102000231,84,115,-31
102000232,4,96,-92
102000233,60,124,-64
102000234,1,187,-186
102000236,32,5,27
102000237,67,10,57
102000238,1,18,-17
102000240,0,0,0
102000241,13,2,11
102000243,2,36,-34
102000245,0,0,0
102000246,0,29,-29
102000247,18,169,-151
102000248,78,276,-198
102000249,56,0,56
102000250,0,25,-25
102000254,24,28,-4
102000266,1,8,-7
102000271,21,0,21
102000286,18,71,-53
102000297,94,85,9
102000307,0,0,0
102000316,0,0,0
102900001,95,4,91
102900002,38,0,38
102900003,0,0,0
102900005,77,3,74
102900006,14,0,14
102900007,60,0,60
102900008,40,0,40
102900009,18,0,18
102900010,20,0,20
102900011,0,0,0
102900012,0,0,0
102900013,0,0,0
102900015,0,0,0
102900016,0,0,0
102900017,0,0,0
102900018,0,0,0
102900019,0,0,0
102900020,0,0,0
102900021,0,0,0
102900022,0,0,0
102900023,0,0,0
102900024,0,0,0
102900025,0,0,0
102900026,1,112,-111
102900027,0,0,0
102900028,0,41,-41
102900029,0,0,0
102900030,7,5,2
102900031,73,7,66
102900032,0,0,0
102900033,0,0,0
102900034,48,0,48
102900035,0,0,0
102900036,0,0,0
102900037,0,0,0
102900038,0,0,0
102900039,0,0,0
102900040,0,0,0
102900041,0,0,0
102900042,0,0,0
102900043,0,0,0
102900044,0,0,0
102900045,0,0,0
102900046,0,0,0
102900047,0,0,0
102900048,0,0,0
102900049,0,0,0
102900050,0,0,0
102900051,0,0,0
102900053,0,0,0
102900054,0,0,0
102900055,0,0,0
102900056,0,0,0
102900057,0,0,0
102900058,0,0,0
102900059,0,0,0
102900060,0,0,0
102900061,0,0,0
102900062,0,0,0
102900063,91,5,86
102900064,0,11,-11
102900065,24,1,23
102900066,7,0,7
102900068,0,0,0
102900070,0,0,0
102900072,0,0,0
102900073,0,0,0
102900075,0,0,0
102900076,0,0,0
102900077,0,0,0
102900078,0,0,0
102900079,20,1,19
102900080,15,0,15
102900081,0,0,0
102900082,0,0,0
102900083,0,0,0
102900084,0,0,0
102900085,0,0,0
102900086,0,0,0
102900087,0,0,0
102900088,0,0,0
102900089,0,0,0
102900090,0,0,0
102900091,0,0,0
102900092,0,0,0
102900094,0,0,0
102900095,6,0,6
102900096,0,0,0
102900097,0,0,0
103000001,1496,931,565
103000002,953,776,177
103000003,797,722,75
103000004,138,234,-96
103000005,901,1005,-104
103000006,285,347,-62
103000007,116,129,-13
103000008,99,53,46
103000009,356,235,121
103000010,65,26,39
103000011,351,457,-106
103000012,253,779,-526
103000013,232,289,-57
103000014,404,1226,-822
103000015,96,13,83
103000016,158,343,-185
103000017,85,167,-82
103000018,82,93,-11
103000019,154,173,-19
103000020,236,379,-143
103000021,1859,1792,67
103000022,189,167,22
103000023,408,1269,-861
103000024,13,50,-37
103000025,13,273,-260
103000026,20,54,-34
103000027,40,170,-130
103000028,110,191,-81
103000029,27,55,-28
103000030,203,442,-239
103000031,298,609,-311
103000032,432,305,127
103000033,1764,1708,56
103000034,412,331,81
103000035,85,442,-357
103000036,70,142,-72
103000037,103,73,30
103000038,159,528,-369
103000039,99,114,-15
103000040,132,264,-132
103000041,616,380,236
103000042,568,68,500
103000043,391,249,142
103000044,45,11,34
103000046,13,37,-24
103000047,72,78,-6
103000048,40,23,17
103000049,2,44,-42
103000050,48,0,48
103000051,21,33,-12
103000052,18,6,12
103000053,3,21,-18
103000054,513,71,442
103000055,862,315,547
103000056,261,194,67
103000057,418,111,307
103000058,360,35,325
103000059,311,221,90
103000060,302,71,231
103000061,210,272,-62
103000062,117,85,32
103000063,220,345,-125
103000064,3,16,-13
103000065,0,26,-26
103000066,72,0,72
103000069,75,29,46
103000070,162,28,134
103000071,207,178,29
103000072,47,94,-47
103000073,357,43,314
103000074,162,21,141
103000075,7,112,-105
103000076,92,207,-115
103000077,1,58,-57
103000078,117,246,-129
103000079,74,251,-177
103000080,275,96,179
103000081,58,358,-300
103000082,160,10,150
103000083,6,64,-58
103000084,42,0,42
103000085,0,26,-26
103000086,247,212,35
103000087,29,310,-281
103000088,150,120,30
103000089,75,263,-188
103000090,2432,1906,526
103000091,644,530,114
103000092,217,143,74
103000093,47,114,-67
103000094,146,100,46
103000095,5,65,-60
103000096,268,8,260
103000097,1,93,-92
103000098,341,22,319
103000099,18,41,-23
103000100,82,61,21
103000101,375,12,363
103000102,12,58,-46
103000103,280,22,258
103000104,20,27,-7
103000105,97,7,90
103000106,2,39,-37
103000107,93,14,79
103000108,459,704,-245
103000109,161,433,-272
103000110,356,520,-164
103000111,72,120,-48
103000112,68,96,-28
103000113,47,275,-228
103000114,385,184,201
103000115,498,397,101
103000116,373,126,247
103000117,356,126,230
103000118,8,48,-40
103000119,37,98,-61
103000120,1,2,-1
103000121,26,49,-23
103000122,513,796,-283
103000125,0,14,-14
103000126,218,0,218
103000127,0,34,-34
103000128,26,0,26
103000129,0,19,-19
103000130,15,12,3
103000131,6,42,-36
103000132,4,11,-7
103000133,1,26,-25
103000134,42,107,-65
103000135,72,39,33
103000136,55,41,14
103000137,37,189,-152
103000138,80,238,-158
103000139,0,8,-8
103000140,11,5,6
103000141,0,19,-19
103000142,19,2,17
103000143,3,12,-9
103000144,45,24,21
103000145,0,6,-6
103000150,32,6,26
103000152,38,108,-70
103000153,47,180,-133
103000156,0,35,-35
103000157,55,0,55
103000159,134,32,102
103000162,29,0,29
103000163,5,14,-9
103000164,4,15,-11
103000165,24,54,-30
103000166,55,179,-124
103000167,63,35,28
103000168,80,30,50
103000169,70,137,-67
103000170,595,203,392
103000171,0,6,-6
103000172,341,78,263
103000173,5,2,3
103000174,393,103,290
103000175,83,20,63
103000176,138,183,-45
103000177,54,28,26
103000178,16,21,-5
103000179,29,0,29
103000183,76,3,73
103000185,28,3,25
103000186,122,56,66
103000187,0,3,-3
103000188,1,59,-58
103000189,195,261,-66
103000191,152,77,75
103000292,17,148,-131
103000293,18,446,-428
103000295,63,26,37
103000296,6,0,6
103000297,0,0,0
103000504,0,1,-1
103000505,0,0,0
103000506,0,12,-12
103000507,97,0,97
103000508,4,32,-28
103000509,63,61,2
103000514,0,0,0
103900001,0,0,0
103900002,0,0,0
103900003,38,2,36
103900004,2,0,2
103900005,0,0,0
103900006,0,0,0
103900007,0,0,0
103900008,0,0,0
103900009,39,0,39
103900010,59,0,59
103900011,0,0,0
103900012,0,14,-14
103900013,0,0,0
103900014,1,0,1
103900015,14,0,14
103900016,0,0,0
103900017,0,0,0
103900018,0,0,0
103900019,3,26,-23
103900020,0,0,0
103900021,15,0,15
103900022,55,2,53
103900023,33,0,33
103900024,0,2,-2
103900025,0,0,0
103900026,0,0,0
103900027,4,1,3
103900028,4,19,-15
103900029,147,2,145
103900030,28,4,24
103900031,0,0,0
103900032,1,21,-20
103900033,1,0,1
103900034,0,0,0
103900035,0,0,0
103900036,6,3,3
103900037,0,3,-3
103900038,4,29,-25
103900039,0,0,0
103900040,0,0,0
103900041,0,0,0
103900042,0,0,0
103900043,0,0,0
103900044,1,50,-49
103900045,13,0,13
103900047,0,0,0
103900048,0,0,0
103900049,0,0,0
103900050,1,0,1
103900051,0,0,0
103900052,0,0,0
103900053,0,0,0
103900054,0,0,0
103900055,0,0,0
103900056,0,0,0
103900057,13,0,13
103900058,0,0,0
103900059,0,0,0
103900060,28,0,28
103900061,35,0,35
103900062,0,0,0
103900063,1,0,1
103900064,11,0,11
103900065,7,2,5
103900066,58,14,44
103900067,2,0,2
103900068,0,0,0
103900069,0,0,0
103900070,1,0,1
103900071,0,0,0
103900072,0,2,-2
103900073,0,2,-2
103900074,2,0,2
103900075,12,0,12
103900076,0,0,0
103900077,1,14,-13
103900078,4,0,4
103900079,0,0,0
103900080,0,0,0
103900081,0,0,0
103900082,0,0,0
103900083,38,100,-62
103900084,0,0,0
103900085,0,0,0
103900086,11,17,-6
103900088,3,6,-3
103900089,0,1,-1
103900090,0,0,0
103900091,0,0,0
103900092,0,0,0
103900093,0,0,0
103900094,0,0,0
103900095,0,0,0
103900096,41,0,41
103900097,0,0,0
103900098,0,0,0
103900099,14,0,14
103900100,0,0,0
103900101,0,0,0
103900102,0,0,0
103900104,1,0,1
103900105,0,0,0
103900106,0,0,0
103900107,34,1,33
103900108,16,3,13
103900109,12,2,10
103900110,0,0,0
103900111,0,0,0
103900112,0,0,0
103900113,0,0,0
103900114,0,0,0
103900115,0,0,0
103900116,0,25,-25
103900117,8,2,6
103900119,14,65,-51
103900120,1,1,0
103900122,0,0,0
103900123,0,0,0
103900124,0,0,0
103900125,0,0,0
103900126,37,1,36
103900127,0,9,-9
103900128,0,0,0
103900131,0,0,0
103900133,96,0,96
103900134,0,0,0
103900135,0,0,0
103900137,0,0,0
103900138,0,0,0
103900139,7,70,-63
103900140,0,0,0
103900141,4,0,4
103900142,20,0,20
103900143,1,0,1
103900144,0,0,0
103900145,0,4,-4
103900146,20,1,19
103900147,0,0,0
103900148,0,0,0
103900149,3,0,3
103900150,79,19,60
103900151,0,0,0
103900152,74,0,74
103900153,0,0,0
103900154,0,3,-3
103900155,4,0,4
103900156,0,0,0
103900157,0,0,0
103900158,18,1,17
103900159,0,0,0
103900160,0,0,0
103900161,0,1,-1
103900162,0,0,0
103900163,0,0,0
103900167,0,5,-5
103900168,4,1,3
103900169,0,12,-12
103900170,0,0,0
103900171,0,0,0
103900172,0,0,0
103900173,0,8,-8
103900174,36,0,36
103900175,0,20,-20
103900176,0,0,0
103900177,0,0,0
103900178,0,0,0
103900179,0,0,0
103900180,0,0,0
103900181,0,0,0
103900182,0,0,0
103900184,0,0,0
103900185,0,0,0
103900187,0,1,-1
103900188,1,0,1
103900189,5,0,5
103900190,0,0,0
103900191,0,0,0
103900192,0,0,0
103900193,0,0,0
103900194,0,0,0
103900195,0,0,0
103900196,0,0,0
103900197,0,0,0
103900198,0,0,0
103900199,0,0,0
103900200,0,0,0
103900201,0,0,0
103900202,0,0,0
103900203,6,0,6
103900204,0,0,0
103900207,0,0,0
103900208,1,0,1
103900209,0,0,0
103900210,0,0,0
103900211,75,1,74
103900212,0,0,0
103900213,0,0,0
103900214,80,173,-93
103900215,0,0,0
103900216,0,0,0
103900217,17,0,17
103900218,0,0,0
103900219,0,0,0
103900233,0,0,0
103900235,0,0,0
103900236,0,0,0
103900242,0,0,0
103900243,0,0,0
103900244,2,0,2
103900245,0,0,0
103900246,0,0,0
103900247,0,0,0
103900248,0,0,0
103900249,0,0,0
103900250,0,0,0
103900251,0,0,0
103900253,0,0,0
103900254,0,0,0
103900255,0,0,0
103900256,0,0,0
103900257,0,0,0
103900258,0,0,0
103900259,0,0,0
103900261,0,0,0
103900262,0,0,0
103900263,0,0,0
103900264,0,0,0
103900265,0,0,0
103900266,0,0,0
103900267,0,0,0
103900268,0,0,0
103900269,3,0,3
103900270,1,0,1
103900271,0,0,0
103900272,1,0,1
103900273,0,0,0
103900274,0,0,0
103900275,0,0,0
103900276,0,0,0
103900277,0,0,0
103900278,0,0,0
103900279,0,0,0
103900280,0,0,0
103900281,0,0,0
103900282,0,0,0
103900283,0,0,0
103900284,0,0,0
103900285,0,0,0
103900286,0,0,0
103900287,0,0,0
103900288,0,0,0
103900289,0,0,0
103900290,0,0,0
103900291,0,0,0
103900292,0,0,0
103900293,0,0,0
103900294,0,0,0
104000001,734,420,314
104000002,741,761,-20
104000003,780,812,-32
104000004,946,931,15
104000005,625,953,-328
104000006,987,541,446
104000007,1477,909,568
104000008,3,0,3
104000009,397,165,232
104000010,47,200,-153
104000011,14,2,12
104000012,4,23,-19
104000013,162,166,-4
104000014,16,10,6
104000015,232,33,199
104000016,25,12,13
104000018,363,52,311
104000019,557,130,427
104000020,24,26,-2
104000021,53,97,-44
104000022,48,57,-9
104000023,416,59,357
104000024,29,14,15
104000026,22,0,22
104000027,1,0,1
104000028,438,122,316
104000029,47,17,30
104000030,424,329,95
104000031,515,20,495
104000032,22,14,8
104000033,312,21,291
104000034,105,6,99
104000035,631,20,611
104000036,446,115,331
104000037,8,17,-9
104000038,259,64,195
104000039,143,60,83
104000040,33,89,-56
104000041,264,91,173
104000042,119,76,43
104000043,15,38,-23
104000044,126,42,84
104000045,275,91,184
104000046,157,94,63
104000047,101,238,-137
104000048,248,333,-85
104000049,203,70,133
104000050,51,155,-104
104000051,1,5,-4
104000052,488,409,79
104000053,330,75,255
104000054,93,17,76
104000055,686,94,592
104000056,153,22,131
104000057,9,4,5
104000058,401,171,230
104000059,242,311,-69
104000060,256,185,71
104000061,281,90,191
104000062,199,23,176
104000064,224,38,186
104000065,26,44,-18
104000069,230,423,-193
104000070,28,118,-90
104000071,12,4,8
104000072,57,27,30
104000075,0,0,0
104000076,0,0,0
104000082,371,650,-279
104000083,345,52,293
104000084,35,116,-81
104000085,209,36,173
104000086,117,77,40
104000087,92,154,-62
104000090,72,53,19
104000092,123,124,-1
104000094,102,81,21
104000095,224,407,-183
104000096,529,0,529
104000097,662,61,601
104000098,942,56,886
104000100,873,47,826
104000101,434,262,172
104000106,63,134,-71
104000107,369,62,307
104000108,54,8,46
104000109,38,8,30
104000110,53,209,-156
104000111,163,326,-163
104000112,38,35,3
104000116,0,16,-16
104000117,92,48,44
104000118,196,12,184
104000119,55,73,-18
104000120,77,21,56
104000121,23,135,-112
104000122,421,225,196
104000123,173,206,-33
104000124,76,448,-372
104000125,113,280,-167
104000126,115,284,-169
104000127,328,323,5
104000128,221,88,133
104000129,56,2,54
104000130,1,32,-31
104000131,3,10,-7
104000132,5,3,2
104000133,178,122,56
104000134,241,532,-291
104000135,89,726,-637
104000136,225,1110,-885
104000137,341,253,88
104000138,5,19,-14
104000139,418,995,-577
104000141,215,170,45
104000142,140,31,109
104000143,67,9,58
104000144,24,62,-38
104000145,204,60,144
104000146,22,93,-71
104000147,16,44,-28
104000148,100,44,56
104000149,10,39,-29
104000150,419,128,291
104000151,18,63,-45
104000152,94,62,32
104000153,280,155,125
104000154,97,183,-86
104000155,218,260,-42
104000157,292,194,98
104000158,32,108,-76
104000159,235,115,120
104000160,587,1028,-441
104000161,72,49,23
104000162,3,66,-63
104000165,121,134,-13
104000167,262,426,-164
104000168,211,2,209
104000169,99,7,92
104000170,1,2,-1
104000248,0,48,-48
104000251,0,0,0
104000272,0,0,0
104000273,0,0,0
104000274,0,0,0
104000275,0,0,0
104000279,163,345,-182
104000290,0,16,-16
104000291,245,267,-22
104000293,330,267,63
104000294,0,0,0
104000295,220,603,-383
104000296,111,123,-12
104000297,197,865,-668
104000298,282,194,88
104000299,335,309,26
104000302,32,18,14
104000303,0,2,-2
104900001,0,0,0
104900002,0,0,0
104900003,0,0,0
104900004,0,0,0
104900005,0,0,0
104900006,0,0,0
104900007,0,0,0
104900009,0,0,0
104900010,0,0,0
104900011,0,0,0
104900012,0,0,0
104900013,0,0,0
104900014,0,0,0
104900015,0,0,0
104900016,0,0,0
104900017,4,0,4
104900018,0,0,0
104900019,0,0,0
104900020,0,0,0
104900021,0,0,0
104900022,0,0,0
104900023,0,0,0
104900024,0,0,0
104900025,0,0,0
104900026,0,0,0
104900027,0,0,0
104900028,0,0,0
104900029,0,0,0
104900030,0,0,0
104900031,0,0,0
104900032,0,0,0
104900033,0,0,0
104900034,0,0,0
104900035,0,0,0
104900036,0,0,0
104900037,0,0,0
104900038,0,0,0
104900039,0,0,0
104900040,0,0,0
104900041,0,0,0
104900042,0,0,0
104900043,0,0,0
104900044,9,0,9
104900045,0,0,0
104900046,0,0,0
104900047,28,4,24
104900048,54,1,53
104900049,0,0,0
104900050,0,0,0
104900051,22,0,22
104900052,0,0,0
104900053,47,1,46
104900054,4,0,4
104900055,0,0,0
104900056,72,0,72
104900057,0,0,0
104900058,22,0,22
104900059,48,20,28
104900061,0,0,0
104900063,0,0,0
104900064,0,0,0
104900065,0,0,0
104900066,0,0,0
104900067,0,0,0
104900068,0,0,0
104900070,0,0,0
104900071,0,0,0
104900072,0,0,0
104900073,0,0,0
104900074,0,0,0
104900075,0,0,0
104900076,0,0,0
104900077,0,0,0
104900078,0,0,0
104900079,0,0,0
104900080,0,0,0
104900082,0,0,0
104900085,0,0,0
104900089,0,0,0
104900091,0,0,0
104900093,0,0,0
104900097,0,0,0
104900098,0,0,0
104900099,0,0,0
104900100,0,0,0
104900102,0,0,0
104900103,0,0,0
104900106,0,0,0
104900107,0,0,0
104900108,0,0,0
104900109,0,0,0
104900110,0,0,0
104900111,0,0,0
104900112,0,0,0
104900113,0,0,0
104900114,0,0,0
104900115,0,0,0
104900116,0,0,0
104900118,0,0,0
104900119,0,0,0
104900120,0,0,0
104900121,0,0,0
104900122,0,0,0
104900123,0,0,0
104900124,0,0,0
104900125,36,14,22
104900126,0,0,0
104900127,0,0,0
104900128,7,0,7
104900129,0,0,0
105000001,604,317,287
105000002,479,412,67
105000003,547,768,-221
105000004,238,406,-168
105000005,255,437,-182
105000006,322,718,-396
105000007,193,579,-386
105000008,249,1165,-916
105000009,1246,1170,76
105000010,738,416,322
105000011,1130,1188,-58
105000012,329,473,-144
105000013,217,300,-83
105000014,1510,973,537
105000015,2531,3853,-1322
105000016,741,558,183
105000017,710,321,389
105000018,838,353,485
105000019,623,735,-112
105000020,21,141,-120
105000021,28,53,-25
105000022,12,24,-12
105000023,183,155,28
105000028,3,89,-86
105000029,43,211,-168
105000030,1027,698,329
105000031,0,4,-4
105000033,383,373,10
105000034,46,211,-165
105000037,79,34,45
105000038,374,483,-109
105000039,119,226,-107
105000040,138,481,-343
105000041,63,202,-139
105000042,642,505,137
105000043,127,169,-42
105000044,169,128,41
105000045,56,70,-14
105000046,199,46,153
105000047,75,116,-41
105000048,528,178,350
105000049,166,84,82
105000050,371,126,245
105000051,23,45,-22
105000052,63,124,-61
105000053,26,7,19
105000054,167,96,71
105000055,191,31,160
105000056,496,204,292
105000057,701,58,643
105000058,295,188,107
105000059,517,142,375
105000060,155,39,116
105000061,323,114,209
105000062,200,55,145
105000063,29,34,-5
105000064,568,120,448
105000065,34,15,19
105000066,186,97,89
105000067,502,187,315
105000068,44,192,-148
105000069,326,353,-27
105000070,278,465,-187
105000071,184,690,-506
105000072,537,1182,-645
105000073,277,235,42
105000074,11,88,-77
105000075,84,109,-25
105000076,339,179,160
105000077,436,114,322
105000078,251,459,-208
105000079,72,189,-117
105000080,958,800,158
105000081,73,154,-81
105000082,292,502,-210
105000083,935,887,48
105000084,87,90,-3
105000085,1434,844,590
105000086,122,101,21
105000087,147,165,-18
105000088,683,714,-31
105000089,318,265,53
105000090,68,91,-23
105000091,90,79,11
105000092,123,63,60
105000093,58,110,-52
105000094,117,49,68
105000095,25,114,-89
105000096,302,366,-64
105000097,174,74,100
105000098,418,215,203
105000099,65,39,26
105000100,273,169,104
105000101,549,290,259
105000102,368,206,162
105000103,478,181,297
105000104,382,180,202
105000105,310,160,150
105000106,435,166,269
105000107,373,107,266
105000108,420,141,279
105000109,580,168,412
105000110,258,78,180
105000111,394,65,329
105000112,251,139,112
105000113,195,292,-97
105000114,490,588,-98
105000115,118,621,-503
105000116,345,155,190
105000117,108,57,51
105000118,135,115,20
105000119,67,30,37
105000120,460,162,298
105000121,135,66,69
105000122,209,126,83
105000123,89,92,-3
105000124,723,132,591
105000125,309,152,157
105000126,650,202,448
105000127,724,185,539
105000128,119,153,-34
105000129,213,48,165
105000130,57,1429,-1372
105000131,28,12,16
105000132,404,434,-30
105000133,39,69,-30
105000134,356,120,236
105000135,30,14,16
105000136,0,0,0
105000137,181,27,154
105000138,0,0,0
105000139,113,67,46
105000140,322,49,273
105000141,64,61,3
105000142,194,81,113
105000143,56,129,-73
105000144,17,102,-85
105000145,240,96,144
105000146,0,0,0
105000147,383,66,317
105000148,258,82,176
105000149,622,309,313
105000150,48,26,22
105000151,139,23,116
105000152,126,124,2
105000153,277,55,222
105000154,128,36,92
105000155,116,76,40
105000156,52,83,-31
105000157,121,125,-4
105000158,484,85,399
105000159,69,45,24
105000160,833,121,712
105000161,139,80,59
105000162,210,665,-455
105000163,159,102,57
105000164,6,41,-35
105000165,80,1622,-1542
105000166,87,222,-135
105000167,157,759,-602
105000168,49,115,-66
105000169,167,24,143
105000170,50,323,-273
105000171,321,14,307
105000172,34,1,33
105000173,100,23,77
105000174,10,6,4
105000175,0,0,0
105000176,90,12,78
105000177,99,36,63
105000178,89,37,52
105000179,121,5,116
105000180,0,0,0
105000181,66,24,42
105000182,0,0,0
105000183,447,946,-499
105000184,3,27,-24
105000185,86,363,-277
105000186,11,17,-6
105000187,187,101,86
105000188,40,104,-64
105000189,3,81,-78
105000190,63,54,9
105000191,80,44,36
105000192,61,15,46
105000193,7,4,3
105000194,223,11,212
105000195,3,63,-60
105000196,25,76,-51
105000197,13,71,-58
105000198,33,7,26
105000199,11,172,-161
105000200,41,138,-97
105000201,11,8,3
105000203,28,118,-90
105000204,24,55,-31
105000205,26,100,-74
105000207,0,0,0
105000208,66,87,-21
105000209,0,0,0
105000211,112,0,112
105000212,220,43,177
105000213,19,10,9
105000214,29,7,22
105000215,114,40,74
105000216,28,23,5
105000217,0,0,0
105000218,600,185,415
105000221,49,16,33
105000222,102,1,101
105000223,40,5,35
105000226,24,17,7
105000227,29,11,18
105000228,2,418,-416
105000229,123,275,-152
105000231,135,17,118
105000233,155,232,-77
105000234,197,159,38
105000235,197,169,28
105000237,261,24,237
105000243,17,6,11
105000248,1,5,-4
105000262,139,6,133
105000269,24,21,3
105000270,257,2,255
105000271,0,10,-10
105000282,9,8,1
105000287,74,55,19
105000288,187,110,77
105000289,361,582,-221
105000290,0,20,-20
105000402,159,704,-545
105000426,42,109,-67
105000438,354,339,15
105000440,1,2,-1
105000446,1073,1970,-897
105000447,1090,276,814
105000454,0,0,0
105000455,134,35,99
105000474,37,0,37
105000477,79,100,-21
105000478,555,1958,-1403
105000479,67,9,58
105000480,1604,2233,-629
105000481,1032,861,171
105000482,520,1141,-621
105000483,307,828,-521
105000484,279,753,-474
105000485,479,1050,-571
105000486,679,992,-313
105000488,326,965,-639
105000489,384,155,229
105000549,7,11,-4
105000550,0,0,0
105000551,12,12,0
105000552,548,235,313
105000555,806,592,214
105000556,8,1,7
105000557,9,37,-28
105900001,0,83,-83
105900002,73,55,18
105900003,0,0,0
105900004,0,0,0
105900005,0,0,0
105900006,0,0,0
105900007,0,0,0
105900008,0,0,0
105900009,16,2,14
105900011,4,0,4
105900012,23,2,21
105900013,0,0,0
105900014,2,5,-3
105900015,0,0,0
105900016,19,3,16
105900017,0,0,0
105900018,0,0,0
105900019,0,0,0
105900020,0,0,0
105900021,0,1,-1
105900022,0,0,0
105900023,0,4,-4
105900024,0,5,-5
105900025,1,0,1
105900026,0,0,0
105900027,462,98,364
105900028,1,0,1
105900029,174,29,145
105900030,10,39,-29
105900031,0,0,0
105900032,0,0,0
105900033,0,0,0
105900034,0,0,0
105900035,0,0,0
105900036,0,0,0
105900037,0,0,0
105900038,0,0,0
105900039,0,0,0
105900040,0,0,0
105900041,0,0,0
105900042,0,0,0
105900043,83,0,83
105900044,0,0,0
105900045,0,0,0
105900046,0,0,0
105900047,0,0,0
105900048,33,9,24
105900050,4,53,-49
105900051,0,9,-9
105900052,17,0,17
105900053,0,0,0
105900054,0,0,0
105900056,22,14,8
105900057,9,4,5
105900058,0,0,0
105900059,0,0,0
106000001,625,477,148
106000002,89,381,-292
106000003,871,1282,-411
106000004,217,1201,-984
106000005,1371,1746,-375
106000006,723,537,186
106000007,317,57,260
106000008,10,68,-58
106000009,305,152,153
106000010,39,80,-41
106000011,706,341,365
106000012,53,113,-60
106000013,853,537,316
106000014,141,122,19
106000015,1019,390,629
106000016,187,147,40
106000017,550,164,386
106000018,63,69,-6
106000019,290,139,151
106000020,51,24,27
106000021,326,148,178
106000022,33,13,20
106000023,419,73,346
106000024,103,20,83
106000025,225,130,95
106000026,0,0,0
106000027,1061,334,727
106000028,2,6,-4
106000029,28,12,16
106000030,0,0,0
106000034,0,0,0
106000035,406,446,-40
106000036,0,0,0
106000037,139,63,76
106000038,13,5,8
106000039,1,13,-12
106000040,2,60,-58
106000041,205,51,154
106000043,105,35,70
106000046,75,19,56
106000047,0,0,0
106000049,379,16,363
106000050,36,94,-58
106000051,306,155,151
106000052,0,0,0
106000053,184,21,163
106000054,0,0,0
106000055,255,16,239
106000056,0,0,0
106000057,151,15,136
106000058,0,0,0
106000059,191,49,142
106000060,0,0,0
106000061,58,323,-265
106000062,0,0,0
106000063,344,330,14
106000064,0,0,0
106000065,281,46,235
106000066,50,4,46
106000067,234,35,199
106000068,56,4,52
106000069,106,35,71
106000070,75,15,60
106000071,363,142,221
106000072,318,381,-63
106000073,330,1065,-735
106000074,225,271,-46
106000075,133,248,-115
106000076,391,146,245
106000077,549,195,354
106000078,477,89,388
106000079,404,55,349
106000080,342,35,307
106000081,304,96,208
106000082,556,41,515
106000083,165,157,8
106000084,403,76,327
106000085,216,207,9
106000086,201,85,116
106000087,308,56,252
106000088,164,148,16
106000089,347,23,324
106000090,202,203,-1
106000091,23,40,-17
106000092,235,91,144
106000093,368,48,320
106000094,0,0,0
106000095,388,54,334
106000096,697,52,645
106000097,361,36,325
106000098,457,79,378
106000099,42,60,-18
106000100,704,18,686
106000101,322,14,308
106000102,13,76,-63
106000103,44,105,-61
106000104,369,34,335
106000105,35,96,-61
106000106,279,38,241
106000107,68,78,-10
106000108,183,38,145
106000109,14,34,-20
106000110,118,32,86
106000111,59,27,32
106000112,94,140,-46
106000113,56,164,-108
106000114,163,111,52
106000115,21,126,-105
106000116,208,100,108
106000117,45,37,8
106000118,520,360,160
106000119,23,58,-35
106000120,253,387,-134
106000121,136,42,94
106000122,85,52,33
106000123,168,6,162
106000124,135,26,109
106000125,53,65,-12
106000126,205,21,184
106000127,176,89,87
106000128,272,55,217
106000129,153,96,57
106000130,517,82,435
106000131,23,138,-115
106000132,252,53,199
106000133,95,440,-345
106000134,218,922,-704
106000135,0,119,-119
106000136,356,446,-90
106000137,0,65,-65
106000138,687,15,672
106000139,40,19,21
106000140,0,0,0
106000141,0,0,0
106000142,42,9,33
106000143,0,0,0
106000144,103,12,91
106000145,0,0,0
106000146,230,89,141
106000147,325,80,245
106000148,282,169,113
106000149,345,130,215
106000150,150,519,-369
106000151,445,145,300
106000152,308,586,-278
106000153,121,393,-272
106000154,321,9,312
106000155,32,77,-45
106000156,431,28,403
106000157,90,501,-411
106000158,410,340,70
106000159,195,475,-280
106000160,122,767,-645
106000161,119,23,96
106000162,115,240,-125
106000163,76,7,69
106000164,168,28,140
106000165,40,47,-7
106000166,346,17,329
106000167,209,182,27
106000168,219,35,184
106000169,107,86,21
106000170,212,16,196
106000171,82,275,-193
106000172,453,105,348
106000173,337,360,-23
106000174,473,18,455
106000175,51,16,35
106000176,601,134,467
106000177,74,79,-5
106000178,664,91,573
106000179,46,18,28
106000180,192,169,23
106000181,252,258,-6
106000182,782,71,711
106000183,689,77,612
106000184,419,56,363
106000185,318,180,138
106000186,88,8,80
106000187,1,145,-144
106000188,0,0,0
106000189,0,26,-26
106000190,0,6,-6
106000191,156,5,151
106000192,0,0,0
106000193,19,35,-16
106000194,2,66,-64
106000195,7,38,-31
106000196,9,176,-167
106000197,132,38,94
106000198,62,6,56
106000199,122,123,-1
106000200,30,72,-42
106000201,61,790,-729
106000202,93,85,8
106000203,0,0,0
106000204,13,2,11
106000205,0,0,0
106000206,12,2,10
106000207,0,17,-17
106000208,567,15,552
106000209,832,112,720
106000210,18,20,-2
106000211,5,14,-9
106000212,537,104,433
106000213,36,49,-13
106000214,418,54,364
106000215,120,80,40
106000216,330,47,283
106000217,15,103,-88
106000218,236,47,189
106000219,29,84,-55
106000220,271,10,261
106000221,57,43,14
106000222,36,4,32
106000223,151,46,105
106000224,47,34,13
106000225,31,50,-19
106000226,21,98,-77
106000228,0,0,0
106000229,0,0,0
106000231,284,1,283
106000232,0,0,0
106000233,93,2,91
106000234,0,0,0
106000235,47,15,32
106000236,0,0,0
106000237,0,0,0
106000238,0,17,-17
106000239,0,0,0
106000240,1,1,0
106000241,0,29,-29
106000242,49,2,47
106000249,25,5,20
106000250,22,130,-108
106000251,18,2,16
106000252,0,0,0
106000253,23,1,22
106000254,0,0,0
106000255,18,1,17
106000256,0,0,0
106000257,11,37,-26
106000258,1,0,1
106000259,0,0,0
106000260,0,0,0
106000261,0,0,0
106000262,0,3,-3
106000263,0,0,0
106000264,41,0,41
106000265,0,0,0
106000266,50,1,49
106000267,0,0,0
106000268,99,2,97
106000269,0,0,0
106000270,7,12,-5
106000271,3,4,-1
106000272,0,0,0
106000273,0,11,-11
106000274,0,0,0
106000275,1,8,-7
106000276,0,0,0
106000277,4,12,-8
106000278,0,0,0
106000279,0,0,0
106000280,0,0,0
106000281,0,0,0
106000282,0,0,0
106000283,0,0,0
106000284,0,0,0
106000285,0,0,0
106000286,0,0,0
106000287,0,0,0
106000288,0,0,0
106000289,0,0,0
106000290,0,0,0
106000291,0,0,0
106000292,0,0,0
106000293,0,0,0
106000294,0,0,0
106000295,0,0,0
106000296,0,0,0
106000297,0,0,0
106000298,0,0,0
106000299,0,0,0
106000300,0,0,0
106000301,0,0,0
106000303,5,6,-1
106000304,0,0,0
106000305,6,3,3
106000306,0,0,0
106000307,36,0,36
106000308,0,0,0
106000309,0,0,0
106000310,93,76,17
106000311,79,9,70
106000312,35,41,-6
106000313,39,6,33
106000318,0,0,0
106000319,223,32,191
106000320,0,26,-26
106000321,3,69,-66
106000322,125,13,112
106000324,40,14,26
106000325,1243,269,974
106000326,85,150,-65
106000327,116,5,111
106000328,2,2,0
106000329,11,7,4
106000330,0,27,-27
106000428,46,150,-104
106000429,1,54,-53
106000430,31,196,-165
106000431,752,156,596
106000432,32,305,-273
106000433,1032,466,566
106000434,1346,432,914
106000435,65,396,-331
106000436,0,32,-32
106000437,78,14,64
106000438,17,116,-99
106000439,0,35,-35
106000440,66,67,-1
106000441,7,0,7
106000442,11,1,10
106000443,263,137,126
106000450,0,0,0
106000451,20,26,-6
106000454,0,0,0
106000455,0,2,-2
106000456,8,0,8
106000457,0,0,0
106000458,422,18,404
106000459,0,0,0
106000460,336,8,328
106000461,0,0,0
106000462,0,0,0
106000463,0,40,-40
106000464,0,0,0
106000465,169,0,169
106000466,0,0,0
106000467,0,20,-20
106000468,39,16,23
106000469,68,1,67
106000470,1,19,-18
106000471,0,0,0
106000472,10,1,9
106000473,0,0,0
106000474,43,69,-26
106000475,279,87,192
106000476,68,122,-54
106000477,0,0,0
106000480,0,0,0
106900001,0,0,0
106900002,0,0,0
106900003,0,0,0
106900004,0,0,0
106900006,0,0,0
106900007,0,0,0
106900008,0,0,0
106900009,0,0,0
106900010,0,0,0
106900012,0,0,0
106900013,0,0,0
106900014,0,0,0
106900015,0,0,0
106900016,0,0,0
106900017,0,0,0
106900018,0,0,0
106900019,7,0,7
106900020,0,0,0
106900021,3,0,3
106900022,0,0,0
106900023,0,0,0
106900024,0,0,0
106900025,0,0,0
106900026,0,0,0
106900027,137,1,136
106900028,0,0,0
106900029,0,0,0
106900030,0,0,0
107000001,1560,1938,-378
107000002,422,491,-69
107000003,2946,2945,1
107000004,807,454,353
107000005,2774,2231,543
107000006,932,390,542
107000007,1613,2214,-601
107000008,676,485,191
107000009,4889,4697,192
107000010,1405,687,718
107000011,41,94,-53
107000012,429,76,353
107000013,0,0,0
107000014,0,0,0
107000015,0,0,0
107000016,0,0,0
107000017,72,58,14
107000018,0,57,-57
107000020,112,282,-170
107000021,121,45,76
107000022,171,239,-68
107000023,336,34,302
107000024,115,498,-383
107000025,84,69,15
107000026,67,90,-23
107000027,376,113,263
107000028,334,225,109
107000029,1134,660,474
107000030,461,426,35
107000031,980,509,471
107000032,75,332,-257
107000033,658,518,140
107000034,247,131,116
107000035,145,52,93
107000036,74,270,-196
107000037,34,318,-284
107000038,22,49,-27
107000039,296,414,-118
107000040,93,12,81
107000041,267,199,68
107000042,92,502,-410
107000043,280,123,157
107000044,59,83,-24
107000045,13,112,-99
107000046,251,106,145
107000047,127,193,-66
107000048,129,147,-18
107000049,123,239,-116
107000050,239,191,48
107000051,196,175,21
107000052,264,362,-98
107000053,166,192,-26
107000054,16,115,-99
107000055,81,34,47
107000056,278,391,-113
107000057,345,146,199
107000058,1096,1069,27
107000059,56,193,-137
107000060,2520,2218,302
107000061,630,394,236
107000062,2330,1000,1330
107000063,437,423,14
107000064,1671,1399,272
107000065,321,412,-91
107000066,934,1251,-317
107000067,324,301,23
107000068,201,512,-311
107000069,370,640,-270
107000070,227,1,226
107000071,854,20,834
107000072,0,78,-78
107000073,196,51,145
107000074,45,20,25
107000075,928,44,884
107000076,1,56,-55
107000077,1146,66,1080
107000078,17,106,-89
107000079,999,203,796
107000080,62,90,-28
107000081,1088,186,902
107000082,207,160,47
107000083,448,207,241
107000084,92,173,-81
107000085,857,663,194
107000086,436,542,-106
107000087,706,642,64
107000088,306,490,-184
107000089,566,460,106
107000090,97,172,-75
107000091,490,189,301
107000092,123,184,-61
107000093,430,580,-150
107000094,193,174,19
107000095,530,330,200
107000096,95,104,-9
107000097,410,155,255
107000098,49,92,-43
107000099,146,243,-97
107000100,33,92,-59
107000101,44,200,-156
107000102,65,118,-53
107000103,185,95,90
107000104,33,86,-53
107000105,331,110,221
107000106,40,52,-12
107000107,293,140,153
107000108,60,56,4
107000109,263,57,206
107000110,0,0,0
107000111,312,24,288
107000112,0,0,0
107000113,456,17,439
107000114,0,0,0
107000115,318,109,209
107000116,0,0,0
107000117,39,443,-404
107000118,0,0,0
107000119,116,631,-515
107000120,0,0,0
107000121,361,135,226
107000122,171,94,77
107000123,310,124,186
107000124,173,69,104
107000125,504,62,442
107000126,209,89,120
107000129,48,45,3
107000130,291,106,185
107000131,105,49,56
107000132,231,82,149
107000133,85,0,85
107000134,85,0,85
107000135,1,65,-64
107000136,237,0,237
107000137,1,81,-80
107000138,20,3,17
107000139,0,66,-66
107000140,348,4,344
107000141,1,48,-47
107000142,68,13,55
107000143,1,74,-73
107000144,97,134,-37
107000145,2,55,-53
107000146,10,39,-29
107000147,266,123,143
107000150,233,807,-574
107000151,5,3,2
107000152,60,464,-404
107000153,9,23,-14
107000154,0,37,-37
107000155,274,8,266
107000156,278,5,273
107000157,0,94,-94
107000158,258,4,254
107000159,0,61,-61
107000160,619,18,601
107000161,14,92,-78
107000162,68,127,-59
107000163,42,0,42
107000164,283,0,283
107000165,458,7,451
107000166,0,67,-67
107000167,174,50,124
107000168,395,43,352
107000169,32,86,-54
107000170,801,149,652
107000171,35,86,-51
107000172,345,361,-16
107000173,51,42,9
107000174,311,1073,-762
107000175,303,124,179
107000176,0,0,0
107000177,0,0,0
107000178,2,8,-6
107000179,83,116,-33
107000180,775,79,696
107000181,88,37,51
107000182,811,61,750
107000183,81,32,49
107000184,506,71,435
107000185,80,65,15
107000186,287,65,222
107000187,330,231,99
107000188,53,47,6
107000189,133,72,61
107000190,98,62,36
107000191,404,206,198
107000192,235,35,200
107000193,158,113,45
107000194,78,72,6
107000197,323,27,296
107000198,107,45,62
107000199,113,113,0
107000200,60,139,-79
107000201,108,52,56
107000202,43,123,-80
107000203,63,264,-201
107000204,62,969,-907
107000205,53,65,-12
107000206,43,554,-511
107000207,54,149,-95
107000208,19,105,-86
107000209,65,190,-125
107000210,14,68,-54
107000211,1,27,-26
107000212,1,16,-15
107000213,0,5,-5
107000214,1,18,-17
107000215,79,27,52
107000216,77,34,43
107000217,10,3,7
107000219,11,19,-8
107000220,4,6,-2
107000222,13,24,-11
107000224,96,18,78
107000225,7,45,-38
107000226,187,4,183
107000227,8,38,-30
107000228,4,15,-11
107000229,33,18,15
107000230,13,45,-32
107000231,148,266,-118
107000232,26,1,25
107000233,19,126,-107
107000234,1,33,-32
107000235,113,3,110
107000236,0,0,0
107000237,15,0,15
107000238,23,0,23
107000239,288,127,161
107000240,15,36,-21
107000243,0,64,-64
107000244,13,0,13
107000246,0,40,-40
107000249,1,31,-30
107000251,0,0,0
107000252,0,31,-31
107000255,31,0,31
107000257,0,16,-16
107000258,0,15,-15
107000259,0,1,-1
107000260,668,1,667
107000262,0,18,-18
107000263,142,4,138
107000266,14,2,12
107000267,8,12,-4
107000268,2,7,-5
107000269,6,0,6
107000270,85,27,58
107000271,1,0,1
107000272,99,0,99
107000273,0,26,-26
107000274,53,0,53
107000275,3,35,-32
107000280,341,4,337
107000281,2,31,-29
107000282,1,89,-88
107000290,0,0,0
107000291,0,0,0
107000292,0,2,-2
107000293,2,4,-2
107000294,0,5,-5
107000295,7,0,7
107000296,0,2,-2
107000444,62,2,60
107000496,0,0,0
107000497,92,119,-27
107000500,92,63,29
107000501,4,38,-34
107000502,68,51,17
107000505,51,240,-189
107000506,0,0,0
107000508,1,41,-40
107000509,54,196,-142
107000510,1,1,0
107000514,24,82,-58
107000515,0,20,-20
107000516,339,40,299
107000518,374,254,120
107000519,33,10,23
107000520,5,5,0
107000521,114,47,67
107000522,320,93,227
107900001,1,0,1
107900002,0,0,0
107900003,35,1,34
107900004,0,0,0
107900005,475,0,475
107900006,49,0,49
107900007,64,0,64
107900008,17,2,15
107900009,5,0,5
107900010,0,0,0
107900012,24,2,22
107900013,4,0,4
107900014,5,0,5
107900015,248,0,248
107900016,36,17,19
107900017,0,0,0
107900018,7,38,-31
107900019,42,0,42
107900020,0,0,0
107900021,1,0,1
107900023,1,0,1
107900024,0,0,0
107900025,31,33,-2
107900026,3,0,3
107900027,0,0,0
107900028,27,0,27
107900030,35,7,28
107900031,0,2,-2
107900032,6,0,6
107900033,1,0,1
107900034,20,4,16
107900035,273,9,264
107900036,14,5,9
107900037,0,0,0
107900038,6,28,-22
107900039,1,0,1
107900040,0,0,0
107900041,0,0,0
107900043,48,8,40
107900044,0,1,-1
107900045,20,28,-8
107900046,48,46,2
107900047,0,0,0
107900048,28,0,28
107900049,5,52,-47
107900050,1,8,-7
107900051,1,0,1
107900052,0,0,0
107900053,0,0,0
107900055,36,7,29
107900056,0,27,-27
107900057,0,0,0
107900058,0,55,-55
107900060,0,0,0
107900061,0,0,0
107900063,6,9,-3
107900064,7,20,-13
107900065,75,0,75
107900066,0,0,0
107900067,0,0,0
107900068,1,62,-61
107900069,0,387,-387
107900070,21,15,6
107900071,1,29,-28
107900072,22,0,22
107900073,0,0,0
107900074,0,0,0
107900076,5,2,3
107900077,0,0,0
107900079,2,2,0
107900080,1,66,-65
107900081,0,0,0
107900082,0,0,0
107900083,81,29,52
107900084,23,18,5
107900086,1,29,-28
107900087,5,3,2
107900088,0,0,0
107900089,2,25,-23
107900090,7,144,-137
107900091,70,53,17
107900093,0,0,0
107900095,198,190,8
107900097,1,3,-2
107900098,21,7,14
107900100,1,261,-260
107900101,16,2,14
107900102,1,0,1
107900103,1,3,-2
107900104,2,0,2
107900105,0,33,-33
107900106,0,60,-60
107900107,0,0,0
107900108,0,2,-2
107900109,343,3,340
107900110,7,1,6
107900111,0,68,-68
107900112,0,41,-41
107900113,0,0,0
107900114,65,13,52
107900115,0,0,0
107900116,32,28,4
107900117,4,23,-19
107900118,0,10,-10
107900119,19,26,-7
107900120,0,2,-2
107900121,0,0,0
107900122,0,0,0
107900123,0,1,-1
107900124,0,0,0
107900125,0,2,-2
107900126,0,1,-1
107900127,0,0,0
107900128,7,2,5
107900129,2,0,2
107900130,0,0,0
107900131,4,11,-7
107900132,0,12,-12
107900133,0,0,0
107900134,0,9,-9
107900135,0,0,0
107900136,0,0,0
107900137,15,16,-1
107900138,17,8,9
107900139,0,0,0
107900141,8,1,7
107900142,0,6,-6
107900143,6,2,4
107900144,0,1,-1
107900145,0,0,0
107900146,14,7,7
107900147,1,0,1
107900148,0,1,-1
107900149,9,2,7
107900150,0,5,-5
107900151,20,0,20
107900152,0,0,0
107900153,0,44,-44
107900154,10,3,7
107900155,0,0,0
107900156,0,0,0
107900157,0,0,0
107900158,96,13,83
107900159,4,11,-7
107900160,65,4,61
107900161,0,0,0
107900162,0,0,0
107900163,0,0,0
107900164,0,0,0
107900165,4,92,-88
107900166,1,2,-1
107900167,0,0,0
107900168,1,4,-3
107900169,0,2,-2
107900171,0,8,-8
107900172,0,0,0
107900173,1,1,0
107900174,0,0,0
107900175,0,0,0
107900176,0,0,0
107900177,0,0,0
107900178,0,14,-14
107900179,0,0,0
107900180,7,96,-89
107900181,1,1,0
107900182,0,8,-8
107900183,1,5,-4
107900184,0,0,0
107900185,0,0,0
107900186,0,1,-1
107900187,0,13,-13
107900188,205,32,173
107900189,0,0,0
107900190,0,2,-2
107900191,0,0,0
107900193,0,0,0
107900194,0,0,0
107900195,51,1,50
107900196,0,0,0
107900197,6,13,-7
107900199,0,0,0
107900201,0,0,0
107900203,2,0,2
107900204,0,0,0
107900206,3,74,-71
107900207,0,10,-10
107900208,0,14,-14
107900209,0,0,0
107900210,0,0,0
107900213,0,0,0
107900214,0,0,0
107900215,1,14,-13
107900216,0,0,0
107900217,0,0,0
107900218,0,0,0
107900219,0,0,0
107900220,0,0,0
107900221,0,1,-1
107900223,0,0,0
107900224,1,13,-12
107900225,0,0,0
107900226,0,0,0
107900227,1,17,-16
107900228,0,0,0
107900229,0,0,0
107900230,0,0,0
107900231,0,0,0
107900232,36,0,36
107900233,0,0,0
107900234,0,0,0
107900235,1,1,0
107900236,0,0,0
107900237,0,0,0
107900238,0,0,0
107900239,23,20,3
107900240,5,1,4
107900241,0,0,0
107900242,1,6,-5
107900243,0,0,0
107900244,0,0,0
107900245,119,17,102
107900246,50,5,45
107900248,65,4,61
107900249,141,8,133
107900250,0,15,-15
107900251,0,78,-78
107900252,70,1,69
107900253,15,7,8
107900254,0,9,-9
107900255,0,2,-2
107900256,4,0,4
107900257,39,6,33
107900258,15,3,12
107900259,0,369,-369
107900261,0,21,-21
107900262,0,0,0
107900264,66,0,66
107900265,18,20,-2
107900267,67,0,67
107900268,0,0,0
107900269,0,0,0
107900270,0,0,0
107900271,0,0,0
107900272,1,0,1
107900273,5,0,5
107900274,31,0,31
107900275,0,0,0
107900276,0,0,0
107900277,0,0,0
107900278,17,0,17
107900279,0,0,0
107900280,287,57,230
107900281,77,603,-526
107900282,3,202,-199
107900283,110,49,61
107900284,187,36,151
107900285,18,2,16
107900286,2,1,1
107900287,75,18,57
107900290,0,2,-2
107900291,68,0,68
107900292,81,8,73
107900293,37,18,19
107900295,1,0,1
107900297,0,0,0
107900298,43,36,7
107900299,43,290,-247
107900301,20,60,-40
107900302,3,18,-15
107900303,56,3,53
107900304,78,0,78
107900305,29,0,29
107900306,0,0,0
107900307,0,0,0
107900308,31,4,27
107900309,0,0,0
107900310,0,0,0
107900311,0,0,0
107900312,0,0,0
107900313,0,0,0
107900314,0,0,0
107900315,0,0,0
107900316,0,0,0
107900317,0,0,0
107900318,0,0,0
107900319,0,1,-1
107900320,0,1,-1
107900321,11,1,10
107900322,0,0,0
107900323,0,8,-8
107900324,32,0,32
107900325,28,0,28
107900326,96,5,91
107900327,0,0,0
107900328,0,0,0
107900329,0,0,0
107900330,0,4,-4
107900331,97,1,96
107900332,112,0,112
107900333,25,1,24
107900334,0,1,-1
107900335,0,1,-1
107900336,2,0,2
107900337,60,185,-125
107900338,0,1,-1
107900339,0,0,0
107900340,0,0,0
107900341,0,0,0
107900342,42,0,42
107900343,1,0,1
107900344,0,0,0
107900345,7,0,7
107900346,0,0,0
107900347,5,0,5
107900348,0,0,0
107900349,1,0,1
107900350,0,21,-21
107900351,0,3,-3
107900352,0,0,0
107900353,1,0,1
107900354,4,0,4
108000001,1653,838,815
108000002,54,128,-74
108000003,1283,754,529
108000004,576,1704,-1128
108000005,4089,1804,2285
108000006,537,666,-129
108000007,2827,1099,1728
108000008,531,507,24
108000009,2353,1177,1176
108000010,292,427,-135
108000011,5891,2961,2930
108000012,1682,1189,493
108000014,152,215,-63
108000015,376,56,320
108000016,52,20,32
108000017,591,25,566
108000018,1132,57,1075
108000019,157,64,93
108000020,431,81,350
108000021,13,26,-13
108000022,90,134,-44
108000023,615,39,576
108000024,64,80,-16
108000025,104,21,83
108000026,232,52,180
108000027,254,3,251
108000028,430,56,374
108000029,223,12,211
108000030,161,39,122
108000031,65,15,50
108000032,879,79,800
108000033,61,81,-20
108000034,1036,66,970
108000035,62,223,-161
108000036,21,38,-17
108000037,936,56,880
108000038,1485,168,1317
108000039,33,27,6
108000040,653,241,412
108000041,43,107,-64
108000042,218,14,204
108000043,12,0,12
108000044,556,5,551
108000045,42,0,42
108000046,807,60,747
108000047,39,157,-118
108000048,0,0,0
108000049,388,29,359
108000050,5,21,-16
108000051,173,43,130
108000052,3,47,-44
108000053,168,56,112
108000054,56,173,-117
108000055,342,127,215
108000056,154,145,9
108000057,238,398,-160
108000058,530,1343,-813
108000059,202,453,-251
108000060,72,189,-117
108000061,91,87,4
108000062,413,106,307
108000063,175,83,92
108000064,74,115,-41
108000065,181,112,69
108000066,524,50,474
108000067,742,121,621
108000068,366,116,250
108000069,18,223,-205
108000070,1114,96,1018
108000071,55,324,-269
108000072,982,116,866
108000073,119,204,-85
108000074,507,120,387
108000075,61,87,-26
108000076,644,54,590
108000077,170,90,80
108000078,968,165,803
108000079,100,191,-91
108000080,926,217,709
108000081,89,199,-110
108000082,151,112,39
108000083,634,240,394
108000084,44,74,-30
108000085,380,138,242
108000086,33,39,-6
108000087,73,833,-760
108000088,301,31,270
108000089,25,49,-24
108000091,10,103,-93
108000092,187,11,176
108000093,19,63,-44
108000094,507,5,502
108000095,14,27,-13
108000096,422,126,296
108000097,63,42,21
108000098,728,282,446
108000099,214,29,185
108000100,142,129,13
108000101,517,324,193
108000102,396,921,-525
108000106,343,0,343
108000107,0,34,-34
108000108,247,22,225
108000109,0,71,-71
108000110,203,21,182
108000111,23,103,-80
108000112,5,145,-140
108000113,171,91,80
108000115,78,24,54
108000117,158,35,123
108000118,54,245,-191
108000119,146,32,114
108000120,43,216,-173
108000121,85,25,60
108000122,238,51,187
108000123,270,14,256
108000124,56,14,42
108000125,266,15,251
108000126,36,2,34
108000127,347,43,304
108000128,235,9,226
108000129,43,9,34
108000130,238,64,174
108000131,289,58,231
108000132,33,50,-17
108000133,945,92,853
108000134,61,40,21
108000135,688,104,584
108000136,21,37,-16
108000137,187,40,147
108000138,56,158,-102
108000139,264,150,114
108000140,295,3,292
108000141,4,26,-22
108000142,11,11,0
108000143,21,21,0
108000144,526,7,519
108000145,24,18,6
108000146,415,20,395
108000147,6,3,3
108000148,222,6,216
108000149,0,0,0
108000150,41,26,15
108000151,4,51,-47
108000152,41,7,34
108000153,218,6,212
108000154,26,4,22
108000155,46,18,28
108000156,186,34,152
108000157,13,574,-561
108000158,26,153,-127
108000159,91,38,53
108000160,639,402,237
108000161,360,531,-171
108000165,12,44,-32
108000172,4,70,-66
108000173,424,542,-118
108000175,198,10,188
108000178,162,179,-17
108000179,100,428,-328
108000181,43,17,26
108000182,66,7,59
108000183,0,0,0
108000184,49,891,-842
108000185,3,7,-4
108000186,121,0,121
108000187,11,3,8
108000188,220,3,217
108000189,122,2829,-2707
108000190,0,0,0
108000192,45,24,21
108000193,6,91,-85
108000194,9,0,9
108000195,0,9,-9
108000196,76,1,75
108000198,110,47,63
108000199,0,0,0
108000200,142,1,141
108000203,0,0,0
108000204,12,17,-5
108000205,25,2,23
108000339,256,218,38
108000364,53,79,-26
108000365,10,17,-7
108000367,34,2,32
108000368,0,0,0
108000369,36,7,29
108000371,0,85,-85
108000372,211,1,210
108000373,82,12,70
108000376,27,4,23
108000377,368,92,276
108000378,4185,4218,-33
108000379,0,0,0
108000381,88,1,87
108000382,42,0,42
108000383,0,28,-28
108900001,1,20,-19
108900002,47,0,47
108900003,0,8,-8
108900004,164,54,110
108900007,67,7,60
108900008,8,8,0
108900009,51,3,48
108900010,30,2,28
108900011,196,8,188
108900012,174,13,161
108900013,47,26,21
108900014,0,10,-10
108900015,0,0,0
108900016,0,0,0
108900017,27,27,0
108900018,8,18,-10
108900019,0,14,-14
108900020,14,3,11
108900021,13,20,-7
108900022,12,0,12
108900023,4,2,2
108900024,0,15,-15
108900025,49,2,47
108900026,0,0,0
108900027,0,1,-1
108900028,4,13,-9
108900029,11,9,2
108900030,0,0,0
108900031,29,6,23
108900032,0,0,0
108900033,0,13,-13
108900034,0,1,-1
108900035,38,35,3
108900038,0,17,-17
108900039,0,8,-8
108900040,2,9,-7
108900041,376,366,10
108900042,0,10,-10
108900043,0,0,0
108900044,0,16,-16
108900045,30,48,-18
108900046,0,29,-29
108900047,2,21,-19
108900048,4,8,-4
108900049,52,238,-186
108900050,2,46,-44
108900051,0,6,-6
108900052,1,2,-1
108900053,6,42,-36
108900054,0,0,0
108900055,1,9,-8
108900056,0,2,-2
108900057,0,4,-4
108900058,0,17,-17
108900059,100,17,83
108900060,2,36,-34
108900061,2,0,2
108900062,1,27,-26
108900063,0,4,-4
108900064,30,1,29
108900065,0,16,-16
108900066,84,6,78
108900067,0,8,-8
108900068,0,22,-22
108900069,69,8,61
108900070,0,6,-6
108900071,35,1,34
108900072,73,55,18
108900073,5,6,-1
108900074,26,4,22
108900075,38,7,31
108900076,130,20,110
108900077,1,12,-11
108900078,29,6,23
108900079,26,7,19
108900080,3,68,-65
108900081,0,7,-7
108900082,2,0,2
108900083,1,12,-11
108900085,47,3,44
108900086,18,1,17
108900087,20,14,6
108900088,94,29,65
108900089,0,48,-48
108900090,35,3,32
108900091,3,9,-6
108900092,66,23,43
108900093,14,20,-6
108900094,27,3,24
108900095,1,4,-3
108900096,16,0,16
108900097,54,10,44
108900098,188,213,-25
108900099,93,10,83
108900100,11,2,9
108900101,23,9,14
108900102,1,209,-208
108900103,27,14,13
108900105,1,408,-407
108900106,86,26,60
108900108,32,17,15
108900109,78,1,77
108900110,9,9,0
108900111,74,12,62
108900113,34,12,22
108900114,21,1,20
108900115,35,13,22
108900116,1,0,1
108900117,63,2,61
108900118,121,1,120
108900119,176,1,175
108900120,55,43,12
108900121,49,1,48
108900122,72,2,70
108900123,32,24,8
108900124,36,1,35
108900125,97,1,96
108900126,25,6,19
108900127,62,2,60
108900128,115,9,106
108900129,64,0,64
108900130,104,2,102
108900131,209,4,205
108900132,53,2,51
108900133,68,2,66
108900134,232,5,227
108900135,71,0,71
108900136,13,4,9
108900137,50,0,50
108900138,264,6,258
108900140,193,9,184
108900141,173,1,172
108900142,38,0,38
108900143,19,0,19
108900144,17,0,17
108900145,67,0,67
108900146,7,0,7
108900147,198,0,198
108900148,6,2,4
108900150,49,13,36
108900151,3,0,3
108900152,76,0,76
108900153,94,13,81
108900154,1510,96,1414
108900156,39,0,39
108900157,1,3,-2
108900158,111,4,107
108900159,0,19,-19
108900160,9,24,-15
108900161,0,25,-25
108900162,17,0,17
108900163,1,176,-175
108900164,1,2,-1
108900168,254,368,-114
108900169,3,11,-8
108900171,106,448,-342
108900172,35,9,26
108900173,9,12,-3
108900174,187,27,160
108900176,0,4,-4
108900177,148,536,-388
108900178,156,677,-521
108900180,14,34,-20
108900183,5,15,-10
108900184,71,18,53
108900185,2,31,-29
108900186,4,29,-25
108900189,38,4,34
108900190,100,23,77
108900192,2,17,-15
108900195,6,6,0
108900196,0,0,0
108900199,6,23,-17
108900200,72,46,26
108900201,11,39,-28
108900203,121,58,63
108900204,117,1,116
108900205,28,1,27
108900206,35,1,34
108900207,29,19,10
108900208,30,27,3
108900209,23,11,12
108900210,0,0,0
108900211,2,34,-32
108900212,0,77,-77
108900215,0,3,-3
108900216,16,17,-1
108900217,2,0,2
108900218,9,1,8
108900221,0,0,0
108900224,0,0,0
108900225,0,0,0
108900227,10,48,-38
108900230,10,12,-2
108900232,0,10,-10
108900233,89,2,87
108900234,35,7,28
108900235,0,0,0
108900236,0,0,0
108900240,3,9,-6
108900241,0,3,-3
108900245,0,54,-54
108900250,20,0,20
108900258,0,2,-2
108900259,1,9,-8
108900260,0,1,-1
108900261,1,6,-5
108900262,9,3,6
108900263,6,1,5
108900264,0,9,-9
108900265,17,87,-70
108900266,18,207,-189
108900267,0,89,-89
108900268,2,3,-1
108900269,7,10,-3
108900270,17,0,17
108900271,16,2,14
108900272,68,3,65
108900273,45,151,-106
108900274,10,0,10
109000001,499,1495,-996
109000002,1,115,-114
109000003,975,127,848
109000004,2,72,-70
109000005,739,164,575
109000006,2,75,-73
109000007,783,243,540
109000008,4,61,-57
109000009,1130,362,768
109000010,24,101,-77
109000011,1568,620,948
109000012,10,64,-54
109000013,2133,1404,729
109000014,31,88,-57
109000015,2106,4552,-2446
109000016,26,94,-68
109000017,1323,369,954
109000018,20,80,-60
109000019,948,478,470
109000020,1,53,-52
109000023,75,0,75
109000024,0,24,-24
109000025,42,113,-71
109000026,193,95,98
109000027,44,85,-41
109000028,26,15,11
109000029,58,86,-28
109000030,0,0,0
109000031,131,26,105
109000032,0,1,-1
109000033,157,34,123
109000034,0,2,-2
109000035,0,3,-3
109000036,2,49,-47
109000037,59,768,-709
109000038,66,27,39
109000039,128,234,-106
109000040,77,1592,-1515
109000041,152,570,-418
109000042,102,299,-197
109000044,73,8,65
109000045,28,3,25
109000046,143,10,133
109000047,3,1,2
109000048,212,56,156
109000049,7,8,-1
109000050,127,43,84
109000051,1,33,-32
109000052,43,37,6
109000053,341,32,309
109000054,2,52,-50
109000055,5,52,-47
109000056,45,14,31
109000057,52,128,-76
109000058,95,4,91
109000059,5,209,-204
109000060,108,58,50
109000061,28,865,-837
109000062,21,80,-59
109000063,3,9,-6
109000064,112,29,83
109000065,0,31,-31
109000066,79,2,77
109000067,0,36,-36
109000068,59,0,59
109000069,114,1,113
109000070,0,15,-15
109000071,62,37,25
109000072,61,209,-148
109000073,11,54,-43
109000074,9,66,-57
109000075,60,19,41
109000076,62,114,-52
109000077,67,60,7
109000078,32,34,-2
109000079,22,21,1
109000080,72,16,56
109000081,43,52,-9
109000082,224,3,221
109000083,100,46,54
109000088,50,10,40
109000089,172,9,163
109000090,95,60,35
109000091,145,25,120
109000092,108,184,-76
109000093,118,30,88
109000094,260,1,259
109000095,0,24,-24
109000096,474,28,446
109000097,2,18,-16
109000098,54,19,35
109000099,354,13,341
109000100,10,75,-65
109000101,575,170,405
109000102,95,86,9
109000103,246,107,139
109000104,845,89,756
109000105,60,94,-34
109000106,759,125,634
109000107,71,110,-39
109000108,883,157,726
109000109,84,53,31
109000110,350,239,111
109000111,97,143,-46
109000112,22,12,10
109000113,167,16,151
109000114,76,99,-23
109000115,235,10,225
109000116,4,92,-88
109000117,86,8,78
109000118,2,56,-54
109000119,628,23,605
109000120,9,55,-46
109000121,339,20,319
109000122,29,60,-31
109000123,20,17,3
109000124,275,60,215
109000125,454,67,387
109000126,10,18,-8
109000127,1175,51,1124
109000128,32,32,0
109000129,997,79,918
109000130,45,60,-15
109000131,607,282,325
109000132,109,136,-27
109000133,2,32,-30
109000134,42,33,9
109000135,11,19,-8
109000136,124,93,31
109000137,276,20,256
109000138,136,40,96
109000139,240,38,202
109000140,125,86,39
109000141,236,28,208
109000142,22,62,-40
109000143,4,14,-10
109000145,16,40,-24
109000146,47,132,-85
109000148,0,0,0
109000149,13,146,-133
109000150,77,83,-6
109000155,118,199,-81
109000156,170,22,148
109000158,0,173,-173
109000159,10,37,-27
109000160,412,30,382
109000161,261,172,89
109000162,495,94,401
109000163,453,101,352
109000164,506,419,87
109000165,530,118,412
109000166,304,14,290
109000167,92,50,42
109000170,14,6,8
109000171,16,6,10
109000172,1,5,-4
109000173,0,7,-7
109000174,15,2,13
109000175,32,15,17
109000176,172,74,98
109000177,12,17,-5
109000178,204,66,138
109000179,360,553,-193
109000180,484,232,252
109000181,6,1,5
109000182,13,13,0
109000183,8,1,7
109000184,46,49,-3
109000185,0,30,-30
109000188,129,103,26
109000189,410,31,379
109000190,102,122,-20
109000191,188,44,144
109000192,251,2,249
109000193,61,6,55
109000194,75,3,72
109000195,26,4,22
109000196,100,4,96
109000197,99,22,77
109000198,106,7,99
109000199,9,2,7
109000206,127,21,106
109000207,78,3,75
109000208,43,45,-2
109000209,16,21,-5
109000210,6,20,-14
109000211,227,169,58
109000214,193,151,42
109000215,139,12,127
109000216,141,122,19
109000217,0,0,0
109000218,14,10,4
109000221,4,48,-44
109000222,315,33,282
109000223,54,86,-32
109000224,59,22,37
109000225,42,4,38
109000226,49,26,23
109000227,474,150,324
109000228,0,1,-1
109000231,0,13,-13
109000232,229,12,217
109000236,13,19,-6
109000241,408,148,260
109000242,314,76,238
109000293,5,11,-6
109000361,88,14,74
109000364,9,4,5
109000396,0,53,-53
109000397,390,0,390
109000399,57,71,-14
109000400,26,69,-43
109000403,1,511,-510
109000406,44,0,44
109000407,23,53,-30
109000408,0,41,-41
109000410,0,0,0
109000411,134,13,121
109000412,0,0,0
109900001,0,0,0
109900002,78,1,77
109900003,129,2,127
109900005,4,0,4
109900006,146,1,145
109900007,297,0,297
109900008,0,0,0
109900009,0,3,-3
109900010,0,0,0
109900011,1,6,-5
109900012,29,18,11
109900013,63,22,41
109900014,15,1,14
109900015,26,3,23
109900016,23,0,23
109900017,33,24,9
109900018,17,1,16
109900019,23,0,23
109900020,0,0,0
109900021,2,0,2
109900022,132,19,113
109900023,19,0,19
109900024,5,0,5
109900025,0,0,0
109900027,0,0,0
109900028,8,147,-139
109900029,0,9,-9
109900030,0,0,0
109900031,0,8,-8
109900032,0,0,0
109900033,0,7,-7
109900034,22,0,22
109900035,4,2,2
109900036,0,0,0
109900037,0,0,0
109900038,0,0,0
109900039,21,0,21
109900040,0,0,0
109900041,1,1,0
109900042,0,0,0
109900044,0,3,-3
109900045,5,0,5
109900046,84,16,68
109900047,22,23,-1
109900048,1,4,-3
109900049,0,3,-3
109900050,0,1,-1
109900051,0,2,-2
109900052,1,3,-2
109900053,0,9,-9
109900054,282,8,274
109900055,15,7,8
109900056,0,0,0
109900057,0,2,-2
109900058,2,0,2
109900060,148,10,138
109900061,4,7,-3
109900062,0,0,0
109900064,42,13,29
109900065,1,3,-2
109900066,0,27,-27
109900067,0,0,0
109900068,43,2,41
109900069,0,0,0
109900071,0,0,0
109900072,0,2,-2
109900073,108,1,107
109900074,0,0,0
109900075,0,0,0
109900076,7,6,1
109900077,0,20,-20
109900078,13,19,-6
109900080,3,5,-2
109900081,0,23,-23
109900082,12,5,7
109900083,6,1,5
109900084,0,0,0
109900085,12,8,4
109900086,3,178,-175
109900087,9,24,-15
109900089,25,7,18
109900092,0,0,0
109900093,36,1,35
109900094,0,0,0
109900095,2,5,-3
109900096,43,0,43
109900097,3,0,3
109900098,49,1,48
109900099,173,1,172
109900100,0,0,0
109900101,221,0,221
109900102,0,0,0
109900103,1,1,0
109900104,254,13,241
109900105,0,0,0
109900106,0,0,0
109900107,0,0,0
109900108,0,0,0
109900109,0,0,0
109900111,1,9,-8
109900114,94,13,81
109900115,18,26,-8
109900117,338,24,314
109900121,9,5,4
109900123,0,3,-3
109900125,0,20,-20
109900126,133,0,133
109900130,139,269,-130
109900131,1,1,0
109900132,0,0,0
109900134,0,0,0
109900135,0,0,0
109900137,5,5,0
109900140,14,7,7
109900149,0,0,0
109900150,0,1,-1
109900151,0,0,0
109900152,0,0,0
109900153,0,19,-19
109900154,0,0,0
109900155,21,1,20
109900157,0,18,-18
109900159,32,3,29
109900161,23,2,21
109900162,27,25,2
109900163,80,33,47
109900164,58,60,-2
109900165,45,0,45
109900166,0,19,-19
109900167,8,53,-45
109900168,31,44,-13
109900169,0,0,0
109900170,6,199,-193
109900171,29,38,-9
109900172,8,28,-20
109900173,40,255,-215
109900174,0,1,-1
109900175,0,0,0
109900176,0,0,0
109900177,0,0,0
109900178,0,0,0
109900179,0,0,0
109900180,0,1,-1
110000001,56,22,34
110000002,208,441,-233
110000003,78,178,-100
110000004,268,584,-316
110000005,134,682,-548
110000006,23,395,-372
110000007,19,3,16
110000008,7,14,-7
110000009,1,4,-3
110000010,40,17,23
110000011,4,5,-1
110000012,54,57,-3
110000013,10,189,-179
110000014,134,39,95
110000015,16,221,-205
110000016,157,496,-339
110000017,694,159,535
110000018,109,60,49
110000019,1,12,-11
110000020,80,24,56
110000021,55,45,10
110000022,93,2,91
110000023,1,25,-24
110000024,22,37,-15
110000025,301,1,300
110000026,1,49,-48
110000027,82,136,-54
110000028,505,175,330
110000029,31,81,-50
110000030,125,255,-130
110000031,58,55,3
110000032,289,77,212
110000033,26,12,14
110000034,100,114,-14
110000035,173,85,88
110000036,264,106,158
110000037,5,167,-162
110000038,64,90,-26
110000039,243,897,-654
110000040,136,37,99
110000041,194,684,-490
110000042,18,57,-39
110000043,195,162,33
110000044,2,32,-30
110000045,6,39,-33
110000046,13,1,12
110000047,0,12,-12
110000048,2,23,-21
110000049,2,16,-14
110000050,1,9,-8
110000051,0,12,-12
110000052,17,40,-23
110000053,2,5,-3
110000054,10,29,-19
110000055,25,22,3
110000056,33,55,-22
110000057,45,41,4
110000058,215,231,-16
110000059,97,58,39
110000060,529,170,359
110000061,31,79,-48
110000062,353,168,185
110000063,38,57,-19
110000064,6,2,4
110000065,31,48,-17
110000066,12,0,12
110000067,4,40,-36
110000068,43,8,35
110000069,151,1,150
110000071,86,3,83
110000073,2,0,2
110000075,10,0,10
110000076,33,53,-20
110000077,38,133,-95
110000078,39,2,37
110000080,19,73,-54
110000081,9,51,-42
110000082,0,109,-109
110000083,52,77,-25
110000084,323,421,-98
110000085,435,164,271
110000086,275,665,-390
110000087,15,6,9
110000088,26,5,21
110000089,86,10,76
110000090,33,22,11
110000091,37,14,23
110000092,0,13,-13
110000093,44,13,31
110000094,120,14,106
110000095,70,217,-147
110000096,187,232,-45
110000097,233,483,-250
110000098,553,89,464
110000099,174,99,75
110000100,291,0,291
110000101,0,28,-28
110000102,20,8,12
110000104,135,52,83
110000105,38,14,24
110000106,87,221,-134
110000107,12,84,-72
110000108,54,87,-33
110000109,3,8,-5
110000110,421,1088,-667
110000111,638,740,-102
110000112,109,186,-77
110000113,19,442,-423
110000114,58,169,-111
110000115,109,39,70
110000116,23,8,15
110000117,98,23,75
110000118,187,2,185
110000119,43,22,21
110000120,85,16,69
110000121,2,87,-85
110000122,81,78,3
110000123,208,32,176
110000124,0,99,-99
110000125,194,0,194
110000126,71,0,71
110000127,375,12,363
110000128,0,41,-41
110000129,0,40,-40
110000130,92,24,68
110000131,1,68,-67
110000132,0,18,-18
110000133,4,72,-68
110000134,0,52,-52
110000135,73,9,64
110000136,7,30,-23
110000137,120,19,101
110000138,140,49,91
110000139,406,58,348
110000140,405,131,274
110000143,119,30,89
110000144,743,332,411
110000145,264,144,120
110000146,284,110,174
110000147,12,191,-179
110000148,113,19,94
110000151,40,130,-90
110000152,113,376,-263
110000153,0,0,0
110000154,0,0,0
110000155,146,292,-146
110000156,85,293,-208
110000157,158,427,-269
110000160,138,74,64
110000161,26,84,-58
110000166,207,0,207
110000167,362,177,185
110000168,307,232,75
110000169,271,70,201
110000170,41,30,11
110000171,166,29,137
110000172,55,101,-46
110000173,173,200,-27
110000174,48,59,-11
110000175,289,21,268
110000176,44,224,-180
110000177,36,298,-262
110000178,139,646,-507
110000179,138,139,-1
110000180,21,96,-75
110000181,141,32,109
110000182,37,4,33
110000183,1339,1775,-436
110000184,50,856,-806
110000185,44,222,-178
110000186,46,129,-83
110000191,487,45,442
110000192,193,1,192
110000193,457,0,457
110000194,0,44,-44
110000195,212,7,205
110000196,126,7,119
110000197,17,9,8
110000198,22,2,20
110000199,10,12,-2
110000200,105,20,85
110000201,222,220,2
110000202,338,143,195
110000203,49,27,22
110000204,3,11,-8
110000205,78,9,69
110000206,31,32,-1
110000207,576,16,560
110000208,28,42,-14
110000209,4,16,-12
110000210,701,93,608
110000211,300,106,194
110000212,103,324,-221
110000213,42,3,39
110000214,36,13,23
110000215,9,27,-18
110000216,22,65,-43
110000217,187,11,176
110000218,47,35,12
110000219,151,31,120
110000220,4,15,-11
110000221,167,3,164
110000222,0,48,-48
110000223,14,14,0
110000224,0,0,0
110000225,42,46,-4
110000226,53,27,26
110000227,17,95,-78
110000228,34,6,28
110000229,0,19,-19
110000230,168,150,18
110000231,59,63,-4
110000232,20,42,-22
110000233,44,55,-11
110000234,62,87,-25
110000235,172,240,-68
110000236,0,0,0
110000237,291,106,185
110000238,384,142,242
110000239,439,164,275
110000240,0,2,-2
110000242,0,0,0
110000243,11,15,-4
110000244,2,4,-2
110000245,0,61,-61
110000246,213,58,155
110000247,126,241,-115
110000248,214,78,136
110000249,34,3,31
110000250,0,5,-5
110000251,53,76,-23
110000252,116,17,99
110000253,366,83,283
110000254,145,56,89
110000255,42,39,3
110000256,77,57,20
110000257,54,2,52
110000258,0,36,-36
110000259,15,1,14
110000260,11,39,-28
110000263,104,7,97
110000264,186,66,120
110000265,453,203,250
110000266,427,381,46
110000267,0,0,0
110000268,37,0,37
110000269,0,0,0
110000270,13,0,13
110000271,215,7,208
110000272,157,118,39
110000273,102,128,-26
110000274,45,562,-517
110000275,183,62,121
110000276,38,154,-116
110000277,121,28,93
110000278,57,73,-16
110000279,442,80,362
110000280,295,87,208
110000281,20,20,0
110000282,53,2,51
110000283,9,41,-32
110000284,1,5,-4
110000285,0,9,-9
110000286,0,0,0
110000287,13,0,13
110000288,0,0,0
110000289,77,774,-697
110000290,49,79,-30
110000291,183,210,-27
110000292,239,1160,-921
110000293,274,146,128
110000294,528,188,340
110000295,11,76,-65
110000296,245,32,213
110000297,451,7,444
110000298,0,17,-17
110000299,39,9,30
110000301,231,19,212
110000302,67,70,-3
110000303,206,2,204
110000304,26,16,10
110000305,491,8,483
110000306,6,42,-36
110000307,525,0,525
110000308,121,0,121
110000309,0,100,-100
110000310,292,7,285
110000311,0,106,-106
110000312,142,7,135
110000313,292,121,171
110000314,0,16,-16
110000315,298,407,-109
110000316,10,171,-161
110000317,7,17,-10
110000318,0,0,0
110000319,0,4,-4
110000320,0,8,-8
110000321,14,3,11
110000322,23,54,-31
110000323,122,42,80
110000324,137,57,80
110000325,552,912,-360
110000327,65,14,51
110000328,2,12,-10
110000333,171,286,-115
110000334,35,120,-85
110000335,65,78,-13
110000336,56,45,11
110000337,593,54,539
110000338,100,51,49
110000339,151,16,135
110000340,0,8,-8
110000341,123,8,115
110000342,20,0,20
110000343,0,0,0
110000344,0,12,-12
110000345,0,39,-39
110000346,527,275,252
110000347,710,160,550
110000348,0,0,0
110000349,1,2,-1
110000350,19,2,17
110000351,404,87,317
110000352,171,394,-223
110000353,594,76,518
110000354,124,654,-530
110000355,6,0,6
110000356,195,0,195
110000357,181,1,180
110000361,0,0,0
110000362,0,0,0
110000363,212,1,211
110000364,155,43,112
110000365,34,0,34
110000366,0,8,-8
110000367,59,17,42
110000368,0,1,-1
110000369,19,0,19
110000373,0,5,-5
110000374,1,7,-6
110000375,26,94,-68
110000376,18,21,-3
110000377,29,128,-99
110000378,0,50,-50
110000379,589,981,-392
110000380,219,3,216
110000383,0,43,-43
110000384,238,2,236
110000385,0,18,-18
110000387,9,0,9
110000388,3,25,-22
110000389,383,0,383
110000391,247,3,244
110000396,28,4,24
110000397,95,6,89
110000398,0,18,-18
110000399,72,37,35
110000587,33,7,26
110000589,90,35,55
110000640,49,1,48
110000652,2,12,-10
110000653,31,12,19
110000654,0,0,0
110000656,0,0,0
110000674,0,0,0
110000675,3,1,2
110000676,0,0,0
110000679,36,14,22
110000682,22,79,-57
110000683,150,115,35
110000684,0,0,0
110000685,0,3,-3
110000686,0,0,0
110000687,0,0,0
110000688,8,128,-120
110000689,43,0,43
110000692,3,21,-18
110000693,1,69,-68
110000694,0,1,-1
110000695,9,22,-13
110000696,26,14,12
110000698,48,326,-278
110000699,10,74,-64
110900001,44,0,44
110900002,61,0,61
110900003,216,2,214
110900004,118,0,118
110900005,0,0,0
110900006,17,0,17
110900007,27,2,25
110900008,0,0,0
110900009,9,40,-31
110900010,0,0,0
110900011,3,0,3
110900012,0,0,0
110900013,189,1,188
110900014,86,0,86
110900015,3,141,-138
110900016,0,0,0
110900017,126,1,125
110900018,32,21,11
110900019,27,0,27
110900020,0,0,0
110900021,0,0,0
110900022,0,0,0
110900023,2,33,-31
110900024,0,0,0
110900025,0,0,0
110900027,0,0,0
110900028,0,0,0
110900029,0,1,-1
110900030,0,0,0
110900031,0,0,0
110900032,0,0,0
110900033,1,7,-6
110900035,0,0,0
110900036,3,0,3
110900037,17,0,17
110900038,0,0,0
110900039,0,0,0
110900040,26,2,24
110900041,0,0,0
110900042,0,0,0
110900043,0,0,0
110900044,0,0,0
110900045,0,0,0
110900046,0,0,0
110900047,0,0,0
110900049,6,7,-1
110900050,2,0,2
110900052,0,0,0
110900053,0,0,0
110900054,0,0,0
110900055,0,0,0
110900056,0,0,0
110900057,0,0,0
110900058,0,0,0
110900059,5,1,4
110900060,22,3,19
110900061,0,0,0
110900062,0,0,0
110900063,0,0,0
110900064,1,0,1
110900065,9,35,-26
110900066,0,5,-5
110900067,0,0,0
110900068,0,0,0
110900069,0,0,0
110900070,0,0,0
110900071,0,0,0
110900073,0,4,-4
110900074,59,0,59
110900075,35,14,21
110900077,139,30,109
110900078,0,0,0
110900079,218,194,24
110900080,46,8,38
110900081,0,0,0
110900082,24,0,24
110900083,2,0,2
110900084,0,0,0
110900085,1,32,-31
110900086,9,19,-10
110900087,33,0,33
110900088,0,0,0
110900090,0,0,0
110900091,0,0,0
110900093,9,1,8
110900095,5,5,0
110900097,0,0,0
110900098,1,11,-10
110900099,0,28,-28
110900100,0,3,-3
110900102,12,10,2
110900105,47,4,43
110900108,4,0,4
110900111,3,0,3
110900112,101,1,100
110900113,3,0,3
110900115,0,0,0
110900116,143,44,99
110900118,1,355,-354
110900119,15,0,15
110900120,0,0,0
110900121,28,0,28
110900122,51,1,50
110900125,6,98,-92
110900127,0,0,0
110900128,22,49,-27
110900129,5,66,-61
110900130,21,96,-75
110900131,23,1,22
110900132,52,0,52
110900133,0,0,0
110900135,0,1,-1
110900136,18,0,18
110900138,0,0,0
110900139,1,1,0
110900140,0,0,0
110900141,10,3,7
110900142,0,0,0
110900143,31,4,27
110900144,0,0,0
110900145,8,34,-26
110900146,13,15,-2
110900147,0,0,0
110900148,0,0,0
110900149,0,0,0
110900150,0,3,-3
110900151,0,1,-1
110900152,14,9,5
110900153,23,0,23
111000001,303,203,100
111000002,105,1,104
111000003,572,225,347
111000004,29,36,-7
111000005,410,615,-205
111000006,54,19,35
111000007,863,859,4
111000008,76,135,-59
111000009,8,67,-59
111000010,318,157,161
111000011,3,259,-256
111000012,50,151,-101
111000013,23,312,-289
111000014,477,111,366
111000017,1,55,-54
111000018,8,3,5
111000020,18,87,-69
111000021,12,33,-21
111000023,34,80,-46
111000025,180,273,-93
111000029,1,1,0
111000030,2,1,1
111000031,468,235,233
111000032,317,121,196
111000033,36,20,16
111000034,4,78,-74
111000037,145,164,-19
111000038,411,159,252
111000039,283,254,29
111000040,265,265,0
111000041,63,101,-38
111000042,222,449,-227
111000043,763,757,6
111000044,589,98,491
111000045,1048,471,577
111000046,453,339,114
111000047,870,1587,-717
111000049,26,41,-15
111000050,113,44,69
111000051,20,48,-28
111000052,26,39,-13
111000053,49,33,16
111000054,49,34,15
111000055,86,91,-5
111000056,11,16,-5
111000057,20,25,-5
111000058,203,6,197
111000059,198,41,157
111000060,2138,204,1934
111000061,202,53,149
111000062,505,109,396
111000063,519,204,315
111000064,523,86,437
111000065,598,137,461
111000066,288,71,217
111000067,201,53,148
111000068,46,13,33
111000069,91,72,19
111000070,43,58,-15
111000071,27,12,15
111000072,526,208,318
111000073,95,456,-361
111000074,479,260,219
111000075,160,41,119
111000076,340,96,244
111000077,422,189,233
111000078,329,52,277
111000079,221,29,192
111000080,89,38,51
111000081,256,666,-410
111000082,125,59,66
111000084,148,131,17
111000085,286,317,-31
111000086,427,162,265
111000087,293,130,163
111000088,312,328,-16
111000089,257,183,74
111000090,127,239,-112
111000091,193,88,105
111000092,480,127,353
111000093,220,188,32
111000094,367,184,183
111000095,208,764,-556
111000096,259,1871,-1612
111000097,93,108,-15
111000098,63,39,24
111000099,45,109,-64
111000100,60,55,5
111000101,31,84,-53
111000102,0,19,-19
111000104,159,4,155
111000107,0,19,-19
111000109,156,19,137
111000110,235,68,167
111000111,962,11,951
111000112,625,27,598
111000113,266,573,-307
111000114,267,742,-475
111000115,627,154,473
111000116,74,52,22
111000117,74,58,16
111000118,199,53,146
111000119,479,53,426
111000120,129,43,86
111000121,85,81,4
111000122,130,136,-6
111000123,212,240,-28
111000124,70,268,-198
111000125,10,50,-40
111000126,7,69,-62
111000127,278,5,273
111000128,898,30,868
111000129,1135,103,1032
111000130,1250,99,1151
111000131,901,68,833
111000132,718,375,343
111000133,56,3,53
111000134,49,11,38
111000135,2,57,-55
111000136,258,30,228
111000138,0,0,0
111000140,0,1,-1
111000141,17,5,12
111000142,0,3,-3
111000143,0,3,-3
111000144,0,2,-2
111000145,22,2,20
111000146,53,0,53
111000147,23,0,23
111000148,3,6,-3
111000149,0,32,-32
111000150,2,0,2
111000151,0,3,-3
111000153,77,20,57
111000154,34,20,14
111000155,44,15,29
111000156,199,46,153
111000157,84,183,-99
111000158,322,252,70
111000159,477,220,257
111000160,160,16,144
111000161,1,110,-109
111000162,2,2,0
111000163,53,57,-4
111000164,8,215,-207
111000165,141,34,107
111000166,37,13,24
111000167,7,32,-25
111000168,40,29,11
111000169,69,6,63
111000170,39,20,19
111000171,50,20,30
111000172,45,24,21
111000173,88,66,22
111000174,22,15,7
111000175,24,45,-21
111000176,100,38,62
111000177,224,20,204
111000178,746,16,730
111000179,188,9,179
111000180,54,106,-52
111000181,248,42,206
111000182,79,15,64
111000183,72,37,35
111000184,152,31,121
111000185,61,1,60
111000186,22,0,22
111000187,80,10,70
111000188,104,25,79
111000189,7,48,-41
111000190,2,22,-20
111000191,5,7,-2
111000192,21,6,15
111000193,8,5,3
111000194,8,2,6
111000195,3,34,-31
111000196,4,6,-2
111000197,252,14,238
111000198,184,1,183
111000199,114,73,41
111000200,349,74,275
111000201,245,21,224
111000202,202,12,190
111000203,159,30,129
111000204,135,489,-354
111000213,92,94,-2
111000214,218,85,133
111000215,243,124,119
111000217,437,36,401
111000218,336,143,193
111000219,54,8,46
111000220,96,101,-5
111000221,62,18,44
111000224,0,19,-19
111000225,352,304,48
111000226,5,4,1
111000227,0,1,-1
111000228,1,355,-354
111000229,1,320,-319
111000230,68,23,45
111000231,326,31,295
111000232,255,139,116
111000233,243,98,145
111000234,13,114,-101
111000239,0,0,0
111000240,16,78,-62
111000241,0,0,0
111000242,10,22,-12
111000243,0,0,0
111000244,288,20,268
111000245,264,23,241
111000246,289,39,250
111000247,114,66,48
111000248,335,79,256
111000249,133,10,123
111000250,69,2,67
111000251,75,5,70
111000253,9,4,5
111000255,7,0,7
111000257,16,7,9
111000260,0,44,-44
111000261,362,25,337
111000271,1,21,-20
111000273,315,104,211
111000274,284,251,33
111000275,58,4,54
111000276,35,140,-105
111000277,61,45,16
111000278,173,27,146
111000291,522,2628,-2106
111000298,104,50,54
111000299,27,20,7
111000300,5,7,-2
111000302,81,44,37
111000303,97,21,76
111000312,26,3,23
111000315,0,18,-18
111000320,36,31,5
111000321,181,39,142
111000322,116,36,80
111000323,139,2,137
111000324,124,20,104
111000325,4,15,-11
111000326,31,61,-30
111000327,144,80,64
111000328,53,63,-10
111000329,0,10,-10
111000330,13,0,13
111000331,5,0,5
111000332,144,78,66
111000334,7,74,-67
111000335,278,21,257
111000337,385,1,384
111000338,7,3,4
111000339,136,5,131
111000340,7,58,-51
111000341,450,93,357
111000342,0,17,-17
111000344,341,58,283
111000345,17,0,17
111000346,1,2,-1
111000347,87,0,87
111000350,48,100,-52
111000351,3,118,-115
111000352,15,13,2
111000353,2,34,-32
111000354,31,13,18
111000355,8,42,-34
111000358,35,50,-15
111000360,63,25,38
111000361,25,8,17
111000546,61,7,54
111000547,108,43,65
111000548,17,4,13
111000549,45,15,30
111000550,0,65,-65
111000551,15,11,4
111000552,57,1,56
111000907,440,3,437
111000908,10,0,10
111000916,404,9,395
111000917,0,0,0
111000918,12,44,-32
111000920,136,0,136
111000921,0,6,-6
111000922,55,2,53
111000924,2,63,-61
111000925,1758,478,1280
111000926,362,263,99
111000927,909,1001,-92
111000928,549,301,248
111000929,1057,289,768
111000930,185,362,-177
111000931,918,372,546
111000932,341,343,-2
111000933,1364,946,418
111000934,141,290,-149
111000935,721,120,601
111000936,179,276,-97
111000937,483,216,267
111000938,266,165,101
111000939,271,6,265
111000940,224,19,205
111000941,89,21,68
111000943,231,66,165
111000944,39,26,13
111000945,250,1,249
111001109,213,77,136
111001110,18,2,16
111001111,33,2,31
111001112,128,2,126
111001113,0,17,-17
111001114,60,34,26
111001115,0,0,0
111001116,267,1626,-1359
111001117,10,59,-49
111001120,28,2,26
111001121,1,39,-38
111001122,45,36,9
111001123,211,47,164
111001124,18,0,18
111001125,5,314,-309
111001126,0,0,0
111001127,0,0,0
111001128,290,73,217
111001129,0,10,-10
111900001,3,0,3
111900002,0,21,-21
111900003,0,25,-25
111900004,0,2,-2
111900006,0,0,0
111900007,0,0,0
111900008,0,0,0
111900009,31,0,31
111900010,1,2,-1
111900012,2,0,2
111900013,0,5,-5
111900014,166,1057,-891
111900015,0,0,0
111900016,0,0,0
111900017,0,0,0
111900018,50,21,29
111900019,1,76,-75
111900020,0,2,-2
111900021,0,2,-2
111900022,0,1,-1
111900023,44,7,37
111900024,65,8,57
111900025,0,6,-6
111900026,0,0,0
111900027,1,1,0
111900028,0,0,0
111900029,0,1,-1
111900030,0,0,0
111900032,0,0,0
111900033,0,0,0
111900034,0,0,0
111900035,0,0,0
111900036,0,0,0
111900038,0,0,0
111900039,0,0,0
111900040,0,0,0
111900042,0,0,0
111900043,0,0,0
111900044,0,0,0
111900046,0,0,0
111900048,84,36,48
111900049,0,0,0
111900050,0,0,0
111900051,0,0,0
111900052,0,0,0
111900053,32,445,-413
111900054,0,0,0
111900055,0,18,-18
111900056,3,48,-45
111900057,45,12,33
111900058,175,5,170
111900059,44,18,26
111900060,0,0,0
111900061,0,7,-7
111900062,37,13,24
111900063,65,0,65
111900064,4,3,1
111900065,34,17,17
111900066,13,0,13
111900067,0,0,0
111900068,2,2,0
111900069,24,0,24
111900070,14,0,14
111900071,0,0,0
111900072,26,2,24
111900073,38,3,35
111900074,0,0,0
111900075,84,0,84
111900076,28,0,28
111900077,37,0,37
111900078,5,1,4
111900079,25,10,15
111900080,0,0,0
111900082,182,5,177
111900083,14,0,14
111900084,104,6,98
111900085,0,0,0
111900086,162,0,162
111900087,2,0,2
111900088,53,1,52
111900089,27,0,27
111900090,0,0,0
111900091,328,0,328
111900092,59,0,59
111900093,79,2,77
111900094,62,0,62
111900095,0,0,0
111900096,137,1,136
111900097,57,0,57
111900098,48,0,48
111900099,11,0,11
111900100,0,0,0
111900101,1,0,1
111900102,42,0,42
111900103,0,0,0
111900104,0,0,0
111900105,3,9,-6
111900106,67,17,50
111900110,0,0,0
111900111,53,0,53
111900112,0,0,0
111900113,31,7,24
111900118,12,1,11
111900119,3,9,-6
111900122,15,15,0
111900123,3,5,-2
111900124,17,3,14
111900125,40,0,40
111900126,23,0,23
111900127,0,0,0
111900128,0,0,0
111900129,43,0,43
111900130,0,0,0
111900131,27,0,27
111900132,0,0,0
111900133,0,0,0
111900134,0,0,0
111900135,0,0,0
111900136,0,0,0
111900137,4,1,3
111900138,1,19,-18
111900139,0,2,-2
111900140,38,4,34
111900141,3,1,2
111900142,14,4,10
111900143,0,0,0
111900144,0,0,0
111900145,0,0,0
111900146,0,0,0
111900147,0,0,0
111900148,0,0,0
111900149,0,0,0
111900150,0,0,0
111900151,0,0,0
111900152,0,0,0
111900153,0,0,0
111900154,0,0,0
111900155,0,0,0
111900156,0,0,0
111900157,0,0,0
111900158,0,0,0
111900159,0,0,0
111900160,0,0,0
111900161,3,0,3
111900162,0,0,0
111900163,0,0,0
111900164,0,0,0
111901113,78,2,76
111901114,11,0,11
111901115,0,0,0
111901116,0,0,0
111901117,0,0,0
111901118,0,2,-2
111901119,0,0,0
111901121,0,0,0
111901122,19,0,19
111901123,114,1,113
111901124,0,0,0
111901125,207,68,139
111901127,0,0,0
111901128,0,0,0
111901129,0,0,0
111901130,0,0,0
111901131,0,73,-73
111901132,6,6,0
111901133,0,0,0
111901134,0,0,0
111901135,0,0,0
111901138,0,0,0
111901139,0,0,0
111901140,0,0,0
111901141,0,0,0
111901142,0,0,0
111901143,0,0,0
111901144,0,0,0
111901145,0,0,0
111901146,0,0,0
111901147,16,1,15
111901148,0,0,0
111901149,0,0,0
111901150,0,0,0
111901151,0,0,0
111901152,0,0,0
112000001,1002,537,465
112000002,129,189,-60
112000003,569,278,291
112000004,9,63,-54
112000005,2170,1544,626
112000006,86,30,56
112000007,1432,1074,358
112000008,1251,1671,-420
112000009,1297,341,956
112000010,732,2200,-1468
112000011,582,215,367
112000012,1529,3323,-1794
112000013,429,310,119
112000014,133,2231,-2098
112000015,238,616,-378
112000016,304,1116,-812
112000017,127,460,-333
112000024,40,84,-44
112000026,194,318,-124
112000027,233,465,-232
112000028,236,64,172
112000029,118,383,-265
112000030,1,0,1
112000031,198,1464,-1266
112000032,6,1,5
112000033,304,1158,-854
112000034,7,1,6
112000035,2,21,-19
112000036,18,590,-572
112000037,32,81,-49
112000038,76,405,-329
112000039,67,37,30
112000040,6,10,-4
112000041,60,158,-98
112000042,247,42,205
112000050,454,452,2
112000051,546,573,-27
112000054,223,353,-130
112000057,10,1,9
112000058,3,118,-115
112000059,80,101,-21
112000061,296,155,141
112000062,60,401,-341
112000063,123,284,-161
112000064,428,304,124
112000065,315,62,253
112000066,539,611,-72
112000067,54,62,-8
112000068,794,676,118
112000069,13,108,-95
112000070,231,200,31
112000071,189,83,106
112000072,726,136,590
112000073,81,126,-45
112000074,413,165,248
112000075,553,305,248
112000076,709,189,520
112000077,533,73,460
112000078,461,112,349
112000079,838,267,571
112000080,202,185,17
112000081,160,316,-156
112000082,321,373,-52
112000083,148,190,-42
112000084,379,158,221
112000085,572,129,443
112000086,1104,265,839
112000087,160,44,116
112000088,252,111,141
112000089,37,41,-4
112000090,56,83,-27
112000091,94,59,35
112000092,801,99,702
112000093,162,51,111
112000094,401,63,338
112000095,338,37,301
112000096,441,75,366
112000097,645,153,492
112000098,24,24,0
112000099,143,873,-730
112000100,848,109,739
112000101,21,33,-12
112000102,489,49,440
112000103,52,23,29
112000105,61,40,21
112000106,942,30,912
112000107,38,7,31
112000108,179,85,94
112000109,103,32,71
112000110,461,124,337
112000111,48,101,-53
112000112,584,61,523
112000113,83,43,40
112000114,643,188,455
112000115,83,32,51
112000116,33,17,16
112000117,26,21,5
112000118,100,43,57
112000119,37,47,-10
112000120,1,11,-10
112000121,36,23,13
112000122,136,11,125
112000123,269,21,248
112000124,157,5,152
112000125,130,29,101
112000126,220,66,154
112000127,424,490,-66
112000128,28,244,-216
112000129,66,8,58
112000130,21,21,0
112000131,47,3,44
112000132,13,12,1
112000133,136,9,127
112000134,104,21,83
112000135,402,56,346
112000136,150,172,-22
112000137,384,138,246
112000138,100,107,-7
112000139,49,107,-58
112000140,20,50,-30
112000141,230,28,202
112000142,8,32,-24
112000143,522,17,505
112000144,23,36,-13
112000145,1014,87,927
112000146,71,47,24
112000147,895,236,659
112000148,78,60,18
112000149,104,40,64
112000150,6,23,-17
112000151,108,11,97
112000152,33,1,32
112000153,23,10,13
112000154,43,0,43
112000155,10,9,1
112000157,67,177,-110
112000158,102,27,75
112000159,92,33,59
112000167,7,1,6
112000169,106,413,-307
112000173,170,5,165
112000175,102,49,53
112000176,155,125,30
112000177,65,32,33
112000178,26,23,3
112000179,75,0,75
112000180,34,9,25
112000181,264,60,204
112000182,523,44,479
112000183,51,31,20
112000184,107,41,66
112000185,41,10,31
112000187,742,181,561
112000195,35,0,35
112000196,0,0,0
112000197,1,1,0
112000198,0,2,-2
112000199,7,18,-11
112000202,131,0,131
112000216,7,3,4
112000230,14,0,14
112000231,0,0,0
112000256,28,60,-32
112000313,14,7,7
112000314,0,1,-1
112000337,19,75,-56
112000352,1,24,-23
112000392,497,447,50
112000398,598,206,392
112000399,285,2167,-1882
112000400,244,435,-191
112000401,319,384,-65
112000402,1140,2341,-1201
112000403,224,1703,-1479
112000404,291,585,-294
112000405,1305,1226,79
112000406,500,491,9
112000407,2437,1836,601
112000408,755,563,192
112000409,243,458,-215
112000410,0,0,0
112000411,91,16,75
112000412,0,0,0
112000413,32,219,-187
112000414,63,2,61
112000415,44,5,39
112000416,990,398,592
112000417,82,103,-21
112000421,27,1,26
112000422,28,24,4
112000424,99,549,-450
112000425,2,4,-2
112000426,12,35,-23
112000427,0,0,0
112000428,23,37,-14
112000429,425,550,-125
112000430,696,1173,-477
112000431,81,54,27
112000432,27,38,-11
112000433,71,151,-80
112000437,59,49,10
112900001,36,0,36
112900002,87,0,87
112900003,25,0,25
112900004,33,0,33
112900005,14,0,14
112900007,23,0,23
112900008,0,1,-1
112900009,61,3,58
112900010,11,0,11
112900011,0,0,0
112900012,0,0,0
112900013,0,3,-3
112900014,0,0,0
112900015,1,4,-3
112900016,0,0,0
112900017,0,1,-1
112900018,12,3,9
112900019,0,0,0
112900020,6,12,-6
112900021,0,0,0
112900022,1,0,1
112900023,0,0,0
112900024,0,0,0
112900025,0,0,0
112900026,0,0,0
112900027,0,0,0
112900028,0,0,0
112900029,42,0,42
112900030,12,0,12
112900031,0,0,0
112900032,0,0,0
112900034,2,0,2
112900035,0,0,0
112900036,0,0,0
112900037,0,0,0
112900038,0,0,0
112900039,0,0,0
112900040,0,0,0
112900041,1,39,-38
112900042,0,0,0
112900043,0,0,0
112900044,0,0,0
112900045,0,0,0
112900046,0,0,0
112900047,0,0,0
112900049,0,0,0
112900050,0,0,0
112900051,0,0,0
112900052,0,0,0
112900053,0,0,0
112900054,5,1,4
112900055,0,0,0
112900056,0,0,0
112900057,0,0,0
112900058,0,4,-4
112900059,0,0,0
112900060,0,0,0
112900061,0,0,0
112900062,0,0,0
112900063,0,0,0
112900064,0,0,0
112900065,0,0,0
112900066,14,16,-2
112900067,0,0,0
112900068,0,0,0
112900069,0,0,0
112900071,0,0,0
112900072,2,11,-9
112900073,53,17,36
112900074,0,0,0
112900075,41,4,37
112900076,0,0,0
112900078,0,0,0
112900079,0,0,0
112900080,0,0,0
112900081,1,3,-2
112900082,42,9,33
112900083,2,6,-4
112900084,0,0,0
112900086,0,0,0
112900087,13,0,13
112900088,22,0,22
112900089,116,4,112
112900090,2,2,0
112900091,0,0,0
112900092,0,0,0
112900093,0,0,0
112900095,0,0,0
112900096,36,7,29
112900097,0,2,-2
112900098,3,0,3
112900099,144,3,141
112900100,2,1,1
112900101,0,0,0
112900102,0,0,0
112900103,0,0,0
112900104,0,0,0
112900105,0,0,0
112900106,11,2,9
112900107,0,0,0
112900108,1,0,1
112900109,4,0,4
112900110,0,0,0
112900111,0,0,0
112900112,0,0,0
112900113,0,0,0
112900114,1,0,1
112900115,347,0,347
112900116,9,0,9
112900117,0,0,0
112900118,0,0,0
112900119,0,0,0
112900120,0,0,0
112900121,0,0,0
112900122,0,0,0
112900123,0,0,0
112900124,0,0,0
112900125,0,0,0
112900126,1,4,-3
112900127,0,0,0
112900128,0,0,0
112900129,0,4,-4
112900130,0,0,0
112900131,0,0,0
112900132,0,0,0
112900133,1,2,-1
112900134,0,8,-8
112900135,0,0,0
112900137,16,6,10
112900138,0,1,-1
112900139,0,0,0
112900141,98,0,98
112900142,0,0,0
112900143,0,0,0
112900144,0,0,0
112900145,0,0,0
112900146,0,0,0
112900147,0,0,0
112900148,0,0,0
112900149,0,0,0
112900151,0,0,0
112900152,69,11,58
112900153,1,46,-45
112900154,0,0,0
112900155,6,0,6
112900156,3,0,3
112900157,97,1,96
112900158,0,0,0
112900159,0,0,0
112900160,0,0,0
112900161,0,0,0
112900162,0,0,0
112900163,0,0,0
112900164,0,0,0
112900165,0,0,0
112900166,0,0,0
112900167,0,0,0
112900168,0,0,0
112900169,0,0,0
112900170,0,0,0
112900172,0,0,0
112900173,0,0,0
112900174,0,0,0
112900175,0,0,0
112900176,0,0,0
112900177,0,0,0
112900178,0,0,0
112900179,0,5,-5
112900180,104,14,90
112900181,0,0,0
112900182,0,0,0
112900183,0,0,0
112900184,17,9,8
112900185,0,3,-3
112900186,33,36,-3
112900187,0,0,0
112900188,14,34,-20
112900189,0,0,0
112900190,0,0,0
112900192,73,20,53
112900193,41,10,31
112900194,0,0,0
112900195,46,0,46
112900196,35,8,27
112900197,0,7,-7
112900199,51,1,50
112900200,3,1,2
112900201,0,0,0
112900202,0,7,-7
112900203,1,0,1
112900204,9,8,1
112900205,3,0,3
112900206,2,0,2
112900207,11,0,11
112900208,0,0,0
112900209,0,0,0
112900210,3,0,3
112900211,0,0,0
112900212,0,0,0
112900213,0,0,0
112900214,0,0,0
112900215,0,0,0
112900216,0,0,0
112900217,0,0,0
112900218,54,0,54
112900219,0,0,0
112900220,0,0,0
112900221,0,0,0
112900222,0,0,0
112900223,76,0,76
112900224,31,0,31
112900225,1,0,1
112900226,0,0,0
112900227,172,8,164
112900228,0,0,0
112900229,0,0,0
112900230,118,61,57
112900232,0,0,0
112900233,0,0,0
112900234,0,0,0
112900235,0,0,0
112900236,0,0,0
112900237,47,2,45
112900238,0,0,0
112900239,0,0,0
112900240,0,0,0
112900241,0,0,0
112900242,0,0,0
112900243,0,0,0
112900244,0,0,0
112900245,0,0,0
112900246,0,0,0
112900247,0,0,0
112900248,0,0,0
112900249,3,0,3
112900250,0,0,0
112900251,2,0,2
112900252,12,0,12
112900253,0,0,0
112900254,0,1,-1
112900255,0,1,-1
112900256,1,1,0
112900257,0,0,0
112900258,2,0,2
113000001,857,1073,-216
113000002,1017,1079,-62
113000003,235,441,-206
113000004,239,474,-235
113000005,179,240,-61
113000006,97,545,-448
113000007,281,180,101
113000008,177,444,-267
113000009,208,144,64
113000010,279,210,69
113000011,196,57,139
113000012,432,82,350
113000013,41,82,-41
113000014,178,278,-100
113000015,19,36,-17
113000016,5,41,-36
113000017,0,8,-8
113000018,31,1,30
113000019,0,0,0
113000020,209,26,183
113000021,328,62,266
113000022,184,196,-12
113000025,4,18,-14
113000026,111,143,-32
113000027,71,135,-64
113000028,1,67,-66
113000029,100,265,-165
113000030,0,0,0
113000031,0,0,0
113000032,38,48,-10
113000033,79,49,30
113000034,1,2,-1
113000035,0,0,0
113000036,1,9,-8
113000037,0,0,0
113000038,14,9,5
113000039,0,2,-2
113000040,1,0,1
113000042,103,181,-78
113000051,253,706,-453
113000052,218,99,119
113000053,73,43,30
113000054,34,308,-274
113000055,465,126,339
113000056,426,88,338
113000058,68,194,-126
113000059,281,87,194
113000060,70,123,-53
113000061,113,130,-17
113000062,82,32,50
113000063,79,28,51
113000064,40,29,11
113000065,84,66,18
113000066,296,57,239
113000067,546,104,442
113000068,199,113,86
113000069,110,112,-2
113000070,566,86,480
113000071,91,67,24
113000072,207,28,179
113000073,36,160,-124
113000074,121,70,51
113000075,353,105,248
113000076,93,512,-419
113000077,81,182,-101
113000078,98,130,-32
113000079,30,49,-19
113000080,57,79,-22
113000081,140,154,-14
113000082,128,9,119
113000083,126,251,-125
113000084,292,137,155
113000085,334,195,139
113000086,185,155,30
113000087,201,475,-274
113000088,115,86,29
113000089,235,616,-381
113000090,26,171,-145
113000091,29,0,29
113000094,367,125,242
113000095,59,6,53
113000096,64,11,53
113000097,94,52,42
113000098,2,3,-1
113000099,249,63,186
113000100,29,23,6
113000101,2,8,-6
113000102,55,63,-8
113000103,411,103,308
113000104,326,584,-258
113000105,263,73,190
113000106,86,47,39
113000107,334,273,61
113000108,356,194,162
113000109,43,260,-217
113000110,345,218,127
113000111,20,53,-33
113000112,96,149,-53
113000113,287,209,78
113000114,0,168,-168
113000116,20,36,-16
113000117,49,13,36
113000118,2,143,-141
113000119,78,15,63
113000120,52,138,-86
113000121,48,28,20
113000124,90,60,30
113000125,3,301,-298
113000127,116,11,105
113000128,126,110,16
113000129,0,0,0
113000133,163,0,163
113000134,6,288,-282
113000135,1010,1194,-184
113000137,219,689,-470
113000139,24,22,2
113000140,5,0,5
113000141,16,39,-23
113000142,22,114,-92
113000143,72,88,-16
113000144,11,10,1
113000145,57,7,50
113000146,0,0,0
113000147,0,0,0
113000148,91,6,85
113000149,94,91,3
113000150,0,0,0
113000151,1,2,-1
113000152,2,82,-80
113000153,68,61,7
113000154,43,235,-192
113000155,80,176,-96
113000156,38,31,7
113000157,23,69,-46
113000158,76,8,68
113000159,157,5,152
113000160,106,47,59
113000161,118,42,76
113000162,0,0,0
113000163,12,6,6
113000164,0,0,0
113000166,83,9,74
113000167,0,0,0
113000168,0,0,0
113000169,100,1,99
113000170,63,13,50
113000171,0,0,0
113000172,80,4,76
113000173,45,3,42
113000174,0,0,0
113000175,154,16,138
113000176,165,11,154
113000177,0,0,0
113000178,0,0,0
113000179,131,4,127
113000180,264,497,-233
113000181,464,363,101
113000182,7,23,-16
113000183,42,214,-172
113000184,0,0,0
113000189,7,94,-87
113000190,14,14,0
113000192,215,715,-500
113000193,412,616,-204
113000194,151,411,-260
113000195,156,444,-288
113000196,100,114,-14
113000197,283,519,-236
113000198,19,95,-76
113000199,210,40,170
113000201,4,39,-35
113000202,469,117,352
113000203,19,8,11
113000204,65,678,-613
113000205,0,0,0
113000206,0,4,-4
113000207,0,0,0
113000208,0,6,-6
113000209,0,0,0
113000210,0,0,0
113000211,8,33,-25
113000212,1,2,-1
113000213,22,17,5
113000214,1,1,0
113000234,5,36,-31
113000410,0,10,-10
113000411,312,484,-172
113000412,606,355,251
113000413,182,489,-307
113000414,394,2318,-1924
113000415,209,283,-74
113000416,310,311,-1
113000417,100,206,-106
113000418,984,931,53
113000419,268,531,-263
113000420,629,1140,-511
113000421,1281,2049,-768
113000422,764,1762,-998
113000423,148,922,-774
113000424,357,1774,-1417
113000425,0,25,-25
113000428,0,0,0
113000430,0,0,0
113000432,527,45,482
113000433,3,97,-94
113000434,0,0,0
113000435,0,0,0
113000436,0,18,-18
113000437,367,2,365
113000438,12,0,12
113000439,0,0,0
113000440,23,3,20
113000441,99,33,66
113000442,0,0,0
113000443,42,5,37
113000444,0,0,0
113000445,24,12,12
113000446,0,0,0
113000448,0,0,0
113000449,2,308,-306
113000450,15,541,-526
113000451,0,0,0
113000452,33,163,-130
113000453,0,0,0
113000454,35,48,-13
113000455,0,0,0
113000456,51,29,22
113000468,92,5,87
113000469,1,19,-18
113000470,52,19,33
113000471,6,50,-44
113000472,10,7,3
113000474,557,396,161
113000475,331,403,-72
113000476,493,763,-270
113000477,1313,566,747
113000478,828,813,15
113000479,3,5,-2
113000483,0,0,0
113000484,0,0,0
113000485,0,0,0
113000486,0,0,0
113000487,0,0,0
113000488,0,0,0
113000489,0,0,0
113000490,0,0,0
113000491,0,0,0
113000492,0,0,0
113000493,0,0,0
113000495,0,0,0
113000496,24,27,-3
113900001,0,0,0
113900002,0,0,0
113900003,0,0,0
113900004,0,0,0
113900005,0,0,0
113900006,0,0,0
113900007,0,0,0
113900008,0,0,0
113900009,0,0,0
113900010,0,0,0
113900011,0,0,0
113900012,0,0,0
113900013,0,0,0
113900014,81,1,80
113900015,0,0,0
113900016,0,0,0
113900017,0,0,0
113900018,0,0,0
113900019,3,0,3
113900020,59,0,59
113900022,5,0,5
113900023,0,0,0
113900024,0,0,0
113900025,33,6,27
113900026,5,0,5
113900027,0,0,0
113900028,0,0,0
113900029,0,0,0
113900030,34,0,34
113900031,0,0,0
113900032,0,0,0
113900033,0,0,0
113900035,0,0,0
113900036,0,0,0
113900037,0,0,0
113900038,0,0,0
113900039,54,0,54
113900040,0,0,0
113900041,0,0,0
113900042,0,0,0
113900043,0,0,0
113900044,2,25,-23
113900045,0,0,0
113900046,0,0,0
113900047,0,0,0
113900048,0,0,0
113900049,0,0,0
113900050,3,2,1
113900051,0,0,0
113900052,1,8,-7
113900053,50,84,-34
113900054,0,0,0
113900055,0,0,0
113900056,0,0,0
113900057,0,0,0
113900058,0,0,0
113900059,0,0,0
113900060,0,0,0
113900061,5,2,3
113900062,0,0,0
113900063,0,0,0
113900064,0,0,0
113900065,126,5,121
113900066,0,0,0
113900067,6,1,5
113900068,49,64,-15
113900069,0,0,0
113900070,1,0,1
113900071,0,0,0
113900072,0,0,0
113900073,96,59,37
113900074,41,3,38
113900075,31,167,-136
113900076,0,0,0
113900077,0,0,0
113900078,0,0,0
113900079,0,0,0
113900080,3,0,3
113900081,0,0,0
113900082,0,0,0
113900083,14,4,10
113900084,4,11,-7
113900085,0,0,0
113900086,0,0,0
113900087,0,0,0
113900088,0,0,0
113900089,114,1,113
113900090,1,1,0
113900091,0,0,0
113900092,0,0,0
113900093,0,0,0
113900094,4,16,-12
113900095,3,6,-3
113900096,0,0,0
113900097,0,0,0
113900098,174,5,169
113900099,0,0,0
113900100,0,0,0
113900101,0,0,0
113900102,0,0,0
113900103,1,22,-21
113900104,40,21,19
113900105,0,0,0
113900106,0,0,0
113900107,0,0,0
113900108,0,0,0
113900109,0,0,0
113900110,0,0,0
113900111,0,0,0
113900112,6,0,6
113900113,4,8,-4
113900114,0,0,0
113900115,0,0,0
113900116,0,0,0
113900117,0,0,0
113900118,0,10,-10
113900119,1,26,-25
113900120,0,0,0
113900121,0,0,0
113900122,4,685,-681
113900123,1,0,1
113900124,0,0,0
113900125,26,0,26
113900126,0,0,0
113900127,0,0,0
113900128,0,0,0
113900129,0,26,-26
113900130,0,0,0
113900131,0,0,0
113900132,0,0,0
113900133,0,0,0
113900135,0,0,0
113900136,0,0,0
113900137,1,0,1
113900138,0,0,0
113900139,0,0,0
113900140,5,35,-30
113900141,0,0,0
113900142,0,0,0
113900143,0,0,0
113900144,12,8,4
113900145,0,0,0
113900146,0,0,0
113900148,0,0,0
113900149,0,0,0
113900150,3,3,0
113900151,0,0,0
113900152,0,3,-3
113900153,0,0,0
113900154,0,0,0
113900155,0,0,0
113900156,0,0,0
113900157,0,4,-4
113900158,0,0,0
113900159,0,0,0
113900160,0,0,0
113900161,0,0,0
113900162,2,16,-14
113900163,0,0,0
113900164,2,0,2
113900165,0,0,0
113900166,0,0,0
113900167,0,0,0
113900168,0,0,0
113900169,0,0,0
113900171,0,0,0
113900172,0,0,0
113900173,0,2,-2
113900174,0,0,0
113900175,58,1,57
113900176,0,0,0
113900177,4,4,0
113900178,0,0,0
113900179,0,20,-20
113900180,4,0,4
113900181,45,0,45
113900182,0,0,0
113900183,0,5,-5
113900184,0,38,-38
113900185,1,0,1
113900186,0,0,0
113900187,0,1,-1
113900188,0,0,0
113900189,0,0,0
113900190,0,0,0
113900191,0,0,0
113900192,0,0,0
113900193,0,0,0
113900194,3,3,0
113900195,0,0,0
113900196,0,0,0
113900197,0,1,-1
113900198,0,0,0
113900199,0,2,-2
113900200,0,0,0
113900201,0,2,-2
113900202,0,0,0
113900203,0,5,-5
113900204,0,0,0
113900205,0,0,0
113900206,0,0,0
113900207,0,0,0
113900208,0,0,0
113900209,0,0,0
113900210,0,0,0
113900211,0,0,0
113900212,62,4,58
113900214,1,0,1
113900215,123,1,122
113900216,0,0,0
113900217,0,0,0
113900218,0,0,0
113900219,0,0,0
113900220,0,0,0
113900221,0,20,-20
113900222,0,0,0
113900223,0,0,0
113900224,0,0,0
113900225,20,4,16
113900226,6,1,5
113900227,2,3,-1
113900228,0,0,0
113900229,0,8,-8
113900230,70,1,69
113900231,0,0,0
113900232,0,0,0
113900233,0,0,0
113900234,0,0,0
113900235,0,0,0
113900236,56,4,52
113900237,0,0,0
113900238,1,7,-6
113900239,0,0,0
113900240,0,0,0
113900241,0,0,0
113900242,0,0,0
113900243,2,7,-5
113900244,2,1,1
113900245,0,6,-6
113900246,0,1,-1
113900247,9,80,-71
113900248,0,0,0
113900249,13,36,-23
113900250,2,27,-25
113900251,135,0,135
113900252,107,1,106
113900253,78,3,75
113900254,59,34,25
113900255,263,8,255
113900256,118,4,114
113900257,0,25,-25
113900258,0,28,-28
113900259,119,2,117
113900260,116,0,116
113900261,0,0,0
113900262,23,0,23
113900263,0,1,-1
113900264,0,0,0
113900265,5,0,5
113900266,3,0,3
113900267,0,0,0
113900268,1,51,-50
113900269,0,0,0
113900270,0,0,0
113900271,0,0,0
113900273,0,0,0
113900274,1,0,1
113900275,0,0,0
113900276,0,1,-1
113900277,22,0,22
113900278,0,0,0
113900279,0,0,0
113900280,17,6,11
113900281,1,61,-60
113900282,0,0,0
113900283,0,0,0
113900284,186,78,108
113900285,1,0,1
113900286,0,0,0
113900287,0,0,0
113900288,0,0,0
113900289,0,0,0
113900290,0,0,0
113900291,0,0,0
113900292,0,2,-2
113900293,0,0,0
113900294,168,1,167
113900295,21,33,-12
113900296,44,7,37
113900297,131,0,131
113900298,0,0,0
113900299,0,0,0
113900300,198,11,187
113900301,26,1,25
113900302,31,10,21
113900303,0,0,0
113900304,0,0,0
113900305,24,0,24
113900306,0,0,0
113900307,0,0,0
113900308,0,0,0
113900309,0,1,-1
113900310,0,0,0
113900311,1,0,1
113900312,0,0,0
113900313,0,0,0
113900314,0,0,0
113900315,2,0,2
114000001,234,198,36
114000002,37,48,-11
114000003,10,23,-13
114000004,42,18,24
114000005,32,5,27
114000006,260,236,24
114000007,140,87,53
114000008,226,180,46
114000009,154,132,22
114000011,1011,178,833
114000012,1192,129,1063
114000013,692,200,492
114000014,103,35,68
114000015,193,9,184
114000016,5,44,-39
114000017,2,105,-103
114000018,3,9,-6
114000026,829,220,609
114000027,979,505,474
114000028,447,800,-353
114000038,34,3,31
114000039,0,0,0
114000040,48,72,-24
114000042,32,50,-18
114000043,118,27,91
114000044,80,21,59
114000045,25,7,18
114000046,276,449,-173
114000047,14,38,-24
114000048,21,52,-31
114000049,439,283,156
114000050,264,276,-12
114000051,496,645,-149
114000052,446,727,-281
114000053,83,106,-23
114000054,18,219,-201
114000055,5,3,2
114000056,0,56,-56
114000057,369,418,-49
114000058,1,30,-29
114000059,1,32,-31
114000060,35,142,-107
114000061,412,870,-458
114000062,49,322,-273
114000063,116,129,-13
114000064,184,282,-98
114000065,114,250,-136
114000066,223,280,-57
114000067,22,174,-152
114000068,48,103,-55
114000069,115,36,79
114000070,613,511,102
114000071,44,12,32
114000072,58,10,48
114000073,22,27,-5
114000074,1,5,-4
114000075,27,3,24
114000076,5,11,-6
114000077,2,11,-9
114000078,9,11,-2
114000079,18,0,18
114000080,9,31,-22
114000081,22,103,-81
114000082,11,44,-33
114000083,0,0,0
114000084,52,33,19
114000085,2,20,-18
114000086,5,13,-8
114000087,0,0,0
114000088,22,3,19
114000089,38,24,14
114000090,219,352,-133
114000091,215,182,33
114000092,109,37,72
114000093,313,132,181
114000094,177,109,68
114000095,26,109,-83
114000096,35,41,-6
114000097,13,45,-32
114000098,228,70,158
114000099,175,21,154
114000100,1013,42,971
114000101,77,40,37
114000102,123,61,62
114000103,93,53,40
114000104,0,15,-15
114000105,3,4,-1
114000106,61,155,-94
114000107,88,10,78
114000108,30,24,6
114000109,376,566,-190
114000110,3,14,-11
114000111,727,250,477
114000112,2,14,-12
114000113,676,48,628
114000114,3,9,-6
114000115,894,211,683
114000116,586,1297,-711
114000117,1305,102,1203
114000118,1264,105,1159
114000119,1186,152,1034
114000120,161,99,62
114000121,0,1,-1
114000122,60,24,36
114000123,675,94,581
114000124,270,41,229
114000125,140,172,-32
114000126,527,49,478
114000127,25,7,18
114000128,179,49,130
114000130,129,94,35
114000131,49,26,23
114000132,85,22,63
114000133,83,47,36
114000134,0,0,0
114000138,0,0,0
114000139,96,139,-43
114000144,136,151,-15
114000145,0,0,0
114000146,0,0,0
114000147,513,763,-250
114000148,177,247,-70
114000149,19,57,-38
114000150,12,37,-25
114000151,67,711,-644
114000152,7,1,6
114000153,51,265,-214
114000154,71,60,11
114000155,363,584,-221
114000156,170,270,-100
114000157,44,303,-259
114000158,62,47,15
114000159,42,29,13
114000160,2,33,-31
114000161,179,507,-328
114000162,601,792,-191
114000163,0,0,0
114000165,68,176,-108
114000166,71,46,25
114000167,460,251,209
114000168,43,2,41
114000169,277,358,-81
114000170,429,166,263
114000171,640,2321,-1681
114000174,18,2,16
114000176,8,0,8
114000177,19,8,11
114000178,41,15,26
114000179,353,240,113
114000180,9,4,5
114000181,197,1263,-1066
114000182,217,339,-122
114000183,46,43,3
114000184,77,57,20
114000185,464,284,180
114000189,562,26,536
114000190,1435,284,1151
114000191,25,71,-46
114000192,0,0,0
114000193,0,0,0
114000194,432,207,225
114000195,157,33,124
114000196,0,0,0
114000197,856,1,855
114000198,0,0,0
114000199,1,34,-33
114000200,83,41,42
114000201,35,35,0
114000202,303,177,126
114000203,155,144,11
114000204,0,0,0
114000205,5,102,-97
114000206,39,87,-48
114000207,66,69,-3
114000208,52,22,30
114000209,30,105,-75
114000210,17,107,-90
114000211,917,305,612
114000212,303,286,17
114000213,851,300,551
114000214,12,0,12
114000215,19,0,19
114000216,335,104,231
114000217,234,69,165
114000218,98,23,75
114000219,296,43,253
114000220,0,0,0
114000221,372,23,349
114000222,6,62,-56
114000223,359,27,332
114000224,3,85,-82
114000225,70,25,45
114000226,139,7,132
114000227,570,162,408
114000228,412,86,326
114000229,422,171,251
114000230,814,175,639
114000231,383,194,189
114000232,501,80,421
114000233,926,10,916
114000234,600,259,341
114000235,378,172,206
114000236,0,0,0
114000237,52,94,-42
114000238,74,219,-145
114000239,29,159,-130
114000240,336,205,131
114000241,65,86,-21
114000242,88,61,27
114000243,836,427,409
114000244,257,55,202
114000245,39,81,-42
114000246,0,0,0
114000247,321,159,162
114000248,599,251,348
114000249,598,114,484
114000250,212,36,176
114000251,146,24,122
114000252,0,2,-2
114000253,9,16,-7
114000254,0,0,0
114000255,16,61,-45
114000256,65,159,-94
114000257,49,129,-80
114000258,64,20,44
114000259,0,2,-2
114000260,0,0,0
114000261,31,11,20
114000262,0,0,0
114000263,3,0,3
114000264,168,17,151
114000265,0,0,0
114000267,5,292,-287
114000268,0,0,0
114000270,53,1,52
114000271,65,29,36
114000283,463,63,400
114000285,0,0,0
114000288,5,6,-1
114000289,124,7,117
114000293,45,8,37
114000294,63,165,-102
114000395,343,15,328
114000396,137,65,72
114000402,291,94,197
114000403,134,31,103
114000405,112,33,79
114000423,118,20,98
114000424,172,102,70
114000425,317,68,249
114000426,81,226,-145
114000427,42,3,39
114000428,22,47,-25
114000429,19,9,10
114000432,35,5,30
114000434,1,4,-3
114000435,0,0,0
114900001,129,33,96
114900002,43,6,37
114900003,143,33,110
114900004,22,46,-24
114900005,52,17,35
114900006,0,11,-11
114900007,12,2,10
114900008,31,12,19
114900010,40,42,-2
114900011,48,2,46
114900013,2,12,-10
114900018,29,3,26
114900020,1,3,-2
114900022,2,30,-28
114900025,89,12,77
114900026,27,6,21
114900029,11,0,11
114900030,81,5,76
114900031,69,0,69
114900032,77,0,77
114900034,0,0,0
114900035,0,6,-6
114900036,128,31,97
114900039,2,0,2
114900040,0,0,0
114900041,17,0,17
114900042,17,0,17
114900044,2,2,0
114900047,0,43,-43
114900048,0,0,0
114900049,0,0,0
114900050,0,0,0
114900051,0,0,0
114900052,0,0,0
114900053,0,0,0
114900054,0,0,0
114900057,33,4,29
114900058,0,0,0
114900059,5,1,4
114900063,0,0,0
114900064,33,0,33
114900065,11,23,-12
114900067,0,3,-3
114900068,0,0,0
114900069,0,0,0
114900070,60,17,43
114900072,0,0,0
114900073,0,0,0
114900074,94,8,86
114900075,39,0,39
114900076,0,0,0
114900080,42,37,5
114900082,330,8,322
114900083,2,3,-1
114900090,29,22,7
114900091,0,0,0
114900097,22,0,22
114900098,0,2,-2
114900099,4,0,4
115000001,490,379,111
115000002,1175,2043,-868
115000003,369,125,244
115000004,1420,2214,-794
115000005,120,57,63
115000006,401,507,-106
115000007,62,224,-162
115000008,81,65,16
115000009,185,228,-43
115000010,69,101,-32
115000013,0,0,0
115000015,0,0,0
115000016,9,227,-218
115000019,49,72,-23
115000020,15,72,-57
115000021,0,30,-30
115000022,0,7,-7
115000023,176,261,-85
115000024,0,0,0
115000025,279,116,163
115000026,0,0,0
115000027,145,49,96
115000028,0,0,0
115000029,480,16,464
115000030,0,4,-4
115000031,176,15,161
115000032,0,0,0
115000033,44,0,44
115000034,0,0,0
115000035,311,4,307
115000036,0,0,0
115000037,155,12,143
115000038,33,283,-250
115000039,580,840,-260
115000040,718,417,301
115000041,313,1260,-947
115000042,193,71,122
115000043,838,533,305
115000044,342,195,147
115000045,543,120,423
115000046,1184,559,625
115000047,1374,289,1085
115000048,236,222,14
115000049,159,509,-350
115000050,1220,282,938
115000051,464,1407,-943
115000052,257,251,6
115000053,649,1299,-650
115000054,93,82,11
115000055,2,87,-85
115000056,30,55,-25
115000057,47,175,-128
115000058,13,55,-42
115000059,15,109,-94
115000061,47,42,5
115000062,13,9,4
115000063,9,6,3
115000064,131,6,125
115000065,0,5,-5
115000067,96,9,87
115000069,2,3,-1
115000070,0,48,-48
115000071,28,10,18
115000072,0,0,0
115000073,360,54,306
115000075,36,16,20
115000076,444,294,150
115000077,422,224,198
115000078,415,188,227
115000079,291,225,66
115000080,828,284,544
115000081,23,7,16
115000082,1432,1124,308
115000083,571,160,411
115000084,1425,121,1304
115000085,180,110,70
115000086,466,52,414
115000087,108,330,-222
115000088,571,166,405
115000089,78,88,-10
115000090,130,86,44
115000091,102,105,-3
115000092,319,176,143
115000093,327,0,327
115000094,1365,2340,-975
115000095,492,1800,-1308
115000096,309,197,112
115000097,505,477,28
115000098,605,39,566
115000099,981,249,732
115000100,754,143,611
115000101,16,43,-27
115000102,199,126,73
115000103,106,82,24
115000105,57,4,53
115000106,207,147,60
115000107,11,7,4
115000108,169,179,-10
115000109,726,1578,-852
115000110,365,371,-6
115000111,78,205,-127
115000112,138,56,82
115000113,120,213,-93
115000114,129,78,51
115000116,260,225,35
115000117,246,177,69
115000118,308,592,-284
115000119,290,215,75
115000120,94,624,-530
115000121,98,158,-60
115000122,131,146,-15
115000123,105,918,-813
115000124,100,135,-35
115000125,70,387,-317
115000126,33,139,-106
115000127,30,15,15
115000128,60,169,-109
115000129,29,37,-8
115000130,119,13,106
115000131,159,19,140
115000132,91,25,66
115000133,146,12,134
115000134,93,10,83
115000135,25,7,18
115000136,54,38,16
115000137,0,7,-7
115000138,197,37,160
115000139,5,5,0
115000140,213,44,169
115000141,30,4,26
115000142,25,6,19
115000143,513,220,293
115000144,148,12,136
115000145,36,6,30
115000146,160,75,85
115000147,44,30,14
115000148,61,56,5
115000149,83,165,-82
115000150,87,40,47
115000151,342,108,234
115000152,135,81,54
115000153,282,141,141
115000154,180,55,125
115000155,57,72,-15
115000156,99,384,-285
115000157,49,47,2
115000158,9,113,-104
115000159,41,50,-9
115000160,82,50,32
115000161,37,119,-82
115000162,417,432,-15
115000163,115,40,75
115000164,20,110,-90
115000165,121,233,-112
115000167,119,14,105
115000168,76,168,-92
115000169,8,4,4
115000170,0,0,0
115000171,119,140,-21
115000172,15,8,7
115000173,37,55,-18
115000174,2,121,-119
115000175,0,2,-2
115000176,4,41,-37
115000177,0,9,-9
115000178,0,6,-6
115000179,1,39,-38
115000180,0,15,-15
115000181,273,9,264
115000182,406,33,373
115000183,1,9,-8
115000186,176,7,169
115000187,36,17,19
115000188,139,57,82
115000189,30,2,28
115000190,115,28,87
115000191,7,11,-4
115000194,0,0,0
115000195,47,44,3
115000196,59,10,49
115000197,74,34,40
115000198,228,19,209
115000199,53,68,-15
115000200,93,22,71
115000201,61,13,48
115000206,254,0,254
115000207,0,0,0
115000208,10,4,6
115000209,265,76,189
115000210,58,25,33
115000211,21,60,-39
115000212,78,15,63
115000224,21,0,21
115000225,11,9,2
115000229,28,4,24
115000230,13,37,-24
115000231,176,64,112
115000232,976,93,883
115000233,3,19,-16
115000234,0,13,-13
115000241,11,11,0
115000242,40,4,36
115000243,22,0,22
115000244,1,9,-8
115000246,0,0,0
115000247,0,0,0
115000248,2,0,2
115000249,0,0,0
115000250,65,1,64
115000251,46,9,37
115000252,7,16,-9
115000253,0,72,-72
115000258,90,10,80
115000259,43,0,43
115000261,15,6,9
115000262,0,0,0
115000263,0,12,-12
115000264,1,1,0
115000267,4,3,1
115000268,0,0,0
115000269,36,7,29
115000270,1,1,0
115000272,36,7,29
115000273,71,1,70
115000280,116,413,-297
115000281,0,0,0
115000282,62,237,-175
115000284,2,12,-10
115000296,86,0,86
115000297,20,290,-270
115000298,0,0,0
115000300,41,1,40
115000302,261,10,251
115000303,296,1,295
115000304,232,10,222
115000305,0,37,-37
115000306,31,3,28
115000307,7,2,5
115000308,0,1,-1
115000310,332,65,267
115000311,520,153,367
115000313,1,32,-31
115000314,124,40,84
115000315,5,51,-46
115000316,10,7,3
115000317,51,16,35
115000318,308,23,285
115000319,0,5,-5
115000320,2,18,-16
115000321,49,4,45
115000322,0,2,-2
115000449,0,27,-27
115000557,0,0,0
115000558,63,44,19
115000587,170,91,79
115000588,56,34,22
115000589,1004,800,204
115000590,29,24,5
115000591,241,116,125
115000592,15,23,-8
115000593,453,163,290
115000594,10,39,-29
115000609,55,70,-15
115000617,24,328,-304
115000624,37,0,37
115000633,142,120,22
115000634,840,189,651
115000635,181,36,145
115000638,3,24,-21
115000641,0,8,-8
115000642,88,3,85
115000643,0,0,0
115000644,0,0,0
115000646,113,235,-122
115000647,48,61,-13
115000648,776,44,732
115000893,435,301,134
115000894,0,6,-6
115000895,1,0,1
115000896,198,225,-27
115000897,61,38,23
115000898,65,83,-18
115000899,1,35,-34
115000900,3,102,-99
115000901,0,0,0
115000912,94,25,69
115000913,0,0,0
115000915,0,0,0
115000916,0,0,0
115000917,0,12,-12
115000918,1,236,-235
115000919,0,1,-1
115000920,0,0,0
115000921,0,0,0
115000922,73,275,-202
115000923,0,15,-15
115000925,6,2,4
115000927,0,12,-12
115000933,0,22,-22
115000934,13,9,4
115000935,13,9,4
115000936,2,202,-200
115000937,34,115,-81
115000938,10,26,-16
115000939,3,12,-9
115000940,0,11,-11
115000941,0,21,-21
115000942,0,51,-51
115000943,0,0,0
115000944,0,0,0
115900001,79,0,79
115900002,0,0,0
115900003,15,10,5
115900004,0,0,0
115900005,18,0,18
115900006,0,0,0
115900008,15,0,15
115900009,1,0,1
115900010,139,1,138
115900011,43,2,41
115900012,16,0,16
115900013,71,0,71
115900014,17,0,17
115900015,43,0,43
115900016,8,0,8
115900017,6,7,-1
115900018,4,0,4
115900019,0,0,0
115900020,41,14,27
115900021,25,1,24
115900022,13,0,13
115900023,0,0,0
115900025,1,0,1
115900026,89,12,77
115900027,0,0,0
115900028,15,0,15
115900029,27,17,10
115900030,0,0,0
115900031,0,10,-10
115900032,4,33,-29
115900033,0,0,0
115900034,0,16,-16
115900035,0,0,0
115900036,0,110,-110
115900037,0,0,0
115900038,0,0,0
115900039,3,2,1
115900041,7,52,-45
115900042,0,0,0
115900043,1,0,1
115900044,43,42,1
115900046,90,7,83
115900047,4,25,-21
115900049,19,7,12
115900051,0,0,0
115900052,0,0,0
115900053,44,0,44
115900054,57,0,57
115900055,0,0,0
115900056,24,14,10
115900057,0,0,0
115900058,0,0,0
115900060,2,11,-9
115900061,42,0,42
115900062,5,31,-26
115900063,0,0,0
115900064,0,2,-2
115900065,3,1,2
115900066,0,2,-2
115900067,0,2,-2
115900068,0,0,0
115900069,0,0,0
115900070,4,1,3
115900071,0,0,0
115900072,0,2,-2
115900073,4,10,-6
115900074,0,0,0
115900075,2,2,0
115900076,0,1,-1
115900077,0,0,0
115900078,3,3,0
115900079,66,0,66
115900080,2,0,2
115900081,18,2,16
115900082,13,4,9
115900084,44,0,44
115900085,1,0,1
115900086,111,10,101
115900088,0,0,0
115900089,126,1,125
115900090,128,0,128
115900091,0,0,0
115900092,0,0,0
115900093,0,0,0
115900094,0,0,0
115900096,0,0,0
115900097,0,0,0
115900098,1,0,1
115900099,0,1,-1
115900100,2,21,-19
115900101,0,3,-3
115900102,6,2,4
115900103,1,0,1
115900104,1,0,1
115900105,31,2,29
115900106,0,0,0
115900107,21,0,21
115900108,0,0,0
115900109,0,60,-60
115900110,0,0,0
115900111,0,0,0
115900112,0,105,-105
115900113,0,0,0
115900114,0,0,0
115900115,0,0,0
115900116,10,77,-67
115900117,0,0,0
115900118,0,0,0
115900119,0,0,0
115900120,0,4,-4
115900121,8,5,3
115900124,31,186,-155
115900125,28,1,27
115900126,73,1,72
115900127,259,0,259
115900128,0,0,0
115900129,47,0,47
115900130,0,0,0
115900131,74,2,72
115900132,163,0,163
115900134,40,0,40
115900135,22,12,10
115900137,5,1,4
115900139,0,0,0
115900140,37,0,37
115900141,0,0,0
115900142,0,0,0
115900143,0,0,0
115900144,0,0,0
115900146,19,3,16
115900147,30,36,-6
115900148,3,0,3
115900149,18,1,17
115900150,27,0,27
115900151,2,4,-2
115900152,4,7,-3
115900153,13,2,11
115900154,4,30,-26
115900155,0,0,0
115900156,22,42,-20
115900157,42,22,20
115900158,0,0,0
115900159,10,11,-1
115900160,0,0,0
115900161,0,0,0
115900163,40,0,40
115900164,122,0,122
115900166,5,0,5
115900168,0,0,0
115900171,3,29,-26
115900172,5,1,4
115900173,36,11,25
115900174,0,6,-6
115900175,27,2,25
115900178,2,6,-4
115900179,41,0,41
115900180,0,7,-7
115900181,7,4,3
115900182,162,1,161
115900183,0,0,0
115900184,48,0,48
115900187,0,1,-1
115900189,0,1,-1
115900190,0,15,-15
115900191,0,10,-10
115900192,0,6,-6
115900193,9,21,-12
115900194,109,5,104
115900195,29,384,-355
115900198,10,9,1
115900199,27,12,15
115900200,15,5,10
115900201,54,24,30
115900202,0,15,-15
115900203,8,0,8
115900204,0,0,0
115900205,0,2,-2
115900206,0,0,0
115900207,0,0,0
115900208,8,5,3
115900209,17,4,13
115900210,0,28,-28
115900211,0,3,-3
115900212,0,0,0
115900213,1,42,-41
115900214,42,7,35
115900215,0,9,-9
115900216,0,0,0
115900217,0,0,0
115900218,0,0,0
115900219,22,0,22
115900220,19,0,19
115900221,18,1,17
115900222,40,8,32
115900223,1,56,-55
115900224,38,139,-101
115900225,2,19,-17
115900226,0,0,0
115900227,0,0,0
115900228,0,0,0
115900229,1,10,-9
115900230,0,19,-19
115900231,0,0,0
115900232,0,0,0
115900233,0,0,0
115900234,0,0,0
115900235,0,0,0
115900236,0,0,0
115900237,0,0,0
115900238,0,0,0
115900239,0,0,0
115900240,0,0,0
115900241,0,0,0
115900242,22,64,-42
115900243,1,0,1
115900244,1,0,1
115900245,39,0,39
115900246,1,0,1
115900247,0,0,0
115900248,1,0,1
115900249,0,0,0
115900250,0,8,-8
115900251,0,10,-10
115900252,0,0,0
115900253,2,0,2
115900254,0,4,-4
115900255,0,0,0
115900256,6,16,-10
115900257,0,0,0
115900258,0,0,0
115900259,0,0,0
115900260,0,0,0
115900261,0,0,0
115900262,0,0,0
115900263,0,0,0
115900264,0,0,0
115900265,0,0,0
115900266,0,0,0
115900267,0,0,0
115900268,0,0,0
115900269,0,0,0
115900270,33,2,31
115900271,49,0,49
115900272,5,0,5
115900273,2,7,-5
115900274,0,0,0
115900275,0,1,-1
115900276,0,0,0
115900277,0,0,0
115900278,0,0,0
115900279,0,0,0
115900280,30,0,30
115900281,0,0,0
115900282,0,4,-4
115900283,6,0,6
115900284,0,0,0
116000001,339,398,-59
116000002,1784,6407,-4623
116000003,139,179,-40
116000004,814,3057,-2243
116000005,67,320,-253
116000006,231,626,-395
116000007,267,556,-289
116000008,744,682,62
116000009,140,486,-346
116000010,941,596,345
116000011,274,286,-12
116000012,499,224,275
116000013,515,517,-2
116000014,1131,5960,-4829
116000015,42,170,-128
116000016,203,1495,-1292
116000017,150,807,-657
116000018,73,206,-133
116000019,332,141,191
116000020,177,64,113
116000021,316,49,267
116000022,85,82,3
116000023,141,204,-63
116000024,220,37,183
116000025,92,161,-69
116000026,369,155,214
116000027,133,148,-15
116000028,528,1442,-914
116000029,136,88,48
116000030,223,693,-470
116000031,0,0,0
116000032,94,3,91
116000033,437,143,294
116000034,1697,925,772
116000035,216,123,93
116000036,29,81,-52
116000037,16,160,-144
116000038,76,164,-88
116000039,39,42,-3
116000040,97,179,-82
116000041,14,37,-23
116000042,473,530,-57
116000043,48,93,-45
116000044,5,11,-6
116000045,1179,750,429
116000046,228,193,35
116000047,470,507,-37
116000048,1923,1036,887
116000049,1650,1024,626
116000050,544,552,-8
116000051,2119,1224,895
116000052,1028,441,587
116000053,2089,579,1510
116000054,250,195,55
116000055,249,268,-19
116000056,1261,965,296
116000057,348,140,208
116000058,318,541,-223
116000059,484,3029,-2545
116000060,141,265,-124
116000061,55,594,-539
116000062,89,87,2
116000063,106,618,-512
116000066,150,903,-753
116000067,39,32,7
116000068,132,565,-433
116000069,261,81,180
116000078,260,464,-204
116000080,310,81,229
116000082,0,15,-15
116000083,436,72,364
116000084,227,370,-143
116000085,455,220,235
116000086,130,193,-63
116000087,797,469,328
116000088,145,114,31
116000089,12,4,8
116000090,5,23,-18
116000091,13,33,-20
116000093,220,68,152
116000094,36,19,17
116000095,151,27,124
116000096,346,519,-173
116000097,129,16,113
116000098,89,1628,-1539
116000099,375,55,320
116000100,55,1,54
116000101,192,9,183
116000102,45,109,-64
116000103,214,46,168
116000104,90,55,35
116000105,563,12,551
116000106,202,34,168
116000107,617,14,603
116000108,1,16,-15
116000111,51,18,33
116000113,8,7,1
116000114,2,22,-20
116000115,152,11,141
116000116,22,31,-9
116000117,823,401,422
116000118,267,66,201
116000119,1273,400,873
116000120,299,254,45
116000121,333,116,217
116000122,36,45,-9
116000123,894,82,812
116000124,69,50,19
116000125,945,48,897
116000126,52,34,18
116000127,42,23,19
116000128,911,103,808
116000129,238,8,230
116000130,201,128,73
116000133,233,30,203
116000134,459,150,309
116000135,1052,229,823
116000136,331,269,62
116000137,418,146,272
116000138,137,122,15
116000139,1082,1434,-352
116000140,61,85,-24
116000141,91,24,67
116000142,744,443,301
116000143,863,839,24
116000144,825,745,80
116000145,1493,350,1143
116000146,157,17,140
116000147,114,99,15
116000148,95,186,-91
116000149,208,49,159
116000151,183,50,133
116000153,275,187,88
116000155,251,933,-682
116000156,159,67,92
116000157,76,1,75
116000158,208,27,181
116000159,10,1,9
116000160,1,2,-1
116000161,1,51,-50
116000162,2,65,-63
116000163,1,0,1
116000164,1,0,1
116000177,8,3,5
116000194,59,88,-29
116000195,261,45,216
116000196,0,0,0
116000197,0,0,0
116000198,1235,1667,-432
116000200,50,372,-322
116000201,143,67,76
116000202,2,10,-8
116000203,0,3,-3
116000204,0,1,-1
116000205,0,6,-6
116000206,0,0,0
116000207,0,0,0
116000233,0,0,0
116000287,11,5,6
116000288,87,41,46
116000292,0,0,0
116000296,4,11,-7
116000297,10,0,10
116000304,24,1,23
116000305,0,26,-26
116000346,0,0,0
116000352,0,0,0
116000354,0,0,0
116000357,0,0,0
116000358,2,1,1
116000361,1,0,1
116000372,1550,2800,-1250
116000381,8,1,7
116000388,0,0,0
116000389,51,2,49
116000445,74,15,59
116000446,457,40,417
116000447,3,16,-13
116000448,134,30,104
116000563,220,1022,-802
116000565,6,57,-51
116000568,2,34,-32
116000579,0,11,-11
116000583,0,0,0
116000584,17,1,16
116000585,22,41,-19
116000586,3,14,-11
116000587,392,127,265
116000589,28,7,21
116000590,15,8,7
116000591,133,19,114
116000592,1,0,1
116000593,0,0,0
116000594,163,23,140
116000595,100,6,94
116000596,80,1,79
116000597,160,42,118
116000598,17,16,1
116000605,10,2,8
116000606,32,99,-67
116000607,0,0,0
116000609,8,181,-173
116000611,7,6,1
116000612,1035,1211,-176
116000613,391,99,292
116000614,27,7,20
116000615,0,0,0
116000616,33,3,30
116000617,59,1,58
116000618,1,0,1
116000619,3,19,-16
116000620,177,33,144
116000621,57,75,-18
116000622,114,52,62
116000624,65,13,52
116000627,100,42,58
116000628,12,12,0
116000629,10,7,3
116000630,278,0,278
116000631,107,5,102
116000632,246,2,244
116000633,29,15,14
116000634,86,0,86
116000635,1225,2581,-1356
116000636,185,530,-345
116000637,66,1,65
116000638,9,66,-57
116000639,28,0,28
116000640,29,0,29
116000641,0,0,0
116000643,0,0,0
116000644,0,0,0
116000645,2,24,-22
116900001,8,1,7
116900002,9,0,9
116900003,0,0,0
116900004,89,26,63
116900005,9,3,6
116900006,11,11,0
116900007,3,2,1
116900008,67,5,62
116900009,7,1,6
116900010,134,43,91
116900011,0,2,-2
116900012,2,7,-5
116900013,0,4,-4
116900014,0,0,0
116900015,114,5,109
116900016,38,0,38
116900017,3,76,-73
116900018,0,0,0
116900019,0,0,0
116900020,2,106,-104
116900023,0,0,0
116900024,82,1,81
116900025,303,26,277
116900026,0,45,-45
116900027,0,0,0
116900028,0,0,0
116900029,0,2,-2
116900031,0,0,0
116900032,0,0,0
116900033,0,0,0
116900034,0,0,0
116900035,7,18,-11
116900036,0,12,-12
116900038,0,0,0
116900041,3,1,2
116900042,0,0,0
116900043,0,11,-11
116900047,1,19,-18
116900049,0,0,0
116900050,26,5,21
116900051,58,0,58
116900052,17,4,13
116900055,0,5,-5
116900057,0,0,0
116900058,0,27,-27
116900059,0,1,-1
116900060,12,28,-16
116900062,0,0,0
116900064,0,0,0
116900065,0,1,-1
116900067,2,8,-6
116900068,71,33,38
116900070,14,0,14
116900072,0,0,0
116900073,0,12,-12
116900074,1,1,0
116900076,2,0,2
116900077,0,1,-1
116900078,0,0,0
116900079,1,13,-12
116900080,0,0,0
116900081,25,15,10
116900082,1,105,-104
116900083,13,1,12
116900084,1,0,1
116900085,0,2,-2
116900086,20,53,-33
116900088,25,1,24
116900090,1,0,1
116900091,9,1,8
116900092,3,1,2
116900093,46,74,-28
116900094,288,536,-248
116900095,17,0,17
116900096,37,0,37
116900097,174,290,-116
116900098,9,16,-7
116900099,15,42,-27
116900100,245,4,241
116900101,24,11,13
116900103,5,0,5
116900104,2,48,-46
116900105,51,17,34
116900106,545,0,545
116900107,152,385,-233
116900110,1,0,1
116900111,327,52,275
116900112,118,39,79
116900113,112,498,-386
116900116,2,6,-4
116900117,0,1,-1
116900118,40,5,35
116900120,75,0,75
116900121,43,0,43
116900122,118,30,88
116900123,53,18,35
116900124,10,7,3
116900125,40,2,38
116900126,0,82,-82
116900128,0,0,0
116900129,0,2,-2
116900130,7,220,-213
116900131,0,0,0
116900132,3,0,3
116900133,0,0,0
116900134,0,0,0
116900136,0,0,0
116900137,0,0,0
116900138,0,0,0
116900139,0,0,0
116900140,0,0,0
116900141,0,0,0
116900142,0,0,0
116900143,0,0,0
116900144,0,0,0
116900145,0,0,0
116900147,0,0,0
116900148,0,0,0
116900149,2,9,-7
116900150,0,0,0
116900151,0,0,0
116900153,19,0,19
116900154,0,15,-15
116900155,0,0,0
116900157,56,1,55
116900158,4,2,2
116900159,1,8,-7
116900160,95,114,-19
116900161,150,15,135
116900162,0,0,0
116900163,37,2,35
116900164,11,1,10
116900165,147,47,100
116900166,2,12,-10
116900167,39,1,38
116900168,68,5,63
116900169,1,27,-26
116900170,173,42,131
116900171,0,14,-14
116900172,3,26,-23
116900173,46,1,45
116900174,0,5,-5
116900175,7,5,2
116900178,0,0,0
116900179,1,38,-37
116900180,0,1,-1
116900182,43,5,38
116900183,18,19,-1
116900185,3,10,-7
116900186,0,3,-3
116900187,15,4,11
116900188,23,0,23
116900189,0,0,0
116900191,15,27,-12
116900192,83,1,82
116900194,1,162,-161
116900195,5,1,4
116900196,0,5,-5
116900197,12,0,12
116900198,5,5,0
116900200,0,0,0
116900201,14,0,14
116900202,0,4,-4
116900203,3,0,3
116900204,0,4,-4
116900206,0,0,0
116900207,0,1,-1
116900208,0,7,-7
116900209,6,1,5
116900210,11,0,11
116900211,29,0,29
116900212,0,0,0
116900213,21,5,16
116900214,0,0,0
116900215,1,4,-3
116900216,2,3,-1
116900218,0,1,-1
116900219,71,22,49
116900220,15,5,10
116900221,0,0,0
116900222,186,62,124
116900223,4,3,1
116900226,35,9,26
116900227,39,4,35
116900228,43,0,43
116900230,0,2,-2
116900231,1,3,-2
116900232,0,10,-10
116900233,82,2,80
116900234,6,0,6
116900235,136,4,132
116900238,22,2,20
116900239,4,47,-43
116900240,703,207,496
116900241,0,0,0
116900242,101,214,-113
116900243,0,0,0
116900245,8,10,-2
116900246,1,0,1
116900247,170,0,170
116900248,5,3,2
116900249,66,0,66
116900250,53,6,47
116900251,0,68,-68
116900252,23,35,-12
116900254,0,0,0
116900255,0,0,0
116900256,0,0,0
116900257,0,0,0
116900258,0,0,0
116900259,27,0,27
116900260,0,0,0
116900261,20,0,20
116900262,19,0,19
116900263,2,0,2
116900264,53,6,47
116900265,0,0,0
116900266,0,0,0
116900267,0,0,0
116900268,0,0,0
116900269,233,100,133
116900271,0,0,0
116900272,46,10,36
116900273,0,3,-3
116900274,36,3,33
116900275,2,0,2
116900276,90,91,-1
116900277,15,0,15
116900278,0,0,0
116900279,1,0,1
116900280,0,0,0
116900281,377,602,-225
116900282,0,1,-1
116900283,0,0,0
116900284,0,0,0
116900285,0,16,-16
116900286,1,0,1
116900287,0,5,-5
116900288,21,7,14
116900289,0,0,0
116900290,7,0,7
116900291,0,0,0
116900292,0,0,0
116900293,0,0,0
116900294,0,0,0
116900295,0,0,0
116900296,0,0,0
116900297,0,0,0
116900298,0,0,0
116900299,0,0,0
116900300,0,0,0
116900301,0,0,0
116900302,0,0,0
116900303,34,0,34
116900304,0,0,0
116900305,0,1,-1
116900306,180,53,127
116900307,0,0,0
116900308,0,0,0
116900309,0,0,0
116900310,0,0,0
116900311,0,12,-12
117000001,1864,1379,485
117000002,893,406,487
117000003,2989,1140,1849
117000004,854,576,278
117000005,1957,737,1220
117000006,448,514,-66
117000007,2875,542,2333
117000008,288,605,-317
117000009,1556,385,1171
117000010,414,498,-84
117000011,1003,336,667
117000012,583,213,370
117000013,1237,258,979
117000014,436,859,-423
117000015,470,668,-198
117000016,52,95,-43
117000017,37,68,-31
117000018,7,243,-236
117000019,3,71,-68
117000020,85,664,-579
117000021,443,462,-19
117000022,95,232,-137
117000023,65,267,-202
117000024,19,99,-80
117000025,6,247,-241
117000026,705,896,-191
117000027,86,201,-115
117000028,232,250,-18
117000030,176,197,-21
117000031,370,192,178
117000032,627,417,210
117000033,416,174,242
117000034,246,119,127
117000035,423,149,274
117000036,180,147,33
117000037,258,113,145
117000038,112,261,-149
117000039,187,115,72
117000040,6,71,-65
117000041,549,8,541
117000044,0,59,-59
117000045,194,105,89
117000046,194,128,66
117000047,617,243,374
117000048,150,221,-71
117000049,4,109,-105
117000050,97,138,-41
117000051,1046,26,1020
117000052,0,56,-56
117000053,227,0,227
117000054,820,22,798
117000055,1,115,-114
117000056,229,10,219
117000057,56,124,-68
117000060,188,76,112
117000061,1322,489,833
117000062,71,31,40
117000063,1118,347,771
117000064,189,78,111
117000066,15,26,-11
117000067,181,277,-96
117000074,2,34,-32
117000076,1,5,-4
117000077,16,8,8
117000078,106,39,67
117000079,53,17,36
117000080,0,0,0
117000081,184,22,162
117000082,0,14,-14
117000083,111,140,-29
117000084,7,0,7
117000085,116,34,82
117000086,152,45,107
117000087,0,160,-160
117000088,224,61,163
117000089,1304,96,1208
117000090,64,131,-67
117000091,739,50,689
117000092,58,122,-64
117000093,1224,75,1149
117000094,172,153,19
117000095,2141,112,2029
117000096,201,145,56
117000097,1822,246,1576
117000098,329,275,54
117000099,2855,263,2592
117000100,52,61,-9
117000101,92,65,27
117000102,1425,169,1256
117000103,71,140,-69
117000104,1199,110,1089
117000105,85,122,-37
117000106,1405,116,1289
117000107,72,46,26
117000108,1301,584,717
117000109,237,143,94
117000110,1502,1129,373
117000111,1742,1416,326
117000112,970,505,465
117000113,22,18,4
117000114,108,23,85
117000115,16,10,6
117000116,110,16,94
117000117,123,76,47
117000118,40,43,-3
117000119,5,198,-193
117000120,1,188,-187
117000121,2,227,-225
117000122,32,297,-265
117000123,171,33,138
117000124,0,2,-2
117000125,10,34,-24
117000126,7,13,-6
117000127,7,11,-4
117000128,9,5,4
117000129,251,728,-477
117000130,12,0,12
117000131,0,0,0
117000132,1482,14,1468
117000133,1616,3,1613
117000134,0,0,0
117000135,0,0,0
117000136,0,0,0
117000137,144,78,66
117000138,1,0,1
117000140,87,105,-18
117000141,1480,152,1328
117000181,5,4,1
117000182,157,255,-98
117000195,1,18,-17
117000196,132,122,10
117000225,5,6,-1
117000226,0,8,-8
117000276,144,2,142
117000277,0,12,-12
117000310,189,1261,-1072
117000315,21,140,-119
117000320,61,0,61
117000906,224,13,211
117000907,0,26,-26
117000909,27,67,-40
117000910,220,37,183
117000911,35,56,-21
117000915,0,58,-58
117000916,4,2,2
117000917,783,7,776
117000918,70,61,9
117000919,0,5,-5
117000920,0,98,-98
117000921,0,16,-16
117000922,3,31,-28
117000924,120,267,-147
117000926,182,32,150
117000927,108,288,-180
117000928,0,0,0
117000929,29,22,7
117000930,6,0,6
117000931,51,17,34
117900002,18,457,-439
117900003,0,0,0
117900005,0,8,-8
117900006,0,0,0
117900007,78,5,73
117900008,0,0,0
117900010,113,31,82
117900011,0,12,-12
117900012,9,1,8
117900013,0,19,-19
117900014,111,21,90
117900015,0,4,-4
117900016,72,348,-276
117900017,280,40,240
117900018,19,35,-16
117900019,213,15,198
117900020,4,65,-61
117900021,6,1,5
117900023,136,3,133
117900024,83,4,79
117900025,0,0,0
117900026,152,9,143
117900028,1,0,1
117900029,58,17,41
117900031,40,15,25
117900032,230,47,183
117900033,262,13,249
117900034,5,0,5
117900035,42,13,29
117900036,147,28,119
117900037,38,3,35
117900038,0,0,0
117900039,0,0,0
117900040,0,0,0
117900041,0,0,0
117900042,175,56,119
117900043,0,0,0
117900044,2,1213,-1211
117900045,44,21,23
117900048,154,18,136
117900049,101,35,66
117900050,2,79,-77
117900051,0,0,0
117900052,0,0,0
117900053,330,31,299
117900054,0,14,-14
117900055,71,56,15
117900056,8,1,7
117900057,91,138,-47
117900058,0,0,0
117900059,0,0,0
117900060,577,232,345
117900061,0,89,-89
117900063,63,15,48
117900065,4,51,-47
117900066,0,19,-19
117900067,344,32,312
117900069,255,30,225
117900070,13,22,-9
117900071,146,14,132
117900073,184,15,169
117900074,2,20,-18
117900075,73,8,65
117900076,0,0,0
117900077,64,3,61
117900078,114,144,-30
117900080,62,15,47
117900081,25,21,4
117900082,100,71,29
117900083,149,28,121
117900086,36,4,32
117900087,9,11,-2
117900088,145,41,104
117900089,612,57,555
117900090,158,19,139
117900091,142,14,128
117900092,18,2,16
117900093,36,0,36
117900094,38,17,21
117900095,88,90,-2
117900096,45,37,8
117900097,5,2,3
117900098,18,1,17
117900099,36,102,-66
117900100,161,1,160
117900101,365,601,-236
117900102,23,17,6
117900103,11,0,11
117900104,0,40,-40
117900105,56,8,48
117900106,10,11,-1
117900107,51,0,51
117900109,272,153,119
117900110,64,0,64
117900111,207,3,204
117900112,14,0,14
117900113,152,4,148
117900114,4,0,4
117900115,1,22,-21
117900116,201,86,115
117900117,109,38,71
117900118,57,0,57
117900119,157,0,157
117900120,189,2,187
117900121,34,0,34
117900122,64,883,-819
117900123,220,34,186
117900124,66,46,20
117900125,250,184,66
117900126,40,41,-1
117900127,126,7,119
117900128,146,46,100
117900129,32,0,32
117900130,168,0,168
117900131,0,0,0
117900132,0,0,0
117900133,0,0,0
117900134,0,0,0
117900135,0,0,0
117900136,0,0,0
117900137,0,0,0
117900138,0,0,0
117900139,18,6,12
117900140,584,55,529
117900141,10,26,-16
117900142,0,43,-43
117900144,1,32,-31
117900145,0,12,-12
117900146,14,70,-56
117900147,19,5,14
117900148,125,639,-514
117900149,10,7,3
117900150,16,6,10
117900151,1,8,-7
117900152,0,0,0
117900153,1,54,-53
117900154,156,113,43
117900156,112,4,108
117900157,70,29,41
117900158,31,3,28
117900160,211,45,166
117900161,103,59,44
117900162,279,59,220
117900163,6,51,-45
117900165,0,0,0
117900166,1,41,-40
117900168,85,0,85
117900169,0,0,0
117900170,0,2,-2
117900171,17,0,17
117900172,0,0,0
117900173,13,1,12
117900174,0,5,-5
117900175,0,0,0
117900176,0,5,-5
117900177,0,0,0
117900178,0,2,-2
117900180,17,0,17
117900181,0,308,-308
117900182,1,39,-38
117900183,15,51,-36
117900184,31,14,17
117900185,59,0,59
117900186,56,0,56
117900187,26,0,26
117900188,27,1,26
117900189,23,0,23
117900190,3,0,3
117900191,26,0,26
117900192,69,0,69
117900193,10,4,6
117900194,0,1,-1
117900195,15,3,12
117900196,9,0,9
117900207,28,8,20
117900208,27,0,27
117900209,68,13,55
117900210,0,0,0
117900211,0,0,0
117900212,75,13,62
117900213,21,2,19
117900214,1,1,0
117900215,0,0,0
117900216,0,0,0
117900217,0,0,0
117900218,0,0,0
117900219,0,0,0
117900220,1,38,-37
117900222,9,9,0
117900223,15,79,-64
118000001,177,930,-753
118000002,182,311,-129
118000003,1266,2305,-1039
118000004,317,375,-58
118000005,661,1114,-453
118000006,617,1163,-546
118000007,1677,3381,-1704
118000008,1679,1429,250
118000009,297,910,-613
118000010,556,743,-187
118000011,379,132,247
118000012,237,152,85
118000013,236,156,80
118000014,244,185,59
118000016,41,12,29
118000017,560,328,232
118000018,84,19,65
118000019,426,596,-170
118000020,84,531,-447
118000021,39,629,-590
118000022,234,303,-69
118000023,199,198,1
118000024,213,306,-93
118000027,1987,2817,-830
118000029,92,500,-408
118000032,258,836,-578
118000033,1182,1391,-209
118000034,976,1081,-105
118000035,203,526,-323
118000036,70,280,-210
118000037,148,201,-53
118000038,87,216,-129
118000039,21,14,7
118000040,375,283,92
118000041,178,322,-144
118000045,186,134,52
118000046,34,719,-685
118000047,50,291,-241
118000048,342,1058,-716
118000051,307,675,-368
118000052,136,459,-323
118000053,177,432,-255
118000054,398,461,-63
118000055,300,546,-246
118000056,37,152,-115
118000057,29,136,-107
118000058,350,219,131
118000059,169,794,-625
118000060,162,145,17
118000061,207,188,19
118000062,75,47,28
118000063,47,534,-487
118000064,138,703,-565
118000065,525,149,376
118000066,211,1327,-1116
118000067,87,615,-528
118000068,150,1984,-1834
118000069,232,389,-157
118000070,388,880,-492
118000071,248,1544,-1296
118000072,315,2556,-2241
118000073,147,785,-638
118000074,183,546,-363
118000075,213,279,-66
118000076,2423,5079,-2656
118000077,518,606,-88
118000078,573,980,-407
118000079,9,95,-86
118000080,33,247,-214
118000081,478,542,-64
118000082,72,452,-380
118000083,185,591,-406
118000084,119,190,-71
118000086,20,78,-58
118000087,617,704,-87
118000088,157,723,-566
118000089,421,623,-202
118000090,96,923,-827
118000091,202,1119,-917
118000092,151,82,69
118000093,18,481,-463
118000096,76,300,-224
118000097,114,186,-72
118000098,93,169,-76
118000099,0,0,0
118000101,536,153,383
118000102,342,85,257
118000107,14,0,14
118000108,53,331,-278
118000110,0,0,0
118000111,0,0,0
118000112,232,1,231
118000113,0,0,0
118000114,306,30,276
118000115,2,13,-11
118000116,1,3,-2
118000117,146,136,10
118000118,326,480,-154
118000119,429,432,-3
118000120,317,140,177
118000121,7,77,-70
118000122,40,15,25
118000123,71,123,-52
118000125,42,82,-40
118000126,203,335,-132
118000127,355,438,-83
118000128,20,304,-284
118000129,196,207,-11
118000130,308,604,-296
118000131,129,98,31
118000132,1129,1051,78
118000133,303,92,211
118000135,127,284,-157
118000136,10,157,-147
118000137,69,50,19
118000138,15,41,-26
118000139,62,26,36
118000140,646,3592,-2946
118000141,2031,944,1087
118000142,587,513,74
118000143,1958,1177,781
118000144,253,128,125
118000145,413,137,276
118000146,593,52,541
118000147,597,132,465
118000148,212,517,-305
118000149,362,63,299
118000150,554,93,461
118000151,317,61,256
118000153,1412,698,714
118000154,951,461,490
118000155,1825,931,894
118000156,326,672,-346
118000157,157,69,88
118000158,24,124,-100
118000159,49,50,-1
118000160,396,109,287
118000161,264,79,185
118000162,323,210,113
118000163,363,542,-179
118000164,774,469,305
118000168,29,0,29
118000169,119,280,-161
118000170,594,567,27
118000171,61,99,-38
118000172,18,32,-14
118000173,479,199,280
118000175,104,223,-119
118000176,220,296,-76
118000177,201,374,-173
118000178,1,14,-13
118000179,510,687,-177
118000180,471,250,221
118000181,151,10,141
118000182,111,84,27
118000183,144,81,63
118000184,743,215,528
118000185,73,449,-376
118000186,31,383,-352
118000187,610,102,508
118000188,97,4,93
118000189,24,13,11
118000190,20,0,20
118000191,9,4,5
118000192,2,77,-75
118000193,4,148,-144
118000194,374,679,-305
118000195,109,934,-825
118000196,2,77,-75
118000197,142,399,-257
118000198,229,797,-568
118000199,336,457,-121
118000200,0,0,0
118000201,52,172,-120
118000202,0,0,0
118000203,32,83,-51
118000204,0,33,-33
118000205,42,38,4
118000206,145,67,78
118000207,0,18,-18
118000208,471,637,-166
118000209,827,105,722
118000210,64,7,57
118000211,53,19,34
118000213,115,641,-526
118000214,70,38,32
118000215,36,3,33
118000216,347,73,274
118000217,0,9,-9
118000218,6,2,4
118000219,15,35,-20
118000220,1,39,-38
118000221,17,174,-157
118000222,11,2,9
118000223,32,8,24
118000224,29,10,19
118000225,0,0,0
118000226,123,6,117
118000227,27,121,-94
118000228,0,0,0
118000229,0,0,0
118000230,0,0,0
118000231,0,0,0
118000232,0,0,0
118000233,441,86,355
118000234,0,0,0
118000236,117,0,117
118000237,0,0,0
118000238,163,4,159
118000239,177,120,57
118000240,19,14,5
118000241,14,1,13
118000242,0,0,0
118000243,0,0,0
118000244,1,20,-19
118000246,0,0,0
118000255,98,101,-3
118000256,101,83,18
118000259,0,3,-3
118000260,10,1,9
118000261,1,0,1
118000263,2,3,-1
118000266,86,22,64
118000267,0,0,0
118000268,34,0,34
118000270,0,0,0
118000271,86,11,75
118000272,20,0,20
118000273,0,0,0
118000274,0,0,0
118000276,59,8,51
118000295,0,0,0
118000298,1,3,-2
118000299,0,0,0
118000301,0,0,0
118000302,34,2,32
118000311,136,7,129
118000312,0,0,0
118000313,5,9,-4
118000314,3,0,3
118000315,4,1,3
118000316,7,4,3
118000325,35,0,35
118000326,3,1,2
118000331,104,0,104
118000332,24,0,24
118000333,101,3,98
118000335,102,0,102
118000336,0,0,0
118000407,82,0,82
118000457,0,1,-1
118000465,98,210,-112
118000480,12,2,10
118000489,1,199,-198
118000490,0,4,-4
118000492,250,35,215
118000510,0,0,0
118000514,35,8,27
118000515,61,122,-61
118000517,50,55,-5
118000524,2,10,-8
118000525,11,4,7
118000530,4,50,-46
118000531,254,59,195
118000532,0,0,0
118000533,0,0,0
118000534,0,0,0
118000535,91,14,77
118000536,2,6,-4
118000537,1,7,-6
118000538,5,35,-30
118000539,5,121,-116
118000540,2,8,-6
118000541,2,9,-7
118000542,21,34,-13
118000543,65,119,-54
118000546,3,4,-1
118000553,0,0,0
118000560,0,0,0
118000562,0,0,0
118000563,327,463,-136
118000576,110,35,75
118000577,92,75,17
118000578,40,20,20
118000579,88,215,-127
118000583,0,0,0
118000595,130,41,89
118000596,0,0,0
118000597,35,103,-68
118000598,3,0,3
118000599,396,5,391
118000600,5,0,5
118000601,1,0,1
118000602,0,9,-9
118000603,0,5,-5
118000605,11,1,10
118000606,0,0,0
118000607,26,20,6
118900001,0,0,0
118900002,61,3,58
118900003,25,0,25
118900004,1,0,1
118900005,0,0,0
118900006,0,0,0
118900007,0,0,0
118900008,242,2,240
118900009,0,0,0
118900010,0,0,0
118900011,0,0,0
118900012,17,7,10
118900013,0,0,0
118900015,0,0,0
118900016,0,0,0
118900017,0,0,0
118900018,0,0,0
118900019,0,0,0
118900020,0,0,0
118900021,7,3,4
118900022,10,0,10
118900023,0,0,0
118900024,0,0,0
118900025,0,0,0
118900026,16,0,16
118900027,0,0,0
118900028,31,24,7
118900029,0,0,0
118900030,0,0,0
118900031,4,0,4
118900032,0,0,0
118900033,0,0,0
118900034,0,0,0
118900035,14,1,13
118900036,92,12,80
118900037,0,0,0
118900038,34,1,33
118900039,0,0,0
118900040,29,19,10
118900041,0,0,0
118900042,3,0,3
118900045,15,17,-2
118900046,0,6,-6
118900047,1,8,-7
118900048,0,0,0
118900049,0,0,0
118900050,0,0,0
118900051,0,15,-15
118900052,0,0,0
118900053,0,0,0
118900054,21,1,20
118900055,0,0,0
118900056,2,9,-7
118900057,63,81,-18
118900058,0,0,0
118900059,0,0,0
118900062,0,0,0
118900064,0,0,0
118900065,0,0,0
118900066,0,0,0
118900067,164,262,-98
118900068,0,0,0
118900069,0,0,0
118900071,0,0,0
118900072,0,0,0
118900073,0,0,0
118900074,0,0,0
118900075,0,0,0
118900076,0,0,0
118900077,0,0,0
118900078,0,0,0
118900079,0,0,0
118900080,0,0,0
118900081,0,0,0
118900082,0,0,0
118900083,0,0,0
118900084,0,0,0
118900085,0,0,0
118900086,0,0,0
118900087,0,0,0
118900088,0,0,0
118900089,0,0,0
118900090,0,0,0
118900091,0,0,0
118900092,0,0,0
118900093,0,0,0
118900096,0,15,-15
118900097,0,47,-47
118900099,25,25,0
118900100,0,0,0
118900101,0,0,0
118900102,0,0,0
118900103,0,0,0
118900104,32,2,30
118900105,0,0,0
118900107,0,0,0
118900108,0,0,0
118900110,18,0,18
118900111,0,0,0
118900112,0,0,0
118900113,0,0,0
118900114,0,0,0
118900115,0,11,-11
118900116,13,5,8
118900117,0,2,-2
118900118,10,0,10
118900119,3,0,3
118900120,0,1,-1
118900121,0,0,0
118900122,0,0,0
118900123,2,12,-10
118900124,0,0,0
118900126,0,0,0
118900129,0,0,0
118900130,0,0,0
118900131,65,2,63
118900132,0,0,0
118900133,0,0,0
118900135,0,0,0
118900136,37,24,13
118900137,0,0,0
118900139,0,0,0
118900140,66,14,52
118900141,0,0,0
118900144,2,13,-11
118900145,0,0,0
118900146,17,24,-7
118900147,0,0,0
118900148,0,0,0
118900150,1,0,1
118900152,0,0,0
118900157,0,0,0
118900158,0,0,0
118900159,0,0,0
118900161,0,0,0
118900163,0,0,0
118900164,0,0,0
118900165,0,0,0
118900166,0,0,0
118900167,0,0,0
118900168,0,0,0
118900169,0,0,0
118900170,0,0,0
118900171,0,0,0
118900174,0,0,0
118900175,84,37,47
118900176,4,42,-38
118900177,0,0,0
118900178,0,0,0
118900179,0,0,0
118900182,0,0,0
118900183,0,0,0
118900184,0,0,0
118900185,19,0,19
118900186,0,5,-5
118900187,24,20,4
118900188,26,17,9
118900189,0,0,0
118900190,0,0,0
118900191,0,0,0
118900192,0,0,0
118900193,0,0,0
118900195,14,0,14
118900196,0,0,0
118900197,0,0,0
118900198,0,0,0
118900199,0,0,0
118900200,0,0,0
118900201,0,0,0
118900202,0,0,0
118900203,0,0,0
118900204,0,0,0
118900205,0,0,0
118900206,0,0,0
119000001,657,574,83
119000002,1311,689,622
119000003,704,221,483
119000004,511,818,-307
119000005,687,893,-206
119000006,884,365,519
119000007,1411,1482,-71
119000008,248,333,-85
119000009,597,1771,-1174
119000010,693,812,-119
119000011,771,676,95
119000012,314,650,-336
119000013,2003,972,1031
119000014,585,699,-114
119000019,23,9,14
119000020,368,579,-211
119000021,701,1034,-333
119000022,46,345,-299
119000023,25,171,-146
119000024,262,5708,-5446
119000025,418,296,122
119000026,2,118,-116
119000027,15,117,-102
119000028,601,184,417
119000029,3,113,-110
119000030,264,557,-293
119000031,164,255,-91
119000032,61,461,-400
119000033,780,943,-163
119000034,394,89,305
119000035,2,74,-72
119000036,881,145,736
119000037,348,272,76
119000038,9,127,-118
119000039,218,187,31
119000040,114,247,-133
119000041,142,481,-339
119000048,1014,311,703
119000049,498,151,347
119000050,194,244,-50
119000051,168,177,-9
119000052,278,251,27
119000053,322,299,23
119000054,899,317,582
119000055,2058,279,1779
119000056,1235,292,943
119000057,525,208,317
119000058,457,221,236
119000059,563,272,291
119000060,324,81,243
119000061,171,151,20
119000062,132,154,-22
119000063,298,177,121
119000064,78,85,-7
119000065,99,151,-52
119000066,514,479,35
119000067,468,291,177
119000068,405,140,265
119000069,419,217,202
119000070,487,129,358
119000071,48,79,-31
119000072,440,214,226
119000073,750,1825,-1075
119000074,1020,177,843
119000075,964,684,280
119000076,23,163,-140
119000077,69,103,-34
119000078,84,21,63
119000079,30,75,-45
119000080,107,45,62
119000081,163,8,155
119000082,47,11,36
119000083,41,40,1
119000084,115,33,82
119000085,69,25,44
119000086,111,94,17
119000087,216,55,161
119000088,110,26,84
119000089,9,46,-37
119000090,28,41,-13
119000091,21,55,-34
119000092,41,60,-19
119000093,640,423,217
119000094,1147,947,200
119000095,640,325,315
119000097,364,251,113
119000098,349,1621,-1272
119000099,662,204,458
119000100,1086,520,566
119000101,463,405,58
119000102,15,109,-94
119000103,275,92,183
119000104,130,32,98
119000105,82,432,-350
119000106,89,30,59
119000107,423,327,96
119000108,132,80,52
119000109,6,63,-57
119000110,0,0,0
119000111,0,26,-26
119000112,0,0,0
119000113,45,8,37
119000114,37,118,-81
119000115,20,49,-29
119000116,11,42,-31
119000117,16,35,-19
119000118,0,0,0
119000123,219,564,-345
119000124,361,49,312
119000125,1492,50,1442
119000126,476,77,399
119000127,101,36,65
119000128,1,0,1
119000131,247,29,218
119000132,0,0,0
119000133,0,11,-11
119000134,100,318,-218
119000135,20,11,9
119000136,0,0,0
119000137,29,2,27
119000138,0,0,0
119000139,3,2,1
119000140,0,0,0
119000284,101,318,-217
119000285,179,131,48
119000286,604,391,213
119000287,410,246,164
119000288,260,92,168
119000289,203,373,-170
119000290,126,112,14
119000291,6,60,-54
119000293,153,139,14
119000294,46,28,18
119000295,85,56,29
119000296,73,13,60
119000302,753,614,139
119000303,0,42,-42
119000314,263,1955,-1692
119000315,0,6,-6
119000316,0,0,0
119000317,22,2,20
119000319,120,24,96
119900001,0,0,0
119900002,49,28,21
119900003,0,0,0
119900004,0,0,0
119900005,0,0,0
119900006,0,0,0
119900007,2,0,2
119900008,0,0,0
119900009,35,28,7
119900010,124,75,49
119900011,0,0,0
119900012,0,0,0
119900013,192,137,55
119900014,41,22,19
119900015,0,0,0
119900016,0,0,0
119900017,0,0,0
119900018,90,176,-86
119900019,0,0,0
119900020,0,0,0
119900021,0,0,0
119900022,2,109,-107
119900023,20,495,-475
119900025,0,0,0
119900026,0,0,0
119900027,0,0,0
119900028,10,22,-12
119900029,0,0,0
119900030,0,0,0
119900031,4,161,-157
119900033,122,56,66
119900034,0,0,0
119900037,0,0,0
119900038,19,3,16
119900039,0,0,0
119900040,51,1,50
119900041,0,0,0
119900042,0,0,0
119900043,1,4,-3
119900044,1,44,-43
119900046,0,0,0
119900047,0,0,0
119900049,0,0,0
119900050,0,0,0
119900051,268,2,266
119900052,0,0,0
119900053,0,0,0
119900054,52,1,51
119900055,0,0,0
119900057,0,0,0
119900058,0,0,0
119900059,0,0,0
119900060,48,1,47
119900061,89,3,86
119900062,0,0,0
119900063,0,0,0
119900065,0,0,0
119900067,0,0,0
119900068,1,0,1
119900069,5,0,5
119900070,70,0,70
119900071,116,0,116
119900073,61,0,61
119900074,0,0,0
119900075,57,2,55
119900076,0,0,0
119900077,11,0,11
119900078,48,2,46
119900079,68,0,68
119900080,26,1,25
119900081,55,2,53
119900082,767,135,632
119900083,68,49,19
119900084,0,0,0
119900085,0,0,0
119900086,44,9,35
119900087,0,0,0
119900088,0,0,0
119900089,0,1,-1
119900090,0,0,0
119900091,1,8,-7
119900092,0,0,0
119900093,0,0,0
119900094,0,0,0
119900095,0,0,0
119900096,0,0,0
119900097,0,12,-12
119900098,0,0,0
119900099,0,0,0
119900100,28,99,-71
119900101,3,39,-36
119900102,0,0,0
119900103,0,0,0
119900104,0,0,0
119900105,27,13,14
119900106,0,0,0
119900107,0,0,0
119900108,359,64,295
119900109,0,0,0
119900110,28,1,27
119900111,2,0,2
119900112,0,0,0
119900113,0,1,-1
119900114,33,43,-10
119900115,37,2,35
119900116,0,0,0
119900117,21,8,13
119900118,43,4,39
119900119,0,1,-1
119900120,24,7,17
119900121,1,0,1
119900122,0,0,0
119900123,0,5,-5
119900124,1,4,-3
119900125,0,0,0
119900126,121,10,111
119900127,14,0,14
119900128,1,7,-6
119900129,2,0,2
119900130,0,0,0
119900131,0,0,0
119900132,0,0,0
119900133,0,0,0
119900134,7,0,7
119900135,0,0,0
119900136,0,0,0
119900138,0,0,0
119900139,0,0,0
119900140,0,0,0
119900141,0,0,0
119900142,0,0,0
119900143,0,0,0
119900144,0,0,0
119900145,0,0,0
119900146,0,0,0
119900147,0,0,0
119900148,0,0,0
119900149,5,410,-405
119900150,0,0,0
119900151,73,85,-12
119900152,0,0,0
119900153,0,0,0
119900154,0,0,0
119900155,0,0,0
119900156,17,0,17
119900157,0,0,0
119900158,0,0,0
119900159,0,0,0
119900160,0,0,0
119900161,59,11,48
119900162,70,12,58
119900163,0,0,0
119900164,0,0,0
119900165,0,0,0
119900166,0,0,0
119900167,0,0,0
119900168,83,1,82
119900169,0,0,0
119900170,0,0,0
119900171,5,1,4
119900172,0,0,0
119900173,0,0,0
119900174,0,0,0
119900175,205,20,185
119900177,0,0,0
119900178,0,0,0
119900179,12,209,-197
119900180,123,10,113
119900181,0,0,0
119900182,0,0,0
119900183,0,0,0
119900184,1,2,-1
119900185,3,46,-43
119900186,0,0,0
119900187,0,0,0
119900188,48,14,34
119900189,0,0,0
119900190,0,0,0
119900191,0,6,-6
119900192,0,0,0
119900193,74,8,66
119900194,0,0,0
119900195,0,0,0
119900196,0,0,0
119900197,0,0,0
119900198,0,0,0
119900199,0,0,0
119900200,0,0,0
119900201,0,0,0
119900202,0,0,0
119900203,0,0,0
119900204,3,0,3
119900205,227,22,205
119900206,0,0,0
119900208,0,0,0
119900209,38,60,-22
119900210,0,0,0
119900211,0,0,0
119900212,319,3,316
119900213,0,0,0
119900214,0,0,0
119900215,0,0,0
119900216,0,0,0
119900217,0,0,0
119900218,0,0,0
119900219,0,0,0
119900220,0,0,0
119900221,0,0,0
119900222,0,0,0
119900223,0,0,0
119900224,0,0,0
119900225,0,0,0
119900226,2,78,-76
119900227,0,1,-1
119900228,0,1,-1
119900229,0,0,0
119900230,31,0,31
119900231,19,0,19
119900232,0,0,0
119900233,1,0,1
119900234,0,0,0
119900235,0,0,0
119900236,0,0,0
119900237,6,9,-3
119900238,0,0,0
119900240,0,0,0
119900241,0,0,0
119900242,75,0,75
119900244,27,104,-77
119900245,0,0,0
119900246,0,0,0
119900247,0,0,0
119900248,0,0,0
119900249,1,0,1
119900253,113,126,-13
119900254,0,205,-205
119900255,18,2,16
119900256,112,17,95
119900257,3,0,3
119900258,0,0,0
119900259,0,0,0
119900260,0,0,0
119900261,64,13,51
119900262,0,0,0
119900263,81,6,75
119900264,0,0,0
119900265,0,0,0
119900266,0,0,0
119900267,1,11,-10
119900268,1,0,1
119900269,62,11,51
119900271,0,0,0
119900272,3,4,-1
119900275,0,0,0
119900276,0,0,0
119900277,0,0,0
119900278,0,0,0
119900279,0,0,0
119900280,23,2,21
119900281,0,0,0
119900282,0,0,0
119900283,1,5,-4
119900284,124,73,51
119900285,0,0,0
119900286,0,0,0
119900288,4,11,-7
119900289,0,0,0
119900290,0,0,0
119900291,0,0,0
119900292,6,19,-13
119900293,1,0,1
119900294,1,55,-54
119900295,42,10,32
119900296,43,13,30
119900297,0,1,-1
119900298,2,0,2
119900299,0,0,0
119900300,0,0,0
119900301,0,0,0
119900302,0,0,0
119900303,0,0,0
119900304,0,0,0
119900305,0,0,0
119900306,0,0,0
119900307,0,0,0
119900308,0,0,0
119900309,0,0,0
119900310,0,1,-1
119900311,0,0,0
119900312,1,0,1
119900313,3,4,-1
119900314,0,0,0
119900315,0,0,0
119900318,0,0,0
119900319,0,0,0
119900320,37,3,34
119900321,60,4,56
120000001,2981,10300,-7319
120000002,622,410,212
120000003,366,360,6
120000004,588,424,164
120000005,573,377,196
120000006,259,202,57
120000007,374,375,-1
120000008,153,258,-105
120000009,216,194,22
120000010,401,258,143
120000011,145,207,-62
120000012,240,289,-49
120000013,708,466,242
120000014,225,297,-72
120000015,926,423,503
120000016,2242,1196,1046
120000017,1361,1376,-15
120000018,1457,4782,-3325
120000019,335,425,-90
120000020,1326,1001,325
120000021,632,1321,-689
120000022,2640,3018,-378
120000023,549,568,-19
120000024,538,630,-92
120000025,1478,411,1067
120000026,1070,1194,-124
120000027,1443,1235,208
120000028,377,182,195
120000029,105,419,-314
120000030,11,228,-217
120000031,408,1104,-696
120000032,976,919,57
120000033,899,228,671
120000034,1155,262,893
120000035,1047,177,870
120000036,1150,1548,-398
120000037,425,1206,-781
120000038,669,1582,-913
120000039,33,87,-54
120000040,1,94,-93
120000041,41,66,-25
120000042,323,314,9
120000043,1428,369,1059
120000044,2873,355,2518
120000045,2540,181,2359
120000046,1625,1273,352
120000047,159,1982,-1823
120000048,1806,1303,503
120000049,1309,448,861
120000050,753,864,-111
120000051,610,1004,-394
120000052,712,511,201
120000053,510,315,195
120000054,380,323,57
120000055,716,468,248
120000056,1582,767,815
120000057,854,186,668
120000058,203,208,-5
120000059,93,808,-715
120000061,17,183,-166
120000062,45,58,-13
120000063,130,210,-80
120000064,142,126,16
120000065,131,139,-8
120000066,37,30,7
120000067,1,52,-51
120000068,46,90,-44
120000069,192,62,130
120000070,33,55,-22
120000071,273,9,264
120000072,388,36,352
120000073,364,0,364
120000074,14,3,11
120000075,377,42,335
120000076,1095,57,1038
120000077,860,91,769
120000078,473,128,345
120000079,495,95,400
120000080,113,72,41
120000081,187,54,133
120000082,174,211,-37
120000083,22,811,-789
120000084,56,41,15
120000085,39,8,31
120000086,87,41,46
120000087,68,46,22
120000088,332,256,76
120000089,711,168,543
120000090,313,107,206
120000091,434,164,270
120000092,557,55,502
120000093,298,123,175
120000094,127,264,-137
120000095,209,64,145
120000096,84,54,30
120000098,334,95,239
120000099,72,52,20
120000100,218,130,88
120000101,181,61,120
120000102,299,721,-422
120000103,657,323,334
120000104,1636,132,1504
120000105,1820,85,1735
120000106,1786,47,1739
120000107,2923,74,2849
120000108,866,30,836
120000109,543,17,526
120000110,0,105,-105
120000111,2,96,-94
120000112,17,176,-159
120000113,30,122,-92
120000114,60,157,-97
120000115,37,96,-59
120000116,66,117,-51
120000117,252,105,147
120000118,8,33,-25
120000119,10,45,-35
120000120,22,43,-21
120000121,11,33,-22
120000122,52,173,-121
120000123,259,3163,-2904
120000124,165,156,9
120000125,111,57,54
120000126,113,180,-67
120000127,79,194,-115
120000128,491,755,-264
120000129,57,97,-40
120000130,309,130,179
120000131,120,185,-65
120000134,31,14,17
120000135,75,238,-163
120000137,8,16,-8
120000138,239,32,207
120000139,34,28,6
120000140,131,2,129
120000141,149,40,109
120000142,383,69,314
120000143,0,1,-1
120000144,29,0,29
120000145,39,0,39
120000146,266,418,-152
120000149,137,85,52
120000150,206,3004,-2798
120000151,213,91,122
120000152,378,31,347
120000153,29,51,-22
120000154,41,56,-15
120000155,41,97,-56
120000156,110,131,-21
120000157,312,82,230
120000158,87,57,30
120000159,388,473,-85
120000160,811,642,169
120000161,628,659,-31
120000162,28,101,-73
120000163,201,98,103
120000164,194,22,172
120000165,171,31,140
120000166,682,23,659
120000167,0,0,0
120000168,0,0,0
120000169,0,0,0
120000170,0,0,0
120000171,0,0,0
120000172,0,0,0
120000173,9,0,9
120000174,1,0,1
120000175,5,0,5
120000176,0,1,-1
120000177,48,3,45
120000178,0,1,-1
120000179,5,1,4
120000180,3,0,3
120000181,0,78,-78
120000182,0,77,-77
120000183,0,118,-118
120000184,27,306,-279
120000186,1,43,-42
120000187,11,36,-25
120000188,6,39,-33
120000190,21,65,-44
120000191,34,42,-8
120000192,17,45,-28
120000193,27,12,15
120000195,0,0,0
120000196,1,1,0
120000197,1,6,-5
120000198,16,0,16
120000199,0,0,0
120000200,0,0,0
120000201,0,0,0
120000202,0,0,0
120000203,0,0,0
120000207,0,0,0
120000208,0,0,0
120000209,0,0,0
120000210,0,0,0
120000211,0,0,0
120000212,0,0,0
120000213,0,0,0
120000214,0,0,0
120000215,0,0,0
120000216,0,0,0
120000217,0,0,0
120000218,0,0,0
120000219,0,0,0
120000220,0,0,0
120000225,642,0,642
120000226,153,0,153
120000227,212,24,188
120000228,0,0,0
120000230,33,0,33
120000231,127,15,112
120000233,302,19,283
120000235,0,38,-38
120000236,615,1,614
120000237,0,18,-18
120000238,0,0,0
120000241,475,1219,-744
120000412,13,177,-164
120000413,68,0,68
120000414,127,0,127
120000415,5,0,5
120000416,31,0,31
120000417,0,0,0
120000418,66,0,66
120000419,0,1,-1
120000420,13,0,13
120000421,1166,849,317
120000422,5,194,-189
120000423,0,0,0
120000424,0,0,0
120000436,38,539,-501
120000437,5,3,2
120000438,133,81,52
120000439,157,155,2
120000443,192,17,175
120000444,835,50,785
120000445,633,435,198
120000446,147,23,124
120000447,140,1,139
120000449,41,0,41
120000450,0,4,-4
120000451,25,44,-19
120000452,296,15,281
120000453,0,0,0
120000454,54,8,46
120000455,5,16,-11
120000456,44,551,-507
120000457,76,102,-26
120000458,105,75,30
120000459,9,17,-8
120000665,8,88,-80
120000668,10,193,-183
120000669,39,68,-29
120000670,2,113,-111
120000671,362,183,179
120000672,2,75,-73
120900001,79,10,69
120900002,3,3,0
120900003,0,0,0
120900004,0,7,-7
120900005,20,60,-40
120900006,144,20,124
120900007,0,0,0
120900008,170,31,139
120900009,0,0,0
120900010,126,57,69
120900011,0,0,0
120900012,1,249,-248
120900013,43,13,30
120900014,0,12,-12
120900015,469,9,460
120900016,586,2,584
120900017,24,1,23
120900018,45,12,33
120900019,46,100,-54
120900020,25,165,-140
120900021,222,2,220
120900022,0,6,-6
120900023,336,4,332
120900024,132,14,118
120900025,7,25,-18
120900026,11,18,-7
120900027,0,0,0
120900028,208,53,155
120900029,0,0,0
120900030,407,92,315
120900031,163,7,156
120900032,694,31,663
120900033,305,3,302
120900034,0,220,-220
120900035,30,1,29
120900037,123,1,122
120900038,0,0,0
120900039,0,0,0
120900040,71,0,71
120900041,2,1,1
120900042,176,22,154
120900043,34,1,33
120900044,4,35,-31
120900045,11,0,11
120900046,394,0,394
120900047,0,0,0
120900048,0,0,0
120900049,173,2,171
120900050,140,463,-323
120900051,123,56,67
120900052,217,0,217
120900053,0,0,0
120900054,96,0,96
120900055,239,1,238
120900056,0,0,0
120900057,0,0,0
120900058,398,1,397
120900059,46,0,46
120900060,0,0,0
120900061,22,10,12
120900062,97,21,76
120900063,0,0,0
120900064,298,0,298
120900065,216,0,216
120900066,292,8,284
120900067,24,31,-7
120900068,117,0,117
120900069,0,0,0
120900071,1,0,1
120900072,0,0,0
120900073,0,0,0
120900074,100,5,95
120900076,184,0,184
120900077,321,100,221
120900078,663,95,568
120900079,109,5,104
120900080,79,0,79
120900081,523,47,476
120900082,99,1,98
120900083,115,1,114
120900084,102,94,8
120900085,0,0,0
120900086,0,120,-120
120900087,110,82,28
120900088,4,151,-147
120900089,176,1200,-1024
120900090,16,0,16
120900091,19,216,-197
120900092,2,6,-4
120900093,0,0,0
120900094,12,6,6
120900095,0,0,0
120900096,0,1,-1
120900097,46,12,34
120900098,0,0,0
120900099,4,0,4
120900100,0,0,0
120900101,0,0,0
120900102,0,0,0
120900103,54,27,27
120900104,2,1,1
120900105,0,0,0
120900106,64,4,60
120900107,5,0,5
120900108,0,0,0
120900109,0,14,-14
120900110,0,0,0
120900111,2,0,2
120900112,0,0,0
120900113,0,33,-33
120900114,0,7,-7
120900115,29,48,-19
120900116,53,15,38
120900117,0,0,0
120900118,0,16,-16
120900119,475,297,178
120900120,0,19,-19
120900121,0,4,-4
120900122,84,13,71
120900123,0,0,0
120900124,0,15,-15
120900125,1,17,-16
120900126,22,4,18
120900127,0,0,0
120900128,4,7,-3
120900129,70,12,58
120900130,0,31,-31
120900131,0,0,0
120900132,632,44,588
120900133,0,20,-20
120900134,0,2,-2
120900135,0,11,-11
120900136,0,0,0
120900137,116,3,113
120900138,0,6,-6
120900139,0,15,-15
120900140,0,0,0
120900141,39,20,19
120900142,1,13,-12
120900143,0,6,-6
120900144,0,29,-29
120900145,3,26,-23
120900146,0,15,-15
120900147,0,0,0
120900148,2,11,-9
120900149,0,9,-9
120900150,0,23,-23
120900151,7,3,4
120900152,16,0,16
120900153,0,0,0
120900154,0,1,-1
120900155,22,26,-4
120900156,140,12,128
120900157,0,0,0
120900158,0,10,-10
120900159,0,0,0
120900160,0,3,-3
120900161,0,0,0
120900162,0,0,0
120900163,0,0,0
120900164,0,0,0
120900165,0,0,0
120900166,0,0,0
120900167,0,0,0
120900169,0,0,0
120900170,19,758,-739
120900171,22,1,21
120900172,0,0,0
120900173,0,0,0
120900174,0,0,0
120900175,40,0,40
120900176,1,138,-137
120900177,2,543,-541
120900178,2,134,-132
120900179,15,12,3
120900180,1,0,1
120900181,0,0,0
120900182,0,0,0
120900183,0,0,0
120900184,0,0,0
120900185,0,0,0
120900186,0,10,-10
120900187,123,94,29
120900188,8,0,8
120900189,0,0,0
120900190,56,11,45
120900191,0,0,0
120900192,446,1861,-1415
120900194,3,1,2
120900195,20,11,9
120900196,0,0,0
120900197,254,24,230
120900198,22,32,-10
120900199,32,68,-36
120900200,1,0,1
120900201,30,3,27
120900202,0,2,-2
120900203,0,2,-2
120900204,6,8,-2
120900205,0,0,0
120900206,8,0,8
120900207,0,34,-34
121000001,123,325,-202
121000002,243,714,-471
121000003,308,652,-344
121000004,158,796,-638
121000005,1010,2295,-1285
121000006,408,899,-491
121000007,222,973,-751
121000008,435,1088,-653
121000009,516,2163,-1647
121000010,533,851,-318
121000011,692,2348,-1656
121000012,725,808,-83
121000013,1192,2506,-1314
121000014,845,933,-88
121000015,1704,2958,-1254
121000016,324,278,46
121000017,256,1200,-944
121000018,495,771,-276
121000019,1386,2364,-978
121000020,2964,5132,-2168
121000021,227,450,-223
121000022,305,2146,-1841
121000023,393,190,203
121000024,891,1656,-765
121000025,21,217,-196
121000026,42,126,-84
121000027,80,432,-352
121000028,44,193,-149
121000029,37,155,-118
121000030,0,0,0
121000031,57,132,-75
121000032,0,0,0
121000034,9,36,-27
121000035,1,12,-11
121000036,145,220,-75
121000037,70,376,-306
121000038,490,465,25
121000039,50,66,-16
121000041,84,117,-33
121000042,11,137,-126
121000043,248,249,-1
121000044,43,229,-186
121000045,61,145,-84
121000046,0,0,0
121000047,0,10,-10
121000049,222,168,54
121000050,46,1263,-1217
121000051,173,101,72
121000052,52,714,-662
121000053,14,46,-32
121000054,0,13,-13
121000055,143,404,-261
121000056,569,402,167
121000057,0,0,0
121000058,45,82,-37
121000059,250,757,-507
121000060,361,474,-113
121000061,4,440,-436
121000062,139,206,-67
121000063,98,521,-423
121000064,142,566,-424
121000065,71,104,-33
121000066,38,36,2
121000067,76,16,60
121000068,97,441,-344
121000069,12,711,-699
121000070,136,174,-38
121000071,254,700,-446
121000072,61,57,4
121000073,93,342,-249
121000074,29,25,4
121000075,1,2,-1
121000076,46,37,9
121000077,2,44,-42
121000078,0,13,-13
121000080,91,86,5
121000081,273,1104,-831
121000082,0,23,-23
121000083,4,59,-55
121000084,11,30,-19
121000085,3,21,-18
121000086,14,172,-158
121000087,0,168,-168
121000088,186,151,35
121000089,7,254,-247
121000090,110,114,-4
121000091,235,624,-389
121000092,9,42,-33
121000093,25,47,-22
121000094,21,90,-69
121000095,2,77,-75
121000096,407,169,238
121000097,61,574,-513
121000098,46,117,-71
121000099,117,114,3
121000100,232,124,108
121000101,90,115,-25
121000102,5,5,0
121000103,14,75,-61
121000104,10,2,8
121000105,5,0,5
121000106,9,112,-103
121000107,399,927,-528
121000109,256,765,-509
121000110,3,391,-388
121000114,525,1186,-661
121000115,39,46,-7
121000116,30,72,-42
121000117,45,25,20
121000118,144,18,126
121000119,23,37,-14
121000120,47,328,-281
121000121,37,75,-38
121000123,46,64,-18
121000127,4,20,-16
121000128,146,49,97
121000129,88,42,46
121000130,94,138,-44
121000131,11,155,-144
121000132,54,201,-147
121000135,110,149,-39
121000136,244,593,-349
121000137,40,97,-57
121000138,118,1073,-955
121000139,0,0,0
121000141,10,1,9
121000142,0,0,0
121000143,1,5,-4
121000144,464,706,-242
121000145,76,115,-39
121000146,197,82,115
121000147,113,31,82
121000148,77,133,-56
121000149,333,513,-180
121000152,71,79,-8
121000153,134,95,39
121000154,218,56,162
121000155,226,245,-19
121000156,74,142,-68
121000157,123,162,-39
121000158,297,189,108
121000159,193,117,76
121000160,169,56,113
121000161,139,150,-11
121000162,58,44,14
121000165,326,1129,-803
121000166,10,229,-219
121000168,37,63,-26
121000169,0,18,-18
121000170,78,11,67
121000171,0,33,-33
121000172,91,284,-193
121000173,439,478,-39
121000174,147,350,-203
121000175,238,102,136
121000176,131,129,2
121000177,129,29,100
121000178,115,15,100
121000179,6,9,-3
121000181,76,36,40
121000182,211,233,-22
121000183,15,138,-123
121000184,15,310,-295
121000185,1,648,-647
121000186,81,559,-478
121000187,114,78,36
121000188,49,49,0
121000192,181,50,131
121000193,34,37,-3
121000194,351,627,-276
121000195,161,441,-280
121000196,48,97,-49
121000197,9,56,-47
121000198,25,149,-124
121000199,36,46,-10
121000200,89,100,-11
121000201,0,98,-98
121000202,87,6,81
121000203,1,122,-121
121000204,474,58,416
121000205,82,83,-1
121000206,147,153,-6
121000207,440,342,98
121000208,2,105,-103
121000209,244,14,230
121000210,216,122,94
121000211,4,6,-2
121000212,36,42,-6
121000213,378,300,78
121000214,147,670,-523
121000215,276,103,173
121000216,90,333,-243
121000217,716,1232,-516
121000218,43,231,-188
121000219,213,272,-59
121000220,22,1,21
121000221,0,36,-36
121000222,483,642,-159
121000223,0,0,0
121000224,144,96,48
121000225,38,690,-652
121000226,187,651,-464
121000227,6,109,-103
121000228,3,40,-37
121000229,3,17,-14
121000230,8,107,-99
121000231,565,16,549
121000232,17,6,11
121000233,123,66,57
121000234,1,60,-59
121000235,3,63,-60
121000236,0,11,-11
121000237,1,1,0
121000238,0,21,-21
121000239,15,0,15
121000240,2,15,-13
121000241,44,0,44
121000242,0,11,-11
121000243,38,5,33
121000244,0,2,-2
121000245,3,0,3
121000246,0,19,-19
121000247,7,0,7
121000248,35,22,13
121000249,0,10,-10
121000250,79,242,-163
121000251,0,45,-45
121000252,1,17,-16
121000253,34,123,-89
121000254,137,38,99
121000255,0,49,-49
121000256,37,122,-85
121000257,0,34,-34
121000258,39,102,-63
121000259,25,17,8
121000260,0,11,-11
121000261,3,101,-98
121000262,89,95,-6
121000263,312,34,278
121000271,27,689,-662
121000273,2,0,2
121000274,1,30,-29
121000275,0,0,0
121000276,1,24,-23
121000278,10,27,-17
121000289,119,14,105
121000290,40,331,-291
121000294,52,7,45
121000297,139,277,-138
121000299,22,169,-147
121000300,44,160,-116
121000302,1,284,-283
121000303,37,25,12
121000304,325,33,292
121000305,83,35,48
121000306,90,191,-101
121000308,0,0,0
121000309,3,0,3
121000310,3,0,3
121000311,0,0,0
121000312,73,100,-27
121000313,0,0,0
121000314,0,3,-3
121000315,1,13,-12
121000530,482,380,102
121000531,629,285,344
121000532,1078,952,126
121000533,1661,1112,549
121000918,0,0,0
121000919,14,107,-93
121000938,12,1,11
121000939,11,102,-91
121000956,395,203,192
121000957,0,0,0
121000958,15,4,11
121000959,219,55,164
121000960,261,178,83
121000961,108,1,107
121000962,20,36,-16
121000973,0,0,0
121000976,0,0,0
121000979,0,0,0
121000981,51,0,51
121000982,261,109,152
121000983,55,17,38
121000984,0,13,-13
121000985,174,92,82
121000986,119,76,43
121000987,28,168,-140
121000988,222,31,191
121001302,5,12,-7
121001308,0,35,-35
121001309,29,122,-93
121001313,0,0,0
121001314,320,185,135
121001315,1244,425,819
121001326,41,158,-117
121001327,19,47,-28
121001328,2,2,0
121900001,41,386,-345
121900002,0,0,0
121900003,0,0,0
121900004,0,0,0
121900005,1,0,1
121900006,0,0,0
121900007,143,33,110
121900008,0,0,0
121900009,2,0,2
121900010,0,0,0
121900011,15,0,15
121900012,0,0,0
121900013,0,0,0
121900014,0,0,0
121900015,0,0,0
121900016,0,0,0
121900017,0,0,0
121900018,0,0,0
121900019,0,0,0
121900020,1,0,1
121900021,70,0,70
121900022,0,0,0
121900023,0,0,0
121900024,0,0,0
121900025,0,0,0
121900026,3,0,3
121900027,0,0,0
121900028,4,0,4
121900029,0,0,0
121900030,0,0,0
121900031,4,72,-68
121900032,0,0,0
121900033,0,0,0
121900034,0,0,0
121900035,0,0,0
121900036,0,0,0
121900037,0,0,0
121900038,0,0,0
121900039,0,0,0
121900040,0,0,0
121900041,0,0,0
121900042,0,0,0
121900043,0,0,0
121900044,0,0,0
121900046,0,0,0
121900047,0,0,0
121900048,0,0,0
121900050,0,0,0
121900051,0,0,0
121900052,0,0,0
121900053,15,10,5
121900054,0,0,0
121900055,0,0,0
121900058,0,0,0
121900059,0,0,0
121900060,0,0,0
121900062,0,0,0
121900063,10,2,8
121900064,0,0,0
121900066,0,0,0
121900067,0,0,0
121900069,0,0,0
121900070,13,1,12
121900071,0,0,0
121900072,0,0,0
121900073,0,0,0
121900074,4,1,3
121900075,3,2,1
121900076,0,0,0
121900078,0,0,0
121900079,0,0,0
121900080,0,0,0
121900082,0,0,0
121900084,0,0,0
121900086,0,0,0
121900087,0,0,0
121900088,0,0,0
121900089,0,0,0
121900090,0,0,0
121900091,0,0,0
121900092,0,0,0
121900093,0,0,0
121900094,0,0,0
121900095,0,0,0
121900096,0,0,0
121900097,0,0,0
121900098,0,0,0
121900099,0,0,0
121900100,0,0,0
121900101,0,0,0
121900102,0,0,0
121900103,0,0,0
121900104,51,27,24
121900105,0,0,0
121900106,0,0,0
121900107,0,0,0
121900108,0,0,0
121900109,0,0,0
121900110,0,0,0
121900111,0,0,0
121900112,0,0,0
121900113,0,0,0
121900114,2,0,2
121900117,0,0,0
121900118,0,0,0
121900119,0,0,0
121900120,0,0,0
121900121,0,0,0
121900122,0,0,0
121900123,0,0,0
121900124,0,0,0
121900125,0,0,0
121900127,0,0,0
121900128,0,0,0
121900129,0,0,0
121900130,0,0,0
121900131,2,0,2
121900132,0,0,0
121900133,0,0,0
121900134,0,0,0
121900135,105,29,76
121900136,2,0,2
121900137,0,0,0
121900138,0,0,0
121900139,0,0,0
121900140,0,0,0
121900141,12,0,12
121900142,0,0,0
121900143,0,0,0
121900144,0,0,0
121900145,0,0,0
121900146,0,0,0
121900147,0,0,0
121900148,0,0,0
121900149,0,0,0
121900150,0,0,0
121900151,0,0,0
121900152,0,0,0
121900153,0,0,0
121900154,0,0,0
121900155,0,0,0
121900156,0,0,0
121900157,0,0,0
121900158,0,0,0
121900159,0,0,0
121900160,0,0,0
121900161,0,0,0
121900162,0,0,0
121900163,0,0,0
121900164,0,0,0
121900165,0,0,0
121900166,0,0,0
121900167,0,0,0
121900168,0,0,0
121900169,0,0,0
121900170,0,0,0
121900171,0,0,0
121900172,0,0,0
121900173,0,0,0
121900174,0,0,0
121900175,0,0,0
121900176,0,0,0
121900177,0,0,0
121900178,0,0,0
121900179,0,0,0
121900180,64,229,-165
121900182,0,0,0
121900183,0,0,0
121900184,0,0,0
121900186,0,0,0
121900187,0,0,0
121900188,0,0,0
121900189,0,0,0
121900190,12,0,12
121900191,0,0,0
121900192,0,0,0
121900193,0,0,0
121900194,0,0,0
121900195,0,0,0
121900196,0,0,0
121900197,0,0,0
121900198,234,0,234
121900199,0,0,0
121900200,0,0,0
121900201,0,0,0
121900202,0,0,0
121900203,0,0,0
121900204,0,0,0
121900205,0,0,0
121900206,0,0,0
121900207,0,0,0
121900208,0,0,0
121900209,0,0,0
121900210,0,0,0
121900211,0,0,0
121900212,0,0,0
121900213,0,0,0
121900214,0,0,0
121900215,0,0,0
121900216,0,0,0
121900217,0,0,0
121900218,0,0,0
121900220,0,0,0
121900221,0,0,0
121900222,0,0,0
121900223,0,0,0
121900224,0,0,0
121900225,0,0,0
121900226,0,0,0
121900227,0,0,0
121900228,0,0,0
121900230,0,0,0
121900231,0,0,0
121900232,0,0,0
121900233,0,0,0
121900234,0,0,0
121900235,0,0,0
121900236,0,0,0
121900237,0,0,0
121900238,0,0,0
121900239,0,0,0
121900240,0,0,0
121900241,0,0,0
121900242,0,0,0
121900243,0,0,0
121900244,0,0,0
121900245,0,0,0
121900246,11,0,11
121900248,0,0,0
121900250,0,0,0
121900251,0,0,0
121900252,0,0,0
121900253,0,70,-70
121900254,0,0,0
121900255,0,0,0
121900258,418,284,134
121900259,0,0,0
121900260,0,0,0
121900261,0,0,0
121900262,0,0,0
121900263,0,0,0
121900264,0,0,0
121900265,0,0,0
121900266,0,0,0
121900267,0,0,0
121900269,0,0,0
121900270,0,0,0
121900271,0,0,0
121900273,13,14,-1
121900274,25,6,19
121900277,0,0,0
121900278,0,0,0
121900279,0,0,0
121900280,0,0,0
121900281,0,0,0
121900284,0,0,0
121900286,26,0,26
121900287,1,3,-2
121900288,0,0,0
121900290,0,0,0
121900291,1,1,0
121900292,15,8,7
121900293,0,1,-1
121900294,0,0,0
121900295,0,0,0
121900296,0,0,0
121900298,0,5,-5
121900299,0,0,0
121900300,3,0,3
121900301,0,0,0
121900302,0,0,0
121900303,0,0,0
121900304,0,0,0
121900305,0,0,0
121900306,0,0,0
121900307,22,0,22
121900308,0,0,0
121900309,0,0,0
121900310,0,0,0
121900311,43,0,43
121900312,37,0,37
121900313,29,0,29
121900314,0,0,0
121900315,0,0,0
121900316,0,0,0
121900317,0,0,0
121900318,0,0,0
121900319,0,0,0
121900320,0,0,0
121900321,0,0,0
121900322,0,0,0
121900323,0,0,0
121900324,0,0,0
121900325,0,0,0
121900326,0,0,0
121900327,0,0,0
121900328,0,0,0
121900329,0,0,0
121900330,0,0,0
121900331,0,0,0
121900332,0,0,0
121900333,0,0,0
121900334,0,0,0
122000001,264,534,-270
122000002,284,215,69
122000003,212,440,-228
122000004,225,401,-176
122000005,737,1906,-1169
122000006,182,688,-506
122000007,148,571,-423
122000008,350,807,-457
122000009,75,140,-65
122000010,767,748,19
122000011,176,310,-134
122000012,108,228,-120
122000013,135,815,-680
122000014,378,606,-228
122000015,195,420,-225
122000016,81,315,-234
122000017,225,650,-425
122000018,292,582,-290
122000019,97,463,-366
122000020,7,48,-41
122000021,14,112,-98
122000022,80,51,29
122000023,78,56,22
122000024,184,319,-135
122000025,85,390,-305
122000026,185,277,-92
122000027,63,194,-131
122000028,100,337,-237
122000029,27,96,-69
122000030,11,0,11
122000031,5,455,-450
122000032,177,235,-58
122000033,48,156,-108
122000034,6,88,-82
122000035,4,42,-38
122000036,38,102,-64
122000037,21,65,-44
122000038,13,154,-141
122000039,22,51,-29
122000040,10,17,-7
122000041,243,926,-683
122000042,274,536,-262
122000043,37,48,-11
122000044,26,119,-93
122000045,159,102,57
122000046,125,182,-57
122000047,1,13,-12
122000048,774,1446,-672
122000049,1399,1004,395
122000050,76,232,-156
122000051,114,650,-536
122000052,120,404,-284
122000053,76,1150,-1074
122000054,339,550,-211
122000055,1761,1874,-113
122000056,580,856,-276
122000057,690,1238,-548
122000058,228,572,-344
122000059,214,725,-511
122000060,35,62,-27
122000061,4,30,-26
122000062,211,24,187
122000063,67,405,-338
122000064,1089,1961,-872
122000065,607,625,-18
122000066,31,32,-1
122000067,619,1533,-914
122000068,138,1442,-1304
122000069,44,110,-66
122000070,456,300,156
122000071,204,304,-100
122000072,9,73,-64
122000073,7,155,-148
122000074,356,481,-125
122000075,98,443,-345
122000076,185,250,-65
122000077,140,246,-106
122000078,118,203,-85
122000079,76,438,-362
122000080,75,163,-88
122000081,2,157,-155
122000082,44,216,-172
122000083,124,127,-3
122000084,64,54,10
122000085,15,111,-96
122000086,686,1945,-1259
122000087,157,118,39
122000088,54,14,40
122000089,536,513,23
122000090,46,136,-90
122000091,58,32,26
122000092,2,28,-26
122000093,920,1906,-986
122000094,1107,1063,44
122000095,442,1445,-1003
122000096,83,613,-530
122000098,857,2714,-1857
122000099,103,327,-224
122000100,93,68,25
122000101,27,67,-40
122000102,14,119,-105
122000103,67,93,-26
122000104,23,61,-38
122000105,13,63,-50
122000106,45,122,-77
122000107,123,188,-65
122000108,26,25,1
122000109,58,92,-34
122000110,40,55,-15
122000111,175,120,55
122000112,53,91,-38
122000113,76,80,-4
122000114,220,1765,-1545
122000115,197,988,-791
122000116,9,89,-80
122000117,138,49,89
122000118,138,58,80
122000119,61,96,-35
122000120,31,88,-57
122000121,158,285,-127
122000122,62,265,-203
122000123,116,359,-243
122000124,58,175,-117
122000125,25,166,-141
122000126,15,120,-105
122000127,53,136,-83
122000128,107,116,-9
122000129,38,134,-96
122000130,314,223,91
122000131,80,57,23
122000132,20,14,6
122000133,59,14,45
122000134,73,200,-127
122000135,66,87,-21
122000136,47,129,-82
122000137,93,221,-128
122000139,92,332,-240
122000140,31,228,-197
122000141,227,263,-36
122000142,10,281,-271
122000143,15,72,-57
122000144,53,77,-24
122000145,68,57,11
122000146,69,262,-193
122000147,75,124,-49
122000148,83,98,-15
122000149,258,88,170
122000150,84,75,9
122000151,0,0,0
122000152,1,0,1
122000153,58,149,-91
122000154,39,74,-35
122000155,184,126,58
122000156,591,863,-272
122000157,161,570,-409
122000158,57,41,16
122000159,97,182,-85
122000160,166,225,-59
122000161,126,112,14
122000162,82,219,-137
122000163,10,7,3
122000164,0,2,-2
122000165,48,412,-364
122000166,46,187,-141
122000167,3,4,-1
122000168,19,811,-792
122000169,44,7,37
122000170,16,218,-202
122000171,0,0,0
122000172,181,574,-393
122000173,185,413,-228
122000174,209,1016,-807
122000175,78,44,34
122000176,172,737,-565
122000177,571,1590,-1019
122000178,397,319,78
122000179,190,1071,-881
122000180,320,1131,-811
122000181,211,1221,-1010
122000182,124,131,-7
122000183,24,75,-51
122000184,514,796,-282
122000185,161,509,-348
122000186,101,289,-188
122000187,297,135,162
122000188,0,0,0
122000189,54,70,-16
122000190,221,332,-111
122000191,37,107,-70
122000192,71,24,47
122000193,82,319,-237
122000194,50,18,32
122000195,45,248,-203
122000196,58,95,-37
122000197,23,35,-12
122000198,33,247,-214
122000199,126,70,56
122000200,71,101,-30
122000201,220,570,-350
122000202,120,515,-395
122000203,162,160,2
122000204,277,321,-44
122000205,69,135,-66
122000206,399,557,-158
122000207,305,509,-204
122000208,370,217,153
122000209,325,77,248
122000210,184,198,-14
122000211,67,246,-179
122000212,102,83,19
122000213,58,198,-140
122000214,272,563,-291
122000215,1194,560,634
122000217,302,297,5
122000218,185,63,122
122000219,86,105,-19
122000220,17,192,-175
122000221,33,255,-222
122000222,41,36,5
122000223,44,134,-90
122000225,70,57,13
122000226,31,337,-306
122000227,1,124,-123
122000228,25,61,-36
122000229,3,154,-151
122000230,1,79,-78
122000231,27,128,-101
122000232,37,66,-29
122000233,0,20,-20
122000234,59,13,46
122000235,201,27,174
122000236,173,27,146
122000237,8,1,7
122000238,27,96,-69
122000239,47,13,34
122000240,190,67,123
122000241,238,69,169
122000242,30,2,28
122000243,20,12,8
122000244,13,39,-26
122000245,25,9,16
122000246,28,73,-45
122000247,70,79,-9
122000248,80,81,-1
122000249,160,188,-28
122000250,105,138,-33
122000251,0,0,0
122000252,37,19,18
122000253,0,0,0
122000254,43,5,38
122000255,56,118,-62
122000256,1,11,-10
122000257,0,8,-8
122000258,50,97,-47
122000259,4,115,-111
122000260,8,40,-32
122000261,5,50,-45
122000262,0,1,-1
122000263,49,2,47
122000264,511,85,426
122000265,340,93,247
122000266,403,57,346
122000267,5,0,5
122000268,25,23,2
122000269,46,40,6
122000270,17,12,5
122000271,0,0,0
122000272,0,0,0
122000273,7,1,6
122000274,2,0,2
122000275,4,6,-2
122000276,100,170,-70
122000277,197,301,-104
122000278,188,53,135
122000279,19,15,4
122000280,127,9,118
122000281,48,62,-14
122000282,29,270,-241
122000283,17,24,-7
122000284,19,7,12
122000285,0,0,0
122000286,1,1,0
122000287,757,333,424
122000288,82,69,13
122000291,759,248,511
122000293,20,38,-18
122000294,13,82,-69
122000295,304,36,268
122000296,46,294,-248
122000297,556,1577,-1021
122000299,161,63,98
122000300,47,32,15
122000301,178,888,-710
122000302,105,526,-421
122000303,256,76,180
122000304,0,36,-36
122000305,454,127,327
122000306,17,70,-53
122000307,5,37,-32
122000309,0,0,0
122000310,0,10,-10
122000311,0,25,-25
122000312,8,36,-28
122000313,22,38,-16
122000314,99,122,-23
122000315,107,2,105
122000316,324,68,256
122000317,349,64,285
122000318,75,193,-118
122000319,3,96,-93
122000320,5,46,-41
122000321,0,21,-21
122000322,375,251,124
122000323,122,196,-74
122000324,154,532,-378
122000325,175,238,-63
122000326,0,0,0
122000327,49,142,-93
122000328,71,133,-62
122000330,128,407,-279
122000333,5,9,-4
122000337,78,60,18
122000338,32,14,18
122000340,10,50,-40
122000342,113,161,-48
122000343,25,65,-40
122000344,38,0,38
122000345,33,6,27
122000346,26,2,24
122000348,74,140,-66
122000349,0,38,-38
122000351,34,16,18
122000352,17,7,10
122000353,17,0,17
122000355,23,581,-558
122000356,32,63,-31
122000357,17,6,11
122000358,0,0,0
122000359,0,0,0
122000360,0,0,0
122000362,0,9,-9
122000364,39,15,24
122000365,0,5,-5
122000366,17,4,13
122000368,20,94,-74
122000370,2,2,0
122000371,0,0,0
122000372,0,0,0
122000381,2,19,-17
122000382,0,7,-7
122000384,103,381,-278
122000385,2,0,2
122000386,24,432,-408
122000387,50,88,-38
122000388,62,354,-292
122000389,29,43,-14
122000390,30,172,-142
122000391,1,108,-107
122000392,16,8,8
122000393,17,7,10
122000394,100,4,96
122000395,34,23,11
122000396,10,1,9
122000397,0,0,0
122000398,31,103,-72
122000399,28,33,-5
122000400,5,94,-89
122000401,14,3,11
122000402,74,36,38
122000403,10,1,9
122000404,101,6,95
122000408,123,161,-38
122000503,0,16,-16
122000524,0,0,0
122000544,12,35,-23
122000614,37,50,-13
122000616,0,0,0
122000640,21,4,17
122000641,2,12,-10
122000642,120,63,57
122000643,5,117,-112
122000644,0,0,0
122000645,2,6,-4
122000651,71,387,-316
122000664,57,34,23
122000665,39,118,-79
122000666,22,84,-62
122000673,4,12,-8
122000674,90,86,4
122000675,689,282,407
122000686,112,95,17
122000687,255,36,219
122000688,110,46,64
122000689,209,30,179
122000690,849,27,822
122000691,324,47,277
122000692,134,7,127
122000693,64,92,-28
122000695,3,0,3
122000696,146,25,121
122000698,1,0,1
122000699,30,20,10
122000701,161,30,131
122000702,83,213,-130
122000703,5,26,-21
122000712,0,0,0
122000717,0,39,-39
122000718,71,718,-647
122000719,1,36,-35
122000720,201,20,181
122000724,49,3,46
122900001,0,0,0
122900002,21,307,-286
122900003,12,0,12
122900004,0,0,0
122900005,0,0,0
122900006,0,0,0
122900007,0,0,0
122900008,0,0,0
122900009,0,0,0
122900010,22,0,22
122900012,13,21,-8
122900014,0,0,0
122900015,102,21,81
122900016,0,0,0
122900017,0,0,0
122900018,0,0,0
122900020,0,0,0
122900021,0,0,0
122900022,0,0,0
122900023,0,0,0
122900024,0,0,0
122900025,0,0,0
122900026,0,0,0
122900027,0,74,-74
122900028,0,0,0
122900029,19,3,16
122900030,0,0,0
122900031,0,39,-39
122900032,0,0,0
122900033,11,46,-35
122900034,4,41,-37
122900035,0,0,0
122900036,0,0,0
122900037,0,0,0
122900038,2,100,-98
122900039,1,4,-3
122900040,3,10,-7
122900041,4,10,-6
122900042,6,9,-3
122900043,2,28,-26
122900044,0,17,-17
122900045,13,23,-10
122900046,15,13,2
122900047,3,2,1
122900048,0,0,0
122900049,0,0,0
122900051,2,0,2
122900052,69,0,69
122900053,0,4,-4
122900055,4,1,3
122900057,5,0,5
122900061,0,0,0
122900062,0,0,0
122900063,0,0,0
122900064,0,0,0
122900065,0,0,0
122900066,0,0,0
122900067,0,1,-1
122900069,0,0,0
122900070,116,17,99
122900071,0,0,0
122900073,0,0,0
122900074,185,1,184
122900075,0,0,0
122900076,0,0,0
122900077,0,0,0
122900078,80,0,80
122900080,0,0,0
122900081,26,0,26
122900082,266,1,265
122900083,0,0,0
122900084,0,0,0
122900086,0,0,0
122900087,87,0,87
122900088,0,0,0
122900089,0,0,0
122900090,0,0,0
122900091,0,0,0
122900092,0,0,0
122900093,0,0,0
122900094,0,0,0
122900095,0,0,0
122900096,24,0,24
122900097,0,0,0
122900098,0,0,0
122900099,0,0,0
122900100,0,0,0
122900101,0,0,0
122900102,0,0,0
122900103,0,0,0
122900104,0,0,0
122900105,0,0,0
122900106,0,0,0
122900107,0,0,0
122900108,0,0,0
122900109,0,0,0
123000001,331,102,229
123000002,411,1843,-1432
123000003,585,818,-233
123000004,769,1034,-265
123000005,971,517,454
123000006,634,764,-130
123000007,690,462,228
123000008,304,266,38
123000009,1004,1066,-62
123000010,347,230,117
123000011,561,610,-49
123000012,13,68,-55
123000013,541,289,252
123000014,38,163,-125
123000015,854,337,517
123000016,48,100,-52
123000017,2905,1496,1409
123000018,84,31,53
123000019,131,3,128
123000020,80,3,77
123000021,124,73,51
123000022,354,187,167
123000023,1037,884,153
123000024,410,185,225
123000025,74,46,28
123000026,1,57,-56
123000027,5,186,-181
123000028,407,1816,-1409
123000029,3,344,-341
123000030,8,28,-20
123000031,189,62,127
123000032,335,83,252
123000033,75,45,30
123000034,399,306,93
123000035,53,218,-165
123000036,43,465,-422
123000037,4,5,-1
123000038,18,74,-56
123000039,202,739,-537
123000040,22,12,10
123000041,130,674,-544
123000042,65,57,8
123000043,512,2888,-2376
123000044,704,279,425
123000045,172,57,115
123000046,33,265,-232
123000047,33,48,-15
123000048,6,565,-559
123000049,2360,1960,400
123000050,213,301,-88
123000051,30,40,-10
123000052,151,412,-261
123000053,582,717,-135
123000054,213,844,-631
123000055,889,1449,-560
123000056,109,260,-151
123000057,252,513,-261
123000058,92,156,-64
123000059,44,85,-41
123000060,164,98,66
123000061,19,49,-30
123000063,121,149,-28
123000064,156,31,125
123000065,292,339,-47
123000066,48,134,-86
123000067,169,131,38
123000068,321,246,75
123000069,334,191,143
123000070,67,29,38
123000071,396,178,218
123000072,84,16,68
123000073,379,275,104
123000074,135,23,112
123000075,64,323,-259
123000076,31,93,-62
123000077,444,96,348
123000078,636,360,276
123000079,671,446,225
123000080,371,32,339
123000081,0,14,-14
123000082,77,69,8
123000083,139,17,122
123000084,140,52,88
123000085,118,23,95
123000086,117,67,50
123000087,37,44,-7
123000088,297,35,262
123000089,260,228,32
123000090,0,0,0
123000091,354,190,164
123000092,0,0,0
123000094,54,13,41
123000095,131,155,-24
123000096,194,37,157
123000097,168,11,157
123000098,114,38,76
123000099,124,58,66
123000100,63,420,-357
123000101,68,75,-7
123000102,325,375,-50
123000104,114,86,28
123000105,16,12,4
123000106,61,44,17
123000107,12,4,8
123000108,111,42,69
123000111,184,68,116
123000112,164,90,74
123000113,121,19,102
123000114,73,195,-122
123000115,33,107,-74
123000116,0,16,-16
123000117,375,219,156
123000118,84,97,-13
123000119,53,93,-40
123000120,55,70,-15
123000121,166,147,19
123000122,0,0,0
123000123,175,115,60
123000124,0,0,0
123000125,431,315,116
123000126,180,950,-770
123000127,46,41,5
123000128,0,0,0
123000129,380,18,362
123000130,311,3,308
123000131,289,128,161
123000132,0,1,-1
123000133,0,0,0
123000134,37,27,10
123000135,368,152,216
123000136,3,0,3
123000137,0,0,0
123000138,0,0,0
123000139,245,6,239
123000140,0,0,0
123000141,60,27,33
123000142,111,49,62
123000143,80,154,-74
123000144,0,3,-3
123000145,32,139,-107
123000146,0,53,-53
123000147,10,56,-46
123000149,41,82,-41
123000150,32,15,17
123000151,71,126,-55
123000152,1,50,-49
123000153,7,281,-274
123000154,171,488,-317
123000155,140,322,-182
123000156,3,4,-1
123000157,57,150,-93
123000158,134,189,-55
123000159,438,1098,-660
123000160,170,392,-222
123000161,202,167,35
123000162,312,337,-25
123000163,236,53,183
123000164,823,35,788
123000165,33,198,-165
123000166,0,2,-2
123000167,27,11,16
123000168,73,25,48
123000169,235,20,215
123000170,11,0,11
123000171,157,0,157
123000172,1,24,-23
123000173,221,18,203
123000174,175,46,129
123000175,0,28,-28
123000176,205,58,147
123000177,67,59,8
123000178,219,42,177
123000179,1,40,-39
123000180,447,90,357
123000181,70,151,-81
123000182,96,6,90
123000183,35,68,-33
123000184,2,7,-5
123000185,314,188,126
123000186,5,1,4
123000187,207,15,192
123000188,139,0,139
123000189,15,28,-13
123000190,11,40,-29
123000192,0,11,-11
123000193,1,111,-110
123000194,7,60,-53
123000195,82,7,75
123000196,161,86,75
123000197,31,11,20
123000198,4,50,-46
123000199,0,48,-48
123000200,439,2,437
123000201,598,15,583
123000202,6,43,-37
123000203,417,23,394
123000204,4,60,-56
123000205,17,84,-67
123000206,1176,67,1109
123000207,5,66,-61
123000208,254,26,228
123000209,684,113,571
123000210,8,163,-155
123000211,82,164,-82
123000212,1482,114,1368
123000213,179,31,148
123000215,46,110,-64
123000216,19,299,-280
123000217,78,0,78
123000218,5,2,3
123000219,120,33,87
123000220,162,4,158
123000221,43,12,31
123000222,83,46,37
123000223,151,68,83
123000224,146,63,83
123000225,97,0,97
123000226,53,2,51
123000227,18,0,18
123000228,141,0,141
123000229,154,102,52
123000232,0,14,-14
123000233,213,14,199
123000234,3,8,-5
123000235,141,24,117
123000236,20,31,-11
123000237,210,7,203
123000238,1,8,-7
123000239,67,58,9
123000240,1,249,-248
123000241,41,17,24
123000242,23,42,-19
123000243,87,58,29
123000244,71,56,15
123000245,0,0,0
123000249,0,0,0
123000252,203,68,135
123000253,383,145,238
123000254,86,87,-1
123000255,72,190,-118
123000256,0,1,-1
123000257,243,143,100
123000258,240,42,198
123000259,221,218,3
123000260,199,80,119
123000261,71,21,50
123000262,2,10,-8
123000263,135,15,120
123000264,99,56,43
123000265,8,10,-2
123000266,55,77,-22
123000267,40,97,-57
123000268,8,16,-8
123000269,32,52,-20
123000270,3,40,-37
123000271,1,7,-6
123000272,314,61,253
123000273,76,335,-259
123000274,367,209,158
123000275,7,27,-20
123000278,347,525,-178
123000279,28,37,-9
123000280,74,68,6
123000281,45,47,-2
123000282,12,180,-168
123000283,118,65,53
123000284,14,27,-13
123000286,38,174,-136
123000287,80,38,42
123000288,204,316,-112
123000289,42,323,-281
123000291,25,5,20
123000294,91,255,-164
123000295,295,801,-506
123000296,342,647,-305
123000297,114,61,53
123000298,128,70,58
123000299,19,113,-94
123000300,308,120,188
123000301,39,74,-35
123000302,168,31,137
123000303,18,370,-352
123000305,55,181,-126
123000306,61,1,60
123000309,24,11,13
123000310,14,3,11
123000311,2,0,2
123000312,100,82,18
123000313,182,139,43
123000315,299,34,265
123000316,36,4,32
123000317,45,55,-10
123000318,5,49,-44
123000329,1,2,-1
123000337,130,133,-3
123000338,116,131,-15
123000339,63,20,43
123000340,19,45,-26
123000342,0,10,-10
123000343,5,0,5
123000344,110,48,62
123000345,143,35,108
123000346,233,26,207
123000352,39,95,-56
123000353,17,10,7
123000354,348,0,348
123000355,0,121,-121
123000356,109,0,109
123000357,0,9,-9
123000359,0,3,-3
123000360,45,77,-32
123000361,76,4,72
123000362,58,5,53
123000363,53,1,52
123000364,91,87,4
123000365,13,11,2
123000366,34,223,-189
123000367,19,102,-83
123000370,11,0,11
123000371,50,4,46
123000372,24,0,24
123000373,0,0,0
123000374,0,0,0
123000375,188,14,174
123000376,231,185,46
123000377,104,2,102
123000378,0,0,0
123000379,0,24,-24
123000380,0,0,0
123000381,4,14,-10
123000382,118,66,52
123000383,0,0,0
123000384,144,31,113
123000385,0,0,0
123000436,0,536,-536
123000507,4,45,-41
123000508,121,817,-696
123000517,6,0,6
123000518,8,42,-34
123000519,20,5,15
123000520,1,55,-54
123000521,16,14,2
123000522,3,51,-48
123000541,2,1,1
123000542,0,0,0
123000565,203,6,197
123000566,60,37,23
123000567,29,39,-10
123000573,1,6,-5
123000574,148,4,144
123000575,405,1,404
123000576,61,0,61
123000577,0,0,0
123000578,76,13,63
123000579,255,1277,-1022
123000580,29,12,17
123000582,140,0,140
123000583,28,4,24
123000584,73,47,26
123000585,0,0,0
123000586,30,0,30
123000596,46,23,23
123000597,92,108,-16
123000602,5,1,4
123000603,340,22,318
123000604,153,40,113
123000605,18,0,18
123000606,0,0,0
123000609,6,46,-40
123000610,6,43,-37
123000613,10,15,-5
123000614,109,26,83
123000615,0,29,-29
123000616,108,32,76
123000617,0,0,0
123000618,0,0,0
123000619,76,2,74
123000620,0,0,0
123000622,68,0,68
123000624,52,55,-3
123000630,750,192,558
123000631,58,44,14
123000632,133,27,106
123000633,0,12,-12
123000634,0,44,-44
123000635,0,0,0
123000636,21,36,-15
123000637,26,1,25
123000638,75,25,50
123000639,293,1052,-759
123000640,7,0,7
123000648,121,12,109
123000649,2,32,-30
123000650,9,24,-15
123000651,1,4,-3
123000652,207,1,206
123000653,0,0,0
123000654,1,36,-35
123000655,1,82,-81
123000656,26,67,-41
123000657,0,0,0
123000658,83,0,83
123000659,3,40,-37
123000660,342,17,325
123000661,200,2,198
123900001,0,0,0
123900002,0,0,0
123900003,0,0,0
123900005,0,0,0
123900006,0,0,0
124000001,475,56,419
124000002,0,78,-78
124000003,485,59,426
124000004,0,22,-22
124000005,332,183,149
124000006,0,43,-43
124000007,58,27,31
124000008,0,18,-18
124000009,414,52,362
124000010,50,17,33
124000011,408,84,324
124000012,0,1,-1
124000017,70,26,44
124000018,0,0,0
124000019,61,42,19
124000020,0,0,0
124000021,45,18,27
124000022,0,0,0
124000023,109,25,84
124000024,233,51,182
124000025,99,78,21
124000026,339,23,316
124000027,101,28,73
124000028,462,36,426
124000031,376,1771,-1395
124000032,1,8,-7
124000033,408,298,110
124000034,12,39,-27
124000035,118,5,113
124000036,0,26,-26
124000037,37,106,-69
124000038,0,2,-2
124000039,38,14,24
124000040,30,64,-34
124000041,152,12,140
124000042,0,17,-17
124000043,32,12,20
124000044,0,7,-7
124000045,347,96,251
124000046,0,0,0
124000047,396,49,347
124000048,0,0,0
124000049,741,77,664
124000050,0,0,0
124000051,444,83,361
124000052,0,0,0
124000053,265,638,-373
124000054,0,0,0
124000055,512,806,-294
124000056,2,0,2
124000057,518,155,363
124000058,2,3,-1
124000059,433,440,-7
124000060,49,34,15
124000061,530,1113,-583
124000062,82,41,41
124000063,232,46,186
124000064,151,77,74
124000065,0,0,0
124000066,18,4,14
124000067,17,5,12
124000068,0,0,0
124000069,159,0,159
124000070,0,0,0
124000071,12,5,7
124000072,0,0,0
124000073,218,16,202
124000074,0,0,0
124000075,161,16,145
124000076,0,0,0
124000077,25,52,-27
124000078,241,263,-22
124000079,14,77,-63
124000080,137,9,128
124000081,0,0,0
124000082,36,48,-12
124000083,0,0,0
124000084,11,159,-148
124000085,0,0,0
124000086,4,93,-89
124000087,41,110,-69
124000088,2,65,-63
124000089,162,6,156
124000090,5,22,-17
124000091,207,46,161
124000092,55,149,-94
124000093,43,71,-28
124000094,15,108,-93
124000095,42,5,37
124000096,29,40,-11
124000097,174,8,166
124000098,24,7,17
124000099,21,51,-30
124000100,0,47,-47
124000101,89,13,76
124000102,26,19,7
124000103,214,44,170
124000104,52,4,48
124000105,138,46,92
124000106,34,8,26
124000107,9,251,-242
124000108,9,4,5
124000109,70,17,53
124000110,45,4,41
124000111,77,30,47
124000112,219,127,92
124000113,50,30,20
124000114,74,87,-13
124000115,129,138,-9
124000116,16,34,-18
124000117,7,14,-7
124000118,4,46,-42
124000119,167,112,55
124000120,107,36,71
124000121,426,175,251
124000122,39,160,-121
124000123,306,46,260
124000124,99,114,-15
124000125,169,90,79
124000126,61,70,-9
124000127,553,46,507
124000128,161,73,88
124000129,517,320,197
124000130,90,26,64
124000131,262,150,112
124000132,151,64,87
124000133,348,253,95
124000134,99,185,-86
124000135,376,500,-124
124000136,31,106,-75
124000137,133,245,-112
124000138,40,162,-122
124000139,168,6,162
124000140,38,85,-47
124000141,175,3,172
124000142,6,81,-75
124000143,10,0,10
124000144,0,13,-13
124000145,13,1,12
124000146,3,11,-8
124000148,0,7,-7
124000149,206,83,123
124000150,24,33,-9
124000151,220,144,76
124000152,56,42,14
124000153,171,547,-376
124000154,12,39,-27
124000155,294,103,191
124000156,30,53,-23
124000169,13,36,-23
124000170,82,88,-6
124000171,43,70,-27
124000172,91,33,58
124000173,73,14,59
124000174,105,59,46
124000175,0,0,0
124000176,4,42,-38
124000177,0,0,0
124000178,7,71,-64
124000185,1,0,1
124000186,15,1,14
124000187,0,0,0
124000188,0,0,0
124000190,16,24,-8
124000191,1,77,-76
124000192,186,116,70
124000193,1,0,1
124000194,66,21,45
124000195,178,153,25
124000196,103,49,54
124000197,97,10,87
124000198,44,26,18
124000201,1,0,1
124000202,213,15,198
124000203,27,0,27
124000204,401,3,398
124000205,25,2,23
124000206,418,90,328
124000207,0,0,0
124000209,51,5,46
124000210,296,68,228
124000211,355,0,355
124000212,0,0,0
124000213,35,0,35
124000214,183,5,178
124000215,366,16,350
124000216,0,0,0
124000329,3,37,-34
124000338,1,94,-93
124000339,437,0,437
124000341,436,1,435
124000344,16,0,16
124000357,864,1201,-337
124000358,640,1313,-673
124000359,531,192,339
124000360,229,210,19
124000361,572,333,239
124000362,0,0,0
124000363,0,0,0
124000364,0,0,0
124000365,4,78,-74
124000366,83,934,-851
124000367,0,10,-10
124000368,118,173,-55
124000369,22,26,-4
124000370,0,0,0
124000402,6,11,-5
124000403,98,1,97
124000404,6,5,1
124000405,581,95,486
124000406,119,97,22
124000407,1,0,1
124000411,0,32,-32
124000412,115,0,115
124000413,0,18,-18
124000414,181,16,165
124000415,25,11,14
124000416,65,47,18
124000417,86,31,55
124000418,163,14,149
124000419,61,27,34
124000420,121,8,113
124000421,42,4,38
124000422,0,5,-5
124000423,14,19,-5
124000424,0,2,-2
124000425,6,6,0
124000426,0,9,-9
124000427,87,1,86
124000428,0,23,-23
124000429,34,7,27
124000430,113,74,39
124000431,27,20,7
124000432,85,164,-79
124000439,24,1,23
124000443,0,0,0
124000445,7,434,-427
124000446,7,23,-16
124000447,7,68,-61
124000448,36,1,35
124000449,36,0,36
124000450,0,4,-4
124000451,0,6,-6
124000452,53,23,30
124000453,1258,826,432
124000454,42,2062,-2020
124000455,0,0,0
124000456,714,2,712
124000457,0,0,0
124000458,0,0,0
124000459,131,0,131
124000460,0,0,0
124900001,0,0,0
124900002,0,0,0
124900003,0,0,0
124900004,0,0,0
124900005,0,0,0
124900006,0,0,0
124900008,0,0,0
124900009,0,0,0
124900010,0,0,0
124900011,0,0,0
124900012,0,0,0
124900013,0,0,0
124900014,0,0,0
124900015,10,43,-33
124900016,15,11,4
124900017,0,16,-16
124900018,4,0,4
124900020,4,0,4
124900021,10,0,10
124900022,15,0,15
124900024,41,0,41
124900026,5,0,5
124900027,0,0,0
124900028,0,0,0
124900030,0,0,0
124900031,0,0,0
124900033,0,0,0
124900035,0,0,0
124900036,0,0,0
124900037,0,0,0
124900038,0,0,0
124900039,0,0,0
124900040,0,0,0
124900041,0,0,0
124900042,0,0,0
124900043,0,0,0
124900044,0,0,0
124900045,0,0,0
124900047,0,0,0
124900050,0,0,0
124900052,0,0,0
124900053,0,0,0
124900054,0,0,0
124900055,0,0,0
124900057,0,0,0
124900060,0,0,0
124900061,20,0,20
124900062,8,0,8
124900066,0,0,0
124900067,0,0,0
124900068,0,0,0
124900070,0,0,0
124900072,0,0,0
124900075,0,0,0
124900076,0,0,0
124900077,0,0,0
124900078,0,0,0
124900080,0,0,0
124900081,0,0,0
124900082,0,0,0
124900083,0,0,0
124900085,0,0,0
124900086,0,0,0
124900087,0,0,0
124900088,0,0,0
124900089,0,0,0
124900090,16,3,13
124900091,0,0,0
124900092,0,0,0
124900093,20,5,15
124900094,48,1,47
124900095,13,18,-5
124900096,7,2,5
124900097,36,1,35
124900098,0,0,0
124900099,0,0,0
124900100,29,1,28
124900101,39,0,39
124900102,71,0,71
124900103,0,0,0
124900104,0,0,0
124900105,0,0,0
124900106,28,0,28
124900107,3,2,1
124900108,0,0,0
124900111,0,0,0
124900112,0,0,0
124900113,0,0,0
124900114,0,0,0
124900115,0,0,0
124900116,30,34,-4
124900117,0,0,0
124900118,4,79,-75
124900119,0,0,0
124900120,0,0,0
124900121,0,0,0
124900122,0,0,0
124900123,0,0,0
124900124,0,0,0
124900125,109,0,109
124900126,0,0,0
204000001,70,0,70
204000002,27,0,27
204000003,2,0,2
204000004,1,1,0
204000005,221,406,-185
204000006,659,1119,-460
204000011,0,0,0
204000012,0,0,0
204000019,548,204,344
204000020,307,192,115
204000021,308,255,53
204000022,530,232,298
204000023,0,0,0
204000031,18,6,12
204000032,114,3,111
204000034,5,0,5
204000035,0,0,0
204000036,0,0,0
204000037,0,0,0
204000038,0,0,0
204000039,0,0,0
204000040,0,0,0
204000041,0,0,0
204000042,7,2,5
204000043,9,6,3
204000044,14,1,13
204000045,9,6,3
204000046,0,1,-1
204000057,0,0,0
204000062,0,0,0
204000068,0,0,0
204000069,0,0,0
204000070,32,27,5
204000080,0,0,0
204000085,0,0,0
204000086,0,0,0
204000087,14,0,14
204000088,0,0,0
204000090,19,2,17
204000093,482,21,461
204000096,622,197,425
204000097,110,8,102
204000099,731,1151,-420
204000100,810,541,269
204000105,0,0,0
204000110,0,0,0
204000111,0,0,0
204000112,0,0,0
204000113,0,0,0
204000114,252,453,-201
204000115,359,103,256
204000116,112,177,-65
204000119,1331,598,733
204000132,431,262,169
204000133,547,28,519
204000134,164,24,140
204000135,601,64,537
204000136,231,68,163
204000138,203,442,-239
204000140,111,125,-14
204000141,137,61,76
204000144,0,9,-9
204000145,73,1,72
204000146,0,0,0
204000147,7,1,6
204000148,71,5,66
204000154,1,1,0
204000155,0,0,0
204000177,76,4,72
204000179,0,0,0
204000180,0,0,0
204000222,0,0,0
204000235,0,0,0
204000236,1,16,-15
204000238,3,3,0
204000240,49,1,48
204000263,0,0,0
204000268,465,187,278
204000308,7,13,-6
204000317,0,0,0
204000322,0,0,0
204000323,1,0,1
204000328,230,19,211
204000329,3,14,-11
204000330,40,11,29
204000331,6,4,2
204000352,13,0,13
205000001,0,0,0
205000013,0,0,0
205000014,0,0,0
205000015,0,0,0
205000016,0,0,0
205000017,0,0,0
205000022,0,0,0
205000025,0,0,0
205000029,91,18,73
205000045,0,0,0
205000046,0,0,0
205000047,0,0,0
205000048,0,0,0
205000049,0,0,0
205000050,0,0,0
205000059,0,0,0
205000060,0,0,0
205000061,0,0,0
205000062,0,0,0
205000063,0,0,0
205000064,0,0,0
205000065,0,0,0
205000066,0,0,0
205000067,0,0,0
205000069,75,16,59
205000082,77,48,29
205000110,0,0,0
205000111,0,0,0
205000112,121,100,21
205000113,0,0,0
205000121,53,14,39
205000123,0,0,0
205000126,490,69,421
205000127,631,27,604
205000128,286,6,280
205000129,401,26,375
205000130,86,11,75
205000131,34,3,31
205000132,19,4,15
205000133,52,1,51
205000134,134,0,134
205000137,0,0,0
205000138,0,0,0
205000139,0,0,0
205000144,31,35,-4
205000145,133,35,98
205000151,48,21,27
205000152,34,21,13
205000153,134,19,115
205000154,29,26,3
205000155,56,3,53
205000207,0,0,0
205000233,9,0,9
205000234,0,0,0
205000243,0,0,0
205000244,0,0,0
205000245,0,0,0
205000249,0,0,0
205000250,1,0,1
205000264,0,0,0
206000027,0,18,-18
206000028,0,4,-4
206000043,1,18,-17
206000053,0,0,0
206000054,0,0,0
206000055,0,0,0
206000075,0,9,-9
206000076,2,7,-5
206000077,0,1,-1
206000078,0,0,0
206000079,1,1,0
206000082,30,7,23
206000100,6,110,-104
206000103,0,0,0
206000104,0,0,0
206000105,0,0,0
206000106,0,0,0
206000125,39,0,39
206000157,0,0,0
206000170,0,0,0
206000171,0,5,-5
206000172,0,14,-14
206000173,0,1,-1
206000174,0,1,-1
206000175,0,0,0
206000176,0,0,0
206000177,0,0,0
206000178,1,3,-2
206000179,0,2,-2
206000180,3,6,-3
206000181,0,6,-6
206000182,2,4,-2
206000183,10,9,1
206000184,0,0,0
206000185,0,0,0
206000186,1,12,-11
206000223,0,0,0
206000226,18,0,18
206000227,1,1,0
206000237,2,15,-13
206000238,1,7,-6
206000239,9,97,-88
206000240,0,0,0
206000241,0,7,-7
206000242,0,0,0
206000243,0,0,0
206000244,0,0,0
206000245,435,19,416
206000246,172,12,160
206000247,148,1,147
206000248,134,3,131
206000252,2,24,-22
206000258,0,0,0
206000315,8,1,7
206000317,244,56,188
206000318,165,4,161
206000319,522,22,500
206000320,160,7,153
206000321,169,5,164
206000322,103,2,101
206000323,111,5,106
206000324,61,9,52
206000325,63,9,54
206000326,78,2,76
206000327,10,16,-6
206000328,47,1,46
206000329,185,1,184
206000330,19,2,17
206000331,171,4,167
206000332,5,1,4
206000333,448,1,447
206000334,180,4,176
206000335,0,0,0
206000361,0,0,0
206000392,0,0,0
206000405,61,0,61
206000441,18,39,-21
206000498,16,0,16
206000515,21,6,15
206000530,86,15,71
206000531,73,76,-3
206000532,199,43,156
206000535,3,181,-178
206000536,0,9,-9
206000537,0,6,-6
206000613,286,36,250
206000784,170,47,123
207000001,0,0,0
207000002,0,0,0
207000003,0,0,0
207000007,871,93,778
207000008,79,0,79
207000009,25,3,22
207000010,45,130,-85
207000012,194,34,160
207000015,50,75,-25
207000019,144,17,127
207000021,119,129,-10
207000022,149,73,76
207000023,79,24,55
207000024,3,6,-3
207000025,11,17,-6
207000026,0,0,0
207000027,0,0,0
207000028,0,0,0
207000029,0,0,0
207000033,99,94,5
207000034,30,9,21
207000039,348,9,339
207000040,272,10,262
207000041,25,6,19
207000042,148,6,142
207000043,47,79,-32
207000051,0,0,0
207000052,0,0,0
207000053,0,0,0
207000054,0,0,0
207000055,0,0,0
207000056,0,0,0
207000057,0,0,0
207000058,0,0,0
207000059,0,0,0
207000060,0,0,0
207000061,50,867,-817
207000062,297,10,287
207000063,223,22,201
207000064,130,17,113
207000065,134,36,98
207000066,369,82,287
207000067,67,45,22
207000068,60,12,48
207000069,393,99,294
207000082,2,71,-69
207000083,36,85,-49
207000084,246,56,190
207000085,173,21,152
207000086,414,3,411
207000106,28,5,23
207000107,72,0,72
207000108,40,0,40
207000109,22,0,22
207000110,45,4,41
207000111,56,5,51
207000112,60,129,-69
207000114,0,0,0
207000115,0,0,0
207000116,0,0,0
207000117,0,0,0
207000118,0,0,0
207000119,0,0,0
207000123,94,3,91
207000124,44,11,33
207000125,48,0,48
207000126,33,0,33
207000134,141,36,105
207000135,16,217,-201
207000148,69,61,8
207000149,0,0,0
207000152,0,0,0
207000153,0,0,0
207000154,87,67,20
207000159,0,0,0
207000160,0,0,0
207000238,0,0,0
207000242,0,0,0
207000248,0,0,0
207000249,0,0,0
207000250,0,0,0
207000251,0,0,0
207000252,0,0,0
207000278,81,59,22
207000279,0,0,0
207000280,554,17,537
207000281,40,88,-48
207000282,2,140,-138
207000283,0,10,-10
207000284,2,404,-402
207000285,3,23,-20
207000291,0,0,0
207000304,37,6,31
207000306,0,0,0
207000310,60,21,39
207000353,10,0,10
207000356,0,0,0
207000357,0,48,-48
207000358,0,20,-20
207000415,0,0,0
207000416,334,27,307
207000417,3,0,3
207000418,57,28,29
207000438,0,0,0
207000439,104,46,58
207000446,21,2,19
207000460,56,4,52
207000466,0,0,0
207000467,171,10,161
207000468,0,0,0
207000476,14,1,13
207000477,141,1,140
207000478,0,0,0
207000523,0,0,0
207000524,19,0,19
207000527,94,45,49
207000530,141,1,140
207000531,62,1,61
207000532,11,1,10
207000534,23,54,-31
207000535,0,0,0
207000537,0,0,0
207000540,0,0,0
207000541,0,0,0
207000548,0,0,0
207000549,36,1,35
207000561,64,21,43
207000562,0,0,0
207000567,0,0,0
207000568,31,1,30
207000569,192,1,191
207000584,0,0,0
207000585,0,2,-2
207000587,239,0,239
207000616,0,0,0
207000617,79,0,79
207000624,4,4,0
207000631,4,9,-5
208000001,202,370,-168
208000002,423,362,61
208000003,407,290,117
208000004,319,261,58
208000005,0,0,0
208000019,429,187,242
208000020,81,145,-64
208000021,44,46,-2
208000022,88,197,-109
208000028,19,393,-374
208000033,27,76,-49
208000034,72,127,-55
208000037,61,4,57
208000040,77,32,45
208000041,84,192,-108
208000042,213,199,14
208000047,0,0,0
208000064,707,616,91
208000066,355,681,-326
208000070,198,173,25
208000071,293,54,239
208000072,252,149,103
208000080,124,153,-29
208000081,168,12,156
208000082,3,0,3
208000083,4,1,3
208000084,13,25,-12
208000085,15,12,3
208000086,8,9,-1
208000087,32,10,22
208000089,1,0,1
208000090,1,0,1
208000093,0,0,0
208000094,41,55,-14
208000095,141,36,105
208000104,811,189,622
208000105,402,260,142
208000114,34,334,-300
208000115,157,161,-4
208000116,197,544,-347
208000117,2,55,-53
208000118,72,77,-5
208000155,27,42,-15
208000158,66,145,-79
208000186,267,715,-448
208000204,20,56,-36
208000205,90,34,56
208000282,61,80,-19
209000004,136,40,96
209000005,22,7,15
209000006,299,71,228
209000007,267,153,114
209000010,0,0,0
209000011,0,0,0
209000012,0,0,0
209000013,0,0,0
209000014,0,0,0
209000025,141,51,90
209000026,452,50,402
209000027,0,0,0
209000028,0,0,0
209000029,0,0,0
209000030,0,0,0
209000031,0,0,0
209000034,57,174,-117
209000035,154,194,-40
209000036,360,27,333
209000037,408,102,306
209000038,257,82,175
209000039,94,96,-2
209000040,142,40,102
209000041,60,32,28
209000042,74,30,44
209000043,113,50,63
209000044,207,79,128
209000045,270,21,249
209000046,171,35,136
209000047,150,21,129
209000048,615,188,427
209000049,0,0,0
209000050,0,0,0
209000051,0,0,0
209000052,0,0,0
209000062,0,0,0
209000063,0,0,0
209000064,0,0,0
209000065,179,28,151
209000066,98,32,66
209000067,119,39,80
209000080,0,0,0
209000082,7,6,1
209000091,0,0,0
209000093,0,0,0
209000094,0,0,0
209000110,34,41,-7
209000111,222,585,-363
209000112,498,100,398
209000113,555,140,415
209000114,279,211,68
209000115,0,0,0
209000116,0,0,0
209000118,0,41,-41
209000119,0,0,0
209000121,0,0,0
209000135,31,18,13
209000142,274,375,-101
209000143,0,0,0
209000144,29,109,-80
209000229,164,5,159
209000240,0,0,0
209000259,0,0,0
209000260,0,0,0
209000261,0,0,0
209000262,0,0,0
209000263,0,0,0
209000264,0,0,0
209000265,41,0,41
209000266,13,0,13
209000267,503,0,503
209000268,299,73,226
210000037,83,1,82
210000047,28,32,-4
210000048,24,11,13
210000049,37,0,37
210000052,0,0,0
210000053,0,0,0
210000054,0,0,0
210000070,138,18,120
210000071,67,1,66
210000072,26,0,26
210000073,0,0,0
210000074,0,0,0
210000075,0,0,0
210000076,0,0,0
210000077,0,0,0
210000078,0,0,0
210000079,33,0,33
210000080,7,16,-9
210000081,44,1,43
210000082,0,0,0
210000083,8,0,8
210000084,72,0,72
210000085,0,0,0
210000086,0,0,0
210000099,0,0,0
210000100,0,0,0
210000101,0,0,0
210000105,0,0,0
210000159,0,0,0
210000163,0,0,0
210000164,95,68,27
210000168,60,8,52
210000187,0,0,0
210000188,0,0,0
210000214,21,0,21
210000219,12,9,3
210000220,90,30,60
210000232,0,0,0
210000233,0,0,0
210000234,0,0,0
210000235,0,0,0
210000245,0,0,0
210000246,4,0,4
210000258,0,0,0
210000259,61,5,56
210000282,0,0,0
210000285,0,0,0
210000286,0,0,0
210000290,0,1,-1
210000295,0,0,0
210000296,0,0,0
210000320,109,25,84
210000321,87,0,87
210000338,0,0,0
210000339,0,0,0
210000340,0,0,0
210000341,0,0,0
210000342,0,0,0
210000343,0,0,0
210000344,0,0,0
210000345,0,0,0
210000346,0,0,0
210000347,0,0,0
210000348,0,0,0
210000349,0,0,0
210000350,0,0,0
210000351,0,0,0
210000352,38,7,31
210000353,14,13,1
210000354,15,1,14
210000355,3,35,-32
210000356,5,35,-30
210000357,28,88,-60
210000358,21,84,-63
210000359,30,73,-43
210000360,109,52,57
210000361,69,65,4
210000362,118,51,67
210000363,200,98,102
210000364,125,27,98
210000365,97,25,72
210000366,105,14,91
210000367,20,0,20
210000368,37,6,31
210000369,19,23,-4
210000370,53,1,52
210000372,3,3,0
210000373,0,45,-45
210000374,40,10,30
210000375,15,5,10
210000376,15,32,-17
210000404,0,0,0
210000439,45,12,33
210000472,6,8,-2
210000482,22,34,-12
210000564,76,29,47
210000567,0,23,-23
210000568,90,0,90
211000092,16,5,11
211000094,1,0,1
211000169,46,1,45
211000172,1,14,-13
211000209,0,0,0
211000226,15,1,14
211000270,20,8,12
211000275,4,13,-9
211000276,43,0,43
211000279,0,12,-12
211000281,2,4,-2
211000302,0,0,0
211507980,0,15,-15
211977296,14,8,6
212000003,136,11,125
212000004,0,0,0
212000005,0,0,0
212000006,0,0,0
212000008,0,0,0
212000009,0,0,0
212000012,0,0,0
212000013,0,0,0
212000014,0,0,0
212000015,0,0,0
212000016,0,0,0
212000027,460,53,407
212000028,224,104,120
212000029,105,167,-62
212000030,26,16,10
212000031,39,27,12
212000048,0,0,0
212000049,0,0,0
212000050,0,0,0
212000051,0,0,0
212000052,0,0,0
212000053,0,0,0
212000054,245,8,237
212000055,222,13,209
212000056,7,15,-8
212000057,0,12,-12
212000058,13,4,9
212000070,0,0,0
212000077,0,0,0
212000099,280,50,230
212000108,226,98,128
212000111,368,16,352
212000120,0,0,0
212000138,0,0,0
212000156,0,0,0
212000158,3,31,-28
212000159,451,29,422
212000160,495,38,457
212000161,131,42,89
212000310,0,0,0
212000311,0,54,-54
212000374,0,0,0
213000001,2,184,-182
213000005,210,16,194
213000006,235,71,164
213000007,22,1,21
213000009,69,74,-5
213000010,241,44,197
213000011,130,22,108
213000012,1,3,-2
213000014,18,2,16
213000015,66,2,64
213000016,174,2,172
213000017,38,0,38
213000018,0,0,0
213000019,0,2,-2
213000020,8,1,7
213000021,0,10,-10
213000023,418,60,358
213000033,28,70,-42
213000034,213,46,167
213000035,158,132,26
213000045,23,80,-57
213000046,12,21,-9
213000047,39,486,-447
213000056,67,0,67
213000069,0,0,0
213000073,0,0,0
213000074,0,26,-26
213000075,226,7,219
213000076,1,0,1
213000085,0,0,0
213000086,0,0,0
213000091,76,0,76
213000092,13,6,7
213000099,2,245,-243
213000100,467,143,324
213000101,245,29,216
213000102,218,60,158
213000103,240,88,152
213000104,5,33,-28
213000105,0,51,-51
213000106,1,6,-5
213000107,33,6,27
213000108,0,32,-32
213000109,1,42,-41
213000110,0,17,-17
213000111,0,14,-14
213000112,1,73,-72
213000115,14,6,8
213000116,1,40,-39
213000117,0,45,-45
213000118,244,133,111
213000119,0,12,-12
213000120,0,8,-8
213000122,1,16,-15
213000123,2,24,-22
213000124,2,51,-49
213000125,127,65,62
213000126,0,5,-5
213000127,0,43,-43
213000128,3,84,-81
213000129,35,656,-621
213000130,433,335,98
213000132,238,118,120
213000133,519,71,448
213000134,746,2,744
213000136,353,8,345
213000137,385,5,380
213000139,82,3,79
213000147,3,0,3
213000148,2,0,2
213000149,2,0,2
213000150,0,0,0
213000151,0,0,0
213000152,0,0,0
213000153,0,0,0
213000154,0,0,0
213000155,0,0,0
213000156,0,0,0
213000157,0,0,0
213000158,14,78,-64
213000159,295,23,272
213000163,436,102,334
213000165,255,74,181
213000171,25,0,25
213000172,5,1,4
213000173,0,0,0
213000174,1,0,1
213000175,16,1,15
213000176,6,15,-9
213000177,0,8,-8
213000178,3,0,3
213000179,65,0,65
213000180,91,0,91
213000182,1,0,1
213000184,5,68,-63
213000188,204,6,198
213000189,283,23,260
213000190,108,22,86
213000191,326,2,324
213000192,142,1,141
213000193,0,0,0
213000194,0,0,0
213000195,0,0,0
213000196,0,0,0
213000197,441,153,288
213000198,0,1,-1
213000200,46,24,22
213000201,0,17,-17
213000202,1,11,-10
213000203,650,163,487
213000204,538,6,532
213000205,208,12,196
213000206,358,4,354
213000207,2,0,2
213000208,1,0,1
213000209,6,0,6
213000210,47,0,47
213000211,0,0,0
213000212,0,0,0
213000213,0,0,0
213000218,255,696,-441
213000219,218,8,210
213000220,256,1,255
213000223,52,86,-34
213000224,1,25,-24
213000225,20,15,5
213000226,51,3,48
213000227,577,38,539
213000228,298,2,296
213000229,1,3,-2
213000230,176,2,174
213000232,2,213,-211
213000233,0,0,0
213000234,0,0,0
213000293,0,0,0
213000294,68,0,68
213000295,0,0,0
213000296,36,15,21
213000297,0,0,0
213000298,0,0,0
213000299,3,15,-12
213000300,0,21,-21
213000303,0,0,0
213000304,0,0,0
213000305,0,4,-4
213000306,0,0,0
213000307,2,21,-19
213000308,0,0,0
213000309,76,28,48
213000310,70,35,35
213000311,12,131,-119
213000315,0,0,0
213000316,154,11,143
213000322,0,0,0
213000323,4,12,-8
213000340,0,7,-7
213000341,353,45,308
213000346,48,87,-39
213000347,58,89,-31
213000348,0,1,-1
213000349,0,0,0
213000350,34,282,-248
213000366,0,34,-34
213000367,228,11,217
213000379,0,0,0
213000386,4,24,-20
213000406,5,23,-18
213000417,589,143,446
213000425,70,3,67
213000426,30,1,29
213000427,29,11,18
213000428,5,44,-39
213000429,2,2,0
213000430,29,9,20
213000431,2,0,2
213000432,0,181,-181
213000433,0,17,-17
213000434,2,0,2
213000435,45,7,38
213000439,9,5,4
213000441,0,1,-1
213000443,263,147,116
213000445,0,10,-10
213000446,1,89,-88
213000447,10,7,3
213000448,0,1,-1
213000449,330,1,329
213000450,4,0,4
213000451,17,0,17
213000452,0,0,0
213000453,0,0,0
213000455,9,2,7
213000456,0,0,0
213000481,4,0,4
213000482,8,0,8
213000489,11,5,6
213000491,0,0,0
213000492,29,0,29
213000493,0,0,0
213000494,83,45,38
213000496,330,63,267
213000497,0,9,-9
213000498,14,4,10
213000499,7,42,-35
213000500,131,2,129
213000501,56,12,44
213000502,14,10,4
213000503,0,6,-6
213000504,0,3,-3
213000505,6,0,6
213000506,0,0,0
213000507,0,6,-6
213900244,11,0,11
213900245,0,0,0
218000003,0,0,0
218000004,0,0,0
218000005,7,8,-1
218000006,6,1,5
218000007,5,3,2
218000012,5,73,-68
218000013,18,70,-52
218000014,11,51,-40
218000019,101,30,71
218000020,107,42,65
218000040,1,0,1
218000046,5,2,3
218000047,0,4,-4
218000048,51,9,42
218000049,17,27,-10
218000050,84,7,77
218000051,10,36,-26
218000052,0,19,-19
218000053,0,0,0
218000054,0,15,-15
218000055,1,5,-4
218000056,0,3,-3
218000057,2,0,2
218000064,0,13,-13
218000065,69,1,68
218000066,3,3,0
218000067,10,31,-21
218000068,12,6,6
218000069,24,10,14
218000070,31,15,16
218000071,36,11,25
218000072,31,21,10
218000078,19,21,-2
218000079,163,34,129
218000080,79,26,53
218000081,256,15,241
218000082,73,14,59
218000083,0,0,0
218000084,0,0,0
218000085,0,0,0
218000086,0,0,0
218000087,0,0,0
218000090,0,22,-22
218000091,379,173,206
218000092,87,33,54
218000093,18,23,-5
218000094,0,0,0
218000099,49,93,-44
218000100,5,41,-36
218000101,32,38,-6
218000102,87,13,74
218000103,7,1,6
218000104,41,0,41
218000105,0,0,0
218000106,0,0,0
218000107,0,0,0
218000108,0,0,0
218000112,0,0,0
218000117,8,23,-15
218000134,33,13,20
218000135,0,1,-1
218000136,9,13,-4
218000137,22,10,12
218000138,0,0,0
218000139,44,2,42
218000140,163,105,58
218000141,10,11,-1
218000142,70,19,51
218000143,20,76,-56
218000144,25,63,-38
218000145,140,17,123
218000146,41,57,-16
218000151,3,5,-2
218000152,55,11,44
218000170,1,11,-10
218000171,26,0,26
218000172,1,0,1
218000173,1,0,1
218000174,6,0,6
218000176,192,1,191
218000177,253,33,220
218000178,121,16,105
218000179,220,1,219
218000180,41,0,41
218000181,203,4,199
218000187,0,0,0
218000188,0,0,0
218000189,0,0,0
218000190,0,0,0
218000191,0,0,0
218000192,0,0,0
218000193,0,0,0
218000194,0,0,0
218000195,74,23,51
218000196,155,24,131
218000197,292,15,277
218000198,20,10,10
218000199,11,3,8
218000200,11,1,10
218000201,1,1,0
218000202,0,0,0
218000207,0,0,0
218000208,0,0,0
218000211,2,0,2
218000213,9,42,-33
218000214,0,8,-8
218000215,3,19,-16
218000217,0,14,-14
218000218,75,112,-37
218000219,0,50,-50
218000220,15,79,-64
218000221,116,88,28
218000222,0,46,-46
218000223,38,159,-121
218000224,1,191,-190
218000225,100,11,89
218000226,94,10,84
218000232,0,5,-5
218000239,56,11,45
218000240,0,0,0
218000241,1,0,1
218000242,0,0,0
218000243,0,0,0
218000244,0,0,0
218000245,0,0,0
218000246,0,2,-2
218000247,0,0,0
218000248,0,0,0
218000249,0,0,0
218000250,0,0,0
218000251,0,0,0
218000252,0,0,0
218000253,0,0,0
218000254,0,0,0
218000255,0,1,-1
218000256,0,0,0
218000267,0,0,0
218000268,0,0,0
218000269,0,0,0
218000270,0,0,0
218000271,0,0,0
218000273,18,3,15
218000274,29,0,29
218000275,12,14,-2
218000276,1,2,-1
218000278,1,1,0
218000279,24,2,22
218000280,1,1,0
218000281,0,1,-1
218000282,49,282,-233
218000284,9,6,3
218000301,0,0,0
218000302,17,1,16
218000303,0,0,0
218000316,668,222,446
218000317,984,144,840
218000318,475,99,376
218000319,12,10,2
218000320,0,0,0
218000338,4,2,2
218000345,0,0,0
218000346,11,52,-41
218000459,14,16,-2
218000490,0,0,0
218000501,84,16,68
218000502,0,0,0
218000503,40,0,40
218000504,40,6,34
218000505,0,0,0
218000506,0,0,0
218000508,0,0,0
218000510,25,35,-10
218000520,65,70,-5
218000521,9,1,8
218000522,0,18,-18
218000523,41,43,-2
218000524,0,24,-24
218000525,5,0,5
218000526,0,23,-23
218000529,0,3,-3
218000531,11,5,6
218000532,0,0,0
218000534,57,1,56
218000537,0,10,-10
218000538,25,57,-32
218000540,0,0,0
218000543,33,2,31
218000544,0,0,0
218000545,19,0,19
218000546,0,0,0
218000547,7,4,3
218000548,0,0,0
218000549,258,21,237
218000550,8,19,-11
218000551,4,35,-31
218000552,112,44,68
218000553,0,0,0
218000554,0,0,0
218000555,18,7,11
218000556,0,0,0
218000557,100,50,50
218000558,6,1,5
218000559,0,5,-5
218000560,0,3,-3
218000561,0,0,0
218000562,0,11,-11
218000563,35,3,32
218000564,0,5,-5
218000565,31,1,30
218000566,1,0,1
218000567,0,35,-35
218000568,0,0,0
218000569,0,2,-2
218000570,3,0,3
218000571,0,8,-8
218000572,36,0,36
218000573,0,45,-45
218000574,2,1,1
218000575,69,0,69
218000576,0,31,-31
218000577,10,0,10
218000578,0,15,-15
218000579,0,1,-1
218000581,0,0,0
218000582,1,0,1
218000583,0,0,0
218000584,0,0,0
218000585,17,0,17
218000586,20,0,20
218000587,0,0,0
218000588,0,0,0
218000589,0,0,0
218000590,2,0,2
218000591,0,0,0
218000592,1,0,1
218000601,1,2,-1
218000602,0,0,0
218000603,0,0,0
218000604,32,13,19
218000605,0,47,-47
218000606,6,0,6
218000607,0,39,-39
218000608,9,1,8
218000609,2,0,2
218000610,4,0,4
218000611,0,0,0
218000612,0,0,0
218000613,18,0,18
218000614,0,2,-2
218000615,48,0,48
218000616,1,16,-15
218000617,7,0,7
218000618,0,0,0
218000619,1,10,-9
218000620,0,0,0
218000621,0,0,0
218000622,0,6,-6
218000623,15,0,15
218000624,0,2,-2
218000625,0,0,0
218000626,0,1,-1
218000628,61,33,28
218000631,32,4,28
218000632,0,22,-22
218000633,38,0,38
218000634,0,0,0
218000635,1,0,1
218000636,24,27,-3
218000637,376,18,358
218000638,239,15,224
218000639,5,15,-10
218000640,211,26,185
218000641,39,44,-5
218000652,2,14,-12
218000653,144,20,124
218000663,0,1,-1
218000675,1,7,-6
218000680,5,5,0
218000681,274,12,262
218000691,6,4,2
218000693,291,10,281
218000718,0,18,-18
218000719,1,70,-69
218000720,0,4,-4
218000721,0,0,0
218001147,0,0,0
218001214,0,0,0
218001258,421,0,421
218001329,79,71,8
218001330,1,4,-3
218001351,0,3,-3
218001352,0,5,-5
218001353,5,6,-1
218001354,0,0,0
218001355,0,0,0
218001356,287,54,233
218001357,0,0,0
218001358,134,1,133
218001361,773,31,742
218001362,0,0,0
219000001,0,0,0
219000002,0,0,0
219000003,14,11,3
219000004,13,53,-40
219000017,26,55,-29
219000020,141,14,127
219000022,83,0,83
219000023,51,0,51
219000029,0,0,0
219000034,76,41,35
219000039,0,0,0
219000040,13,41,-28
219000041,95,28,67
219000051,0,0,0
219000052,0,0,0
219000053,0,0,0
219000055,109,0,109
219000056,3,0,3
219000057,20,0,20
219000062,0,0,0
219000063,24,0,24
219000064,0,0,0
219000110,125,162,-37
219000111,14,33,-19
219000112,104,2,102
219000113,92,1,91
219000114,79,20,59
219000116,41,5,36
219000117,123,11,112
219000118,26,33,-7
219000123,84,0,84
219000124,1,0,1
219000125,0,0,0
219000126,0,0,0
219000127,0,0,0
219000128,0,0,0
219000129,0,0,0
219000130,0,0,0
219000131,248,683,-435
219000133,5,69,-64
219000134,12,26,-14
219000135,16,15,1
219000136,24,63,-39
219000138,64,0,64
219000139,24,0,24
219000140,30,0,30
219000141,14,0,14
219000142,1,0,1
219000143,0,0,0
219000145,21,4,17
219000146,0,0,0
219000147,0,0,0
219000148,0,0,0
219000149,0,0,0
219000150,0,0,0
219000151,0,0,0
219000157,108,26,82
219000158,60,47,13
219000161,44,0,44
219000163,179,143,36
219000166,39,8,31
219000167,4,4,0
219000168,82,45,37
219000174,225,21,204
219000175,71,5,66
219000176,83,23,60
219000177,43,3,40
219000178,122,5,117
219000179,4,5,-1
219000180,16,0,16
219000182,53,0,53
219000183,37,9,28
219000184,9,0,9
219000185,0,0,0
219000186,100,8,92
219000187,15,2,13
219000189,0,0,0
219000190,0,0,0
219000191,0,0,0
219000192,185,156,29
219000193,0,0,0
219000195,0,0,0
219000196,0,0,0
219000198,0,0,0
219000199,0,0,0
219000200,0,0,0
219000201,0,0,0
219000203,0,0,0
219000204,0,0,0
219000205,0,0,0
219000207,0,0,0
219000209,0,0,0
219000210,0,0,0
219000213,0,0,0
219000239,0,0,0
219000240,0,0,0
219000241,0,0,0
219000242,0,0,0
219000243,0,0,0
219000244,0,0,0
219000245,0,0,0
219000246,3,21,-18
219000247,163,71,92
219000248,208,206,2
219000249,75,65,10
219000250,44,43,1
219000251,146,38,108
219000252,247,59,188
219000253,125,17,108
219000255,84,99,-15
219000256,154,58,96
219000257,140,0,140
219000262,0,0,0
219000263,0,0,0
219000267,0,0,0
219000268,0,0,0
219000269,0,0,0
219000270,53,0,53
219000271,85,0,85
219000278,0,0,0
219000279,0,0,0
219000283,0,0,0
219000295,0,0,0
219000296,0,0,0
219000297,0,0,0
219000298,0,0,0
219000299,162,2,160
219000300,0,0,0
219000301,0,0,0
219000302,0,0,0
219000307,0,0,0
219000308,19,14,5
219000311,136,9,127
219000312,193,33,160
219000313,189,40,149
219000314,0,0,0
219000315,177,0,177
219000316,308,18,290
219000317,37,20,17
219000320,0,0,0
219000321,0,0,0
219000323,0,0,0
219000325,0,0,0
219000326,0,0,0
219000327,0,0,0
219000328,0,0,0
219000329,26,43,-17
219000330,8,17,-9
219000331,20,15,5
219000332,145,60,85
219000333,8,4,4
219000335,15,3,12
219000337,2,0,2
219000338,28,0,28
219000344,0,0,0
219000345,0,0,0
219000346,0,0,0
219000348,0,0,0
219000349,0,0,0
219000350,0,0,0
219000351,0,0,0
219000352,18,50,-32
219000353,72,37,35
219000354,178,50,128
219000355,59,34,25
219000356,120,675,-555
219000363,81,19,62
219000364,141,9,132
219000365,108,3,105
219000366,84,198,-114
219000368,83,308,-225
219000370,127,563,-436
219000371,0,0,0
219000382,0,0,0
219000383,0,0,0
219000385,0,0,0
219000386,0,0,0
219000387,0,1,-1
219000390,0,6,-6
219000391,2,0,2
219000397,0,0,0
219000398,33,2,31
219000401,0,0,0
219000402,0,0,0
219000403,0,0,0
219000404,0,0,0
219000407,0,0,0
219000409,56,11,45
219000410,58,28,30
219000411,15,0,15
219000446,0,0,0
219000447,0,0,0
219000448,20,7,13
219000452,34,25,9
219000453,0,0,0
219000454,66,206,-140
219000556,141,13,128
219000558,0,0,0
219000590,0,0,0
219000591,72,42,30
219000592,0,0,0
219000595,0,0,0
219000635,59,15,44
219000636,0,0,0
219000657,1,0,1
219000658,0,0,0
219000673,0,0,0
219000676,3,0,3
219000679,15,0,15
219000684,119,0,119
219000685,0,0,0
219000686,0,0,0
219000688,0,0,0
219000689,0,0,0
219000690,44,0,44
219000691,0,0,0
219000692,42,0,42
219000693,0,0,0
219000694,0,0,0
219000695,7,2,5
219000698,2,0,2
219000699,0,0,0
219000727,0,0,0
219000728,45,1,44
219000770,12,1,11
219000771,0,0,0
219000788,0,0,0
219001150,0,30,-30
219001151,0,0,0
219001166,7,4,3
219001167,0,0,0
219001178,25,0,25
220000001,3,19,-16
220000002,0,14,-14
220000003,0,0,0
220000004,0,0,0
220000005,0,0,0
220000006,0,0,0
220000007,0,0,0
220000008,0,0,0
220000009,27,43,-16
220000010,9,2,7
220000011,21,235,-214
220000012,2,61,-59
220000014,0,0,0
220000015,4,201,-197
220000017,43,44,-1
220000018,584,82,502
220000019,169,229,-60
220000020,90,33,57
220000021,186,28,158
220000022,405,94,311
220000023,67,71,-4
220000024,176,146,30
220000025,254,664,-410
220000026,89,457,-368
220000027,18,40,-22
220000028,14,98,-84
220000029,0,0,0
220000030,0,0,0
220000031,78,166,-88
220000064,0,0,0
221000046,0,0,0
221000047,0,0,0
221000048,0,0,0
221000049,0,0,0
221000050,8,0,8
221000055,14,0,14
221000057,54,0,54
221000068,133,101,32
221000069,208,77,131
221000070,185,14,171
221000071,77,0,77
221000072,168,5,163
221000073,73,20,53
221000074,0,0,0
221000075,0,0,0
221000076,0,0,0
221000077,0,0,0
221000081,0,4,-4
221000082,18,0,18
221000083,1,8,-7
221000084,8,0,8
221000085,3,0,3
221000086,0,0,0
221000087,0,0,0
221000088,0,0,0
221000089,0,0,0
221000090,0,0,0
221000098,64,5,59
221000099,114,2,112
221000100,145,1,144
221000101,164,3,161
221000102,111,1,110
221000109,0,0,0
221000110,0,0,0
221000111,0,0,0
221000112,0,0,0
221000113,0,0,0
221000114,0,0,0
221000120,25,0,25
221000121,0,7,-7
221000122,3,14,-11
221000123,3,29,-26
221000124,6,64,-58
221000155,32,1,31
221000156,22,10,12
221000175,15,4,11
221000176,0,2,-2
221000182,32,11,21
221000241,229,212,17
221000242,0,0,0
221000243,266,124,142
221000244,0,0,0
221000245,78,27,51
221000246,0,0,0
221000247,211,19,192
221000248,0,0,0
221000267,11,111,-100
221000325,46,6,40
221000331,0,8,-8
221000338,0,7,-7
221000378,167,7,160
221000381,0,31,-31
222000282,0,0,0
222000296,0,12,-12
222000568,237,13,224
222000569,41,27,14
222000570,97,6,91
222000571,240,1,239
222000577,1,3,-2
222000578,0,16,-16
222000579,1,10,-9
222000580,2,132,-130
222000599,0,8,-8
222000600,0,10,-10
222000601,0,86,-86
222000603,7,2,5
222000604,5,4,1
222000605,1,1,0
222000606,0,8,-8
222000607,0,27,-27
222000608,0,2,-2
222000609,0,5,-5
222000616,162,7,155
222000617,0,1,-1
222000618,0,0,0
222000620,0,0,0
222000621,4,0,4
222000623,217,1,216
222000624,190,0,190
222000625,311,14,297
222000636,37,0,37
222000686,11,0,11
222000687,4,2,2
222001066,76,0,76
222001067,23,0,23
222001068,46,1,45
222001069,10,27,-17
222001082,3,0,3
222001083,3,2,1
222001084,0,5,-5
222001085,0,50,-50
222001111,51,34,17
222001112,131,5,126
222001313,0,0,0
222001314,0,18,-18
222001464,144,10,134
222001465,1,15,-14
222001484,60,21,39
222001485,0,5,-5
222001494,317,18,299
222001495,2,20,-18
222001496,307,7,300
222001497,45,46,-1
222001502,0,0,0
222001503,27,4,23
222001504,0,0,0
222001505,165,2,163
222001506,0,0,0
222001507,15,0,15
222001510,340,1,339
222001511,0,0,0
222001514,169,30,139
222001515,0,0,0
222001518,169,4,165
222001519,0,0,0
222001527,41,12,29
222001528,0,0,0
222001529,177,28,149
222001530,0,0,0
222001533,0,0,0
222001534,240,1,239
222001535,120,26,94
222001536,6,51,-45
222001537,67,2,65
222001538,0,0,0
222001563,546,2,544
222001564,0,0,0
222001568,49,6,43
222001576,0,28,-28
222001579,0,0,0
222001583,0,2,-2
222001584,28,0,28
222001596,25,35,-10
222001597,370,107,263
222001626,0,2,-2
222001650,0,7,-7
222001651,25,33,-8
222001914,75,16,59
222001915,0,0,0
222001968,163,46,117
222001969,57,36,21
222001970,46,31,15
222001971,38,1,37
222001972,1,0,1
225000001,236,79,157
225000002,294,56,238
225000003,375,20,355
225000004,167,49,118
225000005,12,34,-22
225000006,0,0,0
225000007,0,0,0
225000010,60,1,59
225000011,34,646,-612
225000012,52,461,-409
225000013,44,48,-4
225000014,231,52,179
225000015,0,0,0
225000021,136,20,116
225000027,1,0,1
225000032,86,44,42
225000042,0,9,-9
225000049,0,0,0
225000050,73,4,69
225000053,0,0,0
225000058,360,39,321
225000067,0,0,0
225000068,0,0,0
225000069,0,0,0
225000070,0,0,0
225000071,0,0,0
225000075,0,0,0
225000076,0,0,0
225000078,12,11,1
225000085,36,11,25
225000086,160,3,157
225000087,49,3,46
225000088,0,0,0
225000089,0,0,0
225000090,0,0,0
225000091,0,0,0
225000092,0,0,0
225000093,0,0,0
225000094,0,0,0
225000095,0,0,0
225000096,0,0,0
225000098,187,87,100
225000099,342,38,304
225000100,345,61,284
225000104,5,4,1
225000110,1,1,0
225000111,1,3,-2
225000112,13,5,8
225000113,2,15,-13
225000114,0,8,-8
225000115,17,17,0
225000116,123,54,69
225000117,262,275,-13
225000118,699,142,557
225000119,33,13,20
225000120,181,11,170
225000121,112,10,102
225000123,643,19,624
225000125,257,48,209
225000126,486,73,413
225000127,401,880,-479
225000128,289,597,-308
225000132,219,48,171
225000133,127,6,121
225000134,240,119,121
225000135,74,9,65
225000136,196,6,190
225000137,194,25,169
225000138,415,14,401
225000143,0,0,0
225000144,0,0,0
225000145,29,34,-5
225000146,0,0,0
225000147,0,0,0
225000148,0,0,0
225000149,0,0,0
225000151,0,0,0
225000155,0,0,0
225000156,2,23,-21
225000157,1,7,-6
225000158,0,0,0
225000171,0,0,0
225000180,19,1,18
225000181,0,0,0
225000182,50,17,33
225000185,0,1,-1
225000187,1,0,1
225000191,2,0,2
225000194,0,0,0
225000208,0,0,0
225000209,43,0,43
225000210,0,0,0
225000217,0,0,0
225000218,7,0,7
225000223,0,0,0
225000224,0,0,0
225000225,0,0,0
225000226,90,1,89
225000227,0,1,-1
225000228,1,17,-16
225000229,0,0,0
225000230,0,0,0
225000231,0,0,0
225000232,61,0,61
225000241,16,0,16
225000242,0,0,0
225000249,23,0,23
225000250,0,0,0
225000251,191,23,168
226000042,0,0,0
226000043,0,0,0
226000044,0,0,0
226000045,0,0,0
226000046,392,21,371
226000047,176,30,146
226000048,165,24,141
226000049,138,60,78
226000070,0,0,0
226000071,0,0,0
226000072,0,0,0
226000073,0,0,0
226000074,0,0,0
226000084,0,0,0
226000085,0,0,0
226000086,0,0,0
226000087,0,0,0
226000088,0,0,0
226000090,81,17,64
226000091,2,32,-30
226000092,0,27,-27
226000093,0,2,-2
226000094,12,0,12
226000095,11,6,5
226000105,0,1,-1
226000106,0,0,0
226000107,4,0,4
226000108,0,0,0
226000109,45,0,45
226000124,69,27,42
226000134,194,202,-8
226000135,623,217,406
226000136,171,109,62
226000137,0,0,0
226000138,0,0,0
226000139,0,0,0
226000156,128,9,119
226000157,95,0,95
226000163,0,0,0
226000202,0,0,0
226000231,218,12,206
226000232,13,0,13
227000037,295,2,293
227000038,42,0,42
227000049,0,0,0
227000050,0,0,0
227000055,17,0,17
227000056,0,0,0
227000084,0,0,0
227000085,0,0,0
227000088,19,0,19
227000089,2,1,1
227000090,28,0,28
227000091,27,0,27
227000093,33,0,33
227000094,1,0,1
227000130,0,0,0
227000131,0,0,0
227000132,0,0,0
227000133,0,0,0
227000134,0,0,0
227000152,0,0,0
227000153,0,0,0
227000155,0,0,0
227000156,0,0,0
227000165,0,0,0
227000196,0,0,0
227000199,408,12,396
227000230,0,0,0
227000232,172,6,166
227000241,330,1,329
227000242,0,0,0
227000243,192,21,171
227000244,222,16,206
227000245,0,0,0
227000246,0,0,0
227000247,280,15,265
227000248,83,16,67
227000249,0,0,0
227000251,0,0,0
227000252,0,0,0
227000253,211,17,194
227000262,395,4,391
227000266,441,3,438
227000267,0,0,0
227000486,141,95,46
227000655,180,3,177
227000661,45,13,32
227000680,11,62,-51
229000265,1,3,-2
229000296,0,4,-4
229000297,1,19,-18
229000298,9,19,-10
229000320,15,0,15
229000321,0,0,0
229000412,0,13,-13
229000414,0,20,-20
229000415,1,0,1
229000416,0,0,0
229000417,0,0,0
229000419,31,23,8
229000440,32,7,25
229000442,0,0,0
229000443,0,1,-1
229000444,0,1,-1
229000445,41,3,38
229000446,26,17,9
229000847,30,0,30
229000848,35,0,35
229000849,44,0,44
229000851,128,0,128
229000854,0,0,0
229000856,0,0,0
229000857,0,0,0
229000858,0,0,0
229000919,0,0,0
229000930,0,0,0
229000937,74,2,72
229000966,21,3,18
229000981,0,0,0
229000985,0,0,0
229000986,0,0,0
229000987,0,0,0
229000988,0,0,0
229000989,0,3,-3
229000990,0,0,0
229000991,0,0,0
229000992,7,0,7
229000993,27,1,26
229000998,0,7,-7
229000999,0,0,0
229001034,0,5,-5
229001035,0,0,0
229001037,16,0,16
229001042,2,4,-2
229001047,3,6,-3
229001050,16,6,10
229001200,3,0,3
229001338,0,0,0
229001394,131,0,131
229001422,112,25,87
229001423,0,0,0
229001431,18,23,-5
229001432,0,0,0
229001444,46,6,40
229001445,30,2,28
229001503,80,18,62
229001504,0,0,0
229001505,47,5,42
229001506,0,0,0
229001509,2,5,-3
229001545,31,2,29
229001546,0,0,0
229001553,42,0,42
229001554,0,0,0
229001559,0,0,0
229001560,0,2,-2
229001630,47,2,45
229001631,1,18,-17
229001635,0,19,-19
229001636,0,0,0
229001658,0,0,0
229001659,12,1,11
229001660,0,0,0
229001661,0,6,-6
229001662,1,0,1
229001663,0,0,0
229002584,2,9,-7
229002831,37,31,6
229002841,0,0,0
229002842,4,0,4
229002843,2,1,1
229002844,15,17,-2
229002845,1,19,-18
229002846,2,2,0
229002847,0,0,0
229002848,0,0,0
229002849,0,0,0
229002850,0,0,0
229002851,1,17,-16
229002852,33,0,33
229002853,13,0,13
229002854,0,1,-1
229002855,0,0,0
229002856,0,5,-5
229002857,2,0,2
229002858,0,0,0
229002859,0,0,0
229002860,1,0,1
229002861,4,0,4
229002862,0,0,0
229002863,0,0,0
229002864,5,1,4
229002865,0,0,0
229002866,9,0,9
229002867,0,0,0
229002868,3,0,3
229002869,0,3,-3
229002870,2,1,1
235000066,169,7,162
235000067,32,48,-16
235000072,0,0,0
235000073,0,0,0
235000074,0,0,0
235000080,0,0,0
235000081,0,0,0
235000082,97,0,97
235000083,55,3,52
235000084,5,4,1
235000085,75,5,70
235000089,0,4,-4
235000092,0,0,0
235000093,0,0,0
235000097,0,0,0
235000098,17,0,17
235000099,2,10,-8
235000116,1,6,-5
235000117,249,2,247
235000133,0,0,0
235000134,0,0,0
235000206,5,0,5
235000207,0,0,0
235000208,0,0,0
235000209,1,0,1
235000210,0,0,0
235000212,0,0,0
235000213,0,0,0
235000220,0,0,0
235000221,0,0,0
235000238,0,119,-119
235000239,0,3,-3
235000242,108,444,-336
235000245,0,0,0
235000246,0,0,0
235000284,0,0,0
235000295,33,0,33
235000305,76,1,75
235000306,61,77,-16
235000307,0,17,-17
235000308,8,0,8
235000309,19,0,19
235000310,122,0,122
235000311,1,0,1
235000322,0,0,0
235000323,0,0,0
235000324,0,0,0
235000325,0,0,0
235000326,0,0,0
235000351,0,0,0
235000352,0,0,0
235000353,0,0,0
235000354,0,0,0
235000355,0,2,-2
235000356,7,1,6
235000357,3,1,2
235000358,2,0,2
235000359,0,0,0
235000360,3,0,3
235000361,47,0,47
235000381,0,0,0
235000382,47,0,47
235000390,1,0,1
235000391,97,1,96
235000392,96,55,41
235000393,47,71,-24
235000395,72,9,63
235000396,175,41,134
235000400,4,4,0
235000401,0,0,0
235000405,0,0,0
235000406,0,0,0
235000407,0,0,0
235000409,0,0,0
235000410,0,0,0
235000411,0,0,0
235000485,0,0,0
235000486,0,0,0
235000549,19,39,-20
235000550,0,0,0
235000599,0,0,0
235000600,0,0,0
235000601,0,1,-1
235000602,36,8,28
235000614,0,0,0
235000648,0,0,0
235000649,5,0,5
235000685,0,0,0
235000815,0,0,0
235000834,0,0,0
235000855,2,11,-9
235000862,0,0,0
235000891,0,0,0
235000892,1,0,1
235000901,0,0,0
235000907,0,0,0
235001010,12,12,0
235001029,0,0,0
235001030,129,5,124
235001078,39,18,21
235001079,0,0,0
235001147,0,20,-20
235001166,0,13,-13
235001167,0,0,0
235001169,0,0,0
235001188,0,0,0
235001189,2,1,1
235001197,0,0,0
235001200,0,0,0
235001207,154,1,153
235001210,0,0,0
235001215,0,0,0
235001239,0,0,0
235001244,0,0,0
235016267,0,0,0
277102712,1,0,1
277103813,0,0,0
277104249,0,0,0
277104250,0,22,-22
277104251,0,0,0
277104252,0,4,-4
990011530,0,0,0
990014944,0,4,-4
990015176,29,0,29
990016032,0,0,0
990032570,0,4,-4
990070001,23,1,22
990070103,0,0,0
990070601,0,2,-2
990070751,665,0,665
990070766,0,0,0
990071180,377,0,377
990071343,5,0,5
990071387,0,0,0
990071823,6,0,6
990072600,0,18,-18
990072964,0,0,0
990073285,0,0,0
990074393,1,41,-40
990074870,627,6,621
990075106,220,1,219
990075746,305,2,303
990076437,997,13,984
990076458,0,0,0
997000007,111,2,109
997000041,1,24,-23
997000058,5,0,5
997000062,8,1,7
997000069,0,0,0
997000070,0,0,0
997000100,65,0,65
997000141,0,0,0
997000198,0,0,0
998000475,0,0,0
998000736,0,20,-20
998000965,0,2,-2
998001031,0,0,0
998001700,0,0,0
998001899,0,1,-1
998001900,11,12,-1
998003073,293,22,271
998101900,0,2,-2
998102850,0,0,0
998501927,147,9,138
998501929,57,4,53
998501930,38,0,38
998501931,38,12,26
998501932,6,4,2
998501933,126,17,109
998501937,20,0,20
998501944,5,5,0
998501950,0,0,0
998501970,45,4,41
998501971,0,17,-17
998501973,0,0,0
998501974,0,13,-13
998501975,125,4,121
998501976,47,1,46
998501977,0,0,0
998501978,3,0,3
998501979,0,0,0
998501980,6,0,6
998501981,41,0,41
998501982,0,0,0
998501983,0,0,0
998502006,0,0,0
998502032,0,0,0
998502062,16,21,-5
998502063,0,0,0
998502173,4,0,4
998502269,0,0,0
998502546,0,37,-37
998502578,0,0,0
998502599,0,0,0
998502621,0,0,0
998601159,0,0,0
998601292,0,0,0
999033574,0,0,0
999800001,11,1,10
999800002,0,0,0
999800003,0,0,0
999800004,0,0,0
999800005,0,0,0
