ID,insum,outsum,diff
100000001,483,540,-57
100000002,4712,703,4009
100000003,4597,2417,2180
100000004,1160,851,309
100000005,1819,3297,-1478
100000006,739,89,650
100000007,2805,588,2217
100000008,222,470,-248
100000009,564,165,399
100000010,66,68,-2
100000011,722,74,648
100000012,147,665,-518
100000013,19,141,-122
100000014,266,326,-60
100000015,2030,2056,-26
100000016,1170,1393,-223
100000017,744,841,-97
100000018,1721,515,1206
100000019,4499,1898,2601
100000020,1587,5348,-3761
100000021,5196,2292,2904
100000022,1932,1218,714
100000023,5371,1153,4218
100000025,2308,607,1701
100000028,2039,749,1290
100000029,233,196,37
100000030,420,48,372
100000031,3730,5831,-2101
100000032,2292,4444,-2152
100000033,1256,2621,-1365
100000034,564,338,226
100000035,1746,868,878
100000036,2299,1370,929
100000037,456,484,-28
100000038,1717,1004,713
100000039,611,147,464
100000040,182,156,26
100000041,1015,418,597
100000042,1005,355,650
100000043,868,340,528
100000044,437,703,-266
100000045,586,1110,-524
100000046,686,1078,-392
100000047,365,658,-293
100000048,573,645,-72
100000049,1706,2241,-535
100000051,637,994,-357
100000053,171,3,168
100000054,415,37,378
100000055,1550,247,1303
100000056,513,561,-48
100000057,1665,781,884
100000058,879,1228,-349
100000059,19,78,-59
100000060,386,404,-18
100000061,2079,545,1534
100000062,2261,557,1704
100000063,587,268,319
100000064,1469,447,1022
100000065,523,797,-274
100000066,332,685,-353
100000067,563,742,-179
100000068,596,1436,-840
100000069,463,1496,-1033
100000072,386,1028,-642
100000073,1273,1139,134
100000075,747,374,373
100000076,4015,2342,1673
100000077,486,124,362
100000078,105,40,65
100000079,51,30,21
100000080,22,36,-14
100000081,99,98,1
100000102,3712,1265,2447
100000103,4860,699,4161
100000104,4143,1712,2431
100000105,3097,880,2217
100000106,2450,1530,920
100000107,555,564,-9
100000108,1136,777,359
100000109,4187,1017,3170
100000116,1558,684,874
100000117,97,47,50
100000118,1950,624,1326
100000119,729,411,318
100000121,217,481,-264
100000122,1688,853,835
100000123,3345,4440,-1095
100000124,5586,6043,-457
100000125,2402,806,1596
100000126,1012,262,750
100000127,2330,342,1988
100000128,1799,983,816
100000129,495,354,141
100000130,232,502,-270
100000131,2488,2623,-135
100000132,1004,1733,-729
100000133,5283,2363,2920
100000135,469,705,-236
100000139,408,180,228
100000140,429,175,254
100000142,256,477,-221
100000143,1508,698,810
100000144,4144,825,3319
100000147,845,2376,-1531
100000150,42,331,-289
100000151,766,667,99
100000153,413,255,158
100000154,164,81,83
100000155,38,31,7
100000156,250,144,106
100000157,50,39,11
100000158,186,62,124
100000159,733,414,319
100000165,1702,721,981
100000169,456,311,145
100000174,1016,369,647
100000179,95,475,-380
100000180,2091,654,1437
100000181,512,258,254
100000188,78,273,-195
100000189,808,338,470
100000190,854,445,409
100000191,583,430,153
100000192,71,86,-15
100000193,156,158,-2
100000330,1620,614,1006
100000355,346,425,-79
100000362,6213,3564,2649
100000363,3044,4596,-1552
100000364,284,133,151
100000365,3799,4128,-329
100000366,6663,2336,4327
100000367,3949,3669,280
100000368,3249,1605,1644
100000369,1029,1568,-539
100000370,99,409,-310
100000376,156,104,52
100000379,4883,1373,3510
100000380,7418,2122,5296
100000384,5489,3621,1868
100000385,5441,3588,1853
100000386,8134,4156,3978
100000387,6485,3792,2693
100000388,7139,4298,2841
100000389,6956,4354,2602
100000390,6653,3663,2990
100000391,4922,4511,411
100000392,5247,1977,3270
100000393,2440,2395,45
100000394,9748,4169,5579
100000395,4430,2135,2295
100000396,9568,2151,7417
100000397,5513,2714,2799
100000398,11010,6819,4191
100000413,32,5,27
100000414,498,233,265
100900002,2,26,-24
100900003,277,161,116
100900004,19,604,-585
100900005,96,19,77
100900006,7,113,-106
100900007,428,9,419
100900008,1,344,-343
100900009,34,80,-46
100900010,35,76,-41
100900011,104,273,-169
100900012,1,180,-179
100900013,541,6,535
100900014,2,10,-8
100900015,88,110,-22
100900016,0,25,-25
100900017,545,35,510
100900018,0,23,-23
100900019,20,102,-82
100900020,438,20,418
100900021,396,1,395
100900022,5,11,-6
100900023,0,23,-23
100900024,734,5,729
100900025,7,13,-6
100900026,87,95,-8
100900027,291,2574,-2283
100900028,86,129,-43
100900029,84,8,76
100900030,3,18,-15
100900031,399,17,382
100900032,294,0,294
100900033,183,123,60
100900034,441,0,441
100900035,625,1,624
100900036,17,0,17
100900037,87,223,-136
100900038,232,20,212
100900039,256,551,-295
100900040,307,549,-242
100900041,432,674,-242
100900042,1322,266,1056
100900043,0,0,0
100900044,2472,427,2045
100900045,73,0,73
100900046,1234,13,1221
100900047,698,78,620
100900048,101,38,63
100900049,61,194,-133
100900050,1,11,-10
100900051,24,41,-17
100900052,222,10,212
100900053,206,29,177
100900054,36,55,-19
100900055,191,459,-268
100900056,149,234,-85
100900057,447,1387,-940
100900058,282,24,258
100900059,161,2,159
100900060,82,16,66
100900061,320,214,106
100900062,2,51,-49
100900063,108,548,-440
100900064,766,13,753
100900065,77,100,-23
100900066,84,164,-80
100900067,2,11,-9
100900068,81,64,17
100900069,1273,4,1269
100900070,161,5,156
100900071,652,219,433
100900072,0,61,-61
100900073,77,363,-286
100900074,1,21,-20
100900075,1581,348,1233
100900076,12,33,-21
100900077,11,84,-73
100900078,107,339,-232
100900079,9,21,-12
100900080,16,121,-105
100900081,96,140,-44
100900082,106,704,-598
100900083,12,47,-35
100900085,19,87,-68
100900086,176,1110,-934
100900088,91,617,-526
100900089,8,19,-11
100900090,89,250,-161
100900091,3,15,-12
100900092,246,271,-25
100900093,142,211,-69
100900094,95,501,-406
100900095,3,43,-40
100900096,14,84,-70
100900097,0,5,-5
100900098,4,21,-17
100900099,28,482,-454
100900100,7,286,-279
100900101,292,43,249
100900102,19,38,-19
100900103,9,12,-3
100900104,10,143,-133
100900105,12,137,-125
100900106,44,7,37
100900107,1660,526,1134
100900108,5,7,-2
100900109,14,26,-12
100900110,0,0,0
100900111,37,124,-87
100900112,1,7,-6
100900113,13,10,3
100900114,19,22,-3
100900115,0,27,-27
100900116,487,931,-444
100900117,242,458,-216
100900118,23,44,-21
100900119,21,15,6
100900120,6,15,-9
100900121,184,576,-392
100900122,135,219,-84
100900123,61,129,-68
100900124,14,3,11
100900125,12,50,-38
100900126,77,166,-89
100900127,7,15,-8
100900128,60,159,-99
100900129,6,68,-62
100900131,56,140,-84
100900133,52,39,13
100900134,3,26,-23
100900135,0,106,-106
100900137,236,155,81
100900138,398,334,64
100900139,27,16,11
100900140,2,588,-586
100900141,2,271,-269
100900142,0,2,-2
100900143,678,319,359
100900144,6,4,2
100900145,39,148,-109
100900146,1,26,-25
100900147,103,188,-85
100900148,35,774,-739
100900149,34,70,-36
100900150,1,40,-39
100900151,98,426,-328
100900152,41,13,28
100900153,2,168,-166
100900154,1,25,-24
100900155,21,18,3
100900156,17,1,16
100900157,2,113,-111
100900159,4,21,-17
100900160,21,13,8
100900161,61,7,54
100900162,13,168,-155
100900163,183,206,-23
100900164,47,31,16
100900165,5,20,-15
100900166,17,6,11
100900167,11,52,-41
100900168,36,117,-81
100900169,120,939,-819
100900170,17,5,12
100900171,20,598,-578
100900172,0,6,-6
100900173,5,522,-517
100900174,684,62,622
100900176,1144,126,1018
100900177,698,253,445
100900178,458,136,322
100900179,80,72,8
100900180,3,6,-3
100900181,95,55,40
100900182,7,19,-12
100900184,1,159,-158
100900186,642,536,106
100900187,18,103,-85
100900188,57,16,41
100900189,573,140,433
100900191,1189,877,312
100900192,371,199,172
100900195,173,87,86
100900197,0,0,0
100900198,25,241,-216
100900199,0,0,0
100900200,600,397,203
100900201,35,497,-462
100900202,46,1,45
100900203,1,41,-40
100900204,445,143,302
100900205,131,341,-210
100900206,106,54,52
100900207,152,76,76
100900210,76,580,-504
100900211,277,101,176
100900213,32,16,16
100900214,655,130,525
100900215,8,23,-15
100900217,150,92,58
101000001,3940,2307,1633
101000002,3503,3174,329
101000003,716,1736,-1020
101000004,8140,7988,152
101000005,3341,4041,-700
101000006,5922,7081,-1159
101000007,1820,2358,-538
101000009,1809,1754,55
101000010,946,1395,-449
101000011,1488,542,946
101000012,2282,724,1558
101000013,532,815,-283
101000014,517,610,-93
101000015,807,734,73
101000016,493,351,142
101000017,613,421,192
101000018,5339,1951,3388
101000020,4639,951,3688
101000021,1757,356,1401
101000023,2613,680,1933
101000025,158,423,-265
101000026,623,19,604
101000027,2025,1564,461
101000028,973,157,816
101000029,105,737,-632
101000030,1566,60,1506
101000031,600,169,431
101000032,10290,2406,7884
101000033,3172,2117,1055
101000034,3828,1185,2643
101000035,881,226,655
101000036,1828,585,1243
101000037,4367,1134,3233
101000039,2853,1284,1569
101000040,3576,2694,882
101000041,10849,4994,5855
101000042,688,689,-1
101000043,7925,4168,3757
101000045,1565,590,975
101000046,3710,502,3208
101000047,1878,1089,789
101000048,699,689,10
101000049,796,1013,-217
101000050,1617,841,776
101000051,1711,1292,419
101000052,1825,561,1264
101000053,778,1241,-463
101000054,1123,961,162
101000055,1165,1107,58
101000056,46,69,-23
101000057,2131,689,1442
101000058,1567,873,694
101000059,3600,1517,2083
101000060,1572,455,1117
101000061,918,1098,-180
101000062,893,551,342
101000063,838,645,193
101000064,1558,636,922
101000065,306,304,2
101000066,829,472,357
101000067,1260,512,748
101000068,465,212,253
101000069,598,55,543
101000070,1460,682,778
101000071,1724,727,997
101000072,798,3320,-2522
101000073,645,508,137
101000074,5166,2227,2939
101000075,4838,2179,2659
101000077,826,835,-9
101000078,813,1485,-672
101000079,593,349,244
101000080,705,277,428
101000081,1184,1462,-278
101000082,3541,2915,626
101000083,2048,2144,-96
101000084,1319,956,363
101000085,1438,1170,268
101000086,956,993,-37
101000087,872,1190,-318
101000088,779,1052,-273
101000089,736,1440,-704
101000090,1964,1444,520
101000091,234,1050,-816
101000092,740,1136,-396
101000093,1326,815,511
101000094,607,1266,-659
101000095,302,705,-403
101000096,311,616,-305
101000097,1472,278,1194
101000098,655,439,216
101000099,1029,1245,-216
101000100,943,593,350
101000101,413,336,77
101000102,1187,353,834
101000103,927,430,497
101000104,453,509,-56
101000105,1166,273,893
101000106,810,406,404
101000107,121,370,-249
101000108,1099,302,797
101000109,220,51,169
101000110,36,601,-565
101000111,96,174,-78
101000113,107,797,-690
101000114,6865,2067,4798
101000115,89,118,-29
101000116,110,102,8
101000117,419,231,188
101000119,160,40,120
101000120,210,18,192
101000121,95,35,60
101000122,155,53,102
101000123,79,50,29
101000124,326,145,181
101000125,295,546,-251
101000128,843,198,645
101000130,176,185,-9
101000131,552,559,-7
101000132,449,1569,-1120
101000135,65,18,47
101000136,647,68,579
101000137,17,169,-152
101000141,1741,2393,-652
101000147,1102,501,601
101000148,2281,24,2257
101000149,190,86,104
101000150,57,982,-925
101000151,90,57,33
101000152,306,359,-53
101000153,505,405,100
101000154,199,1260,-1061
101000155,169,174,-5
101000156,17,297,-280
101000157,43,16,27
101000160,68,45,23
101000163,209,150,59
101000164,615,483,132
101000165,175,367,-192
101000166,211,287,-76
101000168,907,417,490
101000252,935,447,488
101000254,370,33,337
101000258,35,7,28
101000261,125,20,105
101000262,1160,1391,-231
101000263,166,459,-293
101000265,65,556,-491
101000266,284,236,48
101000269,116,5,111
101000290,1216,2839,-1623
101000293,12,35,-23
101000294,424,405,19
101000295,92,500,-408
101000301,672,258,414
101000304,2042,2403,-361
101000305,3143,1573,1570
101000328,133,326,-193
101900001,49,75,-26
101900002,0,15,-15
101900003,93,66,27
101900004,9,47,-38
101900005,4618,1297,3321
101900006,762,331,431
101900007,563,90,473
101900008,121,262,-141
101900009,41,506,-465
101900010,971,522,449
101900011,269,1450,-1181
101900012,65,374,-309
101900013,1346,165,1181
101900017,23,106,-83
101900018,1389,268,1121
101900019,363,116,247
101900020,30,78,-48
101900021,0,32,-32
101900022,110,1166,-1056
101900023,114,260,-146
101900026,114,41,73
101900027,7,122,-115
102000001,3430,3757,-327
102000002,3248,1132,2116
102000003,2812,5352,-2540
102000004,7032,2586,4446
102000005,1082,2045,-963
102000006,1892,1641,251
102000007,1233,4292,-3059
102000008,5670,1584,4086
102000009,3947,6518,-2571
102000010,4858,3621,1237
102000011,2279,2026,253
102000012,3844,3452,392
102000018,2974,2916,58
102000019,2537,1808,729
102000026,186,972,-786
102000029,340,241,99
102000030,92,319,-227
102000031,62,211,-149
102000032,312,420,-108
102000033,173,459,-286
102000034,437,512,-75
102000035,689,613,76
102000036,23,362,-339
102000037,155,93,62
102000038,232,185,47
102000039,242,111,131
102000040,496,121,375
102000041,219,396,-177
102000042,344,191,153
102000043,343,169,174
102000044,1209,476,733
102000045,672,981,-309
102000046,1005,639,366
102000047,623,1156,-533
102000048,250,829,-579
102000049,1043,760,283
102000050,1106,1218,-112
102000051,376,652,-276
102000052,1207,820,387
102000053,1162,921,241
102000054,537,798,-261
102000055,774,977,-203
102000056,545,1537,-992
102000057,1177,537,640
102000058,980,1740,-760
102000059,1595,1186,409
102000060,1197,814,383
102000061,1249,2137,-888
102000062,1214,1049,165
102000063,1057,1587,-530
102000064,541,664,-123
102000065,43,121,-78
102000066,927,1314,-387
102000067,2152,2880,-728
102000068,10809,3120,7689
102000069,56,1529,-1473
102000070,1960,58,1902
102000071,8883,9213,-330
102000072,3215,4602,-1387
102000073,674,434,240
102000074,699,747,-48
102000075,159,213,-54
102000076,154,433,-279
102000077,311,1187,-876
102000078,674,869,-195
102000079,124,249,-125
102000080,184,160,24
102000081,355,624,-269
102000082,631,289,342
102000083,466,362,104
102000084,183,364,-181
102000085,1329,1266,63
102000086,866,1210,-344
102000087,726,1576,-850
102000088,194,278,-84
102000089,895,393,502
102000090,420,1082,-662
102000091,1550,391,1159
102000092,254,887,-633
102000093,539,638,-99
102000094,877,575,302
102000095,921,796,125
102000096,515,652,-137
102000097,777,721,56
102000098,486,638,-152
102000099,742,549,193
102000100,793,872,-79
102000101,1116,529,587
102000102,312,2431,-2119
102000103,1130,348,782
102000104,913,293,620
102000105,259,702,-443
102000106,637,815,-178
102000107,1194,527,667
102000108,542,206,336
102000109,653,591,62
102000110,593,1673,-1080
102000111,5,382,-377
102000112,146,88,58
102000113,4,28,-24
102000114,974,321,653
102000115,209,259,-50
102000116,980,281,699
102000117,391,499,-108
102000118,1875,1001,874
102000119,2572,601,1971
102000120,151,379,-228
102000121,842,311,531
102000122,401,661,-260
102000123,1211,916,295
102000124,736,864,-128
102000125,789,1410,-621
102000126,643,687,-44
102000127,1055,804,251
102000128,578,762,-184
102000129,1516,758,758
102000130,623,467,156
102000131,1393,465,928
102000132,577,455,122
102000133,1283,2005,-722
102000134,511,649,-138
102000135,711,1144,-433
102000136,919,633,286
102000137,755,519,236
102000138,209,319,-110
102000139,130,304,-174
102000140,517,160,357
102000141,150,387,-237
102000142,383,351,32
102000143,102,501,-399
102000144,262,411,-149
102000145,237,455,-218
102000146,301,255,46
102000147,405,447,-42
102000148,162,450,-288
102000149,125,603,-478
102000150,254,196,58
102000151,129,364,-235
102000152,119,169,-50
102000153,982,481,501
102000154,432,712,-280
102000155,103,278,-175
102000156,446,87,359
102000157,157,215,-58
102000158,569,392,177
102000159,1215,426,789
102000161,3792,1815,1977
102000162,202,155,47
102000163,123,449,-326
102000164,874,969,-95
102000165,300,120,180
102000166,112,152,-40
102000167,294,186,108
102000168,208,137,71
102000169,111,696,-585
102000170,594,173,421
102000171,205,56,149
102000172,224,267,-43
102000173,454,260,194
102000174,43,51,-8
102000175,89,87,2
102000176,37,23,14
102000178,332,544,-212
102000179,629,268,361
102000180,570,477,93
102000181,447,644,-197
102000182,447,616,-169
102000183,1444,1965,-521
102000184,1539,755,784
102000185,2266,1488,778
102000186,889,1841,-952
102000187,719,1629,-910
102000188,641,1283,-642
102000189,2450,829,1621
102000190,409,2385,-1976
102000191,1105,533,572
102000192,925,1132,-207
102000193,48,174,-126
102000194,72,111,-39
102000195,330,404,-74
102000196,153,451,-298
102000197,636,520,116
102000198,175,945,-770
102000199,741,348,393
102000200,283,1151,-868
102000201,853,564,289
102000202,8,154,-146
102000203,375,297,78
102000204,310,901,-591
102000205,938,584,354
102000206,901,708,193
102000207,1271,428,843
102000208,511,448,63
102000209,55,40,15
102000210,523,562,-39
102000211,351,257,94
102000212,304,20,284
102000213,5,351,-346
102000214,227,19,208
102000215,2,475,-473
102000216,60,70,-10
102000217,25,175,-150
102000218,211,134,77
102000219,427,243,184
102000225,752,639,113
102000226,2194,472,1722
102000227,161,0,161
102000228,2,122,-120
102000229,42,35,7
102000230,280,512,-232
102000231,296,548,-252
102000232,18,223,-205
102000233,332,711,-379
102000234,104,1026,-922
102000236,181,75,106
102000237,855,132,723
102000238,149,284,-135
102000240,746,480,266
102000241,191,120,71
102000243,14,70,-56
102000245,41,109,-68
102000246,14,33,-19
102000247,1204,881,323
102000248,573,685,-112
102000249,116,160,-44
102000250,38,403,-365
102000254,73,385,-312
102000266,49,146,-97
102000271,21,0,21
102000286,464,356,108
102000297,1690,1119,571
102000301,0,0,0
102000307,0,3,-3
102000316,227,374,-147
102900001,1086,830,256
102900002,374,17,357
102900003,56,291,-235
102900005,270,349,-79
102900006,445,218,227
102900007,380,28,352
102900008,196,76,120
102900009,521,180,341
102900010,580,397,183
102900011,1826,357,1469
102900012,331,81,250
102900013,16,50,-34
102900015,671,467,204
102900016,57,102,-45
102900017,90,525,-435
102900018,34,107,-73
102900019,445,446,-1
102900020,147,58,89
102900021,25,111,-86
102900022,629,113,516
102900023,23,69,-46
102900024,28,41,-13
102900025,225,142,83
102900026,533,1484,-951
102900027,35,50,-15
102900028,147,674,-527
102900029,95,186,-91
102900030,544,248,296
102900031,199,154,45
102900032,77,99,-22
102900033,84,205,-121
102900034,290,123,167
102900035,212,340,-128
102900036,342,531,-189
102900037,228,599,-371
102900038,395,650,-255
102900039,12,409,-397
102900040,98,193,-95
102900041,90,190,-100
102900042,160,341,-181
102900043,119,263,-144
102900044,450,1741,-1291
102900045,97,477,-380
102900046,113,291,-178
102900047,60,527,-467
102900048,523,670,-147
102900049,91,336,-245
102900050,188,377,-189
102900051,185,191,-6
102900053,337,741,-404
102900054,751,819,-68
102900055,61,137,-76
102900056,146,498,-352
102900057,5,40,-35
102900058,273,57,216
102900059,38,40,-2
102900060,117,339,-222
102900061,92,484,-392
102900062,142,898,-756
102900063,1035,361,674
102900064,96,413,-317
102900065,1605,478,1127
102900066,231,46,185
102900068,84,73,11
102900070,160,485,-325
102900072,22,48,-26
102900073,155,11,144
102900075,69,46,23
102900076,204,86,118
102900077,37,42,-5
102900078,40,107,-67
102900079,158,9,149
102900080,311,26,285
102900081,67,233,-166
102900082,6,194,-188
102900083,355,15,340
102900084,5,32,-27
102900085,253,121,132
102900086,11,46,-35
102900087,70,92,-22
102900088,62,27,35
102900089,341,142,199
102900090,5,322,-317
102900091,155,22,133
102900092,189,941,-752
102900094,0,68,-68
102900095,65,1,64
102900096,55,25,30
102900097,2,88,-86
103000001,2449,2861,-412
103000002,2738,2538,200
103000003,3819,2888,931
103000004,812,716,96
103000005,1842,3493,-1651
103000006,587,1564,-977
103000007,397,750,-353
103000008,1264,945,319
103000009,1136,917,219
103000010,258,203,55
103000011,1461,1070,391
103000012,1102,1464,-362
103000013,5207,2180,3027
103000014,1144,2483,-1339
103000015,2145,708,1437
103000016,476,1337,-861
103000017,143,356,-213
103000018,825,427,398
103000019,210,240,-30
103000020,3388,1359,2029
103000021,2057,1574,483
103000022,1149,1056,93
103000023,580,1775,-1195
103000024,75,227,-152
103000025,97,490,-393
103000026,1368,117,1251
103000027,234,409,-175
103000028,411,354,57
103000029,208,154,54
103000030,1647,697,950
103000031,1480,2016,-536
103000032,1572,1714,-142
103000033,2353,2658,-305
103000034,1605,928,677
103000035,353,1455,-1102
103000036,380,486,-106
103000037,433,338,95
103000038,336,872,-536
103000039,326,513,-187
103000040,336,1214,-878
103000041,1598,2538,-940
103000042,1062,813,249
103000043,447,1285,-838
103000044,146,219,-73
103000046,205,536,-331
103000047,620,618,2
103000048,94,223,-129
103000049,77,175,-98
103000050,718,688,30
103000051,444,530,-86
103000052,776,378,398
103000053,147,468,-321
103000054,2398,1299,1099
103000055,1805,2255,-450
103000056,534,1950,-1416
103000057,342,299,43
103000058,517,808,-291
103000059,310,846,-536
103000060,1037,732,305
103000061,360,935,-575
103000062,1012,617,395
103000063,571,748,-177
103000064,153,282,-129
103000065,6,401,-395
103000066,190,13,177
103000069,321,415,-94
103000070,985,937,48
103000071,907,459,448
103000072,96,853,-757
103000073,493,125,368
103000074,556,99,457
103000075,76,749,-673
103000076,240,280,-40
103000077,57,322,-265
103000078,1449,522,927
103000079,1245,542,703
103000080,889,284,605
103000081,451,783,-332
103000082,466,209,257
103000083,108,331,-223
103000084,189,8,181
103000085,1,109,-108
103000086,1012,402,610
103000087,178,535,-357
103000088,435,351,84
103000089,238,619,-381
103000090,1569,773,796
103000091,506,537,-31
103000092,326,294,32
103000093,260,419,-159
103000094,186,132,54
103000095,49,417,-368
103000096,535,100,435
103000097,79,752,-673
103000098,1207,184,1023
103000099,563,522,41
103000100,109,728,-619
103000101,833,121,712
103000102,93,642,-549
103000103,519,187,332
103000104,120,141,-21
103000105,100,113,-13
103000106,14,76,-62
103000107,195,69,126
103000108,1344,581,763
103000109,377,362,15
103000110,359,360,-1
103000111,575,370,205
103000112,375,198,177
103000113,1057,728,329
103000114,2667,367,2300
103000115,408,619,-211
103000116,511,553,-42
103000117,232,420,-188
103000118,1308,857,451
103000119,1674,632,1042
103000120,181,127,54
103000121,427,660,-233
103000122,489,314,175
103000125,6,288,-282
103000126,452,6,446
103000127,3,213,-210
103000128,114,4,110
103000129,0,132,-132
103000130,50,31,19
103000131,131,92,39
103000132,98,101,-3
103000133,8,73,-65
103000134,567,655,-88
103000135,645,262,383
103000136,727,442,285
103000137,565,615,-50
103000138,839,680,159
103000139,8,57,-49
103000140,166,28,138
103000141,23,123,-100
103000142,138,67,71
103000143,94,186,-92
103000144,168,70,98
103000145,41,16,25
103000150,105,42,63
103000152,390,263,127
103000153,353,155,198
103000156,2,431,-429
103000157,288,4,284
103000159,56,42,14
103000162,142,37,105
103000163,9,22,-13
103000164,75,25,50
103000165,151,366,-215
103000166,175,270,-95
103000167,179,111,68
103000168,84,176,-92
103000169,199,422,-223
103000170,574,438,136
103000171,42,89,-47
103000172,297,405,-108
103000173,324,667,-343
103000174,117,373,-256
103000175,151,378,-227
103000176,818,517,301
103000177,620,507,113
103000178,237,284,-47
103000179,158,30,128
103000183,140,56,84
103000185,66,47,19
103000186,88,189,-101
103000187,347,535,-188
103000188,11,50,-39
103000189,1916,965,951
103000191,386,428,-42
103000292,2832,1258,1574
103000293,1026,1638,-612
103000295,93,113,-20
103000296,307,0,307
103000297,21,3,18
103000504,52,18,34
103000505,8,16,-8
103000506,1,232,-231
103000507,175,3,172
103000508,47,34,13
103000509,240,583,-343
103000514,9,3,6
103900001,0,248,-248
103900002,1394,166,1228
103900003,1331,19,1312
103900004,82,0,82
103900005,1,234,-233
103900006,1,2,-1
103900007,12,0,12
103900008,29,0,29
103900009,199,381,-182
103900010,181,322,-141
103900011,188,210,-22
103900012,11,16,-5
103900013,29,74,-45
103900014,29,28,1
103900015,29,8,21
103900016,187,206,-19
103900017,31,102,-71
103900018,682,238,444
103900019,44,211,-167
103900020,135,304,-169
103900021,668,71,597
103900022,749,530,219
103900023,96,2,94
103900024,85,436,-351
103900025,37,49,-12
103900026,60,1,59
103900027,680,330,350
103900028,22,222,-200
103900029,959,181,778
103900030,734,48,686
103900031,16,1,15
103900032,81,83,-2
103900033,206,10,196
103900034,10,225,-215
103900035,81,36,45
103900036,43,26,17
103900037,74,40,34
103900038,98,138,-40
103900039,49,493,-444
103900040,21,160,-139
103900041,44,22,22
103900042,32,377,-345
103900043,75,99,-24
103900044,167,271,-104
103900045,227,183,44
103900047,54,21,33
103900048,70,14,56
103900049,245,1311,-1066
103900050,16,82,-66
103900051,2,39,-37
103900052,208,527,-319
103900053,162,791,-629
103900054,128,417,-289
103900055,397,235,162
103900056,20,36,-16
103900057,26,248,-222
103900058,164,728,-564
103900059,0,2,-2
103900060,37,216,-179
103900061,74,53,21
103900062,244,70,174
103900063,4,1,3
103900064,78,4,74
103900065,598,377,221
103900066,123,15,108
103900067,157,10,147
103900068,3,0,3
103900069,155,38,117
103900070,136,230,-94
103900071,10,106,-96
103900072,23,288,-265
103900073,33,28,5
103900074,67,105,-38
103900075,128,87,41
103900076,333,662,-329
103900077,87,118,-31
103900078,157,126,31
103900079,109,210,-101
103900080,11,46,-35
103900081,152,25,127
103900082,17,107,-90
103900083,1875,1100,775
103900084,65,116,-51
103900085,115,120,-5
103900086,503,264,239
103900088,321,282,39
103900089,40,148,-108
103900090,2,197,-195
103900091,901,297,604
103900092,925,502,423
103900093,80,320,-240
103900094,7,108,-101
103900095,478,158,320
103900096,21,259,-238
103900097,4,315,-311
103900098,138,77,61
103900099,43,261,-218
103900100,194,454,-260
103900101,31,1012,-981
103900102,2,18,-16
103900104,13,17,-4
103900105,104,212,-108
103900106,0,34,-34
103900107,52,207,-155
103900108,50,387,-337
103900109,50,93,-43
103900110,181,35,146
103900111,63,604,-541
103900112,11,61,-50
103900113,129,182,-53
103900114,451,326,125
103900115,220,201,19
103900116,6007,3199,2808
103900117,160,100,60
103900119,29,45,-16
103900120,32,132,-100
103900122,66,224,-158
103900123,1798,702,1096
103900124,33,522,-489
103900125,91,118,-27
103900126,399,548,-149
103900127,107,554,-447
103900128,70,213,-143
103900131,26,108,-82
103900133,862,59,803
103900134,0,4,-4
103900135,2,7,-5
103900137,0,33,-33
103900138,92,326,-234
103900139,711,1442,-731
103900140,6,73,-67
103900141,261,82,179
103900142,173,179,-6
103900143,30,3,27
103900144,1,30,-29
103900145,184,250,-66
103900146,297,302,-5
103900147,449,118,331
103900148,173,184,-11
103900149,229,841,-612
103900150,7064,3373,3691
103900151,25,108,-83
103900152,287,497,-210
103900153,26,11,15
103900154,735,1344,-609
103900155,22,213,-191
103900156,38,177,-139
103900157,24,258,-234
103900158,44,181,-137
103900159,91,87,4
103900160,97,20,77
103900161,71,218,-147
103900162,45,290,-245
103900163,6,495,-489
103900167,12,91,-79
103900168,97,67,30
103900169,38,40,-2
103900170,3,104,-101
103900171,5,41,-36
103900172,1,20,-19
103900173,5,8,-3
103900174,99,38,61
103900175,33,42,-9
103900176,6,24,-18
103900177,14,45,-31
103900178,30,70,-40
103900179,45,173,-128
103900180,6,89,-83
103900181,49,35,14
103900182,26,17,9
103900184,536,62,474
103900185,204,256,-52
103900187,95,67,28
103900188,47,13,34
103900189,90,7,83
103900190,99,54,45
103900191,19,42,-23
103900192,25,64,-39
103900193,160,123,37
103900194,80,283,-203
103900195,4,63,-59
103900196,26,31,-5
103900197,8,32,-24
103900198,6,40,-34
103900199,132,42,90
103900200,94,138,-44
103900201,112,162,-50
103900202,6,58,-52
103900203,14,14,0
103900204,0,102,-102
103900207,1,118,-117
103900208,75,8,67
103900209,4,86,-82
103900210,39,25,14
103900211,363,415,-52
103900212,83,408,-325
103900213,122,245,-123
103900214,480,139,341
103900215,459,286,173
103900216,8,424,-416
103900217,335,6,329
103900218,55,461,-406
103900219,160,371,-211
103900233,27,2,25
103900235,32,10,22
103900236,26,1,25
103900242,3,22,-19
103900243,1,6,-5
103900244,101,252,-151
103900245,85,182,-97
103900246,77,52,25
103900247,37,94,-57
103900248,26,30,-4
103900249,24,24,0
103900250,49,35,14
103900251,4,36,-32
103900253,129,109,20
103900254,21,28,-7
103900255,78,31,47
103900256,41,29,12
103900257,217,266,-49
103900258,48,3,45
103900259,179,5,174
103900261,2,4,-2
103900262,40,6,34
103900263,56,90,-34
103900264,86,25,61
103900265,70,11,59
103900266,4,51,-47
103900267,1,47,-46
103900268,9,120,-111
103900269,139,44,95
103900270,35,125,-90
103900271,15,116,-101
103900272,52,102,-50
103900273,26,83,-57
103900274,57,6,51
103900275,18,4,14
103900276,6,112,-106
103900277,0,118,-118
103900278,2,57,-55
103900279,1,24,-23
103900280,2,159,-157
103900281,90,200,-110
103900282,4,9,-5
103900283,21,14,7
103900284,6,16,-10
103900285,64,36,28
103900286,146,83,63
103900287,4,12,-8
103900288,286,15,271
103900289,104,0,104
103900290,602,26,576
103900291,128,6,122
103900292,21,26,-5
103900293,17,40,-23
103900294,8,74,-66
104000001,2119,2079,40
104000002,1673,3039,-1366
104000003,2172,2399,-227
104000004,2784,2902,-118
104000005,1164,1926,-762
104000006,2684,3374,-690
104000007,3375,3363,12
104000008,311,374,-63
104000009,139,147,-8
104000010,153,236,-83
104000011,632,364,268
104000012,178,418,-240
104000013,181,162,19
104000014,258,772,-514
104000015,288,169,119
104000016,562,398,164
104000018,616,186,430
104000019,478,128,350
104000020,172,692,-520
104000021,314,638,-324
104000022,146,207,-61
104000023,574,507,67
104000024,296,364,-68
104000026,53,305,-252
104000027,372,369,3
104000028,309,270,39
104000029,363,504,-141
104000030,249,307,-58
104000031,956,388,568
104000032,236,326,-90
104000033,508,440,68
104000034,287,336,-49
104000035,619,422,197
104000036,686,640,46
104000037,253,316,-63
104000038,96,412,-316
104000039,170,286,-116
104000040,420,374,46
104000041,1011,518,493
104000042,151,166,-15
104000043,355,444,-89
104000044,274,698,-424
104000045,1162,1273,-111
104000046,1321,1660,-339
104000047,729,1122,-393
104000048,898,1812,-914
104000049,524,348,176
104000050,309,602,-293
104000051,111,648,-537
104000052,1526,1575,-49
104000053,797,445,352
104000054,350,396,-46
104000055,3583,2390,1193
104000056,1522,384,1138
104000057,263,684,-421
104000058,1193,1432,-239
104000059,466,1098,-632
104000060,1296,1461,-165
104000061,1916,1293,623
104000062,515,297,218
104000064,554,351,203
104000065,253,550,-297
104000069,1318,781,537
104000070,65,418,-353
104000071,279,583,-304
104000072,720,406,314
104000075,33,351,-318
104000076,466,66,400
104000082,1892,2782,-890
104000083,794,276,518
104000084,145,495,-350
104000085,298,223,75
104000086,239,416,-177
104000087,367,1369,-1002
104000090,646,1366,-720
104000092,873,2513,-1640
104000094,848,1719,-871
104000095,1782,1674,108
104000096,1352,372,980
104000097,1595,1059,536
104000098,1410,1194,216
104000100,1236,656,580
104000101,965,1925,-960
104000106,206,713,-507
104000107,606,416,190
104000108,270,519,-249
104000109,250,66,184
104000110,834,948,-114
104000111,4189,2063,2126
104000112,2451,592,1859
104000116,1,1037,-1036
104000117,95,853,-758
104000118,436,203,233
104000119,379,253,126
104000120,160,841,-681
104000121,186,610,-424
104000122,505,775,-270
104000123,1187,1150,37
104000124,897,2308,-1411
104000125,3957,3382,575
104000126,273,442,-169
104000127,1649,3362,-1713
104000128,791,496,295
104000129,316,30,286
104000130,11,211,-200
104000131,913,525,388
104000132,1369,683,686
104000133,1291,994,297
104000134,755,1801,-1046
104000135,330,1438,-1108
104000136,591,3166,-2575
104000137,1233,307,926
104000138,1074,481,593
104000139,6893,2670,4223
104000141,1095,1348,-253
104000142,543,878,-335
104000143,579,567,12
104000144,67,223,-156
104000145,404,211,193
104000146,393,611,-218
104000147,118,350,-232
104000148,264,148,116
104000149,149,380,-231
104000150,798,414,384
104000151,407,571,-164
104000152,475,551,-76
104000153,434,470,-36
104000154,1055,630,425
104000155,353,528,-175
104000157,874,1589,-715
104000158,314,325,-11
104000159,646,363,283
104000160,1466,1592,-126
104000161,227,164,63
104000162,61,169,-108
104000165,1581,1250,331
104000167,1112,1202,-90
104000168,656,7,649
104000169,80,54,26
104000170,473,448,25
104000248,228,860,-632
104000251,94,259,-165
104000272,0,0,0
104000273,0,0,0
104000274,0,0,0
104000275,0,0,0
104000279,3113,1627,1486
104000290,115,303,-188
104000291,1269,1790,-521
104000293,813,690,123
104000294,13,0,13
104000295,693,802,-109
104000296,350,848,-498
104000297,823,1498,-675
104000298,1904,1089,815
104000299,1004,1596,-592
104000302,106,123,-17
104000303,195,208,-13
104900001,144,366,-222
104900002,28,115,-87
104900003,26,297,-271
104900004,80,271,-191
104900005,238,149,89
104900006,229,108,121
104900007,212,213,-1
104900009,86,283,-197
104900010,41,39,2
104900011,6,5,1
104900012,219,37,182
104900013,108,35,73
104900014,2672,269,2403
104900015,94,15,79
104900016,179,258,-79
104900017,156,154,2
104900018,5,165,-160
104900019,314,1850,-1536
104900020,47,229,-182
104900021,1,281,-280
104900022,17,138,-121
104900023,1,110,-109
104900024,16,144,-128
104900025,65,253,-188
104900026,4,130,-126
104900027,278,270,8
104900028,15,88,-73
104900029,68,145,-77
104900030,377,188,189
104900031,78,259,-181
104900032,39,156,-117
104900033,105,216,-111
104900034,202,112,90
104900035,193,99,94
104900036,141,58,83
104900037,133,293,-160
104900038,498,587,-89
104900039,1032,178,854
104900040,222,90,132
104900041,158,165,-7
104900042,122,246,-124
104900043,10,102,-92
104900044,314,157,157
104900045,328,42,286
104900046,121,105,16
104900047,188,117,71
104900048,215,49,166
104900049,12,3,9
104900050,246,81,165
104900051,203,40,163
104900052,34,0,34
104900053,398,69,329
104900054,95,28,67
104900055,69,0,69
104900056,170,15,155
104900057,37,2,35
104900058,691,105,586
104900059,35,23,12
104900061,149,459,-310
104900063,66,176,-110
104900064,0,106,-106
104900065,1,166,-165
104900066,1,192,-191
104900067,1,247,-246
104900068,3,218,-215
104900070,157,235,-78
104900071,3,611,-608
104900072,48,215,-167
104900073,38,237,-199
104900074,57,178,-121
104900075,46,62,-16
104900076,66,243,-177
104900077,1070,115,955
104900078,169,567,-398
104900079,85,354,-269
104900080,73,427,-354
104900082,11,343,-332
104900085,2,210,-208
104900089,120,0,120
104900091,401,511,-110
104900093,215,475,-260
104900097,2545,1713,832
104900098,74,62,12
104900099,45,404,-359
104900100,539,228,311
104900102,16,218,-202
104900103,332,80,252
104900106,59,121,-62
104900107,77,251,-174
104900108,31,200,-169
104900109,72,279,-207
104900110,3,41,-38
104900111,76,70,6
104900112,219,882,-663
104900113,520,351,169
104900114,322,536,-214
104900115,497,369,128
104900116,181,247,-66
104900118,17,73,-56
104900119,2,30,-28
104900120,56,183,-127
104900121,0,130,-130
104900122,8,98,-90
104900123,15,6,9
104900124,23,0,23
104900125,361,150,211
104900126,62,67,-5
104900127,36,80,-44
104900128,59,159,-100
104900129,1908,1492,416
105000001,2475,1682,793
105000002,2412,1794,618
105000003,3475,3576,-101
105000004,553,1256,-703
105000005,665,1284,-619
105000006,1076,1525,-449
105000007,1235,1410,-175
105000008,1968,2468,-500
105000009,1451,2788,-1337
105000010,3329,2687,642
105000011,2389,2361,28
105000012,4630,3190,1440
105000013,763,1183,-420
105000014,1292,2101,-809
105000015,7705,8410,-705
105000016,3869,2045,1824
105000017,2069,845,1224
105000018,1329,1567,-238
105000019,1509,893,616
105000020,340,447,-107
105000021,630,144,486
105000022,246,45,201
105000023,409,223,186
105000028,70,178,-108
105000029,693,990,-297
105000030,4697,3238,1459
105000031,1,30,-29
105000033,1380,2180,-800
105000034,181,643,-462
105000037,698,355,343
105000038,1367,1463,-96
105000039,2729,1772,957
105000040,594,950,-356
105000041,368,1246,-878
105000042,2057,1258,799
105000043,1770,1896,-126
105000044,511,450,61
105000045,358,951,-593
105000046,786,369,417
105000047,436,1515,-1079
105000048,680,214,466
105000049,254,776,-522
105000050,702,439,263
105000051,257,674,-417
105000052,445,876,-431
105000053,200,231,-31
105000054,321,979,-658
105000055,739,356,383
105000056,1000,2517,-1517
105000057,1233,982,251
105000058,1639,1423,216
105000059,687,617,70
105000060,728,717,11
105000061,567,527,40
105000062,1158,1126,32
105000063,427,588,-161
105000064,1055,802,253
105000065,541,829,-288
105000066,1412,1823,-411
105000067,1096,688,408
105000068,852,957,-105
105000069,2773,1230,1543
105000070,909,800,109
105000071,412,654,-242
105000072,1172,1856,-684
105000073,744,493,251
105000074,1163,925,238
105000075,789,652,137
105000076,1687,1035,652
105000077,2550,980,1570
105000078,1432,1157,275
105000079,1776,2378,-602
105000080,1526,1037,489
105000081,3690,915,2775
105000082,1237,804,433
105000083,3402,1415,1987
105000084,966,1047,-81
105000085,1538,1245,293
105000086,682,1131,-449
105000087,2331,2080,251
105000088,1547,1633,-86
105000089,2987,2041,946
105000090,974,853,121
105000091,1717,1593,124
105000092,958,1051,-93
105000093,372,233,139
105000094,236,186,50
105000095,128,573,-445
105000096,1388,850,538
105000097,1208,737,471
105000098,1366,597,769
105000099,1710,823,887
105000100,981,1180,-199
105000101,1869,2052,-183
105000102,1315,1520,-205
105000103,1270,2137,-867
105000104,1679,1035,644
105000105,1130,2216,-1086
105000106,1212,1660,-448
105000107,1045,984,61
105000108,1052,1699,-647
105000109,1270,1624,-354
105000110,596,788,-192
105000111,588,736,-148
105000112,1183,873,310
105000113,379,706,-327
105000114,3552,1157,2395
105000115,331,1127,-796
105000116,649,473,176
105000117,981,1302,-321
105000118,397,383,14
105000119,461,1213,-752
105000120,848,618,230
105000121,877,1332,-455
105000122,346,554,-208
105000123,1255,1446,-191
105000124,1309,937,372
105000125,778,2112,-1334
105000126,1763,2259,-496
105000127,2190,2173,17
105000128,601,1323,-722
105000129,931,402,529
105000130,255,1908,-1653
105000131,991,511,480
105000132,705,535,170
105000133,412,1060,-648
105000134,460,545,-85
105000135,527,720,-193
105000136,140,385,-245
105000137,380,256,124
105000138,231,410,-179
105000139,1071,1141,-70
105000140,290,557,-267
105000141,287,697,-410
105000142,131,511,-380
105000143,188,709,-521
105000144,306,862,-556
105000145,486,448,38
105000146,564,992,-428
105000147,553,414,139
105000148,1069,669,400
105000149,1830,1922,-92
105000150,2082,1623,459
105000151,493,406,87
105000152,128,630,-502
105000153,606,502,104
105000154,652,746,-94
105000155,399,662,-263
105000156,991,834,157
105000157,878,1785,-907
105000158,1952,799,1153
105000159,303,1124,-821
105000160,1621,697,924
105000161,697,1369,-672
105000162,753,1678,-925
105000163,1454,1098,356
105000164,200,318,-118
105000165,1551,4689,-3138
105000166,6670,649,6021
105000167,2753,1246,1507
105000168,295,850,-555
105000169,453,397,56
105000170,158,1325,-1167
105000171,1038,319,719
105000172,187,39,148
105000173,123,41,82
105000174,78,43,35
105000175,97,153,-56
105000176,186,113,73
105000177,249,149,100
105000178,158,566,-408
105000179,309,135,174
105000180,85,107,-22
105000181,76,397,-321
105000182,30,56,-26
105000183,2818,1794,1024
105000184,1670,825,845
105000185,1405,744,661
105000186,649,851,-202
105000187,823,186,637
105000188,356,90,266
105000189,297,458,-161
105000190,230,395,-165
105000191,388,337,51
105000192,179,72,107
105000193,128,148,-20
105000194,415,91,324
105000195,219,775,-556
105000196,103,218,-115
105000197,281,543,-262
105000198,691,311,380
105000199,451,540,-89
105000200,129,202,-73
105000201,148,34,114
105000203,11,251,-240
105000204,99,85,14
105000205,75,221,-146
105000207,504,184,320
105000208,193,421,-228
105000209,200,337,-137
105000211,199,32,167
105000212,1278,1412,-134
105000213,170,160,10
105000214,100,276,-176
105000215,217,287,-70
105000216,133,271,-138
105000217,118,316,-198
105000218,859,1141,-282
105000221,212,256,-44
105000222,277,67,210
105000223,241,199,42
105000226,68,343,-275
105000227,44,217,-173
105000228,305,977,-672
105000229,128,342,-214
105000231,354,296,58
105000233,787,689,98
105000234,535,1271,-736
105000235,349,559,-210
105000237,630,80,550
105000243,27,49,-22
105000248,161,64,97
105000262,275,1428,-1153
105000269,94,216,-122
105000270,343,65,278
105000271,2,263,-261
105000282,167,57,110
105000287,332,115,217
105000288,481,428,53
105000289,2735,1235,1500
105000290,40,3,37
105000402,3882,2247,1635
105000426,641,483,158
105000438,3700,1051,2649
105000440,12,39,-27
105000446,13100,5380,7720
105000447,7408,3073,4335
105000454,288,887,-599
105000455,346,171,175
105000474,20,1,19
105000477,237,381,-144
105000478,1377,2747,-1370
105000479,170,139,31
105000480,6665,3427,3238
105000481,3337,2621,716
105000482,5713,5026,687
105000483,1362,1584,-222
105000484,2882,2795,87
105000485,1354,2192,-838
105000486,4448,2757,1691
105000488,8663,4556,4107
105000489,698,951,-253
105000549,132,111,21
105000550,723,1408,-685
105000551,32,133,-101
105000552,3807,2373,1434
105000555,1734,850,884
105000556,48,44,4
105000557,75,312,-237
105900001,5,944,-939
105900002,1330,464,866
105900003,10,173,-163
105900004,250,125,125
105900005,3,213,-210
105900006,6,46,-40
105900007,33,15,18
105900008,46,659,-613
105900009,25,13,12
105900011,126,50,76
105900012,377,139,238
105900013,1,15,-14
105900014,5,64,-59
105900015,116,289,-173
105900016,291,661,-370
105900017,838,36,802
105900018,140,232,-92
105900019,57,326,-269
105900020,55,47,8
105900021,66,236,-170
105900022,211,233,-22
105900023,2,85,-83
105900024,4,93,-89
105900025,91,31,60
105900026,309,33,276
105900027,3995,6461,-2466
105900028,177,146,31
105900029,1462,405,1057
105900030,271,281,-10
105900031,355,153,202
105900032,71,138,-67
105900033,297,128,169
105900034,183,227,-44
105900035,184,150,34
105900036,55,144,-89
105900037,62,77,-15
105900038,141,329,-188
105900039,87,145,-58
105900040,88,83,5
105900041,187,339,-152
105900042,50,125,-75
105900043,1745,42,1703
105900044,1,385,-384
105900045,1,653,-652
105900046,17,201,-184
105900047,4,39,-35
105900048,75,529,-454
105900050,5565,682,4883
105900051,5,980,-975
105900052,436,220,216
105900053,3498,1880,1618
105900054,273,192,81
105900056,657,239,418
105900057,17,101,-84
105900058,9,34,-25
105900059,0,46,-46
106000001,4229,2404,1825
106000002,2673,5097,-2424
106000003,2814,3787,-973
106000004,2005,2866,-861
106000005,2447,5360,-2913
106000006,5800,4950,850
106000007,400,544,-144
106000008,410,278,132
106000009,496,411,85
106000010,530,543,-13
106000011,737,979,-242
106000012,762,1500,-738
106000013,1509,1730,-221
106000014,1707,1679,28
106000015,1118,1085,33
106000016,1157,2351,-1194
106000017,545,695,-150
106000018,560,510,50
106000019,278,363,-85
106000020,218,456,-238
106000021,255,508,-253
106000022,376,245,131
106000023,589,497,92
106000024,596,768,-172
106000025,126,266,-140
106000026,109,382,-273
106000027,881,1426,-545
106000028,554,572,-18
106000029,795,1244,-449
106000030,639,367,272
106000034,226,632,-406
106000035,831,1503,-672
106000036,265,413,-148
106000037,2011,1607,404
106000038,443,97,346
106000039,187,94,93
106000040,215,758,-543
106000041,858,457,401
106000043,652,163,489
106000046,327,61,266
106000047,73,350,-277
106000049,850,234,616
106000050,335,923,-588
106000051,450,230,220
106000052,135,739,-604
106000053,212,119,93
106000054,416,526,-110
106000055,807,1078,-271
106000056,293,441,-148
106000057,213,322,-109
106000058,162,237,-75
106000059,216,273,-57
106000060,401,634,-233
106000061,189,517,-328
106000062,122,594,-472
106000063,587,571,16
106000064,48,428,-380
106000065,317,210,107
106000066,124,381,-257
106000067,266,88,178
106000068,99,636,-537
106000069,209,90,119
106000070,424,819,-395
106000071,821,297,524
106000072,3990,1756,2234
106000073,1873,2975,-1102
106000074,509,861,-352
106000075,318,1329,-1011
106000076,1641,2040,-399
106000077,3373,1544,1829
106000078,803,961,-158
106000079,532,1084,-552
106000080,1287,784,503
106000081,540,1094,-554
106000082,2234,979,1255
106000083,319,1390,-1071
106000084,999,635,364
106000085,1440,1343,97
106000086,667,814,-147
106000087,774,544,230
106000088,416,779,-363
106000089,839,394,445
106000090,243,668,-425
106000091,200,591,-391
106000092,579,292,287
106000093,313,105,208
106000094,110,370,-260
106000095,531,999,-468
106000096,956,724,232
106000097,788,1191,-403
106000098,599,1115,-516
106000099,206,849,-643
106000100,955,320,635
106000101,903,580,323
106000102,169,573,-404
106000103,205,281,-76
106000104,251,269,-18
106000105,427,774,-347
106000106,566,504,62
106000107,144,435,-291
106000108,389,543,-154
106000109,126,396,-270
106000110,264,369,-105
106000111,140,510,-370
106000112,156,382,-226
106000113,825,601,224
106000114,311,369,-58
106000115,357,840,-483
106000116,522,437,85
106000117,872,832,40
106000118,931,1358,-427
106000119,2014,1287,727
106000120,615,1081,-466
106000121,199,170,29
106000122,102,274,-172
106000123,306,232,74
106000124,46,302,-256
106000125,61,297,-236
106000126,168,155,13
106000127,506,913,-407
106000128,667,353,314
106000129,775,643,132
106000130,666,869,-203
106000131,129,809,-680
106000132,807,182,625
106000133,2892,1288,1604
106000134,717,1581,-864
106000135,614,1044,-430
106000136,567,824,-257
106000137,119,1210,-1091
106000138,995,102,893
106000139,78,117,-39
106000140,22,84,-62
106000141,114,93,21
106000142,64,102,-38
106000143,55,89,-34
106000144,56,95,-39
106000145,223,294,-71
106000146,249,192,57
106000147,738,868,-130
106000148,936,1184,-248
106000149,469,766,-297
106000150,485,1954,-1469
106000151,4682,691,3991
106000152,1216,1723,-507
106000153,128,1605,-1477
106000154,1436,273,1163
106000155,77,236,-159
106000156,529,323,206
106000157,473,1895,-1422
106000158,2994,938,2056
106000159,3824,1544,2280
106000160,318,2420,-2102
106000161,1467,447,1020
106000162,168,797,-629
106000163,260,503,-243
106000164,343,348,-5
106000165,182,653,-471
106000166,709,258,451
106000167,244,1256,-1012
106000168,289,290,-1
106000169,201,699,-498
106000170,503,278,225
106000171,132,984,-852
106000172,2628,1023,1605
106000173,837,2605,-1768
106000174,933,378,555
106000175,324,1042,-718
106000176,1258,765,493
106000177,751,2330,-1579
106000178,3178,1713,1465
106000179,1025,2130,-1105
106000180,876,1415,-539
106000181,596,1756,-1160
106000182,872,723,149
106000183,871,743,128
106000184,2098,821,1277
106000185,1317,893,424
106000186,787,125,662
106000187,245,1038,-793
106000188,0,0,0
106000189,11,50,-39
106000190,11,0,11
106000191,554,211,343
106000192,21,22,-1
106000193,270,184,86
106000194,169,338,-169
106000195,267,92,175
106000196,128,342,-214
106000197,391,252,139
106000198,101,322,-221
106000199,658,808,-150
106000200,222,214,8
106000201,465,2686,-2221
106000202,4863,596,4267
106000203,105,241,-136
106000204,49,9,40
106000205,12,167,-155
106000206,89,14,75
106000207,47,752,-705
106000208,905,138,767
106000209,1169,265,904
106000210,253,1120,-867
106000211,327,1256,-929
106000212,765,362,403
106000213,763,1538,-775
106000214,1972,471,1501
106000215,267,479,-212
106000216,1022,344,678
106000217,317,512,-195
106000218,446,356,90
106000219,107,332,-225
106000220,691,504,187
106000221,155,256,-101
106000222,16,102,-86
106000223,120,86,34
106000224,148,260,-112
106000225,69,57,12
106000226,163,282,-119
106000228,58,109,-51
106000229,141,690,-549
106000231,712,176,536
106000232,50,387,-337
106000233,571,153,418
106000234,97,170,-73
106000235,593,82,511
106000236,251,67,184
106000237,58,5,53
106000238,116,8,108
106000239,3,156,-153
106000240,32,2,30
106000241,15,804,-789
106000242,236,36,200
106000249,63,73,-10
106000250,53,566,-513
106000251,41,52,-11
106000252,25,71,-46
106000253,19,113,-94
106000254,60,55,5
106000255,16,183,-167
106000256,64,68,-4
106000257,106,223,-117
106000258,349,20,329
106000259,10,62,-52
106000260,57,3,54
106000261,14,39,-25
106000262,83,10,73
106000263,12,80,-68
106000264,180,22,158
106000265,8,158,-150
106000266,122,28,94
106000267,5,84,-79
106000268,573,77,496
106000269,56,58,-2
106000270,148,414,-266
106000271,47,232,-185
106000272,131,72,59
106000273,9,308,-299
106000274,120,41,79
106000275,118,249,-131
106000276,176,50,126
106000277,171,209,-38
106000278,265,39,226
106000279,12,48,-36
106000280,98,128,-30
106000281,63,70,-7
106000282,57,48,9
106000283,118,92,26
106000284,54,134,-80
106000285,116,108,8
106000286,65,124,-59
106000287,72,88,-16
106000288,87,130,-43
106000289,65,79,-14
106000290,74,99,-25
106000291,62,113,-51
106000292,83,110,-27
106000293,95,100,-5
106000294,101,127,-26
106000295,36,45,-9
106000296,53,86,-33
106000297,55,233,-178
106000298,148,53,95
106000299,93,143,-50
106000300,60,92,-32
106000301,71,107,-36
106000303,18,63,-45
106000304,21,33,-12
106000305,26,40,-14
106000306,24,57,-33
106000307,28,24,4
106000308,13,106,-93
106000309,19,49,-30
106000310,388,614,-226
106000311,253,155,98
106000312,163,329,-166
106000313,192,222,-30
106000318,124,296,-172
106000319,867,311,556
106000320,4,24,-20
106000321,266,67,199
106000322,169,175,-6
106000324,10,97,-87
106000325,1290,925,365
106000326,936,1994,-1058
106000327,91,126,-35
106000328,17,108,-91
106000329,75,264,-189
106000330,30,61,-31
106000428,79,241,-162
106000429,182,535,-353
106000430,380,1334,-954
106000431,2103,426,1677
106000432,2243,3334,-1091
106000433,2127,1379,748
106000434,2893,1453,1440
106000435,1979,2918,-939
106000436,10,227,-217
106000437,378,33,345
106000438,979,189,790
106000439,64,385,-321
106000440,577,906,-329
106000441,1,0,1
106000442,253,2,251
106000443,92,433,-341
106000450,3,178,-175
106000451,60,55,5
106000454,5,285,-280
106000455,24,195,-171
106000456,192,24,168
106000457,5,970,-965
106000458,607,190,417
106000459,252,408,-156
106000460,886,42,844
106000461,72,1534,-1462
106000462,0,46,-46
106000463,5,40,-35
106000464,7,431,-424
106000465,435,3,432
106000466,5,579,-574
106000467,493,626,-133
106000468,54,169,-115
106000469,294,1,293
106000470,244,1772,-1528
106000471,49,561,-512
106000472,107,22,85
106000473,36,21,15
106000474,389,630,-241
106000475,360,309,51
106000476,334,298,36
106000477,65,197,-132
106000480,1,287,-286
106900001,0,14,-14
106900002,1,541,-540
106900003,75,307,-232
106900004,0,59,-59
106900006,0,12,-12
106900007,0,12,-12
106900008,196,242,-46
106900009,266,365,-99
106900010,166,306,-140
106900012,1716,1103,613
106900013,106,29,77
106900014,40,2,38
106900015,12,0,12
106900016,221,6,215
106900017,10,0,10
106900018,0,0,0
106900019,16,2,14
106900020,2155,855,1300
106900021,251,90,161
106900022,360,0,360
106900023,12,255,-243
106900024,155,15,140
106900025,45,486,-441
106900026,3,763,-760
106900027,1390,5,1385
106900028,8,165,-157
106900029,163,8,155
106900030,10,118,-108
107000001,3367,2264,1103
107000002,3760,4422,-662
107000003,3667,5193,-1526
107000004,4701,5308,-607
107000005,2871,4450,-1579
107000006,3988,5479,-1491
107000007,3701,8108,-4407
107000008,12526,9189,3337
107000009,4689,5772,-1083
107000010,10653,10561,92
107000011,1345,1289,56
107000012,4454,3402,1052
107000013,63,121,-58
107000014,30,272,-242
107000015,603,823,-220
107000016,566,1054,-488
107000017,3363,773,2590
107000018,21,266,-245
107000020,1828,372,1456
107000021,1140,633,507
107000022,730,1056,-326
107000023,1442,305,1137
107000024,399,1433,-1034
107000025,216,404,-188
107000026,173,530,-357
107000027,1108,1080,28
107000028,1175,1683,-508
107000029,2373,2168,205
107000030,2998,3366,-368
107000031,3187,2105,1082
107000032,476,962,-486
107000033,3350,4901,-1551
107000034,4033,1988,2045
107000035,377,211,166
107000036,443,1108,-665
107000037,80,756,-676
107000038,313,265,48
107000039,703,635,68
107000040,139,295,-156
107000041,1493,676,817
107000042,715,1707,-992
107000043,2409,955,1454
107000044,548,305,243
107000045,98,249,-151
107000046,600,353,247
107000047,468,913,-445
107000048,570,284,286
107000049,639,791,-152
107000050,937,608,329
107000051,543,350,193
107000052,1142,874,268
107000053,304,189,115
107000054,75,264,-189
107000055,332,168,164
107000056,448,809,-361
107000057,2114,263,1851
107000058,1907,2125,-218
107000059,2290,3835,-1545
107000060,3228,5108,-1880
107000061,5371,4026,1345
107000062,3317,2945,372
107000063,4370,5916,-1546
107000064,4171,2093,2078
107000065,4737,5231,-494
107000066,1698,2334,-636
107000067,756,980,-224
107000068,1243,595,648
107000069,784,475,309
107000070,791,10,781
107000071,2187,56,2131
107000072,48,3316,-3268
107000073,537,303,234
107000074,166,941,-775
107000075,1129,467,662
107000076,705,1502,-797
107000077,2508,1132,1376
107000078,2466,3341,-875
107000079,1983,820,1163
107000080,1356,3233,-1877
107000081,1088,554,534
107000082,522,2072,-1550
107000083,837,314,523
107000084,400,1975,-1575
107000085,2689,3429,-740
107000086,3696,3748,-52
107000087,2276,2237,39
107000088,2906,3629,-723
107000089,1179,1941,-762
107000090,881,1371,-490
107000091,1094,848,246
107000092,778,1262,-484
107000093,1103,876,227
107000094,1411,1474,-63
107000095,510,753,-243
107000096,675,930,-255
107000097,654,390,264
107000098,693,833,-140
107000099,374,313,61
107000100,250,259,-9
107000101,62,217,-155
107000102,424,332,92
107000103,293,222,71
107000104,190,423,-233
107000105,343,154,189
107000106,189,338,-149
107000107,625,276,349
107000108,269,836,-567
107000109,622,205,417
107000110,120,478,-358
107000111,332,54,278
107000112,62,438,-376
107000113,529,119,410
107000114,126,837,-711
107000115,383,175,208
107000116,85,908,-823
107000117,74,541,-467
107000118,150,315,-165
107000119,1564,1381,183
107000120,2237,400,1837
107000121,524,749,-225
107000122,1015,956,59
107000123,313,891,-578
107000124,439,1002,-563
107000125,647,782,-135
107000126,825,903,-78
107000129,322,924,-602
107000130,602,210,392
107000131,475,813,-338
107000132,420,346,74
107000133,934,122,812
107000134,304,1,303
107000135,22,234,-212
107000136,819,10,809
107000137,18,371,-353
107000138,319,24,295
107000139,23,405,-382
107000140,1437,86,1351
107000141,122,838,-716
107000142,580,78,502
107000143,80,801,-721
107000144,325,503,-178
107000145,142,604,-462
107000146,113,475,-362
107000147,4326,1184,3142
107000150,641,1999,-1358
107000151,55,97,-42
107000152,569,752,-183
107000153,325,461,-136
107000154,266,216,50
107000155,776,30,746
107000156,805,34,771
107000157,22,1816,-1794
107000158,554,29,525
107000159,55,1389,-1334
107000160,643,113,530
107000161,63,1591,-1528
107000162,191,393,-202
107000163,93,4,89
107000164,399,1,398
107000165,612,7,605
107000166,51,1057,-1006
107000167,451,231,220
107000168,758,382,376
107000169,973,907,66
107000170,1398,643,755
107000171,457,2118,-1661
107000172,827,1250,-423
107000173,746,1211,-465
107000174,753,3383,-2630
107000175,7195,1683,5512
107000176,0,0,0
107000177,0,1,-1
107000178,11,43,-32
107000179,254,2592,-2338
107000180,841,351,490
107000181,404,1461,-1057
107000182,1191,814,377
107000183,132,840,-708
107000184,825,605,220
107000185,428,1204,-776
107000186,875,328,547
107000187,1021,1263,-242
107000188,518,595,-77
107000189,313,1047,-734
107000190,525,683,-158
107000191,705,1355,-650
107000192,1408,788,620
107000193,248,439,-191
107000194,890,739,151
107000197,769,223,546
107000198,287,795,-508
107000199,420,956,-536
107000200,951,849,102
107000201,328,197,131
107000202,217,499,-282
107000203,1049,401,648
107000204,1969,590,1379
107000205,1947,859,1088
107000206,787,983,-196
107000207,609,838,-229
107000208,1031,359,672
107000209,1927,1013,914
107000210,784,392,392
107000211,3,32,-29
107000212,10,376,-366
107000213,10,37,-27
107000214,13,217,-204
107000215,386,454,-68
107000216,294,328,-34
107000217,107,91,16
107000219,73,82,-9
107000220,115,162,-47
107000222,240,754,-514
107000224,225,69,156
107000225,131,409,-278
107000226,253,71,182
107000227,97,258,-161
107000228,48,199,-151
107000229,262,141,121
107000230,969,476,493
107000231,1676,1105,571
107000232,135,93,42
107000233,1410,690,720
107000234,2,48,-46
107000235,48,6,42
107000236,17,395,-378
107000237,11,1,10
107000238,18,0,18
107000239,4077,435,3642
107000240,69,1039,-970
107000243,0,49,-49
107000244,2,87,-85
107000246,4,1159,-1155
107000249,5,1100,-1095
107000251,0,236,-236
107000252,4,1017,-1013
107000255,508,90,418
107000257,0,510,-510
107000258,2,157,-155
107000259,3,200,-197
107000260,414,4,410
107000262,11,675,-664
107000263,182,3,179
107000266,4,5,-1
107000267,70,143,-73
107000268,130,155,-25
107000269,636,41,595
107000270,0,7,-7
107000271,10,802,-792
107000272,8,171,-163
107000273,35,215,-180
107000274,958,1,957
107000275,597,714,-117
107000280,526,31,495
107000281,33,1009,-976
107000282,27,1094,-1067
107000290,0,20,-20
107000291,15,16,-1
107000292,1,22,-21
107000293,124,1,123
107000294,0,32,-32
107000295,21,1,20
107000296,0,16,-16
107000444,232,6,226
107000496,1,42,-41
107000497,1288,2723,-1435
107000500,271,262,9
107000501,92,175,-83
107000502,222,295,-73
107000505,537,873,-336
107000506,0,13,-13
107000508,4,554,-550
107000509,236,969,-733
107000510,18,15,3
107000514,51,261,-210
107000515,21,218,-197
107000516,290,205,85
107000518,947,979,-32
107000519,2973,1013,1960
107000520,71,21,50
107000521,676,479,197
107000522,779,810,-31
107900001,23,152,-129
107900002,8,3,5
107900003,209,100,109
107900004,2,0,2
107900005,835,1,834
107900006,177,0,177
107900007,265,17,248
107900008,73,43,30
107900009,102,10,92
107900010,17,0,17
107900012,201,7,194
107900013,165,46,119
107900014,18,1,17
107900015,584,8,576
107900016,376,58,318
107900017,17,2,15
107900018,40,90,-50
107900019,11,65,-54
107900020,95,11,84
107900021,61,158,-97
107900023,2,0,2
107900024,1,36,-35
107900025,128,258,-130
107900026,43,100,-57
107900027,53,31,22
107900028,47,76,-29
107900030,121,13,108
107900031,52,145,-93
107900032,37,0,37
107900033,18,6,12
107900034,260,10,250
107900035,652,45,607
107900036,37,3,34
107900037,0,30,-30
107900038,132,134,-2
107900039,25,36,-11
107900040,41,29,12
107900041,1,1,0
107900043,34,176,-142
107900044,3,4,-1
107900045,59,41,18
107900046,159,172,-13
107900047,37,67,-30
107900048,155,2,153
107900049,256,652,-396
107900050,126,316,-190
107900051,83,56,27
107900052,35,3,32
107900053,25,81,-56
107900055,385,128,257
107900056,56,19,37
107900057,4,0,4
107900058,49,627,-578
107900060,29,35,-6
107900061,26,6,20
107900063,77,76,1
107900064,279,82,197
107900065,99,10,89
107900066,11,6,5
107900067,3,0,3
107900068,308,175,133
107900069,46,1525,-1479
107900070,78,42,36
107900071,25,760,-735
107900072,68,181,-113
107900073,78,103,-25
107900074,875,198,677
107900076,84,55,29
107900077,26,0,26
107900079,5,16,-11
107900080,305,204,101
107900081,21,102,-81
107900082,18,21,-3
107900083,252,121,131
107900084,96,104,-8
107900086,43,122,-79
107900087,559,75,484
107900088,9,13,-4
107900089,292,802,-510
107900090,439,1990,-1551
107900091,171,484,-313
107900093,55,71,-16
107900095,3320,1662,1658
107900097,9,48,-39
107900098,37,131,-94
107900100,906,826,80
107900101,1082,186,896
107900102,13,4,9
107900103,37,141,-104
107900104,221,2,219
107900105,0,548,-548
107900106,2,1117,-1115
107900107,622,467,155
107900108,311,106,205
107900109,858,10,848
107900110,21,66,-45
107900111,10,907,-897
107900112,99,289,-190
107900113,145,115,30
107900114,122,175,-53
107900115,1,52,-51
107900116,89,202,-113
107900117,643,395,248
107900118,72,141,-69
107900119,59,111,-52
107900120,10,19,-9
107900121,6,117,-111
107900122,1,37,-36
107900123,17,29,-12
107900124,21,19,2
107900125,53,197,-144
107900126,7,48,-41
107900127,323,265,58
107900128,90,48,42
107900129,44,22,22
107900130,74,34,40
107900131,603,147,456
107900132,144,379,-235
107900133,2,68,-66
107900134,20,28,-8
107900135,6,157,-151
107900136,30,19,11
107900137,98,87,11
107900138,23,21,2
107900139,30,59,-29
107900141,28,20,8
107900142,47,858,-811
107900143,41,33,8
107900144,4,160,-156
107900145,7,88,-81
107900146,18,102,-84
107900147,39,20,19
107900148,136,108,28
107900149,1079,174,905
107900150,81,799,-718
107900151,17,99,-82
107900152,7,138,-131
107900153,214,242,-28
107900154,27,29,-2
107900155,41,53,-12
107900156,1,234,-233
107900157,32,72,-40
107900158,546,24,522
107900159,20,801,-781
107900160,60,162,-102
107900161,15,150,-135
107900162,0,15,-15
107900163,38,11,27
107900164,4,44,-40
107900165,55,113,-58
107900166,12,207,-195
107900167,20,5,15
107900168,23,51,-28
107900169,3,152,-149
107900171,7,1429,-1422
107900172,0,313,-313
107900173,12,169,-157
107900174,72,6,66
107900175,17,6,11
107900176,16,38,-22
107900177,0,10,-10
107900178,0,195,-195
107900179,12,121,-109
107900180,758,363,395
107900181,221,293,-72
107900182,57,1565,-1508
107900183,12,268,-256
107900184,57,213,-156
107900185,83,4,79
107900186,31,27,4
107900187,0,95,-95
107900188,733,89,644
107900189,19,70,-51
107900190,83,80,3
107900191,24,117,-93
107900193,4,52,-48
107900194,213,2,211
107900195,3164,379,2785
107900196,33,76,-43
107900197,850,236,614
107900199,1,1147,-1146
107900201,82,67,15
107900203,28,40,-12
107900204,162,163,-1
107900206,1153,119,1034
107900207,2,699,-697
107900208,1,607,-606
107900209,339,114,225
107900210,92,152,-60
107900213,273,307,-34
107900214,11,113,-102
107900215,136,256,-120
107900216,145,88,57
107900217,27,61,-34
107900218,14,1243,-1229
107900219,21,71,-50
107900220,199,195,4
107900221,116,166,-50
107900223,71,536,-465
107900224,131,280,-149
107900225,7,696,-689
107900226,101,115,-14
107900227,95,401,-306
107900228,14,91,-77
107900229,5,226,-221
107900230,25,112,-87
107900231,15,187,-172
107900232,51,181,-130
107900233,7,174,-167
107900234,78,137,-59
107900235,11,102,-91
107900236,90,78,12
107900237,63,346,-283
107900238,23,105,-82
107900239,1108,403,705
107900240,19,132,-113
107900241,16,98,-82
107900242,20,267,-247
107900243,2,60,-58
107900244,156,0,156
107900245,359,40,319
107900246,172,4,168
107900248,144,238,-94
107900249,428,18,410
107900250,4,537,-533
107900251,77,1443,-1366
107900252,701,14,687
107900253,135,2,133
107900254,70,198,-128
107900255,310,89,221
107900256,684,410,274
107900257,92,52,40
107900258,66,222,-156
107900259,92,1392,-1300
107900261,0,301,-301
107900262,44,131,-87
107900264,235,3,232
107900265,110,177,-67
107900267,161,33,128
107900268,36,7,29
107900269,0,7,-7
107900270,0,0,0
107900271,1,16,-15
107900272,87,30,57
107900273,15,58,-43
107900274,30,0,30
107900275,24,2,22
107900276,1,63,-62
107900277,0,182,-182
107900278,149,281,-132
107900279,91,153,-62
107900280,1273,2046,-773
107900281,2542,1847,695
107900282,82,353,-271
107900283,1160,332,828
107900284,476,615,-139
107900285,56,95,-39
107900286,75,93,-18
107900287,124,125,-1
107900290,0,94,-94
107900291,321,8,313
107900292,93,248,-155
107900293,93,531,-438
107900295,45,89,-44
107900297,2,221,-219
107900298,993,795,198
107900299,3042,1563,1479
107900301,435,486,-51
107900302,70,48,22
107900303,126,257,-131
107900304,104,403,-299
107900305,196,5,191
107900306,25,8,17
107900307,37,186,-149
107900308,149,47,102
107900309,264,1,263
107900310,221,4,217
107900311,7,60,-53
107900312,102,0,102
107900313,7,78,-71
107900314,1,33,-32
107900315,0,31,-31
107900316,36,0,36
107900317,121,12,109
107900318,1,147,-146
107900319,11,228,-217
107900320,1,168,-167
107900321,95,8,87
107900322,0,149,-149
107900323,6,140,-134
107900324,144,4,140
107900325,71,0,71
107900326,249,337,-88
107900327,19,67,-48
107900328,177,1,176
107900329,236,64,172
107900330,8,418,-410
107900331,135,28,107
107900332,111,41,70
107900333,28,8,20
107900334,1,168,-167
107900335,39,61,-22
107900336,22,25,-3
107900337,1009,525,484
107900338,2,116,-114
107900339,2,16,-14
107900340,1,54,-53
107900341,54,0,54
107900342,153,87,66
107900343,33,3,30
107900344,9,95,-86
107900345,99,28,71
107900346,6,2,4
107900347,22,5,17
107900348,5,1,4
107900349,11,5,6
107900350,14,283,-269
107900351,2,211,-209
107900352,4,50,-46
107900353,5,7,-2
107900354,17,99,-82
108000001,2500,3558,-1058
108000002,2449,3066,-617
108000003,2833,2475,358
108000004,15890,16830,-940
108000005,6646,4766,1880
108000006,8895,7904,991
108000007,3944,3566,378
108000008,5152,6463,-1311
108000009,3090,3674,-584
108000010,3350,4776,-1426
108000011,9060,9844,-784
108000012,17834,16438,1396
108000014,887,532,355
108000015,528,252,276
108000016,256,648,-392
108000017,812,335,477
108000018,1313,473,840
108000019,1595,598,997
108000020,1112,514,598
108000021,466,1659,-1193
108000022,434,1474,-1040
108000023,1048,214,834
108000024,280,610,-330
108000025,253,251,2
108000026,572,545,27
108000027,716,749,-33
108000028,474,268,206
108000029,432,888,-456
108000030,777,233,544
108000031,327,545,-218
108000032,1223,571,652
108000033,764,1224,-460
108000034,1257,403,854
108000035,798,2467,-1669
108000036,364,1335,-971
108000037,1298,343,955
108000038,2044,449,1595
108000039,545,2548,-2003
108000040,1322,741,581
108000041,639,2624,-1985
108000042,202,283,-81
108000043,198,294,-96
108000044,299,213,86
108000045,248,702,-454
108000046,1001,293,708
108000047,400,1083,-683
108000048,126,414,-288
108000049,528,236,292
108000050,120,742,-622
108000051,199,113,86
108000052,215,837,-622
108000053,271,187,84
108000054,489,1138,-649
108000055,996,412,584
108000056,1406,1225,181
108000057,700,863,-163
108000058,1959,3126,-1167
108000059,3703,2188,1515
108000060,189,566,-377
108000061,310,653,-343
108000062,554,535,19
108000063,366,539,-173
108000064,137,238,-101
108000065,611,559,52
108000066,1712,809,903
108000067,1413,457,956
108000068,614,422,192
108000069,249,1035,-786
108000070,1177,668,509
108000071,606,1649,-1043
108000072,1191,931,260
108000073,1431,1861,-430
108000074,340,328,12
108000075,311,805,-494
108000076,558,512,46
108000077,648,700,-52
108000078,1546,1373,173
108000079,904,1723,-819
108000080,727,551,176
108000081,421,1923,-1502
108000082,1079,1798,-719
108000083,1451,804,647
108000084,402,1235,-833
108000085,524,351,173
108000086,712,727,-15
108000087,72,1388,-1316
108000088,723,186,537
108000089,331,248,83
108000091,235,586,-351
108000092,187,107,80
108000093,133,729,-596
108000094,410,131,279
108000095,130,517,-387
108000096,254,245,9
108000097,105,601,-496
108000098,1161,1358,-197
108000099,998,265,733
108000100,106,428,-322
108000101,858,1211,-353
108000102,1442,2897,-1455
108000106,1075,1,1074
108000107,0,524,-524
108000108,536,41,495
108000109,4,779,-775
108000110,179,376,-197
108000111,155,772,-617
108000112,57,113,-56
108000113,595,299,296
108000115,379,396,-17
108000117,738,344,394
108000118,602,1367,-765
108000119,751,479,272
108000120,102,746,-644
108000121,252,594,-342
108000122,366,391,-25
108000123,439,213,226
108000124,208,491,-283
108000125,291,280,11
108000126,150,462,-312
108000127,452,313,139
108000128,513,586,-73
108000129,274,1221,-947
108000130,282,290,-8
108000131,799,453,346
108000132,2089,1495,594
108000133,660,525,135
108000134,575,690,-115
108000135,783,415,368
108000136,537,998,-461
108000137,356,374,-18
108000138,250,1193,-943
108000139,295,376,-81
108000140,79,21,58
108000141,35,107,-72
108000142,62,146,-84
108000143,41,640,-599
108000144,254,54,200
108000145,47,33,14
108000146,370,74,296
108000147,28,63,-35
108000148,420,57,363
108000149,26,36,-10
108000150,22,0,22
108000151,192,59,133
108000152,108,532,-424
108000153,316,138,178
108000154,79,33,46
108000155,31,28,3
108000156,809,536,273
108000157,165,606,-441
108000158,67,615,-548
108000159,896,204,692
108000160,4165,998,3167
108000161,3146,1768,1378
108000165,0,111,-111
108000172,4,262,-258
108000173,2430,1408,1022
108000175,322,96,226
108000178,484,348,136
108000179,155,581,-426
108000181,73,44,29
108000182,359,122,237
108000183,71,289,-218
108000184,1122,1717,-595
108000185,129,498,-369
108000186,293,487,-194
108000187,75,702,-627
108000188,388,203,185
108000189,2455,5192,-2737
108000190,29,154,-125
108000192,147,604,-457
108000193,492,21,471
108000194,36,9,27
108000195,2,1351,-1349
108000196,136,127,9
108000198,645,438,207
108000199,0,189,-189
108000200,239,518,-279
108000203,80,769,-689
108000204,84,25,59
108000205,298,510,-212
108000339,1345,337,1008
108000364,320,793,-473
108000365,46,330,-284
108000367,99,362,-263
108000368,11,53,-42
108000369,1831,229,1602
108000371,9,592,-583
108000372,621,12,609
108000373,223,148,75
108000376,42,20,22
108000377,282,375,-93
108000378,7784,9412,-1628
108000379,19,216,-197
108000381,31,21,10
108000382,198,3,195
108000383,1,202,-201
108900001,88,1084,-996
108900002,158,55,103
108900003,376,899,-523
108900004,223,395,-172
108900007,141,150,-9
108900008,66,156,-90
108900009,50,104,-54
108900010,139,153,-14
108900011,266,429,-163
108900012,188,413,-225
108900013,117,220,-103
108900014,6,104,-98
108900015,3,29,-26
108900016,2,245,-243
108900017,195,262,-67
108900018,90,474,-384
108900019,34,847,-813
108900020,36,221,-185
108900021,78,227,-149
108900022,74,0,74
108900023,23,22,1
108900024,19,93,-74
108900025,76,108,-32
108900026,11,81,-70
108900027,3,58,-55
108900028,56,392,-336
108900029,48,230,-182
108900030,0,96,-96
108900031,76,450,-374
108900032,6,195,-189
108900033,0,49,-49
108900034,0,244,-244
108900035,234,1298,-1064
108900038,3,368,-365
108900039,1,541,-540
108900040,6,140,-134
108900041,5307,2703,2604
108900042,4,296,-292
108900043,25,408,-383
108900044,5,662,-657
108900045,58,574,-516
108900046,60,930,-870
108900047,10,93,-83
108900048,103,970,-867
108900049,4650,852,3798
108900050,3,303,-300
108900051,0,195,-195
108900052,25,222,-197
108900053,90,129,-39
108900054,42,205,-163
108900055,40,366,-326
108900056,1,142,-141
108900057,2,154,-152
108900058,42,404,-362
108900059,279,17,262
108900060,93,142,-49
108900061,47,33,14
108900062,2,304,-302
108900063,6,370,-364
108900064,104,85,19
108900065,8,301,-293
108900066,221,103,118
108900067,6,193,-187
108900068,8,214,-206
108900069,25,121,-96
108900070,30,119,-89
108900071,68,51,17
108900072,2181,410,1771
108900073,24,353,-329
108900074,75,548,-473
108900075,76,61,15
108900076,212,91,121
108900077,113,372,-259
108900078,18,179,-161
108900079,929,246,683
108900080,21,672,-651
108900081,38,247,-209
108900082,34,121,-87
108900083,25,240,-215
108900085,1912,140,1772
108900086,47,289,-242
108900087,128,160,-32
108900088,851,326,525
108900089,10,106,-96
108900090,29,354,-325
108900091,132,108,24
108900092,402,313,89
108900093,52,102,-50
108900094,241,54,187
108900095,85,497,-412
108900096,370,12,358
108900097,220,248,-28
108900098,2623,372,2251
108900099,250,257,-7
108900100,50,145,-95
108900101,141,65,76
108900102,78,569,-491
108900103,50,80,-30
108900105,7,819,-812
108900106,279,372,-93
108900108,650,42,608
108900109,201,60,141
108900110,172,424,-252
108900111,317,610,-293
108900113,40,81,-41
108900114,46,13,33
108900115,41,58,-17
108900116,55,6,49
108900117,146,12,134
108900118,414,11,403
108900119,157,32,125
108900120,191,163,28
108900121,258,54,204
108900122,80,29,51
108900123,92,104,-12
108900124,317,139,178
108900125,197,1,196
108900126,137,15,122
108900127,75,36,39
108900128,62,32,30
108900129,496,132,364
108900130,144,1,143
108900131,367,2,365
108900132,305,58,247
108900133,197,34,163
108900134,211,259,-48
108900135,112,7,105
108900136,7,0,7
108900137,75,0,75
108900138,484,13,471
108900140,197,248,-51
108900141,179,14,165
108900142,70,0,70
108900143,25,1,24
108900144,74,0,74
108900145,115,3,112
108900146,40,0,40
108900147,155,0,155
108900148,51,18,33
108900150,189,0,189
108900151,81,4,77
108900152,75,1,74
108900153,84,384,-300
108900154,3568,352,3216
108900156,66,10,56
108900157,15,509,-494
108900158,192,26,166
108900159,6,290,-284
108900160,8,280,-272
108900161,4,396,-392
108900162,52,1,51
108900163,5,196,-191
108900164,32,84,-52
108900168,8489,1746,6743
108900169,42,104,-62
108900171,6735,2358,4377
108900172,153,42,111
108900173,161,332,-171
108900174,488,544,-56
108900176,117,560,-443
108900177,6971,3436,3535
108900178,4299,2376,1923
108900180,104,252,-148
108900183,202,166,36
108900184,467,141,326
108900185,67,315,-248
108900186,50,331,-281
108900189,230,167,63
108900190,34,2809,-2775
108900192,72,196,-124
108900195,69,322,-253
108900196,17,428,-411
108900199,242,322,-80
108900200,1090,411,679
108900201,387,1435,-1048
108900203,350,37,313
108900204,232,8,224
108900205,144,21,123
108900206,306,24,282
108900207,101,39,62
108900208,13,246,-233
108900209,241,470,-229
108900210,138,187,-49
108900211,151,379,-228
108900212,767,923,-156
108900215,83,547,-464
108900216,371,87,284
108900217,78,0,78
108900218,73,3,70
108900221,44,92,-48
108900224,30,124,-94
108900225,0,171,-171
108900227,99,156,-57
108900230,309,264,45
108900232,2,312,-310
108900233,221,47,174
108900234,239,134,105
108900235,140,566,-426
108900236,18,301,-283
108900240,59,41,18
108900241,9,14,-5
108900245,3,665,-662
108900250,87,88,-1
108900258,8,234,-226
108900259,57,83,-26
108900260,10,102,-92
108900261,111,141,-30
108900262,164,137,27
108900263,22,197,-175
108900264,632,243,389
108900265,949,290,659
108900266,1090,396,694
108900267,3,67,-64
108900268,3,1,2
108900269,48,5,43
108900270,42,12,30
108900271,49,2,47
108900272,147,3,144
108900273,1036,530,506
108900274,63,60,3
109000001,3471,1199,2272
109000002,2061,1508,553
109000003,2387,544,1843
109000004,559,2518,-1959
109000005,2422,867,1555
109000006,802,2260,-1458
109000007,1197,680,517
109000008,572,2089,-1517
109000009,3143,1361,1782
109000010,1797,4038,-2241
109000011,2760,2007,753
109000012,1901,3891,-1990
109000013,2617,2490,127
109000014,1527,3508,-1981
109000015,4316,6648,-2332
109000016,8704,4399,4305
109000017,1947,1322,625
109000018,1166,3538,-2372
109000019,3139,1413,1726
109000020,1285,2050,-765
109000023,208,14,194
109000024,1,240,-239
109000025,420,508,-88
109000026,974,344,630
109000027,95,334,-239
109000028,110,104,6
109000029,134,187,-53
109000030,89,554,-465
109000031,157,116,41
109000032,129,419,-290
109000033,345,126,219
109000034,44,43,1
109000035,7,26,-19
109000036,78,381,-303
109000037,198,1027,-829
109000038,536,424,112
109000039,653,446,207
109000040,2711,3621,-910
109000041,4438,1401,3037
109000042,824,1189,-365
109000044,407,178,229
109000045,220,354,-134
109000046,224,70,154
109000047,116,438,-322
109000048,1078,466,612
109000049,369,459,-90
109000050,540,552,-12
109000051,261,260,1
109000052,474,1324,-850
109000053,1219,419,800
109000054,219,596,-377
109000055,207,247,-40
109000056,221,445,-224
109000057,422,351,71
109000058,1900,422,1478
109000059,992,1151,-159
109000060,947,284,663
109000061,1247,804,443
109000062,94,221,-127
109000063,153,233,-80
109000064,124,138,-14
109000065,80,309,-229
109000066,274,112,162
109000067,48,328,-280
109000068,1466,12,1454
109000069,743,18,725
109000070,7,977,-970
109000071,350,92,258
109000072,116,568,-452
109000073,56,123,-67
109000074,22,253,-231
109000075,73,315,-242
109000076,178,267,-89
109000077,483,387,96
109000078,87,182,-95
109000079,182,165,17
109000080,140,129,11
109000081,83,537,-454
109000082,505,222,283
109000083,277,792,-515
109000088,171,487,-316
109000089,187,56,131
109000090,168,409,-241
109000091,194,136,58
109000092,354,490,-136
109000093,168,172,-4
109000094,302,0,302
109000095,111,473,-362
109000096,539,273,266
109000097,79,153,-74
109000098,87,113,-26
109000099,632,293,339
109000100,158,581,-423
109000101,1044,741,303
109000102,208,743,-535
109000103,571,718,-147
109000104,1086,565,521
109000105,460,1249,-789
109000106,1640,675,965
109000107,629,1999,-1370
109000108,1405,514,891
109000109,386,1944,-1558
109000110,926,455,471
109000111,938,2106,-1168
109000112,371,135,236
109000113,389,220,169
109000114,121,454,-333
109000115,1374,100,1274
109000116,15,588,-573
109000117,123,96,27
109000118,7,360,-353
109000119,779,394,385
109000120,119,926,-807
109000121,463,174,289
109000122,91,1052,-961
109000123,23,239,-216
109000124,467,414,53
109000125,609,408,201
109000126,340,838,-498
109000127,1070,389,681
109000128,484,1791,-1307
109000129,1472,622,850
109000130,998,3315,-2317
109000131,1162,807,355
109000132,1120,3196,-2076
109000133,376,1192,-816
109000134,826,1617,-791
109000135,1328,1434,-106
109000136,319,280,39
109000137,338,323,15
109000138,502,321,181
109000139,348,470,-122
109000140,239,718,-479
109000141,626,615,11
109000142,129,474,-345
109000143,120,65,55
109000145,65,309,-244
109000146,144,101,43
109000148,3780,1082,2698
109000149,25,44,-19
109000150,249,170,79
109000155,485,606,-121
109000156,1257,722,535
109000158,83,258,-175
109000159,77,551,-474
109000160,785,193,592
109000161,225,1248,-1023
109000162,1491,758,733
109000163,698,1731,-1033
109000164,1116,2697,-1581
109000165,897,636,261
109000166,559,114,445
109000167,104,703,-599
109000170,29,46,-17
109000171,57,53,4
109000172,43,86,-43
109000173,22,55,-33
109000174,55,42,13
109000175,92,381,-289
109000176,289,285,4
109000177,48,74,-26
109000178,491,374,117
109000179,5800,3306,2494
109000180,4973,2795,2178
109000181,16,44,-28
109000182,45,33,12
109000183,32,37,-5
109000184,40,14,26
109000185,21,73,-52
109000188,490,2053,-1563
109000189,1707,938,769
109000190,386,461,-75
109000191,343,538,-195
109000192,345,206,139
109000193,137,333,-196
109000194,190,96,94
109000195,131,392,-261
109000196,189,107,82
109000197,116,385,-269
109000198,247,59,188
109000199,99,415,-316
109000206,177,36,141
109000207,90,53,37
109000208,82,77,5
109000209,102,150,-48
109000210,170,583,-413
109000211,417,542,-125
109000214,422,979,-557
109000215,213,90,123
109000216,309,195,114
109000217,130,79,51
109000218,269,162,107
109000221,508,1214,-706
109000222,888,221,667
109000223,243,199,44
109000224,39,266,-227
109000225,68,28,40
109000226,37,246,-209
109000227,859,1098,-239
109000228,2,406,-404
109000231,2,410,-408
109000232,259,437,-178
109000236,223,848,-625
109000241,2045,2235,-190
109000242,1587,1584,3
109000293,38,181,-143
109000361,170,257,-87
109000364,199,515,-316
109000396,3,570,-567
109000397,363,10,353
109000399,126,534,-408
109000400,101,375,-274
109000403,96,888,-792
109000406,528,8,520
109000407,208,212,-4
109000408,0,714,-714
109000410,830,206,624
109000411,203,34,169
109000412,1,84,-83
109900001,77,1,76
109900002,663,12,651
109900003,215,0,215
109900005,11,3,8
109900006,269,231,38
109900007,504,738,-234
109900008,0,26,-26
109900009,132,639,-507
109900010,353,4,349
109900011,82,24,58
109900012,179,140,39
109900013,264,131,133
109900014,282,52,230
109900015,207,98,109
109900016,90,31,59
109900017,141,119,22
109900018,154,87,67
109900019,101,64,37
109900020,21,40,-19
109900021,24,15,9
109900022,125,242,-117
109900023,22,4,18
109900024,31,0,31
109900025,11,18,-7
109900027,23,30,-7
109900028,1956,712,1244
109900029,3,404,-401
109900030,31,5,26
109900031,0,73,-73
109900032,6,277,-271
109900033,6,454,-448
109900034,19,0,19
109900035,6,19,-13
109900036,7,98,-91
109900037,24,525,-501
109900038,27,209,-182
109900039,4,0,4
109900040,15,593,-578
109900041,72,365,-293
109900042,11,317,-306
109900044,78,290,-212
109900045,104,27,77
109900046,83,109,-26
109900047,312,367,-55
109900048,3,96,-93
109900049,7,26,-19
109900050,0,254,-254
109900051,0,53,-53
109900052,85,278,-193
109900053,4,464,-460
109900054,453,158,295
109900055,28,249,-221
109900056,18,114,-96
109900057,8,254,-246
109900058,0,126,-126
109900060,322,164,158
109900061,29,282,-253
109900062,0,301,-301
109900064,438,269,169
109900065,70,110,-40
109900066,329,990,-661
109900067,1,338,-337
109900068,24,5,19
109900069,4,32,-28
109900071,0,41,-41
109900072,39,137,-98
109900073,200,615,-415
109900074,4,46,-42
109900075,30,20,10
109900076,30,399,-369
109900077,28,43,-15
109900078,91,218,-127
109900080,85,265,-180
109900081,20,148,-128
109900082,37,365,-328
109900083,43,67,-24
109900084,36,141,-105
109900085,208,760,-552
109900086,105,384,-279
109900087,154,308,-154
109900089,509,108,401
109900092,573,8,565
109900093,573,85,488
109900094,73,117,-44
109900095,84,235,-151
109900096,24,2,22
109900097,52,1,51
109900098,330,28,302
109900099,140,0,140
109900100,32,0,32
109900101,266,6,260
109900102,300,12,288
109900103,24,29,-5
109900104,401,850,-449
109900105,395,26,369
109900106,285,50,235
109900107,268,95,173
109900108,66,376,-310
109900109,30,147,-117
109900111,247,1013,-766
109900114,1588,286,1302
109900115,150,66,84
109900117,619,123,496
109900121,393,260,133
109900123,11,165,-154
109900125,0,141,-141
109900126,131,156,-25
109900130,8712,2248,6464
109900131,94,162,-68
109900132,28,122,-94
109900134,34,80,-46
109900135,557,91,466
109900137,118,389,-271
109900140,122,237,-115
109900149,51,62,-11
109900150,4,81,-77
109900151,0,49,-49
109900152,1,22,-21
109900153,0,43,-43
109900154,21,0,21
109900155,49,14,35
109900157,69,262,-193
109900159,98,24,74
109900161,164,42,122
109900162,113,73,40
109900163,624,340,284
109900164,43,265,-222
109900165,135,6,129
109900166,3,161,-158
109900167,141,449,-308
109900168,214,624,-410
109900169,87,167,-80
109900170,251,730,-479
109900171,111,84,27
109900172,141,175,-34
109900173,3500,1781,1719
109900174,44,123,-79
109900175,91,62,29
109900176,75,145,-70
109900177,42,220,-178
109900178,0,72,-72
109900179,26,15,11
109900180,43,44,-1
110000001,1022,535,487
110000002,724,654,70
110000003,752,637,115
110000004,457,593,-136
110000005,586,1469,-883
110000006,636,314,322
110000007,108,134,-26
110000008,9,35,-26
110000009,48,48,0
110000010,34,73,-39
110000011,49,107,-58
110000012,719,479,240
110000013,40,577,-537
110000014,727,418,309
110000015,256,537,-281
110000016,272,1531,-1259
110000017,2820,246,2574
110000018,3026,404,2622
110000019,10,118,-108
110000020,312,190,122
110000021,742,472,270
110000022,627,150,477
110000023,2,142,-140
110000024,690,424,266
110000025,221,4,217
110000026,5,357,-352
110000027,1728,312,1416
110000028,912,731,181
110000029,394,885,-491
110000030,210,332,-122
110000031,328,546,-218
110000032,817,470,347
110000033,496,55,441
110000034,375,724,-349
110000035,687,618,69
110000036,830,659,171
110000037,205,480,-275
110000038,196,631,-435
110000039,609,2393,-1784
110000040,401,370,31
110000041,314,1183,-869
110000042,146,176,-30
110000043,634,259,375
110000044,75,50,25
110000045,556,84,472
110000046,20,19,1
110000047,137,13,124
110000048,21,7,14
110000049,95,7,88
110000050,13,18,-5
110000051,114,1,113
110000052,60,24,36
110000053,157,10,147
110000054,144,151,-7
110000055,716,25,691
110000056,247,54,193
110000057,376,765,-389
110000058,1130,507,623
110000059,798,559,239
110000060,624,853,-229
110000061,814,847,-33
110000062,572,801,-229
110000063,41,69,-28
110000064,113,98,15
110000065,55,72,-17
110000066,128,28,100
110000067,94,306,-212
110000068,255,330,-75
110000069,150,86,64
110000071,73,178,-105
110000073,5,24,-19
110000075,5,76,-71
110000076,215,269,-54
110000077,439,990,-551
110000078,34,44,-10
110000080,342,622,-280
110000081,38,329,-291
110000082,48,313,-265
110000083,204,767,-563
110000084,906,678,228
110000085,1989,1564,425
110000086,994,1665,-671
110000087,8,80,-72
110000088,62,268,-206
110000089,213,173,40
110000090,135,321,-186
110000091,1483,381,1102
110000092,35,109,-74
110000093,46,11,35
110000094,463,224,239
110000095,140,600,-460
110000096,2619,1749,870
110000097,850,1148,-298
110000098,1708,668,1040
110000099,871,1533,-662
110000100,560,564,-4
110000101,18,392,-374
110000102,69,34,35
110000104,311,81,230
110000105,44,259,-215
110000106,479,310,169
110000107,308,372,-64
110000108,129,45,84
110000109,312,298,14
110000110,3308,3473,-165
110000111,6614,2562,4052
110000112,1281,890,391
110000113,509,1967,-1458
110000114,148,554,-406
110000115,237,305,-68
110000116,50,44,6
110000117,155,345,-190
110000118,287,201,86
110000119,179,331,-152
110000120,326,183,143
110000121,119,324,-205
110000122,376,488,-112
110000123,431,311,120
110000124,2,893,-891
110000125,873,9,864
110000126,319,27,292
110000127,907,46,861
110000128,38,1239,-1201
110000129,8,665,-657
110000130,382,160,222
110000131,87,466,-379
110000132,2,640,-638
110000133,35,395,-360
110000134,9,387,-378
110000135,168,29,139
110000136,84,333,-249
110000137,533,576,-43
110000138,558,613,-55
110000139,603,1347,-744
110000140,846,511,335
110000143,673,365,308
110000144,4857,1287,3570
110000145,1692,644,1048
110000146,1382,725,657
110000147,304,532,-228
110000148,250,248,2
110000151,832,591,241
110000152,814,411,403
110000153,55,62,-7
110000154,10,13,-3
110000155,1344,3088,-1744
110000156,1016,1666,-650
110000157,1662,1399,263
110000160,259,363,-104
110000161,175,376,-201
110000166,312,122,190
110000167,662,550,112
110000168,700,411,289
110000169,704,304,400
110000170,104,85,19
110000171,484,201,283
110000172,168,846,-678
110000173,1230,1254,-24
110000174,153,1113,-960
110000175,401,118,283
110000176,76,278,-202
110000177,162,775,-613
110000178,398,1034,-636
110000179,1425,397,1028
110000180,138,264,-126
110000181,200,387,-187
110000182,392,205,187
110000183,9775,5563,4212
110000184,695,2052,-1357
110000185,735,699,36
110000186,630,735,-105
110000191,532,411,121
110000192,292,6,286
110000193,632,6,626
110000194,25,1175,-1150
110000195,334,339,-5
110000196,228,401,-173
110000197,119,167,-48
110000198,92,88,4
110000199,57,87,-30
110000200,1154,530,624
110000201,582,665,-83
110000202,980,498,482
110000203,725,820,-95
110000204,13,257,-244
110000205,71,59,12
110000206,474,1314,-840
110000207,621,350,271
110000208,115,129,-14
110000209,119,747,-628
110000210,719,675,44
110000211,520,904,-384
110000212,378,920,-542
110000213,181,70,111
110000214,189,132,57
110000215,161,469,-308
110000216,61,465,-404
110000217,250,193,57
110000218,93,442,-349
110000219,180,77,103
110000220,49,379,-330
110000221,214,84,130
110000222,32,267,-235
110000223,4,172,-168
110000224,119,15,104
110000225,200,587,-387
110000226,214,60,154
110000227,650,626,24
110000228,327,368,-41
110000229,1,199,-198
110000230,437,769,-332
110000231,110,165,-55
110000232,154,197,-43
110000233,133,288,-155
110000234,482,346,136
110000235,1031,931,100
110000236,595,806,-211
110000237,1598,1061,537
110000238,1047,1450,-403
110000239,1770,1202,568
110000240,1,67,-66
110000242,0,14,-14
110000243,70,164,-94
110000244,86,267,-181
110000245,28,381,-353
110000246,685,524,161
110000247,1232,4279,-3047
110000248,2430,1699,731
110000249,65,7,58
110000250,12,227,-215
110000251,245,542,-297
110000252,180,238,-58
110000253,1095,584,511
110000254,748,1300,-552
110000255,236,1136,-900
110000256,491,295,196
110000257,625,369,256
110000258,5,432,-427
110000259,109,30,79
110000260,17,362,-345
110000263,609,91,518
110000264,174,463,-289
110000265,761,1428,-667
110000266,1646,2136,-490
110000267,22,149,-127
110000268,253,338,-85
110000269,3,73,-70
110000270,60,2,58
110000271,1642,200,1442
110000272,954,841,113
110000273,2951,1114,1837
110000274,129,1131,-1002
110000275,2034,437,1597
110000276,167,288,-121
110000277,154,356,-202
110000278,220,810,-590
110000279,568,672,-104
110000280,221,353,-132
110000281,27,225,-198
110000282,189,50,139
110000283,73,98,-25
110000284,52,35,17
110000285,0,261,-261
110000286,20,1,19
110000287,40,0,40
110000288,0,62,-62
110000289,461,1209,-748
110000290,1103,603,500
110000291,5384,1511,3873
110000292,1392,3700,-2308
110000293,590,733,-143
110000294,729,879,-150
110000295,109,818,-709
110000296,329,280,49
110000297,2512,297,2215
110000298,337,576,-239
110000299,499,48,451
110000301,203,25,178
110000302,269,1076,-807
110000303,326,4,322
110000304,112,269,-157
110000305,917,23,894
110000306,99,1471,-1372
110000307,1210,3,1207
110000308,444,10,434
110000309,7,1009,-1002
110000310,438,63,375
110000311,33,631,-598
110000312,453,83,370
110000313,2887,3015,-128
110000314,1,251,-250
110000315,2947,1810,1137
110000316,548,1149,-601
110000317,495,217,278
110000318,0,71,-71
110000319,8,19,-11
110000320,54,49,5
110000321,3,36,-33
110000322,288,355,-67
110000323,302,223,79
110000324,3675,1115,2560
110000325,2439,2244,195
110000327,386,274,112
110000328,145,407,-262
110000333,678,557,121
110000334,759,1230,-471
110000335,688,432,256
110000336,445,1073,-628
110000337,968,540,428
110000338,378,193,185
110000339,190,247,-57
110000340,55,221,-166
110000341,355,496,-141
110000342,295,4,291
110000343,0,11,-11
110000344,116,130,-14
110000345,155,98,57
110000346,2090,1560,530
110000347,1113,779,334
110000348,22,39,-17
110000349,13,17,-4
110000350,37,3,34
110000351,622,741,-119
110000352,491,1513,-1022
110000353,2671,779,1892
110000354,925,2311,-1386
110000355,65,72,-7
110000356,587,10,577
110000357,278,18,260
110000361,10,101,-91
110000362,48,25,23
110000363,216,143,73
110000364,134,363,-229
110000365,107,1,106
110000366,0,112,-112
110000367,284,157,127
110000368,4,47,-43
110000369,23,0,23
110000373,3,274,-271
110000374,122,9,113
110000375,68,820,-752
110000376,33,159,-126
110000377,80,528,-448
110000378,31,415,-384
110000379,3001,1170,1831
110000380,44,9,35
110000383,3,1169,-1166
110000384,2909,871,2038
110000385,1,141,-140
110000387,53,8,45
110000388,44,258,-214
110000389,522,6,516
110000391,305,297,8
110000396,112,107,5
110000397,103,143,-40
110000398,6,47,-41
110000399,195,1,194
110000587,50,28,22
110000589,160,149,11
110000640,239,104,135
110000652,16,99,-83
110000653,257,474,-217
110000654,73,25,48
110000656,1,629,-628
110000674,15,5,10
110000675,1,5,-4
110000676,3,32,-29
110000679,516,951,-435
110000682,100,121,-21
110000683,295,582,-287
110000684,2,26,-24
110000685,9,14,-5
110000686,4,23,-19
110000687,33,0,33
110000688,56,608,-552
110000689,39,62,-23
110000692,147,144,3
110000693,264,215,49
110000694,0,151,-151
110000695,211,622,-411
110000696,100,132,-32
110000698,29,712,-683
110000699,130,452,-322
110900001,263,2,261
110900002,246,191,55
110900003,482,770,-288
110900004,209,214,-5
110900005,3238,1557,1681
110900006,24,15,9
110900007,76,17,59
110900008,24,70,-46
110900009,406,62,344
110900010,6,79,-73
110900011,31,88,-57
110900012,9,74,-65
110900013,825,110,715
110900014,234,22,212
110900015,557,358,199
110900016,40,137,-97
110900017,311,41,270
110900018,273,40,233
110900019,156,28,128
110900020,57,368,-311
110900021,41,576,-535
110900022,75,286,-211
110900023,75,446,-371
110900024,41,453,-412
110900025,11,87,-76
110900027,36,178,-142
110900028,39,126,-87
110900029,14,323,-309
110900030,27,252,-225
110900031,6,141,-135
110900032,1,83,-82
110900033,25,196,-171
110900035,17,453,-436
110900036,71,23,48
110900037,50,24,26
110900038,834,154,680
110900039,5,225,-220
110900040,168,52,116
110900041,11,120,-109
110900042,62,42,20
110900043,3,136,-133
110900044,193,18,175
110900045,37,450,-413
110900046,92,301,-209
110900047,493,175,318
110900049,50,54,-4
110900050,38,6,32
110900052,7,254,-247
110900053,68,22,46
110900054,43,221,-178
110900055,19,6,13
110900056,48,103,-55
110900057,6,266,-260
110900058,165,194,-29
110900059,562,533,29
110900060,338,112,226
110900061,23,66,-43
110900062,93,221,-128
110900063,34,99,-65
110900064,14,0,14
110900065,338,124,214
110900066,5,94,-89
110900067,320,312,8
110900068,243,232,11
110900069,10,33,-23
110900070,105,76,29
110900071,163,284,-121
110900073,1,17,-16
110900074,254,118,136
110900075,305,63,242
110900077,425,468,-43
110900078,18,78,-60
110900079,2332,818,1514
110900080,84,69,15
110900081,3,98,-95
110900082,95,152,-57
110900083,71,29,42
110900084,50,130,-80
110900085,30,297,-267
110900086,26,218,-192
110900087,195,61,134
110900088,7,0,7
110900090,16,32,-16
110900091,0,49,-49
110900093,130,69,61
110900095,35,30,5
110900097,25,29,-4
110900098,9,82,-73
110900099,32,356,-324
110900100,0,20,-20
110900102,94,28,66
110900105,395,262,133
110900108,12,80,-68
110900111,307,85,222
110900112,522,1,521
110900113,422,52,370
110900115,12,63,-51
110900116,437,1887,-1450
110900118,174,2251,-2077
110900119,4166,328,3838
110900120,1,145,-144
110900121,69,0,69
110900122,214,150,64
110900125,215,283,-68
110900127,553,888,-335
110900128,409,393,16
110900129,281,409,-128
110900130,1105,570,535
110900131,125,33,92
110900132,246,32,214
110900133,40,199,-159
110900135,52,314,-262
110900136,255,23,232
110900139,6,0,6
110900140,0,0,0
110900141,374,72,302
110900142,43,146,-103
110900143,83,45,38
110900144,5,823,-818
110900145,126,23,103
110900146,342,81,261
110900147,141,269,-128
110900148,3,251,-248
110900149,4,78,-74
110900150,43,23,20
110900151,2,41,-39
110900152,16,194,-178
110900153,74,22,52
111000001,865,656,209
111000002,838,832,6
111000003,1183,1026,157
111000004,653,1293,-640
111000005,1403,1352,51
111000006,1018,1865,-847
111000007,4049,3275,774
111000008,3671,3759,-88
111000009,383,925,-542
111000010,677,324,353
111000011,483,1062,-579
111000012,720,461,259
111000013,423,1083,-660
111000014,1403,741,662
111000017,142,759,-617
111000018,257,326,-69
111000020,1430,2436,-1006
111000021,79,157,-78
111000023,83,159,-76
111000025,5733,3107,2626
111000029,56,92,-36
111000030,38,105,-67
111000031,1877,961,916
111000032,639,263,376
111000033,330,260,70
111000034,239,279,-40
111000037,2437,1567,870
111000038,3816,2680,1136
111000039,1981,2458,-477
111000040,1607,2564,-957
111000041,2012,1864,148
111000042,4799,2644,2155
111000043,1792,2472,-680
111000044,1431,1055,376
111000045,1771,1905,-134
111000046,1228,1465,-237
111000047,1821,3254,-1433
111000049,447,562,-115
111000050,2050,1904,146
111000051,544,1268,-724
111000052,593,1708,-1115
111000053,355,995,-640
111000054,312,1082,-770
111000055,1035,1753,-718
111000056,92,594,-502
111000057,77,694,-617
111000058,253,106,147
111000059,292,259,33
111000060,3036,933,2103
111000061,352,335,17
111000062,608,285,323
111000063,1699,953,746
111000064,510,573,-63
111000065,942,901,41
111000066,378,352,26
111000067,402,683,-281
111000068,463,1048,-585
111000069,1477,1997,-520
111000070,1862,1072,790
111000071,171,503,-332
111000072,782,378,404
111000073,283,905,-622
111000074,1358,1543,-185
111000075,923,706,217
111000076,420,711,-291
111000077,1779,1909,-130
111000078,3162,1581,1581
111000079,1342,737,605
111000080,419,733,-314
111000081,1716,4129,-2413
111000082,526,759,-233
111000084,668,595,73
111000085,1184,1593,-409
111000086,3059,1396,1663
111000087,689,779,-90
111000088,5665,1993,3672
111000089,715,864,-149
111000090,905,1426,-521
111000091,684,673,11
111000092,1143,989,154
111000093,532,888,-356
111000094,1598,958,640
111000095,702,2159,-1457
111000096,2057,7095,-5038
111000097,5092,1492,3600
111000098,749,1361,-612
111000099,494,2156,-1662
111000100,322,1907,-1585
111000101,362,714,-352
111000102,154,675,-521
111000104,437,238,199
111000107,76,736,-660
111000109,466,262,204
111000110,1219,656,563
111000111,1546,493,1053
111000112,1318,438,880
111000113,772,1154,-382
111000114,2381,2760,-379
111000115,5836,1083,4753
111000116,913,890,23
111000117,518,853,-335
111000118,1404,985,419
111000119,991,1221,-230
111000120,461,692,-231
111000121,195,636,-441
111000122,591,893,-302
111000123,918,2915,-1997
111000124,500,2861,-2361
111000125,195,1662,-1467
111000126,82,911,-829
111000127,685,171,514
111000128,1041,299,742
111000129,2289,479,1810
111000130,1553,658,895
111000131,1218,561,657
111000132,876,558,318
111000133,123,171,-48
111000134,115,135,-20
111000135,48,133,-85
111000136,371,384,-13
111000138,21,13,8
111000140,0,5,-5
111000141,303,272,31
111000142,18,110,-92
111000143,5,97,-92
111000144,39,134,-95
111000145,1220,8,1212
111000146,103,6,97
111000147,222,21,201
111000148,314,55,259
111000149,4,50,-46
111000150,5,7,-2
111000151,11,26,-15
111000153,618,707,-89
111000154,965,205,760
111000155,133,187,-54
111000156,352,528,-176
111000157,214,694,-480
111000158,970,721,249
111000159,2660,731,1929
111000160,254,367,-113
111000161,18,273,-255
111000162,43,168,-125
111000163,595,883,-288
111000164,806,3498,-2692
111000165,1303,444,859
111000166,2099,413,1686
111000167,178,478,-300
111000168,203,505,-302
111000169,300,636,-336
111000170,565,470,95
111000171,477,911,-434
111000172,127,691,-564
111000173,369,1176,-807
111000174,149,488,-339
111000175,59,259,-200
111000176,204,175,29
111000177,284,298,-14
111000178,1150,296,854
111000179,178,262,-84
111000180,194,409,-215
111000181,728,299,429
111000182,162,208,-46
111000183,289,382,-93
111000184,349,275,74
111000185,314,582,-268
111000186,295,340,-45
111000187,95,315,-220
111000188,175,479,-304
111000189,1334,616,718
111000190,231,459,-228
111000191,163,409,-246
111000192,170,601,-431
111000193,342,401,-59
111000194,36,386,-350
111000195,112,417,-305
111000196,40,249,-209
111000197,291,168,123
111000198,405,147,258
111000199,119,172,-53
111000200,247,345,-98
111000201,411,227,184
111000202,208,215,-7
111000203,200,217,-17
111000204,465,754,-289
111000213,231,439,-208
111000214,1524,1857,-333
111000215,1173,1531,-358
111000217,1200,864,336
111000218,1010,935,75
111000219,524,297,227
111000220,2294,528,1766
111000221,978,94,884
111000224,200,540,-340
111000225,318,324,-6
111000226,168,5,163
111000227,73,6,67
111000228,13,326,-313
111000229,26,562,-536
111000230,344,445,-101
111000231,797,1100,-303
111000232,316,885,-569
111000233,566,850,-284
111000234,122,319,-197
111000239,90,169,-79
111000240,32,216,-184
111000241,20,365,-345
111000242,104,94,10
111000243,77,665,-588
111000244,316,90,226
111000245,919,552,367
111000246,322,480,-158
111000247,201,893,-692
111000248,498,444,54
111000249,480,828,-348
111000250,44,112,-68
111000251,35,103,-68
111000253,7,18,-11
111000255,16,4,12
111000257,37,13,24
111000260,60,1035,-975
111000261,878,94,784
111000271,66,304,-238
111000273,5528,1832,3696
111000274,1016,2063,-1047
111000275,103,83,20
111000276,290,2131,-1841
111000277,270,386,-116
111000278,479,237,242
111000291,674,4292,-3618
111000298,557,315,242
111000299,614,139,475
111000300,75,558,-483
111000302,244,94,150
111000303,85,219,-134
111000312,77,67,10
111000315,48,303,-255
111000320,362,699,-337
111000321,242,99,143
111000322,294,529,-235
111000323,153,17,136
111000324,317,278,39
111000325,33,61,-28
111000326,158,388,-230
111000327,343,575,-232
111000328,180,461,-281
111000329,0,31,-31
111000330,46,29,17
111000331,17,8,9
111000332,433,1431,-998
111000334,372,1679,-1307
111000335,605,267,338
111000337,875,365,510
111000338,50,114,-64
111000339,293,459,-166
111000340,101,775,-674
111000341,1042,485,557
111000342,265,425,-160
111000344,834,711,123
111000345,204,77,127
111000346,19,96,-77
111000347,121,1,120
111000350,162,94,68
111000351,84,215,-131
111000352,132,81,51
111000353,74,200,-126
111000354,362,116,246
111000355,260,465,-205
111000358,129,1472,-1343
111000360,149,788,-639
111000361,100,304,-204
111000546,503,609,-106
111000547,250,561,-311
111000548,101,217,-116
111000549,214,360,-146
111000550,133,656,-523
111000551,738,169,569
111000552,1612,131,1481
111000907,601,60,541
111000908,25,0,25
111000916,1358,304,1054
111000917,37,435,-398
111000918,129,1008,-879
111000920,341,24,317
111000921,9,355,-346
111000922,300,295,5
111000924,34,940,-906
111000925,1986,2305,-319
111000926,896,2551,-1655
111000927,2347,4675,-2328
111000928,4632,4080,552
111000929,923,1151,-228
111000930,742,2718,-1976
111000931,1595,2249,-654
111000932,4355,2409,1946
111000933,3252,1942,1310
111000934,2150,2943,-793
111000935,1076,1013,63
111000936,1282,2439,-1157
111000937,759,1191,-432
111000938,1741,2216,-475
111000939,346,52,294
111000940,310,224,86
111000941,221,553,-332
111000943,306,299,7
111000944,166,530,-364
111000945,83,1773,-1690
111001109,412,224,188
111001110,223,724,-501
111001111,45,9,36
111001112,257,4,253
111001113,9,209,-200
111001114,1511,146,1365
111001115,187,361,-174
111001116,5542,3146,2396
111001117,642,1969,-1327
111001120,111,324,-213
111001121,209,429,-220
111001122,208,690,-482
111001123,212,170,42
111001124,142,263,-121
111001125,2,122,-120
111001126,3,0,3
111001127,0,98,-98
111001128,568,633,-65
111001129,2,184,-182
111900001,1,214,-213
111900002,4,688,-684
111900003,3,407,-404
111900004,28,161,-133
111900006,7,21,-14
111900007,51,3,48
111900008,85,0,85
111900009,90,3,87
111900010,312,496,-184
111900012,96,125,-29
111900013,3,36,-33
111900014,5551,2288,3263
111900015,1,74,-73
111900016,1,170,-169
111900017,1,119,-118
111900018,263,6,257
111900019,13,60,-47
111900020,1,38,-37
111900021,42,110,-68
111900022,6,91,-85
111900023,80,104,-24
111900024,217,267,-50
111900025,0,28,-28
111900026,0,136,-136
111900027,3,221,-218
111900028,6,402,-396
111900029,0,132,-132
111900030,36,275,-239
111900032,4,324,-320
111900033,3,95,-92
111900034,366,481,-115
111900035,20,224,-204
111900036,0,307,-307
111900038,340,539,-199
111900039,37,409,-372
111900040,2,567,-565
111900042,24,135,-111
111900043,1,383,-382
111900044,333,267,66
111900046,27,163,-136
111900048,75,522,-447
111900049,32,187,-155
111900050,47,21,26
111900051,0,124,-124
111900052,531,507,24
111900053,1126,711,415
111900054,89,1,88
111900055,6,322,-316
111900056,172,161,11
111900057,55,118,-63
111900058,264,614,-350
111900059,2194,340,1854
111900060,203,1,202
111900061,7,142,-135
111900062,20,40,-20
111900063,182,224,-42
111900064,81,184,-103
111900065,100,31,69
111900066,100,117,-17
111900067,1,291,-290
111900068,37,61,-24
111900069,53,37,16
111900070,67,92,-25
111900071,1,205,-204
111900072,20,8,12
111900073,430,104,326
111900074,9,95,-86
111900075,54,5,49
111900076,82,39,43
111900077,14,4,10
111900078,112,11,101
111900079,22,52,-30
111900080,189,170,19
111900082,59,14,45
111900083,53,10,43
111900084,62,4,58
111900085,31,66,-35
111900086,16,6,10
111900087,36,0,36
111900088,340,7,333
111900089,22,7,15
111900090,35,16,19
111900091,77,1,76
111900092,74,0,74
111900093,253,6,247
111900094,16,0,16
111900095,114,5,109
111900096,59,1,58
111900097,19,1,18
111900098,95,1,94
111900099,11,0,11
111900100,42,3,39
111900101,75,22,53
111900102,215,575,-360
111900103,53,41,12
111900104,87,66,21
111900105,276,155,121
111900106,1048,67,981
111900110,1807,270,1537
111900111,32,6,26
111900112,574,1391,-817
111900113,294,64,230
111900118,203,53,150
111900119,268,121,147
111900122,58,78,-20
111900123,9,49,-40
111900124,37,112,-75
111900125,316,15,301
111900126,148,3,145
111900127,2,725,-723
111900128,3,478,-475
111900129,135,10,125
111900130,106,11,95
111900131,273,2,271
111900132,24,1134,-1110
111900133,17,370,-353
111900134,10,236,-226
111900135,14,19,-5
111900136,65,113,-48
111900137,65,92,-27
111900138,8,149,-141
111900139,14,169,-155
111900140,54,25,29
111900141,52,18,34
111900142,58,16,42
111900143,8,84,-76
111900144,1,111,-110
111900145,0,463,-463
111900146,3,314,-311
111900147,162,523,-361
111900148,30,740,-710
111900149,5,322,-317
111900150,20,158,-138
111900151,1,22,-21
111900152,124,69,55
111900153,1750,321,1429
111900154,7,174,-167
111900155,42,63,-21
111900156,26,47,-21
111900157,75,12,63
111900158,301,23,278
111900159,202,11,191
111900160,179,1,178
111900161,90,0,90
111900162,84,145,-61
111900163,61,188,-127
111900164,45,43,2
111901113,260,352,-92
111901114,112,235,-123
111901115,37,1,36
111901116,37,2,35
111901117,12,16,-4
111901118,109,133,-24
111901119,940,48,892
111901121,154,223,-69
111901122,5,508,-503
111901123,81,309,-228
111901124,64,2,62
111901125,237,202,35
111901127,577,167,410
111901128,3,68,-65
111901129,14,101,-87
111901130,4,178,-174
111901131,0,217,-217
111901132,202,12,190
111901133,31,4,27
111901134,34,3,31
111901135,12,8,4
111901138,168,36,132
111901139,15,38,-23
111901140,5,102,-97
111901141,6,159,-153
111901142,2,115,-113
111901143,2,82,-80
111901144,46,22,24
111901145,156,246,-90
111901146,507,25,482
111901147,793,11,782
111901148,36,33,3
111901149,11,7,4
111901150,59,0,59
111901151,0,0,0
111901152,4,44,-40
112000001,1353,855,498
112000002,817,2447,-1630
112000003,822,837,-15
112000004,617,1223,-606
112000005,2066,2351,-285
112000006,2151,1754,397
112000007,1799,1457,342
112000008,2164,3453,-1289
112000009,3473,3471,2
112000010,2660,2555,105
112000011,2285,2056,229
112000012,4518,2066,2452
112000013,6006,2663,3343
112000014,4323,591,3732
112000015,4634,2263,2371
112000016,8046,801,7245
112000017,3579,1074,2505
112000024,2392,701,1691
112000026,3719,5046,-1327
112000027,910,534,376
112000028,2116,1511,605
112000029,370,559,-189
112000030,191,92,99
112000031,1621,3358,-1737
112000032,486,51,435
112000033,2399,865,1534
112000034,467,28,439
112000035,100,276,-176
112000036,1364,735,629
112000037,1097,731,366
112000038,1037,642,395
112000039,61,90,-29
112000040,127,270,-143
112000041,598,530,68
112000042,1209,329,880
112000050,1127,2028,-901
112000051,754,1085,-331
112000054,1431,2132,-701
112000057,336,436,-100
112000058,283,621,-338
112000059,306,742,-436
112000061,3793,1658,2135
112000062,1435,412,1023
112000063,1159,1386,-227
112000064,4598,5802,-1204
112000065,2482,2500,-18
112000066,3672,1366,2306
112000067,736,645,91
112000068,2696,1877,819
112000069,802,1660,-858
112000070,1691,771,920
112000071,985,2517,-1532
112000072,1623,781,842
112000073,1656,1705,-49
112000074,1367,905,462
112000075,1397,1065,332
112000076,3368,2827,541
112000077,448,653,-205
112000078,1311,643,668
112000079,986,1153,-167
112000080,547,780,-233
112000081,1601,2117,-516
112000082,1316,666,650
112000083,583,1321,-738
112000084,1042,755,287
112000085,1076,1225,-149
112000086,1524,1438,86
112000087,274,771,-497
112000088,485,628,-143
112000089,213,282,-69
112000090,201,281,-80
112000091,775,1358,-583
112000092,1287,1148,139
112000093,1792,1139,653
112000094,420,1053,-633
112000095,813,874,-61
112000096,424,800,-376
112000097,1028,582,446
112000098,754,1159,-405
112000099,524,964,-440
112000100,1245,1048,197
112000101,651,953,-302
112000102,729,656,73
112000103,446,1183,-737
112000105,795,1997,-1202
112000106,1254,597,657
112000107,76,170,-94
112000108,265,1748,-1483
112000109,152,101,51
112000110,1702,738,964
112000111,1203,2809,-1606
112000112,2861,633,2228
112000113,837,1863,-1026
112000114,1829,1004,825
112000115,275,470,-195
112000116,428,998,-570
112000117,1113,1105,8
112000118,1106,867,239
112000119,536,904,-368
112000120,75,406,-331
112000121,101,487,-386
112000122,168,184,-16
112000123,512,196,316
112000124,264,87,177
112000125,173,168,5
112000126,152,696,-544
112000127,1888,1379,509
112000128,726,569,157
112000129,77,107,-30
112000130,158,96,62
112000131,48,421,-373
112000132,125,282,-157
112000133,347,279,68
112000134,393,391,2
112000135,724,643,81
112000136,1030,1126,-96
112000137,1484,1260,224
112000138,1920,1135,785
112000139,1049,459,590
112000140,1152,1192,-40
112000141,674,335,339
112000142,203,787,-584
112000143,822,297,525
112000144,321,1411,-1090
112000145,1945,742,1203
112000146,681,2368,-1687
112000147,1977,1687,290
112000148,1741,2664,-923
112000149,345,654,-309
112000150,257,607,-350
112000151,377,486,-109
112000152,239,465,-226
112000153,226,289,-63
112000154,87,231,-144
112000155,122,85,37
112000157,772,524,248
112000158,248,534,-286
112000159,420,382,38
112000167,300,86,214
112000169,422,386,36
112000173,421,148,273
112000175,290,366,-76
112000176,3048,1744,1304
112000177,368,131,237
112000178,116,426,-310
112000179,155,98,57
112000180,226,402,-176
112000181,1347,1940,-593
112000182,686,1883,-1197
112000183,34,41,-7
112000184,317,415,-98
112000185,352,665,-313
112000187,2837,1755,1082
112000195,120,15,105
112000196,120,0,120
112000197,58,61,-3
112000198,31,335,-304
112000199,1120,954,166
112000202,349,65,284
112000216,51,233,-182
112000230,71,2,69
112000231,3,206,-203
112000256,45,198,-153
112000313,56,106,-50
112000314,46,28,18
112000337,314,480,-166
112000352,451,259,192
112000392,1224,1058,166
112000398,887,838,49
112000399,3497,1978,1519
112000400,1624,3829,-2205
112000401,2522,2430,92
112000402,2081,2259,-178
112000403,2996,2412,584
112000404,631,652,-21
112000405,1409,2577,-1168
112000406,3726,3186,540
112000407,4435,6181,-1746
112000408,7924,7304,620
112000409,1734,5414,-3680
112000410,260,172,88
112000411,4483,1032,3451
112000412,1296,457,839
112000413,9242,3699,5543
112000414,114,150,-36
112000415,77,51,26
112000416,1795,1422,373
112000417,234,72,162
112000421,75,135,-60
112000422,273,405,-132
112000424,2722,2443,279
112000425,373,1108,-735
112000426,118,395,-277
112000427,0,6,-6
112000428,200,337,-137
112000429,2047,2919,-872
112000430,2227,2954,-727
112000431,90,162,-72
112000432,528,1579,-1051
112000433,458,704,-246
112000437,56,228,-172
112900001,72,3,69
112900002,256,1170,-914
112900003,54,334,-280
112900004,19,219,-200
112900005,142,217,-75
112900007,17,186,-169
112900008,0,21,-21
112900009,250,82,168
112900010,232,838,-606
112900011,254,313,-59
112900012,0,41,-41
112900013,1,113,-112
112900014,4,247,-243
112900015,251,745,-494
112900016,4,230,-226
112900017,27,172,-145
112900018,132,1013,-881
112900019,61,147,-86
112900020,337,1174,-837
112900021,8,249,-241
112900022,4,48,-44
112900023,2,243,-241
112900024,12,173,-161
112900025,48,260,-212
112900026,7,293,-286
112900027,13,1428,-1415
112900028,12,89,-77
112900029,20,678,-658
112900030,247,200,47
112900031,6,513,-507
112900032,130,267,-137
112900034,2,52,-50
112900035,6,475,-469
112900036,15,140,-125
112900037,134,155,-21
112900038,297,127,170
112900039,26,310,-284
112900040,6,226,-220
112900041,960,877,83
112900042,27,350,-323
112900043,24,42,-18
112900044,588,391,197
112900045,412,314,98
112900046,205,45,160
112900047,18,9,9
112900049,149,60,89
112900050,49,475,-426
112900051,238,524,-286
112900052,8,969,-961
112900053,280,82,198
112900054,154,37,117
112900055,77,21,56
112900056,315,174,141
112900057,8,572,-564
112900058,276,262,14
112900059,132,129,3
112900060,3,221,-218
112900061,61,123,-62
112900062,90,144,-54
112900063,174,11,163
112900064,154,222,-68
112900065,38,17,21
112900066,109,133,-24
112900067,435,150,285
112900068,45,63,-18
112900069,2038,495,1543
112900071,4,3,1
112900072,292,1319,-1027
112900073,284,52,232
112900074,47,191,-144
112900075,1533,666,867
112900076,90,16,74
112900078,179,253,-74
112900079,196,18,178
112900080,23,4,19
112900081,50,161,-111
112900082,321,30,291
112900083,105,60,45
112900084,180,77,103
112900086,17,1,16
112900087,452,76,376
112900088,81,6,75
112900089,453,15,438
112900090,31,14,17
112900091,137,0,137
112900092,84,213,-129
112900093,954,12,942
112900095,14,0,14
112900096,284,79,205
112900097,57,355,-298
112900098,46,0,46
112900099,752,14,738
112900100,50,0,50
112900101,202,0,202
112900102,65,5,60
112900103,122,4,118
112900104,406,4,402
112900105,3,0,3
112900106,334,80,254
112900107,0,3,-3
112900108,37,0,37
112900109,80,0,80
112900110,678,14,664
112900111,553,0,553
112900112,312,1,311
112900113,2,23,-21
112900114,78,18,60
112900115,658,2,656
112900116,69,3,66
112900117,143,109,34
112900118,24,70,-46
112900119,124,3,121
112900120,819,245,574
112900121,291,190,101
112900122,11,129,-118
112900123,102,22,80
112900124,9,110,-101
112900125,27,279,-252
112900126,188,255,-67
112900127,295,45,250
112900128,354,682,-328
112900129,7,882,-875
112900130,250,47,203
112900131,49,250,-201
112900132,53,435,-382
112900133,24,1029,-1005
112900134,1,241,-240
112900135,69,34,35
112900137,17,678,-661
112900138,4,388,-384
112900139,210,1106,-896
112900141,450,32,418
112900142,64,123,-59
112900143,54,570,-516
112900144,14,1041,-1027
112900145,62,412,-350
112900146,20,1213,-1193
112900147,7,1976,-1969
112900148,67,3,64
112900149,148,455,-307
112900151,18,59,-41
112900152,4635,862,3773
112900153,1844,1353,491
112900154,3,131,-128
112900155,112,10,102
112900156,297,1216,-919
112900157,113,93,20
112900158,24,17,7
112900159,150,101,49
112900160,49,209,-160
112900161,96,23,73
112900162,28,13,15
112900163,89,40,49
112900164,41,129,-88
112900165,68,21,47
112900166,23,37,-14
112900167,4,27,-23
112900168,7,2,5
112900169,23,8,15
112900170,56,93,-37
112900172,68,17,51
112900173,169,79,90
112900174,195,25,170
112900175,146,132,14
112900176,23,40,-17
112900177,194,37,157
112900178,545,1985,-1440
112900179,34,449,-415
112900180,1314,1654,-340
112900181,382,2,380
112900182,63,1315,-1252
112900183,103,170,-67
112900184,458,337,121
112900185,183,377,-194
112900186,1261,669,592
112900187,60,364,-304
112900188,711,203,508
112900189,0,23,-23
112900190,16,43,-27
112900192,430,391,39
112900193,929,224,705
112900194,50,117,-67
112900195,660,32,628
112900196,203,390,-187
112900197,198,314,-116
112900199,268,305,-37
112900200,328,243,85
112900201,42,81,-39
112900202,243,815,-572
112900203,140,315,-175
112900204,992,486,506
112900205,8,21,-13
112900206,15,77,-62
112900207,5,1,4
112900208,70,224,-154
112900209,470,400,70
112900210,0,29,-29
112900211,70,70,0
112900212,4,120,-116
112900213,38,24,14
112900214,35,9,26
112900215,5,188,-183
112900216,23,100,-77
112900217,0,53,-53
112900218,44,3,41
112900219,45,18,27
112900220,2,0,2
112900221,6,120,-114
112900222,0,11,-11
112900223,700,11,689
112900224,178,646,-468
112900225,307,553,-246
112900226,90,230,-140
112900227,195,882,-687
112900228,59,34,25
112900229,128,62,66
112900230,6560,3403,3157
112900232,149,167,-18
112900233,77,161,-84
112900234,6,94,-88
112900235,112,18,94
112900236,163,25,138
112900237,130,411,-281
112900238,1,50,-49
112900239,960,354,606
112900240,2,95,-93
112900241,16,172,-156
112900242,1,217,-216
112900243,6,232,-226
112900244,1,129,-128
112900245,0,49,-49
112900246,3,11,-8
112900247,118,31,87
112900248,7,2,5
112900249,30,9,21
112900250,73,26,47
112900251,45,14,31
112900252,74,27,47
112900253,38,13,25
112900254,2,1,1
112900255,0,23,-23
112900256,6,41,-35
112900257,18,32,-14
112900258,16,18,-2
113000001,4834,6781,-1947
113000002,3181,3563,-382
113000003,1488,2855,-1367
113000004,1829,2786,-957
113000005,1487,1203,284
113000006,928,1540,-612
113000007,1923,1323,600
113000008,1777,1714,63
113000009,763,1075,-312
113000010,989,1510,-521
113000011,657,1355,-698
113000012,1105,842,263
113000013,1168,544,624
113000014,1462,1132,330
113000015,424,148,276
113000016,299,369,-70
113000017,45,225,-180
113000018,670,38,632
113000019,140,224,-84
113000020,394,24,370
113000021,1888,801,1087
113000022,427,1204,-777
113000025,88,288,-200
113000026,548,396,152
113000027,1205,456,749
113000028,1027,347,680
113000029,567,750,-183
113000030,458,530,-72
113000031,317,277,40
113000032,221,265,-44
113000033,209,369,-160
113000034,357,341,16
113000035,37,40,-3
113000036,31,39,-8
113000037,60,35,25
113000038,12,51,-39
113000039,127,601,-474
113000040,76,111,-35
113000042,845,604,241
113000051,777,2840,-2063
113000052,2067,1207,860
113000053,270,568,-298
113000054,288,863,-575
113000055,1190,745,445
113000056,780,1258,-478
113000058,793,742,51
113000059,959,663,296
113000060,163,520,-357
113000061,559,870,-311
113000062,1106,203,903
113000063,117,231,-114
113000064,22,443,-421
113000065,152,1053,-901
113000066,645,136,509
113000067,1588,1247,341
113000068,449,1722,-1273
113000069,725,1412,-687
113000070,1728,1021,707
113000071,275,740,-465
113000072,583,454,129
113000073,486,1506,-1020
113000074,866,516,350
113000075,1753,716,1037
113000076,1070,1915,-845
113000077,1124,423,701
113000078,751,1847,-1096
113000079,971,704,267
113000080,820,583,237
113000081,685,739,-54
113000082,1086,688,398
113000083,536,885,-349
113000084,1517,1123,394
113000085,752,655,97
113000086,1059,1149,-90
113000087,769,862,-93
113000088,2133,1250,883
113000089,742,1546,-804
113000090,314,595,-281
113000091,561,396,165
113000094,1149,230,919
113000095,318,959,-641
113000096,141,786,-645
113000097,1146,365,781
113000098,110,41,69
113000099,1188,344,844
113000100,193,405,-212
113000101,379,521,-142
113000102,592,366,226
113000103,2534,524,2010
113000104,393,2822,-2429
113000105,439,421,18
113000106,360,533,-173
113000107,835,880,-45
113000108,928,1528,-600
113000109,589,4290,-3701
113000110,1226,434,792
113000111,256,912,-656
113000112,300,435,-135
113000113,1244,369,875
113000114,293,1516,-1223
113000116,658,244,414
113000117,855,137,718
113000118,203,391,-188
113000119,348,279,69
113000120,37,202,-165
113000121,713,748,-35
113000124,224,116,108
113000125,50,652,-602
113000127,3028,503,2525
113000128,422,468,-46
113000129,365,1199,-834
113000133,3363,1396,1967
113000134,5,1334,-1329
113000135,3239,3964,-725
113000137,1831,2474,-643
113000139,324,162,162
113000140,138,203,-65
113000141,219,154,65
113000142,656,730,-74
113000143,182,175,7
113000144,303,544,-241
113000145,40,92,-52
113000146,118,86,32
113000147,170,145,25
113000148,115,102,13
113000149,84,107,-23
113000150,390,399,-9
113000151,116,81,35
113000152,20,94,-74
113000153,1535,481,1054
113000154,520,1521,-1001
113000155,268,467,-199
113000156,107,377,-270
113000157,324,926,-602
113000158,577,238,339
113000159,684,741,-57
113000160,728,1118,-390
113000161,194,462,-268
113000162,485,466,19
113000163,101,83,18
113000164,47,75,-28
113000166,123,87,36
113000167,53,134,-81
113000168,66,147,-81
113000169,90,77,13
113000170,74,111,-37
113000171,72,110,-38
113000172,221,87,134
113000173,56,21,35
113000174,100,464,-364
113000175,333,137,196
113000176,373,152,221
113000177,158,445,-287
113000178,185,375,-190
113000179,263,173,90
113000180,893,1633,-740
113000181,1225,1008,217
113000182,138,552,-414
113000183,167,579,-412
113000184,33,97,-64
113000189,572,658,-86
113000190,814,432,382
113000192,2512,1409,1103
113000193,5329,1142,4187
113000194,2356,1047,1309
113000195,2749,698,2051
113000196,461,144,317
113000197,1822,965,857
113000198,66,317,-251
113000199,1019,281,738
113000201,1954,227,1727
113000202,3803,3608,195
113000203,383,286,97
113000204,1992,1483,509
113000205,34,22,12
113000206,21,34,-13
113000207,63,17,46
113000208,20,41,-21
113000209,26,35,-9
113000210,8,35,-27
113000211,454,281,173
113000212,268,39,229
113000213,38,220,-182
113000214,243,457,-214
113000234,205,1123,-918
113000410,182,207,-25
113000411,2480,3849,-1369
113000412,7812,2510,5302
113000413,3377,2531,846
113000414,7383,11180,-3797
113000415,2277,2750,-473
113000416,7996,3929,4067
113000417,2428,2847,-419
113000418,3257,2587,670
113000419,1178,1465,-287
113000420,3034,4221,-1187
113000421,2862,5088,-2226
113000422,12225,9558,2667
113000423,2250,3950,-1700
113000424,3362,8764,-5402
113000425,8,107,-99
113000428,54,13,41
113000430,25,19,6
113000432,2311,369,1942
113000433,90,944,-854
113000434,24,212,-188
113000435,46,669,-623
113000436,54,1136,-1082
113000437,666,29,637
113000438,258,19,239
113000439,16,177,-161
113000440,103,44,59
113000441,185,234,-49
113000442,125,213,-88
113000443,170,294,-124
113000444,234,297,-63
113000445,100,152,-52
113000446,32,122,-90
113000448,390,205,185
113000449,303,1816,-1513
113000450,633,6094,-5461
113000451,1894,195,1699
113000452,549,1003,-454
113000453,144,321,-177
113000454,2905,60,2845
113000455,163,192,-29
113000456,3459,2359,1100
113000468,2106,284,1822
113000469,249,119,130
113000470,476,51,425
113000471,17,576,-559
113000472,87,323,-236
113000474,427,653,-226
113000475,1627,1896,-269
113000476,1266,1806,-540
113000477,2148,2090,58
113000478,3529,6333,-2804
113000479,75,269,-194
113000485,1,0,1
113000486,0,0,0
113000487,0,0,0
113000489,0,0,0
113000490,0,2,-2
113000491,1,1,0
113000492,1,1,0
113000493,1,0,1
113000495,240,255,-15
113000496,138,109,29
113900001,4,348,-344
113900002,1,164,-163
113900003,0,119,-119
113900004,1,103,-102
113900005,2,89,-87
113900006,13,57,-44
113900007,318,0,318
113900008,431,2,429
113900009,658,3,655
113900010,586,9,577
113900011,126,5,121
113900012,24,4,20
113900013,1883,24,1859
113900014,490,0,490
113900015,2,28,-26
113900016,14,0,14
113900017,0,53,-53
113900018,390,127,263
113900019,88,37,51
113900020,96,1,95
113900022,11,0,11
113900023,30,1,29
113900024,33,60,-27
113900025,232,11,221
113900026,16,0,16
113900027,8,73,-65
113900028,11,456,-445
113900029,51,220,-169
113900030,128,2,126
113900031,4,0,4
113900032,29,0,29
113900033,47,61,-14
113900035,8,1,7
113900036,31,103,-72
113900037,46,423,-377
113900038,72,146,-74
113900039,77,11,66
113900040,11,11,0
113900041,1,4,-3
113900042,100,43,57
113900043,159,80,79
113900044,296,208,88
113900045,46,6,40
113900046,216,617,-401
113900047,46,129,-83
113900048,233,53,180
113900049,676,310,366
113900050,177,321,-144
113900051,216,382,-166
113900052,154,147,7
113900053,413,480,-67
113900054,3,1,2
113900055,82,479,-397
113900056,53,175,-122
113900057,15,88,-73
113900058,66,146,-80
113900059,178,295,-117
113900060,88,144,-56
113900061,814,257,557
113900062,36,5,31
113900063,58,94,-36
113900064,12,151,-139
113900065,471,23,448
113900066,261,369,-108
113900067,74,289,-215
113900068,368,363,5
113900069,11,20,-9
113900070,168,388,-220
113900071,64,61,3
113900072,55,144,-89
113900073,195,377,-182
113900074,47,306,-259
113900075,1083,1114,-31
113900076,61,0,61
113900077,31,231,-200
113900078,26,63,-37
113900079,1,38,-37
113900080,339,156,183
113900081,41,191,-150
113900082,120,242,-122
113900083,144,470,-326
113900084,258,119,139
113900085,46,296,-250
113900086,11,30,-19
113900087,47,124,-77
113900088,33,72,-39
113900089,332,42,290
113900090,486,333,153
113900091,14,17,-3
113900092,37,96,-59
113900093,69,566,-497
113900094,235,309,-74
113900095,129,95,34
113900096,167,21,146
113900097,22,94,-72
113900098,478,81,397
113900099,0,60,-60
113900100,0,0,0
113900101,26,51,-25
113900102,120,107,13
113900103,233,203,30
113900104,127,225,-98
113900105,58,290,-232
113900106,0,76,-76
113900107,1,19,-18
113900108,238,235,3
113900109,318,124,194
113900110,23,9,14
113900111,135,76,59
113900112,96,50,46
113900113,689,528,161
113900114,0,130,-130
113900115,0,78,-78
113900116,86,107,-21
113900117,163,42,121
113900118,181,193,-12
113900119,211,309,-98
113900120,30,11,19
113900121,26,77,-51
113900122,217,1553,-1336
113900123,377,234,143
113900124,1,95,-94
113900125,1020,157,863
113900126,78,50,28
113900127,173,477,-304
113900128,116,35,81
113900129,8,92,-84
113900130,2,15,-13
113900131,132,72,60
113900132,72,33,39
113900133,9,57,-48
113900135,337,400,-63
113900136,68,51,17
113900137,392,273,119
113900138,27,48,-21
113900139,297,123,174
113900140,269,221,48
113900141,374,380,-6
113900142,67,68,-1
113900143,5,27,-22
113900144,340,180,160
113900145,277,137,140
113900146,116,49,67
113900148,136,234,-98
113900149,140,75,65
113900150,642,564,78
113900151,308,185,123
113900152,14,28,-14
113900153,283,586,-303
113900154,1,82,-81
113900155,181,97,84
113900156,243,487,-244
113900157,28,229,-201
113900158,395,228,167
113900159,9,118,-109
113900160,467,554,-87
113900161,31,173,-142
113900162,542,457,85
113900163,297,199,98
113900164,163,58,105
113900165,559,419,140
113900166,141,115,26
113900167,168,44,124
113900168,134,103,31
113900169,175,378,-203
113900171,136,44,92
113900172,8,204,-196
113900173,49,556,-507
113900174,389,559,-170
113900175,284,112,172
113900176,249,503,-254
113900177,299,148,151
113900178,193,111,82
113900179,17,535,-518
113900180,167,98,69
113900181,665,112,553
113900182,590,841,-251
113900183,65,55,10
113900184,8,415,-407
113900185,184,70,114
113900186,10,21,-11
113900187,29,121,-92
113900188,21,83,-62
113900189,248,70,178
113900190,310,120,190
113900191,43,121,-78
113900192,2214,1481,733
113900193,27,198,-171
113900194,1764,1066,698
113900195,311,390,-79
113900196,4,80,-76
113900197,2,190,-188
113900198,16,156,-140
113900199,109,614,-505
113900200,2,144,-142
113900201,0,175,-175
113900202,22,158,-136
113900203,18,108,-90
113900204,32,541,-509
113900205,2,57,-55
113900206,4,82,-78
113900207,2,38,-36
113900208,1,37,-36
113900209,0,45,-45
113900210,553,630,-77
113900211,121,51,70
113900212,243,494,-251
113900214,409,341,68
113900215,20,110,-90
113900216,70,1021,-951
113900217,46,206,-160
113900218,94,55,39
113900219,112,294,-182
113900220,97,104,-7
113900221,268,133,135
113900222,1165,547,618
113900223,125,969,-844
113900224,96,51,45
113900225,476,198,278
113900226,220,63,157
113900227,272,184,88
113900228,287,313,-26
113900229,46,550,-504
113900230,4056,2124,1932
113900231,125,191,-66
113900232,63,80,-17
113900233,35,53,-18
113900234,263,414,-151
113900235,47,11,36
113900236,73,311,-238
113900237,81,5,76
113900238,207,479,-272
113900239,59,51,8
113900240,2,80,-78
113900241,86,52,34
113900242,57,114,-57
113900243,103,377,-274
113900244,388,202,186
113900245,1208,185,1023
113900246,25,24,1
113900247,132,288,-156
113900248,2595,1418,1177
113900249,1063,386,677
113900250,38,137,-99
113900251,509,211,298
113900252,464,11,453
113900253,626,36,590
113900254,782,122,660
113900255,351,17,334
113900256,259,36,223
113900257,24,577,-553
113900258,8,454,-446
113900259,460,202,258
113900260,147,11,136
113900261,33,125,-92
113900262,100,542,-442
113900263,156,650,-494
113900264,5,528,-523
113900265,180,234,-54
113900266,24,168,-144
113900267,121,481,-360
113900268,221,284,-63
113900269,61,126,-65
113900270,306,386,-80
113900271,560,1105,-545
113900273,108,11,97
113900274,65,58,7
113900275,29,57,-28
113900276,3,187,-184
113900277,102,2,100
113900278,235,156,79
113900279,84,78,6
113900280,1126,438,688
113900281,442,980,-538
113900282,497,347,150
113900283,318,380,-62
113900284,572,147,425
113900285,94,11,83
113900286,7,95,-88
113900287,42,28,14
113900288,1,103,-102
113900289,1236,109,1127
113900290,388,161,227
113900291,104,151,-47
113900292,23,5,18
113900293,15,243,-228
113900294,372,14,358
113900295,393,344,49
113900296,1065,172,893
113900297,1694,36,1658
113900298,16,1450,-1434
113900299,41,225,-184
113900300,3063,1404,1659
113900301,904,307,597
113900302,2296,821,1475
113900303,496,321,175
113900304,3,115,-112
113900305,41,0,41
113900306,12,0,12
113900307,94,0,94
113900308,73,111,-38
113900309,0,663,-663
113900310,1,12,-11
113900311,1,0,1
113900312,79,156,-77
113900313,14,8,6
113900314,2,33,-31
113900315,21,2,19
114000001,1003,3275,-2272
114000002,185,374,-189
114000003,173,1019,-846
114000004,288,316,-28
114000005,176,208,-32
114000006,3053,1974,1079
114000007,605,1044,-439
114000008,1466,1339,127
114000009,550,191,359
114000011,2319,3205,-886
114000012,1756,2186,-430
114000013,1462,1926,-464
114000014,630,550,80
114000015,1412,524,888
114000016,186,325,-139
114000017,102,209,-107
114000018,336,66,270
114000026,1265,1511,-246
114000027,2559,2067,492
114000028,1970,2497,-527
114000038,240,125,115
114000039,173,250,-77
114000040,75,136,-61
114000042,165,225,-60
114000043,416,231,185
114000044,212,257,-45
114000045,60,77,-17
114000046,3153,4086,-933
114000047,30,60,-30
114000048,140,178,-38
114000049,1491,1322,169
114000050,1452,1740,-288
114000051,3557,1636,1921
114000052,4655,1221,3434
114000053,102,356,-254
114000054,157,875,-718
114000055,395,25,370
114000056,1172,658,514
114000057,7456,1947,5509
114000058,547,1367,-820
114000059,283,319,-36
114000060,708,840,-132
114000061,3254,2285,969
114000062,2419,1044,1375
114000063,3235,1649,1586
114000064,6019,3307,2712
114000065,1614,2175,-561
114000066,354,611,-257
114000067,26,626,-600
114000068,355,578,-223
114000069,813,348,465
114000070,2294,1517,777
114000071,635,381,254
114000072,289,299,-10
114000073,20,64,-44
114000074,63,20,43
114000075,61,118,-57
114000076,25,127,-102
114000077,8,41,-33
114000078,203,675,-472
114000079,90,38,52
114000080,70,110,-40
114000081,69,92,-23
114000082,39,599,-560
114000083,68,253,-185
114000084,239,86,153
114000085,103,648,-545
114000086,215,455,-240
114000087,46,234,-188
114000088,48,47,1
114000089,1258,448,810
114000090,685,704,-19
114000091,1484,678,806
114000092,852,398,454
114000093,954,711,243
114000094,481,377,104
114000095,326,96,230
114000096,154,373,-219
114000097,133,770,-637
114000098,341,99,242
114000099,432,796,-364
114000100,953,690,263
114000101,360,838,-478
114000102,376,329,47
114000103,140,461,-321
114000104,15,247,-232
114000105,58,73,-15
114000106,924,748,176
114000107,235,127,108
114000108,3448,1360,2088
114000109,383,1191,-808
114000110,506,1740,-1234
114000111,1141,575,566
114000112,462,2684,-2222
114000113,1225,409,816
114000114,1210,1775,-565
114000115,2016,824,1192
114000116,473,1325,-852
114000117,2084,434,1650
114000118,1681,402,1279
114000119,1311,392,919
114000120,609,839,-230
114000121,506,686,-180
114000122,671,292,379
114000123,1353,293,1060
114000124,901,264,637
114000125,745,1445,-700
114000126,1148,189,959
114000127,144,145,-1
114000128,824,451,373
114000130,546,416,130
114000131,227,75,152
114000132,625,687,-62
114000133,883,1240,-357
114000134,53,179,-126
114000138,45,177,-132
114000139,575,174,401
114000144,539,397,142
114000145,68,204,-136
114000146,77,276,-199
114000147,965,1358,-393
114000148,2176,1753,423
114000149,292,264,28
114000150,2247,1222,1025
114000151,2064,1509,555
114000152,176,21,155
114000153,1489,2042,-553
114000154,961,832,129
114000155,1133,2143,-1010
114000156,938,404,534
114000157,367,893,-526
114000158,1892,624,1268
114000159,206,333,-127
114000160,77,221,-144
114000161,1529,2219,-690
114000162,849,1566,-717
114000163,13,150,-137
114000165,416,207,209
114000166,713,293,420
114000167,4062,1218,2844
114000168,626,587,39
114000169,1540,842,698
114000170,1204,845,359
114000171,880,2574,-1694
114000174,179,444,-265
114000176,657,373,284
114000177,2121,788,1333
114000178,12,34,-22
114000179,1202,840,362
114000180,462,627,-165
114000181,1525,2847,-1322
114000182,4542,2268,2274
114000183,864,978,-114
114000184,6445,1434,5011
114000185,842,829,13
114000189,609,112,497
114000190,1956,238,1718
114000191,31,61,-30
114000192,249,1579,-1330
114000193,841,3157,-2316
114000194,1249,1035,214
114000195,145,10,135
114000196,2,229,-227
114000197,860,20,840
114000198,1132,380,752
114000199,2095,1340,755
114000200,798,2021,-1223
114000201,288,985,-697
114000202,791,643,148
114000203,575,956,-381
114000204,102,451,-349
114000205,200,1581,-1381
114000206,483,1236,-753
114000207,709,2013,-1304
114000208,390,3185,-2795
114000209,635,2711,-2076
114000210,294,1569,-1275
114000211,1001,1489,-488
114000212,499,781,-282
114000213,1228,602,626
114000214,80,208,-128
114000215,175,70,105
114000216,1100,321,779
114000217,183,302,-119
114000218,121,286,-165
114000219,999,212,787
114000220,24,1306,-1282
114000221,525,153,372
114000222,164,1117,-953
114000223,394,105,289
114000224,117,731,-614
114000225,193,556,-363
114000226,106,236,-130
114000227,793,494,299
114000228,598,880,-282
114000229,840,1227,-387
114000230,1353,1324,29
114000231,723,1262,-539
114000232,502,160,342
114000233,1617,136,1481
114000234,1087,840,247
114000235,951,1470,-519
114000236,0,428,-428
114000237,98,971,-873
114000238,125,233,-108
114000239,137,1262,-1125
114000240,651,614,37
114000241,254,1033,-779
114000242,1106,948,158
114000243,1279,910,369
114000244,513,368,145
114000245,314,598,-284
114000246,220,36,184
114000247,614,630,-16
114000248,698,541,157
114000249,497,531,-34
114000250,445,634,-189
114000251,315,341,-26
114000252,75,83,-8
114000253,37,120,-83
114000254,17,69,-52
114000255,604,148,456
114000256,1772,1358,414
114000257,730,1594,-864
114000258,243,379,-136
114000259,71,241,-170
114000260,1,36,-35
114000261,43,42,1
114000262,68,181,-113
114000263,13,2,11
114000264,829,442,387
114000265,0,0,0
114000267,3,1683,-1680
114000268,3,1671,-1668
114000270,144,8,136
114000271,525,79,446
114000283,861,354,507
114000285,17,257,-240
114000288,67,309,-242
114000289,1171,192,979
114000293,93,485,-392
114000294,125,293,-168
114000395,1820,64,1756
114000396,425,363,62
114000402,357,282,75
114000403,230,411,-181
114000405,75,467,-392
114000423,176,398,-222
114000424,287,145,142
114000425,400,444,-44
114000426,301,761,-460
114000427,38,104,-66
114000428,319,158,161
114000429,15,183,-168
114000432,66,134,-68
114000434,62,87,-25
114000435,0,112,-112
114900001,501,1289,-788
114900002,339,43,296
114900003,472,1970,-1498
114900004,196,258,-62
114900005,421,952,-531
114900006,84,45,39
114900007,137,12,125
114900008,112,58,54
114900010,2246,2122,124
114900011,134,93,41
114900013,167,96,71
114900018,670,24,646
114900020,188,61,127
114900022,12,596,-584
114900025,276,232,44
114900026,60,83,-23
114900029,131,42,89
114900030,297,231,66
114900031,256,30,226
114900032,196,38,158
114900034,39,255,-216
114900035,160,247,-87
114900036,243,873,-630
114900039,413,607,-194
114900040,76,212,-136
114900041,518,585,-67
114900042,595,844,-249
114900044,82,23,59
114900047,204,1476,-1272
114900048,69,374,-305
114900049,34,324,-290
114900050,51,508,-457
114900051,15,359,-344
114900052,38,203,-165
114900053,39,296,-257
114900054,35,140,-105
114900057,147,10,137
114900058,1,78,-77
114900059,63,42,21
114900063,62,219,-157
114900064,916,582,334
114900065,332,675,-343
114900067,78,395,-317
114900068,94,326,-232
114900069,217,161,56
114900070,526,504,22
114900072,8,270,-262
114900073,2,172,-170
114900074,411,732,-321
114900075,133,5,128
114900076,17,306,-289
114900080,2713,426,2287
114900082,3663,1777,1886
114900083,1151,1129,22
114900090,285,229,56
114900091,156,206,-50
114900097,97,2,95
114900098,4,228,-224
114900099,161,5,156
115000001,7784,4866,2918
115000002,3096,3538,-442
115000003,4977,3913,1064
115000004,3120,5152,-2032
115000005,1595,2537,-942
115000006,955,1639,-684
115000007,173,204,-31
115000008,377,519,-142
115000009,281,291,-10
115000010,348,125,223
115000013,116,240,-124
115000015,113,396,-283
115000016,47,132,-85
115000019,42,524,-482
115000020,163,475,-312
115000021,232,450,-218
115000022,495,311,184
115000023,240,468,-228
115000024,997,424,573
115000025,723,513,210
115000026,109,379,-270
115000027,204,234,-30
115000028,163,705,-542
115000029,468,95,373
115000030,520,852,-332
115000031,1018,184,834
115000032,7,267,-260
115000033,225,30,195
115000034,94,890,-796
115000035,932,71,861
115000036,1,365,-364
115000037,503,18,485
115000038,31,190,-159
115000039,3332,2582,750
115000040,6065,3276,2789
115000041,1301,2464,-1163
115000042,808,663,145
115000043,3087,2285,802
115000044,3297,4125,-828
115000045,2552,2190,362
115000046,1838,2585,-747
115000047,1609,1939,-330
115000048,1520,2811,-1291
115000049,1635,3547,-1912
115000050,3024,1939,1085
115000051,1777,2439,-662
115000052,2800,1906,894
115000053,1283,1591,-308
115000054,657,1368,-711
115000055,158,427,-269
115000056,216,437,-221
115000057,739,657,82
115000058,335,193,142
115000059,228,134,94
115000061,303,93,210
115000062,199,332,-133
115000063,213,369,-156
115000064,339,128,211
115000065,57,377,-320
115000067,190,47,143
115000069,40,329,-289
115000070,32,808,-776
115000071,115,21,94
115000072,13,58,-45
115000073,1382,53,1329
115000075,73,71,2
115000076,3749,2950,799
115000077,1614,2746,-1132
115000078,973,1751,-778
115000079,1107,2083,-976
115000080,1732,2534,-802
115000081,414,923,-509
115000082,3016,3242,-226
115000083,1840,2575,-735
115000084,1461,1190,271
115000085,616,921,-305
115000086,832,817,15
115000087,517,1446,-929
115000088,1489,549,940
115000089,1454,1316,138
115000090,496,779,-283
115000091,292,1106,-814
115000092,367,351,16
115000093,363,1,362
115000094,7248,4824,2424
115000095,5506,4697,809
115000096,545,1789,-1244
115000097,650,857,-207
115000098,735,844,-109
115000099,1990,3192,-1202
115000100,792,485,307
115000101,490,1638,-1148
115000102,426,219,207
115000103,318,731,-413
115000105,44,192,-148
115000106,422,279,143
115000107,153,492,-339
115000108,3740,2392,1348
115000109,4686,2915,1771
115000110,1099,947,152
115000111,555,1641,-1086
115000112,616,497,119
115000113,479,662,-183
115000114,1311,669,642
115000116,3381,1601,1780
115000117,3451,2334,1117
115000118,1936,1623,313
115000119,1675,1885,-210
115000120,516,953,-437
115000121,1451,801,650
115000122,2760,1454,1306
115000123,1379,1551,-172
115000124,1236,1024,212
115000125,423,564,-141
115000126,162,256,-94
115000127,578,109,469
115000128,627,772,-145
115000129,342,307,35
115000130,329,916,-587
115000131,696,325,371
115000132,169,378,-209
115000133,388,361,27
115000134,206,180,26
115000135,197,211,-14
115000136,207,209,-2
115000137,101,151,-50
115000138,220,265,-45
115000139,278,231,47
115000140,248,227,21
115000141,191,270,-79
115000142,198,297,-99
115000143,444,597,-153
115000144,467,80,387
115000145,248,405,-157
115000146,314,231,83
115000147,487,499,-12
115000148,282,1141,-859
115000149,476,185,291
115000150,626,1195,-569
115000151,839,426,413
115000152,459,1389,-930
115000153,737,416,321
115000154,611,302,309
115000155,555,1014,-459
115000156,1286,595,691
115000157,1087,774,313
115000158,772,363,409
115000159,855,370,485
115000160,404,243,161
115000161,164,531,-367
115000162,644,688,-44
115000163,528,533,-5
115000164,662,514,148
115000165,472,423,49
115000167,142,110,32
115000168,650,272,378
115000169,764,272,492
115000170,337,100,237
115000171,446,216,230
115000172,1134,493,641
115000173,315,381,-66
115000174,195,317,-122
115000175,244,76,168
115000176,156,59,97
115000177,159,34,125
115000178,32,157,-125
115000179,47,16,31
115000180,108,584,-476
115000181,520,115,405
115000182,637,300,337
115000183,201,838,-637
115000186,612,258,354
115000187,140,814,-674
115000188,408,489,-81
115000189,195,399,-204
115000190,698,582,116
115000191,203,434,-231
115000194,168,159,9
115000195,292,277,15
115000196,108,128,-20
115000197,219,343,-124
115000198,189,216,-27
115000199,239,190,49
115000200,269,121,148
115000201,210,361,-151
115000206,249,53,196
115000207,79,307,-228
115000208,419,563,-144
115000209,505,263,242
115000210,127,129,-2
115000211,186,209,-23
115000212,1855,216,1639
115000224,441,51,390
115000225,45,73,-28
115000229,177,164,13
115000230,94,326,-232
115000231,350,2249,-1899
115000232,1193,268,925
115000233,173,175,-2
115000234,24,304,-280
115000241,45,227,-182
115000242,48,313,-265
115000243,39,201,-162
115000244,7,103,-96
115000246,55,13,42
115000247,32,24,8
115000248,27,20,7
115000249,54,7,47
115000250,351,36,315
115000251,159,117,42
115000252,89,204,-115
115000253,24,314,-290
115000258,216,164,52
115000259,256,126,130
115000261,7,30,-23
115000262,7,19,-12
115000263,20,72,-52
115000264,12,67,-55
115000267,69,62,7
115000268,31,132,-101
115000269,92,62,30
115000270,2,14,-12
115000272,51,178,-127
115000273,319,31,288
115000280,1757,144,1613
115000281,391,481,-90
115000282,774,504,270
115000284,301,190,111
115000296,1229,18,1211
115000297,237,94,143
115000298,87,288,-201
115000300,205,133,72
115000302,513,187,326
115000303,604,118,486
115000304,542,96,446
115000305,82,897,-815
115000306,139,438,-299
115000307,79,216,-137
115000308,26,7,19
115000310,864,971,-107
115000311,610,1261,-651
115000313,146,682,-536
115000314,392,126,266
115000315,1208,539,669
115000316,39,85,-46
115000317,127,437,-310
115000318,776,262,514
115000319,57,386,-329
115000320,18,236,-218
115000321,498,4,494
115000322,49,223,-174
115000449,139,201,-62
115000557,73,938,-865
115000558,601,85,516
115000587,469,304,165
115000588,2587,3204,-617
115000589,3287,2740,547
115000590,1139,1216,-77
115000591,1200,684,516
115000592,836,1662,-826
115000593,1303,534,769
115000594,863,2254,-1391
115000609,289,226,63
115000617,1815,2756,-941
115000624,184,63,121
115000633,369,1938,-1569
115000634,2256,755,1501
115000635,466,128,338
115000638,998,667,331
115000641,75,130,-55
115000642,341,285,56
115000643,101,455,-354
115000644,114,390,-276
115000646,767,1227,-460
115000647,146,373,-227
115000648,1356,1794,-438
115000893,3550,1546,2004
115000894,163,1234,-1071
115000895,588,1000,-412
115000896,1956,329,1627
115000897,406,101,305
115000898,558,232,326
115000899,593,1453,-860
115000900,158,426,-268
115000901,95,131,-36
115000912,282,127,155
115000913,4,13,-9
115000915,70,0,70
115000916,22,0,22
115000917,0,4,-4
115000918,70,281,-211
115000919,18,14,4
115000920,117,60,57
115000921,773,129,644
115000922,2168,709,1459
115000923,652,1144,-492
115000925,85,73,12
115000927,36,57,-21
115000933,648,295,353
115000934,130,173,-43
115000935,101,66,35
115000936,68,468,-400
115000937,1241,171,1070
115000938,313,233,80
115000939,332,194,138
115000940,36,19,17
115000941,36,27,9
115000942,222,110,112
115000943,147,32,115
115000944,16,13,3
115900001,77,51,26
115900002,88,91,-3
115900003,98,119,-21
115900004,2,52,-50
115900005,112,5,107
115900006,94,326,-232
115900008,49,9,40
115900009,95,273,-178
115900010,182,170,12
115900011,453,246,207
115900012,77,87,-10
115900013,356,146,210
115900014,92,147,-55
115900015,101,93,8
115900016,61,29,32
115900017,10,6,4
115900018,155,97,58
115900019,87,15,72
115900020,44,2,42
115900021,1253,171,1082
115900022,1766,12,1754
115900023,52,1,51
115900025,46,168,-122
115900026,670,290,380
115900027,0,330,-330
115900028,642,55,587
115900029,8,432,-424
115900030,12,19,-7
115900031,409,204,205
115900032,427,534,-107
115900033,0,43,-43
115900034,20,445,-425
115900035,29,13,16
115900036,143,507,-364
115900037,35,336,-301
115900038,50,9,41
115900039,114,267,-153
115900041,491,379,112
115900042,20,3,17
115900043,79,85,-6
115900044,210,187,23
115900046,169,223,-54
115900047,119,82,37
115900049,83,179,-96
115900051,0,41,-41
115900052,9,278,-269
115900053,125,200,-75
115900054,106,49,57
115900055,10,166,-156
115900056,159,250,-91
115900057,61,7,54
115900058,18,55,-37
115900060,34,76,-42
115900061,182,0,182
115900062,6,394,-388
115900063,64,6,58
115900064,163,311,-148
115900065,76,77,-1
115900066,190,128,62
115900067,6,698,-692
115900068,3253,736,2517
115900069,42,205,-163
115900070,135,176,-41
115900071,0,479,-479
115900072,47,156,-109
115900073,36,73,-37
115900074,15,359,-344
115900075,21,210,-189
115900076,4,74,-70
115900077,3,275,-272
115900078,42,102,-60
115900079,143,19,124
115900080,472,207,265
115900081,20,60,-40
115900082,144,119,25
115900084,232,22,210
115900085,44,74,-30
115900086,1302,455,847
115900088,16,35,-19
115900089,161,802,-641
115900090,182,19,163
115900091,3,15,-12
115900092,14,176,-162
115900093,3,9,-6
115900094,4,343,-339
115900096,2,8,-6
115900097,4,390,-386
115900098,165,484,-319
115900099,113,44,69
115900100,10,633,-623
115900101,94,350,-256
115900102,51,68,-17
115900103,215,212,3
115900104,67,110,-43
115900105,100,524,-424
115900106,44,28,16
115900107,24,111,-87
115900108,50,27,23
115900109,46,370,-324
115900110,2,18,-16
115900111,1,84,-83
115900112,32,709,-677
115900113,36,17,19
115900114,6,129,-123
115900115,52,121,-69
115900116,63,832,-769
115900117,76,14,62
115900118,3,279,-276
115900119,87,84,3
115900120,34,347,-313
115900121,122,189,-67
115900124,132,460,-328
115900125,187,37,150
115900126,470,92,378
115900127,415,66,349
115900128,19,95,-76
115900129,543,57,486
115900130,21,234,-213
115900131,237,18,219
115900132,408,13,395
115900134,261,19,242
115900135,485,656,-171
115900137,40,4,36
115900139,77,48,29
115900140,142,16,126
115900141,9,42,-33
115900142,15,24,-9
115900143,300,213,87
115900144,54,171,-117
115900146,7,149,-142
115900147,209,188,21
115900148,47,8,39
115900149,33,34,-1
115900150,82,77,5
115900151,9,56,-47
115900152,81,258,-177
115900153,74,178,-104
115900154,363,270,93
115900155,0,57,-57
115900156,549,688,-139
115900157,124,362,-238
115900158,27,7,20
115900159,68,252,-184
115900160,6,7,-1
115900161,62,132,-70
115900163,132,87,45
115900164,364,2,362
115900166,184,179,5
115900168,74,141,-67
115900171,128,345,-217
115900172,62,101,-39
115900173,178,130,48
115900174,202,178,24
115900175,68,199,-131
115900178,3,550,-547
115900179,139,12,127
115900180,29,208,-179
115900181,124,203,-79
115900182,267,250,17
115900183,61,47,14
115900184,1500,15,1485
115900187,11,129,-118
115900189,0,103,-103
115900190,232,866,-634
115900191,45,363,-318
115900192,6,79,-73
115900193,69,75,-6
115900194,469,56,413
115900195,560,1315,-755
115900198,163,264,-101
115900199,111,201,-90
115900200,243,269,-26
115900201,315,228,87
115900202,5,54,-49
115900203,2,10,-8
115900204,0,0,0
115900205,182,15,167
115900206,155,133,22
115900207,19,23,-4
115900208,104,212,-108
115900209,4,129,-125
115900210,2,117,-115
115900211,1,198,-197
115900212,80,221,-141
115900213,168,38,130
115900214,330,130,200
115900215,9,36,-27
115900216,5,51,-46
115900217,1,23,-22
115900218,6,32,-26
115900219,64,9,55
115900220,98,11,87
115900221,41,16,25
115900222,16,17,-1
115900223,11,189,-178
115900224,1292,662,630
115900225,105,16,89
115900226,43,46,-3
115900227,4,26,-22
115900228,2,49,-47
115900229,12,71,-59
115900230,42,97,-55
115900231,94,2,92
115900232,109,3,106
115900233,40,9,31
115900234,50,28,22
115900235,33,40,-7
115900236,56,23,33
115900237,5,18,-13
115900238,19,16,3
115900239,10,35,-25
115900240,9,53,-44
115900241,96,69,27
115900242,325,316,9
115900243,6,4,2
115900244,2,7,-5
115900245,23,3,20
115900246,3,4,-1
115900247,26,11,15
115900248,13,5,8
115900249,2,7,-5
115900250,3,22,-19
115900251,1,15,-14
115900252,1,4,-3
115900253,11,15,-4
115900254,18,24,-6
115900255,2,26,-24
115900256,30,72,-42
115900257,3,3,0
115900258,0,0,0
115900259,14,3,11
115900260,14,4,10
115900261,2,4,-2
115900262,2,2,0
115900263,5,2,3
115900264,2,2,0
115900265,8,2,6
115900266,8,14,-6
115900267,3,15,-12
115900268,5,5,0
115900269,299,380,-81
115900270,246,576,-330
115900271,76,1,75
115900272,16,2,14
115900273,10,12,-2
115900274,7,4,3
115900275,0,13,-13
115900276,0,41,-41
115900277,1,104,-103
115900278,24,95,-71
115900279,18,118,-100
115900280,11,248,-237
115900281,624,262,362
115900282,30,8,22
115900283,8,7,1
115900284,10,8,2
116000001,12495,5614,6881
116000002,3557,8397,-4840
116000003,1595,1995,-400
116000004,2202,2741,-539
116000005,3708,3059,649
116000006,3411,1431,1980
116000007,3669,3710,-41
116000008,3703,1843,1860
116000009,1741,2773,-1032
116000010,2105,1102,1003
116000011,959,2068,-1109
116000012,995,849,146
116000013,15829,4767,11062
116000014,17780,11828,5952
116000015,352,1173,-821
116000016,5608,2860,2748
116000017,39,716,-677
116000018,580,384,196
116000019,989,355,634
116000020,427,1012,-585
116000021,429,347,82
116000022,456,441,15
116000023,898,828,70
116000024,665,1018,-353
116000025,947,615,332
116000026,1856,2073,-217
116000027,1081,515,566
116000028,479,803,-324
116000029,971,670,301
116000030,723,432,291
116000031,114,243,-129
116000032,370,231,139
116000033,306,448,-142
116000034,1193,1320,-127
116000035,575,747,-172
116000036,1678,744,934
116000037,749,594,155
116000038,736,386,350
116000039,549,215,334
116000040,1963,202,1761
116000041,218,356,-138
116000042,511,198,313
116000043,74,544,-470
116000044,11,99,-88
116000045,1982,1422,560
116000046,1608,1392,216
116000047,3007,3720,-713
116000048,2801,1705,1096
116000049,946,2259,-1313
116000050,1321,1966,-645
116000051,5492,2270,3222
116000052,6160,4556,1604
116000053,2861,1359,1502
116000054,1261,2528,-1267
116000055,591,1389,-798
116000056,721,1379,-658
116000057,4117,2032,2085
116000058,3252,2093,1159
116000059,2995,5166,-2171
116000060,2330,845,1485
116000061,839,1105,-266
116000062,1177,210,967
116000063,827,1103,-276
116000066,211,558,-347
116000067,285,586,-301
116000068,197,276,-79
116000069,212,329,-117
116000078,322,1053,-731
116000080,1497,988,509
116000082,9,65,-56
116000083,1313,408,905
116000084,1923,4322,-2399
116000085,1700,1412,288
116000086,2281,1566,715
116000087,1276,1229,47
116000088,712,1001,-289
116000089,184,118,66
116000090,131,145,-14
116000091,195,238,-43
116000093,477,379,98
116000094,516,677,-161
116000095,533,592,-59
116000096,564,1150,-586
116000097,501,737,-236
116000098,194,4822,-4628
116000099,7793,420,7373
116000100,126,7,119
116000101,505,938,-433
116000102,274,1384,-1110
116000103,375,276,99
116000104,176,1615,-1439
116000105,913,179,734
116000106,387,1140,-753
116000107,1469,459,1010
116000108,268,166,102
116000111,178,38,140
116000113,70,110,-40
116000114,55,178,-123
116000115,162,104,58
116000116,272,457,-185
116000117,1354,2060,-706
116000118,1156,1271,-115
116000119,2087,2157,-70
116000120,2627,4119,-1492
116000121,559,467,92
116000122,1458,1827,-369
116000123,605,376,229
116000124,360,932,-572
116000125,1823,623,1200
116000126,182,1525,-1343
116000127,1149,1453,-304
116000128,1143,823,320
116000129,893,185,708
116000130,415,290,125
116000133,548,1140,-592
116000134,1714,2515,-801
116000135,1900,1470,430
116000136,1272,2294,-1022
116000137,1017,673,344
116000138,614,488,126
116000139,1877,2100,-223
116000140,172,256,-84
116000141,304,787,-483
116000142,3889,3543,346
116000143,1810,1651,159
116000144,1200,2630,-1430
116000145,1415,1417,-2
116000146,340,316,24
116000147,434,149,285
116000148,462,358,104
116000149,613,543,70
116000151,739,765,-26
116000153,90,934,-844
116000155,266,367,-101
116000156,353,920,-567
116000157,41,24,17
116000158,312,380,-68
116000159,20,0,20
116000160,8,74,-66
116000161,9,84,-75
116000162,78,120,-42
116000163,14,8,6
116000164,2,8,-6
116000177,118,138,-20
116000194,128,345,-217
116000195,1746,678,1068
116000196,5,1,4
116000197,3,11,-8
116000198,2743,1155,1588
116000200,783,576,207
116000201,650,709,-59
116000202,10,263,-253
116000203,5,93,-88
116000204,13,68,-55
116000205,0,180,-180
116000206,0,124,-124
116000207,4,50,-46
116000233,152,535,-383
116000287,112,536,-424
116000288,160,253,-93
116000292,35,92,-57
116000296,13,182,-169
116000297,116,46,70
116000304,82,35,47
116000305,31,72,-41
116000346,106,119,-13
116000352,113,21,92
116000354,50,11,39
116000357,23,24,-1
116000358,203,45,158
116000361,442,2,440
116000372,9459,3423,6036
116000381,107,0,107
116000388,0,48,-48
116000389,790,585,205
116000445,233,672,-439
116000446,361,837,-476
116000447,14,387,-373
116000448,547,218,329
116000563,1141,959,182
116000565,43,433,-390
116000568,30,127,-97
116000579,34,108,-74
116000583,120,92,28
116000584,23,10,13
116000585,16,25,-9
116000586,164,92,72
116000587,596,519,77
116000589,25,61,-36
116000590,49,47,2
116000591,136,342,-206
116000592,21,107,-86
116000593,0,57,-57
116000594,465,441,24
116000595,690,159,531
116000596,67,2,65
116000597,217,63,154
116000598,25,209,-184
116000605,251,136,115
116000606,47,180,-133
116000607,6,35,-29
116000609,182,848,-666
116000611,93,520,-427
116000612,737,1876,-1139
116000613,424,332,92
116000614,410,699,-289
116000615,1,226,-225
116000616,52,151,-99
116000617,95,83,12
116000618,4,144,-140
116000619,17,46,-29
116000620,81,361,-280
116000621,44,108,-64
116000622,43,203,-160
116000624,167,76,91
116000627,62,128,-66
116000628,49,404,-355
116000629,23,285,-262
116000630,167,35,132
116000631,108,47,61
116000632,375,119,256
116000633,118,307,-189
116000634,270,196,74
116000635,3620,1803,1817
116000636,2040,1135,905
116000637,379,103,276
116000638,80,491,-411
116000639,86,7,79
116000640,24,23,1
116000641,57,169,-112
116000643,1,142,-141
116000644,28,653,-625
116000645,102,7,95
116900001,189,159,30
116900002,157,6,151
116900003,24,63,-39
116900004,32,58,-26
116900005,185,28,157
116900006,161,96,65
116900007,99,156,-57
116900008,246,371,-125
116900009,8,3,5
116900010,563,1715,-1152
116900011,9,44,-35
116900012,133,185,-52
116900013,11,164,-153
116900014,74,287,-213
116900015,223,58,165
116900016,129,3,126
116900017,5,640,-635
116900018,32,48,-16
116900019,8,306,-298
116900020,1249,494,755
116900023,41,3,38
116900024,319,40,279
116900025,717,972,-255
116900026,154,714,-560
116900027,8,65,-57
116900028,1,105,-104
116900029,2,32,-30
116900031,2,3,-1
116900032,7,401,-394
116900033,6,12,-6
116900034,3,78,-75
116900035,128,193,-65
116900036,3,86,-83
116900038,4,2,2
116900041,17,5,12
116900042,774,207,567
116900043,14,103,-89
116900047,66,65,1
116900049,36,253,-217
116900050,120,571,-451
116900051,69,204,-135
116900052,242,59,183
116900055,0,5,-5
116900057,19,252,-233
116900058,26,470,-444
116900059,0,132,-132
116900060,162,200,-38
116900062,1,10,-9
116900064,54,842,-788
116900065,22,158,-136
116900067,99,89,10
116900068,93,313,-220
116900070,9,2,7
116900072,25,424,-399
116900073,7,137,-130
116900074,7,43,-36
116900076,8,34,-26
116900077,8,210,-202
116900078,224,109,115
116900079,32,351,-319
116900080,6,14,-8
116900081,314,1347,-1033
116900082,383,823,-440
116900083,62,110,-48
116900084,200,43,157
116900085,26,161,-135
116900086,68,239,-171
116900088,362,36,326
116900090,152,70,82
116900091,158,103,55
116900092,76,734,-658
116900093,1307,2569,-1262
116900094,4700,4033,667
116900095,407,142,265
116900096,78,150,-72
116900097,4040,2124,1916
116900098,871,256,615
116900099,622,445,177
116900100,676,24,652
116900101,186,524,-338
116900103,4,3,1
116900104,63,74,-11
116900105,250,72,178
116900106,691,3,688
116900107,4166,1601,2565
116900110,18,0,18
116900111,456,875,-419
116900112,183,1052,-869
116900113,2450,978,1472
116900116,158,310,-152
116900117,82,65,17
116900118,859,726,133
116900120,190,74,116
116900121,48,14,34
116900122,520,796,-276
116900123,105,743,-638
116900124,164,993,-829
116900125,200,226,-26
116900126,167,452,-285
116900128,4,33,-29
116900129,0,322,-322
116900130,764,2448,-1684
116900131,93,203,-110
116900132,18,70,-52
116900133,87,65,22
116900134,134,198,-64
116900136,169,173,-4
116900137,391,149,242
116900138,204,236,-32
116900139,103,385,-282
116900140,160,154,6
116900141,611,364,247
116900142,0,36,-36
116900143,271,352,-81
116900144,10,53,-43
116900145,111,252,-141
116900147,870,251,619
116900148,5,25,-20
116900149,30,199,-169
116900150,6,12,-6
116900151,32,23,9
116900153,70,73,-3
116900154,770,329,441
116900155,52,49,3
116900157,398,348,50
116900158,1063,180,883
116900159,38,321,-283
116900160,2319,264,2055
116900161,7431,4780,2651
116900162,29,146,-117
116900163,132,158,-26
116900164,160,27,133
116900165,170,109,61
116900166,19,96,-77
116900167,276,61,215
116900168,305,53,252
116900169,1375,278,1097
116900170,185,379,-194
116900171,39,225,-186
116900172,220,159,61
116900173,185,54,131
116900174,14,36,-22
116900175,284,100,184
116900178,15,156,-141
116900179,77,189,-112
116900180,56,35,21
116900182,338,171,167
116900183,81,71,10
116900185,13,28,-15
116900186,103,279,-176
116900187,62,27,35
116900188,105,24,81
116900189,23,0,23
116900191,309,481,-172
116900192,211,139,72
116900194,68,765,-697
116900195,34,11,23
116900196,27,135,-108
116900197,68,4,64
116900198,262,146,116
116900200,38,27,11
116900201,72,16,56
116900202,129,47,82
116900203,74,3,71
116900204,34,61,-27
116900206,15,26,-11
116900207,43,28,15
116900208,7,107,-100
116900209,29,117,-88
116900210,381,247,134
116900211,139,10,129
116900212,62,86,-24
116900213,171,184,-13
116900214,92,125,-33
116900215,22,73,-51
116900216,244,207,37
116900218,10,283,-273
116900219,1100,436,664
116900220,107,179,-72
116900221,50,298,-248
116900222,294,325,-31
116900223,79,211,-132
116900226,46,69,-23
116900227,194,68,126
116900228,216,293,-77
116900230,33,297,-264
116900231,12,443,-431
116900232,6,486,-480
116900233,127,89,38
116900234,0,3,-3
116900235,297,308,-11
116900238,1498,365,1133
116900239,78,1150,-1072
116900240,6419,4088,2331
116900241,43,103,-60
116900242,1163,431,732
116900243,1,33,-32
116900245,13,17,-4
116900246,86,33,53
116900247,472,14,458
116900248,67,27,40
116900249,201,59,142
116900250,244,78,166
116900251,409,480,-71
116900252,73,868,-795
116900254,18,82,-64
116900255,73,49,24
116900256,222,155,67
116900257,21,585,-564
116900258,4,265,-261
116900259,96,3,93
116900260,2,172,-170
116900261,27,0,27
116900262,90,130,-40
116900263,0,11,-11
116900264,35,48,-13
116900265,21,0,21
116900266,6,63,-57
116900267,1,2,-1
116900268,113,7,106
116900269,368,507,-139
116900271,1051,150,901
116900272,671,553,118
116900273,399,60,339
116900274,68,66,2
116900275,108,117,-9
116900276,292,100,192
116900277,499,16,483
116900278,8,5,3
116900279,0,18,-18
116900280,11,19,-8
116900281,7152,3305,3847
116900282,2,114,-112
116900283,12,127,-115
116900284,7,172,-165
116900285,248,396,-148
116900286,119,11,108
116900287,2,80,-78
116900288,42,142,-100
116900289,8,17,-9
116900290,4,48,-44
116900291,16,5,11
116900292,0,22,-22
116900293,58,66,-8
116900294,29,106,-77
116900295,737,32,705
116900296,154,45,109
116900297,6,63,-57
116900298,84,44,40
116900299,74,67,7
116900300,10,64,-54
116900301,86,93,-7
116900302,114,62,52
116900303,428,94,334
116900304,0,140,-140
116900305,39,100,-61
116900306,128,156,-28
116900307,70,1,69
116900308,0,185,-185
116900309,60,83,-23
116900310,7,59,-52
116900311,1,110,-109
117000001,2029,1852,177
117000002,2680,5659,-2979
117000003,8756,3162,5594
117000004,5060,6138,-1078
117000005,2206,1835,371
117000006,1561,4594,-3033
117000007,3830,1449,2381
117000008,1322,5458,-4136
117000009,4994,2026,2968
117000010,3054,5061,-2007
117000011,1694,2059,-365
117000012,1252,1876,-624
117000013,2277,1176,1101
117000014,1962,2935,-973
117000015,3723,1416,2307
117000016,807,70,737
117000017,1110,129,981
117000018,260,475,-215
117000019,367,38,329
117000020,456,1218,-762
117000021,2450,754,1696
117000022,839,68,771
117000023,1281,229,1052
117000024,685,89,596
117000025,2177,545,1632
117000026,5749,938,4811
117000027,2156,1824,332
117000028,4212,1105,3107
117000030,812,588,224
117000031,436,309,127
117000032,3023,1385,1638
117000033,1329,1025,304
117000034,496,419,77
117000035,312,361,-49
117000036,543,471,72
117000037,333,304,29
117000038,346,786,-440
117000039,531,346,185
117000040,229,999,-770
117000041,782,223,559
117000044,46,876,-830
117000045,544,58,486
117000046,715,776,-61
117000047,1112,799,313
117000048,2433,1832,601
117000049,87,623,-536
117000050,139,2275,-2136
117000051,1702,202,1500
117000052,25,453,-428
117000053,401,75,326
117000054,1438,7,1431
117000055,98,3554,-3456
117000056,457,28,429
117000057,701,2469,-1768
117000060,459,1854,-1395
117000061,2041,1187,854
117000062,291,611,-320
117000063,1900,924,976
117000064,964,931,33
117000066,964,782,182
117000067,180,378,-198
117000074,145,334,-189
117000076,49,53,-4
117000077,128,126,2
117000078,166,796,-630
117000079,315,269,46
117000080,0,345,-345
117000081,1220,130,1090
117000082,43,86,-43
117000083,572,452,120
117000084,465,3,462
117000085,225,643,-418
117000086,895,643,252
117000087,85,528,-443
117000088,275,324,-49
117000089,1441,347,1094
117000090,251,1673,-1422
117000091,651,340,311
117000092,422,1883,-1461
117000093,1060,833,227
117000094,1138,3056,-1918
117000095,2844,999,1845
117000096,580,2812,-2232
117000097,951,1221,-270
117000098,2786,5702,-2916
117000099,2368,1185,1183
117000100,145,230,-85
117000101,224,1475,-1251
117000102,1295,672,623
117000103,962,2024,-1062
117000104,1184,683,501
117000105,954,2003,-1049
117000106,886,943,-57
117000107,552,2126,-1574
117000108,1378,895,483
117000109,2082,2866,-784
117000110,1334,825,509
117000111,3767,5432,-1665
117000112,2983,2138,845
117000113,86,286,-200
117000114,135,130,5
117000115,51,139,-88
117000116,102,250,-148
117000117,2066,603,1463
117000118,447,159,288
117000119,1593,154,1439
117000120,884,390,494
117000121,155,1459,-1304
117000122,465,1616,-1151
117000123,2338,26,2312
117000124,803,44,759
117000125,863,69,794
117000126,199,17,182
117000127,276,342,-66
117000128,618,754,-136
117000129,1105,641,464
117000130,150,35,115
117000131,0,90,-90
117000132,1774,39,1735
117000133,978,59,919
117000134,2,36,-34
117000135,2,35,-33
117000136,0,36,-36
117000137,95,86,9
117000138,0,497,-497
117000140,488,1758,-1270
117000141,1273,607,666
117000181,498,296,202
117000182,282,381,-99
117000195,184,1134,-950
117000196,148,75,73
117000225,311,11,300
117000226,19,219,-200
117000276,193,8,185
117000277,3,518,-515
117000310,2247,2996,-749
117000315,35,1735,-1700
117000320,118,0,118
117000906,203,14,189
117000907,7,397,-390
117000909,146,36,110
117000910,150,164,-14
117000911,114,310,-196
117000915,12,649,-637
117000916,28,5,23
117000917,711,50,661
117000918,32,57,-25
117000919,5,150,-145
117000920,3,1326,-1323
117000921,2,1791,-1789
117000922,61,135,-74
117000924,700,1157,-457
117000926,907,92,815
117000927,2008,511,1497
117000928,0,165,-165
117000929,159,681,-522
117000930,185,17,168
117000931,350,123,227
117900002,196,417,-221
117900003,619,348,271
117900005,8,45,-37
117900006,0,16,-16
117900007,180,122,58
117900008,0,38,-38
117900010,1103,118,985
117900011,37,5,32
117900012,63,108,-45
117900013,1,222,-221
117900014,1939,184,1755
117900015,31,114,-83
117900016,1402,534,868
117900017,1507,492,1015
117900018,197,68,129
117900019,426,353,73
117900020,55,402,-347
117900021,43,76,-33
117900023,484,703,-219
117900024,74,63,11
117900025,52,5,47
117900026,254,408,-154
117900028,187,13,174
117900029,217,1228,-1011
117900031,572,79,493
117900032,861,686,175
117900033,193,1086,-893
117900034,113,48,65
117900035,294,76,218
117900036,185,757,-572
117900037,65,77,-12
117900038,18,324,-306
117900039,5,72,-67
117900040,103,443,-340
117900041,7,55,-48
117900042,4891,588,4303
117900043,38,49,-11
117900044,41,7275,-7234
117900045,179,130,49
117900048,275,357,-82
117900049,198,935,-737
117900050,33,87,-54
117900051,167,2,165
117900052,71,318,-247
117900053,1186,735,451
117900054,1,21,-20
117900055,94,396,-302
117900056,333,28,305
117900057,974,1338,-364
117900058,155,24,131
117900059,676,96,580
117900060,1167,5399,-4232
117900061,28,394,-366
117900063,339,241,98
117900065,672,1245,-573
117900066,7,66,-59
117900067,296,264,32
117900069,941,399,542
117900070,495,11,484
117900071,102,172,-70
117900073,385,458,-73
117900074,831,12,819
117900075,91,79,12
117900076,32,67,-35
117900077,203,111,92
117900078,192,592,-400
117900080,310,46,264
117900081,526,456,70
117900082,278,274,4
117900083,311,670,-359
117900086,129,50,79
117900087,104,48,56
117900088,3287,2279,1008
117900089,1479,454,1025
117900090,931,646,285
117900091,150,174,-24
117900092,62,47,15
117900093,50,67,-17
117900094,11,4,7
117900095,922,814,108
117900096,59,202,-143
117900097,156,70,86
117900098,12,5,7
117900099,257,332,-75
117900100,99,3,96
117900101,401,1338,-937
117900102,42,49,-7
117900103,24,5,19
117900104,48,158,-110
117900105,141,302,-161
117900106,78,25,53
117900107,16,1,15
117900109,353,302,51
117900110,54,0,54
117900111,269,14,255
117900112,54,17,37
117900113,5773,1676,4097
117900114,7,0,7
117900115,334,53,281
117900116,960,978,-18
117900117,315,340,-25
117900118,42,0,42
117900119,82,246,-164
117900120,190,95,95
117900121,88,34,54
117900122,983,2419,-1436
117900123,828,579,249
117900124,570,651,-81
117900125,1625,1354,271
117900126,249,631,-382
117900127,437,563,-126
117900128,288,801,-513
117900129,87,0,87
117900130,776,519,257
117900131,0,111,-111
117900132,3,86,-83
117900133,11,133,-122
117900134,29,169,-140
117900135,28,219,-191
117900136,0,36,-36
117900137,25,253,-228
117900138,2,27,-25
117900139,140,133,7
117900140,5857,62,5795
117900141,316,256,60
117900142,461,40,421
117900144,138,68,70
117900145,30,17,13
117900146,409,106,303
117900147,56,52,4
117900148,3326,1146,2180
117900149,57,117,-60
117900150,28,54,-26
117900151,55,115,-60
117900152,171,89,82
117900153,16,117,-101
117900154,554,852,-298
117900156,905,918,-13
117900157,108,515,-407
117900158,119,146,-27
117900160,553,434,119
117900161,2503,2742,-239
117900162,446,759,-313
117900163,231,29,202
117900165,0,7,-7
117900166,114,451,-337
117900168,61,175,-114
117900169,2,129,-127
117900170,0,21,-21
117900171,3,14,-11
117900172,20,24,-4
117900173,127,72,55
117900174,43,57,-14
117900175,5,32,-27
117900176,14,22,-8
117900177,12,77,-65
117900178,59,37,22
117900180,253,46,207
117900181,137,124,13
117900182,3,30,-27
117900183,46,179,-133
117900184,13,34,-21
117900185,16,26,-10
117900186,30,18,12
117900187,12,5,7
117900188,147,25,122
117900189,45,22,23
117900190,20,1,19
117900191,55,0,55
117900192,104,2,102
117900193,3,52,-49
117900194,7,0,7
117900195,1,29,-28
117900196,11,17,-6
117900207,147,99,48
117900208,24,43,-19
117900209,214,234,-20
117900210,134,221,-87
117900211,7,192,-185
117900212,88,158,-70
117900213,9,16,-7
117900214,16,21,-5
117900215,41,45,-4
117900216,125,21,104
117900217,167,147,20
117900218,219,350,-131
117900219,46,72,-26
117900220,277,150,127
117900222,199,308,-109
117900223,197,272,-75
118000001,1037,686,351
118000002,1639,2056,-417
118000003,5056,2544,2512
118000004,5477,2012,3465
118000005,4811,4855,-44
118000006,5910,9550,-3640
118000007,8600,1872,6728
118000008,6349,2694,3655
118000009,2833,3353,-520
118000010,5263,3968,1295
118000011,1110,2430,-1320
118000012,1150,2450,-1300
118000013,3592,2881,711
118000014,2227,3357,-1130
118000016,244,453,-209
118000017,218,379,-161
118000018,486,492,-6
118000019,2373,1384,989
118000020,1264,1789,-525
118000021,942,2257,-1315
118000022,1859,805,1054
118000023,1391,380,1011
118000024,1397,813,584
118000027,15345,9941,5404
118000029,875,605,270
118000032,1630,3166,-1536
118000033,3375,3617,-242
118000034,5534,2016,3518
118000035,1679,2184,-505
118000036,1645,1068,577
118000037,931,844,87
118000038,150,94,56
118000039,114,405,-291
118000040,1706,1667,39
118000041,2558,1547,1011
118000045,1187,100,1087
118000046,2558,485,2073
118000047,3588,635,2953
118000048,4257,1155,3102
118000051,2525,474,2051
118000052,1904,387,1517
118000053,971,528,443
118000054,1685,1554,131
118000055,1142,2133,-991
118000056,135,229,-94
118000057,143,452,-309
118000058,4352,1064,3288
118000059,3660,628,3032
118000060,1033,569,464
118000061,909,1237,-328
118000062,793,268,525
118000063,456,366,90
118000064,1185,1181,4
118000065,6172,1936,4236
118000066,932,1246,-314
118000067,2155,649,1506
118000068,2521,3704,-1183
118000069,3990,1162,2828
118000070,7710,1726,5984
118000071,3716,6037,-2321
118000072,4136,988,3148
118000073,4586,435,4151
118000074,958,579,379
118000075,1263,299,964
118000076,1967,1546,421
118000077,1636,1193,443
118000078,2338,1922,416
118000079,191,342,-151
118000080,1514,864,650
118000081,2129,1031,1098
118000082,339,1003,-664
118000083,1657,1466,191
118000084,2779,1815,964
118000086,307,578,-271
118000087,5139,2560,2579
118000088,1673,1748,-75
118000089,3502,2164,1338
118000090,2030,2808,-778
118000091,1171,2464,-1293
118000092,1080,393,687
118000093,113,734,-621
118000096,683,546,137
118000097,916,667,249
118000098,261,180,81
118000099,390,815,-425
118000101,996,440,556
118000102,342,1253,-911
118000107,2774,478,2296
118000108,625,2672,-2047
118000110,1,21,-20
118000111,0,652,-652
118000112,482,6,476
118000113,5,964,-959
118000114,343,13,330
118000115,10,32,-22
118000116,78,0,78
118000117,1563,821,742
118000118,1086,746,340
118000119,1000,1070,-70
118000120,1743,1277,466
118000121,198,562,-364
118000122,1800,318,1482
118000123,32,276,-244
118000125,2149,897,1252
118000126,1275,1733,-458
118000127,1539,700,839
118000128,660,1100,-440
118000129,1479,361,1118
118000130,2752,4117,-1365
118000131,940,814,126
118000132,2281,1533,748
118000133,1445,504,941
118000135,751,321,430
118000136,86,571,-485
118000137,937,127,810
118000138,377,591,-214
118000139,279,146,133
118000140,2109,4103,-1994
118000141,1565,1980,-415
118000142,1675,2172,-497
118000143,1647,1357,290
118000144,1505,1099,406
118000145,1831,2730,-899
118000146,1262,1320,-58
118000147,1283,1866,-583
118000148,608,1590,-982
118000149,829,1214,-385
118000150,246,469,-223
118000151,314,492,-178
118000153,1036,1350,-314
118000154,1404,1943,-539
118000155,870,1665,-795
118000156,2313,2423,-110
118000157,511,370,141
118000158,198,490,-292
118000159,13,90,-77
118000160,398,505,-107
118000161,348,666,-318
118000162,2225,1088,1137
118000163,620,1197,-577
118000164,2330,2157,173
118000168,1203,267,936
118000169,1265,1546,-281
118000170,3949,5815,-1866
118000171,354,585,-231
118000172,101,278,-177
118000173,1287,1288,-1
118000175,323,406,-83
118000176,255,547,-292
118000177,207,563,-356
118000178,75,56,19
118000179,1649,1098,551
118000180,677,966,-289
118000181,980,382,598
118000182,338,293,45
118000183,325,332,-7
118000184,652,1206,-554
118000185,955,879,76
118000186,683,847,-164
118000187,994,628,366
118000188,884,167,717
118000189,439,688,-249
118000190,9,12,-3
118000191,20,25,-5
118000192,158,117,41
118000193,114,350,-236
118000194,2887,1148,1739
118000195,1006,684,322
118000196,823,125,698
118000197,1096,162,934
118000198,1017,487,530
118000199,2156,772,1384
118000200,64,191,-127
118000201,965,433,532
118000202,63,60,3
118000203,2179,458,1721
118000204,281,277,4
118000205,428,324,104
118000206,186,240,-54
118000207,2,58,-56
118000208,1399,1927,-528
118000209,1833,2246,-413
118000210,47,44,3
118000211,16,33,-17
118000213,1328,690,638
118000214,646,744,-98
118000215,583,98,485
118000216,1266,4377,-3111
118000217,28,105,-77
118000218,55,100,-45
118000219,436,444,-8
118000220,1,51,-50
118000221,109,247,-138
118000222,37,9,28
118000223,52,60,-8
118000224,261,75,186
118000225,201,864,-663
118000226,1908,167,1741
118000227,728,318,410
118000228,154,142,12
118000229,337,49,288
118000230,90,223,-133
118000231,81,180,-99
118000232,588,917,-329
118000233,760,739,21
118000234,225,183,42
118000236,460,311,149
118000237,82,373,-291
118000238,150,248,-98
118000239,293,315,-22
118000240,443,84,359
118000241,148,252,-104
118000242,357,449,-92
118000243,152,173,-21
118000244,34,149,-115
118000246,41,24,17
118000255,95,273,-178
118000256,109,255,-146
118000259,8,28,-20
118000260,189,78,111
118000261,12,79,-67
118000263,88,197,-109
118000266,2071,443,1628
118000267,0,71,-71
118000268,787,5,782
118000270,59,26,33
118000271,181,289,-108
118000272,54,20,34
118000273,125,80,45
118000274,100,271,-171
118000276,325,309,16
118000295,1,65,-64
118000298,105,393,-288
118000299,88,219,-131
118000301,2,79,-77
118000302,67,98,-31
118000311,257,62,195
118000312,258,159,99
118000313,17,169,-152
118000314,44,84,-40
118000315,25,53,-28
118000316,501,559,-58
118000325,17,73,-56
118000326,14,37,-23
118000331,16,48,-32
118000332,32,33,-1
118000333,51,58,-7
118000335,270,2,268
118000336,0,295,-295
118000407,90,102,-12
118000457,3,45,-42
118000465,3569,3842,-273
118000480,58,117,-59
118000489,37,237,-200
118000490,64,372,-308
118000492,218,223,-5
118000510,58,6,52
118000514,218,336,-118
118000515,685,825,-140
118000517,395,360,35
118000524,669,236,433
118000525,806,738,68
118000530,17,91,-74
118000531,238,345,-107
118000532,219,331,-112
118000533,414,208,206
118000534,755,333,422
118000535,155,114,41
118000536,660,1056,-396
118000537,50,85,-35
118000538,58,106,-48
118000539,17,49,-32
118000540,240,140,100
118000541,168,49,119
118000542,109,140,-31
118000543,146,181,-35
118000546,46,18,28
118000553,0,0,0
118000557,0,0,0
118000560,2650,1350,1300
118000562,28,289,-261
118000563,2419,1626,793
118000576,188,281,-93
118000577,204,163,41
118000578,202,140,62
118000579,775,1214,-439
118000583,0,0,0
118000595,147,120,27
118000596,0,67,-67
118000597,152,156,-4
118000598,1,1,0
118000599,57,34,23
118000600,1,11,-10
118000601,0,0,0
118000602,0,9,-9
118000603,0,66,-66
118000605,43,290,-247
118000606,44,30,14
118900001,879,954,-75
118900002,1013,884,129
118900003,131,14,117
118900004,83,70,13
118900005,92,13,79
118900006,101,2,99
118900007,2,1,1
118900008,1508,54,1454
118900009,39,20,19
118900010,49,0,49
118900011,105,18,87
118900012,472,203,269
118900013,424,69,355
118900015,151,32,119
118900016,2,21,-19
118900017,263,220,43
118900018,769,10,759
118900019,42,17,25
118900020,221,95,126
118900021,180,377,-197
118900022,145,104,41
118900023,137,112,25
118900024,55,124,-69
118900025,90,35,55
118900026,37,94,-57
118900027,425,304,121
118900028,168,195,-27
118900029,258,287,-29
118900030,180,78,102
118900031,126,99,27
118900032,226,178,48
118900033,703,430,273
118900034,120,11,109
118900035,172,240,-68
118900036,784,682,102
118900037,743,226,517
118900038,309,248,61
118900039,275,188,87
118900040,197,198,-1
118900041,468,192,276
118900042,229,112,117
118900045,271,153,118
118900046,835,292,543
118900047,629,243,386
118900048,283,99,184
118900049,45,45,0
118900050,7,92,-85
118900051,146,88,58
118900052,374,186,188
118900053,31,77,-46
118900054,100,80,20
118900055,29,117,-88
118900056,98,242,-144
118900057,569,392,177
118900058,539,272,267
118900059,13,84,-71
118900060,30,188,-158
118900062,176,135,41
118900064,702,510,192
118900065,38,186,-148
118900066,69,97,-28
118900067,5091,3426,1665
118900068,2,525,-523
118900069,342,245,97
118900071,3,61,-58
118900072,304,378,-74
118900073,69,98,-29
118900074,128,175,-47
118900075,45,93,-48
118900076,277,67,210
118900077,197,209,-12
118900078,51,14,37
118900079,40,188,-148
118900080,16,90,-74
118900081,69,13,56
118900082,455,146,309
118900083,17,11,6
118900084,9,29,-20
118900085,628,1050,-422
118900086,26,64,-38
118900087,13,171,-158
118900088,0,14,-14
118900089,40,10,30
118900090,395,479,-84
118900091,119,126,-7
118900092,70,71,-1
118900093,118,14,104
118900096,117,109,8
118900097,196,672,-476
118900099,73,310,-237
118900100,101,225,-124
118900101,57,407,-350
118900102,17,65,-48
118900103,16,56,-40
118900104,132,90,42
118900105,116,77,39
118900107,93,89,4
118900108,119,64,55
118900110,897,495,402
118900111,281,482,-201
118900112,66,143,-77
118900113,230,535,-305
118900114,19,72,-53
118900115,76,327,-251
118900116,96,194,-98
118900117,116,159,-43
118900118,227,347,-120
118900119,136,280,-144
118900120,101,348,-247
118900121,9,180,-171
118900122,8,723,-715
118900123,135,245,-110
118900124,76,193,-117
118900126,18,382,-364
118900129,278,170,108
118900130,82,103,-21
118900131,142,267,-125
118900132,647,203,444
118900133,14,87,-73
118900135,309,178,131
118900136,232,712,-480
118900137,18,30,-12
118900139,193,397,-204
118900140,428,820,-392
118900141,67,212,-145
118900144,124,596,-472
118900145,17,147,-130
118900146,238,811,-573
118900147,276,111,165
118900148,55,30,25
118900150,507,682,-175
118900152,325,748,-423
118900157,91,169,-78
118900158,43,73,-30
118900159,0,131,-131
118900161,72,10,62
118900163,149,65,84
118900164,18,95,-77
118900165,18,127,-109
118900166,13,1,12
118900167,29,88,-59
118900168,65,71,-6
118900169,102,348,-246
118900170,65,86,-21
118900171,8,21,-13
118900174,50,31,19
118900175,283,491,-208
118900176,120,238,-118
118900177,49,50,-1
118900178,33,167,-134
118900179,14,37,-23
118900181,53,88,-35
118900182,42,37,5
118900183,15,71,-56
118900184,432,66,366
118900185,160,157,3
118900186,86,100,-14
118900187,161,284,-123
118900188,268,349,-81
118900189,49,758,-709
118900190,5,529,-524
118900191,168,42,126
118900192,171,23,148
118900193,284,6,278
118900195,367,819,-452
118900196,18,144,-126
118900197,79,99,-20
118900198,14,34,-20
118900199,53,53,0
118900200,18,10,8
118900201,33,12,21
118900202,4,34,-30
118900203,8,35,-27
118900204,6,35,-29
118900205,11,23,-12
118900206,5,33,-28
119000001,1520,1511,9
119000002,3742,2722,1020
119000003,1907,1358,549
119000004,2207,1621,586
119000005,1545,2209,-664
119000006,2222,1629,593
119000007,3285,3079,206
119000008,2066,2014,52
119000009,3181,3526,-345
119000010,7412,3701,3711
119000011,3718,2263,1455
119000012,2979,2854,125
119000013,1932,1320,612
119000014,2362,3115,-753
119000019,234,150,84
119000020,1702,1299,403
119000021,3306,2375,931
119000022,2867,2391,476
119000023,374,244,130
119000024,1785,8019,-6234
119000025,10974,1232,9742
119000026,125,237,-112
119000027,301,305,-4
119000028,1862,1136,726
119000029,113,297,-184
119000030,453,1223,-770
119000031,802,598,204
119000032,1517,1751,-234
119000033,1391,1226,165
119000034,1260,903,357
119000035,12,290,-278
119000036,1378,1229,149
119000037,872,1781,-909
119000038,99,1039,-940
119000039,697,531,166
119000040,755,445,310
119000041,1055,1365,-310
119000048,3086,3492,-406
119000049,1673,3022,-1349
119000050,1450,2309,-859
119000051,1798,984,814
119000052,2030,3184,-1154
119000053,1549,990,559
119000054,2716,4065,-1349
119000055,3067,3868,-801
119000056,1779,2162,-383
119000057,1259,2659,-1400
119000058,1812,2176,-364
119000059,1151,1719,-568
119000060,1273,1083,190
119000061,976,883,93
119000062,1038,1406,-368
119000063,340,428,-88
119000064,1597,1632,-35
119000065,1975,3264,-1289
119000066,1691,1106,585
119000067,1952,2418,-466
119000068,1445,1171,274
119000069,1441,2478,-1037
119000070,1798,1093,705
119000071,556,705,-149
119000072,6475,3205,3270
119000073,4807,5737,-930
119000074,1048,3489,-2441
119000075,1416,2635,-1219
119000076,459,620,-161
119000077,921,392,529
119000078,608,388,220
119000079,232,726,-494
119000080,359,174,185
119000081,262,304,-42
119000082,811,231,580
119000083,471,378,93
119000084,400,491,-91
119000085,470,329,141
119000086,359,532,-173
119000087,1832,975,857
119000088,208,237,-29
119000089,186,411,-225
119000090,177,205,-28
119000091,190,414,-224
119000092,662,433,229
119000093,4132,3153,979
119000094,2362,6507,-4145
119000095,1358,2696,-1338
119000097,2654,1682,972
119000098,655,2068,-1413
119000099,2246,2040,206
119000100,2763,2434,329
119000101,3282,1605,1677
119000102,1013,652,361
119000103,1705,401,1304
119000104,2975,1387,1588
119000105,774,1443,-669
119000106,328,1676,-1348
119000107,520,446,74
119000108,337,1245,-908
119000109,94,243,-149
119000110,396,186,210
119000111,53,403,-350
119000112,192,31,161
119000113,2132,210,1922
119000114,618,895,-277
119000115,149,178,-29
119000116,178,102,76
119000117,162,356,-194
119000118,0,3,-3
119000123,5483,551,4932
119000124,604,195,409
119000125,2417,1055,1362
119000126,783,865,-82
119000127,419,822,-403
119000128,23,1,22
119000131,816,1022,-206
119000132,2,2,0
119000133,1,5,-4
119000134,2919,605,2314
119000135,110,201,-91
119000136,153,225,-72
119000137,99,473,-374
119000138,240,391,-151
119000139,159,200,-41
119000140,97,286,-189
119000284,1419,2964,-1545
119000285,2303,2280,23
119000286,6935,5907,1028
119000287,1106,2581,-1475
119000288,2161,1491,670
119000289,3933,4065,-132
119000290,190,524,-334
119000291,40,462,-422
119000293,374,226,148
119000294,36,43,-7
119000295,2126,498,1628
119000296,202,239,-37
119000302,3535,1548,1987
119000303,60,169,-109
119000314,1131,7419,-6288
119000315,0,536,-536
119000316,97,131,-34
119000317,42,433,-391
119000319,577,374,203
119900001,210,1007,-797
119900002,137,288,-151
119900003,61,1071,-1010
119900004,380,516,-136
119900005,81,134,-53
119900006,159,338,-179
119900007,1006,103,903
119900008,67,22,45
119900009,422,576,-154
119900010,639,883,-244
119900011,15,71,-56
119900012,36,57,-21
119900013,1497,635,862
119900014,494,195,299
119900015,60,13,47
119900016,21,89,-68
119900017,12,35,-23
119900018,1991,532,1459
119900019,27,11,16
119900020,83,149,-66
119900021,120,62,58
119900022,79,448,-369
119900023,720,1073,-353
119900025,86,35,51
119900026,747,72,675
119900027,19,27,-8
119900028,359,73,286
119900029,1,2,-1
119900030,390,517,-127
119900031,39,226,-187
119900033,1863,130,1733
119900034,165,95,70
119900037,114,38,76
119900038,19,264,-245
119900039,59,3,56
119900040,160,7,153
119900041,61,30,31
119900042,43,170,-127
119900043,74,168,-94
119900044,187,484,-297
119900046,52,62,-10
119900047,220,51,169
119900049,77,5,72
119900050,52,97,-45
119900051,698,6,692
119900052,19,30,-11
119900053,126,210,-84
119900054,72,3,69
119900055,820,334,486
119900057,116,76,40
119900058,207,2,205
119900059,128,56,72
119900060,167,15,152
119900061,159,2,157
119900062,32,22,10
119900063,7,73,-66
119900065,233,6,227
119900067,33,19,14
119900068,282,3,279
119900069,67,9,58
119900070,641,2,639
119900071,335,12,323
119900073,1771,494,1277
119900074,107,37,70
119900075,5615,2127,3488
119900076,83,111,-28
119900077,513,1250,-737
119900078,286,740,-454
119900079,119,290,-171
119900080,306,259,47
119900081,352,18,334
119900082,738,34,704
119900083,295,112,183
119900084,895,266,629
119900085,75,55,20
119900086,284,1153,-869
119900087,779,248,531
119900088,42,31,11
119900089,21,542,-521
119900090,161,29,132
119900091,44,1155,-1111
119900092,28,300,-272
119900093,843,172,671
119900094,42,177,-135
119900095,208,71,137
119900096,23,74,-51
119900097,537,138,399
119900098,21,32,-11
119900099,16,168,-152
119900100,2568,1862,706
119900101,132,729,-597
119900102,56,257,-201
119900103,19,351,-332
119900104,25,208,-183
119900105,583,863,-280
119900106,14,212,-198
119900107,344,3689,-3345
119900108,1841,611,1230
119900109,21,232,-211
119900110,462,750,-288
119900111,108,552,-444
119900112,2763,446,2317
119900113,50,297,-247
119900114,183,1733,-1550
119900115,148,1255,-1107
119900116,149,292,-143
119900117,165,912,-747
119900118,26,1220,-1194
119900119,144,208,-64
119900120,473,604,-131
119900121,296,1289,-993
119900122,478,316,162
119900123,146,279,-133
119900124,122,1064,-942
119900125,23,376,-353
119900126,4542,228,4314
119900127,2786,1000,1786
119900128,329,815,-486
119900129,179,764,-585
119900130,39,253,-214
119900131,39,332,-293
119900132,4,292,-288
119900133,17,42,-25
119900134,2261,246,2015
119900135,3,387,-384
119900136,128,436,-308
119900138,334,476,-142
119900139,95,63,32
119900140,2,114,-112
119900141,135,578,-443
119900142,0,23,-23
119900143,11,158,-147
119900144,2047,215,1832
119900145,103,229,-126
119900146,125,151,-26
119900147,3,121,-118
119900148,83,47,36
119900149,1359,2559,-1200
119900150,167,164,3
119900151,1533,642,891
119900152,65,436,-371
119900153,107,64,43
119900154,19,1024,-1005
119900155,31,25,6
119900156,8,9,-1
119900157,92,236,-144
119900158,63,55,8
119900159,3,1645,-1642
119900160,30,180,-150
119900161,157,228,-71
119900162,583,727,-144
119900163,104,118,-14
119900164,1,2,-1
119900165,78,282,-204
119900166,35,26,9
119900167,81,94,-13
119900168,642,420,222
119900169,65,206,-141
119900170,144,199,-55
119900171,890,465,425
119900172,83,16,67
119900173,8,536,-528
119900174,4,141,-137
119900175,883,762,121
119900177,41,275,-234
119900178,7,155,-148
119900179,87,252,-165
119900180,772,654,118
119900181,29,51,-22
119900182,29,471,-442
119900183,150,866,-716
119900184,2505,578,1927
119900185,19,104,-85
119900186,52,467,-415
119900187,8,385,-377
119900188,54,354,-300
119900189,358,294,64
119900190,53,203,-150
119900191,351,158,193
119900192,49,165,-116
119900193,211,204,7
119900194,15,30,-15
119900195,16,138,-122
119900196,1171,369,802
119900197,117,130,-13
119900198,84,382,-298
119900199,118,13,105
119900200,418,650,-232
119900201,343,140,203
119900202,177,135,42
119900203,159,396,-237
119900204,182,231,-49
119900205,433,694,-261
119900206,114,128,-14
119900208,220,142,78
119900209,452,919,-467
119900210,15,30,-15
119900211,65,13,52
119900212,394,709,-315
119900213,8,45,-37
119900214,14,90,-76
119900215,17,69,-52
119900216,13,69,-56
119900217,9,71,-62
119900218,9,41,-32
119900219,18,123,-105
119900220,7,94,-87
119900221,10,286,-276
119900222,13,236,-223
119900223,12,75,-63
119900224,11,30,-19
119900225,855,45,810
119900226,657,1214,-557
119900227,1014,304,710
119900228,26,224,-198
119900229,208,349,-141
119900230,1552,667,885
119900231,150,216,-66
119900232,174,72,102
119900233,45,3,42
119900234,18,29,-11
119900235,19,16,3
119900236,9,238,-229
119900237,49,437,-388
119900238,3,81,-78
119900240,66,145,-79
119900241,157,249,-92
119900242,1499,1921,-422
119900244,741,1257,-516
119900245,120,138,-18
119900246,195,421,-226
119900247,17,64,-47
119900248,36,84,-48
119900249,153,54,99
119900253,3397,337,3060
119900254,74,417,-343
119900255,59,418,-359
119900256,280,866,-586
119900257,70,0,70
119900258,60,2,58
119900259,14,136,-122
119900260,59,6,53
119900261,213,159,54
119900262,11,305,-294
119900263,1026,395,631
119900264,56,241,-185
119900265,242,423,-181
119900266,181,291,-110
119900267,117,374,-257
119900268,108,212,-104
119900269,572,1138,-566
119900271,11,100,-89
119900272,271,50,221
119900275,82,2,80
119900276,21,0,21
119900277,10,4,6
119900278,218,62,156
119900279,91,253,-162
119900280,944,213,731
119900281,1,138,-137
119900282,37,43,-6
119900283,5,297,-292
119900284,31,179,-148
119900285,21,54,-33
119900286,2,20,-18
119900288,5,44,-39
119900289,0,38,-38
119900290,3,30,-27
119900291,0,43,-43
119900292,15,26,-11
119900293,26,92,-66
119900294,25,55,-30
119900295,22,52,-30
119900296,10,187,-177
119900297,1,12,-11
119900298,0,3,-3
119900299,30,260,-230
119900300,126,148,-22
119900301,141,18,123
119900302,56,60,-4
119900303,116,134,-18
119900304,111,16,95
119900305,7,119,-112
119900306,28,5,23
119900307,20,94,-74
119900308,4,27,-23
119900309,17,58,-41
119900310,328,282,46
119900311,57,193,-136
119900312,140,115,25
119900313,212,337,-125
119900314,100,316,-216
119900315,1016,2466,-1450
119900318,7,13,-6
119900319,5,289,-284
119900320,55,556,-501
119900321,35,3,32
120000001,7829,13580,-5751
120000002,2502,3150,-648
120000003,3328,1689,1639
120000004,2935,2189,746
120000005,4408,1843,2565
120000006,1388,1516,-128
120000007,3815,2933,882
120000008,1153,1442,-289
120000009,4326,996,3330
120000010,1656,2884,-1228
120000011,1064,2200,-1136
120000012,1484,2837,-1353
120000013,2287,2717,-430
120000014,694,1804,-1110
120000015,2660,1727,933
120000016,3493,2750,743
120000017,2359,2410,-51
120000018,4182,9395,-5213
120000019,905,1431,-526
120000020,2954,2913,41
120000021,1708,2126,-418
120000022,2217,3496,-1279
120000023,884,1715,-831
120000024,1223,2408,-1185
120000025,2106,2411,-305
120000026,1239,1816,-577
120000027,1347,1701,-354
120000028,706,380,326
120000029,3081,455,2626
120000030,299,905,-606
120000031,1569,7029,-5460
120000032,8760,3769,4991
120000033,4412,2127,2285
120000034,1549,2355,-806
120000035,1780,2441,-661
120000036,2504,4890,-2386
120000037,583,1334,-751
120000038,8352,3216,5136
120000039,482,984,-502
120000040,61,147,-86
120000041,1110,1577,-467
120000042,1676,3468,-1792
120000043,4124,2248,1876
120000044,4390,1545,2845
120000045,4167,1056,3111
120000046,2280,2180,100
120000047,1798,4236,-2438
120000048,7855,3933,3922
120000049,3713,2928,785
120000050,4183,5053,-870
120000051,3170,4508,-1338
120000052,13019,2760,10259
120000053,1143,4087,-2944
120000054,1319,5877,-4558
120000055,1603,6120,-4517
120000056,2977,4204,-1227
120000057,2624,661,1963
120000058,1758,234,1524
120000059,33,1170,-1137
120000061,139,616,-477
120000062,254,341,-87
120000063,1853,2647,-794
120000064,229,1560,-1331
120000065,650,1804,-1154
120000066,160,356,-196
120000067,47,534,-487
120000068,173,1085,-912
120000069,666,1483,-817
120000070,80,927,-847
120000071,348,274,74
120000072,537,624,-87
120000073,554,111,443
120000074,63,59,4
120000075,511,284,227
120000076,1338,476,862
120000077,1470,581,889
120000078,3063,1065,1998
120000079,318,621,-303
120000080,239,348,-109
120000081,254,207,47
120000082,237,284,-47
120000083,136,587,-451
120000084,401,528,-127
120000085,276,472,-196
120000086,365,738,-373
120000087,220,967,-747
120000088,724,1531,-807
120000089,961,765,196
120000090,635,572,63
120000091,682,944,-262
120000092,977,733,244
120000093,361,551,-190
120000094,148,729,-581
120000095,945,639,306
120000096,213,1063,-850
120000098,698,946,-248
120000099,304,822,-518
120000100,640,1052,-412
120000101,457,523,-66
120000102,451,647,-196
120000103,1058,745,313
120000104,1363,418,945
120000105,2257,606,1651
120000106,1910,564,1346
120000107,2753,612,2141
120000108,836,135,701
120000109,974,76,898
120000110,132,1058,-926
120000111,102,1488,-1386
120000112,897,3911,-3014
120000113,688,3046,-2358
120000114,1066,3201,-2135
120000115,393,2980,-2587
120000116,688,2369,-1681
120000117,1499,1708,-209
120000118,75,27,48
120000119,40,64,-24
120000120,61,56,5
120000121,51,71,-20
120000122,291,379,-88
120000123,6172,4638,1534
120000124,338,482,-144
120000125,395,734,-339
120000126,425,736,-311
120000127,2140,827,1313
120000128,3791,2441,1350
120000129,337,306,31
120000130,798,684,114
120000131,281,579,-298
120000134,400,1211,-811
120000135,320,419,-99
120000137,157,1753,-1596
120000138,526,478,48
120000139,146,821,-675
120000140,495,566,-71
120000141,137,559,-422
120000142,319,577,-258
120000143,6,113,-107
120000144,55,3,52
120000145,228,2,226
120000146,2559,851,1708
120000149,539,1050,-511
120000150,4225,10499,-6274
120000151,332,604,-272
120000152,357,256,101
120000153,115,760,-645
120000154,438,476,-38
120000155,95,279,-184
120000156,2217,614,1603
120000157,924,710,214
120000158,797,1120,-323
120000159,2129,2630,-501
120000160,2061,1336,725
120000161,1645,2923,-1278
120000162,134,304,-170
120000163,419,1582,-1163
120000164,416,430,-14
120000165,496,958,-462
120000166,954,569,385
120000167,31,36,-5
120000168,3,94,-91
120000169,51,350,-299
120000170,64,316,-252
120000171,17,67,-50
120000172,65,40,25
120000173,3291,276,3015
120000174,721,22,699
120000175,988,22,966
120000176,540,36,504
120000177,1378,169,1209
120000178,171,4,167
120000179,607,15,592
120000180,566,45,521
120000181,103,179,-76
120000182,84,123,-39
120000183,7,77,-70
120000184,117,639,-522
120000186,113,122,-9
120000187,204,55,149
120000188,480,92,388
120000190,1607,27,1580
120000191,1948,45,1903
120000192,1232,26,1206
120000193,555,27,528
120000195,40,1,39
120000196,280,57,223
120000197,63,187,-124
120000198,111,114,-3
120000199,37,0,37
120000200,70,0,70
120000201,11,13,-2
120000202,7,75,-68
120000203,22,239,-217
120000207,2,73,-71
120000208,18,326,-308
120000209,2,90,-88
120000210,107,78,29
120000211,39,0,39
120000212,104,0,104
120000213,63,320,-257
120000214,0,319,-319
120000215,1,136,-135
120000216,22,2,20
120000217,789,1560,-771
120000218,194,886,-692
120000219,5,564,-559
120000220,14,1820,-1806
120000225,894,2,892
120000226,276,6,270
120000227,602,20,582
120000228,5750,2381,3369
120000230,291,11,280
120000231,994,2529,-1535
120000233,153,30,123
120000235,161,794,-633
120000236,599,0,599
120000237,2,1774,-1772
120000238,4,122,-118
120000241,994,3773,-2779
120000412,724,12,712
120000413,101,284,-183
120000414,79,1,78
120000415,4,158,-154
120000416,32,4,28
120000417,3,54,-51
120000418,53,5,48
120000419,15,376,-361
120000420,41,26,15
120000421,12313,5853,6460
120000422,180,557,-377
120000423,1,72,-71
120000424,53,139,-86
120000436,101,594,-493
120000437,176,167,9
120000438,4889,394,4495
120000439,166,397,-231
120000443,129,1,128
120000444,986,658,328
120000445,1472,1431,41
120000446,1065,347,718
120000447,129,13,116
120000449,55,11,44
120000450,4,343,-339
120000451,73,298,-225
120000452,60,0,60
120000453,0,383,-383
120000454,106,25,81
120000455,59,78,-19
120000456,2549,3347,-798
120000457,925,829,96
120000458,542,776,-234
120000459,72,104,-32
120000665,2644,201,2443
120000668,146,128,18
120000669,46,230,-184
120000670,236,289,-53
120000671,778,424,354
120000672,128,604,-476
120900001,47,90,-43
120900002,363,292,71
120900003,318,35,283
120900004,11,52,-41
120900005,5,2191,-2186
120900006,279,177,102
120900007,114,152,-38
120900008,137,1247,-1110
120900009,1054,90,964
120900010,354,57,297
120900011,345,171,174
120900012,638,891,-253
120900013,254,59,195
120900014,6,605,-599
120900015,543,49,494
120900016,600,55,545
120900017,2993,94,2899
120900018,73,471,-398
120900019,435,200,235
120900020,814,1015,-201
120900021,525,81,444
120900022,47,317,-270
120900023,115,22,93
120900024,1712,442,1270
120900025,1834,1029,805
120900026,186,154,32
120900027,789,45,744
120900028,293,49,244
120900029,165,289,-124
120900030,1024,638,386
120900031,180,76,104
120900032,709,157,552
120900033,890,46,844
120900034,27,2121,-2094
120900035,42,185,-143
120900037,191,10,181
120900038,42,166,-124
120900039,67,50,17
120900040,182,1,181
120900041,134,33,101
120900042,310,82,228
120900043,40,21,19
120900044,6,416,-410
120900045,90,94,-4
120900046,359,1,358
120900047,115,58,57
120900048,98,13,85
120900049,213,0,213
120900050,3008,1133,1875
120900051,194,116,78
120900052,473,5,468
120900053,117,66,51
120900054,1582,539,1043
120900055,242,7,235
120900056,399,17,382
120900057,99,15,84
120900058,261,0,261
120900059,73,1,72
120900060,34,23,11
120900061,217,268,-51
120900062,132,2,130
120900063,482,9,473
120900064,323,0,323
120900065,292,1,291
120900066,105,222,-117
120900067,161,27,134
120900068,196,1,195
120900069,128,44,84
120900071,4,0,4
120900072,559,3,556
120900073,292,100,192
120900074,272,6,266
120900076,217,0,217
120900077,3275,274,3001
120900078,498,1311,-813
120900079,403,108,295
120900080,615,2400,-1785
120900081,817,98,719
120900082,503,318,185
120900083,49,0,49
120900084,224,316,-92
120900085,102,176,-74
120900086,135,199,-64
120900087,395,213,182
120900088,198,278,-80
120900089,4539,1959,2580
120900090,126,188,-62
120900091,646,545,101
120900092,1432,757,675
120900093,3799,307,3492
120900094,570,169,401
120900095,634,22,612
120900096,35,241,-206
120900097,615,1102,-487
120900098,329,172,157
120900099,60,74,-14
120900100,94,447,-353
120900101,843,340,503
120900102,32,103,-71
120900103,37,187,-150
120900104,20,62,-42
120900105,32,697,-665
120900106,1546,639,907
120900107,247,132,115
120900108,1,817,-816
120900109,42,763,-721
120900110,5,921,-916
120900111,164,402,-238
120900112,14,1187,-1173
120900113,25,913,-888
120900114,37,165,-128
120900115,168,250,-82
120900116,236,561,-325
120900117,2,684,-682
120900118,8,917,-909
120900119,2773,6223,-3450
120900120,60,693,-633
120900121,82,536,-454
120900122,225,733,-508
120900123,1,542,-541
120900124,1,799,-798
120900125,0,1053,-1053
120900126,1644,1344,300
120900127,21,664,-643
120900128,1400,1451,-51
120900129,35,295,-260
120900130,0,216,-216
120900131,31,72,-41
120900132,585,327,258
120900133,185,1195,-1010
120900134,1039,454,585
120900135,5,597,-592
120900136,18,14,4
120900137,142,80,62
120900138,21,226,-205
120900139,1,715,-714
120900140,3,39,-36
120900141,97,111,-14
120900142,22,811,-789
120900143,5,961,-956
120900144,1,147,-146
120900145,90,907,-817
120900146,5,1036,-1031
120900147,22,504,-482
120900148,78,150,-72
120900149,1,381,-380
120900150,16,692,-676
120900151,35,667,-632
120900152,113,36,77
120900153,18,84,-66
120900154,1,331,-330
120900155,115,1276,-1161
120900156,102,380,-278
120900157,25,288,-263
120900158,50,675,-625
120900159,110,489,-379
120900160,44,689,-645
120900161,18,458,-440
120900162,21,523,-502
120900163,12,191,-179
120900164,0,0,0
120900165,8,6,2
120900166,184,149,35
120900167,424,110,314
120900169,39,370,-331
120900170,2417,1941,476
120900171,1043,392,651
120900172,1753,590,1163
120900173,6,75,-69
120900174,1,97,-96
120900175,307,165,142
120900176,9,276,-267
120900177,2,754,-752
120900178,4,190,-186
120900179,1055,531,524
120900180,116,125,-9
120900181,61,58,3
120900182,16,451,-435
120900183,216,52,164
120900184,96,73,23
120900185,7,317,-310
120900186,1,589,-588
120900187,319,788,-469
120900188,144,11,133
120900189,114,926,-812
120900190,62,22,40
120900191,8,22,-14
120900192,13951,4914,9037
120900194,38,91,-53
120900195,120,243,-123
120900196,744,44,700
120900197,413,63,350
120900198,263,830,-567
120900199,287,329,-42
120900200,87,112,-25
120900201,510,137,373
120900202,0,171,-171
120900203,41,99,-58
120900204,176,343,-167
120900205,55,54,1
120900206,4,13,-9
120900207,65,1377,-1312
121000001,985,738,247
121000002,3923,1938,1985
121000003,3295,1890,1405
121000004,2836,6882,-4046
121000005,2458,2642,-184
121000006,2902,2575,327
121000007,3789,2528,1261
121000008,8683,3748,4935
121000009,5785,5385,400
121000010,9278,6424,2854
121000011,6855,9992,-3137
121000012,11434,8190,3244
121000013,5260,7130,-1870
121000014,7376,7901,-525
121000015,5430,6638,-1208
121000016,4607,5038,-431
121000017,1342,2400,-1058
121000018,1331,1383,-52
121000019,16058,7996,8062
121000020,9798,11122,-1324
121000021,5945,4865,1080
121000022,2100,1864,236
121000023,3989,3643,346
121000024,3440,3747,-307
121000025,322,1205,-883
121000026,338,168,170
121000027,1170,893,277
121000028,864,391,473
121000029,730,499,231
121000030,498,220,278
121000031,747,592,155
121000032,190,92,98
121000034,704,237,467
121000035,358,128,230
121000036,1758,959,799
121000037,628,431,197
121000038,733,573,160
121000039,477,408,69
121000041,526,449,77
121000042,210,341,-131
121000043,472,235,237
121000044,1806,568,1238
121000045,703,640,63
121000046,651,879,-228
121000047,706,338,368
121000049,1635,642,993
121000050,235,886,-651
121000051,1741,405,1336
121000052,769,766,3
121000053,370,83,287
121000054,27,271,-244
121000055,1400,925,475
121000056,641,958,-317
121000057,97,235,-138
121000058,705,261,444
121000059,1738,1405,333
121000060,372,861,-489
121000061,202,120,82
121000062,128,285,-157
121000063,640,497,143
121000064,603,788,-185
121000065,381,199,182
121000066,609,564,45
121000067,970,285,685
121000068,845,229,616
121000069,822,353,469
121000070,2155,1171,984
121000071,1696,1225,471
121000072,1800,739,1061
121000073,1536,687,849
121000074,110,173,-63
121000075,61,113,-52
121000076,1191,318,873
121000077,158,113,45
121000078,124,121,3
121000080,2274,618,1656
121000081,2581,3522,-941
121000082,0,0,0
121000083,501,258,243
121000084,457,334,123
121000085,492,765,-273
121000086,144,688,-544
121000087,66,239,-173
121000088,398,566,-168
121000089,237,312,-75
121000090,522,334,188
121000091,1170,563,607
121000092,169,95,74
121000093,115,201,-86
121000094,330,635,-305
121000095,409,592,-183
121000096,1943,2041,-98
121000097,929,1637,-708
121000098,381,969,-588
121000099,511,845,-334
121000100,587,303,284
121000101,316,306,10
121000102,261,336,-75
121000103,162,293,-131
121000104,257,177,80
121000105,341,270,71
121000106,191,373,-182
121000107,2911,4211,-1300
121000109,1351,1133,218
121000110,370,753,-383
121000114,3010,2032,978
121000115,870,691,179
121000116,332,731,-399
121000117,714,282,432
121000118,1245,197,1048
121000119,461,353,108
121000120,215,369,-154
121000121,559,765,-206
121000123,2016,835,1181
121000127,227,149,78
121000128,1133,555,578
121000129,793,476,317
121000130,473,876,-403
121000131,2458,1798,660
121000132,2300,1501,799
121000135,207,178,29
121000136,1704,456,1248
121000137,335,171,164
121000138,1561,556,1005
121000139,891,66,825
121000141,511,137,374
121000142,1744,1249,495
121000143,80,19,61
121000144,836,1284,-448
121000145,837,1135,-298
121000146,1424,842,582
121000147,1065,551,514
121000148,1154,970,184
121000149,2878,1277,1601
121000152,737,854,-117
121000153,1670,753,917
121000154,777,1058,-281
121000155,1194,1458,-264
121000156,386,1211,-825
121000157,918,2286,-1368
121000158,384,525,-141
121000159,176,575,-399
121000160,548,1049,-501
121000161,156,289,-133
121000162,72,209,-137
121000165,1186,1225,-39
121000166,33,627,-594
121000168,618,277,341
121000169,76,128,-52
121000170,303,158,145
121000171,55,137,-82
121000172,580,528,52
121000173,1103,880,223
121000174,233,398,-165
121000175,922,426,496
121000176,356,222,134
121000177,1426,645,781
121000178,220,60,160
121000179,106,62,44
121000181,452,540,-88
121000182,53,163,-110
121000183,38,71,-33
121000184,187,68,119
121000185,47,143,-96
121000186,171,255,-84
121000187,97,192,-95
121000188,129,225,-96
121000192,634,358,276
121000193,752,575,177
121000194,1683,2028,-345
121000195,393,895,-502
121000196,1420,278,1142
121000197,487,626,-139
121000198,614,98,516
121000199,308,363,-55
121000200,901,65,836
121000201,1,199,-198
121000202,1060,109,951
121000203,927,2062,-1135
121000204,2973,743,2230
121000205,279,271,8
121000206,191,30,161
121000207,2347,424,1923
121000208,10,383,-373
121000209,217,203,14
121000210,371,500,-129
121000211,302,132,170
121000212,324,750,-426
121000213,8178,3065,5113
121000214,638,3446,-2808
121000215,1414,744,670
121000216,782,964,-182
121000217,4781,3548,1233
121000218,879,1471,-592
121000219,2990,979,2011
121000220,387,60,327
121000221,178,318,-140
121000222,2032,2121,-89
121000223,1279,265,1014
121000224,614,189,425
121000225,3212,1225,1987
121000226,9579,1322,8257
121000227,30,224,-194
121000228,24,558,-534
121000229,295,363,-68
121000230,57,1410,-1353
121000231,936,41,895
121000232,359,342,17
121000233,838,438,400
121000234,21,47,-26
121000235,97,72,25
121000236,4,40,-36
121000237,22,18,4
121000238,5,69,-64
121000239,35,7,28
121000240,5,291,-286
121000241,101,17,84
121000242,25,164,-139
121000243,348,91,257
121000244,10,54,-44
121000245,49,26,23
121000246,1,78,-77
121000247,63,4,59
121000248,1187,499,688
121000249,958,438,520
121000250,587,139,448
121000251,60,421,-361
121000252,100,52,48
121000253,765,330,435
121000254,1161,155,1006
121000255,525,210,315
121000256,684,148,536
121000257,168,93,75
121000258,306,34,272
121000259,127,33,94
121000260,194,98,96
121000261,378,51,327
121000262,825,1085,-260
121000263,513,588,-75
121000271,240,1589,-1349
121000273,278,4,274
121000274,47,35,12
121000275,6,13,-7
121000276,11,26,-15
121000278,334,55,279
121000279,107,20,87
121000280,190,27,163
121000289,163,36,127
121000290,1400,939,461
121000294,95,147,-52
121000297,1292,1760,-468
121000299,474,233,241
121000300,630,912,-282
121000302,112,702,-590
121000303,607,352,255
121000304,423,47,376
121000305,199,84,115
121000306,100,118,-18
121000308,170,462,-292
121000309,616,809,-193
121000310,256,431,-175
121000311,68,677,-609
121000312,282,215,67
121000313,375,670,-295
121000314,389,158,231
121000315,266,361,-95
121000530,1219,1518,-299
121000531,1044,1487,-443
121000532,5402,5309,93
121000533,2359,3068,-709
121000919,119,41,78
121000938,197,161,36
121000939,333,131,202
121000956,918,1571,-653
121000957,5,10,-5
121000958,95,31,64
121000959,777,925,-148
121000960,2889,2301,588
121000961,141,142,-1
121000962,279,1090,-811
121000973,0,145,-145
121000976,15,166,-151
121000979,244,82,162
121000981,349,231,118
121000982,491,187,304
121000983,649,531,118
121000984,59,68,-9
121000985,593,683,-90
121000986,779,274,505
121000987,252,1558,-1306
121000988,1170,260,910
121001302,354,158,196
121001308,14,10,4
121001309,127,83,44
121001311,0,0,0
121001313,627,496,131
121001314,3191,3865,-674
121001315,4001,2363,1638
121001326,421,363,58
121001327,111,98,13
121001328,315,51,264
121900001,92,146,-54
121900002,153,15,138
121900003,383,5,378
121900004,193,367,-174
121900005,14,4,10
121900006,99,30,69
121900007,1690,2446,-756
121900008,877,123,754
121900009,428,17,411
121900010,218,2,216
121900011,147,298,-151
121900012,53,0,53
121900013,1844,62,1782
121900014,1247,328,919
121900015,156,200,-44
121900016,8,50,-42
121900017,351,464,-113
121900018,278,6,272
121900019,377,271,106
121900020,22,3,19
121900021,667,23,644
121900022,157,194,-37
121900023,103,286,-183
121900024,274,98,176
121900025,365,319,46
121900026,273,40,233
121900027,270,117,153
121900028,212,28,184
121900029,107,105,2
121900030,635,911,-276
121900031,984,8211,-7227
121900032,71,55,16
121900033,153,148,5
121900034,573,97,476
121900035,2162,2109,53
121900036,80,312,-232
121900037,132,522,-390
121900038,20,151,-131
121900039,426,32,394
121900040,27,71,-44
121900041,60,125,-65
121900042,337,111,226
121900043,2,0,2
121900044,135,51,84
121900046,271,157,114
121900047,119,68,51
121900048,23,111,-88
121900050,22,38,-16
121900051,134,140,-6
121900052,97,40,57
121900053,444,472,-28
121900054,592,686,-94
121900055,0,10,-10
121900058,181,170,11
121900059,457,150,307
121900060,88,294,-206
121900062,75,88,-13
121900063,1891,365,1526
121900064,329,611,-282
121900066,90,16,74
121900067,22,37,-15
121900069,195,110,85
121900070,291,100,191
121900071,187,229,-42
121900072,50,175,-125
121900073,237,257,-20
121900074,504,834,-330
121900075,1349,323,1026
121900076,1113,578,535
121900078,57,15,42
121900079,2,1,1
121900080,594,267,327
121900082,43,109,-66
121900084,3,150,-147
121900086,10,32,-22
121900087,202,97,105
121900088,1252,2258,-1006
121900089,166,335,-169
121900090,4,111,-107
121900091,68,102,-34
121900092,82,80,2
121900093,95,75,20
121900094,12,5,7
121900095,191,130,61
121900096,1248,431,817
121900097,703,159,544
121900098,3,0,3
121900099,215,64,151
121900100,236,244,-8
121900101,185,106,79
121900102,2,83,-81
121900103,1034,163,871
121900104,1576,360,1216
121900105,189,220,-31
121900106,0,3,-3
121900107,44,26,18
121900108,1,14,-13
121900109,332,148,184
121900110,293,975,-682
121900111,1402,96,1306
121900112,182,93,89
121900113,68,738,-670
121900114,23,69,-46
121900117,188,26,162
121900118,2116,486,1630
121900119,145,100,45
121900120,41,1597,-1556
121900121,383,40,343
121900122,39,65,-26
121900123,132,457,-325
121900124,101,184,-83
121900125,728,1058,-330
121900127,7,67,-60
121900128,92,80,12
121900129,668,175,493
121900130,104,193,-89
121900131,410,90,320
121900132,52,76,-24
121900133,81,456,-375
121900134,63,91,-28
121900135,1715,242,1473
121900136,187,443,-256
121900137,38,315,-277
121900138,125,120,5
121900139,418,404,14
121900140,86,168,-82
121900141,59,44,15
121900142,122,136,-14
121900143,2,148,-146
121900144,149,196,-47
121900145,164,140,24
121900146,653,754,-101
121900147,59,129,-70
121900148,159,249,-90
121900149,305,635,-330
121900150,62,120,-58
121900151,69,196,-127
121900152,108,144,-36
121900153,84,381,-297
121900154,12,185,-173
121900155,0,74,-74
121900156,105,81,24
121900157,2,400,-398
121900158,82,104,-22
121900159,0,232,-232
121900160,3,261,-258
121900161,343,307,36
121900162,132,167,-35
121900163,243,717,-474
121900164,465,167,298
121900165,195,156,39
121900166,418,188,230
121900167,196,101,95
121900168,278,182,96
121900169,2,280,-278
121900170,0,233,-233
121900171,465,391,74
121900172,475,206,269
121900173,811,200,611
121900174,51,61,-10
121900175,632,157,475
121900176,728,1319,-591
121900177,160,112,48
121900178,48,57,-9
121900179,322,129,193
121900180,4201,3269,932
121900182,952,235,717
121900183,863,537,326
121900184,55,417,-362
121900186,10,215,-205
121900187,32,95,-63
121900188,412,504,-92
121900189,34,78,-44
121900190,248,578,-330
121900191,61,215,-154
121900192,321,535,-214
121900193,75,167,-92
121900194,5,76,-71
121900195,84,67,17
121900196,887,1073,-186
121900197,315,1572,-1257
121900198,876,1206,-330
121900199,2,8,-6
121900200,163,214,-51
121900201,1090,569,521
121900202,106,449,-343
121900203,168,672,-504
121900204,789,1671,-882
121900205,23,120,-97
121900206,12,8,4
121900207,116,29,87
121900208,276,278,-2
121900209,26,33,-7
121900210,1427,937,490
121900211,382,926,-544
121900212,97,135,-38
121900213,114,69,45
121900214,7,439,-432
121900215,71,73,-2
121900216,72,72,0
121900217,158,104,54
121900218,208,359,-151
121900220,90,16,74
121900221,240,639,-399
121900222,164,140,24
121900223,109,39,70
121900224,75,55,20
121900225,334,108,226
121900226,167,459,-292
121900227,167,431,-264
121900228,203,400,-197
121900230,171,129,42
121900231,491,594,-103
121900232,303,384,-81
121900233,164,125,39
121900234,437,262,175
121900235,453,203,250
121900236,348,184,164
121900237,165,259,-94
121900238,141,223,-82
121900239,110,13,97
121900240,149,70,79
121900241,37,51,-14
121900242,6,0,6
121900243,2,0,2
121900244,2,0,2
121900245,190,63,127
121900246,1849,251,1598
121900248,1323,942,381
121900250,268,289,-21
121900251,212,23,189
121900252,401,114,287
121900253,179,915,-736
121900254,592,292,300
121900255,186,66,120
121900258,2600,2233,367
121900259,351,593,-242
121900260,50,138,-88
121900261,204,552,-348
121900262,405,1269,-864
121900263,163,349,-186
121900264,1901,1664,237
121900265,219,275,-56
121900266,386,206,180
121900267,66,44,22
121900269,101,475,-374
121900270,16,191,-175
121900271,58,112,-54
121900273,799,2157,-1358
121900274,245,243,2
121900277,496,1062,-566
121900278,174,776,-602
121900279,154,189,-35
121900280,331,258,73
121900281,503,168,335
121900284,32,9,23
121900286,102,84,18
121900287,11,18,-7
121900288,9,3,6
121900290,282,220,62
121900291,398,575,-177
121900292,233,130,103
121900293,896,2714,-1818
121900294,231,1,230
121900295,88,294,-206
121900296,121,47,74
121900298,727,552,175
121900299,0,1,-1
121900300,51,7,44
121900301,141,14,127
121900302,0,31,-31
121900303,826,341,485
121900304,0,7,-7
121900305,6,1,5
121900306,60,0,60
121900307,19,0,19
121900308,13,289,-276
121900309,15,237,-222
121900310,19,449,-430
121900311,323,20,303
121900312,227,7,220
121900313,674,27,647
121900314,8,67,-59
121900315,11,0,11
121900316,2,16,-14
121900317,6,8,-2
121900318,2,19,-17
121900319,36,357,-321
121900320,31,105,-74
121900321,6,0,6
121900322,0,24,-24
121900323,12,2,10
121900324,6,118,-112
121900325,14,0,14
121900326,3,28,-25
121900327,7,81,-74
121900328,1,33,-32
121900329,3,278,-275
121900330,0,35,-35
121900331,226,25,201
121900332,61,31,30
121900333,32,1,31
121900334,219,74,145
122000001,1927,3781,-1854
122000002,4557,1575,2982
122000003,2011,2076,-65
122000004,2735,1264,1471
122000005,2381,1223,1158
122000006,2171,632,1539
122000007,1606,1787,-181
122000008,4195,4468,-273
122000009,429,360,69
122000010,1844,2625,-781
122000011,2801,1895,906
122000012,1621,1019,602
122000013,2672,1292,1380
122000014,1417,2087,-670
122000015,1095,857,238
122000016,568,657,-89
122000017,972,957,15
122000018,1061,896,165
122000019,780,1232,-452
122000020,110,170,-60
122000021,399,281,118
122000022,1274,1176,98
122000023,650,2506,-1856
122000024,855,926,-71
122000025,2351,1156,1195
122000026,1404,759,645
122000027,547,4901,-4354
122000028,494,354,140
122000029,410,297,113
122000030,352,140,212
122000031,186,311,-125
122000032,1697,3252,-1555
122000033,1207,878,329
122000034,921,682,239
122000035,265,1030,-765
122000036,540,550,-10
122000037,295,278,17
122000038,223,297,-74
122000039,683,588,95
122000040,305,679,-374
122000041,510,553,-43
122000042,431,494,-63
122000043,69,134,-65
122000044,117,134,-17
122000045,1784,541,1243
122000046,788,1183,-395
122000047,213,206,7
122000048,2998,4626,-1628
122000049,5245,2178,3067
122000050,2113,740,1373
122000051,591,307,284
122000052,555,257,298
122000053,179,557,-378
122000054,2545,1851,694
122000055,3381,2533,848
122000056,4643,3928,715
122000057,2889,3193,-304
122000058,3887,1165,2722
122000059,3028,1340,1688
122000060,803,519,284
122000061,481,364,117
122000062,1534,326,1208
122000063,1606,572,1034
122000064,4264,2339,1925
122000065,5405,2071,3334
122000066,569,304,265
122000067,3341,1346,1995
122000068,1252,1753,-501
122000069,1037,711,326
122000070,614,4351,-3737
122000071,974,1665,-691
122000072,394,290,104
122000073,466,472,-6
122000074,2580,1592,988
122000075,508,1579,-1071
122000076,1485,976,509
122000077,2192,670,1522
122000078,2996,2368,628
122000079,2942,1115,1827
122000080,1513,406,1107
122000081,210,399,-189
122000082,1391,732,659
122000083,1322,3767,-2445
122000084,1095,728,367
122000085,310,2036,-1726
122000086,1992,5883,-3891
122000087,371,131,240
122000088,261,275,-14
122000089,6958,3336,3622
122000090,282,546,-264
122000091,516,64,452
122000092,244,18,226
122000093,1583,734,849
122000094,7056,1777,5279
122000095,2603,2817,-214
122000096,2524,1920,604
122000098,1887,1227,660
122000099,4461,639,3822
122000100,1179,793,386
122000101,287,1524,-1237
122000102,1547,1011,536
122000103,1889,1394,495
122000104,356,148,208
122000105,355,244,111
122000106,464,451,13
122000107,855,431,424
122000108,416,654,-238
122000109,297,368,-71
122000110,305,376,-71
122000111,2262,1084,1178
122000112,623,1674,-1051
122000113,580,631,-51
122000114,3524,1320,2204
122000115,3084,2157,927
122000116,353,375,-22
122000117,1056,450,606
122000118,424,684,-260
122000119,2516,1543,973
122000120,2966,3021,-55
122000121,2611,2585,26
122000122,1392,1565,-173
122000123,1708,1266,442
122000124,1308,762,546
122000125,348,538,-190
122000126,715,767,-52
122000127,1066,934,132
122000128,681,868,-187
122000129,438,1690,-1252
122000130,2463,848,1615
122000131,1829,990,839
122000132,852,470,382
122000133,893,1487,-594
122000134,768,717,51
122000135,889,758,131
122000136,696,541,155
122000137,1244,724,520
122000139,1720,3232,-1512
122000140,1493,443,1050
122000141,3487,882,2605
122000142,521,547,-26
122000143,525,437,88
122000144,1953,1153,800
122000145,1786,750,1036
122000146,740,562,178
122000147,1068,521,547
122000148,997,804,193
122000149,1570,1279,291
122000150,1331,959,372
122000151,46,60,-14
122000152,712,602,110
122000153,278,266,12
122000154,364,200,164
122000155,1425,2579,-1154
122000156,925,986,-61
122000157,3105,1938,1167
122000158,472,457,15
122000159,1281,1450,-169
122000160,4422,1968,2454
122000161,1731,1343,388
122000162,2209,2183,26
122000163,185,54,131
122000164,30,54,-24
122000165,1089,644,445
122000166,1793,1183,610
122000167,155,172,-17
122000168,192,496,-304
122000169,685,199,486
122000170,251,229,22
122000171,20,61,-41
122000172,1034,1457,-423
122000173,1159,1768,-609
122000174,1664,1626,38
122000175,1733,337,1396
122000176,342,621,-279
122000177,1904,1016,888
122000178,2940,3510,-570
122000179,1539,2276,-737
122000180,1574,934,640
122000181,2637,2566,71
122000182,1249,1291,-42
122000183,1643,1246,397
122000184,1969,1951,18
122000185,1009,1366,-357
122000186,564,746,-182
122000187,2840,1159,1681
122000188,340,217,123
122000189,257,378,-121
122000190,1455,1244,211
122000191,1103,573,530
122000192,1180,293,887
122000193,453,467,-14
122000194,1063,194,869
122000195,275,353,-78
122000196,1143,543,600
122000197,617,519,98
122000198,681,653,28
122000199,465,246,219
122000200,1700,961,739
122000201,1071,1223,-152
122000202,1718,1476,242
122000203,1787,1029,758
122000204,1781,1867,-86
122000205,1526,1435,91
122000206,2210,837,1373
122000207,2211,1125,1086
122000208,3579,1547,2032
122000209,3360,440,2920
122000210,2294,1618,676
122000211,1851,1028,823
122000212,759,424,335
122000213,1029,1182,-153
122000214,1891,1735,156
122000215,1752,1811,-59
122000217,2304,1260,1044
122000218,942,102,840
122000219,1708,991,717
122000220,608,542,66
122000221,118,473,-355
122000222,511,168,343
122000223,1529,503,1026
122000225,990,401,589
122000226,2383,1995,388
122000227,343,3031,-2688
122000228,412,320,92
122000229,17,416,-399
122000230,55,574,-519
122000231,298,832,-534
122000232,904,928,-24
122000233,1,125,-124
122000234,372,260,112
122000235,704,207,497
122000236,878,109,769
122000237,75,104,-29
122000238,234,367,-133
122000239,462,131,331
122000240,1744,524,1220
122000241,1424,598,826
122000242,692,120,572
122000243,285,63,222
122000244,92,493,-401
122000245,90,273,-183
122000246,284,192,92
122000247,584,883,-299
122000248,1649,2230,-581
122000249,898,855,43
122000250,1805,1329,476
122000251,241,458,-217
122000252,545,92,453
122000253,21,281,-260
122000254,217,91,126
122000255,736,1663,-927
122000256,379,1107,-728
122000257,290,397,-107
122000258,384,187,197
122000259,17,581,-564
122000260,253,977,-724
122000261,7,232,-225
122000262,0,71,-71
122000263,214,96,118
122000264,1314,611,703
122000265,3514,940,2574
122000266,7995,711,7284
122000267,201,174,27
122000268,269,474,-205
122000269,1424,289,1135
122000270,2194,160,2034
122000271,605,1092,-487
122000272,259,1047,-788
122000273,370,471,-101
122000274,213,360,-147
122000275,258,273,-15
122000276,486,406,80
122000277,1052,1147,-95
122000278,1613,1314,299
122000279,118,342,-224
122000280,978,718,260
122000281,636,574,62
122000282,270,95,175
122000283,1135,64,1071
122000284,255,97,158
122000285,738,96,642
122000286,248,162,86
122000287,1567,1317,250
122000288,758,272,486
122000291,1266,775,491
122000293,326,282,44
122000294,79,219,-140
122000295,1235,195,1040
122000296,72,700,-628
122000297,2113,1894,219
122000299,593,1410,-817
122000300,668,627,41
122000301,11595,3013,8582
122000302,848,1453,-605
122000303,2917,1181,1736
122000304,54,273,-219
122000305,764,777,-13
122000306,23,684,-661
122000307,93,113,-20
122000309,94,78,16
122000310,64,93,-29
122000311,383,150,233
122000312,174,66,108
122000313,189,60,129
122000314,176,241,-65
122000315,240,18,222
122000316,779,228,551
122000317,1075,262,813
122000318,230,318,-88
122000319,188,483,-295
122000320,450,2164,-1714
122000321,143,251,-108
122000322,2106,3138,-1032
122000323,1648,2214,-566
122000324,1561,1408,153
122000325,975,1273,-298
122000326,65,130,-65
122000327,420,752,-332
122000328,1324,757,567
122000330,1791,560,1231
122000333,18,186,-168
122000337,1073,1796,-723
122000338,888,595,293
122000340,477,299,178
122000342,2515,1050,1465
122000343,421,1356,-935
122000344,61,19,42
122000345,280,179,101
122000346,320,600,-280
122000348,612,698,-86
122000349,121,668,-547
122000351,145,217,-72
122000352,468,122,346
122000353,82,117,-35
122000355,172,173,-1
122000356,2590,1382,1208
122000357,68,18,50
122000358,0,67,-67
122000359,0,24,-24
122000360,0,41,-41
122000362,2,86,-84
122000364,109,305,-196
122000365,4,91,-87
122000366,7,7,0
122000368,485,567,-82
122000370,11,56,-45
122000371,87,0,87
122000372,63,3,60
122000381,52,370,-318
122000382,84,364,-280
122000384,5015,2179,2836
122000385,73,0,73
122000386,1184,1389,-205
122000387,1487,737,750
122000388,2137,545,1592
122000389,194,547,-353
122000390,852,344,508
122000391,372,110,262
122000392,177,219,-42
122000393,337,636,-299
122000394,504,274,230
122000395,139,193,-54
122000396,433,119,314
122000399,171,74,97
122000400,326,559,-233
122000401,141,86,55
122000402,241,150,91
122000403,278,981,-703
122000404,74,259,-185
122000408,712,1096,-384
122000503,8,200,-192
122000524,231,116,115
122000544,64,5420,-5356
122000614,571,421,150
122000616,243,4,239
122000640,104,168,-64
122000641,104,395,-291
122000642,1817,966,851
122000643,76,181,-105
122000644,453,129,324
122000645,640,507,133
122000651,2472,739,1733
122000664,264,116,148
122000665,923,485,438
122000666,568,984,-416
122000673,35,305,-270
122000674,144,55,89
122000675,1811,1512,299
122000686,84,710,-626
122000687,1508,120,1388
122000688,195,710,-515
122000689,548,116,432
122000690,1054,713,341
122000691,359,2342,-1983
122000692,1722,859,863
122000693,558,2254,-1696
122000695,224,320,-96
122000696,260,288,-28
122000698,485,872,-387
122000699,228,75,153
122000701,2292,618,1674
122000702,591,2007,-1416
122000703,113,65,48
122000712,0,0,0
122000717,1738,189,1549
122000718,732,1864,-1132
122000719,150,59,91
122000720,432,435,-3
122000724,242,344,-102
122900001,34,6,28
122900002,1200,4394,-3194
122900003,498,48,450
122900004,357,42,315
122900005,73,18,55
122900006,1640,122,1518
122900007,91,41,50
122900008,1271,49,1222
122900009,645,409,236
122900010,168,156,12
122900012,241,206,35
122900014,181,307,-126
122900015,1867,621,1246
122900016,239,307,-68
122900017,515,718,-203
122900018,200,25,175
122900020,606,269,337
122900021,76,1046,-970
122900022,652,791,-139
122900023,236,171,65
122900024,93,91,2
122900025,10,139,-129
122900026,110,245,-135
122900027,55,785,-730
122900028,202,194,8
122900029,4566,3035,1531
122900030,1106,418,688
122900031,110,214,-104
122900032,86,409,-323
122900033,384,126,258
122900034,3691,7212,-3521
122900035,11,5,6
122900036,39,224,-185
122900037,542,101,441
122900038,141,3685,-3544
122900039,88,474,-386
122900040,357,283,74
122900041,306,166,140
122900042,164,254,-90
122900043,822,136,686
122900044,111,365,-254
122900045,91,71,20
122900046,328,72,256
122900047,708,206,502
122900048,45,373,-328
122900049,2078,120,1958
122900051,138,106,32
122900052,76,191,-115
122900053,8,24,-16
122900055,453,142,311
122900057,492,69,423
122900061,440,240,200
122900062,429,699,-270
122900063,216,328,-112
122900064,1853,401,1452
122900065,678,211,467
122900066,536,296,240
122900067,1217,694,523
122900069,227,2194,-1967
122900070,307,54,253
122900071,99,439,-340
122900073,34,266,-232
122900074,690,594,96
122900075,0,60,-60
122900076,5,214,-209
122900077,2,128,-126
122900078,90,114,-24
122900080,42,27,15
122900081,389,141,248
122900082,929,246,683
122900083,198,140,58
122900084,4,227,-223
122900086,7,115,-108
122900087,330,412,-82
122900088,45,79,-34
122900089,133,177,-44
122900090,12,649,-637
122900091,206,1,205
122900092,0,88,-88
122900093,3,260,-257
122900094,5,191,-186
122900095,141,10,131
122900096,222,301,-79
122900097,63,34,29
122900098,88,112,-24
122900099,43,9,34
122900100,942,106,836
122900101,771,307,464
122900102,24,23,1
122900103,91,9,82
122900104,108,6,102
122900105,9,3,6
122900106,3,79,-76
122900107,0,190,-190
122900108,5,215,-210
122900109,161,135,26
123000001,1356,319,1037
123000002,4119,2827,1292
123000003,2855,2759,96
123000004,3021,3659,-638
123000005,2286,2635,-349
123000006,2378,3072,-694
123000007,3552,2872,680
123000008,2303,2521,-218
123000009,4939,3108,1831
123000010,3577,3631,-54
123000011,4960,755,4205
123000012,1693,2281,-588
123000013,3291,843,2448
123000014,1353,2575,-1222
123000015,4344,963,3381
123000016,1939,3082,-1143
123000017,2915,1925,990
123000018,59,123,-64
123000019,243,308,-65
123000020,106,170,-64
123000021,58,573,-515
123000022,325,4249,-3924
123000023,1466,1407,59
123000024,1686,628,1058
123000025,325,335,-10
123000026,91,107,-16
123000027,1667,213,1454
123000028,2380,202,2178
123000029,3273,298,2975
123000030,434,428,6
123000031,122,367,-245
123000032,226,233,-7
123000033,396,70,326
123000034,1410,1422,-12
123000035,262,418,-156
123000036,243,916,-673
123000037,279,295,-16
123000038,89,215,-126
123000039,435,1060,-625
123000040,900,355,545
123000041,1302,887,415
123000042,1296,488,808
123000043,1644,3087,-1443
123000044,4963,2128,2835
123000045,5855,2051,3804
123000046,744,1070,-326
123000047,1817,610,1207
123000048,57,472,-415
123000049,3345,6626,-3281
123000050,1609,2190,-581
123000051,102,198,-96
123000052,769,2762,-1993
123000053,1626,2728,-1102
123000054,1391,1908,-517
123000055,1121,1854,-733
123000056,913,1265,-352
123000057,14527,5924,8603
123000058,883,786,97
123000059,1619,2823,-1204
123000060,1171,553,618
123000061,2623,1503,1120
123000063,346,353,-7
123000064,821,285,536
123000065,4663,2151,2512
123000066,1057,756,301
123000067,708,695,13
123000068,3139,3072,67
123000069,5830,4171,1659
123000070,173,234,-61
123000071,430,588,-158
123000072,783,849,-66
123000073,1043,962,81
123000074,1980,1891,89
123000075,678,1493,-815
123000076,687,1120,-433
123000077,1595,2108,-513
123000078,797,1349,-552
123000079,1186,2182,-996
123000080,2371,2777,-406
123000081,208,644,-436
123000082,382,689,-307
123000083,979,463,516
123000084,605,968,-363
123000085,302,108,194
123000086,452,307,145
123000087,450,898,-448
123000088,1186,2029,-843
123000089,440,1302,-862
123000090,1152,1033,119
123000091,1971,2071,-100
123000092,1982,1992,-10
123000094,636,440,196
123000095,413,702,-289
123000096,632,495,137
123000097,560,860,-300
123000098,700,768,-68
123000099,642,843,-201
123000100,551,703,-152
123000101,546,633,-87
123000102,529,542,-13
123000104,424,478,-54
123000105,527,517,10
123000106,579,490,89
123000107,391,622,-231
123000108,2740,1159,1581
123000111,695,409,286
123000112,563,400,163
123000113,461,1043,-582
123000114,452,730,-278
123000115,311,353,-42
123000116,34,178,-144
123000117,870,1034,-164
123000118,323,445,-122
123000119,603,1067,-464
123000120,719,973,-254
123000121,319,627,-308
123000122,439,252,187
123000123,473,766,-293
123000124,636,544,92
123000125,933,1027,-94
123000126,2164,3615,-1451
123000127,1273,828,445
123000128,278,338,-60
123000129,546,229,317
123000130,517,108,409
123000131,717,877,-160
123000132,484,602,-118
123000133,288,377,-89
123000134,371,180,191
123000135,1401,960,441
123000136,221,1017,-796
123000137,132,344,-212
123000138,137,362,-225
123000139,468,162,306
123000140,121,689,-568
123000141,809,142,667
123000142,962,1041,-79
123000143,2282,2251,31
123000144,58,13,45
123000145,194,108,86
123000146,68,75,-7
123000147,164,117,47
123000149,387,343,44
123000150,233,241,-8
123000151,248,533,-285
123000152,130,388,-258
123000153,204,667,-463
123000154,1816,2008,-192
123000155,2271,810,1461
123000156,69,129,-60
123000157,573,743,-170
123000158,543,679,-136
123000159,2700,1586,1114
123000160,1007,723,284
123000161,1117,680,437
123000162,836,1680,-844
123000163,339,130,209
123000164,813,266,547
123000165,330,1302,-972
123000166,58,193,-135
123000167,203,366,-163
123000168,240,281,-41
123000169,648,127,521
123000170,98,252,-154
123000171,411,52,359
123000172,163,582,-419
123000173,433,247,186
123000174,971,400,571
123000175,665,1351,-686
123000176,1158,412,746
123000177,292,912,-620
123000178,922,217,705
123000179,33,370,-337
123000180,1288,369,919
123000181,241,955,-714
123000183,168,588,-420
123000186,82,774,-692
123000187,437,1,436
123000188,299,81,218
123000189,130,164,-34
123000190,0,46,-46
123000192,42,321,-279
123000193,163,887,-724
123000194,417,370,47
123000195,172,20,152
123000196,104,59,45
123000197,101,124,-23
123000198,92,220,-128
123000199,35,542,-507
123000200,264,32,232
123000201,333,6,327
123000202,91,1265,-1174
123000203,577,72,505
123000204,92,1075,-983
123000205,558,1856,-1298
123000206,1468,201,1267
123000207,135,953,-818
123000208,790,144,646
123000209,2033,530,1503
123000210,528,1726,-1198
123000211,674,3279,-2605
123000212,2958,601,2357
123000213,793,344,449
123000215,258,186,72
123000216,185,700,-515
123000217,222,49,173
123000218,108,445,-337
123000219,984,186,798
123000220,538,98,440
123000222,558,280,278
123000223,444,355,89
123000224,326,492,-166
123000225,200,92,108
123000226,72,295,-223
123000227,127,311,-184
123000228,227,53,174
123000229,1308,1662,-354
123000232,91,693,-602
123000233,812,266,546
123000234,191,746,-555
123000235,709,328,381
123000236,273,790,-517
123000237,265,88,177
123000238,117,632,-515
123000239,345,1435,-1090
123000240,63,459,-396
123000241,1147,151,996
123000243,1699,1044,655
123000244,1117,805,312
123000245,58,178,-120
123000249,354,957,-603
123000252,750,138,612
123000253,846,409,437
123000254,553,987,-434
123000255,1188,1377,-189
123000256,307,486,-179
123000257,1541,1267,274
123000258,1762,1631,131
123000259,349,257,92
123000260,331,386,-55
123000261,402,431,-29
123000262,87,242,-155
123000263,349,101,248
123000264,174,56,118
123000265,43,194,-151
123000266,591,801,-210
123000267,523,414,109
123000268,65,70,-5
123000269,41,104,-63
123000270,24,68,-44
123000271,83,68,15
123000272,670,280,390
123000273,193,568,-375
123000274,1115,562,553
123000275,333,986,-653
123000278,3429,3558,-129
123000279,110,124,-14
123000280,479,408,71
123000281,413,77,336
123000282,94,279,-185
123000283,136,73,63
123000284,61,103,-42
123000286,427,514,-87
123000287,858,336,522
123000288,1058,694,364
123000289,663,904,-241
123000291,303,759,-456
123000294,407,278,129
123000295,1041,724,317
123000296,666,574,92
123000297,668,1025,-357
123000298,471,591,-120
123000299,221,485,-264
123000300,2224,1824,400
123000301,284,438,-154
123000302,66,218,-152
123000303,164,68,96
123000305,1090,1044,46
123000306,96,216,-120
123000309,72,53,19
123000310,79,43,36
123000311,25,169,-144
123000312,1104,1651,-547
123000313,830,1127,-297
123000315,51,423,-372
123000316,523,495,28
123000317,253,56,197
123000318,47,238,-191
123000329,10,15,-5
123000337,789,314,475
123000338,1263,54,1209
123000339,211,187,24
123000340,282,1006,-724
123000342,31,182,-151
123000343,73,3,70
123000344,1471,441,1030
123000345,1444,827,617
123000346,589,378,211
123000352,1632,762,870
123000353,19,210,-191
123000354,1331,18,1313
123000355,37,1563,-1526
123000356,287,12,275
123000357,5,216,-211
123000359,12,217,-205
123000360,202,203,-1
123000361,618,315,303
123000362,178,117,61
123000363,92,165,-73
123000364,886,820,66
123000365,66,321,-255
123000366,696,2101,-1405
123000367,1167,2439,-1272
123000370,47,264,-217
123000371,258,24,234
123000372,373,20,353
123000373,18,455,-437
123000374,39,205,-166
123000375,217,75,142
123000376,837,636,201
123000377,202,28,174
123000378,14,255,-241
123000379,2,306,-304
123000380,88,298,-210
123000381,236,37,199
123000382,1046,178,868
123000383,318,1096,-778
123000384,523,69,454
123000385,508,774,-266
123000436,201,2520,-2319
123000507,657,389,268
123000508,583,1044,-461
123000517,133,18,115
123000518,30,249,-219
123000519,296,29,267
123000520,55,234,-179
123000521,396,170,226
123000522,303,831,-528
123000541,3,6,-3
123000542,0,28,-28
123000565,554,33,521
123000566,186,806,-620
123000567,69,254,-185
123000575,18,695,-677
123000576,572,45,527
123000577,230,818,-588
123000578,634,90,544
123000579,5055,5017,38
123000580,93,27,66
123000582,339,27,312
123000583,14,330,-316
123000584,159,252,-93
123000585,0,172,-172
123000586,99,0,99
123000596,122,166,-44
123000597,73,114,-41
123000602,39,13,26
123000603,430,83,347
123000604,467,679,-212
123000605,952,18,934
123000606,0,361,-361
123000609,22,308,-286
123000610,140,157,-17
123000613,8,90,-82
123000615,62,207,-145
123000616,242,51,191
123000617,110,423,-313
123000618,73,458,-385
123000619,444,62,382
123000620,52,2007,-1955
123000622,983,111,872
123000624,144,98,46
123000630,1658,844,814
123000631,5211,3156,2055
123000632,2501,1810,691
123000633,70,569,-499
123000634,66,136,-70
123000635,217,133,84
123000636,58,619,-561
123000637,159,20,139
123000638,499,145,354
123000639,1691,3521,-1830
123000640,37,798,-761
123000648,1080,316,764
123000649,332,1006,-674
123000650,561,137,424
123000651,351,475,-124
123000652,475,149,326
123000653,137,502,-365
123000654,296,510,-214
123000655,196,480,-284
123000656,738,152,586
123000657,4,96,-92
123000658,163,25,138
123900001,1265,44,1221
123900002,45,1773,-1728
123900003,390,456,-66
123900005,250,188,62
123900006,329,38,291
124000001,1721,96,1625
124000002,12,945,-933
124000003,676,144,532
124000004,50,565,-515
124000005,822,359,463
124000006,264,1269,-1005
124000007,485,106,379
124000008,11,790,-779
124000009,513,329,184
124000010,223,800,-577
124000011,1170,294,876
124000012,326,688,-362
124000017,94,98,-4
124000018,97,79,18
124000019,98,130,-32
124000020,49,182,-133
124000021,101,86,15
124000022,84,217,-133
124000023,877,159,718
124000024,1051,583,468
124000025,760,365,395
124000026,739,512,227
124000027,1280,676,604
124000028,2458,1020,1438
124000031,1409,2003,-594
124000032,3681,1583,2098
124000033,984,754,230
124000034,915,1289,-374
124000035,305,140,165
124000036,173,693,-520
124000037,424,963,-539
124000038,58,93,-35
124000039,1138,411,727
124000040,679,904,-225
124000041,316,92,224
124000042,112,448,-336
124000043,88,123,-35
124000044,63,272,-209
124000045,593,663,-70
124000046,269,806,-537
124000047,1216,1065,151
124000048,902,1554,-652
124000049,1508,739,769
124000050,679,2129,-1450
124000051,762,562,200
124000052,742,1203,-461
124000053,535,1356,-821
124000054,901,603,298
124000055,1205,2119,-914
124000056,3165,1507,1658
124000057,891,557,334
124000058,517,1424,-907
124000059,538,970,-432
124000060,1245,856,389
124000061,1321,4083,-2762
124000062,7159,1888,5271
124000063,1641,1920,-279
124000064,2588,1712,876
124000065,223,415,-192
124000066,397,94,303
124000067,111,180,-69
124000068,39,123,-84
124000069,486,246,240
124000070,253,488,-235
124000071,93,129,-36
124000072,209,415,-206
124000073,702,170,532
124000074,343,714,-371
124000075,170,59,111
124000076,19,172,-153
124000077,2205,617,1588
124000078,3210,1096,2114
124000079,520,873,-353
124000080,369,172,197
124000081,119,536,-417
124000082,51,135,-84
124000083,100,136,-36
124000084,110,421,-311
124000085,110,37,73
124000086,69,108,-39
124000087,269,97,172
124000088,144,292,-148
124000089,786,349,437
124000090,154,418,-264
124000091,500,188,312
124000092,154,786,-632
124000093,84,122,-38
124000094,105,553,-448
124000095,70,81,-11
124000096,114,218,-104
124000097,80,165,-85
124000098,58,158,-100
124000099,400,148,252
124000100,125,106,19
124000101,85,92,-7
124000102,127,82,45
124000103,79,118,-39
124000104,164,69,95
124000105,56,97,-41
124000106,184,105,79
124000107,24,177,-153
124000108,63,48,15
124000109,124,114,10
124000110,293,148,145
124000111,147,145,2
124000112,500,736,-236
124000113,62,102,-40
124000114,385,568,-183
124000115,516,730,-214
124000116,137,126,11
124000117,119,79,40
124000118,31,87,-56
124000119,1242,485,757
124000120,640,474,166
124000121,2359,924,1435
124000122,524,1247,-723
124000123,869,498,371
124000124,525,1175,-650
124000125,317,408,-91
124000126,334,692,-358
124000127,783,414,369
124000128,688,1078,-390
124000129,1835,1392,443
124000130,863,771,92
124000131,978,495,483
124000132,1019,949,70
124000133,832,870,-38
124000134,904,784,120
124000135,1530,1493,37
124000136,930,1157,-227
124000137,1307,525,782
124000138,1549,1284,265
124000139,1152,85,1067
124000140,127,609,-482
124000141,563,37,526
124000142,72,805,-733
124000143,129,21,108
124000144,3,176,-173
124000145,86,47,39
124000146,22,110,-88
124000148,17,83,-66
124000149,1022,481,541
124000150,321,580,-259
124000151,709,298,411
124000152,748,1343,-595
124000153,554,536,18
124000154,321,824,-503
124000155,1123,999,124
124000156,1736,957,779
124000169,183,467,-284
124000170,680,446,234
124000171,251,254,-3
124000172,412,575,-163
124000173,489,254,235
124000174,464,620,-156
124000175,22,96,-74
124000176,58,23,35
124000177,7,52,-45
124000178,52,44,8
124000185,31,10,21
124000186,9,66,-57
124000187,9,141,-132
124000188,51,7,44
124000190,147,29,118
124000191,653,118,535
124000192,3048,322,2726
124000193,1000,998,2
124000194,447,631,-184
124000195,284,494,-210
124000196,1358,1095,263
124000197,87,45,42
124000198,25,54,-29
124000201,419,943,-524
124000202,626,217,409
124000203,213,836,-623
124000204,528,432,96
124000205,40,558,-518
124000206,412,387,25
124000207,1,52,-51
124000209,177,394,-217
124000210,227,148,79
124000211,451,1,450
124000212,0,512,-512
124000213,236,335,-99
124000214,210,599,-389
124000215,494,46,448
124000216,5,541,-536
124000329,111,2067,-1956
124000338,78,878,-800
124000339,544,112,432
124000341,1072,111,961
124000344,35,10,25
124000357,1437,4023,-2586
124000358,1497,2926,-1429
124000359,1133,870,263
124000360,782,683,99
124000361,2024,681,1343
124000362,1628,1576,52
124000363,313,403,-90
124000364,788,977,-189
124000365,950,1279,-329
124000366,2311,1548,763
124000367,197,618,-421
124000368,499,285,214
124000369,175,152,23
124000370,43,488,-445
124000402,28,10,18
124000403,108,9,99
124000404,13,130,-117
124000405,808,806,2
124000406,752,906,-154
124000407,3,34,-31
124000411,13,363,-350
124000412,325,32,293
124000413,1306,31,1275
124000414,64,132,-68
124000415,39,211,-172
124000416,189,299,-110
124000417,173,95,78
124000418,129,142,-13
124000419,88,193,-105
124000420,54,97,-43
124000421,62,302,-240
124000422,36,25,11
124000423,129,35,94
124000424,10,138,-128
124000425,65,35,30
124000426,3,227,-224
124000427,91,20,71
124000428,47,53,-6
124000429,65,85,-20
124000430,702,495,207
124000431,292,561,-269
124000432,170,967,-797
124000439,23,5,18
124000443,4,68,-64
124000445,1202,893,309
124000446,2672,94,2578
124000447,31,221,-190
124000448,54,24,30
124000449,102,16,86
124000450,18,356,-338
124000451,2,208,-206
124000452,467,88,379
124000453,2257,4045,-1788
124000454,3192,4987,-1795
124000455,8,1382,-1374
124000456,466,6,460
124000457,10,494,-484
124000458,6,341,-335
124000459,348,6,342
124000460,4,288,-284
124900001,394,283,111
124900002,118,413,-295
124900003,759,693,66
124900004,414,372,42
124900005,315,166,149
124900006,477,386,91
124900008,1059,511,548
124900009,106,211,-105
124900010,96,64,32
124900011,332,258,74
124900012,398,122,276
124900013,464,151,313
124900014,247,110,137
124900015,126,259,-133
124900016,62,77,-15
124900017,641,1181,-540
124900018,32,16,16
124900020,57,46,11
124900021,148,49,99
124900022,31,35,-4
124900024,178,42,136
124900026,218,3,215
124900027,115,289,-174
124900028,442,95,347
124900029,14,387,-373
124900030,8,96,-88
124900031,27,349,-322
124900032,162,156,6
124900033,90,265,-175
124900034,5,96,-91
124900035,190,341,-151
124900036,1,51,-50
124900037,145,276,-131
124900038,229,436,-207
124900039,3,27,-24
124900040,191,84,107
124900041,291,1144,-853
124900042,108,1,107
124900043,549,1129,-580
124900044,63,4,59
124900045,542,983,-441
124900047,105,135,-30
124900048,161,144,17
124900050,221,258,-37
124900052,160,299,-139
124900053,72,282,-210
124900054,2857,431,2426
124900055,1,138,-137
124900057,26,605,-579
124900060,86,198,-112
124900061,51,10,41
124900062,85,16,69
124900066,0,19,-19
124900067,12,200,-188
124900068,150,332,-182
124900070,38,14,24
124900072,48,40,8
124900075,175,198,-23
124900076,29,817,-788
124900077,16,78,-62
124900078,82,21,61
124900079,610,201,409
124900080,256,743,-487
124900081,861,258,603
124900082,459,1154,-695
124900083,223,503,-280
124900085,1072,166,906
124900086,39,950,-911
124900087,555,80,475
124900088,448,93,355
124900089,1301,25,1276
124900090,161,234,-73
124900091,262,433,-171
124900092,234,324,-90
124900093,262,185,77
124900094,271,276,-5
124900095,80,423,-343
124900096,471,188,283
124900097,236,88,148
124900098,87,344,-257
124900099,513,455,58
124900100,195,63,132
124900101,84,286,-202
124900102,144,32,112
124900103,123,250,-127
124900104,65,239,-174
124900105,124,149,-25
124900106,295,70,225
124900107,103,15,88
124900108,124,66,58
124900111,0,56,-56
124900112,60,476,-416
124900113,95,233,-138
124900114,290,134,156
124900115,40,14,26
124900116,114,100,14
124900117,615,77,538
124900118,290,205,85
124900119,275,170,105
124900120,69,357,-288
124900121,117,308,-191
124900122,443,220,223
124900123,445,94,351
124900124,131,245,-114
124900125,645,12,633
124900126,5,932,-927
204000001,88,19,69
204000002,63,18,45
204000003,36,3,33
204000004,7,1,6
204000005,846,782,64
204000006,1350,2176,-826
204000011,19,51,-32
204000012,31,156,-125
204000019,604,617,-13
204000020,566,813,-247
204000021,1659,861,798
204000022,513,544,-31
204000023,555,1144,-589
204000031,147,20,127
204000032,657,35,622
204000034,28,89,-61
204000035,0,3,-3
204000036,13,15,-2
204000037,10,23,-13
204000038,0,20,-20
204000039,7,46,-39
204000040,3,19,-16
204000041,17,27,-10
204000042,35,10,25
204000043,14,2,12
204000044,32,3,29
204000045,59,8,51
204000046,21,8,13
204000057,18,25,-7
204000062,51,126,-75
204000068,62,300,-238
204000069,45,315,-270
204000070,87,103,-16
204000080,29,86,-57
204000085,2326,1884,442
204000086,3477,2402,1075
204000087,40,12,28
204000088,7,125,-118
204000090,18,164,-146
204000093,33,47,-14
204000096,1050,1310,-260
204000097,217,11,206
204000099,930,2107,-1177
204000100,1070,2098,-1028
204000105,2784,1717,1067
204000110,827,1240,-413
204000111,581,750,-169
204000112,921,770,151
204000113,694,857,-163
204000114,680,611,69
204000115,478,291,187
204000116,756,458,298
204000119,2607,2941,-334
204000132,619,352,267
204000133,854,368,486
204000134,223,155,68
204000135,776,156,620
204000136,501,298,203
204000138,393,508,-115
204000140,211,187,24
204000141,226,108,118
204000144,8,31,-23
204000145,406,48,358
204000146,51,902,-851
204000147,185,230,-45
204000148,877,50,827
204000154,0,6,-6
204000155,3,5,-2
204000177,62,77,-15
204000179,1,2,-1
204000180,0,59,-59
204000222,3,8,-5
204000236,40,532,-492
204000238,24,34,-10
204000240,659,118,541
204000263,818,1305,-487
204000268,1127,978,149
204000308,16,8,8
204000317,15,114,-99
204000322,31,56,-25
204000323,275,55,220
204000328,308,276,32
204000329,223,452,-229
204000330,352,182,170
204000331,280,496,-216
205000001,1238,2068,-830
205000013,6,127,-121
205000014,33,104,-71
205000015,44,250,-206
205000016,19,227,-208
205000017,32,77,-45
205000022,478,1052,-574
205000025,1841,1328,513
205000029,193,8,185
205000045,179,269,-90
205000046,96,609,-513
205000047,41,580,-539
205000048,393,1402,-1009
205000049,152,1082,-930
205000050,1177,422,755
205000059,3,287,-284
205000060,4,111,-107
205000061,10,92,-82
205000062,7,92,-85
205000063,23,220,-197
205000064,22,175,-153
205000065,80,604,-524
205000066,120,952,-832
205000067,54,1086,-1032
205000069,172,25,147
205000082,136,337,-201
205000110,105,307,-202
205000111,212,354,-142
205000112,143,220,-77
205000113,284,337,-53
205000121,232,139,93
205000123,79,211,-132
205000126,457,334,123
205000127,640,390,250
205000128,824,349,475
205000129,751,389,362
205000130,1743,155,1588
205000131,1540,31,1509
205000132,1272,36,1236
205000133,1564,14,1550
205000134,568,2,566
205000137,86,189,-103
205000138,177,300,-123
205000139,50,147,-97
205000144,83,104,-21
205000145,252,227,25
205000151,151,82,69
205000152,175,54,121
205000153,236,102,134
205000154,101,181,-80
205000155,163,33,130
205000207,3,169,-166
205000233,167,55,112
205000234,0,1,-1
205000243,3,2,1
205000244,0,3,-3
205000245,19,207,-188
205000249,1,26,-25
205000250,4,0,4
205000264,30,103,-73
206000027,3,11,-8
206000028,6,0,6
206000043,18,65,-47
206000053,10,8,2
206000054,6,25,-19
206000055,2,20,-18
206000075,1,10,-9
206000076,21,16,5
206000077,25,10,15
206000078,11,7,4
206000079,11,8,3
206000082,357,57,300
206000100,45,549,-504
206000103,21,18,3
206000104,23,21,2
206000105,12,10,2
206000106,14,20,-6
206000125,21,0,21
206000157,65,452,-387
206000170,1,141,-140
206000171,3,157,-154
206000172,4,525,-521
206000173,2,281,-279
206000174,11,92,-81
206000175,5,142,-137
206000176,25,224,-199
206000177,1,160,-159
206000178,8,137,-129
206000179,3,79,-76
206000180,18,107,-89
206000181,1,174,-173
206000182,22,219,-197
206000183,22,676,-654
206000184,5,316,-311
206000185,18,233,-215
206000186,131,1214,-1083
206000223,8,192,-184
206000226,9,3,6
206000227,11,2,9
206000237,28,353,-325
206000238,21,573,-552
206000239,424,1741,-1317
206000240,4,39,-35
206000241,0,82,-82
206000242,18,277,-259
206000243,10,249,-239
206000244,126,595,-469
206000245,553,78,475
206000246,119,17,102
206000247,107,10,97
206000248,204,42,162
206000252,89,42,47
206000258,37,34,3
206000315,28,8,20
206000317,477,89,388
206000318,283,75,208
206000319,753,166,587
206000320,61,50,11
206000321,76,17,59
206000322,292,23,269
206000323,102,19,83
206000324,61,12,49
206000325,93,28,65
206000326,83,17,66
206000327,688,18,670
206000328,124,5,119
206000329,175,5,170
206000330,24,4,20
206000331,99,2,97
206000332,32,8,24
206000333,336,0,336
206000334,158,3,155
206000335,0,23,-23
206000361,10,158,-148
206000392,2,19,-17
206000405,104,0,104
206000441,14,25,-11
206000498,53,20,33
206000515,55,34,21
206000530,123,84,39
206000531,178,204,-26
206000532,1978,223,1755
206000535,341,2118,-1777
206000536,35,173,-138
206000537,17,205,-188
206000613,1128,243,885
206000784,380,49,331
207000001,211,638,-427
207000002,149,302,-153
207000003,176,195,-19
207000007,615,321,294
207000008,59,22,37
207000009,30,59,-29
207000010,442,449,-7
207000012,244,232,12
207000015,337,1344,-1007
207000019,439,121,318
207000021,518,208,310
207000022,179,138,41
207000023,231,84,147
207000024,12,33,-21
207000025,16,74,-58
207000026,113,38,75
207000027,30,78,-48
207000028,74,170,-96
207000029,256,377,-121
207000033,292,398,-106
207000034,287,99,188
207000039,255,154,101
207000040,229,133,96
207000041,48,41,7
207000042,202,61,141
207000043,206,163,43
207000051,140,335,-195
207000052,33,181,-148
207000053,484,701,-217
207000054,45,179,-134
207000055,184,218,-34
207000056,316,415,-99
207000057,171,320,-149
207000058,176,398,-222
207000059,109,738,-629
207000060,92,288,-196
207000061,269,372,-103
207000062,272,60,212
207000063,339,172,167
207000064,344,167,177
207000065,314,280,34
207000066,140,216,-76
207000067,51,149,-98
207000068,208,88,120
207000069,584,373,211
207000082,17,283,-266
207000083,99,340,-241
207000084,188,259,-71
207000085,154,16,138
207000086,207,4,203
207000106,36,34,2
207000107,74,19,55
207000108,65,10,55
207000109,62,21,41
207000110,52,118,-66
207000111,72,91,-19
207000112,290,637,-347
207000114,34,33,1
207000115,25,71,-46
207000116,22,451,-429
207000117,10,142,-132
207000118,5,98,-93
207000119,50,110,-60
207000123,198,25,173
207000124,40,30,10
207000125,55,56,-1
207000126,81,87,-6
207000134,100,223,-123
207000135,18,302,-284
207000148,51,284,-233
207000149,102,40,62
207000152,139,420,-281
207000153,989,1220,-231
207000154,541,185,356
207000159,155,235,-80
207000160,166,552,-386
207000238,0,205,-205
207000242,1,189,-188
207000248,55,24,31
207000249,260,57,203
207000250,884,80,804
207000251,104,90,14
207000252,60,71,-11
207000278,64,92,-28
207000279,28,201,-173
207000280,404,97,307
207000281,121,1215,-1094
207000282,149,53,96
207000283,128,236,-108
207000284,76,153,-77
207000285,192,35,157
207000291,23,115,-92
207000304,157,98,59
207000306,143,463,-320
207000310,56,78,-22
207000353,296,6,290
207000356,16,43,-27
207000357,29,14,15
207000358,12,31,-19
207000415,7,208,-201
207000417,67,3,64
207000418,121,165,-44
207000438,0,1,-1
207000439,940,702,238
207000446,141,14,127
207000460,16,24,-8
207000466,185,130,55
207000467,251,114,137
207000468,87,456,-369
207000476,8,84,-76
207000477,429,110,319
207000478,0,22,-22
207000523,0,12,-12
207000524,114,0,114
207000527,117,201,-84
207000530,375,8,367
207000531,337,4,333
207000532,64,20,44
207000534,536,72,464
207000535,78,341,-263
207000537,32,108,-76
207000540,8,238,-230
207000541,2,372,-370
207000548,6,344,-338
207000549,271,13,258
207000561,113,170,-57
207000562,52,232,-180
207000567,192,277,-85
207000568,130,86,44
207000569,339,856,-517
207000584,348,191,157
207000585,166,303,-137
207000587,79,24,55
207000616,1,145,-144
207000617,105,0,105
207000624,70,41,29
207000631,7,76,-69
207900008,255,199,56
208000001,816,926,-110
208000002,887,586,301
208000003,1335,639,696
208000004,1711,925,786
208000005,46,20,26
208000019,541,1080,-539
208000020,186,604,-418
208000021,205,565,-360
208000022,1008,560,448
208000028,1489,825,664
208000033,439,625,-186
208000034,1230,1599,-369
208000037,463,29,434
208000040,194,197,-3
208000041,900,628,272
208000042,1397,622,775
208000047,170,382,-212
208000064,2611,1780,831
208000066,1819,1874,-55
208000070,377,462,-85
208000071,406,1009,-603
208000072,339,1380,-1041
208000080,306,509,-203
208000081,349,167,182
208000082,524,361,163
208000083,185,448,-263
208000084,54,19,35
208000085,1510,744,766
208000086,652,1214,-562
208000087,562,893,-331
208000089,967,644,323
208000090,1005,960,45
208000093,219,152,67
208000094,516,488,28
208000095,762,399,363
208000104,996,1226,-230
208000105,755,1331,-576
208000114,114,233,-119
208000115,486,364,122
208000116,553,1187,-634
208000117,219,170,49
208000118,126,113,13
208000155,1193,1043,150
208000158,1797,3081,-1284
208000186,3704,3869,-165
208000204,706,1231,-525
208000205,1096,1485,-389
208000282,5406,2395,3011
209000004,242,177,65
209000005,52,36,16
209000006,546,174,372
209000007,501,302,199
209000010,605,177,428
209000011,275,275,0
209000012,140,158,-18
209000013,232,426,-194
209000014,607,1157,-550
209000025,330,41,289
209000026,753,135,618
209000027,604,1035,-431
209000028,499,846,-347
209000029,1350,707,643
209000030,976,1577,-601
209000031,3473,2523,950
209000034,160,274,-114
209000035,91,193,-102
209000036,177,137,40
209000037,264,281,-17
209000038,136,200,-64
209000039,68,208,-140
209000040,216,556,-340
209000041,190,458,-268
209000042,179,411,-232
209000043,810,1004,-194
209000044,197,859,-662
209000045,1653,447,1206
209000046,462,492,-30
209000047,394,198,196
209000048,555,260,295
209000049,109,108,1
209000050,181,190,-9
209000051,274,421,-147
209000052,211,385,-174
209000062,43,154,-111
209000063,32,140,-108
209000064,58,193,-135
209000065,66,53,13
209000066,44,46,-2
209000067,53,78,-25
209000080,38,277,-239
209000082,73,46,27
209000091,60,116,-56
209000093,67,35,32
209000094,201,167,34
209000110,40,107,-67
209000111,375,1757,-1382
209000112,894,799,95
209000113,2683,614,2069
209000114,453,427,26
209000115,110,198,-88
209000116,758,576,182
209000118,74,57,17
209000119,139,18,121
209000121,196,602,-406
209000135,63,170,-107
209000142,642,1902,-1260
209000143,192,129,63
209000144,175,100,75
209000229,220,185,35
209000240,124,614,-490
209000259,99,136,-37
209000260,39,1001,-962
209000261,1,468,-467
209000262,1,443,-442
209000263,0,111,-111
209000264,0,46,-46
209000265,386,2,384
209000266,71,1,70
209000267,753,4,749
209000268,692,44,648
210000037,67,19,48
210000047,98,23,75
210000048,64,36,28
210000049,38,34,4
210000052,47,85,-38
210000053,32,69,-37
210000054,120,92,28
210000070,62,4,58
210000071,48,1,47
210000072,30,0,30
210000073,0,36,-36
210000074,1,108,-107
210000075,0,72,-72
210000076,7,150,-143
210000077,172,26,146
210000078,49,29,20
210000079,114,10,104
210000080,287,54,233
210000081,166,11,155
210000082,124,1,123
210000083,140,0,140
210000084,28,0,28
210000085,0,111,-111
210000086,2,132,-130
210000099,52,301,-249
210000100,49,230,-181
210000101,75,296,-221
210000105,31,340,-309
210000159,0,212,-212
210000163,133,281,-148
210000164,346,157,189
210000168,211,13,198
210000187,0,13,-13
210000188,1,21,-20
210000214,16,0,16
210000219,49,47,2
210000220,76,64,12
210000232,2,21,-19
210000233,21,65,-44
210000234,17,179,-162
210000235,54,140,-86
210000245,1,43,-42
210000246,39,25,14
210000258,13,99,-86
210000259,296,36,260
210000282,97,253,-156
210000285,2,118,-116
210000286,16,194,-178
210000290,5,17,-12
210000295,57,227,-170
210000296,72,99,-27
210000320,121,88,33
210000321,105,65,40
210000338,245,72,173
210000339,359,1300,-941
210000340,130,467,-337
210000341,308,290,18
210000342,215,243,-28
210000343,293,207,86
210000344,608,161,447
210000345,247,323,-76
210000346,201,216,-15
210000347,467,72,395
210000348,334,11,323
210000349,267,23,244
210000350,105,82,23
210000351,145,119,26
210000352,49,86,-37
210000353,27,107,-80
210000354,58,95,-37
210000355,162,110,52
210000356,147,55,92
210000357,176,52,124
210000358,367,99,268
210000359,360,89,271
210000360,187,120,67
210000361,195,184,11
210000362,325,209,116
210000363,1003,187,816
210000364,119,132,-13
210000365,141,53,88
210000366,146,65,81
210000367,100,43,57
210000368,186,39,147
210000369,50,41,9
210000370,97,50,47
210000372,176,36,140
210000373,146,9,137
210000374,77,21,56
210000375,32,79,-47
210000376,92,159,-67
210000404,72,186,-114
210000439,26,47,-21
210000472,145,6,139
210000482,130,99,31
210000564,445,220,225
210000567,2,54,-52
210000568,508,6,502
211000092,28,55,-27
211000094,24,5,19
211000169,190,9,181
211000172,29,371,-342
211000209,1,22,-21
211000226,11,24,-13
211000270,52,16,36
211000275,29,12,17
211000276,39,23,16
211000279,20,23,-3
211000281,38,44,-6
211000302,22,56,-34
211507980,1,36,-35
211977296,49,4,45
212000003,249,69,180
212000004,240,27,213
212000005,75,44,31
212000006,119,102,17
212000008,214,217,-3
212000009,29,134,-105
212000012,70,81,-11
212000013,25,52,-27
212000014,249,170,79
212000015,320,254,66
212000016,407,592,-185
212000027,380,587,-207
212000028,225,477,-252
212000029,172,364,-192
212000030,28,29,-1
212000031,49,64,-15
212000048,19,122,-103
212000049,15,113,-98
212000050,33,5,28
212000051,167,238,-71
212000052,173,302,-129
212000053,363,645,-282
212000054,127,177,-50
212000055,173,309,-136
212000056,5,51,-46
212000057,10,58,-48
212000058,364,31,333
212000070,121,283,-162
212000077,123,698,-575
212000099,203,308,-105
212000108,464,252,212
212000111,207,137,70
212000120,383,115,268
212000138,168,35,133
212000156,13,121,-108
212000158,7,15,-8
212000159,211,42,169
212000160,396,283,113
212000161,101,11,90
212000310,29,8,21
212000311,3,93,-90
212000374,33,10,23
213000001,62,420,-358
213000005,305,127,178
213000006,1139,245,894
213000007,192,9,183
213000009,745,419,326
213000010,183,207,-24
213000011,260,140,120
213000012,102,303,-201
213000014,50,8,42
213000015,177,6,171
213000016,338,2,336
213000017,78,0,78
213000018,9,203,-194
213000019,0,179,-179
213000020,97,313,-216
213000021,5,114,-109
213000023,224,214,10
213000033,258,1417,-1159
213000034,646,307,339
213000035,114,413,-299
213000045,132,279,-147
213000046,177,196,-19
213000047,709,1074,-365
213000056,70,102,-32
213000069,272,8,264
213000073,0,21,-21
213000074,65,386,-321
213000075,699,6,693
213000076,88,1,87
213000085,9,51,-42
213000086,31,161,-130
213000091,129,12,117
213000092,38,14,24
213000099,169,1068,-899
213000100,1237,348,889
213000101,225,162,63
213000102,367,367,0
213000103,778,793,-15
213000104,46,454,-408
213000105,0,134,-134
213000106,22,146,-124
213000107,146,569,-423
213000108,22,506,-484
213000109,10,255,-245
213000110,10,65,-55
213000111,10,39,-29
213000112,186,89,97
213000115,45,5,40
213000116,46,620,-574
213000117,8,951,-943
213000118,281,285,-4
213000119,54,662,-608
213000120,97,622,-525
213000122,242,598,-356
213000123,465,1105,-640
213000124,92,1055,-963
213000125,119,17,102
213000126,54,107,-53
213000127,170,175,-5
213000128,489,997,-508
213000129,364,644,-280
213000130,294,327,-33
213000132,197,120,77
213000133,321,136,185
213000134,836,27,809
213000136,351,22,329
213000137,513,117,396
213000139,972,38,934
213000147,258,31,227
213000148,116,24,92
213000149,58,17,41
213000150,1,115,-114
213000151,10,80,-70
213000152,5,86,-81
213000153,1,52,-51
213000154,23,260,-237
213000155,14,268,-254
213000156,106,880,-774
213000157,775,526,249
213000158,370,620,-250
213000159,296,844,-548
213000163,394,92,302
213000165,547,243,304
213000171,42,165,-123
213000172,43,309,-266
213000173,20,88,-68
213000174,0,16,-16
213000175,19,35,-16
213000176,3,112,-109
213000177,6,17,-11
213000178,26,4,22
213000179,122,47,75
213000180,134,81,53
213000184,105,494,-389
213000188,411,100,311
213000189,250,49,201
213000190,830,732,98
213000191,327,500,-173
213000192,198,510,-312
213000193,1126,193,933
213000194,3,72,-69
213000195,15,552,-537
213000196,315,1134,-819
213000197,288,1177,-889
213000198,122,2,120
213000200,129,941,-812
213000201,100,27,73
213000202,9,636,-627
213000203,3830,821,3009
213000204,739,138,601
213000205,139,184,-45
213000206,416,138,278
213000207,228,19,209
213000208,318,2,316
213000209,277,4,273
213000210,1156,6,1150
213000211,24,22,2
213000212,68,6,62
213000213,42,34,8
213000218,224,739,-515
213000219,414,13,401
213000220,466,7,459
213000223,257,233,24
213000224,99,63,36
213000225,55,14,41
213000226,99,10,89
213000227,857,401,456
213000228,251,164,87
213000229,729,44,685
213000230,691,51,640
213000232,97,773,-676
213000233,4,37,-33
213000234,4,47,-43
213000293,36,62,-26
213000294,301,17,284
213000295,95,72,23
213000296,63,31,32
213000297,9,104,-95
213000298,32,125,-93
213000299,70,53,17
213000300,18,7,11
213000303,9,50,-41
213000304,10,15,-5
213000305,27,10,17
213000306,207,49,158
213000307,625,76,549
213000308,145,206,-61
213000309,220,76,144
213000310,291,106,185
213000311,360,725,-365
213000315,142,135,7
213000316,257,70,187
213000322,24,26,-2
213000323,34,39,-5
213000340,136,621,-485
213000341,353,154,199
213000346,274,141,133
213000347,786,336,450
213000348,19,74,-55
213000349,30,7,23
213000350,278,1372,-1094
213000366,47,360,-313
213000367,229,38,191
213000379,48,58,-10
213000386,14,223,-209
213000406,67,297,-230
213000417,1265,600,665
213000425,75,26,49
213000426,85,38,47
213000427,22,267,-245
213000428,29,176,-147
213000429,52,7,45
213000430,99,574,-475
213000431,153,3,150
213000432,3,52,-49
213000433,4,148,-144
213000434,64,111,-47
213000435,59,101,-42
213000439,113,14,99
213000441,0,0,0
213000443,567,503,64
213000445,0,78,-78
213000446,1,24,-23
213000447,17,56,-39
213000448,6,90,-84
213000449,158,2,156
213000450,16,28,-12
213000451,215,77,138
213000452,11,27,-16
213000453,71,309,-238
213000455,327,1,326
213000456,1,146,-145
213000481,188,13,175
213000482,62,13,49
213000489,331,99,232
213000491,1,215,-214
213000492,1069,2,1067
213000493,0,136,-136
213000494,159,72,87
213000495,0,13,-13
213000496,248,151,97
213000497,41,197,-156
213000498,64,118,-54
213000499,103,318,-215
213000500,192,62,130
213000501,65,24,41
213000502,274,71,203
213000503,2,27,-25
213000504,6,75,-69
213000505,6,119,-113
213000506,0,8,-8
213000507,2,86,-84
213900244,15,0,15
213900245,0,32,-32
218000003,59,22,37
218000004,50,25,25
218000005,118,33,85
218000006,138,23,115
218000007,20,22,-2
218000012,308,280,28
218000013,112,188,-76
218000014,431,609,-178
218000019,751,513,238
218000020,370,435,-65
218000040,12,6,6
218000046,48,99,-51
218000047,22,157,-135
218000048,40,212,-172
218000049,55,165,-110
218000050,224,313,-89
218000051,89,306,-217
218000052,0,106,-106
218000053,5,13,-8
218000054,5,26,-21
218000055,18,1,17
218000056,9,18,-9
218000057,4,25,-21
218000064,5,14,-9
218000065,82,48,34
218000066,6,72,-66
218000067,31,93,-62
218000068,112,97,15
218000069,150,240,-90
218000070,289,265,24
218000071,236,256,-20
218000072,290,273,17
218000078,730,1119,-389
218000079,44,56,-12
218000080,42,76,-34
218000081,208,241,-33
218000082,22,113,-91
218000083,39,82,-43
218000084,86,135,-49
218000085,97,364,-267
218000086,49,195,-146
218000087,148,262,-114
218000090,10,128,-118
218000091,851,714,137
218000092,47,202,-155
218000093,139,84,55
218000094,582,717,-135
218000099,286,704,-418
218000100,244,334,-90
218000101,639,129,510
218000102,421,278,143
218000103,92,146,-54
218000104,75,28,47
218000105,18,18,0
218000106,14,7,7
218000107,63,90,-27
218000108,1,50,-49
218000112,73,26,47
218000117,51,69,-18
218000134,413,914,-501
218000135,144,89,55
218000136,185,68,117
218000137,192,99,93
218000138,31,85,-54
218000139,176,287,-111
218000140,459,259,200
218000141,76,43,33
218000142,146,147,-1
218000143,104,193,-89
218000144,99,62,37
218000145,277,380,-103
218000146,37,159,-122
218000151,22,34,-12
218000152,175,72,103
218000170,13,73,-60
218000171,131,15,116
218000172,83,13,70
218000173,58,18,40
218000174,62,15,47
218000176,255,42,213
218000177,328,206,122
218000178,131,198,-67
218000179,189,99,90
218000180,95,40,55
218000181,241,52,189
218000187,6,16,-10
218000188,32,55,-23
218000189,13,54,-41
218000190,1,12,-11
218000191,192,95,97
218000192,132,270,-138
218000193,363,381,-18
218000194,83,374,-291
218000195,90,59,31
218000196,186,343,-157
218000197,187,332,-145
218000198,14,126,-112
218000199,33,30,3
218000200,95,51,44
218000201,21,8,13
218000202,179,371,-192
218000207,24,45,-21
218000208,65,40,25
218000211,104,14,90
218000213,85,63,22
218000214,2,15,-13
218000215,56,77,-21
218000217,6,167,-161
218000218,160,119,41
218000219,98,35,63
218000220,329,332,-3
218000221,1600,217,1383
218000222,139,35,104
218000223,50,342,-292
218000224,19,165,-146
218000225,230,23,207
218000226,143,51,92
218000232,55,130,-75
218000239,187,3,184
218000240,31,5,26
218000241,28,2,26
218000242,50,8,42
218000243,56,4,52
218000244,47,3,44
218000245,28,3,25
218000246,2,2,0
218000247,6,1,5
218000248,0,17,-17
218000249,0,3,-3
218000250,5,11,-6
218000251,1,21,-20
218000252,8,34,-26
218000253,6,32,-26
218000254,0,8,-8
218000255,1,7,-6
218000256,6,52,-46
218000267,927,1235,-308
218000268,17,49,-32
218000269,11,6,5
218000270,130,59,71
218000271,49,77,-28
218000273,1,15,-14
218000274,14,16,-2
218000275,15,43,-28
218000276,7,42,-35
218000278,26,59,-33
218000279,45,93,-48
218000280,6,44,-38
218000281,17,25,-8
218000282,519,568,-49
218000284,134,25,109
218000301,68,116,-48
218000302,107,39,68
218000303,55,85,-30
218000316,751,1463,-712
218000317,756,1477,-721
218000318,461,1008,-547
218000319,972,1463,-491
218000320,906,950,-44
218000338,104,25,79
218000345,181,64,117
218000346,65,174,-109
218000459,29,340,-311
218000490,46,39,7
218000501,127,54,73
218000502,37,133,-96
218000503,101,26,75
218000504,233,32,201
218000505,42,222,-180
218000506,36,259,-223
218000508,6,10,-4
218000510,227,13,214
218000520,102,97,5
218000521,7,47,-40
218000522,0,123,-123
218000523,342,7,335
218000524,23,104,-81
218000525,171,30,141
218000526,29,107,-78
218000529,47,187,-140
218000531,6,24,-18
218000532,50,18,32
218000534,136,12,124
218000537,36,56,-20
218000538,164,137,27
218000540,342,67,275
218000543,125,83,42
218000544,61,73,-12
218000545,45,58,-13
218000546,46,61,-15
218000547,134,101,33
218000548,129,135,-6
218000549,365,236,129
218000550,242,322,-80
218000551,164,751,-587
218000552,540,59,481
218000553,38,109,-71
218000554,81,28,53
218000555,59,42,17
218000556,160,408,-248
218000557,322,166,156
218000558,51,1,50
218000559,0,40,-40
218000560,0,20,-20
218000561,32,0,32
218000562,36,208,-172
218000563,238,9,229
218000564,22,120,-98
218000565,148,20,128
218000566,294,20,274
218000567,0,55,-55
218000568,13,5,8
218000569,7,85,-78
218000570,147,6,141
218000571,1,157,-156
218000572,230,3,227
218000573,12,60,-48
218000574,98,40,58
218000575,89,1,88
218000576,0,92,-92
218000577,164,1,163
218000578,2,102,-100
218000585,21,0,21
218000586,3,38,-35
218000587,47,74,-27
218000589,1,0,1
218000590,2,18,-16
218000591,32,4,28
218000592,4,9,-5
218000593,28,1,27
218000594,50,0,50
218000597,10,1,9
218000598,0,0,0
218000599,152,0,152
218000600,2,0,2
218000601,30,0,30
218000602,78,6,72
218000603,0,5,-5
218000604,20,9,11
218000605,0,192,-192
218000606,701,5,696
218000607,12,42,-30
218000608,26,118,-92
218000609,6,46,-40
218000610,34,87,-53
218000611,132,34,98
218000612,5,51,-46
218000613,140,99,41
218000614,3,30,-27
218000615,215,9,206
218000616,10,83,-73
218000617,85,8,77
218000618,1,40,-39
218000619,145,21,124
218000620,4,6,-2
218000621,1,4,-3
218000622,0,10,-10
218000623,267,3,264
218000624,11,19,-8
218000625,28,0,28
218000626,0,3,-3
218000628,148,60,88
218000631,72,23,49
218000632,1,126,-125
218000633,124,5,119
218000634,9,19,-10
218000635,17,8,9
218000636,815,1666,-851
218000637,640,653,-13
218000638,144,80,64
218000639,25,179,-154
218000640,117,48,69
218000641,79,308,-229
218000652,95,100,-5
218000653,192,82,110
218000663,9,190,-181
218000675,65,51,14
218000680,177,545,-368
218000681,527,150,377
218000691,98,373,-275
218000693,185,192,-7
218000718,798,770,28
218000719,1604,330,1274
218000720,14,55,-41
218000721,227,11,216
218001147,15,426,-411
218001214,13,29,-16
218001258,262,11,251
218001329,191,123,68
218001330,205,191,14
218001351,49,17,32
218001352,21,22,-1
218001353,20,11,9
218001354,23,30,-7
218001355,67,416,-349
218001356,286,19,267
218001357,49,405,-356
218001358,260,22,238
218001361,322,33,289
218001362,0,527,-527
219000001,41,58,-17
219000002,47,73,-26
219000003,34,25,9
219000004,83,70,13
219000017,270,17,253
219000020,99,45,54
219000022,132,9,123
219000023,112,0,112
219000029,2,124,-122
219000034,158,16,142
219000039,164,29,135
219000040,67,29,38
219000041,143,57,86
219000051,0,41,-41
219000052,0,22,-22
219000053,1,163,-162
219000055,172,3,169
219000056,75,0,75
219000057,101,0,101
219000062,25,136,-111
219000063,90,17,73
219000064,6,95,-89
219000110,771,54,717
219000111,89,41,48
219000112,199,94,105
219000113,137,67,70
219000114,233,79,154
219000116,87,51,36
219000117,132,73,59
219000118,144,78,66
219000123,276,128,148
219000124,97,58,39
219000125,23,24,-1
219000126,105,104,1
219000127,0,4,-4
219000128,30,108,-78
219000129,49,174,-125
219000130,793,789,4
219000131,887,1156,-269
219000133,77,57,20
219000134,27,31,-4
219000135,35,58,-23
219000136,112,266,-154
219000138,38,21,17
219000139,22,70,-48
219000140,28,9,19
219000141,14,130,-116
219000142,17,146,-129
219000143,12,95,-83
219000145,19,49,-30
219000146,5,45,-40
219000147,2,56,-54
219000148,0,42,-42
219000149,14,114,-100
219000150,3,103,-100
219000151,1,53,-52
219000157,246,147,99
219000158,187,306,-119
219000161,166,20,146
219000163,1606,498,1108
219000166,115,206,-91
219000167,110,246,-136
219000168,347,177,170
219000174,496,132,364
219000175,58,6,52
219000176,52,3,49
219000177,34,4,30
219000178,30,3,27
219000179,21,16,5
219000180,29,34,-5
219000182,117,28,89
219000183,62,24,38
219000184,131,6,125
219000185,3,58,-55
219000186,43,35,8
219000187,22,77,-55
219000189,182,208,-26
219000190,188,251,-63
219000191,1397,1214,183
219000192,222,140,82
219000193,434,187,247
219000195,3,112,-109
219000196,14,134,-120
219000198,43,155,-112
219000199,96,312,-216
219000200,49,322,-273
219000201,121,284,-163
219000203,73,132,-59
219000204,369,189,180
219000205,80,160,-80
219000207,226,220,6
219000209,40,89,-49
219000210,111,133,-22
219000213,19,197,-178
219000239,263,304,-41
219000240,252,347,-95
219000241,102,279,-177
219000242,144,223,-79
219000243,107,345,-238
219000244,90,142,-52
219000245,56,78,-22
219000246,68,34,34
219000247,149,38,111
219000248,794,332,462
219000249,232,94,138
219000250,167,118,49
219000251,637,157,480
219000252,230,143,87
219000253,305,78,227
219000255,102,104,-2
219000256,196,83,113
219000257,206,2,204
219000262,123,253,-130
219000263,91,252,-161
219000267,0,150,-150
219000268,1,4,-3
219000269,20,1,19
219000270,13,0,13
219000271,139,16,123
219000278,0,7,-7
219000279,0,3,-3
219000283,0,19,-19
219000295,23,85,-62
219000296,112,552,-440
219000297,12,178,-166
219000298,23,198,-175
219000299,425,108,317
219000300,40,279,-239
219000301,197,387,-190
219000302,44,315,-271
219000307,33,52,-19
219000308,55,32,23
219000311,156,58,98
219000312,439,104,335
219000313,301,47,254
219000314,40,600,-560
219000315,248,72,176
219000316,377,66,311
219000317,72,15,57
219000320,1,62,-61
219000321,0,9,-9
219000323,7,79,-72
219000325,1,22,-21
219000326,84,129,-45
219000327,70,26,44
219000328,34,50,-16
219000329,265,135,130
219000330,28,26,2
219000331,78,42,36
219000332,130,98,32
219000333,10,4,6
219000335,89,3,86
219000337,33,2,31
219000338,80,3,77
219000344,21,81,-60
219000345,85,101,-16
219000346,81,121,-40
219000348,120,148,-28
219000349,57,191,-134
219000350,166,143,23
219000351,17,2,15
219000352,287,67,220
219000353,140,72,68
219000354,143,152,-9
219000355,141,82,59
219000356,1540,1086,454
219000363,254,76,178
219000364,128,43,85
219000365,180,17,163
219000366,247,409,-162
219000368,498,517,-19
219000370,1287,338,949
219000371,24,15,9
219000382,24,16,8
219000383,1050,798,252
219000385,759,508,251
219000386,1041,1418,-377
219000387,11,10,1
219000390,4,1,3
219000391,5,1,4
219000397,84,71,13
219000398,101,52,49
219000401,10,113,-103
219000402,38,101,-63
219000403,131,269,-138
219000404,29,127,-98
219000407,5,18,-13
219000409,58,42,16
219000410,91,34,57
219000411,51,17,34
219000446,230,324,-94
219000447,0,13,-13
219000448,5,19,-14
219000452,155,75,80
219000453,164,163,1
219000454,317,226,91
219000556,224,93,131
219000558,198,212,-14
219000590,24,158,-134
219000591,58,76,-18
219000592,158,426,-268
219000595,3,52,-49
219000635,156,47,109
219000636,27,148,-121
219000657,25,18,7
219000658,19,40,-21
219000673,0,18,-18
219000676,43,2,41
219000679,91,7,84
219000684,98,3,95
219000685,1,80,-79
219000686,1,1,0
219000688,0,123,-123
219000689,39,287,-248
219000690,151,35,116
219000691,64,213,-149
219000692,134,25,109
219000693,0,13,-13
219000694,3,1,2
219000695,6,6,0
219000698,74,0,74
219000699,0,14,-14
219000727,1,168,-167
219000728,118,5,113
219000770,27,0,27
219000771,0,30,-30
219000788,528,359,169
219001150,2,23,-21
219001151,0,5,-5
219001166,100,21,79
219001167,1,80,-79
219001178,13,0,13
220000001,257,56,201
220000002,64,142,-78
220000003,441,272,169
220000004,993,536,457
220000005,1483,1423,60
220000006,406,1000,-594
220000007,378,758,-380
220000008,389,1112,-723
220000009,251,452,-201
220000010,238,205,33
220000011,728,4005,-3277
220000012,279,992,-713
220000014,965,379,586
220000015,110,211,-101
220000017,42,340,-298
220000018,5265,1913,3352
220000019,79,266,-187
220000020,666,272,394
220000021,525,223,302
220000022,585,577,8
220000023,278,191,87
220000024,1513,430,1083
220000025,856,900,-44
220000026,315,214,101
220000027,122,100,22
220000028,107,47,60
220000029,777,569,208
220000030,321,138,183
220000031,369,387,-18
220000064,27,733,-706
221000046,6,0,6
221000047,0,6,-6
221000048,0,2,-2
221000049,0,4,-4
221000050,6,0,6
221000055,61,40,21
221000057,43,6,37
221000068,285,126,159
221000069,256,44,212
221000070,157,16,141
221000071,65,7,58
221000072,180,20,160
221000073,137,72,65
221000074,1,27,-26
221000075,25,33,-8
221000076,18,34,-16
221000077,36,96,-60
221000081,9,9,0
221000082,55,17,38
221000083,53,4,49
221000084,6,2,4
221000085,10,63,-53
221000086,14,121,-107
221000087,8,203,-195
221000088,17,214,-197
221000089,38,322,-284
221000090,146,611,-465
221000098,119,17,102
221000099,147,19,128
221000100,82,5,77
221000101,293,18,275
221000102,76,10,66
221000109,2,57,-55
221000110,8,121,-113
221000111,26,187,-161
221000112,15,182,-167
221000113,16,210,-194
221000114,7,196,-189
221000120,44,27,17
221000121,3,18,-15
221000122,86,14,72
221000123,17,17,0
221000124,94,168,-74
221000155,60,19,41
221000156,120,46,74
221000175,9,13,-4
221000176,0,2,-2
221000182,32,5,27
221000241,647,192,455
221000242,194,503,-309
221000243,835,90,745
221000244,304,564,-260
221000245,205,152,53
221000246,28,350,-322
221000247,85,174,-89
221000248,90,238,-148
221000267,52,675,-623
221000325,94,31,63
221000331,61,84,-23
221000338,10,13,-3
221000378,321,43,278
221000381,86,72,14
222000282,27,0,27
222000296,3,18,-15
222000568,255,13,242
222000569,171,34,137
222000570,81,10,71
222000571,233,9,224
222000577,14,228,-214
222000578,18,207,-189
222000579,34,134,-100
222000580,147,966,-819
222000599,0,156,-156
222000600,2,300,-298
222000601,8,802,-794
222000603,27,21,6
222000604,14,32,-18
222000605,21,22,-1
222000606,2,17,-15
222000607,9,6,3
222000608,103,16,87
222000609,59,292,-233
222000616,197,45,152
222000617,18,12,6
222000618,4,2,2
222000620,47,12,35
222000621,98,11,87
222000623,478,4,474
222000624,248,6,242
222000625,339,19,320
222000636,73,4,69
222000686,26,15,11
222000687,48,25,23
222001066,191,1,190
222001067,16,6,10
222001068,18,23,-5
222001069,36,35,1
222001082,8,50,-42
222001083,7,66,-59
222001084,0,52,-52
222001085,2,73,-71
222001111,20,189,-169
222001112,87,25,62
222001313,57,6,51
222001314,5,81,-76
222001464,137,46,91
222001465,22,195,-173
222001484,107,50,57
222001485,29,56,-27
222001494,286,127,159
222001495,120,310,-190
222001496,241,126,115
222001497,162,518,-356
222001502,13,94,-81
222001503,93,41,52
222001504,21,307,-286
222001505,189,23,166
222001506,21,268,-247
222001507,217,29,188
222001510,272,40,232
222001511,42,424,-382
222001514,445,200,245
222001515,186,640,-454
222001518,198,55,143
222001519,57,262,-205
222001527,239,57,182
222001528,49,210,-161
222001529,152,46,106
222001530,62,157,-95
222001533,131,303,-172
222001534,199,57,142
222001535,247,192,55
222001536,95,357,-262
222001537,216,36,180
222001538,62,451,-389
222001563,322,94,228
222001564,46,729,-683
222001568,375,99,276
222001576,0,3,-3
222001579,1,2,-1
222001583,7,157,-150
222001584,52,27,25
222001596,704,1305,-601
222001597,1564,244,1320
222001626,0,159,-159
222001650,52,78,-26
222001651,68,104,-36
222001914,175,60,115
222001915,45,181,-136
222001968,462,272,190
222001969,382,839,-457
222001970,169,253,-84
222001971,13,20,-7
222001972,0,19,-19
225000001,349,197,152
225000002,486,180,306
225000003,496,96,400
225000004,265,235,30
225000005,34,57,-23
225000006,1,184,-183
225000007,2519,1584,935
225000010,241,9,232
225000011,535,1313,-778
225000012,206,642,-436
225000013,160,174,-14
225000014,1658,104,1554
225000015,111,216,-105
225000021,666,245,421
225000027,325,560,-235
225000032,633,190,443
225000042,145,762,-617
225000049,56,71,-15
225000050,107,19,88
225000053,17,216,-199
225000058,1025,153,872
225000067,186,181,5
225000068,127,429,-302
225000069,181,521,-340
225000070,81,391,-310
225000071,37,251,-214
225000075,30,1368,-1338
225000076,101,126,-25
225000078,61,69,-8
225000085,35,136,-101
225000086,248,48,200
225000087,273,23,250
225000088,8,150,-142
225000089,497,1164,-667
225000090,46,456,-410
225000091,231,191,40
225000092,20,98,-78
225000093,196,372,-176
225000094,22,346,-324
225000095,383,517,-134
225000096,458,543,-85
225000098,566,278,288
225000099,292,179,113
225000100,229,178,51
225000104,109,599,-490
225000110,15,560,-545
225000111,322,1100,-778
225000112,521,1245,-724
225000113,285,648,-363
225000114,60,341,-281
225000115,2508,725,1783
225000116,1002,246,756
225000117,1012,313,699
225000118,922,266,656
225000119,230,114,116
225000120,640,134,506
225000121,317,46,271
225000123,1439,21,1418
225000125,387,285,102
225000126,1225,251,974
225000127,1128,810,318
225000128,571,786,-215
225000132,243,26,217
225000133,188,39,149
225000134,463,156,307
225000135,62,9,53
225000136,206,23,183
225000137,122,75,47
225000138,375,77,298
225000143,89,210,-121
225000144,4,420,-416
225000145,42,98,-56
225000146,42,153,-111
225000147,30,376,-346
225000148,3,268,-265
225000149,76,477,-401
225000151,32,247,-215
225000155,596,608,-12
225000156,393,1054,-661
225000157,417,482,-65
225000158,85,394,-309
225000171,7,178,-171
225000180,35,6,29
225000181,0,61,-61
225000182,102,21,81
225000185,9,443,-434
225000187,74,389,-315
225000191,158,3,155
225000194,0,19,-19
225000208,3,70,-67
225000209,96,14,82
225000210,3,268,-265
225000217,1,8,-7
225000218,29,3,26
225000223,0,49,-49
225000224,525,6,519
225000225,0,108,-108
225000226,84,2,82
225000227,51,190,-139
225000228,8,11,-3
225000229,2,109,-107
225000230,26,0,26
225000231,0,135,-135
225000232,106,0,106
225000241,229,5,224
225000242,2,60,-58
225000249,5,1,4
225000250,40,954,-914
225000251,358,31,327
226000042,319,291,28
226000043,225,371,-146
226000044,302,731,-429
226000045,237,764,-527
226000046,492,89,403
226000047,467,104,363
226000048,453,164,289
226000049,324,220,104
226000070,0,27,-27
226000071,0,74,-74
226000072,0,20,-20
226000073,0,15,-15
226000074,0,12,-12
226000084,6,35,-29
226000085,4,22,-18
226000086,12,8,4
226000087,8,13,-5
226000088,21,15,6
226000090,227,94,133
226000091,4,41,-37
226000092,9,2,7
226000093,41,6,35
226000094,35,6,29
226000095,419,9,410
226000105,9,1,8
226000106,20,0,20
226000107,14,0,14
226000108,95,0,95
226000109,96,0,96
226000124,119,67,52
226000134,401,545,-144
226000135,956,692,264
226000136,315,418,-103
226000137,7,282,-275
226000138,10,436,-426
226000139,12,152,-140
226000156,159,5,154
226000157,152,9,143
226000163,328,424,-96
226000202,13,600,-587
226000231,370,23,347
226000232,73,10,63
227000037,148,33,115
227000038,287,149,138
227000049,0,53,-53
227000050,1,89,-88
227000055,253,8,245
227000056,120,0,120
227000084,0,57,-57
227000085,0,40,-40
227000088,138,3,135
227000089,154,3,151
227000090,82,2,80
227000091,63,2,61
227000093,241,1,240
227000094,19,2,17
227000130,62,49,13
227000131,14,212,-198
227000132,42,229,-187
227000133,14,248,-234
227000134,28,341,-313
227000152,0,3,-3
227000153,0,28,-28
227000155,0,29,-29
227000156,2,28,-26
227000165,3,17,-14
227000196,20,407,-387
227000199,195,34,161
227000230,20,394,-374
227000232,221,19,202
227000241,253,58,195
227000242,44,460,-416
227000243,357,128,229
227000244,282,84,198
227000245,20,319,-299
227000246,79,571,-492
227000247,230,84,146
227000248,489,31,458
227000249,51,277,-226
227000251,273,337,-64
227000252,29,359,-330
227000253,72,32,40
227000262,232,69,163
227000266,590,38,552
227000267,45,1287,-1242
227000486,689,193,496
227000655,236,7,229
227000661,117,21,96
227000680,416,40,376
229000265,18,44,-26
229000296,1,7,-6
229000297,8,52,-44
229000298,25,140,-115
229000320,2,7,-5
229000321,13,3,10
229000412,53,46,7
229000414,3,69,-66
229000415,22,1,21
229000416,5,5,0
229000417,0,18,-18
229000419,153,225,-72
229000440,261,69,192
229000442,7,0,7
229000443,3,8,-5
229000444,1,31,-30
229000445,44,8,36
229000446,75,6,69
229000847,30,0,30
229000848,14,0,14
229000849,98,0,98
229000851,20,0,20
229000854,0,44,-44
229000856,0,89,-89
229000857,0,28,-28
229000858,0,58,-58
229000919,16,129,-113
229000930,3,228,-225
229000937,89,13,76
229000966,46,14,32
229000981,18,41,-23
229000985,3,26,-23
229000986,1,2,-1
229000987,0,0,0
229000988,0,0,0
229000989,13,2,11
229000990,0,0,0
229000991,0,0,0
229000992,5,2,3
229000993,124,20,104
229000998,5,56,-51
229000999,76,22,54
229001034,1,11,-10
229001035,13,2,11
229001037,57,13,44
229001042,8,18,-10
229001047,2,35,-33
229001050,34,66,-32
229001200,13,0,13
229001338,1,33,-32
229001394,211,22,189
229001422,108,27,81
229001423,29,117,-88
229001431,93,96,-3
229001432,47,76,-29
229001444,69,63,6
229001445,39,162,-123
229001503,219,97,122
229001504,158,192,-34
229001505,103,79,24
229001506,49,180,-131
229001509,47,22,25
229001545,78,7,71
229001546,8,93,-85
229001553,80,19,61
229001554,19,109,-90
229001559,2,12,-10
229001560,0,19,-19
229001630,34,6,28
229001631,20,40,-20
229001635,0,7,-7
229001636,3,2,1
229001658,0,134,-134
229001659,83,2,81
229001660,11,2,9
229001661,28,30,-2
229001662,107,0,107
229001663,0,12,-12
229002584,175,140,35
229002831,221,131,90
229002841,3,9,-6
229002842,17,19,-2
229002843,109,14,95
229002844,58,26,32
229002845,74,50,24
229002846,66,17,49
229002847,13,11,2
229002848,7,7,0
229002849,1,41,-40
229002850,13,1,12
229002851,143,66,77
229002852,144,6,138
229002853,122,7,115
229002854,119,28,91
229002855,25,11,14
229002856,118,7,111
229002857,26,38,-12
229002858,57,3,54
229002859,11,26,-15
229002860,80,2,78
229002861,59,16,43
229002862,22,32,-10
229002863,55,8,47
229002864,13,16,-3
229002865,13,3,10
229002866,10,5,5
229002867,13,19,-6
229002868,25,6,19
229002869,23,126,-103
229002870,27,14,13
235000066,466,93,373
235000067,154,112,42
235000072,28,49,-21
235000073,43,358,-315
235000074,27,53,-26
235000080,78,60,18
235000081,122,101,21
235000082,155,53,102
235000083,125,88,37
235000084,147,74,73
235000085,38,62,-24
235000089,24,32,-8
235000092,31,140,-109
235000093,18,5,13
235000097,7,11,-4
235000098,52,21,31
235000099,27,47,-20
235000116,67,26,41
235000117,673,12,661
235000133,4,323,-319
235000134,8,148,-140
235000206,11,3,8
235000207,3,1,2
235000208,5,1,4
235000209,18,4,14
235000210,21,1,20
235000212,0,20,-20
235000213,1,14,-13
235000220,1,4,-3
235000221,53,5,48
235000238,17,68,-51
235000239,3,14,-11
235000242,413,403,10
235000245,600,181,419
235000246,11,53,-42
235000284,9,114,-105
235000295,110,17,93
235000305,211,53,158
235000306,133,15,118
235000307,10,6,4
235000308,54,0,54
235000309,57,0,57
235000310,15,0,15
235000311,266,63,203
235000322,0,40,-40
235000323,0,57,-57
235000324,0,18,-18
235000325,0,5,-5
235000326,17,146,-129
235000351,3,97,-94
235000352,9,36,-27
235000353,4,6,-2
235000354,14,11,3
235000355,9,35,-26
235000356,109,3,106
235000357,5,12,-7
235000358,59,5,54
235000359,10,6,4
235000360,27,3,24
235000361,49,3,46
235000381,97,207,-110
235000382,108,46,62
235000390,15,4,11
235000391,76,7,69
235000392,161,222,-61
235000393,110,128,-18
235000395,71,67,4
235000396,225,70,155
235000400,120,98,22
235000401,54,126,-72
235000405,76,210,-134
235000406,41,190,-149
235000407,44,92,-48
235000409,137,121,16
235000410,30,203,-173
235000411,4,56,-52
235000485,0,9,-9
235000486,2,0,2
235000549,59,104,-45
235000550,47,164,-117
235000599,33,50,-17
235000600,13,12,1
235000601,16,25,-9
235000602,37,103,-66
235000614,0,1,-1
235000648,2,20,-18
235000649,29,5,24
235000685,0,6,-6
235000815,11,16,-5
235000834,0,26,-26
235000855,25,43,-18
235000862,65,157,-92
235000891,0,3,-3
235000892,38,3,35
235000901,45,61,-16
235000907,2,5,-3
235001010,52,64,-12
235001029,401,290,111
235001030,331,175,156
235001078,124,88,36
235001079,83,86,-3
235001147,26,68,-42
235001166,11,67,-56
235001167,68,56,12
235001169,58,285,-227
235001188,1,6,-5
235001189,1,5,-4
235001197,12,13,-1
235001200,17,27,-10
235001207,323,26,297
235001210,86,258,-172
235001215,40,211,-171
235001239,1,31,-30
235001244,0,3,-3
235016267,1,94,-93
277102712,0,1,-1
277103813,0,0,0
277104249,0,5,-5
277104250,0,13,-13
277104251,0,3,-3
277104252,0,5,-5
990011530,0,251,-251
990014944,0,433,-433
990015176,90,2,88
990016032,1,343,-342
990032570,2,30,-28
990070001,113,1,112
990070103,0,6,-6
990070601,0,32,-32
990070751,387,1,386
990070766,0,493,-493
990071180,428,207,221
990071343,48,1,47
990071387,0,4,-4
990071823,17,1,16
990072600,4,659,-655
990072964,0,393,-393
990073285,0,2,-2
990074393,0,831,-831
990074870,891,7,884
990075106,738,2,736
990075746,389,9,380
990076437,779,20,759
990076458,1,823,-822
997000007,414,6,408
997000041,0,81,-81
997000058,43,1,42
997000062,168,1,167
997000069,0,5,-5
997000070,0,35,-35
997000100,8,0,8
997000141,2,734,-732
997000198,287,491,-204
998000475,5,16,-11
998000736,1,156,-155
998000965,0,25,-25
998001031,0,97,-97
998001700,0,18,-18
998001899,0,1,-1
998001900,7,2,5
998003073,618,9,609
998101900,0,0,0
998102850,1,69,-68
998501927,796,502,294
998501929,74,5,69
998501930,35,2,33
998501931,227,113,114
998501932,1,0,1
998501933,32,0,32
998501937,6,0,6
998501944,0,1,-1
998501950,1,2,-1
998501970,39,26,13
998501971,0,45,-45
998501973,0,43,-43
998501974,1,262,-261
998501975,436,14,422
998501976,140,16,124
998501977,0,19,-19
998501978,32,0,32
998501979,0,14,-14
998501980,84,5,79
998501981,16,0,16
998501982,0,87,-87
998501983,0,0,0
998502006,0,0,0
998502024,0,24,-24
998502032,0,2,-2
998502062,17,5,12
998502063,0,0,0
998502173,68,0,68
998502269,0,17,-17
998502546,1,124,-123
998502578,0,1,-1
998502599,45,341,-296
998502621,0,1,-1
998601159,0,233,-233
998601292,0,18,-18
999033574,1,803,-802
999800001,30,3,27
999800002,0,1,-1
999800003,2,1,1
999800004,0,2,-2
999800005,0,5,-5
