ID,insum,outsum,diff
100000001,426,505,-79
100000002,1896,2268,-372
100000003,3439,3466,-27
100000004,674,701,-27
100000005,1742,3516,-1774
100000006,365,111,254
100000007,1193,628,565
100000008,113,362,-249
100000009,385,193,192
100000010,68,65,3
100000011,865,138,727
100000012,91,852,-761
100000013,16,215,-199
100000014,161,261,-100
100000015,1235,1611,-376
100000016,627,974,-347
100000017,386,704,-318
100000018,942,502,440
100000019,2610,1516,1094
100000020,1304,3868,-2564
100000021,3287,1758,1529
100000022,836,1646,-810
100000023,3307,1131,2176
100000025,642,933,-291
100000028,834,891,-57
100000029,135,278,-143
100000030,87,36,51
100000031,1752,3920,-2168
100000032,1540,2499,-959
100000033,765,1713,-948
100000034,177,515,-338
100000035,846,1078,-232
100000036,964,920,44
100000037,523,390,133
100000038,1677,758,919
100000039,396,200,196
100000040,163,126,37
100000041,1006,315,691
100000042,787,361,426
100000043,753,456,297
100000044,314,550,-236
100000045,391,773,-382
100000046,477,612,-135
100000047,166,342,-176
100000048,256,426,-170
100000049,1162,1126,36
100000051,458,669,-211
100000053,129,5,124
100000054,463,19,444
100000055,981,249,732
100000056,393,377,16
100000057,1593,527,1066
100000058,681,810,-129
100000059,20,127,-107
100000060,332,215,117
100000061,1841,401,1440
100000062,1447,528,919
100000063,794,274,520
100000064,1054,250,804
100000065,387,450,-63
100000066,122,459,-337
100000067,255,518,-263
100000068,378,1187,-809
100000069,291,972,-681
100000072,242,496,-254
100000073,794,774,20
100000075,624,248,376
100000076,1166,2042,-876
100000077,182,205,-23
100000078,40,33,7
100000079,20,55,-35
100000080,29,60,-31
100000081,104,151,-47
100000102,1695,2020,-325
100000103,1676,1119,557
100000104,2330,1894,436
100000105,1665,1215,450
100000106,1420,1833,-413
100000107,248,769,-521
100000108,394,629,-235
100000109,1475,909,566
100000116,838,703,135
100000117,59,106,-47
100000118,843,1062,-219
100000119,439,636,-197
100000121,153,337,-184
100000122,412,773,-361
100000123,1399,2651,-1252
100000124,2640,4122,-1482
100000125,2506,1288,1218
100000126,487,327,160
100000127,948,316,632
100000128,861,1985,-1124
100000129,335,353,-18
100000130,385,361,24
100000131,1502,1761,-259
100000132,783,1862,-1079
100000133,2944,1555,1389
100000135,515,899,-384
100000139,288,449,-161
100000140,208,261,-53
100000142,457,484,-27
100000143,973,435,538
100000144,2472,686,1786
100000147,950,2798,-1848
100000150,51,285,-234
100000151,704,1073,-369
100000153,163,322,-159
100000154,21,144,-123
100000155,23,43,-20
100000156,321,434,-113
100000157,115,108,7
100000158,248,118,130
100000159,219,480,-261
100000165,1179,688,491
100000169,144,600,-456
100000174,339,592,-253
100000179,90,353,-263
100000180,670,1027,-357
100000181,433,181,252
100000188,81,159,-78
100000189,691,285,406
100000190,608,764,-156
100000191,582,534,48
100000192,25,101,-76
100000193,338,184,154
100000330,915,717,198
100000355,166,416,-250
100000362,3269,2008,1261
100000363,3415,3574,-159
100000364,196,274,-78
100000365,4326,6345,-2019
100000366,4599,2488,2111
100000367,4278,5946,-1668
100000368,1476,1012,464
100000369,579,1351,-772
100000370,111,667,-556
100000376,39,120,-81
100000379,1259,1543,-284
100000380,2644,3699,-1055
100000384,3433,4161,-728
100000385,2965,3552,-587
100000386,4789,3892,897
100000387,3318,4051,-733
100000388,4069,4289,-220
100000389,4097,4539,-442
100000390,5009,4720,289
100000391,3892,5576,-1684
100000392,2493,3269,-776
100000393,1825,3658,-1833
100000394,5625,6463,-838
100000395,3825,3774,51
100000396,5859,3081,2778
100000397,3493,6105,-2612
100000398,7379,6158,1221
100000413,15,5,10
100000414,218,361,-143
100900002,5,13,-8
100900003,290,188,102
100900004,15,680,-665
100900005,64,10,54
100900006,7,42,-35
100900007,221,9,212
100900008,1,286,-285
100900009,48,87,-39
100900010,45,48,-3
100900011,128,102,26
100900012,0,141,-141
100900013,559,10,549
100900014,1,5,-4
100900015,48,49,-1
100900016,3,24,-21
100900017,611,53,558
100900018,0,15,-15
100900019,9,49,-40
100900020,335,10,325
100900021,333,0,333
100900022,6,23,-17
100900023,0,24,-24
100900024,335,0,335
100900025,8,7,1
100900026,67,57,10
100900027,310,1659,-1349
100900028,75,142,-67
100900029,55,8,47
100900030,2,121,-119
100900031,385,26,359
100900032,219,0,219
100900033,146,119,27
100900034,555,2,553
100900035,188,0,188
100900036,15,0,15
100900037,114,111,3
100900038,64,34,30
100900039,269,346,-77
100900040,400,371,29
100900041,486,392,94
100900042,760,1402,-642
100900043,0,6,-6
100900044,1016,406,610
100900045,3,2,1
100900046,824,10,814
100900047,378,90,288
100900048,94,23,71
100900049,59,102,-43
100900050,0,5,-5
100900051,39,50,-11
100900052,209,22,187
100900053,341,11,330
100900054,19,19,0
100900055,133,534,-401
100900056,50,82,-32
100900057,1193,669,524
100900058,122,25,97
100900059,75,3,72
100900060,131,2,129
100900061,262,104,158
100900062,6,34,-28
100900063,183,438,-255
100900064,506,28,478
100900065,43,78,-35
100900066,162,115,47
100900067,4,2,2
100900068,45,44,1
100900069,171,7,164
100900070,263,6,257
100900071,466,128,338
100900072,1,20,-19
100900073,81,233,-152
100900074,2,2,0
100900075,1370,180,1190
100900076,8,17,-9
100900077,25,26,-1
100900078,42,162,-120
100900079,13,14,-1
100900080,28,77,-49
100900081,23,73,-50
100900082,156,344,-188
100900083,15,14,1
100900085,19,386,-367
100900086,77,256,-179
100900088,137,318,-181
100900089,7,5,2
100900090,64,271,-207
100900091,2,8,-6
100900092,114,88,26
100900093,238,197,41
100900094,123,267,-144
100900095,7,18,-11
100900096,47,66,-19
100900097,5,1,4
100900098,19,28,-9
100900099,10,335,-325
100900100,6,281,-275
100900101,134,30,104
100900102,7,49,-42
100900103,3,2,1
100900104,4,100,-96
100900105,11,258,-247
100900106,23,5,18
100900107,1014,568,446
100900108,4,12,-8
100900109,7,14,-7
100900110,2,15,-13
100900111,38,104,-66
100900112,2,14,-12
100900113,18,17,1
100900114,11,8,3
100900115,2,17,-15
100900116,534,373,161
100900117,188,645,-457
100900118,2,25,-23
100900119,18,4,14
100900120,10,7,3
100900121,167,299,-132
100900122,90,77,13
100900123,128,117,11
100900124,15,7,8
100900125,5,47,-42
100900126,177,78,99
100900127,7,7,0
100900128,46,76,-30
100900129,0,120,-120
100900131,61,137,-76
100900133,47,38,9
100900134,0,1,-1
100900135,0,145,-145
100900137,264,88,176
100900138,332,371,-39
100900139,6,1,5
100900140,2,281,-279
100900141,0,374,-374
100900142,0,4,-4
100900143,433,314,119
100900144,3,2,1
100900145,43,186,-143
100900146,2,46,-44
100900147,5,459,-454
100900148,33,386,-353
100900149,16,286,-270
100900150,0,20,-20
100900151,124,340,-216
100900152,65,5,60
100900153,0,148,-148
100900154,41,95,-54
100900155,7,12,-5
100900156,18,1,17
100900157,6,156,-150
100900159,2,17,-15
100900160,26,4,22
100900161,43,6,37
100900162,12,149,-137
100900163,94,113,-19
100900164,52,35,17
100900165,3,5,-2
100900166,14,6,8
100900167,11,19,-8
100900168,35,77,-42
100900169,100,714,-614
100900170,23,4,19
100900171,6,365,-359
100900172,0,17,-17
100900173,8,211,-203
100900174,107,27,80
100900176,998,101,897
100900177,411,147,264
100900178,163,136,27
100900179,123,141,-18
100900180,1,1,0
100900181,61,26,35
100900182,16,19,-3
100900184,11,66,-55
100900186,395,249,146
100900187,14,53,-39
100900188,17,5,12
100900189,916,156,760
100900191,691,785,-94
100900192,198,305,-107
100900195,76,117,-41
100900197,2,25,-23
100900198,34,99,-65
100900199,7,10,-3
100900200,489,283,206
100900201,30,371,-341
100900202,49,0,49
100900203,0,123,-123
100900204,84,461,-377
100900205,107,425,-318
100900206,132,39,93
100900207,197,130,67
100900210,42,277,-235
100900211,319,87,232
100900213,99,21,78
100900214,329,120,209
100900215,12,27,-15
100900217,101,66,35
101000001,2102,1494,608
101000002,3775,3807,-32
101000003,296,776,-480
101000004,5064,4338,726
101000005,2255,3003,-748
101000006,3939,4291,-352
101000007,1839,2551,-712
101000009,1696,979,717
101000010,722,823,-101
101000011,840,304,536
101000012,914,530,384
101000013,561,734,-173
101000014,380,445,-65
101000015,885,707,178
101000016,263,334,-71
101000017,413,370,43
101000018,1781,1509,272
101000020,1629,809,820
101000021,523,359,164
101000023,988,505,483
101000025,266,316,-50
101000026,224,17,207
101000027,1234,2203,-969
101000028,619,174,445
101000029,103,1140,-1037
101000030,1187,72,1115
101000031,506,572,-66
101000032,4985,3694,1291
101000033,1385,2464,-1079
101000034,1337,1212,125
101000035,553,194,359
101000036,1055,851,204
101000037,1773,1321,452
101000039,1347,1742,-395
101000040,2187,2991,-804
101000041,5646,5764,-118
101000042,279,783,-504
101000043,4552,5584,-1032
101000045,1013,786,227
101000046,2100,1281,819
101000047,1418,2642,-1224
101000048,468,419,49
101000049,470,1407,-937
101000050,1032,1249,-217
101000051,1132,1919,-787
101000052,1118,789,329
101000053,617,955,-338
101000054,1008,617,391
101000055,977,977,0
101000056,24,87,-63
101000057,1391,966,425
101000058,843,819,24
101000059,1345,1874,-529
101000060,1172,562,610
101000061,582,1041,-459
101000062,475,669,-194
101000063,413,757,-344
101000064,831,966,-135
101000065,311,416,-105
101000066,976,916,60
101000067,1007,993,14
101000068,234,369,-135
101000069,232,76,156
101000070,716,788,-72
101000071,1356,731,625
101000072,550,2137,-1587
101000073,520,1036,-516
101000074,3190,2681,509
101000075,2525,4058,-1533
101000077,1104,999,105
101000078,667,1377,-710
101000079,451,324,127
101000080,415,507,-92
101000081,1505,1485,20
101000082,2511,2294,217
101000083,2212,1917,295
101000084,991,565,426
101000085,1191,941,250
101000086,889,971,-82
101000087,757,823,-66
101000088,991,817,174
101000089,864,1217,-353
101000090,1520,1013,507
101000091,347,534,-187
101000092,976,640,336
101000093,1062,569,493
101000094,812,638,174
101000095,463,438,25
101000096,349,446,-97
101000097,328,293,35
101000098,321,285,36
101000099,607,655,-48
101000100,622,569,53
101000101,285,274,11
101000102,507,441,66
101000103,556,400,156
101000104,269,460,-191
101000105,227,383,-156
101000106,399,607,-208
101000107,202,361,-159
101000108,546,192,354
101000109,363,94,269
101000110,29,237,-208
101000111,50,120,-70
101000113,126,486,-360
101000114,5425,5350,75
101000115,71,96,-25
101000116,82,91,-9
101000117,792,140,652
101000119,60,42,18
101000120,99,38,61
101000121,68,56,12
101000122,107,80,27
101000123,43,83,-40
101000124,432,192,240
101000125,205,326,-121
101000128,194,316,-122
101000130,149,210,-61
101000131,746,334,412
101000132,593,471,122
101000135,39,38,1
101000136,366,127,239
101000137,29,239,-210
101000141,843,2239,-1396
101000147,789,373,416
101000148,664,12,652
101000149,177,251,-74
101000150,98,415,-317
101000151,229,38,191
101000152,252,226,26
101000153,305,191,114
101000154,244,698,-454
101000155,234,98,136
101000156,20,243,-223
101000157,22,36,-14
101000160,47,46,1
101000163,145,299,-154
101000164,336,243,93
101000165,217,271,-54
101000166,212,219,-7
101000168,788,334,454
101000252,1180,424,756
101000254,171,92,79
101000258,13,6,7
101000261,88,98,-10
101000262,756,2484,-1728
101000263,186,710,-524
101000265,58,532,-474
101000266,247,201,46
101000269,18,12,6
101000290,557,1490,-933
101000293,24,36,-12
101000294,511,315,196
101000295,125,284,-159
101000301,433,321,112
101000304,1375,2061,-686
101000305,1987,955,1032
101000328,95,346,-251
101900001,23,39,-16
101900002,0,15,-15
101900003,41,71,-30
101900004,6,66,-60
101900005,2149,1990,159
101900006,751,331,420
101900007,447,121,326
101900008,38,193,-155
101900009,19,252,-233
101900010,629,540,89
101900011,125,615,-490
101900012,135,90,45
101900013,649,155,494
101900017,17,96,-79
101900018,692,226,466
101900019,159,122,37
101900020,26,27,-1
101900021,0,24,-24
101900022,109,609,-500
101900023,102,122,-20
101900026,95,31,64
101900027,18,92,-74
102000001,1723,3288,-1565
102000002,1803,759,1044
102000003,2102,4951,-2849
102000004,3704,1985,1719
102000005,902,1508,-606
102000006,769,1295,-526
102000007,1087,3259,-2172
102000008,2778,1026,1752
102000009,4159,5814,-1655
102000010,3416,2088,1328
102000011,2204,1795,409
102000012,2357,1924,433
102000018,2125,2049,76
102000019,1506,1021,485
102000026,138,287,-149
102000029,163,154,9
102000030,92,206,-114
102000031,62,126,-64
102000032,418,246,172
102000033,198,255,-57
102000034,326,255,71
102000035,562,453,109
102000036,9,177,-168
102000037,75,43,32
102000038,127,235,-108
102000039,147,56,91
102000040,316,137,179
102000041,101,305,-204
102000042,126,214,-88
102000043,134,171,-37
102000044,232,320,-88
102000045,520,614,-94
102000046,817,486,331
102000047,604,656,-52
102000048,268,538,-270
102000049,795,614,181
102000050,723,828,-105
102000051,316,503,-187
102000052,844,557,287
102000053,684,649,35
102000054,637,817,-180
102000055,987,443,544
102000056,872,669,203
102000057,1179,420,759
102000058,815,957,-142
102000059,1085,995,90
102000060,911,711,200
102000061,1236,1307,-71
102000062,1503,785,718
102000063,757,924,-167
102000064,459,493,-34
102000065,22,92,-70
102000066,670,630,40
102000067,1605,2139,-534
102000068,6185,2122,4063
102000069,62,1691,-1629
102000070,1027,27,1000
102000071,5455,7072,-1617
102000072,2032,3136,-1104
102000073,335,404,-69
102000074,461,555,-94
102000075,109,167,-58
102000076,141,297,-156
102000077,470,551,-81
102000078,847,538,309
102000079,110,161,-51
102000080,245,141,104
102000081,234,498,-264
102000082,511,222,289
102000083,569,218,351
102000084,340,182,158
102000085,1207,714,493
102000086,1014,671,343
102000087,629,1043,-414
102000088,314,213,101
102000089,1055,353,702
102000090,331,727,-396
102000091,964,386,578
102000092,289,449,-160
102000093,586,572,14
102000094,659,580,79
102000095,733,813,-80
102000096,475,644,-169
102000097,570,505,65
102000098,417,452,-35
102000099,568,614,-46
102000100,521,884,-363
102000101,647,613,34
102000102,195,969,-774
102000103,1043,316,727
102000104,375,226,149
102000105,239,351,-112
102000106,725,345,380
102000107,1240,327,913
102000108,515,136,379
102000109,360,395,-35
102000110,1048,765,283
102000111,9,229,-220
102000112,100,89,11
102000113,19,19,0
102000114,597,233,364
102000115,223,256,-33
102000116,319,317,2
102000117,170,407,-237
102000118,809,1209,-400
102000119,1042,604,438
102000120,110,297,-187
102000121,787,270,517
102000122,394,593,-199
102000123,799,780,19
102000124,697,725,-28
102000125,610,656,-46
102000126,664,668,-4
102000127,1065,594,471
102000128,507,690,-183
102000129,940,612,328
102000130,612,605,7
102000131,868,405,463
102000132,465,476,-11
102000133,1842,1127,715
102000134,666,526,140
102000135,442,598,-156
102000136,650,400,250
102000137,553,453,100
102000138,172,260,-88
102000139,41,324,-283
102000140,150,244,-94
102000141,129,266,-137
102000142,202,226,-24
102000143,133,261,-128
102000144,273,261,12
102000145,231,340,-109
102000146,331,215,116
102000147,399,299,100
102000148,144,373,-229
102000149,166,262,-96
102000150,323,66,257
102000151,81,170,-89
102000152,183,101,82
102000153,866,464,402
102000154,195,427,-232
102000155,55,233,-178
102000156,236,98,138
102000157,91,337,-246
102000158,298,329,-31
102000159,601,387,214
102000161,2316,1604,712
102000162,142,137,5
102000163,86,415,-329
102000164,568,932,-364
102000165,195,135,60
102000166,125,167,-42
102000167,165,200,-35
102000168,231,161,70
102000169,77,378,-301
102000170,354,141,213
102000171,93,120,-27
102000172,56,221,-165
102000173,276,215,61
102000174,40,65,-25
102000175,120,47,73
102000176,41,28,13
102000178,198,224,-26
102000179,340,185,155
102000180,864,307,557
102000181,838,368,470
102000182,538,468,70
102000183,1498,1238,260
102000184,1584,608,976
102000185,2320,891,1429
102000186,1236,1184,52
102000187,718,897,-179
102000188,801,940,-139
102000189,1512,501,1011
102000190,470,2006,-1536
102000191,859,334,525
102000192,910,1225,-315
102000193,43,109,-66
102000194,59,95,-36
102000195,248,259,-11
102000196,178,238,-60
102000197,611,311,300
102000198,189,499,-310
102000199,881,229,652
102000200,240,597,-357
102000201,1134,413,721
102000202,5,76,-71
102000203,293,143,150
102000204,440,459,-19
102000205,817,302,515
102000206,626,351,275
102000207,487,295,192
102000208,300,309,-9
102000209,57,31,26
102000210,401,330,71
102000211,335,168,167
102000212,324,21,303
102000213,3,205,-202
102000214,237,4,233
102000215,4,224,-220
102000216,55,65,-10
102000217,5,68,-63
102000218,227,168,59
102000219,284,166,118
102000225,367,626,-259
102000226,1233,615,618
102000227,139,1,138
102000228,1,64,-63
102000229,38,46,-8
102000230,239,322,-83
102000231,225,284,-59
102000232,24,129,-105
102000233,280,389,-109
102000234,117,833,-716
102000236,180,50,130
102000237,370,111,259
102000238,122,158,-36
102000240,362,585,-223
102000241,138,72,66
102000243,36,37,-1
102000245,19,100,-81
102000246,9,31,-22
102000247,514,503,11
102000248,402,685,-283
102000249,142,100,42
102000250,58,250,-192
102000254,118,223,-105
102000266,6,203,-197
102000271,21,0,21
102000286,296,268,28
102000297,1304,736,568
102000301,0,1,-1
102000307,0,1,-1
102000316,272,255,17
102900001,858,507,351
102900002,290,19,271
102900003,73,205,-132
102900005,367,175,192
102900006,417,70,347
102900007,402,16,386
102900008,197,21,176
102900009,315,287,28
102900010,216,597,-381
102900011,1191,246,945
102900012,300,69,231
102900013,43,36,7
102900015,500,461,39
102900016,54,69,-15
102900017,163,289,-126
102900018,38,79,-41
102900019,306,260,46
102900020,170,32,138
102900021,27,62,-35
102900022,372,134,238
102900023,51,55,-4
102900024,42,30,12
102900025,169,96,73
102900026,239,1491,-1252
102900027,82,60,22
102900028,116,565,-449
102900029,88,149,-61
102900030,290,214,76
102900031,196,90,106
102900032,65,62,3
102900033,127,153,-26
102900034,383,64,319
102900035,155,191,-36
102900036,270,246,24
102900037,301,265,36
102900038,287,260,27
102900039,18,433,-415
102900040,103,239,-136
102900041,56,114,-58
102900042,237,249,-12
102900043,138,150,-12
102900044,443,1285,-842
102900045,116,339,-223
102900046,137,183,-46
102900047,128,424,-296
102900048,465,310,155
102900049,92,265,-173
102900050,103,219,-116
102900051,154,154,0
102900053,282,415,-133
102900054,347,846,-499
102900055,90,163,-73
102900056,105,224,-119
102900057,12,49,-37
102900058,214,54,160
102900059,9,34,-25
102900060,83,308,-225
102900061,105,284,-179
102900062,237,617,-380
102900063,1100,319,781
102900064,91,288,-197
102900065,915,292,623
102900066,268,11,257
102900068,78,54,24
102900070,159,362,-203
102900072,5,53,-48
102900073,63,5,58
102900075,36,58,-22
102900076,103,99,4
102900077,27,28,-1
102900078,29,38,-9
102900079,146,6,140
102900080,256,21,235
102900081,64,219,-155
102900082,5,171,-166
102900083,138,15,123
102900084,2,24,-22
102900085,231,78,153
102900086,18,44,-26
102900087,98,81,17
102900088,44,21,23
102900089,144,64,80
102900090,0,209,-209
102900091,114,1,113
102900092,209,402,-193
102900094,2,114,-112
102900095,110,1,109
102900096,71,20,51
102900097,1,46,-45
103000001,1709,1962,-253
103000002,1573,1880,-307
103000003,2574,2081,493
103000004,729,539,190
103000005,1508,2349,-841
103000006,623,1194,-571
103000007,333,486,-153
103000008,814,498,316
103000009,1041,715,326
103000010,224,106,118
103000011,1167,947,220
103000012,1093,1123,-30
103000013,2568,1401,1167
103000014,1152,1993,-841
103000015,1247,561,686
103000016,382,1069,-687
103000017,204,258,-54
103000018,550,225,325
103000019,263,222,41
103000020,2094,1155,939
103000021,1587,1688,-101
103000022,589,814,-225
103000023,640,1543,-903
103000024,64,113,-49
103000025,87,580,-493
103000026,570,111,459
103000027,226,500,-274
103000028,216,248,-32
103000029,182,222,-40
103000030,931,819,112
103000031,796,1398,-602
103000032,1597,1153,444
103000033,2428,2235,193
103000034,982,784,198
103000035,274,997,-723
103000036,307,351,-44
103000037,348,300,48
103000038,338,679,-341
103000039,433,283,150
103000040,370,647,-277
103000041,1377,1483,-106
103000042,1148,339,809
103000043,609,602,7
103000044,253,143,110
103000046,320,336,-16
103000047,555,463,92
103000048,149,159,-10
103000049,71,104,-33
103000050,638,316,322
103000051,377,363,14
103000052,659,256,403
103000053,129,524,-395
103000054,2107,954,1153
103000055,1574,1673,-99
103000056,611,940,-329
103000057,662,177,485
103000058,574,573,1
103000059,389,570,-181
103000060,673,489,184
103000061,398,753,-355
103000062,839,395,444
103000063,645,599,46
103000064,212,113,99
103000065,3,316,-313
103000066,202,10,192
103000069,390,293,97
103000070,810,579,231
103000071,1112,417,695
103000072,118,380,-262
103000073,598,106,492
103000074,472,78,394
103000075,93,408,-315
103000076,213,297,-84
103000077,20,215,-195
103000078,637,595,42
103000079,433,443,-10
103000080,657,262,395
103000081,328,860,-532
103000082,360,151,209
103000083,81,248,-167
103000084,131,4,127
103000085,8,83,-75
103000086,399,261,138
103000087,80,392,-312
103000088,258,240,18
103000089,212,398,-186
103000090,1710,696,1014
103000091,504,390,114
103000092,239,167,72
103000093,235,297,-62
103000094,135,82,53
103000095,79,277,-198
103000096,467,56,411
103000097,37,453,-416
103000098,564,127,437
103000099,211,473,-262
103000100,99,470,-371
103000101,712,106,606
103000102,96,344,-248
103000103,568,134,434
103000104,51,52,-1
103000105,158,83,75
103000106,6,137,-131
103000107,170,39,131
103000108,947,697,250
103000109,337,459,-122
103000110,366,406,-40
103000111,323,326,-3
103000112,243,152,91
103000113,414,519,-105
103000114,1219,409,810
103000115,586,459,127
103000116,571,394,177
103000117,386,344,42
103000118,377,434,-57
103000119,676,385,291
103000120,36,80,-44
103000121,134,364,-230
103000122,378,447,-69
103000125,14,138,-124
103000126,547,0,547
103000127,7,117,-110
103000128,161,2,159
103000129,1,79,-78
103000130,66,30,36
103000131,69,58,11
103000132,46,130,-84
103000133,12,97,-85
103000134,319,585,-266
103000135,379,208,171
103000136,432,336,96
103000137,317,435,-118
103000138,458,552,-94
103000139,2,51,-49
103000140,107,23,84
103000141,28,94,-66
103000142,102,54,48
103000143,53,149,-96
103000144,138,43,95
103000145,10,106,-96
103000150,66,45,21
103000152,145,194,-49
103000153,227,197,30
103000156,7,220,-213
103000157,349,2,347
103000159,72,16,56
103000162,43,18,25
103000163,12,17,-5
103000164,6,6,0
103000165,61,154,-93
103000166,227,252,-25
103000167,173,129,44
103000168,116,145,-29
103000169,198,319,-121
103000170,866,296,570
103000171,59,65,-6
103000172,427,273,154
103000173,534,303,231
103000174,166,295,-129
103000175,301,178,123
103000176,713,588,125
103000177,427,274,153
103000178,159,248,-89
103000179,126,29,97
103000183,139,26,113
103000185,114,33,81
103000186,146,127,19
103000187,501,213,288
103000188,7,70,-63
103000189,653,603,50
103000191,337,330,7
103000292,1251,1253,-2
103000293,610,1769,-1159
103000295,60,97,-37
103000296,186,2,184
103000297,1,22,-21
103000504,0,16,-16
103000505,3,27,-24
103000506,0,162,-162
103000507,214,4,210
103000508,45,40,5
103000509,235,493,-258
103000514,20,3,17
103900001,4,116,-112
103900002,657,126,531
103900003,982,19,963
103900004,106,1,105
103900005,0,111,-111
103900006,3,2,1
103900007,48,0,48
103900008,5,3,2
103900009,170,371,-201
103900010,146,222,-76
103900011,285,98,187
103900012,3,21,-18
103900013,51,45,6
103900014,45,8,37
103900015,83,7,76
103900016,219,143,76
103900017,24,58,-34
103900018,447,145,302
103900019,81,354,-273
103900020,154,313,-159
103900021,255,46,209
103900022,821,410,411
103900023,150,3,147
103900024,87,253,-166
103900025,17,34,-17
103900026,44,0,44
103900027,526,183,343
103900028,12,202,-190
103900029,957,173,784
103900030,225,87,138
103900031,36,1,35
103900032,107,89,18
103900033,81,29,52
103900034,13,91,-78
103900035,51,29,22
103900036,21,33,-12
103900037,47,36,11
103900038,92,200,-108
103900039,83,214,-131
103900040,8,77,-69
103900041,38,36,2
103900042,73,204,-131
103900043,165,55,110
103900044,67,214,-147
103900045,234,95,139
103900047,129,26,103
103900048,40,29,11
103900049,120,746,-626
103900050,12,95,-83
103900051,0,33,-33
103900052,191,214,-23
103900053,196,316,-120
103900054,114,179,-65
103900055,388,160,228
103900056,34,26,8
103900057,24,84,-60
103900058,250,378,-128
103900059,0,28,-28
103900060,56,116,-60
103900061,160,35,125
103900062,250,64,186
103900063,7,0,7
103900064,111,1,110
103900065,482,294,188
103900066,143,30,113
103900067,168,5,163
103900068,2,0,2
103900069,73,11,62
103900070,106,161,-55
103900071,14,88,-74
103900072,27,121,-94
103900073,30,23,7
103900074,87,43,44
103900075,202,49,153
103900076,521,372,149
103900077,33,96,-63
103900078,265,66,199
103900079,137,117,20
103900080,5,21,-16
103900081,92,32,60
103900082,2,83,-81
103900083,1056,771,285
103900084,39,81,-42
103900085,74,110,-36
103900086,566,282,284
103900088,242,390,-148
103900089,39,108,-69
103900090,11,86,-75
103900091,904,153,751
103900092,548,304,244
103900093,54,240,-186
103900094,17,55,-38
103900095,143,143,0
103900096,20,128,-108
103900097,18,257,-239
103900098,125,107,18
103900099,66,80,-14
103900100,196,217,-21
103900101,70,830,-760
103900102,3,15,-12
103900104,1,18,-17
103900105,70,171,-101
103900106,1,54,-53
103900107,131,128,3
103900108,68,175,-107
103900109,135,56,79
103900110,144,41,103
103900111,78,321,-243
103900112,32,68,-36
103900113,83,191,-108
103900114,216,198,18
103900115,157,107,50
103900116,2940,2089,851
103900117,72,23,49
103900119,26,71,-45
103900120,59,88,-29
103900122,89,174,-85
103900123,875,462,413
103900124,46,256,-210
103900125,100,42,58
103900126,459,234,225
103900127,154,309,-155
103900128,122,83,39
103900131,31,70,-39
103900133,743,36,707
103900134,0,5,-5
103900135,0,5,-5
103900137,0,27,-27
103900138,159,161,-2
103900139,156,1673,-1517
103900140,4,165,-161
103900141,171,24,147
103900142,112,56,56
103900143,51,2,49
103900144,0,28,-28
103900145,97,174,-77
103900146,228,156,72
103900147,229,85,144
103900148,181,152,29
103900149,314,364,-50
103900150,3590,2864,726
103900151,25,110,-85
103900152,467,249,218
103900153,4,4,0
103900154,372,1352,-980
103900155,35,123,-88
103900156,60,79,-19
103900157,36,92,-56
103900158,72,97,-25
103900159,128,51,77
103900160,44,30,14
103900161,81,126,-45
103900162,58,153,-95
103900163,3,316,-313
103900167,7,75,-68
103900168,82,76,6
103900169,13,37,-24
103900170,1,54,-53
103900171,0,23,-23
103900172,0,9,-9
103900173,8,10,-2
103900174,149,36,113
103900175,25,77,-52
103900176,4,19,-15
103900177,10,39,-29
103900178,24,26,-2
103900179,66,46,20
103900180,9,51,-42
103900181,37,31,6
103900182,22,14,8
103900184,297,70,227
103900185,73,329,-256
103900187,9,38,-29
103900188,28,19,9
103900189,73,5,68
103900190,37,36,1
103900191,17,26,-9
103900192,31,42,-11
103900193,75,61,14
103900194,54,162,-108
103900195,3,83,-80
103900196,23,26,-3
103900197,14,12,2
103900198,17,30,-13
103900199,133,45,88
103900200,151,68,83
103900201,94,118,-24
103900202,28,56,-28
103900203,32,26,6
103900204,2,78,-76
103900207,1,56,-55
103900208,64,0,64
103900209,14,78,-64
103900210,31,20,11
103900211,440,210,230
103900212,117,223,-106
103900213,65,195,-130
103900214,176,158,18
103900215,228,241,-13
103900216,6,218,-212
103900217,296,18,278
103900218,2,239,-237
103900219,128,155,-27
103900233,11,1,10
103900235,15,10,5
103900236,5,2,3
103900242,2,9,-7
103900243,3,10,-7
103900244,90,120,-30
103900245,92,118,-26
103900246,41,31,10
103900247,24,92,-68
103900248,6,37,-31
103900249,9,40,-31
103900250,19,19,0
103900251,1,19,-18
103900253,18,47,-29
103900254,9,13,-4
103900255,1,8,-7
103900256,8,16,-8
103900257,97,99,-2
103900258,29,6,23
103900259,69,16,53
103900261,7,4,3
103900262,36,3,33
103900263,32,31,1
103900264,38,12,26
103900265,33,8,25
103900266,3,80,-77
103900267,8,55,-47
103900268,3,58,-55
103900269,153,33,120
103900270,46,57,-11
103900271,8,47,-39
103900272,52,41,11
103900273,30,25,5
103900274,82,1,81
103900275,42,5,37
103900276,6,47,-41
103900277,5,37,-32
103900278,6,27,-21
103900279,2,23,-21
103900280,0,49,-49
103900281,208,203,5
103900282,14,21,-7
103900283,65,18,47
103900284,8,19,-11
103900285,8,103,-95
103900286,28,132,-104
103900287,0,62,-62
103900288,32,66,-34
103900289,11,0,11
103900290,110,55,55
103900291,37,0,37
103900292,7,10,-3
103900293,14,18,-4
103900294,7,8,-1
104000001,1994,1282,712
104000002,1392,1762,-370
104000003,1907,1539,368
104000004,1853,1726,127
104000005,1388,1297,91
104000006,2603,2133,470
104000007,2631,2371,260
104000008,174,205,-31
104000009,185,93,92
104000010,166,288,-122
104000011,304,208,96
104000012,136,179,-43
104000013,207,175,32
104000014,163,441,-278
104000015,297,111,186
104000016,446,250,196
104000018,705,152,553
104000019,572,127,445
104000020,95,343,-248
104000021,217,314,-97
104000022,130,231,-101
104000023,680,280,400
104000024,189,220,-31
104000026,35,206,-171
104000027,225,153,72
104000028,359,175,184
104000029,318,224,94
104000030,214,182,32
104000031,1036,310,726
104000032,204,157,47
104000033,509,372,137
104000034,276,167,109
104000035,705,261,444
104000036,632,354,278
104000037,282,156,126
104000038,163,284,-121
104000039,153,144,9
104000040,142,228,-86
104000041,841,429,412
104000042,81,92,-11
104000043,186,231,-45
104000044,208,449,-241
104000045,829,701,128
104000046,854,899,-45
104000047,524,761,-237
104000048,828,920,-92
104000049,387,191,196
104000050,115,361,-246
104000051,98,371,-273
104000052,1479,1452,27
104000053,538,286,252
104000054,280,192,88
104000055,2482,1635,847
104000056,902,267,635
104000057,250,406,-156
104000058,1101,1131,-30
104000059,388,686,-298
104000060,925,1126,-201
104000061,1212,813,399
104000062,492,143,349
104000064,476,284,192
104000065,162,437,-275
104000069,608,856,-248
104000070,64,340,-276
104000071,277,450,-173
104000072,617,258,359
104000075,21,177,-156
104000076,355,42,313
104000082,1519,2213,-694
104000083,615,172,443
104000084,104,435,-331
104000085,270,231,39
104000086,144,386,-242
104000087,269,1311,-1042
104000090,668,842,-174
104000092,1031,1279,-248
104000094,623,930,-307
104000095,1335,1344,-9
104000096,1206,102,1104
104000097,1519,569,950
104000098,1961,590,1371
104000100,1380,495,885
104000101,631,834,-203
104000106,85,512,-427
104000107,516,295,221
104000108,188,323,-135
104000109,267,72,195
104000110,595,711,-116
104000111,2282,1681,601
104000112,1314,379,935
104000116,2,515,-513
104000117,142,377,-235
104000118,437,124,313
104000119,435,235,200
104000120,255,421,-166
104000121,154,471,-317
104000122,597,556,41
104000123,570,634,-64
104000124,525,1214,-689
104000125,1767,3249,-1482
104000126,369,282,87
104000127,1024,1589,-565
104000128,428,278,150
104000129,260,32,228
104000130,8,120,-112
104000131,401,399,2
104000132,347,450,-103
104000133,1227,625,602
104000134,700,1141,-441
104000135,403,1520,-1117
104000136,583,3048,-2465
104000137,1277,368,909
104000138,648,218,430
104000139,3321,1974,1347
104000141,803,819,-16
104000142,530,444,86
104000143,468,339,129
104000144,103,125,-22
104000145,336,181,155
104000146,218,337,-119
104000147,101,231,-130
104000148,326,128,198
104000149,150,181,-31
104000150,712,371,341
104000151,237,255,-18
104000152,429,350,79
104000153,529,439,90
104000154,674,323,351
104000155,380,516,-136
104000157,838,823,15
104000158,202,401,-199
104000159,650,452,198
104000160,1595,1427,168
104000161,152,141,11
104000162,69,146,-77
104000165,895,815,80
104000167,1184,1137,47
104000168,438,12,426
104000169,153,38,115
104000170,280,429,-149
104000248,204,414,-210
104000251,50,145,-95
104000272,0,0,0
104000273,0,0,0
104000274,0,0,0
104000275,0,0,0
104000279,2015,1391,624
104000290,48,166,-118
104000291,753,1169,-416
104000293,648,651,-3
104000294,28,0,28
104000295,523,507,16
104000296,316,475,-159
104000297,726,1351,-625
104000298,1254,668,586
104000299,548,941,-393
104000302,97,119,-22
104000303,169,148,21
104900001,120,182,-62
104900002,36,120,-84
104900003,64,205,-141
104900004,63,163,-100
104900005,284,159,125
104900006,209,61,148
104900007,195,132,63
104900009,94,183,-89
104900010,55,44,11
104900011,6,3,3
104900012,158,34,124
104900013,97,16,81
104900014,1445,187,1258
104900015,66,9,57
104900016,171,111,60
104900017,186,104,82
104900018,2,132,-130
104900019,139,2232,-2093
104900020,30,178,-148
104900021,0,78,-78
104900022,11,119,-108
104900023,0,30,-30
104900024,13,147,-134
104900025,39,126,-87
104900026,1,37,-36
104900027,353,204,149
104900028,16,93,-77
104900029,30,65,-35
104900030,362,132,230
104900031,79,160,-81
104900032,27,54,-27
104900033,164,194,-30
104900034,283,108,175
104900035,265,160,105
104900036,195,67,128
104900037,82,151,-69
104900038,209,576,-367
104900039,376,306,70
104900040,302,77,225
104900041,182,125,57
104900042,92,169,-77
104900043,15,161,-146
104900044,559,122,437
104900045,326,42,284
104900046,219,73,146
104900047,271,79,192
104900048,207,34,173
104900049,22,35,-13
104900050,229,39,190
104900051,244,21,223
104900052,52,0,52
104900053,338,66,272
104900054,108,17,91
104900055,70,0,70
104900056,136,14,122
104900057,30,2,28
104900058,309,139,170
104900059,162,35,127
104900061,120,319,-199
104900063,18,76,-58
104900064,0,33,-33
104900065,0,127,-127
104900066,0,53,-53
104900067,6,227,-221
104900068,10,151,-141
104900070,146,162,-16
104900071,0,296,-296
104900072,44,177,-133
104900073,28,76,-48
104900074,21,130,-109
104900075,52,17,35
104900076,39,149,-110
104900077,414,157,257
104900078,153,275,-122
104900079,80,335,-255
104900080,62,326,-264
104900082,8,248,-240
104900085,3,118,-115
104900089,169,2,167
104900091,346,328,18
104900093,172,318,-146
104900097,1453,1505,-52
104900098,83,30,53
104900099,62,293,-231
104900100,259,185,74
104900102,61,68,-7
104900103,285,37,248
104900106,61,81,-20
104900107,102,87,15
104900108,16,129,-113
104900109,71,88,-17
104900110,2,43,-41
104900111,80,62,18
104900112,194,383,-189
104900113,549,207,342
104900114,245,249,-4
104900115,589,300,289
104900116,176,109,67
104900118,16,23,-7
104900119,3,26,-23
104900120,38,313,-275
104900121,0,40,-40
104900122,2,31,-29
104900123,44,3,41
104900124,55,0,55
104900125,282,90,192
104900126,44,25,19
104900127,22,54,-32
104900128,68,74,-6
104900129,887,1384,-497
105000001,2157,1155,1002
105000002,2078,1200,878
105000003,2783,2511,272
105000004,459,577,-118
105000005,681,894,-213
105000006,1100,1389,-289
105000007,980,1344,-364
105000008,1235,2831,-1596
105000009,1961,2661,-700
105000010,2233,1422,811
105000011,2761,2494,267
105000012,2406,2030,376
105000013,832,916,-84
105000014,1555,2205,-650
105000015,6989,11615,-4626
105000016,2034,1598,436
105000017,1297,551,746
105000018,853,1066,-213
105000019,814,643,171
105000020,167,349,-182
105000021,247,127,120
105000022,230,81,149
105000023,451,311,140
105000028,52,115,-63
105000029,369,1111,-742
105000030,2698,1911,787
105000031,3,34,-31
105000033,934,1332,-398
105000034,83,704,-621
105000037,469,182,287
105000038,1332,1622,-290
105000039,1463,1040,423
105000040,705,984,-279
105000041,298,705,-407
105000042,2303,1467,836
105000043,1150,1314,-164
105000044,446,379,67
105000045,245,455,-210
105000046,956,296,660
105000047,517,767,-250
105000048,557,168,389
105000049,186,353,-167
105000050,638,336,302
105000051,136,281,-145
105000052,438,526,-88
105000053,98,108,-10
105000054,304,574,-270
105000055,544,218,326
105000056,1207,1355,-148
105000057,979,587,392
105000058,917,759,158
105000059,667,571,96
105000060,366,436,-70
105000061,583,403,180
105000062,483,554,-71
105000063,266,301,-35
105000064,1278,575,703
105000065,379,399,-20
105000066,851,860,-9
105000067,1232,676,556
105000068,339,676,-337
105000069,1235,1475,-240
105000070,440,796,-356
105000071,252,679,-427
105000072,1006,1801,-795
105000073,693,512,181
105000074,781,513,268
105000075,348,571,-223
105000076,840,656,184
105000077,1914,828,1086
105000078,821,1120,-299
105000079,989,3210,-2221
105000080,1202,1030,172
105000081,3185,1288,1897
105000082,819,1647,-828
105000083,3928,3497,431
105000084,461,579,-118
105000085,1431,1949,-518
105000086,685,715,-30
105000087,1123,1223,-100
105000088,1138,1352,-214
105000089,1770,1306,464
105000090,709,479,230
105000091,994,1028,-34
105000092,557,576,-19
105000093,211,211,0
105000094,286,170,116
105000095,119,394,-275
105000096,1025,933,92
105000097,618,746,-128
105000098,726,539,187
105000099,597,552,45
105000100,1169,792,377
105000101,1596,1283,313
105000102,966,1035,-69
105000103,870,1436,-566
105000104,1660,668,992
105000105,731,1161,-430
105000106,898,1113,-215
105000107,1250,646,604
105000108,1212,981,231
105000109,1221,966,255
105000110,782,389,393
105000111,780,466,314
105000112,1046,427,619
105000113,431,511,-80
105000114,1640,866,774
105000115,303,1008,-705
105000116,718,389,329
105000117,833,572,261
105000118,428,285,143
105000119,396,626,-230
105000120,800,441,359
105000121,625,629,-4
105000122,417,577,-160
105000123,728,800,-72
105000124,1675,607,1068
105000125,632,1092,-460
105000126,1817,1260,557
105000127,1995,1364,631
105000128,507,708,-201
105000129,582,350,232
105000130,297,2707,-2410
105000131,529,224,305
105000132,728,635,93
105000133,328,608,-280
105000134,653,516,137
105000135,344,379,-35
105000136,156,208,-52
105000137,462,163,299
105000138,178,208,-30
105000139,726,588,138
105000140,459,354,105
105000141,242,311,-69
105000142,203,377,-174
105000143,126,452,-326
105000144,180,571,-391
105000145,551,297,254
105000146,356,594,-238
105000147,609,287,322
105000148,1008,594,414
105000149,2042,1801,241
105000150,1319,867,452
105000151,308,311,-3
105000152,163,322,-159
105000153,515,541,-26
105000154,484,305,179
105000155,314,724,-410
105000156,555,497,58
105000157,604,1087,-483
105000158,1328,605,723
105000159,266,664,-398
105000160,1709,492,1217
105000161,557,663,-106
105000162,477,1300,-823
105000163,885,590,295
105000164,132,165,-33
105000165,551,4055,-3504
105000166,3332,727,2605
105000167,1086,1082,4
105000168,446,382,64
105000169,467,202,265
105000170,176,903,-727
105000171,809,136,673
105000172,113,18,95
105000173,192,23,169
105000174,77,31,46
105000175,53,85,-32
105000176,412,73,339
105000177,286,114,172
105000178,144,261,-117
105000179,462,101,361
105000180,131,78,53
105000181,132,145,-13
105000182,59,45,14
105000183,1447,1529,-82
105000184,885,805,80
105000185,799,1210,-411
105000186,488,692,-204
105000187,667,182,485
105000188,168,145,23
105000189,112,374,-262
105000190,247,243,4
105000191,349,250,99
105000192,255,52,203
105000193,73,92,-19
105000194,391,82,309
105000195,181,427,-246
105000196,70,245,-175
105000197,245,439,-194
105000198,459,207,252
105000199,237,583,-346
105000200,99,218,-119
105000201,78,28,50
105000203,34,174,-140
105000204,94,70,24
105000205,75,158,-83
105000207,342,124,218
105000208,163,421,-258
105000209,191,213,-22
105000211,225,21,204
105000212,942,708,234
105000213,112,135,-23
105000214,115,155,-40
105000215,306,135,171
105000216,138,190,-52
105000217,114,140,-26
105000218,1166,948,218
105000221,143,130,13
105000222,363,152,211
105000223,233,144,89
105000226,99,163,-64
105000227,63,106,-43
105000228,172,1357,-1185
105000229,126,422,-296
105000231,288,220,68
105000233,761,550,211
105000234,420,894,-474
105000235,305,443,-138
105000237,628,66,562
105000243,20,48,-28
105000248,83,63,20
105000262,234,733,-499
105000269,70,154,-84
105000270,387,23,364
105000271,0,136,-136
105000282,64,30,34
105000287,262,52,210
105000288,418,267,151
105000289,2367,1659,708
105000290,23,7,16
105000402,2153,2819,-666
105000426,370,426,-56
105000438,3550,1475,2075
105000440,34,25,9
105000446,7186,4057,3129
105000447,4418,1843,2575
105000454,517,425,92
105000455,228,121,107
105000474,50,1,49
105000477,350,490,-140
105000478,1320,3767,-2447
105000479,103,85,18
105000480,8761,6802,1959
105000481,4224,3029,1195
105000482,3501,6651,-3150
105000483,1379,1711,-332
105000484,1690,2623,-933
105000485,1176,2849,-1673
105000486,2380,1821,559
105000488,8271,4190,4081
105000489,682,598,84
105000549,55,125,-70
105000550,376,1142,-766
105000551,29,63,-34
105000552,1966,1196,770
105000555,1256,883,373
105000556,19,23,-4
105000557,67,156,-89
105900001,3,1469,-1466
105900002,660,524,136
105900003,11,75,-64
105900004,143,98,45
105900005,2,221,-219
105900006,8,75,-67
105900007,27,20,7
105900008,32,311,-279
105900009,6,21,-15
105900011,64,20,44
105900012,313,76,237
105900013,2,37,-35
105900014,2,38,-36
105900015,95,193,-98
105900016,332,216,116
105900017,992,34,958
105900018,114,129,-15
105900019,44,174,-130
105900020,58,40,18
105900021,14,128,-114
105900022,170,109,61
105900023,2,53,-51
105900024,9,52,-43
105900025,162,15,147
105900026,136,5,131
105900027,6555,2878,3677
105900028,210,247,-37
105900029,1142,223,919
105900030,117,171,-54
105900031,230,121,109
105900032,47,78,-31
105900033,86,42,44
105900034,171,119,52
105900035,92,125,-33
105900036,105,79,26
105900037,77,44,33
105900038,148,159,-11
105900039,114,75,39
105900040,34,73,-39
105900041,135,147,-12
105900042,38,134,-96
105900043,785,43,742
105900044,5,163,-158
105900045,3,471,-468
105900046,1,175,-174
105900047,8,33,-25
105900048,70,313,-243
105900050,2067,3591,-1524
105900051,44,716,-672
105900052,327,57,270
105900053,1565,1908,-343
105900054,180,116,64
105900056,312,226,86
105900057,7,52,-45
105900058,15,13,2
105900059,1,27,-26
106000001,3247,2062,1185
106000002,1845,4358,-2513
106000003,2409,2915,-506
106000004,1318,1878,-560
106000005,2790,4025,-1235
106000006,4616,2576,2040
106000007,351,462,-111
106000008,510,243,267
106000009,479,255,224
106000010,513,445,68
106000011,1022,811,211
106000012,708,914,-206
106000013,1435,1475,-40
106000014,1211,1065,146
106000015,1557,978,579
106000016,954,1363,-409
106000017,528,589,-61
106000018,395,397,-2
106000019,303,239,64
106000020,308,280,28
106000021,275,332,-57
106000022,295,165,130
106000023,471,254,217
106000024,439,371,68
106000025,126,152,-26
106000026,86,195,-109
106000027,1254,1009,245
106000028,465,291,174
106000029,605,705,-100
106000030,398,428,-30
106000034,139,388,-249
106000035,600,1411,-811
106000036,157,356,-199
106000037,1498,986,512
106000038,238,96,142
106000039,82,99,-17
106000040,129,595,-466
106000041,551,531,20
106000043,415,219,196
106000046,311,69,242
106000047,38,328,-290
106000049,903,131,772
106000050,250,450,-200
106000051,507,257,250
106000052,89,387,-298
106000053,370,120,250
106000054,271,240,31
106000055,998,627,371
106000056,180,267,-87
106000057,333,212,121
106000058,100,95,5
106000059,292,181,111
106000060,258,329,-71
106000061,245,394,-149
106000062,117,330,-213
106000063,646,469,177
106000064,29,265,-236
106000065,275,241,34
106000066,110,223,-113
106000067,288,83,205
106000068,46,427,-381
106000069,267,51,216
106000070,350,517,-167
106000071,822,236,586
106000072,1934,1244,690
106000073,1139,2363,-1224
106000074,484,516,-32
106000075,282,1060,-778
106000076,1449,1468,-19
106000077,2520,1067,1453
106000078,851,711,140
106000079,549,588,-39
106000080,953,462,491
106000081,519,907,-388
106000082,1752,649,1103
106000083,369,1123,-754
106000084,995,486,509
106000085,1130,1127,3
106000086,480,645,-165
106000087,782,441,341
106000088,408,538,-130
106000089,759,304,455
106000090,233,433,-200
106000091,280,289,-9
106000092,473,194,279
106000093,217,95,122
106000094,60,194,-134
106000095,636,542,94
106000096,712,504,208
106000097,883,498,385
106000098,525,555,-30
106000099,193,473,-280
106000100,835,162,673
106000101,533,513,20
106000102,144,293,-149
106000103,169,177,-8
106000104,279,163,116
106000105,448,398,50
106000106,568,337,231
106000107,148,249,-101
106000108,426,302,124
106000109,186,194,-8
106000110,273,204,69
106000111,174,264,-90
106000112,212,311,-99
106000113,410,380,30
106000114,254,401,-147
106000115,312,435,-123
106000116,580,366,214
106000117,818,482,336
106000118,1058,946,112
106000119,878,624,254
106000120,666,1037,-371
106000121,204,140,64
106000122,103,92,11
106000123,385,102,283
106000124,49,113,-64
106000125,24,160,-136
106000126,266,69,197
106000127,516,591,-75
106000128,778,149,629
106000129,612,363,249
106000130,754,498,256
106000131,111,535,-424
106000132,434,123,311
106000133,1114,875,239
106000134,425,1097,-672
106000135,359,566,-207
106000136,582,682,-100
106000137,58,487,-429
106000138,946,74,872
106000139,54,69,-15
106000140,44,40,4
106000141,120,40,80
106000142,73,54,19
106000143,47,32,15
106000144,43,37,6
106000145,185,134,51
106000146,307,95,212
106000147,663,425,238
106000148,792,723,69
106000149,512,375,137
106000150,384,1420,-1036
106000151,2686,611,2075
106000152,762,1353,-591
106000153,85,1184,-1099
106000154,972,180,792
106000155,107,216,-109
106000156,706,142,564
106000157,552,1030,-478
106000158,1542,713,829
106000159,1825,1382,443
106000160,395,1887,-1492
106000161,1053,278,775
106000162,247,652,-405
106000163,306,258,48
106000164,357,179,178
106000165,208,369,-161
106000166,527,232,295
106000167,218,559,-341
106000168,450,172,278
106000169,260,345,-85
106000170,738,160,578
106000171,201,720,-519
106000172,2170,1034,1136
106000173,688,1778,-1090
106000174,902,302,600
106000175,177,561,-384
106000176,1299,578,721
106000177,530,1601,-1071
106000178,2458,1430,1028
106000179,652,1292,-640
106000180,555,762,-207
106000181,640,1346,-706
106000182,1204,530,674
106000183,1082,400,682
106000184,924,395,529
106000185,709,1071,-362
106000186,637,120,517
106000187,167,732,-565
106000188,0,0,0
106000189,10,27,-17
106000190,23,1,22
106000191,591,132,459
106000192,0,14,-14
106000193,315,121,194
106000194,112,245,-133
106000195,210,70,140
106000196,63,228,-165
106000197,590,215,375
106000198,152,163,-11
106000199,483,419,64
106000200,238,157,81
106000201,384,1710,-1326
106000202,2361,423,1938
106000203,46,187,-141
106000204,95,3,92
106000205,36,112,-76
106000206,96,17,79
106000207,21,396,-375
106000208,1229,162,1067
106000209,1182,329,853
106000210,208,604,-396
106000211,187,769,-582
106000212,677,389,288
106000213,511,1335,-824
106000214,1258,416,842
106000215,226,421,-195
106000216,753,265,488
106000217,217,325,-108
106000218,344,292,52
106000219,139,221,-82
106000220,675,322,353
106000221,179,174,5
106000222,78,66,12
106000223,239,66,173
106000224,230,105,125
106000225,82,99,-17
106000226,104,143,-39
106000228,45,66,-21
106000229,93,607,-514
106000231,900,102,798
106000232,47,217,-170
106000233,351,78,273
106000234,55,147,-92
106000235,292,88,204
106000236,64,53,11
106000237,1,12,-11
106000238,17,8,9
106000239,8,85,-77
106000240,26,2,24
106000241,15,442,-427
106000242,208,19,189
106000249,67,45,22
106000250,54,328,-274
106000251,70,20,50
106000252,11,39,-28
106000253,55,55,0
106000254,93,21,72
106000255,15,114,-99
106000256,78,29,49
106000257,151,170,-19
106000258,127,27,100
106000259,2,38,-36
106000260,19,9,10
106000261,9,55,-46
106000262,65,11,54
106000263,6,38,-32
106000264,207,39,168
106000265,6,85,-79
106000266,74,18,56
106000267,4,54,-50
106000268,303,35,268
106000269,43,26,17
106000270,72,367,-295
106000271,73,190,-117
106000272,176,32,144
106000273,17,189,-172
106000274,131,26,105
106000275,122,172,-50
106000276,112,29,83
106000277,106,213,-107
106000278,162,16,146
106000279,22,26,-4
106000280,48,43,5
106000281,73,39,34
106000282,59,48,11
106000283,112,32,80
106000284,81,87,-6
106000285,92,58,34
106000286,90,122,-32
106000287,104,35,69
106000288,100,134,-34
106000289,103,40,63
106000290,49,55,-6
106000291,86,62,24
106000292,81,93,-12
106000293,114,82,32
106000294,84,74,10
106000295,43,55,-12
106000296,32,72,-40
106000297,39,178,-139
106000298,93,53,40
106000299,56,93,-37
106000300,39,94,-55
106000301,42,109,-67
106000303,30,55,-25
106000304,21,30,-9
106000305,31,29,2
106000306,31,24,7
106000307,44,17,27
106000308,17,43,-26
106000309,16,34,-18
106000310,283,449,-166
106000311,324,127,197
106000312,192,219,-27
106000313,160,165,-5
106000318,72,346,-274
106000319,868,188,680
106000320,5,53,-48
106000321,118,103,15
106000322,124,77,47
106000324,21,90,-69
106000325,1433,701,732
106000326,828,1178,-350
106000327,181,49,132
106000328,19,116,-97
106000329,42,183,-141
106000330,38,82,-44
106000428,69,126,-57
106000429,144,395,-251
106000430,393,956,-563
106000431,1834,316,1518
106000432,1481,2188,-707
106000433,2132,1263,869
106000434,2717,1232,1485
106000435,1111,1902,-791
106000436,9,113,-104
106000437,252,77,175
106000438,184,143,41
106000439,35,509,-474
106000440,413,524,-111
106000441,0,0,0
106000442,126,3,123
106000443,133,200,-67
106000450,0,108,-108
106000451,42,38,4
106000454,3,100,-97
106000455,6,113,-107
106000456,73,11,62
106000457,14,485,-471
106000458,825,51,774
106000459,154,240,-86
106000460,1346,12,1334
106000461,106,597,-491
106000462,0,30,-30
106000463,0,10,-10
106000464,3,350,-347
106000465,573,1,572
106000466,5,316,-311
106000467,243,302,-59
106000468,71,85,-14
106000469,76,1,75
106000470,196,1356,-1160
106000471,20,281,-261
106000472,118,12,106
106000473,29,12,17
106000474,439,298,141
106000475,403,243,160
106000476,288,326,-38
106000477,56,97,-41
106000480,0,253,-253
106900001,0,8,-8
106900002,0,230,-230
106900003,29,195,-166
106900004,1,12,-11
106900006,0,5,-5
106900007,0,6,-6
106900008,307,89,218
106900009,310,157,153
106900010,165,197,-32
106900012,849,1108,-259
106900013,143,64,79
106900014,14,0,14
106900015,6,1,5
106900016,233,5,228
106900017,6,0,6
106900018,4,0,4
106900019,22,2,20
106900020,1120,1077,43
106900021,141,140,1
106900022,630,1,629
106900023,5,137,-132
106900024,207,21,186
106900025,30,192,-162
106900026,1,303,-302
106900027,715,1,714
106900028,10,144,-134
106900029,114,18,96
106900030,8,115,-107
107000001,2862,2713,149
107000002,1759,2716,-957
107000003,4674,4965,-291
107000004,3289,2630,659
107000005,4216,4719,-503
107000006,2767,2288,479
107000007,4237,7908,-3671
107000008,7008,4817,2191
107000009,5699,6048,-349
107000010,6387,5246,1141
107000011,894,904,-10
107000012,2609,1847,762
107000013,113,98,15
107000014,62,168,-106
107000015,521,574,-53
107000016,679,565,114
107000017,1079,1027,52
107000018,9,655,-646
107000020,791,1041,-250
107000021,794,313,481
107000022,510,998,-488
107000023,1247,142,1105
107000024,377,919,-542
107000025,171,233,-62
107000026,197,333,-136
107000027,1141,607,534
107000028,994,911,83
107000029,2795,2365,430
107000030,2104,1999,105
107000031,3668,1954,1714
107000032,360,730,-370
107000033,2170,2459,-289
107000034,2099,1029,1070
107000035,397,171,226
107000036,241,805,-564
107000037,86,674,-588
107000038,187,200,-13
107000039,704,551,153
107000040,107,191,-84
107000041,1152,560,592
107000042,559,1366,-807
107000043,1905,882,1023
107000044,376,215,161
107000045,50,196,-146
107000046,648,333,315
107000047,311,545,-234
107000048,554,233,321
107000049,668,613,55
107000050,936,511,425
107000051,246,257,-11
107000052,910,817,93
107000053,325,192,133
107000054,48,216,-168
107000055,333,142,191
107000056,426,594,-168
107000057,1321,210,1111
107000058,1833,1878,-45
107000059,1557,2351,-794
107000060,3888,4362,-474
107000061,3649,2315,1334
107000062,4090,2481,1609
107000063,3339,3300,39
107000064,4063,2137,1926
107000065,2419,3191,-772
107000066,1611,2263,-652
107000067,966,995,-29
107000068,1084,664,420
107000069,756,528,228
107000070,1046,8,1038
107000071,3060,56,3004
107000072,46,1821,-1775
107000073,593,340,253
107000074,139,561,-422
107000075,1522,479,1043
107000076,493,955,-462
107000077,3280,1290,1990
107000078,2013,2033,-20
107000079,2354,1006,1348
107000080,919,1984,-1065
107000081,1694,498,1196
107000082,460,1064,-604
107000083,1177,409,768
107000084,295,1154,-859
107000085,2600,2876,-276
107000086,2723,2540,183
107000087,2535,1727,808
107000088,2516,2675,-159
107000089,1285,1426,-141
107000090,752,826,-74
107000091,1244,670,574
107000092,758,757,1
107000093,1140,687,453
107000094,725,863,-138
107000095,594,464,130
107000096,487,493,-6
107000097,670,307,363
107000098,465,405,60
107000099,316,251,65
107000100,195,252,-57
107000101,54,135,-81
107000102,156,218,-62
107000103,230,172,58
107000104,217,227,-10
107000105,344,140,204
107000106,171,183,-12
107000107,577,142,435
107000108,131,398,-267
107000109,479,149,330
107000110,62,313,-251
107000111,383,51,332
107000112,59,258,-199
107000113,725,107,618
107000114,111,411,-300
107000115,594,164,430
107000116,96,514,-418
107000117,117,575,-458
107000118,135,128,7
107000119,1078,1269,-191
107000120,873,419,454
107000121,841,613,228
107000122,984,580,404
107000123,489,459,30
107000124,479,641,-162
107000125,989,488,501
107000126,901,547,354
107000129,208,592,-384
107000130,659,208,451
107000131,319,463,-144
107000132,450,232,218
107000133,377,84,293
107000134,260,0,260
107000135,4,175,-171
107000136,632,5,627
107000137,1,305,-304
107000138,253,17,236
107000139,9,413,-404
107000140,1036,70,966
107000141,76,677,-601
107000142,339,76,263
107000143,48,538,-490
107000144,408,348,60
107000145,107,330,-223
107000146,168,267,-99
107000147,3200,806,2394
107000150,463,2268,-1805
107000151,15,72,-57
107000152,378,1254,-876
107000153,107,282,-175
107000154,165,327,-162
107000155,763,13,750
107000156,987,20,967
107000157,50,881,-831
107000158,651,28,623
107000159,39,562,-523
107000160,1101,111,990
107000161,78,740,-662
107000162,236,474,-238
107000163,144,13,131
107000164,705,3,702
107000165,1020,7,1013
107000166,46,727,-681
107000167,578,157,421
107000168,900,413,487
107000169,476,634,-158
107000170,2111,654,1457
107000171,456,1172,-716
107000172,1041,1258,-217
107000173,535,612,-77
107000174,870,4155,-3285
107000175,4141,1061,3080
107000176,1,0,1
107000177,0,1,-1
107000178,29,35,-6
107000179,251,1376,-1125
107000180,1280,206,1074
107000181,470,742,-272
107000182,1758,652,1106
107000183,155,507,-352
107000184,959,473,486
107000185,461,814,-353
107000186,954,313,641
107000187,914,993,-79
107000188,580,446,134
107000189,447,671,-224
107000190,530,523,7
107000191,693,928,-235
107000192,1405,489,916
107000193,361,338,23
107000194,837,540,297
107000197,900,210,690
107000198,310,574,-264
107000199,523,480,43
107000200,439,453,-14
107000201,324,249,75
107000202,286,395,-109
107000203,572,938,-366
107000204,609,1373,-764
107000205,1254,657,597
107000206,549,1115,-566
107000207,514,684,-170
107000208,602,466,136
107000209,1324,1162,162
107000210,535,248,287
107000211,1,48,-47
107000212,8,185,-177
107000213,4,11,-7
107000214,4,93,-89
107000215,329,275,54
107000216,379,255,124
107000217,135,95,40
107000219,68,121,-53
107000220,105,123,-18
107000222,223,425,-202
107000224,332,69,263
107000225,128,222,-94
107000226,294,74,220
107000227,75,179,-104
107000228,87,181,-94
107000229,108,91,17
107000230,824,321,503
107000231,1009,1419,-410
107000232,97,22,75
107000233,833,697,136
107000234,0,55,-55
107000235,69,4,65
107000236,8,316,-308
107000237,28,2,26
107000238,32,1,31
107000239,1758,391,1367
107000240,101,481,-380
107000243,0,24,-24
107000244,2,43,-41
107000246,0,822,-822
107000249,2,936,-934
107000251,0,272,-272
107000252,0,689,-689
107000255,192,67,125
107000257,1,284,-283
107000258,0,83,-83
107000259,1,132,-131
107000260,797,1,796
107000262,8,326,-318
107000263,294,8,286
107000266,14,4,10
107000267,60,72,-12
107000268,119,95,24
107000269,524,53,471
107000270,4,14,-10
107000271,15,393,-378
107000272,31,91,-60
107000273,2,159,-157
107000274,787,8,779
107000275,513,1075,-562
107000280,919,19,900
107000281,35,451,-416
107000282,26,431,-405
107000290,4,30,-26
107000291,10,4,6
107000292,0,76,-76
107000293,23,1,22
107000294,0,37,-37
107000295,7,0,7
107000296,0,12,-12
107000444,248,6,242
107000496,0,12,-12
107000497,1012,1423,-411
107000500,288,232,56
107000501,57,129,-72
107000502,137,248,-111
107000505,333,507,-174
107000506,0,84,-84
107000508,3,306,-303
107000509,199,465,-266
107000510,15,25,-10
107000514,45,243,-198
107000515,7,100,-93
107000516,324,221,103
107000518,882,1241,-359
107000519,1163,618,545
107000520,78,29,49
107000521,621,319,302
107000522,981,395,586
107900001,75,96,-21
107900002,43,12,31
107900003,239,47,192
107900004,2,0,2
107900005,1218,3,1215
107900006,157,2,155
107900007,260,34,226
107900008,54,5,49
107900009,105,6,99
107900010,44,6,38
107900012,281,30,251
107900013,183,18,165
107900014,18,1,17
107900015,850,6,844
107900016,334,62,272
107900017,10,1,9
107900018,64,111,-47
107900019,15,33,-18
107900020,44,16,28
107900021,99,66,33
107900023,1,1,0
107900024,0,15,-15
107900025,160,188,-28
107900026,81,33,48
107900027,29,33,-4
107900028,83,58,25
107900030,180,30,150
107900031,50,50,0
107900032,10,1,9
107900033,14,3,11
107900034,282,20,262
107900035,748,37,711
107900036,59,22,37
107900037,0,35,-35
107900038,97,153,-56
107900039,35,23,12
107900040,7,121,-114
107900041,0,0,0
107900043,33,55,-22
107900044,2,9,-7
107900045,88,37,51
107900046,128,146,-18
107900047,46,21,25
107900048,179,17,162
107900049,175,530,-355
107900050,70,165,-95
107900051,69,40,29
107900052,20,38,-18
107900053,40,55,-15
107900055,419,180,239
107900056,94,41,53
107900057,3,0,3
107900058,18,326,-308
107900060,10,30,-20
107900061,4,5,-1
107900063,65,101,-36
107900064,173,95,78
107900065,193,9,184
107900066,19,6,13
107900067,2,1,1
107900068,67,525,-458
107900069,35,2005,-1970
107900070,129,50,79
107900071,41,406,-365
107900072,103,81,22
107900073,107,49,58
107900074,531,302,229
107900076,109,31,78
107900077,82,2,80
107900079,8,21,-13
107900080,109,860,-751
107900081,58,60,-2
107900082,15,15,0
107900083,241,165,76
107900084,67,106,-39
107900086,57,114,-57
107900087,344,163,181
107900088,51,6,45
107900089,186,494,-308
107900090,358,1474,-1116
107900091,107,240,-133
107900093,41,45,-4
107900095,2124,1561,563
107900097,11,32,-21
107900098,56,191,-135
107900100,638,1050,-412
107900101,605,108,497
107900102,27,7,20
107900103,16,95,-79
107900104,197,7,190
107900105,1,244,-243
107900106,2,627,-625
107900107,483,373,110
107900108,132,88,44
107900109,1236,17,1219
107900110,46,47,-1
107900111,4,485,-481
107900112,75,277,-202
107900113,195,49,146
107900114,171,92,79
107900115,0,29,-29
107900116,171,82,89
107900117,232,197,35
107900118,57,64,-7
107900119,55,137,-82
107900120,37,40,-3
107900121,1,87,-86
107900122,1,41,-40
107900123,2,40,-38
107900124,11,43,-32
107900125,20,126,-106
107900126,14,74,-60
107900127,200,243,-43
107900128,63,78,-15
107900129,61,12,49
107900130,72,15,57
107900131,400,211,189
107900132,110,179,-69
107900133,1,47,-46
107900134,22,72,-50
107900135,6,99,-93
107900136,20,16,4
107900137,94,73,21
107900138,65,29,36
107900139,23,37,-14
107900141,14,20,-6
107900142,48,455,-407
107900143,56,18,38
107900144,0,117,-117
107900145,1,55,-54
107900146,42,55,-13
107900147,25,26,-1
107900148,84,75,9
107900149,601,160,441
107900150,41,393,-352
107900151,42,85,-43
107900152,11,91,-80
107900153,80,221,-141
107900154,34,28,6
107900155,42,87,-45
107900156,3,174,-171
107900157,26,28,-2
107900158,653,19,634
107900159,17,389,-372
107900160,130,122,8
107900161,24,132,-108
107900162,1,16,-15
107900163,17,37,-20
107900164,9,64,-55
107900165,26,86,-60
107900166,12,115,-103
107900167,23,55,-32
107900168,37,30,7
107900169,0,126,-126
107900171,3,791,-788
107900172,1,152,-151
107900173,21,91,-70
107900174,109,2,107
107900175,13,52,-39
107900176,27,37,-10
107900177,1,44,-43
107900178,0,106,-106
107900179,21,95,-74
107900180,353,557,-204
107900181,219,211,8
107900182,3,630,-627
107900183,24,150,-126
107900184,73,151,-78
107900185,134,5,129
107900186,13,30,-17
107900187,0,82,-82
107900188,419,93,326
107900189,12,55,-43
107900190,39,129,-90
107900191,41,74,-33
107900193,5,57,-52
107900194,160,11,149
107900195,1255,192,1063
107900196,40,72,-32
107900197,465,265,200
107900199,2,625,-623
107900201,75,61,14
107900203,27,35,-8
107900204,156,133,23
107900206,512,343,169
107900207,1,337,-336
107900208,3,307,-304
107900209,204,97,107
107900210,52,75,-23
107900213,249,294,-45
107900214,12,54,-42
107900215,77,237,-160
107900216,94,39,55
107900217,37,65,-28
107900218,6,812,-806
107900219,13,50,-37
107900220,152,153,-1
107900221,68,124,-56
107900223,100,239,-139
107900224,62,240,-178
107900225,5,344,-339
107900226,70,53,17
107900227,118,210,-92
107900228,18,64,-46
107900229,0,129,-129
107900230,58,57,1
107900231,32,105,-73
107900232,89,80,9
107900233,3,88,-85
107900234,77,56,21
107900235,16,67,-51
107900236,105,29,76
107900237,35,184,-149
107900238,25,62,-37
107900239,469,322,147
107900240,42,70,-28
107900241,18,32,-14
107900242,15,123,-108
107900243,0,30,-30
107900244,213,3,210
107900245,562,24,538
107900246,183,12,171
107900248,243,147,96
107900249,718,11,707
107900250,0,272,-272
107900251,51,907,-856
107900252,750,12,738
107900253,175,6,169
107900254,41,135,-94
107900255,139,89,50
107900256,478,391,87
107900257,112,70,42
107900258,101,133,-32
107900259,53,1477,-1424
107900261,1,131,-130
107900262,38,50,-12
107900264,350,5,345
107900265,127,92,35
107900267,168,11,157
107900268,16,2,14
107900269,1,4,-3
107900270,0,0,0
107900271,1,24,-23
107900272,71,31,40
107900273,41,71,-30
107900274,111,0,111
107900275,39,1,38
107900276,1,56,-55
107900277,0,97,-97
107900278,220,211,9
107900279,52,155,-103
107900280,1772,1131,641
107900281,692,2344,-1652
107900282,43,390,-347
107900283,620,467,153
107900284,442,419,23
107900285,76,47,29
107900286,63,43,20
107900287,203,130,73
107900290,0,119,-119
107900291,418,25,393
107900292,164,119,45
107900293,76,292,-216
107900295,54,22,32
107900297,4,143,-139
107900298,540,524,16
107900299,1713,1790,-77
107900301,298,588,-290
107900302,94,26,68
107900303,177,173,4
107900304,277,252,25
107900305,301,4,297
107900306,4,38,-34
107900307,35,196,-161
107900308,155,115,40
107900309,61,0,61
107900310,156,4,152
107900311,1,161,-160
107900312,47,0,47
107900313,5,85,-80
107900314,2,20,-18
107900315,2,24,-22
107900316,17,0,17
107900317,41,8,33
107900318,3,70,-67
107900319,2,144,-142
107900320,0,101,-101
107900321,127,4,123
107900322,0,70,-70
107900323,3,86,-83
107900324,96,0,96
107900325,77,1,76
107900326,239,152,87
107900327,2,36,-34
107900328,71,0,71
107900329,65,71,-6
107900330,1,199,-198
107900331,178,20,158
107900332,237,21,216
107900333,40,17,23
107900334,5,94,-89
107900335,42,31,11
107900336,29,52,-23
107900337,580,660,-80
107900338,2,106,-104
107900339,1,11,-10
107900340,0,43,-43
107900341,43,0,43
107900342,117,60,57
107900343,39,5,34
107900344,12,49,-37
107900345,88,31,57
107900346,19,1,18
107900347,17,7,10
107900348,0,2,-2
107900349,12,1,11
107900350,27,162,-135
107900351,4,131,-127
107900352,1,20,-19
107900353,5,10,-5
107900354,8,33,-25
108000001,2797,3085,-288
108000002,1756,1860,-104
108000003,2631,2873,-242
108000004,9196,10186,-990
108000005,6636,5685,951
108000006,6243,5511,732
108000007,4362,3677,685
108000008,3541,4231,-690
108000009,3124,3835,-711
108000010,2518,3227,-709
108000011,9843,9323,520
108000012,11552,10367,1185
108000014,695,662,33
108000015,777,211,566
108000016,240,658,-418
108000017,972,313,659
108000018,1568,529,1039
108000019,1318,718,600
108000020,1152,452,700
108000021,268,1336,-1068
108000022,285,927,-642
108000023,1053,154,899
108000024,253,320,-67
108000025,289,223,66
108000026,838,316,522
108000027,684,398,286
108000028,708,192,516
108000029,535,526,9
108000030,429,162,267
108000031,154,394,-240
108000032,1558,549,1009
108000033,594,732,-138
108000034,1466,383,1083
108000035,498,1403,-905
108000036,301,703,-402
108000037,1531,352,1179
108000038,2392,459,1933
108000039,402,1307,-905
108000040,1437,794,643
108000041,497,1515,-1018
108000042,245,149,96
108000043,235,180,55
108000044,541,128,413
108000045,290,293,-3
108000046,1256,235,1021
108000047,308,622,-314
108000048,117,221,-104
108000049,727,238,489
108000050,118,390,-272
108000051,351,90,261
108000052,134,436,-302
108000053,393,150,243
108000054,357,690,-333
108000055,888,465,423
108000056,849,883,-34
108000057,480,1105,-625
108000058,1777,3271,-1494
108000059,2466,1513,953
108000060,160,609,-449
108000061,256,358,-102
108000062,659,523,136
108000063,388,317,71
108000064,214,169,45
108000065,514,365,149
108000066,1148,667,481
108000067,1641,559,1082
108000068,701,345,356
108000069,227,610,-383
108000070,1697,656,1041
108000071,562,995,-433
108000072,1528,890,638
108000073,1062,1165,-103
108000074,486,349,137
108000075,258,544,-286
108000076,724,489,235
108000077,560,436,124
108000078,1881,983,898
108000079,624,927,-303
108000080,1114,397,717
108000081,421,954,-533
108000082,663,1220,-557
108000083,1519,743,776
108000084,361,758,-397
108000085,651,361,290
108000086,679,423,256
108000087,113,1743,-1630
108000088,549,248,301
108000089,311,234,77
108000091,276,333,-57
108000092,184,76,108
108000093,211,358,-147
108000094,542,69,473
108000095,114,251,-137
108000096,315,146,169
108000097,130,255,-125
108000098,1552,921,631
108000099,995,253,742
108000100,149,382,-233
108000101,1026,1137,-111
108000102,1509,3047,-1538
108000106,1019,2,1017
108000107,4,562,-558
108000108,634,37,597
108000109,6,568,-562
108000110,199,243,-44
108000111,147,461,-314
108000112,40,116,-76
108000113,341,164,177
108000115,255,163,92
108000117,499,268,231
108000118,413,1674,-1261
108000119,530,293,237
108000120,128,650,-522
108000121,178,340,-162
108000122,480,285,195
108000123,517,144,373
108000124,240,366,-126
108000125,311,178,133
108000126,128,248,-120
108000127,527,196,331
108000128,496,327,169
108000129,279,687,-408
108000130,402,173,229
108000131,806,457,349
108000132,1335,902,433
108000133,863,436,427
108000134,470,365,105
108000135,970,332,638
108000136,241,576,-335
108000137,470,202,268
108000138,349,672,-323
108000139,447,230,217
108000140,99,20,79
108000141,21,47,-26
108000142,39,65,-26
108000143,27,244,-217
108000144,403,33,370
108000145,40,11,29
108000146,679,46,633
108000147,38,25,13
108000148,558,45,513
108000149,18,16,2
108000150,36,13,23
108000151,91,39,52
108000152,130,281,-151
108000153,523,115,408
108000154,58,7,51
108000155,44,22,22
108000156,582,272,310
108000157,78,901,-823
108000158,82,741,-659
108000159,398,240,158
108000160,1968,971,997
108000161,1414,2054,-640
108000165,4,127,-123
108000172,10,265,-255
108000173,1060,1593,-533
108000175,530,93,437
108000178,344,218,126
108000179,171,665,-494
108000181,56,29,27
108000182,221,68,153
108000183,33,247,-214
108000184,654,1866,-1212
108000185,130,264,-134
108000186,352,292,60
108000187,76,264,-188
108000188,574,127,447
108000189,1204,6730,-5526
108000190,34,103,-69
108000192,170,369,-199
108000193,443,11,432
108000194,36,8,28
108000195,0,614,-614
108000196,122,141,-19
108000198,728,218,510
108000199,0,185,-185
108000200,338,218,120
108000203,107,366,-259
108000204,137,65,72
108000205,150,226,-76
108000339,841,329,512
108000364,237,483,-246
108000365,67,240,-173
108000367,137,233,-96
108000368,8,42,-34
108000369,777,223,554
108000371,10,550,-540
108000372,768,8,760
108000373,211,149,62
108000376,110,32,78
108000377,389,185,204
108000378,7320,8464,-1144
108000379,12,144,-132
108000381,54,5,49
108000382,173,2,171
108000383,2,170,-168
108900001,37,726,-689
108900002,124,31,93
108900003,189,443,-254
108900004,170,374,-204
108900007,242,161,81
108900008,90,94,-4
108900009,81,138,-57
108900010,283,121,162
108900011,592,252,340
108900012,318,281,37
108900013,174,208,-34
108900014,12,112,-100
108900015,10,72,-62
108900016,0,147,-147
108900017,186,341,-155
108900018,124,246,-122
108900019,45,390,-345
108900020,47,134,-87
108900021,127,159,-32
108900022,53,0,53
108900023,50,33,17
108900024,24,64,-40
108900025,111,69,42
108900026,23,90,-67
108900027,1,39,-38
108900028,70,242,-172
108900029,47,148,-101
108900030,0,57,-57
108900031,113,236,-123
108900032,5,122,-117
108900033,0,59,-59
108900034,1,123,-122
108900035,236,679,-443
108900038,0,157,-157
108900039,1,207,-206
108900040,9,104,-95
108900041,3572,2772,800
108900042,3,254,-251
108900043,56,282,-226
108900044,2,259,-257
108900045,53,306,-253
108900046,39,400,-361
108900047,41,132,-91
108900048,80,515,-435
108900049,1671,922,749
108900050,1,148,-147
108900051,1,97,-96
108900052,32,126,-94
108900053,38,128,-90
108900054,63,134,-71
108900055,25,217,-192
108900056,1,92,-91
108900057,0,111,-111
108900058,59,190,-131
108900059,356,39,317
108900060,75,134,-59
108900061,69,17,52
108900062,3,166,-163
108900063,17,171,-154
108900064,179,42,137
108900065,9,151,-142
108900066,330,95,235
108900067,5,93,-88
108900068,2,68,-66
108900069,42,58,-16
108900070,26,72,-46
108900071,90,55,35
108900072,1013,376,637
108900073,38,188,-150
108900074,183,186,-3
108900075,33,43,-10
108900076,317,70,247
108900077,80,230,-150
108900078,26,84,-58
108900079,514,111,403
108900080,14,545,-531
108900081,51,175,-124
108900082,85,85,0
108900083,9,213,-204
108900085,1153,88,1065
108900086,133,143,-10
108900087,82,117,-35
108900088,812,296,516
108900089,8,86,-78
108900090,33,145,-112
108900091,96,44,52
108900092,420,257,163
108900093,91,84,7
108900094,215,67,148
108900095,21,161,-140
108900096,244,20,224
108900097,285,162,123
108900098,1254,516,738
108900099,429,167,262
108900100,54,90,-36
108900101,144,144,0
108900102,55,811,-756
108900103,63,115,-52
108900105,8,989,-981
108900106,502,186,316
108900108,197,48,149
108900109,353,52,301
108900110,182,184,-2
108900111,393,316,77
108900113,25,48,-23
108900114,66,7,59
108900115,43,48,-5
108900116,36,17,19
108900117,153,16,137
108900118,550,16,534
108900119,268,19,249
108900120,226,142,84
108900121,252,83,169
108900122,113,17,96
108900123,136,101,35
108900124,418,196,222
108900125,385,5,380
108900126,117,18,99
108900127,114,14,100
108900128,121,31,90
108900129,717,135,582
108900130,288,1,287
108900131,374,5,369
108900132,391,48,343
108900133,202,32,170
108900134,470,153,317
108900135,103,9,94
108900136,31,0,31
108900137,143,6,137
108900138,675,47,628
108900140,357,146,211
108900141,311,21,290
108900142,91,5,86
108900143,77,1,76
108900144,88,0,88
108900145,201,14,187
108900146,69,1,68
108900147,206,2,204
108900148,53,12,41
108900150,217,2,215
108900151,99,2,97
108900152,108,2,106
108900153,190,183,7
108900154,3601,261,3340
108900156,79,9,70
108900157,16,326,-310
108900158,273,17,256
108900159,3,106,-103
108900160,5,162,-157
108900161,2,242,-240
108900162,128,1,127
108900163,2,243,-241
108900164,56,59,-3
108900168,4452,1889,2563
108900169,62,76,-14
108900171,3441,2259,1182
108900172,123,34,89
108900173,112,183,-71
108900174,725,474,251
108900176,80,274,-194
108900177,2932,4062,-1130
108900178,2199,2644,-445
108900180,91,250,-159
108900183,158,182,-24
108900184,556,182,374
108900185,91,298,-207
108900186,73,292,-219
108900189,339,92,247
108900190,29,1534,-1505
108900192,66,119,-53
108900195,80,158,-78
108900196,29,163,-134
108900199,229,277,-48
108900200,449,358,91
108900201,315,963,-648
108900203,340,66,274
108900204,276,15,261
108900205,116,21,95
108900206,347,51,296
108900207,175,67,108
108900208,7,227,-220
108900209,176,334,-158
108900210,97,136,-39
108900211,137,478,-341
108900212,406,1089,-683
108900215,58,334,-276
108900216,379,175,204
108900217,86,0,86
108900218,72,22,50
108900221,38,134,-96
108900224,29,110,-81
108900225,1,127,-126
108900227,98,236,-138
108900230,133,169,-36
108900232,2,141,-139
108900233,275,73,202
108900234,302,102,200
108900235,149,296,-147
108900236,37,154,-117
108900240,77,68,9
108900241,20,28,-8
108900245,4,891,-887
108900250,173,59,114
108900258,11,111,-100
108900259,41,52,-11
108900260,8,59,-51
108900261,94,78,16
108900262,99,81,18
108900263,28,103,-75
108900264,432,204,228
108900265,479,338,141
108900266,443,558,-115
108900267,5,107,-102
108900268,7,10,-3
108900269,89,11,78
108900270,46,3,43
108900271,48,27,21
108900272,199,14,185
108900273,530,571,-41
108900274,87,40,47
109000001,1936,1480,456
109000002,1131,1450,-319
109000003,2281,348,1933
109000004,451,1617,-1166
109000005,2141,596,1545
109000006,696,1625,-929
109000007,1267,479,788
109000008,408,1333,-925
109000009,2873,1154,1719
109000010,1182,2552,-1370
109000011,2962,1574,1388
109000012,1535,2231,-696
109000013,3004,2435,569
109000014,1422,2000,-578
109000015,3897,7751,-3854
109000016,4177,2318,1859
109000017,2208,1041,1167
109000018,780,2120,-1340
109000019,2332,1290,1042
109000020,838,1508,-670
109000023,198,19,179
109000024,9,164,-155
109000025,301,411,-110
109000026,530,271,259
109000027,100,280,-180
109000028,158,55,103
109000029,99,177,-78
109000030,72,413,-341
109000031,141,135,6
109000032,110,394,-284
109000033,247,159,88
109000034,49,40,9
109000035,15,34,-19
109000036,34,237,-203
109000037,190,1327,-1137
109000038,353,283,70
109000039,710,547,163
109000040,1750,5012,-3262
109000041,1736,1522,214
109000042,383,840,-457
109000044,364,154,210
109000045,239,282,-43
109000046,273,77,196
109000047,112,287,-175
109000048,884,409,475
109000049,277,384,-107
109000050,376,414,-38
109000051,208,176,32
109000052,455,522,-67
109000053,1250,244,1006
109000054,79,258,-179
109000055,166,183,-17
109000056,289,243,46
109000057,556,444,112
109000058,1365,235,1130
109000059,607,1375,-768
109000060,619,334,285
109000061,633,802,-169
109000062,85,277,-192
109000063,163,125,38
109000064,245,97,148
109000065,82,157,-75
109000066,315,45,270
109000067,27,199,-172
109000068,1971,14,1957
109000069,646,19,627
109000070,8,1397,-1389
109000071,370,59,311
109000072,109,472,-363
109000073,61,60,1
109000074,35,115,-80
109000075,62,250,-188
109000076,193,269,-76
109000077,310,233,77
109000078,114,156,-42
109000079,180,135,45
109000080,235,80,155
109000081,196,313,-117
109000082,687,163,524
109000083,331,447,-116
109000088,95,284,-189
109000089,212,32,180
109000090,117,287,-170
109000091,256,185,71
109000092,260,378,-118
109000093,201,133,68
109000094,457,4,453
109000095,68,286,-218
109000096,521,250,271
109000097,110,125,-15
109000098,70,142,-72
109000099,881,201,680
109000100,200,390,-190
109000101,1278,424,854
109000102,290,547,-257
109000103,766,478,288
109000104,1514,426,1088
109000105,334,784,-450
109000106,1512,620,892
109000107,440,1156,-716
109000108,1574,501,1073
109000109,377,1161,-784
109000110,1070,472,598
109000111,632,1253,-621
109000112,231,96,135
109000113,272,112,160
109000114,114,211,-97
109000115,977,79,898
109000116,24,559,-535
109000117,222,54,168
109000118,9,252,-243
109000119,1225,178,1047
109000120,181,444,-263
109000121,732,85,647
109000122,118,480,-362
109000123,57,141,-84
109000124,636,271,365
109000125,645,284,361
109000126,452,514,-62
109000127,1736,254,1482
109000128,462,812,-350
109000129,1851,664,1187
109000130,789,1339,-550
109000131,1381,971,410
109000132,883,1829,-946
109000133,280,789,-509
109000134,572,873,-301
109000135,860,1100,-240
109000136,243,221,22
109000137,256,301,-45
109000138,367,180,187
109000139,410,324,86
109000140,188,472,-284
109000141,781,382,399
109000142,134,349,-215
109000143,68,67,1
109000145,111,280,-169
109000146,91,62,29
109000148,1987,1081,906
109000149,14,59,-45
109000150,101,207,-106
109000155,660,523,137
109000156,847,497,350
109000158,47,185,-138
109000159,71,331,-260
109000160,907,129,778
109000161,307,649,-342
109000162,1617,477,1140
109000163,837,1097,-260
109000164,1205,1778,-573
109000165,1083,350,733
109000166,778,95,683
109000167,104,355,-251
109000170,45,22,23
109000171,42,37,5
109000172,39,41,-2
109000173,20,78,-58
109000174,76,39,37
109000175,143,209,-66
109000176,245,178,67
109000177,28,61,-33
109000178,637,241,396
109000179,2841,3466,-625
109000180,3140,2411,729
109000181,18,15,3
109000182,28,13,15
109000183,36,13,23
109000184,25,8,17
109000185,28,16,12
109000188,365,1050,-685
109000189,1809,637,1172
109000190,478,356,122
109000191,292,292,0
109000192,390,133,257
109000193,166,145,21
109000194,252,93,159
109000195,104,200,-96
109000196,300,87,213
109000197,162,244,-82
109000198,304,35,269
109000199,100,278,-178
109000206,196,37,159
109000207,119,31,88
109000208,55,63,-8
109000209,72,79,-7
109000210,122,353,-231
109000211,477,340,137
109000214,488,444,44
109000215,135,44,91
109000216,282,264,18
109000217,118,61,57
109000218,258,131,127
109000221,469,778,-309
109000222,791,287,504
109000223,247,234,13
109000224,50,88,-38
109000225,62,21,41
109000226,42,144,-102
109000227,854,565,289
109000228,2,1279,-1277
109000231,2,139,-137
109000232,343,208,135
109000236,207,546,-339
109000241,1853,1461,392
109000242,1610,1020,590
109000293,59,125,-66
109000361,115,145,-30
109000364,128,271,-143
109000396,1,291,-290
109000397,483,10,473
109000399,116,273,-157
109000400,87,167,-80
109000403,94,1145,-1051
109000406,280,4,276
109000407,205,141,64
109000408,1,289,-288
109000410,958,249,709
109000411,208,24,184
109000412,1,67,-66
109900001,86,0,86
109900002,543,23,520
109900003,280,1,279
109900005,30,6,24
109900006,209,105,104
109900007,781,311,470
109900008,0,18,-18
109900009,88,286,-198
109900010,588,14,574
109900011,84,28,56
109900012,210,106,104
109900013,299,89,210
109900014,307,40,267
109900015,231,92,139
109900016,138,20,118
109900017,119,151,-32
109900018,138,42,96
109900019,178,35,143
109900020,41,30,11
109900021,73,12,61
109900022,177,116,61
109900023,16,1,15
109900024,19,3,16
109900025,8,6,2
109900027,43,31,12
109900028,697,963,-266
109900029,0,144,-144
109900030,29,6,23
109900031,1,99,-98
109900032,13,199,-186
109900033,3,307,-304
109900034,50,5,45
109900035,40,23,17
109900036,8,34,-26
109900037,29,308,-279
109900038,114,157,-43
109900039,13,0,13
109900040,29,334,-305
109900041,40,206,-166
109900042,12,310,-298
109900044,68,209,-141
109900045,141,78,63
109900046,132,69,63
109900047,187,228,-41
109900048,43,70,-27
109900049,9,18,-9
109900050,0,81,-81
109900051,0,32,-32
109900052,57,183,-126
109900053,1,155,-154
109900054,578,189,389
109900055,61,180,-119
109900056,30,159,-129
109900057,2,73,-71
109900058,0,76,-76
109900060,349,73,276
109900061,38,144,-106
109900062,0,107,-107
109900064,489,172,317
109900065,70,96,-26
109900066,209,483,-274
109900067,1,144,-143
109900068,76,3,73
109900069,1,22,-21
109900071,1,21,-20
109900072,11,98,-87
109900073,348,275,73
109900074,5,22,-17
109900075,17,13,4
109900076,41,171,-130
109900077,20,39,-19
109900078,64,175,-111
109900080,84,197,-113
109900081,25,178,-153
109900082,46,203,-157
109900083,23,39,-16
109900084,39,93,-54
109900085,162,296,-134
109900086,119,450,-331
109900087,106,312,-206
109900089,538,141,397
109900092,267,10,257
109900093,884,140,744
109900094,72,68,4
109900095,87,99,-12
109900096,30,4,26
109900097,75,1,74
109900098,366,26,340
109900099,151,0,151
109900100,28,0,28
109900101,433,9,424
109900102,391,21,370
109900103,24,27,-3
109900104,518,409,109
109900105,473,17,456
109900106,279,47,232
109900107,465,67,398
109900108,77,204,-127
109900109,44,109,-65
109900111,152,409,-257
109900114,460,1012,-552
109900115,145,60,85
109900117,804,107,697
109900121,306,388,-82
109900123,24,89,-65
109900125,0,98,-98
109900126,296,80,216
109900130,3486,1495,1991
109900131,72,79,-7
109900132,25,93,-68
109900134,36,60,-24
109900135,276,71,205
109900137,72,177,-105
109900140,155,100,55
109900149,21,53,-32
109900150,3,62,-59
109900151,2,36,-34
109900152,0,27,-27
109900153,0,51,-51
109900154,38,0,38
109900155,55,16,39
109900157,38,189,-151
109900159,81,13,68
109900161,194,62,132
109900162,142,74,68
109900163,448,169,279
109900164,56,208,-152
109900165,150,8,142
109900166,0,82,-82
109900167,133,226,-93
109900168,166,413,-247
109900169,193,133,60
109900170,166,682,-516
109900171,121,57,64
109900172,142,162,-20
109900173,1699,1872,-173
109900174,26,61,-35
109900175,41,59,-18
109900176,71,100,-29
109900177,35,123,-88
109900178,7,85,-78
109900179,14,5,9
109900180,6,23,-17
110000001,919,454,465
110000002,527,579,-52
110000003,634,590,44
110000004,405,524,-119
110000005,313,1185,-872
110000006,222,262,-40
110000007,69,78,-9
110000008,12,56,-44
110000009,69,22,47
110000010,42,50,-8
110000011,44,41,3
110000012,440,254,186
110000013,40,398,-358
110000014,490,349,141
110000015,208,420,-212
110000016,154,1094,-940
110000017,1462,187,1275
110000018,1525,277,1248
110000019,6,92,-86
110000020,453,244,209
110000021,341,295,46
110000022,513,70,443
110000023,8,147,-139
110000024,487,331,156
110000025,298,2,296
110000026,16,196,-180
110000027,432,900,-468
110000028,736,509,227
110000029,461,581,-120
110000030,237,240,-3
110000031,268,312,-44
110000032,617,313,304
110000033,227,82,145
110000034,306,457,-151
110000035,691,354,337
110000036,601,371,230
110000037,176,241,-65
110000038,160,408,-248
110000039,537,2224,-1687
110000040,192,227,-35
110000041,267,1121,-854
110000042,90,217,-127
110000043,580,222,358
110000044,59,191,-132
110000045,498,79,419
110000046,5,26,-21
110000047,134,17,117
110000048,10,31,-21
110000049,43,8,35
110000050,6,46,-40
110000051,33,8,25
110000052,23,25,-2
110000053,33,7,26
110000054,57,188,-131
110000055,98,17,81
110000056,139,38,101
110000057,339,435,-96
110000058,893,317,576
110000059,871,454,417
110000060,810,738,72
110000061,657,543,114
110000062,505,679,-174
110000063,47,96,-49
110000064,85,35,50
110000065,58,74,-16
110000066,53,36,17
110000067,73,94,-21
110000068,266,86,180
110000069,224,57,167
110000071,168,84,84
110000073,12,9,3
110000075,11,60,-49
110000076,203,183,20
110000077,262,476,-214
110000078,22,25,-3
110000080,278,453,-175
110000081,56,224,-168
110000082,55,250,-195
110000083,175,530,-355
110000084,1100,744,356
110000085,1246,1258,-12
110000086,998,1942,-944
110000087,16,64,-48
110000088,69,185,-116
110000089,270,113,157
110000090,123,155,-32
110000091,698,205,493
110000092,25,71,-46
110000093,44,13,31
110000094,376,156,220
110000095,176,399,-223
110000096,1289,1482,-193
110000097,1009,1051,-42
110000098,1692,504,1188
110000099,618,1145,-527
110000100,813,326,487
110000101,23,187,-164
110000102,84,21,63
110000104,271,103,168
110000105,61,191,-130
110000106,617,440,177
110000107,253,284,-31
110000108,142,100,42
110000109,165,179,-14
110000110,1840,3015,-1175
110000111,4033,2398,1635
110000112,867,1134,-267
110000113,255,1858,-1603
110000114,170,422,-252
110000115,316,172,144
110000116,37,42,-5
110000117,201,203,-2
110000118,316,82,234
110000119,226,219,7
110000120,237,102,135
110000121,59,234,-175
110000122,313,299,14
110000123,457,288,169
110000124,3,533,-530
110000125,890,5,885
110000126,234,25,209
110000127,1056,58,998
110000128,23,650,-627
110000129,9,446,-437
110000130,330,162,168
110000131,86,312,-226
110000132,2,468,-466
110000133,15,335,-320
110000134,11,319,-308
110000135,135,17,118
110000136,55,210,-155
110000137,456,348,108
110000138,659,438,221
110000139,747,694,53
110000140,908,605,303
110000143,541,286,255
110000144,3965,1551,2414
110000145,1411,1091,320
110000146,1013,534,479
110000147,334,399,-65
110000148,365,135,230
110000151,645,1009,-364
110000152,693,401,292
110000153,92,14,78
110000154,11,21,-10
110000155,989,3422,-2433
110000156,762,1965,-1203
110000157,928,1946,-1018
110000160,360,221,139
110000161,228,221,7
110000166,505,79,426
110000167,794,489,305
110000168,780,483,297
110000169,835,326,509
110000170,93,41,52
110000171,496,146,350
110000172,149,530,-381
110000173,819,715,104
110000174,144,622,-478
110000175,577,67,510
110000176,92,274,-182
110000177,161,748,-587
110000178,323,1128,-805
110000179,791,270,521
110000180,185,139,46
110000181,392,234,158
110000182,223,85,138
110000183,4734,4788,-54
110000184,238,1656,-1418
110000185,485,519,-34
110000186,556,483,73
110000191,1035,203,832
110000192,503,9,494
110000193,912,5,907
110000194,15,630,-615
110000195,477,165,312
110000196,334,224,110
110000197,110,60,50
110000198,82,27,55
110000199,61,103,-42
110000200,708,342,366
110000201,589,709,-120
110000202,1094,507,587
110000203,444,461,-17
110000204,8,130,-122
110000205,93,61,32
110000206,399,666,-267
110000207,821,335,486
110000208,152,160,-8
110000209,108,423,-315
110000210,1071,344,727
110000211,586,475,111
110000212,364,810,-446
110000213,214,55,159
110000214,253,84,169
110000215,206,176,30
110000216,83,142,-59
110000217,327,124,203
110000218,180,145,35
110000219,267,46,221
110000220,74,140,-66
110000221,325,52,273
110000222,69,132,-63
110000223,5,114,-109
110000224,43,3,40
110000225,185,499,-314
110000226,232,41,191
110000227,505,535,-30
110000228,212,122,90
110000229,0,178,-178
110000230,369,491,-122
110000231,132,139,-7
110000232,217,175,42
110000233,194,204,-10
110000234,389,448,-59
110000235,727,750,-23
110000236,484,423,61
110000237,1721,834,887
110000238,809,1036,-227
110000239,1596,844,752
110000240,1,59,-58
110000242,0,10,-10
110000243,126,89,37
110000244,81,195,-114
110000245,36,213,-177
110000246,655,410,245
110000247,946,4070,-3124
110000248,1751,1340,411
110000249,71,9,62
110000250,17,136,-119
110000251,257,345,-88
110000252,150,152,-2
110000253,1143,569,574
110000254,523,929,-406
110000255,173,669,-496
110000256,341,195,146
110000257,541,324,217
110000258,6,278,-272
110000259,112,7,105
110000260,25,160,-135
110000263,437,64,373
110000264,249,308,-59
110000265,787,1265,-478
110000266,1121,1959,-838
110000267,37,97,-60
110000268,211,254,-43
110000269,2,43,-41
110000270,52,2,50
110000271,862,181,681
110000272,963,894,69
110000273,2118,1023,1095
110000274,141,1148,-1007
110000275,1246,373,873
110000276,220,210,10
110000277,270,235,35
110000278,235,569,-334
110000279,652,558,94
110000280,409,285,124
110000281,51,231,-180
110000282,188,13,175
110000283,43,76,-33
110000284,43,40,3
110000285,1,358,-357
110000286,12,0,12
110000287,60,0,60
110000288,3,53,-50
110000289,347,1619,-1272
110000290,623,464,159
110000291,3496,1063,2433
110000292,1065,3478,-2413
110000293,450,495,-45
110000294,897,818,79
110000295,125,550,-425
110000296,375,223,152
110000297,2034,306,1728
110000298,172,429,-257
110000299,250,65,185
110000301,201,27,174
110000302,408,534,-126
110000303,224,7,217
110000304,166,162,4
110000305,1001,16,985
110000306,166,791,-625
110000307,1328,6,1322
110000308,403,4,399
110000309,8,514,-506
110000310,569,42,527
110000311,11,434,-423
110000312,374,74,300
110000313,1940,3085,-1145
110000314,0,148,-148
110000315,2066,2032,34
110000316,420,1086,-666
110000317,203,412,-209
110000318,4,43,-39
110000319,3,20,-17
110000320,30,28,2
110000321,8,40,-32
110000322,245,247,-2
110000323,353,138,215
110000324,2279,1411,868
110000325,1573,2251,-678
110000327,282,174,108
110000328,116,228,-112
110000333,634,594,40
110000334,618,933,-315
110000335,570,302,268
110000336,607,581,26
110000337,1098,399,699
110000338,456,162,294
110000339,264,170,94
110000340,11,106,-95
110000341,427,346,81
110000342,186,3,183
110000343,0,10,-10
110000344,52,85,-33
110000345,82,89,-7
110000346,1466,1423,43
110000347,953,531,422
110000348,15,23,-8
110000349,15,9,6
110000350,45,5,40
110000351,799,514,285
110000352,700,1137,-437
110000353,1761,452,1309
110000354,1079,2260,-1181
110000355,50,55,-5
110000356,415,4,411
110000357,307,23,284
110000361,6,39,-33
110000362,69,8,61
110000363,394,86,308
110000364,229,232,-3
110000365,91,0,91
110000366,0,80,-80
110000367,276,125,151
110000368,4,46,-42
110000369,28,0,28
110000373,1,161,-160
110000374,63,14,49
110000375,85,563,-478
110000376,37,82,-45
110000377,59,349,-290
110000378,26,246,-220
110000379,1673,1431,242
110000380,38,8,30
110000383,3,1101,-1098
110000384,1592,1042,550
110000385,0,165,-165
110000387,50,6,44
110000388,43,177,-134
110000389,749,2,747
110000391,510,201,309
110000396,153,111,42
110000397,117,78,39
110000398,5,21,-16
110000399,96,6,90
110000587,65,49,16
110000589,197,149,48
110000640,176,42,134
110000652,5,145,-140
110000653,321,276,45
110000654,100,547,-447
110000656,2,315,-313
110000674,8,10,-2
110000675,6,12,-6
110000676,1,12,-11
110000679,302,1045,-743
110000682,105,120,-15
110000683,247,390,-143
110000684,0,26,-26
110000685,5,11,-6
110000686,3,15,-12
110000687,20,0,20
110000688,50,690,-640
110000689,32,47,-15
110000692,34,87,-53
110000693,52,249,-197
110000694,0,117,-117
110000695,140,356,-216
110000696,59,49,10
110000698,42,620,-578
110000699,120,298,-178
110900001,217,11,206
110900002,180,141,39
110900003,675,353,322
110900004,429,114,315
110900005,1503,1808,-305
110900006,69,12,57
110900007,96,25,71
110900008,10,44,-34
110900009,326,106,220
110900010,13,45,-32
110900011,17,40,-23
110900012,9,47,-38
110900013,820,82,738
110900014,222,9,213
110900015,366,514,-148
110900016,56,96,-40
110900017,326,26,300
110900018,300,23,277
110900019,214,10,204
110900020,90,207,-117
110900021,62,306,-244
110900022,86,195,-109
110900023,26,260,-234
110900024,46,203,-157
110900025,11,33,-22
110900027,45,155,-110
110900028,19,76,-57
110900029,8,192,-184
110900030,26,113,-87
110900031,0,119,-119
110900032,0,44,-44
110900033,25,140,-115
110900035,17,328,-311
110900036,85,19,66
110900037,53,5,48
110900038,437,130,307
110900039,11,155,-144
110900040,157,16,141
110900041,16,59,-43
110900042,108,32,76
110900043,2,57,-55
110900044,135,12,123
110900045,28,209,-181
110900046,20,134,-114
110900047,234,233,1
110900049,42,83,-41
110900050,14,8,6
110900052,26,123,-97
110900053,64,14,50
110900054,24,116,-92
110900055,18,0,18
110900056,50,63,-13
110900057,5,124,-119
110900058,220,118,102
110900059,450,302,148
110900060,345,110,235
110900061,16,28,-12
110900062,133,115,18
110900063,36,50,-14
110900064,4,0,4
110900065,277,115,162
110900066,12,30,-18
110900067,152,346,-194
110900068,155,133,22
110900069,4,12,-8
110900070,116,38,78
110900071,152,379,-227
110900073,2,8,-6
110900074,284,80,204
110900075,276,59,217
110900077,672,492,180
110900078,31,47,-16
110900079,1654,1103,551
110900080,119,67,52
110900081,10,24,-14
110900082,125,58,67
110900083,73,34,39
110900084,54,57,-3
110900085,19,147,-128
110900086,47,276,-229
110900087,221,36,185
110900088,8,1,7
110900090,32,35,-3
110900091,5,25,-20
110900093,136,83,53
110900095,30,14,16
110900097,10,11,-1
110900098,37,51,-14
110900099,23,179,-156
110900100,1,15,-14
110900102,32,14,18
110900105,317,130,187
110900108,10,15,-5
110900111,173,58,115
110900112,770,8,762
110900113,350,31,319
110900115,3,49,-46
110900116,563,947,-384
110900118,86,2390,-2304
110900119,2214,191,2023
110900120,9,63,-54
110900121,122,0,122
110900122,394,164,230
110900125,319,337,-18
110900127,384,1134,-750
110900128,298,434,-136
110900129,229,742,-513
110900130,673,491,182
110900131,186,24,162
110900132,269,29,240
110900133,38,112,-74
110900135,47,193,-146
110900136,311,9,302
110900139,4,0,4
110900140,0,0,0
110900141,117,103,14
110900142,56,93,-37
110900143,105,42,63
110900144,1,433,-432
110900145,126,38,88
110900146,238,184,54
110900147,105,217,-112
110900148,1,207,-206
110900149,0,34,-34
110900150,18,17,1
110900151,1,45,-44
110900152,51,137,-86
110900153,114,46,68
111000001,521,536,-15
111000002,650,427,223
111000003,1316,516,800
111000004,330,704,-374
111000005,1259,879,380
111000006,650,1306,-656
111000007,2974,2034,940
111000008,1311,2123,-812
111000009,423,627,-204
111000010,667,233,434
111000011,336,1255,-919
111000012,462,359,103
111000013,325,1020,-695
111000014,1019,432,587
111000017,84,640,-556
111000018,208,297,-89
111000020,561,1691,-1130
111000021,35,68,-33
111000023,65,81,-16
111000025,2739,2816,-77
111000029,39,108,-69
111000030,29,81,-52
111000031,1498,751,747
111000032,359,246,113
111000033,231,258,-27
111000034,102,276,-174
111000037,965,692,273
111000038,2505,1442,1063
111000039,1488,1331,157
111000040,1256,1465,-209
111000041,1309,1256,53
111000042,2005,1699,306
111000043,1463,2552,-1089
111000044,1613,1034,579
111000045,2040,2045,-5
111000046,1379,1565,-186
111000047,2054,3250,-1196
111000049,391,335,56
111000050,1061,1024,37
111000051,430,751,-321
111000052,453,1238,-785
111000053,242,578,-336
111000054,315,551,-236
111000055,797,1065,-268
111000056,170,294,-124
111000057,81,394,-313
111000058,393,64,329
111000059,405,214,191
111000060,3050,674,2376
111000061,466,230,236
111000062,608,243,365
111000063,1425,680,745
111000064,628,443,185
111000065,983,722,261
111000066,430,257,173
111000067,409,440,-31
111000068,558,861,-303
111000069,1199,1256,-57
111000070,892,616,276
111000071,176,329,-153
111000072,1106,422,684
111000073,253,853,-600
111000074,1246,1375,-129
111000075,881,575,306
111000076,489,415,74
111000077,1448,1414,34
111000078,2426,1354,1072
111000079,1048,542,506
111000080,490,514,-24
111000081,1226,2929,-1703
111000082,657,422,235
111000084,694,399,295
111000085,730,768,-38
111000086,1735,714,1021
111000087,578,461,117
111000088,3124,1598,1526
111000089,674,498,176
111000090,588,966,-378
111000091,635,352,283
111000092,1289,685,604
111000093,635,799,-164
111000094,1342,903,439
111000095,594,1907,-1313
111000096,1142,6079,-4937
111000097,2896,1184,1712
111000098,564,833,-269
111000099,471,1221,-750
111000100,324,943,-619
111000101,315,609,-294
111000102,250,363,-113
111000104,475,148,327
111000107,89,401,-312
111000109,417,165,252
111000110,1304,543,761
111000111,1972,348,1624
111000112,1592,517,1075
111000113,799,1153,-354
111000114,1928,2679,-751
111000115,3811,982,2829
111000116,679,665,14
111000117,338,652,-314
111000118,1018,541,477
111000119,918,726,192
111000120,416,431,-15
111000121,339,556,-217
111000122,464,651,-187
111000123,955,1543,-588
111000124,400,1439,-1039
111000125,271,819,-548
111000126,89,561,-472
111000127,860,108,752
111000128,1724,253,1471
111000129,2271,363,1908
111000130,1863,505,1358
111000131,1704,454,1250
111000132,1273,690,583
111000133,191,130,61
111000134,172,96,76
111000135,37,149,-112
111000136,337,279,58
111000138,15,5,10
111000140,0,4,-4
111000141,104,284,-180
111000142,15,119,-104
111000143,6,179,-173
111000144,20,577,-557
111000145,820,19,801
111000146,132,12,120
111000147,252,16,236
111000148,90,32,58
111000149,6,26,-20
111000150,27,8,19
111000151,2,25,-23
111000153,473,578,-105
111000154,652,201,451
111000155,102,146,-44
111000156,372,572,-200
111000157,219,816,-597
111000158,636,604,32
111000159,1812,692,1120
111000160,401,306,95
111000161,6,230,-224
111000162,85,81,4
111000163,670,539,131
111000164,403,2206,-1803
111000165,665,291,374
111000166,1478,241,1237
111000167,151,290,-139
111000168,153,301,-148
111000169,300,508,-208
111000170,391,362,29
111000171,365,384,-19
111000172,149,343,-194
111000173,430,582,-152
111000174,254,201,53
111000175,43,222,-179
111000176,253,75,178
111000177,329,171,158
111000178,1036,254,782
111000179,205,126,79
111000180,208,373,-165
111000181,1109,181,928
111000182,187,158,29
111000183,257,244,13
111000184,288,198,90
111000185,278,348,-70
111000186,227,225,2
111000187,119,160,-41
111000188,233,268,-35
111000189,711,404,307
111000190,172,233,-61
111000191,185,229,-44
111000192,173,376,-203
111000193,274,270,4
111000194,73,224,-151
111000195,123,185,-62
111000196,95,141,-46
111000197,424,95,329
111000198,520,108,412
111000199,217,111,106
111000200,370,280,90
111000201,532,181,351
111000202,275,146,129
111000203,352,232,120
111000204,496,1048,-552
111000213,177,362,-185
111000214,1215,901,314
111000215,1081,869,212
111000217,1146,663,483
111000218,954,794,160
111000219,467,209,258
111000220,879,351,528
111000221,500,65,435
111000224,65,249,-184
111000225,329,261,68
111000226,93,4,89
111000227,47,1,46
111000228,16,267,-251
111000229,43,674,-631
111000230,210,241,-31
111000231,942,514,428
111000232,439,551,-112
111000233,874,489,385
111000234,135,326,-191
111000239,83,96,-13
111000240,59,155,-96
111000241,29,171,-142
111000242,156,33,123
111000243,132,313,-181
111000244,464,46,418
111000245,880,252,628
111000246,550,209,341
111000247,274,521,-247
111000248,675,251,424
111000249,340,393,-53
111000250,40,45,-5
111000251,35,74,-39
111000253,14,7,7
111000255,51,3,48
111000257,33,11,22
111000260,40,704,-664
111000261,1124,106,1018
111000271,49,253,-204
111000273,2021,853,1168
111000274,1124,1714,-590
111000275,154,44,110
111000276,192,1109,-917
111000277,182,258,-76
111000278,481,116,365
111000291,809,4528,-3719
111000298,447,175,272
111000299,546,115,431
111000300,69,389,-320
111000302,305,82,223
111000303,56,127,-71
111000312,45,54,-9
111000315,9,96,-87
111000320,227,492,-265
111000321,311,110,201
111000322,268,307,-39
111000323,243,24,219
111000324,327,138,189
111000325,45,63,-18
111000326,201,222,-21
111000327,346,235,111
111000328,225,354,-129
111000329,1,41,-40
111000330,80,5,75
111000331,7,10,-3
111000332,404,945,-541
111000334,337,849,-512
111000335,866,172,694
111000337,1219,281,938
111000338,47,78,-31
111000339,490,194,296
111000340,87,313,-226
111000341,1201,547,654
111000342,161,726,-565
111000344,871,509,362
111000345,126,70,56
111000346,35,123,-88
111000347,132,2,130
111000350,196,90,106
111000351,89,299,-210
111000352,128,57,71
111000353,109,210,-101
111000354,401,103,298
111000355,265,412,-147
111000358,96,656,-560
111000360,184,346,-162
111000361,152,165,-13
111000546,609,354,255
111000547,313,261,52
111000548,107,238,-131
111000549,258,202,56
111000550,90,762,-672
111000551,543,145,398
111000552,856,130,726
111000907,424,42,382
111000908,21,2,19
111000916,1605,175,1430
111000917,29,342,-313
111000918,232,450,-218
111000920,452,20,432
111000921,20,133,-113
111000922,385,189,196
111000924,33,388,-355
111000925,2234,1512,722
111000926,859,1197,-338
111000927,2306,3195,-889
111000928,3256,2156,1100
111000929,1160,978,182
111000930,644,1403,-759
111000931,1784,2065,-281
111000932,2809,1505,1304
111000933,2897,1886,1011
111000934,1530,2175,-645
111000935,1413,711,702
111000936,875,1399,-524
111000937,870,1006,-136
111000938,1196,1038,158
111000939,401,28,373
111000940,363,116,247
111000941,258,232,26
111000943,400,195,205
111000944,152,251,-99
111000945,67,865,-798
111001109,364,334,30
111001110,150,359,-209
111001111,59,18,41
111001112,74,1,73
111001113,4,143,-139
111001114,428,138,290
111001115,58,498,-440
111001116,3154,2885,269
111001117,556,2246,-1690
111001120,142,165,-23
111001121,163,159,4
111001122,213,279,-66
111001123,268,73,195
111001124,128,118,10
111001125,3,163,-160
111001126,1,0,1
111001127,0,35,-35
111001128,571,411,160
111001129,2,176,-174
111900001,1,109,-108
111900002,1,307,-306
111900003,1,194,-193
111900004,21,45,-24
111900006,8,37,-29
111900007,73,2,71
111900008,145,1,144
111900009,112,0,112
111900010,209,254,-45
111900012,48,51,-3
111900013,4,8,-4
111900014,2722,3270,-548
111900015,1,43,-42
111900016,0,80,-80
111900017,0,50,-50
111900018,139,0,139
111900019,7,69,-62
111900020,2,36,-34
111900021,29,93,-64
111900022,8,50,-42
111900023,76,80,-4
111900024,257,105,152
111900025,0,12,-12
111900026,0,41,-41
111900027,2,60,-58
111900028,3,178,-175
111900029,2,36,-34
111900030,34,216,-182
111900032,0,201,-201
111900033,1,26,-25
111900034,206,239,-33
111900035,29,132,-103
111900036,0,153,-153
111900038,219,311,-92
111900039,25,215,-190
111900040,1,306,-305
111900042,29,86,-57
111900043,3,192,-189
111900044,220,117,103
111900046,33,78,-45
111900048,231,386,-155
111900049,17,131,-114
111900050,76,16,60
111900051,1,111,-110
111900052,262,236,26
111900053,592,1174,-582
111900054,129,4,125
111900055,10,177,-167
111900056,142,277,-135
111900057,149,53,96
111900058,436,336,100
111900059,937,420,517
111900060,200,4,196
111900061,10,101,-91
111900062,16,32,-16
111900063,173,138,35
111900064,63,107,-44
111900065,98,25,73
111900066,83,99,-16
111900067,1,168,-167
111900068,35,32,3
111900069,79,31,48
111900070,136,78,58
111900071,1,90,-89
111900072,71,9,62
111900073,729,155,574
111900074,8,77,-69
111900075,66,1,65
111900076,143,68,75
111900077,26,2,24
111900078,201,12,189
111900079,48,30,18
111900080,145,224,-79
111900082,178,37,141
111900083,127,20,107
111900084,78,1,77
111900085,34,100,-66
111900086,54,6,48
111900087,40,0,40
111900088,514,21,493
111900089,42,2,40
111900090,39,27,12
111900091,260,2,258
111900092,75,0,75
111900093,385,4,381
111900094,42,0,42
111900095,145,17,128
111900096,193,1,192
111900097,41,0,41
111900098,237,5,232
111900099,40,0,40
111900100,95,3,92
111900101,61,18,43
111900102,377,288,89
111900103,41,52,-11
111900104,69,32,37
111900105,203,147,56
111900106,406,37,369
111900110,880,309,571
111900111,59,1,58
111900112,241,2088,-1847
111900113,205,77,128
111900118,272,72,200
111900119,262,116,146
111900122,92,109,-17
111900123,16,31,-15
111900124,26,76,-50
111900125,435,22,413
111900126,190,2,188
111900127,0,477,-477
111900128,0,258,-258
111900129,236,8,228
111900130,120,15,105
111900131,382,2,380
111900132,20,520,-500
111900133,15,243,-228
111900134,7,136,-129
111900135,14,20,-6
111900136,52,156,-104
111900137,43,40,3
111900138,10,62,-52
111900139,11,87,-76
111900140,115,14,101
111900141,58,5,53
111900142,94,19,75
111900143,19,44,-25
111900144,0,45,-45
111900145,0,234,-234
111900146,0,128,-128
111900147,113,211,-98
111900148,21,341,-320
111900149,3,151,-148
111900150,12,68,-56
111900151,10,14,-4
111900152,70,60,10
111900153,811,508,303
111900154,12,248,-236
111900155,35,75,-40
111900156,32,51,-19
111900157,111,8,103
111900158,506,58,448
111900159,285,30,255
111900160,295,2,293
111900161,177,0,177
111900162,86,111,-25
111900163,7,145,-138
111900164,80,35,45
111901113,477,182,295
111901114,148,125,23
111901115,66,0,66
111901116,20,0,20
111901117,16,27,-11
111901118,41,172,-131
111901119,423,54,369
111901121,73,87,-14
111901122,3,207,-204
111901123,155,194,-39
111901124,175,4,171
111901125,334,168,166
111901127,255,284,-29
111901128,6,34,-28
111901129,1,55,-54
111901130,1,90,-89
111901131,0,204,-204
111901132,95,25,70
111901133,32,1,31
111901134,57,2,55
111901135,18,5,13
111901138,157,21,136
111901139,11,20,-9
111901140,6,48,-42
111901141,12,58,-46
111901142,17,55,-38
111901143,1,92,-91
111901144,30,34,-4
111901145,101,201,-100
111901146,254,13,241
111901147,261,14,247
111901148,9,40,-31
111901149,8,2,6
111901150,19,0,19
111901151,0,0,0
111901152,3,13,-10
112000001,1503,514,989
112000002,496,1305,-809
112000003,1301,826,475
112000004,515,525,-10
112000005,2627,3058,-431
112000006,1430,944,486
112000007,2799,1897,902
112000008,1914,3039,-1125
112000009,2299,1860,439
112000010,2270,3162,-892
112000011,1100,1099,1
112000012,2477,4068,-1591
112000013,2063,1913,150
112000014,1371,2705,-1334
112000015,1488,2635,-1147
112000016,1918,1466,452
112000017,761,2238,-1477
112000024,1432,495,937
112000026,1681,2538,-857
112000027,616,543,73
112000028,817,905,-88
112000029,395,647,-252
112000030,145,69,76
112000031,828,3666,-2838
112000032,168,25,143
112000033,1017,2226,-1209
112000034,89,40,49
112000035,34,307,-273
112000036,378,847,-469
112000037,550,716,-166
112000038,968,716,252
112000039,72,43,29
112000040,55,175,-120
112000041,369,322,47
112000042,766,292,474
112000050,1027,979,48
112000051,862,1169,-307
112000054,1003,1133,-130
112000057,292,317,-25
112000058,212,428,-216
112000059,303,508,-205
112000061,2116,1356,760
112000062,1105,750,355
112000063,676,1533,-857
112000064,2644,3833,-1189
112000065,1171,1752,-581
112000066,2967,1348,1619
112000067,602,527,75
112000068,2653,2338,315
112000069,478,1271,-793
112000070,1349,712,637
112000071,723,1703,-980
112000072,1963,673,1290
112000073,1039,1487,-448
112000074,1189,836,353
112000075,1219,1096,123
112000076,2242,1747,495
112000077,651,386,265
112000078,1552,463,1089
112000079,1194,929,265
112000080,594,496,98
112000081,1074,1536,-462
112000082,1131,633,498
112000083,556,845,-289
112000084,1214,693,521
112000085,1055,704,351
112000086,1477,875,602
112000087,460,522,-62
112000088,640,332,308
112000089,162,226,-64
112000090,134,192,-58
112000091,669,708,-39
112000092,1791,944,847
112000093,1622,677,945
112000094,617,660,-43
112000095,731,620,111
112000096,543,519,24
112000097,1166,558,608
112000098,492,518,-26
112000099,638,1358,-720
112000100,1712,658,1054
112000101,603,567,36
112000102,1222,527,695
112000103,387,602,-215
112000105,659,934,-275
112000106,1906,390,1516
112000107,86,127,-41
112000108,315,987,-672
112000109,152,66,86
112000110,1644,631,1013
112000111,573,1914,-1341
112000112,2310,483,1827
112000113,709,1150,-441
112000114,1782,725,1057
112000115,308,267,41
112000116,522,681,-159
112000117,1080,718,362
112000118,620,488,132
112000119,364,531,-167
112000120,78,216,-138
112000121,101,254,-153
112000122,228,104,124
112000123,714,129,585
112000124,377,77,300
112000125,263,169,94
112000126,245,282,-37
112000127,1469,1776,-307
112000128,431,498,-67
112000129,134,81,53
112000130,179,76,103
112000131,50,216,-166
112000132,131,188,-57
112000133,318,139,179
112000134,302,248,54
112000135,946,551,395
112000136,709,811,-102
112000137,1129,1240,-111
112000138,940,759,181
112000139,710,553,157
112000140,603,959,-356
112000141,779,290,489
112000142,140,364,-224
112000143,967,203,764
112000144,222,665,-443
112000145,2173,436,1737
112000146,459,1218,-759
112000147,2468,1511,957
112000148,1266,1359,-93
112000149,438,357,81
112000150,258,368,-110
112000151,393,218,175
112000152,318,212,106
112000153,167,162,5
112000154,106,136,-30
112000155,121,99,22
112000157,454,386,68
112000158,246,267,-21
112000159,393,236,157
112000167,265,96,169
112000169,185,276,-91
112000173,562,131,431
112000175,298,252,46
112000176,1559,1363,196
112000177,563,143,420
112000178,100,224,-124
112000179,232,65,167
112000180,204,257,-53
112000181,1104,1131,-27
112000182,1122,795,327
112000183,52,31,21
112000184,410,246,164
112000185,493,373,120
112000187,3052,1793,1259
112000195,76,8,68
112000196,86,0,86
112000197,103,79,24
112000198,24,170,-146
112000199,698,528,170
112000202,481,42,439
112000216,43,176,-133
112000230,76,4,72
112000231,3,119,-116
112000256,61,209,-148
112000313,46,87,-41
112000314,39,23,16
112000337,222,360,-138
112000352,228,314,-86
112000392,1013,892,121
112000398,1217,544,673
112000399,1023,1618,-595
112000400,1172,1629,-457
112000401,1664,1313,351
112000402,2290,3108,-818
112000403,947,2372,-1425
112000404,753,790,-37
112000405,1714,2434,-720
112000406,2138,1386,752
112000407,5931,6192,-261
112000408,5298,3730,1568
112000409,1192,2544,-1352
112000410,276,269,7
112000411,2098,975,1123
112000412,1009,354,655
112000413,4706,4728,-22
112000414,89,74,15
112000415,113,24,89
112000416,2492,1015,1477
112000417,280,59,221
112000421,68,80,-12
112000422,263,213,50
112000424,1356,2162,-806
112000425,307,532,-225
112000426,118,259,-141
112000427,1,8,-7
112000428,268,264,4
112000429,1469,1510,-41
112000430,1725,1795,-70
112000431,100,105,-5
112000432,528,762,-234
112000433,219,562,-343
112000437,62,123,-61
112900001,44,3,41
112900002,422,662,-240
112900003,68,194,-126
112900004,29,142,-113
112900005,138,139,-1
112900007,18,59,-41
112900008,3,22,-19
112900009,239,95,144
112900010,323,441,-118
112900011,153,132,21
112900012,7,32,-25
112900013,1,79,-78
112900014,7,113,-106
112900015,243,487,-244
112900016,20,119,-99
112900017,18,116,-98
112900018,313,505,-192
112900019,30,89,-59
112900020,224,731,-507
112900021,3,134,-131
112900022,7,42,-35
112900023,0,92,-92
112900024,22,117,-95
112900025,52,164,-112
112900026,4,117,-113
112900027,7,683,-676
112900028,10,149,-139
112900029,33,347,-314
112900030,59,69,-10
112900031,10,255,-245
112900032,157,176,-19
112900034,0,29,-29
112900035,7,249,-242
112900036,35,102,-67
112900037,93,228,-135
112900038,414,109,305
112900039,15,146,-131
112900040,0,170,-170
112900041,385,644,-259
112900042,30,178,-148
112900043,20,23,-3
112900044,365,261,104
112900045,181,155,26
112900046,105,42,63
112900047,10,7,3
112900049,171,61,110
112900050,28,266,-238
112900051,154,293,-139
112900052,8,485,-477
112900053,165,76,89
112900054,76,24,52
112900055,58,21,37
112900056,237,151,86
112900057,13,291,-278
112900058,248,315,-67
112900059,102,87,15
112900060,13,81,-68
112900061,63,74,-11
112900062,62,74,-12
112900063,94,11,83
112900064,113,166,-53
112900065,29,19,10
112900066,182,158,24
112900067,253,92,161
112900068,57,45,12
112900069,1056,621,435
112900071,7,2,5
112900072,79,1407,-1328
112900073,311,95,216
112900074,78,239,-161
112900075,687,737,-50
112900076,37,39,-2
112900078,257,346,-89
112900079,214,29,185
112900080,33,0,33
112900081,51,130,-79
112900082,440,36,404
112900083,90,74,16
112900084,185,116,69
112900086,37,2,35
112900087,490,53,437
112900088,80,17,63
112900089,631,14,617
112900090,56,14,42
112900091,201,8,193
112900092,89,310,-221
112900093,988,30,958
112900095,33,0,33
112900096,418,112,306
112900097,42,194,-152
112900098,71,0,71
112900099,721,7,714
112900100,61,0,61
112900101,369,3,366
112900102,82,7,75
112900103,168,10,158
112900104,557,7,550
112900105,5,1,4
112900106,319,92,227
112900107,3,0,3
112900108,9,1,8
112900109,105,2,103
112900110,1315,28,1287
112900111,710,4,706
112900112,321,2,319
112900113,0,16,-16
112900114,141,10,131
112900115,1188,4,1184
112900116,135,6,129
112900117,91,52,39
112900118,22,52,-30
112900119,140,4,136
112900120,489,204,285
112900121,65,135,-70
112900122,3,52,-49
112900123,75,7,68
112900124,6,55,-49
112900125,30,275,-245
112900126,123,158,-35
112900127,283,80,203
112900128,141,454,-313
112900129,0,447,-447
112900130,166,49,117
112900131,21,174,-153
112900132,56,280,-224
112900133,20,669,-649
112900134,0,135,-135
112900135,59,38,21
112900137,38,425,-387
112900138,2,146,-144
112900139,102,693,-591
112900141,548,32,516
112900142,53,150,-97
112900143,20,256,-236
112900144,9,490,-481
112900145,26,251,-225
112900146,5,612,-607
112900147,2,836,-834
112900148,52,0,52
112900149,105,319,-214
112900151,9,46,-37
112900152,2706,530,2176
112900153,1072,1792,-720
112900154,0,69,-69
112900155,119,8,111
112900156,333,701,-368
112900157,319,61,258
112900158,57,64,-7
112900159,146,96,50
112900160,53,220,-167
112900161,92,54,38
112900162,27,13,14
112900163,44,36,8
112900164,22,163,-141
112900165,89,12,77
112900166,14,46,-32
112900167,0,49,-49
112900168,2,5,-3
112900169,6,19,-13
112900170,80,62,18
112900172,28,12,16
112900173,150,73,77
112900174,182,36,146
112900175,106,103,3
112900176,7,33,-26
112900177,258,66,192
112900178,575,2086,-1511
112900179,37,260,-223
112900180,1378,1102,276
112900181,467,2,465
112900182,50,578,-528
112900183,86,173,-87
112900184,320,250,70
112900185,153,412,-259
112900186,795,798,-3
112900187,82,386,-304
112900188,371,551,-180
112900189,11,22,-11
112900190,11,32,-21
112900192,504,488,16
112900193,900,234,666
112900194,77,37,40
112900195,710,34,676
112900196,219,229,-10
112900197,105,221,-116
112900199,337,193,144
112900200,424,137,287
112900201,121,68,53
112900202,375,459,-84
112900203,228,153,75
112900204,652,450,202
112900205,4,20,-16
112900206,47,75,-28
112900207,11,0,11
112900208,101,301,-200
112900209,351,240,111
112900210,2,21,-19
112900211,50,2,48
112900212,2,63,-61
112900213,66,7,59
112900214,21,17,4
112900215,12,110,-98
112900216,21,54,-33
112900217,0,50,-50
112900218,75,3,72
112900219,78,7,71
112900220,0,0,0
112900221,4,58,-54
112900222,0,18,-18
112900223,749,20,729
112900224,326,307,19
112900225,379,209,170
112900226,128,161,-33
112900227,316,305,11
112900228,57,34,23
112900229,209,43,166
112900230,4354,2740,1614
112900232,141,217,-76
112900233,37,127,-90
112900234,14,53,-39
112900235,93,28,65
112900236,262,7,255
112900237,196,254,-58
112900238,7,17,-10
112900239,459,322,137
112900240,7,35,-28
112900241,14,65,-51
112900242,13,65,-52
112900243,10,85,-75
112900244,10,40,-30
112900245,1,25,-24
112900246,0,5,-5
112900247,87,28,59
112900248,9,0,9
112900249,22,1,21
112900250,53,13,40
112900251,58,11,47
112900252,82,21,61
112900253,36,6,30
112900254,10,7,3
112900255,1,35,-34
112900256,4,30,-26
112900257,8,30,-22
112900258,18,7,11
113000001,4218,2887,1331
113000002,2894,2383,511
113000003,1419,1062,357
113000004,1262,1626,-364
113000005,1325,656,669
113000006,711,843,-132
113000007,1382,908,474
113000008,1153,1198,-45
113000009,969,495,474
113000010,831,853,-22
113000011,661,967,-306
113000012,1327,465,862
113000013,880,604,276
113000014,1101,1064,37
113000015,231,117,114
113000016,248,474,-226
113000017,40,362,-322
113000018,293,34,259
113000019,163,340,-177
113000020,428,95,333
113000021,804,444,360
113000022,630,878,-248
113000025,128,268,-140
113000026,370,392,-22
113000027,414,584,-170
113000028,438,445,-7
113000029,528,616,-88
113000030,319,400,-81
113000031,255,236,19
113000032,178,226,-48
113000033,232,304,-72
113000034,218,239,-21
113000035,28,16,12
113000036,30,56,-26
113000037,46,19,27
113000038,10,30,-20
113000039,47,240,-193
113000040,74,87,-13
113000042,659,411,248
113000051,672,1771,-1099
113000052,1484,561,923
113000053,377,295,82
113000054,291,509,-218
113000055,1032,382,650
113000056,939,631,308
113000058,667,661,6
113000059,904,377,527
113000060,246,407,-161
113000061,356,578,-222
113000062,430,292,138
113000063,223,51,172
113000064,51,145,-94
113000065,162,506,-344
113000066,591,87,504
113000067,1918,826,1092
113000068,415,769,-354
113000069,451,659,-208
113000070,2023,722,1301
113000071,378,337,41
113000072,686,308,378
113000073,307,846,-539
113000074,758,291,467
113000075,1495,551,944
113000076,410,1642,-1232
113000077,740,569,171
113000078,443,1513,-1070
113000079,425,605,-180
113000080,496,514,-18
113000081,534,590,-56
113000082,712,564,148
113000083,423,804,-381
113000084,1132,872,260
113000085,716,688,28
113000086,786,950,-164
113000087,648,788,-140
113000088,1608,1001,607
113000089,775,1278,-503
113000090,182,395,-213
113000091,316,272,44
113000094,837,169,668
113000095,204,539,-335
113000096,96,536,-440
113000097,888,308,580
113000098,102,33,69
113000099,707,279,428
113000100,95,298,-203
113000101,269,416,-147
113000102,531,379,152
113000103,1582,302,1280
113000104,453,1622,-1169
113000105,636,290,346
113000106,260,268,-8
113000107,847,745,102
113000108,622,716,-94
113000109,466,1087,-621
113000110,1175,285,890
113000111,237,378,-141
113000112,328,265,63
113000113,877,322,555
113000114,191,874,-683
113000116,461,217,244
113000117,746,80,666
113000118,136,334,-198
113000119,304,193,111
113000120,58,179,-121
113000121,342,596,-254
113000124,201,109,92
113000125,40,659,-619
113000127,1620,202,1418
113000128,562,277,285
113000129,343,620,-277
113000133,1690,1096,594
113000134,2,801,-799
113000135,3375,3754,-379
113000137,1208,2633,-1425
113000139,225,172,53
113000140,79,155,-76
113000141,132,193,-61
113000142,330,667,-337
113000143,208,168,40
113000144,217,403,-186
113000145,48,83,-35
113000146,91,43,48
113000147,131,92,39
113000148,161,101,60
113000149,95,72,23
113000150,362,179,183
113000151,62,40,22
113000152,37,78,-41
113000153,1004,338,666
113000154,571,1220,-649
113000155,282,488,-206
113000156,135,263,-128
113000157,219,582,-363
113000158,508,200,308
113000159,807,635,172
113000160,589,718,-129
113000161,213,298,-85
113000162,706,263,443
113000163,88,63,25
113000164,34,61,-27
113000166,125,133,-8
113000167,38,68,-30
113000168,64,63,1
113000169,203,57,146
113000170,119,68,51
113000171,40,79,-39
113000172,328,43,285
113000173,77,15,62
113000174,122,343,-221
113000175,368,121,247
113000176,391,137,254
113000177,176,314,-138
113000178,142,225,-83
113000179,261,153,108
113000180,377,731,-354
113000181,945,631,314
113000182,113,296,-183
113000183,121,452,-331
113000184,13,76,-63
113000189,355,545,-190
113000190,423,285,138
113000192,773,2489,-1716
113000193,2032,1828,204
113000194,888,1042,-154
113000195,1067,1007,60
113000196,150,65,85
113000197,906,933,-27
113000198,74,268,-194
113000199,848,218,630
113000201,208,277,-69
113000202,3262,727,2535
113000203,98,144,-46
113000204,711,1949,-1238
113000205,13,19,-6
113000206,11,32,-21
113000207,54,18,36
113000208,36,26,10
113000209,14,18,-4
113000210,4,22,-18
113000211,216,295,-79
113000212,82,25,57
113000213,21,94,-73
113000214,141,219,-78
113000234,160,547,-387
113000410,71,199,-128
113000411,1752,2757,-1005
113000412,4058,1852,2206
113000413,1555,2221,-666
113000414,4030,9627,-5597
113000415,1632,1677,-45
113000416,4769,2619,2150
113000417,1378,1663,-285
113000418,3275,2693,582
113000419,1109,1404,-295
113000420,2960,4446,-1486
113000421,2761,4891,-2130
113000422,8112,8193,-81
113000423,1350,4137,-2787
113000424,2045,7350,-5305
113000425,5,41,-36
113000428,13,4,9
113000430,3,57,-54
113000432,1986,192,1794
113000433,57,517,-460
113000434,25,89,-64
113000435,24,293,-269
113000436,29,730,-701
113000437,965,13,952
113000438,194,10,184
113000439,12,74,-62
113000440,108,24,84
113000441,208,164,44
113000442,104,110,-6
113000443,247,162,85
113000444,156,123,33
113000445,121,104,17
113000446,56,50,6
113000448,252,115,137
113000449,149,541,-392
113000450,374,1321,-947
113000451,923,169,754
113000452,175,339,-164
113000453,69,257,-188
113000454,285,89,196
113000455,58,291,-233
113000456,2176,2010,166
113000468,1060,83,977
113000469,43,53,-10
113000470,312,27,285
113000471,13,264,-251
113000472,80,232,-152
113000474,635,417,218
113000475,1261,1114,147
113000476,1241,1430,-189
113000477,2976,1602,1374
113000478,2535,3212,-677
113000479,65,122,-57
113000485,0,0,0
113000486,2,0,2
113000487,0,0,0
113000489,0,1,-1
113000490,0,0,0
113000491,14,0,14
113000492,2,2,0
113000493,0,0,0
113000495,155,117,38
113000496,107,90,17
113900001,0,141,-141
113900002,1,44,-43
113900003,1,42,-41
113900004,1,49,-48
113900005,2,45,-43
113900006,1,19,-18
113900007,14,1,13
113900008,9,0,9
113900009,42,0,42
113900010,63,1,62
113900011,58,0,58
113900012,28,2,26
113900013,140,1,139
113900014,340,4,336
113900015,1,31,-30
113900016,21,1,20
113900017,4,30,-26
113900018,241,178,63
113900019,132,22,110
113900020,106,0,106
113900022,18,0,18
113900023,30,0,30
113900024,57,29,28
113900025,176,7,169
113900026,43,0,43
113900027,8,31,-23
113900028,21,250,-229
113900029,88,115,-27
113900030,216,2,214
113900031,25,0,25
113900032,13,1,12
113900033,90,38,52
113900035,22,0,22
113900036,30,62,-32
113900037,178,284,-106
113900038,47,80,-33
113900039,154,17,137
113900040,6,10,-4
113900041,8,3,5
113900042,71,27,44
113900043,93,72,21
113900044,223,267,-44
113900045,53,0,53
113900046,185,405,-220
113900047,37,83,-46
113900048,118,61,57
113900049,351,231,120
113900050,171,223,-52
113900051,171,201,-30
113900052,72,78,-6
113900053,476,350,126
113900054,11,0,11
113900055,94,345,-251
113900056,55,129,-74
113900057,11,38,-27
113900058,44,73,-29
113900059,127,180,-53
113900060,59,81,-22
113900061,490,160,330
113900062,70,0,70
113900063,63,95,-32
113900064,12,74,-62
113900065,344,11,333
113900066,285,180,105
113900067,110,101,9
113900068,364,314,50
113900069,33,22,11
113900070,100,278,-178
113900071,33,40,-7
113900072,42,114,-72
113900073,205,256,-51
113900074,62,116,-54
113900075,895,839,56
113900076,100,14,86
113900077,25,135,-110
113900078,34,40,-6
113900079,2,20,-18
113900080,350,111,239
113900081,33,98,-65
113900082,92,138,-46
113900083,289,255,34
113900084,191,91,100
113900085,25,195,-170
113900086,36,10,26
113900087,63,87,-24
113900088,54,81,-27
113900089,256,33,223
113900090,494,232,262
113900091,9,9,0
113900092,16,82,-66
113900093,63,532,-469
113900094,349,226,123
113900095,97,81,16
113900096,174,57,117
113900097,12,51,-39
113900098,509,66,443
113900099,2,32,-30
113900100,0,3,-3
113900101,14,45,-31
113900102,85,86,-1
113900103,196,181,15
113900104,90,174,-84
113900105,98,110,-12
113900106,2,23,-21
113900107,0,12,-12
113900108,126,152,-26
113900109,281,127,154
113900110,35,26,9
113900111,115,71,44
113900112,118,38,80
113900113,652,399,253
113900114,3,37,-34
113900115,0,50,-50
113900116,87,104,-17
113900117,58,23,35
113900118,170,224,-54
113900119,123,348,-225
113900120,36,24,12
113900121,46,66,-20
113900122,253,1685,-1432
113900123,292,190,102
113900124,0,41,-41
113900125,528,102,426
113900126,97,31,66
113900127,146,545,-399
113900128,149,52,97
113900129,23,144,-121
113900130,1,26,-25
113900131,190,38,152
113900132,42,42,0
113900133,17,48,-31
113900135,228,259,-31
113900136,106,68,38
113900137,304,195,109
113900138,28,81,-53
113900139,171,116,55
113900140,122,219,-97
113900141,447,150,297
113900142,90,56,34
113900143,10,23,-13
113900144,92,180,-88
113900145,333,88,245
113900146,110,24,86
113900148,106,280,-174
113900149,93,71,22
113900150,319,279,40
113900151,301,115,186
113900152,15,22,-7
113900153,147,403,-256
113900154,0,72,-72
113900155,110,116,-6
113900156,184,267,-83
113900157,25,165,-140
113900158,156,244,-88
113900159,5,156,-151
113900160,365,359,6
113900161,49,152,-103
113900162,306,444,-138
113900163,181,200,-19
113900164,200,38,162
113900165,406,258,148
113900166,104,88,16
113900167,213,29,184
113900168,71,59,12
113900169,162,252,-90
113900171,160,62,98
113900172,1,101,-100
113900173,16,386,-370
113900174,362,333,29
113900175,238,122,116
113900176,204,327,-123
113900177,234,94,140
113900178,177,88,89
113900179,15,296,-281
113900180,107,59,48
113900181,488,106,382
113900182,422,555,-133
113900183,33,54,-21
113900184,12,230,-218
113900185,106,53,53
113900186,16,19,-3
113900187,41,76,-35
113900188,22,66,-44
113900189,166,78,88
113900190,168,60,108
113900191,49,120,-71
113900192,945,1094,-149
113900193,16,113,-97
113900194,830,681,149
113900195,218,266,-48
113900196,2,71,-69
113900197,0,111,-111
113900198,19,195,-176
113900199,59,418,-359
113900200,10,138,-128
113900201,0,74,-74
113900202,24,160,-136
113900203,16,71,-55
113900204,17,340,-323
113900205,9,84,-75
113900206,3,90,-87
113900207,0,20,-20
113900208,0,22,-22
113900209,0,45,-45
113900210,367,471,-104
113900211,162,36,126
113900212,200,248,-48
113900214,310,268,42
113900215,75,48,27
113900216,86,488,-402
113900217,54,134,-80
113900218,106,64,42
113900219,84,392,-308
113900220,75,84,-9
113900221,217,139,78
113900222,898,504,394
113900223,134,459,-325
113900224,51,62,-11
113900225,285,124,161
113900226,230,72,158
113900227,259,131,128
113900228,169,280,-111
113900229,47,521,-474
113900230,2100,2346,-246
113900231,111,106,5
113900232,72,109,-37
113900233,50,57,-7
113900234,245,299,-54
113900235,65,18,47
113900236,125,166,-41
113900237,109,3,106
113900238,135,409,-274
113900239,32,89,-57
113900240,3,113,-110
113900241,68,32,36
113900242,45,88,-43
113900243,72,247,-175
113900244,219,129,90
113900245,836,206,630
113900246,11,21,-10
113900247,79,311,-232
113900248,1593,1036,557
113900249,494,303,191
113900250,48,105,-57
113900251,573,127,446
113900252,474,20,454
113900253,456,38,418
113900254,668,94,574
113900255,382,8,374
113900256,320,15,305
113900257,31,312,-281
113900258,10,258,-248
113900259,434,113,321
113900260,178,5,173
113900261,20,59,-39
113900262,87,339,-252
113900263,114,442,-328
113900264,8,281,-273
113900265,72,235,-163
113900266,41,96,-55
113900267,82,357,-275
113900268,228,287,-59
113900269,61,75,-14
113900270,180,467,-287
113900271,402,556,-154
113900273,22,8,14
113900274,49,26,23
113900275,28,52,-24
113900276,0,82,-82
113900277,117,1,116
113900278,196,101,95
113900279,54,51,3
113900280,923,453,470
113900281,347,896,-549
113900282,351,355,-4
113900283,306,390,-84
113900284,680,123,557
113900285,102,26,76
113900286,13,60,-47
113900287,49,11,38
113900288,7,68,-61
113900289,498,75,423
113900290,218,167,51
113900291,80,92,-12
113900292,2,0,2
113900293,3,163,-160
113900294,410,16,394
113900295,295,278,17
113900296,681,165,516
113900297,1755,23,1732
113900298,12,1228,-1216
113900299,89,92,-3
113900300,1906,1485,421
113900301,524,297,227
113900302,1525,716,809
113900303,255,315,-60
113900304,0,68,-68
113900305,83,0,83
113900306,24,0,24
113900307,6,0,6
113900308,33,55,-22
113900309,0,387,-387
113900310,1,3,-2
113900311,2,0,2
113900312,114,166,-52
113900313,8,6,2
113900314,1,4,-3
113900315,41,0,41
114000001,768,1621,-853
114000002,256,241,15
114000003,206,618,-412
114000004,314,299,15
114000005,199,148,51
114000006,2050,1832,218
114000007,553,779,-226
114000008,1117,1358,-241
114000009,702,213,489
114000011,2365,1621,744
114000012,2132,1160,972
114000013,1457,1015,442
114000014,490,402,88
114000015,1531,221,1310
114000016,181,182,-1
114000017,86,286,-200
114000018,146,24,122
114000026,1596,1028,568
114000027,2644,1739,905
114000028,1818,2243,-425
114000038,249,86,163
114000039,180,173,7
114000040,115,154,-39
114000042,183,89,94
114000043,393,142,251
114000044,309,139,170
114000045,74,49,25
114000046,2094,3861,-1767
114000047,14,72,-58
114000048,106,104,2
114000049,1205,1402,-197
114000050,1152,1967,-815
114000051,2456,1781,675
114000052,2467,1956,511
114000053,75,692,-617
114000054,168,579,-411
114000055,133,34,99
114000056,582,717,-135
114000057,3223,1674,1549
114000058,311,1161,-850
114000059,158,289,-131
114000060,476,654,-178
114000061,2185,2388,-203
114000062,1423,1260,163
114000063,1816,1203,613
114000064,3578,2809,769
114000065,1037,1481,-444
114000066,401,467,-66
114000067,18,594,-576
114000068,545,507,38
114000069,764,486,278
114000070,1770,1517,253
114000071,548,316,232
114000072,364,168,196
114000073,21,32,-11
114000074,37,16,21
114000075,49,47,2
114000076,23,51,-28
114000077,10,15,-5
114000078,234,407,-173
114000079,131,14,117
114000080,46,77,-31
114000081,85,74,11
114000082,33,296,-263
114000083,68,152,-84
114000084,275,79,196
114000085,58,373,-315
114000086,202,213,-11
114000087,84,91,-7
114000088,55,10,45
114000089,472,254,218
114000090,664,691,-27
114000091,1116,877,239
114000092,732,427,305
114000093,1071,648,423
114000094,260,240,20
114000095,178,113,65
114000096,60,229,-169
114000097,114,339,-225
114000098,482,87,395
114000099,646,328,318
114000100,1375,428,947
114000101,381,416,-35
114000102,479,236,243
114000103,133,253,-120
114000104,9,129,-120
114000105,101,58,43
114000106,622,795,-173
114000107,331,70,261
114000108,1528,836,692
114000109,570,1380,-810
114000110,442,917,-475
114000111,1377,558,819
114000112,413,1512,-1099
114000113,1585,428,1157
114000114,930,1004,-74
114000115,2134,904,1230
114000116,621,1465,-844
114000117,2673,414,2259
114000118,2124,332,1792
114000119,1526,343,1183
114000120,442,529,-87
114000121,410,612,-202
114000122,324,285,39
114000123,1783,329,1454
114000124,814,223,591
114000125,634,837,-203
114000126,1540,167,1373
114000127,167,118,49
114000128,753,201,552
114000130,410,408,2
114000131,260,66,194
114000132,474,365,109
114000133,584,1009,-425
114000134,74,109,-35
114000138,31,138,-107
114000139,350,311,39
114000144,681,433,248
114000145,65,112,-47
114000146,82,167,-85
114000147,1161,1756,-595
114000148,1420,1302,118
114000149,325,251,74
114000150,1089,1198,-109
114000151,1116,1835,-719
114000152,115,28,87
114000153,930,2366,-1436
114000154,675,855,-180
114000155,993,1857,-864
114000156,613,611,2
114000157,259,915,-656
114000158,1001,542,459
114000159,151,316,-165
114000160,82,292,-210
114000161,1004,2418,-1414
114000162,994,2208,-1214
114000163,21,100,-79
114000165,438,289,149
114000166,542,335,207
114000167,2137,1155,982
114000168,455,432,23
114000169,1026,1072,-46
114000170,1009,902,107
114000171,1066,3058,-1992
114000174,169,290,-121
114000176,305,341,-36
114000177,1235,574,661
114000178,49,36,13
114000179,899,599,300
114000180,342,492,-150
114000181,1237,2906,-1669
114000182,1470,1733,-263
114000183,635,701,-66
114000184,2172,646,1526
114000185,959,650,309
114000189,866,91,775
114000190,2459,315,2144
114000191,52,77,-25
114000192,132,805,-673
114000193,442,1440,-998
114000194,1108,546,562
114000195,156,36,120
114000196,0,150,-150
114000197,1159,33,1126
114000198,485,248,237
114000199,1382,1356,26
114000200,417,1090,-673
114000201,132,490,-358
114000202,740,422,318
114000203,532,472,60
114000204,119,311,-192
114000205,126,889,-763
114000206,531,938,-407
114000207,416,962,-546
114000208,325,1348,-1023
114000209,410,1423,-1013
114000210,161,694,-533
114000211,930,1127,-197
114000212,503,600,-97
114000213,1088,397,691
114000214,69,172,-103
114000215,182,75,107
114000216,1164,292,872
114000217,348,172,176
114000218,196,173,23
114000219,1066,140,926
114000220,13,817,-804
114000221,641,113,528
114000222,95,651,-556
114000223,426,133,293
114000224,53,320,-267
114000225,235,328,-93
114000226,162,170,-8
114000227,704,419,285
114000228,635,476,159
114000229,1063,811,252
114000230,1303,821,482
114000231,767,846,-79
114000232,636,88,548
114000233,1617,101,1516
114000234,904,546,358
114000235,907,882,25
114000236,0,251,-251
114000237,93,524,-431
114000238,68,168,-100
114000239,138,686,-548
114000240,602,610,-8
114000241,207,593,-386
114000242,674,616,58
114000243,1111,615,496
114000244,433,232,201
114000245,343,573,-230
114000246,79,34,45
114000247,417,433,-16
114000248,943,394,549
114000249,398,447,-49
114000250,457,422,35
114000251,340,158,182
114000252,85,33,52
114000253,33,74,-41
114000254,28,41,-13
114000255,468,203,265
114000256,956,1716,-760
114000257,434,881,-447
114000258,197,293,-96
114000259,62,152,-90
114000260,2,24,-22
114000261,41,29,12
114000262,122,93,29
114000263,9,1,8
114000264,917,269,648
114000265,0,0,0
114000267,3,1327,-1324
114000268,0,844,-844
114000270,88,2,86
114000271,305,39,266
114000283,939,314,625
114000285,20,117,-97
114000288,82,319,-237
114000289,1199,137,1062
114000293,147,299,-152
114000294,153,172,-19
114000395,1080,41,1039
114000396,597,432,165
114000402,442,200,242
114000403,227,177,50
114000405,136,261,-125
114000423,247,215,32
114000424,274,122,152
114000425,754,186,568
114000426,226,652,-426
114000427,83,60,23
114000428,186,197,-11
114000429,12,118,-106
114000432,87,60,27
114000434,64,72,-8
114000435,0,82,-82
114900001,561,534,27
114900002,269,83,186
114900003,762,730,32
114900004,153,302,-149
114900005,624,447,177
114900006,88,36,52
114900007,187,38,149
114900008,123,99,24
114900010,1342,1671,-329
114900011,142,92,50
114900013,216,93,123
114900018,629,22,607
114900020,207,90,117
114900022,14,430,-416
114900025,360,152,208
114900026,70,90,-20
114900029,112,21,91
114900030,253,183,70
114900031,355,24,331
114900032,270,20,250
114900034,37,119,-82
114900035,104,247,-143
114900036,194,419,-225
114900039,374,278,96
114900040,67,82,-15
114900041,659,265,394
114900042,725,401,324
114900044,133,27,106
114900047,183,1626,-1443
114900048,83,223,-140
114900049,32,143,-111
114900050,37,271,-234
114900051,18,227,-209
114900052,34,164,-130
114900053,55,194,-139
114900054,18,93,-75
114900057,210,5,205
114900058,0,32,-32
114900059,69,43,26
114900063,51,144,-93
114900064,1360,295,1065
114900065,373,532,-159
114900067,46,308,-262
114900068,58,139,-81
114900069,86,81,5
114900070,488,282,206
114900072,6,179,-173
114900073,0,106,-106
114900074,598,410,188
114900075,202,5,197
114900076,3,192,-189
114900080,1256,220,1036
114900082,2508,1974,534
114900083,686,761,-75
114900090,332,162,170
114900091,60,128,-68
114900097,134,0,134
114900098,2,123,-121
114900099,159,1,158
115000001,4210,2351,1859
115000002,3031,3249,-218
115000003,3924,1926,1998
115000004,3264,4632,-1368
115000005,1274,1403,-129
115000006,824,1250,-426
115000007,208,202,6
115000008,357,389,-32
115000009,183,176,7
115000010,315,168,147
115000013,43,189,-146
115000015,47,307,-260
115000016,25,148,-123
115000019,42,390,-348
115000020,117,541,-424
115000021,218,350,-132
115000022,433,260,173
115000023,319,452,-133
115000024,673,340,333
115000025,630,537,93
115000026,120,294,-174
115000027,251,222,29
115000028,142,633,-491
115000029,548,94,454
115000030,504,813,-309
115000031,1081,157,924
115000032,4,210,-206
115000033,171,36,135
115000034,53,703,-650
115000035,730,66,664
115000036,1,261,-260
115000037,532,18,514
115000038,59,141,-82
115000039,2385,2525,-140
115000040,3431,2016,1415
115000041,993,2660,-1667
115000042,486,441,45
115000043,3005,1977,1028
115000044,2848,2678,170
115000045,2096,1123,973
115000046,2058,1965,93
115000047,2104,1222,882
115000048,1549,1399,150
115000049,1149,2207,-1058
115000050,2562,1337,1225
115000051,1289,2244,-955
115000052,1540,1322,218
115000053,1473,1404,69
115000054,501,716,-215
115000055,142,735,-593
115000056,201,424,-223
115000057,559,1527,-968
115000058,432,313,119
115000059,155,115,40
115000061,93,170,-77
115000062,173,177,-4
115000063,250,220,30
115000064,205,52,153
115000065,52,348,-296
115000067,131,16,115
115000069,83,207,-124
115000070,22,488,-466
115000071,99,11,88
115000072,6,74,-68
115000073,961,52,909
115000075,92,33,59
115000076,2318,1714,604
115000077,1535,1417,118
115000078,1207,936,271
115000079,1061,1062,-1
115000080,1893,1429,464
115000081,320,475,-155
115000082,3319,2884,435
115000083,1623,1170,453
115000084,1937,839,1098
115000085,623,578,45
115000086,1050,548,502
115000087,384,1083,-699
115000088,1533,508,1025
115000089,1263,919,344
115000090,390,723,-333
115000091,205,616,-411
115000092,640,364,276
115000093,410,2,408
115000094,4383,4140,243
115000095,3014,4358,-1344
115000096,674,842,-168
115000097,908,673,235
115000098,846,546,300
115000099,2125,1617,508
115000100,967,269,698
115000101,408,1005,-597
115000102,417,193,224
115000103,250,478,-228
115000105,109,84,25
115000106,561,218,343
115000107,206,255,-49
115000108,2097,1613,484
115000109,2830,3470,-640
115000110,1038,1220,-182
115000111,513,988,-475
115000112,462,577,-115
115000113,379,539,-160
115000114,1245,535,710
115000116,2745,1826,919
115000117,2489,2201,288
115000118,1575,1512,63
115000119,1337,1716,-379
115000120,485,1203,-718
115000121,809,618,191
115000122,1935,1246,689
115000123,874,1542,-668
115000124,608,773,-165
115000125,278,539,-261
115000126,90,218,-128
115000127,318,82,236
115000128,333,593,-260
115000129,210,311,-101
115000130,382,554,-172
115000131,835,197,638
115000132,200,233,-33
115000133,457,192,265
115000134,196,146,50
115000135,202,91,111
115000136,195,220,-25
115000137,141,110,31
115000138,358,221,137
115000139,180,132,48
115000140,330,161,169
115000141,160,132,28
115000142,170,177,-7
115000143,696,440,256
115000144,501,44,457
115000145,253,187,66
115000146,353,232,121
115000147,279,302,-23
115000148,214,617,-403
115000149,521,167,354
115000150,589,522,67
115000151,919,390,529
115000152,471,638,-167
115000153,913,383,530
115000154,820,219,601
115000155,424,593,-169
115000156,710,547,163
115000157,499,593,-94
115000158,394,294,100
115000159,492,399,93
115000160,284,292,-8
115000161,83,312,-229
115000162,529,578,-49
115000163,401,612,-211
115000164,656,420,236
115000165,305,420,-115
115000167,164,91,73
115000168,443,231,212
115000169,370,234,136
115000170,115,104,11
115000171,291,205,86
115000172,763,498,265
115000173,247,492,-245
115000174,79,227,-148
115000175,162,103,59
115000176,60,103,-43
115000177,38,83,-45
115000178,15,155,-140
115000179,22,30,-8
115000180,93,312,-219
115000181,563,100,463
115000182,740,180,560
115000183,319,543,-224
115000186,554,148,406
115000187,152,480,-328
115000188,419,334,85
115000189,127,335,-208
115000190,557,307,250
115000191,89,336,-247
115000194,106,128,-22
115000195,207,250,-43
115000196,155,64,91
115000197,176,149,27
115000198,260,124,136
115000199,330,104,226
115000200,330,92,238
115000201,141,193,-52
115000206,276,27,249
115000207,115,186,-71
115000208,237,459,-222
115000209,417,188,229
115000210,99,121,-22
115000211,174,205,-31
115000212,1014,304,710
115000224,327,49,278
115000225,34,61,-27
115000229,135,117,18
115000230,74,205,-131
115000231,234,867,-633
115000232,1617,196,1421
115000233,97,120,-23
115000234,23,218,-195
115000241,60,135,-75
115000242,104,214,-110
115000243,46,137,-91
115000244,16,77,-61
115000246,50,16,34
115000247,17,10,7
115000248,58,15,43
115000249,27,17,10
115000250,229,17,212
115000251,228,54,174
115000252,86,147,-61
115000253,9,347,-338
115000258,292,81,211
115000259,254,91,163
115000261,25,17,8
115000262,6,20,-14
115000263,18,32,-14
115000264,20,29,-9
115000267,51,38,13
115000268,23,88,-65
115000269,126,71,55
115000270,7,16,-9
115000272,107,134,-27
115000273,317,19,298
115000280,1825,318,1507
115000281,592,795,-203
115000282,350,433,-83
115000284,215,135,80
115000296,785,9,776
115000297,82,264,-182
115000298,28,502,-474
115000300,186,143,43
115000302,455,105,350
115000303,622,123,499
115000304,536,66,470
115000305,83,402,-319
115000306,156,198,-42
115000307,79,212,-133
115000308,16,8,8
115000310,870,479,391
115000311,833,846,-13
115000313,154,321,-167
115000314,376,119,257
115000315,674,550,124
115000316,105,92,13
115000317,87,325,-238
115000318,570,210,360
115000319,41,282,-241
115000320,9,211,-202
115000321,137,4,133
115000322,37,176,-139
115000449,135,140,-5
115000557,47,979,-932
115000558,341,111,230
115000587,514,191,323
115000588,1690,1916,-226
115000589,2721,1742,979
115000590,928,1096,-168
115000591,1006,576,430
115000592,433,1256,-823
115000593,1067,491,576
115000594,610,2009,-1399
115000609,136,178,-42
115000617,1000,2286,-1286
115000624,176,32,144
115000633,327,1289,-962
115000634,2100,641,1459
115000635,511,142,369
115000638,484,409,75
115000641,56,102,-46
115000642,192,193,-1
115000643,85,357,-272
115000644,124,304,-180
115000646,678,1303,-625
115000647,163,410,-247
115000648,1622,1173,449
115000893,2010,1198,812
115000894,98,748,-650
115000895,338,871,-533
115000896,1062,418,644
115000897,419,94,325
115000898,454,199,255
115000899,279,866,-587
115000900,57,359,-302
115000901,47,98,-51
115000912,416,60,356
115000913,2,9,-7
115000915,20,0,20
115000916,3,0,3
115000917,0,5,-5
115000918,52,300,-248
115000919,5,6,-1
115000920,17,54,-37
115000921,359,53,306
115000922,738,749,-11
115000923,245,1138,-893
115000925,93,70,23
115000927,42,49,-7
115000933,229,247,-18
115000934,112,143,-31
115000935,126,46,80
115000936,22,484,-462
115000937,732,131,601
115000938,166,218,-52
115000939,167,228,-61
115000940,18,13,5
115000941,2,25,-23
115000942,36,129,-93
115000943,34,33,1
115000944,3,14,-11
115900001,77,19,58
115900002,53,49,4
115900003,181,52,129
115900004,0,26,-26
115900005,164,5,159
115900006,82,133,-51
115900008,44,5,39
115900009,59,116,-57
115900010,286,96,190
115900011,270,149,121
115900012,151,47,104
115900013,250,85,165
115900014,80,45,35
115900015,130,35,95
115900016,63,13,50
115900017,7,3,4
115900018,123,30,93
115900019,99,3,96
115900020,74,0,74
115900021,575,138,437
115900022,807,7,800
115900023,34,4,30
115900025,14,146,-132
115900026,617,177,440
115900027,1,184,-183
115900028,322,39,283
115900029,15,184,-169
115900030,12,32,-20
115900031,202,264,-62
115900032,360,540,-180
115900033,0,32,-32
115900034,25,166,-141
115900035,22,31,-9
115900036,39,588,-549
115900037,21,178,-157
115900038,39,9,30
115900039,144,139,5
115900041,260,452,-192
115900042,24,7,17
115900043,71,42,29
115900044,159,191,-32
115900046,213,117,96
115900047,118,115,3
115900049,122,141,-19
115900051,2,23,-21
115900052,8,156,-148
115900053,192,93,99
115900054,266,30,236
115900055,26,74,-48
115900056,110,122,-12
115900057,32,8,24
115900058,23,35,-12
115900060,44,64,-20
115900061,209,1,208
115900062,12,178,-166
115900063,59,3,56
115900064,126,160,-34
115900065,109,54,55
115900066,102,98,4
115900067,9,360,-351
115900068,1754,697,1057
115900069,25,95,-70
115900070,168,84,84
115900071,2,235,-233
115900072,32,72,-40
115900073,82,61,21
115900074,8,199,-191
115900075,20,119,-99
115900076,4,26,-22
115900077,2,148,-146
115900078,22,77,-55
115900079,156,7,149
115900080,279,85,194
115900081,26,44,-18
115900082,89,130,-41
115900084,374,18,356
115900085,30,61,-31
115900086,979,357,622
115900088,1,55,-54
115900089,293,392,-99
115900090,399,7,392
115900091,1,17,-16
115900092,29,92,-63
115900093,3,13,-10
115900094,5,269,-264
115900096,10,5,5
115900097,4,239,-235
115900098,164,181,-17
115900099,44,47,-3
115900100,13,293,-280
115900101,107,142,-35
115900102,54,104,-50
115900103,213,103,110
115900104,51,59,-8
115900105,236,342,-106
115900106,67,15,52
115900107,61,48,13
115900108,109,18,91
115900109,27,277,-250
115900110,1,15,-14
115900111,1,57,-56
115900112,31,482,-451
115900113,36,9,27
115900114,0,79,-79
115900115,50,139,-89
115900116,79,433,-354
115900117,74,5,69
115900118,4,143,-139
115900119,83,70,13
115900120,28,185,-157
115900121,136,136,0
115900124,218,543,-325
115900125,281,33,248
115900126,539,60,479
115900127,502,55,447
115900128,4,64,-60
115900129,548,49,499
115900130,21,186,-165
115900131,206,20,186
115900132,593,23,570
115900134,287,12,275
115900135,303,763,-460
115900137,41,3,38
115900139,20,34,-14
115900140,164,21,143
115900141,5,19,-14
115900142,7,13,-6
115900143,132,199,-67
115900144,67,133,-66
115900146,5,50,-45
115900147,127,150,-23
115900148,94,3,91
115900149,68,18,50
115900150,56,24,32
115900151,15,61,-46
115900152,88,203,-115
115900153,97,102,-5
115900154,245,272,-27
115900155,0,19,-19
115900156,487,597,-110
115900157,174,269,-95
115900158,10,9,1
115900159,101,150,-49
115900160,2,8,-6
115900161,14,92,-78
115900163,117,75,42
115900164,520,2,518
115900166,136,72,64
115900168,68,58,10
115900171,67,257,-190
115900172,43,108,-65
115900173,177,98,79
115900174,180,166,14
115900175,68,120,-52
115900178,3,309,-306
115900179,229,24,205
115900180,33,57,-24
115900181,116,96,20
115900182,316,105,211
115900183,18,22,-4
115900184,878,8,870
115900187,10,120,-110
115900189,1,146,-145
115900190,126,895,-769
115900191,24,200,-176
115900192,5,112,-107
115900193,126,99,27
115900194,559,66,493
115900195,451,1670,-1219
115900198,139,224,-85
115900199,135,139,-4
115900200,144,196,-52
115900201,350,315,35
115900202,1,38,-37
115900203,9,12,-3
115900204,0,7,-7
115900205,107,12,95
115900206,172,91,81
115900207,40,15,25
115900208,132,87,45
115900209,6,120,-114
115900210,0,98,-98
115900211,6,109,-103
115900212,141,126,15
115900213,48,87,-39
115900214,437,94,343
115900215,18,83,-65
115900216,5,58,-53
115900217,3,36,-33
115900218,1,20,-19
115900219,79,2,77
115900220,126,9,117
115900221,93,2,91
115900222,38,23,15
115900223,7,310,-303
115900224,523,849,-326
115900225,59,29,30
115900226,8,16,-8
115900227,11,14,-3
115900228,9,20,-11
115900229,3,31,-28
115900230,24,60,-36
115900231,107,3,104
115900232,34,0,34
115900233,47,6,41
115900234,33,29,4
115900235,9,37,-28
115900236,19,41,-22
115900237,13,26,-13
115900238,11,11,0
115900239,18,29,-11
115900240,3,39,-36
115900241,154,38,116
115900242,203,245,-42
115900243,1,9,-8
115900244,8,10,-2
115900245,43,0,43
115900246,5,14,-9
115900247,20,11,9
115900248,7,5,2
115900249,2,9,-7
115900250,8,11,-3
115900251,0,8,-8
115900252,3,1,2
115900253,11,8,3
115900254,10,25,-15
115900255,0,15,-15
115900256,8,57,-49
115900257,1,4,-3
115900258,0,0,0
115900259,2,0,2
115900260,8,0,8
115900261,11,1,10
115900262,5,0,5
115900263,19,1,18
115900264,7,2,5
115900265,2,4,-2
115900266,4,21,-17
115900267,9,16,-7
115900268,3,7,-4
115900269,402,220,182
115900270,314,229,85
115900271,93,0,93
115900272,18,1,17
115900273,5,9,-4
115900274,3,11,-8
115900275,2,6,-4
115900276,0,15,-15
115900277,1,47,-46
115900278,29,78,-49
115900279,19,137,-118
115900280,20,312,-292
115900281,237,213,24
115900282,14,6,8
115900283,10,4,6
115900284,12,2,10
116000001,6766,2777,3989
116000002,3295,7957,-4662
116000003,1168,1195,-27
116000004,2060,2714,-654
116000005,1113,1890,-777
116000006,1754,1705,49
116000007,1496,2094,-598
116000008,2662,1662,1000
116000009,1045,1428,-383
116000010,1937,1211,726
116000011,654,1247,-593
116000012,1357,906,451
116000013,5139,2614,2525
116000014,6877,9130,-2253
116000015,140,912,-772
116000016,3590,2637,953
116000017,16,589,-573
116000018,611,158,453
116000019,491,228,263
116000020,409,481,-72
116000021,347,220,127
116000022,247,199,48
116000023,795,452,343
116000024,495,536,-41
116000025,534,621,-87
116000026,1216,1961,-745
116000027,348,487,-139
116000028,325,668,-343
116000029,393,483,-90
116000030,635,358,277
116000031,114,251,-137
116000032,294,109,185
116000033,283,349,-66
116000034,486,615,-129
116000035,411,451,-40
116000036,1217,1081,136
116000037,500,382,118
116000038,326,423,-97
116000039,347,358,-11
116000040,547,323,224
116000041,102,376,-274
116000042,560,260,300
116000043,79,510,-431
116000044,15,54,-39
116000045,1415,938,477
116000046,751,1198,-447
116000047,1138,1542,-404
116000048,1700,1453,247
116000049,1070,2887,-1817
116000050,1158,931,227
116000051,4666,2638,2028
116000052,4070,4193,-123
116000053,1378,725,653
116000054,689,2144,-1455
116000055,633,619,14
116000056,857,834,23
116000057,2086,1225,861
116000058,2346,2121,225
116000059,2373,3457,-1084
116000060,1401,790,611
116000061,456,793,-337
116000062,485,166,319
116000063,469,943,-474
116000066,248,423,-175
116000067,172,344,-172
116000068,129,211,-82
116000069,204,248,-44
116000078,441,745,-304
116000080,1506,596,910
116000082,9,27,-18
116000083,1464,338,1126
116000084,1427,2426,-999
116000085,1838,1414,424
116000086,1346,887,459
116000087,1800,1291,509
116000088,579,600,-21
116000089,152,74,78
116000090,71,107,-36
116000091,213,194,19
116000093,414,243,171
116000094,406,445,-39
116000095,574,333,241
116000096,609,938,-329
116000097,672,486,186
116000098,87,4596,-4509
116000099,3608,190,3418
116000100,214,11,203
116000101,719,512,207
116000102,235,792,-557
116000103,420,219,201
116000104,197,762,-565
116000105,915,89,826
116000106,412,767,-355
116000107,1925,240,1685
116000108,172,153,19
116000111,117,31,86
116000113,83,114,-31
116000114,26,97,-71
116000115,280,90,190
116000116,224,242,-18
116000117,1189,1248,-59
116000118,1142,808,334
116000119,2640,1507,1133
116000120,2409,2276,133
116000121,733,495,238
116000122,876,918,-42
116000123,920,361,559
116000124,329,488,-159
116000125,2302,565,1737
116000126,212,967,-755
116000127,841,779,62
116000128,1566,665,901
116000129,1051,201,850
116000130,499,421,78
116000133,780,623,157
116000134,1421,1235,186
116000135,2252,1050,1202
116000136,859,1339,-480
116000137,942,535,407
116000138,636,545,91
116000139,1251,1846,-595
116000140,110,174,-64
116000141,238,391,-153
116000142,2396,1774,622
116000143,1654,1414,240
116000144,1248,1469,-221
116000145,1409,834,575
116000146,476,130,346
116000147,184,112,72
116000148,428,376,52
116000149,564,391,173
116000151,403,379,24
116000153,101,230,-129
116000155,154,176,-22
116000156,339,593,-254
116000157,77,23,54
116000158,283,205,78
116000159,15,9,6
116000160,8,31,-23
116000161,6,34,-28
116000162,72,116,-44
116000163,21,8,13
116000164,4,11,-7
116000177,179,97,82
116000194,76,300,-224
116000195,1269,431,838
116000196,12,5,7
116000197,8,17,-9
116000198,1821,797,1024
116000200,555,465,90
116000201,451,426,25
116000202,18,182,-164
116000203,7,66,-59
116000204,6,48,-42
116000205,1,89,-88
116000206,2,62,-60
116000207,5,60,-55
116000233,111,237,-126
116000287,133,272,-139
116000288,213,160,53
116000292,41,74,-33
116000296,25,147,-122
116000297,97,37,60
116000304,106,25,81
116000305,55,25,30
116000346,125,53,72
116000352,63,16,47
116000354,21,14,7
116000357,4,38,-34
116000358,317,57,260
116000361,306,2,304
116000372,3039,3331,-292
116000381,106,0,106
116000388,5,45,-40
116000389,554,382,172
116000445,425,368,57
116000446,561,342,219
116000447,19,271,-252
116000448,442,125,317
116000563,778,648,130
116000565,35,300,-265
116000568,22,150,-128
116000579,22,97,-75
116000583,88,30,58
116000584,14,4,10
116000585,27,19,8
116000586,47,70,-23
116000587,427,430,-3
116000589,27,47,-20
116000590,51,62,-11
116000591,258,173,85
116000592,10,52,-42
116000593,1,31,-30
116000594,509,279,230
116000595,528,77,451
116000596,83,4,79
116000597,338,82,256
116000598,14,103,-89
116000605,174,98,76
116000606,35,195,-160
116000607,2,42,-40
116000609,163,661,-498
116000611,118,325,-207
116000612,746,1569,-823
116000613,532,274,258
116000614,418,321,97
116000615,2,275,-273
116000616,54,49,5
116000617,106,19,87
116000618,2,39,-37
116000619,41,49,-8
116000620,116,320,-204
116000621,46,79,-33
116000622,36,136,-100
116000624,223,83,140
116000627,62,39,23
116000628,40,196,-156
116000629,26,139,-113
116000630,210,10,200
116000631,119,50,69
116000632,628,47,581
116000633,134,145,-11
116000634,300,119,181
116000635,2075,1799,276
116000636,632,1115,-483
116000637,352,43,309
116000638,115,200,-85
116000639,84,4,80
116000640,32,10,22
116000641,26,77,-51
116000643,2,98,-96
116000644,14,318,-304
116000645,24,6,18
116900001,235,139,96
116900002,220,2,218
116900003,37,34,3
116900004,37,45,-8
116900005,259,45,214
116900006,57,84,-27
116900007,110,119,-9
116900008,366,191,175
116900009,9,5,4
116900010,449,769,-320
116900011,9,21,-12
116900012,97,99,-2
116900013,1,86,-85
116900014,119,112,7
116900015,350,31,319
116900016,205,0,205
116900017,8,256,-248
116900018,62,72,-10
116900019,0,139,-139
116900020,486,697,-211
116900023,44,14,30
116900024,475,27,448
116900025,878,487,391
116900026,66,353,-287
116900027,16,45,-29
116900028,3,80,-77
116900029,0,35,-35
116900031,0,5,-5
116900032,2,215,-213
116900033,11,15,-4
116900034,6,46,-40
116900035,116,98,18
116900036,6,64,-58
116900038,22,5,17
116900041,19,14,5
116900042,314,183,131
116900043,23,33,-10
116900047,27,100,-73
116900049,16,178,-162
116900050,76,287,-211
116900051,106,79,27
116900052,118,51,67
116900055,0,7,-7
116900057,22,125,-103
116900058,21,235,-214
116900059,1,94,-93
116900060,136,120,16
116900062,0,9,-9
116900064,95,372,-277
116900065,17,63,-46
116900067,80,62,18
116900068,74,109,-35
116900070,1,6,-5
116900072,23,188,-165
116900073,17,62,-45
116900074,3,20,-17
116900076,7,30,-23
116900077,7,81,-74
116900078,158,76,82
116900079,41,127,-86
116900080,2,19,-17
116900081,227,688,-461
116900082,140,687,-547
116900083,32,16,16
116900084,101,61,40
116900085,37,107,-70
116900086,39,114,-75
116900088,217,77,140
116900090,62,37,25
116900091,286,61,225
116900092,50,395,-345
116900093,1149,1122,27
116900094,2429,2398,31
116900095,180,85,95
116900096,37,197,-160
116900097,1546,2069,-523
116900098,713,340,373
116900099,456,372,84
116900100,753,35,718
116900101,207,281,-74
116900103,4,2,2
116900104,51,63,-12
116900105,193,103,90
116900106,990,6,984
116900107,1857,1833,24
116900110,3,0,3
116900111,597,298,299
116900112,218,585,-367
116900113,977,1106,-129
116900116,59,509,-450
116900117,97,75,22
116900118,575,624,-49
116900120,287,31,256
116900121,112,10,102
116900122,693,403,290
116900123,157,447,-290
116900124,137,615,-478
116900125,327,150,177
116900126,65,324,-259
116900128,0,23,-23
116900129,0,184,-184
116900130,377,2632,-2255
116900131,44,253,-209
116900132,46,68,-22
116900133,136,120,16
116900134,141,192,-51
116900136,141,131,10
116900137,154,87,67
116900138,153,124,29
116900139,68,267,-199
116900140,139,106,33
116900141,563,317,246
116900142,0,49,-49
116900143,233,211,22
116900144,13,63,-50
116900145,37,122,-85
116900147,245,380,-135
116900148,0,23,-23
116900149,57,202,-145
116900150,8,6,2
116900151,41,11,30
116900153,118,65,53
116900154,292,349,-57
116900155,46,36,10
116900157,487,167,320
116900158,87,191,-104
116900159,71,190,-119
116900160,548,661,-113
116900161,3653,4713,-1060
116900162,5,47,-42
116900163,154,56,98
116900164,68,53,15
116900165,194,247,-53
116900166,31,40,-9
116900167,301,37,264
116900168,261,43,218
116900169,329,518,-189
116900170,228,456,-228
116900171,39,66,-27
116900172,110,298,-188
116900173,139,23,116
116900174,35,44,-9
116900175,140,132,8
116900178,41,65,-24
116900179,72,221,-149
116900180,58,19,39
116900182,350,145,205
116900183,137,81,56
116900185,19,51,-32
116900186,80,146,-66
116900187,51,36,15
116900188,145,14,131
116900189,21,0,21
116900191,279,470,-191
116900192,198,66,132
116900194,95,1004,-909
116900195,25,20,5
116900196,17,68,-51
116900197,102,8,94
116900198,98,173,-75
116900200,68,14,54
116900201,80,3,77
116900202,71,53,18
116900203,116,5,111
116900204,28,101,-73
116900206,32,20,12
116900207,25,25,0
116900208,31,68,-37
116900209,21,73,-52
116900210,380,216,164
116900211,134,3,131
116900212,66,41,25
116900213,184,98,86
116900214,111,83,28
116900215,45,52,-7
116900216,278,140,138
116900218,1,153,-152
116900219,860,242,618
116900220,91,130,-39
116900221,98,175,-77
116900222,333,234,99
116900223,80,223,-143
116900226,57,46,11
116900227,131,81,50
116900228,270,133,137
116900230,55,182,-127
116900231,26,225,-199
116900232,20,280,-260
116900233,209,42,167
116900234,5,4,1
116900235,393,243,150
116900238,1136,194,942
116900239,17,812,-795
116900240,2966,2233,733
116900241,67,66,1
116900242,523,482,41
116900243,1,19,-18
116900245,28,19,9
116900246,67,17,50
116900247,662,16,646
116900248,77,30,47
116900249,241,36,205
116900250,290,37,253
116900251,261,469,-208
116900252,141,428,-287
116900254,55,52,3
116900255,92,57,35
116900256,369,84,285
116900257,8,229,-221
116900258,0,126,-126
116900259,176,5,171
116900260,0,71,-71
116900261,70,1,69
116900262,93,87,6
116900263,2,12,-10
116900264,58,31,27
116900265,34,3,31
116900266,14,17,-3
116900267,4,1,3
116900268,52,42,10
116900269,236,434,-198
116900271,797,224,573
116900272,265,177,88
116900273,113,74,39
116900274,79,29,50
116900275,131,55,76
116900276,267,140,127
116900277,265,7,258
116900278,6,4,2
116900279,0,10,-10
116900280,11,15,-4
116900281,3144,3135,9
116900282,5,62,-57
116900283,13,57,-44
116900284,0,139,-139
116900285,182,157,25
116900286,150,15,135
116900287,3,33,-30
116900288,96,63,33
116900289,25,3,22
116900290,4,7,-3
116900291,14,13,1
116900292,1,15,-14
116900293,27,26,1
116900294,9,71,-62
116900295,94,77,17
116900296,44,73,-29
116900297,1,94,-93
116900298,77,74,3
116900299,20,62,-42
116900300,3,61,-58
116900301,30,124,-94
116900302,25,38,-13
116900303,172,94,78
116900304,0,76,-76
116900305,18,15,3
116900306,110,86,24
116900307,74,0,74
116900308,1,81,-80
116900309,63,54,9
116900310,28,56,-28
116900311,1,163,-162
117000001,1622,1177,445
117000002,1551,2862,-1311
117000003,5044,2539,2505
117000004,2624,3519,-895
117000005,1975,1512,463
117000006,991,2397,-1406
117000007,3335,975,2360
117000008,806,2566,-1760
117000009,3790,1565,2225
117000010,1847,2712,-865
117000011,1783,1339,444
117000012,1054,930,124
117000013,1608,685,923
117000014,882,1505,-623
117000015,1884,886,998
117000016,179,131,48
117000017,202,122,80
117000018,126,465,-339
117000019,79,10,69
117000020,368,833,-465
117000021,1050,441,609
117000022,234,119,115
117000023,115,188,-73
117000024,159,218,-59
117000025,321,875,-554
117000026,1475,1134,341
117000027,1269,3218,-1949
117000028,1940,1395,545
117000030,378,310,68
117000031,307,247,60
117000032,1017,907,110
117000033,996,591,405
117000034,306,223,83
117000035,332,244,88
117000036,386,223,163
117000037,256,172,84
117000038,153,452,-299
117000039,360,170,190
117000040,196,557,-361
117000041,953,112,841
117000044,7,536,-529
117000045,486,67,419
117000046,289,633,-344
117000047,826,583,243
117000048,1376,699,677
117000049,54,389,-335
117000050,119,1156,-1037
117000051,1908,126,1782
117000052,40,168,-128
117000053,529,26,503
117000054,1658,10,1648
117000055,70,1909,-1839
117000056,575,29,546
117000057,411,1473,-1062
117000060,357,780,-423
117000061,1401,761,640
117000062,188,480,-292
117000063,1442,879,563
117000064,511,560,-49
117000066,523,625,-102
117000067,92,446,-354
117000074,82,166,-84
117000076,44,40,4
117000077,113,147,-34
117000078,146,494,-348
117000079,265,188,77
117000080,0,269,-269
117000081,902,95,807
117000082,14,67,-53
117000083,584,238,346
117000084,146,1,145
117000085,230,618,-388
117000086,614,327,287
117000087,95,415,-320
117000088,246,148,98
117000089,1390,205,1185
117000090,258,871,-613
117000091,737,193,544
117000092,335,873,-538
117000093,1227,629,598
117000094,941,1683,-742
117000095,3030,639,2391
117000096,510,1529,-1019
117000097,1258,895,363
117000098,1810,2634,-824
117000099,3158,987,2171
117000100,209,252,-43
117000101,158,600,-442
117000102,1501,498,1003
117000103,583,976,-393
117000104,1112,571,541
117000105,702,1043,-341
117000106,1068,659,409
117000107,483,1056,-573
117000108,1500,771,729
117000109,1054,1510,-456
117000110,1312,857,455
117000111,2756,3017,-261
117000112,2556,1235,1321
117000113,100,119,-19
117000114,200,74,126
117000115,56,56,0
117000116,95,179,-84
117000117,1046,920,126
117000118,199,104,95
117000119,197,181,16
117000120,138,399,-261
117000121,80,804,-724
117000122,249,528,-279
117000123,1011,29,982
117000124,360,78,282
117000125,154,143,11
117000126,41,11,30
117000127,112,203,-91
117000128,308,596,-288
117000129,288,696,-408
117000130,102,4,98
117000131,0,85,-85
117000132,2194,21,2173
117000133,1444,22,1422
117000134,2,52,-50
117000135,3,45,-42
117000136,1,22,-21
117000137,111,103,8
117000138,1,392,-391
117000140,338,870,-532
117000141,1525,424,1101
117000181,283,140,143
117000182,305,374,-69
117000195,122,509,-387
117000196,239,124,115
117000225,82,32,50
117000226,5,79,-74
117000276,282,17,265
117000277,0,190,-190
117000310,1125,1551,-426
117000315,36,447,-411
117000320,102,0,102
117000906,322,10,312
117000907,10,201,-191
117000909,46,34,12
117000910,131,145,-14
117000911,60,132,-72
117000915,9,292,-283
117000916,25,0,25
117000917,1103,29,1074
117000918,50,34,16
117000919,3,54,-51
117000920,1,629,-628
117000921,3,741,-738
117000922,23,78,-55
117000924,355,609,-254
117000926,508,95,413
117000927,847,688,159
117000928,0,117,-117
117000929,241,215,26
117000930,214,13,201
117000931,206,130,76
117900002,80,227,-147
117900003,389,236,153
117900005,4,23,-19
117900006,0,24,-24
117900007,105,79,26
117900008,0,18,-18
117900010,182,81,101
117900011,22,120,-98
117900012,74,46,28
117900013,0,122,-122
117900014,540,96,444
117900015,14,67,-53
117900016,622,620,2
117900017,570,327,243
117900018,87,102,-15
117900019,360,157,203
117900020,45,376,-331
117900021,34,41,-7
117900023,513,50,463
117900024,56,36,20
117900025,25,8,17
117900026,268,196,72
117900028,37,8,29
117900029,194,379,-185
117900031,78,67,11
117900032,976,553,423
117900033,210,352,-142
117900034,66,14,52
117900035,257,126,131
117900036,243,259,-16
117900037,104,57,47
117900038,56,195,-139
117900039,7,57,-50
117900040,114,168,-54
117900041,6,33,-27
117900042,2395,179,2216
117900043,24,35,-11
117900044,6,2854,-2848
117900045,94,95,-1
117900048,350,224,126
117900049,166,284,-118
117900050,9,44,-35
117900051,24,16,8
117900052,47,226,-179
117900053,1646,452,1194
117900054,0,32,-32
117900055,155,158,-3
117900056,90,39,51
117900057,842,926,-84
117900058,30,35,-5
117900059,226,84,142
117900060,1897,3319,-1422
117900061,10,169,-159
117900063,317,106,211
117900065,453,841,-388
117900066,7,60,-53
117900067,421,130,291
117900069,633,195,438
117900070,86,17,69
117900071,73,87,-14
117900073,415,192,223
117900074,84,47,37
117900075,57,51,6
117900076,23,40,-17
117900077,303,72,231
117900078,245,689,-444
117900080,94,30,64
117900081,431,239,192
117900082,395,305,90
117900083,297,230,67
117900086,108,23,85
117900087,133,33,100
117900088,2464,1433,1031
117900089,1718,632,1086
117900090,438,307,131
117900091,100,112,-12
117900092,77,27,50
117900093,90,28,62
117900094,24,17,7
117900095,308,425,-117
117900096,62,137,-75
117900097,186,45,141
117900098,12,5,7
117900099,151,162,-11
117900100,141,1,140
117900101,353,1384,-1031
117900102,49,30,19
117900103,53,3,50
117900104,28,128,-100
117900105,116,140,-24
117900106,85,27,58
117900107,14,0,14
117900109,451,256,195
117900110,102,0,102
117900111,255,22,233
117900112,40,10,30
117900113,1529,982,547
117900114,29,0,29
117900115,161,62,99
117900116,607,546,61
117900117,454,216,238
117900118,54,0,54
117900119,234,101,133
117900120,145,21,124
117900121,73,40,33
117900122,898,2785,-1887
117900123,593,257,336
117900124,495,476,19
117900125,1348,1841,-493
117900126,136,332,-196
117900127,423,298,125
117900128,328,389,-61
117900129,62,2,60
117900130,567,233,334
117900131,3,95,-92
117900132,4,54,-50
117900133,7,64,-57
117900134,29,141,-112
117900135,25,117,-92
117900136,0,25,-25
117900137,25,166,-141
117900138,0,29,-29
117900139,115,76,39
117900140,2442,20,2422
117900141,125,139,-14
117900142,135,45,90
117900144,39,91,-52
117900145,12,54,-42
117900146,161,136,25
117900147,66,29,37
117900148,1476,1296,180
117900149,96,154,-58
117900150,24,31,-7
117900151,34,63,-29
117900152,63,48,15
117900153,7,56,-49
117900154,330,365,-35
117900156,712,589,123
117900157,80,450,-370
117900158,162,77,85
117900160,615,701,-86
117900161,1758,1418,340
117900162,301,291,10
117900163,36,125,-89
117900165,1,17,-16
117900166,90,494,-404
117900168,126,110,16
117900169,2,65,-63
117900170,0,15,-15
117900171,5,8,-3
117900172,8,18,-10
117900173,90,56,34
117900174,22,42,-20
117900175,6,19,-13
117900176,8,12,-4
117900177,12,32,-20
117900178,77,36,41
117900180,142,9,133
117900181,44,238,-194
117900182,1,24,-23
117900183,33,114,-81
117900184,4,36,-32
117900185,49,28,21
117900186,28,24,4
117900187,17,9,8
117900188,83,29,54
117900189,70,25,45
117900190,19,1,18
117900191,40,0,40
117900192,113,2,111
117900193,4,48,-44
117900194,23,3,20
117900195,4,34,-30
117900196,11,18,-7
117900207,106,110,-4
117900208,29,16,13
117900209,174,126,48
117900210,81,127,-46
117900211,1,94,-93
117900212,67,79,-12
117900213,12,3,9
117900214,4,25,-21
117900215,36,46,-10
117900216,31,22,9
117900217,52,206,-154
117900218,80,95,-15
117900219,7,82,-75
117900220,35,49,-14
117900222,179,241,-62
117900223,175,251,-76
118000001,582,868,-286
118000002,427,1056,-629
118000003,1636,2597,-961
118000004,1811,1675,136
118000005,2997,4159,-1162
118000006,3169,6376,-3207
118000007,3049,2200,849
118000008,1823,2571,-748
118000009,1268,1774,-506
118000010,3005,2885,120
118000011,1073,1391,-318
118000012,678,1249,-571
118000013,1755,1560,195
118000014,1440,1488,-48
118000016,190,198,-8
118000017,363,268,95
118000018,284,239,45
118000019,1441,1167,274
118000020,899,2291,-1392
118000021,491,2226,-1735
118000022,1103,587,516
118000023,738,335,403
118000024,902,837,65
118000027,9294,8719,575
118000029,609,666,-57
118000032,746,2952,-2206
118000033,1839,4491,-2652
118000034,3334,2148,1186
118000035,1340,2106,-766
118000036,735,965,-230
118000037,571,655,-84
118000038,150,65,85
118000039,56,100,-44
118000040,1215,1084,131
118000041,1808,910,898
118000045,243,143,100
118000046,903,418,485
118000047,507,797,-290
118000048,1288,1274,14
118000051,792,561,231
118000052,511,357,154
118000053,132,201,-69
118000054,729,369,360
118000055,706,814,-108
118000056,90,233,-143
118000057,149,272,-123
118000058,1506,1240,266
118000059,996,1110,-114
118000060,860,392,468
118000061,971,827,144
118000062,394,229,165
118000063,228,503,-275
118000064,577,927,-350
118000065,2250,1073,1177
118000066,555,1156,-601
118000067,768,590,178
118000068,1036,3162,-2126
118000069,1686,672,1014
118000070,3766,1356,2410
118000071,1966,4532,-2566
118000072,824,1011,-187
118000073,813,493,320
118000074,314,358,-44
118000075,437,212,225
118000076,855,1909,-1054
118000077,975,1011,-36
118000078,1339,1844,-505
118000079,123,225,-102
118000080,753,726,27
118000081,1459,1299,160
118000082,215,854,-639
118000083,1196,1182,14
118000084,2171,1151,1020
118000086,216,394,-178
118000087,2996,1835,1161
118000088,1237,1279,-42
118000089,2531,1767,764
118000090,998,1831,-833
118000091,765,1580,-815
118000092,689,351,338
118000093,75,578,-503
118000096,383,416,-33
118000097,658,518,140
118000098,257,149,108
118000099,515,462,53
118000101,905,348,557
118000102,336,677,-341
118000107,1247,280,967
118000108,474,1590,-1116
118000110,2,18,-16
118000111,1,207,-206
118000112,562,0,562
118000113,3,396,-393
118000114,336,9,327
118000115,2,8,-6
118000116,32,0,32
118000117,747,498,249
118000118,702,983,-281
118000119,627,1063,-436
118000120,1189,728,461
118000121,109,585,-476
118000122,1091,334,757
118000123,65,233,-168
118000125,1483,682,801
118000126,472,1217,-745
118000127,1278,547,731
118000128,518,735,-217
118000129,679,272,407
118000130,1352,1959,-607
118000131,264,483,-219
118000132,2023,1475,548
118000133,896,375,521
118000135,449,305,144
118000136,120,322,-202
118000137,409,63,346
118000138,314,362,-48
118000139,336,71,265
118000140,1802,3668,-1866
118000141,1325,1216,109
118000142,1446,1142,304
118000143,1576,897,679
118000144,703,434,269
118000145,1101,1130,-29
118000146,1020,475,545
118000147,647,1006,-359
118000148,546,813,-267
118000149,896,688,208
118000150,297,281,16
118000151,412,305,107
118000153,1060,702,358
118000154,1661,1098,563
118000155,1001,857,144
118000156,1418,1788,-370
118000157,538,306,232
118000158,163,344,-181
118000159,15,72,-57
118000160,445,248,197
118000161,369,407,-38
118000162,1195,891,304
118000163,615,558,57
118000164,1413,919,494
118000168,402,330,72
118000169,788,812,-24
118000170,2330,2922,-592
118000171,231,436,-205
118000172,87,165,-78
118000173,823,1142,-319
118000175,192,306,-114
118000176,187,373,-186
118000177,182,475,-293
118000178,47,42,5
118000179,875,1035,-160
118000180,498,530,-32
118000181,492,204,288
118000182,241,168,73
118000183,181,198,-17
118000184,664,504,160
118000185,818,935,-117
118000186,529,813,-284
118000187,1038,415,623
118000188,374,88,286
118000189,505,344,161
118000190,3,3,0
118000191,19,13,6
118000192,64,106,-42
118000193,43,199,-156
118000194,946,565,381
118000195,334,769,-435
118000196,178,156,22
118000197,215,161,54
118000198,330,521,-191
118000199,295,772,-477
118000200,34,194,-160
118000201,306,401,-95
118000202,19,45,-26
118000203,454,463,-9
118000204,71,310,-239
118000205,142,218,-76
118000206,149,172,-23
118000207,0,23,-23
118000208,1043,1108,-65
118000209,1658,1103,555
118000210,74,33,41
118000211,39,29,10
118000213,485,950,-465
118000214,339,403,-64
118000215,223,40,183
118000216,1384,1068,316
118000217,31,65,-34
118000218,67,52,15
118000219,255,119,136
118000220,6,30,-24
118000221,210,211,-1
118000222,32,8,24
118000223,54,42,12
118000224,75,72,3
118000225,88,476,-388
118000226,766,148,618
118000227,470,263,207
118000228,86,160,-74
118000229,66,51,15
118000230,95,115,-20
118000231,48,159,-111
118000232,677,483,194
118000233,878,568,310
118000234,370,112,258
118000236,188,206,-18
118000237,54,155,-101
118000238,192,91,101
118000239,204,202,2
118000240,189,118,71
118000241,76,75,1
118000242,192,274,-82
118000243,182,122,60
118000244,49,86,-37
118000246,7,17,-10
118000255,91,262,-171
118000256,165,200,-35
118000259,3,28,-25
118000260,135,28,107
118000261,37,23,14
118000263,45,93,-48
118000266,99,190,-91
118000267,0,60,-60
118000268,141,0,141
118000270,55,14,41
118000271,233,167,66
118000272,49,17,32
118000273,128,69,59
118000274,83,159,-76
118000276,407,246,161
118000295,14,94,-80
118000298,85,154,-69
118000299,53,82,-29
118000301,0,34,-34
118000302,87,50,37
118000311,412,47,365
118000312,226,106,120
118000313,54,75,-21
118000314,52,35,17
118000315,15,16,-1
118000316,536,288,248
118000325,52,25,27
118000326,14,20,-6
118000331,22,17,5
118000332,12,20,-8
118000333,21,32,-11
118000335,256,0,256
118000336,0,155,-155
118000407,132,28,104
118000457,2,26,-24
118000465,2107,2881,-774
118000480,36,46,-10
118000489,11,214,-203
118000490,21,129,-108
118000492,246,113,133
118000510,19,15,4
118000514,153,178,-25
118000515,539,464,75
118000517,225,146,79
118000524,209,237,-28
118000525,579,566,13
118000530,18,75,-57
118000531,331,196,135
118000532,170,146,24
118000533,219,110,109
118000534,423,255,168
118000535,229,134,95
118000536,325,1033,-708
118000537,9,117,-108
118000538,44,44,0
118000539,32,83,-51
118000540,189,80,109
118000541,120,30,90
118000542,62,133,-71
118000543,91,140,-49
118000546,50,17,33
118000553,0,1,-1
118000557,0,0,0
118000560,1367,1618,-251
118000562,28,96,-68
118000563,1106,836,270
118000576,202,99,103
118000577,154,173,-19
118000578,172,80,92
118000579,390,919,-529
118000583,0,1,-1
118000595,216,72,144
118000596,0,49,-49
118000597,160,109,51
118000598,5,1,4
118000599,41,54,-13
118000600,3,4,-1
118000601,0,0,0
118000602,3,2,1
118000603,0,27,-27
118000605,53,198,-145
118000606,43,41,2
118900001,329,781,-452
118900002,492,647,-155
118900003,165,6,159
118900004,47,25,22
118900005,52,4,48
118900006,87,0,87
118900007,1,1,0
118900008,1145,40,1105
118900009,63,26,37
118900010,41,7,34
118900011,112,6,106
118900012,339,129,210
118900013,336,89,247
118900015,174,31,143
118900016,8,5,3
118900017,199,227,-28
118900018,559,23,536
118900019,20,12,8
118900020,114,85,29
118900021,139,254,-115
118900022,126,98,28
118900023,102,66,36
118900024,65,84,-19
118900025,76,15,61
118900026,58,61,-3
118900027,335,119,216
118900028,119,116,3
118900029,221,276,-55
118900030,275,62,213
118900031,135,56,79
118900032,145,134,11
118900033,281,333,-52
118900034,106,20,86
118900035,99,106,-7
118900036,966,467,499
118900037,194,218,-24
118900038,313,129,184
118900039,406,87,319
118900040,216,111,105
118900041,519,146,373
118900042,137,85,52
118900045,216,109,107
118900046,601,367,234
118900047,301,168,133
118900048,83,160,-77
118900049,52,31,21
118900050,8,26,-18
118900051,74,89,-15
118900052,114,207,-93
118900053,22,83,-61
118900054,93,34,59
118900055,50,46,4
118900056,42,272,-230
118900057,639,353,286
118900058,249,254,-5
118900059,19,67,-48
118900060,62,120,-58
118900062,247,165,82
118900064,363,408,-45
118900065,30,88,-58
118900066,64,71,-7
118900067,3017,2868,149
118900068,0,127,-127
118900069,304,128,176
118900071,1,31,-30
118900072,329,202,127
118900073,147,73,74
118900074,108,88,20
118900075,44,46,-2
118900076,113,79,34
118900077,107,125,-18
118900078,17,3,14
118900079,42,127,-85
118900080,13,67,-54
118900081,60,26,34
118900082,587,104,483
118900083,30,2,28
118900084,11,17,-6
118900085,396,617,-221
118900086,28,70,-42
118900087,22,185,-163
118900088,2,6,-4
118900089,23,8,15
118900090,424,250,174
118900091,121,155,-34
118900092,69,39,30
118900093,104,16,88
118900096,76,74,2
118900097,208,313,-105
118900099,54,97,-43
118900100,96,138,-42
118900101,39,118,-79
118900102,16,42,-26
118900103,21,81,-60
118900104,144,54,90
118900105,101,47,54
118900107,57,34,23
118900108,78,55,23
118900110,574,459,115
118900111,361,305,56
118900112,58,128,-70
118900113,185,228,-43
118900114,14,53,-39
118900115,44,213,-169
118900116,83,138,-55
118900117,76,106,-30
118900118,210,191,19
118900119,144,138,6
118900120,70,240,-170
118900121,18,98,-80
118900122,12,713,-701
118900123,99,153,-54
118900124,56,123,-67
118900126,16,247,-231
118900129,227,152,75
118900130,55,176,-121
118900131,143,148,-5
118900132,244,138,106
118900133,15,76,-61
118900135,167,137,30
118900136,166,365,-199
118900137,6,39,-33
118900139,169,259,-90
118900140,387,390,-3
118900141,62,64,-2
118900144,115,237,-122
118900145,15,84,-69
118900146,255,405,-150
118900147,86,103,-17
118900148,47,23,24
118900150,342,513,-171
118900152,454,501,-47
118900157,70,125,-55
118900158,52,48,4
118900159,0,86,-86
118900161,56,4,52
118900163,79,58,21
118900164,0,61,-61
118900165,44,65,-21
118900166,9,1,8
118900167,35,54,-19
118900168,21,130,-109
118900169,66,90,-24
118900170,96,54,42
118900171,29,34,-5
118900174,35,30,5
118900175,367,380,-13
118900176,114,182,-68
118900177,64,34,30
118900178,33,110,-77
118900179,32,16,16
118900181,101,56,45
118900182,31,20,11
118900183,15,95,-80
118900184,229,48,181
118900185,146,80,66
118900186,83,59,24
118900187,138,201,-63
118900188,224,190,34
118900189,26,495,-469
118900190,10,202,-192
118900191,147,26,121
118900192,156,14,142
118900193,378,4,374
118900195,187,332,-145
118900196,15,76,-61
118900197,100,36,64
118900198,13,7,6
118900199,81,11,70
118900200,23,8,15
118900201,18,17,1
118900202,0,30,-30
118900203,9,9,0
118900204,4,10,-6
118900205,6,2,4
118900206,3,5,-2
119000001,1018,1592,-574
119000002,2571,2946,-375
119000003,1939,818,1121
119000004,1576,1002,574
119000005,1268,1372,-104
119000006,2401,1301,1100
119000007,2289,2203,86
119000008,1374,1275,99
119000009,2353,3271,-918
119000010,3983,3083,900
119000011,2379,1951,428
119000012,1918,2339,-421
119000013,1973,1217,756
119000014,1148,1907,-759
119000019,187,121,66
119000020,1468,1166,302
119000021,3315,1888,1427
119000022,1285,1553,-268
119000023,258,223,35
119000024,1212,8091,-6879
119000025,3947,754,3193
119000026,85,288,-203
119000027,163,237,-74
119000028,1264,577,687
119000029,77,189,-112
119000030,500,680,-180
119000031,590,307,283
119000032,1042,1665,-623
119000033,1196,756,440
119000034,778,643,135
119000035,24,162,-138
119000036,1762,629,1133
119000037,1039,956,83
119000038,141,491,-350
119000039,887,247,640
119000040,431,343,88
119000041,459,889,-430
119000048,2079,1695,384
119000049,1517,1364,153
119000050,1061,1275,-214
119000051,1383,773,610
119000052,1563,2163,-600
119000053,1559,959,600
119000054,2858,2061,797
119000055,3710,2246,1464
119000056,2064,1450,614
119000057,1406,1244,162
119000058,1562,1003,559
119000059,964,1036,-72
119000060,1289,843,446
119000061,893,542,351
119000062,887,1028,-141
119000063,441,305,136
119000064,640,678,-38
119000065,1244,2066,-822
119000066,1608,948,660
119000067,1464,1308,156
119000068,1342,804,538
119000069,1290,1359,-69
119000070,2014,778,1236
119000071,461,422,39
119000072,3341,1884,1457
119000073,3006,5171,-2165
119000074,1157,1403,-246
119000075,2079,1538,541
119000076,261,727,-466
119000077,355,277,78
119000078,422,312,110
119000079,164,522,-358
119000080,451,134,317
119000081,207,273,-66
119000082,607,165,442
119000083,489,321,168
119000084,341,298,43
119000085,450,233,217
119000086,342,530,-188
119000087,1298,586,712
119000088,255,205,50
119000089,126,330,-204
119000090,161,130,31
119000091,198,374,-176
119000092,412,268,144
119000093,2736,1910,826
119000094,2489,3615,-1126
119000095,1328,2036,-708
119000097,1654,770,884
119000098,747,2135,-1388
119000099,1667,985,682
119000100,3001,2330,671
119000101,2329,1461,868
119000102,483,1168,-685
119000103,887,511,376
119000104,1548,785,763
119000105,746,1612,-866
119000106,255,683,-428
119000107,831,397,434
119000108,283,557,-274
119000109,64,350,-286
119000110,283,224,59
119000111,24,544,-520
119000112,137,57,80
119000113,1274,167,1107
119000114,733,629,104
119000115,107,118,-11
119000116,71,74,-3
119000117,74,195,-121
119000118,1,0,1
119000123,1930,1765,165
119000124,608,138,470
119000125,3386,515,2871
119000126,1131,484,647
119000127,564,347,217
119000128,8,3,5
119000131,803,426,377
119000132,0,0,0
119000133,0,8,-8
119000134,1334,433,901
119000135,127,116,11
119000136,195,135,60
119000137,202,177,25
119000138,410,141,269
119000139,212,126,86
119000140,198,250,-52
119000284,872,1826,-954
119000285,1419,1389,30
119000286,4663,3735,928
119000287,1044,1385,-341
119000288,1435,857,578
119000289,1319,1722,-403
119000290,188,278,-90
119000291,54,246,-192
119000293,428,139,289
119000294,44,28,16
119000295,890,223,667
119000296,269,164,105
119000302,1473,801,672
119000303,37,114,-77
119000314,1145,7784,-6639
119000315,6,276,-270
119000316,165,66,99
119000317,86,180,-94
119000319,717,191,526
119900001,176,937,-761
119900002,102,156,-54
119900003,25,525,-500
119900004,223,762,-539
119900005,119,58,61
119900006,174,274,-100
119900007,902,160,742
119900008,27,16,11
119900009,375,356,19
119900010,453,553,-100
119900011,20,76,-56
119900012,7,80,-73
119900013,1524,838,686
119900014,360,98,262
119900015,74,28,46
119900016,37,51,-14
119900017,35,20,15
119900018,1120,684,436
119900019,21,4,17
119900020,113,165,-52
119900021,94,30,64
119900022,78,450,-372
119900023,338,1425,-1087
119900025,116,6,110
119900026,452,129,323
119900027,13,6,7
119900028,199,86,113
119900029,0,3,-3
119900030,410,299,111
119900031,22,287,-265
119900033,1028,200,828
119900034,267,67,200
119900037,146,33,113
119900038,23,237,-214
119900039,36,14,22
119900040,103,17,86
119900041,82,18,64
119900042,87,175,-88
119900043,77,69,8
119900044,154,753,-599
119900046,87,30,57
119900047,297,52,245
119900049,103,3,100
119900050,54,92,-38
119900051,826,18,808
119900052,51,23,28
119900053,151,127,24
119900054,147,6,141
119900055,887,332,555
119900057,181,47,134
119900058,182,0,182
119900059,54,24,30
119900060,210,8,202
119900061,255,8,247
119900062,56,11,45
119900063,6,31,-25
119900065,182,10,172
119900067,49,18,31
119900068,427,3,424
119900069,80,8,72
119900070,657,7,650
119900071,465,12,453
119900073,1161,451,710
119900074,16,10,6
119900075,2805,1636,1169
119900076,71,26,45
119900077,670,556,114
119900078,343,437,-94
119900079,207,101,106
119900080,269,188,81
119900081,551,18,533
119900082,922,52,870
119900083,302,72,230
119900084,410,213,197
119900085,37,30,7
119900086,298,630,-332
119900087,217,171,46
119900088,18,30,-12
119900089,20,326,-306
119900090,86,30,56
119900091,37,539,-502
119900092,27,233,-206
119900093,738,121,617
119900094,46,151,-105
119900095,152,76,76
119900096,45,63,-18
119900097,280,177,103
119900098,13,28,-15
119900099,22,100,-78
119900100,1211,2349,-1138
119900101,136,894,-758
119900102,24,117,-93
119900103,24,167,-143
119900104,19,102,-83
119900105,441,1100,-659
119900106,4,114,-110
119900107,176,1496,-1320
119900108,1972,404,1568
119900109,17,101,-84
119900110,547,382,165
119900111,186,365,-179
119900112,973,418,555
119900113,45,135,-90
119900114,252,711,-459
119900115,290,674,-384
119900116,94,319,-225
119900117,288,382,-94
119900118,56,494,-438
119900119,216,120,96
119900120,416,267,149
119900121,331,555,-224
119900122,348,220,128
119900123,133,187,-54
119900124,188,433,-245
119900125,25,168,-143
119900126,1966,227,1739
119900127,1400,643,757
119900128,384,447,-63
119900129,199,293,-94
119900130,7,126,-119
119900131,34,122,-88
119900132,15,135,-120
119900133,27,42,-15
119900134,860,112,748
119900135,0,206,-206
119900136,111,191,-80
119900138,234,231,3
119900139,9,61,-52
119900140,0,97,-97
119900141,29,522,-493
119900142,1,20,-19
119900143,12,128,-116
119900144,817,122,695
119900145,72,94,-22
119900146,92,109,-17
119900147,2,81,-79
119900148,144,33,111
119900149,465,2909,-2444
119900150,125,74,51
119900151,912,561,351
119900152,81,182,-101
119900153,123,55,68
119900154,21,501,-480
119900155,13,21,-8
119900156,12,7,5
119900157,98,113,-15
119900158,153,50,103
119900159,2,873,-871
119900160,30,105,-75
119900161,128,93,35
119900162,593,569,24
119900163,47,51,-4
119900164,1,2,-1
119900165,146,91,55
119900166,68,19,49
119900167,52,64,-12
119900168,758,336,422
119900169,57,150,-93
119900170,123,232,-109
119900171,674,260,414
119900172,87,8,79
119900173,9,258,-249
119900174,1,82,-81
119900175,1088,405,683
119900177,14,109,-95
119900178,3,100,-97
119900179,95,436,-341
119900180,748,582,166
119900181,39,74,-35
119900182,89,238,-149
119900183,90,458,-368
119900184,1089,353,736
119900185,42,124,-82
119900186,23,751,-728
119900187,5,199,-194
119900188,68,199,-131
119900189,268,260,8
119900190,62,190,-128
119900191,183,187,-4
119900192,28,91,-63
119900193,319,102,217
119900194,16,57,-41
119900195,48,100,-52
119900196,598,209,389
119900197,154,124,30
119900198,100,161,-61
119900199,92,24,68
119900200,437,476,-39
119900201,232,94,138
119900202,48,187,-139
119900203,125,406,-281
119900204,234,145,89
119900205,622,338,284
119900206,196,85,111
119900208,117,90,27
119900209,314,935,-621
119900210,38,12,26
119900211,55,4,51
119900212,496,332,164
119900213,6,42,-36
119900214,20,63,-43
119900215,30,40,-10
119900216,13,30,-17
119900217,13,32,-19
119900218,10,40,-30
119900219,21,82,-61
119900220,1,44,-43
119900221,12,109,-97
119900222,8,127,-119
119900223,6,53,-47
119900224,7,14,-7
119900225,480,36,444
119900226,331,1176,-845
119900227,670,160,510
119900228,23,129,-106
119900229,200,199,1
119900230,910,315,595
119900231,263,140,123
119900232,131,75,56
119900233,31,6,25
119900234,11,42,-31
119900235,20,19,1
119900236,7,98,-91
119900237,26,260,-234
119900238,4,52,-48
119900240,42,75,-33
119900241,88,157,-69
119900242,742,693,49
119900244,411,841,-430
119900245,68,134,-66
119900246,193,383,-190
119900247,27,90,-63
119900248,46,175,-129
119900249,146,61,85
119900253,1349,260,1089
119900254,60,611,-551
119900255,60,392,-332
119900256,530,528,2
119900257,64,0,64
119900258,95,3,92
119900259,11,82,-71
119900260,120,9,111
119900261,275,87,188
119900262,1,108,-107
119900263,876,235,641
119900264,64,104,-40
119900265,327,261,66
119900266,266,168,98
119900267,138,267,-129
119900268,123,68,55
119900269,858,512,346
119900271,16,53,-37
119900272,130,222,-92
119900275,179,91,88
119900276,66,1,65
119900277,11,4,7
119900278,79,70,9
119900279,68,150,-82
119900280,567,152,415
119900281,0,174,-174
119900282,19,69,-50
119900283,6,115,-109
119900284,20,77,-57
119900285,12,81,-69
119900286,3,12,-9
119900288,1,19,-18
119900289,1,16,-15
119900290,3,12,-9
119900291,0,31,-31
119900292,15,36,-21
119900293,10,33,-23
119900294,17,51,-34
119900295,15,21,-6
119900296,37,86,-49
119900297,1,9,-8
119900298,0,0,0
119900299,13,117,-104
119900300,154,89,65
119900301,42,26,16
119900302,18,37,-19
119900303,146,83,63
119900304,139,17,122
119900305,5,88,-83
119900306,17,2,15
119900307,26,60,-34
119900308,4,11,-7
119900309,29,75,-46
119900310,181,160,21
119900311,54,69,-15
119900312,85,43,42
119900313,226,198,28
119900314,143,254,-111
119900315,1393,1179,214
119900318,8,23,-15
119900319,4,135,-131
119900320,115,328,-213
119900321,56,0,56
120000001,4737,11881,-7144
120000002,2051,1971,80
120000003,2162,1125,1037
120000004,2127,1315,812
120000005,2778,1427,1351
120000006,1006,946,60
120000007,2773,2413,360
120000008,875,1050,-175
120000009,1820,720,1100
120000010,1621,1767,-146
120000011,836,1199,-363
120000012,1226,1732,-506
120000013,2516,2058,458
120000014,654,1062,-408
120000015,1890,1211,679
120000016,3052,1873,1179
120000017,2285,1936,349
120000018,2932,8877,-5945
120000019,909,1250,-341
120000020,2371,2747,-376
120000021,1620,1885,-265
120000022,2145,3202,-1057
120000023,981,1334,-353
120000024,1068,1981,-913
120000025,2224,1574,650
120000026,1971,1316,655
120000027,1788,1604,184
120000028,477,962,-485
120000029,1305,723,582
120000030,633,625,8
120000031,1585,3610,-2025
120000032,5350,2864,2486
120000033,3572,1302,2270
120000034,1784,1262,522
120000035,1824,1332,492
120000036,2352,3706,-1354
120000037,530,1281,-751
120000038,3670,2777,893
120000039,536,732,-196
120000040,94,338,-244
120000041,1075,1084,-9
120000042,1403,1593,-190
120000043,3772,1089,2683
120000044,4796,1188,3608
120000045,5012,880,4132
120000046,2910,2109,801
120000047,693,3966,-3273
120000048,5007,3330,1677
120000049,2617,2406,211
120000050,2614,2771,-157
120000051,1905,2868,-963
120000052,5549,1631,3918
120000053,1184,1563,-379
120000054,1150,2753,-1603
120000055,1404,3160,-1756
120000056,3193,2457,736
120000057,2595,854,1741
120000058,2168,820,1348
120000059,4,1175,-1171
120000061,76,460,-384
120000062,175,239,-64
120000063,1106,1713,-607
120000064,161,758,-597
120000065,442,893,-451
120000066,216,274,-58
120000067,48,336,-288
120000068,187,524,-337
120000069,521,598,-77
120000070,95,502,-407
120000071,474,82,392
120000072,791,347,444
120000073,817,66,751
120000074,98,62,36
120000075,612,284,328
120000076,1935,388,1547
120000077,1778,603,1175
120000078,2752,1070,1682
120000079,450,395,55
120000080,300,308,-8
120000081,390,167,223
120000082,296,278,18
120000083,126,646,-520
120000084,330,256,74
120000085,286,283,3
120000086,320,410,-90
120000087,262,461,-199
120000088,661,808,-147
120000089,989,473,516
120000090,634,375,259
120000091,706,700,6
120000092,977,426,551
120000093,432,342,90
120000094,134,542,-408
120000095,835,316,519
120000096,318,497,-179
120000098,651,595,56
120000099,379,560,-181
120000100,653,650,3
120000101,482,325,157
120000102,600,819,-219
120000103,1230,793,437
120000104,1629,435,1194
120000105,2721,630,2091
120000106,2101,599,1502
120000107,3488,554,2934
120000108,1247,134,1113
120000109,989,57,932
120000110,54,730,-676
120000111,106,751,-645
120000112,644,1667,-1023
120000113,533,1293,-760
120000114,802,1634,-832
120000115,301,1504,-1203
120000116,551,1228,-677
120000117,728,939,-211
120000118,46,37,9
120000119,38,46,-8
120000120,81,56,25
120000121,33,54,-21
120000122,182,255,-73
120000123,2582,4562,-1980
120000124,437,249,188
120000125,445,405,40
120000126,257,872,-615
120000127,1428,969,459
120000128,2303,3275,-972
120000129,251,225,26
120000130,688,357,331
120000131,284,576,-292
120000134,333,614,-281
120000135,470,342,128
120000137,201,625,-424
120000138,933,261,672
120000139,211,408,-197
120000140,810,287,523
120000141,217,301,-84
120000142,534,444,90
120000143,1,68,-67
120000144,86,3,83
120000145,348,1,347
120000146,871,772,99
120000149,527,712,-185
120000150,2232,7955,-5723
120000151,312,275,37
120000152,384,131,253
120000153,187,343,-156
120000154,437,422,15
120000155,107,234,-127
120000156,744,731,13
120000157,672,435,237
120000158,699,588,111
120000159,1557,1906,-349
120000160,1731,1373,358
120000161,1751,1644,107
120000162,85,227,-142
120000163,706,833,-127
120000164,481,249,232
120000165,577,529,48
120000166,1382,359,1023
120000167,112,91,21
120000168,7,372,-365
120000169,35,1203,-1168
120000170,38,886,-848
120000171,15,244,-229
120000172,26,251,-225
120000173,1396,1099,297
120000174,180,21,159
120000175,141,49,92
120000176,103,27,76
120000177,683,87,596
120000178,39,9,30
120000179,84,36,48
120000180,177,70,107
120000181,74,750,-676
120000182,31,456,-425
120000183,5,221,-216
120000184,119,795,-676
120000186,28,627,-599
120000187,50,273,-223
120000188,45,354,-309
120000190,508,47,461
120000191,406,85,321
120000192,382,35,347
120000193,124,12,112
120000195,30,7,23
120000196,160,29,131
120000197,25,59,-34
120000198,124,56,68
120000199,65,1,64
120000200,150,1,149
120000201,24,20,4
120000202,2,33,-31
120000203,41,111,-70
120000207,1,35,-34
120000208,23,114,-91
120000209,4,41,-37
120000210,74,66,8
120000211,114,1,113
120000212,159,0,159
120000213,123,132,-9
120000214,0,145,-145
120000215,2,76,-74
120000216,61,8,53
120000217,440,984,-544
120000218,98,562,-464
120000219,2,324,-322
120000220,4,929,-925
120000225,1245,6,1239
120000226,334,5,329
120000227,688,50,638
120000228,7182,2785,4397
120000230,360,20,340
120000231,1176,1476,-300
120000233,229,4,225
120000235,236,453,-217
120000236,734,1,733
120000237,0,794,-794
120000238,4,747,-743
120000241,969,2830,-1861
120000412,379,8,371
120000413,153,145,8
120000414,100,2,98
120000415,11,75,-64
120000416,50,0,50
120000417,5,60,-55
120000418,94,22,72
120000419,2,127,-125
120000420,42,19,23
120000421,6586,3872,2714
120000422,109,1098,-989
120000423,3,62,-59
120000424,70,91,-21
120000436,126,590,-464
120000437,112,91,21
120000438,1634,171,1463
120000439,200,460,-260
120000443,179,0,179
120000444,1372,362,1010
120000445,1356,808,548
120000446,619,146,473
120000447,184,3,181
120000449,86,2,84
120000450,12,159,-147
120000451,87,188,-101
120000452,148,5,143
120000453,0,152,-152
120000454,105,34,71
120000455,69,33,36
120000456,1644,2808,-1164
120000457,688,415,273
120000458,367,491,-124
120000459,63,64,-1
120000665,308,189,119
120000668,75,617,-542
120000669,66,139,-73
120000670,115,562,-447
120000671,990,407,583
120000672,84,537,-453
120900001,65,99,-34
120900002,136,258,-122
120900003,131,10,121
120900004,1,46,-45
120900005,29,966,-937
120900006,286,244,42
120900007,167,53,114
120900008,245,746,-501
120900009,470,25,445
120900010,357,121,236
120900011,201,177,24
120900012,131,816,-685
120900013,261,133,128
120900014,33,289,-256
120900015,690,83,607
120900016,846,60,786
120900017,1387,46,1341
120900018,92,233,-141
120900019,535,367,168
120900020,526,1034,-508
120900021,576,198,378
120900022,17,211,-194
120900023,276,21,255
120900024,1228,382,846
120900025,1123,852,271
120900026,119,87,32
120900027,712,14,698
120900028,349,120,229
120900029,95,509,-414
120900030,1334,616,718
120900031,205,119,86
120900032,1191,66,1125
120900033,904,83,821
120900034,21,2068,-2047
120900035,29,46,-17
120900037,176,15,161
120900038,54,312,-258
120900039,91,40,51
120900040,252,3,249
120900041,98,17,81
120900042,554,35,519
120900043,48,15,33
120900044,8,253,-245
120900045,110,40,70
120900046,413,1,412
120900047,136,92,44
120900048,106,43,63
120900049,395,2,393
120900050,1240,1140,100
120900051,288,86,202
120900052,514,0,514
120900053,185,30,155
120900054,1143,324,819
120900055,397,2,395
120900056,485,17,468
120900057,117,11,106
120900058,536,0,536
120900059,101,3,98
120900060,51,13,38
120900061,182,132,50
120900062,215,2,213
120900063,694,14,680
120900064,556,3,553
120900065,495,0,495
120900066,213,107,106
120900067,164,42,122
120900068,334,0,334
120900069,172,22,150
120900071,9,0,9
120900072,626,7,619
120900073,493,31,462
120900074,367,5,362
120900076,269,3,266
120900077,1477,113,1364
120900078,796,773,23
120900079,589,107,482
120900080,973,1102,-129
120900081,957,124,833
120900082,352,360,-8
120900083,125,2,123
120900084,253,460,-207
120900085,68,144,-76
120900086,46,285,-239
120900087,371,379,-8
120900088,133,331,-198
120900089,1971,2353,-382
120900090,250,73,177
120900091,583,842,-259
120900092,909,320,589
120900093,1414,97,1317
120900094,334,126,208
120900095,258,11,247
120900096,28,108,-80
120900097,564,486,78
120900098,189,86,103
120900099,65,33,32
120900100,54,149,-95
120900101,516,193,323
120900102,28,46,-18
120900103,40,177,-137
120900104,16,38,-22
120900105,18,331,-313
120900106,915,352,563
120900107,168,109,59
120900108,6,363,-357
120900109,48,376,-328
120900110,4,422,-418
120900111,148,236,-88
120900112,4,561,-557
120900113,15,491,-476
120900114,35,100,-65
120900115,140,220,-80
120900116,295,240,55
120900117,1,296,-295
120900118,20,411,-391
120900119,3737,2683,1054
120900120,60,352,-292
120900121,78,325,-247
120900122,391,251,140
120900123,7,284,-277
120900124,4,365,-361
120900125,4,408,-404
120900126,1071,612,459
120900127,12,306,-294
120900128,1020,966,54
120900129,42,171,-129
120900130,0,157,-157
120900131,65,37,28
120900132,898,210,688
120900133,86,466,-380
120900134,650,291,359
120900135,3,290,-287
120900136,47,48,-1
120900137,182,62,120
120900138,16,165,-149
120900139,1,375,-374
120900140,3,59,-56
120900141,95,119,-24
120900142,9,286,-277
120900143,2,431,-429
120900144,1,73,-72
120900145,104,665,-561
120900146,1,459,-458
120900147,22,319,-297
120900148,66,101,-35
120900149,2,151,-149
120900150,44,356,-312
120900151,41,300,-259
120900152,243,35,208
120900153,57,42,15
120900154,3,145,-142
120900155,204,659,-455
120900156,204,196,8
120900157,64,201,-137
120900158,87,445,-358
120900159,238,419,-181
120900160,21,521,-500
120900161,41,344,-303
120900162,112,541,-429
120900163,89,486,-397
120900164,0,30,-30
120900165,20,98,-78
120900166,24,458,-434
120900167,163,81,82
120900169,53,170,-117
120900170,666,2388,-1722
120900171,586,121,465
120900172,265,950,-685
120900173,2,51,-49
120900174,5,73,-68
120900175,220,73,147
120900176,21,263,-242
120900177,1,983,-982
120900178,10,256,-246
120900179,681,409,272
120900180,75,108,-33
120900181,58,36,22
120900182,25,194,-169
120900183,379,37,342
120900184,226,38,188
120900185,7,224,-217
120900186,1,318,-317
120900187,360,781,-421
120900188,207,9,198
120900189,90,1380,-1290
120900190,84,8,76
120900191,26,8,18
120900192,5707,6509,-802
120900194,38,31,7
120900195,76,161,-85
120900196,592,42,550
120900197,561,119,442
120900198,185,382,-197
120900199,290,369,-79
120900200,62,80,-18
120900201,278,102,176
120900202,1,69,-68
120900203,29,91,-62
120900204,117,168,-51
120900205,33,21,12
120900206,11,16,-5
120900207,38,722,-684
121000001,314,595,-281
121000002,1339,804,535
121000003,1712,1228,484
121000004,1680,2051,-371
121000005,1279,1986,-707
121000006,2021,1460,561
121000007,1820,2308,-488
121000008,3422,2484,938
121000009,3141,3771,-630
121000010,5130,3972,1158
121000011,3927,6721,-2794
121000012,8790,5367,3423
121000013,3894,4809,-915
121000014,5286,4537,749
121000015,3008,5462,-2454
121000016,3318,2590,728
121000017,1093,1740,-647
121000018,1412,1090,322
121000019,9453,6822,2631
121000020,8237,11654,-3417
121000021,3263,3817,-554
121000022,1969,2347,-378
121000023,2935,2341,594
121000024,3883,3968,-85
121000025,163,777,-614
121000026,253,153,100
121000027,995,956,39
121000028,725,379,346
121000029,557,381,176
121000030,385,184,201
121000031,514,456,58
121000032,221,130,91
121000034,219,183,36
121000035,94,119,-25
121000036,669,548,121
121000037,387,323,64
121000038,333,690,-357
121000039,211,269,-58
121000041,443,336,107
121000042,221,289,-68
121000043,356,196,160
121000044,806,482,324
121000045,560,544,16
121000046,703,635,68
121000047,255,234,21
121000049,751,368,383
121000050,237,759,-522
121000051,746,309,437
121000052,408,710,-302
121000053,311,87,224
121000054,33,295,-262
121000055,864,946,-82
121000056,513,693,-180
121000057,51,174,-123
121000058,479,316,163
121000059,1591,1009,582
121000060,429,759,-330
121000061,70,315,-245
121000062,111,289,-178
121000063,576,579,-3
121000064,707,692,15
121000065,230,275,-45
121000066,647,505,142
121000067,440,461,-21
121000068,499,312,187
121000069,364,664,-300
121000070,1012,979,33
121000071,1036,1119,-83
121000072,879,673,206
121000073,800,766,34
121000074,89,125,-36
121000075,34,293,-259
121000076,549,359,190
121000077,100,146,-46
121000078,83,94,-11
121000080,1474,463,1011
121000081,2367,2091,276
121000082,0,0,0
121000083,286,232,54
121000084,422,392,30
121000085,372,580,-208
121000086,216,585,-369
121000087,57,229,-172
121000088,428,356,72
121000089,198,289,-91
121000090,271,295,-24
121000091,897,648,249
121000092,163,56,107
121000093,160,174,-14
121000094,392,575,-183
121000095,360,532,-172
121000096,2059,1589,470
121000097,587,1428,-841
121000098,421,643,-222
121000099,536,565,-29
121000100,592,218,374
121000101,387,274,113
121000102,252,231,21
121000103,173,211,-38
121000104,246,122,124
121000105,343,131,212
121000106,281,296,-15
121000107,1700,2639,-939
121000109,830,803,27
121000110,239,577,-338
121000114,2738,1869,869
121000115,699,506,193
121000116,216,580,-364
121000117,462,209,253
121000118,1147,168,979
121000119,268,302,-34
121000120,223,375,-152
121000121,337,1001,-664
121000123,1247,830,417
121000127,133,76,57
121000128,1037,304,733
121000129,730,418,312
121000130,515,593,-78
121000131,1514,1491,23
121000132,1870,1483,387
121000135,260,271,-11
121000136,671,917,-246
121000137,371,257,114
121000138,531,1241,-710
121000139,247,486,-239
121000141,179,95,84
121000142,1539,1610,-71
121000143,73,20,53
121000144,587,1302,-715
121000145,452,789,-337
121000146,1125,919,206
121000147,873,404,469
121000148,793,815,-22
121000149,1806,1081,725
121000152,370,364,6
121000153,1278,451,827
121000154,1002,506,496
121000155,1064,902,162
121000156,353,788,-435
121000157,558,885,-327
121000158,247,223,24
121000159,203,240,-37
121000160,453,525,-72
121000161,210,266,-56
121000162,99,110,-11
121000165,971,1375,-404
121000166,16,374,-358
121000168,314,185,129
121000169,66,115,-49
121000170,273,76,197
121000171,93,123,-30
121000172,582,459,123
121000173,944,955,-11
121000174,364,366,-2
121000175,881,241,640
121000176,350,211,139
121000177,594,407,187
121000178,71,39,32
121000179,53,71,-18
121000181,267,306,-39
121000182,100,249,-149
121000183,56,65,-9
121000184,33,82,-49
121000185,39,172,-133
121000186,197,415,-218
121000187,175,128,47
121000188,164,140,24
121000192,770,375,395
121000193,492,420,72
121000194,1238,1564,-326
121000195,168,694,-526
121000196,451,183,268
121000197,125,520,-395
121000198,143,63,80
121000199,69,207,-138
121000200,372,41,331
121000201,4,125,-121
121000202,636,91,545
121000203,648,1312,-664
121000204,2271,534,1737
121000205,60,120,-60
121000206,77,29,48
121000207,1640,252,1388
121000208,2,197,-195
121000209,241,75,166
121000210,481,270,211
121000211,167,64,103
121000212,408,362,46
121000213,6281,1868,4413
121000214,581,1384,-803
121000215,737,729,8
121000216,387,403,-16
121000217,2487,1778,709
121000218,385,1119,-734
121000219,1199,615,584
121000220,110,31,79
121000221,75,196,-121
121000222,1174,1368,-194
121000223,547,211,336
121000224,294,224,70
121000225,802,1322,-520
121000226,1337,867,470
121000227,18,151,-133
121000228,26,438,-412
121000229,266,304,-38
121000230,56,1138,-1082
121000231,822,35,787
121000232,299,183,116
121000233,487,288,199
121000234,18,26,-8
121000235,54,59,-5
121000236,11,30,-19
121000237,37,12,25
121000238,8,40,-32
121000239,31,5,26
121000240,5,125,-120
121000241,69,10,59
121000242,68,422,-354
121000243,386,132,254
121000244,1,67,-66
121000245,83,20,63
121000246,1,94,-93
121000247,112,5,107
121000248,898,502,396
121000249,209,285,-76
121000250,434,177,257
121000251,20,219,-199
121000252,75,42,33
121000253,187,188,-1
121000254,525,77,448
121000255,132,193,-61
121000256,229,148,81
121000257,50,119,-69
121000258,62,41,21
121000259,41,55,-14
121000260,41,60,-19
121000261,64,58,6
121000262,691,410,281
121000263,549,411,138
121000271,243,958,-715
121000273,22,10,12
121000274,11,59,-48
121000275,2,7,-5
121000276,6,21,-15
121000278,37,16,21
121000279,12,15,-3
121000280,17,21,-4
121000289,188,16,172
121000290,951,859,92
121000294,88,96,-8
121000297,802,903,-101
121000299,91,436,-345
121000300,714,556,158
121000302,52,640,-588
121000303,414,219,195
121000304,374,23,351
121000305,192,98,94
121000306,111,124,-13
121000308,85,215,-130
121000309,327,472,-145
121000310,113,272,-159
121000311,60,466,-406
121000312,239,163,76
121000313,210,291,-81
121000314,320,210,110
121000315,181,275,-94
121000530,1377,1025,352
121000531,1371,1158,213
121000532,4866,5538,-672
121000533,2694,2836,-142
121000919,51,67,-16
121000938,58,84,-26
121000939,92,115,-23
121000956,1314,780,534
121000957,2,9,-7
121000958,18,17,1
121000959,690,391,299
121000960,1083,1230,-147
121000961,231,78,153
121000962,290,377,-87
121000973,0,141,-141
121000976,10,100,-90
121000979,362,105,257
121000981,333,173,160
121000982,321,166,155
121000983,530,308,222
121000984,9,59,-50
121000985,776,340,436
121000986,186,121,65
121000987,251,625,-374
121000988,812,155,657
121001302,195,67,128
121001308,1,8,-7
121001309,32,85,-53
121001311,0,0,0
121001313,200,246,-46
121001314,1454,1789,-335
121001315,3539,2299,1240
121001326,323,283,40
121001327,92,87,5
121001328,135,38,97
121900001,126,155,-29
121900002,25,35,-10
121900003,407,8,399
121900004,103,246,-143
121900005,28,10,18
121900006,72,13,59
121900007,1212,1246,-34
121900008,328,256,72
121900009,423,16,407
121900010,144,0,144
121900011,127,183,-56
121900012,6,0,6
121900013,884,87,797
121900014,975,237,738
121900015,150,151,-1
121900016,2,24,-22
121900017,344,342,2
121900018,234,5,229
121900019,447,159,288
121900020,8,1,7
121900021,766,13,753
121900022,176,166,10
121900023,71,165,-94
121900024,192,73,119
121900025,389,351,38
121900026,204,31,173
121900027,240,92,148
121900028,132,10,122
121900029,69,147,-78
121900030,398,391,7
121900031,683,4332,-3649
121900032,45,52,-7
121900033,133,214,-81
121900034,217,81,136
121900035,2051,1467,584
121900036,67,215,-148
121900037,103,774,-671
121900038,42,50,-8
121900039,241,43,198
121900040,75,104,-29
121900041,91,195,-104
121900042,338,148,190
121900043,4,2,2
121900044,62,42,20
121900046,130,223,-93
121900047,160,68,92
121900048,29,49,-20
121900050,31,53,-22
121900051,185,146,39
121900052,122,28,94
121900053,337,243,94
121900054,350,924,-574
121900055,0,10,-10
121900058,187,76,111
121900059,269,121,148
121900060,115,258,-143
121900062,116,67,49
121900063,855,482,373
121900064,175,438,-263
121900066,46,8,38
121900067,44,12,32
121900069,139,74,65
121900070,94,74,20
121900071,287,165,122
121900072,55,114,-59
121900073,246,184,62
121900074,459,741,-282
121900075,333,394,-61
121900076,279,446,-167
121900078,71,26,45
121900079,1,0,1
121900080,514,204,310
121900082,43,79,-36
121900084,7,61,-54
121900086,33,50,-17
121900087,153,84,69
121900088,1020,1638,-618
121900089,200,198,2
121900090,11,52,-41
121900091,61,61,0
121900092,77,78,-1
121900093,81,50,31
121900094,22,2,20
121900095,245,110,135
121900096,773,659,114
121900097,420,121,299
121900098,2,1,1
121900099,205,37,168
121900100,147,331,-184
121900101,90,99,-9
121900102,2,66,-64
121900103,351,245,106
121900104,1167,274,893
121900105,187,141,46
121900106,10,4,6
121900107,51,24,27
121900108,1,12,-11
121900109,242,139,103
121900110,417,469,-52
121900111,391,162,229
121900112,98,137,-39
121900113,70,301,-231
121900114,28,47,-19
121900117,83,44,39
121900118,1297,422,875
121900119,134,72,62
121900120,39,827,-788
121900121,251,38,213
121900122,25,71,-46
121900123,154,270,-116
121900124,107,110,-3
121900125,909,566,343
121900127,17,55,-38
121900128,35,47,-12
121900129,374,112,262
121900130,91,171,-80
121900131,165,56,109
121900132,63,44,19
121900133,105,899,-794
121900134,24,127,-103
121900135,2453,272,2181
121900136,265,232,33
121900137,38,177,-139
121900138,50,86,-36
121900139,269,614,-345
121900140,46,131,-85
121900141,83,37,46
121900142,102,84,18
121900143,1,84,-83
121900144,92,255,-163
121900145,133,135,-2
121900146,494,517,-23
121900147,50,137,-87
121900148,103,165,-62
121900149,218,357,-139
121900150,52,109,-57
121900151,55,203,-148
121900152,59,79,-20
121900153,65,379,-314
121900154,17,202,-185
121900155,0,89,-89
121900156,127,98,29
121900157,1,246,-245
121900158,123,81,42
121900159,1,126,-125
121900160,3,214,-211
121900161,200,263,-63
121900162,75,136,-61
121900163,238,342,-104
121900164,326,224,102
121900165,166,136,30
121900166,171,105,66
121900167,85,104,-19
121900168,72,159,-87
121900169,3,152,-149
121900170,4,127,-123
121900171,507,380,127
121900172,483,132,351
121900173,463,154,309
121900174,41,41,0
121900175,86,126,-40
121900176,478,1079,-601
121900177,145,70,75
121900178,30,41,-11
121900179,290,159,131
121900180,1893,3031,-1138
121900182,521,235,286
121900183,364,1092,-728
121900184,45,543,-498
121900186,2,231,-229
121900187,43,86,-43
121900188,300,237,63
121900189,20,80,-60
121900190,182,362,-180
121900191,52,219,-167
121900192,262,745,-483
121900193,18,129,-111
121900194,1,92,-91
121900195,59,56,3
121900196,608,553,55
121900197,221,905,-684
121900198,871,680,191
121900199,5,12,-7
121900200,42,165,-123
121900201,678,493,185
121900202,73,451,-378
121900203,131,528,-397
121900204,541,747,-206
121900205,14,64,-50
121900206,9,22,-13
121900207,60,15,45
121900208,131,262,-131
121900209,48,22,26
121900210,969,715,254
121900211,362,358,4
121900212,116,83,33
121900213,171,58,113
121900214,12,296,-284
121900215,49,65,-16
121900216,34,143,-109
121900217,156,105,51
121900218,137,300,-163
121900220,52,3,49
121900221,183,351,-168
121900222,118,96,22
121900223,135,38,97
121900224,55,21,34
121900225,75,104,-29
121900226,134,135,-1
121900227,142,430,-288
121900228,148,200,-52
121900230,60,196,-136
121900231,215,981,-766
121900232,131,261,-130
121900233,126,102,24
121900234,200,178,22
121900235,386,114,272
121900236,218,96,122
121900237,164,198,-34
121900238,112,190,-78
121900239,122,14,108
121900240,161,53,108
121900241,33,59,-26
121900242,3,0,3
121900243,5,0,5
121900244,24,2,22
121900245,108,26,82
121900246,1848,217,1631
121900248,937,981,-44
121900250,158,250,-92
121900251,361,26,335
121900252,470,70,400
121900253,144,845,-701
121900254,387,223,164
121900255,343,56,287
121900258,2724,1407,1317
121900259,258,363,-105
121900260,61,62,-1
121900261,135,417,-282
121900262,292,656,-364
121900263,246,233,13
121900264,1035,798,237
121900265,251,152,99
121900266,400,111,289
121900267,60,24,36
121900269,134,480,-346
121900270,22,125,-103
121900271,33,69,-36
121900273,316,1179,-863
121900274,238,150,88
121900277,358,772,-414
121900278,67,668,-601
121900279,132,128,4
121900280,48,191,-143
121900281,182,298,-116
121900284,49,3,46
121900286,126,47,79
121900287,10,15,-5
121900288,4,0,4
121900290,183,357,-174
121900291,268,489,-221
121900292,127,107,20
121900293,697,2038,-1341
121900294,149,2,147
121900295,91,169,-78
121900296,32,92,-60
121900298,221,537,-316
121900299,0,13,-13
121900300,105,6,99
121900301,66,4,62
121900302,3,31,-28
121900303,189,273,-84
121900304,9,6,3
121900305,1,5,-4
121900306,170,1,169
121900307,86,5,81
121900308,16,148,-132
121900309,17,151,-134
121900310,10,327,-317
121900311,391,25,366
121900312,270,15,255
121900313,310,14,296
121900314,6,26,-20
121900315,18,0,18
121900316,0,10,-10
121900317,22,2,20
121900318,7,22,-15
121900319,33,69,-36
121900320,31,49,-18
121900321,26,1,25
121900322,1,17,-16
121900323,8,12,-4
121900324,1,27,-26
121900325,20,1,19
121900326,3,17,-14
121900327,2,30,-28
121900328,0,19,-19
121900329,2,98,-96
121900330,0,49,-49
121900331,34,26,8
121900332,70,30,40
121900333,21,0,21
121900334,58,59,-1
122000001,1594,3930,-2336
122000002,2962,1211,1751
122000003,1341,2520,-1179
122000004,1968,1187,781
122000005,1919,1583,336
122000006,1192,883,309
122000007,701,1374,-673
122000008,2237,2789,-552
122000009,384,385,-1
122000010,1564,2093,-529
122000011,2358,1663,695
122000012,1068,1269,-201
122000013,715,716,-1
122000014,1502,821,681
122000015,887,656,231
122000016,435,563,-128
122000017,805,729,76
122000018,987,1005,-18
122000019,626,799,-173
122000020,144,147,-3
122000021,191,336,-145
122000022,835,663,172
122000023,493,1125,-632
122000024,523,1041,-518
122000025,628,1194,-566
122000026,693,923,-230
122000027,467,1342,-875
122000028,617,303,314
122000029,295,321,-26
122000030,130,102,28
122000031,134,226,-92
122000032,1393,1280,113
122000033,340,1015,-675
122000034,426,445,-19
122000035,207,531,-324
122000036,415,392,23
122000037,262,178,84
122000038,202,260,-58
122000039,546,307,239
122000040,181,191,-10
122000041,401,457,-56
122000042,347,334,13
122000043,83,81,2
122000044,90,78,12
122000045,993,415,578
122000046,606,473,133
122000047,135,147,-12
122000048,2376,3238,-862
122000049,3887,2617,1270
122000050,952,663,289
122000051,226,272,-46
122000052,307,384,-77
122000053,192,696,-504
122000054,1707,1497,210
122000055,1670,2571,-901
122000056,2950,2257,693
122000057,2249,2801,-552
122000058,1630,1284,346
122000059,1727,1602,125
122000060,450,661,-211
122000061,305,451,-146
122000062,678,230,448
122000063,624,618,6
122000064,2193,2544,-351
122000065,2099,1524,575
122000066,343,381,-38
122000067,1349,1088,261
122000068,1053,807,246
122000069,671,656,15
122000070,520,959,-439
122000071,1420,899,521
122000072,280,364,-84
122000073,346,522,-176
122000074,2154,1368,786
122000075,600,851,-251
122000076,2131,959,1172
122000077,755,765,-10
122000078,1285,2509,-1224
122000079,804,1325,-521
122000080,474,311,163
122000081,127,203,-76
122000082,388,707,-319
122000083,1146,1068,78
122000084,873,550,323
122000085,168,665,-497
122000086,1608,3324,-1716
122000087,249,239,10
122000088,137,233,-96
122000089,3391,1716,1675
122000090,157,322,-165
122000091,103,108,-5
122000092,68,16,52
122000093,778,1240,-462
122000094,3514,2035,1479
122000095,1261,2353,-1092
122000096,1216,1148,68
122000098,1544,1483,61
122000099,965,639,326
122000100,716,504,212
122000101,289,525,-236
122000102,1510,860,650
122000103,1478,1247,231
122000104,390,194,196
122000105,514,200,314
122000106,402,512,-110
122000107,792,307,485
122000108,368,518,-150
122000109,348,202,146
122000110,296,356,-60
122000111,1800,935,865
122000112,724,925,-201
122000113,550,504,46
122000114,1529,1185,344
122000115,1338,909,429
122000116,296,345,-49
122000117,951,377,574
122000118,472,656,-184
122000119,2399,1722,677
122000120,1779,3478,-1699
122000121,1555,2615,-1060
122000122,909,1289,-380
122000123,1162,1013,149
122000124,981,778,203
122000125,290,475,-185
122000126,439,710,-271
122000127,603,885,-282
122000128,403,560,-157
122000129,399,1219,-820
122000130,2357,841,1516
122000131,1257,1091,166
122000132,474,429,45
122000133,764,852,-88
122000134,832,731,101
122000135,670,588,82
122000136,786,568,218
122000137,1262,573,689
122000139,845,2391,-1546
122000140,536,426,110
122000141,2299,769,1530
122000142,214,717,-503
122000143,349,595,-246
122000144,1406,1221,185
122000145,792,731,61
122000146,542,852,-310
122000147,643,576,67
122000148,540,737,-197
122000149,1361,1167,194
122000150,1048,845,203
122000151,41,46,-5
122000152,377,587,-210
122000153,225,372,-147
122000154,235,193,42
122000155,1138,1777,-639
122000156,874,1170,-296
122000157,1531,2403,-872
122000158,274,581,-307
122000159,737,1726,-989
122000160,2882,2236,646
122000161,1212,1250,-38
122000162,1495,1700,-205
122000163,169,44,125
122000164,29,69,-40
122000165,422,575,-153
122000166,643,904,-261
122000167,179,153,26
122000168,166,383,-217
122000169,297,158,139
122000170,299,198,101
122000171,16,64,-48
122000172,1272,1002,270
122000173,1047,1547,-500
122000174,1355,727,628
122000175,678,190,488
122000176,254,627,-373
122000177,1160,1083,77
122000178,2035,1797,238
122000179,1276,1645,-369
122000180,999,950,49
122000181,1748,2405,-657
122000182,1105,1070,35
122000183,1546,878,668
122000184,2422,1683,739
122000185,1297,1610,-313
122000186,375,645,-270
122000187,1411,736,675
122000188,325,205,120
122000189,184,236,-52
122000190,648,868,-220
122000191,570,457,113
122000192,798,277,521
122000193,285,615,-330
122000194,341,149,192
122000195,118,440,-322
122000196,798,521,277
122000197,462,604,-142
122000198,539,700,-161
122000199,267,289,-22
122000200,767,465,302
122000201,1008,1447,-439
122000202,1185,1765,-580
122000203,1604,886,718
122000204,1560,1663,-103
122000205,1080,996,84
122000206,2095,1003,1092
122000207,1282,1391,-109
122000208,1638,1064,574
122000209,1342,275,1067
122000210,1868,1307,561
122000211,1167,1121,46
122000212,586,329,257
122000213,760,987,-227
122000214,1370,1162,208
122000215,1758,1536,222
122000217,1301,1092,209
122000218,614,51,563
122000219,1232,857,375
122000220,459,505,-46
122000221,95,302,-207
122000222,485,162,323
122000223,1163,497,666
122000225,720,364,356
122000226,1150,1317,-167
122000227,222,1597,-1375
122000228,292,249,43
122000229,24,390,-366
122000230,41,325,-284
122000231,231,606,-375
122000232,401,708,-307
122000233,0,77,-77
122000234,347,71,276
122000235,854,104,750
122000236,991,80,911
122000237,105,79,26
122000238,237,256,-19
122000239,564,129,435
122000240,1026,501,525
122000241,1531,354,1177
122000242,480,94,386
122000243,279,50,229
122000244,70,266,-196
122000245,92,169,-77
122000246,338,90,248
122000247,363,491,-128
122000248,970,1107,-137
122000249,1014,606,408
122000250,1817,1062,755
122000251,189,430,-241
122000252,367,88,279
122000253,39,153,-114
122000254,201,49,152
122000255,450,1037,-587
122000256,321,519,-198
122000257,156,242,-86
122000258,170,146,24
122000259,29,433,-404
122000260,153,539,-386
122000261,21,190,-169
122000262,3,33,-30
122000263,301,149,152
122000264,1036,278,758
122000265,1768,722,1046
122000266,3077,611,2466
122000267,156,137,19
122000268,119,287,-168
122000269,724,296,428
122000270,429,113,316
122000271,304,709,-405
122000272,252,755,-503
122000273,460,333,127
122000274,195,199,-4
122000275,283,203,80
122000276,492,283,209
122000277,937,1173,-236
122000278,1870,868,1002
122000279,135,218,-83
122000280,569,460,109
122000281,538,384,154
122000282,159,430,-271
122000283,190,148,42
122000284,138,81,57
122000285,320,80,240
122000286,55,126,-71
122000287,956,1073,-117
122000288,392,195,197
122000291,1651,544,1107
122000293,169,212,-43
122000294,133,198,-65
122000295,940,149,791
122000296,29,381,-352
122000297,1376,1704,-328
122000299,634,1100,-466
122000300,465,497,-32
122000301,5222,2316,2906
122000302,419,1051,-632
122000303,1894,819,1075
122000304,54,155,-101
122000305,896,392,504
122000306,34,327,-293
122000307,54,42,12
122000309,43,32,11
122000310,22,125,-103
122000311,120,133,-13
122000312,97,134,-37
122000313,125,83,42
122000314,100,199,-99
122000315,180,37,143
122000316,706,202,504
122000317,1162,250,912
122000318,158,278,-120
122000319,117,224,-107
122000320,258,890,-632
122000321,91,126,-35
122000322,1467,1579,-112
122000323,1019,1821,-802
122000324,916,1100,-184
122000325,636,1362,-726
122000326,86,68,18
122000327,464,775,-311
122000328,676,491,185
122000330,1626,746,880
122000333,18,105,-87
122000337,954,1029,-75
122000338,457,371,86
122000340,268,471,-203
122000342,1259,695,564
122000343,382,773,-391
122000344,53,12,41
122000345,248,70,178
122000346,236,274,-38
122000348,626,495,131
122000349,100,413,-313
122000351,115,141,-26
122000352,202,190,12
122000353,101,75,26
122000355,126,399,-273
122000356,1096,1540,-444
122000357,51,25,26
122000358,0,46,-46
122000359,0,18,-18
122000360,0,29,-29
122000362,11,52,-41
122000364,219,244,-25
122000365,0,22,-22
122000366,16,9,7
122000368,310,441,-131
122000370,28,30,-2
122000371,32,0,32
122000372,8,0,8
122000381,91,220,-129
122000382,91,317,-226
122000384,1500,850,650
122000385,46,0,46
122000386,184,913,-729
122000387,518,665,-147
122000388,906,597,309
122000389,124,522,-398
122000390,470,253,217
122000391,184,132,52
122000392,114,148,-34
122000393,249,273,-24
122000394,424,159,265
122000395,121,103,18
122000396,206,66,140
122000399,210,86,124
122000400,114,615,-501
122000401,114,65,49
122000402,250,101,149
122000403,278,429,-151
122000404,112,113,-1
122000408,541,782,-241
122000503,9,70,-61
122000524,160,99,61
122000544,77,1738,-1661
122000614,382,328,54
122000616,186,5,181
122000640,77,66,11
122000641,110,188,-78
122000642,1005,631,374
122000643,49,167,-118
122000644,237,106,131
122000645,207,290,-83
122000651,786,767,19
122000664,174,68,106
122000665,1000,404,596
122000666,562,861,-299
122000673,40,120,-80
122000674,192,50,142
122000675,1570,606,964
122000686,107,401,-294
122000687,594,103,491
122000688,177,361,-184
122000689,480,98,382
122000690,1615,323,1292
122000691,596,1002,-406
122000692,1699,497,1202
122000693,526,1362,-836
122000695,223,164,59
122000696,279,132,147
122000698,417,362,55
122000699,162,35,127
122000701,1514,386,1128
122000702,474,897,-423
122000703,142,52,90
122000712,0,0,0
122000717,734,144,590
122000718,455,1439,-984
122000719,113,78,35
122000720,651,183,468
122000724,172,236,-64
122900001,16,6,10
122900002,775,3658,-2883
122900003,278,21,257
122900004,1029,41,988
122900005,59,76,-17
122900006,284,585,-301
122900007,68,71,-3
122900008,300,190,110
122900009,452,306,146
122900010,176,84,92
122900012,203,321,-118
122900014,115,129,-14
122900015,946,634,312
122900016,89,124,-35
122900017,262,557,-295
122900018,141,18,123
122900020,112,305,-193
122900021,30,236,-206
122900022,805,764,41
122900023,275,102,173
122900024,81,79,2
122900025,7,195,-188
122900026,59,142,-83
122900027,53,421,-368
122900028,57,79,-22
122900029,3244,2150,1094
122900030,747,370,377
122900031,31,159,-128
122900032,76,233,-157
122900033,176,108,68
122900034,2752,3366,-614
122900035,11,16,-5
122900036,23,58,-35
122900037,250,75,175
122900038,74,1923,-1849
122900039,106,331,-225
122900040,190,380,-190
122900041,144,393,-249
122900042,127,188,-61
122900043,193,151,42
122900044,88,200,-112
122900045,96,76,20
122900046,90,312,-222
122900047,105,164,-59
122900048,49,113,-64
122900049,1157,110,1047
122900051,98,103,-5
122900052,122,101,21
122900053,37,26,11
122900055,233,54,179
122900057,217,33,184
122900061,342,98,244
122900062,419,387,32
122900063,134,139,-5
122900064,675,263,412
122900065,418,177,241
122900066,521,264,257
122900067,675,433,242
122900069,257,826,-569
122900070,238,41,197
122900071,98,222,-124
122900073,26,150,-124
122900074,672,281,391
122900075,1,47,-46
122900076,5,152,-147
122900077,3,58,-55
122900078,124,41,83
122900080,28,34,-6
122900081,110,130,-20
122900082,808,135,673
122900083,153,114,39
122900084,8,156,-148
122900086,18,75,-57
122900087,325,359,-34
122900088,12,166,-154
122900089,109,214,-105
122900090,1,267,-266
122900091,232,1,231
122900092,0,69,-69
122900093,1,125,-124
122900094,9,122,-113
122900095,147,14,133
122900096,227,160,67
122900097,31,30,1
122900098,67,93,-26
122900099,65,18,47
122900100,89,192,-103
122900101,384,159,225
122900102,21,33,-12
122900103,152,4,148
122900104,232,4,228
122900105,19,9,10
122900106,4,40,-36
122900107,4,108,-104
122900108,6,134,-128
122900109,192,88,104
123000001,644,283,361
123000002,2019,2829,-810
123000003,2116,2385,-269
123000004,2056,3017,-961
123000005,1866,1864,2
123000006,1541,1993,-452
123000007,3440,2331,1109
123000008,1950,1650,300
123000009,3459,2113,1346
123000010,2518,2569,-51
123000011,1557,641,916
123000012,908,1903,-995
123000013,2309,738,1571
123000014,602,1780,-1178
123000015,1876,747,1129
123000016,949,2134,-1185
123000017,3397,1650,1747
123000018,105,73,32
123000019,311,113,198
123000020,166,37,129
123000021,113,121,-8
123000022,222,1191,-969
123000023,1306,1517,-211
123000024,1508,665,843
123000025,254,108,146
123000026,33,115,-82
123000027,107,506,-399
123000028,798,1493,-695
123000029,563,1581,-1018
123000030,236,177,59
123000031,310,172,138
123000032,395,100,295
123000033,229,77,152
123000034,1009,641,368
123000035,309,270,39
123000036,219,643,-424
123000037,196,220,-24
123000038,43,229,-186
123000039,381,1266,-885
123000040,556,286,270
123000041,854,899,-45
123000042,646,466,180
123000043,1173,3453,-2280
123000044,3364,1829,1535
123000045,2974,1806,1168
123000046,432,1146,-714
123000047,873,492,381
123000048,55,800,-745
123000049,2488,5846,-3358
123000050,1599,2012,-413
123000051,104,225,-121
123000052,805,2461,-1656
123000053,1542,2151,-609
123000054,1345,1586,-241
123000055,1446,1887,-441
123000056,769,841,-72
123000057,6363,4872,1491
123000058,642,774,-132
123000059,895,3015,-2120
123000060,913,502,411
123000061,1491,1526,-35
123000063,312,239,73
123000064,645,253,392
123000065,1887,1286,601
123000066,496,470,26
123000067,932,543,389
123000068,1927,1887,40
123000069,4231,2493,1738
123000070,124,176,-52
123000071,559,351,208
123000072,574,407,167
123000073,1146,731,415
123000074,1306,1055,251
123000075,688,1210,-522
123000076,748,527,221
123000077,1414,1164,250
123000078,874,786,88
123000079,1415,1400,15
123000080,2147,1462,685
123000081,164,404,-240
123000082,204,676,-472
123000083,884,421,463
123000084,516,462,54
123000085,290,66,224
123000086,463,120,343
123000087,458,420,38
123000088,1127,993,134
123000089,518,763,-245
123000090,947,555,392
123000091,1482,1176,306
123000092,1396,1306,90
123000094,521,249,272
123000095,406,449,-43
123000096,650,245,405
123000097,474,440,34
123000098,698,400,298
123000099,477,578,-101
123000100,494,495,-1
123000101,486,535,-49
123000102,347,438,-91
123000104,329,379,-50
123000105,343,361,-18
123000106,398,406,-8
123000107,388,453,-65
123000108,1415,935,480
123000111,632,329,303
123000112,500,218,282
123000113,381,548,-167
123000114,310,458,-148
123000115,240,237,3
123000116,35,85,-50
123000117,558,663,-105
123000118,232,255,-23
123000119,385,641,-256
123000120,483,646,-163
123000121,276,320,-44
123000122,285,197,88
123000123,472,460,12
123000124,410,334,76
123000125,738,1100,-362
123000126,1082,3403,-2321
123000127,623,665,-42
123000128,236,186,50
123000129,607,160,447
123000130,482,71,411
123000131,769,775,-6
123000132,274,487,-213
123000133,157,275,-118
123000134,263,128,135
123000135,1517,727,790
123000136,146,518,-372
123000137,96,213,-117
123000138,73,283,-210
123000139,504,97,407
123000140,113,466,-353
123000141,625,106,519
123000142,1038,907,131
123000143,824,1460,-636
123000144,21,10,11
123000145,113,101,12
123000146,14,61,-47
123000147,54,98,-44
123000149,316,264,52
123000150,150,234,-84
123000151,214,539,-325
123000152,59,279,-220
123000153,144,619,-475
123000154,1055,1449,-394
123000155,1480,916,564
123000156,36,88,-52
123000157,646,639,7
123000158,475,684,-209
123000159,1675,1345,330
123000160,898,703,195
123000161,1217,609,608
123000162,914,1223,-309
123000163,442,104,338
123000164,836,203,633
123000165,292,762,-470
123000166,38,69,-31
123000167,155,245,-90
123000168,222,132,90
123000169,698,116,582
123000170,90,98,-8
123000171,540,26,514
123000172,142,305,-163
123000173,445,237,208
123000174,769,321,448
123000175,432,752,-320
123000176,1057,329,728
123000177,230,578,-348
123000178,598,154,444
123000179,27,196,-169
123000180,1265,301,964
123000181,150,585,-435
123000183,159,477,-318
123000186,92,435,-343
123000187,487,10,477
123000188,283,53,230
123000189,87,128,-41
123000190,4,70,-66
123000192,40,212,-172
123000193,127,594,-467
123000194,256,270,-14
123000195,109,22,87
123000196,126,21,105
123000197,115,54,61
123000198,38,481,-443
123000199,20,482,-462
123000200,348,29,319
123000201,492,8,484
123000202,59,658,-599
123000203,562,62,500
123000204,75,742,-667
123000205,394,979,-585
123000206,1736,190,1546
123000207,80,622,-542
123000208,760,179,581
123000209,2079,508,1571
123000210,370,1342,-972
123000211,547,1922,-1375
123000212,2944,604,2340
123000213,685,219,466
123000215,78,180,-102
123000216,92,461,-369
123000217,224,32,192
123000218,44,442,-398
123000219,472,61,411
123000220,405,57,348
123000222,204,107,97
123000223,293,172,121
123000224,319,217,102
123000225,192,37,155
123000226,33,155,-122
123000227,44,190,-146
123000228,228,57,171
123000229,753,976,-223
123000232,67,413,-346
123000233,552,110,442
123000234,117,455,-338
123000235,876,225,651
123000236,233,491,-258
123000237,309,63,246
123000238,63,339,-276
123000239,286,656,-370
123000240,66,403,-337
123000241,541,73,468
123000243,898,705,193
123000244,807,673,134
123000245,25,96,-71
123000249,219,448,-229
123000252,679,117,562
123000253,1089,414,675
123000254,442,540,-98
123000255,792,772,20
123000256,274,299,-25
123000257,863,723,140
123000258,1098,820,278
123000259,355,226,129
123000260,330,264,66
123000261,478,265,213
123000262,100,129,-29
123000263,360,78,282
123000264,152,62,90
123000265,51,101,-50
123000266,574,491,83
123000267,550,368,182
123000268,55,65,-10
123000269,50,72,-22
123000270,30,53,-23
123000271,57,57,0
123000272,578,237,341
123000273,207,429,-222
123000274,1005,404,601
123000275,198,607,-409
123000278,2005,2342,-337
123000279,125,85,40
123000280,349,352,-3
123000281,234,78,156
123000282,71,211,-140
123000283,125,48,77
123000284,66,45,21
123000286,214,546,-332
123000287,555,332,223
123000288,1200,726,474
123000289,338,724,-386
123000291,226,716,-490
123000294,274,254,20
123000295,723,551,172
123000296,611,434,177
123000297,744,426,318
123000298,518,252,266
123000299,200,258,-58
123000300,2055,1757,298
123000301,193,314,-121
123000302,146,111,35
123000303,68,276,-208
123000305,672,810,-138
123000306,105,101,4
123000309,48,39,9
123000310,35,44,-9
123000311,29,105,-76
123000312,585,687,-102
123000313,1074,608,466
123000315,245,229,16
123000316,214,319,-105
123000317,183,56,127
123000318,58,137,-79
123000329,14,5,9
123000337,867,502,365
123000338,250,58,192
123000339,172,92,80
123000340,281,491,-210
123000342,14,112,-98
123000343,31,3,28
123000344,1172,305,867
123000345,1020,648,372
123000346,682,227,455
123000352,815,666,149
123000353,52,116,-64
123000354,535,12,523
123000355,40,655,-615
123000356,267,11,256
123000357,5,62,-57
123000359,12,98,-86
123000360,161,50,111
123000361,161,192,-31
123000362,282,65,217
123000363,70,105,-35
123000364,816,690,126
123000365,21,257,-236
123000366,636,1983,-1347
123000367,787,1204,-417
123000370,42,160,-118
123000371,229,15,214
123000372,193,22,171
123000373,10,213,-203
123000374,29,110,-81
123000375,210,39,171
123000376,748,636,112
123000377,309,7,302
123000378,13,100,-87
123000379,23,197,-174
123000380,42,290,-248
123000381,99,35,64
123000382,599,100,499
123000383,146,848,-702
123000384,366,79,287
123000385,122,329,-207
123000436,113,1801,-1688
123000507,321,239,82
123000508,468,1073,-605
123000517,161,24,137
123000518,19,210,-191
123000519,198,32,166
123000520,43,180,-137
123000521,411,121,290
123000522,270,572,-302
123000541,11,3,8
123000542,0,12,-12
123000565,796,37,759
123000566,248,325,-77
123000567,82,133,-51
123000575,30,441,-411
123000576,588,29,559
123000577,116,533,-417
123000578,366,43,323
123000579,1959,4322,-2363
123000580,138,42,96
123000582,286,18,268
123000583,11,210,-199
123000584,141,230,-89
123000585,0,37,-37
123000586,50,0,50
123000596,72,77,-5
123000597,54,152,-98
123000602,37,6,31
123000603,453,53,400
123000604,157,374,-217
123000605,717,32,685
123000606,1,339,-338
123000609,8,198,-190
123000610,118,80,38
123000613,4,41,-37
123000615,45,68,-23
123000616,159,35,124
123000617,143,178,-35
123000618,48,302,-254
123000619,508,36,472
123000620,61,1073,-1012
123000622,729,59,670
123000624,116,68,48
123000630,1837,490,1347
123000631,2450,1777,673
123000632,1252,1075,177
123000633,85,383,-298
123000634,49,93,-44
123000635,62,90,-28
123000636,47,292,-245
123000637,121,10,111
123000638,460,37,423
123000639,1725,3417,-1692
123000640,22,322,-300
123000648,986,272,714
123000649,197,493,-296
123000650,136,88,48
123000651,209,226,-17
123000652,478,55,423
123000653,86,200,-114
123000654,175,342,-167
123000655,38,256,-218
123000656,558,43,515
123000657,5,65,-60
123000658,153,9,144
123900001,789,27,762
123900002,19,1047,-1028
123900003,146,267,-121
123900005,185,168,17
123900006,209,63,146
124000001,1647,122,1525
124000002,14,506,-492
124000003,708,122,586
124000004,68,316,-248
124000005,812,322,490
124000006,183,655,-472
124000007,363,89,274
124000008,8,286,-278
124000009,563,170,393
124000010,189,292,-103
124000011,623,232,391
124000012,182,334,-152
124000017,177,93,84
124000018,98,48,50
124000019,101,105,-4
124000020,43,106,-63
124000021,106,62,44
124000022,109,161,-52
124000023,454,163,291
124000024,747,295,452
124000025,551,351,200
124000026,630,312,318
124000027,1074,736,338
124000028,1571,633,938
124000031,1575,2445,-870
124000032,1548,767,781
124000033,973,423,550
124000034,485,703,-218
124000035,318,206,112
124000036,134,424,-290
124000037,255,1205,-950
124000038,54,64,-10
124000039,663,479,184
124000040,399,984,-585
124000041,323,87,236
124000042,66,393,-327
124000043,82,76,6
124000044,53,149,-96
124000045,699,409,290
124000046,292,517,-225
124000047,1393,649,744
124000048,885,872,13
124000049,1342,456,886
124000050,777,1162,-385
124000051,776,430,346
124000052,552,564,-12
124000053,486,1327,-841
124000054,759,362,397
124000055,1153,2203,-1050
124000056,1619,1043,576
124000057,907,465,442
124000058,343,917,-574
124000059,634,1010,-376
124000060,737,472,265
124000061,1120,4488,-3368
124000062,3847,1368,2479
124000063,944,1160,-216
124000064,1464,994,470
124000065,116,364,-248
124000066,218,103,115
124000067,129,93,36
124000068,55,82,-27
124000069,597,92,505
124000070,211,314,-103
124000071,90,73,17
124000072,175,239,-64
124000073,707,175,532
124000074,180,403,-223
124000075,245,17,228
124000076,10,97,-87
124000077,1108,714,394
124000078,1532,1440,92
124000079,302,1202,-900
124000080,404,124,280
124000081,123,351,-228
124000082,101,123,-22
124000083,118,77,41
124000084,61,434,-373
124000085,60,26,34
124000086,35,79,-44
124000087,120,74,46
124000088,106,291,-185
124000089,688,214,474
124000090,106,255,-149
124000091,487,96,391
124000092,128,466,-338
124000093,102,56,46
124000094,111,316,-205
124000095,123,66,57
124000096,138,141,-3
124000097,110,137,-27
124000098,55,101,-46
124000099,213,86,127
124000100,56,103,-47
124000101,75,111,-36
124000102,70,39,31
124000103,120,94,26
124000104,109,31,78
124000105,73,87,-14
124000106,129,47,82
124000107,14,168,-154
124000108,68,18,50
124000109,145,88,57
124000110,212,80,132
124000111,215,107,108
124000112,593,489,104
124000113,77,114,-37
124000114,326,297,29
124000115,297,591,-294
124000116,73,177,-104
124000117,51,85,-34
124000118,34,69,-35
124000119,649,328,321
124000120,411,362,49
124000121,1456,709,747
124000122,444,1027,-583
124000123,733,357,376
124000124,351,719,-368
124000125,311,341,-30
124000126,305,468,-163
124000127,782,263,519
124000128,431,621,-190
124000129,1639,1347,292
124000130,654,462,192
124000131,715,517,198
124000132,622,607,15
124000133,742,595,147
124000134,715,520,195
124000135,1206,1392,-186
124000136,611,747,-136
124000137,845,604,241
124000138,849,952,-103
124000139,588,60,528
124000140,56,336,-280
124000141,684,35,649
124000142,35,418,-383
124000143,112,13,99
124000144,3,139,-136
124000145,98,22,76
124000146,10,54,-44
124000148,12,92,-80
124000149,960,342,618
124000150,230,587,-357
124000151,837,276,561
124000152,616,949,-333
124000153,565,558,7
124000154,313,426,-113
124000155,1036,754,282
124000156,1138,728,410
124000169,176,356,-180
124000170,343,349,-6
124000171,215,184,31
124000172,268,327,-59
124000173,440,152,288
124000174,349,375,-26
124000175,7,62,-55
124000176,16,7,9
124000177,3,35,-32
124000178,38,33,5
124000185,47,12,35
124000186,5,26,-21
124000187,9,49,-40
124000188,75,9,66
124000190,64,38,26
124000191,72,202,-130
124000192,739,231,508
124000193,172,649,-477
124000194,341,291,50
124000195,286,499,-213
124000196,751,738,13
124000197,34,34,0
124000198,50,59,-9
124000201,304,458,-154
124000202,567,293,274
124000203,288,372,-84
124000204,874,252,622
124000205,77,281,-204
124000206,609,215,394
124000207,2,30,-28
124000209,133,136,-3
124000210,421,110,311
124000211,690,1,689
124000212,0,219,-219
124000213,368,171,197
124000214,435,312,123
124000215,550,50,500
124000216,4,289,-285
124000329,135,899,-764
124000338,101,416,-315
124000339,947,89,858
124000341,1346,83,1263
124000344,78,20,58
124000357,1406,2671,-1265
124000358,1311,2347,-1036
124000359,1025,699,326
124000360,838,421,417
124000361,1149,627,522
124000362,725,1043,-318
124000363,251,295,-44
124000364,501,610,-109
124000365,567,798,-231
124000366,1303,1282,21
124000367,115,327,-212
124000368,371,343,28
124000369,90,80,10
124000370,40,302,-262
124000402,21,15,6
124000403,132,9,123
124000404,15,69,-54
124000405,852,568,284
124000406,617,600,17
124000407,1,31,-30
124000411,9,183,-174
124000412,394,10,384
124000413,118,16,102
124000414,102,125,-23
124000415,65,87,-22
124000416,143,153,-10
124000417,150,113,37
124000418,158,88,70
124000419,85,96,-11
124000420,75,40,35
124000421,49,145,-96
124000422,43,18,25
124000423,145,25,120
124000424,3,86,-83
124000425,156,12,144
124000426,1,139,-138
124000427,165,13,152
124000428,2,62,-60
124000429,72,44,28
124000430,490,316,174
124000431,255,328,-73
124000432,197,499,-302
124000439,48,9,39
124000443,2,24,-22
124000445,163,1228,-1065
124000446,866,258,608
124000447,26,96,-70
124000448,89,9,80
124000449,189,9,180
124000450,11,93,-82
124000451,5,78,-73
124000452,311,70,241
124000453,2133,3023,-890
124000454,1922,3738,-1816
124000455,3,769,-766
124000456,672,13,659
124000457,4,307,-303
124000458,4,196,-192
124000459,283,4,279
124000460,9,127,-118
124900001,492,274,218
124900002,129,194,-65
124900003,1007,489,518
124900004,641,234,407
124900005,175,110,65
124900006,625,229,396
124900008,735,338,397
124900009,123,245,-122
124900010,117,65,52
124900011,400,134,266
124900012,351,101,250
124900013,346,142,204
124900014,195,28,167
124900015,89,248,-159
124900016,45,54,-9
124900017,369,1263,-894
124900018,57,42,15
124900020,62,31,31
124900021,199,31,168
124900022,54,8,46
124900024,255,3,252
124900026,102,9,93
124900027,101,335,-234
124900028,246,63,183
124900029,10,369,-359
124900030,0,63,-63
124900031,27,166,-139
124900032,152,143,9
124900033,107,159,-52
124900034,3,71,-68
124900035,123,254,-131
124900036,1,56,-55
124900037,154,143,11
124900038,172,186,-14
124900039,9,54,-45
124900040,115,77,38
124900041,208,618,-410
124900042,94,2,92
124900043,484,545,-61
124900044,60,1,59
124900045,331,888,-557
124900047,81,93,-12
124900048,186,49,137
124900050,160,86,74
124900052,77,201,-124
124900053,84,187,-103
124900054,1240,295,945
124900055,0,126,-126
124900057,12,376,-364
124900060,73,135,-62
124900061,77,13,64
124900062,160,16,144
124900066,0,16,-16
124900067,6,92,-86
124900068,185,355,-170
124900070,36,26,10
124900072,86,52,34
124900075,142,138,4
124900076,15,1018,-1003
124900077,25,65,-40
124900078,60,14,46
124900079,281,123,158
124900080,249,371,-122
124900081,894,257,637
124900082,358,552,-194
124900083,211,291,-80
124900085,623,379,244
124900086,30,989,-959
124900087,433,45,388
124900088,321,66,255
124900089,793,23,770
124900090,254,168,86
124900091,281,169,112
124900092,165,128,37
124900093,247,111,136
124900094,331,140,191
124900095,62,337,-275
124900096,338,169,169
124900097,329,36,293
124900098,90,213,-123
124900099,363,380,-17
124900100,190,25,165
124900101,100,322,-222
124900102,184,11,173
124900103,136,107,29
124900104,92,94,-2
124900105,134,79,55
124900106,265,54,211
124900107,75,7,68
124900108,116,55,61
124900111,1,85,-84
124900112,66,258,-192
124900113,82,299,-217
124900114,133,233,-100
124900115,28,32,-4
124900116,157,141,16
124900117,181,157,24
124900118,86,270,-184
124900119,318,128,190
124900120,41,188,-147
124900121,77,308,-231
124900122,162,142,20
124900123,180,121,59
124900124,111,261,-150
124900125,667,4,663
124900126,4,387,-383
204000001,106,14,92
204000002,16,8,8
204000003,14,6,8
204000004,4,3,1
204000005,559,546,13
204000006,1146,1086,60
204000011,25,26,-1
204000012,35,78,-43
204000019,561,406,155
204000020,517,471,46
204000021,1059,578,481
204000022,478,365,113
204000023,566,498,68
204000031,59,13,46
204000032,315,15,300
204000034,26,55,-29
204000035,0,10,-10
204000036,3,12,-9
204000037,1,7,-6
204000038,0,12,-12
204000039,4,16,-12
204000040,2,14,-12
204000041,1,13,-12
204000042,14,8,6
204000043,46,3,43
204000044,21,7,14
204000045,37,4,33
204000046,13,2,11
204000057,6,11,-5
204000062,37,48,-11
204000068,22,258,-236
204000069,69,299,-230
204000070,78,84,-6
204000080,63,58,5
204000085,2060,1117,943
204000086,2130,1305,825
204000087,53,12,41
204000088,6,72,-66
204000090,16,84,-68
204000093,38,29,9
204000096,799,996,-197
204000097,318,9,309
204000099,889,1472,-583
204000100,1118,1828,-710
204000105,2006,1008,998
204000110,376,670,-294
204000111,443,418,25
204000112,479,425,54
204000113,432,487,-55
204000114,558,514,44
204000115,463,325,138
204000116,472,486,-14
204000119,1699,2543,-844
204000132,820,291,529
204000133,1023,176,847
204000134,252,87,165
204000135,533,55,478
204000136,707,152,555
204000138,385,393,-8
204000140,243,163,80
204000141,177,74,103
204000144,9,25,-16
204000145,430,19,411
204000146,42,606,-564
204000147,116,141,-25
204000148,326,44,282
204000154,6,2,4
204000155,4,4,0
204000177,53,45,8
204000179,9,2,7
204000180,2,49,-47
204000222,1,5,-4
204000236,34,528,-494
204000238,23,28,-5
204000240,641,116,525
204000263,631,886,-255
204000268,871,627,244
204000308,13,3,10
204000317,7,98,-91
204000322,36,35,1
204000323,118,47,71
204000328,257,115,142
204000329,126,358,-232
204000330,182,81,101
204000331,184,292,-108
205000001,786,1362,-576
205000013,3,71,-68
205000014,22,97,-75
205000015,35,163,-128
205000016,15,117,-102
205000017,37,58,-21
205000022,355,768,-413
205000025,1193,947,246
205000029,167,13,154
205000045,108,432,-324
205000046,117,497,-380
205000047,52,323,-271
205000048,336,826,-490
205000049,166,611,-445
205000050,520,249,271
205000059,1,195,-194
205000060,0,79,-79
205000061,4,97,-93
205000062,2,114,-112
205000063,30,142,-112
205000064,20,58,-38
205000065,65,541,-476
205000066,122,582,-460
205000067,29,711,-682
205000069,163,19,144
205000082,149,133,16
205000110,94,203,-109
205000111,235,207,28
205000112,167,214,-47
205000113,146,305,-159
205000121,207,43,164
205000123,43,177,-134
205000126,530,67,463
205000127,853,134,719
205000128,406,66,340
205000129,634,63,571
205000130,148,26,122
205000131,67,6,61
205000132,125,4,121
205000133,99,2,97
205000134,297,0,297
205000137,35,122,-87
205000138,125,239,-114
205000139,27,108,-81
205000144,74,78,-4
205000145,226,168,58
205000151,129,26,103
205000152,198,36,162
205000153,293,27,266
205000154,81,31,50
205000155,102,12,90
205000207,11,80,-69
205000233,28,3,25
205000234,0,3,-3
205000243,1,0,1
205000244,0,4,-4
205000245,16,92,-76
205000249,0,16,-16
205000250,5,1,4
205000264,7,80,-73
206000027,1,3,-2
206000028,2,4,-2
206000043,7,33,-26
206000053,2,5,-3
206000054,2,14,-12
206000055,1,13,-12
206000075,8,16,-8
206000076,7,11,-4
206000077,19,12,7
206000078,7,6,1
206000079,17,11,6
206000082,265,60,205
206000100,30,268,-238
206000103,9,13,-4
206000104,18,13,5
206000105,8,7,1
206000106,4,12,-8
206000125,46,0,46
206000157,35,340,-305
206000170,0,103,-103
206000171,3,101,-98
206000172,6,217,-211
206000173,1,125,-124
206000174,6,43,-37
206000175,1,60,-59
206000176,16,62,-46
206000177,8,79,-71
206000178,2,146,-144
206000179,0,54,-54
206000180,10,85,-75
206000181,3,77,-74
206000182,10,77,-67
206000183,18,239,-221
206000184,4,156,-152
206000185,9,56,-47
206000186,109,395,-286
206000223,7,144,-137
206000226,3,2,1
206000227,14,0,14
206000237,38,154,-116
206000238,17,271,-254
206000239,183,977,-794
206000240,1,56,-55
206000241,0,54,-54
206000242,14,111,-97
206000243,9,107,-98
206000244,62,327,-265
206000245,710,66,644
206000246,187,20,167
206000247,261,7,254
206000248,321,18,303
206000252,48,47,1
206000258,26,54,-28
206000315,17,7,10
206000317,376,94,282
206000318,406,51,355
206000319,1087,112,975
206000320,165,39,126
206000321,157,8,149
206000322,435,19,416
206000323,125,16,109
206000324,119,6,113
206000325,141,2,139
206000326,112,9,103
206000327,128,13,115
206000328,147,5,142
206000329,220,4,216
206000330,45,7,38
206000331,159,5,154
206000332,53,4,49
206000333,541,5,536
206000334,232,7,225
206000335,1,16,-15
206000361,1,131,-130
206000392,5,12,-7
206000405,91,0,91
206000441,25,20,5
206000498,34,4,30
206000515,59,24,35
206000530,251,63,188
206000531,176,193,-17
206000532,1158,303,855
206000535,125,1025,-900
206000536,30,108,-78
206000537,16,100,-84
206000613,1084,250,834
206000784,297,37,260
207000001,105,584,-479
207000002,94,278,-184
207000003,146,147,-1
207000007,910,259,651
207000008,105,16,89
207000009,62,55,7
207000010,331,255,76
207000012,318,222,96
207000015,190,844,-654
207000019,189,55,134
207000021,439,136,303
207000022,160,105,55
207000023,206,47,159
207000024,5,11,-6
207000025,15,46,-31
207000026,71,39,32
207000027,16,67,-51
207000028,38,152,-114
207000029,141,354,-213
207000033,146,374,-228
207000034,241,116,125
207000039,437,79,358
207000040,396,58,338
207000041,38,23,15
207000042,158,41,117
207000043,196,124,72
207000051,86,129,-43
207000052,4,65,-61
207000053,415,434,-19
207000054,45,75,-30
207000055,226,100,126
207000056,312,271,41
207000057,177,187,-10
207000058,246,237,9
207000059,115,359,-244
207000060,57,157,-100
207000061,157,470,-313
207000062,300,48,252
207000063,347,104,243
207000064,304,108,196
207000065,282,198,84
207000066,247,138,109
207000067,45,83,-38
207000068,113,44,69
207000069,622,286,336
207000082,3,188,-185
207000083,76,216,-140
207000084,274,256,18
207000085,214,18,196
207000086,221,8,213
207000106,32,32,0
207000107,52,11,41
207000108,73,13,60
207000109,61,17,44
207000110,64,86,-22
207000111,68,79,-11
207000112,109,680,-571
207000114,25,39,-14
207000115,19,62,-43
207000116,23,269,-246
207000117,6,64,-58
207000118,3,39,-36
207000119,24,42,-18
207000123,141,24,117
207000124,57,27,30
207000125,59,59,0
207000126,60,75,-15
207000134,117,139,-22
207000135,19,185,-166
207000148,81,337,-256
207000149,77,35,42
207000152,88,318,-230
207000153,630,1129,-499
207000154,359,129,230
207000159,106,92,14
207000160,92,264,-172
207000238,0,222,-222
207000242,6,109,-103
207000248,52,21,31
207000249,124,16,108
207000250,417,42,375
207000251,76,83,-7
207000252,74,54,20
207000278,95,74,21
207000279,41,94,-53
207000280,589,72,517
207000281,132,558,-426
207000282,77,89,-12
207000283,63,148,-85
207000284,42,151,-109
207000285,100,56,44
207000291,15,70,-55
207000304,116,75,41
207000306,116,312,-196
207000310,83,63,20
207000353,291,5,286
207000356,9,23,-14
207000357,6,18,-12
207000358,8,24,-16
207000415,2,150,-148
207000417,57,6,51
207000418,104,99,5
207000438,0,2,-2
207000439,657,673,-16
207000446,139,9,130
207000460,26,12,14
207000466,138,92,46
207000467,277,97,180
207000468,67,210,-143
207000476,4,34,-30
207000477,603,47,556
207000478,0,17,-17
207000523,0,7,-7
207000524,103,0,103
207000527,152,108,44
207000530,464,10,454
207000531,422,15,407
207000532,67,21,46
207000534,268,72,196
207000535,32,261,-229
207000537,32,75,-43
207000540,4,120,-116
207000541,4,208,-204
207000548,13,153,-140
207000549,349,24,325
207000561,182,152,30
207000562,43,109,-66
207000567,172,215,-43
207000568,191,46,145
207000569,480,416,64
207000584,213,135,78
207000585,53,321,-268
207000587,178,25,153
207000616,0,78,-78
207000617,122,0,122
207000624,109,55,54
207000631,4,111,-107
207900008,296,97,199
208000001,461,1008,-547
208000002,773,503,270
208000003,1128,440,688
208000004,1054,712,342
208000005,4,20,-16
208000019,512,719,-207
208000020,145,366,-221
208000021,276,255,21
208000022,1115,342,773
208000028,678,775,-97
208000033,596,325,271
208000034,911,899,12
208000037,202,9,193
208000040,133,96,37
208000041,584,404,180
208000042,854,481,373
208000047,156,159,-3
208000064,1820,1291,529
208000066,1113,2138,-1025
208000070,332,330,2
208000071,331,586,-255
208000072,280,890,-610
208000080,300,374,-74
208000081,443,115,328
208000082,259,193,66
208000083,153,269,-116
208000084,22,19,3
208000085,661,415,246
208000086,355,837,-482
208000087,333,655,-322
208000089,1135,320,815
208000090,988,429,559
208000093,115,177,-62
208000094,510,261,249
208000095,463,367,96
208000104,786,658,128
208000105,501,758,-257
208000114,71,288,-217
208000115,441,269,172
208000116,481,819,-338
208000117,117,159,-42
208000118,118,125,-7
208000155,514,837,-323
208000158,1247,3233,-1986
208000186,2803,3771,-968
208000204,614,875,-261
208000205,1242,757,485
208000282,4166,2481,1685
209000004,340,150,190
209000005,38,34,4
209000006,370,158,212
209000007,203,271,-68
209000010,318,97,221
209000011,137,184,-47
209000012,152,101,51
209000013,197,208,-11
209000014,359,559,-200
209000025,278,39,239
209000026,610,102,508
209000027,372,512,-140
209000028,239,409,-170
209000029,428,382,46
209000030,402,738,-336
209000031,1513,1217,296
209000034,151,219,-68
209000035,123,220,-97
209000036,194,121,73
209000037,285,216,69
209000038,118,198,-80
209000039,49,164,-115
209000040,211,393,-182
209000041,117,349,-232
209000042,210,340,-130
209000043,565,779,-214
209000044,179,718,-539
209000045,1045,304,741
209000046,498,317,181
209000047,339,147,192
209000048,485,261,224
209000049,81,75,6
209000050,161,110,51
209000051,201,180,21
209000052,139,161,-22
209000062,60,55,5
209000063,48,34,14
209000064,41,34,7
209000065,103,37,66
209000066,97,28,69
209000067,107,38,69
209000080,24,158,-134
209000082,70,46,24
209000091,35,73,-38
209000093,35,28,7
209000094,98,152,-54
209000110,23,110,-87
209000111,383,1108,-725
209000112,833,485,348
209000113,1270,493,777
209000114,575,452,123
209000115,46,82,-36
209000116,390,203,187
209000118,20,33,-13
209000119,16,12,4
209000121,75,251,-176
209000135,61,211,-150
209000142,557,1209,-652
209000143,61,39,22
209000144,33,123,-90
209000229,217,107,110
209000240,56,240,-184
209000259,52,78,-26
209000260,37,551,-514
209000261,2,311,-309
209000262,1,296,-295
209000263,0,124,-124
209000264,1,106,-105
209000265,302,0,302
209000266,69,2,67
209000267,889,6,883
209000268,526,41,485
210000037,46,40,6
210000047,72,14,58
210000048,82,15,67
210000049,33,8,25
210000052,80,33,47
210000053,38,33,5
210000054,47,56,-9
210000070,135,10,125
210000071,114,2,112
210000072,34,0,34
210000073,0,20,-20
210000074,0,68,-68
210000075,3,77,-74
210000076,3,110,-107
210000077,7,52,-45
210000078,27,33,-6
210000079,26,16,10
210000080,66,71,-5
210000081,122,12,110
210000082,93,2,91
210000083,53,0,53
210000084,41,0,41
210000085,0,43,-43
210000086,2,63,-61
210000099,24,169,-145
210000100,41,123,-82
210000101,56,116,-60
210000105,35,156,-121
210000159,1,182,-181
210000163,72,163,-91
210000164,234,169,65
210000168,134,47,87
210000187,0,16,-16
210000188,0,15,-15
210000214,24,0,24
210000219,45,58,-13
210000220,100,50,50
210000232,3,15,-12
210000233,27,33,-6
210000234,17,79,-62
210000235,44,54,-10
210000245,2,28,-26
210000246,14,0,14
210000258,16,50,-34
210000259,328,56,272
210000282,81,195,-114
210000285,2,80,-78
210000286,16,90,-74
210000290,18,11,7
210000295,31,97,-66
210000296,46,33,13
210000320,195,42,153
210000321,93,43,50
210000338,30,49,-19
210000339,216,994,-778
210000340,85,320,-235
210000341,136,221,-85
210000342,153,166,-13
210000343,119,147,-28
210000344,154,83,71
210000345,122,148,-26
210000346,46,92,-46
210000347,41,39,2
210000348,88,24,64
210000349,54,20,34
210000350,144,53,91
210000351,184,94,90
210000352,56,51,5
210000353,37,54,-17
210000354,43,72,-29
210000355,32,47,-15
210000356,22,42,-20
210000357,49,49,0
210000358,143,103,40
210000359,89,80,9
210000360,109,109,0
210000361,137,143,-6
210000362,194,196,-2
210000363,620,259,361
210000364,127,112,15
210000365,125,59,66
210000366,136,33,103
210000367,68,26,42
210000368,128,28,100
210000369,37,34,3
210000370,33,52,-19
210000372,23,39,-16
210000373,23,28,-5
210000374,61,47,14
210000375,29,37,-8
210000376,61,88,-27
210000404,41,97,-56
210000439,49,26,23
210000472,80,4,76
210000482,61,89,-28
210000564,234,226,8
210000567,1,23,-22
210000568,263,2,261
211000092,38,21,17
211000094,14,5,9
211000169,159,8,151
211000172,3,232,-229
211000209,6,11,-5
211000226,8,11,-3
211000270,36,6,30
211000275,12,10,2
211000276,54,18,36
211000279,20,20,0
211000281,32,27,5
211000302,23,51,-28
211507980,0,29,-29
211977296,35,4,31
212000003,98,38,60
212000004,16,22,-6
212000005,3,36,-33
212000006,36,44,-8
212000008,156,119,37
212000009,29,81,-52
212000012,86,65,21
212000013,31,42,-11
212000014,218,94,124
212000015,245,175,70
212000016,396,347,49
212000027,395,286,109
212000028,317,284,33
212000029,176,207,-31
212000030,40,24,16
212000031,45,24,21
212000048,32,125,-93
212000049,14,81,-67
212000050,17,8,9
212000051,166,142,24
212000052,188,164,24
212000053,349,318,31
212000054,224,77,147
212000055,217,131,86
212000056,22,24,-2
212000057,9,17,-8
212000058,163,43,120
212000070,110,112,-2
212000077,132,344,-212
212000099,223,200,23
212000108,135,143,-8
212000111,207,64,143
212000120,102,53,49
212000138,132,30,102
212000156,6,60,-54
212000158,13,13,0
212000159,396,44,352
212000160,606,218,388
212000161,79,6,73
212000310,46,7,39
212000311,11,65,-54
212000374,37,2,35
213000001,21,260,-239
213000005,269,123,146
213000006,742,251,491
213000007,87,11,76
213000009,710,421,289
213000010,178,209,-31
213000011,145,108,37
213000012,104,212,-108
213000014,74,28,46
213000015,230,7,223
213000016,367,0,367
213000017,114,8,106
213000018,5,118,-113
213000019,1,135,-134
213000020,67,172,-105
213000021,0,77,-77
213000023,322,146,176
213000033,242,1326,-1084
213000034,592,166,426
213000035,124,165,-41
213000045,162,240,-78
213000046,171,178,-7
213000047,545,1204,-659
213000056,64,30,34
213000069,77,3,74
213000073,2,25,-23
213000074,36,271,-235
213000075,465,6,459
213000076,19,2,17
213000085,11,36,-25
213000086,26,110,-84
213000091,232,17,215
213000092,56,12,44
213000099,161,1013,-852
213000100,1006,289,717
213000101,345,97,248
213000102,478,198,280
213000103,714,640,74
213000104,71,287,-216
213000105,0,179,-179
213000106,40,71,-31
213000107,142,314,-172
213000108,20,330,-310
213000109,5,211,-206
213000110,12,48,-36
213000111,12,48,-36
213000112,120,104,16
213000115,56,6,50
213000116,30,279,-249
213000117,24,479,-455
213000118,280,167,113
213000119,31,346,-315
213000120,111,315,-204
213000122,111,322,-211
213000123,248,639,-391
213000124,102,766,-664
213000125,141,18,123
213000126,47,103,-56
213000127,80,180,-100
213000128,256,921,-665
213000129,279,655,-376
213000130,624,326,298
213000132,357,106,251
213000133,591,86,505
213000134,849,14,835
213000136,479,18,461
213000137,546,62,484
213000139,252,21,231
213000147,62,10,52
213000148,14,10,4
213000149,47,4,43
213000150,0,118,-118
213000151,5,84,-79
213000152,2,49,-47
213000153,4,106,-102
213000154,27,146,-119
213000155,18,153,-135
213000156,91,339,-248
213000157,406,264,142
213000158,274,621,-347
213000159,270,392,-122
213000163,873,112,761
213000165,698,218,480
213000171,61,87,-26
213000172,61,141,-80
213000173,16,96,-80
213000174,3,11,-8
213000175,34,18,16
213000176,6,87,-81
213000177,1,18,-17
213000178,25,3,22
213000179,126,57,69
213000180,165,65,100
213000184,93,269,-176
213000188,268,94,174
213000189,283,48,235
213000190,591,523,68
213000191,351,275,76
213000192,192,246,-54
213000193,599,159,440
213000194,0,76,-76
213000195,19,297,-278
213000196,177,975,-798
213000197,352,388,-36
213000198,31,1,30
213000200,93,550,-457
213000201,58,32,26
213000202,6,380,-374
213000203,2496,475,2021
213000204,719,65,654
213000205,194,56,138
213000206,354,35,319
213000207,119,7,112
213000208,55,3,52
213000209,105,12,93
213000210,267,9,258
213000211,0,19,-19
213000212,35,16,19
213000213,12,44,-32
213000218,157,298,-141
213000219,460,18,442
213000220,397,7,390
213000223,138,227,-89
213000224,41,55,-14
213000225,65,9,56
213000226,59,8,51
213000227,755,216,539
213000228,335,93,242
213000229,144,28,116
213000230,476,26,450
213000232,36,771,-735
213000233,27,47,-20
213000234,1,46,-45
213000293,15,54,-39
213000294,117,15,102
213000295,13,51,-38
213000296,57,25,32
213000297,9,74,-65
213000298,18,55,-37
213000299,26,27,-1
213000300,13,7,6
213000303,7,23,-16
213000304,7,5,2
213000305,1,9,-8
213000306,28,18,10
213000307,104,48,56
213000308,77,147,-70
213000309,125,60,65
213000310,244,152,92
213000311,176,543,-367
213000315,75,65,10
213000316,132,60,72
213000322,13,19,-6
213000323,27,36,-9
213000340,133,309,-176
213000341,463,90,373
213000346,147,132,15
213000347,485,287,198
213000348,7,75,-68
213000349,16,11,5
213000350,244,674,-430
213000366,76,224,-148
213000367,239,29,210
213000379,71,36,35
213000386,5,238,-233
213000406,68,276,-208
213000417,1161,372,789
213000425,134,20,114
213000426,124,35,89
213000427,39,103,-64
213000428,23,89,-66
213000429,29,9,20
213000430,90,345,-255
213000431,138,0,138
213000432,2,44,-42
213000433,11,48,-37
213000434,76,70,6
213000435,115,67,48
213000439,39,17,22
213000441,0,3,-3
213000443,359,299,60
213000445,0,47,-47
213000446,0,45,-45
213000447,3,35,-32
213000448,10,106,-96
213000449,312,4,308
213000450,19,26,-7
213000451,172,55,117
213000452,17,12,5
213000453,24,202,-178
213000455,272,2,270
213000456,0,229,-229
213000481,17,5,12
213000482,36,5,31
213000489,174,59,115
213000491,1,149,-148
213000492,139,4,135
213000493,0,68,-68
213000494,121,91,30
213000495,0,3,-3
213000496,241,130,111
213000497,9,190,-181
213000498,72,107,-35
213000499,129,231,-102
213000500,268,55,213
213000501,116,30,86
213000502,131,88,43
213000503,1,39,-38
213000504,9,27,-18
213000505,14,62,-48
213000506,1,4,-3
213000507,4,95,-91
213900244,36,0,36
213900245,0,12,-12
218000003,13,39,-26
218000004,24,29,-5
218000005,39,41,-2
218000006,37,23,14
218000007,4,7,-3
218000012,149,112,37
218000013,105,109,-4
218000014,327,403,-76
218000019,672,458,214
218000020,258,318,-60
218000040,3,5,-2
218000046,39,102,-63
218000047,8,157,-149
218000048,47,98,-51
218000049,66,133,-67
218000050,268,235,33
218000051,51,190,-139
218000052,3,65,-62
218000053,4,8,-4
218000054,3,22,-19
218000055,5,13,-8
218000056,16,30,-14
218000057,2,24,-22
218000064,0,8,-8
218000065,99,29,70
218000066,9,37,-28
218000067,38,64,-26
218000068,94,44,50
218000069,194,119,75
218000070,154,209,-55
218000071,179,202,-23
218000072,196,169,27
218000078,833,483,350
218000079,91,65,26
218000080,83,32,51
218000081,308,132,176
218000082,33,59,-26
218000083,47,37,10
218000084,119,83,36
218000085,164,190,-26
218000086,82,96,-14
218000087,151,111,40
218000090,16,83,-67
218000091,895,423,472
218000092,68,146,-78
218000093,87,46,41
218000094,402,492,-90
218000099,252,655,-403
218000100,271,268,3
218000101,252,143,109
218000102,458,172,286
218000103,81,67,14
218000104,88,16,72
218000105,20,18,2
218000106,11,10,1
218000107,53,33,20
218000108,7,20,-13
218000112,40,22,18
218000117,58,47,11
218000134,514,334,180
218000135,17,43,-26
218000136,133,68,65
218000137,215,106,109
218000138,50,81,-31
218000139,199,206,-7
218000140,414,200,214
218000141,68,34,34
218000142,207,118,89
218000143,82,178,-96
218000144,31,58,-27
218000145,308,213,95
218000146,73,115,-42
218000151,15,13,2
218000152,96,44,52
218000170,3,31,-28
218000171,24,7,17
218000172,17,15,2
218000173,14,4,10
218000174,23,4,19
218000176,147,21,126
218000177,268,137,131
218000178,67,116,-49
218000179,174,39,135
218000180,97,11,86
218000181,177,21,156
218000187,13,19,-6
218000188,25,45,-20
218000189,23,39,-16
218000190,0,12,-12
218000191,164,47,117
218000192,193,134,59
218000193,417,227,190
218000194,90,190,-100
218000195,106,42,64
218000196,248,143,105
218000197,307,162,145
218000198,20,99,-79
218000199,34,51,-17
218000200,60,33,27
218000201,12,14,-2
218000202,66,219,-153
218000207,4,21,-17
218000208,21,48,-27
218000211,55,20,35
218000213,70,92,-22
218000214,3,21,-18
218000215,26,45,-19
218000217,3,71,-68
218000218,78,45,33
218000219,23,18,5
218000220,67,300,-233
218000221,494,174,320
218000222,8,24,-16
218000223,17,250,-233
218000224,9,118,-109
218000225,98,21,77
218000226,119,53,66
218000232,32,28,4
218000239,109,12,97
218000240,24,3,21
218000241,40,1,39
218000242,53,1,52
218000243,47,2,45
218000244,36,3,33
218000245,23,1,22
218000246,3,0,3
218000247,9,0,9
218000248,0,8,-8
218000249,2,2,0
218000250,4,11,-7
218000251,0,18,-18
218000252,5,34,-29
218000253,2,55,-53
218000254,0,22,-22
218000255,6,16,-10
218000256,15,72,-57
218000267,386,818,-432
218000268,11,34,-23
218000269,6,5,1
218000270,130,45,85
218000271,18,38,-20
218000273,17,5,12
218000274,21,6,15
218000275,28,64,-36
218000276,11,37,-26
218000278,19,34,-15
218000279,70,51,19
218000280,3,37,-34
218000281,18,11,7
218000282,382,435,-53
218000284,87,7,80
218000301,60,101,-41
218000302,89,41,48
218000303,33,51,-18
218000316,645,725,-80
218000317,1007,753,254
218000318,618,559,59
218000319,972,715,257
218000320,873,549,324
218000338,34,33,1
218000345,69,74,-5
218000346,57,163,-106
218000459,28,178,-150
218000490,23,34,-11
218000501,114,25,89
218000502,32,48,-16
218000503,112,18,94
218000504,200,26,174
218000505,37,115,-78
218000506,27,204,-177
218000508,2,2,0
218000510,153,15,138
218000520,77,70,7
218000521,19,44,-25
218000522,1,99,-98
218000523,119,6,113
218000524,22,164,-142
218000525,138,13,125
218000526,24,130,-106
218000529,38,155,-117
218000531,12,8,4
218000532,19,26,-7
218000534,118,18,100
218000537,12,46,-34
218000538,87,179,-92
218000540,120,53,67
218000543,116,24,92
218000544,25,40,-15
218000545,44,36,8
218000546,51,56,-5
218000547,65,106,-41
218000548,83,84,-1
218000549,303,308,-5
218000550,143,214,-71
218000551,127,930,-803
218000552,265,38,227
218000553,59,88,-29
218000554,19,16,3
218000555,21,63,-42
218000556,190,138,52
218000557,190,144,46
218000558,32,0,32
218000559,0,28,-28
218000560,0,30,-30
218000561,22,1,21
218000562,11,159,-148
218000563,159,11,148
218000564,6,83,-77
218000565,124,24,100
218000566,212,19,193
218000567,0,44,-44
218000568,11,8,3
218000569,4,153,-149
218000570,94,5,89
218000571,2,114,-112
218000572,97,1,96
218000573,12,181,-169
218000574,89,32,57
218000575,106,0,106
218000576,0,62,-62
218000577,66,0,66
218000578,0,52,-52
218000585,44,0,44
218000586,5,27,-22
218000587,11,7,4
218000589,1,4,-3
218000590,8,3,5
218000591,11,10,1
218000592,0,1,-1
218000593,1,0,1
218000594,31,3,28
218000597,2,0,2
218000598,0,0,0
218000599,1,0,1
218000600,1,0,1
218000601,3,1,2
218000602,7,15,-8
218000603,0,6,-6
218000604,5,0,5
218000605,0,39,-39
218000606,86,15,71
218000607,16,33,-17
218000608,22,82,-60
218000609,7,54,-47
218000610,30,58,-28
218000611,47,13,34
218000612,10,44,-34
218000613,88,69,19
218000614,10,42,-32
218000615,149,12,137
218000616,10,77,-67
218000617,72,7,65
218000618,0,25,-25
218000619,7,17,-10
218000620,7,9,-2
218000621,0,1,-1
218000622,0,34,-34
218000623,91,0,91
218000624,0,14,-14
218000625,9,0,9
218000626,1,4,-3
218000628,153,59,94
218000631,37,17,20
218000632,1,73,-72
218000633,114,0,114
218000634,7,13,-6
218000635,6,3,3
218000636,743,680,63
218000637,807,397,410
218000638,177,20,157
218000639,21,103,-82
218000640,238,45,193
218000641,70,198,-128
218000652,24,49,-25
218000653,131,49,82
218000663,10,223,-213
218000675,57,53,4
218000680,230,276,-46
218000681,425,147,278
218000691,185,156,29
218000693,256,130,126
218000718,245,1007,-762
218000719,572,420,152
218000720,11,168,-157
218000721,107,24,83
218001147,5,125,-120
218001214,6,35,-29
218001258,317,12,305
218001329,138,103,35
218001330,132,99,33
218001351,29,19,10
218001352,12,18,-6
218001353,9,13,-4
218001354,7,20,-13
218001355,37,151,-114
218001356,345,53,292
218001357,28,122,-94
218001358,331,37,294
218001361,495,5,490
218001362,0,148,-148
219000001,49,31,18
219000002,32,50,-18
219000003,82,24,58
219000004,43,56,-13
219000017,76,34,42
219000020,150,47,103
219000022,136,2,134
219000023,135,2,133
219000029,0,46,-46
219000034,30,13,17
219000039,29,119,-90
219000040,40,83,-43
219000041,120,44,76
219000051,0,26,-26
219000052,0,12,-12
219000053,1,65,-64
219000055,210,8,202
219000056,10,4,6
219000057,56,0,56
219000062,33,67,-34
219000063,61,12,49
219000064,0,72,-72
219000110,241,132,109
219000111,92,60,32
219000112,194,84,110
219000113,191,50,141
219000114,214,79,135
219000116,107,38,69
219000117,160,55,105
219000118,144,45,99
219000123,186,58,128
219000124,65,51,14
219000125,31,16,15
219000126,54,104,-50
219000127,0,1,-1
219000128,6,131,-125
219000129,13,125,-112
219000130,353,419,-66
219000131,591,862,-271
219000133,47,58,-11
219000134,15,29,-14
219000135,34,69,-35
219000136,112,193,-81
219000138,67,18,49
219000139,35,41,-6
219000140,53,1,52
219000141,40,70,-30
219000142,6,60,-54
219000143,10,52,-42
219000145,28,22,6
219000146,2,22,-20
219000147,4,18,-14
219000148,5,24,-19
219000149,14,68,-54
219000150,3,37,-34
219000151,4,32,-28
219000157,221,114,107
219000158,201,247,-46
219000161,82,12,70
219000163,1051,517,534
219000166,127,163,-36
219000167,140,190,-50
219000168,249,149,100
219000174,405,134,271
219000175,72,4,68
219000176,98,5,93
219000177,39,2,37
219000178,39,2,37
219000179,20,13,7
219000180,24,39,-15
219000182,145,10,135
219000183,66,21,45
219000184,126,10,116
219000185,0,38,-38
219000186,74,19,55
219000187,11,54,-43
219000189,81,171,-90
219000190,61,188,-127
219000191,537,1132,-595
219000192,159,175,-16
219000193,178,165,13
219000195,0,52,-52
219000196,12,119,-107
219000198,23,77,-54
219000199,71,173,-102
219000200,48,167,-119
219000201,54,160,-106
219000203,37,138,-101
219000204,66,277,-211
219000205,43,151,-108
219000207,183,188,-5
219000209,37,107,-70
219000210,18,99,-81
219000213,11,140,-129
219000239,154,197,-43
219000240,175,289,-114
219000241,124,114,10
219000242,59,112,-53
219000243,86,164,-78
219000244,18,58,-40
219000245,17,34,-17
219000246,36,32,4
219000247,175,39,136
219000248,453,445,8
219000249,135,111,24
219000250,133,59,74
219000251,381,243,138
219000252,219,169,50
219000253,444,90,354
219000255,122,99,23
219000256,249,92,157
219000257,124,0,124
219000262,89,105,-16
219000263,39,127,-88
219000267,0,70,-70
219000268,4,2,2
219000269,4,2,2
219000270,9,0,9
219000271,151,5,146
219000278,0,5,-5
219000279,4,6,-2
219000283,0,5,-5
219000295,7,62,-55
219000296,34,260,-226
219000297,13,78,-65
219000298,11,60,-49
219000299,383,54,329
219000300,24,115,-91
219000301,176,300,-124
219000302,34,225,-191
219000307,41,42,-1
219000308,56,35,21
219000311,151,45,106
219000312,580,152,428
219000313,417,59,358
219000314,58,219,-161
219000315,320,25,295
219000316,516,60,456
219000317,107,10,97
219000320,1,54,-53
219000321,0,33,-33
219000323,2,36,-34
219000325,1,20,-19
219000326,65,61,4
219000327,69,21,48
219000328,32,32,0
219000329,257,145,112
219000330,35,24,11
219000331,66,52,14
219000332,125,93,32
219000333,18,3,15
219000335,52,3,49
219000337,22,1,21
219000338,44,0,44
219000344,16,73,-57
219000345,43,52,-9
219000346,40,107,-67
219000348,130,81,49
219000349,43,87,-44
219000350,67,293,-226
219000351,2,5,-3
219000352,128,99,29
219000353,96,59,37
219000354,180,84,96
219000355,121,100,21
219000356,817,1238,-421
219000363,237,74,163
219000364,103,40,63
219000365,87,37,50
219000366,244,314,-70
219000368,243,575,-332
219000370,803,589,214
219000371,16,22,-6
219000382,10,22,-12
219000383,455,919,-464
219000385,329,387,-58
219000386,728,1277,-549
219000387,0,13,-13
219000390,8,0,8
219000391,5,1,4
219000397,84,59,25
219000398,58,66,-8
219000401,13,63,-50
219000402,35,45,-10
219000403,127,243,-116
219000404,18,107,-89
219000407,6,31,-25
219000409,48,53,-5
219000410,91,41,50
219000411,83,17,66
219000446,105,261,-156
219000447,2,17,-15
219000448,31,8,23
219000452,131,77,54
219000453,64,142,-78
219000454,143,227,-84
219000556,232,87,145
219000558,153,105,48
219000590,27,114,-87
219000591,74,80,-6
219000592,85,231,-146
219000595,3,12,-9
219000635,175,35,140
219000636,14,58,-44
219000657,14,31,-17
219000658,19,117,-98
219000673,0,9,-9
219000676,6,2,4
219000679,45,7,38
219000684,102,2,100
219000685,0,24,-24
219000686,1,5,-4
219000688,0,52,-52
219000689,17,141,-124
219000690,126,20,106
219000691,35,169,-134
219000692,197,28,169
219000693,0,19,-19
219000694,5,0,5
219000695,11,5,6
219000698,7,0,7
219000699,0,19,-19
219000727,3,86,-83
219000728,92,2,90
219000770,42,3,39
219000771,10,33,-23
219000788,308,252,56
219001150,5,27,-22
219001151,0,1,-1
219001166,55,30,25
219001167,4,66,-62
219001178,38,0,38
220000001,27,53,-26
220000002,7,86,-79
220000003,241,124,117
220000004,270,255,15
220000005,801,1077,-276
220000006,257,676,-419
220000007,362,334,28
220000008,353,458,-105
220000009,266,243,23
220000010,163,120,43
220000011,303,1921,-1618
220000012,157,385,-228
220000014,342,380,-38
220000015,63,190,-127
220000017,52,134,-82
220000018,2523,982,1541
220000019,66,229,-163
220000020,314,207,107
220000021,649,137,512
220000022,754,350,404
220000023,331,159,172
220000024,1258,405,853
220000025,535,962,-427
220000026,276,326,-50
220000027,29,93,-64
220000028,40,44,-4
220000029,240,201,39
220000030,130,93,37
220000031,458,350,108
220000064,14,576,-562
221000046,4,0,4
221000047,0,1,-1
221000048,0,4,-4
221000049,0,14,-14
221000050,22,0,22
221000055,50,48,2
221000057,104,8,96
221000068,242,157,85
221000069,288,69,219
221000070,146,21,125
221000071,72,6,66
221000072,221,14,207
221000073,142,29,113
221000074,4,7,-3
221000075,9,17,-8
221000076,5,26,-21
221000077,22,76,-54
221000081,11,10,1
221000082,77,14,63
221000083,53,3,50
221000084,2,3,-1
221000085,15,52,-37
221000086,11,59,-48
221000087,2,79,-77
221000088,13,141,-128
221000089,39,205,-166
221000090,102,404,-302
221000098,129,10,119
221000099,208,15,193
221000100,102,2,100
221000101,234,16,218
221000102,116,8,108
221000109,0,57,-57
221000110,5,44,-39
221000111,31,178,-147
221000112,4,131,-127
221000113,11,100,-89
221000114,4,80,-76
221000120,36,15,21
221000121,2,37,-35
221000122,18,21,-3
221000123,10,16,-6
221000124,23,86,-63
221000155,42,26,16
221000156,44,37,7
221000175,4,6,-2
221000176,2,1,1
221000182,37,9,28
221000241,538,327,211
221000242,123,414,-291
221000243,443,169,274
221000244,190,495,-305
221000245,98,76,22
221000246,54,264,-210
221000247,121,81,40
221000248,175,158,17
221000267,74,351,-277
221000325,62,34,28
221000331,12,44,-32
221000338,9,13,-4
221000378,164,32,132
221000381,68,50,18
222000282,4,2,2
222000296,2,10,-8
222000568,243,15,228
222000569,169,41,128
222000570,116,20,96
222000571,264,4,260
222000577,5,92,-87
222000578,17,137,-120
222000579,29,93,-64
222000580,42,510,-468
222000599,0,110,-110
222000600,1,170,-169
222000601,2,559,-557
222000603,13,31,-18
222000604,4,29,-25
222000605,12,12,0
222000606,0,7,-7
222000607,4,5,-1
222000608,26,6,20
222000609,41,100,-59
222000616,274,25,249
222000617,5,7,-2
222000618,25,2,23
222000620,12,8,4
222000621,26,8,18
222000623,424,5,419
222000624,264,2,262
222000625,394,8,386
222000636,45,4,41
222000686,19,6,13
222000687,37,21,16
222001066,149,1,148
222001067,7,0,7
222001068,58,9,49
222001069,52,10,42
222001082,6,20,-14
222001083,14,29,-15
222001084,2,34,-32
222001085,0,68,-68
222001111,32,80,-48
222001112,131,21,110
222001313,16,4,12
222001314,7,76,-69
222001464,139,28,111
222001465,23,88,-65
222001484,92,28,64
222001485,31,24,7
222001494,367,96,271
222001495,49,145,-96
222001496,264,61,203
222001497,78,239,-161
222001502,14,61,-47
222001503,89,42,47
222001504,22,227,-205
222001505,231,12,219
222001506,38,321,-283
222001507,271,28,243
222001510,482,25,457
222001511,51,172,-121
222001514,359,118,241
222001515,200,338,-138
222001518,299,51,248
222001519,42,113,-71
222001527,142,62,80
222001528,36,106,-70
222001529,284,55,229
222001530,60,144,-84
222001533,126,145,-19
222001534,232,56,176
222001535,210,232,-22
222001536,53,153,-100
222001537,274,39,235
222001538,70,298,-228
222001563,652,63,589
222001564,70,288,-218
222001568,280,104,176
222001576,0,1,-1
222001579,0,2,-2
222001583,15,83,-68
222001584,67,13,54
222001596,317,671,-354
222001597,995,208,787
222001626,0,68,-68
222001650,39,97,-58
222001651,58,172,-114
222001914,135,80,55
222001915,60,187,-127
222001968,435,293,142
222001969,339,419,-80
222001970,142,139,3
222001971,16,4,12
222001972,1,13,-12
225000001,332,164,168
225000002,479,126,353
225000003,503,91,412
225000004,365,183,182
225000005,57,38,19
225000006,0,153,-153
225000007,951,944,7
225000010,224,11,213
225000011,239,741,-502
225000012,206,500,-294
225000013,76,112,-36
225000014,569,82,487
225000015,101,156,-55
225000021,627,126,501
225000027,180,371,-191
225000032,641,77,564
225000042,74,388,-314
225000049,38,57,-19
225000050,80,6,74
225000053,5,243,-238
225000058,608,139,469
225000067,139,117,22
225000068,73,179,-106
225000069,119,348,-229
225000070,101,290,-189
225000071,39,90,-51
225000075,14,470,-456
225000076,57,85,-28
225000078,58,57,1
225000085,63,130,-67
225000086,226,69,157
225000087,172,12,160
225000088,6,176,-170
225000089,206,765,-559
225000090,39,271,-232
225000091,168,83,85
225000092,39,36,3
225000093,203,213,-10
225000094,15,188,-173
225000095,281,230,51
225000096,278,282,-4
225000098,602,214,388
225000099,249,136,113
225000100,340,135,205
225000104,82,287,-205
225000110,6,308,-302
225000111,154,641,-487
225000112,225,815,-590
225000113,122,471,-349
225000114,43,240,-197
225000115,1127,446,681
225000116,783,174,609
225000117,656,158,498
225000118,817,206,611
225000119,190,55,135
225000120,549,50,499
225000121,207,17,190
225000123,526,16,510
225000125,364,149,215
225000126,637,157,480
225000127,622,915,-293
225000128,526,640,-114
225000132,257,12,245
225000133,144,11,133
225000134,507,134,373
225000135,63,8,55
225000136,325,16,309
225000137,203,38,165
225000138,381,59,322
225000143,45,136,-91
225000144,1,245,-244
225000145,38,27,11
225000146,43,89,-46
225000147,27,188,-161
225000148,7,133,-126
225000149,59,289,-230
225000151,22,147,-125
225000155,405,374,31
225000156,136,622,-486
225000157,209,265,-56
225000158,46,160,-114
225000171,2,136,-134
225000180,41,7,34
225000181,0,44,-44
225000182,77,1,76
225000185,6,336,-330
225000187,39,294,-255
225000191,56,2,54
225000194,0,4,-4
225000208,3,42,-39
225000209,87,18,69
225000210,8,170,-162
225000217,0,10,-10
225000218,12,1,11
225000223,0,58,-58
225000224,28,4,24
225000225,0,35,-35
225000226,45,2,43
225000227,40,74,-34
225000228,8,4,4
225000229,0,53,-53
225000230,13,1,12
225000231,0,57,-57
225000232,124,0,124
225000241,78,0,78
225000242,1,46,-45
225000249,12,0,12
225000250,57,463,-406
225000251,311,11,300
226000042,67,156,-89
226000043,88,226,-138
226000044,111,354,-243
226000045,79,348,-269
226000046,426,83,343
226000047,389,107,282
226000048,291,83,208
226000049,266,163,103
226000070,0,12,-12
226000071,0,67,-67
226000072,0,22,-22
226000073,0,6,-6
226000074,1,5,-4
226000084,0,21,-21
226000085,3,13,-10
226000086,9,11,-2
226000087,3,11,-8
226000088,8,12,-4
226000090,197,99,98
226000091,6,36,-30
226000092,5,8,-3
226000093,11,4,7
226000094,3,4,-1
226000095,14,5,9
226000105,7,2,5
226000106,8,2,6
226000107,8,0,8
226000108,7,0,7
226000109,58,0,58
226000124,87,47,40
226000134,624,386,238
226000135,1110,497,613
226000136,381,345,36
226000137,1,116,-115
226000138,13,184,-171
226000139,11,70,-59
226000156,182,5,177
226000157,147,9,138
226000163,169,249,-80
226000202,14,192,-178
226000231,500,4,496
226000232,27,4,23
227000037,330,35,295
227000038,267,44,223
227000049,0,18,-18
227000050,2,46,-44
227000055,88,0,88
227000056,33,1,32
227000084,4,51,-47
227000085,0,54,-54
227000088,25,0,25
227000089,94,3,91
227000090,22,2,20
227000091,23,1,22
227000093,165,0,165
227000094,19,0,19
227000130,22,74,-52
227000131,8,118,-110
227000132,14,134,-120
227000133,10,107,-97
227000134,25,223,-198
227000152,0,5,-5
227000153,0,27,-27
227000155,2,16,-14
227000156,4,13,-9
227000165,2,40,-38
227000196,32,144,-112
227000199,321,21,300
227000230,5,245,-240
227000232,329,19,310
227000241,356,34,322
227000242,66,302,-236
227000243,403,92,311
227000244,284,76,208
227000245,24,201,-177
227000246,50,360,-310
227000247,420,77,343
227000248,151,41,110
227000249,32,130,-98
227000251,101,225,-124
227000252,16,208,-192
227000253,135,32,103
227000262,357,46,311
227000266,778,27,751
227000267,27,795,-768
227000486,309,176,133
227000655,338,9,329
227000661,77,12,65
227000680,128,48,80
229000265,7,24,-17
229000296,1,10,-9
229000297,3,13,-10
229000298,6,77,-71
229000320,7,2,5
229000321,5,1,4
229000412,6,28,-22
229000414,11,31,-20
229000415,11,3,8
229000416,6,9,-3
229000417,1,7,-6
229000419,43,204,-161
229000440,245,46,199
229000442,14,1,13
229000443,7,1,6
229000444,0,16,-16
229000445,45,8,37
229000446,47,7,40
229000847,42,0,42
229000848,11,0,11
229000849,64,1,63
229000851,57,1,56
229000854,0,32,-32
229000856,2,64,-62
229000857,0,13,-13
229000858,0,35,-35
229000919,8,70,-62
229000930,8,170,-162
229000937,132,9,123
229000966,61,24,37
229000981,14,29,-15
229000985,10,11,-1
229000986,1,2,-1
229000987,0,0,0
229000988,2,2,0
229000989,6,1,5
229000990,0,1,-1
229000991,0,0,0
229000992,6,5,1
229000993,62,11,51
229000998,7,35,-28
229000999,30,13,17
229001034,1,13,-12
229001035,3,0,3
229001037,26,12,14
229001042,11,8,3
229001047,7,29,-22
229001050,31,28,3
229001200,26,5,21
229001338,0,5,-5
229001394,211,0,211
229001422,136,17,119
229001423,12,110,-98
229001431,96,79,17
229001432,51,83,-32
229001444,83,18,65
229001445,25,114,-89
229001503,196,89,107
229001504,131,127,4
229001505,124,51,73
229001506,69,87,-18
229001509,21,20,1
229001545,81,4,77
229001546,10,65,-55
229001553,149,19,130
229001554,16,71,-55
229001559,4,3,1
229001560,3,17,-14
229001630,25,3,22
229001631,11,18,-7
229001635,0,6,-6
229001636,5,3,2
229001658,0,94,-94
229001659,56,0,56
229001660,5,1,4
229001661,5,8,-3
229001662,10,1,9
229001663,0,16,-16
229002584,90,97,-7
229002831,107,98,9
229002841,4,17,-13
229002842,15,12,3
229002843,23,5,18
229002844,22,28,-6
229002845,18,41,-23
229002846,30,15,15
229002847,1,6,-5
229002848,5,3,2
229002849,5,45,-40
229002850,12,1,11
229002851,36,80,-44
229002852,114,19,95
229002853,89,10,79
229002854,42,15,27
229002855,12,23,-11
229002856,32,9,23
229002857,10,91,-81
229002858,12,5,7
229002859,10,51,-41
229002860,129,6,123
229002861,25,10,15
229002862,21,14,7
229002863,20,9,11
229002864,18,17,1
229002865,17,10,7
229002866,10,12,-2
229002867,1,14,-13
229002868,7,7,0
229002869,32,102,-70
229002870,35,15,20
235000066,261,50,211
235000067,92,80,12
235000072,24,59,-35
235000073,52,217,-165
235000074,30,35,-5
235000080,12,80,-68
235000081,72,102,-30
235000082,256,41,215
235000083,127,61,66
235000084,33,45,-12
235000085,138,58,80
235000089,14,16,-2
235000092,28,83,-55
235000093,15,5,10
235000097,0,8,-8
235000098,46,9,37
235000099,37,14,23
235000116,56,15,41
235000117,459,10,449
235000133,10,314,-304
235000134,7,157,-150
235000206,10,2,8
235000207,2,3,-1
235000208,0,0,0
235000209,20,0,20
235000210,9,2,7
235000212,1,26,-25
235000213,1,11,-10
235000220,13,3,10
235000221,53,21,32
235000238,8,108,-100
235000239,0,13,-13
235000242,249,525,-276
235000245,511,160,351
235000246,13,52,-39
235000284,12,93,-81
235000295,98,12,86
235000305,186,13,173
235000306,189,5,184
235000307,15,2,13
235000308,9,0,9
235000309,35,0,35
235000310,18,0,18
235000311,46,20,26
235000322,0,10,-10
235000323,8,33,-25
235000324,1,25,-24
235000325,0,4,-4
235000326,3,111,-108
235000351,2,42,-40
235000352,4,19,-15
235000353,10,17,-7
235000354,2,12,-10
235000355,18,32,-14
235000356,55,2,53
235000357,33,2,31
235000358,104,3,101
235000359,16,5,11
235000360,19,6,13
235000361,52,5,47
235000381,83,133,-50
235000382,152,24,128
235000390,13,0,13
235000391,141,15,126
235000392,146,305,-159
235000393,93,168,-75
235000395,86,17,69
235000396,297,57,240
235000400,47,64,-17
235000401,11,79,-68
235000405,91,178,-87
235000406,41,167,-126
235000407,57,52,5
235000409,166,106,60
235000410,57,156,-99
235000411,1,46,-45
235000485,0,8,-8
235000486,4,0,4
235000549,71,57,14
235000550,58,104,-46
235000599,100,50,50
235000600,12,7,5
235000601,6,14,-8
235000602,69,49,20
235000614,1,3,-2
235000648,0,11,-11
235000649,30,4,26
235000685,0,5,-5
235000815,9,39,-30
235000834,0,5,-5
235000855,30,40,-10
235000862,48,112,-64
235000891,0,11,-11
235000892,8,2,6
235000901,53,67,-14
235000907,3,5,-2
235001010,71,56,15
235001029,393,279,114
235001030,252,214,38
235001078,69,88,-19
235001079,64,57,7
235001147,27,23,4
235001166,12,24,-12
235001167,41,42,-1
235001169,16,206,-190
235001188,1,5,-4
235001189,0,1,-1
235001197,4,19,-15
235001200,41,45,-4
235001207,376,21,355
235001210,69,129,-60
235001215,39,139,-100
235001239,2,29,-27
235001244,0,6,-6
235016267,0,22,-22
277102712,4,0,4
277103813,0,0,0
277104249,0,3,-3
277104250,0,9,-9
277104251,0,10,-10
277104252,0,0,0
990011530,0,138,-138
990014944,4,202,-198
990015176,51,6,45
990016032,0,160,-160
990032570,1,29,-28
990070001,38,3,35
990070103,0,5,-5
990070601,3,31,-28
990070751,727,1,726
990070766,2,199,-197
990071180,399,124,275
990071343,26,1,25
990071387,0,7,-7
990071823,19,0,19
990072600,1,741,-740
990072964,1,155,-154
990073285,0,2,-2
990074393,0,450,-450
990074870,1287,6,1281
990075106,1186,10,1176
990075746,543,17,526
990076437,1141,74,1067
990076458,1,374,-373
997000007,424,12,412
997000041,1,123,-122
997000058,38,1,37
997000062,25,0,25
997000069,0,1,-1
997000070,0,12,-12
997000100,20,0,20
997000141,1,505,-504
997000198,137,598,-461
998000475,2,39,-37
998000736,1,102,-101
998000965,0,1,-1
998001031,0,66,-66
998001700,0,0,0
998001899,0,1,-1
998001900,2,1,1
998003073,558,2,556
998101900,0,0,0
998102850,2,92,-90
998501927,841,651,190
998501929,137,17,120
998501930,23,0,23
998501931,175,69,106
998501932,2,0,2
998501933,18,2,16
998501937,24,3,21
998501944,3,0,3
998501950,0,6,-6
998501970,64,3,61
998501971,0,65,-65
998501973,0,24,-24
998501974,1,175,-174
998501975,70,1,69
998501976,103,0,103
998501977,0,14,-14
998501978,13,1,12
998501979,0,8,-8
998501980,26,1,25
998501981,30,1,29
998501982,0,77,-77
998501983,0,2,-2
998502006,0,0,0
998502024,0,7,-7
998502032,0,3,-3
998502062,12,0,12
998502063,0,0,0
998502173,46,2,44
998502269,0,10,-10
998502546,0,147,-147
998502578,1,0,1
998502599,27,232,-205
998502621,1,1,0
998601159,0,97,-97
998601292,0,3,-3
999033574,0,263,-263
999800001,22,0,22
999800002,0,4,-4
999800003,1,1,0
999800004,0,3,-3
999800005,1,5,-4
