ID,insum,outsum,diff
100000001,258,133,125
100000002,635,226,409
100000003,2027,669,1358
100000004,284,159,125
100000005,854,813,41
100000006,92,27,65
100000007,251,137,114
100000008,35,184,-149
100000009,105,48,57
100000010,3,12,-9
100000011,98,46,52
100000012,46,222,-176
100000013,9,59,-50
100000014,86,144,-58
100000015,332,207,125
100000016,263,542,-279
100000017,171,488,-317
100000018,337,134,203
100000019,1449,518,931
100000020,302,681,-379
100000021,2333,525,1808
100000022,369,304,65
100000023,1783,189,1594
100000025,522,139,383
100000028,549,198,351
100000029,66,55,11
100000030,138,5,133
100000031,894,933,-39
100000032,733,801,-68
100000033,176,542,-366
100000034,198,91,107
100000035,360,209,151
100000036,471,288,183
100000037,111,143,-32
100000038,279,269,10
100000039,183,63,120
100000040,26,25,1
100000041,96,92,4
100000042,125,95,30
100000043,61,78,-17
100000044,96,327,-231
100000045,154,582,-428
100000046,158,494,-336
100000047,75,336,-261
100000048,115,261,-146
100000049,561,1087,-526
100000051,111,526,-415
100000053,6,2,4
100000054,32,15,17
100000055,113,122,-9
100000056,59,156,-97
100000057,307,200,107
100000058,188,573,-385
100000059,1,30,-29
100000060,77,100,-23
100000061,358,161,197
100000062,559,165,394
100000063,111,134,-23
100000064,181,136,45
100000065,117,505,-388
100000066,57,470,-413
100000067,306,344,-38
100000068,120,556,-436
100000069,67,826,-759
100000072,153,363,-210
100000073,364,481,-117
100000075,182,123,59
100000076,497,454,43
100000077,157,10,147
100000078,27,9,18
100000079,8,12,-4
100000080,1,2,-1
100000081,8,3,5
100000102,581,319,262
100000103,907,208,699
100000104,1099,289,810
100000105,1288,207,1081
100000106,583,278,305
100000107,85,94,-9
100000108,303,443,-140
100000109,936,419,517
100000116,291,143,148
100000117,4,7,-3
100000118,234,187,47
100000119,236,199,37
100000121,42,289,-247
100000122,323,282,41
100000123,1838,1601,237
100000124,3416,1810,1606
100000125,1473,441,1032
100000126,189,86,103
100000127,623,135,488
100000128,443,357,86
100000129,195,136,59
100000130,168,277,-109
100000131,1300,940,360
100000132,617,424,193
100000133,2573,991,1582
100000135,112,214,-102
100000139,43,287,-244
100000140,44,57,-13
100000142,88,115,-27
100000143,641,505,136
100000144,1578,554,1024
100000147,270,708,-438
100000150,9,197,-188
100000151,51,127,-76
100000153,45,64,-19
100000154,13,37,-24
100000155,1,3,-2
100000156,1,24,-23
100000157,25,125,-100
100000158,18,57,-39
100000159,197,122,75
100000165,424,179,245
100000169,95,115,-20
100000174,373,132,241
100000179,48,263,-215
100000180,199,352,-153
100000181,36,117,-81
100000188,22,136,-114
100000189,165,106,59
100000190,100,92,8
100000191,165,172,-7
100000192,16,31,-15
100000193,47,50,-3
100000330,371,102,269
100000355,60,208,-148
100000362,1920,1322,598
100000363,757,1150,-393
100000364,114,87,27
100000365,1205,2519,-1314
100000366,1825,959,866
100000367,819,1719,-900
100000368,1024,609,415
100000369,113,381,-268
100000370,23,96,-73
100000376,17,21,-4
100000379,756,262,494
100000380,1267,566,701
100000384,1701,583,1118
100000385,1329,772,557
100000386,1991,672,1319
100000387,1878,841,1037
100000388,2772,785,1987
100000389,2435,843,1592
100000390,2844,623,2221
100000391,1686,854,832
100000392,1080,306,774
100000393,294,272,22
100000394,1456,613,843
100000395,621,276,345
100000396,1132,479,653
100000397,616,470,146
100000398,4364,3028,1336
100000413,5,0,5
100000414,129,80,49
100900002,1,21,-20
100900003,58,96,-38
100900004,15,444,-429
100900005,7,2,5
100900006,4,80,-76
100900007,50,0,50
100900008,4,255,-251
100900009,3,12,-9
100900010,5,42,-37
100900011,15,168,-153
100900012,1,136,-135
100900013,98,4,94
100900014,0,2,-2
100900015,47,23,24
100900016,2,26,-24
100900017,157,28,129
100900018,0,2,-2
100900019,0,4,-4
100900020,49,2,47
100900021,331,1,330
100900022,1,5,-4
100900023,0,6,-6
100900024,63,0,63
100900025,0,0,0
100900026,14,92,-78
100900027,92,541,-449
100900028,11,24,-13
100900029,49,1,48
100900030,0,2,-2
100900031,47,6,41
100900032,33,0,33
100900033,85,41,44
100900034,92,0,92
100900035,64,0,64
100900036,0,0,0
100900037,7,166,-159
100900038,19,8,11
100900039,95,346,-251
100900040,48,470,-422
100900041,28,461,-433
100900042,184,279,-95
100900043,0,0,0
100900044,929,63,866
100900045,5,0,5
100900046,208,1,207
100900047,184,11,173
100900048,23,1,22
100900049,3,120,-117
100900050,0,5,-5
100900051,1,12,-11
100900052,21,41,-20
100900053,26,10,16
100900054,0,57,-57
100900055,28,60,-32
100900056,6,23,-17
100900057,132,135,-3
100900058,15,19,-4
100900059,9,0,9
100900060,23,8,15
100900061,89,70,19
100900062,2,20,-18
100900063,30,151,-121
100900064,124,1,123
100900065,8,9,-1
100900066,15,16,-1
100900067,2,2,0
100900068,3,48,-45
100900069,88,1,87
100900070,22,0,22
100900071,157,60,97
100900072,2,36,-34
100900073,9,263,-254
100900074,0,7,-7
100900075,1126,64,1062
100900076,3,7,-4
100900077,1,30,-29
100900078,20,36,-16
100900079,0,16,-16
100900080,0,19,-19
100900081,1,19,-18
100900082,4,374,-370
100900083,1,23,-22
100900085,0,40,-40
100900086,9,78,-69
100900088,9,292,-283
100900089,0,17,-17
100900090,9,91,-82
100900091,0,4,-4
100900092,29,31,-2
100900093,27,38,-11
100900094,13,245,-232
100900095,0,7,-7
100900096,8,30,-22
100900097,0,0,0
100900098,1,38,-37
100900099,6,230,-224
100900100,3,66,-63
100900101,235,5,230
100900102,1,1,0
100900103,0,10,-10
100900104,3,42,-39
100900105,4,28,-24
100900106,13,0,13
100900107,574,88,486
100900108,0,0,0
100900109,1,54,-53
100900110,0,0,0
100900111,16,46,-30
100900112,0,1,-1
100900113,1,13,-12
100900114,0,10,-10
100900115,0,1,-1
100900116,161,67,94
100900117,55,65,-10
100900118,1,18,-17
100900119,1,12,-11
100900120,0,2,-2
100900121,33,55,-22
100900122,48,81,-33
100900123,4,17,-13
100900124,11,0,11
100900125,1,35,-34
100900126,5,20,-15
100900127,1,4,-3
100900128,24,52,-28
100900129,0,30,-30
100900131,13,35,-22
100900133,1,16,-15
100900134,0,3,-3
100900135,0,31,-31
100900137,149,51,98
100900138,66,35,31
100900139,0,0,0
100900140,0,428,-428
100900141,0,61,-61
100900142,0,0,0
100900143,282,62,220
100900144,2,0,2
100900145,2,35,-33
100900146,0,1,-1
100900147,11,40,-29
100900148,12,489,-477
100900149,18,10,8
100900150,0,9,-9
100900151,34,254,-220
100900152,22,1,21
100900153,0,39,-39
100900154,14,4,10
100900155,0,2,-2
100900156,7,0,7
100900157,0,24,-24
100900159,0,4,-4
100900160,2,2,0
100900161,54,1,53
100900162,1,68,-67
100900163,26,70,-44
100900164,2,3,-1
100900165,1,2,-1
100900166,8,0,8
100900167,0,28,-28
100900168,1,39,-38
100900169,55,793,-738
100900170,1,0,1
100900171,4,512,-508
100900172,0,1,-1
100900173,2,317,-315
100900174,6,4,2
100900176,373,9,364
100900177,432,44,388
100900178,17,35,-18
100900179,20,17,3
100900180,1,0,1
100900181,16,9,7
100900182,0,1,-1
100900184,0,25,-25
100900186,415,172,243
100900187,7,111,-104
100900188,6,0,6
100900189,271,42,229
100900191,438,148,290
100900192,47,42,5
100900195,19,51,-32
100900197,0,0,0
100900198,4,88,-84
100900199,0,0,0
100900200,258,155,103
100900201,21,387,-366
100900202,3,0,3
100900203,0,16,-16
100900204,47,17,30
100900205,33,58,-25
100900206,8,6,2
100900207,23,25,-2
100900210,15,283,-268
100900211,52,7,45
100900213,9,6,3
100900214,280,17,263
100900215,2,8,-6
100900217,33,25,8
101000001,1203,930,273
101000002,1416,904,512
101000003,263,403,-140
101000004,3875,2007,1868
101000005,1596,1247,349
101000006,3048,1980,1068
101000007,856,871,-15
101000009,348,891,-543
101000010,210,556,-346
101000011,719,177,542
101000012,555,122,433
101000013,130,193,-63
101000014,147,139,8
101000015,277,293,-16
101000016,90,99,-9
101000017,173,112,61
101000018,1314,672,642
101000020,1765,311,1454
101000021,344,64,280
101000023,632,271,361
101000025,23,92,-69
101000026,145,8,137
101000027,467,447,20
101000028,364,50,314
101000029,4,160,-156
101000030,230,23,207
101000031,44,33,11
101000032,1338,586,752
101000033,675,477,198
101000034,733,257,476
101000035,329,50,279
101000036,461,131,330
101000037,1425,286,1139
101000039,1055,202,853
101000040,1267,821,446
101000041,1981,653,1328
101000042,112,117,-5
101000043,1329,640,689
101000045,162,44,118
101000046,481,182,299
101000047,367,289,78
101000048,154,244,-90
101000049,165,256,-91
101000050,274,129,145
101000051,315,259,56
101000052,481,144,337
101000053,251,196,55
101000054,444,161,283
101000055,500,256,244
101000056,12,14,-2
101000057,657,154,503
101000058,566,166,400
101000059,1011,476,535
101000060,855,92,763
101000061,461,219,242
101000062,442,99,343
101000063,223,81,142
101000064,470,141,329
101000065,76,61,15
101000066,95,73,22
101000067,326,89,237
101000068,148,49,99
101000069,167,19,148
101000070,750,223,527
101000071,613,256,357
101000072,335,957,-622
101000073,195,148,47
101000074,913,579,334
101000075,1817,936,881
101000077,387,484,-97
101000078,372,490,-118
101000079,211,565,-354
101000080,278,387,-109
101000081,358,371,-13
101000082,1072,881,191
101000083,576,412,164
101000084,468,502,-34
101000085,456,361,95
101000086,615,534,81
101000087,390,659,-269
101000088,304,309,-5
101000089,218,360,-142
101000090,881,571,310
101000091,104,720,-616
101000092,245,338,-93
101000093,325,208,117
101000094,161,459,-298
101000095,93,299,-206
101000096,121,191,-70
101000097,119,112,7
101000098,130,127,3
101000099,405,443,-38
101000100,200,229,-29
101000101,157,102,55
101000102,413,94,319
101000103,242,114,128
101000104,98,101,-3
101000105,479,49,430
101000106,288,72,216
101000107,36,103,-67
101000108,627,127,500
101000109,53,20,33
101000110,4,289,-285
101000111,18,44,-26
101000113,22,167,-145
101000114,739,343,396
101000115,1,16,-15
101000116,6,6,0
101000117,33,42,-9
101000119,31,6,25
101000120,71,4,67
101000121,15,4,11
101000122,22,18,4
101000123,8,10,-2
101000124,155,186,-31
101000125,53,147,-94
101000128,142,113,29
101000130,100,121,-21
101000131,142,200,-58
101000132,108,747,-639
101000135,12,3,9
101000136,56,28,28
101000137,26,48,-22
101000141,493,374,119
101000147,357,280,77
101000148,864,6,858
101000149,35,4,31
101000150,11,533,-522
101000151,9,28,-19
101000152,119,102,17
101000153,257,195,62
101000154,48,814,-766
101000155,42,61,-19
101000156,23,118,-95
101000157,25,5,20
101000160,0,10,-10
101000163,42,26,16
101000164,145,101,44
101000165,99,86,13
101000166,79,141,-62
101000168,154,109,45
101000252,148,87,61
101000254,79,6,73
101000258,28,17,11
101000261,68,81,-13
101000262,220,387,-167
101000263,38,158,-120
101000265,15,105,-90
101000266,75,64,11
101000269,39,5,34
101000290,322,351,-29
101000293,7,15,-8
101000294,167,202,-35
101000295,33,128,-95
101000301,259,38,221
101000304,652,854,-202
101000305,1041,474,567
101000328,40,185,-145
101900001,12,47,-35
101900002,0,5,-5
101900003,43,13,30
101900004,1,19,-18
101900005,2006,288,1718
101900006,226,47,179
101900007,138,3,135
101900008,39,23,16
101900009,7,61,-54
101900010,267,93,174
101900011,60,121,-61
101900012,15,20,-5
101900013,436,12,424
101900017,9,26,-17
101900018,735,26,709
101900019,25,23,2
101900020,2,16,-14
101900021,5,5,0
101900022,12,752,-740
101900023,5,124,-119
101900026,34,23,11
101900027,3,59,-56
102000001,626,1194,-568
102000002,1018,479,539
102000003,949,1101,-152
102000004,2369,757,1612
102000005,432,654,-222
102000006,675,656,19
102000007,425,1329,-904
102000008,2671,717,1954
102000009,1678,2384,-706
102000010,2045,939,1106
102000011,707,874,-167
102000012,1160,1231,-71
102000018,1001,775,226
102000019,1098,380,718
102000026,83,122,-39
102000029,148,59,89
102000030,31,71,-40
102000031,7,85,-78
102000032,84,153,-69
102000033,48,164,-116
102000034,107,118,-11
102000035,233,137,96
102000036,1,86,-85
102000037,58,46,12
102000038,37,39,-2
102000039,26,16,10
102000040,131,16,115
102000041,24,45,-21
102000042,34,13,21
102000043,56,58,-2
102000044,158,130,28
102000045,200,353,-153
102000046,260,159,101
102000047,290,359,-69
102000048,62,221,-159
102000049,250,168,82
102000050,235,358,-123
102000051,84,156,-72
102000052,365,297,68
102000053,214,274,-60
102000054,102,310,-208
102000055,213,443,-230
102000056,149,375,-226
102000057,240,149,91
102000058,384,693,-309
102000059,523,541,-18
102000060,285,261,24
102000061,364,1061,-697
102000062,205,399,-194
102000063,430,538,-108
102000064,173,211,-38
102000065,7,49,-42
102000066,270,313,-43
102000067,539,843,-304
102000068,3658,1013,2645
102000069,17,652,-635
102000070,1080,30,1050
102000071,2411,3193,-782
102000072,1416,1945,-529
102000073,41,329,-288
102000074,52,392,-340
102000075,9,142,-133
102000076,23,206,-183
102000077,154,674,-520
102000078,132,449,-317
102000079,20,135,-115
102000080,69,76,-7
102000081,123,326,-203
102000082,267,54,213
102000083,108,408,-300
102000084,41,160,-119
102000085,590,708,-118
102000086,285,328,-43
102000087,190,1085,-895
102000088,64,90,-26
102000089,188,169,19
102000090,149,493,-344
102000091,392,193,199
102000092,166,300,-134
102000093,241,217,24
102000094,331,175,156
102000095,261,218,43
102000096,207,203,4
102000097,321,236,85
102000098,126,313,-187
102000099,196,125,71
102000100,176,214,-38
102000101,265,143,122
102000102,79,450,-371
102000103,275,60,215
102000104,430,159,271
102000105,45,409,-364
102000106,125,401,-276
102000107,295,153,142
102000108,144,85,59
102000109,58,255,-197
102000110,181,842,-661
102000111,4,129,-125
102000112,34,18,16
102000113,3,30,-27
102000114,442,114,328
102000115,105,52,53
102000116,46,72,-26
102000117,55,202,-147
102000118,586,331,255
102000119,1196,152,1044
102000120,23,129,-106
102000121,181,158,23
102000122,55,149,-94
102000123,420,311,109
102000124,219,216,3
102000125,226,254,-28
102000126,205,149,56
102000127,272,217,55
102000128,118,313,-195
102000129,232,355,-123
102000130,121,216,-95
102000131,174,248,-74
102000132,69,112,-43
102000133,379,1121,-742
102000134,119,209,-90
102000135,470,188,282
102000136,380,89,291
102000137,137,184,-47
102000138,60,93,-33
102000139,21,93,-72
102000140,75,72,3
102000141,24,285,-261
102000142,62,152,-90
102000143,22,154,-132
102000144,26,163,-137
102000145,34,156,-122
102000146,85,104,-19
102000147,61,81,-20
102000148,56,59,-3
102000149,42,268,-226
102000150,85,73,12
102000151,27,134,-107
102000152,17,52,-35
102000153,127,64,63
102000154,123,200,-77
102000155,32,95,-63
102000156,127,6,121
102000157,31,57,-26
102000158,135,54,81
102000159,578,42,536
102000161,1201,280,921
102000162,69,53,16
102000163,31,97,-66
102000164,232,124,108
102000165,125,39,86
102000166,23,46,-23
102000167,96,70,26
102000168,70,54,16
102000169,31,111,-80
102000170,369,34,335
102000171,39,20,19
102000172,9,51,-42
102000173,99,83,16
102000174,5,12,-7
102000175,22,65,-43
102000176,15,40,-25
102000178,55,272,-217
102000179,83,106,-23
102000180,141,265,-124
102000181,83,344,-261
102000182,109,368,-259
102000183,339,983,-644
102000184,240,470,-230
102000185,359,816,-457
102000186,171,985,-814
102000187,136,880,-744
102000188,186,643,-457
102000189,1427,371,1056
102000190,170,497,-327
102000191,555,209,346
102000192,211,408,-197
102000193,4,111,-107
102000194,15,61,-46
102000195,77,160,-83
102000196,38,230,-192
102000197,91,241,-150
102000198,25,357,-332
102000199,126,230,-104
102000200,68,491,-423
102000201,148,345,-197
102000202,1,81,-80
102000203,93,130,-37
102000204,64,390,-326
102000205,187,327,-140
102000206,122,312,-190
102000207,149,175,-26
102000208,76,192,-116
102000209,6,12,-6
102000210,53,239,-186
102000211,37,197,-160
102000212,21,3,18
102000213,0,142,-142
102000214,50,1,49
102000215,1,257,-256
102000216,17,7,10
102000217,3,105,-102
102000218,27,12,15
102000219,112,148,-36
102000225,404,236,168
102000226,310,41,269
102000227,27,0,27
102000228,0,40,-40
102000229,10,14,-4
102000230,75,342,-267
102000231,105,112,-7
102000232,7,73,-66
102000233,179,181,-2
102000234,19,530,-511
102000236,161,24,137
102000237,183,45,138
102000238,60,138,-78
102000240,363,176,187
102000241,76,39,37
102000243,19,14,5
102000245,5,33,-28
102000246,2,5,-3
102000247,388,281,107
102000248,208,228,-20
102000249,36,46,-10
102000250,23,242,-219
102000254,17,173,-156
102000266,18,40,-22
102000271,0,0,0
102000286,187,106,81
102000297,508,243,265
102000301,0,0,0
102000307,0,3,-3
102000316,25,52,-27
102900001,353,356,-3
102900002,162,14,148
102900003,7,129,-122
102900005,37,109,-72
102900006,145,121,24
102900007,101,7,94
102900008,40,29,11
102900009,92,23,69
102900010,338,129,209
102900011,891,95,796
102900012,80,16,64
102900013,5,24,-19
102900015,196,38,158
102900016,22,36,-14
102900017,30,277,-247
102900018,5,88,-83
102900019,52,131,-79
102900020,28,23,5
102900021,3,37,-34
102900022,98,11,87
102900023,10,27,-17
102900024,4,22,-18
102900025,67,44,23
102900026,198,358,-160
102900027,16,41,-25
102900028,15,101,-86
102900029,33,30,3
102900030,57,34,23
102900031,35,77,-42
102900032,16,82,-66
102900033,8,39,-31
102900034,51,88,-37
102900035,41,183,-142
102900036,28,204,-176
102900037,35,319,-284
102900038,80,162,-82
102900039,1,90,-89
102900040,29,79,-50
102900041,13,87,-74
102900042,29,96,-67
102900043,18,106,-88
102900044,126,764,-638
102900045,21,244,-223
102900046,10,183,-173
102900047,17,338,-321
102900048,148,403,-255
102900049,19,191,-172
102900050,32,112,-80
102900051,23,81,-58
102900053,108,381,-273
102900054,279,161,118
102900055,8,38,-30
102900056,50,200,-150
102900057,0,14,-14
102900058,96,9,87
102900059,0,10,-10
102900060,28,109,-81
102900061,32,148,-116
102900062,19,676,-657
102900063,192,162,30
102900064,77,163,-86
102900065,641,248,393
102900066,70,12,58
102900068,6,34,-28
102900070,45,313,-268
102900072,9,4,5
102900073,29,0,29
102900075,3,4,-1
102900076,70,2,68
102900077,4,3,1
102900078,14,20,-6
102900079,45,3,42
102900080,50,10,40
102900081,9,89,-80
102900082,0,108,-108
102900083,94,3,91
102900084,0,8,-8
102900085,13,19,-6
102900086,0,2,-2
102900087,14,36,-22
102900088,7,23,-16
102900089,134,33,101
102900090,3,139,-136
102900091,14,0,14
102900092,17,327,-310
102900094,0,20,-20
102900095,48,1,47
102900096,7,6,1
102900097,0,46,-46
103000001,825,1209,-384
103000002,726,807,-81
103000003,999,1061,-62
103000004,362,294,68
103000005,658,894,-236
103000006,276,521,-245
103000007,194,332,-138
103000008,279,566,-287
103000009,192,288,-96
103000010,65,87,-22
103000011,636,307,329
103000012,355,471,-116
103000013,2608,772,1836
103000014,445,470,-25
103000015,1050,410,640
103000016,192,276,-84
103000017,45,95,-50
103000018,445,103,342
103000019,51,55,-4
103000020,604,620,-16
103000021,317,482,-165
103000022,409,692,-283
103000023,198,412,-214
103000024,75,54,21
103000025,19,86,-67
103000026,661,31,630
103000027,102,61,41
103000028,175,51,124
103000029,100,46,54
103000030,838,200,638
103000031,659,418,241
103000032,827,685,142
103000033,927,891,36
103000034,618,246,372
103000035,111,347,-236
103000036,155,140,15
103000037,225,112,113
103000038,184,244,-60
103000039,48,271,-223
103000040,81,594,-513
103000041,746,1381,-635
103000042,326,392,-66
103000043,107,523,-416
103000044,29,109,-80
103000046,97,94,3
103000047,160,206,-46
103000048,40,68,-28
103000049,33,73,-40
103000050,132,351,-219
103000051,86,162,-76
103000052,210,227,-17
103000053,27,132,-105
103000054,503,399,104
103000055,547,635,-88
103000056,185,1106,-921
103000057,154,103,51
103000058,102,438,-336
103000059,132,369,-237
103000060,333,312,21
103000061,128,355,-227
103000062,256,353,-97
103000063,209,250,-41
103000064,60,160,-100
103000065,3,180,-177
103000066,20,7,13
103000069,32,184,-152
103000070,220,428,-208
103000071,275,137,138
103000072,31,512,-481
103000073,108,58,50
103000074,127,34,93
103000075,42,449,-407
103000076,44,52,-8
103000077,12,169,-157
103000078,406,80,326
103000079,739,163,576
103000080,214,45,169
103000081,120,175,-55
103000082,145,32,113
103000083,32,193,-161
103000084,37,1,36
103000085,3,46,-43
103000086,251,79,172
103000087,36,117,-81
103000088,128,101,27
103000089,66,125,-59
103000090,432,487,-55
103000091,186,224,-38
103000092,87,54,33
103000093,163,277,-114
103000094,38,28,10
103000095,13,190,-177
103000096,192,20,172
103000097,10,232,-222
103000098,135,19,116
103000099,28,240,-212
103000100,28,440,-412
103000101,130,53,77
103000102,25,327,-302
103000103,97,102,-5
103000104,14,76,-62
103000105,16,75,-59
103000106,1,40,-39
103000107,155,26,129
103000108,352,298,54
103000109,150,122,28
103000110,158,211,-53
103000111,221,162,59
103000112,85,101,-16
103000113,170,277,-107
103000114,406,97,309
103000115,180,193,-13
103000116,179,194,-15
103000117,100,220,-120
103000118,467,412,55
103000119,1155,325,830
103000120,30,42,-12
103000121,79,171,-92
103000122,93,100,-7
103000125,3,213,-210
103000126,90,3,87
103000127,0,173,-173
103000128,70,0,70
103000129,0,83,-83
103000130,12,4,8
103000131,91,33,58
103000132,57,14,43
103000133,4,66,-62
103000134,176,138,38
103000135,275,49,226
103000136,242,141,101
103000137,199,149,50
103000138,320,191,129
103000139,1,17,-16
103000140,41,8,33
103000141,2,48,-46
103000142,22,11,11
103000143,9,83,-74
103000144,45,17,28
103000145,7,6,1
103000150,29,22,7
103000152,138,102,36
103000153,88,73,15
103000156,1,279,-278
103000157,138,2,136
103000159,29,9,20
103000162,18,7,11
103000163,0,3,-3
103000164,7,3,4
103000165,59,213,-154
103000166,27,54,-27
103000167,62,56,6
103000168,21,76,-55
103000169,43,113,-70
103000170,197,219,-22
103000171,11,25,-14
103000172,54,139,-85
103000173,104,316,-212
103000174,49,118,-69
103000175,98,307,-209
103000176,294,86,208
103000177,257,202,55
103000178,128,124,4
103000179,17,6,11
103000183,63,46,17
103000185,5,40,-35
103000186,21,58,-37
103000187,79,332,-253
103000188,4,37,-33
103000189,378,500,-122
103000191,88,170,-82
103000292,1633,340,1293
103000293,511,243,268
103000295,13,29,-16
103000296,20,0,20
103000297,7,1,6
103000504,111,8,103
103000505,4,5,-1
103000506,1,99,-98
103000507,33,0,33
103000508,35,2,33
103000509,105,233,-128
103000514,2,0,2
103900001,0,167,-167
103900002,747,45,702
103900003,434,14,420
103900004,2,0,2
103900005,0,107,-107
103900006,1,0,1
103900007,1,0,1
103900008,3,0,3
103900009,58,63,-5
103900010,66,96,-30
103900011,20,133,-113
103900012,5,0,5
103900013,2,40,-38
103900014,0,12,-12
103900015,3,4,-1
103900016,81,143,-62
103900017,6,26,-20
103900018,232,75,157
103900019,8,51,-43
103900020,22,52,-30
103900021,303,15,288
103900022,138,115,23
103900023,27,0,27
103900024,22,275,-253
103900025,9,23,-14
103900026,7,0,7
103900027,54,86,-32
103900028,0,107,-107
103900029,248,63,185
103900030,29,7,22
103900031,0,1,-1
103900032,9,12,-3
103900033,5,1,4
103900034,14,85,-71
103900035,18,17,1
103900036,7,4,3
103900037,13,13,0
103900038,13,33,-20
103900039,10,226,-216
103900040,1,76,-75
103900041,1,6,-5
103900042,8,264,-256
103900043,20,45,-25
103900044,51,43,8
103900045,55,49,6
103900047,6,9,-3
103900048,11,5,6
103900049,64,444,-380
103900050,0,34,-34
103900051,2,10,-8
103900052,30,268,-238
103900053,20,391,-371
103900054,5,307,-302
103900055,78,62,16
103900056,5,19,-14
103900057,1,206,-205
103900058,26,327,-301
103900059,0,3,-3
103900060,5,102,-97
103900061,24,33,-9
103900062,21,14,7
103900063,4,0,4
103900064,7,0,7
103900065,201,136,65
103900066,14,1,13
103900067,16,1,15
103900068,1,0,1
103900069,22,5,17
103900070,42,113,-71
103900071,4,65,-61
103900072,2,143,-141
103900073,6,2,4
103900074,10,50,-40
103900075,27,47,-20
103900076,81,361,-280
103900077,32,10,22
103900078,12,47,-35
103900079,10,106,-96
103900080,0,8,-8
103900081,20,2,18
103900082,2,29,-27
103900083,1150,111,1039
103900084,5,30,-25
103900085,48,45,3
103900086,64,77,-13
103900088,94,58,36
103900089,26,56,-30
103900090,0,71,-71
103900091,232,68,164
103900092,121,190,-69
103900093,25,259,-234
103900094,3,90,-87
103900095,51,50,1
103900096,0,257,-257
103900097,2,227,-225
103900098,59,31,28
103900099,6,198,-192
103900100,34,130,-96
103900101,24,274,-250
103900102,1,12,-11
103900104,2,8,-6
103900105,45,59,-14
103900106,0,10,-10
103900107,6,95,-89
103900108,13,216,-203
103900109,11,24,-13
103900110,32,9,23
103900111,6,319,-313
103900112,4,19,-15
103900113,39,54,-15
103900114,182,106,76
103900115,63,26,37
103900116,1544,404,1140
103900117,109,30,79
103900119,8,9,-1
103900120,6,36,-30
103900122,4,143,-139
103900123,495,124,371
103900124,11,305,-294
103900125,10,26,-16
103900126,55,237,-182
103900127,12,337,-325
103900128,5,95,-90
103900131,5,35,-30
103900133,178,8,170
103900134,1,1,0
103900135,0,5,-5
103900137,0,28,-28
103900138,13,196,-183
103900139,282,280,2
103900140,0,12,-12
103900141,67,33,34
103900142,31,56,-25
103900143,3,2,1
103900144,0,28,-28
103900145,36,143,-107
103900146,53,182,-129
103900147,60,42,18
103900148,29,78,-49
103900149,35,276,-241
103900150,2518,476,2042
103900151,6,65,-59
103900152,71,348,-277
103900153,1,2,-1
103900154,232,277,-45
103900155,3,114,-111
103900156,3,78,-75
103900157,2,57,-55
103900158,8,63,-55
103900159,5,18,-13
103900160,11,0,11
103900161,15,66,-51
103900162,22,103,-81
103900163,2,130,-128
103900167,5,20,-15
103900168,3,44,-41
103900169,1,7,-6
103900170,1,24,-23
103900171,0,15,-15
103900172,1,14,-13
103900173,0,2,-2
103900174,7,16,-9
103900175,10,8,2
103900176,6,6,0
103900177,9,15,-6
103900178,5,10,-5
103900179,7,61,-54
103900180,0,30,-30
103900181,9,11,-2
103900182,3,1,2
103900184,183,11,172
103900185,30,23,7
103900187,10,4,6
103900188,12,1,11
103900189,17,1,16
103900190,12,27,-15
103900191,5,14,-9
103900192,17,25,-8
103900193,28,20,8
103900194,8,127,-119
103900195,0,3,-3
103900196,3,1,2
103900197,0,5,-5
103900198,3,17,-14
103900199,21,36,-15
103900200,27,77,-50
103900201,18,104,-86
103900202,2,26,-24
103900203,2,9,-7
103900204,0,31,-31
103900207,0,40,-40
103900208,5,0,5
103900209,3,63,-60
103900210,7,10,-3
103900211,41,198,-157
103900212,11,240,-229
103900213,26,147,-121
103900214,106,40,66
103900215,313,114,199
103900216,1,174,-173
103900217,70,2,68
103900218,8,72,-64
103900219,14,129,-115
103900233,18,2,16
103900235,6,7,-1
103900236,2,0,2
103900242,0,0,0
103900243,1,2,-1
103900244,9,132,-123
103900245,9,111,-102
103900246,29,3,26
103900247,20,29,-9
103900248,1,6,-5
103900249,3,4,-1
103900250,6,4,2
103900251,0,21,-21
103900253,0,2,-2
103900254,0,5,-5
103900255,0,6,-6
103900256,21,11,10
103900257,32,26,6
103900258,7,0,7
103900259,2,0,2
103900261,1,0,1
103900262,2,0,2
103900263,7,6,1
103900264,30,0,30
103900265,11,0,11
103900266,0,6,-6
103900267,2,15,-13
103900268,1,63,-62
103900269,36,4,32
103900270,3,36,-33
103900271,4,91,-87
103900272,0,6,-6
103900273,0,11,-11
103900274,1,0,1
103900275,0,0,0
103900276,0,8,-8
103900277,0,12,-12
103900278,0,4,-4
103900279,2,0,2
103900280,0,16,-16
103900281,10,8,2
103900282,1,2,-1
103900283,2,5,-3
103900284,0,1,-1
103900285,38,3,35
103900286,55,16,39
103900287,0,3,-3
103900288,56,7,49
103900289,16,0,16
103900290,139,2,137
103900291,36,0,36
103900292,2,5,-3
103900293,9,11,-2
103900294,0,16,-16
104000001,784,1238,-454
104000002,653,1207,-554
104000003,877,1155,-278
104000004,1336,1019,317
104000005,481,858,-377
104000006,1026,1459,-433
104000007,1107,1098,9
104000008,159,374,-215
104000009,43,103,-60
104000010,27,73,-46
104000011,350,267,83
104000012,42,271,-229
104000013,19,42,-23
104000014,113,393,-280
104000015,51,51,0
104000016,117,218,-101
104000018,129,83,46
104000019,116,41,75
104000020,56,451,-395
104000021,105,366,-261
104000022,35,136,-101
104000023,194,175,19
104000024,55,203,-148
104000026,31,113,-82
104000027,116,266,-150
104000028,122,155,-33
104000029,197,386,-189
104000030,44,189,-145
104000031,160,86,74
104000032,86,219,-133
104000033,108,148,-40
104000034,97,230,-133
104000035,214,183,31
104000036,168,257,-89
104000037,96,174,-78
104000038,40,164,-124
104000039,45,234,-189
104000040,211,213,-2
104000041,380,216,164
104000042,56,96,-40
104000043,119,208,-89
104000044,92,436,-344
104000045,312,718,-406
104000046,668,840,-172
104000047,203,674,-471
104000048,401,870,-469
104000049,135,152,-17
104000050,83,292,-209
104000051,53,459,-406
104000052,393,597,-204
104000053,302,271,31
104000054,104,157,-53
104000055,1646,1289,357
104000056,771,152,619
104000057,79,413,-334
104000058,469,528,-59
104000059,108,509,-401
104000060,241,632,-391
104000061,633,726,-93
104000062,111,171,-60
104000064,321,114,207
104000065,41,114,-73
104000069,467,257,210
104000070,22,76,-54
104000071,109,219,-110
104000072,327,221,106
104000075,6,137,-131
104000076,117,4,113
104000082,759,861,-102
104000083,309,108,201
104000084,39,166,-127
104000085,105,84,21
104000086,50,208,-158
104000087,99,290,-191
104000090,187,707,-520
104000092,203,1308,-1105
104000094,279,1033,-754
104000095,634,715,-81
104000096,234,262,-28
104000097,345,488,-143
104000098,389,695,-306
104000100,315,282,33
104000101,354,1108,-754
104000106,111,285,-174
104000107,200,261,-61
104000108,112,222,-110
104000109,96,8,88
104000110,351,418,-67
104000111,1951,482,1469
104000112,519,225,294
104000116,0,693,-693
104000117,29,467,-438
104000118,95,127,-32
104000119,142,83,59
104000120,47,445,-398
104000121,48,271,-223
104000122,178,294,-116
104000123,458,642,-184
104000124,462,1059,-597
104000125,2049,986,1063
104000126,51,232,-181
104000127,777,2068,-1291
104000128,337,189,148
104000129,129,16,113
104000130,2,64,-62
104000131,625,388,237
104000132,491,786,-295
104000133,547,377,170
104000134,290,570,-280
104000135,167,307,-140
104000136,242,490,-248
104000137,647,71,576
104000138,715,213,502
104000139,3183,1423,1760
104000141,619,1039,-420
104000142,411,744,-333
104000143,208,496,-288
104000144,37,82,-45
104000145,137,47,90
104000146,169,255,-86
104000147,41,140,-99
104000148,51,30,21
104000149,101,217,-116
104000150,174,181,-7
104000151,129,432,-303
104000152,157,536,-379
104000153,68,208,-140
104000154,591,394,197
104000155,84,188,-104
104000157,550,981,-431
104000158,61,89,-28
104000159,136,139,-3
104000160,641,433,208
104000161,85,56,29
104000162,19,52,-33
104000165,707,497,210
104000167,281,348,-67
104000168,153,2,151
104000169,5,18,-13
104000170,278,82,196
104000248,35,330,-295
104000251,20,181,-161
104000272,0,0,0
104000273,0,0,0
104000274,0,0,0
104000275,0,0,0
104000279,1176,398,778
104000290,23,162,-139
104000291,540,683,-143
104000293,289,358,-69
104000294,1,0,1
104000295,173,335,-162
104000296,100,400,-300
104000297,443,732,-289
104000298,1118,534,584
104000299,232,599,-367
104000302,66,87,-21
104000303,94,126,-32
104900001,22,176,-154
104900002,15,29,-14
104900003,15,228,-213
104900004,10,224,-214
104900005,54,88,-34
104900006,38,37,1
104900007,69,138,-69
104900009,28,276,-248
104900010,6,1,5
104900011,0,1,-1
104900012,59,0,59
104900013,17,1,16
104900014,2031,104,1927
104900015,25,0,25
104900016,11,174,-163
104900017,6,94,-88
104900018,2,81,-79
104900019,100,387,-287
104900020,14,113,-99
104900021,0,110,-110
104900022,0,85,-85
104900023,1,47,-46
104900024,11,49,-38
104900025,9,208,-199
104900026,0,42,-42
104900027,69,75,-6
104900028,9,68,-59
104900029,9,24,-15
104900030,109,86,23
104900031,62,67,-5
104900032,48,67,-19
104900033,13,67,-54
104900034,25,22,3
104900035,39,22,17
104900036,25,17,8
104900037,30,167,-137
104900038,134,50,84
104900039,281,21,260
104900040,27,17,10
104900041,54,16,38
104900042,82,232,-150
104900043,4,5,-1
104900044,61,68,-7
104900045,58,7,51
104900046,8,28,-20
104900047,41,58,-17
104900048,32,25,7
104900049,0,0,0
104900050,17,21,-4
104900051,14,20,-6
104900052,2,0,2
104900053,57,9,48
104900054,30,6,24
104900055,3,0,3
104900056,31,4,27
104900057,9,0,9
104900058,36,34,2
104900059,0,13,-13
104900061,96,207,-111
104900063,9,75,-66
104900064,1,96,-95
104900065,0,43,-43
104900066,3,86,-83
104900067,0,89,-89
104900068,4,137,-133
104900070,11,154,-143
104900071,2,437,-435
104900072,5,103,-98
104900073,9,114,-105
104900074,13,105,-92
104900075,6,23,-17
104900076,23,227,-204
104900077,398,20,378
104900078,29,509,-480
104900079,72,48,24
104900080,5,347,-342
104900082,2,148,-146
104900085,0,153,-153
104900089,14,0,14
104900091,121,439,-318
104900093,62,170,-108
104900097,1415,425,990
104900098,16,23,-7
104900099,3,108,-105
104900100,377,48,329
104900102,4,93,-89
104900103,124,34,90
104900106,6,84,-78
104900107,9,154,-145
104900108,5,99,-94
104900109,10,20,-10
104900110,3,13,-10
104900111,41,25,16
104900112,49,417,-368
104900113,165,182,-17
104900114,77,312,-235
104900115,132,308,-176
104900116,11,87,-76
104900118,4,51,-47
104900119,0,17,-17
104900120,49,10,39
104900121,0,46,-46
104900122,0,25,-25
104900123,5,1,4
104900124,2,0,2
104900125,124,47,77
104900126,13,23,-10
104900127,10,10,0
104900128,15,18,-3
104900129,827,278,549
105000001,1004,1040,-36
105000002,835,1081,-246
105000003,1042,1822,-780
105000004,195,443,-248
105000005,255,521,-266
105000006,414,594,-180
105000007,220,594,-374
105000008,175,761,-586
105000009,434,1013,-579
105000010,1455,1242,213
105000011,665,696,-31
105000012,1626,1634,-8
105000013,226,414,-188
105000014,417,615,-198
105000015,2274,1801,473
105000016,1123,626,497
105000017,680,481,199
105000018,477,319,158
105000019,414,387,27
105000020,45,125,-80
105000021,108,64,44
105000022,25,10,15
105000023,124,50,74
105000028,21,67,-46
105000029,141,237,-96
105000030,2030,1710,320
105000031,0,18,-18
105000033,450,1099,-649
105000034,36,204,-168
105000037,217,352,-135
105000038,436,325,111
105000039,1309,773,536
105000040,155,230,-75
105000041,197,639,-442
105000042,565,319,246
105000043,623,977,-354
105000044,92,102,-10
105000045,103,433,-330
105000046,167,166,1
105000047,155,647,-492
105000048,146,103,43
105000049,105,530,-425
105000050,119,170,-51
105000051,85,337,-252
105000052,120,555,-435
105000053,105,83,22
105000054,68,430,-362
105000055,124,194,-70
105000056,212,1194,-982
105000057,367,557,-190
105000058,477,779,-302
105000059,210,172,38
105000060,204,390,-186
105000061,129,157,-28
105000062,325,615,-290
105000063,169,434,-265
105000064,254,239,15
105000065,85,710,-625
105000066,321,1213,-892
105000067,198,227,-29
105000068,226,511,-285
105000069,1204,242,962
105000070,389,412,-23
105000071,100,219,-119
105000072,350,354,-4
105000073,269,157,112
105000074,300,536,-236
105000075,234,327,-93
105000076,510,404,106
105000077,693,297,396
105000078,340,439,-99
105000079,682,934,-252
105000080,401,270,131
105000081,387,372,15
105000082,174,181,-7
105000083,215,257,-42
105000084,228,593,-365
105000085,428,406,22
105000086,293,478,-185
105000087,1234,1132,102
105000088,468,452,16
105000089,1077,1020,57
105000090,409,377,32
105000091,640,750,-110
105000092,209,622,-413
105000093,101,70,31
105000094,93,48,45
105000095,23,144,-121
105000096,422,243,179
105000097,415,326,89
105000098,224,203,21
105000099,256,446,-190
105000100,289,592,-303
105000101,636,900,-264
105000102,482,766,-284
105000103,423,953,-530
105000104,412,545,-133
105000105,286,802,-516
105000106,218,636,-418
105000107,204,419,-215
105000108,266,829,-563
105000109,310,680,-370
105000110,115,418,-303
105000111,159,245,-86
105000112,233,390,-157
105000113,94,169,-75
105000114,1825,369,1456
105000115,127,258,-131
105000116,158,182,-24
105000117,350,698,-348
105000118,62,148,-86
105000119,162,565,-403
105000120,172,277,-105
105000121,239,518,-279
105000122,88,143,-55
105000123,393,773,-380
105000124,339,461,-122
105000125,215,865,-650
105000126,479,979,-500
105000127,529,850,-321
105000128,100,647,-547
105000129,218,191,27
105000130,27,355,-328
105000131,133,144,-11
105000132,145,125,20
105000133,77,441,-364
105000134,183,176,7
105000135,149,351,-202
105000136,35,147,-112
105000137,100,84,16
105000138,88,177,-89
105000139,251,718,-467
105000140,117,149,-32
105000141,48,295,-247
105000142,28,139,-111
105000143,28,293,-265
105000144,100,308,-208
105000145,85,193,-108
105000146,214,291,-77
105000147,113,146,-33
105000148,239,286,-47
105000149,374,421,-47
105000150,580,620,-40
105000151,75,133,-58
105000152,50,322,-272
105000153,135,164,-29
105000154,188,514,-326
105000155,100,128,-28
105000156,222,561,-339
105000157,323,1085,-762
105000158,657,270,387
105000159,165,775,-610
105000160,556,297,259
105000161,222,1092,-870
105000162,117,405,-288
105000163,530,674,-144
105000164,96,138,-42
105000165,704,1227,-523
105000166,3911,124,3787
105000167,1264,508,756
105000168,44,508,-464
105000169,148,217,-69
105000170,11,561,-550
105000171,396,137,259
105000172,19,24,-5
105000173,16,7,9
105000174,5,6,-1
105000175,55,80,-25
105000176,17,31,-14
105000177,27,45,-18
105000178,18,198,-180
105000179,35,50,-15
105000180,20,41,-21
105000181,11,164,-153
105000182,35,32,3
105000183,971,514,457
105000184,627,306,321
105000185,438,172,266
105000186,180,489,-309
105000187,344,131,213
105000188,90,38,52
105000189,28,325,-297
105000190,37,111,-74
105000191,96,255,-159
105000192,23,38,-15
105000193,16,61,-45
105000194,46,23,23
105000195,50,521,-471
105000196,22,23,-1
105000197,37,360,-323
105000198,180,75,105
105000199,29,57,-28
105000200,34,65,-31
105000201,27,14,13
105000203,2,107,-105
105000204,59,62,-3
105000205,24,94,-70
105000207,161,65,96
105000208,29,137,-108
105000209,53,179,-126
105000211,22,5,17
105000212,236,653,-417
105000213,55,38,17
105000214,25,64,-39
105000215,28,152,-124
105000216,37,162,-125
105000217,43,147,-104
105000218,143,362,-219
105000221,45,150,-105
105000222,18,24,-6
105000223,55,103,-48
105000226,15,111,-96
105000227,3,37,-34
105000228,48,220,-172
105000229,32,146,-114
105000231,38,103,-65
105000233,295,239,56
105000234,237,526,-289
105000235,70,220,-150
105000237,131,23,108
105000243,8,14,-6
105000248,23,17,6
105000262,54,984,-930
105000269,21,68,-47
105000270,65,50,15
105000271,0,129,-129
105000282,40,9,31
105000287,97,49,48
105000288,100,202,-102
105000289,227,276,-49
105000290,2,0,2
105000402,2123,417,1706
105000426,146,206,-60
105000438,166,221,-55
105000440,3,9,-6
105000446,4760,1736,3024
105000447,2230,986,1244
105000454,32,366,-334
105000455,108,57,51
105000474,0,0,0
105000477,49,131,-82
105000478,424,673,-249
105000479,20,46,-26
105000480,448,728,-280
105000481,910,678,232
105000482,2068,1309,759
105000483,432,422,10
105000484,855,1104,-249
105000485,305,568,-263
105000486,945,877,68
105000488,936,1017,-81
105000489,208,347,-139
105000549,16,40,-24
105000550,226,443,-217
105000551,12,28,-16
105000552,1828,957,871
105000555,584,356,228
105000556,5,7,-2
105000557,9,177,-168
105900001,1,340,-339
105900002,867,108,759
105900003,21,41,-20
105900004,113,36,77
105900005,1,169,-168
105900006,0,21,-21
105900007,6,5,1
105900008,6,452,-446
105900009,1,4,-3
105900011,14,16,-2
105900012,54,75,-21
105900013,0,4,-4
105900014,0,29,-29
105900015,18,155,-137
105900016,19,288,-269
105900017,223,37,186
105900018,41,117,-76
105900019,3,222,-219
105900020,4,45,-41
105900021,2,130,-128
105900022,27,140,-113
105900023,0,63,-63
105900024,2,44,-42
105900025,25,17,8
105900026,74,9,65
105900027,1419,619,800
105900028,10,72,-62
105900029,803,113,690
105900030,40,100,-60
105900031,138,70,68
105900032,31,40,-9
105900033,6,68,-62
105900034,53,74,-21
105900035,54,77,-23
105900036,15,60,-45
105900037,25,29,-4
105900038,33,217,-184
105900039,12,92,-80
105900040,24,35,-11
105900041,105,152,-47
105900042,14,69,-55
105900043,756,14,742
105900044,2,48,-46
105900045,2,214,-212
105900046,3,78,-75
105900047,1,16,-15
105900048,36,214,-178
105900050,359,166,193
105900051,1,552,-551
105900052,53,7,46
105900053,1982,420,1562
105900054,121,135,-14
105900056,256,34,222
105900057,2,70,-68
105900058,2,28,-26
105900059,0,7,-7
106000001,672,342,330
106000002,787,1470,-683
106000003,1375,937,438
106000004,1099,836,263
106000005,698,1763,-1065
106000006,2074,1927,147
106000007,207,231,-24
106000008,213,217,-4
106000009,179,107,72
106000010,155,278,-123
106000011,190,349,-159
106000012,220,806,-586
106000013,494,742,-248
106000014,792,964,-172
106000015,402,349,53
106000016,472,1335,-863
106000017,338,283,55
106000018,224,399,-175
106000019,87,166,-79
106000020,91,298,-207
106000021,88,291,-203
106000022,99,239,-140
106000023,150,252,-102
106000024,184,526,-342
106000025,49,71,-22
106000026,69,349,-280
106000027,286,338,-52
106000028,212,521,-309
106000029,341,845,-504
106000030,303,83,220
106000034,52,247,-195
106000035,136,382,-246
106000036,188,131,57
106000037,524,873,-349
106000038,72,41,31
106000039,21,25,-4
106000040,83,276,-193
106000041,263,143,120
106000043,154,24,130
106000046,97,11,86
106000047,4,148,-144
106000049,156,49,107
106000050,102,405,-303
106000051,101,93,8
106000052,32,344,-312
106000053,47,46,1
106000054,105,228,-123
106000055,173,273,-100
106000056,96,286,-190
106000057,88,45,43
106000058,51,119,-68
106000059,70,90,-20
106000060,199,373,-174
106000061,65,105,-40
106000062,76,346,-270
106000063,176,165,11
106000064,12,212,-200
106000065,74,47,27
106000066,26,200,-174
106000067,55,38,17
106000068,27,350,-323
106000069,53,61,-8
106000070,58,362,-304
106000071,107,134,-27
106000072,2318,486,1832
106000073,596,706,-110
106000074,137,232,-95
106000075,62,403,-341
106000076,332,573,-241
106000077,879,465,414
106000078,178,376,-198
106000079,141,399,-258
106000080,251,425,-174
106000081,139,342,-203
106000082,651,425,226
106000083,73,306,-233
106000084,204,282,-78
106000085,373,302,71
106000086,130,231,-101
106000087,166,264,-98
106000088,85,291,-206
106000089,191,228,-37
106000090,69,232,-163
106000091,101,259,-158
106000092,153,85,68
106000093,56,60,-4
106000094,21,249,-228
106000095,112,712,-600
106000096,134,320,-186
106000097,193,974,-781
106000098,102,456,-354
106000099,60,468,-408
106000100,213,118,95
106000101,255,279,-24
106000102,29,292,-263
106000103,69,171,-102
106000104,83,67,16
106000105,151,543,-392
106000106,136,196,-60
106000107,36,377,-341
106000108,113,183,-70
106000109,53,292,-239
106000110,70,104,-34
106000111,29,351,-322
106000112,58,96,-38
106000113,594,376,218
106000114,77,118,-41
106000115,148,513,-365
106000116,275,159,116
106000117,335,449,-114
106000118,322,464,-142
106000119,1342,506,836
106000120,216,231,-15
106000121,28,115,-87
106000122,12,125,-113
106000123,117,202,-85
106000124,11,232,-221
106000125,12,227,-215
106000126,50,116,-66
106000127,79,506,-427
106000128,164,230,-66
106000129,209,409,-200
106000130,202,436,-234
106000131,53,358,-305
106000132,482,61,421
106000133,2469,384,2085
106000134,253,196,57
106000135,127,699,-572
106000136,212,96,116
106000137,24,1130,-1106
106000138,222,23,199
106000139,14,37,-23
106000140,15,47,-32
106000141,24,89,-65
106000142,14,14,0
106000143,5,111,-106
106000144,22,18,4
106000145,47,230,-183
106000146,46,54,-8
106000147,187,562,-375
106000148,257,536,-279
106000149,115,434,-319
106000150,177,639,-462
106000151,2335,322,2013
106000152,431,321,110
106000153,32,392,-360
106000154,711,101,610
106000155,18,77,-59
106000156,188,105,83
106000157,167,787,-620
106000158,1555,249,1306
106000159,2529,471,2058
106000160,41,530,-489
106000161,427,247,180
106000162,39,175,-136
106000163,70,301,-231
106000164,74,101,-27
106000165,51,410,-359
106000166,165,111,54
106000167,46,839,-793
106000168,65,101,-36
106000169,40,513,-473
106000170,67,86,-19
106000171,37,463,-426
106000172,688,305,383
106000173,238,1062,-824
106000174,135,92,43
106000175,59,497,-438
106000176,257,304,-47
106000177,211,1130,-919
106000178,673,582,91
106000179,177,873,-696
106000180,273,1004,-731
106000181,113,1004,-891
106000182,166,357,-191
106000183,189,625,-436
106000184,545,478,67
106000185,316,299,17
106000186,204,50,154
106000187,47,236,-189
106000188,0,1,-1
106000189,0,17,-17
106000190,0,0,0
106000191,169,70,99
106000192,0,6,-6
106000193,98,63,35
106000194,43,147,-104
106000195,52,21,31
106000196,28,139,-111
106000197,83,166,-83
106000198,59,134,-75
106000199,415,282,133
106000200,182,98,84
106000201,184,406,-222
106000202,3158,169,2989
106000203,90,67,23
106000204,5,2,3
106000205,5,44,-39
106000206,29,4,25
106000207,15,507,-492
106000208,157,27,130
106000209,195,109,86
106000210,70,739,-669
106000211,103,1043,-940
106000212,137,49,88
106000213,110,454,-344
106000214,506,151,355
106000215,48,267,-219
106000216,314,83,231
106000217,56,243,-187
106000218,132,113,19
106000219,19,170,-151
106000220,198,148,50
106000221,41,158,-117
106000222,14,94,-80
106000223,24,56,-32
106000224,41,204,-163
106000225,16,20,-4
106000226,55,197,-142
106000228,14,49,-35
106000229,33,518,-485
106000231,80,37,43
106000232,22,224,-202
106000233,154,59,95
106000234,34,128,-94
106000235,37,19,18
106000236,32,10,22
106000237,0,8,-8
106000238,0,3,-3
106000239,0,36,-36
106000240,4,0,4
106000241,4,311,-307
106000242,71,9,62
106000249,6,21,-15
106000250,18,150,-132
106000251,4,22,-18
106000252,9,57,-48
106000253,3,27,-24
106000254,10,28,-18
106000255,3,35,-32
106000256,15,43,-28
106000257,29,142,-113
106000258,26,10,16
106000259,0,10,-10
106000260,14,6,8
106000261,0,25,-25
106000262,3,8,-5
106000263,5,61,-56
106000264,33,2,31
106000265,1,131,-130
106000266,27,5,22
106000267,2,60,-58
106000268,130,8,122
106000269,50,26,24
106000270,48,150,-102
106000271,12,68,-56
106000272,54,21,33
106000273,4,42,-38
106000274,53,15,38
106000275,39,65,-26
106000276,9,12,-3
106000277,96,66,30
106000278,69,12,57
106000279,3,34,-31
106000280,12,95,-83
106000281,15,39,-24
106000282,30,31,-1
106000283,13,66,-53
106000284,11,75,-64
106000285,21,74,-53
106000286,30,36,-6
106000287,21,71,-50
106000288,31,57,-26
106000289,3,59,-56
106000290,37,68,-31
106000291,7,32,-25
106000292,10,85,-75
106000293,22,34,-12
106000294,33,72,-39
106000295,7,13,-6
106000296,14,46,-32
106000297,35,71,-36
106000298,88,24,64
106000299,13,45,-32
106000300,5,26,-21
106000301,51,29,22
106000303,5,18,-13
106000304,4,16,-12
106000305,9,4,5
106000306,19,56,-37
106000307,4,2,2
106000308,8,73,-65
106000309,2,64,-62
106000310,139,222,-83
106000311,78,36,42
106000312,35,160,-125
106000313,27,102,-75
106000318,83,52,31
106000319,193,14,179
106000320,4,10,-6
106000321,119,12,107
106000322,34,133,-99
106000324,3,78,-75
106000325,419,429,-10
106000326,333,941,-608
106000327,33,76,-43
106000328,2,23,-21
106000329,27,153,-126
106000330,16,33,-17
106000428,22,113,-91
106000429,54,333,-279
106000430,140,887,-747
106000431,283,114,169
106000432,485,1573,-1088
106000433,322,344,-22
106000434,818,312,506
106000435,861,1296,-435
106000436,7,208,-201
106000437,76,9,67
106000438,164,40,124
106000439,78,251,-173
106000440,87,538,-451
106000441,0,0,0
106000442,52,3,49
106000443,23,391,-368
106000450,3,75,-72
106000451,8,4,4
106000454,3,35,-32
106000455,4,105,-101
106000456,44,17,27
106000457,5,611,-606
106000458,77,74,3
106000459,18,216,-198
106000460,114,16,98
106000461,11,1011,-1000
106000462,0,5,-5
106000463,3,18,-15
106000464,8,307,-299
106000465,68,0,68
106000466,2,362,-360
106000467,220,193,27
106000468,13,111,-98
106000469,118,3,115
106000470,57,376,-319
106000471,10,319,-309
106000472,20,5,15
106000473,12,10,2
106000474,198,665,-467
106000475,158,107,51
106000476,169,210,-41
106000477,28,125,-97
106000480,0,43,-43
106900001,0,8,-8
106900002,2,370,-368
106900003,10,165,-155
106900004,0,26,-26
106900006,0,12,-12
106900007,0,10,-10
106900008,24,150,-126
106900009,68,266,-198
106900010,24,179,-155
106900012,864,188,676
106900013,13,0,13
106900014,7,0,7
106900015,3,0,3
106900016,17,0,17
106900017,0,0,0
106900018,0,0,0
106900019,3,1,2
106900020,1309,148,1161
106900021,11,30,-19
106900022,46,1,45
106900023,1,121,-120
106900024,30,3,27
106900025,2,254,-252
106900026,0,573,-573
106900027,68,2,66
106900028,2,64,-62
106900029,25,1,24
106900030,4,21,-17
107000001,546,583,-37
107000002,1149,1450,-301
107000003,1493,1976,-483
107000004,2404,2611,-207
107000005,640,1173,-533
107000006,1496,3235,-1739
107000007,1374,1495,-121
107000008,7204,5285,1919
107000009,1540,1661,-121
107000010,4556,5531,-975
107000011,346,530,-184
107000012,1684,1684,0
107000013,41,96,-55
107000014,12,166,-154
107000015,176,520,-344
107000016,100,696,-596
107000017,1032,426,606
107000018,2,112,-110
107000020,476,105,371
107000021,271,527,-256
107000022,280,712,-432
107000023,394,245,149
107000024,168,1117,-949
107000025,62,187,-125
107000026,49,433,-384
107000027,393,336,57
107000028,380,795,-415
107000029,479,570,-91
107000030,1436,1403,33
107000031,774,618,156
107000032,75,303,-228
107000033,1785,1623,162
107000034,2581,855,1726
107000035,134,70,64
107000036,183,383,-200
107000037,19,243,-224
107000038,125,144,-19
107000039,171,227,-56
107000040,62,139,-77
107000041,383,214,169
107000042,167,505,-338
107000043,1050,248,802
107000044,166,151,15
107000045,43,137,-94
107000046,132,113,19
107000047,126,402,-276
107000048,121,128,-7
107000049,135,294,-159
107000050,206,196,10
107000051,188,113,75
107000052,389,187,202
107000053,90,42,48
107000054,19,92,-73
107000055,106,79,27
107000056,207,338,-131
107000057,1189,155,1034
107000058,484,559,-75
107000059,577,1375,-798
107000060,955,1505,-550
107000061,1913,1910,3
107000062,660,847,-187
107000063,1409,2942,-1533
107000064,933,736,197
107000065,1429,3106,-1677
107000066,395,674,-279
107000067,245,268,-23
107000068,577,213,364
107000069,191,120,71
107000070,79,2,77
107000071,321,12,309
107000072,19,1764,-1745
107000073,98,68,30
107000074,50,421,-371
107000075,290,44,246
107000076,230,967,-737
107000077,516,128,388
107000078,416,1638,-1222
107000079,407,115,292
107000080,331,1576,-1245
107000081,331,138,193
107000082,206,1546,-1340
107000083,286,78,208
107000084,198,1356,-1158
107000085,815,1125,-310
107000086,1074,1098,-24
107000087,793,735,58
107000088,1133,1508,-375
107000089,547,597,-50
107000090,352,511,-159
107000091,291,450,-159
107000092,231,586,-355
107000093,325,356,-31
107000094,370,628,-258
107000095,138,275,-137
107000096,297,676,-379
107000097,229,163,66
107000098,249,476,-227
107000099,144,125,19
107000100,107,221,-114
107000101,19,51,-32
107000102,178,234,-56
107000103,78,92,-14
107000104,123,185,-62
107000105,98,85,13
107000106,71,184,-113
107000107,149,107,42
107000108,60,579,-519
107000109,90,60,30
107000110,10,312,-302
107000111,51,6,45
107000112,5,309,-304
107000113,81,25,56
107000114,23,541,-518
107000115,53,25,28
107000116,26,557,-531
107000117,15,68,-53
107000118,74,137,-63
107000119,819,324,495
107000120,1725,164,1561
107000121,72,348,-276
107000122,306,252,54
107000123,60,417,-357
107000124,129,359,-230
107000125,154,473,-319
107000126,189,455,-266
107000129,55,730,-675
107000130,77,71,6
107000131,74,472,-398
107000132,103,149,-46
107000133,79,45,34
107000134,29,0,29
107000135,1,100,-99
107000136,77,0,77
107000137,4,141,-137
107000138,35,4,31
107000139,6,143,-137
107000140,238,13,225
107000141,40,410,-370
107000142,93,6,87
107000143,8,493,-485
107000144,115,57,58
107000145,41,311,-270
107000146,45,30,15
107000147,2165,401,1764
107000150,290,547,-257
107000151,28,13,15
107000152,205,188,17
107000153,157,108,49
107000154,2,36,-34
107000155,227,4,223
107000156,230,6,224
107000157,4,1392,-1388
107000158,128,4,124
107000159,12,736,-724
107000160,123,25,98
107000161,16,1010,-994
107000162,40,73,-33
107000163,1,1,0
107000164,45,0,45
107000165,135,0,135
107000166,15,819,-804
107000167,121,106,15
107000168,197,95,102
107000169,371,510,-139
107000170,279,135,144
107000171,159,1603,-1444
107000172,239,278,-39
107000173,330,551,-221
107000174,248,660,-412
107000175,5387,715,4672
107000176,0,0,0
107000177,0,0,0
107000178,1,10,-9
107000179,66,1860,-1794
107000180,182,120,62
107000181,79,794,-715
107000182,265,310,-45
107000183,52,510,-458
107000184,167,314,-147
107000185,75,612,-537
107000186,97,133,-36
107000187,304,404,-100
107000188,189,183,6
107000189,84,299,-215
107000190,151,325,-174
107000191,189,500,-311
107000192,344,619,-275
107000193,122,97,25
107000194,327,347,-20
107000197,116,81,35
107000198,55,362,-307
107000199,195,277,-82
107000200,418,167,251
107000201,155,105,50
107000202,118,198,-80
107000203,308,167,141
107000204,343,286,57
107000205,855,319,536
107000206,241,196,45
107000207,214,286,-72
107000208,286,95,191
107000209,466,111,355
107000210,495,52,443
107000211,2,14,-12
107000212,9,66,-57
107000213,8,10,-2
107000214,1,27,-26
107000215,96,280,-184
107000216,36,202,-166
107000217,37,56,-19
107000219,17,40,-23
107000220,22,187,-165
107000222,77,289,-212
107000224,74,14,60
107000225,51,309,-258
107000226,77,24,53
107000227,38,295,-257
107000228,36,38,-2
107000229,103,37,66
107000230,447,302,145
107000231,226,120,106
107000232,35,44,-9
107000233,111,119,-8
107000234,1,10,-9
107000235,10,7,3
107000236,4,161,-157
107000237,0,0,0
107000238,0,0,0
107000239,2940,146,2794
107000240,39,566,-527
107000243,0,25,-25
107000244,1,36,-35
107000246,1,658,-657
107000249,2,550,-548
107000251,0,100,-100
107000252,2,913,-911
107000255,438,22,416
107000257,3,431,-428
107000258,1,111,-110
107000259,2,136,-134
107000260,106,2,104
107000262,5,619,-614
107000263,40,0,40
107000266,2,2,0
107000267,11,79,-68
107000268,61,91,-30
107000269,73,28,45
107000270,0,2,-2
107000271,3,603,-600
107000272,6,189,-183
107000273,2,148,-146
107000274,187,6,181
107000275,57,344,-287
107000280,92,9,83
107000281,5,635,-630
107000282,7,1031,-1024
107000290,0,19,-19
107000291,3,6,-3
107000292,2,12,-10
107000293,19,1,18
107000294,0,23,-23
107000295,24,0,24
107000296,0,2,-2
107000444,45,2,43
107000496,1,21,-20
107000497,386,1761,-1375
107000500,71,171,-100
107000501,20,105,-85
107000502,49,198,-149
107000505,298,323,-25
107000506,0,5,-5
107000508,3,490,-487
107000509,56,139,-83
107000510,30,16,14
107000514,0,138,-138
107000515,7,169,-162
107000516,37,58,-21
107000518,149,102,47
107000519,2065,537,1528
107000520,35,4,31
107000521,158,272,-114
107000522,182,443,-261
107900001,7,126,-119
107900002,11,2,9
107900003,57,28,29
107900004,0,1,-1
107900005,128,1,127
107900006,13,0,13
107900007,56,0,56
107900008,18,34,-16
107900009,17,0,17
107900010,3,0,3
107900012,46,0,46
107900013,53,14,39
107900014,0,2,-2
107900015,117,3,114
107900016,64,42,22
107900017,2,0,2
107900018,9,11,-2
107900019,0,91,-91
107900020,14,2,12
107900021,9,76,-67
107900023,0,0,0
107900024,0,16,-16
107900025,72,168,-96
107900026,5,85,-80
107900027,1,34,-33
107900028,4,42,-38
107900030,30,2,28
107900031,18,200,-182
107900032,0,0,0
107900033,0,2,-2
107900034,38,0,38
107900035,151,4,147
107900036,5,0,5
107900037,1,26,-25
107900038,43,23,20
107900039,0,37,-37
107900040,31,13,18
107900041,0,0,0
107900043,3,100,-97
107900044,0,1,-1
107900045,7,25,-18
107900046,49,12,37
107900047,6,74,-68
107900048,10,0,10
107900049,69,108,-39
107900050,14,194,-180
107900051,9,48,-39
107900052,1,1,0
107900053,4,33,-29
107900055,60,56,4
107900056,12,1,11
107900057,1,0,1
107900058,10,410,-400
107900060,8,25,-17
107900061,4,0,4
107900063,10,48,-38
107900064,60,10,50
107900065,15,2,13
107900066,1,6,-5
107900067,0,0,0
107900068,36,75,-39
107900069,26,182,-156
107900070,12,2,10
107900071,6,451,-445
107900072,12,122,-110
107900073,8,46,-38
107900074,362,53,309
107900076,24,17,7
107900077,20,0,20
107900079,0,3,-3
107900080,65,87,-22
107900081,2,30,-28
107900082,4,9,-5
107900083,58,13,45
107900084,12,25,-13
107900086,21,34,-13
107900087,53,13,40
107900088,1,5,-4
107900089,120,199,-79
107900090,95,231,-136
107900091,52,193,-141
107900093,16,31,-15
107900095,922,283,639
107900097,0,5,-5
107900098,8,57,-49
107900100,256,131,125
107900101,454,52,402
107900102,4,2,2
107900103,4,47,-43
107900104,44,1,43
107900105,0,343,-343
107900106,0,791,-791
107900107,307,52,255
107900108,95,21,74
107900109,111,1,110
107900110,1,87,-86
107900111,3,631,-628
107900112,39,99,-60
107900113,13,71,-58
107900114,16,159,-143
107900115,0,15,-15
107900116,13,137,-124
107900117,120,187,-67
107900118,26,75,-49
107900119,6,22,-16
107900120,2,0,2
107900121,0,38,-38
107900122,1,11,-10
107900123,0,6,-6
107900124,6,12,-6
107900125,11,118,-107
107900126,1,6,-5
107900127,134,20,114
107900128,25,19,6
107900129,7,34,-27
107900130,10,11,-1
107900131,60,3,57
107900132,34,218,-184
107900133,0,43,-43
107900134,5,5,0
107900135,0,60,-60
107900136,10,9,1
107900137,33,27,6
107900138,2,20,-18
107900139,0,16,-16
107900141,6,1,5
107900142,15,578,-563
107900143,33,32,1
107900144,0,52,-52
107900145,3,33,-30
107900146,8,43,-35
107900147,4,7,-3
107900148,41,59,-18
107900149,1053,46,1007
107900150,26,366,-340
107900151,7,37,-30
107900152,4,66,-62
107900153,32,63,-31
107900154,3,0,3
107900155,4,20,-16
107900156,3,160,-157
107900157,20,51,-31
107900158,123,13,110
107900159,17,527,-510
107900160,7,45,-38
107900161,2,96,-94
107900162,1,26,-25
107900163,22,8,14
107900164,2,3,-1
107900165,9,19,-10
107900166,0,165,-165
107900167,2,8,-6
107900168,15,40,-25
107900169,0,102,-102
107900171,2,919,-917
107900172,0,153,-153
107900173,3,86,-83
107900174,10,1,9
107900175,1,0,1
107900176,1,22,-21
107900177,0,11,-11
107900178,0,107,-107
107900179,0,64,-64
107900180,567,49,518
107900181,85,247,-162
107900182,5,775,-770
107900183,5,234,-229
107900184,10,83,-73
107900185,9,7,2
107900186,0,23,-23
107900187,1,57,-56
107900188,216,30,186
107900189,1,48,-47
107900190,56,11,45
107900191,4,86,-82
107900193,13,8,5
107900194,8,1,7
107900195,1790,72,1718
107900196,12,15,-3
107900197,113,28,85
107900199,1,630,-629
107900201,15,67,-52
107900203,13,24,-11
107900204,47,77,-30
107900206,114,72,42
107900207,0,435,-435
107900208,2,365,-363
107900209,111,43,68
107900210,21,71,-50
107900213,44,140,-96
107900214,4,82,-78
107900215,51,142,-91
107900216,4,26,-22
107900217,6,3,3
107900218,4,698,-694
107900219,3,89,-86
107900220,26,11,15
107900221,57,72,-15
107900223,16,190,-174
107900224,69,113,-44
107900225,2,358,-356
107900226,22,44,-22
107900227,37,152,-115
107900228,6,46,-40
107900229,3,191,-188
107900230,0,69,-69
107900231,3,81,-78
107900232,18,135,-117
107900233,15,64,-49
107900234,24,86,-62
107900235,5,47,-42
107900236,14,59,-45
107900237,44,182,-138
107900238,5,41,-36
107900239,583,94,489
107900240,2,81,-79
107900241,1,37,-36
107900242,5,197,-192
107900243,1,11,-10
107900244,29,0,29
107900245,70,13,57
107900246,20,3,17
107900248,19,108,-89
107900249,69,2,67
107900250,3,216,-213
107900251,6,472,-466
107900252,70,0,70
107900253,18,0,18
107900254,12,36,-24
107900255,76,11,65
107900256,96,147,-51
107900257,24,8,16
107900258,11,111,-100
107900259,29,283,-254
107900261,0,199,-199
107900262,6,50,-44
107900264,25,1,24
107900265,18,93,-75
107900267,9,4,5
107900268,62,2,60
107900269,0,1,-1
107900270,0,0,0
107900271,0,2,-2
107900272,51,4,47
107900273,1,19,-18
107900274,4,0,4
107900275,4,0,4
107900276,0,51,-51
107900277,1,114,-113
107900278,41,180,-139
107900279,81,37,44
107900280,634,288,346
107900281,1542,432,1110
107900282,18,57,-39
107900283,705,159,546
107900284,41,399,-358
107900285,8,92,-84
107900286,11,19,-8
107900287,36,40,-4
107900290,0,26,-26
107900291,108,1,107
107900292,21,124,-103
107900293,14,247,-233
107900295,4,87,-83
107900297,0,69,-69
107900298,211,342,-131
107900299,1794,371,1423
107900301,97,108,-11
107900302,28,7,21
107900303,9,156,-147
107900304,22,276,-254
107900305,29,4,25
107900306,1,3,-2
107900307,7,199,-192
107900308,41,8,33
107900309,2,0,2
107900310,0,0,0
107900311,46,18,28
107900312,0,0,0
107900313,0,20,-20
107900314,4,14,-10
107900315,0,28,-28
107900316,2,0,2
107900317,11,0,11
107900318,0,38,-38
107900319,1,97,-96
107900320,2,67,-65
107900321,17,1,16
107900322,1,81,-80
107900323,1,39,-38
107900324,21,0,21
107900325,10,0,10
107900326,59,226,-167
107900327,0,0,0
107900328,0,0,0
107900329,0,0,0
107900330,2,208,-206
107900331,41,9,32
107900332,31,8,23
107900333,15,2,13
107900334,7,142,-135
107900335,10,55,-45
107900336,3,35,-32
107900337,670,143,527
107900338,0,44,-44
107900339,0,25,-25
107900340,0,23,-23
107900341,2,2,0
107900342,27,35,-8
107900343,2,2,0
107900344,0,59,-59
107900345,15,4,11
107900346,1,0,1
107900347,0,0,0
107900348,0,2,-2
107900349,1,0,1
107900350,21,135,-114
107900351,6,135,-129
107900352,0,45,-45
107900353,0,6,-6
107900354,3,23,-20
108000001,781,882,-101
108000002,938,2014,-1076
108000003,923,588,335
108000004,8037,7468,569
108000005,1476,927,549
108000006,1774,2864,-1090
108000007,1207,1085,122
108000008,1781,2606,-825
108000009,722,1038,-316
108000010,908,2953,-2045
108000011,2651,2323,328
108000012,7178,7138,40
108000014,93,141,-48
108000015,135,104,31
108000016,73,332,-259
108000017,154,125,29
108000018,307,138,169
108000019,254,144,110
108000020,261,107,154
108000021,104,763,-659
108000022,146,722,-576
108000023,285,70,215
108000024,36,367,-331
108000025,56,115,-59
108000026,125,279,-154
108000027,95,486,-391
108000028,50,132,-82
108000029,68,512,-444
108000030,83,130,-47
108000031,44,318,-274
108000032,210,107,103
108000033,139,639,-500
108000034,336,125,211
108000035,320,1320,-1000
108000036,101,895,-794
108000037,350,76,274
108000038,476,101,375
108000039,164,1590,-1426
108000040,323,131,192
108000041,225,1548,-1323
108000042,22,139,-117
108000043,98,189,-91
108000044,55,102,-47
108000045,50,471,-421
108000046,297,93,204
108000047,116,579,-463
108000048,43,269,-226
108000049,52,47,5
108000050,77,429,-352
108000051,61,35,26
108000052,114,380,-266
108000053,92,48,44
108000054,138,423,-285
108000055,235,139,96
108000056,478,457,21
108000057,215,228,-13
108000058,586,568,18
108000059,1331,817,514
108000060,35,181,-146
108000061,101,396,-295
108000062,143,146,-3
108000063,64,404,-340
108000064,79,88,-9
108000065,151,284,-133
108000066,603,239,364
108000067,314,137,177
108000068,202,86,116
108000069,108,692,-584
108000070,366,205,161
108000071,157,1107,-950
108000072,258,302,-44
108000073,301,928,-627
108000074,60,128,-68
108000075,109,398,-289
108000076,159,105,54
108000077,302,492,-190
108000078,473,334,139
108000079,464,921,-457
108000080,312,169,143
108000081,181,1577,-1396
108000082,486,600,-114
108000083,561,253,308
108000084,153,572,-419
108000085,133,100,33
108000086,313,311,2
108000087,46,413,-367
108000088,126,78,48
108000089,73,96,-23
108000091,63,292,-229
108000092,22,27,-5
108000093,46,466,-420
108000094,103,49,54
108000095,34,336,-302
108000096,38,60,-22
108000097,43,439,-396
108000098,191,566,-375
108000099,182,103,79
108000100,38,149,-111
108000101,250,216,34
108000102,436,534,-98
108000106,192,2,190
108000107,0,352,-352
108000108,74,11,63
108000109,1,410,-409
108000110,53,71,-18
108000111,70,383,-313
108000112,11,33,-22
108000113,225,152,73
108000115,179,156,23
108000117,261,118,143
108000118,93,271,-178
108000119,230,282,-52
108000120,42,272,-230
108000121,85,346,-261
108000122,79,167,-88
108000123,103,111,-8
108000124,48,361,-313
108000125,33,172,-139
108000126,61,478,-417
108000127,57,192,-135
108000128,89,487,-398
108000129,56,1031,-975
108000130,57,184,-127
108000131,130,25,105
108000132,350,567,-217
108000133,230,137,93
108000134,216,561,-345
108000135,128,109,19
108000136,555,639,-84
108000137,69,206,-137
108000138,107,525,-418
108000139,40,157,-117
108000140,11,8,3
108000141,5,83,-78
108000142,6,68,-62
108000143,18,369,-351
108000144,40,24,16
108000145,21,14,7
108000146,76,19,57
108000147,8,16,-8
108000148,49,15,34
108000149,3,14,-11
108000150,6,0,6
108000151,53,18,35
108000152,33,354,-321
108000153,23,39,-16
108000154,16,1,15
108000155,8,11,-3
108000156,300,238,62
108000157,26,118,-92
108000158,20,90,-70
108000159,362,27,335
108000160,2570,212,2358
108000161,2089,258,1831
108000165,0,32,-32
108000172,2,62,-60
108000173,1068,356,712
108000175,75,29,46
108000178,155,162,-7
108000179,98,223,-125
108000181,48,16,32
108000182,53,24,29
108000183,13,176,-163
108000184,509,493,16
108000185,15,342,-327
108000186,35,255,-220
108000187,7,469,-462
108000188,36,114,-78
108000189,615,712,-97
108000190,1,36,-35
108000192,13,331,-318
108000193,211,15,196
108000194,9,0,9
108000195,0,601,-601
108000196,20,36,-16
108000198,157,152,5
108000199,1,64,-63
108000200,84,309,-225
108000203,19,492,-473
108000204,15,10,5
108000205,212,264,-52
108000339,519,66,453
108000364,120,177,-57
108000365,13,195,-182
108000367,30,136,-106
108000368,7,24,-17
108000369,685,23,662
108000371,2,375,-373
108000372,64,3,61
108000373,59,67,-8
108000376,25,4,21
108000377,79,167,-88
108000378,2942,2382,560
108000379,5,55,-50
108000381,5,4,1
108000382,57,5,52
108000383,0,81,-81
108900001,39,522,-483
108900002,57,25,32
108900003,81,606,-525
108900004,63,58,5
108900007,49,53,-4
108900008,9,63,-54
108900009,2,51,-49
108900010,16,58,-42
108900011,63,153,-90
108900012,33,181,-148
108900013,9,92,-83
108900014,1,33,-32
108900015,0,5,-5
108900016,0,73,-73
108900017,42,83,-41
108900018,16,309,-293
108900019,5,707,-702
108900020,6,161,-155
108900021,39,208,-169
108900022,1,0,1
108900023,12,8,4
108900024,2,97,-95
108900025,4,51,-47
108900026,2,27,-25
108900027,1,59,-58
108900028,1,303,-302
108900029,9,74,-65
108900030,0,55,-55
108900031,10,431,-421
108900032,0,144,-144
108900033,0,33,-33
108900034,0,166,-166
108900035,39,1191,-1152
108900038,0,280,-280
108900039,2,388,-386
108900040,11,51,-40
108900041,2507,621,1886
108900042,1,102,-101
108900043,11,235,-224
108900044,1,577,-576
108900045,7,318,-311
108900046,10,627,-617
108900047,3,47,-44
108900048,17,451,-434
108900049,2327,212,2115
108900050,1,211,-210
108900051,0,92,-92
108900052,2,133,-131
108900053,16,26,-10
108900054,8,145,-137
108900055,13,309,-296
108900056,0,77,-77
108900057,0,102,-102
108900058,8,268,-260
108900059,69,4,65
108900060,19,33,-14
108900061,17,4,13
108900062,2,254,-252
108900063,3,264,-261
108900064,8,36,-28
108900065,3,195,-192
108900066,49,35,14
108900067,3,175,-172
108900068,1,164,-163
108900069,6,54,-48
108900070,13,104,-91
108900071,37,18,19
108900072,1089,70,1019
108900073,4,293,-289
108900074,7,263,-256
108900075,19,45,-26
108900076,39,28,11
108900077,64,385,-321
108900078,1,82,-81
108900079,258,104,154
108900080,1,76,-75
108900081,24,128,-104
108900082,6,74,-68
108900083,0,39,-39
108900085,1122,56,1066
108900086,14,172,-158
108900087,28,89,-61
108900088,126,50,76
108900089,2,14,-12
108900090,3,213,-210
108900091,39,44,-5
108900092,89,61,28
108900093,10,7,3
108900094,55,38,17
108900095,16,426,-410
108900096,242,18,224
108900097,44,118,-74
108900098,1559,79,1480
108900099,54,220,-166
108900100,7,37,-30
108900101,33,21,12
108900102,20,101,-81
108900103,11,12,-1
108900105,4,97,-93
108900106,55,362,-307
108900108,58,8,50
108900109,39,9,30
108900110,22,215,-193
108900111,37,432,-395
108900113,11,9,2
108900114,1,0,1
108900115,17,15,2
108900116,4,0,4
108900117,9,2,7
108900118,45,2,43
108900119,24,8,16
108900120,41,28,13
108900121,15,7,8
108900122,10,16,-6
108900123,5,4,1
108900124,97,28,69
108900125,17,0,17
108900126,4,3,1
108900127,9,5,4
108900128,19,3,16
108900129,132,21,111
108900130,62,1,61
108900131,40,0,40
108900132,54,19,35
108900133,30,6,24
108900134,23,100,-77
108900135,14,4,10
108900136,1,0,1
108900137,3,0,3
108900138,100,2,98
108900140,27,82,-55
108900141,30,0,30
108900142,5,0,5
108900143,3,0,3
108900144,14,1,13
108900145,12,1,11
108900146,3,0,3
108900147,18,0,18
108900148,16,16,0
108900150,79,0,79
108900151,5,1,4
108900152,1,1,0
108900153,18,262,-244
108900154,692,63,629
108900156,10,2,8
108900157,2,443,-441
108900158,15,8,7
108900159,3,173,-170
108900160,13,139,-126
108900161,1,198,-197
108900162,7,0,7
108900163,0,33,-33
108900164,6,65,-59
108900168,4877,462,4415
108900169,13,40,-27
108900171,3060,368,2692
108900172,33,10,23
108900173,55,140,-85
108900174,104,126,-22
108900176,33,355,-322
108900177,4625,630,3995
108900178,2583,355,2228
108900180,22,43,-21
108900183,91,78,13
108900184,38,57,-19
108900185,10,160,-150
108900186,3,160,-157
108900189,40,47,-7
108900190,3,1385,-1382
108900192,13,184,-171
108900195,15,194,-179
108900196,1,257,-256
108900199,30,147,-117
108900200,93,66,27
108900201,49,413,-364
108900203,70,16,54
108900204,61,0,61
108900205,50,3,47
108900206,32,3,29
108900207,25,31,-6
108900208,5,181,-176
108900209,84,291,-207
108900210,30,96,-66
108900211,45,34,11
108900212,153,208,-55
108900215,23,436,-413
108900216,101,8,93
108900217,3,0,3
108900218,14,1,13
108900221,4,14,-10
108900224,2,31,-29
108900225,0,40,-40
108900227,15,23,-8
108900230,175,127,48
108900232,0,212,-212
108900233,40,5,35
108900234,51,10,41
108900235,63,284,-221
108900236,6,170,-164
108900240,11,26,-15
108900241,2,6,-4
108900245,1,145,-144
108900250,20,36,-16
108900258,4,135,-131
108900259,5,32,-27
108900260,2,64,-62
108900261,54,61,-7
108900262,134,22,112
108900263,20,164,-144
108900264,98,102,-4
108900265,581,104,477
108900266,362,46,316
108900267,2,20,-18
108900268,24,2,22
108900269,6,3,3
108900270,7,1,6
108900271,1,0,1
108900272,18,0,18
108900273,387,122,265
108900274,3,25,-22
109000001,1477,452,1025
109000002,2253,693,1560
109000003,547,266,281
109000004,198,1446,-1248
109000005,450,407,43
109000006,305,1041,-736
109000007,327,323,4
109000008,187,1019,-832
109000009,799,479,320
109000010,465,1821,-1356
109000011,806,584,222
109000012,710,2571,-1861
109000013,723,604,119
109000014,443,2154,-1711
109000015,1607,1491,116
109000016,5216,2324,2892
109000017,589,458,131
109000018,338,1939,-1601
109000019,795,400,395
109000020,630,1304,-674
109000023,81,3,78
109000024,1,131,-130
109000025,125,137,-12
109000026,284,117,167
109000027,21,136,-115
109000028,68,24,44
109000029,29,32,-3
109000030,13,221,-208
109000031,22,19,3
109000032,19,202,-183
109000033,39,18,21
109000034,24,9,15
109000035,4,8,-4
109000036,36,166,-130
109000037,34,318,-284
109000038,379,108,271
109000039,120,139,-19
109000040,1659,590,1069
109000041,3232,417,2815
109000042,408,422,-14
109000044,88,74,14
109000045,52,241,-189
109000046,40,34,6
109000047,21,235,-214
109000048,283,170,113
109000049,98,259,-161
109000050,175,197,-22
109000051,96,130,-34
109000052,123,1075,-952
109000053,139,88,51
109000054,34,311,-277
109000055,12,51,-39
109000056,69,351,-282
109000057,71,93,-22
109000058,237,209,28
109000059,24,333,-309
109000060,125,55,70
109000061,661,177,484
109000062,42,31,11
109000063,74,135,-61
109000064,28,50,-22
109000065,18,188,-170
109000066,48,36,12
109000067,23,196,-173
109000068,49,3,46
109000069,122,0,122
109000070,1,412,-411
109000071,100,22,78
109000072,43,221,-178
109000073,9,39,-30
109000074,10,103,-93
109000075,18,214,-196
109000076,28,51,-23
109000077,181,127,54
109000078,16,65,-49
109000079,63,132,-69
109000080,30,90,-60
109000081,32,365,-333
109000082,104,168,-64
109000083,82,538,-456
109000088,29,214,-185
109000089,31,17,14
109000090,86,303,-217
109000091,46,29,17
109000092,138,352,-214
109000093,43,14,29
109000094,55,0,55
109000095,48,568,-520
109000096,172,44,128
109000097,30,50,-20
109000098,19,24,-5
109000099,90,104,-14
109000100,26,342,-316
109000101,220,314,-94
109000102,63,490,-427
109000103,133,297,-164
109000104,260,212,48
109000105,79,1091,-1012
109000106,372,171,201
109000107,72,1108,-1036
109000108,317,107,210
109000109,134,1102,-968
109000110,250,117,133
109000111,304,1258,-954
109000112,89,70,19
109000113,51,99,-48
109000114,50,159,-109
109000115,412,45,367
109000116,2,239,-237
109000117,27,53,-26
109000118,3,160,-157
109000119,131,155,-24
109000120,35,770,-735
109000121,77,40,37
109000122,14,823,-809
109000123,11,196,-185
109000124,135,188,-53
109000125,128,203,-75
109000126,141,499,-358
109000127,167,120,47
109000128,118,1527,-1409
109000129,343,126,217
109000130,229,1909,-1680
109000131,248,124,124
109000132,252,1418,-1166
109000133,147,391,-244
109000134,184,590,-406
109000135,257,547,-290
109000136,50,206,-156
109000137,37,97,-60
109000138,124,241,-117
109000139,99,144,-45
109000140,45,519,-474
109000141,111,256,-145
109000142,49,226,-177
109000143,26,17,9
109000145,21,33,-12
109000146,23,28,-5
109000148,1409,158,1251
109000149,3,17,-14
109000150,40,50,-10
109000155,79,203,-124
109000156,520,473,47
109000158,5,120,-115
109000159,17,336,-319
109000160,104,172,-68
109000161,111,802,-691
109000162,377,556,-179
109000163,220,752,-532
109000164,307,1124,-817
109000165,197,349,-152
109000166,95,55,40
109000167,24,461,-437
109000170,11,14,-3
109000171,22,15,7
109000172,29,13,16
109000173,18,13,5
109000174,21,24,-3
109000175,14,245,-231
109000176,70,197,-127
109000177,11,62,-51
109000178,84,288,-204
109000179,3505,626,2879
109000180,1868,918,950
109000181,2,28,-26
109000182,8,21,-13
109000183,2,31,-29
109000184,2,15,-13
109000185,4,37,-33
109000188,78,1614,-1536
109000189,261,375,-114
109000190,156,303,-147
109000191,88,366,-278
109000192,36,108,-72
109000193,40,291,-251
109000194,18,65,-47
109000195,21,241,-220
109000196,45,53,-8
109000197,30,292,-262
109000198,44,34,10
109000199,80,265,-185
109000206,31,16,15
109000207,24,15,9
109000208,34,16,18
109000209,37,26,11
109000210,72,162,-90
109000211,44,107,-63
109000214,106,941,-835
109000215,24,33,-9
109000216,43,34,9
109000217,43,28,15
109000218,49,21,28
109000221,55,569,-514
109000222,143,20,123
109000223,108,68,40
109000224,26,151,-125
109000225,14,25,-11
109000226,13,199,-186
109000227,177,884,-707
109000228,1,236,-235
109000231,3,324,-321
109000232,108,325,-217
109000236,42,436,-394
109000241,368,893,-525
109000242,226,506,-280
109000293,23,39,-16
109000361,50,107,-57
109000364,46,306,-260
109000396,3,655,-652
109000397,86,1,85
109000399,86,277,-191
109000400,30,254,-224
109000403,3,71,-68
109000406,34,3,31
109000407,25,67,-42
109000408,1,315,-314
109000410,221,59,162
109000411,20,9,11
109000412,2,58,-56
109900001,30,0,30
109900002,103,3,100
109900003,20,0,20
109900005,4,0,4
109900006,36,138,-102
109900007,101,531,-430
109900008,0,11,-11
109900009,37,521,-484
109900010,58,1,57
109900011,10,9,1
109900012,50,35,15
109900013,66,23,43
109900014,31,18,13
109900015,34,26,8
109900016,8,47,-39
109900017,28,23,5
109900018,9,101,-92
109900019,24,49,-25
109900020,2,3,-1
109900021,7,1,6
109900022,47,206,-159
109900023,9,1,8
109900024,0,0,0
109900025,2,26,-24
109900027,2,2,0
109900028,1567,137,1430
109900029,5,352,-347
109900030,2,1,1
109900031,1,21,-20
109900032,0,166,-166
109900033,1,224,-223
109900034,5,0,5
109900035,15,4,11
109900036,3,30,-27
109900037,2,268,-266
109900038,10,86,-76
109900039,2,0,2
109900040,9,354,-345
109900041,8,257,-249
109900042,1,211,-210
109900044,27,116,-89
109900045,10,9,1
109900046,45,41,4
109900047,71,137,-66
109900048,1,33,-32
109900049,9,7,2
109900050,0,171,-171
109900051,0,23,-23
109900052,6,89,-83
109900053,1,289,-288
109900054,71,35,36
109900055,13,98,-85
109900056,8,16,-8
109900057,4,156,-152
109900058,1,107,-106
109900060,62,113,-51
109900061,28,106,-78
109900062,0,145,-145
109900064,34,134,-100
109900065,45,60,-15
109900066,92,479,-387
109900067,2,264,-262
109900068,4,0,4
109900069,2,8,-6
109900071,0,9,-9
109900072,7,48,-41
109900073,33,345,-312
109900074,5,37,-32
109900075,6,8,-2
109900076,7,382,-375
109900077,9,12,-3
109900078,26,107,-81
109900080,25,170,-145
109900081,5,39,-34
109900082,2,313,-311
109900083,4,14,-10
109900084,3,81,-78
109900085,19,646,-627
109900086,11,100,-89
109900087,16,123,-107
109900089,47,21,26
109900092,84,0,84
109900093,94,35,59
109900094,9,28,-19
109900095,16,114,-98
109900096,2,1,1
109900097,9,0,9
109900098,73,3,70
109900099,10,0,10
109900100,4,0,4
109900101,52,0,52
109900102,76,11,65
109900103,0,15,-15
109900104,59,665,-606
109900105,44,22,22
109900106,40,25,15
109900107,40,20,20
109900108,20,335,-315
109900109,4,153,-149
109900111,36,655,-619
109900114,418,57,361
109900115,27,20,7
109900117,105,47,58
109900121,61,24,37
109900123,2,103,-101
109900125,1,114,-113
109900126,8,108,-100
109900130,6293,449,5844
109900131,25,49,-24
109900132,9,99,-90
109900134,5,9,-4
109900135,78,14,64
109900137,31,213,-182
109900140,46,207,-161
109900149,12,8,4
109900150,2,17,-15
109900151,0,17,-17
109900152,0,11,-11
109900153,0,19,-19
109900154,1,0,1
109900155,2,3,-1
109900157,7,87,-80
109900159,34,11,23
109900161,29,20,9
109900162,20,40,-20
109900163,335,127,208
109900164,15,166,-151
109900165,17,0,17
109900166,0,60,-60
109900167,33,213,-180
109900168,26,268,-242
109900169,27,54,-27
109900170,63,113,-50
109900171,12,25,-13
109900172,27,46,-19
109900173,1608,229,1379
109900174,10,66,-56
109900175,16,17,-1
109900176,33,67,-34
109900177,4,125,-121
109900178,0,48,-48
109900179,3,10,-7
109900180,4,1,3
110000001,228,333,-105
110000002,227,196,31
110000003,398,410,-12
110000004,249,232,17
110000005,509,565,-56
110000006,293,136,157
110000007,47,85,-38
110000008,5,15,-10
110000009,9,22,-13
110000010,4,21,-17
110000011,3,56,-53
110000012,301,223,78
110000013,6,115,-109
110000014,341,210,131
110000015,167,147,20
110000016,113,275,-162
110000017,2352,114,2238
110000018,2345,287,2058
110000019,19,112,-93
110000020,301,124,177
110000021,216,142,74
110000022,171,22,149
110000023,1,113,-112
110000024,165,187,-22
110000025,41,3,38
110000026,2,376,-374
110000027,295,199,96
110000028,214,259,-45
110000029,104,543,-439
110000030,50,138,-88
110000031,70,274,-204
110000032,252,191,61
110000033,42,44,-2
110000034,134,324,-190
110000035,118,655,-537
110000036,93,291,-198
110000037,37,412,-375
110000038,50,224,-174
110000039,159,481,-322
110000040,122,276,-154
110000041,54,199,-145
110000042,33,173,-140
110000043,186,57,129
110000044,7,34,-27
110000045,65,10,55
110000046,3,3,0
110000047,3,1,2
110000048,3,3,0
110000049,2,2,0
110000050,8,21,-13
110000051,26,2,24
110000052,3,17,-14
110000053,8,3,5
110000054,35,70,-35
110000055,32,9,23
110000056,12,14,-2
110000057,90,516,-426
110000058,316,307,9
110000059,170,364,-194
110000060,211,317,-106
110000061,371,485,-114
110000062,246,203,43
110000063,6,31,-25
110000064,28,42,-14
110000065,7,34,-27
110000066,13,12,1
110000067,13,107,-94
110000068,35,303,-268
110000069,27,34,-7
110000071,8,50,-42
110000073,1,6,-5
110000075,3,45,-42
110000076,115,88,27
110000077,186,115,71
110000078,3,16,-13
110000080,103,251,-148
110000081,4,128,-124
110000082,12,64,-52
110000083,58,283,-225
110000084,250,174,76
110000085,1231,613,618
110000086,415,229,186
110000087,0,26,-26
110000088,32,143,-111
110000089,71,122,-51
110000090,36,196,-160
110000091,1323,193,1130
110000092,4,59,-55
110000093,16,2,14
110000094,133,128,5
110000095,38,172,-134
110000096,1874,657,1217
110000097,357,317,40
110000098,279,193,86
110000099,353,650,-297
110000100,55,450,-395
110000101,2,321,-319
110000102,10,18,-8
110000104,36,43,-7
110000105,15,115,-100
110000106,108,62,46
110000107,142,197,-55
110000108,25,8,17
110000109,86,210,-124
110000110,1431,600,831
110000111,3706,546,3160
110000112,404,153,251
110000113,160,233,-73
110000114,48,109,-61
110000115,107,171,-64
110000116,39,21,18
110000117,40,376,-336
110000118,75,150,-75
110000119,58,279,-221
110000120,72,68,4
110000121,51,117,-66
110000122,78,202,-124
110000123,115,111,4
110000124,2,324,-322
110000125,335,1,334
110000126,44,16,28
110000127,172,8,164
110000128,9,582,-573
110000129,0,344,-344
110000130,44,36,8
110000131,14,305,-291
110000132,0,299,-299
110000133,16,132,-116
110000134,13,159,-146
110000135,94,0,94
110000136,18,160,-142
110000137,154,311,-157
110000138,98,491,-393
110000139,215,783,-568
110000140,308,137,171
110000143,202,81,121
110000144,1056,376,680
110000145,481,294,187
110000146,549,188,361
110000147,47,290,-243
110000148,132,130,2
110000151,357,223,134
110000152,286,88,198
110000153,33,42,-9
110000154,1,0,1
110000155,343,511,-168
110000156,252,356,-104
110000157,564,691,-127
110000160,128,225,-97
110000161,92,242,-150
110000166,99,55,44
110000167,185,193,-8
110000168,208,96,112
110000169,109,118,-9
110000170,47,30,17
110000171,171,76,95
110000172,66,385,-319
110000173,467,540,-73
110000174,36,1034,-998
110000175,101,25,76
110000176,25,60,-35
110000177,50,233,-183
110000178,125,218,-93
110000179,635,132,503
110000180,35,133,-98
110000181,98,151,-53
110000182,125,140,-15
110000183,4644,1686,2958
110000184,196,611,-415
110000185,212,242,-30
110000186,218,199,19
110000191,75,273,-198
110000192,103,0,103
110000193,86,0,86
110000194,0,710,-710
110000195,29,238,-209
110000196,78,317,-239
110000197,11,119,-108
110000198,24,31,-7
110000199,15,73,-58
110000200,678,405,273
110000201,146,175,-29
110000202,286,124,162
110000203,241,408,-167
110000204,2,188,-186
110000205,8,20,-12
110000206,185,799,-614
110000207,103,117,-14
110000208,29,50,-21
110000209,34,391,-357
110000210,117,213,-96
110000211,137,237,-100
110000212,84,266,-182
110000213,18,9,9
110000214,39,24,15
110000215,17,409,-392
110000216,24,346,-322
110000217,32,158,-126
110000218,34,290,-256
110000219,46,15,31
110000220,9,250,-241
110000221,63,19,44
110000222,13,234,-221
110000223,0,17,-17
110000224,2,3,-1
110000225,21,198,-177
110000226,37,11,26
110000227,206,128,78
110000228,138,37,101
110000229,0,149,-149
110000230,79,347,-268
110000231,41,58,-17
110000232,31,85,-54
110000233,46,113,-67
110000234,154,143,11
110000235,497,236,261
110000236,101,679,-578
110000237,416,453,-37
110000238,206,553,-347
110000239,286,637,-351
110000240,0,21,-21
110000242,1,6,-5
110000243,18,117,-99
110000244,27,168,-141
110000245,10,225,-215
110000246,195,454,-259
110000247,743,1819,-1076
110000248,972,669,303
110000249,29,1,28
110000250,1,121,-120
110000251,33,281,-248
110000252,39,150,-111
110000253,294,207,87
110000254,283,797,-514
110000255,53,705,-652
110000256,91,82,9
110000257,77,187,-110
110000258,6,262,-256
110000259,41,8,33
110000260,13,307,-294
110000263,217,81,136
110000264,75,409,-334
110000265,366,556,-190
110000266,410,606,-196
110000267,1,57,-56
110000268,31,183,-152
110000269,0,29,-29
110000270,9,0,9
110000271,1286,91,1195
110000272,231,438,-207
110000273,485,521,-36
110000274,40,376,-336
110000275,1945,145,1800
110000276,34,89,-55
110000277,43,179,-136
110000278,122,416,-294
110000279,106,252,-146
110000280,55,227,-172
110000281,11,61,-50
110000282,36,16,20
110000283,9,18,-9
110000284,3,16,-13
110000285,0,40,-40
110000286,3,0,3
110000287,10,0,10
110000288,1,23,-22
110000289,142,420,-278
110000290,555,296,259
110000291,3363,508,2855
110000292,358,1533,-1175
110000293,122,575,-453
110000294,183,403,-220
110000295,39,456,-417
110000296,93,164,-71
110000297,1302,174,1128
110000298,194,249,-55
110000299,185,14,171
110000301,64,3,61
110000302,84,744,-660
110000303,91,0,91
110000304,40,144,-104
110000305,149,1,148
110000306,55,1326,-1271
110000307,234,0,234
110000308,36,4,32
110000309,3,868,-865
110000310,147,48,99
110000311,7,487,-480
110000312,200,13,187
110000313,1070,917,153
110000314,0,172,-172
110000315,1046,659,387
110000316,296,512,-216
110000317,127,174,-47
110000318,0,45,-45
110000319,2,4,-2
110000320,4,42,-38
110000321,3,12,-9
110000322,49,422,-373
110000323,91,209,-118
110000324,3692,531,3161
110000325,696,845,-149
110000327,106,61,45
110000328,61,333,-272
110000333,160,208,-48
110000334,123,961,-838
110000335,284,238,46
110000336,146,955,-809
110000337,233,211,22
110000338,32,170,-138
110000339,90,102,-12
110000340,6,105,-99
110000341,81,381,-300
110000342,24,0,24
110000343,0,7,-7
110000344,16,87,-71
110000345,23,31,-8
110000346,867,415,452
110000347,555,302,253
110000348,1,13,-12
110000349,2,9,-7
110000350,7,2,5
110000351,187,365,-178
110000352,94,638,-544
110000353,1773,279,1494
110000354,307,735,-428
110000355,11,34,-23
110000356,148,0,148
110000357,110,8,102
110000361,1,60,-59
110000362,7,23,-16
110000363,60,38,22
110000364,37,178,-141
110000365,35,0,35
110000366,1,34,-33
110000367,108,130,-22
110000368,0,31,-31
110000369,3,0,3
110000373,4,195,-191
110000374,10,7,3
110000375,71,249,-178
110000376,9,64,-55
110000377,18,78,-60
110000378,7,190,-183
110000379,1981,370,1611
110000380,16,7,9
110000383,0,260,-260
110000384,178,79,99
110000385,1,81,-80
110000387,14,3,11
110000388,5,152,-147
110000389,57,3,54
110000391,85,208,-123
110000396,12,55,-43
110000397,9,139,-130
110000398,3,11,-8
110000399,47,2,45
110000587,19,22,-3
110000589,42,91,-49
110000640,43,43,0
110000652,4,47,-43
110000653,41,248,-207
110000654,5,11,-6
110000656,3,321,-318
110000674,5,9,-4
110000675,0,9,-9
110000676,0,13,-13
110000679,238,114,124
110000682,35,25,10
110000683,119,172,-53
110000684,1,20,-19
110000685,1,1,0
110000686,2,8,-6
110000687,1,0,1
110000688,9,112,-103
110000689,6,28,-22
110000692,52,163,-111
110000693,54,73,-19
110000694,0,70,-70
110000695,43,502,-459
110000696,69,54,15
110000698,16,140,-124
110000699,30,228,-198
110900001,40,2,38
110900002,11,74,-63
110900003,79,626,-547
110900004,62,152,-90
110900005,2614,331,2283
110900006,5,2,3
110900007,2,0,2
110900008,2,23,-21
110900009,51,23,28
110900010,0,50,-50
110900011,1,46,-45
110900012,1,83,-82
110900013,154,52,102
110900014,25,10,15
110900015,484,74,410
110900016,1,138,-137
110900017,32,14,18
110900018,69,11,58
110900019,17,17,0
110900020,10,362,-352
110900021,17,315,-298
110900022,23,217,-194
110900023,4,257,-253
110900024,4,250,-246
110900025,4,24,-20
110900027,6,90,-84
110900028,8,77,-69
110900029,8,184,-176
110900030,5,157,-152
110900031,1,74,-73
110900032,1,68,-67
110900033,2,204,-202
110900035,13,271,-258
110900036,4,10,-6
110900037,12,15,-3
110900038,520,41,479
110900039,0,110,-110
110900040,49,6,43
110900041,1,90,-89
110900042,15,15,0
110900043,3,104,-101
110900044,72,10,62
110900045,23,312,-289
110900046,94,185,-91
110900047,246,38,208
110900049,11,15,-4
110900050,5,0,5
110900052,6,176,-170
110900053,17,11,6
110900054,2,143,-141
110900055,3,1,2
110900056,16,48,-32
110900057,2,245,-243
110900058,38,112,-74
110900059,156,390,-234
110900060,59,21,38
110900061,8,19,-11
110900062,9,239,-230
110900063,25,25,0
110900064,9,0,9
110900065,65,32,33
110900066,0,13,-13
110900067,320,116,204
110900068,110,110,0
110900069,1,16,-15
110900070,74,25,49
110900071,66,56,10
110900073,1,11,-10
110900074,42,26,16
110900075,52,21,31
110900077,63,126,-63
110900078,2,88,-86
110900079,744,185,559
110900080,7,10,-3
110900081,0,92,-92
110900082,11,188,-177
110900083,29,4,25
110900084,6,153,-147
110900085,17,163,-146
110900086,8,46,-38
110900087,27,34,-7
110900088,1,0,1
110900090,5,11,-6
110900091,0,28,-28
110900093,25,16,9
110900095,7,7,0
110900097,1,15,-14
110900098,5,76,-71
110900099,9,296,-287
110900100,0,12,-12
110900102,3,8,-5
110900105,249,130,119
110900108,2,40,-38
110900111,52,11,41
110900112,93,2,91
110900113,196,7,189
110900115,8,82,-74
110900116,76,1373,-1297
110900118,51,244,-193
110900119,2820,97,2723
110900120,2,155,-153
110900121,12,0,12
110900122,74,48,26
110900125,40,76,-36
110900127,247,158,89
110900128,116,101,15
110900129,42,45,-3
110900130,380,64,316
110900131,10,22,-12
110900132,51,11,40
110900133,15,116,-101
110900135,31,206,-175
110900136,40,10,30
110900139,17,0,17
110900140,0,0,0
110900141,51,33,18
110900142,8,94,-86
110900143,14,15,-1
110900144,0,349,-349
110900145,17,7,10
110900146,90,32,58
110900147,74,90,-16
110900148,0,103,-103
110900149,0,28,-28
110900150,2,3,-1
110900151,0,19,-19
110900152,3,226,-223
110900153,5,0,5
111000001,132,217,-85
111000002,451,419,32
111000003,208,176,32
111000004,258,741,-483
111000005,284,269,15
111000006,332,863,-531
111000007,1516,604,912
111000008,1672,1438,234
111000009,132,473,-341
111000010,160,97,63
111000011,261,500,-239
111000012,320,91,229
111000013,133,669,-536
111000014,637,213,424
111000017,28,207,-179
111000018,45,166,-121
111000020,1139,815,324
111000021,39,44,-5
111000023,45,45,0
111000025,3477,691,2786
111000029,35,50,-15
111000030,34,33,1
111000031,778,240,538
111000032,247,88,159
111000033,98,37,61
111000034,160,57,103
111000037,1439,702,737
111000038,1221,1033,188
111000039,447,1122,-675
111000040,383,1104,-721
111000041,289,528,-239
111000042,3986,1241,2745
111000043,650,560,90
111000044,240,102,138
111000045,299,529,-230
111000046,253,527,-274
111000047,485,868,-383
111000049,108,300,-192
111000050,815,998,-183
111000051,138,710,-572
111000052,200,654,-454
111000053,106,514,-408
111000054,67,555,-488
111000055,369,978,-609
111000056,28,426,-398
111000057,18,518,-500
111000058,38,71,-33
111000059,76,127,-51
111000060,634,190,444
111000061,83,124,-41
111000062,81,93,-12
111000063,370,311,59
111000064,117,207,-90
111000065,200,265,-65
111000066,53,72,-19
111000067,138,330,-192
111000068,83,218,-135
111000069,520,757,-237
111000070,1462,558,904
111000071,94,338,-244
111000072,174,84,90
111000073,36,213,-177
111000074,459,492,-33
111000075,130,383,-253
111000076,102,418,-316
111000077,222,373,-151
111000078,682,586,96
111000079,376,280,96
111000080,101,261,-160
111000081,1188,1223,-35
111000082,169,271,-102
111000084,211,206,5
111000085,397,841,-444
111000086,1451,754,697
111000087,310,413,-103
111000088,2953,767,2186
111000089,145,431,-286
111000090,614,629,-15
111000091,176,438,-262
111000092,255,736,-481
111000093,102,350,-248
111000094,342,475,-133
111000095,124,618,-494
111000096,883,1936,-1053
111000097,3124,554,2570
111000098,69,741,-672
111000099,83,1591,-1508
111000100,80,1459,-1379
111000101,151,458,-307
111000102,26,445,-419
111000104,51,60,-9
111000107,22,443,-421
111000109,93,42,51
111000110,208,127,81
111000111,295,146,149
111000112,311,82,229
111000113,185,157,28
111000114,441,312,129
111000115,2974,302,2672
111000116,277,286,-9
111000117,186,302,-116
111000118,487,374,113
111000119,290,748,-458
111000120,116,204,-88
111000121,110,169,-59
111000122,111,403,-292
111000123,225,1985,-1760
111000124,89,2389,-2300
111000125,53,1381,-1328
111000126,26,573,-547
111000127,192,43,149
111000128,295,66,229
111000129,538,87,451
111000130,357,278,79
111000131,254,227,27
111000132,167,152,15
111000133,52,36,16
111000134,38,42,-4
111000135,11,46,-35
111000136,95,88,7
111000138,3,1,2
111000140,0,1,-1
111000141,11,77,-66
111000142,6,76,-70
111000143,0,78,-78
111000144,0,52,-52
111000145,10,0,10
111000146,22,1,21
111000147,17,4,13
111000148,23,32,-9
111000149,2,32,-30
111000150,6,3,3
111000151,2,8,-6
111000153,194,210,-16
111000154,99,119,-20
111000155,45,70,-25
111000156,139,53,86
111000157,40,92,-52
111000158,219,222,-3
111000159,984,249,735
111000160,64,169,-105
111000161,3,97,-94
111000162,1,84,-83
111000163,163,325,-162
111000164,395,814,-419
111000165,404,159,245
111000166,272,118,154
111000167,78,207,-129
111000168,120,206,-86
111000169,84,180,-96
111000170,126,145,-19
111000171,156,551,-395
111000172,63,448,-385
111000173,120,830,-710
111000174,28,380,-352
111000175,13,180,-167
111000176,43,143,-100
111000177,46,146,-100
111000178,310,216,94
111000179,34,99,-65
111000180,30,149,-119
111000181,159,153,6
111000182,43,65,-22
111000183,67,112,-45
111000184,79,78,1
111000185,91,208,-117
111000186,54,161,-107
111000187,27,174,-147
111000188,45,199,-154
111000189,821,292,529
111000190,68,415,-347
111000191,38,312,-274
111000192,75,379,-304
111000193,251,251,0
111000194,6,287,-281
111000195,21,294,-273
111000196,19,190,-171
111000197,43,61,-18
111000198,78,32,46
111000199,35,56,-21
111000200,40,130,-90
111000201,112,94,18
111000202,66,56,10
111000203,100,79,21
111000204,120,122,-2
111000213,44,164,-120
111000214,307,828,-521
111000215,278,692,-414
111000217,291,453,-162
111000218,318,480,-162
111000219,133,165,-32
111000220,1406,189,1217
111000221,240,32,208
111000224,91,269,-178
111000225,132,81,51
111000226,56,1,55
111000227,14,1,13
111000228,1,77,-76
111000229,12,119,-107
111000230,55,226,-171
111000231,92,695,-603
111000232,49,286,-237
111000233,76,286,-210
111000234,16,49,-33
111000239,44,88,-44
111000240,8,14,-6
111000241,9,307,-298
111000242,15,15,0
111000243,7,641,-634
111000244,24,44,-20
111000245,106,336,-230
111000246,46,310,-264
111000247,43,654,-611
111000248,48,192,-144
111000249,130,561,-431
111000250,14,65,-51
111000251,20,59,-39
111000253,0,0,0
111000255,0,0,0
111000257,0,0,0
111000260,28,700,-672
111000261,155,25,130
111000271,12,180,-168
111000273,3487,539,2948
111000274,457,615,-158
111000275,29,22,7
111000276,77,1459,-1382
111000277,50,182,-132
111000278,104,84,20
111000291,220,954,-734
111000298,127,155,-28
111000299,126,27,99
111000300,31,387,-356
111000302,25,19,6
111000303,15,121,-106
111000312,25,21,4
111000315,14,103,-89
111000320,72,372,-300
111000321,88,20,68
111000322,35,269,-234
111000323,30,8,22
111000324,131,158,-27
111000325,11,28,-17
111000326,45,186,-141
111000327,116,314,-198
111000328,57,149,-92
111000329,4,9,-5
111000330,11,1,10
111000331,9,0,9
111000332,108,419,-311
111000334,142,994,-852
111000335,115,36,79
111000337,126,197,-71
111000338,4,63,-59
111000339,33,283,-250
111000340,26,511,-485
111000341,334,58,276
111000342,36,154,-118
111000344,219,305,-86
111000345,29,9,20
111000346,2,55,-53
111000347,18,1,17
111000350,72,47,25
111000351,37,106,-69
111000352,44,30,14
111000353,8,137,-129
111000354,130,28,102
111000355,86,355,-269
111000358,36,1101,-1065
111000360,24,581,-557
111000361,21,265,-244
111000546,76,406,-330
111000547,67,365,-298
111000548,33,64,-31
111000549,71,272,-201
111000550,24,85,-61
111000551,167,46,121
111000552,82,14,68
111000907,75,5,70
111000908,8,0,8
111000916,186,113,73
111000917,6,183,-177
111000918,28,630,-602
111000920,91,2,89
111000921,2,266,-264
111000922,67,157,-90
111000924,10,588,-578
111000925,552,487,65
111000926,379,1716,-1337
111000927,694,901,-207
111000928,2991,1701,1290
111000929,246,376,-130
111000930,214,1109,-895
111000931,353,410,-57
111000932,1286,1074,212
111000933,842,499,343
111000934,971,1163,-192
111000935,294,281,13
111000936,293,1171,-878
111000937,255,390,-135
111000938,706,1277,-571
111000939,119,3,116
111000940,116,131,-15
111000941,31,328,-297
111000943,63,115,-52
111000944,42,405,-363
111000945,2,1388,-1386
111001109,113,34,79
111001110,53,376,-323
111001111,10,0,10
111001112,57,10,47
111001113,12,75,-63
111001114,506,19,487
111001115,68,122,-54
111001116,1740,337,1403
111001117,218,260,-42
111001120,49,208,-159
111001121,46,238,-192
111001122,85,490,-405
111001123,37,68,-31
111001124,55,355,-300
111001125,0,7,-7
111001126,1,0,1
111001127,0,31,-31
111001128,124,331,-207
111001129,0,47,-47
111900001,0,140,-140
111900002,1,270,-269
111900003,0,185,-185
111900004,8,63,-55
111900006,3,2,1
111900007,11,2,9
111900008,6,1,5
111900009,10,0,10
111900010,60,218,-158
111900012,51,33,18
111900013,6,6,0
111900014,4048,621,3427
111900015,0,34,-34
111900016,0,135,-135
111900017,1,70,-69
111900018,33,1,32
111900019,3,53,-50
111900020,0,38,-38
111900021,13,31,-18
111900022,6,22,-16
111900023,72,16,56
111900024,22,145,-123
111900025,0,30,-30
111900026,0,69,-69
111900027,1,91,-90
111900028,0,210,-210
111900029,2,48,-46
111900030,23,155,-132
111900032,1,244,-243
111900033,7,47,-40
111900034,27,205,-178
111900035,0,99,-99
111900036,0,239,-239
111900038,109,236,-127
111900039,19,206,-187
111900040,5,554,-549
111900042,8,15,-7
111900043,1,323,-322
111900044,34,87,-53
111900046,24,135,-111
111900048,40,477,-437
111900049,14,201,-187
111900050,8,1,7
111900051,2,116,-114
111900052,97,266,-169
111900053,710,101,609
111900054,16,0,16
111900055,5,481,-476
111900056,47,56,-9
111900057,5,34,-29
111900058,70,479,-409
111900059,890,85,805
111900060,29,1,28
111900061,7,306,-299
111900062,0,6,-6
111900063,16,99,-83
111900064,32,194,-162
111900065,15,7,8
111900066,23,35,-12
111900067,0,115,-115
111900068,5,3,2
111900069,7,1,6
111900070,11,53,-42
111900071,1,93,-92
111900072,4,5,-1
111900073,76,7,69
111900074,1,84,-83
111900075,15,5,10
111900076,13,12,1
111900077,4,0,4
111900078,43,2,41
111900079,2,1,1
111900080,39,22,17
111900082,17,3,14
111900083,10,1,9
111900084,7,0,7
111900085,10,13,-3
111900086,9,0,9
111900087,6,0,6
111900088,29,0,29
111900089,0,2,-2
111900090,16,2,14
111900091,6,0,6
111900092,15,0,15
111900093,32,0,32
111900094,5,0,5
111900095,23,0,23
111900096,10,0,10
111900097,1,0,1
111900098,6,0,6
111900099,0,0,0
111900100,5,0,5
111900101,30,2,28
111900102,45,475,-430
111900103,5,13,-8
111900104,6,20,-14
111900105,25,37,-12
111900106,542,14,528
111900110,1499,45,1454
111900111,1,1,0
111900112,262,228,34
111900113,104,19,85
111900118,19,9,10
111900119,37,16,21
111900122,26,5,21
111900123,5,4,1
111900124,12,62,-50
111900125,61,3,58
111900126,19,1,18
111900127,0,357,-357
111900128,0,232,-232
111900129,38,2,36
111900130,23,2,21
111900131,49,0,49
111900132,13,671,-658
111900133,5,162,-157
111900134,17,211,-194
111900135,0,1,-1
111900136,3,21,-18
111900137,20,14,6
111900138,6,47,-41
111900139,4,73,-69
111900140,6,5,1
111900141,4,3,1
111900142,18,7,11
111900143,5,102,-97
111900144,0,83,-83
111900145,0,378,-378
111900146,0,311,-311
111900147,48,343,-295
111900148,10,596,-586
111900149,22,328,-306
111900150,3,130,-127
111900151,0,14,-14
111900152,33,8,25
111900153,1035,63,972
111900154,1,42,-41
111900155,3,12,-9
111900156,7,10,-3
111900157,9,3,6
111900158,26,2,24
111900159,20,0,20
111900160,27,0,27
111900161,13,0,13
111900162,25,17,8
111900163,10,87,-77
111900164,21,3,18
111901113,25,238,-213
111901114,8,186,-178
111901115,3,1,2
111901116,18,0,18
111901117,3,1,2
111901118,48,9,39
111901119,646,14,632
111901121,77,132,-55
111901122,5,343,-338
111901123,5,278,-273
111901124,40,0,40
111901125,34,74,-40
111901127,389,49,340
111901128,2,36,-34
111901129,3,50,-47
111901130,2,120,-118
111901131,2,173,-171
111901132,21,0,21
111901133,3,0,3
111901134,3,1,2
111901135,0,2,-2
111901138,11,12,-1
111901139,3,35,-32
111901140,1,67,-66
111901141,2,74,-72
111901142,3,79,-76
111901143,1,47,-46
111901144,12,7,5
111901145,25,46,-21
111901146,5,2,3
111901147,711,5,706
111901148,3,24,-21
111901149,1,1,0
111901150,4,0,4
111901151,0,0,0
111901152,0,19,-19
112000001,461,376,85
112000002,322,1113,-791
112000003,207,289,-82
112000004,174,843,-669
112000005,440,523,-83
112000006,578,882,-304
112000007,500,445,55
112000008,744,1290,-546
112000009,1491,1512,-21
112000010,1125,1091,34
112000011,741,1121,-380
112000012,1615,542,1073
112000013,2424,1146,1278
112000014,1375,198,1177
112000015,1861,739,1122
112000016,1199,277,922
112000017,603,340,263
112000024,876,211,665
112000026,2401,2758,-357
112000027,226,148,78
112000028,799,813,-14
112000029,72,156,-84
112000030,133,72,61
112000031,652,552,100
112000032,243,20,223
112000033,911,219,692
112000034,298,11,287
112000035,16,133,-117
112000036,242,265,-23
112000037,246,422,-176
112000038,301,358,-57
112000039,8,54,-46
112000040,45,110,-65
112000041,125,229,-104
112000042,332,120,212
112000050,156,379,-223
112000051,132,209,-77
112000054,616,920,-304
112000057,188,212,-24
112000058,89,190,-101
112000059,145,184,-39
112000061,2291,541,1750
112000062,654,146,508
112000063,522,250,272
112000064,2320,2841,-521
112000065,1479,1569,-90
112000066,1037,341,696
112000067,274,338,-64
112000068,504,366,138
112000069,220,946,-726
112000070,460,201,259
112000071,326,1663,-1337
112000072,286,267,19
112000073,461,859,-398
112000074,279,298,-19
112000075,286,319,-33
112000076,1164,1297,-133
112000077,114,346,-232
112000078,347,313,34
112000079,406,574,-168
112000080,152,375,-223
112000081,279,813,-534
112000082,190,191,-1
112000083,201,892,-691
112000084,280,224,56
112000085,312,820,-508
112000086,405,616,-211
112000087,65,625,-560
112000088,81,396,-315
112000089,52,143,-91
112000090,147,218,-71
112000091,294,753,-459
112000092,293,292,1
112000093,734,764,-30
112000094,89,226,-137
112000095,260,389,-129
112000096,111,296,-185
112000097,374,146,228
112000098,199,703,-504
112000099,158,186,-28
112000100,197,263,-66
112000101,195,591,-396
112000102,200,187,13
112000103,119,944,-825
112000105,209,1373,-1164
112000106,252,144,108
112000107,15,37,-22
112000108,99,924,-825
112000109,28,41,-13
112000110,392,172,220
112000111,492,2511,-2019
112000112,688,190,498
112000113,449,1429,-980
112000114,453,344,109
112000115,70,288,-218
112000116,50,457,-407
112000117,133,347,-214
112000118,241,492,-251
112000119,90,539,-449
112000120,18,172,-154
112000121,23,320,-297
112000122,33,44,-11
112000123,58,57,1
112000124,40,26,14
112000125,20,53,-33
112000126,29,434,-405
112000127,598,432,166
112000128,287,247,40
112000129,21,52,-31
112000130,10,13,-3
112000131,8,131,-123
112000132,24,165,-141
112000133,53,89,-36
112000134,92,235,-143
112000135,200,324,-124
112000136,230,815,-585
112000137,193,579,-386
112000138,303,700,-397
112000139,227,93,134
112000140,295,642,-347
112000141,139,71,68
112000142,64,609,-545
112000143,155,97,58
112000144,112,1046,-934
112000145,507,332,175
112000146,175,1476,-1301
112000147,381,583,-202
112000148,488,1374,-886
112000149,60,398,-338
112000150,53,301,-248
112000151,116,310,-194
112000152,67,146,-79
112000153,86,125,-39
112000154,54,50,4
112000155,29,15,14
112000157,115,117,-2
112000158,67,334,-267
112000159,129,131,-2
112000167,67,10,57
112000169,142,128,14
112000173,99,109,-10
112000175,32,198,-166
112000176,1245,638,607
112000177,62,22,40
112000178,22,187,-165
112000179,56,69,-13
112000180,55,91,-36
112000181,337,952,-615
112000182,147,1138,-991
112000183,10,26,-16
112000184,102,312,-210
112000185,44,238,-194
112000187,647,814,-167
112000195,51,0,51
112000196,3,0,3
112000197,0,44,-44
112000198,13,184,-171
112000199,219,288,-69
112000202,45,12,33
112000216,14,48,-34
112000230,19,1,18
112000231,0,178,-178
112000256,16,30,-14
112000313,47,91,-44
112000314,0,6,-6
112000337,28,235,-207
112000352,62,52,10
112000392,553,390,163
112000398,229,281,-52
112000399,754,502,252
112000400,634,1909,-1275
112000401,1068,992,76
112000402,455,599,-144
112000403,481,616,-135
112000404,96,158,-62
112000405,528,708,-180
112000406,1261,1615,-354
112000407,987,1512,-525
112000408,3721,2960,761
112000409,539,1989,-1450
112000410,40,52,-12
112000411,2286,167,2119
112000412,320,82,238
112000413,4407,624,3783
112000414,24,69,-45
112000415,21,10,11
112000416,349,379,-30
112000417,28,21,7
112000421,10,60,-50
112000422,99,228,-129
112000424,782,432,350
112000425,102,780,-678
112000426,30,100,-70
112000427,2,2,0
112000428,17,194,-177
112000429,693,1049,-356
112000430,569,1192,-623
112000431,30,23,7
112000432,170,1263,-1093
112000433,219,151,68
112000437,6,177,-171
112900001,26,0,26
112900002,23,606,-583
112900003,7,97,-90
112900004,8,145,-137
112900005,19,112,-93
112900007,5,63,-58
112900008,0,1,-1
112900009,51,24,27
112900010,21,295,-274
112900011,148,52,96
112900012,0,3,-3
112900013,0,53,-53
112900014,0,90,-90
112900015,69,430,-361
112900016,4,62,-58
112900017,7,76,-69
112900018,21,652,-631
112900019,15,65,-50
112900020,154,729,-575
112900021,0,108,-108
112900022,0,31,-31
112900023,2,233,-231
112900024,5,55,-50
112900025,26,82,-56
112900026,3,142,-139
112900027,3,802,-799
112900028,1,50,-49
112900029,3,324,-321
112900030,176,40,136
112900031,5,345,-340
112900032,43,110,-67
112900034,1,13,-12
112900035,0,299,-299
112900036,4,75,-71
112900037,40,20,20
112900038,36,62,-26
112900039,17,156,-139
112900040,3,129,-126
112900041,300,271,29
112900042,19,261,-242
112900043,0,24,-24
112900044,198,122,76
112900045,197,79,118
112900046,53,16,37
112900047,5,2,3
112900049,13,26,-13
112900050,31,234,-203
112900051,89,316,-227
112900052,1,621,-620
112900053,106,26,80
112900054,115,3,112
112900055,29,2,27
112900056,31,29,2
112900057,5,372,-367
112900058,70,43,27
112900059,22,55,-33
112900060,3,87,-84
112900061,6,52,-46
112900062,8,50,-42
112900063,15,0,15
112900064,28,34,-6
112900065,2,3,-1
112900066,24,24,0
112900067,205,29,176
112900068,5,14,-9
112900069,1303,72,1231
112900071,3,0,3
112900072,49,110,-61
112900073,37,7,30
112900074,6,21,-15
112900075,895,116,779
112900076,9,2,7
112900078,30,75,-45
112900079,34,2,32
112900080,9,0,9
112900081,2,11,-9
112900082,60,7,53
112900083,7,6,1
112900084,42,8,34
112900086,4,0,4
112900087,67,6,61
112900088,8,0,8
112900089,143,0,143
112900090,1,2,-1
112900091,21,2,19
112900092,32,37,-5
112900093,147,7,140
112900095,1,1,0
112900096,34,10,24
112900097,13,194,-181
112900098,9,0,9
112900099,109,2,107
112900100,4,0,4
112900101,47,0,47
112900102,19,1,18
112900103,68,1,67
112900104,49,0,49
112900105,1,0,1
112900106,64,22,42
112900107,0,1,-1
112900108,0,0,0
112900109,16,0,16
112900110,86,3,83
112900111,79,0,79
112900112,29,0,29
112900113,0,12,-12
112900114,4,3,1
112900115,116,0,116
112900116,9,1,8
112900117,51,28,23
112900118,3,16,-13
112900119,12,0,12
112900120,258,39,219
112900121,67,26,41
112900122,3,57,-54
112900123,37,2,35
112900124,1,39,-38
112900125,4,65,-61
112900126,64,117,-53
112900127,58,4,54
112900128,179,387,-208
112900129,0,449,-449
112900130,32,11,21
112900131,21,161,-140
112900132,30,399,-369
112900133,10,531,-521
112900134,0,157,-157
112900135,13,1,12
112900137,2,417,-415
112900138,3,225,-222
112900139,88,584,-496
112900141,71,16,55
112900142,7,16,-9
112900143,17,379,-362
112900144,5,707,-702
112900145,17,163,-146
112900146,1,724,-723
112900147,1,1592,-1591
112900148,2,0,2
112900149,21,200,-179
112900151,12,4,8
112900152,2846,214,2632
112900153,282,219,63
112900154,0,28,-28
112900155,19,3,16
112900156,36,949,-913
112900157,18,62,-44
112900158,1,1,0
112900159,39,11,28
112900160,3,80,-77
112900161,8,2,6
112900162,7,4,3
112900163,26,9,17
112900164,5,19,-14
112900165,15,2,13
112900166,2,3,-1
112900167,2,4,-2
112900168,0,0,0
112900169,1,2,-1
112900170,15,37,-22
112900172,28,0,28
112900173,35,37,-2
112900174,47,4,43
112900175,25,17,8
112900176,14,5,9
112900177,40,3,37
112900178,100,306,-206
112900179,12,350,-338
112900180,205,1010,-805
112900181,68,3,65
112900182,4,813,-809
112900183,25,44,-19
112900184,103,124,-21
112900185,32,82,-50
112900186,373,167,206
112900187,8,34,-26
112900188,401,71,330
112900189,0,10,-10
112900190,3,23,-20
112900192,95,40,55
112900193,180,44,136
112900194,1,37,-36
112900195,94,5,89
112900196,104,302,-198
112900197,25,211,-186
112900199,55,145,-90
112900200,49,136,-87
112900201,42,42,0
112900202,48,410,-362
112900203,15,127,-112
112900204,103,67,36
112900205,0,2,-2
112900206,1,15,-14
112900207,0,2,-2
112900208,7,10,-3
112900209,54,185,-131
112900210,0,2,-2
112900211,20,5,15
112900212,0,15,-15
112900213,0,10,-10
112900214,5,0,5
112900215,2,101,-99
112900216,9,37,-28
112900217,0,28,-28
112900218,1,0,1
112900219,6,11,-5
112900220,0,0,0
112900221,0,78,-78
112900222,0,17,-17
112900223,102,3,99
112900224,24,424,-400
112900225,45,308,-263
112900226,30,60,-30
112900227,37,458,-421
112900228,4,6,-2
112900229,6,27,-21
112900230,2969,736,2233
112900232,41,38,3
112900233,11,92,-81
112900234,1,34,-33
112900235,0,3,-3
112900236,13,7,6
112900237,13,284,-271
112900238,3,10,-7
112900239,233,110,123
112900240,3,141,-138
112900241,3,142,-139
112900242,1,182,-181
112900243,0,197,-197
112900244,1,140,-139
112900245,0,26,-26
112900246,1,5,-4
112900247,67,6,61
112900248,13,5,8
112900249,13,2,11
112900250,32,27,5
112900251,4,7,-3
112900252,6,8,-2
112900253,5,10,-5
112900254,0,0,0
112900255,0,1,-1
112900256,0,4,-4
112900257,2,4,-2
112900258,10,18,-8
113000001,1595,1534,61
113000002,1101,1044,57
113000003,648,658,-10
113000004,583,591,-8
113000005,341,363,-22
113000006,297,437,-140
113000007,473,453,20
113000008,365,474,-109
113000009,194,425,-231
113000010,204,464,-260
113000011,356,687,-331
113000012,309,346,-37
113000013,231,165,66
113000014,490,569,-79
113000015,173,86,87
113000016,59,92,-33
113000017,7,136,-129
113000018,78,10,68
113000019,14,136,-122
113000020,29,4,25
113000021,244,368,-124
113000022,187,617,-430
113000025,13,127,-114
113000026,114,160,-46
113000027,305,143,162
113000028,476,126,350
113000029,242,226,16
113000030,240,192,48
113000031,119,76,43
113000032,66,45,21
113000033,65,94,-29
113000034,167,84,83
113000035,6,10,-4
113000036,6,11,-5
113000037,11,9,2
113000038,0,17,-17
113000039,29,167,-138
113000040,36,45,-9
113000042,280,200,80
113000051,125,582,-457
113000052,908,327,581
113000053,72,224,-152
113000054,90,255,-165
113000055,318,404,-86
113000056,340,803,-463
113000058,177,508,-331
113000059,354,219,135
113000060,26,340,-314
113000061,169,277,-108
113000062,405,52,353
113000063,17,89,-72
113000064,4,139,-135
113000065,37,598,-561
113000066,114,39,75
113000067,325,320,5
113000068,96,939,-843
113000069,133,623,-490
113000070,286,243,43
113000071,59,256,-197
113000072,115,115,0
113000073,146,628,-482
113000074,312,88,224
113000075,603,191,412
113000076,331,655,-324
113000077,472,133,339
113000078,321,493,-172
113000079,349,229,120
113000080,258,203,55
113000081,256,313,-57
113000082,372,305,67
113000083,198,242,-44
113000084,607,416,191
113000085,243,198,45
113000086,272,468,-196
113000087,243,226,17
113000088,659,477,182
113000089,344,411,-67
113000090,72,87,-15
113000091,256,89,167
113000094,171,50,121
113000095,96,561,-465
113000096,54,393,-339
113000097,220,129,91
113000098,19,11,8
113000099,423,111,312
113000100,39,143,-104
113000101,147,239,-92
113000102,150,70,80
113000103,1010,254,756
113000104,127,1187,-1060
113000105,162,245,-83
113000106,102,246,-144
113000107,186,452,-266
113000108,276,810,-534
113000109,169,857,-688
113000110,485,148,337
113000111,46,220,-174
113000112,113,162,-49
113000113,570,114,456
113000114,203,295,-92
113000116,219,86,133
113000117,293,36,257
113000118,31,134,-103
113000119,62,157,-95
113000120,10,94,-84
113000121,149,346,-197
113000124,36,35,1
113000125,4,235,-231
113000127,1709,204,1505
113000128,145,91,54
113000129,220,651,-431
113000133,1651,147,1504
113000134,4,190,-186
113000135,813,793,20
113000137,581,490,91
113000139,89,37,52
113000140,74,55,19
113000141,52,26,26
113000142,138,116,22
113000143,80,40,40
113000144,109,236,-127
113000145,20,19,1
113000146,32,9,23
113000147,13,51,-38
113000148,19,28,-9
113000149,9,23,-14
113000150,127,130,-3
113000151,38,21,17
113000152,8,31,-23
113000153,482,154,328
113000154,104,422,-318
113000155,86,124,-38
113000156,61,110,-49
113000157,88,241,-153
113000158,111,76,35
113000159,233,199,34
113000160,218,407,-189
113000161,80,318,-238
113000162,173,128,45
113000163,35,25,10
113000164,12,41,-29
113000166,19,37,-18
113000167,20,161,-141
113000168,19,121,-102
113000169,15,13,2
113000170,35,14,21
113000171,9,40,-31
113000172,48,35,13
113000173,7,4,3
113000174,56,321,-265
113000175,61,30,31
113000176,85,48,37
113000177,33,232,-199
113000178,57,292,-235
113000179,98,31,67
113000180,185,610,-425
113000181,402,530,-128
113000182,83,83,0
113000183,45,182,-137
113000184,11,33,-22
113000189,140,214,-74
113000190,305,87,218
113000192,1442,544,898
113000193,2431,435,1996
113000194,811,463,348
113000195,1058,193,865
113000196,41,55,-14
113000197,388,301,87
113000198,8,149,-141
113000199,237,150,87
113000201,97,58,39
113000202,1569,452,1117
113000203,177,55,122
113000204,701,443,258
113000205,8,5,3
113000206,6,17,-11
113000207,5,1,4
113000208,9,21,-12
113000209,1,5,-4
113000210,2,3,-1
113000211,185,73,112
113000212,107,12,95
113000213,3,34,-31
113000214,25,81,-56
113000234,46,725,-679
113000410,7,30,-23
113000411,855,1561,-706
113000412,3663,646,3017
113000413,1549,543,1006
113000414,2977,2675,302
113000415,942,790,152
113000416,2555,970,1585
113000417,966,683,283
113000418,1034,946,88
113000419,437,516,-79
113000420,893,743,150
113000421,1316,1588,-272
113000422,6223,2041,4182
113000423,1117,896,221
113000424,1607,2422,-815
113000425,3,22,-19
113000428,2,2,0
113000430,10,0,10
113000432,428,46,382
113000433,49,447,-398
113000434,15,246,-231
113000435,8,549,-541
113000436,42,683,-641
113000437,93,16,77
113000438,48,6,42
113000439,8,71,-63
113000440,19,13,6
113000441,40,82,-42
113000442,23,149,-126
113000443,25,147,-122
113000444,23,193,-170
113000445,26,80,-54
113000446,14,42,-28
113000448,134,39,95
113000449,78,396,-318
113000450,288,644,-356
113000451,885,60,825
113000452,161,133,28
113000453,40,80,-40
113000454,365,19,346
113000455,63,44,19
113000456,1057,369,688
113000468,1383,61,1322
113000469,51,45,6
113000470,186,30,156
113000471,7,84,-77
113000472,24,92,-68
113000474,68,304,-236
113000475,479,824,-345
113000476,279,811,-532
113000477,679,917,-238
113000478,1186,2450,-1264
113000479,11,135,-124
113000485,0,0,0
113000486,0,0,0
113000487,0,0,0
113000489,0,0,0
113000490,0,0,0
113000491,0,0,0
113000492,0,0,0
113000493,0,0,0
113000495,120,110,10
113000496,21,21,0
113900001,0,25,-25
113900002,0,51,-51
113900003,0,37,-37
113900004,0,5,-5
113900005,0,8,-8
113900006,0,8,-8
113900007,15,0,15
113900008,2,0,2
113900009,53,0,53
113900010,9,1,8
113900011,4,0,4
113900012,10,0,10
113900013,95,0,95
113900014,171,0,171
113900015,1,29,-28
113900016,0,0,0
113900017,0,24,-24
113900018,95,16,79
113900019,10,22,-12
113900020,13,0,13
113900022,0,0,0
113900023,0,0,0
113900024,23,41,-18
113900025,72,0,72
113900026,1,0,1
113900027,1,30,-29
113900028,4,207,-203
113900029,10,146,-136
113900030,59,0,59
113900031,1,0,1
113900032,1,0,1
113900033,45,27,18
113900035,8,0,8
113900036,1,55,-54
113900037,7,314,-307
113900038,36,13,23
113900039,18,3,15
113900040,5,6,-1
113900041,0,0,0
113900042,19,11,8
113900043,108,27,81
113900044,43,11,32
113900045,10,0,10
113900046,98,383,-285
113900047,10,89,-79
113900048,90,5,85
113900049,397,46,351
113900050,75,198,-123
113900051,43,142,-99
113900052,39,41,-2
113900053,89,56,33
113900054,0,0,0
113900055,29,369,-340
113900056,25,56,-31
113900057,1,48,-47
113900058,17,69,-52
113900059,36,152,-116
113900060,34,87,-53
113900061,195,13,182
113900062,13,1,12
113900063,17,58,-41
113900064,3,99,-96
113900065,105,1,104
113900066,45,224,-179
113900067,4,152,-148
113900068,58,136,-78
113900069,9,2,7
113900070,41,219,-178
113900071,20,26,-6
113900072,5,97,-92
113900073,44,156,-112
113900074,13,244,-231
113900075,203,304,-101
113900076,18,1,17
113900077,14,120,-106
113900078,16,23,-7
113900079,0,23,-23
113900080,106,18,88
113900081,10,64,-54
113900082,21,47,-26
113900083,16,265,-249
113900084,38,13,25
113900085,5,175,-170
113900086,8,14,-6
113900087,6,85,-79
113900088,4,20,-16
113900089,116,14,102
113900090,85,96,-11
113900091,5,6,-1
113900092,1,13,-12
113900093,11,147,-136
113900094,47,159,-112
113900095,24,35,-11
113900096,12,12,0
113900097,2,63,-61
113900098,127,7,120
113900099,0,22,-22
113900100,0,0,0
113900101,2,11,-9
113900102,17,24,-7
113900103,54,34,20
113900104,15,49,-34
113900105,4,167,-163
113900106,0,25,-25
113900107,1,4,-3
113900108,57,44,13
113900109,49,28,21
113900110,2,2,0
113900111,17,25,-8
113900112,5,34,-29
113900113,179,72,107
113900114,2,23,-21
113900115,0,4,-4
113900116,12,49,-37
113900117,7,2,5
113900118,46,51,-5
113900119,73,61,12
113900120,10,8,2
113900121,20,47,-27
113900122,44,501,-457
113900123,67,37,30
113900124,0,9,-9
113900125,487,49,438
113900126,21,13,8
113900127,61,97,-36
113900128,46,19,27
113900129,1,17,-16
113900130,0,1,-1
113900131,24,14,10
113900132,11,10,1
113900133,6,10,-4
113900135,50,203,-153
113900136,36,10,26
113900137,43,82,-39
113900138,1,11,-10
113900139,200,14,186
113900140,79,21,58
113900141,72,230,-158
113900142,7,23,-16
113900143,0,5,-5
113900144,62,17,45
113900145,44,84,-40
113900146,10,13,-3
113900148,41,37,4
113900149,44,7,37
113900150,383,64,319
113900151,31,49,-18
113900152,12,37,-25
113900153,89,64,25
113900154,0,32,-32
113900155,64,15,49
113900156,71,272,-201
113900157,10,91,-81
113900158,56,32,24
113900159,0,48,-48
113900160,119,283,-164
113900161,12,53,-41
113900162,87,72,15
113900163,37,51,-14
113900164,71,24,47
113900165,156,157,-1
113900166,13,13,0
113900167,47,13,34
113900168,33,40,-7
113900169,42,172,-130
113900171,46,6,40
113900172,2,114,-112
113900173,17,338,-321
113900174,106,271,-165
113900175,62,20,42
113900176,57,312,-255
113900177,86,57,29
113900178,40,19,21
113900179,5,460,-455
113900180,27,30,-3
113900181,132,13,119
113900182,90,353,-263
113900183,11,21,-10
113900184,6,295,-289
113900185,49,21,28
113900186,0,9,-9
113900187,17,60,-43
113900188,8,44,-36
113900189,56,15,41
113900190,92,19,73
113900191,15,41,-26
113900192,1119,343,776
113900193,6,166,-160
113900194,1085,217,868
113900195,117,227,-110
113900196,0,47,-47
113900197,1,221,-220
113900198,3,49,-46
113900199,68,254,-186
113900200,3,54,-51
113900201,1,132,-131
113900202,9,34,-25
113900203,0,98,-98
113900204,4,349,-345
113900205,7,31,-24
113900206,0,27,-27
113900207,0,19,-19
113900208,0,25,-25
113900209,0,17,-17
113900210,211,73,138
113900211,26,1,25
113900212,28,276,-248
113900214,111,203,-92
113900215,4,55,-51
113900216,14,683,-669
113900217,8,172,-164
113900218,15,11,4
113900219,41,262,-221
113900220,20,7,13
113900221,57,23,34
113900222,434,125,309
113900223,15,425,-410
113900224,37,25,12
113900225,311,49,262
113900226,61,23,38
113900227,71,35,36
113900228,82,64,18
113900229,9,183,-174
113900230,1320,298,1022
113900231,24,61,-37
113900232,13,41,-28
113900233,10,13,-3
113900234,12,112,-100
113900235,1,4,-3
113900236,28,78,-50
113900237,7,5,2
113900238,28,149,-121
113900239,22,16,6
113900240,0,25,-25
113900241,49,10,39
113900242,19,31,-12
113900243,33,121,-88
113900244,219,34,185
113900245,434,75,359
113900246,0,2,-2
113900247,31,45,-14
113900248,1352,296,1056
113900249,346,41,305
113900250,14,29,-15
113900251,106,122,-16
113900252,104,7,97
113900253,234,10,224
113900254,98,6,92
113900255,72,6,66
113900256,65,8,57
113900257,21,441,-420
113900258,0,304,-304
113900259,95,122,-27
113900260,31,4,27
113900261,13,87,-74
113900262,49,410,-361
113900263,22,211,-189
113900264,3,433,-430
113900265,61,173,-112
113900266,8,176,-168
113900267,34,242,-208
113900268,12,90,-78
113900269,8,36,-28
113900270,67,97,-30
113900271,97,591,-494
113900273,1,0,1
113900274,6,1,5
113900275,9,18,-9
113900276,1,157,-156
113900277,10,0,10
113900278,65,32,33
113900279,65,28,37
113900280,317,234,83
113900281,44,189,-145
113900282,159,78,81
113900283,87,174,-87
113900284,146,39,107
113900285,43,0,43
113900286,2,72,-70
113900287,0,14,-14
113900288,0,26,-26
113900289,695,32,663
113900290,138,9,129
113900291,40,29,11
113900292,3,1,2
113900293,2,76,-74
113900294,106,10,96
113900295,107,131,-24
113900296,680,46,634
113900297,196,9,187
113900298,4,620,-616
113900299,0,23,-23
113900300,1751,443,1308
113900301,299,99,200
113900302,1047,271,776
113900303,209,49,160
113900304,1,79,-78
113900305,12,0,12
113900306,0,0,0
113900307,0,0,0
113900308,37,40,-3
113900309,1,356,-355
113900310,0,4,-4
113900311,1,1,0
113900312,15,28,-13
113900313,3,0,3
113900314,0,8,-8
113900315,12,1,11
114000001,476,1619,-1143
114000002,48,243,-195
114000003,63,944,-881
114000004,85,214,-129
114000005,67,120,-53
114000006,1255,1045,210
114000007,236,625,-389
114000008,751,362,389
114000009,115,74,41
114000011,688,1630,-942
114000012,645,1341,-696
114000013,350,1063,-713
114000014,253,237,16
114000015,286,247,39
114000016,116,182,-66
114000017,21,74,-53
114000018,162,30,132
114000026,295,763,-468
114000027,549,914,-365
114000028,493,683,-190
114000038,50,50,0
114000039,41,148,-107
114000040,35,69,-34
114000042,26,119,-93
114000043,41,135,-94
114000044,50,110,-60
114000045,7,77,-70
114000046,1261,2064,-803
114000047,3,10,-7
114000048,36,72,-36
114000049,505,355,150
114000050,790,310,480
114000051,1599,452,1147
114000052,1747,322,1425
114000053,12,175,-163
114000054,20,752,-732
114000055,139,13,126
114000056,220,133,87
114000057,4342,1037,3305
114000058,99,139,-40
114000059,47,60,-13
114000060,115,287,-172
114000061,1088,297,791
114000062,436,203,233
114000063,992,575,417
114000064,2218,754,1464
114000065,655,801,-146
114000066,100,289,-189
114000067,10,88,-78
114000068,205,142,63
114000069,161,107,54
114000070,745,428,317
114000071,180,295,-115
114000072,48,223,-175
114000073,1,61,-60
114000074,6,11,-5
114000075,15,107,-92
114000076,3,109,-106
114000077,1,31,-30
114000078,37,780,-743
114000079,27,24,3
114000080,64,39,25
114000081,20,31,-11
114000082,39,299,-260
114000083,8,119,-111
114000084,21,35,-14
114000085,36,414,-378
114000086,54,391,-337
114000087,10,124,-114
114000088,8,16,-8
114000089,784,165,619
114000090,238,183,55
114000091,554,141,413
114000092,328,113,215
114000093,359,231,128
114000094,156,163,-7
114000095,35,30,5
114000096,39,324,-285
114000097,26,526,-500
114000098,50,30,20
114000099,37,708,-671
114000100,168,332,-164
114000101,70,669,-599
114000102,83,116,-33
114000103,63,189,-126
114000104,2,131,-129
114000105,30,25,5
114000106,383,132,251
114000107,17,53,-36
114000108,1915,712,1203
114000109,53,198,-145
114000110,121,839,-718
114000111,204,97,107
114000112,129,1388,-1259
114000113,247,129,118
114000114,385,1099,-714
114000115,315,149,166
114000116,127,276,-149
114000117,340,102,238
114000118,294,120,174
114000119,285,95,190
114000120,189,597,-408
114000121,172,274,-102
114000122,108,115,-7
114000123,207,79,128
114000124,109,135,-26
114000125,243,931,-688
114000126,195,75,120
114000127,59,52,7
114000128,230,201,29
114000130,110,134,-24
114000131,37,13,24
114000132,202,444,-242
114000133,378,599,-221
114000134,20,83,-63
114000138,8,102,-94
114000139,79,46,33
114000144,160,79,81
114000145,30,65,-35
114000146,19,110,-91
114000147,240,273,-33
114000148,852,242,610
114000149,125,43,82
114000150,629,432,197
114000151,854,398,456
114000152,82,13,69
114000153,548,597,-49
114000154,420,314,106
114000155,490,579,-89
114000156,293,170,123
114000157,102,364,-262
114000158,922,251,671
114000159,119,196,-77
114000160,26,104,-78
114000161,447,233,214
114000162,305,195,110
114000163,6,73,-67
114000165,147,58,89
114000166,248,50,198
114000167,1886,450,1436
114000168,302,320,-18
114000169,613,124,489
114000170,330,106,224
114000171,266,408,-142
114000174,78,208,-130
114000176,266,158,108
114000177,987,269,718
114000178,17,49,-32
114000179,490,241,249
114000180,107,194,-87
114000181,477,620,-143
114000182,2400,869,1531
114000183,294,466,-172
114000184,4077,811,3266
114000185,291,373,-82
114000189,70,18,52
114000190,320,37,283
114000191,24,20,4
114000192,139,878,-739
114000193,524,2012,-1488
114000194,462,797,-335
114000195,15,4,11
114000196,5,188,-183
114000197,236,32,204
114000198,421,210,211
114000199,741,389,352
114000200,209,1254,-1045
114000201,55,609,-554
114000202,315,432,-117
114000203,276,619,-343
114000204,28,239,-211
114000205,83,768,-685
114000206,127,614,-487
114000207,286,1306,-1020
114000208,217,1618,-1401
114000209,216,2162,-1946
114000210,177,1142,-965
114000211,307,611,-304
114000212,233,343,-110
114000213,422,283,139
114000214,24,118,-94
114000215,15,28,-13
114000216,154,70,84
114000217,32,180,-148
114000218,58,217,-159
114000219,174,133,41
114000220,6,945,-939
114000221,125,40,85
114000222,94,709,-615
114000223,89,15,74
114000224,34,374,-340
114000225,35,231,-196
114000226,12,159,-147
114000227,283,305,-22
114000228,136,485,-349
114000229,170,698,-528
114000230,344,923,-579
114000231,210,723,-513
114000232,107,56,51
114000233,341,50,291
114000234,334,477,-143
114000235,222,912,-690
114000236,2,362,-360
114000237,24,799,-775
114000238,8,61,-53
114000239,48,973,-925
114000240,183,332,-149
114000241,98,608,-510
114000242,418,447,-29
114000243,244,312,-68
114000244,134,139,-5
114000245,150,382,-232
114000246,78,25,53
114000247,136,334,-198
114000248,147,242,-95
114000249,174,221,-47
114000250,53,251,-198
114000251,29,190,-161
114000252,15,40,-25
114000253,9,107,-98
114000254,2,35,-33
114000255,179,83,96
114000256,399,98,301
114000257,418,942,-524
114000258,43,234,-191
114000259,45,161,-116
114000260,0,19,-19
114000261,12,9,3
114000262,14,84,-70
114000263,1,0,1
114000264,104,358,-254
114000265,0,2,-2
114000267,2,724,-722
114000268,1,1375,-1374
114000270,26,0,26
114000271,125,51,74
114000283,252,156,96
114000285,34,219,-185
114000288,12,274,-262
114000289,287,75,212
114000293,47,168,-121
114000294,70,113,-43
114000395,502,59,443
114000396,72,90,-18
114000402,92,156,-64
114000403,70,211,-141
114000405,61,414,-353
114000423,34,301,-267
114000424,193,106,87
114000425,84,448,-364
114000426,85,125,-40
114000427,12,87,-75
114000428,98,20,78
114000429,4,103,-99
114000432,28,63,-35
114000434,7,55,-48
114000435,0,46,-46
114900001,37,895,-858
114900002,73,23,50
114900003,48,1299,-1251
114900004,39,51,-12
114900005,71,554,-483
114900006,18,6,12
114900007,26,3,23
114900008,21,16,5
114900010,1027,632,395
114900011,16,38,-22
114900013,6,22,-16
114900018,203,19,184
114900020,14,13,1
114900022,1,240,-239
114900025,116,89,27
114900026,12,9,3
114900029,20,16,4
114900030,43,82,-39
114900031,35,23,12
114900032,15,9,6
114900034,18,89,-71
114900035,61,103,-42
114900036,75,708,-633
114900039,149,478,-329
114900040,20,121,-101
114900041,99,533,-434
114900042,129,577,-448
114900044,3,13,-10
114900047,35,429,-394
114900048,4,117,-113
114900049,18,221,-203
114900050,8,379,-371
114900051,5,290,-285
114900052,32,53,-21
114900053,12,74,-62
114900054,14,62,-48
114900057,22,1,21
114900058,0,46,-46
114900059,17,11,6
114900063,23,132,-109
114900064,199,435,-236
114900065,38,233,-195
114900067,7,135,-128
114900068,19,174,-155
114900069,46,81,-35
114900070,93,393,-300
114900072,8,102,-94
114900073,2,92,-90
114900074,82,487,-405
114900075,35,0,35
114900076,1,181,-180
114900080,1875,177,1698
114900082,1621,638,983
114900083,67,241,-174
114900090,49,30,19
114900091,22,37,-15
114900097,13,0,13
114900098,1,143,-142
114900099,31,3,28
115000001,4977,2729,2248
115000002,1262,1151,111
115000003,1718,2110,-392
115000004,634,1689,-1055
115000005,465,1559,-1094
115000006,161,520,-359
115000007,23,52,-29
115000008,124,176,-52
115000009,55,170,-115
115000010,104,65,39
115000013,32,46,-14
115000015,43,50,-7
115000016,22,55,-33
115000019,9,132,-123
115000020,50,76,-26
115000021,125,167,-42
115000022,164,179,-15
115000023,71,80,-9
115000024,455,256,199
115000025,216,98,118
115000026,30,183,-153
115000027,60,82,-22
115000028,36,270,-234
115000029,67,48,19
115000030,43,376,-333
115000031,165,63,102
115000032,5,146,-141
115000033,24,5,19
115000034,72,351,-279
115000035,196,5,191
115000036,3,199,-196
115000037,67,4,63
115000038,19,105,-86
115000039,907,613,294
115000040,2717,1301,1416
115000041,315,612,-297
115000042,303,174,129
115000043,1125,812,313
115000044,1410,2093,-683
115000045,811,1666,-855
115000046,550,1018,-468
115000047,598,1028,-430
115000048,727,1798,-1071
115000049,557,1363,-806
115000050,801,707,94
115000051,634,507,127
115000052,1552,1011,541
115000053,442,423,19
115000054,404,708,-304
115000055,21,221,-200
115000056,45,54,-9
115000057,152,363,-211
115000058,76,75,1
115000059,20,199,-179
115000061,90,32,58
115000062,20,187,-167
115000063,19,179,-160
115000064,61,56,5
115000065,7,97,-90
115000067,51,13,38
115000069,4,156,-152
115000070,7,183,-176
115000071,92,3,89
115000072,22,16,6
115000073,542,36,506
115000075,8,42,-34
115000076,1432,1592,-160
115000077,391,2240,-1849
115000078,206,1110,-904
115000079,270,1431,-1161
115000080,518,1790,-1272
115000081,190,458,-268
115000082,859,1270,-411
115000083,519,1870,-1351
115000084,303,535,-232
115000085,166,653,-487
115000086,130,584,-454
115000087,201,697,-496
115000088,485,346,139
115000089,824,863,-39
115000090,335,288,47
115000091,224,746,-522
115000092,190,185,5
115000093,150,1,149
115000094,4037,1812,2225
115000095,3340,1483,1857
115000096,262,1480,-1218
115000097,137,367,-230
115000098,188,406,-218
115000099,413,2050,-1637
115000100,193,254,-61
115000101,138,886,-748
115000102,86,72,14
115000103,154,599,-445
115000105,29,85,-56
115000106,75,93,-18
115000107,56,402,-346
115000108,1928,1480,448
115000109,2453,722,1731
115000110,304,304,0
115000111,202,554,-352
115000112,188,124,64
115000113,196,275,-79
115000114,468,259,209
115000116,1156,460,696
115000117,1414,409,1005
115000118,625,514,111
115000119,579,495,84
115000120,171,236,-65
115000121,738,284,454
115000122,989,228,761
115000123,419,340,79
115000124,263,286,-23
115000125,83,293,-210
115000126,51,80,-29
115000127,93,60,33
115000128,540,278,262
115000129,59,78,-19
115000130,65,497,-432
115000131,75,116,-41
115000132,51,313,-262
115000133,69,159,-90
115000134,20,127,-107
115000135,19,107,-88
115000136,48,71,-23
115000137,14,94,-80
115000138,40,93,-53
115000139,80,118,-38
115000140,40,85,-45
115000141,61,130,-69
115000142,43,150,-107
115000143,89,226,-137
115000144,108,37,71
115000145,52,343,-291
115000146,53,95,-42
115000147,59,329,-270
115000148,93,594,-501
115000149,108,69,39
115000150,153,539,-386
115000151,114,122,-8
115000152,191,790,-599
115000153,163,116,47
115000154,113,138,-25
115000155,172,563,-391
115000156,207,192,15
115000157,259,308,-49
115000158,60,90,-30
115000159,217,93,124
115000160,167,77,90
115000161,68,175,-107
115000162,159,155,4
115000163,377,238,139
115000164,181,205,-24
115000165,73,93,-20
115000167,17,32,-15
115000168,146,95,51
115000169,140,180,-40
115000170,49,81,-32
115000171,109,86,23
115000172,898,172,726
115000173,108,85,23
115000174,29,83,-54
115000175,66,102,-36
115000176,28,20,8
115000177,25,44,-19
115000178,4,159,-155
115000179,24,7,17
115000180,24,347,-323
115000181,96,33,63
115000182,136,138,-2
115000183,63,461,-398
115000186,154,97,57
115000187,23,305,-282
115000188,187,208,-21
115000189,66,207,-141
115000190,245,115,130
115000191,72,130,-58
115000194,46,73,-27
115000195,85,76,9
115000196,23,56,-33
115000197,30,336,-306
115000198,52,132,-80
115000199,30,188,-158
115000200,63,51,12
115000201,16,230,-214
115000206,80,18,62
115000207,16,144,-128
115000208,282,307,-25
115000209,98,56,42
115000210,58,39,19
115000211,72,87,-15
115000212,762,137,625
115000224,13,18,-5
115000225,43,28,15
115000229,93,55,38
115000230,14,211,-197
115000231,139,1658,-1519
115000232,314,192,122
115000233,11,103,-92
115000234,10,133,-123
115000241,23,81,-58
115000242,10,121,-111
115000243,12,114,-102
115000244,0,63,-63
115000246,12,3,9
115000247,5,3,2
115000248,8,3,5
115000249,2,5,-3
115000250,42,26,16
115000251,20,38,-18
115000252,1,48,-47
115000253,5,43,-38
115000258,24,80,-56
115000259,57,50,7
115000261,6,12,-6
115000262,1,10,-9
115000263,3,23,-20
115000264,6,14,-8
115000267,11,25,-14
115000268,8,24,-16
115000269,10,19,-9
115000270,4,2,2
115000272,8,70,-62
115000273,58,7,51
115000280,1687,29,1658
115000281,460,32,428
115000282,295,87,208
115000284,174,62,112
115000296,103,1,102
115000297,100,11,89
115000298,112,36,76
115000300,58,92,-34
115000302,57,66,-9
115000303,70,52,18
115000304,118,39,79
115000305,11,591,-580
115000306,15,364,-349
115000307,8,203,-195
115000308,34,5,29
115000310,204,788,-584
115000311,99,721,-622
115000313,65,352,-287
115000314,57,31,26
115000315,488,115,373
115000316,7,27,-20
115000317,48,303,-255
115000318,122,90,32
115000319,15,182,-167
115000320,0,58,-58
115000321,67,4,63
115000322,13,174,-161
115000449,130,31,99
115000557,21,142,-121
115000558,64,37,27
115000587,97,98,-1
115000588,968,2187,-1219
115000589,1173,1210,-37
115000590,272,813,-541
115000591,293,302,-9
115000592,224,694,-470
115000593,438,127,311
115000594,216,637,-421
115000609,70,68,2
115000617,485,357,128
115000624,34,61,-27
115000633,120,649,-529
115000634,849,271,578
115000635,74,50,24
115000638,733,273,460
115000641,33,24,9
115000642,156,70,86
115000643,16,169,-153
115000644,38,149,-111
115000646,187,320,-133
115000647,58,184,-126
115000648,250,655,-405
115000893,1415,316,1099
115000894,21,492,-471
115000895,182,424,-242
115000896,511,132,379
115000897,156,24,132
115000898,215,43,172
115000899,470,319,151
115000900,48,140,-92
115000901,35,35,0
115000912,53,17,36
115000913,1,24,-23
115000915,5,0,5
115000916,0,1,-1
115000917,0,0,0
115000918,33,28,5
115000919,14,2,12
115000920,4,9,-5
115000921,543,13,530
115000922,457,158,299
115000923,165,362,-197
115000925,9,35,-26
115000927,3,10,-7
115000933,141,40,101
115000934,15,109,-94
115000935,17,42,-25
115000936,13,71,-58
115000937,700,39,661
115000938,85,45,40
115000939,140,51,89
115000940,1,1,0
115000941,6,2,4
115000942,7,8,-1
115000943,28,10,18
115000944,9,3,6
115900001,8,65,-57
115900002,48,63,-15
115900003,11,44,-33
115900004,0,30,-30
115900005,20,1,19
115900006,4,207,-203
115900008,4,7,-3
115900009,12,139,-127
115900010,24,97,-73
115900011,32,150,-118
115900012,12,58,-46
115900013,126,35,91
115900014,12,102,-90
115900015,6,99,-93
115900016,7,15,-8
115900017,0,0,0
115900018,69,31,38
115900019,76,3,73
115900020,1,0,1
115900021,816,37,779
115900022,1248,2,1246
115900023,0,0,0
115900025,20,33,-13
115900026,261,249,12
115900027,0,196,-196
115900028,157,20,137
115900029,6,252,-246
115900030,30,4,26
115900031,72,23,49
115900032,56,227,-171
115900033,0,22,-22
115900034,7,362,-355
115900035,3,8,-5
115900036,63,94,-31
115900037,9,303,-294
115900038,2,0,2
115900039,12,168,-156
115900041,53,88,-35
115900042,3,1,2
115900043,7,92,-85
115900044,61,30,31
115900046,73,157,-84
115900047,22,9,13
115900049,33,82,-49
115900051,0,35,-35
115900052,8,356,-348
115900053,21,156,-135
115900054,25,34,-9
115900055,6,185,-179
115900056,17,163,-146
115900057,5,0,5
115900058,31,68,-37
115900060,9,40,-31
115900061,12,0,12
115900062,2,213,-211
115900063,11,4,7
115900064,53,69,-16
115900065,8,75,-67
115900066,60,99,-39
115900067,4,422,-418
115900068,2842,88,2754
115900069,19,67,-48
115900070,53,117,-64
115900071,2,363,-361
115900072,24,220,-196
115900073,6,7,-1
115900074,1,299,-298
115900075,14,185,-171
115900076,1,77,-76
115900077,3,276,-273
115900078,17,69,-52
115900079,15,3,12
115900080,120,73,47
115900081,5,64,-59
115900082,99,54,45
115900084,23,3,20
115900085,16,14,2
115900086,628,151,477
115900088,1,15,-14
115900089,75,592,-517
115900090,14,11,3
115900091,0,5,-5
115900092,12,162,-150
115900093,1,15,-14
115900094,0,337,-337
115900096,0,7,-7
115900097,12,408,-396
115900098,19,240,-221
115900099,1,88,-87
115900100,1,311,-310
115900101,11,226,-215
115900102,4,43,-39
115900103,19,132,-113
115900104,6,91,-85
115900105,26,414,-388
115900106,12,7,5
115900107,7,192,-185
115900108,16,14,2
115900109,14,216,-202
115900110,0,2,-2
115900111,1,49,-48
115900112,15,390,-375
115900113,5,2,3
115900114,0,121,-121
115900115,6,25,-19
115900116,20,527,-507
115900117,0,4,-4
115900118,1,310,-309
115900119,14,30,-16
115900120,1,165,-164
115900121,22,133,-111
115900124,42,79,-37
115900125,49,11,38
115900126,85,18,67
115900127,92,5,87
115900128,6,47,-41
115900129,108,7,101
115900130,0,84,-84
115900131,11,4,7
115900132,55,4,51
115900134,27,6,21
115900135,224,136,88
115900137,3,1,2
115900139,20,2,18
115900140,20,2,18
115900141,1,5,-4
115900142,1,1,0
115900143,10,72,-62
115900144,7,67,-60
115900146,2,115,-113
115900147,53,21,32
115900148,1,15,-14
115900149,8,20,-12
115900150,6,68,-62
115900151,1,30,-29
115900152,6,214,-208
115900153,4,86,-82
115900154,187,106,81
115900155,0,47,-47
115900156,128,221,-93
115900157,12,111,-99
115900158,10,4,6
115900159,10,82,-72
115900160,3,6,-3
115900161,2,48,-46
115900163,32,45,-13
115900164,36,1,35
115900166,61,83,-22
115900168,9,43,-34
115900171,13,126,-113
115900172,7,56,-49
115900173,27,62,-35
115900174,113,85,28
115900175,14,62,-48
115900178,4,407,-403
115900179,43,8,35
115900180,4,245,-241
115900181,24,149,-125
115900182,63,174,-111
115900183,7,0,7
115900184,226,3,223
115900187,0,82,-82
115900189,0,10,-10
115900190,117,70,47
115900191,12,251,-239
115900192,4,31,-27
115900193,17,13,4
115900194,70,16,54
115900195,78,152,-74
115900198,31,81,-50
115900199,34,116,-82
115900200,49,86,-37
115900201,39,126,-87
115900202,1,0,1
115900203,0,1,-1
115900204,0,0,0
115900205,4,2,2
115900206,15,32,-17
115900207,4,14,-10
115900208,12,232,-220
115900209,1,114,-113
115900210,1,105,-104
115900211,1,124,-123
115900212,28,97,-69
115900213,8,9,-1
115900214,68,26,42
115900215,6,5,1
115900216,2,81,-79
115900217,2,54,-52
115900218,0,27,-27
115900219,19,0,19
115900220,6,10,-4
115900221,13,6,7
115900222,1,0,1
115900223,0,17,-17
115900224,902,81,821
115900225,43,11,32
115900226,6,13,-7
115900227,8,15,-7
115900228,0,13,-13
115900229,2,50,-48
115900230,13,32,-19
115900231,41,0,41
115900232,24,0,24
115900233,10,0,10
115900234,13,7,6
115900235,1,8,-7
115900236,5,8,-3
115900237,0,36,-36
115900238,5,15,-10
115900239,0,13,-13
115900240,0,33,-33
115900241,39,12,27
115900242,56,50,6
115900243,1,0,1
115900244,3,3,0
115900245,4,10,-6
115900246,2,0,2
115900247,7,0,7
115900248,4,0,4
115900249,0,4,-4
115900250,0,0,0
115900251,0,2,-2
115900252,0,0,0
115900253,1,4,-3
115900254,3,20,-17
115900255,0,5,-5
115900256,14,8,6
115900257,0,1,-1
115900258,0,0,0
115900259,1,3,-2
115900260,5,1,4
115900261,1,2,-1
115900262,2,1,1
115900263,3,2,1
115900264,1,4,-3
115900265,3,1,2
115900266,0,2,-2
115900267,0,2,-2
115900268,1,3,-2
115900269,59,138,-79
115900270,62,424,-362
115900271,4,1,3
115900272,0,0,0
115900273,1,2,-1
115900274,2,7,-5
115900275,0,15,-15
115900276,0,41,-41
115900277,0,106,-106
115900278,5,24,-19
115900279,0,22,-22
115900280,6,33,-27
115900281,290,37,253
115900282,12,0,12
115900283,0,3,-3
115900284,2,2,0
116000001,8046,1757,6289
116000002,911,1143,-232
116000003,652,912,-260
116000004,459,551,-92
116000005,778,1098,-320
116000006,446,390,56
116000007,1462,1938,-476
116000008,912,526,386
116000009,632,1262,-630
116000010,385,292,93
116000011,302,895,-593
116000012,244,240,4
116000013,7575,1844,5731
116000014,10122,1911,8211
116000015,138,196,-58
116000016,2614,393,2221
116000017,5,134,-129
116000018,125,189,-64
116000019,169,113,56
116000020,131,645,-514
116000021,48,109,-61
116000022,91,214,-123
116000023,174,194,-20
116000024,260,705,-445
116000025,195,168,27
116000026,491,1041,-550
116000027,126,195,-69
116000028,129,164,-35
116000029,383,236,147
116000030,93,70,23
116000031,43,75,-32
116000032,35,95,-60
116000033,74,154,-80
116000034,91,356,-265
116000035,46,194,-148
116000036,472,106,366
116000037,218,156,62
116000038,215,91,124
116000039,338,138,200
116000040,281,57,224
116000041,137,247,-110
116000042,146,96,50
116000043,20,181,-161
116000044,7,69,-62
116000045,354,251,103
116000046,388,536,-148
116000047,795,796,-1
116000048,786,366,420
116000049,210,535,-325
116000050,352,641,-289
116000051,575,549,26
116000052,1089,1377,-288
116000053,415,493,-78
116000054,198,1177,-979
116000055,145,783,-638
116000056,135,389,-254
116000057,1059,905,154
116000058,1040,652,388
116000059,691,1130,-439
116000060,1468,312,1156
116000061,170,401,-231
116000062,212,107,105
116000063,113,489,-376
116000066,55,105,-50
116000067,135,284,-149
116000068,39,82,-43
116000069,66,214,-148
116000078,54,355,-301
116000080,298,453,-155
116000082,0,52,-52
116000083,429,140,289
116000084,745,1828,-1083
116000085,694,317,377
116000086,1014,771,243
116000087,410,359,51
116000088,313,500,-187
116000089,37,48,-11
116000090,50,56,-6
116000091,41,51,-10
116000093,256,204,52
116000094,66,350,-284
116000095,171,250,-79
116000096,142,518,-376
116000097,139,382,-243
116000098,118,1220,-1102
116000099,4369,173,4196
116000100,18,5,13
116000101,136,795,-659
116000102,70,747,-677
116000103,85,125,-40
116000104,28,839,-811
116000105,167,119,48
116000106,96,781,-685
116000107,275,302,-27
116000108,6,104,-98
116000111,18,15,3
116000113,32,11,21
116000114,17,82,-65
116000115,28,14,14
116000116,56,315,-259
116000117,259,601,-342
116000118,390,743,-353
116000119,379,556,-177
116000120,755,2227,-1472
116000121,221,149,72
116000122,400,1496,-1096
116000123,112,149,-37
116000124,92,644,-552
116000125,301,220,81
116000126,73,704,-631
116000127,346,747,-401
116000128,305,276,29
116000129,114,95,19
116000130,73,64,9
116000133,121,463,-342
116000134,378,1607,-1229
116000135,327,504,-177
116000136,279,1240,-961
116000137,146,212,-66
116000138,474,135,339
116000139,637,1021,-384
116000140,45,117,-72
116000141,93,568,-475
116000142,1829,2058,-229
116000143,940,633,307
116000144,453,1531,-1078
116000145,545,678,-133
116000146,89,180,-91
116000147,64,41,23
116000148,68,157,-89
116000149,87,373,-286
116000151,174,546,-372
116000153,12,150,-138
116000155,60,78,-18
116000156,282,351,-69
116000157,6,9,-3
116000158,32,181,-149
116000159,5,0,5
116000160,1,52,-51
116000161,6,27,-21
116000162,4,9,-5
116000163,1,5,-4
116000164,5,4,1
116000177,8,42,-34
116000194,12,146,-134
116000195,368,287,81
116000196,0,2,-2
116000197,5,1,4
116000198,735,375,360
116000200,267,154,113
116000201,158,263,-105
116000202,4,160,-156
116000203,2,31,-29
116000204,2,19,-17
116000205,0,84,-84
116000206,2,49,-47
116000207,2,16,-14
116000233,36,379,-343
116000287,18,407,-389
116000288,31,127,-96
116000292,2,103,-101
116000296,9,121,-112
116000297,15,18,-3
116000304,18,16,2
116000305,8,47,-39
116000346,19,89,-70
116000352,11,20,-9
116000354,3,0,3
116000357,0,0,0
116000358,26,1,25
116000361,327,0,327
116000372,4744,661,4083
116000381,21,1,20
116000388,0,30,-30
116000389,163,226,-63
116000445,59,488,-429
116000446,67,501,-434
116000447,2,163,-161
116000448,251,136,115
116000563,273,196,77
116000565,42,218,-176
116000568,13,21,-8
116000579,1,49,-48
116000583,18,57,-39
116000584,5,8,-3
116000585,4,12,-8
116000586,89,13,76
116000587,39,168,-129
116000589,14,64,-50
116000590,12,15,-3
116000591,17,200,-183
116000592,0,95,-95
116000593,0,29,-29
116000594,78,349,-271
116000595,84,77,7
116000596,2,0,2
116000597,37,29,8
116000598,0,82,-82
116000605,48,67,-19
116000606,9,53,-44
116000607,2,16,-14
116000609,65,200,-135
116000611,10,334,-324
116000612,228,960,-732
116000613,89,159,-70
116000614,185,503,-318
116000615,1,61,-60
116000616,4,52,-48
116000617,12,59,-47
116000618,1,84,-83
116000619,3,27,-24
116000620,14,131,-117
116000621,7,29,-22
116000622,7,55,-48
116000624,6,29,-23
116000627,7,66,-59
116000628,11,315,-304
116000629,7,207,-200
116000630,29,30,-1
116000631,12,18,-6
116000632,56,74,-18
116000633,32,248,-216
116000634,75,167,-92
116000635,1159,518,641
116000636,501,474,27
116000637,52,90,-38
116000638,30,320,-290
116000639,10,2,8
116000640,6,4,2
116000641,25,120,-95
116000643,0,81,-81
116000644,5,712,-707
116000645,4,12,-8
116900001,24,47,-23
116900002,97,1,96
116900003,0,36,-36
116900004,11,5,6
116900005,41,31,10
116900006,55,67,-12
116900007,21,48,-27
116900008,76,346,-270
116900009,0,0,0
116900010,97,1246,-1149
116900011,1,5,-4
116900012,19,87,-68
116900013,4,92,-88
116900014,11,334,-323
116900015,43,31,12
116900016,9,0,9
116900017,2,510,-508
116900018,13,25,-12
116900019,2,213,-211
116900020,694,74,620
116900023,10,3,7
116900024,58,56,2
116900025,147,648,-501
116900026,36,346,-310
116900027,0,13,-13
116900028,3,59,-56
116900029,0,2,-2
116900031,0,4,-4
116900032,1,232,-231
116900033,3,0,3
116900034,3,56,-53
116900035,28,103,-75
116900036,1,47,-46
116900038,0,1,-1
116900041,0,3,-3
116900042,393,63,330
116900043,22,34,-12
116900047,47,21,26
116900049,9,143,-134
116900050,21,145,-124
116900051,9,77,-68
116900052,42,36,6
116900055,0,2,-2
116900057,8,201,-193
116900058,6,192,-186
116900059,0,55,-55
116900060,41,147,-106
116900062,0,1,-1
116900064,21,616,-595
116900065,0,33,-33
116900067,19,48,-29
116900068,69,505,-436
116900070,3,1,2
116900072,2,308,-306
116900073,6,90,-84
116900074,2,12,-10
116900076,0,4,-4
116900077,6,121,-115
116900078,95,83,12
116900079,2,208,-206
116900080,0,4,-4
116900081,44,628,-584
116900082,56,656,-600
116900083,3,50,-47
116900084,63,16,47
116900085,3,78,-75
116900086,32,208,-176
116900088,150,25,125
116900090,54,23,31
116900091,19,38,-19
116900092,21,363,-342
116900093,516,599,-83
116900094,3352,759,2593
116900095,33,105,-72
116900096,28,29,-1
116900097,1413,386,1027
116900098,398,31,367
116900099,134,120,14
116900100,100,0,100
116900101,81,439,-358
116900103,0,1,-1
116900104,7,40,-33
116900105,87,8,79
116900106,115,2,113
116900107,1914,391,1523
116900110,2,0,2
116900111,81,561,-480
116900112,42,357,-315
116900113,1107,264,843
116900116,29,42,-13
116900117,4,44,-40
116900118,418,144,274
116900120,33,49,-16
116900121,9,7,2
116900122,85,468,-383
116900123,18,416,-398
116900124,23,387,-364
116900125,45,93,-48
116900126,57,167,-110
116900128,0,13,-13
116900129,0,120,-120
116900130,511,732,-221
116900131,4,81,-77
116900132,7,36,-29
116900133,13,41,-28
116900134,18,104,-86
116900136,35,67,-32
116900137,102,83,19
116900138,52,97,-45
116900139,13,117,-104
116900140,39,67,-28
116900141,134,62,72
116900142,1,2,-1
116900143,58,163,-105
116900144,0,4,-4
116900145,8,131,-123
116900147,347,129,218
116900148,1,7,-6
116900149,3,24,-21
116900150,0,1,-1
116900151,21,3,18
116900153,12,22,-10
116900154,62,47,15
116900155,5,24,-19
116900157,48,161,-113
116900158,20,23,-3
116900159,7,89,-82
116900160,178,86,92
116900161,5056,1111,3945
116900162,0,54,-54
116900163,17,62,-45
116900164,12,20,-8
116900165,57,36,21
116900166,5,69,-64
116900167,67,30,37
116900168,37,26,11
116900169,275,52,223
116900170,46,108,-62
116900171,30,150,-120
116900172,48,27,21
116900173,19,23,-4
116900174,3,11,-8
116900175,45,21,24
116900178,5,131,-126
116900179,25,17,8
116900180,9,13,-4
116900182,48,71,-23
116900183,12,29,-17
116900185,5,4,1
116900186,17,195,-178
116900187,4,1,3
116900188,18,6,12
116900189,3,0,3
116900191,59,117,-58
116900192,20,43,-23
116900194,7,178,-171
116900195,3,6,-3
116900196,2,80,-78
116900197,5,2,3
116900198,110,22,88
116900200,8,16,-8
116900201,10,1,9
116900202,24,39,-15
116900203,12,1,11
116900204,14,22,-8
116900206,3,45,-42
116900207,0,26,-26
116900208,2,88,-86
116900209,2,62,-60
116900210,51,88,-37
116900211,40,1,39
116900212,3,45,-42
116900213,30,77,-47
116900214,18,59,-41
116900215,6,40,-34
116900216,37,160,-123
116900218,1,133,-132
116900219,248,262,-14
116900220,36,95,-59
116900221,12,133,-121
116900222,93,125,-32
116900223,7,70,-63
116900226,2,54,-52
116900227,21,28,-7
116900228,46,191,-145
116900230,9,197,-188
116900231,0,297,-297
116900232,0,323,-323
116900233,34,22,12
116900234,0,0,0
116900235,77,198,-121
116900238,586,147,439
116900239,31,234,-203
116900240,2918,620,2298
116900241,7,88,-81
116900242,658,92,566
116900243,0,21,-21
116900245,10,3,7
116900246,6,4,2
116900247,82,15,67
116900248,5,5,0
116900249,42,59,-17
116900250,39,36,3
116900251,217,67,150
116900252,13,515,-502
116900254,0,32,-32
116900255,25,10,15
116900256,70,33,37
116900257,7,400,-393
116900258,2,225,-223
116900259,6,3,3
116900260,0,84,-84
116900261,13,3,10
116900262,57,70,-13
116900263,0,4,-4
116900264,6,6,0
116900265,4,0,4
116900266,0,17,-17
116900267,1,2,-1
116900268,9,3,6
116900269,118,227,-109
116900271,848,12,836
116900272,151,234,-83
116900273,120,11,109
116900274,14,43,-29
116900275,12,66,-54
116900276,70,19,51
116900277,142,1,141
116900278,0,7,-7
116900279,0,9,-9
116900280,0,8,-8
116900281,3571,617,2954
116900282,0,89,-89
116900283,1,103,-102
116900284,7,120,-113
116900285,118,30,88
116900286,47,2,45
116900287,1,37,-36
116900288,11,86,-75
116900289,0,12,-12
116900290,1,15,-14
116900291,1,1,0
116900292,0,2,-2
116900293,1,53,-52
116900294,7,36,-29
116900295,78,29,49
116900296,13,26,-13
116900297,2,9,-7
116900298,35,17,18
116900299,0,14,-14
116900300,0,35,-35
116900301,7,50,-43
116900302,12,10,2
116900303,133,14,119
116900304,0,37,-37
116900305,9,16,-7
116900306,8,111,-103
116900307,11,1,10
116900308,1,154,-153
116900309,5,71,-66
116900310,2,46,-44
116900311,0,42,-42
117000001,420,410,10
117000002,649,2146,-1497
117000003,1510,758,752
117000004,1242,2307,-1065
117000005,472,464,8
117000006,331,2241,-1910
117000007,644,496,148
117000008,525,1950,-1425
117000009,984,426,558
117000010,814,1673,-859
117000011,390,701,-311
117000012,363,1166,-803
117000013,397,558,-161
117000014,288,1109,-821
117000015,1158,460,698
117000016,246,38,208
117000017,255,80,175
117000018,72,145,-73
117000019,66,1,65
117000020,373,406,-33
117000021,1406,229,1177
117000022,155,30,125
117000023,269,63,206
117000024,202,31,171
117000025,412,273,139
117000026,1228,368,860
117000027,757,584,173
117000028,337,235,102
117000030,217,313,-96
117000031,152,83,69
117000032,848,749,99
117000033,568,405,163
117000034,94,182,-88
117000035,76,98,-22
117000036,115,148,-33
117000037,95,93,2
117000038,49,148,-99
117000039,95,117,-22
117000040,31,797,-766
117000041,172,35,137
117000044,11,699,-688
117000045,119,30,89
117000046,158,595,-437
117000047,149,218,-69
117000048,752,614,138
117000049,32,148,-116
117000050,17,1486,-1469
117000051,435,80,355
117000052,2,442,-440
117000053,47,30,17
117000054,389,0,389
117000055,90,2013,-1923
117000056,77,2,75
117000057,252,1144,-892
117000060,111,1100,-989
117000061,384,307,77
117000062,69,251,-182
117000063,218,217,1
117000064,321,378,-57
117000066,290,168,122
117000067,35,126,-91
117000074,7,22,-15
117000076,6,26,-20
117000077,37,30,7
117000078,34,274,-240
117000079,35,42,-7
117000080,0,191,-191
117000081,155,49,106
117000082,28,30,-2
117000083,112,46,66
117000084,47,1,46
117000085,34,160,-126
117000086,358,454,-96
117000087,38,245,-207
117000088,93,70,23
117000089,455,125,330
117000090,76,1147,-1071
117000091,113,119,-6
117000092,136,1296,-1160
117000093,190,162,28
117000094,197,1588,-1391
117000095,461,230,231
117000096,181,1664,-1483
117000097,226,341,-115
117000098,1258,3692,-2434
117000099,653,240,413
117000100,32,29,3
117000101,83,775,-692
117000102,231,171,60
117000103,243,1162,-919
117000104,233,115,118
117000105,196,1353,-1157
117000106,173,199,-26
117000107,177,1602,-1425
117000108,263,239,24
117000109,711,1962,-1251
117000110,289,206,83
117000111,1181,1996,-815
117000112,803,768,35
117000113,26,226,-200
117000114,43,20,23
117000115,10,114,-104
117000116,19,60,-41
117000117,365,96,269
117000118,112,126,-14
117000119,72,12,60
117000120,58,12,46
117000121,7,81,-74
117000122,194,237,-43
117000123,414,4,410
117000124,58,19,39
117000125,127,16,111
117000126,15,48,-33
117000127,90,126,-36
117000128,128,144,-16
117000129,272,187,85
117000130,24,0,24
117000131,0,176,-176
117000132,259,30,229
117000133,253,13,240
117000134,0,33,-33
117000135,7,24,-17
117000136,0,47,-47
117000137,15,12,3
117000138,1,214,-213
117000140,125,1126,-1001
117000141,198,183,15
117000181,538,149,389
117000182,113,46,67
117000195,39,779,-740
117000196,8,12,-4
117000225,61,4,57
117000226,2,39,-37
117000276,55,2,53
117000277,2,392,-390
117000310,1072,951,121
117000315,23,217,-194
117000320,38,0,38
117000906,42,0,42
117000907,2,271,-269
117000909,30,11,19
117000910,92,38,54
117000911,24,106,-82
117000915,4,484,-480
117000916,2,2,0
117000917,108,5,103
117000918,7,12,-5
117000919,4,60,-56
117000920,0,977,-977
117000921,3,1712,-1709
117000922,9,22,-13
117000924,115,180,-65
117000926,634,74,560
117000927,240,118,122
117000928,0,192,-192
117000929,48,402,-354
117000930,42,10,32
117000931,194,30,164
117900002,42,109,-67
117900003,238,71,167
117900005,2,3,-1
117900006,0,13,-13
117900007,14,112,-98
117900008,0,36,-36
117900010,63,64,-1
117900011,8,4,4
117900012,2,115,-113
117900013,1,193,-192
117900014,230,194,36
117900015,6,168,-162
117900016,572,131,441
117900017,156,348,-192
117900018,115,25,90
117900019,93,350,-257
117900020,20,50,-30
117900021,3,67,-64
117900023,275,31,244
117900024,17,99,-82
117900025,2,4,-2
117900026,63,251,-188
117900028,16,10,6
117900029,25,644,-619
117900031,40,21,19
117900032,118,71,47
117900033,35,594,-559
117900034,21,22,-1
117900035,43,19,24
117900036,62,494,-432
117900037,6,46,-40
117900038,6,328,-322
117900039,1,40,-39
117900040,30,333,-303
117900041,6,43,-37
117900042,2884,198,2686
117900043,7,30,-23
117900044,5,879,-874
117900045,36,55,-19
117900048,42,205,-163
117900049,17,463,-446
117900050,3,28,-25
117900051,6,0,6
117900052,32,92,-60
117900053,220,326,-106
117900054,0,6,-6
117900055,52,46,6
117900056,54,16,38
117900057,260,560,-300
117900058,25,9,16
117900059,130,16,114
117900060,117,2368,-2251
117900061,4,47,-43
117900063,45,120,-75
117900065,199,535,-336
117900066,2,20,-18
117900067,116,188,-72
117900069,138,278,-140
117900070,50,2,48
117900071,30,46,-16
117900073,63,246,-183
117900074,28,0,28
117900075,3,45,-42
117900076,16,39,-23
117900077,40,54,-14
117900078,87,134,-47
117900080,52,20,32
117900081,196,269,-73
117900082,76,60,16
117900083,65,489,-424
117900086,26,6,20
117900087,6,25,-19
117900088,772,766,6
117900089,322,73,249
117900090,93,540,-447
117900091,53,41,12
117900092,5,29,-24
117900093,16,23,-7
117900094,11,1,10
117900095,88,682,-594
117900096,13,80,-67
117900097,27,30,-3
117900098,1,0,1
117900099,16,252,-236
117900100,22,0,22
117900101,178,298,-120
117900102,5,18,-13
117900103,4,0,4
117900104,3,102,-99
117900105,26,80,-54
117900106,22,16,6
117900107,1,0,1
117900109,58,83,-25
117900110,3,0,3
117900111,64,3,61
117900112,21,3,18
117900113,1727,455,1272
117900114,2,0,2
117900115,22,5,17
117900116,405,296,109
117900117,98,119,-21
117900118,5,0,5
117900119,25,205,-180
117900120,14,39,-25
117900121,3,25,-22
117900122,338,374,-36
117900123,124,481,-357
117900124,102,221,-119
117900125,309,245,64
117900126,134,372,-238
117900127,73,338,-265
117900128,42,562,-520
117900129,8,0,8
117900130,204,133,71
117900131,0,31,-31
117900132,1,41,-40
117900133,0,58,-58
117900134,6,106,-100
117900135,9,164,-155
117900136,0,42,-42
117900137,10,178,-168
117900138,1,40,-39
117900139,12,64,-52
117900140,2774,16,2758
117900141,74,182,-108
117900142,18,1,17
117900144,22,35,-13
117900145,25,7,18
117900146,68,38,30
117900147,4,8,-4
117900148,1296,376,920
117900149,5,60,-55
117900150,7,54,-47
117900151,8,93,-85
117900152,66,47,19
117900153,3,50,-47
117900154,103,312,-209
117900156,163,159,4
117900157,12,122,-110
117900158,20,24,-4
117900160,80,88,-8
117900161,716,1382,-666
117900162,104,121,-17
117900163,20,12,8
117900165,0,3,-3
117900166,17,35,-18
117900168,55,53,2
117900169,0,75,-75
117900170,0,10,-10
117900171,0,4,-4
117900172,6,28,-22
117900173,46,16,30
117900174,8,20,-12
117900175,0,15,-15
117900176,1,24,-23
117900177,7,34,-27
117900178,32,11,21
117900180,102,14,88
117900181,52,55,-3
117900182,1,8,-7
117900183,7,58,-51
117900184,0,8,-8
117900185,5,5,0
117900186,1,3,-2
117900187,1,1,0
117900188,34,2,32
117900189,36,5,31
117900190,1,0,1
117900191,8,0,8
117900192,16,0,16
117900193,0,11,-11
117900194,0,7,-7
117900195,3,5,-2
117900196,3,10,-7
117900207,25,29,-4
117900208,6,15,-9
117900209,42,42,0
117900210,20,53,-33
117900211,9,84,-75
117900212,17,71,-54
117900213,0,1,-1
117900214,0,24,-24
117900215,6,51,-45
117900216,20,40,-20
117900217,24,17,7
117900218,83,35,48
117900219,0,23,-23
117900220,16,27,-11
117900222,52,114,-62
117900223,50,62,-12
118000001,169,143,26
118000002,433,654,-221
118000003,622,396,226
118000004,1094,746,348
118000005,1226,518,708
118000006,2194,1932,262
118000007,1657,623,1034
118000008,1190,782,408
118000009,985,1179,-194
118000010,1238,1486,-248
118000011,202,1203,-1001
118000012,302,1270,-968
118000013,1545,1123,422
118000014,723,1757,-1034
118000016,110,280,-170
118000017,82,140,-58
118000018,60,293,-233
118000019,596,579,17
118000020,278,409,-131
118000021,322,615,-293
118000022,707,239,468
118000023,426,135,291
118000024,467,266,201
118000027,5097,1537,3560
118000029,366,224,142
118000032,197,577,-380
118000033,758,765,-7
118000034,1428,685,743
118000035,699,515,184
118000036,446,388,58
118000037,202,330,-128
118000038,61,63,-2
118000039,29,117,-88
118000040,520,1010,-490
118000041,609,629,-20
118000045,268,42,226
118000046,671,177,494
118000047,613,111,502
118000048,1024,363,661
118000051,425,175,250
118000052,238,120,118
118000053,87,73,14
118000054,566,246,320
118000055,426,515,-89
118000056,37,104,-67
118000057,57,110,-53
118000058,961,293,668
118000059,717,199,518
118000060,199,331,-132
118000061,171,408,-237
118000062,282,93,189
118000063,78,157,-79
118000064,222,354,-132
118000065,1532,434,1098
118000066,249,348,-99
118000067,630,277,353
118000068,445,998,-553
118000069,877,309,568
118000070,3107,545,2562
118000071,1212,1405,-193
118000072,647,336,311
118000073,814,143,671
118000074,138,166,-28
118000075,205,127,78
118000076,380,446,-66
118000077,514,388,126
118000078,777,778,-1
118000079,123,118,5
118000080,619,338,281
118000081,649,409,240
118000082,125,218,-93
118000083,946,309,637
118000084,894,681,213
118000086,56,263,-207
118000087,2296,880,1416
118000088,678,544,134
118000089,1698,1005,693
118000090,1206,661,545
118000091,403,544,-141
118000092,583,147,436
118000093,37,170,-133
118000096,143,173,-30
118000097,189,178,11
118000098,58,83,-25
118000099,124,396,-272
118000101,194,216,-22
118000102,131,701,-570
118000107,1679,89,1590
118000108,82,274,-192
118000110,1,9,-8
118000111,2,403,-401
118000112,61,1,60
118000113,3,689,-686
118000114,51,0,51
118000115,3,1,2
118000116,9,0,9
118000117,406,388,18
118000118,234,257,-23
118000119,285,397,-112
118000120,630,589,41
118000121,11,205,-194
118000122,241,34,207
118000123,17,97,-80
118000125,685,468,217
118000126,229,684,-455
118000127,464,171,293
118000128,305,373,-68
118000129,241,110,131
118000130,1369,1845,-476
118000131,210,390,-180
118000132,936,732,204
118000133,165,215,-50
118000135,85,82,3
118000136,27,219,-192
118000137,249,31,218
118000138,110,347,-237
118000139,53,41,12
118000140,702,1031,-329
118000141,415,661,-246
118000142,404,1007,-603
118000143,275,346,-71
118000144,622,355,267
118000145,449,1340,-891
118000146,257,781,-524
118000147,342,1037,-695
118000148,156,722,-566
118000149,173,639,-466
118000150,55,170,-115
118000151,58,184,-126
118000153,325,529,-204
118000154,265,914,-649
118000155,187,604,-417
118000156,854,808,46
118000157,144,197,-53
118000158,17,199,-182
118000159,3,20,-17
118000160,88,171,-83
118000161,69,403,-334
118000162,511,374,137
118000163,139,301,-162
118000164,1026,789,237
118000168,544,70,474
118000169,311,819,-508
118000170,1211,2599,-1388
118000171,122,266,-144
118000172,26,122,-96
118000173,377,473,-96
118000175,53,124,-71
118000176,73,124,-51
118000177,100,173,-73
118000178,25,18,7
118000179,695,194,501
118000180,251,422,-171
118000181,275,161,114
118000182,157,166,-9
118000183,74,91,-17
118000184,145,485,-340
118000185,371,242,129
118000186,171,268,-97
118000187,263,436,-173
118000188,67,109,-42
118000189,90,426,-336
118000190,0,8,-8
118000191,5,9,-4
118000192,19,14,5
118000193,5,59,-54
118000194,797,311,486
118000195,298,136,162
118000196,117,24,93
118000197,140,39,101
118000198,234,61,173
118000199,371,203,168
118000200,28,90,-62
118000201,139,76,63
118000202,4,9,-5
118000203,434,92,342
118000204,41,49,-8
118000205,115,87,28
118000206,20,36,-16
118000207,0,40,-40
118000208,424,637,-213
118000209,444,1140,-696
118000210,5,10,-5
118000211,3,16,-13
118000213,165,204,-39
118000214,252,81,171
118000215,133,25,108
118000216,313,983,-670
118000217,4,70,-66
118000218,18,37,-19
118000219,76,134,-58
118000220,0,7,-7
118000221,21,73,-52
118000222,26,11,15
118000223,3,12,-9
118000224,62,45,17
118000225,18,497,-479
118000226,139,31,108
118000227,413,89,324
118000228,26,34,-8
118000229,40,4,36
118000230,9,94,-85
118000231,4,98,-94
118000232,187,473,-286
118000233,187,348,-161
118000234,36,148,-112
118000236,39,278,-239
118000237,14,314,-300
118000238,45,171,-126
118000239,83,82,1
118000240,254,22,232
118000241,13,122,-109
118000242,29,287,-258
118000243,8,75,-67
118000244,28,131,-103
118000246,21,5,16
118000255,11,98,-87
118000256,38,137,-99
118000259,0,9,-9
118000260,22,17,5
118000261,2,53,-51
118000263,15,118,-103
118000266,45,260,-215
118000267,0,47,-47
118000268,83,3,80
118000270,7,8,-1
118000271,69,144,-75
118000272,10,13,-3
118000273,10,56,-46
118000274,52,144,-92
118000276,37,85,-48
118000295,2,29,-27
118000298,32,252,-220
118000299,13,95,-82
118000301,0,35,-35
118000302,13,51,-38
118000311,27,46,-19
118000312,30,135,-105
118000313,2,75,-73
118000314,12,43,-31
118000315,3,17,-14
118000316,134,213,-79
118000325,5,18,-13
118000326,0,22,-22
118000331,7,30,-23
118000332,4,15,-11
118000333,3,22,-19
118000335,19,0,19
118000336,0,184,-184
118000407,7,14,-7
118000457,1,5,-4
118000465,763,655,108
118000480,23,67,-44
118000489,11,37,-26
118000490,23,140,-117
118000492,97,94,3
118000510,23,6,17
118000514,41,145,-104
118000515,149,153,-4
118000517,119,54,65
118000524,274,116,158
118000525,218,384,-166
118000530,2,44,-42
118000531,31,70,-39
118000532,46,148,-102
118000533,112,67,45
118000534,196,157,39
118000535,28,40,-12
118000536,69,71,-2
118000537,8,16,-8
118000538,17,43,-26
118000539,3,7,-4
118000540,61,69,-8
118000541,44,51,-7
118000542,10,47,-37
118000543,23,47,-24
118000546,14,7,7
118000553,0,4,-4
118000557,0,0,0
118000560,1233,129,1104
118000562,0,153,-153
118000563,958,662,296
118000576,43,75,-32
118000577,83,80,3
118000578,72,71,1
118000579,434,278,156
118000583,0,0,0
118000595,38,28,10
118000596,0,31,-31
118000597,36,86,-50
118000598,3,0,3
118000599,7,10,-3
118000600,0,1,-1
118000601,0,0,0
118000602,1,2,-1
118000603,0,38,-38
118000605,13,356,-343
118000606,1,21,-20
118900001,403,175,228
118900002,493,159,334
118900003,9,5,4
118900004,8,39,-31
118900005,10,0,10
118900006,15,0,15
118900007,0,2,-2
118900008,278,11,267
118900009,9,2,7
118900010,4,0,4
118900011,9,0,9
118900012,74,89,-15
118900013,210,5,205
118900015,9,8,1
118900016,1,12,-11
118900017,15,22,-7
118900018,448,5,443
118900019,11,4,7
118900020,13,52,-39
118900021,31,176,-145
118900022,36,50,-14
118900023,35,31,4
118900024,7,65,-58
118900025,7,6,1
118900026,18,36,-18
118900027,139,45,94
118900028,26,78,-52
118900029,15,138,-123
118900030,15,19,-4
118900031,25,51,-26
118900032,12,53,-41
118900033,104,308,-204
118900034,1,3,-2
118900035,32,126,-94
118900036,162,322,-160
118900037,68,86,-18
118900038,34,194,-160
118900039,36,90,-54
118900040,12,45,-33
118900041,57,179,-122
118900042,22,37,-15
118900045,45,68,-23
118900046,219,56,163
118900047,384,63,321
118900048,34,33,1
118900049,10,11,-1
118900050,3,31,-28
118900051,41,17,24
118900052,44,61,-17
118900053,3,6,-3
118900054,9,37,-28
118900055,2,48,-46
118900056,1,24,-23
118900057,30,95,-65
118900058,60,98,-38
118900059,1,20,-19
118900060,3,98,-95
118900062,20,28,-8
118900064,133,109,24
118900065,3,32,-29
118900066,17,56,-39
118900067,3254,1185,2069
118900068,1,28,-27
118900069,76,136,-60
118900071,0,17,-17
118900072,76,97,-21
118900073,21,46,-25
118900074,9,27,-18
118900075,4,19,-15
118900076,64,22,42
118900077,27,38,-11
118900078,2,2,0
118900079,12,13,-1
118900080,2,21,-19
118900081,7,6,1
118900082,86,44,42
118900083,0,2,-2
118900084,1,3,-2
118900085,130,332,-202
118900086,5,15,-10
118900087,14,39,-25
118900088,0,4,-4
118900089,8,1,7
118900090,101,255,-154
118900091,41,42,-1
118900092,47,13,34
118900093,19,7,12
118900096,6,19,-13
118900097,62,562,-500
118900099,29,117,-88
118900100,27,43,-16
118900101,6,238,-232
118900102,3,35,-32
118900103,2,9,-7
118900104,14,59,-45
118900105,21,56,-35
118900107,28,46,-18
118900108,6,39,-33
118900110,334,55,279
118900111,82,212,-130
118900112,2,46,-44
118900113,60,260,-200
118900114,1,41,-40
118900115,9,114,-105
118900116,7,49,-42
118900117,10,93,-83
118900118,26,235,-209
118900119,35,207,-172
118900120,40,203,-163
118900121,1,106,-105
118900122,5,114,-109
118900123,47,128,-81
118900124,4,46,-42
118900126,0,84,-84
118900129,27,52,-25
118900130,5,8,-3
118900131,22,187,-165
118900132,24,40,-16
118900133,5,20,-15
118900135,40,87,-47
118900136,57,435,-378
118900137,1,4,-3
118900139,53,219,-166
118900140,126,599,-473
118900141,18,150,-132
118900144,26,380,-354
118900145,2,69,-67
118900146,31,365,-334
118900147,9,46,-37
118900148,7,23,-16
118900150,264,87,177
118900152,63,446,-383
118900157,28,39,-11
118900158,1,30,-29
118900159,0,98,-98
118900161,23,1,22
118900163,76,15,61
118900164,0,36,-36
118900165,1,111,-110
118900166,7,7,0
118900167,7,46,-39
118900168,5,15,-10
118900169,10,152,-142
118900170,10,31,-21
118900171,1,11,-10
118900174,13,19,-6
118900175,41,123,-82
118900176,11,56,-45
118900177,2,15,-13
118900178,7,26,-19
118900179,7,18,-11
118900181,13,27,-14
118900182,7,9,-2
118900183,2,13,-11
118900184,45,2,43
118900185,48,111,-63
118900186,14,42,-28
118900187,30,164,-134
118900188,29,162,-133
118900189,10,108,-98
118900190,6,274,-268
118900191,18,10,8
118900192,26,9,17
118900193,35,9,26
118900195,75,354,-279
118900196,5,94,-89
118900197,19,68,-49
118900198,2,20,-18
118900199,1,21,-20
118900200,2,3,-1
118900201,1,1,0
118900202,5,28,-23
118900203,2,11,-9
118900204,4,5,-1
118900205,0,9,-9
118900206,1,17,-16
119000001,363,357,6
119000002,776,808,-32
119000003,334,808,-474
119000004,565,521,44
119000005,393,608,-215
119000006,488,660,-172
119000007,815,1095,-280
119000008,506,995,-489
119000009,1028,861,167
119000010,3499,1785,1714
119000011,1581,520,1061
119000012,1210,1036,174
119000013,751,536,215
119000014,743,1367,-624
119000019,61,77,-16
119000020,369,587,-218
119000021,925,864,61
119000022,1307,449,858
119000023,64,56,8
119000024,657,1801,-1144
119000025,4536,444,4092
119000026,59,94,-35
119000027,69,101,-32
119000028,698,447,251
119000029,59,83,-24
119000030,117,442,-325
119000031,218,272,-54
119000032,826,636,190
119000033,329,476,-147
119000034,282,442,-160
119000035,8,123,-115
119000036,379,619,-240
119000037,271,1199,-928
119000038,26,549,-523
119000039,128,309,-181
119000040,327,140,187
119000041,393,399,-6
119000048,1568,2252,-684
119000049,440,2123,-1683
119000050,520,940,-420
119000051,656,419,237
119000052,1083,1112,-29
119000053,581,523,58
119000054,836,1752,-916
119000055,645,1647,-1002
119000056,564,946,-382
119000057,416,1136,-720
119000058,564,887,-323
119000059,216,613,-397
119000060,411,388,23
119000061,316,337,-21
119000062,351,673,-322
119000063,70,100,-30
119000064,483,551,-68
119000065,679,1390,-711
119000066,492,323,169
119000067,585,1142,-557
119000068,445,443,2
119000069,354,1005,-651
119000070,688,576,112
119000071,280,281,-1
119000072,2812,1533,1279
119000073,1843,1921,-78
119000074,226,1937,-1711
119000075,270,1165,-895
119000076,140,294,-154
119000077,220,180,40
119000078,142,262,-120
119000079,28,416,-388
119000080,75,86,-11
119000081,49,200,-151
119000082,103,109,-6
119000083,111,96,15
119000084,135,284,-149
119000085,254,250,4
119000086,103,190,-87
119000087,599,359,240
119000088,74,87,-13
119000089,42,94,-52
119000090,80,102,-22
119000091,101,129,-28
119000092,225,185,40
119000093,1747,1773,-26
119000094,637,1982,-1345
119000095,447,1584,-1137
119000097,1027,774,253
119000098,188,670,-482
119000099,655,693,-38
119000100,736,976,-240
119000101,874,924,-50
119000102,374,188,186
119000103,554,206,348
119000104,1453,650,803
119000105,155,267,-112
119000106,93,1070,-977
119000107,115,205,-90
119000108,59,855,-796
119000109,28,129,-101
119000110,113,141,-28
119000111,10,207,-197
119000112,68,72,-4
119000113,783,111,672
119000114,237,95,142
119000115,52,34,18
119000116,44,16,28
119000117,21,111,-90
119000118,0,0,0
119000123,1110,284,826
119000124,105,133,-28
119000125,555,568,-13
119000126,160,515,-355
119000127,64,508,-444
119000128,14,1,13
119000131,152,561,-409
119000132,1,1,0
119000133,0,3,-3
119000134,782,189,593
119000135,21,125,-104
119000136,30,206,-176
119000137,27,309,-282
119000138,60,219,-159
119000139,26,154,-128
119000140,30,96,-66
119000284,577,1080,-503
119000285,1086,989,97
119000286,1973,1503,470
119000287,479,963,-484
119000288,550,770,-220
119000289,864,1550,-686
119000290,44,205,-161
119000291,28,197,-169
119000293,155,110,45
119000294,26,14,12
119000295,844,186,658
119000296,105,92,13
119000302,2627,604,2023
119000303,7,29,-22
119000314,442,1441,-999
119000315,2,438,-436
119000316,26,54,-28
119000317,13,299,-286
119000319,133,229,-96
119900001,15,172,-157
119900002,21,114,-93
119900003,5,542,-537
119900004,98,103,-5
119900005,19,49,-30
119900006,15,113,-98
119900007,92,22,70
119900008,2,10,-8
119900009,73,238,-165
119900010,273,387,-114
119900011,2,14,-12
119900012,0,8,-8
119900013,404,180,224
119900014,169,65,104
119900015,11,4,7
119900016,5,33,-28
119900017,2,6,-4
119900018,296,48,248
119900019,2,1,1
119900020,30,37,-7
119900021,17,11,6
119900022,25,71,-46
119900023,320,184,136
119900025,21,9,12
119900026,327,26,301
119900027,5,4,1
119900028,42,5,37
119900029,0,3,-3
119900030,73,179,-106
119900031,4,50,-46
119900033,1239,39,1200
119900034,48,58,-10
119900037,2,7,-5
119900038,1,38,-37
119900039,28,2,26
119900040,22,0,22
119900041,43,26,17
119900042,7,88,-81
119900043,5,80,-75
119900044,32,99,-67
119900046,4,40,-36
119900047,30,4,26
119900049,4,1,3
119900050,11,15,-4
119900051,118,0,118
119900052,6,31,-25
119900053,45,100,-55
119900054,6,1,5
119900055,118,88,30
119900057,15,30,-15
119900058,23,0,23
119900059,12,33,-21
119900060,57,4,53
119900061,26,1,25
119900062,14,13,1
119900063,4,16,-12
119900065,20,0,20
119900067,27,7,20
119900068,29,0,29
119900069,4,2,2
119900070,60,0,60
119900071,54,0,54
119900073,700,128,572
119900074,8,7,1
119900075,2164,507,1657
119900076,9,34,-25
119900077,72,726,-654
119900078,81,326,-245
119900079,6,129,-123
119900080,38,83,-45
119900081,46,12,34
119900082,96,3,93
119900083,49,20,29
119900084,93,25,68
119900085,59,9,50
119900086,27,509,-482
119900087,46,25,21
119900088,4,13,-9
119900089,0,282,-282
119900090,38,26,12
119900091,10,601,-591
119900092,4,169,-165
119900093,169,17,152
119900094,3,117,-114
119900095,44,17,27
119900096,9,29,-20
119900097,95,55,40
119900098,7,9,-2
119900099,3,120,-117
119900100,1174,376,798
119900101,60,264,-204
119900102,13,194,-181
119900103,10,229,-219
119900104,3,110,-107
119900105,165,493,-328
119900106,2,137,-135
119900107,114,1709,-1595
119900108,691,264,427
119900109,8,88,-80
119900110,90,287,-197
119900111,25,326,-301
119900112,1422,93,1329
119900113,30,360,-330
119900114,18,854,-836
119900115,16,684,-668
119900116,22,75,-53
119900117,48,594,-546
119900118,1,784,-783
119900119,21,96,-75
119900120,185,399,-214
119900121,31,964,-933
119900122,87,223,-136
119900123,36,91,-55
119900124,30,543,-513
119900125,18,176,-158
119900126,2571,37,2534
119900127,1374,315,1059
119900128,55,344,-289
119900129,30,337,-307
119900130,6,98,-92
119900131,6,148,-142
119900132,1,176,-175
119900133,2,9,-7
119900134,949,93,856
119900135,0,234,-234
119900136,59,259,-200
119900138,158,221,-63
119900139,0,31,-31
119900140,1,83,-82
119900141,14,78,-64
119900142,0,6,-6
119900143,2,119,-117
119900144,972,68,904
119900145,25,121,-96
119900146,29,30,-1
119900147,2,38,-36
119900148,14,12,2
119900149,722,747,-25
119900150,28,89,-61
119900151,392,233,159
119900152,12,282,-270
119900153,6,11,-5
119900154,3,608,-605
119900155,4,10,-6
119900156,3,0,3
119900157,10,181,-171
119900158,13,11,2
119900159,3,856,-853
119900160,1,125,-124
119900161,55,90,-35
119900162,121,147,-26
119900163,26,24,2
119900164,0,3,-3
119900165,4,170,-166
119900166,5,4,1
119900167,14,46,-32
119900168,175,164,11
119900169,32,53,-21
119900170,18,23,-5
119900171,140,290,-150
119900172,6,0,6
119900173,4,278,-274
119900174,5,135,-130
119900175,168,266,-98
119900177,8,135,-127
119900178,3,114,-111
119900179,7,54,-47
119900180,171,216,-45
119900181,2,8,-6
119900182,0,224,-224
119900183,29,576,-547
119900184,1103,182,921
119900185,0,23,-23
119900186,2,58,-56
119900187,2,293,-291
119900188,9,126,-117
119900189,75,38,37
119900190,14,36,-22
119900191,29,60,-31
119900192,3,99,-96
119900193,56,66,-10
119900194,1,1,0
119900195,6,84,-78
119900196,719,162,557
119900197,19,41,-22
119900198,11,226,-215
119900199,43,3,40
119900200,52,146,-94
119900201,165,60,105
119900202,43,13,30
119900203,13,71,-58
119900204,26,60,-34
119900205,93,269,-176
119900206,12,50,-38
119900208,19,34,-15
119900209,85,164,-79
119900210,5,18,-13
119900211,20,7,13
119900212,50,409,-359
119900213,1,9,-8
119900214,1,35,-34
119900215,3,43,-40
119900216,1,53,-52
119900217,3,33,-30
119900218,11,26,-15
119900219,6,68,-62
119900220,4,85,-81
119900221,11,287,-276
119900222,1,189,-188
119900223,4,53,-49
119900224,6,18,-12
119900225,637,10,627
119900226,297,153,144
119900227,374,97,277
119900228,4,100,-96
119900229,68,127,-59
119900230,466,241,225
119900231,16,70,-54
119900232,25,26,-1
119900233,10,0,10
119900234,1,8,-7
119900235,1,4,-3
119900236,5,77,-72
119900237,2,190,-188
119900238,0,28,-28
119900240,9,55,-46
119900241,44,82,-38
119900242,532,218,314
119900244,219,408,-189
119900245,14,40,-26
119900246,57,61,-4
119900247,1,7,-6
119900248,1,10,-9
119900249,23,20,3
119900253,2101,101,2000
119900254,4,74,-70
119900255,40,304,-264
119900256,84,780,-696
119900257,12,0,12
119900258,7,0,7
119900259,2,134,-132
119900260,15,1,14
119900261,42,96,-54
119900262,0,141,-141
119900263,401,156,245
119900264,7,197,-190
119900265,19,145,-126
119900266,31,167,-136
119900267,7,190,-183
119900268,13,102,-89
119900269,71,555,-484
119900271,7,21,-14
119900272,15,33,-18
119900275,33,1,32
119900276,4,1,3
119900277,2,3,-1
119900278,68,10,58
119900279,11,58,-47
119900280,627,70,557
119900281,0,25,-25
119900282,3,7,-4
119900283,3,207,-204
119900284,8,35,-27
119900285,4,9,-5
119900286,2,2,0
119900288,2,11,-9
119900289,0,9,-9
119900290,0,8,-8
119900291,0,10,-10
119900292,4,2,2
119900293,1,11,-10
119900294,6,20,-14
119900295,0,20,-20
119900296,0,76,-76
119900297,0,4,-4
119900298,0,0,0
119900299,4,145,-141
119900300,37,140,-103
119900301,9,3,6
119900302,2,7,-5
119900303,38,112,-74
119900304,16,4,12
119900305,6,46,-40
119900306,4,0,4
119900307,2,37,-35
119900308,0,1,-1
119900309,0,6,-6
119900310,79,103,-24
119900311,5,115,-110
119900312,34,39,-5
119900313,25,269,-244
119900314,7,61,-54
119900315,165,1386,-1221
119900318,12,7,5
119900319,4,198,-194
119900320,9,323,-314
119900321,7,0,7
120000001,2895,2836,59
120000002,1039,1827,-788
120000003,1836,1179,657
120000004,1422,1453,-31
120000005,1904,1171,733
120000006,530,795,-265
120000007,1285,1139,146
120000008,475,780,-305
120000009,2887,602,2285
120000010,643,2267,-1624
120000011,412,1170,-758
120000012,661,1495,-834
120000013,788,1534,-746
120000014,190,917,-727
120000015,823,884,-61
120000016,938,918,20
120000017,582,808,-226
120000018,2101,2106,-5
120000019,281,362,-81
120000020,880,894,-14
120000021,726,696,30
120000022,1045,1283,-238
120000023,282,778,-496
120000024,559,1015,-456
120000025,598,1013,-415
120000026,325,932,-607
120000027,375,641,-266
120000028,259,134,125
120000029,966,250,716
120000030,33,263,-230
120000031,720,1752,-1032
120000032,4328,1624,2704
120000033,900,942,-42
120000034,453,1115,-662
120000035,470,1203,-733
120000036,991,1874,-883
120000037,141,274,-133
120000038,5112,1385,3727
120000039,121,492,-371
120000040,21,60,-39
120000041,125,1107,-982
120000042,566,2910,-2344
120000043,1315,1416,-101
120000044,993,639,354
120000045,1072,515,557
120000046,695,587,108
120000047,522,819,-297
120000048,3796,1423,2373
120000049,960,1437,-477
120000050,1097,2204,-1107
120000051,1568,1585,-17
120000052,8805,1117,7688
120000053,477,3201,-2724
120000054,650,4766,-4116
120000055,382,2711,-2329
120000056,860,2959,-2099
120000057,767,668,99
120000058,115,95,20
120000059,15,455,-440
120000061,31,181,-150
120000062,53,81,-28
120000063,476,2012,-1536
120000064,128,1247,-1119
120000065,125,973,-848
120000066,56,180,-124
120000067,19,231,-212
120000068,72,580,-508
120000069,206,858,-652
120000070,15,711,-696
120000071,56,105,-49
120000072,112,263,-151
120000073,111,45,66
120000074,18,19,-1
120000075,42,96,-54
120000076,292,106,186
120000077,441,218,223
120000078,744,185,559
120000079,82,409,-327
120000080,87,137,-50
120000081,115,84,31
120000082,136,97,39
120000083,52,152,-100
120000084,157,325,-168
120000085,136,305,-169
120000086,82,505,-423
120000087,53,824,-771
120000088,260,727,-467
120000089,313,202,111
120000090,147,204,-57
120000091,219,355,-136
120000092,233,200,33
120000093,116,213,-97
120000094,58,160,-102
120000095,315,549,-234
120000096,103,900,-797
120000098,207,645,-438
120000099,88,398,-310
120000100,205,492,-287
120000101,245,261,-16
120000102,118,145,-27
120000103,204,130,74
120000104,338,88,250
120000105,358,90,268
120000106,375,87,288
120000107,639,122,517
120000108,141,46,95
120000109,222,11,211
120000110,55,775,-720
120000111,37,1000,-963
120000112,185,2983,-2798
120000113,135,2049,-1914
120000114,104,1488,-1384
120000115,142,1515,-1373
120000116,229,1310,-1081
120000117,608,954,-346
120000118,4,6,-2
120000119,21,28,-7
120000120,16,11,5
120000121,11,21,-10
120000122,76,62,14
120000123,4075,841,3234
120000124,151,225,-74
120000125,120,346,-226
120000126,117,298,-181
120000127,444,215,229
120000128,873,745,128
120000129,139,143,-4
120000130,260,274,-14
120000131,113,187,-74
120000134,101,720,-619
120000135,49,153,-104
120000137,39,1272,-1233
120000138,112,223,-111
120000139,36,579,-543
120000140,101,258,-157
120000141,26,396,-370
120000142,76,280,-204
120000143,2,55,-53
120000144,22,3,19
120000145,67,2,65
120000146,677,220,457
120000149,140,513,-373
120000150,2211,3055,-844
120000151,151,194,-43
120000152,65,118,-53
120000153,29,314,-285
120000154,145,190,-45
120000155,30,57,-27
120000156,1216,164,1052
120000157,316,294,22
120000158,175,452,-277
120000159,878,1267,-389
120000160,714,568,146
120000161,434,1387,-953
120000162,15,90,-75
120000163,67,881,-814
120000164,92,268,-176
120000165,67,604,-537
120000166,159,351,-192
120000167,5,5,0
120000168,2,27,-25
120000169,102,64,38
120000170,121,42,79
120000171,17,10,7
120000172,15,1,14
120000173,1592,63,1529
120000174,266,3,263
120000175,376,4,372
120000176,62,44,18
120000177,516,349,167
120000178,64,5,59
120000179,179,12,167
120000180,232,19,213
120000181,33,12,21
120000182,32,10,22
120000183,5,79,-74
120000184,24,415,-391
120000186,14,20,-6
120000187,103,18,85
120000188,88,16,72
120000190,583,1,582
120000191,1094,3,1091
120000192,846,5,841
120000193,131,0,131
120000195,16,0,16
120000196,100,18,82
120000197,36,64,-28
120000198,17,77,-60
120000199,9,0,9
120000200,30,0,30
120000201,2,3,-1
120000202,1,26,-25
120000203,14,184,-170
120000207,0,39,-39
120000208,5,201,-196
120000209,0,79,-79
120000210,72,45,27
120000211,15,0,15
120000212,9,0,9
120000213,8,198,-190
120000214,2,259,-257
120000215,0,64,-64
120000216,1,1,0
120000217,430,1003,-573
120000218,142,1076,-934
120000219,6,601,-595
120000220,5,2246,-2241
120000225,217,0,217
120000226,50,0,50
120000227,106,0,106
120000228,4439,611,3828
120000230,32,3,29
120000231,158,1162,-1004
120000233,16,3,13
120000235,42,496,-454
120000236,71,1,70
120000237,2,1560,-1558
120000238,0,29,-29
120000241,308,968,-660
120000412,450,7,443
120000413,33,282,-249
120000414,7,4,3
120000415,0,133,-133
120000416,5,6,-1
120000417,0,79,-79
120000418,16,9,7
120000419,8,345,-337
120000420,19,15,4
120000421,7971,3298,4673
120000422,138,226,-88
120000423,1,17,-16
120000424,7,79,-72
120000436,22,177,-155
120000437,97,94,3
120000438,2996,126,2870
120000439,42,128,-86
120000443,32,0,32
120000444,157,271,-114
120000445,479,613,-134
120000446,558,125,433
120000447,32,4,28
120000449,10,9,1
120000450,1,309,-308
120000451,23,150,-127
120000452,20,0,20
120000453,0,226,-226
120000454,10,6,4
120000455,22,57,-35
120000456,1610,873,737
120000457,426,469,-43
120000458,196,439,-243
120000459,24,21,3
120000665,279,60,219
120000668,42,39,3
120000669,17,203,-186
120000670,116,163,-47
120000671,134,74,60
120000672,13,152,-139
120900001,27,6,21
120900002,24,63,-39
120900003,115,15,100
120900004,0,6,-6
120900005,2,1548,-1546
120900006,52,76,-24
120900007,25,77,-52
120900008,24,608,-584
120900009,116,53,63
120900010,62,8,54
120900011,62,35,27
120900012,388,115,273
120900013,28,7,21
120900014,0,345,-345
120900015,85,53,32
120900016,74,35,39
120900017,1793,41,1752
120900018,8,183,-175
120900019,115,32,83
120900020,202,95,107
120900021,46,14,32
120900022,3,156,-153
120900023,23,10,13
120900024,392,286,106
120900025,761,228,533
120900026,12,70,-58
120900027,198,101,97
120900028,44,7,37
120900029,10,72,-62
120900030,246,156,90
120900031,32,16,16
120900032,135,60,75
120900033,97,1,96
120900034,17,556,-539
120900035,10,128,-118
120900037,19,2,17
120900038,9,22,-13
120900039,16,7,9
120900040,21,1,20
120900041,18,5,13
120900042,62,24,38
120900043,5,1,4
120900044,1,224,-223
120900045,23,84,-61
120900046,57,1,56
120900047,20,23,-3
120900048,25,2,23
120900049,35,0,35
120900050,1871,220,1651
120900051,44,41,3
120900052,36,1,35
120900053,24,29,-5
120900054,333,385,-52
120900055,54,0,54
120900056,68,1,67
120900057,20,1,19
120900058,53,0,53
120900059,10,2,8
120900060,3,10,-7
120900061,73,142,-69
120900062,33,0,33
120900063,69,2,67
120900064,45,0,45
120900065,52,1,51
120900066,27,162,-135
120900067,19,10,9
120900068,40,0,40
120900069,43,32,11
120900071,0,0,0
120900072,99,1,98
120900073,67,29,38
120900074,23,0,23
120900076,33,0,33
120900077,1548,59,1489
120900078,60,660,-600
120900079,85,67,18
120900080,94,2029,-1935
120900081,179,110,69
120900082,193,79,114
120900083,6,0,6
120900084,30,50,-20
120900085,34,22,12
120900086,87,82,5
120900087,56,14,42
120900088,19,72,-53
120900089,2887,403,2484
120900090,7,85,-78
120900091,100,72,28
120900092,184,540,-356
120900093,3203,158,3045
120900094,222,89,133
120900095,49,8,41
120900096,11,50,-39
120900097,249,1082,-833
120900098,132,93,39
120900099,32,62,-30
120900100,14,420,-406
120900101,108,180,-72
120900102,7,75,-68
120900103,16,95,-79
120900104,10,26,-16
120900105,8,645,-637
120900106,592,371,221
120900107,166,118,48
120900108,2,722,-720
120900109,14,547,-533
120900110,2,323,-321
120900111,59,287,-228
120900112,4,1119,-1115
120900113,1,628,-627
120900114,14,225,-211
120900115,39,46,-7
120900116,20,412,-392
120900117,0,468,-468
120900118,3,594,-591
120900119,1799,1461,338
120900120,17,533,-516
120900121,21,276,-255
120900122,22,420,-398
120900123,0,411,-411
120900124,0,522,-522
120900125,5,670,-665
120900126,343,683,-340
120900127,3,381,-378
120900128,277,577,-300
120900129,23,358,-335
120900130,0,119,-119
120900131,3,16,-13
120900132,110,194,-84
120900133,85,815,-730
120900134,64,241,-177
120900135,1,593,-592
120900136,4,7,-3
120900137,11,36,-25
120900138,3,154,-151
120900139,0,679,-679
120900140,0,28,-28
120900141,4,48,-44
120900142,9,755,-746
120900143,4,790,-786
120900144,4,195,-191
120900145,19,603,-584
120900146,2,647,-645
120900147,4,148,-144
120900148,11,38,-27
120900149,0,235,-235
120900150,10,297,-287
120900151,7,481,-474
120900152,29,37,-8
120900153,1,26,-25
120900154,3,234,-231
120900155,26,835,-809
120900156,16,295,-279
120900157,7,139,-132
120900158,10,312,-302
120900159,19,418,-399
120900160,3,211,-208
120900161,2,665,-663
120900162,5,639,-634
120900163,2,37,-35
120900164,0,0,0
120900165,0,0,0
120900166,9,37,-28
120900167,42,25,17
120900169,14,248,-234
120900170,1193,567,626
120900171,524,189,335
120900172,440,112,328
120900173,1,26,-25
120900174,1,56,-55
120900175,92,75,17
120900176,3,60,-57
120900177,0,122,-122
120900178,0,56,-56
120900179,213,239,-26
120900180,35,20,15
120900181,8,37,-29
120900182,7,145,-138
120900183,101,48,53
120900184,42,38,4
120900185,2,142,-140
120900186,1,362,-361
120900187,41,173,-132
120900188,28,3,25
120900189,32,177,-145
120900190,6,6,0
120900191,7,6,1
120900192,9504,830,8674
120900194,11,23,-12
120900195,40,211,-171
120900196,109,32,77
120900197,87,16,71
120900198,71,524,-453
120900199,79,46,33
120900200,33,21,12
120900201,313,91,222
120900202,0,127,-127
120900203,8,20,-12
120900204,93,238,-145
120900205,12,76,-64
120900206,3,2,1
120900207,17,603,-586
121000001,229,370,-141
121000002,691,410,281
121000003,1613,752,861
121000004,925,962,-37
121000005,932,1073,-141
121000006,1040,680,360
121000007,1331,1098,233
121000008,1742,1197,545
121000009,2604,1719,885
121000010,3285,1270,2015
121000011,2104,2317,-213
121000012,4274,1260,3014
121000013,2371,2376,-5
121000014,3084,2702,382
121000015,1560,2488,-928
121000016,2083,1397,686
121000017,415,931,-516
121000018,558,476,82
121000019,6072,2256,3816
121000020,3512,2170,1342
121000021,1492,1799,-307
121000022,557,489,68
121000023,1395,1350,45
121000024,815,1066,-251
121000025,150,203,-53
121000026,78,54,24
121000027,520,334,186
121000028,244,186,58
121000029,190,237,-47
121000030,96,107,-11
121000031,182,226,-44
121000032,70,34,36
121000034,143,33,110
121000035,36,57,-21
121000036,340,213,127
121000037,188,181,7
121000038,199,169,30
121000039,96,94,2
121000041,109,143,-34
121000042,33,132,-99
121000043,133,150,-17
121000044,352,196,156
121000045,183,236,-53
121000046,152,338,-186
121000047,65,105,-40
121000049,739,357,382
121000050,100,395,-295
121000051,325,177,148
121000052,224,336,-112
121000053,81,26,55
121000054,15,96,-81
121000055,525,384,141
121000056,321,471,-150
121000057,1,31,-30
121000058,255,90,165
121000059,666,349,317
121000060,192,301,-109
121000061,38,40,-2
121000062,42,61,-19
121000063,178,160,18
121000064,162,251,-89
121000065,155,69,86
121000066,240,242,-2
121000067,371,121,250
121000068,152,58,94
121000069,346,89,257
121000070,523,539,-16
121000071,310,275,35
121000072,539,329,210
121000073,275,296,-21
121000074,36,57,-21
121000075,36,8,28
121000076,570,107,463
121000077,37,20,17
121000078,50,59,-9
121000080,1273,292,981
121000081,910,623,287
121000082,0,0,0
121000083,108,122,-14
121000084,188,97,91
121000085,187,333,-146
121000086,103,327,-224
121000087,18,96,-78
121000088,206,214,-8
121000089,72,75,-3
121000090,133,118,15
121000091,557,225,332
121000092,75,27,48
121000093,42,57,-15
121000094,108,91,17
121000095,101,140,-39
121000096,1004,622,382
121000097,281,473,-192
121000098,79,423,-344
121000099,122,354,-232
121000100,87,152,-65
121000101,29,99,-70
121000102,26,203,-177
121000103,19,99,-80
121000104,52,47,5
121000105,39,70,-31
121000106,44,92,-48
121000107,1156,2281,-1125
121000109,596,485,111
121000110,99,163,-64
121000114,1196,1124,72
121000115,258,352,-94
121000116,248,259,-11
121000117,334,103,231
121000118,572,112,460
121000119,86,96,-10
121000120,95,218,-123
121000121,130,261,-131
121000123,575,292,283
121000127,23,67,-44
121000128,201,226,-25
121000129,172,143,29
121000130,145,414,-269
121000131,175,287,-112
121000132,460,323,137
121000135,200,78,122
121000136,825,204,621
121000137,223,49,174
121000138,405,146,259
121000139,246,39,207
121000141,46,26,20
121000142,783,268,515
121000143,52,6,46
121000144,328,355,-27
121000145,148,593,-445
121000146,362,326,36
121000147,216,171,45
121000148,274,452,-178
121000149,593,505,88
121000152,145,221,-76
121000153,533,169,364
121000154,252,200,52
121000155,349,343,6
121000156,130,297,-167
121000157,505,605,-100
121000158,163,215,-52
121000159,92,277,-185
121000160,274,596,-322
121000161,30,143,-113
121000162,5,137,-132
121000165,451,435,16
121000166,11,126,-115
121000168,42,88,-46
121000169,19,61,-42
121000170,37,26,11
121000171,12,65,-53
121000172,160,154,6
121000173,393,223,170
121000174,64,177,-113
121000175,125,213,-88
121000176,82,77,5
121000177,275,215,60
121000178,28,27,1
121000179,78,45,33
121000181,169,187,-18
121000182,21,94,-73
121000183,14,36,-22
121000184,20,22,-2
121000185,5,70,-65
121000186,48,125,-77
121000187,48,175,-127
121000188,41,181,-140
121000192,206,127,79
121000193,154,175,-21
121000194,675,793,-118
121000195,160,472,-312
121000196,210,122,88
121000197,65,301,-236
121000198,48,17,31
121000199,21,237,-216
121000200,78,34,44
121000201,3,110,-107
121000202,163,22,141
121000203,147,1231,-1084
121000204,315,219,96
121000205,27,158,-131
121000206,50,25,25
121000207,406,166,240
121000208,2,173,-171
121000209,43,122,-79
121000210,88,257,-169
121000211,24,35,-11
121000212,92,447,-355
121000213,3987,755,3232
121000214,304,456,-152
121000215,556,286,270
121000216,124,146,-22
121000217,1321,640,681
121000218,223,787,-564
121000219,421,300,121
121000220,142,42,100
121000221,53,131,-78
121000222,764,1014,-250
121000223,340,144,196
121000224,122,30,92
121000225,525,325,200
121000226,649,242,407
121000227,6,174,-168
121000228,8,536,-528
121000229,27,343,-316
121000230,36,1015,-979
121000231,55,5,50
121000232,120,59,61
121000233,108,164,-56
121000234,0,11,-11
121000235,2,5,-3
121000236,0,23,-23
121000237,0,2,-2
121000238,1,29,-28
121000239,2,1,1
121000240,1,77,-76
121000241,20,2,18
121000242,3,85,-82
121000243,26,4,22
121000244,0,53,-53
121000245,2,12,-10
121000246,1,83,-82
121000247,9,0,9
121000248,72,135,-63
121000249,92,170,-78
121000250,88,46,42
121000251,10,227,-217
121000252,17,25,-8
121000253,68,232,-164
121000254,124,63,61
121000255,81,127,-46
121000256,75,54,21
121000257,24,33,-9
121000258,16,29,-13
121000259,14,14,0
121000260,9,52,-43
121000261,1,21,-20
121000262,284,273,11
121000263,229,254,-25
121000271,57,795,-738
121000273,30,30,0
121000274,0,13,-13
121000275,1,14,-13
121000276,0,8,-8
121000278,6,37,-31
121000279,9,5,4
121000280,7,27,-20
121000289,68,18,50
121000290,426,460,-34
121000294,29,119,-90
121000297,402,324,78
121000299,84,121,-37
121000300,299,304,-5
121000302,27,169,-142
121000303,164,111,53
121000304,105,16,89
121000305,28,57,-29
121000306,17,69,-52
121000308,34,122,-88
121000309,196,338,-142
121000310,69,274,-205
121000311,32,334,-302
121000312,92,41,51
121000313,139,160,-21
121000314,59,59,0
121000315,61,133,-72
121000530,281,724,-443
121000531,392,679,-287
121000532,1542,1474,68
121000533,1000,902,98
121000919,3,24,-21
121000938,96,33,63
121000939,231,41,190
121000956,123,779,-656
121000957,1,7,-6
121000958,9,28,-19
121000959,100,674,-574
121000960,535,1160,-625
121000961,82,3,79
121000962,115,203,-88
121000973,0,138,-138
121000976,1,58,-57
121000979,33,4,29
121000981,109,10,99
121000982,87,140,-53
121000983,98,333,-235
121000984,4,6,-2
121000985,129,400,-271
121000986,24,203,-179
121000987,65,1024,-959
121000988,149,130,19
121001302,130,44,86
121001308,0,3,-3
121001309,52,16,36
121001311,0,0,0
121001313,57,327,-270
121001314,1924,1598,326
121001315,1721,648,1073
121001326,86,126,-40
121001327,41,41,0
121001328,105,17,88
121900001,26,75,-49
121900002,22,8,14
121900003,62,1,61
121900004,23,121,-98
121900005,1,2,-1
121900006,24,13,11
121900007,570,774,-204
121900008,201,6,195
121900009,117,6,111
121900010,84,3,81
121900011,34,100,-66
121900012,2,0,2
121900013,48,1,47
121900014,288,112,176
121900015,42,51,-9
121900016,0,3,-3
121900017,76,151,-75
121900018,71,0,71
121900019,61,66,-5
121900020,11,0,11
121900021,102,1,101
121900022,31,30,1
121900023,8,95,-87
121900024,109,12,97
121900025,96,72,24
121900026,39,12,27
121900027,20,15,5
121900028,25,0,25
121900029,1,47,-46
121900030,166,193,-27
121900031,242,1038,-796
121900032,6,7,-1
121900033,27,48,-21
121900034,61,28,33
121900035,629,450,179
121900036,4,115,-111
121900037,34,151,-117
121900038,1,21,-20
121900039,136,3,133
121900040,3,25,-22
121900041,9,42,-33
121900042,47,19,28
121900043,0,1,-1
121900044,80,5,75
121900046,19,21,-2
121900047,25,25,0
121900048,2,19,-17
121900050,3,21,-18
121900051,26,51,-25
121900052,11,14,-3
121900053,53,64,-11
121900054,95,212,-117
121900055,0,1,-1
121900058,26,96,-70
121900059,87,16,71
121900060,13,82,-69
121900062,11,6,5
121900063,97,47,50
121900064,66,219,-153
121900066,3,6,-3
121900067,0,0,0
121900069,114,18,96
121900070,45,30,15
121900071,25,96,-71
121900072,4,51,-47
121900073,30,37,-7
121900074,57,100,-43
121900075,151,72,79
121900076,75,183,-108
121900078,4,10,-6
121900079,0,0,0
121900080,81,175,-94
121900082,2,38,-36
121900084,1,56,-55
121900086,1,10,-9
121900087,59,35,24
121900088,483,494,-11
121900089,20,135,-115
121900090,0,20,-20
121900091,6,17,-11
121900092,11,16,-5
121900093,17,18,-1
121900094,7,7,0
121900095,61,39,22
121900096,585,64,521
121900097,60,54,6
121900098,0,0,0
121900099,13,18,-5
121900100,9,26,-17
121900101,27,48,-21
121900102,6,22,-16
121900103,177,25,152
121900104,311,92,219
121900105,20,18,2
121900106,0,0,0
121900107,0,1,-1
121900108,0,0,0
121900109,128,30,98
121900110,32,348,-316
121900111,460,30,430
121900112,11,18,-7
121900113,11,54,-43
121900114,7,0,7
121900117,7,7,0
121900118,661,65,596
121900119,26,54,-28
121900120,7,431,-424
121900121,87,13,74
121900122,4,4,0
121900123,30,176,-146
121900124,18,82,-64
121900125,271,408,-137
121900127,5,15,-10
121900128,17,33,-16
121900129,237,21,216
121900130,21,48,-27
121900131,21,54,-33
121900132,0,27,-27
121900133,2,13,-11
121900134,1,20,-19
121900135,501,84,417
121900136,23,146,-123
121900137,2,37,-35
121900138,14,70,-56
121900139,118,158,-40
121900140,3,19,-16
121900141,4,5,-1
121900142,13,22,-9
121900143,6,27,-21
121900144,100,83,17
121900145,24,32,-8
121900146,130,212,-82
121900147,24,37,-13
121900148,30,61,-31
121900149,47,315,-268
121900150,38,48,-10
121900151,31,50,-19
121900152,22,52,-30
121900153,8,142,-134
121900154,2,52,-50
121900155,0,29,-29
121900156,31,33,-2
121900157,2,144,-142
121900158,24,38,-14
121900159,0,60,-60
121900160,2,97,-95
121900161,90,74,16
121900162,47,27,20
121900163,18,319,-301
121900164,60,52,8
121900165,35,92,-57
121900166,45,68,-23
121900167,28,21,7
121900168,81,30,51
121900169,2,158,-156
121900170,0,45,-45
121900171,88,157,-69
121900172,63,78,-15
121900173,180,59,121
121900174,11,6,5
121900175,24,51,-27
121900176,188,793,-605
121900177,41,23,18
121900178,3,24,-21
121900179,36,24,12
121900180,1933,698,1235
121900182,115,68,47
121900183,165,88,77
121900184,8,182,-174
121900186,0,117,-117
121900187,9,27,-18
121900188,124,48,76
121900189,4,12,-8
121900190,54,180,-126
121900191,12,48,-36
121900192,93,143,-50
121900193,7,70,-63
121900194,2,55,-53
121900195,10,14,-4
121900196,175,245,-70
121900197,85,905,-820
121900198,271,224,47
121900199,2,10,-8
121900200,8,30,-22
121900201,243,214,29
121900202,24,113,-89
121900203,30,109,-79
121900204,325,279,46
121900205,5,53,-48
121900206,1,2,-1
121900207,18,2,16
121900208,32,71,-39
121900209,7,12,-5
121900210,191,124,67
121900211,78,142,-64
121900212,2,25,-23
121900213,5,23,-18
121900214,1,78,-77
121900215,22,25,-3
121900216,2,20,-18
121900217,28,16,12
121900218,78,58,20
121900220,24,2,22
121900221,50,159,-109
121900222,34,44,-10
121900223,12,17,-5
121900224,1,13,-12
121900225,28,18,10
121900226,22,165,-143
121900227,26,122,-96
121900228,31,77,-46
121900230,43,6,37
121900231,109,79,30
121900232,49,123,-74
121900233,78,57,21
121900234,40,127,-87
121900235,69,99,-30
121900236,54,50,4
121900237,63,124,-61
121900238,50,79,-29
121900239,21,1,20
121900240,66,25,41
121900241,1,18,-17
121900242,3,0,3
121900243,0,0,0
121900244,0,0,0
121900245,28,39,-11
121900246,289,67,222
121900248,288,152,136
121900250,43,52,-9
121900251,64,4,60
121900252,206,36,170
121900253,68,313,-245
121900254,145,51,94
121900255,42,22,20
121900258,544,337,207
121900259,49,83,-34
121900260,2,30,-28
121900261,39,74,-35
121900262,116,212,-96
121900263,19,54,-35
121900264,587,356,231
121900265,27,73,-46
121900266,51,54,-3
121900267,4,3,1
121900269,11,26,-15
121900270,1,32,-31
121900271,10,45,-35
121900273,98,343,-245
121900274,45,108,-63
121900277,55,689,-634
121900278,17,364,-347
121900279,15,128,-113
121900280,47,137,-90
121900281,185,12,173
121900284,3,1,2
121900286,4,40,-36
121900287,1,6,-5
121900288,0,2,-2
121900290,53,114,-61
121900291,157,201,-44
121900292,27,52,-25
121900293,317,1247,-930
121900294,38,0,38
121900295,15,61,-46
121900296,6,6,0
121900298,120,112,8
121900299,0,0,0
121900300,2,0,2
121900301,2,0,2
121900302,0,35,-35
121900303,117,172,-55
121900304,0,11,-11
121900305,1,3,-2
121900306,26,1,25
121900307,6,1,5
121900308,2,152,-150
121900309,5,96,-91
121900310,3,225,-222
121900311,79,7,72
121900312,43,2,41
121900313,50,9,41
121900314,0,12,-12
121900315,0,0,0
121900316,0,1,-1
121900317,0,0,0
121900318,0,10,-10
121900319,3,8,-5
121900320,21,45,-24
121900321,1,0,1
121900322,1,12,-11
121900323,9,3,6
121900324,1,5,-4
121900325,0,0,0
121900326,6,3,3
121900327,1,12,-11
121900328,0,14,-14
121900329,1,94,-93
121900330,0,24,-24
121900331,13,0,13
121900332,20,6,14
121900333,3,1,2
121900334,18,10,8
122000001,555,903,-348
122000002,1215,396,819
122000003,614,444,170
122000004,738,310,428
122000005,844,300,544
122000006,673,148,525
122000007,452,314,138
122000008,1049,756,293
122000009,144,50,94
122000010,697,671,26
122000011,965,322,643
122000012,574,314,260
122000013,742,382,360
122000014,645,684,-39
122000015,476,381,95
122000016,139,305,-166
122000017,339,381,-42
122000018,375,443,-68
122000019,224,618,-394
122000020,60,91,-31
122000021,97,169,-72
122000022,287,432,-145
122000023,126,638,-512
122000024,355,296,59
122000025,512,317,195
122000026,700,282,418
122000027,226,1254,-1028
122000028,255,140,115
122000029,131,81,50
122000030,130,41,89
122000031,67,41,26
122000032,448,945,-497
122000033,323,191,132
122000034,198,179,19
122000035,115,215,-100
122000036,168,255,-87
122000037,130,102,28
122000038,96,141,-45
122000039,347,231,116
122000040,155,127,28
122000041,157,247,-90
122000042,129,212,-83
122000043,48,64,-16
122000044,56,68,-12
122000045,460,261,199
122000046,256,289,-33
122000047,124,68,56
122000048,727,899,-172
122000049,1356,681,675
122000050,716,243,473
122000051,113,77,36
122000052,146,59,87
122000053,37,211,-174
122000054,765,609,156
122000055,843,673,170
122000056,1246,978,268
122000057,972,737,235
122000058,1452,446,1006
122000059,1029,498,531
122000060,524,226,298
122000061,225,86,139
122000062,546,112,434
122000063,269,115,154
122000064,1253,1031,222
122000065,1952,933,1019
122000066,249,159,90
122000067,762,431,331
122000068,320,381,-61
122000069,393,223,170
122000070,175,728,-553
122000071,323,446,-123
122000072,76,129,-53
122000073,143,151,-8
122000074,635,391,244
122000075,158,338,-180
122000076,410,327,83
122000077,414,185,229
122000078,1313,726,587
122000079,495,277,218
122000080,233,116,117
122000081,43,74,-31
122000082,623,242,381
122000083,419,1232,-813
122000084,240,183,57
122000085,81,512,-431
122000086,723,1369,-646
122000087,104,51,53
122000088,89,54,35
122000089,1744,1155,589
122000090,61,128,-67
122000091,77,22,55
122000092,45,7,38
122000093,410,361,49
122000094,2055,662,1393
122000095,590,626,-36
122000096,428,394,34
122000098,603,484,119
122000099,636,236,400
122000100,532,180,352
122000101,108,287,-179
122000102,558,400,158
122000103,496,430,66
122000104,89,67,22
122000105,148,112,36
122000106,150,160,-10
122000107,346,149,197
122000108,209,273,-64
122000109,62,102,-40
122000110,118,165,-47
122000111,888,560,328
122000112,201,592,-391
122000113,133,206,-73
122000114,797,442,355
122000115,845,489,356
122000116,126,130,-4
122000117,316,100,216
122000118,151,133,18
122000119,841,370,471
122000120,1378,729,649
122000121,1073,685,388
122000122,530,436,94
122000123,618,261,357
122000124,372,148,224
122000125,136,152,-16
122000126,188,128,60
122000127,440,249,191
122000128,164,295,-131
122000129,153,236,-83
122000130,548,104,444
122000131,595,143,452
122000132,514,152,362
122000133,323,713,-390
122000134,182,243,-61
122000135,343,422,-79
122000136,92,90,2
122000137,217,261,-44
122000139,532,992,-460
122000140,410,183,227
122000141,1678,318,1360
122000142,162,183,-21
122000143,236,73,163
122000144,896,222,674
122000145,575,247,328
122000146,166,265,-99
122000147,391,101,290
122000148,413,265,148
122000149,698,284,414
122000150,443,231,212
122000151,27,27,0
122000152,300,250,50
122000153,44,95,-51
122000154,150,92,58
122000155,445,673,-228
122000156,479,377,102
122000157,1124,851,273
122000158,87,232,-145
122000159,416,591,-175
122000160,2067,240,1827
122000161,619,201,418
122000162,627,584,43
122000163,78,34,44
122000164,23,54,-31
122000165,422,278,144
122000166,472,314,158
122000167,82,92,-10
122000168,112,181,-69
122000169,228,83,145
122000170,99,93,6
122000171,11,19,-8
122000172,632,615,17
122000173,422,955,-533
122000174,680,379,301
122000175,609,147,462
122000176,119,186,-67
122000177,729,568,161
122000178,933,670,263
122000179,778,1133,-355
122000180,631,495,136
122000181,944,1084,-140
122000182,495,236,259
122000183,277,261,16
122000184,1286,586,700
122000185,810,525,285
122000186,195,367,-172
122000187,550,517,33
122000188,171,64,107
122000189,110,108,2
122000190,429,600,-171
122000191,332,193,139
122000192,391,106,285
122000193,121,291,-170
122000194,231,68,163
122000195,57,151,-94
122000196,201,184,17
122000197,141,186,-45
122000198,316,487,-171
122000199,202,170,32
122000200,496,175,321
122000201,670,663,7
122000202,689,828,-139
122000203,815,407,408
122000204,634,797,-163
122000205,366,323,43
122000206,782,288,494
122000207,627,346,281
122000208,677,535,142
122000209,835,130,705
122000210,623,756,-133
122000211,350,470,-120
122000212,134,128,6
122000213,291,361,-70
122000214,475,518,-43
122000215,674,950,-276
122000217,624,514,110
122000218,156,45,111
122000219,801,473,328
122000220,232,291,-59
122000221,52,169,-117
122000222,249,42,207
122000223,384,168,216
122000225,226,144,82
122000226,752,822,-70
122000227,123,654,-531
122000228,120,200,-80
122000229,11,119,-108
122000230,40,365,-325
122000231,96,318,-222
122000232,129,366,-237
122000233,0,54,-54
122000234,60,133,-73
122000235,182,107,75
122000236,171,51,120
122000237,43,33,10
122000238,29,64,-35
122000239,130,32,98
122000240,251,104,147
122000241,259,172,87
122000242,126,35,91
122000243,42,15,27
122000244,19,255,-236
122000245,26,146,-120
122000246,80,49,31
122000247,175,348,-173
122000248,790,861,-71
122000249,148,221,-73
122000250,426,196,230
122000251,122,110,12
122000252,227,24,203
122000253,13,93,-80
122000254,56,19,37
122000255,216,716,-500
122000256,171,616,-445
122000257,63,206,-143
122000258,22,102,-80
122000259,9,415,-406
122000260,89,504,-415
122000261,2,114,-112
122000262,0,39,-39
122000263,41,68,-27
122000264,185,217,-32
122000265,723,221,502
122000266,1508,177,1331
122000267,21,74,-53
122000268,45,153,-108
122000269,217,102,115
122000270,192,45,147
122000271,126,657,-531
122000272,98,567,-469
122000273,70,314,-244
122000274,19,188,-169
122000275,24,167,-143
122000276,60,188,-128
122000277,218,445,-227
122000278,228,653,-425
122000279,26,172,-146
122000280,195,321,-126
122000281,155,199,-44
122000282,41,391,-350
122000283,284,32,252
122000284,36,45,-9
122000285,140,41,99
122000286,41,76,-35
122000287,208,599,-391
122000288,70,102,-32
122000291,256,198,58
122000293,168,139,29
122000294,26,27,-1
122000295,480,67,413
122000296,13,234,-221
122000297,1218,505,713
122000299,261,384,-123
122000300,136,196,-60
122000301,6163,907,5256
122000302,421,218,203
122000303,1772,392,1380
122000304,11,122,-111
122000305,314,356,-42
122000306,6,408,-402
122000307,38,58,-20
122000309,13,40,-27
122000310,5,16,-11
122000311,16,10,6
122000312,39,11,28
122000313,6,14,-8
122000314,39,72,-33
122000315,58,11,47
122000316,90,111,-21
122000317,371,82,289
122000318,47,98,-51
122000319,98,236,-138
122000320,128,1238,-1110
122000321,51,158,-107
122000322,811,739,72
122000323,579,499,80
122000324,790,538,252
122000325,289,320,-31
122000326,6,43,-37
122000327,64,171,-107
122000328,407,412,-5
122000330,580,265,315
122000333,4,137,-133
122000337,155,1066,-911
122000338,90,267,-177
122000340,128,72,56
122000342,984,309,675
122000343,170,676,-506
122000344,9,5,4
122000345,72,80,-8
122000346,64,209,-145
122000348,129,445,-316
122000349,33,326,-293
122000351,63,100,-37
122000352,251,22,229
122000353,29,57,-28
122000355,102,45,57
122000356,592,485,107
122000357,2,7,-5
122000358,0,21,-21
122000359,0,10,-10
122000360,0,15,-15
122000362,1,50,-49
122000364,24,227,-203
122000365,0,23,-23
122000366,8,1,7
122000368,158,333,-175
122000370,4,29,-25
122000371,0,0,0
122000372,2,0,2
122000381,15,148,-133
122000382,27,127,-100
122000384,1409,746,663
122000385,6,0,6
122000386,126,297,-171
122000387,296,355,-59
122000388,669,154,515
122000389,90,389,-299
122000390,189,133,56
122000391,41,11,30
122000392,75,104,-29
122000393,52,473,-421
122000394,135,130,5
122000395,69,94,-25
122000396,127,60,67
122000399,21,57,-36
122000400,102,190,-88
122000401,36,59,-23
122000402,27,33,-6
122000403,70,764,-694
122000404,55,40,15
122000408,303,316,-13
122000503,1,25,-24
122000524,57,34,23
122000544,9,595,-586
122000614,150,101,49
122000616,167,1,166
122000640,9,91,-82
122000641,11,243,-232
122000642,540,705,-165
122000643,35,43,-8
122000644,155,62,93
122000645,114,196,-82
122000651,562,222,340
122000664,103,8,95
122000665,408,208,200
122000666,135,291,-156
122000673,22,214,-192
122000674,46,27,19
122000675,442,672,-230
122000686,24,397,-373
122000687,140,23,117
122000688,72,439,-367
122000689,79,52,27
122000690,168,347,-179
122000691,109,1515,-1406
122000692,270,506,-236
122000693,134,1150,-1016
122000695,44,265,-221
122000696,36,145,-109
122000698,84,675,-591
122000699,39,17,22
122000701,501,264,237
122000702,289,1126,-837
122000703,36,16,20
122000712,0,0,0
122000717,1107,64,1043
122000718,675,352,323
122000719,18,20,-2
122000720,89,122,-33
122000724,91,134,-43
122900001,5,0,5
122900002,352,597,-245
122900003,70,17,53
122900004,317,1,316
122900005,10,32,-22
122900006,361,212,149
122900007,11,12,-1
122900008,397,64,333
122900009,91,40,51
122900010,81,22,59
122900012,73,83,-10
122900014,43,122,-79
122900015,574,102,472
122900016,48,191,-143
122900017,190,269,-79
122900018,75,4,71
122900020,172,121,51
122900021,12,133,-121
122900022,78,558,-480
122900023,44,86,-42
122900024,33,39,-6
122900025,2,38,-36
122900026,79,92,-13
122900027,18,345,-327
122900028,26,37,-11
122900029,1865,320,1545
122900030,556,138,418
122900031,32,62,-30
122900032,49,136,-87
122900033,131,69,62
122900034,976,1297,-321
122900035,4,7,-3
122900036,1,25,-24
122900037,150,33,117
122900038,20,756,-736
122900039,24,90,-66
122900040,99,163,-64
122900041,110,51,59
122900042,45,121,-76
122900043,98,65,33
122900044,18,98,-80
122900045,34,60,-26
122900046,119,20,99
122900047,34,40,-6
122900048,8,42,-34
122900049,1183,31,1152
122900051,49,59,-10
122900052,13,45,-32
122900053,0,8,-8
122900055,41,34,7
122900057,92,3,89
122900061,162,31,131
122900062,83,188,-105
122900063,35,233,-198
122900064,378,223,155
122900065,80,69,11
122900066,101,86,15
122900067,799,220,579
122900069,30,457,-427
122900070,36,9,27
122900071,18,277,-259
122900073,22,171,-149
122900074,155,441,-286
122900075,1,37,-36
122900076,1,98,-97
122900077,0,92,-92
122900078,9,101,-92
122900080,14,5,9
122900081,38,28,10
122900082,181,57,124
122900083,28,33,-5
122900084,1,112,-111
122900086,2,12,-10
122900087,38,382,-344
122900088,1,19,-18
122900089,26,134,-108
122900090,6,434,-428
122900091,25,0,25
122900092,0,69,-69
122900093,0,218,-218
122900094,0,128,-128
122900095,40,0,40
122900096,12,169,-157
122900097,0,7,-7
122900098,25,58,-33
122900099,0,1,-1
122900100,84,49,35
122900101,141,59,82
122900102,6,6,0
122900103,8,0,8
122900104,5,3,2
122900105,0,1,-1
122900106,0,41,-41
122900107,2,168,-166
122900108,1,163,-162
122900109,30,71,-41
123000001,551,169,382
123000002,1634,802,832
123000003,1312,843,469
123000004,1298,1486,-188
123000005,817,933,-116
123000006,1273,1584,-311
123000007,1307,955,352
123000008,1057,1382,-325
123000009,1993,1748,245
123000010,1736,2075,-339
123000011,1359,406,953
123000012,659,1458,-799
123000013,1503,601,902
123000014,514,1379,-865
123000015,1813,287,1526
123000016,785,1710,-925
123000017,1122,692,430
123000018,29,34,-5
123000019,41,171,-130
123000020,22,61,-39
123000021,19,67,-48
123000022,151,417,-266
123000023,518,517,1
123000024,552,252,300
123000025,30,36,-6
123000026,4,76,-72
123000027,87,102,-15
123000028,212,245,-33
123000029,500,247,253
123000030,42,477,-435
123000031,43,201,-158
123000032,82,144,-62
123000033,78,25,53
123000034,269,266,3
123000035,64,66,-2
123000036,92,201,-109
123000037,77,138,-61
123000038,28,121,-93
123000039,388,347,41
123000040,457,139,318
123000041,279,195,84
123000042,223,180,43
123000043,448,674,-226
123000044,2103,776,1327
123000045,2800,506,2294
123000046,224,284,-60
123000047,637,215,422
123000048,19,108,-89
123000049,1139,1287,-148
123000050,540,592,-52
123000051,44,55,-11
123000052,232,498,-266
123000053,650,649,1
123000054,631,547,84
123000055,514,612,-98
123000056,396,590,-194
123000057,6293,2082,4211
123000058,279,306,-27
123000059,663,610,53
123000060,459,227,232
123000061,1316,323,993
123000063,131,85,46
123000064,371,127,244
123000065,2193,854,1339
123000066,687,331,356
123000067,168,276,-108
123000068,1348,1218,130
123000069,2836,1783,1053
123000070,26,74,-48
123000071,122,327,-205
123000072,361,526,-165
123000073,381,467,-86
123000074,988,1206,-218
123000075,211,486,-275
123000076,169,578,-409
123000077,601,1169,-568
123000078,326,649,-323
123000079,291,1082,-791
123000080,936,1483,-547
123000081,148,369,-221
123000082,131,356,-225
123000083,208,156,52
123000084,120,428,-308
123000085,57,83,-26
123000086,92,307,-215
123000087,101,488,-387
123000088,454,1165,-711
123000089,177,553,-376
123000090,417,604,-187
123000091,855,762,93
123000092,827,1049,-222
123000094,221,186,35
123000095,70,269,-199
123000096,151,182,-31
123000097,171,629,-458
123000098,194,280,-86
123000099,203,552,-349
123000100,208,290,-82
123000101,200,171,29
123000102,140,180,-40
123000104,140,132,8
123000105,329,255,74
123000106,185,117,68
123000107,162,325,-163
123000108,1260,355,905
123000111,134,122,12
123000112,173,161,12
123000113,260,507,-247
123000114,181,255,-74
123000115,100,112,-12
123000116,15,77,-62
123000117,240,480,-240
123000118,77,201,-124
123000119,340,665,-325
123000120,379,518,-139
123000121,138,188,-50
123000122,214,207,7
123000123,286,289,-3
123000124,248,255,-7
123000125,378,235,143
123000126,858,551,307
123000127,796,431,365
123000128,162,219,-57
123000129,100,67,33
123000130,95,28,67
123000131,210,196,14
123000132,180,287,-107
123000133,180,144,36
123000134,283,91,192
123000135,386,512,-126
123000136,59,808,-749
123000137,64,215,-151
123000138,43,266,-223
123000139,73,38,35
123000140,46,283,-237
123000141,231,31,200
123000142,369,500,-131
123000143,638,1354,-716
123000144,3,1,2
123000145,72,59,13
123000146,7,34,-27
123000147,23,41,-18
123000149,74,107,-33
123000150,86,86,0
123000151,123,200,-77
123000152,11,175,-164
123000153,39,206,-167
123000154,993,676,317
123000155,1294,277,1017
123000156,23,45,-22
123000157,216,415,-199
123000158,183,184,-1
123000159,925,555,370
123000160,161,135,26
123000161,263,151,112
123000162,159,359,-200
123000163,79,8,71
123000164,129,46,83
123000165,116,620,-504
123000166,9,106,-97
123000167,37,188,-151
123000168,76,221,-145
123000169,86,53,33
123000170,6,257,-251
123000171,27,34,-7
123000172,70,343,-273
123000173,128,22,106
123000174,104,31,73
123000175,363,705,-342
123000176,178,62,116
123000177,136,684,-548
123000178,156,20,136
123000179,11,205,-194
123000180,388,120,268
123000181,112,523,-411
123000183,46,57,-11
123000186,35,444,-409
123000187,108,1,107
123000188,83,21,62
123000189,46,105,-59
123000190,0,22,-22
123000192,8,172,-164
123000193,29,531,-502
123000194,138,169,-31
123000195,55,1,54
123000196,29,0,29
123000197,49,8,41
123000198,8,89,-81
123000199,10,284,-274
123000200,69,12,57
123000201,77,0,77
123000202,18,786,-768
123000203,125,22,103
123000204,24,829,-805
123000205,126,1267,-1141
123000206,298,43,255
123000207,65,702,-637
123000208,141,33,108
123000209,363,75,288
123000210,111,1013,-902
123000211,289,2672,-2383
123000212,508,171,337
123000213,123,37,86
123000215,98,34,64
123000216,105,103,2
123000217,54,14,40
123000218,69,145,-76
123000219,318,19,299
123000220,126,19,107
123000222,104,125,-21
123000223,77,157,-80
123000224,131,337,-206
123000225,45,41,4
123000226,35,174,-139
123000227,20,220,-200
123000228,47,22,25
123000229,460,1065,-605
123000232,24,275,-251
123000233,185,48,137
123000234,76,409,-333
123000235,91,120,-29
123000236,61,549,-488
123000237,94,11,83
123000238,12,343,-331
123000239,121,1137,-1016
123000240,3,77,-74
123000241,654,58,596
123000243,668,482,186
123000244,340,345,-5
123000245,10,99,-89
123000249,334,352,-18
123000252,143,27,116
123000253,128,79,49
123000254,120,555,-435
123000255,269,306,-37
123000256,94,301,-207
123000257,1015,860,155
123000258,971,695,276
123000259,60,73,-13
123000260,63,225,-162
123000261,83,464,-381
123000262,31,177,-146
123000263,89,38,51
123000264,97,26,71
123000265,22,89,-67
123000266,150,282,-132
123000267,117,120,-3
123000268,7,65,-58
123000269,8,16,-8
123000270,13,11,2
123000271,20,48,-28
123000272,355,136,219
123000273,47,248,-201
123000274,170,74,96
123000275,102,566,-464
123000278,1676,1965,-289
123000279,29,33,-4
123000280,183,131,52
123000281,70,17,53
123000282,22,122,-100
123000283,42,20,22
123000284,20,67,-47
123000286,180,242,-62
123000287,297,126,171
123000288,240,148,92
123000289,152,250,-98
123000291,115,458,-343
123000294,191,150,41
123000295,283,456,-173
123000296,188,404,-216
123000297,206,560,-354
123000298,126,430,-304
123000299,50,344,-294
123000300,607,620,-13
123000301,54,159,-105
123000302,18,70,-52
123000303,11,68,-57
123000305,429,500,-71
123000306,10,202,-192
123000309,19,42,-23
123000310,55,15,40
123000311,28,123,-95
123000312,443,832,-389
123000313,192,355,-163
123000315,37,125,-88
123000316,161,119,42
123000317,68,13,55
123000318,11,172,-161
123000329,5,9,-4
123000337,48,135,-87
123000338,183,23,160
123000339,24,230,-206
123000340,122,594,-472
123000342,1,152,-151
123000343,9,0,9
123000344,619,166,453
123000345,306,344,-38
123000346,140,226,-86
123000352,934,390,544
123000353,10,71,-61
123000354,343,4,339
123000355,12,641,-629
123000356,46,2,44
123000357,2,179,-177
123000359,2,105,-103
123000360,47,10,37
123000361,311,120,191
123000362,83,57,26
123000363,80,114,-34
123000364,254,230,24
123000365,0,109,-109
123000366,264,556,-292
123000367,413,1207,-794
123000370,11,189,-178
123000371,18,4,14
123000372,27,7,20
123000373,2,187,-185
123000374,4,81,-77
123000375,43,21,22
123000376,216,260,-44
123000377,74,3,71
123000378,9,249,-240
123000379,0,169,-169
123000380,14,59,-45
123000381,58,13,45
123000382,325,16,309
123000383,125,168,-43
123000384,168,28,140
123000385,67,298,-231
123000436,37,758,-721
123000507,241,174,67
123000508,157,337,-180
123000517,55,12,43
123000518,23,105,-82
123000519,78,7,71
123000520,22,79,-57
123000521,125,91,34
123000522,110,528,-418
123000541,0,0,0
123000542,1,24,-23
123000565,117,3,114
123000566,12,517,-505
123000567,46,156,-110
123000575,11,572,-561
123000576,238,19,219
123000577,106,283,-177
123000578,188,58,130
123000579,2090,1156,934
123000580,33,4,29
123000582,76,4,72
123000583,5,227,-222
123000584,24,102,-78
123000585,0,39,-39
123000586,7,1,6
123000596,84,107,-23
123000597,25,39,-14
123000602,4,1,3
123000603,155,27,128
123000604,233,536,-303
123000605,357,30,327
123000606,1,144,-143
123000609,5,197,-192
123000610,31,20,11
123000613,3,67,-64
123000615,44,141,-97
123000616,124,16,108
123000617,11,382,-371
123000618,2,384,-382
123000619,162,19,143
123000620,21,1505,-1484
123000622,358,22,336
123000624,134,58,76
123000630,537,428,109
123000631,3227,1781,1446
123000632,1249,944,305
123000633,15,230,-215
123000634,29,13,16
123000635,122,64,58
123000636,12,288,-276
123000637,67,34,33
123000638,75,125,-50
123000639,638,1063,-425
123000640,15,647,-632
123000648,141,64,77
123000649,150,772,-622
123000650,47,80,-33
123000651,152,300,-148
123000652,38,81,-43
123000653,46,433,-387
123000654,216,270,-54
123000655,9,291,-282
123000656,177,71,106
123000657,1,38,-37
123000658,31,13,18
123900001,709,45,664
123900002,4,502,-498
123900003,135,269,-134
123900005,40,23,17
123900006,40,5,35
124000001,601,18,583
124000002,10,369,-359
124000003,107,33,74
124000004,17,383,-366
124000005,240,59,181
124000006,150,907,-757
124000007,263,41,222
124000008,8,190,-182
124000009,167,109,58
124000010,55,389,-334
124000011,164,77,87
124000012,100,619,-519
124000017,18,31,-13
124000018,30,46,-16
124000019,34,31,3
124000020,8,112,-104
124000021,14,30,-16
124000022,45,101,-56
124000023,356,86,270
124000024,656,265,391
124000025,397,109,288
124000026,417,351,66
124000027,644,152,492
124000028,1144,601,543
124000031,394,286,108
124000032,3410,751,2659
124000033,401,167,234
124000034,749,611,138
124000035,75,22,53
124000036,56,338,-282
124000037,138,74,64
124000038,5,50,-45
124000039,297,61,236
124000040,155,177,-22
124000041,102,23,79
124000042,24,197,-173
124000043,19,14,5
124000044,14,201,-187
124000045,153,193,-40
124000046,44,525,-481
124000047,297,256,41
124000048,149,1188,-1039
124000049,307,269,38
124000050,162,1701,-1539
124000051,141,172,-31
124000052,211,973,-762
124000053,132,306,-174
124000054,240,441,-201
124000055,421,502,-81
124000056,2060,790,1270
124000057,247,189,58
124000058,216,1121,-905
124000059,119,202,-83
124000060,271,552,-281
124000061,376,981,-605
124000062,4783,954,3829
124000063,747,831,-84
124000064,1493,1054,439
124000065,135,109,26
124000066,175,25,150
124000067,15,107,-92
124000068,14,48,-34
124000069,103,113,-10
124000070,66,228,-162
124000071,8,39,-31
124000072,70,345,-275
124000073,213,72,141
124000074,80,559,-479
124000075,43,21,22
124000076,11,114,-103
124000077,372,211,161
124000078,976,97,879
124000079,154,305,-151
124000080,75,42,33
124000081,41,586,-545
124000082,7,59,-52
124000083,20,119,-99
124000084,12,102,-90
124000085,16,27,-11
124000086,23,15,8
124000087,24,16,8
124000088,36,100,-64
124000089,148,174,-26
124000090,56,204,-148
124000091,121,96,25
124000092,23,433,-410
124000093,42,24,18
124000094,22,142,-120
124000095,37,25,12
124000096,41,174,-133
124000097,27,38,-11
124000098,16,94,-78
124000099,22,37,-15
124000100,6,67,-61
124000101,18,91,-73
124000102,34,59,-25
124000103,13,44,-31
124000104,21,69,-48
124000105,8,16,-8
124000106,109,94,15
124000107,5,39,-34
124000108,17,19,-2
124000109,57,25,32
124000110,44,77,-33
124000111,81,90,-9
124000112,175,402,-227
124000113,29,51,-22
124000114,106,354,-248
124000115,238,518,-280
124000116,31,43,-12
124000117,31,32,-1
124000118,17,45,-28
124000119,294,286,8
124000120,143,293,-150
124000121,1263,233,1030
124000122,279,533,-254
124000123,326,141,185
124000124,184,364,-180
124000125,113,168,-55
124000126,132,304,-172
124000127,181,161,20
124000128,133,556,-423
124000129,653,606,47
124000130,316,315,1
124000131,400,266,134
124000132,444,501,-57
124000133,198,330,-132
124000134,196,479,-283
124000135,578,587,-9
124000136,399,573,-174
124000137,357,227,130
124000138,337,502,-165
124000139,139,14,125
124000140,44,283,-239
124000141,166,14,152
124000142,21,425,-404
124000143,21,8,13
124000144,6,102,-96
124000145,31,8,23
124000146,1,64,-63
124000148,0,10,-10
124000149,210,87,123
124000150,77,298,-221
124000151,218,90,128
124000152,212,588,-376
124000153,149,123,26
124000154,115,543,-428
124000155,357,223,134
124000156,544,479,65
124000169,101,78,23
124000170,321,193,128
124000171,68,72,-4
124000172,172,365,-193
124000173,59,162,-103
124000174,130,395,-265
124000175,0,95,-95
124000176,2,4,-2
124000177,7,16,-9
124000178,13,6,7
124000185,6,2,4
124000186,1,47,-46
124000187,3,92,-89
124000188,6,1,5
124000190,118,10,108
124000191,193,60,133
124000192,501,103,398
124000193,155,574,-419
124000194,149,346,-197
124000195,97,172,-75
124000196,415,693,-278
124000197,20,21,-1
124000198,6,26,-20
124000201,97,649,-552
124000202,154,20,134
124000203,38,633,-595
124000204,131,313,-182
124000205,15,407,-392
124000206,76,204,-128
124000207,1,64,-63
124000209,41,249,-208
124000210,51,103,-52
124000211,87,2,85
124000212,3,464,-461
124000213,33,237,-204
124000214,92,370,-278
124000215,81,11,70
124000216,0,433,-433
124000329,23,1528,-1505
124000338,12,689,-677
124000339,86,12,74
124000341,143,12,131
124000344,7,5,2
124000357,593,830,-237
124000358,752,1004,-252
124000359,278,202,76
124000360,130,177,-47
124000361,327,302,25
124000362,663,938,-275
124000363,86,385,-299
124000364,181,766,-585
124000365,454,847,-393
124000366,1682,898,784
124000367,39,322,-283
124000368,99,80,19
124000369,27,33,-6
124000370,30,241,-211
124000402,4,1,3
124000403,24,4,20
124000404,10,62,-52
124000405,285,344,-59
124000406,241,384,-143
124000407,1,18,-17
124000411,6,130,-124
124000412,63,6,57
124000413,123,14,109
124000414,14,61,-47
124000415,25,181,-156
124000416,44,275,-231
124000417,36,67,-31
124000418,25,50,-25
124000419,54,164,-110
124000420,18,20,-2
124000421,8,220,-212
124000422,15,4,11
124000423,15,14,1
124000424,2,70,-68
124000425,19,0,19
124000426,3,117,-114
124000427,40,11,29
124000428,4,7,-3
124000429,11,50,-39
124000430,165,265,-100
124000431,81,352,-271
124000432,33,402,-369
124000439,4,1,3
124000443,1,52,-51
124000445,311,195,116
124000446,1816,57,1759
124000447,5,48,-43
124000448,16,9,7
124000449,4,5,-1
124000450,3,385,-382
124000451,4,199,-195
124000452,292,26,266
124000453,1098,742,356
124000454,1388,1760,-372
124000455,5,686,-681
124000456,87,4,83
124000457,4,515,-511
124000458,2,226,-224
124000459,45,4,41
124000460,1,174,-173
124900001,50,90,-40
124900002,29,281,-252
124900003,103,172,-69
124900004,68,131,-63
124900005,41,75,-34
124900006,90,137,-47
124900008,320,120,200
124900009,28,21,7
124900010,20,9,11
124900011,48,49,-1
124900012,59,27,32
124900013,78,50,28
124900014,33,26,7
124900015,45,32,13
124900016,15,18,-3
124900017,215,105,110
124900018,9,0,9
124900020,3,5,-2
124900021,19,6,13
124900022,7,2,5
124900024,22,0,22
124900026,5,1,4
124900027,18,36,-18
124900028,259,50,209
124900029,7,103,-96
124900030,1,63,-62
124900031,2,191,-189
124900032,68,72,-4
124900033,29,180,-151
124900034,2,65,-63
124900035,28,276,-248
124900036,2,7,-5
124900037,17,186,-169
124900038,85,172,-87
124900039,0,9,-9
124900040,10,32,-22
124900041,76,712,-636
124900042,12,1,11
124900043,118,594,-476
124900044,7,0,7
124900045,154,223,-69
124900047,15,68,-53
124900048,25,59,-34
124900050,39,106,-67
124900052,21,121,-100
124900053,19,107,-88
124900054,2221,126,2095
124900055,3,62,-59
124900057,8,482,-474
124900060,15,135,-120
124900061,10,0,10
124900062,3,0,3
124900066,1,13,-12
124900067,3,85,-82
124900068,66,46,20
124900070,8,10,-2
124900072,8,9,-1
124900075,12,134,-122
124900076,4,102,-98
124900077,6,40,-34
124900078,19,2,17
124900079,187,20,167
124900080,53,424,-371
124900081,126,77,49
124900082,92,547,-455
124900083,61,236,-175
124900085,494,99,395
124900086,8,80,-72
124900087,157,12,145
124900088,176,34,142
124900089,577,4,573
124900090,56,58,-2
124900091,105,332,-227
124900092,51,228,-177
124900093,60,92,-32
124900094,33,96,-63
124900095,20,103,-83
124900096,147,19,128
124900097,68,27,41
124900098,56,163,-107
124900099,182,81,101
124900100,28,7,21
124900101,16,128,-112
124900102,20,1,19
124900103,39,207,-168
124900104,7,123,-116
124900105,9,84,-75
124900106,63,12,51
124900107,11,1,10
124900108,47,10,37
124900111,0,12,-12
124900112,14,378,-364
124900113,23,28,-5
124900114,47,8,39
124900115,21,16,5
124900116,32,23,9
124900117,410,44,366
124900118,72,37,35
124900119,62,29,33
124900120,6,224,-218
124900121,22,43,-21
124900122,366,73,293
124900123,100,8,92
124900124,33,28,5
124900125,92,0,92
124900126,2,543,-541
204000001,30,21,9
204000002,10,21,-11
204000003,0,0,0
204000004,0,2,-2
204000005,160,130,30
204000006,234,365,-131
204000011,6,34,-28
204000012,2,100,-98
204000019,248,218,30
204000020,158,414,-256
204000021,961,398,563
204000022,138,218,-80
204000023,134,881,-747
204000031,34,6,28
204000032,278,12,266
204000034,12,41,-29
204000035,0,2,-2
204000036,18,12,6
204000037,4,17,-13
204000038,1,24,-23
204000039,1,32,-31
204000040,2,25,-23
204000041,7,16,-9
204000042,3,2,1
204000043,1,8,-7
204000044,3,2,1
204000045,3,5,-2
204000046,0,0,0
204000057,3,22,-19
204000062,9,234,-225
204000068,19,101,-82
204000069,11,97,-86
204000070,13,29,-16
204000080,7,23,-16
204000085,339,760,-421
204000086,1436,900,536
204000087,18,12,6
204000088,2,61,-59
204000090,5,240,-235
204000093,21,42,-21
204000096,211,197,14
204000097,98,6,92
204000099,397,402,-5
204000100,240,212,28
204000105,621,653,-32
204000110,343,604,-261
204000111,192,472,-280
204000112,183,566,-383
204000113,138,488,-350
204000114,176,140,36
204000115,103,191,-88
204000116,204,264,-60
204000119,416,503,-87
204000132,129,82,47
204000133,159,120,39
204000134,42,54,-12
204000135,111,42,69
204000136,93,98,-5
204000138,105,114,-9
204000140,56,51,5
204000141,31,14,17
204000144,0,6,-6
204000145,221,10,211
204000146,47,579,-532
204000147,36,99,-63
204000148,391,62,329
204000154,1,3,-2
204000155,0,4,-4
204000177,10,34,-24
204000179,0,1,-1
204000180,1,29,-28
204000222,8,2,6
204000236,28,355,-327
204000238,14,9,5
204000240,332,66,266
204000263,244,859,-615
204000268,264,135,129
204000308,2,2,0
204000317,6,38,-32
204000322,10,28,-18
204000323,61,24,37
204000328,131,92,39
204000329,84,247,-163
204000330,210,109,101
204000331,57,401,-344
205000001,361,588,-227
205000013,8,56,-48
205000014,18,69,-51
205000015,20,117,-97
205000016,3,90,-87
205000017,15,44,-29
205000022,141,373,-232
205000025,815,467,348
205000029,86,8,78
205000045,27,94,-67
205000046,15,432,-417
205000047,11,353,-342
205000048,42,579,-537
205000049,56,456,-400
205000050,916,147,769
205000059,0,147,-147
205000060,1,30,-29
205000061,0,5,-5
205000062,1,21,-20
205000063,7,31,-24
205000064,9,41,-32
205000065,27,324,-297
205000066,17,376,-359
205000067,8,632,-624
205000069,119,31,88
205000082,63,90,-27
205000110,43,114,-71
205000111,37,169,-132
205000112,27,67,-40
205000113,102,95,7
205000121,60,35,25
205000123,25,113,-88
205000126,49,34,15
205000127,78,34,44
205000128,138,55,83
205000129,105,54,51
205000130,91,16,75
205000131,37,3,34
205000132,336,1,335
205000133,47,0,47
205000134,51,0,51
205000137,49,55,-6
205000138,84,138,-54
205000139,17,36,-19
205000144,14,26,-12
205000145,90,39,51
205000151,21,13,8
205000152,28,7,21
205000153,87,13,74
205000154,16,13,3
205000155,44,2,42
205000207,20,86,-66
205000233,3,0,3
205000234,0,1,-1
205000243,0,0,0
205000244,0,2,-2
205000245,22,216,-194
205000249,0,12,-12
205000250,1,1,0
205000264,1,66,-65
206000027,4,3,1
206000028,5,1,4
206000043,6,107,-101
206000053,10,14,-4
206000054,9,14,-5
206000055,2,29,-27
206000075,1,0,1
206000076,18,5,13
206000077,14,3,11
206000078,4,6,-2
206000079,5,10,-5
206000082,189,12,177
206000100,27,298,-271
206000103,10,19,-9
206000104,7,22,-15
206000105,7,14,-7
206000106,14,26,-12
206000125,20,0,20
206000157,92,374,-282
206000170,2,269,-267
206000171,2,223,-221
206000172,5,875,-870
206000173,0,308,-308
206000174,7,169,-162
206000175,1,217,-216
206000176,7,470,-463
206000177,2,238,-236
206000178,2,168,-166
206000179,2,74,-72
206000180,23,176,-153
206000181,3,210,-207
206000182,18,259,-241
206000183,19,599,-580
206000184,4,361,-357
206000185,5,322,-317
206000186,101,1429,-1328
206000223,2,227,-225
206000226,1,1,0
206000227,8,0,8
206000237,22,385,-363
206000238,42,691,-649
206000239,374,1638,-1264
206000240,0,40,-40
206000241,0,153,-153
206000242,8,526,-518
206000243,29,446,-417
206000244,44,1017,-973
206000245,229,35,194
206000246,39,6,33
206000247,39,8,31
206000248,82,9,73
206000252,59,11,48
206000258,10,16,-6
206000315,17,5,12
206000317,150,41,109
206000318,51,25,26
206000319,244,61,183
206000320,32,21,11
206000321,29,12,17
206000322,104,7,97
206000323,34,2,32
206000324,30,4,26
206000325,58,4,54
206000326,22,4,18
206000327,78,9,69
206000328,37,3,34
206000329,46,2,44
206000330,11,10,1
206000331,27,5,22
206000332,11,3,8
206000333,101,2,99
206000334,60,2,58
206000335,1,21,-20
206000361,2,151,-149
206000392,7,43,-36
206000405,87,2,85
206000441,7,5,2
206000498,17,9,8
206000515,94,14,80
206000530,44,23,21
206000531,32,32,0
206000532,525,36,489
206000535,172,1447,-1275
206000536,4,221,-217
206000537,12,145,-133
206000613,400,63,337
206000784,339,18,321
207000001,83,225,-142
207000002,22,212,-190
207000003,40,214,-174
207000007,319,181,138
207000008,17,14,3
207000009,22,22,0
207000010,202,438,-236
207000012,109,104,5
207000015,202,1051,-849
207000019,95,34,61
207000021,188,69,119
207000022,26,38,-12
207000023,48,36,12
207000024,4,5,-1
207000025,2,38,-36
207000026,65,34,31
207000027,2,23,-21
207000028,26,167,-141
207000029,116,256,-140
207000033,90,106,-16
207000034,104,27,77
207000039,88,64,24
207000040,43,86,-43
207000041,12,47,-35
207000042,67,56,11
207000043,75,64,11
207000051,21,229,-208
207000052,3,182,-179
207000053,189,401,-212
207000054,11,103,-92
207000055,32,219,-187
207000056,131,393,-262
207000057,49,185,-136
207000058,33,422,-389
207000059,23,761,-738
207000060,31,235,-204
207000061,36,64,-28
207000062,106,20,86
207000063,84,96,-12
207000064,102,84,18
207000065,87,87,0
207000066,42,84,-42
207000067,17,61,-44
207000068,49,37,12
207000069,255,187,68
207000082,26,224,-198
207000083,26,300,-274
207000084,52,87,-35
207000085,77,8,69
207000086,34,7,27
207000106,13,22,-9
207000107,48,21,27
207000108,21,11,10
207000109,19,5,14
207000110,21,24,-3
207000111,37,43,-6
207000112,43,70,-27
207000114,15,20,-5
207000115,15,49,-34
207000116,11,132,-121
207000117,3,114,-111
207000118,1,74,-73
207000119,8,40,-32
207000123,92,7,85
207000124,13,15,-2
207000125,30,23,7
207000126,38,8,30
207000134,22,203,-181
207000135,9,188,-179
207000148,38,63,-25
207000149,28,25,3
207000152,82,260,-178
207000153,431,524,-93
207000154,144,73,71
207000159,25,216,-191
207000160,25,533,-508
207000238,1,43,-42
207000242,0,63,-63
207000248,25,26,-1
207000249,47,39,8
207000250,278,40,238
207000251,103,33,70
207000252,40,44,-4
207000278,18,55,-37
207000279,12,149,-137
207000280,125,34,91
207000281,30,852,-822
207000282,12,9,3
207000283,23,102,-79
207000284,10,40,-30
207000285,74,18,56
207000291,5,100,-95
207000304,43,78,-35
207000306,19,254,-235
207000310,16,32,-16
207000353,58,3,55
207000356,4,10,-6
207000357,3,9,-6
207000358,8,10,-2
207000415,5,72,-67
207000417,16,1,15
207000418,35,66,-31
207000438,0,4,-4
207000439,496,143,353
207000446,41,3,38
207000460,9,2,7
207000466,99,105,-6
207000467,75,42,33
207000468,18,405,-387
207000476,1,21,-20
207000477,75,57,18
207000478,0,3,-3
207000523,0,13,-13
207000524,11,0,11
207000527,38,61,-23
207000530,48,2,46
207000531,45,2,43
207000532,24,4,20
207000534,233,22,211
207000535,18,70,-52
207000537,11,64,-53
207000540,4,78,-74
207000541,3,151,-148
207000548,4,146,-142
207000549,47,3,44
207000561,43,10,33
207000562,25,163,-138
207000567,77,189,-112
207000568,26,72,-46
207000569,49,650,-601
207000584,58,59,-1
207000585,12,50,-38
207000587,44,17,27
207000616,1,142,-141
207000617,31,0,31
207000624,39,8,31
207000631,2,20,-18
207900008,57,251,-194
208000001,169,273,-104
208000002,219,329,-110
208000003,303,291,12
208000004,287,312,-25
208000005,15,5,10
208000019,112,262,-150
208000020,29,166,-137
208000021,29,303,-274
208000022,166,426,-260
208000028,396,290,106
208000033,164,425,-261
208000034,598,708,-110
208000037,153,29,124
208000040,21,64,-43
208000041,170,150,20
208000042,179,165,14
208000047,38,228,-190
208000064,911,484,427
208000066,450,285,165
208000070,44,202,-158
208000071,78,351,-273
208000072,91,408,-317
208000080,45,170,-125
208000081,49,103,-54
208000082,133,153,-20
208000083,47,175,-128
208000084,2,5,-3
208000085,362,261,101
208000086,192,487,-295
208000087,96,401,-305
208000089,213,396,-183
208000090,207,616,-409
208000093,19,25,-6
208000094,111,240,-129
208000095,282,180,102
208000104,331,357,-26
208000105,189,405,-216
208000114,21,44,-23
208000115,128,148,-20
208000116,59,374,-315
208000117,8,43,-35
208000118,32,35,-3
208000155,279,421,-142
208000158,763,1070,-307
208000186,720,495,225
208000204,173,483,-310
208000205,378,794,-416
208000282,853,411,442
209000004,33,110,-77
209000005,9,16,-7
209000006,149,55,94
209000007,71,66,5
209000010,221,70,151
209000011,91,121,-30
209000012,74,153,-79
209000013,80,435,-355
209000014,238,1071,-833
209000025,118,8,110
209000026,303,37,266
209000027,159,856,-697
209000028,163,823,-660
209000029,284,680,-396
209000030,149,1051,-902
209000031,2539,1304,1235
209000034,92,87,5
209000035,32,74,-42
209000036,38,54,-16
209000037,59,110,-51
209000038,39,75,-36
209000039,25,82,-57
209000040,131,224,-93
209000041,72,190,-118
209000042,115,260,-145
209000043,212,234,-22
209000044,90,239,-149
209000045,165,157,8
209000046,104,196,-92
209000047,47,67,-20
209000048,96,85,11
209000049,12,131,-119
209000050,94,176,-82
209000051,57,243,-186
209000052,72,237,-165
209000062,14,116,-102
209000063,6,89,-83
209000064,12,118,-106
209000065,15,16,-1
209000066,6,17,-11
209000067,15,57,-42
209000080,19,131,-112
209000082,13,19,-6
209000091,11,45,-34
209000093,34,20,14
209000094,54,36,18
209000110,10,12,-2
209000111,207,373,-166
209000112,151,229,-78
209000113,369,201,168
209000114,153,127,26
209000115,45,133,-88
209000116,639,333,306
209000118,1,9,-8
209000119,8,10,-2
209000121,43,372,-329
209000135,32,21,11
209000142,468,339,129
209000143,36,37,-1
209000144,7,16,-9
209000229,41,104,-63
209000240,30,389,-359
209000259,36,114,-78
209000260,32,442,-410
209000261,1,308,-307
209000262,0,343,-343
209000263,0,56,-56
209000264,0,13,-13
209000265,22,1,21
209000266,12,0,12
209000267,82,0,82
209000268,68,9,59
210000037,7,18,-11
210000047,13,21,-8
210000048,17,14,3
210000049,11,26,-15
210000052,8,124,-116
210000053,4,73,-69
210000054,31,76,-45
210000070,12,1,11
210000071,8,0,8
210000072,5,0,5
210000073,0,13,-13
210000074,2,47,-45
210000075,0,37,-37
210000076,2,71,-69
210000077,12,19,-7
210000078,20,12,8
210000079,19,4,15
210000080,27,23,4
210000081,16,4,12
210000082,23,0,23
210000083,20,0,20
210000084,5,0,5
210000085,0,42,-42
210000086,0,49,-49
210000099,24,91,-67
210000100,17,129,-112
210000101,27,167,-140
210000105,28,88,-60
210000159,0,69,-69
210000163,124,152,-28
210000164,130,26,104
210000168,76,17,59
210000187,0,3,-3
210000188,0,20,-20
210000214,14,0,14
210000219,12,35,-23
210000220,24,48,-24
210000232,1,24,-23
210000233,2,41,-39
210000234,9,93,-84
210000235,21,113,-92
210000245,0,13,-13
210000246,7,1,6
210000258,2,60,-58
210000259,58,6,52
210000282,27,78,-51
210000285,1,66,-65
210000286,13,111,-98
210000290,2,7,-5
210000295,24,81,-57
210000296,16,38,-22
210000320,26,75,-49
210000321,29,36,-7
210000338,31,99,-68
210000339,200,214,-14
210000340,38,96,-58
210000341,59,154,-95
210000342,43,115,-72
210000343,42,125,-83
210000344,94,49,45
210000345,133,49,84
210000346,25,31,-6
210000347,41,14,27
210000348,26,7,19
210000349,23,6,17
210000350,17,35,-18
210000351,27,56,-29
210000352,8,45,-37
210000353,9,65,-56
210000354,12,62,-50
210000355,18,35,-17
210000356,31,19,12
210000357,25,7,18
210000358,167,51,116
210000359,76,26,50
210000360,98,66,32
210000361,48,64,-16
210000362,97,102,-5
210000363,354,50,304
210000364,56,32,24
210000365,45,13,32
210000366,31,16,15
210000367,10,5,5
210000368,70,7,63
210000369,7,18,-11
210000370,12,41,-29
210000372,10,12,-2
210000373,10,8,2
210000374,21,7,14
210000375,5,44,-39
210000376,20,77,-57
210000404,53,99,-46
210000439,5,29,-24
210000472,36,1,35
210000482,45,22,23
210000564,176,27,149
210000567,0,6,-6
210000568,248,1,247
211000092,11,61,-50
211000094,1,4,-3
211000169,70,2,68
211000172,2,124,-122
211000209,0,13,-13
211000226,0,15,-15
211000270,3,10,-7
211000275,17,32,-15
211000276,17,13,4
211000279,3,59,-56
211000281,3,48,-45
211000302,2,80,-78
211507980,0,9,-9
211977296,12,3,9
212000003,28,18,10
212000004,26,14,12
212000005,12,15,-3
212000006,11,54,-43
212000008,50,198,-148
212000009,4,122,-118
212000012,14,47,-33
212000013,7,43,-36
212000014,80,89,-9
212000015,57,125,-68
212000016,95,255,-160
212000027,131,214,-83
212000028,47,137,-90
212000029,49,115,-66
212000030,7,8,-1
212000031,7,56,-49
212000048,5,35,-30
212000049,2,35,-33
212000050,1,7,-6
212000051,62,123,-61
212000052,31,295,-264
212000053,92,351,-259
212000054,43,72,-29
212000055,41,151,-110
212000056,6,24,-18
212000057,4,9,-5
212000058,148,8,140
212000070,40,209,-169
212000077,30,393,-363
212000099,47,101,-54
212000108,52,77,-25
212000111,48,63,-15
212000120,36,83,-47
212000138,19,15,4
212000156,0,68,-68
212000158,1,6,-5
212000159,71,26,45
212000160,142,84,58
212000161,10,3,7
212000310,1,11,-10
212000311,4,24,-20
212000374,3,9,-6
213000001,8,472,-464
213000005,63,50,13
213000006,372,28,344
213000007,35,6,29
213000009,142,34,108
213000010,87,32,55
213000011,76,20,56
213000012,64,152,-88
213000014,6,5,1
213000015,21,1,20
213000016,43,1,42
213000017,4,0,4
213000018,1,91,-90
213000019,1,71,-70
213000020,48,96,-48
213000021,2,47,-45
213000023,52,47,5
213000033,72,265,-193
213000034,77,54,23
213000035,35,40,-5
213000045,21,137,-116
213000046,26,73,-47
213000047,137,321,-184
213000056,27,4,23
213000069,22,1,21
213000073,0,7,-7
213000074,48,283,-235
213000075,113,2,111
213000076,4,1,3
213000085,1,17,-16
213000086,8,156,-148
213000091,12,3,9
213000092,11,1,10
213000099,83,459,-376
213000100,331,54,277
213000101,30,87,-57
213000102,75,348,-273
213000103,160,419,-259
213000104,15,259,-244
213000105,0,37,-37
213000106,13,165,-152
213000107,30,464,-434
213000108,11,292,-281
213000109,2,116,-114
213000110,3,33,-30
213000111,1,30,-29
213000112,77,84,-7
213000115,20,2,18
213000116,30,384,-354
213000117,3,521,-518
213000118,109,159,-50
213000119,29,517,-488
213000120,35,553,-518
213000122,82,516,-434
213000123,326,508,-182
213000124,29,705,-676
213000125,42,4,38
213000126,12,47,-35
213000127,32,61,-29
213000128,282,147,135
213000129,221,68,153
213000130,96,48,48
213000132,67,19,48
213000133,42,18,24
213000134,134,18,116
213000136,100,4,96
213000137,157,23,134
213000139,159,8,151
213000147,6,0,6
213000148,2,3,-1
213000149,4,3,1
213000150,2,27,-25
213000151,0,48,-48
213000152,1,17,-16
213000153,0,14,-14
213000154,5,162,-157
213000155,11,183,-172
213000156,19,481,-462
213000157,397,340,57
213000158,64,237,-173
213000159,100,212,-112
213000163,134,27,107
213000165,247,42,205
213000171,20,132,-112
213000172,15,162,-147
213000173,0,53,-53
213000174,0,11,-11
213000175,7,21,-14
213000176,1,48,-47
213000177,1,8,-7
213000178,3,0,3
213000179,41,24,17
213000180,45,33,12
213000184,33,237,-204
213000188,81,17,64
213000189,78,4,74
213000190,267,340,-73
213000191,74,244,-170
213000192,43,371,-328
213000193,983,90,893
213000194,0,7,-7
213000195,7,419,-412
213000196,69,356,-287
213000197,80,65,15
213000198,5,0,5
213000200,20,588,-568
213000201,29,66,-37
213000202,2,432,-430
213000203,1104,104,1000
213000204,206,5,201
213000205,46,3,43
213000206,64,12,52
213000207,26,1,25
213000208,3,1,2
213000209,9,1,8
213000210,40,3,37
213000211,2,4,-2
213000212,6,13,-7
213000213,2,19,-17
213000218,69,487,-418
213000219,154,3,151
213000220,187,1,186
213000223,126,35,91
213000224,4,9,-5
213000225,8,3,5
213000226,17,3,14
213000227,166,79,87
213000228,28,43,-15
213000229,72,17,55
213000230,103,7,96
213000232,22,327,-305
213000233,1,11,-10
213000234,3,28,-25
213000293,0,35,-35
213000294,23,6,17
213000295,7,54,-47
213000296,11,8,3
213000297,15,43,-28
213000298,5,25,-20
213000299,17,26,-9
213000300,4,2,2
213000303,0,17,-17
213000304,1,2,-1
213000305,2,4,-2
213000306,16,14,2
213000307,33,38,-5
213000308,65,135,-70
213000309,24,35,-11
213000310,114,26,88
213000311,51,305,-254
213000315,19,74,-55
213000316,23,55,-32
213000322,1,20,-19
213000323,18,28,-10
213000340,50,616,-566
213000341,85,36,49
213000346,46,9,37
213000347,186,22,164
213000348,2,52,-50
213000349,0,3,-3
213000350,68,983,-915
213000366,12,151,-139
213000367,55,17,38
213000379,18,52,-34
213000386,4,80,-76
213000406,65,182,-117
213000417,277,137,140
213000425,15,29,-14
213000426,50,23,27
213000427,10,184,-174
213000428,5,160,-155
213000429,4,0,4
213000430,26,534,-508
213000431,51,1,50
213000432,0,1,-1
213000433,2,66,-64
213000434,22,46,-24
213000435,31,51,-20
213000439,23,9,14
213000441,0,1,-1
213000443,90,102,-12
213000445,1,59,-58
213000446,0,3,-3
213000447,0,13,-13
213000448,7,14,-7
213000449,35,2,33
213000450,5,15,-10
213000451,14,21,-7
213000452,7,6,1
213000453,13,126,-113
213000455,92,1,91
213000456,0,42,-42
213000481,10,0,10
213000482,43,4,39
213000489,223,15,208
213000491,0,34,-34
213000492,37,3,34
213000493,0,25,-25
213000494,36,33,3
213000495,0,4,-4
213000496,79,60,19
213000497,4,106,-102
213000498,20,93,-73
213000499,35,282,-247
213000500,22,36,-14
213000501,25,11,14
213000502,38,5,33
213000503,1,12,-11
213000504,1,52,-51
213000505,0,40,-40
213000506,0,1,-1
213000507,1,78,-77
213900244,4,0,4
213900245,0,26,-26
218000003,6,5,1
218000004,8,15,-7
218000005,12,28,-16
218000006,12,22,-10
218000007,6,14,-8
218000012,150,53,97
218000013,41,105,-64
218000014,232,171,61
218000019,392,229,163
218000020,227,233,-6
218000040,4,2,2
218000046,9,127,-118
218000047,0,216,-216
218000048,14,272,-258
218000049,24,157,-133
218000050,87,220,-133
218000051,25,374,-349
218000052,0,57,-57
218000053,0,6,-6
218000054,0,17,-17
218000055,3,5,-2
218000056,1,30,-29
218000057,1,17,-16
218000064,0,2,-2
218000065,12,43,-31
218000066,3,13,-10
218000067,12,67,-55
218000068,33,83,-50
218000069,55,159,-104
218000070,189,191,-2
218000071,80,213,-133
218000072,113,166,-53
218000078,253,929,-676
218000079,18,24,-6
218000080,19,33,-14
218000081,101,111,-10
218000082,13,61,-48
218000083,37,47,-10
218000084,40,158,-118
218000085,100,306,-206
218000086,16,148,-132
218000087,76,157,-81
218000090,7,26,-19
218000091,355,242,113
218000092,35,103,-68
218000093,50,101,-51
218000094,233,517,-284
218000099,109,183,-74
218000100,119,142,-23
218000101,117,61,56
218000102,82,152,-70
218000103,27,125,-98
218000104,19,31,-12
218000105,32,7,25
218000106,18,10,8
218000107,22,92,-70
218000108,1,70,-69
218000112,26,19,7
218000117,9,16,-7
218000134,180,515,-335
218000135,7,56,-49
218000136,65,26,39
218000137,43,67,-24
218000138,4,43,-39
218000139,25,234,-209
218000140,51,130,-79
218000141,6,22,-16
218000142,20,47,-27
218000143,12,60,-48
218000144,7,11,-4
218000145,85,199,-114
218000146,20,44,-24
218000151,35,10,25
218000152,18,40,-22
218000170,0,7,-7
218000171,7,1,6
218000172,6,0,6
218000173,4,2,2
218000174,1,4,-3
218000176,39,7,32
218000177,116,29,87
218000178,43,20,23
218000179,27,20,7
218000180,35,8,27
218000181,50,10,40
218000187,0,8,-8
218000188,3,23,-20
218000189,4,34,-30
218000190,0,4,-4
218000191,46,126,-80
218000192,37,301,-264
218000193,143,370,-227
218000194,14,255,-241
218000195,43,45,-2
218000196,112,172,-60
218000197,58,147,-89
218000198,3,109,-106
218000199,7,14,-7
218000200,3,33,-30
218000201,4,6,-2
218000202,110,116,-6
218000207,12,30,-18
218000208,16,20,-4
218000211,13,3,10
218000213,44,23,21
218000214,5,6,-1
218000215,22,64,-42
218000217,4,50,-46
218000218,105,35,70
218000219,18,7,11
218000220,27,168,-141
218000221,100,56,44
218000222,4,6,-2
218000223,27,97,-70
218000224,4,20,-16
218000225,74,8,66
218000226,30,21,9
218000232,40,39,1
218000239,10,0,10
218000240,2,1,1
218000241,1,0,1
218000242,1,0,1
218000243,5,0,5
218000244,0,0,0
218000245,2,0,2
218000246,0,0,0
218000247,0,0,0
218000248,0,11,-11
218000249,0,1,-1
218000250,0,3,-3
218000251,0,8,-8
218000252,0,11,-11
218000253,0,7,-7
218000254,0,12,-12
218000255,0,0,0
218000256,1,33,-32
218000267,699,575,124
218000268,2,26,-24
218000269,0,4,-4
218000270,23,46,-23
218000271,13,33,-20
218000273,5,8,-3
218000274,7,9,-2
218000275,4,11,-7
218000276,4,23,-19
218000278,11,27,-16
218000279,9,40,-31
218000280,0,25,-25
218000281,4,11,-7
218000282,241,109,132
218000284,84,13,71
218000301,12,56,-44
218000302,11,19,-8
218000303,3,37,-34
218000316,350,580,-230
218000317,276,579,-303
218000318,130,527,-397
218000319,360,1228,-868
218000320,294,614,-320
218000338,5,14,-9
218000345,78,60,18
218000346,36,46,-10
218000459,16,158,-142
218000490,3,29,-26
218000501,20,11,9
218000502,20,120,-100
218000503,22,9,13
218000504,30,3,27
218000505,17,143,-126
218000506,9,103,-94
218000508,0,1,-1
218000510,83,1,82
218000520,33,51,-18
218000521,1,76,-75
218000522,0,59,-59
218000523,22,6,16
218000524,19,35,-16
218000525,4,4,0
218000526,27,30,-3
218000529,24,221,-197
218000531,0,14,-14
218000532,19,13,6
218000534,22,12,10
218000537,13,21,-8
218000538,39,56,-17
218000540,133,58,75
218000543,68,46,22
218000544,25,76,-51
218000545,13,39,-26
218000546,24,65,-41
218000547,21,45,-24
218000548,54,173,-119
218000549,101,48,53
218000550,114,387,-273
218000551,88,146,-58
218000552,127,30,97
218000553,6,45,-39
218000554,16,19,-3
218000555,6,29,-23
218000556,62,323,-261
218000557,165,86,79
218000558,4,0,4
218000559,0,4,-4
218000560,0,3,-3
218000561,12,1,11
218000562,5,80,-75
218000563,27,14,13
218000564,3,39,-36
218000565,26,7,19
218000566,72,8,64
218000567,0,7,-7
218000568,1,0,1
218000569,4,4,0
218000570,3,1,2
218000571,0,24,-24
218000572,23,0,23
218000573,2,17,-15
218000574,17,12,5
218000575,11,0,11
218000576,0,38,-38
218000577,8,0,8
218000578,0,31,-31
218000585,3,0,3
218000586,0,48,-48
218000587,8,2,6
218000589,0,0,0
218000590,1,0,1
218000591,1,3,-2
218000592,0,0,0
218000593,0,0,0
218000594,2,0,2
218000597,0,0,0
218000598,0,0,0
218000599,1,0,1
218000600,0,0,0
218000601,0,0,0
218000602,0,7,-7
218000603,0,2,-2
218000604,7,10,-3
218000605,0,10,-10
218000606,10,0,10
218000607,7,9,-2
218000608,3,7,-4
218000609,0,13,-13
218000610,5,8,-3
218000611,15,13,2
218000612,2,24,-22
218000613,17,5,12
218000614,4,23,-19
218000615,15,2,13
218000616,0,63,-63
218000617,1,1,0
218000618,0,23,-23
218000619,3,1,2
218000620,0,5,-5
218000621,0,0,0
218000622,0,1,-1
218000623,2,0,2
218000624,0,3,-3
218000625,0,0,0
218000626,0,2,-2
218000628,44,13,31
218000631,4,8,-4
218000632,0,16,-16
218000633,13,2,11
218000634,1,9,-8
218000635,0,11,-11
218000636,258,1055,-797
218000637,214,227,-13
218000638,48,21,27
218000639,4,141,-137
218000640,35,19,16
218000641,15,231,-216
218000652,27,57,-30
218000653,75,29,46
218000663,5,115,-110
218000675,3,21,-18
218000680,134,476,-342
218000681,170,59,111
218000691,55,383,-328
218000693,65,58,7
218000718,62,151,-89
218000719,36,43,-7
218000720,1,8,-7
218000721,3,1,2
218001147,0,325,-325
218001214,10,2,8
218001258,46,2,44
218001329,68,42,26
218001330,41,99,-58
218001351,1,9,-8
218001352,1,12,-11
218001353,2,8,-6
218001354,2,33,-31
218001355,24,289,-265
218001356,60,3,57
218001357,9,197,-188
218001358,45,1,44
218001361,39,2,37
218001362,0,411,-411
219000001,10,45,-35
219000002,20,61,-41
219000003,25,18,7
219000004,51,26,25
219000017,36,16,20
219000020,32,3,29
219000022,33,2,31
219000023,25,0,25
219000029,0,77,-77
219000034,9,2,7
219000039,14,41,-27
219000040,5,14,-9
219000041,35,23,12
219000051,0,61,-61
219000052,0,12,-12
219000053,0,230,-230
219000055,14,0,14
219000056,0,0,0
219000057,15,0,15
219000062,5,170,-165
219000063,11,6,5
219000064,5,21,-16
219000110,121,20,101
219000111,81,14,67
219000112,84,25,59
219000113,54,19,35
219000114,142,3,139
219000116,53,21,32
219000117,82,83,-1
219000118,69,48,21
219000123,172,73,99
219000124,42,14,28
219000125,8,18,-10
219000126,22,76,-54
219000127,0,5,-5
219000128,16,88,-72
219000129,8,119,-111
219000130,775,491,284
219000131,746,484,262
219000133,4,22,-18
219000134,6,22,-16
219000135,22,41,-19
219000136,103,117,-14
219000138,12,14,-2
219000139,12,86,-74
219000140,18,1,17
219000141,21,110,-89
219000142,4,74,-70
219000143,14,91,-77
219000145,9,30,-21
219000146,2,43,-41
219000147,4,86,-82
219000148,3,93,-90
219000149,31,188,-157
219000150,2,104,-102
219000151,0,109,-109
219000157,57,88,-31
219000158,47,205,-158
219000161,105,4,101
219000163,604,242,362
219000166,51,127,-76
219000167,73,180,-107
219000168,105,29,76
219000174,108,61,47
219000175,22,2,20
219000176,19,2,17
219000177,6,5,1
219000178,11,2,9
219000179,7,2,5
219000180,11,26,-15
219000182,43,5,38
219000183,7,28,-21
219000184,24,2,22
219000185,0,113,-113
219000186,9,57,-48
219000187,16,119,-103
219000189,72,122,-50
219000190,75,203,-128
219000191,571,499,72
219000192,74,63,11
219000193,591,172,419
219000195,1,55,-54
219000196,2,124,-122
219000198,13,118,-105
219000199,48,110,-62
219000200,31,138,-107
219000201,58,160,-102
219000203,8,68,-60
219000204,86,136,-50
219000205,44,167,-123
219000207,91,145,-54
219000209,9,67,-58
219000210,24,86,-62
219000213,11,269,-258
219000239,79,160,-81
219000240,46,212,-166
219000241,13,156,-143
219000242,25,165,-140
219000243,21,301,-280
219000244,5,107,-102
219000245,9,29,-20
219000246,3,3,0
219000247,55,20,35
219000248,181,92,89
219000249,42,5,37
219000250,15,12,3
219000251,124,26,98
219000252,39,41,-2
219000253,19,8,11
219000255,35,38,-3
219000256,59,55,4
219000257,34,0,34
219000262,41,222,-181
219000263,16,200,-184
219000267,4,139,-135
219000268,6,11,-5
219000269,1,0,1
219000270,1,0,1
219000271,40,0,40
219000278,0,19,-19
219000279,2,3,-1
219000283,0,10,-10
219000295,23,98,-75
219000296,30,422,-392
219000297,11,119,-108
219000298,16,215,-199
219000299,194,16,178
219000300,20,234,-214
219000301,105,173,-68
219000302,16,123,-107
219000307,19,52,-33
219000308,24,20,4
219000311,46,27,19
219000312,104,24,80
219000313,83,18,65
219000314,53,329,-276
219000315,37,15,22
219000316,86,6,80
219000317,15,2,13
219000320,1,33,-32
219000321,0,10,-10
219000323,1,110,-109
219000325,2,41,-39
219000326,37,125,-88
219000327,26,40,-14
219000328,9,33,-24
219000329,203,74,129
219000330,22,16,6
219000331,24,26,-2
219000332,19,43,-24
219000333,6,4,2
219000335,14,1,13
219000337,1,0,1
219000338,26,1,25
219000344,9,77,-68
219000345,55,117,-62
219000346,42,95,-53
219000348,46,200,-154
219000349,11,181,-170
219000350,15,48,-33
219000351,0,3,-3
219000352,88,26,62
219000353,75,36,39
219000354,55,82,-27
219000355,36,25,11
219000356,657,220,437
219000363,120,20,100
219000364,37,16,21
219000365,70,5,65
219000366,256,81,175
219000368,213,179,34
219000370,420,126,294
219000371,6,16,-10
219000382,5,19,-14
219000383,459,455,4
219000385,313,327,-14
219000386,628,804,-176
219000387,0,1,-1
219000390,1,1,0
219000391,5,0,5
219000397,44,76,-32
219000398,45,18,27
219000401,10,51,-41
219000402,6,41,-35
219000403,10,114,-104
219000404,7,52,-45
219000407,1,19,-18
219000409,4,11,-7
219000410,14,11,3
219000411,12,8,4
219000446,145,348,-203
219000447,1,15,-14
219000448,3,2,1
219000452,33,21,12
219000453,23,58,-35
219000454,110,76,34
219000556,70,11,59
219000558,53,265,-212
219000590,26,133,-107
219000591,9,23,-14
219000592,50,333,-283
219000595,2,28,-26
219000635,21,24,-3
219000636,7,106,-99
219000657,10,4,6
219000658,5,34,-29
219000673,0,10,-10
219000676,5,0,5
219000679,8,17,-9
219000684,12,1,11
219000685,0,77,-77
219000686,0,1,-1
219000688,0,88,-88
219000689,39,97,-58
219000690,100,6,94
219000691,96,80,16
219000692,26,11,15
219000693,0,24,-24
219000694,5,0,5
219000695,2,1,1
219000698,6,0,6
219000699,0,4,-4
219000727,2,163,-161
219000728,45,5,40
219000770,15,0,15
219000771,0,29,-29
219000788,229,266,-37
219001150,0,4,-4
219001151,0,3,-3
219001166,9,1,8
219001167,4,60,-56
219001178,14,0,14
220000001,3,17,-14
220000002,3,45,-42
220000003,161,174,-13
220000004,263,300,-37
220000005,597,647,-50
220000006,154,473,-319
220000007,142,502,-360
220000008,101,624,-523
220000009,80,269,-189
220000010,48,112,-64
220000011,225,804,-579
220000012,66,131,-65
220000014,136,213,-77
220000015,11,80,-69
220000017,17,165,-148
220000018,2336,289,2047
220000019,20,71,-51
220000020,76,106,-30
220000021,179,76,103
220000022,177,177,0
220000023,65,72,-7
220000024,457,148,309
220000025,168,173,-5
220000026,122,55,67
220000027,7,53,-46
220000028,8,21,-13
220000029,299,240,59
220000030,35,101,-66
220000031,49,188,-139
220000064,3,373,-370
221000046,7,0,7
221000047,1,1,0
221000048,0,2,-2
221000049,0,7,-7
221000050,1,0,1
221000055,32,34,-2
221000057,30,5,25
221000068,132,28,104
221000069,123,18,105
221000070,46,9,37
221000071,20,1,19
221000072,89,2,87
221000073,43,36,7
221000074,0,8,-8
221000075,4,4,0
221000076,6,26,-20
221000077,19,53,-34
221000081,8,1,7
221000082,20,0,20
221000083,19,0,19
221000084,2,0,2
221000085,12,55,-43
221000086,7,135,-128
221000087,2,164,-162
221000088,9,102,-93
221000089,14,125,-111
221000090,70,244,-174
221000098,31,9,22
221000099,40,7,33
221000100,47,3,44
221000101,103,3,100
221000102,51,5,46
221000109,1,47,-46
221000110,4,95,-91
221000111,11,115,-104
221000112,1,131,-130
221000113,6,125,-119
221000114,6,147,-141
221000120,3,14,-11
221000121,1,9,-8
221000122,3,15,-12
221000123,2,32,-30
221000124,7,196,-189
221000155,18,3,15
221000156,11,12,-1
221000175,2,5,-3
221000176,0,3,-3
221000182,5,2,3
221000241,281,80,201
221000242,176,213,-37
221000243,166,52,114
221000244,127,277,-150
221000245,46,35,11
221000246,17,166,-149
221000247,16,60,-44
221000248,17,121,-104
221000267,18,410,-392
221000325,24,26,-2
221000331,1,21,-20
221000338,2,12,-10
221000378,81,8,73
221000381,46,76,-30
222000282,0,0,0
222000296,0,2,-2
222000568,94,3,91
222000569,59,10,49
222000570,37,1,36
222000571,28,4,24
222000577,6,128,-122
222000578,1,107,-106
222000579,7,70,-63
222000580,39,383,-344
222000599,0,99,-99
222000600,2,171,-169
222000601,5,581,-576
222000603,9,11,-2
222000604,0,21,-21
222000605,4,3,1
222000606,0,2,-2
222000607,0,4,-4
222000608,1,11,-10
222000609,31,292,-261
222000616,45,18,27
222000617,3,7,-4
222000618,1,0,1
222000620,3,2,1
222000621,2,4,-2
222000623,136,1,135
222000624,86,0,86
222000625,123,19,104
222000636,17,1,16
222000686,1,6,-5
222000687,3,24,-21
222001066,48,0,48
222001067,1,1,0
222001068,6,11,-5
222001069,12,10,2
222001082,6,31,-25
222001083,1,45,-44
222001084,0,43,-43
222001085,0,59,-59
222001111,3,142,-139
222001112,6,8,-2
222001313,5,1,4
222001314,0,50,-50
222001464,48,18,30
222001465,6,158,-152
222001484,33,28,5
222001485,16,69,-53
222001494,31,39,-8
222001495,23,415,-392
222001496,83,20,63
222001497,59,441,-382
222001502,20,113,-93
222001503,7,2,5
222001504,9,168,-159
222001505,16,0,16
222001506,15,146,-131
222001507,20,1,19
222001510,24,0,24
222001511,16,292,-276
222001514,91,4,87
222001515,132,498,-366
222001518,14,2,12
222001519,22,336,-314
222001527,11,1,10
222001528,20,123,-103
222001529,10,5,5
222001530,16,151,-135
222001533,70,344,-274
222001534,10,1,9
222001535,36,54,-18
222001536,47,270,-223
222001537,24,6,18
222001538,24,380,-356
222001563,48,10,38
222001564,19,761,-742
222001568,20,40,-20
222001576,0,0,0
222001579,0,1,-1
222001583,8,202,-194
222001584,7,16,-9
222001596,133,859,-726
222001597,131,67,64
222001626,0,121,-121
222001650,3,36,-33
222001651,32,81,-49
222001914,10,5,5
222001915,15,167,-152
222001968,116,75,41
222001969,169,519,-350
222001970,14,90,-76
222001971,4,10,-6
222001972,0,12,-12
225000001,124,48,76
225000002,124,27,97
225000003,119,34,85
225000004,69,138,-69
225000005,14,17,-3
225000006,1,66,-65
225000007,2094,500,1594
225000010,36,1,35
225000011,277,291,-14
225000012,56,138,-82
225000013,29,54,-25
225000014,271,9,262
225000015,95,147,-52
225000021,161,44,117
225000027,85,269,-184
225000032,167,24,143
225000042,23,364,-341
225000049,9,35,-26
225000050,23,6,17
225000053,4,94,-90
225000058,203,34,169
225000067,43,177,-134
225000068,32,325,-293
225000069,60,318,-258
225000070,37,356,-319
225000071,10,235,-225
225000075,14,468,-454
225000076,38,38,0
225000078,13,3,10
225000085,11,17,-6
225000086,27,7,20
225000087,68,8,60
225000088,3,62,-59
225000089,139,183,-44
225000090,20,242,-222
225000091,27,179,-152
225000092,7,43,-36
225000093,82,262,-180
225000094,7,308,-301
225000095,69,315,-246
225000096,49,240,-191
225000098,160,36,124
225000099,72,34,38
225000100,54,33,21
225000104,25,261,-236
225000110,3,256,-253
225000111,57,527,-470
225000112,122,502,-380
225000113,52,328,-276
225000114,10,146,-136
225000115,1465,225,1240
225000116,366,21,345
225000117,214,73,141
225000118,176,41,135
225000119,29,31,-2
225000120,96,16,80
225000121,86,2,84
225000123,393,7,386
225000125,69,130,-61
225000126,433,94,339
225000127,514,174,340
225000128,122,118,4
225000132,78,6,72
225000133,44,6,38
225000134,122,24,98
225000135,1,0,1
225000136,38,7,31
225000137,18,21,-3
225000138,95,8,87
225000143,41,61,-20
225000144,0,167,-167
225000145,21,10,11
225000146,12,107,-95
225000147,9,276,-267
225000148,1,110,-109
225000149,24,263,-239
225000151,27,168,-141
225000155,72,198,-126
225000156,58,289,-231
225000157,54,142,-88
225000158,21,288,-267
225000171,3,97,-94
225000180,7,0,7
225000181,1,50,-49
225000182,33,7,26
225000185,1,126,-125
225000187,35,219,-184
225000191,5,1,4
225000194,0,12,-12
225000208,2,41,-39
225000209,18,2,16
225000210,0,85,-85
225000217,0,8,-8
225000218,4,0,4
225000223,1,26,-25
225000224,14,0,14
225000225,0,10,-10
225000226,22,0,22
225000227,30,37,-7
225000228,0,2,-2
225000229,1,32,-31
225000230,1,0,1
225000231,1,54,-53
225000232,15,0,15
225000241,25,0,25
225000242,0,46,-46
225000249,5,2,3
225000250,14,549,-535
225000251,120,7,113
226000042,95,148,-53
226000043,59,213,-154
226000044,49,423,-374
226000045,52,478,-426
226000046,137,17,120
226000047,66,16,50
226000048,130,25,105
226000049,109,36,73
226000070,0,15,-15
226000071,0,19,-19
226000072,0,10,-10
226000073,0,6,-6
226000074,0,4,-4
226000084,1,17,-16
226000085,0,14,-14
226000086,0,4,-4
226000087,0,7,-7
226000088,4,9,-5
226000090,49,15,34
226000091,0,6,-6
226000092,1,1,0
226000093,3,0,3
226000094,6,2,4
226000095,4,2,2
226000105,0,0,0
226000106,3,0,3
226000107,1,0,1
226000108,24,0,24
226000109,51,0,51
226000124,48,18,30
226000134,163,126,37
226000135,276,245,31
226000136,59,136,-77
226000137,3,110,-107
226000138,8,198,-190
226000139,1,82,-81
226000156,30,8,22
226000157,22,3,19
226000163,98,271,-173
226000202,6,352,-346
226000231,84,11,73
226000232,8,5,3
227000037,56,2,54
227000038,28,2,26
227000049,0,27,-27
227000050,1,30,-29
227000055,6,0,6
227000056,4,1,3
227000084,1,16,-15
227000085,0,18,-18
227000088,16,0,16
227000089,37,1,36
227000090,33,2,31
227000091,2,1,1
227000093,12,0,12
227000094,3,0,3
227000130,11,41,-30
227000131,4,257,-253
227000132,3,230,-227
227000133,6,223,-217
227000134,12,314,-302
227000152,0,2,-2
227000153,0,35,-35
227000155,1,6,-5
227000156,0,25,-25
227000165,0,12,-12
227000196,16,297,-281
227000199,67,6,61
227000230,24,191,-167
227000232,116,3,113
227000241,87,11,76
227000242,18,351,-333
227000243,291,8,283
227000244,118,19,99
227000245,13,238,-225
227000246,20,373,-353
227000247,100,29,71
227000248,61,13,48
227000249,16,247,-231
227000251,114,301,-187
227000252,7,299,-292
227000253,29,27,2
227000262,133,8,125
227000266,182,8,174
227000267,40,938,-898
227000486,262,66,196
227000655,51,4,47
227000661,61,5,56
227000680,27,1,26
229000265,1,19,-18
229000296,0,7,-7
229000297,14,12,2
229000298,3,30,-27
229000320,2,1,1
229000321,0,1,-1
229000412,1,16,-15
229000414,10,14,-4
229000415,4,1,3
229000416,0,16,-16
229000417,2,17,-15
229000419,43,54,-11
229000440,54,11,43
229000442,2,0,2
229000443,2,0,2
229000444,0,9,-9
229000445,1,2,-1
229000446,2,4,-2
229000847,17,0,17
229000848,5,0,5
229000849,32,0,32
229000851,6,0,6
229000854,0,31,-31
229000856,2,90,-88
229000857,0,49,-49
229000858,0,163,-163
229000919,3,70,-67
229000930,2,205,-203
229000937,36,2,34
229000966,15,16,-1
229000981,7,49,-42
229000985,0,10,-10
229000986,0,0,0
229000987,0,0,0
229000988,1,0,1
229000989,1,1,0
229000990,0,0,0
229000991,0,0,0
229000992,0,0,0
229000993,37,5,32
229000998,13,25,-12
229000999,35,1,34
229001034,0,5,-5
229001035,1,0,1
229001037,2,5,-3
229001042,3,3,0
229001047,0,14,-14
229001050,15,25,-10
229001200,0,0,0
229001338,1,10,-9
229001394,132,0,132
229001422,69,9,60
229001423,16,140,-124
229001431,31,14,17
229001432,22,110,-88
229001444,16,26,-10
229001445,0,77,-77
229001503,69,36,33
229001504,45,164,-119
229001505,87,18,69
229001506,40,175,-135
229001509,10,22,-12
229001545,30,1,29
229001546,4,126,-122
229001553,17,9,8
229001554,9,65,-56
229001559,1,4,-3
229001560,0,3,-3
229001630,15,2,13
229001631,7,8,-1
229001635,0,3,-3
229001636,0,0,0
229001658,0,59,-59
229001659,56,0,56
229001660,0,0,0
229001661,0,5,-5
229001662,10,0,10
229001663,0,12,-12
229002584,24,24,0
229002831,37,36,1
229002841,0,26,-26
229002842,0,4,-4
229002843,2,4,-2
229002844,3,24,-21
229002845,0,35,-35
229002846,1,1,0
229002847,0,1,-1
229002848,0,2,-2
229002849,0,11,-11
229002850,0,1,-1
229002851,3,62,-59
229002852,20,5,15
229002853,13,6,7
229002854,5,31,-26
229002855,1,48,-47
229002856,4,1,3
229002857,0,19,-19
229002858,0,0,0
229002859,0,7,-7
229002860,1,0,1
229002861,16,5,11
229002862,3,8,-5
229002863,0,6,-6
229002864,1,1,0
229002865,0,1,-1
229002866,1,7,-6
229002867,1,3,-2
229002868,3,4,-1
229002869,5,50,-45
229002870,1,1,0
235000066,68,25,43
235000067,38,26,12
235000072,12,57,-45
235000073,29,117,-88
235000074,25,48,-23
235000080,2,44,-42
235000081,21,88,-67
235000082,80,30,50
235000083,43,23,20
235000084,10,9,1
235000085,26,29,-3
235000089,4,22,-18
235000092,1,91,-90
235000093,0,2,-2
235000097,2,0,2
235000098,26,6,20
235000099,11,7,4
235000116,12,6,6
235000117,195,3,192
235000133,5,149,-144
235000134,5,56,-51
235000206,1,3,-2
235000207,0,6,-6
235000208,0,0,0
235000209,1,0,1
235000210,1,1,0
235000212,2,12,-10
235000213,1,4,-3
235000220,0,1,-1
235000221,11,4,7
235000238,1,14,-13
235000239,0,1,-1
235000242,83,107,-24
235000245,911,119,792
235000246,3,41,-38
235000284,2,48,-46
235000295,10,1,9
235000305,23,2,21
235000306,8,5,3
235000307,2,1,1
235000308,5,0,5
235000309,9,0,9
235000310,1,0,1
235000311,21,3,18
235000322,0,23,-23
235000323,1,33,-32
235000324,0,12,-12
235000325,0,10,-10
235000326,2,200,-198
235000351,2,48,-46
235000352,2,14,-12
235000353,1,12,-11
235000354,1,12,-11
235000355,0,20,-20
235000356,2,0,2
235000357,17,1,16
235000358,4,1,3
235000359,0,0,0
235000360,5,1,4
235000361,5,1,4
235000381,29,298,-269
235000382,83,22,61
235000390,1,0,1
235000391,16,8,8
235000392,30,77,-47
235000393,23,36,-13
235000395,16,16,0
235000396,81,26,55
235000400,16,56,-40
235000401,8,130,-122
235000405,48,291,-243
235000406,6,223,-217
235000407,28,99,-71
235000409,269,109,160
235000410,18,109,-91
235000411,0,58,-58
235000485,0,6,-6
235000486,3,0,3
235000549,14,25,-11
235000550,25,103,-78
235000599,27,41,-14
235000600,4,7,-3
235000601,26,5,21
235000602,29,18,11
235000614,0,1,-1
235000648,1,14,-13
235000649,3,0,3
235000685,0,2,-2
235000815,1,12,-11
235000834,1,0,1
235000855,27,16,11
235000862,12,185,-173
235000891,0,5,-5
235000892,3,0,3
235000901,25,36,-11
235000907,0,5,-5
235001010,9,9,0
235001029,209,169,40
235001030,147,36,111
235001078,18,35,-17
235001079,51,63,-12
235001147,5,15,-10
235001166,6,14,-8
235001167,2,24,-22
235001169,11,170,-159
235001188,0,5,-5
235001189,1,0,1
235001197,8,26,-18
235001200,30,15,15
235001207,80,17,63
235001210,23,321,-298
235001215,13,225,-212
235001239,1,38,-37
235001244,0,2,-2
235016267,1,8,-7
277102712,1,1,0
277103813,0,0,0
277104249,0,0,0
277104250,0,1,-1
277104251,5,19,-14
277104252,0,1,-1
990011530,1,103,-102
990014944,1,241,-240
990015176,4,1,3
990016032,0,167,-167
990032570,3,20,-17
990070001,13,0,13
990070103,0,4,-4
990070601,0,16,-16
990070751,68,1,67
990070766,2,560,-558
990071180,89,52,37
990071343,11,0,11
990071387,0,9,-9
990071823,13,0,13
990072600,1,224,-223
990072964,2,357,-355
990073285,0,12,-12
990074393,3,528,-525
990074870,93,0,93
990075106,52,0,52
990075746,49,1,48
990076437,107,11,96
990076458,3,936,-933
997000007,34,1,33
997000041,0,68,-68
997000058,4,3,1
997000062,8,0,8
997000069,0,2,-2
997000070,0,17,-17
997000100,0,0,0
997000141,0,38,-38
997000198,12,36,-24
998000475,0,8,-8
998000736,0,154,-154
998000965,1,2,-1
998001031,0,17,-17
998001700,1,9,-8
998001899,0,0,0
998001900,3,0,3
998003073,64,1,63
998101900,0,0,0
998102850,0,29,-29
998501927,114,119,-5
998501929,40,2,38
998501930,11,0,11
998501931,41,29,12
998501932,3,0,3
998501933,10,0,10
998501937,3,0,3
998501944,0,1,-1
998501950,0,2,-2
998501970,8,1,7
998501971,0,36,-36
998501973,0,49,-49
998501974,0,123,-123
998501975,30,0,30
998501976,34,12,22
998501977,2,4,-2
998501978,3,0,3
998501979,0,2,-2
998501980,30,8,22
998501981,24,2,22
998501982,0,25,-25
998501983,0,0,0
998502006,0,0,0
998502024,0,5,-5
998502032,0,1,-1
998502062,8,2,6
998502063,0,0,0
998502173,15,0,15
998502269,0,8,-8
998502546,0,61,-61
998502578,0,0,0
998502599,30,32,-2
998502621,0,0,0
998601159,0,144,-144
998601292,0,4,-4
999033574,1,345,-344
999800001,3,1,2
999800002,0,1,-1
999800003,0,2,-2
999800004,0,11,-11
999800005,0,3,-3
