ID,insum,outsum,diff
100000001,438,483,-45
100000002,3104,3456,-352
100000003,2860,4064,-1204
100000004,278,625,-347
100000005,1761,3326,-1565
100000006,361,140,221
100000007,1520,515,1005
100000008,80,370,-290
100000009,237,196,41
100000010,16,60,-44
100000011,335,133,202
100000012,26,1039,-1013
100000013,11,326,-315
100000014,120,375,-255
100000015,867,1258,-391
100000016,336,1054,-718
100000017,285,673,-388
100000018,610,434,176
100000019,2145,1597,548
100000020,770,3653,-2883
100000021,3374,1297,2077
100000022,474,1824,-1350
100000023,2195,944,1251
100000025,324,960,-636
100000028,429,970,-541
100000029,42,375,-333
100000030,43,26,17
100000031,1040,3413,-2373
100000032,981,2517,-1536
100000033,738,1963,-1225
100000034,75,729,-654
100000035,518,847,-329
100000036,580,1169,-589
100000037,441,291,150
100000038,1539,640,899
100000039,227,227,0
100000040,180,137,43
100000041,984,321,663
100000042,654,254,400
100000043,486,414,72
100000044,161,379,-218
100000045,232,397,-165
100000046,363,396,-33
100000047,120,240,-120
100000048,174,342,-168
100000049,896,726,170
100000051,357,420,-63
100000053,51,9,42
100000054,193,22,171
100000055,430,310,120
100000056,293,564,-271
100000057,1169,345,824
100000058,486,532,-46
100000059,8,260,-252
100000060,394,224,170
100000061,1622,339,1283
100000062,1074,327,747
100000063,654,181,473
100000064,758,274,484
100000065,221,564,-343
100000066,130,356,-226
100000067,191,434,-243
100000068,197,736,-539
100000069,217,619,-402
100000072,146,356,-210
100000073,647,565,82
100000075,529,181,348
100000076,822,2812,-1990
100000077,74,347,-273
100000078,19,21,-2
100000079,9,38,-29
100000080,6,73,-67
100000081,76,210,-134
100000102,2099,4047,-1948
100000103,864,918,-54
100000104,1611,1705,-94
100000105,883,1117,-234
100000106,713,2020,-1307
100000107,116,871,-755
100000108,197,718,-521
100000109,690,1031,-341
100000116,476,458,18
100000117,74,184,-110
100000118,528,1135,-607
100000119,384,810,-426
100000121,163,274,-111
100000122,381,1191,-810
100000123,914,2010,-1096
100000124,2467,2413,54
100000125,3000,1427,1573
100000126,375,510,-135
100000127,700,424,276
100000128,1246,1884,-638
100000129,201,610,-409
100000130,436,182,254
100000131,804,1096,-292
100000132,496,1198,-702
100000133,1273,781,492
100000135,460,990,-530
100000139,159,610,-451
100000140,159,192,-33
100000142,470,423,47
100000143,879,303,576
100000144,1431,475,956
100000147,1048,2522,-1474
100000150,41,446,-405
100000151,409,1947,-1538
100000153,83,361,-278
100000154,16,228,-212
100000155,12,28,-16
100000156,256,369,-113
100000157,268,194,74
100000158,216,179,37
100000159,85,528,-443
100000165,509,565,-56
100000169,37,925,-888
100000174,150,592,-442
100000179,52,389,-337
100000180,344,1130,-786
100000181,219,346,-127
100000188,54,135,-81
100000189,657,303,354
100000190,387,1238,-851
100000191,465,527,-62
100000192,7,73,-66
100000193,219,210,9
100000330,363,538,-175
100000355,99,546,-447
100000362,2201,1157,1044
100000363,4146,4137,9
100000364,46,214,-168
100000365,4049,7350,-3301
100000366,1675,1257,418
100000367,3252,5016,-1764
100000368,2342,691,1651
100000369,316,1491,-1175
100000370,134,620,-486
100000376,53,172,-119
100000379,826,1373,-547
100000380,2736,4124,-1388
100000384,3186,4087,-901
100000385,1142,2451,-1309
100000386,2236,3970,-1734
100000387,1825,4001,-2176
100000388,1869,3745,-1876
100000389,2164,4343,-2179
100000390,2870,4190,-1320
100000391,1934,5822,-3888
100000392,1103,3344,-2241
100000393,964,4443,-3479
100000394,2531,5952,-3421
100000395,1651,5135,-3484
100000396,3104,2838,266
100000397,2039,6974,-4935
100000398,4983,3896,1087
100000413,7,4,3
100000414,70,378,-308
100900002,8,4,4
100900003,189,204,-15
100900004,3,707,-704
100900005,53,12,41
100900006,12,19,-7
100900007,124,3,121
100900008,0,182,-182
100900009,16,104,-88
100900010,37,16,21
100900011,146,80,66
100900012,0,84,-84
100900013,645,11,634
100900014,3,1,2
100900015,30,58,-28
100900016,0,20,-20
100900017,475,35,440
100900018,1,9,-8
100900019,13,30,-17
100900020,245,4,241
100900021,259,0,259
100900022,4,15,-11
100900023,0,10,-10
100900024,165,3,162
100900025,4,4,0
100900026,128,46,82
100900027,216,1369,-1153
100900028,99,203,-104
100900029,56,2,54
100900030,1,176,-175
100900031,477,24,453
100900032,228,2,226
100900033,71,218,-147
100900034,808,5,803
100900035,147,0,147
100900036,9,3,6
100900037,103,92,11
100900038,48,38,10
100900039,224,189,35
100900040,305,238,67
100900041,562,212,350
100900042,1121,1439,-318
100900043,0,19,-19
100900044,553,221,332
100900045,7,0,7
100900046,719,8,711
100900047,351,70,281
100900048,86,28,58
100900049,68,62,6
100900050,4,2,2
100900051,17,42,-25
100900052,170,12,158
100900053,416,15,401
100900054,6,72,-66
100900055,128,530,-402
100900056,19,32,-13
100900057,1387,858,529
100900058,115,23,92
100900059,65,0,65
100900060,157,4,153
100900061,154,106,48
100900062,5,39,-34
100900063,198,547,-349
100900064,399,31,368
100900065,18,92,-74
100900066,143,189,-46
100900067,2,4,-2
100900068,63,39,24
100900069,92,3,89
100900070,330,3,327
100900071,296,107,189
100900072,2,41,-39
100900073,90,157,-67
100900074,3,5,-2
100900075,1281,122,1159
100900076,1,11,-10
100900077,46,8,38
100900078,38,194,-156
100900079,3,31,-28
100900080,24,34,-10
100900081,17,110,-93
100900082,123,179,-56
100900083,14,9,5
100900085,19,393,-374
100900086,38,240,-202
100900088,107,132,-25
100900089,1,17,-16
100900090,53,322,-269
100900091,2,5,-3
100900092,69,72,-3
100900093,257,187,70
100900094,145,113,32
100900095,1,23,-22
100900096,9,102,-93
100900097,3,0,3
100900098,19,30,-11
100900099,15,234,-219
100900100,3,352,-349
100900101,118,25,93
100900102,5,38,-33
100900103,4,12,-8
100900104,2,62,-60
100900105,7,319,-312
100900106,18,5,13
100900107,1101,551,550
100900108,2,5,-3
100900109,4,17,-13
100900110,1,26,-25
100900111,9,72,-63
100900112,1,12,-11
100900113,15,12,3
100900114,7,10,-3
100900115,3,22,-19
100900116,431,276,155
100900117,141,704,-563
100900118,2,12,-10
100900119,14,23,-9
100900120,17,5,12
100900121,162,203,-41
100900122,35,74,-39
100900123,55,111,-56
100900124,2,11,-9
100900125,9,33,-24
100900126,112,53,59
100900127,5,1,4
100900128,49,188,-139
100900129,0,222,-222
100900131,17,92,-75
100900133,24,11,13
100900134,2,10,-8
100900135,0,232,-232
100900137,194,129,65
100900138,188,246,-58
100900139,4,12,-8
100900140,6,176,-170
100900141,0,447,-447
100900142,0,2,-2
100900143,226,307,-81
100900144,3,5,-2
100900145,30,112,-82
100900146,4,14,-10
100900147,10,399,-389
100900148,34,212,-178
100900149,36,120,-84
100900150,3,15,-12
100900151,43,323,-280
100900152,83,3,80
100900153,2,120,-118
100900154,134,146,-12
100900155,7,5,2
100900156,6,2,4
100900157,5,251,-246
100900159,2,32,-30
100900160,23,2,21
100900161,10,4,6
100900162,3,247,-244
100900163,75,63,12
100900164,17,14,3
100900165,1,3,-2
100900166,7,0,7
100900167,10,34,-24
100900168,16,110,-94
100900169,71,578,-507
100900170,16,2,14
100900171,11,298,-287
100900172,0,12,-12
100900173,6,97,-91
100900174,22,5,17
100900176,944,50,894
100900177,358,87,271
100900178,156,111,45
100900179,190,221,-31
100900180,0,5,-5
100900181,16,44,-28
100900182,21,19,2
100900184,18,40,-22
100900186,217,177,40
100900187,8,47,-39
100900188,25,28,-3
100900189,1128,95,1033
100900191,433,868,-435
100900192,90,348,-258
100900195,95,120,-25
100900197,22,53,-31
100900198,23,74,-51
100900199,3,7,-4
100900200,425,246,179
100900201,30,340,-310
100900202,32,1,31
100900203,0,170,-170
100900204,141,485,-344
100900205,70,471,-401
100900206,152,54,98
100900207,207,105,102
100900210,38,122,-84
100900211,265,74,191
100900213,93,22,71
100900214,289,93,196
100900215,8,30,-22
100900217,70,99,-29
101000001,1279,1249,30
101000002,4275,4362,-87
101000003,194,611,-417
101000004,3497,3939,-442
101000005,2133,3112,-979
101000006,3074,4817,-1743
101000007,1405,2527,-1122
101000009,1556,453,1103
101000010,543,423,120
101000011,617,186,431
101000012,459,453,6
101000013,416,657,-241
101000014,205,244,-39
101000015,1104,707,397
101000016,166,291,-125
101000017,229,292,-63
101000018,923,1430,-507
101000020,1000,506,494
101000021,361,268,93
101000023,590,540,50
101000025,227,377,-150
101000026,150,14,136
101000027,1316,2805,-1489
101000028,631,251,380
101000029,62,853,-791
101000030,520,141,379
101000031,130,528,-398
101000032,1796,3265,-1469
101000033,894,2485,-1591
101000034,694,1387,-693
101000035,305,131,174
101000036,725,1018,-293
101000037,941,1632,-691
101000039,978,1330,-352
101000040,1488,2988,-1500
101000041,1733,5055,-3322
101000042,72,808,-736
101000043,1973,4704,-2731
101000045,283,681,-398
101000046,811,1703,-892
101000047,691,3582,-2891
101000048,245,240,5
101000049,316,1326,-1010
101000050,502,1186,-684
101000051,488,1648,-1160
101000052,733,862,-129
101000053,402,779,-377
101000054,944,465,479
101000055,662,1116,-454
101000056,20,106,-86
101000057,609,988,-379
101000058,459,830,-371
101000059,990,1628,-638
101000060,1262,568,694
101000061,320,1227,-907
101000062,228,507,-279
101000063,243,1066,-823
101000064,413,891,-478
101000065,146,671,-525
101000066,349,1043,-694
101000067,598,947,-349
101000068,122,350,-228
101000069,134,20,114
101000070,464,660,-196
101000071,1282,693,589
101000072,377,1853,-1476
101000073,447,1001,-554
101000074,1900,2709,-809
101000075,1515,2984,-1469
101000077,967,1020,-53
101000078,423,906,-483
101000079,900,739,161
101000080,792,824,-32
101000081,1257,1147,110
101000082,1523,1696,-173
101000083,2213,1871,342
101000084,681,445,236
101000085,957,903,54
101000086,648,788,-140
101000087,607,632,-25
101000088,862,895,-33
101000089,743,1140,-397
101000090,1287,744,543
101000091,338,246,92
101000092,1176,457,719
101000093,993,424,569
101000094,719,571,148
101000095,437,362,75
101000096,438,324,114
101000097,226,318,-92
101000098,269,282,-13
101000099,351,573,-222
101000100,458,539,-81
101000101,148,282,-134
101000102,350,440,-90
101000103,302,501,-199
101000104,205,598,-393
101000105,79,397,-318
101000106,186,833,-647
101000107,143,299,-156
101000108,404,118,286
101000109,410,56,354
101000110,18,150,-132
101000111,31,95,-64
101000113,83,509,-426
101000114,2473,6597,-4124
101000115,14,12,2
101000116,24,14,10
101000117,766,89,677
101000119,26,66,-40
101000120,70,52,18
101000121,40,40,0
101000122,77,91,-14
101000123,27,95,-68
101000124,703,366,337
101000125,76,267,-191
101000128,111,423,-312
101000130,80,154,-74
101000131,794,352,442
101000132,545,361,184
101000135,14,39,-25
101000136,226,161,65
101000137,30,302,-272
101000141,467,2890,-2423
101000147,589,335,254
101000148,460,7,453
101000149,89,161,-72
101000150,72,205,-133
101000151,211,24,187
101000152,201,238,-37
101000153,213,122,91
101000154,321,383,-62
101000155,297,91,206
101000156,18,283,-265
101000157,40,35,5
101000160,19,7,12
101000163,87,433,-346
101000164,199,144,55
101000165,200,310,-110
101000166,137,160,-23
101000168,639,366,273
101000252,1193,397,796
101000254,26,41,-15
101000258,67,7,60
101000261,123,37,86
101000262,866,3079,-2213
101000263,162,717,-555
101000265,35,424,-389
101000266,161,169,-8
101000269,8,23,-15
101000290,215,1308,-1093
101000293,32,26,6
101000294,354,299,55
101000295,175,179,-4
101000301,217,312,-95
101000304,1305,1752,-447
101000305,1822,659,1163
101000328,106,339,-233
101900001,38,28,10
101900002,0,5,-5
101900003,31,62,-31
101900004,0,54,-54
101900005,1136,2050,-914
101900006,817,272,545
101900007,274,139,135
101900008,24,156,-132
101900009,9,196,-187
101900010,367,474,-107
101900011,54,641,-587
101900012,83,35,48
101900013,227,112,115
101900017,6,84,-78
101900018,543,172,371
101900019,103,124,-21
101900020,9,40,-31
101900021,4,45,-41
101900022,102,398,-296
101900023,149,74,75
101900026,116,26,90
101900027,32,92,-60
102000001,1619,3394,-1775
102000002,1346,637,709
102000003,1375,4375,-3000
102000004,1986,1564,422
102000005,647,1777,-1130
102000006,452,956,-504
102000007,903,2846,-1943
102000008,2192,982,1210
102000009,3827,5249,-1422
102000010,2352,1687,665
102000011,2381,2021,360
102000012,2024,1525,499
102000018,1610,1881,-271
102000019,1302,1070,232
102000026,192,202,-10
102000029,158,131,27
102000030,85,184,-99
102000031,40,63,-23
102000032,438,241,197
102000033,213,171,42
102000034,223,200,23
102000035,571,306,265
102000036,11,141,-130
102000037,129,16,113
102000038,63,286,-223
102000039,76,94,-18
102000040,178,324,-146
102000041,57,387,-330
102000042,59,310,-251
102000043,71,295,-224
102000044,217,465,-248
102000045,325,471,-146
102000046,788,453,335
102000047,416,473,-57
102000048,245,479,-234
102000049,566,619,-53
102000050,740,770,-30
102000051,195,512,-317
102000052,648,598,50
102000053,539,729,-190
102000054,663,668,-5
102000055,882,220,662
102000056,849,294,555
102000057,1115,321,794
102000058,705,595,110
102000059,744,744,0
102000060,598,511,87
102000061,1049,825,224
102000062,1295,499,796
102000063,689,737,-48
102000064,351,411,-60
102000065,28,69,-41
102000066,495,601,-106
102000067,2067,2057,10
102000068,6038,2062,3976
102000069,71,1740,-1669
102000070,942,31,911
102000071,5151,6583,-1432
102000072,1497,2519,-1022
102000073,242,306,-64
102000074,413,502,-89
102000075,84,156,-72
102000076,183,120,63
102000077,489,369,120
102000078,826,201,625
102000079,96,95,1
102000080,225,79,146
102000081,167,557,-390
102000082,410,266,144
102000083,517,115,402
102000084,408,99,309
102000085,1321,468,853
102000086,891,458,433
102000087,464,662,-198
102000088,240,192,48
102000089,935,175,760
102000090,224,644,-420
102000091,838,348,490
102000092,217,296,-79
102000093,551,442,109
102000094,382,408,-26
102000095,568,640,-72
102000096,210,479,-269
102000097,468,322,146
102000098,225,482,-257
102000099,500,746,-246
102000100,186,905,-719
102000101,276,486,-210
102000102,275,539,-264
102000103,1524,218,1306
102000104,466,187,279
102000105,196,350,-154
102000106,520,275,245
102000107,1277,218,1059
102000108,465,105,360
102000109,342,291,51
102000110,967,387,580
102000111,9,167,-158
102000112,80,91,-11
102000113,8,21,-13
102000114,499,198,301
102000115,150,228,-78
102000116,232,369,-137
102000117,81,560,-479
102000118,495,1090,-595
102000119,872,1009,-137
102000120,98,246,-148
102000121,579,214,365
102000122,292,544,-252
102000123,695,589,106
102000124,734,719,15
102000125,352,427,-75
102000126,495,614,-119
102000127,751,336,415
102000128,339,552,-213
102000129,982,371,611
102000130,490,525,-35
102000131,677,343,334
102000132,331,404,-73
102000133,2017,1044,973
102000134,708,463,245
102000135,487,475,12
102000136,667,371,296
102000137,317,528,-211
102000138,95,181,-86
102000139,28,397,-369
102000140,64,852,-788
102000141,81,210,-129
102000142,220,154,66
102000143,160,120,40
102000144,245,103,142
102000145,222,161,61
102000146,250,162,88
102000147,290,249,41
102000148,141,275,-134
102000149,123,120,3
102000150,356,84,272
102000151,92,92,0
102000152,146,134,12
102000153,697,544,153
102000154,156,314,-158
102000155,24,291,-267
102000156,183,114,69
102000157,29,477,-448
102000158,251,248,3
102000159,694,618,76
102000161,1088,1335,-247
102000162,68,117,-49
102000163,75,281,-206
102000164,308,591,-283
102000165,159,118,41
102000166,71,122,-51
102000167,119,171,-52
102000168,173,157,16
102000169,50,341,-291
102000170,257,58,199
102000171,42,55,-13
102000172,12,192,-180
102000173,275,191,84
102000174,39,47,-8
102000175,75,58,17
102000176,42,18,24
102000178,159,170,-11
102000179,312,131,181
102000180,778,159,619
102000181,698,257,441
102000182,501,304,197
102000183,1663,974,689
102000184,1616,337,1279
102000185,2098,606,1492
102000186,1289,813,476
102000187,743,681,62
102000188,884,828,56
102000189,1100,276,824
102000190,252,1601,-1349
102000191,841,269,572
102000192,1092,1209,-117
102000193,43,47,-4
102000194,35,79,-44
102000195,245,146,99
102000196,155,190,-35
102000197,637,214,423
102000198,147,239,-92
102000199,946,170,776
102000200,178,338,-160
102000201,1155,301,854
102000202,18,58,-40
102000203,276,107,169
102000204,483,297,186
102000205,858,256,602
102000206,435,185,250
102000207,422,325,97
102000208,216,212,4
102000209,34,49,-15
102000210,516,210,306
102000211,266,104,162
102000212,269,19,250
102000213,5,113,-108
102000214,323,5,318
102000215,6,161,-155
102000216,44,40,4
102000217,4,52,-48
102000218,167,155,12
102000219,138,107,31
102000225,371,332,39
102000226,205,387,-182
102000227,101,0,101
102000228,1,47,-46
102000229,27,40,-13
102000230,206,227,-21
102000231,138,218,-80
102000232,24,91,-67
102000233,383,265,118
102000234,57,644,-587
102000236,211,51,160
102000237,325,128,197
102000238,137,159,-22
102000240,316,707,-391
102000241,144,56,88
102000243,8,21,-13
102000245,17,71,-54
102000246,3,18,-15
102000247,311,429,-118
102000248,176,444,-268
102000249,91,65,26
102000250,41,152,-111
102000254,125,96,29
102000266,12,395,-383
102000271,29,0,29
102000286,213,211,2
102000297,1165,650,515
102000301,0,2,-2
102000307,0,4,-4
102000316,142,49,93
102900001,893,372,521
102900002,249,34,215
102900003,87,115,-28
102900005,437,182,255
102900006,363,66,297
102900007,447,9,438
102900008,159,23,136
102900009,328,278,50
102900010,140,819,-679
102900011,865,255,610
102900012,431,69,362
102900013,40,34,6
102900015,390,317,73
102900016,57,28,29
102900017,185,153,32
102900018,32,19,13
102900019,242,251,-9
102900020,109,16,93
102900021,38,33,5
102900022,193,130,63
102900023,42,54,-12
102900024,30,17,13
102900025,66,58,8
102900026,194,1539,-1345
102900027,50,35,15
102900028,110,608,-498
102900029,91,152,-61
102900030,177,198,-21
102900031,186,75,111
102900032,74,28,46
102900033,32,80,-48
102900034,437,27,410
102900035,109,160,-51
102900036,287,176,111
102900037,229,167,62
102900038,299,168,131
102900039,12,385,-373
102900040,139,206,-67
102900041,74,79,-5
102900042,133,186,-53
102900043,174,140,34
102900044,346,921,-575
102900045,108,227,-119
102900046,130,111,19
102900047,105,342,-237
102900048,346,210,136
102900049,63,290,-227
102900050,196,193,3
102900051,128,132,-4
102900053,212,358,-146
102900054,176,771,-595
102900055,92,155,-63
102900056,71,227,-156
102900057,4,53,-49
102900058,367,76,291
102900059,33,24,9
102900060,73,236,-163
102900061,129,213,-84
102900062,249,320,-71
102900063,1011,197,814
102900064,72,292,-220
102900065,576,106,470
102900066,268,14,254
102900068,54,58,-4
102900070,170,268,-98
102900072,8,56,-48
102900073,66,7,59
102900075,9,66,-57
102900076,44,91,-47
102900077,30,26,4
102900078,21,38,-17
102900079,156,6,150
102900080,306,20,286
102900081,67,257,-190
102900082,6,211,-205
102900083,79,13,66
102900084,0,29,-29
102900085,179,89,90
102900086,29,51,-22
102900087,107,81,26
102900088,15,27,-12
102900089,133,63,70
102900090,0,96,-96
102900091,125,0,125
102900092,263,192,71
102900094,4,130,-126
102900095,66,0,66
102900096,86,20,66
102900097,2,34,-32
103000001,1524,1513,11
103000002,1454,1810,-356
103000003,2023,1803,220
103000004,561,372,189
103000005,1275,2559,-1284
103000006,648,1222,-574
103000007,227,454,-227
103000008,791,400,391
103000009,1119,721,398
103000010,130,73,57
103000011,885,631,254
103000012,924,1083,-159
103000013,1770,1137,633
103000014,900,1682,-782
103000015,952,407,545
103000016,450,982,-532
103000017,201,341,-140
103000018,347,193,154
103000019,310,270,40
103000020,1342,922,420
103000021,1331,1822,-491
103000022,486,758,-272
103000023,598,1463,-865
103000024,56,87,-31
103000025,88,572,-484
103000026,408,45,363
103000027,215,445,-230
103000028,138,163,-25
103000029,95,181,-86
103000030,1048,886,162
103000031,638,1327,-689
103000032,1269,772,497
103000033,1932,1762,170
103000034,857,583,274
103000035,190,799,-609
103000036,186,249,-63
103000037,377,285,92
103000038,289,599,-310
103000039,428,192,236
103000040,461,407,54
103000041,1367,933,434
103000042,1228,197,1031
103000043,517,352,165
103000044,262,66,196
103000046,301,283,18
103000047,600,241,359
103000048,195,101,94
103000049,74,73,1
103000050,561,228,333
103000051,388,309,79
103000052,460,126,334
103000053,158,271,-113
103000054,1711,795,916
103000055,1233,1229,4
103000056,539,524,15
103000057,787,107,680
103000058,402,483,-81
103000059,441,399,42
103000060,526,215,311
103000061,391,505,-114
103000062,652,322,330
103000063,616,567,49
103000064,106,96,10
103000065,5,183,-178
103000066,177,5,172
103000069,288,125,163
103000070,618,356,262
103000071,982,268,714
103000072,114,424,-310
103000073,513,69,444
103000074,568,68,500
103000075,83,389,-306
103000076,241,411,-170
103000077,20,139,-119
103000078,572,712,-140
103000079,364,445,-81
103000080,316,268,48
103000081,246,801,-555
103000082,267,154,113
103000083,69,239,-170
103000084,38,6,32
103000085,3,91,-88
103000086,219,337,-118
103000087,76,361,-285
103000088,164,291,-127
103000089,206,429,-223
103000090,2272,817,1455
103000091,610,394,216
103000092,193,183,10
103000093,269,326,-57
103000094,152,83,69
103000095,52,303,-251
103000096,309,58,251
103000097,82,588,-506
103000098,358,126,232
103000099,146,541,-395
103000100,124,317,-193
103000101,715,66,649
103000102,85,284,-199
103000103,513,131,382
103000104,55,60,-5
103000105,129,74,55
103000106,13,132,-119
103000107,181,41,140
103000108,926,857,69
103000109,406,381,25
103000110,416,395,21
103000111,248,366,-118
103000112,164,191,-27
103000113,294,660,-366
103000114,929,538,391
103000115,536,459,77
103000116,617,321,296
103000117,361,276,85
103000118,254,283,-29
103000119,595,281,314
103000120,32,103,-71
103000121,62,143,-81
103000122,307,299,8
103000125,10,53,-43
103000126,527,0,527
103000127,18,68,-50
103000128,186,2,184
103000129,0,32,-32
103000130,56,33,23
103000131,57,55,2
103000132,54,94,-40
103000133,14,36,-22
103000134,142,602,-460
103000135,357,157,200
103000136,435,274,161
103000137,253,383,-130
103000138,363,426,-63
103000139,2,62,-60
103000140,93,29,64
103000141,17,110,-93
103000142,54,65,-11
103000143,47,180,-133
103000144,104,32,72
103000145,6,88,-82
103000150,89,31,58
103000152,183,230,-47
103000153,198,225,-27
103000156,4,133,-129
103000157,375,0,375
103000159,59,10,49
103000162,19,17,2
103000163,5,12,-7
103000164,6,12,-6
103000165,39,138,-99
103000166,211,201,10
103000167,132,158,-26
103000168,95,88,7
103000169,174,333,-159
103000170,925,164,761
103000171,12,34,-22
103000172,481,127,354
103000173,556,140,416
103000174,192,143,49
103000175,265,81,184
103000176,533,495,38
103000177,235,235,0
103000178,90,203,-113
103000179,91,24,67
103000183,238,61,177
103000185,113,47,66
103000186,138,76,62
103000187,573,118,455
103000188,13,70,-57
103000189,537,643,-106
103000191,288,302,-14
103000292,592,1299,-707
103000293,353,1753,-1400
103000295,40,99,-59
103000296,79,2,77
103000297,1,10,-9
103000504,50,9,41
103000505,4,34,-30
103000506,0,118,-118
103000507,190,2,188
103000508,64,42,22
103000509,241,396,-155
103000514,30,2,28
103900001,0,32,-32
103900002,384,81,303
103900003,407,10,397
103900004,102,0,102
103900005,1,90,-89
103900006,3,4,-1
103900007,40,0,40
103900008,3,1,2
103900009,204,292,-88
103900010,121,134,-13
103900011,330,43,287
103900012,7,16,-9
103900013,45,33,12
103900014,58,7,51
103900015,50,7,43
103900016,132,44,88
103900017,51,55,-4
103900018,275,63,212
103900019,62,295,-233
103900020,137,334,-197
103900021,116,21,95
103900022,513,232,281
103900023,165,2,163
103900024,52,166,-114
103900025,20,20,0
103900026,9,0,9
103900027,409,168,241
103900028,15,181,-166
103900029,895,149,746
103900030,251,85,166
103900031,33,2,31
103900032,105,93,12
103900033,51,29,22
103900034,37,42,-5
103900035,29,14,15
103900036,32,44,-12
103900037,77,32,45
103900038,63,175,-112
103900039,115,119,-4
103900040,3,43,-40
103900041,61,31,30
103900042,62,51,11
103900043,177,30,147
103900044,24,315,-291
103900045,258,83,175
103900047,76,6,70
103900048,14,24,-10
103900049,80,759,-679
103900050,14,95,-81
103900051,0,26,-26
103900052,170,156,14
103900053,259,184,75
103900054,104,108,-4
103900055,387,121,266
103900056,33,13,20
103900057,55,60,-5
103900058,267,192,75
103900059,0,17,-17
103900060,46,61,-15
103900061,157,20,137
103900062,254,90,164
103900063,6,0,6
103900064,157,2,155
103900065,237,215,22
103900066,166,20,146
103900067,144,11,133
103900068,2,0,2
103900069,45,14,31
103900070,96,74,22
103900071,8,31,-23
103900072,30,61,-31
103900073,20,49,-29
103900074,65,19,46
103900075,159,19,140
103900076,522,175,347
103900077,35,157,-122
103900078,181,34,147
103900079,116,108,8
103900080,10,18,-8
103900081,44,57,-13
103900082,11,96,-85
103900083,1126,965,161
103900084,26,86,-60
103900085,27,103,-76
103900086,587,215,372
103900088,161,358,-197
103900089,20,81,-61
103900090,4,44,-40
103900091,443,135,308
103900092,452,184,268
103900093,39,210,-171
103900094,7,32,-25
103900095,127,132,-5
103900096,23,66,-43
103900097,14,138,-124
103900098,235,99,136
103900099,101,38,63
103900100,235,117,118
103900101,69,517,-448
103900102,1,7,-6
103900104,4,15,-11
103900105,55,105,-50
103900106,0,56,-56
103900107,107,43,64
103900108,56,104,-48
103900109,135,20,115
103900110,94,28,66
103900111,118,184,-66
103900112,34,57,-23
103900113,66,160,-94
103900114,144,142,2
103900115,165,140,25
103900116,1095,1756,-661
103900117,76,30,46
103900119,16,55,-39
103900120,64,60,4
103900122,98,42,56
103900123,523,432,91
103900124,57,130,-73
103900125,104,37,67
103900126,410,161,249
103900127,105,129,-24
103900128,64,24,40
103900131,14,57,-43
103900133,702,31,671
103900134,0,7,-7
103900135,1,1,0
103900137,0,11,-11
103900138,225,81,144
103900139,364,1977,-1613
103900140,6,192,-186
103900141,133,30,103
103900142,160,52,108
103900143,175,2,173
103900144,0,3,-3
103900145,84,138,-54
103900146,160,112,48
103900147,241,65,176
103900148,203,72,131
103900149,260,158,102
103900150,2434,3031,-597
103900151,11,100,-89
103900152,654,112,542
103900153,4,11,-7
103900154,337,1462,-1125
103900155,33,99,-66
103900156,89,68,21
103900157,54,48,6
103900158,59,27,32
103900159,116,9,107
103900160,39,26,13
103900161,42,104,-62
103900162,30,64,-34
103900163,3,180,-177
103900167,8,116,-108
103900168,75,47,28
103900169,22,29,-7
103900170,0,24,-24
103900171,2,14,-12
103900172,1,6,-5
103900173,7,24,-17
103900174,189,30,159
103900175,27,57,-30
103900176,5,23,-18
103900177,18,34,-16
103900178,51,14,37
103900179,46,36,10
103900180,3,21,-18
103900181,33,19,14
103900182,27,12,15
103900184,152,58,94
103900185,62,335,-273
103900187,6,61,-55
103900188,52,49,3
103900189,135,1,134
103900190,59,35,24
103900191,8,34,-26
103900192,26,48,-22
103900193,68,82,-14
103900194,68,84,-16
103900195,4,71,-67
103900196,18,20,-2
103900197,20,8,12
103900198,15,12,3
103900199,86,41,45
103900200,171,45,126
103900201,67,58,9
103900202,4,28,-24
103900203,20,10,10
103900204,0,21,-21
103900207,0,17,-17
103900208,75,0,75
103900209,3,50,-47
103900210,27,27,0
103900211,427,145,282
103900212,127,94,33
103900213,20,179,-159
103900214,175,117,58
103900215,89,208,-119
103900216,11,129,-118
103900217,210,2,208
103900218,40,175,-135
103900219,127,81,46
103900233,29,6,23
103900235,6,52,-46
103900236,9,9,0
103900242,2,0,2
103900243,2,1,1
103900244,86,101,-15
103900245,60,86,-26
103900246,29,15,14
103900247,21,57,-36
103900248,3,30,-27
103900249,4,40,-36
103900250,15,15,0
103900251,1,20,-19
103900253,6,49,-43
103900254,14,8,6
103900255,1,6,-5
103900256,17,20,-3
103900257,194,191,3
103900258,13,11,2
103900259,14,5,9
103900261,8,1,7
103900262,18,2,16
103900263,25,23,2
103900264,10,6,4
103900265,12,0,12
103900266,1,47,-46
103900267,12,31,-19
103900268,12,29,-17
103900269,203,17,186
103900270,56,21,35
103900271,26,46,-20
103900272,39,16,23
103900273,24,1,23
103900274,68,0,68
103900275,30,4,26
103900276,1,12,-11
103900277,2,19,-17
103900278,4,8,-4
103900279,3,30,-27
103900280,0,13,-13
103900281,211,142,69
103900282,6,14,-8
103900283,31,10,21
103900284,10,22,-12
103900285,17,100,-83
103900286,23,139,-116
103900287,0,117,-117
103900288,17,104,-87
103900289,7,1,6
103900290,57,65,-8
103900291,21,0,21
103900292,15,6,9
103900293,4,10,-6
103900294,2,6,-4
104000001,2073,1361,712
104000002,1240,1365,-125
104000003,1573,1356,217
104000004,1551,1476,75
104000005,1397,1381,16
104000006,1918,1669,249
104000007,2467,1948,519
104000008,144,166,-22
104000009,168,97,71
104000010,155,248,-93
104000011,186,145,41
104000012,103,168,-65
104000013,220,160,60
104000014,156,283,-127
104000015,251,130,121
104000016,352,190,162
104000018,661,134,527
104000019,510,176,334
104000020,86,200,-114
104000021,172,257,-85
104000022,147,211,-64
104000023,646,281,365
104000024,183,191,-8
104000026,44,213,-169
104000027,197,110,87
104000028,301,196,105
104000029,301,197,104
104000030,216,174,42
104000031,894,292,602
104000032,135,191,-56
104000033,486,396,90
104000034,236,135,101
104000035,784,229,555
104000036,641,299,342
104000037,233,97,136
104000038,136,240,-104
104000039,161,69,92
104000040,119,239,-120
104000041,842,289,553
104000042,65,55,10
104000043,109,159,-50
104000044,172,250,-78
104000045,570,423,147
104000046,516,768,-252
104000047,366,566,-200
104000048,635,570,65
104000049,400,170,230
104000050,123,351,-228
104000051,111,382,-271
104000052,1612,1258,354
104000053,587,224,363
104000054,244,80,164
104000055,1994,1346,648
104000056,596,273,323
104000057,200,279,-79
104000058,775,1095,-320
104000059,272,632,-360
104000060,905,1186,-281
104000061,947,640,307
104000062,414,103,311
104000064,369,210,159
104000065,97,413,-316
104000069,387,873,-486
104000070,77,317,-240
104000071,189,237,-48
104000072,414,192,222
104000075,35,118,-83
104000076,332,38,294
104000082,1350,2091,-741
104000083,497,148,349
104000084,98,276,-178
104000085,270,244,26
104000086,150,261,-111
104000087,306,957,-651
104000090,593,553,40
104000092,1116,733,383
104000094,602,599,3
104000095,1499,1087,412
104000096,1144,56,1088
104000097,1400,321,1079
104000098,2151,307,1844
104000100,1342,394,948
104000101,721,682,39
104000106,89,370,-281
104000107,396,181,215
104000108,125,248,-123
104000109,212,68,144
104000110,474,517,-43
104000111,1278,1542,-264
104000112,531,347,184
104000116,1,376,-375
104000117,134,228,-94
104000118,591,115,476
104000119,427,190,237
104000120,172,260,-88
104000121,149,338,-189
104000122,667,597,70
104000123,514,360,154
104000124,313,715,-402
104000125,1469,3109,-1640
104000126,291,291,0
104000127,817,1065,-248
104000128,389,172,217
104000129,233,14,219
104000130,7,138,-131
104000131,250,271,-21
104000132,319,416,-97
104000133,979,489,490
104000134,639,942,-303
104000135,367,1052,-685
104000136,432,2065,-1633
104000137,946,239,707
104000138,532,190,342
104000139,2512,1341,1171
104000141,589,550,39
104000142,394,288,106
104000143,502,234,268
104000144,78,117,-39
104000145,258,134,124
104000146,128,330,-202
104000147,97,219,-122
104000148,274,104,170
104000149,137,80,57
104000150,733,346,387
104000151,159,156,3
104000152,421,219,202
104000153,464,408,56
104000154,567,226,341
104000155,274,567,-293
104000157,679,680,-1
104000158,99,287,-188
104000159,617,391,226
104000160,1116,1387,-271
104000161,135,117,18
104000162,82,120,-38
104000165,564,651,-87
104000167,1137,1278,-141
104000168,442,7,435
104000169,158,32,126
104000170,177,290,-113
104000248,175,253,-78
104000251,38,101,-63
104000272,0,0,0
104000273,0,0,0
104000274,0,0,0
104000275,0,0,0
104000279,1322,1371,-49
104000290,49,137,-88
104000291,559,836,-277
104000293,665,744,-79
104000294,24,0,24
104000295,406,415,-9
104000296,340,415,-75
104000297,572,1264,-692
104000298,1291,765,526
104000299,522,874,-352
104000302,71,56,15
104000303,145,125,20
104900001,89,159,-70
104900002,45,118,-73
104900003,51,169,-118
104900004,60,136,-76
104900005,236,162,74
104900006,253,57,196
104900007,291,107,184
104900009,85,75,10
104900010,70,19,51
104900011,9,7,2
104900012,113,21,92
104900013,110,7,103
104900014,1086,162,924
104900015,67,1,66
104900016,134,116,18
104900017,156,71,85
104900018,3,63,-60
104900019,101,2524,-2423
104900020,32,99,-67
104900021,0,36,-36
104900022,3,167,-164
104900023,1,25,-24
104900024,12,411,-399
104900025,44,63,-19
104900026,0,19,-19
104900027,389,216,173
104900028,22,79,-57
104900029,13,26,-13
104900030,348,92,256
104900031,38,139,-101
104900032,47,43,4
104900033,77,191,-114
104900034,259,89,170
104900035,259,139,120
104900036,215,46,169
104900037,133,91,42
104900038,77,587,-510
104900039,221,265,-44
104900040,278,28,250
104900041,206,107,99
104900042,136,119,17
104900043,9,182,-173
104900044,629,85,544
104900045,290,34,256
104900046,138,29,109
104900047,222,74,148
104900048,232,37,195
104900049,50,25,25
104900050,212,47,165
104900051,163,24,139
104900052,73,4,69
104900053,318,53,265
104900054,105,15,90
104900055,145,1,144
104900056,94,10,84
104900057,34,0,34
104900058,305,158,147
104900059,68,50,18
104900061,67,200,-133
104900063,14,98,-84
104900064,0,55,-55
104900065,1,103,-102
104900066,0,41,-41
104900067,2,157,-155
104900068,22,87,-65
104900070,96,135,-39
104900071,1,283,-282
104900072,34,129,-95
104900073,22,60,-38
104900074,28,93,-65
104900075,23,11,12
104900076,60,81,-21
104900077,213,182,31
104900078,131,195,-64
104900079,43,356,-313
104900080,60,272,-212
104900082,3,181,-178
104900085,5,100,-95
104900089,232,1,231
104900091,395,239,156
104900093,122,205,-83
104900097,981,1789,-808
104900098,135,43,92
104900099,23,248,-225
104900100,139,129,10
104900102,36,35,1
104900103,217,27,190
104900106,98,41,57
104900107,68,60,8
104900108,12,94,-82
104900109,93,108,-15
104900110,10,46,-36
104900111,165,22,143
104900112,187,203,-16
104900113,565,160,405
104900114,322,194,128
104900115,489,148,341
104900116,256,42,214
104900118,21,16,5
104900119,1,28,-27
104900120,19,312,-293
104900121,0,26,-26
104900122,4,19,-15
104900123,73,8,65
104900124,41,0,41
104900125,291,51,240
104900126,13,21,-8
104900127,6,43,-37
104900128,96,52,44
104900129,438,1426,-988
105000001,2106,1082,1024
105000002,1754,1083,671
105000003,2279,2301,-22
105000004,519,453,66
105000005,735,875,-140
105000006,900,1345,-445
105000007,1099,1341,-242
105000008,682,2636,-1954
105000009,2126,2453,-327
105000010,1876,981,895
105000011,2705,2444,261
105000012,2257,1442,815
105000013,759,1001,-242
105000014,1861,2584,-723
105000015,5707,10379,-4672
105000016,931,988,-57
105000017,980,393,587
105000018,687,958,-271
105000019,529,648,-119
105000020,97,373,-276
105000021,159,90,69
105000022,91,101,-10
105000023,424,198,226
105000028,63,55,8
105000029,460,1004,-544
105000030,2025,1218,807
105000031,13,26,-13
105000033,701,903,-202
105000034,109,627,-518
105000037,439,191,248
105000038,882,1273,-391
105000039,1295,644,651
105000040,727,999,-272
105000041,226,628,-402
105000042,1536,1147,389
105000043,720,973,-253
105000044,495,358,137
105000045,267,323,-56
105000046,858,263,595
105000047,382,464,-82
105000048,363,178,185
105000049,181,249,-68
105000050,617,320,297
105000051,133,197,-64
105000052,451,476,-25
105000053,70,100,-30
105000054,318,491,-173
105000055,456,172,284
105000056,912,1097,-185
105000057,918,361,557
105000058,730,555,175
105000059,576,401,175
105000060,393,321,72
105000061,625,363,262
105000062,376,388,-12
105000063,208,225,-17
105000064,1343,462,881
105000065,277,284,-7
105000066,611,684,-73
105000067,1037,529,508
105000068,234,554,-320
105000069,934,1473,-539
105000070,283,843,-560
105000071,150,838,-688
105000072,886,2152,-1266
105000073,622,481,141
105000074,490,411,79
105000075,340,439,-99
105000076,695,483,212
105000077,1241,693,548
105000078,563,789,-226
105000079,713,2478,-1765
105000080,989,1059,-70
105000081,1410,1112,298
105000082,469,1515,-1046
105000083,2008,3030,-1022
105000084,447,486,-39
105000085,1499,1747,-248
105000086,561,547,14
105000087,995,978,17
105000088,980,1312,-332
105000089,1285,826,459
105000090,582,356,226
105000091,524,736,-212
105000092,395,606,-211
105000093,199,257,-58
105000094,175,104,71
105000095,80,284,-204
105000096,814,981,-167
105000097,458,486,-28
105000098,798,448,350
105000099,484,485,-1
105000100,1290,753,537
105000101,1371,874,497
105000102,1100,881,219
105000103,823,1283,-460
105000104,1637,548,1089
105000105,606,942,-336
105000106,1095,819,276
105000107,1064,510,554
105000108,1161,820,341
105000109,1399,796,603
105000110,617,346,271
105000111,730,356,374
105000112,800,357,443
105000113,331,525,-194
105000114,1308,904,404
105000115,233,1008,-775
105000116,739,345,394
105000117,663,394,269
105000118,501,228,273
105000119,409,417,-8
105000120,934,311,623
105000121,652,460,192
105000122,320,443,-123
105000123,507,532,-25
105000124,1570,415,1155
105000125,633,774,-141
105000126,1501,841,660
105000127,1704,958,746
105000128,385,582,-197
105000129,732,167,565
105000130,181,2346,-2165
105000131,332,172,160
105000132,746,519,227
105000133,343,506,-163
105000134,709,371,338
105000135,265,255,10
105000136,86,143,-57
105000137,514,163,351
105000138,174,171,3
105000139,677,451,226
105000140,436,279,157
105000141,254,197,57
105000142,240,290,-50
105000143,135,304,-169
105000144,233,423,-190
105000145,544,200,344
105000146,252,468,-216
105000147,513,248,265
105000148,759,466,293
105000149,1842,1462,380
105000150,916,657,259
105000151,415,260,155
105000152,127,221,-94
105000153,563,487,76
105000154,462,299,163
105000155,303,583,-280
105000156,388,313,75
105000157,452,758,-306
105000158,1359,499,860
105000159,248,574,-326
105000160,2023,485,1538
105000161,492,721,-229
105000162,485,1532,-1047
105000163,602,570,32
105000164,102,192,-90
105000165,393,4708,-4315
105000166,2573,832,1741
105000167,749,1444,-695
105000168,345,281,64
105000169,475,126,349
105000170,191,720,-529
105000171,804,113,691
105000172,121,14,107
105000173,230,22,208
105000174,52,22,30
105000175,83,61,22
105000176,368,45,323
105000177,301,130,171
105000178,180,176,4
105000179,626,69,557
105000180,153,49,104
105000181,137,134,3
105000182,44,31,13
105000183,1105,1550,-445
105000184,1011,674,337
105000185,702,944,-242
105000186,317,556,-239
105000187,472,162,310
105000188,113,96,17
105000189,87,363,-276
105000190,204,207,-3
105000191,227,227,0
105000192,225,60,165
105000193,49,55,-6
105000194,504,113,391
105000195,203,346,-143
105000196,63,242,-179
105000197,201,341,-140
105000198,229,145,84
105000199,118,564,-446
105000200,81,233,-152
105000201,62,36,26
105000203,9,69,-60
105000204,83,55,28
105000205,78,79,-1
105000207,183,88,95
105000208,112,404,-292
105000209,90,142,-52
105000211,307,11,296
105000212,994,411,583
105000213,55,174,-119
105000214,127,132,-5
105000215,202,86,116
105000216,153,82,71
105000217,158,92,66
105000218,1199,732,467
105000221,130,90,40
105000222,290,78,212
105000223,242,82,160
105000226,86,97,-11
105000227,69,64,5
105000228,94,1424,-1330
105000229,131,414,-283
105000231,228,245,-17
105000233,701,528,173
105000234,356,572,-216
105000235,299,359,-60
105000237,684,46,638
105000243,12,19,-7
105000248,29,74,-45
105000262,214,496,-282
105000269,106,116,-10
105000270,457,23,434
105000271,0,87,-87
105000282,40,19,21
105000287,181,51,130
105000288,408,249,159
105000289,1067,1625,-558
105000290,11,1,10
105000402,1482,2626,-1144
105000426,151,272,-121
105000438,1880,1184,696
105000440,33,10,23
105000446,4234,2941,1293
105000447,1928,1146,782
105000454,587,210,377
105000455,184,74,110
105000474,61,0,61
105000477,414,402,12
105000478,1364,4053,-2689
105000479,62,96,-34
105000480,4916,6396,-1480
105000481,3159,2626,533
105000482,2150,3884,-1734
105000483,1232,1779,-547
105000484,1066,1555,-489
105000485,793,2318,-1525
105000486,1225,1375,-150
105000488,4510,2283,2227
105000489,715,509,206
105000549,64,61,3
105000550,278,733,-455
105000551,46,52,-6
105000552,1357,767,590
105000555,862,954,-92
105000556,28,18,10
105000557,45,126,-81
105900001,6,1436,-1430
105900002,404,538,-134
105900003,11,78,-67
105900004,76,53,23
105900005,3,133,-130
105900006,6,56,-50
105900007,33,12,21
105900008,54,207,-153
105900009,28,9,19
105900011,60,8,52
105900012,223,47,176
105900013,2,16,-14
105900014,1,38,-37
105900015,73,190,-117
105900016,262,107,155
105900017,1044,16,1028
105900018,168,130,38
105900019,36,103,-67
105900020,34,42,-8
105900021,11,140,-129
105900022,129,49,80
105900023,2,49,-47
105900024,2,92,-90
105900025,133,12,121
105900026,120,8,112
105900027,6978,4061,2917
105900028,234,177,57
105900029,1133,243,890
105900030,97,194,-97
105900031,207,100,107
105900032,93,89,4
105900033,64,57,7
105900034,126,78,48
105900035,101,89,12
105900036,108,56,52
105900037,82,33,49
105900038,122,139,-17
105900039,105,51,54
105900040,78,46,32
105900041,131,57,74
105900042,64,115,-51
105900043,533,28,505
105900044,2,151,-149
105900045,4,530,-526
105900046,5,155,-150
105900047,9,41,-32
105900048,68,265,-197
105900050,3452,4574,-1122
105900051,38,709,-671
105900052,337,176,161
105900053,1267,2062,-795
105900054,166,102,64
105900056,227,250,-23
105900057,6,78,-72
105900058,17,9,8
105900059,0,57,-57
106000001,1922,1611,311
106000002,786,2886,-2100
106000003,1988,2476,-488
106000004,1040,1353,-313
106000005,2992,3204,-212
106000006,3134,1416,1718
106000007,415,372,43
106000008,285,164,121
106000009,479,263,216
106000010,249,268,-19
106000011,1050,777,273
106000012,556,563,-7
106000013,1590,1285,305
106000014,954,746,208
106000015,1484,840,644
106000016,823,975,-152
106000017,499,483,16
106000018,390,314,76
106000019,265,257,8
106000020,236,188,48
106000021,290,403,-113
106000022,177,114,63
106000023,490,224,266
106000024,314,241,73
106000025,102,141,-39
106000026,87,171,-84
106000027,1174,966,208
106000028,453,204,249
106000029,483,530,-47
106000030,210,326,-116
106000034,124,245,-121
106000035,446,1456,-1010
106000036,126,250,-124
106000037,831,880,-49
106000038,91,79,12
106000039,80,71,9
106000040,74,533,-459
106000041,503,546,-43
106000043,342,148,194
106000046,189,49,140
106000047,17,293,-276
106000049,849,118,731
106000050,182,310,-128
106000051,491,255,236
106000052,67,187,-120
106000053,402,111,291
106000054,192,158,34
106000055,678,466,212
106000056,153,159,-6
106000057,429,182,247
106000058,112,54,58
106000059,316,188,128
106000060,199,221,-22
106000061,181,424,-243
106000062,111,203,-92
106000063,699,468,231
106000064,19,138,-119
106000065,240,163,77
106000066,54,156,-102
106000067,324,68,256
106000068,40,329,-289
106000069,280,35,245
106000070,300,295,5
106000071,736,183,553
106000072,1454,859,595
106000073,947,2548,-1601
106000074,429,447,-18
106000075,220,868,-648
106000076,1176,1161,15
106000077,1813,777,1036
106000078,842,433,409
106000079,664,485,179
106000080,895,294,601
106000081,535,719,-184
106000082,1291,481,810
106000083,389,943,-554
106000084,776,415,361
106000085,879,913,-34
106000086,473,519,-46
106000087,669,302,367
106000088,257,412,-155
106000089,657,150,507
106000090,226,439,-213
106000091,207,227,-20
106000092,540,179,361
106000093,320,73,247
106000094,45,150,-105
106000095,676,379,297
106000096,806,327,479
106000097,862,390,472
106000098,580,373,207
106000099,206,371,-165
106000100,943,112,831
106000101,490,527,-37
106000102,84,297,-213
106000103,188,130,58
106000104,285,144,141
106000105,292,280,12
106000106,605,187,418
106000107,121,126,-5
106000108,458,159,299
106000109,198,111,87
106000110,299,96,203
106000111,126,128,-2
106000112,248,214,34
106000113,314,317,-3
106000114,232,405,-173
106000115,265,375,-110
106000116,487,397,90
106000117,532,282,250
106000118,1005,930,75
106000119,724,358,366
106000120,749,992,-243
106000121,204,131,73
106000122,119,84,35
106000123,423,58,365
106000124,71,60,11
106000125,50,75,-25
106000126,264,52,212
106000127,624,299,325
106000128,749,169,580
106000129,588,307,281
106000130,698,447,251
106000131,95,564,-469
106000132,383,116,267
106000133,827,856,-29
106000134,284,1605,-1321
106000135,174,417,-243
106000136,542,829,-287
106000137,54,403,-349
106000138,1193,76,1117
106000139,25,46,-21
106000140,30,26,4
106000141,110,29,81
106000142,75,43,32
106000143,39,22,17
106000144,67,53,14
106000145,236,101,135
106000146,284,60,224
106000147,565,287,278
106000148,684,419,265
106000149,538,233,305
106000150,403,1504,-1101
106000151,1815,467,1348
106000152,489,1569,-1080
106000153,83,1104,-1021
106000154,563,115,448
106000155,86,207,-121
106000156,723,123,600
106000157,341,919,-578
106000158,1117,636,481
106000159,1246,1384,-138
106000160,363,2109,-1746
106000161,750,180,570
106000162,259,711,-452
106000163,263,171,92
106000164,402,129,273
106000165,176,251,-75
106000166,642,162,480
106000167,214,345,-131
106000168,467,158,309
106000169,241,244,-3
106000170,650,146,504
106000171,192,575,-383
106000172,1783,846,937
106000173,695,1245,-550
106000174,819,220,599
106000175,127,306,-179
106000176,1257,561,696
106000177,457,1136,-679
106000178,2325,1128,1197
106000179,500,870,-370
106000180,455,508,-53
106000181,735,775,-40
106000182,1263,375,888
106000183,1356,253,1103
106000184,1277,290,987
106000185,716,724,-8
106000186,410,59,351
106000187,99,679,-580
106000188,0,0,0
106000189,8,35,-27
106000190,17,1,16
106000191,562,92,470
106000192,1,16,-15
106000193,267,86,181
106000194,58,143,-85
106000195,181,56,125
106000196,58,164,-106
106000197,460,147,313
106000198,163,111,52
106000199,360,551,-191
106000200,167,129,38
106000201,248,2068,-1820
106000202,1451,328,1123
106000203,3,116,-113
106000204,71,3,68
106000205,12,84,-72
106000206,83,16,67
106000207,16,181,-165
106000208,1161,123,1038
106000209,1058,321,737
106000210,217,253,-36
106000211,128,588,-460
106000212,711,359,352
106000213,206,986,-780
106000214,777,271,506
106000215,204,303,-99
106000216,520,180,340
106000217,149,177,-28
106000218,286,224,62
106000219,120,179,-59
106000220,588,245,343
106000221,183,96,87
106000222,84,55,29
106000223,292,74,218
106000224,246,100,146
106000225,77,104,-27
106000226,63,133,-70
106000228,69,52,17
106000229,55,383,-328
106000231,791,75,716
106000232,49,137,-88
106000233,363,69,294
106000234,62,151,-89
106000235,199,114,85
106000236,46,47,-1
106000237,0,12,-12
106000238,8,27,-19
106000239,1,62,-61
106000240,21,4,17
106000241,9,340,-331
106000242,237,25,212
106000249,75,22,53
106000250,53,350,-297
106000251,71,16,55
106000252,8,40,-32
106000253,31,42,-11
106000254,25,17,8
106000255,22,100,-78
106000256,19,19,0
106000257,106,99,7
106000258,97,53,44
106000259,3,37,-34
106000260,26,6,20
106000261,1,43,-42
106000262,54,10,44
106000263,11,27,-16
106000264,69,5,64
106000265,4,57,-53
106000266,90,16,74
106000267,2,47,-45
106000268,195,44,151
106000269,36,24,12
106000270,121,231,-110
106000271,36,60,-24
106000272,122,15,107
106000273,4,106,-102
106000274,114,9,105
106000275,81,130,-49
106000276,59,28,31
106000277,70,142,-72
106000278,66,17,49
106000279,4,21,-17
106000280,58,21,37
106000281,64,18,46
106000282,34,46,-12
106000283,109,36,73
106000284,92,52,40
106000285,74,55,19
106000286,78,50,28
106000287,66,42,24
106000288,56,64,-8
106000289,86,68,18
106000290,49,56,-7
106000291,47,106,-59
106000292,53,32,21
106000293,101,80,21
106000294,56,61,-5
106000295,51,36,15
106000296,20,52,-32
106000297,30,167,-137
106000298,44,54,-10
106000299,21,68,-47
106000300,46,57,-11
106000301,55,91,-36
106000303,30,42,-12
106000304,20,24,-4
106000305,29,18,11
106000306,52,28,24
106000307,34,13,21
106000308,25,30,-5
106000309,14,25,-11
106000310,203,306,-103
106000311,253,114,139
106000312,255,109,146
106000313,241,100,141
106000318,39,270,-231
106000319,767,215,552
106000320,0,51,-51
106000321,150,81,69
106000322,193,55,138
106000324,22,71,-49
106000325,1495,666,829
106000326,643,750,-107
106000327,187,35,152
106000328,10,58,-48
106000329,75,132,-57
106000330,21,53,-32
106000428,98,150,-52
106000429,136,245,-109
106000430,269,689,-420
106000431,1732,265,1467
106000432,966,1760,-794
106000433,1926,1011,915
106000434,2382,1027,1355
106000435,654,1438,-784
106000436,5,58,-53
106000437,177,47,130
106000438,295,136,159
106000439,57,268,-211
106000440,388,378,10
106000441,0,0,0
106000442,193,7,186
106000443,223,147,76
106000450,1,36,-35
106000451,15,40,-25
106000454,1,85,-84
106000455,13,94,-81
106000456,81,9,72
106000457,13,236,-223
106000458,793,41,752
106000459,147,70,77
106000460,1020,13,1007
106000461,124,300,-176
106000462,0,23,-23
106000463,4,9,-5
106000464,1,223,-222
106000465,564,0,564
106000466,3,165,-162
106000467,127,153,-26
106000468,67,66,1
106000469,71,0,71
106000470,171,1341,-1170
106000471,5,177,-172
106000472,97,9,88
106000473,36,6,30
106000474,382,271,111
106000475,467,187,280
106000476,226,308,-82
106000477,70,51,19
106000480,0,281,-281
106900001,0,16,-16
106900002,1,141,-140
106900003,34,179,-145
106900004,2,8,-6
106900006,0,9,-9
106900007,0,14,-14
106900008,358,38,320
106900009,342,161,181
106900010,174,171,3
106900012,749,1397,-648
106900013,160,43,117
106900014,25,2,23
106900015,13,4,9
106900016,310,12,298
106900017,5,2,3
106900018,4,0,4
106900019,86,1,85
106900020,949,1139,-190
106900021,156,133,23
106900022,794,5,789
106900023,3,77,-74
106900024,223,29,194
106900025,16,151,-135
106900026,1,159,-158
106900027,665,3,662
106900028,1,89,-88
106900029,90,37,53
106900030,5,169,-164
107000001,2195,3395,-1200
107000002,1173,2021,-848
107000003,4800,4672,128
107000004,2416,1490,926
107000005,4688,4427,261
107000006,2247,1231,1016
107000007,3661,6336,-2675
107000008,3682,2830,852
107000009,5831,5578,253
107000010,4113,3259,854
107000011,560,655,-95
107000012,1690,1114,576
107000013,94,42,52
107000014,38,90,-52
107000015,340,319,21
107000016,544,327,217
107000017,565,1284,-719
107000018,9,1164,-1155
107000020,460,1556,-1096
107000021,788,326,462
107000022,440,1115,-675
107000023,1176,120,1056
107000024,455,862,-407
107000025,129,189,-60
107000026,284,209,75
107000027,1111,516,595
107000028,962,518,444
107000029,2352,2040,312
107000030,1499,1236,263
107000031,3523,1840,1683
107000032,231,468,-237
107000033,1470,1958,-488
107000034,2460,692,1768
107000035,306,150,156
107000036,261,772,-511
107000037,78,546,-468
107000038,113,119,-6
107000039,790,574,216
107000040,173,167,6
107000041,892,473,419
107000042,354,1390,-1036
107000043,1334,778,556
107000044,234,137,97
107000045,58,156,-98
107000046,603,293,310
107000047,335,411,-76
107000048,584,204,380
107000049,415,432,-17
107000050,851,397,454
107000051,146,152,-6
107000052,751,798,-47
107000053,233,233,0
107000054,37,144,-107
107000055,243,117,126
107000056,308,412,-104
107000057,1148,136,1012
107000058,1555,1626,-71
107000059,1269,1782,-513
107000060,3758,3958,-200
107000061,2766,1640,1126
107000062,4297,2219,2078
107000063,2868,1996,872
107000064,3806,1765,2041
107000065,1923,1974,-51
107000066,1070,2141,-1071
107000067,850,1208,-358
107000068,657,860,-203
107000069,779,511,268
107000070,1008,20,988
107000071,3080,56,3024
107000072,32,1159,-1127
107000073,716,406,310
107000074,101,464,-363
107000075,1570,474,1096
107000076,310,620,-310
107000077,2970,1184,1786
107000078,1375,1339,36
107000079,2167,866,1301
107000080,590,1409,-819
107000081,1859,424,1435
107000082,415,572,-157
107000083,1084,423,661
107000084,215,702,-487
107000085,2323,2281,42
107000086,1985,1779,206
107000087,2234,1619,615
107000088,1885,1831,54
107000089,1430,1218,212
107000090,706,462,244
107000091,1427,697,730
107000092,578,529,49
107000093,1039,714,325
107000094,639,588,51
107000095,743,461,282
107000096,368,322,46
107000097,677,216,461
107000098,358,302,56
107000099,337,240,97
107000100,131,158,-27
107000101,46,130,-84
107000102,125,161,-36
107000103,192,178,14
107000104,100,197,-97
107000105,272,63,209
107000106,148,161,-13
107000107,457,89,368
107000108,86,242,-156
107000109,596,88,508
107000110,51,210,-159
107000111,364,25,339
107000112,38,162,-124
107000113,695,91,604
107000114,75,292,-217
107000115,691,235,456
107000116,78,356,-278
107000117,92,836,-744
107000118,76,76,0
107000119,901,1232,-331
107000120,680,435,245
107000121,840,465,375
107000122,855,428,427
107000123,508,316,192
107000124,498,374,124
107000125,811,338,473
107000126,838,320,518
107000129,180,353,-173
107000130,609,215,394
107000131,233,315,-82
107000132,442,220,222
107000133,235,62,173
107000134,229,0,229
107000135,0,252,-252
107000136,450,5,445
107000137,3,337,-334
107000138,129,25,104
107000139,11,377,-366
107000140,1298,51,1247
107000141,98,524,-426
107000142,355,69,286
107000143,57,472,-415
107000144,391,365,26
107000145,80,267,-187
107000146,123,235,-112
107000147,2672,563,2109
107000150,254,1996,-1742
107000151,8,59,-51
107000152,541,1344,-803
107000153,78,196,-118
107000154,47,241,-194
107000155,622,14,608
107000156,1015,12,1003
107000157,23,444,-421
107000158,676,3,673
107000159,18,372,-354
107000160,1043,114,929
107000161,35,423,-388
107000162,225,408,-183
107000163,152,11,141
107000164,649,0,649
107000165,972,2,970
107000166,29,375,-346
107000167,538,113,425
107000168,811,434,377
107000169,386,393,-7
107000170,2329,476,1853
107000171,415,578,-163
107000172,963,1262,-299
107000173,380,390,-10
107000174,906,4211,-3305
107000175,2427,717,1710
107000176,0,0,0
107000177,1,0,1
107000178,12,3,9
107000179,209,774,-565
107000180,1413,158,1255
107000181,422,410,12
107000182,1702,451,1251
107000183,135,313,-178
107000184,931,400,531
107000185,304,611,-307
107000186,1007,290,717
107000187,995,922,73
107000188,494,385,109
107000189,456,580,-124
107000190,581,437,144
107000191,806,676,130
107000192,1210,398,812
107000193,318,357,-39
107000194,597,421,176
107000197,770,236,534
107000198,226,397,-171
107000199,804,374,430
107000200,335,408,-73
107000201,334,284,50
107000202,215,361,-146
107000203,534,1211,-677
107000204,558,1215,-657
107000205,1105,502,603
107000206,323,1097,-774
107000207,418,871,-453
107000208,455,386,69
107000209,748,1079,-331
107000210,216,143,73
107000211,0,41,-41
107000212,6,138,-132
107000213,2,34,-32
107000214,14,58,-44
107000215,369,190,179
107000216,324,194,130
107000217,106,99,7
107000219,94,118,-24
107000220,153,73,80
107000222,186,216,-30
107000224,388,72,316
107000225,114,132,-18
107000226,344,51,293
107000227,70,78,-8
107000228,198,343,-145
107000229,50,82,-32
107000230,599,276,323
107000231,488,1298,-810
107000232,99,15,84
107000233,339,748,-409
107000234,0,38,-38
107000235,79,11,68
107000236,3,244,-241
107000237,50,0,50
107000238,36,4,32
107000239,1165,307,858
107000240,76,254,-178
107000243,1,36,-35
107000244,4,27,-23
107000246,2,901,-899
107000249,1,974,-973
107000251,5,205,-200
107000252,0,211,-211
107000255,145,77,68
107000257,0,327,-327
107000258,2,104,-102
107000259,1,53,-52
107000260,1416,14,1402
107000262,10,224,-214
107000263,333,4,329
107000266,4,9,-5
107000267,32,48,-16
107000268,77,54,23
107000269,41,9,32
107000270,133,34,99
107000271,3,0,3
107000272,94,0,94
107000273,9,116,-107
107000274,317,4,313
107000275,163,734,-571
107000280,901,21,880
107000281,10,269,-259
107000282,25,274,-249
107000290,3,22,-19
107000291,12,8,4
107000292,1,181,-180
107000293,13,3,10
107000294,1,49,-48
107000295,8,3,5
107000296,0,5,-5
107000444,211,3,208
107000496,0,4,-4
107000497,845,899,-54
107000500,243,186,57
107000501,75,95,-20
107000502,161,159,2
107000505,160,410,-250
107000506,0,3,-3
107000508,1,174,-173
107000509,128,445,-317
107000510,29,21,8
107000514,23,168,-145
107000515,7,54,-47
107000516,408,245,163
107000518,886,1376,-490
107000519,821,406,415
107000520,64,21,43
107000521,586,156,430
107000522,941,328,613
107900001,92,73,19
107900002,39,7,32
107900003,341,42,299
107900004,2,2,0
107900005,1349,2,1347
107900006,121,1,120
107900007,281,29,252
107900008,25,3,22
107900009,85,3,82
107900010,44,1,43
107900012,205,35,170
107900013,120,14,106
107900014,27,2,25
107900015,927,11,916
107900016,236,57,179
107900017,6,0,6
107900018,52,171,-119
107900019,13,9,4
107900020,15,7,8
107900021,122,35,87
107900023,0,0,0
107900024,0,4,-4
107900025,183,122,61
107900026,74,11,63
107900027,18,32,-14
107900028,110,22,88
107900030,145,31,114
107900031,85,47,38
107900032,6,1,5
107900033,24,3,21
107900034,222,12,210
107900035,965,40,925
107900036,32,7,25
107900037,0,5,-5
107900038,42,209,-167
107900039,24,19,5
107900040,12,114,-102
107900041,0,4,-4
107900043,53,51,2
107900044,8,5,3
107900045,58,57,1
107900046,134,150,-16
107900047,58,8,50
107900048,186,8,178
107900049,152,479,-327
107900050,68,124,-56
107900051,43,25,18
107900052,24,25,-1
107900053,31,35,-4
107900055,356,149,207
107900056,78,47,31
107900057,1,0,1
107900058,17,247,-230
107900060,7,38,-31
107900061,8,18,-10
107900063,74,106,-32
107900064,118,144,-26
107900065,204,8,196
107900066,12,2,10
107900067,0,0,0
107900068,39,668,-629
107900069,9,2007,-1998
107900070,145,63,82
107900071,13,191,-178
107900072,126,49,77
107900073,98,45,53
107900074,238,257,-19
107900076,104,20,84
107900077,88,5,83
107900079,26,30,-4
107900080,143,763,-620
107900081,75,27,48
107900082,7,6,1
107900083,310,119,191
107900084,79,83,-4
107900086,50,134,-84
107900087,272,116,156
107900088,22,7,15
107900089,134,438,-304
107900090,227,1469,-1242
107900091,68,111,-43
107900093,58,35,23
107900095,1138,1494,-356
107900097,7,31,-24
107900098,38,113,-75
107900100,501,934,-433
107900101,413,72,341
107900102,10,5,5
107900103,36,89,-53
107900104,151,1,150
107900105,1,111,-110
107900106,0,310,-310
107900107,428,317,111
107900108,95,80,15
107900109,1348,33,1315
107900110,40,15,25
107900111,3,275,-272
107900112,66,288,-222
107900113,187,23,164
107900114,248,49,199
107900115,0,17,-17
107900116,187,34,153
107900117,147,90,57
107900118,21,56,-35
107900119,63,155,-92
107900120,12,35,-23
107900121,2,50,-48
107900122,1,41,-40
107900123,6,30,-24
107900124,4,16,-12
107900125,35,148,-113
107900126,17,57,-40
107900127,238,281,-43
107900128,38,80,-42
107900129,46,11,35
107900130,71,16,55
107900131,149,327,-178
107900132,52,150,-98
107900133,0,30,-30
107900134,20,93,-73
107900135,11,62,-51
107900136,15,26,-11
107900137,55,88,-33
107900138,52,22,30
107900139,63,19,44
107900141,23,31,-8
107900142,30,268,-238
107900143,14,9,5
107900144,1,48,-47
107900145,5,26,-21
107900146,22,79,-57
107900147,33,34,-1
107900148,62,56,6
107900149,339,79,260
107900150,51,234,-183
107900151,52,31,21
107900152,6,44,-38
107900153,42,150,-108
107900154,63,32,31
107900155,54,35,19
107900156,5,77,-72
107900157,13,19,-6
107900158,629,28,601
107900159,13,214,-201
107900160,91,63,28
107900161,49,36,13
107900162,0,14,-14
107900163,3,26,-23
107900164,6,22,-16
107900165,35,166,-131
107900166,36,42,-6
107900167,16,39,-23
107900168,43,14,29
107900169,0,82,-82
107900171,3,361,-358
107900172,0,100,-100
107900173,20,31,-11
107900174,123,1,122
107900175,9,36,-27
107900176,21,19,2
107900177,0,39,-39
107900178,0,44,-44
107900179,22,63,-41
107900180,249,598,-349
107900181,163,141,22
107900182,2,277,-275
107900183,45,53,-8
107900184,65,76,-11
107900185,166,3,163
107900186,28,21,7
107900187,0,49,-49
107900188,191,73,118
107900189,21,71,-50
107900190,30,155,-125
107900191,32,69,-37
107900193,6,43,-37
107900194,115,7,108
107900195,687,152,535
107900196,54,38,16
107900197,160,250,-90
107900199,1,318,-317
107900201,56,33,23
107900203,10,17,-7
107900204,103,165,-62
107900206,749,330,419
107900207,1,183,-182
107900208,14,125,-111
107900209,149,86,63
107900210,24,31,-7
107900213,177,271,-94
107900214,11,37,-26
107900215,78,247,-169
107900216,76,43,33
107900217,17,31,-14
107900218,12,587,-575
107900219,23,22,1
107900220,66,174,-108
107900221,68,100,-32
107900223,67,109,-42
107900224,34,252,-218
107900225,2,177,-175
107900226,60,48,12
107900227,48,174,-126
107900228,20,58,-38
107900229,7,53,-46
107900230,20,22,-2
107900231,12,86,-74
107900232,99,37,62
107900233,13,53,-40
107900234,83,47,36
107900235,4,60,-56
107900236,176,27,149
107900237,13,113,-100
107900238,21,38,-17
107900239,232,444,-212
107900240,17,14,3
107900241,7,32,-25
107900242,24,45,-21
107900243,1,18,-17
107900244,159,2,157
107900245,611,33,578
107900246,198,11,187
107900248,288,58,230
107900249,793,32,761
107900250,0,124,-124
107900251,41,482,-441
107900252,664,26,638
107900253,133,4,129
107900254,32,97,-65
107900255,85,44,41
107900256,252,477,-225
107900257,152,72,80
107900258,129,107,22
107900259,41,1845,-1804
107900261,0,70,-70
107900262,16,39,-23
107900264,386,4,382
107900265,120,55,65
107900267,288,8,280
107900268,3,2,1
107900269,0,5,-5
107900270,0,0,0
107900271,2,38,-36
107900272,30,24,6
107900273,49,27,22
107900274,82,0,82
107900275,24,1,23
107900276,1,38,-37
107900277,0,85,-85
107900278,261,137,124
107900279,38,100,-62
107900280,1514,1249,265
107900281,351,2784,-2433
107900282,17,517,-500
107900283,443,459,-16
107900284,474,211,263
107900285,84,27,57
107900286,27,45,-18
107900287,244,118,126
107900290,1,203,-202
107900291,331,24,307
107900292,75,38,37
107900293,61,117,-56
107900295,25,18,7
107900297,2,146,-144
107900298,356,286,70
107900299,1409,1973,-564
107900301,402,605,-203
107900302,72,26,46
107900303,193,64,129
107900304,299,107,192
107900305,241,9,232
107900306,5,26,-21
107900307,42,142,-100
107900308,169,95,74
107900309,33,0,33
107900310,76,0,76
107900311,2,174,-172
107900312,28,0,28
107900313,0,78,-78
107900314,1,24,-23
107900315,0,31,-31
107900316,15,0,15
107900317,63,0,63
107900318,1,92,-91
107900319,2,67,-65
107900320,0,54,-54
107900321,129,2,127
107900322,1,37,-36
107900323,1,54,-53
107900324,83,0,83
107900325,100,3,97
107900326,339,74,265
107900327,0,52,-52
107900328,48,0,48
107900329,48,115,-67
107900330,5,106,-101
107900331,288,9,279
107900332,373,7,366
107900333,67,28,39
107900334,6,64,-58
107900335,28,16,12
107900336,30,65,-35
107900337,410,702,-292
107900338,0,50,-50
107900339,0,17,-17
107900340,1,59,-58
107900341,45,1,44
107900342,117,49,68
107900343,32,1,31
107900344,5,39,-34
107900345,94,14,80
107900346,15,4,11
107900347,12,2,10
107900348,2,4,-2
107900349,19,5,14
107900350,8,124,-116
107900351,2,47,-45
107900352,4,9,-5
107900353,12,4,8
107900354,14,32,-18
108000001,2674,2787,-113
108000002,1302,1203,99
108000003,2551,2511,40
108000004,7125,7654,-529
108000005,5103,4947,156
108000006,3798,3607,191
108000007,3754,3087,667
108000008,2834,3065,-231
108000009,3132,3840,-708
108000010,1993,2353,-360
108000011,9051,8222,829
108000012,7634,6777,857
108000014,421,772,-351
108000015,748,185,563
108000016,183,619,-436
108000017,955,223,732
108000018,1347,426,921
108000019,898,476,422
108000020,946,351,595
108000021,170,954,-784
108000022,211,602,-391
108000023,1028,121,907
108000024,228,228,0
108000025,240,105,135
108000026,760,190,570
108000027,570,253,317
108000028,672,126,546
108000029,448,346,102
108000030,356,106,250
108000031,125,232,-107
108000032,1495,423,1072
108000033,490,466,24
108000034,1331,294,1037
108000035,419,1103,-684
108000036,244,528,-284
108000037,1489,260,1229
108000038,2430,396,2034
108000039,307,874,-567
108000040,1621,704,917
108000041,372,1182,-810
108000042,356,100,256
108000043,219,77,142
108000044,461,77,384
108000045,194,191,3
108000046,1295,203,1092
108000047,209,432,-223
108000048,70,152,-82
108000049,649,166,483
108000050,56,307,-251
108000051,355,129,226
108000052,119,247,-128
108000053,423,180,243
108000054,221,656,-435
108000055,894,489,405
108000056,582,791,-209
108000057,484,1020,-536
108000058,1426,2924,-1498
108000059,1498,1095,403
108000060,208,543,-335
108000061,199,262,-63
108000062,729,405,324
108000063,336,239,97
108000064,170,130,40
108000065,355,219,136
108000066,1067,608,459
108000067,1526,483,1043
108000068,755,343,412
108000069,140,411,-271
108000070,1641,500,1141
108000071,459,645,-186
108000072,1343,637,706
108000073,705,780,-75
108000074,588,309,279
108000075,200,334,-134
108000076,534,411,123
108000077,356,285,71
108000078,1987,672,1315
108000079,463,581,-118
108000080,1075,309,766
108000081,329,550,-221
108000082,476,863,-387
108000083,1229,676,553
108000084,335,557,-222
108000085,819,393,426
108000086,411,308,103
108000087,92,1597,-1505
108000088,677,220,457
108000089,205,218,-13
108000091,255,268,-13
108000092,167,64,103
108000093,186,188,-2
108000094,570,65,505
108000095,146,177,-31
108000096,318,141,177
108000097,104,174,-70
108000098,1533,679,854
108000099,829,231,598
108000100,155,393,-238
108000101,1134,1190,-56
108000102,1311,2746,-1435
108000106,717,0,717
108000107,1,291,-290
108000108,404,59,345
108000109,4,410,-406
108000110,310,204,106
108000111,109,274,-165
108000112,55,101,-46
108000113,204,113,91
108000115,147,169,-22
108000117,269,265,4
108000118,276,1558,-1282
108000119,415,222,193
108000120,144,608,-464
108000121,106,221,-115
108000122,542,293,249
108000123,498,91,407
108000124,264,202,62
108000125,547,126,421
108000126,160,188,-28
108000127,481,134,347
108000128,525,165,360
108000129,210,299,-89
108000130,438,117,321
108000131,689,385,304
108000132,725,642,83
108000133,801,355,446
108000134,372,260,112
108000135,962,425,537
108000136,222,382,-160
108000137,488,111,377
108000138,248,331,-83
108000139,438,123,315
108000140,164,23,141
108000141,31,15,16
108000142,43,55,-12
108000143,33,168,-135
108000144,478,36,442
108000145,57,3,54
108000146,737,57,680
108000147,37,9,28
108000148,510,40,470
108000149,8,11,-3
108000150,43,2,41
108000151,35,23,12
108000152,69,140,-71
108000153,603,96,507
108000154,41,3,38
108000155,69,21,48
108000156,370,214,156
108000157,149,1256,-1107
108000158,40,651,-611
108000159,224,169,55
108000160,1124,747,377
108000161,944,2307,-1363
108000165,2,141,-139
108000172,2,247,-245
108000173,579,1541,-962
108000175,699,74,625
108000178,257,158,99
108000179,105,680,-575
108000181,66,22,44
108000182,107,47,60
108000183,9,123,-114
108000184,588,1862,-1274
108000185,106,147,-41
108000186,348,160,188
108000187,113,155,-42
108000188,632,107,525
108000189,732,7552,-6820
108000190,16,82,-66
108000192,165,230,-65
108000193,205,9,196
108000194,19,3,16
108000195,0,360,-360
108000196,118,76,42
108000198,690,112,578
108000199,0,248,-248
108000200,349,145,204
108000203,79,203,-124
108000204,92,47,45
108000205,80,118,-38
108000339,619,336,283
108000364,121,398,-277
108000365,29,153,-124
108000367,86,125,-39
108000368,3,53,-50
108000369,479,174,305
108000371,6,309,-303
108000372,524,8,516
108000373,239,50,189
108000376,53,30,23
108000377,403,122,281
108000378,6200,7827,-1627
108000379,31,106,-75
108000381,75,17,58
108000382,74,2,72
108000383,0,185,-185
108900001,16,245,-229
108900002,140,65,75
108900003,198,341,-143
108900004,56,333,-277
108900007,314,109,205
108900008,138,77,61
108900009,53,75,-22
108900010,277,89,188
108900011,529,190,339
108900012,389,207,182
108900013,140,157,-17
108900014,22,77,-55
108900015,6,164,-158
108900016,1,101,-100
108900017,166,298,-132
108900018,176,150,26
108900019,33,166,-133
108900020,34,77,-43
108900021,93,91,2
108900022,77,1,76
108900023,36,30,6
108900024,22,30,-8
108900025,137,32,105
108900026,10,41,-31
108900027,0,31,-31
108900028,93,84,9
108900029,44,125,-81
108900030,0,21,-21
108900031,145,153,-8
108900032,3,72,-69
108900033,0,36,-36
108900034,0,70,-70
108900035,201,380,-179
108900038,1,82,-81
108900039,0,121,-121
108900040,10,36,-26
108900041,2439,2556,-117
108900042,1,295,-294
108900043,10,173,-163
108900044,0,169,-169
108900045,105,121,-16
108900046,21,249,-228
108900047,23,103,-80
108900048,54,267,-213
108900049,851,1237,-386
108900050,1,79,-78
108900051,1,53,-52
108900052,26,86,-60
108900053,25,167,-142
108900054,31,127,-96
108900055,26,173,-147
108900056,1,58,-57
108900057,1,63,-62
108900058,40,98,-58
108900059,484,33,451
108900060,89,120,-31
108900061,42,17,25
108900062,4,68,-64
108900063,14,65,-51
108900064,247,5,242
108900065,5,91,-86
108900066,343,125,218
108900067,14,90,-76
108900068,2,52,-50
108900069,68,16,52
108900070,24,50,-26
108900071,117,37,80
108900072,830,274,556
108900073,24,107,-83
108900074,188,77,111
108900075,20,16,4
108900076,367,35,332
108900077,78,122,-44
108900078,44,34,10
108900079,279,92,187
108900080,14,528,-514
108900081,21,164,-143
108900082,68,46,22
108900083,16,135,-119
108900085,662,79,583
108900086,123,79,44
108900087,39,119,-80
108900088,680,335,345
108900089,13,107,-94
108900090,67,76,-9
108900091,93,41,52
108900092,409,194,215
108900093,82,118,-36
108900094,145,40,105
108900095,15,82,-67
108900096,127,8,119
108900097,226,92,134
108900098,850,644,206
108900099,374,95,279
108900100,63,53,10
108900101,142,185,-43
108900102,30,848,-818
108900103,65,118,-53
108900105,3,1207,-1204
108900106,411,101,310
108900108,181,14,167
108900109,448,64,384
108900110,151,115,36
108900111,422,136,286
108900113,33,56,-23
108900114,66,5,61
108900115,102,51,51
108900116,40,11,29
108900117,162,10,152
108900118,565,17,548
108900119,305,10,295
108900120,218,136,82
108900121,161,75,86
108900122,154,16,138
108900123,117,121,-4
108900124,530,161,369
108900125,500,1,499
108900126,123,32,91
108900127,143,43,100
108900128,128,40,88
108900129,669,108,561
108900130,377,4,373
108900131,380,7,373
108900132,382,42,340
108900133,220,20,200
108900134,507,81,426
108900135,199,8,191
108900136,19,2,17
108900137,128,0,128
108900138,765,30,735
108900140,329,97,232
108900141,351,8,343
108900142,75,8,67
108900143,62,1,61
108900144,104,1,103
108900145,181,12,169
108900146,58,0,58
108900147,212,0,212
108900148,52,9,43
108900150,190,2,188
108900151,69,8,61
108900152,92,3,89
108900153,174,73,101
108900154,3248,236,3012
108900156,65,3,62
108900157,10,160,-150
108900158,339,11,328
108900159,3,52,-49
108900160,9,106,-97
108900161,3,126,-123
108900162,98,0,98
108900163,7,269,-262
108900164,50,30,20
108900168,2705,1720,985
108900169,53,68,-15
108900171,1825,2334,-509
108900172,121,19,102
108900173,52,203,-151
108900174,791,322,469
108900176,73,150,-77
108900177,1968,4859,-2891
108900178,1772,2872,-1100
108900180,72,219,-147
108900183,160,124,36
108900184,447,150,297
108900185,107,223,-116
108900186,42,272,-230
108900189,316,81,235
108900190,75,998,-923
108900192,52,95,-43
108900195,85,71,14
108900196,27,120,-93
108900199,164,172,-8
108900200,465,247,218
108900201,311,717,-406
108900203,303,74,229
108900204,251,15,236
108900205,187,32,155
108900206,244,46,198
108900207,147,116,31
108900208,9,185,-176
108900209,124,337,-213
108900210,89,115,-26
108900211,184,488,-304
108900212,202,1129,-927
108900215,50,184,-134
108900216,150,267,-117
108900217,67,1,66
108900218,49,9,40
108900221,30,63,-33
108900224,23,54,-31
108900225,0,89,-89
108900227,89,245,-156
108900230,76,91,-15
108900232,2,74,-72
108900233,290,61,229
108900234,197,86,111
108900235,87,229,-142
108900236,15,106,-91
108900240,103,46,57
108900241,23,32,-9
108900245,3,835,-832
108900250,86,52,34
108900258,3,78,-75
108900259,6,23,-17
108900260,3,41,-38
108900261,40,38,2
108900262,72,74,-2
108900263,8,71,-63
108900264,190,166,24
108900265,390,392,-2
108900266,233,594,-361
108900267,5,123,-118
108900268,6,5,1
108900269,58,32,26
108900270,87,11,76
108900271,38,3,35
108900272,194,4,190
108900273,227,624,-397
108900274,56,22,34
109000001,1642,1607,35
109000002,656,1607,-951
109000003,2028,308,1720
109000004,386,1405,-1019
109000005,1862,482,1380
109000006,670,1231,-561
109000007,1320,411,909
109000008,355,1088,-733
109000009,2418,1091,1327
109000010,797,2130,-1333
109000011,2850,1387,1463
109000012,1344,1702,-358
109000013,3169,2533,636
109000014,1365,1417,-52
109000015,3739,8716,-4977
109000016,3465,1597,1868
109000017,2053,936,1117
109000018,885,1424,-539
109000019,2018,1036,982
109000020,602,1115,-513
109000023,171,10,161
109000024,9,114,-105
109000025,235,384,-149
109000026,508,269,239
109000027,58,279,-221
109000028,97,64,33
109000029,75,123,-48
109000030,20,240,-220
109000031,198,114,84
109000032,111,207,-96
109000033,266,126,140
109000034,40,17,23
109000035,8,33,-25
109000036,50,259,-209
109000037,239,1846,-1607
109000038,294,221,73
109000039,853,682,171
109000040,1381,5935,-4554
109000041,1278,1699,-421
109000042,368,947,-579
109000044,363,150,213
109000045,176,252,-76
109000046,240,67,173
109000047,63,296,-233
109000048,603,355,248
109000049,144,291,-147
109000050,332,336,-4
109000051,161,122,39
109000052,343,333,10
109000053,1293,150,1143
109000054,68,146,-78
109000055,150,138,12
109000056,207,130,77
109000057,588,356,232
109000058,761,135,626
109000059,295,1050,-755
109000060,401,252,149
109000061,363,791,-428
109000062,78,260,-182
109000063,94,54,40
109000064,277,87,190
109000065,96,56,40
109000066,316,42,274
109000067,25,121,-96
109000068,678,5,673
109000069,506,22,484
109000070,16,1334,-1318
109000071,378,36,342
109000072,74,338,-264
109000073,104,68,36
109000074,22,144,-122
109000075,45,217,-172
109000076,193,260,-67
109000077,198,179,19
109000078,84,132,-48
109000079,105,74,31
109000080,217,82,135
109000081,130,206,-76
109000082,673,105,568
109000083,206,296,-90
109000088,101,220,-119
109000089,212,44,168
109000090,87,278,-191
109000091,316,121,195
109000092,198,239,-41
109000093,218,118,100
109000094,549,0,549
109000095,83,213,-130
109000096,701,168,533
109000097,95,121,-26
109000098,65,118,-53
109000099,552,116,436
109000100,158,359,-201
109000101,1436,281,1155
109000102,234,373,-139
109000103,725,339,386
109000104,1527,257,1270
109000105,324,462,-138
109000106,1327,444,883
109000107,379,758,-379
109000108,1508,332,1176
109000109,337,838,-501
109000110,855,338,517
109000111,477,890,-413
109000112,171,57,114
109000113,188,90,98
109000114,94,175,-81
109000115,758,24,734
109000116,15,457,-442
109000117,203,30,173
109000118,10,160,-150
109000119,1204,89,1115
109000120,247,237,10
109000121,793,62,731
109000122,107,231,-124
109000123,74,118,-44
109000124,523,241,282
109000125,643,129,514
109000126,344,268,76
109000127,1698,189,1509
109000128,405,545,-140
109000129,2077,525,1552
109000130,479,790,-311
109000131,1336,932,404
109000132,746,1330,-584
109000133,226,453,-227
109000134,392,549,-157
109000135,497,738,-241
109000136,205,198,7
109000137,295,246,49
109000138,301,121,180
109000139,389,246,143
109000140,196,233,-37
109000141,744,193,551
109000142,85,267,-182
109000143,95,55,40
109000145,85,273,-188
109000146,44,56,-12
109000148,1239,935,304
109000149,23,96,-73
109000150,91,187,-96
109000155,741,442,299
109000156,679,264,415
109000158,38,163,-125
109000159,43,181,-138
109000160,863,92,771
109000161,308,525,-217
109000162,1513,346,1167
109000163,946,891,55
109000164,1006,1337,-331
109000165,995,281,714
109000166,794,82,712
109000167,114,232,-118
109000170,42,37,5
109000171,50,25,25
109000172,21,54,-33
109000173,28,62,-34
109000174,94,40,54
109000175,111,112,-1
109000176,271,85,186
109000177,31,51,-20
109000178,777,136,641
109000179,1793,3591,-1798
109000180,2159,1870,289
109000181,20,13,7
109000182,44,14,30
109000183,39,6,33
109000184,40,10,30
109000185,44,8,36
109000188,268,627,-359
109000189,1706,361,1345
109000190,485,213,272
109000191,269,225,44
109000192,382,98,284
109000193,121,105,16
109000194,244,45,199
109000195,96,126,-30
109000196,185,51,134
109000197,116,154,-38
109000198,264,36,228
109000199,79,152,-73
109000206,161,19,142
109000207,128,55,73
109000208,76,82,-6
109000209,93,75,18
109000210,93,211,-118
109000211,582,212,370
109000214,410,308,102
109000215,120,55,65
109000216,279,235,44
109000217,61,82,-21
109000218,156,109,47
109000221,264,547,-283
109000222,685,208,477
109000223,343,268,75
109000224,31,57,-26
109000225,121,19,102
109000226,54,79,-25
109000227,1021,361,660
109000228,6,2026,-2020
109000231,1,94,-93
109000232,385,127,258
109000236,235,420,-185
109000241,1508,1066,442
109000242,1144,697,447
109000293,42,97,-55
109000361,135,145,-10
109000364,103,209,-106
109000396,3,234,-231
109000397,603,12,591
109000399,121,266,-145
109000400,62,132,-70
109000403,33,1051,-1018
109000406,281,5,276
109000407,255,102,153
109000408,1,209,-208
109000410,715,133,582
109000411,187,25,162
109000412,1,49,-48
109900001,120,0,120
109900002,773,16,757
109900003,225,3,222
109900005,30,2,28
109900006,369,95,274
109900007,830,185,645
109900008,0,10,-10
109900009,84,148,-64
109900010,424,7,417
109900011,32,47,-15
109900012,209,93,116
109900013,295,101,194
109900014,368,37,331
109900015,163,77,86
109900016,123,7,116
109900017,153,174,-21
109900018,143,21,122
109900019,213,29,184
109900020,21,34,-13
109900021,18,8,10
109900022,171,129,42
109900023,13,2,11
109900024,15,3,12
109900025,16,7,9
109900027,35,27,8
109900028,351,1047,-696
109900029,5,81,-76
109900030,25,4,21
109900031,0,110,-110
109900032,5,154,-149
109900033,5,262,-257
109900034,33,4,29
109900035,12,12,0
109900036,28,30,-2
109900037,12,229,-217
109900038,107,149,-42
109900039,5,0,5
109900040,17,250,-233
109900041,46,183,-137
109900042,10,337,-327
109900044,55,105,-50
109900045,58,51,7
109900046,135,42,93
109900047,113,147,-34
109900048,3,44,-41
109900049,14,10,4
109900050,0,46,-46
109900051,0,9,-9
109900052,47,97,-50
109900053,0,89,-89
109900054,605,110,495
109900055,42,97,-55
109900056,31,156,-125
109900057,3,52,-49
109900058,0,77,-77
109900060,506,73,433
109900061,28,87,-59
109900062,0,64,-64
109900064,472,106,366
109900065,24,62,-38
109900066,193,324,-131
109900067,0,52,-52
109900068,36,2,34
109900069,7,19,-12
109900071,2,16,-14
109900072,4,64,-60
109900073,302,164,138
109900074,10,31,-21
109900075,21,6,15
109900076,26,73,-47
109900077,23,16,7
109900078,45,130,-85
109900080,52,127,-75
109900081,14,184,-170
109900082,20,133,-113
109900083,25,24,1
109900084,30,59,-29
109900085,108,268,-160
109900086,81,555,-474
109900087,78,220,-142
109900089,587,190,397
109900092,269,13,256
109900093,1009,130,879
109900094,64,54,10
109900095,44,100,-56
109900096,68,2,66
109900097,100,1,99
109900098,447,17,430
109900099,272,0,272
109900100,68,0,68
109900101,464,2,462
109900102,383,11,372
109900103,27,18,9
109900104,616,197,419
109900105,453,16,437
109900106,235,24,211
109900107,414,35,379
109900108,100,96,4
109900109,34,36,-2
109900111,85,290,-205
109900114,792,1012,-220
109900115,219,42,177
109900117,915,56,859
109900121,177,358,-181
109900123,12,74,-62
109900125,0,89,-89
109900126,260,33,227
109900130,2332,2244,88
109900131,33,90,-57
109900132,12,84,-72
109900134,28,50,-22
109900135,186,29,157
109900137,67,95,-28
109900140,111,48,63
109900149,17,26,-9
109900150,4,29,-25
109900151,2,12,-10
109900152,0,16,-16
109900153,0,21,-21
109900154,52,0,52
109900155,58,24,34
109900157,30,117,-87
109900159,99,39,60
109900161,140,42,98
109900162,227,80,147
109900163,269,179,90
109900164,39,118,-79
109900165,237,2,235
109900166,0,89,-89
109900167,96,125,-29
109900168,156,259,-103
109900169,157,82,75
109900170,138,656,-518
109900171,180,35,145
109900172,118,182,-64
109900173,893,1686,-793
109900174,46,44,2
109900175,74,43,31
109900176,51,58,-7
109900177,17,70,-53
109900178,2,71,-69
109900179,7,15,-8
109900180,7,17,-10
110000001,538,269,269
110000002,370,554,-184
110000003,453,448,5
110000004,299,432,-133
110000005,251,1322,-1071
110000006,191,225,-34
110000007,67,39,28
110000008,19,59,-40
110000009,25,12,13
110000010,25,62,-37
110000011,17,37,-20
110000012,356,159,197
110000013,40,465,-425
110000014,383,216,167
110000015,173,364,-191
110000016,182,1309,-1127
110000017,1440,123,1317
110000018,1428,165,1263
110000019,5,65,-60
110000020,333,130,203
110000021,195,250,-55
110000022,477,57,420
110000023,2,84,-82
110000024,371,222,149
110000025,370,8,362
110000026,3,110,-107
110000027,729,759,-30
110000028,730,418,312
110000029,332,400,-68
110000030,251,245,6
110000031,206,195,11
110000032,606,159,447
110000033,202,144,58
110000034,354,288,66
110000035,523,330,193
110000036,685,246,439
110000037,172,227,-55
110000038,206,379,-173
110000039,617,2389,-1772
110000040,181,131,50
110000041,293,1322,-1029
110000042,67,258,-191
110000043,459,200,259
110000044,43,537,-494
110000045,343,89,254
110000046,3,31,-28
110000047,35,22,13
110000048,0,26,-26
110000049,10,7,3
110000050,5,24,-19
110000051,64,8,56
110000052,40,23,17
110000053,30,4,26
110000054,59,210,-151
110000055,105,27,78
110000056,53,51,2
110000057,225,340,-115
110000058,595,265,330
110000059,595,286,309
110000060,874,777,97
110000061,413,366,47
110000062,376,625,-249
110000063,45,129,-84
110000064,49,15,34
110000065,63,65,-2
110000066,75,14,61
110000067,48,90,-42
110000068,166,60,106
110000069,287,40,247
110000071,180,17,163
110000073,42,5,37
110000075,3,23,-20
110000076,159,209,-50
110000077,189,601,-412
110000078,54,10,44
110000080,208,332,-124
110000081,40,177,-137
110000082,22,242,-220
110000083,208,389,-181
110000084,1057,659,398
110000085,782,841,-59
110000086,780,1694,-914
110000087,23,41,-18
110000088,81,126,-45
110000089,232,58,174
110000090,79,85,-6
110000091,500,113,387
110000092,7,19,-12
110000093,50,14,36
110000094,255,96,159
110000095,134,478,-344
110000096,986,1244,-258
110000097,838,1176,-338
110000098,1303,458,845
110000099,492,996,-504
110000100,711,166,545
110000101,20,97,-77
110000102,83,53,30
110000104,299,132,167
110000105,40,142,-102
110000106,390,423,-33
110000107,117,202,-85
110000108,79,67,12
110000109,143,169,-26
110000110,1068,2070,-1002
110000111,2104,1999,105
110000112,392,913,-521
110000113,110,1813,-1703
110000114,160,466,-306
110000115,337,188,149
110000116,38,35,3
110000117,192,133,59
110000118,408,67,341
110000119,273,187,86
110000120,241,69,172
110000121,50,267,-217
110000122,192,230,-38
110000123,521,221,300
110000124,1,460,-459
110000125,540,8,532
110000126,228,23,205
110000127,786,40,746
110000128,23,531,-508
110000129,4,319,-315
110000130,242,147,95
110000131,62,235,-173
110000132,0,273,-273
110000133,29,289,-260
110000134,14,258,-244
110000135,131,24,107
110000136,36,197,-161
110000137,377,230,147
110000138,575,321,254
110000139,720,397,323
110000140,685,573,112
110000143,364,225,139
110000144,2655,1498,1157
110000145,1531,1154,377
110000146,974,376,598
110000147,309,351,-42
110000148,293,92,201
110000151,572,1098,-526
110000152,633,375,258
110000153,116,18,98
110000154,13,14,-1
110000155,652,2787,-2135
110000156,913,1781,-868
110000157,1314,1706,-392
110000160,279,156,123
110000161,114,149,-35
110000166,459,37,422
110000167,566,446,120
110000168,623,452,171
110000169,726,296,430
110000170,153,39,114
110000171,448,74,374
110000172,172,350,-178
110000173,590,587,3
110000174,98,394,-296
110000175,557,27,530
110000176,60,275,-215
110000177,122,710,-588
110000178,228,1106,-878
110000179,513,183,330
110000180,165,104,61
110000181,403,175,228
110000182,189,65,124
110000183,3219,4502,-1283
110000184,185,1733,-1548
110000185,392,402,-10
110000186,462,437,25
110000191,997,109,888
110000192,475,20,455
110000193,994,12,982
110000194,9,381,-372
110000195,366,112,254
110000196,270,91,179
110000197,68,51,17
110000198,75,22,53
110000199,36,67,-31
110000200,509,198,311
110000201,515,671,-156
110000202,811,388,423
110000203,323,302,21
110000204,5,80,-75
110000205,134,34,100
110000206,313,364,-51
110000207,878,157,721
110000208,117,133,-16
110000209,79,347,-268
110000210,1149,224,925
110000211,628,298,330
110000212,353,783,-430
110000213,246,38,208
110000214,317,37,280
110000215,147,127,20
110000216,80,100,-20
110000217,385,59,326
110000218,169,95,74
110000219,339,28,311
110000220,42,110,-68
110000221,266,19,247
110000222,41,89,-48
110000223,4,128,-124
110000224,13,5,8
110000225,171,384,-213
110000226,212,44,168
110000227,579,509,70
110000228,149,69,80
110000229,0,104,-104
110000230,300,310,-10
110000231,154,139,15
110000232,162,103,59
110000233,148,134,14
110000234,327,582,-255
110000235,541,589,-48
110000236,419,303,116
110000237,1557,742,815
110000238,711,822,-111
110000239,1292,589,703
110000240,1,30,-29
110000242,0,7,-7
110000243,107,36,71
110000244,84,184,-100
110000245,31,183,-152
110000246,470,273,197
110000247,546,2301,-1755
110000248,856,769,87
110000249,55,0,55
110000250,13,54,-41
110000251,288,216,72
110000252,213,77,136
110000253,1022,339,683
110000254,341,437,-96
110000255,89,453,-364
110000256,329,163,166
110000257,303,257,46
110000258,8,115,-107
110000259,100,17,83
110000260,7,68,-61
110000263,253,58,195
110000264,306,185,121
110000265,753,950,-197
110000266,810,1396,-586
110000267,37,70,-33
110000268,198,251,-53
110000269,2,46,-44
110000270,58,1,57
110000271,621,124,497
110000272,858,616,242
110000273,1184,759,425
110000274,121,1181,-1060
110000275,859,304,555
110000276,207,200,7
110000277,300,188,112
110000278,199,384,-185
110000279,620,493,127
110000280,403,257,146
110000281,70,156,-86
110000282,109,12,97
110000283,10,64,-54
110000284,16,17,-1
110000285,2,268,-266
110000286,2,0,2
110000287,48,2,46
110000288,6,45,-39
110000289,311,1552,-1241
110000290,423,429,-6
110000291,2006,871,1135
110000292,754,3281,-2527
110000293,477,350,127
110000294,951,758,193
110000295,111,377,-266
110000296,379,191,188
110000297,1389,220,1169
110000298,91,323,-232
110000299,94,59,35
110000301,222,22,200
110000302,275,407,-132
110000303,319,8,311
110000304,175,117,58
110000305,908,12,896
110000306,106,465,-359
110000307,1258,5,1253
110000308,351,7,344
110000309,4,345,-341
110000310,527,40,487
110000311,7,279,-272
110000312,297,65,232
110000313,1067,1834,-767
110000314,0,108,-108
110000315,1454,1350,104
110000316,297,678,-381
110000317,134,449,-315
110000318,2,29,-27
110000319,7,4,3
110000320,30,22,8
110000321,17,21,-4
110000322,322,128,194
110000323,336,92,244
110000324,1657,1123,534
110000325,1135,2157,-1022
110000327,192,127,65
110000328,102,181,-79
110000333,723,500,223
110000334,439,622,-183
110000335,431,242,189
110000336,457,404,53
110000337,1175,330,845
110000338,463,113,350
110000339,220,98,122
110000340,20,80,-60
110000341,340,264,76
110000342,67,2,65
110000343,0,14,-14
110000344,35,79,-44
110000345,58,118,-60
110000346,1026,1089,-63
110000347,945,492,453
110000348,19,8,11
110000349,9,5,4
110000350,38,0,38
110000351,812,406,406
110000352,564,1005,-441
110000353,1215,293,922
110000354,724,2093,-1369
110000355,65,34,31
110000356,518,1,517
110000357,271,3,268
110000361,15,19,-4
110000362,31,3,28
110000363,597,56,541
110000364,240,158,82
110000365,89,0,89
110000366,0,45,-45
110000367,261,91,170
110000368,3,26,-23
110000369,61,2,59
110000373,1,153,-152
110000374,59,19,40
110000375,60,569,-509
110000376,23,45,-22
110000377,68,279,-211
110000378,15,245,-230
110000379,1281,1567,-286
110000380,39,3,36
110000383,2,998,-996
110000384,601,689,-88
110000385,1,121,-120
110000387,48,1,47
110000388,42,86,-44
110000389,695,2,693
110000391,542,94,448
110000396,153,45,108
110000397,111,47,64
110000398,14,14,0
110000399,74,0,74
110000587,131,45,86
110000589,159,94,65
110000640,187,43,144
110000652,4,101,-97
110000653,274,183,91
110000654,25,1139,-1114
110000656,0,147,-147
110000674,6,11,-5
110000675,3,11,-8
110000676,1,21,-20
110000679,103,801,-698
110000682,71,118,-47
110000683,136,264,-128
110000684,3,15,-12
110000685,1,11,-10
110000686,2,8,-6
110000687,4,1,3
110000688,30,830,-800
110000689,41,10,31
110000692,6,77,-71
110000693,32,140,-108
110000694,0,69,-69
110000695,125,316,-191
110000696,38,37,1
110000698,57,439,-382
110000699,65,229,-164
110900001,152,20,132
110900002,226,67,159
110900003,707,175,532
110900004,427,66,361
110900005,954,1914,-960
110900006,47,10,37
110900007,108,25,83
110900008,18,29,-11
110900009,250,155,95
110900010,10,12,-2
110900011,3,30,-27
110900012,22,46,-24
110900013,666,64,602
110900014,246,9,237
110900015,222,436,-214
110900016,28,77,-49
110900017,358,24,334
110900018,266,31,235
110900019,274,9,265
110900020,111,89,22
110900021,40,173,-133
110900022,58,101,-43
110900023,27,246,-219
110900024,19,114,-95
110900025,11,38,-27
110900027,40,94,-54
110900028,16,33,-17
110900029,8,111,-103
110900030,39,102,-63
110900031,6,59,-53
110900032,0,32,-32
110900033,20,60,-40
110900035,6,325,-319
110900036,68,12,56
110900037,88,14,74
110900038,297,94,203
110900039,4,138,-134
110900040,146,6,140
110900041,26,21,5
110900042,111,41,70
110900043,3,27,-24
110900044,98,13,85
110900045,38,127,-89
110900046,9,92,-83
110900047,182,175,7
110900049,56,65,-9
110900050,33,5,28
110900052,2,57,-55
110900053,42,10,32
110900054,12,43,-31
110900055,18,5,13
110900056,21,55,-34
110900057,8,55,-47
110900058,169,73,96
110900059,247,171,76
110900060,290,58,232
110900061,5,38,-33
110900062,111,71,40
110900063,24,39,-15
110900064,19,1,18
110900065,101,91,10
110900066,6,25,-19
110900067,109,334,-225
110900068,133,107,26
110900069,8,10,-2
110900070,123,24,99
110900071,93,437,-344
110900073,1,11,-10
110900074,413,62,351
110900075,334,42,292
110900077,684,301,383
110900078,54,18,36
110900079,1251,1098,153
110900080,115,22,93
110900081,9,14,-5
110900082,57,32,25
110900083,86,49,37
110900084,65,34,31
110900085,42,127,-85
110900086,39,259,-220
110900087,216,34,182
110900088,6,1,5
110900090,17,22,-5
110900091,3,25,-22
110900093,151,42,109
110900095,66,21,45
110900097,29,8,21
110900098,17,34,-17
110900099,19,155,-136
110900100,0,3,-3
110900102,61,7,54
110900105,424,78,346
110900108,11,27,-16
110900111,226,43,183
110900112,507,5,502
110900113,186,25,161
110900115,8,27,-19
110900116,659,448,211
110900118,63,2721,-2658
110900119,1021,117,904
110900120,16,43,-27
110900121,95,1,94
110900122,352,137,215
110900125,281,288,-7
110900127,351,1133,-782
110900128,295,429,-134
110900129,134,740,-606
110900130,411,501,-90
110900131,136,15,121
110900132,319,33,286
110900133,32,48,-16
110900135,33,112,-79
110900136,401,11,390
110900139,0,0,0
110900140,0,0,0
110900141,123,137,-14
110900142,42,70,-28
110900143,107,34,73
110900144,0,188,-188
110900145,118,61,57
110900146,191,162,29
110900147,41,163,-122
110900148,3,135,-132
110900149,6,17,-11
110900150,19,3,16
110900151,3,32,-29
110900152,30,59,-29
110900153,119,35,84
111000001,579,327,252
111000002,559,364,195
111000003,1381,556,825
111000004,428,536,-108
111000005,1191,870,321
111000006,509,1115,-606
111000007,2566,2196,370
111000008,1142,1678,-536
111000009,283,503,-220
111000010,624,192,432
111000011,220,703,-483
111000012,437,314,123
111000013,281,689,-408
111000014,1152,393,759
111000017,118,604,-486
111000018,148,335,-187
111000020,608,1021,-413
111000021,41,44,-3
111000023,52,48,4
111000025,3896,2537,1359
111000029,56,84,-28
111000030,30,79,-49
111000031,1183,568,615
111000032,385,222,163
111000033,154,188,-34
111000034,40,233,-193
111000037,777,424,353
111000038,1989,954,1035
111000039,1041,1164,-123
111000040,1059,1224,-165
111000041,631,714,-83
111000042,1253,1316,-63
111000043,1296,2857,-1561
111000044,1308,937,371
111000045,2041,1735,306
111000046,1507,1240,267
111000047,2063,3416,-1353
111000049,339,290,49
111000050,710,760,-50
111000051,363,558,-195
111000052,429,864,-435
111000053,186,437,-251
111000054,251,369,-118
111000055,690,716,-26
111000056,175,163,12
111000057,72,232,-160
111000058,424,31,393
111000059,430,208,222
111000060,2944,640,2304
111000061,449,203,246
111000062,753,210,543
111000063,1308,683,625
111000064,735,373,362
111000065,1163,621,542
111000066,460,306,154
111000067,415,326,89
111000068,436,505,-69
111000069,852,982,-130
111000070,577,362,215
111000071,134,166,-32
111000072,1205,460,745
111000073,297,1146,-849
111000074,1218,1125,93
111000075,680,327,353
111000076,509,306,203
111000077,1016,1108,-92
111000078,1598,932,666
111000079,697,375,322
111000080,409,396,13
111000081,1038,2839,-1801
111000082,566,332,234
111000084,569,279,290
111000085,619,593,26
111000086,1179,567,612
111000087,491,263,228
111000088,2265,1792,473
111000089,591,440,151
111000090,490,796,-306
111000091,525,230,295
111000092,1079,424,655
111000093,599,751,-152
111000094,1238,695,543
111000095,516,1785,-1269
111000096,677,5291,-4614
111000097,2551,881,1670
111000098,399,527,-128
111000099,297,801,-504
111000100,340,587,-247
111000101,211,401,-190
111000102,178,256,-78
111000104,558,80,478
111000107,85,322,-237
111000109,495,120,375
111000110,1141,404,737
111000111,2298,318,1980
111000112,1635,366,1269
111000113,640,1293,-653
111000114,1233,2646,-1413
111000115,2383,654,1729
111000116,653,564,89
111000117,239,553,-314
111000118,635,388,247
111000119,875,489,386
111000120,451,362,89
111000121,286,451,-165
111000122,384,498,-114
111000123,786,1016,-230
111000124,211,883,-672
111000125,152,479,-327
111000126,53,316,-263
111000127,924,77,847
111000128,1905,166,1739
111000129,2580,259,2321
111000130,1893,353,1540
111000131,1847,300,1547
111000132,1420,730,690
111000133,177,68,109
111000134,117,77,40
111000135,81,94,-13
111000136,350,198,152
111000138,10,5,5
111000140,1,1,0
111000141,110,291,-181
111000142,17,366,-349
111000143,0,626,-626
111000144,54,2298,-2244
111000145,174,16,158
111000146,123,19,104
111000147,106,38,68
111000148,99,64,35
111000149,4,5,-1
111000150,29,3,26
111000151,0,6,-6
111000153,284,528,-244
111000154,336,121,215
111000155,96,100,-4
111000156,469,402,67
111000157,108,493,-385
111000158,562,464,98
111000159,2634,762,1872
111000160,447,364,83
111000161,7,473,-466
111000162,8,97,-89
111000163,530,414,116
111000164,347,1590,-1243
111000165,491,207,284
111000166,554,139,415
111000167,100,181,-81
111000168,162,240,-78
111000169,281,366,-85
111000170,224,247,-23
111000171,291,282,9
111000172,121,194,-73
111000173,358,402,-44
111000174,173,139,34
111000175,46,140,-94
111000176,273,58,215
111000177,398,86,312
111000178,1253,135,1118
111000179,341,63,278
111000180,265,298,-33
111000181,1176,136,1040
111000182,162,107,55
111000183,207,213,-6
111000184,227,141,86
111000185,216,170,46
111000186,158,95,63
111000187,98,84,14
111000188,219,201,18
111000189,444,266,178
111000190,128,170,-42
111000191,129,156,-27
111000192,112,232,-120
111000193,260,129,131
111000194,58,161,-103
111000195,94,187,-93
111000196,78,67,11
111000197,482,90,392
111000198,483,40,443
111000199,299,102,197
111000200,423,190,233
111000201,672,112,560
111000202,259,109,150
111000203,373,212,161
111000204,269,1206,-937
111000213,156,342,-186
111000214,1072,723,349
111000215,913,688,225
111000217,1132,439,693
111000218,912,610,302
111000219,221,161,60
111000220,557,369,188
111000221,349,40,309
111000224,71,255,-184
111000225,317,193,124
111000226,59,1,58
111000227,19,1,18
111000228,13,319,-306
111000229,22,855,-833
111000230,125,110,15
111000231,977,242,735
111000232,422,400,22
111000233,898,300,598
111000234,153,316,-163
111000239,58,88,-30
111000240,50,162,-112
111000241,26,134,-108
111000242,174,59,115
111000243,95,165,-70
111000244,482,58,424
111000245,884,225,659
111000246,530,92,438
111000247,319,245,74
111000248,611,238,373
111000249,358,204,154
111000250,39,29,10
111000251,28,47,-19
111000253,9,17,-8
111000255,44,10,34
111000257,31,11,20
111000260,37,667,-630
111000261,1028,44,984
111000271,37,149,-112
111000273,1623,687,936
111000274,1107,1624,-517
111000275,118,20,98
111000276,152,713,-561
111000277,139,183,-44
111000278,357,135,222
111000291,816,6166,-5350
111000298,435,144,291
111000299,465,112,353
111000300,52,283,-231
111000302,273,53,220
111000303,77,77,0
111000312,34,34,0
111000315,3,80,-77
111000320,96,255,-159
111000321,347,129,218
111000322,247,159,88
111000323,243,21,222
111000324,226,127,99
111000325,56,38,18
111000326,163,153,10
111000327,270,201,69
111000328,252,290,-38
111000329,1,17,-16
111000330,50,9,41
111000331,19,4,15
111000332,345,816,-471
111000334,184,583,-399
111000335,786,152,634
111000337,1245,151,1094
111000338,63,64,-1
111000339,389,88,301
111000340,85,195,-110
111000341,1059,436,623
111000342,48,972,-924
111000344,880,387,493
111000345,75,111,-36
111000346,22,304,-282
111000347,120,0,120
111000350,117,45,72
111000351,66,196,-130
111000352,158,63,95
111000353,119,134,-15
111000354,247,61,186
111000355,170,230,-60
111000358,114,399,-285
111000360,172,172,0
111000361,159,108,51
111000546,555,265,290
111000547,329,180,149
111000548,145,188,-43
111000549,225,85,140
111000550,60,634,-574
111000551,369,99,270
111000552,330,127,203
111000907,367,7,360
111000908,18,0,18
111000916,1371,82,1289
111000917,35,201,-166
111000918,133,216,-83
111000920,410,5,405
111000921,7,60,-53
111000922,447,104,343
111000924,32,225,-193
111000925,2868,1538,1330
111000926,856,929,-73
111000927,1970,3276,-1306
111000928,2581,1432,1149
111000929,1239,908,331
111000930,565,1039,-474
111000931,1612,1865,-253
111000932,2307,1037,1270
111000933,2325,1736,589
111000934,1279,1471,-192
111000935,1547,648,899
111000936,846,1005,-159
111000937,1065,908,157
111000938,899,625,274
111000939,456,22,434
111000940,420,62,358
111000941,289,145,144
111000943,586,183,403
111000944,167,141,26
111000945,38,563,-525
111001109,443,421,22
111001110,128,299,-171
111001111,57,2,55
111001112,90,50,40
111001113,2,109,-107
111001114,348,187,161
111001115,36,896,-860
111001116,1717,2832,-1115
111001117,326,1801,-1475
111001120,108,125,-17
111001121,133,129,4
111001122,193,137,56
111001123,343,65,278
111001124,95,51,44
111001125,0,145,-145
111001126,0,0,0
111001127,0,21,-21
111001128,498,294,204
111001129,2,256,-254
111900001,0,60,-60
111900002,0,170,-170
111900003,1,91,-90
111900004,4,22,-18
111900006,16,46,-30
111900007,76,3,73
111900008,218,0,218
111900009,111,1,110
111900010,106,178,-72
111900012,43,29,14
111900013,6,6,0
111900014,1602,4088,-2486
111900015,0,9,-9
111900016,0,15,-15
111900017,3,16,-13
111900018,99,2,97
111900019,3,35,-32
111900020,0,13,-13
111900021,18,36,-18
111900022,3,16,-13
111900023,21,72,-51
111900024,262,55,207
111900025,0,13,-13
111900026,0,17,-17
111900027,2,40,-38
111900028,0,83,-83
111900029,0,28,-28
111900030,15,125,-110
111900032,0,61,-61
111900033,3,20,-17
111900034,85,188,-103
111900035,75,64,11
111900036,0,50,-50
111900038,118,248,-130
111900039,31,90,-59
111900040,0,187,-187
111900042,2,44,-42
111900043,0,91,-91
111900044,107,100,7
111900046,18,63,-45
111900048,298,181,117
111900049,4,79,-75
111900050,55,19,36
111900051,1,74,-73
111900052,150,182,-32
111900053,339,1193,-854
111900054,75,0,75
111900055,23,124,-101
111900056,93,253,-160
111900057,87,16,71
111900058,590,143,447
111900059,697,625,72
111900060,200,0,200
111900061,4,60,-56
111900062,29,59,-30
111900063,184,189,-5
111900064,42,137,-95
111900065,132,7,125
111900066,150,85,65
111900067,0,104,-104
111900068,42,28,14
111900069,62,20,42
111900070,211,50,161
111900071,0,64,-64
111900072,22,11,11
111900073,600,160,440
111900074,4,82,-78
111900075,53,1,52
111900076,151,67,84
111900077,28,2,26
111900078,250,36,214
111900079,55,34,21
111900080,125,197,-72
111900082,203,42,161
111900083,139,14,125
111900084,136,2,134
111900085,22,93,-71
111900086,55,10,45
111900087,43,1,42
111900088,661,26,635
111900089,59,0,59
111900090,46,46,0
111900091,438,4,434
111900092,87,1,86
111900093,498,9,489
111900094,67,0,67
111900095,248,21,227
111900096,247,8,239
111900097,41,0,41
111900098,254,1,253
111900099,38,1,37
111900100,88,1,87
111900101,77,25,52
111900102,450,133,317
111900103,38,56,-18
111900104,46,30,16
111900105,153,111,42
111900106,259,14,245
111900110,537,152,385
111900111,43,0,43
111900112,198,2713,-2515
111900113,130,65,65
111900118,284,67,217
111900119,209,126,83
111900122,65,55,10
111900123,16,23,-7
111900124,12,21,-9
111900125,393,47,346
111900126,205,3,202
111900127,0,199,-199
111900128,2,113,-111
111900129,214,3,211
111900130,106,13,93
111900131,509,2,507
111900132,10,223,-213
111900133,45,128,-83
111900134,0,77,-77
111900135,8,26,-18
111900136,56,103,-47
111900137,22,35,-13
111900138,1,38,-37
111900139,5,43,-38
111900140,147,21,126
111900141,75,10,65
111900142,68,30,38
111900143,26,18,8
111900144,0,38,-38
111900145,0,133,-133
111900146,2,67,-65
111900147,52,138,-86
111900148,7,186,-179
111900149,1,88,-87
111900150,6,63,-57
111900151,4,16,-12
111900152,55,48,7
111900153,460,654,-194
111900154,16,364,-348
111900155,54,93,-39
111900156,52,79,-27
111900157,134,19,115
111900158,441,89,352
111900159,342,19,323
111900160,300,0,300
111900161,268,1,267
111900162,51,130,-79
111900163,16,95,-79
111900164,71,30,41
111901113,523,76,447
111901114,234,162,72
111901115,104,2,102
111901116,23,2,21
111901117,9,28,-19
111901118,14,239,-225
111901119,142,51,91
111901121,43,46,-3
111901122,0,115,-115
111901123,179,64,115
111901124,222,8,214
111901125,546,178,368
111901127,227,423,-196
111901128,3,30,-27
111901129,4,42,-38
111901130,1,36,-35
111901131,2,89,-87
111901132,97,31,66
111901133,27,0,27
111901134,44,1,43
111901135,30,8,22
111901138,72,14,58
111901139,9,8,1
111901140,2,29,-27
111901141,1,25,-24
111901142,1,43,-42
111901143,0,42,-42
111901144,22,43,-21
111901145,85,222,-137
111901146,78,22,56
111901147,126,12,114
111901148,6,22,-16
111901149,5,1,4
111901150,31,0,31
111901151,0,0,0
111901152,6,11,-5
112000001,1483,464,1019
112000002,410,1052,-642
112000003,1323,786,537
112000004,464,272,192
112000005,2591,2890,-299
112000006,796,542,254
112000007,2703,1965,738
112000008,1816,3145,-1329
112000009,1641,1163,478
112000010,2149,3168,-1019
112000011,922,727,195
112000012,2209,3967,-1758
112000013,1741,1938,-197
112000014,1263,2548,-1285
112000015,2044,2397,-353
112000016,1655,1741,-86
112000017,585,2171,-1586
112000024,968,298,670
112000026,1199,1576,-377
112000027,447,528,-81
112000028,587,560,27
112000029,401,438,-37
112000030,156,29,127
112000031,811,2811,-2000
112000032,89,15,74
112000033,978,2092,-1114
112000034,124,30,94
112000035,22,370,-348
112000036,263,867,-604
112000037,365,595,-230
112000038,814,925,-111
112000039,110,44,66
112000040,38,93,-55
112000041,209,245,-36
112000042,660,271,389
112000050,888,761,127
112000051,719,1272,-553
112000054,715,722,-7
112000057,330,248,82
112000058,147,322,-175
112000059,201,372,-171
112000061,1257,737,520
112000062,506,705,-199
112000063,294,1579,-1285
112000064,1562,2113,-551
112000065,836,1347,-511
112000066,2328,1110,1218
112000067,360,327,33
112000068,2460,2311,149
112000069,319,849,-530
112000070,1051,606,445
112000071,595,1088,-493
112000072,1876,451,1425
112000073,888,1109,-221
112000074,855,630,225
112000075,1126,967,159
112000076,2079,1545,534
112000077,632,237,395
112000078,1437,365,1072
112000079,1168,724,444
112000080,564,349,215
112000081,702,1369,-667
112000082,800,410,390
112000083,478,576,-98
112000084,796,423,373
112000085,1266,425,841
112000086,1198,508,690
112000087,469,293,176
112000088,627,183,444
112000089,243,198,45
112000090,156,129,27
112000091,456,477,-21
112000092,1703,752,951
112000093,1512,477,1035
112000094,523,593,-70
112000095,617,454,163
112000096,486,335,151
112000097,1283,577,706
112000098,349,280,69
112000099,471,1441,-970
112000100,1643,408,1235
112000101,434,359,75
112000102,1324,399,925
112000103,345,413,-68
112000105,415,623,-208
112000106,1706,278,1428
112000107,87,109,-22
112000108,329,625,-296
112000109,190,76,114
112000110,1535,522,1013
112000111,374,1150,-776
112000112,1599,421,1178
112000113,470,715,-245
112000114,1566,553,1013
112000115,249,170,79
112000116,440,362,78
112000117,963,466,497
112000118,643,394,249
112000119,314,318,-4
112000120,40,230,-190
112000121,74,148,-74
112000122,323,74,249
112000123,727,66,661
112000124,438,53,385
112000125,258,199,59
112000126,299,162,137
112000127,1010,1725,-715
112000128,271,383,-112
112000129,80,59,21
112000130,152,48,104
112000131,40,132,-92
112000132,192,104,88
112000133,340,96,244
112000134,289,183,106
112000135,860,432,428
112000136,481,628,-147
112000137,1041,882,159
112000138,628,591,37
112000139,437,502,-65
112000140,347,693,-346
112000141,743,370,373
112000142,135,282,-147
112000143,946,162,784
112000144,218,516,-298
112000145,2158,323,1835
112000146,426,864,-438
112000147,2191,1239,952
112000148,901,864,37
112000149,366,243,123
112000150,220,207,13
112000151,254,124,130
112000152,457,213,244
112000153,89,167,-78
112000154,94,143,-49
112000155,90,65,25
112000157,306,443,-137
112000158,233,272,-39
112000159,521,157,364
112000167,269,83,186
112000169,164,276,-112
112000173,643,97,546
112000175,345,139,206
112000176,700,904,-204
112000177,623,191,432
112000178,54,148,-94
112000179,204,38,166
112000180,185,234,-49
112000181,878,739,139
112000182,1096,447,649
112000183,22,16,6
112000184,413,126,287
112000185,586,224,362
112000187,2233,1432,801
112000195,95,8,87
112000196,117,1,116
112000197,44,92,-48
112000198,33,235,-202
112000199,502,403,99
112000202,338,2,336
112000216,41,142,-101
112000230,67,4,63
112000231,1,66,-65
112000256,69,173,-104
112000313,41,29,12
112000314,26,35,-9
112000337,129,342,-213
112000352,124,272,-148
112000392,907,633,274
112000398,1326,523,803
112000399,784,2494,-1710
112000400,855,987,-132
112000401,1362,803,559
112000402,2697,3202,-505
112000403,939,3031,-2092
112000404,885,841,44
112000405,1812,2138,-326
112000406,1493,791,702
112000407,6169,6201,-32
112000408,3739,2210,1529
112000409,925,1656,-731
112000410,204,310,-106
112000411,1428,1177,251
112000412,557,298,259
112000413,2797,5383,-2586
112000414,97,47,50
112000415,62,16,46
112000416,2380,898,1482
112000417,259,43,216
112000421,45,26,19
112000422,297,107,190
112000424,771,2227,-1456
112000425,280,385,-105
112000426,141,182,-41
112000427,0,8,-8
112000428,179,167,12
112000429,1243,1077,166
112000430,1593,1642,-49
112000431,83,108,-25
112000432,372,398,-26
112000433,199,340,-141
112000437,23,80,-57
112900001,80,1,79
112900002,464,246,218
112900003,85,93,-8
112900004,27,52,-25
112900005,139,61,78
112900007,25,63,-38
112900008,1,35,-34
112900009,256,86,170
112900010,415,314,101
112900011,75,61,14
112900012,1,9,-8
112900013,2,62,-60
112900014,7,64,-57
112900015,119,407,-288
112900016,2,67,-65
112900017,20,64,-44
112900018,429,262,167
112900019,10,60,-50
112900020,171,512,-341
112900021,4,54,-50
112900022,10,25,-15
112900023,0,45,-45
112900024,23,83,-60
112900025,50,105,-55
112900026,1,50,-49
112900027,2,313,-311
112900028,7,28,-21
112900029,25,160,-135
112900030,33,37,-4
112900031,3,195,-192
112900032,158,178,-20
112900034,0,14,-14
112900035,0,112,-112
112900036,26,116,-90
112900037,89,200,-111
112900038,476,71,405
112900039,7,117,-110
112900040,6,217,-211
112900041,199,564,-365
112900042,15,98,-83
112900043,38,31,7
112900044,226,166,60
112900045,122,108,14
112900046,65,30,35
112900047,6,8,-2
112900049,261,31,230
112900050,15,242,-227
112900051,88,203,-115
112900052,6,180,-174
112900053,85,79,6
112900054,96,44,52
112900055,49,33,16
112900056,207,168,39
112900057,17,205,-188
112900058,153,279,-126
112900059,81,121,-40
112900060,24,60,-36
112900061,59,64,-5
112900062,75,39,36
112900063,50,6,44
112900064,37,88,-51
112900065,14,20,-6
112900066,185,171,14
112900067,148,44,104
112900068,23,39,-16
112900069,812,657,155
112900071,24,8,16
112900072,66,1800,-1734
112900073,355,133,222
112900074,62,237,-175
112900075,456,840,-384
112900076,37,38,-1
112900078,279,445,-166
112900079,215,16,199
112900080,67,3,64
112900081,56,199,-143
112900082,486,23,463
112900083,109,101,8
112900084,242,148,94
112900086,84,2,82
112900087,668,110,558
112900088,103,15,88
112900089,743,30,713
112900090,109,45,64
112900091,215,13,202
112900092,53,370,-317
112900093,791,18,773
112900095,56,0,56
112900096,482,112,370
112900097,49,108,-59
112900098,61,0,61
112900099,847,6,841
112900100,74,1,73
112900101,337,6,331
112900102,95,35,60
112900103,169,3,166
112900104,584,20,564
112900105,26,0,26
112900106,280,62,218
112900107,3,0,3
112900108,1,0,1
112900109,160,1,159
112900110,1316,20,1296
112900111,713,4,709
112900112,366,1,365
112900113,1,12,-11
112900114,157,9,148
112900115,1537,2,1535
112900116,134,1,133
112900117,51,20,31
112900118,4,57,-53
112900119,139,2,137
112900120,282,161,121
112900121,30,69,-39
112900122,2,32,-30
112900123,91,12,79
112900124,9,45,-36
112900125,26,199,-173
112900126,97,85,12
112900127,336,94,242
112900128,79,312,-233
112900129,0,294,-294
112900130,156,72,84
112900131,7,129,-122
112900132,63,266,-203
112900133,18,541,-523
112900134,0,89,-89
112900135,75,41,34
112900137,89,252,-163
112900138,3,50,-47
112900139,54,416,-362
112900141,545,15,530
112900142,64,150,-86
112900143,69,214,-145
112900144,7,234,-227
112900145,21,214,-193
112900146,2,332,-330
112900147,4,387,-383
112900148,55,1,54
112900149,110,188,-78
112900151,4,31,-27
112900152,1835,360,1475
112900153,555,1893,-1338
112900154,1,30,-29
112900155,118,14,104
112900156,434,380,54
112900157,189,6,183
112900158,48,4,44
112900159,138,148,-10
112900160,36,138,-102
112900161,96,43,53
112900162,15,13,2
112900163,21,31,-10
112900164,17,179,-162
112900165,46,27,19
112900166,3,54,-51
112900167,6,83,-77
112900168,13,3,10
112900169,8,13,-5
112900170,116,99,17
112900172,21,21,0
112900173,93,63,30
112900174,207,27,180
112900175,62,97,-35
112900176,20,41,-21
112900177,180,44,136
112900178,522,2427,-1905
112900179,35,229,-194
112900180,1294,683,611
112900181,468,6,462
112900182,30,308,-278
112900183,29,153,-124
112900184,218,246,-28
112900185,74,357,-283
112900186,594,782,-188
112900187,42,334,-292
112900188,402,1331,-929
112900189,3,8,-5
112900190,6,12,-6
112900192,424,417,7
112900193,651,240,411
112900194,57,24,33
112900195,552,29,523
112900196,173,188,-15
112900197,97,178,-81
112900199,410,117,293
112900200,380,74,306
112900201,166,46,120
112900202,474,328,146
112900203,284,71,213
112900204,438,437,1
112900205,5,8,-3
112900206,19,86,-67
112900207,22,1,21
112900208,47,276,-229
112900209,205,212,-7
112900210,2,22,-20
112900211,59,3,56
112900212,1,57,-56
112900213,43,0,43
112900214,10,13,-3
112900215,27,60,-33
112900216,14,29,-15
112900217,0,47,-47
112900218,123,3,120
112900219,66,4,62
112900220,2,0,2
112900221,8,43,-35
112900222,0,8,-8
112900223,728,14,714
112900224,266,179,87
112900225,415,135,280
112900226,86,138,-52
112900227,324,135,189
112900228,66,22,44
112900229,254,11,243
112900230,4089,2077,2012
112900232,154,221,-67
112900233,48,74,-26
112900234,11,15,-4
112900235,35,6,29
112900236,279,9,270
112900237,295,100,195
112900238,3,10,-7
112900239,335,514,-179
112900240,1,8,-7
112900241,10,27,-17
112900242,1,55,-54
112900243,8,35,-27
112900244,8,21,-13
112900245,3,28,-25
112900246,0,1,-1
112900247,31,20,11
112900248,2,0,2
112900249,28,4,24
112900250,78,8,70
112900251,52,3,49
112900252,55,2,53
112900253,60,2,58
112900254,11,7,4
112900255,2,24,-22
112900256,4,32,-28
112900257,4,21,-17
112900258,51,5,46
113000001,3958,3146,812
113000002,2328,2147,181
113000003,1078,971,107
113000004,862,1213,-351
113000005,1099,813,286
113000006,655,868,-213
113000007,1425,794,631
113000008,1118,948,170
113000009,808,364,444
113000010,794,577,217
113000011,787,716,71
113000012,1156,483,673
113000013,560,473,87
113000014,560,714,-154
113000015,92,98,-6
113000016,160,355,-195
113000017,32,197,-165
113000018,277,21,256
113000019,198,230,-32
113000020,504,83,421
113000021,879,476,403
113000022,565,848,-283
113000025,81,143,-62
113000026,426,426,0
113000027,292,700,-408
113000028,360,801,-441
113000029,606,601,5
113000030,141,282,-141
113000031,105,204,-99
113000032,102,262,-160
113000033,98,281,-183
113000034,166,144,22
113000035,15,13,2
113000036,7,43,-36
113000037,34,10,24
113000038,7,43,-36
113000039,21,205,-184
113000040,49,53,-4
113000042,494,267,227
113000051,555,1383,-828
113000052,1345,434,911
113000053,390,208,182
113000054,274,403,-129
113000055,1127,238,889
113000056,931,630,301
113000058,391,544,-153
113000059,552,237,315
113000060,203,360,-157
113000061,417,504,-87
113000062,314,279,35
113000063,266,43,223
113000064,61,89,-28
113000065,136,315,-179
113000066,704,73,631
113000067,1892,552,1340
113000068,367,432,-65
113000069,478,414,64
113000070,1874,643,1231
113000071,300,227,73
113000072,699,323,376
113000073,199,870,-671
113000074,581,279,302
113000075,1063,620,443
113000076,347,2080,-1733
113000077,459,517,-58
113000078,368,1105,-737
113000079,244,637,-393
113000080,362,497,-135
113000081,454,453,1
113000082,496,387,109
113000083,378,635,-257
113000084,1005,623,382
113000085,601,484,117
113000086,533,570,-37
113000087,513,788,-275
113000088,1176,748,428
113000089,541,1340,-799
113000090,111,450,-339
113000091,221,279,-58
113000094,918,255,663
113000095,189,479,-290
113000096,88,564,-476
113000097,830,220,610
113000098,98,33,65
113000099,642,305,337
113000100,69,256,-187
113000101,123,456,-333
113000102,465,456,9
113000103,1175,214,961
113000104,328,1540,-1212
113000105,631,223,408
113000106,227,192,35
113000107,693,617,76
113000108,480,539,-59
113000109,399,714,-315
113000110,1657,306,1351
113000111,227,392,-165
113000112,243,157,86
113000113,638,246,392
113000114,163,740,-577
113000116,298,216,82
113000117,647,92,555
113000118,23,268,-245
113000119,255,233,22
113000120,25,173,-148
113000121,285,673,-388
113000124,174,78,96
113000125,23,654,-631
113000127,1113,99,1014
113000128,748,126,622
113000129,209,494,-285
113000133,1427,586,841
113000134,2,775,-773
113000135,3004,3438,-434
113000137,649,2250,-1601
113000139,115,167,-52
113000140,36,98,-62
113000141,60,109,-49
113000142,146,372,-226
113000143,166,100,66
113000144,146,323,-177
113000145,106,63,43
113000146,68,32,36
113000147,98,30,68
113000148,199,57,142
113000149,112,97,15
113000150,304,176,128
113000151,22,16,6
113000152,32,130,-98
113000153,517,213,304
113000154,318,973,-655
113000155,179,455,-276
113000156,107,160,-53
113000157,141,336,-195
113000158,361,232,129
113000159,591,426,165
113000160,276,331,-55
113000161,216,110,106
113000162,569,206,363
113000163,72,59,13
113000164,16,33,-17
113000166,126,66,60
113000167,44,39,5
113000168,79,52,27
113000169,165,23,142
113000170,89,48,41
113000171,24,46,-22
113000172,210,33,177
113000173,63,23,40
113000174,144,119,25
113000175,347,45,302
113000176,410,61,349
113000177,108,120,-12
113000178,95,206,-111
113000179,225,126,99
113000180,389,638,-249
113000181,877,511,366
113000182,83,179,-96
113000183,63,409,-346
113000184,6,34,-28
113000189,239,488,-249
113000190,131,177,-46
113000192,412,3278,-2866
113000193,1114,2631,-1517
113000194,511,1358,-847
113000195,673,1527,-854
113000196,127,44,83
113000197,675,1133,-458
113000198,107,140,-33
113000199,799,192,607
113000201,175,382,-207
113000202,5014,582,4432
113000203,85,369,-284
113000204,343,3422,-3079
113000205,10,7,3
113000206,4,46,-42
113000207,53,7,46
113000208,27,33,-6
113000209,18,9,9
113000210,6,15,-9
113000211,93,267,-174
113000212,47,48,-1
113000213,10,49,-39
113000214,120,168,-48
113000234,158,433,-275
113000410,24,144,-120
113000411,1060,1788,-728
113000412,2708,1121,1587
113000413,675,1884,-1209
113000414,1965,7909,-5944
113000415,1111,1083,28
113000416,2201,1537,664
113000417,746,928,-182
113000418,2667,2569,98
113000419,788,1236,-448
113000420,1687,3315,-1628
113000421,2583,4219,-1636
113000422,5149,6126,-977
113000423,785,3354,-2569
113000424,1051,6072,-5021
113000425,0,56,-56
113000428,4,9,-5
113000430,1,30,-29
113000432,1896,184,1712
113000433,62,327,-265
113000434,28,57,-29
113000435,37,156,-119
113000436,12,424,-412
113000437,1001,21,980
113000438,284,10,274
113000439,24,43,-19
113000440,105,44,61
113000441,235,158,77
113000442,84,37,47
113000443,217,84,133
113000444,188,45,143
113000445,113,41,72
113000446,38,59,-21
113000448,288,111,177
113000449,100,553,-453
113000450,448,1362,-914
113000451,1875,188,1687
113000452,78,338,-260
113000453,44,456,-412
113000454,208,97,111
113000455,10,715,-705
113000456,1418,1330,88
113000468,710,57,653
113000469,20,44,-24
113000470,329,18,311
113000471,11,197,-186
113000472,53,152,-99
113000474,857,448,409
113000475,771,773,-2
113000476,1183,1303,-120
113000477,2733,1143,1590
113000478,1897,2036,-139
113000479,113,77,36
113000485,0,0,0
113000486,0,0,0
113000487,0,0,0
113000489,0,0,0
113000490,0,0,0
113000491,0,0,0
113000492,2,0,2
113000493,0,0,0
113000495,191,73,118
113000496,140,112,28
113900001,5,981,-976
113900002,2,22,-20
113900003,0,95,-95
113900004,2,142,-140
113900005,0,167,-167
113900006,0,31,-31
113900007,5,0,5
113900008,17,0,17
113900009,5,0,5
113900010,15,1,14
113900011,32,0,32
113900012,44,0,44
113900013,50,3,47
113900014,442,1,441
113900015,0,8,-8
113900016,9,0,9
113900017,1,32,-31
113900018,126,203,-77
113900019,117,26,91
113900020,127,2,125
113900022,29,0,29
113900023,23,0,23
113900024,42,21,21
113900025,78,5,73
113900026,29,0,29
113900027,9,35,-26
113900028,35,165,-130
113900029,99,78,21
113900030,249,1,248
113900031,15,0,15
113900032,25,0,25
113900033,73,26,47
113900035,24,0,24
113900036,19,70,-51
113900037,150,128,22
113900038,30,87,-57
113900039,147,17,130
113900040,11,22,-11
113900041,19,2,17
113900042,57,23,34
113900043,109,41,68
113900044,156,256,-100
113900045,43,0,43
113900046,111,460,-349
113900047,63,94,-31
113900048,93,74,19
113900049,186,224,-38
113900050,179,205,-26
113900051,154,163,-9
113900052,71,71,0
113900053,350,475,-125
113900054,25,2,23
113900055,53,261,-208
113900056,47,109,-62
113900057,2,25,-23
113900058,57,44,13
113900059,159,122,37
113900060,43,45,-2
113900061,257,127,130
113900062,42,5,37
113900063,57,77,-20
113900064,7,46,-39
113900065,260,12,248
113900066,312,114,198
113900067,165,40,125
113900068,283,401,-118
113900069,4,17,-13
113900070,87,195,-108
113900071,57,30,27
113900072,20,54,-34
113900073,237,270,-33
113900074,140,70,70
113900075,745,1118,-373
113900076,68,6,62
113900077,38,107,-69
113900078,23,7,16
113900079,0,12,-12
113900080,342,110,232
113900081,33,52,-19
113900082,104,90,14
113900083,295,109,186
113900084,119,81,38
113900085,32,112,-80
113900086,36,15,21
113900087,59,40,19
113900088,68,105,-37
113900089,175,30,145
113900090,313,198,115
113900091,10,9,1
113900092,27,36,-9
113900093,43,540,-497
113900094,298,138,160
113900095,78,118,-40
113900096,130,37,93
113900097,11,19,-8
113900098,517,81,436
113900099,3,12,-9
113900100,1,2,-1
113900101,5,58,-53
113900102,42,99,-57
113900103,162,283,-121
113900104,84,180,-96
113900105,132,37,95
113900106,2,17,-15
113900107,0,3,-3
113900108,84,177,-93
113900109,163,145,18
113900110,37,12,25
113900111,123,38,85
113900112,132,24,108
113900113,548,260,288
113900114,0,15,-15
113900115,1,14,-13
113900116,42,109,-67
113900117,33,15,18
113900118,112,234,-122
113900119,100,291,-191
113900120,65,28,37
113900121,45,29,16
113900122,192,1766,-1574
113900123,299,118,181
113900124,1,34,-33
113900125,418,75,343
113900126,32,31,1
113900127,205,430,-225
113900128,86,43,43
113900129,9,130,-121
113900130,0,113,-113
113900131,149,41,108
113900132,17,34,-17
113900133,17,23,-6
113900135,268,149,119
113900136,41,24,17
113900137,192,207,-15
113900138,9,79,-70
113900139,103,113,-10
113900140,34,179,-145
113900141,393,126,267
113900142,67,34,33
113900143,8,28,-20
113900144,50,193,-143
113900145,229,59,170
113900146,109,16,93
113900148,52,250,-198
113900149,83,64,19
113900150,130,151,-21
113900151,218,85,133
113900152,14,27,-13
113900153,66,276,-210
113900154,1,53,-52
113900155,78,191,-113
113900156,102,202,-100
113900157,14,171,-157
113900158,57,178,-121
113900159,13,140,-127
113900160,167,292,-125
113900161,60,152,-92
113900162,109,362,-253
113900163,92,129,-37
113900164,249,42,207
113900165,295,182,113
113900166,20,81,-61
113900167,311,16,295
113900168,45,25,20
113900169,112,180,-68
113900171,131,30,101
113900172,5,56,-51
113900173,21,195,-174
113900174,305,201,104
113900175,206,85,121
113900176,124,159,-35
113900177,206,92,114
113900178,124,127,-3
113900179,15,169,-154
113900180,98,60,38
113900181,521,80,441
113900182,384,327,57
113900183,40,35,5
113900184,5,184,-179
113900185,84,31,53
113900186,11,12,-1
113900187,33,91,-58
113900188,12,45,-33
113900189,168,173,-5
113900190,119,47,72
113900191,43,72,-29
113900192,918,1296,-378
113900193,3,65,-62
113900194,719,326,393
113900195,172,219,-47
113900196,1,72,-71
113900197,0,61,-61
113900198,21,236,-215
113900199,42,256,-214
113900200,10,49,-39
113900201,0,45,-45
113900202,8,103,-95
113900203,13,28,-15
113900204,7,187,-180
113900205,4,35,-31
113900206,4,26,-22
113900207,0,28,-28
113900208,0,20,-20
113900209,0,19,-19
113900210,253,299,-46
113900211,117,79,38
113900212,135,198,-63
113900214,118,257,-139
113900215,17,38,-21
113900216,117,221,-104
113900217,62,98,-36
113900218,94,52,42
113900219,63,332,-269
113900220,52,100,-48
113900221,165,173,-8
113900222,627,524,103
113900223,173,272,-99
113900224,25,40,-15
113900225,159,79,80
113900226,182,69,113
113900227,222,104,118
113900228,130,254,-124
113900229,32,476,-444
113900230,1188,1809,-621
113900231,46,69,-23
113900232,85,30,55
113900233,35,20,15
113900234,236,215,21
113900235,46,4,42
113900236,242,113,129
113900237,100,14,86
113900238,74,346,-272
113900239,16,92,-76
113900240,5,173,-168
113900241,54,34,20
113900242,27,101,-74
113900243,35,199,-164
113900244,60,107,-47
113900245,467,156,311
113900246,10,12,-2
113900247,82,359,-277
113900248,1144,960,184
113900249,334,314,20
113900250,21,89,-68
113900251,533,73,460
113900252,504,14,490
113900253,471,22,449
113900254,392,70,322
113900255,428,12,416
113900256,279,9,270
113900257,18,225,-207
113900258,6,216,-210
113900259,392,92,300
113900260,146,3,143
113900261,22,23,-1
113900262,105,205,-100
113900263,40,306,-266
113900264,0,135,-135
113900265,69,274,-205
113900266,35,74,-39
113900267,40,456,-416
113900268,133,210,-77
113900269,45,73,-28
113900270,100,322,-222
113900271,370,271,99
113900273,8,6,2
113900274,49,19,30
113900275,11,58,-47
113900276,1,63,-62
113900277,106,2,104
113900278,120,89,31
113900279,27,46,-19
113900280,898,441,457
113900281,254,683,-429
113900282,152,251,-99
113900283,297,342,-45
113900284,586,81,505
113900285,46,10,36
113900286,17,33,-16
113900287,61,5,56
113900288,2,71,-69
113900289,276,61,215
113900290,100,157,-57
113900291,35,97,-62
113900292,4,0,4
113900293,17,135,-118
113900294,435,9,426
113900295,261,192,69
113900296,465,85,380
113900297,1802,29,1773
113900298,26,726,-700
113900299,103,33,70
113900300,1431,1307,124
113900301,460,330,130
113900302,876,589,287
113900303,151,381,-230
113900304,0,56,-56
113900305,85,1,84
113900306,35,0,35
113900307,2,0,2
113900308,51,38,13
113900309,0,236,-236
113900310,1,4,-3
113900311,6,0,6
113900312,111,162,-51
113900313,1,2,-1
113900314,1,9,-8
113900315,33,0,33
114000001,630,1176,-546
114000002,277,159,118
114000003,133,318,-185
114000004,320,127,193
114000005,179,114,65
114000006,998,985,13
114000007,390,504,-114
114000008,856,1149,-293
114000009,687,172,515
114000011,1969,1269,700
114000012,2128,829,1299
114000013,1310,711,599
114000014,348,212,136
114000015,1348,149,1199
114000016,147,78,69
114000017,67,278,-211
114000018,83,14,69
114000026,1598,534,1064
114000027,2792,1188,1604
114000028,1370,1939,-569
114000038,179,70,109
114000039,103,76,27
114000040,113,165,-52
114000042,159,67,92
114000043,217,86,131
114000044,281,56,225
114000045,40,33,7
114000046,1420,2399,-979
114000047,15,46,-31
114000048,70,68,2
114000049,975,982,-7
114000050,929,1072,-143
114000051,1634,1432,202
114000052,2559,1744,815
114000053,40,363,-323
114000054,155,394,-239
114000055,141,24,117
114000056,213,683,-470
114000057,2463,1323,1140
114000058,72,754,-682
114000059,25,288,-263
114000060,307,424,-117
114000061,1367,1778,-411
114000062,396,1020,-624
114000063,883,872,11
114000064,1613,2273,-660
114000065,797,1279,-482
114000066,300,360,-60
114000067,13,493,-480
114000068,349,440,-91
114000069,582,317,265
114000070,1248,1228,20
114000071,474,302,172
114000072,321,100,221
114000073,14,15,-1
114000074,35,13,22
114000075,60,25,35
114000076,20,22,-2
114000077,2,6,-4
114000078,195,149,46
114000079,159,10,149
114000080,34,37,-3
114000081,58,31,27
114000082,21,141,-120
114000083,32,64,-32
114000084,195,76,119
114000085,37,222,-185
114000086,146,128,18
114000087,84,63,21
114000088,26,23,3
114000089,237,130,107
114000090,569,535,34
114000091,790,699,91
114000092,464,315,149
114000093,842,424,418
114000094,291,182,109
114000095,125,118,7
114000096,51,128,-77
114000097,69,169,-100
114000098,407,61,346
114000099,532,144,388
114000100,1296,277,1019
114000101,319,229,90
114000102,459,190,269
114000103,91,129,-38
114000104,60,77,-17
114000105,100,56,44
114000106,476,867,-391
114000107,382,47,335
114000108,756,523,233
114000109,491,1591,-1100
114000110,283,517,-234
114000111,1430,688,742
114000112,323,883,-560
114000113,1465,350,1115
114000114,500,535,-35
114000115,1863,739,1124
114000116,798,1960,-1162
114000117,2873,407,2466
114000118,2132,361,1771
114000119,1537,305,1232
114000120,372,400,-28
114000121,318,477,-159
114000122,321,176,145
114000123,1710,286,1424
114000124,751,218,533
114000125,620,607,13
114000126,1367,227,1140
114000127,169,73,96
114000128,615,135,480
114000130,260,267,-7
114000131,212,88,124
114000132,343,193,150
114000133,314,580,-266
114000134,73,29,44
114000138,16,79,-63
114000139,261,272,-11
114000144,468,464,4
114000145,32,68,-36
114000146,67,87,-20
114000147,902,1822,-920
114000148,823,1237,-414
114000149,203,262,-59
114000150,481,831,-350
114000151,727,1981,-1254
114000152,70,36,34
114000153,533,1579,-1046
114000154,537,509,28
114000155,749,1773,-1024
114000156,510,472,38
114000157,207,852,-645
114000158,659,485,174
114000159,124,252,-128
114000160,41,249,-208
114000161,657,1948,-1291
114000162,831,1852,-1021
114000163,15,33,-18
114000165,355,290,65
114000166,412,271,141
114000167,1385,832,553
114000168,282,316,-34
114000169,797,1096,-299
114000170,832,980,-148
114000171,1055,4087,-3032
114000174,105,252,-147
114000176,221,324,-103
114000177,704,399,305
114000178,33,14,19
114000179,741,538,203
114000180,193,341,-148
114000181,1067,2805,-1738
114000182,805,1570,-765
114000183,370,454,-84
114000184,1255,393,862
114000185,806,483,323
114000189,1011,100,911
114000190,2713,404,2309
114000191,60,121,-61
114000192,106,591,-485
114000193,244,845,-601
114000194,1049,500,549
114000195,174,55,119
114000196,0,74,-74
114000197,1440,15,1425
114000198,401,187,214
114000199,1032,1210,-178
114000200,267,488,-221
114000201,77,250,-173
114000202,545,265,280
114000203,509,422,87
114000204,113,181,-68
114000205,118,497,-379
114000206,409,720,-311
114000207,278,584,-306
114000208,285,818,-533
114000209,277,849,-572
114000210,122,488,-366
114000211,833,862,-29
114000212,419,509,-90
114000213,964,364,600
114000214,48,53,-5
114000215,152,34,118
114000216,1042,221,821
114000217,366,100,266
114000218,104,77,27
114000219,955,62,893
114000220,11,313,-302
114000221,799,100,699
114000222,84,368,-284
114000223,417,80,337
114000224,24,209,-185
114000225,225,242,-17
114000226,188,157,31
114000227,661,283,378
114000228,605,324,281
114000229,1067,654,413
114000230,1114,472,642
114000231,677,860,-183
114000232,676,141,535
114000233,1863,92,1771
114000234,777,420,357
114000235,826,669,157
114000236,0,191,-191
114000237,107,334,-227
114000238,68,173,-105
114000239,104,472,-368
114000240,591,677,-86
114000241,171,377,-206
114000242,464,406,58
114000243,1275,582,693
114000244,533,233,300
114000245,240,541,-301
114000246,72,22,50
114000247,580,293,287
114000248,825,386,439
114000249,375,299,76
114000250,461,260,201
114000251,338,116,222
114000252,47,19,28
114000253,32,33,-1
114000254,33,15,18
114000255,276,127,149
114000256,271,1265,-994
114000257,289,468,-179
114000258,218,125,93
114000259,81,144,-63
114000260,0,10,-10
114000261,26,21,5
114000262,183,62,121
114000263,9,1,8
114000264,753,206,547
114000265,0,2,-2
114000267,3,1009,-1006
114000268,1,468,-467
114000270,139,5,134
114000271,162,35,127
114000283,974,184,790
114000285,12,92,-80
114000288,80,136,-56
114000289,1142,113,1029
114000293,114,320,-206
114000294,113,141,-28
114000395,865,52,813
114000396,512,490,22
114000402,585,106,479
114000403,177,111,66
114000405,132,140,-8
114000423,292,134,158
114000424,244,57,187
114000425,710,97,613
114000426,240,612,-372
114000427,69,45,24
114000428,82,150,-68
114000429,11,82,-71
114000432,97,24,73
114000434,20,32,-12
114000435,0,39,-39
114900001,444,295,149
114900002,241,56,185
114900003,560,426,134
114900004,157,256,-99
114900005,442,282,160
114900006,65,52,13
114900007,239,27,212
114900008,143,98,45
114900010,718,1168,-450
114900011,140,71,69
114900013,160,85,75
114900018,671,28,643
114900020,114,37,77
114900022,1,305,-304
114900025,303,104,199
114900026,91,96,-5
114900029,120,11,109
114900030,218,116,102
114900031,341,14,327
114900032,293,19,274
114900034,23,32,-9
114900035,86,191,-105
114900036,114,220,-106
114900039,341,156,185
114900040,51,38,13
114900041,809,148,661
114900042,899,164,735
114900044,123,25,98
114900047,121,2077,-1956
114900048,41,101,-60
114900049,15,54,-39
114900050,39,97,-58
114900051,9,82,-73
114900052,19,89,-70
114900053,69,108,-39
114900054,21,34,-13
114900057,138,9,129
114900058,0,26,-26
114900059,65,49,16
114900063,46,54,-8
114900064,1690,117,1573
114900065,408,444,-36
114900067,19,204,-185
114900068,26,65,-39
114900069,66,43,23
114900070,380,212,168
114900072,0,75,-75
114900073,0,48,-48
114900074,603,188,415
114900075,173,9,164
114900076,2,88,-86
114900080,760,154,606
114900082,1686,1903,-217
114900083,340,561,-221
114900090,256,144,112
114900091,49,84,-35
114900097,130,1,129
114900098,2,62,-60
114900099,188,4,184
115000001,2568,1388,1180
115000002,2670,3575,-905
115000003,2659,1129,1530
115000004,3393,4488,-1095
115000005,1233,1071,162
115000006,755,1140,-385
115000007,231,184,47
115000008,277,327,-50
115000009,169,155,14
115000010,173,108,65
115000013,19,149,-130
115000015,28,179,-151
115000016,17,156,-139
115000019,49,288,-239
115000020,61,620,-559
115000021,173,226,-53
115000022,347,202,145
115000023,198,401,-203
115000024,634,214,420
115000025,612,476,136
115000026,123,194,-71
115000027,215,218,-3
115000028,110,403,-293
115000029,497,60,437
115000030,340,674,-334
115000031,824,133,691
115000032,4,135,-131
115000033,137,52,85
115000034,14,537,-523
115000035,690,35,655
115000036,0,167,-167
115000037,396,17,379
115000038,27,108,-81
115000039,1969,2289,-320
115000040,2246,1639,607
115000041,1098,2518,-1420
115000042,283,389,-106
115000043,3247,1916,1331
115000044,2565,2130,435
115000045,1736,722,1014
115000046,2122,2018,104
115000047,1965,825,1140
115000048,1351,1104,247
115000049,812,1675,-863
115000050,2286,1003,1283
115000051,1121,2377,-1256
115000052,944,815,129
115000053,1452,1383,69
115000054,386,431,-45
115000055,171,721,-550
115000056,215,480,-265
115000057,590,902,-312
115000058,565,301,264
115000059,225,134,91
115000061,78,102,-24
115000062,186,200,-14
115000063,304,178,126
115000064,146,45,101
115000065,39,321,-282
115000067,187,17,170
115000069,79,172,-93
115000070,13,364,-351
115000071,37,3,34
115000072,4,49,-45
115000073,843,42,801
115000075,72,33,39
115000076,1537,1152,385
115000077,1375,926,449
115000078,1117,642,475
115000079,961,778,183
115000080,1737,915,822
115000081,266,379,-113
115000082,3060,2616,444
115000083,1358,662,696
115000084,2195,861,1334
115000085,760,367,393
115000086,1035,373,662
115000087,336,840,-504
115000088,1271,440,831
115000089,847,686,161
115000090,318,519,-201
115000091,152,361,-209
115000092,556,357,199
115000093,427,2,425
115000094,3297,4281,-984
115000095,2499,4427,-1928
115000096,622,563,59
115000097,982,738,244
115000098,961,368,593
115000099,1874,1226,648
115000100,950,163,787
115000101,416,778,-362
115000102,410,161,249
115000103,186,351,-165
115000105,36,66,-30
115000106,521,247,274
115000107,135,183,-48
115000108,1480,1254,226
115000109,2089,3522,-1433
115000110,694,1226,-532
115000111,343,743,-400
115000112,420,507,-87
115000113,325,447,-122
115000114,824,408,416
115000116,1682,1487,195
115000117,1469,1549,-80
115000118,1302,1337,-35
115000119,977,1221,-244
115000120,386,860,-474
115000121,608,495,113
115000122,657,988,-331
115000123,523,1167,-644
115000124,480,654,-174
115000125,327,412,-85
115000126,69,233,-164
115000127,217,71,146
115000128,212,478,-266
115000129,152,264,-112
115000130,299,275,24
115000131,606,180,426
115000132,263,150,113
115000133,477,116,361
115000134,215,141,74
115000135,156,74,82
115000136,177,177,0
115000137,84,123,-39
115000138,320,182,138
115000139,223,108,115
115000140,363,113,250
115000141,173,64,109
115000142,171,64,107
115000143,790,389,401
115000144,495,49,446
115000145,184,103,81
115000146,365,238,127
115000147,251,263,-12
115000148,183,373,-190
115000149,399,136,263
115000150,397,315,82
115000151,835,299,536
115000152,382,336,46
115000153,903,305,598
115000154,609,180,429
115000155,385,453,-68
115000156,563,553,10
115000157,292,477,-185
115000158,140,323,-183
115000159,342,410,-68
115000160,219,191,28
115000161,87,249,-162
115000162,338,520,-182
115000163,342,518,-176
115000164,495,456,39
115000165,158,450,-292
115000167,77,32,45
115000168,288,260,28
115000169,253,388,-135
115000170,40,144,-104
115000171,176,201,-25
115000172,381,356,25
115000173,161,393,-232
115000174,71,241,-170
115000175,112,67,45
115000176,51,44,7
115000177,50,42,8
115000178,4,97,-93
115000179,13,17,-4
115000180,80,167,-87
115000181,459,100,359
115000182,603,160,443
115000183,252,333,-81
115000186,402,104,298
115000187,117,333,-216
115000188,221,316,-95
115000189,111,286,-175
115000190,462,278,184
115000191,63,318,-255
115000194,61,102,-41
115000195,122,231,-109
115000196,154,47,107
115000197,200,90,110
115000198,316,70,246
115000199,298,69,229
115000200,255,58,197
115000201,130,155,-25
115000206,228,19,209
115000207,127,133,-6
115000208,149,336,-187
115000209,391,174,217
115000210,121,81,40
115000211,191,185,6
115000212,607,176,431
115000224,166,56,110
115000225,58,38,20
115000229,110,57,53
115000230,56,222,-166
115000231,202,573,-371
115000232,1645,193,1452
115000233,80,91,-11
115000234,34,153,-119
115000241,48,79,-31
115000242,80,83,-3
115000243,44,70,-26
115000244,14,89,-75
115000246,28,8,20
115000247,27,12,15
115000248,37,16,21
115000249,6,10,-4
115000250,237,20,217
115000251,211,26,185
115000252,52,98,-46
115000253,33,248,-215
115000258,173,50,123
115000259,213,49,164
115000261,31,12,19
115000262,13,12,1
115000263,10,22,-12
115000264,27,19,8
115000267,43,81,-38
115000268,19,64,-45
115000269,52,49,3
115000270,6,10,-4
115000272,70,71,-1
115000273,308,23,285
115000280,969,145,824
115000281,194,590,-396
115000282,377,306,71
115000284,126,91,35
115000296,966,15,951
115000297,47,128,-81
115000298,29,345,-316
115000300,196,66,130
115000302,456,60,396
115000303,617,56,561
115000304,491,69,422
115000305,53,222,-169
115000306,110,107,3
115000307,54,100,-46
115000308,23,11,12
115000310,954,286,668
115000311,954,765,189
115000313,80,236,-156
115000314,330,164,166
115000315,527,597,-70
115000316,72,107,-35
115000317,99,223,-124
115000318,486,195,291
115000319,41,165,-124
115000320,12,250,-238
115000321,110,7,103
115000322,41,81,-40
115000449,75,94,-19
115000557,31,1045,-1014
115000558,444,67,377
115000587,388,163,225
115000588,1419,1357,62
115000589,2534,1474,1060
115000590,699,874,-175
115000591,1086,458,628
115000592,282,1024,-742
115000593,887,486,401
115000594,284,1723,-1439
115000609,149,87,62
115000617,422,1731,-1309
115000624,246,34,212
115000633,200,799,-599
115000634,2024,449,1575
115000635,507,110,397
115000638,223,230,-7
115000641,22,144,-122
115000642,142,130,12
115000643,70,182,-112
115000644,71,174,-103
115000646,529,1108,-579
115000647,124,268,-144
115000648,1759,846,913
115000893,1128,862,266
115000894,79,465,-386
115000895,189,937,-748
115000896,759,347,412
115000897,385,97,288
115000898,216,230,-14
115000899,194,779,-585
115000900,44,311,-267
115000901,40,69,-29
115000912,345,76,269
115000913,8,13,-5
115000915,5,0,5
115000916,1,0,1
115000917,0,5,-5
115000918,12,335,-323
115000919,5,9,-4
115000920,4,23,-19
115000921,190,42,148
115000922,345,643,-298
115000923,139,1521,-1382
115000925,79,51,28
115000927,49,53,-4
115000933,82,350,-268
115000934,155,89,66
115000935,129,30,99
115000936,19,504,-485
115000937,558,184,374
115000938,54,280,-226
115000939,63,137,-74
115000940,5,11,-6
115000941,1,37,-36
115000942,3,88,-85
115000943,17,43,-26
115000944,0,6,-6
115900001,135,9,126
115900002,36,64,-28
115900003,159,27,132
115900004,0,7,-7
115900005,165,6,159
115900006,51,107,-56
115900008,85,1,84
115900009,21,104,-83
115900010,263,62,201
115900011,268,98,170
115900012,154,14,140
115900013,174,85,89
115900014,99,53,46
115900015,102,17,85
115900016,74,23,51
115900017,23,11,12
115900018,103,16,87
115900019,43,2,41
115900020,90,2,88
115900021,415,172,243
115900022,506,3,503
115900023,15,3,12
115900025,22,114,-92
115900026,424,100,324
115900027,0,86,-86
115900028,258,40,218
115900029,24,126,-102
115900030,21,14,7
115900031,90,139,-49
115900032,278,328,-50
115900033,0,13,-13
115900034,31,82,-51
115900035,14,7,7
115900036,16,918,-902
115900037,8,109,-101
115900038,51,9,42
115900039,108,83,25
115900041,139,491,-352
115900042,16,2,14
115900043,67,18,49
115900044,103,146,-43
115900046,299,97,202
115900047,76,114,-38
115900049,139,103,36
115900051,4,18,-14
115900052,13,90,-77
115900053,210,59,151
115900054,257,26,231
115900055,29,53,-24
115900056,143,98,45
115900057,15,14,1
115900058,22,22,0
115900060,24,18,6
115900061,234,2,232
115900062,15,91,-76
115900063,19,2,17
115900064,104,113,-9
115900065,118,14,104
115900066,49,33,16
115900067,18,135,-117
115900068,1089,676,413
115900069,67,75,-8
115900070,133,24,109
115900071,2,89,-87
115900072,12,49,-37
115900073,43,88,-45
115900074,2,97,-95
115900075,22,94,-72
115900076,6,15,-9
115900077,4,91,-87
115900078,21,39,-18
115900079,326,3,323
115900080,102,67,35
115900081,24,27,-3
115900082,51,69,-18
115900084,301,6,295
115900085,33,46,-13
115900086,555,286,269
115900088,0,48,-48
115900089,270,261,9
115900090,426,5,421
115900091,1,14,-13
115900092,32,51,-19
115900093,6,2,4
115900094,2,65,-63
115900096,19,7,12
115900097,8,95,-87
115900098,213,179,34
115900099,24,23,1
115900100,12,134,-122
115900101,161,55,106
115900102,71,58,13
115900103,188,54,134
115900104,33,31,2
115900105,294,142,152
115900106,99,7,92
115900107,48,35,13
115900108,122,16,106
115900109,7,103,-96
115900110,9,4,5
115900111,0,51,-51
115900112,27,271,-244
115900113,42,7,35
115900114,1,65,-64
115900115,81,115,-34
115900116,43,257,-214
115900117,72,2,70
115900118,2,87,-85
115900119,88,86,2
115900120,18,95,-77
115900121,151,62,89
115900124,136,467,-331
115900125,217,16,201
115900126,549,68,481
115900127,527,32,495
115900128,7,60,-53
115900129,317,42,275
115900130,14,188,-174
115900131,248,31,217
115900132,582,8,574
115900134,278,21,257
115900135,192,574,-382
115900137,44,4,40
115900139,15,28,-13
115900140,285,29,256
115900141,1,15,-14
115900142,3,17,-14
115900143,153,153,0
115900144,92,95,-3
115900146,5,34,-29
115900147,168,192,-24
115900148,105,1,104
115900149,78,12,66
115900150,95,11,84
115900151,6,80,-74
115900152,147,114,33
115900153,87,72,15
115900154,242,221,21
115900155,0,8,-8
115900156,463,569,-106
115900157,159,240,-81
115900158,3,1,2
115900159,108,77,31
115900160,1,3,-2
115900161,21,45,-24
115900163,139,39,100
115900164,462,1,461
115900166,83,57,26
115900168,108,49,59
115900171,55,187,-132
115900172,27,57,-30
115900173,138,44,94
115900174,119,127,-8
115900175,78,120,-42
115900178,3,166,-163
115900179,276,4,272
115900180,30,60,-30
115900181,154,65,89
115900182,343,83,260
115900183,13,11,2
115900184,435,2,433
115900187,6,118,-112
115900189,1,131,-130
115900190,81,662,-581
115900191,18,83,-65
115900192,3,88,-85
115900193,65,54,11
115900194,552,52,500
115900195,245,1624,-1379
115900198,151,174,-23
115900199,166,101,65
115900200,126,121,5
115900201,169,216,-47
115900202,1,49,-48
115900203,9,18,-9
115900204,0,3,-3
115900205,62,18,44
115900206,185,65,120
115900207,42,7,35
115900208,91,39,52
115900209,4,62,-58
115900210,0,77,-77
115900211,2,58,-56
115900212,147,80,67
115900213,97,98,-1
115900214,506,52,454
115900215,15,157,-142
115900216,4,63,-59
115900217,2,11,-9
115900218,4,15,-11
115900219,86,1,85
115900220,182,2,180
115900221,100,9,91
115900222,40,34,6
115900223,4,375,-371
115900224,369,1017,-648
115900225,34,21,13
115900226,7,18,-11
115900227,9,22,-13
115900228,7,26,-19
115900229,1,25,-24
115900230,21,47,-26
115900231,90,2,88
115900232,46,2,44
115900233,87,7,80
115900234,39,17,22
115900235,28,23,5
115900236,7,63,-56
115900237,11,12,-1
115900238,16,6,10
115900239,14,18,-4
115900240,12,25,-13
115900241,155,44,111
115900242,122,265,-143
115900243,15,2,13
115900244,5,11,-6
115900245,17,0,17
115900246,5,6,-1
115900247,8,3,5
115900248,3,1,2
115900249,9,6,3
115900250,6,17,-11
115900251,0,6,-6
115900252,5,0,5
115900253,9,9,0
115900254,7,20,-13
115900255,1,24,-23
115900256,11,99,-88
115900257,1,8,-7
115900258,1,0,1
115900259,1,2,-1
115900260,3,3,0
115900261,1,0,1
115900262,3,0,3
115900263,16,1,15
115900264,8,2,6
115900265,4,3,1
115900266,2,10,-8
115900267,8,7,1
115900268,1,2,-1
115900269,421,121,300
115900270,198,108,90
115900271,124,0,124
115900272,24,3,21
115900273,3,7,-4
115900274,0,2,-2
115900275,0,4,-4
115900276,0,12,-12
115900277,1,41,-40
115900278,24,38,-14
115900279,20,124,-104
115900280,14,433,-419
115900281,128,265,-137
115900282,16,16,0
115900283,18,8,10
115900284,8,0,8
116000001,4124,1620,2504
116000002,2861,9193,-6332
116000003,722,874,-152
116000004,2083,3271,-1188
116000005,631,1820,-1189
116000006,1621,2072,-451
116000007,1307,1508,-201
116000008,2916,1916,1000
116000009,668,973,-305
116000010,1916,1078,838
116000011,544,879,-335
116000012,1655,819,836
116000013,3370,2407,963
116000014,5563,11370,-5807
116000015,77,988,-911
116000016,2469,2816,-347
116000017,28,554,-526
116000018,452,151,301
116000019,543,208,335
116000020,441,710,-269
116000021,435,147,288
116000022,263,211,52
116000023,872,546,326
116000024,325,489,-164
116000025,582,540,42
116000026,1170,1935,-765
116000027,297,489,-192
116000028,280,821,-541
116000029,285,441,-156
116000030,458,378,80
116000031,90,161,-71
116000032,198,76,122
116000033,339,312,27
116000034,507,622,-115
116000035,368,360,8
116000036,538,1540,-1002
116000037,323,388,-65
116000038,150,600,-450
116000039,195,586,-391
116000040,279,503,-224
116000041,59,475,-416
116000042,566,305,261
116000043,58,407,-349
116000044,18,31,-13
116000045,1283,1055,228
116000046,744,1169,-425
116000047,1193,1630,-437
116000048,1425,1358,67
116000049,1063,2615,-1552
116000050,1203,825,378
116000051,4128,2575,1553
116000052,4240,3819,421
116000053,1552,540,1012
116000054,739,1841,-1102
116000055,698,612,86
116000056,847,666,181
116000057,1956,885,1071
116000058,2230,2007,223
116000059,1585,2705,-1120
116000060,1128,774,354
116000061,453,809,-356
116000062,350,159,191
116000063,354,1137,-783
116000066,204,540,-336
116000067,171,266,-95
116000068,106,264,-158
116000069,253,155,98
116000078,395,623,-228
116000080,1363,468,895
116000082,3,9,-6
116000083,1543,382,1161
116000084,918,1413,-495
116000085,1697,1421,276
116000086,928,586,342
116000087,1895,1454,441
116000088,534,386,148
116000089,154,60,94
116000090,78,77,1
116000091,174,241,-67
116000093,525,163,362
116000094,476,246,230
116000095,668,282,386
116000096,704,1011,-307
116000097,611,266,345
116000098,33,4840,-4807
116000099,2499,185,2314
116000100,203,14,189
116000101,693,240,453
116000102,207,473,-266
116000103,338,176,162
116000104,128,455,-327
116000105,939,73,866
116000106,316,511,-195
116000107,1965,199,1766
116000108,92,120,-28
116000111,95,29,66
116000113,115,59,56
116000114,24,55,-31
116000115,265,85,180
116000116,108,130,-22
116000117,1042,983,59
116000118,958,644,314
116000119,2517,1176,1341
116000120,2095,1696,399
116000121,705,334,371
116000122,767,571,196
116000123,943,338,605
116000124,233,328,-95
116000125,2323,545,1778
116000126,200,631,-431
116000127,570,553,17
116000128,1535,722,813
116000129,1066,190,876
116000130,642,477,165
116000133,949,506,443
116000134,1237,756,481
116000135,2078,887,1191
116000136,532,861,-329
116000137,992,394,598
116000138,755,540,215
116000139,1060,1587,-527
116000140,109,130,-21
116000141,334,244,90
116000142,2046,1414,632
116000143,1319,1187,132
116000144,1108,964,144
116000145,1689,652,1037
116000146,663,62,601
116000147,138,101,37
116000148,552,599,-47
116000149,521,435,86
116000151,415,266,149
116000153,101,201,-100
116000155,99,201,-102
116000156,410,371,39
116000157,74,13,61
116000158,277,232,45
116000159,24,17,7
116000160,15,37,-22
116000161,3,42,-39
116000162,23,76,-53
116000163,30,13,17
116000164,3,34,-31
116000177,147,93,54
116000194,79,311,-232
116000195,956,429,527
116000196,13,3,10
116000197,6,14,-8
116000198,1427,666,761
116000200,435,500,-65
116000201,402,383,19
116000202,14,133,-119
116000203,1,29,-28
116000204,6,31,-25
116000205,0,81,-81
116000206,2,149,-147
116000207,16,55,-39
116000233,122,271,-149
116000287,123,164,-41
116000288,297,141,156
116000292,45,58,-13
116000296,9,79,-70
116000297,117,11,106
116000304,119,12,107
116000305,23,47,-24
116000346,140,54,86
116000352,133,33,100
116000354,18,10,8
116000357,7,26,-19
116000358,227,51,176
116000361,111,0,111
116000372,2212,3830,-1618
116000381,70,0,70
116000388,0,25,-25
116000389,479,298,181
116000445,499,219,280
116000446,594,180,414
116000447,21,266,-245
116000448,350,98,252
116000563,529,653,-124
116000565,18,127,-109
116000568,36,136,-100
116000579,11,67,-56
116000583,126,40,86
116000584,26,3,23
116000585,29,14,15
116000586,33,55,-22
116000587,336,332,4
116000589,44,15,29
116000590,59,41,18
116000591,226,119,107
116000592,11,48,-37
116000593,1,12,-11
116000594,583,144,439
116000595,526,31,495
116000596,113,3,110
116000597,316,88,228
116000598,23,55,-32
116000605,102,75,27
116000606,32,178,-146
116000607,1,36,-35
116000609,56,673,-617
116000611,117,165,-48
116000612,986,1452,-466
116000613,567,241,326
116000614,327,248,79
116000615,1,279,-278
116000616,58,40,18
116000617,102,13,89
116000618,1,17,-16
116000619,19,60,-41
116000620,185,299,-114
116000621,72,64,8
116000622,65,85,-20
116000624,274,33,241
116000627,77,8,69
116000628,60,107,-47
116000629,10,106,-96
116000630,258,11,247
116000631,93,15,78
116000632,643,14,629
116000633,120,85,35
116000634,290,70,220
116000635,1495,2108,-613
116000636,465,1170,-705
116000637,400,39,361
116000638,120,118,2
116000639,108,1,107
116000640,14,9,5
116000641,13,51,-38
116000643,0,80,-80
116000644,24,137,-113
116000645,5,3,2
116900001,170,92,78
116900002,200,4,196
116900003,58,15,43
116900004,36,51,-15
116900005,223,29,194
116900006,64,65,-1
116900007,124,127,-3
116900008,458,96,362
116900009,12,3,9
116900010,751,400,351
116900011,7,18,-11
116900012,176,138,38
116900013,1,55,-54
116900014,107,33,74
116900015,441,25,416
116900016,191,1,190
116900017,31,246,-215
116900018,38,30,8
116900019,1,92,-91
116900020,233,896,-663
116900023,34,7,27
116900024,521,25,496
116900025,942,272,670
116900026,45,320,-275
116900027,28,21,7
116900028,2,38,-36
116900029,0,62,-62
116900031,0,2,-2
116900032,1,154,-153
116900033,18,7,11
116900034,2,33,-31
116900035,89,74,15
116900036,1,46,-45
116900038,19,1,18
116900041,13,14,-1
116900042,204,130,74
116900043,13,28,-15
116900047,5,117,-112
116900049,15,132,-117
116900050,72,174,-102
116900051,158,43,115
116900052,74,41,33
116900055,0,6,-6
116900057,31,71,-40
116900058,19,217,-198
116900059,0,29,-29
116900060,112,137,-25
116900062,2,6,-4
116900064,97,136,-39
116900065,11,69,-58
116900067,63,31,32
116900068,80,94,-14
116900070,0,14,-14
116900072,27,116,-89
116900073,8,42,-34
116900074,1,17,-16
116900076,7,28,-21
116900077,6,64,-58
116900078,108,46,62
116900079,57,74,-17
116900080,3,7,-4
116900081,166,664,-498
116900082,249,597,-348
116900083,14,26,-12
116900084,49,55,-6
116900085,23,82,-59
116900086,49,102,-53
116900088,238,33,205
116900090,21,20,1
116900091,212,6,206
116900092,79,298,-219
116900093,1623,988,635
116900094,1921,2830,-909
116900095,118,121,-3
116900096,36,284,-248
116900097,1220,2354,-1134
116900098,530,333,197
116900099,228,457,-229
116900100,758,28,730
116900101,143,294,-151
116900103,6,1,5
116900104,29,89,-60
116900105,215,133,82
116900106,886,3,883
116900107,1107,1782,-675
116900110,32,2,30
116900111,615,170,445
116900112,223,314,-91
116900113,489,989,-500
116900116,54,705,-651
116900117,113,51,62
116900118,582,797,-215
116900120,299,32,267
116900121,85,9,76
116900122,781,214,567
116900123,171,217,-46
116900124,101,423,-322
116900125,324,96,228
116900126,31,341,-310
116900128,0,31,-31
116900129,2,106,-104
116900130,334,2310,-1976
116900131,51,139,-88
116900132,34,55,-21
116900133,98,72,26
116900134,103,132,-29
116900136,147,89,58
116900137,147,57,90
116900138,108,76,32
116900139,60,174,-114
116900140,118,60,58
116900141,347,223,124
116900142,0,67,-67
116900143,110,127,-17
116900144,43,57,-14
116900145,42,150,-108
116900147,193,967,-774
116900148,3,23,-20
116900149,53,253,-200
116900150,4,8,-4
116900151,38,17,21
116900153,93,43,50
116900154,115,326,-211
116900155,57,29,28
116900157,457,93,364
116900158,112,228,-116
116900159,24,313,-289
116900160,482,703,-221
116900161,3033,5525,-2492
116900162,5,38,-33
116900163,173,20,153
116900164,48,59,-11
116900165,306,293,13
116900166,33,25,8
116900167,371,33,338
116900168,313,23,290
116900169,219,847,-628
116900170,291,459,-168
116900171,19,40,-21
116900172,75,369,-294
116900173,187,23,164
116900174,71,57,14
116900175,119,220,-101
116900178,7,55,-48
116900179,33,329,-296
116900180,68,15,53
116900182,539,164,375
116900183,142,43,99
116900185,32,31,1
116900186,51,98,-47
116900187,21,23,-2
116900188,85,9,76
116900189,22,0,22
116900191,223,379,-156
116900192,244,60,184
116900194,79,1279,-1200
116900195,39,31,8
116900196,8,36,-28
116900197,100,7,93
116900198,45,192,-147
116900200,63,8,55
116900201,124,5,119
116900202,29,20,9
116900203,96,4,92
116900204,37,76,-39
116900206,25,6,19
116900207,7,12,-5
116900208,19,23,-4
116900209,12,22,-10
116900210,448,214,234
116900211,159,2,157
116900212,89,8,81
116900213,159,47,112
116900214,147,73,74
116900215,21,47,-26
116900216,184,106,78
116900218,1,61,-60
116900219,581,165,416
116900220,158,124,34
116900221,70,193,-123
116900222,326,260,66
116900223,104,151,-47
116900226,85,15,70
116900227,121,32,89
116900228,229,57,172
116900230,66,105,-39
116900231,38,145,-107
116900232,8,153,-145
116900233,256,63,193
116900234,10,4,6
116900235,375,160,215
116900238,861,178,683
116900239,13,796,-783
116900240,2141,2012,129
116900241,80,43,37
116900242,329,572,-243
116900243,0,10,-10
116900245,36,23,13
116900246,138,16,122
116900247,681,23,658
116900248,82,27,55
116900249,254,24,230
116900250,322,21,301
116900251,223,544,-321
116900252,113,321,-208
116900254,26,37,-11
116900255,84,52,32
116900256,335,88,247
116900257,28,139,-111
116900258,1,65,-64
116900259,176,2,174
116900260,1,47,-46
116900261,63,0,63
116900262,131,66,65
116900263,1,7,-6
116900264,47,39,8
116900265,35,1,34
116900266,17,4,13
116900267,4,2,2
116900268,29,14,15
116900269,269,510,-241
116900271,409,185,224
116900272,235,194,41
116900273,39,142,-103
116900274,114,29,85
116900275,127,38,89
116900276,209,147,62
116900277,153,12,141
116900278,0,3,-3
116900279,1,21,-20
116900280,17,4,13
116900281,2184,3522,-1338
116900282,1,31,-30
116900283,6,48,-42
116900284,4,78,-74
116900285,92,117,-25
116900286,55,13,42
116900287,2,16,-14
116900288,85,38,47
116900289,11,2,9
116900290,28,3,25
116900291,17,9,8
116900292,0,24,-24
116900293,46,13,33
116900294,7,76,-69
116900295,77,142,-65
116900296,43,140,-97
116900297,1,98,-97
116900298,37,113,-76
116900299,11,71,-60
116900300,1,77,-76
116900301,33,326,-293
116900302,41,81,-40
116900303,46,78,-32
116900304,1,103,-102
116900305,8,8,0
116900306,172,35,137
116900307,75,0,75
116900308,1,58,-57
116900309,52,14,38
116900310,26,19,7
116900311,0,102,-102
117000001,1787,1569,218
117000002,1437,2581,-1144
117000003,4115,2481,1634
117000004,1918,3051,-1133
117000005,2015,1441,574
117000006,768,1665,-897
117000007,4112,902,3210
117000008,624,1842,-1218
117000009,3260,1271,1989
117000010,1367,1770,-403
117000011,1957,1069,888
117000012,878,781,97
117000013,1715,672,1043
117000014,957,1763,-806
117000015,1810,989,821
117000016,118,225,-107
117000017,137,323,-186
117000018,44,728,-684
117000019,67,44,23
117000020,357,1185,-828
117000021,922,416,506
117000022,155,228,-73
117000023,70,327,-257
117000024,96,396,-300
117000025,194,1330,-1136
117000026,1184,1865,-681
117000027,531,2507,-1976
117000028,665,1686,-1021
117000030,211,339,-128
117000031,354,295,59
117000032,909,950,-41
117000033,1088,567,521
117000034,358,217,141
117000035,356,322,34
117000036,321,197,124
117000037,223,173,50
117000038,110,366,-256
117000039,253,157,96
117000040,202,301,-99
117000041,896,84,812
117000044,6,366,-360
117000045,459,59,400
117000046,275,691,-416
117000047,928,510,418
117000048,1030,472,558
117000049,41,317,-276
117000050,123,851,-728
117000051,1915,48,1867
117000052,42,202,-160
117000053,516,19,497
117000054,1459,5,1454
117000055,30,1141,-1111
117000056,464,11,453
117000057,267,1137,-870
117000060,297,685,-388
117000061,1455,794,661
117000062,150,404,-254
117000063,1371,899,472
117000064,419,503,-84
117000066,347,550,-203
117000067,45,508,-463
117000074,42,136,-94
117000076,30,35,-5
117000077,64,81,-17
117000078,58,367,-309
117000079,255,175,80
117000080,1,234,-233
117000081,737,120,617
117000082,15,37,-22
117000083,568,182,386
117000084,114,6,108
117000085,226,479,-253
117000086,506,202,304
117000087,61,326,-265
117000088,243,90,153
117000089,1549,159,1390
117000090,163,578,-415
117000091,738,176,562
117000092,308,564,-256
117000093,1159,502,657
117000094,747,1255,-508
117000095,2870,538,2332
117000096,487,1221,-734
117000097,1379,641,738
117000098,1241,1827,-586
117000099,3266,806,2460
117000100,144,197,-53
117000101,72,516,-444
117000102,1657,497,1160
117000103,440,783,-343
117000104,1273,448,825
117000105,512,756,-244
117000106,1274,528,746
117000107,350,861,-511
117000108,1743,736,1007
117000109,777,1225,-448
117000110,1431,1010,421
117000111,2628,2744,-116
117000112,2612,991,1621
117000113,78,85,-7
117000114,169,92,77
117000115,64,48,16
117000116,132,120,12
117000117,867,703,164
117000118,202,136,66
117000119,101,326,-225
117000120,70,755,-685
117000121,11,635,-624
117000122,344,637,-293
117000123,1407,41,1366
117000124,87,154,-67
117000125,116,516,-400
117000126,71,19,52
117000127,84,246,-162
117000128,100,665,-565
117000129,232,1048,-816
117000130,97,1,96
117000131,2,86,-84
117000132,2036,37,1999
117000133,1772,28,1744
117000134,1,106,-105
117000135,4,111,-107
117000136,0,25,-25
117000137,169,117,52
117000138,4,436,-432
117000140,324,775,-451
117000141,1573,300,1273
117000181,185,103,82
117000182,750,595,155
117000195,66,329,-263
117000196,235,151,84
117000225,73,82,-9
117000226,0,154,-154
117000276,306,18,288
117000277,0,118,-118
117000310,822,1459,-637
117000315,103,307,-204
117000320,48,0,48
117000906,400,15,385
117000907,11,131,-120
117000909,35,39,-4
117000910,183,123,60
117000911,65,74,-9
117000915,1,175,-174
117000916,56,3,53
117000917,1008,30,978
117000918,57,32,25
117000919,2,30,-28
117000920,3,498,-495
117000921,0,497,-497
117000922,12,39,-27
117000924,350,529,-179
117000926,401,216,185
117000927,256,472,-216
117000928,0,84,-84
117000929,256,135,121
117000930,254,12,242
117000931,67,87,-20
117900002,42,247,-205
117900003,185,212,-27
117900005,1,116,-115
117900006,0,29,-29
117900007,77,41,36
117900008,0,11,-11
117900010,291,56,235
117900011,9,269,-260
117900012,41,55,-14
117900013,1,79,-78
117900014,517,110,407
117900015,9,45,-36
117900016,563,606,-43
117900017,669,344,325
117900018,127,363,-236
117900019,457,168,289
117900020,36,318,-282
117900021,29,35,-6
117900023,1089,60,1029
117900024,33,44,-11
117900025,20,2,18
117900026,358,138,220
117900028,53,7,46
117900029,187,249,-62
117900031,63,234,-171
117900032,807,485,322
117900033,259,271,-12
117900034,55,12,43
117900035,237,71,166
117900036,193,141,52
117900037,141,37,104
117900038,29,78,-49
117900039,0,18,-18
117900040,99,113,-14
117900041,0,17,-17
117900042,1747,158,1589
117900043,12,26,-14
117900044,39,3056,-3017
117900045,111,102,9
117900048,349,98,251
117900049,222,270,-48
117900050,2,178,-176
117900051,20,1,19
117900052,47,240,-193
117900053,1380,210,1170
117900054,0,11,-11
117900055,530,134,396
117900056,21,90,-69
117900057,536,716,-180
117900058,17,55,-38
117900059,100,52,48
117900060,1729,1669,60
117900061,30,186,-156
117900063,347,105,242
117900065,234,505,-271
117900066,1,52,-51
117900067,546,98,448
117900069,726,149,577
117900070,66,82,-16
117900071,65,53,12
117900073,480,168,312
117900074,46,211,-165
117900075,51,48,3
117900076,27,51,-24
117900077,328,107,221
117900078,223,617,-394
117900080,108,35,73
117900081,180,183,-3
117900082,386,226,160
117900083,420,226,194
117900086,90,22,68
117900087,100,13,87
117900088,1297,968,329
117900089,1834,535,1299
117900090,427,241,186
117900091,94,41,53
117900092,45,28,17
117900093,83,30,53
117900094,23,23,0
117900095,328,713,-385
117900096,99,108,-9
117900097,168,16,152
117900098,31,14,17
117900099,146,254,-108
117900100,272,3,269
117900101,408,1556,-1148
117900102,84,23,61
117900103,50,2,48
117900104,5,568,-563
117900105,52,91,-39
117900106,69,11,58
117900107,42,0,42
117900109,587,189,398
117900110,97,2,95
117900111,303,15,288
117900112,47,7,40
117900113,920,958,-38
117900114,23,0,23
117900115,62,148,-86
117900116,503,482,21
117900117,503,98,405
117900118,93,1,92
117900119,209,39,170
117900120,228,17,211
117900121,58,34,24
117900122,668,2991,-2323
117900123,488,201,287
117900124,329,268,61
117900125,1000,1275,-275
117900126,113,255,-142
117900127,330,140,190
117900128,259,221,38
117900129,55,0,55
117900130,460,208,252
117900131,1,45,-44
117900132,26,37,-11
117900133,6,35,-29
117900134,30,113,-83
117900135,22,61,-39
117900136,0,16,-16
117900137,12,80,-68
117900138,0,15,-15
117900139,116,44,72
117900140,3221,80,3141
117900141,100,120,-20
117900142,28,134,-106
117900144,23,412,-389
117900145,12,102,-90
117900146,100,125,-25
117900147,47,38,9
117900148,1519,1474,45
117900149,109,86,23
117900150,22,19,3
117900151,26,52,-26
117900152,64,44,20
117900153,4,45,-41
117900154,367,375,-8
117900156,422,396,26
117900157,54,345,-291
117900158,191,58,133
117900160,535,575,-40
117900161,967,934,33
117900162,434,305,129
117900163,11,318,-307
117900165,0,8,-8
117900166,62,388,-326
117900168,149,59,90
117900169,0,92,-92
117900170,0,11,-11
117900171,2,11,-9
117900172,13,7,6
117900173,67,85,-18
117900174,21,39,-18
117900175,4,9,-5
117900176,11,5,6
117900177,17,23,-6
117900178,46,22,24
117900180,109,18,91
117900181,45,297,-252
117900182,0,20,-20
117900183,76,112,-36
117900184,16,16,0
117900185,42,42,0
117900186,25,4,21
117900187,15,4,11
117900188,93,29,64
117900189,18,18,0
117900190,5,0,5
117900191,36,0,36
117900192,52,1,51
117900193,1,29,-28
117900194,7,7,0
117900195,6,53,-47
117900196,12,9,3
117900207,76,61,15
117900208,12,6,6
117900209,139,94,45
117900210,65,102,-37
117900211,2,61,-59
117900212,69,59,10
117900213,19,3,16
117900214,11,13,-2
117900215,53,45,8
117900216,52,35,17
117900217,21,182,-161
117900218,52,95,-43
117900219,4,136,-132
117900220,41,147,-106
117900222,110,129,-19
117900223,84,222,-138
118000001,420,1110,-690
118000002,341,926,-585
118000003,1597,2763,-1166
118000004,1357,1937,-580
118000005,1622,2754,-1132
118000006,1646,4137,-2491
118000007,2507,2740,-233
118000008,756,1921,-1165
118000009,1117,1954,-837
118000010,4158,2410,1748
118000011,1232,852,380
118000012,670,741,-71
118000013,1287,1145,142
118000014,1165,876,289
118000016,174,149,25
118000017,452,195,257
118000018,308,166,142
118000019,1058,1350,-292
118000020,566,1918,-1352
118000021,379,1845,-1466
118000022,657,448,209
118000023,423,235,188
118000024,386,679,-293
118000027,5208,6362,-1154
118000029,313,485,-172
118000032,246,2310,-2064
118000033,1642,3903,-2261
118000034,2312,1988,324
118000035,1442,2078,-636
118000036,504,948,-444
118000037,544,698,-154
118000038,143,65,78
118000039,60,53,7
118000040,1160,780,380
118000041,1722,786,936
118000045,225,111,114
118000046,434,552,-118
118000047,291,991,-700
118000048,605,1324,-719
118000051,673,1654,-981
118000052,421,667,-246
118000053,110,179,-69
118000054,1039,265,774
118000055,849,679,170
118000056,62,234,-172
118000057,91,202,-111
118000058,1277,1876,-599
118000059,1004,1336,-332
118000060,839,345,494
118000061,669,619,50
118000062,288,168,120
118000063,267,568,-301
118000064,348,885,-537
118000065,1051,933,118
118000066,779,1745,-966
118000067,352,438,-86
118000068,535,4102,-3567
118000069,866,695,171
118000070,2583,1180,1403
118000071,1353,4520,-3167
118000072,415,1346,-931
118000073,369,530,-161
118000074,329,263,66
118000075,325,174,151
118000076,822,2424,-1602
118000077,799,1041,-242
118000078,1151,1809,-658
118000079,131,292,-161
118000080,563,764,-201
118000081,1187,1342,-155
118000082,214,846,-632
118000083,823,1341,-518
118000084,1653,1200,453
118000086,141,345,-204
118000087,1996,1335,661
118000088,804,1011,-207
118000089,2155,1746,409
118000090,713,1818,-1105
118000091,589,1865,-1276
118000092,575,399,176
118000093,46,499,-453
118000096,404,459,-55
118000097,465,550,-85
118000098,158,94,64
118000099,619,328,291
118000101,949,274,675
118000102,430,435,-5
118000107,963,264,699
118000108,342,2077,-1735
118000110,2,35,-33
118000111,2,91,-89
118000112,580,2,578
118000113,2,180,-178
118000114,414,7,407
118000115,1,4,-3
118000116,8,0,8
118000117,574,459,115
118000118,561,1115,-554
118000119,573,933,-360
118000120,889,684,205
118000121,42,666,-624
118000122,586,329,257
118000123,41,171,-130
118000125,821,614,207
118000126,326,1202,-876
118000127,862,538,324
118000128,260,860,-600
118000129,639,330,309
118000130,1053,1441,-388
118000131,179,273,-94
118000132,1965,1445,520
118000133,980,334,646
118000135,334,445,-111
118000136,111,378,-267
118000137,317,50,267
118000138,267,250,17
118000139,379,52,327
118000140,2011,4026,-2015
118000141,1158,1015,143
118000142,1475,920,555
118000143,1828,982,846
118000144,665,374,291
118000145,1264,730,534
118000146,970,341,629
118000147,723,772,-49
118000148,602,670,-68
118000149,929,440,489
118000150,314,206,108
118000151,417,267,150
118000153,1035,717,318
118000154,1489,1211,278
118000155,1399,892,507
118000156,1252,1700,-448
118000157,384,209,175
118000158,225,308,-83
118000159,11,58,-47
118000160,362,276,86
118000161,384,271,113
118000162,1177,721,456
118000163,541,560,-19
118000164,1328,982,346
118000168,253,278,-25
118000169,656,543,113
118000170,1834,1601,233
118000171,257,213,44
118000172,86,115,-29
118000173,820,814,6
118000175,203,382,-179
118000176,177,443,-266
118000177,173,497,-324
118000178,29,33,-4
118000179,686,1007,-321
118000180,475,521,-46
118000181,494,198,296
118000182,243,209,34
118000183,208,208,0
118000184,756,415,341
118000185,596,1030,-434
118000186,542,878,-336
118000187,1368,341,1027
118000188,399,52,347
118000189,551,187,364
118000190,0,9,-9
118000191,20,2,18
118000192,15,58,-43
118000193,23,128,-105
118000194,691,470,221
118000195,148,1196,-1048
118000196,77,271,-194
118000197,136,144,-8
118000198,252,543,-291
118000199,229,909,-680
118000200,58,171,-113
118000201,172,446,-274
118000202,27,66,-39
118000203,244,557,-313
118000204,42,299,-257
118000205,63,197,-134
118000206,127,158,-31
118000207,0,27,-27
118000208,1025,753,272
118000209,1705,881,824
118000210,62,30,32
118000211,17,26,-9
118000213,340,1478,-1138
118000214,201,414,-213
118000215,135,38,97
118000216,1722,647,1075
118000217,12,49,-37
118000218,83,21,62
118000219,171,135,36
118000220,3,20,-17
118000221,210,226,-16
118000222,28,3,25
118000223,27,20,7
118000224,46,35,11
118000225,52,504,-452
118000226,548,144,404
118000227,418,254,164
118000228,30,147,-117
118000229,23,102,-79
118000230,77,130,-53
118000231,31,181,-150
118000232,584,270,314
118000233,858,418,440
118000234,358,67,291
118000236,167,147,20
118000237,71,135,-64
118000238,160,73,87
118000239,258,151,107
118000240,161,59,102
118000241,185,50,135
118000242,281,152,129
118000243,185,102,83
118000244,45,44,1
118000246,4,30,-26
118000255,72,214,-142
118000256,184,154,30
118000259,8,44,-36
118000260,159,54,105
118000261,33,7,26
118000263,37,75,-38
118000266,107,120,-13
118000267,0,124,-124
118000268,143,2,141
118000270,64,4,60
118000271,202,90,112
118000272,54,7,47
118000273,118,44,74
118000274,42,118,-76
118000276,363,150,213
118000295,12,67,-55
118000298,94,123,-29
118000299,47,77,-30
118000301,0,84,-84
118000302,73,23,50
118000311,570,36,534
118000312,192,77,115
118000313,25,55,-30
118000314,78,11,67
118000315,13,11,2
118000316,596,268,328
118000325,42,10,32
118000326,17,14,3
118000331,20,9,11
118000332,12,11,1
118000333,21,26,-5
118000335,326,0,326
118000336,0,121,-121
118000407,131,26,105
118000457,7,47,-40
118000465,618,2158,-1540
118000480,51,39,12
118000489,5,241,-236
118000490,7,69,-62
118000492,218,128,90
118000510,21,16,5
118000514,55,225,-170
118000515,383,593,-210
118000517,188,141,47
118000524,119,175,-56
118000525,296,416,-120
118000530,12,63,-51
118000531,286,163,123
118000532,248,141,107
118000533,204,98,106
118000534,405,178,227
118000535,217,103,114
118000536,71,519,-448
118000537,15,89,-74
118000538,28,64,-36
118000539,7,50,-43
118000540,116,66,50
118000541,83,31,52
118000542,91,134,-43
118000543,86,171,-85
118000546,33,17,16
118000553,0,1,-1
118000557,0,0,0
118000560,655,1329,-674
118000562,23,70,-47
118000563,826,685,141
118000576,245,107,138
118000577,166,138,28
118000578,125,54,71
118000579,425,1035,-610
118000583,0,0,0
118000595,183,77,106
118000596,0,155,-155
118000597,115,129,-14
118000598,1,1,0
118000599,65,34,31
118000600,2,6,-4
118000601,9,0,9
118000602,3,4,-1
118000603,0,13,-13
118000605,50,62,-12
118000606,9,32,-23
118900001,260,681,-421
118900002,510,579,-69
118900003,154,3,151
118900004,82,19,63
118900005,57,8,49
118900006,91,0,91
118900007,2,1,1
118900008,740,43,697
118900009,42,26,16
118900010,32,4,28
118900011,84,9,75
118900012,237,117,120
118900013,355,133,222
118900015,97,18,79
118900016,7,1,6
118900017,109,289,-180
118900018,545,23,522
118900019,8,9,-1
118900020,55,141,-86
118900021,93,245,-152
118900022,111,52,59
118900023,59,40,19
118900024,58,68,-10
118900025,44,11,33
118900026,32,27,5
118900027,272,73,199
118900028,141,62,79
118900029,184,232,-48
118900030,355,24,331
118900031,127,32,95
118900032,249,85,164
118900033,190,369,-179
118900034,91,12,79
118900035,81,83,-2
118900036,898,309,589
118900037,173,263,-90
118900038,285,64,221
118900039,378,85,293
118900040,164,99,65
118900041,474,137,337
118900042,141,41,100
118900045,196,90,106
118900046,447,317,130
118900047,210,183,27
118900048,72,201,-129
118900049,37,27,10
118900050,18,2,16
118900051,31,83,-52
118900052,157,246,-89
118900053,7,62,-55
118900054,144,22,122
118900055,82,39,43
118900056,25,184,-159
118900057,527,306,221
118900058,260,164,96
118900059,20,33,-13
118900060,42,67,-25
118900062,221,105,116
118900064,140,414,-274
118900065,31,63,-32
118900066,48,34,14
118900067,1738,2477,-739
118900068,6,130,-124
118900069,393,116,277
118900071,6,21,-15
118900072,263,178,85
118900073,155,75,80
118900074,98,28,70
118900075,66,24,42
118900076,122,75,47
118900077,187,104,83
118900078,8,3,5
118900079,31,56,-25
118900080,5,46,-41
118900081,48,20,28
118900082,907,122,785
118900083,5,0,5
118900084,6,6,0
118900085,449,339,110
118900086,17,59,-42
118900087,57,271,-214
118900088,0,3,-3
118900089,11,3,8
118900090,440,134,306
118900091,83,122,-39
118900092,86,22,64
118900093,56,7,49
118900096,50,86,-36
118900097,239,231,8
118900099,69,115,-46
118900100,57,102,-45
118900101,37,75,-38
118900102,21,49,-28
118900103,11,57,-46
118900104,122,38,84
118900105,92,27,65
118900107,41,38,3
118900108,45,25,20
118900110,547,489,58
118900111,414,215,199
118900112,61,118,-57
118900113,195,180,15
118900114,14,48,-34
118900115,46,185,-139
118900116,79,178,-99
118900117,126,163,-37
118900118,251,178,73
118900119,186,109,77
118900120,64,226,-162
118900121,7,41,-34
118900122,9,653,-644
118900123,95,135,-40
118900124,81,103,-22
118900126,5,266,-261
118900129,190,130,60
118900130,47,128,-81
118900131,220,114,106
118900132,147,110,37
118900133,13,59,-46
118900135,129,112,17
118900136,207,201,6
118900137,6,37,-31
118900139,178,73,105
118900140,423,319,104
118900141,36,33,3
118900144,121,172,-51
118900145,22,38,-16
118900146,288,350,-62
118900147,110,188,-78
118900148,53,30,23
118900150,288,427,-139
118900152,394,281,113
118900157,28,76,-48
118900158,89,34,55
118900159,7,82,-75
118900161,40,11,29
118900163,23,33,-10
118900164,0,51,-51
118900165,19,37,-18
118900166,30,1,29
118900167,32,31,1
118900168,25,109,-84
118900169,77,75,2
118900170,69,20,49
118900171,16,33,-17
118900174,30,19,11
118900175,354,274,80
118900176,115,145,-30
118900177,55,21,34
118900178,42,59,-17
118900179,39,2,37
118900181,53,36,17
118900182,18,14,4
118900183,15,42,-27
118900184,124,42,82
118900185,164,33,131
118900186,62,103,-41
118900187,105,234,-129
118900188,169,166,3
118900189,43,648,-605
118900190,9,104,-95
118900191,158,17,141
118900192,169,22,147
118900193,497,3,494
118900195,134,222,-88
118900196,25,77,-52
118900197,179,14,165
118900198,44,10,34
118900199,61,13,48
118900200,21,25,-4
118900201,31,26,5
118900202,5,10,-5
118900203,11,0,11
118900204,2,5,-3
118900205,0,4,-4
118900206,2,4,-2
119000001,1004,1754,-750
119000002,2687,2546,141
119000003,2099,542,1557
119000004,1371,877,494
119000005,1203,1354,-151
119000006,2362,1035,1327
119000007,2024,2126,-102
119000008,1284,830,454
119000009,2122,3581,-1459
119000010,2833,2452,381
119000011,1521,1582,-61
119000012,730,1688,-958
119000013,1902,1194,708
119000014,897,1260,-363
119000019,151,104,47
119000020,1508,914,594
119000021,3508,1993,1515
119000022,704,1749,-1045
119000023,243,155,88
119000024,917,8789,-7872
119000025,2073,520,1553
119000026,21,221,-200
119000027,92,173,-81
119000028,923,312,611
119000029,47,143,-96
119000030,388,361,27
119000031,584,313,271
119000032,1105,1181,-76
119000033,961,560,401
119000034,740,409,331
119000035,30,149,-119
119000036,1555,536,1019
119000037,919,609,310
119000038,117,316,-199
119000039,992,222,770
119000040,451,331,120
119000041,366,800,-434
119000048,1496,1233,263
119000049,1597,818,779
119000050,835,835,0
119000051,1414,677,737
119000052,1471,1714,-243
119000053,1154,750,404
119000054,2453,1357,1096
119000055,3742,1792,1950
119000056,2267,1205,1062
119000057,1133,859,274
119000058,1238,768,470
119000059,852,741,111
119000060,1019,605,414
119000061,812,455,357
119000062,700,785,-85
119000063,538,249,289
119000064,527,566,-39
119000065,1154,1970,-816
119000066,1325,867,458
119000067,1340,999,341
119000068,1163,650,513
119000069,1316,1120,196
119000070,1812,487,1325
119000071,303,323,-20
119000072,2739,1714,1025
119000073,2186,4761,-2575
119000074,958,982,-24
119000075,2359,1132,1227
119000076,185,783,-598
119000077,276,347,-71
119000078,422,281,141
119000079,146,428,-282
119000080,525,82,443
119000081,141,195,-54
119000082,622,148,474
119000083,524,345,179
119000084,245,197,48
119000085,333,177,156
119000086,372,493,-121
119000087,728,359,369
119000088,221,145,76
119000089,122,365,-243
119000090,99,92,7
119000091,128,355,-227
119000092,263,190,73
119000093,2483,1466,1017
119000094,2734,3131,-397
119000095,1483,1785,-302
119000097,1239,616,623
119000098,826,2094,-1268
119000099,1741,732,1009
119000100,2930,2178,752
119000101,2342,904,1438
119000102,472,1092,-620
119000103,921,372,549
119000104,1024,551,473
119000105,520,1684,-1164
119000106,303,390,-87
119000107,799,362,437
119000108,305,368,-63
119000109,106,437,-331
119000110,203,310,-107
119000111,40,545,-505
119000112,113,94,19
119000113,876,181,695
119000114,783,522,261
119000115,148,77,71
119000116,61,36,25
119000117,83,174,-91
119000118,8,0,8
119000123,2602,1979,623
119000124,708,102,606
119000125,3495,298,3197
119000126,1214,304,910
119000127,526,236,290
119000128,10,0,10
119000131,861,205,656
119000132,0,1,-1
119000133,0,1,-1
119000134,858,302,556
119000135,180,103,77
119000136,253,91,162
119000137,252,127,125
119000138,537,87,450
119000139,168,68,100
119000140,238,242,-4
119000284,579,1265,-686
119000285,1018,988,30
119000286,2609,2306,303
119000287,953,1036,-83
119000288,1309,467,842
119000289,991,1194,-203
119000290,161,177,-16
119000291,47,139,-92
119000293,461,127,334
119000294,34,22,12
119000295,694,155,539
119000296,290,173,117
119000302,1011,739,272
119000303,24,169,-145
119000314,813,8094,-7281
119000315,0,91,-91
119000316,156,47,109
119000317,113,88,25
119000319,768,81,687
119900001,127,1100,-973
119900002,97,84,13
119900003,17,380,-363
119900004,102,1031,-929
119900005,137,51,86
119900006,139,311,-172
119900007,510,158,352
119900008,14,17,-3
119900009,334,284,50
119900010,337,411,-74
119900011,12,86,-74
119900012,7,69,-62
119900013,1418,1051,367
119900014,345,129,216
119900015,76,22,54
119900016,21,28,-7
119900017,41,39,2
119900018,914,749,165
119900019,26,1,25
119900020,78,136,-58
119900021,68,44,24
119900022,54,585,-531
119900023,201,1604,-1403
119900025,152,16,136
119900026,354,144,210
119900027,5,4,1
119900028,123,112,11
119900029,5,2,3
119900030,303,221,82
119900031,16,368,-352
119900033,1134,229,905
119900034,372,45,327
119900037,156,10,146
119900038,17,285,-268
119900039,23,6,17
119900040,90,7,83
119900041,125,11,114
119900042,47,143,-96
119900043,104,66,38
119900044,88,842,-754
119900046,110,11,99
119900047,357,88,269
119900049,108,6,102
119900050,37,114,-77
119900051,803,17,786
119900052,37,5,32
119900053,180,124,56
119900054,151,8,143
119900055,840,309,531
119900057,201,12,189
119900058,225,4,221
119900059,30,14,16
119900060,189,21,168
119900061,296,9,287
119900062,61,6,55
119900063,3,27,-24
119900065,135,11,124
119900067,49,5,44
119900068,433,5,428
119900069,73,7,66
119900070,785,5,780
119900071,434,21,413
119900073,913,329,584
119900074,6,2,4
119900075,1282,1488,-206
119900076,56,21,35
119900077,754,274,480
119900078,398,229,169
119900079,287,68,219
119900080,232,137,95
119900081,604,17,587
119900082,1050,74,976
119900083,212,57,155
119900084,244,169,75
119900085,18,22,-4
119900086,314,344,-30
119900087,362,196,166
119900088,12,23,-11
119900089,29,138,-109
119900090,46,23,23
119900091,74,198,-124
119900092,11,137,-126
119900093,583,55,528
119900094,8,88,-80
119900095,87,56,31
119900096,23,59,-36
119900097,173,140,33
119900098,20,14,6
119900099,19,74,-55
119900100,588,1883,-1295
119900101,72,865,-793
119900102,42,100,-58
119900103,26,85,-59
119900104,15,63,-48
119900105,331,1766,-1435
119900106,10,46,-36
119900107,91,889,-798
119900108,2279,382,1897
119900109,14,60,-46
119900110,474,250,224
119900111,207,153,54
119900112,509,415,94
119900113,20,94,-74
119900114,175,456,-281
119900115,228,334,-106
119900116,40,258,-218
119900117,263,243,20
119900118,59,246,-187
119900119,157,104,53
119900120,330,255,75
119900121,398,316,82
119900122,136,123,13
119900123,72,140,-68
119900124,168,252,-84
119900125,10,134,-124
119900126,1677,123,1554
119900127,702,515,187
119900128,290,264,26
119900129,185,162,23
119900130,4,96,-92
119900131,20,76,-56
119900132,19,111,-92
119900133,30,48,-18
119900134,466,87,379
119900135,0,116,-116
119900136,63,147,-84
119900138,151,227,-76
119900139,7,36,-29
119900140,1,63,-62
119900141,39,526,-487
119900142,1,11,-10
119900143,22,97,-75
119900144,740,106,634
119900145,73,58,15
119900146,79,70,9
119900147,2,80,-78
119900148,153,17,136
119900149,287,3014,-2727
119900150,74,57,17
119900151,755,322,433
119900152,102,99,3
119900153,127,26,101
119900154,41,169,-128
119900155,23,25,-2
119900156,11,3,8
119900157,100,95,5
119900158,153,34,119
119900159,14,362,-348
119900160,14,24,-10
119900161,60,43,17
119900162,654,499,155
119900163,24,81,-57
119900164,1,0,1
119900165,112,42,70
119900166,61,35,26
119900167,17,12,5
119900168,862,231,631
119900169,17,167,-150
119900170,75,134,-59
119900171,491,141,350
119900172,47,12,35
119900173,4,99,-95
119900174,14,45,-31
119900175,1110,271,839
119900177,11,92,-81
119900178,11,46,-35
119900179,78,419,-341
119900180,772,514,258
119900181,18,97,-79
119900182,48,82,-34
119900183,62,402,-340
119900184,511,169,342
119900185,50,158,-108
119900186,10,802,-792
119900187,1,105,-104
119900188,80,146,-66
119900189,172,202,-30
119900190,74,195,-121
119900191,92,212,-120
119900192,56,87,-31
119900193,319,73,246
119900194,11,57,-46
119900195,6,40,-34
119900196,232,120,112
119900197,153,105,48
119900198,125,91,34
119900199,67,16,51
119900200,501,380,121
119900201,130,109,21
119900202,35,166,-131
119900203,143,396,-253
119900204,216,141,75
119900205,703,211,492
119900206,153,69,84
119900208,66,128,-62
119900209,365,1079,-714
119900210,46,11,35
119900211,56,3,53
119900212,668,309,359
119900213,14,34,-20
119900214,28,20,8
119900215,33,23,10
119900216,27,14,13
119900217,2,8,-6
119900218,0,40,-40
119900219,24,55,-31
119900220,2,23,-21
119900221,42,62,-20
119900222,11,42,-31
119900223,5,18,-13
119900224,10,14,-4
119900225,213,26,187
119900226,130,956,-826
119900227,243,142,101
119900228,3,79,-76
119900229,148,168,-20
119900230,647,189,458
119900231,296,56,240
119900232,81,64,17
119900233,52,3,49
119900234,6,22,-16
119900235,4,10,-6
119900236,10,50,-40
119900237,17,143,-126
119900238,2,20,-18
119900240,84,34,50
119900241,130,64,66
119900242,486,657,-171
119900244,261,697,-436
119900245,84,86,-2
119900246,113,303,-190
119900247,20,93,-73
119900248,28,194,-166
119900249,157,59,98
119900253,685,254,431
119900254,58,681,-623
119900255,101,694,-593
119900256,614,221,393
119900257,74,4,70
119900258,143,4,139
119900259,11,26,-15
119900260,124,4,120
119900261,331,58,273
119900262,3,101,-98
119900263,892,244,648
119900264,71,61,10
119900265,353,162,191
119900266,310,100,210
119900267,142,187,-45
119900268,118,59,59
119900269,771,293,478
119900271,12,31,-19
119900272,191,263,-72
119900275,166,48,118
119900276,94,0,94
119900277,22,31,-9
119900278,80,37,43
119900279,26,118,-92
119900280,267,59,208
119900281,0,191,-191
119900282,24,85,-61
119900283,10,98,-88
119900284,37,91,-54
119900285,4,58,-54
119900286,0,16,-16
119900288,3,5,-2
119900289,0,3,-3
119900290,6,0,6
119900291,1,23,-22
119900292,22,64,-42
119900293,22,29,-7
119900294,16,32,-16
119900295,19,18,1
119900296,38,44,-6
119900297,1,5,-4
119900298,0,1,-1
119900299,18,63,-45
119900300,120,58,62
119900301,28,32,-4
119900302,14,23,-9
119900303,119,18,101
119900304,72,7,65
119900305,1,56,-55
119900306,18,2,16
119900307,24,26,-2
119900308,2,8,-6
119900309,23,98,-75
119900310,131,181,-50
119900311,90,41,49
119900312,88,28,60
119900313,161,115,46
119900314,147,241,-94
119900315,1680,646,1034
119900318,10,49,-39
119900319,3,87,-84
119900320,95,125,-30
119900321,56,5,51
120000001,3921,14535,-10614
120000002,1797,1393,404
120000003,1566,921,645
120000004,1722,904,818
120000005,1816,1018,798
120000006,845,779,66
120000007,1855,2560,-705
120000008,643,840,-197
120000009,1260,582,678
120000010,1508,1288,220
120000011,737,891,-154
120000012,1059,1100,-41
120000013,2372,1645,727
120000014,555,829,-274
120000015,1705,983,722
120000016,2861,1648,1213
120000017,2617,2001,616
120000018,2034,9702,-7668
120000019,949,1060,-111
120000020,1835,2632,-797
120000021,1268,1854,-586
120000022,1768,2862,-1094
120000023,941,1212,-271
120000024,768,1754,-986
120000025,1884,1269,615
120000026,2162,1165,997
120000027,1766,1423,343
120000028,567,2669,-2102
120000029,500,1137,-637
120000030,303,494,-191
120000031,1161,2733,-1572
120000032,3447,2253,1194
120000033,2943,1100,1843
120000034,1813,803,1010
120000035,1903,1111,792
120000036,2684,3844,-1160
120000037,474,1086,-612
120000038,2621,2263,358
120000039,555,661,-106
120000040,83,552,-469
120000041,384,794,-410
120000042,1242,917,325
120000043,2944,726,2218
120000044,4232,960,3272
120000045,5653,600,5053
120000046,3907,2100,1807
120000047,365,4228,-3863
120000048,4502,3076,1426
120000049,2663,2151,512
120000050,2682,2564,118
120000051,1666,2384,-718
120000052,4816,1229,3587
120000053,1308,1138,170
120000054,1114,1946,-832
120000055,1220,2500,-1280
120000056,3042,2079,963
120000057,2975,1455,1520
120000058,931,1923,-992
120000059,6,1031,-1025
120000061,70,238,-168
120000062,77,203,-126
120000063,622,1347,-725
120000064,160,531,-371
120000065,374,695,-321
120000066,113,269,-156
120000067,19,255,-236
120000068,201,306,-105
120000069,432,257,175
120000070,43,315,-272
120000071,545,70,475
120000072,827,300,527
120000073,747,66,681
120000074,78,109,-31
120000075,564,236,328
120000076,1859,321,1538
120000077,1415,581,834
120000078,1933,961,972
120000079,622,252,370
120000080,313,205,108
120000081,281,126,155
120000082,404,306,98
120000083,153,717,-564
120000084,276,224,52
120000085,187,228,-41
120000086,246,297,-51
120000087,231,259,-28
120000088,573,607,-34
120000089,877,367,510
120000090,611,299,312
120000091,778,535,243
120000092,995,401,594
120000093,416,347,69
120000094,167,612,-445
120000095,641,247,394
120000096,213,352,-139
120000098,685,374,311
120000099,291,409,-118
120000100,561,391,170
120000101,514,264,250
120000102,490,766,-276
120000103,1214,833,381
120000104,1587,424,1163
120000105,2713,518,2195
120000106,2211,555,1656
120000107,3839,418,3421
120000108,1323,96,1227
120000109,1057,57,1000
120000110,62,497,-435
120000111,69,475,-406
120000112,547,1154,-607
120000113,472,1003,-531
120000114,595,1289,-694
120000115,251,1072,-821
120000116,455,1071,-616
120000117,584,862,-278
120000118,51,36,15
120000119,17,40,-23
120000120,57,98,-41
120000121,15,45,-30
120000122,186,427,-241
120000123,1881,5161,-3280
120000124,362,217,145
120000125,576,325,251
120000126,200,990,-790
120000127,983,1462,-479
120000128,1738,3516,-1778
120000129,179,189,-10
120000130,655,299,356
120000131,265,407,-142
120000134,211,294,-83
120000135,620,350,270
120000137,160,297,-137
120000138,1086,144,942
120000139,164,170,-6
120000140,950,188,762
120000141,225,138,87
120000142,576,275,301
120000143,1,43,-42
120000144,124,3,121
120000145,401,0,401
120000146,669,725,-56
120000149,417,554,-137
120000150,1310,7912,-6602
120000151,313,299,14
120000152,456,106,350
120000153,227,282,-55
120000154,418,375,43
120000155,115,228,-113
120000156,451,928,-477
120000157,676,397,279
120000158,764,448,316
120000159,1544,1431,113
120000160,1872,1181,691
120000161,2052,1540,512
120000162,79,274,-195
120000163,641,476,165
120000164,541,186,355
120000165,563,253,310
120000166,1079,196,883
120000167,177,176,1
120000168,10,573,-563
120000169,43,1722,-1679
120000170,19,2033,-2014
120000171,12,703,-691
120000172,16,698,-682
120000173,366,2401,-2035
120000174,35,52,-17
120000175,44,88,-44
120000176,31,55,-24
120000177,429,77,352
120000178,12,8,4
120000179,47,46,1
120000180,64,36,28
120000181,25,773,-748
120000182,14,668,-654
120000183,3,170,-167
120000184,239,667,-428
120000186,18,1448,-1430
120000187,17,752,-735
120000188,30,659,-629
120000190,122,62,60
120000191,123,121,2
120000192,175,55,120
120000193,43,5,38
120000195,14,2,12
120000196,44,10,34
120000197,11,17,-6
120000198,174,18,156
120000199,73,2,71
120000200,236,4,232
120000201,16,33,-17
120000202,6,20,-14
120000203,53,108,-55
120000207,0,29,-29
120000208,31,64,-33
120000209,9,29,-20
120000210,63,52,11
120000211,163,4,159
120000212,221,0,221
120000213,120,64,56
120000214,1,65,-64
120000215,0,53,-53
120000216,81,13,68
120000217,396,786,-390
120000218,47,410,-363
120000219,1,232,-231
120000220,1,558,-557
120000225,1587,1,1586
120000226,303,6,297
120000227,681,48,633
120000228,9874,2952,6922
120000230,439,16,423
120000231,1423,780,643
120000233,242,9,233
120000235,247,295,-48
120000236,779,0,779
120000237,0,448,-448
120000238,5,1531,-1526
120000241,805,2579,-1774
120000412,71,3,68
120000413,208,53,155
120000414,114,1,113
120000415,6,21,-15
120000416,61,2,59
120000417,4,20,-16
120000418,153,5,148
120000419,3,34,-31
120000420,11,8,3
120000421,4347,2923,1424
120000422,63,1482,-1419
120000423,7,68,-61
120000424,119,62,57
120000436,137,676,-539
120000437,111,83,28
120000438,1311,172,1139
120000439,185,448,-263
120000443,177,0,177
120000444,1319,252,1067
120000445,1703,914,789
120000446,923,157,766
120000447,128,4,124
120000449,126,0,126
120000450,1,44,-43
120000451,79,110,-31
120000452,174,3,171
120000453,0,47,-47
120000454,40,43,-3
120000455,99,60,39
120000456,1579,2923,-1344
120000457,454,300,154
120000458,352,402,-50
120000459,80,35,45
120000665,245,189,56
120000668,100,1177,-1077
120000669,109,167,-58
120000670,65,1140,-1075
120000671,1344,472,872
120000672,68,390,-322
120900001,49,89,-40
120900002,70,242,-172
120900003,139,6,133
120900004,11,90,-79
120900005,17,521,-504
120900006,397,155,242
120900007,178,63,115
120900008,262,358,-96
120900009,329,15,314
120900010,434,113,321
120900011,50,185,-135
120900012,56,728,-672
120900013,257,100,157
120900014,5,173,-168
120900015,686,73,613
120900016,866,48,818
120900017,1025,27,998
120900018,104,151,-47
120900019,510,379,131
120900020,546,921,-375
120900021,634,162,472
120900022,17,230,-213
120900023,318,29,289
120900024,959,362,597
120900025,831,710,121
120900026,80,52,28
120900027,545,12,533
120900028,397,131,266
120900029,49,686,-637
120900030,1571,500,1071
120900031,231,114,117
120900032,1221,90,1131
120900033,858,122,736
120900034,10,2199,-2189
120900035,28,60,-32
120900037,289,11,278
120900038,85,415,-330
120900039,61,44,17
120900040,286,5,281
120900041,57,22,35
120900042,612,23,589
120900043,57,25,32
120900044,10,206,-196
120900045,111,32,79
120900046,596,1,595
120900047,163,106,57
120900048,99,30,69
120900049,411,1,410
120900050,810,1476,-666
120900051,311,56,255
120900052,649,1,648
120900053,268,13,255
120900054,722,268,454
120900055,433,1,432
120900056,693,23,670
120900057,145,10,135
120900058,551,1,550
120900059,97,1,96
120900060,38,13,25
120900061,117,88,29
120900062,234,0,234
120900063,940,7,933
120900064,579,1,578
120900065,573,0,573
120900066,209,83,126
120900067,121,46,75
120900068,332,0,332
120900069,311,10,301
120900071,13,0,13
120900072,1058,8,1050
120900073,671,26,645
120900074,489,10,479
120900076,318,1,317
120900077,922,64,858
120900078,853,427,426
120900079,639,45,594
120900080,999,499,500
120900081,1303,125,1178
120900082,190,248,-58
120900083,92,0,92
120900084,356,517,-161
120900085,30,115,-85
120900086,52,309,-257
120900087,281,338,-57
120900088,138,455,-317
120900089,1214,2790,-1576
120900090,196,8,188
120900091,367,849,-482
120900092,430,206,224
120900093,781,117,664
120900094,204,90,114
120900095,189,11,178
120900096,33,82,-49
120900097,464,285,179
120900098,114,70,44
120900099,72,41,31
120900100,21,118,-97
120900101,225,85,140
120900102,52,39,13
120900103,29,137,-108
120900104,12,26,-14
120900105,43,162,-119
120900106,562,190,372
120900107,117,86,31
120900108,9,158,-149
120900109,12,178,-166
120900110,5,159,-154
120900111,91,157,-66
120900112,17,308,-291
120900113,22,254,-232
120900114,25,96,-71
120900115,89,223,-134
120900116,311,99,212
120900117,8,120,-112
120900118,10,216,-206
120900119,5950,1769,4181
120900120,59,250,-191
120900121,53,263,-210
120900122,456,112,344
120900123,14,119,-105
120900124,3,170,-167
120900125,5,245,-240
120900126,872,537,335
120900127,7,161,-154
120900128,534,798,-264
120900129,28,139,-111
120900130,0,97,-97
120900131,181,76,105
120900132,1028,110,918
120900133,64,326,-262
120900134,328,240,88
120900135,3,211,-208
120900136,42,21,21
120900137,210,42,168
120900138,8,102,-94
120900139,2,233,-231
120900140,9,73,-64
120900141,86,109,-23
120900142,7,129,-122
120900143,0,256,-256
120900144,1,58,-57
120900145,68,351,-283
120900146,2,270,-268
120900147,39,279,-240
120900148,59,93,-34
120900149,0,107,-107
120900150,38,240,-202
120900151,93,232,-139
120900152,338,20,318
120900153,6,1,5
120900154,4,88,-84
120900155,167,327,-160
120900156,285,147,138
120900157,2,4,-2
120900158,46,150,-104
120900159,2,41,-39
120900160,25,292,-267
120900161,52,171,-119
120900162,124,342,-218
120900163,266,683,-417
120900164,1,125,-124
120900165,5,768,-763
120900166,37,414,-377
120900167,111,51,60
120900169,64,107,-43
120900170,253,2600,-2347
120900171,281,126,155
120900172,245,1462,-1217
120900173,10,22,-12
120900174,6,39,-33
120900175,110,71,39
120900176,7,262,-255
120900177,3,977,-974
120900178,5,262,-257
120900179,322,235,87
120900180,41,156,-115
120900181,25,36,-11
120900182,18,108,-90
120900183,539,26,513
120900184,185,48,137
120900185,573,888,-315
120900186,0,191,-191
120900187,268,625,-357
120900188,177,4,173
120900189,66,1995,-1929
120900190,96,2,94
120900191,35,10,25
120900192,3842,7845,-4003
120900194,40,37,3
120900195,69,136,-67
120900196,306,18,288
120900197,612,131,481
120900198,141,289,-148
120900199,271,314,-43
120900200,29,63,-34
120900201,215,59,156
120900202,0,57,-57
120900203,17,54,-37
120900204,57,153,-96
120900205,25,14,11
120900206,19,26,-7
120900207,43,467,-424
121000001,272,671,-399
121000002,1234,1031,203
121000003,1983,1031,952
121000004,1455,2021,-566
121000005,1080,1683,-603
121000006,1781,1727,54
121000007,1401,3390,-1989
121000008,2645,3037,-392
121000009,2295,4251,-1956
121000010,3681,3789,-108
121000011,1982,5604,-3622
121000012,6226,4049,2177
121000013,3469,4403,-934
121000014,4571,3795,776
121000015,2819,5681,-2862
121000016,2730,2647,83
121000017,848,1175,-327
121000018,1010,802,208
121000019,5045,4353,692
121000020,5484,9541,-4057
121000021,1609,2318,-709
121000022,1428,1905,-477
121000023,1815,1072,743
121000024,2806,3036,-230
121000025,138,739,-601
121000026,193,112,81
121000027,972,806,166
121000028,564,358,206
121000029,469,307,162
121000030,302,215,87
121000031,384,523,-139
121000032,127,106,21
121000034,185,232,-47
121000035,128,138,-10
121000036,475,515,-40
121000037,276,474,-198
121000038,232,542,-310
121000039,83,236,-153
121000041,438,274,164
121000042,141,247,-106
121000043,240,266,-26
121000044,561,544,17
121000045,479,334,145
121000046,627,714,-87
121000047,259,210,49
121000049,605,421,184
121000050,137,1071,-934
121000051,557,266,291
121000052,354,785,-431
121000053,236,66,170
121000054,30,266,-236
121000055,586,1211,-625
121000056,437,716,-279
121000057,76,145,-69
121000058,252,251,1
121000059,1841,853,988
121000060,335,765,-430
121000061,46,290,-244
121000062,119,300,-181
121000063,365,680,-315
121000064,382,563,-181
121000065,142,381,-239
121000066,441,699,-258
121000067,224,444,-220
121000068,363,284,79
121000069,96,564,-468
121000070,812,793,19
121000071,1053,1085,-32
121000072,570,482,88
121000073,598,815,-217
121000074,26,147,-121
121000075,5,140,-135
121000076,249,193,56
121000077,69,132,-63
121000078,50,99,-49
121000080,1068,375,693
121000081,1645,2320,-675
121000082,0,0,0
121000083,130,232,-102
121000084,390,341,49
121000085,295,631,-336
121000086,373,482,-109
121000087,53,149,-96
121000088,346,319,27
121000089,144,243,-99
121000090,158,295,-137
121000091,695,518,177
121000092,118,51,67
121000093,136,156,-20
121000094,177,412,-235
121000095,197,457,-260
121000096,2522,1530,992
121000097,306,1451,-1145
121000098,299,303,-4
121000099,472,359,113
121000100,425,101,324
121000101,228,146,82
121000102,224,131,93
121000103,145,93,52
121000104,188,40,148
121000105,272,75,197
121000106,230,177,53
121000107,1465,2279,-814
121000109,604,576,28
121000110,98,591,-493
121000114,2978,1858,1120
121000115,1332,640,692
121000116,196,634,-438
121000117,207,295,-88
121000118,1059,128,931
121000119,160,210,-50
121000120,158,302,-144
121000121,232,1021,-789
121000123,686,620,66
121000127,77,71,6
121000128,922,168,754
121000129,729,206,523
121000130,473,306,167
121000131,772,998,-226
121000132,1028,1084,-56
121000135,135,201,-66
121000136,698,773,-75
121000137,326,211,115
121000138,508,1041,-533
121000139,362,509,-147
121000141,179,117,62
121000142,1059,1216,-157
121000143,66,19,47
121000144,293,772,-479
121000145,388,649,-261
121000146,888,912,-24
121000147,651,275,376
121000148,553,632,-79
121000149,1511,1185,326
121000152,260,269,-9
121000153,1019,316,703
121000154,937,345,592
121000155,1181,838,343
121000156,295,694,-399
121000157,400,575,-175
121000158,165,147,18
121000159,167,292,-125
121000160,349,410,-61
121000161,155,164,-9
121000162,92,51,41
121000165,494,1244,-750
121000166,10,240,-230
121000168,237,211,26
121000169,43,103,-60
121000170,269,52,217
121000171,87,112,-25
121000172,584,429,155
121000173,995,776,219
121000174,385,433,-48
121000175,898,305,593
121000176,246,244,2
121000177,462,345,117
121000178,41,28,13
121000179,40,35,5
121000181,299,273,26
121000182,92,189,-97
121000183,52,100,-48
121000184,15,92,-77
121000185,13,173,-160
121000186,153,381,-228
121000187,115,83,32
121000188,185,103,82
121000192,564,325,239
121000193,454,314,140
121000194,954,1182,-228
121000195,166,647,-481
121000196,425,177,248
121000197,96,548,-452
121000198,123,112,11
121000199,81,125,-44
121000200,405,73,332
121000201,2,99,-97
121000202,475,106,369
121000203,552,1118,-566
121000204,2005,503,1502
121000205,46,173,-127
121000206,76,42,34
121000207,1326,838,488
121000208,4,206,-202
121000209,204,37,167
121000210,519,194,325
121000211,187,67,120
121000212,348,269,79
121000213,8808,1884,6924
121000214,585,1192,-607
121000215,617,1035,-418
121000216,372,375,-3
121000217,2060,1730,330
121000218,287,1118,-831
121000219,1222,738,484
121000220,83,58,25
121000221,48,236,-188
121000222,1140,1500,-360
121000223,337,299,38
121000224,156,380,-224
121000225,548,1587,-1039
121000226,719,916,-197
121000227,16,154,-138
121000228,19,424,-405
121000229,238,380,-142
121000230,40,1301,-1261
121000231,974,16,958
121000232,301,227,74
121000233,360,285,75
121000234,12,32,-20
121000235,66,54,12
121000236,12,31,-19
121000237,15,8,7
121000238,1,64,-63
121000239,47,1,46
121000240,5,100,-95
121000241,68,8,60
121000242,51,374,-323
121000243,137,47,90
121000244,3,72,-69
121000245,18,17,1
121000246,1,102,-101
121000247,131,1,130
121000248,271,1141,-870
121000249,115,383,-268
121000250,317,194,123
121000251,22,134,-112
121000252,108,65,43
121000253,211,167,44
121000254,534,63,471
121000255,168,148,20
121000256,231,116,115
121000257,43,85,-42
121000258,51,66,-15
121000259,45,47,-2
121000260,37,43,-6
121000261,40,48,-8
121000262,869,224,645
121000263,402,333,69
121000271,512,1021,-509
121000273,12,9,3
121000274,11,59,-48
121000275,5,17,-12
121000276,2,29,-27
121000278,42,19,23
121000279,19,16,3
121000280,18,17,1
121000289,249,13,236
121000290,907,1027,-120
121000294,146,32,114
121000297,510,904,-394
121000299,53,499,-446
121000300,784,618,166
121000302,7,426,-419
121000303,340,137,203
121000304,282,42,240
121000305,144,93,51
121000306,127,143,-16
121000308,98,152,-54
121000309,249,355,-106
121000310,153,224,-71
121000311,28,249,-221
121000312,196,181,15
121000313,165,213,-48
121000314,212,161,51
121000315,81,104,-23
121000530,1322,1095,227
121000531,1176,1121,55
121000532,3745,5073,-1328
121000533,2257,2665,-408
121000919,29,72,-43
121000938,34,137,-103
121000939,18,110,-92
121000956,1233,1070,163
121000957,2,3,-1
121000958,12,24,-12
121000959,741,293,448
121000960,803,1399,-596
121000961,253,40,213
121000962,638,353,285
121000973,0,165,-165
121000976,7,71,-64
121000979,353,74,279
121000981,212,46,166
121000982,280,103,177
121000983,400,201,199
121000984,2,26,-24
121000985,686,193,493
121000986,297,62,235
121000987,164,373,-209
121000988,849,92,757
121001302,131,57,74
121001308,1,16,-15
121001309,8,346,-338
121001311,0,0,0
121001313,164,95,69
121001314,868,1113,-245
121001315,3848,2941,907
121001326,265,245,20
121001327,86,98,-12
121001328,70,21,49
121900001,92,140,-48
121900002,17,12,5
121900003,335,5,330
121900004,41,231,-190
121900005,11,7,4
121900006,60,18,42
121900007,1143,1050,93
121900008,43,135,-92
121900009,441,20,421
121900010,148,1,147
121900011,122,80,42
121900012,4,0,4
121900013,334,80,254
121900014,949,321,628
121900015,122,107,15
121900016,2,15,-13
121900017,391,346,45
121900018,325,4,321
121900019,395,108,287
121900020,14,1,13
121900021,600,8,592
121900022,190,187,3
121900023,116,129,-13
121900024,242,52,190
121900025,341,353,-12
121900026,170,26,144
121900027,191,85,106
121900028,129,10,119
121900029,49,99,-50
121900030,294,456,-162
121900031,689,4078,-3389
121900032,59,35,24
121900033,125,225,-100
121900034,145,84,61
121900035,1997,1547,450
121900036,69,358,-289
121900037,64,834,-770
121900038,19,41,-22
121900039,171,32,139
121900040,43,63,-20
121900041,68,204,-136
121900042,275,131,144
121900043,10,4,6
121900044,42,14,28
121900046,105,175,-70
121900047,113,52,61
121900048,23,22,1
121900050,19,42,-23
121900051,83,149,-66
121900052,94,33,61
121900053,271,195,76
121900054,148,662,-514
121900055,0,5,-5
121900058,213,74,139
121900059,221,132,89
121900060,51,240,-189
121900062,57,71,-14
121900063,1045,252,793
121900064,225,262,-37
121900066,36,5,31
121900067,16,13,3
121900069,96,57,39
121900070,88,128,-40
121900071,334,134,200
121900072,38,64,-26
121900073,137,283,-146
121900074,229,472,-243
121900075,245,444,-199
121900076,245,303,-58
121900078,40,18,22
121900079,0,0,0
121900080,480,184,296
121900082,34,68,-34
121900084,11,17,-6
121900086,8,24,-16
121900087,70,100,-30
121900088,642,1119,-477
121900089,171,126,45
121900090,24,27,-3
121900091,95,28,67
121900092,50,63,-13
121900093,51,56,-5
121900094,14,9,5
121900095,268,106,162
121900096,477,425,52
121900097,512,125,387
121900098,2,1,1
121900099,129,24,105
121900100,43,209,-166
121900101,80,94,-14
121900102,1,69,-68
121900103,208,178,30
121900104,1049,259,790
121900105,204,118,86
121900106,3,11,-8
121900107,31,6,25
121900108,0,7,-7
121900109,167,88,79
121900110,390,282,108
121900111,491,149,342
121900112,77,93,-16
121900113,29,305,-276
121900114,36,24,12
121900117,79,58,21
121900118,1217,565,652
121900119,61,31,30
121900120,45,555,-510
121900121,158,18,140
121900122,18,32,-14
121900123,144,236,-92
121900124,141,121,20
121900125,1140,650,490
121900127,8,71,-63
121900128,48,42,6
121900129,136,88,48
121900130,56,143,-87
121900131,170,78,92
121900132,32,63,-31
121900133,23,1197,-1174
121900134,12,193,-181
121900135,2683,287,2396
121900136,260,112,148
121900137,28,176,-148
121900138,30,45,-15
121900139,210,1615,-1405
121900140,36,30,6
121900141,65,29,36
121900142,74,65,9
121900143,2,60,-58
121900144,59,284,-225
121900145,96,124,-28
121900146,233,386,-153
121900147,23,191,-168
121900148,128,232,-104
121900149,142,270,-128
121900150,25,113,-88
121900151,37,224,-187
121900152,70,63,7
121900153,15,279,-264
121900154,8,282,-274
121900155,1,82,-81
121900156,87,117,-30
121900157,3,193,-190
121900158,53,94,-41
121900159,0,112,-112
121900160,2,204,-202
121900161,164,395,-231
121900162,74,119,-45
121900163,258,169,89
121900164,230,168,62
121900165,125,96,29
121900166,71,99,-28
121900167,33,93,-60
121900168,86,128,-42
121900169,3,132,-129
121900170,5,98,-93
121900171,542,363,179
121900172,399,118,281
121900173,362,181,181
121900174,30,27,3
121900175,26,162,-136
121900176,295,1260,-965
121900177,85,52,33
121900178,19,25,-6
121900179,211,181,30
121900180,1278,2757,-1479
121900182,451,412,39
121900183,390,1114,-724
121900184,38,553,-515
121900186,1,283,-282
121900187,15,65,-50
121900188,327,170,157
121900189,25,40,-15
121900190,197,262,-65
121900191,36,231,-195
121900192,112,1471,-1359
121900193,15,127,-112
121900194,4,163,-159
121900195,14,32,-18
121900196,509,481,28
121900197,172,672,-500
121900198,1511,1092,419
121900199,4,17,-13
121900200,17,100,-83
121900201,416,407,9
121900202,51,415,-364
121900203,48,670,-622
121900204,508,734,-226
121900205,6,105,-99
121900206,23,24,-1
121900207,19,19,0
121900208,85,271,-186
121900209,27,42,-15
121900210,1350,931,419
121900211,388,293,95
121900212,32,110,-78
121900213,230,39,191
121900214,1,239,-238
121900215,30,90,-60
121900216,30,166,-136
121900217,110,84,26
121900218,76,484,-408
121900220,69,7,62
121900221,243,309,-66
121900222,177,88,89
121900223,60,68,-8
121900224,46,31,15
121900225,41,105,-64
121900226,100,26,74
121900227,205,490,-285
121900228,110,130,-20
121900230,44,162,-118
121900231,42,603,-561
121900232,82,219,-137
121900233,110,120,-10
121900234,162,66,96
121900235,346,96,250
121900236,196,81,115
121900237,143,329,-186
121900238,82,180,-98
121900239,119,7,112
121900240,166,62,104
121900241,35,27,8
121900242,3,0,3
121900243,2,0,2
121900244,14,1,13
121900245,123,47,76
121900246,2999,198,2801
121900248,702,570,132
121900250,110,348,-238
121900251,257,14,243
121900252,260,87,173
121900253,99,690,-591
121900254,337,212,125
121900255,327,66,261
121900258,2556,1056,1500
121900259,145,359,-214
121900260,59,53,6
121900261,134,453,-319
121900262,329,644,-315
121900263,231,110,121
121900264,618,513,105
121900265,204,121,83
121900266,376,67,309
121900267,51,31,20
121900269,97,426,-329
121900270,20,120,-100
121900271,43,104,-61
121900273,231,1117,-886
121900274,251,155,96
121900277,266,512,-246
121900278,77,745,-668
121900279,139,149,-10
121900280,33,346,-313
121900281,63,277,-214
121900284,39,2,37
121900286,64,35,29
121900287,8,14,-6
121900288,2,3,-1
121900290,139,821,-682
121900291,266,644,-378
121900292,79,172,-93
121900293,572,2723,-2151
121900294,191,3,188
121900295,86,104,-18
121900296,25,87,-62
121900298,123,653,-530
121900299,0,3,-3
121900300,59,10,49
121900301,89,4,85
121900302,2,74,-72
121900303,168,236,-68
121900304,4,10,-6
121900305,3,6,-3
121900306,189,0,189
121900307,75,0,75
121900308,4,97,-93
121900309,4,69,-65
121900310,8,138,-130
121900311,456,15,441
121900312,324,13,311
121900313,320,24,296
121900314,1,7,-6
121900315,5,1,4
121900316,0,5,-5
121900317,10,3,7
121900318,1,2,-1
121900319,18,74,-56
121900320,21,21,0
121900321,7,0,7
121900322,2,5,-3
121900323,14,17,-3
121900324,3,15,-12
121900325,3,4,-1
121900326,9,7,2
121900327,1,17,-16
121900328,0,12,-12
121900329,0,35,-35
121900330,0,146,-146
121900331,56,30,26
121900332,35,23,12
121900333,48,0,48
121900334,51,37,14
122000001,964,3839,-2875
122000002,1504,926,578
122000003,821,2122,-1301
122000004,1199,986,213
122000005,2851,1698,1153
122000006,785,1051,-266
122000007,500,1471,-971
122000008,899,1974,-1075
122000009,519,464,55
122000010,1823,2006,-183
122000011,3605,2093,1512
122000012,1002,2390,-1388
122000013,459,1335,-876
122000014,2609,1103,1506
122000015,723,613,110
122000016,237,505,-268
122000017,697,748,-51
122000018,1231,1235,-4
122000019,603,1274,-671
122000020,115,232,-117
122000021,133,245,-112
122000022,715,1002,-287
122000023,593,1105,-512
122000024,415,2128,-1713
122000025,409,2231,-1822
122000026,271,1099,-828
122000027,397,716,-319
122000028,598,374,224
122000029,205,348,-143
122000030,134,126,8
122000031,90,310,-220
122000032,2791,1769,1022
122000033,218,2393,-2175
122000034,206,590,-384
122000035,100,364,-264
122000036,342,386,-44
122000037,350,162,188
122000038,158,276,-118
122000039,511,379,132
122000040,130,192,-62
122000041,380,594,-214
122000042,286,413,-127
122000043,52,67,-15
122000044,63,77,-14
122000045,1191,790,401
122000046,585,826,-241
122000047,70,162,-92
122000048,1493,2726,-1233
122000049,4040,2463,1577
122000050,531,785,-254
122000051,145,447,-302
122000052,270,398,-128
122000053,143,718,-575
122000054,1150,1522,-372
122000055,1372,3116,-1744
122000056,1971,2041,-70
122000057,2288,3153,-865
122000058,603,1637,-1034
122000059,780,2906,-2126
122000060,212,802,-590
122000061,169,547,-378
122000062,371,203,168
122000063,356,1052,-696
122000064,1731,3901,-2170
122000065,1290,1514,-224
122000066,186,429,-243
122000067,885,1065,-180
122000068,1094,579,515
122000069,714,711,3
122000070,439,856,-417
122000071,2013,880,1133
122000072,572,601,-29
122000073,189,1099,-910
122000074,1943,974,969
122000075,555,718,-163
122000076,5500,1512,3988
122000077,524,1543,-1019
122000078,556,4149,-3593
122000079,638,2269,-1631
122000080,325,478,-153
122000081,90,174,-84
122000082,222,963,-741
122000083,1935,582,1353
122000084,1868,690,1178
122000085,155,411,-256
122000086,1534,3410,-1876
122000087,118,143,-25
122000088,74,143,-69
122000089,3015,1442,1573
122000090,78,527,-449
122000091,80,150,-70
122000092,36,27,9
122000093,679,1478,-799
122000094,3275,1967,1308
122000095,478,2359,-1881
122000096,320,1111,-791
122000098,1459,1890,-431
122000099,449,868,-419
122000100,468,357,111
122000101,234,286,-52
122000102,1428,776,652
122000103,975,957,18
122000104,697,106,591
122000105,303,252,51
122000106,268,837,-569
122000107,675,302,373
122000108,338,519,-181
122000109,321,156,165
122000110,370,384,-14
122000111,2611,1029,1582
122000112,1088,1147,-59
122000113,570,626,-56
122000114,1047,1756,-709
122000115,842,1120,-278
122000116,152,236,-84
122000117,670,257,413
122000118,388,437,-49
122000119,1315,1030,285
122000120,805,1840,-1035
122000121,477,1495,-1018
122000122,360,738,-378
122000123,639,764,-125
122000124,532,686,-154
122000125,217,340,-123
122000126,227,498,-271
122000127,285,509,-224
122000128,188,296,-108
122000129,327,1028,-701
122000130,1339,699,640
122000131,708,686,22
122000132,198,270,-72
122000133,551,457,94
122000134,666,562,104
122000135,396,326,70
122000136,537,456,81
122000137,1127,518,609
122000139,502,1834,-1332
122000140,425,506,-81
122000141,1838,827,1011
122000142,97,1046,-949
122000143,184,343,-159
122000144,841,751,90
122000145,494,611,-117
122000146,413,959,-546
122000147,328,346,-18
122000148,188,516,-328
122000149,924,847,77
122000150,842,622,220
122000151,24,40,-16
122000152,239,429,-190
122000153,180,314,-134
122000154,229,223,6
122000155,819,1539,-720
122000156,1332,1145,187
122000157,2002,4140,-2138
122000158,225,550,-325
122000159,428,856,-428
122000160,1219,1211,8
122000161,639,767,-128
122000162,641,1190,-549
122000163,214,70,144
122000164,18,136,-118
122000165,474,778,-304
122000166,592,1359,-767
122000167,153,287,-134
122000168,141,533,-392
122000169,212,148,64
122000170,154,232,-78
122000171,11,55,-44
122000172,1251,765,486
122000173,952,1579,-627
122000174,837,703,134
122000175,440,220,220
122000176,185,703,-518
122000177,801,997,-196
122000178,3160,1883,1277
122000179,1622,2155,-533
122000180,501,764,-263
122000181,1151,1535,-384
122000182,1079,822,257
122000183,1485,715,770
122000184,2400,1659,741
122000185,976,1930,-954
122000186,312,1207,-895
122000187,1216,823,393
122000188,343,265,78
122000189,171,274,-103
122000190,488,1107,-619
122000191,596,510,86
122000192,766,239,527
122000193,271,419,-148
122000194,288,105,183
122000195,73,414,-341
122000196,634,407,227
122000197,223,542,-319
122000198,364,1448,-1084
122000199,222,222,0
122000200,525,397,128
122000201,677,1881,-1204
122000202,775,2287,-1512
122000203,1153,765,388
122000204,869,1094,-225
122000205,408,669,-261
122000206,2305,825,1480
122000207,1332,1052,280
122000208,1388,1119,269
122000209,1333,418,915
122000210,1124,1391,-267
122000211,723,987,-264
122000212,413,252,161
122000213,602,790,-188
122000214,1063,1045,18
122000215,1504,1572,-68
122000217,946,1347,-401
122000218,574,68,506
122000219,898,630,268
122000220,292,452,-160
122000221,83,222,-139
122000222,410,151,259
122000223,622,403,219
122000225,339,294,45
122000226,1030,1040,-10
122000227,128,1004,-876
122000228,158,204,-46
122000229,26,234,-208
122000230,46,229,-183
122000231,215,488,-273
122000232,358,433,-75
122000233,0,30,-30
122000234,328,56,272
122000235,676,66,610
122000236,910,39,871
122000237,61,65,-4
122000238,268,255,13
122000239,448,121,327
122000240,841,398,443
122000241,1282,366,916
122000242,412,75,337
122000243,251,30,221
122000244,39,134,-95
122000245,71,68,3
122000246,263,79,184
122000247,285,241,44
122000248,596,681,-85
122000249,831,645,186
122000250,1414,947,467
122000251,65,385,-320
122000252,185,108,77
122000253,48,121,-73
122000254,187,52,135
122000255,459,539,-80
122000256,201,290,-89
122000257,116,145,-29
122000258,197,136,61
122000259,16,274,-258
122000260,204,412,-208
122000261,13,200,-187
122000262,2,26,-24
122000263,171,354,-183
122000264,878,245,633
122000265,1664,731,933
122000266,2833,560,2273
122000267,151,84,67
122000268,135,247,-112
122000269,597,229,368
122000270,345,173,172
122000271,198,1082,-884
122000272,194,674,-480
122000273,344,307,37
122000274,153,140,13
122000275,244,141,103
122000276,393,233,160
122000277,722,821,-99
122000278,1414,592,822
122000279,130,97,33
122000280,428,254,174
122000281,398,320,78
122000282,208,368,-160
122000283,260,162,98
122000284,181,54,127
122000285,250,67,183
122000286,40,115,-75
122000287,984,920,64
122000288,311,196,115
122000291,1582,589,993
122000293,131,90,41
122000294,104,176,-72
122000295,831,120,711
122000296,20,334,-314
122000297,1038,1677,-639
122000299,403,1193,-790
122000300,345,323,22
122000301,3541,1857,1684
122000302,325,1234,-909
122000303,1258,569,689
122000304,44,122,-78
122000305,772,319,453
122000306,53,207,-154
122000307,61,60,1
122000309,40,25,15
122000310,18,96,-78
122000311,94,133,-39
122000312,80,217,-137
122000313,137,81,56
122000314,127,217,-90
122000315,196,35,161
122000316,686,173,513
122000317,1304,165,1139
122000318,163,323,-160
122000319,108,191,-83
122000320,142,545,-403
122000321,60,112,-52
122000322,1266,1404,-138
122000323,679,2162,-1483
122000324,1122,1431,-309
122000325,540,2652,-2112
122000326,105,80,25
122000327,270,470,-200
122000328,332,230,102
122000330,1071,888,183
122000333,25,52,-27
122000337,728,459,269
122000338,398,221,177
122000340,136,1318,-1182
122000342,896,393,503
122000343,342,399,-57
122000344,57,14,43
122000345,226,25,201
122000346,203,116,87
122000348,542,414,128
122000349,48,230,-182
122000351,164,191,-27
122000352,225,170,55
122000353,85,99,-14
122000355,138,223,-85
122000356,540,1184,-644
122000357,58,13,45
122000358,0,8,-8
122000359,0,10,-10
122000360,0,10,-10
122000362,2,25,-23
122000364,155,151,4
122000365,3,21,-18
122000366,9,4,5
122000368,316,472,-156
122000370,8,15,-7
122000371,25,5,20
122000372,5,6,-1
122000381,104,205,-101
122000382,59,150,-91
122000384,830,823,7
122000385,57,0,57
122000386,103,947,-844
122000387,400,1097,-697
122000388,561,550,11
122000389,87,916,-829
122000390,329,278,51
122000391,76,369,-293
122000392,123,99,24
122000393,265,183,82
122000394,351,117,234
122000395,77,78,-1
122000396,198,63,135
122000399,112,42,70
122000400,78,695,-617
122000401,84,58,26
122000402,241,125,116
122000403,234,289,-55
122000404,82,55,27
122000408,308,558,-250
122000503,8,65,-57
122000524,100,141,-41
122000544,75,1659,-1584
122000614,333,355,-22
122000616,127,2,125
122000640,38,54,-16
122000641,150,121,29
122000642,846,560,286
122000643,36,179,-143
122000644,181,73,108
122000645,127,429,-302
122000651,429,1699,-1270
122000664,159,51,108
122000665,703,350,353
122000666,495,723,-228
122000673,24,101,-77
122000674,172,55,117
122000675,1397,432,965
122000686,109,453,-344
122000687,570,85,485
122000688,167,186,-19
122000689,496,43,453
122000690,1615,153,1462
122000691,676,537,139
122000692,1661,288,1373
122000693,425,916,-491
122000695,214,99,115
122000696,388,65,323
122000698,379,221,158
122000699,130,22,108
122000701,1561,323,1238
122000702,302,623,-321
122000703,109,54,55
122000712,0,0,0
122000717,635,116,519
122000718,471,1984,-1513
122000719,72,71,1
122000720,625,97,528
122000724,149,161,-12
122900001,28,12,16
122900002,465,3999,-3534
122900003,280,25,255
122900004,1203,39,1164
122900005,73,63,10
122900006,387,594,-207
122900007,37,60,-23
122900008,170,84,86
122900009,399,185,214
122900010,90,80,10
122900012,111,267,-156
122900014,95,121,-26
122900015,406,662,-256
122900016,82,130,-48
122900017,129,434,-305
122900018,102,12,90
122900020,89,294,-205
122900021,12,154,-142
122900022,861,629,232
122900023,294,100,194
122900024,73,106,-33
122900025,8,206,-198
122900026,17,126,-109
122900027,26,305,-279
122900028,71,74,-3
122900029,3540,1743,1797
122900030,974,330,644
122900031,40,191,-151
122900032,138,177,-39
122900033,157,78,79
122900034,2149,2921,-772
122900035,7,20,-13
122900036,35,30,5
122900037,235,98,137
122900038,45,1698,-1653
122900039,58,389,-331
122900040,180,532,-352
122900041,214,241,-27
122900042,81,183,-102
122900043,153,161,-8
122900044,49,228,-179
122900045,82,164,-82
122900046,82,216,-134
122900047,81,153,-72
122900048,19,118,-99
122900049,1504,100,1404
122900051,37,151,-114
122900052,172,63,109
122900053,16,31,-15
122900055,186,40,146
122900057,132,22,110
122900061,350,85,265
122900062,356,470,-114
122900063,117,122,-5
122900064,477,261,216
122900065,366,242,124
122900066,420,348,72
122900067,516,202,314
122900069,178,916,-738
122900070,281,51,230
122900071,92,207,-115
122900073,21,67,-46
122900074,581,143,438
122900075,2,54,-52
122900076,2,124,-122
122900077,5,28,-23
122900078,140,16,124
122900080,23,37,-14
122900081,57,83,-26
122900082,795,100,695
122900083,108,75,33
122900084,9,58,-49
122900086,5,76,-71
122900087,351,330,21
122900088,19,372,-353
122900089,100,172,-72
122900090,8,206,-198
122900091,181,0,181
122900092,0,37,-37
122900093,0,88,-88
122900094,0,72,-72
122900095,83,29,54
122900096,233,50,183
122900097,29,31,-2
122900098,29,91,-62
122900099,119,12,107
122900100,33,387,-354
122900101,221,199,22
122900102,37,33,4
122900103,214,9,205
122900104,257,6,251
122900105,9,12,-3
122900106,1,27,-26
122900107,1,57,-56
122900108,1,84,-83
122900109,263,51,212
123000001,416,398,18
123000002,1396,2854,-1458
123000003,2070,2175,-105
123000004,1678,2731,-1053
123000005,1659,1811,-152
123000006,1372,1726,-354
123000007,2735,2038,697
123000008,1419,1238,181
123000009,2986,2133,853
123000010,2464,2210,254
123000011,937,781,156
123000012,700,1939,-1239
123000013,2122,860,1262
123000014,469,2127,-1658
123000015,1448,812,636
123000016,586,2195,-1609
123000017,2573,1405,1168
123000018,106,81,25
123000019,318,59,259
123000020,210,31,179
123000021,116,122,-6
123000022,155,1231,-1076
123000023,1242,1437,-195
123000024,1399,640,759
123000025,250,89,161
123000026,30,61,-31
123000027,49,534,-485
123000028,865,1055,-190
123000029,555,1133,-578
123000030,163,86,77
123000031,223,86,137
123000032,307,66,241
123000033,242,65,177
123000034,850,596,254
123000035,289,331,-42
123000036,200,788,-588
123000037,153,79,74
123000038,32,223,-191
123000039,291,1049,-758
123000040,299,184,115
123000041,538,1004,-466
123000042,414,613,-199
123000043,747,3175,-2428
123000044,1990,1325,665
123000045,1487,1118,369
123000046,219,773,-554
123000047,509,507,2
123000048,23,686,-663
123000049,2085,5404,-3319
123000050,1446,1767,-321
123000051,85,198,-113
123000052,713,2287,-1574
123000053,1129,1822,-693
123000054,1094,1281,-187
123000055,1480,2422,-942
123000056,533,488,45
123000057,3016,3113,-97
123000058,598,838,-240
123000059,483,3136,-2653
123000060,615,422,193
123000061,948,1367,-419
123000063,279,258,21
123000064,745,182,563
123000065,1306,917,389
123000066,283,321,-38
123000067,669,268,401
123000068,1186,1130,56
123000069,2302,1525,777
123000070,72,156,-84
123000071,608,268,340
123000072,522,305,217
123000073,1330,483,847
123000074,1045,959,86
123000075,701,1055,-354
123000076,555,221,334
123000077,959,791,168
123000078,985,746,239
123000079,1455,1203,252
123000080,1783,898,885
123000081,144,263,-119
123000082,122,403,-281
123000083,846,389,457
123000084,485,377,108
123000085,354,83,271
123000086,672,109,563
123000087,432,251,181
123000088,944,542,402
123000089,621,627,-6
123000090,1045,398,647
123000091,1204,1016,188
123000092,1292,1093,199
123000094,448,155,293
123000095,458,387,71
123000096,688,227,461
123000097,505,238,267
123000098,711,354,357
123000099,620,325,295
123000100,353,436,-83
123000101,330,452,-122
123000102,205,498,-293
123000104,287,346,-59
123000105,305,272,33
123000106,278,283,-5
123000107,141,258,-117
123000108,874,784,90
123000111,699,339,360
123000112,573,148,425
123000113,267,404,-137
123000114,242,459,-217
123000115,181,171,10
123000116,46,45,1
123000117,486,469,17
123000118,272,295,-23
123000119,328,396,-68
123000120,495,452,43
123000121,227,436,-209
123000122,220,208,12
123000123,375,401,-26
123000124,295,315,-20
123000125,639,874,-235
123000126,906,2964,-2058
123000127,442,467,-25
123000128,164,178,-14
123000129,618,116,502
123000130,679,52,627
123000131,932,729,203
123000132,161,297,-136
123000133,96,187,-91
123000134,118,80,38
123000135,1212,512,700
123000136,127,333,-206
123000137,80,128,-48
123000138,60,134,-74
123000139,415,87,328
123000140,41,290,-249
123000141,372,111,261
123000142,617,500,117
123000143,680,1007,-327
123000144,9,20,-11
123000145,114,79,35
123000146,18,76,-58
123000147,60,109,-49
123000149,172,193,-21
123000150,73,161,-88
123000151,122,323,-201
123000152,33,182,-149
123000153,72,476,-404
123000154,702,1249,-547
123000155,1150,686,464
123000156,15,58,-43
123000157,411,467,-56
123000158,304,459,-155
123000159,1302,1469,-167
123000160,735,667,68
123000161,938,557,381
123000162,792,1090,-298
123000163,416,103,313
123000164,759,171,588
123000165,223,535,-312
123000166,28,69,-41
123000167,95,154,-59
123000168,185,122,63
123000169,563,91,472
123000170,76,45,31
123000171,558,5,553
123000172,93,202,-109
123000173,351,283,68
123000174,639,301,338
123000175,349,471,-122
123000176,1014,261,753
123000177,224,415,-191
123000178,619,112,507
123000179,25,99,-74
123000180,1168,253,915
123000181,127,393,-266
123000183,162,455,-293
123000186,68,314,-246
123000187,449,5,444
123000188,315,40,275
123000189,54,89,-35
123000190,0,64,-64
123000192,21,185,-164
123000193,126,385,-259
123000194,225,212,13
123000195,163,40,123
123000196,108,14,94
123000197,124,40,84
123000198,37,750,-713
123000199,36,486,-450
123000200,281,15,266
123000201,502,4,498
123000202,46,419,-373
123000203,528,41,487
123000204,75,448,-373
123000205,260,637,-377
123000206,1697,156,1541
123000207,73,435,-362
123000208,786,183,603
123000209,1805,506,1299
123000210,285,1084,-799
123000211,445,1305,-860
123000212,3116,485,2631
123000213,612,209,403
123000215,58,132,-74
123000216,110,520,-410
123000217,162,31,131
123000218,37,317,-280
123000219,385,63,322
123000220,292,58,234
123000222,240,83,157
123000223,327,117,210
123000224,275,131,144
123000225,145,33,112
123000226,61,173,-112
123000227,52,137,-85
123000228,226,28,198
123000229,515,758,-243
123000232,37,264,-227
123000233,472,135,337
123000234,88,349,-261
123000235,860,189,671
123000236,133,320,-187
123000237,244,80,164
123000238,25,204,-179
123000239,195,350,-155
123000240,31,442,-411
123000241,333,41,292
123000243,786,678,108
123000244,643,501,142
123000245,18,102,-84
123000249,206,351,-145
123000252,579,143,436
123000253,1091,444,647
123000254,435,408,27
123000255,767,624,143
123000256,179,195,-16
123000257,609,409,200
123000258,826,492,334
123000259,287,213,74
123000260,421,175,246
123000261,487,171,316
123000262,63,110,-47
123000263,377,68,309
123000264,131,66,65
123000265,20,109,-89
123000266,392,406,-14
123000267,452,319,133
123000268,24,44,-20
123000269,57,42,15
123000270,24,41,-17
123000271,74,46,28
123000272,434,217,217
123000273,178,539,-361
123000274,725,508,217
123000275,167,497,-330
123000278,1630,1789,-159
123000279,98,41,57
123000280,259,291,-32
123000281,257,109,148
123000282,72,127,-55
123000283,125,53,72
123000284,35,32,3
123000286,194,556,-362
123000287,445,250,195
123000288,910,804,106
123000289,225,870,-645
123000291,138,595,-457
123000294,181,224,-43
123000295,511,647,-136
123000296,640,592,48
123000297,673,287,386
123000298,568,190,378
123000299,209,237,-28
123000300,1863,1779,84
123000301,160,360,-200
123000302,79,61,18
123000303,49,254,-205
123000305,591,683,-92
123000306,177,45,132
123000309,28,35,-7
123000310,23,23,0
123000311,11,87,-76
123000312,442,441,1
123000313,1028,637,391
123000315,116,137,-21
123000316,210,334,-124
123000317,165,64,101
123000318,81,127,-46
123000329,7,21,-14
123000337,439,607,-168
123000338,158,146,12
123000339,216,50,166
123000340,274,312,-38
123000342,13,37,-24
123000343,34,7,27
123000344,799,182,617
123000345,522,352,170
123000346,594,227,367
123000352,537,562,-25
123000353,55,94,-39
123000354,514,5,509
123000355,36,478,-442
123000356,238,6,232
123000357,1,54,-53
123000359,8,69,-61
123000360,140,92,48
123000361,100,145,-45
123000362,263,54,209
123000363,56,59,-3
123000364,671,663,8
123000365,11,193,-182
123000366,486,1795,-1309
123000367,659,796,-137
123000370,23,93,-70
123000371,305,10,295
123000372,232,15,217
123000373,11,164,-153
123000374,13,59,-46
123000375,321,62,259
123000376,544,519,25
123000377,244,9,235
123000378,5,119,-114
123000379,4,65,-61
123000380,22,197,-175
123000381,37,125,-88
123000382,362,117,245
123000383,59,583,-524
123000384,345,83,262
123000385,53,398,-345
123000436,114,1858,-1744
123000507,241,218,23
123000508,386,946,-560
123000517,153,9,144
123000518,8,94,-86
123000519,168,20,148
123000520,29,112,-83
123000521,372,168,204
123000522,190,339,-149
123000541,9,1,8
123000542,0,12,-12
123000565,797,24,773
123000566,317,130,187
123000567,60,89,-29
123000575,27,320,-293
123000576,488,22,466
123000577,104,540,-436
123000578,175,104,71
123000579,912,4161,-3249
123000580,132,32,100
123000582,287,24,263
123000583,10,157,-147
123000584,137,180,-43
123000585,0,34,-34
123000586,41,2,39
123000596,51,68,-17
123000597,45,199,-154
123000602,55,3,52
123000603,392,23,369
123000604,146,178,-32
123000605,601,47,554
123000606,0,326,-326
123000609,13,172,-159
123000610,88,54,34
123000613,9,44,-35
123000615,19,68,-49
123000616,183,29,154
123000617,66,88,-22
123000618,26,357,-331
123000619,454,36,418
123000620,68,851,-783
123000622,639,41,598
123000624,123,52,71
123000630,1822,300,1522
123000631,1775,1094,681
123000632,911,886,25
123000633,77,257,-180
123000634,30,118,-88
123000635,42,74,-32
123000636,35,191,-156
123000637,110,19,91
123000638,411,27,384
123000639,1570,3178,-1608
123000640,18,159,-141
123000648,919,265,654
123000649,143,351,-208
123000650,166,90,76
123000651,193,209,-16
123000652,312,19,293
123000653,58,122,-64
123000654,136,285,-149
123000655,28,201,-173
123000656,438,29,409
123000657,4,35,-31
123000658,105,6,99
123900001,718,33,685
123900002,11,834,-823
123900003,132,209,-77
123900005,158,127,31
123900006,256,29,227
124000001,1184,138,1046
124000002,6,370,-364
124000003,847,117,730
124000004,32,195,-163
124000005,761,392,369
124000006,101,381,-280
124000007,295,79,216
124000008,5,271,-266
124000009,718,156,562
124000010,183,236,-53
124000011,753,205,548
124000012,168,199,-31
124000017,138,59,79
124000018,103,23,80
124000019,119,140,-21
124000020,33,55,-22
124000021,111,89,22
124000022,39,97,-58
124000023,516,171,345
124000024,764,277,487
124000025,497,353,144
124000026,487,212,275
124000027,809,546,263
124000028,931,364,567
124000031,1062,2712,-1650
124000032,879,513,366
124000033,657,488,169
124000034,274,482,-208
124000035,335,160,175
124000036,80,219,-139
124000037,168,820,-652
124000038,32,52,-20
124000039,338,287,51
124000040,171,642,-471
124000041,309,58,251
124000042,120,263,-143
124000043,69,74,-5
124000044,56,78,-22
124000045,680,269,411
124000046,158,387,-229
124000047,1253,397,856
124000048,543,417,126
124000049,1359,357,1002
124000050,610,634,-24
124000051,781,311,470
124000052,416,392,24
124000053,429,1371,-942
124000054,518,250,268
124000055,922,2336,-1414
124000056,867,687,180
124000057,837,277,560
124000058,347,621,-274
124000059,587,775,-188
124000060,455,322,133
124000061,942,4434,-3492
124000062,2029,920,1109
124000063,818,675,143
124000064,1058,593,465
124000065,55,318,-263
124000066,182,114,68
124000067,137,86,51
124000068,70,88,-18
124000069,481,65,416
124000070,202,240,-38
124000071,163,103,60
124000072,199,221,-22
124000073,571,150,421
124000074,160,331,-171
124000075,286,18,268
124000076,14,59,-45
124000077,550,470,80
124000078,1518,863,655
124000079,137,808,-671
124000080,419,144,275
124000081,101,249,-148
124000082,50,153,-103
124000083,29,71,-42
124000084,56,518,-462
124000085,64,30,34
124000086,17,75,-58
124000087,73,84,-11
124000088,40,241,-201
124000089,640,126,514
124000090,109,138,-29
124000091,439,100,339
124000092,169,385,-216
124000093,72,61,11
124000094,79,220,-141
124000095,63,54,9
124000096,79,69,10
124000097,140,99,41
124000098,43,72,-29
124000099,195,55,140
124000100,47,74,-27
124000101,64,72,-8
124000102,73,24,49
124000103,109,103,6
124000104,73,26,47
124000105,85,78,7
124000106,76,28,48
124000107,13,154,-141
124000108,43,16,27
124000109,128,87,41
124000110,85,55,30
124000111,159,82,77
124000112,546,320,226
124000113,97,87,10
124000114,302,180,122
124000115,255,404,-149
124000116,80,133,-53
124000117,26,52,-26
124000118,25,63,-38
124000119,543,378,165
124000120,330,300,30
124000121,1071,628,443
124000122,341,754,-413
124000123,599,391,208
124000124,236,501,-265
124000125,387,288,99
124000126,151,320,-169
124000127,590,248,342
124000128,311,442,-131
124000129,1315,1089,226
124000130,392,337,55
124000131,608,490,118
124000132,522,485,37
124000133,661,479,182
124000134,530,399,131
124000135,1024,1112,-88
124000136,420,533,-113
124000137,588,444,144
124000138,573,709,-136
124000139,391,114,277
124000140,18,227,-209
124000141,632,23,609
124000142,31,241,-210
124000143,116,7,109
124000144,5,73,-68
124000145,72,34,38
124000146,15,45,-30
124000148,8,60,-52
124000149,768,254,514
124000150,172,390,-218
124000151,677,242,435
124000152,428,623,-195
124000153,477,444,33
124000154,278,306,-28
124000155,820,634,186
124000156,589,485,104
124000169,159,310,-151
124000170,320,337,-17
124000171,201,172,29
124000172,250,320,-70
124000173,435,174,261
124000174,307,289,18
124000175,19,30,-11
124000176,32,19,13
124000177,3,16,-13
124000178,36,38,-2
124000185,60,7,53
124000186,5,40,-35
124000187,5,39,-34
124000188,101,8,93
124000190,55,51,4
124000191,44,240,-196
124000192,884,308,576
124000193,118,539,-421
124000194,243,226,17
124000195,248,400,-152
124000196,539,454,85
124000197,38,27,11
124000198,45,32,13
124000201,178,265,-87
124000202,530,220,310
124000203,360,170,190
124000204,795,135,660
124000205,76,159,-83
124000206,690,134,556
124000207,0,26,-26
124000209,74,70,4
124000210,573,72,501
124000211,704,6,698
124000212,0,175,-175
124000213,394,115,279
124000214,347,165,182
124000215,680,53,627
124000216,3,132,-129
124000329,107,490,-383
124000338,63,239,-176
124000339,953,61,892
124000341,1333,45,1288
124000344,24,10,14
124000357,1336,2594,-1258
124000358,1165,2413,-1248
124000359,1036,660,376
124000360,737,371,366
124000361,1103,590,513
124000362,653,769,-116
124000363,241,257,-16
124000364,423,346,77
124000365,577,714,-137
124000366,1315,1113,202
124000367,71,160,-89
124000368,339,398,-59
124000369,43,72,-29
124000370,25,262,-237
124000402,15,11,4
124000403,125,18,107
124000404,8,24,-16
124000405,566,468,98
124000406,385,343,42
124000407,4,15,-11
124000411,2,82,-80
124000412,338,5,333
124000413,105,13,92
124000414,129,86,43
124000415,95,33,62
124000416,133,104,29
124000417,189,76,113
124000418,207,48,159
124000419,106,73,33
124000420,131,52,79
124000421,81,40,41
124000422,17,10,7
124000423,60,17,43
124000424,5,29,-24
124000425,103,15,88
124000426,5,50,-45
124000427,182,2,180
124000428,6,54,-48
124000429,60,27,33
124000430,493,217,276
124000431,378,197,181
124000432,172,376,-204
124000439,78,0,78
124000443,1,10,-9
124000445,258,1287,-1029
124000446,563,212,351
124000447,16,150,-134
124000448,107,16,91
124000449,171,19,152
124000450,15,58,-43
124000451,2,48,-46
124000452,278,78,200
124000453,1781,2517,-736
124000454,1048,3050,-2002
124000455,4,578,-574
124000456,565,6,559
124000457,3,148,-145
124000458,3,84,-81
124000459,253,4,249
124000460,3,75,-72
124900001,622,291,331
124900002,110,120,-10
124900003,863,395,468
124900004,641,240,401
124900005,170,58,112
124900006,714,182,532
124900008,570,318,252
124900009,69,259,-190
124900010,150,212,-62
124900011,417,158,259
124900012,303,92,211
124900013,361,134,227
124900014,186,31,155
124900015,93,279,-186
124900016,55,52,3
124900017,313,1952,-1639
124900018,59,24,35
124900020,76,28,48
124900021,199,17,182
124900022,65,10,55
124900024,200,3,197
124900026,33,7,26
124900027,121,324,-203
124900028,116,26,90
124900029,22,346,-324
124900030,1,41,-40
124900031,27,85,-58
124900032,89,121,-32
124900033,33,87,-54
124900034,1,54,-53
124900035,98,217,-119
124900036,4,47,-43
124900037,79,69,10
124900038,98,171,-73
124900039,6,32,-26
124900040,86,78,8
124900041,226,390,-164
124900042,47,1,46
124900043,465,412,53
124900044,76,1,75
124900045,206,611,-405
124900047,97,100,-3
124900048,118,43,75
124900050,135,91,44
124900052,82,174,-92
124900053,86,129,-43
124900054,749,259,490
124900055,0,107,-107
124900057,4,201,-197
124900060,23,105,-82
124900061,99,6,93
124900062,133,13,120
124900066,0,3,-3
124900067,5,70,-65
124900068,146,333,-187
124900070,20,14,6
124900072,73,46,27
124900075,202,118,84
124900076,13,891,-878
124900077,11,41,-30
124900078,31,20,11
124900079,203,108,95
124900080,315,195,120
124900081,946,205,741
124900082,210,336,-126
124900083,236,187,49
124900085,452,318,134
124900086,17,790,-773
124900087,165,39,126
124900088,139,56,83
124900089,397,7,390
124900090,279,160,119
124900091,154,119,35
124900092,135,106,29
124900093,241,98,143
124900094,318,146,172
124900095,83,338,-255
124900096,232,137,95
124900097,247,28,219
124900098,66,145,-79
124900099,184,245,-61
124900100,234,24,210
124900101,111,194,-83
124900102,220,3,217
124900103,96,94,2
124900104,25,56,-31
124900105,97,32,65
124900106,258,15,243
124900107,59,11,48
124900108,105,54,51
124900111,0,69,-69
124900112,54,140,-86
124900113,47,204,-157
124900114,71,89,-18
124900115,19,10,9
124900116,128,150,-22
124900117,144,138,6
124900118,99,429,-330
124900119,239,151,88
124900120,51,146,-95
124900121,45,264,-219
124900122,157,119,38
124900123,169,78,91
124900124,65,210,-145
124900125,866,2,864
124900126,2,159,-157
204000001,124,8,116
204000002,20,7,13
204000003,9,4,5
204000004,3,0,3
204000005,536,425,111
204000006,953,1029,-76
204000011,10,33,-23
204000012,33,72,-39
204000019,800,272,528
204000020,606,393,213
204000021,903,550,353
204000022,630,333,297
204000023,499,354,145
204000031,22,8,14
204000032,182,17,165
204000034,16,47,-31
204000035,0,1,-1
204000036,13,29,-16
204000037,4,22,-18
204000038,2,8,-6
204000039,15,12,3
204000040,6,4,2
204000041,11,17,-6
204000042,27,13,14
204000043,39,4,35
204000044,19,1,18
204000045,24,4,20
204000046,11,3,8
204000057,7,5,2
204000062,39,26,13
204000068,20,313,-293
204000069,77,343,-266
204000070,58,53,5
204000080,41,49,-8
204000085,1339,948,391
204000086,1861,989,872
204000087,50,10,40
204000088,3,43,-40
204000090,17,53,-36
204000093,45,43,2
204000096,856,858,-2
204000097,354,7,347
204000099,802,1360,-558
204000100,1150,1446,-296
204000105,1253,699,554
204000110,233,587,-354
204000111,438,306,132
204000112,416,313,103
204000113,222,385,-163
204000114,593,689,-96
204000115,567,308,259
204000116,426,439,-13
204000119,1731,1897,-166
204000132,537,302,235
204000133,706,105,601
204000134,173,42,131
204000135,548,21,527
204000136,380,129,251
204000138,357,432,-75
204000140,188,84,104
204000141,136,65,71
204000144,0,23,-23
204000145,349,24,325
204000146,49,591,-542
204000147,99,166,-67
204000148,276,31,245
204000154,2,3,-1
204000155,1,3,-2
204000177,50,15,35
204000179,23,8,15
204000180,0,42,-42
204000222,0,4,-4
204000236,25,248,-223
204000238,24,17,7
204000240,551,100,451
204000263,493,665,-172
204000268,547,450,97
204000308,28,7,21
204000317,19,56,-37
204000322,40,23,17
204000323,113,43,70
204000328,213,118,95
204000329,106,320,-214
204000330,160,67,93
204000331,228,265,-37
205000001,569,916,-347
205000013,6,40,-34
205000014,13,50,-37
205000015,44,61,-17
205000016,19,70,-51
205000017,14,39,-25
205000022,299,492,-193
205000025,847,557,290
205000029,181,12,169
205000045,144,550,-406
205000046,165,442,-277
205000047,34,195,-161
205000048,258,461,-203
205000049,118,419,-301
205000050,486,191,295
205000059,0,138,-138
205000060,0,87,-87
205000061,0,215,-215
205000062,0,233,-233
205000063,57,215,-158
205000064,15,79,-64
205000065,75,383,-308
205000066,76,369,-293
205000067,47,502,-455
205000069,128,21,107
205000082,105,85,20
205000110,50,130,-80
205000111,167,140,27
205000112,107,163,-56
205000113,121,206,-85
205000121,148,44,104
205000123,37,135,-98
205000126,437,60,377
205000127,737,105,632
205000128,407,60,347
205000129,794,45,749
205000130,77,14,63
205000131,36,12,24
205000132,54,5,49
205000133,42,1,41
205000134,215,0,215
205000137,63,121,-58
205000138,58,152,-94
205000139,28,59,-31
205000144,54,82,-28
205000145,174,145,29
205000151,135,19,116
205000152,192,10,182
205000153,275,30,245
205000154,60,23,37
205000155,108,16,92
205000207,3,75,-72
205000233,49,23,26
205000234,0,1,-1
205000243,0,0,0
205000244,0,7,-7
205000245,6,83,-77
205000249,0,7,-7
205000250,6,1,5
205000264,11,57,-46
206000027,0,4,-4
206000028,0,1,-1
206000043,4,26,-22
206000053,3,6,-3
206000054,1,13,-12
206000055,2,6,-4
206000075,8,23,-15
206000076,20,16,4
206000077,13,8,5
206000078,15,8,7
206000079,29,3,26
206000082,198,41,157
206000100,19,208,-189
206000103,0,5,-5
206000104,7,11,-4
206000105,3,3,0
206000106,7,7,0
206000125,76,0,76
206000157,22,229,-207
206000170,0,65,-65
206000171,2,103,-101
206000172,14,110,-96
206000173,1,93,-92
206000174,12,19,-7
206000175,0,25,-25
206000176,6,42,-36
206000177,1,44,-43
206000178,1,123,-122
206000179,4,36,-32
206000180,8,31,-23
206000181,2,16,-14
206000182,17,34,-17
206000183,9,90,-81
206000184,6,107,-101
206000185,9,26,-17
206000186,91,252,-161
206000223,1,123,-122
206000226,9,4,5
206000227,29,4,25
206000237,32,118,-86
206000238,18,195,-177
206000239,200,727,-527
206000240,0,40,-40
206000241,0,29,-29
206000242,15,76,-61
206000243,21,49,-28
206000244,55,151,-96
206000245,695,57,638
206000246,224,15,209
206000247,262,13,249
206000248,392,11,381
206000252,45,41,4
206000258,10,28,-18
206000315,39,5,34
206000317,420,88,332
206000318,569,44,525
206000319,1528,56,1472
206000320,259,43,216
206000321,228,18,210
206000322,414,11,403
206000323,173,4,169
206000324,207,4,203
206000325,111,21,90
206000326,124,8,116
206000327,73,11,62
206000328,187,1,186
206000329,217,7,210
206000330,44,5,39
206000331,182,4,178
206000332,62,3,59
206000333,652,4,648
206000334,242,0,242
206000335,0,13,-13
206000361,6,85,-79
206000392,1,3,-2
206000405,96,0,96
206000441,47,11,36
206000498,33,3,30
206000515,59,21,38
206000530,366,60,306
206000531,173,255,-82
206000532,1007,335,672
206000535,74,1254,-1180
206000536,11,67,-56
206000537,9,87,-78
206000613,1159,188,971
206000784,437,36,401
207000001,138,418,-280
207000002,61,356,-295
207000003,122,110,12
207000007,1190,199,991
207000008,133,13,120
207000009,65,30,35
207000010,228,160,68
207000012,307,126,181
207000015,125,467,-342
207000019,205,56,149
207000021,320,160,160
207000022,141,102,39
207000023,219,56,163
207000024,6,30,-24
207000025,19,58,-39
207000026,45,20,25
207000027,5,32,-27
207000028,55,128,-73
207000029,81,296,-215
207000033,148,356,-208
207000034,219,103,116
207000039,441,59,382
207000040,445,29,416
207000041,17,13,4
207000042,169,40,129
207000043,169,100,69
207000051,89,96,-7
207000052,12,76,-64
207000053,308,312,-4
207000054,48,63,-15
207000055,176,44,132
207000056,192,170,22
207000057,121,147,-26
207000058,189,189,0
207000059,142,188,-46
207000060,74,178,-104
207000061,129,643,-514
207000062,532,34,498
207000063,425,76,349
207000064,285,63,222
207000065,316,128,188
207000066,335,130,205
207000067,26,60,-34
207000068,65,77,-12
207000069,686,225,461
207000082,7,139,-132
207000083,90,131,-41
207000084,302,210,92
207000085,235,17,218
207000086,277,8,269
207000106,40,22,18
207000107,89,10,79
207000108,61,11,50
207000109,62,8,54
207000110,73,44,29
207000111,58,59,-1
207000112,40,436,-396
207000114,15,40,-25
207000115,16,36,-20
207000116,43,213,-170
207000117,12,74,-62
207000118,7,44,-37
207000119,15,55,-40
207000123,131,13,118
207000124,77,19,58
207000125,70,23,47
207000126,50,27,23
207000134,127,85,42
207000135,28,105,-77
207000148,72,211,-139
207000149,45,18,27
207000152,62,314,-252
207000153,324,781,-457
207000154,285,132,153
207000159,63,60,3
207000160,98,133,-35
207000238,1,158,-157
207000242,3,54,-51
207000248,26,14,12
207000249,90,25,65
207000250,284,46,238
207000251,48,51,-3
207000252,33,46,-13
207000278,109,74,35
207000279,25,58,-33
207000280,671,37,634
207000281,96,324,-228
207000282,30,123,-93
207000283,34,109,-75
207000284,19,424,-405
207000285,42,70,-28
207000291,20,65,-45
207000304,90,30,60
207000306,49,206,-157
207000310,89,55,34
207000353,174,1,173
207000356,5,15,-10
207000357,3,14,-11
207000358,1,7,-6
207000415,5,50,-45
207000417,35,3,32
207000418,85,87,-2
207000438,0,0,0
207000439,385,444,-59
207000446,146,3,143
207000460,49,6,43
207000466,75,62,13
207000467,254,31,223
207000468,35,107,-72
207000476,8,21,-13
207000477,477,36,441
207000478,0,13,-13
207000523,1,6,-5
207000524,73,0,73
207000527,146,98,48
207000530,420,7,413
207000531,235,8,227
207000532,27,26,1
207000534,156,37,119
207000535,14,174,-160
207000537,24,58,-34
207000540,7,47,-40
207000541,2,214,-212
207000548,13,84,-71
207000549,200,11,189
207000561,158,164,-6
207000562,18,58,-40
207000567,110,122,-12
207000568,236,34,202
207000569,468,125,343
207000584,83,99,-16
207000585,16,191,-175
207000587,178,12,166
207000616,1,66,-65
207000617,102,1,101
207000624,37,19,18
207000631,11,62,-51
207900008,360,64,296
208000001,517,958,-441
208000002,696,475,221
208000003,906,370,536
208000004,714,633,81
208000005,4,9,-5
208000019,551,487,64
208000020,117,252,-135
208000021,273,196,77
208000022,834,237,597
208000028,521,711,-190
208000033,503,272,231
208000034,733,852,-119
208000037,185,18,167
208000040,111,62,49
208000041,542,307,235
208000042,575,418,157
208000047,137,134,3
208000064,1425,1035,390
208000066,1014,1624,-610
208000070,313,231,82
208000071,566,359,207
208000072,385,605,-220
208000080,215,278,-63
208000081,336,107,229
208000082,274,164,110
208000083,150,213,-63
208000084,7,15,-8
208000085,558,376,182
208000086,381,790,-409
208000087,288,533,-245
208000089,994,218,776
208000090,996,316,680
208000093,124,163,-39
208000094,441,240,201
208000095,588,354,234
208000104,850,464,386
208000105,498,559,-61
208000114,81,260,-179
208000115,331,207,124
208000116,497,696,-199
208000117,100,130,-30
208000118,93,144,-51
208000155,521,890,-369
208000158,982,2521,-1539
208000186,1634,2583,-949
208000204,575,706,-131
208000205,1025,604,421
208000282,2009,1887,122
209000004,327,171,156
209000005,33,33,0
209000006,289,219,70
209000007,202,287,-85
209000010,229,100,129
209000011,81,202,-121
209000012,49,56,-7
209000013,158,129,29
209000014,314,334,-20
209000025,480,58,422
209000026,601,113,488
209000027,223,340,-117
209000028,226,291,-65
209000029,271,369,-98
209000030,219,773,-554
209000031,1566,797,769
209000034,129,304,-175
209000035,90,203,-113
209000036,184,121,63
209000037,244,198,46
209000038,100,136,-36
209000039,67,150,-83
209000040,156,375,-219
209000041,147,225,-78
209000042,222,215,7
209000043,383,492,-109
209000044,173,499,-326
209000045,611,227,384
209000046,464,295,169
209000047,257,128,129
209000048,375,213,162
209000049,96,39,57
209000050,161,55,106
209000051,141,102,39
209000052,132,100,32
209000062,54,36,18
209000063,72,19,53
209000064,39,17,22
209000065,116,23,93
209000066,80,17,63
209000067,132,29,103
209000080,22,174,-152
209000082,52,36,16
209000091,17,62,-45
209000093,25,13,12
209000094,48,99,-51
209000110,15,90,-75
209000111,446,1232,-786
209000112,844,439,405
209000113,1244,594,650
209000114,587,442,145
209000115,65,53,12
209000116,286,141,145
209000118,14,30,-16
209000119,5,13,-8
209000121,70,207,-137
209000135,17,78,-61
209000142,479,1131,-652
209000143,17,33,-16
209000144,27,95,-68
209000229,144,104,40
209000240,55,218,-163
209000259,41,37,4
209000260,35,444,-409
209000261,4,204,-200
209000262,1,161,-160
209000263,0,165,-165
209000264,0,177,-177
209000265,240,0,240
209000266,76,1,75
209000267,699,6,693
209000268,342,47,295
210000037,64,28,36
210000047,57,7,50
210000048,82,9,73
210000049,30,3,27
210000052,50,35,15
210000053,19,18,1
210000054,28,35,-7
210000070,134,4,130
210000071,91,0,91
210000072,22,0,22
210000073,0,23,-23
210000074,0,84,-84
210000075,0,99,-99
210000076,1,149,-148
210000077,6,39,-33
210000078,33,56,-23
210000079,37,17,20
210000080,35,89,-54
210000081,92,29,63
210000082,71,2,69
210000083,48,0,48
210000084,37,0,37
210000085,1,38,-37
210000086,1,50,-49
210000099,28,126,-98
210000100,38,101,-63
210000101,59,106,-47
210000105,14,124,-110
210000159,0,137,-137
210000163,68,138,-70
210000164,183,185,-2
210000168,122,41,81
210000187,0,12,-12
210000188,0,15,-15
210000214,11,0,11
210000219,23,31,-8
210000220,81,14,67
210000232,3,18,-15
210000233,21,38,-17
210000234,10,50,-40
210000235,46,33,13
210000245,1,23,-22
210000246,74,73,1
210000258,7,45,-38
210000259,194,58,136
210000282,50,146,-96
210000285,1,77,-76
210000286,7,79,-72
210000290,11,3,8
210000295,24,122,-98
210000296,48,32,16
210000320,180,14,166
210000321,75,24,51
210000338,32,50,-18
210000339,130,649,-519
210000340,62,204,-142
210000341,149,207,-58
210000342,176,131,45
210000343,146,127,19
210000344,94,85,9
210000345,87,172,-85
210000346,47,60,-13
210000347,12,43,-31
210000348,101,31,70
210000349,52,14,38
210000350,88,30,58
210000351,125,46,79
210000352,49,36,13
210000353,36,38,-2
210000354,35,44,-9
210000355,34,50,-16
210000356,5,33,-28
210000357,14,42,-28
210000358,133,102,31
210000359,51,101,-50
210000360,87,103,-16
210000361,151,101,50
210000362,172,138,34
210000363,322,160,162
210000364,71,108,-37
210000365,113,40,73
210000366,99,43,56
210000367,73,21,52
210000368,107,21,86
210000369,13,20,-7
210000370,24,27,-3
210000372,10,23,-13
210000373,8,35,-27
210000374,43,27,16
210000375,26,29,-3
210000376,40,43,-3
210000404,38,89,-51
210000439,35,26,9
210000472,41,1,40
210000482,35,114,-79
210000564,104,169,-65
210000567,1,37,-36
210000568,191,2,189
211000092,36,13,23
211000094,28,6,22
211000169,173,16,157
211000172,12,118,-106
211000209,1,11,-10
211000226,22,19,3
211000270,52,14,38
211000275,27,11,16
211000276,77,11,66
211000279,6,21,-15
211000281,53,36,17
211000302,32,14,18
211507980,0,29,-29
211977296,30,2,28
212000003,98,16,82
212000004,6,27,-21
212000005,12,61,-49
212000006,26,40,-14
212000008,144,68,76
212000009,20,55,-35
212000012,64,44,20
212000013,23,23,0
212000014,176,90,86
212000015,329,156,173
212000016,356,324,32
212000027,365,150,215
212000028,252,184,68
212000029,124,101,23
212000030,40,16,24
212000031,42,27,15
212000048,29,157,-128
212000049,17,177,-160
212000050,16,8,8
212000051,173,90,83
212000052,172,138,34
212000053,271,226,45
212000054,249,62,187
212000055,278,74,204
212000056,3,15,-12
212000057,6,13,-7
212000058,92,26,66
212000070,103,85,18
212000077,123,228,-105
212000099,232,145,87
212000108,130,71,59
212000111,170,55,115
212000120,78,39,39
212000138,136,18,118
212000156,14,41,-27
212000158,12,20,-8
212000159,351,38,313
212000160,528,127,401
212000161,55,2,53
212000310,34,5,29
212000311,5,26,-21
212000374,22,5,17
213000001,33,188,-155
213000005,258,85,173
213000006,543,239,304
213000007,52,10,42
213000009,318,269,49
213000010,154,174,-20
213000011,149,59,90
213000012,135,117,18
213000014,71,9,62
213000015,200,7,193
213000016,275,0,275
213000017,57,1,56
213000018,0,37,-37
213000019,1,61,-60
213000020,96,151,-55
213000021,3,42,-39
213000023,289,124,165
213000033,253,1013,-760
213000034,251,154,97
213000035,126,148,-22
213000045,210,214,-4
213000046,108,153,-45
213000047,390,863,-473
213000056,94,17,77
213000069,86,4,82
213000073,0,29,-29
213000074,61,283,-222
213000075,388,5,383
213000076,13,1,12
213000085,4,43,-39
213000086,24,150,-126
213000091,263,6,257
213000092,45,14,31
213000099,118,950,-832
213000100,689,216,473
213000101,539,57,482
213000102,519,164,355
213000103,552,440,112
213000104,45,205,-160
213000105,65,915,-850
213000106,37,77,-40
213000107,112,220,-108
213000108,26,170,-144
213000109,5,97,-92
213000110,7,39,-32
213000111,4,60,-56
213000112,76,80,-4
213000115,46,3,43
213000116,35,298,-263
213000117,5,326,-321
213000118,428,159,269
213000119,34,305,-271
213000120,93,176,-83
213000122,69,204,-135
213000123,276,394,-118
213000124,133,481,-348
213000125,140,23,117
213000126,23,69,-46
213000127,47,159,-112
213000128,147,770,-623
213000129,129,647,-518
213000130,730,348,382
213000132,418,96,322
213000133,607,72,535
213000134,894,11,883
213000136,380,16,364
213000137,447,57,390
213000139,227,22,205
213000147,19,18,1
213000148,16,24,-8
213000149,29,9,20
213000150,0,189,-189
213000151,4,127,-123
213000152,3,82,-79
213000153,3,68,-65
213000154,57,98,-41
213000155,13,95,-82
213000156,96,269,-173
213000157,430,247,183
213000158,204,456,-252
213000159,261,282,-21
213000163,791,104,687
213000165,622,224,398
213000171,99,52,47
213000172,47,117,-70
213000173,10,60,-50
213000174,2,24,-22
213000175,29,10,19
213000176,9,78,-69
213000177,5,12,-7
213000178,36,3,33
213000179,155,44,111
213000180,234,42,192
213000184,60,280,-220
213000188,271,67,204
213000189,358,31,327
213000190,599,453,146
213000191,345,219,126
213000192,273,169,104
213000193,414,140,274
213000194,0,50,-50
213000195,13,251,-238
213000196,141,897,-756
213000197,326,393,-67
213000198,42,0,42
213000200,102,392,-290
213000201,28,25,3
213000202,9,340,-331
213000203,1365,335,1030
213000204,666,32,634
213000205,214,38,176
213000206,389,12,377
213000207,55,1,54
213000208,36,1,35
213000209,75,2,73
213000210,145,4,141
213000211,7,15,-8
213000212,16,19,-3
213000213,12,33,-21
213000218,192,276,-84
213000219,406,17,389
213000220,366,1,365
213000223,139,186,-47
213000224,33,59,-26
213000225,71,9,62
213000226,49,13,36
213000227,776,163,613
213000228,426,92,334
213000229,42,23,19
213000230,456,13,443
213000232,69,520,-451
213000233,12,56,-44
213000234,3,79,-76
213000293,15,37,-22
213000294,50,22,28
213000295,21,59,-38
213000296,32,15,17
213000297,11,49,-38
213000298,8,46,-38
213000299,17,16,1
213000300,1,8,-7
213000303,8,26,-18
213000304,3,18,-15
213000305,0,19,-19
213000306,33,70,-37
213000307,72,76,-4
213000308,71,88,-17
213000309,104,33,71
213000310,336,165,171
213000311,150,591,-441
213000315,63,96,-33
213000316,106,27,79
213000322,24,14,10
213000323,16,28,-12
213000340,132,179,-47
213000341,605,85,520
213000346,158,162,-4
213000347,267,278,-11
213000348,2,151,-149
213000349,7,11,-4
213000350,240,581,-341
213000366,69,107,-38
213000367,313,11,302
213000379,14,84,-70
213000386,27,131,-104
213000406,90,102,-12
213000417,900,299,601
213000425,170,29,141
213000426,154,17,137
213000427,37,72,-35
213000428,30,74,-44
213000429,5,2,3
213000430,49,159,-110
213000431,12,3,9
213000432,2,36,-34
213000433,13,67,-54
213000434,97,53,44
213000435,111,74,37
213000439,22,6,16
213000441,1,2,-1
213000443,278,200,78
213000445,0,38,-38
213000446,0,20,-20
213000447,1,42,-41
213000448,8,112,-104
213000449,416,1,415
213000450,12,34,-22
213000451,204,34,170
213000452,6,15,-9
213000453,31,125,-94
213000455,62,1,61
213000456,1,74,-73
213000481,4,3,1
213000482,46,2,44
213000489,116,46,70
213000491,3,142,-139
213000492,77,4,73
213000493,0,98,-98
213000494,141,43,98
213000495,0,3,-3
213000496,208,58,150
213000497,37,106,-69
213000498,50,55,-5
213000499,134,131,3
213000500,249,36,213
213000501,125,23,102
213000502,117,84,33
213000503,1,17,-16
213000504,4,14,-10
213000505,9,24,-15
213000506,0,11,-11
213000507,2,60,-58
213900244,49,1,48
213900245,0,9,-9
218000003,8,14,-6
218000004,19,18,1
218000005,17,33,-16
218000006,57,19,38
218000007,21,13,8
218000012,71,112,-41
218000013,119,106,13
218000014,218,282,-64
218000019,376,382,-6
218000020,201,231,-30
218000040,5,4,1
218000046,51,42,9
218000047,7,84,-77
218000048,16,49,-33
218000049,44,61,-17
218000050,261,115,146
218000051,41,96,-55
218000052,0,38,-38
218000053,0,9,-9
218000054,1,11,-10
218000055,2,4,-2
218000056,13,19,-6
218000057,2,24,-22
218000064,0,1,-1
218000065,54,15,39
218000066,6,23,-17
218000067,61,68,-7
218000068,127,46,81
218000069,225,65,160
218000070,159,100,59
218000071,133,143,-10
218000072,102,139,-37
218000078,826,364,462
218000079,164,48,116
218000080,86,27,59
218000081,453,105,348
218000082,64,54,10
218000083,45,26,19
218000084,80,50,30
218000085,123,163,-40
218000086,52,67,-15
218000087,150,92,58
218000090,5,90,-85
218000091,835,377,458
218000092,94,109,-15
218000093,41,30,11
218000094,341,413,-72
218000099,172,482,-310
218000100,307,170,137
218000101,240,120,120
218000102,436,134,302
218000103,69,49,20
218000104,70,11,59
218000105,19,20,-1
218000106,32,7,25
218000107,70,12,58
218000108,2,14,-12
218000112,30,31,-1
218000117,59,26,33
218000134,417,227,190
218000135,39,31,8
218000136,123,44,79
218000137,128,70,58
218000138,33,94,-61
218000139,125,148,-23
218000140,393,135,258
218000141,63,27,36
218000142,150,68,82
218000143,50,172,-122
218000144,45,76,-31
218000145,323,149,174
218000146,77,100,-23
218000151,0,18,-18
218000152,99,35,64
218000170,5,14,-9
218000171,46,6,40
218000172,4,7,-3
218000173,13,12,1
218000174,15,3,12
218000176,256,76,180
218000177,340,118,222
218000178,97,100,-3
218000179,189,44,145
218000180,90,12,78
218000181,267,32,235
218000187,17,18,-1
218000188,22,40,-18
218000189,21,47,-26
218000190,2,5,-3
218000191,183,38,145
218000192,158,66,92
218000193,350,179,171
218000194,115,197,-82
218000195,82,39,43
218000196,260,114,146
218000197,342,169,173
218000198,54,84,-30
218000199,33,12,21
218000200,44,29,15
218000201,13,4,9
218000202,52,268,-216
218000207,3,10,-7
218000208,42,40,2
218000211,24,28,-4
218000213,56,46,10
218000214,8,36,-28
218000215,38,25,13
218000217,1,37,-36
218000218,89,22,67
218000219,2,14,-12
218000220,31,251,-220
218000221,308,133,175
218000222,2,40,-38
218000223,24,209,-185
218000224,13,80,-67
218000225,253,34,219
218000226,166,38,128
218000232,25,37,-12
218000239,104,8,96
218000240,18,1,17
218000241,18,3,15
218000242,9,2,7
218000243,24,0,24
218000244,37,3,34
218000245,9,3,6
218000246,21,25,-4
218000247,1,0,1
218000248,1,40,-39
218000249,0,5,-5
218000250,2,14,-12
218000251,3,41,-38
218000252,1,313,-312
218000253,0,113,-113
218000254,0,57,-57
218000255,3,26,-23
218000256,7,71,-64
218000267,315,576,-261
218000268,5,13,-8
218000269,11,4,7
218000270,101,23,78
218000271,10,28,-18
218000273,29,3,26
218000274,18,4,14
218000275,32,71,-39
218000276,12,24,-12
218000278,10,31,-21
218000279,62,12,50
218000280,5,23,-18
218000281,5,11,-6
218000282,317,527,-210
218000284,44,6,38
218000301,54,85,-31
218000302,37,31,6
218000303,9,70,-61
218000316,690,477,213
218000317,1184,434,750
218000318,766,354,412
218000319,1042,472,570
218000320,757,313,444
218000338,27,37,-10
218000345,52,56,-4
218000346,29,131,-102
218000459,23,102,-79
218000490,20,25,-5
218000501,75,9,66
218000502,56,30,26
218000503,86,11,75
218000504,106,24,82
218000505,37,78,-41
218000506,19,179,-160
218000508,0,4,-4
218000510,122,13,109
218000520,49,57,-8
218000521,7,19,-12
218000522,2,121,-119
218000523,131,2,129
218000524,3,134,-131
218000525,103,6,97
218000526,15,90,-75
218000529,38,69,-31
218000531,17,8,9
218000532,13,11,2
218000534,147,15,132
218000537,32,54,-22
218000538,69,222,-153
218000540,92,47,45
218000543,108,59,49
218000544,20,48,-28
218000545,57,57,0
218000546,48,62,-14
218000547,109,145,-36
218000548,61,66,-5
218000549,327,250,77
218000550,100,112,-12
218000551,50,486,-436
218000552,168,50,118
218000553,28,66,-38
218000554,24,31,-7
218000555,21,53,-32
218000556,202,78,124
218000557,269,96,173
218000558,26,1,25
218000559,0,22,-22
218000560,0,30,-30
218000561,14,0,14
218000562,6,123,-117
218000563,140,17,123
218000564,7,85,-78
218000565,74,16,58
218000566,41,9,32
218000567,0,70,-70
218000568,7,1,6
218000569,2,67,-65
218000570,25,12,13
218000571,0,90,-90
218000572,125,1,124
218000573,4,110,-106
218000574,28,20,8
218000575,95,0,95
218000576,0,46,-46
218000577,55,0,55
218000578,1,56,-55
218000585,30,0,30
218000586,2,47,-45
218000587,4,4,0
218000589,0,15,-15
218000590,4,2,2
218000591,5,18,-13
218000592,4,1,3
218000593,2,1,1
218000594,13,2,11
218000597,2,0,2
218000598,0,0,0
218000599,12,19,-7
218000600,0,1,-1
218000601,0,1,-1
218000602,2,5,-3
218000603,0,2,-2
218000604,5,0,5
218000605,0,35,-35
218000606,62,4,58
218000607,17,20,-3
218000608,18,56,-38
218000609,3,28,-25
218000610,28,48,-20
218000611,42,18,24
218000612,0,38,-38
218000613,83,81,2
218000614,2,13,-11
218000615,158,8,150
218000616,6,74,-68
218000617,51,8,43
218000618,2,36,-34
218000619,12,8,4
218000620,0,10,-10
218000621,0,2,-2
218000622,0,16,-16
218000623,14,0,14
218000624,1,6,-5
218000625,2,1,1
218000626,0,13,-13
218000628,166,36,130
218000631,32,10,22
218000632,2,94,-92
218000633,67,0,67
218000634,8,7,1
218000635,8,6,2
218000636,771,492,279
218000637,816,196,620
218000638,214,15,199
218000639,8,41,-33
218000640,222,18,204
218000641,109,101,8
218000652,31,12,19
218000653,146,40,106
218000663,8,122,-114
218000675,34,33,1
218000680,115,197,-82
218000681,400,95,305
218000691,196,68,128
218000693,370,99,271
218000718,43,404,-361
218000719,122,281,-159
218000720,2,96,-94
218000721,24,13,11
218001147,3,101,-98
218001214,26,49,-23
218001258,198,8,190
218001329,107,70,37
218001330,56,66,-10
218001351,10,17,-7
218001352,12,10,2
218001353,14,3,11
218001354,6,9,-3
218001355,12,81,-69
218001356,297,21,276
218001357,21,78,-57
218001358,206,18,188
218001361,483,4,479
218001362,1,61,-60
219000001,28,21,7
219000002,18,32,-14
219000003,62,32,30
219000004,26,37,-11
219000017,53,62,-9
219000020,100,27,73
219000022,105,3,102
219000023,54,1,53
219000029,0,37,-37
219000034,29,17,12
219000039,45,125,-80
219000040,43,66,-23
219000041,129,13,116
219000051,0,13,-13
219000052,0,15,-15
219000053,0,44,-44
219000055,280,1,279
219000056,4,0,4
219000057,50,0,50
219000062,25,51,-26
219000063,75,2,73
219000064,0,34,-34
219000110,239,87,152
219000111,43,23,20
219000112,154,34,120
219000113,121,42,79
219000114,129,35,94
219000116,140,32,108
219000117,153,87,66
219000118,124,48,76
219000123,167,61,106
219000124,23,40,-17
219000125,29,8,21
219000126,37,103,-66
219000127,0,14,-14
219000128,16,101,-85
219000129,10,119,-109
219000130,210,480,-270
219000131,555,737,-182
219000133,28,89,-61
219000134,6,46,-40
219000135,32,48,-16
219000136,82,190,-108
219000138,44,7,37
219000139,54,17,37
219000140,40,0,40
219000141,31,56,-25
219000142,10,41,-31
219000143,13,33,-20
219000145,17,13,4
219000146,3,23,-20
219000147,2,6,-4
219000148,4,9,-5
219000149,4,25,-21
219000150,1,33,-32
219000151,1,32,-31
219000157,173,95,78
219000158,117,152,-35
219000161,105,5,100
219000163,670,411,259
219000166,65,117,-52
219000167,113,124,-11
219000168,149,76,73
219000174,374,86,288
219000175,91,7,84
219000176,129,9,120
219000177,46,4,42
219000178,54,2,52
219000179,29,3,26
219000180,29,28,1
219000182,90,20,70
219000183,78,24,54
219000184,96,10,86
219000185,0,28,-28
219000186,74,6,68
219000187,16,35,-19
219000189,45,147,-102
219000190,66,169,-103
219000191,221,1177,-956
219000192,139,131,8
219000193,108,99,9
219000195,2,46,-44
219000196,8,48,-40
219000198,16,49,-33
219000199,26,97,-71
219000200,48,91,-43
219000201,46,83,-37
219000203,12,101,-89
219000204,64,231,-167
219000205,22,139,-117
219000207,68,165,-97
219000209,34,37,-3
219000210,15,50,-35
219000213,22,128,-106
219000239,139,159,-20
219000240,154,218,-64
219000241,136,84,52
219000242,48,100,-52
219000243,65,128,-63
219000244,9,44,-35
219000245,30,41,-11
219000246,25,14,11
219000247,187,16,171
219000248,312,260,52
219000249,117,69,48
219000250,109,76,33
219000251,330,157,173
219000252,212,117,95
219000253,341,77,264
219000255,116,72,44
219000256,240,47,193
219000257,96,0,96
219000262,56,76,-20
219000263,61,119,-58
219000267,0,26,-26
219000268,2,3,-1
219000269,2,1,1
219000270,16,0,16
219000271,173,0,173
219000278,1,4,-3
219000279,0,8,-8
219000283,0,9,-9
219000295,8,50,-42
219000296,33,182,-149
219000297,27,48,-21
219000298,11,39,-28
219000299,308,55,253
219000300,23,85,-62
219000301,88,192,-104
219000302,28,124,-96
219000307,30,20,10
219000308,54,46,8
219000311,150,64,86
219000312,276,125,151
219000313,307,32,275
219000314,35,118,-83
219000315,253,44,209
219000316,441,41,400
219000317,104,8,96
219000320,0,34,-34
219000321,1,13,-12
219000323,1,26,-25
219000325,0,10,-10
219000326,20,29,-9
219000327,34,15,19
219000328,18,50,-32
219000329,151,97,54
219000330,28,28,0
219000331,38,35,3
219000332,126,39,87
219000333,41,5,36
219000335,72,1,71
219000337,38,0,38
219000338,34,0,34
219000344,8,39,-31
219000345,35,67,-32
219000346,11,53,-42
219000348,144,69,75
219000349,79,85,-6
219000350,90,251,-161
219000351,1,7,-6
219000352,325,57,268
219000353,112,46,66
219000354,192,61,131
219000355,119,44,75
219000356,361,1235,-874
219000363,116,98,18
219000364,75,45,30
219000365,78,12,66
219000366,125,336,-211
219000368,189,422,-233
219000370,547,521,26
219000371,9,22,-13
219000382,3,21,-18
219000383,246,914,-668
219000385,225,408,-183
219000386,415,1517,-1102
219000387,0,11,-11
219000390,3,0,3
219000391,1,0,1
219000397,38,26,12
219000398,28,22,6
219000401,12,53,-41
219000402,24,56,-32
219000403,92,245,-153
219000404,15,101,-86
219000407,8,16,-8
219000409,57,27,30
219000410,87,40,47
219000411,56,8,48
219000446,63,224,-161
219000447,1,17,-16
219000448,9,30,-21
219000452,55,76,-21
219000453,44,163,-119
219000454,117,237,-120
219000556,183,58,125
219000558,61,102,-41
219000590,17,146,-129
219000591,74,48,26
219000592,57,168,-111
219000595,1,7,-6
219000635,141,18,123
219000636,21,40,-19
219000657,7,15,-8
219000658,13,89,-76
219000673,0,7,-7
219000676,4,1,3
219000679,18,2,16
219000684,69,2,67
219000685,0,30,-30
219000686,1,3,-2
219000688,0,35,-35
219000689,20,116,-96
219000690,73,14,59
219000691,19,83,-64
219000692,83,16,67
219000693,2,10,-8
219000694,7,0,7
219000695,42,6,36
219000698,14,0,14
219000699,0,21,-21
219000727,0,54,-54
219000728,74,2,72
219000770,13,0,13
219000771,0,17,-17
219000788,252,290,-38
219001150,1,25,-24
219001151,1,1,0
219001166,39,39,0
219001167,1,31,-30
219001178,46,1,45
220000001,16,54,-38
220000002,2,94,-92
220000003,141,98,43
220000004,151,152,-1
220000005,400,778,-378
220000006,151,447,-296
220000007,318,171,147
220000008,258,280,-22
220000009,244,188,56
220000010,107,58,49
220000011,255,1937,-1682
220000012,101,255,-154
220000014,225,393,-168
220000015,46,340,-294
220000017,22,165,-143
220000018,3502,852,2650
220000019,57,262,-205
220000020,292,107,185
220000021,537,94,443
220000022,734,197,537
220000023,308,129,179
220000024,891,358,533
220000025,440,981,-541
220000026,228,338,-110
220000027,9,81,-72
220000028,20,49,-29
220000029,279,156,123
220000030,74,46,28
220000031,366,232,134
220000064,13,783,-770
221000046,3,0,3
221000047,0,0,0
221000048,0,0,0
221000049,0,4,-4
221000050,7,0,7
221000055,27,32,-5
221000057,59,11,48
221000068,178,93,85
221000069,232,41,191
221000070,151,19,132
221000071,83,8,75
221000072,163,13,150
221000073,162,26,136
221000074,3,13,-10
221000075,11,14,-3
221000076,7,17,-10
221000077,10,55,-45
221000081,12,6,6
221000082,60,1,59
221000083,11,4,7
221000084,8,2,6
221000085,12,31,-19
221000086,12,60,-48
221000087,6,59,-53
221000088,13,72,-59
221000089,23,123,-100
221000090,64,331,-267
221000098,103,18,85
221000099,137,20,117
221000100,79,5,74
221000101,172,7,165
221000102,107,7,100
221000109,4,42,-38
221000110,7,36,-29
221000111,16,91,-75
221000112,18,84,-66
221000113,11,88,-77
221000114,7,69,-62
221000120,7,12,-5
221000121,4,30,-26
221000122,19,17,2
221000123,14,13,1
221000124,14,72,-58
221000155,57,17,40
221000156,68,43,25
221000175,1,12,-11
221000176,0,4,-4
221000182,30,2,28
221000241,342,202,140
221000242,99,251,-152
221000243,448,182,266
221000244,196,364,-168
221000245,86,53,33
221000246,48,273,-225
221000247,132,51,81
221000248,138,110,28
221000267,24,296,-272
221000325,13,25,-12
221000331,20,36,-16
221000338,11,8,3
221000378,154,36,118
221000381,35,46,-11
222000282,12,0,12
222000296,0,6,-6
222000568,239,15,224
222000569,104,40,64
222000570,110,25,85
222000571,265,15,250
222000577,8,43,-35
222000578,20,80,-60
222000579,13,48,-35
222000580,27,317,-290
222000599,0,84,-84
222000600,1,164,-163
222000601,3,343,-340
222000603,4,20,-16
222000604,0,24,-24
222000605,21,20,1
222000606,0,16,-16
222000607,1,4,-3
222000608,14,9,5
222000609,23,65,-42
222000616,460,8,452
222000617,0,4,-4
222000618,2,3,-1
222000620,5,3,2
222000621,15,7,8
222000623,331,5,326
222000624,297,12,285
222000625,393,11,382
222000636,41,4,37
222000686,8,6,2
222000687,40,13,27
222001066,186,1,185
222001067,18,0,18
222001068,29,2,27
222001069,36,6,30
222001082,13,10,3
222001083,10,9,1
222001084,0,34,-34
222001085,1,53,-52
222001111,39,34,5
222001112,133,13,120
222001313,11,12,-1
222001314,2,52,-50
222001464,222,28,194
222001465,14,73,-59
222001484,135,20,115
222001485,10,23,-13
222001494,535,91,444
222001495,54,58,-4
222001496,332,56,276
222001497,78,176,-98
222001502,14,28,-14
222001503,65,23,42
222001504,23,148,-125
222001505,289,8,281
222001506,40,223,-183
222001507,188,13,175
222001510,416,14,402
222001511,73,87,-14
222001514,441,84,357
222001515,89,237,-148
222001518,362,40,322
222001519,44,85,-41
222001527,164,35,129
222001528,13,112,-99
222001529,263,27,236
222001530,81,118,-37
222001533,82,98,-16
222001534,249,32,217
222001535,264,191,73
222001536,27,80,-53
222001537,204,17,187
222001538,41,247,-206
222001563,806,52,754
222001564,65,157,-92
222001568,176,103,73
222001576,1,0,1
222001579,0,6,-6
222001583,10,34,-24
222001584,98,18,80
222001596,256,555,-299
222001597,862,195,667
222001626,0,53,-53
222001650,9,71,-62
222001651,8,231,-223
222001914,166,25,141
222001915,18,171,-153
222001968,394,157,237
222001969,186,268,-82
222001970,126,209,-83
222001971,29,1,28
222001972,1,6,-5
225000001,268,128,140
225000002,484,134,350
225000003,582,62,520
225000004,317,123,194
225000005,97,28,69
225000006,0,118,-118
225000007,749,777,-28
225000010,235,8,227
225000011,174,930,-756
225000012,203,434,-231
225000013,52,70,-18
225000014,497,82,415
225000015,61,80,-19
225000021,492,117,375
225000027,126,252,-126
225000032,529,77,452
225000042,54,276,-222
225000049,32,28,4
225000050,68,9,59
225000053,2,105,-103
225000058,553,178,375
225000067,130,59,71
225000068,57,116,-59
225000069,50,264,-214
225000070,65,134,-69
225000071,24,57,-33
225000075,11,405,-394
225000076,29,101,-72
225000078,59,56,3
225000085,70,100,-30
225000086,173,48,125
225000087,165,14,151
225000088,7,95,-88
225000089,84,775,-691
225000090,36,311,-275
225000091,92,69,23
225000092,11,38,-27
225000093,163,131,32
225000094,8,99,-91
225000095,157,179,-22
225000096,144,242,-98
225000098,463,221,242
225000099,251,117,134
225000100,322,112,210
225000104,98,230,-132
225000110,5,168,-163
225000111,147,436,-289
225000112,179,581,-402
225000113,133,460,-327
225000114,70,199,-129
225000115,813,351,462
225000116,500,168,332
225000117,654,230,424
225000118,780,186,594
225000119,284,60,224
225000120,537,37,500
225000121,171,13,158
225000123,439,18,421
225000125,374,96,278
225000126,571,134,437
225000127,401,943,-542
225000128,391,617,-226
225000132,412,43,369
225000133,230,39,191
225000134,554,131,423
225000135,29,15,14
225000136,274,11,263
225000137,243,32,211
225000138,359,58,301
225000143,41,125,-84
225000144,7,189,-182
225000145,26,31,-5
225000146,44,35,9
225000147,26,98,-72
225000148,3,61,-58
225000149,48,171,-123
225000151,19,82,-63
225000155,275,249,26
225000156,133,476,-343
225000157,246,212,34
225000158,49,154,-105
225000171,13,76,-63
225000180,37,23,14
225000181,0,43,-43
225000182,83,8,75
225000185,2,281,-279
225000187,31,218,-187
225000191,76,1,75
225000194,0,5,-5
225000208,0,29,-29
225000209,79,6,73
225000210,5,105,-100
225000217,0,12,-12
225000218,9,0,9
225000223,0,68,-68
225000224,29,1,28
225000225,0,41,-41
225000226,18,1,17
225000227,26,43,-17
225000228,6,1,5
225000229,0,27,-27
225000230,4,0,4
225000231,0,19,-19
225000232,139,0,139
225000241,61,0,61
225000242,1,39,-38
225000249,27,9,18
225000250,36,245,-209
225000251,285,14,271
226000042,46,123,-77
226000043,39,209,-170
226000044,60,200,-140
226000045,81,212,-131
226000046,379,50,329
226000047,381,81,300
226000048,297,66,231
226000049,264,157,107
226000070,0,4,-4
226000071,0,33,-33
226000072,0,20,-20
226000073,0,10,-10
226000074,0,7,-7
226000084,1,10,-9
226000085,0,14,-14
226000086,2,9,-7
226000087,0,10,-10
226000088,9,10,-1
226000090,237,93,144
226000091,5,31,-26
226000092,0,4,-4
226000093,10,0,10
226000094,5,5,0
226000095,8,1,7
226000105,2,11,-9
226000106,2,0,2
226000107,4,0,4
226000108,7,9,-2
226000109,81,0,81
226000124,86,59,27
226000134,653,430,223
226000135,1158,404,754
226000136,369,339,30
226000137,0,60,-60
226000138,19,97,-78
226000139,6,38,-32
226000156,182,3,179
226000157,145,1,144
226000163,128,135,-7
226000202,15,117,-102
226000231,442,4,438
226000232,9,6,3
227000037,364,34,330
227000038,161,24,137
227000049,0,36,-36
227000050,0,47,-47
227000055,53,1,52
227000056,39,1,38
227000084,0,63,-63
227000085,0,43,-43
227000088,29,2,27
227000089,49,1,48
227000090,19,4,15
227000091,24,0,24
227000093,64,0,64
227000094,2,0,2
227000130,23,187,-164
227000131,22,118,-96
227000132,12,79,-67
227000133,13,91,-78
227000134,27,161,-134
227000152,0,8,-8
227000153,0,67,-67
227000155,0,11,-11
227000156,3,10,-7
227000165,9,168,-159
227000196,16,89,-73
227000199,401,10,391
227000230,7,98,-91
227000232,248,11,237
227000241,477,33,444
227000242,52,326,-274
227000243,337,58,279
227000244,323,63,260
227000245,15,173,-158
227000246,54,232,-178
227000247,275,36,239
227000248,132,43,89
227000249,22,159,-137
227000251,98,319,-221
227000252,35,108,-73
227000253,149,17,132
227000262,383,41,342
227000266,839,29,810
227000267,11,393,-382
227000486,192,166,26
227000655,298,2,296
227000661,40,13,27
227000680,57,49,8
229000265,15,16,-1
229000296,0,5,-5
229000297,1,10,-9
229000298,2,50,-48
229000320,4,9,-5
229000321,6,0,6
229000412,6,13,-7
229000414,7,27,-20
229000415,12,0,12
229000416,4,7,-3
229000417,0,2,-2
229000419,28,143,-115
229000440,172,55,117
229000442,27,0,27
229000443,2,1,1
229000444,0,13,-13
229000445,50,13,37
229000446,42,9,33
229000847,41,0,41
229000848,14,2,12
229000849,73,1,72
229000851,49,0,49
229000854,0,6,-6
229000856,0,27,-27
229000857,0,8,-8
229000858,0,17,-17
229000919,5,39,-34
229000930,3,156,-153
229000937,101,5,96
229000966,42,23,19
229000981,14,12,2
229000985,13,24,-11
229000986,0,2,-2
229000987,0,1,-1
229000988,6,1,5
229000989,9,3,6
229000990,0,1,-1
229000991,1,0,1
229000992,2,2,0
229000993,80,7,73
229000998,11,15,-4
229000999,71,11,60
229001034,0,8,-8
229001035,5,2,3
229001037,28,2,26
229001042,4,7,-3
229001047,7,12,-5
229001050,27,31,-4
229001200,27,4,23
229001338,2,2,0
229001394,202,1,201
229001422,108,13,95
229001423,24,54,-30
229001431,38,40,-2
229001432,22,43,-21
229001444,128,27,101
229001445,22,63,-41
229001503,211,55,156
229001504,78,43,35
229001505,137,39,98
229001506,53,73,-20
229001509,35,11,24
229001545,107,3,104
229001546,6,42,-36
229001553,72,9,63
229001554,29,30,-1
229001559,0,3,-3
229001560,10,17,-7
229001630,50,7,43
229001631,5,8,-3
229001635,0,3,-3
229001636,0,0,0
229001658,0,73,-73
229001659,24,1,23
229001660,3,4,-1
229001661,2,9,-7
229001662,17,0,17
229001663,0,12,-12
229002584,91,101,-10
229002831,49,43,6
229002841,3,10,-7
229002842,18,4,14
229002843,36,15,21
229002844,22,13,9
229002845,6,64,-58
229002846,6,19,-13
229002847,1,6,-5
229002848,7,7,0
229002849,0,42,-42
229002850,24,0,24
229002851,14,94,-80
229002852,71,6,65
229002853,89,7,82
229002854,25,16,9
229002855,6,9,-3
229002856,23,6,17
229002857,9,64,-55
229002858,9,6,3
229002859,10,38,-28
229002860,49,9,40
229002861,15,12,3
229002862,18,5,13
229002863,12,14,-2
229002864,28,11,17
229002865,4,22,-18
229002866,11,5,6
229002867,0,14,-14
229002868,3,4,-1
229002869,11,48,-37
229002870,27,9,18
235000066,135,18,117
235000067,61,37,24
235000072,27,48,-21
235000073,51,252,-201
235000074,36,15,21
235000080,19,33,-14
235000081,90,59,31
235000082,216,16,200
235000083,152,24,128
235000084,42,38,4
235000085,149,10,139
235000089,6,4,2
235000092,17,72,-55
235000093,5,2,3
235000097,0,3,-3
235000098,74,5,69
235000099,6,6,0
235000116,35,14,21
235000117,218,13,205
235000133,6,280,-274
235000134,12,152,-140
235000206,5,5,0
235000207,3,7,-4
235000208,2,6,-4
235000209,7,0,7
235000210,4,3,1
235000212,1,12,-11
235000213,1,4,-3
235000220,0,3,-3
235000221,36,7,29
235000238,7,119,-112
235000239,2,45,-43
235000242,226,607,-381
235000245,185,104,81
235000246,5,33,-28
235000284,2,131,-129
235000295,70,11,59
235000305,234,19,215
235000306,296,11,285
235000307,27,2,25
235000308,6,0,6
235000309,56,0,56
235000310,26,0,26
235000311,37,15,22
235000322,0,15,-15
235000323,0,18,-18
235000324,0,14,-14
235000325,1,14,-13
235000326,9,50,-41
235000351,4,44,-40
235000352,3,36,-33
235000353,4,48,-44
235000354,7,59,-52
235000355,14,95,-81
235000356,43,3,40
235000357,19,7,12
235000358,17,11,6
235000359,7,2,5
235000360,8,1,7
235000361,57,4,53
235000381,58,76,-18
235000382,105,19,86
235000390,18,0,18
235000391,165,11,154
235000392,210,227,-17
235000393,96,114,-18
235000395,123,16,107
235000396,339,23,316
235000400,41,56,-15
235000401,14,65,-51
235000405,63,61,2
235000406,31,54,-23
235000407,20,51,-31
235000409,97,51,46
235000410,19,81,-62
235000411,0,14,-14
235000485,0,13,-13
235000486,5,0,5
235000549,82,27,55
235000550,79,44,35
235000599,96,20,76
235000600,0,9,-9
235000601,6,19,-13
235000602,70,16,54
235000614,0,4,-4
235000648,1,7,-6
235000649,17,1,16
235000685,0,3,-3
235000815,17,173,-156
235000834,0,8,-8
235000855,31,14,17
235000862,32,47,-15
235000891,0,12,-12
235000892,12,0,12
235000901,22,26,-4
235000907,0,3,-3
235001010,88,29,59
235001029,142,101,41
235001030,305,106,199
235001078,57,73,-16
235001079,33,40,-7
235001147,33,19,14
235001166,5,17,-12
235001167,36,7,29
235001169,31,307,-276
235001188,0,4,-4
235001189,2,0,2
235001197,3,5,-2
235001200,41,33,8
235001207,382,22,360
235001210,80,71,9
235001215,5,72,-67
235001239,0,19,-19
235001244,0,8,-8
235016267,0,35,-35
277102712,3,0,3
277103813,0,0,0
277104249,0,0,0
277104250,0,3,-3
277104251,0,8,-8
277104252,0,0,0
990011530,0,148,-148
990014944,3,134,-131
990015176,68,3,65
990016032,0,129,-129
990032570,2,14,-12
990070001,43,1,42
990070103,0,2,-2
990070601,0,25,-25
990070751,807,0,807
990070766,0,111,-111
990071180,273,114,159
990071343,45,24,21
990071387,0,4,-4
990071823,14,3,11
990072600,1,903,-902
990072964,2,212,-210
990073285,0,6,-6
990074393,0,301,-301
990074870,1405,22,1383
990075106,603,3,600
990075746,537,3,534
990076437,1368,10,1358
990076458,0,166,-166
997000007,220,10,210
997000041,0,88,-88
997000058,38,0,38
997000062,9,0,9
997000069,0,2,-2
997000070,0,15,-15
997000100,35,2,33
997000141,1,381,-380
997000198,14,313,-299
998000475,0,3,-3
998000736,0,69,-69
998000965,0,3,-3
998001031,0,40,-40
998001700,0,15,-15
998001899,0,0,0
998001900,7,0,7
998003073,601,1,600
998101900,0,0,0
998102850,1,83,-82
998501927,355,754,-399
998501929,102,21,81
998501930,39,0,39
998501931,151,66,85
998501932,0,0,0
998501933,33,0,33
998501937,12,1,11
998501944,1,0,1
998501950,0,2,-2
998501970,30,3,27
998501971,0,46,-46
998501973,0,14,-14
998501974,2,146,-144
998501975,78,29,49
998501976,153,1,152
998501977,0,11,-11
998501978,2,0,2
998501979,1,4,-3
998501980,31,3,28
998501981,34,0,34
998501982,1,58,-57
998501983,0,0,0
998502006,0,0,0
998502024,0,4,-4
998502032,0,1,-1
998502062,1,0,1
998502063,0,0,0
998502173,36,0,36
998502269,0,3,-3
998502546,0,108,-108
998502578,1,1,0
998502599,5,306,-301
998502621,0,0,0
998601159,0,32,-32
998601292,0,3,-3
999033574,0,158,-158
999800001,25,13,12
999800002,0,1,-1
999800003,1,1,0
999800004,0,3,-3
999800005,0,12,-12
