ID,insum,outsum,diff
100000001,569,758,-189
100000002,4044,638,3406
100000003,4470,2161,2309
100000004,1255,969,286
100000005,1711,3099,-1388
100000006,1045,114,931
100000007,2914,561,2353
100000008,234,569,-335
100000009,624,159,465
100000010,42,39,3
100000011,825,61,764
100000012,120,771,-651
100000013,21,204,-183
100000014,320,319,1
100000015,2943,1977,966
100000016,1266,1576,-310
100000017,965,952,13
100000018,1782,557,1225
100000019,5980,2021,3959
100000020,2140,5818,-3678
100000021,6419,2911,3508
100000022,3143,1253,1890
100000023,7089,1153,5936
100000025,2920,764,2156
100000028,3023,940,2083
100000029,417,232,185
100000030,616,88,528
100000031,6256,6747,-491
100000032,3070,4126,-1056
100000033,1076,2444,-1368
100000034,950,406,544
100000035,2710,858,1852
100000036,2871,1190,1681
100000037,436,476,-40
100000038,1454,910,544
100000039,897,175,722
100000040,374,132,242
100000041,870,398,472
100000042,900,324,576
100000043,853,337,516
100000044,401,826,-425
100000045,620,1440,-820
100000046,625,1424,-799
100000047,458,872,-414
100000048,603,635,-32
100000049,1761,2499,-738
100000051,620,1157,-537
100000053,95,4,91
100000054,352,29,323
100000055,1143,206,937
100000056,450,607,-157
100000057,1438,775,663
100000058,806,1282,-476
100000059,4,105,-101
100000060,525,393,132
100000061,2462,600,1862
100000062,1690,521,1169
100000063,521,252,269
100000064,1421,448,973
100000065,628,914,-286
100000066,204,783,-579
100000067,491,791,-300
100000068,805,1638,-833
100000069,356,1672,-1316
100000072,467,980,-513
100000073,1719,1303,416
100000075,686,300,386
100000076,2927,3054,-127
100000077,866,156,710
100000078,52,53,-1
100000079,39,49,-10
100000080,34,15,19
100000081,134,57,77
100000102,6707,1212,5495
100000103,4767,702,4065
100000104,4995,1908,3087
100000105,4197,857,3340
100000106,3071,1666,1405
100000107,903,558,345
100000108,1565,1018,547
100000109,5656,1345,4311
100000116,1518,695,823
100000117,65,29,36
100000118,1550,796,754
100000119,717,486,231
100000121,213,615,-402
100000122,2821,961,1860
100000123,3517,5941,-2424
100000124,5089,9408,-4319
100000125,2695,837,1858
100000126,1579,302,1277
100000127,3453,373,3080
100000128,1240,1280,-40
100000129,676,395,281
100000130,258,567,-309
100000131,2705,3255,-550
100000132,1069,1893,-824
100000133,5675,2923,2752
100000135,425,613,-188
100000139,363,167,196
100000140,384,138,246
100000142,297,571,-274
100000143,1613,749,864
100000144,4780,908,3872
100000147,1020,2480,-1460
100000150,57,441,-384
100000151,782,887,-105
100000153,1005,326,679
100000154,452,92,360
100000155,23,53,-30
100000156,155,84,71
100000157,35,60,-25
100000158,134,83,51
100000159,1587,490,1097
100000165,1433,866,567
100000169,856,356,500
100000174,2082,325,1757
100000179,155,517,-362
100000180,980,885,95
100000181,223,214,9
100000188,101,378,-277
100000189,923,314,609
100000190,670,342,328
100000191,534,436,98
100000192,67,110,-43
100000193,158,191,-33
100000330,2104,677,1427
100000355,259,500,-241
100000362,6358,3441,2917
100000363,2931,4846,-1915
100000364,420,106,314
100000365,3313,3866,-553
100000366,5699,2603,3096
100000367,3850,3430,420
100000368,2830,1646,1184
100000369,1339,1503,-164
100000370,157,401,-244
100000376,92,101,-9
100000379,7664,1612,6052
100000380,8103,2426,5677
100000384,7445,3976,3469
100000385,8186,3684,4502
100000386,10509,4976,5533
100000387,9425,4110,5315
100000388,8277,5373,2904
100000389,8046,4912,3134
100000390,8398,3931,4467
100000391,5691,5111,580
100000392,6369,1973,4396
100000393,2837,2244,593
100000394,10345,4467,5878
100000395,5366,1657,3709
100000396,7004,2138,4866
100000397,3902,2108,1794
100000398,11033,7718,3315
100000413,25,14,11
100000414,807,310,497
100900002,9,40,-31
100900003,193,76,117
100900004,13,595,-582
100900005,147,28,119
100900006,12,164,-152
100900007,470,9,461
100900008,3,341,-338
100900009,60,52,8
100900010,17,134,-117
100900011,87,277,-190
100900012,1,209,-208
100900013,363,8,355
100900014,2,10,-8
100900015,122,116,6
100900016,11,30,-19
100900017,689,26,663
100900018,0,35,-35
100900019,13,56,-43
100900020,422,9,413
100900021,263,1,262
100900022,7,10,-3
100900023,0,10,-10
100900024,863,2,861
100900025,6,5,1
100900026,71,138,-67
100900027,358,2142,-1784
100900028,145,166,-21
100900029,74,10,64
100900030,10,16,-6
100900031,459,19,440
100900032,167,1,166
100900033,224,131,93
100900034,423,2,421
100900035,740,2,738
100900036,13,2,11
100900037,40,215,-175
100900038,479,7,472
100900039,363,540,-177
100900040,174,739,-565
100900041,280,814,-534
100900042,787,263,524
100900043,0,0,0
100900044,3180,448,2732
100900045,154,1,153
100900046,729,12,717
100900047,426,78,348
100900048,143,27,116
100900049,49,247,-198
100900050,0,21,-21
100900051,60,46,14
100900052,333,14,319
100900053,150,19,131
100900054,35,96,-61
100900055,171,401,-230
100900056,201,251,-50
100900057,654,1493,-839
100900058,350,19,331
100900059,91,4,87
100900060,51,9,42
100900061,298,224,74
100900062,0,69,-69
100900063,154,379,-225
100900064,581,12,569
100900065,127,88,39
100900066,79,155,-76
100900067,10,6,4
100900068,82,106,-24
100900069,1975,9,1966
100900070,178,11,167
100900071,630,292,338
100900072,1,40,-39
100900073,98,521,-423
100900074,1,2,-1
100900075,1811,334,1477
100900076,19,52,-33
100900077,12,132,-120
100900078,81,535,-454
100900079,3,24,-21
100900080,21,117,-96
100900081,41,185,-144
100900082,86,751,-665
100900083,3,26,-23
100900085,11,72,-61
100900086,236,1413,-1177
100900088,84,788,-704
100900089,3,17,-14
100900090,105,305,-200
100900091,1,21,-20
100900092,259,218,41
100900093,93,206,-113
100900094,84,678,-594
100900095,0,12,-12
100900096,45,80,-35
100900097,0,3,-3
100900098,4,12,-8
100900099,40,614,-574
100900100,2,264,-262
100900101,358,33,325
100900102,19,35,-16
100900103,1,21,-20
100900104,8,159,-151
100900105,8,173,-165
100900106,54,5,49
100900107,1817,540,1277
100900108,5,11,-6
100900109,8,31,-23
100900110,0,0,0
100900111,41,153,-112
100900112,0,6,-6
100900113,25,12,13
100900114,8,20,-12
100900115,4,23,-19
100900116,602,1195,-593
100900117,191,421,-230
100900118,26,45,-19
100900119,9,16,-7
100900120,2,4,-2
100900121,211,589,-378
100900122,117,202,-85
100900123,71,112,-41
100900124,4,3,1
100900125,10,71,-61
100900126,101,123,-22
100900127,2,9,-7
100900128,65,132,-67
100900129,6,77,-71
100900131,47,169,-122
100900133,37,19,18
100900134,1,6,-5
100900135,0,99,-99
100900137,347,159,188
100900138,388,387,1
100900139,5,9,-4
100900140,3,777,-774
100900141,0,306,-306
100900142,6,7,-1
100900143,750,303,447
100900144,8,2,6
100900145,32,114,-82
100900147,42,154,-112
100900148,20,1163,-1143
100900149,63,56,7
100900151,79,515,-436
100900152,68,3,65
100900153,8,106,-98
100900154,41,19,22
100900155,3,7,-4
100900156,11,0,11
100900157,5,102,-97
100900159,0,33,-33
100900160,12,16,-4
100900161,87,1,86
100900162,17,222,-205
100900163,127,203,-76
100900164,44,35,9
100900165,15,22,-7
100900166,26,5,21
100900167,7,63,-56
100900168,45,155,-110
100900169,129,860,-731
100900170,26,7,19
100900171,15,645,-630
100900172,0,8,-8
100900173,5,644,-639
100900174,456,54,402
100900176,1255,149,1106
100900177,850,323,527
100900178,393,79,314
100900179,77,64,13
100900180,5,2,3
100900181,81,50,31
100900182,22,9,13
100900184,7,134,-127
100900186,830,679,151
100900187,10,150,-140
100900188,20,30,-10
100900189,644,166,478
100900191,1300,904,396
100900192,311,180,131
100900195,174,124,50
100900197,0,0,0
100900198,22,437,-415
100900199,0,0,0
100900200,508,346,162
100900201,41,674,-633
100900202,26,0,26
100900203,0,95,-95
100900204,270,221,49
100900205,128,305,-177
100900206,73,36,37
100900207,170,100,70
100900210,67,620,-553
100900211,261,102,159
100900213,43,19,24
100900214,990,151,839
100900215,6,39,-33
100900217,227,83,144
101000001,4374,2082,2292
101000002,3922,4042,-120
101000003,883,2613,-1730
101000004,9356,11412,-2056
101000005,3772,5719,-1947
101000006,6754,10244,-3490
101000007,2245,2966,-721
101000009,1843,2319,-476
101000010,985,1672,-687
101000011,2105,639,1466
101000012,2594,615,1979
101000013,483,1080,-597
101000014,695,688,7
101000015,995,743,252
101000016,1234,492,742
101000017,915,582,333
101000018,8514,2181,6333
101000020,7411,867,6544
101000021,2648,326,2322
101000022,321,36,285
101000023,2434,803,1631
101000025,201,406,-205
101000026,558,13,545
101000027,2704,1490,1214
101000028,1420,139,1281
101000029,108,787,-679
101000030,1354,52,1302
101000031,582,171,411
101000032,8165,2437,5728
101000033,3775,2560,1215
101000034,5087,1274,3813
101000035,1755,307,1448
101000036,2504,550,1954
101000037,6119,1246,4873
101000039,3991,1510,2481
101000040,4704,2940,1764
101000041,12766,5640,7126
101000042,1225,902,323
101000043,8658,4012,4646
101000045,1979,657,1322
101000046,2530,653,1877
101000047,1292,1118,174
101000048,882,912,-30
101000049,1001,1004,-3
101000050,1497,875,622
101000051,2129,1560,569
101000052,2193,670,1523
101000053,1035,1188,-153
101000054,1357,1003,354
101000055,1524,1616,-92
101000056,83,71,12
101000057,2902,667,2235
101000058,2563,891,1672
101000059,5177,1261,3916
101000060,2154,485,1669
101000061,1169,1044,125
101000062,1258,777,481
101000063,854,630,224
101000064,2027,603,1424
101000065,467,364,103
101000066,784,342,442
101000067,1325,497,828
101000068,517,245,272
101000069,733,75,658
101000070,1557,848,709
101000071,2314,867,1447
101000072,1109,3763,-2654
101000073,460,518,-58
101000074,4256,2882,1374
101000075,4793,2155,2638
101000077,917,926,-9
101000078,777,1600,-823
101000079,532,321,211
101000080,633,297,336
101000081,1137,1684,-547
101000082,3540,2421,1119
101000083,1828,2011,-183
101000084,1333,942,391
101000085,1613,1035,578
101000086,1157,1093,64
101000087,853,1288,-435
101000088,900,1062,-162
101000089,825,1625,-800
101000090,2396,1414,982
101000091,330,1348,-1018
101000092,567,1174,-607
101000093,1517,825,692
101000094,545,1348,-803
101000095,210,730,-520
101000096,251,689,-438
101000097,866,277,589
101000098,660,606,54
101000099,1220,1408,-188
101000100,1074,664,410
101000101,580,336,244
101000102,1915,387,1528
101000103,1081,416,665
101000104,627,547,80
101000105,1895,260,1635
101000106,1251,383,868
101000107,157,415,-258
101000108,1762,356,1406
101000109,227,54,173
101000110,48,805,-757
101000111,143,226,-83
101000113,169,770,-601
101000114,4859,1964,2895
101000115,114,200,-86
101000116,161,176,-15
101000117,670,277,393
101000119,188,49,139
101000120,260,22,238
101000121,104,25,79
101000122,207,50,157
101000123,67,38,29
101000124,192,112,80
101000125,207,500,-293
101000128,1430,234,1196
101000130,204,247,-43
101000131,572,755,-183
101000132,401,2011,-1610
101000135,113,13,100
101000136,372,76,296
101000137,22,241,-219
101000141,2634,2813,-179
101000147,904,565,339
101000148,2352,32,2320
101000149,195,90,105
101000150,70,1396,-1326
101000151,80,76,4
101000152,331,364,-33
101000153,629,472,157
101000154,174,2025,-1851
101000155,150,125,25
101000156,16,304,-288
101000157,65,11,54
101000160,72,61,11
101000163,338,134,204
101000164,497,555,-58
101000165,166,362,-196
101000166,235,271,-36
101000168,809,418,391
101000252,1532,993,539
101000254,441,36,405
101000258,13,2,11
101000261,76,34,42
101000262,2446,1315,1131
101000263,227,603,-376
101000265,64,750,-686
101000266,436,268,168
101000269,182,5,177
101000290,1830,3511,-1681
101000293,14,73,-59
101000294,413,338,75
101000295,129,560,-431
101000301,883,263,620
101000304,3876,3040,836
101000305,3974,2208,1766
101000328,167,411,-244
101900001,12,73,-61
101900002,0,13,-13
101900003,269,111,158
101900004,5,42,-37
101900005,5903,1312,4591
101900006,1065,366,699
101900007,648,71,577
101900008,208,375,-167
101900009,60,582,-522
101900010,1050,625,425
101900011,355,1679,-1324
101900012,115,341,-226
101900013,1341,149,1192
101900017,20,167,-147
101900018,1878,255,1623
101900019,322,137,185
101900020,19,76,-57
101900021,0,53,-53
101900022,93,1485,-1392
101900023,97,283,-186
101900026,147,32,115
101900027,10,132,-122
102000001,5806,4481,1325
102000002,4182,1411,2771
102000003,3680,6824,-3144
102000004,8430,3413,5017
102000005,1901,2582,-681
102000006,2746,2455,291
102000007,1646,6005,-4359
102000008,6045,2324,3721
102000009,4790,8121,-3331
102000010,5454,4705,749
102000011,2807,2217,590
102000012,4741,4768,-27
102000018,3830,2909,921
102000019,3141,2387,754
102000026,276,1474,-1198
102000029,394,257,137
102000030,95,362,-267
102000031,51,233,-182
102000032,348,517,-169
102000033,225,487,-262
102000034,445,762,-317
102000035,889,712,177
102000036,5,639,-634
102000037,216,140,76
102000038,568,143,425
102000039,567,144,423
102000040,726,101,625
102000041,285,583,-298
102000042,497,268,229
102000043,448,255,193
102000044,1808,763,1045
102000045,1081,1451,-370
102000046,1577,738,839
102000047,577,1624,-1047
102000048,233,1091,-858
102000049,1944,856,1088
102000050,1371,1214,157
102000051,464,868,-404
102000052,1557,860,697
102000053,1850,1059,791
102000054,545,1067,-522
102000055,840,1375,-535
102000056,513,1943,-1430
102000057,1151,662,489
102000058,1086,2328,-1242
102000059,1523,1507,16
102000060,1363,1117,246
102000061,1066,2840,-1774
102000062,1067,1370,-303
102000063,1160,1796,-636
102000064,608,786,-178
102000065,34,163,-129
102000066,888,2226,-1338
102000067,2845,3652,-807
102000068,14056,3998,10058
102000069,56,1907,-1851
102000070,1830,94,1736
102000071,9156,10579,-1423
102000072,3292,5895,-2603
102000073,903,603,300
102000074,885,794,91
102000075,218,380,-162
102000076,225,659,-434
102000077,410,1591,-1181
102000078,682,1140,-458
102000079,115,250,-135
102000080,188,213,-25
102000081,385,806,-421
102000082,847,318,529
102000083,415,406,9
102000084,114,498,-384
102000085,1608,1507,101
102000086,951,1209,-258
102000087,1090,1784,-694
102000088,183,385,-202
102000089,1004,424,580
102000090,335,1022,-687
102000091,1669,389,1280
102000092,269,959,-690
102000093,667,718,-51
102000094,1070,627,443
102000095,938,989,-51
102000096,673,779,-106
102000097,997,812,185
102000098,607,825,-218
102000099,959,545,414
102000100,951,1111,-160
102000101,1637,659,978
102000102,317,4219,-3902
102000103,1427,469,958
102000104,1365,383,982
102000105,264,1043,-779
102000106,615,1238,-623
102000107,1004,719,285
102000108,622,397,225
102000109,638,698,-60
102000110,610,2019,-1409
102000111,11,460,-449
102000112,130,100,30
102000113,8,35,-27
102000114,1429,403,1026
102000115,224,267,-43
102000116,717,334,383
102000117,326,533,-207
102000118,2460,995,1465
102000119,2924,606,2318
102000120,203,552,-349
102000121,857,539,318
102000122,433,790,-357
102000123,1337,1001,336
102000124,1079,1004,75
102000125,807,1089,-282
102000126,541,716,-175
102000127,922,699,223
102000128,623,1098,-475
102000129,943,917,26
102000130,419,627,-208
102000131,1548,512,1036
102000132,582,467,115
102000133,1092,2722,-1630
102000134,667,957,-290
102000135,1097,1631,-534
102000136,1252,903,349
102000137,725,723,2
102000138,182,350,-168
102000139,83,312,-229
102000140,351,178,173
102000141,136,545,-409
102000142,219,375,-156
102000143,109,585,-476
102000144,187,447,-260
102000145,251,450,-199
102000146,361,324,37
102000147,329,315,14
102000148,280,374,-94
102000149,149,694,-545
102000150,157,427,-270
102000151,208,442,-234
102000152,104,244,-140
102000153,1154,478,676
102000154,679,815,-136
102000155,138,303,-165
102000156,654,90,564
102000157,266,217,49
102000158,906,594,312
102000159,1579,549,1030
102000161,4332,1994,2338
102000162,189,182,7
102000163,95,557,-462
102000164,1076,900,176
102000165,370,119,251
102000166,81,188,-107
102000167,272,179,93
102000168,256,171,85
102000169,74,771,-697
102000170,683,154,529
102000171,275,70,205
102000172,354,381,-27
102000173,685,279,406
102000174,24,76,-52
102000175,111,202,-91
102000176,67,75,-8
102000178,270,549,-279
102000179,392,237,155
102000180,484,623,-139
102000181,400,857,-457
102000182,424,707,-283
102000183,1266,2315,-1049
102000184,1642,1078,564
102000185,2045,1747,298
102000186,865,2221,-1356
102000187,570,2042,-1472
102000188,732,1643,-911
102000189,3181,1068,2113
102000190,598,2645,-2047
102000191,1164,597,567
102000192,838,1203,-365
102000193,86,182,-96
102000194,100,147,-47
102000195,717,587,130
102000196,176,612,-436
102000197,511,499,12
102000198,171,999,-828
102000199,567,318,249
102000200,327,1183,-856
102000201,578,529,49
102000202,18,169,-151
102000203,327,382,-55
102000204,391,1354,-963
102000205,1143,725,418
102000206,881,893,-12
102000207,1214,551,663
102000208,577,653,-76
102000209,28,52,-24
102000210,450,623,-173
102000211,338,473,-135
102000212,228,16,212
102000213,2,420,-418
102000214,160,21,139
102000215,4,644,-640
102000216,85,64,21
102000217,22,194,-172
102000218,238,169,69
102000219,598,382,216
102000225,761,862,-101
102000226,3193,976,2217
102000227,308,4,304
102000228,0,135,-135
102000229,71,41,30
102000230,269,631,-362
102000231,307,542,-235
102000232,17,483,-466
102000233,403,1128,-725
102000234,106,959,-853
102000236,214,133,81
102000237,984,199,785
102000238,176,386,-210
102000240,774,536,238
102000241,158,101,57
102000243,10,96,-86
102000245,29,106,-77
102000246,22,36,-14
102000247,1707,1209,498
102000248,871,745,126
102000249,103,165,-62
102000250,48,572,-524
102000254,52,524,-472
102000266,52,171,-119
102000271,38,0,38
102000286,559,435,124
102000297,2201,1431,770
102000307,0,2,-2
102000316,232,384,-152
102900001,1198,1241,-43
102900002,253,29,224
102900003,42,364,-322
102900005,222,399,-177
102900006,438,299,139
102900007,271,34,237
102900008,163,107,56
102900009,368,163,205
102900010,654,375,279
102900011,1958,596,1362
102900012,347,72,275
102900013,10,88,-78
102900015,788,482,306
102900016,26,123,-97
102900017,95,685,-590
102900018,11,125,-114
102900019,476,708,-232
102900020,123,49,74
102900021,24,159,-135
102900022,616,96,520
102900023,19,83,-64
102900024,32,39,-7
102900025,296,141,155
102900026,789,1403,-614
102900027,54,66,-12
102900028,81,740,-659
102900029,143,223,-80
102900030,353,270,83
102900031,119,157,-38
102900032,45,157,-112
102900033,96,177,-81
102900034,333,156,177
102900035,77,422,-345
102900036,310,636,-326
102900037,183,823,-640
102900038,395,760,-365
102900039,17,352,-335
102900040,102,233,-131
102900041,56,245,-189
102900042,127,406,-279
102900043,114,285,-171
102900044,699,2061,-1362
102900045,84,572,-488
102900046,94,291,-197
102900047,40,641,-601
102900048,568,862,-294
102900049,98,413,-315
102900050,236,387,-151
102900051,179,268,-89
102900053,339,928,-589
102900054,859,1003,-144
102900055,68,142,-74
102900056,97,506,-409
102900057,1,24,-23
102900058,239,99,140
102900059,21,52,-31
102900060,126,438,-312
102900061,98,565,-467
102900062,162,1638,-1476
102900063,877,487,390
102900064,142,631,-489
102900065,1974,265,1709
102900066,284,79,205
102900068,92,69,23
102900070,260,751,-491
102900072,18,41,-23
102900073,109,13,96
102900075,72,54,18
102900076,268,83,185
102900077,28,30,-2
102900078,52,103,-51
102900079,268,13,255
102900080,312,28,284
102900081,75,310,-235
102900082,7,259,-252
102900083,383,17,366
102900084,4,12,-8
102900085,214,110,104
102900086,9,53,-44
102900087,116,131,-15
102900088,87,28,59
102900089,322,133,189
102900090,1,434,-433
102900091,134,2,132
102900092,167,1125,-958
102900094,1,96,-95
102900095,206,0,206
102900096,47,17,30
102900097,4,110,-106
103000001,2523,3462,-939
103000002,3438,2780,658
103000003,4929,3057,1872
103000004,973,677,296
103000005,2336,3798,-1462
103000006,636,1583,-947
103000007,411,889,-478
103000008,1396,1085,311
103000009,1167,975,192
103000010,257,222,35
103000011,1622,1163,459
103000012,1005,1605,-600
103000013,5924,2117,3807
103000014,1169,2787,-1618
103000015,3232,750,2482
103000016,642,1210,-568
103000017,194,421,-227
103000018,1285,488,797
103000019,178,241,-63
103000020,3007,1568,1439
103000021,2495,1704,791
103000022,1044,1237,-193
103000023,557,1964,-1407
103000024,108,208,-100
103000025,56,519,-463
103000026,1466,165,1301
103000027,255,506,-251
103000028,495,390,105
103000029,291,145,146
103000030,1653,638,1015
103000031,1585,2971,-1386
103000032,1534,1735,-201
103000033,2562,2951,-389
103000034,1640,952,688
103000035,352,1912,-1560
103000036,519,497,22
103000037,511,391,120
103000038,373,1087,-714
103000039,255,608,-353
103000040,360,1590,-1230
103000041,1533,2839,-1306
103000042,744,823,-79
103000043,473,1531,-1058
103000044,101,282,-181
103000046,185,607,-422
103000047,680,712,-32
103000048,143,223,-80
103000049,102,239,-137
103000050,833,899,-66
103000051,335,633,-298
103000052,793,498,295
103000053,157,630,-473
103000054,2497,1464,1033
103000055,1622,2464,-842
103000056,545,2069,-1524
103000057,318,492,-174
103000058,490,1109,-619
103000059,270,920,-650
103000060,770,856,-86
103000061,273,969,-696
103000062,1090,861,229
103000063,592,858,-266
103000064,149,288,-139
103000065,6,453,-447
103000066,192,6,186
103000069,209,466,-257
103000070,1033,1187,-154
103000071,1055,528,527
103000072,85,1055,-970
103000073,496,159,337
103000074,617,78,539
103000075,148,876,-728
103000076,229,324,-95
103000077,105,414,-309
103000078,2013,612,1401
103000079,1797,813,984
103000080,1409,383,1026
103000081,588,1022,-434
103000082,544,257,287
103000083,136,391,-255
103000084,216,8,208
103000085,9,128,-119
103000086,1392,472,920
103000087,430,489,-59
103000088,729,383,346
103000089,384,820,-436
103000090,1770,920,850
103000091,506,544,-38
103000092,454,287,167
103000093,344,574,-230
103000094,200,116,84
103000095,39,445,-406
103000096,782,165,617
103000097,82,745,-663
103000098,1089,238,851
103000099,392,679,-287
103000100,102,1080,-978
103000101,706,128,578
103000102,87,850,-763
103000103,571,213,358
103000104,217,116,101
103000105,136,188,-52
103000106,24,79,-55
103000107,229,74,155
103000108,1485,645,840
103000109,680,405,275
103000110,403,425,-22
103000111,954,364,590
103000112,543,242,301
103000113,1467,874,593
103000114,3866,377,3489
103000115,351,597,-246
103000116,401,610,-209
103000117,291,598,-307
103000118,2114,928,1186
103000119,2230,572,1658
103000120,150,72,78
103000121,362,627,-265
103000122,595,363,232
103000125,5,426,-421
103000126,348,6,342
103000127,0,220,-220
103000128,101,0,101
103000129,2,166,-164
103000130,38,19,19
103000131,145,90,55
103000132,37,109,-72
103000133,7,79,-72
103000134,740,793,-53
103000135,801,254,547
103000136,1049,458,591
103000137,948,557,391
103000138,1191,814,377
103000139,0,73,-73
103000140,281,42,239
103000141,51,115,-64
103000142,110,88,22
103000143,205,218,-13
103000144,186,116,70
103000145,33,11,22
103000150,85,61,24
103000152,630,268,362
103000153,552,189,363
103000156,3,567,-564
103000157,257,3,254
103000159,71,47,24
103000162,156,38,118
103000163,13,34,-21
103000164,47,36,11
103000165,278,505,-227
103000166,191,283,-92
103000167,402,130,272
103000168,69,180,-111
103000169,206,540,-334
103000170,401,642,-241
103000171,40,78,-38
103000172,236,426,-190
103000173,261,887,-626
103000174,140,420,-280
103000175,133,504,-371
103000176,1120,414,706
103000177,976,412,564
103000178,333,293,40
103000179,207,32,175
103000183,77,39,38
103000185,84,94,-10
103000186,102,260,-158
103000187,320,796,-476
103000188,18,51,-33
103000189,2818,1035,1783
103000191,429,536,-107
103000292,4257,1209,3048
103000293,1251,1544,-293
103000295,90,84,6
103000296,189,2,187
103000297,3,0,3
103000504,92,29,63
103000505,15,10,5
103000506,0,273,-273
103000507,198,2,196
103000508,62,34,28
103000509,304,523,-219
103000514,37,11,26
103900001,1,359,-358
103900002,2187,180,2007
103900003,1512,18,1494
103900004,80,0,80
103900005,1,248,-247
103900006,0,0,0
103900007,14,0,14
103900008,19,1,18
103900009,272,372,-100
103900010,103,345,-242
103900011,158,264,-106
103900012,6,21,-15
103900013,30,83,-53
103900014,36,22,14
103900015,34,12,22
103900016,264,287,-23
103900017,31,108,-77
103900018,720,243,477
103900019,40,192,-152
103900020,191,364,-173
103900021,924,70,854
103900022,782,509,273
103900023,75,1,74
103900024,122,524,-402
103900025,3,42,-39
103900026,11,0,11
103900027,654,352,302
103900028,23,241,-218
103900029,947,165,782
103900030,1112,32,1080
103900031,10,1,9
103900032,52,54,-2
103900033,223,3,220
103900034,13,362,-349
103900035,64,79,-15
103900036,105,28,77
103900037,101,31,70
103900038,65,170,-105
103900039,30,504,-474
103900040,10,164,-154
103900041,40,37,3
103900042,25,415,-390
103900043,107,130,-23
103900044,303,367,-64
103900045,229,223,6
103900047,28,27,1
103900048,71,25,46
103900049,231,1696,-1465
103900050,2,78,-76
103900051,0,27,-27
103900052,189,748,-559
103900053,189,1239,-1050
103900054,52,539,-487
103900055,455,201,254
103900056,15,45,-30
103900057,24,260,-236
103900058,140,772,-632
103900059,0,7,-7
103900060,28,259,-231
103900061,85,64,21
103900062,248,84,164
103900063,3,0,3
103900064,73,4,69
103900065,606,467,139
103900066,95,6,89
103900067,148,7,141
103900068,10,0,10
103900069,108,16,92
103900070,82,323,-241
103900071,13,142,-129
103900072,11,286,-275
103900073,62,26,36
103900074,43,115,-72
103900075,101,109,-8
103900076,329,861,-532
103900077,66,76,-10
103900078,126,166,-40
103900079,65,202,-137
103900080,15,30,-15
103900081,227,22,205
103900082,2,114,-112
103900083,2127,1531,596
103900084,32,154,-122
103900085,78,120,-42
103900086,468,278,190
103900088,349,238,111
103900089,35,216,-181
103900090,6,261,-255
103900091,775,241,534
103900092,1198,581,617
103900093,91,311,-220
103900094,2,122,-120
103900095,957,140,817
103900096,15,266,-251
103900097,9,429,-420
103900098,164,117,47
103900099,39,239,-200
103900100,120,356,-236
103900101,61,1001,-940
103900102,0,21,-21
103900104,1,28,-27
103900105,90,225,-135
103900106,0,17,-17
103900107,34,243,-209
103900108,32,533,-501
103900109,32,123,-91
103900110,188,63,125
103900111,65,901,-836
103900112,17,73,-56
103900113,153,220,-67
103900114,650,403,247
103900115,185,239,-54
103900116,8047,2895,5152
103900117,157,116,41
103900119,22,37,-15
103900120,49,172,-123
103900122,39,341,-302
103900123,2445,612,1833
103900124,45,618,-573
103900125,96,91,5
103900126,348,738,-390
103900127,108,870,-762
103900128,49,202,-153
103900131,10,109,-99
103900133,931,22,909
103900134,0,3,-3
103900135,1,8,-7
103900137,0,54,-54
103900138,80,548,-468
103900139,1078,1370,-292
103900140,5,72,-67
103900141,265,70,195
103900142,137,359,-222
103900143,24,4,20
103900144,0,99,-99
103900145,185,335,-150
103900146,230,456,-226
103900147,357,100,257
103900148,203,255,-52
103900149,265,1085,-820
103900150,8876,3470,5406
103900151,35,202,-167
103900152,297,658,-361
103900153,16,3,13
103900154,1078,2292,-1214
103900155,15,340,-325
103900156,16,304,-288
103900157,21,310,-289
103900158,37,291,-254
103900159,94,114,-20
103900160,73,28,45
103900161,76,229,-153
103900162,59,441,-382
103900163,5,542,-537
103900167,27,51,-24
103900168,116,145,-29
103900169,24,36,-12
103900170,2,141,-139
103900171,1,85,-84
103900172,7,45,-38
103900173,5,10,-5
103900174,95,47,48
103900175,80,38,42
103900176,8,17,-9
103900177,17,63,-46
103900178,21,109,-88
103900179,33,280,-247
103900180,0,152,-152
103900181,62,81,-19
103900182,37,12,25
103900184,668,42,626
103900185,355,194,161
103900187,112,56,56
103900188,43,18,25
103900189,96,6,90
103900190,88,56,32
103900191,23,37,-14
103900192,22,72,-50
103900193,155,99,56
103900194,87,384,-297
103900195,6,42,-36
103900196,16,36,-20
103900197,4,16,-12
103900198,3,47,-44
103900199,123,75,48
103900200,112,165,-53
103900201,77,191,-114
103900202,0,57,-57
103900203,34,22,12
103900204,1,114,-113
103900207,0,187,-187
103900208,47,1,46
103900209,2,88,-86
103900210,28,30,-2
103900211,352,712,-360
103900212,35,561,-526
103900213,298,283,15
103900214,606,123,483
103900215,702,291,411
103900216,11,423,-412
103900217,521,15,506
103900218,41,576,-535
103900219,142,550,-408
103900233,35,2,33
103900235,67,20,47
103900236,45,1,44
103900242,5,15,-10
103900243,19,13,6
103900244,71,443,-372
103900245,131,205,-74
103900246,89,42,47
103900247,44,87,-43
103900248,27,32,-5
103900249,27,55,-28
103900250,87,66,21
103900251,8,80,-72
103900253,68,104,-36
103900254,20,45,-25
103900255,91,13,78
103900256,95,61,34
103900257,350,291,59
103900258,80,3,77
103900259,77,8,69
103900261,12,4,8
103900262,103,10,93
103900263,96,155,-59
103900264,99,53,46
103900265,104,8,96
103900266,1,72,-71
103900267,11,59,-48
103900268,5,172,-167
103900269,108,55,53
103900270,26,193,-167
103900271,10,182,-172
103900272,130,137,-7
103900273,36,130,-94
103900274,51,21,30
103900275,22,3,19
103900276,5,168,-163
103900277,5,183,-178
103900278,13,103,-90
103900279,1,18,-17
103900280,3,315,-312
103900281,69,223,-154
103900282,9,26,-17
103900283,19,11,8
103900284,4,8,-4
103900285,13,16,-3
103900286,45,41,4
103900287,10,18,-8
103900288,211,19,192
103900289,71,0,71
103900290,220,14,206
103900291,10,0,10
103900292,10,5,5
103900293,32,19,13
103900294,8,21,-13
104000001,2219,2507,-288
104000002,1813,3888,-2075
104000003,2406,2910,-504
104000004,3369,3546,-177
104000005,1373,2383,-1010
104000006,2435,4219,-1784
104000007,4816,4813,3
104000008,378,539,-161
104000009,183,130,53
104000010,111,249,-138
104000011,880,384,496
104000012,175,489,-314
104000013,141,169,-28
104000014,271,916,-645
104000015,204,202,2
104000016,608,492,116
104000018,619,208,411
104000019,452,152,300
104000020,240,780,-540
104000021,410,658,-248
104000022,155,283,-128
104000023,465,458,7
104000024,293,402,-109
104000026,57,330,-273
104000027,410,520,-110
104000028,389,315,74
104000029,403,553,-150
104000030,208,248,-40
104000031,833,343,490
104000032,238,386,-148
104000033,521,477,44
104000034,321,405,-84
104000035,629,399,230
104000036,627,558,69
104000037,238,351,-113
104000038,271,592,-321
104000039,133,361,-228
104000040,493,508,-15
104000041,756,418,338
104000042,258,495,-237
104000043,294,510,-216
104000044,198,862,-664
104000045,1234,1595,-361
104000046,1767,1797,-30
104000047,804,1421,-617
104000048,1102,1893,-791
104000049,485,360,125
104000050,155,747,-592
104000051,165,857,-692
104000052,1641,2209,-568
104000053,1019,804,215
104000054,401,445,-44
104000055,5801,2731,3070
104000056,1906,366,1540
104000057,345,736,-391
104000058,753,980,-227
104000059,532,1755,-1223
104000060,959,1426,-467
104000061,1537,1410,127
104000062,464,376,88
104000064,757,515,242
104000065,331,533,-202
104000069,2146,1267,879
104000070,94,485,-391
104000071,366,624,-258
104000072,746,607,139
104000075,68,356,-288
104000076,685,81,604
104000082,2872,2982,-110
104000083,882,262,620
104000084,117,521,-404
104000085,304,294,10
104000086,203,438,-235
104000087,510,1400,-890
104000090,643,1958,-1315
104000092,786,3311,-2525
104000094,1026,2181,-1155
104000095,1847,1892,-45
104000096,1258,558,700
104000097,1447,1328,119
104000098,1415,1649,-234
104000100,1355,668,687
104000101,1104,3678,-2574
104000106,380,884,-504
104000107,611,459,152
104000108,358,812,-454
104000109,295,74,221
104000110,905,1140,-235
104000111,5536,2062,3474
104000112,2424,675,1749
104000116,7,1526,-1519
104000117,111,1445,-1334
104000118,394,292,102
104000119,430,380,50
104000120,173,1276,-1103
104000121,152,760,-608
104000122,523,683,-160
104000123,1329,1219,110
104000124,1374,2638,-1264
104000125,6160,3288,2872
104000126,246,418,-172
104000127,1686,3876,-2190
104000128,809,504,305
104000129,560,59,501
104000130,9,423,-414
104000131,1579,509,1070
104000132,1599,676,923
104000133,1200,1099,101
104000134,693,1793,-1100
104000135,314,1187,-873
104000136,578,2837,-2259
104000137,1146,317,829
104000138,1321,823,498
104000139,8668,2974,5694
104000141,1033,1831,-798
104000142,672,999,-327
104000143,665,804,-139
104000144,124,242,-118
104000145,406,218,188
104000146,452,870,-418
104000147,132,456,-324
104000148,194,171,23
104000149,157,428,-271
104000150,678,492,186
104000151,349,642,-293
104000152,561,726,-165
104000153,394,546,-152
104000154,1164,695,469
104000155,302,461,-159
104000157,1046,1881,-835
104000158,355,321,34
104000159,749,435,314
104000160,1457,1752,-295
104000161,338,203,135
104000162,38,134,-96
104000165,1726,1185,541
104000167,479,792,-313
104000168,645,7,638
104000169,70,71,-1
104000170,546,371,175
104000248,228,1097,-869
104000251,111,268,-157
104000272,0,0,0
104000273,0,0,0
104000274,0,0,0
104000275,0,0,0
104000279,3730,1675,2055
104000290,72,396,-324
104000291,971,1617,-646
104000293,1365,794,571
104000294,6,0,6
104000295,685,994,-309
104000296,362,1163,-801
104000297,1226,1921,-695
104000298,2091,1264,827
104000299,875,2111,-1236
104000302,129,186,-57
104000303,198,230,-32
104900001,120,448,-328
104900002,37,127,-90
104900003,34,348,-314
104900004,79,346,-267
104900005,156,172,-16
104900006,186,113,73
104900007,236,276,-40
104900009,74,353,-279
104900010,42,31,11
104900011,9,5,4
104900012,170,13,157
104900013,88,14,74
104900014,3581,263,3318
104900015,144,6,138
104900016,133,385,-252
104900017,106,210,-104
104900018,8,207,-199
104900019,367,1904,-1537
104900020,36,307,-271
104900021,2,346,-344
104900022,24,216,-192
104900023,1,132,-131
104900024,14,179,-165
104900025,73,494,-421
104900026,3,156,-153
104900027,329,228,101
104900028,20,92,-72
104900029,25,147,-122
104900030,399,179,220
104900031,110,229,-119
104900032,58,165,-107
104900033,106,244,-138
104900034,262,133,129
104900035,197,120,77
104900036,143,67,76
104900037,102,406,-304
104900038,606,605,1
104900039,902,103,799
104900040,245,90,155
104900041,144,224,-80
104900042,113,418,-305
104900043,8,49,-41
104900044,331,228,103
104900045,356,39,317
104900046,78,135,-57
104900047,176,117,59
104900048,157,89,68
104900049,23,7,16
104900050,172,86,86
104900051,193,56,137
104900052,23,0,23
104900053,330,75,255
104900054,106,54,52
104900055,40,0,40
104900056,108,15,93
104900057,14,1,13
104900058,945,122,823
104900059,47,25,22
104900061,242,582,-340
104900063,32,238,-206
104900064,1,100,-99
104900065,0,104,-104
104900066,1,272,-271
104900067,4,255,-251
104900068,12,245,-233
104900070,108,237,-129
104900071,3,865,-862
104900072,37,201,-164
104900073,47,347,-300
104900074,37,193,-156
104900075,35,97,-62
104900076,50,333,-283
104900077,1642,106,1536
104900078,111,673,-562
104900079,145,325,-180
104900080,67,519,-452
104900082,11,333,-322
104900085,4,285,-281
104900089,68,0,68
104900091,430,827,-397
104900093,227,554,-327
104900097,4001,1471,2530
104900098,59,63,-4
104900099,80,398,-318
104900100,1002,291,711
104900102,20,292,-272
104900103,389,158,231
104900106,61,152,-91
104900107,58,319,-261
104900108,20,465,-445
104900109,73,475,-402
104900110,9,62,-53
104900111,135,113,22
104900112,207,1109,-902
104900113,557,501,56
104900114,191,737,-546
104900115,412,675,-263
104900116,164,282,-118
104900118,15,101,-86
104900119,0,26,-26
104900120,236,107,129
104900121,1,158,-157
104900122,4,116,-112
104900123,23,6,17
104900124,17,1,16
104900125,436,160,276
104900126,85,76,9
104900127,37,60,-23
104900128,34,75,-41
104900129,2998,1734,1264
105000001,2699,1757,942
105000002,2947,2004,943
105000003,4693,4218,475
105000004,513,1587,-1074
105000005,700,1389,-689
105000006,1494,1919,-425
105000007,1456,1734,-278
105000008,1825,2827,-1002
105000009,1646,3262,-1616
105000010,4055,3432,623
105000011,1711,2423,-712
105000012,4284,3283,1001
105000013,801,1329,-528
105000014,1232,2314,-1082
105000015,7945,7721,224
105000016,4366,2269,2097
105000017,3186,1028,2158
105000018,1677,1299,378
105000019,2215,1031,1184
105000020,344,390,-46
105000021,410,147,263
105000022,286,41,245
105000023,437,207,230
105000028,83,209,-126
105000029,395,1071,-676
105000030,4442,4131,311
105000031,8,29,-21
105000033,1331,2426,-1095
105000034,285,833,-548
105000037,599,542,57
105000038,1353,1476,-123
105000039,3001,1993,1008
105000040,559,822,-263
105000041,470,1444,-974
105000042,1884,1312,572
105000043,1730,1889,-159
105000044,356,358,-2
105000045,295,994,-699
105000046,703,449,254
105000047,447,1439,-992
105000048,649,280,369
105000049,322,1076,-754
105000050,603,477,126
105000051,366,834,-468
105000052,475,1189,-714
105000053,165,238,-73
105000054,355,1211,-856
105000055,942,470,472
105000056,906,3410,-2504
105000057,1142,1177,-35
105000058,1944,1630,314
105000059,651,730,-79
105000060,724,922,-198
105000061,369,646,-277
105000062,1241,1378,-137
105000063,402,846,-444
105000064,1366,776,590
105000065,645,1147,-502
105000066,1277,2364,-1087
105000067,1286,646,640
105000068,1054,1150,-96
105000069,4907,1193,3714
105000070,1221,773,448
105000071,737,769,-32
105000072,1632,2431,-799
105000073,1070,727,343
105000074,1377,972,405
105000075,1092,774,318
105000076,1828,1171,657
105000077,2439,1000,1439
105000078,1993,1228,765
105000079,2671,1860,811
105000080,2058,951,1107
105000081,2976,746,2230
105000082,1501,629,872
105000083,2415,932,1483
105000084,1117,1255,-138
105000085,1574,1091,483
105000086,767,1318,-551
105000087,3798,2181,1617
105000088,1492,1777,-285
105000089,2626,1968,658
105000090,990,757,233
105000091,1555,1856,-301
105000092,777,1350,-573
105000093,442,204,238
105000094,300,247,53
105000095,131,530,-399
105000096,1164,833,331
105000097,1472,851,621
105000098,1545,605,940
105000099,1943,1080,863
105000100,827,1488,-661
105000101,1989,2551,-562
105000102,1692,1705,-13
105000103,1672,2749,-1077
105000104,1782,1351,431
105000105,1020,2620,-1600
105000106,1259,1927,-668
105000107,1013,1490,-477
105000108,1016,2537,-1521
105000109,1227,1812,-585
105000110,520,1344,-824
105000111,580,809,-229
105000112,1171,1191,-20
105000113,375,804,-429
105000114,5910,1418,4492
105000115,411,1043,-632
105000116,791,547,244
105000117,1012,1814,-802
105000118,307,390,-83
105000119,533,1641,-1108
105000120,880,717,163
105000121,1055,1727,-672
105000122,336,521,-185
105000123,1322,1863,-541
105000124,1651,1099,552
105000125,919,2554,-1635
105000126,2088,2811,-723
105000127,2181,2352,-171
105000128,784,1792,-1008
105000129,1313,552,761
105000130,182,2097,-1915
105000131,883,657,226
105000132,744,573,171
105000133,539,1350,-811
105000134,815,715,100
105000135,646,818,-172
105000136,102,417,-315
105000137,334,269,65
105000138,238,470,-232
105000139,1095,1209,-114
105000140,233,657,-424
105000141,217,838,-621
105000142,133,566,-433
105000143,230,994,-764
105000144,307,963,-656
105000145,645,619,26
105000146,610,998,-388
105000147,564,458,106
105000148,1210,825,385
105000149,2000,2179,-179
105000150,2182,1840,342
105000151,516,374,142
105000152,192,885,-693
105000153,679,546,133
105000154,965,1322,-357
105000155,340,675,-335
105000156,1156,1289,-133
105000157,1015,2811,-1796
105000158,2211,807,1404
105000159,301,1685,-1384
105000160,1571,728,843
105000161,989,2328,-1339
105000162,708,1801,-1093
105000163,2895,1473,1422
105000164,184,349,-165
105000165,2856,5367,-2511
105000166,9371,488,8883
105000167,4318,1595,2723
105000168,258,1255,-997
105000169,424,452,-28
105000170,168,1871,-1703
105000171,1118,417,701
105000172,191,81,110
105000173,96,30,66
105000174,60,45,15
105000175,36,141,-105
105000176,127,127,0
105000177,269,191,78
105000178,82,994,-912
105000179,217,145,72
105000180,69,148,-79
105000181,44,634,-590
105000182,53,55,-2
105000183,3637,2412,1225
105000184,1214,978,236
105000185,1002,827,175
105000186,503,989,-486
105000187,599,269,330
105000188,512,93,419
105000189,364,564,-200
105000190,355,389,-34
105000191,627,449,178
105000192,266,72,194
105000193,246,145,101
105000194,354,91,263
105000195,286,1028,-742
105000196,77,164,-87
105000197,291,710,-419
105000198,696,287,409
105000199,647,560,87
105000200,149,228,-79
105000201,165,23,142
105000203,14,269,-255
105000204,87,112,-25
105000205,78,248,-170
105000207,506,210,296
105000208,308,499,-191
105000209,262,416,-154
105000211,126,35,91
105000212,1095,1872,-777
105000213,142,187,-45
105000214,65,308,-243
105000215,172,363,-191
105000216,100,307,-207
105000217,126,328,-202
105000218,668,1221,-553
105000221,189,349,-160
105000222,444,65,379
105000223,204,236,-32
105000226,73,432,-359
105000227,37,224,-187
105000228,380,1047,-667
105000229,158,279,-121
105000231,270,371,-101
105000233,643,631,12
105000234,647,1514,-867
105000235,466,611,-145
105000237,737,91,646
105000243,32,59,-27
105000248,155,61,94
105000262,260,2003,-1743
105000269,133,253,-120
105000270,329,140,189
105000271,1,311,-310
105000282,326,55,271
105000287,286,200,86
105000288,399,733,-334
105000289,3401,1258,2143
105000290,16,4,12
105000402,4904,2224,2680
105000426,450,543,-93
105000438,2938,753,2185
105000440,28,26,2
105000446,16172,5840,10332
105000447,8222,3368,4854
105000454,274,1067,-793
105000455,291,209,82
105000474,39,0,39
105000477,340,414,-74
105000478,1504,2595,-1091
105000479,288,162,126
105000480,4635,2790,1845
105000481,2966,2538,428
105000482,6067,3915,2152
105000483,1272,1523,-251
105000484,3100,3042,58
105000485,1306,1921,-615
105000486,4903,3049,1854
105000488,6988,4384,2604
105000489,936,927,9
105000549,89,177,-88
105000550,741,1326,-585
105000551,33,153,-120
105000552,4338,2403,1935
105000555,1839,735,1104
105000556,41,36,5
105000557,47,415,-368
105900001,7,1016,-1009
105900002,2221,424,1797
105900003,9,147,-138
105900004,251,160,91
105900005,3,239,-236
105900006,8,56,-48
105900007,24,10,14
105900008,65,818,-753
105900009,16,19,-3
105900011,78,60,18
105900012,223,114,109
105900013,2,19,-17
105900014,5,67,-62
105900015,141,357,-216
105900016,146,697,-551
105900017,763,55,708
105900018,206,482,-276
105900019,41,332,-291
105900020,35,66,-31
105900021,25,240,-215
105900022,187,365,-178
105900023,9,112,-103
105900024,12,103,-91
105900025,138,50,88
105900026,382,86,296
105900027,4510,3283,1227
105900028,262,141,121
105900029,2065,402,1663
105900030,243,270,-27
105900031,457,166,291
105900032,63,131,-68
105900033,171,119,52
105900034,152,234,-82
105900035,143,186,-43
105900036,35,207,-172
105900037,73,80,-7
105900038,133,437,-304
105900039,56,223,-167
105900040,57,90,-33
105900041,216,547,-331
105900042,87,130,-43
105900043,2722,57,2665
105900044,10,290,-280
105900045,8,826,-818
105900046,36,226,-190
105900047,12,45,-33
105900048,63,554,-491
105900050,2058,499,1559
105900051,3,1311,-1308
105900052,317,64,253
105900053,4592,2487,2105
105900054,302,321,-19
105900056,1031,253,778
105900057,22,154,-132
105900058,15,62,-47
105900059,0,40,-40
106000001,3837,2534,1303
106000002,3066,5437,-2371
106000003,3291,4023,-732
106000004,2807,3566,-759
106000005,2468,6235,-3767
106000006,6597,6091,506
106000007,467,614,-147
106000008,407,390,17
106000009,497,373,124
106000010,471,670,-199
106000011,785,1061,-276
106000012,827,1697,-870
106000013,1796,1965,-169
106000014,2100,1977,123
106000015,1270,1186,84
106000016,1239,2743,-1504
106000017,616,762,-146
106000018,613,587,26
106000019,313,581,-268
106000020,326,499,-173
106000021,308,548,-240
106000022,332,273,59
106000023,541,545,-4
106000024,636,830,-194
106000025,145,216,-71
106000026,131,438,-307
106000027,834,1356,-522
106000028,563,637,-74
106000029,857,1482,-625
106000030,856,357,499
106000034,157,717,-560
106000035,1241,1620,-379
106000036,287,357,-70
106000037,2316,1900,416
106000038,390,94,296
106000039,212,84,128
106000040,217,804,-587
106000041,780,429,351
106000043,619,137,482
106000046,415,83,332
106000047,93,449,-356
106000049,794,222,572
106000050,447,1117,-670
106000051,704,488,216
106000052,120,748,-628
106000053,159,150,9
106000054,360,509,-149
106000055,696,1083,-387
106000056,276,536,-260
106000057,207,283,-76
106000058,154,234,-80
106000059,207,256,-49
106000060,552,787,-235
106000061,181,548,-367
106000062,145,761,-616
106000063,420,675,-255
106000064,52,392,-340
106000065,282,246,36
106000066,101,481,-380
106000067,255,124,131
106000068,74,718,-644
106000069,204,86,118
106000070,416,869,-453
106000071,813,341,472
106000072,6021,2041,3980
106000073,2213,3203,-990
106000074,537,930,-393
106000075,325,1386,-1061
106000076,1615,1968,-353
106000077,4002,1551,2451
106000078,874,1028,-154
106000079,532,1198,-666
106000080,1115,840,275
106000081,507,1283,-776
106000082,2247,1054,1193
106000083,291,1573,-1282
106000084,1137,765,372
106000085,1747,1404,343
106000086,534,832,-298
106000087,905,690,215
106000088,341,835,-494
106000089,954,466,488
106000090,216,598,-382
106000091,284,933,-649
106000092,648,283,365
106000093,343,127,216
106000094,87,445,-358
106000095,494,1400,-906
106000096,714,807,-93
106000097,830,1554,-724
106000098,476,1168,-692
106000099,202,1006,-804
106000100,721,281,440
106000101,939,590,349
106000102,137,615,-478
106000103,196,757,-561
106000104,681,501,180
106000105,330,1023,-693
106000106,380,506,-126
106000107,181,667,-486
106000108,256,487,-231
106000109,112,540,-428
106000110,159,352,-193
106000111,158,655,-497
106000112,181,436,-255
106000113,1492,762,730
106000114,493,446,47
106000115,263,738,-475
106000116,138,272,-134
106000117,890,1033,-143
106000118,1104,1350,-246
106000119,2479,1457,1022
106000120,668,1143,-475
106000121,226,247,-21
106000122,113,358,-245
106000123,255,350,-95
106000124,28,416,-388
106000125,63,389,-326
106000126,249,288,-39
106000127,475,990,-515
106000128,578,565,13
106000129,892,733,159
106000130,656,1074,-418
106000131,164,922,-758
106000132,1361,219,1142
106000133,5263,1481,3782
106000134,1098,1402,-304
106000135,524,1429,-905
106000136,667,762,-95
106000137,64,1888,-1824
106000138,1124,111,1013
106000139,50,155,-105
106000140,31,106,-75
106000141,101,120,-19
106000142,37,94,-57
106000143,46,122,-76
106000144,33,81,-48
106000145,165,341,-176
106000146,253,243,10
106000147,694,1435,-741
106000148,784,1319,-535
106000149,462,1217,-755
106000150,534,2287,-1753
106000151,7298,802,6496
106000152,1456,1982,-526
106000153,119,1760,-1641
106000154,1795,354,1441
106000155,48,288,-240
106000156,506,333,173
106000157,592,2218,-1626
106000158,4049,990,3059
106000159,5535,1699,3836
106000160,317,2931,-2614
106000161,1604,565,1039
106000162,148,1051,-903
106000163,362,624,-262
106000164,318,371,-53
106000165,209,933,-724
106000166,1326,354,972
106000167,447,1670,-1223
106000168,297,306,-9
106000169,159,965,-806
106000170,464,266,198
106000171,127,1405,-1278
106000172,3616,1082,2534
106000173,1478,3361,-1883
106000174,942,344,598
106000175,339,1293,-954
106000176,1422,885,537
106000177,826,2934,-2108
106000178,3446,1931,1515
106000179,1179,2602,-1423
106000180,907,1920,-1013
106000181,508,2278,-1770
106000182,871,935,-64
106000183,753,1216,-463
106000184,1007,1188,-181
106000185,649,977,-328
106000186,977,141,836
106000187,242,1029,-787
106000188,0,0,0
106000189,4,41,-37
106000190,9,0,9
106000191,660,204,456
106000192,0,28,-28
106000193,376,191,185
106000194,170,366,-196
106000195,370,75,295
106000196,112,363,-251
106000197,341,378,-37
106000198,107,352,-245
106000199,887,635,252
106000200,506,156,350
106000201,598,2195,-1597
106000202,8152,607,7545
106000203,188,292,-104
106000204,93,16,77
106000205,21,186,-165
106000206,91,14,77
106000207,79,976,-897
106000208,804,132,672
106000209,973,360,613
106000210,241,1531,-1290
106000211,414,1530,-1116
106000212,767,289,478
106000213,779,1481,-702
106000214,2677,713,1964
106000215,324,725,-401
106000216,276,410,-134
106000217,389,623,-234
106000218,504,458,46
106000219,127,340,-213
106000220,317,304,13
106000221,130,296,-166
106000222,34,185,-151
106000223,84,186,-102
106000224,206,362,-156
106000225,88,80,8
106000226,300,338,-38
106000228,35,130,-95
106000229,122,900,-778
106000231,808,239,569
106000232,41,458,-417
106000233,343,172,171
106000234,60,216,-156
106000235,269,114,155
106000236,161,57,104
106000237,5,9,-4
106000238,53,10,43
106000239,2,121,-119
106000240,56,3,53
106000241,21,927,-906
106000242,249,27,222
106000249,51,94,-43
106000250,76,570,-494
106000251,69,44,25
106000252,12,108,-96
106000253,31,80,-49
106000254,52,67,-15
106000255,22,185,-163
106000256,58,73,-15
106000257,199,349,-150
106000258,140,36,104
106000259,5,38,-33
106000260,22,9,13
106000261,6,48,-42
106000262,39,33,6
106000263,10,113,-103
106000264,198,32,166
106000265,10,132,-122
106000266,125,22,103
106000267,11,126,-115
106000268,610,27,583
106000269,68,87,-19
106000270,256,549,-293
106000271,35,231,-196
106000272,145,85,60
106000273,10,258,-248
106000274,222,66,156
106000275,146,240,-94
106000276,128,49,79
106000277,144,257,-113
106000278,238,39,199
106000279,13,66,-53
106000280,43,286,-243
106000281,79,120,-41
106000282,71,68,3
106000283,116,135,-19
106000284,50,173,-123
106000285,109,175,-66
106000286,70,153,-83
106000287,93,137,-44
106000288,95,162,-67
106000289,56,55,1
106000290,91,98,-7
106000291,89,127,-38
106000292,148,116,32
106000293,122,116,6
106000294,171,180,-9
106000295,43,46,-3
106000296,57,141,-84
106000297,79,302,-223
106000298,193,69,124
106000299,77,184,-107
106000300,56,138,-82
106000301,67,149,-82
106000303,8,95,-87
106000304,46,49,-3
106000305,34,34,0
106000306,29,67,-38
106000307,42,24,18
106000308,32,195,-163
106000309,14,61,-47
106000310,265,718,-453
106000311,287,196,91
106000312,55,234,-179
106000313,176,232,-56
106000318,240,235,5
106000319,1025,360,665
106000320,1,26,-25
106000321,450,101,349
106000322,71,217,-146
106000324,7,146,-139
106000325,1386,916,470
106000326,992,2123,-1131
106000327,81,207,-126
106000328,16,145,-129
106000329,257,364,-107
106000330,41,69,-28
106000428,46,244,-198
106000429,154,700,-546
106000430,391,1740,-1349
106000431,1725,471,1254
106000432,2303,3875,-1572
106000433,2240,1437,803
106000434,2974,1488,1486
106000435,2396,3471,-1075
106000436,12,359,-347
106000437,259,19,240
106000438,314,158,156
106000439,53,548,-495
106000440,575,618,-43
106000441,0,0,0
106000442,357,5,352
106000443,90,553,-463
106000450,4,212,-208
106000451,73,94,-21
106000454,14,155,-141
106000455,15,192,-177
106000456,332,26,306
106000457,12,1213,-1201
106000458,360,330,30
106000459,153,449,-296
106000460,657,58,599
106000461,66,1858,-1792
106000462,0,16,-16
106000463,3,64,-61
106000464,6,647,-641
106000465,362,3,359
106000466,1,824,-823
106000467,661,698,-37
106000468,41,271,-230
106000469,506,5,501
106000470,281,1763,-1482
106000471,40,740,-700
106000472,95,21,74
106000473,14,22,-8
106000474,475,908,-433
106000475,300,352,-52
106000476,293,238,55
106000477,62,213,-151
106000480,2,220,-218
106900001,0,20,-20
106900002,2,562,-560
106900003,81,354,-273
106900004,1,105,-104
106900006,0,25,-25
106900007,0,22,-22
106900008,157,260,-103
106900009,271,523,-252
106900010,177,321,-144
106900012,2390,1172,1218
106900013,94,25,69
106900014,25,0,25
106900015,13,1,12
106900016,203,1,202
106900017,4,1,3
106900018,2,0,2
106900019,25,2,23
106900020,2701,850,1851
106900021,145,119,26
106900022,316,0,316
106900023,2,238,-236
106900024,173,9,164
106900025,23,427,-404
106900026,3,792,-789
106900027,2105,11,2094
106900028,7,196,-189
106900029,176,10,166
106900030,36,116,-80
107000001,3358,2630,728
107000002,4177,5289,-1112
107000003,3918,5694,-1776
107000004,5351,6765,-1414
107000005,2502,4644,-2142
107000006,4231,7494,-3263
107000007,3550,8431,-4881
107000008,16122,11723,4399
107000009,4239,5834,-1595
107000010,10993,11704,-711
107000011,1216,1444,-228
107000012,4867,4298,569
107000013,38,149,-111
107000014,41,414,-373
107000015,521,990,-469
107000016,596,1219,-623
107000017,2635,914,1721
107000018,10,258,-248
107000020,1369,396,973
107000021,936,799,137
107000022,740,1334,-594
107000023,1346,337,1009
107000024,364,1794,-1430
107000025,167,499,-332
107000026,192,709,-517
107000027,1219,1287,-68
107000028,1192,1989,-797
107000029,2143,2166,-23
107000030,3171,4062,-891
107000031,3069,2035,1034
107000032,430,1151,-721
107000033,4568,4615,-47
107000034,5736,2585,3151
107000035,406,265,141
107000036,512,1665,-1153
107000037,90,762,-672
107000038,352,189,163
107000039,899,793,106
107000040,152,275,-123
107000041,1863,734,1129
107000042,725,1662,-937
107000043,3682,1011,2671
107000044,789,248,541
107000045,191,280,-89
107000046,651,405,246
107000047,404,760,-356
107000048,679,344,335
107000049,548,806,-258
107000050,857,574,283
107000051,685,394,291
107000052,1253,1010,243
107000053,361,289,72
107000054,53,342,-289
107000055,317,158,159
107000056,574,877,-303
107000057,2938,237,2701
107000058,1893,2442,-549
107000059,2626,3885,-1259
107000060,3228,5821,-2593
107000061,6231,4396,1835
107000062,3077,3429,-352
107000063,4104,6767,-2663
107000064,3146,2130,1016
107000065,4252,6373,-2121
107000066,1340,2102,-762
107000067,645,948,-303
107000068,1421,617,804
107000069,869,459,410
107000070,637,8,629
107000071,1883,37,1846
107000072,53,4368,-4315
107000073,463,262,201
107000074,203,1064,-861
107000075,1054,393,661
107000076,963,1707,-744
107000077,2454,1001,1453
107000078,2397,3235,-838
107000079,1924,739,1185
107000080,1418,3424,-2006
107000081,997,628,369
107000082,516,2826,-2310
107000083,966,356,610
107000084,413,2416,-2003
107000085,2913,3570,-657
107000086,3657,4000,-343
107000087,3278,2458,820
107000088,3368,4261,-893
107000089,1380,2340,-960
107000090,995,1686,-691
107000091,912,1069,-157
107000092,791,1546,-755
107000093,1168,1015,153
107000094,1473,1630,-157
107000095,629,910,-281
107000096,575,1141,-566
107000097,627,527,100
107000098,537,1017,-480
107000099,546,382,164
107000100,364,384,-20
107000101,80,276,-196
107000102,489,369,120
107000103,367,220,147
107000104,290,530,-240
107000105,390,136,254
107000106,268,413,-145
107000107,555,279,276
107000108,222,1000,-778
107000109,503,259,244
107000110,83,676,-593
107000111,267,58,209
107000112,76,892,-816
107000113,501,143,358
107000114,124,1448,-1324
107000115,389,192,197
107000116,103,1362,-1259
107000117,96,465,-369
107000118,147,377,-230
107000119,2526,1325,1201
107000120,4861,348,4513
107000121,468,903,-435
107000122,1167,1092,75
107000123,241,1132,-891
107000124,452,1062,-610
107000125,574,1187,-613
107000126,749,1102,-353
107000129,279,1491,-1212
107000130,593,363,230
107000131,429,1263,-834
107000132,506,364,142
107000133,572,123,449
107000134,160,1,159
107000135,10,263,-253
107000136,589,3,586
107000137,16,473,-457
107000138,426,25,401
107000139,14,407,-393
107000140,1418,54,1364
107000141,99,1064,-965
107000142,393,73,320
107000143,49,1025,-976
107000144,377,471,-94
107000145,136,674,-538
107000146,89,325,-236
107000147,5063,1372,3691
107000150,1000,2148,-1148
107000151,49,80,-31
107000152,863,831,32
107000153,656,464,192
107000154,270,154,116
107000155,586,39,547
107000156,780,29,751
107000157,16,2308,-2292
107000158,486,28,458
107000159,47,1742,-1695
107000160,556,86,470
107000161,118,2033,-1915
107000162,215,376,-161
107000163,73,2,71
107000164,354,0,354
107000165,505,9,496
107000166,62,1665,-1603
107000167,484,276,208
107000168,779,408,371
107000169,1323,939,384
107000170,1403,758,645
107000171,477,2680,-2203
107000172,786,961,-175
107000173,684,1510,-826
107000174,638,3480,-2842
107000175,10549,1887,8662
107000176,2,2,0
107000177,3,0,3
107000178,20,73,-53
107000179,245,3229,-2984
107000180,747,348,399
107000181,339,1684,-1345
107000182,1275,980,295
107000183,105,988,-883
107000184,818,791,27
107000185,330,1290,-960
107000186,816,413,403
107000187,1022,1640,-618
107000188,540,559,-19
107000189,318,1297,-979
107000190,516,1017,-501
107000191,864,1664,-800
107000192,1529,1209,320
107000193,360,422,-62
107000194,1255,891,364
107000197,806,246,560
107000198,294,1011,-717
107000199,479,1015,-536
107000200,1368,679,689
107000201,300,207,93
107000202,302,552,-250
107000203,947,441,506
107000204,1384,462,922
107000205,1882,960,922
107000206,707,930,-223
107000207,785,1137,-352
107000208,1248,447,801
107000209,2177,925,1252
107000210,821,529,292
107000211,6,31,-25
107000212,8,366,-358
107000213,9,38,-29
107000214,13,210,-197
107000215,344,570,-226
107000216,245,515,-270
107000217,94,145,-51
107000219,55,97,-42
107000220,138,269,-131
107000222,361,838,-477
107000224,186,60,126
107000225,200,710,-510
107000226,159,71,88
107000227,107,435,-328
107000228,62,197,-135
107000229,574,146,428
107000230,1329,634,695
107000231,1722,968,754
107000232,113,134,-21
107000233,1240,717,523
107000234,1,46,-45
107000235,42,1,41
107000236,13,369,-356
107000237,16,0,16
107000238,9,2,7
107000239,6030,571,5459
107000240,89,1352,-1263
107000243,1,90,-89
107000244,7,82,-75
107000246,3,1363,-1360
107000249,4,1266,-1262
107000251,3,224,-221
107000252,5,1452,-1447
107000255,886,83,803
107000257,0,674,-674
107000258,0,191,-191
107000259,2,256,-254
107000260,349,2,347
107000262,12,740,-728
107000263,173,2,171
107000266,17,7,10
107000267,63,213,-150
107000268,141,179,-38
107000269,386,28,358
107000270,1,5,-4
107000271,11,964,-953
107000272,5,200,-195
107000273,2,213,-211
107000274,925,1,924
107000275,611,921,-310
107000280,496,15,481
107000281,48,1298,-1250
107000282,19,1158,-1139
107000290,2,28,-26
107000291,20,8,12
107000292,1,27,-26
107000293,45,4,41
107000294,0,23,-23
107000295,22,1,21
107000296,0,43,-43
107000444,230,6,224
107000496,0,25,-25
107000497,1289,3263,-1974
107000500,340,442,-102
107000501,91,195,-104
107000502,450,458,-8
107000505,828,941,-113
107000506,1,12,-11
107000508,5,756,-751
107000509,238,777,-539
107000510,20,19,1
107000514,49,275,-226
107000515,25,281,-256
107000516,233,216,17
107000518,994,943,51
107000519,5072,1169,3903
107000520,75,19,56
107000521,520,561,-41
107000522,711,1258,-547
107900001,36,210,-174
107900002,17,0,17
107900003,165,89,76
107900004,1,2,-1
107900005,765,2,763
107900006,122,0,122
107900007,215,41,174
107900008,27,35,-8
107900009,130,2,128
107900010,15,1,14
107900012,202,12,190
107900013,201,32,169
107900014,14,3,11
107900015,596,7,589
107900016,464,91,373
107900017,11,0,11
107900018,67,117,-50
107900019,6,80,-74
107900020,74,4,70
107900021,34,189,-155
107900023,0,0,0
107900024,0,33,-33
107900025,130,349,-219
107900026,70,159,-89
107900027,28,17,11
107900028,25,119,-94
107900030,142,14,128
107900031,32,230,-198
107900032,9,4,5
107900033,9,3,6
107900034,322,10,312
107900035,640,13,627
107900036,35,4,31
107900037,0,37,-37
107900038,144,130,14
107900039,15,113,-98
107900040,31,38,-7
107900041,0,0,0
107900043,38,239,-201
107900044,6,2,4
107900045,64,25,39
107900046,116,148,-32
107900047,7,69,-62
107900048,102,5,97
107900049,303,571,-268
107900050,107,449,-342
107900051,79,142,-63
107900052,43,5,38
107900053,28,134,-106
107900055,379,175,204
107900056,80,27,53
107900057,2,0,2
107900058,48,972,-924
107900060,22,58,-36
107900061,20,4,16
107900063,57,109,-52
107900064,320,66,254
107900065,120,5,115
107900066,6,8,-2
107900067,0,0,0
107900068,202,203,-1
107900069,37,1425,-1388
107900070,67,55,12
107900071,54,1075,-1021
107900072,55,255,-200
107900073,64,196,-132
107900074,961,157,804
107900076,134,36,98
107900077,34,0,34
107900079,7,23,-16
107900080,171,159,12
107900081,19,94,-75
107900082,27,21,6
107900083,415,103,312
107900084,76,83,-7
107900086,54,113,-59
107900087,551,80,471
107900088,36,16,20
107900089,328,853,-525
107900090,540,1797,-1257
107900091,199,528,-329
107900093,73,84,-11
107900095,3333,1452,1881
107900097,24,36,-12
107900098,43,137,-94
107900100,1173,954,219
107900101,1308,188,1120
107900102,12,6,6
107900103,29,168,-139
107900104,125,6,119
107900105,1,778,-777
107900106,4,1624,-1620
107900107,960,313,647
107900108,432,127,305
107900109,776,9,767
107900110,18,127,-109
107900111,12,1262,-1250
107900112,80,275,-195
107900113,108,140,-32
107900114,107,275,-168
107900115,0,59,-59
107900116,72,270,-198
107900117,318,507,-189
107900118,74,201,-127
107900119,114,125,-11
107900120,26,26,0
107900121,9,109,-100
107900122,0,55,-55
107900123,2,33,-31
107900124,8,22,-14
107900125,23,200,-177
107900126,6,45,-39
107900127,393,185,208
107900128,108,77,31
107900129,47,86,-39
107900130,35,52,-17
107900131,599,126,473
107900132,125,601,-476
107900133,1,77,-76
107900134,35,30,5
107900135,3,193,-190
107900136,41,43,-2
107900137,86,119,-33
107900138,47,40,7
107900139,22,58,-36
107900141,43,38,5
107900142,88,1530,-1442
107900143,40,25,15
107900144,1,176,-175
107900145,4,103,-99
107900146,29,170,-141
107900147,44,33,11
107900148,124,134,-10
107900149,2079,263,1816
107900150,105,1189,-1084
107900151,11,99,-88
107900152,12,273,-261
107900153,227,296,-69
107900154,34,10,24
107900155,46,31,15
107900156,1,438,-437
107900157,41,114,-73
107900158,541,20,521
107900159,30,1235,-1205
107900160,47,172,-125
107900161,22,259,-237
107900162,0,43,-43
107900163,62,16,46
107900164,5,26,-21
107900165,8,81,-73
107900166,17,324,-307
107900167,25,14,11
107900168,14,54,-40
107900169,2,177,-175
107900171,8,2503,-2495
107900172,1,458,-457
107900173,15,238,-223
107900174,74,6,68
107900175,13,7,6
107900176,18,50,-32
107900177,0,13,-13
107900178,0,280,-280
107900179,11,155,-144
107900180,1186,399,787
107900181,278,437,-159
107900182,3,1865,-1862
107900183,19,396,-377
107900184,56,202,-146
107900185,71,1,70
107900186,15,35,-20
107900187,3,132,-129
107900188,912,116,796
107900189,17,124,-107
107900190,116,60,56
107900191,22,129,-107
107900193,32,39,-7
107900194,198,7,191
107900195,4657,574,4083
107900196,48,71,-23
107900197,1070,209,861
107900199,0,970,-970
107900201,94,143,-49
107900203,27,56,-29
107900204,196,246,-50
107900206,712,94,618
107900207,2,617,-615
107900208,18,952,-934
107900209,402,145,257
107900210,91,147,-56
107900213,294,432,-138
107900214,9,214,-205
107900215,142,292,-150
107900216,89,85,4
107900217,12,45,-33
107900218,11,1552,-1541
107900219,20,153,-133
107900220,207,170,37
107900221,210,239,-29
107900223,92,585,-493
107900224,206,303,-97
107900225,3,922,-919
107900226,77,126,-49
107900227,132,472,-340
107900228,9,102,-93
107900229,3,325,-322
107900230,25,152,-127
107900231,10,258,-248
107900232,31,247,-216
107900233,9,157,-148
107900234,53,210,-157
107900235,23,96,-73
107900236,38,105,-67
107900237,90,430,-340
107900238,23,153,-130
107900239,1386,461,925
107900240,15,179,-164
107900241,13,98,-85
107900242,18,409,-391
107900243,2,50,-48
107900244,207,0,207
107900245,416,59,357
107900246,121,9,112
107900248,151,315,-164
107900249,406,14,392
107900250,4,628,-624
107900251,63,1643,-1580
107900252,683,5,678
107900253,133,1,132
107900254,39,168,-129
107900255,349,48,301
107900256,545,384,161
107900257,94,55,39
107900258,43,301,-258
107900259,99,1216,-1117
107900261,1,408,-407
107900262,42,186,-144
107900264,273,7,266
107900265,101,260,-159
107900267,148,21,127
107900268,45,0,45
107900269,0,4,-4
107900270,0,0,0
107900271,1,4,-3
107900272,102,4,98
107900273,29,71,-42
107900274,35,0,35
107900275,18,0,18
107900276,1,82,-81
107900277,1,216,-215
107900278,177,424,-247
107900279,119,101,18
107900280,1693,1771,-78
107900281,4733,1642,3091
107900282,95,337,-242
107900283,1547,427,1120
107900284,267,725,-458
107900285,47,198,-151
107900286,89,105,-16
107900287,134,225,-91
107900290,1,61,-60
107900291,356,23,333
107900292,83,333,-250
107900293,72,833,-761
107900295,44,140,-96
107900297,1,195,-194
107900298,974,1031,-57
107900299,4795,1977,2818
107900301,460,536,-76
107900302,87,31,56
107900303,90,340,-250
107900304,115,498,-383
107900305,202,8,194
107900306,9,16,-7
107900307,38,290,-252
107900308,155,34,121
107900309,158,3,155
107900310,158,2,156
107900311,3,41,-38
107900312,83,1,82
107900313,7,105,-98
107900314,0,58,-58
107900315,0,48,-48
107900316,53,2,51
107900317,136,12,124
107900318,8,175,-167
107900319,1,359,-358
107900320,4,256,-252
107900321,91,7,84
107900322,8,229,-221
107900323,9,196,-187
107900324,198,0,198
107900325,93,0,93
107900326,180,437,-257
107900327,2,71,-69
107900328,63,2,61
107900329,99,27,72
107900330,5,641,-636
107900331,140,70,70
107900332,120,26,94
107900333,27,17,10
107900334,5,281,-276
107900335,37,80,-43
107900336,27,28,-1
107900337,1504,564,940
107900338,2,101,-99
107900339,4,31,-27
107900340,0,93,-93
107900341,26,0,26
107900342,110,102,8
107900343,40,3,37
107900344,6,255,-249
107900345,87,26,61
107900346,17,1,16
107900347,28,2,26
107900348,4,0,4
107900349,36,3,33
107900350,36,295,-259
107900351,8,348,-340
107900352,2,123,-121
107900353,3,10,-7
107900354,31,239,-208
108000001,2573,4070,-1497
108000002,2839,3809,-970
108000003,3361,2572,789
108000004,18768,17563,1205
108000005,6194,4638,1556
108000006,8667,8521,146
108000007,4452,3724,728
108000008,6056,6779,-723
108000009,3349,3775,-426
108000010,4011,5930,-1919
108000011,9204,10997,-1793
108000012,20005,18174,1831
108000014,799,514,285
108000015,519,324,195
108000016,178,679,-501
108000017,720,324,396
108000018,1419,525,894
108000019,1503,772,731
108000020,1246,460,786
108000021,469,1885,-1416
108000022,534,1672,-1138
108000023,1077,209,868
108000024,214,653,-439
108000025,217,272,-55
108000026,529,665,-136
108000027,570,797,-227
108000028,378,318,60
108000029,357,1109,-752
108000030,426,260,166
108000031,248,595,-347
108000032,989,552,437
108000033,717,1474,-757
108000034,1390,486,904
108000035,995,2714,-1719
108000036,412,1699,-1287
108000037,1354,375,979
108000038,1902,484,1418
108000039,543,3350,-2807
108000040,1530,793,737
108000041,684,3218,-2534
108000042,195,301,-106
108000043,161,287,-126
108000044,274,212,62
108000045,234,677,-443
108000046,958,300,658
108000047,360,1261,-901
108000048,99,470,-371
108000049,421,214,207
108000050,128,841,-713
108000051,202,84,118
108000052,314,798,-484
108000053,313,121,192
108000054,505,1347,-842
108000055,1136,378,758
108000056,1346,1253,93
108000057,587,857,-270
108000058,2268,3244,-976
108000059,4555,2433,2122
108000060,192,633,-441
108000061,285,694,-409
108000062,453,515,-62
108000063,334,658,-324
108000064,137,276,-139
108000065,591,665,-74
108000066,1789,824,965
108000067,1751,482,1269
108000068,543,395,148
108000069,235,1239,-1004
108000070,1314,701,613
108000071,777,1815,-1038
108000072,1116,974,142
108000073,1439,1963,-524
108000074,312,351,-39
108000075,373,865,-492
108000076,740,471,269
108000077,752,717,35
108000078,1485,1558,-73
108000079,965,1969,-1004
108000080,834,625,209
108000081,374,2767,-2393
108000082,980,1983,-1003
108000083,1785,787,998
108000084,443,1424,-981
108000085,406,360,46
108000086,787,878,-91
108000087,101,1507,-1406
108000088,1107,216,891
108000089,455,302,153
108000091,307,761,-454
108000092,121,133,-12
108000093,163,1174,-1011
108000094,758,137,621
108000095,244,679,-435
108000096,299,241,58
108000097,178,677,-499
108000098,1087,1592,-505
108000099,1005,355,650
108000100,86,548,-462
108000101,756,1345,-589
108000102,1543,2857,-1314
108000106,1295,1,1294
108000107,2,647,-645
108000108,491,37,454
108000109,12,973,-961
108000110,146,307,-161
108000111,192,994,-802
108000112,51,120,-69
108000113,661,333,328
108000115,448,533,-85
108000117,847,364,483
108000118,666,1734,-1068
108000119,833,583,250
108000120,107,841,-734
108000121,220,781,-561
108000122,342,404,-62
108000123,529,306,223
108000124,186,693,-507
108000125,201,404,-203
108000126,128,583,-455
108000127,315,461,-146
108000128,454,709,-255
108000129,226,1442,-1216
108000130,233,356,-123
108000131,874,380,494
108000132,1989,1623,366
108000133,717,504,213
108000134,582,723,-141
108000135,902,431,471
108000136,1073,1195,-122
108000137,278,434,-156
108000138,325,1232,-907
108000139,268,519,-251
108000140,79,30,49
108000141,32,221,-189
108000142,59,259,-200
108000143,37,959,-922
108000144,266,87,179
108000145,26,121,-95
108000146,343,72,271
108000147,35,108,-73
108000148,421,74,347
108000149,22,72,-50
108000150,26,2,24
108000151,271,70,201
108000152,179,726,-547
108000153,286,145,141
108000154,101,38,63
108000155,29,21,8
108000156,1034,659,375
108000157,152,671,-519
108000158,120,580,-460
108000159,1043,222,821
108000160,6300,953,5347
108000161,5045,1756,3289
108000165,2,99,-97
108000172,4,206,-202
108000173,3384,1419,1965
108000175,305,111,194
108000178,464,392,72
108000179,240,550,-310
108000181,50,44,6
108000182,372,99,273
108000183,67,408,-341
108000184,1348,1864,-516
108000185,102,513,-411
108000186,230,668,-438
108000187,63,730,-667
108000188,414,204,210
108000189,3397,5098,-1701
108000190,21,167,-146
108000192,186,797,-611
108000193,718,20,698
108000194,35,28,7
108000195,1,1522,-1521
108000196,108,194,-86
108000198,758,433,325
108000199,0,145,-145
108000200,194,773,-579
108000203,46,831,-785
108000204,80,26,54
108000205,301,533,-232
108000339,1642,397,1245
108000364,355,841,-486
108000365,71,376,-305
108000367,176,342,-166
108000368,9,62,-53
108000369,2217,208,2009
108000371,12,804,-792
108000372,480,5,475
108000373,148,192,-44
108000376,38,14,24
108000377,299,421,-122
108000378,9029,10167,-1138
108000379,23,233,-210
108000381,24,11,13
108000382,186,2,184
108000383,1,163,-162
108900001,102,1253,-1151
108900002,195,53,142
108900003,405,1216,-811
108900004,181,333,-152
108900007,172,168,4
108900008,42,131,-89
108900009,56,137,-81
108900010,119,171,-52
108900011,245,393,-148
108900012,339,510,-171
108900013,84,279,-195
108900014,1,89,-88
108900015,4,17,-13
108900016,1,240,-239
108900017,125,163,-38
108900018,60,627,-567
108900019,15,1264,-1249
108900020,62,289,-227
108900021,59,315,-256
108900022,65,1,64
108900023,34,16,18
108900024,13,133,-120
108900025,62,117,-55
108900026,7,104,-97
108900027,1,82,-81
108900028,28,359,-331
108900029,68,222,-154
108900030,0,100,-100
108900031,67,506,-439
108900032,9,278,-269
108900033,7,67,-60
108900034,6,267,-261
108900035,226,1345,-1119
108900038,1,407,-406
108900039,3,613,-610
108900040,2,139,-137
108900041,6176,2870,3306
108900042,9,331,-322
108900043,32,448,-416
108900044,2,760,-758
108900045,25,734,-709
108900046,68,1230,-1162
108900047,6,124,-118
108900048,72,1094,-1022
108900049,6217,740,5477
108900050,0,267,-267
108900051,2,300,-298
108900052,24,260,-236
108900053,141,111,30
108900054,65,265,-200
108900055,45,412,-367
108900056,0,218,-218
108900057,0,188,-188
108900058,29,378,-349
108900059,238,18,220
108900060,55,119,-64
108900061,59,17,42
108900062,4,379,-375
108900063,21,378,-357
108900064,81,69,12
108900065,18,380,-362
108900066,248,136,112
108900067,14,291,-277
108900068,16,228,-212
108900069,28,125,-97
108900070,30,199,-169
108900071,92,58,34
108900072,2686,367,2319
108900073,40,462,-422
108900074,81,503,-422
108900075,39,70,-31
108900076,181,85,96
108900077,88,504,-416
108900078,17,186,-169
108900079,943,279,664
108900080,20,621,-601
108900081,30,287,-257
108900082,50,92,-42
108900083,14,223,-209
108900085,2298,151,2147
108900086,50,361,-311
108900087,109,220,-111
108900088,869,312,557
108900089,13,110,-97
108900090,15,403,-388
108900091,137,129,8
108900092,393,348,45
108900093,87,56,31
108900094,217,95,122
108900095,51,629,-578
108900096,387,29,358
108900097,428,214,214
108900098,3660,372,3288
108900099,246,324,-78
108900100,35,194,-159
108900101,187,90,97
108900102,98,625,-527
108900103,35,55,-20
108900105,13,798,-785
108900106,240,523,-283
108900108,238,45,193
108900109,244,34,210
108900110,161,508,-347
108900111,274,720,-446
108900113,51,70,-19
108900114,24,12,12
108900115,64,67,-3
108900116,54,16,38
108900117,85,14,71
108900118,357,5,352
108900119,108,57,51
108900120,183,173,10
108900121,203,35,168
108900122,72,41,31
108900123,76,74,2
108900124,335,130,205
108900125,165,4,161
108900126,106,15,91
108900127,87,29,58
108900128,61,30,31
108900129,525,98,427
108900130,137,1,136
108900131,321,4,317
108900132,246,48,198
108900133,113,44,69
108900134,166,304,-138
108900135,97,5,92
108900136,15,2,13
108900137,86,0,86
108900138,429,18,411
108900140,139,274,-135
108900141,141,9,132
108900142,56,0,56
108900143,22,0,22
108900144,43,0,43
108900145,69,5,64
108900146,45,0,45
108900147,108,0,108
108900148,61,25,36
108900150,182,3,179
108900151,79,1,78
108900152,45,5,40
108900153,93,549,-456
108900154,3260,320,2940
108900156,41,11,30
108900157,11,660,-649
108900158,173,33,140
108900159,4,392,-388
108900160,19,285,-266
108900161,7,499,-492
108900162,45,0,45
108900163,4,210,-206
108900164,30,75,-45
108900168,9816,1872,7944
108900169,26,136,-110
108900171,9460,2268,7192
108900172,148,31,117
108900173,172,407,-235
108900174,438,556,-118
108900176,108,643,-535
108900177,9428,3231,6197
108900178,6169,2398,3771
108900180,186,225,-39
108900183,220,180,40
108900184,442,167,275
108900185,72,319,-247
108900186,21,358,-337
108900189,385,104,281
108900190,377,3228,-2851
108900192,82,255,-173
108900195,76,372,-296
108900196,16,617,-601
108900199,204,314,-110
108900200,579,356,223
108900201,351,1528,-1177
108900203,397,32,365
108900204,271,7,264
108900205,167,20,147
108900206,254,29,225
108900207,118,38,80
108900208,19,429,-410
108900209,268,706,-438
108900210,123,220,-97
108900211,211,382,-171
108900212,822,943,-121
108900215,102,792,-690
108900216,446,80,366
108900217,92,0,92
108900218,135,5,130
108900221,42,100,-58
108900224,17,112,-95
108900225,2,162,-160
108900227,86,187,-101
108900230,449,377,72
108900232,2,405,-403
108900233,298,52,246
108900234,241,138,103
108900235,192,673,-481
108900236,29,357,-328
108900240,65,64,1
108900241,14,20,-6
108900245,4,753,-749
108900250,53,37,16
108900258,12,322,-310
108900259,28,82,-54
108900260,4,92,-88
108900261,213,166,47
108900262,227,149,78
108900263,30,229,-199
108900264,547,283,264
108900265,1227,240,987
108900266,1877,398,1479
108900267,8,66,-58
108900268,14,3,11
108900269,40,2,38
108900270,28,6,22
108900271,15,2,13
108900272,132,3,129
108900273,954,498,456
108900274,40,63,-23
109000001,4607,1317,3290
109000002,2800,1737,1063
109000003,2574,743,1831
109000004,544,3247,-2703
109000005,2731,1091,1640
109000006,916,2776,-1860
109000007,1200,898,302
109000008,549,2293,-1744
109000009,3179,1548,1631
109000010,1607,4750,-3143
109000011,2760,2037,723
109000012,2269,4869,-2600
109000013,2787,2779,8
109000014,1625,4624,-2999
109000015,5212,7174,-1962
109000016,12170,5263,6907
109000017,1921,1547,374
109000018,1218,4455,-3237
109000019,3639,1513,2126
109000020,1582,2469,-887
109000023,247,34,213
109000024,7,216,-209
109000025,475,577,-102
109000026,1203,380,823
109000027,115,371,-256
109000028,165,109,56
109000029,128,216,-88
109000030,50,612,-562
109000031,229,133,96
109000032,182,478,-296
109000033,420,117,303
109000034,67,38,29
109000035,12,62,-50
109000036,90,431,-341
109000037,151,1034,-883
109000038,555,422,133
109000039,684,464,220
109000040,3812,3378,434
109000041,6187,1454,4733
109000042,1271,1183,88
109000044,572,192,380
109000045,260,504,-244
109000046,229,80,149
109000047,117,469,-352
109000048,1401,455,946
109000049,460,485,-25
109000050,526,733,-207
109000051,282,284,-2
109000052,458,1987,-1529
109000053,896,390,506
109000054,299,876,-577
109000055,246,213,33
109000056,235,583,-348
109000057,511,351,160
109000058,1772,467,1305
109000059,914,1111,-197
109000060,1024,307,717
109000061,1740,756,984
109000062,154,239,-85
109000063,198,231,-33
109000064,97,194,-97
109000065,74,400,-326
109000066,313,136,177
109000067,22,417,-395
109000068,1194,2,1192
109000069,695,31,664
109000070,15,1029,-1014
109000071,383,84,299
109000072,146,663,-517
109000073,56,125,-69
109000074,57,298,-241
109000075,84,384,-300
109000076,111,271,-160
109000077,487,387,100
109000078,65,173,-108
109000079,113,219,-106
109000080,181,133,48
109000081,71,639,-568
109000082,441,232,209
109000083,252,945,-693
109000088,123,609,-486
109000089,181,35,146
109000090,174,491,-317
109000091,218,92,126
109000092,425,696,-271
109000093,189,131,58
109000094,307,0,307
109000095,130,617,-487
109000096,407,296,111
109000097,71,165,-94
109000098,59,138,-79
109000099,622,320,302
109000100,129,580,-451
109000101,1084,950,134
109000102,238,834,-596
109000103,565,733,-168
109000104,1009,698,311
109000105,436,1502,-1066
109000106,1498,775,723
109000107,571,2310,-1739
109000108,1432,541,891
109000109,360,2403,-2043
109000110,1262,535,727
109000111,1087,2480,-1393
109000112,332,199,133
109000113,330,159,171
109000114,156,429,-273
109000115,1497,119,1378
109000116,15,706,-691
109000117,102,135,-33
109000118,8,365,-357
109000119,715,605,110
109000120,138,1166,-1028
109000121,392,197,195
109000122,99,1169,-1070
109000123,40,370,-330
109000124,542,413,129
109000125,467,482,-15
109000126,406,1129,-723
109000127,900,362,538
109000128,378,2543,-2165
109000129,1327,579,748
109000130,945,4227,-3282
109000131,1370,730,640
109000132,1018,3715,-2697
109000133,369,1293,-924
109000134,668,1685,-1017
109000135,1246,1458,-212
109000136,320,392,-72
109000137,289,380,-91
109000138,557,472,85
109000139,349,481,-132
109000140,228,1212,-984
109000141,525,688,-163
109000142,106,644,-538
109000143,68,96,-28
109000145,62,330,-268
109000146,133,120,13
109000148,4564,961,3603
109000149,29,38,-9
109000150,264,185,79
109000155,427,651,-224
109000156,1735,942,793
109000158,87,289,-202
109000159,158,681,-523
109000160,924,237,687
109000161,302,1526,-1224
109000162,1525,923,602
109000163,809,2150,-1341
109000164,1089,3116,-2027
109000165,863,692,171
109000166,576,185,391
109000167,104,1118,-1014
109000170,30,53,-23
109000171,51,52,-1
109000172,50,57,-7
109000173,31,68,-37
109000174,40,51,-11
109000175,121,555,-434
109000176,322,350,-28
109000177,24,158,-134
109000178,448,545,-97
109000179,8604,3111,5493
109000180,5623,3225,2398
109000181,6,39,-33
109000182,41,55,-14
109000183,28,45,-17
109000184,35,25,10
109000185,29,82,-53
109000188,307,2946,-2639
109000189,1450,937,513
109000190,453,535,-82
109000191,234,665,-431
109000192,269,270,-1
109000193,144,541,-397
109000194,158,131,27
109000195,88,502,-414
109000196,242,139,103
109000197,113,521,-408
109000198,219,66,153
109000199,99,674,-575
109000206,246,34,212
109000207,69,43,26
109000208,109,81,28
109000209,116,181,-65
109000210,151,687,-536
109000211,403,512,-109
109000214,375,1361,-986
109000215,181,84,97
109000216,338,183,155
109000217,126,65,61
109000218,214,139,75
109000221,482,1364,-882
109000222,901,219,682
109000223,260,227,33
109000224,34,309,-275
109000225,31,53,-22
109000226,47,369,-322
109000227,703,1443,-740
109000228,0,299,-299
109000231,2,396,-394
109000232,168,428,-260
109000236,199,949,-750
109000241,1942,2435,-493
109000242,1374,1762,-388
109000293,66,197,-131
109000361,142,319,-177
109000364,150,680,-530
109000396,5,845,-840
109000397,345,8,337
109000399,149,713,-564
109000400,79,417,-338
109000403,73,758,-685
109000406,524,5,519
109000407,185,273,-88
109000408,2,1065,-1063
109000410,829,187,642
109000411,121,55,66
109000412,0,168,-168
109900001,96,0,96
109900002,562,7,555
109900003,123,1,122
109900005,12,5,7
109900006,236,322,-86
109900007,489,928,-439
109900008,0,37,-37
109900009,90,754,-664
109900010,419,17,402
109900011,69,28,41
109900012,140,123,17
109900013,281,113,168
109900014,261,44,217
109900015,208,134,74
109900016,50,21,29
109900017,119,100,19
109900018,135,93,42
109900019,113,72,41
109900020,25,27,-2
109900021,8,15,-7
109900022,107,343,-236
109900023,8,4,4
109900024,13,2,11
109900025,8,28,-20
109900027,26,13,13
109900028,3172,612,2560
109900029,1,627,-626
109900030,27,6,21
109900031,0,51,-51
109900032,10,323,-313
109900033,3,671,-668
109900034,11,0,11
109900035,11,20,-9
109900036,9,110,-101
109900037,29,629,-600
109900038,31,284,-253
109900039,4,0,4
109900040,16,687,-671
109900041,65,498,-433
109900042,16,403,-387
109900044,63,314,-251
109900045,66,23,43
109900046,55,146,-91
109900047,317,345,-28
109900048,1,106,-105
109900049,4,32,-28
109900050,1,301,-300
109900051,0,69,-69
109900052,78,295,-217
109900053,2,499,-497
109900054,370,152,218
109900055,17,282,-265
109900056,23,179,-156
109900057,5,280,-275
109900058,0,153,-153
109900060,325,176,149
109900061,89,326,-237
109900062,1,332,-331
109900064,399,318,81
109900065,144,142,2
109900066,322,1118,-796
109900067,1,436,-435
109900068,16,1,15
109900069,0,45,-45
109900071,0,35,-35
109900072,11,160,-149
109900073,207,710,-503
109900074,9,65,-56
109900075,14,30,-16
109900076,32,549,-517
109900077,21,44,-23
109900078,108,233,-125
109900080,96,394,-298
109900081,19,146,-127
109900082,27,554,-527
109900083,18,60,-42
109900084,82,211,-129
109900085,211,1264,-1053
109900086,117,353,-236
109900087,106,323,-217
109900089,442,106,336
109900092,466,3,463
109900093,520,124,396
109900094,53,90,-37
109900095,96,247,-151
109900096,29,2,27
109900097,47,0,47
109900098,305,40,265
109900099,121,2,119
109900100,19,0,19
109900101,238,12,226
109900102,371,16,355
109900103,21,29,-8
109900104,310,1156,-846
109900105,508,27,481
109900106,209,60,149
109900107,207,78,129
109900108,39,459,-420
109900109,19,244,-225
109900111,237,1409,-1172
109900114,542,173,369
109900115,110,61,49
109900117,616,137,479
109900121,431,204,227
109900123,9,192,-183
109900125,2,217,-215
109900126,153,218,-65
109900130,13471,1602,11869
109900131,60,146,-86
109900132,32,175,-143
109900134,63,78,-15
109900135,502,68,434
109900137,54,463,-409
109900140,209,452,-243
109900149,45,83,-38
109900150,1,74,-73
109900151,1,50,-49
109900152,0,35,-35
109900153,0,43,-43
109900154,17,0,17
109900155,56,13,43
109900157,40,294,-254
109900159,123,17,106
109900161,200,64,136
109900162,120,74,46
109900163,777,404,373
109900164,39,261,-222
109900165,128,2,126
109900166,0,169,-169
109900167,100,487,-387
109900168,213,578,-365
109900169,89,204,-115
109900170,312,726,-414
109900171,123,114,9
109900172,176,167,9
109900173,4679,1737,2942
109900174,30,170,-140
109900175,58,61,-3
109900176,91,218,-127
109900177,35,342,-307
109900178,3,56,-53
109900179,13,24,-11
109900180,5,16,-11
110000001,1053,669,384
110000002,704,575,129
110000003,912,755,157
110000004,572,579,-7
110000005,693,1558,-865
110000006,724,384,340
110000007,109,190,-81
110000008,16,55,-39
110000009,55,80,-25
110000010,55,49,6
110000011,28,117,-89
110000012,886,518,368
110000013,31,509,-478
110000014,786,427,359
110000015,281,664,-383
110000016,314,1197,-883
110000017,3473,305,3168
110000018,3987,482,3505
110000019,11,180,-169
110000020,576,299,277
110000021,1350,494,856
110000022,726,162,564
110000023,6,237,-231
110000024,676,500,176
110000025,155,2,153
110000026,3,665,-662
110000027,666,414,252
110000028,789,768,21
110000029,494,1070,-576
110000030,240,405,-165
110000031,238,649,-411
110000032,705,474,231
110000033,231,62,169
110000034,289,842,-553
110000035,540,981,-441
110000036,555,730,-175
110000037,124,594,-470
110000038,189,640,-451
110000039,629,2396,-1767
110000040,374,414,-40
110000041,269,1095,-826
110000042,115,225,-110
110000043,433,329,104
110000044,64,51,13
110000045,385,93,292
110000046,7,10,-3
110000047,71,25,46
110000048,18,7,11
110000049,131,12,119
110000050,23,21,2
110000051,151,12,139
110000052,39,36,3
110000053,386,3,383
110000054,137,257,-120
110000055,350,30,320
110000056,181,57,124
110000057,351,982,-631
110000058,795,630,165
110000059,855,550,305
110000060,741,980,-239
110000061,839,879,-40
110000062,572,793,-221
110000063,42,68,-26
110000064,63,160,-97
110000065,49,68,-19
110000066,106,32,74
110000067,65,413,-348
110000068,188,560,-372
110000069,116,96,20
110000071,71,138,-67
110000073,7,20,-13
110000075,4,114,-110
110000076,245,265,-20
110000077,407,877,-470
110000078,15,47,-32
110000080,354,686,-332
110000081,24,334,-310
110000082,33,392,-359
110000083,244,734,-490
110000084,791,582,209
110000085,2563,1614,949
110000086,950,1515,-565
110000087,5,72,-67
110000088,60,315,-255
110000089,212,264,-52
110000090,107,468,-361
110000091,2228,395,1833
110000092,39,155,-116
110000093,45,4,41
110000094,491,243,248
110000095,133,618,-485
110000096,3841,1840,2001
110000097,936,1172,-236
110000098,1721,703,1018
110000099,902,1652,-750
110000100,508,841,-333
110000101,25,503,-478
110000102,56,64,-8
110000104,208,129,79
110000105,45,293,-248
110000106,444,281,163
110000107,418,454,-36
110000108,146,40,106
110000109,271,372,-101
110000110,4235,3627,608
110000111,8497,2432,6065
110000112,1636,766,870
110000113,739,2018,-1279
110000114,115,561,-446
110000115,230,275,-45
110000116,40,37,3
110000117,126,671,-545
110000118,264,305,-41
110000119,140,456,-316
110000120,339,204,135
110000121,144,366,-222
110000122,323,622,-299
110000123,464,298,166
110000124,2,856,-854
110000125,770,7,763
110000126,267,12,255
110000127,697,47,650
110000128,13,1371,-1358
110000129,5,789,-784
110000130,255,136,119
110000131,60,577,-517
110000132,2,704,-702
110000133,47,367,-320
110000134,29,371,-342
110000135,225,38,187
110000136,81,342,-261
110000137,496,742,-246
110000138,557,879,-322
110000139,632,1648,-1016
110000140,1011,583,428
110000143,833,379,454
110000144,4641,1387,3254
110000145,1383,762,621
110000146,1674,721,953
110000147,301,614,-313
110000148,264,321,-57
110000151,1456,561,895
110000152,1316,428,888
110000153,58,153,-95
110000154,11,13,-2
110000155,1318,2920,-1602
110000156,962,1694,-732
110000157,1213,1622,-409
110000160,323,399,-76
110000161,158,507,-349
110000166,252,114,138
110000167,677,600,77
110000168,761,430,331
110000169,657,358,299
110000170,75,93,-18
110000171,468,228,240
110000172,169,1024,-855
110000173,1520,1421,99
110000174,121,1654,-1533
110000175,332,126,206
110000176,69,370,-301
110000177,190,861,-671
110000178,552,872,-320
110000179,1656,409,1247
110000180,116,339,-223
110000181,224,454,-230
110000182,362,314,48
110000183,13386,5956,7430
110000184,1454,1953,-499
110000185,652,630,22
110000186,727,785,-58
110000191,386,320,66
110000192,289,3,286
110000193,418,2,416
110000194,11,1428,-1417
110000195,268,459,-191
110000196,237,553,-316
110000197,87,242,-155
110000198,117,97,20
110000199,41,103,-62
110000200,1230,503,727
110000201,450,609,-159
110000202,1014,492,522
110000203,748,927,-179
110000204,4,358,-354
110000205,59,45,14
110000206,581,1627,-1046
110000207,435,266,169
110000208,94,99,-5
110000209,133,853,-720
110000210,686,887,-201
110000211,648,1081,-433
110000212,499,993,-494
110000213,117,63,54
110000214,114,130,-16
110000215,124,589,-465
110000216,85,713,-628
110000217,182,242,-60
110000218,128,532,-404
110000219,198,103,95
110000220,43,438,-395
110000221,183,76,107
110000222,50,362,-312
110000223,5,172,-167
110000224,108,16,92
110000225,151,588,-437
110000226,200,72,128
110000227,673,505,168
110000228,520,317,203
110000229,1,279,-278
110000230,665,708,-43
110000231,143,195,-52
110000232,157,162,-5
110000233,104,304,-200
110000234,501,385,116
110000235,1478,968,510
110000236,520,988,-468
110000237,1682,1066,616
110000238,999,1577,-578
110000239,1581,1142,439
110000240,2,80,-78
110000242,0,25,-25
110000243,46,178,-132
110000244,130,485,-355
110000245,28,525,-497
110000246,705,746,-41
110000247,1362,4900,-3538
110000248,2586,1833,753
110000249,94,8,86
110000250,32,254,-222
110000251,231,555,-324
110000252,123,300,-177
110000253,1072,620,452
110000254,673,1579,-906
110000255,212,1299,-1087
110000256,491,244,247
110000257,888,472,416
110000258,3,546,-543
110000259,61,18,43
110000260,16,425,-409
110000263,620,119,501
110000264,200,602,-402
110000265,997,1819,-822
110000266,1790,2339,-549
110000267,6,187,-181
110000268,250,486,-236
110000269,3,95,-92
110000270,31,2,29
110000271,2422,231,2191
110000272,1013,946,67
110000273,3066,1181,1885
110000274,193,1142,-949
110000275,3502,474,3028
110000276,181,242,-61
110000277,148,542,-394
110000278,207,918,-711
110000279,799,760,39
110000280,309,416,-107
110000281,25,228,-203
110000282,352,47,305
110000283,53,92,-39
110000284,43,50,-7
110000285,5,273,-268
110000286,19,0,19
110000287,42,4,38
110000288,0,58,-58
110000289,493,1416,-923
110000290,1331,638,693
110000291,7386,1764,5622
110000292,1413,4030,-2617
110000293,396,1058,-662
110000294,628,969,-341
110000295,71,1039,-968
110000296,287,323,-36
110000297,2550,286,2264
110000298,378,773,-395
110000299,632,48,584
110000301,204,21,183
110000302,325,1689,-1364
110000303,374,8,366
110000304,158,355,-197
110000305,951,15,936
110000306,135,1893,-1758
110000307,1030,3,1027
110000308,382,9,373
110000309,8,1300,-1292
110000310,558,71,487
110000311,23,847,-824
110000312,533,53,480
110000313,2873,2896,-23
110000314,2,387,-385
110000315,3194,1847,1347
110000316,629,1269,-640
110000317,684,294,390
110000318,2,119,-117
110000319,8,24,-16
110000320,48,95,-47
110000321,16,52,-36
110000322,185,513,-328
110000323,243,231,12
110000324,5249,1190,4059
110000325,2345,2488,-143
110000327,483,269,214
110000328,101,456,-355
110000333,825,599,226
110000334,737,1410,-673
110000335,728,554,174
110000336,571,1151,-580
110000337,1442,506,936
110000338,339,192,147
110000339,265,258,7
110000340,14,195,-181
110000341,449,553,-104
110000342,435,4,431
110000343,0,9,-9
110000344,66,175,-109
110000345,131,76,55
110000346,2156,1474,682
110000347,1025,772,253
110000348,28,48,-20
110000349,22,36,-14
110000350,22,7,15
110000351,663,860,-197
110000352,489,1691,-1202
110000353,3964,856,3108
110000354,1134,2293,-1159
110000355,57,88,-31
110000356,899,4,895
110000357,257,10,247
110000361,8,117,-109
110000362,40,44,-4
110000363,222,140,82
110000364,147,548,-401
110000365,163,1,162
110000366,0,75,-75
110000367,251,219,32
110000368,3,65,-62
110000369,31,0,31
110000373,4,271,-267
110000374,98,7,91
110000375,201,893,-692
110000376,36,99,-63
110000377,99,568,-469
110000378,27,354,-327
110000379,4016,1184,2832
110000380,82,8,74
110000383,2,1079,-1077
110000384,2592,783,1809
110000385,0,135,-135
110000387,60,12,48
110000388,53,263,-210
110000389,641,9,632
110000391,336,341,-5
110000396,80,136,-56
110000397,79,210,-131
110000398,5,51,-46
110000399,220,23,197
110000587,64,46,18
110000589,138,192,-54
110000640,158,145,13
110000652,47,101,-54
110000653,215,520,-305
110000654,46,27,19
110000656,2,666,-664
110000674,33,10,23
110000675,8,18,-10
110000676,4,37,-33
110000679,719,866,-147
110000682,129,144,-15
110000683,458,634,-176
110000684,2,50,-48
110000685,7,6,1
110000686,7,18,-11
110000687,11,1,10
110000688,95,675,-580
110000689,40,68,-28
110000692,286,222,64
110000693,419,218,201
110000694,0,216,-216
110000695,133,778,-645
110000696,198,207,-9
110000698,54,699,-645
110000699,114,525,-411
110900001,234,2,232
110900002,352,238,114
110900003,421,1196,-775
110900004,208,226,-18
110900005,4533,1472,3061
110900006,33,10,23
110900007,77,14,63
110900008,16,85,-69
110900009,373,70,303
110900010,6,88,-82
110900011,40,142,-102
110900012,7,105,-98
110900013,708,151,557
110900014,151,43,108
110900015,1123,407,716
110900016,15,191,-176
110900017,242,41,201
110900018,324,44,280
110900019,131,40,91
110900020,71,505,-434
110900021,50,645,-595
110900022,56,418,-362
110900023,70,550,-480
110900024,19,617,-598
110900025,14,47,-33
110900027,21,244,-223
110900028,40,161,-121
110900029,14,476,-462
110900030,25,294,-269
110900031,12,158,-146
110900032,0,92,-92
110900033,30,227,-197
110900035,34,580,-546
110900036,123,22,101
110900037,52,29,23
110900038,1193,157,1036
110900039,9,232,-223
110900040,141,48,93
110900041,5,192,-187
110900042,110,42,68
110900043,2,188,-186
110900044,200,12,188
110900045,61,635,-574
110900046,149,440,-291
110900047,643,127,516
110900049,52,65,-13
110900050,28,9,19
110900052,6,368,-362
110900053,54,32,22
110900054,17,245,-228
110900055,17,1,16
110900056,51,95,-44
110900057,9,413,-404
110900058,96,250,-154
110900059,581,816,-235
110900060,348,101,247
110900061,20,45,-25
110900062,122,292,-170
110900063,35,160,-125
110900064,4,0,4
110900065,439,183,256
110900066,15,106,-91
110900067,538,466,72
110900068,239,284,-45
110900069,6,32,-26
110900070,81,49,32
110900071,199,339,-140
110900073,1,18,-17
110900074,193,161,32
110900075,248,62,186
110900077,459,496,-37
110900078,11,149,-138
110900079,2965,706,2259
110900080,97,53,44
110900081,3,97,-94
110900082,65,292,-227
110900083,80,53,27
110900084,51,170,-119
110900085,33,344,-311
110900086,41,153,-112
110900087,199,70,129
110900088,15,0,15
110900090,16,7,9
110900091,2,44,-42
110900093,173,58,115
110900095,36,37,-1
110900097,13,25,-12
110900098,15,104,-89
110900099,48,606,-558
110900100,0,19,-19
110900102,32,15,17
110900105,550,362,188
110900108,10,93,-83
110900111,290,80,210
110900112,406,3,403
110900113,569,57,512
110900115,26,118,-92
110900116,361,2564,-2203
110900118,131,1900,-1769
110900119,6240,400,5840
110900120,6,195,-189
110900121,29,1,28
110900122,238,163,75
110900125,205,347,-142
110900127,815,871,-56
110900128,542,359,183
110900129,298,416,-118
110900130,1348,524,824
110900131,126,25,101
110900132,227,27,200
110900133,44,282,-238
110900135,75,533,-458
110900136,275,18,257
110900138,0,0,0
110900139,4,0,4
110900140,0,0,0
110900141,557,77,480
110900142,65,240,-175
110900143,89,66,23
110900144,3,724,-721
110900145,87,25,62
110900146,390,89,301
110900147,226,253,-27
110900148,1,348,-347
110900149,0,73,-73
110900150,20,15,5
110900151,0,98,-98
110900152,34,371,-337
110900153,97,22,75
111000001,762,665,97
111000002,1028,1053,-25
111000003,1463,1234,229
111000004,1022,1602,-580
111000005,1903,1605,298
111000006,1301,2456,-1155
111000007,6047,4456,1591
111000008,6228,4132,2096
111000009,406,950,-544
111000010,652,397,255
111000011,478,1068,-590
111000012,878,514,364
111000013,364,1441,-1077
111000014,1260,790,470
111000017,94,642,-548
111000018,269,342,-73
111000020,2759,2613,146
111000021,99,169,-70
111000023,95,211,-116
111000025,8446,3021,5425
111000029,37,77,-40
111000030,41,90,-49
111000031,2082,1039,1043
111000032,621,289,332
111000033,337,260,77
111000034,559,225,334
111000037,3508,1718,1790
111000038,4367,2767,1600
111000039,1855,2965,-1110
111000040,1734,3357,-1623
111000041,1786,2049,-263
111000042,7584,2710,4874
111000043,2556,2330,226
111000044,1401,1097,304
111000045,1964,2140,-176
111000046,1506,1586,-80
111000047,2413,3528,-1115
111000049,533,586,-53
111000050,2186,1928,258
111000051,452,1421,-969
111000052,620,1884,-1264
111000053,379,1239,-860
111000054,309,1258,-949
111000055,1097,2386,-1289
111000056,92,728,-636
111000057,73,786,-713
111000058,277,122,155
111000059,232,342,-110
111000060,2790,849,1941
111000061,408,316,92
111000062,619,256,363
111000063,1727,953,774
111000064,470,612,-142
111000065,838,951,-113
111000066,421,339,82
111000067,474,812,-338
111000068,419,987,-568
111000069,1698,1969,-271
111000070,2948,1329,1619
111000071,247,868,-621
111000072,688,393,295
111000073,223,796,-573
111000074,1275,1698,-423
111000075,745,1046,-301
111000076,381,994,-613
111000077,1455,1827,-372
111000078,2433,1314,1119
111000079,1355,938,417
111000080,440,763,-323
111000081,2645,3511,-866
111000082,563,784,-221
111000084,580,609,-29
111000085,1156,1812,-656
111000086,4311,1527,2784
111000087,721,975,-254
111000088,8195,1893,6302
111000089,642,797,-155
111000090,1016,1315,-299
111000091,643,695,-52
111000092,1120,1091,29
111000093,464,820,-356
111000094,2010,941,1069
111000095,881,2351,-1470
111000096,2569,7291,-4722
111000097,6842,1259,5583
111000098,705,1537,-832
111000099,430,2730,-2300
111000100,325,2413,-2088
111000101,447,893,-446
111000102,115,844,-729
111000104,395,283,112
111000107,117,974,-857
111000109,402,267,135
111000110,1126,704,422
111000111,1414,482,932
111000112,1438,379,1059
111000113,765,949,-184
111000114,2368,2579,-211
111000115,7913,1325,6588
111000116,863,1122,-259
111000117,559,874,-315
111000118,1660,1138,522
111000119,776,1694,-918
111000120,325,634,-309
111000121,185,662,-477
111000122,644,1210,-566
111000123,1064,3730,-2666
111000124,474,3725,-3251
111000125,227,2109,-1882
111000126,96,1142,-1046
111000127,679,193,486
111000128,1288,387,901
111000129,2010,538,1472
111000130,1289,808,481
111000131,1070,568,502
111000132,793,499,294
111000133,119,160,-41
111000134,102,107,-5
111000135,35,130,-95
111000136,295,400,-105
111000138,4,18,-14
111000140,2,9,-7
111000141,226,270,-44
111000142,10,129,-119
111000143,5,85,-80
111000144,19,123,-104
111000145,1185,6,1179
111000146,79,6,73
111000147,216,43,173
111000148,132,93,39
111000149,3,34,-31
111000150,2,19,-17
111000151,2,29,-27
111000153,596,623,-27
111000154,984,195,789
111000155,110,187,-77
111000156,537,539,-2
111000157,190,703,-513
111000158,1019,773,246
111000159,3188,796,2392
111000160,279,497,-218
111000161,12,294,-282
111000162,30,215,-185
111000163,454,900,-446
111000164,992,3301,-2309
111000165,1548,455,1093
111000166,1835,419,1416
111000167,168,595,-427
111000168,242,513,-271
111000169,356,654,-298
111000170,526,534,-8
111000171,489,1124,-635
111000172,122,893,-771
111000173,345,1883,-1538
111000174,97,869,-772
111000175,31,306,-275
111000176,181,196,-15
111000177,218,398,-180
111000178,937,393,544
111000179,131,270,-139
111000180,187,428,-241
111000181,613,357,256
111000182,111,274,-163
111000183,217,393,-176
111000184,269,275,-6
111000185,380,591,-211
111000186,295,353,-58
111000187,107,338,-231
111000188,127,465,-338
111000189,1868,647,1221
111000190,185,554,-369
111000191,129,518,-389
111000192,197,662,-465
111000193,551,504,47
111000194,51,458,-407
111000195,96,496,-400
111000196,41,317,-276
111000197,244,214,30
111000198,328,143,185
111000199,159,183,-24
111000200,209,381,-172
111000201,388,244,144
111000202,183,209,-26
111000203,219,251,-32
111000204,484,674,-190
111000213,211,499,-288
111000214,1411,2530,-1119
111000215,968,1918,-950
111000217,1035,1043,-8
111000218,821,1083,-262
111000219,559,375,184
111000220,3233,511,2722
111000221,1449,117,1332
111000224,160,744,-584
111000225,374,268,106
111000226,222,3,219
111000227,49,4,45
111000228,22,220,-198
111000229,35,495,-460
111000230,256,590,-334
111000231,741,1492,-751
111000232,326,965,-639
111000233,439,1073,-634
111000234,77,282,-205
111000239,165,282,-117
111000240,33,185,-152
111000241,38,568,-530
111000242,125,126,-1
111000243,70,1056,-986
111000244,309,161,148
111000245,741,674,67
111000246,261,666,-405
111000247,164,1120,-956
111000248,413,544,-131
111000249,454,952,-498
111000250,39,154,-115
111000251,33,152,-119
111000253,17,17,0
111000255,17,5,12
111000257,36,5,31
111000260,64,1278,-1214
111000261,704,95,609
111000271,60,391,-331
111000273,8800,2097,6703
111000274,1184,2009,-825
111000275,104,117,-13
111000276,324,2400,-2076
111000277,240,448,-208
111000278,494,225,269
111000291,668,4735,-4067
111000298,510,344,166
111000299,680,138,542
111000300,87,683,-596
111000302,206,113,93
111000303,94,265,-171
111000312,47,49,-2
111000315,64,542,-478
111000320,318,717,-399
111000321,219,76,143
111000322,257,496,-239
111000323,159,10,149
111000324,294,305,-11
111000325,52,67,-15
111000326,117,373,-256
111000327,387,701,-314
111000328,233,502,-269
111000329,0,32,-32
111000330,36,18,18
111000331,13,8,5
111000332,348,1462,-1114
111000334,422,1925,-1503
111000335,524,223,301
111000337,688,377,311
111000338,25,133,-108
111000339,294,587,-293
111000340,109,885,-776
111000341,843,542,301
111000342,361,289,72
111000344,738,826,-88
111000345,179,71,108
111000346,17,122,-105
111000347,115,4,111
111000350,171,178,-7
111000351,106,206,-100
111000352,153,156,-3
111000353,97,232,-135
111000354,272,267,5
111000355,288,726,-438
111000358,77,2065,-1988
111000360,108,1138,-1030
111000361,74,521,-447
111000546,408,799,-391
111000547,247,1010,-763
111000548,90,168,-78
111000549,267,575,-308
111000550,104,522,-418
111000551,729,173,556
111000552,1577,87,1490
111000907,540,20,520
111000908,26,0,26
111000916,1078,255,823
111000917,35,413,-378
111000918,103,1406,-1303
111000920,284,25,259
111000921,4,530,-526
111000922,261,304,-43
111000924,32,1178,-1146
111000925,1621,2268,-647
111000926,902,3141,-2239
111000927,2543,4867,-2324
111000928,6208,4773,1435
111000929,727,1147,-420
111000930,674,2942,-2268
111000931,1587,2061,-474
111000932,4302,2562,1740
111000933,3541,1885,1656
111000934,2592,3097,-505
111000935,1230,1121,109
111000936,1149,2640,-1491
111000937,727,1360,-633
111000938,2309,2938,-629
111000939,263,45,218
111000940,245,249,-4
111000941,202,884,-682
111000943,238,342,-104
111000944,146,759,-613
111000945,72,2618,-2546
111001109,487,242,245
111001110,233,708,-475
111001111,34,3,31
111001112,271,15,256
111001113,4,220,-216
111001114,1508,126,1382
111001115,209,308,-99
111001116,6315,3166,3149
111001117,811,1477,-666
111001120,109,453,-344
111001121,200,426,-226
111001122,207,867,-660
111001123,128,286,-158
111001124,120,381,-261
111001125,5,33,-28
111001126,3,3,0
111001127,6,193,-187
111001128,546,759,-213
111001129,4,255,-251
111900001,4,275,-271
111900002,1,839,-838
111900003,1,390,-389
111900004,20,133,-113
111900006,5,10,-5
111900007,34,3,31
111900008,51,1,50
111900009,52,0,52
111900010,212,397,-185
111900012,90,108,-18
111900013,1,49,-48
111900014,7256,2021,5235
111900015,0,83,-83
111900016,0,167,-167
111900017,0,165,-165
111900018,60,5,55
111900019,10,78,-68
111900020,4,39,-35
111900021,29,110,-81
111900022,15,53,-38
111900023,118,57,61
111900024,111,248,-137
111900025,0,79,-79
111900026,1,101,-100
111900027,2,157,-155
111900028,6,439,-433
111900029,2,116,-114
111900030,50,388,-338
111900032,2,417,-415
111900033,4,98,-94
111900034,322,720,-398
111900035,9,195,-186
111900036,6,427,-421
111900038,359,662,-303
111900039,33,401,-368
111900040,2,679,-677
111900042,13,111,-98
111900043,2,449,-447
111900044,300,302,-2
111900046,38,204,-166
111900048,133,1026,-893
111900049,27,199,-172
111900050,80,13,67
111900051,6,293,-287
111900052,316,360,-44
111900053,1603,610,993
111900054,57,0,57
111900055,19,704,-685
111900056,310,143,167
111900057,45,100,-55
111900058,167,690,-523
111900059,3810,422,3388
111900060,170,0,170
111900061,19,365,-346
111900062,17,29,-12
111900063,83,261,-178
111900064,137,474,-337
111900065,46,21,25
111900066,60,121,-61
111900067,1,350,-349
111900068,45,38,7
111900069,42,16,26
111900070,106,121,-15
111900071,4,294,-290
111900072,23,12,11
111900073,298,96,202
111900074,7,205,-198
111900075,41,2,39
111900076,81,29,52
111900077,5,1,4
111900078,121,11,110
111900079,15,12,3
111900080,270,206,64
111900082,154,14,140
111900083,44,4,40
111900084,26,0,26
111900085,35,67,-32
111900086,24,3,21
111900087,12,0,12
111900088,243,4,239
111900089,24,0,24
111900090,57,21,36
111900091,83,2,81
111900092,47,3,44
111900093,215,0,215
111900094,43,0,43
111900095,86,5,81
111900096,53,0,53
111900097,9,0,9
111900098,116,1,115
111900099,23,0,23
111900100,52,2,50
111900101,70,26,44
111900102,155,670,-515
111900103,53,48,5
111900104,123,60,63
111900105,234,169,65
111900106,1296,40,1256
111900110,2227,267,1960
111900111,73,8,65
111900112,931,1210,-279
111900113,301,76,225
111900118,228,70,158
111900119,207,96,111
111900122,44,54,-10
111900123,9,18,-9
111900124,19,69,-50
111900125,296,17,279
111900126,170,1,169
111900127,2,799,-797
111900128,6,529,-523
111900129,151,3,148
111900130,85,7,78
111900131,282,0,282
111900132,25,1474,-1449
111900133,26,445,-419
111900134,7,258,-251
111900135,5,12,-7
111900136,77,138,-61
111900137,59,58,1
111900138,7,73,-66
111900139,9,91,-82
111900140,47,11,36
111900141,65,2,63
111900142,48,21,27
111900143,1,72,-71
111900144,1,172,-171
111900145,2,634,-632
111900146,5,379,-374
111900147,163,560,-397
111900148,28,1019,-991
111900149,5,385,-380
111900150,9,166,-157
111900151,4,14,-10
111900152,82,75,7
111900153,2095,322,1773
111900154,5,157,-152
111900155,46,69,-23
111900156,13,54,-41
111900157,57,15,42
111900158,302,14,288
111900159,164,7,157
111900160,135,3,132
111900161,66,0,66
111900162,99,171,-72
111900163,34,329,-295
111900164,88,51,37
111901113,241,394,-153
111901114,43,316,-273
111901115,50,0,50
111901116,18,0,18
111901117,21,14,7
111901118,129,77,52
111901119,1259,88,1171
111901121,148,380,-232
111901122,6,587,-581
111901123,93,369,-276
111901124,55,0,55
111901125,208,330,-122
111901127,745,141,604
111901128,8,88,-80
111901129,7,134,-127
111901130,7,248,-241
111901131,18,236,-218
111901132,203,18,185
111901133,15,3,12
111901134,37,5,32
111901135,12,5,7
111901138,99,31,68
111901139,11,39,-28
111901140,2,142,-140
111901141,5,306,-301
111901142,5,183,-178
111901143,3,114,-111
111901144,37,18,19
111901145,250,248,2
111901146,435,19,416
111901147,1691,9,1682
111901148,31,31,0
111901149,32,3,29
111901150,98,1,97
111901151,0,0,0
111901152,4,36,-32
112000001,1513,1228,285
112000002,907,2595,-1688
112000003,784,1185,-401
112000004,647,1616,-969
112000005,2125,2188,-63
112000006,2041,2251,-210
112000007,1739,1460,279
112000008,2622,4242,-1620
112000009,4577,4599,-22
112000010,2471,2957,-486
112000011,2148,2705,-557
112000012,4299,2108,2191
112000013,5420,3021,2399
112000014,2841,589,2252
112000015,2930,2371,559
112000016,5384,746,4638
112000017,2600,1060,1540
112000024,2785,793,1992
112000026,5126,6199,-1073
112000027,1249,609,640
112000028,2641,1847,794
112000029,336,664,-328
112000030,251,106,145
112000031,1537,3403,-1866
112000032,461,30,431
112000033,1939,934,1005
112000034,303,33,270
112000035,72,189,-117
112000036,1015,555,460
112000037,1013,797,216
112000038,961,792,169
112000039,63,97,-34
112000040,116,313,-197
112000041,678,621,57
112000042,1564,392,1172
112000050,1079,1549,-470
112000051,854,1231,-377
112000054,2117,2606,-489
112000057,363,318,45
112000058,320,531,-211
112000059,447,794,-347
112000061,5367,1886,3481
112000062,1850,634,1216
112000063,1911,1506,405
112000064,5229,6925,-1696
112000065,2677,3070,-393
112000066,3859,1275,2584
112000067,988,753,235
112000068,3330,1965,1365
112000069,835,2283,-1448
112000070,1856,935,921
112000071,864,3032,-2168
112000072,1460,1096,364
112000073,2453,1911,542
112000074,2378,1044,1334
112000075,1371,1385,-14
112000076,3295,3181,114
112000077,482,810,-328
112000078,1240,721,519
112000079,1074,1419,-345
112000080,544,902,-358
112000081,1593,2212,-619
112000082,1436,803,633
112000083,618,1576,-958
112000084,1001,931,70
112000085,1198,1630,-432
112000086,1666,1924,-258
112000087,245,956,-711
112000088,333,769,-436
112000089,230,309,-79
112000090,178,325,-147
112000091,716,1340,-624
112000092,1299,1121,178
112000093,1717,1255,462
112000094,463,1079,-616
112000095,696,878,-182
112000096,311,863,-552
112000097,867,551,316
112000098,857,1806,-949
112000099,699,883,-184
112000100,1179,1118,61
112000101,467,1067,-600
112000102,677,848,-171
112000103,433,1253,-820
112000105,809,2800,-1991
112000106,1174,622,552
112000107,71,223,-152
112000108,252,2211,-1959
112000109,145,177,-32
112000110,1400,696,704
112000111,1154,3512,-2358
112000112,2098,708,1390
112000113,837,1936,-1099
112000114,1598,1103,495
112000115,322,679,-357
112000116,474,1210,-736
112000117,1227,1366,-139
112000118,1070,951,119
112000119,528,1073,-545
112000120,83,444,-361
112000121,83,707,-624
112000122,186,169,17
112000123,516,165,351
112000124,226,58,168
112000125,286,165,121
112000126,144,1065,-921
112000127,1961,1461,500
112000128,839,681,158
112000129,90,131,-41
112000130,121,71,50
112000131,64,591,-527
112000132,120,341,-221
112000133,247,406,-159
112000134,410,386,24
112000135,607,735,-128
112000136,1013,1305,-292
112000137,1015,1535,-520
112000138,1164,1293,-129
112000139,1141,319,822
112000140,1120,1243,-123
112000141,580,272,308
112000142,231,964,-733
112000143,877,307,570
112000144,305,1904,-1599
112000145,1713,684,1029
112000146,671,2720,-2049
112000147,1706,1812,-106
112000148,1756,2751,-995
112000149,265,1124,-859
112000150,140,637,-497
112000151,458,793,-335
112000152,229,468,-239
112000153,300,392,-92
112000154,68,173,-105
112000155,243,88,155
112000157,1248,548,700
112000158,214,1026,-812
112000159,327,391,-64
112000167,334,36,298
112000169,807,452,355
112000173,385,146,239
112000175,275,557,-282
112000176,3632,1915,1717
112000177,555,112,443
112000178,71,568,-497
112000179,160,163,-3
112000180,275,319,-44
112000181,1274,1976,-702
112000182,665,1935,-1270
112000183,52,75,-23
112000184,251,783,-532
112000185,297,677,-380
112000187,2684,1843,841
112000195,156,5,151
112000196,55,1,54
112000197,39,49,-10
112000198,13,325,-312
112000199,1343,1058,285
112000202,242,0,242
112000216,65,270,-205
112000230,70,0,70
112000231,0,312,-312
112000256,58,144,-86
112000313,162,194,-32
112000314,35,16,19
112000337,244,620,-376
112000352,427,355,72
112000392,1972,1483,489
112000398,983,823,160
112000399,9502,2748,6754
112000400,1690,5232,-3542
112000401,2788,3312,-524
112000402,1987,2288,-301
112000403,4473,2695,1778
112000404,538,679,-141
112000405,1323,2636,-1313
112000406,3735,3719,16
112000407,4337,6399,-2062
112000408,8428,8549,-121
112000409,1713,6366,-4653
112000410,275,170,105
112000411,6270,803,5467
112000412,1251,405,846
112000413,11789,3596,8193
112000414,73,192,-119
112000415,115,65,50
112000416,1660,1468,192
112000417,198,85,113
112000421,42,190,-148
112000422,275,776,-501
112000424,4122,2581,1541
112000425,151,910,-759
112000426,115,346,-231
112000427,2,8,-6
112000428,111,538,-427
112000429,2781,3990,-1209
112000430,3452,3735,-283
112000431,82,146,-64
112000432,703,3565,-2862
112000433,500,862,-362
112000437,68,201,-133
112900001,47,1,46
112900002,215,1347,-1132
112900003,48,447,-399
112900004,12,307,-295
112900005,97,238,-141
112900007,7,204,-197
112900008,0,22,-22
112900009,242,65,177
112900010,207,777,-570
112900011,457,324,133
112900012,0,46,-46
112900013,5,166,-161
112900014,7,270,-263
112900015,382,1001,-619
112900016,1,210,-209
112900017,43,232,-189
112900018,116,1053,-937
112900019,45,181,-136
112900020,420,1583,-1163
112900021,1,212,-211
112900022,5,67,-62
112900023,3,296,-293
112900024,8,165,-157
112900025,72,261,-189
112900026,3,398,-395
112900027,3,1316,-1313
112900028,9,94,-85
112900029,10,976,-966
112900030,300,208,92
112900031,9,588,-579
112900032,111,322,-211
112900034,0,64,-64
112900035,11,567,-556
112900036,19,197,-178
112900037,276,98,178
112900038,356,112,244
112900039,20,359,-339
112900040,5,324,-319
112900041,2084,1087,997
112900042,28,515,-487
112900043,13,36,-23
112900044,850,421,429
112900045,477,367,110
112900046,193,56,137
112900047,15,16,-1
112900049,94,51,43
112900050,63,616,-553
112900051,243,785,-542
112900052,5,1259,-1254
112900053,344,104,240
112900054,259,27,232
112900055,122,19,103
112900056,285,155,130
112900057,12,826,-814
112900058,244,285,-41
112900059,170,160,10
112900060,5,261,-256
112900061,68,136,-68
112900062,63,119,-56
112900063,167,8,159
112900064,131,228,-97
112900065,37,20,17
112900066,113,107,6
112900067,540,151,389
112900068,31,56,-25
112900069,2843,428,2415
112900071,14,1,13
112900072,548,989,-441
112900073,241,49,192
112900074,57,175,-118
112900075,2364,680,1684
112900076,65,17,48
112900078,226,282,-56
112900079,141,13,128
112900080,20,7,13
112900081,28,117,-89
112900082,279,17,262
112900083,70,32,38
112900084,203,78,125
112900086,12,1,11
112900087,397,58,339
112900088,49,12,37
112900089,498,14,484
112900090,51,11,40
112900091,132,2,130
112900092,150,171,-21
112900093,839,9,830
112900095,14,2,12
112900096,271,77,194
112900097,38,499,-461
112900098,77,0,77
112900099,572,8,564
112900100,40,0,40
112900101,119,1,118
112900102,63,8,55
112900103,168,1,167
112900104,346,5,341
112900105,11,0,11
112900106,322,69,253
112900107,3,3,0
112900108,48,0,48
112900109,73,0,73
112900110,643,11,632
112900111,351,1,350
112900112,273,2,271
112900113,0,21,-21
112900114,38,23,15
112900115,562,3,559
112900116,40,1,39
112900117,170,121,49
112900118,18,77,-59
112900119,138,1,137
112900120,737,254,483
112900121,517,177,340
112900122,20,145,-125
112900123,153,16,137
112900124,6,130,-124
112900125,23,320,-297
112900126,115,239,-124
112900127,241,50,191
112900128,484,894,-410
112900129,6,1050,-1044
112900130,234,46,188
112900131,39,314,-275
112900132,59,564,-505
112900133,22,1264,-1242
112900134,0,311,-311
112900135,58,45,13
112900137,1,819,-818
112900138,10,541,-531
112900139,196,1220,-1024
112900141,720,24,696
112900142,72,95,-23
112900143,43,644,-601
112900144,16,1698,-1682
112900145,43,478,-435
112900146,6,1664,-1658
112900147,4,2649,-2645
112900148,53,1,52
112900149,103,664,-561
112900151,16,75,-59
112900152,6009,999,5010
112900153,1975,1468,507
112900154,1,152,-151
112900155,137,28,109
112900156,258,1883,-1625
112900157,70,180,-110
112900158,24,16,8
112900159,126,74,52
112900160,40,314,-274
112900161,61,18,43
112900162,34,31,3
112900163,148,24,124
112900164,33,144,-111
112900165,118,31,87
112900166,45,29,16
112900167,6,33,-27
112900168,9,2,7
112900169,6,11,-5
112900170,41,107,-66
112900172,64,8,56
112900173,192,119,73
112900174,223,30,193
112900175,101,129,-28
112900176,13,23,-10
112900177,201,34,167
112900178,612,2002,-1390
112900179,47,518,-471
112900180,1352,2108,-756
112900181,314,2,312
112900182,51,1561,-1510
112900183,112,185,-73
112900184,585,463,122
112900185,184,368,-184
112900186,1335,924,411
112900187,80,363,-283
112900188,699,275,424
112900189,3,32,-29
112900190,39,41,-2
112900192,460,553,-93
112900193,952,381,571
112900194,76,104,-28
112900195,1448,43,1405
112900196,230,679,-449
112900197,164,450,-286
112900199,242,411,-169
112900200,421,323,98
112900201,32,108,-76
112900202,177,1074,-897
112900203,135,386,-251
112900204,900,475,425
112900205,1,21,-20
112900206,1,71,-70
112900207,14,1,13
112900208,59,201,-142
112900209,483,449,34
112900210,0,27,-27
112900211,64,17,47
112900212,0,140,-140
112900213,13,2,11
112900214,37,5,32
112900215,6,246,-240
112900216,33,69,-36
112900217,0,74,-74
112900218,19,0,19
112900219,47,21,26
112900220,4,0,4
112900221,4,195,-191
112900222,0,25,-25
112900223,802,11,791
112900224,117,764,-647
112900225,261,570,-309
112900226,168,263,-95
112900227,136,782,-646
112900228,25,38,-13
112900229,86,54,32
112900230,7942,3557,4385
112900232,128,122,6
112900233,70,183,-113
112900234,3,130,-127
112900235,69,15,54
112900236,161,11,150
112900237,126,722,-596
112900238,3,50,-47
112900239,910,322,588
112900240,3,164,-161
112900241,1,286,-285
112900242,6,570,-564
112900243,4,363,-359
112900244,3,170,-167
112900245,3,65,-62
112900246,2,16,-14
112900247,150,25,125
112900248,17,5,12
112900249,105,7,98
112900250,61,29,32
112900251,45,13,32
112900252,42,27,15
112900253,32,8,24
112900254,15,13,2
112900255,6,23,-17
112900256,15,48,-33
112900257,24,29,-5
112900258,39,43,-4
113000001,5234,9317,-4083
113000002,3636,4420,-784
113000003,2105,4344,-2239
113000004,2269,3678,-1409
113000005,2142,1568,574
113000006,1516,2117,-601
113000007,1939,1757,182
113000008,2252,2467,-215
113000009,1088,1409,-321
113000010,1072,1852,-780
113000011,1027,1465,-438
113000012,1075,1352,-277
113000013,1185,730,455
113000014,1593,1110,483
113000015,488,184,304
113000016,399,363,36
113000017,30,296,-266
113000018,559,100,459
113000019,79,254,-175
113000020,174,21,153
113000021,3960,906,3054
113000022,815,1482,-667
113000025,96,291,-195
113000026,483,455,28
113000027,2910,464,2446
113000028,1473,363,1110
113000029,670,794,-124
113000030,715,551,164
113000031,363,290,73
113000032,273,347,-74
113000033,308,426,-118
113000034,386,374,12
113000035,28,22,6
113000036,21,38,-17
113000037,61,33,28
113000038,9,50,-41
113000039,77,1020,-943
113000040,89,109,-20
113000042,1186,670,516
113000051,709,2767,-2058
113000052,2772,1698,1074
113000053,407,862,-455
113000054,310,1048,-738
113000055,1116,1208,-92
113000056,864,1698,-834
113000058,824,789,35
113000059,1316,799,517
113000060,202,483,-281
113000061,1066,1068,-2
113000062,1672,270,1402
113000063,90,442,-352
113000064,25,496,-471
113000065,195,1463,-1268
113000066,631,216,415
113000067,1541,1527,14
113000068,521,2551,-2030
113000069,655,1872,-1217
113000070,1740,1158,582
113000071,293,899,-606
113000072,614,635,-21
113000073,789,1662,-873
113000074,857,640,217
113000075,2507,789,1718
113000076,1777,2076,-299
113000077,1333,480,853
113000078,1031,2363,-1332
113000079,752,783,-31
113000080,722,647,75
113000081,682,981,-299
113000082,1241,730,511
113000083,560,1109,-549
113000084,1701,1160,541
113000085,905,872,33
113000086,1224,1223,1
113000087,972,1053,-81
113000088,3152,1466,1686
113000089,972,1698,-726
113000090,355,827,-472
113000091,720,356,364
113000094,1667,293,1374
113000095,507,1293,-786
113000096,300,1011,-711
113000097,1486,448,1038
113000098,122,54,68
113000099,1836,410,1426
113000100,211,600,-389
113000101,532,729,-197
113000102,829,481,348
113000103,3297,662,2635
113000104,451,4252,-3801
113000105,740,558,182
113000106,561,643,-82
113000107,1091,1427,-336
113000108,1505,1794,-289
113000109,743,6987,-6244
113000110,1504,704,800
113000111,278,1295,-1017
113000112,354,505,-151
113000113,1502,501,1001
113000114,375,2039,-1664
113000116,737,241,496
113000117,1044,125,919
113000118,201,542,-341
113000119,266,385,-119
113000120,36,242,-206
113000121,537,1022,-485
113000124,271,162,109
113000125,52,648,-596
113000127,4021,576,3445
113000128,551,542,9
113000129,445,1584,-1139
113000133,5197,1419,3778
113000134,12,1720,-1708
113000135,3847,4486,-639
113000137,1902,2658,-756
113000139,313,163,150
113000140,142,247,-105
113000141,224,159,65
113000142,508,889,-381
113000143,226,207,19
113000144,252,678,-426
113000145,40,134,-94
113000146,110,91,19
113000147,105,195,-90
113000148,117,117,0
113000149,62,129,-67
113000150,515,492,23
113000151,133,120,13
113000152,47,150,-103
113000153,1864,482,1382
113000154,521,1717,-1196
113000155,285,550,-265
113000156,193,418,-225
113000157,300,907,-607
113000158,616,260,356
113000159,650,689,-39
113000160,671,1237,-566
113000161,235,663,-428
113000162,475,542,-67
113000163,105,64,41
113000164,29,73,-44
113000166,132,85,47
113000167,19,146,-127
113000168,119,184,-65
113000169,104,126,-22
113000170,95,123,-28
113000171,75,115,-40
113000172,260,90,170
113000173,32,33,-1
113000174,118,605,-487
113000175,381,162,219
113000176,563,222,341
113000177,193,606,-413
113000178,207,455,-248
113000179,283,202,81
113000180,936,2142,-1206
113000181,1213,1167,46
113000182,322,677,-355
113000183,257,705,-448
113000184,55,67,-12
113000189,486,688,-202
113000190,1145,476,669
113000192,3223,1352,1871
113000193,8348,1207,7141
113000194,3994,1053,2941
113000195,4760,567,4193
113000196,423,180,243
113000197,2620,934,1686
113000198,58,377,-319
113000199,1082,390,692
113000201,1808,155,1653
113000202,4907,4782,125
113000203,1009,385,624
113000204,2743,1449,1294
113000205,34,28,6
113000206,8,16,-8
113000207,78,17,61
113000208,48,30,18
113000209,14,18,-4
113000210,13,33,-20
113000211,680,306,374
113000212,559,29,530
113000213,57,360,-303
113000214,249,590,-341
113000234,158,1496,-1338
113000410,224,187,37
113000411,2739,4861,-2122
113000412,11600,2947,8653
113000413,5097,2920,2177
113000414,9603,11946,-2343
113000415,2700,3395,-695
113000416,9565,4665,4900
113000417,3313,3797,-484
113000418,3258,3027,231
113000419,1305,1953,-648
113000420,3507,4600,-1093
113000421,3725,6000,-2275
113000422,15590,11634,3956
113000423,2985,4192,-1207
113000424,4342,11316,-6974
113000425,17,196,-179
113000428,84,15,69
113000430,36,17,19
113000432,2332,188,2144
113000433,144,1016,-872
113000434,31,278,-247
113000435,65,915,-850
113000436,65,1620,-1555
113000437,630,30,600
113000438,236,18,218
113000439,36,181,-145
113000440,87,30,57
113000441,121,421,-300
113000442,148,267,-119
113000443,108,519,-411
113000444,178,343,-165
113000445,92,226,-134
113000446,67,102,-35
113000448,587,284,303
113000449,450,1665,-1215
113000450,1311,7754,-6443
113000451,2913,283,2630
113000452,521,929,-408
113000453,202,314,-112
113000454,3773,54,3719
113000455,240,175,65
113000456,3823,2402,1421
113000468,3365,264,3101
113000469,676,199,477
113000470,866,138,728
113000471,25,816,-791
113000472,97,311,-214
113000474,342,949,-607
113000475,1648,2516,-868
113000476,970,2141,-1171
113000477,2033,2291,-258
113000478,3904,7594,-3690
113000479,59,355,-296
113000483,0,0,0
113000484,0,0,0
113000485,0,0,0
113000486,9,0,9
113000487,0,0,0
113000488,0,0,0
113000489,0,0,0
113000490,0,0,0
113000491,2,7,-5
113000492,1,5,-4
113000493,0,0,0
113000495,280,275,5
113000496,133,185,-52
113900001,7,322,-315
113900002,0,324,-324
113900003,1,335,-334
113900004,5,102,-97
113900005,1,55,-54
113900006,4,72,-68
113900007,1007,3,1004
113900008,565,5,560
113900009,1029,7,1022
113900010,433,9,424
113900011,107,3,104
113900012,28,2,26
113900013,1532,21,1511
113900014,645,1,644
113900015,2,25,-23
113900016,17,0,17
113900017,0,64,-64
113900018,452,102,350
113900019,79,43,36
113900020,101,2,99
113900022,3,0,3
113900023,25,0,25
113900024,51,82,-31
113900025,352,17,335
113900026,37,0,37
113900027,2,127,-125
113900028,11,507,-496
113900029,53,264,-211
113900030,128,4,124
113900031,3,2,1
113900032,24,0,24
113900033,85,85,0
113900035,25,0,25
113900036,19,143,-124
113900037,44,672,-628
113900038,85,130,-45
113900039,100,7,93
113900040,2,2,0
113900041,3,1,2
113900042,79,77,2
113900043,205,93,112
113900044,248,120,128
113900045,101,0,101
113900046,200,682,-482
113900047,30,203,-173
113900048,288,60,228
113900049,999,308,691
113900050,175,484,-309
113900051,236,458,-222
113900052,124,124,0
113900053,513,442,71
113900054,15,1,14
113900055,95,579,-484
113900056,96,217,-121
113900057,4,106,-102
113900058,50,234,-184
113900059,281,315,-34
113900060,81,179,-98
113900061,717,194,523
113900062,79,6,73
113900063,78,114,-36
113900064,12,194,-182
113900065,692,12,680
113900066,267,507,-240
113900067,64,389,-325
113900068,378,395,-17
113900069,34,47,-13
113900070,162,448,-286
113900071,62,143,-81
113900072,58,176,-118
113900073,361,421,-60
113900074,34,407,-373
113900075,1256,1046,210
113900076,93,19,74
113900077,26,230,-204
113900078,70,107,-37
113900079,1,53,-52
113900080,365,180,185
113900081,39,264,-225
113900082,109,293,-184
113900083,101,676,-575
113900084,285,131,154
113900085,47,334,-287
113900086,18,33,-15
113900087,57,190,-133
113900088,23,77,-54
113900089,417,42,375
113900090,568,354,214
113900091,16,20,-4
113900092,47,70,-23
113900093,99,933,-834
113900094,266,439,-173
113900095,167,106,61
113900096,183,40,143
113900097,2,128,-126
113900098,532,106,426
113900099,0,59,-59
113900100,0,2,-2
113900101,30,72,-42
113900102,173,99,74
113900103,401,148,253
113900104,157,208,-51
113900105,42,397,-355
113900106,1,80,-79
113900107,3,27,-24
113900108,296,229,67
113900109,435,133,302
113900110,43,14,29
113900111,99,72,27
113900112,94,67,27
113900113,671,546,125
113900114,0,139,-139
113900115,1,151,-150
113900116,123,152,-29
113900117,115,29,86
113900118,181,203,-22
113900119,269,449,-180
113900120,72,20,52
113900121,26,77,-51
113900122,292,1983,-1691
113900123,447,266,181
113900124,2,100,-98
113900125,1641,159,1482
113900126,148,42,106
113900127,150,594,-444
113900128,117,65,52
113900129,12,110,-98
113900130,2,16,-14
113900131,147,72,75
113900132,75,33,42
113900133,12,40,-28
113900135,380,603,-223
113900136,125,68,57
113900137,362,296,66
113900138,75,116,-41
113900139,556,94,462
113900140,336,205,131
113900141,385,628,-243
113900142,93,123,-30
113900143,9,26,-17
113900144,301,184,117
113900145,440,235,205
113900146,105,60,45
113900148,204,267,-63
113900149,129,98,31
113900150,850,659,191
113900151,271,290,-19
113900152,9,37,-28
113900153,394,649,-255
113900154,3,111,-108
113900155,181,92,89
113900156,285,530,-245
113900157,22,257,-235
113900158,281,210,71
113900159,25,198,-173
113900160,488,690,-202
113900161,52,253,-201
113900162,389,496,-107
113900163,240,274,-34
113900164,300,71,229
113900165,671,438,233
113900166,217,145,72
113900167,209,27,182
113900168,139,89,50
113900169,237,430,-193
113900171,143,48,95
113900172,3,184,-181
113900173,61,833,-772
113900174,484,655,-171
113900175,358,135,223
113900176,181,595,-414
113900177,439,236,203
113900178,311,129,182
113900179,14,852,-838
113900180,205,139,66
113900181,791,114,677
113900182,526,861,-335
113900183,88,96,-8
113900184,4,623,-619
113900185,253,88,165
113900186,14,36,-22
113900187,56,139,-83
113900188,26,126,-100
113900189,330,85,245
113900190,357,149,208
113900191,67,189,-122
113900192,2843,1910,933
113900193,15,266,-251
113900194,2278,1197,1081
113900195,402,404,-2
113900196,3,87,-84
113900197,1,360,-359
113900198,23,119,-96
113900199,163,675,-512
113900200,12,173,-161
113900201,0,239,-239
113900202,10,189,-179
113900203,9,165,-156
113900204,55,669,-614
113900205,7,113,-106
113900206,5,101,-96
113900207,0,45,-45
113900208,0,23,-23
113900209,1,69,-68
113900210,688,664,24
113900211,129,73,56
113900212,116,588,-472
113900214,379,369,10
113900215,38,149,-111
113900216,61,1300,-1239
113900217,28,347,-319
113900218,122,49,73
113900219,118,541,-423
113900220,166,103,63
113900221,338,138,200
113900222,1542,656,886
113900223,71,1051,-980
113900224,111,60,51
113900225,639,201,438
113900226,240,91,149
113900227,308,190,118
113900228,337,357,-20
113900229,41,566,-525
113900230,4937,2718,2219
113900231,132,263,-131
113900232,60,94,-34
113900233,53,65,-12
113900234,310,582,-272
113900235,53,27,26
113900236,56,321,-265
113900237,115,2,113
113900238,257,502,-245
113900239,141,101,40
113900240,10,108,-98
113900241,85,63,22
113900242,75,159,-84
113900243,135,456,-321
113900244,577,192,385
113900245,1488,224,1264
113900246,20,19,1
113900247,201,296,-95
113900248,3065,1471,1594
113900249,1121,305,816
113900250,78,190,-112
113900251,467,269,198
113900252,414,11,403
113900253,620,40,580
113900254,664,119,545
113900255,327,20,307
113900256,395,29,366
113900257,29,872,-843
113900258,11,655,-644
113900259,391,300,91
113900260,103,5,98
113900261,15,101,-86
113900262,126,775,-649
113900263,172,618,-446
113900264,6,640,-634
113900265,187,274,-87
113900266,25,225,-200
113900267,198,541,-343
113900268,301,350,-49
113900269,54,145,-91
113900270,310,361,-51
113900271,549,1168,-619
113900273,80,7,73
113900274,56,19,37
113900275,19,61,-42
113900276,3,271,-268
113900277,102,2,100
113900278,239,147,92
113900279,40,121,-81
113900280,1167,486,681
113900281,435,931,-496
113900282,623,355,268
113900283,343,376,-33
113900284,655,229,426
113900285,84,14,70
113900286,13,124,-111
113900287,30,29,1
113900288,2,92,-90
113900289,1334,64,1270
113900290,438,142,296
113900291,120,170,-50
113900292,5,2,3
113900293,31,278,-247
113900294,512,20,492
113900295,366,323,43
113900296,1656,171,1485
113900297,1237,33,1204
113900298,9,1613,-1604
113900299,29,273,-244
113900300,3821,1919,1902
113900301,1190,372,818
113900302,2842,900,1942
113900303,613,288,325
113900304,1,159,-158
113900305,47,0,47
113900306,22,1,21
113900307,51,0,51
113900308,70,105,-35
113900309,8,970,-962
113900310,3,16,-13
113900311,1,8,-7
113900312,126,137,-11
113900313,20,14,6
113900314,0,49,-49
113900315,36,3,33
114000001,895,4135,-3240
114000002,167,568,-401
114000003,244,1281,-1037
114000004,310,393,-83
114000005,174,323,-149
114000006,3389,2252,1137
114000007,725,1548,-823
114000008,2088,1464,624
114000009,589,317,272
114000011,2446,4305,-1859
114000012,1866,3424,-1558
114000013,1584,2618,-1034
114000014,624,676,-52
114000015,1234,691,543
114000016,192,468,-276
114000017,154,198,-44
114000018,570,76,494
114000026,1260,2043,-783
114000027,2214,2533,-319
114000028,2293,2898,-605
114000038,202,155,47
114000039,186,315,-129
114000040,70,214,-144
114000042,259,289,-30
114000043,386,339,47
114000044,198,301,-103
114000045,57,96,-39
114000046,3098,5002,-1904
114000047,20,68,-48
114000048,221,246,-25
114000049,1693,1567,126
114000050,1539,1592,-53
114000051,3420,1594,1826
114000052,3409,1157,2252
114000053,74,403,-329
114000054,162,1369,-1207
114000055,306,25,281
114000056,1273,616,657
114000057,12192,2304,9888
114000058,640,1574,-934
114000059,292,379,-87
114000060,820,877,-57
114000061,4161,2130,2031
114000062,2610,1044,1566
114000063,3399,1866,1533
114000064,6563,3353,3210
114000065,1779,2450,-671
114000066,422,603,-181
114000067,45,642,-597
114000068,342,543,-201
114000069,1197,393,804
114000070,2429,1803,626
114000071,654,507,147
114000072,297,620,-323
114000073,5,96,-91
114000074,24,19,5
114000075,48,196,-148
114000076,10,177,-167
114000077,9,67,-58
114000078,252,767,-515
114000079,116,25,91
114000080,132,154,-22
114000081,65,53,12
114000082,61,687,-626
114000083,80,316,-236
114000084,221,101,120
114000085,128,931,-803
114000086,200,718,-518
114000087,21,196,-175
114000088,56,71,-15
114000089,2106,641,1465
114000090,797,644,153
114000091,2750,594,2156
114000092,1170,336,834
114000093,1001,772,229
114000094,478,466,12
114000095,189,106,83
114000096,171,489,-318
114000097,226,835,-609
114000098,431,99,332
114000099,347,1189,-842
114000100,955,1005,-50
114000101,315,959,-644
114000102,375,386,-11
114000103,170,559,-389
114000104,12,538,-526
114000105,149,59,90
114000106,1529,712,817
114000107,201,120,81
114000108,5799,1610,4189
114000109,334,1102,-768
114000110,459,2200,-1741
114000111,1067,597,470
114000112,358,3544,-3186
114000113,1129,429,700
114000114,1175,2349,-1174
114000115,1906,865,1041
114000116,484,1284,-800
114000117,2010,450,1560
114000118,1781,370,1411
114000119,1394,387,1007
114000120,502,599,-97
114000121,561,672,-111
114000122,375,311,64
114000123,1116,261,855
114000124,1311,333,978
114000125,481,1248,-767
114000126,876,232,644
114000127,158,176,-18
114000128,909,523,386
114000130,533,562,-29
114000131,169,59,110
114000132,697,963,-266
114000133,978,1601,-623
114000134,40,150,-110
114000138,56,158,-102
114000139,376,169,207
114000144,687,405,282
114000145,65,158,-93
114000146,84,381,-297
114000147,1009,1355,-346
114000148,2669,1922,747
114000149,279,215,64
114000150,2479,1318,1161
114000151,3262,1367,1895
114000152,241,44,197
114000153,1930,1949,-19
114000154,1279,958,321
114000155,1207,2403,-1196
114000156,1469,498,971
114000157,404,1084,-680
114000158,2793,767,2026
114000159,171,426,-255
114000160,107,211,-104
114000161,2147,2099,48
114000162,891,1604,-713
114000163,10,119,-109
114000165,496,208,288
114000166,1152,238,914
114000167,5864,1365,4499
114000168,839,664,175
114000169,2545,878,1667
114000170,1271,978,293
114000171,821,2504,-1683
114000174,229,425,-196
114000176,928,372,556
114000177,2832,811,2021
114000178,34,48,-14
114000179,1410,1051,359
114000180,638,724,-86
114000181,1618,2943,-1325
114000182,7317,2416,4901
114000183,1083,1125,-42
114000184,8334,1590,6744
114000185,955,963,-8
114000189,561,80,481
114000190,1559,209,1350
114000191,30,53,-23
114000192,274,2244,-1970
114000193,767,3683,-2916
114000194,1342,1299,43
114000195,102,27,75
114000196,1,344,-343
114000197,775,15,760
114000198,1412,435,977
114000199,2730,1297,1433
114000200,690,2635,-1945
114000201,318,1388,-1070
114000202,1175,848,327
114000203,745,1603,-858
114000204,131,633,-502
114000205,235,2216,-1981
114000206,500,1353,-853
114000207,824,2444,-1620
114000208,535,4058,-3523
114000209,624,3576,-2952
114000210,311,1819,-1508
114000211,1104,1712,-608
114000212,676,812,-136
114000213,1314,746,568
114000214,122,253,-131
114000215,147,83,64
114000216,1050,399,651
114000217,174,466,-292
114000218,133,320,-187
114000219,1109,249,860
114000220,26,1892,-1866
114000221,515,179,336
114000222,201,1780,-1579
114000223,424,99,325
114000224,116,968,-852
114000225,197,542,-345
114000226,84,266,-182
114000227,779,539,240
114000228,737,1046,-309
114000229,783,1018,-235
114000230,1516,1541,-25
114000231,958,1313,-355
114000232,438,121,317
114000233,1749,137,1612
114000234,1270,1036,234
114000235,1244,2292,-1048
114000236,1,632,-631
114000237,90,1035,-945
114000238,116,396,-280
114000239,160,1453,-1293
114000240,605,667,-62
114000241,240,1553,-1313
114000242,1034,1394,-360
114000243,1654,890,764
114000244,776,390,386
114000245,395,686,-291
114000246,229,52,177
114000247,805,743,62
114000248,745,634,111
114000249,597,565,32
114000250,372,621,-249
114000251,246,475,-229
114000252,101,138,-37
114000253,63,316,-253
114000254,11,80,-69
114000255,976,216,760
114000256,2651,1317,1334
114000257,994,2141,-1147
114000258,172,427,-255
114000259,44,309,-265
114000260,0,31,-31
114000261,49,36,13
114000262,44,146,-102
114000263,33,4,29
114000264,665,633,32
114000265,0,1,-1
114000267,6,1975,-1969
114000268,12,1839,-1827
114000270,144,0,144
114000271,558,83,475
114000283,699,400,299
114000285,29,274,-245
114000288,73,399,-326
114000289,1115,263,852
114000293,81,591,-510
114000294,129,230,-101
114000395,1634,143,1491
114000396,372,394,-22
114000402,331,351,-20
114000403,280,663,-383
114000405,61,678,-617
114000423,165,498,-333
114000424,132,209,-77
114000425,366,506,-140
114000426,287,817,-530
114000427,53,129,-76
114000428,293,109,184
114000429,23,202,-179
114000432,101,150,-49
114000434,36,109,-73
114000435,0,181,-181
114900001,428,1923,-1495
114900002,375,47,328
114900003,379,2663,-2284
114900004,168,218,-50
114900005,337,1048,-711
114900006,56,21,35
114900007,126,21,105
114900008,82,74,8
114900010,2867,2411,456
114900011,123,122,1
114900013,134,108,26
114900018,808,22,786
114900020,265,65,200
114900022,2,744,-742
114900025,267,315,-48
114900026,72,77,-5
114900029,136,36,100
114900030,252,301,-49
114900031,212,46,166
114900032,207,29,178
114900034,56,251,-195
114900035,160,260,-100
114900036,291,1033,-742
114900039,564,688,-124
114900040,53,324,-271
114900041,460,589,-129
114900042,653,824,-171
114900044,73,11,62
114900047,228,1463,-1235
114900048,48,473,-425
114900049,30,376,-346
114900050,54,789,-735
114900051,15,525,-510
114900052,36,188,-152
114900053,72,303,-231
114900054,31,145,-114
114900057,182,9,173
114900058,0,90,-90
114900059,35,52,-17
114900063,55,259,-204
114900064,860,729,131
114900065,284,736,-452
114900067,30,396,-366
114900068,88,453,-365
114900069,229,232,-3
114900070,377,812,-435
114900072,9,293,-284
114900073,1,220,-219
114900074,265,1108,-843
114900075,114,0,114
114900076,3,336,-333
114900080,4006,491,3515
114900082,4595,1831,2764
114900083,1249,1144,105
114900090,194,229,-35
114900091,212,310,-98
114900097,47,1,46
114900098,6,338,-332
114900099,125,2,123
115000001,10487,6718,3769
115000002,3854,3906,-52
115000003,6104,5243,861
115000004,3818,6075,-2257
115000005,2092,3417,-1325
115000006,1031,2041,-1010
115000007,200,277,-77
115000008,617,619,-2
115000009,254,556,-302
115000010,401,175,226
115000013,100,258,-158
115000015,126,568,-442
115000016,61,156,-95
115000019,32,487,-455
115000020,228,416,-188
115000021,281,475,-194
115000022,471,309,162
115000023,310,497,-187
115000024,1257,470,787
115000025,764,589,175
115000026,114,446,-332
115000027,212,280,-68
115000028,129,895,-766
115000029,505,116,389
115000030,534,920,-386
115000031,1008,186,822
115000032,23,330,-307
115000033,174,31,143
115000034,132,766,-634
115000035,888,43,845
115000036,1,419,-418
115000037,391,14,377
115000038,44,246,-202
115000039,3768,2707,1061
115000040,7226,3902,3324
115000041,1218,2522,-1304
115000042,682,838,-156
115000043,3572,2575,997
115000044,3715,5202,-1487
115000045,3093,3088,5
115000046,1643,3468,-1825
115000047,1444,2555,-1111
115000048,1353,3557,-2204
115000049,1451,3953,-2502
115000050,3314,2376,938
115000051,2301,2686,-385
115000052,4524,2238,2286
115000053,1433,1698,-265
115000054,740,1791,-1051
115000055,208,526,-318
115000056,217,277,-60
115000057,511,489,22
115000058,185,117,68
115000059,132,132,0
115000061,229,107,122
115000062,307,367,-60
115000063,222,408,-186
115000064,238,132,106
115000065,171,393,-222
115000067,234,34,200
115000069,37,367,-330
115000070,34,803,-769
115000071,135,9,126
115000072,13,95,-82
115000073,1463,58,1405
115000075,94,73,21
115000076,5815,3771,2044
115000077,1651,3869,-2218
115000078,962,2333,-1371
115000079,1122,2877,-1755
115000080,2069,3562,-1493
115000081,439,1008,-569
115000082,3144,3842,-698
115000083,1893,3059,-1166
115000084,1454,1611,-157
115000085,657,1095,-438
115000086,710,1144,-434
115000087,488,1482,-994
115000088,1811,759,1052
115000089,1681,1502,179
115000090,727,955,-228
115000091,477,1232,-755
115000092,316,389,-73
115000093,469,2,467
115000094,10296,5152,5144
115000095,7225,4694,2531
115000096,540,2662,-2122
115000097,617,910,-293
115000098,810,990,-180
115000099,1837,4281,-2444
115000100,734,658,76
115000101,438,1878,-1440
115000102,459,254,205
115000103,353,850,-497
115000105,37,236,-199
115000106,329,327,2
115000107,151,738,-587
115000108,4518,2763,1755
115000109,6406,3214,3192
115000110,1162,953,209
115000111,625,1810,-1185
115000112,472,510,-38
115000113,498,901,-403
115000114,1651,793,858
115000116,3934,1843,2091
115000117,3943,2495,1448
115000118,1804,1734,70
115000119,2090,2126,-36
115000120,540,928,-388
115000121,1488,913,575
115000122,3420,2254,1166
115000123,1853,1649,204
115000124,1136,1167,-31
115000125,544,658,-114
115000126,146,261,-115
115000127,542,140,402
115000128,1264,889,375
115000129,421,312,109
115000130,367,1257,-890
115000131,753,381,372
115000132,122,726,-604
115000133,523,544,-21
115000134,180,260,-80
115000135,238,317,-79
115000136,215,236,-21
115000137,145,195,-50
115000138,228,266,-38
115000139,312,311,1
115000140,238,276,-38
115000141,128,279,-151
115000142,149,301,-152
115000143,430,685,-255
115000144,532,102,430
115000145,349,518,-169
115000146,465,283,182
115000147,921,510,411
115000148,346,1431,-1085
115000149,564,211,353
115000150,812,1680,-868
115000151,694,548,146
115000152,780,2229,-1449
115000153,1435,594,841
115000154,584,348,236
115000155,851,1391,-540
115000156,1915,621,1294
115000157,1458,981,477
115000158,830,416,414
115000159,1446,528,918
115000160,621,259,362
115000161,148,672,-524
115000162,850,700,150
115000163,765,653,112
115000164,830,606,224
115000165,533,501,32
115000167,328,171,157
115000168,1222,332,890
115000169,1199,303,896
115000170,319,162,157
115000171,600,191,409
115000172,2097,664,1433
115000173,482,373,109
115000174,182,345,-163
115000175,287,77,210
115000176,230,64,166
115000177,138,38,100
115000178,40,290,-250
115000179,42,18,24
115000180,50,934,-884
115000181,580,209,371
115000182,592,470,122
115000183,181,1367,-1186
115000186,642,274,368
115000187,157,1000,-843
115000188,452,684,-232
115000189,296,443,-147
115000190,879,550,329
115000191,257,499,-242
115000194,211,190,21
115000195,305,398,-93
115000196,116,184,-68
115000197,164,412,-248
115000198,165,305,-140
115000199,274,329,-55
115000200,225,202,23
115000201,265,445,-180
115000206,279,63,216
115000207,62,430,-368
115000208,397,509,-112
115000209,444,243,201
115000210,72,121,-49
115000211,176,136,40
115000212,2585,199,2386
115000224,360,53,307
115000225,56,67,-11
115000229,243,190,53
115000230,55,502,-447
115000231,324,2738,-2414
115000232,1283,322,961
115000233,320,216,104
115000234,57,286,-229
115000241,41,347,-306
115000242,48,396,-348
115000243,67,341,-274
115000244,11,85,-74
115000246,99,31,68
115000247,30,15,15
115000248,18,19,-1
115000249,30,19,11
115000250,643,39,604
115000251,148,137,11
115000252,68,249,-181
115000253,26,462,-436
115000258,257,256,1
115000259,365,158,207
115000261,13,60,-47
115000262,3,44,-41
115000263,4,102,-98
115000264,5,74,-69
115000267,49,89,-40
115000268,36,188,-152
115000269,120,79,41
115000270,3,23,-20
115000272,47,183,-136
115000273,230,29,201
115000280,2147,160,1987
115000281,331,367,-36
115000282,980,319,661
115000284,355,152,203
115000296,815,20,795
115000297,391,95,296
115000298,291,442,-151
115000300,140,207,-67
115000302,412,176,236
115000303,579,148,431
115000304,568,117,451
115000305,80,1071,-991
115000306,118,670,-552
115000307,54,289,-235
115000308,59,11,48
115000310,760,1157,-397
115000311,617,1779,-1162
115000313,171,914,-743
115000314,446,162,284
115000315,1489,575,914
115000316,48,67,-19
115000317,195,879,-684
115000318,647,351,296
115000319,80,435,-355
115000320,23,283,-260
115000321,572,38,534
115000322,49,283,-234
115000449,196,196,0
115000557,168,1031,-863
115000558,557,81,476
115000587,718,504,214
115000588,3122,4605,-1483
115000589,3498,3376,122
115000590,1181,1598,-417
115000591,1546,1062,484
115000592,909,1914,-1005
115000593,1488,763,725
115000594,870,2462,-1592
115000609,175,263,-88
115000617,2076,2957,-881
115000624,177,84,93
115000633,336,2316,-1980
115000634,3079,873,2206
115000635,479,141,338
115000638,1508,767,741
115000641,83,131,-48
115000642,424,283,141
115000643,97,631,-534
115000644,194,514,-320
115000646,796,1247,-451
115000647,324,687,-363
115000648,1334,2097,-763
115000893,4236,1933,2303
115000894,147,1290,-1143
115000895,706,1112,-406
115000896,2816,466,2350
115000897,532,138,394
115000898,847,265,582
115000899,1141,1989,-848
115000900,163,681,-518
115000901,132,219,-87
115000912,354,116,238
115000913,1,27,-26
115000915,17,1,16
115000916,18,0,18
115000917,0,8,-8
115000918,85,335,-250
115000919,9,5,4
115000920,173,61,112
115000921,1066,233,833
115000922,3073,955,2118
115000923,1127,1118,9
115000925,88,98,-10
115000927,58,45,13
115000933,1291,262,1029
115000934,114,158,-44
115000935,88,81,7
115000936,108,632,-524
115000937,1721,261,1460
115000938,366,250,116
115000939,434,219,215
115000940,72,20,52
115000941,16,29,-13
115000942,280,130,150
115000943,262,26,236
115000944,30,7,23
115900001,48,73,-25
115900002,74,211,-137
115900003,152,118,34
115900004,2,62,-60
115900005,81,5,76
115900006,102,573,-471
115900008,36,7,29
115900009,58,409,-351
115900010,190,224,-34
115900011,268,278,-10
115900012,57,139,-82
115900013,364,206,158
115900014,67,165,-98
115900015,65,109,-44
115900016,37,39,-2
115900017,6,0,6
115900018,155,94,61
115900019,243,27,216
115900020,33,0,33
115900021,1891,174,1717
115900022,3188,10,3178
115900023,22,1,21
115900025,36,193,-157
115900026,857,294,563
115900027,0,434,-434
115900028,478,81,397
115900029,9,533,-524
115900030,39,24,15
115900031,599,208,391
115900032,307,827,-520
115900033,0,38,-38
115900034,25,518,-493
115900035,135,22,113
115900036,384,594,-210
115900037,35,478,-443
115900038,64,5,59
115900039,136,452,-316
115900041,485,405,80
115900042,27,1,26
115900043,120,146,-26
115900044,351,217,134
115900046,148,320,-172
115900047,100,74,26
115900049,111,288,-177
115900051,2,110,-108
115900052,19,335,-316
115900053,108,355,-247
115900054,96,68,28
115900055,9,159,-150
115900056,116,363,-247
115900057,61,8,53
115900058,20,45,-25
115900060,33,109,-76
115900061,171,0,171
115900062,14,418,-404
115900063,39,9,30
115900064,188,466,-278
115900065,93,133,-40
115900066,153,197,-44
115900067,7,811,-804
115900068,3485,540,2945
115900069,21,228,-207
115900070,196,292,-96
115900071,2,801,-799
115900072,64,208,-144
115900073,46,50,-4
115900074,4,375,-371
115900075,13,316,-303
115900076,4,93,-89
115900077,14,311,-297
115900078,33,119,-86
115900079,98,15,83
115900080,464,345,119
115900081,19,79,-60
115900082,104,133,-29
115900084,214,29,185
115900085,78,77,1
115900086,1737,411,1326
115900088,13,56,-43
115900089,198,813,-615
115900090,150,16,134
115900091,3,15,-12
115900092,40,242,-202
115900093,4,20,-16
115900094,4,430,-426
115900096,1,12,-11
115900097,6,573,-567
115900098,147,641,-494
115900099,42,81,-39
115900100,10,621,-611
115900101,110,558,-448
115900102,60,66,-6
115900103,271,335,-64
115900104,31,185,-154
115900105,66,678,-612
115900106,35,31,4
115900107,24,203,-179
115900108,44,56,-12
115900109,37,413,-376
115900110,2,22,-20
115900111,0,68,-68
115900112,31,935,-904
115900113,15,15,0
115900114,4,146,-142
115900115,25,149,-124
115900116,58,1006,-948
115900117,49,27,22
115900118,3,271,-268
115900119,325,83,242
115900120,25,451,-426
115900121,125,288,-163
115900124,128,435,-307
115900125,164,22,142
115900126,380,51,329
115900127,443,36,407
115900128,7,159,-152
115900129,553,28,525
115900130,26,199,-173
115900131,149,17,132
115900132,311,9,302
115900134,225,11,214
115900135,702,718,-16
115900137,18,1,17
115900139,63,55,8
115900140,103,12,91
115900141,13,33,-20
115900142,16,18,-2
115900143,148,367,-219
115900144,66,224,-158
115900146,5,183,-178
115900147,318,178,140
115900148,24,3,21
115900149,31,35,-4
115900150,31,68,-37
115900151,8,63,-55
115900152,80,443,-363
115900153,107,279,-172
115900154,691,271,420
115900155,0,87,-87
115900156,479,701,-222
115900157,100,463,-363
115900158,37,12,25
115900159,49,370,-321
115900160,6,4,2
115900161,52,205,-153
115900163,115,158,-43
115900164,301,0,301
115900166,161,275,-114
115900168,63,124,-61
115900171,114,442,-328
115900172,44,131,-87
115900173,234,131,103
115900174,413,184,229
115900175,80,238,-158
115900178,7,827,-820
115900179,147,19,128
115900180,21,432,-411
115900181,83,307,-224
115900182,212,349,-137
115900183,84,26,58
115900184,1796,17,1779
115900187,7,105,-98
115900189,1,131,-130
115900190,171,1030,-859
115900191,45,489,-444
115900192,7,100,-93
115900193,63,85,-22
115900194,357,44,313
115900195,529,1193,-664
115900198,146,341,-195
115900199,110,255,-145
115900200,236,321,-85
115900201,272,246,26
115900202,2,25,-23
115900203,4,13,-9
115900204,0,6,-6
115900205,71,5,66
115900206,109,173,-64
115900207,12,34,-22
115900208,120,357,-237
115900209,2,188,-186
115900210,2,133,-131
115900211,0,252,-252
115900212,95,255,-160
115900213,229,40,189
115900214,247,162,85
115900215,30,41,-11
115900216,4,95,-91
115900217,0,46,-46
115900218,1,46,-45
115900219,49,3,46
115900220,85,30,55
115900221,24,20,4
115900222,30,26,4
115900223,5,136,-131
115900224,2097,559,1538
115900225,63,21,42
115900226,9,33,-24
115900227,10,35,-25
115900228,4,51,-47
115900229,12,74,-62
115900230,52,128,-76
115900231,127,4,123
115900232,52,3,49
115900233,36,6,30
115900234,53,31,22
115900235,30,29,1
115900236,38,9,29
115900237,15,19,-4
115900238,4,15,-11
115900239,9,43,-34
115900240,9,67,-58
115900241,127,89,38
115900242,428,355,73
115900243,6,6,0
115900244,3,15,-12
115900245,10,2,8
115900246,8,1,7
115900247,20,16,4
115900248,8,4,4
115900249,5,9,-4
115900250,3,22,-19
115900251,2,10,-8
115900252,0,5,-5
115900253,7,15,-8
115900254,30,22,8
115900255,5,33,-28
115900256,30,104,-74
115900257,4,5,-1
115900258,0,2,-2
115900259,2,8,-6
115900260,22,4,18
115900261,4,3,1
115900262,2,5,-3
115900263,10,2,8
115900264,8,2,6
115900265,3,10,-7
115900266,6,12,-6
115900267,7,10,-3
115900268,4,8,-4
115900269,290,447,-157
115900270,229,961,-732
115900271,86,0,86
115900272,12,2,10
115900273,4,20,-16
115900274,5,5,0
115900275,0,36,-36
115900276,0,53,-53
115900277,0,162,-162
115900278,18,127,-109
115900279,17,150,-133
115900280,20,190,-170
115900281,852,217,635
115900282,42,12,30
115900283,9,9,0
115900284,3,6,-3
116000001,13065,6997,6068
116000002,3373,8254,-4881
116000003,1590,2664,-1074
116000004,3329,3239,90
116000005,4791,3237,1554
116000006,3622,1330,2292
116000007,3418,4338,-920
116000008,3362,1595,1767
116000009,1859,3112,-1253
116000010,1535,1001,534
116000011,1071,2298,-1227
116000012,879,890,-11
116000013,24297,5384,18913
116000014,22957,14416,8541
116000015,519,1503,-984
116000016,6072,2698,3374
116000017,1508,1483,25
116000018,888,663,225
116000019,649,500,149
116000020,426,1343,-917
116000021,691,364,327
116000022,263,659,-396
116000023,1162,881,281
116000024,520,1232,-712
116000025,1483,676,807
116000026,1357,1761,-404
116000027,625,375,250
116000028,431,742,-311
116000029,855,601,254
116000030,735,445,290
116000031,129,191,-62
116000032,421,223,198
116000033,352,592,-240
116000034,857,1255,-398
116000035,586,613,-27
116000036,2269,550,1719
116000037,900,718,182
116000038,982,426,556
116000039,632,240,392
116000040,928,169,759
116000041,284,522,-238
116000042,1725,232,1493
116000043,55,503,-448
116000044,14,144,-130
116000045,1774,717,1057
116000046,567,915,-348
116000047,1998,2618,-620
116000048,2380,1554,826
116000049,1132,2047,-915
116000050,2038,1901,137
116000051,4668,2366,2302
116000052,4920,4345,575
116000053,1856,1430,426
116000054,1093,2290,-1197
116000055,565,1473,-908
116000056,542,1379,-837
116000057,3334,2119,1215
116000058,3945,2609,1336
116000059,2410,6114,-3704
116000060,2168,823,1345
116000061,1235,1434,-199
116000062,1458,195,1263
116000063,1250,1436,-186
116000066,376,848,-472
116000067,315,842,-527
116000068,509,595,-86
116000069,802,721,81
116000078,359,1132,-773
116000080,1467,1043,424
116000082,9,51,-42
116000083,1076,496,580
116000084,2127,4302,-2175
116000085,1609,1285,324
116000086,2901,1988,913
116000087,1356,1440,-84
116000088,769,1366,-597
116000089,203,108,95
116000090,198,162,36
116000091,149,124,25
116000093,737,951,-214
116000094,497,596,-99
116000095,628,1001,-373
116000096,699,1208,-509
116000097,504,1221,-717
116000098,463,4991,-4528
116000099,13186,511,12675
116000100,131,7,124
116000101,411,1541,-1130
116000102,258,2088,-1830
116000103,382,274,108
116000104,137,2258,-2121
116000105,962,225,737
116000106,337,1815,-1478
116000107,1166,515,651
116000108,154,191,-37
116000111,153,22,131
116000113,72,63,9
116000114,26,135,-109
116000115,148,92,56
116000116,245,504,-259
116000117,1340,2582,-1242
116000118,1060,1416,-356
116000119,1907,2471,-564
116000120,2656,4748,-2092
116000121,587,553,34
116000122,1609,2237,-628
116000123,519,515,4
116000124,320,1051,-731
116000125,1546,574,972
116000126,243,1550,-1307
116000127,1086,1703,-617
116000128,1196,932,264
116000129,809,186,623
116000130,534,363,171
116000133,483,1497,-1014
116000134,1725,2944,-1219
116000135,1708,1650,58
116000136,1241,2504,-1263
116000137,793,696,97
116000138,624,429,195
116000139,1803,2424,-621
116000140,153,283,-130
116000141,316,752,-436
116000142,2543,1669,874
116000143,1976,2035,-59
116000144,1943,4128,-2185
116000145,1266,1705,-439
116000146,375,469,-94
116000147,563,181,382
116000148,616,433,183
116000149,544,585,-41
116000151,385,390,-5
116000153,271,227,44
116000155,706,1161,-455
116000156,850,1456,-606
116000157,61,25,36
116000158,409,348,61
116000159,17,9,8
116000160,27,94,-67
116000161,12,151,-139
116000162,78,66,12
116000163,27,6,21
116000164,2,13,-11
116000177,113,128,-15
116000194,859,563,296
116000195,2398,788,1610
116000196,7,8,-1
116000197,3,15,-12
116000198,5111,2241,2870
116000200,752,424,328
116000201,654,707,-53
116000202,10,390,-380
116000203,2,91,-89
116000204,5,60,-55
116000205,0,144,-144
116000206,0,90,-90
116000207,3,28,-25
116000233,160,758,-598
116000287,105,559,-454
116000288,117,311,-194
116000292,47,109,-62
116000296,25,303,-278
116000297,42,10,32
116000304,78,41,37
116000305,20,80,-60
116000346,133,161,-28
116000352,130,33,97
116000354,139,4,135
116000357,7,13,-6
116000358,131,32,99
116000361,696,2,694
116000372,14425,4006,10419
116000381,71,1,70
116000388,0,38,-38
116000389,769,737,32
116000445,178,768,-590
116000446,325,1475,-1150
116000447,7,356,-349
116000448,691,573,118
116000563,1022,1148,-126
116000565,98,401,-303
116000568,36,134,-98
116000579,16,103,-87
116000583,145,111,34
116000584,58,6,52
116000585,17,20,-3
116000586,236,132,104
116000587,399,528,-129
116000589,33,88,-55
116000590,37,76,-39
116000591,118,355,-237
116000592,2,121,-119
116000593,1,45,-44
116000594,378,533,-155
116000595,762,175,587
116000596,51,6,45
116000597,154,27,127
116000598,16,224,-208
116000605,374,158,216
116000606,47,192,-145
116000607,2,46,-44
116000609,195,833,-638
116000611,89,572,-483
116000612,640,2085,-1445
116000613,397,446,-49
116000614,532,823,-291
116000615,1,313,-312
116000616,53,152,-99
116000617,75,98,-23
116000618,2,219,-217
116000619,19,30,-11
116000620,85,468,-383
116000621,21,109,-88
116000622,21,213,-192
116000624,128,91,37
116000627,69,109,-40
116000628,51,728,-677
116000629,32,472,-440
116000630,153,39,114
116000631,42,56,-14
116000632,283,178,105
116000633,95,458,-363
116000634,205,90,115
116000635,5524,2682,2842
116000636,3462,1182,2280
116000637,186,20,166
116000638,62,609,-547
116000639,75,2,73
116000640,19,8,11
116000641,128,169,-41
116000643,59,358,-299
116000644,68,926,-858
116000645,35,27,8
116900001,153,155,-2
116900002,252,1,251
116900003,20,105,-85
116900004,32,28,4
116900005,171,38,133
116900006,225,157,68
116900007,109,204,-95
116900008,207,493,-286
116900009,23,1,22
116900010,440,2403,-1963
116900011,5,60,-55
116900012,103,213,-110
116900013,12,184,-172
116900014,63,325,-262
116900015,241,84,157
116900016,169,2,167
116900017,3,945,-942
116900018,32,59,-27
116900019,21,451,-430
116900020,1764,456,1308
116900023,69,6,63
116900024,260,64,196
116900025,516,1128,-612
116900026,149,966,-817
116900027,15,103,-88
116900028,7,139,-132
116900029,2,32,-30
116900031,6,8,-2
116900032,5,571,-566
116900033,2,22,-20
116900034,4,97,-93
116900035,136,342,-206
116900036,4,89,-85
116900038,15,2,13
116900041,33,12,21
116900042,865,245,620
116900043,8,133,-125
116900047,132,82,50
116900049,23,483,-460
116900050,115,663,-548
116900051,56,367,-311
116900052,310,47,263
116900055,0,2,-2
116900057,19,377,-358
116900058,18,620,-602
116900059,1,224,-223
116900060,334,231,103
116900062,0,10,-10
116900064,58,1263,-1205
116900065,11,259,-248
116900067,89,143,-54
116900068,71,263,-192
116900070,2,7,-5
116900072,16,486,-470
116900073,6,296,-290
116900074,19,45,-26
116900076,9,40,-31
116900077,10,250,-240
116900078,298,161,137
116900079,18,597,-579
116900080,10,18,-8
116900081,311,1925,-1614
116900082,254,829,-575
116900083,47,82,-35
116900084,476,90,386
116900085,15,175,-160
116900086,47,313,-266
116900088,350,55,295
116900090,104,58,46
116900091,136,156,-20
116900092,63,1034,-971
116900093,1260,2599,-1339
116900094,5368,3991,1377
116900095,644,231,413
116900096,127,214,-87
116900097,6535,2013,4522
116900098,974,210,764
116900099,527,586,-59
116900100,654,18,636
116900101,290,641,-351
116900103,3,0,3
116900104,37,109,-72
116900105,308,74,234
116900106,509,4,505
116900107,5180,1879,3301
116900110,8,0,8
116900111,334,1207,-873
116900112,131,1423,-1292
116900113,3823,1063,2760
116900116,120,324,-204
116900117,37,116,-79
116900118,1055,790,265
116900120,169,125,44
116900121,35,38,-3
116900122,394,926,-532
116900123,119,923,-804
116900124,126,1555,-1429
116900125,210,399,-189
116900126,335,614,-279
116900128,0,27,-27
116900129,0,280,-280
116900130,1107,2913,-1806
116900131,56,157,-101
116900132,30,42,-12
116900133,68,58,10
116900134,180,150,30
116900136,210,170,40
116900137,488,193,295
116900138,138,263,-125
116900139,67,386,-319
116900140,94,163,-69
116900141,419,288,131
116900142,2,48,-46
116900143,193,378,-185
116900144,8,38,-30
116900145,82,270,-188
116900147,1028,256,772
116900148,3,34,-31
116900149,19,216,-197
116900150,3,8,-5
116900151,33,9,24
116900153,64,89,-25
116900154,621,301,320
116900155,55,55,0
116900157,336,402,-66
116900158,444,165,279
116900159,54,315,-261
116900160,1042,307,735
116900161,12255,5373,6882
116900162,14,178,-164
116900163,69,197,-128
116900164,82,38,44
116900165,235,110,125
116900166,15,99,-84
116900167,358,77,281
116900168,250,91,159
116900169,1443,268,1175
116900170,207,323,-116
116900171,24,245,-221
116900172,360,111,249
116900173,126,62,64
116900174,37,48,-11
116900175,349,92,257
116900178,22,221,-199
116900179,91,125,-34
116900180,88,26,62
116900182,209,256,-47
116900183,69,85,-16
116900185,28,22,6
116900186,86,377,-291
116900187,42,25,17
116900188,151,22,129
116900189,20,1,19
116900191,239,430,-191
116900192,181,189,-8
116900194,105,721,-616
116900195,24,10,14
116900196,15,131,-116
116900197,68,7,61
116900198,237,159,78
116900200,33,33,0
116900201,54,4,50
116900202,102,55,47
116900203,55,3,52
116900204,40,92,-52
116900206,5,43,-38
116900207,36,31,5
116900208,7,188,-181
116900209,15,153,-138
116900210,346,250,96
116900211,178,9,169
116900212,35,116,-81
116900213,139,277,-138
116900214,136,84,52
116900215,21,70,-49
116900216,351,175,176
116900218,4,338,-334
116900219,781,342,439
116900220,61,202,-141
116900221,47,335,-288
116900222,310,322,-12
116900223,54,198,-144
116900226,32,112,-80
116900227,145,88,57
116900228,321,294,27
116900230,38,466,-428
116900231,15,573,-558
116900232,7,789,-782
116900233,149,115,34
116900234,2,11,-9
116900235,268,397,-129
116900238,1554,487,1067
116900239,77,1150,-1073
116900240,9443,3285,6158
116900241,19,176,-157
116900242,1737,494,1243
116900243,1,58,-57
116900245,20,15,5
116900246,84,92,-8
116900247,323,13,310
116900248,77,27,50
116900249,155,93,62
116900250,178,47,131
116900251,614,451,163
116900252,55,1243,-1188
116900254,15,92,-77
116900255,82,43,39
116900256,237,179,58
116900257,25,728,-703
116900258,3,377,-374
116900259,76,3,73
116900260,5,195,-190
116900261,32,1,31
116900262,78,163,-85
116900263,0,24,-24
116900264,41,37,4
116900265,17,0,17
116900266,9,101,-92
116900267,3,4,-1
116900268,147,5,142
116900269,508,740,-232
116900271,1087,120,967
116900272,612,732,-120
116900273,772,53,719
116900274,161,113,48
116900275,66,178,-112
116900276,554,71,483
116900277,582,10,572
116900278,4,10,-6
116900279,2,25,-23
116900280,11,37,-26
116900281,9795,3310,6485
116900282,6,182,-176
116900283,24,273,-249
116900284,7,323,-316
116900285,462,648,-186
116900286,172,9,163
116900287,2,112,-110
116900288,41,194,-153
116900289,6,16,-10
116900290,3,45,-42
116900291,11,9,2
116900292,0,11,-11
116900293,20,76,-56
116900294,31,174,-143
116900295,561,19,542
116900296,123,45,78
116900297,17,77,-60
116900298,131,51,80
116900299,117,49,68
116900300,2,109,-107
116900301,72,106,-34
116900302,103,48,55
116900303,763,123,640
116900304,0,118,-118
116900305,53,112,-59
116900306,75,254,-179
116900307,35,0,35
116900308,2,274,-272
116900309,51,142,-91
116900310,4,70,-66
116900311,3,141,-138
117000001,2658,2312,346
117000002,2810,5508,-2698
117000003,10946,3402,7544
117000004,5732,7645,-1913
117000005,2218,2090,128
117000006,1619,6436,-4817
117000007,3910,1626,2284
117000008,1619,7265,-5646
117000009,4674,2171,2503
117000010,3412,6865,-3453
117000011,2017,2487,-470
117000012,1400,2650,-1250
117000013,2319,1706,613
117000014,1979,3470,-1491
117000015,4622,1567,3055
117000016,1702,67,1635
117000017,1565,122,1443
117000018,453,427,26
117000019,493,22,471
117000020,662,1609,-947
117000021,2766,1043,1723
117000022,984,52,932
117000023,1256,238,1018
117000024,987,67,920
117000025,3884,446,3438
117000026,8264,683,7581
117000027,2932,1840,1092
117000028,4587,1202,3385
117000030,1261,805,456
117000031,488,315,173
117000032,3604,1603,2001
117000033,1869,1790,79
117000034,635,602,33
117000035,356,367,-11
117000036,712,634,78
117000037,393,325,68
117000038,407,851,-444
117000039,550,351,199
117000040,204,1125,-921
117000041,662,126,536
117000044,85,1363,-1278
117000045,669,65,604
117000046,689,919,-230
117000047,1083,708,375
117000048,3018,2475,543
117000049,91,681,-590
117000050,177,3103,-2926
117000051,2008,220,1788
117000052,27,575,-548
117000053,278,90,188
117000054,1416,2,1414
117000055,144,4034,-3890
117000056,482,27,455
117000057,751,3004,-2253
117000060,380,2086,-1706
117000061,2434,1484,950
117000062,283,629,-346
117000063,2317,776,1541
117000064,1101,1264,-163
117000066,1090,927,163
117000067,259,379,-120
117000074,142,335,-193
117000076,84,75,9
117000077,147,134,13
117000078,170,983,-813
117000079,319,308,11
117000080,1,476,-475
117000081,1477,119,1358
117000082,62,89,-27
117000083,720,309,411
117000084,445,2,443
117000085,227,626,-399
117000086,1213,832,381
117000087,89,638,-549
117000088,276,411,-135
117000089,1375,383,992
117000090,268,2012,-1744
117000091,536,373,163
117000092,375,2021,-1646
117000093,943,773,170
117000094,1092,3226,-2134
117000095,2944,1023,1921
117000096,642,3318,-2676
117000097,940,1529,-589
117000098,2808,6285,-3477
117000099,2348,1227,1121
117000100,119,194,-75
117000101,224,1520,-1296
117000102,1187,746,441
117000103,1004,2521,-1517
117000104,956,705,251
117000105,964,2158,-1194
117000106,963,1006,-43
117000107,477,1903,-1426
117000108,1133,1139,-6
117000109,2434,3370,-936
117000110,1094,859,235
117000111,4228,6721,-2493
117000112,2703,2623,80
117000113,73,343,-270
117000114,129,198,-69
117000115,48,207,-159
117000116,105,310,-205
117000117,2424,462,1962
117000118,530,180,350
117000119,949,156,793
117000120,817,412,405
117000121,147,1811,-1664
117000122,632,2034,-1402
117000123,3205,34,3171
117000124,1158,57,1101
117000125,1141,86,1055
117000126,138,46,92
117000127,310,418,-108
117000128,557,807,-250
117000129,1972,631,1341
117000130,130,0,130
117000131,1,147,-146
117000132,1674,41,1633
117000133,712,82,630
117000134,5,58,-53
117000135,29,111,-82
117000136,2,22,-20
117000137,86,62,24
117000138,3,543,-540
117000140,580,2188,-1608
117000141,1170,790,380
117000181,855,211,644
117000182,266,269,-3
117000195,166,1312,-1146
117000196,123,64,59
117000225,304,15,289
117000226,12,227,-215
117000276,156,9,147
117000277,5,624,-619
117000310,2802,4181,-1379
117000315,32,1887,-1855
117000320,137,0,137
117000906,265,13,252
117000907,13,523,-510
117000909,179,51,128
117000910,148,140,8
117000911,87,245,-158
117000915,6,946,-940
117000916,30,2,28
117000917,690,32,658
117000918,54,87,-33
117000919,2,209,-207
117000920,9,1897,-1888
117000921,6,2160,-2154
117000922,74,210,-136
117000924,1152,1156,-4
117000926,989,92,897
117000927,1886,564,1322
117000928,0,289,-289
117000929,148,1176,-1028
117000930,142,19,123
117000931,424,141,283
117900002,349,353,-4
117900003,674,476,198
117900005,12,143,-131
117900006,0,16,-16
117900007,147,163,-16
117900008,1,58,-57
117900010,600,149,451
117900011,47,24,23
117900012,37,173,-136
117900013,1,442,-441
117900014,2295,275,2020
117900015,19,145,-126
117900016,2333,521,1812
117900017,1662,620,1042
117900018,307,46,261
117900019,428,632,-204
117900020,54,392,-338
117900021,24,87,-63
117900023,543,557,-14
117900024,80,113,-33
117900025,14,6,8
117900026,268,560,-292
117900028,297,12,285
117900029,161,1722,-1561
117900031,463,102,361
117900032,862,636,226
117900033,163,1247,-1084
117900034,71,69,2
117900035,196,71,125
117900036,208,887,-679
117900037,63,142,-79
117900038,27,386,-359
117900039,6,76,-70
117900040,81,604,-523
117900041,6,53,-47
117900042,6253,651,5602
117900043,43,60,-17
117900044,63,6926,-6863
117900045,201,126,75
117900048,183,296,-113
117900049,185,979,-794
117900050,22,72,-50
117900051,173,3,170
117900052,62,358,-296
117900053,1105,736,369
117900054,3,21,-18
117900055,83,366,-283
117900056,462,36,426
117900057,995,1768,-773
117900058,218,8,210
117900059,1274,66,1208
117900060,1026,6792,-5766
117900061,36,358,-322
117900063,464,305,159
117900065,639,1338,-699
117900066,18,38,-20
117900067,351,352,-1
117900069,996,512,484
117900070,376,13,363
117900071,203,170,33
117900073,393,529,-136
117900074,535,31,504
117900075,157,96,61
117900076,27,84,-57
117900077,186,134,52
117900078,224,589,-365
117900080,370,91,279
117900081,564,566,-2
117900082,305,317,-12
117900083,339,863,-524
117900086,147,63,84
117900087,50,48,2
117900088,3097,2939,158
117900089,1528,482,1046
117900090,1110,1004,106
117900091,338,194,144
117900092,56,33,23
117900093,35,97,-62
117900094,26,18,8
117900095,1140,1366,-226
117900096,43,252,-209
117900097,111,90,21
117900098,8,4,4
117900099,240,497,-257
117900100,103,0,103
117900101,623,1286,-663
117900102,28,54,-26
117900103,24,0,24
117900104,34,189,-155
117900105,112,334,-222
117900106,54,58,-4
117900107,28,0,28
117900109,328,361,-33
117900110,26,0,26
117900111,228,7,221
117900112,36,10,26
117900113,7978,2571,5407
117900114,15,0,15
117900115,316,70,246
117900116,1032,1332,-300
117900117,262,421,-159
117900118,25,0,25
117900119,76,310,-234
117900120,71,176,-105
117900121,121,42,79
117900122,1519,2519,-1000
117900123,1019,870,149
117900124,665,794,-129
117900125,1475,1322,153
117900126,276,840,-564
117900127,566,760,-194
117900128,339,1107,-768
117900129,39,0,39
117900130,775,508,267
117900131,0,103,-103
117900132,14,103,-89
117900133,5,98,-93
117900134,31,169,-138
117900135,10,205,-195
117900136,0,56,-56
117900137,31,299,-268
117900138,0,41,-41
117900139,84,103,-19
117900140,7497,98,7399
117900141,591,338,253
117900142,236,44,192
117900144,119,57,62
117900145,26,28,-2
117900146,775,81,694
117900147,60,73,-13
117900148,4359,1170,3189
117900149,34,142,-108
117900150,15,85,-70
117900151,43,116,-73
117900152,196,118,78
117900153,34,78,-44
117900154,672,1087,-415
117900156,1000,1233,-233
117900157,120,582,-462
117900158,126,84,42
117900160,537,336,201
117900161,2794,3317,-523
117900162,776,639,137
117900163,256,32,224
117900165,0,18,-18
117900166,140,435,-295
117900168,90,199,-109
117900169,1,135,-134
117900170,1,39,-38
117900171,0,27,-27
117900172,9,35,-26
117900173,102,72,30
117900174,48,79,-31
117900175,4,77,-73
117900176,3,82,-79
117900177,9,74,-65
117900178,86,41,45
117900180,315,28,287
117900181,276,206,70
117900182,2,33,-31
117900183,27,208,-181
117900184,6,53,-47
117900185,30,24,6
117900186,20,11,9
117900187,9,6,3
117900188,157,15,142
117900189,75,5,70
117900190,13,0,13
117900191,54,1,53
117900192,127,0,127
117900193,0,43,-43
117900194,3,1,2
117900195,7,19,-12
117900196,12,34,-22
117900207,178,117,61
117900208,22,44,-22
117900209,170,294,-124
117900210,103,265,-162
117900211,5,254,-249
117900212,63,170,-107
117900213,16,20,-4
117900214,1,49,-48
117900215,45,47,-2
117900216,34,29,5
117900217,246,143,103
117900218,236,217,19
117900219,9,125,-116
117900220,197,99,98
117900222,168,335,-167
117900223,245,352,-107
118000001,1021,949,72
118000002,2690,3435,-745
118000003,7374,2560,4814
118000004,7721,2528,5193
118000005,5678,5377,301
118000006,6714,9792,-3078
118000007,10153,2278,7875
118000008,8562,3641,4921
118000009,3319,3264,55
118000010,3411,4218,-807
118000011,1153,3423,-2270
118000012,2045,3514,-1469
118000013,4734,4103,631
118000014,2298,4941,-2643
118000016,191,376,-185
118000017,227,473,-246
118000018,300,493,-193
118000019,2298,1603,695
118000020,1312,1675,-363
118000021,1369,2331,-962
118000022,1965,872,1093
118000023,1562,491,1071
118000024,1477,1025,452
118000027,17824,11211,6613
118000029,1074,858,216
118000032,1683,5487,-3804
118000033,2906,4241,-1335
118000034,5572,2228,3344
118000035,1525,2616,-1091
118000036,3246,1265,1981
118000037,1225,1213,12
118000038,101,139,-38
118000039,151,584,-433
118000040,1886,2720,-834
118000041,2941,1884,1057
118000045,1149,1041,108
118000046,3795,571,3224
118000047,5142,575,4567
118000048,6592,1250,5342
118000051,3554,695,2859
118000052,2692,395,2297
118000053,1340,652,688
118000054,2909,2938,-29
118000055,2272,4991,-2719
118000056,279,338,-59
118000057,229,995,-766
118000058,9253,1300,7953
118000059,7897,796,7101
118000060,1643,791,852
118000061,743,1505,-762
118000062,550,604,-54
118000063,524,479,45
118000064,1542,1454,88
118000065,6843,3265,3578
118000066,1495,1571,-76
118000067,1807,889,918
118000068,3233,4948,-1715
118000069,5756,1355,4401
118000070,8730,1920,6810
118000071,4106,9134,-5028
118000072,4326,1232,3094
118000073,4565,468,4097
118000074,1364,993,371
118000075,1346,491,855
118000076,2696,1851,845
118000077,2207,1464,743
118000078,4032,2149,1883
118000079,353,430,-77
118000080,1964,933,1031
118000081,3449,1224,2225
118000082,425,1126,-701
118000083,2480,1545,935
118000084,3415,2028,1387
118000086,510,633,-123
118000087,6610,2410,4200
118000088,2365,2225,140
118000089,4095,2578,1517
118000090,2948,3313,-365
118000091,1901,3270,-1369
118000092,1226,447,779
118000093,118,756,-638
118000096,706,633,73
118000097,1176,836,340
118000098,362,261,101
118000099,410,973,-563
118000101,902,479,423
118000102,405,1762,-1357
118000107,4365,591,3774
118000108,816,3006,-2190
118000110,0,37,-37
118000111,5,917,-912
118000112,491,10,481
118000113,15,1448,-1433
118000114,412,17,395
118000115,9,68,-59
118000116,69,1,68
118000117,2421,872,1549
118000118,2542,793,1749
118000119,1067,1247,-180
118000120,2310,1103,1207
118000121,203,640,-437
118000122,1976,301,1675
118000123,82,365,-283
118000125,3304,1124,2180
118000126,1886,1942,-56
118000127,2964,855,2109
118000128,1095,1165,-70
118000129,2361,734,1627
118000130,3187,5214,-2027
118000131,1591,1306,285
118000132,2339,1803,536
118000133,2731,822,1909
118000135,927,417,510
118000136,252,699,-447
118000137,2071,157,1914
118000138,433,959,-526
118000139,489,169,320
118000140,2375,4389,-2014
118000141,1739,2717,-978
118000142,1633,2514,-881
118000143,1486,1433,53
118000144,2036,1229,807
118000145,1739,2955,-1216
118000146,942,1300,-358
118000147,810,2190,-1380
118000148,644,2116,-1472
118000149,796,1777,-981
118000150,239,516,-277
118000151,290,577,-287
118000153,881,1676,-795
118000154,1499,2635,-1136
118000155,853,1886,-1033
118000156,3221,2807,414
118000157,576,531,45
118000158,140,593,-453
118000159,20,89,-69
118000160,430,518,-88
118000161,377,815,-438
118000162,1034,1182,-148
118000163,760,1049,-289
118000164,3410,2053,1357
118000168,1604,301,1303
118000169,1337,1954,-617
118000170,4536,8143,-3607
118000171,309,851,-542
118000172,117,404,-287
118000173,1179,1535,-356
118000175,280,378,-98
118000176,204,463,-259
118000177,168,608,-440
118000178,266,76,190
118000179,1773,1167,606
118000180,859,993,-134
118000181,859,363,496
118000182,247,316,-69
118000183,266,371,-105
118000184,499,1378,-879
118000185,853,896,-43
118000186,544,800,-256
118000187,1119,751,368
118000188,1005,208,797
118000189,506,991,-485
118000190,15,7,8
118000191,15,40,-25
118000192,184,148,36
118000193,127,404,-277
118000194,4403,1614,2789
118000195,2341,662,1679
118000196,1201,151,1050
118000197,1674,269,1405
118000198,1453,709,744
118000199,3471,630,2841
118000200,82,247,-165
118000201,1056,662,394
118000202,55,53,2
118000203,2572,381,2191
118000204,333,336,-3
118000205,337,394,-57
118000206,210,204,6
118000207,0,93,-93
118000208,1079,1979,-900
118000209,1732,3174,-1442
118000210,53,40,13
118000211,26,37,-11
118000213,2028,929,1099
118000214,808,1000,-192
118000215,292,540,-248
118000216,1653,6632,-4979
118000217,26,183,-157
118000218,38,169,-131
118000219,715,636,79
118000220,4,40,-36
118000221,87,319,-232
118000222,81,5,76
118000223,28,43,-15
118000224,398,133,265
118000225,200,1392,-1192
118000226,2286,128,2158
118000227,1147,443,704
118000228,113,152,-39
118000229,622,69,553
118000230,147,257,-110
118000231,92,225,-133
118000232,600,1191,-591
118000233,720,1012,-292
118000234,269,262,7
118000236,354,376,-22
118000237,53,372,-319
118000238,251,356,-105
118000239,254,356,-102
118000240,500,124,376
118000241,144,394,-250
118000242,306,640,-334
118000243,124,194,-70
118000244,28,170,-142
118000246,24,14,10
118000255,91,352,-261
118000256,123,379,-256
118000259,5,49,-44
118000260,178,120,58
118000261,31,93,-62
118000263,80,224,-144
118000266,119,550,-431
118000267,0,123,-123
118000268,1244,4,1240
118000270,36,25,11
118000271,198,510,-312
118000272,83,19,64
118000273,89,134,-45
118000274,85,378,-293
118000276,358,357,1
118000295,3,89,-86
118000298,115,513,-398
118000299,85,211,-126
118000301,1,150,-149
118000302,79,145,-66
118000311,275,100,175
118000312,218,185,33
118000313,17,183,-166
118000314,49,113,-64
118000315,20,78,-58
118000316,510,764,-254
118000325,15,75,-60
118000326,13,65,-52
118000331,15,39,-24
118000332,9,34,-25
118000333,55,74,-19
118000335,169,4,165
118000336,0,388,-388
118000407,92,95,-3
118000457,11,41,-30
118000465,3779,5142,-1363
118000480,31,178,-147
118000489,54,338,-284
118000490,96,660,-564
118000492,200,247,-47
118000510,34,16,18
118000514,241,462,-221
118000515,1148,924,224
118000517,506,506,0
118000524,970,221,749
118000525,872,841,31
118000530,45,113,-68
118000531,205,346,-141
118000532,242,312,-70
118000533,576,144,432
118000534,787,406,381
118000535,225,155,70
118000536,951,1218,-267
118000537,173,294,-121
118000538,163,167,-4
118000539,47,292,-245
118000540,352,217,135
118000541,379,123,256
118000542,143,161,-18
118000543,401,361,40
118000546,178,130,48
118000553,0,3,-3
118000560,3482,1345,2137
118000562,20,649,-629
118000563,3209,1898,1311
118000576,209,333,-124
118000577,261,182,79
118000578,258,218,40
118000579,1189,1495,-306
118000583,0,0,0
118000595,184,74,110
118000596,0,89,-89
118000597,176,160,16
118000598,2,1,1
118000599,33,73,-40
118000600,1,10,-9
118000601,0,0,0
118000602,0,11,-11
118000603,0,112,-112
118000605,40,502,-462
118000606,11,20,-9
118000607,112,437,-325
118900001,1196,1069,127
118900002,1267,889,378
118900003,114,19,95
118900004,79,74,5
118900005,76,7,69
118900006,71,0,71
118900007,2,4,-2
118900008,1450,37,1413
118900009,30,16,14
118900010,27,6,21
118900011,166,18,148
118900012,399,262,137
118900013,790,78,712
118900015,137,45,92
118900016,3,13,-10
118900017,244,225,19
118900018,1069,17,1052
118900019,33,11,22
118900020,195,86,109
118900021,212,332,-120
118900022,134,102,32
118900023,245,112,133
118900024,82,196,-114
118900025,71,31,40
118900026,38,86,-48
118900027,514,331,183
118900028,172,243,-71
118900029,255,469,-214
118900030,200,82,118
118900031,116,101,15
118900032,145,211,-66
118900033,913,786,127
118900034,125,22,103
118900035,169,312,-143
118900036,881,912,-31
118900037,582,250,332
118900038,361,353,8
118900039,306,248,58
118900040,174,239,-65
118900041,426,316,110
118900042,212,193,19
118900045,307,285,22
118900046,773,340,433
118900047,1131,403,728
118900048,782,155,627
118900049,66,32,34
118900050,12,112,-100
118900051,187,73,114
118900052,347,222,125
118900053,21,107,-86
118900054,138,129,9
118900055,20,106,-86
118900056,196,261,-65
118900057,609,434,175
118900058,582,312,270
118900059,24,114,-90
118900062,87,171,-84
118900064,652,653,-1
118900065,15,216,-201
118900066,89,95,-6
118900067,5867,3354,2513
118900068,2,795,-793
118900069,407,539,-132
118900071,6,64,-58
118900072,356,550,-194
118900073,137,157,-20
118900074,103,235,-132
118900075,19,92,-73
118900076,376,52,324
118900077,178,200,-22
118900078,42,2,40
118900079,51,211,-160
118900080,24,107,-83
118900081,84,20,64
118900082,549,194,355
118900083,4,11,-7
118900084,7,13,-6
118900085,573,1191,-618
118900086,29,83,-54
118900087,140,283,-143
118900088,0,8,-8
118900089,66,10,56
118900090,364,551,-187
118900091,139,183,-44
118900092,49,38,11
118900093,155,9,146
118900096,115,117,-2
118900097,183,962,-779
118900099,45,413,-368
118900100,135,217,-82
118900101,20,627,-607
118900102,25,80,-55
118900103,12,80,-68
118900104,72,152,-80
118900105,151,81,70
118900107,143,128,15
118900108,85,54,31
118900110,1072,534,538
118900111,278,516,-238
118900112,92,118,-26
118900113,167,703,-536
118900114,22,70,-48
118900115,96,419,-323
118900116,79,169,-90
118900117,82,186,-104
118900118,230,640,-410
118900119,115,442,-327
118900120,86,461,-375
118900121,10,232,-222
118900122,6,1014,-1008
118900123,139,273,-134
118900124,73,163,-90
118900126,29,332,-303
118900129,358,192,166
118900130,90,97,-7
118900131,99,340,-241
118900132,657,210,447
118900133,19,77,-58
118900135,116,256,-140
118900136,212,850,-638
118900137,5,19,-14
118900139,166,670,-504
118900140,387,790,-403
118900141,43,258,-215
118900144,190,603,-413
118900145,20,168,-148
118900146,262,1011,-749
118900147,317,114,203
118900148,53,49,4
118900150,623,688,-65
118900152,455,960,-505
118900157,206,188,18
118900158,46,121,-75
118900159,4,154,-150
118900161,193,1,192
118900163,230,64,166
118900164,13,84,-71
118900165,32,235,-203
118900166,15,0,15
118900167,30,120,-90
118900168,192,80,112
118900169,63,469,-406
118900170,126,118,8
118900171,5,13,-8
118900174,55,54,1
118900175,338,526,-188
118900176,87,253,-166
118900177,34,62,-28
118900178,34,182,-148
118900179,24,57,-33
118900182,77,32,45
118900183,40,113,-73
118900184,145,56,89
118900185,173,196,-23
118900186,56,65,-9
118900187,204,323,-119
118900188,269,382,-113
118900189,29,669,-640
118900190,3,793,-790
118900191,167,54,113
118900192,126,21,105
118900193,397,5,392
118900195,310,1168,-858
118900196,25,199,-174
118900197,78,121,-43
118900198,11,39,-28
118900199,20,51,-31
118900200,22,10,12
118900201,26,12,14
118900202,14,64,-50
118900203,6,33,-27
118900204,4,25,-21
118900205,3,13,-10
118900206,2,18,-16
119000001,1345,1518,-173
119000002,2489,3161,-672
119000003,1707,1967,-260
119000004,2712,1891,821
119000005,3491,2716,775
119000006,2325,2283,42
119000007,4034,3963,71
119000008,2116,2378,-262
119000009,3779,3371,408
119000010,9194,3964,5230
119000011,5509,2548,2961
119000012,3904,3089,815
119000013,1844,1303,541
119000014,2715,3767,-1052
119000019,204,219,-15
119000020,1873,1709,164
119000021,3501,2684,817
119000022,4317,3060,1257
119000023,549,258,291
119000024,2745,8754,-6009
119000025,17845,1355,16490
119000026,151,254,-103
119000027,533,436,97
119000028,2472,1480,992
119000029,110,287,-177
119000030,472,1482,-1010
119000031,823,738,85
119000032,1910,2301,-391
119000033,1997,2135,-138
119000034,913,1087,-174
119000035,21,393,-372
119000036,1209,1405,-196
119000037,897,2507,-1610
119000038,113,1397,-1284
119000039,270,356,-86
119000040,1653,538,1115
119000041,1253,1665,-412
119000048,3368,4374,-1006
119000049,2063,4118,-2055
119000050,2170,3405,-1235
119000051,2295,1215,1080
119000052,2614,4015,-1401
119000053,1712,1158,554
119000054,2626,5639,-3013
119000055,2945,3939,-994
119000056,1591,2266,-675
119000057,1213,3557,-2344
119000058,2037,3000,-963
119000059,1371,2174,-803
119000060,1333,962,371
119000061,934,1068,-134
119000062,1068,1544,-476
119000063,474,505,-31
119000064,2323,2114,209
119000065,2149,3716,-1567
119000066,1834,1354,480
119000067,2114,3309,-1195
119000068,1257,1301,-44
119000069,1334,3518,-2184
119000070,1745,1337,408
119000071,736,983,-247
119000072,9088,4421,4667
119000073,5147,6582,-1435
119000074,1005,5162,-4157
119000075,1284,3438,-2154
119000076,445,861,-416
119000077,507,380,127
119000078,443,555,-112
119000079,213,993,-780
119000080,257,266,-9
119000081,186,426,-240
119000082,511,329,182
119000083,440,400,40
119000084,319,743,-424
119000085,798,528,270
119000086,219,563,-344
119000087,1923,1264,659
119000088,259,299,-40
119000089,108,278,-170
119000090,188,295,-107
119000091,236,463,-227
119000092,891,611,280
119000093,5140,4298,842
119000094,2100,9062,-6962
119000095,1183,3847,-2664
119000097,3880,2036,1844
119000098,683,2221,-1538
119000099,2337,2687,-350
119000100,2769,2285,484
119000101,2569,1916,653
119000102,790,719,71
119000103,1220,409,811
119000104,3882,1747,2135
119000105,855,1422,-567
119000106,366,2626,-2260
119000107,577,470,107
119000108,318,1778,-1460
119000109,92,275,-183
119000110,393,240,153
119000111,43,432,-389
119000112,205,68,137
119000113,2083,210,1873
119000114,735,808,-73
119000115,132,266,-134
119000116,147,89,58
119000117,114,336,-222
119000118,1,7,-6
119000123,6943,542,6401
119000124,501,244,257
119000125,2137,1318,819
119000126,710,1325,-615
119000127,426,1135,-709
119000128,17,7,10
119000131,804,1281,-477
119000132,1,7,-6
119000133,3,7,-4
119000134,4834,734,4100
119000135,85,177,-92
119000136,209,284,-75
119000137,122,572,-450
119000138,212,464,-252
119000139,181,304,-123
119000140,147,308,-161
119000284,1461,3603,-2142
119000285,3300,2754,546
119000286,6997,6800,197
119000287,1787,3056,-1269
119000288,2696,1981,715
119000289,4124,4801,-677
119000290,166,796,-630
119000291,10,386,-376
119000293,99,248,-149
119000294,20,42,-22
119000295,3839,690,3149
119000296,165,203,-38
119000302,4624,1635,2989
119000303,66,247,-181
119000314,1435,7603,-6168
119000315,1,729,-728
119000316,67,155,-88
119000317,61,591,-530
119000319,416,584,-168
119900001,171,868,-697
119900002,126,490,-364
119900003,55,1263,-1208
119900004,323,384,-61
119900005,91,189,-98
119900006,155,323,-168
119900007,700,85,615
119900008,57,24,33
119900009,499,522,-23
119900010,978,909,69
119900011,13,39,-26
119900012,20,53,-33
119900013,1635,627,1008
119900014,520,184,336
119900015,46,17,29
119900016,24,96,-72
119900017,7,37,-30
119900018,2165,567,1598
119900019,30,3,27
119900020,104,166,-62
119900021,59,63,-4
119900022,109,313,-204
119900023,1277,922,355
119900025,36,27,9
119900026,1032,66,966
119900027,6,23,-17
119900028,173,58,115
119900029,1,5,-4
119900030,411,561,-150
119900031,20,211,-191
119900033,1519,182,1337
119900034,150,109,41
119900037,100,50,50
119900038,26,214,-188
119900039,53,1,52
119900040,81,6,75
119900041,83,41,42
119900042,35,155,-120
119900043,50,176,-126
119900044,225,505,-280
119900046,27,35,-8
119900047,161,42,119
119900049,87,8,79
119900050,81,57,24
119900051,700,6,694
119900052,15,27,-12
119900053,113,249,-136
119900054,74,1,73
119900055,832,388,444
119900057,71,81,-10
119900058,146,1,145
119900059,107,29,78
119900060,168,7,161
119900061,178,3,175
119900062,28,13,15
119900063,10,39,-29
119900065,195,13,182
119900067,26,17,9
119900068,226,0,226
119900069,53,12,41
119900070,551,8,543
119900071,260,8,252
119900073,2199,536,1663
119900074,50,21,29
119900075,7048,2121,4927
119900076,22,41,-19
119900077,481,1465,-984
119900078,254,767,-513
119900079,97,383,-286
119900080,284,384,-100
119900081,373,23,350
119900082,611,16,595
119900083,317,114,203
119900084,1369,253,1116
119900085,141,52,89
119900086,247,1429,-1182
119900087,1040,267,773
119900088,28,30,-2
119900089,12,657,-645
119900090,161,44,117
119900091,44,1787,-1743
119900092,13,368,-355
119900093,892,193,699
119900094,44,230,-186
119900095,177,68,109
119900096,25,56,-31
119900097,557,220,337
119900098,62,53,9
119900099,15,257,-242
119900100,3330,1920,1410
119900101,150,878,-728
119900102,18,388,-370
119900103,25,534,-509
119900104,13,178,-165
119900105,555,1003,-448
119900106,22,262,-240
119900107,447,4812,-4365
119900108,2317,802,1515
119900109,51,398,-347
119900110,489,1160,-671
119900111,63,580,-517
119900112,4155,524,3631
119900113,49,378,-329
119900114,177,2566,-2389
119900115,143,1471,-1328
119900116,99,347,-248
119900117,185,1328,-1143
119900118,17,1416,-1399
119900119,140,319,-179
119900120,474,804,-330
119900121,206,1803,-1597
119900122,341,298,43
119900123,177,311,-134
119900124,117,1366,-1249
119900125,51,378,-327
119900126,6584,341,6243
119900127,2807,1059,1748
119900128,349,1205,-856
119900129,162,1250,-1088
119900130,28,350,-322
119900131,27,387,-360
119900132,4,531,-527
119900133,13,57,-44
119900134,3001,284,2717
119900135,4,591,-587
119900136,167,517,-350
119900138,388,630,-242
119900139,32,89,-57
119900140,2,174,-172
119900141,159,693,-534
119900142,2,13,-11
119900143,12,216,-204
119900144,2279,217,2062
119900145,80,195,-115
119900146,107,140,-33
119900147,1,129,-128
119900148,76,45,31
119900149,2204,2443,-239
119900150,213,170,43
119900151,2283,839,1444
119900152,86,577,-491
119900153,82,85,-3
119900154,10,1313,-1303
119900155,16,26,-10
119900156,6,2,4
119900157,92,342,-250
119900158,83,79,4
119900159,6,2217,-2211
119900160,9,205,-196
119900161,204,327,-123
119900162,587,827,-240
119900163,113,123,-10
119900164,0,0,0
119900165,98,381,-283
119900166,53,34,19
119900167,152,106,46
119900168,531,479,52
119900169,105,392,-287
119900170,94,128,-34
119900171,651,669,-18
119900172,70,19,51
119900173,10,735,-725
119900174,1,211,-210
119900175,759,822,-63
119900177,31,279,-248
119900178,5,220,-215
119900179,79,248,-169
119900180,872,689,183
119900181,37,47,-10
119900182,2,641,-639
119900183,97,1226,-1129
119900184,3431,515,2916
119900185,17,119,-102
119900186,95,484,-389
119900187,5,680,-675
119900188,45,357,-312
119900189,383,236,147
119900190,52,149,-97
119900191,377,129,248
119900192,13,278,-265
119900193,190,289,-99
119900194,19,32,-13
119900195,20,181,-161
119900196,1570,425,1145
119900197,114,125,-11
119900198,49,477,-428
119900199,104,11,93
119900200,374,683,-309
119900201,387,117,270
119900202,218,116,102
119900203,143,349,-206
119900204,116,288,-172
119900205,394,894,-500
119900206,85,148,-63
119900208,144,209,-65
119900209,447,912,-465
119900210,21,45,-24
119900211,98,17,81
119900212,285,1010,-725
119900213,5,53,-48
119900214,10,94,-84
119900215,29,110,-81
119900216,12,70,-58
119900217,8,64,-56
119900218,7,58,-51
119900219,7,135,-128
119900220,5,137,-132
119900221,18,315,-297
119900222,8,232,-224
119900223,11,90,-79
119900224,15,21,-6
119900225,992,38,954
119900226,872,1318,-446
119900227,1023,424,599
119900228,15,256,-241
119900229,194,384,-190
119900230,1807,649,1158
119900231,123,318,-195
119900232,147,51,96
119900233,26,1,25
119900234,25,23,2
119900235,47,47,0
119900236,11,268,-257
119900237,40,572,-532
119900238,2,93,-91
119900240,44,135,-91
119900241,129,218,-89
119900242,2109,3086,-977
119900244,1050,1179,-129
119900245,117,192,-75
119900246,188,282,-94
119900247,20,32,-12
119900248,39,95,-56
119900249,91,71,20
119900253,4989,399,4590
119900254,78,377,-299
119900255,46,455,-409
119900256,296,1297,-1001
119900257,31,0,31
119900258,27,1,26
119900259,11,226,-215
119900260,41,4,37
119900261,165,174,-9
119900262,2,407,-405
119900263,1177,429,748
119900264,37,334,-297
119900265,166,466,-300
119900266,130,327,-197
119900267,178,452,-274
119900268,78,227,-149
119900269,608,1415,-807
119900271,28,91,-63
119900272,290,55,235
119900275,132,29,103
119900276,17,1,16
119900277,19,3,16
119900278,313,73,240
119900279,155,275,-120
119900280,1268,246,1022
119900281,0,119,-119
119900282,47,15,32
119900283,17,307,-290
119900284,42,192,-150
119900285,10,81,-71
119900286,4,15,-11
119900288,3,55,-52
119900289,0,35,-35
119900290,0,39,-39
119900291,0,46,-46
119900292,6,43,-37
119900293,13,89,-76
119900294,22,77,-55
119900295,14,64,-50
119900296,12,183,-171
119900297,0,13,-13
119900298,0,0,0
119900299,23,317,-294
119900300,87,276,-189
119900301,192,12,180
119900302,125,52,73
119900303,126,295,-169
119900304,79,23,56
119900305,29,112,-83
119900306,17,2,15
119900307,8,158,-150
119900308,4,16,-12
119900309,23,46,-23
119900310,270,324,-54
119900311,26,193,-167
119900312,113,83,30
119900313,210,483,-273
119900314,91,298,-207
119900315,898,3415,-2517
119900318,5,20,-15
119900319,2,337,-335
119900320,73,754,-681
119900321,39,0,39
120000001,11433,14908,-3475
120000002,2312,3814,-1502
120000003,3387,1982,1405
120000004,2915,2534,381
120000005,5290,2074,3216
120000006,1418,1406,12
120000007,4261,2913,1348
120000008,1176,1541,-365
120000009,6089,1050,5039
120000010,1574,3494,-1920
120000011,1313,2637,-1324
120000012,1336,3297,-1961
120000013,2116,3464,-1348
120000014,774,2222,-1448
120000015,2684,1787,897
120000016,3548,3820,-272
120000017,2263,3072,-809
120000018,6182,10539,-4357
120000019,1006,1586,-580
120000020,3452,3194,258
120000021,1923,2231,-308
120000022,2812,3955,-1143
120000023,832,1958,-1126
120000024,1433,2419,-986
120000025,1999,2715,-716
120000026,1079,2332,-1253
120000027,1229,2001,-772
120000028,889,425,464
120000029,4017,586,3431
120000030,192,1067,-875
120000031,1987,9541,-7554
120000032,12497,4102,8395
120000033,3939,2557,1382
120000034,1736,3038,-1302
120000035,1862,3451,-1589
120000036,2699,5634,-2935
120000037,608,1410,-802
120000038,12173,3388,8785
120000039,529,1002,-473
120000040,108,123,-15
120000041,886,2141,-1255
120000042,1532,4926,-3394
120000043,4276,3335,941
120000044,4265,1452,2813
120000045,3787,1168,2619
120000046,1982,2544,-562
120000047,2771,4132,-1361
120000048,10047,4503,5544
120000049,6137,3554,2583
120000050,5730,6189,-459
120000051,3462,5736,-2274
120000052,18077,2975,15102
120000053,1227,5072,-3845
120000054,1302,7954,-6652
120000055,1400,6606,-5206
120000056,3063,4978,-1915
120000057,2113,792,1321
120000058,1359,239,1120
120000059,41,938,-897
120000061,122,806,-684
120000062,237,376,-139
120000063,2334,3168,-834
120000064,220,1932,-1712
120000065,466,2088,-1622
120000066,136,303,-167
120000067,36,624,-588
120000068,192,1369,-1177
120000069,689,1891,-1202
120000070,63,1156,-1093
120000071,297,347,-50
120000072,374,665,-291
120000073,523,101,422
120000074,75,66,9
120000075,311,277,34
120000076,1211,386,825
120000077,1163,601,562
120000078,3695,919,2776
120000079,344,872,-528
120000080,218,438,-220
120000081,255,244,11
120000082,204,291,-87
120000083,216,519,-303
120000084,496,541,-45
120000085,300,570,-270
120000086,367,897,-530
120000087,321,1573,-1252
120000088,690,1768,-1078
120000089,799,788,11
120000090,550,582,-32
120000091,618,1239,-621
120000092,990,786,204
120000093,279,679,-400
120000094,107,677,-570
120000095,912,874,38
120000096,267,1434,-1167
120000098,782,1433,-651
120000099,328,933,-605
120000100,657,1120,-463
120000101,389,603,-214
120000102,416,625,-209
120000103,1128,638,490
120000104,1336,357,979
120000105,2363,636,1727
120000106,1631,585,1046
120000107,2326,645,1681
120000108,676,130,546
120000109,835,69,766
120000110,119,1238,-1119
120000111,119,1814,-1695
120000112,823,4992,-4169
120000113,621,4079,-3458
120000114,931,4183,-3252
120000115,428,3617,-3189
120000116,564,2699,-2135
120000117,2090,2241,-151
120000118,78,26,52
120000119,53,92,-39
120000120,47,53,-6
120000121,39,95,-56
120000122,368,353,15
120000123,7486,5162,2324
120000124,316,658,-342
120000125,496,1139,-643
120000126,403,1027,-624
120000127,2798,973,1825
120000128,6738,2775,3963
120000129,362,397,-35
120000130,837,922,-85
120000131,282,642,-360
120000134,355,1650,-1295
120000135,262,391,-129
120000137,164,2912,-2748
120000138,515,592,-77
120000139,190,1408,-1218
120000140,403,756,-353
120000141,170,692,-522
120000142,245,744,-499
120000143,4,105,-101
120000144,76,6,70
120000145,223,2,221
120000146,3864,1354,2510
120000149,577,1276,-699
120000150,5677,8935,-3258
120000151,404,740,-336
120000152,323,387,-64
120000153,110,1173,-1063
120000154,508,520,-12
120000155,114,322,-208
120000156,3226,727,2499
120000157,1030,938,92
120000158,759,1484,-725
120000159,1821,2742,-921
120000160,1993,1579,414
120000161,1544,3908,-2364
120000162,246,438,-192
120000163,415,1923,-1508
120000164,294,544,-250
120000165,345,1119,-774
120000166,945,773,172
120000167,49,36,13
120000168,17,106,-89
120000169,127,305,-178
120000170,229,185,44
120000171,35,43,-8
120000172,54,30,24
120000173,4438,292,4146
120000174,822,16,806
120000175,1544,28,1516
120000176,759,52,707
120000177,1603,343,1260
120000178,149,23,126
120000179,755,46,709
120000180,651,92,559
120000181,142,161,-19
120000182,132,95,37
120000183,19,102,-83
120000184,145,740,-595
120000186,203,73,130
120000187,208,33,175
120000188,836,62,774
120000190,1899,22,1877
120000191,2428,41,2387
120000192,1385,42,1343
120000193,842,13,829
120000195,45,2,43
120000196,203,75,128
120000197,75,241,-166
120000198,70,160,-90
120000199,54,2,52
120000200,90,0,90
120000201,24,14,10
120000202,5,74,-69
120000203,28,382,-354
120000207,1,71,-70
120000208,7,349,-342
120000209,3,128,-125
120000210,139,69,70
120000211,63,1,62
120000212,71,0,71
120000213,49,415,-366
120000214,1,398,-397
120000215,2,168,-166
120000216,37,7,30
120000217,825,1459,-634
120000218,230,1147,-917
120000219,16,738,-722
120000220,5,2789,-2784
120000225,779,1,778
120000226,199,2,197
120000227,470,22,448
120000228,6445,2390,4055
120000230,212,24,188
120000231,956,3017,-2061
120000233,125,34,91
120000235,116,1035,-919
120000236,596,0,596
120000237,3,2680,-2677
120000238,0,171,-171
120000241,1171,4549,-3378
120000412,1252,31,1221
120000413,143,447,-304
120000414,62,4,58
120000415,5,264,-259
120000416,55,10,45
120000417,3,105,-102
120000418,48,26,22
120000419,3,382,-379
120000420,65,26,39
120000421,16376,6160,10216
120000422,235,605,-370
120000423,0,41,-41
120000424,46,188,-142
120000436,162,464,-302
120000437,214,183,31
120000438,6749,632,6117
120000439,94,369,-275
120000443,167,0,167
120000444,1022,944,78
120000445,2067,1649,418
120000446,1404,387,1017
120000447,118,10,108
120000449,51,18,33
120000450,3,329,-326
120000451,69,418,-349
120000452,73,0,73
120000453,0,757,-757
120000454,146,49,97
120000455,75,85,-10
120000456,3390,3397,-7
120000457,1320,1156,164
120000458,580,911,-331
120000459,51,111,-60
120000665,2608,181,2427
120000668,100,235,-135
120000669,45,494,-449
120000670,265,412,-147
120000671,1063,434,629
120000672,151,638,-487
120900001,48,59,-11
120900002,756,312,444
120900003,385,53,332
120900004,10,70,-60
120900005,7,3047,-3040
120900006,224,236,-12
120900007,157,223,-66
120900008,159,1569,-1410
120900009,1041,114,927
120900010,350,61,289
120900011,500,160,340
120900012,1382,911,471
120900013,190,53,137
120900014,2,900,-898
120900015,427,113,314
120900016,532,72,460
120900017,4119,63,4056
120900018,46,590,-544
120900019,525,159,366
120900020,1012,975,37
120900021,431,89,342
120900022,34,495,-461
120900023,133,42,91
120900024,1494,362,1132
120900025,2157,1110,1047
120900026,196,198,-2
120900027,720,120,600
120900028,213,49,164
120900029,110,240,-130
120900030,1106,637,469
120900031,132,52,80
120900032,546,147,399
120900033,755,41,714
120900034,155,2093,-1938
120900035,42,52,-10
120900037,202,10,192
120900038,36,168,-132
120900039,49,37,12
120900040,129,2,127
120900041,128,24,104
120900042,274,85,189
120900043,27,20,7
120900044,10,565,-555
120900045,140,100,40
120900046,234,2,232
120900047,144,59,85
120900048,57,10,47
120900049,202,3,199
120900050,4777,1220,3557
120900051,208,91,117
120900052,359,4,355
120900053,76,110,-34
120900054,1628,819,809
120900055,231,0,231
120900056,279,7,272
120900057,82,12,70
120900058,284,0,284
120900059,54,4,50
120900060,76,37,39
120900061,238,335,-97
120900062,121,0,121
120900063,361,3,358
120900064,292,0,292
120900065,287,0,287
120900066,113,327,-214
120900067,177,30,147
120900068,148,0,148
120900069,115,74,41
120900071,3,0,3
120900072,409,4,405
120900073,258,113,145
120900074,236,0,236
120900076,183,2,181
120900077,3947,234,3713
120900078,419,1478,-1059
120900079,350,110,240
120900080,476,3037,-2561
120900081,654,339,315
120900082,709,357,352
120900083,60,1,59
120900084,204,239,-35
120900085,142,210,-68
120900086,183,191,-8
120900087,338,168,170
120900088,186,313,-127
120900089,6243,1947,4296
120900090,101,254,-153
120900091,609,448,161
120900092,1183,908,275
120900093,5252,355,4897
120900094,545,254,291
120900095,440,34,406
120900096,42,236,-194
120900097,685,1371,-686
120900098,316,137,179
120900099,70,72,-2
120900100,50,498,-448
120900101,670,347,323
120900102,20,198,-178
120900103,54,187,-133
120900104,22,58,-36
120900105,44,951,-907
120900106,1676,781,895
120900107,351,113,238
120900108,5,1249,-1244
120900109,38,901,-863
120900110,9,1397,-1388
120900111,128,460,-332
120900112,6,2089,-2083
120900113,26,1161,-1135
120900114,41,233,-192
120900115,180,198,-18
120900116,145,858,-713
120900117,2,746,-744
120900118,12,1304,-1292
120900119,3024,7199,-4175
120900120,56,947,-891
120900121,49,498,-449
120900122,256,897,-641
120900123,2,653,-651
120900124,2,1022,-1020
120900125,5,1662,-1657
120900126,1435,955,480
120900127,7,730,-723
120900128,1216,1424,-208
120900129,31,375,-344
120900130,0,192,-192
120900131,49,51,-2
120900132,518,544,-26
120900133,183,1530,-1347
120900134,807,512,295
120900135,7,775,-768
120900136,8,16,-8
120900137,175,109,66
120900138,26,254,-228
120900139,5,838,-833
120900140,0,76,-76
120900141,134,157,-23
120900142,22,1143,-1121
120900143,3,1053,-1050
120900144,1,205,-204
120900145,61,1048,-987
120900146,6,1238,-1232
120900147,3,373,-370
120900148,89,185,-96
120900149,0,448,-448
120900150,13,775,-762
120900151,28,820,-792
120900152,106,41,65
120900153,3,70,-67
120900154,3,515,-512
120900155,93,1486,-1393
120900156,103,435,-332
120900157,43,252,-209
120900158,41,768,-727
120900159,149,474,-325
120900160,36,507,-471
120900161,13,571,-558
120900162,16,594,-578
120900163,17,227,-210
120900164,2,2,0
120900165,0,8,-8
120900166,269,159,110
120900167,564,124,440
120900169,21,598,-577
120900170,4024,1922,2102
120900171,1163,385,778
120900172,1677,197,1480
120900173,4,57,-53
120900174,12,115,-103
120900175,260,180,80
120900176,6,290,-284
120900177,0,852,-852
120900178,73,260,-187
120900179,984,548,436
120900180,96,84,12
120900181,44,69,-25
120900182,19,935,-916
120900183,201,63,138
120900184,81,89,-8
120900185,5,434,-429
120900186,2,698,-696
120900187,333,897,-564
120900188,100,14,86
120900189,226,828,-602
120900190,33,30,3
120900191,6,17,-11
120900192,17449,4050,13399
120900194,32,72,-40
120900195,131,256,-125
120900196,573,69,504
120900197,325,82,243
120900198,229,801,-572
120900199,244,235,9
120900200,65,141,-76
120900201,639,126,513
120900202,1,262,-261
120900203,17,58,-41
120900204,175,417,-242
120900205,61,76,-15
120900206,6,12,-6
120900207,48,1710,-1662
121000001,1554,1336,218
121000002,5788,3186,2602
121000003,4701,2380,2321
121000004,3104,11675,-8571
121000005,2868,3507,-639
121000006,3915,2101,1814
121000007,4566,3193,1373
121000008,12084,4808,7276
121000009,7593,7305,288
121000010,11674,9245,2429
121000011,9110,14893,-5783
121000012,14983,12947,2036
121000013,6144,9288,-3144
121000014,7215,9907,-2692
121000015,7732,8020,-288
121000016,5760,6795,-1035
121000017,2136,3540,-1404
121000018,1813,1881,-68
121000019,22013,11401,10612
121000020,12723,12965,-242
121000021,3626,3549,77
121000022,2013,2130,-117
121000023,4441,3804,637
121000024,3353,3888,-535
121000025,721,1682,-961
121000026,404,164,240
121000027,1588,980,608
121000028,875,437,438
121000029,1360,778,582
121000030,710,471,239
121000031,884,707,177
121000032,240,108,132
121000034,1507,216,1291
121000035,638,107,531
121000036,2096,1125,971
121000037,1171,766,405
121000038,893,691,202
121000039,582,456,126
121000041,472,477,-5
121000042,233,404,-171
121000043,1131,1007,124
121000044,2558,897,1661
121000045,332,363,-31
121000046,484,959,-475
121000047,374,458,-84
121000049,2462,846,1616
121000050,421,1388,-967
121000051,1194,410,784
121000052,514,767,-253
121000053,598,126,472
121000054,49,391,-342
121000055,1671,1271,400
121000056,874,1213,-339
121000057,230,495,-265
121000058,1161,253,908
121000059,2797,1904,893
121000060,443,926,-483
121000061,822,232,590
121000062,199,264,-65
121000063,913,661,252
121000064,888,1056,-168
121000065,758,408,350
121000066,833,536,297
121000067,1346,377,969
121000068,859,360,499
121000069,1142,498,644
121000070,3465,1351,2114
121000071,1711,1384,327
121000072,1950,776,1174
121000073,2750,833,1917
121000074,173,148,25
121000075,70,208,-138
121000076,1718,427,1291
121000077,250,166,84
121000078,109,93,16
121000080,2834,762,2072
121000081,3646,4781,-1135
121000082,144,296,-152
121000083,288,184,104
121000084,481,220,261
121000085,254,724,-470
121000086,119,761,-642
121000087,99,279,-180
121000088,443,830,-387
121000089,394,369,25
121000090,694,324,370
121000091,1608,835,773
121000092,110,87,23
121000093,130,229,-99
121000094,287,640,-353
121000095,331,456,-125
121000096,2150,2533,-383
121000097,1261,1893,-632
121000098,609,1741,-1132
121000099,520,1040,-520
121000100,945,750,195
121000101,275,319,-44
121000102,179,409,-230
121000103,125,302,-177
121000104,213,192,21
121000105,307,255,52
121000106,182,403,-221
121000107,3172,3757,-585
121000109,1652,1291,361
121000110,283,816,-533
121000114,3315,2214,1101
121000115,1091,878,213
121000116,494,1000,-506
121000117,781,312,469
121000118,1644,330,1314
121000119,334,454,-120
121000120,254,477,-223
121000121,550,1071,-521
121000123,1762,564,1198
121000127,352,203,149
121000128,1171,665,506
121000129,637,532,105
121000130,481,1162,-681
121000131,2064,1673,391
121000132,1469,1393,76
121000135,259,252,7
121000136,1125,458,667
121000137,339,250,89
121000138,1153,933,220
121000139,543,61,482
121000141,546,133,413
121000142,1401,670,731
121000143,84,9,75
121000144,805,2000,-1195
121000145,786,1640,-854
121000146,1834,1136,698
121000147,991,708,283
121000148,1418,1317,101
121000149,3530,1380,2150
121000152,708,1134,-426
121000153,2248,1121,1127
121000154,985,1880,-895
121000155,1729,1625,104
121000156,415,1573,-1158
121000157,1458,3162,-1704
121000158,320,970,-650
121000159,284,854,-570
121000160,329,744,-415
121000161,195,328,-133
121000162,60,244,-184
121000165,1842,1494,348
121000166,29,868,-839
121000168,591,352,239
121000169,70,175,-105
121000170,432,402,30
121000171,113,178,-65
121000172,780,576,204
121000173,1284,980,304
121000174,233,405,-172
121000175,1106,474,632
121000176,458,193,265
121000177,2245,800,1445
121000178,175,71,104
121000179,123,85,38
121000181,367,525,-158
121000182,80,151,-71
121000183,58,42,16
121000184,71,70,1
121000185,49,133,-84
121000186,205,335,-130
121000187,124,286,-162
121000188,178,280,-102
121000192,720,567,153
121000193,747,659,88
121000194,2915,2440,475
121000195,505,1105,-600
121000196,1802,293,1509
121000197,539,906,-367
121000198,726,104,622
121000199,255,641,-386
121000200,541,83,458
121000201,17,289,-272
121000202,3071,133,2938
121000203,711,2551,-1840
121000204,2184,635,1549
121000205,295,413,-118
121000206,206,30,176
121000207,1972,487,1485
121000208,16,500,-484
121000209,287,533,-246
121000210,318,926,-608
121000211,445,179,266
121000212,299,1205,-906
121000213,11019,3702,7317
121000214,981,4121,-3140
121000215,1671,929,742
121000216,933,1108,-175
121000217,7631,4522,3109
121000218,1039,2122,-1083
121000219,3748,608,3140
121000220,511,68,443
121000221,202,382,-180
121000222,3626,2539,1087
121000223,1357,400,957
121000224,651,120,531
121000225,4321,1374,2947
121000226,11565,1283,10282
121000227,15,369,-354
121000228,27,848,-821
121000229,341,599,-258
121000230,93,2164,-2071
121000231,855,39,816
121000232,458,345,113
121000233,836,363,473
121000234,26,28,-2
121000235,93,33,60
121000236,1,50,-49
121000237,14,3,11
121000238,1,102,-101
121000239,15,3,12
121000240,10,394,-384
121000241,113,21,92
121000242,26,138,-112
121000243,311,73,238
121000244,6,55,-49
121000245,30,9,21
121000246,0,83,-83
121000247,58,0,58
121000248,804,583,221
121000249,239,337,-98
121000250,755,135,620
121000251,53,676,-623
121000252,79,55,24
121000253,800,636,164
121000254,1192,346,846
121000255,571,185,386
121000256,830,187,643
121000257,114,71,43
121000258,271,43,228
121000259,128,31,97
121000260,251,202,49
121000261,243,41,202
121000262,970,1244,-274
121000263,331,479,-148
121000271,283,2001,-1718
121000273,388,16,372
121000274,69,47,22
121000275,4,28,-24
121000276,5,25,-20
121000278,299,81,218
121000289,218,29,189
121000290,1806,803,1003
121000294,83,186,-103
121000297,1238,1728,-490
121000299,578,266,312
121000300,752,881,-129
121000302,122,1059,-937
121000303,614,454,160
121000304,406,69,337
121000305,148,125,23
121000306,115,121,-6
121000308,202,710,-508
121000309,852,1078,-226
121000310,446,598,-152
121000311,85,854,-769
121000312,326,281,45
121000313,518,729,-211
121000314,135,108,27
121000315,67,101,-34
121000530,1191,1813,-622
121000531,1046,1792,-746
121000532,6416,5198,1218
121000533,2272,3165,-893
121000918,106,216,-110
121000919,50,87,-37
121000938,371,237,134
121000939,523,217,306
121000956,810,2094,-1284
121000957,6,12,-6
121000958,582,63,519
121000959,615,994,-379
121000960,2689,2551,138
121000961,199,100,99
121000962,272,1463,-1191
121000973,0,180,-180
121000976,7,180,-173
121000979,285,58,227
121000981,356,199,157
121000982,310,285,25
121000983,543,526,17
121000984,91,45,46
121000985,466,1240,-774
121000986,424,509,-85
121000987,412,2152,-1740
121000988,762,200,562
121001302,514,199,315
121001308,29,11,18
121001309,136,57,79
121001313,222,389,-167
121001314,4110,4473,-363
121001315,4296,2856,1440
121001326,443,473,-30
121001327,186,112,74
121001328,621,31,590
121900001,83,178,-95
121900002,174,17,157
121900003,421,7,414
121900004,322,434,-112
121900005,15,3,12
121900006,87,27,60
121900007,2504,2431,73
121900008,997,230,767
121900009,543,22,521
121900010,222,1,221
121900011,159,418,-259
121900012,23,0,23
121900013,2437,52,2385
121900014,1569,415,1154
121900015,148,177,-29
121900016,7,38,-31
121900017,594,638,-44
121900018,298,6,292
121900019,302,319,-17
121900020,63,1,62
121900021,1605,32,1573
121900022,206,230,-24
121900023,93,344,-251
121900024,303,86,217
121900025,493,436,57
121900026,360,45,315
121900027,260,122,138
121900028,275,16,259
121900029,126,190,-64
121900030,838,1097,-259
121900031,1785,9796,-8011
121900032,65,67,-2
121900033,151,177,-26
121900034,746,77,669
121900035,2883,2338,545
121900036,136,553,-417
121900037,158,565,-407
121900038,52,127,-75
121900039,473,44,429
121900040,31,95,-64
121900041,68,164,-96
121900042,326,116,210
121900043,2,3,-1
121900044,239,65,174
121900046,246,174,72
121900047,154,99,55
121900048,21,101,-80
121900050,32,34,-2
121900051,148,179,-31
121900052,125,43,82
121900053,286,553,-267
121900054,797,812,-15
121900055,0,7,-7
121900058,426,288,138
121900059,441,160,281
121900060,123,346,-223
121900062,81,84,-3
121900063,1107,343,764
121900064,243,885,-642
121900066,41,25,16
121900067,32,42,-10
121900069,181,134,47
121900070,377,120,257
121900071,214,263,-49
121900072,27,189,-162
121900073,354,226,128
121900074,480,1040,-560
121900075,1719,339,1380
121900076,1097,699,398
121900078,50,30,20
121900079,0,0,0
121900080,907,392,515
121900082,47,118,-71
121900084,8,167,-159
121900086,4,30,-26
121900087,217,95,122
121900088,1351,2611,-1260
121900089,198,407,-209
121900090,3,129,-126
121900091,49,84,-35
121900092,62,64,-2
121900093,65,89,-24
121900094,12,6,6
121900095,168,158,10
121900096,1381,443,938
121900097,507,174,333
121900098,3,0,3
121900099,180,57,123
121900100,178,223,-45
121900101,161,132,29
121900102,7,109,-102
121900103,615,166,449
121900104,1582,459,1123
121900105,239,203,36
121900106,3,1,2
121900107,42,19,23
121900108,0,21,-21
121900109,569,194,375
121900110,308,1207,-899
121900111,788,100,688
121900112,92,75,17
121900113,137,787,-650
121900114,11,83,-72
121900117,149,36,113
121900118,2718,540,2178
121900119,145,135,10
121900120,59,1916,-1857
121900121,606,50,556
121900122,14,43,-29
121900123,245,679,-434
121900124,86,209,-123
121900125,986,1308,-322
121900127,16,80,-64
121900128,103,119,-16
121900129,908,157,751
121900130,271,305,-34
121900131,482,105,377
121900132,68,82,-14
121900133,92,501,-409
121900134,66,84,-18
121900135,2221,222,1999
121900136,250,513,-263
121900137,41,357,-316
121900138,167,183,-16
121900139,476,600,-124
121900140,56,152,-96
121900141,41,22,19
121900142,118,106,12
121900143,6,160,-154
121900144,151,278,-127
121900145,142,201,-59
121900146,719,755,-36
121900147,76,169,-93
121900148,227,284,-57
121900149,546,764,-218
121900150,102,170,-68
121900151,73,256,-183
121900152,111,185,-74
121900153,91,427,-336
121900154,10,254,-244
121900155,1,83,-82
121900156,172,94,78
121900157,2,523,-521
121900158,106,75,31
121900159,3,253,-250
121900160,4,313,-309
121900161,467,429,38
121900162,96,137,-41
121900163,210,780,-570
121900164,550,191,359
121900165,238,177,61
121900166,246,200,46
121900167,149,108,41
121900168,279,187,92
121900169,7,326,-319
121900170,10,326,-316
121900171,499,570,-71
121900172,466,309,157
121900173,1001,269,732
121900174,26,49,-23
121900175,364,108,256
121900176,653,1909,-1256
121900177,196,127,69
121900178,66,102,-36
121900179,409,113,296
121900180,5319,3512,1807
121900182,1727,272,1455
121900183,421,728,-307
121900184,37,528,-491
121900186,15,247,-232
121900187,40,128,-88
121900188,532,680,-148
121900189,36,88,-52
121900190,265,690,-425
121900191,61,237,-176
121900192,382,839,-457
121900193,82,206,-124
121900194,6,98,-92
121900195,100,68,32
121900196,1188,1631,-443
121900197,311,2183,-1872
121900198,1049,1561,-512
121900199,1,23,-22
121900200,302,196,106
121900201,1146,483,663
121900202,170,517,-347
121900203,221,995,-774
121900204,1176,2014,-838
121900205,31,108,-77
121900206,9,10,-1
121900207,186,45,141
121900208,296,246,50
121900209,44,27,17
121900210,1966,1363,603
121900211,358,1278,-920
121900212,109,93,16
121900213,96,114,-18
121900214,10,661,-651
121900215,53,61,-8
121900216,194,105,89
121900217,185,114,71
121900218,237,575,-338
121900220,115,21,94
121900221,248,516,-268
121900222,161,156,5
121900223,201,55,146
121900224,93,48,45
121900225,536,96,440
121900226,205,676,-471
121900227,154,431,-277
121900228,245,485,-240
121900230,181,248,-67
121900231,465,1120,-655
121900232,434,456,-22
121900233,208,172,36
121900234,447,452,-5
121900235,456,271,185
121900236,365,194,171
121900237,291,215,76
121900238,135,211,-76
121900239,114,13,101
121900240,92,76,16
121900241,41,46,-5
121900242,1,0,1
121900243,2,0,2
121900244,5,0,5
121900245,186,69,117
121900246,2388,528,1860
121900248,1370,1154,216
121900250,212,324,-112
121900251,171,37,134
121900252,584,134,450
121900253,219,1103,-884
121900254,580,293,287
121900255,225,104,121
121900258,2947,2169,778
121900259,360,667,-307
121900260,39,137,-98
121900261,139,745,-606
121900262,507,1760,-1253
121900263,126,436,-310
121900264,2079,2217,-138
121900265,296,307,-11
121900266,229,223,6
121900267,83,61,22
121900269,136,534,-398
121900270,20,153,-133
121900271,37,134,-97
121900273,1029,2624,-1595
121900274,253,229,24
121900277,363,1518,-1155
121900278,324,934,-610
121900279,101,215,-114
121900280,289,360,-71
121900281,549,279,270
121900284,36,14,22
121900286,46,121,-75
121900287,10,11,-1
121900288,9,2,7
121900290,312,270,42
121900291,566,795,-229
121900292,491,169,322
121900293,1157,3594,-2437
121900294,244,3,241
121900295,118,303,-185
121900296,177,101,76
121900298,598,531,67
121900299,0,0,0
121900300,24,0,24
121900301,34,1,33
121900302,0,33,-33
121900303,1048,417,631
121900304,28,10,18
121900305,6,9,-3
121900306,54,0,54
121900307,35,1,34
121900308,24,285,-261
121900309,15,287,-272
121900310,22,488,-466
121900311,269,10,259
121900312,224,10,214
121900313,482,33,449
121900314,1,59,-58
121900315,6,0,6
121900316,1,37,-36
121900317,2,1,1
121900318,3,28,-25
121900319,27,229,-202
121900320,54,83,-29
121900321,0,2,-2
121900322,0,25,-25
121900323,17,10,7
121900324,22,105,-83
121900325,1,1,0
121900326,3,16,-13
121900327,4,36,-32
121900328,0,19,-19
121900329,3,179,-176
121900330,0,34,-34
121900331,18,3,15
121900332,72,34,38
121900333,40,2,38
121900334,226,146,80
122000001,2498,4510,-2012
122000002,5628,1758,3870
122000003,1929,2060,-131
122000004,2974,1536,1438
122000005,3134,1303,1831
122000006,3174,702,2472
122000007,1891,2171,-280
122000008,6326,5768,558
122000009,584,432,152
122000010,1867,3772,-1905
122000011,3051,1866,1185
122000012,1962,1220,742
122000013,4525,1618,2907
122000014,2088,3709,-1621
122000015,1641,1081,560
122000016,679,718,-39
122000017,1068,1076,-8
122000018,1337,919,418
122000019,1088,1788,-700
122000020,117,215,-98
122000021,536,366,170
122000022,1743,1898,-155
122000023,749,4142,-3393
122000024,1112,971,141
122000025,3303,1293,2010
122000026,1699,807,892
122000027,567,7916,-7349
122000028,674,438,236
122000029,535,274,261
122000030,323,178,145
122000031,307,375,-68
122000032,2670,4710,-2040
122000033,1766,1056,710
122000034,1367,640,727
122000035,285,1299,-1014
122000036,559,603,-44
122000037,337,346,-9
122000038,276,352,-76
122000039,615,718,-103
122000040,332,1243,-911
122000041,647,560,87
122000042,664,562,102
122000043,112,197,-85
122000044,110,253,-143
122000045,2312,653,1659
122000046,1271,1526,-255
122000047,379,217,162
122000048,3422,6174,-2752
122000049,6315,2248,4067
122000050,2808,821,1987
122000051,878,378,500
122000052,723,288,435
122000053,208,578,-370
122000054,2688,1987,701
122000055,3595,2633,962
122000056,5227,5185,42
122000057,3578,3744,-166
122000058,5578,1161,4417
122000059,3848,1673,2175
122000060,881,653,228
122000061,601,508,93
122000062,1622,324,1298
122000063,1691,659,1032
122000064,6555,2785,3770
122000065,9218,2942,6276
122000066,718,434,284
122000067,4274,1545,2729
122000068,1787,2870,-1083
122000069,1403,938,465
122000070,810,7813,-7003
122000071,1113,2455,-1342
122000072,403,422,-19
122000073,662,628,34
122000074,3214,1866,1348
122000075,585,2682,-2097
122000076,1612,1132,480
122000077,1601,651,950
122000078,3023,2359,664
122000079,2450,999,1451
122000080,1711,469,1242
122000081,236,411,-175
122000082,1036,776,260
122000083,1400,5251,-3851
122000084,1470,879,591
122000085,352,4114,-3762
122000086,2449,8507,-6058
122000087,440,158,282
122000088,271,300,-29
122000089,9987,5800,4187
122000090,389,577,-188
122000091,755,44,711
122000092,490,18,472
122000093,3618,805,2813
122000094,9580,1925,7655
122000095,3439,3201,238
122000096,3001,2333,668
122000098,3036,1513,1523
122000099,6192,644,5548
122000100,1598,985,613
122000101,293,2176,-1883
122000102,1914,1143,771
122000103,2536,1463,1073
122000104,324,203,121
122000105,398,300,98
122000106,485,577,-92
122000107,1025,606,419
122000108,331,742,-411
122000109,348,521,-173
122000110,377,440,-63
122000111,2935,1206,1729
122000112,835,1727,-892
122000113,844,757,87
122000114,7338,1951,5387
122000115,1340,3813,-2473
122000116,394,482,-88
122000117,1090,454,636
122000118,407,763,-356
122000119,2659,1745,914
122000120,2388,2815,-427
122000121,3303,2435,868
122000122,860,1659,-799
122000123,2650,1959,691
122000124,1260,575,685
122000125,544,704,-160
122000126,684,890,-206
122000127,1376,1020,356
122000128,941,975,-34
122000129,473,1681,-1208
122000130,3286,902,2384
122000131,1389,1001,388
122000132,757,445,312
122000133,1398,2268,-870
122000134,681,598,83
122000135,817,787,30
122000136,618,516,102
122000137,1463,932,531
122000139,2661,4938,-2277
122000140,2562,565,1997
122000141,5574,1196,4378
122000142,1076,773,303
122000143,474,432,42
122000144,2329,1210,1119
122000145,3218,785,2433
122000146,1050,979,71
122000147,1699,573,1126
122000148,3093,1120,1973
122000149,1888,1738,150
122000150,1504,1094,410
122000151,256,346,-90
122000152,545,327,218
122000153,529,277,252
122000154,328,245,83
122000155,1217,2836,-1619
122000156,1260,1582,-322
122000157,2206,927,1279
122000158,651,602,49
122000159,1582,1595,-13
122000160,3877,1556,2321
122000161,943,916,27
122000162,1891,1830,61
122000163,215,62,153
122000164,40,58,-18
122000165,957,791,166
122000166,1847,1846,1
122000167,145,162,-17
122000168,230,661,-431
122000169,760,265,495
122000170,237,275,-38
122000171,22,44,-22
122000172,1211,1918,-707
122000173,1254,2007,-753
122000174,2850,885,1965
122000175,1368,386,982
122000176,408,708,-300
122000177,1818,1360,458
122000178,3265,5865,-2600
122000179,1945,3101,-1156
122000180,1525,1111,414
122000181,2111,2735,-624
122000182,1755,1712,43
122000183,2175,1768,407
122000184,1714,1944,-230
122000185,839,1067,-228
122000186,765,822,-57
122000187,3416,1457,1959
122000188,454,258,196
122000189,279,512,-233
122000190,1985,1287,698
122000191,1427,718,709
122000192,1272,369,903
122000193,493,526,-33
122000194,1464,308,1156
122000195,457,389,68
122000196,923,623,300
122000197,488,562,-74
122000198,806,772,34
122000199,747,416,331
122000200,2009,1148,861
122000201,989,1340,-351
122000202,1301,925,376
122000203,2510,1282,1228
122000204,1641,1960,-319
122000205,1715,2007,-292
122000206,2882,1004,1878
122000207,1588,1332,256
122000208,4793,1926,2867
122000209,5520,589,4931
122000210,2941,2231,710
122000211,3197,1187,2010
122000212,1087,676,411
122000213,1401,1488,-87
122000214,2348,2366,-18
122000215,2117,1652,465
122000217,3199,1459,1740
122000218,1146,136,1010
122000219,2036,1012,1024
122000220,397,688,-291
122000221,173,658,-485
122000222,651,162,489
122000223,1453,463,990
122000225,1047,324,723
122000226,1630,2386,-756
122000227,373,4583,-4210
122000228,362,405,-43
122000229,31,495,-464
122000230,51,794,-743
122000231,253,906,-653
122000232,693,1190,-497
122000233,1,153,-152
122000234,291,392,-101
122000235,1013,345,668
122000236,669,180,489
122000237,85,133,-48
122000238,221,326,-105
122000239,495,132,363
122000240,1482,467,1015
122000241,1194,540,654
122000242,656,135,521
122000243,216,122,94
122000244,106,626,-520
122000245,100,395,-295
122000246,347,240,107
122000247,680,1090,-410
122000248,1939,2706,-767
122000249,607,1003,-396
122000250,1809,1389,420
122000251,200,424,-224
122000252,522,130,392
122000253,26,339,-313
122000254,178,102,76
122000255,686,1930,-1244
122000256,479,1895,-1416
122000257,134,509,-375
122000258,166,237,-71
122000259,23,953,-930
122000260,220,1228,-1008
122000261,15,306,-291
122000262,0,88,-88
122000263,203,136,67
122000264,1939,741,1198
122000265,4400,1016,3384
122000266,10369,757,9612
122000267,189,212,-23
122000268,202,480,-278
122000269,1739,357,1382
122000270,3092,137,2955
122000271,881,1222,-341
122000272,419,1379,-960
122000273,438,627,-189
122000274,205,455,-250
122000275,232,389,-157
122000276,623,712,-89
122000277,1056,1663,-607
122000278,885,1143,-258
122000279,225,504,-279
122000280,1077,921,156
122000281,989,800,189
122000282,133,172,-39
122000283,383,83,300
122000284,132,97,35
122000285,478,111,367
122000286,116,227,-111
122000287,883,1530,-647
122000288,398,305,93
122000291,1047,598,449
122000293,425,271,154
122000294,112,252,-140
122000295,1726,277,1449
122000296,78,705,-627
122000297,3515,3216,299
122000299,308,468,-160
122000300,578,645,-67
122000301,18579,3010,15569
122000302,948,1384,-436
122000303,5125,1482,3643
122000304,46,245,-199
122000305,739,1013,-274
122000306,45,1012,-967
122000307,129,170,-41
122000309,115,83,32
122000310,49,81,-32
122000311,280,161,119
122000312,240,98,142
122000313,60,56,4
122000314,121,232,-111
122000315,245,19,226
122000316,550,220,330
122000317,1124,248,876
122000318,164,430,-266
122000319,275,767,-492
122000320,376,3010,-2634
122000321,192,412,-220
122000322,2425,4966,-2541
122000323,1894,2870,-976
122000324,1917,1938,-21
122000325,985,1483,-498
122000326,50,208,-158
122000327,459,750,-291
122000328,2114,903,1211
122000330,2209,654,1555
122000333,11,301,-290
122000337,825,2279,-1454
122000338,464,498,-34
122000340,710,347,363
122000342,3966,1331,2635
122000343,556,2060,-1504
122000344,38,33,5
122000345,265,324,-59
122000346,293,690,-397
122000348,593,750,-157
122000349,103,704,-601
122000351,141,281,-140
122000352,276,140,136
122000353,66,165,-99
122000355,188,145,43
122000356,3279,728,2551
122000357,41,29,12
122000358,0,95,-95
122000359,0,30,-30
122000360,1,34,-33
122000362,15,99,-84
122000364,86,404,-318
122000365,1,39,-38
122000366,14,7,7
122000368,713,681,32
122000370,15,60,-45
122000371,12,1,11
122000372,16,0,16
122000381,45,453,-408
122000382,72,367,-295
122000384,7656,2866,4790
122000385,27,2,25
122000386,2319,1465,854
122000387,1876,526,1350
122000388,5270,505,4765
122000389,512,627,-115
122000390,1020,273,747
122000391,522,122,400
122000392,204,196,8
122000393,306,840,-534
122000394,506,273,233
122000395,144,197,-53
122000396,354,159,195
122000397,99,102,-3
122000398,79,116,-37
122000399,157,74,83
122000400,249,395,-146
122000401,148,114,34
122000402,193,145,48
122000403,480,1463,-983
122000404,134,424,-290
122000408,658,1227,-569
122000503,3,184,-181
122000524,223,97,126
122000544,82,6578,-6496
122000614,849,706,143
122000616,253,2,251
122000640,47,133,-86
122000641,64,449,-385
122000642,1224,1331,-107
122000643,33,191,-158
122000644,217,19,198
122000645,93,433,-340
122000651,3471,718,2753
122000664,256,44,212
122000665,965,594,371
122000666,630,1321,-691
122000673,51,456,-405
122000674,107,53,54
122000675,1865,1770,95
122000686,397,1561,-1164
122000687,2952,456,2496
122000688,219,1057,-838
122000689,836,665,171
122000690,1000,746,254
122000691,330,3382,-3052
122000692,1243,440,803
122000693,439,2163,-1724
122000695,277,666,-389
122000696,319,433,-114
122000698,265,1280,-1015
122000699,161,74,87
122000701,1351,480,871
122000702,511,2652,-2141
122000703,205,80,125
122000712,0,0,0
122000717,269,64,205
122000718,1083,2225,-1142
122000719,180,71,109
122000720,305,398,-93
122000724,274,477,-203
122900001,45,7,38
122900002,1392,4704,-3312
122900003,488,41,447
122900004,560,27,533
122900005,37,34,3
122900006,761,237,524
122900007,193,20,173
122900008,652,56,596
122900009,800,500,300
122900010,209,223,-14
122900012,259,267,-8
122900014,196,347,-151
122900015,2599,711,1888
122900016,168,302,-134
122900017,799,909,-110
122900018,277,6,271
122900020,387,387,0
122900021,81,748,-667
122900022,563,982,-419
122900023,203,186,17
122900024,127,122,5
122900025,14,131,-117
122900026,121,302,-181
122900027,73,880,-807
122900028,130,175,-45
122900029,5824,3885,1939
122900030,1584,379,1205
122900031,290,198,92
122900032,111,324,-213
122900033,219,152,67
122900034,4540,10336,-5796
122900035,52,12,40
122900036,48,456,-408
122900037,559,117,442
122900038,195,3659,-3464
122900039,95,528,-433
122900040,606,355,251
122900041,260,136,124
122900042,175,267,-92
122900043,907,210,697
122900044,124,373,-249
122900045,119,83,36
122900046,136,64,72
122900047,530,205,325
122900048,42,347,-305
122900049,2600,123,2477
122900051,192,144,48
122900052,79,141,-62
122900053,19,19,0
122900055,416,124,292
122900057,523,39,484
122900061,430,165,265
122900062,455,505,-50
122900063,183,348,-165
122900064,1197,552,645
122900065,616,180,436
122900066,545,240,305
122900067,1618,898,720
122900069,245,1514,-1269
122900070,343,37,306
122900071,120,418,-298
122900073,25,360,-335
122900074,479,719,-240
122900075,0,78,-78
122900076,8,242,-234
122900077,2,140,-138
122900078,93,183,-90
122900080,88,45,43
122900081,777,173,604
122900082,913,290,623
122900083,202,145,57
122900084,4,274,-270
122900086,9,39,-30
122900087,321,402,-81
122900088,43,83,-40
122900089,46,193,-147
122900090,5,806,-801
122900091,191,1,190
122900092,1,125,-124
122900093,3,436,-433
122900094,6,289,-283
122900095,167,8,159
122900096,199,531,-332
122900097,41,21,20
122900098,126,115,11
122900099,25,4,21
122900100,469,183,286
122900101,1222,320,902
122900102,11,7,4
122900103,76,2,74
122900104,45,5,40
122900105,2,4,-2
122900106,1,130,-129
122900107,13,322,-309
122900108,3,350,-347
122900109,207,169,38
123000001,2351,404,1947
123000002,6914,3651,3263
123000003,4663,4682,-19
123000004,3587,5393,-1806
123000005,2821,3776,-955
123000006,3435,3563,-128
123000007,3745,3727,18
123000008,3150,4262,-1112
123000009,5988,3481,2507
123000010,4569,4246,323
123000011,9173,1102,8071
123000012,2354,2799,-445
123000013,4821,1074,3747
123000014,2116,4595,-2479
123000015,5138,1242,3896
123000016,7714,4227,3487
123000017,3566,1605,1961
123000018,48,101,-53
123000019,163,328,-165
123000020,86,134,-48
123000021,70,292,-222
123000022,517,2560,-2043
123000023,1522,1573,-51
123000024,2190,764,1426
123000025,297,145,152
123000026,36,131,-95
123000027,524,220,304
123000028,1092,160,932
123000029,1652,280,1372
123000030,521,577,-56
123000031,109,489,-380
123000032,270,376,-106
123000033,677,111,566
123000034,965,888,77
123000035,293,422,-129
123000036,268,842,-574
123000037,235,379,-144
123000038,103,271,-168
123000039,545,1083,-538
123000040,1315,362,953
123000041,1730,790,940
123000042,1643,500,1143
123000043,4523,7269,-2746
123000044,6625,2097,4528
123000045,12347,2649,9698
123000046,1246,1254,-8
123000047,2887,1552,1335
123000048,36,490,-454
123000049,7864,7364,500
123000050,1043,1620,-577
123000051,118,293,-175
123000052,714,3367,-2653
123000053,2002,3853,-1851
123000054,1288,1452,-164
123000055,827,1552,-725
123000056,1705,2084,-379
123000057,20428,6652,13776
123000058,927,1054,-127
123000059,374,533,-159
123000060,861,374,487
123000061,156,844,-688
123000063,786,988,-202
123000064,908,259,649
123000065,8522,4049,4473
123000066,1206,1132,74
123000067,832,786,46
123000068,4112,3998,114
123000069,7432,4135,3297
123000070,316,965,-649
123000071,647,1385,-738
123000072,983,1692,-709
123000073,1099,1312,-213
123000074,1184,2579,-1395
123000075,513,1193,-680
123000076,764,1271,-507
123000077,2627,4000,-1373
123000078,1214,2376,-1162
123000079,1234,2714,-1480
123000080,2336,3014,-678
123000081,207,667,-460
123000082,423,1352,-929
123000083,1022,237,785
123000084,648,1029,-381
123000085,227,141,86
123000086,364,390,-26
123000087,381,490,-109
123000088,1161,1362,-201
123000089,475,1958,-1483
123000090,1462,1428,34
123000091,1971,2007,-36
123000092,1449,1570,-121
123000094,536,285,251
123000095,395,949,-554
123000096,477,539,-62
123000097,492,1385,-893
123000098,644,920,-276
123000099,627,1229,-602
123000100,611,707,-96
123000101,613,752,-139
123000102,667,618,49
123000104,470,537,-67
123000105,634,656,-22
123000106,686,537,149
123000107,488,728,-240
123000108,779,1780,-1001
123000111,678,440,238
123000112,690,921,-231
123000113,748,2190,-1442
123000114,627,610,17
123000115,237,399,-162
123000116,33,244,-211
123000117,1731,2891,-1160
123000118,498,1058,-560
123000119,335,1261,-926
123000120,523,1138,-615
123000121,675,723,-48
123000122,463,242,221
123000123,508,923,-415
123000124,800,597,203
123000125,1507,1395,112
123000126,2285,3332,-1047
123000127,1498,933,565
123000128,371,458,-87
123000129,501,261,240
123000130,507,130,377
123000131,864,833,31
123000132,497,770,-273
123000133,359,454,-95
123000134,441,287,154
123000135,1802,1678,124
123000136,283,1363,-1080
123000137,114,499,-385
123000138,169,468,-299
123000139,539,196,343
123000140,145,827,-682
123000141,734,112,622
123000142,1099,1128,-29
123000143,2577,3131,-554
123000144,40,27,13
123000145,274,135,139
123000146,74,85,-11
123000147,140,139,1
123000149,457,396,61
123000150,388,289,99
123000151,294,542,-248
123000152,111,416,-305
123000153,231,725,-494
123000154,2241,2735,-494
123000155,2720,864,1856
123000156,74,126,-52
123000157,763,902,-139
123000158,672,968,-296
123000159,5248,2570,2678
123000160,1002,850,152
123000161,1426,1392,34
123000162,614,1741,-1127
123000163,385,67,318
123000164,1179,298,881
123000165,491,2143,-1652
123000166,40,232,-192
123000167,146,389,-243
123000168,160,374,-214
123000169,737,174,563
123000170,80,487,-407
123000171,371,125,246
123000172,216,773,-557
123000173,694,228,466
123000174,974,306,668
123000175,1029,1455,-426
123000176,912,224,688
123000177,321,1126,-805
123000178,837,146,691
123000179,33,954,-921
123000180,1193,374,819
123000181,424,2025,-1601
123000182,223,461,-238
123000183,143,472,-329
123000184,86,790,-704
123000185,470,583,-113
123000186,256,789,-533
123000187,368,9,359
123000188,324,66,258
123000189,93,304,-211
123000190,19,320,-301
123000192,40,355,-315
123000193,184,791,-607
123000194,552,452,100
123000195,349,57,292
123000196,200,151,49
123000197,126,123,3
123000198,52,174,-122
123000199,43,652,-609
123000200,383,85,298
123000201,584,84,500
123000202,41,1377,-1336
123000203,732,113,619
123000204,101,1236,-1135
123000205,624,2284,-1660
123000206,1554,249,1305
123000207,112,1087,-975
123000208,477,112,365
123000209,2131,458,1673
123000210,476,1864,-1388
123000211,627,3114,-2487
123000212,2559,462,2097
123000213,637,114,523
123000215,138,185,-47
123000216,158,1065,-907
123000217,216,45,171
123000218,135,507,-372
123000219,1146,116,1030
123000220,630,123,507
123000221,196,141,55
123000222,487,530,-43
123000223,162,795,-633
123000224,407,812,-405
123000225,223,123,100
123000226,33,355,-322
123000227,62,383,-321
123000228,217,50,167
123000229,1678,2074,-396
123000232,109,877,-768
123000233,730,206,524
123000234,253,859,-606
123000235,688,361,327
123000236,235,1017,-782
123000237,278,68,210
123000238,82,728,-646
123000239,587,2021,-1434
123000240,69,455,-386
123000241,1550,153,1397
123000242,73,194,-121
123000243,880,1011,-131
123000244,1066,572,494
123000245,79,176,-97
123000249,561,1338,-777
123000252,989,226,763
123000253,806,466,340
123000254,483,1115,-632
123000255,989,804,185
123000256,52,325,-273
123000257,4074,3127,947
123000258,920,1371,-451
123000259,287,488,-201
123000260,398,629,-231
123000261,132,211,-79
123000262,140,350,-210
123000263,373,118,255
123000264,226,59,167
123000265,50,218,-168
123000266,508,829,-321
123000267,308,298,10
123000268,47,61,-14
123000269,26,73,-47
123000270,32,54,-22
123000271,111,70,41
123000272,866,377,489
123000273,411,579,-168
123000274,1226,612,614
123000275,355,1288,-933
123000278,4356,3031,1325
123000279,98,159,-61
123000280,387,357,30
123000281,384,115,269
123000282,218,351,-133
123000283,96,83,13
123000284,54,167,-113
123000286,299,272,27
123000287,746,312,434
123000288,1599,670,929
123000289,821,978,-157
123000291,424,872,-448
123000294,486,293,193
123000295,919,855,64
123000296,414,333,81
123000297,503,1188,-685
123000298,378,720,-342
123000299,170,595,-425
123000300,1011,1046,-35
123000301,163,251,-88
123000302,59,285,-226
123000303,244,77,167
123000305,1317,1027,290
123000306,81,225,-144
123000309,75,89,-14
123000310,72,50,22
123000311,46,268,-222
123000312,1546,1203,343
123000313,398,698,-300
123000315,51,438,-387
123000316,356,42,314
123000317,351,61,290
123000318,55,406,-351
123000329,10,17,-7
123000337,358,358,0
123000338,661,63,598
123000339,166,247,-81
123000340,170,658,-488
123000342,47,235,-188
123000343,126,0,126
123000344,1413,568,845
123000345,359,641,-282
123000346,353,97,256
123000352,2594,914,1680
123000353,18,221,-203
123000354,1302,23,1279
123000355,2,1598,-1596
123000356,262,11,251
123000357,1,278,-277
123000359,10,219,-209
123000360,190,138,52
123000361,905,335,570
123000362,303,134,169
123000363,68,226,-158
123000364,688,490,198
123000365,30,379,-349
123000366,335,1905,-1570
123000367,346,1501,-1155
123000370,46,352,-306
123000371,157,30,127
123000372,170,43,127
123000373,17,475,-458
123000374,23,247,-224
123000375,170,58,112
123000376,1000,857,143
123000377,234,16,218
123000378,14,459,-445
123000379,7,305,-298
123000380,105,273,-168
123000381,286,53,233
123000382,1289,124,1165
123000383,438,1113,-675
123000384,692,90,602
123000385,586,933,-347
123000436,12,1406,-1394
123000507,162,636,-474
123000508,200,693,-493
123000517,321,31,290
123000518,42,329,-287
123000519,142,93,49
123000520,60,312,-252
123000521,317,131,186
123000522,138,579,-441
123000541,2,5,-3
123000542,0,65,-65
123000565,453,41,412
123000566,141,973,-832
123000567,123,346,-223
123000573,56,1119,-1063
123000574,536,86,450
123000575,1365,1409,-44
123000576,602,2652,-2050
123000577,186,1059,-873
123000578,985,90,895
123000579,5283,5319,-36
123000580,70,16,54
123000582,360,28,332
123000583,8,459,-451
123000584,208,334,-126
123000585,0,129,-129
123000586,80,0,80
123000596,213,185,28
123000597,71,169,-98
123000602,25,13,12
123000603,337,1111,-774
123000604,600,1379,-779
123000605,109,1,108
123000606,0,34,-34
123000609,20,357,-337
123000610,157,141,16
123000613,60,261,-201
123000614,108,130,-22
123000615,86,408,-322
123000616,335,111,224
123000617,135,551,-416
123000618,99,642,-543
123000619,608,71,537
123000620,23,637,-614
123000622,269,24,245
123000624,99,260,-161
123000630,735,553,182
123000631,293,2873,-2580
123000632,1568,1371,197
123000633,0,57,-57
123000634,152,69,83
123000635,301,132,169
123000636,27,684,-657
123000637,208,28,180
123000638,587,92,495
123000639,1194,3300,-2106
123000640,28,1173,-1145
123000648,563,87,476
123000649,62,762,-700
123000650,225,99,126
123000651,34,191,-157
123000652,277,163,114
123000653,79,742,-663
123000654,529,198,331
123000655,66,530,-464
123000656,159,68,91
123000657,6,209,-203
123000658,117,21,96
123000659,56,1753,-1697
123000660,2364,83,2281
123000661,2827,88,2739
123900001,1555,63,1492
123900002,39,1383,-1344
123900003,453,711,-258
123900005,304,114,190
123900006,540,60,480
124000001,1505,61,1444
124000002,2,735,-733
124000003,497,119,378
124000004,61,777,-716
124000005,660,257,403
124000006,287,1454,-1167
124000007,660,96,564
124000008,33,753,-720
124000009,540,347,193
124000010,151,772,-621
124000011,1528,335,1193
124000012,509,801,-292
124000017,130,112,18
124000018,102,108,-6
124000019,110,97,13
124000020,60,164,-104
124000021,130,62,68
124000022,126,219,-93
124000023,1143,236,907
124000024,1221,759,462
124000025,808,564,244
124000026,796,630,166
124000027,1223,768,455
124000028,2877,1181,1696
124000031,1453,1993,-540
124000032,5808,1837,3971
124000033,990,734,256
124000034,1554,1530,24
124000035,280,135,145
124000036,142,757,-615
124000037,425,787,-362
124000038,39,96,-57
124000039,1224,337,887
124000040,622,789,-167
124000041,293,155,138
124000042,74,486,-412
124000043,143,170,-27
124000044,56,311,-255
124000045,627,698,-71
124000046,241,1012,-771
124000047,1090,1197,-107
124000048,886,2244,-1358
124000049,1428,762,666
124000050,693,2775,-2082
124000051,646,614,32
124000052,573,1464,-891
124000053,507,1333,-826
124000054,951,780,171
124000055,1285,2055,-770
124000056,5097,1543,3554
124000057,893,530,363
124000058,487,1755,-1268
124000059,485,922,-437
124000060,1160,1091,69
124000061,1373,4265,-2892
124000062,9135,2256,6879
124000063,1382,2580,-1198
124000064,3587,2170,1417
124000065,285,248,37
124000066,294,42,252
124000067,144,196,-52
124000068,142,146,-4
124000069,437,243,194
124000070,147,482,-335
124000071,70,67,3
124000072,77,237,-160
124000073,524,126,398
124000074,236,645,-409
124000075,203,62,141
124000076,16,226,-210
124000077,1894,671,1223
124000078,2240,1005,1235
124000079,683,953,-270
124000080,240,126,114
124000081,125,819,-694
124000082,57,164,-107
124000083,69,241,-172
124000084,130,353,-223
124000085,99,84,15
124000086,112,100,12
124000087,161,118,43
124000088,286,362,-76
124000089,700,421,279
124000090,157,457,-300
124000091,1191,229,962
124000092,333,866,-533
124000093,101,125,-24
124000094,148,582,-434
124000095,48,99,-51
124000096,84,301,-217
124000097,98,137,-39
124000098,78,204,-126
124000099,155,125,30
124000100,95,103,-8
124000101,70,129,-59
124000102,146,143,3
124000103,71,134,-63
124000104,280,166,114
124000105,81,73,8
124000106,260,137,123
124000107,20,165,-145
124000108,98,84,14
124000109,115,87,28
124000110,280,219,61
124000111,242,163,79
124000112,631,1097,-466
124000113,69,59,10
124000114,279,842,-563
124000115,409,1052,-643
124000116,101,117,-16
124000117,150,153,-3
124000118,42,88,-46
124000119,2444,780,1664
124000120,1214,692,522
124000121,3258,942,2316
124000122,596,1396,-800
124000123,883,478,405
124000124,634,1340,-706
124000125,309,409,-100
124000126,344,685,-341
124000127,641,440,201
124000128,582,1111,-529
124000129,1988,1557,431
124000130,841,732,109
124000131,1301,506,795
124000132,1099,885,214
124000133,942,906,36
124000134,893,1085,-192
124000135,1501,1732,-231
124000136,1068,1278,-210
124000137,1356,599,757
124000138,1656,1234,422
124000139,989,66,923
124000140,129,761,-632
124000141,621,19,602
124000142,70,989,-919
124000143,85,14,71
124000144,4,258,-254
124000145,47,40,7
124000146,16,146,-130
124000148,24,70,-46
124000149,835,391,444
124000150,395,643,-248
124000151,510,222,288
124000152,661,1363,-702
124000153,527,766,-239
124000154,547,1043,-496
124000155,979,902,77
124000156,1748,1099,649
124000169,348,821,-473
124000170,1038,507,531
124000171,391,420,-29
124000172,615,678,-63
124000173,412,407,5
124000174,424,896,-472
124000175,21,126,-105
124000176,70,18,52
124000177,10,36,-26
124000178,44,42,2
124000185,49,14,35
124000186,7,142,-135
124000187,10,197,-187
124000188,38,12,26
124000190,312,36,276
124000191,1567,133,1434
124000192,2638,353,2285
124000193,689,1006,-317
124000194,437,596,-159
124000195,280,498,-218
124000196,1674,1325,349
124000197,97,68,29
124000198,18,38,-20
124000201,429,1379,-950
124000202,546,179,367
124000203,90,1118,-1028
124000204,381,258,123
124000205,30,687,-657
124000206,334,415,-81
124000207,0,55,-55
124000209,197,472,-275
124000210,244,178,66
124000211,305,1,304
124000212,2,642,-640
124000213,188,437,-249
124000214,175,729,-554
124000215,424,38,386
124000216,4,702,-698
124000329,134,2721,-2587
124000338,45,1255,-1210
124000339,428,100,328
124000341,865,78,787
124000344,124,98,26
124000357,1563,4345,-2782
124000358,1776,3037,-1261
124000359,1057,916,141
124000360,585,805,-220
124000361,2152,717,1435
124000362,1766,1765,1
124000363,342,620,-278
124000364,818,1190,-372
124000365,912,1291,-379
124000366,2914,1685,1229
124000367,172,735,-563
124000368,381,289,92
124000369,185,213,-28
124000370,61,584,-523
124000402,47,11,36
124000403,55,11,44
124000404,10,159,-149
124000405,696,704,-8
124000406,888,963,-75
124000407,8,49,-41
124000411,34,412,-378
124000412,277,19,258
124000413,945,35,910
124000414,77,169,-92
124000415,47,247,-200
124000416,152,417,-265
124000417,151,119,32
124000418,84,132,-48
124000419,62,244,-182
124000420,41,120,-79
124000421,38,388,-350
124000422,68,35,33
124000423,184,35,149
124000424,6,161,-155
124000425,92,41,51
124000426,4,253,-249
124000427,115,16,99
124000428,70,26,44
124000429,13,80,-67
124000430,674,636,38
124000431,471,673,-202
124000432,176,1160,-984
124000439,26,19,7
124000443,0,99,-99
124000445,462,904,-442
124000446,3827,138,3689
124000447,17,208,-191
124000448,51,21,30
124000449,134,9,125
124000450,14,634,-620
124000451,7,382,-375
124000452,548,90,458
124000453,2503,4241,-1738
124000454,3932,5072,-1140
124000455,8,1596,-1588
124000456,497,12,485
124000457,16,1002,-986
124000458,6,521,-515
124000459,203,13,190
124000460,5,397,-392
124900001,444,274,170
124900002,161,531,-370
124900003,584,333,251
124900004,432,536,-104
124900005,225,248,-23
124900006,423,412,11
124900008,1436,729,707
124900009,122,217,-95
124900010,72,50,22
124900011,294,299,-5
124900012,344,154,190
124900013,533,250,283
124900014,327,150,177
124900015,141,207,-66
124900016,47,66,-19
124900017,827,925,-98
124900018,246,25,221
124900020,63,70,-7
124900021,117,42,75
124900022,98,5,93
124900024,209,39,170
124900026,79,1,78
124900027,115,271,-156
124900028,590,150,440
124900030,9,165,-156
124900031,33,416,-383
124900033,82,328,-246
124900035,184,426,-242
124900036,5,61,-56
124900037,153,429,-276
124900038,234,440,-206
124900039,6,37,-31
124900040,53,67,-14
124900041,294,1413,-1119
124900042,84,36,48
124900043,201,803,-602
124900044,118,0,118
124900045,703,760,-57
124900047,120,194,-74
124900050,434,729,-295
124900052,142,324,-182
124900053,110,593,-483
124900054,5069,618,4451
124900055,3,148,-145
124900057,24,820,-796
124900060,59,262,-203
124900061,132,35,97
124900062,67,8,59
124900066,0,16,-16
124900067,26,653,-627
124900068,155,366,-211
124900070,36,43,-7
124900072,215,100,115
124900075,196,637,-441
124900076,141,866,-725
124900077,91,205,-114
124900078,104,9,95
124900080,322,1019,-697
124900081,932,404,528
124900082,415,1285,-870
124900083,401,986,-585
124900085,1231,190,1041
124900086,49,918,-869
124900087,502,67,435
124900088,440,78,362
124900089,2156,236,1920
124900090,200,230,-30
124900091,268,604,-336
124900092,247,493,-246
124900093,246,195,51
124900094,255,276,-21
124900095,60,319,-259
124900096,511,176,335
124900097,234,75,159
124900098,72,480,-408
124900099,556,414,142
124900100,190,81,109
124900101,61,267,-206
124900102,151,36,115
124900103,125,441,-316
124900104,62,314,-252
124900105,53,170,-117
124900106,315,37,278
124900107,52,16,36
124900108,775,162,613
124900111,6,421,-415
124900112,85,663,-578
124900113,120,242,-122
124900114,256,96,160
124900115,54,19,35
124900116,133,105,28
124900117,976,105,871
124900118,179,201,-22
124900119,281,146,135
124900120,92,399,-307
124900121,228,202,26
124900122,301,382,-81
124900123,672,300,372
124900124,608,505,103
124900125,325,5,320
124900126,11,1119,-1108
204000001,61,21,40
204000002,49,25,24
204000003,38,5,33
204000004,5,2,3
204000005,719,926,-207
204000006,1370,2829,-1459
204000011,12,69,-57
204000012,39,133,-94
204000019,628,682,-54
204000020,693,984,-291
204000021,2365,1080,1285
204000022,531,613,-82
204000023,499,1445,-946
204000031,163,43,120
204000032,938,76,862
204000034,43,267,-224
204000035,10,2,8
204000036,15,28,-13
204000037,11,14,-3
204000038,0,14,-14
204000039,7,39,-32
204000040,4,41,-37
204000041,17,27,-10
204000042,51,26,25
204000043,17,3,14
204000044,36,3,33
204000045,43,2,41
204000046,5,6,-1
204000057,7,25,-18
204000062,56,150,-94
204000068,227,330,-103
204000069,48,353,-305
204000070,77,175,-98
204000080,28,46,-18
204000085,1971,2107,-136
204000086,4056,2850,1206
204000087,60,30,30
204000088,9,133,-124
204000090,175,433,-258
204000093,256,227,29
204000096,1004,1344,-340
204000097,232,286,-54
204000099,866,2103,-1237
204000100,1106,2224,-1118
204000105,2539,2020,519
204000110,759,1504,-745
204000111,554,1066,-512
204000112,1177,1141,36
204000113,691,1139,-448
204000114,691,753,-62
204000115,742,474,268
204000116,1051,745,306
204000119,1962,3324,-1362
204000132,532,361,171
204000133,783,429,354
204000134,195,201,-6
204000135,613,162,451
204000136,421,348,73
204000138,461,522,-61
204000140,223,192,31
204000141,160,114,46
204000144,12,37,-25
204000145,539,62,477
204000146,15,396,-381
204000147,439,210,229
204000148,540,104,436
204000154,8,8,0
204000155,1,5,-4
204000177,75,94,-19
204000179,4,0,4
204000180,0,5,-5
204000222,0,4,-4
204000235,36,24,12
204000236,100,496,-396
204000238,14,193,-179
204000240,432,94,338
204000263,896,1648,-752
204000268,1220,1185,35
204000308,211,147,64
204000317,67,105,-38
204000322,23,70,-47
204000323,18,79,-61
204000328,268,315,-47
204000329,210,236,-26
204000330,393,383,10
204000331,296,153,143
204000352,123,1,122
205000001,1209,1947,-738
205000013,22,99,-77
205000014,13,96,-83
205000015,56,227,-171
205000016,29,198,-169
205000017,42,86,-44
205000022,433,912,-479
205000025,2258,1335,923
205000029,234,8,226
205000045,204,327,-123
205000046,86,864,-778
205000047,55,690,-635
205000048,333,1816,-1483
205000049,161,1155,-994
205000050,1806,454,1352
205000059,0,279,-279
205000060,1,85,-84
205000061,6,59,-53
205000062,3,52,-49
205000063,25,318,-293
205000064,11,237,-226
205000065,67,720,-653
205000066,108,1138,-1030
205000067,49,1406,-1357
205000069,155,24,131
205000082,161,579,-418
205000110,124,374,-250
205000111,268,396,-128
205000112,134,226,-92
205000113,246,301,-55
205000121,291,251,40
205000123,80,246,-166
205000126,513,427,86
205000127,750,643,107
205000128,740,424,316
205000129,914,416,498
205000130,1347,134,1213
205000131,1345,45,1300
205000132,2081,6,2075
205000133,1841,3,1838
205000134,568,0,568
205000137,72,154,-82
205000138,247,356,-109
205000139,38,121,-83
205000144,82,126,-44
205000145,227,485,-258
205000151,162,173,-11
205000152,159,112,47
205000153,213,184,29
205000154,54,220,-166
205000155,249,79,170
205000207,8,168,-160
205000233,94,0,94
205000234,0,3,-3
205000243,2,0,2
205000244,0,1,-1
205000245,30,391,-361
205000249,0,35,-35
205000250,9,1,8
205000264,20,110,-90
206000027,3,8,-5
206000028,3,4,-1
206000043,13,117,-104
206000053,4,16,-12
206000054,4,33,-29
206000055,2,38,-36
206000075,9,3,6
206000076,21,11,10
206000077,6,3,3
206000078,15,8,7
206000079,13,12,1
206000082,481,43,438
206000100,134,709,-575
206000103,6,20,-14
206000104,30,22,8
206000105,14,18,-4
206000106,23,40,-17
206000125,36,0,36
206000157,98,652,-554
206000170,1,151,-150
206000171,3,201,-198
206000172,10,1009,-999
206000173,2,303,-301
206000174,10,91,-81
206000175,3,176,-173
206000176,19,332,-313
206000177,4,194,-190
206000178,16,134,-118
206000179,26,93,-67
206000180,27,149,-122
206000181,8,295,-287
206000182,19,267,-248
206000183,38,912,-874
206000184,3,396,-393
206000185,9,287,-278
206000186,117,1617,-1500
206000223,9,216,-207
206000226,4,3,1
206000227,13,2,11
206000237,27,438,-411
206000238,44,629,-585
206000239,579,2088,-1509
206000240,2,56,-54
206000241,0,139,-139
206000242,20,345,-325
206000243,17,342,-325
206000244,115,841,-726
206000245,495,74,421
206000246,79,16,63
206000247,72,17,55
206000248,436,27,409
206000252,78,26,52
206000258,41,28,13
206000315,27,7,20
206000317,482,106,376
206000318,228,63,165
206000319,580,131,449
206000320,50,40,10
206000321,42,8,34
206000322,197,13,184
206000323,74,7,67
206000324,61,11,50
206000325,133,16,117
206000326,301,18,283
206000327,482,12,470
206000328,53,3,50
206000329,138,13,125
206000330,26,3,23
206000331,72,4,68
206000332,11,14,-3
206000333,300,2,298
206000334,130,4,126
206000335,1,10,-9
206000361,9,250,-241
206000392,2,33,-31
206000405,177,0,177
206000441,9,24,-15
206000498,46,1,45
206000515,115,41,74
206000530,93,75,18
206000531,250,170,80
206000532,2792,276,2516
206000535,345,2648,-2303
206000536,19,246,-227
206000537,22,193,-171
206000613,1459,285,1174
206000784,457,39,418
207000001,243,601,-358
207000002,143,369,-226
207000003,200,205,-5
207000007,678,303,375
207000008,58,14,44
207000009,71,52,19
207000010,544,596,-52
207000012,274,317,-43
207000015,359,1811,-1452
207000019,392,99,293
207000021,669,219,450
207000022,147,158,-11
207000023,205,73,132
207000024,12,20,-8
207000025,27,114,-87
207000026,178,56,122
207000027,28,83,-55
207000028,71,245,-174
207000029,287,482,-195
207000033,241,344,-103
207000034,284,123,161
207000039,258,198,60
207000040,156,218,-62
207000041,39,38,1
207000042,249,122,127
207000043,286,207,79
207000051,119,277,-158
207000052,16,224,-208
207000053,441,738,-297
207000054,57,195,-138
207000055,181,204,-23
207000056,361,448,-87
207000057,145,378,-233
207000058,190,562,-372
207000059,111,967,-856
207000060,81,378,-297
207000061,294,303,-9
207000062,220,60,160
207000063,237,172,65
207000064,407,227,180
207000065,263,269,-6
207000066,182,272,-90
207000067,77,182,-105
207000068,138,121,17
207000069,733,457,276
207000082,24,391,-367
207000083,69,408,-339
207000084,177,283,-106
207000085,192,19,173
207000086,141,4,137
207000106,21,23,-2
207000107,52,12,40
207000108,67,4,63
207000109,59,9,50
207000110,60,95,-35
207000111,54,73,-19
207000112,330,498,-168
207000114,23,40,-17
207000115,15,80,-65
207000116,12,336,-324
207000117,14,111,-97
207000118,2,107,-105
207000119,29,106,-77
207000123,177,30,147
207000124,59,25,34
207000125,65,40,25
207000126,65,78,-13
207000134,58,239,-181
207000135,22,329,-307
207000148,51,203,-152
207000149,86,35,51
207000152,221,438,-217
207000153,1066,1206,-140
207000154,507,214,293
207000159,93,297,-204
207000160,169,701,-532
207000238,2,202,-200
207000242,3,251,-248
207000248,39,29,10
207000249,211,42,169
207000250,1252,78,1174
207000251,167,85,82
207000252,100,63,37
207000278,70,100,-30
207000279,35,194,-159
207000280,325,105,220
207000281,97,1627,-1530
207000282,222,55,167
207000283,120,320,-200
207000284,95,141,-46
207000285,185,34,151
207000291,17,124,-107
207000304,163,104,59
207000306,74,553,-479
207000310,50,70,-20
207000353,322,7,315
207000356,15,36,-21
207000357,53,5,48
207000358,17,20,-3
207000415,3,299,-296
207000416,132,294,-162
207000417,43,3,40
207000418,110,171,-61
207000438,0,4,-4
207000439,1130,582,548
207000446,178,8,170
207000460,8,20,-12
207000466,161,109,52
207000467,191,157,34
207000468,55,494,-439
207000476,2,102,-100
207000477,372,185,187
207000478,1,43,-42
207000523,0,11,-11
207000524,87,0,87
207000527,137,236,-99
207000530,221,16,205
207000531,220,6,214
207000532,58,12,46
207000534,791,49,742
207000535,68,298,-230
207000537,30,149,-119
207000540,10,299,-289
207000541,1,367,-366
207000548,10,444,-434
207000549,242,10,232
207000561,115,139,-24
207000562,52,241,-189
207000567,210,284,-74
207000568,99,144,-45
207000569,289,1295,-1006
207000584,457,205,252
207000585,91,270,-179
207000587,83,37,46
207000616,0,232,-232
207000617,137,0,137
207000624,61,39,22
207000631,11,80,-69
208000001,644,1110,-466
208000002,876,816,60
208000003,1442,997,445
208000004,1943,1270,673
208000005,32,31,1
208000019,505,1171,-666
208000020,191,648,-457
208000021,183,464,-281
208000022,780,921,-141
208000028,1257,873,384
208000033,480,974,-494
208000034,1308,2024,-716
208000037,593,77,516
208000040,108,202,-94
208000041,765,562,203
208000042,1066,697,369
208000047,178,702,-524
208000064,2925,2377,548
208000066,1830,2427,-597
208000070,350,570,-220
208000071,515,1225,-710
208000072,433,1796,-1363
208000080,188,651,-463
208000081,303,309,-6
208000082,325,469,-144
208000083,172,507,-335
208000084,136,22,114
208000085,1697,719,978
208000086,854,1141,-287
208000087,463,964,-501
208000089,1050,880,170
208000090,852,1339,-487
208000093,133,163,-30
208000094,915,1213,-298
208000095,533,276,257
208000104,1016,1575,-559
208000105,681,1544,-863
208000114,151,368,-217
208000115,541,407,134
208000116,489,1126,-637
208000117,85,203,-118
208000118,103,171,-68
208000155,956,1189,-233
208000158,1634,3311,-1677
208000186,3921,4489,-568
208000204,806,1692,-886
208000205,1327,2104,-777
208000282,5514,2687,2827
209000004,169,283,-114
209000005,51,62,-11
209000006,850,161,689
209000007,645,348,297
209000010,958,228,730
209000011,276,350,-74
209000012,173,325,-152
209000013,249,693,-444
209000014,677,1606,-929
209000025,397,66,331
209000026,779,167,612
209000027,524,1514,-990
209000028,544,1161,-617
209000029,2128,1197,931
209000030,1210,2212,-1002
209000031,5497,3557,1940
209000034,182,363,-181
209000035,154,253,-99
209000036,285,234,51
209000037,221,429,-208
209000038,95,307,-212
209000039,80,226,-146
209000040,226,405,-179
209000041,242,544,-302
209000042,233,505,-272
209000043,640,846,-206
209000044,452,1117,-665
209000045,1688,484,1204
209000046,501,522,-21
209000047,473,238,235
209000048,956,226,730
209000049,89,145,-56
209000050,230,289,-59
209000051,374,522,-148
209000052,276,519,-243
209000062,50,176,-126
209000063,76,187,-111
209000064,38,182,-144
209000065,51,69,-18
209000066,67,57,10
209000067,85,133,-48
209000080,35,351,-316
209000082,80,73,7
209000091,66,136,-70
209000093,110,42,68
209000094,270,210,60
209000110,67,117,-50
209000111,428,2101,-1673
209000112,1006,902,104
209000113,3859,825,3034
209000114,410,598,-188
209000115,115,249,-134
209000116,1075,757,318
209000118,110,45,65
209000119,120,19,101
209000121,237,945,-708
209000135,104,181,-77
209000142,979,3040,-2061
209000143,323,195,128
209000144,185,114,71
209000229,219,163,56
209000240,81,592,-511
209000259,139,133,6
209000260,43,1037,-994
209000261,2,630,-628
209000262,2,602,-600
209000263,1,151,-150
209000264,0,52,-52
209000265,271,2,269
209000266,47,2,45
209000267,502,6,496
209000268,613,27,586
210000037,91,30,61
210000047,79,48,31
210000048,78,46,32
210000049,70,42,28
210000052,29,134,-105
210000053,21,83,-62
210000054,71,111,-40
210000070,85,3,82
210000071,41,0,41
210000072,11,0,11
210000073,0,41,-41
210000074,0,164,-164
210000075,3,78,-75
210000076,14,156,-142
210000077,88,65,23
210000078,67,26,41
210000079,171,11,160
210000080,500,57,443
210000081,255,10,245
210000082,179,2,177
210000083,112,1,111
210000084,31,0,31
210000085,2,120,-118
210000086,2,164,-162
210000099,34,414,-380
210000100,79,364,-285
210000101,74,494,-420
210000105,43,441,-398
210000159,1,232,-231
210000163,171,317,-146
210000164,308,165,143
210000168,294,29,265
210000187,0,17,-17
210000188,0,36,-36
210000214,18,0,18
210000219,26,47,-21
210000220,61,94,-33
210000232,3,21,-18
210000233,29,82,-53
210000234,30,207,-177
210000235,28,195,-167
210000245,1,80,-79
210000246,51,1,50
210000258,20,108,-88
210000259,269,37,232
210000282,87,377,-290
210000285,1,120,-119
210000286,17,193,-176
210000290,5,5,0
210000295,81,290,-209
210000296,124,98,26
210000320,143,116,27
210000321,96,83,13
210000338,250,103,147
210000339,521,1725,-1204
210000340,178,719,-541
210000341,291,526,-235
210000342,253,371,-118
210000343,279,265,14
210000344,899,205,694
210000345,357,500,-143
210000346,143,192,-49
210000347,498,41,457
210000348,261,19,242
210000349,483,36,447
210000350,116,79,37
210000351,132,131,1
210000352,55,200,-145
210000353,58,201,-143
210000354,42,207,-165
210000355,124,195,-71
210000356,222,106,116
210000357,178,109,69
210000358,779,195,584
210000359,400,124,276
210000360,243,176,67
210000361,225,200,25
210000362,230,262,-32
210000363,1035,194,841
210000364,205,133,72
210000365,157,93,64
210000366,133,93,40
210000367,91,45,46
210000368,182,48,134
210000369,68,28,40
210000370,168,64,104
210000372,121,46,75
210000373,260,41,219
210000374,165,13,152
210000375,34,150,-116
210000376,183,310,-127
210000404,106,302,-196
210000439,29,70,-41
210000472,179,10,169
210000482,94,79,15
210000564,604,237,367
210000567,0,39,-39
210000568,689,2,687
211000092,29,80,-51
211000094,35,11,24
211000169,353,9,344
211000172,14,302,-288
211000209,3,23,-20
211000226,9,42,-33
211000270,15,19,-4
211000275,21,30,-9
211000276,62,24,38
211000279,3,51,-48
211000281,26,51,-25
211000302,33,93,-60
211507980,1,32,-31
211977296,79,3,76
212000003,288,134,154
212000004,234,41,193
212000005,45,42,3
212000006,73,125,-52
212000008,143,287,-144
212000009,28,188,-160
212000012,60,119,-59
212000013,25,62,-37
212000014,302,163,139
212000015,281,293,-12
212000016,461,582,-121
212000027,506,876,-370
212000028,288,682,-394
212000029,192,443,-251
212000030,25,75,-50
212000031,76,130,-54
212000048,54,143,-89
212000049,21,127,-106
212000050,37,11,26
212000051,166,223,-57
212000052,147,453,-306
212000053,321,663,-342
212000054,176,250,-74
212000055,130,450,-320
212000056,22,83,-61
212000057,12,49,-37
212000058,635,57,578
212000070,125,309,-184
212000077,119,1004,-885
212000099,210,466,-256
212000108,514,343,171
212000111,213,166,47
212000120,241,154,87
212000138,345,38,307
212000156,7,150,-143
212000158,6,22,-16
212000159,227,74,153
212000160,463,453,10
212000161,88,13,75
212000310,25,22,3
212000311,14,112,-98
212000374,37,10,27
213000001,65,583,-518
213000005,433,186,247
213000006,1158,227,931
213000007,307,18,289
213000009,681,431,250
213000010,203,266,-63
213000011,349,147,202
213000012,193,395,-202
213000014,57,12,45
213000015,141,4,137
213000016,208,1,207
213000017,53,0,53
213000018,1,257,-256
213000019,0,173,-173
213000020,118,360,-242
213000021,10,123,-113
213000023,193,223,-30
213000033,249,1409,-1160
213000034,566,305,261
213000035,99,429,-330
213000045,85,277,-192
213000046,190,217,-27
213000047,589,1007,-418
213000056,74,73,1
213000069,29,0,29
213000073,0,26,-26
213000074,84,474,-390
213000075,519,5,514
213000076,51,2,49
213000085,5,29,-24
213000086,13,287,-274
213000091,111,3,108
213000092,25,9,16
213000099,213,993,-780
213000100,1444,350,1094
213000101,198,152,46
213000102,266,325,-59
213000103,929,860,69
213000104,74,406,-332
213000105,4,90,-86
213000106,29,183,-154
213000107,177,858,-681
213000108,28,636,-608
213000109,7,240,-233
213000110,5,91,-86
213000111,14,98,-84
213000112,179,122,57
213000115,27,5,22
213000116,70,850,-780
213000117,8,1235,-1227
213000118,270,360,-90
213000119,74,1206,-1132
213000120,110,1110,-1000
213000122,414,913,-499
213000123,930,1542,-612
213000124,101,1350,-1249
213000125,159,10,149
213000126,55,111,-56
213000127,161,135,26
213000128,675,851,-176
213000129,377,641,-264
213000130,236,397,-161
213000132,160,144,16
213000133,233,167,66
213000134,906,28,878
213000136,282,34,248
213000137,475,159,316
213000139,495,40,455
213000147,172,7,165
213000148,97,8,89
213000149,200,5,195
213000150,1,107,-106
213000151,5,84,-79
213000152,0,72,-72
213000153,2,27,-25
213000154,22,437,-415
213000155,37,405,-368
213000156,78,1221,-1143
213000157,1225,558,667
213000158,236,689,-453
213000159,264,952,-688
213000163,357,110,247
213000165,392,284,108
213000171,40,196,-156
213000172,30,373,-343
213000173,4,147,-143
213000174,0,12,-12
213000175,18,50,-32
213000176,5,168,-163
213000177,4,29,-25
213000178,15,4,11
213000179,110,34,76
213000180,108,72,36
213000182,163,6,157
213000184,100,644,-544
213000188,340,99,241
213000189,244,51,193
213000190,778,1205,-427
213000191,249,742,-493
213000192,126,841,-715
213000193,2616,196,2420
213000194,2,31,-29
213000195,14,678,-664
213000196,276,1155,-879
213000197,227,1214,-987
213000198,75,1,74
213000200,123,1234,-1111
213000201,104,53,51
213000202,6,1203,-1197
213000203,4714,801,3913
213000204,599,157,442
213000205,130,209,-79
213000206,549,171,378
213000207,222,26,196
213000208,230,1,229
213000209,365,1,364
213000210,944,16,928
213000211,85,39,46
213000212,79,10,69
213000213,62,26,36
213000218,2034,3067,-1033
213000219,406,22,384
213000220,607,5,602
213000223,394,252,142
213000224,86,56,30
213000225,63,17,46
213000226,53,37,16
213000227,754,404,350
213000228,203,146,57
213000229,508,48,460
213000230,450,103,347
213000232,76,941,-865
213000233,14,22,-8
213000234,4,48,-44
213000293,54,69,-15
213000294,289,8,281
213000295,84,134,-50
213000296,64,35,29
213000297,9,165,-156
213000298,23,114,-91
213000299,69,63,6
213000300,25,14,11
213000303,3,38,-35
213000304,5,14,-9
213000305,2,14,-12
213000306,337,40,297
213000307,962,70,892
213000308,141,310,-169
213000309,188,47,141
213000310,144,83,61
213000311,258,742,-484
213000315,98,168,-70
213000316,109,53,56
213000322,27,48,-21
213000323,16,34,-18
213000340,132,1095,-963
213000341,345,175,170
213000346,243,102,141
213000347,905,220,685
213000348,4,109,-105
213000349,11,5,6
213000350,307,1655,-1348
213000366,78,540,-462
213000367,156,48,108
213000379,68,95,-27
213000386,20,243,-223
213000406,116,396,-280
213000417,1358,552,806
213000425,49,31,18
213000426,76,68,8
213000427,28,315,-287
213000428,30,166,-136
213000429,9,5,4
213000430,92,801,-709
213000431,44,1,43
213000432,2,24,-22
213000433,10,181,-171
213000434,58,136,-78
213000435,38,106,-68
213000439,98,17,81
213000441,2,0,2
213000443,365,638,-273
213000445,1,155,-154
213000446,0,17,-17
213000447,15,72,-57
213000448,7,76,-69
213000449,154,3,151
213000450,13,41,-28
213000451,167,113,54
213000452,18,40,-22
213000453,68,391,-323
213000455,276,0,276
213000456,0,137,-137
213000481,18,13,5
213000482,81,4,77
213000489,512,302,210
213000491,0,265,-265
213000492,939,6,933
213000493,0,195,-195
213000494,78,101,-23
213000496,150,218,-68
213000497,39,244,-205
213000498,44,192,-148
213000499,105,413,-308
213000500,126,47,79
213000501,47,16,31
213000502,402,48,354
213000503,1,79,-78
213000504,5,152,-147
213000505,11,170,-159
213000506,0,14,-14
213000507,3,118,-115
213900244,14,0,14
213900245,0,27,-27
218000003,60,24,36
218000004,63,29,34
218000005,72,65,7
218000006,138,31,107
218000007,13,22,-9
218000012,590,304,286
218000013,90,157,-67
218000014,445,538,-93
218000019,767,602,165
218000020,340,732,-392
218000040,4,1,3
218000046,53,147,-94
218000047,6,239,-233
218000048,35,242,-207
218000049,90,237,-147
218000050,311,368,-57
218000051,59,432,-373
218000052,0,130,-130
218000053,13,13,0
218000054,14,18,-4
218000055,3,5,-2
218000056,13,40,-27
218000057,4,31,-27
218000064,0,14,-14
218000065,44,56,-12
218000066,10,120,-110
218000067,44,139,-95
218000068,103,112,-9
218000069,144,278,-134
218000070,112,315,-203
218000071,182,262,-80
218000072,250,276,-26
218000078,883,1496,-613
218000079,39,96,-57
218000080,50,73,-23
218000081,240,313,-73
218000082,46,168,-122
218000083,33,68,-35
218000084,116,180,-64
218000085,133,511,-378
218000086,27,235,-208
218000087,153,297,-144
218000090,12,134,-122
218000091,1081,813,268
218000092,80,274,-194
218000093,159,124,35
218000094,591,890,-299
218000099,366,567,-201
218000100,186,322,-136
218000101,253,167,86
218000102,285,399,-114
218000103,64,228,-164
218000104,80,32,48
218000105,86,7,79
218000106,15,16,-1
218000107,47,67,-20
218000108,4,37,-33
218000112,78,9,69
218000117,56,93,-37
218000134,509,992,-483
218000135,65,185,-120
218000136,215,67,148
218000137,231,104,127
218000138,52,88,-36
218000139,174,377,-203
218000140,327,277,50
218000141,118,64,54
218000142,181,144,37
218000143,80,192,-112
218000144,88,70,18
218000145,285,445,-160
218000146,40,171,-131
218000151,49,49,0
218000152,222,63,159
218000170,4,36,-32
218000171,61,15,46
218000172,36,13,23
218000173,37,11,26
218000174,71,3,68
218000176,104,35,69
218000177,285,163,122
218000178,82,187,-105
218000179,86,175,-89
218000180,41,41,0
218000181,162,49,113
218000187,12,17,-5
218000188,63,63,0
218000189,16,52,-36
218000190,0,7,-7
218000191,127,91,36
218000192,149,394,-245
218000193,357,501,-144
218000194,103,512,-409
218000195,92,122,-30
218000196,210,327,-117
218000197,141,393,-252
218000198,10,178,-168
218000199,64,51,13
218000200,110,64,46
218000201,15,10,5
218000202,302,439,-137
218000207,27,74,-47
218000208,100,87,13
218000211,98,11,87
218000213,115,91,24
218000214,9,38,-29
218000215,47,88,-41
218000217,4,176,-172
218000218,167,135,32
218000219,243,69,174
218000220,526,391,135
218000221,3196,276,2920
218000222,117,22,95
218000223,42,312,-270
218000224,15,103,-88
218000225,162,39,123
218000226,94,93,1
218000232,73,141,-68
218000239,109,9,100
218000240,16,0,16
218000241,13,0,13
218000242,44,1,43
218000243,21,1,20
218000244,22,1,21
218000245,19,4,15
218000246,2,1,1
218000247,8,0,8
218000248,1,14,-13
218000249,2,0,2
218000250,9,9,0
218000251,0,17,-17
218000252,0,13,-13
218000253,1,15,-14
218000254,0,6,-6
218000255,3,4,-1
218000256,7,71,-64
218000267,1152,1407,-255
218000268,7,68,-61
218000269,9,23,-14
218000270,80,61,19
218000271,29,92,-63
218000273,4,13,-9
218000274,20,5,15
218000275,15,51,-36
218000276,8,53,-45
218000278,42,46,-4
218000279,35,83,-48
218000280,16,48,-32
218000281,17,13,4
218000282,729,481,248
218000284,159,55,104
218000301,72,115,-43
218000302,82,50,32
218000303,86,68,18
218000316,791,2055,-1264
218000317,832,1894,-1062
218000318,376,1324,-948
218000319,1252,2149,-897
218000320,923,1171,-248
218000338,168,29,139
218000345,240,54,186
218000346,199,256,-57
218000459,32,344,-312
218000490,180,31,149
218000501,82,75,7
218000502,22,137,-115
218000503,71,35,36
218000504,248,34,214
218000505,54,271,-217
218000506,41,347,-306
218000508,1,4,-3
218000510,351,15,336
218000520,122,121,1
218000521,9,98,-89
218000522,0,114,-114
218000523,402,9,393
218000524,50,143,-93
218000525,91,16,75
218000526,32,79,-47
218000529,28,340,-312
218000531,26,26,0
218000532,10,23,-13
218000534,91,34,57
218000537,52,87,-35
218000538,125,97,28
218000540,270,61,209
218000543,163,43,120
218000544,70,113,-43
218000545,40,79,-39
218000546,55,122,-67
218000547,79,123,-44
218000548,116,249,-133
218000549,339,271,68
218000550,197,402,-205
218000551,248,759,-511
218000552,544,52,492
218000553,125,101,24
218000554,139,25,114
218000555,67,61,6
218000556,257,432,-175
218000557,365,286,79
218000558,58,0,58
218000559,0,38,-38
218000560,0,18,-18
218000561,29,0,29
218000562,69,208,-139
218000563,255,17,238
218000564,31,94,-63
218000565,181,32,149
218000566,290,25,265
218000567,0,41,-41
218000568,4,4,0
218000569,21,126,-105
218000570,109,8,101
218000571,0,121,-121
218000572,167,6,161
218000573,14,60,-46
218000574,87,64,23
218000575,130,1,129
218000576,0,69,-69
218000577,297,1,296
218000578,0,88,-88
218000579,43,52,-9
218000581,2,86,-84
218000582,97,1,96
218000583,8,2,6
218000584,0,22,-22
218000585,39,7,32
218000586,4,33,-29
218000587,14,0,14
218000588,0,6,-6
218000589,0,2,-2
218000590,1,0,1
218000591,13,3,10
218000592,9,0,9
218000601,2,1,1
218000602,14,4,10
218000603,0,1,-1
218000604,35,37,-2
218000605,1,45,-44
218000606,190,0,190
218000607,8,54,-46
218000608,82,15,67
218000609,3,50,-47
218000610,107,3,104
218000611,38,1,37
218000612,0,35,-35
218000613,34,0,34
218000614,12,52,-40
218000615,154,1,153
218000616,7,136,-129
218000617,59,0,59
218000618,0,31,-31
218000619,8,33,-25
218000620,1,12,-11
218000621,0,2,-2
218000622,0,9,-9
218000623,103,1,102
218000624,8,23,-15
218000625,11,0,11
218000626,0,3,-3
218000628,112,19,93
218000631,57,42,15
218000632,0,127,-127
218000633,71,2,69
218000634,6,27,-21
218000635,15,14,1
218000636,697,2010,-1313
218000637,587,963,-376
218000638,96,113,-17
218000639,15,168,-153
218000640,151,48,103
218000641,70,355,-285
218000652,75,116,-41
218000653,162,80,82
218000663,20,253,-233
218000675,117,52,65
218000680,201,824,-623
218000681,483,243,240
218000691,138,576,-438
218000693,164,227,-63
218000718,926,832,94
218000719,1839,331,1508
218000720,16,59,-43
218000721,124,25,99
218001147,9,554,-545
218001214,26,25,1
218001258,153,6,147
218001329,303,190,113
218001330,224,169,55
218001351,26,29,-3
218001352,27,18,9
218001353,10,20,-10
218001354,27,25,2
218001355,92,611,-519
218001356,138,9,129
218001357,39,440,-401
218001358,144,14,130
218001361,193,31,162
218001362,4,721,-717
219000001,58,112,-54
219000002,46,106,-60
219000003,53,39,14
219000004,49,89,-40
219000017,469,27,442
219000020,109,40,69
219000022,170,1,169
219000023,96,0,96
219000029,0,102,-102
219000034,113,8,105
219000039,70,65,5
219000040,67,33,34
219000041,185,38,147
219000051,0,62,-62
219000052,1,18,-17
219000053,1,209,-208
219000055,140,8,132
219000056,105,0,105
219000057,195,0,195
219000062,42,201,-159
219000063,73,12,61
219000064,9,98,-89
219000110,245,69,176
219000111,136,40,96
219000112,182,66,116
219000113,105,57,48
219000114,271,97,174
219000116,64,43,21
219000117,121,82,39
219000118,93,85,8
219000123,377,178,199
219000124,185,114,71
219000125,16,35,-19
219000126,136,174,-38
219000127,0,7,-7
219000128,32,135,-103
219000129,47,190,-143
219000130,1171,1124,47
219000131,1154,1013,141
219000133,92,57,35
219000134,20,32,-12
219000135,60,69,-9
219000136,168,258,-90
219000138,56,22,34
219000139,26,57,-31
219000140,36,1,35
219000141,20,182,-162
219000142,26,199,-173
219000143,20,194,-174
219000145,31,64,-33
219000146,8,74,-66
219000147,2,38,-36
219000148,6,65,-59
219000149,16,186,-170
219000150,4,99,-95
219000151,4,78,-74
219000157,252,161,91
219000158,195,415,-220
219000161,332,19,313
219000163,1830,558,1272
219000166,157,217,-60
219000167,109,284,-175
219000168,391,118,273
219000174,438,103,335
219000175,71,3,68
219000176,59,12,47
219000177,34,8,26
219000178,21,2,19
219000179,16,19,-3
219000180,24,43,-19
219000182,90,33,57
219000183,38,31,7
219000184,61,18,43
219000185,1,87,-86
219000186,51,46,5
219000187,16,171,-155
219000189,228,185,43
219000190,174,319,-145
219000191,2332,1375,957
219000192,214,177,37
219000193,594,214,380
219000195,0,112,-112
219000196,11,158,-147
219000198,33,222,-189
219000199,117,293,-176
219000200,73,329,-256
219000201,125,282,-157
219000203,85,194,-109
219000204,172,230,-58
219000205,105,199,-94
219000207,280,252,28
219000209,35,105,-70
219000210,335,160,175
219000213,29,341,-312
219000239,197,281,-84
219000240,254,411,-157
219000241,112,334,-222
219000242,74,207,-133
219000243,126,438,-312
219000244,70,216,-146
219000245,86,68,18
219000246,104,36,68
219000247,112,79,33
219000248,637,324,313
219000249,209,115,94
219000250,214,100,114
219000251,639,168,471
219000252,348,159,189
219000253,259,92,167
219000255,105,174,-69
219000256,120,114,6
219000257,167,1,166
219000262,83,279,-196
219000263,42,297,-255
219000267,4,231,-227
219000268,9,7,2
219000269,18,4,14
219000270,19,1,18
219000271,217,34,183
219000278,0,17,-17
219000279,2,4,-2
219000283,0,35,-35
219000295,6,160,-154
219000296,108,694,-586
219000297,14,233,-219
219000298,10,286,-276
219000299,355,130,225
219000300,33,356,-323
219000301,276,445,-169
219000302,58,366,-308
219000307,26,96,-70
219000308,35,51,-16
219000311,177,67,110
219000312,526,110,416
219000313,257,52,205
219000314,41,701,-660
219000315,153,54,99
219000316,474,70,404
219000317,74,8,66
219000320,0,50,-50
219000321,0,12,-12
219000323,5,102,-97
219000325,0,32,-32
219000326,74,152,-78
219000327,76,41,35
219000328,45,68,-23
219000329,247,161,86
219000330,24,26,-2
219000331,86,41,45
219000332,71,131,-60
219000333,11,4,7
219000335,129,7,122
219000337,14,1,13
219000338,202,2,200
219000344,40,89,-49
219000345,101,145,-44
219000346,58,253,-195
219000348,161,279,-118
219000349,53,235,-182
219000350,59,123,-64
219000351,22,1,21
219000352,188,78,110
219000353,114,88,26
219000354,93,191,-98
219000355,140,49,91
219000356,2365,974,1391
219000363,312,55,257
219000364,102,52,50
219000365,145,22,123
219000366,315,629,-314
219000368,577,439,138
219000370,1540,365,1175
219000371,14,30,-16
219000382,8,23,-15
219000383,1083,951,132
219000385,646,604,42
219000386,1028,1792,-764
219000387,4,2,2
219000390,18,9,9
219000391,26,2,24
219000397,106,109,-3
219000398,57,30,27
219000401,10,133,-123
219000402,24,114,-90
219000403,123,290,-167
219000404,32,114,-82
219000407,4,37,-33
219000409,35,67,-32
219000410,60,55,5
219000411,58,15,43
219000446,236,410,-174
219000447,12,28,-16
219000448,9,31,-22
219000452,239,90,149
219000453,132,191,-59
219000454,463,256,207
219000556,243,98,145
219000558,207,341,-134
219000590,30,209,-179
219000591,37,91,-54
219000592,180,483,-303
219000595,1,32,-31
219000635,123,53,70
219000636,23,158,-135
219000657,20,13,7
219000658,13,60,-47
219000673,0,19,-19
219000676,46,1,45
219000679,110,11,99
219000684,107,0,107
219000685,0,90,-90
219000686,0,4,-4
219000688,2,127,-125
219000689,39,323,-284
219000690,173,32,141
219000691,81,210,-129
219000692,134,30,104
219000693,2,19,-17
219000694,0,0,0
219000695,12,16,-4
219000698,75,0,75
219000699,0,13,-13
219000727,2,285,-283
219000728,117,3,114
219000770,28,8,20
219000771,7,47,-40
219000788,531,388,143
219001150,0,18,-18
219001151,0,5,-5
219001166,81,26,55
219001167,2,99,-97
219001178,60,1,59
220000001,106,60,46
220000002,15,230,-215
220000003,838,402,436
220000004,1143,704,439
220000005,1944,1662,282
220000006,258,1134,-876
220000007,370,930,-560
220000008,436,1453,-1017
220000009,372,717,-345
220000010,314,189,125
220000011,1155,5513,-4358
220000012,86,641,-555
220000014,230,66,164
220000015,153,188,-35
220000017,40,418,-378
220000018,7533,2093,5440
220000019,124,306,-182
220000020,447,321,126
220000021,524,262,262
220000022,493,611,-118
220000023,175,284,-109
220000024,2033,539,1494
220000025,1172,900,272
220000026,310,246,64
220000027,18,158,-140
220000028,59,58,1
220000029,147,286,-139
220000030,157,114,43
220000031,375,416,-41
220000064,23,1018,-995
221000046,8,0,8
221000047,0,3,-3
221000048,0,7,-7
221000049,0,8,-8
221000050,17,0,17
221000055,47,43,4
221000057,51,8,43
221000068,302,129,173
221000069,282,60,222
221000070,173,25,148
221000071,90,10,80
221000072,218,20,198
221000073,154,67,87
221000074,4,23,-19
221000075,23,33,-10
221000076,19,57,-38
221000077,43,99,-56
221000081,20,5,15
221000082,51,8,43
221000083,60,3,57
221000084,5,2,3
221000085,11,71,-60
221000086,9,109,-100
221000087,8,189,-181
221000088,18,247,-229
221000089,28,344,-316
221000090,129,556,-427
221000098,152,21,131
221000099,210,21,189
221000100,118,7,111
221000101,346,22,324
221000102,108,11,97
221000109,7,87,-80
221000110,10,158,-148
221000111,19,231,-212
221000112,6,198,-192
221000113,22,237,-215
221000114,7,218,-211
221000120,26,31,-5
221000121,16,13,3
221000122,79,26,53
221000123,13,35,-22
221000124,45,305,-260
221000155,49,14,35
221000156,158,56,102
221000175,5,15,-10
221000176,1,1,0
221000182,61,6,55
221000241,703,248,455
221000242,169,492,-323
221000243,695,103,592
221000244,225,661,-436
221000245,163,112,51
221000246,39,329,-290
221000247,119,142,-23
221000248,206,248,-42
221000267,60,977,-917
221000325,77,53,24
221000331,12,116,-104
221000338,50,28,22
221000378,171,37,134
221000381,134,69,65
222000282,17,0,17
222000296,2,15,-13
222000568,297,19,278
222000569,153,14,139
222000570,107,12,95
222000571,235,10,225
222000577,6,269,-263
222000578,28,273,-245
222000579,55,158,-103
222000580,113,869,-756
222000599,0,161,-161
222000600,1,314,-313
222000601,9,990,-981
222000603,43,18,25
222000604,12,32,-20
222000605,53,17,36
222000606,1,10,-9
222000607,17,1,16
222000608,45,7,38
222000609,50,331,-281
222000616,144,62,82
222000617,27,13,14
222000618,6,2,4
222000620,51,16,35
222000621,147,9,138
222000623,482,3,479
222000624,299,4,295
222000625,295,28,267
222000636,135,8,127
222000686,78,3,75
222000687,49,30,19
222001066,209,1,208
222001067,6,10,-4
222001068,33,38,-5
222001069,21,39,-18
222001082,8,45,-37
222001083,7,51,-44
222001084,1,44,-43
222001085,1,74,-73
222001111,5,221,-216
222001112,43,50,-7
222001313,54,7,47
222001314,5,117,-112
222001464,96,40,56
222001465,43,239,-196
222001484,100,73,27
222001485,19,63,-44
222001494,176,177,-1
222001495,105,475,-370
222001496,251,96,155
222001497,155,725,-570
222001502,10,115,-105
222001503,89,49,40
222001504,11,300,-289
222001505,184,13,171
222001506,11,261,-250
222001507,229,32,197
222001510,286,24,262
222001511,22,416,-394
222001514,500,158,342
222001515,233,713,-480
222001518,215,71,144
222001519,64,317,-253
222001527,369,38,331
222001528,56,184,-128
222001529,157,47,110
222001530,34,209,-175
222001533,116,349,-233
222001534,152,69,83
222001535,132,175,-43
222001536,108,444,-336
222001537,153,40,113
222001538,55,527,-472
222001563,285,77,208
222001564,39,791,-752
222001568,360,70,290
222001576,4,3,1
222001579,0,4,-4
222001583,8,220,-212
222001584,120,24,96
222001596,597,1528,-931
222001597,1045,243,802
222001626,0,162,-162
222001650,63,53,10
222001651,31,100,-69
222001914,169,60,109
222001915,63,255,-192
222001968,389,245,144
222001969,507,1062,-555
222001970,239,309,-70
222001971,17,25,-8
222001972,0,24,-24
225000001,614,186,428
225000002,448,231,217
225000003,399,214,185
225000004,225,444,-219
225000005,35,105,-70
225000006,0,176,-176
225000007,3898,1667,2231
225000010,407,7,400
225000011,563,1816,-1253
225000012,150,838,-688
225000013,188,245,-57
225000014,2138,142,1996
225000015,131,262,-131
225000021,757,363,394
225000027,280,754,-474
225000032,650,256,394
225000042,105,1036,-931
225000049,60,82,-22
225000050,84,32,52
225000053,7,445,-438
225000058,1060,187,873
225000067,171,264,-93
225000068,166,587,-421
225000069,280,675,-395
225000070,76,677,-601
225000071,33,359,-326
225000075,37,1385,-1348
225000076,135,181,-46
225000078,166,72,94
225000085,36,160,-124
225000086,637,66,571
225000087,293,29,264
225000088,13,220,-207
225000089,468,1078,-610
225000090,41,537,-496
225000091,148,268,-120
225000092,19,106,-87
225000093,155,561,-406
225000094,13,591,-578
225000095,442,709,-267
225000096,435,674,-239
225000098,556,368,188
225000099,404,198,206
225000100,166,171,-5
225000104,114,660,-546
225000110,8,681,-673
225000111,359,1587,-1228
225000112,756,1505,-749
225000113,255,875,-620
225000114,101,475,-374
225000115,3638,722,2916
225000116,1283,222,1061
225000117,1161,514,647
225000118,895,423,472
225000119,174,141,33
225000120,544,81,463
225000121,360,31,329
225000123,2709,24,2685
225000125,538,454,84
225000126,1888,371,1517
225000127,1313,1117,196
225000128,540,787,-247
225000132,215,48,167
225000133,286,44,242
225000134,516,132,384
225000135,39,12,27
225000136,176,28,148
225000137,112,120,-8
225000138,495,119,376
225000143,126,304,-178
225000144,9,512,-503
225000145,40,92,-52
225000146,51,207,-156
225000147,25,461,-436
225000148,7,370,-363
225000149,88,712,-624
225000151,58,428,-370
225000155,452,636,-184
225000156,379,1030,-651
225000157,370,528,-158
225000158,203,577,-374
225000171,1,192,-191
225000180,51,13,38
225000181,0,92,-92
225000182,90,20,70
225000185,15,560,-545
225000187,64,556,-492
225000191,99,1,98
225000194,0,24,-24
225000208,0,49,-49
225000209,89,40,49
225000210,15,405,-390
225000217,0,23,-23
225000218,6,2,4
225000223,4,89,-85
225000224,383,2,381
225000225,8,152,-144
225000226,339,1,338
225000227,60,169,-109
225000228,35,10,25
225000229,0,133,-133
225000230,8,0,8
225000231,0,178,-178
225000232,47,0,47
225000241,136,0,136
225000242,1,50,-49
225000249,4,0,4
225000250,52,1143,-1091
225000251,289,14,275
226000042,704,696,8
226000043,161,360,-199
226000044,346,783,-437
226000045,142,636,-494
226000046,618,110,508
226000047,619,160,459
226000048,481,137,344
226000049,476,171,305
226000070,0,79,-79
226000071,0,115,-115
226000072,0,14,-14
226000073,0,6,-6
226000074,0,8,-8
226000084,3,56,-53
226000085,10,6,4
226000086,6,11,-5
226000087,3,16,-13
226000088,29,9,20
226000090,385,92,293
226000091,11,19,-8
226000092,5,4,1
226000093,25,1,24
226000094,50,6,44
226000095,59,3,56
226000105,6,1,5
226000106,32,0,32
226000107,33,0,33
226000108,59,0,59
226000109,130,0,130
226000124,187,82,105
226000134,413,623,-210
226000135,825,889,-64
226000136,281,609,-328
226000137,8,723,-715
226000138,11,566,-555
226000139,2,20,-18
226000156,79,11,68
226000157,123,21,102
226000163,117,399,-282
226000202,13,767,-754
226000231,348,26,322
226000232,56,13,43
227000037,100,33,67
227000038,246,103,143
227000049,1,19,-18
227000050,0,68,-68
227000055,122,0,122
227000056,191,1,190
227000084,1,33,-32
227000085,2,27,-25
227000088,199,6,193
227000089,155,2,153
227000090,120,9,111
227000091,10,4,6
227000093,187,0,187
227000094,19,3,16
227000130,39,103,-64
227000131,20,286,-266
227000132,17,247,-230
227000133,24,261,-237
227000134,19,451,-432
227000152,0,0,0
227000153,0,34,-34
227000155,0,17,-17
227000156,0,11,-11
227000165,3,24,-21
227000196,35,458,-423
227000199,202,31,171
227000230,27,366,-339
227000232,234,23,211
227000241,236,65,171
227000242,40,553,-513
227000243,432,121,311
227000244,222,162,60
227000245,18,406,-388
227000246,59,585,-526
227000247,232,121,111
227000248,648,48,600
227000249,61,307,-246
227000251,336,387,-51
227000252,19,351,-332
227000253,44,25,19
227000262,202,67,135
227000266,518,10,508
227000267,66,1669,-1603
227000486,664,228,436
227000655,133,15,118
227000661,277,13,264
227000680,363,35,328
229000265,23,111,-88
229000296,2,18,-16
229000297,7,64,-57
229000298,13,229,-216
229000320,10,16,-6
229000321,6,1,5
229000412,31,45,-14
229000414,14,103,-89
229000415,7,1,6
229000416,2,24,-22
229000417,10,32,-22
229000419,150,332,-182
229000440,328,104,224
229000442,15,0,15
229000443,0,10,-10
229000444,14,49,-35
229000445,56,9,47
229000446,92,9,83
229000847,49,1,48
229000848,17,0,17
229000849,126,2,124
229000851,28,0,28
229000854,0,27,-27
229000856,1,166,-165
229000857,0,35,-35
229000858,0,114,-114
229000919,10,125,-115
229000930,2,310,-308
229000937,58,12,46
229000966,59,25,34
229000981,23,101,-78
229000985,18,46,-28
229000986,0,9,-9
229000987,0,2,-2
229000988,3,1,2
229000989,22,16,6
229000990,0,0,0
229000991,0,0,0
229000992,9,4,5
229000993,203,17,186
229000998,9,79,-70
229000999,94,12,82
229001034,1,10,-9
229001035,10,4,6
229001037,38,17,21
229001042,3,23,-20
229001047,1,63,-62
229001050,58,101,-43
229001200,9,0,9
229001338,3,28,-25
229001394,231,18,213
229001422,134,29,105
229001423,44,228,-184
229001431,46,32,14
229001432,78,123,-45
229001444,103,53,50
229001445,76,174,-98
229001503,151,88,63
229001504,153,260,-107
229001505,108,59,49
229001506,65,270,-205
229001509,59,51,8
229001545,63,8,55
229001546,5,140,-135
229001553,43,10,33
229001554,26,114,-88
229001559,4,9,-5
229001560,0,18,-18
229001630,74,19,55
229001631,5,91,-86
229001635,0,7,-7
229001636,3,2,1
229001658,2,138,-136
229001659,63,3,60
229001660,0,2,-2
229001661,4,11,-7
229001662,111,0,111
229001663,0,29,-29
229002584,153,160,-7
229002831,377,147,230
229002841,10,14,-4
229002842,6,21,-15
229002843,136,18,118
229002844,87,48,39
229002845,11,32,-21
229002846,60,15,45
229002847,18,7,11
229002848,6,13,-7
229002849,0,31,-31
229002850,1,0,1
229002851,98,69,29
229002852,92,27,65
229002853,114,20,94
229002854,19,37,-18
229002855,25,10,15
229002856,41,26,15
229002857,4,26,-22
229002858,8,33,-25
229002859,74,13,61
229002860,114,11,103
229002861,22,31,-9
229002862,7,13,-6
229002863,7,13,-6
229002864,38,42,-4
229002865,23,19,4
229002866,8,8,0
229002867,3,25,-22
229002868,16,5,11
229002869,24,103,-79
229002870,42,4,38
235000066,389,78,311
235000067,108,135,-27
235000072,16,64,-48
235000073,47,301,-254
235000074,15,57,-42
235000080,37,76,-39
235000081,42,111,-69
235000082,145,89,56
235000083,139,119,20
235000084,85,50,35
235000085,39,46,-7
235000089,23,36,-13
235000092,7,142,-135
235000093,11,3,8
235000097,1,8,-7
235000098,41,20,21
235000099,45,32,13
235000116,65,35,30
235000117,669,17,652
235000133,11,269,-258
235000134,11,115,-104
235000206,7,6,1
235000207,3,2,1
235000208,5,0,5
235000209,7,2,5
235000210,6,1,5
235000212,3,11,-8
235000213,2,8,-6
235000220,0,5,-5
235000221,141,8,133
235000238,68,43,25
235000239,1,2,-1
235000242,359,313,46
235000245,738,211,527
235000246,28,88,-60
235000284,8,101,-93
235000295,136,14,122
235000305,183,28,155
235000306,107,21,86
235000307,6,2,4
235000308,10,3,7
235000309,30,2,28
235000310,102,8,94
235000311,233,7,226
235000322,0,15,-15
235000323,0,68,-68
235000324,2,11,-9
235000325,1,10,-9
235000326,8,214,-206
235000351,1,106,-105
235000352,11,38,-27
235000353,2,29,-27
235000354,5,30,-25
235000355,21,52,-31
235000356,70,9,61
235000357,8,10,-2
235000358,44,17,27
235000359,10,4,6
235000360,41,24,17
235000361,51,6,45
235000381,41,247,-206
235000382,98,30,68
235000390,8,2,6
235000391,80,13,67
235000392,95,131,-36
235000393,87,106,-19
235000395,53,28,25
235000396,221,99,122
235000400,195,138,57
235000401,114,131,-17
235000405,106,229,-123
235000406,41,228,-187
235000407,48,98,-50
235000409,142,202,-60
235000410,29,255,-226
235000411,1,62,-61
235000485,0,5,-5
235000486,4,0,4
235000549,12,78,-66
235000550,45,151,-106
235000599,59,54,5
235000600,28,28,0
235000601,17,17,0
235000602,51,89,-38
235000614,3,2,1
235000648,0,18,-18
235000649,61,7,54
235000685,1,2,-1
235000815,7,29,-22
235000834,0,9,-9
235000855,48,46,2
235000862,41,167,-126
235000891,0,6,-6
235000892,42,4,38
235000901,26,69,-43
235000907,15,21,-6
235001010,30,45,-15
235001029,463,404,59
235001030,292,186,106
235001078,57,86,-29
235001079,46,90,-44
235001147,11,81,-70
235001166,12,65,-53
235001167,23,29,-6
235001169,29,241,-212
235001188,3,18,-15
235001189,5,0,5
235001197,14,15,-1
235001200,38,20,18
235001207,155,58,97
235001210,80,232,-152
235001215,62,216,-154
235001239,3,46,-43
235001244,0,2,-2
235016267,0,17,-17
277102712,0,0,0
277103813,0,0,0
277104249,0,4,-4
277104250,0,35,-35
277104251,0,12,-12
277104252,0,11,-11
990011530,0,262,-262
990014944,2,452,-450
990015176,59,6,53
990016032,1,452,-451
990032570,0,62,-62
990070001,90,3,87
990070103,0,1,-1
990070601,0,46,-46
990070751,260,0,260
990070766,1,744,-743
990071180,651,196,455
990071343,38,1,37
990071387,28,11,17
990071823,22,0,22
990072600,0,617,-617
990072964,10,422,-412
990073285,0,0,0
990074393,1,1184,-1183
990074870,717,3,714
990075106,653,5,648
990075746,329,3,326
990076437,570,1,569
990076458,6,1265,-1259
997000007,214,4,210
997000041,0,136,-136
997000058,23,0,23
997000062,117,0,117
997000069,0,4,-4
997000070,0,103,-103
997000100,12,0,12
997000141,5,1174,-1169
997000198,194,576,-382
998000475,0,19,-19
998000736,2,329,-327
998000965,0,5,-5
998001031,0,58,-58
998001700,0,23,-23
998001899,0,1,-1
998001900,25,0,25
998003073,546,33,513
998101900,0,0,0
998102850,1,52,-51
998501927,830,513,317
998501929,92,26,66
998501930,76,14,62
998501931,99,2,97
998501932,11,0,11
998501933,53,14,39
998501937,5,0,5
998501944,0,0,0
998501950,0,2,-2
998501970,19,3,16
998501971,0,43,-43
998501973,0,70,-70
998501974,0,297,-297
998501975,390,3,387
998501976,201,55,146
998501977,0,17,-17
998501978,55,1,54
998501979,0,20,-20
998501980,124,4,120
998501981,26,11,15
998501982,0,83,-83
998501983,0,0,0
998502006,0,1,-1
998502032,0,3,-3
998502062,26,1,25
998502063,0,0,0
998502173,41,0,41
998502269,0,0,0
998502546,1,95,-94
998502578,5,6,-1
998502599,42,473,-431
998502621,0,0,0
998601159,5,207,-202
998601292,0,20,-20
999033574,0,1747,-1747
999800001,28,2,26
999800002,0,21,-21
999800003,4,1,3
999800004,0,2,-2
999800005,0,4,-4
