ID,insum,outsum,diff
100000001,409,535,-126
100000002,2621,2415,206
100000003,3712,3222,490
100000004,629,650,-21
100000005,1663,3355,-1692
100000006,360,112,248
100000007,1382,643,739
100000008,110,417,-307
100000009,328,190,138
100000010,61,65,-4
100000011,913,133,780
100000012,118,817,-699
100000013,40,238,-198
100000014,233,316,-83
100000015,1425,1605,-180
100000016,849,1143,-294
100000017,554,728,-174
100000018,1197,507,690
100000019,2700,1523,1177
100000020,1307,3995,-2688
100000021,3633,1663,1970
100000022,1103,1652,-549
100000023,3594,1229,2365
100000025,1008,899,109
100000028,1181,829,352
100000029,156,227,-71
100000030,167,45,122
100000031,1946,3766,-1820
100000032,1630,2373,-743
100000033,774,1699,-925
100000034,276,438,-162
100000035,1101,1002,99
100000036,1378,971,407
100000037,562,342,220
100000038,1702,843,859
100000039,354,208,146
100000040,153,143,10
100000041,1000,415,585
100000042,845,386,459
100000043,810,414,396
100000044,358,660,-302
100000045,476,867,-391
100000046,531,697,-166
100000047,279,361,-82
100000048,323,427,-104
100000049,1173,1300,-127
100000051,437,765,-328
100000053,186,10,176
100000054,514,21,493
100000055,1479,201,1278
100000056,451,348,103
100000057,1523,514,1009
100000058,747,855,-108
100000059,11,91,-80
100000060,376,239,137
100000061,1797,413,1384
100000062,1737,528,1209
100000063,672,256,416
100000064,1068,258,810
100000065,367,519,-152
100000066,161,439,-278
100000067,362,600,-238
100000068,352,1258,-906
100000069,261,1046,-785
100000072,280,551,-271
100000073,750,799,-49
100000075,670,289,381
100000076,1240,1890,-650
100000077,229,213,16
100000078,21,27,-6
100000079,28,45,-17
100000080,30,41,-11
100000081,119,175,-56
100000102,1915,1793,122
100000103,1994,1039,955
100000104,3012,1954,1058
100000105,2145,1269,876
100000106,1650,1798,-148
100000107,348,732,-384
100000108,418,667,-249
100000109,1960,992,968
100000116,1029,713,316
100000117,71,113,-42
100000118,1001,1044,-43
100000119,537,631,-94
100000121,219,389,-170
100000122,574,836,-262
100000123,1821,2731,-910
100000124,3864,4192,-328
100000125,2827,1691,1136
100000126,568,263,305
100000127,1048,303,745
100000128,1494,2063,-569
100000129,369,369,0
100000130,377,389,-12
100000131,1817,1795,22
100000132,816,1922,-1106
100000133,3384,1657,1727
100000135,440,1048,-608
100000139,405,408,-3
100000140,282,243,39
100000142,428,484,-56
100000143,1186,517,669
100000144,2659,794,1865
100000147,1022,2465,-1443
100000150,56,283,-227
100000151,735,999,-264
100000153,145,319,-174
100000154,44,139,-95
100000155,22,44,-22
100000156,338,403,-65
100000157,119,121,-2
100000158,269,120,149
100000159,269,502,-233
100000165,1323,769,554
100000169,208,472,-264
100000174,466,457,9
100000179,103,393,-290
100000180,724,873,-149
100000181,457,158,299
100000188,77,180,-103
100000189,738,298,440
100000190,583,804,-221
100000191,677,500,177
100000192,21,87,-66
100000193,316,152,164
100000330,1042,756,286
100000355,195,349,-154
100000362,3938,2483,1455
100000363,3331,3717,-386
100000364,259,260,-1
100000365,4568,6209,-1641
100000366,5761,2569,3192
100000367,4669,5497,-828
100000368,2442,1137,1305
100000369,706,1236,-530
100000370,114,558,-444
100000376,107,131,-24
100000379,1536,1284,252
100000380,3374,3151,223
100000384,3703,3824,-121
100000385,3510,3517,-7
100000386,5955,3619,2336
100000387,4081,4004,77
100000388,4610,4314,296
100000389,4627,4524,103
100000390,5181,4776,405
100000391,4301,5522,-1221
100000392,3266,3261,5
100000393,2236,3747,-1511
100000394,6788,6325,463
100000395,4327,3871,456
100000396,7186,3200,3986
100000397,4254,6364,-2110
100000398,8546,6567,1979
100000413,6,4,2
100000414,227,378,-151
100900002,8,25,-17
100900003,255,144,111
100900004,12,592,-580
100900005,76,16,60
100900006,13,78,-65
100900007,236,4,232
100900008,1,310,-309
100900009,37,106,-69
100900010,40,47,-7
100900011,104,166,-62
100900012,2,159,-157
100900013,504,12,492
100900014,0,6,-6
100900015,50,55,-5
100900016,3,67,-64
100900017,525,41,484
100900018,2,13,-11
100900019,7,43,-36
100900020,286,9,277
100900021,306,2,304
100900022,8,21,-13
100900023,0,19,-19
100900024,371,3,368
100900025,9,13,-4
100900026,83,82,1
100900027,373,1702,-1329
100900028,84,129,-45
100900029,47,7,40
100900030,2,78,-76
100900031,362,17,345
100900032,249,1,248
100900033,161,145,16
100900034,511,2,509
100900035,287,0,287
100900036,21,0,21
100900037,110,150,-40
100900038,82,39,43
100900039,292,357,-65
100900040,387,465,-78
100900041,373,537,-164
100900042,1164,1493,-329
100900043,0,0,0
100900044,1013,282,731
100900045,9,2,7
100900046,863,11,852
100900047,456,91,365
100900048,117,43,74
100900049,47,141,-94
100900050,3,15,-12
100900051,30,63,-33
100900052,199,18,181
100900053,397,17,380
100900054,11,50,-39
100900055,136,385,-249
100900056,114,111,3
100900057,1016,839,177
100900058,127,19,108
100900059,92,13,79
100900060,144,4,140
100900061,322,136,186
100900062,2,37,-35
100900063,203,453,-250
100900064,574,28,546
100900065,61,76,-15
100900066,111,137,-26
100900067,2,4,-2
100900068,55,44,11
100900069,235,5,230
100900070,331,4,327
100900071,651,168,483
100900072,3,40,-37
100900073,131,266,-135
100900074,2,8,-6
100900075,1186,208,978
100900076,7,17,-10
100900077,25,43,-18
100900078,48,180,-132
100900079,5,30,-25
100900080,31,100,-69
100900081,24,81,-57
100900082,134,407,-273
100900083,24,21,3
100900085,17,342,-325
100900086,92,431,-339
100900088,118,365,-247
100900089,9,20,-11
100900090,73,236,-163
100900091,2,12,-10
100900092,162,98,64
100900093,225,212,13
100900094,118,272,-154
100900095,3,46,-43
100900096,27,89,-62
100900097,1,3,-2
100900098,18,14,4
100900099,54,351,-297
100900100,3,307,-304
100900101,176,26,150
100900102,8,61,-53
100900103,17,14,3
100900104,7,88,-81
100900105,15,316,-301
100900106,32,6,26
100900107,1160,598,562
100900108,1,7,-6
100900109,25,17,8
100900110,0,0,0
100900111,42,99,-57
100900112,11,19,-8
100900113,11,19,-8
100900114,19,12,7
100900115,4,21,-17
100900116,512,425,87
100900117,213,668,-455
100900118,8,23,-15
100900119,12,15,-3
100900120,6,5,1
100900121,181,376,-195
100900122,115,128,-13
100900123,52,161,-109
100900124,12,7,5
100900125,3,51,-48
100900126,134,111,23
100900127,3,11,-8
100900128,42,106,-64
100900129,0,98,-98
100900131,44,145,-101
100900133,33,37,-4
100900134,1,5,-4
100900135,0,125,-125
100900137,204,139,65
100900138,397,327,70
100900139,6,4,2
100900140,4,352,-348
100900141,3,337,-334
100900142,0,7,-7
100900143,514,317,197
100900144,10,4,6
100900145,63,167,-104
100900146,0,22,-22
100900147,4,314,-310
100900148,26,426,-400
100900149,50,121,-71
100900150,1,20,-19
100900151,134,355,-221
100900152,71,2,69
100900153,6,102,-96
100900154,258,189,69
100900155,18,23,-5
100900156,12,7,5
100900157,6,109,-103
100900159,4,37,-33
100900160,8,3,5
100900161,45,5,40
100900162,17,192,-175
100900163,140,147,-7
100900164,24,47,-23
100900165,3,8,-5
100900166,17,6,11
100900167,17,35,-18
100900168,16,100,-84
100900169,99,722,-623
100900170,42,11,31
100900171,19,455,-436
100900172,0,23,-23
100900173,2,191,-189
100900174,130,27,103
100900176,993,99,894
100900177,519,127,392
100900178,143,118,25
100900179,125,130,-5
100900180,11,3,8
100900181,55,38,17
100900182,14,12,2
100900184,10,81,-71
100900186,360,294,66
100900187,3,56,-53
100900188,16,5,11
100900189,733,136,597
100900191,797,809,-12
100900192,216,322,-106
100900195,64,81,-17
100900197,0,0,0
100900198,28,108,-80
100900199,0,0,0
100900200,543,302,241
100900201,54,381,-327
100900202,60,0,60
100900203,0,124,-124
100900204,353,352,1
100900205,117,416,-299
100900206,150,47,103
100900207,197,105,92
100900210,31,289,-258
100900211,265,123,142
100900213,86,42,44
100900214,346,101,245
100900215,7,47,-40
100900217,95,68,27
101000001,2295,1635,660
101000002,3479,3373,106
101000003,358,873,-515
101000004,5407,4892,515
101000005,2253,3087,-834
101000006,3798,4430,-632
101000007,1615,2272,-657
101000009,1711,1060,651
101000010,727,912,-185
101000011,861,316,545
101000012,1256,604,652
101000013,481,691,-210
101000014,371,464,-93
101000015,918,628,290
101000016,275,337,-62
101000017,425,359,66
101000018,2547,1480,1067
101000020,2060,814,1246
101000021,759,354,405
101000023,1187,600,587
101000025,264,316,-52
101000026,250,15,235
101000027,1286,1851,-565
101000028,585,170,415
101000029,141,1221,-1080
101000030,1332,102,1230
101000031,588,475,113
101000032,6443,3897,2546
101000033,2037,2531,-494
101000034,1662,1257,405
101000035,550,182,368
101000036,1379,798,581
101000037,2467,1395,1072
101000039,1618,1506,112
101000040,2388,2830,-442
101000041,7093,5944,1149
101000042,302,918,-616
101000043,5414,5545,-131
101000045,1208,803,405
101000046,2706,1377,1329
101000047,1576,2537,-961
101000048,527,454,73
101000049,529,1408,-879
101000050,1246,1245,1
101000051,1461,1948,-487
101000052,1239,777,462
101000053,833,1060,-227
101000054,1297,701,596
101000055,1062,981,81
101000056,48,76,-28
101000057,1658,958,700
101000058,821,784,37
101000059,1639,1764,-125
101000060,1519,499,1020
101000061,688,1124,-436
101000062,662,585,77
101000063,527,795,-268
101000064,1001,987,14
101000065,312,455,-143
101000066,1076,921,155
101000067,1424,1004,420
101000068,297,349,-52
101000069,276,80,196
101000070,1003,863,140
101000071,1461,765,696
101000072,675,2225,-1550
101000073,655,1085,-430
101000074,4287,2882,1405
101000075,3457,4407,-950
101000077,1179,1038,141
101000078,702,1507,-805
101000079,546,407,139
101000080,380,418,-38
101000081,1587,1387,200
101000082,2787,2637,150
101000083,2293,2181,112
101000084,1107,696,411
101000085,1241,985,256
101000086,1056,992,64
101000087,763,857,-94
101000088,1011,922,89
101000089,884,1310,-426
101000090,1606,1048,558
101000091,355,612,-257
101000092,876,880,-4
101000093,1086,668,418
101000094,886,742,144
101000095,467,442,25
101000096,326,461,-135
101000097,393,340,53
101000098,252,359,-107
101000099,801,739,62
101000100,670,600,70
101000101,319,311,8
101000102,625,432,193
101000103,647,382,265
101000104,320,464,-144
101000105,467,373,94
101000106,597,631,-34
101000107,207,304,-97
101000108,613,207,406
101000109,317,50,267
101000110,19,313,-294
101000111,76,121,-45
101000113,126,471,-345
101000114,6446,5288,1158
101000115,113,128,-15
101000116,126,83,43
101000117,991,181,810
101000119,41,52,-11
101000120,98,40,58
101000121,82,58,24
101000122,123,107,16
101000123,60,85,-25
101000124,540,224,316
101000125,257,395,-138
101000128,243,259,-16
101000130,131,211,-80
101000131,643,408,235
101000132,544,599,-55
101000135,57,56,1
101000136,415,135,280
101000137,29,228,-199
101000141,1025,2260,-1235
101000147,751,413,338
101000148,862,14,848
101000149,270,327,-57
101000150,81,516,-435
101000151,185,47,138
101000152,301,299,2
101000153,451,241,210
101000154,202,776,-574
101000155,219,117,102
101000156,26,265,-239
101000157,30,13,17
101000160,28,65,-37
101000163,207,337,-130
101000164,361,252,109
101000165,222,334,-112
101000166,167,221,-54
101000168,791,352,439
101000252,1088,457,631
101000254,254,73,181
101000258,16,9,7
101000261,89,41,48
101000262,872,1884,-1012
101000263,150,647,-497
101000265,42,522,-480
101000266,279,226,53
101000269,16,8,8
101000290,614,1630,-1016
101000293,14,54,-40
101000294,548,321,227
101000295,99,343,-244
101000301,513,345,168
101000304,1400,2086,-686
101000305,2294,1061,1233
101000328,135,321,-186
101900001,20,45,-25
101900002,0,10,-10
101900003,56,60,-4
101900004,2,53,-51
101900005,2629,1778,851
101900006,719,324,395
101900007,495,182,313
101900008,76,185,-109
101900009,35,261,-226
101900010,614,480,134
101900011,130,744,-614
101900012,117,118,-1
101900013,728,169,559
101900017,13,102,-89
101900018,940,197,743
101900019,200,115,85
101900020,18,42,-24
101900021,2,37,-35
101900022,74,612,-538
101900023,87,124,-37
101900026,104,29,75
101900027,21,76,-55
102000001,1700,3331,-1631
102000002,1971,759,1212
102000003,2168,5057,-2889
102000004,4330,2239,2091
102000005,941,1402,-461
102000006,994,1389,-395
102000007,1030,3090,-2060
102000008,2863,1059,1804
102000009,4143,5869,-1726
102000010,3879,2299,1580
102000011,2084,1708,376
102000012,2500,2106,394
102000018,2228,1971,257
102000019,1746,1066,680
102000026,139,362,-223
102000029,279,213,66
102000030,88,240,-152
102000031,80,139,-59
102000032,339,239,100
102000033,220,291,-71
102000034,332,262,70
102000035,556,457,99
102000036,12,173,-161
102000037,94,34,60
102000038,191,264,-73
102000039,175,75,100
102000040,386,178,208
102000041,120,353,-233
102000042,142,229,-87
102000043,215,166,49
102000044,305,313,-8
102000045,570,600,-30
102000046,882,545,337
102000047,597,749,-152
102000048,224,452,-228
102000049,843,610,233
102000050,833,1011,-178
102000051,341,586,-245
102000052,848,539,309
102000053,668,678,-10
102000054,644,791,-147
102000055,1028,458,570
102000056,758,800,-42
102000057,1113,424,689
102000058,862,1093,-231
102000059,1170,962,208
102000060,828,744,84
102000061,1297,1294,3
102000062,1331,805,526
102000063,777,897,-120
102000064,447,540,-93
102000065,56,75,-19
102000066,725,582,143
102000067,1454,2129,-675
102000068,5898,2191,3707
102000069,49,1387,-1338
102000070,1200,45,1155
102000071,5587,6455,-868
102000072,2292,2892,-600
102000073,492,512,-20
102000074,526,621,-95
102000075,82,177,-95
102000076,144,277,-133
102000077,464,618,-154
102000078,692,572,120
102000079,130,164,-34
102000080,265,167,98
102000081,228,564,-336
102000082,459,246,213
102000083,441,205,236
102000084,243,186,57
102000085,1137,785,352
102000086,794,643,151
102000087,587,1182,-595
102000088,309,243,66
102000089,944,301,643
102000090,332,786,-454
102000091,908,355,553
102000092,288,471,-183
102000093,501,597,-96
102000094,778,545,233
102000095,824,828,-4
102000096,503,575,-72
102000097,609,546,63
102000098,453,528,-75
102000099,581,544,37
102000100,697,878,-181
102000101,772,534,238
102000102,231,891,-660
102000103,867,347,520
102000104,420,213,207
102000105,235,373,-138
102000106,761,399,362
102000107,1122,410,712
102000108,510,120,390
102000109,363,463,-100
102000110,932,1038,-106
102000111,7,251,-244
102000112,106,109,-3
102000113,15,36,-21
102000114,625,326,299
102000115,225,279,-54
102000116,273,258,15
102000117,157,318,-161
102000118,878,961,-83
102000119,1309,541,768
102000120,103,315,-212
102000121,678,248,430
102000122,333,591,-258
102000123,804,693,111
102000124,689,823,-134
102000125,658,644,14
102000126,581,626,-45
102000127,928,516,412
102000128,454,698,-244
102000129,1136,586,550
102000130,594,547,47
102000131,1071,404,667
102000132,419,430,-11
102000133,1598,1297,301
102000134,624,509,115
102000135,432,521,-89
102000136,610,425,185
102000137,604,446,158
102000138,187,274,-87
102000139,70,260,-190
102000140,155,215,-60
102000141,137,325,-188
102000142,242,246,-4
102000143,175,327,-152
102000144,294,267,27
102000145,277,331,-54
102000146,339,175,164
102000147,379,331,48
102000148,185,344,-159
102000149,122,260,-138
102000150,274,105,169
102000151,67,214,-147
102000152,157,131,26
102000153,991,523,468
102000154,248,477,-229
102000155,90,265,-175
102000156,268,104,164
102000157,136,311,-175
102000158,450,393,57
102000159,710,429,281
102000161,2622,1535,1087
102000162,158,156,2
102000163,60,468,-408
102000164,635,946,-311
102000165,245,160,85
102000166,73,154,-81
102000167,234,188,46
102000168,323,159,164
102000169,96,380,-284
102000170,358,128,230
102000171,105,107,-2
102000172,60,229,-169
102000173,362,210,152
102000174,48,66,-18
102000175,105,55,50
102000176,44,49,-5
102000178,239,343,-104
102000179,282,206,76
102000180,774,335,439
102000181,629,459,170
102000182,543,446,97
102000183,1474,1270,204
102000184,1640,659,981
102000185,2249,1160,1089
102000186,1128,1466,-338
102000187,709,1168,-459
102000188,782,1016,-234
102000189,1889,592,1297
102000190,451,1928,-1477
102000191,899,353,546
102000192,881,1079,-198
102000193,46,94,-48
102000194,55,90,-35
102000195,293,237,56
102000196,219,255,-36
102000197,527,314,213
102000198,199,626,-427
102000199,876,243,633
102000200,235,789,-554
102000201,1009,395,614
102000202,7,73,-66
102000203,325,158,167
102000204,393,516,-123
102000205,867,306,561
102000206,472,373,99
102000207,435,318,117
102000208,281,299,-18
102000209,53,39,14
102000210,415,304,111
102000211,227,213,14
102000212,251,24,227
102000213,4,248,-244
102000214,186,12,174
102000215,7,330,-323
102000216,42,54,-12
102000217,3,108,-105
102000218,211,147,64
102000219,383,246,137
102000225,492,482,10
102000226,1641,877,764
102000227,139,0,139
102000228,1,95,-94
102000229,35,50,-15
102000230,199,329,-130
102000231,176,284,-108
102000232,19,112,-93
102000233,268,447,-179
102000234,89,826,-737
102000236,174,53,121
102000237,379,86,293
102000238,170,205,-35
102000240,410,498,-88
102000241,107,79,28
102000243,15,59,-44
102000245,16,104,-88
102000246,10,27,-17
102000247,641,599,42
102000248,375,749,-374
102000249,117,86,31
102000250,53,244,-191
102000254,84,196,-112
102000266,12,159,-147
102000271,28,0,28
102000286,252,264,-12
102000297,1318,719,599
102000301,0,0,0
102000307,0,4,-4
102000316,364,265,99
102900001,952,629,323
102900002,323,35,288
102900003,96,203,-107
102900005,357,210,147
102900006,401,90,311
102900007,383,21,362
102900008,178,46,132
102900009,425,267,158
102900010,359,656,-297
102900011,1265,216,1049
102900012,298,63,235
102900013,27,63,-36
102900015,465,466,-1
102900016,51,68,-17
102900017,128,374,-246
102900018,28,113,-85
102900019,248,338,-90
102900020,154,38,116
102900021,26,68,-42
102900022,616,188,428
102900023,21,48,-27
102900024,45,46,-1
102900025,162,115,47
102900026,257,1467,-1210
102900027,53,43,10
102900028,137,606,-469
102900029,166,151,15
102900030,237,234,3
102900031,176,111,65
102900032,73,71,2
102900033,145,169,-24
102900034,394,68,326
102900035,119,213,-94
102900036,263,394,-131
102900037,261,369,-108
102900038,378,330,48
102900039,5,362,-357
102900040,98,170,-72
102900041,77,135,-58
102900042,154,210,-56
102900043,109,145,-36
102900044,419,1258,-839
102900045,98,436,-338
102900046,116,234,-118
102900047,65,378,-313
102900048,485,401,84
102900049,96,256,-160
102900050,137,256,-119
102900051,160,171,-11
102900053,342,494,-152
102900054,480,782,-302
102900055,65,124,-59
102900056,134,315,-181
102900057,7,48,-41
102900058,274,53,221
102900059,16,32,-16
102900060,106,354,-248
102900061,121,297,-176
102900062,189,694,-505
102900063,1022,330,692
102900064,100,295,-195
102900065,956,271,685
102900066,267,21,246
102900068,99,87,12
102900070,151,309,-158
102900072,12,50,-38
102900073,115,3,112
102900075,32,55,-23
102900076,157,121,36
102900077,54,27,27
102900078,37,88,-51
102900079,176,27,149
102900080,305,43,262
102900081,66,245,-179
102900082,5,159,-154
102900083,196,10,186
102900084,10,24,-14
102900085,284,97,187
102900086,29,51,-22
102900087,93,90,3
102900088,26,29,-3
102900089,178,84,94
102900090,1,204,-203
102900091,117,2,115
102900092,216,544,-328
102900094,8,70,-62
102900095,123,3,120
102900096,52,27,25
102900097,9,72,-63
103000001,1883,2061,-178
103000002,1731,1974,-243
103000003,2746,2293,453
103000004,694,635,59
103000005,1402,2154,-752
103000006,598,1154,-556
103000007,279,489,-210
103000008,813,588,225
103000009,870,879,-9
103000010,194,118,76
103000011,1202,974,228
103000012,1174,1144,30
103000013,3100,1647,1453
103000014,1181,1883,-702
103000015,1327,581,746
103000016,406,1044,-638
103000017,197,310,-113
103000018,510,248,262
103000019,297,220,77
103000020,2240,1299,941
103000021,1574,1631,-57
103000022,741,868,-127
103000023,573,1418,-845
103000024,61,113,-52
103000025,92,494,-402
103000026,692,100,592
103000027,216,475,-259
103000028,236,289,-53
103000029,188,194,-6
103000030,1148,693,455
103000031,850,1252,-402
103000032,1644,1318,326
103000033,2128,2117,11
103000034,1120,754,366
103000035,353,1113,-760
103000036,329,390,-61
103000037,424,347,77
103000038,305,679,-374
103000039,345,298,47
103000040,424,647,-223
103000041,1395,1681,-286
103000042,1059,363,696
103000043,496,740,-244
103000044,250,127,123
103000046,271,377,-106
103000047,515,487,28
103000048,131,176,-45
103000049,54,90,-36
103000050,682,372,310
103000051,336,334,2
103000052,634,272,362
103000053,141,453,-312
103000054,2411,1178,1233
103000055,1608,1992,-384
103000056,646,1069,-423
103000057,543,202,341
103000058,559,617,-58
103000059,444,585,-141
103000060,739,441,298
103000061,334,791,-457
103000062,948,378,570
103000063,652,650,2
103000064,135,107,28
103000065,5,311,-306
103000066,218,7,211
103000069,353,323,30
103000070,784,536,248
103000071,935,352,583
103000072,116,504,-388
103000073,444,75,369
103000074,492,72,420
103000075,120,412,-292
103000076,231,231,0
103000077,30,237,-207
103000078,745,487,258
103000079,511,480,31
103000080,785,266,519
103000081,406,741,-335
103000082,382,161,221
103000083,60,222,-162
103000084,103,5,98
103000085,1,68,-67
103000086,402,302,100
103000087,102,379,-277
103000088,223,255,-32
103000089,231,375,-144
103000090,1533,720,813
103000091,517,423,94
103000092,242,181,61
103000093,242,275,-33
103000094,145,84,61
103000095,66,281,-215
103000096,523,76,447
103000097,53,548,-495
103000098,625,138,487
103000099,256,492,-236
103000100,73,531,-458
103000101,665,99,566
103000102,97,413,-316
103000103,616,137,479
103000104,44,46,-2
103000105,117,101,16
103000106,5,107,-102
103000107,176,65,111
103000108,791,783,8
103000109,355,354,1
103000110,371,397,-26
103000111,400,413,-13
103000112,232,151,81
103000113,581,622,-41
103000114,1256,385,871
103000115,501,472,29
103000116,475,347,128
103000117,343,380,-37
103000118,487,436,51
103000119,785,444,341
103000120,50,82,-32
103000121,187,501,-314
103000122,378,464,-86
103000125,11,174,-163
103000126,486,6,480
103000127,8,147,-139
103000128,170,1,169
103000129,1,89,-88
103000130,38,50,-12
103000131,105,73,32
103000132,58,124,-66
103000133,4,68,-64
103000134,413,530,-117
103000135,332,202,130
103000136,537,372,165
103000137,455,466,-11
103000138,595,537,58
103000139,5,51,-46
103000140,114,21,93
103000141,39,106,-67
103000142,126,61,65
103000143,43,122,-79
103000144,143,52,91
103000145,32,81,-49
103000150,83,27,56
103000152,237,245,-8
103000153,208,161,47
103000156,3,253,-250
103000157,369,3,366
103000159,88,12,76
103000162,51,29,22
103000163,13,19,-6
103000164,14,9,5
103000165,87,172,-85
103000166,189,218,-29
103000167,165,112,53
103000168,84,137,-53
103000169,147,372,-225
103000170,788,317,471
103000171,40,64,-24
103000172,402,264,138
103000173,439,343,96
103000174,127,320,-193
103000175,328,184,144
103000176,680,542,138
103000177,427,336,91
103000178,145,225,-80
103000179,153,40,113
103000183,143,50,93
103000185,76,49,27
103000186,109,183,-74
103000187,369,221,148
103000188,6,62,-56
103000189,703,705,-2
103000191,351,342,9
103000292,1491,1368,123
103000293,622,1625,-1003
103000295,79,83,-4
103000296,216,2,214
103000297,6,20,-14
103000504,0,4,-4
103000505,3,13,-10
103000506,1,154,-153
103000507,162,5,157
103000508,60,35,25
103000509,245,510,-265
103000514,16,2,14
103900001,0,120,-120
103900002,744,127,617
103900003,643,12,631
103900004,96,0,96
103900005,1,136,-135
103900006,1,1,0
103900007,59,2,57
103900008,10,2,8
103900009,157,397,-240
103900010,95,274,-179
103900011,230,134,96
103900012,10,21,-11
103900013,36,54,-18
103900014,52,6,46
103900015,72,3,69
103900016,205,142,63
103900017,22,109,-87
103900018,466,156,310
103900019,89,244,-155
103900020,168,414,-246
103900021,331,71,260
103900022,703,448,255
103900023,127,2,125
103900024,64,227,-163
103900025,56,58,-2
103900026,39,0,39
103900027,617,169,448
103900028,17,226,-209
103900029,954,175,779
103900030,270,88,182
103900031,25,3,22
103900032,89,60,29
103900033,109,10,99
103900034,24,93,-69
103900035,71,33,38
103900036,24,22,2
103900037,63,48,15
103900038,77,170,-93
103900039,68,227,-159
103900040,13,78,-65
103900041,59,49,10
103900042,49,244,-195
103900043,159,46,113
103900044,78,211,-133
103900045,262,118,144
103900047,60,20,40
103900048,51,21,30
103900049,152,867,-715
103900050,12,96,-84
103900051,2,38,-36
103900052,235,288,-53
103900053,163,411,-248
103900054,121,251,-130
103900055,331,180,151
103900056,31,35,-4
103900057,25,118,-93
103900058,216,503,-287
103900059,0,30,-30
103900060,48,135,-87
103900061,138,44,94
103900062,178,62,116
103900063,1,0,1
103900064,101,4,97
103900065,504,275,229
103900066,123,21,102
103900067,151,5,146
103900068,7,0,7
103900069,74,15,59
103900070,131,146,-15
103900071,18,76,-58
103900072,14,121,-107
103900073,37,27,10
103900074,55,48,7
103900075,162,57,105
103900076,499,377,122
103900077,53,83,-30
103900078,197,57,140
103900079,126,132,-6
103900080,9,32,-23
103900081,117,33,84
103900082,7,137,-130
103900083,1283,810,473
103900084,48,77,-29
103900085,60,112,-52
103900086,540,220,320
103900088,274,421,-147
103900089,40,104,-64
103900090,2,83,-81
103900091,864,164,700
103900092,496,290,206
103900093,77,275,-198
103900094,10,90,-80
103900095,186,146,40
103900096,16,129,-113
103900097,5,269,-264
103900098,159,80,79
103900099,51,76,-25
103900100,168,268,-100
103900101,53,866,-813
103900102,3,17,-14
103900104,1,15,-14
103900105,82,183,-101
103900106,0,30,-30
103900107,95,156,-61
103900108,66,239,-173
103900109,123,55,68
103900110,162,35,127
103900111,69,389,-320
103900112,37,70,-33
103900113,106,203,-97
103900114,254,236,18
103900115,238,176,62
103900116,3493,2199,1294
103900117,89,42,47
103900119,25,78,-53
103900120,59,76,-17
103900122,97,113,-16
103900123,1119,584,535
103900124,52,339,-287
103900125,86,80,6
103900126,400,253,147
103900127,127,280,-153
103900128,88,125,-37
103900131,31,99,-68
103900133,687,18,669
103900134,1,5,-4
103900135,10,2,8
103900137,0,24,-24
103900138,113,202,-89
103900139,447,1375,-928
103900140,5,132,-127
103900141,151,36,115
103900142,165,103,62
103900143,58,1,57
103900144,0,16,-16
103900145,119,186,-67
103900146,218,138,80
103900147,197,94,103
103900148,149,144,5
103900149,272,410,-138
103900150,3687,2700,987
103900151,30,143,-113
103900152,393,299,94
103900153,12,3,9
103900154,413,1252,-839
103900155,45,148,-103
103900156,58,73,-15
103900157,38,76,-38
103900158,51,73,-22
103900159,113,45,68
103900160,37,46,-9
103900161,130,131,-1
103900162,51,128,-77
103900163,4,284,-280
103900167,14,72,-58
103900168,49,70,-21
103900169,32,50,-18
103900170,3,49,-46
103900171,0,36,-36
103900172,1,8,-7
103900173,15,19,-4
103900174,162,34,128
103900175,33,43,-10
103900176,1,17,-16
103900177,9,67,-58
103900178,55,32,23
103900179,52,87,-35
103900180,2,41,-39
103900181,41,33,8
103900182,28,14,14
103900184,334,87,247
103900185,88,253,-165
103900187,12,62,-50
103900188,22,23,-1
103900189,116,4,112
103900190,68,53,15
103900191,29,29,0
103900192,26,59,-33
103900193,86,97,-11
103900194,39,162,-123
103900195,4,62,-58
103900196,22,24,-2
103900197,14,26,-12
103900198,17,35,-18
103900199,93,40,53
103900200,94,71,23
103900201,94,101,-7
103900202,9,44,-35
103900203,21,20,1
103900204,1,71,-70
103900207,1,65,-64
103900208,52,2,50
103900209,3,59,-56
103900210,32,35,-3
103900211,454,245,209
103900212,84,244,-160
103900213,45,194,-149
103900214,198,187,11
103900215,311,253,58
103900216,9,248,-239
103900217,261,14,247
103900218,35,245,-210
103900219,119,160,-41
103900233,15,2,13
103900235,16,9,7
103900236,18,0,18
103900242,6,14,-8
103900243,5,3,2
103900244,72,122,-50
103900245,70,97,-27
103900246,46,28,18
103900247,23,64,-41
103900248,3,37,-34
103900249,20,62,-42
103900250,23,14,9
103900251,0,39,-39
103900253,22,87,-65
103900254,1,10,-9
103900255,5,6,-1
103900256,16,17,-1
103900257,93,75,18
103900258,19,6,13
103900259,69,8,61
103900261,1,2,-1
103900262,13,2,11
103900263,36,38,-2
103900264,45,20,25
103900265,59,13,46
103900266,1,62,-61
103900267,5,58,-53
103900268,8,53,-45
103900269,140,26,114
103900270,35,76,-41
103900271,22,41,-19
103900272,47,51,-4
103900273,24,24,0
103900274,75,2,73
103900275,25,1,24
103900276,7,27,-20
103900277,6,38,-32
103900278,5,20,-15
103900279,2,24,-22
103900280,0,48,-48
103900281,152,211,-59
103900282,13,9,4
103900283,57,19,38
103900284,14,8,6
103900285,15,81,-66
103900286,38,168,-130
103900287,1,66,-65
103900288,51,82,-31
103900289,11,0,11
103900290,93,47,46
103900291,43,0,43
103900292,8,5,3
103900293,12,13,-1
103900294,11,13,-2
104000001,1848,1336,512
104000002,1174,1945,-771
104000003,1805,1693,112
104000004,2024,1979,45
104000005,1172,1380,-208
104000006,2492,2028,464
104000007,2818,2358,460
104000008,184,215,-31
104000009,190,100,90
104000010,97,239,-142
104000011,331,260,71
104000012,129,292,-163
104000013,192,156,36
104000014,188,524,-336
104000015,269,81,188
104000016,510,307,203
104000018,666,134,532
104000019,526,153,373
104000020,141,460,-319
104000021,207,497,-290
104000022,91,231,-140
104000023,621,313,308
104000024,215,287,-72
104000026,57,281,-224
104000027,178,194,-16
104000028,278,176,102
104000029,383,317,66
104000030,272,158,114
104000031,984,374,610
104000032,225,221,4
104000033,504,452,52
104000034,264,225,39
104000035,730,353,377
104000036,630,444,186
104000037,260,166,94
104000038,160,286,-126
104000039,170,164,6
104000040,220,240,-20
104000041,897,408,489
104000042,97,101,-4
104000043,167,270,-103
104000044,184,485,-301
104000045,843,861,-18
104000046,884,1014,-130
104000047,530,776,-246
104000048,839,1079,-240
104000049,324,201,123
104000050,156,375,-219
104000051,100,416,-316
104000052,1384,1454,-70
104000053,583,285,298
104000054,279,249,30
104000055,2810,1750,1060
104000056,908,210,698
104000057,202,480,-278
104000058,1119,1108,11
104000059,307,605,-298
104000060,1051,1235,-184
104000061,1187,908,279
104000062,466,141,325
104000064,458,173,285
104000065,168,429,-261
104000069,753,796,-43
104000070,64,345,-281
104000071,233,380,-147
104000072,510,202,308
104000075,29,200,-171
104000076,391,49,342
104000082,1641,2204,-563
104000083,716,179,537
104000084,116,445,-329
104000085,281,252,29
104000086,144,419,-275
104000087,367,1331,-964
104000090,609,875,-266
104000092,993,1544,-551
104000094,561,946,-385
104000095,1401,1341,60
104000096,1059,122,937
104000097,1277,608,669
104000098,1738,697,1041
104000100,1240,526,714
104000101,620,988,-368
104000106,93,499,-406
104000107,529,343,186
104000108,260,407,-147
104000109,207,77,130
104000110,652,751,-99
104000111,2277,1463,814
104000112,1489,475,1014
104000116,3,662,-659
104000117,131,414,-283
104000118,420,163,257
104000119,449,232,217
104000120,187,415,-228
104000121,165,521,-356
104000122,525,617,-92
104000123,607,778,-171
104000124,639,1313,-674
104000125,2107,3296,-1189
104000126,283,308,-25
104000127,1156,2172,-1016
104000128,406,317,89
104000129,282,25,257
104000130,5,133,-128
104000131,536,395,141
104000132,482,505,-23
104000133,1174,662,512
104000134,686,1155,-469
104000135,370,1550,-1180
104000136,627,3284,-2657
104000137,1174,291,883
104000138,595,192,403
104000139,4274,2253,2021
104000141,844,950,-106
104000142,538,530,8
104000143,494,393,101
104000144,85,143,-58
104000145,384,185,199
104000146,268,403,-135
104000147,143,203,-60
104000148,300,131,169
104000149,155,222,-67
104000150,849,348,501
104000151,258,308,-50
104000152,490,347,143
104000153,532,447,85
104000154,878,410,468
104000155,405,501,-96
104000157,754,1055,-301
104000158,205,301,-96
104000159,630,360,270
104000160,1447,1375,72
104000161,159,141,18
104000162,49,112,-63
104000165,1012,876,136
104000167,1180,1123,57
104000168,400,3,397
104000169,98,25,73
104000170,366,507,-141
104000248,192,539,-347
104000251,51,172,-121
104000272,0,0,0
104000273,0,0,0
104000274,0,0,0
104000275,0,0,0
104000279,2253,1661,592
104000290,62,235,-173
104000291,812,1195,-383
104000293,671,733,-62
104000294,25,0,25
104000295,450,531,-81
104000296,274,506,-232
104000297,714,1275,-561
104000298,1454,651,803
104000299,577,1035,-458
104000302,122,91,31
104000303,110,141,-31
104900001,129,220,-91
104900002,37,133,-96
104900003,41,171,-130
104900004,77,171,-94
104900005,218,165,53
104900006,189,59,130
104900007,252,128,124
104900009,95,203,-108
104900010,47,23,24
104900011,9,7,2
104900012,199,32,167
104900013,99,26,73
104900014,1578,198,1380
104900015,92,10,82
104900016,186,133,53
104900017,151,110,41
104900018,5,118,-113
104900019,209,1700,-1491
104900020,38,157,-119
104900021,0,111,-111
104900022,17,170,-153
104900023,1,45,-44
104900024,16,159,-143
104900025,42,171,-129
104900026,3,56,-53
104900027,289,266,23
104900028,23,77,-54
104900029,37,41,-4
104900030,361,141,220
104900031,57,199,-142
104900032,41,84,-43
104900033,114,254,-140
104900034,233,117,116
104900035,232,119,113
104900036,174,56,118
104900037,111,149,-38
104900038,258,528,-270
104900039,409,235,174
104900040,300,63,237
104900041,188,142,46
104900042,92,172,-80
104900043,13,124,-111
104900044,419,120,299
104900045,403,54,349
104900046,130,95,35
104900047,220,50,170
104900048,159,46,113
104900049,27,22,5
104900050,196,59,137
104900051,202,21,181
104900052,53,1,52
104900053,309,96,213
104900054,96,22,74
104900055,85,1,84
104900056,118,19,99
104900057,35,0,35
104900058,438,162,276
104900059,172,77,95
104900061,164,366,-202
104900063,29,78,-49
104900064,0,33,-33
104900065,0,133,-133
104900066,2,71,-69
104900067,1,232,-231
104900068,9,146,-137
104900070,139,208,-69
104900071,0,301,-301
104900072,31,244,-213
104900073,33,109,-76
104900074,28,156,-128
104900075,41,37,4
104900076,61,223,-162
104900077,495,164,331
104900078,181,324,-143
104900079,66,288,-222
104900080,54,337,-283
104900082,21,346,-325
104900085,3,108,-105
104900089,141,2,139
104900091,395,415,-20
104900093,174,335,-161
104900097,1529,1477,52
104900098,85,43,42
104900099,53,355,-302
104900100,257,161,96
104900102,38,81,-43
104900103,302,55,247
104900106,71,81,-10
104900107,110,116,-6
104900108,19,108,-89
104900109,68,142,-74
104900110,11,45,-34
104900111,77,50,27
104900112,183,441,-258
104900113,536,227,309
104900114,244,335,-91
104900115,505,272,233
104900116,144,121,23
104900118,9,33,-24
104900119,3,37,-34
104900120,40,199,-159
104900121,0,51,-51
104900122,0,27,-27
104900123,49,8,41
104900124,42,1,41
104900125,368,97,271
104900126,50,26,24
104900127,14,38,-24
104900128,71,83,-12
104900129,1091,1323,-232
105000001,2133,1192,941
105000002,2052,1226,826
105000003,2821,2461,360
105000004,471,688,-217
105000005,599,871,-272
105000006,1072,1409,-337
105000007,975,1243,-268
105000008,1383,2567,-1184
105000009,1807,2483,-676
105000010,2418,1717,701
105000011,2773,2121,652
105000012,2872,2368,504
105000013,705,809,-104
105000014,1437,2136,-699
105000015,7559,11540,-3981
105000016,2489,1611,878
105000017,1488,666,822
105000018,884,1156,-272
105000019,933,597,336
105000020,184,327,-143
105000021,213,110,103
105000022,264,102,162
105000023,527,357,170
105000028,89,91,-2
105000029,412,1030,-618
105000030,3045,2165,880
105000031,2,19,-17
105000033,839,1407,-568
105000034,126,654,-528
105000037,521,198,323
105000038,1324,1444,-120
105000039,1851,1148,703
105000040,743,898,-155
105000041,346,811,-465
105000042,2191,1326,865
105000043,1283,1420,-137
105000044,489,368,121
105000045,291,577,-286
105000046,935,299,636
105000047,440,919,-479
105000048,508,195,313
105000049,213,408,-195
105000050,580,350,230
105000051,150,311,-161
105000052,438,613,-175
105000053,75,126,-51
105000054,329,575,-246
105000055,494,257,237
105000056,925,1373,-448
105000057,884,589,295
105000058,1031,919,112
105000059,664,486,178
105000060,393,516,-123
105000061,558,511,47
105000062,505,608,-103
105000063,329,393,-64
105000064,1237,620,617
105000065,338,441,-103
105000066,932,1006,-74
105000067,1097,581,516
105000068,401,756,-355
105000069,1361,1299,62
105000070,408,779,-371
105000071,244,632,-388
105000072,919,1592,-673
105000073,684,475,209
105000074,874,587,287
105000075,357,671,-314
105000076,851,690,161
105000077,2230,909,1321
105000078,915,1131,-216
105000079,1153,3193,-2040
105000080,1255,1095,160
105000081,3852,1334,2518
105000082,887,1792,-905
105000083,4657,3646,1011
105000084,482,624,-142
105000085,1301,1847,-546
105000086,613,708,-95
105000087,1062,1284,-222
105000088,1071,1222,-151
105000089,2012,1486,526
105000090,850,583,267
105000091,993,1092,-99
105000092,503,657,-154
105000093,221,228,-7
105000094,264,209,55
105000095,101,407,-306
105000096,1006,882,124
105000097,768,716,52
105000098,731,540,191
105000099,707,606,101
105000100,1057,846,211
105000101,1477,1328,149
105000102,1003,984,19
105000103,1028,1540,-512
105000104,1571,689,882
105000105,768,1497,-729
105000106,1016,1228,-212
105000107,1061,676,385
105000108,1235,1091,144
105000109,1123,1250,-127
105000110,665,422,243
105000111,630,522,108
105000112,1060,456,604
105000113,365,588,-223
105000114,1879,935,944
105000115,301,946,-645
105000116,576,464,112
105000117,762,678,84
105000118,412,310,102
105000119,441,638,-197
105000120,720,420,300
105000121,765,688,77
105000122,365,513,-148
105000123,812,825,-13
105000124,1445,622,823
105000125,663,1265,-602
105000126,1726,1328,398
105000127,1852,1335,517
105000128,540,767,-227
105000129,633,324,309
105000130,365,2840,-2475
105000131,585,267,318
105000132,677,602,75
105000133,393,640,-247
105000134,588,465,123
105000135,430,422,8
105000136,163,283,-120
105000137,414,162,252
105000138,208,288,-80
105000139,862,684,178
105000140,402,361,41
105000141,248,340,-92
105000142,200,371,-171
105000143,198,436,-238
105000144,222,695,-473
105000145,444,321,123
105000146,354,728,-374
105000147,555,260,295
105000148,1042,568,474
105000149,1906,1710,196
105000150,1497,1131,366
105000151,332,263,69
105000152,166,399,-233
105000153,446,551,-105
105000154,529,389,140
105000155,267,690,-423
105000156,703,506,197
105000157,725,1127,-402
105000158,1516,619,897
105000159,282,725,-443
105000160,1396,466,930
105000161,487,794,-307
105000162,504,1213,-709
105000163,849,681,168
105000164,227,168,59
105000165,667,3751,-3084
105000166,3497,706,2791
105000167,1173,995,178
105000168,391,500,-109
105000169,494,246,248
105000170,152,949,-797
105000171,822,147,675
105000172,164,20,144
105000173,141,30,111
105000174,53,32,21
105000175,51,100,-49
105000176,395,65,330
105000177,264,145,119
105000178,96,301,-205
105000179,376,95,281
105000180,140,92,48
105000181,97,188,-91
105000182,35,38,-3
105000183,1603,1556,47
105000184,1279,795,484
105000185,1007,897,110
105000186,511,685,-174
105000187,632,154,478
105000188,174,112,62
105000189,121,348,-227
105000190,216,216,0
105000191,302,269,33
105000192,261,73,188
105000193,69,107,-38
105000194,474,132,342
105000195,189,516,-327
105000196,87,298,-211
105000197,231,440,-209
105000198,578,208,370
105000199,348,646,-298
105000200,85,230,-145
105000201,75,39,36
105000203,6,193,-187
105000204,93,66,27
105000205,108,159,-51
105000207,325,160,165
105000208,196,402,-206
105000209,214,246,-32
105000211,210,18,192
105000212,947,819,128
105000213,137,154,-17
105000214,114,177,-63
105000215,233,173,60
105000216,123,242,-119
105000217,98,219,-121
105000218,1018,928,90
105000221,161,134,27
105000222,350,82,268
105000223,201,137,64
105000226,80,158,-78
105000227,64,102,-38
105000228,200,1503,-1303
105000229,108,442,-334
105000231,369,267,102
105000233,773,639,134
105000234,347,913,-566
105000235,305,493,-188
105000237,563,73,490
105000243,11,24,-13
105000248,48,55,-7
105000262,221,846,-625
105000269,98,158,-60
105000270,335,26,309
105000271,0,163,-163
105000282,76,42,34
105000287,314,80,234
105000288,386,283,103
105000289,2873,1887,986
105000290,27,8,19
105000402,2534,2954,-420
105000426,517,478,39
105000438,4062,1571,2491
105000440,32,26,6
105000446,8003,4234,3769
105000447,5031,2103,2928
105000454,378,504,-126
105000455,241,113,128
105000474,31,1,30
105000477,260,462,-202
105000478,1398,3359,-1961
105000479,96,96,0
105000480,9594,6853,2741
105000481,4411,2712,1699
105000482,4055,7297,-3242
105000483,1424,1710,-286
105000484,1752,2799,-1047
105000485,1171,2656,-1485
105000486,2714,1895,819
105000488,9975,4938,5037
105000489,625,647,-22
105000549,45,103,-58
105000550,546,1285,-739
105000551,50,93,-43
105000552,2155,1373,782
105000555,1345,913,432
105000556,45,29,16
105000557,48,176,-128
105900001,7,1126,-1119
105900002,730,489,241
105900003,10,85,-75
105900004,137,79,58
105900005,5,126,-121
105900006,7,92,-85
105900007,38,21,17
105900008,40,335,-295
105900009,19,13,6
105900011,68,26,42
105900012,294,77,217
105900013,1,22,-21
105900014,10,27,-17
105900015,90,213,-123
105900016,234,212,22
105900017,760,22,738
105900018,148,123,25
105900019,41,157,-116
105900020,45,52,-7
105900021,21,129,-108
105900022,158,119,39
105900023,11,50,-39
105900024,3,60,-57
105900025,148,14,134
105900026,135,17,118
105900027,5261,4230,1031
105900028,245,167,78
105900029,1078,224,854
105900030,109,183,-74
105900031,273,132,141
105900032,42,111,-69
105900033,68,71,-3
105900034,138,117,21
105900035,111,92,19
105900036,97,92,5
105900037,79,50,29
105900038,156,187,-31
105900039,130,78,52
105900040,48,76,-28
105900041,153,121,32
105900042,47,88,-41
105900043,869,44,825
105900044,2,139,-137
105900045,3,490,-487
105900046,0,195,-195
105900047,8,48,-40
105900048,83,346,-263
105900050,3893,3052,841
105900051,43,679,-636
105900052,303,204,99
105900053,1527,1559,-32
105900054,213,98,115
105900056,395,253,142
105900057,10,51,-41
105900058,10,14,-4
105900059,0,27,-27
106000001,3701,2028,1673
106000002,1952,4293,-2341
106000003,2138,2925,-787
106000004,1247,2034,-787
106000005,2616,4139,-1523
106000006,4686,2977,1709
106000007,453,535,-82
106000008,399,256,143
106000009,524,254,270
106000010,474,437,37
106000011,991,796,195
106000012,731,1075,-344
106000013,1297,1446,-149
106000014,1460,1174,286
106000015,1455,968,487
106000016,967,1467,-500
106000017,410,501,-91
106000018,540,408,132
106000019,278,299,-21
106000020,286,291,-5
106000021,268,423,-155
106000022,327,207,120
106000023,471,281,190
106000024,411,401,10
106000025,113,161,-48
106000026,103,192,-89
106000027,1078,982,96
106000028,423,336,87
106000029,551,745,-194
106000030,492,390,102
106000034,168,480,-312
106000035,589,1509,-920
106000036,193,334,-141
106000037,1703,1142,561
106000038,303,95,208
106000039,132,66,66
106000040,130,680,-550
106000041,639,492,147
106000043,537,242,295
106000046,292,53,239
106000047,32,295,-263
106000049,901,145,756
106000050,247,519,-272
106000051,491,249,242
106000052,123,458,-335
106000053,276,97,179
106000054,310,303,7
106000055,827,671,156
106000056,216,306,-90
106000057,285,229,56
106000058,113,127,-14
106000059,247,196,51
106000060,245,421,-176
106000061,222,350,-128
106000062,130,410,-280
106000063,552,486,66
106000064,33,232,-199
106000065,299,292,7
106000066,98,229,-131
106000067,284,74,210
106000068,46,464,-418
106000069,190,64,126
106000070,332,573,-241
106000071,800,297,503
106000072,2120,1301,819
106000073,1252,2339,-1087
106000074,514,504,10
106000075,288,1304,-1016
106000076,1662,1623,39
106000077,2739,1222,1517
106000078,809,804,5
106000079,575,625,-50
106000080,983,463,520
106000081,466,936,-470
106000082,1746,697,1049
106000083,445,1136,-691
106000084,1032,514,518
106000085,1189,1215,-26
106000086,522,699,-177
106000087,699,435,264
106000088,375,667,-292
106000089,761,289,472
106000090,194,493,-299
106000091,270,332,-62
106000092,436,211,225
106000093,269,89,180
106000094,67,211,-144
106000095,625,589,36
106000096,677,502,175
106000097,819,612,207
106000098,555,696,-141
106000099,188,510,-322
106000100,882,173,709
106000101,711,482,229
106000102,151,313,-162
106000103,215,158,57
106000104,247,174,73
106000105,427,463,-36
106000106,517,399,118
106000107,160,247,-87
106000108,382,336,46
106000109,151,213,-62
106000110,256,246,10
106000111,179,324,-145
106000112,161,284,-123
106000113,476,388,88
106000114,248,384,-136
106000115,319,448,-129
106000116,522,343,179
106000117,840,525,315
106000118,972,962,10
106000119,1065,711,354
106000120,601,802,-201
106000121,150,164,-14
106000122,99,146,-47
106000123,362,104,258
106000124,42,106,-64
106000125,22,142,-120
106000126,237,87,150
106000127,492,550,-58
106000128,771,209,562
106000129,615,471,144
106000130,574,503,71
106000131,148,575,-427
106000132,439,125,314
106000133,1108,911,197
106000134,480,1139,-659
106000135,419,564,-145
106000136,505,762,-257
106000137,68,433,-365
106000138,773,84,689
106000139,39,90,-51
106000140,41,37,4
106000141,68,51,17
106000142,60,50,10
106000143,44,53,-9
106000144,42,46,-4
106000145,178,182,-4
106000146,315,119,196
106000147,679,513,166
106000148,774,819,-45
106000149,453,442,11
106000150,413,1546,-1133
106000151,2676,514,2162
106000152,800,1322,-522
106000153,105,1100,-995
106000154,988,209,779
106000155,97,228,-131
106000156,539,179,360
106000157,393,1123,-730
106000158,1575,822,753
106000159,1946,1354,592
106000160,310,1979,-1669
106000161,1051,270,781
106000162,185,686,-501
106000163,308,309,-1
106000164,294,258,36
106000165,208,356,-148
106000166,465,213,252
106000167,235,571,-336
106000168,425,180,245
106000169,236,409,-173
106000170,653,236,417
106000171,177,804,-627
106000172,2215,1031,1184
106000173,690,1891,-1201
106000174,907,365,542
106000175,259,604,-345
106000176,1055,691,364
106000177,553,1596,-1043
106000178,2759,1452,1307
106000179,850,1691,-841
106000180,712,912,-200
106000181,615,1128,-513
106000182,1069,538,531
106000183,968,404,564
106000184,1601,487,1114
106000185,808,852,-44
106000186,657,98,559
106000187,162,836,-674
106000188,0,2,-2
106000189,15,28,-13
106000190,13,2,11
106000191,511,149,362
106000192,1,14,-13
106000193,315,176,139
106000194,155,267,-112
106000195,275,110,165
106000196,121,293,-172
106000197,542,171,371
106000198,118,170,-52
106000199,470,481,-11
106000200,138,160,-22
106000201,334,1690,-1356
106000202,2434,437,1997
106000203,28,157,-129
106000204,67,3,64
106000205,24,94,-70
106000206,77,15,62
106000207,31,443,-412
106000208,1112,137,975
106000209,1054,262,792
106000210,232,589,-357
106000211,249,819,-570
106000212,587,392,195
106000213,591,1371,-780
106000214,1377,438,939
106000215,200,372,-172
106000216,840,292,548
106000217,238,369,-131
106000218,354,303,51
106000219,128,263,-135
106000220,608,388,220
106000221,155,169,-14
106000222,51,79,-28
106000223,192,86,106
106000224,221,173,48
106000225,72,114,-42
106000226,131,184,-53
106000228,30,69,-39
106000229,77,476,-399
106000231,761,69,692
106000232,59,266,-207
106000233,409,77,332
106000234,44,147,-103
106000235,217,80,137
106000236,74,49,25
106000237,2,13,-11
106000238,33,5,28
106000239,1,71,-70
106000240,33,2,31
106000241,23,471,-448
106000242,231,24,207
106000249,41,74,-33
106000250,46,387,-341
106000251,59,20,39
106000252,12,38,-26
106000253,33,56,-23
106000254,58,29,29
106000255,21,149,-128
106000256,51,34,17
106000257,108,147,-39
106000258,99,24,75
106000259,1,32,-31
106000260,23,2,21
106000261,4,39,-35
106000262,63,13,50
106000263,5,37,-32
106000264,119,5,114
106000265,7,118,-111
106000266,85,21,64
106000267,4,67,-63
106000268,492,35,457
106000269,66,40,26
106000270,95,400,-305
106000271,74,196,-122
106000272,172,46,126
106000273,7,192,-185
106000274,130,32,98
106000275,100,163,-63
106000276,125,29,96
106000277,113,242,-129
106000278,190,27,163
106000279,14,28,-14
106000280,73,44,29
106000281,88,56,32
106000282,66,46,20
106000283,105,51,54
106000284,53,75,-22
106000285,115,69,46
106000286,86,93,-7
106000287,95,56,39
106000288,57,146,-89
106000289,76,56,20
106000290,62,75,-13
106000291,65,67,-2
106000292,71,77,-6
106000293,98,60,38
106000294,105,98,7
106000295,52,39,13
106000296,34,76,-42
106000297,51,193,-142
106000298,95,52,43
106000299,57,92,-35
106000300,59,75,-16
106000301,44,93,-49
106000303,21,46,-25
106000304,19,17,2
106000305,32,50,-18
106000306,45,23,22
106000307,44,21,23
106000308,18,73,-55
106000309,12,53,-41
106000310,336,500,-164
106000311,315,167,148
106000312,199,206,-7
106000313,194,179,15
106000318,71,366,-295
106000319,818,207,611
106000320,1,56,-55
106000321,157,69,88
106000322,110,127,-17
106000324,16,106,-90
106000325,1257,725,532
106000326,718,1330,-612
106000327,141,93,48
106000328,15,90,-75
106000329,47,170,-123
106000330,25,56,-31
106000428,108,206,-98
106000429,124,423,-299
106000430,297,1075,-778
106000431,1778,413,1365
106000432,1716,2461,-745
106000433,2087,1430,657
106000434,2543,1309,1234
106000435,1266,2104,-838
106000436,13,134,-121
106000437,276,43,233
106000438,363,136,227
106000439,62,354,-292
106000440,405,579,-174
106000441,2,0,2
106000442,108,5,103
106000443,110,193,-83
106000450,3,94,-91
106000451,34,42,-8
106000454,2,74,-72
106000455,4,152,-148
106000456,78,15,63
106000457,21,619,-598
106000458,649,53,596
106000459,152,210,-58
106000460,1146,14,1132
106000461,75,716,-641
106000462,1,21,-20
106000463,3,19,-16
106000464,5,347,-342
106000465,653,3,650
106000466,2,358,-356
106000467,240,303,-63
106000468,57,116,-59
106000469,91,0,91
106000470,241,1250,-1009
106000471,21,331,-310
106000472,113,6,107
106000473,45,9,36
106000474,451,393,58
106000475,316,191,125
106000476,251,348,-97
106000477,64,108,-44
106000480,0,244,-244
106900001,0,6,-6
106900002,1,271,-270
106900003,41,169,-128
106900004,0,12,-12
106900006,0,5,-5
106900007,0,6,-6
106900008,208,95,113
106900009,241,188,53
106900010,180,157,23
106900012,823,1077,-254
106900013,102,40,62
106900014,24,1,23
106900015,16,0,16
106900016,205,6,199
106900017,4,2,2
106900018,0,0,0
106900019,24,1,23
106900020,1140,902,238
106900021,156,108,48
106900022,604,1,603
106900023,3,150,-147
106900024,221,21,200
106900025,20,233,-213
106900026,0,359,-359
106900027,626,0,626
106900028,6,108,-102
106900029,134,9,125
106900030,5,117,-112
107000001,2871,2694,177
107000002,2262,3318,-1056
107000003,4649,4649,0
107000004,3499,3086,413
107000005,3654,4305,-651
107000006,2971,2924,47
107000007,4237,7720,-3483
107000008,8134,5640,2494
107000009,5467,6038,-571
107000010,7269,6537,732
107000011,1007,972,35
107000012,3002,2177,825
107000013,56,78,-22
107000014,85,206,-121
107000015,469,602,-133
107000016,575,615,-40
107000017,1514,812,702
107000018,11,489,-478
107000020,992,796,196
107000021,991,352,639
107000022,552,898,-346
107000023,1343,224,1119
107000024,453,1075,-622
107000025,214,303,-89
107000026,184,349,-165
107000027,1188,810,378
107000028,937,1067,-130
107000029,2567,2190,377
107000030,2159,2145,14
107000031,3403,1938,1465
107000032,363,731,-368
107000033,2351,2813,-462
107000034,2107,1114,993
107000035,272,197,75
107000036,325,950,-625
107000037,77,656,-579
107000038,216,189,27
107000039,699,641,58
107000040,149,255,-106
107000041,1255,663,592
107000042,622,1471,-849
107000043,1989,972,1017
107000044,473,235,238
107000045,67,207,-140
107000046,647,351,296
107000047,346,678,-332
107000048,556,202,354
107000049,614,649,-35
107000050,1042,554,488
107000051,289,321,-32
107000052,923,775,148
107000053,307,160,147
107000054,73,241,-168
107000055,290,106,184
107000056,537,588,-51
107000057,1226,189,1037
107000058,1790,1913,-123
107000059,1658,2671,-1013
107000060,3407,4331,-924
107000061,3698,2631,1067
107000062,3689,2435,1254
107000063,3437,3635,-198
107000064,3558,1862,1696
107000065,2891,3441,-550
107000066,1396,2153,-757
107000067,876,976,-100
107000068,994,590,404
107000069,690,490,200
107000070,1156,8,1148
107000071,2779,58,2721
107000072,29,2031,-2002
107000073,686,328,358
107000074,140,695,-555
107000075,1479,549,930
107000076,538,1087,-549
107000077,3188,1406,1782
107000078,2216,2447,-231
107000079,2273,1053,1220
107000080,968,2434,-1466
107000081,1574,515,1059
107000082,450,1219,-769
107000083,1171,349,822
107000084,313,1170,-857
107000085,2557,2868,-311
107000086,2928,2804,124
107000087,2560,1817,743
107000088,2664,2843,-179
107000089,1334,1442,-108
107000090,719,897,-178
107000091,1313,680,633
107000092,717,848,-131
107000093,1144,736,408
107000094,861,974,-113
107000095,561,497,64
107000096,451,523,-72
107000097,599,309,290
107000098,509,466,43
107000099,380,227,153
107000100,259,209,50
107000101,61,159,-98
107000102,148,229,-81
107000103,213,175,38
107000104,188,226,-38
107000105,275,140,135
107000106,180,172,8
107000107,548,135,413
107000108,107,412,-305
107000109,492,180,312
107000110,59,412,-353
107000111,313,40,273
107000112,72,299,-227
107000113,604,119,485
107000114,108,483,-375
107000115,515,158,357
107000116,95,633,-538
107000117,109,551,-442
107000118,172,139,33
107000119,1053,1264,-211
107000120,1039,393,646
107000121,828,626,202
107000122,1179,700,479
107000123,502,486,16
107000124,499,709,-210
107000125,963,510,453
107000126,760,626,134
107000129,211,662,-451
107000130,659,206,453
107000131,345,558,-213
107000132,518,252,266
107000133,496,82,414
107000134,252,2,250
107000135,2,158,-156
107000136,642,6,636
107000137,20,286,-266
107000138,351,25,326
107000139,12,384,-372
107000140,1024,100,924
107000141,107,552,-445
107000142,407,78,329
107000143,57,495,-438
107000144,502,329,173
107000145,111,365,-254
107000146,177,241,-64
107000147,3078,881,2197
107000150,484,1939,-1455
107000151,26,87,-61
107000152,449,1222,-773
107000153,136,295,-159
107000154,272,262,10
107000155,665,13,652
107000156,975,20,955
107000157,29,1136,-1107
107000158,663,26,637
107000159,32,691,-659
107000160,903,123,780
107000161,61,960,-899
107000162,230,394,-164
107000163,179,2,177
107000164,645,2,643
107000165,813,1,812
107000166,45,801,-756
107000167,482,167,315
107000168,868,397,471
107000169,536,676,-140
107000170,1831,595,1236
107000171,563,1236,-673
107000172,857,1243,-386
107000173,581,702,-121
107000174,831,3830,-2999
107000175,4617,1188,3429
107000176,0,1,-1
107000177,0,0,0
107000178,14,51,-37
107000179,318,1505,-1187
107000180,1190,270,920
107000181,456,933,-477
107000182,1656,706,950
107000183,139,572,-433
107000184,1032,560,472
107000185,354,1005,-651
107000186,904,318,586
107000187,1041,1010,31
107000188,469,575,-106
107000189,388,751,-363
107000190,491,542,-51
107000191,658,960,-302
107000192,1419,558,861
107000193,292,359,-67
107000194,835,569,266
107000197,779,235,544
107000198,266,594,-328
107000199,479,487,-8
107000200,478,480,-2
107000201,380,257,123
107000202,285,441,-156
107000203,589,745,-156
107000204,764,1128,-364
107000205,1806,668,1138
107000206,598,1017,-419
107000207,522,789,-267
107000208,756,466,290
107000209,1498,1205,293
107000210,648,343,305
107000211,5,54,-49
107000212,18,236,-218
107000213,5,37,-32
107000214,10,87,-77
107000215,262,255,7
107000216,359,265,94
107000217,98,129,-31
107000219,54,112,-58
107000220,112,114,-2
107000222,218,501,-283
107000224,309,87,222
107000225,111,289,-178
107000226,271,82,189
107000227,48,214,-166
107000228,63,262,-199
107000229,134,78,56
107000230,851,356,495
107000231,1245,1551,-306
107000232,128,26,102
107000233,1040,780,260
107000234,0,45,-45
107000235,61,4,57
107000236,12,323,-311
107000237,13,3,10
107000238,25,0,25
107000239,2139,373,1766
107000240,95,638,-543
107000243,0,26,-26
107000244,3,47,-44
107000246,2,819,-817
107000249,4,922,-918
107000251,0,259,-259
107000252,1,686,-685
107000255,213,68,145
107000257,1,297,-296
107000258,0,73,-73
107000259,0,132,-132
107000260,609,4,605
107000262,17,421,-404
107000263,222,1,221
107000266,10,4,6
107000267,67,95,-28
107000268,78,110,-32
107000269,482,99,383
107000270,3,8,-5
107000271,27,438,-411
107000272,38,94,-56
107000273,0,175,-175
107000274,578,3,575
107000275,249,831,-582
107000280,793,26,767
107000281,40,638,-598
107000282,13,553,-540
107000290,2,18,-16
107000291,21,10,11
107000292,0,61,-61
107000293,38,6,32
107000294,0,21,-21
107000295,18,4,14
107000296,0,14,-14
107000444,253,3,250
107000496,6,16,-10
107000497,1221,1561,-340
107000500,309,306,3
107000501,75,133,-58
107000502,160,242,-82
107000505,271,625,-354
107000506,1,37,-36
107000508,2,398,-396
107000509,195,562,-367
107000510,40,20,20
107000514,38,191,-153
107000515,15,159,-144
107000516,309,178,131
107000518,896,1128,-232
107000519,1277,653,624
107000520,89,28,61
107000521,539,334,205
107000522,810,445,365
107900001,79,174,-95
107900002,61,2,59
107900003,229,42,187
107900004,1,1,0
107900005,1167,4,1163
107900006,140,0,140
107900007,193,39,154
107900008,101,12,89
107900009,137,5,132
107900010,15,3,12
107900012,254,26,228
107900013,151,21,130
107900014,25,7,18
107900015,745,4,741
107900016,270,55,215
107900017,14,2,12
107900018,45,96,-51
107900019,26,38,-12
107900020,38,27,11
107900021,75,99,-24
107900023,1,2,-1
107900024,0,16,-16
107900025,129,154,-25
107900026,65,35,30
107900027,13,50,-37
107900028,88,74,14
107900030,166,32,134
107900031,43,57,-14
107900032,13,3,10
107900033,26,2,24
107900034,250,14,236
107900035,663,42,621
107900036,55,10,45
107900037,1,37,-36
107900038,116,174,-58
107900039,18,36,-18
107900040,58,143,-85
107900041,4,1,3
107900043,54,67,-13
107900044,9,4,5
107900045,105,36,69
107900046,86,173,-87
107900047,31,51,-20
107900048,161,9,152
107900049,232,513,-281
107900050,88,221,-133
107900051,95,36,59
107900052,51,35,16
107900053,46,55,-9
107900055,343,139,204
107900056,90,32,58
107900057,4,0,4
107900058,31,381,-350
107900060,24,36,-12
107900061,10,4,6
107900063,50,73,-23
107900064,208,91,117
107900065,156,6,150
107900066,18,1,17
107900067,1,0,1
107900068,66,380,-314
107900069,25,1448,-1423
107900070,97,34,63
107900071,9,419,-410
107900072,98,85,13
107900073,154,74,80
107900074,641,320,321
107900076,86,29,57
107900077,68,0,68
107900079,8,17,-9
107900080,158,618,-460
107900081,50,76,-26
107900082,16,13,3
107900083,243,94,149
107900084,77,105,-28
107900086,83,118,-35
107900087,441,168,273
107900088,40,11,29
107900089,193,519,-326
107900090,318,1435,-1117
107900091,147,231,-84
107900093,59,60,-1
107900095,2384,1723,661
107900097,9,53,-44
107900098,45,157,-112
107900100,751,936,-185
107900101,756,167,589
107900102,26,7,19
107900103,27,134,-107
107900104,181,4,177
107900105,2,306,-304
107900106,2,681,-679
107900107,547,357,190
107900108,154,110,44
107900109,1064,9,1055
107900110,60,61,-1
107900111,4,544,-540
107900112,53,258,-205
107900113,174,54,120
107900114,111,134,-23
107900115,1,19,-18
107900116,139,125,14
107900117,255,221,34
107900118,75,100,-25
107900119,66,164,-98
107900120,19,22,-3
107900121,6,97,-91
107900122,1,34,-33
107900123,4,32,-28
107900124,11,24,-13
107900125,33,141,-108
107900126,1,52,-51
107900127,247,239,8
107900128,47,89,-42
107900129,51,26,25
107900130,63,10,53
107900131,488,211,277
107900132,112,254,-142
107900133,1,66,-65
107900134,24,78,-54
107900135,8,121,-113
107900136,16,22,-6
107900137,114,114,0
107900138,63,41,22
107900139,29,33,-4
107900141,32,19,13
107900142,42,499,-457
107900143,55,17,38
107900144,2,121,-119
107900145,10,55,-45
107900146,33,72,-39
107900147,35,18,17
107900148,79,67,12
107900149,614,170,444
107900150,49,458,-409
107900151,32,73,-41
107900152,4,76,-72
107900153,90,222,-132
107900154,54,22,32
107900155,42,45,-3
107900156,2,215,-213
107900157,21,37,-16
107900158,600,25,575
107900159,8,454,-446
107900160,136,159,-23
107900161,18,114,-96
107900162,2,19,-17
107900163,34,49,-15
107900164,2,50,-48
107900165,31,59,-28
107900166,11,133,-122
107900167,27,50,-23
107900168,34,24,10
107900169,0,112,-112
107900171,10,809,-799
107900172,2,162,-160
107900173,15,72,-57
107900174,114,1,113
107900175,8,20,-12
107900176,23,34,-11
107900177,0,30,-30
107900178,0,115,-115
107900179,24,80,-56
107900180,426,492,-66
107900181,229,187,42
107900182,2,780,-778
107900183,34,135,-101
107900184,68,206,-138
107900185,115,3,112
107900186,9,26,-17
107900187,0,73,-73
107900188,483,99,384
107900189,13,66,-53
107900190,33,112,-79
107900191,33,91,-58
107900193,8,60,-52
107900194,118,5,113
107900195,1520,229,1291
107900196,66,76,-10
107900197,531,354,177
107900199,1,712,-711
107900201,56,76,-20
107900203,33,50,-17
107900204,141,125,16
107900206,779,270,509
107900207,2,451,-449
107900208,10,386,-376
107900209,286,94,192
107900210,65,73,-8
107900213,338,301,37
107900214,9,89,-80
107900215,104,243,-139
107900216,147,49,98
107900217,32,49,-17
107900218,6,914,-908
107900219,40,64,-24
107900220,127,207,-80
107900221,107,123,-16
107900223,72,300,-228
107900224,62,248,-186
107900225,3,337,-334
107900226,123,76,47
107900227,90,255,-165
107900228,14,64,-50
107900229,4,147,-143
107900230,7,92,-85
107900231,21,111,-90
107900232,86,96,-10
107900233,4,91,-87
107900234,66,48,18
107900235,21,86,-65
107900236,88,46,42
107900237,42,211,-169
107900238,21,57,-36
107900239,541,348,193
107900240,19,77,-58
107900241,12,51,-39
107900242,25,162,-137
107900243,2,41,-39
107900244,167,0,167
107900245,486,38,448
107900246,149,11,138
107900248,224,148,76
107900249,576,8,568
107900250,2,314,-312
107900251,59,954,-895
107900252,734,24,710
107900253,140,4,136
107900254,42,143,-101
107900255,169,80,89
107900256,532,360,172
107900257,114,71,43
107900258,79,116,-37
107900259,56,1390,-1334
107900261,0,156,-156
107900262,36,67,-31
107900264,343,8,335
107900265,136,91,45
107900267,221,12,209
107900268,24,2,22
107900269,1,2,-1
107900270,0,1,-1
107900271,2,8,-6
107900272,83,28,55
107900273,38,58,-20
107900274,69,0,69
107900275,23,1,22
107900276,1,56,-55
107900277,0,132,-132
107900278,266,269,-3
107900279,55,137,-82
107900280,1454,1522,-68
107900281,866,1818,-952
107900282,40,389,-349
107900283,579,366,213
107900284,354,452,-98
107900285,105,47,58
107900286,88,68,20
107900287,169,160,9
107900290,0,84,-84
107900291,362,37,325
107900292,95,116,-21
107900293,65,322,-257
107900295,36,19,17
107900297,0,191,-191
107900298,657,640,17
107900299,2030,1719,311
107900301,438,685,-247
107900302,86,33,53
107900303,143,156,-13
107900304,223,270,-47
107900305,166,2,164
107900306,8,21,-13
107900307,65,206,-141
107900308,130,93,37
107900309,72,1,71
107900310,202,1,201
107900311,1,213,-212
107900312,26,0,26
107900313,3,106,-103
107900314,5,41,-36
107900315,2,24,-22
107900316,21,1,20
107900317,36,9,27
107900318,4,73,-69
107900319,3,99,-96
107900320,0,91,-91
107900321,106,6,100
107900322,0,85,-85
107900323,5,93,-88
107900324,117,2,115
107900325,84,0,84
107900326,209,153,56
107900327,2,39,-37
107900328,107,1,106
107900329,54,58,-4
107900330,3,202,-199
107900331,200,19,181
107900332,201,27,174
107900333,35,17,18
107900334,4,101,-97
107900335,51,35,16
107900336,28,52,-24
107900337,736,595,141
107900338,0,134,-134
107900339,6,19,-13
107900340,0,38,-38
107900341,35,2,33
107900342,143,73,70
107900343,34,4,30
107900344,11,56,-45
107900345,103,20,83
107900346,15,2,13
107900347,20,2,18
107900348,1,2,-1
107900349,20,10,10
107900350,18,184,-166
107900351,4,110,-106
107900352,1,14,-13
107900353,8,6,2
107900354,21,68,-47
108000001,2573,3097,-524
108000002,1640,2004,-364
108000003,2837,3073,-236
108000004,9871,11485,-1614
108000005,6747,5953,794
108000006,6902,6322,580
108000007,4145,3718,427
108000008,3725,4965,-1240
108000009,2872,3970,-1098
108000010,2702,3404,-702
108000011,9669,10100,-431
108000012,13329,11964,1365
108000014,859,534,325
108000015,808,242,566
108000016,225,570,-345
108000017,1026,315,711
108000018,1709,464,1245
108000019,1483,681,802
108000020,1284,523,761
108000021,305,1389,-1084
108000022,350,1009,-659
108000023,1093,185,908
108000024,221,401,-180
108000025,277,261,16
108000026,660,330,330
108000027,637,454,183
108000028,687,225,462
108000029,418,572,-154
108000030,475,184,291
108000031,192,404,-212
108000032,1373,577,796
108000033,628,789,-161
108000034,1257,377,880
108000035,538,1524,-986
108000036,298,773,-475
108000037,1466,336,1130
108000038,2221,556,1665
108000039,507,1451,-944
108000040,1530,887,643
108000041,587,1675,-1088
108000042,271,203,68
108000043,216,214,2
108000044,464,175,289
108000045,268,404,-136
108000046,1116,252,864
108000047,356,701,-345
108000048,140,275,-135
108000049,715,198,517
108000050,96,467,-371
108000051,309,103,206
108000052,173,516,-343
108000053,377,183,194
108000054,401,830,-429
108000055,854,469,385
108000056,1055,1105,-50
108000057,552,1009,-457
108000058,1703,3395,-1692
108000059,2800,1548,1252
108000060,179,519,-340
108000061,275,345,-70
108000062,689,469,220
108000063,397,353,44
108000064,164,202,-38
108000065,502,398,104
108000066,1166,658,508
108000067,1559,542,1017
108000068,726,354,372
108000069,199,769,-570
108000070,1404,675,729
108000071,547,1140,-593
108000072,1362,897,465
108000073,1143,1288,-145
108000074,503,383,120
108000075,343,605,-262
108000076,674,457,217
108000077,478,544,-66
108000078,1620,1062,558
108000079,652,1175,-523
108000080,985,431,554
108000081,436,1095,-659
108000082,705,1396,-691
108000083,1437,800,637
108000084,304,802,-498
108000085,555,404,151
108000086,690,474,216
108000087,122,1679,-1557
108000088,587,189,398
108000089,271,242,29
108000091,264,355,-91
108000092,122,75,47
108000093,175,385,-210
108000094,484,59,425
108000095,148,221,-73
108000096,247,145,102
108000097,151,285,-134
108000098,1493,1024,469
108000099,1041,286,755
108000100,152,416,-264
108000101,991,1234,-243
108000102,1382,3009,-1627
108000106,990,3,987
108000107,2,548,-546
108000108,531,33,498
108000109,9,510,-501
108000110,164,267,-103
108000111,148,465,-317
108000112,61,153,-92
108000113,447,207,240
108000115,273,196,77
108000117,504,290,214
108000118,493,1568,-1075
108000119,547,282,265
108000120,121,642,-521
108000121,164,400,-236
108000122,426,283,143
108000123,522,166,356
108000124,279,374,-95
108000125,310,181,129
108000126,159,306,-147
108000127,608,231,377
108000128,566,364,202
108000129,231,737,-506
108000130,257,157,100
108000131,821,449,372
108000132,1549,1033,516
108000133,848,449,399
108000134,461,428,33
108000135,918,333,585
108000136,274,636,-362
108000137,419,194,225
108000138,302,694,-392
108000139,506,298,208
108000140,106,28,78
108000141,27,42,-15
108000142,47,48,-1
108000143,37,305,-268
108000144,357,56,301
108000145,50,17,33
108000146,510,38,472
108000147,23,16,7
108000148,467,60,407
108000149,15,7,8
108000150,35,7,28
108000151,156,67,89
108000152,93,396,-303
108000153,462,119,343
108000154,74,9,65
108000155,59,14,45
108000156,599,325,274
108000157,96,783,-687
108000158,87,691,-604
108000159,442,195,247
108000160,2231,958,1273
108000161,1555,1704,-149
108000165,3,120,-117
108000172,5,264,-259
108000173,1258,1599,-341
108000175,452,105,347
108000178,279,251,28
108000179,172,730,-558
108000181,60,33,27
108000182,256,99,157
108000183,46,283,-237
108000184,800,1788,-988
108000185,152,266,-114
108000186,320,389,-69
108000187,91,323,-232
108000188,556,213,343
108000189,1239,5964,-4725
108000190,46,125,-79
108000192,192,472,-280
108000193,534,10,524
108000194,52,6,46
108000195,2,746,-744
108000196,120,105,15
108000198,567,267,300
108000199,1,177,-176
108000200,327,369,-42
108000203,115,421,-306
108000204,148,66,82
108000205,197,256,-59
108000339,929,353,576
108000364,247,503,-256
108000365,46,211,-165
108000367,103,223,-120
108000368,6,52,-46
108000369,680,214,466
108000371,11,453,-442
108000372,583,8,575
108000373,206,96,110
108000376,89,33,56
108000377,344,190,154
108000378,7632,8654,-1022
108000379,18,173,-155
108000381,68,5,63
108000382,164,0,164
108000383,1,177,-176
108900001,53,810,-757
108900002,127,39,88
108900003,256,498,-242
108900004,161,429,-268
108900007,209,170,39
108900008,100,130,-30
108900009,132,98,34
108900010,211,108,103
108900011,424,284,140
108900012,305,355,-50
108900013,155,207,-52
108900014,14,92,-78
108900015,1,65,-64
108900016,0,154,-154
108900017,207,326,-119
108900018,172,266,-94
108900019,20,446,-426
108900020,31,109,-78
108900021,138,144,-6
108900022,81,8,73
108900023,18,27,-9
108900024,31,98,-67
108900025,78,78,0
108900026,13,65,-52
108900027,1,42,-41
108900028,85,248,-163
108900029,53,195,-142
108900030,0,76,-76
108900031,111,261,-150
108900032,8,138,-130
108900033,0,67,-67
108900034,1,113,-112
108900035,274,820,-546
108900038,0,194,-194
108900039,2,306,-304
108900040,4,76,-72
108900041,3632,2732,900
108900042,7,271,-264
108900043,27,320,-293
108900044,2,291,-289
108900045,88,340,-252
108900046,48,505,-457
108900047,20,120,-100
108900048,70,598,-528
108900049,2010,904,1106
108900050,1,186,-185
108900051,0,127,-127
108900052,26,117,-91
108900053,58,115,-57
108900054,42,152,-110
108900055,34,228,-194
108900056,0,112,-112
108900057,0,114,-114
108900058,38,250,-212
108900059,335,31,304
108900060,115,119,-4
108900061,67,18,49
108900062,5,147,-142
108900063,14,168,-154
108900064,167,30,137
108900065,8,209,-201
108900066,320,85,235
108900067,9,97,-88
108900068,4,112,-108
108900069,58,36,22
108900070,32,75,-43
108900071,86,53,33
108900072,1273,416,857
108900073,34,215,-181
108900074,174,226,-52
108900075,18,43,-25
108900076,261,62,199
108900077,115,261,-146
108900078,24,105,-81
108900079,702,144,558
108900080,20,607,-587
108900081,41,168,-127
108900082,78,84,-6
108900083,13,179,-166
108900085,1384,118,1266
108900086,94,201,-107
108900087,110,113,-3
108900088,779,351,428
108900089,13,104,-91
108900090,49,186,-137
108900091,109,64,45
108900092,419,282,137
108900093,83,68,15
108900094,202,67,135
108900095,30,200,-170
108900096,303,18,285
108900097,267,162,105
108900098,1509,594,915
108900099,348,179,169
108900100,75,115,-40
108900101,174,132,42
108900102,60,680,-620
108900103,71,142,-71
108900105,8,967,-959
108900106,378,218,160
108900108,262,37,225
108900109,276,65,211
108900110,270,259,11
108900111,392,349,43
108900113,37,60,-23
108900114,79,13,66
108900115,53,64,-11
108900116,45,18,27
108900117,138,16,122
108900118,500,23,477
108900119,202,28,174
108900120,257,138,119
108900121,233,81,152
108900122,119,22,97
108900123,131,126,5
108900124,399,215,184
108900125,344,4,340
108900126,97,23,74
108900127,146,13,133
108900128,115,36,79
108900129,602,129,473
108900130,276,3,273
108900131,301,5,296
108900132,426,62,364
108900133,140,57,83
108900134,347,199,148
108900135,143,11,132
108900136,27,0,27
108900137,133,1,132
108900138,718,25,693
108900140,274,218,56
108900141,330,26,304
108900142,90,14,76
108900143,55,1,54
108900144,69,2,67
108900145,185,4,181
108900146,79,0,79
108900147,188,0,188
108900148,66,10,56
108900150,230,5,225
108900151,156,11,145
108900152,148,2,146
108900153,126,151,-25
108900154,3468,339,3129
108900156,78,5,73
108900157,116,443,-327
108900158,232,12,220
108900159,1,162,-161
108900160,12,216,-204
108900161,5,257,-252
108900162,92,2,90
108900163,5,194,-189
108900164,58,67,-9
108900168,5177,2121,3056
108900169,48,104,-56
108900171,4417,2245,2172
108900172,140,46,94
108900173,121,241,-120
108900174,763,523,240
108900176,90,348,-258
108900177,3413,3722,-309
108900178,2630,2535,95
108900180,81,254,-173
108900183,154,151,3
108900184,426,191,235
108900185,101,263,-162
108900186,76,279,-203
108900189,358,143,215
108900190,31,1658,-1627
108900192,81,162,-81
108900195,116,135,-19
108900196,26,183,-157
108900199,203,228,-25
108900200,543,355,188
108900201,326,1130,-804
108900203,288,83,205
108900204,239,12,227
108900205,106,24,82
108900206,290,59,231
108900207,160,64,96
108900208,20,221,-201
108900209,199,356,-157
108900210,117,137,-20
108900211,149,473,-324
108900212,521,1183,-662
108900215,48,304,-256
108900216,369,144,225
108900217,111,1,110
108900218,97,16,81
108900221,46,102,-56
108900224,22,97,-75
108900225,0,150,-150
108900227,84,236,-152
108900230,140,198,-58
108900232,0,178,-178
108900233,286,61,225
108900234,283,135,148
108900235,111,419,-308
108900236,14,167,-153
108900240,81,67,14
108900241,16,30,-14
108900245,5,784,-779
108900250,137,71,66
108900258,13,155,-142
108900259,40,40,0
108900260,8,77,-69
108900261,76,97,-21
108900262,114,122,-8
108900263,34,120,-86
108900264,525,259,266
108900265,606,323,283
108900266,514,478,36
108900267,16,72,-56
108900268,15,5,10
108900269,91,8,83
108900270,51,4,47
108900271,53,17,36
108900272,154,9,145
108900273,668,645,23
108900274,69,39,30
109000001,2337,1262,1075
109000002,1252,1269,-17
109000003,2246,365,1881
109000004,401,1671,-1270
109000005,2241,587,1654
109000006,617,1706,-1089
109000007,1194,497,697
109000008,345,1332,-987
109000009,3047,1257,1790
109000010,1222,2748,-1526
109000011,2652,1796,856
109000012,1539,2435,-896
109000013,2670,2422,248
109000014,1347,2218,-871
109000015,3994,7385,-3391
109000016,4539,2502,2037
109000017,2053,1114,939
109000018,705,2143,-1438
109000019,2297,1334,963
109000020,874,1494,-620
109000023,258,36,222
109000024,5,153,-148
109000025,291,423,-132
109000026,664,253,411
109000027,58,262,-204
109000028,148,61,87
109000029,81,131,-50
109000030,77,476,-399
109000031,142,167,-25
109000032,104,368,-264
109000033,270,221,49
109000034,63,43,20
109000035,15,50,-35
109000036,52,256,-204
109000037,146,1100,-954
109000038,438,336,102
109000039,721,538,183
109000040,1743,4316,-2573
109000041,2096,1368,728
109000042,467,936,-469
109000044,338,154,184
109000045,227,293,-66
109000046,263,71,192
109000047,82,330,-248
109000048,986,434,552
109000049,226,387,-161
109000050,489,466,23
109000051,204,212,-8
109000052,437,662,-225
109000053,1065,248,817
109000054,94,280,-186
109000055,151,191,-40
109000056,290,230,60
109000057,456,477,-21
109000058,1533,262,1271
109000059,884,1338,-454
109000060,711,291,420
109000061,650,811,-161
109000062,89,256,-167
109000063,167,121,46
109000064,166,109,57
109000065,118,126,-8
109000066,281,56,225
109000067,45,203,-158
109000068,2529,17,2512
109000069,826,25,801
109000070,6,1160,-1154
109000071,300,73,227
109000072,97,446,-349
109000073,51,81,-30
109000074,24,110,-86
109000075,71,276,-205
109000076,176,288,-112
109000077,298,292,6
109000078,104,160,-56
109000079,164,106,58
109000080,212,83,129
109000081,135,389,-254
109000082,598,151,447
109000083,291,518,-227
109000088,98,330,-232
109000089,245,62,183
109000090,144,302,-158
109000091,242,187,55
109000092,305,361,-56
109000093,140,154,-14
109000094,486,6,480
109000095,104,289,-185
109000096,528,300,228
109000097,128,117,11
109000098,34,136,-102
109000099,844,208,636
109000100,176,395,-219
109000101,1280,569,711
109000102,279,508,-229
109000103,602,446,156
109000104,1368,484,884
109000105,360,820,-460
109000106,1714,601,1113
109000107,456,1272,-816
109000108,1495,491,1004
109000109,349,1237,-888
109000110,935,422,513
109000111,666,1317,-651
109000112,249,100,149
109000113,300,133,167
109000114,90,226,-136
109000115,1070,87,983
109000116,18,555,-537
109000117,203,73,130
109000118,11,257,-246
109000119,944,198,746
109000120,163,542,-379
109000121,655,86,569
109000122,122,513,-391
109000123,61,162,-101
109000124,540,303,237
109000125,681,230,451
109000126,389,503,-114
109000127,1265,288,977
109000128,472,996,-524
109000129,1619,671,948
109000130,732,1532,-800
109000131,1356,1027,329
109000132,1084,2017,-933
109000133,284,827,-543
109000134,631,1151,-520
109000135,964,1150,-186
109000136,268,192,76
109000137,232,352,-120
109000138,443,222,221
109000139,425,330,95
109000140,196,461,-265
109000141,661,458,203
109000142,126,359,-233
109000143,80,74,6
109000145,116,312,-196
109000146,103,105,-2
109000148,2117,1022,1095
109000149,14,48,-34
109000150,124,297,-173
109000155,635,477,158
109000156,747,447,300
109000158,68,181,-113
109000159,66,292,-226
109000160,736,146,590
109000161,251,644,-393
109000162,1475,492,983
109000163,763,1087,-324
109000164,1121,2079,-958
109000165,1034,423,611
109000166,611,84,527
109000167,115,371,-256
109000170,29,27,2
109000171,62,30,32
109000172,49,65,-16
109000173,24,47,-23
109000174,54,51,3
109000175,132,223,-91
109000176,165,221,-56
109000177,15,59,-44
109000178,567,253,314
109000179,3011,3307,-296
109000180,3113,2368,745
109000181,11,15,-4
109000182,50,12,38
109000183,64,20,44
109000184,23,11,12
109000185,11,30,-19
109000188,353,1284,-931
109000189,1670,631,1039
109000190,538,343,195
109000191,307,359,-52
109000192,345,125,220
109000193,146,223,-77
109000194,281,64,217
109000195,76,230,-154
109000196,237,89,148
109000197,117,290,-173
109000198,315,45,270
109000199,108,289,-181
109000206,193,26,167
109000207,109,36,73
109000208,83,88,-5
109000209,115,126,-11
109000210,130,394,-264
109000211,438,339,99
109000214,498,558,-60
109000215,125,38,87
109000216,258,232,26
109000217,121,88,33
109000218,238,130,108
109000221,449,877,-428
109000222,901,310,591
109000223,272,242,30
109000224,38,116,-78
109000225,48,16,32
109000226,57,166,-109
109000227,804,722,82
109000228,3,1028,-1025
109000231,4,209,-205
109000232,402,252,150
109000236,215,612,-397
109000241,1780,1649,131
109000242,1643,1164,479
109000293,51,166,-115
109000361,188,180,8
109000364,128,320,-192
109000396,1,319,-318
109000397,415,7,408
109000399,128,298,-170
109000400,68,185,-117
109000403,111,1229,-1118
109000406,254,5,249
109000407,232,162,70
109000408,0,328,-328
109000410,777,181,596
109000411,196,32,164
109000412,6,55,-49
109900001,98,0,98
109900002,750,9,741
109900003,231,2,229
109900005,32,6,26
109900006,281,134,147
109900007,698,391,307
109900008,0,15,-15
109900009,89,306,-217
109900010,446,11,435
109900011,68,35,33
109900012,199,139,60
109900013,347,102,245
109900014,324,43,281
109900015,243,114,129
109900016,154,16,138
109900017,131,223,-92
109900018,190,45,145
109900019,277,33,244
109900020,47,19,28
109900021,49,11,38
109900022,147,148,-1
109900023,11,3,8
109900024,20,2,18
109900025,6,7,-1
109900027,40,38,2
109900028,842,730,112
109900029,1,149,-148
109900030,36,15,21
109900031,1,66,-65
109900032,2,209,-207
109900033,1,284,-283
109900034,60,5,55
109900035,12,13,-1
109900036,13,56,-43
109900037,26,395,-369
109900038,72,131,-59
109900039,13,0,13
109900040,15,366,-351
109900041,50,211,-161
109900042,20,309,-289
109900044,68,147,-79
109900045,163,62,101
109900046,127,80,47
109900047,250,268,-18
109900048,1,71,-70
109900049,3,15,-12
109900050,0,101,-101
109900051,0,27,-27
109900052,52,203,-151
109900053,2,186,-184
109900054,497,176,321
109900055,40,199,-159
109900056,12,216,-204
109900057,0,107,-107
109900058,0,89,-89
109900060,360,85,275
109900061,45,226,-181
109900062,0,121,-121
109900064,546,172,374
109900065,71,121,-50
109900066,262,596,-334
109900067,1,150,-149
109900068,54,4,50
109900069,3,30,-27
109900071,1,24,-23
109900072,33,102,-69
109900073,320,278,42
109900074,10,34,-24
109900075,14,17,-3
109900076,28,201,-173
109900077,20,48,-28
109900078,70,157,-87
109900080,106,217,-111
109900081,29,242,-213
109900082,37,235,-198
109900083,28,40,-12
109900084,59,86,-27
109900085,165,397,-232
109900086,114,277,-163
109900087,119,304,-185
109900089,607,169,438
109900092,270,9,261
109900093,763,125,638
109900094,101,108,-7
109900095,101,124,-23
109900096,24,4,20
109900097,54,8,46
109900098,279,29,250
109900099,182,2,180
109900100,26,0,26
109900101,320,8,312
109900102,386,17,369
109900103,26,38,-12
109900104,470,513,-43
109900105,459,21,438
109900106,273,64,209
109900107,420,57,363
109900108,103,223,-120
109900109,27,101,-74
109900111,187,542,-355
109900114,763,743,20
109900115,184,67,117
109900117,726,103,623
109900121,305,408,-103
109900123,11,114,-103
109900125,0,109,-109
109900126,223,67,156
109900130,3838,1664,2174
109900131,79,93,-14
109900132,23,96,-73
109900134,47,55,-8
109900135,276,64,212
109900137,78,215,-137
109900140,161,135,26
109900149,25,48,-23
109900150,9,75,-66
109900151,2,27,-25
109900152,4,35,-31
109900153,2,27,-25
109900154,36,1,35
109900155,59,16,43
109900157,35,150,-115
109900159,114,28,86
109900161,185,65,120
109900162,159,95,64
109900163,472,202,270
109900164,40,153,-113
109900165,146,4,142
109900166,2,105,-103
109900167,105,276,-171
109900168,163,441,-278
109900169,165,113,52
109900170,184,569,-385
109900171,135,61,74
109900172,121,197,-76
109900173,1698,1988,-290
109900174,46,84,-38
109900175,59,59,0
109900176,70,122,-52
109900177,24,130,-106
109900178,3,80,-77
109900179,16,10,6
109900180,2,7,-5
110000001,882,462,420
110000002,478,625,-147
110000003,631,593,38
110000004,392,570,-178
110000005,370,1185,-815
110000006,235,254,-19
110000007,76,103,-27
110000008,15,53,-38
110000009,39,30,9
110000010,47,36,11
110000011,35,56,-21
110000012,402,355,47
110000013,41,364,-323
110000014,460,304,156
110000015,247,469,-222
110000016,193,1079,-886
110000017,1683,214,1469
110000018,1558,254,1304
110000019,5,90,-85
110000020,392,179,213
110000021,402,272,130
110000022,530,113,417
110000023,4,129,-125
110000024,516,251,265
110000025,306,6,300
110000026,7,201,-194
110000027,857,810,47
110000028,716,550,166
110000029,425,607,-182
110000030,236,280,-44
110000031,264,338,-74
110000032,600,351,249
110000033,299,86,213
110000034,343,494,-151
110000035,745,384,361
110000036,636,496,140
110000037,205,297,-92
110000038,170,415,-245
110000039,478,1852,-1374
110000040,223,234,-11
110000041,237,938,-701
110000042,106,251,-145
110000043,545,224,321
110000044,41,163,-122
110000045,322,82,240
110000046,4,15,-11
110000047,54,20,34
110000048,13,27,-14
110000049,44,9,35
110000050,19,32,-13
110000051,38,3,35
110000052,24,37,-13
110000053,33,3,30
110000054,48,176,-128
110000055,200,26,174
110000056,195,66,129
110000057,306,448,-142
110000058,851,401,450
110000059,782,481,301
110000060,628,795,-167
110000061,633,607,26
110000062,475,716,-241
110000063,44,78,-34
110000064,93,45,48
110000065,59,39,20
110000066,72,31,41
110000067,79,118,-39
110000068,310,113,197
110000069,207,52,155
110000071,126,99,27
110000073,15,13,2
110000075,3,50,-47
110000076,202,230,-28
110000077,293,608,-315
110000078,25,33,-8
110000080,299,483,-184
110000081,45,210,-165
110000082,52,266,-214
110000083,232,578,-346
110000084,1043,647,396
110000085,1352,1303,49
110000086,1029,1749,-720
110000087,6,38,-32
110000088,80,193,-113
110000089,254,103,151
110000090,127,154,-27
110000091,688,183,505
110000092,11,61,-50
110000093,75,6,69
110000094,372,208,164
110000095,150,447,-297
110000096,1391,1589,-198
110000097,920,977,-57
110000098,1615,559,1056
110000099,630,1292,-662
110000100,795,316,479
110000101,28,278,-250
110000102,113,30,83
110000104,258,115,143
110000105,57,197,-140
110000106,585,364,221
110000107,240,308,-68
110000108,114,69,45
110000109,171,186,-15
110000110,2287,3243,-956
110000111,3973,2123,1850
110000112,1026,1192,-166
110000113,285,1873,-1588
110000114,146,390,-244
110000115,298,246,52
110000116,72,46,26
110000117,188,210,-22
110000118,312,115,197
110000119,170,226,-56
110000120,316,156,160
110000121,73,287,-214
110000122,334,339,-5
110000123,508,337,171
110000124,1,626,-625
110000125,908,21,887
110000126,322,20,302
110000127,1028,48,980
110000128,27,775,-748
110000129,6,474,-468
110000130,369,171,198
110000131,71,329,-258
110000132,2,470,-468
110000133,20,323,-303
110000134,17,255,-238
110000135,152,27,125
110000136,37,171,-134
110000137,420,455,-35
110000138,581,516,65
110000139,663,802,-139
110000140,737,638,99
110000143,533,294,239
110000144,4280,1596,2684
110000145,1581,1012,569
110000146,1172,517,655
110000147,267,403,-136
110000148,389,148,241
110000151,734,986,-252
110000152,631,367,264
110000153,80,23,57
110000154,7,23,-16
110000155,1029,3711,-2682
110000156,922,2191,-1269
110000157,1453,1862,-409
110000160,329,198,131
110000161,201,221,-20
110000166,372,70,302
110000167,615,455,160
110000168,732,490,242
110000169,827,331,496
110000170,72,50,22
110000171,462,126,336
110000172,130,568,-438
110000173,787,930,-143
110000174,105,585,-480
110000175,504,59,445
110000176,72,251,-179
110000177,183,663,-480
110000178,333,1026,-693
110000179,870,303,567
110000180,191,154,37
110000181,285,302,-17
110000182,343,98,245
110000183,5150,4811,339
110000184,279,1562,-1283
110000185,551,500,51
110000186,554,561,-7
110000191,935,231,704
110000192,485,4,481
110000193,925,9,916
110000194,11,722,-711
110000195,447,178,269
110000196,384,238,146
110000197,78,77,1
110000198,97,54,43
110000199,97,85,12
110000200,745,402,343
110000201,526,751,-225
110000202,891,502,389
110000203,596,544,52
110000204,5,148,-143
110000205,87,61,26
110000206,404,790,-386
110000207,822,298,524
110000208,139,158,-19
110000209,157,532,-375
110000210,917,410,507
110000211,595,545,50
110000212,354,757,-403
110000213,144,82,62
110000214,228,110,118
110000215,151,224,-73
110000216,96,225,-129
110000217,254,174,80
110000218,164,214,-50
110000219,294,54,240
110000220,95,168,-73
110000221,311,62,249
110000222,71,161,-90
110000223,5,208,-203
110000224,113,14,99
110000225,241,486,-245
110000226,221,49,172
110000227,530,471,59
110000228,202,185,17
110000229,0,152,-152
110000230,401,522,-121
110000231,131,177,-46
110000232,189,198,-9
110000233,170,194,-24
110000234,495,376,119
110000235,655,770,-115
110000236,527,485,42
110000237,1661,860,801
110000238,988,1172,-184
110000239,1607,918,689
110000240,0,37,-37
110000242,0,10,-10
110000243,120,82,38
110000244,81,208,-127
110000245,35,211,-176
110000246,610,408,202
110000247,914,3822,-2908
110000248,1621,1198,423
110000249,37,6,31
110000250,16,136,-120
110000251,311,471,-160
110000252,137,150,-13
110000253,1142,642,500
110000254,559,996,-437
110000255,183,627,-444
110000256,328,226,102
110000257,527,340,187
110000258,14,245,-231
110000259,82,17,65
110000260,16,159,-143
110000263,370,57,313
110000264,217,272,-55
110000265,731,1330,-599
110000266,1388,2079,-691
110000267,18,81,-63
110000268,196,213,-17
110000269,1,58,-57
110000270,49,1,48
110000271,810,186,624
110000272,830,841,-11
110000273,2379,1167,1212
110000274,134,1017,-883
110000275,1236,382,854
110000276,220,205,15
110000277,250,249,1
110000278,241,590,-349
110000279,639,594,45
110000280,299,327,-28
110000281,57,310,-253
110000282,208,29,179
110000283,50,74,-24
110000284,37,48,-11
110000285,5,389,-384
110000286,16,0,16
110000287,54,3,51
110000288,2,71,-69
110000289,331,1316,-985
110000290,646,480,166
110000291,3202,1053,2149
110000292,1154,3205,-2051
110000293,480,478,2
110000294,859,826,33
110000295,125,592,-467
110000296,352,263,89
110000297,2107,266,1841
110000298,212,461,-249
110000299,257,103,154
110000301,197,17,180
110000302,357,576,-219
110000303,282,7,275
110000304,133,162,-29
110000305,793,15,778
110000306,145,710,-565
110000307,1249,5,1244
110000308,387,5,382
110000309,5,471,-466
110000310,542,53,489
110000311,17,440,-423
110000312,343,76,267
110000313,1902,2895,-993
110000314,0,223,-223
110000315,2216,1895,321
110000316,444,1023,-579
110000317,261,289,-28
110000318,8,48,-40
110000319,4,14,-10
110000320,53,34,19
110000321,14,29,-15
110000322,324,238,86
110000323,353,144,209
110000324,2418,1319,1099
110000325,1836,1929,-93
110000327,282,163,119
110000328,160,235,-75
110000333,604,479,125
110000334,604,1001,-397
110000335,506,407,99
110000336,505,725,-220
110000337,960,455,505
110000338,431,162,269
110000339,210,158,52
110000340,30,127,-97
110000341,391,394,-3
110000342,233,0,233
110000343,0,10,-10
110000344,40,92,-52
110000345,81,73,8
110000346,1758,1404,354
110000347,869,568,301
110000348,23,20,3
110000349,28,11,17
110000350,36,5,31
110000351,811,604,207
110000352,534,1074,-540
110000353,1685,517,1168
110000354,967,2129,-1162
110000355,54,32,22
110000356,438,5,433
110000357,290,14,276
110000361,11,26,-15
110000362,45,11,34
110000363,314,100,214
110000364,214,241,-27
110000365,105,2,103
110000366,0,51,-51
110000367,271,123,148
110000368,2,43,-41
110000369,28,0,28
110000373,0,186,-186
110000374,72,11,61
110000375,75,650,-575
110000376,33,103,-70
110000377,57,332,-275
110000378,31,224,-193
110000379,1842,1411,431
110000380,51,5,46
110000383,0,1146,-1146
110000384,2103,1060,1043
110000385,0,133,-133
110000387,55,7,48
110000388,46,198,-152
110000389,774,3,771
110000391,468,167,301
110000396,137,147,-10
110000397,130,92,38
110000398,5,27,-22
110000399,108,0,108
110000587,86,47,39
110000589,199,116,83
110000640,195,58,137
110000652,2,82,-80
110000653,296,309,-13
110000654,155,412,-257
110000656,2,416,-414
110000674,24,10,14
110000675,12,9,3
110000676,3,10,-7
110000679,328,970,-642
110000682,94,154,-60
110000683,243,434,-191
110000684,1,14,-13
110000685,5,5,0
110000686,0,21,-21
110000687,30,3,27
110000688,40,663,-623
110000689,20,47,-27
110000692,48,88,-40
110000693,46,227,-181
110000694,0,128,-128
110000695,142,467,-325
110000696,62,56,6
110000698,44,647,-603
110000699,104,315,-211
110900001,181,16,165
110900002,199,105,94
110900003,597,380,217
110900004,413,115,298
110900005,1568,1575,-7
110900006,48,7,41
110900007,84,25,59
110900008,16,36,-20
110900009,348,78,270
110900010,15,40,-25
110900011,16,57,-41
110900012,8,53,-45
110900013,749,108,641
110900014,254,15,239
110900015,334,448,-114
110900016,71,113,-42
110900017,283,30,253
110900018,263,39,224
110900019,143,21,122
110900020,84,217,-133
110900021,55,355,-300
110900022,74,180,-106
110900023,67,262,-195
110900024,29,221,-192
110900025,5,64,-59
110900027,42,112,-70
110900028,31,57,-26
110900029,12,218,-206
110900030,50,158,-108
110900031,12,108,-96
110900032,0,39,-39
110900033,25,132,-107
110900035,16,332,-316
110900036,60,26,34
110900037,43,30,13
110900038,445,140,305
110900039,3,167,-164
110900040,145,36,109
110900041,8,65,-57
110900042,58,31,27
110900043,10,85,-75
110900044,110,12,98
110900045,32,249,-217
110900046,23,183,-160
110900047,238,154,84
110900049,42,46,-4
110900050,13,4,9
110900052,10,167,-157
110900053,79,17,62
110900054,15,124,-109
110900055,20,0,20
110900056,42,73,-31
110900057,6,133,-127
110900058,147,77,70
110900059,454,344,110
110900060,394,109,285
110900061,18,33,-15
110900062,125,112,13
110900063,25,49,-24
110900064,33,13,20
110900065,295,105,190
110900066,6,41,-35
110900067,144,333,-189
110900068,177,167,10
110900069,4,12,-8
110900070,86,51,35
110900071,154,315,-161
110900073,1,12,-11
110900074,241,78,163
110900075,285,49,236
110900077,651,478,173
110900078,34,44,-10
110900079,1954,1181,773
110900080,94,65,29
110900081,4,27,-23
110900082,105,52,53
110900083,76,28,48
110900084,46,67,-21
110900085,32,132,-100
110900086,55,263,-208
110900087,236,61,175
110900088,10,5,5
110900090,17,29,-12
110900091,3,23,-20
110900093,127,70,57
110900095,47,20,27
110900097,23,9,14
110900098,16,52,-36
110900099,26,224,-198
110900100,0,15,-15
110900102,41,15,26
110900105,280,158,122
110900108,5,19,-14
110900111,283,83,200
110900112,658,4,654
110900113,427,26,401
110900115,6,35,-29
110900116,526,1099,-573
110900118,119,2428,-2309
110900119,2395,256,2139
110900120,13,42,-29
110900121,115,0,115
110900122,386,156,230
110900125,400,408,-8
110900127,521,1055,-534
110900128,291,546,-255
110900129,259,755,-496
110900130,842,528,314
110900131,142,22,120
110900132,197,38,159
110900133,40,112,-72
110900135,36,220,-184
110900136,265,17,248
110900139,6,0,6
110900140,6,0,6
110900141,226,128,98
110900142,35,90,-55
110900143,94,51,43
110900144,4,474,-470
110900145,102,31,71
110900146,211,159,52
110900147,85,244,-159
110900148,4,203,-199
110900149,0,32,-32
110900150,26,14,12
110900151,5,56,-51
110900152,34,177,-143
110900153,121,38,83
111000001,465,484,-19
111000002,694,497,197
111000003,1116,483,633
111000004,314,755,-441
111000005,1151,839,312
111000006,669,1440,-771
111000007,3020,2032,988
111000008,1579,2176,-597
111000009,430,643,-213
111000010,669,202,467
111000011,324,1154,-830
111000012,727,391,336
111000013,341,978,-637
111000014,1019,436,583
111000017,106,731,-625
111000018,210,362,-152
111000020,502,1917,-1415
111000021,65,96,-31
111000023,100,84,16
111000025,2949,3119,-170
111000029,44,88,-44
111000030,34,89,-55
111000031,1575,938,637
111000032,375,301,74
111000033,182,315,-133
111000034,164,195,-31
111000037,1102,766,336
111000038,3102,1769,1333
111000039,1584,1527,57
111000040,1514,1850,-336
111000041,1600,1365,235
111000042,2261,1854,407
111000043,1547,2465,-918
111000044,1570,1177,393
111000045,1819,1998,-179
111000046,1202,1514,-312
111000047,1833,3153,-1320
111000049,446,453,-7
111000050,1254,1097,157
111000051,396,848,-452
111000052,440,1448,-1008
111000053,277,662,-385
111000054,307,659,-352
111000055,850,1155,-305
111000056,99,331,-232
111000057,61,378,-317
111000058,350,39,311
111000059,332,246,86
111000060,3041,761,2280
111000061,463,277,186
111000062,619,269,350
111000063,1404,779,625
111000064,549,506,43
111000065,838,737,101
111000066,416,295,121
111000067,378,516,-138
111000068,574,972,-398
111000069,1313,1427,-114
111000070,1031,707,324
111000071,189,349,-160
111000072,1013,448,565
111000073,298,906,-608
111000074,1212,1378,-166
111000075,1018,540,478
111000076,328,389,-61
111000077,1571,1619,-48
111000078,2749,1631,1118
111000079,1111,648,463
111000080,483,536,-53
111000081,1215,2857,-1642
111000082,612,535,77
111000084,664,448,216
111000085,814,898,-84
111000086,1798,884,914
111000087,653,498,155
111000088,3134,1729,1405
111000089,697,577,120
111000090,752,1137,-385
111000091,771,375,396
111000092,1083,675,408
111000093,576,878,-302
111000094,1355,953,402
111000095,566,1730,-1164
111000096,1326,6068,-4742
111000097,3225,1471,1754
111000098,632,987,-355
111000099,538,1280,-742
111000100,307,994,-687
111000101,327,623,-296
111000102,231,374,-143
111000104,478,116,362
111000107,105,396,-291
111000109,369,203,166
111000110,1203,487,716
111000111,1711,421,1290
111000112,1497,497,1000
111000113,848,1204,-356
111000114,1993,2490,-497
111000115,4419,995,3424
111000116,745,763,-18
111000117,346,714,-368
111000118,919,694,225
111000119,881,774,107
111000120,412,446,-34
111000121,250,531,-281
111000122,563,710,-147
111000123,858,1795,-937
111000124,370,1673,-1303
111000125,175,831,-656
111000126,79,656,-577
111000127,802,145,657
111000128,1507,214,1293
111000129,2139,344,1795
111000130,1641,484,1157
111000131,1463,449,1014
111000132,1177,671,506
111000133,183,144,39
111000134,162,111,51
111000135,51,145,-94
111000136,407,260,147
111000138,13,1,12
111000140,6,6,0
111000141,168,245,-77
111000142,10,97,-87
111000143,2,119,-117
111000144,26,354,-328
111000145,1268,22,1246
111000146,171,9,162
111000147,321,35,286
111000148,100,38,62
111000149,2,29,-27
111000150,21,4,17
111000151,3,9,-6
111000153,525,648,-123
111000154,722,138,584
111000155,88,116,-28
111000156,292,560,-268
111000157,221,841,-620
111000158,636,575,61
111000159,1668,615,1053
111000160,401,244,157
111000161,4,223,-219
111000162,63,97,-34
111000163,638,631,7
111000164,464,2608,-2144
111000165,774,336,438
111000166,1783,343,1440
111000167,157,325,-168
111000168,164,345,-181
111000169,259,559,-300
111000170,447,371,76
111000171,459,462,-3
111000172,143,304,-161
111000173,352,582,-230
111000174,222,253,-31
111000175,37,179,-142
111000176,208,126,82
111000177,287,199,88
111000178,979,236,743
111000179,226,127,99
111000180,181,375,-194
111000181,994,194,800
111000182,173,178,-5
111000183,282,276,6
111000184,351,204,147
111000185,287,383,-96
111000186,250,206,44
111000187,90,115,-25
111000188,193,331,-138
111000189,864,510,354
111000190,178,269,-91
111000191,184,242,-58
111000192,211,410,-199
111000193,296,272,24
111000194,60,280,-220
111000195,136,233,-97
111000196,97,171,-74
111000197,367,137,230
111000198,530,80,450
111000199,202,110,92
111000200,335,244,91
111000201,485,177,308
111000202,256,169,87
111000203,316,242,74
111000204,421,995,-574
111000213,191,418,-227
111000214,1291,1132,159
111000215,1045,1101,-56
111000217,1075,750,325
111000218,921,833,88
111000219,452,162,290
111000220,1043,464,579
111000221,590,93,497
111000224,77,291,-214
111000225,400,294,106
111000226,92,3,89
111000227,32,2,30
111000228,22,248,-226
111000229,50,632,-582
111000230,231,216,15
111000231,954,481,473
111000232,360,622,-262
111000233,742,559,183
111000234,106,361,-255
111000239,88,116,-28
111000240,35,178,-143
111000241,26,203,-177
111000242,136,48,88
111000243,79,380,-301
111000244,360,82,278
111000245,808,279,529
111000246,539,313,226
111000247,236,642,-406
111000248,662,354,308
111000249,371,522,-151
111000250,45,61,-16
111000251,57,54,3
111000253,5,8,-3
111000255,25,4,21
111000257,59,15,44
111000260,68,713,-645
111000261,1023,67,956
111000271,35,246,-211
111000273,2463,1211,1252
111000274,1000,1694,-694
111000275,108,62,46
111000276,186,1205,-1019
111000277,123,285,-162
111000278,491,161,330
111000291,745,4169,-3424
111000298,416,157,259
111000299,568,83,485
111000300,59,429,-370
111000302,196,59,137
111000303,66,175,-109
111000312,72,54,18
111000315,11,103,-92
111000320,220,495,-275
111000321,272,110,162
111000322,277,304,-27
111000323,185,19,166
111000324,306,194,112
111000325,41,56,-15
111000326,223,222,1
111000327,357,266,91
111000328,200,407,-207
111000329,1,33,-32
111000330,61,5,56
111000331,7,5,2
111000332,450,1108,-658
111000334,319,940,-621
111000335,744,200,544
111000337,1168,296,872
111000338,34,80,-46
111000339,395,219,176
111000340,66,367,-301
111000341,1019,549,470
111000342,229,649,-420
111000344,825,565,260
111000345,188,60,128
111000346,27,86,-59
111000347,156,3,153
111000350,149,106,43
111000351,98,297,-199
111000352,130,77,53
111000353,85,196,-111
111000354,385,88,297
111000355,253,414,-161
111000358,100,704,-604
111000360,121,436,-315
111000361,138,181,-43
111000546,556,413,143
111000547,270,309,-39
111000548,92,276,-184
111000549,220,191,29
111000550,75,751,-676
111000551,541,188,353
111000552,1384,121,1263
111000907,375,5,370
111000908,34,2,32
111000916,1295,203,1092
111000917,47,353,-306
111000918,162,488,-326
111000920,454,16,438
111000921,16,150,-134
111000922,371,197,174
111000924,23,442,-419
111000925,2005,1520,485
111000926,989,1384,-395
111000927,2486,3367,-881
111000928,3212,2504,708
111000929,926,1024,-98
111000930,577,1709,-1132
111000931,1572,2343,-771
111000932,3233,1712,1521
111000933,2770,1803,967
111000934,1562,2530,-968
111000935,1193,708,485
111000936,1007,1497,-490
111000937,906,1089,-183
111000938,1275,1166,109
111000939,401,33,368
111000940,364,132,232
111000941,240,279,-39
111000943,382,216,166
111000944,154,250,-96
111000945,58,993,-935
111001109,431,302,129
111001110,127,403,-276
111001111,96,9,87
111001112,94,1,93
111001113,11,160,-149
111001114,663,112,551
111001115,68,435,-367
111001116,3689,3376,313
111001117,631,1823,-1192
111001120,104,161,-57
111001121,195,210,-15
111001122,197,340,-143
111001123,239,122,117
111001124,91,160,-69
111001125,6,137,-131
111001126,0,0,0
111001127,0,34,-34
111001128,489,479,10
111001129,0,158,-158
111900001,1,167,-166
111900002,0,338,-338
111900003,0,212,-212
111900004,37,49,-12
111900006,7,38,-31
111900007,48,1,47
111900008,130,3,127
111900009,121,3,118
111900010,275,280,-5
111900012,60,58,2
111900013,8,5,3
111900014,3292,3213,79
111900015,0,44,-44
111900016,0,85,-85
111900017,1,65,-64
111900018,184,7,177
111900019,2,83,-81
111900020,1,47,-46
111900021,23,77,-54
111900022,4,49,-45
111900023,54,68,-14
111900024,91,113,-22
111900025,1,27,-26
111900026,0,62,-62
111900027,2,120,-118
111900028,7,237,-230
111900029,5,69,-64
111900030,21,234,-213
111900032,0,224,-224
111900033,1,45,-44
111900034,200,331,-131
111900035,50,108,-58
111900036,0,180,-180
111900038,187,380,-193
111900039,46,284,-238
111900040,0,341,-341
111900042,13,105,-92
111900043,2,234,-232
111900044,325,122,203
111900046,45,111,-66
111900048,206,429,-223
111900049,23,129,-106
111900050,80,22,58
111900051,5,133,-128
111900052,336,242,94
111900053,686,1003,-317
111900054,92,3,89
111900055,12,222,-210
111900056,92,261,-169
111900057,122,66,56
111900058,299,384,-85
111900059,999,403,596
111900060,202,0,202
111900061,8,115,-107
111900062,17,53,-36
111900063,223,147,76
111900064,91,147,-56
111900065,69,21,48
111900066,116,119,-3
111900067,2,162,-160
111900068,54,37,17
111900069,62,17,45
111900070,130,99,31
111900071,4,106,-102
111900072,56,21,35
111900073,568,107,461
111900074,11,101,-90
111900075,76,8,68
111900076,114,52,62
111900077,71,3,68
111900078,234,13,221
111900079,23,54,-31
111900080,202,241,-39
111900082,126,32,94
111900083,112,7,105
111900084,76,8,68
111900085,21,93,-72
111900086,35,7,28
111900087,44,1,43
111900088,412,10,402
111900089,90,6,84
111900090,32,28,4
111900091,158,6,152
111900092,76,2,74
111900093,385,8,377
111900094,114,0,114
111900095,140,13,127
111900096,189,27,162
111900097,59,0,59
111900098,147,0,147
111900099,47,0,47
111900100,95,1,94
111900101,77,24,53
111900102,327,281,46
111900103,81,84,-3
111900104,79,79,0
111900105,240,133,107
111900106,428,35,393
111900110,953,251,702
111900111,131,2,129
111900112,307,1914,-1607
111900113,199,57,142
111900118,268,91,177
111900119,273,116,157
111900122,100,106,-6
111900123,18,22,-4
111900124,41,74,-33
111900125,422,23,399
111900126,142,0,142
111900127,1,446,-445
111900128,0,252,-252
111900129,186,6,180
111900130,113,14,99
111900131,538,2,536
111900132,16,560,-544
111900133,27,251,-224
111900134,7,198,-191
111900135,6,20,-14
111900136,69,160,-91
111900137,64,51,13
111900138,11,45,-34
111900139,15,79,-64
111900140,66,20,46
111900141,44,14,30
111900142,89,27,62
111900143,41,76,-35
111900144,2,51,-49
111900145,0,247,-247
111900146,0,159,-159
111900147,99,264,-165
111900148,19,379,-360
111900149,2,163,-161
111900150,7,77,-70
111900151,5,10,-5
111900152,43,67,-24
111900153,954,485,469
111900154,9,220,-211
111900155,31,74,-43
111900156,38,60,-22
111900157,72,12,60
111900158,432,53,379
111900159,254,15,239
111900160,224,0,224
111900161,136,0,136
111900162,53,128,-75
111900163,45,175,-130
111900164,72,37,35
111901113,333,122,211
111901114,108,216,-108
111901115,59,0,59
111901116,26,0,26
111901117,21,27,-6
111901118,62,124,-62
111901119,446,40,406
111901121,109,113,-4
111901122,2,319,-317
111901123,172,238,-66
111901124,171,3,168
111901125,357,215,142
111901127,364,247,117
111901128,7,39,-32
111901129,0,66,-66
111901130,4,77,-73
111901131,6,183,-177
111901132,107,25,82
111901133,34,4,30
111901134,46,0,46
111901135,19,8,11
111901138,168,39,129
111901139,14,10,4
111901140,20,29,-9
111901141,17,70,-53
111901142,1,68,-67
111901143,2,45,-43
111901144,31,42,-11
111901145,97,228,-131
111901146,290,19,271
111901147,306,16,290
111901148,16,14,2
111901149,14,1,13
111901150,24,0,24
111901151,0,0,0
111901152,10,25,-15
112000001,1500,524,976
112000002,523,1589,-1066
112000003,981,782,199
112000004,499,633,-134
112000005,2571,2968,-397
112000006,1805,1200,605
112000007,2117,1605,512
112000008,1780,3098,-1318
112000009,2340,1998,342
112000010,2102,2581,-479
112000011,1199,1050,149
112000012,2403,3221,-818
112000013,3017,1935,1082
112000014,2156,1959,197
112000015,2789,2277,512
112000016,2507,1027,1480
112000017,990,1769,-779
112000024,1873,667,1206
112000026,2149,3120,-971
112000027,669,549,120
112000028,977,1088,-111
112000029,373,553,-180
112000030,150,55,95
112000031,902,3229,-2327
112000032,317,31,286
112000033,1187,1463,-276
112000034,298,52,246
112000035,55,271,-216
112000036,461,796,-335
112000037,531,543,-12
112000038,945,655,290
112000039,98,51,47
112000040,64,215,-151
112000041,422,362,60
112000042,888,316,572
112000050,1029,991,38
112000051,753,1008,-255
112000054,1001,1132,-131
112000057,242,357,-115
112000058,231,472,-241
112000059,320,473,-153
112000061,2077,1281,796
112000062,957,522,435
112000063,646,1083,-437
112000064,3116,3950,-834
112000065,1494,1830,-336
112000066,2972,1207,1765
112000067,722,581,141
112000068,2472,2214,258
112000069,579,1200,-621
112000070,1345,760,585
112000071,829,1855,-1026
112000072,1747,740,1007
112000073,1265,1592,-327
112000074,1210,913,297
112000075,1243,1063,180
112000076,2563,1955,608
112000077,556,444,112
112000078,1620,534,1086
112000079,1089,1040,49
112000080,617,580,37
112000081,1242,1756,-514
112000082,1164,650,514
112000083,538,944,-406
112000084,1042,736,306
112000085,980,863,117
112000086,1377,1015,362
112000087,382,548,-166
112000088,816,455,361
112000089,192,251,-59
112000090,177,254,-77
112000091,664,798,-134
112000092,1649,970,679
112000093,1626,736,890
112000094,633,786,-153
112000095,684,754,-70
112000096,523,484,39
112000097,1120,660,460
112000098,613,622,-9
112000099,644,1480,-836
112000100,1460,670,790
112000101,535,752,-217
112000102,1008,497,511
112000103,363,749,-386
112000105,615,1068,-453
112000106,1583,406,1177
112000107,86,140,-54
112000108,307,1148,-841
112000109,149,72,77
112000110,1646,647,999
112000111,745,1987,-1242
112000112,2423,552,1871
112000113,710,1350,-640
112000114,1863,676,1187
112000115,269,294,-25
112000116,493,657,-164
112000117,984,754,230
112000118,815,605,210
112000119,330,575,-245
112000120,83,282,-199
112000121,92,280,-188
112000122,314,127,187
112000123,709,157,552
112000124,340,102,238
112000125,252,223,29
112000126,210,350,-140
112000127,1416,1475,-59
112000128,539,502,37
112000129,105,90,15
112000130,160,60,100
112000131,60,273,-213
112000132,113,185,-72
112000133,307,154,153
112000134,322,263,59
112000135,996,602,394
112000136,870,924,-54
112000137,1180,1187,-7
112000138,940,808,132
112000139,786,558,228
112000140,762,963,-201
112000141,707,289,418
112000142,198,434,-236
112000143,855,197,658
112000144,270,858,-588
112000145,2039,534,1505
112000146,506,1512,-1006
112000147,2133,1492,641
112000148,1485,1611,-126
112000149,382,388,-6
112000150,209,336,-127
112000151,308,247,61
112000152,330,305,25
112000153,188,161,27
112000154,97,129,-32
112000155,94,112,-18
112000157,477,366,111
112000158,237,293,-56
112000159,356,278,78
112000167,275,67,208
112000169,278,312,-34
112000173,469,124,345
112000175,319,334,-15
112000176,1976,1594,382
112000177,451,154,297
112000178,99,212,-113
112000179,208,85,123
112000180,202,301,-99
112000181,1268,1475,-207
112000182,1065,924,141
112000183,31,32,-1
112000184,376,257,119
112000185,395,330,65
112000187,2871,1710,1161
112000195,78,19,59
112000196,144,3,141
112000197,96,126,-30
112000198,45,170,-125
112000199,765,643,122
112000202,373,16,357
112000216,66,221,-155
112000230,60,9,51
112000231,4,137,-133
112000256,45,166,-121
112000313,47,93,-46
112000314,34,19,15
112000337,224,381,-157
112000352,241,291,-50
112000392,814,809,5
112000398,1052,657,395
112000399,1240,1671,-431
112000400,1343,1896,-553
112000401,2091,1555,536
112000402,2139,2594,-455
112000403,1061,2265,-1204
112000404,689,637,52
112000405,1626,2329,-703
112000406,2519,1689,830
112000407,5686,6515,-829
112000408,5718,4768,950
112000409,1262,3179,-1917
112000410,315,284,31
112000411,2392,1123,1269
112000412,1086,390,696
112000413,5592,4808,784
112000414,87,62,25
112000415,84,16,68
112000416,2062,1151,911
112000417,285,65,220
112000421,57,53,4
112000422,287,228,59
112000424,1569,2193,-624
112000425,323,665,-342
112000426,108,285,-177
112000427,0,9,-9
112000428,173,235,-62
112000429,1683,1713,-30
112000430,1896,1984,-88
112000431,101,147,-46
112000432,511,801,-290
112000433,328,637,-309
112000437,90,127,-37
112900001,59,3,56
112900002,421,713,-292
112900003,45,226,-181
112900004,35,187,-152
112900005,159,115,44
112900007,18,89,-71
112900008,0,19,-19
112900009,288,73,215
112900010,353,648,-295
112900011,147,199,-52
112900012,0,45,-45
112900013,1,96,-95
112900014,0,148,-148
112900015,259,588,-329
112900016,14,142,-128
112900017,29,108,-79
112900018,300,479,-179
112900019,14,89,-75
112900020,258,725,-467
112900021,0,93,-93
112900022,10,49,-39
112900023,0,120,-120
112900024,20,108,-88
112900025,41,135,-94
112900026,3,159,-156
112900027,4,712,-708
112900028,10,74,-64
112900029,18,393,-375
112900030,95,79,16
112900031,7,313,-306
112900032,165,191,-26
112900034,0,23,-23
112900035,4,284,-280
112900036,28,92,-64
112900037,125,178,-53
112900038,536,123,413
112900039,18,199,-181
112900040,10,216,-206
112900041,482,741,-259
112900042,28,224,-196
112900043,27,40,-13
112900044,362,350,12
112900045,252,234,18
112900046,104,32,72
112900047,15,10,5
112900049,179,59,120
112900050,18,308,-290
112900051,167,315,-148
112900052,5,479,-474
112900053,155,58,97
112900054,93,54,39
112900055,59,23,36
112900056,239,129,110
112900057,18,315,-297
112900058,273,288,-15
112900059,138,67,71
112900060,6,86,-80
112900061,61,86,-25
112900062,73,53,20
112900063,123,13,110
112900064,95,135,-40
112900065,28,28,0
112900066,166,111,55
112900067,224,99,125
112900068,54,42,12
112900069,1115,517,598
112900071,11,5,6
112900072,94,1377,-1283
112900073,292,62,230
112900074,65,254,-189
112900075,760,603,157
112900076,49,36,13
112900078,274,313,-39
112900079,179,35,144
112900080,56,3,53
112900081,60,152,-92
112900082,418,23,395
112900083,93,114,-21
112900084,166,133,33
112900086,44,1,43
112900087,467,80,387
112900088,127,10,117
112900089,716,22,694
112900090,49,28,21
112900091,205,7,198
112900092,87,230,-143
112900093,893,20,873
112900095,47,1,46
112900096,402,96,306
112900097,65,206,-141
112900098,57,0,57
112900099,670,15,655
112900100,54,2,52
112900101,305,2,303
112900102,66,3,63
112900103,165,5,160
112900104,485,7,478
112900105,15,0,15
112900106,372,72,300
112900107,2,0,2
112900108,19,0,19
112900109,79,0,79
112900110,1269,20,1249
112900111,568,7,561
112900112,302,17,285
112900113,0,14,-14
112900114,152,20,132
112900115,1088,3,1085
112900116,125,8,117
112900117,70,61,9
112900118,25,56,-31
112900119,120,0,120
112900120,607,185,422
112900121,71,139,-68
112900122,5,62,-57
112900123,52,16,36
112900124,7,74,-67
112900125,30,307,-277
112900126,113,167,-54
112900127,250,104,146
112900128,232,492,-260
112900129,3,568,-565
112900130,191,70,121
112900131,27,171,-144
112900132,82,272,-190
112900133,18,695,-677
112900134,0,186,-186
112900135,93,34,59
112900137,6,408,-402
112900138,8,157,-149
112900139,178,694,-516
112900141,556,42,514
112900142,56,143,-87
112900143,24,374,-350
112900144,3,612,-609
112900145,33,337,-304
112900146,11,859,-848
112900147,2,1089,-1087
112900148,53,4,49
112900149,156,291,-135
112900151,5,46,-41
112900152,2824,587,2237
112900153,1255,1890,-635
112900154,0,91,-91
112900155,154,6,148
112900156,344,848,-504
112900157,196,40,156
112900158,41,12,29
112900159,139,94,45
112900160,59,183,-124
112900161,116,50,66
112900162,23,12,11
112900163,97,29,68
112900164,34,141,-107
112900165,95,19,76
112900166,10,41,-31
112900167,3,30,-27
112900168,2,5,-3
112900169,10,18,-8
112900170,74,62,12
112900172,25,22,3
112900173,130,71,59
112900174,173,33,140
112900175,123,130,-7
112900176,17,23,-6
112900177,229,45,184
112900178,538,1828,-1290
112900179,28,317,-289
112900180,1304,1049,255
112900181,438,2,436
112900182,60,631,-571
112900183,102,182,-80
112900184,322,285,37
112900185,141,406,-265
112900186,761,631,130
112900187,77,421,-344
112900188,467,289,178
112900189,4,4,0
112900190,14,26,-12
112900192,471,458,13
112900193,806,248,558
112900194,41,30,11
112900195,680,44,636
112900196,145,208,-63
112900197,164,240,-76
112900199,337,211,126
112900200,365,154,211
112900201,114,57,57
112900202,335,590,-255
112900203,216,168,48
112900204,777,573,204
112900205,9,23,-14
112900206,17,49,-32
112900207,11,1,10
112900208,97,358,-261
112900209,415,253,162
112900210,0,24,-24
112900211,57,11,46
112900212,1,89,-88
112900213,36,13,23
112900214,17,15,2
112900215,10,120,-110
112900216,27,46,-19
112900217,0,53,-53
112900218,77,3,74
112900219,90,3,87
112900220,0,0,0
112900221,9,85,-76
112900222,0,12,-12
112900223,661,14,647
112900224,193,281,-88
112900225,309,264,45
112900226,103,254,-151
112900227,364,435,-71
112900228,36,21,15
112900229,240,19,221
112900230,4680,3001,1679
112900232,138,223,-85
112900233,70,102,-32
112900234,13,34,-21
112900235,74,27,47
112900236,209,6,203
112900237,191,219,-28
112900238,1,19,-18
112900239,511,248,263
112900240,3,57,-54
112900241,21,61,-40
112900242,10,75,-65
112900243,5,96,-91
112900244,4,37,-33
112900245,1,43,-42
112900246,2,7,-5
112900247,70,38,32
112900248,17,3,14
112900249,22,4,18
112900250,40,19,21
112900251,78,5,73
112900252,40,18,22
112900253,39,11,28
112900254,12,5,7
112900255,1,23,-22
112900256,3,46,-43
112900257,11,42,-31
112900258,26,15,11
113000001,4325,3218,1107
113000002,2638,2609,29
113000003,1410,1100,310
113000004,1267,1701,-434
113000005,1323,725,598
113000006,655,915,-260
113000007,1484,925,559
113000008,1184,1304,-120
113000009,779,531,248
113000010,917,946,-29
113000011,575,1172,-597
113000012,1379,489,890
113000013,1036,610,426
113000014,1164,1011,153
113000015,255,140,115
113000016,224,561,-337
113000017,35,339,-304
113000018,326,38,288
113000019,250,376,-126
113000020,564,96,468
113000021,856,523,333
113000022,646,767,-121
113000025,136,252,-116
113000026,369,348,21
113000027,396,469,-73
113000028,524,401,123
113000029,529,634,-105
113000030,346,478,-132
113000031,260,217,43
113000032,175,244,-69
113000033,245,279,-34
113000034,304,253,51
113000035,30,20,10
113000036,17,38,-21
113000037,37,26,11
113000038,8,47,-39
113000039,72,227,-155
113000040,67,71,-4
113000042,540,466,74
113000051,695,1945,-1250
113000052,1457,600,857
113000053,317,271,46
113000054,292,557,-265
113000055,943,438,505
113000056,741,767,-26
113000058,652,720,-68
113000059,802,525,277
113000060,235,439,-204
113000061,425,626,-201
113000062,490,240,250
113000063,198,74,124
113000064,30,172,-142
113000065,123,526,-403
113000066,549,85,464
113000067,1741,1029,712
113000068,395,783,-388
113000069,488,783,-295
113000070,1968,818,1150
113000071,321,444,-123
113000072,675,374,301
113000073,253,906,-653
113000074,696,288,408
113000075,1551,500,1051
113000076,510,1537,-1027
113000077,805,566,239
113000078,572,1665,-1093
113000079,467,612,-145
113000080,494,564,-70
113000081,597,618,-21
113000082,842,537,305
113000083,431,734,-303
113000084,1214,952,262
113000085,681,576,105
113000086,754,957,-203
113000087,698,703,-5
113000088,1622,917,705
113000089,740,1378,-638
113000090,175,464,-289
113000091,408,318,90
113000094,899,171,728
113000095,184,641,-457
113000096,127,617,-490
113000097,897,313,584
113000098,82,55,27
113000099,650,296,354
113000100,100,317,-217
113000101,287,463,-176
113000102,563,441,122
113000103,1427,347,1080
113000104,375,1334,-959
113000105,499,277,222
113000106,250,319,-69
113000107,729,624,105
113000108,557,804,-247
113000109,493,1160,-667
113000110,1076,316,760
113000111,212,434,-222
113000112,292,262,30
113000113,967,322,645
113000114,204,920,-716
113000116,481,259,222
113000117,608,101,507
113000118,72,349,-277
113000119,281,224,57
113000120,39,202,-163
113000121,360,584,-224
113000124,186,105,81
113000125,39,582,-543
113000127,1779,247,1532
113000128,444,336,108
113000129,307,572,-265
113000133,1705,1027,678
113000134,4,761,-757
113000135,3260,3411,-151
113000137,1336,2746,-1410
113000139,294,178,116
113000140,85,143,-58
113000141,143,173,-30
113000142,378,728,-350
113000143,178,190,-12
113000144,225,494,-269
113000145,69,116,-47
113000146,129,59,70
113000147,120,76,44
113000148,185,100,85
113000149,103,73,30
113000150,422,226,196
113000151,42,42,0
113000152,35,66,-31
113000153,1167,383,784
113000154,548,1188,-640
113000155,288,486,-198
113000156,110,309,-199
113000157,252,718,-466
113000158,578,226,352
113000159,699,657,42
113000160,594,779,-185
113000161,228,326,-98
113000162,691,316,375
113000163,82,75,7
113000164,16,77,-61
113000166,159,85,74
113000167,26,74,-48
113000168,55,105,-50
113000169,172,57,115
113000170,91,103,-12
113000171,63,93,-30
113000172,226,78,148
113000173,75,21,54
113000174,116,378,-262
113000175,347,109,238
113000176,417,149,268
113000177,209,378,-169
113000178,158,273,-115
113000179,235,158,77
113000180,389,759,-370
113000181,1020,807,213
113000182,121,336,-215
113000183,123,456,-333
113000184,10,75,-65
113000189,418,631,-213
113000190,583,394,189
113000192,965,2024,-1059
113000193,2611,1433,1178
113000194,1136,979,157
113000195,1562,751,811
113000196,184,105,79
113000197,881,917,-36
113000198,66,227,-161
113000199,920,242,678
113000201,223,221,2
113000202,2732,752,1980
113000203,181,141,40
113000204,925,1678,-753
113000205,16,9,7
113000206,15,28,-13
113000207,50,22,28
113000208,38,36,2
113000209,14,11,3
113000210,1,12,-11
113000211,204,235,-31
113000212,85,31,54
113000213,18,70,-52
113000214,164,183,-19
113000234,157,655,-498
113000410,109,200,-91
113000411,1757,2906,-1149
113000412,4885,1951,2934
113000413,1806,2090,-284
113000414,4374,9513,-5139
113000415,1576,1962,-386
113000416,5877,2956,2921
113000417,1404,1910,-506
113000418,3185,2550,635
113000419,1107,1542,-435
113000420,3218,4463,-1245
113000421,2949,4990,-2041
113000422,8396,8149,247
113000423,1464,3928,-2464
113000424,2168,6806,-4638
113000425,8,79,-71
113000428,28,17,11
113000430,3,44,-41
113000432,1868,218,1650
113000433,51,566,-515
113000434,26,85,-59
113000435,23,350,-327
113000436,15,710,-695
113000437,903,35,868
113000438,275,13,262
113000439,22,75,-53
113000440,112,42,70
113000441,212,168,44
113000442,133,128,5
113000443,265,192,73
113000444,131,140,-9
113000445,146,92,54
113000446,57,78,-21
113000448,164,115,49
113000449,133,596,-463
113000450,392,1398,-1006
113000451,851,129,722
113000452,215,343,-128
113000453,56,239,-183
113000454,410,93,317
113000455,46,229,-183
113000456,2552,2200,352
113000468,1097,144,953
113000469,42,59,-17
113000470,344,21,323
113000471,12,225,-213
113000472,64,216,-152
113000474,597,464,133
113000475,1169,1189,-20
113000476,1050,1445,-395
113000477,2704,1679,1025
113000478,2764,4089,-1325
113000479,51,117,-66
113000485,0,0,0
113000486,3,0,3
113000487,0,0,0
113000489,0,2,-2
113000490,0,2,-2
113000491,5,4,1
113000492,2,0,2
113000493,0,0,0
113000495,134,124,10
113000496,87,122,-35
113900001,4,166,-162
113900002,0,35,-35
113900003,0,42,-42
113900004,1,26,-25
113900005,1,22,-21
113900006,1,18,-17
113900007,17,0,17
113900008,14,1,13
113900009,50,2,48
113900010,27,1,26
113900011,28,1,27
113900012,29,2,27
113900013,128,4,124
113900014,417,1,416
113900015,0,24,-24
113900016,25,0,25
113900017,4,22,-18
113900018,244,163,81
113900019,91,24,67
113900020,99,2,97
113900022,23,0,23
113900023,16,0,16
113900024,51,34,17
113900025,153,11,142
113900026,31,0,31
113900027,8,47,-39
113900028,25,321,-296
113900029,58,161,-103
113900030,192,2,190
113900031,6,0,6
113900032,11,0,11
113900033,104,40,64
113900035,41,0,41
113900036,10,43,-33
113900037,129,315,-186
113900038,53,104,-51
113900039,119,17,102
113900040,6,11,-5
113900041,4,0,4
113900042,57,40,17
113900043,103,55,48
113900044,268,246,22
113900045,66,0,66
113900046,215,423,-208
113900047,39,90,-51
113900048,161,68,93
113900049,339,188,151
113900050,213,249,-36
113900051,147,209,-62
113900052,118,121,-3
113900053,463,413,50
113900054,33,0,33
113900055,58,285,-227
113900056,40,125,-85
113900057,14,63,-49
113900058,53,100,-47
113900059,137,186,-49
113900060,45,81,-36
113900061,619,235,384
113900062,87,9,78
113900063,46,92,-46
113900064,28,96,-68
113900065,301,20,281
113900066,222,215,7
113900067,87,155,-68
113900068,361,294,67
113900069,16,16,0
113900070,124,343,-219
113900071,63,77,-14
113900072,46,115,-69
113900073,188,261,-73
113900074,71,194,-123
113900075,1013,778,235
113900076,82,21,61
113900077,27,131,-104
113900078,17,42,-25
113900079,0,25,-25
113900080,325,136,189
113900081,54,115,-61
113900082,89,146,-57
113900083,235,265,-30
113900084,185,92,93
113900085,22,201,-179
113900086,45,24,21
113900087,52,118,-66
113900088,46,58,-12
113900089,365,39,326
113900090,439,252,187
113900091,5,6,-1
113900092,20,61,-41
113900093,72,466,-394
113900094,377,270,107
113900095,107,95,12
113900096,166,45,121
113900097,22,29,-7
113900098,455,72,383
113900099,0,24,-24
113900100,0,2,-2
113900101,15,49,-34
113900102,89,127,-38
113900103,217,216,1
113900104,83,208,-125
113900105,104,110,-6
113900106,0,28,-28
113900107,0,18,-18
113900108,150,206,-56
113900109,291,148,143
113900110,26,15,11
113900111,148,78,70
113900112,76,38,38
113900113,576,363,213
113900114,0,57,-57
113900115,0,49,-49
113900116,88,129,-41
113900117,61,23,38
113900118,171,217,-46
113900119,115,398,-283
113900120,28,25,3
113900121,24,82,-58
113900122,255,1599,-1344
113900123,311,152,159
113900124,0,37,-37
113900125,541,96,445
113900126,92,35,57
113900127,210,550,-340
113900128,99,52,47
113900129,10,147,-137
113900130,2,28,-26
113900131,165,60,105
113900132,49,50,-1
113900133,8,96,-88
113900135,284,222,62
113900136,89,65,24
113900137,224,223,1
113900138,31,98,-67
113900139,184,113,71
113900140,170,208,-38
113900141,426,187,239
113900142,141,62,79
113900143,11,23,-12
113900144,135,133,2
113900145,307,108,199
113900146,104,23,81
113900148,116,224,-108
113900149,84,64,20
113900150,404,341,63
113900151,345,139,206
113900152,28,34,-6
113900153,258,403,-145
113900154,3,87,-84
113900155,156,122,34
113900156,209,311,-102
113900157,18,218,-200
113900158,221,296,-75
113900159,14,120,-106
113900160,436,328,108
113900161,43,217,-174
113900162,300,414,-114
113900163,188,181,7
113900164,197,41,156
113900165,445,294,151
113900166,107,106,1
113900167,219,38,181
113900168,53,102,-49
113900169,142,232,-90
113900171,142,58,84
113900172,3,125,-122
113900173,39,469,-430
113900174,383,389,-6
113900175,240,99,141
113900176,225,349,-124
113900177,343,155,188
113900178,184,94,90
113900179,17,263,-246
113900180,116,64,52
113900181,382,112,270
113900182,512,671,-159
113900183,40,41,-1
113900184,14,249,-235
113900185,173,56,117
113900186,20,41,-21
113900187,40,103,-63
113900188,38,77,-39
113900189,227,120,107
113900190,253,87,166
113900191,75,128,-53
113900192,1164,1048,116
113900193,15,125,-110
113900194,911,773,138
113900195,216,258,-42
113900196,1,90,-89
113900197,1,105,-104
113900198,22,158,-136
113900199,92,476,-384
113900200,10,131,-121
113900201,0,97,-97
113900202,11,143,-132
113900203,12,82,-70
113900204,39,329,-290
113900205,6,82,-76
113900206,6,92,-86
113900207,0,27,-27
113900208,0,29,-29
113900209,0,49,-49
113900210,387,502,-115
113900211,166,44,122
113900212,142,282,-140
113900214,302,302,0
113900215,22,77,-55
113900216,83,498,-415
113900217,74,180,-106
113900218,126,82,44
113900219,79,273,-194
113900220,80,102,-22
113900221,299,146,153
113900222,769,574,195
113900223,139,504,-365
113900224,50,55,-5
113900225,333,142,191
113900226,258,78,180
113900227,266,145,121
113900228,212,304,-92
113900229,56,497,-441
113900230,2640,2570,70
113900231,89,116,-27
113900232,75,96,-21
113900233,44,47,-3
113900234,230,310,-80
113900235,48,14,34
113900236,132,220,-88
113900237,117,3,114
113900238,145,357,-212
113900239,34,65,-31
113900240,2,120,-118
113900241,60,36,24
113900242,45,101,-56
113900243,84,278,-194
113900244,229,156,73
113900245,901,197,704
113900246,13,14,-1
113900247,111,359,-248
113900248,1644,1127,517
113900249,566,329,237
113900250,52,114,-62
113900251,550,124,426
113900252,473,16,457
113900253,538,51,487
113900254,768,92,676
113900255,351,11,340
113900256,302,29,273
113900257,29,340,-311
113900258,7,298,-291
113900259,442,106,336
113900260,141,12,129
113900261,7,64,-57
113900262,122,398,-276
113900263,115,481,-366
113900264,6,302,-296
113900265,106,189,-83
113900266,35,111,-76
113900267,84,372,-288
113900268,247,289,-42
113900269,81,88,-7
113900270,212,542,-330
113900271,503,741,-238
113900273,23,7,16
113900274,67,20,47
113900275,11,53,-42
113900276,4,101,-97
113900277,102,4,98
113900278,188,93,95
113900279,51,76,-25
113900280,1060,482,578
113900281,435,1052,-617
113900282,416,403,13
113900283,351,360,-9
113900284,562,165,397
113900285,110,40,70
113900286,34,81,-47
113900287,55,24,31
113900288,4,91,-87
113900289,559,64,495
113900290,224,182,42
113900291,79,102,-23
113900292,4,1,3
113900293,5,116,-111
113900294,335,10,325
113900295,332,290,42
113900296,771,215,556
113900297,1816,26,1790
113900298,28,1330,-1302
113900299,98,104,-6
113900300,1803,1105,698
113900301,624,269,355
113900302,1681,631,1050
113900303,304,261,43
113900304,0,71,-71
113900305,98,1,97
113900306,17,0,17
113900307,6,0,6
113900308,61,44,17
113900309,2,429,-427
113900310,5,12,-7
113900311,5,0,5
113900312,127,181,-54
113900313,13,2,11
113900314,0,11,-11
113900315,55,0,55
114000001,779,1936,-1157
114000002,299,271,28
114000003,200,596,-396
114000004,271,295,-24
114000005,180,225,-45
114000006,2062,1649,413
114000007,495,795,-300
114000008,1031,1451,-420
114000009,599,206,393
114000011,2111,1967,144
114000012,1841,1340,501
114000013,1308,1119,189
114000014,539,386,153
114000015,1549,286,1263
114000016,216,193,23
114000017,87,197,-110
114000018,125,31,94
114000026,1416,896,520
114000027,2406,1574,832
114000028,1856,2142,-286
114000038,256,110,146
114000039,183,152,31
114000040,77,168,-91
114000042,171,110,61
114000043,302,201,101
114000044,342,162,180
114000045,59,57,2
114000046,2512,3492,-980
114000047,8,49,-41
114000048,109,110,-1
114000049,1060,1288,-228
114000050,1175,1823,-648
114000051,2069,1799,270
114000052,2873,1753,1120
114000053,72,528,-456
114000054,189,559,-370
114000055,157,15,142
114000056,797,661,136
114000057,3554,1654,1900
114000058,336,1234,-898
114000059,173,259,-86
114000060,490,610,-120
114000061,2357,2413,-56
114000062,1597,1175,422
114000063,2358,1339,1019
114000064,4129,2844,1285
114000065,1279,1747,-468
114000066,357,427,-70
114000067,17,558,-541
114000068,426,505,-79
114000069,691,386,305
114000070,1739,1554,185
114000071,546,270,276
114000072,292,142,150
114000073,19,45,-26
114000074,31,13,18
114000075,56,63,-7
114000076,21,85,-64
114000077,11,15,-4
114000078,203,447,-244
114000079,96,20,76
114000080,45,61,-16
114000081,61,71,-10
114000082,31,356,-325
114000083,53,135,-82
114000084,300,71,229
114000085,69,331,-262
114000086,177,259,-82
114000087,54,98,-44
114000088,29,43,-14
114000089,518,263,255
114000090,660,632,28
114000091,1184,760,424
114000092,779,478,301
114000093,1081,602,479
114000094,279,234,45
114000095,193,115,78
114000096,111,236,-125
114000097,128,427,-299
114000098,457,85,372
114000099,574,478,96
114000100,1148,458,690
114000101,356,503,-147
114000102,392,252,140
114000103,134,265,-131
114000104,5,158,-153
114000105,62,59,3
114000106,600,723,-123
114000107,297,78,219
114000108,1601,876,725
114000109,472,1380,-908
114000110,405,1140,-735
114000111,1316,568,748
114000112,481,1709,-1228
114000113,1563,419,1144
114000114,1033,1188,-155
114000115,2016,903,1113
114000116,572,1256,-684
114000117,2232,368,1864
114000118,1959,406,1553
114000119,1271,371,900
114000120,420,563,-143
114000121,335,535,-200
114000122,375,206,169
114000123,1544,244,1300
114000124,729,162,567
114000125,672,852,-180
114000126,1305,168,1137
114000127,163,120,43
114000128,719,213,506
114000130,372,359,13
114000131,187,54,133
114000132,458,392,66
114000133,685,906,-221
114000134,53,90,-37
114000138,34,107,-73
114000139,384,256,128
114000144,627,419,208
114000145,45,99,-54
114000146,71,175,-104
114000147,1134,1679,-545
114000148,1581,1465,116
114000149,342,263,79
114000150,1322,1208,114
114000151,1039,1590,-551
114000152,153,22,131
114000153,921,2042,-1121
114000154,748,761,-13
114000155,901,1725,-824
114000156,628,447,181
114000157,252,773,-521
114000158,1061,660,401
114000159,186,325,-139
114000160,105,318,-213
114000161,1028,2535,-1507
114000162,935,2206,-1271
114000163,16,79,-63
114000165,583,266,317
114000166,678,291,387
114000167,2019,1153,866
114000168,553,481,72
114000169,1173,977,196
114000170,872,982,-110
114000171,918,2478,-1560
114000174,217,306,-89
114000176,409,367,42
114000177,1495,717,778
114000178,34,28,6
114000179,1066,595,471
114000180,368,582,-214
114000181,1269,2834,-1565
114000182,1997,1917,80
114000183,666,773,-107
114000184,2408,951,1457
114000185,781,666,115
114000189,755,95,660
114000190,2148,322,1826
114000191,64,70,-6
114000192,153,917,-764
114000193,507,1674,-1167
114000194,1051,619,432
114000195,130,10,120
114000196,2,170,-168
114000197,1011,15,996
114000198,595,298,297
114000199,1425,1329,96
114000200,449,1181,-732
114000201,111,507,-396
114000202,641,361,280
114000203,529,557,-28
114000204,147,355,-208
114000205,146,1019,-873
114000206,405,937,-532
114000207,421,1193,-772
114000208,366,1630,-1264
114000209,407,1490,-1083
114000210,171,814,-643
114000211,738,1076,-338
114000212,482,645,-163
114000213,1051,486,565
114000214,68,116,-48
114000215,165,57,108
114000216,1083,198,885
114000217,272,165,107
114000218,98,147,-49
114000219,1110,137,973
114000220,24,729,-705
114000221,631,110,521
114000222,78,589,-511
114000223,327,135,192
114000224,68,397,-329
114000225,184,436,-252
114000226,138,168,-30
114000227,655,369,286
114000228,546,614,-68
114000229,870,820,50
114000230,1254,887,367
114000231,737,870,-133
114000232,554,101,453
114000233,1735,98,1637
114000234,957,712,245
114000235,887,1033,-146
114000236,0,324,-324
114000237,115,599,-484
114000238,115,170,-55
114000239,109,857,-748
114000240,542,603,-61
114000241,219,630,-411
114000242,642,571,71
114000243,1084,716,368
114000244,391,264,127
114000245,373,587,-214
114000246,93,31,62
114000247,453,467,-14
114000248,830,403,427
114000249,364,381,-17
114000250,342,528,-186
114000251,291,159,132
114000252,59,34,25
114000253,22,66,-44
114000254,31,36,-5
114000255,336,174,162
114000256,1226,1811,-585
114000257,441,965,-524
114000258,183,281,-98
114000259,57,142,-85
114000260,0,17,-17
114000261,46,30,16
114000262,81,73,8
114000263,4,2,2
114000264,741,308,433
114000265,0,1,-1
114000267,3,1175,-1172
114000268,0,935,-935
114000270,104,0,104
114000271,307,48,259
114000283,962,324,638
114000285,12,141,-129
114000288,67,256,-189
114000289,1045,126,919
114000293,150,293,-143
114000294,119,199,-80
114000395,1031,82,949
114000396,499,431,68
114000402,408,195,213
114000403,277,248,29
114000405,120,274,-154
114000423,252,228,24
114000424,259,132,127
114000425,629,213,416
114000426,248,695,-447
114000427,89,47,42
114000428,259,164,95
114000429,17,130,-113
114000432,80,70,10
114000434,49,51,-2
114000435,0,84,-84
114900001,583,696,-113
114900002,349,50,299
114900003,602,884,-282
114900004,186,264,-78
114900005,495,484,11
114900006,71,31,40
114900007,197,16,181
114900008,133,92,41
114900010,1448,1688,-240
114900011,174,116,58
114900013,196,114,82
114900018,567,27,540
114900020,214,92,122
114900022,64,388,-324
114900025,341,141,200
114900026,68,91,-23
114900029,93,18,75
114900030,305,170,135
114900031,354,37,317
114900032,300,20,280
114900034,61,149,-88
114900035,78,218,-140
114900036,187,422,-235
114900039,395,336,59
114900040,56,89,-33
114900041,587,348,239
114900042,609,538,71
114900044,94,22,72
114900047,202,1564,-1362
114900048,120,238,-118
114900049,28,151,-123
114900050,28,332,-304
114900051,17,251,-234
114900052,55,149,-94
114900053,51,188,-137
114900054,21,84,-63
114900057,156,8,148
114900058,1,66,-65
114900059,68,43,25
114900063,36,137,-101
114900064,1289,348,941
114900065,350,493,-143
114900067,38,375,-337
114900068,70,162,-92
114900069,111,72,39
114900070,451,290,161
114900072,2,188,-186
114900073,2,86,-84
114900074,567,425,142
114900075,205,4,201
114900076,7,187,-180
114900080,1422,261,1161
114900082,2587,1767,820
114900083,890,883,7
114900090,266,182,84
114900091,83,139,-56
114900097,123,2,121
114900098,3,161,-158
114900099,168,12,156
115000001,4216,2678,1538
115000002,2760,2945,-185
115000003,3733,2335,1398
115000004,2949,4418,-1469
115000005,1192,1535,-343
115000006,720,1320,-600
115000007,123,144,-21
115000008,307,398,-91
115000009,153,211,-58
115000010,237,134,103
115000013,57,193,-136
115000015,81,373,-292
115000016,36,180,-144
115000019,37,342,-305
115000020,90,543,-453
115000021,227,375,-148
115000022,460,275,185
115000023,277,496,-219
115000024,791,333,458
115000025,662,543,119
115000026,130,306,-176
115000027,236,204,32
115000028,170,638,-468
115000029,424,77,347
115000030,577,940,-363
115000031,1020,218,802
115000032,15,181,-166
115000033,127,34,93
115000034,53,803,-750
115000035,864,39,825
115000036,0,277,-277
115000037,472,7,465
115000038,50,145,-95
115000039,2397,2627,-230
115000040,3966,2219,1747
115000041,935,2529,-1594
115000042,443,498,-55
115000043,3359,2148,1211
115000044,3098,3078,20
115000045,2142,1320,822
115000046,1840,2122,-282
115000047,1795,1187,608
115000048,1397,1703,-306
115000049,1306,2372,-1066
115000050,2484,1422,1062
115000051,1401,2121,-720
115000052,1617,1349,268
115000053,1410,1229,181
115000054,457,850,-393
115000055,131,900,-769
115000056,279,496,-217
115000057,767,1420,-653
115000058,681,344,337
115000059,171,129,42
115000061,135,125,10
115000062,173,217,-44
115000063,276,221,55
115000064,195,80,115
115000065,65,358,-293
115000067,134,26,108
115000069,69,278,-209
115000070,18,557,-539
115000071,113,27,86
115000072,3,52,-49
115000073,919,42,877
115000075,63,40,23
115000076,2338,1853,485
115000077,1591,1497,94
115000078,1131,872,259
115000079,963,1226,-263
115000080,1823,1646,177
115000081,434,693,-259
115000082,2996,2871,125
115000083,1728,1479,249
115000084,1798,916,882
115000085,572,619,-47
115000086,877,490,387
115000087,321,1069,-748
115000088,1473,481,992
115000089,1139,1050,89
115000090,366,607,-241
115000091,210,686,-476
115000092,408,268,140
115000093,451,3,448
115000094,4508,4193,315
115000095,3027,4406,-1379
115000096,638,879,-241
115000097,752,744,8
115000098,831,594,237
115000099,2070,1766,304
115000100,855,273,582
115000101,330,1043,-713
115000102,381,219,162
115000103,259,460,-201
115000105,110,128,-18
115000106,536,276,260
115000107,166,303,-137
115000108,2283,1689,594
115000109,2996,3341,-345
115000110,1013,1068,-55
115000111,541,1153,-612
115000112,548,530,18
115000113,454,620,-166
115000114,1291,586,705
115000116,3030,1960,1070
115000117,2761,2565,196
115000118,1359,1631,-272
115000119,1238,1912,-674
115000120,416,1131,-715
115000121,1028,747,281
115000122,2412,1252,1160
115000123,1110,1726,-616
115000124,674,745,-71
115000125,274,487,-213
115000126,109,244,-135
115000127,311,99,212
115000128,376,625,-249
115000129,183,265,-82
115000130,377,562,-185
115000131,744,197,547
115000132,180,263,-83
115000133,408,195,213
115000134,217,167,50
115000135,195,108,87
115000136,218,218,0
115000137,105,135,-30
115000138,286,205,81
115000139,218,165,53
115000140,322,195,127
115000141,188,167,21
115000142,200,188,12
115000143,646,480,166
115000144,452,84,368
115000145,304,226,78
115000146,384,257,127
115000147,290,308,-18
115000148,213,730,-517
115000149,458,174,284
115000150,610,581,29
115000151,876,456,420
115000152,574,671,-97
115000153,888,467,421
115000154,758,285,473
115000155,528,641,-113
115000156,919,606,313
115000157,570,593,-23
115000158,487,308,179
115000159,520,394,126
115000160,304,252,52
115000161,90,359,-269
115000162,506,524,-18
115000163,496,579,-83
115000164,631,500,131
115000165,298,494,-196
115000167,153,92,61
115000168,511,266,245
115000169,450,240,210
115000170,95,150,-55
115000171,338,205,133
115000172,758,442,316
115000173,225,343,-118
115000174,82,246,-164
115000175,159,91,68
115000176,101,76,25
115000177,74,82,-8
115000178,17,133,-116
115000179,12,25,-13
115000180,150,342,-192
115000181,543,82,461
115000182,558,169,389
115000183,285,574,-289
115000186,527,190,337
115000187,178,505,-327
115000188,315,352,-37
115000189,134,335,-201
115000190,520,265,255
115000191,93,390,-297
115000194,101,147,-46
115000195,230,261,-31
115000196,123,85,38
115000197,210,143,67
115000198,277,130,147
115000199,346,99,247
115000200,279,114,165
115000201,138,261,-123
115000206,219,42,177
115000207,99,200,-101
115000208,258,457,-199
115000209,504,203,301
115000210,89,120,-31
115000211,159,135,24
115000212,1196,218,978
115000224,355,57,298
115000225,34,67,-33
115000229,144,105,39
115000230,105,298,-193
115000231,195,1048,-853
115000232,1302,206,1096
115000233,122,137,-15
115000234,20,218,-198
115000241,65,159,-94
115000242,71,188,-117
115000243,47,133,-86
115000244,10,78,-68
115000246,33,9,24
115000247,19,6,13
115000248,29,11,18
115000249,16,10,6
115000250,230,52,178
115000251,210,51,159
115000252,73,129,-56
115000253,20,375,-355
115000258,275,98,177
115000259,270,98,172
115000261,22,25,-3
115000262,5,13,-8
115000263,14,54,-40
115000264,18,44,-26
115000267,73,64,9
115000268,31,117,-86
115000269,108,56,52
115000270,9,23,-14
115000272,65,100,-35
115000273,248,20,228
115000280,2177,151,2026
115000281,447,632,-185
115000282,466,399,67
115000284,230,148,82
115000296,1120,5,1115
115000297,120,110,10
115000298,57,380,-323
115000300,152,133,19
115000302,530,107,423
115000303,610,94,516
115000304,471,45,426
115000305,81,417,-336
115000306,139,201,-62
115000307,69,188,-119
115000308,20,9,11
115000310,705,662,43
115000311,764,874,-110
115000313,145,382,-237
115000314,366,165,201
115000315,755,501,254
115000316,82,114,-32
115000317,126,281,-155
115000318,656,202,454
115000319,25,265,-240
115000320,12,205,-193
115000321,216,3,213
115000322,43,181,-138
115000449,174,142,32
115000557,16,808,-792
115000558,408,85,323
115000587,443,265,178
115000588,1863,1901,-38
115000589,2591,1934,657
115000590,926,953,-27
115000591,922,535,387
115000592,447,1319,-872
115000593,967,481,486
115000594,703,1907,-1204
115000609,145,196,-51
115000617,1256,2587,-1331
115000624,241,40,201
115000633,364,1470,-1106
115000634,2069,618,1451
115000635,453,176,277
115000638,468,388,80
115000641,53,123,-70
115000642,223,203,20
115000643,95,390,-295
115000644,113,340,-227
115000646,621,1298,-677
115000647,132,374,-242
115000648,1582,1463,119
115000893,2306,1296,1010
115000894,101,822,-721
115000895,355,860,-505
115000896,1132,348,784
115000897,473,90,383
115000898,444,165,279
115000899,320,834,-514
115000900,70,247,-177
115000901,46,92,-46
115000912,348,56,292
115000913,2,7,-5
115000915,11,0,11
115000916,4,1,3
115000917,0,8,-8
115000918,50,218,-168
115000919,6,13,-7
115000920,17,30,-13
115000921,357,66,291
115000922,988,643,345
115000923,330,1103,-773
115000925,64,59,5
115000927,41,46,-5
115000933,259,254,5
115000934,125,161,-36
115000935,123,58,65
115000936,12,503,-491
115000937,635,127,508
115000938,189,227,-38
115000939,250,279,-29
115000940,44,15,29
115000941,13,16,-3
115000942,27,88,-61
115000943,27,22,5
115000944,3,16,-13
115900001,64,20,44
115900002,59,86,-27
115900003,203,61,142
115900004,0,37,-37
115900005,129,9,120
115900006,94,174,-80
115900008,54,2,52
115900009,75,137,-62
115900010,215,91,124
115900011,298,131,167
115900012,133,51,82
115900013,217,120,97
115900014,97,75,22
115900015,114,41,73
115900016,58,15,43
115900017,11,5,6
115900018,156,44,112
115900019,44,10,34
115900020,62,2,60
115900021,835,172,663
115900022,949,10,939
115900023,37,6,31
115900025,13,159,-146
115900026,695,156,539
115900027,0,147,-147
115900028,440,43,397
115900029,14,255,-241
115900030,11,22,-11
115900031,246,249,-3
115900032,336,531,-195
115900033,0,26,-26
115900034,11,182,-171
115900035,32,15,17
115900036,52,531,-479
115900037,26,191,-165
115900038,16,13,3
115900039,116,155,-39
115900041,287,532,-245
115900042,19,3,16
115900043,111,51,60
115900044,167,165,2
115900046,193,142,51
115900047,126,132,-6
115900049,132,156,-24
115900051,7,18,-11
115900052,12,158,-146
115900053,193,131,62
115900054,153,25,128
115900055,18,112,-94
115900056,132,144,-12
115900057,34,6,28
115900058,23,67,-44
115900060,44,54,-10
115900061,164,2,162
115900062,20,189,-169
115900063,67,15,52
115900064,135,173,-38
115900065,123,63,60
115900066,102,58,44
115900067,7,355,-348
115900068,1964,560,1404
115900069,30,143,-113
115900070,183,108,75
115900071,1,261,-260
115900072,32,93,-61
115900073,63,69,-6
115900074,1,199,-198
115900075,14,160,-146
115900076,1,53,-52
115900077,3,159,-156
115900078,28,79,-51
115900079,145,11,134
115900080,335,178,157
115900081,15,55,-40
115900082,107,106,1
115900084,268,8,260
115900085,37,66,-29
115900086,1086,403,683
115900088,6,39,-33
115900089,256,422,-166
115900090,286,8,278
115900091,1,12,-11
115900092,20,104,-84
115900093,3,18,-15
115900094,0,199,-199
115900096,5,6,-1
115900097,3,219,-216
115900098,161,225,-64
115900099,94,53,41
115900100,13,282,-269
115900101,82,135,-53
115900102,41,50,-9
115900103,224,98,126
115900104,48,73,-25
115900105,192,304,-112
115900106,47,11,36
115900107,51,65,-14
115900108,89,22,67
115900109,35,230,-195
115900110,1,15,-14
115900111,5,47,-42
115900112,31,529,-498
115900113,22,24,-2
115900114,0,87,-87
115900115,43,137,-94
115900116,57,492,-435
115900117,52,11,41
115900118,2,128,-126
115900119,73,75,-2
115900120,23,215,-192
115900121,121,109,12
115900124,209,510,-301
115900125,255,40,215
115900126,498,69,429
115900127,514,55,459
115900128,10,84,-74
115900129,532,65,467
115900130,19,202,-183
115900131,233,20,213
115900132,410,7,403
115900134,326,16,310
115900135,369,783,-414
115900137,38,6,32
115900139,36,45,-9
115900140,202,12,190
115900141,5,51,-46
115900142,5,42,-37
115900143,166,190,-24
115900144,111,130,-19
115900146,10,59,-49
115900147,188,154,34
115900148,65,9,56
115900149,95,15,80
115900150,67,27,40
115900151,21,60,-39
115900152,94,198,-104
115900153,111,149,-38
115900154,262,240,22
115900155,0,22,-22
115900156,472,640,-168
115900157,161,314,-153
115900158,16,10,6
115900159,104,169,-65
115900160,6,3,3
115900161,18,80,-62
115900163,138,75,63
115900164,476,2,474
115900166,148,105,43
115900168,88,75,13
115900171,75,275,-200
115900172,38,93,-55
115900173,206,85,121
115900174,193,214,-21
115900175,76,152,-76
115900178,1,376,-375
115900179,179,4,175
115900180,55,115,-60
115900181,151,142,9
115900182,306,116,190
115900183,32,26,6
115900184,1202,13,1189
115900187,11,85,-74
115900189,1,160,-159
115900190,135,961,-826
115900191,19,190,-171
115900192,10,123,-113
115900193,79,88,-9
115900194,659,45,614
115900195,435,1566,-1131
115900198,189,259,-70
115900199,139,132,7
115900200,179,277,-98
115900201,482,310,172
115900202,3,52,-49
115900203,6,12,-6
115900204,0,8,-8
115900205,129,15,114
115900206,154,98,56
115900207,31,23,8
115900208,112,78,34
115900209,4,132,-128
115900210,0,92,-92
115900211,0,112,-112
115900212,114,140,-26
115900213,67,70,-3
115900214,359,106,253
115900215,20,104,-84
115900216,3,67,-64
115900217,2,22,-20
115900218,4,26,-22
115900219,53,0,53
115900220,101,11,90
115900221,101,12,89
115900222,33,29,4
115900223,1,263,-262
115900224,637,733,-96
115900225,82,16,66
115900226,16,26,-10
115900227,3,36,-33
115900228,9,16,-7
115900229,4,26,-22
115900230,40,66,-26
115900231,90,2,88
115900232,28,4,24
115900233,56,10,46
115900234,46,22,24
115900235,14,37,-23
115900236,36,25,11
115900237,41,25,16
115900238,36,32,4
115900239,24,33,-9
115900240,7,46,-39
115900241,133,54,79
115900242,237,249,-12
115900243,3,4,-1
115900244,4,7,-3
115900245,24,3,21
115900246,5,9,-4
115900247,28,9,19
115900248,15,4,11
115900249,4,13,-9
115900250,3,11,-8
115900251,0,12,-12
115900252,5,5,0
115900253,13,10,3
115900254,2,19,-17
115900255,4,12,-8
115900256,15,50,-35
115900257,3,4,-1
115900258,0,2,-2
115900259,2,0,2
115900260,9,1,8
115900261,11,0,11
115900262,6,0,6
115900263,16,0,16
115900264,5,0,5
115900265,0,6,-6
115900266,1,15,-14
115900267,6,17,-11
115900268,1,8,-7
115900269,317,207,110
115900270,298,221,77
115900271,52,0,52
115900272,15,17,-2
115900273,5,10,-5
115900274,0,5,-5
115900275,1,9,-8
115900276,0,17,-17
115900277,0,30,-30
115900278,27,74,-47
115900279,23,119,-96
115900280,18,300,-282
115900281,242,246,-4
115900282,13,5,8
115900283,2,16,-14
115900284,16,10,6
116000001,7533,3317,4216
116000002,3462,7238,-3776
116000003,1126,1173,-47
116000004,1882,2517,-635
116000005,1682,2154,-472
116000006,2085,1548,537
116000007,1888,2505,-617
116000008,2417,1633,784
116000009,1106,1713,-607
116000010,1793,1216,577
116000011,714,1434,-720
116000012,1255,960,295
116000013,6182,2862,3320
116000014,8290,8088,202
116000015,208,749,-541
116000016,3152,2428,724
116000017,15,583,-568
116000018,624,185,439
116000019,451,245,206
116000020,463,543,-80
116000021,294,255,39
116000022,311,309,2
116000023,674,442,232
116000024,494,623,-129
116000025,539,600,-61
116000026,1454,1916,-462
116000027,326,447,-121
116000028,382,641,-259
116000029,450,508,-58
116000030,661,340,321
116000031,142,281,-139
116000032,331,123,208
116000033,214,336,-122
116000034,513,645,-132
116000035,258,468,-210
116000036,1472,1022,450
116000037,577,460,117
116000038,448,449,-1
116000039,490,274,216
116000040,594,266,328
116000041,175,327,-152
116000042,543,193,350
116000043,55,532,-477
116000044,21,60,-39
116000045,1377,947,430
116000046,851,1263,-412
116000047,1248,1605,-357
116000048,1326,1340,-14
116000049,951,2734,-1783
116000050,1216,969,247
116000051,5241,2462,2779
116000052,4685,4178,507
116000053,1533,767,766
116000054,609,2066,-1457
116000055,532,700,-168
116000056,678,822,-144
116000057,2150,1460,690
116000058,2245,2185,60
116000059,2537,3398,-861
116000060,1455,838,617
116000061,611,762,-151
116000062,539,235,304
116000063,497,812,-315
116000066,216,433,-217
116000067,166,318,-152
116000068,137,205,-68
116000069,197,295,-98
116000078,505,798,-293
116000080,1430,704,726
116000082,10,29,-19
116000083,1258,365,893
116000084,1616,2870,-1254
116000085,1806,1565,241
116000086,1536,1096,440
116000087,1539,1303,236
116000088,616,682,-66
116000089,172,75,97
116000090,80,117,-37
116000091,172,190,-18
116000093,466,266,200
116000094,406,455,-49
116000095,554,365,189
116000096,511,926,-415
116000097,611,452,159
116000098,112,4017,-3905
116000099,4027,189,3838
116000100,174,12,162
116000101,707,543,164
116000102,190,920,-730
116000103,483,210,273
116000104,133,884,-751
116000105,816,137,679
116000106,344,685,-341
116000107,1458,241,1217
116000108,172,119,53
116000111,85,20,65
116000113,129,119,10
116000114,61,147,-86
116000115,262,133,129
116000116,181,367,-186
116000117,1146,1331,-185
116000118,915,829,86
116000119,2487,1555,932
116000120,2311,2548,-237
116000121,788,491,297
116000122,907,1196,-289
116000123,841,342,499
116000124,285,596,-311
116000125,2103,578,1525
116000126,178,1058,-880
116000127,825,882,-57
116000128,1384,699,685
116000129,968,217,751
116000130,421,354,67
116000133,741,691,50
116000134,1439,1496,-57
116000135,2045,1305,740
116000136,921,1601,-680
116000137,912,601,311
116000138,573,511,62
116000139,1351,1771,-420
116000140,130,143,-13
116000141,216,421,-205
116000142,2442,1998,444
116000143,1418,1223,195
116000144,1287,1548,-261
116000145,1360,837,523
116000146,396,138,258
116000147,207,117,90
116000148,447,351,96
116000149,533,401,132
116000151,378,427,-49
116000153,122,251,-129
116000155,174,175,-1
116000156,326,643,-317
116000157,62,29,33
116000158,336,254,82
116000159,21,15,6
116000160,10,36,-26
116000161,5,63,-58
116000162,63,93,-30
116000163,24,4,20
116000164,7,15,-8
116000177,132,101,31
116000194,94,277,-183
116000195,1192,454,738
116000196,16,8,8
116000197,4,14,-10
116000198,1940,800,1140
116000200,505,388,117
116000201,465,472,-7
116000202,16,197,-181
116000203,3,82,-79
116000204,11,62,-51
116000205,0,120,-120
116000206,1,107,-106
116000207,6,46,-40
116000233,182,263,-81
116000287,122,262,-140
116000288,224,182,42
116000292,22,88,-66
116000296,27,149,-122
116000297,121,19,102
116000304,109,23,86
116000305,33,57,-24
116000346,120,58,62
116000352,57,21,36
116000354,15,14,1
116000357,8,42,-34
116000358,268,32,236
116000361,225,2,223
116000372,3507,2809,698
116000381,77,1,76
116000388,0,38,-38
116000389,558,435,123
116000445,292,359,-67
116000446,497,420,77
116000447,19,281,-262
116000448,427,149,278
116000563,922,704,218
116000565,33,243,-210
116000568,28,136,-108
116000579,19,83,-64
116000583,136,33,103
116000584,10,3,7
116000585,14,25,-11
116000586,66,77,-11
116000587,377,513,-136
116000589,31,63,-32
116000590,51,69,-18
116000591,222,166,56
116000592,15,52,-37
116000593,1,14,-13
116000594,471,312,159
116000595,534,106,428
116000596,74,4,70
116000597,328,59,269
116000598,12,130,-118
116000605,196,99,97
116000606,54,175,-121
116000607,2,25,-23
116000609,112,667,-555
116000611,116,285,-169
116000612,573,1470,-897
116000613,492,274,218
116000614,325,434,-109
116000615,3,277,-274
116000616,37,45,-8
116000617,94,24,70
116000618,1,50,-49
116000619,31,74,-43
116000620,98,375,-277
116000621,47,80,-33
116000622,50,109,-59
116000624,150,65,85
116000627,27,37,-10
116000628,55,193,-138
116000629,24,125,-101
116000630,224,14,210
116000631,94,40,54
116000632,569,44,525
116000633,119,170,-51
116000634,281,130,151
116000635,2261,1643,618
116000636,800,1025,-225
116000637,432,41,391
116000638,78,215,-137
116000639,100,5,95
116000640,42,22,20
116000641,19,110,-91
116000643,0,107,-107
116000644,14,310,-296
116000645,27,10,17
116900001,186,164,22
116900002,204,3,201
116900003,20,32,-12
116900004,37,29,8
116900005,219,45,174
116900006,76,101,-25
116900007,90,123,-33
116900008,338,232,106
116900009,9,2,7
116900010,655,828,-173
116900011,9,25,-16
116900012,152,113,39
116900013,3,115,-112
116900014,82,151,-69
116900015,348,30,318
116900016,192,3,189
116900017,11,366,-355
116900018,45,43,2
116900019,3,179,-176
116900020,595,657,-62
116900023,39,10,29
116900024,428,21,407
116900025,736,498,238
116900026,68,359,-291
116900027,13,49,-36
116900028,2,58,-56
116900029,0,37,-37
116900031,1,6,-5
116900032,3,242,-239
116900033,8,3,5
116900034,3,51,-48
116900035,158,110,48
116900036,6,51,-45
116900038,23,2,21
116900041,27,16,11
116900042,432,205,227
116900043,10,37,-27
116900047,26,119,-93
116900049,16,208,-192
116900050,87,318,-231
116900051,91,91,0
116900052,148,47,101
116900055,0,12,-12
116900057,20,164,-144
116900058,20,297,-277
116900059,2,69,-67
116900060,124,129,-5
116900062,0,6,-6
116900064,98,471,-373
116900065,24,90,-66
116900067,52,60,-8
116900068,87,131,-44
116900070,2,1,1
116900072,17,209,-192
116900073,12,74,-62
116900074,2,20,-18
116900076,10,19,-9
116900077,11,109,-98
116900078,162,83,79
116900079,29,142,-113
116900080,12,9,3
116900081,273,846,-573
116900082,191,633,-442
116900083,45,34,11
116900084,124,63,61
116900085,41,106,-65
116900086,35,132,-97
116900088,235,83,152
116900090,83,28,55
116900091,172,31,141
116900092,59,412,-353
116900093,1151,1304,-153
116900094,2264,2335,-71
116900095,155,74,81
116900096,45,234,-189
116900097,1970,2120,-150
116900098,687,358,329
116900099,513,465,48
116900100,573,19,554
116900101,243,306,-63
116900103,2,1,1
116900104,66,78,-12
116900105,199,86,113
116900106,728,2,726
116900107,2028,1742,286
116900110,4,1,3
116900111,520,369,151
116900112,214,505,-291
116900113,1064,960,104
116900116,84,491,-407
116900117,86,80,6
116900118,488,641,-153
116900120,295,48,247
116900121,72,14,58
116900122,552,458,94
116900123,140,441,-301
116900124,124,647,-523
116900125,338,134,204
116900126,89,346,-257
116900128,0,34,-34
116900129,1,249,-248
116900130,437,2529,-2092
116900131,93,262,-169
116900132,35,82,-47
116900133,135,138,-3
116900134,138,202,-64
116900136,144,147,-3
116900137,194,108,86
116900138,158,145,13
116900139,94,347,-253
116900140,145,93,52
116900141,650,430,220
116900142,1,38,-37
116900143,312,301,11
116900144,20,77,-57
116900145,57,160,-103
116900147,425,298,127
116900148,2,32,-30
116900149,36,206,-170
116900150,5,2,3
116900151,48,17,31
116900153,86,50,36
116900154,305,346,-41
116900155,68,48,20
116900157,381,194,187
116900158,113,216,-103
116900159,48,195,-147
116900160,575,607,-32
116900161,4417,4392,25
116900162,9,64,-55
116900163,112,85,27
116900164,78,57,21
116900165,225,200,25
116900166,34,39,-5
116900167,317,61,256
116900168,256,29,227
116900169,349,398,-49
116900170,233,486,-253
116900171,36,111,-75
116900172,154,251,-97
116900173,141,22,119
116900174,51,39,12
116900175,109,93,16
116900178,46,87,-41
116900179,86,198,-112
116900180,69,15,54
116900182,329,189,140
116900183,103,51,52
116900185,36,53,-17
116900186,60,136,-76
116900187,69,36,33
116900188,178,32,146
116900189,17,2,15
116900191,319,466,-147
116900192,159,93,66
116900194,98,1078,-980
116900195,45,15,30
116900196,12,67,-55
116900197,99,11,88
116900198,110,165,-55
116900200,55,21,34
116900201,82,4,78
116900202,59,25,34
116900203,77,0,77
116900204,32,80,-48
116900206,35,36,-1
116900207,20,26,-6
116900208,16,77,-61
116900209,58,71,-13
116900210,364,221,143
116900211,133,4,129
116900212,43,36,7
116900213,159,126,33
116900214,149,126,23
116900215,31,55,-24
116900216,211,153,58
116900218,10,191,-181
116900219,1031,251,780
116900220,83,119,-36
116900221,57,202,-145
116900222,277,267,10
116900223,111,200,-89
116900226,51,21,30
116900227,135,53,82
116900228,219,133,86
116900230,31,208,-177
116900231,7,252,-245
116900232,5,275,-270
116900233,158,68,90
116900234,4,5,-1
116900235,344,230,114
116900238,1243,272,971
116900239,28,965,-937
116900240,3580,2240,1340
116900241,74,74,0
116900242,540,461,79
116900243,2,14,-12
116900245,18,22,-4
116900246,80,17,63
116900247,537,13,524
116900248,74,36,38
116900249,184,54,130
116900250,308,39,269
116900251,309,374,-65
116900252,84,513,-429
116900254,16,54,-38
116900255,90,40,50
116900256,411,108,303
116900257,14,277,-263
116900258,4,185,-181
116900259,148,3,145
116900260,0,100,-100
116900261,47,1,46
116900262,164,111,53
116900263,2,6,-4
116900264,63,35,28
116900265,26,0,26
116900266,8,18,-10
116900267,1,0,1
116900268,29,18,11
116900269,198,386,-188
116900271,754,124,630
116900272,283,204,79
116900273,138,79,59
116900274,85,49,36
116900275,136,53,83
116900276,349,110,239
116900277,277,17,260
116900278,3,3,0
116900279,0,19,-19
116900280,28,18,10
116900281,3228,2802,426
116900282,2,56,-54
116900283,9,59,-50
116900284,11,131,-120
116900285,188,148,40
116900286,160,19,141
116900287,11,41,-30
116900288,62,84,-22
116900289,4,5,-1
116900290,4,16,-12
116900291,14,5,9
116900292,0,9,-9
116900293,33,30,3
116900294,13,93,-80
116900295,93,39,54
116900296,63,41,22
116900297,9,96,-87
116900298,74,49,25
116900299,31,40,-9
116900300,3,48,-45
116900301,27,90,-63
116900302,63,43,20
116900303,215,85,130
116900304,0,84,-84
116900305,8,43,-35
116900306,120,88,32
116900307,94,1,93
116900308,0,84,-84
116900309,42,53,-11
116900310,14,37,-23
116900311,4,132,-128
117000001,1361,1196,165
117000002,1698,3019,-1321
117000003,4940,2537,2403
117000004,3012,3760,-748
117000005,1567,1447,120
117000006,950,2307,-1357
117000007,3086,939,2147
117000008,788,2694,-1906
117000009,3928,1663,2265
117000010,2062,2958,-896
117000011,1528,1255,273
117000012,806,971,-165
117000013,1579,655,924
117000014,1022,1571,-549
117000015,1806,962,844
117000016,213,93,120
117000017,205,123,82
117000018,135,421,-286
117000019,111,34,77
117000020,438,833,-395
117000021,1271,436,835
117000022,318,116,202
117000023,241,227,14
117000024,183,194,-11
117000025,427,773,-346
117000026,1637,896,741
117000027,1648,3622,-1974
117000028,2589,1296,1293
117000030,439,326,113
117000031,326,273,53
117000032,1213,844,369
117000033,917,551,366
117000034,317,266,51
117000035,344,298,46
117000036,333,282,51
117000037,231,181,50
117000038,163,497,-334
117000039,420,202,218
117000040,218,605,-387
117000041,700,146,554
117000044,13,488,-475
117000045,362,55,307
117000046,398,719,-321
117000047,928,517,411
117000048,1519,751,768
117000049,63,427,-364
117000050,107,1222,-1115
117000051,1828,104,1724
117000052,25,210,-185
117000053,460,34,426
117000054,1416,7,1409
117000055,56,1980,-1924
117000056,542,18,524
117000057,468,1626,-1158
117000060,383,912,-529
117000061,1276,771,505
117000062,220,527,-307
117000063,1345,953,392
117000064,668,674,-6
117000066,600,767,-167
117000067,116,454,-338
117000074,136,142,-6
117000076,43,34,9
117000077,153,129,24
117000078,121,509,-388
117000079,252,191,61
117000080,1,257,-256
117000081,990,114,876
117000082,20,68,-48
117000083,493,192,301
117000084,147,1,146
117000085,183,550,-367
117000086,565,367,198
117000087,84,395,-311
117000088,211,187,24
117000089,1211,222,989
117000090,212,905,-693
117000091,730,218,512
117000092,319,930,-611
117000093,949,663,286
117000094,1165,2050,-885
117000095,3052,757,2295
117000096,573,1795,-1222
117000097,1114,1008,106
117000098,1986,2999,-1013
117000099,2972,1040,1932
117000100,169,277,-108
117000101,153,795,-642
117000102,1299,623,676
117000103,621,1152,-531
117000104,1044,564,480
117000105,684,1094,-410
117000106,923,566,357
117000107,457,1252,-795
117000108,1314,759,555
117000109,1187,1808,-621
117000110,1224,761,463
117000111,2755,3379,-624
117000112,2422,1313,1109
117000113,123,172,-49
117000114,188,106,82
117000115,83,89,-6
117000116,106,147,-41
117000117,1150,810,340
117000118,236,131,105
117000119,228,158,70
117000120,189,388,-199
117000121,81,861,-780
117000122,256,557,-301
117000123,1106,33,1073
117000124,483,57,426
117000125,216,102,114
117000126,56,18,38
117000127,119,200,-81
117000128,416,602,-186
117000129,348,597,-249
117000130,113,1,112
117000131,0,91,-91
117000132,2084,50,2034
117000133,1265,41,1224
117000134,1,53,-52
117000135,1,43,-42
117000136,0,20,-20
117000137,85,128,-43
117000138,1,483,-482
117000140,387,1041,-654
117000141,1340,413,927
117000181,261,231,30
117000182,270,280,-10
117000195,116,646,-530
117000196,199,120,79
117000225,129,14,115
117000226,9,90,-81
117000276,205,13,192
117000277,1,234,-233
117000310,1044,1498,-454
117000315,24,418,-394
117000320,77,0,77
117000906,302,7,295
117000907,14,208,-194
117000909,44,33,11
117000910,181,180,1
117000911,96,156,-60
117000915,4,340,-336
117000916,32,0,32
117000917,917,21,896
117000918,50,53,-3
117000919,7,76,-69
117000920,1,885,-884
117000921,4,959,-955
117000922,18,67,-49
117000924,291,566,-275
117000926,616,97,519
117000927,1223,624,599
117000928,2,113,-111
117000929,218,226,-8
117000930,187,23,164
117000931,279,163,116
117900002,65,234,-169
117900003,510,287,223
117900005,3,26,-23
117900006,1,23,-22
117900007,85,83,2
117900008,0,22,-22
117900010,169,80,89
117900011,24,77,-53
117900012,47,59,-12
117900013,0,121,-121
117900014,519,111,408
117900015,17,85,-68
117900016,773,601,172
117900017,457,301,156
117900018,139,84,55
117900019,303,232,71
117900020,46,366,-320
117900021,21,44,-23
117900023,448,120,328
117900024,70,58,12
117900025,27,7,20
117900026,288,211,77
117900028,61,1,60
117900029,181,490,-309
117900031,128,64,64
117900032,847,494,353
117900033,188,396,-208
117900034,46,19,27
117900035,246,118,128
117900036,209,290,-81
117900037,119,36,83
117900038,19,221,-202
117900039,9,33,-24
117900040,95,233,-138
117900041,5,46,-41
117900042,2587,225,2362
117900043,21,43,-22
117900044,31,2668,-2637
117900045,127,104,23
117900048,339,198,141
117900049,162,342,-180
117900050,10,52,-42
117900051,33,3,30
117900052,46,207,-161
117900053,1652,516,1136
117900054,1,26,-25
117900055,137,143,-6
117900056,225,39,186
117900057,885,958,-73
117900058,117,29,88
117900059,283,97,186
117900060,1665,3785,-2120
117900061,20,150,-130
117900063,246,118,128
117900065,510,886,-376
117900066,5,56,-51
117900067,341,133,208
117900069,519,223,296
117900070,137,21,116
117900071,49,88,-39
117900073,323,219,104
117900074,97,35,62
117900075,72,70,2
117900076,21,66,-45
117900077,329,72,257
117900078,259,735,-476
117900080,89,30,59
117900081,463,294,169
117900082,362,332,30
117900083,252,301,-49
117900086,95,29,66
117900087,98,34,64
117900088,2875,1534,1341
117900089,1769,669,1100
117900090,401,298,103
117900091,260,148,112
117900092,52,21,31
117900093,71,36,35
117900094,35,35,0
117900095,311,396,-85
117900096,72,142,-70
117900097,182,45,137
117900098,34,5,29
117900099,151,170,-19
117900100,153,0,153
117900101,351,1374,-1023
117900102,31,28,3
117900103,35,1,34
117900104,28,123,-95
117900105,90,146,-56
117900106,102,18,84
117900107,46,4,42
117900109,428,264,164
117900110,74,0,74
117900111,236,19,217
117900112,44,16,28
117900113,1866,1048,818
117900114,22,0,22
117900115,216,46,170
117900116,663,586,77
117900117,426,242,184
117900118,53,0,53
117900119,140,124,16
117900120,87,32,55
117900121,77,50,27
117900122,1130,2790,-1660
117900123,540,328,212
117900124,617,539,78
117900125,1500,1809,-309
117900126,173,433,-260
117900127,355,294,61
117900128,325,395,-70
117900129,46,1,45
117900130,514,234,280
117900131,0,84,-84
117900132,10,88,-78
117900133,18,76,-58
117900134,21,131,-110
117900135,8,140,-132
117900136,0,21,-21
117900137,18,186,-168
117900138,0,20,-20
117900139,175,75,100
117900140,2423,30,2393
117900141,98,151,-53
117900142,98,42,56
117900144,52,96,-44
117900145,22,39,-17
117900146,193,92,101
117900147,57,33,24
117900148,1596,1264,332
117900149,117,149,-32
117900150,26,26,0
117900151,33,60,-27
117900152,101,48,53
117900153,10,67,-57
117900154,287,389,-102
117900156,834,607,227
117900157,97,471,-374
117900158,171,80,91
117900160,509,632,-123
117900161,1813,1475,338
117900162,304,383,-79
117900163,62,93,-31
117900165,2,11,-9
117900166,126,505,-379
117900168,58,81,-23
117900169,0,54,-54
117900170,1,14,-13
117900171,7,6,1
117900172,9,24,-15
117900173,71,80,-9
117900174,17,57,-40
117900175,0,27,-27
117900176,16,7,9
117900177,10,30,-20
117900178,51,24,27
117900180,159,22,137
117900181,61,202,-141
117900182,2,17,-15
117900183,31,144,-113
117900184,11,41,-30
117900185,29,28,1
117900186,42,10,32
117900187,8,6,2
117900188,121,58,63
117900189,38,27,11
117900190,14,1,13
117900191,59,0,59
117900192,128,4,124
117900193,7,51,-44
117900194,17,3,14
117900195,4,18,-14
117900196,7,14,-7
117900207,118,65,53
117900208,26,15,11
117900209,211,143,68
117900210,98,164,-66
117900211,3,123,-120
117900212,105,87,18
117900213,20,11,9
117900214,14,14,0
117900215,42,38,4
117900216,30,20,10
117900217,66,201,-135
117900218,130,112,18
117900219,4,76,-72
117900220,67,67,0
117900222,148,200,-52
117900223,178,258,-80
118000001,555,841,-286
118000002,557,1310,-753
118000003,1730,2514,-784
118000004,2430,1955,475
118000005,3444,4159,-715
118000006,4104,7285,-3181
118000007,3482,2209,1273
118000008,3424,2544,880
118000009,1381,1793,-412
118000010,3723,2734,989
118000011,1087,1429,-342
118000012,836,1271,-435
118000013,1726,1569,157
118000014,1524,1811,-287
118000016,137,255,-118
118000017,340,269,71
118000018,243,327,-84
118000019,1718,1153,565
118000020,1083,2370,-1287
118000021,576,2347,-1771
118000022,1227,634,593
118000023,826,279,547
118000024,1060,867,193
118000027,10672,9619,1053
118000029,584,575,9
118000032,1001,3246,-2245
118000033,2202,4488,-2286
118000034,4084,2196,1888
118000035,1262,2149,-887
118000036,811,907,-96
118000037,541,588,-47
118000038,106,61,45
118000039,53,116,-63
118000040,1341,991,350
118000041,1656,1018,638
118000045,433,105,328
118000046,980,432,548
118000047,654,610,44
118000048,1895,1155,740
118000051,1346,618,728
118000052,940,364,576
118000053,196,263,-67
118000054,949,555,394
118000055,757,858,-101
118000056,164,243,-79
118000057,134,254,-120
118000058,2010,1409,601
118000059,1207,1003,204
118000060,768,381,387
118000061,856,872,-16
118000062,395,211,184
118000063,263,515,-252
118000064,572,845,-273
118000065,3045,1164,1881
118000066,482,1096,-614
118000067,1056,531,525
118000068,1294,2928,-1634
118000069,2105,764,1341
118000070,4035,1319,2716
118000071,2374,4124,-1750
118000072,1223,918,305
118000073,1669,456,1213
118000074,348,390,-42
118000075,512,224,288
118000076,1157,1608,-451
118000077,1058,1084,-26
118000078,1304,1795,-491
118000079,162,266,-104
118000080,971,826,145
118000081,1574,950,624
118000082,200,910,-710
118000083,1212,1411,-199
118000084,2573,1093,1480
118000086,223,358,-135
118000087,3126,1971,1155
118000088,1420,1157,263
118000089,2526,1560,966
118000090,1056,1910,-854
118000091,721,1646,-925
118000092,768,363,405
118000093,91,515,-424
118000096,328,500,-172
118000097,742,515,227
118000098,247,185,62
118000099,465,483,-18
118000101,870,336,534
118000102,363,921,-558
118000107,1286,353,933
118000108,524,1395,-871
118000110,2,17,-15
118000111,0,235,-235
118000112,449,1,448
118000113,2,448,-446
118000114,319,6,313
118000115,11,5,6
118000116,11,0,11
118000117,1036,588,448
118000118,698,792,-94
118000119,662,902,-240
118000120,1285,875,410
118000121,119,722,-603
118000122,1368,389,979
118000123,43,264,-221
118000125,1350,646,704
118000126,591,1119,-528
118000127,1260,564,696
118000128,473,834,-361
118000129,623,295,328
118000130,1480,2037,-557
118000131,377,538,-161
118000132,1814,1372,442
118000133,851,330,521
118000135,400,310,90
118000136,88,354,-266
118000137,436,103,333
118000138,281,406,-125
118000139,265,83,182
118000140,1595,3298,-1703
118000141,1122,1216,-94
118000142,1448,1061,387
118000143,1622,900,722
118000144,731,602,129
118000145,1286,1249,37
118000146,888,592,296
118000147,667,1075,-408
118000148,488,907,-419
118000149,725,683,42
118000150,387,261,126
118000151,494,311,183
118000153,895,845,50
118000154,1525,1255,270
118000155,900,922,-22
118000156,1192,1670,-478
118000157,470,323,147
118000158,190,325,-135
118000159,24,52,-28
118000160,315,262,53
118000161,376,563,-187
118000162,1258,723,535
118000163,626,587,39
118000164,1330,938,392
118000168,461,271,190
118000169,775,764,11
118000170,2699,3508,-809
118000171,274,444,-170
118000172,110,206,-96
118000173,787,949,-162
118000175,205,300,-95
118000176,204,338,-134
118000177,168,437,-269
118000178,39,37,2
118000179,898,927,-29
118000180,550,568,-18
118000181,533,219,314
118000182,227,163,64
118000183,145,216,-71
118000184,623,464,159
118000185,916,892,24
118000186,612,849,-237
118000187,983,510,473
118000188,310,122,188
118000189,436,400,36
118000190,7,6,1
118000191,23,17,6
118000192,123,137,-14
118000193,56,222,-166
118000194,958,614,344
118000195,691,610,81
118000196,270,166,104
118000197,304,184,120
118000198,384,495,-111
118000199,372,664,-292
118000200,74,176,-102
118000201,295,383,-88
118000202,32,32,0
118000203,894,403,491
118000204,119,297,-178
118000205,151,245,-94
118000206,165,166,-1
118000207,0,18,-18
118000208,899,1098,-199
118000209,1545,1323,222
118000210,50,38,12
118000211,45,30,15
118000213,772,890,-118
118000214,425,453,-28
118000215,195,44,151
118000216,1210,1282,-72
118000217,35,100,-65
118000218,44,57,-13
118000219,351,171,180
118000220,4,31,-27
118000221,156,174,-18
118000222,43,4,39
118000223,32,36,-4
118000224,120,67,53
118000225,105,453,-348
118000226,665,167,498
118000227,530,280,250
118000228,82,148,-66
118000229,156,41,115
118000230,98,111,-13
118000231,44,129,-85
118000232,614,527,87
118000233,911,613,298
118000234,323,123,200
118000236,293,178,115
118000237,64,216,-152
118000238,174,131,43
118000239,205,154,51
118000240,281,110,171
118000241,83,89,-6
118000242,221,356,-135
118000243,188,144,44
118000244,42,95,-53
118000246,5,26,-21
118000255,87,233,-146
118000256,118,198,-80
118000259,0,30,-30
118000260,105,60,45
118000261,15,18,-3
118000263,47,99,-52
118000266,97,164,-67
118000267,0,87,-87
118000268,259,0,259
118000270,63,17,46
118000271,183,188,-5
118000272,36,16,20
118000273,111,47,64
118000274,72,149,-77
118000276,400,281,119
118000295,12,80,-68
118000298,81,180,-99
118000299,44,104,-60
118000301,0,34,-34
118000302,54,36,18
118000311,322,71,251
118000312,183,100,83
118000313,39,98,-59
118000314,72,59,13
118000315,24,33,-9
118000316,556,330,226
118000325,53,42,11
118000326,20,31,-11
118000331,28,40,-12
118000332,19,29,-10
118000333,28,66,-38
118000335,230,0,230
118000336,0,140,-140
118000407,120,39,81
118000457,1,22,-21
118000465,2524,3159,-635
118000480,31,71,-40
118000489,12,194,-182
118000490,23,162,-139
118000492,211,151,60
118000510,26,14,12
118000514,169,218,-49
118000515,573,476,97
118000517,263,151,112
118000524,269,221,48
118000525,566,495,71
118000530,19,59,-40
118000531,258,268,-10
118000532,233,197,36
118000533,236,95,141
118000534,377,290,87
118000535,248,132,116
118000536,462,1173,-711
118000537,20,115,-95
118000538,43,57,-14
118000539,14,50,-36
118000540,209,80,129
118000541,139,46,93
118000542,56,122,-66
118000543,116,136,-20
118000546,35,16,19
118000553,0,0,0
118000557,0,0,0
118000560,1420,1496,-76
118000562,22,100,-78
118000563,1096,897,199
118000576,174,148,26
118000577,166,135,31
118000578,129,116,13
118000579,470,828,-358
118000583,0,0,0
118000595,201,59,142
118000596,0,45,-45
118000597,160,108,52
118000598,3,1,2
118000599,61,38,23
118000600,0,3,-3
118000601,2,0,2
118000602,3,2,1
118000603,0,38,-38
118000605,67,158,-91
118000606,41,19,22
118900001,317,735,-418
118900002,570,558,12
118900003,185,9,176
118900004,51,36,15
118900005,58,7,51
118900006,121,5,116
118900007,10,1,9
118900008,1243,58,1185
118900009,63,18,45
118900010,61,10,51
118900011,77,15,62
118900012,335,102,233
118900013,319,101,218
118900015,124,26,98
118900016,0,12,-12
118900017,261,292,-31
118900018,541,23,518
118900019,33,6,27
118900020,153,74,79
118900021,159,218,-59
118900022,120,71,49
118900023,121,60,61
118900024,67,63,4
118900025,42,17,25
118900026,55,92,-37
118900027,234,103,131
118900028,129,116,13
118900029,196,210,-14
118900030,215,36,179
118900031,140,88,52
118900032,178,144,34
118900033,247,304,-57
118900034,85,11,74
118900035,124,113,11
118900036,886,522,364
118900037,245,159,86
118900038,307,143,164
118900039,306,97,209
118900040,151,152,-1
118900041,406,99,307
118900042,171,74,97
118900045,205,126,79
118900046,721,339,382
118900047,424,203,221
118900048,80,116,-36
118900049,64,40,24
118900050,22,65,-43
118900051,147,113,34
118900052,191,152,39
118900053,26,79,-53
118900054,94,34,60
118900055,66,41,25
118900056,57,270,-213
118900057,603,377,226
118900058,226,240,-14
118900059,17,55,-38
118900060,59,142,-83
118900062,172,119,53
118900064,471,461,10
118900065,26,60,-34
118900066,63,83,-20
118900067,2735,2283,452
118900068,3,111,-108
118900069,311,162,149
118900071,3,65,-62
118900072,296,268,28
118900073,116,109,7
118900074,110,140,-30
118900075,31,63,-32
118900076,101,72,29
118900077,135,137,-2
118900078,26,9,17
118900079,42,112,-70
118900080,9,63,-54
118900081,85,31,54
118900082,518,139,379
118900083,15,1,14
118900084,15,10,5
118900085,441,729,-288
118900086,54,58,-4
118900087,23,156,-133
118900088,2,3,-1
118900089,41,13,28
118900090,346,284,62
118900091,106,159,-53
118900092,74,45,29
118900093,120,18,102
118900096,94,76,18
118900097,242,327,-85
118900099,70,163,-93
118900100,85,175,-90
118900101,52,160,-108
118900102,26,91,-65
118900103,11,78,-67
118900104,127,43,84
118900105,110,74,36
118900107,124,41,83
118900108,64,41,23
118900110,655,441,214
118900111,328,327,1
118900112,49,130,-81
118900113,143,228,-85
118900114,15,51,-36
118900115,63,235,-172
118900116,111,174,-63
118900117,73,133,-60
118900118,222,217,5
118900119,138,180,-42
118900120,80,304,-224
118900121,15,92,-77
118900122,9,654,-645
118900123,110,158,-48
118900124,69,157,-88
118900126,17,260,-243
118900129,193,188,5
118900130,50,167,-117
118900131,113,135,-22
118900132,215,126,89
118900133,9,64,-55
118900135,174,161,13
118900136,116,332,-216
118900137,7,41,-34
118900139,161,249,-88
118900140,338,383,-45
118900141,62,59,3
118900144,101,261,-160
118900145,19,57,-38
118900146,224,406,-182
118900147,129,92,37
118900148,49,20,29
118900150,395,520,-125
118900152,410,505,-95
118900157,62,99,-37
118900158,60,40,20
118900159,0,102,-102
118900161,70,8,62
118900163,87,59,28
118900164,1,52,-51
118900165,25,69,-44
118900166,18,1,17
118900167,44,74,-30
118900168,39,114,-75
118900169,64,135,-71
118900170,64,60,4
118900171,20,29,-9
118900174,37,37,0
118900175,301,366,-65
118900176,89,219,-130
118900177,46,22,24
118900178,25,101,-76
118900179,63,23,40
118900181,48,64,-16
118900182,48,23,25
118900183,14,92,-78
118900184,142,42,100
118900185,128,83,45
118900186,111,77,34
118900187,102,179,-77
118900188,196,205,-9
118900189,20,549,-529
118900190,9,215,-206
118900191,113,44,69
118900192,127,9,118
118900193,325,6,319
118900195,214,345,-131
118900196,23,61,-38
118900197,81,39,42
118900198,9,8,1
118900199,54,9,45
118900200,17,12,5
118900201,9,17,-8
118900202,3,29,-26
118900203,12,19,-7
118900204,14,21,-7
118900205,3,6,-3
118900206,4,5,-1
119000001,943,1385,-442
119000002,2632,2157,475
119000003,1835,822,1013
119000004,1493,970,523
119000005,1174,1340,-166
119000006,2144,1289,855
119000007,2150,2227,-77
119000008,1497,1318,179
119000009,2442,3043,-601
119000010,4715,3499,1216
119000011,2394,1773,621
119000012,1918,2372,-454
119000013,1840,1222,618
119000014,1137,1807,-670
119000019,227,103,124
119000020,1330,1035,295
119000021,3282,1720,1562
119000022,1370,1403,-33
119000023,257,236,21
119000024,1239,6924,-5685
119000025,4435,885,3550
119000026,98,271,-173
119000027,140,234,-94
119000028,1309,602,707
119000029,62,231,-169
119000030,437,626,-189
119000031,590,392,198
119000032,1141,1704,-563
119000033,1160,787,373
119000034,822,662,160
119000035,28,217,-189
119000036,1436,736,700
119000037,922,1076,-154
119000038,125,575,-450
119000039,752,322,430
119000040,443,290,153
119000041,402,731,-329
119000048,2333,2294,39
119000049,1446,1655,-209
119000050,1217,1394,-177
119000051,1214,836,378
119000052,1505,2354,-849
119000053,1506,933,573
119000054,2614,2267,347
119000055,3544,2561,983
119000056,1886,1414,472
119000057,1168,1391,-223
119000058,1590,1179,411
119000059,969,1054,-85
119000060,1215,899,316
119000061,834,630,204
119000062,943,1082,-139
119000063,414,349,65
119000064,762,858,-96
119000065,1552,2330,-778
119000066,1550,932,618
119000067,1420,1484,-64
119000068,1295,923,372
119000069,1238,1503,-265
119000070,2021,777,1244
119000071,433,481,-48
119000072,3212,1995,1217
119000073,3095,4913,-1818
119000074,966,1569,-603
119000075,1778,1586,192
119000076,270,625,-355
119000077,361,282,79
119000078,338,307,31
119000079,117,621,-504
119000080,425,119,306
119000081,202,283,-81
119000082,601,166,435
119000083,544,365,179
119000084,318,302,16
119000085,458,245,213
119000086,410,431,-21
119000087,1339,791,548
119000088,290,202,88
119000089,137,340,-203
119000090,160,158,2
119000091,170,437,-267
119000092,459,240,219
119000093,2731,2002,729
119000094,2257,3849,-1592
119000095,1344,2200,-856
119000097,1717,953,764
119000098,768,2038,-1270
119000099,1929,1166,763
119000100,2907,2313,594
119000101,2544,1213,1331
119000102,715,855,-140
119000103,1176,401,775
119000104,1785,801,984
119000105,707,1483,-776
119000106,249,884,-635
119000107,706,418,288
119000108,307,661,-354
119000109,71,266,-195
119000110,237,203,34
119000111,38,455,-417
119000112,146,53,93
119000113,1500,167,1333
119000114,597,523,74
119000115,122,86,36
119000116,59,50,9
119000117,101,223,-122
119000118,1,3,-2
119000123,2889,1862,1027
119000124,485,158,327
119000125,2947,503,2444
119000126,1004,603,401
119000127,484,378,106
119000128,8,2,6
119000131,786,559,227
119000132,4,1,3
119000133,0,2,-2
119000134,1543,424,1119
119000135,157,123,34
119000136,168,159,9
119000137,175,239,-64
119000138,357,190,167
119000139,187,140,47
119000140,139,239,-100
119000284,871,1883,-1012
119000285,1701,1550,151
119000286,5360,4303,1057
119000287,961,1518,-557
119000288,1541,979,562
119000289,1515,2039,-524
119000290,150,322,-172
119000291,50,287,-237
119000293,388,151,237
119000294,38,22,16
119000295,915,241,674
119000296,262,138,124
119000302,1812,877,935
119000303,42,119,-77
119000314,1110,7497,-6387
119000315,15,294,-279
119000316,135,79,56
119000317,61,229,-168
119000319,598,210,388
119900001,187,989,-802
119900002,81,162,-81
119900003,45,675,-630
119900004,279,825,-546
119900005,123,78,45
119900006,207,313,-106
119900007,1021,146,875
119900008,20,19,1
119900009,526,584,-58
119900010,462,609,-147
119900011,18,84,-66
119900012,16,43,-27
119900013,1380,813,567
119900014,333,114,219
119900015,70,32,38
119900016,14,52,-38
119900017,24,17,7
119900018,1410,720,690
119900019,28,4,24
119900020,129,146,-17
119900021,149,37,112
119900022,81,384,-303
119900023,346,1150,-804
119900025,121,15,106
119900026,464,111,353
119900027,27,22,5
119900028,238,76,162
119900029,1,4,-3
119900030,386,323,63
119900031,28,254,-226
119900033,1502,188,1314
119900034,287,77,210
119900037,117,26,91
119900038,29,222,-193
119900039,65,6,59
119900040,83,8,75
119900041,97,23,74
119900042,60,124,-64
119900043,63,103,-40
119900044,150,658,-508
119900046,82,25,57
119900047,249,49,200
119900049,149,1,148
119900050,42,68,-26
119900051,912,13,899
119900052,53,29,24
119900053,132,107,25
119900054,99,8,91
119900055,943,323,620
119900057,198,42,156
119900058,161,0,161
119900059,66,31,35
119900060,187,16,171
119900061,262,5,257
119900062,53,20,33
119900063,9,45,-36
119900065,178,15,163
119900067,58,14,44
119900068,364,13,351
119900069,81,5,76
119900070,627,3,624
119900071,401,8,393
119900073,1326,545,781
119900074,22,10,12
119900075,3302,1828,1474
119900076,86,55,31
119900077,614,580,34
119900078,323,464,-141
119900079,166,113,53
119900080,329,214,115
119900081,498,44,454
119900082,832,46,786
119900083,293,104,189
119900084,485,196,289
119900085,48,33,15
119900086,281,672,-391
119900087,366,191,175
119900088,31,26,5
119900089,16,336,-320
119900090,129,39,90
119900091,47,603,-556
119900092,31,204,-173
119900093,662,196,466
119900094,21,151,-130
119900095,128,102,26
119900096,25,69,-44
119900097,378,141,237
119900098,31,30,1
119900099,25,102,-77
119900100,1275,1741,-466
119900101,118,687,-569
119900102,41,143,-102
119900103,25,169,-144
119900104,22,92,-70
119900105,356,1065,-709
119900106,11,98,-87
119900107,148,1771,-1623
119900108,1476,475,1001
119900109,29,121,-92
119900110,539,418,121
119900111,184,406,-222
119900112,1018,416,602
119900113,38,186,-148
119900114,178,742,-564
119900115,274,771,-497
119900116,81,304,-223
119900117,205,448,-243
119900118,51,507,-456
119900119,194,158,36
119900120,408,342,66
119900121,349,718,-369
119900122,381,251,130
119900123,131,200,-69
119900124,198,551,-353
119900125,29,156,-127
119900126,2271,193,2078
119900127,1609,771,838
119900128,445,580,-135
119900129,244,341,-97
119900130,13,139,-126
119900131,45,133,-88
119900132,3,154,-151
119900133,27,71,-44
119900134,955,140,815
119900135,2,209,-207
119900136,107,224,-117
119900138,265,299,-34
119900139,15,98,-83
119900140,2,85,-83
119900141,81,502,-421
119900142,2,15,-13
119900143,16,128,-112
119900144,1026,153,873
119900145,71,139,-68
119900146,100,115,-15
119900147,3,108,-105
119900148,156,32,124
119900149,575,2672,-2097
119900150,113,107,6
119900151,952,490,462
119900152,69,195,-126
119900153,97,65,32
119900154,18,498,-480
119900155,25,43,-18
119900156,28,12,16
119900157,85,116,-31
119900158,123,51,72
119900159,3,946,-943
119900160,9,74,-65
119900161,144,108,36
119900162,543,605,-62
119900163,66,137,-71
119900164,0,2,-2
119900165,114,103,11
119900166,50,25,25
119900167,61,60,1
119900168,697,326,371
119900169,79,169,-90
119900170,119,234,-115
119900171,633,257,376
119900172,76,9,67
119900173,6,259,-253
119900174,1,104,-103
119900175,936,480,456
119900177,27,134,-107
119900178,3,107,-104
119900179,100,373,-273
119900180,719,615,104
119900181,33,82,-49
119900182,78,276,-198
119900183,98,522,-424
119900184,1296,330,966
119900185,31,92,-61
119900186,28,641,-613
119900187,8,236,-228
119900188,74,279,-205
119900189,304,332,-28
119900190,48,216,-168
119900191,283,235,48
119900192,30,78,-48
119900193,271,136,135
119900194,8,40,-32
119900195,9,105,-96
119900196,695,264,431
119900197,125,160,-35
119900198,94,193,-99
119900199,96,13,83
119900200,427,510,-83
119900201,258,80,178
119900202,75,175,-100
119900203,119,429,-310
119900204,203,184,19
119900205,563,345,218
119900206,161,86,75
119900208,112,102,10
119900209,390,944,-554
119900210,33,12,21
119900211,48,3,45
119900212,417,364,53
119900213,10,51,-41
119900214,31,46,-15
119900215,41,49,-8
119900216,14,32,-18
119900217,4,31,-27
119900218,8,40,-32
119900219,9,95,-86
119900220,2,45,-43
119900221,13,140,-127
119900222,5,109,-104
119900223,12,49,-37
119900224,11,7,4
119900225,473,39,434
119900226,408,1106,-698
119900227,690,206,484
119900228,17,145,-128
119900229,200,252,-52
119900230,868,385,483
119900231,175,111,64
119900232,147,72,75
119900233,35,3,32
119900234,12,31,-19
119900235,15,20,-5
119900236,8,100,-92
119900237,14,233,-219
119900238,2,50,-48
119900240,50,98,-48
119900241,145,180,-35
119900242,635,928,-293
119900244,426,1061,-635
119900245,84,135,-51
119900246,203,429,-226
119900247,17,84,-67
119900248,74,148,-74
119900249,115,55,60
119900253,1598,303,1295
119900254,60,553,-493
119900255,45,366,-321
119900256,524,519,5
119900257,84,3,81
119900258,102,9,93
119900259,9,76,-67
119900260,91,13,78
119900261,222,88,134
119900262,1,166,-165
119900263,791,247,544
119900264,58,118,-60
119900265,257,283,-26
119900266,285,148,137
119900267,220,282,-62
119900268,212,104,108
119900269,834,641,193
119900271,14,60,-46
119900272,235,193,42
119900275,145,66,79
119900276,60,3,57
119900277,9,9,0
119900278,82,52,30
119900279,76,144,-68
119900280,475,102,373
119900281,0,149,-149
119900282,42,80,-38
119900283,8,160,-152
119900284,17,78,-61
119900285,20,46,-26
119900286,1,8,-7
119900288,2,15,-13
119900289,2,25,-23
119900290,5,15,-10
119900291,0,33,-33
119900292,35,33,2
119900293,18,55,-37
119900294,10,47,-37
119900295,14,15,-1
119900296,16,87,-71
119900297,0,5,-5
119900298,0,0,0
119900299,20,133,-113
119900300,122,70,52
119900301,33,28,5
119900302,25,28,-3
119900303,193,72,121
119900304,93,14,79
119900305,4,83,-79
119900306,27,0,27
119900307,45,47,-2
119900308,23,22,1
119900309,17,58,-41
119900310,186,177,9
119900311,69,70,-1
119900312,69,50,19
119900313,196,172,24
119900314,117,266,-149
119900315,1288,1290,-2
119900318,3,23,-20
119900319,1,173,-172
119900320,110,321,-211
119900321,46,1,45
120000001,4154,10450,-6296
120000002,2175,2152,23
120000003,2540,1393,1147
120000004,2333,1551,782
120000005,3131,1562,1569
120000006,1079,1089,-10
120000007,2780,2470,310
120000008,836,1075,-239
120000009,2233,774,1459
120000010,1597,2022,-425
120000011,917,1375,-458
120000012,1262,1833,-571
120000013,2396,2225,171
120000014,537,1083,-546
120000015,1782,1257,525
120000016,2958,1842,1116
120000017,1978,1871,107
120000018,2848,8403,-5555
120000019,961,1271,-310
120000020,2505,2512,-7
120000021,1477,1923,-446
120000022,2360,3278,-918
120000023,974,1326,-352
120000024,1106,2040,-934
120000025,1954,1746,208
120000026,1680,1348,332
120000027,1731,1637,94
120000028,472,780,-308
120000029,1708,662,1046
120000030,151,729,-578
120000031,1600,3702,-2102
120000032,5883,3208,2675
120000033,3908,1558,2350
120000034,1535,1415,120
120000035,1788,1478,310
120000036,2329,4044,-1715
120000037,727,1221,-494
120000038,4178,2574,1604
120000039,509,644,-135
120000040,83,271,-188
120000041,1333,1129,204
120000042,1444,1853,-409
120000043,3562,1287,2275
120000044,4043,1228,2815
120000045,4657,873,3784
120000046,2540,2051,489
120000047,815,3518,-2703
120000048,5208,3449,1759
120000049,2518,2483,35
120000050,3154,3228,-74
120000051,2303,3282,-979
120000052,6485,1825,4660
120000053,1181,2018,-837
120000054,1125,3127,-2002
120000055,1424,3613,-2189
120000056,2939,2647,292
120000057,2214,709,1505
120000058,2870,626,2244
120000059,11,1166,-1155
120000061,94,418,-324
120000062,203,257,-54
120000063,1254,1785,-531
120000064,190,766,-576
120000065,455,993,-538
120000066,150,326,-176
120000067,46,358,-312
120000068,190,627,-437
120000069,516,734,-218
120000070,89,498,-409
120000071,456,105,351
120000072,706,340,366
120000073,782,81,701
120000074,132,87,45
120000075,536,270,266
120000076,1584,423,1161
120000077,1603,615,988
120000078,2607,1043,1564
120000079,355,452,-97
120000080,270,207,63
120000081,299,162,137
120000082,272,298,-26
120000083,149,680,-531
120000084,363,254,109
120000085,197,255,-58
120000086,251,376,-125
120000087,188,424,-236
120000088,653,832,-179
120000089,960,517,443
120000090,628,447,181
120000091,631,748,-117
120000092,1012,595,417
120000093,423,442,-19
120000094,155,732,-577
120000095,818,369,449
120000096,211,608,-397
120000098,695,659,36
120000099,325,644,-319
120000100,764,739,25
120000101,460,398,62
120000102,486,707,-221
120000103,1169,870,299
120000104,1585,470,1115
120000105,2503,655,1848
120000106,1830,643,1187
120000107,3101,550,2551
120000108,998,112,886
120000109,1113,48,1065
120000110,71,720,-649
120000111,85,856,-771
120000112,655,1994,-1339
120000113,621,1472,-851
120000114,837,1997,-1160
120000115,331,1697,-1366
120000116,604,1402,-798
120000117,942,1119,-177
120000118,47,29,18
120000119,16,48,-32
120000120,67,68,-1
120000121,40,38,2
120000122,237,263,-26
120000123,3255,4117,-862
120000124,402,278,124
120000125,391,443,-52
120000126,288,842,-554
120000127,1991,840,1151
120000128,2594,3205,-611
120000129,259,246,13
120000130,680,431,249
120000131,247,553,-306
120000134,326,712,-386
120000135,392,369,23
120000137,248,878,-630
120000138,819,301,518
120000139,222,500,-278
120000140,682,347,335
120000141,239,368,-129
120000142,547,457,90
120000143,0,77,-77
120000144,104,3,101
120000145,342,3,339
120000146,1025,827,198
120000149,634,905,-271
120000150,2365,8125,-5760
120000151,347,385,-38
120000152,345,138,207
120000153,143,393,-250
120000154,418,372,46
120000155,94,177,-83
120000156,826,656,170
120000157,775,493,282
120000158,748,724,24
120000159,1631,2015,-384
120000160,2023,1357,666
120000161,1646,1732,-86
120000162,85,221,-136
120000163,518,898,-380
120000164,519,284,235
120000165,522,609,-87
120000166,1153,462,691
120000167,77,70,7
120000168,9,286,-277
120000169,31,909,-878
120000170,33,665,-632
120000171,15,237,-222
120000172,30,204,-174
120000173,2082,813,1269
120000174,253,26,227
120000175,189,35,154
120000176,218,26,192
120000177,664,96,568
120000178,54,14,40
120000179,163,20,143
120000180,280,72,208
120000181,80,515,-435
120000182,32,404,-372
120000183,6,237,-231
120000184,112,721,-609
120000186,70,374,-304
120000187,40,178,-138
120000188,113,310,-197
120000190,615,45,570
120000191,503,49,454
120000192,518,17,501
120000193,202,9,193
120000195,31,2,29
120000196,189,21,168
120000197,48,75,-27
120000198,95,44,51
120000199,60,0,60
120000200,112,0,112
120000201,18,14,4
120000202,3,27,-24
120000203,34,145,-111
120000207,0,35,-35
120000208,14,138,-124
120000209,5,53,-48
120000210,47,57,-10
120000211,87,0,87
120000212,175,0,175
120000213,107,181,-74
120000214,1,189,-188
120000215,6,118,-112
120000216,39,13,26
120000217,558,941,-383
120000218,127,525,-398
120000219,9,339,-330
120000220,2,1120,-1118
120000225,1157,2,1155
120000226,216,4,212
120000227,574,35,539
120000228,6075,2388,3687
120000230,294,20,274
120000231,1080,1549,-469
120000233,167,1,166
120000235,177,526,-349
120000236,669,4,665
120000237,1,823,-822
120000238,7,495,-488
120000241,828,2626,-1798
120000412,373,6,367
120000413,151,117,34
120000414,80,2,78
120000415,1,66,-65
120000416,47,5,42
120000417,1,44,-43
120000418,69,9,60
120000419,2,164,-162
120000420,30,10,20
120000421,7424,4407,3017
120000422,95,829,-734
120000423,2,48,-46
120000424,35,94,-59
120000436,120,539,-419
120000437,127,98,29
120000438,2021,246,1775
120000439,175,493,-318
120000443,114,0,114
120000444,1285,371,914
120000445,1257,906,351
120000446,583,181,402
120000447,184,1,183
120000449,78,6,72
120000450,5,118,-113
120000451,89,141,-52
120000452,105,0,105
120000453,0,177,-177
120000454,40,37,3
120000455,77,37,40
120000456,1600,2777,-1177
120000457,666,407,259
120000458,367,568,-201
120000459,70,37,33
120000665,460,208,252
120000668,99,510,-411
120000669,40,118,-78
120000670,116,475,-359
120000671,1019,369,650
120000672,86,497,-411
120900001,52,111,-59
120900002,225,313,-88
120900003,146,18,128
120900004,6,32,-26
120900005,4,981,-977
120900006,285,200,85
120900007,120,62,58
120900008,186,926,-740
120900009,565,30,535
120900010,320,105,215
120900011,175,171,4
120900012,219,833,-614
120900013,213,95,118
120900014,29,334,-305
120900015,492,75,417
120900016,608,59,549
120900017,1551,47,1504
120900018,97,290,-193
120900019,449,410,39
120900020,701,1155,-454
120900021,564,145,419
120900022,15,228,-213
120900023,246,37,209
120900024,1535,413,1122
120900025,1290,923,367
120900026,122,120,2
120900027,679,13,666
120900028,306,104,202
120900029,130,430,-300
120900030,958,701,257
120900031,168,88,80
120900032,951,63,888
120900033,770,98,672
120900034,22,1760,-1738
120900035,30,60,-30
120900037,196,9,187
120900038,46,237,-191
120900039,59,27,32
120900040,228,10,218
120900041,95,26,69
120900042,393,17,376
120900043,37,25,12
120900044,12,286,-274
120900045,93,64,29
120900046,368,3,365
120900047,113,82,31
120900048,104,33,71
120900049,311,3,308
120900050,1454,1157,297
120900051,332,70,262
120900052,450,4,446
120900053,186,46,140
120900054,1329,321,1008
120900055,365,2,363
120900056,482,18,464
120900057,123,15,108
120900058,436,1,435
120900059,87,3,84
120900060,38,26,12
120900061,171,118,53
120900062,220,3,217
120900063,511,5,506
120900064,412,1,411
120900065,364,1,363
120900066,108,117,-9
120900067,133,43,90
120900068,207,0,207
120900069,170,33,137
120900071,8,0,8
120900072,730,2,728
120900073,466,38,428
120900074,339,6,333
120900076,233,0,233
120900077,1703,169,1534
120900078,621,872,-251
120900079,502,84,418
120900080,766,1385,-619
120900081,964,219,745
120900082,303,305,-2
120900083,95,1,94
120900084,239,356,-117
120900085,69,158,-89
120900086,82,223,-141
120900087,313,413,-100
120900088,104,304,-200
120900089,2421,1959,462
120900090,205,81,124
120900091,600,781,-181
120900092,1210,411,799
120900093,1638,133,1505
120900094,396,149,247
120900095,268,12,256
120900096,31,118,-87
120900097,582,449,133
120900098,204,99,105
120900099,67,44,23
120900100,45,185,-140
120900101,545,196,349
120900102,40,56,-16
120900103,40,179,-139
120900104,26,41,-15
120900105,18,329,-311
120900106,996,408,588
120900107,170,121,49
120900108,4,429,-425
120900109,38,415,-377
120900110,5,437,-432
120900111,135,256,-121
120900112,12,694,-682
120900113,15,491,-476
120900114,25,102,-77
120900115,131,227,-96
120900116,239,294,-55
120900117,3,348,-345
120900118,12,537,-525
120900119,3145,3225,-80
120900120,69,360,-291
120900121,97,321,-224
120900122,281,291,-10
120900123,0,297,-297
120900124,3,426,-423
120900125,1,449,-448
120900126,1237,785,452
120900127,8,377,-369
120900128,1168,1198,-30
120900129,49,244,-195
120900130,0,165,-165
120900131,48,31,17
120900132,930,211,719
120900133,121,508,-387
120900134,834,296,538
120900135,5,369,-364
120900136,34,42,-8
120900137,151,61,90
120900138,15,174,-159
120900139,2,428,-426
120900140,5,33,-28
120900141,87,104,-17
120900142,10,277,-267
120900143,2,553,-551
120900144,0,110,-110
120900145,123,639,-516
120900146,1,624,-623
120900147,52,299,-247
120900148,76,104,-28
120900149,0,188,-188
120900150,40,422,-382
120900151,46,396,-350
120900152,131,24,107
120900153,31,58,-27
120900154,0,140,-140
120900155,158,856,-698
120900156,174,304,-130
120900157,58,221,-163
120900158,60,568,-508
120900159,217,390,-173
120900160,27,496,-469
120900161,39,363,-324
120900162,59,511,-452
120900163,51,405,-354
120900164,0,19,-19
120900165,28,73,-45
120900166,30,289,-259
120900167,214,87,127
120900169,41,189,-148
120900170,888,1916,-1028
120900171,699,185,514
120900172,364,822,-458
120900173,17,44,-27
120900174,5,55,-50
120900175,274,83,191
120900176,10,264,-254
120900177,0,981,-981
120900178,12,218,-206
120900179,757,400,357
120900180,71,122,-51
120900181,123,34,89
120900182,23,215,-192
120900183,363,17,346
120900184,206,36,170
120900185,6,207,-201
120900186,0,397,-397
120900187,346,857,-511
120900188,167,8,159
120900189,71,1171,-1100
120900190,72,3,69
120900191,11,6,5
120900192,6634,5297,1337
120900194,30,55,-25
120900195,99,188,-89
120900196,513,31,482
120900197,546,132,414
120900198,194,349,-155
120900199,286,302,-16
120900200,38,118,-80
120900201,284,112,172
120900202,1,88,-87
120900203,24,53,-29
120900204,135,240,-105
120900205,39,36,3
120900206,14,22,-8
120900207,38,893,-855
121000001,357,596,-239
121000002,1415,712,703
121000003,1710,1310,400
121000004,1658,2097,-439
121000005,1270,1857,-587
121000006,2129,1366,763
121000007,1763,2110,-347
121000008,3534,2398,1136
121000009,3418,3782,-364
121000010,5081,3743,1338
121000011,4442,7373,-2931
121000012,8988,5872,3116
121000013,3834,5196,-1362
121000014,5830,4893,937
121000015,3028,5494,-2466
121000016,3322,2522,800
121000017,1044,1829,-785
121000018,1275,987,288
121000019,10852,7054,3798
121000020,8186,11363,-3177
121000021,3295,3962,-667
121000022,1774,2119,-345
121000023,3046,2458,588
121000024,3496,3394,102
121000025,226,839,-613
121000026,233,165,68
121000027,1143,917,226
121000028,652,332,320
121000029,556,382,174
121000030,351,211,140
121000031,550,469,81
121000032,159,104,55
121000034,353,178,175
121000035,132,137,-5
121000036,637,512,125
121000037,372,351,21
121000038,319,568,-249
121000039,200,288,-88
121000041,390,298,92
121000042,203,286,-83
121000043,344,192,152
121000044,905,478,427
121000045,609,439,170
121000046,592,715,-123
121000047,274,274,0
121000049,932,392,540
121000050,206,763,-557
121000051,835,325,510
121000052,462,636,-174
121000053,299,85,214
121000054,37,299,-262
121000055,826,894,-68
121000056,532,805,-273
121000057,91,177,-86
121000058,576,345,231
121000059,1827,1082,745
121000060,486,737,-251
121000061,97,277,-180
121000062,145,281,-136
121000063,607,593,14
121000064,603,644,-41
121000065,339,262,77
121000066,713,546,167
121000067,548,487,61
121000068,521,293,228
121000069,340,614,-274
121000070,1407,962,445
121000071,1020,1025,-5
121000072,908,599,309
121000073,701,707,-6
121000074,78,106,-28
121000075,34,296,-262
121000076,732,331,401
121000077,93,126,-33
121000078,81,108,-27
121000080,1628,495,1133
121000081,2167,2163,4
121000082,0,0,0
121000083,345,326,19
121000084,405,328,77
121000085,511,710,-199
121000086,168,621,-453
121000087,79,277,-198
121000088,395,395,0
121000089,250,303,-53
121000090,277,301,-24
121000091,918,676,242
121000092,159,64,95
121000093,149,149,0
121000094,380,532,-152
121000095,329,455,-126
121000096,1969,1865,104
121000097,642,1462,-820
121000098,368,639,-271
121000099,537,582,-45
121000100,555,186,369
121000101,310,275,35
121000102,220,211,9
121000103,162,192,-30
121000104,260,116,144
121000105,392,147,245
121000106,268,274,-6
121000107,1841,2867,-1026
121000109,867,814,53
121000110,276,536,-260
121000114,2670,1824,846
121000115,630,586,44
121000116,210,742,-532
121000117,603,203,400
121000118,1062,145,917
121000119,248,310,-62
121000120,206,365,-159
121000121,403,803,-400
121000123,1618,832,786
121000127,122,83,39
121000128,997,338,659
121000129,618,400,218
121000130,480,651,-171
121000131,1786,1681,105
121000132,1865,1586,279
121000135,331,297,34
121000136,920,781,139
121000137,396,234,162
121000138,730,1345,-615
121000139,419,441,-22
121000141,181,103,78
121000142,1537,1536,1
121000143,96,31,65
121000144,688,1229,-541
121000145,463,810,-347
121000146,1036,820,216
121000147,876,360,516
121000148,795,855,-60
121000149,1650,1024,626
121000152,442,381,61
121000153,1322,473,849
121000154,824,494,330
121000155,1181,909,272
121000156,416,852,-436
121000157,688,1004,-316
121000158,269,295,-26
121000159,171,310,-139
121000160,438,584,-146
121000161,151,236,-85
121000162,82,118,-36
121000165,956,1364,-408
121000166,20,406,-386
121000168,294,194,100
121000169,48,139,-91
121000170,302,85,217
121000171,87,160,-73
121000172,601,425,176
121000173,814,847,-33
121000174,323,376,-53
121000175,772,341,431
121000176,283,247,36
121000177,756,449,307
121000178,193,54,139
121000179,81,58,23
121000181,410,328,82
121000182,96,196,-100
121000183,56,78,-22
121000184,50,78,-28
121000185,28,139,-111
121000186,185,404,-219
121000187,138,141,-3
121000188,156,167,-11
121000192,746,358,388
121000193,529,451,78
121000194,1251,1640,-389
121000195,172,663,-491
121000196,531,220,311
121000197,187,456,-269
121000198,144,90,54
121000199,84,221,-137
121000200,370,77,293
121000201,11,150,-139
121000202,579,111,468
121000203,571,1477,-906
121000204,2037,587,1450
121000205,103,170,-67
121000206,81,31,50
121000207,1597,259,1338
121000208,4,206,-202
121000209,273,104,169
121000210,439,320,119
121000211,160,87,73
121000212,375,388,-13
121000213,6092,2206,3886
121000214,666,1662,-996
121000215,734,676,58
121000216,375,427,-52
121000217,2544,1811,733
121000218,339,1109,-770
121000219,1316,591,725
121000220,127,45,82
121000221,49,157,-108
121000222,1274,1435,-161
121000223,621,263,358
121000224,448,247,201
121000225,997,1224,-227
121000226,1695,798,897
121000227,23,124,-101
121000228,16,454,-438
121000229,227,252,-25
121000230,59,1136,-1077
121000231,700,20,680
121000232,403,278,125
121000233,456,301,155
121000234,17,27,-10
121000235,77,80,-3
121000236,4,34,-30
121000237,29,13,16
121000238,5,49,-44
121000239,50,6,44
121000240,9,139,-130
121000241,74,12,62
121000242,32,331,-299
121000243,523,194,329
121000244,12,57,-45
121000245,84,30,54
121000246,2,102,-100
121000247,95,4,91
121000248,1315,418,897
121000249,253,271,-18
121000250,387,159,228
121000251,28,273,-245
121000252,78,60,18
121000253,172,235,-63
121000254,414,73,341
121000255,146,173,-27
121000256,262,126,136
121000257,96,82,14
121000258,81,40,41
121000259,35,43,-8
121000260,79,47,32
121000261,64,55,9
121000262,664,433,231
121000263,600,404,196
121000271,202,1014,-812
121000273,24,3,21
121000274,10,35,-25
121000275,2,12,-10
121000276,5,5,0
121000278,32,13,19
121000279,16,16,0
121000280,21,28,-7
121000289,160,8,152
121000290,969,1007,-38
121000294,130,103,27
121000297,895,1027,-132
121000299,157,297,-140
121000300,688,530,158
121000302,44,641,-597
121000303,362,254,108
121000304,394,46,348
121000305,173,100,73
121000306,96,131,-35
121000308,118,237,-119
121000309,365,511,-146
121000310,166,315,-149
121000311,58,497,-439
121000312,186,151,35
121000313,234,324,-90
121000314,249,153,96
121000315,190,285,-95
121000530,1195,993,202
121000531,1113,1211,-98
121000532,4917,5837,-920
121000533,2604,2840,-236
121000919,55,57,-2
121000938,113,135,-22
121000939,129,126,3
121000956,1148,841,307
121000957,3,13,-10
121000958,33,20,13
121000959,673,569,104
121000960,1101,1345,-244
121000961,217,154,63
121000962,225,425,-200
121000973,0,95,-95
121000976,10,105,-95
121000979,261,80,181
121000981,365,261,104
121000982,276,133,143
121000983,431,339,92
121000984,18,52,-34
121000985,615,339,276
121000986,196,121,75
121000987,190,750,-560
121000988,707,185,522
121001302,242,87,155
121001308,4,3,1
121001309,29,58,-29
121001311,0,0,0
121001313,199,288,-89
121001314,1409,1952,-543
121001315,3243,1958,1285
121001326,332,264,68
121001327,120,97,23
121001328,145,38,107
121900001,123,136,-13
121900002,40,33,7
121900003,431,7,424
121900004,85,231,-146
121900005,17,4,13
121900006,64,10,54
121900007,1199,1323,-124
121900008,424,330,94
121900009,348,8,340
121900010,169,0,169
121900011,158,234,-76
121900012,5,0,5
121900013,1152,127,1025
121900014,829,302,527
121900015,144,151,-7
121900016,3,37,-34
121900017,331,348,-17
121900018,314,11,303
121900019,309,170,139
121900020,22,3,19
121900021,767,22,745
121900022,196,180,16
121900023,123,158,-35
121900024,236,100,136
121900025,534,312,222
121900026,202,33,169
121900027,268,92,176
121900028,171,16,155
121900029,43,107,-64
121900030,403,434,-31
121900031,631,4370,-3739
121900032,63,44,19
121900033,155,181,-26
121900034,250,69,181
121900035,1893,1427,466
121900036,69,248,-179
121900037,107,666,-559
121900038,22,110,-88
121900039,294,42,252
121900040,75,79,-4
121900041,79,143,-64
121900042,294,133,161
121900043,3,5,-2
121900044,59,35,24
121900046,208,163,45
121900047,132,85,47
121900048,15,63,-48
121900050,53,34,19
121900051,159,151,8
121900052,117,17,100
121900053,285,198,87
121900054,261,724,-463
121900055,0,7,-7
121900058,173,92,81
121900059,276,141,135
121900060,148,228,-80
121900062,79,91,-12
121900063,825,386,439
121900064,212,427,-215
121900066,54,20,34
121900067,17,24,-7
121900069,148,72,76
121900070,136,69,67
121900071,291,167,124
121900072,53,137,-84
121900073,252,171,81
121900074,419,725,-306
121900075,395,337,58
121900076,283,421,-138
121900078,36,26,10
121900079,0,0,0
121900080,607,229,378
121900082,81,95,-14
121900084,7,52,-45
121900086,13,30,-17
121900087,185,101,84
121900088,1083,1835,-752
121900089,135,169,-34
121900090,14,54,-40
121900091,59,71,-12
121900092,76,65,11
121900093,69,52,17
121900094,15,3,12
121900095,240,149,91
121900096,810,449,361
121900097,458,100,358
121900098,4,0,4
121900099,182,39,143
121900100,170,387,-217
121900101,114,108,6
121900102,0,82,-82
121900103,319,138,181
121900104,1224,300,924
121900105,226,152,74
121900106,2,1,1
121900107,37,21,16
121900108,0,19,-19
121900109,256,153,103
121900110,340,536,-196
121900111,466,200,266
121900112,122,108,14
121900113,61,307,-246
121900114,21,48,-27
121900117,104,43,61
121900118,1251,490,761
121900119,130,83,47
121900120,33,907,-874
121900121,310,35,275
121900122,39,54,-15
121900123,121,326,-205
121900124,156,110,46
121900125,958,636,322
121900127,23,76,-53
121900128,58,57,1
121900129,394,156,238
121900130,100,156,-56
121900131,164,101,63
121900132,35,37,-2
121900133,82,813,-731
121900134,25,136,-111
121900135,1706,207,1499
121900136,237,248,-11
121900137,25,227,-202
121900138,55,101,-46
121900139,306,518,-212
121900140,71,116,-45
121900141,68,46,22
121900142,89,80,9
121900143,5,83,-78
121900144,92,176,-84
121900145,116,168,-52
121900146,382,636,-254
121900147,80,135,-55
121900148,124,216,-92
121900149,210,441,-231
121900150,60,92,-32
121900151,68,197,-129
121900152,91,92,-1
121900153,67,452,-385
121900154,13,191,-178
121900155,0,80,-80
121900156,107,79,28
121900157,2,263,-261
121900158,73,84,-11
121900159,1,147,-146
121900160,1,199,-198
121900161,264,267,-3
121900162,112,129,-17
121900163,197,342,-145
121900164,327,137,190
121900165,172,126,46
121900166,202,120,82
121900167,81,77,4
121900168,148,195,-47
121900169,5,159,-154
121900170,5,132,-127
121900171,601,381,220
121900172,484,140,344
121900173,590,183,407
121900174,38,44,-6
121900175,95,179,-84
121900176,462,1052,-590
121900177,185,87,98
121900178,16,16,0
121900179,275,134,141
121900180,2280,2881,-601
121900182,566,228,338
121900183,454,1198,-744
121900184,54,365,-311
121900186,6,230,-224
121900187,28,95,-67
121900188,392,212,180
121900189,25,85,-60
121900190,277,369,-92
121900191,46,212,-166
121900192,264,593,-329
121900193,40,126,-86
121900194,4,89,-85
121900195,49,59,-10
121900196,623,688,-65
121900197,248,934,-686
121900198,923,664,259
121900199,0,10,-10
121900200,64,172,-108
121900201,722,466,256
121900202,97,493,-396
121900203,136,556,-420
121900204,606,745,-139
121900205,11,55,-44
121900206,23,27,-4
121900207,49,21,28
121900208,108,202,-94
121900209,41,28,13
121900210,906,786,120
121900211,362,399,-37
121900212,119,77,42
121900213,158,49,109
121900214,6,293,-287
121900215,37,74,-37
121900216,20,150,-130
121900217,138,119,19
121900218,163,281,-118
121900220,82,4,78
121900221,159,441,-282
121900222,124,79,45
121900223,129,29,100
121900224,46,28,18
121900225,66,96,-30
121900226,134,170,-36
121900227,187,339,-152
121900228,131,221,-90
121900230,72,174,-102
121900231,348,972,-624
121900232,135,305,-170
121900233,83,126,-43
121900234,213,164,49
121900235,380,132,248
121900236,228,123,105
121900237,214,229,-15
121900238,133,213,-80
121900239,88,18,70
121900240,168,54,114
121900241,41,43,-2
121900242,2,0,2
121900243,8,1,7
121900244,16,0,16
121900245,129,49,80
121900246,1562,183,1379
121900248,926,1018,-92
121900250,202,236,-34
121900251,285,24,261
121900252,466,120,346
121900253,200,707,-507
121900254,466,241,225
121900255,347,79,268
121900258,2381,1515,866
121900259,230,465,-235
121900260,38,99,-61
121900261,181,416,-235
121900262,325,614,-289
121900263,223,177,46
121900264,1110,901,209
121900265,219,172,47
121900266,375,116,259
121900267,54,26,28
121900269,156,436,-280
121900270,20,133,-113
121900271,47,94,-47
121900273,389,1282,-893
121900274,245,178,67
121900277,437,725,-288
121900278,77,680,-603
121900279,60,151,-91
121900280,84,222,-138
121900281,249,316,-67
121900284,40,6,34
121900286,109,60,49
121900287,13,17,-4
121900288,4,2,2
121900290,214,303,-89
121900291,300,494,-194
121900292,132,100,32
121900293,837,2131,-1294
121900294,176,4,172
121900295,84,146,-62
121900296,35,89,-54
121900298,246,530,-284
121900299,0,5,-5
121900300,97,18,79
121900301,86,1,85
121900302,2,29,-27
121900303,221,200,21
121900304,0,16,-16
121900305,3,8,-5
121900306,142,2,140
121900307,63,1,62
121900308,19,176,-157
121900309,6,171,-165
121900310,18,311,-293
121900311,458,14,444
121900312,188,18,170
121900313,287,18,269
121900314,2,33,-31
121900315,20,0,20
121900316,0,19,-19
121900317,16,12,4
121900318,3,21,-18
121900319,27,73,-46
121900320,30,44,-14
121900321,5,0,5
121900322,0,18,-18
121900323,23,8,15
121900324,2,48,-46
121900325,28,2,26
121900326,3,14,-11
121900327,4,48,-44
121900328,1,18,-17
121900329,2,85,-83
121900330,0,26,-26
121900331,55,15,40
121900332,58,17,41
121900333,24,1,23
121900334,54,54,0
122000001,1707,3808,-2101
122000002,3121,1193,1928
122000003,1627,2459,-832
122000004,2103,1097,1006
122000005,1796,1457,339
122000006,1445,836,609
122000007,888,1430,-542
122000008,2637,3231,-594
122000009,343,395,-52
122000010,1692,2130,-438
122000011,2569,1767,802
122000012,1325,1236,89
122000013,1005,715,290
122000014,1256,959,297
122000015,980,792,188
122000016,441,677,-236
122000017,853,735,118
122000018,1023,919,104
122000019,647,818,-171
122000020,129,158,-29
122000021,195,350,-155
122000022,878,731,147
122000023,578,1137,-559
122000024,662,1073,-411
122000025,1116,1160,-44
122000026,861,809,52
122000027,497,1492,-995
122000028,642,394,248
122000029,300,362,-62
122000030,189,119,70
122000031,150,225,-75
122000032,1379,1451,-72
122000033,480,1001,-521
122000034,461,485,-24
122000035,203,539,-336
122000036,485,398,87
122000037,304,192,112
122000038,226,263,-37
122000039,593,369,224
122000040,240,189,51
122000041,368,500,-132
122000042,266,415,-149
122000043,85,96,-11
122000044,129,110,19
122000045,1037,402,635
122000046,633,569,64
122000047,206,167,39
122000048,2324,3067,-743
122000049,4047,2560,1487
122000050,984,708,276
122000051,243,239,4
122000052,333,293,40
122000053,146,687,-541
122000054,1957,1513,444
122000055,1864,2364,-500
122000056,3557,2584,973
122000057,2404,2706,-302
122000058,1911,1133,778
122000059,2208,1551,657
122000060,606,530,76
122000061,331,411,-80
122000062,966,252,714
122000063,721,459,262
122000064,2461,2435,26
122000065,2627,1810,817
122000066,526,312,214
122000067,1404,1011,393
122000068,808,759,49
122000069,769,649,120
122000070,571,951,-380
122000071,1135,883,252
122000072,307,304,3
122000073,407,552,-145
122000074,2268,1264,1004
122000075,650,898,-248
122000076,1806,884,922
122000077,877,648,229
122000078,1737,2536,-799
122000079,965,1145,-180
122000080,518,313,205
122000081,142,188,-46
122000082,574,617,-43
122000083,1007,1191,-184
122000084,799,562,237
122000085,197,613,-416
122000086,1601,3202,-1601
122000087,232,171,61
122000088,144,236,-92
122000089,3371,1580,1791
122000090,155,342,-187
122000091,161,74,87
122000092,92,14,78
122000093,928,1190,-262
122000094,3809,2160,1649
122000095,1429,2301,-872
122000096,1501,1232,269
122000098,1589,1432,157
122000099,1192,585,607
122000100,884,466,418
122000101,308,454,-146
122000102,1510,959,551
122000103,1544,1415,129
122000104,267,161,106
122000105,436,206,230
122000106,404,472,-68
122000107,789,285,504
122000108,338,548,-210
122000109,326,220,106
122000110,287,360,-73
122000111,1867,1063,804
122000112,742,1001,-259
122000113,495,521,-26
122000114,1628,1067,561
122000115,1383,833,550
122000116,350,324,26
122000117,788,366,422
122000118,433,624,-191
122000119,1894,1389,505
122000120,1593,2708,-1115
122000121,1420,2258,-838
122000122,872,1262,-390
122000123,1295,1155,140
122000124,932,767,165
122000125,326,495,-169
122000126,516,897,-381
122000127,738,1058,-320
122000128,474,619,-145
122000129,444,1019,-575
122000130,2068,824,1244
122000131,1114,864,250
122000132,475,353,122
122000133,753,826,-73
122000134,761,693,68
122000135,746,710,36
122000136,624,628,-4
122000137,1140,586,554
122000139,951,2294,-1343
122000140,731,537,194
122000141,2171,687,1484
122000142,250,522,-272
122000143,303,447,-144
122000144,1200,1107,93
122000145,740,592,148
122000146,485,636,-151
122000147,558,463,95
122000148,728,809,-81
122000149,1401,1168,233
122000150,1113,842,271
122000151,35,52,-17
122000152,482,594,-112
122000153,232,301,-69
122000154,245,164,81
122000155,1185,1802,-617
122000156,950,1049,-99
122000157,1959,2469,-510
122000158,267,540,-273
122000159,733,1292,-559
122000160,2454,1706,748
122000161,1107,1129,-22
122000162,1617,1561,56
122000163,156,63,93
122000164,28,71,-43
122000165,667,609,58
122000166,843,815,28
122000167,176,135,41
122000168,167,372,-205
122000169,302,138,164
122000170,231,139,92
122000171,28,56,-28
122000172,1224,998,226
122000173,1047,1714,-667
122000174,1360,704,656
122000175,752,236,516
122000176,248,537,-289
122000177,1151,1004,147
122000178,1975,1787,188
122000179,1271,1818,-547
122000180,1002,935,67
122000181,2104,2303,-199
122000182,1089,1021,68
122000183,1511,879,632
122000184,2459,1858,601
122000185,1380,1498,-118
122000186,345,623,-278
122000187,1403,774,629
122000188,305,198,107
122000189,239,249,-10
122000190,718,785,-67
122000191,638,472,166
122000192,810,309,501
122000193,336,495,-159
122000194,395,200,195
122000195,125,434,-309
122000196,930,566,364
122000197,468,491,-23
122000198,561,589,-28
122000199,307,256,51
122000200,692,529,163
122000201,1096,1316,-220
122000202,1201,1651,-450
122000203,1508,924,584
122000204,1480,1657,-177
122000205,1140,1101,39
122000206,1900,732,1168
122000207,1502,1053,449
122000208,1589,1005,584
122000209,1583,304,1279
122000210,1734,1288,446
122000211,1070,984,86
122000212,609,398,211
122000213,914,957,-43
122000214,1587,1252,335
122000215,1700,1631,69
122000217,1199,1068,131
122000218,616,50,566
122000219,1163,794,369
122000220,462,425,37
122000221,72,330,-258
122000222,510,152,358
122000223,1252,523,729
122000225,601,359,242
122000226,1465,1273,192
122000227,205,1559,-1354
122000228,356,272,84
122000229,17,404,-387
122000230,43,332,-289
122000231,233,674,-441
122000232,497,669,-172
122000233,0,98,-98
122000234,336,142,194
122000235,868,145,723
122000236,907,71,836
122000237,96,77,19
122000238,291,203,88
122000239,455,89,366
122000240,880,554,326
122000241,1421,382,1039
122000242,569,86,483
122000243,295,64,231
122000244,83,261,-178
122000245,81,174,-93
122000246,243,120,123
122000247,390,453,-63
122000248,1032,1278,-246
122000249,911,683,228
122000250,1660,1061,599
122000251,185,330,-145
122000252,472,91,381
122000253,35,171,-136
122000254,226,61,165
122000255,562,1096,-534
122000256,325,657,-332
122000257,169,307,-138
122000258,204,198,6
122000259,18,412,-394
122000260,178,623,-445
122000261,12,154,-142
122000262,0,56,-56
122000263,269,104,165
122000264,1078,280,798
122000265,1769,705,1064
122000266,3572,658,2914
122000267,199,114,85
122000268,117,290,-173
122000269,704,309,395
122000270,419,158,261
122000271,327,784,-457
122000272,273,771,-498
122000273,361,364,-3
122000274,205,193,12
122000275,321,204,117
122000276,490,290,200
122000277,930,1159,-229
122000278,1697,1085,612
122000279,126,208,-82
122000280,551,411,140
122000281,460,358,102
122000282,198,735,-537
122000283,302,155,147
122000284,193,84,109
122000285,381,95,286
122000286,51,202,-151
122000287,913,1268,-355
122000288,377,267,110
122000291,1431,580,851
122000293,183,187,-4
122000294,122,195,-73
122000295,941,161,780
122000296,27,395,-368
122000297,1341,1511,-170
122000299,601,1021,-420
122000300,484,426,58
122000301,5589,2291,3298
122000302,426,1077,-651
122000303,1817,776,1041
122000304,62,167,-105
122000305,825,478,347
122000306,33,392,-359
122000307,93,68,25
122000309,70,43,27
122000310,45,124,-79
122000311,139,189,-50
122000312,114,147,-33
122000313,101,58,43
122000314,133,187,-54
122000315,226,44,182
122000316,676,168,508
122000317,1217,219,998
122000318,178,285,-107
122000319,134,214,-80
122000320,351,915,-564
122000321,77,133,-56
122000322,1617,1706,-89
122000323,1342,1696,-354
122000324,908,972,-64
122000325,691,1245,-554
122000326,77,96,-19
122000327,377,571,-194
122000328,601,495,106
122000330,1348,592,756
122000333,23,104,-81
122000337,911,1122,-211
122000338,476,409,67
122000340,266,373,-107
122000342,1218,740,478
122000343,386,804,-418
122000344,61,9,52
122000345,230,101,129
122000346,278,322,-44
122000348,575,480,95
122000349,84,453,-369
122000351,198,146,52
122000352,290,152,138
122000353,114,50,64
122000355,162,247,-85
122000356,1195,1453,-258
122000357,71,20,51
122000358,0,29,-29
122000359,0,19,-19
122000360,0,17,-17
122000362,12,43,-31
122000364,138,210,-72
122000365,0,24,-24
122000366,13,7,6
122000368,423,518,-95
122000370,19,33,-14
122000371,16,1,15
122000372,10,0,10
122000381,64,238,-174
122000382,81,254,-173
122000384,1816,953,863
122000385,61,1,60
122000386,224,822,-598
122000387,606,683,-77
122000388,918,512,406
122000389,152,456,-304
122000390,473,270,203
122000391,183,112,71
122000392,153,150,3
122000393,267,256,11
122000394,414,177,237
122000395,129,135,-6
122000396,282,103,179
122000399,133,77,56
122000400,174,555,-381
122000401,107,106,1
122000402,225,140,85
122000403,283,441,-158
122000404,117,125,-8
122000408,552,763,-211
122000503,13,73,-60
122000524,184,93,91
122000544,59,1589,-1530
122000614,348,363,-15
122000616,182,0,182
122000640,61,81,-20
122000641,113,228,-115
122000642,978,690,288
122000643,89,175,-86
122000644,235,72,163
122000645,244,253,-9
122000651,902,740,162
122000664,207,47,160
122000665,1049,458,591
122000666,577,819,-242
122000673,18,151,-133
122000674,113,46,67
122000675,1326,628,698
122000686,102,429,-327
122000687,591,131,460
122000688,222,412,-190
122000689,487,106,381
122000690,1311,389,922
122000691,584,1129,-545
122000692,1595,626,969
122000693,586,1497,-911
122000695,260,171,89
122000696,254,150,104
122000698,461,469,-8
122000699,131,39,92
122000701,1509,439,1070
122000702,500,940,-440
122000703,147,65,82
122000712,0,0,0
122000717,683,182,501
122000718,294,1188,-894
122000719,136,65,71
122000720,534,215,319
122000724,205,240,-35
122900001,35,10,25
122900002,803,3432,-2629
122900003,233,40,193
122900004,796,24,772
122900005,81,48,33
122900006,420,422,-2
122900007,83,58,25
122900008,223,82,141
122900009,431,304,127
122900010,157,79,78
122900012,203,275,-72
122900014,118,198,-80
122900015,975,614,361
122900016,94,164,-70
122900017,229,504,-275
122900018,126,16,110
122900020,177,342,-165
122900021,19,237,-218
122900022,717,799,-82
122900023,159,84,75
122900024,86,82,4
122900025,12,246,-234
122900026,38,215,-177
122900027,41,386,-345
122900028,87,134,-47
122900029,3362,2241,1121
122900030,798,460,338
122900031,61,166,-105
122900032,83,279,-196
122900033,232,130,102
122900034,3149,3704,-555
122900035,8,15,-7
122900036,37,91,-54
122900037,271,75,196
122900038,55,1895,-1840
122900039,74,369,-295
122900040,169,343,-174
122900041,248,235,13
122900042,127,242,-115
122900043,260,183,77
122900044,94,276,-182
122900045,122,99,23
122900046,144,199,-55
122900047,94,138,-44
122900048,57,129,-72
122900049,1171,107,1064
122900051,85,77,8
122900052,123,150,-27
122900053,25,20,5
122900055,228,56,172
122900057,162,62,100
122900061,311,125,186
122900062,470,399,71
122900063,133,210,-77
122900064,598,267,331
122900065,415,177,238
122900066,493,255,238
122900067,795,466,329
122900069,220,786,-566
122900070,277,49,228
122900071,118,256,-138
122900073,32,146,-114
122900074,570,293,277
122900075,0,57,-57
122900076,7,150,-143
122900077,1,75,-74
122900078,138,45,93
122900080,29,32,-3
122900081,151,130,21
122900082,778,211,567
122900083,163,147,16
122900084,5,174,-169
122900086,4,86,-82
122900087,322,369,-47
122900088,30,124,-94
122900089,116,178,-62
122900090,9,339,-330
122900091,219,0,219
122900092,0,84,-84
122900093,0,165,-165
122900094,3,121,-118
122900095,134,11,123
122900096,256,107,149
122900097,25,38,-13
122900098,35,59,-24
122900099,68,8,60
122900100,95,207,-112
122900101,426,212,214
122900102,23,17,6
122900103,136,17,119
122900104,121,22,99
122900105,8,7,1
122900106,2,36,-34
122900107,0,124,-124
122900108,2,171,-169
122900109,124,83,41
123000001,682,285,397
123000002,2175,2856,-681
123000003,2009,2266,-257
123000004,2182,3067,-885
123000005,1662,1972,-310
123000006,1644,2128,-484
123000007,3283,2230,1053
123000008,1844,1825,19
123000009,3507,2215,1292
123000010,2787,2679,108
123000011,1799,554,1245
123000012,917,1977,-1060
123000013,2174,657,1517
123000014,680,1685,-1005
123000015,2500,908,1592
123000016,916,2325,-1409
123000017,2795,1664,1131
123000018,65,81,-16
123000019,278,119,159
123000020,168,60,108
123000021,116,180,-64
123000022,237,1720,-1483
123000023,1230,1292,-62
123000024,1379,584,795
123000025,243,98,145
123000026,29,66,-37
123000027,325,444,-119
123000028,1189,952,237
123000029,1323,1168,155
123000030,179,207,-28
123000031,169,200,-31
123000032,296,123,173
123000033,225,78,147
123000034,962,608,354
123000035,308,294,14
123000036,223,672,-449
123000037,178,206,-28
123000038,63,213,-150
123000039,354,1168,-814
123000040,508,257,251
123000041,886,977,-91
123000042,879,465,414
123000043,1303,3101,-1798
123000044,3589,1927,1662
123000045,3340,1927,1413
123000046,543,1202,-659
123000047,994,424,570
123000048,59,635,-576
123000049,2690,5898,-3208
123000050,1476,1949,-473
123000051,62,177,-115
123000052,722,2423,-1701
123000053,1458,2253,-795
123000054,1307,1653,-346
123000055,1231,1632,-401
123000056,773,881,-108
123000057,7882,5227,2655
123000058,632,822,-190
123000059,960,2884,-1924
123000060,851,545,306
123000061,1506,1362,144
123000063,265,286,-21
123000064,745,216,529
123000065,2046,1423,623
123000066,552,462,90
123000067,700,542,158
123000068,1941,1916,25
123000069,4420,2536,1884
123000070,136,206,-70
123000071,560,372,188
123000072,594,458,136
123000073,897,706,191
123000074,1180,1008,172
123000075,646,1185,-539
123000076,652,536,116
123000077,1195,1191,4
123000078,802,1002,-200
123000079,1169,1485,-316
123000080,2195,1600,595
123000081,130,445,-315
123000082,271,528,-257
123000083,944,444,500
123000084,662,547,115
123000085,288,79,209
123000086,450,152,298
123000087,461,448,13
123000088,1062,1144,-82
123000089,447,847,-400
123000090,1004,656,348
123000091,1512,1251,261
123000092,1349,1398,-49
123000094,584,300,284
123000095,409,505,-96
123000096,552,247,305
123000097,442,403,39
123000098,647,468,179
123000099,497,503,-6
123000100,465,495,-30
123000101,493,533,-40
123000102,339,423,-84
123000104,342,406,-64
123000105,449,408,41
123000106,411,338,73
123000107,329,379,-50
123000108,1681,909,772
123000111,629,355,274
123000112,495,289,206
123000113,443,594,-151
123000114,362,565,-203
123000115,224,236,-12
123000116,42,107,-65
123000117,586,545,41
123000118,228,306,-78
123000119,429,681,-252
123000120,610,740,-130
123000121,268,459,-191
123000122,256,241,15
123000123,450,514,-64
123000124,437,416,21
123000125,791,975,-184
123000126,1095,3413,-2318
123000127,616,655,-39
123000128,206,221,-15
123000129,447,157,290
123000130,545,81,464
123000131,750,742,8
123000132,273,361,-88
123000133,264,264,0
123000134,290,140,150
123000135,1367,636,731
123000136,139,473,-334
123000137,99,202,-103
123000138,114,307,-193
123000139,437,108,329
123000140,76,499,-423
123000141,544,135,409
123000142,845,773,72
123000143,974,1415,-441
123000144,26,12,14
123000145,88,84,4
123000146,19,49,-30
123000147,40,98,-58
123000149,285,262,23
123000150,126,144,-18
123000151,221,372,-151
123000152,41,290,-249
123000153,172,564,-392
123000154,1108,1372,-264
123000155,1672,797,875
123000156,25,101,-76
123000157,559,628,-69
123000158,445,685,-240
123000159,1669,1103,566
123000160,913,717,196
123000161,1056,647,409
123000162,735,1287,-552
123000163,411,114,297
123000164,675,266,409
123000165,266,776,-510
123000166,36,116,-80
123000167,131,197,-66
123000168,208,162,46
123000169,615,111,504
123000170,89,111,-22
123000171,490,16,474
123000172,147,326,-179
123000173,435,264,171
123000174,779,321,458
123000175,459,766,-307
123000176,1039,314,725
123000177,208,585,-377
123000178,633,120,513
123000179,26,146,-120
123000180,1116,259,857
123000181,148,603,-455
123000183,161,466,-305
123000186,98,517,-419
123000187,464,7,457
123000188,200,61,139
123000189,91,121,-30
123000190,2,47,-45
123000192,41,229,-188
123000193,131,637,-506
123000194,339,288,51
123000195,175,44,131
123000196,167,26,141
123000197,104,48,56
123000198,27,382,-355
123000199,53,454,-401
123000200,321,30,291
123000201,425,6,419
123000202,65,657,-592
123000203,583,77,506
123000204,89,790,-701
123000205,419,1134,-715
123000206,1670,235,1435
123000207,97,607,-510
123000208,797,186,611
123000209,1841,541,1300
123000210,450,1468,-1018
123000211,548,2162,-1614
123000212,2585,686,1899
123000213,813,276,537
123000215,77,189,-112
123000216,135,480,-345
123000217,170,30,140
123000218,50,455,-405
123000219,502,77,425
123000220,382,74,308
123000222,261,148,113
123000223,274,180,94
123000224,266,258,8
123000225,188,65,123
123000226,50,174,-124
123000227,64,219,-155
123000228,225,43,182
123000229,768,1007,-239
123000232,70,398,-328
123000233,569,140,429
123000234,120,460,-340
123000235,801,218,583
123000236,197,498,-301
123000237,257,81,176
123000238,77,285,-208
123000239,283,708,-425
123000240,46,358,-312
123000241,739,65,674
123000243,906,778,128
123000244,788,674,114
123000245,45,123,-78
123000249,246,458,-212
123000252,573,133,440
123000253,956,422,534
123000254,450,562,-112
123000255,986,968,18
123000256,218,316,-98
123000257,959,764,195
123000258,1171,894,277
123000259,318,237,81
123000260,348,237,111
123000261,484,223,261
123000262,76,142,-66
123000263,408,104,304
123000264,173,89,84
123000265,34,124,-90
123000266,487,525,-38
123000267,519,385,134
123000268,37,51,-14
123000269,23,67,-44
123000270,37,63,-26
123000271,65,48,17
123000272,537,261,276
123000273,213,448,-235
123000274,970,459,511
123000275,240,549,-309
123000278,1931,2269,-338
123000279,99,80,19
123000280,377,320,57
123000281,223,79,144
123000282,76,222,-146
123000283,145,60,85
123000284,65,70,-5
123000286,308,554,-246
123000287,548,273,275
123000288,1142,677,465
123000289,429,779,-350
123000291,255,643,-388
123000294,250,308,-58
123000295,794,556,238
123000296,758,465,293
123000297,661,490,171
123000298,464,393,71
123000299,200,333,-133
123000300,1867,1612,255
123000301,183,364,-181
123000302,53,137,-84
123000303,64,187,-123
123000305,763,804,-41
123000306,116,111,5
123000309,44,40,4
123000310,41,43,-2
123000311,31,100,-69
123000312,558,835,-277
123000313,939,655,284
123000315,114,204,-90
123000316,221,226,-5
123000317,232,63,169
123000318,56,166,-110
123000329,4,10,-6
123000337,940,373,567
123000338,287,42,245
123000339,182,125,57
123000340,230,586,-356
123000342,19,122,-103
123000343,15,6,9
123000344,1093,372,721
123000345,1041,626,415
123000346,547,274,273
123000352,791,627,164
123000353,36,121,-85
123000354,627,8,619
123000355,47,720,-673
123000356,272,13,259
123000357,1,92,-91
123000359,11,91,-80
123000360,143,70,73
123000361,188,186,2
123000362,278,89,189
123000363,72,114,-42
123000364,821,778,43
123000365,11,258,-247
123000366,626,1907,-1281
123000367,802,1427,-625
123000370,12,134,-122
123000371,256,20,236
123000372,248,18,230
123000373,13,237,-224
123000374,12,133,-121
123000375,246,47,199
123000376,688,550,138
123000377,253,11,242
123000378,5,118,-113
123000379,0,141,-141
123000380,61,317,-256
123000381,93,47,46
123000382,683,124,559
123000383,141,979,-838
123000384,334,54,280
123000385,98,373,-275
123000436,128,2188,-2060
123000507,372,221,151
123000508,493,985,-492
123000517,158,32,126
123000518,27,213,-186
123000519,235,24,211
123000520,44,161,-117
123000521,393,142,251
123000522,304,559,-255
123000541,7,2,5
123000542,0,10,-10
123000565,762,41,721
123000566,241,382,-141
123000567,73,157,-84
123000575,17,444,-427
123000576,555,17,538
123000577,144,549,-405
123000578,390,50,340
123000579,2388,4185,-1797
123000580,129,37,92
123000582,258,34,224
123000583,12,243,-231
123000584,142,170,-28
123000585,0,56,-56
123000586,56,0,56
123000596,92,76,16
123000597,33,148,-115
123000602,40,13,27
123000603,364,39,325
123000604,185,406,-221
123000605,644,35,609
123000606,1,331,-330
123000609,10,235,-225
123000610,169,105,64
123000613,1,46,-45
123000615,33,100,-67
123000616,163,39,124
123000617,134,232,-98
123000618,103,373,-270
123000619,456,51,405
123000620,74,1248,-1174
123000622,648,71,577
123000624,151,44,107
123000630,1461,481,980
123000631,2655,1975,680
123000632,1464,1166,298
123000633,48,375,-327
123000634,57,86,-29
123000635,63,84,-21
123000636,42,269,-227
123000637,160,13,147
123000638,384,45,339
123000639,1514,2986,-1472
123000640,45,395,-350
123000648,861,315,546
123000649,285,630,-345
123000650,194,90,104
123000651,207,312,-105
123000652,393,53,340
123000653,80,228,-148
123000654,161,359,-198
123000655,60,288,-228
123000656,567,77,490
123000657,7,62,-55
123000658,173,18,155
123900001,860,20,840
123900002,19,1014,-995
123900003,171,285,-114
123900005,157,129,28
123900006,181,21,160
124000001,1509,153,1356
124000002,16,515,-499
124000003,757,107,650
124000004,53,367,-314
124000005,839,333,506
124000006,196,810,-614
124000007,292,95,197
124000008,9,390,-381
124000009,515,234,281
124000010,168,371,-203
124000011,683,215,468
124000012,253,344,-91
124000017,136,94,42
124000018,74,38,36
124000019,116,127,-11
124000020,53,85,-32
124000021,71,73,-2
124000022,68,117,-49
124000023,581,149,432
124000024,724,372,352
124000025,525,385,140
124000026,585,334,251
124000027,916,745,171
124000028,1719,766,953
124000031,1378,2031,-653
124000032,1666,866,800
124000033,821,466,355
124000034,488,908,-420
124000035,282,191,91
124000036,120,523,-403
124000037,301,1171,-870
124000038,37,107,-70
124000039,872,479,393
124000040,468,1005,-537
124000041,299,73,226
124000042,88,377,-289
124000043,87,104,-17
124000044,72,143,-71
124000045,707,487,220
124000046,289,483,-194
124000047,1219,688,531
124000048,861,841,20
124000049,1409,527,882
124000050,735,1218,-483
124000051,758,428,330
124000052,507,637,-130
124000053,484,1279,-795
124000054,875,358,517
124000055,1160,1997,-837
124000056,1701,1195,506
124000057,779,422,357
124000058,375,967,-592
124000059,535,877,-342
124000060,796,505,291
124000061,1091,4203,-3112
124000062,4531,1539,2992
124000063,1077,1387,-310
124000064,1611,1058,553
124000065,126,382,-256
124000066,243,95,148
124000067,138,115,23
124000068,43,87,-44
124000069,552,149,403
124000070,182,299,-117
124000071,103,109,-6
124000072,190,272,-82
124000073,726,189,537
124000074,168,462,-294
124000075,258,28,230
124000076,9,105,-96
124000077,1451,626,825
124000078,2122,1273,849
124000079,300,1060,-760
124000080,379,114,265
124000081,97,372,-275
124000082,37,136,-99
124000083,55,75,-20
124000084,79,419,-340
124000085,66,43,23
124000086,58,66,-8
124000087,109,77,32
124000088,101,245,-144
124000089,702,252,450
124000090,128,259,-131
124000091,521,105,416
124000092,118,466,-348
124000093,66,63,3
124000094,90,341,-251
124000095,110,50,60
124000096,114,192,-78
124000097,89,97,-8
124000098,64,89,-25
124000099,244,105,139
124000100,48,86,-38
124000101,55,70,-15
124000102,74,48,26
124000103,79,77,2
124000104,92,48,44
124000105,62,80,-18
124000106,148,39,109
124000107,8,168,-160
124000108,50,21,29
124000109,144,96,48
124000110,229,73,156
124000111,144,137,7
124000112,491,522,-31
124000113,96,91,5
124000114,233,332,-99
124000115,305,516,-211
124000116,93,139,-46
124000117,49,72,-23
124000118,28,64,-36
124000119,630,333,297
124000120,373,404,-31
124000121,1477,711,766
124000122,444,964,-520
124000123,767,430,337
124000124,310,802,-492
124000125,339,352,-13
124000126,191,482,-291
124000127,690,295,395
124000128,489,700,-211
124000129,1565,1317,248
124000130,674,516,158
124000131,749,502,247
124000132,724,689,35
124000133,696,607,89
124000134,705,481,224
124000135,1189,1286,-97
124000136,658,824,-166
124000137,843,542,301
124000138,927,919,8
124000139,559,46,513
124000140,72,466,-394
124000141,601,18,583
124000142,40,456,-416
124000143,95,9,86
124000144,11,130,-119
124000145,100,26,74
124000146,21,62,-41
124000148,9,100,-91
124000149,875,373,502
124000150,273,575,-302
124000151,718,331,387
124000152,585,1001,-416
124000153,654,571,83
124000154,245,533,-288
124000155,1096,794,302
124000156,1207,775,432
124000169,179,317,-138
124000170,313,368,-55
124000171,237,157,80
124000172,289,331,-42
124000173,380,196,184
124000174,329,344,-15
124000175,1,64,-63
124000176,38,15,23
124000177,4,41,-37
124000178,27,52,-25
124000185,40,4,36
124000186,10,30,-20
124000187,9,62,-53
124000188,56,12,44
124000190,118,41,77
124000191,98,215,-117
124000192,935,232,703
124000193,283,685,-402
124000194,399,324,75
124000195,181,434,-253
124000196,824,714,110
124000197,32,37,-5
124000198,19,43,-24
124000201,392,563,-171
124000202,576,309,267
124000203,342,370,-28
124000204,655,241,414
124000205,54,327,-273
124000206,541,187,354
124000207,1,35,-34
124000209,163,186,-23
124000210,398,125,273
124000211,590,5,585
124000212,1,271,-270
124000213,295,207,88
124000214,313,310,3
124000215,559,66,493
124000216,1,310,-309
124000329,126,1121,-995
124000338,91,450,-359
124000339,686,62,624
124000341,1174,79,1095
124000344,29,37,-8
124000357,1261,2537,-1276
124000358,1294,2194,-900
124000359,996,729,267
124000360,717,495,222
124000361,1192,593,599
124000362,789,1032,-243
124000363,307,323,-16
124000364,534,668,-134
124000365,671,832,-161
124000366,1408,1193,215
124000367,118,386,-268
124000368,368,312,56
124000369,66,69,-3
124000370,37,342,-305
124000402,15,10,5
124000403,88,10,78
124000404,8,71,-63
124000405,814,557,257
124000406,620,684,-64
124000407,1,27,-26
124000411,7,182,-175
124000412,411,8,403
124000413,238,30,208
124000414,77,116,-39
124000415,61,83,-22
124000416,131,157,-26
124000417,128,109,19
124000418,151,107,44
124000419,94,105,-11
124000420,78,47,31
124000421,32,130,-98
124000422,34,7,27
124000423,123,25,98
124000424,2,93,-91
124000425,119,7,112
124000426,2,135,-133
124000427,154,6,148
124000428,14,51,-37
124000429,63,51,12
124000430,423,279,144
124000431,206,341,-135
124000432,205,501,-296
124000439,28,17,11
124000443,0,55,-55
124000445,427,914,-487
124000446,1055,242,813
124000447,48,128,-80
124000448,92,16,76
124000449,142,12,130
124000450,11,110,-99
124000451,4,84,-80
124000452,340,70,270
124000453,1974,3293,-1319
124000454,2079,4041,-1962
124000455,4,864,-860
124000456,602,10,592
124000457,7,349,-342
124000458,6,196,-190
124000459,222,4,218
124000460,4,147,-143
124900001,440,289,151
124900002,106,203,-97
124900003,848,399,449
124900004,532,240,292
124900005,157,97,60
124900006,582,259,323
124900008,807,373,434
124900009,133,221,-88
124900010,105,85,20
124900011,367,125,242
124900012,294,90,204
124900013,366,131,235
124900014,205,44,161
124900015,118,248,-130
124900016,45,49,-4
124900017,407,1341,-934
124900018,61,31,30
124900020,78,37,41
124900021,156,27,129
124900022,56,9,47
124900024,193,7,186
124900026,124,4,120
124900027,83,342,-259
124900028,250,54,196
124900029,15,392,-377
124900030,2,55,-53
124900031,34,179,-145
124900032,140,146,-6
124900033,66,166,-100
124900034,4,76,-72
124900035,121,274,-153
124900036,2,61,-59
124900037,140,140,0
124900038,184,225,-41
124900039,2,76,-74
124900040,118,58,60
124900041,185,612,-427
124900042,91,3,88
124900043,473,667,-194
124900044,75,3,72
124900045,341,817,-476
124900047,94,88,6
124900048,173,66,107
124900050,165,104,61
124900052,96,212,-116
124900053,75,193,-118
124900054,1298,307,991
124900055,0,130,-130
124900057,10,390,-380
124900060,36,114,-78
124900061,49,10,39
124900062,151,16,135
124900066,0,15,-15
124900067,20,102,-82
124900068,197,341,-144
124900070,31,32,-1
124900072,125,38,87
124900075,170,195,-25
124900076,33,867,-834
124900077,19,66,-47
124900078,75,9,66
124900079,376,126,250
124900080,258,448,-190
124900081,812,232,580
124900082,242,576,-334
124900083,191,378,-187
124900085,779,321,458
124900086,31,976,-945
124900087,425,55,370
124900088,384,66,318
124900089,960,31,929
124900090,247,142,105
124900091,197,207,-10
124900092,228,173,55
124900093,257,116,141
124900094,326,173,153
124900095,88,329,-241
124900096,311,167,144
124900097,231,32,199
124900098,95,240,-145
124900099,392,403,-11
124900100,225,26,199
124900101,82,301,-219
124900102,190,5,185
124900103,107,128,-21
124900104,78,88,-10
124900105,133,72,61
124900106,256,28,228
124900107,67,13,54
124900108,100,50,50
124900111,0,95,-95
124900112,60,282,-222
124900113,60,281,-221
124900114,159,161,-2
124900115,27,24,3
124900116,136,126,10
124900117,241,151,90
124900118,111,219,-108
124900119,288,153,135
124900120,35,207,-172
124900121,78,295,-217
124900122,181,159,22
124900123,241,103,138
124900124,89,328,-239
124900125,698,3,695
124900126,6,371,-365
204000001,121,9,112
204000002,21,11,10
204000003,17,4,13
204000004,7,1,6
204000005,647,606,41
204000006,1229,1170,59
204000011,11,36,-25
204000012,43,94,-51
204000019,563,376,187
204000020,477,481,-4
204000021,1033,588,445
204000022,458,317,141
204000023,540,574,-34
204000031,76,10,66
204000032,308,23,285
204000034,18,42,-24
204000035,2,1,1
204000036,4,13,-9
204000037,3,12,-9
204000038,2,16,-14
204000039,2,11,-9
204000040,3,16,-13
204000041,8,14,-6
204000042,19,9,10
204000043,24,3,21
204000044,20,0,20
204000045,21,4,17
204000046,8,1,7
204000057,6,13,-7
204000062,26,50,-24
204000068,33,263,-230
204000069,81,239,-158
204000070,73,57,16
204000080,33,70,-37
204000085,2070,1286,784
204000086,2313,1516,797
204000087,25,7,18
204000088,2,80,-78
204000090,10,94,-84
204000093,25,37,-12
204000096,742,1044,-302
204000097,304,8,296
204000099,815,1343,-528
204000100,1102,1947,-845
204000105,2244,1152,1092
204000110,443,728,-285
204000111,460,395,65
204000112,727,446,281
204000113,476,431,45
204000114,502,497,5
204000115,461,281,180
204000116,646,461,185
204000119,1648,2648,-1000
204000132,734,282,452
204000133,922,201,721
204000134,205,97,108
204000135,632,71,561
204000136,732,153,579
204000138,424,405,19
204000140,276,197,79
204000141,166,84,82
204000144,3,22,-19
204000145,360,29,331
204000146,48,670,-622
204000147,117,177,-60
204000148,369,24,345
204000154,2,1,1
204000155,0,6,-6
204000177,84,33,51
204000179,2,1,1
204000180,3,33,-30
204000222,2,4,-2
204000236,48,475,-427
204000238,14,17,-3
204000240,600,78,522
204000263,667,885,-218
204000268,1042,822,220
204000308,24,3,21
204000317,12,42,-30
204000322,15,36,-21
204000323,122,31,91
204000328,297,133,164
204000329,105,342,-237
204000330,155,64,91
204000331,149,328,-179
205000001,823,1562,-739
205000013,5,63,-58
205000014,15,77,-62
205000015,25,164,-139
205000016,23,129,-106
205000017,23,69,-46
205000022,292,868,-576
205000025,1241,1041,200
205000029,181,8,173
205000045,108,404,-296
205000046,117,507,-390
205000047,27,372,-345
205000048,305,940,-635
205000049,169,771,-602
205000050,600,265,335
205000059,1,185,-184
205000060,0,83,-83
205000061,2,82,-80
205000062,5,67,-62
205000063,15,84,-69
205000064,17,81,-64
205000065,46,400,-354
205000066,119,682,-563
205000067,28,800,-772
205000069,166,20,146
205000082,126,154,-28
205000110,86,241,-155
205000111,192,211,-19
205000112,137,165,-28
205000113,180,309,-129
205000121,245,72,173
205000123,33,186,-153
205000126,504,96,408
205000127,816,177,639
205000128,498,115,383
205000129,688,81,607
205000130,227,24,203
205000131,139,7,132
205000132,203,7,196
205000133,105,1,104
205000134,320,0,320
205000137,61,105,-44
205000138,148,241,-93
205000139,21,111,-90
205000144,69,81,-12
205000145,301,178,123
205000151,148,26,122
205000152,175,28,147
205000153,240,26,214
205000154,79,30,49
205000155,85,8,77
205000207,5,117,-112
205000233,16,0,16
205000234,0,0,0
205000243,0,0,0
205000244,0,3,-3
205000245,15,124,-109
205000249,0,9,-9
205000250,8,1,7
205000264,5,78,-73
206000027,3,1,2
206000028,4,2,2
206000043,6,42,-36
206000053,1,4,-3
206000054,8,17,-9
206000055,0,7,-7
206000075,12,18,-6
206000076,21,22,-1
206000077,14,15,-1
206000078,23,7,16
206000079,18,8,10
206000082,206,36,170
206000100,30,230,-200
206000103,7,10,-3
206000104,12,12,0
206000105,9,11,-2
206000106,15,9,6
206000125,37,0,37
206000157,39,289,-250
206000170,2,116,-114
206000171,0,109,-109
206000172,10,210,-200
206000173,1,132,-131
206000174,3,48,-45
206000175,1,63,-62
206000176,9,111,-102
206000177,1,108,-107
206000178,0,139,-139
206000179,4,54,-50
206000180,13,92,-79
206000181,7,81,-74
206000182,13,93,-80
206000183,19,314,-295
206000184,5,173,-168
206000185,10,76,-66
206000186,117,527,-410
206000223,5,151,-146
206000226,6,3,3
206000227,13,5,8
206000237,15,179,-164
206000238,15,330,-315
206000239,172,1043,-871
206000240,1,41,-40
206000241,0,35,-35
206000242,9,145,-136
206000243,10,99,-89
206000244,75,329,-254
206000245,530,78,452
206000246,167,13,154
206000247,157,8,149
206000248,242,21,221
206000252,41,40,1
206000258,21,27,-6
206000315,12,4,8
206000317,326,106,220
206000318,365,46,319
206000319,932,91,841
206000320,124,34,90
206000321,145,11,134
206000322,311,19,292
206000323,123,13,110
206000324,104,8,96
206000325,106,13,93
206000326,123,10,113
206000327,123,5,118
206000328,120,3,117
206000329,203,7,196
206000330,42,7,35
206000331,95,2,93
206000332,25,2,23
206000333,443,5,438
206000334,201,0,201
206000335,0,11,-11
206000361,2,97,-95
206000392,0,6,-6
206000405,73,0,73
206000441,20,18,2
206000498,32,13,19
206000515,42,34,8
206000530,207,49,158
206000531,134,145,-11
206000532,1054,265,789
206000535,196,1037,-841
206000536,20,89,-69
206000537,23,98,-75
206000613,936,197,739
206000784,345,31,314
207000001,138,549,-411
207000002,125,300,-175
207000003,146,141,5
207000007,738,221,517
207000008,71,11,60
207000009,48,43,5
207000010,362,318,44
207000012,289,211,78
207000015,208,875,-667
207000019,188,89,99
207000021,409,123,286
207000022,139,50,89
207000023,164,29,135
207000024,4,10,-6
207000025,14,63,-49
207000026,92,43,49
207000027,18,52,-34
207000028,54,170,-116
207000029,150,331,-181
207000033,161,360,-199
207000034,228,77,151
207000039,314,112,202
207000040,361,86,275
207000041,44,35,9
207000042,128,52,76
207000043,191,156,35
207000051,80,139,-59
207000052,8,83,-75
207000053,425,437,-12
207000054,63,91,-28
207000055,171,96,75
207000056,294,229,65
207000057,158,188,-30
207000058,218,217,1
207000059,131,341,-210
207000060,52,169,-117
207000061,194,380,-186
207000062,359,41,318
207000063,252,108,144
207000064,296,104,192
207000065,274,190,84
207000066,203,120,83
207000067,40,72,-32
207000068,126,80,46
207000069,583,298,285
207000082,14,220,-206
207000083,47,214,-167
207000084,192,268,-76
207000085,202,15,187
207000086,165,6,159
207000106,33,27,6
207000107,60,20,40
207000108,44,4,40
207000109,89,16,73
207000110,42,79,-37
207000111,72,47,25
207000112,98,578,-480
207000114,31,40,-9
207000115,21,46,-25
207000116,36,234,-198
207000117,8,58,-50
207000118,5,47,-42
207000119,21,37,-16
207000123,128,26,102
207000124,43,22,21
207000125,67,36,31
207000126,50,70,-20
207000134,87,117,-30
207000135,15,167,-152
207000148,40,261,-221
207000149,49,28,21
207000152,133,319,-186
207000153,828,1147,-319
207000154,340,140,200
207000159,83,97,-14
207000160,125,240,-115
207000238,1,212,-211
207000242,6,150,-144
207000248,29,19,10
207000249,148,33,115
207000250,513,48,465
207000251,117,65,52
207000252,68,62,6
207000278,78,79,-1
207000279,29,96,-67
207000280,523,64,459
207000281,110,664,-554
207000282,109,85,24
207000283,99,141,-42
207000284,56,182,-126
207000285,96,50,46
207000291,11,59,-48
207000304,64,56,8
207000306,94,323,-229
207000310,44,68,-24
207000353,282,6,276
207000356,12,16,-4
207000357,7,13,-6
207000358,7,14,-7
207000415,2,129,-127
207000417,38,3,35
207000418,86,123,-37
207000438,0,2,-2
207000439,793,621,172
207000446,150,9,141
207000460,28,8,20
207000466,122,107,15
207000467,206,79,127
207000468,43,246,-203
207000476,9,44,-35
207000477,550,54,496
207000478,2,18,-16
207000523,0,19,-19
207000524,85,0,85
207000527,105,92,13
207000530,357,7,350
207000531,291,5,286
207000532,47,17,30
207000534,340,34,306
207000535,56,228,-172
207000537,29,83,-54
207000540,10,149,-139
207000541,1,243,-242
207000548,13,193,-180
207000549,304,10,294
207000561,133,125,8
207000562,38,148,-110
207000567,157,165,-8
207000568,162,50,112
207000569,377,421,-44
207000584,251,130,121
207000585,52,276,-224
207000587,135,20,115
207000616,1,94,-93
207000617,76,0,76
207000624,53,26,27
207000631,9,70,-61
207900008,245,118,127
208000001,479,938,-459
208000002,632,470,162
208000003,1116,445,671
208000004,995,559,436
208000005,7,10,-3
208000019,509,790,-281
208000020,152,463,-311
208000021,265,238,27
208000022,1020,307,713
208000028,978,720,258
208000033,579,320,259
208000034,960,873,87
208000037,233,15,218
208000040,151,155,-4
208000041,661,448,213
208000042,1018,476,542
208000047,151,182,-31
208000064,2017,1380,637
208000066,1276,2216,-940
208000070,310,322,-12
208000071,348,697,-349
208000072,280,1031,-751
208000080,276,286,-10
208000081,353,101,252
208000082,302,215,87
208000083,125,315,-190
208000084,13,21,-8
208000085,733,551,182
208000086,345,845,-500
208000087,282,776,-494
208000089,1064,264,800
208000090,982,498,484
208000093,180,130,50
208000094,467,262,205
208000095,494,366,128
208000104,636,795,-159
208000105,502,963,-461
208000114,84,254,-170
208000115,434,251,183
208000116,385,845,-460
208000117,100,161,-61
208000118,82,91,-9
208000155,538,935,-397
208000158,1167,3258,-2091
208000186,3297,4031,-734
208000204,606,841,-235
208000205,1159,729,430
208000282,4988,2926,2062
209000004,287,127,160
209000005,41,21,20
209000006,300,160,140
209000007,230,274,-44
209000010,353,105,248
209000011,110,200,-90
209000012,95,77,18
209000013,221,222,-1
209000014,445,582,-137
209000025,296,40,256
209000026,573,108,465
209000027,465,600,-135
209000028,312,465,-153
209000029,489,457,32
209000030,446,761,-315
209000031,1732,1360,372
209000034,135,177,-42
209000035,135,158,-23
209000036,158,111,47
209000037,270,233,37
209000038,120,178,-58
209000039,50,123,-73
209000040,176,419,-243
209000041,113,398,-285
209000042,187,324,-137
209000043,502,805,-303
209000044,176,620,-444
209000045,1202,398,804
209000046,460,352,108
209000047,406,147,259
209000048,542,232,310
209000049,79,59,20
209000050,238,112,126
209000051,264,222,42
209000052,154,201,-47
209000062,40,60,-20
209000063,56,60,-4
209000064,22,45,-23
209000065,48,39,9
209000066,50,27,23
209000067,70,39,31
209000080,24,171,-147
209000082,76,39,37
209000091,24,64,-40
209000093,64,20,44
209000094,149,163,-14
209000110,7,97,-90
209000111,343,1078,-735
209000112,680,483,197
209000113,1090,494,596
209000114,513,398,115
209000115,74,74,0
209000116,447,243,204
209000118,13,37,-24
209000119,20,13,7
209000121,93,258,-165
209000135,38,170,-132
209000142,457,1157,-700
209000143,54,44,10
209000144,64,99,-35
209000229,244,110,134
209000240,56,275,-219
209000259,90,90,0
209000260,36,597,-561
209000261,4,300,-296
209000262,0,319,-319
209000263,0,136,-136
209000264,0,75,-75
209000265,375,5,370
209000266,94,0,94
209000267,726,5,721
209000268,493,40,453
210000037,45,27,18
210000047,62,8,54
210000048,91,15,76
210000049,35,19,16
210000052,63,49,14
210000053,38,30,8
210000054,92,51,41
210000070,63,4,59
210000071,62,1,61
210000072,17,0,17
210000073,0,36,-36
210000074,0,98,-98
210000075,2,92,-90
210000076,4,110,-106
210000077,5,42,-37
210000078,39,20,19
210000079,13,7,6
210000080,53,53,0
210000081,141,11,130
210000082,118,4,114
210000083,43,1,42
210000084,29,0,29
210000085,0,36,-36
210000086,1,63,-62
210000099,31,171,-140
210000100,43,148,-105
210000101,58,137,-79
210000105,44,152,-108
210000159,3,179,-176
210000163,109,253,-144
210000164,214,137,77
210000168,107,39,68
210000187,0,21,-21
210000188,0,12,-12
210000214,18,0,18
210000219,32,44,-12
210000220,91,32,59
210000232,2,21,-19
210000233,30,73,-43
210000234,21,119,-98
210000235,45,68,-23
210000245,0,24,-24
210000246,32,6,26
210000258,13,73,-60
210000259,305,59,246
210000282,91,192,-101
210000285,2,92,-90
210000286,15,95,-80
210000290,5,9,-4
210000295,57,105,-48
210000296,30,33,-3
210000320,147,50,97
210000321,101,34,67
210000338,50,46,4
210000339,258,915,-657
210000340,121,341,-220
210000341,185,226,-41
210000342,158,152,6
210000343,160,172,-12
210000344,180,79,101
210000345,128,145,-17
210000346,58,73,-15
210000347,71,27,44
210000348,89,14,75
210000349,43,17,26
210000350,100,44,56
210000351,125,86,39
210000352,46,43,3
210000353,55,65,-10
210000354,70,60,10
210000355,59,75,-16
210000356,33,48,-15
210000357,50,34,16
210000358,174,94,80
210000359,61,67,-6
210000360,115,126,-11
210000361,167,112,55
210000362,237,202,35
210000363,586,214,372
210000364,100,125,-25
210000365,126,62,64
210000366,110,40,70
210000367,60,32,28
210000368,171,16,155
210000369,13,11,2
210000370,27,25,2
210000372,27,40,-13
210000373,38,13,25
210000374,55,26,29
210000375,35,47,-12
210000376,80,98,-18
210000404,42,88,-46
210000439,26,22,4
210000472,90,4,86
210000482,50,103,-53
210000564,275,230,45
210000567,4,28,-24
210000568,261,1,260
211000092,32,40,-8
211000094,16,12,4
211000169,186,10,176
211000172,9,187,-178
211000209,0,10,-10
211000226,11,25,-14
211000270,24,19,5
211000275,21,16,5
211000276,41,11,30
211000279,13,25,-12
211000281,35,31,4
211000302,34,45,-11
211507980,2,22,-20
211977296,40,1,39
212000003,107,48,59
212000004,25,18,7
212000005,27,22,5
212000006,49,54,-5
212000008,196,111,85
212000009,21,94,-73
212000012,55,58,-3
212000013,27,35,-8
212000014,210,121,89
212000015,303,222,81
212000016,447,382,65
212000027,393,363,30
212000028,245,292,-47
212000029,179,185,-6
212000030,29,23,6
212000031,40,38,2
212000048,30,113,-83
212000049,38,109,-71
212000050,18,14,4
212000051,159,150,9
212000052,179,186,-7
212000053,384,322,62
212000054,212,119,93
212000055,202,181,21
212000056,14,29,-15
212000057,9,9,0
212000058,195,29,166
212000070,87,134,-47
212000077,91,409,-318
212000099,188,233,-45
212000108,121,123,-2
212000111,174,107,67
212000120,101,64,37
212000138,131,22,109
212000156,5,51,-46
212000158,1,18,-17
212000159,333,33,300
212000160,552,269,283
212000161,49,11,38
212000310,36,20,16
212000311,7,57,-50
212000374,23,12,11
213000001,25,304,-279
213000005,238,113,125
213000006,813,267,546
213000007,131,13,118
213000009,755,419,336
213000010,167,252,-85
213000011,171,93,78
213000012,117,201,-84
213000014,79,14,65
213000015,185,7,178
213000016,354,12,342
213000017,83,0,83
213000018,6,120,-114
213000019,1,133,-132
213000020,90,217,-127
213000021,3,72,-69
213000023,263,118,145
213000033,254,1475,-1221
213000034,666,205,461
213000035,104,153,-49
213000045,165,241,-76
213000046,193,139,54
213000047,566,1152,-586
213000056,84,22,62
213000069,62,1,61
213000073,0,20,-20
213000074,37,287,-250
213000075,402,4,398
213000076,27,0,27
213000085,5,43,-38
213000086,33,155,-122
213000091,179,11,168
213000092,76,17,59
213000099,161,1010,-849
213000100,1035,241,794
213000101,303,100,203
213000102,426,203,223
213000103,705,696,9
213000104,57,284,-227
213000105,4,201,-197
213000106,22,90,-68
213000107,110,378,-268
213000108,26,314,-288
213000109,5,188,-183
213000110,10,50,-40
213000111,8,54,-46
213000112,151,100,51
213000115,79,15,64
213000116,22,273,-251
213000117,13,418,-405
213000118,255,206,49
213000119,47,452,-405
213000120,168,338,-170
213000122,110,309,-199
213000123,253,825,-572
213000124,101,869,-768
213000125,100,19,81
213000126,47,95,-48
213000127,88,161,-73
213000128,301,843,-542
213000129,225,588,-363
213000130,503,245,258
213000132,317,91,226
213000133,438,83,355
213000134,621,16,605
213000136,359,21,338
213000137,519,74,445
213000139,339,16,323
213000147,54,2,52
213000148,22,12,10
213000149,38,5,33
213000150,0,93,-93
213000151,3,73,-70
213000152,0,58,-58
213000153,1,61,-60
213000154,26,156,-130
213000155,17,141,-124
213000156,75,419,-344
213000157,354,317,37
213000158,220,635,-415
213000159,312,434,-122
213000163,720,65,655
213000165,634,259,375
213000171,72,92,-20
213000172,48,192,-144
213000173,9,84,-75
213000174,1,20,-19
213000175,43,26,17
213000176,9,96,-87
213000177,2,17,-15
213000178,34,2,32
213000179,163,27,136
213000180,175,58,117
213000184,62,303,-241
213000188,237,85,152
213000189,253,45,208
213000190,762,675,87
213000191,307,326,-19
213000192,160,281,-121
213000193,715,183,532
213000194,0,47,-47
213000195,12,336,-324
213000196,229,885,-656
213000197,330,391,-61
213000198,50,1,49
213000200,85,636,-551
213000201,55,35,20
213000202,9,473,-464
213000203,2788,567,2221
213000204,630,67,563
213000205,136,71,65
213000206,361,25,336
213000207,87,11,76
213000208,55,3,52
213000209,141,5,136
213000210,269,1,268
213000211,4,19,-15
213000212,15,26,-11
213000213,15,30,-15
213000218,164,347,-183
213000219,380,12,368
213000220,302,9,293
213000223,159,235,-76
213000224,21,71,-50
213000225,134,11,123
213000226,55,16,39
213000227,712,199,513
213000228,273,104,169
213000229,221,38,183
213000230,438,24,414
213000232,51,811,-760
213000233,5,63,-58
213000234,2,33,-31
213000293,11,42,-31
213000294,110,18,92
213000295,12,65,-53
213000296,35,21,14
213000297,6,54,-48
213000298,21,52,-31
213000299,34,26,8
213000300,26,9,17
213000303,7,29,-22
213000304,3,14,-11
213000305,2,11,-9
213000306,26,23,3
213000307,157,37,120
213000308,78,142,-64
213000309,115,44,71
213000310,280,144,136
213000311,290,577,-287
213000315,68,95,-27
213000316,138,41,97
213000322,23,21,2
213000323,8,24,-16
213000340,195,435,-240
213000341,432,71,361
213000346,154,186,-32
213000347,583,334,249
213000348,16,61,-45
213000349,15,11,4
213000350,238,708,-470
213000366,62,183,-121
213000367,184,19,165
213000379,71,48,23
213000386,22,221,-199
213000406,73,235,-162
213000417,886,321,565
213000425,124,39,85
213000426,95,29,66
213000427,22,123,-101
213000428,45,98,-53
213000429,23,0,23
213000430,51,340,-289
213000431,89,1,88
213000432,5,115,-110
213000433,6,103,-97
213000434,71,75,-4
213000435,86,63,23
213000439,40,12,28
213000441,0,3,-3
213000443,278,293,-15
213000445,0,63,-63
213000446,3,246,-243
213000447,7,68,-61
213000448,9,131,-122
213000449,200,3,197
213000450,11,43,-32
213000451,183,89,94
213000452,5,24,-19
213000453,38,176,-138
213000455,392,7,385
213000456,0,187,-187
213000481,3,3,0
213000482,54,4,50
213000489,177,44,133
213000491,0,116,-116
213000492,149,0,149
213000493,0,85,-85
213000494,140,78,62
213000495,0,5,-5
213000496,198,89,109
213000497,18,152,-134
213000498,75,133,-58
213000499,103,221,-118
213000500,256,60,196
213000501,112,24,88
213000502,127,71,56
213000503,1,44,-43
213000504,2,38,-36
213000505,7,67,-60
213000506,0,5,-5
213000507,2,78,-76
213900244,24,0,24
213900245,0,29,-29
218000003,12,21,-9
218000004,26,39,-13
218000005,34,27,7
218000006,39,12,27
218000007,10,6,4
218000012,112,115,-3
218000013,112,127,-15
218000014,323,438,-115
218000019,708,475,233
218000020,251,337,-86
218000040,1,3,-2
218000046,24,86,-62
218000047,8,107,-99
218000048,31,121,-90
218000049,93,103,-10
218000050,224,235,-11
218000051,38,206,-168
218000052,0,62,-62
218000053,1,10,-9
218000054,8,25,-17
218000055,5,18,-13
218000056,15,23,-8
218000057,0,28,-28
218000064,7,14,-7
218000065,101,19,82
218000066,11,21,-10
218000067,45,80,-35
218000068,84,82,2
218000069,204,126,78
218000070,211,204,7
218000071,162,190,-28
218000072,242,157,85
218000078,844,541,303
218000079,90,65,25
218000080,110,51,59
218000081,337,172,165
218000082,46,79,-33
218000083,50,35,15
218000084,120,92,28
218000085,156,241,-85
218000086,57,116,-59
218000087,175,147,28
218000090,11,82,-71
218000091,894,424,470
218000092,70,165,-95
218000093,83,48,35
218000094,452,539,-87
218000099,199,617,-418
218000100,215,242,-27
218000101,238,136,102
218000102,412,163,249
218000103,102,112,-10
218000104,92,15,77
218000105,24,11,13
218000106,11,14,-3
218000107,69,59,10
218000108,1,36,-35
218000112,41,24,17
218000117,51,37,14
218000134,440,401,39
218000135,26,50,-24
218000136,179,66,113
218000137,175,134,41
218000138,17,82,-65
218000139,169,251,-82
218000140,350,213,137
218000141,67,48,19
218000142,173,116,57
218000143,78,160,-82
218000144,34,92,-58
218000145,267,193,74
218000146,80,138,-58
218000151,14,13,1
218000152,82,42,40
218000170,9,24,-15
218000171,31,9,22
218000172,35,4,31
218000173,29,8,21
218000174,25,4,21
218000176,116,21,95
218000177,183,114,69
218000178,50,118,-68
218000179,92,40,52
218000180,39,19,20
218000181,100,11,89
218000187,15,14,1
218000188,55,44,11
218000189,22,49,-27
218000190,0,8,-8
218000191,179,41,138
218000192,148,133,15
218000193,288,189,99
218000194,57,188,-131
218000195,79,46,33
218000196,212,192,20
218000197,229,249,-20
218000198,12,96,-84
218000199,42,17,25
218000200,86,31,55
218000201,24,7,17
218000202,65,216,-151
218000207,5,28,-23
218000208,38,18,20
218000211,64,20,44
218000213,69,76,-7
218000214,3,12,-9
218000215,39,52,-13
218000217,1,92,-91
218000218,120,49,71
218000219,27,15,12
218000220,64,312,-248
218000221,389,159,230
218000222,9,26,-17
218000223,18,209,-191
218000224,3,68,-65
218000225,98,10,88
218000226,92,34,58
218000232,68,52,16
218000239,211,15,196
218000240,47,3,44
218000241,43,1,42
218000242,93,0,93
218000243,56,1,55
218000244,57,4,53
218000245,9,4,5
218000246,11,2,9
218000247,0,0,0
218000248,0,15,-15
218000249,2,8,-6
218000250,2,7,-5
218000251,6,15,-9
218000252,5,39,-34
218000253,5,16,-11
218000254,0,16,-16
218000255,3,24,-21
218000256,14,41,-27
218000267,454,870,-416
218000268,5,29,-24
218000269,11,11,0
218000270,102,53,49
218000271,23,48,-25
218000273,18,0,18
218000274,12,1,11
218000275,26,46,-20
218000276,14,33,-19
218000278,15,34,-19
218000279,79,46,33
218000280,13,57,-44
218000281,16,15,1
218000282,430,379,51
218000284,54,7,47
218000301,89,115,-26
218000302,75,33,42
218000303,18,41,-23
218000316,562,756,-194
218000317,859,773,86
218000318,554,614,-60
218000319,993,758,235
218000320,638,498,140
218000338,46,28,18
218000345,70,42,28
218000346,80,125,-45
218000459,21,180,-159
218000490,30,32,-2
218000501,74,26,48
218000502,20,84,-64
218000503,98,18,80
218000504,184,35,149
218000505,59,145,-86
218000506,28,284,-256
218000508,1,4,-3
218000510,166,7,159
218000520,83,85,-2
218000521,29,45,-16
218000522,2,98,-96
218000523,128,1,127
218000524,34,177,-143
218000525,88,7,81
218000526,28,99,-71
218000529,41,112,-71
218000531,11,16,-5
218000532,36,19,17
218000534,115,18,97
218000537,32,44,-12
218000538,85,127,-42
218000540,161,48,113
218000543,125,41,84
218000544,52,79,-27
218000545,77,37,40
218000546,57,51,6
218000547,64,120,-56
218000548,104,88,16
218000549,314,368,-54
218000550,134,235,-101
218000551,90,931,-841
218000552,333,52,281
218000553,54,107,-53
218000554,29,22,7
218000555,26,33,-7
218000556,152,146,6
218000557,255,173,82
218000558,44,0,44
218000559,0,16,-16
218000560,0,19,-19
218000561,26,0,26
218000562,22,120,-98
218000563,158,6,152
218000564,5,91,-86
218000565,157,15,142
218000566,235,22,213
218000567,1,50,-49
218000568,12,2,10
218000569,13,79,-66
218000570,112,2,110
218000571,0,109,-109
218000572,99,5,94
218000573,19,145,-126
218000574,110,25,85
218000575,121,0,121
218000576,1,56,-55
218000577,100,3,97
218000578,1,53,-52
218000585,39,0,39
218000586,3,34,-31
218000587,14,9,5
218000589,0,1,-1
218000590,5,5,0
218000591,14,8,6
218000592,3,1,2
218000593,0,0,0
218000594,26,1,25
218000597,6,0,6
218000598,0,0,0
218000599,27,4,23
218000600,4,1,3
218000601,4,0,4
218000602,15,14,1
218000603,0,4,-4
218000604,19,0,19
218000605,0,52,-52
218000606,72,1,71
218000607,9,28,-19
218000608,31,62,-31
218000609,9,19,-10
218000610,17,40,-23
218000611,42,18,24
218000612,7,57,-50
218000613,86,76,10
218000614,5,35,-30
218000615,178,8,170
218000616,8,68,-60
218000617,68,9,59
218000618,0,31,-31
218000619,2,27,-25
218000620,5,6,-1
218000621,0,1,-1
218000622,0,11,-11
218000623,167,2,165
218000624,5,8,-3
218000625,8,0,8
218000626,0,5,-5
218000628,127,35,92
218000631,55,20,35
218000632,0,87,-87
218000633,72,0,72
218000634,9,14,-5
218000635,11,8,3
218000636,696,784,-88
218000637,736,394,342
218000638,139,24,115
218000639,17,145,-128
218000640,202,29,173
218000641,53,191,-138
218000652,42,64,-22
218000653,100,23,77
218000663,15,277,-262
218000675,73,41,32
218000680,210,342,-132
218000681,453,148,305
218000691,160,164,-4
218000693,203,129,74
218000718,428,1155,-727
218000719,830,492,338
218000720,19,187,-168
218000721,211,15,196
218001147,6,188,-182
218001214,14,28,-14
218001258,319,15,304
218001329,142,104,38
218001330,117,82,35
218001351,33,34,-1
218001352,19,15,4
218001353,21,17,4
218001354,25,31,-6
218001355,60,178,-118
218001356,276,37,239
218001357,51,129,-78
218001358,253,29,224
218001361,386,9,377
218001362,1,196,-195
219000001,50,43,7
219000002,76,37,39
219000003,56,43,13
219000004,48,50,-2
219000017,95,50,45
219000020,153,73,80
219000022,134,1,133
219000023,78,0,78
219000029,0,41,-41
219000034,45,16,29
219000039,65,80,-15
219000040,55,71,-16
219000041,114,32,82
219000051,0,37,-37
219000052,0,22,-22
219000053,0,83,-83
219000055,190,2,188
219000056,10,2,8
219000057,65,0,65
219000062,26,73,-47
219000063,52,16,36
219000064,0,51,-51
219000110,383,63,320
219000111,113,29,84
219000112,140,61,79
219000113,116,63,53
219000114,208,97,111
219000116,117,44,73
219000117,133,65,68
219000118,196,59,137
219000123,259,62,197
219000124,54,44,10
219000125,12,15,-3
219000126,92,105,-13
219000127,3,0,3
219000128,6,97,-91
219000129,18,87,-69
219000130,461,492,-31
219000131,613,978,-365
219000133,64,68,-4
219000134,13,39,-26
219000135,36,52,-16
219000136,89,207,-118
219000138,32,24,8
219000139,18,46,-28
219000140,39,0,39
219000141,17,74,-57
219000142,8,69,-61
219000143,17,68,-51
219000145,30,44,-14
219000146,0,30,-30
219000147,5,23,-18
219000148,10,21,-11
219000149,11,42,-31
219000150,1,34,-33
219000151,3,28,-25
219000157,204,121,83
219000158,180,212,-32
219000161,93,19,74
219000163,957,485,472
219000166,120,166,-46
219000167,120,154,-34
219000168,249,138,111
219000174,403,139,264
219000175,39,4,35
219000176,81,5,76
219000177,48,5,43
219000178,45,2,43
219000179,14,5,9
219000180,21,29,-8
219000182,219,9,210
219000183,98,25,73
219000184,127,10,117
219000185,4,15,-11
219000186,68,15,53
219000187,39,38,1
219000189,79,143,-64
219000190,44,210,-166
219000191,731,1197,-466
219000192,198,123,75
219000193,197,123,74
219000195,3,50,-47
219000196,17,91,-74
219000198,15,81,-66
219000199,54,166,-112
219000200,62,152,-90
219000201,70,140,-70
219000203,22,119,-97
219000204,113,200,-87
219000205,53,124,-71
219000207,198,189,9
219000209,21,64,-43
219000210,40,82,-42
219000213,22,105,-83
219000239,179,175,4
219000240,183,248,-65
219000241,109,140,-31
219000242,67,111,-44
219000243,67,194,-127
219000244,12,62,-50
219000245,29,39,-10
219000246,20,24,-4
219000247,145,37,108
219000248,423,356,67
219000249,113,68,45
219000250,102,84,18
219000251,396,169,227
219000252,178,128,50
219000253,357,123,234
219000255,147,118,29
219000256,206,97,109
219000257,74,1,73
219000262,82,100,-18
219000263,56,146,-90
219000267,0,65,-65
219000268,1,3,-2
219000269,5,4,1
219000270,19,1,18
219000271,124,5,119
219000278,1,5,-4
219000279,3,8,-5
219000283,0,5,-5
219000295,20,80,-60
219000296,31,306,-275
219000297,9,89,-80
219000298,15,83,-68
219000299,375,86,289
219000300,31,149,-118
219000301,190,305,-115
219000302,40,216,-176
219000307,22,48,-26
219000308,56,36,20
219000311,162,48,114
219000312,596,130,466
219000313,279,51,228
219000314,40,319,-279
219000315,290,33,257
219000316,426,51,375
219000317,111,11,100
219000320,3,32,-29
219000321,2,19,-17
219000323,2,34,-32
219000325,2,14,-12
219000326,67,55,12
219000327,65,30,35
219000328,26,29,-3
219000329,222,144,78
219000330,36,25,11
219000331,42,47,-5
219000332,102,82,20
219000333,21,3,18
219000335,68,4,64
219000337,20,1,19
219000338,72,0,72
219000344,13,65,-52
219000345,44,88,-44
219000346,13,83,-70
219000348,123,99,24
219000349,55,113,-58
219000350,96,210,-114
219000351,8,4,4
219000352,240,93,147
219000353,69,62,7
219000354,145,77,68
219000355,145,74,71
219000356,910,1382,-472
219000363,236,74,162
219000364,81,48,33
219000365,107,13,94
219000366,190,278,-88
219000368,284,530,-246
219000370,852,514,338
219000371,37,29,8
219000382,13,32,-19
219000383,493,955,-462
219000385,340,358,-18
219000386,658,1143,-485
219000387,2,13,-11
219000390,6,2,4
219000391,2,2,0
219000397,43,51,-8
219000398,51,49,2
219000401,23,65,-42
219000402,30,80,-50
219000403,154,322,-168
219000404,34,110,-76
219000407,2,38,-36
219000409,50,58,-8
219000410,68,40,28
219000411,74,21,53
219000446,110,248,-138
219000447,0,27,-27
219000448,21,6,15
219000452,125,83,42
219000453,88,152,-64
219000454,134,227,-93
219000556,203,70,133
219000558,169,137,32
219000590,36,89,-53
219000591,72,60,12
219000592,93,266,-173
219000595,0,18,-18
219000635,177,32,145
219000636,25,77,-52
219000657,18,11,7
219000658,20,92,-72
219000673,0,18,-18
219000676,3,2,1
219000679,24,11,13
219000684,72,4,68
219000685,5,38,-33
219000686,2,3,-1
219000688,0,48,-48
219000689,22,163,-141
219000690,117,17,100
219000691,36,159,-123
219000692,154,47,107
219000693,0,17,-17
219000694,6,0,6
219000695,22,1,21
219000698,16,2,14
219000699,0,6,-6
219000727,6,95,-89
219000728,105,2,103
219000770,17,1,16
219000771,0,20,-20
219000788,352,259,93
219001150,0,17,-17
219001151,0,0,0
219001166,42,28,14
219001167,5,56,-51
219001178,28,1,27
220000001,34,49,-15
220000002,9,70,-61
220000003,303,171,132
220000004,399,260,139
220000005,994,1126,-132
220000006,251,706,-455
220000007,410,344,66
220000008,308,482,-174
220000009,254,264,-10
220000010,223,116,107
220000011,295,1864,-1569
220000012,145,352,-207
220000014,485,383,102
220000015,57,181,-124
220000017,74,142,-68
220000018,2392,839,1553
220000019,78,220,-142
220000020,362,239,123
220000021,527,141,386
220000022,746,373,373
220000023,328,169,159
220000024,1301,420,881
220000025,493,832,-339
220000026,257,215,42
220000027,20,99,-79
220000028,29,46,-17
220000029,325,246,79
220000030,132,109,23
220000031,312,271,41
220000064,8,637,-629
221000046,5,0,5
221000047,0,1,-1
221000048,0,4,-4
221000049,0,15,-15
221000050,13,0,13
221000055,22,35,-13
221000057,57,14,43
221000068,262,164,98
221000069,241,79,162
221000070,184,22,162
221000071,94,14,80
221000072,233,9,224
221000073,127,33,94
221000074,0,13,-13
221000075,7,20,-13
221000076,11,25,-14
221000077,14,66,-52
221000081,9,8,1
221000082,63,4,59
221000083,33,3,30
221000084,8,4,4
221000085,10,39,-29
221000086,19,80,-61
221000087,2,119,-117
221000088,10,114,-104
221000089,24,148,-124
221000090,115,379,-264
221000098,84,12,72
221000099,183,15,168
221000100,123,6,117
221000101,212,23,189
221000102,116,2,114
221000109,2,52,-50
221000110,10,68,-58
221000111,20,161,-141
221000112,12,140,-128
221000113,18,122,-104
221000114,8,117,-109
221000120,11,12,-1
221000121,2,26,-24
221000122,15,31,-16
221000123,10,28,-18
221000124,33,85,-52
221000155,61,21,40
221000156,68,33,35
221000175,3,8,-5
221000176,2,22,-20
221000182,48,2,46
221000241,574,284,290
221000242,108,387,-279
221000243,519,166,353
221000244,186,493,-307
221000245,114,113,1
221000246,46,238,-192
221000247,132,122,10
221000248,122,152,-30
221000267,38,388,-350
221000325,80,27,53
221000331,11,33,-22
221000338,10,13,-3
221000378,150,26,124
221000381,59,33,26
222000282,2,0,2
222000296,1,10,-9
222000568,207,24,183
222000569,127,65,62
222000570,92,26,66
222000571,179,19,160
222000577,12,99,-87
222000578,25,114,-89
222000579,27,102,-75
222000580,65,501,-436
222000599,0,94,-94
222000600,1,169,-168
222000601,4,466,-462
222000603,6,60,-54
222000604,1,27,-26
222000605,7,13,-6
222000606,1,6,-5
222000607,4,8,-4
222000608,14,14,0
222000609,40,132,-92
222000616,239,51,188
222000617,9,12,-3
222000618,20,3,17
222000620,37,11,26
222000621,32,10,22
222000623,414,13,401
222000624,273,1,272
222000625,415,11,404
222000636,35,4,31
222000686,10,14,-4
222000687,36,28,8
222001066,129,2,127
222001067,9,0,9
222001068,23,2,21
222001069,22,12,10
222001082,11,27,-16
222001083,4,23,-19
222001084,0,17,-17
222001085,0,75,-75
222001111,26,92,-66
222001112,107,12,95
222001313,23,4,19
222001314,1,61,-60
222001464,116,44,72
222001465,28,69,-41
222001484,84,30,54
222001485,16,43,-27
222001494,334,93,241
222001495,60,167,-107
222001496,286,83,203
222001497,85,231,-146
222001502,28,63,-35
222001503,70,53,17
222001504,10,244,-234
222001505,236,6,230
222001506,36,328,-292
222001507,252,14,238
222001510,334,24,310
222001511,48,210,-162
222001514,351,140,211
222001515,186,370,-184
222001518,190,48,142
222001519,54,113,-59
222001527,168,52,116
222001528,43,127,-84
222001529,119,27,92
222001530,79,141,-62
222001533,146,185,-39
222001534,178,73,105
222001535,186,234,-48
222001536,74,129,-55
222001537,232,41,191
222001538,58,310,-252
222001563,559,52,507
222001564,59,350,-291
222001568,342,90,252
222001576,0,5,-5
222001579,0,1,-1
222001583,19,80,-61
222001584,73,28,45
222001596,395,696,-301
222001597,1007,231,776
222001626,0,77,-77
222001650,43,72,-29
222001651,54,120,-66
222001914,148,50,98
222001915,53,180,-127
222001968,368,242,126
222001969,368,462,-94
222001970,150,189,-39
222001971,8,10,-2
222001972,0,6,-6
225000001,341,200,141
225000002,374,112,262
225000003,412,52,360
225000004,271,137,134
225000005,41,35,6
225000006,0,150,-150
225000007,1029,1001,28
225000010,261,10,251
225000011,323,692,-369
225000012,207,433,-226
225000013,88,114,-26
225000014,608,89,519
225000015,101,150,-49
225000021,522,136,386
225000027,200,342,-142
225000032,568,134,434
225000042,60,531,-471
225000049,21,44,-23
225000050,41,9,32
225000053,7,195,-188
225000058,581,145,436
225000067,144,97,47
225000068,54,205,-151
225000069,126,315,-189
225000070,65,246,-181
225000071,40,111,-71
225000075,22,549,-527
225000076,59,86,-27
225000078,71,67,4
225000085,52,132,-80
225000086,180,51,129
225000087,123,15,108
225000088,2,171,-169
225000089,233,851,-618
225000090,44,316,-272
225000091,179,106,73
225000092,35,53,-18
225000093,136,193,-57
225000094,20,163,-143
225000095,256,269,-13
225000096,279,299,-20
225000098,520,281,239
225000099,281,166,115
225000100,258,134,124
225000104,116,326,-210
225000110,8,233,-225
225000111,204,695,-491
225000112,229,851,-622
225000113,126,489,-363
225000114,64,228,-164
225000115,1075,516,559
225000116,770,235,535
225000117,771,192,579
225000118,709,218,491
225000119,195,58,137
225000120,503,25,478
225000121,182,23,159
225000123,482,16,466
225000125,344,123,221
225000126,605,138,467
225000127,568,677,-109
225000128,478,505,-27
225000132,240,26,214
225000133,168,18,150
225000134,409,143,266
225000135,54,10,44
225000136,249,8,241
225000137,217,56,161
225000138,268,56,212
225000143,38,132,-94
225000144,3,213,-210
225000145,32,27,5
225000146,27,86,-59
225000147,25,185,-160
225000148,0,182,-182
225000149,40,284,-244
225000151,39,135,-96
225000155,370,353,17
225000156,155,635,-480
225000157,193,263,-70
225000158,54,214,-160
225000171,15,139,-124
225000180,37,6,31
225000181,0,54,-54
225000182,122,7,115
225000185,5,304,-299
225000187,25,246,-221
225000191,97,2,95
225000194,0,11,-11
225000208,1,43,-42
225000209,96,8,88
225000210,5,148,-143
225000217,0,11,-11
225000218,37,7,30
225000223,0,49,-49
225000224,124,0,124
225000225,0,37,-37
225000226,41,3,38
225000227,28,85,-57
225000228,5,9,-4
225000229,0,65,-65
225000230,13,0,13
225000231,0,47,-47
225000232,113,1,112
225000241,106,2,104
225000242,2,44,-42
225000249,12,0,12
225000250,46,479,-433
225000251,256,18,238
226000042,98,155,-57
226000043,87,252,-165
226000044,100,406,-306
226000045,98,389,-291
226000046,389,76,313
226000047,343,74,269
226000048,314,73,241
226000049,276,114,162
226000070,0,8,-8
226000071,1,41,-40
226000072,0,20,-20
226000073,0,6,-6
226000074,0,3,-3
226000084,1,18,-17
226000085,2,17,-15
226000086,1,5,-4
226000087,4,4,0
226000088,17,9,8
226000090,169,105,64
226000091,15,52,-37
226000092,4,6,-2
226000093,8,5,3
226000094,7,2,5
226000095,13,3,10
226000105,6,6,0
226000106,4,1,3
226000107,7,1,6
226000108,19,0,19
226000109,71,0,71
226000124,94,57,37
226000134,480,413,67
226000135,993,501,492
226000136,473,283,190
226000137,4,117,-113
226000138,8,200,-192
226000139,8,97,-89
226000156,104,2,102
226000157,114,6,108
226000163,172,244,-72
226000202,8,264,-256
226000231,370,16,354
226000232,20,3,17
227000037,289,32,257
227000038,343,44,299
227000049,0,24,-24
227000050,2,37,-35
227000055,77,1,76
227000056,24,1,23
227000084,2,49,-47
227000085,0,27,-27
227000088,60,2,58
227000089,140,1,139
227000090,26,4,22
227000091,23,1,22
227000093,115,0,115
227000094,10,0,10
227000130,25,56,-31
227000131,10,155,-145
227000132,8,129,-121
227000133,9,109,-100
227000134,18,182,-164
227000152,0,10,-10
227000153,0,32,-32
227000155,2,12,-10
227000156,8,12,-4
227000165,3,34,-31
227000196,33,201,-168
227000199,287,28,259
227000230,10,242,-232
227000232,257,18,239
227000241,253,57,196
227000242,50,285,-235
227000243,343,113,230
227000244,270,89,181
227000245,14,194,-180
227000246,68,346,-278
227000247,263,78,185
227000248,185,23,162
227000249,22,194,-172
227000251,103,190,-87
227000252,20,207,-187
227000253,137,19,118
227000262,270,51,219
227000266,673,24,649
227000267,23,713,-690
227000486,323,183,140
227000655,258,6,252
227000661,99,19,80
227000680,138,34,104
229000265,3,20,-17
229000296,2,14,-12
229000297,4,12,-8
229000298,5,78,-73
229000320,3,8,-5
229000321,10,4,6
229000412,13,38,-25
229000414,11,39,-28
229000415,12,3,9
229000416,2,1,1
229000417,1,21,-20
229000419,61,171,-110
229000440,256,56,200
229000442,11,3,8
229000443,13,5,8
229000444,2,11,-9
229000445,53,5,48
229000446,51,13,38
229000847,37,0,37
229000848,19,1,18
229000849,90,3,87
229000851,13,0,13
229000854,0,10,-10
229000856,1,43,-42
229000857,1,15,-14
229000858,1,22,-21
229000919,14,75,-61
229000930,6,199,-193
229000937,124,9,115
229000966,62,20,42
229000981,29,29,0
229000985,2,15,-13
229000986,0,1,-1
229000987,0,1,-1
229000988,1,2,-1
229000989,1,5,-4
229000990,0,1,-1
229000991,0,0,0
229000992,6,2,4
229000993,96,18,78
229000998,9,26,-17
229000999,46,11,35
229001034,1,6,-5
229001035,3,0,3
229001037,33,11,22
229001042,1,7,-6
229001047,3,26,-23
229001050,28,29,-1
229001200,23,4,19
229001338,8,16,-8
229001394,230,5,225
229001422,119,26,93
229001423,19,100,-81
229001431,47,56,-9
229001432,45,66,-21
229001444,107,29,78
229001445,37,127,-90
229001503,194,108,86
229001504,80,135,-55
229001505,132,53,79
229001506,73,97,-24
229001509,42,9,33
229001545,70,7,63
229001546,20,100,-80
229001553,94,12,82
229001554,26,70,-44
229001559,5,6,-1
229001560,5,17,-12
229001630,26,4,22
229001631,5,14,-9
229001635,0,10,-10
229001636,14,0,14
229001658,2,93,-91
229001659,47,0,47
229001660,14,3,11
229001661,4,11,-7
229001662,22,0,22
229001663,0,23,-23
229002584,98,96,2
229002831,105,78,27
229002841,7,17,-10
229002842,19,19,0
229002843,63,23,40
229002844,24,25,-1
229002845,28,38,-10
229002846,15,12,3
229002847,0,4,-4
229002848,6,5,1
229002849,0,37,-37
229002850,7,0,7
229002851,19,77,-58
229002852,107,15,92
229002853,70,12,58
229002854,21,28,-7
229002855,4,17,-13
229002856,16,14,2
229002857,12,70,-58
229002858,5,12,-7
229002859,10,35,-25
229002860,163,13,150
229002861,25,18,7
229002862,25,14,11
229002863,20,6,14
229002864,13,11,2
229002865,12,12,0
229002866,9,16,-7
229002867,0,10,-10
229002868,8,10,-2
229002869,22,82,-60
229002870,47,3,44
235000066,281,80,201
235000067,96,107,-11
235000072,10,60,-50
235000073,52,315,-263
235000074,26,49,-23
235000080,29,67,-38
235000081,107,121,-14
235000082,202,49,153
235000083,118,63,55
235000084,50,35,15
235000085,121,40,81
235000089,19,22,-3
235000092,17,142,-125
235000093,10,9,1
235000097,2,3,-1
235000098,72,9,63
235000099,32,22,10
235000116,57,20,37
235000117,562,15,547
235000133,15,253,-238
235000134,7,153,-146
235000206,5,5,0
235000207,4,6,-2
235000208,0,0,0
235000209,6,5,1
235000210,9,1,8
235000212,4,21,-17
235000213,3,15,-12
235000220,1,2,-1
235000221,60,21,39
235000238,1,67,-66
235000239,0,22,-22
235000242,236,370,-134
235000245,490,140,350
235000246,9,48,-39
235000284,6,90,-84
235000295,123,11,112
235000305,194,10,184
235000306,173,13,160
235000307,25,3,22
235000308,16,0,16
235000309,41,1,40
235000310,11,0,11
235000311,110,14,96
235000322,0,6,-6
235000323,1,23,-22
235000324,0,18,-18
235000325,0,2,-2
235000326,1,124,-123
235000351,4,47,-43
235000352,7,15,-8
235000353,3,16,-13
235000354,3,16,-13
235000355,6,43,-37
235000356,68,7,61
235000357,36,4,32
235000358,92,3,89
235000359,21,8,13
235000360,37,7,30
235000361,31,6,25
235000381,92,129,-37
235000382,126,21,105
235000390,13,1,12
235000391,93,21,72
235000392,104,223,-119
235000393,64,123,-59
235000395,136,29,107
235000396,387,83,304
235000400,32,66,-34
235000401,25,100,-75
235000405,71,182,-111
235000406,17,190,-173
235000407,45,69,-24
235000409,160,86,74
235000410,50,204,-154
235000411,1,56,-55
235000485,0,11,-11
235000486,5,0,5
235000549,51,82,-31
235000550,93,139,-46
235000599,96,47,49
235000600,14,26,-12
235000601,32,36,-4
235000602,53,88,-35
235000614,1,3,-2
235000648,0,10,-10
235000649,22,1,21
235000685,1,7,-6
235000815,9,30,-21
235000834,0,5,-5
235000855,26,51,-25
235000862,60,107,-47
235000891,0,14,-14
235000892,7,4,3
235000901,75,74,1
235000907,6,6,0
235001010,47,45,2
235001029,431,328,103
235001030,249,185,64
235001078,74,116,-42
235001079,54,61,-7
235001147,35,30,5
235001166,34,57,-23
235001167,33,40,-7
235001169,20,183,-163
235001188,1,3,-2
235001189,0,2,-2
235001197,4,15,-11
235001200,30,52,-22
235001207,294,36,258
235001210,86,123,-37
235001215,33,157,-124
235001239,0,30,-30
235001244,0,13,-13
235016267,0,8,-8
277102712,0,0,0
277103813,0,0,0
277104249,0,0,0
277104250,1,9,-8
277104251,0,5,-5
277104252,0,1,-1
990011530,0,139,-139
990014944,0,306,-306
990015176,9,6,3
990016032,1,204,-203
990032570,0,20,-20
990070001,67,0,67
990070103,0,2,-2
990070601,0,26,-26
990070751,593,5,588
990070766,0,239,-239
990071180,329,161,168
990071343,24,5,19
990071387,0,7,-7
990071823,12,0,12
990072600,1,722,-721
990072964,1,203,-202
990073285,0,2,-2
990074393,1,478,-477
990074870,1400,7,1393
990075106,1224,8,1216
990075746,424,12,412
990076437,1008,17,991
990076458,0,438,-438
997000007,572,10,562
997000041,0,122,-122
997000058,29,0,29
997000062,20,1,19
997000069,0,2,-2
997000070,0,21,-21
997000100,14,1,13
997000141,0,696,-696
997000198,116,662,-546
998000475,1,38,-37
998000736,0,116,-116
998000965,0,7,-7
998001031,0,60,-60
998001700,0,8,-8
998001899,0,1,-1
998001900,4,0,4
998003073,613,4,609
998101900,0,0,0
998102850,1,139,-138
998501927,835,562,273
998501929,48,2,46
998501930,41,0,41
998501931,114,41,73
998501932,11,1,10
998501933,42,1,41
998501937,40,3,37
998501944,0,0,0
998501950,1,6,-5
998501970,43,3,40
998501971,0,62,-62
998501973,0,26,-26
998501974,0,178,-178
998501975,93,8,85
998501976,108,1,107
998501977,0,17,-17
998501978,14,0,14
998501979,0,6,-6
998501980,32,0,32
998501981,29,1,28
998501982,0,72,-72
998501983,0,1,-1
998502006,0,0,0
998502024,0,6,-6
998502032,0,2,-2
998502062,18,0,18
998502063,0,0,0
998502173,35,3,32
998502269,0,15,-15
998502546,0,118,-118
998502578,4,3,1
998502599,39,250,-211
998502621,0,3,-3
998601159,7,122,-115
998601292,0,33,-33
999033574,2,298,-296
999800001,27,2,25
999800002,0,2,-2
999800003,2,0,2
999800004,0,1,-1
999800005,0,4,-4
