ID,insum,outsum,diff
100000001,415,241,174
100000002,1172,343,829
100000003,4088,1046,3042
100000004,1062,465,597
100000005,1031,1217,-186
100000006,273,70,203
100000007,863,274,589
100000008,105,368,-263
100000009,212,81,131
100000010,14,28,-14
100000011,343,32,311
100000012,36,460,-424
100000013,25,138,-113
100000014,197,306,-109
100000015,934,642,292
100000016,796,934,-138
100000017,509,808,-299
100000018,1095,372,723
100000019,3725,1029,2696
100000020,1300,1714,-414
100000021,5181,1276,3905
100000022,1141,461,680
100000023,4141,408,3733
100000025,1574,232,1342
100000028,1287,438,849
100000029,224,132,92
100000030,377,35,342
100000031,2327,2289,38
100000032,1826,1544,282
100000033,523,1056,-533
100000034,533,167,366
100000035,1348,403,945
100000036,2019,567,1452
100000037,255,298,-43
100000038,593,493,100
100000039,329,93,236
100000040,116,41,75
100000041,286,183,103
100000042,271,159,112
100000043,422,182,240
100000044,354,611,-257
100000045,352,1031,-679
100000046,391,987,-596
100000047,185,586,-401
100000048,214,422,-208
100000049,1030,1862,-832
100000051,252,780,-528
100000053,10,2,8
100000054,63,11,52
100000055,316,211,105
100000056,134,461,-327
100000057,931,583,348
100000058,487,972,-485
100000059,1,72,-71
100000060,156,188,-32
100000061,968,271,697
100000062,813,303,510
100000063,231,158,73
100000064,441,248,193
100000065,194,675,-481
100000066,95,674,-579
100000067,205,638,-433
100000068,321,1122,-801
100000069,149,1458,-1309
100000072,287,715,-428
100000073,886,941,-55
100000075,389,273,116
100000076,1334,974,360
100000077,539,68,471
100000078,29,16,13
100000079,35,15,20
100000080,14,4,10
100000081,72,11,61
100000102,1570,727,843
100000103,2089,355,1734
100000104,3479,610,2869
100000105,2608,322,2286
100000106,1539,887,652
100000107,374,185,189
100000108,512,596,-84
100000109,2427,690,1737
100000116,945,283,662
100000117,13,7,6
100000118,568,410,158
100000119,381,318,63
100000121,133,542,-409
100000122,547,432,115
100000123,2318,2360,-42
100000124,4835,2914,1921
100000125,2021,347,1674
100000126,428,132,296
100000127,1098,208,890
100000128,524,457,67
100000129,251,189,62
100000130,154,449,-295
100000131,2589,1501,1088
100000132,1056,685,371
100000133,6223,1612,4611
100000135,277,350,-73
100000139,115,228,-113
100000140,66,88,-22
100000142,175,378,-203
100000143,1225,637,588
100000144,3054,684,2370
100000147,517,1120,-603
100000150,6,293,-287
100000151,422,273,149
100000153,192,135,57
100000154,40,33,7
100000155,4,15,-11
100000156,34,21,13
100000157,23,261,-238
100000158,20,95,-75
100000159,270,205,65
100000165,725,444,281
100000169,532,244,288
100000174,1040,235,805
100000179,47,405,-358
100000180,425,663,-238
100000181,60,129,-69
100000188,74,228,-154
100000189,282,196,86
100000190,324,168,156
100000191,292,288,4
100000192,74,49,25
100000193,60,89,-29
100000330,1583,302,1281
100000355,94,321,-227
100000362,3667,2443,1224
100000363,1347,1981,-634
100000364,240,98,142
100000365,2026,3794,-1768
100000366,2514,1476,1038
100000367,1396,2222,-826
100000368,1577,1166,411
100000369,671,694,-23
100000370,75,150,-75
100000376,67,53,14
100000379,1933,653,1280
100000380,2341,913,1428
100000384,3662,1407,2255
100000385,4580,1600,2980
100000386,6481,1715,4766
100000387,5394,1811,3583
100000388,7159,1667,5492
100000389,6558,1730,4828
100000390,6932,1320,5612
100000391,4598,1570,3028
100000392,2271,625,1646
100000393,826,595,231
100000394,4488,1405,3083
100000395,2264,555,1709
100000396,3345,841,2504
100000397,1648,753,895
100000398,7272,4726,2546
100000413,33,5,28
100000414,289,108,181
100900002,0,40,-40
100900003,156,24,132
100900004,10,532,-522
100900005,41,4,37
100900006,5,118,-113
100900007,325,5,320
100900008,7,304,-297
100900009,7,18,-11
100900010,5,105,-100
100900011,11,295,-284
100900012,1,201,-200
100900013,127,5,122
100900014,0,17,-17
100900015,80,68,12
100900016,1,30,-29
100900017,229,7,222
100900018,0,17,-17
100900019,5,20,-15
100900020,160,0,160
100900021,136,0,136
100900022,3,8,-5
100900023,0,4,-4
100900024,610,2,608
100900025,4,2,2
100900026,11,104,-93
100900027,286,834,-548
100900028,46,65,-19
100900029,49,2,47
100900030,2,9,-7
100900031,139,3,136
100900032,67,0,67
100900033,113,46,67
100900034,167,0,167
100900035,467,0,467
100900036,8,0,8
100900037,20,209,-189
100900038,45,5,40
100900039,200,446,-246
100900040,79,659,-580
100900041,143,787,-644
100900042,223,117,106
100900043,0,0,0
100900044,1946,174,1772
100900045,34,0,34
100900046,353,2,351
100900047,422,17,405
100900048,82,9,73
100900049,26,181,-155
100900050,0,16,-16
100900051,22,33,-11
100900052,41,9,32
100900053,108,16,92
100900054,3,77,-74
100900055,82,203,-121
100900056,61,204,-143
100900057,242,315,-73
100900058,93,15,78
100900059,19,0,19
100900060,34,1,33
100900061,258,140,118
100900062,1,57,-56
100900063,54,119,-65
100900064,204,7,197
100900065,43,42,1
100900066,22,26,-4
100900067,6,4,2
100900068,31,109,-78
100900069,254,3,251
100900070,48,3,45
100900071,445,153,292
100900072,0,77,-77
100900073,43,457,-414
100900074,1,10,-9
100900075,1637,136,1501
100900076,21,26,-5
100900077,7,96,-89
100900078,54,76,-22
100900079,3,25,-22
100900080,5,125,-120
100900081,18,41,-23
100900082,38,599,-561
100900083,1,26,-25
100900085,6,38,-32
100900086,61,250,-189
100900088,20,530,-510
100900089,0,21,-21
100900090,42,155,-113
100900091,0,15,-15
100900092,62,52,10
100900093,40,91,-51
100900094,34,569,-535
100900095,0,29,-29
100900096,9,33,-24
100900097,1,2,-1
100900098,1,14,-13
100900099,15,374,-359
100900100,8,139,-131
100900101,256,11,245
100900102,20,17,3
100900103,1,7,-6
100900104,14,106,-92
100900105,8,36,-28
100900106,29,2,27
100900107,1031,240,791
100900108,1,1,0
100900109,1,25,-24
100900110,0,0,0
100900111,59,63,-4
100900112,0,4,-4
100900113,4,23,-19
100900114,1,12,-11
100900115,0,14,-14
100900116,437,246,191
100900117,111,219,-108
100900118,15,76,-61
100900119,5,22,-17
100900120,1,27,-26
100900121,101,142,-41
100900122,54,79,-25
100900123,46,54,-8
100900124,1,3,-2
100900125,14,49,-35
100900126,52,111,-59
100900127,0,14,-14
100900128,28,54,-26
100900129,0,68,-68
100900131,22,84,-62
100900133,11,16,-5
100900134,0,3,-3
100900135,0,50,-50
100900137,148,132,16
100900138,253,127,126
100900139,2,1,1
100900140,2,583,-581
100900141,0,146,-146
100900142,0,3,-3
100900143,549,150,399
100900144,6,0,6
100900145,11,74,-63
100900147,16,96,-80
100900148,29,737,-708
100900149,43,68,-25
100900151,74,351,-277
100900152,42,0,42
100900153,5,84,-79
100900154,1,5,-4
100900155,2,1,1
100900156,8,0,8
100900157,6,57,-51
100900159,0,4,-4
100900160,1,8,-7
100900161,103,6,97
100900162,7,125,-118
100900163,106,118,-12
100900164,10,18,-8
100900165,6,28,-22
100900166,13,1,12
100900167,3,59,-56
100900168,8,60,-52
100900169,107,681,-574
100900170,13,3,10
100900171,2,582,-580
100900172,0,4,-4
100900173,1,487,-486
100900174,212,71,141
100900176,688,29,659
100900177,652,81,571
100900178,220,95,125
100900179,54,24,30
100900180,5,1,4
100900181,80,12,68
100900182,7,4,3
100900184,1,84,-83
100900186,784,367,417
100900187,4,143,-139
100900188,7,6,1
100900189,459,95,364
100900191,695,399,296
100900192,116,95,21
100900195,57,69,-12
100900197,0,0,0
100900198,7,124,-117
100900199,0,0,0
100900200,376,245,131
100900201,27,557,-530
100900202,9,0,9
100900203,0,36,-36
100900204,111,75,36
100900205,69,150,-81
100900206,20,8,12
100900207,84,29,55
100900210,33,524,-491
100900211,158,37,121
100900213,9,12,-3
100900214,597,56,541
100900215,3,35,-32
100900217,83,34,49
101000001,3072,1862,1210
101000002,2627,1912,715
101000003,424,974,-550
101000004,6142,4864,1278
101000005,2871,2743,128
101000006,4592,4209,383
101000007,1268,1492,-224
101000009,817,1570,-753
101000010,490,1073,-583
101000011,1258,399,859
101000012,1512,255,1257
101000013,297,420,-123
101000014,342,405,-63
101000015,472,553,-81
101000016,220,213,7
101000017,259,294,-35
101000018,2832,1433,1399
101000020,3158,715,2443
101000021,764,138,626
101000022,161,39,122
101000023,1101,475,626
101000025,73,187,-114
101000026,344,17,327
101000027,903,844,59
101000028,508,94,414
101000029,16,415,-399
101000030,514,28,486
101000031,357,55,302
101000032,4124,1164,2960
101000033,1757,1264,493
101000034,1720,552,1168
101000035,833,112,721
101000036,1067,262,805
101000037,3633,622,3011
101000039,2191,471,1720
101000040,3213,1571,1642
101000041,9902,1928,7974
101000042,555,288,267
101000043,7069,1336,5733
101000045,1210,190,1020
101000046,1402,401,1001
101000047,528,511,17
101000048,499,501,-2
101000049,596,479,117
101000050,1164,366,798
101000051,1542,557,985
101000052,1105,273,832
101000053,540,867,-327
101000054,827,796,31
101000055,1036,500,536
101000056,46,42,4
101000057,1899,259,1640
101000058,1475,421,1054
101000059,2503,936,1567
101000060,1371,115,1256
101000061,856,533,323
101000062,937,150,787
101000063,331,234,97
101000064,891,184,707
101000065,193,188,5
101000066,229,137,92
101000067,454,227,227
101000068,187,91,96
101000069,238,33,205
101000070,1210,459,751
101000071,1350,487,863
101000072,638,1822,-1184
101000073,419,207,212
101000074,2512,1196,1316
101000075,3942,2072,1870
101000077,652,802,-150
101000078,607,1010,-403
101000079,242,469,-227
101000080,353,307,46
101000081,838,768,70
101000082,2700,1584,1116
101000083,1123,1048,75
101000084,995,849,146
101000085,1144,655,489
101000086,905,709,196
101000087,644,923,-279
101000088,612,602,10
101000089,546,813,-267
101000090,1576,1050,526
101000091,171,1485,-1314
101000092,467,706,-239
101000093,975,505,470
101000094,361,730,-369
101000095,152,427,-275
101000096,146,467,-321
101000097,215,224,-9
101000098,244,259,-15
101000099,732,643,89
101000100,583,318,265
101000101,226,218,8
101000102,600,203,397
101000103,517,222,295
101000104,169,214,-45
101000105,557,130,427
101000106,495,397,98
101000107,87,208,-121
101000108,994,244,750
101000109,63,50,13
101000110,15,459,-444
101000111,69,146,-77
101000113,82,299,-217
101000114,2036,650,1386
101000115,56,135,-79
101000116,78,108,-30
101000117,220,169,51
101000119,86,10,76
101000120,134,10,124
101000121,58,4,54
101000122,53,14,39
101000123,18,25,-7
101000124,78,201,-123
101000125,112,251,-139
101000128,613,216,397
101000130,188,162,26
101000131,221,558,-337
101000132,236,1308,-1072
101000135,47,5,42
101000136,155,33,122
101000137,15,72,-57
101000141,1529,879,650
101000147,673,408,265
101000148,2201,16,2185
101000149,101,40,61
101000150,27,909,-882
101000151,39,60,-21
101000152,313,195,118
101000153,376,281,95
101000154,97,1316,-1219
101000155,81,91,-10
101000156,10,141,-131
101000157,40,20,20
101000160,17,54,-37
101000163,79,42,37
101000164,546,283,263
101000165,111,292,-181
101000166,157,228,-71
101000168,493,203,290
101000252,721,432,289
101000254,291,12,279
101000258,31,13,18
101000261,33,153,-120
101000262,551,647,-96
101000263,89,251,-162
101000265,22,521,-499
101000266,165,151,14
101000269,75,4,71
101000290,906,1128,-222
101000293,9,43,-34
101000294,247,362,-115
101000295,74,264,-190
101000301,569,105,464
101000304,1036,1636,-600
101000305,1704,1148,556
101000328,74,229,-155
101900001,15,39,-24
101900002,0,14,-14
101900003,82,45,37
101900004,3,18,-15
101900005,3714,555,3159
101900006,612,125,487
101900007,272,22,250
101900008,60,160,-100
101900009,25,328,-303
101900010,772,269,503
101900011,139,781,-642
101900012,34,182,-148
101900013,867,36,831
101900017,15,66,-51
101900018,1296,96,1200
101900019,143,51,92
101900020,6,35,-29
101900021,1,21,-20
101900022,28,1054,-1026
101900023,16,195,-179
101900026,55,27,28
101900027,7,116,-109
102000001,1373,2359,-986
102000002,1889,851,1038
102000003,2731,2482,249
102000004,7443,1613,5830
102000005,890,1119,-229
102000006,1320,955,365
102000007,920,2335,-1415
102000008,4379,1124,3255
102000009,3396,4059,-663
102000010,4582,1836,2746
102000011,1350,1392,-42
102000012,2259,2425,-166
102000018,2342,1354,988
102000019,2048,850,1198
102000026,117,383,-266
102000029,321,145,176
102000030,43,164,-121
102000031,20,252,-232
102000032,139,306,-167
102000033,84,319,-235
102000034,291,287,4
102000035,635,330,305
102000036,5,157,-152
102000037,65,83,-18
102000038,83,46,37
102000039,90,28,62
102000040,355,56,299
102000041,69,137,-68
102000042,120,38,82
102000043,226,131,95
102000044,252,322,-70
102000045,359,724,-365
102000046,542,285,257
102000047,392,784,-392
102000048,106,539,-433
102000049,509,400,109
102000050,551,620,-69
102000051,203,396,-193
102000052,648,539,109
102000053,386,509,-123
102000054,270,685,-415
102000055,481,891,-410
102000056,333,1081,-748
102000057,794,322,472
102000058,728,1609,-881
102000059,916,1006,-90
102000060,697,582,115
102000061,622,2090,-1468
102000062,526,964,-438
102000063,692,1038,-346
102000064,346,425,-79
102000065,18,90,-72
102000066,558,832,-274
102000067,1313,1749,-436
102000068,6870,1991,4879
102000069,50,1345,-1295
102000070,1755,37,1718
102000071,5126,6508,-1382
102000072,2097,3314,-1217
102000073,334,557,-223
102000074,441,591,-150
102000075,135,212,-77
102000076,160,257,-97
102000077,234,1099,-865
102000078,517,667,-150
102000079,69,218,-149
102000080,126,128,-2
102000081,148,573,-425
102000082,408,187,221
102000083,138,512,-374
102000084,82,312,-230
102000085,1038,1021,17
102000086,648,758,-110
102000087,345,1642,-1297
102000088,147,221,-74
102000089,480,352,128
102000090,243,862,-619
102000091,782,250,532
102000092,248,471,-223
102000093,515,369,146
102000094,819,362,457
102000095,684,607,77
102000096,754,377,377
102000097,832,461,371
102000098,391,452,-61
102000099,586,292,294
102000100,853,407,446
102000101,1178,206,972
102000102,199,1197,-998
102000103,852,264,588
102000104,762,232,530
102000105,93,660,-567
102000106,430,798,-368
102000107,465,422,43
102000108,353,178,175
102000109,233,455,-222
102000110,367,1348,-981
102000111,1,267,-266
102000112,72,53,19
102000113,6,9,-3
102000114,760,223,537
102000115,118,118,0
102000116,230,206,24
102000117,158,345,-187
102000118,1085,583,502
102000119,1938,270,1668
102000120,53,321,-268
102000121,569,357,212
102000122,239,449,-210
102000123,831,614,217
102000124,558,536,22
102000125,673,472,201
102000126,383,379,4
102000127,600,428,172
102000128,328,693,-365
102000129,575,706,-131
102000130,286,453,-167
102000131,605,372,233
102000132,263,273,-10
102000133,633,1975,-1342
102000134,296,574,-278
102000135,855,411,444
102000136,789,220,569
102000137,664,408,256
102000138,169,254,-85
102000139,53,222,-169
102000140,146,133,13
102000141,76,404,-328
102000142,58,254,-196
102000143,50,339,-289
102000144,95,352,-257
102000145,120,261,-141
102000146,115,241,-126
102000147,239,181,58
102000148,121,164,-43
102000149,79,504,-425
102000150,103,182,-79
102000151,66,251,-185
102000152,61,130,-69
102000153,546,170,376
102000154,236,343,-107
102000155,67,144,-77
102000156,396,26,370
102000157,54,96,-42
102000158,246,141,105
102000159,1208,170,1038
102000161,3904,825,3079
102000162,132,95,37
102000163,51,289,-238
102000164,884,410,474
102000165,182,94,88
102000166,65,138,-73
102000167,128,123,5
102000168,111,86,25
102000169,54,232,-178
102000170,397,68,329
102000171,52,33,19
102000172,37,118,-81
102000173,187,155,32
102000174,39,34,5
102000175,62,91,-29
102000176,14,54,-40
102000178,142,480,-338
102000179,188,176,12
102000180,290,484,-194
102000181,211,567,-356
102000182,253,550,-297
102000183,710,1629,-919
102000184,696,676,20
102000185,1148,1512,-364
102000186,500,1576,-1076
102000187,258,1472,-1214
102000188,300,1033,-733
102000189,2386,654,1732
102000190,420,1307,-887
102000191,845,393,452
102000192,352,550,-198
102000193,25,175,-150
102000194,28,107,-79
102000195,226,497,-271
102000196,63,494,-431
102000197,190,426,-236
102000198,71,875,-804
102000199,310,288,22
102000200,181,1133,-952
102000201,216,347,-131
102000202,1,191,-190
102000203,126,209,-83
102000204,205,772,-567
102000205,393,545,-152
102000206,325,474,-149
102000207,439,322,117
102000208,111,418,-307
102000209,28,42,-14
102000210,156,426,-270
102000211,90,339,-249
102000212,46,15,31
102000213,2,261,-259
102000214,46,9,37
102000215,6,509,-503
102000216,9,16,-7
102000217,8,177,-169
102000218,73,52,21
102000219,246,271,-25
102000225,569,444,125
102000226,3966,350,3616
102000227,58,0,58
102000228,1,88,-87
102000229,12,21,-9
102000230,194,495,-301
102000231,158,336,-178
102000232,3,118,-115
102000233,243,413,-170
102000234,40,918,-878
102000236,177,46,131
102000237,374,110,264
102000238,94,244,-150
102000240,484,265,219
102000241,139,72,67
102000243,3,37,-34
102000245,21,114,-93
102000246,14,17,-3
102000247,1038,638,400
102000248,482,466,16
102000249,55,107,-52
102000250,43,337,-294
102000254,46,395,-349
102000266,36,86,-50
102000271,10,0,10
102000286,276,264,12
102000297,1084,654,430
102000307,0,2,-2
102000316,154,345,-191
102900001,882,663,219
102900002,146,9,137
102900003,18,249,-231
102900005,117,254,-137
102900006,269,191,78
102900007,207,12,195
102900008,131,81,50
102900009,342,89,253
102900010,324,416,-92
102900011,1620,234,1386
102900012,226,32,194
102900013,5,70,-65
102900015,620,131,489
102900016,13,88,-75
102900017,35,441,-406
102900018,10,115,-105
102900019,191,298,-107
102900020,30,17,13
102900021,5,78,-73
102900022,252,29,223
102900023,7,34,-27
102900024,8,26,-18
102900025,174,80,94
102900026,380,878,-498
102900027,18,37,-19
102900028,42,226,-184
102900029,85,85,0
102900030,153,119,34
102900031,37,110,-73
102900032,17,94,-77
102900033,41,215,-174
102900034,167,100,67
102900035,40,362,-322
102900036,120,451,-331
102900037,74,551,-477
102900038,184,417,-233
102900039,9,263,-254
102900040,62,120,-58
102900041,15,125,-110
102900042,61,295,-234
102900043,57,203,-146
102900044,393,1464,-1071
102900045,43,402,-359
102900046,36,252,-216
102900047,19,533,-514
102900048,306,557,-251
102900049,42,212,-170
102900050,120,294,-174
102900051,95,123,-28
102900053,227,563,-336
102900054,730,472,258
102900055,32,49,-17
102900056,112,383,-271
102900057,2,15,-13
102900058,200,33,167
102900059,2,22,-20
102900060,36,346,-310
102900061,51,377,-326
102900062,61,1210,-1149
102900063,373,281,92
102900064,90,277,-187
102900065,1262,547,715
102900066,173,19,154
102900068,36,44,-8
102900070,96,541,-445
102900072,5,29,-24
102900073,75,5,70
102900075,19,21,-2
102900076,224,40,184
102900077,26,20,6
102900078,18,52,-34
102900079,171,3,168
102900080,181,11,170
102900081,55,187,-132
102900082,0,196,-196
102900083,264,3,261
102900084,2,9,-7
102900085,102,46,56
102900086,8,17,-9
102900087,21,86,-65
102900088,8,26,-18
102900089,161,75,86
102900090,0,360,-360
102900091,51,4,47
102900092,45,640,-595
102900094,0,25,-25
102900095,78,2,76
102900096,6,7,-1
102900097,0,70,-70
103000001,1572,1878,-306
103000002,1464,1481,-17
103000003,2046,1588,458
103000004,673,423,250
103000005,1442,1592,-150
103000006,335,974,-639
103000007,312,573,-261
103000008,594,979,-385
103000009,382,471,-89
103000010,231,166,65
103000011,1467,601,866
103000012,663,864,-201
103000013,4626,1283,3343
103000014,841,819,22
103000015,2243,649,1594
103000016,389,453,-64
103000017,70,200,-130
103000018,717,254,463
103000019,124,118,6
103000020,1428,928,500
103000021,1217,1177,40
103000022,774,786,-12
103000023,276,760,-484
103000024,86,162,-76
103000025,26,219,-193
103000026,1361,96,1265
103000027,208,194,14
103000028,578,204,374
103000029,376,76,300
103000030,1240,357,883
103000031,956,860,96
103000032,1340,1163,177
103000033,1659,1530,129
103000034,985,499,486
103000035,271,575,-304
103000036,288,261,27
103000037,404,231,173
103000038,247,375,-128
103000039,142,348,-206
103000040,138,897,-759
103000041,938,2377,-1439
103000042,482,617,-135
103000043,186,1016,-830
103000044,77,230,-153
103000046,135,302,-167
103000047,352,462,-110
103000048,69,105,-36
103000049,59,130,-71
103000050,431,560,-129
103000051,227,347,-120
103000052,481,262,219
103000053,93,296,-203
103000054,1233,779,454
103000055,977,1138,-161
103000056,388,2105,-1717
103000057,272,201,71
103000058,217,650,-433
103000059,175,592,-417
103000060,500,605,-105
103000061,174,491,-317
103000062,639,613,26
103000063,374,432,-58
103000064,73,233,-160
103000065,2,292,-290
103000066,84,4,80
103000069,97,232,-135
103000070,406,955,-549
103000071,370,215,155
103000072,90,826,-736
103000073,231,80,151
103000074,295,60,235
103000075,66,723,-657
103000076,124,143,-19
103000077,35,258,-223
103000078,1057,265,792
103000079,1205,326,879
103000080,960,132,828
103000081,348,532,-184
103000082,238,98,140
103000083,58,296,-238
103000084,112,3,109
103000085,1,91,-90
103000086,547,234,313
103000087,96,239,-143
103000088,327,201,126
103000089,147,244,-97
103000090,1350,895,455
103000091,375,313,62
103000092,179,262,-83
103000093,250,370,-120
103000094,164,103,61
103000095,21,298,-277
103000096,674,69,605
103000097,37,457,-420
103000098,947,80,867
103000099,372,403,-31
103000100,54,669,-615
103000101,358,68,290
103000102,82,474,-392
103000103,278,163,115
103000104,34,96,-62
103000105,44,103,-59
103000106,4,76,-72
103000107,167,33,134
103000108,711,434,277
103000109,278,305,-27
103000110,274,342,-68
103000111,361,189,172
103000112,162,175,-13
103000113,492,394,98
103000114,929,242,687
103000115,265,368,-103
103000116,268,425,-157
103000117,120,422,-302
103000118,869,774,95
103000119,1638,590,1048
103000120,57,52,5
103000121,165,455,-290
103000122,190,147,43
103000125,1,535,-534
103000126,185,1,184
103000127,0,240,-240
103000128,63,2,61
103000129,2,117,-115
103000130,23,10,13
103000131,225,61,164
103000132,47,49,-2
103000133,1,98,-97
103000134,508,309,199
103000135,603,155,448
103000136,559,258,301
103000137,399,395,4
103000138,661,389,272
103000139,0,49,-49
103000140,145,18,127
103000141,21,67,-46
103000142,134,48,86
103000143,34,102,-68
103000144,110,61,49
103000145,13,34,-21
103000150,54,50,4
103000152,244,136,108
103000153,133,115,18
103000156,4,543,-539
103000157,169,1,168
103000159,54,27,27
103000162,53,10,43
103000163,5,5,0
103000164,11,7,4
103000165,139,439,-300
103000166,63,111,-48
103000167,98,79,19
103000168,52,140,-88
103000169,72,185,-113
103000170,292,415,-123
103000171,25,35,-10
103000172,134,266,-132
103000173,164,647,-483
103000174,106,267,-161
103000175,80,385,-305
103000176,581,218,363
103000177,488,333,155
103000178,258,133,125
103000179,64,10,54
103000183,32,28,4
103000185,45,59,-14
103000186,37,138,-101
103000187,138,556,-418
103000188,20,52,-32
103000189,796,803,-7
103000191,338,396,-58
103000292,2837,568,2269
103000293,1132,659,473
103000295,77,34,43
103000296,84,1,83
103000297,12,2,10
103000504,0,11,-11
103000505,5,4,1
103000506,0,161,-161
103000507,65,4,61
103000508,39,12,27
103000509,183,372,-189
103000514,3,3,0
103900001,1,323,-322
103900002,1471,106,1365
103900003,803,16,787
103900004,12,0,12
103900005,0,211,-211
103900006,0,0,0
103900007,4,0,4
103900008,10,0,10
103900009,131,185,-54
103900010,80,178,-98
103900011,67,197,-130
103900012,1,11,-10
103900013,22,56,-34
103900014,5,13,-8
103900015,12,12,0
103900016,138,211,-73
103900017,9,70,-61
103900018,551,159,392
103900019,33,96,-63
103900020,97,168,-71
103900021,635,17,618
103900022,380,436,-56
103900023,48,2,46
103900024,65,355,-290
103900025,1,28,-27
103900026,3,0,3
103900027,351,203,148
103900028,5,132,-127
103900029,502,103,399
103900030,140,16,124
103900031,2,1,1
103900032,21,28,-7
103900033,29,6,23
103900034,15,191,-176
103900035,45,43,2
103900036,18,5,13
103900037,18,21,-3
103900038,37,70,-33
103900039,11,357,-346
103900040,6,132,-126
103900041,32,15,17
103900042,7,411,-404
103900043,41,94,-53
103900044,152,76,76
103900045,76,137,-61
103900047,36,29,7
103900048,28,9,19
103900049,138,988,-850
103900050,1,55,-54
103900051,0,30,-30
103900052,48,576,-528
103900053,36,811,-775
103900054,41,471,-430
103900055,169,147,22
103900056,10,29,-19
103900057,5,237,-232
103900058,42,538,-496
103900059,0,1,-1
103900060,13,165,-152
103900061,24,27,-3
103900062,91,35,56
103900063,0,0,0
103900064,29,0,29
103900065,438,223,215
103900066,45,4,41
103900067,53,2,51
103900068,1,0,1
103900069,13,11,2
103900070,54,233,-179
103900071,12,113,-101
103900072,6,242,-236
103900073,11,7,4
103900074,25,58,-33
103900075,42,50,-8
103900076,146,620,-474
103900077,32,23,9
103900078,77,84,-7
103900079,61,147,-86
103900080,6,25,-19
103900081,109,5,104
103900082,4,72,-68
103900083,1617,292,1325
103900084,37,98,-61
103900085,52,57,-5
103900086,152,166,-14
103900088,307,126,181
103900089,38,163,-125
103900090,0,173,-173
103900091,626,174,452
103900092,200,527,-327
103900093,80,321,-241
103900094,5,121,-116
103900095,121,100,21
103900096,2,263,-261
103900097,3,406,-403
103900098,102,47,55
103900099,23,188,-165
103900100,126,255,-129
103900101,23,822,-799
103900102,0,20,-20
103900104,0,21,-21
103900105,65,168,-103
103900106,0,17,-17
103900107,19,180,-161
103900108,10,343,-333
103900109,13,41,-28
103900110,113,37,76
103900111,23,553,-530
103900112,10,38,-28
103900113,125,97,28
103900114,363,265,98
103900115,134,42,92
103900116,5763,992,4771
103900117,189,92,97
103900119,15,20,-5
103900120,5,94,-89
103900122,21,260,-239
103900123,1241,378,863
103900124,26,535,-509
103900125,36,51,-15
103900126,185,446,-261
103900127,48,619,-571
103900128,10,123,-113
103900131,3,106,-103
103900133,438,9,429
103900134,0,1,-1
103900135,3,4,-1
103900137,0,29,-29
103900138,28,378,-350
103900139,705,673,32
103900140,0,23,-23
103900141,169,43,126
103900142,64,215,-151
103900143,8,0,8
103900144,1,68,-67
103900145,109,228,-119
103900146,122,323,-201
103900147,160,97,63
103900148,86,189,-103
103900149,81,674,-593
103900150,5892,1395,4497
103900151,16,140,-124
103900152,69,564,-495
103900153,0,0,0
103900154,666,514,152
103900155,10,165,-155
103900156,14,144,-130
103900157,6,205,-199
103900158,14,190,-176
103900159,26,71,-45
103900160,18,13,5
103900161,30,125,-95
103900162,30,197,-167
103900163,2,312,-310
103900167,3,55,-52
103900168,39,91,-52
103900169,27,11,16
103900170,1,94,-93
103900171,1,53,-52
103900172,6,28,-22
103900173,3,2,1
103900174,43,25,18
103900175,28,20,8
103900176,5,13,-8
103900177,7,35,-28
103900178,8,52,-44
103900179,4,156,-152
103900180,2,90,-88
103900181,48,24,24
103900182,36,8,28
103900184,424,24,400
103900185,128,57,71
103900187,75,26,49
103900188,13,7,6
103900189,43,4,39
103900190,19,22,-3
103900191,19,20,-1
103900192,8,40,-32
103900193,83,51,32
103900194,12,302,-290
103900195,2,31,-29
103900196,8,12,-4
103900197,6,16,-10
103900198,21,46,-25
103900199,42,90,-48
103900200,63,144,-81
103900201,35,172,-137
103900202,4,47,-43
103900203,19,9,10
103900204,0,136,-136
103900207,2,151,-149
103900208,16,2,14
103900209,2,91,-89
103900210,5,20,-15
103900211,167,555,-388
103900212,31,372,-341
103900213,68,150,-82
103900214,153,58,95
103900215,586,162,424
103900216,10,286,-276
103900217,182,8,174
103900218,20,245,-225
103900219,54,316,-262
103900233,12,0,12
103900235,17,6,11
103900236,13,4,9
103900242,4,16,-12
103900243,0,6,-6
103900244,29,266,-237
103900245,54,166,-112
103900246,25,21,4
103900247,27,99,-72
103900248,0,17,-17
103900249,6,21,-15
103900250,18,14,4
103900251,2,19,-17
103900253,51,23,28
103900254,15,7,8
103900255,12,5,7
103900256,28,25,3
103900257,115,77,38
103900258,18,2,16
103900259,95,3,92
103900261,2,4,-2
103900262,21,1,20
103900263,34,36,-2
103900264,45,7,38
103900265,22,2,20
103900266,1,26,-25
103900267,3,36,-33
103900268,1,118,-117
103900269,87,18,69
103900270,6,82,-76
103900271,12,124,-112
103900272,41,79,-38
103900273,5,61,-56
103900274,22,4,18
103900275,7,2,5
103900276,5,100,-95
103900277,3,107,-104
103900278,2,48,-46
103900279,2,5,-3
103900280,2,170,-168
103900281,160,63,97
103900282,2,11,-9
103900283,19,6,13
103900284,1,1,0
103900285,6,5,1
103900286,12,158,-146
103900287,3,6,-3
103900288,73,17,56
103900289,24,0,24
103900290,76,8,68
103900291,2,1,1
103900292,1,1,0
103900293,13,4,9
103900294,5,14,-9
104000001,1407,1591,-184
104000002,902,1852,-950
104000003,1471,1529,-58
104000004,2366,1827,539
104000005,622,1262,-640
104000006,1687,2221,-534
104000007,2792,2536,256
104000008,164,471,-307
104000009,68,81,-13
104000010,67,138,-71
104000011,623,403,220
104000012,90,423,-333
104000013,60,99,-39
104000014,156,631,-475
104000015,139,134,5
104000016,432,336,96
104000018,300,160,140
104000019,258,108,150
104000020,198,838,-640
104000021,191,513,-322
104000022,109,233,-124
104000023,269,221,48
104000024,121,328,-207
104000026,56,226,-170
104000027,179,329,-150
104000028,188,194,-6
104000029,391,422,-31
104000030,148,238,-90
104000031,460,227,233
104000032,138,332,-194
104000033,246,328,-82
104000034,204,384,-180
104000035,336,355,-19
104000036,252,557,-305
104000037,193,310,-117
104000038,163,383,-220
104000039,98,365,-267
104000040,418,342,76
104000041,342,271,71
104000042,136,426,-290
104000043,191,355,-164
104000044,150,786,-636
104000045,631,1011,-380
104000046,1123,1212,-89
104000047,378,1083,-705
104000048,820,1498,-678
104000049,210,210,0
104000050,89,409,-320
104000051,60,567,-507
104000052,707,1079,-372
104000053,430,581,-151
104000054,194,407,-213
104000055,2921,2238,683
104000056,1372,203,1169
104000057,168,633,-465
104000058,438,557,-119
104000059,350,962,-612
104000060,372,721,-349
104000061,591,934,-343
104000062,153,278,-125
104000064,528,219,309
104000065,86,219,-133
104000069,1245,492,753
104000070,53,231,-178
104000071,173,363,-190
104000072,406,368,38
104000075,19,204,-185
104000076,281,18,263
104000082,1306,1391,-85
104000083,484,147,337
104000084,72,350,-278
104000085,142,120,22
104000086,122,356,-234
104000087,340,533,-193
104000090,359,1315,-956
104000092,407,2188,-1781
104000094,560,1656,-1096
104000095,1000,1074,-74
104000096,504,362,142
104000097,800,941,-141
104000098,758,1158,-400
104000100,743,562,181
104000101,730,1855,-1125
104000106,224,438,-214
104000107,424,383,41
104000108,236,409,-173
104000109,147,45,102
104000110,607,706,-99
104000111,4059,1015,3044
104000112,2134,434,1700
104000116,1,979,-978
104000117,49,808,-759
104000118,198,216,-18
104000119,257,205,52
104000120,136,791,-655
104000121,129,400,-271
104000122,361,447,-86
104000123,719,868,-149
104000124,1028,1601,-573
104000125,3573,1655,1918
104000126,159,330,-171
104000127,1179,2837,-1658
104000128,501,353,148
104000129,249,44,205
104000130,9,119,-110
104000131,718,551,167
104000132,674,916,-242
104000133,693,616,77
104000134,460,993,-533
104000135,251,461,-210
104000136,466,893,-427
104000137,1207,115,1092
104000138,877,282,595
104000139,7076,1935,5141
104000141,872,1533,-661
104000142,456,958,-502
104000143,309,696,-387
104000144,32,137,-105
104000145,226,120,106
104000146,356,506,-150
104000147,68,271,-203
104000148,62,97,-35
104000149,159,396,-237
104000150,208,305,-97
104000151,188,604,-416
104000152,284,664,-380
104000153,192,348,-156
104000154,887,602,285
104000155,154,274,-120
104000157,808,1456,-648
104000158,109,173,-64
104000159,273,249,24
104000160,1200,844,356
104000161,203,142,61
104000162,49,73,-24
104000165,1222,783,439
104000167,313,351,-38
104000168,339,2,337
104000169,24,28,-4
104000170,600,108,492
104000248,173,811,-638
104000251,30,253,-223
104000272,0,0,0
104000273,0,0,0
104000274,0,0,0
104000275,0,0,0
104000279,2710,1014,1696
104000290,38,266,-228
104000291,464,783,-319
104000293,368,591,-223
104000294,3,0,3
104000295,302,603,-301
104000296,184,498,-314
104000297,591,1086,-495
104000298,1178,793,385
104000299,420,1062,-642
104000302,101,126,-25
104000303,159,117,42
104900001,74,315,-241
104900002,15,69,-54
104900003,29,300,-271
104900004,33,308,-275
104900005,85,88,-3
104900006,48,64,-16
104900007,112,169,-57
104900009,75,346,-271
104900010,19,8,11
104900011,0,1,-1
104900012,53,12,41
104900013,55,3,52
104900014,3049,200,2849
104900015,97,0,97
104900016,59,251,-192
104900017,43,135,-92
104900018,4,187,-183
104900019,177,782,-605
104900020,33,205,-172
104900021,0,265,-265
104900022,6,121,-115
104900023,2,94,-92
104900024,11,104,-93
104900025,30,247,-217
104900026,1,153,-152
104900027,85,157,-72
104900028,15,77,-62
104900029,25,60,-35
104900030,176,130,46
104900031,97,119,-22
104900032,36,118,-82
104900033,53,119,-66
104900034,108,36,72
104900035,82,64,18
104900036,36,56,-20
104900037,92,239,-147
104900038,365,98,267
104900039,692,72,620
104900040,85,35,50
104900041,99,86,13
104900042,69,358,-289
104900043,13,33,-20
104900044,211,132,79
104900045,157,47,110
104900046,15,58,-43
104900047,86,85,1
104900048,63,53,10
104900049,5,0,5
104900050,36,44,-8
104900051,81,22,59
104900052,19,0,19
104900053,143,40,103
104900054,27,18,9
104900055,11,0,11
104900056,77,4,73
104900057,9,0,9
104900058,172,79,93
104900059,12,21,-9
104900061,144,453,-309
104900063,13,116,-103
104900064,0,61,-61
104900065,0,65,-65
104900066,3,160,-157
104900067,1,168,-167
104900068,4,175,-171
104900070,65,211,-146
104900071,2,552,-550
104900072,11,137,-126
104900073,15,212,-197
104900074,18,147,-129
104900075,15,46,-31
104900076,20,306,-286
104900077,915,48,867
104900078,96,579,-483
104900079,71,79,-8
104900080,29,422,-393
104900082,7,181,-174
104900085,6,206,-200
104900089,35,0,35
104900091,255,694,-439
104900093,133,370,-237
104900097,2268,793,1475
104900098,30,44,-14
104900099,39,221,-182
104900100,508,93,415
104900102,21,163,-142
104900103,255,75,180
104900106,15,121,-106
104900107,22,266,-244
104900108,10,283,-273
104900109,26,86,-60
104900110,2,52,-50
104900111,52,38,14
104900112,104,841,-737
104900113,298,330,-32
104900114,105,580,-475
104900115,176,345,-169
104900116,52,241,-189
104900118,3,72,-69
104900119,1,21,-20
104900120,119,33,86
104900121,1,93,-92
104900122,3,84,-81
104900123,6,4,2
104900124,10,0,10
104900125,185,58,127
104900126,49,60,-11
104900127,15,10,5
104900128,48,66,-18
104900129,1711,527,1184
105000001,1622,1162,460
105000002,1399,1156,243
105000003,1734,2725,-991
105000004,293,745,-452
105000005,350,862,-512
105000006,700,1009,-309
105000007,549,861,-312
105000008,504,1268,-764
105000009,757,1951,-1194
105000010,2119,1773,346
105000011,993,1259,-266
105000012,2724,2347,377
105000013,323,724,-401
105000014,633,1335,-702
105000015,5871,2921,2950
105000016,3043,1185,1858
105000017,1120,767,353
105000018,877,606,271
105000019,1117,613,504
105000020,119,215,-96
105000021,173,99,74
105000022,80,20,60
105000023,244,152,92
105000028,39,90,-51
105000029,222,558,-336
105000030,2763,2412,351
105000031,5,22,-17
105000033,724,1588,-864
105000034,85,340,-255
105000037,449,504,-55
105000038,912,747,165
105000039,2541,1192,1349
105000040,309,392,-83
105000041,349,937,-588
105000042,1100,664,436
105000043,1579,1453,126
105000044,185,267,-82
105000045,201,850,-649
105000046,338,286,52
105000047,278,1152,-874
105000048,306,132,174
105000049,225,575,-350
105000050,168,224,-56
105000051,138,457,-319
105000052,279,649,-370
105000053,70,177,-107
105000054,125,757,-632
105000055,234,372,-138
105000056,387,1981,-1594
105000057,686,892,-206
105000058,963,1242,-279
105000059,342,388,-46
105000060,394,581,-187
105000061,228,299,-71
105000062,540,1070,-530
105000063,208,587,-379
105000064,460,403,57
105000065,317,930,-613
105000066,732,1896,-1164
105000067,555,344,211
105000068,339,759,-420
105000069,2129,479,1650
105000070,639,581,58
105000071,109,256,-147
105000072,752,802,-50
105000073,466,308,158
105000074,584,820,-236
105000075,327,561,-234
105000076,881,750,131
105000077,1227,412,815
105000078,1015,770,245
105000079,1181,1336,-155
105000080,951,570,381
105000081,794,526,268
105000082,292,315,-23
105000083,597,444,153
105000084,418,840,-422
105000085,793,686,107
105000086,421,754,-333
105000087,1948,1340,608
105000088,888,1078,-190
105000089,2116,1517,599
105000090,747,605,142
105000091,1210,1209,1
105000092,335,885,-550
105000093,197,104,93
105000094,161,154,7
105000095,68,244,-176
105000096,594,407,187
105000097,581,550,31
105000098,410,409,1
105000099,486,839,-353
105000100,411,845,-434
105000101,997,1520,-523
105000102,536,1160,-624
105000103,795,1563,-768
105000104,945,908,37
105000105,632,1349,-717
105000106,696,1180,-484
105000107,625,664,-39
105000108,629,1388,-759
105000109,608,1077,-469
105000110,459,654,-195
105000111,375,459,-84
105000112,635,679,-44
105000113,209,408,-199
105000114,2893,687,2206
105000115,222,603,-381
105000116,279,340,-61
105000117,377,1262,-885
105000118,121,260,-139
105000119,275,1104,-829
105000120,418,394,24
105000121,589,981,-392
105000122,168,282,-114
105000123,734,1073,-339
105000124,749,724,25
105000125,332,1558,-1226
105000126,1262,1819,-557
105000127,1373,1374,-1
105000128,222,1119,-897
105000129,504,301,203
105000130,60,728,-668
105000131,465,232,233
105000132,347,339,8
105000133,187,815,-628
105000134,277,428,-151
105000135,272,499,-227
105000136,63,199,-136
105000137,212,185,27
105000138,222,285,-63
105000139,704,777,-73
105000140,138,338,-200
105000141,115,478,-363
105000142,43,396,-353
105000143,125,532,-407
105000144,211,567,-356
105000145,262,347,-85
105000146,373,561,-188
105000147,280,216,64
105000148,620,570,50
105000149,1135,1127,8
105000150,1558,975,583
105000151,237,226,11
105000152,143,521,-378
105000153,319,245,74
105000154,547,846,-299
105000155,173,350,-177
105000156,719,768,-49
105000157,758,1754,-996
105000158,1171,591,580
105000159,340,1141,-801
105000160,825,437,388
105000161,529,1689,-1160
105000162,401,765,-364
105000163,1120,1099,21
105000164,133,235,-102
105000165,1308,2328,-1020
105000166,6581,226,6355
105000167,2206,896,1310
105000168,86,857,-771
105000169,203,324,-121
105000170,31,903,-872
105000171,604,214,390
105000172,24,42,-18
105000173,41,23,18
105000174,16,24,-8
105000175,48,130,-82
105000176,93,51,42
105000177,59,108,-49
105000178,72,562,-490
105000179,97,89,8
105000180,46,77,-31
105000181,31,435,-404
105000182,24,36,-12
105000183,1948,955,993
105000184,1255,414,841
105000185,698,367,331
105000186,298,674,-376
105000187,377,218,159
105000188,91,61,30
105000189,85,433,-348
105000190,112,226,-114
105000191,192,363,-171
105000192,88,75,13
105000193,37,115,-78
105000194,149,63,86
105000195,135,713,-578
105000196,40,65,-25
105000197,165,482,-317
105000198,439,140,299
105000199,179,172,7
105000200,68,121,-53
105000201,71,18,53
105000203,7,253,-246
105000204,36,65,-29
105000205,70,174,-104
105000207,475,151,324
105000208,170,222,-52
105000209,152,285,-133
105000211,69,20,49
105000212,501,1210,-709
105000213,100,80,20
105000214,40,156,-116
105000215,69,232,-163
105000216,40,270,-230
105000217,74,268,-194
105000218,431,792,-361
105000221,115,244,-129
105000222,38,45,-7
105000223,54,140,-86
105000226,8,316,-308
105000227,20,159,-139
105000228,179,432,-253
105000229,67,175,-108
105000231,153,174,-21
105000233,375,427,-52
105000234,345,887,-542
105000235,132,348,-216
105000237,321,47,274
105000243,5,44,-39
105000248,32,34,-2
105000262,85,1361,-1276
105000269,67,109,-42
105000270,158,103,55
105000271,0,282,-282
105000282,90,35,55
105000287,179,78,101
105000288,229,284,-55
105000289,663,494,169
105000290,3,1,2
105000402,3194,869,2325
105000426,238,400,-162
105000438,492,382,110
105000440,5,45,-40
105000446,10146,3082,7064
105000447,6302,1675,4627
105000454,91,812,-721
105000455,143,177,-34
105000474,12,0,12
105000477,97,261,-164
105000478,776,1329,-553
105000479,73,77,-4
105000480,1068,1142,-74
105000481,1378,1453,-75
105000482,3004,1882,1122
105000483,657,842,-185
105000484,1460,1743,-283
105000485,571,939,-368
105000486,2276,1468,808
105000488,2149,1604,545
105000489,337,618,-281
105000549,31,85,-54
105000550,353,900,-547
105000551,9,85,-76
105000552,2795,1520,1275
105000555,765,491,274
105000556,19,37,-18
105000557,27,263,-236
105900001,5,714,-709
105900002,1355,236,1119
105900003,7,53,-46
105900004,187,55,132
105900005,2,166,-164
105900006,2,28,-26
105900007,10,6,4
105900008,16,532,-516
105900009,8,4,4
105900011,30,33,-3
105900012,118,107,11
105900013,0,5,-5
105900014,1,53,-52
105900015,67,160,-93
105900016,86,458,-372
105900017,344,47,297
105900018,115,262,-147
105900019,17,343,-326
105900020,8,23,-15
105900021,4,145,-141
105900022,90,263,-173
105900023,0,88,-88
105900024,4,97,-93
105900025,33,22,11
105900026,125,13,112
105900027,2635,1505,1130
105900028,51,146,-95
105900029,1212,163,1049
105900030,64,202,-138
105900031,296,124,172
105900032,59,85,-26
105900033,31,102,-71
105900034,72,183,-111
105900035,85,112,-27
105900036,18,91,-73
105900037,34,54,-20
105900038,45,288,-243
105900039,45,103,-58
105900040,25,63,-38
105900041,117,305,-188
105900042,15,59,-44
105900043,1266,29,1237
105900044,0,84,-84
105900045,4,306,-302
105900046,1,133,-132
105900047,7,27,-20
105900048,53,286,-233
105900050,993,207,786
105900051,0,812,-812
105900052,181,28,153
105900053,2770,766,2004
105900054,172,204,-32
105900056,632,84,548
105900057,7,134,-127
105900058,2,27,-25
105900059,0,33,-33
106000001,2875,726,2149
106000002,2315,2845,-530
106000003,2216,1651,565
106000004,1917,1758,159
106000005,1526,3121,-1595
106000006,3905,3226,679
106000007,360,358,2
106000008,308,236,72
106000009,346,220,126
106000010,363,470,-107
106000011,348,602,-254
106000012,401,1355,-954
106000013,949,1109,-160
106000014,1362,1439,-77
106000015,798,663,135
106000016,819,1849,-1030
106000017,443,459,-16
106000018,325,490,-165
106000019,182,301,-119
106000020,165,348,-183
106000021,157,330,-173
106000022,194,269,-75
106000023,298,314,-16
106000024,386,759,-373
106000025,89,120,-31
106000026,126,437,-311
106000027,378,817,-439
106000028,349,626,-277
106000029,641,1143,-502
106000030,570,199,371
106000034,81,391,-310
106000035,577,639,-62
106000036,247,233,14
106000037,1249,1249,0
106000038,294,31,263
106000039,115,31,84
106000040,156,521,-365
106000041,484,156,328
106000043,355,51,304
106000046,246,34,212
106000047,42,285,-243
106000049,295,80,215
106000050,159,674,-515
106000051,292,180,112
106000052,39,552,-513
106000053,63,58,5
106000054,225,354,-129
106000055,339,552,-213
106000056,230,422,-192
106000057,85,156,-71
106000058,84,151,-67
106000059,74,167,-93
106000060,366,490,-124
106000061,133,287,-154
106000062,117,578,-461
106000063,308,285,23
106000064,21,367,-346
106000065,108,105,3
106000066,78,312,-234
106000067,91,58,33
106000068,24,397,-373
106000069,80,73,7
106000070,201,549,-348
106000071,441,241,200
106000072,3722,968,2754
106000073,1363,1471,-108
106000074,231,485,-254
106000075,134,693,-559
106000076,897,1035,-138
106000077,2156,987,1169
106000078,394,738,-344
106000079,309,746,-437
106000080,688,687,1
106000081,312,731,-419
106000082,1690,681,1009
106000083,239,687,-448
106000084,673,483,190
106000085,1112,714,398
106000086,399,440,-41
106000087,456,419,37
106000088,294,528,-234
106000089,492,387,105
106000090,164,471,-307
106000091,191,487,-296
106000092,337,172,165
106000093,209,50,159
106000094,75,305,-230
106000095,221,1006,-785
106000096,448,563,-115
106000097,372,1301,-929
106000098,194,824,-630
106000099,87,796,-709
106000100,397,237,160
106000101,490,441,49
106000102,69,436,-367
106000103,129,570,-441
106000104,371,354,17
106000105,247,749,-502
106000106,282,378,-96
106000107,83,485,-402
106000108,168,334,-166
106000109,53,428,-375
106000110,95,262,-167
106000111,73,558,-485
106000112,62,303,-241
106000113,859,587,272
106000114,263,336,-73
106000115,97,471,-374
106000116,99,167,-68
106000117,726,692,34
106000118,626,726,-100
106000119,2034,838,1196
106000120,431,536,-105
106000121,100,131,-31
106000122,50,298,-248
106000123,137,273,-136
106000124,35,288,-253
106000125,16,343,-327
106000126,102,218,-116
106000127,190,785,-595
106000128,267,355,-88
106000129,472,588,-116
106000130,418,720,-302
106000131,88,576,-488
106000132,919,134,785
106000133,3550,757,2793
106000134,637,587,50
106000135,372,1087,-715
106000136,343,351,-8
106000137,62,1363,-1301
106000138,501,47,454
106000139,15,124,-109
106000140,23,76,-53
106000141,41,96,-55
106000142,15,54,-39
106000143,23,90,-67
106000144,26,67,-41
106000145,55,329,-274
106000146,154,231,-77
106000147,385,913,-528
106000148,663,1004,-341
106000149,341,672,-331
106000150,253,1235,-982
106000151,4628,541,4087
106000152,1069,733,336
106000153,104,796,-692
106000154,1353,194,1159
106000155,55,136,-81
106000156,256,224,32
106000157,309,1241,-932
106000158,2513,544,1969
106000159,3972,892,3080
106000160,114,1070,-956
106000161,1103,408,695
106000162,79,406,-327
106000163,144,524,-380
106000164,181,233,-52
106000165,105,633,-528
106000166,264,196,68
106000167,158,1451,-1293
106000168,170,192,-22
106000169,108,722,-614
106000170,137,152,-15
106000171,40,756,-716
106000172,1661,593,1068
106000173,613,2095,-1482
106000174,536,226,310
106000175,277,799,-522
106000176,689,451,238
106000177,447,1778,-1331
106000178,1581,983,598
106000179,835,1514,-679
106000180,709,1644,-935
106000181,221,1710,-1489
106000182,315,536,-221
106000183,364,946,-582
106000184,306,877,-571
106000185,261,681,-420
106000186,579,131,448
106000187,134,550,-416
106000188,0,0,0
106000189,1,32,-31
106000190,3,9,-6
106000191,328,120,208
106000192,1,25,-24
106000193,165,92,73
106000194,80,223,-143
106000195,122,49,73
106000196,31,261,-230
106000197,137,262,-125
106000198,59,254,-195
106000199,645,315,330
106000200,286,82,204
106000201,281,735,-454
106000202,5370,373,4997
106000203,175,167,8
106000204,40,0,40
106000205,14,120,-106
106000206,30,10,20
106000207,49,735,-686
106000208,269,52,217
106000209,446,154,292
106000210,144,1174,-1030
106000211,278,1275,-997
106000212,297,124,173
106000213,623,944,-321
106000214,1862,267,1595
106000215,153,400,-247
106000216,163,248,-85
106000217,210,399,-189
106000218,351,213,138
106000219,78,237,-159
106000220,250,186,64
106000221,34,194,-160
106000222,31,121,-90
106000223,31,111,-80
106000224,87,334,-247
106000225,38,54,-16
106000226,89,235,-146
106000228,20,72,-52
106000229,65,715,-650
106000231,258,106,152
106000232,33,398,-365
106000233,164,97,67
106000234,34,171,-137
106000235,88,67,21
106000236,55,35,20
106000237,1,9,-8
106000238,2,3,-1
106000239,0,55,-55
106000240,11,0,11
106000241,14,644,-630
106000242,108,10,98
106000249,40,47,-7
106000250,50,283,-233
106000251,14,13,1
106000252,21,93,-72
106000253,5,27,-22
106000254,19,45,-26
106000255,10,57,-47
106000256,43,74,-31
106000257,45,197,-152
106000258,58,14,44
106000259,3,9,-6
106000260,9,5,4
106000261,0,51,-51
106000262,9,8,1
106000263,4,74,-70
106000264,87,4,83
106000265,6,97,-91
106000266,55,7,48
106000267,2,81,-79
106000268,315,19,296
106000269,66,64,2
106000270,100,289,-189
106000271,20,117,-97
106000272,73,39,34
106000273,2,104,-102
106000274,114,35,79
106000275,69,85,-16
106000276,77,25,52
106000277,102,120,-18
106000278,135,34,101
106000279,3,52,-49
106000280,24,122,-98
106000281,51,81,-30
106000282,55,37,18
106000283,28,70,-42
106000284,29,76,-47
106000285,104,126,-22
106000286,40,96,-56
106000287,51,107,-56
106000288,48,100,-52
106000289,33,63,-30
106000290,32,84,-52
106000291,39,83,-44
106000292,26,107,-81
106000293,74,74,0
106000294,85,92,-7
106000295,15,27,-12
106000296,34,98,-64
106000297,39,145,-106
106000298,132,43,89
106000299,53,81,-28
106000300,17,68,-51
106000301,33,67,-34
106000303,14,60,-46
106000304,26,18,8
106000305,12,31,-19
106000306,44,74,-30
106000307,13,9,4
106000308,30,145,-115
106000309,10,46,-36
106000310,145,480,-335
106000311,180,96,84
106000312,33,169,-136
106000313,52,178,-126
106000318,173,140,33
106000319,274,50,224
106000320,2,34,-32
106000321,229,48,181
106000322,65,180,-115
106000324,0,148,-148
106000325,678,633,45
106000326,589,1482,-893
106000327,35,126,-91
106000328,6,96,-90
106000329,42,246,-204
106000330,41,30,11
106000428,18,133,-115
106000429,48,574,-526
106000430,217,1232,-1015
106000431,573,212,361
106000432,1361,2304,-943
106000433,1020,582,438
106000434,1627,521,1106
106000435,1634,2001,-367
106000436,9,255,-246
106000437,125,16,109
106000438,59,77,-18
106000439,31,382,-351
106000440,264,433,-169
106000441,0,0,0
106000442,97,2,95
106000443,65,497,-432
106000450,9,165,-156
106000451,27,11,16
106000454,3,75,-72
106000455,13,154,-141
106000456,87,4,83
106000457,5,952,-947
106000458,150,154,-4
106000459,32,312,-280
106000460,289,23,266
106000461,14,1613,-1599
106000462,0,7,-7
106000463,1,27,-26
106000464,1,641,-640
106000465,137,2,135
106000466,1,584,-583
106000467,459,459,0
106000468,12,114,-102
106000469,215,7,208
106000470,156,827,-671
106000471,17,564,-547
106000472,51,11,40
106000473,31,22,9
106000474,298,846,-548
106000475,214,179,35
106000476,182,109,73
106000477,44,136,-92
106000480,0,41,-41
106900001,0,9,-9
106900002,2,492,-490
106900003,63,306,-243
106900004,0,38,-38
106900006,0,20,-20
106900007,0,11,-11
106900008,60,166,-106
106900009,120,415,-295
106900010,74,308,-234
106900012,1383,395,988
106900013,24,10,14
106900014,23,2,21
106900015,6,2,4
106900016,86,1,85
106900017,2,0,2
106900018,1,0,1
106900019,22,0,22
106900020,2102,306,1796
106900021,35,91,-56
106900022,131,0,131
106900023,7,225,-218
106900024,97,2,95
106900025,11,355,-344
106900026,2,811,-809
106900027,263,5,258
106900028,10,112,-102
106900029,48,8,40
106900030,17,50,-33
107000001,2201,1131,1070
107000002,4416,2380,2036
107000003,2109,3090,-981
107000004,3192,4218,-1026
107000005,1215,2313,-1098
107000006,2190,5157,-2967
107000007,2673,3139,-466
107000008,13608,7670,5938
107000009,2702,2770,-68
107000010,7173,7918,-745
107000011,1320,897,423
107000012,3302,2855,447
107000013,33,126,-93
107000014,16,280,-264
107000015,255,770,-515
107000016,228,1154,-926
107000017,1173,522,651
107000018,5,148,-143
107000020,533,206,327
107000021,452,585,-133
107000022,299,995,-696
107000023,636,240,396
107000024,201,1474,-1273
107000025,69,232,-163
107000026,98,534,-436
107000027,528,556,-28
107000028,754,1278,-524
107000029,901,1010,-109
107000030,2295,2644,-349
107000031,1324,1071,253
107000032,231,667,-436
107000033,2803,2437,366
107000034,3849,1457,2392
107000035,164,115,49
107000036,274,686,-412
107000037,30,490,-460
107000038,177,176,1
107000039,336,352,-16
107000040,79,210,-131
107000041,950,426,524
107000042,559,1197,-638
107000043,2267,607,1660
107000044,561,224,337
107000045,82,229,-147
107000046,235,210,25
107000047,202,710,-508
107000048,310,232,78
107000049,355,638,-283
107000050,494,424,70
107000051,436,183,253
107000052,659,547,112
107000053,172,143,29
107000054,47,195,-148
107000055,211,116,95
107000056,344,505,-161
107000057,1872,158,1714
107000058,1371,1624,-253
107000059,1538,2183,-645
107000060,1898,3276,-1378
107000061,3741,2863,878
107000062,1637,1940,-303
107000063,2727,4844,-2117
107000064,1397,1287,110
107000065,2065,4486,-2421
107000066,699,1072,-373
107000067,345,546,-201
107000068,841,370,471
107000069,323,271,52
107000070,208,3,205
107000071,894,8,886
107000072,46,3376,-3330
107000073,228,104,124
107000074,86,694,-608
107000075,573,182,391
107000076,630,1258,-628
107000077,1401,491,910
107000078,1450,2324,-874
107000079,965,351,614
107000080,905,2544,-1639
107000081,561,357,204
107000082,360,2287,-1927
107000083,402,172,230
107000084,300,1863,-1563
107000085,1717,2082,-365
107000086,2448,1878,570
107000087,1562,1224,338
107000088,1927,2139,-212
107000089,889,1173,-284
107000090,601,730,-129
107000091,505,681,-176
107000092,392,942,-550
107000093,545,597,-52
107000094,487,1113,-626
107000095,254,486,-232
107000096,384,817,-433
107000097,300,236,64
107000098,268,740,-472
107000099,253,129,124
107000100,199,268,-69
107000101,27,93,-66
107000102,290,285,5
107000103,207,132,75
107000104,199,249,-50
107000105,202,128,74
107000106,96,236,-140
107000107,244,133,111
107000108,74,703,-629
107000109,181,137,44
107000110,42,570,-528
107000111,155,39,116
107000112,20,611,-591
107000113,240,77,163
107000114,71,997,-926
107000115,210,67,143
107000116,77,988,-911
107000117,56,187,-131
107000118,150,247,-97
107000119,1448,785,663
107000120,2955,249,2706
107000121,343,633,-290
107000122,859,666,193
107000123,169,730,-561
107000124,272,670,-398
107000125,286,740,-454
107000126,338,991,-653
107000129,113,1136,-1023
107000130,230,268,-38
107000131,205,973,-768
107000132,243,232,11
107000133,446,107,339
107000134,161,1,160
107000135,8,128,-120
107000136,583,2,581
107000137,7,287,-280
107000138,220,12,208
107000139,5,197,-192
107000140,392,27,365
107000141,67,715,-648
107000142,146,24,122
107000143,30,702,-672
107000144,142,267,-125
107000145,95,430,-335
107000146,74,152,-78
107000147,3638,788,2850
107000150,611,917,-306
107000151,36,30,6
107000152,526,299,227
107000153,414,495,-81
107000154,224,94,130
107000155,215,8,207
107000156,386,10,376
107000157,11,2095,-2084
107000158,227,13,214
107000159,36,1313,-1277
107000160,315,72,243
107000161,46,1755,-1709
107000162,92,151,-59
107000163,4,1,3
107000164,104,2,102
107000165,205,2,203
107000166,56,1402,-1346
107000167,156,223,-67
107000168,306,198,108
107000169,837,791,46
107000170,469,303,166
107000171,297,2492,-2195
107000172,368,425,-57
107000173,566,1049,-483
107000174,540,1039,-499
107000175,9046,1200,7846
107000176,0,0,0
107000177,0,0,0
107000178,18,74,-56
107000179,127,2917,-2790
107000180,569,281,288
107000181,214,1409,-1195
107000182,625,738,-113
107000183,84,860,-776
107000184,351,652,-301
107000185,190,1099,-909
107000186,326,224,102
107000187,598,980,-382
107000188,284,308,-24
107000189,205,633,-428
107000190,267,595,-328
107000191,482,941,-459
107000192,792,814,-22
107000193,238,212,26
107000194,621,550,71
107000197,420,150,270
107000198,210,793,-583
107000199,251,481,-230
107000200,749,366,383
107000201,198,173,25
107000202,142,309,-167
107000203,430,236,194
107000204,456,285,171
107000205,1636,607,1029
107000206,375,360,15
107000207,547,555,-8
107000208,745,163,582
107000209,1699,272,1427
107000210,1112,158,954
107000211,1,12,-11
107000212,3,104,-101
107000213,5,30,-25
107000214,7,52,-45
107000215,122,428,-306
107000216,86,380,-294
107000217,39,121,-82
107000219,29,67,-38
107000220,27,231,-204
107000222,190,396,-206
107000224,150,17,133
107000225,89,522,-433
107000226,120,66,54
107000227,41,351,-310
107000228,56,77,-21
107000229,227,52,175
107000230,654,440,214
107000231,1950,369,1581
107000232,74,63,11
107000233,1516,432,1084
107000234,0,10,-10
107000235,21,2,19
107000236,12,190,-178
107000237,1,2,-1
107000238,4,0,4
107000239,4462,310,4152
107000240,40,1122,-1082
107000243,0,29,-29
107000244,7,69,-62
107000246,1,1009,-1008
107000249,3,980,-977
107000251,1,258,-257
107000252,3,1235,-1232
107000255,609,31,578
107000257,3,590,-587
107000258,1,109,-108
107000259,0,195,-195
107000260,115,1,114
107000262,0,779,-779
107000263,73,0,73
107000266,0,1,-1
107000267,59,148,-89
107000268,108,158,-50
107000269,72,17,55
107000270,1,13,-12
107000271,7,1016,-1009
107000272,9,241,-232
107000273,2,213,-211
107000274,289,8,281
107000275,147,618,-471
107000280,216,9,207
107000281,10,1065,-1055
107000282,24,1222,-1198
107000290,0,38,-38
107000291,8,3,5
107000292,0,20,-20
107000293,13,2,11
107000294,0,40,-40
107000295,7,0,7
107000296,0,16,-16
107000444,92,0,92
107000496,1,11,-10
107000497,894,2614,-1720
107000500,175,317,-142
107000501,40,176,-136
107000502,166,383,-217
107000505,481,599,-118
107000506,0,24,-24
107000508,3,700,-697
107000509,127,414,-287
107000510,11,13,-2
107000514,10,162,-152
107000515,9,301,-292
107000516,84,84,0
107000518,464,315,149
107000519,3775,957,2818
107000520,30,4,26
107000521,260,401,-141
107000522,281,779,-498
107900001,7,232,-225
107900002,23,2,21
107900003,88,50,38
107900004,0,0,0
107900005,238,1,237
107900006,12,0,12
107900007,73,7,66
107900008,31,46,-15
107900009,29,6,23
107900010,4,1,3
107900012,93,20,73
107900013,143,35,108
107900014,3,0,3
107900015,152,4,148
107900016,408,65,343
107900017,1,3,-2
107900018,16,20,-4
107900019,4,82,-78
107900020,17,7,10
107900021,12,131,-119
107900023,0,0,0
107900024,2,12,-10
107900025,154,260,-106
107900026,20,112,-92
107900027,4,20,-16
107900028,21,59,-38
107900030,79,7,72
107900031,20,204,-184
107900032,1,0,1
107900033,3,5,-2
107900034,114,4,110
107900035,229,7,222
107900036,11,7,4
107900037,2,38,-36
107900038,113,56,57
107900039,2,58,-56
107900040,11,30,-19
107900041,1,1,0
107900043,23,170,-147
107900044,1,0,1
107900045,33,13,20
107900046,48,36,12
107900047,8,63,-55
107900048,47,8,39
107900049,190,169,21
107900050,68,287,-219
107900051,29,76,-47
107900052,7,1,6
107900053,6,70,-64
107900055,216,172,44
107900056,55,7,48
107900057,1,0,1
107900058,19,622,-603
107900060,3,24,-21
107900061,5,3,2
107900063,42,120,-78
107900064,121,20,101
107900065,46,1,45
107900066,0,5,-5
107900067,0,0,0
107900068,66,135,-69
107900069,22,484,-462
107900070,39,6,33
107900071,20,810,-790
107900072,23,180,-157
107900073,27,79,-52
107900074,847,66,781
107900076,52,56,-4
107900077,9,0,9
107900079,4,10,-6
107900080,51,97,-46
107900081,8,45,-37
107900082,14,13,1
107900083,118,43,75
107900084,34,56,-22
107900086,47,62,-15
107900087,277,41,236
107900088,2,1,1
107900089,198,540,-342
107900090,238,461,-223
107900091,76,444,-368
107900093,24,44,-20
107900095,2125,597,1528
107900097,8,11,-3
107900098,28,87,-59
107900100,889,274,615
107900101,917,112,805
107900102,3,2,1
107900103,15,145,-130
107900104,63,2,61
107900105,0,509,-509
107900106,7,1292,-1285
107900107,623,115,508
107900108,184,52,132
107900109,280,2,278
107900110,5,105,-100
107900111,13,1034,-1021
107900112,24,127,-103
107900113,25,107,-82
107900114,45,222,-177
107900115,0,34,-34
107900116,23,222,-199
107900117,144,397,-253
107900118,46,89,-43
107900119,39,53,-14
107900120,7,4,3
107900121,1,70,-69
107900122,0,47,-47
107900123,1,21,-20
107900124,5,22,-17
107900125,9,147,-138
107900126,0,21,-21
107900127,224,68,156
107900128,68,35,33
107900129,14,56,-42
107900130,16,18,-2
107900131,487,28,459
107900132,78,366,-288
107900133,0,45,-45
107900134,11,9,2
107900135,1,163,-162
107900136,33,12,21
107900137,51,43,8
107900138,13,13,0
107900139,5,23,-18
107900141,21,38,-17
107900142,50,1032,-982
107900143,18,17,1
107900144,1,135,-134
107900145,4,53,-49
107900146,27,90,-63
107900147,15,6,9
107900148,89,108,-19
107900149,1320,224,1096
107900150,67,703,-636
107900151,4,60,-56
107900152,11,134,-123
107900153,83,131,-48
107900154,25,6,19
107900155,11,11,0
107900156,0,453,-453
107900157,22,46,-24
107900158,140,12,128
107900159,27,758,-731
107900160,22,157,-135
107900161,4,279,-275
107900162,0,16,-16
107900163,24,18,6
107900164,1,18,-17
107900165,32,46,-14
107900166,4,278,-274
107900167,7,1,6
107900168,10,42,-32
107900169,0,161,-161
107900171,20,1786,-1766
107900172,2,256,-254
107900173,7,173,-166
107900174,26,4,22
107900175,1,2,-1
107900176,4,28,-24
107900177,0,21,-21
107900178,0,183,-183
107900179,5,134,-129
107900180,792,124,668
107900181,172,469,-297
107900182,2,1464,-1462
107900183,10,323,-313
107900184,23,248,-225
107900185,36,3,33
107900186,8,21,-13
107900187,0,92,-92
107900188,583,53,530
107900189,2,95,-93
107900190,81,25,56
107900191,18,107,-89
107900193,17,12,5
107900194,71,2,69
107900195,3404,279,3125
107900196,18,53,-35
107900197,680,107,573
107900199,5,918,-913
107900201,24,104,-80
107900203,32,52,-20
107900204,154,171,-17
107900206,163,78,85
107900207,3,633,-630
107900208,4,754,-750
107900209,229,59,170
107900210,52,87,-35
107900213,169,243,-74
107900214,6,157,-151
107900215,155,181,-26
107900216,49,31,18
107900217,5,38,-33
107900218,8,1302,-1294
107900219,15,141,-126
107900220,100,60,40
107900221,141,183,-42
107900223,37,524,-487
107900224,128,228,-100
107900225,2,724,-722
107900226,39,87,-48
107900227,56,379,-323
107900228,14,84,-70
107900229,3,294,-291
107900230,9,141,-132
107900231,1,174,-173
107900232,16,193,-177
107900233,1,103,-102
107900234,52,131,-79
107900235,24,65,-41
107900236,24,71,-47
107900237,90,389,-299
107900238,11,82,-71
107900239,1205,293,912
107900240,1,113,-112
107900241,14,74,-60
107900242,5,362,-357
107900243,1,28,-27
107900244,81,1,80
107900245,123,13,110
107900246,34,0,34
107900248,55,198,-143
107900249,158,4,154
107900250,1,455,-454
107900251,49,1092,-1043
107900252,269,6,263
107900253,41,0,41
107900254,33,81,-48
107900255,273,29,244
107900256,182,301,-119
107900257,64,21,43
107900258,67,150,-83
107900259,55,412,-357
107900261,1,355,-354
107900262,33,83,-50
107900264,80,0,80
107900265,44,158,-114
107900267,46,15,31
107900268,27,7,20
107900269,0,4,-4
107900270,0,0,0
107900271,0,4,-4
107900272,77,3,74
107900273,21,49,-28
107900274,25,0,25
107900275,8,0,8
107900276,2,37,-35
107900277,1,199,-198
107900278,92,262,-170
107900279,129,65,64
107900280,1364,629,735
107900281,2830,582,2248
107900282,39,106,-67
107900283,884,245,639
107900284,108,705,-597
107900285,17,122,-105
107900286,51,44,7
107900287,73,104,-31
107900290,1,42,-41
107900291,228,6,222
107900292,44,258,-214
107900293,28,552,-524
107900295,17,103,-86
107900297,1,202,-201
107900298,516,805,-289
107900299,3553,878,2675
107900301,214,135,79
107900302,39,8,31
107900303,35,293,-258
107900304,72,449,-377
107900305,58,6,52
107900306,7,4,3
107900307,31,241,-210
107900308,140,25,115
107900309,4,0,4
107900310,0,0,0
107900311,128,92,36
107900312,1,0,1
107900313,0,44,-44
107900314,1,48,-47
107900315,1,31,-30
107900316,7,0,7
107900317,19,1,18
107900318,1,116,-115
107900319,1,170,-169
107900320,0,144,-144
107900321,18,1,17
107900322,1,171,-170
107900323,7,102,-95
107900324,64,0,64
107900325,14,0,14
107900326,55,330,-275
107900327,0,0,0
107900328,0,0,0
107900329,0,0,0
107900330,5,510,-505
107900331,47,20,27
107900332,47,29,18
107900333,32,4,28
107900334,2,282,-280
107900335,38,54,-16
107900336,4,13,-9
107900337,1169,240,929
107900338,0,104,-104
107900339,2,33,-31
107900340,0,44,-44
107900341,15,1,14
107900342,30,44,-14
107900343,21,0,21
107900344,9,214,-205
107900345,60,13,47
107900346,10,1,9
107900347,12,1,11
107900348,3,1,2
107900349,4,5,-1
107900350,45,221,-176
107900351,0,189,-189
107900352,2,50,-48
107900353,1,1,0
107900354,10,108,-98
108000001,1700,1740,-40
108000002,1943,2561,-618
108000003,1910,1141,769
108000004,13102,10656,2446
108000005,3440,2001,1439
108000006,4412,4555,-143
108000007,2406,2141,265
108000008,3320,4339,-1019
108000009,1419,1821,-402
108000010,1631,3879,-2248
108000011,7322,4731,2591
108000012,16302,10985,5317
108000014,456,281,175
108000015,216,213,3
108000016,121,564,-443
108000017,327,168,159
108000018,608,220,388
108000019,739,319,420
108000020,672,240,432
108000021,375,1260,-885
108000022,393,1125,-732
108000023,522,93,429
108000024,129,569,-440
108000025,111,152,-41
108000026,198,540,-342
108000027,301,614,-313
108000028,154,232,-78
108000029,158,904,-746
108000030,198,163,35
108000031,101,466,-365
108000032,543,256,287
108000033,417,1081,-664
108000034,697,245,452
108000035,657,2071,-1414
108000036,200,1239,-1039
108000037,635,193,442
108000038,952,239,713
108000039,380,2430,-2050
108000040,652,336,316
108000041,488,2294,-1806
108000042,52,213,-161
108000043,76,272,-196
108000044,130,158,-28
108000045,91,632,-541
108000046,551,136,415
108000047,239,922,-683
108000048,112,403,-291
108000049,210,145,65
108000050,115,710,-595
108000051,90,46,44
108000052,219,678,-459
108000053,182,83,99
108000054,320,701,-381
108000055,469,190,279
108000056,976,751,225
108000057,309,368,-59
108000058,1516,1280,236
108000059,3311,1320,1991
108000060,104,232,-128
108000061,288,537,-249
108000062,270,249,21
108000063,264,523,-259
108000064,62,154,-92
108000065,300,419,-119
108000066,1105,527,578
108000067,724,241,483
108000068,333,243,90
108000069,124,924,-800
108000070,642,410,232
108000071,416,1601,-1185
108000072,747,567,180
108000073,1105,1593,-488
108000074,139,215,-76
108000075,276,629,-353
108000076,331,258,73
108000077,412,624,-212
108000078,1114,830,284
108000079,836,1552,-716
108000080,399,344,55
108000081,308,2120,-1812
108000082,662,1204,-542
108000083,873,417,456
108000084,271,1080,-809
108000085,247,227,20
108000086,670,632,38
108000087,78,690,-612
108000088,278,119,159
108000089,133,158,-25
108000091,49,489,-440
108000092,25,85,-60
108000093,45,793,-748
108000094,283,92,191
108000095,76,470,-394
108000096,92,129,-37
108000097,71,552,-481
108000098,452,1125,-673
108000099,365,215,150
108000100,50,247,-197
108000101,394,504,-110
108000102,933,1183,-250
108000106,483,1,482
108000107,2,561,-559
108000108,234,18,216
108000109,2,693,-691
108000110,108,152,-44
108000111,76,620,-544
108000112,26,59,-33
108000113,410,254,156
108000115,456,350,106
108000117,541,168,373
108000118,293,457,-164
108000119,592,364,228
108000120,78,318,-240
108000121,152,511,-359
108000122,184,245,-61
108000123,263,254,9
108000124,80,391,-311
108000125,121,354,-233
108000126,39,508,-469
108000127,119,330,-211
108000128,186,712,-526
108000129,105,1389,-1284
108000130,90,259,-169
108000131,367,137,230
108000132,1279,1024,255
108000133,460,277,183
108000134,556,623,-67
108000135,371,241,130
108000136,726,889,-163
108000137,86,303,-217
108000138,154,907,-753
108000139,90,312,-222
108000140,27,9,18
108000141,7,166,-159
108000142,27,121,-94
108000143,9,703,-694
108000144,91,73,18
108000145,12,36,-24
108000146,177,47,130
108000147,4,71,-67
108000148,135,24,111
108000149,19,25,-6
108000150,11,1,10
108000151,135,68,67
108000152,50,533,-483
108000153,79,72,7
108000154,42,22,20
108000155,23,3,20
108000156,667,427,240
108000157,93,261,-168
108000158,57,252,-195
108000159,562,98,464
108000160,4727,402,4325
108000161,3328,551,2777
108000165,2,58,-56
108000172,1,123,-122
108000173,2321,660,1661
108000175,100,72,28
108000178,238,260,-22
108000179,163,291,-128
108000181,49,17,32
108000182,335,64,271
108000183,34,298,-264
108000184,931,810,121
108000185,30,517,-487
108000186,79,570,-491
108000187,34,616,-582
108000188,144,176,-32
108000189,1888,1756,132
108000190,18,81,-63
108000192,73,663,-590
108000193,360,28,332
108000194,11,10,1
108000195,0,1060,-1060
108000196,60,131,-71
108000198,312,412,-100
108000199,2,88,-86
108000200,88,661,-573
108000203,25,798,-773
108000204,40,14,26
108000205,277,436,-159
108000339,1175,177,998
108000364,402,380,22
108000365,31,293,-262
108000367,56,275,-219
108000368,4,57,-53
108000369,1469,90,1379
108000371,6,581,-575
108000372,271,2,269
108000373,60,128,-68
108000376,51,15,36
108000377,175,283,-108
108000378,6326,4307,2019
108000379,34,119,-85
108000381,18,10,8
108000382,57,1,56
108000383,0,91,-91
108900001,60,993,-933
108900002,106,36,70
108900003,377,1055,-678
108900004,205,142,63
108900007,82,111,-29
108900008,18,110,-92
108900009,12,98,-86
108900010,38,111,-73
108900011,100,249,-149
108900012,101,329,-228
108900013,50,196,-146
108900014,4,47,-43
108900015,0,16,-16
108900016,1,161,-160
108900017,88,113,-25
108900018,35,523,-488
108900019,2,1242,-1240
108900020,13,278,-265
108900021,60,255,-195
108900022,12,0,12
108900023,4,20,-16
108900024,16,135,-119
108900025,26,95,-69
108900026,5,52,-47
108900027,0,58,-58
108900028,6,370,-364
108900029,16,160,-144
108900030,0,76,-76
108900031,28,577,-549
108900032,4,233,-229
108900033,3,60,-57
108900034,2,254,-252
108900035,66,1595,-1529
108900038,2,334,-332
108900039,1,510,-509
108900040,1,94,-93
108900041,4540,1010,3530
108900042,4,207,-203
108900043,10,414,-404
108900044,0,608,-608
108900045,21,575,-554
108900046,18,939,-921
108900047,6,81,-75
108900048,33,900,-867
108900049,4761,333,4428
108900050,0,303,-303
108900051,0,185,-185
108900052,24,252,-228
108900053,76,43,33
108900054,20,199,-179
108900055,44,368,-324
108900056,0,146,-146
108900057,1,135,-134
108900058,8,384,-376
108900059,70,2,68
108900060,20,70,-50
108900061,24,12,12
108900062,4,301,-297
108900063,4,346,-342
108900064,33,32,1
108900065,5,317,-312
108900066,76,61,15
108900067,9,212,-203
108900068,24,304,-280
108900069,17,119,-102
108900070,18,155,-137
108900071,20,44,-24
108900072,1860,164,1696
108900073,17,463,-446
108900074,25,463,-438
108900075,35,55,-20
108900076,61,51,10
108900077,149,525,-376
108900078,6,144,-138
108900079,578,140,438
108900080,10,145,-135
108900081,43,190,-147
108900082,14,94,-80
108900083,9,60,-51
108900085,1933,99,1834
108900086,18,329,-311
108900087,120,160,-40
108900088,387,147,240
108900089,7,57,-50
108900090,4,416,-412
108900091,104,99,5
108900092,196,162,34
108900093,58,36,22
108900094,148,59,89
108900095,43,571,-528
108900096,426,14,412
108900097,130,173,-43
108900098,2573,216,2357
108900099,134,290,-156
108900100,68,96,-28
108900101,58,27,31
108900102,105,234,-129
108900103,12,30,-18
108900105,3,343,-340
108900106,92,483,-391
108900108,67,28,39
108900109,108,21,87
108900110,49,502,-453
108900111,99,633,-534
108900113,14,20,-6
108900114,21,8,13
108900115,20,35,-15
108900116,14,8,6
108900117,33,13,20
108900118,120,1,119
108900119,47,30,17
108900120,80,50,30
108900121,106,12,94
108900122,40,13,27
108900123,39,33,6
108900124,146,60,86
108900125,76,2,74
108900126,32,1,31
108900127,26,33,-7
108900128,31,10,21
108900129,234,45,189
108900130,58,0,58
108900131,107,2,105
108900132,95,29,66
108900133,53,23,30
108900134,68,250,-182
108900135,29,2,27
108900136,2,0,2
108900137,28,1,27
108900138,126,8,118
108900140,52,196,-144
108900141,119,7,112
108900142,22,0,22
108900143,5,0,5
108900144,10,0,10
108900145,41,2,39
108900146,20,0,20
108900147,43,0,43
108900148,40,28,12
108900150,93,3,90
108900151,14,1,13
108900152,7,1,6
108900153,33,428,-395
108900154,1687,210,1477
108900156,19,3,16
108900157,4,605,-601
108900158,54,18,36
108900159,4,293,-289
108900160,3,234,-231
108900161,5,389,-384
108900162,12,0,12
108900163,2,108,-106
108900164,26,66,-40
108900168,8589,940,7649
108900169,20,103,-83
108900171,7341,998,6343
108900172,76,19,57
108900173,131,236,-105
108900174,125,335,-210
108900176,84,624,-540
108900177,7735,1206,6529
108900178,4204,957,3247
108900180,47,117,-70
108900183,82,146,-64
108900184,89,88,1
108900185,21,202,-181
108900186,12,254,-242
108900189,79,111,-32
108900190,156,2583,-2427
108900192,42,212,-170
108900195,30,341,-311
108900196,11,552,-541
108900199,59,238,-179
108900200,130,213,-83
108900201,163,946,-783
108900203,216,11,205
108900204,142,1,141
108900205,77,1,76
108900206,89,15,74
108900207,44,19,25
108900208,20,261,-241
108900209,200,513,-313
108900210,73,108,-35
108900211,54,137,-83
108900212,679,353,326
108900215,89,682,-593
108900216,228,35,193
108900217,21,0,21
108900218,40,3,37
108900221,34,52,-18
108900224,23,82,-59
108900225,1,141,-140
108900227,52,63,-11
108900230,304,267,37
108900232,3,354,-351
108900233,101,17,84
108900234,124,34,90
108900235,117,478,-361
108900236,21,276,-255
108900240,23,61,-38
108900241,4,10,-6
108900245,5,237,-232
108900250,29,62,-33
108900258,12,249,-237
108900259,11,43,-32
108900260,0,69,-69
108900261,123,110,13
108900262,251,88,163
108900263,60,171,-111
108900264,325,152,173
108900265,987,110,877
108900266,982,112,870
108900267,0,29,-29
108900268,3,0,3
108900269,13,3,10
108900270,15,2,13
108900271,9,2,7
108900272,42,3,39
108900273,645,212,433
108900274,13,37,-24
109000001,2297,727,1570
109000002,2693,1017,1676
109000003,1252,464,788
109000004,379,2123,-1744
109000005,967,594,373
109000006,487,1782,-1295
109000007,637,467,170
109000008,306,1567,-1261
109000009,1672,733,939
109000010,1144,3075,-1931
109000011,1269,881,388
109000012,1236,3493,-2257
109000013,1391,1131,260
109000014,876,3067,-2191
109000015,3240,3020,220
109000016,8779,3438,5341
109000017,883,664,219
109000018,553,2874,-2321
109000019,1342,739,603
109000020,1060,1872,-812
109000023,145,17,128
109000024,5,104,-99
109000025,258,299,-41
109000026,580,241,339
109000027,42,208,-166
109000028,103,58,45
109000029,77,91,-14
109000030,65,448,-383
109000031,67,72,-5
109000032,37,462,-425
109000033,108,62,46
109000034,31,30,1
109000035,17,19,-2
109000036,38,277,-239
109000037,86,515,-429
109000038,359,247,112
109000039,434,179,255
109000040,2775,1415,1360
109000041,5098,798,4300
109000042,588,630,-42
109000044,146,159,-13
109000045,106,450,-344
109000046,130,57,73
109000047,65,317,-252
109000048,679,275,404
109000049,173,337,-164
109000050,338,422,-84
109000051,161,211,-50
109000052,242,1697,-1455
109000053,374,164,210
109000054,59,613,-554
109000055,60,105,-45
109000056,94,450,-356
109000057,178,181,-3
109000058,982,343,639
109000059,486,547,-61
109000060,471,141,330
109000061,1253,336,917
109000062,74,83,-9
109000063,130,157,-27
109000064,33,83,-50
109000065,49,299,-250
109000066,124,111,13
109000067,8,301,-293
109000068,290,10,280
109000069,420,17,403
109000070,3,622,-619
109000071,135,60,75
109000072,76,537,-461
109000073,17,48,-31
109000074,21,225,-204
109000075,42,361,-319
109000076,86,112,-26
109000077,290,256,34
109000078,30,109,-79
109000079,110,205,-95
109000080,41,102,-61
109000081,41,548,-507
109000082,187,217,-30
109000083,103,788,-685
109000088,99,412,-313
109000089,140,11,129
109000090,109,384,-275
109000091,110,43,67
109000092,340,559,-219
109000093,138,118,20
109000094,82,2,80
109000095,67,561,-494
109000096,247,118,129
109000097,70,78,-8
109000098,44,34,10
109000099,280,201,79
109000100,98,423,-325
109000101,396,535,-139
109000102,143,670,-527
109000103,262,507,-245
109000104,499,405,94
109000105,197,1276,-1079
109000106,674,409,265
109000107,291,1598,-1307
109000108,740,245,495
109000109,236,1598,-1362
109000110,544,251,293
109000111,618,1733,-1115
109000112,199,104,95
109000113,89,79,10
109000114,70,316,-246
109000115,687,70,617
109000116,5,373,-368
109000117,56,87,-31
109000118,9,266,-257
109000119,233,355,-122
109000120,66,1109,-1043
109000121,139,113,26
109000122,72,1071,-999
109000123,16,254,-238
109000124,151,301,-150
109000125,254,286,-32
109000126,218,855,-637
109000127,381,210,171
109000128,217,2160,-1943
109000129,579,279,300
109000130,806,3223,-2417
109000131,586,302,284
109000132,819,2458,-1639
109000133,181,918,-737
109000134,399,1139,-740
109000135,661,942,-281
109000136,159,369,-210
109000137,101,216,-115
109000138,181,393,-212
109000139,140,368,-228
109000140,87,854,-767
109000141,204,420,-216
109000142,113,454,-341
109000143,42,44,-2
109000145,52,114,-62
109000146,55,55,0
109000148,3255,416,2839
109000149,8,11,-3
109000150,86,108,-22
109000155,185,413,-228
109000156,746,746,0
109000158,31,185,-154
109000159,34,508,-474
109000160,308,186,122
109000161,132,1171,-1039
109000162,847,800,47
109000163,356,1240,-884
109000164,566,2095,-1529
109000165,558,500,58
109000166,223,89,134
109000167,49,822,-773
109000170,38,40,-2
109000171,34,38,-4
109000172,43,50,-7
109000173,8,28,-20
109000174,21,42,-21
109000175,46,377,-331
109000176,103,251,-148
109000177,4,93,-89
109000178,266,418,-152
109000179,5992,1192,4800
109000180,3436,1469,1967
109000181,6,20,-14
109000182,5,41,-36
109000183,13,22,-9
109000184,13,20,-7
109000185,15,50,-35
109000188,226,2331,-2105
109000189,931,633,298
109000190,179,455,-276
109000191,111,624,-513
109000192,102,158,-56
109000193,89,392,-303
109000194,47,101,-54
109000195,58,408,-350
109000196,78,74,4
109000197,67,439,-372
109000198,120,28,92
109000199,42,450,-408
109000206,124,13,111
109000207,58,29,29
109000208,66,62,4
109000209,122,70,52
109000210,165,388,-223
109000211,131,230,-99
109000214,165,1431,-1266
109000215,65,50,15
109000216,108,79,29
109000217,80,29,51
109000218,104,51,53
109000221,167,1043,-876
109000222,482,81,401
109000223,108,123,-15
109000224,16,332,-316
109000225,18,31,-13
109000226,26,296,-270
109000227,404,1252,-848
109000228,1,222,-221
109000231,2,457,-455
109000232,90,351,-261
109000236,124,655,-531
109000241,1013,1570,-557
109000242,796,1017,-221
109000293,38,147,-109
109000361,71,218,-147
109000364,101,490,-389
109000396,5,799,-794
109000397,188,4,184
109000399,86,440,-354
109000400,25,289,-264
109000403,28,227,-199
109000406,191,11,180
109000407,100,226,-126
109000408,0,702,-702
109000410,321,106,215
109000411,55,15,40
109000412,1,119,-118
109900001,25,0,25
109900002,278,5,273
109900003,71,0,71
109900005,5,2,3
109900006,89,224,-135
109900007,186,901,-715
109900008,0,18,-18
109900009,52,685,-633
109900010,114,10,104
109900011,15,18,-3
109900012,44,76,-32
109900013,133,36,97
109900014,88,31,57
109900015,93,48,45
109900016,27,33,-6
109900017,48,43,5
109900018,46,114,-68
109900019,40,78,-38
109900020,2,6,-4
109900021,1,4,-3
109900022,47,280,-233
109900023,2,1,1
109900024,4,0,4
109900025,1,29,-28
109900027,20,5,15
109900028,2146,285,1861
109900029,2,549,-547
109900030,2,0,2
109900031,2,48,-46
109900032,3,243,-240
109900033,2,471,-469
109900034,3,0,3
109900035,3,16,-13
109900036,4,80,-76
109900037,5,530,-525
109900038,21,141,-120
109900039,1,0,1
109900040,8,609,-601
109900041,29,456,-427
109900042,2,399,-397
109900044,46,300,-254
109900045,29,5,24
109900046,39,54,-15
109900047,192,287,-95
109900048,0,47,-47
109900049,0,18,-18
109900050,1,337,-336
109900051,0,53,-53
109900052,32,214,-182
109900053,3,591,-588
109900054,177,69,108
109900055,26,191,-165
109900056,23,56,-33
109900057,6,265,-259
109900058,0,101,-101
109900060,191,149,42
109900061,51,230,-179
109900062,0,276,-276
109900064,157,213,-56
109900065,79,78,1
109900066,188,917,-729
109900067,0,417,-417
109900068,6,3,3
109900069,2,31,-29
109900071,0,20,-20
109900072,6,61,-55
109900073,55,694,-639
109900074,6,34,-28
109900075,12,18,-6
109900076,16,487,-471
109900077,19,21,-2
109900078,57,247,-190
109900080,74,261,-187
109900081,9,51,-42
109900082,20,448,-428
109900083,1,34,-33
109900084,13,142,-129
109900085,101,989,-888
109900086,48,140,-92
109900087,76,194,-118
109900089,184,56,128
109900092,115,3,112
109900093,206,53,153
109900094,11,77,-66
109900095,67,210,-143
109900096,8,1,7
109900097,30,1,29
109900098,114,12,102
109900099,72,0,72
109900100,13,1,12
109900101,118,3,115
109900102,163,20,143
109900103,2,16,-14
109900104,156,1131,-975
109900105,127,10,117
109900106,64,48,16
109900107,105,50,55
109900108,34,408,-374
109900109,18,248,-230
109900111,192,1058,-866
109900114,229,142,87
109900115,71,75,-4
109900117,221,67,154
109900121,195,73,122
109900123,2,125,-123
109900125,1,178,-177
109900126,36,182,-146
109900130,10368,712,9656
109900131,67,90,-23
109900132,22,131,-109
109900134,12,26,-14
109900135,368,47,321
109900137,35,326,-291
109900140,67,313,-246
109900149,19,34,-15
109900150,0,35,-35
109900151,1,37,-36
109900152,0,34,-34
109900153,1,41,-40
109900154,3,0,3
109900155,12,2,10
109900157,26,264,-238
109900159,53,17,36
109900161,63,42,21
109900162,84,40,44
109900163,490,169,321
109900164,13,204,-191
109900165,58,1,57
109900166,0,113,-113
109900167,86,436,-350
109900168,77,435,-358
109900169,36,102,-66
109900170,137,299,-162
109900171,34,54,-20
109900172,47,100,-53
109900173,3142,683,2459
109900174,33,128,-95
109900175,7,56,-49
109900176,66,165,-99
109900177,19,257,-238
109900178,2,91,-89
109900179,4,27,-23
109900180,0,12,-12
110000001,500,370,130
110000002,369,305,64
110000003,491,480,11
110000004,383,290,93
110000005,490,667,-177
110000006,505,232,273
110000007,40,138,-98
110000008,18,17,1
110000009,20,47,-27
110000010,25,44,-19
110000011,6,72,-66
110000012,490,270,220
110000013,25,180,-155
110000014,594,291,303
110000015,207,343,-136
110000016,180,476,-296
110000017,3330,192,3138
110000018,3150,380,2770
110000019,3,114,-111
110000020,342,164,178
110000021,298,168,130
110000022,315,44,271
110000023,5,124,-119
110000024,408,285,123
110000025,56,0,56
110000026,1,458,-457
110000027,282,143,139
110000028,399,447,-48
110000029,338,716,-378
110000030,139,236,-97
110000031,130,418,-288
110000032,368,314,54
110000033,77,74,3
110000034,108,579,-471
110000035,148,924,-776
110000036,206,509,-303
110000037,52,504,-452
110000038,99,354,-255
110000039,448,826,-378
110000040,198,441,-243
110000041,94,453,-359
110000042,79,244,-165
110000043,230,148,82
110000044,38,52,-14
110000045,143,57,86
110000046,6,6,0
110000047,6,9,-3
110000048,3,6,-3
110000049,22,4,18
110000050,10,4,6
110000051,63,6,57
110000052,28,38,-10
110000053,51,2,49
110000054,60,112,-52
110000055,73,6,67
110000056,101,34,67
110000057,201,668,-467
110000058,338,383,-45
110000059,339,419,-80
110000060,365,525,-160
110000061,632,647,-15
110000062,469,464,5
110000063,24,50,-26
110000064,33,90,-57
110000065,24,62,-38
110000066,31,21,10
110000067,30,249,-219
110000068,72,495,-423
110000069,44,76,-32
110000071,38,102,-64
110000073,2,10,-8
110000075,3,46,-43
110000076,181,85,96
110000077,300,226,74
110000078,4,32,-28
110000080,165,427,-262
110000081,10,177,-167
110000082,52,135,-83
110000083,123,493,-370
110000084,446,253,193
110000085,2653,944,1709
110000086,906,436,470
110000087,1,43,-42
110000088,16,159,-143
110000089,139,169,-30
110000090,44,264,-220
110000091,1477,212,1265
110000092,18,83,-65
110000093,23,2,21
110000094,335,192,143
110000095,35,271,-236
110000096,3246,1063,2183
110000097,573,605,-32
110000098,892,343,549
110000099,541,956,-415
110000100,151,829,-678
110000101,8,471,-463
110000102,23,21,2
110000104,89,59,30
110000105,46,185,-139
110000106,259,163,96
110000107,261,311,-50
110000108,81,17,64
110000109,198,231,-33
110000110,4086,1112,2974
110000111,7473,940,6533
110000112,1282,247,1035
110000113,655,498,157
110000114,71,200,-129
110000115,194,206,-12
110000116,28,32,-4
110000117,64,498,-434
110000118,140,222,-82
110000119,68,352,-284
110000120,157,143,14
110000121,59,225,-166
110000122,151,348,-197
110000123,219,145,74
110000124,2,556,-554
110000125,452,1,451
110000126,100,9,91
110000127,281,22,259
110000128,20,1087,-1067
110000129,4,633,-629
110000130,85,68,17
110000131,62,519,-457
110000132,0,541,-541
110000133,43,214,-171
110000134,9,219,-210
110000135,138,19,119
110000136,17,196,-179
110000137,218,482,-264
110000138,298,714,-416
110000139,348,1210,-862
110000140,480,254,226
110000143,499,253,246
110000144,3172,704,2468
110000145,883,514,369
110000146,943,428,515
110000147,99,452,-353
110000148,125,289,-164
110000151,502,350,152
110000152,474,172,302
110000153,23,107,-84
110000154,2,5,-3
110000155,972,881,91
110000156,572,614,-42
110000157,603,1016,-413
110000160,242,366,-124
110000161,102,405,-303
110000166,99,99,0
110000167,340,267,73
110000168,428,215,213
110000169,392,213,179
110000170,45,65,-20
110000171,333,147,186
110000172,86,640,-554
110000173,905,874,31
110000174,47,1271,-1224
110000175,195,110,85
110000176,54,148,-94
110000177,70,448,-378
110000178,274,427,-153
110000179,1146,274,872
110000180,73,306,-233
110000181,83,223,-140
110000182,369,257,112
110000183,8484,2661,5823
110000184,466,1030,-564
110000185,316,427,-111
110000186,408,387,21
110000191,201,305,-104
110000192,135,1,134
110000193,157,6,151
110000194,3,1124,-1121
110000195,130,356,-226
110000196,156,438,-282
110000197,17,157,-140
110000198,29,87,-58
110000199,43,66,-23
110000200,997,456,541
110000201,198,388,-190
110000202,598,377,221
110000203,428,701,-273
110000204,5,309,-304
110000205,46,60,-14
110000206,403,1501,-1098
110000207,173,256,-83
110000208,49,68,-19
110000209,87,658,-571
110000210,302,576,-274
110000211,269,751,-482
110000212,248,603,-355
110000213,64,57,7
110000214,52,81,-29
110000215,47,489,-442
110000216,22,556,-534
110000217,96,172,-76
110000218,67,418,-351
110000219,91,48,43
110000220,12,406,-394
110000221,74,47,27
110000222,16,309,-293
110000223,6,57,-51
110000224,93,13,80
110000225,75,338,-263
110000226,76,28,48
110000227,290,282,8
110000228,255,336,-81
110000229,0,175,-175
110000230,224,547,-323
110000231,63,125,-62
110000232,46,141,-95
110000233,78,218,-140
110000234,254,196,58
110000235,908,521,387
110000236,182,732,-550
110000237,677,699,-22
110000238,486,1016,-530
110000239,774,933,-159
110000240,2,73,-71
110000242,0,7,-7
110000243,22,188,-166
110000244,62,276,-214
110000245,27,358,-331
110000246,247,525,-278
110000247,1539,3028,-1489
110000248,2074,1084,990
110000249,45,3,42
110000250,4,159,-155
110000251,51,342,-291
110000252,90,290,-200
110000253,574,315,259
110000254,512,1267,-755
110000255,131,1065,-934
110000256,313,101,212
110000257,489,314,175
110000258,7,421,-414
110000259,44,30,14
110000260,5,344,-339
110000263,444,65,379
110000264,133,548,-415
110000265,503,946,-443
110000266,1084,1234,-150
110000267,3,105,-102
110000268,170,270,-100
110000269,0,42,-42
110000270,23,2,21
110000271,1746,173,1573
110000272,466,615,-149
110000273,1452,855,597
110000274,82,524,-442
110000275,2524,295,2229
110000276,65,131,-66
110000277,90,352,-262
110000278,125,702,-577
110000279,404,470,-66
110000280,95,330,-235
110000281,5,124,-119
110000282,145,43,102
110000283,21,30,-9
110000284,22,33,-11
110000285,1,142,-141
110000286,11,0,11
110000287,15,1,14
110000288,1,58,-57
110000289,223,741,-518
110000290,1155,416,739
110000291,5346,1114,4232
110000292,852,2162,-1310
110000293,227,983,-756
110000294,318,597,-279
110000295,50,753,-703
110000296,155,266,-111
110000297,1808,213,1595
110000298,335,379,-44
110000299,477,16,461
110000301,81,6,75
110000302,152,1213,-1061
110000303,133,2,131
110000304,65,213,-148
110000305,265,6,259
110000306,64,1731,-1667
110000307,414,0,414
110000308,186,4,182
110000309,6,1218,-1212
110000310,194,60,134
110000311,12,734,-722
110000312,285,31,254
110000313,2430,1322,1108
110000314,0,204,-204
110000315,1844,1059,785
110000316,394,843,-449
110000317,329,171,158
110000318,2,92,-90
110000319,3,14,-11
110000320,17,49,-32
110000321,1,32,-31
110000322,78,393,-315
110000323,150,220,-70
110000324,4476,706,3770
110000325,1549,1248,301
110000327,195,106,89
110000328,103,398,-295
110000333,278,334,-56
110000334,330,1044,-714
110000335,549,383,166
110000336,269,1095,-826
110000337,501,376,125
110000338,62,168,-106
110000339,79,217,-138
110000340,13,154,-141
110000341,113,450,-337
110000342,232,2,230
110000343,0,15,-15
110000344,25,136,-111
110000345,47,43,4
110000346,1434,795,639
110000347,595,533,62
110000348,7,19,-12
110000349,7,18,-11
110000350,31,2,29
110000351,273,613,-340
110000352,210,1011,-801
110000353,2693,555,2138
110000354,452,1019,-567
110000355,27,51,-24
110000356,482,4,478
110000357,136,8,128
110000361,8,96,-88
110000362,12,39,-27
110000363,93,106,-13
110000364,62,342,-280
110000365,94,0,94
110000366,0,72,-72
110000367,174,157,17
110000368,0,42,-42
110000369,10,0,10
110000373,7,235,-228
110000374,21,5,16
110000375,79,368,-289
110000376,26,106,-80
110000377,55,202,-147
110000378,18,173,-155
110000379,3072,542,2530
110000380,16,14,2
110000383,2,524,-522
110000384,2377,449,1928
110000385,0,107,-107
110000387,36,5,31
110000388,32,193,-161
110000389,207,5,202
110000391,110,331,-221
110000396,23,107,-84
110000397,24,191,-167
110000398,0,14,-14
110000399,92,0,92
110000587,28,31,-3
110000589,123,147,-24
110000640,88,101,-13
110000652,11,60,-49
110000653,97,430,-333
110000654,1,18,-17
110000656,6,598,-592
110000674,5,11,-6
110000675,15,5,10
110000676,34,49,-15
110000679,695,212,483
110000682,137,73,64
110000683,250,293,-43
110000684,0,42,-42
110000685,8,1,7
110000686,0,25,-25
110000687,7,0,7
110000688,28,211,-183
110000689,8,39,-31
110000692,70,239,-169
110000693,91,152,-61
110000694,0,84,-84
110000695,108,594,-486
110000696,129,77,52
110000698,29,230,-201
110000699,75,265,-190
110900001,106,3,103
110900002,60,142,-82
110900003,116,885,-769
110900004,88,194,-106
110900005,3596,720,2876
110900006,31,9,22
110900007,23,7,16
110900008,5,49,-44
110900009,123,19,104
110900010,4,64,-60
110900011,7,66,-59
110900012,3,128,-125
110900013,291,114,177
110900014,64,17,47
110900015,709,155,554
110900016,6,183,-177
110900017,72,27,45
110900018,117,21,96
110900019,71,13,58
110900020,17,466,-449
110900021,41,453,-412
110900022,23,358,-335
110900023,44,367,-323
110900024,18,405,-387
110900025,2,36,-34
110900027,16,190,-174
110900028,13,117,-104
110900029,27,465,-438
110900030,7,274,-267
110900031,4,130,-126
110900032,0,77,-77
110900033,17,249,-232
110900035,26,257,-231
110900036,24,17,7
110900037,19,26,-7
110900038,933,123,810
110900039,6,152,-146
110900040,93,20,73
110900041,1,120,-119
110900042,26,26,0
110900043,1,145,-144
110900044,172,8,164
110900045,40,509,-469
110900046,99,262,-163
110900047,428,54,374
110900049,8,25,-17
110900050,9,1,8
110900052,5,243,-238
110900053,38,30,8
110900054,6,283,-277
110900055,12,2,10
110900056,31,45,-14
110900057,9,373,-364
110900058,45,139,-94
110900059,370,718,-348
110900060,94,43,51
110900061,24,29,-5
110900062,30,231,-201
110900063,6,53,-47
110900064,4,0,4
110900065,390,66,324
110900066,5,48,-43
110900067,350,150,200
110900068,138,232,-94
110900069,2,29,-27
110900070,57,34,23
110900071,142,155,-13
110900073,0,16,-16
110900074,128,67,61
110900075,122,38,84
110900077,144,291,-147
110900078,3,111,-108
110900079,2062,283,1779
110900080,15,23,-8
110900081,0,127,-127
110900082,25,223,-198
110900083,35,20,15
110900084,15,241,-226
110900085,21,224,-203
110900086,28,63,-35
110900087,64,36,28
110900088,6,0,6
110900090,4,14,-10
110900091,5,29,-24
110900093,81,36,45
110900095,10,33,-23
110900097,4,22,-18
110900098,13,105,-92
110900099,40,412,-372
110900100,0,22,-22
110900102,15,18,-3
110900105,373,251,122
110900108,2,116,-114
110900111,111,44,67
110900112,222,1,221
110900113,383,15,368
110900115,4,75,-71
110900116,220,2051,-1831
110900118,126,572,-446
110900119,5065,140,4925
110900120,11,147,-136
110900121,24,0,24
110900122,89,81,8
110900125,114,180,-66
110900127,313,350,-37
110900128,385,186,199
110900129,137,157,-20
110900130,1033,153,880
110900131,26,28,-2
110900132,97,20,77
110900133,16,231,-215
110900135,50,426,-376
110900136,111,4,107
110900138,0,0,0
110900139,5,1,4
110900140,0,0,0
110900141,110,29,81
110900142,33,175,-142
110900143,38,38,0
110900144,2,585,-583
110900145,36,8,28
110900146,178,37,141
110900147,195,173,22
110900148,1,287,-286
110900149,0,38,-38
110900150,3,14,-11
110900151,1,58,-57
110900152,12,324,-312
110900153,29,8,21
111000001,210,292,-82
111000002,422,632,-210
111000003,424,434,-10
111000004,345,1073,-728
111000005,687,548,139
111000006,581,1482,-901
111000007,3055,1257,1798
111000008,3045,2569,476
111000009,180,631,-451
111000010,303,204,99
111000011,278,622,-344
111000012,324,230,94
111000013,197,1056,-859
111000014,541,410,131
111000017,78,328,-250
111000018,171,278,-107
111000020,1991,1268,723
111000021,57,135,-78
111000023,54,157,-103
111000025,5759,1377,4382
111000029,46,96,-50
111000030,24,63,-39
111000031,1687,535,1152
111000032,375,149,226
111000033,213,76,137
111000034,255,134,121
111000037,2496,1192,1304
111000038,2504,1749,755
111000039,981,1850,-869
111000040,1025,1942,-917
111000041,1571,1180,391
111000042,5571,2068,3503
111000043,1502,890,612
111000044,888,404,484
111000045,905,1077,-172
111000046,650,862,-212
111000047,1223,1629,-406
111000049,285,404,-119
111000050,1374,1421,-47
111000051,245,798,-553
111000052,321,1084,-763
111000053,234,854,-620
111000054,156,921,-765
111000055,857,1788,-931
111000056,43,621,-578
111000057,25,715,-690
111000058,86,74,12
111000059,121,188,-67
111000060,1554,430,1124
111000061,182,189,-7
111000062,383,127,256
111000063,1063,552,511
111000064,239,415,-176
111000065,503,456,47
111000066,157,216,-59
111000067,256,452,-196
111000068,191,435,-244
111000069,1074,1091,-17
111000070,1939,874,1065
111000071,151,528,-377
111000072,351,221,130
111000073,111,384,-273
111000074,907,835,72
111000075,346,592,-246
111000076,180,678,-498
111000077,676,837,-161
111000078,1327,703,624
111000079,923,557,366
111000080,261,428,-167
111000081,1783,1907,-124
111000082,295,503,-208
111000084,316,306,10
111000085,551,1267,-716
111000086,2592,1052,1540
111000087,507,628,-121
111000088,4960,1248,3712
111000089,336,651,-315
111000090,766,1016,-250
111000091,370,646,-276
111000092,430,875,-445
111000093,252,505,-253
111000094,1073,576,497
111000095,697,1024,-327
111000096,2314,3584,-1270
111000097,5306,727,4579
111000098,356,1080,-724
111000099,297,2238,-1941
111000100,175,2131,-1956
111000101,262,641,-379
111000102,64,789,-725
111000104,111,173,-62
111000107,24,663,-639
111000109,123,193,-70
111000110,388,377,11
111000111,607,293,314
111000112,617,185,432
111000113,369,358,11
111000114,1345,696,649
111000115,6564,486,6078
111000116,603,481,122
111000117,306,604,-298
111000118,1069,702,367
111000119,424,1211,-787
111000120,228,377,-149
111000121,146,358,-212
111000122,247,799,-552
111000123,516,2894,-2378
111000124,270,3303,-3033
111000125,96,1795,-1699
111000126,40,837,-797
111000127,354,151,203
111000128,497,271,226
111000129,852,418,434
111000130,718,519,199
111000131,548,357,191
111000132,418,247,171
111000133,46,102,-56
111000134,68,100,-32
111000135,14,89,-75
111000136,134,183,-49
111000138,2,3,-1
111000140,1,1,0
111000141,117,233,-116
111000142,42,124,-82
111000143,5,95,-90
111000144,17,87,-70
111000145,299,3,296
111000146,33,5,28
111000147,247,17,230
111000148,97,51,46
111000149,2,19,-17
111000150,2,9,-7
111000151,0,16,-16
111000153,496,390,106
111000154,660,135,525
111000155,64,106,-42
111000156,257,203,54
111000157,105,286,-181
111000158,606,367,239
111000159,2225,495,1730
111000160,107,420,-313
111000161,2,211,-209
111000162,4,101,-97
111000163,204,479,-275
111000164,543,1216,-673
111000165,792,309,483
111000166,1086,198,888
111000167,109,377,-268
111000168,147,310,-163
111000169,253,389,-136
111000170,362,305,57
111000171,372,733,-361
111000172,58,697,-639
111000173,109,1389,-1280
111000174,45,573,-528
111000175,22,202,-180
111000176,82,148,-66
111000177,90,280,-190
111000178,394,333,61
111000179,91,205,-114
111000180,125,260,-135
111000181,301,259,42
111000182,75,152,-77
111000183,113,191,-78
111000184,184,150,34
111000185,268,371,-103
111000186,126,265,-139
111000187,73,314,-241
111000188,89,395,-306
111000189,1571,465,1106
111000190,141,494,-353
111000191,103,429,-326
111000192,133,645,-512
111000193,274,394,-120
111000194,13,412,-399
111000195,41,434,-393
111000196,12,309,-297
111000197,124,197,-73
111000198,198,105,93
111000199,47,124,-77
111000200,100,243,-143
111000201,190,153,37
111000202,85,155,-70
111000203,158,144,14
111000204,215,308,-93
111000213,84,271,-187
111000214,816,1445,-629
111000215,614,1119,-505
111000217,522,612,-90
111000218,550,598,-48
111000219,281,206,75
111000220,2217,303,1914
111000221,523,90,433
111000224,130,322,-192
111000225,172,122,50
111000226,86,0,86
111000227,43,0,43
111000228,6,130,-124
111000229,31,207,-176
111000230,134,389,-255
111000231,249,1166,-917
111000232,133,696,-563
111000233,190,729,-539
111000234,41,164,-123
111000239,138,147,-9
111000240,13,46,-33
111000241,43,364,-321
111000242,44,38,6
111000243,45,841,-796
111000244,69,45,24
111000245,242,450,-208
111000246,111,562,-451
111000247,120,971,-851
111000248,235,288,-53
111000249,311,754,-443
111000250,13,119,-106
111000251,18,116,-98
111000253,5,6,-1
111000255,7,14,-7
111000257,30,13,17
111000260,31,1160,-1129
111000261,226,64,162
111000271,39,267,-228
111000273,5482,1077,4405
111000274,647,1081,-434
111000275,63,57,6
111000276,210,2208,-1998
111000277,111,364,-253
111000278,297,184,113
111000291,374,1893,-1519
111000298,161,218,-57
111000299,293,69,224
111000300,51,550,-499
111000302,119,66,53
111000303,48,292,-244
111000312,49,45,4
111000315,29,246,-217
111000320,190,485,-295
111000321,100,35,65
111000322,102,450,-348
111000323,67,4,63
111000324,229,212,17
111000325,16,45,-29
111000326,47,298,-251
111000327,170,458,-288
111000328,74,289,-215
111000329,3,17,-14
111000330,12,10,2
111000331,5,2,3
111000332,171,756,-585
111000334,294,1394,-1100
111000335,211,107,104
111000337,249,298,-49
111000338,15,106,-91
111000339,72,484,-412
111000340,40,761,-721
111000341,389,134,255
111000342,61,221,-160
111000344,451,528,-77
111000345,237,16,221
111000346,27,80,-53
111000347,16,1,15
111000350,93,133,-40
111000351,58,199,-141
111000352,62,92,-30
111000353,48,152,-104
111000354,206,90,116
111000355,287,392,-105
111000358,62,1616,-1554
111000360,73,899,-826
111000361,75,413,-338
111000546,156,553,-397
111000547,93,681,-588
111000548,35,152,-117
111000549,78,399,-321
111000550,89,161,-72
111000551,559,105,454
111000552,175,31,144
111000907,133,5,128
111000908,8,0,8
111000916,317,176,141
111000917,17,252,-235
111000918,50,1072,-1022
111000920,128,4,124
111000921,1,380,-379
111000922,118,283,-165
111000924,24,961,-937
111000925,781,1073,-292
111000926,577,2364,-1787
111000927,2169,1931,238
111000928,4847,2509,2338
111000929,597,569,28
111000930,366,1807,-1441
111000931,926,1000,-74
111000932,2463,1805,658
111000933,2087,1210,877
111000934,1635,1807,-172
111000935,504,698,-194
111000936,461,1775,-1314
111000937,448,702,-254
111000938,1159,1987,-828
111000939,116,64,52
111000940,138,218,-80
111000941,64,666,-602
111000943,109,207,-98
111000944,44,539,-495
111000945,29,1975,-1946
111001109,181,101,80
111001110,185,554,-369
111001111,5,3,2
111001112,54,1,53
111001113,5,92,-87
111001114,1113,48,1065
111001115,171,225,-54
111001116,4490,1272,3218
111001117,591,457,134
111001120,47,304,-257
111001121,102,352,-250
111001122,124,631,-507
111001123,57,137,-80
111001124,67,391,-324
111001125,0,19,-19
111001126,0,1,-1
111001127,0,121,-121
111001128,268,491,-223
111001129,2,49,-47
111900001,1,181,-180
111900002,0,571,-571
111900003,1,317,-316
111900004,10,82,-72
111900006,1,9,-8
111900007,17,2,15
111900008,30,0,30
111900009,15,1,14
111900010,160,356,-196
111900012,97,71,26
111900013,1,22,-21
111900014,6320,1124,5196
111900015,0,52,-52
111900016,0,192,-192
111900017,0,149,-149
111900018,23,1,22
111900019,0,78,-78
111900020,2,39,-37
111900021,23,74,-51
111900022,10,48,-38
111900023,114,49,65
111900024,42,234,-192
111900025,0,29,-29
111900026,1,93,-92
111900027,6,135,-129
111900028,1,328,-327
111900029,1,74,-73
111900030,29,257,-228
111900032,2,349,-347
111900033,7,85,-78
111900034,150,470,-320
111900035,11,163,-152
111900036,0,333,-333
111900038,292,407,-115
111900039,23,288,-265
111900040,2,653,-651
111900042,17,55,-38
111900043,7,397,-390
111900044,200,197,3
111900046,45,156,-111
111900048,65,851,-786
111900049,18,219,-201
111900050,24,5,19
111900051,1,304,-303
111900052,308,380,-72
111900053,1259,271,988
111900054,28,0,28
111900055,25,664,-639
111900056,113,57,56
111900057,29,94,-65
111900058,76,815,-739
111900059,1782,146,1636
111900060,73,0,73
111900061,6,313,-307
111900062,5,14,-9
111900063,48,157,-109
111900064,99,302,-203
111900065,32,29,3
111900066,17,55,-38
111900067,3,260,-257
111900068,12,9,3
111900069,15,13,2
111900070,23,158,-135
111900071,0,217,-217
111900072,9,3,6
111900073,142,21,121
111900074,5,94,-89
111900075,15,4,11
111900076,28,11,17
111900077,2,0,2
111900078,44,5,39
111900079,21,6,15
111900080,167,53,114
111900082,55,1,54
111900083,22,0,22
111900084,17,1,16
111900085,13,23,-10
111900086,33,4,29
111900087,8,2,6
111900088,97,1,96
111900089,9,0,9
111900090,46,8,38
111900091,74,8,66
111900092,32,0,32
111900093,53,1,52
111900094,5,0,5
111900095,51,5,46
111900096,41,0,41
111900097,4,0,4
111900098,39,0,39
111900099,3,0,3
111900100,34,1,33
111900101,36,9,27
111900102,85,660,-575
111900103,56,35,21
111900104,42,49,-7
111900105,98,70,28
111900106,904,27,877
111900110,2166,111,2055
111900111,20,17,3
111900112,595,464,131
111900113,247,43,204
111900118,63,28,35
111900119,80,30,50
111900122,47,12,35
111900123,1,9,-8
111900124,21,105,-84
111900125,122,5,117
111900126,54,0,54
111900127,2,577,-575
111900128,1,488,-487
111900129,47,0,47
111900130,31,3,28
111900131,101,0,101
111900132,10,1122,-1112
111900133,6,317,-311
111900134,15,256,-241
111900135,0,5,-5
111900136,31,38,-7
111900137,45,40,5
111900138,9,77,-68
111900139,7,141,-134
111900140,17,6,11
111900141,8,2,6
111900142,25,9,16
111900143,2,69,-67
111900144,0,101,-101
111900145,1,648,-647
111900146,1,354,-353
111900147,124,521,-397
111900148,29,778,-749
111900149,8,334,-326
111900150,10,179,-169
111900151,3,9,-6
111900152,103,26,77
111900153,1300,131,1169
111900154,5,80,-75
111900155,31,11,20
111900156,9,15,-6
111900157,16,2,14
111900158,104,5,99
111900159,32,3,29
111900160,33,0,33
111900161,22,0,22
111900162,86,46,40
111900163,38,185,-147
111900164,76,14,62
111901113,54,341,-287
111901114,11,238,-227
111901115,9,2,7
111901116,7,0,7
111901117,4,14,-10
111901118,112,9,103
111901119,819,41,778
111901121,91,215,-124
111901122,2,414,-412
111901123,25,324,-299
111901124,19,0,19
111901125,79,146,-67
111901127,530,42,488
111901128,2,44,-42
111901129,3,99,-96
111901130,3,183,-180
111901131,4,301,-297
111901132,44,1,43
111901133,11,0,11
111901134,7,3,4
111901135,1,3,-2
111901138,49,28,21
111901139,3,39,-36
111901140,2,114,-112
111901141,4,211,-207
111901142,1,133,-132
111901143,1,102,-101
111901144,30,15,15
111901145,88,95,-7
111901146,190,4,186
111901147,926,6,920
111901148,15,11,4
111901149,0,0,0
111901150,11,0,11
111901151,0,0,0
111901152,2,19,-17
112000001,740,577,163
112000002,527,1909,-1382
112000003,243,563,-320
112000004,301,1310,-1009
112000005,1031,970,61
112000006,1015,1434,-419
112000007,786,822,-36
112000008,1471,2073,-602
112000009,3114,2684,430
112000010,1062,1414,-352
112000011,1074,1647,-573
112000012,2995,838,2157
112000013,4015,2059,1956
112000014,1491,413,1078
112000015,1883,1261,622
112000016,1852,447,1405
112000017,923,679,244
112000024,1639,377,1262
112000026,3475,3986,-511
112000027,501,242,259
112000028,1477,1121,356
112000029,142,302,-160
112000030,116,65,51
112000031,827,1027,-200
112000032,362,42,320
112000033,1189,508,681
112000034,156,20,136
112000035,37,130,-93
112000036,562,299,263
112000037,386,661,-275
112000038,385,557,-172
112000039,12,64,-52
112000040,82,271,-189
112000041,327,372,-45
112000042,677,248,429
112000050,410,848,-438
112000051,345,447,-102
112000054,970,1719,-749
112000057,313,177,136
112000058,212,265,-53
112000059,419,209,210
112000061,4677,862,3815
112000062,2354,314,2040
112000063,1674,441,1233
112000064,4285,4303,-18
112000065,2140,2272,-132
112000066,2307,618,1689
112000067,730,510,220
112000068,1256,769,487
112000069,396,1563,-1167
112000070,917,404,513
112000071,489,2563,-2074
112000072,564,543,21
112000073,950,1422,-472
112000074,681,582,99
112000075,568,627,-59
112000076,2135,2488,-353
112000077,252,637,-385
112000078,422,559,-137
112000079,544,1032,-488
112000080,253,712,-459
112000081,791,1292,-501
112000082,562,365,197
112000083,413,1183,-770
112000084,495,391,104
112000085,543,1174,-631
112000086,786,1148,-362
112000087,156,843,-687
112000088,136,622,-486
112000089,63,222,-159
112000090,67,353,-286
112000091,482,944,-462
112000092,755,622,133
112000093,1006,866,140
112000094,194,522,-328
112000095,305,491,-186
112000096,145,497,-352
112000097,429,278,151
112000098,402,1290,-888
112000099,330,405,-75
112000100,530,629,-99
112000101,310,758,-448
112000102,381,418,-37
112000103,162,1097,-935
112000105,425,2212,-1787
112000106,640,331,309
112000107,47,81,-34
112000108,155,1666,-1511
112000109,56,69,-13
112000110,757,351,406
112000111,958,2973,-2015
112000112,1324,317,1007
112000113,700,1596,-896
112000114,884,557,327
112000115,126,436,-310
112000116,170,829,-659
112000117,400,794,-394
112000118,442,670,-228
112000119,230,900,-670
112000120,35,353,-318
112000121,28,516,-488
112000122,123,132,-9
112000123,206,143,63
112000124,129,56,73
112000125,82,98,-16
112000126,75,699,-624
112000127,1631,565,1066
112000128,834,305,529
112000129,44,92,-48
112000130,42,57,-15
112000131,24,370,-346
112000132,45,272,-227
112000133,105,236,-131
112000134,213,327,-114
112000135,422,407,15
112000136,582,1031,-449
112000137,524,875,-351
112000138,677,884,-207
112000139,702,146,556
112000140,747,989,-242
112000141,192,138,54
112000142,90,878,-788
112000143,335,177,158
112000144,139,1516,-1377
112000145,889,506,383
112000146,407,2252,-1845
112000147,940,1067,-127
112000148,1148,2047,-899
112000149,110,703,-593
112000150,79,561,-482
112000151,226,468,-242
112000152,105,281,-176
112000153,227,211,16
112000154,77,95,-18
112000155,98,47,51
112000157,368,330,38
112000158,68,599,-531
112000159,177,268,-91
112000167,47,22,25
112000169,203,258,-55
112000173,256,119,137
112000175,123,292,-169
112000176,3852,997,2855
112000177,144,51,93
112000178,25,302,-277
112000179,68,141,-73
112000180,177,192,-15
112000181,726,1553,-827
112000182,247,1476,-1229
112000183,23,44,-21
112000184,108,432,-324
112000185,99,483,-384
112000187,1249,1325,-76
112000195,28,2,26
112000196,6,0,6
112000197,5,59,-54
112000198,20,309,-289
112000199,564,738,-174
112000202,133,3,130
112000216,41,128,-87
112000230,12,0,12
112000231,3,319,-316
112000256,25,67,-42
112000313,81,104,-23
112000314,5,9,-4
112000337,109,390,-281
112000352,162,100,62
112000392,1481,685,796
112000398,446,500,-54
112000399,2022,1094,928
112000400,1235,3401,-2166
112000401,1771,2138,-367
112000402,809,1342,-533
112000403,1486,984,502
112000404,204,445,-241
112000405,810,1639,-829
112000406,2334,2620,-286
112000407,2369,3497,-1128
112000408,6214,5116,1098
112000409,1164,3737,-2573
112000410,102,41,61
112000411,4446,322,4124
112000412,810,147,663
112000413,8357,1282,7075
112000414,65,70,-5
112000415,88,24,64
112000416,870,789,81
112000417,92,55,37
112000421,23,106,-83
112000422,152,458,-306
112000424,1972,1014,958
112000425,80,534,-454
112000426,59,209,-150
112000427,0,4,-4
112000428,56,379,-323
112000429,1107,1876,-769
112000430,1086,2213,-1127
112000431,30,86,-56
112000432,477,2457,-1980
112000433,359,300,59
112000437,23,306,-283
112900001,13,0,13
112900002,87,1167,-1080
112900003,20,262,-242
112900004,12,285,-273
112900005,42,192,-150
112900007,14,158,-144
112900008,4,9,-5
112900009,116,58,58
112900010,136,523,-387
112900011,388,199,189
112900012,0,35,-35
112900013,0,109,-109
112900014,0,228,-228
112900015,248,723,-475
112900016,0,151,-151
112900017,18,161,-143
112900018,68,987,-919
112900019,29,73,-44
112900020,312,1134,-822
112900021,0,177,-177
112900022,1,54,-53
112900023,0,258,-258
112900024,5,115,-110
112900025,48,140,-92
112900026,4,238,-234
112900027,4,1188,-1184
112900028,8,39,-31
112900029,4,638,-634
112900030,214,144,70
112900031,2,449,-447
112900032,47,158,-111
112900034,0,38,-38
112900035,3,454,-451
112900036,25,107,-82
112900037,132,104,28
112900038,127,77,50
112900039,16,325,-309
112900040,3,194,-191
112900041,863,327,536
112900042,11,460,-449
112900043,11,23,-12
112900044,532,268,264
112900045,425,248,177
112900046,169,28,141
112900047,15,10,5
112900049,28,52,-24
112900050,33,350,-317
112900051,189,628,-439
112900052,4,889,-885
112900053,219,60,159
112900054,194,25,169
112900055,70,9,61
112900056,69,71,-2
112900057,2,719,-717
112900058,189,54,135
112900059,56,90,-34
112900060,2,170,-168
112900061,24,102,-78
112900062,20,89,-69
112900063,88,4,84
112900064,115,88,27
112900065,11,2,9
112900066,63,24,39
112900067,361,85,276
112900068,30,6,24
112900069,1857,190,1667
112900071,4,0,4
112900072,179,298,-119
112900073,85,22,63
112900074,10,36,-26
112900075,1684,282,1402
112900076,25,6,19
112900078,65,136,-71
112900079,42,12,30
112900080,17,1,16
112900081,22,59,-37
112900082,140,12,128
112900083,30,19,11
112900084,28,14,14
112900086,11,0,11
112900087,124,19,105
112900088,45,2,43
112900089,222,8,214
112900090,2,8,-6
112900091,33,1,32
112900092,82,72,10
112900093,277,10,267
112900095,7,5,2
112900096,108,35,73
112900097,15,348,-333
112900098,19,0,19
112900099,168,2,166
112900100,11,0,11
112900101,55,2,53
112900102,16,0,16
112900103,53,0,53
112900104,126,2,124
112900105,1,2,-1
112900106,136,27,109
112900107,0,0,0
112900108,15,0,15
112900109,21,0,21
112900110,215,6,209
112900111,141,0,141
112900112,76,0,76
112900113,0,16,-16
112900114,23,15,8
112900115,174,1,173
112900116,9,3,6
112900117,108,113,-5
112900118,14,41,-27
112900119,25,1,24
112900120,538,128,410
112900121,248,125,123
112900122,7,102,-95
112900123,106,7,99
112900124,1,84,-83
112900125,36,126,-90
112900126,89,187,-98
112900127,103,13,90
112900128,379,675,-296
112900129,3,747,-744
112900130,92,38,54
112900131,52,196,-144
112900132,42,413,-371
112900133,17,1000,-983
112900134,0,247,-247
112900135,23,11,12
112900137,6,665,-659
112900138,4,358,-354
112900139,112,928,-816
112900141,141,6,135
112900142,54,25,29
112900143,19,555,-536
112900144,7,1115,-1108
112900145,54,356,-302
112900146,2,1209,-1207
112900147,2,2112,-2110
112900148,13,0,13
112900149,59,298,-239
112900151,2,23,-21
112900152,4449,686,3763
112900153,1138,556,582
112900154,0,64,-64
112900155,53,2,51
112900156,88,1455,-1367
112900157,36,164,-128
112900158,5,5,0
112900159,64,28,36
112900160,10,142,-132
112900161,31,28,3
112900162,30,6,24
112900163,77,14,63
112900164,14,49,-35
112900165,28,11,17
112900166,12,18,-6
112900167,2,19,-17
112900168,0,0,0
112900169,3,11,-8
112900170,27,86,-59
112900172,52,2,50
112900173,177,60,117
112900174,120,6,114
112900175,83,29,54
112900176,10,9,1
112900177,95,11,84
112900178,277,610,-333
112900179,34,461,-427
112900180,393,1815,-1422
112900181,120,1,119
112900182,27,1312,-1285
112900183,57,74,-17
112900184,234,170,64
112900185,119,184,-65
112900186,1063,302,761
112900187,27,124,-97
112900188,422,186,236
112900189,2,17,-15
112900190,3,28,-25
112900192,119,147,-28
112900193,483,108,375
112900194,8,71,-63
112900195,302,9,293
112900196,156,448,-292
112900197,95,348,-253
112900199,71,280,-209
112900200,170,219,-49
112900201,27,75,-48
112900202,79,858,-779
112900203,51,306,-255
112900204,620,195,425
112900205,0,0,0
112900206,2,39,-37
112900207,0,0,0
112900208,37,45,-8
112900209,256,358,-102
112900210,0,12,-12
112900211,13,15,-2
112900212,0,42,-42
112900213,5,3,2
112900214,21,1,20
112900215,6,161,-155
112900216,30,38,-8
112900217,0,86,-86
112900218,13,4,9
112900219,22,1,21
112900220,0,0,0
112900221,1,146,-145
112900222,2,10,-8
112900223,188,4,184
112900224,77,642,-565
112900225,115,531,-416
112900226,108,90,18
112900227,70,692,-622
112900228,21,11,10
112900229,28,38,-10
112900230,5894,1540,4354
112900232,68,64,4
112900233,29,162,-133
112900234,5,76,-71
112900235,7,4,3
112900236,88,5,83
112900237,55,602,-547
112900238,2,20,-18
112900239,387,144,243
112900240,4,130,-126
112900241,4,187,-183
112900242,0,272,-272
112900243,1,268,-267
112900244,0,116,-116
112900245,0,25,-25
112900246,1,8,-7
112900247,123,27,96
112900248,16,2,14
112900249,12,3,9
112900250,13,18,-5
112900251,11,12,-1
112900252,15,13,2
112900253,13,12,1
112900254,2,4,-2
112900255,0,22,-22
112900256,1,9,-8
112900257,13,8,5
112900258,11,21,-10
113000001,3305,3603,-298
113000002,2267,2295,-28
113000003,1294,1549,-255
113000004,1360,1339,21
113000005,841,740,101
113000006,703,858,-155
113000007,871,969,-98
113000008,834,1238,-404
113000009,383,692,-309
113000010,504,1065,-561
113000011,493,1181,-688
113000012,437,626,-189
113000013,628,289,339
113000014,1259,843,416
113000015,364,148,216
113000016,146,136,10
113000017,11,146,-135
113000018,107,29,78
113000019,9,215,-206
113000020,57,9,48
113000021,648,497,151
113000022,331,1004,-673
113000025,54,202,-148
113000026,144,327,-183
113000027,678,303,375
113000028,630,258,372
113000029,420,511,-91
113000030,438,466,-28
113000031,341,145,196
113000032,174,97,77
113000033,233,180,53
113000034,389,168,221
113000035,17,19,-2
113000036,16,24,-8
113000037,23,24,-1
113000038,9,29,-20
113000039,43,351,-308
113000040,42,52,-10
113000042,579,332,247
113000051,392,1099,-707
113000052,1846,787,1059
113000053,152,478,-326
113000054,81,438,-357
113000055,409,822,-413
113000056,324,1383,-1059
113000058,470,651,-181
113000059,880,465,415
113000060,67,503,-436
113000061,463,531,-68
113000062,916,99,817
113000063,70,217,-147
113000064,21,287,-266
113000065,68,1124,-1056
113000066,200,98,102
113000067,535,811,-276
113000068,193,1775,-1582
113000069,298,1183,-885
113000070,597,518,79
113000071,137,555,-418
113000072,172,334,-162
113000073,391,1016,-625
113000074,624,198,426
113000075,1425,288,1137
113000076,1019,1254,-235
113000077,921,248,673
113000078,520,781,-261
113000079,446,363,83
113000080,411,326,85
113000081,542,563,-21
113000082,638,416,222
113000083,347,525,-178
113000084,943,758,185
113000085,541,398,143
113000086,692,765,-73
113000087,774,556,218
113000088,1315,723,592
113000089,607,883,-276
113000090,151,222,-71
113000091,591,176,415
113000094,457,125,332
113000095,178,946,-768
113000096,116,761,-645
113000097,358,184,174
113000098,28,18,10
113000099,516,166,350
113000100,109,342,-233
113000101,305,432,-127
113000102,307,172,135
113000103,1869,391,1478
113000104,199,1639,-1440
113000105,220,328,-108
113000106,183,404,-221
113000107,322,614,-292
113000108,580,1098,-518
113000109,305,1988,-1683
113000110,987,333,654
113000111,126,444,-318
113000112,230,297,-67
113000113,1314,241,1073
113000114,216,587,-371
113000116,420,194,226
113000117,454,99,355
113000118,99,179,-80
113000119,106,228,-122
113000120,15,162,-147
113000121,181,626,-445
113000124,84,101,-17
113000125,16,313,-297
113000127,2792,354,2438
113000128,393,225,168
113000129,317,952,-635
113000133,3622,444,3178
113000134,3,487,-484
113000135,2337,1398,939
113000137,1786,835,951
113000139,246,82,164
113000140,112,124,-12
113000141,211,65,146
113000142,404,323,81
113000143,175,89,86
113000144,200,318,-118
113000145,28,80,-52
113000146,52,49,3
113000147,72,78,-6
113000148,53,89,-36
113000149,34,65,-31
113000150,311,255,56
113000151,87,46,41
113000152,48,120,-72
113000153,1386,298,1088
113000154,347,665,-318
113000155,117,179,-62
113000156,96,229,-133
113000157,211,417,-206
113000158,294,150,144
113000159,453,324,129
113000160,476,689,-213
113000161,137,475,-338
113000162,226,236,-10
113000163,26,32,-6
113000164,28,73,-45
113000166,59,47,12
113000167,12,163,-151
113000168,52,162,-110
113000169,58,27,31
113000170,35,43,-8
113000171,47,86,-39
113000172,153,39,114
113000173,24,8,16
113000174,75,453,-378
113000175,262,83,179
113000176,278,84,194
113000177,128,375,-247
113000178,181,379,-198
113000179,233,76,157
113000180,346,1082,-736
113000181,577,914,-337
113000182,113,218,-105
113000183,147,378,-231
113000184,32,76,-44
113000189,345,408,-63
113000190,1075,164,911
113000192,2093,817,1276
113000193,3882,695,3187
113000194,1935,807,1128
113000195,2028,284,1744
113000196,52,56,-4
113000197,829,491,338
113000198,20,227,-207
113000199,408,228,180
113000201,545,163,382
113000202,2624,1727,897
113000203,460,121,339
113000204,1501,746,755
113000205,26,15,11
113000206,7,21,-14
113000207,23,16,7
113000208,12,22,-10
113000209,17,11,6
113000210,1,12,-11
113000211,310,96,214
113000212,261,22,239
113000213,11,87,-76
113000214,73,170,-97
113000234,144,1121,-977
113000410,23,73,-50
113000411,1527,2708,-1181
113000412,8780,1204,7576
113000413,3208,1075,2133
113000414,8786,4828,3958
113000415,1778,1315,463
113000416,7861,1880,5981
113000417,2044,1470,574
113000418,2119,1607,512
113000419,1104,934,170
113000420,2833,1812,1021
113000421,2552,2655,-103
113000422,12848,3729,9119
113000423,1807,1534,273
113000424,3231,3946,-715
113000425,5,43,-38
113000428,27,11,16
113000430,13,4,9
113000432,752,68,684
113000433,85,788,-703
113000434,11,383,-372
113000435,9,666,-657
113000436,39,1216,-1177
113000437,166,23,143
113000438,51,19,32
113000439,8,143,-135
113000440,49,10,39
113000441,72,223,-151
113000442,59,301,-242
113000443,49,201,-152
113000444,48,271,-223
113000445,22,80,-58
113000446,9,99,-90
113000448,303,70,233
113000449,174,635,-461
113000450,467,2108,-1641
113000451,1689,110,1579
113000452,305,310,-5
113000453,209,164,45
113000454,905,19,886
113000455,85,93,-8
113000456,2634,1098,1536
113000468,2277,208,2069
113000469,141,68,73
113000470,506,61,445
113000471,13,248,-235
113000472,55,160,-105
113000474,142,512,-370
113000475,879,1291,-412
113000476,505,1415,-910
113000477,1118,1425,-307
113000478,2189,4309,-2120
113000479,12,217,-205
113000483,0,0,0
113000484,0,0,0
113000485,0,0,0
113000486,0,0,0
113000487,0,1,-1
113000488,0,0,0
113000489,0,0,0
113000490,0,0,0
113000491,1,0,1
113000492,0,0,0
113000493,0,0,0
113000495,130,185,-55
113000496,44,46,-2
113900001,5,69,-64
113900002,0,145,-145
113900003,0,105,-105
113900004,2,24,-22
113900005,2,40,-38
113900006,0,49,-49
113900007,111,0,111
113900008,46,0,46
113900009,325,0,325
113900010,172,2,170
113900011,27,2,25
113900012,8,1,7
113900013,781,6,775
113900014,348,4,344
113900015,0,25,-25
113900016,5,0,5
113900017,0,35,-35
113900018,278,43,235
113900019,25,35,-10
113900020,34,0,34
113900022,2,0,2
113900023,0,0,0
113900024,36,59,-23
113900025,200,8,192
113900026,13,0,13
113900027,3,80,-77
113900028,19,369,-350
113900029,40,250,-210
113900030,70,2,68
113900031,1,0,1
113900032,1,0,1
113900033,51,53,-2
113900035,29,0,29
113900036,2,93,-91
113900037,18,482,-464
113900038,60,58,2
113900039,34,3,31
113900040,5,6,-1
113900041,2,1,1
113900042,38,37,1
113900043,95,53,42
113900044,84,42,42
113900045,2,0,2
113900046,147,577,-430
113900047,20,163,-143
113900048,240,26,214
113900049,655,95,560
113900050,94,315,-221
113900051,76,302,-226
113900052,93,88,5
113900053,221,134,87
113900054,6,4,2
113900055,92,506,-414
113900056,37,159,-122
113900057,7,48,-41
113900058,7,165,-158
113900059,62,259,-197
113900060,79,144,-65
113900061,657,109,548
113900062,22,5,17
113900063,71,92,-21
113900064,14,144,-130
113900065,270,13,257
113900066,80,376,-296
113900067,28,239,-211
113900068,168,208,-40
113900069,20,3,17
113900070,143,365,-222
113900071,29,42,-13
113900072,19,112,-93
113900073,77,259,-182
113900074,8,349,-341
113900075,485,564,-79
113900076,53,2,51
113900077,14,204,-190
113900078,27,43,-16
113900079,1,47,-46
113900080,145,100,45
113900081,15,155,-140
113900082,51,131,-80
113900083,98,580,-482
113900084,132,32,100
113900085,19,305,-286
113900086,14,11,3
113900087,10,146,-136
113900088,30,35,-5
113900089,153,38,115
113900090,154,120,34
113900091,6,8,-2
113900092,31,40,-9
113900093,66,227,-161
113900094,107,338,-231
113900095,31,69,-38
113900096,46,28,18
113900097,2,96,-94
113900098,204,42,162
113900099,1,34,-33
113900100,0,0,0
113900101,24,25,-1
113900102,63,37,26
113900103,134,116,18
113900104,40,105,-65
113900105,27,334,-307
113900106,0,69,-69
113900107,0,7,-7
113900108,141,113,28
113900109,200,58,142
113900110,34,2,32
113900111,25,46,-21
113900112,41,90,-49
113900113,273,186,87
113900114,1,82,-81
113900115,1,19,-18
113900116,58,66,-8
113900117,28,6,22
113900118,77,171,-94
113900119,198,116,82
113900120,40,8,32
113900121,25,50,-25
113900122,102,767,-665
113900123,154,113,41
113900124,0,22,-22
113900125,948,74,874
113900126,92,20,72
113900127,77,204,-127
113900128,39,31,8
113900129,6,34,-28
113900130,0,1,-1
113900131,45,47,-2
113900132,17,18,-1
113900133,9,21,-12
113900135,114,342,-228
113900136,47,52,-5
113900137,113,124,-11
113900138,26,50,-24
113900139,314,40,274
113900140,297,71,226
113900141,141,411,-270
113900142,32,56,-24
113900143,3,7,-4
113900144,196,62,134
113900145,108,146,-38
113900146,17,49,-32
113900148,71,77,-6
113900149,55,18,37
113900150,984,201,783
113900151,99,160,-61
113900152,11,23,-12
113900153,300,99,201
113900154,1,65,-64
113900155,155,19,136
113900156,173,369,-196
113900157,15,144,-129
113900158,176,61,115
113900159,4,146,-142
113900160,261,444,-183
113900161,22,134,-112
113900162,343,241,102
113900163,120,95,25
113900164,132,30,102
113900165,290,343,-53
113900166,119,42,77
113900167,95,25,70
113900168,94,56,38
113900169,118,325,-207
113900171,28,29,-1
113900172,6,131,-125
113900173,36,503,-467
113900174,129,440,-311
113900175,208,36,172
113900176,72,489,-417
113900177,163,125,38
113900178,151,75,76
113900179,8,633,-625
113900180,77,84,-7
113900181,272,42,230
113900182,218,655,-437
113900183,22,56,-34
113900184,6,451,-445
113900185,102,43,59
113900186,7,27,-20
113900187,18,89,-71
113900188,16,82,-66
113900189,116,42,74
113900190,198,46,152
113900191,45,170,-125
113900192,1828,625,1203
113900193,27,241,-214
113900194,1531,616,915
113900195,282,322,-40
113900196,0,74,-74
113900197,1,264,-263
113900198,9,84,-75
113900199,122,421,-299
113900200,5,119,-114
113900201,1,200,-199
113900202,16,109,-93
113900203,2,197,-195
113900204,21,461,-440
113900205,7,47,-40
113900206,8,53,-45
113900207,0,39,-39
113900208,0,45,-45
113900209,0,32,-32
113900210,342,275,67
113900211,90,18,72
113900212,62,494,-432
113900214,205,224,-19
113900215,4,101,-97
113900216,25,1181,-1156
113900217,16,269,-253
113900218,61,30,31
113900219,48,464,-416
113900220,50,27,23
113900221,153,60,93
113900222,1230,295,935
113900223,25,670,-645
113900224,85,46,39
113900225,463,143,320
113900226,137,75,62
113900227,136,77,59
113900228,289,176,113
113900229,22,313,-291
113900230,3579,686,2893
113900231,63,170,-107
113900232,15,105,-90
113900233,9,35,-26
113900234,57,178,-121
113900235,25,27,-2
113900236,20,280,-260
113900237,52,3,49
113900238,77,185,-108
113900239,32,29,3
113900240,2,28,-26
113900241,62,35,27
113900242,22,104,-82
113900243,81,218,-137
113900244,377,95,282
113900245,908,155,753
113900246,7,12,-5
113900247,87,101,-14
113900248,2554,524,2030
113900249,875,114,761
113900250,8,77,-69
113900251,208,201,7
113900252,215,3,212
113900253,327,12,315
113900254,347,46,301
113900255,107,6,101
113900256,170,25,145
113900257,18,683,-665
113900258,8,530,-522
113900259,147,178,-31
113900260,52,7,45
113900261,16,111,-95
113900262,70,662,-592
113900263,84,346,-262
113900264,1,519,-518
113900265,89,238,-149
113900266,17,142,-125
113900267,108,375,-267
113900268,82,124,-42
113900269,25,78,-53
113900270,142,153,-11
113900271,231,1057,-826
113900273,85,3,82
113900274,8,7,1
113900275,6,24,-18
113900276,1,228,-227
113900277,37,0,37
113900278,161,94,67
113900279,89,72,17
113900280,756,634,122
113900281,205,450,-245
113900282,473,180,293
113900283,139,219,-80
113900284,368,75,293
113900285,39,9,30
113900286,9,83,-74
113900287,6,20,-14
113900288,0,44,-44
113900289,1152,35,1117
113900290,266,40,226
113900291,89,102,-13
113900292,2,0,2
113900293,3,147,-144
113900294,160,13,147
113900295,239,164,75
113900296,1076,107,969
113900297,360,12,348
113900298,4,1077,-1073
113900299,2,42,-40
113900300,3102,814,2288
113900301,706,229,477
113900302,1886,349,1537
113900303,478,107,371
113900304,15,139,-124
113900305,14,0,14
113900306,5,0,5
113900307,6,0,6
113900308,46,76,-30
113900309,4,704,-700
113900310,0,14,-14
113900311,0,0,0
113900312,30,43,-13
113900313,5,0,5
113900314,3,24,-21
113900315,21,6,15
114000001,615,2517,-1902
114000002,92,413,-321
114000003,112,1136,-1024
114000004,155,311,-156
114000005,98,172,-74
114000006,2050,1481,569
114000007,333,1057,-724
114000008,800,639,161
114000009,223,130,93
114000011,1558,2649,-1091
114000012,909,2303,-1394
114000013,778,1794,-1016
114000014,281,535,-254
114000015,474,460,14
114000016,132,372,-240
114000017,46,86,-40
114000018,391,38,353
114000026,472,1399,-927
114000027,915,1689,-774
114000028,972,1371,-399
114000038,38,107,-69
114000039,92,269,-177
114000040,28,122,-94
114000042,48,131,-83
114000043,81,227,-146
114000044,131,250,-119
114000045,20,78,-58
114000046,1450,3180,-1730
114000047,10,44,-34
114000048,51,139,-88
114000049,936,768,168
114000050,989,694,295
114000051,2101,1031,1070
114000052,1900,784,1116
114000053,16,310,-294
114000054,51,1139,-1088
114000055,104,13,91
114000056,1153,338,815
114000057,6924,1678,5246
114000058,467,374,93
114000059,201,89,112
114000060,295,460,-165
114000061,2917,700,2217
114000062,2645,429,2216
114000063,2983,1223,1760
114000064,7090,1599,5491
114000065,1366,1437,-71
114000066,192,491,-299
114000067,19,207,-188
114000068,263,268,-5
114000069,509,217,292
114000070,1819,853,966
114000071,229,367,-138
114000072,76,284,-208
114000073,3,90,-87
114000074,10,16,-6
114000075,33,130,-97
114000076,8,157,-149
114000077,3,57,-54
114000078,38,919,-881
114000079,20,27,-7
114000080,88,73,15
114000081,17,67,-50
114000082,36,485,-449
114000083,23,242,-219
114000084,62,45,17
114000085,68,675,-607
114000086,74,534,-460
114000087,12,182,-170
114000088,17,29,-12
114000089,1242,372,870
114000090,362,307,55
114000091,1141,214,927
114000092,552,154,398
114000093,405,343,62
114000094,187,299,-112
114000095,64,54,10
114000096,56,463,-407
114000097,79,751,-672
114000098,131,41,90
114000099,129,967,-838
114000100,413,551,-138
114000101,131,1052,-921
114000102,121,233,-112
114000103,64,417,-353
114000104,2,251,-249
114000105,18,29,-11
114000106,569,208,361
114000107,48,81,-33
114000108,3398,1242,2156
114000109,219,423,-204
114000110,240,1539,-1299
114000111,452,267,185
114000112,196,2440,-2244
114000113,464,264,200
114000114,990,1761,-771
114000115,975,387,588
114000116,166,610,-444
114000117,759,272,487
114000118,880,226,654
114000119,511,161,350
114000120,240,558,-318
114000121,236,392,-156
114000122,217,206,11
114000123,423,181,242
114000124,212,266,-54
114000125,379,1168,-789
114000126,409,100,309
114000127,49,132,-83
114000128,416,407,9
114000130,206,353,-147
114000131,79,19,60
114000132,424,576,-152
114000133,761,898,-137
114000134,17,149,-132
114000138,14,125,-111
114000139,149,72,77
114000144,267,198,69
114000145,63,115,-52
114000146,52,263,-211
114000147,532,502,30
114000148,1839,718,1121
114000149,162,123,39
114000150,1905,455,1450
114000151,1435,595,840
114000152,138,8,130
114000153,1192,1113,79
114000154,699,455,244
114000155,656,975,-319
114000156,476,275,201
114000157,160,471,-311
114000158,2121,403,1718
114000159,193,265,-72
114000160,100,132,-32
114000161,1088,591,497
114000162,402,437,-35
114000163,4,109,-105
114000165,85,64,21
114000166,498,142,356
114000167,3573,875,2698
114000168,466,513,-47
114000169,1371,381,990
114000170,567,304,263
114000171,318,942,-624
114000174,78,327,-249
114000176,329,252,77
114000177,1960,556,1404
114000178,15,50,-35
114000179,756,455,301
114000180,205,365,-160
114000181,923,1157,-234
114000182,4427,1546,2881
114000183,770,808,-38
114000184,6236,1375,4861
114000185,491,583,-92
114000189,176,24,152
114000190,742,119,623
114000191,11,30,-19
114000192,291,1277,-986
114000193,817,2961,-2144
114000194,559,1129,-570
114000195,36,3,33
114000196,3,279,-276
114000197,378,42,336
114000198,963,284,679
114000199,1546,682,864
114000200,401,2313,-1912
114000201,121,1037,-916
114000202,497,799,-302
114000203,424,1304,-880
114000204,63,362,-299
114000205,181,1484,-1303
114000206,273,1002,-729
114000207,407,1965,-1558
114000208,265,3103,-2838
114000209,499,2871,-2372
114000210,249,1591,-1342
114000211,512,1054,-542
114000212,298,645,-347
114000213,700,415,285
114000214,80,169,-89
114000215,44,74,-30
114000216,432,179,253
114000217,45,279,-234
114000218,63,290,-227
114000219,357,223,134
114000220,9,1519,-1510
114000221,236,98,138
114000222,155,1137,-982
114000223,205,34,171
114000224,74,640,-566
114000225,77,381,-304
114000226,34,224,-190
114000227,467,350,117
114000228,403,831,-428
114000229,309,733,-424
114000230,872,1255,-383
114000231,372,1035,-663
114000232,222,78,144
114000233,828,69,759
114000234,713,804,-91
114000235,483,1695,-1212
114000236,1,393,-392
114000237,49,887,-838
114000238,20,109,-89
114000239,112,1172,-1060
114000240,328,450,-122
114000241,145,973,-828
114000242,728,779,-51
114000243,568,583,-15
114000244,321,256,65
114000245,158,435,-277
114000246,116,24,92
114000247,334,567,-233
114000248,359,326,33
114000249,381,429,-48
114000250,218,389,-171
114000251,83,276,-193
114000252,39,67,-28
114000253,26,213,-187
114000254,2,61,-59
114000255,325,98,227
114000256,1996,345,1651
114000257,563,1502,-939
114000258,54,431,-377
114000259,10,221,-211
114000260,0,28,-28
114000261,19,10,9
114000262,23,142,-119
114000263,7,0,7
114000264,183,483,-300
114000265,0,0,0
114000267,2,957,-955
114000268,3,1842,-1839
114000270,98,17,81
114000271,277,68,209
114000283,258,382,-124
114000285,32,274,-242
114000288,31,341,-310
114000289,600,141,459
114000293,35,349,-314
114000294,101,212,-111
114000395,655,52,603
114000396,125,196,-71
114000402,163,253,-90
114000403,115,526,-411
114000405,50,501,-451
114000423,59,461,-402
114000424,58,168,-110
114000425,151,487,-336
114000426,106,292,-186
114000427,25,77,-52
114000428,257,36,221
114000429,8,199,-191
114000432,31,139,-108
114000434,21,84,-63
114000435,0,129,-129
114900001,207,1471,-1264
114900002,124,40,84
114900003,189,2095,-1906
114900004,51,109,-58
114900005,126,841,-715
114900006,12,15,-3
114900007,54,10,44
114900008,33,15,18
114900010,2582,886,1696
114900011,35,56,-21
114900013,40,47,-7
114900018,429,37,392
114900020,55,32,23
114900022,1,565,-564
114900025,105,198,-93
114900026,33,31,2
114900029,47,12,35
114900030,88,161,-73
114900031,81,15,66
114900032,74,14,60
114900034,46,237,-191
114900035,121,165,-44
114900036,140,1013,-873
114900039,254,658,-404
114900040,62,233,-171
114900041,161,644,-483
114900042,304,826,-522
114900044,30,14,16
114900047,122,786,-664
114900048,39,245,-206
114900049,23,325,-302
114900050,48,580,-532
114900051,11,451,-440
114900052,33,117,-84
114900053,34,182,-148
114900054,15,86,-71
114900057,129,2,127
114900058,0,42,-42
114900059,25,13,12
114900063,23,254,-231
114900064,386,617,-231
114900065,124,576,-452
114900067,21,297,-276
114900068,67,307,-240
114900069,189,151,38
114900070,143,615,-472
114900072,7,203,-196
114900073,1,153,-152
114900074,101,973,-872
114900075,36,0,36
114900076,2,282,-280
114900080,3325,311,3014
114900082,2797,835,1962
114900083,434,576,-142
114900090,74,91,-17
114900091,101,186,-85
114900097,29,0,29
114900098,8,173,-165
114900099,34,3,31
115000001,7312,4537,2775
115000002,1802,1991,-189
115000003,2787,3321,-534
115000004,1374,2771,-1397
115000005,647,2391,-1744
115000006,336,1024,-688
115000007,69,108,-39
115000008,244,316,-72
115000009,94,270,-176
115000010,171,102,69
115000013,54,76,-22
115000015,75,111,-36
115000016,30,146,-116
115000019,14,231,-217
115000020,110,205,-95
115000021,203,324,-121
115000022,273,211,62
115000023,210,210,0
115000024,751,358,393
115000025,441,255,186
115000026,117,232,-115
115000027,99,147,-48
115000028,92,501,-409
115000029,177,84,93
115000030,215,591,-376
115000031,522,105,417
115000032,6,225,-219
115000033,123,11,112
115000034,102,568,-466
115000035,511,55,456
115000036,1,331,-330
115000037,128,4,124
115000038,40,149,-109
115000039,2293,1365,928
115000040,5058,2443,2615
115000041,544,1366,-822
115000042,359,447,-88
115000043,2111,1375,736
115000044,2046,3232,-1186
115000045,1210,2414,-1204
115000046,763,1790,-1027
115000047,797,1697,-900
115000048,942,2504,-1562
115000049,1120,1978,-858
115000050,1779,1418,361
115000051,1470,928,542
115000052,2779,1283,1496
115000053,984,811,173
115000054,592,1017,-425
115000055,67,326,-259
115000056,111,220,-109
115000057,162,334,-172
115000058,98,92,6
115000059,124,128,-4
115000061,78,78,0
115000062,93,243,-150
115000063,100,284,-184
115000064,131,132,-1
115000065,20,198,-178
115000067,130,16,114
115000069,19,184,-165
115000070,19,397,-378
115000071,55,4,51
115000072,15,41,-26
115000073,858,12,846
115000075,16,59,-43
115000076,2611,2735,-124
115000077,738,3165,-2427
115000078,408,1738,-1330
115000079,477,2006,-1529
115000080,985,2221,-1236
115000081,313,664,-351
115000082,1782,1792,-10
115000083,1080,3006,-1926
115000084,558,941,-383
115000085,303,803,-500
115000086,301,691,-390
115000087,368,971,-603
115000088,954,399,555
115000089,1156,1065,91
115000090,586,332,254
115000091,255,958,-703
115000092,215,253,-38
115000093,215,0,215
115000094,6664,3041,3623
115000095,5533,2546,2987
115000096,273,1932,-1659
115000097,280,615,-335
115000098,418,592,-174
115000099,975,3123,-2148
115000100,372,377,-5
115000101,231,1271,-1040
115000102,237,129,108
115000103,241,752,-511
115000105,28,191,-163
115000106,134,148,-14
115000107,62,503,-441
115000108,3046,2003,1043
115000109,4681,1352,3329
115000110,682,465,217
115000111,363,956,-593
115000112,219,270,-51
115000113,305,459,-154
115000114,1085,503,582
115000116,2023,765,1258
115000117,2560,1084,1476
115000118,940,941,-1
115000119,1094,901,193
115000120,363,427,-64
115000121,1084,474,610
115000122,2858,450,2408
115000123,1387,541,846
115000124,536,511,25
115000125,214,353,-139
115000126,46,146,-100
115000127,237,82,155
115000128,1051,508,543
115000129,95,98,-3
115000130,166,1037,-871
115000131,212,224,-12
115000132,48,567,-519
115000133,104,302,-198
115000134,71,215,-144
115000135,86,241,-155
115000136,36,185,-149
115000137,30,147,-117
115000138,100,191,-91
115000139,113,202,-89
115000140,84,194,-110
115000141,51,286,-235
115000142,60,269,-209
115000143,215,419,-204
115000144,240,64,176
115000145,167,364,-197
115000146,126,175,-49
115000147,266,433,-167
115000148,132,998,-866
115000149,187,132,55
115000150,382,1069,-687
115000151,327,277,50
115000152,288,1450,-1162
115000153,325,284,41
115000154,187,216,-29
115000155,304,1055,-751
115000156,591,371,220
115000157,582,633,-51
115000158,538,226,312
115000159,630,213,417
115000160,371,162,209
115000161,191,320,-129
115000162,474,306,168
115000163,491,503,-12
115000164,393,408,-15
115000165,273,228,45
115000167,75,119,-44
115000168,348,156,192
115000169,452,205,247
115000170,86,107,-21
115000171,139,113,26
115000172,1321,351,970
115000173,120,120,0
115000174,39,157,-118
115000175,73,81,-8
115000176,24,28,-4
115000177,74,21,53
115000178,5,220,-215
115000179,16,8,8
115000180,30,500,-470
115000181,183,70,113
115000182,266,331,-65
115000183,142,784,-642
115000186,290,171,119
115000187,103,546,-443
115000188,261,276,-15
115000189,162,321,-159
115000190,391,247,144
115000191,176,256,-80
115000194,111,70,41
115000195,182,160,22
115000196,38,115,-77
115000197,92,331,-239
115000198,84,155,-71
115000199,79,289,-210
115000200,119,81,38
115000201,84,314,-230
115000206,76,46,30
115000207,33,306,-273
115000208,328,385,-57
115000209,270,71,199
115000210,53,92,-39
115000211,75,67,8
115000212,1073,174,899
115000224,117,57,60
115000225,49,37,12
115000229,265,92,173
115000230,59,303,-244
115000231,200,2463,-2263
115000232,559,277,282
115000233,27,134,-107
115000234,9,195,-186
115000241,42,209,-167
115000242,24,278,-254
115000243,46,220,-174
115000244,3,86,-83
115000246,29,7,22
115000247,5,7,-2
115000248,5,9,-4
115000249,16,5,11
115000250,305,45,260
115000251,60,107,-47
115000252,9,104,-95
115000253,3,155,-152
115000258,100,144,-44
115000259,214,114,100
115000261,3,30,-27
115000262,2,28,-26
115000263,2,37,-35
115000264,10,34,-24
115000267,29,41,-12
115000268,12,79,-67
115000269,63,51,12
115000270,1,11,-10
115000272,29,134,-105
115000273,155,20,135
115000280,2282,61,2221
115000281,314,120,194
115000282,433,187,246
115000284,146,51,95
115000296,392,8,384
115000297,110,81,29
115000298,179,166,13
115000300,31,173,-142
115000302,83,151,-68
115000303,206,103,103
115000304,158,60,98
115000305,35,1016,-981
115000306,65,653,-588
115000307,28,351,-323
115000308,45,8,37
115000310,419,999,-580
115000311,288,1101,-813
115000313,129,642,-513
115000314,126,29,97
115000315,1097,197,900
115000316,34,34,0
115000317,126,663,-537
115000318,312,155,157
115000319,19,218,-199
115000320,10,96,-86
115000321,239,6,233
115000322,27,205,-178
115000449,174,91,83
115000557,54,301,-247
115000558,152,39,113
115000587,276,203,73
115000588,1457,3227,-1770
115000589,1609,2000,-391
115000590,518,1128,-610
115000591,592,515,77
115000592,303,959,-656
115000593,772,361,411
115000594,641,904,-263
115000609,62,103,-41
115000617,1560,966,594
115000624,93,87,6
115000633,263,1101,-838
115000634,1553,499,1054
115000635,157,93,64
115000638,962,398,564
115000641,83,109,-26
115000642,293,193,100
115000643,50,333,-283
115000644,130,265,-135
115000646,399,620,-221
115000647,225,405,-180
115000648,692,1265,-573
115000893,2910,588,2322
115000894,43,791,-748
115000895,373,618,-245
115000896,966,234,732
115000897,263,29,234
115000898,294,76,218
115000899,814,718,96
115000900,86,273,-187
115000901,86,71,15
115000912,116,30,86
115000913,2,30,-28
115000915,19,0,19
115000916,3,0,3
115000917,0,2,-2
115000918,101,122,-21
115000919,30,4,26
115000920,16,22,-6
115000921,1066,34,1032
115000922,1133,256,877
115000923,406,555,-149
115000925,24,31,-7
115000927,6,25,-19
115000933,373,85,288
115000934,43,140,-97
115000935,39,82,-43
115000936,59,161,-102
115000937,1117,115,1002
115000938,229,85,144
115000939,276,92,184
115000940,0,3,-3
115000941,9,3,6
115000942,53,33,20
115000943,80,14,66
115000944,5,4,1
115900001,10,77,-67
115900002,56,109,-53
115900003,50,75,-25
115900004,0,49,-49
115900005,35,1,34
115900006,35,384,-349
115900008,9,20,-11
115900009,26,243,-217
115900010,74,120,-46
115900011,134,222,-88
115900012,19,68,-49
115900013,219,97,122
115900014,100,122,-22
115900015,21,126,-105
115900016,17,7,10
115900017,0,0,0
115900018,124,63,61
115900019,190,15,175
115900020,29,0,29
115900021,1360,90,1270
115900022,2131,4,2127
115900023,7,0,7
115900025,38,87,-49
115900026,560,286,274
115900027,1,302,-301
115900028,410,36,374
115900029,4,412,-408
115900030,28,2,26
115900031,276,90,186
115900032,114,450,-336
115900033,2,27,-25
115900034,6,481,-475
115900035,17,95,-78
115900036,193,159,34
115900037,14,448,-434
115900038,1,9,-8
115900039,42,348,-306
115900041,217,148,69
115900042,6,3,3
115900043,28,142,-114
115900044,121,97,24
115900046,79,236,-157
115900047,42,19,23
115900049,65,151,-86
115900051,0,30,-30
115900052,7,266,-259
115900053,74,234,-160
115900054,41,23,18
115900055,7,100,-93
115900056,36,318,-282
115900057,11,0,11
115900058,16,47,-31
115900060,16,94,-78
115900061,47,0,47
115900062,1,387,-386
115900063,20,12,8
115900064,104,160,-56
115900065,17,131,-114
115900066,100,162,-62
115900067,3,848,-845
115900068,3202,102,3100
115900069,28,126,-98
115900070,46,211,-165
115900071,1,542,-541
115900072,79,227,-148
115900073,14,32,-18
115900074,3,329,-326
115900075,9,263,-254
115900076,0,72,-72
115900077,2,280,-278
115900078,10,86,-76
115900079,27,6,21
115900080,383,227,156
115900081,16,62,-46
115900082,95,59,36
115900084,75,18,57
115900085,36,26,10
115900086,1091,278,813
115900088,3,29,-26
115900089,85,644,-559
115900090,43,24,19
115900091,1,4,-3
115900092,10,207,-197
115900093,0,22,-22
115900094,1,393,-392
115900096,2,8,-6
115900097,2,442,-440
115900098,49,466,-417
115900099,18,69,-51
115900100,3,471,-468
115900101,46,399,-353
115900102,6,68,-62
115900103,98,216,-118
115900104,11,131,-120
115900105,35,609,-574
115900106,5,12,-7
115900107,6,146,-140
115900108,21,31,-10
115900109,24,289,-265
115900110,0,7,-7
115900111,0,63,-63
115900112,17,522,-505
115900113,28,21,7
115900114,1,146,-145
115900115,15,90,-75
115900116,49,776,-727
115900117,36,21,15
115900118,2,357,-355
115900119,72,49,23
115900120,11,298,-287
115900121,34,179,-145
115900124,86,167,-81
115900125,65,33,32
115900126,192,24,168
115900127,148,20,128
115900128,10,122,-112
115900129,206,14,192
115900130,29,143,-114
115900131,45,14,31
115900132,96,12,84
115900134,90,5,85
115900135,409,345,64
115900137,3,1,2
115900139,48,56,-8
115900140,50,9,41
115900141,12,29,-17
115900142,6,14,-8
115900143,76,225,-149
115900144,27,188,-161
115900146,8,158,-150
115900147,92,105,-13
115900148,10,2,8
115900149,12,24,-12
115900150,3,71,-68
115900151,2,34,-32
115900152,14,311,-297
115900153,5,151,-146
115900154,319,187,132
115900155,0,79,-79
115900156,246,257,-11
115900157,60,249,-189
115900158,22,2,20
115900159,20,188,-168
115900160,7,11,-4
115900161,6,146,-140
115900163,61,91,-30
115900164,90,1,89
115900166,78,178,-100
115900168,21,90,-69
115900171,30,206,-176
115900172,9,68,-59
115900173,102,102,0
115900174,141,149,-8
115900175,28,112,-84
115900178,1,556,-555
115900179,61,9,52
115900180,44,382,-338
115900181,68,242,-174
115900182,118,266,-148
115900183,48,10,38
115900184,1124,10,1114
115900187,2,75,-73
115900189,0,59,-59
115900190,116,201,-85
115900191,38,358,-320
115900192,2,46,-44
115900193,42,24,18
115900194,128,16,112
115900195,327,461,-134
115900198,88,129,-41
115900199,66,189,-123
115900200,182,181,1
115900201,230,129,101
115900202,1,10,-9
115900203,1,7,-6
115900204,0,1,-1
115900205,38,12,26
115900206,29,140,-111
115900207,8,21,-13
115900208,37,346,-309
115900209,3,126,-123
115900210,1,106,-105
115900211,1,178,-177
115900212,60,185,-125
115900213,36,18,18
115900214,82,99,-17
115900215,3,9,-6
115900216,6,86,-80
115900217,0,72,-72
115900218,1,48,-47
115900219,17,2,15
115900220,26,5,21
115900221,14,6,8
115900222,7,1,6
115900223,3,41,-38
115900224,1430,173,1257
115900225,78,19,59
115900226,6,26,-20
115900227,2,23,-21
115900228,0,36,-36
115900229,3,38,-35
115900230,19,72,-53
115900231,40,0,40
115900232,15,2,13
115900233,24,7,17
115900234,18,16,2
115900235,0,8,-8
115900236,19,4,15
115900237,10,17,-7
115900238,8,9,-1
115900239,5,19,-14
115900240,3,51,-48
115900241,59,38,21
115900242,166,141,25
115900243,1,3,-2
115900244,1,9,-8
115900245,3,4,-1
115900246,3,4,-1
115900247,3,5,-2
115900248,14,1,13
115900249,4,2,2
115900250,1,2,-1
115900251,0,3,-3
115900252,0,1,-1
115900253,0,4,-4
115900254,4,20,-16
115900255,1,14,-13
115900256,25,18,7
115900257,1,2,-1
115900258,0,0,0
115900259,1,2,-1
115900260,14,2,12
115900261,3,0,3
115900262,2,2,0
115900263,8,2,6
115900264,2,3,-1
115900265,0,5,-5
115900266,6,2,4
115900267,0,2,-2
115900268,0,4,-4
115900269,111,280,-169
115900270,67,641,-574
115900271,12,1,11
115900272,1,0,1
115900273,1,1,0
115900274,2,4,-2
115900275,1,29,-28
115900276,0,33,-33
115900277,1,153,-152
115900278,6,62,-56
115900279,9,99,-90
115900280,6,102,-96
115900281,526,74,452
115900282,19,14,5
115900283,12,4,8
115900284,5,16,-11
116000001,12593,3327,9266
116000002,2122,2525,-403
116000003,1093,1619,-526
116000004,1033,1115,-82
116000005,1627,2140,-513
116000006,734,620,114
116000007,2193,3284,-1091
116000008,1293,754,539
116000009,1201,2421,-1220
116000010,840,505,335
116000011,691,1760,-1069
116000012,529,410,119
116000013,13066,2576,10490
116000014,16922,4499,12423
116000015,337,475,-138
116000016,3662,595,3067
116000017,1022,570,452
116000018,788,336,452
116000019,217,205,12
116000020,227,880,-653
116000021,202,145,57
116000022,210,453,-243
116000023,282,324,-42
116000024,380,1118,-738
116000025,471,298,173
116000026,747,1209,-462
116000027,161,206,-45
116000028,262,287,-25
116000029,459,346,113
116000030,255,223,32
116000031,60,117,-57
116000032,214,173,41
116000033,169,364,-195
116000034,332,666,-334
116000035,179,325,-146
116000036,1533,300,1233
116000037,484,210,274
116000038,395,164,231
116000039,470,141,329
116000040,293,80,213
116000041,224,339,-115
116000042,541,108,433
116000043,57,413,-356
116000044,9,124,-115
116000045,722,371,351
116000046,305,362,-57
116000047,990,973,17
116000048,1108,981,127
116000049,597,1076,-479
116000050,1379,1001,378
116000051,2089,1196,893
116000052,2356,2212,144
116000053,913,787,126
116000054,566,1289,-723
116000055,336,965,-629
116000056,432,856,-424
116000057,1522,1277,245
116000058,2424,1281,1143
116000059,1690,2548,-858
116000060,1917,531,1386
116000061,293,542,-249
116000062,484,192,292
116000063,276,632,-356
116000066,159,325,-166
116000067,275,431,-156
116000068,109,291,-182
116000069,574,583,-9
116000078,177,784,-607
116000080,660,774,-114
116000082,0,68,-68
116000083,498,197,301
116000084,1609,3069,-1460
116000085,942,510,432
116000086,2044,1445,599
116000087,740,738,2
116000088,518,984,-466
116000089,64,84,-20
116000090,85,133,-48
116000091,85,51,34
116000093,349,524,-175
116000094,188,407,-219
116000095,206,473,-267
116000096,306,716,-410
116000097,214,676,-462
116000098,243,2117,-1874
116000099,7147,290,6857
116000100,61,7,54
116000101,200,1342,-1142
116000102,124,1183,-1059
116000103,163,194,-31
116000104,75,1476,-1401
116000105,365,133,232
116000106,177,1183,-1006
116000107,513,422,91
116000108,17,153,-136
116000111,40,13,27
116000113,43,41,2
116000114,24,91,-67
116000115,104,48,56
116000116,166,414,-248
116000117,622,1339,-717
116000118,587,948,-361
116000119,1020,1313,-293
116000120,1568,3144,-1576
116000121,269,265,4
116000122,971,2063,-1092
116000123,156,298,-142
116000124,161,861,-700
116000125,956,264,692
116000126,133,1187,-1054
116000127,762,1262,-500
116000128,545,445,100
116000129,348,138,210
116000130,244,204,40
116000133,282,772,-490
116000134,885,2489,-1604
116000135,738,872,-134
116000136,543,2197,-1654
116000137,346,384,-38
116000138,760,225,535
116000139,1092,1841,-749
116000140,51,177,-126
116000141,223,631,-408
116000142,1874,1038,836
116000143,1256,930,326
116000144,1161,3141,-1980
116000145,797,1078,-281
116000146,159,448,-289
116000147,146,83,63
116000148,175,272,-97
116000149,224,339,-115
116000151,158,448,-290
116000153,120,184,-64
116000155,370,556,-186
116000156,309,1050,-741
116000157,15,17,-2
116000158,232,195,37
116000159,22,12,10
116000160,8,109,-101
116000161,10,72,-62
116000162,43,29,14
116000163,6,9,-3
116000164,0,10,-10
116000177,15,50,-35
116000194,539,273,266
116000195,1143,421,722
116000196,0,8,-8
116000197,0,2,-2
116000198,2501,982,1519
116000200,432,125,307
116000201,356,379,-23
116000202,2,275,-273
116000203,6,70,-64
116000204,2,37,-35
116000205,2,126,-124
116000206,0,63,-63
116000207,0,17,-17
116000233,76,489,-413
116000287,38,604,-566
116000288,51,190,-139
116000292,18,131,-113
116000296,28,180,-152
116000297,31,6,25
116000304,31,51,-20
116000305,9,88,-79
116000346,89,171,-82
116000352,78,25,53
116000354,62,7,55
116000357,7,4,3
116000358,64,18,46
116000361,727,3,724
116000372,6998,1342,5656
116000381,23,0,23
116000388,2,16,-14
116000389,427,426,1
116000445,99,753,-654
116000446,122,988,-866
116000447,10,239,-229
116000448,422,230,192
116000563,670,370,300
116000565,93,357,-264
116000568,37,43,-6
116000579,6,78,-72
116000583,37,50,-13
116000584,5,5,0
116000585,5,17,-12
116000586,237,50,187
116000587,178,313,-135
116000589,25,67,-42
116000590,46,37,9
116000591,46,227,-181
116000592,3,103,-100
116000593,0,84,-84
116000594,136,460,-324
116000595,219,120,99
116000596,35,7,28
116000597,69,29,40
116000598,4,180,-176
116000605,149,98,51
116000606,18,93,-75
116000607,6,45,-39
116000609,86,448,-362
116000611,38,497,-459
116000612,415,1320,-905
116000613,139,202,-63
116000614,323,850,-527
116000615,1,75,-74
116000616,12,158,-146
116000617,46,143,-97
116000618,4,182,-178
116000619,10,29,-19
116000620,32,217,-185
116000621,16,58,-42
116000622,10,109,-99
116000624,18,58,-40
116000627,16,100,-84
116000628,29,508,-479
116000629,18,320,-302
116000630,106,28,78
116000631,34,55,-21
116000632,136,68,68
116000633,72,337,-265
116000634,90,104,-14
116000635,2930,1944,986
116000636,1390,644,746
116000637,84,26,58
116000638,34,416,-382
116000639,25,3,22
116000640,24,13,11
116000641,88,144,-56
116000643,24,300,-276
116000644,37,1019,-982
116000645,4,17,-13
116900001,126,120,6
116900002,172,1,171
116900003,3,75,-72
116900004,17,7,10
116900005,112,37,75
116900006,90,89,1
116900007,66,145,-79
116900008,106,459,-353
116900009,8,0,8
116900010,193,1690,-1497
116900011,5,21,-16
116900012,70,185,-115
116900013,8,160,-152
116900014,47,391,-344
116900015,90,65,25
116900016,47,0,47
116900017,4,628,-624
116900018,23,37,-14
116900019,1,318,-317
116900020,1023,133,890
116900023,39,5,34
116900024,202,56,146
116900025,166,981,-815
116900026,105,535,-430
116900027,6,28,-22
116900028,6,106,-100
116900029,1,14,-13
116900031,3,17,-14
116900032,1,356,-355
116900033,1,3,-2
116900034,2,71,-69
116900035,60,150,-90
116900036,1,64,-63
116900038,5,2,3
116900041,16,6,10
116900042,829,111,718
116900043,8,59,-51
116900047,91,17,74
116900049,25,257,-232
116900050,31,339,-308
116900051,27,170,-143
116900052,58,57,1
116900055,0,1,-1
116900057,9,273,-264
116900058,13,287,-274
116900059,2,139,-137
116900060,106,216,-110
116900062,0,8,-8
116900064,42,1033,-991
116900065,2,77,-75
116900067,43,89,-46
116900068,61,342,-281
116900070,0,1,-1
116900072,3,395,-392
116900073,2,178,-176
116900074,3,29,-26
116900076,3,29,-26
116900077,5,199,-194
116900078,169,109,60
116900079,5,385,-380
116900080,3,19,-16
116900081,205,1162,-957
116900082,59,627,-568
116900083,30,88,-58
116900084,142,45,97
116900085,12,143,-131
116900086,23,229,-206
116900088,284,43,241
116900090,99,64,35
116900091,52,81,-29
116900092,33,693,-660
116900093,1096,1156,-60
116900094,4667,1326,3341
116900095,165,138,27
116900096,68,69,-1
116900097,3259,1074,2185
116900098,685,118,567
116900099,455,271,184
116900100,199,10,189
116900101,191,509,-318
116900103,0,1,-1
116900104,20,38,-18
116900105,186,30,156
116900106,282,3,279
116900107,3472,610,2862
116900110,6,0,6
116900111,104,905,-801
116900112,86,802,-716
116900113,2313,570,1743
116900116,86,138,-52
116900117,25,51,-26
116900118,908,362,546
116900120,65,75,-10
116900121,24,19,5
116900122,177,927,-750
116900123,61,876,-815
116900124,78,663,-585
116900125,75,176,-101
116900126,164,314,-150
116900128,0,30,-30
116900129,1,271,-270
116900130,717,1055,-338
116900131,23,97,-74
116900132,8,56,-48
116900133,45,97,-52
116900134,67,180,-113
116900136,76,101,-25
116900137,136,141,-5
116900138,69,203,-134
116900139,36,311,-275
116900140,75,104,-29
116900141,294,195,99
116900142,2,14,-12
116900143,76,359,-283
116900144,7,17,-10
116900145,43,317,-274
116900147,546,156,390
116900148,0,16,-16
116900149,13,65,-52
116900150,0,5,-5
116900151,50,12,38
116900153,24,32,-8
116900154,423,89,334
116900155,23,35,-12
116900157,134,240,-106
116900158,38,68,-30
116900159,30,104,-74
116900160,335,128,207
116900161,8190,2126,6064
116900162,9,113,-104
116900163,22,133,-111
116900164,34,21,13
116900165,53,50,3
116900166,11,93,-82
116900167,112,31,81
116900168,66,38,28
116900169,574,109,465
116900170,54,119,-65
116900171,13,193,-180
116900172,159,79,80
116900173,48,28,20
116900174,22,35,-13
116900175,84,38,46
116900178,7,168,-161
116900179,42,64,-22
116900180,44,13,31
116900182,134,123,11
116900183,50,64,-14
116900185,12,12,0
116900186,50,246,-196
116900187,5,6,-1
116900188,41,4,37
116900189,5,0,5
116900191,127,259,-132
116900192,133,151,-18
116900194,35,364,-329
116900195,11,4,7
116900196,4,106,-102
116900197,29,5,24
116900198,176,56,120
116900200,30,36,-6
116900201,27,6,21
116900202,74,63,11
116900203,51,0,51
116900204,41,27,14
116900206,15,59,-44
116900207,12,11,1
116900208,2,121,-119
116900209,13,97,-84
116900210,151,136,15
116900211,92,2,90
116900212,10,64,-54
116900213,101,153,-52
116900214,51,109,-58
116900215,9,81,-72
116900216,127,321,-194
116900218,2,225,-223
116900219,488,237,251
116900220,25,110,-85
116900221,24,156,-132
116900222,204,181,23
116900223,39,104,-65
116900226,15,53,-38
116900227,107,48,59
116900228,111,226,-115
116900230,35,312,-277
116900231,5,475,-470
116900232,8,593,-585
116900233,94,51,43
116900234,7,4,3
116900235,196,331,-135
116900238,1216,284,932
116900239,27,429,-402
116900240,5308,1672,3636
116900241,14,110,-96
116900242,1228,170,1058
116900243,1,38,-37
116900245,7,2,5
116900246,32,49,-17
116900247,202,9,193
116900248,36,11,25
116900249,74,64,10
116900250,75,33,42
116900251,285,109,176
116900252,16,767,-751
116900254,2,90,-88
116900255,41,33,8
116900256,96,84,12
116900257,1,662,-661
116900258,0,430,-430
116900259,33,3,30
116900260,3,122,-119
116900261,14,2,12
116900262,39,126,-87
116900263,1,8,-7
116900264,32,26,6
116900265,11,0,11
116900266,5,57,-52
116900267,1,1,0
116900268,13,9,4
116900269,204,391,-187
116900271,1448,40,1408
116900272,419,442,-23
116900273,243,20,223
116900274,15,44,-29
116900275,31,112,-81
116900276,199,30,169
116900277,371,7,364
116900278,7,5,2
116900279,0,14,-14
116900280,20,20,0
116900281,6288,1258,5030
116900282,3,129,-126
116900283,14,149,-135
116900284,13,225,-212
116900285,313,145,168
116900286,134,3,131
116900287,2,75,-73
116900288,17,165,-148
116900289,5,27,-22
116900290,2,48,-46
116900291,1,12,-11
116900292,0,5,-5
116900293,4,96,-92
116900294,17,89,-72
116900295,125,19,106
116900296,56,35,21
116900297,7,29,-22
116900298,86,36,50
116900299,64,33,31
116900300,2,51,-49
116900301,53,70,-17
116900302,49,40,9
116900303,254,36,218
116900304,0,53,-53
116900305,12,21,-9
116900306,31,180,-149
116900307,10,0,10
116900308,1,238,-237
116900309,11,73,-62
116900310,3,31,-28
116900311,0,66,-66
117000001,814,754,60
117000002,1135,2595,-1460
117000003,4844,1391,3453
117000004,3424,3663,-239
117000005,970,902,68
117000006,751,3672,-2921
117000007,1736,853,883
117000008,1070,3883,-2813
117000009,2689,812,1877
117000010,2085,3334,-1249
117000011,694,1310,-616
117000012,795,1618,-823
117000013,616,1010,-394
117000014,605,2200,-1595
117000015,2180,862,1318
117000016,511,39,472
117000017,502,164,338
117000018,112,254,-142
117000019,123,7,116
117000020,742,695,47
117000021,2918,434,2484
117000022,538,52,486
117000023,576,112,464
117000024,314,55,259
117000025,781,409,372
117000026,2410,546,1864
117000027,2182,928,1254
117000028,2707,456,2251
117000030,630,560,70
117000031,214,179,35
117000032,1538,1075,463
117000033,942,924,18
117000034,316,264,52
117000035,172,140,32
117000036,300,304,-4
117000037,147,145,2
117000038,250,412,-162
117000039,271,222,49
117000040,78,1103,-1025
117000041,318,115,203
117000044,12,1112,-1100
117000045,217,38,179
117000046,338,870,-532
117000047,490,356,134
117000048,1751,1218,533
117000049,104,296,-192
117000050,70,2372,-2302
117000051,966,134,832
117000052,4,621,-617
117000053,124,76,48
117000054,789,4,785
117000055,113,2743,-2630
117000056,227,5,222
117000057,603,1904,-1301
117000060,328,1388,-1060
117000061,959,561,398
117000062,92,447,-355
117000063,1076,406,670
117000064,786,667,119
117000066,876,499,377
117000067,120,195,-75
117000074,124,120,4
117000076,56,33,23
117000077,64,51,13
117000078,68,551,-483
117000079,202,110,92
117000080,1,344,-343
117000081,440,65,375
117000082,16,46,-30
117000083,153,159,-6
117000084,216,0,216
117000085,90,359,-269
117000086,779,579,200
117000087,94,513,-419
117000088,221,142,79
117000089,814,257,557
117000090,155,1472,-1317
117000091,288,227,61
117000092,216,1536,-1320
117000093,443,458,-15
117000094,506,2213,-1707
117000095,1279,505,774
117000096,412,2299,-1887
117000097,490,918,-428
117000098,2194,4754,-2560
117000099,1267,567,700
117000100,63,78,-15
117000101,154,1239,-1085
117000102,738,358,380
117000103,669,1739,-1070
117000104,674,339,335
117000105,642,1677,-1035
117000106,562,510,52
117000107,384,1808,-1424
117000108,719,750,-31
117000109,1365,2748,-1383
117000110,671,411,260
117000111,2415,3743,-1328
117000112,1539,1547,-8
117000113,40,361,-321
117000114,49,110,-61
117000115,23,187,-164
117000116,35,222,-187
117000117,1099,243,856
117000118,261,129,132
117000119,434,47,387
117000120,282,89,193
117000121,164,396,-232
117000122,489,721,-232
117000123,1397,20,1377
117000124,719,12,707
117000125,278,31,247
117000126,63,30,33
117000127,129,260,-131
117000128,355,365,-10
117000129,566,308,258
117000130,97,0,97
117000131,0,200,-200
117000132,648,24,624
117000133,358,73,285
117000134,4,37,-33
117000135,45,48,-3
117000136,2,58,-56
117000137,31,33,-2
117000138,0,346,-346
117000140,467,1641,-1174
117000141,777,422,355
117000181,721,274,447
117000182,139,100,39
117000195,117,1107,-990
117000196,55,36,19
117000225,104,1,103
117000226,8,72,-64
117000276,63,7,56
117000277,1,600,-599
117000310,1577,2165,-588
117000315,18,503,-485
117000320,70,0,70
117000906,79,8,71
117000907,2,463,-461
117000909,78,19,59
117000910,119,88,31
117000911,62,219,-157
117000915,6,566,-560
117000916,4,1,3
117000917,278,15,263
117000918,27,24,3
117000919,5,137,-132
117000920,2,1429,-1427
117000921,9,2293,-2284
117000922,43,72,-29
117000924,229,454,-225
117000926,1029,101,928
117000927,1535,182,1353
117000928,0,417,-417
117000929,78,654,-576
117000930,72,13,59
117000931,503,41,462
117900002,97,261,-164
117900003,659,191,468
117900005,2,3,-1
117900006,0,15,-15
117900007,57,168,-111
117900008,0,43,-43
117900010,160,162,-2
117900011,17,10,7
117900012,48,167,-119
117900013,0,336,-336
117900014,648,276,372
117900015,10,215,-205
117900016,981,240,741
117900017,486,656,-170
117900018,126,31,95
117900019,142,586,-444
117900020,58,130,-72
117900021,31,98,-67
117900023,524,154,370
117900024,62,94,-32
117900025,12,2,10
117900026,215,541,-326
117900028,54,2,52
117900029,76,1359,-1283
117900031,130,57,73
117900032,306,312,-6
117900033,91,996,-905
117900034,29,41,-12
117900035,96,44,52
117900036,87,769,-682
117900037,24,79,-55
117900038,6,377,-371
117900039,8,84,-76
117900040,57,514,-457
117900041,3,44,-41
117900042,3825,373,3452
117900043,22,44,-22
117900044,31,2656,-2625
117900045,74,64,10
117900048,83,274,-191
117900049,93,938,-845
117900050,4,36,-32
117900051,50,3,47
117900052,26,162,-136
117900053,345,626,-281
117900054,0,9,-9
117900055,79,111,-32
117900056,310,39,271
117900057,500,1134,-634
117900058,85,14,71
117900059,301,66,235
117900060,273,4989,-4716
117900061,5,108,-103
117900063,111,256,-145
117900065,596,1006,-410
117900066,2,24,-22
117900067,167,334,-167
117900069,308,437,-129
117900070,144,1,143
117900071,46,89,-43
117900073,123,456,-333
117900074,210,1,209
117900075,20,35,-15
117900076,3,73,-70
117900077,117,63,54
117900078,137,234,-97
117900080,83,28,55
117900081,474,332,142
117900082,169,112,57
117900083,127,690,-563
117900086,68,29,39
117900087,26,30,-4
117900088,2238,1237,1001
117900089,746,155,591
117900090,328,952,-624
117900091,99,115,-16
117900092,32,20,12
117900093,13,46,-33
117900094,15,6,9
117900095,311,1172,-861
117900096,14,120,-106
117900097,49,52,-3
117900098,0,5,-5
117900099,69,446,-377
117900100,38,0,38
117900101,304,558,-254
117900102,21,40,-19
117900103,10,0,10
117900104,34,127,-93
117900105,87,180,-93
117900106,44,27,17
117900107,6,0,6
117900109,171,182,-11
117900110,24,0,24
117900111,87,3,84
117900112,39,9,30
117900113,3427,1117,2310
117900114,4,0,4
117900115,356,16,340
117900116,799,581,218
117900117,167,278,-111
117900118,8,0,8
117900119,38,251,-213
117900120,25,107,-82
117900121,10,31,-21
117900122,822,1007,-185
117900123,488,774,-286
117900124,391,467,-76
117900125,831,383,448
117900126,201,498,-297
117900127,132,446,-314
117900128,120,935,-815
117900129,11,0,11
117900130,405,202,203
117900131,0,91,-91
117900132,12,104,-92
117900133,4,126,-122
117900134,39,143,-104
117900135,10,223,-213
117900136,0,50,-50
117900137,13,322,-309
117900138,0,42,-42
117900139,24,115,-91
117900140,5268,25,5243
117900141,106,261,-155
117900142,210,2,208
117900144,48,59,-11
117900145,51,2,49
117900146,154,55,99
117900147,19,24,-5
117900148,1959,753,1206
117900149,16,142,-126
117900150,16,69,-53
117900151,22,119,-97
117900152,80,88,-8
117900153,3,87,-84
117900154,259,664,-405
117900156,560,521,39
117900157,45,350,-305
117900158,65,37,28
117900160,211,133,78
117900161,2029,2030,-1
117900162,140,333,-193
117900163,89,19,70
117900165,1,7,-6
117900166,75,129,-54
117900168,77,87,-10
117900169,0,39,-39
117900170,1,19,-18
117900171,2,4,-2
117900172,13,13,0
117900173,76,24,52
117900174,12,20,-8
117900175,3,27,-24
117900176,6,30,-24
117900177,4,41,-37
117900178,72,16,56
117900180,149,15,134
117900181,84,86,-2
117900182,0,12,-12
117900183,12,115,-103
117900184,8,26,-18
117900185,12,24,-12
117900186,6,8,-2
117900187,7,7,0
117900188,93,10,83
117900189,39,20,19
117900190,7,1,6
117900191,15,0,15
117900192,30,0,30
117900193,0,23,-23
117900194,1,4,-3
117900195,2,7,-5
117900196,12,15,-3
117900207,81,36,45
117900208,8,61,-53
117900209,137,129,8
117900210,91,89,2
117900211,2,128,-126
117900212,40,118,-78
117900213,7,10,-3
117900214,0,36,-36
117900215,18,76,-58
117900216,62,35,27
117900217,160,43,117
117900218,218,192,26
117900219,1,40,-39
117900220,89,29,60
117900222,151,191,-40
117900223,147,162,-15
118000001,486,322,164
118000002,2428,1550,878
118000003,1361,792,569
118000004,2261,1435,826
118000005,5303,1067,4236
118000006,6581,3817,2764
118000007,4896,1499,3397
118000008,4182,1828,2354
118000009,1515,1532,-17
118000010,1624,2693,-1069
118000011,560,2241,-1681
118000012,658,2319,-1661
118000013,2412,2127,285
118000014,1503,3098,-1595
118000016,147,321,-174
118000017,74,198,-124
118000018,173,526,-353
118000019,1443,892,551
118000020,828,742,86
118000021,478,952,-474
118000022,1290,345,945
118000023,916,235,681
118000024,1251,396,855
118000027,16864,3610,13254
118000029,951,301,650
118000032,1494,1005,489
118000033,1820,1312,508
118000034,3914,1278,2636
118000035,1010,905,105
118000036,788,721,67
118000037,421,739,-318
118000038,63,91,-28
118000039,43,390,-347
118000040,1033,1961,-928
118000041,1243,1320,-77
118000045,942,462,480
118000046,1549,397,1152
118000047,1321,329,992
118000048,2281,683,1598
118000051,1342,435,907
118000052,685,246,439
118000053,310,312,-2
118000054,1588,829,759
118000055,1060,1159,-99
118000056,108,161,-53
118000057,152,242,-90
118000058,2379,715,1664
118000059,1579,566,1013
118000060,483,538,-55
118000061,357,922,-565
118000062,388,157,231
118000063,275,355,-80
118000064,780,847,-67
118000065,4341,957,3384
118000066,536,593,-57
118000067,990,527,463
118000068,1206,2420,-1214
118000069,2920,776,2144
118000070,6647,859,5788
118000071,2876,2869,7
118000072,1516,821,695
118000073,2529,341,2188
118000074,736,543,193
118000075,847,254,593
118000076,989,937,52
118000077,1053,794,259
118000078,1229,1136,93
118000079,180,163,17
118000080,842,714,128
118000081,1036,811,225
118000082,202,497,-295
118000083,1512,842,670
118000084,1688,992,696
118000086,104,397,-293
118000087,4694,1787,2907
118000088,1221,1078,143
118000089,2462,1476,986
118000090,1944,1633,311
118000091,1040,899,141
118000092,771,242,529
118000093,92,423,-331
118000096,327,333,-6
118000097,418,332,86
118000098,154,158,-4
118000099,238,681,-443
118000101,379,319,60
118000102,246,1190,-944
118000107,3229,269,2960
118000108,378,663,-285
118000110,0,22,-22
118000111,4,763,-759
118000112,121,2,119
118000113,6,1213,-1207
118000114,62,3,59
118000115,5,15,-10
118000116,33,1,32
118000117,948,677,271
118000118,557,541,16
118000119,437,809,-372
118000120,957,1043,-86
118000121,79,424,-345
118000122,887,187,700
118000123,35,253,-218
118000125,1414,867,547
118000126,413,1019,-606
118000127,1146,417,729
118000128,503,836,-333
118000129,891,225,666
118000130,1823,2910,-1087
118000131,480,853,-373
118000132,1255,1024,231
118000133,332,397,-65
118000135,228,188,40
118000136,76,524,-448
118000137,390,62,328
118000138,163,711,-548
118000139,75,109,-34
118000140,1278,2041,-763
118000141,959,1536,-577
118000142,599,1515,-916
118000143,758,697,61
118000144,984,857,127
118000145,913,2006,-1093
118000146,637,1064,-427
118000147,426,1406,-980
118000148,375,1273,-898
118000149,332,1173,-841
118000150,119,246,-127
118000151,126,355,-229
118000153,432,841,-409
118000154,770,1405,-635
118000155,448,881,-433
118000156,1367,1558,-191
118000157,177,264,-87
118000158,82,302,-220
118000159,7,57,-50
118000160,196,302,-106
118000161,162,588,-426
118000162,496,737,-241
118000163,264,454,-190
118000164,1580,1082,498
118000168,699,85,614
118000169,571,1262,-691
118000170,2368,5135,-2767
118000171,138,476,-338
118000172,82,252,-170
118000173,503,986,-483
118000175,151,244,-93
118000176,117,240,-123
118000177,101,361,-260
118000178,52,27,25
118000179,1077,389,688
118000180,447,555,-108
118000181,402,187,215
118000182,162,170,-8
118000183,157,132,25
118000184,207,761,-554
118000185,641,346,295
118000186,353,430,-77
118000187,367,657,-290
118000188,225,150,75
118000189,88,612,-524
118000190,2,8,-6
118000191,18,18,0
118000192,70,98,-28
118000193,22,144,-122
118000194,1529,776,753
118000195,1036,345,691
118000196,304,98,206
118000197,852,70,782
118000198,876,259,617
118000199,1357,236,1121
118000200,31,138,-107
118000201,474,228,246
118000202,20,21,-1
118000203,1471,218,1253
118000204,114,117,-3
118000205,278,130,148
118000206,78,156,-78
118000207,0,102,-102
118000208,572,1113,-541
118000209,913,1983,-1070
118000210,19,33,-14
118000211,11,16,-5
118000213,621,495,126
118000214,436,234,202
118000215,112,290,-178
118000216,669,2501,-1832
118000217,21,73,-52
118000218,15,75,-60
118000219,263,219,44
118000220,0,9,-9
118000221,21,118,-97
118000222,40,18,22
118000223,23,22,1
118000224,128,67,61
118000225,72,885,-813
118000226,499,74,425
118000227,786,163,623
118000228,113,67,46
118000229,119,28,91
118000230,39,185,-146
118000231,24,125,-101
118000232,274,728,-454
118000233,334,590,-256
118000234,82,193,-111
118000236,95,314,-219
118000237,12,305,-293
118000238,60,284,-224
118000239,146,174,-28
118000240,425,33,392
118000241,34,215,-181
118000242,113,490,-377
118000243,29,132,-103
118000244,25,125,-100
118000246,29,14,15
118000255,42,133,-91
118000256,79,158,-79
118000259,0,12,-12
118000260,15,57,-42
118000261,2,37,-35
118000263,18,131,-113
118000266,67,390,-323
118000267,0,63,-63
118000268,191,5,186
118000270,9,15,-6
118000271,144,231,-87
118000272,13,13,0
118000273,39,49,-10
118000274,60,225,-165
118000276,132,212,-80
118000295,2,27,-25
118000298,77,338,-261
118000299,63,164,-101
118000301,0,56,-56
118000302,36,70,-34
118000311,65,94,-29
118000312,106,137,-31
118000313,12,111,-99
118000314,32,79,-47
118000315,4,44,-40
118000316,231,397,-166
118000325,14,63,-49
118000326,8,29,-21
118000331,2,37,-35
118000332,16,26,-10
118000333,13,65,-52
118000335,68,1,67
118000336,2,386,-384
118000407,35,36,-1
118000457,5,29,-24
118000465,3579,1577,2002
118000480,13,94,-81
118000489,21,71,-50
118000490,63,361,-298
118000492,87,118,-31
118000510,29,16,13
118000514,159,262,-103
118000515,388,287,101
118000517,240,149,91
118000524,535,103,432
118000525,440,641,-201
118000530,20,68,-48
118000531,98,221,-123
118000532,85,184,-99
118000533,229,67,162
118000534,275,229,46
118000535,113,107,6
118000536,928,327,601
118000537,156,77,79
118000538,133,99,34
118000539,14,73,-59
118000540,133,177,-44
118000541,115,122,-7
118000542,27,92,-65
118000543,104,167,-63
118000546,51,51,0
118000553,0,1,-1
118000560,2450,427,2023
118000562,12,421,-409
118000563,1367,1048,319
118000576,127,151,-24
118000577,137,133,4
118000578,101,96,5
118000579,623,638,-15
118000583,0,0,0
118000595,92,77,15
118000596,0,57,-57
118000597,81,119,-38
118000598,0,0,0
118000599,76,38,38
118000600,1,2,-1
118000601,1,0,1
118000602,0,7,-7
118000603,0,99,-99
118000605,18,580,-562
118000606,7,35,-28
118000607,56,229,-173
118900001,939,405,534
118900002,659,315,344
118900003,34,9,25
118900004,18,37,-19
118900005,38,1,37
118900006,31,1,30
118900007,5,5,0
118900008,827,29,798
118900009,7,7,0
118900010,10,2,8
118900011,38,7,31
118900012,195,139,56
118900013,565,20,545
118900015,35,7,28
118900016,2,32,-30
118900017,138,103,35
118900018,817,7,810
118900019,49,9,40
118900020,115,95,20
118900021,69,225,-156
118900022,51,83,-32
118900023,23,68,-45
118900024,6,143,-137
118900025,20,12,8
118900026,30,65,-35
118900027,276,163,113
118900028,37,105,-68
118900029,63,349,-286
118900030,75,33,42
118900031,56,110,-54
118900032,45,183,-138
118900033,173,541,-368
118900034,28,4,24
118900035,52,279,-227
118900036,463,387,76
118900037,128,238,-110
118900038,133,287,-154
118900039,104,184,-80
118900040,100,112,-12
118900041,120,188,-68
118900042,112,82,30
118900045,109,135,-26
118900046,671,99,572
118900047,597,147,450
118900048,93,111,-18
118900049,30,41,-11
118900050,3,90,-87
118900051,58,54,4
118900052,79,215,-136
118900053,13,31,-18
118900054,57,78,-21
118900055,7,103,-96
118900056,70,99,-29
118900057,128,191,-63
118900058,147,345,-198
118900059,8,41,-33
118900062,28,168,-140
118900064,582,208,374
118900065,3,70,-67
118900066,27,94,-67
118900067,5425,1611,3814
118900068,2,113,-111
118900069,174,177,-3
118900071,0,34,-34
118900072,149,309,-160
118900073,37,76,-39
118900074,33,131,-98
118900075,14,61,-47
118900076,65,46,19
118900077,142,120,22
118900078,20,11,9
118900079,27,161,-134
118900080,3,62,-59
118900081,37,6,31
118900082,243,124,119
118900083,5,12,-7
118900084,7,12,-5
118900085,287,777,-490
118900086,10,34,-24
118900087,69,122,-53
118900088,0,23,-23
118900089,5,8,-3
118900090,228,342,-114
118900091,108,64,44
118900092,24,51,-27
118900093,77,2,75
118900096,75,51,24
118900097,77,709,-632
118900099,21,226,-205
118900100,100,166,-66
118900101,7,319,-312
118900102,1,26,-25
118900103,7,18,-11
118900104,15,71,-56
118900105,44,44,0
118900107,79,48,31
118900108,20,35,-15
118900110,898,205,693
118900111,123,543,-420
118900112,15,91,-76
118900113,65,445,-380
118900114,14,50,-36
118900115,28,194,-166
118900116,25,89,-64
118900117,19,88,-69
118900118,74,364,-290
118900119,83,291,-208
118900120,37,263,-226
118900121,1,301,-300
118900122,4,272,-268
118900123,58,138,-80
118900124,16,118,-102
118900126,16,107,-91
118900129,100,60,40
118900130,40,64,-24
118900131,33,230,-197
118900132,134,72,62
118900133,25,25,0
118900135,65,129,-64
118900136,77,703,-626
118900137,3,11,-8
118900139,94,547,-453
118900140,246,712,-466
118900141,9,258,-249
118900144,87,559,-472
118900145,15,149,-134
118900146,67,599,-532
118900147,109,68,41
118900148,15,42,-27
118900150,425,340,85
118900152,197,714,-517
118900157,87,87,0
118900158,24,85,-61
118900159,1,164,-163
118900161,50,2,48
118900163,223,30,193
118900164,4,70,-66
118900165,4,121,-117
118900166,14,3,11
118900167,16,113,-97
118900168,26,15,11
118900169,35,227,-192
118900170,20,40,-20
118900171,4,10,-6
118900174,11,26,-15
118900175,80,244,-164
118900176,23,102,-79
118900177,15,49,-34
118900178,5,54,-49
118900179,5,24,-19
118900182,29,12,17
118900183,8,13,-5
118900184,48,12,36
118900185,56,158,-102
118900186,53,71,-18
118900187,90,180,-90
118900188,74,223,-149
118900189,19,238,-219
118900190,6,553,-547
118900191,69,33,36
118900192,59,22,37
118900193,89,3,86
118900195,226,686,-460
118900196,10,92,-82
118900197,55,103,-48
118900198,2,44,-42
118900199,4,68,-64
118900200,3,4,-1
118900201,7,2,5
118900202,9,26,-17
118900203,6,34,-28
118900204,4,20,-16
118900205,2,9,-7
118900206,0,16,-16
119000001,608,853,-245
119000002,1197,2092,-895
119000003,635,1248,-613
119000004,906,938,-32
119000005,992,1072,-80
119000006,1063,1164,-101
119000007,1604,2053,-449
119000008,1027,1624,-597
119000009,2228,1502,726
119000010,6359,2474,3885
119000011,4253,1012,3241
119000012,3604,1797,1807
119000013,1429,800,629
119000014,1357,2400,-1043
119000019,105,107,-2
119000020,604,924,-320
119000021,1692,1366,326
119000022,2068,966,1102
119000023,231,144,87
119000024,1732,3558,-1826
119000025,9839,781,9058
119000026,191,137,54
119000027,266,206,60
119000028,1243,700,543
119000029,58,148,-90
119000030,298,936,-638
119000031,427,498,-71
119000032,1479,1413,66
119000033,1107,1140,-33
119000034,659,769,-110
119000035,17,318,-301
119000036,545,1060,-515
119000037,556,1938,-1382
119000038,46,1089,-1043
119000039,79,195,-116
119000040,700,278,422
119000041,663,830,-167
119000048,2423,3243,-820
119000049,720,3402,-2682
119000050,1105,1854,-749
119000051,1197,703,494
119000052,1619,2207,-588
119000053,1015,717,298
119000054,1666,3350,-1684
119000055,1770,2920,-1150
119000056,964,1644,-680
119000057,816,2090,-1274
119000058,1118,1737,-619
119000059,600,1155,-555
119000060,687,579,108
119000061,569,581,-12
119000062,692,986,-294
119000063,146,260,-114
119000064,971,1218,-247
119000065,1327,2452,-1125
119000066,899,713,186
119000067,1155,2134,-979
119000068,638,751,-113
119000069,915,2056,-1141
119000070,999,1010,-11
119000071,489,598,-109
119000072,4929,2884,2045
119000073,3087,3633,-546
119000074,388,3575,-3187
119000075,527,2266,-1739
119000076,313,588,-275
119000077,336,238,98
119000078,172,429,-257
119000079,105,801,-696
119000080,81,178,-97
119000081,108,286,-178
119000082,163,195,-32
119000083,189,260,-71
119000084,225,539,-314
119000085,530,354,176
119000086,185,294,-109
119000087,1343,950,393
119000088,205,182,23
119000089,51,90,-39
119000090,130,179,-49
119000091,192,206,-14
119000092,635,255,380
119000093,3239,3016,223
119000094,1414,4007,-2593
119000095,591,2468,-1877
119000097,1964,1251,713
119000098,363,1055,-692
119000099,1338,1332,6
119000100,1331,1502,-171
119000101,1314,1525,-211
119000102,391,494,-103
119000103,807,322,485
119000104,2692,1127,1565
119000105,362,591,-229
119000106,134,1842,-1708
119000107,240,361,-121
119000108,152,1370,-1218
119000109,76,191,-115
119000110,191,242,-51
119000111,21,322,-301
119000112,86,74,12
119000113,1598,180,1418
119000114,340,271,69
119000115,90,188,-98
119000116,79,55,24
119000117,37,168,-131
119000118,1,4,-3
119000123,1758,530,1228
119000124,183,197,-14
119000125,1073,1038,35
119000126,237,959,-722
119000127,146,883,-737
119000128,20,8,12
119000131,405,1194,-789
119000132,0,3,-3
119000133,1,3,-2
119000134,2367,352,2015
119000135,23,210,-187
119000136,62,304,-242
119000137,49,524,-475
119000138,94,375,-281
119000139,124,247,-123
119000140,51,152,-101
119000284,1147,1958,-811
119000285,1953,1486,467
119000286,4894,3214,1680
119000287,830,1519,-689
119000288,1132,1414,-282
119000289,1687,2959,-1272
119000290,60,375,-315
119000291,6,279,-273
119000293,46,141,-95
119000294,11,30,-19
119000295,1799,448,1351
119000296,112,79,33
119000302,3731,1026,2705
119000303,25,140,-115
119000314,1090,3155,-2065
119000315,4,610,-606
119000316,31,94,-63
119000317,10,471,-461
119000319,137,486,-349
119900001,51,452,-401
119900002,32,227,-195
119900003,30,1015,-985
119900004,289,190,99
119900005,42,166,-124
119900006,65,190,-125
119900007,355,34,321
119900008,10,12,-2
119900009,151,384,-233
119900010,377,635,-258
119900011,3,25,-22
119900012,5,17,-12
119900013,1000,418,582
119900014,364,118,246
119900015,34,4,30
119900016,11,46,-35
119900017,2,24,-22
119900018,1151,140,1011
119900019,9,3,6
119900020,29,101,-72
119900021,28,26,2
119900022,82,146,-64
119900023,631,345,286
119900025,24,12,12
119900026,627,35,592
119900027,3,14,-11
119900028,100,15,85
119900029,0,3,-3
119900030,227,319,-92
119900031,24,138,-114
119900033,1316,69,1247
119900034,50,85,-35
119900037,22,23,-1
119900038,14,71,-57
119900039,16,3,13
119900040,32,2,30
119900041,14,54,-40
119900042,47,92,-45
119900043,19,154,-135
119900044,69,168,-99
119900046,9,29,-20
119900047,69,60,9
119900049,15,1,14
119900050,17,12,5
119900051,249,8,241
119900052,17,22,-5
119900053,74,206,-132
119900054,29,0,29
119900055,310,152,158
119900057,63,52,11
119900058,69,5,64
119900059,46,22,24
119900060,49,3,46
119900061,35,1,34
119900062,11,7,4
119900063,1,31,-30
119900065,71,3,68
119900067,23,11,12
119900068,101,1,100
119900069,17,8,9
119900070,169,1,168
119900071,166,9,157
119900073,1445,237,1208
119900074,8,7,1
119900075,5290,972,4318
119900076,5,35,-30
119900077,160,1271,-1111
119900078,174,594,-420
119900079,31,287,-256
119900080,124,243,-119
119900081,108,3,105
119900082,251,27,224
119900083,209,46,163
119900084,390,86,304
119900085,84,27,57
119900086,105,1143,-1038
119900087,125,76,49
119900088,17,27,-10
119900089,5,525,-520
119900090,109,15,94
119900091,12,1089,-1077
119900092,8,301,-293
119900093,289,42,247
119900094,8,166,-158
119900095,130,40,90
119900096,27,56,-29
119900097,318,126,192
119900098,9,24,-15
119900099,26,176,-150
119900100,2519,1065,1454
119900101,142,431,-289
119900102,11,245,-234
119900103,8,409,-401
119900104,8,176,-168
119900105,214,813,-599
119900106,5,227,-222
119900107,202,3394,-3192
119900108,1398,509,889
119900109,13,201,-188
119900110,278,585,-307
119900111,27,477,-450
119900112,2773,255,2518
119900113,52,446,-394
119900114,90,1711,-1621
119900115,39,1171,-1132
119900116,35,174,-139
119900117,91,832,-741
119900118,16,1179,-1163
119900119,82,180,-98
119900120,380,510,-130
119900121,78,1342,-1264
119900122,166,331,-165
119900123,82,171,-89
119900124,74,914,-840
119900125,36,325,-289
119900126,4299,110,4189
119900127,2498,551,1947
119900128,111,671,-560
119900129,55,800,-745
119900130,33,170,-137
119900131,15,280,-265
119900132,0,376,-376
119900133,1,13,-12
119900134,1969,197,1772
119900135,0,410,-410
119900136,80,447,-367
119900138,262,421,-159
119900139,3,30,-27
119900140,0,140,-140
119900141,66,164,-98
119900142,0,4,-4
119900143,9,143,-134
119900144,1812,171,1641
119900145,41,188,-147
119900146,96,61,35
119900147,2,68,-66
119900148,32,23,9
119900149,1251,1110,141
119900150,121,138,-17
119900151,892,417,475
119900152,24,396,-372
119900153,45,57,-12
119900154,2,1034,-1032
119900155,10,15,-5
119900156,2,4,-2
119900157,8,196,-188
119900158,18,24,-6
119900159,3,1678,-1675
119900160,8,199,-191
119900161,158,187,-29
119900162,385,287,98
119900163,57,53,4
119900164,0,2,-2
119900165,20,155,-135
119900166,19,15,4
119900167,67,93,-26
119900168,220,281,-61
119900169,68,127,-59
119900170,60,82,-22
119900171,251,390,-139
119900172,22,9,13
119900173,1,538,-537
119900174,0,255,-255
119900175,376,471,-95
119900177,10,242,-232
119900178,2,172,-170
119900179,22,139,-117
119900180,393,434,-41
119900181,10,11,-1
119900182,3,446,-443
119900183,50,877,-827
119900184,2419,364,2055
119900185,8,56,-48
119900186,13,183,-170
119900187,8,470,-462
119900188,16,325,-309
119900189,161,102,59
119900190,22,77,-55
119900191,167,87,80
119900192,7,176,-169
119900193,67,147,-80
119900194,8,13,-5
119900195,8,175,-167
119900196,1521,379,1142
119900197,38,84,-46
119900198,40,421,-381
119900199,72,3,69
119900200,151,381,-230
119900201,333,105,228
119900202,117,38,79
119900203,55,180,-125
119900204,52,193,-141
119900205,131,502,-371
119900206,25,93,-68
119900208,52,98,-46
119900209,172,347,-175
119900210,7,40,-33
119900211,34,6,28
119900212,101,735,-634
119900213,1,35,-34
119900214,2,79,-77
119900215,7,90,-83
119900216,7,74,-67
119900217,2,44,-42
119900218,3,55,-52
119900219,8,90,-82
119900220,0,102,-102
119900221,14,348,-334
119900222,3,234,-231
119900223,3,71,-68
119900224,6,27,-21
119900225,904,33,871
119900226,666,462,204
119900227,1052,240,812
119900228,9,156,-147
119900229,177,276,-99
119900230,981,438,543
119900231,61,167,-106
119900232,78,29,49
119900233,7,0,7
119900234,2,10,-8
119900235,4,10,-6
119900236,9,137,-128
119900237,14,375,-361
119900238,0,67,-67
119900240,11,90,-79
119900241,72,177,-105
119900242,1062,574,488
119900244,461,756,-295
119900245,22,79,-57
119900246,116,148,-32
119900247,10,10,0
119900248,16,15,1
119900249,82,29,53
119900253,3617,173,3444
119900254,14,150,-136
119900255,15,336,-321
119900256,75,1264,-1189
119900257,10,0,10
119900258,9,1,8
119900259,0,193,-193
119900260,33,1,32
119900261,69,138,-69
119900262,1,319,-318
119900263,605,280,325
119900264,30,230,-200
119900265,38,245,-207
119900266,84,251,-167
119900267,44,211,-167
119900268,93,178,-85
119900269,142,990,-848
119900271,6,65,-59
119900272,36,19,17
119900275,61,11,50
119900276,19,1,18
119900277,2,1,1
119900278,114,42,72
119900279,43,69,-26
119900280,883,158,725
119900281,0,29,-29
119900282,27,15,12
119900283,2,296,-294
119900284,20,91,-71
119900285,14,30,-16
119900286,4,8,-4
119900288,2,40,-38
119900289,0,28,-28
119900290,0,28,-28
119900291,0,14,-14
119900292,5,3,2
119900293,14,36,-22
119900294,11,49,-38
119900295,1,38,-37
119900296,7,169,-162
119900297,0,7,-7
119900298,0,0,0
119900299,11,223,-212
119900300,54,157,-103
119900301,29,7,22
119900302,8,15,-7
119900303,51,95,-44
119900304,45,14,31
119900305,19,76,-57
119900306,12,6,6
119900307,9,112,-103
119900308,3,9,-6
119900309,5,31,-26
119900310,157,251,-94
119900311,15,208,-193
119900312,27,72,-45
119900313,70,299,-229
119900314,51,184,-133
119900315,384,2575,-2191
119900318,3,6,-3
119900319,0,281,-281
119900320,26,738,-712
119900321,13,0,13
120000001,6316,5962,354
120000002,1499,2731,-1232
120000003,2763,1502,1261
120000004,2261,1781,480
120000005,4135,1518,2617
120000006,928,1071,-143
120000007,2739,1856,883
120000008,739,1002,-263
120000009,4555,701,3854
120000010,1195,2805,-1610
120000011,821,1720,-899
120000012,1138,2153,-1015
120000013,1604,2401,-797
120000014,409,1218,-809
120000015,1924,1251,673
120000016,1871,1832,39
120000017,1284,1351,-67
120000018,3923,4402,-479
120000019,545,790,-245
120000020,2060,1745,315
120000021,1455,1168,287
120000022,2066,2140,-74
120000023,736,1183,-447
120000024,1020,1562,-542
120000025,1413,1959,-546
120000026,492,1647,-1155
120000027,789,1138,-349
120000028,322,207,115
120000029,1265,283,982
120000030,78,484,-406
120000031,1405,3017,-1612
120000032,8945,2356,6589
120000033,1986,1501,485
120000034,841,1999,-1158
120000035,916,2307,-1391
120000036,1660,2856,-1196
120000037,433,580,-147
120000038,9055,2272,6783
120000039,258,941,-683
120000040,52,81,-29
120000041,245,1506,-1261
120000042,1120,3995,-2875
120000043,2896,1926,970
120000044,2122,940,1182
120000045,1865,759,1106
120000046,1027,1146,-119
120000047,1778,1776,2
120000048,6773,2372,4401
120000049,2685,2269,416
120000050,2313,3986,-1673
120000051,3214,2895,319
120000052,13563,1836,11727
120000053,731,4529,-3798
120000054,1137,6768,-5631
120000055,826,4145,-3319
120000056,2079,3825,-1746
120000057,1088,698,390
120000058,220,184,36
120000059,17,638,-621
120000061,61,498,-437
120000062,186,159,27
120000063,1733,2656,-923
120000064,174,1606,-1432
120000065,231,1543,-1312
120000066,59,283,-224
120000067,12,524,-512
120000068,78,1021,-943
120000069,321,1519,-1198
120000070,14,1018,-1004
120000071,85,165,-80
120000072,142,469,-327
120000073,119,93,26
120000074,28,37,-9
120000075,117,140,-23
120000076,560,262,298
120000077,716,290,426
120000078,2476,393,2083
120000079,99,767,-668
120000080,147,212,-65
120000081,129,162,-33
120000082,126,203,-77
120000083,101,231,-130
120000084,359,476,-117
120000085,207,448,-241
120000086,233,782,-549
120000087,121,1343,-1222
120000088,388,1279,-891
120000089,532,486,46
120000090,272,408,-136
120000091,375,685,-310
120000092,548,496,52
120000093,98,422,-324
120000094,77,361,-284
120000095,548,685,-137
120000096,114,1155,-1041
120000098,431,925,-494
120000099,136,610,-474
120000100,317,909,-592
120000101,269,383,-114
120000102,202,309,-107
120000103,508,297,211
120000104,734,175,559
120000105,1083,214,869
120000106,737,263,474
120000107,1138,286,852
120000108,284,77,207
120000109,425,33,392
120000110,81,824,-743
120000111,97,1312,-1215
120000112,522,4255,-3733
120000113,465,3172,-2707
120000114,555,2673,-2118
120000115,322,2237,-1915
120000116,408,2027,-1619
120000117,1178,1828,-650
120000118,30,32,-2
120000119,25,26,-1
120000120,38,50,-12
120000121,23,57,-34
120000122,265,229,36
120000123,5804,2630,3174
120000124,195,387,-192
120000125,158,552,-394
120000126,198,591,-393
120000127,1762,469,1293
120000128,4117,1449,2668
120000129,233,211,22
120000130,532,658,-126
120000131,172,324,-152
120000134,205,1376,-1171
120000135,102,224,-122
120000137,53,2449,-2396
120000138,144,401,-257
120000139,84,1132,-1048
120000140,165,550,-385
120000141,92,536,-444
120000142,97,487,-390
120000143,5,135,-130
120000144,21,3,18
120000145,97,2,95
120000146,1869,637,1232
120000149,410,778,-368
120000150,4827,4881,-54
120000151,260,495,-235
120000152,180,261,-81
120000153,79,665,-586
120000154,346,236,110
120000155,61,154,-93
120000156,2150,279,1871
120000157,673,611,62
120000158,501,803,-302
120000159,1257,1649,-392
120000160,1341,901,440
120000161,697,2338,-1641
120000162,56,193,-137
120000163,175,1567,-1392
120000164,124,543,-419
120000165,149,926,-777
120000166,305,600,-295
120000167,19,23,-4
120000168,1,68,-67
120000169,112,212,-100
120000170,100,120,-20
120000171,19,33,-14
120000172,12,23,-11
120000173,1710,102,1608
120000174,382,7,375
120000175,423,11,412
120000176,202,46,156
120000177,636,321,315
120000178,51,4,47
120000179,243,11,232
120000180,240,31,209
120000181,74,65,9
120000182,57,57,0
120000183,2,98,-96
120000184,70,896,-826
120000186,24,55,-31
120000187,80,30,50
120000188,149,19,130
120000190,837,12,825
120000191,1522,20,1502
120000192,1662,12,1650
120000193,522,3,519
120000195,57,0,57
120000196,174,26,148
120000197,50,82,-32
120000198,67,135,-68
120000199,12,0,12
120000200,28,0,28
120000201,11,8,3
120000202,0,56,-56
120000203,10,386,-376
120000207,0,87,-87
120000208,4,319,-315
120000209,2,127,-125
120000210,141,72,69
120000211,25,0,25
120000212,27,0,27
120000213,38,384,-346
120000214,1,450,-449
120000215,1,136,-135
120000216,19,1,18
120000217,729,1118,-389
120000218,232,1365,-1133
120000219,8,752,-744
120000220,14,3055,-3041
120000225,411,0,411
120000226,74,0,74
120000227,537,25,512
120000228,6806,1175,5631
120000230,60,6,54
120000231,369,2271,-1902
120000233,61,26,35
120000235,57,760,-703
120000236,456,1,455
120000237,4,2066,-2062
120000238,6,93,-87
120000241,825,2147,-1322
120000412,969,7,962
120000413,50,478,-428
120000414,20,2,18
120000415,8,322,-314
120000416,11,3,8
120000417,0,109,-109
120000418,18,12,6
120000419,9,387,-378
120000420,43,12,31
120000421,13183,4356,8827
120000422,167,284,-117
120000423,1,46,-45
120000424,23,189,-166
120000436,72,285,-213
120000437,169,144,25
120000438,4898,344,4554
120000439,102,198,-96
120000443,82,0,82
120000444,503,543,-40
120000445,830,1170,-340
120000446,937,264,673
120000447,64,12,52
120000449,47,6,41
120000450,5,382,-377
120000451,48,201,-153
120000452,39,0,39
120000453,0,292,-292
120000454,56,10,46
120000455,52,40,12
120000456,2475,1536,939
120000457,1095,937,158
120000458,421,680,-259
120000459,35,82,-47
120000665,632,118,514
120000668,47,96,-49
120000669,38,424,-386
120000670,151,295,-144
120000671,443,182,261
120000672,92,447,-355
120900001,31,14,17
120900002,180,123,57
120900003,101,14,87
120900004,4,33,-29
120900005,4,2605,-2601
120900006,108,161,-53
120900007,26,130,-104
120900008,88,1192,-1104
120900009,201,57,144
120900010,166,27,139
120900011,287,58,229
120900012,957,292,665
120900013,204,13,191
120900014,6,679,-673
120900015,181,60,121
120900016,173,37,136
120900017,2864,65,2799
120900018,28,370,-342
120900019,212,51,161
120900020,498,341,157
120900021,267,27,240
120900022,12,299,-287
120900023,38,32,6
120900024,877,315,562
120900025,1874,463,1411
120900026,67,115,-48
120900027,246,70,176
120900028,102,9,93
120900029,56,114,-58
120900030,365,342,23
120900031,59,31,28
120900032,243,129,114
120900033,342,17,325
120900034,16,904,-888
120900035,6,27,-21
120900037,40,3,37
120900038,11,83,-72
120900039,31,17,14
120900040,60,2,58
120900041,79,17,62
120900042,58,49,9
120900043,8,13,-5
120900044,1,345,-344
120900045,65,81,-16
120900046,116,7,109
120900047,42,17,25
120900048,31,11,20
120900049,113,0,113
120900050,3815,724,3091
120900051,82,88,-6
120900052,125,1,124
120900053,47,41,6
120900054,1193,641,552
120900055,85,1,84
120900056,148,5,143
120900057,50,23,27
120900058,148,2,146
120900059,23,1,22
120900060,7,19,-12
120900061,170,227,-57
120900062,37,0,37
120900063,126,3,123
120900064,85,0,85
120900065,100,0,100
120900066,38,275,-237
120900067,152,31,121
120900068,41,0,41
120900069,49,53,-4
120900071,2,0,2
120900072,175,1,174
120900073,92,111,-19
120900074,108,1,107
120900076,63,0,63
120900077,2835,120,2715
120900078,164,1120,-956
120900079,111,91,20
120900080,203,2785,-2582
120900081,317,159,158
120900082,442,164,278
120900083,9,2,7
120900084,69,105,-36
120900085,144,93,51
120900086,127,110,17
120900087,135,47,88
120900088,83,134,-51
120900089,5240,788,4452
120900090,34,208,-174
120900091,268,153,115
120900092,729,726,3
120900093,4726,242,4484
120900094,456,182,274
120900095,160,17,143
120900096,12,74,-62
120900097,410,1135,-725
120900098,233,136,97
120900099,25,66,-41
120900100,33,440,-407
120900101,455,380,75
120900102,14,62,-48
120900103,15,109,-94
120900104,9,31,-22
120900105,17,1062,-1045
120900106,1178,602,576
120900107,386,140,246
120900108,1,1222,-1221
120900109,20,887,-867
120900110,5,306,-301
120900111,72,378,-306
120900112,11,1733,-1722
120900113,16,987,-971
120900114,15,210,-195
120900115,150,126,24
120900116,56,687,-631
120900117,3,639,-636
120900118,15,1168,-1153
120900119,2976,2285,691
120900120,27,743,-716
120900121,36,375,-339
120900122,67,739,-672
120900123,2,615,-613
120900124,2,923,-921
120900125,3,1179,-1176
120900126,1206,708,498
120900127,3,664,-661
120900128,829,902,-73
120900129,20,403,-383
120900130,1,132,-131
120900131,16,48,-32
120900132,287,388,-101
120900133,152,1169,-1017
120900134,354,435,-81
120900135,2,771,-769
120900136,4,9,-5
120900137,33,95,-62
120900138,12,194,-182
120900139,1,990,-989
120900140,1,55,-54
120900141,51,65,-14
120900142,17,1014,-997
120900143,3,1127,-1124
120900144,0,226,-226
120900145,30,1068,-1038
120900146,4,1147,-1143
120900147,7,272,-265
120900148,63,88,-25
120900149,1,409,-408
120900150,16,715,-699
120900151,5,745,-740
120900152,52,38,14
120900153,3,58,-55
120900154,4,350,-346
120900155,53,1177,-1124
120900156,47,392,-345
120900157,12,284,-272
120900158,20,533,-513
120900159,36,559,-523
120900160,13,373,-360
120900161,2,638,-636
120900162,4,710,-706
120900163,11,96,-85
120900164,0,0,0
120900165,0,3,-3
120900166,15,46,-31
120900167,128,37,91
120900169,16,379,-363
120900170,2608,861,1747
120900171,1085,305,780
120900172,714,99,615
120900173,1,61,-60
120900174,2,76,-74
120900175,209,128,81
120900176,5,140,-135
120900177,0,327,-327
120900178,16,95,-79
120900179,741,440,301
120900180,67,56,11
120900181,5,35,-30
120900182,16,200,-184
120900183,296,41,255
120900184,121,60,61
120900185,2,320,-318
120900186,3,702,-699
120900187,104,464,-360
120900188,32,8,24
120900189,122,265,-143
120900190,7,4,3
120900191,1,26,-25
120900192,13690,1574,12116
120900194,6,47,-41
120900195,96,282,-186
120900196,139,41,98
120900197,230,47,183
120900198,133,648,-515
120900199,89,78,11
120900200,87,91,-4
120900201,606,120,486
120900202,1,208,-207
120900203,6,29,-23
120900204,258,326,-68
120900205,33,53,-20
120900206,1,7,-6
120900207,47,1029,-982
121000001,862,849,13
121000002,1620,954,666
121000003,3173,1435,1738
121000004,1603,2535,-932
121000005,1608,1998,-390
121000006,1727,875,852
121000007,2357,2231,126
121000008,3826,1963,1863
121000009,5418,3530,1888
121000010,6602,2470,4132
121000011,8882,6735,2147
121000012,12034,4031,8003
121000013,4020,4422,-402
121000014,5285,3822,1463
121000015,2988,3730,-742
121000016,3297,2370,927
121000017,1156,2345,-1189
121000018,1147,1043,104
121000019,16484,6511,9973
121000020,9511,5370,4141
121000021,1840,2219,-379
121000022,824,1123,-299
121000023,2637,2373,264
121000024,1537,2098,-561
121000025,381,603,-222
121000026,255,77,178
121000027,921,570,351
121000028,423,250,173
121000029,617,498,119
121000030,289,218,71
121000031,364,400,-36
121000032,133,42,91
121000034,155,121,34
121000035,95,95,0
121000036,844,605,239
121000037,430,489,-59
121000038,420,259,161
121000039,198,132,66
121000041,234,320,-86
121000042,144,267,-123
121000043,558,468,90
121000044,1373,549,824
121000045,168,223,-55
121000046,207,527,-320
121000047,100,227,-127
121000049,1343,444,899
121000050,214,747,-533
121000051,405,226,179
121000052,139,444,-305
121000053,234,39,195
121000054,23,160,-137
121000055,1115,785,330
121000056,543,679,-136
121000057,84,199,-115
121000058,752,151,601
121000059,1233,530,703
121000060,226,487,-261
121000061,68,100,-32
121000062,81,159,-78
121000063,421,302,119
121000064,406,497,-91
121000065,300,280,20
121000066,412,446,-34
121000067,687,209,478
121000068,357,155,202
121000069,241,199,42
121000070,1335,984,351
121000071,627,726,-99
121000072,706,535,171
121000073,619,543,76
121000074,49,107,-58
121000075,17,24,-7
121000076,698,211,487
121000077,67,49,18
121000078,58,77,-19
121000080,2042,463,1579
121000081,1809,1433,376
121000082,105,160,-55
121000083,180,102,78
121000084,190,113,77
121000085,260,295,-35
121000086,98,622,-524
121000087,60,227,-167
121000088,304,415,-111
121000089,291,149,142
121000090,184,210,-26
121000091,1258,402,856
121000092,77,61,16
121000093,88,147,-59
121000094,292,322,-30
121000095,195,369,-174
121000096,1925,1542,383
121000097,1100,1045,55
121000098,233,1031,-798
121000099,260,702,-442
121000100,362,543,-181
121000101,73,200,-127
121000102,62,364,-302
121000103,57,286,-229
121000104,81,144,-63
121000105,163,205,-42
121000106,77,275,-198
121000107,1634,2738,-1104
121000109,1051,806,245
121000110,180,314,-134
121000114,1635,1590,45
121000115,507,536,-29
121000116,473,509,-36
121000117,773,237,536
121000118,778,190,588
121000119,141,211,-70
121000120,114,359,-245
121000121,281,596,-315
121000123,968,439,529
121000127,75,103,-28
121000128,587,495,92
121000129,294,347,-53
121000130,173,825,-652
121000131,1693,865,828
121000132,958,758,200
121000135,235,110,125
121000136,607,320,287
121000137,405,91,314
121000138,496,517,-21
121000139,295,58,237
121000141,86,75,11
121000142,649,337,312
121000143,121,13,108
121000144,761,556,205
121000145,340,1031,-691
121000146,779,659,120
121000147,382,341,41
121000148,528,786,-258
121000149,1270,874,396
121000152,262,356,-94
121000153,1174,347,827
121000154,632,378,254
121000155,824,813,11
121000156,275,636,-361
121000157,1145,1402,-257
121000158,250,386,-136
121000159,89,394,-305
121000160,179,541,-362
121000161,66,241,-175
121000162,18,218,-200
121000165,1153,974,179
121000166,17,335,-318
121000168,163,214,-51
121000169,20,119,-99
121000170,125,55,70
121000171,32,116,-84
121000172,323,353,-30
121000173,779,424,355
121000174,117,298,-181
121000175,348,468,-120
121000176,201,175,26
121000177,398,451,-53
121000178,76,31,45
121000179,56,55,1
121000181,256,265,-9
121000182,55,93,-38
121000183,21,49,-28
121000184,15,40,-25
121000185,10,99,-89
121000186,54,160,-106
121000187,58,220,-162
121000188,44,221,-177
121000192,364,227,137
121000193,370,281,89
121000194,1837,1399,438
121000195,297,733,-436
121000196,545,136,409
121000197,173,572,-399
121000198,168,40,128
121000199,93,452,-359
121000200,226,49,177
121000201,2,187,-185
121000202,372,68,304
121000203,464,1976,-1512
121000204,818,319,499
121000205,122,211,-89
121000206,65,29,36
121000207,733,346,387
121000208,0,315,-315
121000209,92,350,-258
121000210,107,567,-460
121000211,83,107,-24
121000212,151,647,-496
121000213,7219,1853,5366
121000214,613,1257,-644
121000215,907,516,391
121000216,366,307,59
121000217,3109,1622,1487
121000218,380,1282,-902
121000219,990,198,792
121000220,291,77,214
121000221,111,151,-40
121000222,2143,1628,515
121000223,472,245,227
121000224,212,119,93
121000225,1284,668,616
121000226,2295,431,1864
121000227,7,232,-225
121000228,18,703,-685
121000229,80,458,-378
121000230,51,1507,-1456
121000231,320,35,285
121000232,288,145,143
121000233,306,210,96
121000234,16,20,-4
121000235,39,44,-5
121000236,0,16,-16
121000237,15,21,-6
121000238,3,52,-49
121000239,5,2,3
121000240,2,134,-132
121000241,55,7,48
121000242,31,94,-63
121000243,387,38,349
121000244,2,59,-57
121000245,2,14,-12
121000246,2,64,-62
121000247,12,6,6
121000248,406,307,99
121000249,77,182,-105
121000250,163,54,109
121000251,7,434,-427
121000252,26,15,11
121000253,200,571,-371
121000254,282,192,90
121000255,104,108,-4
121000256,140,173,-33
121000257,55,60,-5
121000258,41,57,-16
121000259,21,15,6
121000260,42,67,-25
121000261,27,26,1
121000262,649,391,258
121000263,259,359,-100
121000271,186,1519,-1333
121000273,63,8,55
121000274,5,15,-10
121000275,8,26,-18
121000276,3,7,-4
121000278,39,43,-4
121000289,193,13,180
121000290,914,496,418
121000294,44,155,-111
121000297,720,592,128
121000299,43,198,-155
121000300,424,519,-95
121000302,90,453,-363
121000303,301,266,35
121000304,334,24,310
121000305,89,72,17
121000306,27,97,-70
121000308,84,242,-158
121000309,414,512,-98
121000310,66,407,-341
121000311,56,462,-406
121000312,198,114,84
121000313,304,285,19
121000314,66,52,14
121000315,50,78,-28
121000530,578,1092,-514
121000531,622,1071,-449
121000532,3842,2599,1243
121000533,1547,1464,83
121000918,9,223,-214
121000919,5,33,-28
121000938,262,153,109
121000939,456,143,313
121000956,335,1112,-777
121000957,2,17,-15
121000958,48,24,24
121000959,228,905,-677
121000960,1089,1805,-716
121000961,90,36,54
121000962,193,621,-428
121000973,1,313,-312
121000976,8,111,-103
121000979,159,32,127
121000981,229,84,145
121000982,104,177,-73
121000983,225,377,-152
121000984,3,35,-32
121000985,195,622,-427
121000986,69,288,-219
121000987,142,1456,-1314
121000988,269,81,188
121001302,210,99,111
121001308,0,4,-4
121001309,59,21,38
121001313,81,329,-248
121001314,2966,3028,-62
121001315,2885,1130,1755
121001326,285,290,-5
121001327,83,98,-15
121001328,222,14,208
121900001,39,120,-81
121900002,36,13,23
121900003,275,2,273
121900004,45,232,-187
121900005,11,2,9
121900006,31,11,20
121900007,1410,1305,105
121900008,236,23,213
121900009,368,14,354
121900010,175,8,167
121900011,61,216,-155
121900012,0,0,0
121900013,1194,30,1164
121900014,666,282,384
121900015,98,116,-18
121900016,5,51,-46
121900017,120,388,-268
121900018,223,11,212
121900019,112,161,-49
121900020,13,1,12
121900021,730,10,720
121900022,102,94,8
121900023,50,278,-228
121900024,237,41,196
121900025,252,208,44
121900026,160,24,136
121900027,69,79,-10
121900028,150,6,144
121900029,65,104,-39
121900030,405,322,83
121900031,748,2702,-1954
121900032,34,37,-3
121900033,111,81,30
121900034,132,49,83
121900035,1863,869,994
121900036,20,293,-273
121900037,81,375,-294
121900038,8,68,-60
121900039,262,18,244
121900040,28,69,-41
121900041,62,125,-63
121900042,184,75,109
121900043,4,2,2
121900044,124,14,110
121900046,91,124,-33
121900047,55,51,4
121900048,5,75,-70
121900050,7,18,-11
121900051,62,150,-88
121900052,57,37,20
121900053,155,133,22
121900054,329,509,-180
121900055,0,7,-7
121900058,41,138,-97
121900059,145,79,66
121900060,69,233,-164
121900062,26,38,-12
121900063,457,222,235
121900064,68,675,-607
121900066,18,20,-2
121900067,9,15,-6
121900069,108,64,44
121900070,105,43,62
121900071,59,193,-134
121900072,7,91,-84
121900073,222,127,95
121900074,392,266,126
121900075,418,158,260
121900076,139,434,-295
121900078,17,22,-5
121900079,0,0,0
121900080,316,228,88
121900082,8,70,-62
121900084,5,135,-130
121900086,4,29,-25
121900087,130,77,53
121900088,1332,838,494
121900089,40,303,-263
121900090,1,73,-72
121900091,8,41,-33
121900092,59,91,-32
121900093,33,53,-20
121900094,2,5,-3
121900095,80,66,14
121900096,844,246,598
121900097,122,88,34
121900098,0,0,0
121900099,102,82,20
121900100,77,109,-32
121900101,47,62,-15
121900102,13,66,-53
121900103,237,156,81
121900104,595,196,399
121900105,77,72,5
121900106,1,1,0
121900107,9,14,-5
121900108,1,18,-17
121900109,200,80,120
121900110,81,938,-857
121900111,463,91,372
121900112,45,53,-8
121900113,34,92,-58
121900114,7,17,-10
121900117,54,18,36
121900118,1442,179,1263
121900119,43,90,-47
121900120,21,838,-817
121900121,333,44,289
121900122,15,14,1
121900123,115,276,-161
121900124,75,170,-95
121900125,468,546,-78
121900127,7,70,-63
121900128,33,81,-48
121900129,970,46,924
121900130,80,171,-91
121900131,106,96,10
121900132,20,91,-71
121900133,67,132,-65
121900134,7,60,-53
121900135,1582,108,1474
121900136,58,326,-268
121900137,9,167,-158
121900138,31,94,-63
121900139,281,411,-130
121900140,20,85,-65
121900141,9,6,3
121900142,58,94,-36
121900143,2,81,-79
121900144,102,187,-85
121900145,70,52,18
121900146,352,396,-44
121900147,31,133,-102
121900148,83,141,-58
121900149,187,435,-248
121900150,52,89,-37
121900151,29,157,-128
121900152,13,132,-119
121900153,41,212,-171
121900154,7,80,-73
121900155,1,38,-37
121900156,88,65,23
121900157,0,309,-309
121900158,38,44,-6
121900159,0,120,-120
121900160,2,145,-143
121900161,383,198,185
121900162,96,63,33
121900163,58,572,-514
121900164,256,140,116
121900165,93,141,-48
121900166,81,147,-66
121900167,93,45,48
121900168,156,96,60
121900169,3,265,-262
121900170,2,85,-83
121900171,280,355,-75
121900172,177,140,37
121900173,493,86,407
121900174,13,16,-3
121900175,82,96,-14
121900176,397,1275,-878
121900177,91,42,49
121900178,13,38,-25
121900179,87,73,14
121900180,3730,1301,2429
121900182,288,224,64
121900183,196,292,-96
121900184,40,363,-323
121900186,5,198,-193
121900187,7,72,-65
121900188,341,193,148
121900189,17,55,-38
121900190,155,358,-203
121900191,52,98,-46
121900192,280,419,-139
121900193,14,153,-139
121900194,2,94,-92
121900195,44,42,2
121900196,535,365,170
121900197,257,1580,-1323
121900198,741,638,103
121900199,3,10,-7
121900200,38,151,-113
121900201,694,323,371
121900202,74,158,-84
121900203,173,359,-186
121900204,752,499,253
121900205,15,66,-51
121900206,3,5,-2
121900207,95,13,82
121900208,116,195,-79
121900209,24,19,5
121900210,708,594,114
121900211,166,335,-169
121900212,71,74,-3
121900213,52,78,-26
121900214,2,162,-160
121900215,15,38,-23
121900216,41,40,1
121900217,94,37,57
121900218,198,222,-24
121900220,79,6,73
121900221,117,330,-213
121900222,38,115,-77
121900223,61,35,26
121900224,33,42,-9
121900225,62,58,4
121900226,129,135,-6
121900227,67,267,-200
121900228,102,164,-62
121900230,45,44,1
121900231,166,198,-32
121900232,84,216,-132
121900233,207,179,28
121900234,75,236,-161
121900235,123,204,-81
121900236,101,66,35
121900237,98,143,-45
121900238,79,94,-15
121900239,50,20,30
121900240,81,63,18
121900241,10,40,-30
121900242,2,0,2
121900243,0,0,0
121900244,6,0,6
121900245,75,99,-24
121900246,747,288,459
121900248,814,480,334
121900250,192,177,15
121900251,196,21,175
121900252,418,64,354
121900253,153,608,-455
121900254,352,143,209
121900255,140,63,77
121900258,1779,1078,701
121900259,275,245,30
121900260,10,89,-79
121900261,94,221,-127
121900262,265,438,-173
121900263,38,171,-133
121900264,1324,626,698
121900265,73,185,-112
121900266,87,180,-93
121900267,13,14,-1
121900269,42,130,-88
121900270,3,80,-77
121900271,19,97,-78
121900273,347,907,-560
121900274,105,142,-37
121900277,186,1156,-970
121900278,56,606,-550
121900279,133,241,-108
121900280,79,150,-71
121900281,169,34,135
121900284,29,15,14
121900286,13,77,-64
121900287,3,8,-5
121900288,1,0,1
121900290,164,200,-36
121900291,327,370,-43
121900292,125,60,65
121900293,615,2352,-1737
121900294,150,0,150
121900295,21,123,-102
121900296,27,16,11
121900298,214,297,-83
121900299,0,0,0
121900300,0,0,0
121900301,22,0,22
121900302,0,42,-42
121900303,181,357,-176
121900304,0,1,-1
121900305,1,1,0
121900306,50,2,48
121900307,27,5,22
121900308,17,306,-289
121900309,16,199,-183
121900310,14,355,-341
121900311,130,2,128
121900312,72,7,65
121900313,127,6,121
121900314,2,33,-31
121900315,1,0,1
121900316,0,15,-15
121900317,3,2,1
121900318,0,13,-13
121900319,2,45,-43
121900320,62,43,19
121900321,3,0,3
121900322,0,18,-18
121900323,16,13,3
121900324,2,54,-52
121900325,2,0,2
121900326,1,7,-6
121900327,1,32,-31
121900328,0,17,-17
121900329,0,174,-174
121900330,0,38,-38
121900331,13,3,10
121900332,33,9,24
121900333,5,2,3
121900334,69,28,41
122000001,1968,1920,48
122000002,4463,844,3619
122000003,1531,912,619
122000004,2281,649,1632
122000005,2258,696,1562
122000006,1888,350,1538
122000007,1066,740,326
122000008,5338,2127,3211
122000009,450,116,334
122000010,1331,1294,37
122000011,2443,611,1832
122000012,983,571,412
122000013,1703,887,816
122000014,955,1685,-730
122000015,915,509,406
122000016,256,448,-192
122000017,682,716,-34
122000018,806,687,119
122000019,499,1079,-580
122000020,106,102,4
122000021,313,208,105
122000022,841,792,49
122000023,360,1752,-1392
122000024,837,615,222
122000025,1492,717,775
122000026,1861,525,1336
122000027,433,3637,-3204
122000028,452,195,257
122000029,195,137,58
122000030,237,76,161
122000031,91,130,-39
122000032,1083,2036,-953
122000033,682,480,202
122000034,330,376,-46
122000035,192,475,-283
122000036,293,446,-153
122000037,190,165,25
122000038,155,263,-108
122000039,464,380,84
122000040,195,232,-37
122000041,253,340,-87
122000042,211,305,-94
122000043,100,53,47
122000044,41,84,-43
122000045,972,367,605
122000046,546,644,-98
122000047,206,109,97
122000048,1916,2691,-775
122000049,3436,1519,1917
122000050,1240,402,838
122000051,301,538,-237
122000052,445,211,234
122000053,100,318,-218
122000054,1695,1219,476
122000055,1859,1372,487
122000056,5853,2111,3742
122000057,3446,1587,1859
122000058,3918,979,2939
122000059,3162,1054,2108
122000060,772,356,416
122000061,581,212,369
122000062,1117,309,808
122000063,1074,283,791
122000064,2528,2630,-102
122000065,4240,2068,2172
122000066,428,350,78
122000067,1101,1019,82
122000068,666,979,-313
122000069,612,474,138
122000070,343,2248,-1905
122000071,555,1130,-575
122000072,270,205,65
122000073,461,279,182
122000074,1077,773,304
122000075,274,812,-538
122000076,1262,682,580
122000077,1031,420,611
122000078,2724,1205,1519
122000079,1339,437,902
122000080,850,218,632
122000081,123,225,-102
122000082,830,413,417
122000083,718,2577,-1859
122000084,530,447,83
122000085,115,991,-876
122000086,1565,3420,-1855
122000087,269,79,190
122000088,131,130,1
122000089,4191,1932,2259
122000090,165,243,-78
122000091,188,53,135
122000092,129,11,118
122000093,1142,614,528
122000094,5185,839,4346
122000095,2447,1168,1279
122000096,2418,869,1549
122000098,2614,898,1716
122000099,2068,449,1619
122000100,1073,445,628
122000101,144,587,-443
122000102,1093,827,266
122000103,1133,994,139
122000104,146,148,-2
122000105,170,197,-27
122000106,373,420,-47
122000107,589,343,246
122000108,223,577,-354
122000109,162,211,-49
122000110,181,393,-212
122000111,1610,700,910
122000112,412,863,-451
122000113,306,399,-93
122000114,2473,1046,1427
122000115,997,964,33
122000116,224,321,-97
122000117,610,200,410
122000118,204,288,-84
122000119,2424,849,1575
122000120,1986,1450,536
122000121,2355,1408,947
122000122,478,822,-344
122000123,1487,765,722
122000124,750,247,503
122000125,292,399,-107
122000126,409,412,-3
122000127,892,482,410
122000128,463,632,-169
122000129,192,469,-277
122000130,1479,340,1139
122000131,941,405,536
122000132,580,274,306
122000133,733,1322,-589
122000134,261,344,-83
122000135,468,604,-136
122000136,189,182,7
122000137,474,445,29
122000139,806,1534,-728
122000140,830,323,507
122000141,3253,510,2743
122000142,393,430,-37
122000143,297,134,163
122000144,1301,563,738
122000145,1199,435,764
122000146,693,631,62
122000147,814,226,588
122000148,2299,661,1638
122000149,1540,617,923
122000150,862,424,438
122000151,168,227,-59
122000152,327,152,175
122000153,234,162,72
122000154,212,106,106
122000155,1201,1197,4
122000156,1633,1036,597
122000157,1418,766,652
122000158,278,291,-13
122000159,804,1058,-254
122000160,2849,527,2322
122000161,767,297,470
122000162,1628,722,906
122000163,204,37,167
122000164,36,37,-1
122000165,499,444,55
122000166,724,778,-54
122000167,137,118,19
122000168,150,298,-148
122000169,313,142,171
122000170,114,171,-57
122000171,13,42,-29
122000172,1075,1136,-61
122000173,1090,1510,-420
122000174,1216,547,669
122000175,920,187,733
122000176,217,412,-195
122000177,1031,841,190
122000178,1993,1575,418
122000179,1406,1896,-490
122000180,1182,495,687
122000181,1231,1516,-285
122000182,1435,484,951
122000183,1291,732,559
122000184,1804,1014,790
122000185,821,662,159
122000186,393,586,-193
122000187,1218,787,431
122000188,308,173,135
122000189,151,262,-111
122000190,733,704,29
122000191,489,233,256
122000192,693,213,480
122000193,215,406,-191
122000194,484,98,386
122000195,94,278,-184
122000196,686,387,299
122000197,335,451,-116
122000198,363,689,-326
122000199,327,232,95
122000200,1006,316,690
122000201,794,966,-172
122000202,714,720,-6
122000203,1745,1052,693
122000204,1030,1336,-306
122000205,1325,772,553
122000206,1663,540,1123
122000207,645,833,-188
122000208,1170,1127,43
122000209,1744,245,1499
122000210,1059,1567,-508
122000211,818,868,-50
122000212,411,315,96
122000213,580,686,-106
122000214,1035,1014,21
122000215,1328,946,382
122000217,1567,931,636
122000218,522,35,487
122000219,1293,691,602
122000220,257,593,-336
122000221,100,270,-170
122000222,408,70,338
122000223,753,322,431
122000225,405,176,229
122000226,701,1252,-551
122000227,334,1207,-873
122000228,256,384,-128
122000229,41,280,-239
122000230,43,612,-569
122000231,133,614,-481
122000232,329,856,-527
122000233,2,104,-102
122000234,80,256,-176
122000235,283,184,99
122000236,272,104,168
122000237,47,54,-7
122000238,70,147,-77
122000239,301,83,218
122000240,542,186,356
122000241,444,273,171
122000242,239,66,173
122000243,71,51,20
122000244,20,406,-386
122000245,49,262,-213
122000246,118,111,7
122000247,283,757,-474
122000248,1127,1420,-293
122000249,211,330,-119
122000250,901,420,481
122000251,157,248,-91
122000252,402,47,355
122000253,4,221,-217
122000254,58,55,3
122000255,439,1402,-963
122000256,274,1058,-784
122000257,70,323,-253
122000258,36,119,-83
122000259,5,639,-634
122000260,123,859,-736
122000261,1,168,-167
122000262,0,45,-45
122000263,54,87,-33
122000264,360,281,79
122000265,1367,478,889
122000266,3339,401,2938
122000267,82,140,-58
122000268,76,297,-221
122000269,506,212,294
122000270,573,77,496
122000271,271,848,-577
122000272,154,817,-663
122000273,278,440,-162
122000274,41,302,-261
122000275,88,256,-168
122000276,186,490,-304
122000277,368,1023,-655
122000278,316,846,-530
122000279,81,342,-261
122000280,456,576,-120
122000281,311,519,-208
122000282,81,88,-7
122000283,204,26,178
122000284,62,61,1
122000285,347,85,262
122000286,59,122,-63
122000287,456,858,-402
122000288,144,143,1
122000291,437,283,154
122000293,334,243,91
122000294,41,132,-91
122000295,931,111,820
122000296,29,442,-413
122000297,2564,1659,905
122000299,186,372,-186
122000300,469,341,128
122000301,11636,1720,9916
122000302,592,489,103
122000303,3264,834,2430
122000304,28,133,-105
122000305,447,651,-204
122000306,18,705,-687
122000307,71,72,-1
122000309,28,71,-43
122000310,19,14,5
122000311,68,48,20
122000312,122,19,103
122000313,53,27,26
122000314,74,141,-67
122000315,114,21,93
122000316,172,136,36
122000317,448,122,326
122000318,119,164,-45
122000319,244,443,-199
122000320,272,1937,-1665
122000321,42,245,-203
122000322,2302,1835,467
122000323,1289,1046,243
122000324,1115,1017,98
122000325,679,651,28
122000326,15,128,-113
122000327,121,317,-196
122000328,755,565,190
122000330,1378,477,901
122000333,4,202,-198
122000337,331,1509,-1178
122000338,117,314,-197
122000340,319,164,155
122000342,2296,791,1505
122000343,292,1458,-1166
122000344,20,11,9
122000345,94,179,-85
122000346,171,437,-266
122000348,263,649,-386
122000349,82,480,-398
122000351,75,194,-119
122000352,149,66,83
122000353,40,82,-42
122000355,73,87,-14
122000356,1056,467,589
122000357,24,5,19
122000358,0,55,-55
122000359,0,22,-22
122000360,0,29,-29
122000362,9,83,-74
122000364,76,383,-307
122000365,0,13,-13
122000366,9,4,5
122000368,335,551,-216
122000370,19,47,-28
122000371,1,0,1
122000372,1,0,1
122000381,27,293,-266
122000382,51,248,-197
122000384,3642,1634,2008
122000385,19,0,19
122000386,369,495,-126
122000387,235,416,-181
122000388,976,212,764
122000389,190,600,-410
122000390,215,149,66
122000391,169,52,117
122000392,107,178,-71
122000393,102,639,-537
122000394,215,230,-15
122000395,91,157,-66
122000396,196,110,86
122000397,16,62,-46
122000398,14,36,-22
122000399,56,100,-44
122000400,126,166,-40
122000401,67,100,-33
122000402,114,87,27
122000403,199,1137,-938
122000404,44,304,-260
122000408,765,859,-94
122000503,13,54,-41
122000524,195,68,127
122000544,32,1577,-1545
122000614,449,138,311
122000616,496,3,493
122000640,7,160,-153
122000641,25,367,-342
122000642,556,1048,-492
122000643,10,81,-71
122000644,154,35,119
122000645,72,131,-59
122000651,1655,541,1114
122000664,123,17,106
122000665,731,449,282
122000666,319,663,-344
122000673,6,307,-301
122000674,77,34,43
122000675,824,820,4
122000686,172,983,-811
122000687,450,262,188
122000688,92,806,-714
122000689,229,460,-231
122000690,342,559,-217
122000691,200,2441,-2241
122000692,544,263,281
122000693,188,1425,-1237
122000695,109,419,-310
122000696,80,315,-235
122000698,68,931,-863
122000699,91,25,66
122000701,776,321,455
122000702,307,2015,-1708
122000703,128,45,83
122000712,0,0,0
122000717,204,37,167
122000718,903,664,239
122000719,37,35,2
122000720,118,267,-149
122000724,265,262,3
122900001,16,1,15
122900002,818,1237,-419
122900003,244,24,220
122900004,316,9,307
122900005,50,29,21
122900006,407,123,284
122900007,41,8,33
122900008,452,50,402
122900009,418,134,284
122900010,108,122,-14
122900012,226,209,17
122900014,94,181,-87
122900015,1610,163,1447
122900016,48,241,-193
122900017,276,479,-203
122900018,143,5,138
122900020,246,218,28
122900021,34,395,-361
122900022,210,652,-442
122900023,99,156,-57
122900024,55,57,-2
122900025,9,88,-79
122900026,106,213,-107
122900027,41,553,-512
122900028,71,86,-15
122900029,3775,1702,2073
122900030,861,245,616
122900031,66,64,2
122900032,53,145,-92
122900033,78,95,-17
122900034,2641,2942,-301
122900035,12,6,6
122900036,14,105,-91
122900037,178,59,119
122900038,82,1022,-940
122900039,69,248,-179
122900040,189,280,-91
122900041,99,155,-56
122900042,70,192,-122
122900043,222,152,70
122900044,40,186,-146
122900045,72,102,-30
122900046,39,63,-24
122900047,178,84,94
122900048,37,111,-74
122900049,1593,74,1519
122900051,87,60,27
122900052,28,91,-63
122900053,9,2,7
122900055,180,68,112
122900057,202,19,183
122900061,243,66,177
122900062,202,248,-46
122900063,63,246,-183
122900064,696,414,282
122900065,180,102,78
122900066,223,180,43
122900067,1138,491,647
122900069,84,741,-657
122900070,128,18,110
122900071,57,357,-300
122900073,29,242,-213
122900074,117,497,-380
122900075,1,41,-40
122900076,6,139,-133
122900077,2,113,-111
122900078,24,125,-101
122900080,54,16,38
122900081,105,142,-37
122900082,436,148,288
122900083,171,74,97
122900084,0,222,-222
122900086,2,16,-14
122900087,96,402,-306
122900088,25,43,-18
122900089,10,217,-207
122900090,3,560,-557
122900091,65,0,65
122900092,0,94,-94
122900093,0,344,-344
122900094,1,213,-212
122900095,60,1,59
122900096,61,396,-335
122900097,6,11,-5
122900098,70,67,3
122900099,6,2,4
122900100,213,82,131
122900101,452,132,320
122900102,5,6,-1
122900103,48,5,43
122900104,50,5,45
122900105,0,7,-7
122900106,0,63,-63
122900107,1,165,-164
122900108,5,179,-174
122900109,47,134,-87
123000001,1319,265,1054
123000002,4697,1764,2933
123000003,2852,1838,1014
123000004,3033,3373,-340
123000005,1800,1534,266
123000006,2495,2441,54
123000007,2030,1620,410
123000008,1873,3019,-1146
123000009,3238,2175,1063
123000010,2602,2984,-382
123000011,2426,628,1798
123000012,828,1741,-913
123000013,2076,580,1496
123000014,1244,2925,-1681
123000015,2976,499,2477
123000016,4703,1956,2747
123000017,2541,985,1556
123000018,26,65,-39
123000019,52,248,-196
123000020,54,98,-44
123000021,56,141,-85
123000022,276,1248,-972
123000023,863,799,64
123000024,603,406,197
123000025,67,59,8
123000026,8,115,-107
123000027,364,279,85
123000028,560,178,382
123000029,993,245,748
123000030,132,577,-445
123000031,49,357,-308
123000032,87,288,-201
123000033,131,55,76
123000034,444,448,-4
123000035,139,179,-40
123000036,135,318,-183
123000037,148,271,-123
123000038,51,147,-96
123000039,415,525,-110
123000040,1003,305,698
123000041,780,360,420
123000042,805,377,428
123000043,2876,2854,22
123000044,5422,1425,3997
123000045,9155,1034,8121
123000046,651,439,212
123000047,2117,652,1465
123000048,27,236,-209
123000049,5772,2563,3209
123000050,377,653,-276
123000051,66,122,-56
123000052,331,1167,-836
123000053,1574,1438,136
123000054,724,745,-21
123000055,489,735,-246
123000056,807,1290,-483
123000057,14874,3206,11668
123000058,413,464,-51
123000059,298,351,-53
123000060,466,219,247
123000061,88,557,-469
123000063,495,448,47
123000064,487,112,375
123000065,4932,2313,2619
123000066,888,535,353
123000067,237,558,-321
123000068,2311,2191,120
123000069,7074,2309,4765
123000070,210,627,-417
123000071,417,941,-524
123000072,564,1096,-532
123000073,442,684,-242
123000074,585,1753,-1168
123000075,271,444,-173
123000076,277,928,-651
123000077,1700,2919,-1219
123000078,729,1330,-601
123000079,626,1487,-861
123000080,1126,2016,-890
123000081,149,525,-376
123000082,377,840,-463
123000083,468,74,394
123000084,256,551,-295
123000085,62,112,-50
123000086,110,419,-309
123000087,58,494,-436
123000088,428,1118,-690
123000089,313,1110,-797
123000090,796,957,-161
123000091,1112,1028,84
123000092,937,801,136
123000094,230,145,85
123000095,132,519,-387
123000096,159,330,-171
123000097,181,1001,-820
123000098,317,465,-148
123000099,317,713,-396
123000100,384,394,-10
123000101,488,303,185
123000102,477,428,49
123000104,226,213,13
123000105,463,394,69
123000106,541,157,384
123000107,483,421,62
123000108,993,1024,-31
123000111,397,197,200
123000112,448,457,-9
123000113,498,1509,-1011
123000114,318,291,27
123000115,127,200,-73
123000116,6,151,-145
123000117,870,1839,-969
123000118,315,731,-416
123000119,193,887,-694
123000120,298,743,-445
123000121,308,427,-119
123000122,362,231,131
123000123,403,390,13
123000124,607,398,209
123000125,959,448,511
123000126,1486,1117,369
123000127,1403,633,770
123000128,165,322,-157
123000129,201,141,60
123000130,216,57,159
123000131,469,344,125
123000132,252,488,-236
123000133,320,338,-18
123000134,393,150,243
123000135,704,841,-137
123000136,126,1145,-1019
123000137,70,386,-316
123000138,69,386,-317
123000139,147,92,55
123000140,115,558,-443
123000141,503,48,455
123000142,720,827,-107
123000143,926,2319,-1393
123000144,6,4,2
123000145,103,126,-23
123000146,18,85,-67
123000147,33,88,-55
123000149,148,222,-74
123000150,123,167,-44
123000151,173,229,-56
123000152,27,262,-235
123000153,80,373,-293
123000154,1463,1051,412
123000155,1692,520,1172
123000156,40,49,-9
123000157,352,673,-321
123000158,490,393,97
123000159,1965,1055,910
123000160,361,313,48
123000161,793,463,330
123000162,251,845,-594
123000163,114,29,85
123000164,454,154,300
123000165,212,1490,-1278
123000166,17,119,-102
123000167,42,241,-199
123000168,101,298,-197
123000169,223,65,158
123000170,30,293,-263
123000171,113,46,67
123000172,123,610,-487
123000173,272,74,198
123000174,435,96,339
123000175,725,990,-265
123000176,432,74,358
123000177,265,790,-525
123000178,270,54,216
123000179,13,637,-624
123000180,627,166,461
123000181,278,1094,-816
123000182,123,383,-260
123000183,111,163,-52
123000184,41,683,-642
123000185,182,311,-129
123000186,190,581,-391
123000187,216,2,214
123000188,174,37,137
123000189,67,222,-155
123000190,22,256,-234
123000192,34,304,-270
123000193,59,437,-378
123000194,450,250,200
123000195,142,33,109
123000196,109,33,76
123000197,18,69,-51
123000198,17,182,-165
123000199,12,439,-427
123000200,176,47,129
123000201,325,49,276
123000202,50,995,-945
123000203,325,74,251
123000204,78,1016,-938
123000205,379,1702,-1323
123000206,858,142,716
123000207,56,890,-834
123000208,169,68,101
123000209,934,208,726
123000210,328,1299,-971
123000211,532,2093,-1561
123000212,1000,269,731
123000213,289,46,243
123000215,86,64,22
123000216,112,251,-139
123000217,162,20,142
123000218,104,243,-139
123000219,722,35,687
123000220,273,62,211
123000221,95,78,17
123000222,136,363,-227
123000223,35,439,-404
123000224,174,567,-393
123000225,161,78,83
123000226,51,299,-248
123000227,74,321,-247
123000228,244,43,201
123000229,947,1415,-468
123000232,45,450,-405
123000233,323,102,221
123000234,157,481,-324
123000235,217,257,-40
123000236,92,750,-658
123000237,148,55,93
123000238,33,511,-478
123000239,262,1748,-1486
123000240,33,193,-160
123000241,762,61,701
123000242,25,140,-115
123000243,289,915,-626
123000244,545,270,275
123000245,46,83,-37
123000249,290,531,-241
123000252,372,109,263
123000253,322,277,45
123000254,194,801,-607
123000255,392,393,-1
123000256,27,203,-176
123000257,2574,1767,807
123000258,595,948,-353
123000259,118,325,-207
123000260,211,483,-272
123000261,35,144,-109
123000262,47,194,-147
123000263,222,81,141
123000264,151,40,111
123000265,34,138,-104
123000266,264,567,-303
123000267,136,203,-67
123000268,16,35,-19
123000269,19,28,-9
123000270,25,36,-11
123000271,38,78,-40
123000272,558,225,333
123000273,97,379,-282
123000274,782,242,540
123000275,141,802,-661
123000278,2407,1899,508
123000279,48,64,-16
123000280,124,250,-126
123000281,130,77,53
123000282,56,202,-146
123000283,62,28,34
123000284,23,116,-93
123000286,176,140,36
123000287,388,160,228
123000288,569,297,272
123000289,349,418,-69
123000291,271,623,-352
123000294,223,186,37
123000295,565,865,-300
123000296,222,484,-262
123000297,223,903,-680
123000298,153,502,-349
123000299,58,531,-473
123000300,442,417,25
123000301,27,117,-90
123000302,55,181,-126
123000303,55,103,-48
123000305,790,604,186
123000306,32,190,-158
123000309,27,40,-13
123000310,45,21,24
123000311,25,188,-163
123000312,961,957,4
123000313,160,227,-67
123000315,63,347,-284
123000316,132,12,120
123000317,122,32,90
123000318,47,243,-196
123000329,8,13,-5
123000337,107,237,-130
123000338,302,71,231
123000339,60,212,-152
123000340,102,392,-290
123000342,1,244,-243
123000343,34,0,34
123000344,905,316,589
123000345,245,359,-114
123000346,123,77,46
123000352,1510,513,997
123000353,12,180,-168
123000354,457,14,443
123000355,0,691,-691
123000356,56,8,48
123000357,2,230,-228
123000359,7,210,-203
123000360,114,5,109
123000361,518,182,336
123000362,170,106,64
123000363,66,161,-95
123000364,295,224,71
123000365,26,180,-154
123000366,201,773,-572
123000367,174,968,-794
123000370,42,266,-224
123000371,102,14,88
123000372,87,9,78
123000373,7,277,-270
123000374,7,167,-160
123000375,91,15,76
123000376,388,383,5
123000377,93,5,88
123000378,1,322,-321
123000379,1,224,-223
123000380,51,148,-97
123000381,109,13,96
123000382,908,22,886
123000383,215,471,-256
123000384,336,69,267
123000385,349,600,-251
123000436,6,562,-556
123000507,130,283,-153
123000508,105,240,-135
123000517,251,20,231
123000518,32,154,-122
123000519,97,41,56
123000520,52,173,-121
123000521,186,87,99
123000522,113,436,-323
123000541,2,1,1
123000542,0,32,-32
123000565,186,18,168
123000566,36,828,-792
123000567,82,252,-170
123000573,21,863,-842
123000574,251,54,197
123000575,916,1059,-143
123000576,451,1412,-961
123000577,63,275,-212
123000578,526,46,480
123000579,5605,2006,3599
123000580,56,11,45
123000582,142,16,126
123000583,5,318,-313
123000584,63,176,-113
123000585,0,86,-86
123000586,43,0,43
123000596,91,105,-14
123000597,59,60,-1
123000602,8,3,5
123000603,159,761,-602
123000604,247,1104,-857
123000605,33,1,32
123000606,0,10,-10
123000609,11,212,-201
123000610,64,78,-14
123000613,52,133,-81
123000614,145,69,76
123000615,36,214,-178
123000616,137,66,71
123000617,44,376,-332
123000618,79,457,-378
123000619,452,18,434
123000620,9,446,-437
123000622,174,15,159
123000624,98,138,-40
123000630,444,392,52
123000631,154,1853,-1699
123000632,1015,952,63
123000633,0,17,-17
123000634,66,26,40
123000635,213,77,136
123000636,8,431,-423
123000637,94,28,66
123000638,246,100,146
123000639,784,1569,-785
123000640,38,862,-824
123000648,108,78,30
123000649,34,642,-608
123000650,41,79,-38
123000651,3,121,-118
123000652,123,75,48
123000653,25,622,-597
123000654,309,158,151
123000655,12,295,-283
123000656,68,39,29
123000657,0,116,-116
123000658,68,18,50
123000659,19,524,-505
123000660,1190,11,1179
123000661,954,48,906
123900001,1072,28,1044
123900002,9,657,-648
123900003,202,447,-245
123900005,69,85,-16
123900006,110,24,86
124000001,792,37,755
124000002,3,472,-469
124000003,221,60,161
124000004,53,496,-443
124000005,352,109,243
124000006,208,1267,-1059
124000007,394,47,347
124000008,20,349,-329
124000009,214,173,41
124000010,81,621,-540
124000011,425,169,256
124000012,143,790,-647
124000017,44,93,-49
124000018,59,65,-6
124000019,67,74,-7
124000020,40,196,-156
124000021,29,28,1
124000022,70,164,-94
124000023,426,72,354
124000024,704,564,140
124000025,435,167,268
124000026,590,496,94
124000027,1437,246,1191
124000028,2766,819,1947
124000031,687,735,-48
124000032,4478,1277,3201
124000033,521,273,248
124000034,1093,1126,-33
124000035,117,69,48
124000036,110,574,-464
124000037,129,251,-122
124000038,30,76,-46
124000039,890,167,723
124000040,594,392,202
124000041,109,40,69
124000042,45,286,-241
124000043,40,41,-1
124000044,33,276,-243
124000045,230,362,-132
124000046,151,727,-576
124000047,538,657,-119
124000048,423,1719,-1296
124000049,605,486,119
124000050,477,2285,-1808
124000051,196,369,-173
124000052,289,1262,-973
124000053,278,570,-292
124000054,619,665,-46
124000055,694,860,-166
124000056,3558,1162,2396
124000057,397,292,105
124000058,252,1217,-965
124000059,232,326,-94
124000060,774,767,7
124000061,919,1689,-770
124000062,7381,1214,6167
124000063,1065,1112,-47
124000064,2187,1542,645
124000065,145,160,-15
124000066,162,25,137
124000067,86,138,-52
124000068,86,111,-25
124000069,136,193,-57
124000070,102,320,-218
124000071,23,28,-5
124000072,61,158,-97
124000073,194,62,132
124000074,160,604,-444
124000075,74,30,44
124000076,1,230,-229
124000077,1394,405,989
124000078,1402,261,1141
124000079,453,580,-127
124000080,142,74,68
124000081,95,621,-526
124000082,7,102,-95
124000083,55,185,-130
124000084,44,161,-117
124000085,56,42,14
124000086,18,61,-43
124000087,27,20,7
124000088,79,213,-134
124000089,255,352,-97
124000090,81,433,-352
124000091,243,121,122
124000092,84,760,-676
124000093,75,47,28
124000094,126,255,-129
124000095,31,42,-11
124000096,59,227,-168
124000097,40,38,2
124000098,48,168,-120
124000099,59,61,-2
124000100,18,89,-71
124000101,31,81,-50
124000102,51,97,-46
124000103,40,51,-11
124000104,65,108,-43
124000105,42,40,2
124000106,92,161,-69
124000107,13,69,-56
124000108,56,55,1
124000109,97,31,66
124000110,141,130,11
124000111,111,92,19
124000112,262,663,-401
124000113,29,55,-26
124000114,131,549,-418
124000115,197,715,-518
124000116,58,61,-3
124000117,62,49,13
124000118,20,54,-34
124000119,686,370,316
124000120,278,475,-197
124000121,2492,527,1965
124000122,453,856,-403
124000123,461,208,253
124000124,372,665,-293
124000125,214,192,22
124000126,268,359,-91
124000127,368,260,108
124000128,327,622,-295
124000129,1118,862,256
124000130,567,415,152
124000131,573,350,223
124000132,591,568,23
124000133,433,517,-84
124000134,420,545,-125
124000135,1037,830,207
124000136,681,819,-138
124000137,885,346,539
124000138,743,690,53
124000139,527,32,495
124000140,39,507,-468
124000141,195,25,170
124000142,33,716,-683
124000143,56,6,50
124000144,2,119,-117
124000145,24,54,-30
124000146,9,97,-88
124000148,4,41,-37
124000149,428,238,190
124000150,273,398,-125
124000151,215,99,116
124000152,346,720,-374
124000153,428,259,169
124000154,468,653,-185
124000155,735,360,375
124000156,1012,626,386
124000169,108,165,-57
124000170,477,352,125
124000171,139,143,-4
124000172,208,521,-313
124000173,124,216,-92
124000174,157,680,-523
124000175,2,76,-74
124000176,12,8,4
124000177,7,19,-12
124000178,6,8,-2
124000185,19,4,15
124000186,6,102,-96
124000187,10,126,-116
124000188,10,10,0
124000190,180,25,155
124000191,459,64,395
124000192,1475,212,1263
124000193,290,834,-544
124000194,295,350,-55
124000195,137,273,-136
124000196,721,1008,-287
124000197,52,62,-10
124000198,9,23,-14
124000201,262,1016,-754
124000202,332,73,259
124000203,48,789,-741
124000204,218,186,32
124000205,12,615,-603
124000206,147,331,-184
124000207,1,41,-40
124000209,83,315,-232
124000210,136,73,63
124000211,104,1,103
124000212,2,542,-540
124000213,118,306,-188
124000214,105,541,-436
124000215,137,20,117
124000216,3,629,-626
124000329,39,2257,-2218
124000338,18,1076,-1058
124000339,161,76,85
124000341,328,50,278
124000344,143,135,8
124000357,703,1620,-917
124000358,701,1383,-682
124000359,472,358,114
124000360,223,378,-155
124000361,621,536,85
124000362,1262,1440,-178
124000363,203,586,-383
124000364,440,926,-486
124000365,552,1028,-476
124000366,2108,1195,913
124000367,81,555,-474
124000368,117,129,-12
124000369,55,75,-20
124000370,53,410,-357
124000402,19,2,17
124000403,15,6,9
124000404,3,86,-83
124000405,646,370,276
124000406,680,517,163
124000407,5,24,-19
124000411,6,345,-339
124000412,82,13,69
124000413,227,53,174
124000414,29,100,-71
124000415,25,192,-167
124000416,73,390,-317
124000417,60,89,-29
124000418,40,84,-44
124000419,47,187,-140
124000420,38,38,0
124000421,28,316,-288
124000422,19,5,14
124000423,111,26,85
124000424,1,144,-143
124000425,24,8,16
124000426,0,177,-177
124000427,27,9,18
124000428,12,26,-14
124000429,21,37,-16
124000430,377,600,-223
124000431,161,564,-403
124000432,57,693,-636
124000439,8,2,6
124000443,1,68,-67
124000445,140,303,-163
124000446,2767,69,2698
124000447,4,69,-65
124000448,25,12,13
124000449,36,6,30
124000450,5,562,-557
124000451,0,273,-273
124000452,509,65,444
124000453,2049,1310,739
124000454,3623,2726,897
124000455,4,1002,-998
124000456,218,6,212
124000457,8,988,-980
124000458,2,504,-502
124000459,62,3,59
124000460,1,266,-265
124900001,223,173,50
124900002,50,337,-287
124900003,240,239,1
124900004,182,246,-64
124900005,91,178,-87
124900006,170,227,-57
124900008,777,371,406
124900009,58,56,2
124900010,44,16,28
124900011,116,111,5
124900012,167,56,111
124900013,189,161,28
124900014,108,121,-13
124900015,57,59,-2
124900016,19,18,1
124900017,454,363,91
124900018,102,23,79
124900020,17,21,-4
124900021,38,10,28
124900022,60,5,55
124900024,97,0,97
124900026,48,5,43
124900027,27,86,-59
124900028,394,103,291
124900030,6,95,-89
124900031,10,232,-222
124900033,36,224,-188
124900035,60,287,-227
124900036,0,79,-79
124900037,78,255,-177
124900038,173,299,-126
124900039,1,26,-25
124900040,25,42,-17
124900041,152,1287,-1135
124900042,25,19,6
124900043,133,668,-535
124900044,31,0,31
124900045,400,495,-95
124900047,66,128,-62
124900050,183,523,-340
124900052,73,244,-171
124900053,68,404,-336
124900054,3479,310,3169
124900055,1,82,-81
124900057,14,725,-711
124900060,33,164,-131
124900061,54,8,46
124900062,30,5,25
124900066,0,20,-20
124900067,18,380,-362
124900068,124,100,24
124900070,12,22,-10
124900072,117,39,78
124900075,108,343,-235
124900076,124,439,-315
124900077,93,188,-95
124900078,35,5,30
124900080,134,784,-650
124900081,352,166,186
124900082,256,894,-638
124900083,230,662,-432
124900085,1116,87,1029
124900086,14,203,-189
124900087,404,28,376
124900088,458,68,390
124900089,1421,98,1323
124900090,92,124,-32
124900091,130,471,-341
124900092,98,337,-239
124900093,109,96,13
124900094,116,131,-15
124900095,62,177,-115
124900096,283,50,233
124900097,100,23,77
124900098,85,303,-218
124900099,356,189,167
124900100,107,12,95
124900101,18,272,-254
124900102,71,3,68
124900103,51,261,-210
124900104,14,205,-191
124900105,36,134,-98
124900106,95,14,81
124900107,33,5,28
124900108,413,33,380
124900111,6,291,-285
124900112,32,693,-661
124900113,73,59,14
124900114,163,38,125
124900115,33,29,4
124900116,57,60,-3
124900117,602,50,552
124900118,74,94,-20
124900119,128,51,77
124900120,54,295,-241
124900121,109,68,41
124900122,195,246,-51
124900123,387,100,287
124900124,436,230,206
124900125,149,6,143
124900126,5,1000,-995
204000001,31,23,8
204000002,9,14,-5
204000003,10,1,9
204000004,10,2,8
204000005,282,294,-12
204000006,568,784,-216
204000011,10,49,-39
204000012,41,88,-47
204000019,325,407,-82
204000020,228,637,-409
204000021,1595,658,937
204000022,259,417,-158
204000023,201,763,-562
204000031,71,17,54
204000032,423,30,393
204000034,12,253,-241
204000035,1,0,1
204000036,7,20,-13
204000037,0,30,-30
204000038,5,23,-18
204000039,2,43,-41
204000040,5,41,-36
204000041,4,29,-25
204000042,10,7,3
204000043,7,3,4
204000044,13,1,12
204000045,14,3,11
204000046,3,3,0
204000057,1,27,-26
204000062,10,179,-169
204000068,30,131,-101
204000069,13,143,-130
204000070,33,55,-22
204000080,13,29,-16
204000085,1108,1144,-36
204000086,2348,1414,934
204000087,38,16,22
204000088,7,80,-73
204000090,31,372,-341
204000093,94,103,-9
204000096,425,426,-1
204000097,156,129,27
204000099,678,930,-252
204000100,546,782,-236
204000105,1703,1080,623
204000110,296,845,-549
204000111,212,624,-412
204000112,449,770,-321
204000113,290,626,-336
204000114,304,280,24
204000115,174,317,-143
204000116,451,521,-70
204000119,1267,1211,56
204000132,259,152,107
204000133,389,234,155
204000134,82,112,-30
204000135,228,80,148
204000136,161,216,-55
204000138,137,174,-37
204000140,94,78,16
204000141,80,55,25
204000144,2,21,-19
204000145,365,46,319
204000146,21,287,-266
204000147,77,114,-37
204000148,260,32,228
204000154,0,1,-1
204000155,2,6,-4
204000177,39,39,0
204000179,0,0,0
204000180,0,1,-1
204000222,1,13,-12
204000235,14,20,-6
204000236,69,262,-193
204000238,17,66,-49
204000240,318,81,237
204000263,446,1079,-633
204000268,707,350,357
204000308,88,36,52
204000317,30,58,-28
204000322,10,35,-25
204000323,8,35,-27
204000328,170,104,66
204000329,173,77,96
204000330,121,177,-56
204000331,57,156,-99
204000352,44,1,43
205000001,811,1017,-206
205000013,11,70,-59
205000014,15,95,-80
205000015,38,202,-164
205000016,8,141,-133
205000017,13,79,-66
205000022,216,475,-259
205000025,1185,770,415
205000029,123,5,118
205000045,48,166,-118
205000046,49,524,-475
205000047,22,457,-435
205000048,138,951,-813
205000049,96,678,-582
205000050,1073,273,800
205000059,0,197,-197
205000060,0,43,-43
205000061,2,93,-91
205000062,0,70,-70
205000063,13,51,-38
205000064,18,121,-103
205000065,71,513,-442
205000066,98,649,-551
205000067,25,867,-842
205000069,173,14,159
205000082,92,189,-97
205000110,58,192,-134
205000111,159,221,-62
205000112,50,99,-49
205000113,170,167,3
205000121,122,34,88
205000123,54,182,-128
205000126,187,85,102
205000127,378,135,243
205000128,366,54,312
205000129,249,71,178
205000130,188,37,151
205000131,355,6,349
205000132,373,2,371
205000133,228,0,228
205000134,108,0,108
205000137,122,165,-43
205000138,196,244,-48
205000139,8,80,-72
205000144,57,46,11
205000145,147,128,19
205000151,75,25,50
205000152,52,19,33
205000153,93,35,58
205000154,28,59,-31
205000155,44,11,33
205000207,17,68,-51
205000233,7,1,6
205000234,0,3,-3
205000243,0,0,0
205000244,0,2,-2
205000245,8,207,-199
205000249,0,26,-26
205000250,0,1,-1
205000264,0,70,-70
206000027,7,1,6
206000028,2,1,1
206000043,3,111,-108
206000053,6,4,2
206000054,5,27,-22
206000055,1,23,-22
206000075,3,2,1
206000076,11,11,0
206000077,19,5,14
206000078,8,4,4
206000079,14,9,5
206000082,220,12,208
206000100,42,397,-355
206000103,3,21,-18
206000104,21,27,-6
206000105,4,25,-21
206000106,6,26,-20
206000125,18,0,18
206000157,76,465,-389
206000170,1,150,-149
206000171,4,202,-198
206000172,2,1068,-1066
206000173,0,380,-380
206000174,4,169,-165
206000175,0,227,-227
206000176,6,419,-413
206000177,1,202,-201
206000178,1,156,-155
206000179,3,87,-84
206000180,17,171,-154
206000181,12,294,-282
206000182,18,341,-323
206000183,22,798,-776
206000184,1,443,-442
206000185,6,395,-389
206000186,101,1723,-1622
206000223,4,333,-329
206000226,7,2,5
206000227,11,1,10
206000237,14,405,-391
206000238,30,694,-664
206000239,517,1935,-1418
206000240,1,46,-45
206000241,0,90,-90
206000242,15,606,-591
206000243,10,511,-501
206000244,29,1130,-1101
206000245,213,48,165
206000246,57,6,51
206000247,32,8,24
206000248,163,18,145
206000252,26,12,14
206000258,23,36,-13
206000315,10,13,-3
206000317,183,51,132
206000318,125,28,97
206000319,329,58,271
206000320,24,39,-15
206000321,32,14,18
206000322,77,5,72
206000323,55,4,51
206000324,41,1,40
206000325,67,6,61
206000326,42,4,38
206000327,137,9,128
206000328,39,5,34
206000329,75,9,66
206000330,15,5,10
206000331,57,1,56
206000332,12,5,7
206000333,162,1,161
206000334,85,2,83
206000335,0,20,-20
206000361,9,210,-201
206000392,0,35,-35
206000405,96,1,95
206000441,14,5,9
206000498,26,0,26
206000515,64,6,58
206000530,92,39,53
206000531,121,44,77
206000532,2265,72,2193
206000535,453,1801,-1348
206000536,19,270,-251
206000537,13,131,-118
206000613,894,79,815
206000784,296,11,285
207000001,141,315,-174
207000002,70,311,-241
207000003,91,194,-103
207000007,380,183,197
207000008,39,8,31
207000009,44,46,-2
207000010,471,599,-128
207000012,161,155,6
207000015,330,1692,-1362
207000019,125,70,55
207000021,302,141,161
207000022,42,45,-3
207000023,70,30,40
207000024,1,3,-2
207000025,3,37,-34
207000026,75,42,33
207000027,8,61,-53
207000028,54,228,-174
207000029,246,348,-102
207000033,113,108,5
207000034,134,63,71
207000039,158,73,85
207000040,70,103,-33
207000041,16,34,-18
207000042,94,52,42
207000043,105,140,-35
207000051,60,353,-293
207000052,15,219,-204
207000053,332,666,-334
207000054,36,148,-112
207000055,59,192,-133
207000056,187,435,-248
207000057,105,250,-145
207000058,57,509,-452
207000059,39,895,-856
207000060,42,324,-282
207000061,110,147,-37
207000062,90,65,25
207000063,86,186,-100
207000064,176,192,-16
207000065,176,208,-32
207000066,75,134,-59
207000067,71,128,-57
207000068,98,74,24
207000069,607,327,280
207000082,44,399,-355
207000083,59,447,-388
207000084,72,150,-78
207000085,111,14,97
207000086,74,3,71
207000106,32,21,11
207000107,30,16,14
207000108,31,3,28
207000109,31,5,26
207000110,32,48,-16
207000111,36,55,-19
207000112,143,186,-43
207000114,19,22,-3
207000115,11,68,-57
207000116,18,173,-155
207000117,3,118,-115
207000118,2,72,-70
207000119,10,85,-75
207000123,126,14,112
207000124,54,13,41
207000125,39,14,25
207000126,74,19,55
207000134,14,295,-281
207000135,13,297,-284
207000148,40,127,-87
207000149,90,21,69
207000152,121,346,-225
207000153,1113,605,508
207000154,495,132,363
207000159,49,359,-310
207000160,60,721,-661
207000238,0,87,-87
207000242,3,132,-129
207000248,26,20,6
207000249,138,66,72
207000250,591,41,550
207000251,73,56,17
207000252,32,53,-21
207000278,18,43,-25
207000279,20,210,-190
207000280,154,81,73
207000281,48,1406,-1358
207000282,124,12,112
207000283,94,197,-103
207000284,65,64,1
207000285,130,35,95
207000291,12,89,-77
207000304,48,34,14
207000306,58,389,-331
207000310,13,48,-35
207000353,214,7,207
207000356,7,11,-4
207000357,7,8,-1
207000358,8,8,0
207000415,6,150,-144
207000416,132,474,-342
207000417,9,4,5
207000418,85,142,-57
207000438,0,1,-1
207000439,1078,162,916
207000446,64,16,48
207000460,10,4,6
207000466,103,147,-44
207000467,54,94,-40
207000468,18,658,-640
207000476,1,74,-73
207000477,99,111,-12
207000478,0,9,-9
207000523,0,9,-9
207000524,39,0,39
207000527,94,112,-18
207000530,75,5,70
207000531,78,4,74
207000532,37,14,23
207000534,540,19,521
207000535,31,146,-115
207000537,33,77,-44
207000540,4,205,-201
207000541,1,297,-296
207000548,7,301,-294
207000549,82,7,75
207000561,68,61,7
207000562,36,149,-113
207000567,118,184,-66
207000568,27,92,-65
207000569,141,975,-834
207000584,368,117,251
207000585,57,124,-67
207000587,46,21,25
207000616,0,195,-195
207000617,56,0,56
207000624,63,45,18
207000631,8,31,-23
208000001,248,480,-232
208000002,331,451,-120
208000003,513,532,-19
208000004,725,668,57
208000005,15,15,0
208000019,286,658,-372
208000020,150,349,-199
208000021,70,366,-296
208000022,310,587,-277
208000028,741,545,196
208000033,243,623,-380
208000034,780,1144,-364
208000037,313,41,272
208000040,65,107,-42
208000041,597,336,261
208000042,406,396,10
208000047,35,329,-294
208000064,2196,1137,1059
208000066,878,545,333
208000070,133,335,-202
208000071,187,644,-457
208000072,208,1079,-871
208000080,86,341,-255
208000081,130,206,-76
208000082,131,282,-151
208000083,61,464,-403
208000084,15,9,6
208000085,712,520,192
208000086,370,770,-400
208000087,237,621,-384
208000089,435,557,-122
208000090,398,887,-489
208000093,51,86,-35
208000094,415,719,-304
208000095,289,186,103
208000104,630,663,-33
208000105,322,860,-538
208000114,40,95,-55
208000115,322,264,58
208000116,135,615,-480
208000117,68,70,-2
208000118,52,86,-34
208000155,301,720,-419
208000158,1197,1406,-209
208000186,2686,1284,1402
208000204,342,783,-441
208000205,642,1228,-586
208000282,3345,851,2494
209000004,62,129,-67
209000005,17,16,1
209000006,367,83,284
209000007,196,163,33
209000010,419,135,284
209000011,140,158,-18
209000012,96,180,-84
209000013,116,600,-484
209000014,648,1440,-792
209000025,162,27,135
209000026,372,62,310
209000027,315,881,-566
209000028,306,859,-553
209000029,554,837,-283
209000030,522,1449,-927
209000031,3573,1896,1677
209000034,105,121,-16
209000035,105,100,5
209000036,73,55,18
209000037,111,152,-41
209000038,52,107,-55
209000039,26,107,-81
209000040,152,255,-103
209000041,147,294,-147
209000042,127,312,-185
209000043,441,548,-107
209000044,231,547,-316
209000045,743,281,462
209000046,262,351,-89
209000047,167,168,-1
209000048,233,176,57
209000049,86,123,-37
209000050,140,216,-76
209000051,250,366,-116
209000052,134,352,-218
209000062,58,183,-125
209000063,23,165,-142
209000064,17,160,-143
209000065,22,20,2
209000066,16,50,-34
209000067,32,65,-33
209000080,4,136,-132
209000082,41,27,14
209000091,27,59,-32
209000093,54,26,28
209000094,175,71,104
209000110,12,28,-16
209000111,200,755,-555
209000112,544,361,183
209000113,900,332,568
209000114,149,291,-142
209000115,85,141,-56
209000116,726,485,241
209000118,11,28,-17
209000119,26,6,20
209000121,126,692,-566
209000135,42,36,6
209000142,538,786,-248
209000143,102,51,51
209000144,34,41,-7
209000229,106,139,-33
209000240,23,370,-347
209000259,108,107,1
209000260,46,659,-613
209000261,9,514,-505
209000262,2,498,-496
209000263,1,126,-125
209000264,0,24,-24
209000265,316,0,316
209000266,27,5,22
209000267,280,5,275
209000268,372,32,340
210000037,38,20,18
210000047,28,24,4
210000048,16,21,-5
210000049,28,25,3
210000052,15,126,-111
210000053,10,93,-83
210000054,45,70,-25
210000070,14,0,14
210000071,16,0,16
210000072,3,0,3
210000073,0,22,-22
210000074,0,88,-88
210000075,3,34,-31
210000076,4,107,-103
210000077,20,17,3
210000078,36,21,15
210000079,23,4,19
210000080,115,40,75
210000081,61,4,57
210000082,20,0,20
210000083,60,0,60
210000084,11,0,11
210000085,1,76,-75
210000086,3,85,-82
210000099,29,188,-159
210000100,15,169,-154
210000101,29,217,-188
210000105,35,160,-125
210000159,0,92,-92
210000163,188,195,-7
210000164,325,67,258
210000168,177,20,157
210000187,0,5,-5
210000188,0,23,-23
210000214,21,0,21
210000219,20,51,-31
210000220,35,98,-63
210000232,1,33,-32
210000233,22,55,-33
210000234,11,109,-98
210000235,21,122,-101
210000245,0,36,-36
210000246,10,0,10
210000258,7,126,-119
210000259,140,12,128
210000282,60,139,-79
210000285,0,95,-95
210000286,14,149,-135
210000290,1,7,-6
210000295,25,173,-148
210000296,33,57,-24
210000320,85,99,-14
210000321,48,49,-1
210000338,65,112,-47
210000339,456,467,-11
210000340,83,120,-37
210000341,80,144,-64
210000342,90,150,-60
210000343,81,172,-91
210000344,236,78,158
210000345,165,164,1
210000346,69,106,-37
210000347,171,24,147
210000348,116,19,97
210000349,93,20,73
210000350,52,57,-5
210000351,43,92,-49
210000352,25,84,-59
210000353,23,103,-80
210000354,18,98,-80
210000355,42,84,-42
210000356,77,47,30
210000357,46,40,6
210000358,307,69,238
210000359,70,47,23
210000360,114,75,39
210000361,66,127,-61
210000362,118,121,-3
210000363,712,77,635
210000364,44,32,12
210000365,45,22,23
210000366,61,18,43
210000367,38,16,22
210000368,91,15,76
210000369,9,33,-24
210000370,47,50,-3
210000372,39,18,21
210000373,79,21,58
210000374,44,30,14
210000375,23,67,-44
210000376,41,147,-106
210000404,87,108,-21
210000439,12,53,-41
210000472,74,3,71
210000482,70,40,30
210000564,580,64,516
210000567,1,31,-30
210000568,489,2,487
211000092,23,63,-40
211000094,5,13,-8
211000169,261,11,250
211000172,9,172,-163
211000209,0,11,-11
211000226,7,28,-21
211000270,19,11,8
211000275,17,16,1
211000276,28,60,-32
211000279,14,42,-28
211000281,26,49,-23
211000302,8,62,-54
211507980,0,22,-22
211977296,25,3,22
212000003,72,36,36
212000004,85,14,71
212000005,17,13,4
212000006,26,67,-41
212000008,83,259,-176
212000009,11,152,-141
212000012,29,51,-22
212000013,3,29,-26
212000014,146,149,-3
212000015,151,173,-22
212000016,237,445,-208
212000027,275,391,-116
212000028,172,299,-127
212000029,80,196,-116
212000030,12,17,-5
212000031,19,84,-65
212000048,21,82,-61
212000049,9,52,-43
212000050,5,5,0
212000051,109,192,-83
212000052,58,446,-388
212000053,227,467,-240
212000054,77,110,-33
212000055,96,210,-114
212000056,5,35,-30
212000057,2,28,-26
212000058,262,25,237
212000070,63,271,-208
212000077,49,500,-451
212000099,72,161,-89
212000108,130,131,-1
212000111,93,114,-21
212000120,171,121,50
212000138,69,24,45
212000156,2,68,-66
212000158,6,6,0
212000159,94,41,53
212000160,252,145,107
212000161,18,6,12
212000310,29,12,17
212000311,1,76,-75
212000374,16,2,14
213000001,34,536,-502
213000005,197,66,131
213000006,874,79,795
213000007,63,9,54
213000009,390,126,264
213000010,98,100,-2
213000011,137,79,58
213000012,109,325,-216
213000014,17,1,16
213000015,44,2,42
213000016,107,0,107
213000017,9,0,9
213000018,0,198,-198
213000019,1,143,-142
213000020,63,252,-189
213000021,3,81,-78
213000023,142,156,-14
213000033,147,496,-349
213000034,324,171,153
213000035,70,130,-60
213000045,50,217,-167
213000046,95,200,-105
213000047,345,522,-177
213000056,23,13,10
213000069,9,0,9
213000073,0,9,-9
213000074,140,453,-313
213000075,214,4,210
213000076,6,0,6
213000085,4,24,-20
213000086,8,207,-199
213000091,66,4,62
213000092,32,11,21
213000099,123,515,-392
213000100,931,145,786
213000101,143,119,24
213000102,141,351,-210
213000103,530,601,-71
213000104,53,408,-355
213000105,0,61,-61
213000106,8,194,-186
213000107,83,582,-499
213000108,10,423,-413
213000109,6,227,-221
213000110,8,73,-65
213000111,3,49,-46
213000112,120,104,16
213000115,21,1,20
213000116,111,696,-585
213000117,2,904,-902
213000118,128,233,-105
213000119,43,811,-768
213000120,75,728,-653
213000122,160,701,-541
213000123,613,1004,-391
213000124,63,1297,-1234
213000125,74,14,60
213000126,24,63,-39
213000127,132,102,30
213000128,510,342,168
213000129,313,212,101
213000130,170,161,9
213000132,110,77,33
213000133,152,79,73
213000134,387,32,355
213000136,180,19,161
213000137,323,75,248
213000139,380,5,375
213000147,41,0,41
213000148,20,14,6
213000149,8,9,-1
213000150,0,55,-55
213000151,1,47,-46
213000152,0,52,-52
213000153,4,16,-12
213000154,13,249,-236
213000155,12,300,-288
213000156,47,688,-641
213000157,665,443,222
213000158,134,367,-233
213000159,250,459,-209
213000163,179,73,106
213000165,416,94,322
213000171,11,270,-259
213000172,19,308,-289
213000173,1,126,-125
213000174,0,22,-22
213000175,8,53,-45
213000176,4,58,-54
213000177,0,9,-9
213000178,14,5,9
213000179,52,22,30
213000180,51,85,-34
213000182,38,0,38
213000184,52,396,-344
213000188,115,77,38
213000189,106,32,74
213000190,546,643,-97
213000191,148,423,-275
213000192,82,569,-487
213000193,1428,117,1311
213000194,0,18,-18
213000195,9,461,-452
213000196,166,608,-442
213000197,197,247,-50
213000198,35,0,35
213000200,88,936,-848
213000201,93,38,55
213000202,5,672,-667
213000203,2646,253,2393
213000204,467,30,437
213000205,71,45,26
213000206,145,37,108
213000207,57,39,18
213000208,152,0,152
213000209,76,0,76
213000210,257,1,256
213000211,3,22,-19
213000212,8,15,-7
213000213,3,22,-19
213000218,1277,2437,-1160
213000219,268,7,261
213000220,308,4,304
213000223,195,81,114
213000224,27,21,6
213000225,24,4,20
213000226,31,6,25
213000227,326,165,161
213000228,112,64,48
213000229,478,17,461
213000230,272,22,250
213000232,93,414,-321
213000233,2,9,-7
213000234,6,33,-27
213000293,14,49,-35
213000294,96,1,95
213000295,11,85,-74
213000296,34,11,23
213000297,9,67,-58
213000298,4,60,-56
213000299,30,44,-14
213000300,12,3,9
213000303,5,25,-20
213000304,1,4,-3
213000305,1,6,-5
213000306,79,20,59
213000307,218,88,130
213000308,92,271,-179
213000309,156,34,122
213000310,97,70,27
213000311,272,522,-250
213000315,78,127,-49
213000316,42,34,8
213000322,7,12,-5
213000323,6,16,-10
213000340,79,869,-790
213000341,143,84,59
213000346,65,31,34
213000347,673,66,607
213000348,8,113,-105
213000349,62,17,45
213000350,159,1410,-1251
213000366,18,283,-265
213000367,73,24,49
213000379,142,271,-129
213000386,10,160,-150
213000406,95,329,-234
213000417,626,272,354
213000425,40,22,18
213000426,35,38,-3
213000427,19,214,-195
213000428,16,234,-218
213000429,12,3,9
213000430,89,863,-774
213000431,34,2,32
213000432,0,6,-6
213000433,2,91,-89
213000434,40,85,-45
213000435,37,49,-12
213000439,11,20,-9
213000441,0,0,0
213000443,299,263,36
213000445,2,84,-82
213000446,0,8,-8
213000447,1,31,-30
213000448,5,41,-36
213000449,71,1,70
213000450,9,24,-15
213000451,71,46,25
213000452,4,9,-5
213000453,37,273,-236
213000455,283,5,278
213000456,1,177,-176
213000481,8,7,1
213000482,33,2,31
213000489,412,33,379
213000491,1,122,-121
213000492,136,2,134
213000493,0,28,-28
213000494,66,67,-1
213000496,112,139,-27
213000497,18,241,-223
213000498,27,132,-105
213000499,48,296,-248
213000500,126,70,56
213000501,52,23,29
213000502,87,32,55
213000503,1,32,-31
213000504,3,57,-54
213000505,1,123,-122
213000506,0,4,-4
213000507,4,124,-120
213900244,15,0,15
213900245,0,30,-30
218000003,17,4,13
218000004,10,8,2
218000005,13,27,-14
218000006,74,28,46
218000007,9,4,5
218000012,192,87,105
218000013,77,94,-17
218000014,389,265,124
218000019,681,313,368
218000020,248,367,-119
218000040,3,2,1
218000046,25,194,-169
218000047,8,282,-274
218000048,54,285,-231
218000049,73,217,-144
218000050,234,321,-87
218000051,27,395,-368
218000052,0,116,-116
218000053,3,9,-6
218000054,60,22,38
218000055,15,13,2
218000056,7,34,-27
218000057,0,36,-36
218000064,3,6,-3
218000065,11,50,-39
218000066,6,28,-22
218000067,12,89,-77
218000068,40,91,-51
218000069,83,176,-93
218000070,82,217,-135
218000071,101,229,-128
218000072,187,193,-6
218000078,471,1090,-619
218000079,35,47,-12
218000080,68,46,22
218000081,170,169,1
218000082,6,82,-76
218000083,23,72,-49
218000084,40,151,-111
218000085,67,356,-289
218000086,25,131,-106
218000087,114,201,-87
218000090,3,71,-68
218000091,697,349,348
218000092,30,121,-91
218000093,43,89,-46
218000094,399,650,-251
218000099,204,262,-58
218000100,161,208,-47
218000101,69,116,-47
218000102,101,267,-166
218000103,34,151,-117
218000104,25,51,-26
218000105,35,3,32
218000106,1,17,-16
218000107,27,85,-58
218000108,7,63,-56
218000112,46,10,36
218000117,37,20,17
218000134,224,624,-400
218000135,22,71,-49
218000136,142,26,116
218000137,107,93,14
218000138,13,59,-46
218000139,53,333,-280
218000140,130,156,-26
218000141,20,66,-46
218000142,58,64,-6
218000143,40,121,-81
218000144,25,48,-23
218000145,123,333,-210
218000146,55,100,-45
218000151,10,13,-3
218000152,42,39,3
218000170,0,18,-18
218000171,26,9,17
218000172,26,7,19
218000173,50,7,43
218000174,13,4,9
218000176,62,11,51
218000177,202,83,119
218000178,58,83,-25
218000179,79,22,57
218000180,42,9,33
218000181,79,13,66
218000187,7,21,-14
218000188,17,46,-29
218000189,4,44,-40
218000190,2,1,1
218000191,66,166,-100
218000192,97,458,-361
218000193,270,478,-208
218000194,31,403,-372
218000195,73,69,4
218000196,131,206,-75
218000197,125,291,-166
218000198,1,114,-113
218000199,18,26,-8
218000200,80,47,33
218000201,2,9,-7
218000202,135,102,33
218000207,9,45,-36
218000208,17,53,-36
218000211,57,6,51
218000213,60,49,11
218000214,4,17,-13
218000215,30,76,-46
218000217,6,81,-75
218000218,114,49,65
218000219,6,15,-9
218000220,122,212,-90
218000221,618,113,505
218000222,51,17,34
218000223,23,99,-76
218000224,3,29,-26
218000225,102,9,93
218000226,54,37,17
218000232,23,70,-47
218000239,59,0,59
218000240,11,4,7
218000241,1,4,-3
218000242,73,0,73
218000243,53,0,53
218000244,19,2,17
218000245,13,1,12
218000246,2,1,1
218000247,0,0,0
218000248,0,22,-22
218000249,0,1,-1
218000250,3,14,-11
218000251,0,15,-15
218000252,4,29,-25
218000253,10,17,-7
218000254,0,4,-4
218000255,0,3,-3
218000256,10,46,-36
218000267,909,980,-71
218000268,4,50,-46
218000269,11,4,7
218000270,35,54,-19
218000271,29,69,-40
218000273,9,10,-1
218000274,10,8,2
218000275,8,25,-17
218000276,4,56,-52
218000278,7,30,-23
218000279,15,63,-48
218000280,9,57,-48
218000281,28,9,19
218000282,432,203,229
218000284,125,22,103
218000301,28,58,-30
218000302,37,23,14
218000303,71,69,2
218000316,580,883,-303
218000317,370,969,-599
218000318,250,670,-420
218000319,492,1474,-982
218000320,380,711,-331
218000338,34,36,-2
218000345,113,47,66
218000346,54,113,-59
218000459,37,217,-180
218000490,32,63,-31
218000501,20,22,-2
218000502,27,103,-76
218000503,34,7,27
218000504,74,0,74
218000505,22,168,-146
218000506,27,144,-117
218000508,23,3,20
218000510,117,4,113
218000520,67,103,-36
218000521,5,66,-61
218000522,0,119,-119
218000523,79,2,77
218000524,53,66,-13
218000525,109,11,98
218000526,37,40,-3
218000529,31,319,-288
218000531,3,29,-26
218000532,5,24,-19
218000534,62,23,39
218000537,10,34,-24
218000538,65,79,-14
218000540,235,45,190
218000543,52,28,24
218000544,38,86,-48
218000545,30,32,-2
218000546,28,94,-66
218000547,35,45,-10
218000548,56,179,-123
218000549,234,109,125
218000550,172,452,-280
218000551,201,322,-121
218000552,365,20,345
218000553,66,75,-9
218000554,11,20,-9
218000555,8,46,-38
218000556,69,404,-335
218000557,143,145,-2
218000558,12,1,11
218000559,0,19,-19
218000560,0,16,-16
218000561,14,0,14
218000562,20,148,-128
218000563,105,15,90
218000564,1,80,-79
218000565,168,10,158
218000566,409,16,393
218000567,3,61,-58
218000568,7,3,4
218000569,10,63,-53
218000570,178,0,178
218000571,0,84,-84
218000572,77,3,74
218000573,11,55,-44
218000574,96,46,50
218000575,62,0,62
218000576,0,52,-52
218000577,12,0,12
218000578,1,61,-60
218000579,17,4,13
218000581,0,42,-42
218000582,7,5,2
218000583,0,0,0
218000584,0,10,-10
218000585,9,2,7
218000586,4,22,-18
218000587,0,1,-1
218000588,0,2,-2
218000589,0,2,-2
218000590,0,0,0
218000591,12,0,12
218000592,20,0,20
218000601,2,0,2
218000602,0,2,-2
218000603,0,3,-3
218000604,14,10,4
218000605,0,27,-27
218000606,37,2,35
218000607,12,24,-12
218000608,25,8,17
218000609,1,43,-42
218000610,20,1,19
218000611,20,0,20
218000612,0,10,-10
218000613,20,12,8
218000614,0,52,-52
218000615,58,1,57
218000616,2,98,-96
218000617,1,3,-2
218000618,0,16,-16
218000619,2,20,-18
218000620,1,6,-5
218000621,0,0,0
218000622,0,10,-10
218000623,5,0,5
218000624,0,10,-10
218000625,9,0,9
218000626,0,8,-8
218000628,70,15,55
218000631,36,26,10
218000632,0,41,-41
218000633,29,1,28
218000634,1,18,-17
218000635,3,8,-5
218000636,433,1293,-860
218000637,447,538,-91
218000638,50,57,-7
218000639,5,187,-182
218000640,52,28,24
218000641,49,388,-339
218000652,65,87,-22
218000653,102,26,76
218000663,4,157,-153
218000675,32,54,-22
218000680,168,683,-515
218000681,380,98,282
218000691,70,478,-408
218000693,82,109,-27
218000718,947,283,664
218000719,1413,55,1358
218000720,3,39,-36
218000721,32,8,24
218001147,5,496,-491
218001214,13,8,5
218001258,61,1,60
218001329,140,78,62
218001330,94,175,-81
218001351,23,10,13
218001352,2,18,-16
218001353,13,10,3
218001354,3,14,-11
218001355,55,439,-384
218001356,88,9,79
218001357,24,299,-275
218001358,82,5,77
218001361,84,8,76
218001362,3,645,-642
219000001,12,61,-49
219000002,27,63,-36
219000003,33,28,5
219000004,35,24,11
219000017,59,7,52
219000020,50,15,35
219000022,53,1,52
219000023,45,1,44
219000029,0,72,-72
219000034,22,10,12
219000039,14,24,-10
219000040,16,12,4
219000041,49,37,12
219000051,0,49,-49
219000052,0,25,-25
219000053,3,282,-279
219000055,44,3,41
219000056,14,0,14
219000057,18,1,17
219000062,14,288,-274
219000063,24,10,14
219000064,1,35,-34
219000110,159,29,130
219000111,78,38,40
219000112,102,31,71
219000113,100,17,83
219000114,156,12,144
219000116,48,29,19
219000117,103,72,31
219000118,44,48,-4
219000123,251,91,160
219000124,44,45,-1
219000125,17,17,0
219000126,89,104,-15
219000127,1,2,-1
219000128,22,78,-56
219000129,26,107,-81
219000130,923,594,329
219000131,848,393,455
219000133,75,29,46
219000134,2,18,-16
219000135,29,39,-10
219000136,73,119,-46
219000138,50,9,41
219000139,19,39,-20
219000140,10,1,9
219000141,12,112,-100
219000142,9,78,-69
219000143,11,107,-96
219000145,14,42,-28
219000146,3,41,-38
219000147,0,65,-65
219000148,1,49,-48
219000149,22,167,-145
219000150,0,127,-127
219000151,1,94,-93
219000157,101,88,13
219000158,116,225,-109
219000161,138,9,129
219000163,1201,326,875
219000166,50,144,-94
219000167,51,253,-202
219000168,231,60,171
219000174,149,74,75
219000175,40,0,40
219000176,46,2,44
219000177,6,8,-2
219000178,8,5,3
219000179,17,1,16
219000180,32,21,11
219000182,53,6,47
219000183,17,21,-4
219000184,22,3,19
219000185,0,82,-82
219000186,11,47,-36
219000187,15,100,-85
219000189,135,97,38
219000190,111,214,-103
219000191,1576,582,994
219000192,128,74,54
219000193,608,133,475
219000195,0,62,-62
219000196,3,131,-128
219000198,30,128,-98
219000199,105,140,-35
219000200,35,168,-133
219000201,79,178,-99
219000203,39,98,-59
219000204,78,158,-80
219000205,52,178,-126
219000207,178,170,8
219000209,12,101,-89
219000210,41,110,-69
219000213,17,326,-309
219000239,119,176,-57
219000240,122,225,-103
219000241,38,194,-156
219000242,41,184,-143
219000243,36,463,-427
219000244,19,187,-168
219000245,49,50,-1
219000246,35,4,31
219000247,33,29,4
219000248,264,164,100
219000249,88,55,33
219000250,103,60,43
219000251,279,120,159
219000252,101,99,2
219000253,198,21,177
219000255,68,46,22
219000256,49,72,-23
219000257,31,0,31
219000262,79,245,-166
219000263,37,244,-207
219000267,3,206,-203
219000268,7,4,3
219000269,3,1,2
219000270,1,0,1
219000271,47,1,46
219000278,0,25,-25
219000279,0,8,-8
219000283,0,10,-10
219000295,7,82,-75
219000296,25,439,-414
219000297,7,155,-148
219000298,4,228,-224
219000299,280,31,249
219000300,18,246,-228
219000301,198,239,-41
219000302,15,162,-147
219000307,17,44,-27
219000308,15,21,-6
219000311,86,29,57
219000312,253,32,221
219000313,106,15,91
219000314,74,391,-317
219000315,67,18,49
219000316,169,15,154
219000317,26,16,10
219000320,0,44,-44
219000321,1,17,-16
219000323,2,87,-85
219000325,0,33,-33
219000326,41,96,-55
219000327,22,35,-13
219000328,22,35,-13
219000329,181,74,107
219000330,13,24,-11
219000331,10,37,-27
219000332,36,60,-24
219000333,8,1,7
219000335,47,6,41
219000337,18,1,17
219000338,21,0,21
219000344,23,71,-48
219000345,61,92,-31
219000346,13,142,-129
219000348,50,242,-192
219000349,16,253,-237
219000350,22,48,-26
219000351,3,0,3
219000352,118,38,80
219000353,64,43,21
219000354,62,105,-43
219000355,57,29,28
219000356,1559,275,1284
219000363,275,32,243
219000364,112,19,93
219000365,48,16,32
219000366,174,116,58
219000368,251,205,46
219000370,899,195,704
219000371,8,13,-5
219000382,2,12,-10
219000383,605,501,104
219000385,447,341,106
219000386,770,996,-226
219000387,4,2,2
219000390,5,1,4
219000391,1,0,1
219000397,52,77,-25
219000398,37,23,14
219000401,7,67,-60
219000402,12,74,-62
219000403,45,105,-60
219000404,16,42,-26
219000407,3,25,-22
219000409,24,39,-15
219000410,35,20,15
219000411,26,8,18
219000446,186,363,-177
219000447,0,8,-8
219000448,2,4,-2
219000452,100,35,65
219000453,63,78,-15
219000454,246,111,135
219000556,75,61,14
219000558,69,374,-305
219000590,1,147,-146
219000591,31,42,-11
219000592,63,327,-264
219000595,2,19,-17
219000635,17,6,11
219000636,15,103,-88
219000657,8,10,-2
219000658,4,22,-18
219000673,0,1,-1
219000676,3,2,1
219000679,11,6,5
219000684,24,0,24
219000685,0,121,-121
219000686,1,1,0
219000688,0,106,-106
219000689,48,96,-48
219000690,141,12,129
219000691,90,77,13
219000692,88,6,82
219000693,0,13,-13
219000694,0,0,0
219000695,8,0,8
219000698,10,0,10
219000699,0,16,-16
219000727,4,244,-240
219000728,128,2,126
219000770,15,1,14
219000771,0,16,-16
219000788,216,303,-87
219001150,0,9,-9
219001151,1,3,-2
219001166,45,4,41
219001167,0,48,-48
219001178,27,1,26
220000001,19,29,-10
220000002,9,113,-104
220000003,311,291,20
220000004,492,427,65
220000005,1264,1030,234
220000006,86,725,-639
220000007,250,652,-402
220000008,156,938,-782
220000009,121,406,-285
220000010,192,86,106
220000011,456,1819,-1363
220000012,88,159,-71
220000014,40,67,-27
220000015,23,117,-94
220000017,47,245,-198
220000018,3895,714,3181
220000019,31,153,-122
220000020,143,187,-44
220000021,264,155,109
220000022,263,464,-201
220000023,73,158,-85
220000024,1095,277,818
220000025,403,324,79
220000026,172,150,22
220000027,28,59,-31
220000028,16,25,-9
220000029,28,139,-111
220000030,175,72,103
220000031,107,229,-122
220000064,38,554,-516
221000046,2,0,2
221000047,0,4,-4
221000048,0,0,0
221000049,0,13,-13
221000050,4,0,4
221000055,28,29,-1
221000057,28,5,23
221000068,229,44,185
221000069,159,26,133
221000070,116,13,103
221000071,38,6,32
221000072,98,13,85
221000073,108,38,70
221000074,1,5,-4
221000075,7,12,-5
221000076,5,38,-33
221000077,25,51,-26
221000081,16,1,15
221000082,13,4,9
221000083,29,3,26
221000084,4,4,0
221000085,17,46,-29
221000086,14,113,-99
221000087,2,106,-104
221000088,28,112,-84
221000089,29,182,-153
221000090,86,297,-211
221000098,55,9,46
221000099,66,7,59
221000100,33,5,28
221000101,224,7,217
221000102,52,8,44
221000109,1,65,-64
221000110,7,125,-118
221000111,18,140,-122
221000112,4,109,-105
221000113,22,154,-132
221000114,10,147,-137
221000120,4,22,-18
221000121,0,21,-21
221000122,6,19,-13
221000123,6,55,-49
221000124,10,218,-208
221000155,29,2,27
221000156,41,23,18
221000175,0,6,-6
221000176,2,0,2
221000182,25,2,23
221000241,505,97,408
221000242,158,211,-53
221000243,257,82,175
221000244,116,334,-218
221000245,44,81,-37
221000246,10,278,-268
221000247,30,104,-74
221000248,51,174,-123
221000267,32,650,-618
221000325,42,21,21
221000331,2,71,-69
221000338,2,11,-9
221000378,88,9,79
221000381,19,107,-88
222000282,5,3,2
222000296,0,7,-7
222000568,164,10,154
222000569,72,9,63
222000570,69,3,66
222000571,85,13,72
222000577,2,247,-245
222000578,23,200,-177
222000579,40,149,-109
222000580,114,699,-585
222000599,0,98,-98
222000600,4,230,-226
222000601,6,625,-619
222000603,26,21,5
222000604,11,21,-10
222000605,3,4,-1
222000606,0,6,-6
222000607,1,0,1
222000608,2,11,-9
222000609,21,398,-377
222000616,73,43,30
222000617,3,3,0
222000618,0,1,-1
222000620,33,6,27
222000621,31,18,13
222000623,263,8,255
222000624,167,4,163
222000625,219,20,199
222000636,9,2,7
222000686,9,10,-1
222000687,15,23,-8
222001066,167,0,167
222001067,1,11,-10
222001068,4,36,-32
222001069,9,19,-10
222001082,1,46,-45
222001083,2,58,-56
222001084,0,28,-28
222001085,1,36,-35
222001111,9,290,-281
222001112,12,48,-36
222001313,5,11,-6
222001314,0,74,-74
222001464,69,23,46
222001465,40,277,-237
222001484,49,42,7
222001485,4,62,-58
222001494,128,73,55
222001495,56,589,-533
222001496,123,25,98
222001497,57,707,-650
222001502,23,105,-82
222001503,34,30,4
222001504,6,187,-181
222001505,117,6,111
222001506,18,169,-151
222001507,104,18,86
222001510,147,17,130
222001511,25,386,-361
222001514,292,61,231
222001515,163,530,-367
222001518,75,28,47
222001519,26,377,-351
222001527,173,26,147
222001528,60,163,-103
222001529,47,29,18
222001530,27,207,-180
222001533,87,396,-309
222001534,64,33,31
222001535,49,72,-23
222001536,56,497,-441
222001537,131,27,104
222001538,22,428,-406
222001563,173,84,89
222001564,22,772,-750
222001568,151,84,67
222001576,0,0,0
222001579,0,0,0
222001583,15,204,-189
222001584,24,19,5
222001596,370,1161,-791
222001597,482,168,314
222001626,0,141,-141
222001650,33,36,-3
222001651,30,118,-88
222001914,132,27,105
222001915,42,196,-154
222001968,348,103,245
222001969,428,957,-529
222001970,53,212,-159
222001971,4,22,-18
222001972,0,15,-15
225000001,282,70,212
225000002,157,73,84
225000003,155,83,72
225000004,127,151,-24
225000005,17,36,-19
225000006,0,121,-121
225000007,2943,799,2144
225000010,110,8,102
225000011,359,459,-100
225000012,96,327,-231
225000013,66,123,-57
225000014,427,66,361
225000015,87,225,-138
225000021,398,135,263
225000027,204,439,-235
225000032,379,127,252
225000042,49,625,-576
225000049,10,34,-24
225000050,16,13,3
225000053,7,151,-144
225000058,524,131,393
225000067,60,193,-133
225000068,46,493,-447
225000069,146,492,-346
225000070,53,450,-397
225000071,19,256,-237
225000075,22,632,-610
225000076,58,103,-45
225000078,48,16,32
225000085,18,84,-66
225000086,95,25,70
225000087,90,8,82
225000088,9,91,-82
225000089,353,376,-23
225000090,26,296,-270
225000091,48,209,-161
225000092,22,57,-35
225000093,91,354,-263
225000094,10,490,-480
225000095,212,515,-303
225000096,151,361,-210
225000098,237,79,158
225000099,123,72,51
225000100,64,77,-13
225000104,48,472,-424
225000110,5,405,-400
225000111,152,882,-730
225000112,211,811,-600
225000113,94,680,-586
225000114,17,273,-256
225000115,2663,342,2321
225000116,825,52,773
225000117,556,227,329
225000118,501,207,294
225000119,97,44,53
225000120,247,36,211
225000121,202,30,172
225000123,606,6,600
225000125,175,299,-124
225000126,886,185,701
225000127,749,341,408
225000128,247,279,-32
225000132,132,16,116
225000133,127,14,113
225000134,306,48,258
225000135,15,3,12
225000136,100,3,97
225000137,33,37,-4
225000138,203,27,176
225000143,70,123,-53
225000144,1,240,-239
225000145,11,18,-7
225000146,28,118,-90
225000147,7,375,-368
225000148,7,197,-190
225000149,36,451,-415
225000151,26,233,-207
225000155,203,303,-100
225000156,110,423,-313
225000157,108,282,-174
225000158,60,337,-277
225000171,0,158,-158
225000180,21,10,11
225000181,0,32,-32
225000182,48,8,40
225000185,12,291,-279
225000187,48,375,-327
225000191,98,2,96
225000194,0,9,-9
225000208,0,31,-31
225000209,48,11,37
225000210,9,180,-171
225000217,0,11,-11
225000218,6,3,3
225000223,0,40,-40
225000224,427,0,427
225000225,0,5,-5
225000226,50,1,49
225000227,26,42,-16
225000228,4,6,-2
225000229,0,81,-81
225000230,8,0,8
225000231,0,90,-90
225000232,36,0,36
225000241,86,1,85
225000242,0,35,-35
225000249,4,0,4
225000250,49,805,-756
225000251,139,8,131
226000042,291,338,-47
226000043,47,176,-129
226000044,168,568,-400
226000045,113,316,-203
226000046,259,35,224
226000047,204,51,153
226000048,188,57,131
226000049,134,65,69
226000070,0,55,-55
226000071,2,61,-59
226000072,0,8,-8
226000073,0,5,-5
226000074,0,6,-6
226000084,0,31,-31
226000085,2,0,2
226000086,6,4,2
226000087,0,5,-5
226000088,10,10,0
226000090,60,19,41
226000091,22,8,14
226000092,3,0,3
226000093,33,0,33
226000094,9,1,8
226000095,10,3,7
226000105,14,0,14
226000106,6,0,6
226000107,1,0,1
226000108,27,0,27
226000109,30,0,30
226000124,92,28,64
226000134,224,202,22
226000135,489,354,135
226000136,128,176,-48
226000137,5,364,-359
226000138,12,238,-226
226000139,0,3,-3
226000156,38,4,34
226000157,53,14,39
226000163,44,287,-243
226000202,7,406,-399
226000231,142,8,134
226000232,9,2,7
227000037,50,15,35
227000038,103,35,68
227000049,0,21,-21
227000050,1,52,-51
227000055,29,1,28
227000056,10,0,10
227000084,0,29,-29
227000085,0,19,-19
227000088,58,2,56
227000089,44,1,43
227000090,7,1,6
227000091,3,0,3
227000093,26,0,26
227000094,0,0,0
227000130,14,59,-45
227000131,7,293,-286
227000132,29,303,-274
227000133,15,295,-280
227000134,30,378,-348
227000152,0,2,-2
227000153,0,27,-27
227000155,0,10,-10
227000156,0,10,-10
227000165,0,16,-16
227000196,21,342,-321
227000199,145,12,133
227000230,21,266,-245
227000232,142,16,126
227000241,136,11,125
227000242,46,425,-379
227000243,338,42,296
227000244,211,29,182
227000245,21,252,-231
227000246,40,453,-413
227000247,153,36,117
227000248,104,12,92
227000249,9,305,-296
227000251,224,340,-116
227000252,12,347,-335
227000253,66,15,51
227000262,120,18,102
227000266,284,12,272
227000267,36,1291,-1255
227000486,300,96,204
227000655,37,2,35
227000661,97,4,93
227000680,74,24,50
229000265,1,41,-40
229000296,0,0,0
229000297,3,37,-34
229000298,4,89,-85
229000320,7,9,-2
229000321,2,0,2
229000412,9,36,-27
229000414,5,48,-43
229000415,2,0,2
229000416,0,7,-7
229000417,0,12,-12
229000419,37,135,-98
229000440,109,35,74
229000442,4,0,4
229000443,5,0,5
229000444,0,22,-22
229000445,21,26,-5
229000446,29,9,20
229000847,6,0,6
229000848,9,0,9
229000849,35,0,35
229000851,5,0,5
229000854,0,41,-41
229000856,1,99,-98
229000857,0,32,-32
229000858,0,106,-106
229000919,4,64,-60
229000930,0,174,-174
229000937,54,13,41
229000966,19,21,-2
229000981,11,49,-38
229000985,4,26,-22
229000986,0,11,-11
229000987,0,0,0
229000988,2,3,-1
229000989,1,1,0
229000990,0,1,-1
229000991,0,0,0
229000992,3,2,1
229000993,109,16,93
229000998,6,39,-33
229000999,18,10,8
229001034,0,6,-6
229001035,1,0,1
229001037,13,10,3
229001042,4,10,-6
229001047,1,31,-30
229001050,31,33,-2
229001200,12,1,11
229001338,29,13,16
229001394,157,2,155
229001422,67,8,59
229001423,24,125,-101
229001431,42,36,6
229001432,27,86,-59
229001444,64,44,20
229001445,21,127,-106
229001503,98,63,35
229001504,59,186,-127
229001505,57,32,25
229001506,46,181,-135
229001509,25,15,10
229001545,34,13,21
229001546,7,88,-81
229001553,36,11,25
229001554,10,71,-61
229001559,0,11,-11
229001560,3,17,-14
229001630,39,5,34
229001631,4,37,-33
229001635,0,7,-7
229001636,0,2,-2
229001658,1,72,-71
229001659,62,4,58
229001660,0,0,0
229001661,0,23,-23
229001662,15,0,15
229001663,0,4,-4
229002584,75,86,-11
229002831,116,48,68
229002841,3,20,-17
229002842,4,5,-1
229002843,26,20,6
229002844,13,34,-21
229002845,21,24,-3
229002846,10,11,-1
229002847,0,2,-2
229002848,0,9,-9
229002849,0,40,-40
229002850,0,0,0
229002851,26,60,-34
229002852,16,11,5
229002853,23,6,17
229002854,14,26,-12
229002855,7,34,-27
229002856,10,8,2
229002857,0,24,-24
229002858,3,1,2
229002859,6,12,-6
229002860,12,2,10
229002861,10,5,5
229002862,5,21,-16
229002863,2,30,-28
229002864,1,28,-27
229002865,11,5,6
229002866,25,7,18
229002867,1,17,-16
229002868,1,7,-6
229002869,3,105,-102
229002870,14,2,12
235000066,170,85,85
235000067,55,82,-27
235000072,15,25,-10
235000073,40,121,-81
235000074,12,53,-41
235000080,17,61,-44
235000081,22,90,-68
235000082,56,46,10
235000083,32,35,-3
235000084,4,26,-22
235000085,29,24,5
235000089,11,38,-27
235000092,2,69,-67
235000093,3,1,2
235000097,4,3,1
235000098,15,10,5
235000099,15,37,-22
235000116,27,17,10
235000117,513,10,503
235000133,6,90,-84
235000134,9,59,-50
235000206,5,2,3
235000207,1,1,0
235000208,2,0,2
235000209,0,0,0
235000210,2,0,2
235000212,0,15,-15
235000213,1,8,-7
235000220,0,1,-1
235000221,12,5,7
235000238,9,12,-3
235000239,0,5,-5
235000242,135,109,26
235000245,633,157,476
235000246,3,35,-32
235000284,2,133,-131
235000295,66,4,62
235000305,84,2,82
235000306,18,2,16
235000307,22,1,21
235000308,11,0,11
235000309,17,0,17
235000310,9,0,9
235000311,12,4,8
235000322,0,24,-24
235000323,3,63,-60
235000324,0,11,-11
235000325,0,47,-47
235000326,6,236,-230
235000351,3,93,-90
235000352,9,31,-22
235000353,1,22,-21
235000354,0,40,-40
235000355,9,54,-45
235000356,14,5,9
235000357,11,9,2
235000358,19,5,14
235000359,4,2,2
235000360,56,2,54
235000361,17,6,11
235000381,15,209,-194
235000382,55,24,31
235000390,33,2,31
235000391,34,27,7
235000392,42,54,-12
235000393,32,43,-11
235000395,35,14,21
235000396,83,40,43
235000400,57,56,1
235000401,21,113,-92
235000405,29,324,-295
235000406,21,190,-169
235000407,33,94,-61
235000409,156,146,10
235000410,20,135,-115
235000411,0,59,-59
235000485,0,5,-5
235000486,0,0,0
235000549,11,32,-21
235000550,19,98,-79
235000599,21,31,-10
235000600,6,5,1
235000601,12,31,-19
235000602,22,93,-71
235000614,7,0,7
235000648,1,17,-16
235000649,8,0,8
235000685,0,6,-6
235000815,6,12,-6
235000834,0,7,-7
235000855,30,17,13
235000862,1,146,-145
235000891,0,10,-10
235000892,1,2,-1
235000901,27,64,-37
235000907,4,7,-3
235001010,12,55,-43
235001029,289,224,65
235001030,217,52,165
235001078,32,48,-16
235001079,36,70,-34
235001147,14,31,-17
235001166,3,71,-68
235001167,9,19,-10
235001169,45,276,-231
235001188,0,5,-5
235001189,2,0,2
235001197,3,16,-13
235001200,14,11,3
235001207,83,19,64
235001210,41,166,-125
235001215,26,138,-112
235001239,4,22,-18
235001244,0,1,-1
235016267,0,28,-28
277102712,0,0,0
277103813,0,0,0
277104249,0,5,-5
277104250,0,10,-10
277104251,0,6,-6
277104252,0,0,0
990011530,0,167,-167
990014944,1,361,-360
990015176,3,3,0
990016032,0,310,-310
990032570,0,32,-32
990070001,29,0,29
990070103,0,1,-1
990070601,0,27,-27
990070751,127,0,127
990070766,1,721,-720
990071180,172,148,24
990071343,14,1,13
990071387,0,8,-8
990071823,7,0,7
990072600,2,460,-458
990072964,1,379,-378
990073285,0,1,-1
990074393,3,861,-858
990074870,270,0,270
990075106,158,4,154
990075746,90,0,90
990076437,231,6,225
990076458,6,1154,-1148
997000007,58,1,57
997000041,0,42,-42
997000058,14,0,14
997000062,13,1,12
997000069,0,2,-2
997000070,0,47,-47
997000100,5,0,5
997000141,3,538,-535
997000198,229,351,-122
998000475,0,6,-6
998000736,1,315,-314
998000965,0,7,-7
998001031,0,59,-59
998001700,0,13,-13
998001899,0,2,-2
998001900,4,3,1
998003073,193,3,190
998101900,0,0,0
998102850,0,63,-63
998501927,336,261,75
998501929,27,3,24
998501930,46,1,45
998501931,29,1,28
998501932,2,1,1
998501933,22,16,6
998501937,1,0,1
998501944,0,1,-1
998501950,0,0,0
998501970,8,1,7
998501971,0,48,-48
998501973,0,44,-44
998501974,0,218,-218
998501975,77,1,76
998501976,30,0,30
998501977,0,9,-9
998501978,6,0,6
998501979,0,2,-2
998501980,35,1,34
998501981,21,11,10
998501982,0,60,-60
998501983,0,0,0
998502006,0,0,0
998502032,0,0,0
998502062,7,0,7
998502063,0,0,0
998502173,30,0,30
998502269,0,0,0
998502546,0,100,-100
998502578,0,3,-3
998502599,106,221,-115
998502621,0,0,0
998601159,0,240,-240
998601292,0,15,-15
999033574,0,691,-691
999800001,8,5,3
999800002,0,21,-21
999800003,3,0,3
999800004,0,0,0
999800005,0,1,-1
