dong,insum,outsum,diff
강남구 개포1동,14,13,1
강남구 개포2동,882,364,518
강남구 개포4동,133,29,104
강남구 논현1동,1322,1114,208
강남구 논현2동,387,501,-114
강남구 대치1동,292,236,56
강남구 대치2동,617,1143,-526
강남구 대치4동,831,647,184
강남구 도곡1동,346,777,-431
강남구 도곡2동,176,107,69
강남구 삼성1동,552,1554,-1002
강남구 삼성2동,704,999,-295
강남구 세곡동,1450,528,922
강남구 수서동,964,616,348
강남구 신사동,627,1523,-896
강남구 압구정동,1399,2071,-672
강남구 역삼1동,2016,2407,-391
강남구 역삼2동,532,817,-285
강남구 일원1동,430,90,340
강남구 일원2동,16,29,-13
강남구 일원본동,317,234,83
강남구 청담동,632,1128,-496
강동구 강일동,2327,306,2021
강동구 고덕제1동,335,28,307
강동구 고덕제2동,1049,219,830
강동구 길동,1166,422,744
강동구 둔촌제1동,0,0,0
강동구 둔촌제2동,403,311,92
강동구 명일제1동,791,231,560
강동구 명일제2동,336,388,-52
강동구 상일동,1139,373,766
강동구 성내제1동,90,105,-15
강동구 성내제2동,68,442,-374
강동구 성내제3동,1314,445,869
강동구 암사제1동,312,31,281
강동구 암사제2동,410,102,308
강동구 암사제3동,178,20,158
강동구 천호제1동,473,70,403
강동구 천호제2동,584,278,306
강동구 천호제3동,1649,420,1229
강북구 미아동,3457,953,2504
강북구 번1동,2660,1634,1026
강북구 번2동,1098,126,972
강북구 번3동,2141,474,1667
강북구 삼각산동,1294,84,1210
강북구 삼양동,3808,627,3181
강북구 송중동,946,977,-31
강북구 송천동,8809,3515,5294
강북구 수유1동,7157,1775,5382
강북구 수유2동,2846,305,2541
강북구 수유3동,7148,3967,3181
강북구 우이동,4785,425,4360
강북구 월곡제1동,650,197,453
강북구 인수동,3035,306,2729
강서구 가양제1동,797,322,475
강서구 가양제2동,402,74,328
강서구 가양제3동,275,106,169
강서구 공항동,1534,1068,466
강서구 등촌제1동,817,709,108
강서구 등촌제2동,948,477,471
강서구 등촌제3동,701,712,-11
강서구 발산제1동,2278,1248,1030
강서구 방화제1동,1598,293,1305
강서구 방화제2동,2229,525,1704
강서구 방화제3동,805,5,800
강서구 염창동,32,59,-27
강서구 우장산동,1034,768,266
강서구 화곡본동,1857,282,1575
강서구 화곡제1동,5205,1383,3822
강서구 화곡제2동,1459,274,1185
강서구 화곡제3동,568,506,62
강서구 화곡제4동,917,375,542
강서구 화곡제6동,2961,1551,1410
강서구 화곡제8동,1595,302,1293
관악구 낙성대동,2967,1797,1170
관악구 난곡동,4694,133,4561
관악구 난향동,1847,425,1422
관악구 남현동,1953,1167,786
관악구 대학동,2528,964,1564
관악구 미성동,2347,2017,330
관악구 보라매동,1104,475,629
관악구 삼성동,2044,643,1401
관악구 서림동,140,43,97
관악구 서원동,930,395,535
관악구 성현동,1104,221,883
관악구 신림동,2862,1733,1129
관악구 신사동,2284,979,1305
관악구 신원동,0,0,0
관악구 은천동,2280,350,1930
관악구 인헌동,749,184,565
관악구 조원동,3326,3422,-96
관악구 중앙동,367,486,-119
관악구 청룡동,1179,1854,-675
관악구 청림동,172,84,88
관악구 행운동,2037,1772,265
광진구 광장동,256,118,138
광진구 구의제1동,800,448,352
광진구 구의제2동,1743,884,859
광진구 구의제3동,27,71,-44
광진구 군자동,1053,551,502
광진구 능동,1467,623,844
광진구 자양제1동,61,279,-218
광진구 자양제2동,2526,427,2099
광진구 자양제3동,353,77,276
광진구 자양제4동,1475,794,681
광진구 중곡제1동,1525,520,1005
광진구 중곡제2동,1804,971,833
광진구 중곡제3동,1390,289,1101
광진구 중곡제4동,274,104,170
광진구 화양동,576,774,-198
구로구 가리봉동,2553,3329,-776
구로구 개봉제1동,2872,1171,1701
구로구 개봉제2동,2366,632,1734
구로구 개봉제3동,771,330,441
구로구 고척제1동,2187,1082,1105
구로구 고척제2동,2626,267,2359
구로구 구로제1동,613,764,-151
구로구 구로제2동,2937,2802,135
구로구 구로제3동,2023,2562,-539
구로구 구로제4동,4632,2016,2616
구로구 구로제5동,2230,1894,336
구로구 수궁동,2010,578,1432
구로구 신도림동,1534,3520,-1986
구로구 오류제1동,2073,736,1337
구로구 오류제2동,679,43,636
구로구 항동,426,8,418
금천구 가산동,3654,2905,749
금천구 독산제1동,2863,1174,1689
금천구 독산제2동,5680,1501,4179
금천구 독산제3동,4979,3582,1397
금천구 독산제4동,3775,1484,2291
금천구 미성동,0,0,0
금천구 시흥제1동,1992,994,998
금천구 시흥제2동,388,115,273
금천구 시흥제3동,1516,875,641
금천구 시흥제4동,3301,300,3001
금천구 시흥제5동,5270,1010,4260
노원구 공릉1동,2251,1204,1047
노원구 공릉2동,850,470,380
노원구 상계10동,1074,450,624
노원구 상계1동,1352,221,1131
노원구 상계2동,1078,248,830
노원구 상계3.4동,1032,51,981
노원구 상계5동,830,35,795
노원구 상계6.7동,1731,839,892
노원구 상계8동,955,130,825
노원구 상계9동,107,81,26
노원구 월계1동,2887,683,2204
노원구 월계2동,267,38,229
노원구 월계3동,1203,258,945
노원구 중계1동,580,237,343
노원구 중계2.3동,1749,872,877
노원구 중계4동,418,22,396
노원구 중계본동,296,32,264
노원구 하계1동,2117,790,1327
노원구 하계2동,1303,335,968
도봉구 도봉제1동,5369,683,4686
도봉구 도봉제2동,888,667,221
도봉구 방학제1동,2707,789,1918
도봉구 방학제2동,283,134,149
도봉구 방학제3동,1662,133,1529
도봉구 쌍문제1동,233,3,230
도봉구 쌍문제2동,4682,1490,3192
도봉구 쌍문제3동,1765,416,1349
도봉구 쌍문제4동,1095,36,1059
도봉구 창제1동,3408,579,2829
도봉구 창제2동,893,203,690
도봉구 창제3동,1440,202,1238
도봉구 창제4동,367,201,166
도봉구 창제5동,200,320,-120
동대문구 답십리제1동,1061,377,684
동대문구 답십리제2동,2506,678,1828
동대문구 면목제5동,62,1,61
동대문구 용신동,2299,4177,-1878
동대문구 이문제1동,1310,769,541
동대문구 이문제2동,588,329,259
동대문구 장안제1동,1346,785,561
동대문구 장안제2동,1040,417,623
동대문구 전농제1동,1249,1616,-367
동대문구 전농제2동,1017,350,667
동대문구 제기동,4587,4406,181
동대문구 청량리동,3607,3219,388
동대문구 회기동,474,746,-272
동대문구 휘경제1동,2403,1619,784
동대문구 휘경제2동,440,674,-234
동작구 노량진제1동,2215,2536,-321
동작구 노량진제2동,1299,842,457
동작구 대방동,982,749,233
동작구 사당제1동,194,63,131
동작구 사당제2동,12,212,-200
동작구 사당제3동,1,0,1
동작구 사당제4동,0,0,0
동작구 사당제5동,0,0,0
동작구 상도제1동,1449,495,954
동작구 상도제2동,1354,679,675
동작구 상도제3동,1079,137,942
동작구 상도제4동,704,27,677
동작구 신대방제1동,1009,386,623
동작구 신대방제2동,1336,537,799
동작구 흑석동,416,430,-14
마포구 공덕동,544,338,206
마포구 대흥동,767,626,141
마포구 도화동,174,133,41
마포구 망원제1동,249,3,246
마포구 망원제2동,554,173,381
마포구 상암동,1387,550,837
마포구 서강동,147,196,-49
마포구 서교동,2177,2331,-154
마포구 성산제1동,1028,412,616
마포구 성산제2동,1274,425,849
마포구 신수동,0,0,0
마포구 아현동,1481,1209,272
마포구 연남동,1310,1299,11
마포구 염리동,97,390,-293
마포구 용강동,383,388,-5
마포구 합정동,683,380,303
서대문구 남가좌제1동,2785,1123,1662
서대문구 남가좌제2동,1307,204,1103
서대문구 북가좌제1동,1079,1222,-143
서대문구 북가좌제2동,3420,472,2948
서대문구 북아현동,398,93,305
서대문구 신촌동,884,3033,-2149
서대문구 연희동,3061,2079,982
서대문구 천연동,3169,4934,-1765
서대문구 충현동,1103,4066,-2963
서대문구 홍은제1동,931,710,221
서대문구 홍은제2동,1667,350,1317
서대문구 홍제제1동,2552,592,1960
서대문구 홍제제2동,621,174,447
서대문구 홍제제3동,790,116,674
서초구 내곡동,498,383,115
서초구 반포1동,343,777,-434
서초구 반포2동,21,70,-49
서초구 반포3동,150,273,-123
서초구 반포4동,491,800,-309
서초구 반포본동,664,871,-207
서초구 방배1동,366,153,213
서초구 방배2동,3477,1890,1587
서초구 방배3동,240,639,-399
서초구 방배4동,1021,441,580
서초구 방배본동,406,463,-57
서초구 서초1동,297,376,-79
서초구 서초2동,405,871,-466
서초구 서초3동,385,778,-393
서초구 서초4동,271,438,-167
서초구 양재1동,682,710,-28
서초구 양재2동,1146,375,771
서초구 잠원동,458,1144,-686
성동구 금호1가동,121,22,99
성동구 금호2.3가동,527,37,490
성동구 금호4가동,519,252,267
성동구 마장동,1148,1367,-219
성동구 사근동,301,444,-143
성동구 성수1가제1동,765,858,-93
성동구 성수1가제2동,628,657,-29
성동구 성수2가제1동,909,214,695
성동구 성수2가제3동,113,403,-290
성동구 송정동,472,134,338
성동구 옥수동,151,81,70
성동구 왕십리도선동,506,726,-220
성동구 왕십리제2동,1034,607,427
성동구 용답동,318,272,46
성동구 응봉동,117,122,-5
성동구 행당제1동,340,775,-435
성동구 행당제2동,1794,1040,754
성북구 길음제1동,4096,3833,263
성북구 길음제2동,1573,2164,-591
성북구 돈암제1동,4055,2474,1581
성북구 돈암제2동,423,15,408
성북구 동선동,1867,2176,-309
성북구 보문동,930,777,153
성북구 삼선동,1247,1152,95
성북구 석관동,2809,889,1920
성북구 성북동,3791,2611,1180
성북구 안암동,456,1605,-1149
성북구 월곡제1동,1195,1359,-164
성북구 월곡제2동,1133,208,925
성북구 장위제1동,1891,224,1667
성북구 장위제2동,1923,383,1540
성북구 장위제3동,1989,989,1000
성북구 정릉제1동,1505,474,1031
성북구 정릉제2동,1575,269,1306
성북구 정릉제3동,468,749,-281
성북구 정릉제4동,3184,106,3078
성북구 종암동,4380,3376,1004
송파구 가락1동,31,144,-113
송파구 가락2동,1110,638,472
송파구 가락본동,2031,2139,-108
송파구 거여1동,754,150,604
송파구 거여2동,573,20,553
송파구 마천1동,1762,60,1702
송파구 마천2동,1449,109,1340
송파구 문정1동,500,89,411
송파구 문정2동,2039,1734,305
송파구 방이1동,190,114,76
송파구 방이2동,451,497,-46
송파구 삼전동,694,275,419
송파구 석촌동,800,852,-52
송파구 송파1동,1240,481,759
송파구 송파2동,612,306,306
송파구 오금동,1108,271,837
송파구 오륜동,167,108,59
송파구 위례동,983,794,189
송파구 잠실2동,724,476,248
송파구 잠실3동,3022,2078,944
송파구 잠실4동,59,127,-68
송파구 잠실6동,407,1331,-924
송파구 잠실7동,515,730,-215
송파구 잠실본동,400,688,-288
송파구 장지동,1868,321,1547
송파구 풍납1동,972,158,814
송파구 풍납2동,469,356,113
양천구 목1동,1833,1872,-39
양천구 목2동,1162,415,747
양천구 목3동,1601,994,607
양천구 목4동,1696,368,1328
양천구 목5동,201,739,-538
양천구 신월1동,1398,232,1166
양천구 신월2동,1622,256,1366
양천구 신월3동,1453,322,1131
양천구 신월4동,1251,164,1087
양천구 신월5동,1045,369,676
양천구 신월6동,1610,282,1328
양천구 신월7동,2586,457,2129
양천구 신정1동,493,155,338
양천구 신정2동,158,18,140
양천구 신정3동,3098,1213,1885
양천구 신정4동,2373,1673,700
양천구 신정6동,161,194,-33
양천구 신정7동,317,192,125
영등포구 당산제1동,656,1244,-588
영등포구 당산제2동,412,749,-337
영등포구 대림제1동,1798,1505,293
영등포구 대림제2동,1108,1178,-70
영등포구 대림제3동,308,38,270
영등포구 도림동,328,211,117
영등포구 문래동,1626,2447,-821
영등포구 신길제1동,1331,1479,-148
영등포구 신길제3동,1938,979,959
영등포구 신길제4동,703,596,107
영등포구 신길제5동,1525,581,944
영등포구 신길제6동,355,206,149
영등포구 신길제7동,62,62,0
영등포구 양평제1동,440,643,-203
영등포구 양평제2동,513,972,-459
영등포구 여의동,1487,5840,-4353
영등포구 영등포동,1826,3804,-1978
영등포구 영등포본동,1836,2039,-203
용산구 남영동,1224,1574,-350
용산구 보광동,459,86,373
용산구 서빙고동,251,186,65
용산구 용문동,0,0,0
용산구 용산2가동,611,172,439
용산구 원효로제1동,283,296,-13
용산구 원효로제2동,121,53,68
용산구 이촌제1동,24,184,-160
용산구 이촌제2동,0,0,0
용산구 이태원제1동,689,504,185
용산구 이태원제2동,132,86,46
용산구 청파동,394,98,296
용산구 필동,0,0,0
용산구 한강로동,691,1862,-1171
용산구 한남동,1002,1225,-223
용산구 효창동,333,48,285
용산구 후암동,0,0,0
은평구 갈현제1동,2207,184,2023
은평구 갈현제2동,1320,160,1160
은평구 구산동,3346,234,3112
은평구 녹번동,2115,850,1265
은평구 대조동,4227,1106,3121
은평구 불광제1동,1223,614,609
은평구 불광제2동,4104,579,3525
은평구 수색동,1178,263,915
은평구 신사제1동,2765,293,2472
은평구 신사제2동,1359,240,1119
은평구 역촌동,4454,310,4144
은평구 응암제1동,3525,1148,2377
은평구 응암제2동,340,62,278
은평구 응암제3동,2299,499,1800
은평구 증산동,1513,632,881
은평구 진관동,2815,780,2035
종로구 가회동,0,0,0
종로구 교남동,40,31,9
종로구 무악동,2,21,-19
종로구 부암동,496,204,292
종로구 사직동,2212,5031,-2819
종로구 삼청동,82,713,-631
종로구 숭인제1동,0,0,0
종로구 숭인제2동,2385,2404,-19
종로구 이화동,319,317,2
종로구 종로1.2.3.4가동,5109,15067,-9958
종로구 종로5.6가동,948,1087,-139
종로구 창신제1동,2068,826,1242
종로구 창신제2동,2021,833,1188
종로구 창신제3동,91,22,69
종로구 청운효자동,212,379,-167
종로구 충현동,299,250,49
종로구 평창동,585,301,284
종로구 혜화동,1625,2881,-1256
중구 광희동,2951,2042,909
중구 다산동,641,250,391
중구 동화동,0,0,0
중구 명동,671,3899,-3228
중구 소공동,1415,4656,-3241
중구 신당동,1012,521,491
중구 신당제5동,226,136,90
중구 약수동,240,65,175
중구 을지로동,294,1943,-1649
중구 장충동,32,87,-55
중구 중림동,76,259,-183
중구 청구동,0,0,0
중구 필동,423,762,-339
중구 황학동,656,235,421
중구 회현동,1996,3738,-1742
중랑구 망우본동,3337,1297,2040
중랑구 망우제3동,1246,157,1089
중랑구 면목본동,3836,807,3029
중랑구 면목제2동,1753,527,1226
중랑구 면목제3.8동,2249,505,1744
중랑구 면목제4동,1757,677,1080
중랑구 면목제5동,1275,467,808
중랑구 면목제7동,1513,316,1197
중랑구 묵제1동,1211,503,708
중랑구 묵제2동,2005,634,1371
중랑구 상봉제1동,1967,1053,914
중랑구 상봉제2동,1373,925,448
중랑구 신내1동,3272,386,2886
중랑구 신내2동,1406,424,982
중랑구 중화제1동,639,275,364
중랑구 중화제2동,4580,1901,2679
NA,66324,15466,50858
