ID,insum,outsum,diff
100000001,1085,596,489
100000002,5122,10114,-4992
100000003,4531,7316,-2785
100000004,266,1314,-1048
100000005,3134,4382,-1248
100000006,788,408,380
100000007,2770,709,2061
100000008,62,903,-841
100000009,501,703,-202
100000010,17,142,-125
100000011,487,71,416
100000012,28,415,-387
100000013,10,212,-202
100000014,123,1035,-912
100000015,1412,2122,-710
100000016,258,3027,-2769
100000017,281,3511,-3230
100000018,952,644,308
100000019,3580,3744,-164
100000020,1393,6060,-4667
100000021,6641,1924,4717
100000022,815,6021,-5206
100000023,5393,3020,2373
100000025,406,2270,-1864
100000028,414,3686,-3272
100000029,35,1658,-1623
100000030,28,44,-16
100000031,1701,8359,-6658
100000032,2720,6435,-3715
100000033,1247,4806,-3559
100000034,173,2172,-1999
100000035,683,1960,-1277
100000036,652,2067,-1415
100000037,897,435,462
100000038,2623,989,1634
100000039,168,396,-228
100000040,515,145,370
100000041,1574,459,1115
100000042,1202,275,927
100000043,538,218,320
100000044,157,296,-139
100000045,258,444,-186
100000046,339,582,-243
100000047,135,329,-194
100000048,139,594,-455
100000049,1339,1272,67
100000051,677,448,229
100000053,34,8,26
100000054,313,22,291
100000055,665,237,428
100000056,267,676,-409
100000057,1716,546,1170
100000058,964,506,458
100000059,23,462,-439
100000060,868,457,411
100000061,2026,747,1279
100000062,1453,819,634
100000063,836,413,423
100000064,1052,918,134
100000065,338,821,-483
100000066,186,489,-303
100000067,160,728,-568
100000068,417,1572,-1155
100000069,208,1362,-1154
100000072,159,366,-207
100000073,1047,1045,2
100000075,1006,284,722
100000076,1530,5659,-4129
100000077,83,747,-664
100000078,28,51,-23
100000079,5,50,-45
100000080,2,64,-62
100000081,31,172,-141
100000102,3311,10037,-6726
100000103,2144,1695,449
100000104,6849,2346,4503
100000105,1193,2603,-1410
100000106,897,5140,-4243
100000107,82,1476,-1394
100000108,283,1796,-1513
100000109,467,2822,-2355
100000116,188,646,-458
100000117,22,90,-68
100000118,417,1390,-973
100000119,1023,1295,-272
100000121,193,681,-488
100000122,527,6125,-5598
100000123,830,3233,-2403
100000124,1950,2632,-682
100000125,13235,2945,10290
100000126,550,2028,-1478
100000127,1073,2043,-970
100000128,309,4948,-4639
100000129,318,1137,-819
100000130,703,182,521
100000131,674,1535,-861
100000132,1130,1333,-203
100000133,1188,849,339
100000135,861,1175,-314
100000139,162,628,-466
100000140,88,109,-21
100000142,421,707,-286
100000143,1556,379,1177
100000144,1326,557,769
100000147,1891,4946,-3055
100000150,128,656,-528
100000151,302,2733,-2431
100000153,71,918,-847
100000154,25,1332,-1307
100000155,2,46,-44
100000156,100,202,-102
100000157,145,220,-75
100000158,142,182,-40
100000159,139,2950,-2811
100000165,906,703,203
100000169,37,2782,-2745
100000174,238,1609,-1371
100000179,138,1417,-1279
100000180,406,2294,-1888
100000181,175,490,-315
100000188,66,273,-207
100000189,773,327,446
100000190,514,2160,-1646
100000191,1198,721,477
100000192,14,116,-102
100000193,368,215,153
100000330,551,1112,-561
100000355,231,592,-361
100000362,2294,914,1380
100000363,6407,9206,-2799
100000364,42,202,-160
100000365,6062,9564,-3502
100000366,1602,1196,406
100000367,6312,7389,-1077
100000368,2056,1684,372
100000369,551,2581,-2030
100000370,255,955,-700
100000376,47,297,-250
100000379,872,6295,-5423
100000380,3051,13878,-10827
100000384,5473,9648,-4175
100000385,1628,7320,-5692
100000386,1427,8515,-7088
100000387,4780,11068,-6288
100000388,1511,4388,-2877
100000389,5138,7729,-2591
100000390,2552,3422,-870
100000391,2063,7210,-5147
100000392,561,3188,-2627
100000393,573,4764,-4191
100000394,2094,6275,-4181
100000395,855,6234,-5379
100000396,906,2057,-1151
100000397,1570,8064,-6494
100000398,5011,3825,1186
100000413,5,2,3
100000414,93,1027,-934
100900002,6,23,-17
100900003,589,296,293
100900004,3,1134,-1131
100900005,216,10,206
100900006,24,12,12
100900007,272,18,254
100900008,1,393,-392
100900009,37,45,-8
100900010,37,4,33
100900011,195,44,151
100900012,0,185,-185
100900013,1026,11,1015
100900014,2,1,1
100900015,34,67,-33
100900016,11,48,-37
100900017,1261,52,1209
100900018,3,6,-3
100900019,35,52,-17
100900020,572,4,568
100900021,392,0,392
100900022,1,17,-16
100900023,1,43,-42
100900024,335,0,335
100900025,3,1,2
100900026,115,66,49
100900027,465,2832,-2367
100900028,37,510,-473
100900029,74,8,66
100900030,0,576,-576
100900031,979,36,943
100900032,483,0,483
100900033,83,589,-506
100900034,1779,6,1773
100900035,181,0,181
100900036,10,0,10
100900037,133,46,87
100900038,12,268,-256
100900039,311,147,164
100900040,612,177,435
100900041,1193,157,1036
100900042,293,4618,-4325
100900043,0,126,-126
100900044,973,743,230
100900045,6,3,3
100900046,1061,8,1053
100900047,380,27,353
100900048,124,13,111
100900049,24,75,-51
100900050,2,33,-31
100900051,21,273,-252
100900052,317,2,315
100900053,701,52,649
100900054,17,19,-2
100900055,650,1393,-743
100900056,18,53,-35
100900057,3275,541,2734
100900058,143,41,102
100900059,105,1,104
100900060,183,6,177
100900061,122,253,-131
100900062,0,7,-7
100900063,206,953,-747
100900064,680,13,667
100900065,34,156,-122
100900066,264,119,145
100900067,7,0,7
100900068,88,122,-34
100900069,127,2,125
100900070,655,5,650
100900071,133,100,33
100900072,1,33,-32
100900073,124,332,-208
100900074,0,19,-19
100900075,2110,120,1990
100900076,6,12,-6
100900077,60,1,59
100900078,293,246,47
100900079,0,39,-39
100900080,97,68,29
100900081,16,124,-108
100900082,238,91,147
100900083,1,33,-32
100900085,15,754,-739
100900086,21,280,-259
100900088,270,88,182
100900089,1,22,-21
100900090,51,1685,-1634
100900091,0,3,-3
100900092,73,116,-43
100900093,291,564,-273
100900094,180,92,88
100900095,0,70,-70
100900096,23,457,-434
100900097,3,0,3
100900098,18,35,-17
100900099,1,751,-750
100900100,7,363,-356
100900101,191,34,157
100900102,1,59,-58
100900103,7,4,3
100900104,4,144,-140
100900105,10,493,-483
100900106,3,6,-3
100900107,3110,687,2423
100900108,1,15,-14
100900109,3,44,-41
100900110,0,22,-22
100900111,5,231,-226
100900112,4,10,-6
100900113,10,15,-5
100900114,1,28,-27
100900115,13,40,-27
100900116,1128,385,743
100900117,197,976,-779
100900118,3,111,-108
100900119,6,31,-25
100900120,9,12,-3
100900121,317,276,41
100900122,29,50,-21
100900123,143,37,106
100900124,3,4,-1
100900125,4,30,-26
100900126,599,65,534
100900127,1,1,0
100900128,55,1088,-1033
100900129,2,288,-286
100900131,10,111,-101
100900133,86,15,71
100900134,5,6,-1
100900135,2,788,-786
100900137,258,190,68
100900138,282,456,-174
100900139,0,8,-8
100900140,1,189,-188
100900141,0,560,-560
100900142,0,7,-7
100900143,239,835,-596
100900144,0,2,-2
100900145,34,204,-170
100900147,21,2549,-2528
100900148,73,152,-79
100900149,9,445,-436
100900151,71,359,-288
100900152,224,6,218
100900153,2,359,-357
100900154,8,253,-245
100900155,6,2,4
100900156,19,0,19
100900157,1,231,-230
100900159,1,95,-94
100900160,33,1,32
100900161,31,0,31
100900162,7,310,-303
100900163,65,52,13
100900164,102,27,75
100900165,17,27,-10
100900166,16,0,16
100900167,4,42,-38
100900168,12,153,-141
100900169,32,1305,-1273
100900170,25,5,20
100900171,3,530,-527
100900172,2,81,-79
100900173,13,95,-82
100900174,70,14,56
100900176,1524,498,1026
100900177,507,235,272
100900178,116,168,-52
100900179,216,403,-187
100900180,0,0,0
100900181,12,56,-44
100900182,43,3,40
100900184,18,39,-21
100900186,396,159,237
100900187,30,95,-65
100900188,7,12,-5
100900189,2393,122,2271
100900191,345,858,-513
100900192,123,408,-285
100900195,75,981,-906
100900197,96,104,-8
100900198,35,28,7
100900199,2,7,-5
100900200,826,179,647
100900201,114,657,-543
100900202,18,0,18
100900203,0,58,-58
100900204,42,705,-663
100900205,222,540,-318
100900206,172,204,-32
100900207,238,94,144
100900210,49,86,-37
100900211,603,111,492
100900213,164,39,125
100900214,226,150,76
100900215,54,23,31
100900217,116,161,-45
101000001,1877,2160,-283
101000002,7951,9352,-1401
101000003,470,872,-402
101000004,6957,5315,1642
101000005,3782,5687,-1905
101000006,10190,10275,-85
101000007,4088,4745,-657
101000009,3226,807,2419
101000010,1256,1006,250
101000011,1477,280,1197
101000012,355,713,-358
101000013,503,1502,-999
101000014,344,414,-70
101000015,2297,1802,495
101000016,218,998,-780
101000017,288,672,-384
101000018,1332,11393,-10061
101000020,1757,2373,-616
101000021,435,1336,-901
101000022,36,246,-210
101000023,802,1232,-430
101000025,386,824,-438
101000026,261,21,240
101000027,1424,4660,-3236
101000028,1124,391,733
101000029,52,1172,-1120
101000030,875,110,765
101000031,77,579,-502
101000032,1619,5203,-3584
101000033,1048,7960,-6912
101000034,720,3165,-2445
101000035,314,520,-206
101000036,331,3525,-3194
101000037,950,5260,-4310
101000039,1678,4169,-2491
101000040,2566,7922,-5356
101000041,2186,6678,-4492
101000042,40,1089,-1049
101000043,3336,9280,-5944
101000045,259,1034,-775
101000046,920,1865,-945
101000047,805,3943,-3138
101000048,605,519,86
101000049,443,3003,-2560
101000050,503,2170,-1667
101000051,581,1813,-1232
101000052,1724,1889,-165
101000053,341,1745,-1404
101000054,2341,1102,1239
101000055,1190,2067,-877
101000056,24,203,-179
101000057,585,3498,-2913
101000058,786,2538,-1752
101000059,2508,3295,-787
101000060,2789,2083,706
101000061,213,2851,-2638
101000062,208,933,-725
101000063,134,2069,-1935
101000064,249,2095,-1846
101000065,149,1532,-1383
101000066,315,2029,-1714
101000067,196,925,-729
101000068,74,310,-236
101000069,307,135,172
101000070,241,809,-568
101000071,4367,1708,2659
101000072,481,2403,-1922
101000073,371,1139,-768
101000074,1138,3025,-1887
101000075,1592,2592,-1000
101000077,1741,1358,383
101000078,486,983,-497
101000079,721,954,-233
101000080,685,897,-212
101000081,1471,1443,28
101000082,1971,1775,196
101000083,3114,2677,437
101000084,894,475,419
101000085,1610,1498,112
101000086,719,1252,-533
101000087,969,1039,-70
101000088,1904,1278,626
101000089,1185,1780,-595
101000090,1519,692,827
101000091,624,406,218
101000092,2683,591,2092
101000093,1877,543,1334
101000094,1041,733,308
101000095,615,513,102
101000096,751,289,462
101000097,512,1195,-683
101000098,425,1270,-845
101000099,421,1310,-889
101000100,910,1839,-929
101000101,227,1607,-1380
101000102,456,2166,-1710
101000103,353,1480,-1127
101000104,394,1119,-725
101000105,187,758,-571
101000106,88,2759,-2671
101000107,256,740,-484
101000108,707,120,587
101000109,1003,180,823
101000110,40,228,-188
101000111,25,287,-262
101000113,83,1252,-1169
101000114,1224,5935,-4711
101000115,10,6,4
101000116,2,21,-19
101000117,955,191,764
101000119,11,80,-69
101000120,72,172,-100
101000121,10,37,-27
101000122,66,79,-13
101000123,14,65,-51
101000124,316,457,-141
101000125,53,133,-80
101000128,92,1823,-1731
101000130,194,176,18
101000131,1644,301,1343
101000132,874,497,377
101000135,2,22,-20
101000136,66,118,-52
101000137,10,646,-636
101000141,604,5680,-5076
101000147,1481,427,1054
101000148,1157,4,1153
101000149,19,32,-13
101000150,266,276,-10
101000151,444,68,376
101000152,350,408,-58
101000153,415,153,262
101000154,508,568,-60
101000155,571,208,363
101000156,35,700,-665
101000157,29,324,-295
101000160,6,31,-25
101000163,58,803,-745
101000164,380,147,233
101000165,304,604,-300
101000166,169,264,-95
101000168,1148,755,393
101000252,3322,1004,2318
101000254,16,27,-11
101000258,31,3,28
101000261,55,118,-63
101000262,2559,7704,-5145
101000263,508,1306,-798
101000265,109,749,-640
101000266,474,284,190
101000269,25,57,-32
101000290,218,2945,-2727
101000293,23,36,-13
101000294,807,745,62
101000295,409,187,222
101000301,162,828,-666
101000304,2922,6407,-3485
101000305,3065,2706,359
101000328,200,1101,-901
101900001,37,40,-3
101900002,0,0,0
101900003,22,265,-243
101900004,0,352,-352
101900005,1120,3882,-2762
101900006,2178,641,1537
101900007,554,263,291
101900008,53,669,-616
101900009,32,504,-472
101900010,493,865,-372
101900011,41,1619,-1578
101900012,504,84,420
101900013,470,70,400
101900017,10,73,-63
101900018,1107,294,813
101900019,18,160,-142
101900020,30,22,8
101900021,0,33,-33
101900022,194,847,-653
101900023,230,86,144
101900026,113,52,61
101900027,14,100,-86
102000001,3878,8401,-4523
102000002,2590,5653,-3063
102000003,2216,5900,-3684
102000004,6130,4071,2059
102000005,1787,3963,-2176
102000006,647,1637,-990
102000007,2419,4650,-2231
102000008,6437,1799,4638
102000009,8865,8937,-72
102000010,4153,2527,1626
102000011,5682,5293,389
102000012,4007,2902,1105
102000018,3983,3772,211
102000019,2939,2133,806
102000026,945,365,580
102000029,415,457,-42
102000030,208,455,-247
102000031,138,145,-7
102000032,695,527,168
102000033,577,310,267
102000034,415,448,-33
102000035,803,450,353
102000036,43,190,-147
102000037,215,49,166
102000038,85,416,-331
102000039,76,242,-166
102000040,271,356,-85
102000041,39,715,-676
102000042,26,466,-440
102000043,59,802,-743
102000044,398,1820,-1422
102000045,1030,1302,-272
102000046,1931,1096,835
102000047,1193,954,239
102000048,697,577,120
102000049,1014,1375,-361
102000050,2112,1551,561
102000051,226,799,-573
102000052,1542,1611,-69
102000053,1109,1988,-879
102000054,1226,1051,175
102000055,1672,227,1445
102000056,2564,294,2270
102000057,2411,542,1869
102000058,983,710,273
102000059,1104,1632,-528
102000060,1035,983,52
102000061,2037,1963,74
102000062,2572,957,1615
102000063,1406,1679,-273
102000064,569,519,50
102000065,45,101,-56
102000066,804,668,136
102000067,7846,4784,3062
102000068,9671,4185,5486
102000069,83,2415,-2332
102000070,2052,43,2009
102000071,6938,12489,-5551
102000072,2458,4100,-1642
102000073,552,515,37
102000074,946,1421,-475
102000075,227,194,33
102000076,529,170,359
102000077,822,212,610
102000078,1570,225,1345
102000079,222,62,160
102000080,459,204,255
102000081,252,810,-558
102000082,640,458,182
102000083,1377,219,1158
102000084,674,199,475
102000085,1811,628,1183
102000086,1809,781,1028
102000087,728,1210,-482
102000088,603,337,266
102000089,1662,307,1355
102000090,315,1226,-911
102000091,1056,701,355
102000092,311,661,-350
102000093,1233,697,536
102000094,469,310,159
102000095,715,1104,-389
102000096,356,399,-43
102000097,556,305,251
102000098,266,423,-157
102000099,691,719,-28
102000100,260,783,-523
102000101,171,332,-161
102000102,317,1311,-994
102000103,3737,469,3268
102000104,903,380,523
102000105,316,525,-209
102000106,1015,614,401
102000107,2866,230,2636
102000108,868,388,480
102000109,1531,614,917
102000110,1920,918,1002
102000111,7,666,-659
102000112,81,174,-93
102000113,25,48,-23
102000114,1466,376,1090
102000115,155,538,-383
102000116,321,840,-519
102000117,96,1176,-1080
102000118,789,1923,-1134
102000119,757,1474,-717
102000120,168,573,-405
102000121,1051,403,648
102000122,402,853,-451
102000123,1045,678,367
102000124,1577,1047,530
102000125,371,559,-188
102000126,455,722,-267
102000127,1088,468,620
102000128,738,893,-155
102000129,1121,448,673
102000130,567,877,-310
102000131,701,702,-1
102000132,286,766,-480
102000133,4272,2272,2000
102000134,1125,865,260
102000135,576,658,-82
102000136,890,490,400
102000137,417,395,22
102000138,323,227,96
102000139,78,506,-428
102000140,83,493,-410
102000141,166,329,-163
102000142,443,238,205
102000143,323,208,115
102000144,343,230,113
102000145,493,242,251
102000146,652,262,390
102000147,573,399,174
102000148,378,757,-379
102000149,523,126,397
102000150,753,64,689
102000151,176,84,92
102000152,363,262,101
102000153,820,784,36
102000154,150,341,-191
102000155,62,589,-527
102000156,319,205,114
102000157,94,1321,-1227
102000158,221,494,-273
102000159,2432,1624,808
102000161,3606,2546,1060
102000162,146,242,-96
102000163,161,406,-245
102000164,638,720,-82
102000165,271,257,14
102000166,101,270,-169
102000167,157,408,-251
102000168,230,196,34
102000169,119,643,-524
102000170,1080,134,946
102000171,81,178,-97
102000172,6,335,-329
102000173,386,363,23
102000174,187,92,95
102000175,47,97,-50
102000176,33,82,-49
102000178,199,735,-536
102000179,583,368,215
102000180,1393,240,1153
102000181,1234,331,903
102000182,599,321,278
102000183,2289,1111,1178
102000184,2012,450,1562
102000185,3231,725,2506
102000186,2247,861,1386
102000187,1126,788,338
102000188,1776,1596,180
102000189,1947,337,1610
102000190,570,2522,-1952
102000191,1103,333,770
102000192,2387,1655,732
102000193,118,151,-33
102000194,31,483,-452
102000195,739,508,231
102000196,269,428,-159
102000197,1215,186,1029
102000198,272,442,-170
102000199,1521,134,1387
102000200,349,650,-301
102000201,1613,428,1185
102000202,17,275,-258
102000203,787,174,613
102000204,1133,872,261
102000205,1616,737,879
102000206,704,528,176
102000207,805,621,184
102000208,591,931,-340
102000209,65,178,-113
102000210,1195,612,583
102000211,421,190,231
102000212,703,5,698
102000213,6,177,-171
102000214,907,11,896
102000215,7,207,-200
102000216,202,144,58
102000217,35,97,-62
102000218,397,306,91
102000219,223,135,88
102000225,314,596,-282
102000226,106,177,-71
102000227,109,1,108
102000228,0,181,-181
102000229,94,64,30
102000230,465,288,177
102000231,294,352,-58
102000232,108,207,-99
102000233,1824,366,1458
102000234,120,1078,-958
102000236,298,55,243
102000237,995,725,270
102000238,327,404,-77
102000240,363,887,-524
102000241,182,80,102
102000243,4,17,-13
102000245,4,79,-75
102000246,3,72,-69
102000247,278,309,-31
102000248,241,829,-588
102000249,184,123,61
102000250,146,134,12
102000254,257,185,72
102000266,2,334,-332
102000271,27,0,27
102000286,458,298,160
102000297,3065,1252,1813
102000307,0,4,-4
102000316,371,53,318
102900001,992,435,557
102900002,268,54,214
102900003,161,64,97
102900005,530,175,355
102900006,589,58,531
102900007,786,4,782
102900008,302,30,272
102900009,153,299,-146
102900010,95,1051,-956
102900011,1025,606,419
102900012,444,207,237
102900013,97,8,89
102900015,837,697,140
102900016,106,29,77
102900017,338,61,277
102900018,91,34,57
102900019,563,792,-229
102900020,432,35,397
102900021,16,12,4
102900022,73,53,20
102900023,15,25,-10
102900024,87,35,52
102900025,41,57,-16
102900026,608,2672,-2064
102900027,82,64,18
102900028,165,1205,-1040
102900029,113,645,-532
102900030,345,394,-49
102900031,445,123,322
102900032,273,39,234
102900033,67,174,-107
102900034,943,16,927
102900035,284,285,-1
102900036,497,112,385
102900037,341,169,172
102900038,464,169,295
102900039,13,1032,-1019
102900040,383,272,111
102900041,111,76,35
102900042,439,94,345
102900043,475,84,391
102900044,555,1015,-460
102900045,384,224,160
102900046,150,84,66
102900047,175,345,-170
102900048,619,217,402
102900049,98,247,-149
102900050,161,425,-264
102900051,172,540,-368
102900053,269,659,-390
102900054,208,1829,-1621
102900055,202,462,-260
102900056,146,306,-160
102900057,2,94,-92
102900058,515,90,425
102900059,49,8,41
102900060,109,346,-237
102900061,271,230,41
102900062,438,443,-5
102900063,2395,302,2093
102900064,71,589,-518
102900065,756,142,614
102900066,444,7,437
102900068,46,290,-244
102900070,210,508,-298
102900072,28,63,-35
102900073,47,30,17
102900075,5,51,-46
102900076,17,170,-153
102900077,12,17,-5
102900078,32,24,8
102900079,245,6,239
102900080,420,11,409
102900081,53,167,-114
102900082,16,219,-203
102900083,93,10,83
102900084,4,36,-32
102900085,133,36,97
102900086,12,100,-88
102900087,273,111,162
102900088,38,60,-22
102900089,201,314,-113
102900090,1,193,-192
102900091,401,0,401
102900092,711,84,627
102900094,2,241,-239
102900095,73,0,73
102900096,112,8,104
102900097,4,29,-25
103000001,2233,3688,-1455
103000002,2942,4669,-1727
103000003,3222,3735,-513
103000004,829,668,161
103000005,1485,5920,-4435
103000006,1556,1883,-327
103000007,697,421,276
103000008,976,1713,-737
103000009,2965,1875,1090
103000010,347,105,242
103000011,1170,614,556
103000012,1180,1988,-808
103000013,3892,2683,1209
103000014,1137,4413,-3276
103000015,3214,1441,1773
103000016,699,2770,-2071
103000017,248,1164,-916
103000018,695,133,562
103000019,504,689,-185
103000020,1725,2284,-559
103000021,2011,4581,-2570
103000022,787,1847,-1060
103000023,1212,3992,-2780
103000024,80,57,23
103000025,97,1301,-1204
103000026,457,88,369
103000027,113,447,-334
103000028,163,202,-39
103000029,73,267,-194
103000030,2371,1196,1175
103000031,737,2775,-2038
103000032,1760,1283,477
103000033,2737,2807,-70
103000034,1586,944,642
103000035,163,1336,-1173
103000036,251,172,79
103000037,634,290,344
103000038,371,850,-479
103000039,1273,386,887
103000040,643,417,226
103000041,3706,1340,2366
103000042,2826,177,2649
103000043,1326,752,574
103000044,400,71,329
103000046,315,556,-241
103000047,978,284,694
103000048,338,241,97
103000049,41,134,-93
103000050,889,225,664
103000051,540,639,-99
103000052,879,204,675
103000053,196,303,-107
103000054,2306,406,1900
103000055,1668,1319,349
103000056,1104,531,573
103000057,1821,115,1706
103000058,980,363,617
103000059,1079,582,497
103000060,1091,230,861
103000061,706,790,-84
103000062,741,197,544
103000063,1043,752,291
103000064,227,52,175
103000065,4,294,-290
103000066,316,13,303
103000069,526,264,262
103000070,736,307,429
103000071,2106,725,1381
103000072,118,556,-438
103000073,1589,85,1504
103000074,1141,179,962
103000075,135,412,-277
103000076,325,1013,-688
103000077,12,217,-205
103000078,1425,1919,-494
103000079,601,1257,-656
103000080,447,367,80
103000081,306,1050,-744
103000082,649,223,426
103000083,130,451,-321
103000084,87,8,79
103000085,0,135,-135
103000086,270,873,-603
103000087,94,685,-591
103000088,280,545,-265
103000089,360,1121,-761
103000090,4829,1105,3724
103000091,1648,609,1039
103000092,425,260,165
103000093,385,829,-444
103000094,381,165,216
103000095,123,582,-459
103000096,682,54,628
103000097,86,870,-784
103000098,593,148,445
103000099,128,885,-757
103000100,153,428,-275
103000101,1691,82,1609
103000102,70,233,-163
103000103,1055,126,929
103000104,149,80,69
103000105,369,90,279
103000106,23,101,-78
103000107,289,169,120
103000108,2192,2420,-228
103000109,812,953,-141
103000110,864,916,-52
103000111,371,1081,-710
103000112,289,809,-520
103000113,225,2443,-2218
103000114,1725,2453,-728
103000115,1173,1084,89
103000116,855,383,472
103000117,294,579,-285
103000118,537,434,103
103000119,1756,573,1183
103000120,85,538,-453
103000121,81,120,-39
103000122,443,400,43
103000125,9,43,-34
103000126,1201,3,1198
103000127,4,77,-73
103000128,218,3,215
103000129,0,78,-78
103000130,61,66,-5
103000131,48,67,-19
103000132,33,94,-61
103000133,35,71,-36
103000134,180,1195,-1015
103000135,752,159,593
103000136,529,842,-313
103000137,339,703,-364
103000138,404,809,-405
103000139,0,132,-132
103000140,242,33,209
103000141,20,166,-146
103000142,167,91,76
103000143,83,191,-108
103000144,247,206,41
103000145,4,147,-143
103000150,132,62,70
103000152,278,469,-191
103000153,252,528,-276
103000156,1,76,-75
103000157,586,1,585
103000159,216,29,187
103000162,13,29,-16
103000163,2,13,-11
103000164,4,5,-1
103000165,72,152,-80
103000166,492,1066,-574
103000167,353,342,11
103000168,219,134,85
103000169,184,1014,-830
103000170,1397,190,1207
103000171,14,184,-170
103000172,1030,105,925
103000173,1412,178,1234
103000174,514,306,208
103000175,488,102,386
103000176,974,1389,-415
103000177,281,697,-416
103000178,51,301,-250
103000179,161,16,145
103000183,446,13,433
103000185,287,65,222
103000186,372,85,287
103000187,1507,166,1341
103000188,20,97,-77
103000189,578,1546,-968
103000191,444,359,85
103000292,1498,2507,-1009
103000293,715,4926,-4211
103000295,82,238,-156
103000296,113,2,111
103000297,0,2,-2
103000504,3,7,-4
103000505,2,14,-12
103000506,4,123,-119
103000507,294,1,293
103000508,63,65,-2
103000509,353,741,-388
103000514,158,6,152
103900001,0,48,-48
103900002,742,56,686
103900003,834,44,790
103900004,161,0,161
103900005,1,123,-122
103900006,1,8,-7
103900007,101,1,100
103900008,37,0,37
103900009,394,146,248
103900010,400,118,282
103900011,543,89,454
103900012,14,72,-58
103900013,130,21,109
103900014,65,31,34
103900015,146,7,139
103900016,170,127,43
103900017,110,93,17
103900018,238,64,174
103900019,74,389,-315
103900020,575,443,132
103900021,77,36,41
103900022,517,248,269
103900023,361,2,359
103900024,55,273,-218
103900025,8,12,-4
103900026,22,0,22
103900027,386,371,15
103900028,91,444,-353
103900029,1692,166,1526
103900030,379,170,209
103900031,86,1,85
103900032,133,250,-117
103900033,54,99,-45
103900034,100,79,21
103900035,101,19,82
103900036,22,71,-49
103900037,194,64,130
103900038,97,270,-173
103900039,247,117,130
103900040,5,72,-67
103900041,75,32,43
103900042,225,27,198
103900043,344,111,233
103900044,79,896,-817
103900045,368,95,273
103900047,210,10,200
103900048,5,66,-61
103900049,62,1190,-1128
103900050,26,197,-171
103900051,4,65,-61
103900052,220,553,-333
103900053,580,128,452
103900054,399,118,281
103900055,670,192,478
103900056,112,26,86
103900057,407,72,335
103900058,533,182,351
103900059,1,74,-73
103900060,208,92,116
103900061,296,17,279
103900062,1078,307,771
103900063,9,0,9
103900064,257,2,255
103900065,195,265,-70
103900066,308,48,260
103900067,362,5,357
103900068,0,0,0
103900069,155,15,140
103900070,190,116,74
103900071,34,56,-22
103900072,98,74,24
103900073,35,59,-24
103900074,209,3,206
103900075,318,76,242
103900076,796,183,613
103900077,37,216,-179
103900078,383,30,353
103900079,92,216,-124
103900080,20,63,-43
103900081,32,53,-21
103900082,78,138,-60
103900083,3111,2609,502
103900084,14,471,-457
103900085,36,108,-72
103900086,2116,283,1833
103900088,250,436,-186
103900089,45,319,-274
103900090,3,82,-79
103900091,555,98,457
103900092,723,1625,-902
103900093,79,503,-424
103900094,4,36,-32
103900095,163,675,-512
103900096,232,52,180
103900097,13,201,-188
103900098,588,98,490
103900099,574,56,518
103900100,319,93,226
103900101,302,998,-696
103900102,15,41,-26
103900104,1,17,-16
103900105,32,57,-25
103900106,0,340,-340
103900107,235,20,215
103900108,63,91,-28
103900109,205,15,190
103900110,383,26,357
103900111,314,142,172
103900112,13,117,-104
103900113,85,216,-131
103900114,1309,234,1075
103900115,152,190,-38
103900116,1411,3338,-1927
103900117,34,30,4
103900119,7,157,-150
103900120,161,56,105
103900122,384,64,320
103900123,535,1033,-498
103900124,27,226,-199
103900125,131,54,77
103900126,724,112,612
103900127,140,151,-11
103900128,162,42,120
103900131,38,70,-32
103900133,1049,22,1027
103900134,0,24,-24
103900135,0,2,-2
103900137,0,5,-5
103900138,537,22,515
103900139,385,4764,-4379
103900140,16,549,-533
103900141,165,36,129
103900142,474,134,340
103900143,434,6,428
103900144,0,5,-5
103900145,145,228,-83
103900146,300,115,185
103900147,526,89,437
103900148,417,90,327
103900149,310,121,189
103900150,3691,6075,-2384
103900151,10,90,-80
103900152,1400,167,1233
103900153,15,2,13
103900154,234,3134,-2900
103900155,18,113,-95
103900156,51,66,-15
103900157,218,53,165
103900158,377,52,325
103900159,599,24,575
103900160,82,12,70
103900161,45,135,-90
103900162,52,59,-7
103900163,11,311,-300
103900167,3,100,-97
103900168,80,109,-29
103900169,10,42,-32
103900170,0,60,-60
103900171,8,37,-29
103900172,0,2,-2
103900173,40,34,6
103900174,449,21,428
103900175,38,123,-85
103900176,20,35,-15
103900177,48,6,42
103900178,107,5,102
103900179,96,33,63
103900180,1,56,-55
103900181,9,109,-100
103900182,8,39,-31
103900184,277,83,194
103900185,73,1091,-1018
103900187,7,183,-176
103900188,154,69,85
103900189,127,5,122
103900190,127,29,98
103900191,18,31,-13
103900192,5,74,-69
103900193,26,97,-71
103900194,34,75,-41
103900195,2,145,-143
103900196,73,59,14
103900197,5,19,-14
103900198,2,25,-23
103900199,144,69,75
103900200,239,52,187
103900201,37,45,-8
103900202,4,50,-46
103900203,62,72,-10
103900204,0,53,-53
103900207,0,6,-6
103900208,172,2,170
103900209,4,42,-38
103900210,27,49,-22
103900211,978,79,899
103900212,220,115,105
103900213,12,511,-499
103900214,232,639,-407
103900215,149,615,-466
103900216,14,137,-123
103900217,563,20,543
103900218,87,551,-464
103900219,363,231,132
103900233,129,13,116
103900235,13,172,-159
103900236,11,47,-36
103900242,3,1,2
103900243,0,4,-4
103900244,62,155,-93
103900245,163,66,97
103900246,39,67,-28
103900247,20,45,-25
103900248,8,69,-61
103900249,22,59,-37
103900250,168,64,104
103900251,7,129,-122
103900253,3,183,-180
103900254,3,66,-63
103900255,4,63,-59
103900256,38,59,-21
103900257,710,616,94
103900258,47,13,34
103900259,20,84,-64
103900261,96,0,96
103900262,91,13,78
103900263,29,124,-95
103900264,23,7,16
103900265,13,1,12
103900266,1,164,-163
103900267,0,36,-36
103900268,21,17,4
103900269,227,5,222
103900270,43,41,2
103900271,40,41,-1
103900272,111,13,98
103900273,285,20,265
103900274,542,2,540
103900275,211,15,196
103900276,2,28,-26
103900277,21,15,6
103900278,0,28,-28
103900279,1,151,-150
103900280,2,11,-9
103900281,443,366,77
103900282,18,15,3
103900283,101,13,88
103900284,15,29,-14
103900285,2,186,-184
103900286,19,348,-329
103900287,0,90,-90
103900288,11,191,-180
103900289,1,0,1
103900290,114,82,32
103900291,7,0,7
103900292,5,2,3
103900293,1,6,-5
103900294,8,8,0
104000001,4143,2786,1357
104000002,2097,2200,-103
104000003,3140,2099,1041
104000004,3204,2558,646
104000005,3395,2379,1016
104000006,3906,2511,1395
104000007,5529,3632,1897
104000008,269,298,-29
104000009,234,216,18
104000010,242,689,-447
104000011,384,171,213
104000012,198,207,-9
104000013,323,577,-254
104000014,320,263,57
104000015,573,263,310
104000016,374,265,109
104000018,799,407,392
104000019,629,577,52
104000020,62,298,-236
104000021,434,207,227
104000022,443,411,32
104000023,1518,579,939
104000024,375,404,-29
104000026,103,186,-83
104000027,383,247,136
104000028,584,495,89
104000029,470,272,198
104000030,468,557,-89
104000031,1512,391,1121
104000032,172,121,51
104000033,963,532,431
104000034,294,130,164
104000035,1282,335,947
104000036,1525,372,1153
104000037,246,136,110
104000038,538,694,-156
104000039,256,90,166
104000040,146,723,-577
104000041,1074,523,551
104000042,266,195,71
104000043,235,300,-65
104000044,442,615,-173
104000045,876,670,206
104000046,728,741,-13
104000047,676,734,-58
104000048,1016,696,320
104000049,893,409,484
104000050,153,712,-559
104000051,299,918,-619
104000052,4124,3635,489
104000053,1896,531,1365
104000054,489,182,307
104000055,2626,2268,358
104000056,632,504,128
104000057,493,403,90
104000058,1838,1032,806
104000059,881,1121,-240
104000060,1391,1809,-418
104000061,1384,787,597
104000062,823,298,525
104000064,1067,408,659
104000065,92,695,-603
104000069,518,2298,-1780
104000070,80,690,-610
104000071,704,355,349
104000072,940,319,621
104000075,116,274,-158
104000076,893,77,816
104000082,1961,6420,-4459
104000083,588,251,337
104000084,195,264,-69
104000085,884,346,538
104000086,301,401,-100
104000087,384,1809,-1425
104000090,1586,641,945
104000092,2084,1086,998
104000094,1082,722,360
104000095,4519,1787,2732
104000096,3616,153,3463
104000097,3733,525,3208
104000098,5204,647,4557
104000100,2878,957,1921
104000101,2202,1682,520
104000106,126,771,-645
104000107,731,188,543
104000108,336,229,107
104000109,492,178,314
104000110,744,1302,-558
104000111,2409,5057,-2648
104000112,665,454,211
104000116,0,518,-518
104000117,482,412,70
104000118,2037,145,1892
104000119,1036,363,673
104000120,314,354,-40
104000121,329,424,-95
104000122,1088,655,433
104000123,1121,718,403
104000124,253,1076,-823
104000125,2251,6047,-3796
104000126,549,590,-41
104000127,1489,1292,197
104000128,799,91,708
104000129,456,12,444
104000130,19,278,-259
104000131,351,522,-171
104000132,460,975,-515
104000133,1690,601,1089
104000134,1244,1555,-311
104000135,873,1442,-569
104000136,620,2895,-2275
104000137,2558,391,2167
104000138,1912,403,1509
104000139,2478,2215,263
104000141,946,432,514
104000142,1004,386,618
104000143,1283,304,979
104000144,262,333,-71
104000145,383,250,133
104000146,137,565,-428
104000147,208,322,-114
104000148,469,193,276
104000149,266,68,198
104000150,1074,471,603
104000151,303,123,180
104000152,798,120,678
104000153,975,714,261
104000154,709,172,537
104000155,614,1082,-468
104000157,2127,973,1154
104000158,102,532,-430
104000159,1007,902,105
104000160,2176,2665,-489
104000161,331,128,203
104000162,150,126,24
104000165,1071,663,408
104000167,890,2030,-1140
104000168,1394,16,1378
104000169,236,84,152
104000170,185,376,-191
104000248,568,649,-81
104000251,112,163,-51
104000272,0,0,0
104000273,0,0,0
104000274,0,0,0
104000275,0,0,0
104000279,1823,1653,170
104000290,102,395,-293
104000291,749,1981,-1232
104000293,2163,2159,4
104000294,102,0,102
104000295,1091,848,243
104000296,849,685,164
104000297,1173,1947,-774
104000298,1619,954,665
104000299,1577,959,618
104000302,244,103,141
104000303,222,203,19
104900001,96,201,-105
104900002,55,322,-267
104900003,61,139,-78
104900004,56,83,-27
104900005,689,284,405
104900006,972,90,882
104900007,662,135,527
104900009,56,134,-78
104900010,219,21,198
104900011,9,6,3
104900012,179,13,166
104900013,72,9,63
104900014,1190,264,926
104900015,100,2,98
104900016,181,199,-18
104900017,117,235,-118
104900018,15,124,-109
104900019,86,5947,-5861
104900020,92,336,-244
104900021,0,10,-10
104900022,4,465,-461
104900023,0,15,-15
104900024,32,1283,-1251
104900025,137,159,-22
104900026,0,22,-22
104900027,646,269,377
104900028,5,214,-209
104900029,11,47,-36
104900030,661,173,488
104900031,42,185,-143
104900032,97,48,49
104900033,171,167,4
104900034,290,177,113
104900035,460,228,232
104900036,436,32,404
104900037,204,118,86
104900038,141,2415,-2274
104900039,314,259,55
104900040,693,18,675
104900041,350,115,235
104900042,205,187,18
104900043,41,546,-505
104900044,1095,55,1040
104900045,352,73,279
104900046,660,105,555
104900047,441,72,369
104900048,508,60,448
104900049,139,26,113
104900050,778,85,693
104900051,343,57,286
104900052,281,2,279
104900053,601,153,448
104900054,338,32,306
104900055,462,1,461
104900056,359,16,343
104900057,103,0,103
104900058,450,376,74
104900059,91,25,66
104900061,104,160,-56
104900063,46,456,-410
104900064,1,59,-58
104900065,3,317,-314
104900066,2,63,-61
104900067,2,260,-258
104900068,107,149,-42
104900070,38,170,-132
104900071,0,466,-466
104900072,50,100,-50
104900073,115,97,18
104900074,32,40,-8
104900075,51,17,34
104900076,160,68,92
104900077,302,96,206
104900078,171,107,64
104900079,133,1566,-1433
104900080,112,171,-59
104900082,0,220,-220
104900085,10,169,-159
104900089,588,1,587
104900091,430,334,96
104900093,130,195,-65
104900097,1422,4534,-3112
104900098,403,35,368
104900099,52,814,-762
104900100,322,185,137
104900102,100,97,3
104900103,217,51,166
104900106,529,126,403
104900107,97,251,-154
104900108,30,78,-48
104900109,223,252,-29
104900110,17,56,-39
104900111,548,48,500
104900112,461,374,87
104900113,1072,206,866
104900114,910,303,607
104900115,1370,110,1260
104900116,774,120,654
104900118,33,38,-5
104900119,0,23,-23
104900120,20,1506,-1486
104900121,0,8,-8
104900122,0,31,-31
104900123,192,14,178
104900124,97,0,97
104900125,515,55,460
104900126,12,16,-4
104900127,10,28,-18
104900128,134,60,74
104900129,957,3772,-2815
105000001,5039,1690,3349
105000002,3280,2909,371
105000003,3206,5867,-2661
105000004,1470,1061,409
105000005,2205,2263,-58
105000006,1511,3372,-1861
105000007,1851,4020,-2169
105000008,970,5161,-4191
105000009,3425,4769,-1344
105000010,2815,1057,1758
105000011,3397,4503,-1106
105000012,2572,1701,871
105000013,1569,1996,-427
105000014,4479,4710,-231
105000015,8168,16893,-8725
105000016,860,728,132
105000017,1570,993,577
105000018,670,2170,-1500
105000019,1267,1398,-131
105000020,55,621,-566
105000021,360,235,125
105000022,90,229,-139
105000023,1338,231,1107
105000028,30,122,-92
105000029,793,1778,-985
105000030,3723,1959,1764
105000031,2,26,-24
105000033,1481,1123,358
105000034,207,1663,-1456
105000037,849,251,598
105000038,1226,1882,-656
105000039,949,858,91
105000040,856,1495,-639
105000041,309,628,-319
105000042,1770,1533,237
105000043,730,735,-5
105000044,784,366,418
105000045,308,278,30
105000046,1248,341,907
105000047,727,345,382
105000048,1545,475,1070
105000049,276,378,-102
105000050,1301,599,702
105000051,192,410,-218
105000052,832,1307,-475
105000053,152,177,-25
105000054,543,1621,-1078
105000055,917,308,609
105000056,2023,1991,32
105000057,1663,708,955
105000058,1633,1006,627
105000059,1529,1210,319
105000060,655,622,33
105000061,2268,977,1291
105000062,679,575,104
105000063,499,630,-131
105000064,3434,1052,2382
105000065,585,929,-344
105000066,904,1811,-907
105000067,2272,1765,507
105000068,439,1168,-729
105000069,1796,4029,-2233
105000070,852,1867,-1015
105000071,159,2871,-2712
105000072,2248,10215,-7967
105000073,1327,1229,98
105000074,530,671,-141
105000075,616,815,-199
105000076,1802,1620,182
105000077,3140,1113,2027
105000078,792,1641,-849
105000079,930,2964,-2034
105000080,2067,2752,-685
105000081,1136,1457,-321
105000082,787,2179,-1392
105000083,1962,2793,-831
105000084,679,764,-85
105000085,2818,2435,383
105000086,1209,1099,110
105000087,3423,2698,725
105000088,2361,3962,-1601
105000089,1849,1479,370
105000090,424,451,-27
105000091,672,829,-157
105000092,629,1197,-568
105000093,296,528,-232
105000094,290,243,47
105000095,343,1075,-732
105000096,1655,3027,-1372
105000097,472,548,-76
105000098,1825,2034,-209
105000099,626,1652,-1026
105000100,2392,1112,1280
105000101,3974,1320,2654
105000102,2370,1516,854
105000103,1510,1926,-416
105000104,2907,1328,1579
105000105,1754,1744,10
105000106,2412,1064,1348
105000107,2125,718,1407
105000108,1963,1094,869
105000109,4088,955,3133
105000110,1204,570,634
105000111,2201,513,1688
105000112,1410,608,802
105000113,835,1182,-347
105000114,1791,1777,14
105000115,437,3003,-2566
105000116,1596,924,672
105000117,1188,820,368
105000118,1341,501,840
105000119,631,584,47
105000120,2129,602,1527
105000121,1109,655,454
105000122,596,654,-58
105000123,640,555,85
105000124,2693,989,1704
105000125,1463,1295,168
105000126,2387,2020,367
105000127,3564,1925,1639
105000128,923,2207,-1284
105000129,2045,475,1570
105000130,268,4151,-3883
105000131,496,162,334
105000132,1825,961,864
105000133,490,744,-254
105000134,1584,632,952
105000135,476,547,-71
105000136,132,125,7
105000137,787,266,521
105000138,223,187,36
105000139,852,531,321
105000140,686,286,400
105000141,515,261,254
105000142,474,471,3
105000143,218,496,-278
105000144,418,697,-279
105000145,843,354,489
105000146,522,682,-160
105000147,825,463,362
105000148,1018,1143,-125
105000149,3359,2294,1065
105000150,1271,722,549
105000151,1006,467,539
105000152,202,754,-552
105000153,1447,604,843
105000154,830,671,159
105000155,866,585,281
105000156,277,823,-546
105000157,694,1362,-668
105000158,3957,980,2977
105000159,402,793,-391
105000160,5127,1133,3994
105000161,961,730,231
105000162,906,4351,-3445
105000163,1111,962,149
105000164,144,563,-419
105000165,1540,14643,-13103
105000166,5479,2207,3272
105000167,1592,3986,-2394
105000168,480,518,-38
105000169,1626,123,1503
105000170,409,1125,-716
105000171,1786,193,1593
105000172,466,42,424
105000173,564,43,521
105000174,132,84,48
105000175,189,46,143
105000176,807,95,712
105000177,647,413,234
105000178,422,286,136
105000179,1328,104,1224
105000180,479,81,398
105000181,269,146,123
105000182,119,81,38
105000183,2523,2821,-298
105000184,555,1045,-490
105000185,599,1197,-598
105000186,653,709,-56
105000187,877,403,474
105000188,187,587,-400
105000189,135,750,-615
105000190,176,599,-423
105000191,545,506,39
105000192,480,47,433
105000193,104,212,-108
105000194,1273,103,1170
105000195,405,579,-174
105000196,140,485,-345
105000197,251,450,-199
105000198,307,149,158
105000199,102,980,-878
105000200,83,441,-358
105000201,127,63,64
105000203,78,109,-31
105000204,119,54,65
105000205,150,116,34
105000207,267,104,163
105000208,161,363,-202
105000209,189,138,51
105000211,648,12,636
105000212,1646,424,1222
105000213,36,162,-126
105000214,118,204,-86
105000215,221,154,67
105000216,431,61,370
105000217,267,113,154
105000218,2674,1180,1494
105000221,210,462,-252
105000222,579,510,69
105000223,846,287,559
105000226,246,125,121
105000227,94,124,-30
105000228,58,1635,-1577
105000229,264,1197,-933
105000231,612,282,330
105000233,1450,1032,418
105000234,497,748,-251
105000235,643,945,-302
105000237,2020,149,1871
105000243,56,55,1
105000248,43,110,-67
105000262,571,410,161
105000269,289,142,147
105000270,935,17,918
105000271,0,256,-256
105000282,75,109,-34
105000287,185,63,122
105000288,1009,474,535
105000289,578,1511,-933
105000290,41,20,21
105000402,1646,4667,-3021
105000426,298,442,-144
105000438,683,1122,-439
105000440,14,12,2
105000446,6630,3094,3536
105000447,1602,1040,562
105000454,950,189,761
105000455,198,125,73
105000474,230,3,227
105000477,1382,692,690
105000478,3141,6816,-3675
105000479,85,322,-237
105000480,4278,9126,-4848
105000481,5964,5795,169
105000482,2077,2555,-478
105000483,2698,4500,-1802
105000484,1628,1635,-7
105000485,1166,4189,-3023
105000486,1708,2024,-316
105000488,2780,1617,1163
105000489,2166,1236,930
105000549,153,411,-258
105000550,427,915,-488
105000551,12,106,-94
105000552,2823,1173,1650
105000555,1476,2260,-784
105000556,68,34,34
105000557,126,241,-115
105900001,5,2746,-2741
105900002,489,1916,-1427
105900003,14,211,-197
105900004,123,45,78
105900005,10,438,-428
105900006,10,109,-99
105900007,30,53,-23
105900008,142,171,-29
105900009,46,20,26
105900011,138,54,84
105900012,485,85,400
105900013,7,18,-11
105900014,1,59,-58
105900015,68,253,-185
105900016,708,138,570
105900017,2467,22,2445
105900018,136,224,-88
105900019,119,142,-23
105900020,61,108,-47
105900021,64,319,-255
105900022,367,137,230
105900023,8,151,-143
105900024,1,273,-272
105900025,383,9,374
105900026,343,12,331
105900027,14023,3770,10253
105900028,116,582,-466
105900029,1801,273,1528
105900030,197,297,-100
105900031,436,117,319
105900032,150,85,65
105900033,137,118,19
105900034,676,228,448
105900035,441,255,186
105900036,159,46,113
105900037,196,44,152
105900038,127,255,-128
105900039,200,65,135
105900040,143,129,14
105900041,199,210,-11
105900042,178,358,-180
105900043,982,18,964
105900044,5,584,-579
105900045,1,1590,-1589
105900046,0,271,-271
105900047,7,144,-137
105900048,167,553,-386
105900050,1122,8159,-7037
105900051,54,1209,-1155
105900052,1396,107,1289
105900053,3393,4891,-1498
105900054,216,190,26
105900056,399,640,-241
105900057,1,77,-76
105900058,30,13,17
105900059,1,167,-166
106000001,1834,2961,-1127
106000002,1040,2855,-1815
106000003,4349,5978,-1629
106000004,2296,2296,0
106000005,4925,5146,-221
106000006,4965,1692,3273
106000007,627,404,223
106000008,414,250,164
106000009,640,264,376
106000010,234,347,-113
106000011,2209,1201,1008
106000012,1032,1029,3
106000013,2356,1891,465
106000014,1375,1214,161
106000015,2969,1236,1733
106000016,1438,1343,95
106000017,754,1077,-323
106000018,580,526,54
106000019,572,665,-93
106000020,382,369,13
106000021,576,546,30
106000022,354,143,211
106000023,987,546,441
106000024,562,551,11
106000025,240,245,-5
106000026,133,285,-152
106000027,2005,1924,81
106000028,997,230,767
106000029,878,813,65
106000030,220,668,-448
106000034,108,443,-335
106000035,1212,2252,-1040
106000036,266,374,-108
106000037,1313,1405,-92
106000038,42,228,-186
106000039,25,206,-181
106000040,151,936,-785
106000041,881,488,393
106000043,440,311,129
106000046,482,79,403
106000047,42,515,-473
106000049,1755,359,1396
106000050,381,688,-307
106000051,1566,618,948
106000052,189,294,-105
106000053,780,225,555
106000054,377,240,137
106000055,1083,636,447
106000056,334,275,59
106000057,805,301,504
106000058,276,122,154
106000059,668,367,301
106000060,380,307,73
106000061,316,966,-650
106000062,205,339,-134
106000063,1449,1018,431
106000064,13,404,-391
106000065,565,269,296
106000066,92,373,-281
106000067,778,122,656
106000068,132,602,-470
106000069,571,133,438
106000070,456,534,-78
106000071,980,461,519
106000072,4095,1383,2712
106000073,1958,8029,-6071
106000074,1187,826,361
106000075,642,1305,-663
106000076,1504,1609,-105
106000077,1533,951,582
106000078,1591,718,873
106000079,1025,944,81
106000080,1532,592,940
106000081,1201,951,250
106000082,1858,701,1157
106000083,507,1092,-585
106000084,1106,446,660
106000085,1535,1083,452
106000086,533,698,-165
106000087,954,396,558
106000088,528,772,-244
106000089,1424,255,1169
106000090,367,644,-277
106000091,251,457,-206
106000092,1972,356,1616
106000093,812,125,687
106000094,80,298,-218
106000095,1565,1000,565
106000096,1772,590,1182
106000097,1815,956,859
106000098,1576,656,920
106000099,231,486,-255
106000100,1832,228,1604
106000101,1426,971,455
106000102,125,527,-402
106000103,371,545,-174
106000104,1744,498,1246
106000105,609,595,14
106000106,1183,409,774
106000107,243,282,-39
106000108,965,172,793
106000109,277,121,156
106000110,647,148,499
106000111,237,175,62
106000112,410,1205,-795
106000113,514,411,103
106000114,621,1608,-987
106000115,450,378,72
106000116,518,254,264
106000117,965,506,459
106000118,1848,1483,365
106000119,945,640,305
106000120,1410,1956,-546
106000121,527,315,212
106000122,441,94,347
106000123,1334,137,1197
106000124,375,120,255
106000125,99,264,-165
106000126,638,81,557
106000127,1861,544,1317
106000128,1648,255,1393
106000129,1847,581,1266
106000130,1451,1220,231
106000131,284,1130,-846
106000132,1091,278,813
106000133,2344,2822,-478
106000134,498,5170,-4672
106000135,279,1160,-881
106000136,1195,2096,-901
106000137,132,1138,-1006
106000138,3951,106,3845
106000139,160,155,5
106000140,62,134,-72
106000141,192,42,150
106000142,166,109,57
106000143,59,40,19
106000144,133,161,-28
106000145,895,121,774
106000146,618,153,465
106000147,1465,517,948
106000148,2096,596,1500
106000149,1066,310,756
106000150,1198,3443,-2245
106000151,3952,615,3337
106000152,912,4504,-3592
106000153,94,2038,-1944
106000154,1307,127,1180
106000155,261,449,-188
106000156,1774,198,1576
106000157,806,1946,-1140
106000158,1747,625,1122
106000159,4019,3674,345
106000160,785,5737,-4952
106000161,1233,169,1064
106000162,387,1988,-1601
106000163,496,286,210
106000164,1081,302,779
106000165,342,688,-346
106000166,1517,306,1211
106000167,575,1430,-855
106000168,1320,379,941
106000169,326,392,-66
106000170,1560,173,1387
106000171,218,1229,-1011
106000172,2712,2029,683
106000173,770,3968,-3198
106000174,1928,422,1506
106000175,234,488,-254
106000176,3061,904,2157
106000177,1012,1786,-774
106000178,3311,1333,1978
106000179,687,1660,-973
106000180,949,681,268
106000181,1880,1221,659
106000182,2558,540,2018
106000183,2544,350,2194
106000184,2025,490,1535
106000185,2067,1943,124
106000186,447,64,383
106000187,46,1720,-1674
106000188,0,1,-1
106000189,11,37,-26
106000190,47,5,42
106000191,605,83,522
106000192,1,8,-7
106000193,430,281,149
106000194,156,359,-203
106000195,185,128,57
106000196,32,275,-243
106000197,944,182,762
106000198,223,142,81
106000199,718,1187,-469
106000200,373,201,172
106000201,361,7312,-6951
106000202,4448,749,3699
106000203,23,742,-719
106000204,77,5,72
106000205,63,192,-129
106000206,147,24,123
106000207,20,191,-171
106000208,2368,115,2253
106000209,2854,374,2480
106000210,369,637,-268
106000211,269,988,-719
106000212,1630,496,1134
106000213,286,1100,-814
106000214,1521,432,1089
106000215,455,447,8
106000216,829,624,205
106000217,200,382,-182
106000218,354,209,145
106000219,207,250,-43
106000220,811,226,585
106000221,460,104,356
106000222,160,61,99
106000223,661,165,496
106000224,544,96,448
106000225,137,214,-77
106000226,175,182,-7
106000228,129,156,-27
106000229,227,534,-307
106000231,1709,107,1602
106000232,72,307,-235
106000233,722,132,590
106000234,42,387,-345
106000235,335,367,-32
106000236,97,260,-163
106000237,1,44,-43
106000238,39,56,-17
106000239,0,143,-143
106000240,16,6,10
106000241,32,704,-672
106000242,563,17,546
106000249,92,83,9
106000250,54,810,-756
106000251,134,29,105
106000252,27,61,-34
106000253,44,52,-8
106000254,143,13,130
106000255,49,169,-120
106000256,90,23,67
106000257,137,161,-24
106000258,98,188,-90
106000259,12,225,-213
106000260,30,7,23
106000261,29,71,-42
106000262,140,47,93
106000263,38,84,-46
106000264,181,36,145
106000265,80,98,-18
106000266,182,10,172
106000267,17,105,-88
106000268,285,42,243
106000269,61,24,37
106000270,101,208,-107
106000271,80,104,-24
106000272,132,26,106
106000273,9,177,-168
106000274,170,25,145
106000275,279,192,87
106000276,26,19,7
106000277,180,225,-45
106000278,185,23,162
106000279,15,16,-1
106000280,124,25,99
106000281,100,28,72
106000282,97,46,51
106000283,142,30,112
106000284,189,65,124
106000285,140,72,68
106000286,149,74,75
106000287,58,84,-26
106000288,117,81,36
106000289,161,48,113
106000290,101,50,51
106000291,126,81,45
106000292,252,81,171
106000293,160,76,84
106000294,83,51,32
106000295,38,63,-25
106000296,29,35,-6
106000297,76,270,-194
106000298,51,162,-111
106000299,38,76,-38
106000300,32,58,-26
106000301,103,141,-38
106000303,86,48,38
106000304,101,19,82
106000305,139,21,118
106000306,46,30,16
106000307,183,9,174
106000308,25,58,-33
106000309,44,26,18
106000310,329,275,54
106000311,674,155,519
106000312,234,173,61
106000313,542,102,440
106000318,102,372,-270
106000319,2197,435,1762
106000320,1,58,-57
106000321,167,203,-36
106000322,464,88,376
106000324,53,106,-53
106000325,2441,729,1712
106000326,857,1165,-308
106000327,332,79,253
106000328,9,133,-124
106000329,66,399,-333
106000330,25,92,-67
106000428,87,347,-260
106000429,218,247,-29
106000430,358,1526,-1168
106000431,3161,584,2577
106000432,912,2648,-1736
106000433,2650,1639,1011
106000434,4827,1137,3690
106000435,1520,2379,-859
106000436,13,210,-197
106000437,768,61,707
106000438,237,455,-218
106000439,43,1474,-1431
106000440,604,540,64
106000441,2,0,2
106000442,789,2,787
106000443,335,145,190
106000450,2,123,-121
106000451,33,154,-121
106000454,8,225,-217
106000455,2,99,-97
106000456,190,21,169
106000457,67,472,-405
106000458,1288,135,1153
106000459,668,118,550
106000460,1756,48,1708
106000461,430,180,250
106000462,2,67,-65
106000463,6,11,-5
106000464,2,1823,-1821
106000465,1022,5,1017
106000466,2,489,-487
106000467,623,323,300
106000468,189,176,13
106000469,201,3,198
106000470,157,3544,-3387
106000471,2,235,-233
106000472,247,9,238
106000473,88,7,81
106000474,814,550,264
106000475,1251,237,1014
106000476,182,327,-145
106000477,82,85,-3
106000480,0,1138,-1138
106900001,0,6,-6
106900002,0,199,-199
106900003,23,468,-445
106900004,0,14,-14
106900006,0,6,-6
106900007,0,4,-4
106900008,1260,57,1203
106900009,788,128,660
106900010,546,249,297
106900012,1416,3917,-2501
106900013,496,46,450
106900014,117,2,115
106900015,24,0,24
106900016,535,9,526
106900017,40,10,30
106900018,21,1,20
106900019,220,1,219
106900020,1764,3525,-1761
106900021,310,137,173
106900022,1990,4,1986
106900023,6,154,-148
106900024,446,21,425
106900025,4,224,-220
106900026,0,185,-185
106900027,1312,8,1304
106900028,2,120,-118
106900029,291,39,252
106900030,5,415,-410
107000001,3649,5162,-1513
107000002,1402,1641,-239
107000003,10356,8779,1577
107000004,3486,1514,1972
107000005,10601,6958,3643
107000006,3336,1537,1799
107000007,7155,9063,-1908
107000008,3715,2343,1372
107000009,10974,7880,3094
107000010,5121,3023,2098
107000011,790,1076,-286
107000012,2443,2096,347
107000013,156,52,104
107000014,105,96,9
107000015,582,414,168
107000016,1159,412,747
107000017,607,1704,-1097
107000018,6,1584,-1578
107000020,502,1354,-852
107000021,874,433,441
107000022,1051,1569,-518
107000023,1927,266,1661
107000024,515,1896,-1381
107000025,470,257,213
107000026,297,423,-126
107000027,2214,721,1493
107000028,1393,696,697
107000029,4987,3265,1722
107000030,2384,1666,718
107000031,7346,2819,4527
107000032,265,740,-475
107000033,2237,4237,-2000
107000034,3983,1103,2880
107000035,604,369,235
107000036,427,2166,-1739
107000037,144,833,-689
107000038,377,137,240
107000039,1525,1316,209
107000040,480,160,320
107000041,1072,918,154
107000042,548,2684,-2136
107000043,1484,923,561
107000044,354,340,14
107000045,67,443,-376
107000046,778,436,342
107000047,480,961,-481
107000048,853,388,465
107000049,558,819,-261
107000050,937,714,223
107000051,337,357,-20
107000052,1237,2327,-1090
107000053,382,735,-353
107000054,33,177,-144
107000055,550,226,324
107000056,443,383,60
107000057,1869,136,1733
107000058,2187,3461,-1274
107000059,2684,2575,109
107000060,6503,7046,-543
107000061,4424,2371,2053
107000062,7413,4042,3371
107000063,3995,2739,1256
107000064,6368,4662,1706
107000065,2937,4457,-1520
107000066,1680,3429,-1749
107000067,1752,1615,137
107000068,687,1180,-493
107000069,1533,806,727
107000070,1257,3,1254
107000071,5260,79,5181
107000072,9,1075,-1066
107000073,1186,1083,103
107000074,106,500,-394
107000075,2383,339,2044
107000076,181,781,-600
107000077,3608,637,2971
107000078,718,1241,-523
107000079,3461,908,2553
107000080,467,1272,-805
107000081,3843,735,3108
107000082,755,609,146
107000083,1774,852,922
107000084,200,479,-279
107000085,3358,3272,86
107000086,2802,1785,1017
107000087,4471,3491,980
107000088,2676,3985,-1309
107000089,2691,3327,-636
107000090,1698,869,829
107000091,2274,1746,528
107000092,1090,760,330
107000093,1874,1651,223
107000094,1085,970,115
107000095,1455,961,494
107000096,856,517,339
107000097,1737,604,1133
107000098,899,611,288
107000099,782,649,133
107000100,290,302,-12
107000101,110,332,-222
107000102,338,306,32
107000103,491,421,70
107000104,206,342,-136
107000105,892,370,522
107000106,177,295,-118
107000107,1267,307,960
107000108,229,465,-236
107000109,1638,353,1285
107000110,218,264,-46
107000111,1668,130,1538
107000112,143,218,-75
107000113,1657,157,1500
107000114,49,370,-321
107000115,1339,1444,-105
107000116,38,562,-524
107000117,218,5462,-5244
107000118,79,133,-54
107000119,1724,1534,190
107000120,888,1615,-727
107000121,1107,788,319
107000122,953,653,300
107000123,627,589,38
107000124,898,331,567
107000125,1484,490,994
107000126,2510,243,2267
107000129,410,468,-58
107000130,1605,277,1328
107000131,335,408,-73
107000132,1012,392,620
107000133,370,307,63
107000134,255,1,254
107000135,1,335,-334
107000136,676,4,672
107000137,8,558,-550
107000138,116,19,97
107000139,3,612,-609
107000140,2059,44,2015
107000141,90,1129,-1039
107000142,583,57,526
107000143,40,729,-689
107000144,735,772,-37
107000145,148,394,-246
107000146,192,390,-198
107000147,4883,654,4229
107000150,289,5227,-4938
107000151,7,13,-6
107000152,994,3023,-2029
107000153,47,225,-178
107000154,23,209,-186
107000155,1235,15,1220
107000156,1409,10,1399
107000157,37,373,-336
107000158,1511,20,1491
107000159,8,559,-551
107000160,2882,212,2670
107000161,48,336,-288
107000162,439,935,-496
107000163,236,2,234
107000164,1254,1,1253
107000165,1994,0,1994
107000166,32,186,-154
107000167,1134,263,871
107000168,1477,671,806
107000169,255,356,-101
107000170,5007,683,4324
107000171,565,821,-256
107000172,2189,2355,-166
107000173,438,380,58
107000174,1378,8184,-6806
107000175,3036,615,2421
107000176,0,0,0
107000177,0,0,0
107000178,81,4,77
107000179,460,918,-458
107000180,2812,181,2631
107000181,445,555,-110
107000182,2798,639,2159
107000183,289,511,-222
107000184,1913,595,1318
107000185,495,1146,-651
107000186,1225,505,720
107000187,1422,1466,-44
107000188,858,402,456
107000189,1021,894,127
107000190,1011,491,520
107000191,1385,1150,235
107000192,1819,584,1235
107000193,654,744,-90
107000194,740,650,90
107000197,1104,284,820
107000198,315,552,-237
107000199,1194,733,461
107000200,1330,855,475
107000201,451,378,73
107000202,402,409,-7
107000203,374,1768,-1394
107000204,346,1835,-1489
107000205,731,732,-1
107000206,382,1064,-682
107000207,347,932,-585
107000208,430,551,-121
107000209,450,845,-395
107000210,128,79,49
107000211,0,116,-116
107000212,1,161,-160
107000213,3,8,-5
107000214,14,54,-40
107000215,840,143,697
107000216,692,234,458
107000217,284,142,142
107000219,88,240,-152
107000220,73,64,9
107000222,264,294,-30
107000224,550,168,382
107000225,234,236,-2
107000226,498,74,424
107000227,180,105,75
107000228,329,747,-418
107000229,163,222,-59
107000230,2085,844,1241
107000231,520,1316,-796
107000232,140,54,86
107000233,234,622,-388
107000234,0,83,-83
107000235,44,36,8
107000236,12,779,-767
107000237,116,0,116
107000238,44,4,40
107000239,2406,857,1549
107000240,329,349,-20
107000243,0,96,-96
107000244,8,63,-55
107000246,2,460,-458
107000249,0,549,-549
107000251,1,188,-187
107000252,1,475,-474
107000255,263,330,-67
107000257,1,544,-543
107000258,4,214,-210
107000259,3,110,-107
107000260,2568,20,2548
107000262,23,146,-123
107000263,652,10,642
107000266,18,22,-4
107000267,13,80,-67
107000268,179,31,148
107000269,87,6,81
107000270,287,41,246
107000271,0,0,0
107000272,157,0,157
107000273,4,219,-215
107000274,395,0,395
107000275,122,1737,-1615
107000280,1890,19,1871
107000281,27,329,-302
107000282,34,380,-346
107000290,4,44,-40
107000291,48,12,36
107000292,3,309,-306
107000293,21,25,-4
107000294,0,58,-58
107000295,57,12,45
107000296,0,22,-22
107000444,247,2,245
107000496,15,1,14
107000497,800,1198,-398
107000500,730,430,300
107000501,127,290,-163
107000502,391,724,-333
107000505,513,797,-284
107000506,0,6,-6
107000508,8,179,-171
107000509,241,697,-456
107000510,92,71,21
107000514,33,519,-486
107000515,14,54,-40
107000516,817,408,409
107000518,2304,3856,-1552
107000519,1201,605,596
107000520,182,33,149
107000521,1424,335,1089
107000522,2534,409,2125
107900001,163,45,118
107900002,49,7,42
107900003,718,18,700
107900004,2,0,2
107900005,3827,7,3820
107900006,217,12,205
107900007,584,37,547
107900008,16,3,13
107900009,134,10,124
107900010,85,4,81
107900012,489,83,406
107900013,127,1,126
107900014,287,6,281
107900015,2384,7,2377
107900016,258,38,220
107900017,64,2,62
107900018,69,421,-352
107900019,48,8,40
107900020,23,49,-26
107900021,211,33,178
107900023,7,1,6
107900024,0,10,-10
107900025,284,66,218
107900026,160,11,149
107900027,6,119,-113
107900028,381,12,369
107900030,299,25,274
107900031,146,52,94
107900032,49,4,45
107900033,21,5,16
107900034,236,15,221
107900035,2346,213,2133
107900036,43,10,33
107900037,0,0,0
107900038,29,352,-323
107900039,60,5,55
107900040,6,112,-106
107900041,2,3,-1
107900043,84,106,-22
107900044,4,10,-6
107900045,109,59,50
107900046,465,816,-351
107900047,77,5,72
107900048,307,31,276
107900049,446,1215,-769
107900050,38,186,-148
107900051,29,7,22
107900052,18,77,-59
107900053,210,56,154
107900055,449,228,221
107900056,126,196,-70
107900057,5,0,5
107900058,13,477,-464
107900060,7,49,-42
107900061,1,6,-5
107900063,133,160,-27
107900064,118,892,-774
107900065,641,18,623
107900066,10,11,-1
107900067,1,0,1
107900068,97,1015,-918
107900069,27,4386,-4359
107900070,146,190,-44
107900071,9,226,-217
107900072,253,39,214
107900073,121,85,36
107900074,182,549,-367
107900076,143,44,99
107900077,222,4,218
107900079,42,28,14
107900080,68,990,-922
107900081,34,45,-11
107900082,5,3,2
107900083,566,186,380
107900084,185,107,78
107900086,26,391,-365
107900087,270,33,237
107900088,127,1,126
107900089,241,607,-366
107900090,244,2250,-2006
107900091,82,146,-64
107900093,60,38,22
107900095,892,1051,-159
107900097,1,98,-97
107900098,82,268,-186
107900100,398,1682,-1284
107900101,320,41,279
107900102,33,4,29
107900103,33,106,-73
107900104,229,1,228
107900105,0,72,-72
107900106,1,217,-216
107900107,635,323,312
107900108,142,11,131
107900109,2336,47,2289
107900110,150,46,104
107900111,1,157,-156
107900112,50,724,-674
107900113,234,33,201
107900114,403,63,340
107900115,0,9,-9
107900116,405,80,325
107900117,227,336,-109
107900118,17,107,-90
107900119,106,246,-140
107900120,42,19,23
107900121,2,98,-96
107900122,2,122,-120
107900123,36,116,-80
107900124,3,23,-20
107900125,6,214,-208
107900126,40,75,-35
107900127,396,202,194
107900128,42,51,-9
107900129,191,5,186
107900130,111,13,98
107900131,62,240,-178
107900132,36,177,-141
107900133,0,31,-31
107900134,13,42,-29
107900135,4,30,-26
107900136,14,18,-4
107900137,51,81,-30
107900138,151,12,139
107900139,115,28,87
107900141,18,14,4
107900142,29,388,-359
107900143,12,14,-2
107900144,1,28,-27
107900145,2,34,-32
107900146,56,62,-6
107900147,43,18,25
107900148,141,96,45
107900149,392,31,361
107900150,2,217,-215
107900151,16,25,-9
107900152,11,103,-92
107900153,63,266,-203
107900154,44,87,-43
107900155,125,62,63
107900156,7,51,-44
107900157,10,80,-70
107900158,1940,80,1860
107900159,16,267,-251
107900160,191,45,146
107900161,194,49,145
107900162,1,56,-55
107900163,5,59,-54
107900164,56,21,35
107900165,27,515,-488
107900166,53,54,-1
107900167,6,118,-112
107900168,206,11,195
107900169,0,605,-605
107900171,17,300,-283
107900172,0,156,-156
107900173,72,56,16
107900174,190,3,187
107900175,6,117,-111
107900176,135,8,127
107900177,0,80,-80
107900178,0,36,-36
107900179,22,92,-70
107900180,150,1279,-1129
107900181,227,183,44
107900182,0,366,-366
107900183,135,69,66
107900184,131,163,-32
107900185,155,5,150
107900186,24,4,20
107900187,0,96,-96
107900188,278,57,221
107900189,10,157,-147
107900190,44,109,-65
107900191,56,170,-114
107900193,11,85,-74
107900194,203,10,193
107900195,825,152,673
107900196,161,24,137
107900197,142,234,-92
107900199,1,475,-474
107900201,151,117,34
107900203,36,54,-18
107900204,137,172,-35
107900206,182,667,-485
107900207,2,285,-283
107900208,3,182,-179
107900209,320,166,154
107900210,28,35,-7
107900213,333,331,2
107900214,4,95,-91
107900215,238,454,-216
107900216,7,18,-11
107900217,42,52,-10
107900218,19,499,-480
107900219,55,32,23
107900220,18,133,-115
107900221,133,251,-118
107900223,222,154,68
107900224,60,371,-311
107900225,12,301,-289
107900226,18,48,-30
107900227,53,278,-225
107900228,32,108,-76
107900229,7,47,-40
107900230,31,10,21
107900231,25,54,-29
107900232,375,41,334
107900233,8,39,-31
107900234,314,78,236
107900235,23,80,-57
107900236,735,124,611
107900237,5,216,-211
107900238,88,27,61
107900239,205,761,-556
107900240,71,34,37
107900241,6,25,-19
107900242,17,59,-42
107900243,3,13,-10
107900244,187,0,187
107900245,1405,38,1367
107900246,236,9,227
107900248,479,46,433
107900249,1334,172,1162
107900250,0,189,-189
107900251,6,639,-633
107900252,876,32,844
107900253,248,28,220
107900254,97,123,-26
107900255,80,27,53
107900256,324,736,-412
107900257,394,156,238
107900258,198,44,154
107900259,17,4959,-4942
107900261,0,169,-169
107900262,29,24,5
107900264,729,44,685
107900265,226,68,158
107900267,603,8,595
107900268,18,2,16
107900269,0,8,-8
107900270,2,2,0
107900271,4,58,-54
107900272,9,28,-19
107900273,75,45,30
107900274,79,1,78
107900275,41,0,41
107900276,0,19,-19
107900277,0,31,-31
107900278,481,67,414
107900279,20,22,-2
107900280,2288,983,1305
107900281,948,8764,-7816
107900282,19,1161,-1142
107900283,673,911,-238
107900284,934,366,568
107900285,189,20,169
107900286,8,18,-10
107900287,719,64,655
107900290,0,720,-720
107900291,508,11,497
107900292,292,108,184
107900293,115,247,-132
107900295,64,10,54
107900297,4,408,-404
107900298,510,719,-209
107900299,2079,3688,-1609
107900301,1028,868,160
107900302,136,20,116
107900303,573,217,356
107900304,813,46,767
107900305,253,8,245
107900306,1,41,-40
107900307,14,180,-166
107900308,220,122,98
107900309,81,0,81
107900310,38,0,38
107900311,1,213,-212
107900312,87,0,87
107900313,2,164,-162
107900314,2,156,-154
107900315,0,44,-44
107900316,22,0,22
107900317,95,7,88
107900318,4,236,-232
107900319,8,23,-15
107900320,0,57,-57
107900321,246,12,234
107900322,0,30,-30
107900323,2,33,-31
107900324,118,4,114
107900325,271,3,268
107900326,733,55,678
107900327,0,155,-155
107900328,10,1,9
107900329,47,512,-465
107900330,16,56,-40
107900331,716,36,680
107900332,558,18,540
107900333,218,26,192
107900334,4,27,-23
107900335,54,35,19
107900336,36,44,-8
107900337,392,1132,-740
107900338,4,157,-153
107900339,5,16,-11
107900340,0,134,-134
107900341,86,0,86
107900342,156,57,99
107900343,64,8,56
107900344,6,51,-45
107900345,74,7,67
107900346,9,0,9
107900347,29,0,29
107900348,1,7,-6
107900349,43,7,36
107900350,4,155,-151
107900351,9,56,-47
107900352,0,24,-24
107900353,45,23,22
107900354,49,88,-39
108000001,5505,4744,761
108000002,1677,1515,162
108000003,3196,3678,-482
108000004,9335,9487,-152
108000005,8261,6506,1755
108000006,3463,3736,-273
108000007,6548,6863,-315
108000008,2920,4046,-1126
108000009,7056,6304,752
108000010,2399,4020,-1621
108000011,14043,11577,2466
108000012,8851,7518,1333
108000014,722,1396,-674
108000015,1175,215,960
108000016,284,446,-162
108000017,1668,401,1267
108000018,2069,775,1294
108000019,838,779,59
108000020,1330,511,819
108000021,163,1159,-996
108000022,430,703,-273
108000023,2003,366,1637
108000024,528,206,322
108000025,636,119,517
108000026,1286,340,946
108000027,1282,262,1020
108000028,1346,273,1073
108000029,737,337,400
108000030,590,320,270
108000031,247,548,-301
108000032,3158,788,2370
108000033,460,614,-154
108000034,2404,550,1854
108000035,670,1151,-481
108000036,263,523,-260
108000037,3333,380,2953
108000038,4635,363,4272
108000039,338,916,-578
108000040,2944,1060,1884
108000041,427,1690,-1263
108000042,616,115,501
108000043,215,164,51
108000044,907,106,801
108000045,332,162,170
108000046,2436,459,1977
108000047,347,448,-101
108000048,132,128,4
108000049,1083,209,874
108000050,143,373,-230
108000051,595,362,233
108000052,212,452,-240
108000053,514,439,75
108000054,205,967,-762
108000055,1423,778,645
108000056,683,1480,-797
108000057,729,1591,-862
108000058,2124,5846,-3722
108000059,1802,1448,354
108000060,364,1276,-912
108000061,289,412,-123
108000062,1510,689,821
108000063,488,371,117
108000064,346,252,94
108000065,613,361,252
108000066,2314,1477,837
108000067,2955,925,2030
108000068,1254,540,714
108000069,180,582,-402
108000070,2584,1090,1494
108000071,513,1118,-605
108000072,1688,788,900
108000073,730,772,-42
108000074,751,758,-7
108000075,338,293,45
108000076,1038,663,375
108000077,623,459,164
108000078,3029,671,2358
108000079,484,576,-92
108000080,2432,402,2030
108000081,801,577,224
108000082,673,1063,-390
108000083,2388,916,1472
108000084,382,783,-401
108000085,2039,773,1266
108000086,380,357,23
108000087,125,2850,-2725
108000088,1522,623,899
108000089,375,431,-56
108000091,159,659,-500
108000092,435,279,156
108000093,458,482,-24
108000094,1396,171,1225
108000095,252,577,-325
108000096,674,343,331
108000097,211,495,-284
108000098,3279,1169,2110
108000099,1428,331,1097
108000100,360,743,-383
108000101,1638,1782,-144
108000102,1942,3733,-1791
108000106,1424,0,1424
108000107,2,790,-788
108000108,836,64,772
108000109,2,416,-414
108000110,803,398,405
108000111,408,806,-398
108000112,65,246,-181
108000113,464,219,245
108000115,350,376,-26
108000117,330,413,-83
108000118,248,2669,-2421
108000119,717,258,459
108000120,405,1404,-999
108000121,318,386,-68
108000122,1388,551,837
108000123,915,265,650
108000124,375,570,-195
108000125,918,405,513
108000126,320,368,-48
108000127,812,341,471
108000128,1225,205,1020
108000129,454,387,67
108000130,639,312,327
108000131,797,284,513
108000132,396,588,-192
108000133,1520,430,1090
108000134,496,320,176
108000135,1358,984,374
108000136,431,361,70
108000137,663,189,474
108000138,636,553,83
108000139,872,199,673
108000140,794,25,769
108000141,116,24,92
108000142,90,43,47
108000143,71,224,-153
108000144,962,41,921
108000145,72,5,67
108000146,1192,63,1129
108000147,64,12,52
108000148,1075,86,989
108000149,18,22,-4
108000150,84,29,55
108000151,31,71,-40
108000152,221,153,68
108000153,1412,195,1217
108000154,43,6,37
108000155,123,38,85
108000156,819,423,396
108000157,264,3573,-3309
108000158,110,1292,-1182
108000159,211,241,-30
108000160,1809,1883,-74
108000161,1459,5159,-3700
108000165,13,431,-418
108000172,6,284,-278
108000173,539,2576,-2037
108000175,1267,161,1106
108000178,337,312,25
108000179,211,1183,-972
108000181,129,7,122
108000182,154,34,120
108000183,6,240,-234
108000184,630,4215,-3585
108000185,271,165,106
108000186,631,380,251
108000187,179,206,-27
108000188,1332,85,1247
108000189,1363,16752,-15389
108000190,15,94,-79
108000192,420,124,296
108000193,165,11,154
108000194,41,6,35
108000195,0,758,-758
108000196,187,229,-42
108000198,1040,79,961
108000199,1,380,-379
108000200,847,164,683
108000203,332,347,-15
108000204,282,81,201
108000205,125,242,-117
108000339,913,460,453
108000364,164,528,-364
108000365,92,269,-177
108000367,99,177,-78
108000368,17,67,-50
108000369,462,129,333
108000371,2,353,-351
108000372,993,4,989
108000373,243,81,162
108000376,191,14,177
108000377,1010,136,874
108000378,8918,16977,-8059
108000379,10,208,-198
108000381,200,14,186
108000382,149,0,149
108000383,2,422,-420
108900001,9,295,-286
108900002,350,34,316
108900003,68,591,-523
108900004,40,523,-483
108900007,397,185,212
108900008,186,81,105
108900009,212,180,32
108900010,537,126,411
108900011,974,226,748
108900012,429,334,95
108900013,219,395,-176
108900014,6,96,-90
108900015,2,206,-204
108900016,0,147,-147
108900017,105,488,-383
108900018,125,319,-194
108900019,79,275,-196
108900020,63,92,-29
108900021,95,87,8
108900022,57,3,54
108900023,57,117,-60
108900024,24,10,14
108900025,342,39,303
108900026,14,21,-7
108900027,0,31,-31
108900028,85,62,23
108900029,65,185,-120
108900030,0,10,-10
108900031,175,49,126
108900032,1,82,-81
108900033,76,43,33
108900034,0,19,-19
108900035,311,286,25
108900038,0,38,-38
108900039,1,53,-52
108900040,18,35,-17
108900041,4515,2960,1555
108900042,0,254,-254
108900043,38,553,-515
108900044,0,86,-86
108900045,73,79,-6
108900046,14,185,-171
108900047,29,366,-337
108900048,114,170,-56
108900049,1043,3393,-2350
108900050,3,45,-42
108900051,5,51,-46
108900052,24,42,-18
108900053,111,870,-759
108900054,28,95,-67
108900055,27,299,-272
108900056,2,50,-48
108900057,1,51,-50
108900058,88,58,30
108900059,1475,42,1433
108900060,68,185,-117
108900061,65,10,55
108900062,3,143,-140
108900063,19,79,-60
108900064,506,5,501
108900065,11,104,-93
108900066,489,234,255
108900067,2,170,-168
108900068,1,39,-38
108900069,168,5,163
108900070,5,32,-27
108900071,200,53,147
108900072,934,96,838
108900073,52,198,-146
108900074,667,31,636
108900075,4,10,-6
108900076,586,53,533
108900077,28,180,-152
108900078,71,36,35
108900079,226,133,93
108900080,27,1039,-1012
108900081,125,277,-152
108900082,153,10,143
108900083,9,223,-214
108900085,1281,97,1184
108900086,303,41,262
108900087,71,185,-114
108900088,695,394,301
108900089,14,112,-98
108900090,152,27,125
108900091,84,40,44
108900092,601,317,284
108900093,72,63,9
108900094,508,190,318
108900095,27,123,-96
108900096,238,13,225
108900097,306,91,215
108900098,1033,1075,-42
108900099,568,145,423
108900100,56,82,-26
108900101,276,690,-414
108900102,32,2036,-2004
108900103,199,353,-154
108900105,5,3465,-3460
108900106,601,169,432
108900108,297,31,266
108900109,1017,81,936
108900110,222,165,57
108900111,619,186,433
108900113,82,85,-3
108900114,344,43,301
108900115,214,192,22
108900116,75,0,75
108900117,628,37,591
108900118,1185,34,1151
108900119,581,27,554
108900120,527,315,212
108900121,240,73,167
108900122,406,33,373
108900123,528,72,456
108900124,1752,135,1617
108900125,1109,16,1093
108900126,239,58,181
108900127,405,67,338
108900128,316,65,251
108900129,1810,160,1650
108900130,1133,2,1131
108900131,889,2,887
108900132,780,58,722
108900133,478,37,441
108900134,1302,136,1166
108900135,508,15,493
108900136,24,0,24
108900137,311,0,311
108900138,1629,62,1567
108900140,1161,19,1142
108900141,832,7,825
108900142,89,9,80
108900143,99,0,99
108900144,190,2,188
108900145,550,43,507
108900146,155,0,155
108900147,535,2,533
108900148,70,6,64
108900150,244,15,229
108900151,21,15,6
108900152,140,2,138
108900153,402,83,319
108900154,5532,305,5227
108900156,246,12,234
108900157,16,297,-281
108900158,899,32,867
108900159,0,37,-37
108900160,14,94,-80
108900161,49,160,-111
108900162,272,6,266
108900163,5,548,-543
108900164,111,31,80
108900168,3409,1920,1489
108900169,95,125,-30
108900171,2855,3689,-834
108900172,226,114,112
108900173,46,284,-238
108900174,1170,400,770
108900176,65,215,-150
108900177,2769,11251,-8482
108900178,2234,6299,-4065
108900180,47,241,-194
108900183,234,365,-131
108900184,482,160,322
108900185,28,579,-551
108900186,33,560,-527
108900189,452,125,327
108900190,950,1449,-499
108900192,93,117,-24
108900195,68,129,-61
108900196,7,207,-200
108900199,152,283,-131
108900200,743,636,107
108900201,245,892,-647
108900203,399,101,298
108900204,426,13,413
108900205,290,20,270
108900206,676,89,587
108900207,357,480,-123
108900208,8,300,-292
108900209,143,447,-304
108900210,63,76,-13
108900211,209,703,-494
108900212,82,2849,-2767
108900215,36,293,-257
108900216,193,454,-261
108900217,78,0,78
108900218,48,27,21
108900221,48,19,29
108900224,73,57,16
108900225,1,211,-210
108900227,259,360,-101
108900230,59,156,-97
108900232,1,86,-85
108900233,503,196,307
108900234,251,261,-10
108900235,108,212,-104
108900236,17,199,-182
108900240,132,97,35
108900241,97,36,61
108900245,2,2009,-2007
108900250,211,66,145
108900258,3,99,-96
108900259,47,39,8
108900260,3,17,-14
108900261,48,69,-21
108900262,113,161,-48
108900263,68,158,-90
108900264,136,246,-110
108900265,740,740,0
108900266,122,2202,-2080
108900267,6,598,-592
108900268,21,34,-13
108900269,202,39,163
108900270,332,11,321
108900271,131,53,78
108900272,583,41,542
108900273,255,1105,-850
108900274,130,13,117
109000001,4576,3944,632
109000002,818,3776,-2958
109000003,4367,583,3784
109000004,826,2194,-1368
109000005,2957,756,2201
109000006,1134,1815,-681
109000007,2847,1001,1846
109000008,978,1589,-611
109000009,4210,1721,2489
109000010,897,2711,-1814
109000011,6462,2608,3854
109000012,1827,2865,-1038
109000013,6533,6211,322
109000014,2319,2057,262
109000015,5016,20175,-15159
109000016,4314,2020,2294
109000017,4509,1850,2659
109000018,1928,2144,-216
109000019,3565,2001,1564
109000020,1250,2764,-1514
109000023,233,16,217
109000024,4,150,-146
109000025,242,678,-436
109000026,751,234,517
109000027,71,421,-350
109000028,192,71,121
109000029,94,446,-352
109000030,15,310,-295
109000031,391,133,258
109000032,100,480,-380
109000033,525,287,238
109000034,64,47,17
109000035,16,28,-12
109000036,111,276,-165
109000037,420,3522,-3102
109000038,360,204,156
109000039,842,774,68
109000040,2469,12618,-10149
109000041,1309,3649,-2340
109000042,769,2162,-1393
109000044,704,213,491
109000045,230,399,-169
109000046,506,145,361
109000047,102,311,-209
109000048,413,1041,-628
109000049,276,504,-228
109000050,502,514,-12
109000051,229,184,45
109000052,755,370,385
109000053,3066,214,2852
109000054,94,523,-429
109000055,377,249,128
109000056,399,379,20
109000057,929,436,493
109000058,617,126,491
109000059,180,1553,-1373
109000060,291,749,-458
109000061,346,1989,-1643
109000062,157,343,-186
109000063,201,118,83
109000064,540,81,459
109000065,264,132,132
109000066,833,45,788
109000067,61,73,-12
109000068,614,0,614
109000069,629,8,621
109000070,89,913,-824
109000071,532,100,432
109000072,122,292,-170
109000073,66,98,-32
109000074,4,104,-100
109000075,93,365,-272
109000076,221,438,-217
109000077,379,256,123
109000078,130,166,-36
109000079,245,63,182
109000080,379,123,256
109000081,252,282,-30
109000082,1092,126,966
109000083,577,366,211
109000088,186,190,-4
109000089,427,78,349
109000090,110,197,-87
109000091,438,143,295
109000092,217,203,14
109000093,289,105,184
109000094,1184,0,1184
109000095,182,242,-60
109000096,1260,236,1024
109000097,98,73,25
109000098,139,128,11
109000099,845,92,753
109000100,507,292,215
109000101,2326,318,2008
109000102,718,387,331
109000103,1926,553,1373
109000104,3326,361,2965
109000105,714,566,148
109000106,2593,478,2115
109000107,668,914,-246
109000108,3240,521,2719
109000109,623,832,-209
109000110,1512,512,1000
109000111,940,1057,-117
109000112,392,127,265
109000113,332,206,126
109000114,152,477,-325
109000115,1039,59,980
109000116,43,792,-749
109000117,374,40,334
109000118,17,242,-225
109000119,2002,158,1844
109000120,614,392,222
109000121,1009,80,929
109000122,336,215,121
109000123,94,167,-73
109000124,1339,324,1015
109000125,1168,336,832
109000126,633,421,212
109000127,3855,134,3721
109000128,789,514,275
109000129,4004,372,3632
109000130,617,785,-168
109000131,2191,943,1248
109000132,492,1534,-1042
109000133,196,331,-135
109000134,555,808,-253
109000135,523,1012,-489
109000136,415,165,250
109000137,426,577,-151
109000138,559,133,426
109000139,759,458,301
109000140,309,366,-57
109000141,1258,550,708
109000142,242,365,-123
109000143,97,79,18
109000145,107,428,-321
109000146,23,79,-56
109000148,1849,1149,700
109000149,6,124,-118
109000150,87,278,-191
109000155,1203,822,381
109000156,1054,233,821
109000158,88,276,-188
109000159,136,533,-397
109000160,2085,274,1811
109000161,777,1131,-354
109000162,2453,385,2068
109000163,1713,1190,523
109000164,1912,1648,264
109000165,2130,595,1535
109000166,1824,92,1732
109000167,198,406,-208
109000170,55,41,14
109000171,105,25,80
109000172,14,44,-30
109000173,9,185,-176
109000174,271,23,248
109000175,154,252,-98
109000176,854,218,636
109000177,47,75,-28
109000178,1460,189,1271
109000179,2506,6663,-4157
109000180,3016,2915,101
109000181,36,4,32
109000182,53,10,43
109000183,94,20,74
109000184,56,5,51
109000185,50,43,7
109000188,253,1726,-1473
109000189,3439,1504,1935
109000190,1025,294,731
109000191,456,250,206
109000192,818,133,685
109000193,341,92,249
109000194,472,38,434
109000195,295,91,204
109000196,284,43,241
109000197,161,223,-62
109000198,442,38,404
109000199,209,292,-83
109000206,230,19,211
109000207,317,40,277
109000208,107,152,-45
109000209,146,143,3
109000210,301,400,-99
109000211,1540,412,1128
109000214,643,371,272
109000215,151,84,67
109000216,551,417,134
109000217,112,110,2
109000218,310,308,2
109000221,162,720,-558
109000222,739,214,525
109000223,739,385,354
109000224,94,18,76
109000225,347,26,321
109000226,79,147,-68
109000227,2683,345,2338
109000228,0,707,-707
109000231,0,117,-117
109000232,965,93,872
109000236,277,417,-140
109000241,1854,895,959
109000242,1318,592,726
109000293,142,154,-12
109000361,216,203,13
109000364,100,356,-256
109000396,0,244,-244
109000397,904,24,880
109000399,158,291,-133
109000400,125,281,-156
109000403,25,2204,-2179
109000406,853,1,852
109000407,225,137,88
109000408,0,393,-393
109000410,899,225,674
109000411,535,72,463
109000412,3,27,-24
109900001,173,0,173
109900002,1263,5,1258
109900003,676,1,675
109900005,18,5,13
109900006,713,63,650
109900007,1950,66,1884
109900008,0,34,-34
109900009,120,183,-63
109900010,826,25,801
109900011,34,71,-37
109900012,419,285,134
109900013,490,173,317
109900014,309,121,188
109900015,168,51,117
109900016,233,9,224
109900017,264,171,93
109900018,216,30,186
109900019,182,29,153
109900020,94,84,10
109900021,56,16,40
109900022,226,170,56
109900023,33,2,31
109900024,23,0,23
109900025,1,4,-3
109900027,69,33,36
109900028,365,2924,-2559
109900029,7,151,-144
109900030,79,6,73
109900031,0,390,-390
109900032,0,160,-160
109900033,3,506,-503
109900034,61,2,59
109900035,95,78,17
109900036,16,35,-19
109900037,9,243,-234
109900038,96,227,-131
109900039,14,0,14
109900040,17,249,-232
109900041,63,189,-126
109900042,12,549,-537
109900044,111,164,-53
109900045,86,20,66
109900046,348,74,274
109900047,157,150,7
109900048,1,37,-36
109900049,27,7,20
109900050,1,12,-11
109900051,0,16,-16
109900052,31,96,-65
109900053,1,30,-29
109900054,1273,61,1212
109900055,108,123,-15
109900056,11,483,-472
109900057,4,67,-63
109900058,0,43,-43
109900060,1136,84,1052
109900061,53,107,-54
109900062,0,53,-53
109900064,864,157,707
109900065,54,71,-17
109900066,131,359,-228
109900067,0,96,-96
109900068,38,2,36
109900069,3,1,2
109900071,1,6,-5
109900072,16,106,-90
109900073,460,94,366
109900074,0,12,-12
109900075,45,25,20
109900076,24,77,-53
109900077,9,28,-19
109900078,60,126,-66
109900080,130,82,48
109900081,0,155,-155
109900082,56,106,-50
109900083,8,37,-29
109900084,37,82,-45
109900085,56,264,-208
109900086,91,1319,-1228
109900087,23,309,-286
109900089,1132,154,978
109900092,195,49,146
109900093,1496,124,1372
109900094,96,95,1
109900095,41,98,-57
109900096,238,11,227
109900097,292,3,289
109900098,686,40,646
109900099,566,2,564
109900100,80,0,80
109900101,1195,6,1189
109900102,651,16,635
109900103,16,79,-63
109900104,1388,74,1314
109900105,741,24,717
109900106,428,29,399
109900107,639,52,587
109900108,138,142,-4
109900109,49,130,-81
109900111,35,203,-168
109900114,463,1789,-1326
109900115,204,111,93
109900117,1845,67,1778
109900121,185,220,-35
109900123,20,39,-19
109900125,1,70,-69
109900126,444,28,416
109900130,2658,4358,-1700
109900131,18,109,-91
109900132,8,47,-39
109900134,127,144,-17
109900135,218,15,203
109900137,371,248,123
109900140,244,53,191
109900149,11,12,-1
109900150,19,12,7
109900151,11,7,4
109900152,0,8,-8
109900153,0,55,-55
109900154,92,0,92
109900155,69,32,37
109900157,18,71,-53
109900159,227,38,189
109900161,291,55,236
109900162,328,95,233
109900163,331,136,195
109900164,75,227,-152
109900165,336,2,334
109900166,3,49,-46
109900167,174,212,-38
109900168,153,466,-313
109900169,233,180,53
109900170,228,1549,-1321
109900171,425,77,348
109900172,245,368,-123
109900173,1494,2533,-1039
109900174,66,75,-9
109900175,100,104,-4
109900176,245,88,157
109900177,55,77,-22
109900178,2,177,-175
109900179,0,14,-14
109900180,16,5,11
110000001,673,446,227
110000002,707,657,50
110000003,556,767,-211
110000004,427,467,-40
110000005,361,1991,-1630
110000006,429,293,136
110000007,128,98,30
110000008,36,292,-256
110000009,49,58,-9
110000010,56,81,-25
110000011,23,36,-13
110000012,624,143,481
110000013,71,1287,-1216
110000014,962,398,564
110000015,315,812,-497
110000016,341,2454,-2113
110000017,3119,334,2785
110000018,2812,246,2566
110000019,12,140,-128
110000020,1418,361,1057
110000021,210,462,-252
110000022,1221,63,1158
110000023,6,172,-166
110000024,484,413,71
110000025,1705,10,1695
110000026,3,237,-234
110000027,471,2374,-1903
110000028,1386,445,941
110000029,458,450,8
110000030,458,433,25
110000031,191,194,-3
110000032,1447,268,1179
110000033,155,327,-172
110000034,453,377,76
110000035,703,399,304
110000036,1672,454,1218
110000037,288,479,-191
110000038,593,639,-46
110000039,1221,7391,-6170
110000040,362,342,20
110000041,334,3057,-2723
110000042,100,696,-596
110000043,658,422,236
110000044,29,1091,-1062
110000045,94,254,-160
110000046,3,227,-224
110000047,8,155,-147
110000048,4,183,-179
110000049,7,29,-22
110000050,1,257,-256
110000051,39,13,26
110000052,61,28,33
110000053,24,20,4
110000054,103,646,-543
110000055,87,113,-26
110000056,65,193,-128
110000057,353,543,-190
110000058,865,372,493
110000059,682,445,237
110000060,1558,990,568
110000061,388,545,-157
110000062,533,955,-422
110000063,74,327,-253
110000064,63,43,20
110000065,185,238,-53
110000066,114,26,88
110000067,23,99,-76
110000068,347,49,298
110000069,828,23,805
110000071,850,52,798
110000073,26,0,26
110000075,6,66,-60
110000076,459,616,-157
110000077,275,1798,-1523
110000078,121,29,92
110000080,256,349,-93
110000081,94,195,-101
110000082,23,229,-206
110000083,303,286,17
110000084,1720,1018,702
110000085,683,880,-197
110000086,641,2440,-1799
110000087,18,121,-103
110000088,240,177,63
110000089,639,39,600
110000090,151,258,-107
110000091,840,176,664
110000092,7,34,-27
110000093,49,44,5
110000094,575,232,343
110000095,114,665,-551
110000096,1123,2593,-1470
110000097,791,1961,-1170
110000098,2299,869,1430
110000099,1112,1468,-356
110000100,2330,174,2156
110000101,169,121,48
110000102,131,27,104
110000104,415,147,268
110000105,39,241,-202
110000106,605,564,41
110000107,176,411,-235
110000108,141,166,-25
110000109,154,326,-172
110000110,1399,2783,-1384
110000111,2997,3082,-85
110000112,181,1275,-1094
110000113,62,3725,-3663
110000114,796,800,-4
110000115,931,235,696
110000116,88,52,36
110000117,462,184,278
110000118,768,63,705
110000119,615,212,403
110000120,451,174,277
110000121,71,399,-328
110000122,232,210,22
110000123,801,196,605
110000124,2,369,-367
110000125,822,3,819
110000126,246,13,233
110000127,1445,63,1382
110000128,24,437,-413
110000129,26,262,-236
110000130,483,221,262
110000131,21,275,-254
110000132,0,304,-304
110000133,36,590,-554
110000134,27,383,-356
110000135,216,31,185
110000136,62,289,-227
110000137,895,273,622
110000138,1047,484,563
110000139,2010,378,1632
110000140,1007,886,121
110000143,442,226,216
110000144,1582,1621,-39
110000145,1312,1146,166
110000146,1197,559,638
110000147,340,791,-451
110000148,805,148,657
110000151,393,2027,-1634
110000152,320,724,-404
110000153,239,5,234
110000154,25,48,-23
110000155,424,2202,-1778
110000156,873,1417,-544
110000157,991,1735,-744
110000160,542,263,279
110000161,192,167,25
110000166,1048,58,990
110000167,2110,813,1297
110000168,839,762,77
110000169,1011,336,675
110000170,269,108,161
110000171,722,86,636
110000172,517,445,72
110000173,632,626,6
110000174,177,387,-210
110000175,1420,84,1336
110000176,76,986,-910
110000177,228,1825,-1597
110000178,461,3818,-3357
110000179,973,290,683
110000180,395,239,156
110000181,1544,404,1140
110000182,297,110,187
110000183,4574,8914,-4340
110000184,295,4106,-3811
110000185,462,770,-308
110000186,474,1273,-799
110000191,1475,65,1410
110000192,657,8,649
110000193,1578,5,1573
110000194,1,417,-416
110000195,779,69,710
110000196,794,48,746
110000197,180,29,151
110000198,103,43,60
110000199,73,140,-67
110000200,604,449,155
110000201,958,1413,-455
110000202,1078,500,578
110000203,308,488,-180
110000204,5,196,-191
110000205,448,23,425
110000206,391,456,-65
110000207,1964,161,1803
110000208,172,311,-139
110000209,56,439,-383
110000210,2153,571,1582
110000211,962,749,213
110000212,506,1591,-1085
110000213,513,35,478
110000214,661,70,591
110000215,106,162,-56
110000216,141,136,5
110000217,744,99,645
110000218,334,126,208
110000219,540,38,502
110000220,68,64,4
110000221,878,8,870
110000222,93,76,17
110000223,7,77,-70
110000224,3,3,0
110000225,160,585,-425
110000226,506,37,469
110000227,606,884,-278
110000228,647,121,526
110000229,0,105,-105
110000230,781,669,112
110000231,353,478,-125
110000232,148,169,-21
110000233,95,478,-383
110000234,434,840,-406
110000235,945,987,-42
110000236,795,440,355
110000237,3357,1223,2134
110000238,919,1268,-349
110000239,1958,720,1238
110000240,0,4,-4
110000242,0,7,-7
110000243,222,52,170
110000244,79,229,-150
110000245,56,189,-133
110000246,1366,284,1082
110000247,815,2444,-1629
110000248,833,826,7
110000249,244,3,241
110000250,4,92,-88
110000251,558,157,401
110000252,456,188,268
110000253,2286,329,1957
110000254,511,479,32
110000255,94,510,-416
110000256,496,206,290
110000257,387,194,193
110000258,5,296,-291
110000259,494,11,483
110000260,87,134,-47
110000263,643,17,626
110000264,934,188,746
110000265,1365,1573,-208
110000266,856,1803,-947
110000267,38,66,-28
110000268,245,152,93
110000269,2,23,-21
110000270,95,2,93
110000271,1335,178,1157
110000272,1074,820,254
110000273,1180,816,364
110000274,176,4214,-4038
110000275,1448,827,621
110000276,293,989,-696
110000277,301,338,-37
110000278,381,566,-185
110000279,717,634,83
110000280,857,620,237
110000281,133,196,-63
110000282,218,24,194
110000283,17,38,-21
110000284,10,15,-5
110000285,0,221,-221
110000286,0,0,0
110000287,123,2,121
110000288,2,62,-60
110000289,403,3579,-3176
110000290,368,704,-336
110000291,3286,844,2442
110000292,852,8626,-7774
110000293,717,341,376
110000294,2126,1907,219
110000295,152,573,-421
110000296,1080,187,893
110000297,2544,143,2401
110000298,130,327,-197
110000299,132,38,94
110000301,605,19,586
110000302,645,1010,-365
110000303,575,7,568
110000304,204,225,-21
110000305,1702,23,1679
110000306,304,831,-527
110000307,2430,5,2425
110000308,502,4,498
110000309,0,542,-542
110000310,1044,15,1029
110000311,6,468,-462
110000312,648,35,613
110000313,1593,1633,-40
110000314,0,128,-128
110000315,1363,1231,132
110000316,458,727,-269
110000317,78,1586,-1508
110000318,3,55,-52
110000319,39,16,23
110000320,14,47,-33
110000321,53,45,8
110000322,277,290,-13
110000323,640,166,474
110000324,2447,1381,1066
110000325,1221,5091,-3870
110000327,271,165,106
110000328,104,468,-364
110000333,1567,1634,-67
110000334,289,1119,-830
110000335,532,362,170
110000336,488,1466,-978
110000337,2045,632,1413
110000338,611,301,310
110000339,457,351,106
110000340,23,238,-215
110000341,885,286,599
110000342,78,0,78
110000343,0,6,-6
110000344,56,359,-303
110000345,109,369,-260
110000346,1177,1673,-496
110000347,1420,666,754
110000348,34,18,16
110000349,46,36,10
110000350,136,4,132
110000351,1416,439,977
110000352,825,2157,-1332
110000353,2460,311,2149
110000354,1070,5668,-4598
110000355,177,31,146
110000356,595,0,595
110000357,732,1,731
110000361,8,15,-7
110000362,186,5,181
110000363,1016,92,924
110000364,408,259,149
110000365,140,0,140
110000366,0,128,-128
110000367,722,91,631
110000368,1,63,-62
110000369,117,2,115
110000373,2,240,-238
110000374,157,23,134
110000375,121,1043,-922
110000376,18,34,-16
110000377,78,345,-267
110000378,6,347,-341
110000379,1758,3670,-1912
110000380,106,0,106
110000383,0,555,-555
110000384,914,179,735
110000385,0,151,-151
110000387,127,3,124
110000388,54,90,-36
110000389,1062,25,1037
110000391,1093,164,929
110000396,388,71,317
110000397,210,41,169
110000398,27,14,13
110000399,373,0,373
110000587,293,158,135
110000589,224,151,73
110000640,199,12,187
110000652,8,517,-509
110000653,577,168,409
110000654,9,467,-458
110000656,0,181,-181
110000674,22,6,16
110000675,27,24,3
110000676,0,14,-14
110000679,122,1158,-1036
110000682,114,281,-167
110000683,262,317,-55
110000684,1,26,-25
110000685,6,14,-8
110000686,0,72,-72
110000687,10,3,7
110000688,58,1685,-1627
110000689,63,34,29
110000692,13,268,-255
110000693,31,805,-774
110000694,0,148,-148
110000695,123,622,-499
110000696,38,45,-7
110000698,91,410,-319
110000699,83,273,-190
110900001,434,6,428
110900002,374,319,55
110900003,1634,207,1427
110900004,731,29,702
110900005,1186,5583,-4397
110900006,147,55,92
110900007,382,100,282
110900008,10,9,1
110900009,340,678,-338
110900010,25,17,8
110900011,40,143,-103
110900012,35,25,10
110900013,1342,81,1261
110900014,629,39,590
110900015,205,661,-456
110900016,66,51,15
110900017,718,36,682
110900018,308,28,280
110900019,712,22,690
110900020,341,154,187
110900021,91,282,-191
110900022,75,111,-36
110900023,30,467,-437
110900024,86,137,-51
110900025,21,43,-22
110900027,43,48,-5
110900028,27,59,-32
110900029,27,96,-69
110900030,49,156,-107
110900031,19,166,-147
110900032,1,29,-28
110900033,32,136,-104
110900035,38,436,-398
110900036,203,6,197
110900037,219,3,216
110900038,332,60,272
110900039,6,254,-248
110900040,180,7,173
110900041,4,33,-29
110900042,137,44,93
110900043,2,22,-20
110900044,90,5,85
110900045,90,188,-98
110900046,12,116,-104
110900047,105,602,-497
110900049,169,88,81
110900050,44,2,42
110900052,30,140,-110
110900053,181,6,175
110900054,49,109,-60
110900055,14,1,13
110900056,42,77,-35
110900057,8,125,-117
110900058,467,45,422
110900059,259,103,156
110900060,246,143,103
110900061,8,15,-7
110900062,250,25,225
110900063,18,58,-40
110900064,13,0,13
110900065,50,152,-102
110900066,2,54,-52
110900067,69,643,-574
110900068,244,96,148
110900069,3,13,-10
110900070,217,66,151
110900071,61,959,-898
110900073,0,15,-15
110900074,761,71,690
110900075,469,52,417
110900077,1726,407,1319
110900078,181,13,168
110900079,913,1501,-588
110900080,225,78,147
110900081,12,23,-11
110900082,333,91,242
110900083,149,41,108
110900084,154,33,121
110900085,21,116,-95
110900086,83,226,-143
110900087,379,151,228
110900088,7,4,3
110900090,28,98,-70
110900091,1,12,-11
110900093,181,118,63
110900095,88,13,75
110900097,56,14,42
110900098,35,85,-50
110900099,26,203,-177
110900100,0,1,-1
110900102,93,6,87
110900105,1283,73,1210
110900108,45,15,30
110900111,391,43,348
110900112,695,3,692
110900113,275,136,139
110900115,7,63,-56
110900116,1631,469,1162
110900118,90,4900,-4810
110900119,1165,101,1064
110900120,247,57,190
110900121,126,3,123
110900122,609,150,459
110900125,373,993,-620
110900127,180,1424,-1244
110900128,145,664,-519
110900129,119,962,-843
110900130,296,518,-222
110900131,339,88,251
110900132,673,48,625
110900133,69,151,-82
110900135,41,122,-81
110900136,461,41,420
110900138,0,0,0
110900139,3,0,3
110900140,0,0,0
110900141,216,498,-282
110900142,63,60,3
110900143,272,28,244
110900144,0,134,-134
110900145,156,82,74
110900146,160,334,-174
110900147,46,249,-203
110900148,0,176,-176
110900149,1,25,-24
110900150,23,8,15
110900151,6,20,-14
110900152,69,32,37
110900153,266,48,218
111000001,2232,1367,865
111000002,871,522,349
111000003,4117,2001,2116
111000004,1453,1397,56
111000005,2078,2848,-770
111000006,1313,2779,-1466
111000007,4731,8577,-3846
111000008,4084,4094,-10
111000009,556,1305,-749
111000010,1499,290,1209
111000011,182,932,-750
111000012,411,400,11
111000013,667,1030,-363
111000014,2941,510,2431
111000017,28,754,-726
111000018,79,319,-240
111000020,401,831,-430
111000021,23,84,-61
111000023,97,115,-18
111000025,3568,4334,-766
111000029,173,63,110
111000030,39,83,-44
111000031,1577,446,1131
111000032,517,287,230
111000033,180,88,92
111000034,57,291,-234
111000037,1259,495,764
111000038,2096,2308,-212
111000039,1746,1912,-166
111000040,1477,1149,328
111000041,631,590,41
111000042,2489,2682,-193
111000043,2306,7967,-5661
111000044,2064,741,1323
111000045,3941,2295,1646
111000046,2958,1926,1032
111000047,3255,7758,-4503
111000049,401,546,-145
111000050,888,684,204
111000051,589,682,-93
111000052,519,1270,-751
111000053,208,582,-374
111000054,254,473,-219
111000055,971,1138,-167
111000056,186,413,-227
111000057,151,214,-63
111000058,895,47,848
111000059,888,239,649
111000060,6881,1016,5865
111000061,826,480,346
111000062,1589,617,972
111000063,1691,1262,429
111000064,1268,519,749
111000065,1651,1009,642
111000066,1002,467,535
111000067,1793,330,1463
111000068,1199,400,799
111000069,1331,1435,-104
111000070,765,491,274
111000071,162,230,-68
111000072,1904,772,1132
111000073,257,2118,-1861
111000074,1952,1382,570
111000075,720,509,211
111000076,1154,608,546
111000077,954,962,-8
111000078,1625,527,1098
111000079,779,700,79
111000080,791,538,253
111000081,1651,7758,-6107
111000082,1352,598,754
111000084,1171,468,703
111000085,1290,856,434
111000086,1655,977,678
111000087,917,298,619
111000088,4077,5799,-1722
111000089,955,520,435
111000090,458,730,-272
111000091,710,294,416
111000092,2531,666,1865
111000093,1193,1325,-132
111000094,2341,1455,886
111000095,1283,3342,-2059
111000096,736,9414,-8678
111000097,2549,844,1705
111000098,336,600,-264
111000099,359,928,-569
111000100,480,890,-410
111000101,420,724,-304
111000102,235,361,-126
111000104,1059,218,841
111000107,77,598,-521
111000109,1087,186,901
111000110,1740,656,1084
111000111,4892,280,4612
111000112,3460,265,3195
111000113,783,2625,-1842
111000114,1091,6668,-5577
111000115,2734,900,1834
111000116,1019,772,247
111000117,320,782,-462
111000118,825,555,270
111000119,2182,615,1567
111000120,791,777,14
111000121,357,957,-600
111000122,367,606,-239
111000123,1233,1362,-129
111000124,402,1973,-1571
111000125,369,751,-382
111000126,96,388,-292
111000127,1692,152,1540
111000128,4023,344,3679
111000129,4766,540,4226
111000130,4215,452,3763
111000131,4103,535,3568
111000132,2871,2278,593
111000133,190,68,122
111000134,274,46,228
111000135,111,159,-48
111000136,581,292,289
111000138,36,6,30
111000140,10,2,8
111000141,194,551,-357
111000142,3,82,-79
111000143,2,250,-248
111000144,36,1178,-1142
111000145,52,7,45
111000146,125,4,121
111000147,139,27,112
111000148,134,124,10
111000149,2,18,-16
111000150,56,13,43
111000151,15,10,5
111000153,450,340,110
111000154,422,269,153
111000155,169,98,71
111000156,836,312,524
111000157,272,447,-175
111000158,765,560,205
111000159,2703,1353,1350
111000160,361,335,26
111000161,8,346,-338
111000162,4,48,-44
111000163,1482,803,679
111000164,507,3292,-2785
111000165,695,161,534
111000166,253,84,169
111000167,133,281,-148
111000168,274,345,-71
111000169,346,340,6
111000170,264,303,-39
111000171,457,496,-39
111000172,260,344,-84
111000173,380,909,-529
111000174,537,168,369
111000175,71,214,-143
111000176,755,19,736
111000177,1515,135,1380
111000178,2820,153,2667
111000179,777,98,679
111000180,349,410,-61
111000181,2951,152,2799
111000182,369,125,244
111000183,349,287,62
111000184,447,170,277
111000185,479,263,216
111000186,352,237,115
111000187,257,107,150
111000188,735,314,421
111000189,342,365,-23
111000190,312,207,105
111000191,176,135,41
111000192,88,232,-144
111000193,516,148,368
111000194,72,167,-95
111000195,110,247,-137
111000196,142,67,75
111000197,1188,127,1061
111000198,1028,83,945
111000199,497,400,97
111000200,926,592,334
111000201,1241,74,1167
111000202,954,100,854
111000203,742,380,362
111000204,449,2688,-2239
111000213,296,608,-312
111000214,1653,990,663
111000215,1292,914,378
111000217,1916,345,1571
111000218,2679,833,1846
111000219,273,207,66
111000220,723,520,203
111000221,294,74,220
111000224,74,178,-104
111000225,865,435,430
111000226,138,3,135
111000227,22,8,14
111000228,9,748,-739
111000229,26,1606,-1580
111000230,252,95,157
111000231,1300,299,1001
111000232,1057,641,416
111000233,2145,593,1552
111000234,297,943,-646
111000239,76,55,21
111000240,97,551,-454
111000241,79,136,-57
111000242,389,57,332
111000243,197,248,-51
111000244,1510,141,1369
111000245,912,331,581
111000246,846,124,722
111000247,757,290,467
111000248,960,228,732
111000249,692,158,534
111000250,140,32,108
111000251,86,27,59
111000253,47,25,22
111000255,134,10,124
111000257,71,29,42
111000260,62,529,-467
111000261,1947,61,1886
111000271,56,294,-238
111000273,4280,1301,2979
111000274,1743,3438,-1695
111000275,268,56,212
111000276,210,840,-630
111000277,394,256,138
111000278,320,127,193
111000291,3145,17739,-14594
111000298,580,215,365
111000299,927,174,753
111000300,78,452,-374
111000302,376,59,317
111000303,244,168,76
111000312,78,40,38
111000315,8,48,-40
111000320,145,202,-57
111000321,444,128,316
111000322,636,115,521
111000323,423,54,369
111000324,302,152,150
111000325,37,40,-3
111000326,291,220,71
111000327,512,181,331
111000328,395,777,-382
111000329,1,61,-60
111000330,160,3,157
111000331,19,7,12
111000332,546,806,-260
111000334,261,892,-631
111000335,1461,123,1338
111000337,2403,153,2250
111000338,157,121,36
111000339,948,223,725
111000340,122,565,-443
111000341,2581,1313,1268
111000342,46,800,-754
111000344,1565,423,1142
111000345,37,82,-45
111000346,21,169,-148
111000347,279,2,277
111000350,220,107,113
111000351,181,351,-170
111000352,348,161,187
111000353,134,185,-51
111000354,614,194,420
111000355,498,519,-21
111000358,129,708,-579
111000360,170,319,-149
111000361,209,83,126
111000546,1442,275,1167
111000547,516,225,291
111000548,389,182,207
111000549,225,136,89
111000550,65,1163,-1098
111000551,259,87,172
111000552,498,168,330
111000907,2787,102,2685
111000908,316,0,316
111000916,2976,126,2850
111000917,66,289,-223
111000918,220,416,-196
111000920,1351,9,1342
111000921,19,90,-71
111000922,1221,139,1082
111000924,41,305,-264
111000925,6854,2444,4410
111000926,1368,1000,368
111000927,2543,5946,-3403
111000928,2914,1345,1569
111000929,2392,963,1429
111000930,1404,1232,172
111000931,2187,1787,400
111000932,2049,969,1080
111000933,3926,3930,-4
111000934,1132,1516,-384
111000935,4214,1532,2682
111000936,1339,1102,237
111000937,1774,1704,70
111000938,1055,836,219
111000939,1036,17,1019
111000940,1250,33,1217
111000941,393,212,181
111000943,813,232,581
111000944,277,157,120
111000945,375,576,-201
111001109,575,962,-387
111001110,203,363,-160
111001111,207,8,199
111001112,43,3,40
111001113,1,1008,-1007
111001114,719,347,372
111001115,24,2128,-2104
111001116,1803,7462,-5659
111001117,740,2938,-2198
111001120,122,133,-11
111001121,129,83,46
111001122,294,129,165
111001123,441,270,171
111001124,185,57,128
111001125,21,765,-744
111001126,6,0,6
111001127,0,27,-27
111001128,1660,406,1254
111001129,4,1126,-1122
111900001,0,38,-38
111900002,0,85,-85
111900003,0,67,-67
111900004,8,29,-21
111900006,16,172,-156
111900007,422,10,412
111900008,649,3,646
111900009,382,11,371
111900010,52,238,-186
111900012,10,54,-44
111900013,32,4,28
111900014,1401,8992,-7591
111900015,0,16,-16
111900016,10,53,-43
111900017,1,15,-14
111900018,147,35,112
111900019,5,101,-96
111900020,0,25,-25
111900021,7,21,-14
111900022,5,24,-19
111900023,68,37,31
111900024,676,131,545
111900025,0,163,-163
111900026,0,15,-15
111900027,1,37,-36
111900028,2,34,-32
111900029,8,8,0
111900030,18,227,-209
111900032,0,35,-35
111900033,46,18,28
111900034,37,162,-125
111900035,93,231,-138
111900036,0,51,-51
111900038,69,212,-143
111900039,22,87,-65
111900040,1,59,-58
111900042,2,57,-55
111900043,2,92,-90
111900044,39,142,-103
111900046,10,61,-51
111900048,514,93,421
111900049,9,126,-117
111900050,222,11,211
111900051,0,36,-36
111900052,60,96,-36
111900053,494,3452,-2958
111900054,332,7,325
111900055,1,99,-98
111900056,120,466,-346
111900057,350,44,306
111900058,905,224,681
111900059,1289,665,624
111900060,301,10,291
111900061,1,61,-60
111900062,103,71,32
111900063,371,63,308
111900064,30,92,-62
111900065,366,31,335
111900066,133,177,-44
111900067,2,137,-135
111900068,29,143,-114
111900069,133,17,116
111900070,317,34,283
111900071,0,65,-65
111900072,71,70,1
111900073,1736,153,1583
111900074,1,149,-148
111900075,97,7,90
111900076,555,48,507
111900077,47,13,34
111900078,637,56,581
111900079,93,57,36
111900080,96,153,-57
111900082,427,37,390
111900083,482,89,393
111900084,262,5,257
111900085,64,86,-22
111900086,148,12,136
111900087,84,3,81
111900088,1257,69,1188
111900089,55,1,54
111900090,59,52,7
111900091,1299,18,1281
111900092,171,13,158
111900093,875,21,854
111900094,82,0,82
111900095,513,33,480
111900096,483,4,479
111900097,182,0,182
111900098,527,7,520
111900099,47,0,47
111900100,133,3,130
111900101,213,3,210
111900102,979,226,753
111900103,68,174,-106
111900104,99,45,54
111900105,114,241,-127
111900106,203,24,179
111900110,964,211,753
111900111,169,1,168
111900112,252,7156,-6904
111900113,163,102,61
111900118,772,48,724
111900119,279,76,203
111900122,42,50,-8
111900123,18,25,-7
111900124,26,14,12
111900125,839,73,766
111900126,662,1,661
111900127,1,157,-156
111900128,14,216,-202
111900129,263,2,261
111900130,147,34,113
111900131,781,1,780
111900132,20,286,-266
111900133,35,114,-79
111900134,1,123,-122
111900135,7,23,-16
111900136,43,110,-67
111900137,34,8,26
111900138,12,24,-12
111900139,25,40,-15
111900140,263,36,227
111900141,137,11,126
111900142,194,18,176
111900143,97,28,69
111900144,7,49,-42
111900145,15,104,-89
111900146,0,28,-28
111900147,32,252,-220
111900148,8,227,-219
111900149,7,96,-89
111900150,23,48,-25
111900151,4,55,-51
111900152,92,76,16
111900153,437,683,-246
111900154,21,956,-935
111900155,45,306,-261
111900156,71,65,6
111900157,213,16,197
111900158,915,93,822
111900159,857,75,782
111900160,463,3,460
111900161,684,1,683
111900162,196,624,-428
111900163,23,138,-115
111900164,202,36,166
111901113,1003,56,947
111901114,302,176,126
111901115,432,3,429
111901116,103,2,101
111901117,12,127,-115
111901118,4,775,-771
111901119,144,13,131
111901121,13,25,-12
111901122,5,53,-48
111901123,648,45,603
111901124,346,5,341
111901125,1420,200,1220
111901127,363,1440,-1077
111901128,3,24,-21
111901129,1,157,-156
111901130,2,20,-18
111901131,5,264,-259
111901132,259,66,193
111901133,183,4,179
111901134,244,2,242
111901135,61,2,59
111901138,6,24,-18
111901139,1,18,-17
111901140,3,34,-31
111901141,1,73,-72
111901142,2,36,-34
111901143,1,88,-87
111901144,60,49,11
111901145,43,743,-700
111901146,21,3,18
111901147,299,2,297
111901148,10,132,-122
111901149,41,2,39
111901150,230,0,230
111901151,377,0,377
111901152,4,21,-17
112000001,2604,958,1646
112000002,1035,1992,-957
112000003,3942,1264,2678
112000004,1301,287,1014
112000005,5030,5757,-727
112000006,540,503,37
112000007,5175,4136,1039
112000008,4690,4939,-249
112000009,3326,1359,1967
112000010,5038,5850,-812
112000011,1856,1061,795
112000012,3742,5511,-1769
112000013,1608,2762,-1154
112000014,889,4482,-3593
112000015,920,3602,-2682
112000016,2271,4331,-2060
112000017,333,4789,-4456
112000024,570,168,402
112000026,1572,1417,155
112000027,646,1065,-419
112000028,702,957,-255
112000029,586,685,-99
112000030,280,18,262
112000031,1501,3706,-2205
112000032,113,9,104
112000033,1340,4833,-3493
112000034,67,29,38
112000035,33,1256,-1223
112000036,141,1873,-1732
112000037,607,967,-360
112000038,928,1550,-622
112000039,94,57,37
112000040,63,160,-97
112000041,425,268,157
112000042,1228,198,1030
112000050,1321,1412,-91
112000051,1362,4102,-2740
112000054,1263,1280,-17
112000057,760,114,646
112000058,178,269,-91
112000059,769,405,364
112000061,2874,613,2261
112000062,605,1625,-1020
112000063,216,3537,-3321
112000064,2702,2635,67
112000065,1029,1880,-851
112000066,3101,1391,1710
112000067,513,505,8
112000068,3271,2741,530
112000069,500,1770,-1270
112000070,1192,970,222
112000071,1049,1701,-652
112000072,2653,784,1869
112000073,986,4099,-3113
112000074,979,2746,-1767
112000075,1371,2149,-778
112000076,3205,2631,574
112000077,1441,332,1109
112000078,2818,509,2309
112000079,2340,1020,1320
112000080,879,484,395
112000081,784,1492,-708
112000082,1457,391,1066
112000083,833,1006,-173
112000084,1006,604,402
112000085,2061,1040,1021
112000086,1901,774,1127
112000087,1046,221,825
112000088,1008,194,814
112000089,294,217,77
112000090,174,138,36
112000091,644,399,245
112000092,2785,793,1992
112000093,1745,431,1314
112000094,927,784,143
112000095,1104,263,841
112000096,762,642,120
112000097,2942,685,2257
112000098,251,483,-232
112000099,584,2709,-2125
112000100,2629,711,1918
112000101,627,292,335
112000102,2335,508,1827
112000103,419,299,120
112000105,760,470,290
112000106,4363,403,3960
112000107,312,149,163
112000108,1428,671,757
112000109,665,98,567
112000110,2879,710,2169
112000111,395,2014,-1619
112000112,2365,462,1903
112000113,803,639,164
112000114,2662,873,1789
112000115,507,270,237
112000116,569,516,53
112000117,1692,632,1060
112000118,603,812,-209
112000119,418,446,-28
112000120,47,116,-69
112000121,191,178,13
112000122,718,108,610
112000123,1133,190,943
112000124,809,188,621
112000125,516,455,61
112000126,1103,190,913
112000127,2306,2208,98
112000128,544,413,131
112000129,148,55,93
112000130,484,143,341
112000131,55,134,-79
112000132,322,157,165
112000133,541,63,478
112000134,914,215,699
112000135,1641,813,828
112000136,917,912,5
112000137,1945,1808,137
112000138,1258,748,510
112000139,512,865,-353
112000140,254,803,-549
112000141,1319,554,765
112000142,166,277,-111
112000143,1753,193,1560
112000144,311,503,-192
112000145,3751,412,3339
112000146,594,726,-132
112000147,3287,1348,1939
112000148,789,1004,-215
112000149,562,493,69
112000150,864,243,621
112000151,489,118,371
112000152,1247,255,992
112000153,165,135,30
112000154,211,554,-343
112000155,170,157,13
112000157,416,1448,-1032
112000158,365,229,136
112000159,1386,303,1083
112000167,409,181,228
112000169,233,1753,-1520
112000173,1431,194,1237
112000175,656,302,354
112000176,711,923,-212
112000177,1135,395,740
112000178,58,259,-201
112000179,530,54,476
112000180,501,276,225
112000181,940,721,219
112000182,2350,309,2041
112000183,50,15,35
112000184,537,202,335
112000185,1875,200,1675
112000187,5135,2600,2535
112000195,254,1,253
112000196,51,1,50
112000197,63,101,-38
112000198,24,165,-141
112000199,516,451,65
112000202,732,1,731
112000216,53,186,-133
112000230,232,2,230
112000231,1,93,-92
112000256,95,684,-589
112000313,32,43,-11
112000314,39,51,-12
112000337,218,1043,-825
112000352,119,373,-254
112000392,3276,606,2670
112000398,2947,688,2259
112000399,1324,10819,-9495
112000400,1092,1023,69
112000401,1027,914,113
112000402,5009,5281,-272
112000403,1293,11458,-10165
112000404,2047,1488,559
112000405,4478,3628,850
112000406,2180,754,1426
112000407,11840,7387,4453
112000408,4119,1817,2302
112000409,1242,1229,13
112000410,219,346,-127
112000411,1676,1607,69
112000412,374,161,213
112000413,2862,5717,-2855
112000414,267,23,244
112000415,145,20,125
112000416,5532,1058,4474
112000417,477,141,336
112000421,90,48,42
112000422,271,263,8
112000424,1400,4295,-2895
112000425,187,218,-31
112000426,561,350,211
112000427,0,18,-18
112000428,398,115,283
112000429,2432,2417,15
112000430,3322,5370,-2048
112000431,252,272,-20
112000432,735,693,42
112000433,324,456,-132
112000437,54,65,-11
112900001,82,7,75
112900002,986,135,851
112900003,62,38,24
112900004,43,119,-76
112900005,468,80,388
112900007,20,17,3
112900008,0,161,-161
112900009,303,220,83
112900010,532,163,369
112900011,32,191,-159
112900012,1,7,-6
112900013,1,203,-202
112900014,10,36,-26
112900015,74,301,-227
112900016,8,66,-58
112900017,69,80,-11
112900018,927,112,815
112900019,11,97,-86
112900020,256,486,-230
112900021,1,80,-79
112900022,14,14,0
112900023,8,11,-3
112900024,38,58,-20
112900025,127,64,63
112900026,2,16,-14
112900027,1,250,-249
112900028,4,74,-70
112900029,18,39,-21
112900030,27,18,9
112900031,1,238,-237
112900032,163,248,-85
112900034,2,9,-7
112900035,2,82,-80
112900036,7,76,-69
112900037,444,419,25
112900038,662,68,594
112900039,5,98,-93
112900040,1,446,-445
112900041,503,627,-124
112900042,51,138,-87
112900043,24,33,-9
112900044,206,113,93
112900045,133,64,69
112900046,78,45,33
112900047,5,23,-18
112900049,515,22,493
112900050,24,226,-202
112900051,69,194,-125
112900052,6,266,-260
112900053,139,283,-144
112900054,123,87,36
112900055,41,24,17
112900056,349,219,130
112900057,70,167,-97
112900058,213,800,-587
112900059,80,975,-895
112900060,37,40,-3
112900061,86,109,-23
112900062,71,37,34
112900063,14,14,0
112900064,51,75,-24
112900065,5,20,-15
112900066,161,351,-190
112900067,286,31,255
112900068,23,139,-116
112900069,1892,1669,223
112900071,52,9,43
112900072,48,7183,-7135
112900073,318,230,88
112900074,176,573,-397
112900075,690,2096,-1406
112900076,46,27,19
112900078,225,881,-656
112900079,229,13,216
112900080,360,3,357
112900081,23,648,-625
112900082,408,36,372
112900083,306,244,62
112900084,480,409,71
112900086,241,1,240
112900087,2119,201,1918
112900088,395,3,392
112900089,611,17,594
112900090,91,88,3
112900091,536,6,530
112900092,33,1286,-1253
112900093,1070,25,1045
112900095,134,1,133
112900096,977,253,724
112900097,78,90,-12
112900098,127,0,127
112900099,1617,17,1600
112900100,162,2,160
112900101,530,8,522
112900102,74,56,18
112900103,298,8,290
112900104,1238,1,1237
112900105,10,0,10
112900106,824,165,659
112900107,5,2,3
112900108,0,0,0
112900109,336,0,336
112900110,2100,18,2082
112900111,1219,4,1215
112900112,572,2,570
112900113,0,1,-1
112900114,675,13,662
112900115,2420,14,2406
112900116,112,1,111
112900117,81,10,71
112900118,5,26,-21
112900119,394,5,389
112900120,395,149,246
112900121,33,30,3
112900122,3,24,-21
112900123,643,41,602
112900124,1,20,-19
112900125,11,149,-138
112900126,46,62,-16
112900127,601,45,556
112900128,62,258,-196
112900129,3,468,-465
112900130,252,115,137
112900131,13,249,-236
112900132,116,356,-240
112900133,2,622,-620
112900134,0,365,-365
112900135,119,53,66
112900137,15,255,-240
112900138,6,42,-36
112900139,15,329,-314
112900141,692,27,665
112900142,72,456,-384
112900143,3,246,-243
112900144,26,418,-392
112900145,3,251,-248
112900146,8,272,-264
112900147,2,421,-419
112900148,41,3,38
112900149,82,252,-170
112900151,0,24,-24
112900152,2225,185,2040
112900153,130,6640,-6510
112900154,0,30,-30
112900155,131,11,120
112900156,1291,292,999
112900157,420,18,402
112900158,133,1,132
112900159,115,400,-285
112900160,23,177,-154
112900161,212,48,164
112900162,8,16,-8
112900163,16,66,-50
112900164,59,302,-243
112900165,43,36,7
112900166,13,72,-59
112900167,3,246,-243
112900168,1,5,-4
112900169,1,28,-27
112900170,133,72,61
112900172,25,27,-2
112900173,70,60,10
112900174,459,21,438
112900175,168,293,-125
112900176,36,33,3
112900177,309,95,214
112900178,553,4156,-3603
112900179,20,176,-156
112900180,2436,1107,1329
112900181,1591,9,1582
112900182,113,221,-108
112900183,54,148,-94
112900184,329,327,2
112900185,64,399,-335
112900186,655,690,-35
112900187,57,299,-242
112900188,605,2298,-1693
112900189,24,3,21
112900190,16,42,-26
112900192,386,412,-26
112900193,648,214,434
112900194,60,1,59
112900195,426,38,388
112900196,503,325,178
112900197,66,276,-210
112900199,556,41,515
112900200,586,27,559
112900201,146,162,-16
112900202,551,318,233
112900203,452,37,415
112900204,382,286,96
112900205,5,0,5
112900206,20,26,-6
112900207,22,0,22
112900208,62,1136,-1074
112900209,83,129,-46
112900210,0,0,0
112900211,113,3,110
112900212,0,16,-16
112900213,74,1,73
112900214,10,8,2
112900215,7,26,-19
112900216,36,30,6
112900217,0,17,-17
112900218,123,1,122
112900219,208,1,207
112900220,0,0,0
112900221,3,70,-67
112900222,0,47,-47
112900223,816,10,806
112900224,1001,104,897
112900225,695,134,561
112900226,68,235,-167
112900227,389,33,356
112900228,117,21,96
112900229,513,14,499
112900230,7928,2058,5870
112900232,294,176,118
112900233,87,107,-20
112900234,36,1,35
112900235,22,4,18
112900236,1082,7,1075
112900237,1129,141,988
112900238,2,2,0
112900239,409,764,-355
112900240,5,18,-13
112900241,9,53,-44
112900242,21,131,-110
112900243,38,31,7
112900244,9,46,-37
112900245,0,86,-86
112900246,0,3,-3
112900247,80,52,28
112900248,2,0,2
112900249,41,6,35
112900250,173,7,166
112900251,303,2,301
112900252,333,11,322
112900253,245,0,245
112900254,29,27,2
112900255,7,48,-41
112900256,16,48,-32
112900257,11,28,-17
112900258,83,2,81
113000001,5938,4518,1420
113000002,7548,3791,3757
113000003,3306,1834,1472
113000004,3680,1731,1949
113000005,2849,1891,958
113000006,1814,1798,16
113000007,3150,1855,1295
113000008,2616,1928,688
113000009,2266,629,1637
113000010,2155,1157,998
113000011,2197,986,1211
113000012,1241,732,509
113000013,559,581,-22
113000014,1020,1304,-284
113000015,120,127,-7
113000016,369,418,-49
113000017,53,666,-613
113000018,449,42,407
113000019,56,457,-401
113000020,354,90,264
113000021,1932,1299,633
113000022,1044,4792,-3748
113000025,197,339,-142
113000026,710,828,-118
113000027,627,1522,-895
113000028,311,2566,-2255
113000029,734,763,-29
113000030,221,486,-265
113000031,201,243,-42
113000032,129,303,-174
113000033,240,290,-50
113000034,202,120,82
113000035,19,27,-8
113000036,13,59,-46
113000037,51,23,28
113000038,7,44,-37
113000039,54,268,-214
113000040,77,115,-38
113000042,1069,701,368
113000051,2887,3631,-744
113000052,3155,421,2734
113000053,958,509,449
113000054,1104,1105,-1
113000055,3178,445,2733
113000056,2736,982,1754
113000058,390,1111,-721
113000059,735,284,451
113000060,541,720,-179
113000061,762,995,-233
113000062,548,460,88
113000063,554,47,507
113000064,235,115,120
113000065,210,389,-179
113000066,1290,140,1150
113000067,3477,620,2857
113000068,696,358,338
113000069,885,404,481
113000070,2650,534,2116
113000071,819,372,447
113000072,1246,233,1013
113000073,439,1232,-793
113000074,959,384,575
113000075,1713,647,1066
113000076,469,4111,-3642
113000077,487,692,-205
113000078,351,1440,-1089
113000079,440,882,-442
113000080,663,776,-113
113000081,829,833,-4
113000082,931,500,431
113000083,643,843,-200
113000084,1942,743,1199
113000085,1038,728,310
113000086,904,1399,-495
113000087,1036,1325,-289
113000088,1946,1545,401
113000089,971,1888,-917
113000090,107,714,-607
113000091,281,413,-132
113000094,1867,518,1349
113000095,415,881,-466
113000096,240,1180,-940
113000097,1459,475,984
113000098,76,69,7
113000099,1183,569,614
113000100,209,599,-390
113000101,161,806,-645
113000102,840,587,253
113000103,4985,367,4618
113000104,787,3805,-3018
113000105,1415,558,857
113000106,773,311,462
113000107,1608,1161,447
113000108,1354,1150,204
113000109,820,1486,-666
113000110,8897,1037,7860
113000111,565,400,165
113000112,1062,323,739
113000113,2947,299,2648
113000114,209,715,-506
113000116,400,290,110
113000117,689,95,594
113000118,36,955,-919
113000119,353,235,118
113000120,31,369,-338
113000121,341,730,-389
113000124,523,202,321
113000125,23,1195,-1172
113000127,1552,188,1364
113000128,2304,158,2146
113000129,304,744,-440
113000133,3702,530,3172
113000134,2,1687,-1685
113000135,5520,4640,880
113000137,746,2270,-1524
113000139,236,96,140
113000140,28,96,-68
113000141,47,97,-50
113000142,113,337,-224
113000143,344,98,246
113000144,200,203,-3
113000145,85,127,-42
113000146,127,57,70
113000147,198,52,146
113000148,249,86,163
113000149,180,151,29
113000150,343,275,68
113000151,61,18,43
113000152,59,219,-160
113000153,897,154,743
113000154,394,1930,-1536
113000155,355,655,-300
113000156,167,175,-8
113000157,307,293,14
113000158,537,114,423
113000159,826,184,642
113000160,615,255,360
113000161,613,115,498
113000162,761,76,685
113000163,149,33,116
113000164,77,45,32
113000166,356,83,273
113000167,101,55,46
113000168,335,41,294
113000169,355,33,322
113000170,53,120,-67
113000171,54,99,-45
113000172,306,21,285
113000173,108,13,95
113000174,360,156,204
113000175,683,91,592
113000176,854,82,772
113000177,367,65,302
113000178,186,191,-5
113000179,375,70,305
113000180,880,2121,-1241
113000181,1358,878,480
113000182,120,667,-547
113000183,278,927,-649
113000184,30,87,-57
113000189,311,570,-259
113000190,199,200,-1
113000192,419,6661,-6242
113000193,1014,4527,-3513
113000194,1128,6946,-5818
113000195,1172,3828,-2656
113000196,464,152,312
113000197,788,4315,-3527
113000198,200,446,-246
113000199,2132,307,1825
113000201,662,938,-276
113000202,18336,1847,16489
113000203,85,1011,-926
113000204,328,8843,-8515
113000205,26,11,15
113000206,11,62,-51
113000207,60,51,9
113000208,21,83,-62
113000209,4,32,-28
113000210,2,19,-17
113000211,113,365,-252
113000212,21,32,-11
113000213,19,82,-63
113000214,198,472,-274
113000234,346,598,-252
113000410,15,160,-145
113000411,1149,1450,-301
113000412,7623,1215,6408
113000413,936,2692,-1756
113000414,4045,12613,-8568
113000415,1909,938,971
113000416,1616,1654,-38
113000417,690,981,-291
113000418,5864,3268,2596
113000419,1727,1407,320
113000420,2418,4562,-2144
113000421,5260,6043,-783
113000422,8029,8881,-852
113000423,777,4977,-4200
113000424,1750,11225,-9475
113000425,11,91,-80
113000428,10,26,-16
113000430,2,58,-56
113000432,3284,129,3155
113000433,41,923,-882
113000434,61,82,-21
113000435,27,126,-99
113000436,29,785,-756
113000437,1720,107,1613
113000438,510,43,467
113000439,68,40,28
113000440,238,34,204
113000441,234,292,-58
113000442,480,31,449
113000443,515,117,398
113000444,719,33,686
113000445,110,76,34
113000446,80,181,-101
113000448,1360,511,849
113000449,234,1371,-1137
113000450,2284,4247,-1963
113000451,5010,841,4169
113000452,89,879,-790
113000453,63,1175,-1112
113000454,449,506,-57
113000455,42,2992,-2950
113000456,1102,1578,-476
113000468,894,25,869
113000469,29,126,-97
113000470,941,14,927
113000471,21,485,-464
113000472,56,263,-207
113000474,2118,801,1317
113000475,1826,868,958
113000476,4562,2175,2387
113000477,6575,2107,4468
113000478,2686,2434,252
113000479,278,109,169
113000483,0,0,0
113000484,0,0,0
113000485,0,0,0
113000486,0,0,0
113000487,0,0,0
113000488,0,0,0
113000489,0,0,0
113000490,0,0,0
113000491,0,0,0
113000492,0,0,0
113000493,0,0,0
113000495,494,117,377
113000496,284,141,143
113900001,34,3947,-3913
113900002,12,100,-88
113900003,3,289,-286
113900004,3,588,-585
113900005,4,1011,-1007
113900006,0,195,-195
113900007,0,0,0
113900008,0,0,0
113900009,0,0,0
113900010,0,0,0
113900011,0,0,0
113900012,138,6,132
113900013,121,15,106
113900014,1148,5,1143
113900015,2,1,1
113900016,10,0,10
113900017,8,9,-1
113900018,58,189,-131
113900019,284,19,265
113900020,181,9,172
113900022,84,1,83
113900023,56,0,56
113900024,73,12,61
113900025,336,17,319
113900026,49,0,49
113900027,40,56,-16
113900028,11,128,-117
113900029,228,65,163
113900030,658,3,655
113900031,14,0,14
113900032,88,0,88
113900033,54,20,34
113900035,24,0,24
113900036,108,79,29
113900037,174,233,-59
113900038,16,164,-148
113900039,246,18,228
113900040,8,19,-11
113900041,22,1,21
113900042,129,23,106
113900043,235,31,204
113900044,34,198,-164
113900045,55,0,55
113900046,108,1068,-960
113900047,298,47,251
113900048,161,94,67
113900049,99,403,-304
113900050,192,168,24
113900051,227,80,147
113900052,68,70,-2
113900053,353,843,-490
113900054,7,1,6
113900055,102,448,-346
113900056,157,56,101
113900057,7,29,-22
113900058,115,26,89
113900059,351,168,183
113900060,48,191,-143
113900061,526,58,468
113900062,176,3,173
113900063,167,36,131
113900064,8,34,-26
113900065,633,13,620
113900066,908,82,826
113900067,488,228,260
113900068,352,1066,-714
113900069,10,15,-5
113900070,89,240,-151
113900071,176,9,167
113900072,39,55,-16
113900073,685,388,297
113900074,354,450,-96
113900075,1049,3103,-2054
113900076,67,5,62
113900077,39,81,-42
113900078,60,1,59
113900079,1,18,-17
113900080,432,127,305
113900081,97,40,57
113900082,212,198,14
113900083,491,105,386
113900084,226,74,152
113900085,47,176,-129
113900086,187,16,171
113900087,77,30,47
113900088,122,188,-66
113900089,511,20,491
113900090,445,251,194
113900091,6,4,2
113900092,20,76,-56
113900093,27,1883,-1856
113900094,721,201,520
113900095,148,247,-99
113900096,297,43,254
113900097,3,149,-146
113900098,1000,232,768
113900099,1,14,-13
113900100,0,0,0
113900101,6,83,-77
113900102,33,149,-116
113900103,100,503,-403
113900104,175,388,-213
113900105,404,32,372
113900106,0,10,-10
113900107,1,0,1
113900108,37,281,-244
113900109,106,278,-172
113900110,20,25,-5
113900111,250,57,193
113900112,254,25,229
113900113,1187,345,842
113900114,1,6,-5
113900115,0,7,-7
113900116,24,206,-182
113900117,25,23,2
113900118,56,956,-900
113900119,79,292,-213
113900120,105,43,62
113900121,102,49,53
113900122,358,4621,-4263
113900123,531,120,411
113900124,1,113,-112
113900125,1101,123,978
113900126,23,29,-6
113900127,257,592,-335
113900128,293,57,236
113900129,3,173,-170
113900130,0,89,-89
113900131,261,33,228
113900132,30,76,-46
113900133,6,24,-18
113900135,379,536,-157
113900136,46,18,28
113900137,269,278,-9
113900138,5,106,-101
113900139,396,329,67
113900140,29,131,-102
113900141,787,118,669
113900142,136,16,120
113900143,5,64,-59
113900144,26,359,-333
113900145,268,149,119
113900146,200,20,180
113900148,38,314,-276
113900149,170,189,-19
113900150,133,120,13
113900151,383,186,197
113900152,46,66,-20
113900153,37,214,-177
113900154,3,74,-71
113900155,39,148,-109
113900156,299,145,154
113900157,21,431,-410
113900158,51,186,-135
113900159,4,146,-142
113900160,452,236,216
113900161,191,212,-21
113900162,92,224,-132
113900163,167,90,77
113900164,548,46,502
113900165,398,244,154
113900166,29,17,12
113900167,443,22,421
113900168,50,48,2
113900169,235,176,59
113900171,407,42,365
113900172,1,98,-97
113900173,24,221,-197
113900174,442,372,70
113900175,236,61,175
113900176,206,200,6
113900177,189,145,44
113900178,188,151,37
113900179,7,201,-194
113900180,168,72,96
113900181,1169,174,995
113900182,543,287,256
113900183,67,76,-9
113900184,23,317,-294
113900185,95,38,57
113900186,4,8,-4
113900187,16,71,-55
113900188,34,50,-16
113900189,300,170,130
113900190,101,48,53
113900191,35,86,-51
113900192,1982,3187,-1205
113900193,3,37,-34
113900194,1036,348,688
113900195,233,199,34
113900196,2,83,-81
113900197,1,32,-31
113900198,1,780,-779
113900199,25,208,-183
113900200,0,76,-76
113900201,3,68,-65
113900202,34,26,8
113900203,18,26,-8
113900204,8,213,-205
113900205,0,18,-18
113900206,0,58,-58
113900207,0,45,-45
113900208,0,13,-13
113900209,0,11,-11
113900210,861,647,214
113900211,145,61,84
113900212,407,202,205
113900214,161,214,-53
113900215,32,83,-51
113900216,187,253,-66
113900217,172,55,117
113900218,105,104,1
113900219,138,650,-512
113900220,66,208,-142
113900221,118,517,-399
113900222,1253,1207,46
113900223,420,175,245
113900224,55,52,3
113900225,525,69,456
113900226,384,92,292
113900227,187,249,-62
113900228,144,453,-309
113900229,23,1277,-1254
113900230,1209,2926,-1717
113900231,110,73,37
113900232,193,22,171
113900233,138,24,114
113900234,419,355,64
113900235,126,27,99
113900236,285,52,233
113900237,205,15,190
113900238,134,548,-414
113900239,35,107,-72
113900240,2,137,-135
113900241,21,80,-59
113900242,69,251,-182
113900243,10,124,-114
113900244,105,82,23
113900245,318,253,65
113900246,19,25,-6
113900247,41,504,-463
113900248,1798,1851,-53
113900249,252,569,-317
113900250,24,709,-685
113900251,1237,54,1183
113900252,1223,21,1202
113900253,877,31,846
113900254,576,151,425
113900255,1005,11,994
113900256,596,29,567
113900257,41,281,-240
113900258,18,184,-166
113900259,852,73,779
113900260,355,5,350
113900261,46,64,-18
113900262,165,184,-19
113900263,5,160,-155
113900264,0,226,-226
113900265,78,376,-298
113900266,13,80,-67
113900267,42,758,-716
113900268,229,320,-91
113900269,208,160,48
113900270,212,375,-163
113900271,548,303,245
113900273,11,2,9
113900274,56,65,-9
113900275,5,215,-210
113900276,16,49,-33
113900277,357,3,354
113900278,73,57,16
113900279,45,22,23
113900280,775,362,413
113900281,81,858,-777
113900282,167,157,10
113900283,326,458,-132
113900284,1269,174,1095
113900285,44,3,41
113900286,7,14,-7
113900287,144,6,138
113900288,1,102,-101
113900289,276,210,66
113900290,446,698,-252
113900291,40,46,-6
113900292,4,5,-1
113900293,1,255,-254
113900294,967,14,953
113900295,387,207,180
113900296,656,128,528
113900297,2217,31,2186
113900298,48,1657,-1609
113900299,209,34,175
113900300,2320,2254,66
113900301,391,1172,-781
113900302,868,709,159
113900303,131,1482,-1351
113900304,0,102,-102
113900305,176,0,176
113900306,108,0,108
113900307,4,0,4
113900308,10,22,-12
113900309,1,177,-176
113900310,0,10,-10
113900311,18,2,16
113900312,71,118,-47
113900313,8,1,7
113900314,3,6,-3
113900315,317,0,317
114000001,887,1402,-515
114000002,578,223,355
114000003,531,506,25
114000004,788,230,558
114000005,593,174,419
114000006,1379,1360,19
114000007,917,909,8
114000008,1787,1678,109
114000009,1628,268,1360
114000011,3135,1711,1424
114000012,5321,1328,3993
114000013,2542,832,1710
114000014,942,253,689
114000015,2787,130,2657
114000016,550,40,510
114000017,109,1157,-1048
114000018,61,54,7
114000026,3266,1000,2266
114000027,3752,2507,1245
114000028,2171,5129,-2958
114000038,406,95,311
114000039,124,85,39
114000040,143,428,-285
114000042,161,211,-50
114000043,231,181,50
114000044,528,53,475
114000045,25,36,-11
114000046,1724,3930,-2206
114000047,23,132,-109
114000048,136,98,38
114000049,1855,1574,281
114000050,1720,1620,100
114000051,3549,1942,1607
114000052,3447,2760,687
114000053,32,731,-699
114000054,211,672,-461
114000055,524,86,438
114000056,100,876,-776
114000057,3409,1510,1899
114000058,61,1172,-1111
114000059,56,1404,-1348
114000060,598,1096,-498
114000061,2125,3509,-1384
114000062,273,1288,-1015
114000063,1000,1211,-211
114000064,1377,5247,-3870
114000065,938,1650,-712
114000066,577,983,-406
114000067,16,1312,-1296
114000068,436,906,-470
114000069,963,514,449
114000070,2537,1495,1042
114000071,913,725,188
114000072,850,155,695
114000073,13,19,-6
114000074,78,8,70
114000075,59,27,32
114000076,9,45,-36
114000077,1,18,-17
114000078,396,212,184
114000079,359,17,342
114000080,25,92,-67
114000081,90,172,-82
114000082,65,205,-140
114000083,96,30,66
114000084,273,149,124
114000085,78,215,-137
114000086,236,155,81
114000087,221,28,193
114000088,13,11,2
114000089,417,168,249
114000090,800,1508,-708
114000091,773,1291,-518
114000092,493,533,-40
114000093,1445,461,984
114000094,663,460,203
114000095,262,262,0
114000096,31,316,-285
114000097,136,205,-69
114000098,721,164,557
114000099,1470,188,1282
114000100,1912,391,1521
114000101,747,211,536
114000102,1051,303,748
114000103,127,86,41
114000104,70,168,-98
114000105,334,156,178
114000106,783,2735,-1952
114000107,675,196,479
114000108,1266,632,634
114000109,1148,5873,-4725
114000110,470,554,-84
114000111,3113,1903,1210
114000112,384,1188,-804
114000113,3198,375,2823
114000114,247,905,-658
114000115,3541,610,2931
114000116,1131,6330,-5199
114000117,5893,768,5125
114000118,5457,387,5070
114000119,4361,487,3874
114000120,562,488,74
114000121,702,642,60
114000122,614,442,172
114000123,3077,510,2567
114000124,2051,548,1503
114000125,969,826,143
114000126,2720,312,2408
114000127,220,84,136
114000128,1418,220,1198
114000130,755,548,207
114000131,485,83,402
114000132,664,177,487
114000133,507,914,-407
114000134,118,39,79
114000138,15,82,-67
114000139,486,558,-72
114000144,751,553,198
114000145,54,17,37
114000146,85,29,56
114000147,1364,2444,-1080
114000148,692,2291,-1599
114000149,275,418,-143
114000150,508,1085,-577
114000151,1376,4756,-3380
114000152,108,26,82
114000153,627,3941,-3314
114000154,617,1090,-473
114000155,873,4364,-3491
114000156,739,1210,-471
114000157,513,2107,-1594
114000158,1509,613,896
114000159,130,443,-313
114000160,82,1032,-950
114000161,970,2073,-1103
114000162,1609,2579,-970
114000163,17,48,-31
114000165,462,520,-58
114000166,404,546,-142
114000167,2460,1054,1406
114000168,341,141,200
114000169,927,956,-29
114000170,1025,974,51
114000171,1717,17872,-16155
114000174,128,264,-136
114000176,194,411,-217
114000177,494,230,264
114000178,90,28,62
114000179,803,1231,-428
114000180,152,149,3
114000181,1174,9762,-8588
114000182,709,2553,-1844
114000183,624,617,7
114000184,2564,406,2158
114000185,1224,798,426
114000189,1882,122,1760
114000190,4641,360,4281
114000191,108,345,-237
114000192,124,675,-551
114000193,152,811,-659
114000194,1845,906,939
114000195,241,254,-13
114000196,2,88,-86
114000197,2666,32,2634
114000198,664,341,323
114000199,1320,1184,136
114000200,614,1149,-535
114000201,300,948,-648
114000202,874,661,213
114000203,1255,1091,164
114000204,94,554,-460
114000205,353,792,-439
114000206,895,1180,-285
114000207,445,757,-312
114000208,362,1054,-692
114000209,327,1249,-922
114000210,221,658,-437
114000211,1401,1428,-27
114000212,641,1216,-575
114000213,1673,325,1348
114000214,46,88,-42
114000215,173,114,59
114000216,2435,344,2091
114000217,341,121,220
114000218,615,83,532
114000219,2281,157,2124
114000220,35,603,-568
114000221,1611,157,1454
114000222,132,533,-401
114000223,932,124,808
114000224,53,386,-333
114000225,511,230,281
114000226,289,161,128
114000227,864,444,420
114000228,943,647,296
114000229,1867,790,1077
114000230,1674,851,823
114000231,1215,1383,-168
114000232,1632,212,1420
114000233,3467,89,3378
114000234,1428,719,709
114000235,2227,1890,337
114000236,1,413,-412
114000237,221,603,-382
114000238,135,411,-276
114000239,132,993,-861
114000240,989,1541,-552
114000241,315,620,-305
114000242,791,697,94
114000243,3232,1030,2202
114000244,784,377,407
114000245,684,1143,-459
114000246,207,42,165
114000247,542,574,-32
114000248,2406,641,1765
114000249,522,504,18
114000250,1022,170,852
114000251,365,179,186
114000252,70,7,63
114000253,43,101,-58
114000254,40,30,10
114000255,697,170,527
114000256,314,1866,-1552
114000257,642,948,-306
114000258,647,103,544
114000259,269,244,25
114000260,0,43,-43
114000261,71,47,24
114000262,245,88,157
114000263,15,0,15
114000264,1729,458,1271
114000265,0,0,0
114000267,8,2348,-2340
114000268,3,685,-682
114000270,319,14,305
114000271,358,39,319
114000283,2317,317,2000
114000285,24,78,-54
114000288,251,252,-1
114000289,2498,150,2348
114000293,301,537,-236
114000294,281,396,-115
114000395,1989,86,1903
114000396,716,522,194
114000402,1574,234,1340
114000403,406,191,215
114000405,300,227,73
114000423,704,146,558
114000424,597,111,486
114000425,1473,100,1373
114000426,310,961,-651
114000427,71,61,10
114000428,60,147,-87
114000429,12,120,-108
114000432,260,96,164
114000434,43,38,5
114000435,0,29,-29
114900001,845,176,669
114900002,309,37,272
114900003,971,331,640
114900004,200,542,-342
114900005,627,244,383
114900006,70,69,1
114900007,174,11,163
114900008,516,138,378
114900010,1108,2436,-1328
114900011,461,99,362
114900013,301,90,211
114900018,988,28,960
114900020,182,80,102
114900022,1,482,-481
114900025,712,70,642
114900026,168,80,88
114900029,209,19,190
114900030,271,162,109
114900031,834,22,812
114900032,517,8,509
114900034,48,30,18
114900035,92,395,-303
114900036,298,195,103
114900039,903,112,791
114900040,217,35,182
114900041,1798,121,1677
114900042,2381,178,2203
114900044,178,49,129
114900047,193,5493,-5300
114900048,22,120,-98
114900049,13,44,-31
114900050,87,89,-2
114900051,9,84,-75
114900052,4,176,-172
114900053,80,165,-85
114900054,22,48,-26
114900057,180,27,153
114900058,0,37,-37
114900059,143,65,78
114900063,101,20,81
114900064,2672,120,2552
114900065,532,899,-367
114900067,12,244,-232
114900068,12,56,-44
114900069,150,11,139
114900070,800,135,665
114900072,2,128,-126
114900073,1,32,-31
114900074,1089,167,922
114900075,194,3,191
114900076,1,83,-82
114900080,755,172,583
114900082,1830,3274,-1444
114900083,240,573,-333
114900090,599,171,428
114900091,52,79,-27
114900097,158,0,158
114900098,4,192,-188
114900099,292,23,269
115000001,4996,2721,2275
115000002,5154,7194,-2040
115000003,4627,2633,1994
115000004,5000,8332,-3332
115000005,2503,2737,-234
115000006,1890,2947,-1057
115000007,593,276,317
115000008,651,1023,-372
115000009,858,457,401
115000010,251,286,-35
115000013,48,191,-143
115000015,51,421,-370
115000016,38,243,-205
115000019,30,643,-613
115000020,181,1153,-972
115000021,213,392,-179
115000022,337,128,209
115000023,476,423,53
115000024,569,154,415
115000025,1061,570,491
115000026,127,191,-64
115000027,451,221,230
115000028,122,408,-286
115000029,1046,114,932
115000030,362,516,-154
115000031,698,130,568
115000032,6,213,-207
115000033,345,13,332
115000034,79,589,-510
115000035,797,80,717
115000036,3,315,-312
115000037,502,53,449
115000038,53,179,-126
115000039,2844,4654,-1810
115000040,4331,2693,1638
115000041,2319,4682,-2363
115000042,481,671,-190
115000043,4482,3238,1244
115000044,2702,3830,-1128
115000045,3515,1015,2500
115000046,4531,4000,531
115000047,4215,1974,2241
115000048,4027,1739,2288
115000049,1352,3767,-2415
115000050,4095,1217,2878
115000051,2085,6556,-4471
115000052,1337,953,384
115000053,3210,3122,88
115000054,520,695,-175
115000055,174,1467,-1293
115000056,125,410,-285
115000057,581,2084,-1503
115000058,43,645,-602
115000059,85,461,-376
115000061,195,314,-119
115000062,307,556,-249
115000063,622,375,247
115000064,329,123,206
115000065,172,515,-343
115000067,509,31,478
115000069,116,249,-133
115000070,37,1021,-984
115000071,72,20,52
115000072,0,64,-64
115000073,1740,74,1666
115000075,98,63,35
115000076,2383,1934,449
115000077,2635,1260,1375
115000078,2767,887,1880
115000079,2602,1029,1573
115000080,5082,1079,4003
115000081,235,419,-184
115000082,8214,6014,2200
115000083,2896,755,2141
115000084,3853,872,2981
115000085,1658,603,1055
115000086,1773,889,884
115000087,602,1950,-1348
115000088,1808,843,965
115000089,1546,905,641
115000090,481,936,-455
115000091,358,409,-51
115000092,1257,1497,-240
115000093,827,7,820
115000094,4450,9621,-5171
115000095,3942,10897,-6955
115000096,1512,746,766
115000097,2958,2063,895
115000098,2624,564,2060
115000099,3181,1377,1804
115000100,2782,341,2441
115000101,847,869,-22
115000102,715,210,505
115000103,431,451,-20
115000105,169,94,75
115000106,1489,668,821
115000107,276,306,-30
115000108,2365,1616,749
115000109,3569,5547,-1978
115000110,1293,2079,-786
115000111,408,748,-340
115000112,700,577,123
115000113,427,367,60
115000114,690,314,376
115000116,2216,1617,599
115000117,1519,2383,-864
115000118,1989,1871,118
115000119,1470,1897,-427
115000120,637,1127,-490
115000121,482,617,-135
115000122,478,1743,-1265
115000123,1446,1599,-153
115000124,951,1442,-491
115000125,400,1667,-1267
115000126,127,631,-504
115000127,373,190,183
115000128,553,1184,-631
115000129,232,1040,-808
115000130,575,555,20
115000131,1023,311,712
115000132,623,361,262
115000133,1452,271,1181
115000134,438,486,-48
115000135,230,203,27
115000136,335,459,-124
115000137,118,309,-191
115000138,403,241,162
115000139,333,235,98
115000140,600,261,339
115000141,298,69,229
115000142,459,74,385
115000143,1226,1247,-21
115000144,621,76,545
115000145,324,180,144
115000146,536,1328,-792
115000147,526,788,-262
115000148,484,674,-190
115000149,797,209,588
115000150,810,634,176
115000151,1376,290,1086
115000152,1050,1531,-481
115000153,1605,497,1108
115000154,1125,186,939
115000155,799,1465,-666
115000156,866,1144,-278
115000157,298,2141,-1843
115000158,264,818,-554
115000159,602,905,-303
115000160,504,425,79
115000161,181,386,-205
115000162,401,1119,-718
115000163,583,824,-241
115000164,523,1011,-488
115000165,172,705,-533
115000167,95,408,-313
115000168,422,972,-550
115000169,214,1611,-1397
115000170,76,332,-256
115000171,248,709,-461
115000172,723,788,-65
115000173,323,1239,-916
115000174,65,976,-911
115000175,302,331,-29
115000176,19,184,-165
115000177,27,306,-279
115000178,20,155,-135
115000179,3,84,-81
115000180,99,284,-185
115000181,1263,145,1118
115000182,2084,235,1849
115000183,442,421,21
115000186,887,101,786
115000187,162,410,-248
115000188,604,440,164
115000189,315,258,57
115000190,933,542,391
115000191,309,599,-290
115000194,123,92,31
115000195,210,558,-348
115000196,347,76,271
115000197,405,124,281
115000198,821,141,680
115000199,922,117,805
115000200,547,215,332
115000201,339,194,145
115000206,475,11,464
115000207,328,382,-54
115000208,358,376,-18
115000209,844,451,393
115000210,145,183,-38
115000211,333,169,164
115000212,1465,362,1103
115000224,225,42,183
115000225,178,39,139
115000229,174,56,118
115000230,217,275,-58
115000231,402,1216,-814
115000232,4135,513,3622
115000233,139,339,-200
115000234,36,541,-505
115000241,151,67,84
115000242,252,67,185
115000243,317,101,216
115000244,17,577,-560
115000246,117,20,97
115000247,38,32,6
115000248,137,18,119
115000249,31,10,21
115000250,321,38,283
115000251,664,41,623
115000252,255,284,-29
115000253,8,688,-680
115000258,666,53,613
115000259,274,58,216
115000261,52,37,15
115000262,29,55,-26
115000263,11,58,-47
115000264,6,24,-18
115000267,65,55,10
115000268,48,90,-42
115000269,83,25,58
115000270,9,12,-3
115000272,78,61,17
115000273,714,15,699
115000280,1133,270,863
115000281,138,486,-348
115000282,419,890,-471
115000284,95,265,-170
115000296,388,4,384
115000297,90,397,-307
115000298,72,1070,-998
115000300,204,98,106
115000302,1147,127,1020
115000303,1968,61,1907
115000304,1550,151,1399
115000305,138,373,-235
115000306,293,238,55
115000307,232,318,-86
115000308,46,37,9
115000310,2813,472,2341
115000311,1704,1068,636
115000313,175,455,-280
115000314,658,335,323
115000315,1646,1557,89
115000316,241,145,96
115000317,482,601,-119
115000318,1045,357,688
115000319,141,166,-25
115000320,20,511,-491
115000321,376,14,362
115000322,58,116,-58
115000449,91,201,-110
115000557,26,2633,-2607
115000558,108,271,-163
115000587,1267,340,927
115000588,2450,2972,-522
115000589,6542,3618,2924
115000590,1068,1999,-931
115000591,1671,1281,390
115000592,557,1958,-1401
115000593,1821,1332,489
115000594,232,3101,-2869
115000609,342,364,-22
115000617,554,2937,-2383
115000624,482,62,420
115000633,353,1188,-835
115000634,3754,829,2925
115000635,945,250,695
115000638,294,256,38
115000641,54,626,-572
115000642,326,190,136
115000643,123,146,-23
115000644,160,173,-13
115000646,583,1025,-442
115000647,174,540,-366
115000648,4381,777,3604
115000893,2789,1388,1401
115000894,130,790,-660
115000895,345,1572,-1227
115000896,1689,916,773
115000897,484,116,368
115000898,438,375,63
115000899,269,1775,-1506
115000900,70,1003,-933
115000901,81,228,-147
115000912,725,99,626
115000913,1,9,-8
115000915,7,0,7
115000916,18,14,4
115000917,0,22,-22
115000918,75,896,-821
115000919,6,131,-125
115000920,8,143,-135
115000921,302,207,95
115000922,437,1869,-1432
115000923,91,3456,-3365
115000925,189,185,4
115000927,79,112,-33
115000933,46,1276,-1230
115000934,81,157,-76
115000935,176,120,56
115000936,110,1648,-1538
115000937,2378,634,1744
115000938,100,521,-421
115000939,27,325,-298
115000940,12,71,-59
115000941,1,99,-98
115000942,14,505,-491
115000943,12,341,-329
115000944,2,35,-33
115900001,411,19,392
115900002,79,71,8
115900003,260,50,210
115900004,0,16,-16
115900005,264,23,241
115900006,127,142,-15
115900008,170,7,163
115900009,57,542,-485
115900010,601,61,540
115900011,436,212,224
115900012,399,25,374
115900013,342,135,207
115900014,220,167,53
115900015,307,23,284
115900016,88,39,49
115900017,19,28,-9
115900018,167,33,134
115900019,111,24,87
115900020,167,1,166
115900021,449,398,51
115900022,960,6,954
115900023,2,2,0
115900025,55,175,-120
115900026,542,130,412
115900027,0,177,-177
115900028,139,29,110
115900029,26,154,-128
115900030,27,29,-2
115900031,60,309,-249
115900032,359,884,-525
115900033,1,101,-100
115900034,52,87,-35
115900035,91,17,74
115900036,46,4544,-4498
115900037,38,110,-72
115900038,63,10,53
115900039,207,48,159
115900041,102,1256,-1154
115900042,73,3,70
115900043,178,30,148
115900044,135,501,-366
115900046,1041,81,960
115900047,42,195,-153
115900049,266,159,107
115900051,2,54,-52
115900052,40,55,-15
115900053,315,66,249
115900054,399,14,385
115900055,29,31,-2
115900056,243,62,181
115900057,5,11,-6
115900058,6,34,-28
115900060,41,67,-26
115900061,388,0,388
115900062,3,72,-69
115900063,16,1,15
115900064,326,340,-14
115900065,278,52,226
115900066,33,57,-24
115900067,7,64,-57
115900068,862,1939,-1077
115900069,42,172,-130
115900070,374,57,317
115900071,0,85,-85
115900072,8,74,-66
115900073,295,163,132
115900074,1,48,-47
115900075,33,162,-129
115900076,25,27,-2
115900077,8,29,-21
115900078,34,157,-123
115900079,657,5,652
115900080,153,93,60
115900081,39,7,32
115900082,139,157,-18
115900084,771,8,763
115900085,45,119,-74
115900086,1081,311,770
115900088,1,87,-86
115900089,576,194,382
115900090,901,8,893
115900091,1,36,-35
115900092,123,28,95
115900093,2,4,-2
115900094,2,41,-39
115900096,14,15,-1
115900097,23,41,-18
115900098,552,156,396
115900099,115,98,17
115900100,40,152,-112
115900101,519,111,408
115900102,176,28,148
115900103,508,81,427
115900104,85,30,55
115900105,351,212,139
115900106,249,3,246
115900107,82,33,49
115900108,303,6,297
115900109,6,163,-157
115900110,41,0,41
115900111,1,50,-49
115900112,32,308,-276
115900113,64,45,19
115900114,4,46,-42
115900115,84,79,5
115900116,90,495,-405
115900117,106,5,101
115900118,0,45,-45
115900119,120,71,49
115900120,39,190,-151
115900121,402,113,289
115900124,219,852,-633
115900125,777,38,739
115900126,1211,34,1177
115900127,1055,66,989
115900128,8,327,-319
115900129,548,40,508
115900130,11,1398,-1387
115900131,544,35,509
115900132,965,8,957
115900134,511,16,495
115900135,1284,616,668
115900137,14,4,10
115900139,13,112,-99
115900140,725,23,702
115900141,0,63,-63
115900142,13,40,-27
115900143,370,246,124
115900144,427,136,291
115900146,12,54,-42
115900147,296,285,11
115900148,44,69,-25
115900149,271,12,259
115900150,114,10,104
115900151,95,76,19
115900152,207,110,97
115900153,197,84,113
115900154,342,355,-13
115900155,4,30,-26
115900156,905,757,148
115900157,391,546,-155
115900158,2,1,1
115900159,251,227,24
115900160,3,4,-1
115900161,37,88,-51
115900163,381,74,307
115900164,1079,2,1077
115900166,71,75,-4
115900168,417,87,330
115900171,115,229,-114
115900172,71,167,-96
115900173,296,118,178
115900174,107,298,-191
115900175,253,69,184
115900178,10,126,-116
115900179,575,14,561
115900180,157,53,104
115900181,553,53,500
115900182,929,32,897
115900183,16,99,-83
115900184,475,14,461
115900187,20,464,-444
115900189,0,84,-84
115900190,82,1062,-980
115900191,25,169,-144
115900192,35,162,-127
115900193,98,75,23
115900194,1237,78,1159
115900195,483,3869,-3386
115900198,297,276,21
115900199,426,42,384
115900200,391,75,316
115900201,140,348,-208
115900202,0,242,-242
115900203,6,11,-5
115900204,0,9,-9
115900205,25,1,24
115900206,403,70,333
115900207,106,8,98
115900208,162,57,105
115900209,30,130,-100
115900210,5,177,-172
115900211,0,105,-105
115900212,249,162,87
115900213,213,208,5
115900214,1003,27,976
115900215,10,240,-230
115900216,6,49,-43
115900217,1,4,-3
115900218,1,17,-16
115900219,196,6,190
115900220,467,4,463
115900221,209,5,204
115900222,45,24,21
115900223,1,497,-496
115900224,582,2673,-2091
115900225,90,12,78
115900226,16,73,-57
115900227,4,110,-106
115900228,1,27,-26
115900229,1,33,-32
115900230,28,35,-7
115900231,210,4,206
115900232,172,2,170
115900233,175,4,171
115900234,132,56,76
115900235,33,54,-21
115900236,21,155,-134
115900237,33,26,7
115900238,17,41,-24
115900239,17,64,-47
115900240,30,65,-35
115900241,296,29,267
115900242,639,663,-24
115900243,6,14,-8
115900244,14,12,2
115900245,15,3,12
115900246,7,6,1
115900247,21,7,14
115900248,18,2,16
115900249,19,9,10
115900250,19,32,-13
115900251,14,11,3
115900252,14,0,14
115900253,83,11,72
115900254,6,48,-42
115900255,1,96,-95
115900256,66,215,-149
115900257,6,36,-30
115900258,0,0,0
115900259,4,4,0
115900260,15,5,10
115900261,5,0,5
115900262,3,0,3
115900263,8,0,8
115900264,23,0,23
115900265,2,2,0
115900266,6,6,0
115900267,0,5,-5
115900268,0,11,-11
115900269,1162,143,1019
115900270,489,108,381
115900271,318,0,318
115900272,68,11,57
115900273,5,16,-11
115900274,6,15,-9
115900275,0,10,-10
115900276,0,15,-15
115900277,0,49,-49
115900278,88,113,-25
115900279,46,279,-233
115900280,19,1208,-1189
115900281,205,690,-485
115900282,100,76,24
115900283,68,1,67
115900284,9,5,4
116000001,7206,1769,5437
116000002,6211,16466,-10255
116000003,1287,1666,-379
116000004,5709,7809,-2100
116000005,953,4520,-3567
116000006,3978,7404,-3426
116000007,1668,2410,-742
116000008,7232,4173,3059
116000009,788,967,-179
116000010,5008,2138,2870
116000011,800,835,-35
116000012,3093,1216,1877
116000013,4809,6729,-1920
116000014,16687,30946,-14259
116000015,308,2648,-2340
116000016,3348,5047,-1699
116000017,1181,1822,-641
116000018,721,760,-39
116000019,1837,417,1420
116000020,718,1522,-804
116000021,1417,284,1133
116000022,788,462,326
116000023,2072,1338,734
116000024,907,1065,-158
116000025,1256,822,434
116000026,868,3665,-2797
116000027,343,727,-384
116000028,480,1086,-606
116000029,361,391,-30
116000030,626,722,-96
116000031,29,232,-203
116000032,431,115,316
116000033,839,519,320
116000034,624,931,-307
116000035,1010,301,709
116000036,248,3446,-3198
116000037,160,630,-470
116000038,77,1458,-1381
116000039,264,1752,-1488
116000040,283,1329,-1046
116000041,80,1697,-1617
116000042,1573,2085,-512
116000043,196,366,-170
116000044,12,36,-24
116000045,889,573,316
116000046,512,1420,-908
116000047,1633,3535,-1902
116000048,3726,1213,2513
116000049,2256,2652,-396
116000050,2376,1902,474
116000051,3139,4397,-1258
116000052,3949,3876,73
116000053,3005,1038,1967
116000054,1443,2549,-1106
116000055,1639,1369,270
116000056,1966,1127,839
116000057,2688,1202,1486
116000058,7129,6195,934
116000059,2269,4608,-2339
116000060,3595,2162,1433
116000061,707,1218,-511
116000062,807,680,127
116000063,745,2426,-1681
116000066,786,768,18
116000067,511,458,53
116000068,390,625,-235
116000069,1031,260,771
116000078,855,728,127
116000080,2235,385,1850
116000082,2,13,-11
116000083,2592,483,2109
116000084,1222,1740,-518
116000085,2235,1749,486
116000086,881,605,276
116000087,3712,2127,1585
116000088,1775,736,1039
116000089,240,123,117
116000090,200,146,54
116000091,213,508,-295
116000093,1173,351,822
116000094,931,380,551
116000095,820,456,364
116000096,2043,3440,-1397
116000097,919,658,261
116000098,166,15877,-15711
116000099,5421,581,4840
116000100,468,19,449
116000101,1742,673,1069
116000102,259,516,-257
116000103,548,351,197
116000104,224,760,-536
116000105,2001,154,1847
116000106,482,1318,-836
116000107,3492,357,3135
116000108,11,493,-482
116000111,161,49,112
116000113,169,43,126
116000114,8,75,-67
116000115,389,104,285
116000116,312,140,172
116000117,1399,1141,258
116000118,2303,862,1441
116000119,3945,1334,2611
116000120,3099,1852,1247
116000121,1246,667,579
116000122,720,597,123
116000123,1373,582,791
116000124,618,282,336
116000125,2716,376,2340
116000126,424,392,32
116000127,864,435,429
116000128,2689,678,2011
116000129,1926,132,1794
116000130,1989,914,1075
116000133,2399,847,1552
116000134,1630,1182,448
116000135,3456,1440,2016
116000136,1080,1306,-226
116000137,1492,826,666
116000138,1929,745,1184
116000139,2835,7280,-4445
116000140,170,356,-186
116000141,571,176,395
116000142,2317,333,1984
116000143,2684,1079,1605
116000144,3681,2570,1111
116000145,2550,928,1622
116000146,1561,201,1360
116000147,403,535,-132
116000148,1597,2053,-456
116000149,1100,1240,-140
116000151,491,244,247
116000153,492,129,363
116000155,526,1047,-521
116000156,1700,814,886
116000157,164,10,154
116000158,721,109,612
116000159,13,6,7
116000160,86,32,54
116000161,5,104,-99
116000162,94,336,-242
116000163,131,30,101
116000164,46,77,-31
116000177,113,498,-385
116000194,417,692,-275
116000195,1497,691,806
116000196,48,1,47
116000197,45,33,12
116000198,2396,2123,273
116000200,920,1099,-179
116000201,596,682,-86
116000202,9,221,-212
116000203,0,14,-14
116000204,0,12,-12
116000205,0,78,-78
116000206,0,132,-132
116000207,7,70,-63
116000233,173,439,-266
116000287,441,138,303
116000288,465,187,278
116000292,111,152,-41
116000296,33,67,-34
116000297,160,3,157
116000304,193,11,182
116000305,16,70,-54
116000346,219,182,37
116000352,159,116,43
116000354,81,41,40
116000357,2,12,-10
116000358,536,158,378
116000361,283,0,283
116000372,4807,10566,-5759
116000381,188,2,186
116000388,2,17,-15
116000389,880,326,554
116000445,1461,210,1251
116000446,702,182,520
116000447,58,395,-337
116000448,629,80,549
116000563,720,804,-84
116000565,29,318,-289
116000568,52,394,-342
116000579,32,92,-60
116000583,182,55,127
116000584,43,5,38
116000585,82,46,36
116000586,115,164,-49
116000587,402,274,128
116000589,49,81,-32
116000590,255,84,171
116000591,314,120,194
116000592,19,18,1
116000593,0,19,-19
116000594,1799,67,1732
116000595,1086,27,1059
116000596,256,3,253
116000597,765,296,469
116000598,21,84,-63
116000605,202,97,105
116000606,55,489,-434
116000607,2,125,-123
116000609,40,2030,-1990
116000611,369,159,210
116000612,2559,1773,786
116000613,931,345,586
116000614,602,238,364
116000615,3,932,-929
116000616,60,125,-65
116000617,265,25,240
116000618,3,51,-48
116000619,18,69,-51
116000620,498,202,296
116000621,186,59,127
116000622,201,80,121
116000624,92,91,1
116000627,115,43,72
116000628,83,157,-74
116000629,38,125,-87
116000630,1094,11,1083
116000631,780,21,759
116000632,1521,23,1498
116000633,441,107,334
116000634,603,24,579
116000635,3353,6665,-3312
116000636,679,2819,-2140
116000637,778,4,774
116000638,192,141,51
116000639,174,4,170
116000640,103,104,-1
116000641,49,51,-2
116000643,154,134,20
116000644,296,204,92
116000645,66,17,49
116900001,471,132,339
116900002,270,2,268
116900003,26,2,24
116900004,90,103,-13
116900005,297,41,256
116900006,75,185,-110
116900007,183,461,-278
116900008,1201,67,1134
116900009,26,7,19
116900010,1556,413,1143
116900011,5,28,-23
116900012,226,302,-76
116900013,2,28,-26
116900014,260,23,237
116900015,902,62,840
116900016,359,2,357
116900017,58,229,-171
116900018,160,130,30
116900019,6,101,-95
116900020,401,2548,-2147
116900023,36,6,30
116900024,1241,34,1207
116900025,1864,531,1333
116900026,35,516,-481
116900027,73,21,52
116900028,14,16,-2
116900029,1,232,-231
116900031,0,4,-4
116900032,1,71,-70
116900033,48,6,42
116900034,11,38,-27
116900035,225,213,12
116900036,12,127,-115
116900038,32,3,29
116900041,120,2,118
116900042,147,186,-39
116900043,12,50,-38
116900047,22,333,-311
116900049,13,259,-246
116900050,29,276,-247
116900051,616,11,605
116900052,256,20,236
116900055,0,15,-15
116900057,17,87,-70
116900058,6,274,-268
116900059,0,38,-38
116900060,114,558,-444
116900062,1,79,-78
116900064,102,192,-90
116900065,9,131,-122
116900067,91,39,52
116900068,182,97,85
116900070,6,16,-10
116900072,83,62,21
116900073,2,75,-73
116900074,8,25,-17
116900076,11,90,-79
116900077,1,25,-24
116900078,137,18,119
116900079,41,124,-83
116900080,9,19,-10
116900081,148,672,-524
116900082,50,977,-927
116900083,1,0,1
116900084,48,58,-10
116900085,1,91,-90
116900086,17,272,-255
116900088,278,19,259
116900090,8,17,-9
116900091,811,25,786
116900092,131,266,-135
116900093,3492,1202,2290
116900094,4478,6812,-2334
116900095,426,661,-235
116900096,118,487,-369
116900097,1147,5440,-4293
116900098,1041,369,672
116900099,170,1164,-994
116900100,1290,81,1209
116900101,233,914,-681
116900103,15,0,15
116900104,16,525,-509
116900105,425,168,257
116900106,1486,3,1483
116900107,1304,3890,-2586
116900110,42,0,42
116900111,1319,155,1164
116900112,244,277,-33
116900113,765,3822,-3057
116900116,28,1117,-1089
116900117,361,120,241
116900118,1736,854,882
116900120,468,43,425
116900121,356,17,339
116900122,1342,163,1179
116900123,1050,204,846
116900124,66,339,-273
116900125,846,100,746
116900126,132,745,-613
116900128,0,49,-49
116900129,0,144,-144
116900130,1463,5137,-3674
116900131,43,235,-192
116900132,86,74,12
116900133,248,174,74
116900134,280,342,-62
116900136,331,97,234
116900137,407,140,267
116900138,234,86,148
116900139,94,159,-65
116900140,133,71,62
116900141,365,120,245
116900142,4,45,-41
116900143,328,86,242
116900144,59,18,41
116900145,81,140,-59
116900147,121,2374,-2253
116900148,4,10,-6
116900149,32,250,-218
116900150,2,7,-5
116900151,60,63,-3
116900153,183,104,79
116900154,155,658,-503
116900155,78,110,-32
116900157,1215,50,1165
116900158,103,427,-324
116900159,146,716,-570
116900160,954,546,408
116900161,5457,13146,-7689
116900162,41,138,-97
116900163,387,22,365
116900164,194,56,138
116900165,776,331,445
116900166,106,61,45
116900167,595,35,560
116900168,812,26,786
116900169,208,2641,-2433
116900170,650,415,235
116900171,59,98,-39
116900172,105,802,-697
116900173,457,3,454
116900174,112,195,-83
116900175,379,541,-162
116900178,82,89,-7
116900179,23,575,-552
116900180,49,4,45
116900182,1197,268,929
116900183,307,121,186
116900185,33,27,6
116900186,104,49,55
116900187,49,81,-32
116900188,212,5,207
116900189,36,0,36
116900191,129,218,-89
116900192,441,103,338
116900194,171,2051,-1880
116900195,77,3,74
116900196,45,26,19
116900197,231,14,217
116900198,43,244,-201
116900200,141,1,140
116900201,430,7,423
116900202,75,56,19
116900203,187,0,187
116900204,54,508,-454
116900206,56,2,54
116900207,11,261,-250
116900208,14,49,-35
116900209,25,22,3
116900210,732,458,274
116900211,175,2,173
116900212,197,1,196
116900213,306,124,182
116900214,349,413,-64
116900215,141,43,98
116900216,495,293,202
116900218,4,142,-138
116900219,321,184,137
116900220,146,239,-93
116900221,231,215,16
116900222,464,229,235
116900223,27,130,-103
116900226,198,14,184
116900227,299,20,279
116900228,362,250,112
116900230,41,58,-17
116900231,86,96,-10
116900232,46,213,-167
116900233,316,85,231
116900234,13,6,7
116900235,578,200,378
116900238,727,163,564
116900239,23,637,-614
116900240,4520,5053,-533
116900241,112,12,100
116900242,680,1817,-1137
116900243,0,8,-8
116900245,48,71,-23
116900246,176,359,-183
116900247,1089,11,1078
116900248,59,45,14
116900249,467,8,459
116900250,751,73,678
116900251,210,1590,-1380
116900252,250,502,-252
116900254,60,129,-69
116900255,166,256,-90
116900256,1221,230,991
116900257,71,304,-233
116900258,0,39,-39
116900259,337,6,331
116900260,4,4,0
116900261,107,5,102
116900262,194,128,66
116900263,2,9,-7
116900264,98,143,-45
116900265,234,0,234
116900266,31,6,25
116900267,11,0,11
116900268,53,146,-93
116900269,455,2209,-1754
116900271,720,700,20
116900272,775,756,19
116900273,15,1131,-1116
116900274,198,35,163
116900275,432,67,365
116900276,249,571,-322
116900277,97,75,22
116900278,1,1,0
116900279,5,17,-12
116900280,132,7,125
116900281,2822,6441,-3619
116900282,0,5,-5
116900283,1,11,-10
116900284,2,108,-106
116900285,116,673,-557
116900286,71,8,63
116900287,1,15,-14
116900288,217,36,181
116900289,28,1,27
116900290,24,0,24
116900291,32,4,28
116900292,0,50,-50
116900293,89,3,86
116900294,10,175,-165
116900295,266,547,-281
116900296,54,327,-273
116900297,1,141,-140
116900298,46,209,-163
116900299,13,358,-345
116900300,3,110,-107
116900301,21,786,-765
116900302,7,273,-266
116900303,197,252,-55
116900304,1,128,-127
116900305,50,47,3
116900306,551,58,493
116900307,181,0,181
116900308,1,59,-58
116900309,258,23,235
116900310,37,73,-36
116900311,2,176,-174
117000001,3579,6352,-2773
117000002,1948,5168,-3220
117000003,7147,5670,1477
117000004,2181,8607,-6426
117000005,5876,4109,1767
117000006,1183,2993,-1810
117000007,10142,2075,8067
117000008,1404,3485,-2081
117000009,6664,1991,4673
117000010,1149,2638,-1489
117000011,4450,1807,2643
117000012,2088,1161,927
117000013,3758,1878,1880
117000014,1865,2545,-680
117000015,4689,2349,2340
117000016,423,833,-410
117000017,121,3736,-3615
117000018,124,1262,-1138
117000019,97,104,-7
117000020,1202,2463,-1261
117000021,4696,1133,3563
117000022,252,613,-361
117000023,81,1188,-1107
117000024,87,1670,-1583
117000025,179,7283,-7104
117000026,1738,5383,-3645
117000027,2189,4368,-2179
117000028,1312,3908,-2596
117000030,570,587,-17
117000031,839,820,19
117000032,1694,2435,-741
117000033,2514,2272,242
117000034,345,383,-38
117000035,707,991,-284
117000036,669,640,29
117000037,550,433,117
117000038,417,955,-538
117000039,433,648,-215
117000040,137,616,-479
117000041,1144,234,910
117000044,5,763,-758
117000045,1816,420,1396
117000046,619,1839,-1220
117000047,1500,1339,161
117000048,1673,1522,151
117000049,14,482,-468
117000050,557,1421,-864
117000051,3734,60,3674
117000052,73,174,-101
117000053,1057,30,1027
117000054,2279,8,2271
117000055,23,921,-898
117000056,1028,34,994
117000057,617,1464,-847
117000060,551,1946,-1395
117000061,3715,2941,774
117000062,239,1564,-1325
117000063,2185,1141,1044
117000064,914,1091,-177
117000066,481,1122,-641
117000067,89,645,-556
117000074,28,310,-282
117000076,52,41,11
117000077,357,142,215
117000078,224,852,-628
117000079,412,276,136
117000080,1,1005,-1004
117000081,1209,200,1009
117000082,65,186,-121
117000083,880,562,318
117000084,240,0,240
117000085,621,930,-309
117000086,1112,277,835
117000087,222,687,-465
117000088,539,230,309
117000089,3928,263,3665
117000090,307,785,-478
117000091,1854,240,1614
117000092,616,814,-198
117000093,2947,627,2320
117000094,1045,1284,-239
117000095,3889,666,3223
117000096,1037,1106,-69
117000097,3269,1161,2108
117000098,1554,1981,-427
117000099,6162,1444,4718
117000100,332,289,43
117000101,143,533,-390
117000102,3120,766,2354
117000103,805,1126,-321
117000104,2513,808,1705
117000105,438,1089,-651
117000106,2847,772,2075
117000107,592,1007,-415
117000108,3629,1195,2434
117000109,1244,2081,-837
117000110,2647,2786,-139
117000111,5110,5614,-504
117000112,5365,1536,3829
117000113,286,102,184
117000114,332,128,204
117000115,127,67,60
117000116,276,244,32
117000117,2463,1363,1100
117000118,743,715,28
117000119,168,1250,-1082
117000120,47,3172,-3125
117000121,21,1631,-1610
117000122,2144,2110,34
117000123,5085,76,5009
117000124,57,449,-392
117000125,36,1797,-1761
117000126,32,132,-100
117000127,111,1323,-1212
117000128,82,3019,-2937
117000129,443,2412,-1969
117000130,547,27,520
117000131,0,164,-164
117000132,6339,24,6315
117000133,4380,11,4369
117000134,0,587,-587
117000135,25,381,-356
117000136,0,78,-78
117000137,452,176,276
117000138,2,1615,-1613
117000140,575,1017,-442
117000141,2766,583,2183
117000181,544,112,432
117000182,3132,1237,1895
117000195,151,492,-341
117000196,512,257,255
117000225,24,277,-253
117000226,5,380,-375
117000276,542,12,530
117000277,0,91,-91
117000310,1263,3267,-2004
117000315,409,935,-526
117000320,121,0,121
117000906,824,25,799
117000907,2,204,-202
117000909,201,140,61
117000910,303,106,197
117000911,41,128,-87
117000915,1,129,-128
117000916,138,20,118
117000917,2241,80,2161
117000918,334,73,261
117000919,4,49,-45
117000920,1,987,-986
117000921,0,293,-293
117000922,40,84,-44
117000924,1547,1509,38
117000926,1827,1295,532
117000927,272,585,-313
117000928,0,253,-253
117000929,1426,179,1247
117000930,1258,26,1232
117000931,188,164,24
117900002,42,990,-948
117900003,66,185,-119
117900005,6,275,-269
117900006,0,43,-43
117900007,149,100,49
117900008,0,5,-5
117900010,627,93,534
117900011,34,1470,-1436
117900012,130,37,93
117900013,1,210,-209
117900014,1370,369,1001
117900015,5,156,-151
117900016,1438,1298,140
117900017,2421,1910,511
117900018,407,948,-541
117900019,1495,485,1010
117900020,66,341,-275
117900021,65,269,-204
117900023,4004,115,3889
117900024,150,217,-67
117900025,34,2,32
117900026,819,302,517
117900028,82,30,52
117900029,619,1112,-493
117900031,481,1231,-750
117900032,1324,649,675
117900033,1038,740,298
117900034,138,60,78
117900035,525,250,275
117900036,596,292,304
117900037,301,91,210
117900038,63,63,0
117900039,0,32,-32
117900040,221,113,108
117900041,1,34,-33
117900042,3044,871,2173
117900043,6,22,-16
117900044,61,9114,-9053
117900045,620,80,540
117900048,513,105,408
117900049,814,1316,-502
117900050,13,966,-953
117900051,113,42,71
117900052,107,702,-595
117900053,2521,149,2372
117900054,0,16,-16
117900055,3244,483,2761
117900056,44,304,-260
117900057,1481,889,592
117900058,32,246,-214
117900059,120,272,-152
117900060,3065,1537,1528
117900061,36,398,-362
117900063,1164,242,922
117900065,322,1053,-731
117900066,3,221,-218
117900067,1592,294,1298
117900069,2343,167,2176
117900070,27,478,-451
117900071,334,175,159
117900073,1267,280,987
117900074,36,785,-749
117900075,157,93,64
117900076,102,246,-144
117900077,930,102,828
117900078,765,615,150
117900080,337,82,255
117900081,218,304,-86
117900082,1162,416,746
117900083,1083,888,195
117900086,380,94,286
117900087,121,38,83
117900088,572,1059,-487
117900089,3201,726,2475
117900090,1256,762,494
117900091,136,83,53
117900092,260,125,135
117900093,149,46,103
117900094,103,79,24
117900095,1040,5023,-3983
117900096,354,843,-489
117900097,94,38,56
117900098,60,33,27
117900099,597,1739,-1142
117900100,823,9,814
117900101,1490,3425,-1935
117900102,92,26,66
117900103,167,2,165
117900104,3,567,-564
117900105,55,233,-178
117900106,86,22,64
117900107,127,0,127
117900109,1097,282,815
117900110,401,2,399
117900111,1694,178,1516
117900112,112,8,104
117900113,1246,3149,-1903
117900114,66,0,66
117900115,114,653,-539
117900116,641,579,62
117900117,897,164,733
117900118,364,1,363
117900119,465,33,432
117900120,1092,46,1046
117900121,211,135,76
117900122,686,8665,-7979
117900123,1950,616,1334
117900124,242,774,-532
117900125,2058,1179,879
117900126,188,250,-62
117900127,1060,277,783
117900128,583,226,357
117900129,243,9,234
117900130,910,313,597
117900131,29,65,-36
117900132,7,82,-75
117900133,24,47,-23
117900134,35,178,-143
117900135,25,36,-11
117900136,0,13,-13
117900137,17,163,-146
117900138,0,4,-4
117900139,100,189,-89
117900140,12853,169,12684
117900141,50,569,-519
117900142,66,871,-805
117900144,55,1941,-1886
117900145,12,424,-412
117900146,242,418,-176
117900147,183,163,20
117900148,4587,5737,-1150
117900149,110,104,6
117900150,85,74,11
117900151,58,319,-261
117900152,87,143,-56
117900153,12,175,-163
117900154,1091,917,174
117900156,340,496,-156
117900157,74,732,-658
117900158,276,80,196
117900160,1117,852,265
117900161,709,901,-192
117900162,1305,586,719
117900163,44,1383,-1339
117900165,0,7,-7
117900166,32,471,-439
117900168,144,110,34
117900169,1,57,-56
117900170,1,42,-41
117900171,2,5,-3
117900172,11,11,0
117900173,34,60,-26
117900174,20,73,-53
117900175,1,12,-11
117900176,22,4,18
117900177,40,16,24
117900178,73,12,61
117900180,194,49,145
117900181,69,592,-523
117900182,1,93,-92
117900183,187,285,-98
117900184,82,79,3
117900185,54,8,46
117900186,76,25,51
117900187,32,8,24
117900188,213,28,185
117900189,92,71,21
117900190,15,3,12
117900191,127,1,126
117900192,239,0,239
117900193,1,52,-51
117900194,13,16,-3
117900195,5,43,-38
117900196,22,47,-25
117900207,67,136,-69
117900208,42,46,-4
117900209,237,107,130
117900210,97,97,0
117900211,1,90,-89
117900212,158,226,-68
117900213,66,4,62
117900214,7,20,-13
117900215,225,16,209
117900216,139,100,39
117900217,147,218,-71
117900218,111,305,-194
117900219,23,351,-328
117900220,13,617,-604
117900222,249,128,121
117900223,121,556,-435
118000001,871,4818,-3947
118000002,1100,1203,-103
118000003,2726,9475,-6749
118000004,1211,10872,-9661
118000005,4967,2897,2070
118000006,8074,5949,2125
118000007,5370,13001,-7631
118000008,1102,10164,-9062
118000009,1934,4676,-2742
118000010,4168,4619,-451
118000011,3185,1206,1979
118000012,1407,2139,-732
118000013,3797,4149,-352
118000014,2579,2156,423
118000016,437,126,311
118000017,778,386,392
118000018,437,114,323
118000019,1127,2583,-1456
118000020,565,2001,-1436
118000021,920,3616,-2696
118000022,1014,686,328
118000023,719,543,176
118000024,406,823,-417
118000027,15671,7128,8543
118000029,1028,574,454
118000032,271,2152,-1881
118000033,1589,5275,-3686
118000034,3337,4988,-1651
118000035,2358,2695,-337
118000036,1026,1417,-391
118000037,1009,3557,-2548
118000038,1076,109,967
118000039,168,60,108
118000040,2360,2516,-156
118000041,5398,2110,3288
118000045,1085,504,581
118000046,1090,2050,-960
118000047,584,4568,-3984
118000048,1429,6535,-5106
118000051,1216,4703,-3487
118000052,740,1388,-648
118000053,394,1490,-1096
118000054,5464,837,4627
118000055,4253,2255,1998
118000056,50,748,-698
118000057,110,335,-225
118000058,1851,9260,-7409
118000059,1530,5014,-3484
118000060,1609,786,823
118000061,1461,1871,-410
118000062,540,285,255
118000063,442,1176,-734
118000064,668,1732,-1064
118000065,1784,2571,-787
118000066,2328,5288,-2960
118000067,468,912,-444
118000068,1038,15465,-14427
118000069,1094,2397,-1303
118000070,10401,2903,7498
118000071,4878,13706,-8828
118000072,589,5849,-5260
118000073,445,2589,-2144
118000074,709,2141,-1432
118000075,664,672,-8
118000076,2817,13369,-10552
118000077,1458,3576,-2118
118000078,2235,4290,-2055
118000079,319,534,-215
118000080,552,2688,-2136
118000081,1612,2586,-974
118000082,516,1571,-1055
118000083,1438,2361,-923
118000084,1993,2879,-886
118000086,174,831,-657
118000087,5869,2809,3060
118000088,1183,2545,-1362
118000089,4525,4316,209
118000090,1672,4954,-3282
118000091,1467,5709,-4242
118000092,1205,940,265
118000093,225,713,-488
118000096,931,1056,-125
118000097,736,1197,-461
118000098,185,420,-235
118000099,1216,408,808
118000101,2593,626,1967
118000102,658,728,-70
118000107,4087,631,3456
118000108,1113,7068,-5955
118000110,0,63,-63
118000111,2,212,-210
118000112,2302,3,2299
118000113,16,358,-342
118000114,1521,26,1495
118000115,8,10,-2
118000116,73,0,73
118000117,769,2003,-1234
118000118,1371,3038,-1667
118000119,1584,2870,-1286
118000120,1375,1273,102
118000121,20,841,-821
118000122,758,447,311
118000123,158,449,-291
118000125,1302,3598,-2296
118000126,656,4318,-3662
118000127,1182,1779,-597
118000128,368,3089,-2721
118000129,2567,1551,1016
118000130,2577,4320,-1743
118000131,916,1629,-713
118000132,3701,3435,266
118000133,2812,1520,1292
118000135,606,1462,-856
118000136,167,2113,-1946
118000137,540,450,90
118000138,515,523,-8
118000139,751,270,481
118000140,6085,12963,-6878
118000141,4082,1843,2239
118000142,4439,1938,2501
118000143,4170,1814,2356
118000144,888,456,432
118000145,1843,1046,797
118000146,1840,412,1428
118000147,1726,834,892
118000148,2019,1832,187
118000149,1303,361,942
118000150,1146,305,841
118000151,955,270,685
118000153,2404,924,1480
118000154,3762,1652,2110
118000155,2911,927,1984
118000156,2862,5196,-2334
118000157,1032,360,672
118000158,317,682,-365
118000159,71,119,-48
118000160,889,340,549
118000161,898,380,518
118000162,2186,1149,1037
118000163,1506,1342,164
118000164,2753,1911,842
118000168,338,1063,-725
118000169,1371,982,389
118000170,3669,2860,809
118000171,520,610,-90
118000172,108,229,-121
118000173,1323,1761,-438
118000175,238,327,-89
118000176,545,361,184
118000177,359,872,-513
118000178,77,27,50
118000179,822,854,-32
118000180,554,496,58
118000181,543,180,363
118000182,380,170,210
118000183,318,311,7
118000184,1823,441,1382
118000185,521,2338,-1817
118000186,443,1715,-1272
118000187,3637,531,3106
118000188,1164,68,1096
118000189,1389,416,973
118000190,3,32,-29
118000191,23,59,-36
118000192,19,265,-246
118000193,7,185,-178
118000194,2892,827,2065
118000195,411,8866,-8455
118000196,108,1674,-1566
118000197,110,793,-683
118000198,393,2810,-2417
118000199,406,3101,-2695
118000200,54,1385,-1331
118000201,77,1486,-1409
118000202,30,1206,-1176
118000203,418,1782,-1364
118000204,46,773,-727
118000205,99,387,-288
118000206,241,582,-341
118000207,0,84,-84
118000208,2051,1631,420
118000209,3536,870,2666
118000210,184,24,160
118000211,210,44,166
118000213,624,7826,-7202
118000214,399,1171,-772
118000215,485,95,390
118000216,13895,2978,10917
118000217,19,39,-20
118000218,166,32,134
118000219,185,327,-142
118000220,110,44,66
118000221,889,896,-7
118000222,96,9,87
118000223,97,37,60
118000224,237,45,192
118000225,211,2231,-2020
118000226,1833,268,1565
118000227,1470,645,825
118000228,86,532,-446
118000229,31,1601,-1570
118000230,89,466,-377
118000231,33,706,-673
118000232,1411,314,1097
118000233,1567,576,991
118000234,710,111,599
118000236,272,637,-365
118000237,158,221,-63
118000238,362,275,87
118000239,455,702,-247
118000240,110,77,33
118000241,398,159,239
118000242,649,165,484
118000243,442,159,283
118000244,175,47,128
118000246,6,102,-96
118000255,99,403,-304
118000256,235,237,-2
118000259,24,114,-90
118000260,313,89,224
118000261,89,26,63
118000263,240,186,54
118000266,215,209,6
118000267,2,660,-658
118000268,428,11,417
118000270,381,5,376
118000271,265,206,59
118000272,116,4,112
118000273,459,67,392
118000274,81,407,-326
118000276,380,137,243
118000295,40,215,-175
118000298,208,119,89
118000299,137,90,47
118000301,0,241,-241
118000302,149,33,116
118000311,1752,40,1712
118000312,628,140,488
118000313,90,46,44
118000314,235,25,210
118000315,86,12,74
118000316,1277,392,885
118000325,84,30,54
118000326,74,22,52
118000331,19,7,12
118000332,22,14,8
118000333,28,49,-21
118000335,1003,5,998
118000336,0,227,-227
118000407,317,29,288
118000457,14,114,-100
118000465,508,3120,-2612
118000480,177,54,123
118000489,1,753,-752
118000490,14,460,-446
118000492,803,144,659
118000510,68,15,53
118000514,95,860,-765
118000515,442,1799,-1357
118000517,674,227,447
118000524,154,576,-422
118000525,505,594,-89
118000530,28,292,-264
118000531,604,312,292
118000532,409,227,182
118000533,394,107,287
118000534,957,439,518
118000535,625,160,465
118000536,74,544,-470
118000537,12,185,-173
118000538,94,176,-82
118000539,80,336,-256
118000540,150,327,-177
118000541,70,235,-165
118000542,140,508,-368
118000543,309,735,-426
118000546,72,173,-101
118000553,0,0,0
118000560,1310,3136,-1826
118000562,101,150,-49
118000563,1417,942,475
118000576,461,84,377
118000577,335,196,139
118000578,232,74,158
118000579,681,2994,-2313
118000583,0,0,0
118000595,315,62,253
118000596,7,832,-825
118000597,312,99,213
118000598,13,0,13
118000599,296,68,228
118000600,0,3,-3
118000601,2,0,2
118000602,0,1,-1
118000603,0,48,-48
118000605,207,216,-9
118000606,59,14,45
118000607,446,134,312
118900001,652,1216,-564
118900002,1091,1079,12
118900003,351,1,350
118900004,210,97,113
118900005,77,6,71
118900006,168,0,168
118900007,2,0,2
118900008,1566,68,1498
118900009,99,66,33
118900010,81,6,75
118900011,92,3,89
118900012,321,359,-38
118900013,2065,429,1636
118900015,284,37,247
118900016,4,4,0
118900017,12,404,-392
118900018,1319,41,1278
118900019,2,3,-1
118900020,14,280,-266
118900021,82,1121,-1039
118900022,122,26,96
118900023,106,318,-212
118900024,75,149,-74
118900025,8,37,-29
118900026,72,19,53
118900027,871,163,708
118900028,231,122,109
118900029,154,556,-402
118900030,774,63,711
118900031,100,23,77
118900032,341,68,273
118900033,364,774,-410
118900034,249,33,216
118900035,106,53,53
118900036,1650,350,1300
118900037,269,856,-587
118900038,632,59,573
118900039,769,180,589
118900040,214,125,89
118900041,1113,535,578
118900042,110,47,63
118900045,192,186,6
118900046,244,296,-52
118900047,388,743,-355
118900048,128,470,-342
118900049,230,30,200
118900050,85,14,71
118900051,32,321,-289
118900052,211,585,-374
118900053,21,139,-118
118900054,274,20,254
118900055,244,11,233
118900056,24,532,-508
118900057,924,466,458
118900058,647,555,92
118900059,46,220,-174
118900062,266,123,143
118900064,223,695,-472
118900065,66,139,-73
118900066,168,80,88
118900067,4684,5304,-620
118900068,1,571,-570
118900069,672,308,364
118900071,6,17,-11
118900072,1333,1059,274
118900073,368,136,232
118900074,341,56,285
118900075,331,12,319
118900076,333,322,11
118900077,556,113,443
118900078,3,0,3
118900079,38,164,-126
118900080,78,31,47
118900081,35,113,-78
118900082,2607,265,2342
118900083,28,1,27
118900084,6,16,-10
118900085,425,341,84
118900086,45,172,-127
118900087,177,1380,-1203
118900088,0,1,-1
118900089,14,21,-7
118900090,361,154,207
118900091,184,356,-172
118900092,230,41,189
118900093,59,11,48
118900096,32,280,-248
118900097,332,575,-243
118900099,69,170,-101
118900100,53,235,-182
118900101,142,106,36
118900102,10,168,-158
118900103,11,111,-100
118900104,476,108,368
118900105,173,50,123
118900107,75,17,58
118900108,145,132,13
118900110,1226,1147,79
118900111,1235,401,834
118900112,266,425,-159
118900113,343,338,5
118900114,3,191,-188
118900115,56,416,-360
118900116,69,157,-88
118900117,153,110,43
118900118,371,326,45
118900119,320,285,35
118900120,92,286,-194
118900121,23,200,-177
118900122,3,1045,-1042
118900123,243,266,-23
118900124,146,312,-166
118900126,33,285,-252
118900129,369,166,203
118900130,18,268,-250
118900131,636,111,525
118900132,359,201,158
118900133,17,269,-252
118900135,320,171,149
118900136,407,265,142
118900137,5,185,-180
118900139,752,190,562
118900140,799,433,366
118900141,222,124,98
118900144,420,233,187
118900145,15,203,-188
118900146,714,345,369
118900147,133,1247,-1114
118900148,80,21,59
118900150,596,739,-143
118900152,503,393,110
118900157,54,440,-386
118900158,235,11,224
118900159,0,134,-134
118900161,58,38,20
118900163,69,63,6
118900164,1,70,-69
118900165,77,47,30
118900166,3,0,3
118900167,54,19,35
118900168,48,202,-154
118900169,190,92,98
118900170,285,55,230
118900171,91,21,70
118900174,66,49,17
118900175,655,255,400
118900176,273,205,68
118900177,86,7,79
118900178,119,47,72
118900179,138,12,126
118900182,18,37,-19
118900183,49,226,-177
118900184,222,65,157
118900185,470,36,434
118900186,74,326,-252
118900187,126,822,-696
118900188,302,391,-89
118900189,60,744,-684
118900190,97,158,-61
118900191,806,35,771
118900192,682,12,670
118900193,1468,7,1461
118900195,173,497,-324
118900196,42,133,-91
118900197,378,113,265
118900198,49,2,47
118900199,163,8,155
118900200,31,27,4
118900201,49,48,1
118900202,1,66,-65
118900203,76,6,70
118900204,13,16,-3
118900205,0,0,0
118900206,2,0,2
119000001,1751,2203,-452
119000002,3830,3533,297
119000003,4792,1196,3596
119000004,3287,3057,230
119000005,2848,3461,-613
119000006,6540,2035,4505
119000007,5107,4848,259
119000008,2785,2439,346
119000009,2503,8762,-6259
119000010,4585,5282,-697
119000011,1892,2072,-180
119000012,1115,3495,-2380
119000013,3382,1865,1517
119000014,1734,2109,-375
119000019,310,123,187
119000020,3295,1723,1572
119000021,6100,4322,1778
119000022,1192,5427,-4235
119000023,272,465,-193
119000024,2138,30760,-28622
119000025,4521,1275,3246
119000026,36,500,-464
119000027,127,422,-295
119000028,1881,556,1325
119000029,31,287,-256
119000030,695,703,-8
119000031,1584,523,1061
119000032,1274,1308,-34
119000033,2182,928,1254
119000034,1770,595,1175
119000035,43,184,-141
119000036,3947,405,3542
119000037,2146,714,1432
119000038,464,249,215
119000039,1179,612,567
119000040,1106,1278,-172
119000041,886,2233,-1347
119000048,2185,1405,780
119000049,4111,2401,1710
119000050,1284,1733,-449
119000051,3485,1497,1988
119000052,5237,2516,2721
119000053,2915,1199,1716
119000054,4080,1227,2853
119000055,8043,1547,6496
119000056,5761,1611,4150
119000057,2282,678,1604
119000058,1724,1108,616
119000059,1142,1525,-383
119000060,2252,783,1469
119000061,951,576,375
119000062,1100,977,123
119000063,1053,1179,-126
119000064,891,756,135
119000065,1262,3082,-1820
119000066,2510,1519,991
119000067,1826,1230,596
119000068,2361,786,1575
119000069,2482,1150,1332
119000070,3939,562,3377
119000071,448,332,116
119000072,4760,2348,2412
119000073,4325,14170,-9845
119000074,1934,1349,585
119000075,5540,2575,2965
119000076,199,366,-167
119000077,556,195,361
119000078,525,302,223
119000079,527,400,127
119000080,1302,197,1105
119000081,229,627,-398
119000082,1605,233,1372
119000083,971,784,187
119000084,434,426,8
119000085,774,167,607
119000086,425,1842,-1417
119000087,818,244,574
119000088,432,153,279
119000089,204,303,-99
119000090,216,96,120
119000091,186,323,-137
119000092,287,233,54
119000093,4837,2770,2067
119000094,6099,7075,-976
119000095,3278,7536,-4258
119000097,2006,895,1111
119000098,1583,8574,-6991
119000099,2041,908,1133
119000100,6585,3874,2711
119000101,3192,1507,1685
119000102,276,1690,-1414
119000103,505,516,-11
119000104,1683,948,735
119000105,1126,4197,-3071
119000106,505,588,-83
119000107,2050,688,1362
119000108,1109,782,327
119000109,171,444,-273
119000110,215,267,-52
119000111,77,775,-698
119000112,213,129,84
119000113,771,312,459
119000114,1538,1618,-80
119000115,127,220,-93
119000116,179,136,43
119000117,114,417,-303
119000118,14,0,14
119000123,1677,4710,-3033
119000124,1957,229,1728
119000125,7814,542,7272
119000126,3448,556,2892
119000127,1368,459,909
119000128,15,2,13
119000131,1849,192,1657
119000132,0,0,0
119000133,2,6,-4
119000134,1545,901,644
119000135,194,157,37
119000136,548,91,457
119000137,369,146,223
119000138,1375,70,1305
119000139,135,70,65
119000140,277,346,-69
119000284,1176,1638,-462
119000285,1529,1010,519
119000286,2757,2782,-25
119000287,1231,1438,-207
119000288,2617,874,1743
119000289,1277,2813,-1536
119000290,221,291,-70
119000291,115,377,-262
119000293,196,261,-65
119000294,50,25,25
119000295,2483,282,2201
119000296,549,199,350
119000302,2736,1169,1567
119000303,13,601,-588
119000314,1933,16459,-14526
119000315,0,100,-100
119000316,538,80,458
119000317,101,61,40
119000319,1665,185,1480
119900001,139,2683,-2544
119900002,346,221,125
119900003,6,280,-274
119900004,92,2972,-2880
119900005,461,41,420
119900006,73,493,-420
119900007,592,198,394
119900008,12,31,-19
119900009,463,241,222
119900010,811,271,540
119900011,11,330,-319
119900012,24,153,-129
119900013,1464,1306,158
119900014,535,115,420
119900015,412,35,377
119900016,82,106,-24
119900017,84,53,31
119900018,912,1925,-1013
119900019,119,5,114
119900020,38,176,-138
119900021,177,23,154
119900022,88,817,-729
119900023,385,4726,-4341
119900025,514,25,489
119900026,658,123,535
119900027,1,19,-18
119900028,324,321,3
119900029,3,1,2
119900030,481,259,222
119900031,42,1139,-1097
119900033,769,201,568
119900034,1015,14,1001
119900037,279,23,256
119900038,15,547,-532
119900039,75,5,70
119900040,194,39,155
119900041,329,14,315
119900042,40,466,-426
119900043,240,54,186
119900044,198,778,-580
119900046,303,5,298
119900047,431,193,238
119900049,269,5,264
119900050,90,146,-56
119900051,1947,22,1925
119900052,211,7,204
119900053,419,141,278
119900054,717,19,698
119900055,1359,304,1055
119900057,492,12,480
119900058,460,1,459
119900059,62,24,38
119900060,343,59,284
119900061,608,5,603
119900062,108,4,104
119900063,5,190,-185
119900065,248,6,242
119900067,152,4,148
119900068,927,2,925
119900069,109,5,104
119900070,860,0,860
119900071,854,18,836
119900073,1440,153,1287
119900074,9,68,-59
119900075,1365,1510,-145
119900076,141,25,116
119900077,1386,249,1137
119900078,656,394,262
119900079,1066,56,1010
119900080,507,323,184
119900081,1558,4,1554
119900082,1789,129,1660
119900083,627,39,588
119900084,415,731,-316
119900085,34,11,23
119900086,406,351,55
119900087,187,1175,-988
119900088,29,22,7
119900089,35,78,-43
119900090,51,10,41
119900091,40,199,-159
119900092,26,280,-254
119900093,2927,153,2774
119900094,31,286,-255
119900095,89,72,17
119900096,30,47,-17
119900097,62,148,-86
119900098,57,9,48
119900099,17,66,-49
119900100,413,2583,-2170
119900101,175,826,-651
119900102,37,122,-85
119900103,43,78,-35
119900104,21,37,-16
119900105,388,1525,-1137
119900106,10,72,-62
119900107,160,1007,-847
119900108,2745,528,2217
119900109,17,70,-53
119900110,712,508,204
119900111,381,167,214
119900112,726,1148,-422
119900113,31,175,-144
119900114,267,479,-212
119900115,432,201,231
119900116,106,481,-375
119900117,499,288,211
119900118,98,124,-26
119900119,521,103,418
119900120,379,256,123
119900121,868,311,557
119900122,19,77,-58
119900123,157,253,-96
119900124,378,235,143
119900125,31,185,-154
119900126,2091,113,1978
119900127,511,291,220
119900128,511,425,86
119900129,369,137,232
119900130,8,101,-93
119900131,48,52,-4
119900132,39,44,-5
119900133,133,49,84
119900134,374,62,312
119900135,0,155,-155
119900136,55,154,-99
119900138,130,245,-115
119900139,9,125,-116
119900140,3,44,-41
119900141,22,1027,-1005
119900142,0,18,-18
119900143,17,132,-115
119900144,958,163,795
119900145,89,97,-8
119900146,195,94,101
119900147,1,153,-152
119900148,291,29,262
119900149,347,8359,-8012
119900150,42,99,-57
119900151,1652,917,735
119900152,182,85,97
119900153,185,38,147
119900154,47,380,-333
119900155,22,28,-6
119900156,11,2,9
119900157,275,118,157
119900158,234,60,174
119900159,8,294,-286
119900160,12,161,-149
119900161,80,65,15
119900162,1421,511,910
119900163,44,76,-32
119900164,1,6,-5
119900165,257,31,226
119900166,57,41,16
119900167,2,39,-37
119900168,2293,220,2073
119900169,55,286,-231
119900170,132,232,-100
119900171,858,290,568
119900172,26,17,9
119900173,6,154,-148
119900174,0,101,-101
119900175,2772,373,2399
119900177,19,102,-83
119900178,2,80,-78
119900179,273,1278,-1005
119900180,1823,646,1177
119900181,3,71,-68
119900182,2,71,-69
119900183,111,706,-595
119900184,404,222,182
119900185,79,460,-381
119900186,4,1930,-1926
119900187,3,128,-125
119900188,200,266,-66
119900189,79,291,-212
119900190,115,339,-224
119900191,146,495,-349
119900192,43,205,-162
119900193,681,147,534
119900194,19,52,-33
119900195,6,135,-129
119900196,192,70,122
119900197,383,214,169
119900198,186,208,-22
119900199,205,9,196
119900200,1019,443,576
119900201,195,98,97
119900202,31,325,-294
119900203,190,989,-799
119900204,292,249,43
119900205,1590,191,1399
119900206,375,137,238
119900208,142,114,28
119900209,670,2879,-2209
119900210,65,17,48
119900211,29,4,25
119900212,1363,384,979
119900213,3,49,-46
119900214,93,23,70
119900215,47,4,43
119900216,27,5,22
119900217,2,3,-1
119900218,4,88,-84
119900219,22,34,-12
119900220,8,27,-19
119900221,46,42,4
119900222,25,28,-3
119900223,12,19,-7
119900224,19,8,11
119900225,174,12,162
119900226,120,2115,-1995
119900227,205,133,72
119900228,19,171,-152
119900229,54,172,-118
119900230,616,147,469
119900231,308,76,232
119900232,161,72,89
119900233,57,1,56
119900234,0,108,-108
119900235,4,33,-29
119900236,9,145,-136
119900237,45,226,-181
119900238,0,105,-105
119900240,28,64,-36
119900241,175,98,77
119900242,1700,1240,460
119900244,599,1029,-430
119900245,319,272,47
119900246,109,323,-214
119900247,6,54,-48
119900248,33,546,-513
119900249,326,63,263
119900253,1144,263,881
119900254,87,1823,-1736
119900255,110,600,-490
119900256,926,176,750
119900257,122,10,112
119900258,93,2,91
119900259,12,66,-54
119900260,249,6,243
119900261,911,119,792
119900262,0,131,-131
119900263,1858,140,1718
119900264,265,37,228
119900265,393,253,140
119900266,768,128,640
119900267,191,265,-74
119900268,356,77,279
119900269,1238,361,877
119900271,18,85,-67
119900272,76,197,-121
119900275,234,48,186
119900276,230,9,221
119900277,37,4,33
119900278,444,97,347
119900279,128,477,-349
119900280,498,42,456
119900281,0,353,-353
119900282,8,73,-65
119900283,31,71,-40
119900284,23,114,-91
119900285,10,116,-106
119900286,0,20,-20
119900288,2,4,-2
119900289,0,3,-3
119900290,2,4,-2
119900291,0,33,-33
119900292,25,82,-57
119900293,10,21,-11
119900294,13,73,-60
119900295,25,2,23
119900296,106,21,85
119900297,0,2,-2
119900298,1,0,1
119900299,47,141,-94
119900300,251,151,100
119900301,42,388,-346
119900302,7,283,-276
119900303,404,192,212
119900304,242,14,228
119900305,10,71,-61
119900306,13,1,12
119900307,36,64,-28
119900308,1,49,-48
119900309,13,349,-336
119900310,229,223,6
119900311,252,40,212
119900312,304,29,275
119900313,262,144,118
119900314,219,417,-198
119900315,3139,887,2252
119900318,21,92,-71
119900319,0,47,-47
119900320,273,148,125
119900321,257,14,243
120000001,9373,43912,-34539
120000002,2927,2596,331
120000003,2294,1026,1268
120000004,3347,1057,2290
120000005,2524,1299,1225
120000006,2064,1089,975
120000007,3314,6405,-3091
120000008,1535,1023,512
120000009,1501,893,608
120000010,3315,3151,164
120000011,1579,1605,-26
120000012,2317,1745,572
120000013,5599,3638,1961
120000014,1611,2147,-536
120000015,3901,2609,1292
120000016,4930,2790,2140
120000017,5645,5479,166
120000018,3539,24538,-20999
120000019,1942,1973,-31
120000020,2500,3973,-1473
120000021,2112,2372,-260
120000022,2732,3632,-900
120000023,1716,1994,-278
120000024,1225,2340,-1115
120000025,3516,1787,1729
120000026,4770,2139,2631
120000027,3119,2089,1030
120000028,791,1974,-1183
120000029,1157,1530,-373
120000030,235,1299,-1064
120000031,1893,6180,-4287
120000032,4025,2663,1362
120000033,4674,1345,3329
120000034,5025,1042,3983
120000035,4689,1657,3032
120000036,4596,6094,-1498
120000037,712,2117,-1405
120000038,3290,3793,-503
120000039,673,2008,-1335
120000040,86,2040,-1954
120000041,485,1464,-979
120000042,2441,1289,1152
120000043,5648,775,4873
120000044,8096,1069,7027
120000045,11432,787,10645
120000046,6694,4571,2123
120000047,675,14644,-13969
120000048,12141,4809,7332
120000049,5974,5221,753
120000050,3987,7615,-3628
120000051,2555,4820,-2265
120000052,5684,1127,4557
120000053,1723,1310,413
120000054,1751,2018,-267
120000055,1359,2845,-1486
120000056,4706,2889,1817
120000057,5039,1007,4032
120000058,1329,1168,161
120000059,4,2063,-2059
120000061,208,718,-510
120000062,164,329,-165
120000063,445,1907,-1462
120000064,410,540,-130
120000065,318,753,-435
120000066,102,273,-171
120000067,12,178,-166
120000068,433,266,167
120000069,1088,214,874
120000070,281,342,-61
120000071,1083,68,1015
120000072,1253,486,767
120000073,1294,32,1262
120000074,44,50,-6
120000075,948,254,694
120000076,3609,374,3235
120000077,3530,753,2777
120000078,2588,1008,1580
120000079,906,486,420
120000080,282,321,-39
120000081,525,159,366
120000082,711,344,367
120000083,83,1314,-1231
120000084,379,250,129
120000085,309,319,-10
120000086,319,227,92
120000087,333,170,163
120000088,1095,843,252
120000089,1070,413,657
120000090,1171,515,656
120000091,1516,771,745
120000092,1040,318,722
120000093,1125,469,656
120000094,462,863,-401
120000095,1109,186,923
120000096,761,345,416
120000098,1251,546,705
120000099,565,564,1
120000100,779,653,126
120000101,888,382,506
120000102,1572,1415,157
120000103,2222,1142,1080
120000104,3504,480,3024
120000105,4556,347,4209
120000106,5508,405,5103
120000107,9262,454,8808
120000108,3409,92,3317
120000109,1888,70,1818
120000110,47,688,-641
120000111,96,551,-455
120000112,423,976,-553
120000113,560,886,-326
120000114,402,1037,-635
120000115,324,952,-628
120000116,451,1233,-782
120000117,605,1034,-429
120000118,64,86,-22
120000119,53,70,-17
120000120,233,354,-121
120000121,18,46,-28
120000122,340,1534,-1194
120000123,2263,13391,-11128
120000124,638,628,10
120000125,1533,434,1099
120000126,573,3248,-2675
120000127,812,1998,-1186
120000128,2814,6405,-3591
120000129,398,204,194
120000130,1363,496,867
120000131,754,601,153
120000134,302,317,-15
120000135,1315,624,691
120000137,343,273,70
120000138,2979,163,2816
120000139,487,217,270
120000140,2336,133,2203
120000141,381,284,97
120000142,1420,253,1167
120000143,0,49,-49
120000144,192,22,170
120000145,1158,2,1156
120000146,1069,2368,-1299
120000149,628,477,151
120000150,1791,14998,-13207
120000151,861,628,233
120000152,1424,181,1243
120000153,790,661,129
120000154,1098,1001,97
120000155,444,680,-236
120000156,761,3977,-3216
120000157,1540,746,794
120000158,1644,629,1015
120000159,2575,1348,1227
120000160,2438,1745,693
120000161,5100,2849,2251
120000162,214,470,-256
120000163,1215,610,605
120000164,831,162,669
120000165,1326,405,921
120000166,2102,297,1805
120000167,264,197,67
120000168,1,558,-557
120000169,61,1756,-1695
120000170,13,2043,-2030
120000171,6,846,-840
120000172,6,485,-479
120000173,122,1334,-1212
120000174,18,91,-73
120000175,24,100,-76
120000176,27,81,-54
120000177,543,132,411
120000178,3,18,-15
120000179,10,72,-62
120000180,29,33,-4
120000181,43,1125,-1082
120000182,16,1099,-1083
120000183,1,263,-262
120000184,182,1032,-850
120000186,16,1625,-1609
120000187,7,786,-779
120000188,20,733,-713
120000190,36,46,-10
120000191,58,87,-29
120000192,63,26,37
120000193,18,4,14
120000195,3,0,3
120000196,14,0,14
120000197,18,4,14
120000198,304,28,276
120000199,403,0,403
120000200,718,2,716
120000201,93,68,25
120000202,2,49,-47
120000203,418,96,322
120000207,3,34,-31
120000208,18,43,-25
120000209,14,2,12
120000210,45,5,40
120000211,547,7,540
120000212,610,2,608
120000213,341,73,268
120000214,4,55,-51
120000215,15,42,-27
120000216,686,31,655
120000217,237,827,-590
120000218,12,406,-394
120000219,4,203,-199
120000220,6,446,-440
120000225,3574,4,3570
120000226,664,9,655
120000227,1328,182,1146
120000228,10966,6222,4744
120000230,899,26,873
120000231,2720,655,2065
120000233,956,36,920
120000235,519,454,65
120000236,1931,2,1929
120000237,1,646,-645
120000238,1,672,-671
120000241,1459,5976,-4517
120000412,216,2,214
120000413,951,199,752
120000414,601,13,588
120000415,0,36,-36
120000416,231,19,212
120000417,36,228,-192
120000418,664,17,647
120000419,31,51,-20
120000420,84,9,75
120000421,8217,4021,4196
120000422,136,4926,-4790
120000423,9,159,-150
120000424,573,77,496
120000436,117,1989,-1872
120000437,60,141,-81
120000438,1644,265,1379
120000439,435,1008,-573
120000443,236,0,236
120000444,2583,551,2032
120000445,2972,1966,1006
120000446,2830,188,2642
120000447,881,3,878
120000449,409,9,400
120000450,26,82,-56
120000451,304,208,96
120000452,303,0,303
120000453,0,36,-36
120000454,35,46,-11
120000455,199,61,138
120000456,1637,7518,-5881
120000457,281,330,-49
120000458,417,645,-228
120000459,209,144,65
120000665,62,381,-319
120000668,158,2319,-2161
120000669,539,120,419
120000670,74,614,-540
120000671,3742,1231,2511
120000672,93,426,-333
120900001,79,39,40
120900002,68,556,-488
120900003,238,14,224
120900004,10,212,-202
120900005,3,381,-378
120900006,1366,200,1166
120900007,429,67,362
120900008,698,234,464
120900009,345,33,312
120900010,1151,170,981
120900011,27,343,-316
120900012,23,1447,-1424
120900013,398,83,315
120900014,3,248,-245
120900015,1161,171,990
120900016,3107,112,2995
120900017,1971,12,1959
120900018,379,176,203
120900019,556,574,-18
120900020,416,700,-284
120900021,548,108,440
120900022,7,267,-260
120900023,491,90,401
120900024,1448,344,1104
120900025,1076,835,241
120900026,165,97,68
120900027,513,27,486
120900028,843,244,599
120900029,43,1336,-1293
120900030,3886,576,3310
120900031,428,82,346
120900032,2202,88,2114
120900033,2221,79,2142
120900034,20,5164,-5144
120900035,38,32,6
120900037,525,21,504
120900038,223,594,-371
120900039,257,42,215
120900040,504,4,500
120900041,20,19,1
120900042,843,30,813
120900043,198,40,158
120900044,2,726,-724
120900045,108,30,78
120900046,1271,13,1258
120900047,263,165,98
120900048,277,14,263
120900049,767,1,766
120900050,984,4133,-3149
120900051,381,87,294
120900052,1577,5,1572
120900053,619,17,602
120900054,632,284,348
120900055,1449,4,1445
120900056,1420,24,1396
120900057,685,10,675
120900058,1216,6,1210
120900059,263,13,250
120900060,97,5,92
120900061,221,105,116
120900062,854,3,851
120900063,2125,51,2074
120900064,1345,1,1344
120900065,1227,3,1224
120900066,745,93,652
120900067,310,143,167
120900068,539,4,535
120900069,1164,18,1146
120900071,18,1,17
120900072,1951,19,1932
120900073,1827,21,1806
120900074,901,25,876
120900076,816,1,815
120900077,1116,113,1003
120900078,1412,252,1160
120900079,1121,30,1091
120900080,2395,227,2168
120900081,3600,229,3371
120900082,298,637,-339
120900083,66,0,66
120900084,720,570,150
120900085,63,109,-46
120900086,51,1046,-995
120900087,559,262,297
120900088,172,1071,-899
120900089,1612,6249,-4637
120900090,412,23,389
120900091,203,846,-643
120900092,158,210,-52
120900093,960,89,871
120900094,164,166,-2
120900095,375,12,363
120900096,114,81,33
120900097,721,464,257
120900098,128,127,1
120900099,33,58,-25
120900100,59,159,-100
120900101,20,148,-128
120900102,96,47,49
120900103,115,184,-69
120900104,20,32,-12
120900105,51,378,-327
120900106,303,188,115
120900107,86,115,-29
120900108,49,164,-115
120900109,52,297,-245
120900110,32,137,-105
120900111,183,148,35
120900112,31,202,-171
120900113,17,391,-374
120900114,7,132,-125
120900115,113,281,-168
120900116,1218,146,1072
120900117,20,96,-76
120900118,27,114,-87
120900119,8654,2358,6296
120900120,121,773,-652
120900121,16,230,-214
120900122,1466,177,1289
120900123,16,59,-43
120900124,3,100,-97
120900125,2,232,-230
120900126,141,539,-398
120900127,28,117,-89
120900128,220,446,-226
120900129,6,111,-105
120900130,32,114,-82
120900131,267,139,128
120900132,2003,94,1909
120900133,38,428,-390
120900134,206,114,92
120900135,2,149,-147
120900136,30,64,-34
120900137,540,60,480
120900138,8,118,-110
120900139,2,115,-113
120900140,4,163,-159
120900141,176,252,-76
120900142,10,102,-92
120900143,0,112,-112
120900144,0,32,-32
120900145,164,713,-549
120900146,37,80,-43
120900147,409,25,384
120900148,100,120,-20
120900149,0,104,-104
120900150,94,113,-19
120900151,288,92,196
120900152,653,15,638
120900153,0,0,0
120900154,4,104,-100
120900155,301,247,54
120900156,978,156,822
120900157,0,0,0
120900158,132,158,-26
120900159,1,44,-43
120900160,56,350,-294
120900161,25,276,-251
120900162,38,375,-337
120900163,167,669,-502
120900164,0,29,-29
120900165,0,116,-116
120900166,50,1069,-1019
120900167,78,79,-1
120900169,134,163,-29
120900170,187,6572,-6385
120900171,314,76,238
120900172,87,1738,-1651
120900173,15,29,-14
120900174,6,122,-116
120900175,189,80,109
120900176,18,443,-425
120900177,1,3179,-3178
120900178,16,264,-248
120900179,64,251,-187
120900180,46,286,-240
120900181,6,45,-39
120900182,63,70,-7
120900183,1517,734,783
120900184,431,98,333
120900185,773,2554,-1781
120900186,0,103,-103
120900187,729,636,93
120900188,604,12,592
120900189,90,6630,-6540
120900190,468,4,464
120900191,347,13,334
120900192,4575,22813,-18238
120900194,146,169,-23
120900195,76,186,-110
120900196,379,136,243
120900197,898,108,790
120900198,124,256,-132
120900199,285,268,17
120900200,11,88,-77
120900201,153,91,62
120900202,0,85,-85
120900203,36,63,-27
120900204,109,152,-43
120900205,111,61,50
120900206,104,55,49
120900207,36,514,-478
121000001,890,3389,-2499
121000002,2608,2610,-2
121000003,8823,2403,6420
121000004,2484,3597,-1113
121000005,2565,3255,-690
121000006,2803,3279,-476
121000007,3229,8201,-4972
121000008,3659,5559,-1900
121000009,5422,9187,-3765
121000010,6052,6341,-289
121000011,6771,7596,-825
121000012,11343,4293,7050
121000013,6943,5954,989
121000014,4950,4476,474
121000015,5780,8505,-2725
121000016,3728,4757,-1029
121000017,2012,1535,477
121000018,3185,2253,932
121000019,8326,6996,1330
121000020,9254,14463,-5209
121000021,1774,1666,108
121000022,2329,3026,-697
121000023,2398,860,1538
121000024,4499,4748,-249
121000025,546,1910,-1364
121000026,468,258,210
121000027,1771,1579,192
121000028,911,1053,-142
121000029,931,813,118
121000030,822,988,-166
121000031,464,1092,-628
121000032,174,141,33
121000034,542,1855,-1313
121000035,397,714,-317
121000036,1142,1593,-451
121000037,692,2140,-1448
121000038,377,1076,-699
121000039,202,489,-287
121000041,535,422,113
121000042,134,366,-232
121000043,648,771,-123
121000044,2295,1448,847
121000045,494,191,303
121000046,933,1023,-90
121000047,512,257,255
121000049,1277,736,541
121000050,398,2442,-2044
121000051,691,470,221
121000052,397,1549,-1152
121000053,703,359,344
121000054,71,865,-794
121000055,1187,4028,-2841
121000056,1089,1429,-340
121000057,137,496,-359
121000058,212,340,-128
121000059,3255,1622,1633
121000060,477,1260,-783
121000061,22,469,-447
121000062,120,1748,-1628
121000063,1190,1459,-269
121000064,624,955,-331
121000065,290,934,-644
121000066,751,2092,-1341
121000067,478,1120,-642
121000068,402,734,-332
121000069,128,1619,-1491
121000070,1187,2393,-1206
121000071,2089,2616,-527
121000072,699,2577,-1878
121000073,1093,2032,-939
121000074,52,615,-563
121000075,8,234,-226
121000076,364,445,-81
121000077,108,204,-96
121000078,78,336,-258
121000080,3763,902,2861
121000081,4953,4469,484
121000082,128,613,-485
121000083,55,222,-167
121000084,420,539,-119
121000085,534,653,-119
121000086,1496,453,1043
121000087,78,199,-121
121000088,764,613,151
121000089,107,529,-422
121000090,185,510,-325
121000091,1495,889,606
121000092,266,119,147
121000093,408,480,-72
121000094,290,794,-504
121000095,177,917,-740
121000096,7616,2287,5329
121000097,469,2615,-2146
121000098,740,529,211
121000099,1095,517,578
121000100,1112,207,905
121000101,417,145,272
121000102,475,134,341
121000103,303,99,204
121000104,351,28,323
121000105,434,66,368
121000106,284,148,136
121000107,1763,3192,-1429
121000109,1248,752,496
121000110,173,640,-467
121000114,4728,2918,1810
121000115,4620,833,3787
121000116,532,1098,-566
121000117,205,420,-215
121000118,1839,438,1401
121000119,386,297,89
121000120,579,426,153
121000121,425,3068,-2643
121000123,742,538,204
121000127,116,186,-70
121000128,1306,90,1216
121000129,1195,130,1065
121000130,557,579,-22
121000131,1124,674,450
121000132,525,809,-284
121000135,167,218,-51
121000136,931,1991,-1060
121000137,1543,438,1105
121000138,414,1490,-1076
121000139,130,563,-433
121000141,246,376,-130
121000142,798,1137,-339
121000143,102,25,77
121000144,511,762,-251
121000145,1001,803,198
121000146,1121,2059,-938
121000147,1416,688,728
121000148,977,1150,-173
121000149,3106,3061,45
121000152,326,453,-127
121000153,1472,560,912
121000154,2252,664,1588
121000155,4796,1643,3153
121000156,518,1263,-745
121000157,1106,1178,-72
121000158,228,380,-152
121000159,258,618,-360
121000160,301,600,-299
121000161,342,386,-44
121000162,193,68,125
121000165,1058,1879,-821
121000166,76,564,-488
121000168,398,238,160
121000169,186,228,-42
121000170,254,124,130
121000171,199,309,-110
121000172,1506,2156,-650
121000173,1997,1828,169
121000174,894,685,209
121000175,2122,1168,954
121000176,824,427,397
121000177,970,1212,-242
121000178,76,112,-36
121000179,42,65,-23
121000181,338,374,-36
121000182,268,629,-361
121000183,44,226,-182
121000184,17,320,-303
121000185,28,618,-590
121000186,382,1142,-760
121000187,345,99,246
121000188,544,101,443
121000192,801,514,287
121000193,861,415,446
121000194,2642,2663,-21
121000195,371,2150,-1779
121000196,699,945,-246
121000197,176,2131,-1955
121000198,148,372,-224
121000199,86,423,-337
121000200,747,263,484
121000201,5,463,-458
121000202,669,265,404
121000203,644,1595,-951
121000204,3513,691,2822
121000205,78,266,-188
121000206,133,122,11
121000207,2495,699,1796
121000208,4,320,-316
121000209,1093,82,1011
121000210,860,409,451
121000211,649,150,499
121000212,374,904,-530
121000213,23568,4370,19198
121000214,2150,2578,-428
121000215,660,3725,-3065
121000216,667,840,-173
121000217,4580,4451,129
121000218,443,3835,-3392
121000219,1949,1223,726
121000220,352,177,175
121000221,249,778,-529
121000222,7874,4697,3177
121000223,223,1245,-1022
121000224,149,635,-486
121000225,599,8116,-7517
121000226,1019,3154,-2135
121000227,40,188,-148
121000228,45,966,-921
121000229,824,793,31
121000230,126,4507,-4381
121000231,2578,19,2559
121000232,767,397,370
121000233,940,456,484
121000234,1,100,-99
121000235,42,91,-49
121000236,2,35,-33
121000237,5,36,-31
121000238,3,101,-98
121000239,46,4,42
121000240,9,140,-131
121000241,60,8,52
121000242,24,448,-424
121000243,123,42,81
121000244,0,16,-16
121000245,21,1,20
121000246,1,79,-78
121000247,127,5,122
121000248,345,470,-125
121000249,103,575,-472
121000250,614,729,-115
121000251,17,325,-308
121000252,149,225,-76
121000253,454,1322,-868
121000254,1245,741,504
121000255,173,788,-615
121000256,321,725,-404
121000257,19,227,-208
121000258,43,322,-279
121000259,26,293,-267
121000260,28,522,-494
121000261,45,423,-378
121000262,3638,345,3293
121000263,479,595,-116
121000271,1694,1866,-172
121000273,29,47,-18
121000274,24,313,-289
121000275,31,48,-17
121000276,6,85,-79
121000278,151,212,-61
121000289,608,15,593
121000290,2480,1952,528
121000294,277,42,235
121000297,289,1677,-1388
121000299,112,6332,-6220
121000300,2674,1868,806
121000302,12,745,-733
121000303,946,267,679
121000304,626,91,535
121000305,520,216,304
121000306,372,486,-114
121000308,57,309,-252
121000309,320,466,-146
121000310,164,430,-266
121000311,49,269,-220
121000312,894,613,281
121000313,396,270,126
121000314,18,34,-16
121000315,7,57,-50
121000530,2495,2931,-436
121000531,2869,2137,732
121000532,5333,5466,-133
121000533,3219,4252,-1033
121000918,16,65,-49
121000919,27,189,-162
121000938,72,49,23
121000939,51,254,-203
121000956,1801,2126,-325
121000957,0,61,-61
121000958,0,430,-430
121000959,1685,370,1315
121000960,1720,1510,210
121000961,546,41,505
121000962,291,392,-101
121000973,0,348,-348
121000976,3,55,-52
121000979,551,147,404
121000981,457,59,398
121000982,577,220,357
121000983,969,214,755
121000984,2,92,-90
121000985,1156,603,553
121000986,811,373,438
121000987,361,891,-530
121000988,1352,169,1183
121001302,328,112,216
121001308,1,68,-67
121001309,49,374,-325
121001313,327,63,264
121001314,1858,1322,536
121001315,5932,4401,1531
121001326,832,435,397
121001327,385,200,185
121001328,109,45,64
121900001,194,526,-332
121900002,54,242,-188
121900003,323,1,322
121900004,48,1568,-1520
121900005,6,10,-4
121900006,121,10,111
121900007,3345,1670,1675
121900008,24,200,-176
121900009,1568,53,1515
121900010,304,6,298
121900011,146,43,103
121900012,3,0,3
121900013,190,96,94
121900014,4727,532,4195
121900015,135,186,-51
121900016,19,86,-67
121900017,649,1149,-500
121900018,808,21,787
121900019,723,167,556
121900020,52,2,50
121900021,1124,75,1049
121900022,220,280,-60
121900023,200,580,-380
121900024,598,31,567
121900025,651,861,-210
121900026,531,154,377
121900027,453,258,195
121900028,334,29,305
121900029,122,841,-719
121900030,403,792,-389
121900031,2092,7405,-5313
121900032,105,108,-3
121900033,138,434,-296
121900034,131,582,-451
121900035,10609,4258,6351
121900036,164,616,-452
121900037,85,1513,-1428
121900038,21,70,-49
121900039,218,28,190
121900040,50,107,-57
121900041,40,286,-246
121900042,479,190,289
121900043,0,1,-1
121900044,87,32,55
121900046,156,237,-81
121900047,175,85,90
121900048,38,70,-32
121900050,34,63,-29
121900051,172,422,-250
121900052,245,86,159
121900053,452,394,58
121900054,341,2400,-2059
121900055,2,9,-7
121900058,272,442,-170
121900059,294,184,110
121900060,142,658,-516
121900062,70,55,15
121900063,1974,551,1423
121900064,437,964,-527
121900066,62,24,38
121900067,45,34,11
121900069,192,231,-39
121900070,88,253,-165
121900071,935,382,553
121900072,38,84,-46
121900073,181,450,-269
121900074,281,483,-202
121900075,325,1185,-860
121900076,465,2652,-2187
121900078,114,33,81
121900079,0,0,0
121900080,944,166,778
121900082,88,100,-12
121900084,16,18,-2
121900086,19,27,-8
121900087,51,141,-90
121900088,1565,1770,-205
121900089,456,197,259
121900090,17,29,-12
121900091,70,59,11
121900092,116,65,51
121900093,93,98,-5
121900094,11,63,-52
121900095,438,124,314
121900096,843,762,81
121900097,889,145,744
121900098,3,5,-2
121900099,296,25,271
121900100,38,186,-148
121900101,89,176,-87
121900102,1,96,-95
121900103,328,470,-142
121900104,2562,474,2088
121900105,200,104,96
121900106,2,7,-5
121900107,78,12,66
121900108,1,4,-3
121900109,250,182,68
121900110,728,513,215
121900111,848,547,301
121900112,128,189,-61
121900113,93,589,-496
121900114,33,36,-3
121900117,158,577,-419
121900118,3531,698,2833
121900119,186,34,152
121900120,171,729,-558
121900121,516,39,477
121900122,40,42,-2
121900123,337,365,-28
121900124,438,221,217
121900125,4523,1657,2866
121900127,15,182,-167
121900128,120,143,-23
121900129,282,88,194
121900130,138,645,-507
121900131,388,126,262
121900132,85,67,18
121900133,9,496,-487
121900134,18,570,-552
121900135,5644,396,5248
121900136,350,368,-18
121900137,26,359,-333
121900138,53,311,-258
121900139,480,5203,-4723
121900140,52,81,-29
121900141,49,34,15
121900142,42,42,0
121900143,28,85,-57
121900144,131,904,-773
121900145,159,120,39
121900146,308,637,-329
121900147,68,618,-550
121900148,305,657,-352
121900149,320,326,-6
121900150,38,395,-357
121900151,26,719,-693
121900152,145,74,71
121900153,9,143,-134
121900154,17,717,-700
121900155,1,531,-530
121900156,112,256,-144
121900157,1,360,-359
121900158,155,132,23
121900159,1,175,-174
121900160,0,262,-262
121900161,118,570,-452
121900162,56,303,-247
121900163,783,162,621
121900164,182,368,-186
121900165,150,210,-60
121900166,97,232,-135
121900167,36,43,-7
121900168,113,77,36
121900169,40,692,-652
121900170,24,81,-57
121900171,975,893,82
121900172,778,572,206
121900173,1051,604,447
121900174,56,40,16
121900175,47,1277,-1230
121900176,688,2761,-2073
121900177,187,92,95
121900178,64,102,-38
121900179,344,581,-237
121900180,1707,6366,-4659
121900182,705,1347,-642
121900183,308,1858,-1550
121900184,10,1053,-1043
121900186,4,624,-620
121900187,33,120,-87
121900188,1853,190,1663
121900189,157,47,110
121900190,253,634,-381
121900191,43,951,-908
121900192,343,3587,-3244
121900193,54,589,-535
121900194,4,229,-225
121900195,13,48,-35
121900196,1530,1317,213
121900197,462,1109,-647
121900198,4958,3419,1539
121900199,0,19,-19
121900200,58,275,-217
121900201,1543,730,813
121900202,321,1111,-790
121900203,105,1699,-1594
121900204,2460,1607,853
121900205,10,158,-148
121900206,5,133,-128
121900207,17,54,-37
121900208,112,1033,-921
121900209,40,46,-6
121900210,3524,1437,2087
121900211,1327,452,875
121900212,35,170,-135
121900213,502,30,472
121900214,1,415,-414
121900215,33,328,-295
121900216,7,413,-406
121900217,377,270,107
121900218,142,981,-839
121900220,87,17,70
121900221,978,547,431
121900222,455,96,359
121900223,183,230,-47
121900224,118,218,-100
121900225,213,1058,-845
121900226,238,39,199
121900227,319,3938,-3619
121900228,219,147,72
121900230,60,444,-384
121900231,42,1472,-1430
121900232,219,829,-610
121900233,911,215,696
121900234,275,639,-364
121900235,796,113,683
121900236,339,302,37
121900237,287,1389,-1102
121900238,220,566,-346
121900239,73,61,12
121900240,125,214,-89
121900241,19,39,-20
121900242,9,0,9
121900243,7,0,7
121900244,3,2,1
121900245,578,44,534
121900246,9825,522,9303
121900248,2410,789,1621
121900250,61,405,-344
121900251,861,15,846
121900252,279,192,87
121900253,62,1512,-1450
121900254,202,434,-232
121900255,916,221,695
121900258,6317,1441,4876
121900259,87,609,-522
121900260,95,115,-20
121900261,95,788,-693
121900262,1116,1714,-598
121900263,293,168,125
121900264,955,848,107
121900265,388,181,207
121900266,736,290,446
121900267,322,15,307
121900269,498,801,-303
121900270,53,186,-133
121900271,28,333,-305
121900273,409,2397,-1988
121900274,649,222,427
121900277,211,1399,-1188
121900278,81,3224,-3143
121900279,218,231,-13
121900280,44,317,-273
121900281,122,402,-280
121900284,20,4,16
121900286,151,103,48
121900287,3,110,-107
121900288,1,0,1
121900290,169,2616,-2447
121900291,429,2229,-1800
121900292,115,200,-85
121900293,934,10447,-9513
121900294,398,6,392
121900295,191,118,73
121900296,66,295,-229
121900298,110,1510,-1400
121900299,0,3,-3
121900300,36,5,31
121900301,41,0,41
121900302,2,78,-76
121900303,110,1377,-1267
121900304,38,28,10
121900305,44,42,2
121900306,441,2,439
121900307,176,12,164
121900308,5,331,-326
121900309,7,248,-241
121900310,9,122,-113
121900311,874,8,866
121900312,517,5,512
121900313,560,21,539
121900314,1,20,-19
121900315,88,0,88
121900316,0,27,-27
121900317,7,7,0
121900318,4,13,-9
121900319,72,303,-231
121900320,131,31,100
121900321,35,0,35
121900322,7,12,-5
121900323,72,13,59
121900324,4,60,-56
121900325,26,2,24
121900326,1,6,-5
121900327,8,40,-32
121900328,0,49,-49
121900329,2,35,-33
121900330,0,64,-64
121900331,3,43,-40
121900332,75,24,51
121900333,130,1,129
121900334,94,30,64
122000001,1398,4030,-2632
122000002,2046,988,1058
122000003,703,2203,-1500
122000004,918,1138,-220
122000005,7236,1918,5318
122000006,505,1319,-814
122000007,356,1710,-1354
122000008,781,2499,-1718
122000009,467,601,-134
122000010,2334,2807,-473
122000011,6766,2700,4066
122000012,675,4384,-3709
122000013,575,2212,-1637
122000014,7040,2103,4937
122000015,944,942,2
122000016,318,519,-201
122000017,1409,1643,-234
122000018,3740,2818,922
122000019,974,3241,-2267
122000020,220,671,-451
122000021,162,347,-185
122000022,1658,2219,-561
122000023,1180,2803,-1623
122000024,435,3650,-3215
122000025,490,3741,-3251
122000026,264,1101,-837
122000027,895,917,-22
122000028,2731,942,1789
122000029,217,1885,-1668
122000030,111,240,-129
122000031,253,721,-468
122000032,6308,3478,2830
122000033,326,4456,-4130
122000034,197,1131,-934
122000035,175,422,-247
122000036,354,1218,-864
122000037,1477,337,1140
122000038,198,736,-538
122000039,627,1132,-505
122000040,158,383,-225
122000041,1918,1263,655
122000042,505,947,-442
122000043,68,227,-159
122000044,59,190,-131
122000045,2904,1212,1692
122000046,973,2195,-1222
122000047,69,389,-320
122000048,1576,3953,-2377
122000049,7728,3956,3772
122000050,529,636,-107
122000051,306,613,-307
122000052,728,572,156
122000053,269,1035,-766
122000054,1643,2179,-536
122000055,1473,3086,-1613
122000056,3011,1899,1112
122000057,5034,2893,2141
122000058,527,1712,-1185
122000059,537,3490,-2953
122000060,191,1055,-864
122000061,122,657,-535
122000062,556,217,339
122000063,205,1340,-1135
122000064,2478,8057,-5579
122000065,1933,5423,-3490
122000066,271,1995,-1724
122000067,1296,2602,-1306
122000068,6275,1672,4603
122000069,1998,2764,-766
122000070,1993,1787,206
122000071,5522,1392,4130
122000072,1839,897,942
122000073,149,1971,-1822
122000074,2477,2791,-314
122000075,1401,1105,296
122000076,9563,2546,7017
122000077,517,2613,-2096
122000078,413,3184,-2771
122000079,147,3224,-3077
122000080,449,706,-257
122000081,89,195,-106
122000082,270,1409,-1139
122000083,11199,923,10276
122000084,7068,2312,4756
122000085,337,1477,-1140
122000086,4681,9947,-5266
122000087,241,213,28
122000088,32,228,-196
122000089,9099,3323,5776
122000090,946,2686,-1740
122000091,122,1683,-1561
122000092,53,199,-146
122000093,1579,7191,-5612
122000094,8961,3540,5421
122000095,650,6584,-5934
122000096,433,3779,-3346
122000098,5015,4116,899
122000099,426,2877,-2451
122000100,684,794,-110
122000101,250,562,-312
122000102,6295,1747,4548
122000103,1212,4095,-2883
122000104,2744,193,2551
122000105,287,728,-441
122000106,482,2346,-1864
122000107,1515,380,1135
122000108,743,858,-115
122000109,464,249,215
122000110,808,600,208
122000111,3224,1639,1585
122000112,2396,2167,229
122000113,562,965,-403
122000114,1278,4947,-3669
122000115,1992,1322,670
122000116,261,616,-355
122000117,1515,556,959
122000118,759,345,414
122000119,2409,1121,1288
122000120,640,2451,-1811
122000121,621,1654,-1033
122000122,212,657,-445
122000123,965,1526,-561
122000124,592,442,150
122000125,424,648,-224
122000126,303,476,-173
122000127,239,551,-312
122000128,230,307,-77
122000129,513,2939,-2426
122000130,3133,859,2274
122000131,967,1137,-170
122000132,278,352,-74
122000133,728,666,62
122000134,1076,751,325
122000135,453,233,220
122000136,839,627,212
122000137,2906,1261,1645
122000139,827,4038,-3211
122000140,182,2172,-1990
122000141,7998,4009,3989
122000142,92,5722,-5630
122000143,234,405,-171
122000144,1901,1767,134
122000145,860,1443,-583
122000146,391,4955,-4564
122000147,474,1314,-840
122000148,351,1622,-1271
122000149,1639,988,651
122000150,1627,1185,442
122000151,178,432,-254
122000152,313,523,-210
122000153,520,686,-166
122000154,311,254,57
122000155,1351,2921,-1570
122000156,13127,5378,7749
122000157,565,13175,-12610
122000158,289,1803,-1514
122000159,834,1483,-649
122000160,1853,1639,214
122000161,1114,829,285
122000162,855,1082,-227
122000163,431,157,274
122000164,34,191,-157
122000165,1240,1869,-629
122000166,636,3615,-2979
122000167,391,804,-413
122000168,213,1793,-1580
122000169,494,377,117
122000170,343,438,-95
122000171,23,82,-59
122000172,2988,1584,1404
122000173,1767,3290,-1523
122000174,1055,2304,-1249
122000175,641,527,114
122000176,405,1796,-1391
122000177,831,1787,-956
122000178,7049,4443,2606
122000179,3813,3766,47
122000180,611,926,-315
122000181,756,1376,-620
122000182,1637,948,689
122000183,3330,1392,1938
122000184,3365,3387,-22
122000185,935,3536,-2601
122000186,1018,3375,-2357
122000187,1921,2518,-597
122000188,657,593,64
122000189,217,368,-151
122000190,607,2421,-1814
122000191,812,839,-27
122000192,1193,590,603
122000193,471,1122,-651
122000194,359,452,-93
122000195,233,1948,-1715
122000196,993,398,595
122000197,430,861,-431
122000198,472,3464,-2992
122000199,324,556,-232
122000200,910,828,82
122000201,1299,3457,-2158
122000202,845,2923,-2078
122000203,2003,1284,719
122000204,1137,1330,-193
122000205,667,558,109
122000206,10115,1772,8343
122000207,1695,3574,-1879
122000208,2211,4559,-2348
122000209,2446,1092,1354
122000210,2036,4212,-2176
122000211,1161,3381,-2220
122000212,668,632,36
122000213,934,2459,-1525
122000214,1807,2119,-312
122000215,2991,1992,999
122000217,1523,3751,-2228
122000218,1158,124,1034
122000219,2410,1240,1170
122000220,263,851,-588
122000221,145,471,-326
122000222,484,169,315
122000223,655,1011,-356
122000225,574,531,43
122000226,1147,1457,-310
122000227,210,1624,-1414
122000228,147,300,-153
122000229,28,394,-366
122000230,22,314,-292
122000231,315,735,-420
122000232,532,770,-238
122000233,0,53,-53
122000234,668,75,593
122000235,1504,70,1434
122000236,1563,51,1512
122000237,73,75,-2
122000238,285,458,-173
122000239,812,347,465
122000240,1380,680,700
122000241,3123,646,2477
122000242,668,193,475
122000243,681,56,625
122000244,50,485,-435
122000245,167,96,71
122000246,497,292,205
122000247,713,264,449
122000248,1584,658,926
122000249,2044,1361,683
122000250,2799,1503,1296
122000251,77,276,-199
122000252,221,63,158
122000253,44,82,-38
122000254,440,68,372
122000255,479,645,-166
122000256,185,407,-222
122000257,343,118,225
122000258,274,284,-10
122000259,51,470,-419
122000260,344,775,-431
122000261,10,325,-315
122000262,0,25,-25
122000263,211,324,-113
122000264,1814,610,1204
122000265,4170,1499,2671
122000266,4726,957,3769
122000267,264,181,83
122000268,198,536,-338
122000269,1099,532,567
122000270,582,600,-18
122000271,247,4924,-4677
122000272,375,1528,-1153
122000273,453,815,-362
122000274,279,273,6
122000275,499,239,260
122000276,1423,490,933
122000277,963,2011,-1048
122000278,2107,302,1805
122000279,204,227,-23
122000280,628,522,106
122000281,466,405,61
122000282,99,424,-325
122000283,285,210,75
122000284,100,168,-68
122000285,506,85,421
122000286,93,124,-31
122000287,1730,1439,291
122000288,601,284,317
122000291,3925,771,3154
122000293,362,132,230
122000294,123,494,-371
122000295,1411,146,1265
122000296,56,1550,-1494
122000297,1887,4344,-2457
122000299,667,296,371
122000300,527,454,73
122000301,11313,4026,7287
122000302,428,4763,-4335
122000303,2268,979,1289
122000304,20,247,-227
122000305,1942,865,1077
122000306,101,290,-189
122000307,101,136,-35
122000309,75,56,19
122000310,16,141,-125
122000311,18,197,-179
122000312,178,240,-62
122000313,32,112,-80
122000314,180,588,-408
122000315,260,36,224
122000316,1512,381,1131
122000317,3378,326,3052
122000318,233,1138,-905
122000319,115,374,-259
122000320,333,1258,-925
122000321,70,254,-184
122000322,1726,2343,-617
122000323,448,2714,-2266
122000324,2277,3246,-969
122000325,764,4618,-3854
122000326,208,137,71
122000327,409,1793,-1384
122000328,589,1128,-539
122000330,3687,3366,321
122000333,52,58,-6
122000337,1113,375,738
122000338,540,201,339
122000340,237,5332,-5095
122000342,2420,820,1600
122000343,511,492,19
122000344,150,8,142
122000345,466,29,437
122000346,169,195,-26
122000348,531,781,-250
122000349,19,646,-627
122000351,286,274,12
122000352,154,238,-84
122000353,221,83,138
122000355,141,393,-252
122000356,235,3525,-3290
122000357,64,9,55
122000358,2,17,-15
122000359,0,39,-39
122000360,0,15,-15
122000362,7,22,-15
122000364,318,171,147
122000365,2,52,-50
122000366,49,5,44
122000368,547,742,-195
122000370,10,8,2
122000371,34,0,34
122000372,5,0,5
122000381,221,533,-312
122000382,63,353,-290
122000384,904,1273,-369
122000385,75,1,74
122000386,149,2382,-2233
122000387,442,2626,-2184
122000388,1378,2359,-981
122000389,414,2474,-2060
122000390,391,1085,-694
122000391,63,1364,-1301
122000392,259,207,52
122000393,719,401,318
122000394,761,319,442
122000395,171,216,-45
122000396,402,122,280
122000397,40,129,-89
122000398,17,270,-253
122000399,157,42,115
122000400,11,1843,-1832
122000401,178,65,113
122000402,575,351,224
122000403,675,450,225
122000404,336,258,78
122000408,489,625,-136
122000503,4,120,-116
122000524,81,648,-567
122000544,56,3786,-3730
122000614,514,422,92
122000616,147,0,147
122000640,124,85,39
122000641,284,291,-7
122000642,1677,706,971
122000643,49,309,-260
122000644,189,106,83
122000645,30,170,-140
122000651,418,3781,-3363
122000664,272,246,26
122000665,2230,772,1458
122000666,443,912,-469
122000673,40,151,-111
122000674,633,340,293
122000675,2898,630,2268
122000686,552,3659,-3107
122000687,2487,280,2207
122000688,295,760,-465
122000689,1555,268,1287
122000690,4219,371,3848
122000691,1060,1172,-112
122000692,1375,219,1156
122000693,312,786,-474
122000695,561,261,300
122000696,788,252,536
122000698,505,373,132
122000699,594,88,506
122000701,4236,191,4045
122000702,534,1296,-762
122000703,257,197,60
122000712,0,0,0
122000717,110,129,-19
122000718,526,5694,-5168
122000719,19,190,-171
122000720,1251,128,1123
122000724,186,223,-37
122900001,14,43,-29
122900002,563,7972,-7409
122900003,773,24,749
122900004,1388,165,1223
122900005,19,87,-68
122900006,335,668,-333
122900007,47,178,-131
122900008,168,125,43
122900009,1176,455,721
122900010,235,121,114
122900012,208,450,-242
122900014,77,132,-55
122900015,1232,755,477
122900016,254,132,122
122900017,231,2564,-2333
122900018,192,5,187
122900020,233,295,-62
122900021,92,444,-352
122900022,1574,1137,437
122900023,551,121,430
122900024,88,100,-12
122900025,11,341,-330
122900026,32,102,-70
122900027,41,810,-769
122900028,36,58,-22
122900029,12390,2242,10148
122900030,4895,616,4279
122900031,17,478,-461
122900032,1303,516,787
122900033,200,183,17
122900034,5308,4912,396
122900035,56,59,-3
122900036,30,57,-27
122900037,552,337,215
122900038,53,3007,-2954
122900039,69,414,-345
122900040,299,1811,-1512
122900041,146,507,-361
122900042,148,410,-262
122900043,438,454,-16
122900044,88,416,-328
122900045,168,622,-454
122900046,95,459,-364
122900047,77,287,-210
122900048,7,370,-363
122900049,5398,199,5199
122900051,63,1567,-1504
122900052,159,49,110
122900053,6,29,-23
122900055,298,69,229
122900057,372,29,343
122900061,586,30,556
122900062,603,861,-258
122900063,187,97,90
122900064,763,451,312
122900065,757,249,508
122900066,702,241,461
122900067,688,460,228
122900069,414,2178,-1764
122900070,395,56,339
122900071,86,304,-218
122900073,6,98,-92
122900074,1059,173,886
122900075,0,349,-349
122900076,1,596,-595
122900077,13,56,-43
122900078,276,38,238
122900080,22,47,-25
122900081,152,471,-319
122900082,1416,117,1299
122900083,90,56,34
122900084,21,111,-90
122900086,16,73,-57
122900087,631,386,245
122900088,47,797,-750
122900089,146,592,-446
122900090,1,283,-282
122900091,605,3,602
122900092,0,101,-101
122900093,0,68,-68
122900094,1,147,-146
122900095,161,22,139
122900096,621,129,492
122900097,10,48,-38
122900098,22,156,-134
122900099,242,64,178
122900100,91,608,-517
122900101,752,349,403
122900102,98,35,63
122900103,375,2,373
122900104,346,2,344
122900105,25,5,20
122900106,2,40,-38
122900107,0,57,-57
122900108,8,211,-203
122900109,546,115,431
123000001,705,1081,-376
123000002,2393,7222,-4829
123000003,5990,5544,446
123000004,4624,3938,686
123000005,4076,2581,1495
123000006,3444,1967,1477
123000007,5089,2508,2581
123000008,3336,3217,119
123000009,4425,4292,133
123000010,3475,6191,-2716
123000011,1989,3177,-1188
123000012,867,7726,-6859
123000013,6150,2227,3923
123000014,1000,4389,-3389
123000015,2781,1476,1305
123000016,3226,3337,-111
123000017,5831,2322,3509
123000018,129,175,-46
123000019,1139,63,1076
123000020,598,19,579
123000021,407,431,-24
123000022,791,2654,-1863
123000023,2982,4310,-1328
123000024,2565,1792,773
123000025,568,113,455
123000026,49,197,-148
123000027,44,1164,-1120
123000028,258,2350,-2092
123000029,363,1494,-1131
123000030,401,239,162
123000031,521,164,357
123000032,828,242,586
123000033,656,471,185
123000034,1470,1104,366
123000035,408,638,-230
123000036,247,1731,-1484
123000037,319,149,170
123000038,68,522,-454
123000039,911,1976,-1065
123000040,435,175,260
123000041,616,1909,-1293
123000042,480,1455,-975
123000043,1536,17001,-15465
123000044,2887,2580,307
123000045,4460,2133,2327
123000046,167,1335,-1168
123000047,386,1669,-1283
123000048,96,1410,-1314
123000049,5566,10957,-5391
123000050,2656,1877,779
123000051,86,333,-247
123000052,1027,3487,-2460
123000053,2784,2590,194
123000054,3516,2162,1354
123000055,2422,6065,-3643
123000056,1406,522,884
123000057,3942,5165,-1223
123000058,687,1541,-854
123000059,232,421,-189
123000060,1202,365,837
123000061,373,594,-221
123000063,1899,1431,468
123000064,2041,319,1722
123000065,4191,2529,1662
123000066,598,687,-89
123000067,1409,677,732
123000068,1848,2252,-404
123000069,2900,1163,1737
123000070,100,643,-543
123000071,3055,921,2134
123000072,1630,630,1000
123000073,3842,1065,2777
123000074,1688,1449,239
123000075,539,2646,-2107
123000076,1111,567,544
123000077,3067,1323,1744
123000078,4295,1376,2919
123000079,3541,2015,1526
123000080,3897,972,2925
123000081,354,502,-148
123000082,385,993,-608
123000083,1623,212,1411
123000084,1158,679,479
123000085,773,159,614
123000086,1628,132,1496
123000087,524,181,343
123000088,1906,423,1483
123000089,1897,1358,539
123000090,2259,896,1363
123000091,2536,1584,952
123000092,1427,1494,-67
123000094,1020,231,789
123000095,1547,954,593
123000096,1919,435,1484
123000097,1337,357,980
123000098,1600,544,1056
123000099,1436,440,996
123000100,354,912,-558
123000101,436,449,-13
123000102,748,1186,-438
123000104,539,545,-6
123000105,440,428,12
123000106,692,403,289
123000107,342,306,36
123000108,729,1088,-359
123000111,1777,381,1396
123000112,1946,625,1321
123000113,981,744,237
123000114,463,883,-420
123000115,454,604,-150
123000116,91,141,-50
123000117,3218,1701,1517
123000118,788,551,237
123000119,354,514,-160
123000120,475,627,-152
123000121,825,918,-93
123000122,489,419,70
123000123,839,734,105
123000124,796,391,405
123000125,1814,1532,282
123000126,1298,6511,-5213
123000127,477,578,-101
123000128,412,343,69
123000129,1379,218,1161
123000130,1445,93,1352
123000131,2115,1318,797
123000132,488,766,-278
123000133,203,465,-262
123000134,433,152,281
123000135,3605,1316,2289
123000136,187,426,-239
123000137,260,183,77
123000138,286,283,3
123000139,1047,235,812
123000140,69,532,-463
123000141,830,157,673
123000142,1157,905,252
123000143,972,2558,-1586
123000144,8,23,-15
123000145,181,250,-69
123000146,15,282,-267
123000147,51,301,-250
123000149,356,381,-25
123000150,111,331,-220
123000151,237,721,-484
123000152,12,427,-415
123000153,91,993,-902
123000154,1194,2449,-1255
123000155,2158,1896,262
123000156,69,91,-22
123000157,908,1139,-231
123000158,692,1119,-427
123000159,3903,6240,-2337
123000160,1517,2095,-578
123000161,1949,1426,523
123000162,2491,2404,87
123000163,1188,247,941
123000164,3208,266,2942
123000165,251,1001,-750
123000166,18,100,-82
123000167,173,336,-163
123000168,490,277,213
123000169,1494,204,1290
123000170,213,86,127
123000171,1754,16,1738
123000172,185,611,-426
123000173,917,448,469
123000174,1012,623,389
123000175,519,996,-477
123000176,1145,448,697
123000177,474,1000,-526
123000178,1510,194,1316
123000179,29,789,-760
123000180,2175,585,1590
123000181,253,725,-472
123000182,242,212,30
123000183,309,667,-358
123000184,39,545,-506
123000185,1563,848,715
123000186,78,319,-241
123000187,836,23,813
123000188,766,110,656
123000189,162,164,-2
123000190,31,145,-114
123000192,33,219,-186
123000193,25,506,-481
123000194,326,184,142
123000195,634,84,550
123000196,778,627,151
123000197,263,167,96
123000198,37,243,-206
123000199,64,352,-288
123000200,925,26,899
123000201,1953,23,1930
123000202,177,353,-176
123000203,1725,82,1643
123000204,77,336,-259
123000205,157,457,-300
123000206,3713,307,3406
123000207,96,567,-471
123000208,1146,139,1007
123000209,2686,691,1995
123000210,70,1486,-1416
123000211,393,1361,-968
123000212,5703,515,5188
123000213,709,99,610
123000215,69,316,-247
123000216,190,2160,-1970
123000217,332,41,291
123000218,41,603,-562
123000219,751,157,594
123000220,837,141,696
123000221,165,294,-129
123000222,425,281,144
123000223,703,269,434
123000224,681,367,314
123000225,394,56,338
123000226,186,335,-149
123000227,92,177,-85
123000228,503,31,472
123000229,671,1161,-490
123000232,109,524,-415
123000233,1073,246,827
123000234,155,590,-435
123000235,1540,236,1304
123000236,387,538,-151
123000237,743,140,603
123000238,47,345,-298
123000239,421,615,-194
123000240,135,1678,-1543
123000241,577,183,394
123000242,97,411,-314
123000243,904,1122,-218
123000244,872,466,406
123000245,22,175,-153
123000249,804,769,35
123000252,1114,474,640
123000253,1929,810,1119
123000254,742,684,58
123000255,1059,797,262
123000256,28,205,-177
123000257,2894,1175,1719
123000258,911,549,362
123000259,878,527,351
123000260,1167,285,882
123000261,450,196,254
123000262,52,237,-185
123000263,707,74,633
123000264,189,115,74
123000265,21,127,-106
123000266,479,446,33
123000267,757,443,314
123000268,53,36,17
123000269,28,136,-108
123000270,21,107,-86
123000271,28,72,-44
123000272,841,446,395
123000273,358,1717,-1359
123000274,1554,1196,358
123000275,206,1140,-934
123000278,1916,5344,-3428
123000279,358,90,268
123000280,449,348,101
123000281,453,217,236
123000282,184,442,-258
123000283,279,172,107
123000284,96,92,4
123000286,135,766,-631
123000287,415,590,-175
123000288,679,1737,-1058
123000289,217,1946,-1729
123000291,129,1502,-1373
123000294,198,261,-63
123000295,656,1503,-847
123000296,893,760,133
123000297,1323,522,801
123000298,1861,218,1643
123000299,380,471,-91
123000300,2142,1499,643
123000301,208,647,-439
123000302,244,125,119
123000303,36,693,-657
123000305,1199,987,212
123000306,353,50,303
123000309,51,129,-78
123000310,63,116,-53
123000311,13,342,-329
123000312,920,511,409
123000313,681,1121,-440
123000315,252,389,-137
123000316,112,159,-47
123000317,363,143,220
123000318,86,346,-260
123000329,2,31,-29
123000337,357,289,68
123000338,105,261,-156
123000339,427,29,398
123000340,160,251,-91
123000342,7,131,-124
123000343,241,21,220
123000344,578,144,434
123000345,470,368,102
123000346,1056,81,975
123000352,1470,1063,407
123000353,137,109,28
123000354,1483,6,1477
123000355,1,916,-915
123000356,469,14,455
123000357,7,77,-70
123000359,32,37,-5
123000360,270,506,-236
123000361,438,263,175
123000362,426,141,285
123000363,178,204,-26
123000364,641,616,25
123000365,20,375,-355
123000366,306,4074,-3768
123000367,461,609,-148
123000370,19,193,-174
123000371,664,66,598
123000372,573,71,502
123000373,28,302,-274
123000374,12,111,-99
123000375,698,130,568
123000376,1466,1590,-124
123000377,778,31,747
123000378,7,241,-234
123000379,9,398,-389
123000380,58,392,-334
123000381,58,233,-175
123000382,828,312,516
123000383,137,1076,-939
123000384,1127,378,749
123000385,307,1038,-731
123000436,23,2053,-2030
123000507,40,125,-85
123000508,251,1973,-1722
123000517,228,13,215
123000518,27,101,-74
123000519,194,63,131
123000520,57,73,-16
123000521,835,109,726
123000522,169,180,-11
123000541,29,4,25
123000542,0,7,-7
123000565,1387,86,1301
123000566,703,157,546
123000567,165,79,86
123000573,49,593,-544
123000574,1217,79,1138
123000575,2661,455,2206
123000576,684,992,-308
123000577,52,1109,-1057
123000578,528,233,295
123000579,960,9633,-8673
123000580,177,162,15
123000582,669,9,660
123000583,14,414,-400
123000584,271,341,-70
123000585,0,35,-35
123000586,222,1,221
123000596,116,63,53
123000597,50,229,-179
123000602,290,26,264
123000603,1976,533,1443
123000604,1197,328,869
123000605,110,1,109
123000606,0,87,-87
123000609,44,470,-426
123000610,83,106,-23
123000613,131,102,29
123000614,365,68,297
123000615,161,115,46
123000616,1042,62,980
123000617,222,186,36
123000618,27,683,-656
123000619,415,26,389
123000620,15,336,-321
123000622,539,22,517
123000624,439,89,350
123000630,3354,733,2621
123000631,420,639,-219
123000632,1053,673,380
123000633,0,34,-34
123000634,76,678,-602
123000635,141,313,-172
123000636,104,484,-380
123000637,244,20,224
123000638,1000,29,971
123000639,1097,8765,-7668
123000640,11,510,-499
123000648,924,116,808
123000649,25,555,-530
123000650,336,121,215
123000651,55,119,-64
123000652,1364,61,1303
123000653,188,181,7
123000654,154,90,64
123000655,27,267,-240
123000656,153,56,97
123000657,4,45,-41
123000658,426,5,421
123000659,19,3046,-3027
123000660,943,10,933
123000661,783,61,722
123900001,1178,58,1120
123900002,69,1895,-1826
123900003,93,642,-549
123900005,349,323,26
123900006,710,202,508
124000001,2158,139,2019
124000002,1,474,-473
124000003,1549,146,1403
124000004,39,466,-427
124000005,1284,1035,249
124000006,104,422,-318
124000007,1359,121,1238
124000008,6,466,-460
124000009,1115,578,537
124000010,346,373,-27
124000011,1109,1009,100
124000012,173,249,-76
124000017,326,87,239
124000018,130,82,48
124000019,408,237,171
124000020,39,118,-79
124000021,234,171,63
124000022,73,172,-99
124000023,789,276,513
124000024,1062,489,573
124000025,764,490,274
124000026,788,304,484
124000027,741,444,297
124000028,1616,402,1214
124000031,1635,8868,-7233
124000032,1735,676,1059
124000033,1193,620,573
124000034,815,858,-43
124000035,490,223,267
124000036,216,573,-357
124000037,208,776,-568
124000038,8,166,-158
124000039,289,299,-10
124000040,236,861,-625
124000041,777,184,593
124000042,181,345,-164
124000043,175,121,54
124000044,94,179,-85
124000045,2202,400,1802
124000046,196,553,-357
124000047,3438,614,2824
124000048,1015,600,415
124000049,2997,479,2518
124000050,1079,830,249
124000051,1804,414,1390
124000052,732,611,121
124000053,450,3575,-3125
124000054,746,250,496
124000055,1040,8471,-7431
124000056,1568,862,706
124000057,2107,533,1574
124000058,1082,1083,-1
124000059,1748,1419,329
124000060,494,511,-17
124000061,1566,8029,-6463
124000062,3213,1101,2112
124000063,1360,746,614
124000064,1560,928,632
124000065,31,703,-672
124000066,223,108,115
124000067,156,140,16
124000068,65,326,-261
124000069,552,158,394
124000070,403,200,203
124000071,79,169,-90
124000072,173,250,-77
124000073,617,102,515
124000074,252,430,-178
124000075,655,32,623
124000076,45,55,-10
124000077,192,566,-374
124000078,1198,1127,71
124000079,179,1293,-1114
124000080,1310,132,1178
124000081,205,329,-124
124000082,163,254,-91
124000083,55,65,-10
124000084,44,1590,-1546
124000085,59,57,2
124000086,2,304,-302
124000087,186,200,-14
124000088,128,379,-251
124000089,680,285,395
124000090,320,385,-65
124000091,1021,260,761
124000092,507,844,-337
124000093,188,105,83
124000094,177,432,-255
124000095,186,92,94
124000096,239,125,114
124000097,399,175,224
124000098,249,49,200
124000099,280,118,162
124000100,119,146,-27
124000101,280,301,-21
124000102,101,30,71
124000103,391,421,-30
124000104,163,47,116
124000105,300,327,-27
124000106,101,45,56
124000107,52,391,-339
124000108,56,20,36
124000109,232,146,86
124000110,81,45,36
124000111,453,119,334
124000112,1021,635,386
124000113,273,137,136
124000114,539,462,77
124000115,226,730,-504
124000116,196,313,-117
124000117,48,76,-28
124000118,36,150,-114
124000119,1290,1346,-56
124000120,897,1055,-158
124000121,1459,1046,413
124000122,512,1678,-1166
124000123,696,437,259
124000124,428,461,-33
124000125,607,331,276
124000126,342,257,85
124000127,1234,360,874
124000128,642,464,178
124000129,1673,1294,379
124000130,377,514,-137
124000131,795,794,1
124000132,444,806,-362
124000133,1564,998,566
124000134,954,748,206
124000135,1736,2042,-306
124000136,530,900,-370
124000137,1078,1150,-72
124000138,862,934,-72
124000139,857,248,609
124000140,28,1062,-1034
124000141,1454,63,1391
124000142,52,827,-775
124000143,170,48,122
124000144,1,187,-186
124000145,176,77,99
124000146,15,244,-229
124000148,7,79,-72
124000149,1396,212,1184
124000150,333,661,-328
124000151,1207,161,1046
124000152,734,732,2
124000153,1073,686,387
124000154,620,540,80
124000155,1216,728,488
124000156,746,709,37
124000169,145,1171,-1026
124000170,1274,811,463
124000171,452,697,-245
124000172,357,705,-348
124000173,1165,347,818
124000174,611,490,121
124000175,22,54,-32
124000176,88,29,59
124000177,6,26,-20
124000178,38,92,-54
124000185,38,11,27
124000186,0,33,-33
124000187,8,50,-42
124000188,90,2,88
124000190,169,81,88
124000191,116,510,-394
124000192,1220,816,404
124000193,233,3906,-3673
124000194,329,378,-49
124000195,378,446,-68
124000196,753,911,-158
124000197,79,46,33
124000198,68,85,-17
124000201,50,449,-399
124000202,967,121,846
124000203,281,191,90
124000204,2027,176,1851
124000205,61,225,-164
124000206,1290,167,1123
124000207,0,22,-22
124000209,194,108,86
124000210,1219,116,1103
124000211,1165,4,1161
124000212,0,157,-157
124000213,892,103,789
124000214,803,201,602
124000215,1792,99,1693
124000216,6,125,-119
124000329,95,912,-817
124000338,84,457,-373
124000339,2526,60,2466
124000341,3233,68,3165
124000344,64,0,64
124000357,2118,4884,-2766
124000358,1516,3723,-2207
124000359,1310,1107,203
124000360,1580,873,707
124000361,1730,1239,491
124000362,1554,2666,-1112
124000363,590,259,331
124000364,701,624,77
124000365,866,1242,-376
124000366,3081,1688,1393
124000367,60,359,-299
124000368,401,1355,-954
124000369,41,172,-131
124000370,23,873,-850
124000402,50,16,34
124000403,291,76,215
124000404,13,41,-28
124000405,817,529,288
124000406,443,355,88
124000407,4,26,-22
124000411,3,264,-261
124000412,594,4,590
124000413,162,470,-308
124000414,213,121,92
124000415,91,40,51
124000416,133,187,-54
124000417,437,123,314
124000418,490,57,433
124000419,163,24,139
124000420,275,36,239
124000421,75,33,42
124000422,21,12,9
124000423,183,50,133
124000424,6,18,-12
124000425,89,130,-41
124000426,2,118,-116
124000427,231,21,210
124000428,3,944,-941
124000429,214,19,195
124000430,1148,577,571
124000431,387,315,72
124000432,530,1011,-481
124000439,124,4,120
124000443,4,40,-36
124000445,191,5220,-5029
124000446,804,842,-38
124000447,10,397,-387
124000448,265,13,252
124000449,567,22,545
124000450,23,136,-113
124000451,1,42,-41
124000452,627,78,549
124000453,2069,2582,-513
124000454,1358,3852,-2494
124000455,0,596,-596
124000456,1609,60,1549
124000457,11,245,-234
124000458,30,274,-244
124000459,630,17,613
124000460,14,109,-95
124900001,1340,318,1022
124900002,247,121,126
124900003,827,234,593
124900004,1376,307,1069
124900005,160,58,102
124900006,1313,249,1064
124900008,1064,463,601
124900009,106,452,-346
124900010,226,93,133
124900011,825,278,547
124900012,268,85,183
124900013,1028,187,841
124900014,331,115,216
124900015,177,332,-155
124900016,185,158,27
124900017,443,5557,-5114
124900018,573,44,529
124900020,234,48,186
124900021,436,51,385
124900022,576,35,541
124900024,794,2,792
124900026,21,2,19
124900027,188,261,-73
124900028,174,51,123
124900030,3,46,-43
124900031,19,132,-113
124900033,86,82,4
124900035,117,156,-39
124900036,1,209,-208
124900037,91,67,24
124900038,63,206,-143
124900039,5,121,-116
124900040,68,77,-9
124900041,397,695,-298
124900042,64,34,30
124900043,236,326,-90
124900044,63,1,62
124900045,269,811,-542
124900047,28,104,-76
124900050,701,256,445
124900052,129,172,-43
124900053,395,373,22
124900054,1257,737,520
124900055,0,94,-94
124900057,5,258,-253
124900060,11,269,-258
124900061,410,48,362
124900062,272,12,260
124900066,1,7,-6
124900067,28,251,-223
124900068,124,660,-536
124900070,31,19,12
124900072,373,359,14
124900075,1334,655,679
124900076,287,3585,-3298
124900077,179,404,-225
124900078,74,3,71
124900080,531,267,264
124900081,1912,212,1700
124900082,408,584,-176
124900083,570,547,23
124900085,474,279,195
124900086,9,1029,-1020
124900087,233,72,161
124900088,95,78,17
124900089,861,164,697
124900090,620,216,404
124900091,311,201,110
124900092,251,173,78
124900093,837,177,660
124900094,1153,244,909
124900095,183,681,-498
124900096,271,77,194
124900097,737,28,709
124900098,155,170,-15
124900099,128,449,-321
124900100,455,15,440
124900101,343,196,147
124900102,513,9,504
124900103,287,68,219
124900104,96,86,10
124900105,202,96,106
124900106,369,28,341
124900107,209,16,193
124900108,374,274,100
124900111,0,191,-191
124900112,257,170,87
124900113,46,222,-176
124900114,78,175,-97
124900115,45,72,-27
124900116,502,578,-76
124900117,155,309,-154
124900118,95,1990,-1895
124900119,422,148,274
124900120,74,224,-150
124900121,221,418,-197
124900122,168,228,-60
124900123,329,431,-102
124900124,328,456,-128
124900125,1350,5,1345
124900126,3,498,-495
204000001,298,32,266
204000002,55,28,27
204000003,24,22,2
204000004,3,2,1
204000005,527,442,85
204000006,1266,1227,39
204000011,6,35,-29
204000012,97,77,20
204000019,1519,350,1169
204000020,1729,969,760
204000021,2584,1343,1241
204000022,1874,568,1306
204000023,758,386,372
204000031,59,13,46
204000032,270,58,212
204000034,139,146,-7
204000035,0,3,-3
204000036,7,51,-44
204000037,7,58,-51
204000038,2,8,-6
204000039,1,16,-15
204000040,6,14,-8
204000041,5,22,-17
204000042,40,22,18
204000043,49,5,44
204000044,69,15,54
204000045,62,16,46
204000046,6,12,-6
204000057,21,12,9
204000062,80,49,31
204000068,103,919,-816
204000069,279,848,-569
204000070,49,88,-39
204000080,182,70,112
204000085,1205,993,212
204000086,2649,1243,1406
204000087,118,10,108
204000088,29,76,-47
204000090,511,267,244
204000093,825,115,710
204000096,2334,928,1406
204000097,598,19,579
204000099,1168,3362,-2194
204000100,1802,1738,64
204000105,1894,785,1109
204000110,383,1171,-788
204000111,941,683,258
204000112,652,1074,-422
204000113,333,799,-466
204000114,1344,1663,-319
204000115,2503,965,1538
204000116,848,1447,-599
204000119,3184,2238,946
204000132,1011,687,324
204000133,1337,137,1200
204000134,395,65,330
204000135,979,50,929
204000136,586,314,272
204000138,363,1333,-970
204000140,365,146,219
204000141,139,69,70
204000144,3,26,-23
204000145,636,45,591
204000146,40,183,-143
204000147,56,317,-261
204000148,228,174,54
204000154,4,21,-17
204000155,17,9,8
204000177,55,30,25
204000179,5,3,2
204000180,0,10,-10
204000222,0,11,-11
204000235,283,15,268
204000236,35,329,-294
204000238,7,77,-70
204000240,456,67,389
204000263,868,1137,-269
204000268,699,452,247
204000308,195,132,63
204000317,80,115,-35
204000322,250,66,184
204000323,8,5,3
204000328,232,94,138
204000329,352,128,224
204000330,321,90,231
204000331,654,234,420
204000352,220,1,219
205000001,735,1188,-453
205000013,135,239,-104
205000014,172,148,24
205000015,327,64,263
205000016,157,114,43
205000017,202,61,141
205000022,358,570,-212
205000025,2121,704,1417
205000029,548,22,526
205000045,320,280,40
205000046,256,430,-174
205000047,133,293,-160
205000048,498,512,-14
205000049,215,532,-317
205000050,965,282,683
205000059,2,770,-768
205000060,0,1450,-1450
205000061,19,2479,-2460
205000062,5,2028,-2023
205000063,111,2139,-2028
205000064,189,576,-387
205000065,829,737,92
205000066,416,392,24
205000067,182,542,-360
205000069,181,36,145
205000082,178,156,22
205000110,111,173,-62
205000111,143,170,-27
205000112,127,87,40
205000113,102,134,-32
205000121,187,60,127
205000123,259,191,68
205000126,842,90,752
205000127,949,131,818
205000128,484,66,418
205000129,971,60,911
205000130,59,23,36
205000131,34,37,-3
205000132,63,17,46
205000133,61,4,57
205000134,350,0,350
205000137,575,56,519
205000138,526,150,376
205000139,60,43,17
205000144,123,50,73
205000145,276,133,143
205000151,164,56,108
205000152,138,48,90
205000153,232,54,178
205000154,62,61,1
205000155,91,5,86
205000207,1,109,-108
205000233,20,1,19
205000234,0,2,-2
205000243,0,0,0
205000244,0,10,-10
205000245,12,344,-332
205000249,0,40,-40
205000250,2,1,1
205000264,63,67,-4
206000027,0,15,-15
206000028,8,10,-2
206000043,8,57,-49
206000053,3,7,-4
206000054,5,28,-23
206000055,0,24,-24
206000075,29,25,4
206000076,28,11,17
206000077,51,18,33
206000078,15,18,-3
206000079,24,9,15
206000082,270,173,97
206000100,18,420,-402
206000103,4,21,-17
206000104,14,35,-21
206000105,13,23,-10
206000106,12,1,11
206000125,163,0,163
206000157,35,443,-408
206000170,1,200,-199
206000171,13,242,-229
206000172,36,134,-98
206000173,0,120,-120
206000174,33,33,0
206000175,0,54,-54
206000176,20,53,-33
206000177,0,35,-35
206000178,2,427,-425
206000179,3,463,-460
206000180,1,68,-67
206000181,13,36,-23
206000182,15,41,-26
206000183,12,96,-84
206000184,4,123,-119
206000185,24,48,-24
206000186,149,263,-114
206000223,35,380,-345
206000226,49,4,45
206000227,48,8,40
206000237,80,150,-70
206000238,47,305,-258
206000239,275,1890,-1615
206000240,0,63,-63
206000241,0,35,-35
206000242,20,167,-147
206000243,37,65,-28
206000244,97,163,-66
206000245,1429,117,1312
206000246,667,13,654
206000247,658,2,656
206000248,679,32,647
206000252,71,122,-51
206000258,7,62,-55
206000315,98,2,96
206000317,586,155,431
206000318,763,78,685
206000319,2649,161,2488
206000320,542,73,469
206000321,518,15,503
206000322,965,26,939
206000323,302,8,294
206000324,323,9,314
206000325,212,25,187
206000326,255,37,218
206000327,85,56,29
206000328,321,15,306
206000329,494,4,490
206000330,109,5,104
206000331,369,3,366
206000332,58,5,53
206000333,1399,1,1398
206000334,710,0,710
206000335,0,53,-53
206000361,7,119,-112
206000392,0,7,-7
206000405,160,0,160
206000441,73,49,24
206000498,45,4,41
206000515,61,63,-2
206000530,349,106,243
206000531,221,318,-97
206000532,1117,545,572
206000535,95,3520,-3425
206000536,24,96,-72
206000537,21,202,-181
206000613,658,306,352
206000784,534,94,440
207000001,220,487,-267
207000002,134,420,-286
207000003,135,254,-119
207000007,2345,238,2107
207000008,402,13,389
207000009,114,76,38
207000010,452,223,229
207000012,594,173,421
207000015,316,635,-319
207000019,488,217,271
207000021,357,257,100
207000022,341,164,177
207000023,302,91,211
207000024,2,39,-37
207000025,47,86,-39
207000026,152,26,126
207000027,18,85,-67
207000028,82,151,-69
207000029,228,461,-233
207000033,331,287,44
207000034,327,106,221
207000039,753,83,670
207000040,877,60,817
207000041,79,21,58
207000042,288,46,242
207000043,259,181,78
207000051,139,315,-176
207000052,15,151,-136
207000053,418,369,49
207000054,67,88,-21
207000055,257,107,150
207000056,235,254,-19
207000057,131,160,-29
207000058,232,243,-11
207000059,134,168,-34
207000060,54,276,-222
207000061,62,1307,-1245
207000062,943,33,910
207000063,1066,95,971
207000064,487,89,398
207000065,310,228,82
207000066,825,256,569
207000067,124,78,46
207000068,167,65,102
207000069,961,301,660
207000082,12,139,-127
207000083,97,209,-112
207000084,780,379,401
207000085,444,69,375
207000086,564,4,560
207000106,100,23,77
207000107,166,8,158
207000108,133,2,131
207000109,62,2,60
207000110,58,79,-21
207000111,56,188,-132
207000112,103,1750,-1647
207000114,77,42,35
207000115,69,53,16
207000116,25,406,-381
207000117,14,134,-120
207000118,3,40,-37
207000119,17,41,-24
207000123,288,2,286
207000124,119,31,88
207000125,65,34,31
207000126,41,49,-8
207000134,346,177,169
207000135,91,267,-176
207000148,97,469,-372
207000149,54,14,40
207000152,189,507,-318
207000153,410,738,-328
207000154,541,370,171
207000159,161,83,78
207000160,222,226,-4
207000238,0,152,-152
207000242,2,63,-61
207000248,20,13,7
207000249,143,6,137
207000250,371,178,193
207000251,79,139,-60
207000252,32,42,-10
207000278,184,145,39
207000279,66,105,-39
207000280,1333,86,1247
207000281,250,242,8
207000282,29,546,-517
207000283,19,169,-150
207000284,38,1916,-1878
207000285,44,91,-47
207000291,18,54,-36
207000304,72,69,3
207000306,63,282,-219
207000310,122,67,55
207000353,112,6,106
207000356,7,90,-83
207000357,3,32,-29
207000358,1,8,-7
207000415,7,65,-58
207000416,769,77,692
207000417,38,5,33
207000418,211,79,132
207000438,0,0,0
207000439,336,300,36
207000446,301,15,286
207000460,180,24,156
207000466,165,139,26
207000467,581,119,462
207000468,113,138,-25
207000476,5,19,-14
207000477,619,26,593
207000478,0,16,-16
207000523,0,1,-1
207000524,170,0,170
207000527,368,184,184
207000530,744,11,733
207000531,475,4,471
207000532,133,21,112
207000534,114,61,53
207000535,15,369,-354
207000537,21,47,-26
207000540,1,69,-68
207000541,3,221,-218
207000548,6,139,-133
207000549,635,11,624
207000561,266,247,19
207000562,11,141,-130
207000567,131,139,-8
207000568,641,65,576
207000569,1448,92,1356
207000584,52,132,-80
207000585,24,155,-131
207000587,411,37,374
207000616,1,107,-106
207000617,104,0,104
207000624,86,27,59
207000631,15,69,-54
208000001,756,1623,-867
208000002,1389,1116,273
208000003,1103,534,569
208000004,1328,1403,-75
208000005,1,163,-162
208000019,1668,456,1212
208000020,409,272,137
208000021,287,196,91
208000022,767,306,461
208000028,823,1315,-492
208000033,511,282,229
208000034,640,855,-215
208000037,974,86,888
208000040,389,107,282
208000041,942,802,140
208000042,1767,666,1101
208000047,116,186,-70
208000064,2209,1801,408
208000066,1208,1340,-132
208000070,807,468,339
208000071,887,308,579
208000072,968,732,236
208000080,367,947,-580
208000081,522,191,331
208000082,835,277,558
208000083,365,221,144
208000084,7,109,-102
208000085,813,610,203
208000086,811,1394,-583
208000087,830,846,-16
208000089,1388,309,1079
208000090,1162,521,641
208000093,35,206,-171
208000094,755,591,164
208000095,712,322,390
208000104,1898,501,1397
208000105,1081,825,256
208000114,108,409,-301
208000115,545,360,185
208000116,1705,1429,276
208000117,29,170,-141
208000118,269,337,-68
208000155,796,1496,-700
208000158,1882,2438,-556
208000186,944,2346,-1402
208000204,1180,1203,-23
208000205,2245,873,1372
208000282,1333,1560,-227
209000004,861,217,644
209000005,140,74,66
209000006,519,268,251
209000007,582,843,-261
209000010,448,587,-139
209000011,149,396,-247
209000012,187,189,-2
209000013,331,149,182
209000014,676,359,317
209000025,783,87,696
209000026,1294,311,983
209000027,327,321,6
209000028,330,265,65
209000029,690,3231,-2541
209000030,605,2212,-1607
209000031,5838,1620,4218
209000034,243,529,-286
209000035,243,531,-288
209000036,567,419,148
209000037,564,432,132
209000038,244,184,60
209000039,126,144,-18
209000040,296,515,-219
209000041,176,455,-279
209000042,279,357,-78
209000043,403,616,-213
209000044,382,990,-608
209000045,726,208,518
209000046,677,287,390
209000047,541,259,282
209000048,585,609,-24
209000049,116,49,67
209000050,273,91,182
209000051,503,147,356
209000052,283,277,6
209000062,168,79,89
209000063,90,33,57
209000064,89,24,65
209000065,194,60,134
209000066,183,52,131
209000067,224,37,187
209000080,12,231,-219
209000082,96,45,51
209000091,128,116,12
209000093,59,123,-64
209000094,91,214,-123
209000110,26,152,-126
209000111,509,2446,-1937
209000112,1558,1117,441
209000113,2523,2555,-32
209000114,1016,1403,-387
209000115,141,113,28
209000116,750,419,331
209000118,13,130,-117
209000119,14,159,-145
209000121,188,525,-337
209000135,17,146,-129
209000142,946,3816,-2870
209000143,18,187,-169
209000144,68,812,-744
209000229,220,102,118
209000240,90,259,-169
209000259,77,181,-104
209000260,35,531,-496
209000261,7,237,-230
209000262,13,148,-135
209000263,1,253,-252
209000264,0,245,-245
209000265,279,1,278
209000266,127,0,127
209000267,1445,4,1441
209000268,560,101,459
210000037,163,174,-11
210000047,159,30,129
210000048,163,45,118
210000049,159,14,145
210000052,100,45,55
210000053,36,44,-8
210000054,24,50,-26
210000070,245,21,224
210000071,193,0,193
210000072,94,0,94
210000073,0,24,-24
210000074,0,135,-135
210000075,1,178,-177
210000076,19,307,-288
210000077,6,411,-405
210000078,21,408,-387
210000079,45,113,-68
210000080,49,395,-346
210000081,308,12,296
210000082,21,0,21
210000083,173,0,173
210000084,67,0,67
210000085,1,42,-41
210000086,0,63,-63
210000099,59,170,-111
210000100,77,135,-58
210000101,122,141,-19
210000105,20,299,-279
210000159,0,298,-298
210000163,36,199,-163
210000164,340,225,115
210000168,725,165,560
210000187,0,54,-54
210000188,1,23,-22
210000214,2,0,2
210000219,111,64,47
210000220,152,23,129
210000232,1,17,-16
210000233,14,21,-7
210000234,21,41,-20
210000235,126,41,85
210000245,1,65,-64
210000246,141,87,54
210000258,5,80,-75
210000259,330,90,240
210000282,36,231,-195
210000285,1,113,-112
210000286,27,101,-74
210000290,4,4,0
210000295,70,176,-106
210000296,112,90,22
210000320,355,15,340
210000321,286,7,279
210000338,82,144,-62
210000339,97,866,-769
210000340,200,294,-94
210000341,347,282,65
210000342,265,210,55
210000343,213,239,-26
210000344,163,361,-198
210000345,185,636,-451
210000346,77,279,-202
210000347,83,393,-310
210000348,194,251,-57
210000349,150,132,18
210000350,232,136,96
210000351,317,33,284
210000352,40,36,4
210000353,36,71,-35
210000354,76,85,-9
210000355,70,497,-427
210000356,24,505,-481
210000357,34,643,-609
210000358,920,490,430
210000359,128,974,-846
210000360,317,834,-517
210000361,442,359,83
210000362,540,301,239
210000363,1123,303,820
210000364,393,155,238
210000365,347,61,286
210000366,447,68,379
210000367,207,49,158
210000368,265,32,233
210000369,70,324,-254
210000370,108,369,-261
210000372,108,105,3
210000373,37,302,-265
210000374,85,307,-222
210000375,31,61,-30
210000376,58,653,-595
210000404,57,100,-43
210000439,202,43,159
210000472,63,3,60
210000482,104,162,-58
210000564,259,179,80
210000567,8,64,-56
210000568,320,1,319
211000092,102,11,91
211000094,21,1,20
211000169,239,9,230
211000172,13,148,-135
211000209,0,64,-64
211000226,39,22,17
211000270,127,9,118
211000275,26,13,13
211000276,224,21,203
211000279,18,49,-31
211000281,170,28,142
211000302,12,65,-53
211507980,0,96,-96
211977296,23,1,22
212000003,355,218,137
212000004,12,193,-181
212000005,25,230,-205
212000006,63,277,-214
212000008,254,305,-51
212000009,88,131,-43
212000012,246,23,223
212000013,51,18,33
212000014,382,82,300
212000015,435,99,336
212000016,601,291,310
212000027,569,247,322
212000028,339,300,39
212000029,212,202,10
212000030,65,17,48
212000031,82,22,60
212000048,96,545,-449
212000049,20,267,-247
212000050,16,14,2
212000051,321,88,233
212000052,269,119,150
212000053,271,203,68
212000054,549,86,463
212000055,452,128,324
212000056,29,55,-26
212000057,8,39,-31
212000058,273,71,202
212000070,185,106,79
212000077,209,214,-5
212000099,503,247,256
212000108,379,616,-237
212000111,441,137,304
212000120,184,321,-137
212000138,360,109,251
212000156,3,29,-26
212000158,8,14,-6
212000159,850,52,798
212000160,662,136,526
212000161,128,24,104
212000310,45,7,38
212000311,13,84,-71
212000374,45,9,36
213000001,26,544,-518
213000005,759,130,629
213000006,774,250,524
213000007,61,35,26
213000009,374,224,150
213000010,395,177,218
213000011,211,124,87
213000012,303,163,140
213000014,125,25,100
213000015,337,6,331
213000016,516,1,515
213000017,170,0,170
213000018,2,31,-29
213000019,3,37,-34
213000020,98,110,-12
213000021,11,32,-21
213000023,355,402,-47
213000033,386,1603,-1217
213000034,272,204,68
213000035,204,494,-290
213000045,243,280,-37
213000046,73,109,-36
213000047,315,945,-630
213000056,224,21,203
213000069,34,5,29
213000073,0,16,-16
213000074,80,533,-453
213000075,503,2,501
213000076,8,1,7
213000085,4,24,-20
213000086,28,101,-73
213000091,324,17,307
213000092,27,14,13
213000099,274,1064,-790
213000100,946,389,557
213000101,984,81,903
213000102,879,125,754
213000103,691,401,290
213000104,36,216,-180
213000105,120,2155,-2035
213000106,59,153,-94
213000107,181,239,-58
213000108,30,287,-257
213000109,7,138,-131
213000110,15,108,-93
213000111,0,81,-81
213000112,18,73,-55
213000115,44,2,42
213000116,54,441,-387
213000117,7,489,-482
213000118,1295,285,1010
213000119,54,407,-353
213000120,97,194,-97
213000122,200,250,-50
213000123,194,402,-208
213000124,386,520,-134
213000125,135,53,82
213000126,34,191,-157
213000127,8,154,-146
213000128,56,552,-496
213000129,204,2314,-2110
213000130,1105,1075,30
213000132,1092,241,851
213000133,1755,143,1612
213000134,2919,15,2904
213000136,629,15,614
213000137,768,60,708
213000139,566,36,530
213000147,19,38,-19
213000148,36,71,-35
213000149,11,95,-84
213000150,2,852,-850
213000151,2,397,-395
213000152,4,485,-481
213000153,5,169,-164
213000154,142,344,-202
213000155,65,219,-154
213000156,188,325,-137
213000157,1277,245,1032
213000158,346,490,-144
213000159,350,488,-138
213000163,2539,222,2317
213000165,539,348,191
213000171,55,74,-19
213000172,58,114,-56
213000173,16,57,-41
213000174,1,23,-22
213000175,72,19,53
213000176,39,48,-9
213000177,1,5,-4
213000178,37,1,36
213000179,200,22,178
213000180,368,22,346
213000182,343,49,294
213000184,57,456,-399
213000188,581,94,487
213000189,990,46,944
213000190,549,456,93
213000191,674,144,530
213000192,389,104,285
213000193,728,129,599
213000194,3,249,-246
213000195,48,309,-261
213000196,365,2396,-2031
213000197,750,1355,-605
213000198,10,0,10
213000200,127,437,-310
213000201,27,75,-48
213000202,16,489,-473
213000203,1856,254,1602
213000204,1670,32,1638
213000205,369,22,347
213000206,1082,22,1060
213000207,27,3,24
213000208,39,2,37
213000209,131,2,129
213000210,147,0,147
213000211,13,84,-71
213000212,26,163,-137
213000213,15,97,-82
213000218,1461,1859,-398
213000219,1522,117,1405
213000220,1522,3,1519
213000223,350,222,128
213000224,42,72,-30
213000225,82,15,67
213000226,58,21,37
213000227,1595,189,1406
213000228,993,67,926
213000229,165,61,104
213000230,946,23,923
213000232,236,20,216
213000233,37,216,-179
213000234,4,66,-62
213000293,26,171,-145
213000294,100,88,12
213000295,35,226,-191
213000296,186,16,170
213000297,2,36,-34
213000298,4,35,-31
213000299,163,41,122
213000300,2,6,-4
213000303,1,27,-26
213000304,0,8,-8
213000305,7,70,-63
213000306,22,871,-849
213000307,128,827,-699
213000308,65,186,-121
213000309,304,52,252
213000310,289,161,128
213000311,87,608,-521
213000315,89,256,-167
213000316,468,201,267
213000322,5,15,-10
213000323,17,50,-33
213000340,203,383,-180
213000341,1215,75,1140
213000346,134,308,-174
213000347,272,884,-612
213000348,1,110,-109
213000349,0,12,-12
213000350,203,1001,-798
213000366,66,171,-105
213000367,664,22,642
213000379,10,149,-139
213000386,50,39,11
213000406,585,109,476
213000417,2151,665,1486
213000425,295,45,250
213000426,187,12,175
213000427,22,37,-15
213000428,114,131,-17
213000429,8,14,-6
213000430,110,323,-213
213000431,7,1,6
213000432,0,35,-35
213000433,6,41,-35
213000434,265,65,200
213000435,110,51,59
213000439,77,31,46
213000441,0,1,-1
213000443,646,424,222
213000445,0,40,-40
213000446,1,15,-14
213000447,2,108,-106
213000448,15,202,-187
213000449,1039,10,1029
213000450,26,19,7
213000451,339,29,310
213000452,7,3,4
213000453,41,258,-217
213000455,46,6,40
213000456,0,172,-172
213000481,15,7,8
213000482,29,1,28
213000489,129,93,36
213000491,49,491,-442
213000492,88,32,56
213000493,3,271,-268
213000494,89,60,29
213000496,529,154,375
213000497,109,82,27
213000498,46,51,-5
213000499,104,65,39
213000500,398,73,325
213000501,307,45,262
213000502,184,120,64
213000503,0,39,-39
213000504,1,17,-16
213000505,11,82,-71
213000506,0,2,-2
213000507,1,53,-52
213900244,56,0,56
213900245,0,10,-10
218000003,32,94,-62
218000004,57,47,10
218000005,87,95,-8
218000006,55,56,-1
218000007,32,36,-4
218000012,335,327,8
218000013,532,306,226
218000014,389,327,62
218000019,390,387,3
218000020,334,367,-33
218000040,2,7,-5
218000046,129,72,57
218000047,15,33,-18
218000048,102,42,60
218000049,30,32,-2
218000050,139,73,66
218000051,51,123,-72
218000052,0,41,-41
218000053,11,32,-21
218000054,14,67,-53
218000055,2,45,-43
218000056,12,75,-63
218000057,0,18,-18
218000064,2,23,-21
218000065,72,34,38
218000066,35,73,-38
218000067,131,110,21
218000068,214,56,158
218000069,569,85,484
218000070,234,353,-119
218000071,334,279,55
218000072,122,328,-206
218000078,1753,333,1420
218000079,371,50,321
218000080,277,45,232
218000081,795,46,749
218000082,145,62,83
218000083,160,66,94
218000084,265,61,204
218000085,232,80,152
218000086,172,40,132
218000087,224,41,183
218000090,85,391,-306
218000091,1413,686,727
218000092,230,199,31
218000093,129,68,61
218000094,599,625,-26
218000099,247,442,-195
218000100,563,213,350
218000101,425,182,243
218000102,757,155,602
218000103,178,77,101
218000104,147,19,128
218000105,28,9,19
218000106,30,3,27
218000107,105,78,27
218000108,0,16,-16
218000112,84,31,53
218000117,48,163,-115
218000134,819,440,379
218000135,13,96,-83
218000136,198,103,95
218000137,170,156,14
218000138,79,153,-74
218000139,254,292,-38
218000140,902,540,362
218000141,83,92,-9
218000142,196,211,-15
218000143,39,465,-426
218000144,32,175,-143
218000145,830,385,445
218000146,221,98,123
218000151,4,24,-20
218000152,85,36,49
218000170,7,11,-4
218000171,85,22,63
218000172,5,8,-3
218000173,11,22,-11
218000174,54,31,23
218000176,370,34,336
218000177,311,94,217
218000178,74,68,6
218000179,255,21,234
218000180,139,20,119
218000181,391,31,360
218000187,29,83,-54
218000188,33,72,-39
218000189,17,126,-109
218000190,1,16,-15
218000191,406,46,360
218000192,291,97,194
218000193,598,219,379
218000194,240,249,-9
218000195,200,67,133
218000196,358,143,215
218000197,559,169,390
218000198,144,64,80
218000199,26,9,17
218000200,38,45,-7
218000201,12,2,10
218000202,64,832,-768
218000207,15,18,-3
218000208,43,187,-144
218000211,45,38,7
218000213,129,74,55
218000214,9,32,-23
218000215,81,73,8
218000217,24,43,-19
218000218,80,30,50
218000219,3,385,-382
218000220,74,2057,-1983
218000221,496,344,152
218000222,5,237,-232
218000223,34,382,-348
218000224,4,131,-127
218000225,215,24,191
218000226,206,61,145
218000232,99,46,53
218000239,159,3,156
218000240,7,5,2
218000241,21,0,21
218000242,2,1,1
218000243,40,6,34
218000244,20,0,20
218000245,71,9,62
218000246,0,2,-2
218000247,0,0,0
218000248,0,12,-12
218000249,0,2,-2
218000250,0,29,-29
218000251,0,12,-12
218000252,1,145,-144
218000253,1,72,-71
218000254,0,50,-50
218000255,4,5,-1
218000256,3,37,-34
218000267,608,1158,-550
218000268,6,46,-40
218000269,8,28,-20
218000270,207,40,167
218000271,21,11,10
218000273,51,5,46
218000274,9,1,8
218000275,184,136,48
218000276,63,34,29
218000278,26,124,-98
218000279,114,41,73
218000280,2,32,-30
218000281,2,75,-73
218000282,673,1211,-538
218000284,63,5,58
218000301,47,106,-59
218000302,45,53,-8
218000303,32,172,-140
218000316,2044,1029,1015
218000317,3275,909,2366
218000318,1794,625,1169
218000319,2397,607,1790
218000320,1991,658,1333
218000338,7,173,-166
218000345,170,362,-192
218000346,40,296,-256
218000459,35,138,-103
218000490,8,91,-83
218000501,150,16,134
218000502,114,42,72
218000503,134,11,123
218000504,139,30,109
218000505,37,108,-71
218000506,24,376,-352
218000508,0,2,-2
218000510,82,12,70
218000520,134,133,1
218000521,37,45,-8
218000522,2,684,-682
218000523,183,2,181
218000524,4,313,-309
218000525,122,19,103
218000526,20,199,-179
218000529,83,88,-5
218000531,15,20,-5
218000532,50,5,45
218000534,362,3,359
218000537,18,163,-145
218000538,55,412,-357
218000540,88,120,-32
218000543,201,140,61
218000544,23,82,-59
218000545,191,123,68
218000546,18,56,-38
218000547,178,129,49
218000548,93,88,5
218000549,921,109,812
218000550,193,105,88
218000551,89,504,-415
218000552,331,301,30
218000553,26,128,-102
218000554,65,34,31
218000555,39,120,-81
218000556,213,154,59
218000557,820,299,521
218000558,39,0,39
218000559,1,33,-32
218000560,1,18,-17
218000561,8,0,8
218000562,17,141,-124
218000563,153,40,113
218000564,3,128,-125
218000565,58,33,25
218000566,18,10,8
218000567,0,69,-69
218000568,1,2,-1
218000569,2,265,-263
218000570,7,9,-2
218000571,0,174,-174
218000572,158,3,155
218000573,15,89,-74
218000574,68,19,49
218000575,94,0,94
218000576,1,61,-60
218000577,79,2,77
218000578,0,235,-235
218000579,7,4,3
218000581,2,58,-56
218000582,21,5,16
218000583,6,0,6
218000584,0,21,-21
218000585,51,1,50
218000586,49,20,29
218000587,1,0,1
218000588,0,4,-4
218000589,1,4,-3
218000590,0,0,0
218000591,11,135,-124
218000592,7,45,-38
218000601,5,44,-39
218000602,2,32,-30
218000603,0,5,-5
218000604,3,0,3
218000605,0,138,-138
218000606,137,1,136
218000607,7,82,-75
218000608,70,5,65
218000609,4,113,-109
218000610,50,4,46
218000611,28,1,27
218000612,0,29,-29
218000613,26,2,24
218000614,1,47,-46
218000615,114,8,106
218000616,3,237,-234
218000617,5,1,4
218000618,0,73,-73
218000619,21,13,8
218000620,7,43,-36
218000621,0,0,0
218000622,0,105,-105
218000623,18,0,18
218000624,2,152,-150
218000625,1,3,-2
218000626,1,34,-33
218000628,317,422,-105
218000631,16,24,-8
218000632,0,156,-156
218000633,131,2,129
218000634,2,9,-7
218000635,18,16,2
218000636,1175,396,779
218000637,1525,366,1159
218000638,267,31,236
218000639,41,54,-13
218000640,441,16,425
218000641,239,145,94
218000652,34,30,4
218000653,276,58,218
218000663,29,59,-30
218000675,9,110,-101
218000680,305,191,114
218000681,550,236,314
218000691,342,212,130
218000693,613,100,513
218000718,19,107,-88
218000719,56,179,-123
218000720,1,167,-166
218000721,11,23,-12
218001147,4,106,-102
218001214,71,33,38
218001258,817,2,815
218001329,190,169,21
218001330,74,182,-108
218001351,40,11,29
218001352,17,54,-37
218001353,15,15,0
218001354,11,44,-33
218001355,17,121,-104
218001356,487,156,331
218001357,7,101,-94
218001358,635,6,629
218001361,1312,2,1310
218001362,0,61,-61
219000001,22,59,-37
219000002,64,75,-11
219000003,69,31,38
219000004,68,123,-55
219000017,106,336,-230
219000020,375,21,354
219000022,155,1,154
219000023,50,1,49
219000029,0,185,-185
219000034,93,89,4
219000039,31,350,-319
219000040,28,111,-83
219000041,241,58,183
219000051,0,315,-315
219000052,13,182,-169
219000053,7,132,-125
219000055,487,3,484
219000056,4,0,4
219000057,87,0,87
219000062,58,309,-251
219000063,139,31,108
219000064,1,111,-110
219000110,232,245,-13
219000111,166,66,100
219000112,190,49,141
219000113,324,43,281
219000114,258,37,221
219000116,333,70,263
219000117,193,51,142
219000118,105,81,24
219000123,412,126,286
219000124,58,42,16
219000125,47,3,44
219000126,128,189,-61
219000127,0,27,-27
219000128,28,217,-189
219000129,32,184,-152
219000130,269,882,-613
219000131,1032,1495,-463
219000133,38,135,-97
219000134,23,79,-56
219000135,9,98,-89
219000136,118,281,-163
219000138,116,21,95
219000139,100,13,87
219000140,101,0,101
219000141,72,67,5
219000142,7,43,-36
219000143,47,31,16
219000145,7,48,-41
219000146,10,17,-7
219000147,3,46,-43
219000148,3,24,-21
219000149,20,31,-11
219000150,2,42,-40
219000151,5,42,-37
219000157,307,129,178
219000158,216,295,-79
219000161,180,17,163
219000163,1256,365,891
219000166,148,171,-23
219000167,154,202,-48
219000168,238,136,102
219000174,713,208,505
219000175,237,9,228
219000176,277,17,260
219000177,92,2,90
219000178,90,0,90
219000179,40,9,31
219000180,85,15,70
219000182,259,3,256
219000183,129,33,96
219000184,215,2,213
219000185,2,54,-52
219000186,216,39,177
219000187,23,89,-66
219000189,97,251,-154
219000190,93,213,-120
219000191,212,2272,-2060
219000192,231,221,10
219000193,622,241,381
219000195,2,52,-50
219000196,4,152,-148
219000198,15,51,-36
219000199,66,159,-93
219000200,54,145,-91
219000201,68,157,-89
219000203,26,85,-59
219000204,70,336,-266
219000205,42,126,-84
219000207,118,209,-91
219000209,85,47,38
219000210,43,624,-581
219000213,13,389,-376
219000239,157,173,-16
219000240,137,514,-377
219000241,119,356,-237
219000242,66,302,-236
219000243,159,251,-92
219000244,14,96,-82
219000245,9,118,-109
219000246,15,34,-19
219000247,403,39,364
219000248,655,692,-37
219000249,259,201,58
219000250,329,77,252
219000251,708,271,437
219000252,281,156,125
219000253,358,72,286
219000255,247,160,87
219000256,515,67,448
219000257,125,0,125
219000262,108,83,25
219000263,92,79,13
219000267,17,69,-52
219000268,5,50,-45
219000269,0,4,-4
219000270,40,0,40
219000271,505,2,503
219000278,4,31,-27
219000279,1,15,-14
219000283,0,2,-2
219000295,38,93,-55
219000296,76,231,-155
219000297,59,38,21
219000298,47,53,-6
219000299,481,67,414
219000300,86,83,3
219000301,31,168,-137
219000302,39,124,-85
219000307,34,33,1
219000308,119,55,64
219000311,235,84,151
219000312,455,176,279
219000313,541,82,459
219000314,74,153,-79
219000315,569,65,504
219000316,791,67,724
219000317,225,13,212
219000320,2,211,-209
219000321,1,44,-43
219000323,0,119,-119
219000325,0,6,-6
219000326,69,99,-30
219000327,25,25,0
219000328,29,7,22
219000329,259,145,114
219000330,6,35,-29
219000331,75,67,8
219000332,343,89,254
219000333,103,6,97
219000335,130,1,129
219000337,14,2,12
219000338,54,0,54
219000344,13,41,-28
219000345,88,12,76
219000346,53,30,23
219000348,211,70,141
219000349,46,93,-47
219000350,43,308,-265
219000351,0,6,-6
219000352,64,102,-38
219000353,101,75,26
219000354,354,68,286
219000355,165,112,53
219000356,499,2341,-1842
219000363,140,134,6
219000364,289,97,192
219000365,190,29,161
219000366,232,770,-538
219000368,356,637,-281
219000370,641,938,-297
219000371,24,21,3
219000382,7,42,-35
219000383,265,1631,-1366
219000385,190,988,-798
219000386,753,2211,-1458
219000387,1,6,-5
219000390,5,12,-7
219000391,2,2,0
219000397,42,21,21
219000398,34,23,11
219000401,24,86,-62
219000402,29,82,-53
219000403,35,138,-103
219000404,35,52,-17
219000407,20,27,-7
219000409,94,49,45
219000410,133,29,104
219000411,114,21,93
219000446,225,426,-201
219000447,12,25,-13
219000448,40,6,34
219000452,137,148,-11
219000453,72,374,-302
219000454,249,589,-340
219000556,480,169,311
219000558,52,160,-108
219000590,36,241,-205
219000591,180,138,42
219000592,46,307,-261
219000595,14,11,3
219000635,296,50,246
219000636,96,95,1
219000657,8,2,6
219000658,7,126,-119
219000673,0,34,-34
219000676,15,1,14
219000679,10,36,-26
219000684,127,7,120
219000685,0,51,-51
219000686,0,12,-12
219000688,0,70,-70
219000689,8,122,-114
219000690,140,27,113
219000691,35,106,-71
219000692,205,10,195
219000693,1,2,-1
219000694,4,0,4
219000695,81,7,74
219000698,7,0,7
219000699,0,171,-171
219000727,6,304,-298
219000728,183,1,182
219000770,23,12,11
219000771,3,94,-91
219000788,271,560,-289
219001150,0,41,-41
219001151,0,3,-3
219001166,82,47,35
219001167,10,90,-80
219001178,54,0,54
220000001,31,184,-153
220000002,18,159,-141
220000003,367,252,115
220000004,536,732,-196
220000005,561,1854,-1293
220000006,193,665,-472
220000007,539,147,392
220000008,334,386,-52
220000009,405,350,55
220000010,106,77,29
220000011,448,4746,-4298
220000012,28,593,-565
220000014,234,168,66
220000015,71,521,-450
220000017,30,524,-494
220000018,8353,2587,5766
220000019,223,766,-543
220000020,664,182,482
220000021,1193,266,927
220000022,1501,325,1176
220000023,380,185,195
220000024,1035,699,336
220000025,627,2234,-1607
220000026,513,1010,-497
220000027,15,349,-334
220000028,24,189,-165
220000029,37,57,-20
220000030,89,295,-206
220000031,771,735,36
220000064,38,2545,-2507
221000046,1,0,1
221000047,0,0,0
221000048,0,3,-3
221000049,0,8,-8
221000050,11,2,9
221000055,32,62,-30
221000057,73,4,69
221000068,181,59,122
221000069,290,34,256
221000070,251,22,229
221000071,107,8,99
221000072,322,1,321
221000073,267,14,253
221000074,0,6,-6
221000075,5,50,-45
221000076,7,45,-38
221000077,20,53,-33
221000081,28,13,15
221000082,76,5,71
221000083,12,12,0
221000084,11,10,1
221000085,21,72,-51
221000086,11,33,-22
221000087,1,76,-75
221000088,5,143,-138
221000089,25,204,-179
221000090,43,459,-416
221000098,174,9,165
221000099,420,7,413
221000100,221,3,218
221000101,151,9,142
221000102,131,15,116
221000109,6,61,-55
221000110,4,42,-38
221000111,12,102,-90
221000112,7,109,-102
221000113,15,97,-82
221000114,0,125,-125
221000120,6,132,-126
221000121,0,86,-86
221000122,19,74,-55
221000123,39,102,-63
221000124,5,69,-64
221000155,97,19,78
221000156,134,76,58
221000175,2,44,-42
221000176,0,1,-1
221000182,47,2,45
221000241,520,281,239
221000242,84,321,-237
221000243,858,213,645
221000244,111,743,-632
221000245,285,232,53
221000246,54,473,-419
221000247,242,224,18
221000248,165,204,-39
221000267,21,668,-647
221000325,26,114,-88
221000331,1,61,-60
221000338,2,92,-90
221000378,307,73,234
221000381,65,94,-29
222000282,2,7,-5
222000296,1,28,-27
222000568,383,9,374
222000569,152,37,115
222000570,145,22,123
222000571,459,7,452
222000577,6,47,-41
222000578,2,98,-96
222000579,9,100,-91
222000580,15,496,-481
222000599,0,43,-43
222000600,0,77,-77
222000601,3,452,-449
222000603,3,130,-127
222000604,4,181,-177
222000605,21,32,-11
222000606,0,50,-50
222000607,9,6,3
222000608,6,25,-19
222000609,39,59,-20
222000616,592,71,521
222000617,7,72,-65
222000618,2,38,-36
222000620,23,25,-2
222000621,31,67,-36
222000623,675,7,668
222000624,534,2,532
222000625,1354,74,1280
222000636,68,6,62
222000686,26,59,-33
222000687,64,30,34
222001066,313,0,313
222001067,36,0,36
222001068,164,32,132
222001069,122,18,104
222001082,23,10,13
222001083,71,0,71
222001084,0,49,-49
222001085,0,188,-188
222001111,133,49,84
222001112,304,3,301
222001313,7,30,-23
222001314,0,98,-98
222001464,453,97,356
222001465,21,76,-55
222001484,295,63,232
222001485,42,73,-31
222001494,976,233,743
222001495,134,71,63
222001496,497,101,396
222001497,148,149,-1
222001502,6,30,-24
222001503,228,24,204
222001504,11,124,-113
222001505,386,8,378
222001506,13,157,-144
222001507,216,6,210
222001510,994,14,980
222001511,74,187,-113
222001514,676,66,610
222001515,20,379,-359
222001518,680,21,659
222001519,34,214,-180
222001527,211,18,193
222001528,25,211,-186
222001529,443,15,428
222001530,77,70,7
222001533,100,78,22
222001534,633,25,608
222001535,741,269,472
222001536,85,98,-13
222001537,418,28,390
222001538,8,265,-257
222001563,1371,64,1307
222001564,37,197,-160
222001568,181,106,75
222001576,0,6,-6
222001579,0,10,-10
222001583,14,55,-41
222001584,204,39,165
222001596,395,916,-521
222001597,1630,306,1324
222001626,0,27,-27
222001650,8,116,-108
222001651,42,293,-251
222001914,254,16,238
222001915,18,166,-148
222001968,902,261,641
222001969,210,363,-153
222001970,108,272,-164
222001971,90,2,88
222001972,8,7,1
225000001,527,250,277
225000002,1164,244,920
225000003,1250,103,1147
225000004,813,212,601
225000005,58,45,13
225000006,1,496,-495
225000007,1910,1514,396
225000010,398,10,388
225000011,366,2797,-2431
225000012,340,1173,-833
225000013,205,220,-15
225000014,1154,318,836
225000015,232,215,17
225000021,942,128,814
225000027,430,602,-172
225000032,812,123,689
225000042,204,515,-311
225000049,120,50,70
225000050,197,18,179
225000053,6,263,-257
225000058,1273,407,866
225000067,471,144,327
225000068,209,289,-80
225000069,113,597,-484
225000070,182,391,-209
225000071,43,55,-12
225000075,69,2988,-2919
225000076,64,365,-301
225000078,65,147,-82
225000085,189,111,78
225000086,554,64,490
225000087,218,8,210
225000088,60,297,-237
225000089,74,596,-522
225000090,71,860,-789
225000091,102,220,-118
225000092,65,113,-48
225000093,462,236,226
225000094,27,138,-111
225000095,422,341,81
225000096,103,360,-257
225000098,1110,174,936
225000099,657,238,419
225000100,793,233,560
225000104,236,538,-302
225000110,15,276,-261
225000111,373,602,-229
225000112,668,1058,-390
225000113,321,2356,-2035
225000114,146,962,-816
225000115,2368,753,1615
225000116,390,275,115
225000117,819,443,376
225000118,1733,351,1382
225000119,633,76,557
225000120,1322,33,1289
225000121,286,15,271
225000123,671,33,638
225000125,874,393,481
225000126,1331,467,864
225000127,484,3269,-2785
225000128,590,1330,-740
225000132,1030,47,983
225000133,349,32,317
225000134,1040,157,883
225000135,158,6,152
225000136,1022,10,1012
225000137,588,78,510
225000138,667,165,502
225000143,203,337,-134
225000144,33,326,-293
225000145,40,65,-25
225000146,195,40,155
225000147,123,115,8
225000148,16,74,-58
225000149,93,176,-83
225000151,42,104,-62
225000155,280,358,-78
225000156,301,1228,-927
225000157,1000,646,354
225000158,67,340,-273
225000171,1,197,-196
225000180,21,0,21
225000181,0,178,-178
225000182,110,19,91
225000185,6,516,-510
225000187,119,291,-172
225000191,63,0,63
225000194,0,13,-13
225000208,1,56,-55
225000209,224,17,207
225000210,20,210,-190
225000217,0,11,-11
225000218,31,7,24
225000223,0,1070,-1070
225000224,257,14,243
225000225,0,677,-677
225000226,13,4,9
225000227,330,638,-308
225000228,4,15,-11
225000229,0,60,-60
225000230,20,0,20
225000231,1,35,-34
225000232,237,0,237
225000241,37,0,37
225000242,0,69,-69
225000249,13,0,13
225000250,71,396,-325
225000251,884,272,612
226000042,208,473,-265
226000043,78,300,-222
226000044,170,915,-745
226000045,85,540,-455
226000046,890,329,561
226000047,755,289,466
226000048,619,293,326
226000049,714,494,220
226000070,0,34,-34
226000071,0,108,-108
226000072,0,57,-57
226000073,0,30,-30
226000074,0,16,-16
226000084,0,88,-88
226000085,1,110,-109
226000086,0,32,-32
226000087,0,28,-28
226000088,6,14,-8
226000090,897,505,392
226000091,12,143,-131
226000092,1,17,-16
226000093,15,1,14
226000094,2,25,-23
226000095,23,25,-2
226000105,8,0,8
226000106,21,0,21
226000107,9,1,8
226000108,33,1,32
226000109,207,1,206
226000124,140,313,-173
226000134,1211,722,489
226000135,2256,909,1347
226000136,1130,551,579
226000137,11,194,-183
226000138,18,108,-90
226000139,15,55,-40
226000156,616,4,612
226000157,372,23,349
226000163,88,373,-285
226000202,23,101,-78
226000231,1631,20,1611
226000232,39,6,33
227000037,800,9,791
227000038,312,73,239
227000049,0,219,-219
227000050,1,282,-281
227000055,49,0,49
227000056,13,0,13
227000084,2,148,-146
227000085,0,157,-157
227000088,31,9,22
227000089,63,7,56
227000090,6,1,5
227000091,37,0,37
227000093,91,0,91
227000094,1,0,1
227000130,163,273,-110
227000131,47,218,-171
227000132,98,134,-36
227000133,10,128,-118
227000134,65,131,-66
227000152,0,4,-4
227000153,0,125,-125
227000155,4,50,-46
227000156,0,30,-30
227000165,4,118,-114
227000196,59,100,-41
227000199,676,16,660
227000230,16,189,-173
227000232,610,59,551
227000241,906,20,886
227000242,59,507,-448
227000243,510,48,462
227000244,578,49,529
227000245,62,204,-142
227000246,91,272,-181
227000247,742,29,713
227000248,168,184,-16
227000249,49,707,-658
227000251,178,1013,-835
227000252,45,153,-108
227000253,294,94,200
227000262,870,25,845
227000266,1558,34,1524
227000267,22,626,-604
227000486,366,506,-140
227000655,567,7,560
227000661,121,30,91
227000680,116,99,17
229000265,55,59,-4
229000296,1,33,-32
229000297,6,17,-11
229000298,1,85,-84
229000320,8,3,5
229000321,26,6,20
229000412,1,62,-61
229000414,2,36,-34
229000415,7,5,2
229000416,18,3,15
229000417,2,1,1
229000419,111,132,-21
229000440,175,81,94
229000442,16,5,11
229000443,10,18,-8
229000444,0,22,-22
229000445,38,8,30
229000446,39,15,24
229000847,216,1,215
229000848,75,0,75
229000849,263,1,262
229000851,92,0,92
229000854,4,40,-36
229000856,1,110,-109
229000857,2,27,-25
229000858,0,57,-57
229000919,3,52,-49
229000930,5,200,-195
229000937,125,11,114
229000966,126,26,100
229000981,33,23,10
229000985,25,10,15
229000986,0,2,-2
229000987,0,0,0
229000988,0,9,-9
229000989,4,22,-18
229000990,1,13,-12
229000991,0,6,-6
229000992,12,5,7
229000993,149,10,139
229000998,34,63,-29
229000999,82,11,71
229001034,0,23,-23
229001035,11,2,9
229001037,44,1,43
229001042,21,4,17
229001047,17,18,-1
229001050,59,52,7
229001200,28,0,28
229001338,1,2,-1
229001394,301,0,301
229001422,211,24,187
229001423,23,103,-80
229001431,61,63,-2
229001432,30,146,-116
229001444,151,19,132
229001445,97,65,32
229001503,363,98,265
229001504,102,126,-24
229001505,218,46,172
229001506,70,106,-36
229001509,85,17,68
229001545,199,8,191
229001546,3,58,-55
229001553,203,30,173
229001554,23,49,-26
229001559,9,1,8
229001560,6,49,-43
229001630,76,5,71
229001631,1,31,-30
229001635,0,8,-8
229001636,0,0,0
229001658,0,83,-83
229001659,56,2,54
229001660,0,22,-22
229001661,0,59,-59
229001662,15,0,15
229001663,0,189,-189
229002584,132,196,-64
229002831,69,69,0
229002841,6,33,-27
229002842,26,60,-34
229002843,22,18,4
229002844,19,75,-56
229002845,2,137,-135
229002846,5,27,-22
229002847,0,22,-22
229002848,2,19,-17
229002849,1,29,-28
229002850,4,2,2
229002851,8,124,-116
229002852,106,133,-27
229002853,52,29,23
229002854,30,37,-7
229002855,24,121,-97
229002856,21,32,-11
229002857,4,191,-187
229002858,7,3,4
229002859,8,102,-94
229002860,40,42,-2
229002861,89,16,73
229002862,7,61,-54
229002863,5,16,-11
229002864,43,61,-18
229002865,7,7,0
229002866,2,16,-14
229002867,1,30,-29
229002868,10,33,-23
229002869,4,78,-74
229002870,44,33,11
235000066,147,37,110
235000067,97,101,-4
235000072,20,77,-57
235000073,98,347,-249
235000074,42,63,-21
235000080,13,91,-78
235000081,74,126,-52
235000082,425,30,395
235000083,295,38,257
235000084,47,56,-9
235000085,148,72,76
235000089,77,29,48
235000092,42,89,-47
235000093,4,3,1
235000097,1,2,-1
235000098,65,0,65
235000099,18,40,-22
235000116,7,34,-27
235000117,529,23,506
235000133,25,445,-420
235000134,12,193,-181
235000206,3,16,-13
235000207,2,3,-1
235000208,0,3,-3
235000209,2,2,0
235000210,5,0,5
235000212,1,14,-13
235000213,1,21,-20
235000220,0,0,0
235000221,6,133,-127
235000238,16,320,-304
235000239,0,105,-105
235000242,337,806,-469
235000245,347,203,144
235000246,11,77,-66
235000284,13,95,-82
235000295,103,7,96
235000305,327,27,300
235000306,372,22,350
235000307,51,4,47
235000308,42,2,40
235000309,131,0,131
235000310,21,0,21
235000311,74,122,-48
235000322,0,14,-14
235000323,10,25,-15
235000324,0,17,-17
235000325,4,11,-7
235000326,10,49,-39
235000351,1,73,-72
235000352,18,58,-40
235000353,0,37,-37
235000354,2,20,-18
235000355,0,48,-48
235000356,80,7,73
235000357,63,1,62
235000358,37,1,36
235000359,7,7,0
235000360,87,10,77
235000361,85,15,70
235000381,126,82,44
235000382,146,71,75
235000390,7,1,6
235000391,161,20,141
235000392,271,187,84
235000393,158,176,-18
235000395,139,18,121
235000396,359,66,293
235000400,16,141,-125
235000401,4,181,-177
235000405,108,103,5
235000406,28,62,-34
235000407,52,114,-62
235000409,111,109,2
235000410,78,173,-95
235000411,0,63,-63
235000485,0,8,-8
235000486,2,0,2
235000549,39,70,-31
235000550,121,127,-6
235000599,176,55,121
235000600,7,8,-1
235000601,0,25,-25
235000602,101,63,38
235000614,1,4,-3
235000648,0,12,-12
235000649,40,4,36
235000685,0,6,-6
235000815,2,26,-24
235000834,0,23,-23
235000855,58,29,29
235000862,38,54,-16
235000891,0,89,-89
235000892,23,0,23
235000901,49,21,28
235000907,0,6,-6
235001010,94,51,43
235001029,83,208,-125
235001030,198,112,86
235001078,75,69,6
235001079,36,39,-3
235001147,21,77,-56
235001166,6,38,-32
235001167,63,26,37
235001169,49,132,-83
235001188,0,23,-23
235001189,1,0,1
235001197,3,20,-17
235001200,75,54,21
235001207,419,47,372
235001210,180,177,3
235001215,66,95,-29
235001239,0,30,-30
235001244,0,22,-22
235016267,1,235,-234
277102712,0,0,0
277103813,0,0,0
277104249,0,2,-2
277104250,0,18,-18
277104251,0,7,-7
277104252,0,4,-4
990011530,1,433,-432
990014944,0,115,-115
990015176,200,0,200
990016032,1,138,-137
990032570,0,23,-23
990070001,58,2,56
990070103,0,0,0
990070601,1,19,-18
990070751,2636,16,2620
990070766,0,126,-126
990071180,660,400,260
990071343,81,10,71
990071387,0,15,-15
990071823,18,0,18
990072600,0,499,-499
990072964,1,123,-122
990073285,0,0,0
990074393,1,405,-404
990074870,2123,7,2116
990075106,622,3,619
990075746,752,28,724
990076437,4324,28,4296
990076458,1,296,-295
997000007,381,7,374
997000041,2,176,-174
997000058,72,0,72
997000062,6,1,5
997000069,0,8,-8
997000070,0,13,-13
997000100,176,0,176
997000141,0,133,-133
997000198,4,111,-107
998000475,0,0,0
998000736,0,54,-54
998000965,0,38,-38
998001031,0,74,-74
998001700,0,23,-23
998001899,0,1,-1
998001900,6,0,6
998003073,1221,2,1219
998101900,0,0,0
998102850,1,97,-96
998501927,472,1388,-916
998501929,245,43,202
998501930,153,0,153
998501931,120,3,117
998501932,8,0,8
998501933,73,0,73
998501937,32,1,31
998501944,0,0,0
998501950,0,1,-1
998501970,176,3,173
998501971,0,34,-34
998501973,1,11,-10
998501974,1,92,-91
998501975,128,27,101
998501976,726,22,704
998501977,0,30,-30
998501978,3,0,3
998501979,0,2,-2
998501980,59,0,59
998501981,101,2,99
998501982,2,136,-134
998501983,0,1,-1
998502006,0,0,0
998502032,0,0,0
998502062,8,4,4
998502063,0,0,0
998502173,37,0,37
998502269,0,10,-10
998502546,1,571,-570
998502578,2,0,2
998502599,22,581,-559
998502621,0,0,0
998601159,0,42,-42
998601292,0,30,-30
999033574,1,153,-152
999800001,18,0,18
999800002,0,10,-10
999800003,2,1,1
999800004,0,0,0
999800005,0,66,-66
