ID,insum,outsum,diff
100000001,555,503,52
100000002,2847,3271,-424
100000003,2841,3954,-1113
100000004,258,762,-504
100000005,1901,3526,-1625
100000006,427,174,253
100000007,1449,559,890
100000008,86,372,-286
100000009,227,220,7
100000010,30,84,-54
100000011,301,163,138
100000012,68,1384,-1316
100000013,15,459,-444
100000014,138,338,-200
100000015,966,1416,-450
100000016,393,1065,-672
100000017,309,693,-384
100000018,683,508,175
100000019,2035,1662,373
100000020,886,3897,-3011
100000021,4051,1434,2617
100000022,455,1979,-1524
100000023,2452,942,1510
100000025,321,937,-616
100000028,419,1003,-584
100000029,40,358,-318
100000030,43,20,23
100000031,1061,3636,-2575
100000032,1139,2694,-1555
100000033,764,2182,-1418
100000034,75,744,-669
100000035,655,1052,-397
100000036,608,1177,-569
100000037,488,342,146
100000038,1795,774,1021
100000039,250,230,20
100000040,191,114,77
100000041,1122,360,762
100000042,745,285,460
100000043,480,442,38
100000044,179,488,-309
100000045,212,434,-222
100000046,372,387,-15
100000047,160,257,-97
100000048,189,404,-215
100000049,976,824,152
100000051,369,440,-71
100000053,70,2,68
100000054,214,14,200
100000055,413,394,19
100000056,321,647,-326
100000057,1429,447,982
100000058,546,667,-121
100000059,6,225,-219
100000060,390,214,176
100000061,1756,343,1413
100000062,1537,352,1185
100000063,683,186,497
100000064,882,335,547
100000065,181,502,-321
100000066,137,358,-221
100000067,190,434,-244
100000068,214,770,-556
100000069,215,681,-466
100000072,152,351,-199
100000073,702,596,106
100000075,572,164,408
100000076,833,2870,-2037
100000077,70,320,-250
100000078,16,21,-5
100000079,9,36,-27
100000080,10,72,-62
100000081,70,189,-119
100000102,1989,3571,-1582
100000103,1062,981,81
100000104,1852,1874,-22
100000105,1040,1291,-251
100000106,784,1984,-1200
100000107,111,983,-872
100000108,185,706,-521
100000109,678,993,-315
100000116,459,512,-53
100000117,61,163,-102
100000118,528,939,-411
100000119,406,765,-359
100000121,143,300,-157
100000122,413,1196,-783
100000123,960,2132,-1172
100000124,2285,2539,-254
100000125,2855,1312,1543
100000126,393,442,-49
100000127,666,406,260
100000128,1104,1923,-819
100000129,211,558,-347
100000130,382,203,179
100000131,852,1213,-361
100000132,511,1307,-796
100000133,1403,918,485
100000135,448,1044,-596
100000139,151,595,-444
100000140,121,168,-47
100000142,501,467,34
100000143,931,324,607
100000144,1443,494,949
100000147,979,2690,-1711
100000150,33,557,-524
100000151,431,1565,-1134
100000153,90,345,-255
100000154,11,237,-226
100000155,6,27,-21
100000156,234,336,-102
100000157,286,191,95
100000158,173,171,2
100000159,73,526,-453
100000165,521,521,0
100000169,55,1013,-958
100000174,172,755,-583
100000179,55,479,-424
100000180,476,1416,-940
100000181,257,460,-203
100000188,36,96,-60
100000189,634,306,328
100000190,362,1249,-887
100000191,509,442,67
100000192,12,77,-65
100000193,192,194,-2
100000330,470,624,-154
100000355,110,649,-539
100000362,2134,1137,997
100000363,4108,4181,-73
100000364,63,199,-136
100000365,4053,7263,-3210
100000366,1699,1223,476
100000367,3100,4962,-1862
100000368,2222,705,1517
100000369,344,1628,-1284
100000370,110,675,-565
100000376,62,165,-103
100000379,884,1440,-556
100000380,2586,4162,-1576
100000384,3130,4247,-1117
100000385,1108,2670,-1562
100000386,2340,4079,-1739
100000387,1864,3721,-1857
100000388,1929,3967,-2038
100000389,2355,4583,-2228
100000390,2997,4281,-1284
100000391,1962,6108,-4146
100000392,1115,3174,-2059
100000393,1005,4405,-3400
100000394,2898,5957,-3059
100000395,1625,4896,-3271
100000396,2803,2733,70
100000397,2011,6547,-4536
100000398,5007,3840,1167
100000413,2,1,1
100000414,95,421,-326
100900002,7,5,2
100900003,286,193,93
100900004,13,562,-549
100900005,48,16,32
100900006,19,26,-7
100900007,139,3,136
100900008,1,230,-229
100900009,26,117,-91
100900010,28,11,17
100900011,118,80,38
100900012,0,97,-97
100900013,533,7,526
100900014,4,2,2
100900015,37,44,-7
100900016,2,13,-11
100900017,482,39,443
100900018,3,6,-3
100900019,6,43,-37
100900020,254,5,249
100900021,273,1,272
100900022,3,14,-11
100900023,0,9,-9
100900024,197,2,195
100900025,15,3,12
100900026,127,46,81
100900027,282,1419,-1137
100900028,66,221,-155
100900029,62,1,61
100900030,3,158,-155
100900031,459,26,433
100900032,262,0,262
100900033,75,214,-139
100900034,784,1,783
100900035,163,0,163
100900036,6,0,6
100900037,105,82,23
100900038,64,35,29
100900039,202,173,29
100900040,312,287,25
100900041,557,310,247
100900042,1088,1377,-289
100900043,0,8,-8
100900044,569,140,429
100900045,1,0,1
100900046,680,10,670
100900047,212,59,153
100900048,90,37,53
100900049,53,62,-9
100900050,0,1,-1
100900051,19,39,-20
100900052,179,22,157
100900053,412,8,404
100900054,5,50,-45
100900055,146,589,-443
100900056,15,55,-40
100900057,1309,796,513
100900058,88,38,50
100900059,58,1,57
100900060,162,4,158
100900061,188,86,102
100900062,6,41,-35
100900063,188,497,-309
100900064,399,36,363
100900065,39,94,-55
100900066,158,209,-51
100900067,0,1,-1
100900068,61,45,16
100900069,105,3,102
100900070,343,6,337
100900071,302,94,208
100900072,1,49,-48
100900073,69,180,-111
100900074,2,6,-4
100900075,1221,134,1087
100900076,1,23,-22
100900077,30,10,20
100900078,32,161,-129
100900079,6,25,-19
100900080,29,73,-44
100900081,22,80,-58
100900082,165,192,-27
100900083,17,8,9
100900085,21,455,-434
100900086,42,226,-184
100900088,116,174,-58
100900089,6,14,-8
100900090,72,293,-221
100900091,2,9,-7
100900092,64,80,-16
100900093,197,171,26
100900094,145,120,25
100900095,4,17,-13
100900096,22,83,-61
100900097,0,2,-2
100900098,14,35,-21
100900099,20,219,-199
100900100,3,369,-366
100900101,150,13,137
100900102,17,42,-25
100900103,1,15,-14
100900104,8,63,-55
100900105,9,395,-386
100900106,14,2,12
100900107,1067,552,515
100900108,2,31,-29
100900109,2,4,-2
100900110,0,19,-19
100900111,22,99,-77
100900112,1,9,-8
100900113,14,16,-2
100900114,10,17,-7
100900115,7,32,-25
100900116,503,291,212
100900117,133,744,-611
100900118,7,41,-34
100900119,7,7,0
100900120,23,5,18
100900121,151,190,-39
100900122,56,60,-4
100900123,47,137,-90
100900124,1,9,-8
100900125,10,16,-6
100900126,108,114,-6
100900127,0,1,-1
100900128,52,170,-118
100900129,1,183,-182
100900131,18,120,-102
100900133,40,25,15
100900134,0,6,-6
100900135,1,229,-228
100900137,221,108,113
100900138,246,289,-43
100900139,0,5,-5
100900140,7,183,-176
100900141,1,479,-478
100900142,0,6,-6
100900143,249,347,-98
100900144,3,8,-5
100900145,50,173,-123
100900147,5,400,-395
100900148,35,175,-140
100900149,10,48,-38
100900151,53,331,-278
100900152,85,7,78
100900153,1,113,-112
100900154,224,228,-4
100900155,8,5,3
100900156,10,3,7
100900157,8,363,-355
100900159,1,47,-46
100900160,15,0,15
100900161,13,6,7
100900162,9,285,-276
100900163,88,63,25
100900164,27,38,-11
100900165,3,14,-11
100900166,8,1,7
100900167,5,20,-15
100900168,19,142,-123
100900169,68,540,-472
100900170,16,2,14
100900171,7,310,-303
100900172,0,23,-23
100900173,3,84,-81
100900174,25,5,20
100900176,1030,104,926
100900177,365,78,287
100900178,142,141,1
100900179,167,287,-120
100900180,5,8,-3
100900181,34,61,-27
100900182,17,13,4
100900184,15,57,-42
100900186,317,237,80
100900187,11,38,-27
100900188,26,28,-2
100900189,1326,114,1212
100900191,397,896,-499
100900192,103,348,-245
100900195,123,99,24
100900197,8,33,-25
100900198,11,94,-83
100900199,1,4,-3
100900200,419,225,194
100900201,29,374,-345
100900202,48,0,48
100900203,2,269,-267
100900204,43,478,-435
100900205,90,414,-324
100900206,164,66,98
100900207,180,105,75
100900210,17,107,-90
100900211,259,86,173
100900213,78,25,53
100900214,292,96,196
100900215,9,26,-17
100900217,95,120,-25
101000001,1343,1396,-53
101000002,4597,4512,85
101000003,182,638,-456
101000004,3701,4062,-361
101000005,2401,3093,-692
101000006,3256,5080,-1824
101000007,1449,2628,-1179
101000009,1519,473,1046
101000010,572,392,180
101000011,595,165,430
101000012,405,487,-82
101000013,342,762,-420
101000014,216,238,-22
101000015,1131,732,399
101000016,166,340,-174
101000017,259,277,-18
101000018,1018,1595,-577
101000020,939,570,369
101000021,372,343,29
101000022,45,62,-17
101000023,614,500,114
101000025,204,381,-177
101000026,182,22,160
101000027,1360,2706,-1346
101000028,698,277,421
101000029,76,910,-834
101000030,626,151,475
101000031,170,544,-374
101000032,1890,3300,-1410
101000033,998,2580,-1582
101000034,698,1294,-596
101000035,336,171,165
101000036,746,972,-226
101000037,997,1580,-583
101000039,1016,1517,-501
101000040,1573,3274,-1701
101000041,1713,5193,-3480
101000042,105,817,-712
101000043,2224,4831,-2607
101000045,352,764,-412
101000046,711,1641,-930
101000047,717,3625,-2908
101000048,346,246,100
101000049,310,1382,-1072
101000050,465,1146,-681
101000051,519,1612,-1093
101000052,822,839,-17
101000053,480,812,-332
101000054,875,463,412
101000055,711,953,-242
101000056,21,90,-69
101000057,649,1111,-462
101000058,466,909,-443
101000059,1108,1700,-592
101000060,1376,591,785
101000061,340,1230,-890
101000062,266,534,-268
101000063,211,956,-745
101000064,429,869,-440
101000065,157,554,-397
101000066,395,1066,-671
101000067,565,845,-280
101000068,100,333,-233
101000069,132,43,89
101000070,516,668,-152
101000071,1346,693,653
101000072,418,1836,-1418
101000073,432,886,-454
101000074,1966,2489,-523
101000075,1358,3191,-1833
101000077,909,937,-28
101000078,383,880,-497
101000079,856,701,155
101000080,670,791,-121
101000081,1198,1150,48
101000082,1454,1672,-218
101000083,2057,1735,322
101000084,665,418,247
101000085,963,881,82
101000086,581,772,-191
101000087,555,597,-42
101000088,874,792,82
101000089,801,1158,-357
101000090,1270,764,506
101000091,386,277,109
101000092,1154,467,687
101000093,1078,511,567
101000094,777,593,184
101000095,391,321,70
101000096,366,307,59
101000097,242,312,-70
101000098,288,289,-1
101000099,348,652,-304
101000100,514,545,-31
101000101,159,230,-71
101000102,351,430,-79
101000103,318,435,-117
101000104,189,593,-404
101000105,92,401,-309
101000106,245,845,-600
101000107,193,243,-50
101000108,357,115,242
101000109,390,58,332
101000110,27,154,-127
101000111,44,96,-52
101000113,96,489,-393
101000114,2566,6752,-4186
101000115,14,29,-15
101000116,18,14,4
101000117,982,86,896
101000119,29,51,-22
101000120,89,48,41
101000121,31,40,-9
101000122,94,70,24
101000123,36,97,-61
101000124,588,337,251
101000125,76,257,-181
101000128,118,466,-348
101000130,95,180,-85
101000131,862,343,519
101000132,635,408,227
101000135,16,36,-20
101000136,206,196,10
101000137,30,269,-239
101000141,420,2645,-2225
101000147,678,318,360
101000148,506,11,495
101000149,72,192,-120
101000150,74,210,-136
101000151,212,23,189
101000152,207,187,20
101000153,192,100,92
101000154,297,379,-82
101000155,330,109,221
101000156,20,320,-300
101000157,45,16,29
101000160,10,16,-6
101000163,122,402,-280
101000164,198,131,67
101000165,183,319,-136
101000166,160,174,-14
101000168,575,353,222
101000252,1752,707,1045
101000254,27,41,-14
101000258,58,16,42
101000261,70,58,12
101000262,808,2888,-2080
101000263,142,737,-595
101000265,45,484,-439
101000266,174,248,-74
101000269,12,5,7
101000290,309,1500,-1191
101000293,25,22,3
101000294,403,311,92
101000295,142,148,-6
101000301,286,340,-54
101000304,1276,1945,-669
101000305,1938,675,1263
101000328,133,351,-218
101900001,31,31,0
101900002,0,5,-5
101900003,34,47,-13
101900004,1,63,-62
101900005,1197,2042,-845
101900006,893,302,591
101900007,354,134,220
101900008,37,160,-123
101900009,16,229,-213
101900010,436,496,-60
101900011,41,615,-574
101900012,134,68,66
101900013,293,87,206
101900017,6,84,-78
101900018,608,192,416
101900019,108,115,-7
101900020,13,33,-20
101900021,4,28,-24
101900022,122,451,-329
101900023,106,89,17
101900026,124,31,93
101900027,28,78,-50
102000001,1808,3572,-1764
102000002,1459,646,813
102000003,1586,4900,-3314
102000004,2120,1590,530
102000005,706,1794,-1088
102000006,427,972,-545
102000007,1022,2953,-1931
102000008,2165,1010,1155
102000009,4072,5515,-1443
102000010,2578,1684,894
102000011,2590,2141,449
102000012,1995,1484,511
102000018,1454,1886,-432
102000019,1313,1009,304
102000026,197,238,-41
102000029,164,137,27
102000030,82,168,-86
102000031,64,50,14
102000032,411,223,188
102000033,199,163,36
102000034,236,224,12
102000035,653,318,335
102000036,9,172,-163
102000037,126,16,110
102000038,68,253,-185
102000039,79,93,-14
102000040,180,285,-105
102000041,61,425,-364
102000042,83,301,-218
102000043,95,252,-157
102000044,218,421,-203
102000045,350,409,-59
102000046,734,462,272
102000047,448,513,-65
102000048,214,445,-231
102000049,624,615,9
102000050,683,723,-40
102000051,214,493,-279
102000052,750,515,235
102000053,613,789,-176
102000054,606,755,-149
102000055,1038,222,816
102000056,832,284,548
102000057,1179,292,887
102000058,695,569,126
102000059,804,783,21
102000060,650,612,38
102000061,1130,824,306
102000062,1453,596,857
102000063,656,768,-112
102000064,376,405,-29
102000065,40,73,-33
102000066,588,602,-14
102000067,1985,1846,139
102000068,6428,2149,4279
102000069,79,1980,-1901
102000070,1060,21,1039
102000071,5125,6415,-1290
102000072,1487,2418,-931
102000073,291,441,-150
102000074,410,731,-321
102000075,86,201,-115
102000076,170,87,83
102000077,490,331,159
102000078,825,287,538
102000079,99,94,5
102000080,247,89,158
102000081,148,572,-424
102000082,423,280,143
102000083,529,130,399
102000084,385,117,268
102000085,1287,452,835
102000086,909,470,439
102000087,506,676,-170
102000088,271,184,87
102000089,961,201,760
102000090,192,599,-407
102000091,794,320,474
102000092,184,306,-122
102000093,501,419,82
102000094,380,421,-41
102000095,646,620,26
102000096,231,472,-241
102000097,405,341,64
102000098,264,455,-191
102000099,505,753,-248
102000100,198,876,-678
102000101,308,504,-196
102000102,248,582,-334
102000103,1454,219,1235
102000104,430,161,269
102000105,184,341,-157
102000106,600,269,331
102000107,1259,247,1012
102000108,519,113,406
102000109,370,294,76
102000110,1033,390,643
102000111,6,187,-181
102000112,121,120,1
102000113,15,19,-4
102000114,461,214,247
102000115,142,246,-104
102000116,212,360,-148
102000117,65,476,-411
102000118,548,1066,-518
102000119,887,984,-97
102000120,141,298,-157
102000121,616,268,348
102000122,501,648,-147
102000123,786,688,98
102000124,909,883,26
102000125,414,535,-121
102000126,406,571,-165
102000127,851,484,367
102000128,488,617,-129
102000129,1052,477,575
102000130,536,638,-102
102000131,921,409,512
102000132,387,594,-207
102000133,1967,1067,900
102000134,682,478,204
102000135,434,431,3
102000136,705,408,297
102000137,389,563,-174
102000138,110,202,-92
102000139,26,436,-410
102000140,66,815,-749
102000141,98,191,-93
102000142,204,145,59
102000143,160,135,25
102000144,294,165,129
102000145,258,218,40
102000146,251,163,88
102000147,327,266,61
102000148,110,269,-159
102000149,146,114,32
102000150,398,58,340
102000151,84,88,-4
102000152,150,131,19
102000153,733,471,262
102000154,155,343,-188
102000155,38,267,-229
102000156,158,140,18
102000157,48,455,-407
102000158,229,230,-1
102000159,659,646,13
102000161,1191,1404,-213
102000162,95,123,-28
102000163,97,340,-243
102000164,341,580,-239
102000165,198,139,59
102000166,97,177,-80
102000167,121,152,-31
102000168,178,141,37
102000169,57,383,-326
102000170,293,86,207
102000171,50,77,-27
102000172,7,249,-242
102000173,286,194,92
102000174,43,28,15
102000175,82,58,24
102000176,38,16,22
102000178,173,178,-5
102000179,356,131,225
102000180,774,201,573
102000181,721,250,471
102000182,439,323,116
102000183,1488,855,633
102000184,1577,342,1235
102000185,2152,582,1570
102000186,1301,791,510
102000187,693,714,-21
102000188,926,796,130
102000189,1162,298,864
102000190,275,1506,-1231
102000191,858,290,568
102000192,1110,1206,-96
102000193,50,53,-3
102000194,31,107,-76
102000195,351,173,178
102000196,186,165,21
102000197,779,164,615
102000198,163,248,-85
102000199,1035,162,873
102000200,193,348,-155
102000201,992,269,723
102000202,5,52,-47
102000203,327,113,214
102000204,426,278,148
102000205,926,205,721
102000206,525,197,328
102000207,409,269,140
102000208,236,225,11
102000209,36,27,9
102000210,482,243,239
102000211,301,110,191
102000212,270,11,259
102000213,9,113,-104
102000214,261,5,256
102000215,5,135,-130
102000216,39,46,-7
102000217,4,48,-44
102000218,206,150,56
102000219,162,80,82
102000225,330,299,31
102000226,210,349,-139
102000227,149,2,147
102000228,0,53,-53
102000229,33,46,-13
102000230,238,241,-3
102000231,164,241,-77
102000232,31,88,-57
102000233,377,340,37
102000234,52,624,-572
102000236,175,55,120
102000237,279,140,139
102000238,108,160,-52
102000240,264,590,-326
102000241,131,56,75
102000243,10,35,-25
102000245,13,88,-75
102000246,6,18,-12
102000247,304,383,-79
102000248,256,565,-309
102000249,101,85,16
102000250,48,160,-112
102000254,103,88,15
102000266,7,413,-406
102000271,36,0,36
102000286,216,236,-20
102000297,1300,688,612
102000307,0,8,-8
102000316,140,48,92
102900001,894,469,425
102900002,257,33,224
102900003,66,127,-61
102900005,392,173,219
102900006,387,54,333
102900007,393,9,384
102900008,179,24,155
102900009,272,230,42
102900010,131,722,-591
102900011,827,205,622
102900012,362,68,294
102900013,42,30,12
102900015,413,352,61
102900016,40,32,8
102900017,198,146,52
102900018,30,31,-1
102900019,207,239,-32
102900020,101,20,81
102900021,46,40,6
102900022,197,139,58
102900023,10,73,-63
102900024,54,20,34
102900025,87,35,52
102900026,157,1523,-1366
102900027,78,35,43
102900028,124,534,-410
102900029,74,202,-128
102900030,215,182,33
102900031,182,67,115
102900032,91,30,61
102900033,33,93,-60
102900034,428,34,394
102900035,114,139,-25
102900036,301,177,124
102900037,218,135,83
102900038,294,149,145
102900039,3,459,-456
102900040,161,188,-27
102900041,61,90,-29
102900042,140,201,-61
102900043,154,160,-6
102900044,347,1032,-685
102900045,115,280,-165
102900046,136,93,43
102900047,95,317,-222
102900048,436,229,207
102900049,66,235,-169
102900050,199,162,37
102900051,156,125,31
102900053,279,346,-67
102900054,186,791,-605
102900055,56,161,-105
102900056,89,222,-133
102900057,4,51,-47
102900058,336,73,263
102900059,28,39,-11
102900060,89,237,-148
102900061,121,226,-105
102900062,247,351,-104
102900063,1000,198,802
102900064,39,268,-229
102900065,621,117,504
102900066,296,5,291
102900068,55,54,1
102900070,155,309,-154
102900072,15,48,-33
102900073,66,5,61
102900075,21,59,-38
102900076,57,87,-30
102900077,32,25,7
102900078,26,37,-11
102900079,133,6,127
102900080,332,36,296
102900081,39,260,-221
102900082,4,216,-212
102900083,94,7,87
102900084,1,21,-20
102900085,201,80,121
102900086,20,55,-35
102900087,119,88,31
102900088,18,19,-1
102900089,143,74,69
102900090,1,106,-105
102900091,102,2,100
102900092,244,179,65
102900094,0,115,-115
102900095,57,1,56
102900096,80,22,58
102900097,4,54,-50
103000001,1472,1558,-86
103000002,1548,1734,-186
103000003,2059,1693,366
103000004,543,407,136
103000005,1249,2604,-1355
103000006,661,1108,-447
103000007,237,413,-176
103000008,744,420,324
103000009,1187,692,495
103000010,155,80,75
103000011,854,662,192
103000012,892,1025,-133
103000013,1704,1078,626
103000014,835,1654,-819
103000015,1017,437,580
103000016,400,1034,-634
103000017,192,302,-110
103000018,340,168,172
103000019,304,282,22
103000020,1426,996,430
103000021,1292,1857,-565
103000022,469,720,-251
103000023,507,1504,-997
103000024,57,64,-7
103000025,85,606,-521
103000026,428,76,352
103000027,233,436,-203
103000028,139,159,-20
103000029,88,209,-121
103000030,954,770,184
103000031,541,1220,-679
103000032,1230,806,424
103000033,1823,1648,175
103000034,831,595,236
103000035,196,866,-670
103000036,179,234,-55
103000037,313,269,44
103000038,328,697,-369
103000039,410,209,201
103000040,452,422,30
103000041,1300,893,407
103000042,1203,233,970
103000043,536,383,153
103000044,192,77,115
103000046,295,255,40
103000047,627,262,365
103000048,174,145,29
103000049,76,80,-4
103000050,532,212,320
103000051,339,290,49
103000052,476,149,327
103000053,134,254,-120
103000054,1674,891,783
103000055,1261,1197,64
103000056,613,609,4
103000057,753,112,641
103000058,432,455,-23
103000059,427,439,-12
103000060,554,243,311
103000061,405,571,-166
103000062,728,311,417
103000063,627,565,62
103000064,113,98,15
103000065,14,183,-169
103000066,160,16,144
103000069,274,132,142
103000070,639,390,249
103000071,936,296,640
103000072,72,361,-289
103000073,475,64,411
103000074,517,73,444
103000075,91,361,-270
103000076,216,321,-105
103000077,23,114,-91
103000078,458,569,-111
103000079,357,506,-149
103000080,320,275,45
103000081,249,816,-567
103000082,286,129,157
103000083,69,203,-134
103000084,76,5,71
103000085,4,78,-74
103000086,237,324,-87
103000087,65,405,-340
103000088,165,260,-95
103000089,207,392,-185
103000090,2121,708,1413
103000091,609,340,269
103000092,172,150,22
103000093,247,390,-143
103000094,145,82,63
103000095,57,340,-283
103000096,438,53,385
103000097,60,550,-490
103000098,369,104,265
103000099,119,480,-361
103000100,107,346,-239
103000101,708,74,634
103000102,87,277,-190
103000103,532,105,427
103000104,96,46,50
103000105,138,81,57
103000106,9,107,-98
103000107,179,44,135
103000108,766,748,18
103000109,344,346,-2
103000110,355,336,19
103000111,232,375,-143
103000112,169,195,-26
103000113,275,579,-304
103000114,922,552,370
103000115,491,464,27
103000116,560,261,299
103000117,328,291,37
103000118,249,256,-7
103000119,469,250,219
103000120,38,71,-33
103000121,61,169,-108
103000122,258,302,-44
103000125,18,60,-42
103000126,598,1,597
103000127,12,52,-40
103000128,164,3,161
103000129,2,38,-36
103000130,57,39,18
103000131,62,50,12
103000132,51,116,-65
103000133,7,58,-51
103000134,151,554,-403
103000135,294,129,165
103000136,364,298,66
103000137,246,379,-133
103000138,352,440,-88
103000139,2,39,-37
103000140,80,26,54
103000141,15,123,-108
103000142,49,62,-13
103000143,37,156,-119
103000144,128,36,92
103000145,5,83,-78
103000150,103,49,54
103000152,149,216,-67
103000153,189,205,-16
103000156,8,147,-139
103000157,377,0,377
103000159,60,10,50
103000162,19,10,9
103000163,4,15,-11
103000164,10,12,-2
103000165,40,110,-70
103000166,194,262,-68
103000167,105,124,-19
103000168,89,92,-3
103000169,171,270,-99
103000170,844,174,670
103000171,47,72,-25
103000172,433,130,303
103000173,579,174,405
103000174,193,131,62
103000175,344,83,261
103000176,569,426,143
103000177,245,267,-22
103000178,91,217,-126
103000179,138,17,121
103000183,155,4,151
103000185,88,41,47
103000186,124,83,41
103000187,541,134,407
103000188,20,65,-45
103000189,506,686,-180
103000191,264,236,28
103000292,701,1306,-605
103000293,359,1834,-1475
103000295,31,69,-38
103000296,97,3,94
103000297,1,5,-4
103000504,54,9,45
103000505,4,33,-29
103000506,1,96,-95
103000507,175,4,171
103000508,65,43,22
103000509,222,367,-145
103000514,11,1,10
103900001,1,35,-34
103900002,414,90,324
103900003,431,11,420
103900004,117,0,117
103900005,0,84,-84
103900006,1,0,1
103900007,47,2,45
103900008,7,1,6
103900009,215,298,-83
103900010,115,174,-59
103900011,323,51,272
103900012,8,24,-16
103900013,37,30,7
103900014,57,5,52
103900015,62,3,59
103900016,174,79,95
103900017,48,37,11
103900018,297,79,218
103900019,70,304,-234
103900020,155,379,-224
103900021,109,25,84
103900022,568,261,307
103900023,142,1,141
103900024,67,150,-83
103900025,23,25,-2
103900026,11,0,11
103900027,393,153,240
103900028,17,175,-158
103900029,901,147,754
103900030,243,78,165
103900031,20,2,18
103900032,105,84,21
103900033,39,36,3
103900034,28,52,-24
103900035,44,32,12
103900036,33,36,-3
103900037,77,30,47
103900038,100,182,-82
103900039,135,136,-1
103900040,7,46,-39
103900041,49,36,13
103900042,66,99,-33
103900043,161,26,135
103900044,39,303,-264
103900045,279,95,184
103900047,85,8,77
103900048,18,16,2
103900049,72,726,-654
103900050,9,94,-85
103900051,1,39,-38
103900052,135,149,-14
103900053,235,216,19
103900054,113,105,8
103900055,343,122,221
103900056,39,27,12
103900057,50,55,-5
103900058,277,218,59
103900059,0,20,-20
103900060,42,61,-19
103900061,186,21,165
103900062,273,93,180
103900063,4,0,4
103900064,126,2,124
103900065,320,271,49
103900066,190,24,166
103900067,158,5,153
103900068,3,0,3
103900069,35,13,22
103900070,92,120,-28
103900071,16,51,-35
103900072,20,76,-56
103900073,22,56,-34
103900074,55,26,29
103900075,189,24,165
103900076,490,217,273
103900077,39,120,-81
103900078,215,62,153
103900079,82,87,-5
103900080,5,22,-17
103900081,34,56,-22
103900082,25,114,-89
103900083,1082,979,103
103900084,28,93,-65
103900085,51,102,-51
103900086,739,210,529
103900088,193,342,-149
103900089,37,79,-42
103900090,2,23,-21
103900091,627,171,456
103900092,536,199,337
103900093,20,212,-192
103900094,6,41,-35
103900095,132,117,15
103900096,30,60,-30
103900097,8,183,-175
103900098,206,88,118
103900099,70,37,33
103900100,229,122,107
103900101,83,589,-506
103900102,5,9,-4
103900104,0,21,-21
103900105,54,81,-27
103900106,0,79,-79
103900107,102,59,43
103900108,55,95,-40
103900109,139,25,114
103900110,128,36,92
103900111,115,187,-72
103900112,31,89,-58
103900113,61,155,-94
103900114,231,153,78
103900115,155,159,-4
103900116,1186,1747,-561
103900117,91,30,61
103900119,29,79,-50
103900120,53,51,2
103900122,121,73,48
103900123,553,432,121
103900124,51,202,-151
103900125,90,34,56
103900126,426,141,285
103900127,114,152,-38
103900128,111,32,79
103900131,14,55,-41
103900133,709,11,698
103900134,3,7,-4
103900135,0,3,-3
103900137,1,9,-8
103900138,176,40,136
103900139,387,2003,-1616
103900140,6,165,-159
103900141,130,28,102
103900142,139,40,99
103900143,127,0,127
103900144,0,4,-4
103900145,82,134,-52
103900146,197,114,83
103900147,245,61,184
103900148,251,106,145
103900149,265,194,71
103900150,2382,2973,-591
103900151,16,122,-106
103900152,662,98,564
103900153,5,2,3
103900154,286,1473,-1187
103900155,44,97,-53
103900156,128,75,53
103900157,65,50,15
103900158,72,27,45
103900159,107,32,75
103900160,53,31,22
103900161,57,92,-35
103900162,39,68,-29
103900163,9,241,-232
103900167,6,107,-101
103900168,86,58,28
103900169,16,45,-29
103900170,0,42,-42
103900171,1,15,-14
103900172,1,5,-4
103900173,5,24,-19
103900174,190,24,166
103900175,26,76,-50
103900176,9,27,-18
103900177,14,39,-25
103900178,59,16,43
103900179,54,28,26
103900180,6,24,-18
103900181,46,20,26
103900182,13,10,3
103900184,143,115,28
103900185,72,317,-245
103900187,9,68,-59
103900188,63,38,25
103900189,113,5,108
103900190,58,26,32
103900191,15,39,-24
103900192,18,47,-29
103900193,46,81,-35
103900194,75,56,19
103900195,2,107,-105
103900196,28,34,-6
103900197,16,21,-5
103900198,9,29,-20
103900199,85,37,48
103900200,119,47,72
103900201,81,63,18
103900202,9,30,-21
103900203,20,13,7
103900204,0,25,-25
103900207,0,14,-14
103900208,92,1,91
103900209,3,60,-57
103900210,30,25,5
103900211,435,131,304
103900212,129,101,28
103900213,14,124,-110
103900214,154,136,18
103900215,99,197,-98
103900216,13,115,-102
103900217,198,1,197
103900218,21,181,-160
103900219,145,89,56
103900233,23,2,21
103900235,13,36,-23
103900236,20,9,11
103900242,0,4,-4
103900243,0,3,-3
103900244,95,79,16
103900245,60,61,-1
103900246,22,18,4
103900247,12,43,-31
103900248,1,45,-44
103900249,7,38,-31
103900250,18,21,-3
103900251,1,18,-17
103900253,0,56,-56
103900254,2,10,-8
103900255,1,11,-10
103900256,8,25,-17
103900257,142,107,35
103900258,17,14,3
103900259,21,4,17
103900261,17,0,17
103900262,18,1,17
103900263,22,34,-12
103900264,26,11,15
103900265,13,2,11
103900266,2,50,-48
103900267,2,32,-30
103900268,5,26,-21
103900269,194,9,185
103900270,54,48,6
103900271,14,46,-32
103900272,28,16,12
103900273,17,2,15
103900274,75,1,74
103900275,40,2,38
103900276,4,15,-11
103900277,3,14,-11
103900278,4,10,-6
103900279,0,25,-25
103900280,0,8,-8
103900281,217,214,3
103900282,8,18,-10
103900283,39,16,23
103900284,16,21,-5
103900285,3,60,-57
103900286,22,100,-78
103900287,0,108,-108
103900288,23,137,-114
103900289,2,0,2
103900290,43,76,-33
103900291,15,1,14
103900292,8,3,5
103900293,6,5,1
103900294,3,7,-4
104000001,2055,1338,717
104000002,1202,1373,-171
104000003,1665,1384,281
104000004,1532,1429,103
104000005,1392,1151,241
104000006,1937,1806,131
104000007,2783,2870,-87
104000008,159,130,29
104000009,179,73,106
104000010,174,234,-60
104000011,208,108,100
104000012,110,143,-33
104000013,228,169,59
104000014,119,311,-192
104000015,263,118,145
104000016,316,196,120
104000018,659,125,534
104000019,462,165,297
104000020,91,198,-107
104000021,154,242,-88
104000022,132,145,-13
104000023,686,248,438
104000024,158,178,-20
104000026,26,188,-162
104000027,162,114,48
104000028,297,174,123
104000029,274,156,118
104000030,223,150,73
104000031,891,236,655
104000032,96,172,-76
104000033,445,344,101
104000034,206,114,92
104000035,781,221,560
104000036,654,317,337
104000037,224,82,142
104000038,546,351,195
104000039,149,83,66
104000040,69,217,-148
104000041,606,182,424
104000042,122,141,-19
104000043,99,187,-88
104000044,147,249,-102
104000045,634,435,199
104000046,472,732,-260
104000047,362,544,-182
104000048,573,526,47
104000049,388,180,208
104000050,103,377,-274
104000051,101,338,-237
104000052,1839,1696,143
104000053,740,283,457
104000054,211,94,117
104000055,1965,1294,671
104000056,589,286,303
104000057,191,256,-65
104000058,602,504,98
104000059,284,815,-531
104000060,757,1122,-365
104000061,708,487,221
104000062,405,110,295
104000064,398,201,197
104000065,114,419,-305
104000069,407,1026,-619
104000070,48,286,-238
104000071,215,211,4
104000072,407,192,215
104000075,45,171,-126
104000076,310,43,267
104000082,1321,2322,-1001
104000083,511,143,368
104000084,81,302,-221
104000085,265,231,34
104000086,136,280,-144
104000087,301,1023,-722
104000090,558,522,36
104000092,1056,824,232
104000094,657,578,79
104000095,1402,937,465
104000096,1171,62,1109
104000097,1470,301,1169
104000098,2058,305,1753
104000100,1469,354,1115
104000101,938,832,106
104000106,70,379,-309
104000107,426,164,262
104000108,137,222,-85
104000109,202,63,139
104000110,486,563,-77
104000111,1254,1555,-301
104000112,523,310,213
104000116,0,363,-363
104000117,132,181,-49
104000118,568,97,471
104000119,465,188,277
104000120,176,241,-65
104000121,140,356,-216
104000122,607,559,48
104000123,441,397,44
104000124,280,671,-391
104000125,1370,2926,-1556
104000126,261,307,-46
104000127,698,1048,-350
104000128,362,143,219
104000129,202,13,189
104000130,9,168,-159
104000131,210,261,-51
104000132,234,451,-217
104000133,1000,476,524
104000134,664,962,-298
104000135,352,1045,-693
104000136,362,2064,-1702
104000137,928,266,662
104000138,498,175,323
104000139,2284,1294,990
104000141,526,545,-19
104000142,425,261,164
104000143,442,180,262
104000144,76,117,-41
104000145,262,158,104
104000146,142,286,-144
104000147,113,188,-75
104000148,238,93,145
104000149,114,116,-2
104000150,760,282,478
104000151,201,150,51
104000152,464,179,285
104000153,443,384,59
104000154,473,182,291
104000155,328,534,-206
104000157,564,694,-130
104000158,144,322,-178
104000159,580,397,183
104000160,1144,1317,-173
104000161,136,130,6
104000162,90,98,-8
104000165,446,510,-64
104000167,475,925,-450
104000168,402,3,399
104000169,155,59,96
104000170,194,264,-70
104000248,197,269,-72
104000251,39,104,-65
104000272,0,0,0
104000273,0,0,0
104000274,0,0,0
104000275,0,0,0
104000279,1452,1563,-111
104000290,54,118,-64
104000291,336,666,-330
104000293,705,615,90
104000294,21,1,20
104000295,408,361,47
104000296,385,426,-41
104000297,517,1171,-654
104000298,1333,746,587
104000299,521,881,-360
104000302,84,71,13
104000303,138,131,7
104900001,60,121,-61
104900002,52,125,-73
104900003,45,151,-106
104900004,56,106,-50
104900005,219,152,67
104900006,253,59,194
104900007,249,124,125
104900009,116,104,12
104900010,55,22,33
104900011,8,3,5
104900012,153,22,131
104900013,108,5,103
104900014,1024,147,877
104900015,83,4,79
104900016,158,120,38
104900017,116,74,42
104900018,10,63,-53
104900019,105,2488,-2383
104900020,26,109,-83
104900021,1,40,-39
104900022,7,205,-198
104900023,0,14,-14
104900024,14,371,-357
104900025,38,56,-18
104900026,0,19,-19
104900027,382,182,200
104900028,26,97,-71
104900029,16,25,-9
104900030,331,110,221
104900031,33,150,-117
104900032,27,33,-6
104900033,93,159,-66
104900034,244,71,173
104900035,299,124,175
104900036,169,48,121
104900037,109,68,41
104900038,95,638,-543
104900039,233,265,-32
104900040,280,41,239
104900041,214,109,105
104900042,133,93,40
104900043,12,159,-147
104900044,577,111,466
104900045,299,28,271
104900046,148,47,101
104900047,294,62,232
104900048,209,26,183
104900049,37,15,22
104900050,277,52,225
104900051,187,22,165
104900052,76,3,73
104900053,333,56,277
104900054,112,17,95
104900055,136,1,135
104900056,96,21,75
104900057,32,1,31
104900058,343,221,122
104900059,43,39,4
104900061,81,179,-98
104900063,18,80,-62
104900064,6,37,-31
104900065,0,80,-80
104900066,0,52,-52
104900067,0,187,-187
104900068,20,78,-58
104900070,93,124,-31
104900071,0,238,-238
104900072,34,101,-67
104900073,61,53,8
104900074,23,97,-74
104900075,48,10,38
104900076,44,75,-31
104900077,231,162,69
104900078,117,181,-64
104900079,66,384,-318
104900080,70,340,-270
104900082,5,199,-194
104900085,9,92,-83
104900089,209,0,209
104900091,373,238,135
104900093,117,220,-103
104900097,976,1611,-635
104900098,129,51,78
104900099,33,226,-193
104900100,134,115,19
104900102,26,53,-27
104900103,230,16,214
104900106,95,43,52
104900107,97,64,33
104900108,15,120,-105
104900109,64,102,-38
104900110,4,31,-27
104900111,169,27,142
104900112,178,174,4
104900113,505,149,356
104900114,214,158,56
104900115,515,153,362
104900116,271,58,213
104900118,24,18,6
104900119,0,26,-26
104900120,14,328,-314
104900121,0,20,-20
104900122,1,12,-11
104900123,72,9,63
104900124,52,1,51
104900125,277,51,226
104900126,24,16,8
104900127,20,34,-14
104900128,87,46,41
104900129,494,1391,-897
105000001,2108,1174,934
105000002,1659,1060,599
105000003,2240,2094,146
105000004,508,443,65
105000005,765,822,-57
105000006,931,1240,-309
105000007,1105,1297,-192
105000008,681,2572,-1891
105000009,2175,2417,-242
105000010,1846,855,991
105000011,2877,2400,477
105000012,2236,1455,781
105000013,723,1016,-293
105000014,1833,2542,-709
105000015,6126,11083,-4957
105000016,916,1012,-96
105000017,946,397,549
105000018,608,988,-380
105000019,560,667,-107
105000020,95,361,-266
105000021,143,74,69
105000022,115,98,17
105000023,385,206,179
105000028,33,52,-19
105000029,411,1135,-724
105000030,2195,1286,909
105000031,7,25,-18
105000033,719,829,-110
105000034,100,788,-688
105000037,392,185,207
105000038,854,1358,-504
105000039,1276,710,566
105000040,737,1050,-313
105000041,331,606,-275
105000042,1636,1197,439
105000043,780,983,-203
105000044,421,315,106
105000045,235,254,-19
105000046,877,232,645
105000047,429,512,-83
105000048,399,154,245
105000049,217,284,-67
105000050,560,333,227
105000051,119,183,-64
105000052,459,500,-41
105000053,83,90,-7
105000054,376,509,-133
105000055,545,179,366
105000056,1039,1090,-51
105000057,885,415,470
105000058,854,595,259
105000059,544,412,132
105000060,396,271,125
105000061,661,379,282
105000062,340,350,-10
105000063,208,210,-2
105000064,1280,458,822
105000065,249,290,-41
105000066,679,621,58
105000067,1012,527,485
105000068,219,474,-255
105000069,798,1535,-737
105000070,252,815,-563
105000071,149,771,-622
105000072,842,2104,-1262
105000073,684,488,196
105000074,544,385,159
105000075,320,397,-77
105000076,711,557,154
105000077,1240,623,617
105000078,608,800,-192
105000079,650,2585,-1935
105000080,990,988,2
105000081,1660,1169,491
105000082,517,1753,-1236
105000083,2213,3259,-1046
105000084,375,437,-62
105000085,1403,1668,-265
105000086,639,570,69
105000087,999,1013,-14
105000088,943,1185,-242
105000089,1383,933,450
105000090,576,385,191
105000091,528,773,-245
105000092,371,589,-218
105000093,193,210,-17
105000094,185,131,54
105000095,65,305,-240
105000096,760,895,-135
105000097,474,492,-18
105000098,807,456,351
105000099,551,449,102
105000100,1194,860,334
105000101,1392,878,514
105000102,1052,949,103
105000103,831,1238,-407
105000104,1791,649,1142
105000105,760,1007,-247
105000106,1091,844,247
105000107,1042,490,552
105000108,1262,755,507
105000109,1341,763,578
105000110,645,343,302
105000111,762,398,364
105000112,823,338,485
105000113,360,503,-143
105000114,1150,835,315
105000115,237,994,-757
105000116,723,392,331
105000117,665,313,352
105000118,489,235,254
105000119,423,370,53
105000120,969,281,688
105000121,609,405,204
105000122,347,507,-160
105000123,652,462,190
105000124,1644,486,1158
105000125,651,835,-184
105000126,1622,759,863
105000127,1724,1033,691
105000128,497,606,-109
105000129,723,212,511
105000130,182,2549,-2367
105000131,371,139,232
105000132,793,532,261
105000133,355,507,-152
105000134,685,320,365
105000135,294,237,57
105000136,115,128,-13
105000137,536,155,381
105000138,146,167,-21
105000139,676,381,295
105000140,467,282,185
105000141,290,206,84
105000142,260,284,-24
105000143,153,282,-129
105000144,191,421,-230
105000145,547,197,350
105000146,302,459,-157
105000147,530,197,333
105000148,815,400,415
105000149,2006,1423,583
105000150,991,676,315
105000151,397,261,136
105000152,100,244,-144
105000153,585,487,98
105000154,430,262,168
105000155,326,529,-203
105000156,384,384,0
105000157,432,768,-336
105000158,1206,455,751
105000159,229,598,-369
105000160,1905,447,1458
105000161,547,690,-143
105000162,467,1363,-896
105000163,634,480,154
105000164,122,139,-17
105000165,402,4804,-4402
105000166,2400,877,1523
105000167,775,1413,-638
105000168,379,249,130
105000169,565,153,412
105000170,232,740,-508
105000171,817,123,694
105000172,106,14,92
105000173,277,23,254
105000174,64,47,17
105000175,64,64,0
105000176,368,56,312
105000177,286,116,170
105000178,244,166,78
105000179,604,110,494
105000180,102,29,73
105000181,114,121,-7
105000182,34,32,2
105000183,1082,1542,-460
105000184,855,726,129
105000185,623,998,-375
105000186,363,491,-128
105000187,535,140,395
105000188,139,92,47
105000189,132,373,-241
105000190,204,165,39
105000191,253,206,47
105000192,274,45,229
105000193,61,62,-1
105000194,445,115,330
105000195,189,330,-141
105000196,84,228,-144
105000197,203,327,-124
105000198,239,176,63
105000199,128,530,-402
105000200,83,258,-175
105000201,69,15,54
105000203,8,87,-79
105000204,86,54,32
105000205,84,111,-27
105000207,150,109,41
105000208,126,361,-235
105000209,145,133,12
105000211,283,13,270
105000212,897,436,461
105000213,64,157,-93
105000214,184,111,73
105000215,280,85,195
105000216,164,128,36
105000217,148,115,33
105000218,1253,770,483
105000221,123,98,25
105000222,479,125,354
105000223,246,130,116
105000226,64,57,7
105000227,66,54,12
105000228,97,1509,-1412
105000229,107,399,-292
105000231,308,238,70
105000233,737,516,221
105000234,321,657,-336
105000235,341,433,-92
105000237,655,38,617
105000243,15,11,4
105000248,36,58,-22
105000262,209,456,-247
105000269,113,121,-8
105000270,401,20,381
105000271,0,114,-114
105000282,34,12,22
105000287,179,51,128
105000288,532,239,293
105000289,1246,1659,-413
105000290,16,11,5
105000402,1515,2635,-1120
105000426,158,278,-120
105000438,2077,1347,730
105000440,39,15,24
105000446,4316,3016,1300
105000447,2052,1195,857
105000454,598,225,373
105000455,185,57,128
105000474,46,2,44
105000477,381,392,-11
105000478,1464,3885,-2421
105000479,56,84,-28
105000480,5392,6567,-1175
105000481,3199,2695,504
105000482,2254,4208,-1954
105000483,1132,1780,-648
105000484,1004,1663,-659
105000485,795,2272,-1477
105000486,1337,1364,-27
105000488,4920,2280,2640
105000489,670,541,129
105000549,92,109,-17
105000550,306,736,-430
105000551,41,61,-20
105000552,1337,824,513
105000555,895,911,-16
105000556,51,11,40
105000557,45,130,-85
105900001,2,1424,-1422
105900002,411,517,-106
105900003,11,61,-50
105900004,103,40,63
105900005,7,154,-147
105900006,9,67,-58
105900007,30,13,17
105900008,51,188,-137
105900009,25,7,18
105900011,69,12,57
105900012,233,36,197
105900013,2,14,-12
105900014,1,20,-19
105900015,73,173,-100
105900016,252,128,124
105900017,980,27,953
105900018,161,109,52
105900019,38,97,-59
105900020,47,44,3
105900021,10,126,-116
105900022,146,93,53
105900023,5,47,-42
105900024,4,103,-99
105900025,147,7,140
105900026,161,9,152
105900027,6989,3813,3176
105900028,319,259,60
105900029,1110,196,914
105900030,102,166,-64
105900031,222,116,106
105900032,108,87,21
105900033,50,59,-9
105900034,201,94,107
105900035,116,81,35
105900036,101,57,44
105900037,70,28,42
105900038,115,122,-7
105900039,87,46,41
105900040,52,60,-8
105900041,171,75,96
105900042,61,120,-59
105900043,596,64,532
105900044,5,177,-172
105900045,2,595,-593
105900046,1,152,-151
105900047,6,31,-25
105900048,76,268,-192
105900050,3071,4413,-1342
105900051,42,684,-642
105900052,393,163,230
105900053,1351,2264,-913
105900054,160,104,56
105900056,216,247,-31
105900057,5,64,-59
105900058,12,9,3
105900059,0,57,-57
106000001,1969,1664,305
106000002,800,3000,-2200
106000003,1867,2512,-645
106000004,1020,1564,-544
106000005,2906,2999,-93
106000006,3068,1356,1712
106000007,443,373,70
106000008,300,190,110
106000009,474,208,266
106000010,272,259,13
106000011,1014,831,183
106000012,554,545,9
106000013,1541,1243,298
106000014,1016,775,241
106000015,1509,863,646
106000016,829,993,-164
106000017,471,489,-18
106000018,346,282,64
106000019,310,309,1
106000020,275,243,32
106000021,296,293,3
106000022,205,105,100
106000023,461,216,245
106000024,342,208,134
106000025,95,141,-46
106000026,72,140,-68
106000027,1014,879,135
106000028,464,198,266
106000029,510,549,-39
106000030,198,394,-196
106000034,102,245,-143
106000035,777,1569,-792
106000036,128,257,-129
106000037,1021,857,164
106000038,111,96,15
106000039,80,72,8
106000040,64,517,-453
106000041,431,362,69
106000043,296,178,118
106000046,227,50,177
106000047,26,273,-247
106000049,857,138,719
106000050,174,292,-118
106000051,559,367,192
106000052,70,258,-188
106000053,415,114,301
106000054,193,184,9
106000055,643,446,197
106000056,197,154,43
106000057,337,160,177
106000058,110,79,31
106000059,337,200,137
106000060,199,220,-21
106000061,142,388,-246
106000062,104,228,-124
106000063,711,447,264
106000064,28,163,-135
106000065,278,196,82
106000066,69,162,-93
106000067,294,67,227
106000068,38,335,-297
106000069,282,39,243
106000070,301,306,-5
106000071,698,186,512
106000072,1406,910,496
106000073,954,2485,-1531
106000074,500,394,106
106000075,216,810,-594
106000076,1179,1200,-21
106000077,1776,750,1026
106000078,798,458,340
106000079,624,446,178
106000080,887,265,622
106000081,612,670,-58
106000082,1289,449,840
106000083,404,887,-483
106000084,772,385,387
106000085,893,892,1
106000086,454,521,-67
106000087,560,290,270
106000088,258,442,-184
106000089,702,160,542
106000090,203,381,-178
106000091,192,215,-23
106000092,423,170,253
106000093,303,98,205
106000094,63,169,-106
106000095,682,420,262
106000096,771,396,375
106000097,850,370,480
106000098,649,373,276
106000099,202,389,-187
106000100,884,117,767
106000101,641,481,160
106000102,97,281,-184
106000103,221,290,-69
106000104,730,215,515
106000105,324,335,-11
106000106,551,179,372
106000107,126,167,-41
106000108,330,120,210
106000109,189,131,58
106000110,222,110,112
106000111,162,177,-15
106000112,217,334,-117
106000113,337,330,7
106000114,331,461,-130
106000115,184,210,-26
106000116,251,112,139
106000117,552,314,238
106000118,970,915,55
106000119,731,399,332
106000120,653,966,-313
106000121,225,95,130
106000122,136,87,49
106000123,410,64,346
106000124,67,62,5
106000125,34,113,-79
106000126,245,29,216
106000127,582,271,311
106000128,719,103,616
106000129,570,233,337
106000130,634,458,176
106000131,104,510,-406
106000132,415,117,298
106000133,882,887,-5
106000134,267,1435,-1168
106000135,186,422,-236
106000136,482,733,-251
106000137,30,444,-414
106000138,968,84,884
106000139,32,43,-11
106000140,39,26,13
106000141,119,15,104
106000142,66,50,16
106000143,37,24,13
106000144,56,42,14
106000145,231,112,119
106000146,330,58,272
106000147,595,258,337
106000148,749,429,320
106000149,456,234,222
106000150,380,1413,-1033
106000151,1825,457,1368
106000152,478,1480,-1002
106000153,59,1152,-1093
106000154,599,126,473
106000155,97,171,-74
106000156,667,125,542
106000157,340,894,-554
106000158,1082,667,415
106000159,1251,1413,-162
106000160,375,2166,-1791
106000161,759,137,622
106000162,222,654,-432
106000163,270,187,83
106000164,387,149,238
106000165,162,263,-101
106000166,683,139,544
106000167,374,395,-21
106000168,572,144,428
106000169,219,262,-43
106000170,687,182,505
106000171,231,701,-470
106000172,1766,843,923
106000173,801,1292,-491
106000174,802,263,539
106000175,149,328,-179
106000176,1335,594,741
106000177,458,1248,-790
106000178,2119,1021,1098
106000179,496,972,-476
106000180,489,520,-31
106000181,717,816,-99
106000182,1281,325,956
106000183,1285,246,1039
106000184,1427,305,1122
106000185,843,684,159
106000186,435,60,375
106000187,96,614,-518
106000188,0,0,0
106000189,8,41,-33
106000190,5,1,4
106000191,478,108,370
106000192,0,11,-11
106000193,233,118,115
106000194,80,215,-135
106000195,210,89,121
106000196,88,254,-166
106000197,492,175,317
106000198,136,137,-1
106000199,382,579,-197
106000200,140,130,10
106000201,249,2129,-1880
106000202,1412,321,1091
106000203,9,138,-129
106000204,60,1,59
106000205,10,115,-105
106000206,84,13,71
106000207,17,203,-186
106000208,1207,134,1073
106000209,1074,292,782
106000210,223,288,-65
106000211,144,464,-320
106000212,630,364,266
106000213,232,1031,-799
106000214,883,342,541
106000215,177,309,-132
106000216,277,256,21
106000217,152,192,-40
106000218,261,201,60
106000219,131,171,-40
106000220,339,117,222
106000221,174,97,77
106000222,104,41,63
106000223,306,76,230
106000224,250,70,180
106000225,65,116,-51
106000226,90,139,-49
106000228,55,79,-24
106000229,65,383,-318
106000231,807,75,732
106000232,64,149,-85
106000233,378,50,328
106000234,37,151,-114
106000235,440,136,304
106000236,129,100,29
106000237,1,3,-2
106000238,9,28,-19
106000239,1,68,-67
106000240,20,1,19
106000241,10,304,-294
106000242,222,41,181
106000249,72,19,53
106000250,69,357,-288
106000251,78,17,61
106000252,11,35,-24
106000253,43,46,-3
106000254,45,20,25
106000255,19,129,-110
106000256,31,11,20
106000257,101,118,-17
106000258,245,29,216
106000259,10,57,-47
106000260,17,6,11
106000261,4,56,-52
106000262,86,4,82
106000263,10,24,-14
106000264,87,6,81
106000265,5,53,-48
106000266,88,22,66
106000267,4,36,-32
106000268,206,32,174
106000269,31,30,1
106000270,93,225,-132
106000271,52,84,-32
106000272,188,24,164
106000273,9,161,-152
106000274,129,21,108
106000275,107,135,-28
106000276,40,29,11
106000277,76,202,-126
106000278,63,17,46
106000279,9,23,-14
106000280,86,23,63
106000281,70,28,42
106000282,34,57,-23
106000283,100,31,69
106000284,115,35,80
106000285,74,42,32
106000286,85,52,33
106000287,62,41,21
106000288,52,54,-2
106000289,62,67,-5
106000290,60,27,33
106000291,54,73,-19
106000292,52,30,22
106000293,104,64,40
106000294,62,66,-4
106000295,51,24,27
106000296,21,65,-44
106000297,35,140,-105
106000298,63,77,-14
106000299,38,77,-39
106000300,34,74,-40
106000301,48,84,-36
106000303,36,42,-6
106000304,23,16,7
106000305,31,24,7
106000306,44,17,27
106000307,32,11,21
106000308,15,30,-15
106000309,7,27,-20
106000310,257,209,48
106000311,250,112,138
106000312,148,73,75
106000313,244,109,135
106000318,34,307,-273
106000319,862,204,658
106000320,1,58,-57
106000321,162,78,84
106000322,175,61,114
106000324,12,71,-59
106000325,1393,608,785
106000326,688,770,-82
106000327,197,29,168
106000328,23,59,-36
106000329,76,141,-65
106000330,17,62,-45
106000428,95,114,-19
106000429,146,230,-84
106000430,233,621,-388
106000431,1679,266,1413
106000432,998,1695,-697
106000433,1858,1070,788
106000434,2358,1045,1313
106000435,642,1355,-713
106000436,17,69,-52
106000437,239,48,191
106000438,317,138,179
106000439,71,274,-203
106000440,380,314,66
106000441,1,0,1
106000442,198,6,192
106000443,178,111,67
106000450,4,35,-31
106000451,29,52,-23
106000454,3,101,-98
106000455,9,82,-73
106000456,107,19,88
106000457,13,268,-255
106000458,832,46,786
106000459,176,92,84
106000460,1184,15,1169
106000461,142,272,-130
106000462,0,25,-25
106000463,1,7,-6
106000464,8,245,-237
106000465,593,1,592
106000466,3,201,-198
106000467,152,197,-45
106000468,70,72,-2
106000469,63,0,63
106000470,134,1453,-1319
106000471,3,194,-191
106000472,117,3,114
106000473,24,9,15
106000474,437,258,179
106000475,465,178,287
106000476,147,210,-63
106000477,38,52,-14
106000480,0,314,-314
106900001,0,11,-11
106900002,2,134,-132
106900003,26,153,-127
106900004,0,6,-6
106900006,0,8,-8
106900007,0,10,-10
106900008,286,47,239
106900009,309,113,196
106900010,198,149,49
106900012,667,1379,-712
106900013,133,43,90
106900014,18,2,16
106900015,9,1,8
106900016,303,10,293
106900017,11,1,10
106900018,9,0,9
106900019,55,0,55
106900020,865,964,-99
106900021,137,181,-44
106900022,699,0,699
106900023,2,76,-74
106900024,242,27,215
106900025,12,148,-136
106900026,0,132,-132
106900027,620,3,617
106900028,1,87,-86
106900029,81,29,52
106900030,6,135,-129
107000001,2266,3181,-915
107000002,1175,2005,-830
107000003,4914,4679,235
107000004,2489,1516,973
107000005,4740,4395,345
107000006,2386,1320,1066
107000007,3682,6549,-2867
107000008,3785,3075,710
107000009,5918,5846,72
107000010,4438,3585,853
107000011,509,668,-159
107000012,1947,1201,746
107000013,92,32,60
107000014,43,102,-59
107000015,341,353,-12
107000016,654,371,283
107000017,598,1289,-691
107000018,6,1032,-1026
107000020,430,1543,-1113
107000021,810,295,515
107000022,516,1227,-711
107000023,1241,142,1099
107000024,412,981,-569
107000025,161,198,-37
107000026,288,250,38
107000027,1105,575,530
107000028,967,584,383
107000029,2509,2260,249
107000030,1523,1224,299
107000031,3636,1802,1834
107000032,218,462,-244
107000033,1503,1982,-479
107000034,2567,685,1882
107000035,323,137,186
107000036,253,783,-530
107000037,121,505,-384
107000038,142,139,3
107000039,795,583,212
107000040,166,163,3
107000041,937,511,426
107000042,338,1405,-1067
107000043,1341,713,628
107000044,218,172,46
107000045,62,132,-70
107000046,586,300,286
107000047,342,458,-116
107000048,624,202,422
107000049,406,404,2
107000050,809,393,416
107000051,143,164,-21
107000052,710,701,9
107000053,258,255,3
107000054,38,146,-108
107000055,243,118,125
107000056,323,407,-84
107000057,1172,156,1016
107000058,1641,1675,-34
107000059,1247,1711,-464
107000060,3773,3784,-11
107000061,2922,1622,1300
107000062,4514,2157,2357
107000063,3054,2079,975
107000064,3534,1743,1791
107000065,1979,2204,-225
107000066,1171,2151,-980
107000067,817,1182,-365
107000068,693,784,-91
107000069,898,510,388
107000070,903,1,902
107000071,2965,32,2933
107000072,15,1147,-1132
107000073,756,383,373
107000074,97,485,-388
107000075,1666,485,1181
107000076,322,591,-269
107000077,2948,1137,1811
107000078,1336,1392,-56
107000079,2184,875,1309
107000080,679,1441,-762
107000081,1796,419,1377
107000082,422,608,-186
107000083,1060,409,651
107000084,198,674,-476
107000085,2213,2204,9
107000086,1898,1729,169
107000087,2199,1581,618
107000088,1975,2005,-30
107000089,1359,1235,124
107000090,807,519,288
107000091,1333,674,659
107000092,609,506,103
107000093,1042,650,392
107000094,632,619,13
107000095,747,442,305
107000096,390,332,58
107000097,731,244,487
107000098,303,287,16
107000099,324,172,152
107000100,126,161,-35
107000101,49,117,-68
107000102,113,143,-30
107000103,160,197,-37
107000104,128,178,-50
107000105,303,93,210
107000106,99,161,-62
107000107,458,97,361
107000108,85,243,-158
107000109,524,98,426
107000110,75,189,-114
107000111,446,28,418
107000112,65,193,-128
107000113,732,73,659
107000114,69,317,-248
107000115,747,232,515
107000116,97,331,-234
107000117,98,868,-770
107000118,102,82,20
107000119,853,1207,-354
107000120,622,405,217
107000121,774,489,285
107000122,866,417,449
107000123,554,324,230
107000124,454,358,96
107000125,844,306,538
107000126,792,322,470
107000129,265,331,-66
107000130,816,244,572
107000131,263,387,-124
107000132,617,237,380
107000133,263,75,188
107000134,208,1,207
107000135,1,245,-244
107000136,440,6,434
107000137,10,369,-359
107000138,97,23,74
107000139,13,368,-355
107000140,1219,65,1154
107000141,99,548,-449
107000142,381,82,299
107000143,61,439,-378
107000144,464,342,122
107000145,119,321,-202
107000146,122,231,-109
107000147,2919,629,2290
107000150,244,2054,-1810
107000151,16,45,-29
107000152,553,1270,-717
107000153,68,205,-137
107000154,77,235,-158
107000155,653,5,648
107000156,985,12,973
107000157,22,427,-405
107000158,702,19,683
107000159,24,315,-291
107000160,1091,120,971
107000161,67,410,-343
107000162,261,398,-137
107000163,117,1,116
107000164,748,1,747
107000165,965,2,963
107000166,20,362,-342
107000167,600,129,471
107000168,867,458,409
107000169,309,420,-111
107000170,2330,518,1812
107000171,501,674,-173
107000172,1039,1191,-152
107000173,383,332,51
107000174,989,4185,-3196
107000175,2566,788,1778
107000176,0,0,0
107000177,0,0,0
107000178,10,4,6
107000179,275,786,-511
107000180,1317,181,1136
107000181,414,418,-4
107000182,1779,487,1292
107000183,133,295,-162
107000184,955,370,585
107000185,295,589,-294
107000186,973,319,654
107000187,1045,980,65
107000188,472,389,83
107000189,423,534,-111
107000190,599,462,137
107000191,777,661,116
107000192,1278,354,924
107000193,327,381,-54
107000194,570,368,202
107000197,751,204,547
107000198,204,455,-251
107000199,730,332,398
107000200,328,415,-87
107000201,327,294,33
107000202,246,297,-51
107000203,553,1119,-566
107000204,532,1231,-699
107000205,1162,573,589
107000206,390,1087,-697
107000207,405,834,-429
107000208,483,439,44
107000209,737,1086,-349
107000210,221,158,63
107000211,2,51,-49
107000212,14,158,-144
107000213,7,37,-30
107000214,6,48,-42
107000215,387,171,216
107000216,345,193,152
107000217,120,83,37
107000219,76,127,-51
107000220,119,68,51
107000222,155,218,-63
107000224,395,123,272
107000225,216,136,80
107000226,363,68,295
107000227,67,78,-11
107000228,178,390,-212
107000229,77,72,5
107000230,635,236,399
107000231,532,1361,-829
107000232,120,18,102
107000233,311,770,-459
107000234,0,43,-43
107000235,58,16,42
107000236,4,280,-276
107000237,42,0,42
107000238,38,4,34
107000239,1053,318,735
107000240,93,291,-198
107000243,0,44,-44
107000244,2,44,-42
107000246,2,1001,-999
107000249,1,1148,-1147
107000251,1,262,-261
107000252,0,277,-277
107000255,113,98,15
107000257,2,360,-358
107000258,4,99,-95
107000259,5,106,-101
107000260,1485,20,1465
107000262,27,227,-200
107000263,328,5,323
107000266,4,4,0
107000267,31,48,-17
107000268,84,42,42
107000269,38,3,35
107000270,179,40,139
107000271,2,0,2
107000272,110,1,109
107000273,1,71,-70
107000274,247,9,238
107000275,148,715,-567
107000280,951,13,938
107000281,38,271,-233
107000282,27,293,-266
107000290,2,24,-22
107000291,8,2,6
107000292,5,170,-165
107000293,10,3,7
107000294,0,50,-50
107000295,14,1,13
107000296,0,1,-1
107000444,184,0,184
107000496,0,2,-2
107000497,821,876,-55
107000500,276,171,105
107000501,62,106,-44
107000502,150,156,-6
107000505,216,355,-139
107000506,0,0,0
107000508,4,233,-229
107000509,151,471,-320
107000510,24,19,5
107000514,37,274,-237
107000515,5,57,-52
107000516,429,240,189
107000518,899,1418,-519
107000519,883,398,485
107000520,59,30,29
107000521,575,183,392
107000522,936,348,588
107900001,92,74,18
107900002,28,7,21
107900003,383,26,357
107900004,5,0,5
107900005,1381,4,1377
107900006,133,0,133
107900007,284,30,254
107900008,45,4,41
107900009,63,8,55
107900010,48,2,46
107900012,241,25,216
107900013,128,18,110
107900014,31,4,27
107900015,981,11,970
107900016,271,44,227
107900017,7,0,7
107900018,52,171,-119
107900019,13,8,5
107900020,13,9,4
107900021,95,37,58
107900023,0,0,0
107900024,0,4,-4
107900025,173,137,36
107900026,63,7,56
107900027,18,25,-7
107900028,98,26,72
107900030,118,35,83
107900031,69,44,25
107900032,15,2,13
107900033,22,1,21
107900034,252,20,232
107900035,950,38,912
107900036,33,15,18
107900037,0,11,-11
107900038,40,216,-176
107900039,50,23,27
107900040,15,94,-79
107900041,3,3,0
107900043,47,41,6
107900044,5,2,3
107900045,91,47,44
107900046,128,159,-31
107900047,54,7,47
107900048,181,10,171
107900049,213,569,-356
107900050,58,125,-67
107900051,51,27,24
107900052,39,18,21
107900053,47,39,8
107900055,405,129,276
107900056,81,53,28
107900057,2,0,2
107900058,20,274,-254
107900060,10,41,-31
107900061,11,21,-10
107900063,51,100,-49
107900064,137,138,-1
107900065,175,6,169
107900066,20,4,16
107900067,2,0,2
107900068,42,597,-555
107900069,20,2041,-2021
107900070,138,53,85
107900071,18,208,-190
107900072,122,63,59
107900073,99,46,53
107900074,280,268,12
107900076,96,19,77
107900077,104,1,103
107900079,18,20,-2
107900080,143,685,-542
107900081,36,56,-20
107900082,8,3,5
107900083,239,106,133
107900084,94,71,23
107900086,30,158,-128
107900087,239,138,101
107900088,23,3,20
107900089,120,479,-359
107900090,216,1482,-1266
107900091,92,122,-30
107900093,44,37,7
107900095,1210,1449,-239
107900097,5,33,-28
107900098,36,128,-92
107900100,505,900,-395
107900101,475,67,408
107900102,13,6,7
107900103,29,91,-62
107900104,166,4,162
107900105,2,102,-100
107900106,2,344,-342
107900107,485,298,187
107900108,90,76,14
107900109,1382,39,1343
107900110,39,26,13
107900111,5,245,-240
107900112,76,315,-239
107900113,189,25,164
107900114,270,59,211
107900115,0,16,-16
107900116,202,47,155
107900117,152,83,69
107900118,47,47,0
107900119,65,183,-118
107900120,31,38,-7
107900121,0,66,-66
107900122,3,33,-30
107900123,4,37,-33
107900124,7,9,-2
107900125,7,102,-95
107900126,12,40,-28
107900127,225,225,0
107900128,44,67,-23
107900129,74,18,56
107900130,89,9,80
107900131,137,367,-230
107900132,58,94,-36
107900133,1,24,-23
107900134,19,79,-60
107900135,15,84,-69
107900136,15,18,-3
107900137,60,65,-5
107900138,55,32,23
107900139,86,23,63
107900141,25,18,7
107900142,27,259,-232
107900143,22,5,17
107900144,1,64,-63
107900145,6,30,-24
107900146,34,88,-54
107900147,24,29,-5
107900148,58,35,23
107900149,355,75,280
107900150,42,223,-181
107900151,51,40,11
107900152,10,62,-52
107900153,66,184,-118
107900154,52,30,22
107900155,63,33,30
107900156,6,110,-104
107900157,12,20,-8
107900158,671,28,643
107900159,16,196,-180
107900160,117,98,19
107900161,23,40,-17
107900162,0,17,-17
107900163,3,16,-13
107900164,10,19,-9
107900165,17,149,-132
107900166,27,51,-24
107900167,25,23,2
107900168,39,12,27
107900169,2,138,-136
107900171,10,373,-363
107900172,0,76,-76
107900173,15,40,-25
107900174,124,3,121
107900175,3,39,-36
107900176,27,27,0
107900177,1,58,-57
107900178,0,66,-66
107900179,17,59,-42
107900180,253,685,-432
107900181,134,96,38
107900182,3,336,-333
107900183,48,52,-4
107900184,65,81,-16
107900185,126,2,124
107900186,22,34,-12
107900187,0,58,-58
107900188,238,77,161
107900189,15,72,-57
107900190,22,150,-128
107900191,37,74,-37
107900193,13,52,-39
107900194,130,10,120
107900195,635,149,486
107900196,53,40,13
107900197,192,232,-40
107900199,0,298,-298
107900201,60,44,16
107900203,31,29,2
107900204,117,136,-19
107900206,665,277,388
107900207,1,241,-240
107900208,3,126,-123
107900209,125,77,48
107900210,34,31,3
107900213,192,234,-42
107900214,26,75,-49
107900215,96,252,-156
107900216,90,44,46
107900217,16,44,-28
107900218,9,658,-649
107900219,35,12,23
107900220,94,169,-75
107900221,65,92,-27
107900223,66,139,-73
107900224,41,257,-216
107900225,1,181,-180
107900226,75,57,18
107900227,56,171,-115
107900228,12,51,-39
107900229,1,61,-60
107900230,14,22,-8
107900231,16,61,-45
107900232,79,43,36
107900233,6,51,-45
107900234,121,61,60
107900235,12,53,-41
107900236,155,36,119
107900237,11,143,-132
107900238,17,22,-5
107900239,223,428,-205
107900240,44,33,11
107900241,4,31,-27
107900242,31,44,-13
107900243,0,40,-40
107900244,155,4,151
107900245,702,19,683
107900246,245,19,226
107900248,282,44,238
107900249,725,39,686
107900250,0,156,-156
107900251,40,487,-447
107900252,665,17,648
107900253,116,4,112
107900254,26,114,-88
107900255,132,80,52
107900256,454,630,-176
107900257,154,72,82
107900258,114,91,23
107900259,48,1987,-1939
107900261,0,81,-81
107900262,17,29,-12
107900264,463,9,454
107900265,119,63,56
107900267,292,19,273
107900268,6,6,0
107900269,0,4,-4
107900270,0,1,-1
107900271,0,31,-31
107900272,34,25,9
107900273,46,38,8
107900274,88,2,86
107900275,21,0,21
107900276,0,36,-36
107900277,2,85,-83
107900278,324,126,198
107900279,37,93,-56
107900280,1366,1144,222
107900281,280,2929,-2649
107900282,36,469,-433
107900283,441,447,-6
107900284,500,231,269
107900285,96,24,72
107900286,18,34,-16
107900287,240,120,120
107900290,0,186,-186
107900291,361,27,334
107900292,83,48,35
107900293,61,122,-61
107900295,43,14,29
107900297,0,165,-165
107900298,366,262,104
107900299,1277,2092,-815
107900301,454,566,-112
107900302,60,37,23
107900303,209,113,96
107900304,291,102,189
107900305,243,11,232
107900306,5,37,-32
107900307,39,141,-102
107900308,188,104,84
107900309,65,1,64
107900310,69,1,68
107900311,1,308,-307
107900312,46,0,46
107900313,1,97,-96
107900314,1,19,-18
107900315,0,33,-33
107900316,20,1,19
107900317,70,3,67
107900318,7,75,-68
107900319,5,70,-65
107900320,0,43,-43
107900321,126,8,118
107900322,0,42,-42
107900323,2,46,-44
107900324,110,2,108
107900325,128,0,128
107900326,377,90,287
107900327,0,58,-58
107900328,45,0,45
107900329,46,161,-115
107900330,0,89,-89
107900331,327,15,312
107900332,389,16,373
107900333,67,38,29
107900334,4,57,-53
107900335,22,27,-5
107900336,28,67,-39
107900337,394,696,-302
107900338,8,69,-61
107900339,3,22,-19
107900340,0,41,-41
107900341,41,0,41
107900342,123,29,94
107900343,33,2,31
107900344,7,25,-18
107900345,62,13,49
107900346,6,0,6
107900347,2,1,1
107900348,0,1,-1
107900349,25,2,23
107900350,5,129,-124
107900351,3,61,-58
107900352,3,7,-4
107900353,12,4,8
107900354,34,50,-16
108000001,2531,2618,-87
108000002,1309,1121,188
108000003,2488,2411,77
108000004,7316,7726,-410
108000005,5228,4893,335
108000006,3996,3666,330
108000007,3680,3090,590
108000008,2625,3006,-381
108000009,3163,3531,-368
108000010,2030,2176,-146
108000011,8936,8370,566
108000012,7692,6802,890
108000014,369,788,-419
108000015,699,159,540
108000016,155,687,-532
108000017,959,232,727
108000018,1467,395,1072
108000019,885,531,354
108000020,920,338,582
108000021,172,998,-826
108000022,263,609,-346
108000023,1071,132,939
108000024,213,232,-19
108000025,212,125,87
108000026,780,203,577
108000027,671,319,352
108000028,761,114,647
108000029,463,369,94
108000030,337,109,228
108000031,157,250,-93
108000032,1541,414,1127
108000033,461,490,-29
108000034,1381,302,1079
108000035,433,1164,-731
108000036,273,489,-216
108000037,1484,232,1252
108000038,2284,396,1888
108000039,328,869,-541
108000040,1569,730,839
108000041,422,1122,-700
108000042,326,107,219
108000043,201,98,103
108000044,538,112,426
108000045,240,168,72
108000046,1342,255,1087
108000047,278,415,-137
108000048,101,188,-87
108000049,792,176,616
108000050,55,353,-298
108000051,340,134,206
108000052,117,258,-141
108000053,418,185,233
108000054,236,618,-382
108000055,935,492,443
108000056,636,820,-184
108000057,504,1032,-528
108000058,1373,2926,-1553
108000059,1578,1091,487
108000060,200,570,-370
108000061,176,256,-80
108000062,741,407,334
108000063,342,234,108
108000064,191,141,50
108000065,430,206,224
108000066,981,565,416
108000067,1503,484,1019
108000068,737,298,439
108000069,159,402,-243
108000070,1636,529,1107
108000071,473,627,-154
108000072,1292,677,615
108000073,694,706,-12
108000074,604,346,258
108000075,243,358,-115
108000076,581,400,181
108000077,375,302,73
108000078,2027,733,1294
108000079,521,606,-85
108000080,1129,334,795
108000081,420,548,-128
108000082,505,910,-405
108000083,1320,701,619
108000084,348,576,-228
108000085,844,386,458
108000086,375,291,84
108000087,121,1671,-1550
108000088,653,215,438
108000089,220,206,14
108000091,278,227,51
108000092,118,62,56
108000093,184,193,-9
108000094,565,89,476
108000095,139,166,-27
108000096,310,140,170
108000097,101,187,-86
108000098,1502,685,817
108000099,931,197,734
108000100,174,440,-266
108000101,1140,1295,-155
108000102,1384,2799,-1415
108000106,695,0,695
108000107,1,398,-397
108000108,398,41,357
108000109,7,366,-359
108000110,282,177,105
108000111,133,242,-109
108000112,51,96,-45
108000113,231,123,108
108000115,151,135,16
108000117,248,248,0
108000118,320,1713,-1393
108000119,415,193,222
108000120,136,583,-447
108000121,131,247,-116
108000122,536,257,279
108000123,556,116,440
108000124,361,295,66
108000125,495,147,348
108000126,181,193,-12
108000127,450,183,267
108000128,571,176,395
108000129,304,358,-54
108000130,500,137,363
108000131,829,412,417
108000132,772,585,187
108000133,820,384,436
108000134,387,259,128
108000135,1049,405,644
108000136,211,395,-184
108000137,446,122,324
108000138,265,332,-67
108000139,464,149,315
108000140,153,20,133
108000141,41,13,28
108000142,44,47,-3
108000143,27,162,-135
108000144,547,49,498
108000145,59,11,48
108000146,749,48,701
108000147,45,9,36
108000148,586,43,543
108000149,7,11,-4
108000150,36,3,33
108000151,41,44,-3
108000152,82,138,-56
108000153,550,90,460
108000154,46,14,32
108000155,75,11,64
108000156,435,223,212
108000157,183,1202,-1019
108000158,57,766,-709
108000159,227,136,91
108000160,1200,890,310
108000161,892,2171,-1279
108000165,1,206,-205
108000172,0,261,-261
108000173,562,1435,-873
108000175,646,96,550
108000178,293,141,152
108000179,116,664,-548
108000181,51,22,29
108000182,129,62,67
108000183,10,219,-209
108000184,519,2029,-1510
108000185,122,174,-52
108000186,347,156,191
108000187,116,159,-43
108000188,606,118,488
108000189,719,7419,-6700
108000190,23,74,-51
108000192,175,224,-49
108000193,175,6,169
108000194,21,18,3
108000195,0,391,-391
108000196,133,125,8
108000198,708,91,617
108000199,0,260,-260
108000200,393,139,254
108000203,100,188,-88
108000204,108,65,43
108000205,114,137,-23
108000339,708,344,364
108000364,140,406,-266
108000365,46,185,-139
108000367,97,135,-38
108000368,7,53,-46
108000369,430,181,249
108000371,3,365,-362
108000372,603,5,598
108000373,244,66,178
108000376,99,18,81
108000377,422,117,305
108000378,6300,7688,-1388
108000379,20,132,-112
108000381,78,7,71
108000382,97,0,97
108000383,0,231,-231
108900001,17,273,-256
108900002,139,58,81
108900003,177,330,-153
108900004,51,393,-342
108900007,294,122,172
108900008,128,77,51
108900009,75,91,-16
108900010,277,79,198
108900011,579,185,394
108900012,382,239,143
108900013,146,146,0
108900014,12,65,-53
108900015,3,194,-191
108900016,0,132,-132
108900017,123,261,-138
108900018,150,167,-17
108900019,25,171,-146
108900020,48,84,-36
108900021,100,84,16
108900022,85,0,85
108900023,24,35,-11
108900024,30,65,-35
108900025,127,51,76
108900026,16,51,-35
108900027,0,27,-27
108900028,68,70,-2
108900029,42,159,-117
108900030,0,18,-18
108900031,110,140,-30
108900032,1,74,-73
108900033,19,69,-50
108900034,0,85,-85
108900035,176,338,-162
108900038,0,102,-102
108900039,0,124,-124
108900040,7,39,-32
108900041,2388,2587,-199
108900042,5,287,-282
108900043,20,178,-158
108900044,2,136,-134
108900045,127,115,12
108900046,15,271,-256
108900047,23,156,-133
108900048,45,295,-250
108900049,782,1137,-355
108900050,1,75,-74
108900051,1,57,-56
108900052,20,82,-62
108900053,27,182,-155
108900054,37,112,-75
108900055,13,249,-236
108900056,0,66,-66
108900057,0,53,-53
108900058,30,95,-65
108900059,433,30,403
108900060,77,128,-51
108900061,42,12,30
108900062,7,77,-70
108900063,10,82,-72
108900064,216,12,204
108900065,13,91,-78
108900066,352,92,260
108900067,13,72,-59
108900068,11,60,-49
108900069,57,28,29
108900070,24,42,-18
108900071,96,32,64
108900072,860,280,580
108900073,36,92,-56
108900074,179,89,90
108900075,34,22,12
108900076,363,36,327
108900077,85,120,-35
108900078,35,34,1
108900079,306,80,226
108900080,6,527,-521
108900081,33,128,-95
108900082,76,47,29
108900083,13,179,-166
108900085,668,57,611
108900086,117,115,2
108900087,30,103,-73
108900088,707,296,411
108900089,28,133,-105
108900090,66,74,-8
108900091,86,33,53
108900092,414,181,233
108900093,88,93,-5
108900094,161,41,120
108900095,11,106,-95
108900096,135,8,127
108900097,251,114,137
108900098,782,630,152
108900099,369,82,287
108900100,51,37,14
108900101,134,185,-51
108900102,46,896,-850
108900103,76,111,-35
108900105,4,1139,-1135
108900106,470,104,366
108900108,161,24,137
108900109,376,52,324
108900110,147,128,19
108900111,411,164,247
108900113,29,58,-29
108900114,58,6,52
108900115,82,70,12
108900116,42,2,40
108900117,174,12,162
108900118,528,11,517
108900119,273,19,254
108900120,239,120,119
108900121,182,70,112
108900122,158,27,131
108900123,112,119,-7
108900124,534,167,367
108900125,422,0,422
108900126,114,23,91
108900127,180,41,139
108900128,128,42,86
108900129,708,110,598
108900130,359,0,359
108900131,461,3,458
108900132,447,42,405
108900133,240,25,215
108900134,503,97,406
108900135,207,23,184
108900136,26,1,25
108900137,156,1,155
108900138,786,31,755
108900140,350,88,262
108900141,318,13,305
108900142,83,4,79
108900143,48,0,48
108900144,67,3,64
108900145,209,11,198
108900146,83,0,83
108900147,265,0,265
108900148,45,11,34
108900150,152,3,149
108900151,63,9,54
108900152,111,1,110
108900153,135,61,74
108900154,2914,204,2710
108900156,84,9,75
108900157,18,177,-159
108900158,361,15,346
108900159,1,63,-62
108900160,5,117,-112
108900161,4,116,-112
108900162,77,5,72
108900163,3,270,-267
108900164,45,38,7
108900168,2667,1704,963
108900169,55,52,3
108900171,1922,2360,-438
108900172,111,23,88
108900173,64,190,-126
108900174,749,347,402
108900176,64,164,-100
108900177,1920,4859,-2939
108900178,1798,2876,-1078
108900180,84,247,-163
108900183,182,131,51
108900184,473,180,293
108900185,92,233,-141
108900186,57,257,-200
108900189,349,95,254
108900190,605,821,-216
108900192,71,82,-11
108900195,73,73,0
108900196,31,119,-88
108900199,183,195,-12
108900200,473,257,216
108900201,308,729,-421
108900203,344,90,254
108900204,232,17,215
108900205,168,20,148
108900206,243,32,211
108900207,148,102,46
108900208,6,143,-137
108900209,133,302,-169
108900210,82,104,-22
108900211,158,461,-303
108900212,217,1202,-985
108900215,52,170,-118
108900216,148,263,-115
108900217,78,2,76
108900218,48,7,41
108900221,35,67,-32
108900224,27,71,-44
108900225,1,90,-89
108900227,99,248,-149
108900230,78,114,-36
108900232,0,69,-69
108900233,255,80,175
108900234,210,96,114
108900235,75,224,-149
108900236,21,101,-80
108900240,85,67,18
108900241,13,23,-10
108900245,3,800,-797
108900250,131,75,56
108900258,6,73,-67
108900259,25,12,13
108900260,8,32,-24
108900261,44,43,1
108900262,76,91,-15
108900263,17,73,-56
108900264,193,160,33
108900265,337,361,-24
108900266,270,652,-382
108900267,0,125,-125
108900268,2,9,-7
108900269,67,12,55
108900270,74,9,65
108900271,41,6,35
108900272,202,15,187
108900273,229,569,-340
108900274,60,18,42
109000001,1633,1688,-55
109000002,644,1768,-1124
109000003,2216,317,1899
109000004,392,1427,-1035
109000005,1822,434,1388
109000006,687,1309,-622
109000007,1281,466,815
109000008,452,1052,-600
109000009,2320,1035,1285
109000010,743,2310,-1567
109000011,2697,1391,1306
109000012,1515,1706,-191
109000013,3035,2616,419
109000014,1485,1403,82
109000015,3693,8775,-5082
109000016,3412,1618,1794
109000017,2071,909,1162
109000018,978,1408,-430
109000019,2032,1066,966
109000020,640,1095,-455
109000023,180,10,170
109000024,10,111,-101
109000025,220,396,-176
109000026,504,258,246
109000027,65,270,-205
109000028,90,53,37
109000029,95,143,-48
109000030,34,220,-186
109000031,201,137,64
109000032,88,236,-148
109000033,281,160,121
109000034,43,25,18
109000035,16,50,-34
109000036,84,274,-190
109000037,238,1720,-1482
109000038,323,256,67
109000039,801,622,179
109000040,1278,6068,-4790
109000041,1267,1709,-442
109000042,345,882,-537
109000044,398,149,249
109000045,142,243,-101
109000046,251,46,205
109000047,38,245,-207
109000048,556,379,177
109000049,142,279,-137
109000050,406,350,56
109000051,171,166,5
109000052,399,332,67
109000053,1395,188,1207
109000054,114,196,-82
109000055,155,200,-45
109000056,218,135,83
109000057,575,389,186
109000058,775,141,634
109000059,369,1153,-784
109000060,403,317,86
109000061,295,818,-523
109000062,85,258,-173
109000063,111,67,44
109000064,298,70,228
109000065,105,71,34
109000066,295,31,264
109000067,38,116,-78
109000068,723,4,719
109000069,542,13,529
109000070,14,1391,-1377
109000071,325,40,285
109000072,68,325,-257
109000073,87,90,-3
109000074,12,128,-116
109000075,63,189,-126
109000076,180,240,-60
109000077,192,196,-4
109000078,72,130,-58
109000079,121,81,40
109000080,203,67,136
109000081,144,229,-85
109000082,779,115,664
109000083,195,288,-93
109000088,103,242,-139
109000089,212,44,168
109000090,86,250,-164
109000091,296,133,163
109000092,193,240,-47
109000093,240,139,101
109000094,614,0,614
109000095,86,212,-126
109000096,675,242,433
109000097,82,120,-38
109000098,49,113,-64
109000099,558,102,456
109000100,176,413,-237
109000101,1385,291,1094
109000102,266,363,-97
109000103,780,322,458
109000104,1637,279,1358
109000105,310,475,-165
109000106,1417,430,987
109000107,435,787,-352
109000108,1517,346,1171
109000109,309,817,-508
109000110,907,382,525
109000111,490,734,-244
109000112,238,61,177
109000113,247,84,163
109000114,88,216,-128
109000115,790,36,754
109000116,19,432,-413
109000117,240,34,206
109000118,7,175,-168
109000119,1210,94,1116
109000120,252,305,-53
109000121,806,63,743
109000122,123,241,-118
109000123,71,125,-54
109000124,618,208,410
109000125,601,165,436
109000126,356,272,84
109000127,1811,224,1587
109000128,409,490,-81
109000129,2011,496,1515
109000130,441,749,-308
109000131,1407,993,414
109000132,793,1328,-535
109000133,211,438,-227
109000134,423,624,-201
109000135,466,835,-369
109000136,231,175,56
109000137,261,242,19
109000138,320,120,200
109000139,385,227,158
109000140,192,247,-55
109000141,686,232,454
109000142,101,317,-216
109000143,111,59,52
109000145,94,279,-185
109000146,35,61,-26
109000148,1287,951,336
109000149,19,87,-68
109000150,101,199,-98
109000155,727,467,260
109000156,630,259,371
109000158,45,195,-150
109000159,72,229,-157
109000160,906,110,796
109000161,310,523,-213
109000162,1535,395,1140
109000163,925,855,70
109000164,1039,1390,-351
109000165,976,301,675
109000166,815,81,734
109000167,131,229,-98
109000170,61,23,38
109000171,43,32,11
109000172,30,51,-21
109000173,24,65,-41
109000174,84,30,54
109000175,107,130,-23
109000176,248,93,155
109000177,24,55,-31
109000178,828,158,670
109000179,1899,3476,-1577
109000180,2144,1986,158
109000181,31,15,16
109000182,45,15,30
109000183,27,4,23
109000184,37,10,27
109000185,45,7,38
109000188,327,571,-244
109000189,1789,409,1380
109000190,518,240,278
109000191,270,182,88
109000192,392,98,294
109000193,134,87,47
109000194,328,50,278
109000195,137,114,23
109000196,200,49,151
109000197,161,143,18
109000198,248,35,213
109000199,93,179,-86
109000206,165,19,146
109000207,128,39,89
109000208,90,83,7
109000209,78,57,21
109000210,98,248,-150
109000211,565,238,327
109000214,458,321,137
109000215,124,42,82
109000216,270,187,83
109000217,107,83,24
109000218,191,114,77
109000221,261,548,-287
109000222,722,192,530
109000223,314,263,51
109000224,33,42,-9
109000225,113,17,96
109000226,56,79,-23
109000227,977,345,632
109000228,8,2476,-2468
109000231,0,106,-106
109000232,401,122,279
109000236,213,399,-186
109000241,1576,1082,494
109000242,1200,710,490
109000293,66,100,-34
109000361,158,171,-13
109000364,96,259,-163
109000396,3,217,-214
109000397,527,8,519
109000399,93,197,-104
109000400,62,134,-72
109000403,39,1213,-1174
109000406,286,5,281
109000407,233,88,145
109000408,0,222,-222
109000410,711,120,591
109000411,227,25,202
109000412,0,55,-55
109900001,110,1,109
109900002,742,14,728
109900003,246,0,246
109900005,22,4,18
109900006,334,96,238
109900007,879,175,704
109900008,0,12,-12
109900009,71,148,-77
109900010,479,10,469
109900011,49,40,9
109900012,235,129,106
109900013,295,75,220
109900014,309,28,281
109900015,141,52,89
109900016,123,10,113
109900017,169,191,-22
109900018,166,21,145
109900019,247,24,223
109900020,28,35,-7
109900021,26,4,22
109900022,190,124,66
109900023,18,0,18
109900024,12,2,10
109900025,5,5,0
109900027,40,25,15
109900028,362,1097,-735
109900029,4,90,-86
109900030,13,5,8
109900031,0,109,-109
109900032,7,132,-125
109900033,0,257,-257
109900034,38,0,38
109900035,8,6,2
109900036,33,31,2
109900037,9,242,-233
109900038,107,113,-6
109900039,15,0,15
109900040,32,226,-194
109900041,40,172,-132
109900042,17,310,-293
109900044,56,101,-45
109900045,54,82,-28
109900046,124,47,77
109900047,142,180,-38
109900048,4,41,-37
109900049,22,20,2
109900050,0,58,-58
109900051,4,15,-11
109900052,56,99,-43
109900053,1,76,-75
109900054,642,99,543
109900055,44,96,-52
109900056,30,206,-176
109900057,1,64,-63
109900058,1,42,-41
109900060,517,75,442
109900061,16,69,-53
109900062,0,67,-67
109900064,432,111,321
109900065,24,84,-60
109900066,190,344,-154
109900067,1,85,-84
109900068,52,4,48
109900069,0,28,-28
109900071,0,13,-13
109900072,7,41,-34
109900073,287,123,164
109900074,4,15,-11
109900075,23,12,11
109900076,19,95,-76
109900077,16,26,-10
109900078,45,121,-76
109900080,50,129,-79
109900081,10,158,-148
109900082,21,140,-119
109900083,10,33,-23
109900084,36,81,-45
109900085,101,261,-160
109900086,101,517,-416
109900087,83,217,-134
109900089,570,170,400
109900092,250,34,216
109900093,970,113,857
109900094,70,49,21
109900095,110,126,-16
109900096,69,10,59
109900097,85,0,85
109900098,434,17,417
109900099,230,4,226
109900100,70,0,70
109900101,493,7,486
109900102,352,14,338
109900103,16,13,3
109900104,637,195,442
109900105,466,9,457
109900106,330,18,312
109900107,458,44,414
109900108,110,86,24
109900109,21,69,-48
109900111,99,291,-192
109900114,723,915,-192
109900115,207,36,171
109900117,853,68,785
109900121,178,270,-92
109900123,17,70,-53
109900125,0,104,-104
109900126,280,39,241
109900130,2262,1987,275
109900131,25,86,-61
109900132,16,68,-52
109900134,48,65,-17
109900135,157,26,131
109900137,74,95,-21
109900140,102,54,48
109900149,14,35,-21
109900150,12,28,-16
109900151,5,14,-9
109900152,0,18,-18
109900153,0,12,-12
109900154,42,0,42
109900155,53,19,34
109900157,24,115,-91
109900159,107,26,81
109900161,153,49,104
109900162,165,107,58
109900163,286,169,117
109900164,43,123,-80
109900165,212,4,208
109900166,0,78,-78
109900167,101,164,-63
109900168,125,262,-137
109900169,172,82,90
109900170,138,685,-547
109900171,165,33,132
109900172,149,157,-8
109900173,778,1771,-993
109900174,52,49,3
109900175,63,38,25
109900176,78,59,19
109900177,27,93,-66
109900178,0,117,-117
109900179,38,11,27
109900180,4,20,-16
110000001,505,313,192
110000002,416,595,-179
110000003,450,424,26
110000004,315,444,-129
110000005,275,1316,-1041
110000006,181,231,-50
110000007,98,43,55
110000008,24,61,-37
110000009,23,18,5
110000010,25,74,-49
110000011,22,31,-9
110000012,349,191,158
110000013,47,540,-493
110000014,391,240,151
110000015,171,387,-216
110000016,175,1311,-1136
110000017,1556,131,1425
110000018,1550,208,1342
110000019,5,51,-46
110000020,314,133,181
110000021,174,284,-110
110000022,506,69,437
110000023,10,63,-53
110000024,403,227,176
110000025,340,4,336
110000026,11,112,-101
110000027,709,710,-1
110000028,753,456,297
110000029,352,334,18
110000030,211,217,-6
110000031,202,190,12
110000032,545,200,345
110000033,184,156,28
110000034,343,369,-26
110000035,641,338,303
110000036,674,310,364
110000037,179,256,-77
110000038,229,442,-213
110000039,661,2488,-1827
110000040,215,125,90
110000041,303,1389,-1086
110000042,45,230,-185
110000043,555,220,335
110000044,35,341,-306
110000045,140,86,54
110000046,4,35,-31
110000047,15,44,-29
110000048,4,31,-27
110000049,24,18,6
110000050,4,28,-24
110000051,51,6,45
110000052,30,23,7
110000053,22,1,21
110000054,131,279,-148
110000055,132,36,96
110000056,68,69,-1
110000057,242,339,-97
110000058,657,233,424
110000059,646,339,307
110000060,927,806,121
110000061,456,386,70
110000062,377,554,-177
110000063,52,143,-91
110000064,66,22,44
110000065,88,52,36
110000066,59,9,50
110000067,34,79,-45
110000068,232,58,174
110000069,306,13,293
110000071,208,18,190
110000073,38,9,29
110000075,6,36,-30
110000076,184,177,7
110000077,208,538,-330
110000078,46,12,34
110000080,220,326,-106
110000081,39,153,-114
110000082,33,276,-243
110000083,160,326,-166
110000084,1002,619,383
110000085,719,865,-146
110000086,699,1789,-1090
110000087,32,53,-21
110000088,88,145,-57
110000089,207,45,162
110000090,178,137,41
110000091,513,143,370
110000092,19,23,-4
110000093,31,7,24
110000094,306,104,202
110000095,116,509,-393
110000096,888,1267,-379
110000097,824,1146,-322
110000098,1267,467,800
110000099,487,948,-461
110000100,752,166,586
110000101,34,81,-47
110000102,72,43,29
110000104,331,142,189
110000105,44,175,-131
110000106,465,474,-9
110000107,131,215,-84
110000108,72,86,-14
110000109,119,139,-20
110000110,1093,2067,-974
110000111,2121,1961,160
110000112,377,1034,-657
110000113,87,1913,-1826
110000114,190,512,-322
110000115,358,256,102
110000116,49,33,16
110000117,208,151,57
110000118,373,106,267
110000119,263,199,64
110000120,275,92,183
110000121,41,215,-174
110000122,187,249,-62
110000123,472,278,194
110000124,0,463,-463
110000125,697,9,688
110000126,249,13,236
110000127,896,43,853
110000128,18,519,-501
110000129,8,309,-301
110000130,257,126,131
110000131,82,250,-168
110000132,2,301,-299
110000133,25,341,-316
110000134,21,284,-263
110000135,126,25,101
110000136,36,186,-150
110000137,417,253,164
110000138,572,321,251
110000139,646,341,305
110000140,618,549,69
110000143,420,230,190
110000144,2771,1464,1307
110000145,1454,1140,314
110000146,975,356,619
110000147,328,365,-37
110000148,371,107,264
110000151,503,945,-442
110000152,478,382,96
110000153,117,5,112
110000154,15,24,-9
110000155,649,2750,-2101
110000156,855,1794,-939
110000157,1287,1785,-498
110000160,381,254,127
110000161,132,160,-28
110000166,447,43,404
110000167,658,422,236
110000168,653,417,236
110000169,682,315,367
110000170,137,58,79
110000171,445,69,376
110000172,166,303,-137
110000173,544,549,-5
110000174,108,403,-295
110000175,602,46,556
110000176,182,266,-84
110000177,180,831,-651
110000178,250,1227,-977
110000179,568,160,408
110000180,172,76,96
110000181,441,181,260
110000182,187,60,127
110000183,3403,4905,-1502
110000184,199,1645,-1446
110000185,340,429,-89
110000186,447,473,-26
110000191,946,162,784
110000192,493,15,478
110000193,944,14,930
110000194,8,406,-398
110000195,398,127,271
110000196,311,80,231
110000197,86,63,23
110000198,82,21,61
110000199,43,93,-50
110000200,577,230,347
110000201,610,745,-135
110000202,788,409,379
110000203,320,299,21
110000204,9,82,-73
110000205,128,31,97
110000206,320,413,-93
110000207,836,212,624
110000208,102,141,-39
110000209,106,316,-210
110000210,1212,271,941
110000211,661,319,342
110000212,284,756,-472
110000213,230,32,198
110000214,302,32,270
110000215,148,110,38
110000216,106,78,28
110000217,376,62,314
110000218,184,79,105
110000219,311,33,278
110000220,60,95,-35
110000221,305,29,276
110000222,45,107,-62
110000223,6,116,-110
110000224,9,7,2
110000225,129,399,-270
110000226,203,55,148
110000227,520,504,16
110000228,185,61,124
110000229,0,109,-109
110000230,354,327,27
110000231,126,108,18
110000232,154,105,49
110000233,141,155,-14
110000234,389,564,-175
110000235,558,600,-42
110000236,470,312,158
110000237,1539,737,802
110000238,729,844,-115
110000239,1370,595,775
110000240,1,48,-47
110000242,0,9,-9
110000243,135,46,89
110000244,78,166,-88
110000245,36,156,-120
110000246,544,275,269
110000247,611,2344,-1733
110000248,929,781,148
110000249,64,2,62
110000250,21,110,-89
110000251,273,254,19
110000252,221,103,118
110000253,1158,375,783
110000254,424,435,-11
110000255,99,456,-357
110000256,387,170,217
110000257,315,267,48
110000258,4,192,-188
110000259,97,5,92
110000260,18,66,-48
110000263,300,62,238
110000264,220,202,18
110000265,722,1000,-278
110000266,764,1397,-633
110000267,21,83,-62
110000268,181,251,-70
110000269,3,38,-35
110000270,46,0,46
110000271,590,133,457
110000272,804,652,152
110000273,1176,793,383
110000274,90,1175,-1085
110000275,867,309,558
110000276,271,219,52
110000277,247,234,13
110000278,253,382,-129
110000279,650,468,182
110000280,400,250,150
110000281,58,161,-103
110000282,103,7,96
110000283,16,62,-46
110000284,12,7,5
110000285,0,296,-296
110000286,6,0,6
110000287,31,1,30
110000288,1,31,-30
110000289,333,1606,-1273
110000290,466,424,42
110000291,2067,831,1236
110000292,692,3376,-2684
110000293,591,354,237
110000294,920,809,111
110000295,120,374,-254
110000296,385,205,180
110000297,1648,283,1365
110000298,120,328,-208
110000299,88,63,25
110000301,324,20,304
110000302,422,445,-23
110000303,343,11,332
110000304,164,93,71
110000305,914,20,894
110000306,138,482,-344
110000307,1219,5,1214
110000308,383,8,375
110000309,2,405,-403
110000310,506,42,464
110000311,7,348,-341
110000312,336,69,267
110000313,1252,2019,-767
110000314,0,95,-95
110000315,1488,1391,97
110000316,312,661,-349
110000317,118,543,-425
110000318,5,30,-25
110000319,14,4,10
110000320,48,31,17
110000321,21,22,-1
110000322,294,188,106
110000323,362,126,236
110000324,1621,1018,603
110000325,1189,2422,-1233
110000327,202,142,60
110000328,106,236,-130
110000333,777,559,218
110000334,553,695,-142
110000335,558,260,298
110000336,722,559,163
110000337,1577,364,1213
110000338,497,148,349
110000339,291,115,176
110000340,88,82,6
110000341,346,319,27
110000342,74,2,72
110000343,0,8,-8
110000344,57,104,-47
110000345,100,154,-54
110000346,1008,1088,-80
110000347,842,502,340
110000348,13,7,6
110000349,8,7,1
110000350,31,1,30
110000351,817,421,396
110000352,565,1002,-437
110000353,1413,295,1118
110000354,840,2246,-1406
110000355,46,28,18
110000356,476,5,471
110000357,306,10,296
110000361,15,21,-6
110000362,53,7,46
110000363,479,37,442
110000364,212,180,32
110000365,92,1,91
110000366,2,68,-66
110000367,269,103,166
110000368,3,16,-13
110000369,40,1,39
110000373,1,147,-146
110000374,74,15,59
110000375,85,551,-466
110000376,20,41,-21
110000377,67,300,-233
110000378,13,283,-270
110000379,1197,1561,-364
110000380,37,8,29
110000383,2,966,-964
110000384,581,624,-43
110000385,1,99,-98
110000387,43,2,41
110000388,26,95,-69
110000389,644,3,641
110000391,534,121,413
110000396,151,57,94
110000397,101,39,62
110000398,7,11,-4
110000399,112,8,104
110000587,85,59,26
110000589,168,117,51
110000640,204,41,163
110000652,8,160,-152
110000653,311,191,120
110000654,28,1647,-1619
110000656,0,166,-166
110000674,18,11,7
110000675,4,13,-9
110000676,1,14,-13
110000679,139,842,-703
110000682,59,108,-49
110000683,133,275,-142
110000684,0,16,-16
110000685,5,6,-1
110000686,2,17,-15
110000687,6,0,6
110000688,48,881,-833
110000689,20,20,0
110000692,13,107,-94
110000693,36,183,-147
110000694,1,59,-58
110000695,162,291,-129
110000696,33,38,-5
110000698,41,442,-401
110000699,101,242,-141
110900001,164,14,150
110900002,270,91,179
110900003,669,155,514
110900004,381,57,324
110900005,836,1854,-1018
110900006,55,9,46
110900007,124,22,102
110900008,13,28,-15
110900009,270,135,135
110900010,20,20,0
110900011,14,31,-17
110900012,34,44,-10
110900013,770,85,685
110900014,380,18,362
110900015,253,414,-161
110900016,47,43,4
110900017,332,23,309
110900018,229,30,199
110900019,220,14,206
110900020,80,65,15
110900021,62,223,-161
110900022,63,97,-34
110900023,33,255,-222
110900024,26,96,-70
110900025,7,33,-26
110900027,35,88,-53
110900028,20,42,-22
110900029,14,93,-79
110900030,33,114,-81
110900031,1,87,-86
110900032,0,19,-19
110900033,25,68,-43
110900035,6,279,-273
110900036,82,12,70
110900037,108,12,96
110900038,321,107,214
110900039,5,131,-126
110900040,148,21,127
110900041,21,43,-22
110900042,124,31,93
110900043,1,21,-20
110900044,132,11,121
110900045,22,126,-104
110900046,5,65,-60
110900047,163,202,-39
110900049,40,68,-28
110900050,26,5,21
110900052,6,88,-82
110900053,63,8,55
110900054,18,34,-16
110900055,12,4,8
110900056,25,78,-53
110900057,14,69,-55
110900058,177,77,100
110900059,268,152,116
110900060,297,53,244
110900061,10,26,-16
110900062,138,64,74
110900063,21,47,-26
110900064,18,1,17
110900065,133,84,49
110900066,9,36,-27
110900067,104,318,-214
110900068,124,88,36
110900069,3,12,-9
110900070,105,29,76
110900071,121,445,-324
110900073,0,6,-6
110900074,371,68,303
110900075,349,45,304
110900077,745,297,448
110900078,30,17,13
110900079,1211,1106,105
110900080,116,59,57
110900081,4,12,-8
110900082,86,32,54
110900083,77,49,28
110900084,68,24,44
110900085,33,96,-63
110900086,43,230,-187
110900087,265,42,223
110900088,6,3,3
110900090,22,33,-11
110900091,0,20,-20
110900093,148,50,98
110900095,47,17,30
110900097,39,12,27
110900098,21,34,-13
110900099,28,175,-147
110900100,0,12,-12
110900102,86,7,79
110900105,436,70,366
110900108,22,25,-3
110900111,229,57,172
110900112,499,6,493
110900113,179,22,157
110900115,6,23,-17
110900116,688,462,226
110900118,48,2784,-2736
110900119,1054,133,921
110900120,22,57,-35
110900121,113,1,112
110900122,337,104,233
110900125,265,263,2
110900127,304,1036,-732
110900128,224,445,-221
110900129,141,735,-594
110900130,382,526,-144
110900131,203,63,140
110900132,332,41,291
110900133,47,77,-30
110900135,37,93,-56
110900136,333,12,321
110900138,0,0,0
110900139,0,0,0
110900140,0,0,0
110900141,160,160,0
110900142,29,69,-40
110900143,126,42,84
110900144,1,186,-185
110900145,148,57,91
110900146,194,149,45
110900147,33,192,-159
110900148,1,131,-130
110900149,5,31,-26
110900150,20,15,5
110900151,3,16,-13
110900152,20,56,-36
110900153,111,36,75
111000001,677,342,335
111000002,601,408,193
111000003,1426,618,808
111000004,456,534,-78
111000005,1180,1033,147
111000006,631,1208,-577
111000007,2687,2333,354
111000008,1182,1785,-603
111000009,337,495,-158
111000010,599,221,378
111000011,244,815,-571
111000012,443,376,67
111000013,376,697,-321
111000014,1197,444,753
111000017,199,671,-472
111000018,161,296,-135
111000020,641,1008,-367
111000021,44,73,-29
111000023,94,64,30
111000025,4424,2699,1725
111000029,68,89,-21
111000030,25,86,-61
111000031,1180,628,552
111000032,414,234,180
111000033,166,172,-6
111000034,67,238,-171
111000037,761,432,329
111000038,2123,1056,1067
111000039,1045,1044,1
111000040,1043,1084,-41
111000041,667,678,-11
111000042,1180,1322,-142
111000043,1316,2790,-1474
111000044,1315,954,361
111000045,2031,1673,358
111000046,1411,1236,175
111000047,2039,3566,-1527
111000049,341,290,51
111000050,791,670,121
111000051,378,573,-195
111000052,424,918,-494
111000053,208,432,-224
111000054,252,410,-158
111000055,725,914,-189
111000056,161,238,-77
111000057,113,255,-142
111000058,399,61,338
111000059,498,206,292
111000060,3135,574,2561
111000061,451,207,244
111000062,709,247,462
111000063,1414,681,733
111000064,657,382,275
111000065,1108,626,482
111000066,436,323,113
111000067,466,355,111
111000068,481,609,-128
111000069,974,961,13
111000070,654,406,248
111000071,141,239,-98
111000072,1049,401,648
111000073,253,994,-741
111000074,1245,1123,122
111000075,763,349,414
111000076,547,366,181
111000077,1120,1093,27
111000078,1737,905,832
111000079,638,370,268
111000080,382,391,-9
111000081,1000,2810,-1810
111000082,579,368,211
111000084,629,305,324
111000085,650,593,57
111000086,1229,583,646
111000087,494,308,186
111000088,2432,1722,710
111000089,560,433,127
111000090,535,807,-272
111000091,544,224,320
111000092,1165,454,711
111000093,604,752,-148
111000094,1461,709,752
111000095,475,1765,-1290
111000096,634,5411,-4777
111000097,2688,913,1775
111000098,412,513,-101
111000099,277,826,-549
111000100,305,638,-333
111000101,258,404,-146
111000102,225,241,-16
111000104,607,79,528
111000107,104,360,-256
111000109,501,140,361
111000110,1189,462,727
111000111,2328,337,1991
111000112,1623,390,1233
111000113,639,1270,-631
111000114,1233,2663,-1430
111000115,2406,663,1743
111000116,726,508,218
111000117,295,606,-311
111000118,695,413,282
111000119,875,524,351
111000120,450,428,22
111000121,300,492,-192
111000122,385,509,-124
111000123,870,1050,-180
111000124,308,962,-654
111000125,201,528,-327
111000126,66,344,-278
111000127,900,89,811
111000128,1827,214,1613
111000129,2427,319,2108
111000130,1909,346,1563
111000131,1735,298,1437
111000132,1423,725,698
111000133,172,59,113
111000134,131,57,74
111000135,73,89,-16
111000136,341,164,177
111000138,10,7,3
111000140,3,2,1
111000141,151,370,-219
111000142,18,429,-411
111000143,6,631,-625
111000144,91,2779,-2688
111000145,210,37,173
111000146,113,18,95
111000147,125,29,96
111000148,103,81,22
111000149,5,12,-7
111000150,27,3,24
111000151,1,5,-4
111000153,323,529,-206
111000154,373,181,192
111000155,95,98,-3
111000156,480,345,135
111000157,136,484,-348
111000158,548,472,76
111000159,2996,817,2179
111000160,439,466,-27
111000161,11,457,-446
111000162,18,106,-88
111000163,637,452,185
111000164,362,1748,-1386
111000165,572,208,364
111000166,588,151,437
111000167,118,163,-45
111000168,143,231,-88
111000169,268,355,-87
111000170,213,261,-48
111000171,352,242,110
111000172,155,186,-31
111000173,376,448,-72
111000174,184,136,48
111000175,48,198,-150
111000176,253,49,204
111000177,397,94,303
111000178,1284,147,1137
111000179,337,51,286
111000180,226,305,-79
111000181,1143,135,1008
111000182,156,99,57
111000183,223,251,-28
111000184,264,154,110
111000185,223,180,43
111000186,223,139,84
111000187,107,78,29
111000188,267,189,78
111000189,452,264,188
111000190,143,177,-34
111000191,128,144,-16
111000192,116,245,-129
111000193,260,170,90
111000194,67,168,-101
111000195,140,189,-49
111000196,82,93,-11
111000197,471,67,404
111000198,528,43,485
111000199,322,105,217
111000200,430,201,229
111000201,641,105,536
111000202,290,117,173
111000203,351,226,125
111000204,307,1241,-934
111000213,175,328,-153
111000214,1030,616,414
111000215,876,704,172
111000217,1099,492,607
111000218,924,619,305
111000219,280,142,138
111000220,599,355,244
111000221,353,40,313
111000224,65,236,-171
111000225,337,273,64
111000226,51,1,50
111000227,27,5,22
111000228,12,356,-344
111000229,12,878,-866
111000230,154,113,41
111000231,952,257,695
111000232,445,377,68
111000233,991,381,610
111000234,174,347,-173
111000239,81,86,-5
111000240,66,163,-97
111000241,22,143,-121
111000242,211,54,157
111000243,115,214,-99
111000244,512,53,459
111000245,769,212,557
111000246,553,127,426
111000247,298,270,28
111000248,583,238,345
111000249,370,200,170
111000250,40,33,7
111000251,33,53,-20
111000253,9,17,-8
111000255,52,9,43
111000257,51,11,40
111000260,61,745,-684
111000261,1031,64,967
111000271,48,156,-108
111000273,1558,661,897
111000274,1040,1603,-563
111000275,148,36,112
111000276,178,664,-486
111000277,133,144,-11
111000278,355,119,236
111000291,905,6291,-5386
111000298,485,139,346
111000299,462,109,353
111000300,54,284,-230
111000302,291,47,244
111000303,66,82,-16
111000312,43,41,2
111000315,10,58,-48
111000320,95,232,-137
111000321,380,98,282
111000322,229,182,47
111000323,308,18,290
111000324,229,124,105
111000325,68,29,39
111000326,152,169,-17
111000327,332,245,87
111000328,273,314,-41
111000329,4,16,-12
111000330,76,7,69
111000331,18,7,11
111000332,320,794,-474
111000334,227,670,-443
111000335,870,170,700
111000337,1230,150,1080
111000338,58,54,4
111000339,442,103,339
111000340,69,223,-154
111000341,1222,453,769
111000342,91,1317,-1226
111000344,814,415,399
111000345,127,110,17
111000346,37,257,-220
111000347,132,3,129
111000350,161,78,83
111000351,79,213,-134
111000352,178,60,118
111000353,146,114,32
111000354,295,75,220
111000355,241,215,26
111000358,124,338,-214
111000360,161,155,6
111000361,188,113,75
111000546,567,272,295
111000547,316,178,138
111000548,122,198,-76
111000549,255,103,152
111000550,59,696,-637
111000551,450,131,319
111000552,380,201,179
111000907,458,4,454
111000908,36,2,34
111000916,1534,105,1429
111000917,29,200,-171
111000918,156,233,-77
111000920,478,11,467
111000921,8,73,-65
111000922,473,90,383
111000924,37,287,-250
111000925,2855,1537,1318
111000926,913,934,-21
111000927,2043,3599,-1556
111000928,2929,1386,1543
111000929,1360,991,369
111000930,602,1132,-530
111000931,1678,1863,-185
111000932,2418,997,1421
111000933,2319,1821,498
111000934,1409,1579,-170
111000935,1420,623,797
111000936,848,988,-140
111000937,1135,880,255
111000938,1009,637,372
111000939,511,24,487
111000940,419,55,364
111000941,312,194,118
111000943,623,197,426
111000944,154,131,23
111000945,60,662,-602
111001109,429,359,70
111001110,127,280,-153
111001111,78,3,75
111001112,60,1,59
111001113,5,137,-132
111001114,338,177,161
111001115,26,744,-718
111001116,1788,2817,-1029
111001117,315,2012,-1697
111001120,146,119,27
111001121,137,121,16
111001122,188,159,29
111001123,338,77,261
111001124,121,60,61
111001125,5,193,-188
111001126,0,0,0
111001127,1,24,-23
111001128,611,291,320
111001129,0,313,-313
111900001,0,55,-55
111900002,0,170,-170
111900003,1,93,-92
111900004,6,20,-14
111900006,10,41,-31
111900007,80,2,78
111900008,195,1,194
111900009,136,0,136
111900010,117,151,-34
111900012,32,17,15
111900013,6,3,3
111900014,1568,3882,-2314
111900015,0,10,-10
111900016,0,21,-21
111900017,1,17,-16
111900018,134,8,126
111900019,6,50,-44
111900020,1,15,-14
111900021,10,25,-15
111900022,3,26,-23
111900023,26,45,-19
111900024,304,58,246
111900025,0,5,-5
111900026,0,23,-23
111900027,3,36,-33
111900028,13,100,-87
111900029,0,25,-25
111900030,17,115,-98
111900032,0,80,-80
111900033,5,24,-19
111900034,88,173,-85
111900035,59,79,-20
111900036,0,77,-77
111900038,121,216,-95
111900039,22,133,-111
111900040,1,159,-158
111900042,5,46,-41
111900043,2,110,-108
111900044,116,93,23
111900046,16,50,-34
111900048,331,178,153
111900049,17,108,-91
111900050,45,17,28
111900051,1,79,-78
111900052,177,175,2
111900053,329,1174,-845
111900054,89,4,85
111900055,25,131,-106
111900056,105,282,-177
111900057,114,9,105
111900058,539,181,358
111900059,745,587,158
111900060,191,2,189
111900061,0,58,-58
111900062,38,53,-15
111900063,152,191,-39
111900064,41,94,-53
111900065,103,11,92
111900066,127,103,24
111900067,0,104,-104
111900068,45,64,-19
111900069,59,19,40
111900070,202,55,147
111900071,0,80,-80
111900072,47,9,38
111900073,568,147,421
111900074,7,92,-85
111900075,46,11,35
111900076,151,76,75
111900077,26,2,24
111900078,235,31,204
111900079,46,33,13
111900080,99,197,-98
111900082,168,45,123
111900083,133,15,118
111900084,141,3,138
111900085,24,71,-47
111900086,52,6,46
111900087,40,3,37
111900088,604,21,583
111900089,68,0,68
111900090,53,40,13
111900091,391,1,390
111900092,107,1,106
111900093,523,6,517
111900094,63,0,63
111900095,217,25,192
111900096,197,1,196
111900097,49,0,49
111900098,230,7,223
111900099,35,0,35
111900100,126,2,124
111900101,90,20,70
111900102,439,126,313
111900103,41,65,-24
111900104,76,37,39
111900105,148,115,33
111900106,235,7,228
111900110,509,157,352
111900111,82,3,79
111900112,231,2592,-2361
111900113,134,79,55
111900118,355,70,285
111900119,196,103,93
111900122,62,86,-24
111900123,18,22,-4
111900124,15,30,-15
111900125,391,45,346
111900126,197,3,194
111900127,0,225,-225
111900128,1,132,-131
111900129,177,5,172
111900130,112,27,85
111900131,462,2,460
111900132,7,231,-224
111900133,37,177,-140
111900134,5,87,-82
111900135,5,28,-23
111900136,42,128,-86
111900137,19,31,-12
111900138,5,63,-58
111900139,10,46,-36
111900140,136,22,114
111900141,78,11,67
111900142,76,33,43
111900143,23,20,3
111900144,0,29,-29
111900145,1,148,-147
111900146,16,73,-57
111900147,50,143,-93
111900148,6,185,-179
111900149,0,94,-94
111900150,8,45,-37
111900151,3,21,-18
111900152,66,68,-2
111900153,467,575,-108
111900154,20,379,-359
111900155,50,90,-40
111900156,66,58,8
111900157,155,17,138
111900158,433,72,361
111900159,320,22,298
111900160,269,0,269
111900161,261,2,259
111900162,43,112,-69
111900163,12,92,-80
111900164,47,39,8
111901113,535,66,469
111901114,126,102,24
111901115,53,0,53
111901116,18,1,17
111901117,43,17,26
111901118,19,143,-124
111901119,130,20,110
111901121,32,32,0
111901122,5,112,-107
111901123,137,68,69
111901124,144,1,143
111901125,549,175,374
111901127,169,327,-158
111901128,4,28,-24
111901129,2,40,-38
111901130,1,43,-42
111901131,3,78,-75
111901132,89,32,57
111901133,32,1,31
111901134,59,1,58
111901135,30,17,13
111901138,84,18,66
111901139,12,16,-4
111901140,8,22,-14
111901141,7,39,-32
111901142,2,45,-43
111901143,3,29,-26
111901144,21,50,-29
111901145,80,182,-102
111901146,79,9,70
111901147,158,5,153
111901148,5,22,-17
111901149,10,4,6
111901150,29,2,27
111901151,0,0,0
111901152,2,10,-8
112000001,1399,471,928
112000002,506,1017,-511
112000003,1409,742,667
112000004,464,264,200
112000005,2693,3055,-362
112000006,928,607,321
112000007,2923,2033,890
112000008,1857,3151,-1294
112000009,1611,1185,426
112000010,2338,3040,-702
112000011,1055,743,312
112000012,2344,4003,-1659
112000013,1741,2076,-335
112000014,1204,2463,-1259
112000015,2018,2361,-343
112000016,1654,1852,-198
112000017,649,2119,-1470
112000024,1028,330,698
112000026,1274,1635,-361
112000027,465,578,-113
112000028,604,618,-14
112000029,399,482,-83
112000030,116,33,83
112000031,846,2905,-2059
112000032,100,23,77
112000033,1038,2198,-1160
112000034,145,46,99
112000035,13,328,-315
112000036,299,758,-459
112000037,496,623,-127
112000038,845,921,-76
112000039,95,46,49
112000040,27,100,-73
112000041,206,237,-31
112000042,625,245,380
112000050,932,808,124
112000051,836,1397,-561
112000054,770,775,-5
112000057,313,165,148
112000058,132,263,-131
112000059,264,356,-92
112000061,1293,821,472
112000062,577,783,-206
112000063,308,1695,-1387
112000064,1618,2347,-729
112000065,972,1436,-464
112000066,2372,1136,1236
112000067,424,357,67
112000068,2447,2363,84
112000069,319,944,-625
112000070,1170,652,518
112000071,632,1178,-546
112000072,1983,526,1457
112000073,911,1194,-283
112000074,948,721,227
112000075,1088,900,188
112000076,2080,1469,611
112000077,693,293,400
112000078,1503,379,1124
112000079,1199,761,438
112000080,596,381,215
112000081,882,1401,-519
112000082,912,451,461
112000083,434,624,-190
112000084,871,496,375
112000085,1263,545,718
112000086,1408,549,859
112000087,496,323,173
112000088,614,194,420
112000089,227,163,64
112000090,173,186,-13
112000091,416,334,82
112000092,1754,699,1055
112000093,1199,422,777
112000094,560,594,-34
112000095,595,415,180
112000096,499,358,141
112000097,1192,506,686
112000098,371,350,21
112000099,492,1394,-902
112000100,1716,428,1288
112000101,423,361,62
112000102,1356,374,982
112000103,252,369,-117
112000105,476,587,-111
112000106,1849,272,1577
112000107,90,92,-2
112000108,327,671,-344
112000109,174,87,87
112000110,1623,628,995
112000111,397,1215,-818
112000112,1689,388,1301
112000113,506,833,-327
112000114,1652,581,1071
112000115,307,158,149
112000116,409,470,-61
112000117,989,492,497
112000118,682,473,209
112000119,327,356,-29
112000120,63,207,-144
112000121,96,183,-87
112000122,312,106,206
112000123,699,106,593
112000124,461,70,391
112000125,285,220,65
112000126,325,174,151
112000127,1174,1790,-616
112000128,312,403,-91
112000129,108,67,41
112000130,201,63,138
112000131,54,100,-46
112000132,161,91,70
112000133,298,93,205
112000134,345,177,168
112000135,976,549,427
112000136,604,990,-386
112000137,1020,1121,-101
112000138,719,661,58
112000139,426,540,-114
112000140,327,701,-374
112000141,837,377,460
112000142,131,276,-145
112000143,1012,199,813
112000144,252,555,-303
112000145,2266,350,1916
112000146,481,877,-396
112000147,2278,1331,947
112000148,979,912,67
112000149,373,286,87
112000150,263,230,33
112000151,286,138,148
112000152,437,238,199
112000153,108,141,-33
112000154,109,144,-35
112000155,94,62,32
112000157,269,423,-154
112000158,248,210,38
112000159,464,170,294
112000167,297,100,197
112000169,157,245,-88
112000173,637,118,519
112000175,362,165,197
112000176,731,1007,-276
112000177,649,182,467
112000178,49,125,-76
112000179,232,34,198
112000180,195,259,-64
112000181,853,686,167
112000182,1200,453,747
112000183,24,10,14
112000184,467,137,330
112000185,600,274,326
112000187,2446,1558,888
112000195,108,11,97
112000196,126,1,125
112000197,67,117,-50
112000198,34,242,-208
112000199,544,415,129
112000202,371,1,370
112000216,42,168,-126
112000230,62,3,59
112000231,0,79,-79
112000256,72,209,-137
112000313,21,47,-26
112000314,36,48,-12
112000337,187,412,-225
112000352,143,334,-191
112000392,815,705,110
112000398,1414,547,867
112000399,936,2648,-1712
112000400,881,961,-80
112000401,1405,774,631
112000402,2925,3285,-360
112000403,908,3142,-2234
112000404,872,846,26
112000405,1796,2138,-342
112000406,1599,768,831
112000407,6491,5991,500
112000408,3862,2333,1529
112000409,994,1469,-475
112000410,214,298,-84
112000411,1464,1124,340
112000412,617,321,296
112000413,3084,5411,-2327
112000414,71,30,41
112000415,52,21,31
112000416,2532,911,1621
112000417,268,44,224
112000421,62,34,28
112000422,292,147,145
112000424,899,2324,-1425
112000425,152,162,-10
112000426,154,176,-22
112000427,0,5,-5
112000428,226,160,66
112000429,1257,1093,164
112000430,1557,1648,-91
112000431,106,92,14
112000432,544,625,-81
112000433,191,413,-222
112000437,48,75,-27
112900001,54,0,54
112900002,485,310,175
112900003,66,128,-62
112900004,33,70,-37
112900005,158,76,82
112900007,29,51,-22
112900008,0,71,-71
112900009,228,90,138
112900010,407,367,40
112900011,76,66,10
112900012,3,26,-23
112900013,2,60,-58
112900014,2,74,-72
112900015,158,388,-230
112900016,2,97,-95
112900017,42,61,-19
112900018,520,274,246
112900019,20,62,-42
112900020,176,570,-394
112900021,4,85,-81
112900022,9,21,-12
112900023,0,44,-44
112900024,11,105,-94
112900025,71,102,-31
112900026,6,55,-49
112900027,2,287,-285
112900028,18,64,-46
112900029,26,211,-185
112900030,35,53,-18
112900031,2,196,-194
112900032,143,184,-41
112900034,0,19,-19
112900035,0,139,-139
112900036,23,80,-57
112900037,86,200,-114
112900038,507,65,442
112900039,11,103,-92
112900040,6,243,-237
112900041,274,650,-376
112900042,25,119,-94
112900043,47,22,25
112900044,247,160,87
112900045,115,115,0
112900046,61,48,13
112900047,8,14,-6
112900049,224,34,190
112900050,28,243,-215
112900051,126,214,-88
112900052,0,233,-233
112900053,81,74,7
112900054,80,37,43
112900055,45,25,20
112900056,230,170,60
112900057,4,212,-208
112900058,204,243,-39
112900059,97,116,-19
112900060,26,60,-34
112900061,60,42,18
112900062,40,35,5
112900063,50,12,38
112900064,35,102,-67
112900065,8,15,-7
112900066,178,192,-14
112900067,147,38,109
112900068,23,40,-17
112900069,762,674,88
112900071,32,5,27
112900072,65,1871,-1806
112900073,358,161,197
112900074,81,232,-151
112900075,549,684,-135
112900076,31,20,11
112900078,255,366,-111
112900079,201,36,165
112900080,58,2,56
112900081,36,197,-161
112900082,466,45,421
112900083,118,134,-16
112900084,264,146,118
112900086,86,1,85
112900087,685,103,582
112900088,93,15,78
112900089,732,20,712
112900090,73,46,27
112900091,228,7,221
112900092,47,343,-296
112900093,796,18,778
112900095,31,1,30
112900096,531,129,402
112900097,69,107,-38
112900098,85,1,84
112900099,887,13,874
112900100,80,3,77
112900101,351,3,348
112900102,89,16,73
112900103,177,8,169
112900104,577,2,575
112900105,24,0,24
112900106,267,64,203
112900107,5,0,5
112900108,6,0,6
112900109,181,0,181
112900110,1367,24,1343
112900111,689,3,686
112900112,316,2,314
112900113,0,21,-21
112900114,154,16,138
112900115,1544,1,1543
112900116,79,5,74
112900117,72,20,52
112900118,10,59,-49
112900119,179,3,176
112900120,401,152,249
112900121,33,85,-52
112900122,3,34,-31
112900123,56,6,50
112900124,11,55,-44
112900125,18,207,-189
112900126,102,104,-2
112900127,301,110,191
112900128,94,291,-197
112900129,0,344,-344
112900130,113,64,49
112900131,16,168,-152
112900132,58,214,-156
112900133,12,506,-494
112900134,0,94,-94
112900135,85,43,42
112900137,30,187,-157
112900138,1,54,-53
112900139,95,450,-355
112900141,502,11,491
112900142,52,168,-116
112900143,10,217,-207
112900144,19,287,-268
112900145,13,209,-196
112900146,11,326,-315
112900147,0,425,-425
112900148,49,2,47
112900149,154,208,-54
112900151,5,45,-40
112900152,1833,373,1460
112900153,592,1972,-1380
112900154,0,39,-39
112900155,133,23,110
112900156,411,368,43
112900157,203,23,180
112900158,56,3,53
112900159,133,167,-34
112900160,50,140,-90
112900161,97,42,55
112900162,13,10,3
112900163,37,38,-1
112900164,16,195,-179
112900165,33,13,20
112900166,6,68,-62
112900167,3,78,-75
112900168,21,4,17
112900169,10,12,-2
112900170,140,91,49
112900172,20,14,6
112900173,139,40,99
112900174,185,31,154
112900175,54,107,-53
112900176,19,61,-42
112900177,175,59,116
112900178,523,2196,-1673
112900179,28,191,-163
112900180,1449,876,573
112900181,483,12,471
112900182,36,270,-234
112900183,63,145,-82
112900184,249,300,-51
112900185,74,368,-294
112900186,643,826,-183
112900187,61,414,-353
112900188,387,1220,-833
112900189,0,9,-9
112900190,3,17,-14
112900192,473,453,20
112900193,749,238,511
112900194,36,22,14
112900195,525,27,498
112900196,168,209,-41
112900197,81,171,-90
112900199,445,131,314
112900200,370,89,281
112900201,154,56,98
112900202,482,341,141
112900203,280,90,190
112900204,489,424,65
112900205,8,0,8
112900206,11,122,-111
112900207,34,0,34
112900208,50,302,-252
112900209,222,188,34
112900210,0,19,-19
112900211,43,6,37
112900212,1,43,-42
112900213,64,5,59
112900214,17,19,-2
112900215,17,48,-31
112900216,22,33,-11
112900217,0,62,-62
112900218,143,0,143
112900219,83,6,77
112900220,1,0,1
112900221,14,132,-118
112900222,0,38,-38
112900223,726,10,716
112900224,254,120,134
112900225,402,168,234
112900226,66,188,-122
112900227,272,90,182
112900228,77,26,51
112900229,230,14,216
112900230,4038,2005,2033
112900232,182,234,-52
112900233,49,66,-17
112900234,10,9,1
112900235,60,13,47
112900236,297,7,290
112900237,283,83,200
112900238,3,5,-2
112900239,359,462,-103
112900240,2,6,-4
112900241,13,29,-16
112900242,3,39,-36
112900243,3,35,-32
112900244,9,30,-21
112900245,0,42,-42
112900246,3,5,-2
112900247,57,29,28
112900248,5,0,5
112900249,25,1,24
112900250,67,10,57
112900251,48,8,40
112900252,57,11,46
112900253,53,1,52
112900254,19,2,17
112900255,0,20,-20
112900256,2,36,-34
112900257,10,17,-7
112900258,61,7,54
113000001,3986,3215,771
113000002,2598,2142,456
113000003,1171,959,212
113000004,973,1212,-239
113000005,1197,759,438
113000006,722,899,-177
113000007,1350,761,589
113000008,1081,865,216
113000009,838,400,438
113000010,822,592,230
113000011,787,695,92
113000012,1126,490,636
113000013,650,443,207
113000014,547,738,-191
113000015,105,99,6
113000016,151,367,-216
113000017,27,193,-166
113000018,319,23,296
113000019,126,188,-62
113000020,463,71,392
113000021,883,471,412
113000022,615,915,-300
113000025,85,159,-74
113000026,474,407,67
113000027,285,644,-359
113000028,384,666,-282
113000029,578,618,-40
113000030,143,301,-158
113000031,139,229,-90
113000032,127,251,-124
113000033,132,288,-156
113000034,162,172,-10
113000035,19,14,5
113000036,14,55,-41
113000037,26,20,6
113000038,9,49,-40
113000039,36,262,-226
113000040,55,57,-2
113000042,519,335,184
113000051,506,1459,-953
113000052,1361,419,942
113000053,378,155,223
113000054,354,350,4
113000055,1237,226,1011
113000056,1051,541,510
113000058,399,605,-206
113000059,555,248,307
113000060,235,337,-102
113000061,317,488,-171
113000062,290,292,-2
113000063,284,33,251
113000064,66,104,-38
113000065,143,311,-168
113000066,590,74,516
113000067,1904,581,1323
113000068,324,456,-132
113000069,460,421,39
113000070,2119,615,1504
113000071,298,268,30
113000072,688,294,394
113000073,235,770,-535
113000074,580,259,321
113000075,1164,575,589
113000076,336,2063,-1727
113000077,534,562,-28
113000078,356,1100,-744
113000079,208,655,-447
113000080,445,523,-78
113000081,496,468,28
113000082,568,440,128
113000083,395,614,-219
113000084,1011,714,297
113000085,570,430,140
113000086,616,640,-24
113000087,611,821,-210
113000088,1186,755,431
113000089,527,1283,-756
113000090,111,462,-351
113000091,245,265,-20
113000094,929,222,707
113000095,182,501,-319
113000096,100,576,-476
113000097,754,235,519
113000098,109,48,61
113000099,561,350,211
113000100,102,279,-177
113000101,161,425,-264
113000102,462,460,2
113000103,1120,202,918
113000104,406,1636,-1230
113000105,643,272,371
113000106,269,161,108
113000107,686,606,80
113000108,499,552,-53
113000109,497,818,-321
113000110,1742,322,1420
113000111,271,382,-111
113000112,263,261,2
113000113,737,256,481
113000114,180,763,-583
113000116,313,188,125
113000117,703,61,642
113000118,30,348,-318
113000119,226,216,10
113000120,25,208,-183
113000121,293,738,-445
113000124,174,65,109
113000125,26,601,-575
113000127,1015,96,919
113000128,571,142,429
113000129,210,494,-284
113000133,1409,655,754
113000134,4,851,-847
113000135,2897,3429,-532
113000137,652,2201,-1549
113000139,140,173,-33
113000140,38,98,-60
113000141,45,82,-37
113000142,135,352,-217
113000143,186,85,101
113000144,177,255,-78
113000145,125,70,55
113000146,103,40,63
113000147,129,40,89
113000148,199,63,136
113000149,136,108,28
113000150,356,176,180
113000151,24,32,-8
113000152,26,116,-90
113000153,498,218,280
113000154,371,981,-610
113000155,201,441,-240
113000156,90,166,-76
113000157,134,349,-215
113000158,394,235,159
113000159,569,470,99
113000160,340,365,-25
113000161,241,119,122
113000162,597,175,422
113000163,82,62,20
113000164,12,42,-30
113000166,152,92,60
113000167,38,27,11
113000168,106,48,58
113000169,135,37,98
113000170,80,53,27
113000171,38,51,-13
113000172,183,34,149
113000173,70,18,52
113000174,125,140,-15
113000175,341,64,277
113000176,399,77,322
113000177,132,131,1
113000178,104,206,-102
113000179,218,131,87
113000180,390,746,-356
113000181,966,548,418
113000182,78,225,-147
113000183,98,389,-291
113000184,9,45,-36
113000189,263,381,-118
113000190,143,213,-70
113000192,391,3409,-3018
113000193,1162,2373,-1211
113000194,523,1167,-644
113000195,731,1440,-709
113000196,138,35,103
113000197,686,1099,-413
113000198,80,99,-19
113000199,879,222,657
113000201,192,352,-160
113000202,4242,577,3665
113000203,55,334,-279
113000204,380,2995,-2615
113000205,11,5,6
113000206,2,50,-48
113000207,55,10,45
113000208,30,32,-2
113000209,10,15,-5
113000210,5,32,-27
113000211,75,226,-151
113000212,40,40,0
113000213,8,78,-70
113000214,136,185,-49
113000234,141,409,-268
113000410,40,116,-76
113000411,961,1846,-885
113000412,2628,1183,1445
113000413,733,1827,-1094
113000414,2083,8148,-6065
113000415,1109,1157,-48
113000416,2235,1565,670
113000417,826,1076,-250
113000418,2908,2644,264
113000419,830,1327,-497
113000420,1849,3615,-1766
113000421,2482,4269,-1787
113000422,5385,6315,-930
113000423,836,3392,-2556
113000424,1143,6674,-5531
113000425,0,47,-47
113000428,7,9,-2
113000430,0,27,-27
113000432,1976,124,1852
113000433,57,323,-266
113000434,33,66,-33
113000435,57,187,-130
113000436,12,382,-370
113000437,969,34,935
113000438,245,9,236
113000439,29,27,2
113000440,145,36,109
113000441,247,167,80
113000442,127,44,83
113000443,226,84,142
113000444,172,57,115
113000445,111,44,67
113000446,22,58,-36
113000448,293,118,175
113000449,114,598,-484
113000450,410,1405,-995
113000451,1550,191,1359
113000452,69,354,-285
113000453,43,437,-394
113000454,175,102,73
113000455,27,725,-698
113000456,1419,1300,119
113000468,755,54,701
113000469,18,72,-54
113000470,310,11,299
113000471,7,170,-163
113000472,56,159,-103
113000474,854,464,390
113000475,844,744,100
113000476,1288,1348,-60
113000477,2911,1258,1653
113000478,1965,2089,-124
113000479,104,78,26
113000483,0,0,0
113000484,0,0,0
113000485,0,0,0
113000486,0,0,0
113000487,0,0,0
113000488,0,0,0
113000489,0,0,0
113000490,0,0,0
113000491,2,0,2
113000492,0,0,0
113000493,0,0,0
113000495,218,103,115
113000496,137,93,44
113900001,6,729,-723
113900002,0,15,-15
113900003,0,73,-73
113900004,0,91,-91
113900005,1,96,-95
113900006,0,35,-35
113900007,7,0,7
113900008,15,0,15
113900009,17,2,15
113900010,11,0,11
113900011,35,0,35
113900012,33,0,33
113900013,46,1,45
113900014,457,2,455
113900015,0,9,-9
113900016,14,0,14
113900017,0,15,-15
113900018,177,196,-19
113900019,117,18,99
113900020,109,1,108
113900022,34,0,34
113900023,24,1,23
113900024,51,19,32
113900025,92,10,82
113900026,28,0,28
113900027,4,28,-24
113900028,40,136,-96
113900029,99,117,-18
113900030,199,0,199
113900031,11,2,9
113900032,29,0,29
113900033,59,25,34
113900035,19,0,19
113900036,22,72,-50
113900037,138,128,10
113900038,28,85,-57
113900039,137,10,127
113900040,7,21,-14
113900041,16,0,16
113900042,46,20,26
113900043,109,36,73
113900044,133,256,-123
113900045,50,0,50
113900046,134,438,-304
113900047,31,83,-52
113900048,82,77,5
113900049,181,215,-34
113900050,145,163,-18
113900051,136,135,1
113900052,51,72,-21
113900053,382,520,-138
113900054,26,0,26
113900055,63,256,-193
113900056,39,100,-61
113900057,5,22,-17
113900058,45,44,1
113900059,154,143,11
113900060,61,82,-21
113900061,194,137,57
113900062,52,2,50
113900063,39,68,-29
113900064,6,33,-27
113900065,326,18,308
113900066,293,91,202
113900067,185,63,122
113900068,291,391,-100
113900069,5,13,-8
113900070,78,173,-95
113900071,37,22,15
113900072,32,43,-11
113900073,236,188,48
113900074,117,99,18
113900075,781,1196,-415
113900076,84,9,75
113900077,50,92,-42
113900078,23,15,8
113900079,0,11,-11
113900080,338,109,229
113900081,31,92,-61
113900082,104,90,14
113900083,282,101,181
113900084,123,57,66
113900085,29,97,-68
113900086,32,9,23
113900087,65,70,-5
113900088,52,113,-61
113900089,213,24,189
113900090,316,206,110
113900091,5,2,3
113900092,37,56,-19
113900093,25,547,-522
113900094,383,164,219
113900095,69,102,-33
113900096,164,21,143
113900097,14,26,-12
113900098,505,60,445
113900099,3,11,-8
113900100,0,2,-2
113900101,7,34,-27
113900102,57,122,-65
113900103,155,271,-116
113900104,75,148,-73
113900105,140,36,104
113900106,0,9,-9
113900107,0,9,-9
113900108,101,146,-45
113900109,177,146,31
113900110,39,16,23
113900111,134,43,91
113900112,105,20,85
113900113,516,293,223
113900114,0,13,-13
113900115,0,21,-21
113900116,42,126,-84
113900117,38,23,15
113900118,128,258,-130
113900119,108,306,-198
113900120,62,42,20
113900121,33,35,-2
113900122,156,1729,-1573
113900123,262,132,130
113900124,1,42,-41
113900125,399,80,319
113900126,52,15,37
113900127,214,477,-263
113900128,95,34,61
113900129,7,126,-119
113900130,0,116,-116
113900131,171,33,138
113900132,22,52,-30
113900133,11,17,-6
113900135,245,154,91
113900136,42,27,15
113900137,187,204,-17
113900138,16,77,-61
113900139,126,92,34
113900140,36,183,-147
113900141,417,134,283
113900142,106,33,73
113900143,6,12,-6
113900144,39,192,-153
113900145,258,97,161
113900146,99,37,62
113900148,43,211,-168
113900149,106,66,40
113900150,125,127,-2
113900151,259,86,173
113900152,25,21,4
113900153,58,256,-198
113900154,1,70,-69
113900155,78,116,-38
113900156,111,179,-68
113900157,28,189,-161
113900158,64,207,-143
113900159,10,139,-129
113900160,212,265,-53
113900161,56,153,-97
113900162,93,374,-281
113900163,96,105,-9
113900164,264,24,240
113900165,334,157,177
113900166,49,71,-22
113900167,263,20,243
113900168,40,32,8
113900169,124,149,-25
113900171,157,31,126
113900172,0,42,-42
113900173,24,207,-183
113900174,315,208,107
113900175,213,65,148
113900176,157,160,-3
113900177,250,106,144
113900178,175,119,56
113900179,10,142,-132
113900180,103,53,50
113900181,502,97,405
113900182,463,355,108
113900183,46,35,11
113900184,4,227,-223
113900185,40,36,4
113900186,27,10,17
113900187,18,113,-95
113900188,12,74,-62
113900189,137,143,-6
113900190,115,49,66
113900191,53,78,-25
113900192,773,1184,-411
113900193,6,70,-64
113900194,693,413,280
113900195,140,167,-27
113900196,6,78,-72
113900197,0,52,-52
113900198,14,249,-235
113900199,45,259,-214
113900200,5,68,-63
113900201,0,50,-50
113900202,8,109,-101
113900203,3,16,-13
113900204,10,163,-153
113900205,4,37,-33
113900206,2,40,-38
113900207,0,26,-26
113900208,0,20,-20
113900209,0,11,-11
113900210,267,333,-66
113900211,131,79,52
113900212,124,183,-59
113900214,140,273,-133
113900215,10,45,-35
113900216,109,231,-122
113900217,74,87,-13
113900218,99,71,28
113900219,58,289,-231
113900220,61,93,-32
113900221,184,192,-8
113900222,615,453,162
113900223,193,303,-110
113900224,36,38,-2
113900225,184,67,117
113900226,175,79,96
113900227,252,122,130
113900228,107,266,-159
113900229,29,491,-462
113900230,1146,1973,-827
113900231,74,56,18
113900232,97,44,53
113900233,49,39,10
113900234,216,279,-63
113900235,53,7,46
113900236,234,120,114
113900237,94,4,90
113900238,83,366,-283
113900239,18,97,-79
113900240,3,135,-132
113900241,47,30,17
113900242,24,79,-55
113900243,34,194,-160
113900244,70,129,-59
113900245,460,149,311
113900246,13,11,2
113900247,65,311,-246
113900248,1033,905,128
113900249,323,333,-10
113900250,20,90,-70
113900251,516,44,472
113900252,515,11,504
113900253,471,37,434
113900254,427,87,340
113900255,433,6,427
113900256,263,14,249
113900257,13,189,-176
113900258,11,220,-209
113900259,469,44,425
113900260,174,2,172
113900261,25,26,-1
113900262,79,184,-105
113900263,33,317,-284
113900264,0,145,-145
113900265,79,247,-168
113900266,28,77,-49
113900267,59,433,-374
113900268,133,224,-91
113900269,48,80,-32
113900270,104,378,-274
113900271,374,296,78
113900273,16,9,7
113900274,52,22,30
113900275,13,36,-23
113900276,1,68,-67
113900277,126,1,125
113900278,121,82,39
113900279,33,35,-2
113900280,934,357,577
113900281,218,757,-539
113900282,169,269,-100
113900283,254,348,-94
113900284,673,110,563
113900285,47,18,29
113900286,14,23,-9
113900287,41,9,32
113900288,1,56,-55
113900289,285,70,215
113900290,103,219,-116
113900291,49,72,-23
113900292,7,1,6
113900293,5,133,-128
113900294,431,11,420
113900295,218,218,0
113900296,557,160,397
113900297,1724,29,1695
113900298,22,728,-706
113900299,83,46,37
113900300,1337,1249,88
113900301,404,246,158
113900302,874,632,242
113900303,153,386,-233
113900304,1,46,-45
113900305,70,2,68
113900306,40,1,39
113900307,7,0,7
113900308,41,34,7
113900309,1,191,-190
113900310,0,6,-6
113900311,2,0,2
113900312,139,143,-4
113900313,9,1,8
113900314,0,6,-6
113900315,45,0,45
114000001,539,1180,-641
114000002,249,175,74
114000003,157,284,-127
114000004,267,142,125
114000005,186,141,45
114000006,1131,1029,102
114000007,471,539,-68
114000008,868,1088,-220
114000009,697,183,514
114000011,1995,1289,706
114000012,2146,756,1390
114000013,1380,593,787
114000014,481,218,263
114000015,1551,149,1402
114000016,176,115,61
114000017,85,326,-241
114000018,82,17,65
114000026,1692,553,1139
114000027,2829,1211,1618
114000028,1464,2000,-536
114000038,177,76,101
114000039,150,87,63
114000040,106,145,-39
114000042,123,84,39
114000043,237,106,131
114000044,320,60,260
114000045,38,30,8
114000046,1625,2322,-697
114000047,20,48,-28
114000048,76,69,7
114000049,1082,1102,-20
114000050,1030,1132,-102
114000051,1841,1395,446
114000052,2667,1638,1029
114000053,69,405,-336
114000054,126,404,-278
114000055,169,26,143
114000056,205,733,-528
114000057,2353,1308,1045
114000058,88,812,-724
114000059,22,264,-242
114000060,298,436,-138
114000061,1335,1829,-494
114000062,428,1060,-632
114000063,865,892,-27
114000064,1410,2401,-991
114000065,821,1296,-475
114000066,354,346,8
114000067,16,630,-614
114000068,333,481,-148
114000069,618,376,242
114000070,1432,1232,200
114000071,484,339,145
114000072,324,92,232
114000073,23,22,1
114000074,44,16,28
114000075,56,32,24
114000076,15,28,-13
114000077,0,8,-8
114000078,237,201,36
114000079,184,14,170
114000080,33,49,-16
114000081,63,42,21
114000082,24,148,-124
114000083,45,79,-34
114000084,187,60,127
114000085,66,229,-163
114000086,154,142,12
114000087,103,50,53
114000088,56,28,28
114000089,227,141,86
114000090,586,613,-27
114000091,864,616,248
114000092,573,347,226
114000093,968,478,490
114000094,317,218,99
114000095,150,142,8
114000096,63,117,-54
114000097,99,189,-90
114000098,464,61,403
114000099,618,146,472
114000100,1312,292,1020
114000101,334,203,131
114000102,467,205,262
114000103,106,121,-15
114000104,18,97,-79
114000105,110,67,43
114000106,473,980,-507
114000107,361,70,291
114000108,768,594,174
114000109,532,1649,-1117
114000110,326,561,-235
114000111,1399,729,670
114000112,422,870,-448
114000113,1434,369,1065
114000114,535,567,-32
114000115,1913,783,1130
114000116,699,1897,-1198
114000117,2803,351,2452
114000118,2343,369,1974
114000119,1557,316,1241
114000120,251,232,19
114000121,343,507,-164
114000122,370,199,171
114000123,1796,317,1479
114000124,821,259,562
114000125,393,396,-3
114000126,1685,161,1524
114000127,175,90,85
114000128,591,142,449
114000130,321,291,30
114000131,238,110,128
114000132,387,234,153
114000133,395,647,-252
114000134,36,36,0
114000138,18,65,-47
114000139,229,261,-32
114000144,453,404,49
114000145,40,61,-21
114000146,72,78,-6
114000147,866,1893,-1027
114000148,831,1243,-412
114000149,254,246,8
114000150,471,870,-399
114000151,711,2097,-1386
114000152,122,34,88
114000153,514,1683,-1169
114000154,571,529,42
114000155,861,1932,-1071
114000156,415,437,-22
114000157,172,834,-662
114000158,640,492,148
114000159,123,225,-102
114000160,60,235,-175
114000161,674,2000,-1326
114000162,891,1917,-1026
114000163,13,24,-11
114000165,364,269,95
114000166,414,271,143
114000167,1439,1117,322
114000168,278,335,-57
114000169,809,1081,-272
114000170,793,1008,-215
114000171,985,3950,-2965
114000174,142,241,-99
114000176,200,309,-109
114000177,685,443,242
114000178,49,20,29
114000179,744,597,147
114000180,175,341,-166
114000181,1123,2843,-1720
114000182,783,1501,-718
114000183,441,436,5
114000184,1308,417,891
114000185,838,492,346
114000189,977,113,864
114000190,2590,341,2249
114000191,81,111,-30
114000192,78,678,-600
114000193,250,895,-645
114000194,1023,445,578
114000195,175,40,135
114000196,1,68,-67
114000197,1421,11,1410
114000198,390,176,214
114000199,1071,1192,-121
114000200,341,521,-180
114000201,90,317,-227
114000202,679,245,434
114000203,671,566,105
114000204,111,195,-84
114000205,95,539,-444
114000206,507,762,-255
114000207,288,602,-314
114000208,251,727,-476
114000209,259,819,-560
114000210,120,405,-285
114000211,908,847,61
114000212,512,545,-33
114000213,1062,341,721
114000214,60,48,12
114000215,155,48,107
114000216,1134,180,954
114000217,372,96,276
114000218,115,109,6
114000219,1125,89,1036
114000220,20,352,-332
114000221,822,101,721
114000222,86,362,-276
114000223,388,114,274
114000224,32,223,-191
114000225,223,268,-45
114000226,203,131,72
114000227,744,278,466
114000228,624,331,293
114000229,841,394,447
114000230,1199,493,706
114000231,739,780,-41
114000232,701,119,582
114000233,1957,84,1873
114000234,809,397,412
114000235,978,799,179
114000236,0,213,-213
114000237,108,343,-235
114000238,59,216,-157
114000239,107,462,-355
114000240,572,689,-117
114000241,161,448,-287
114000242,459,433,26
114000243,1240,583,657
114000244,333,197,136
114000245,272,468,-196
114000246,59,22,37
114000247,514,307,207
114000248,896,350,546
114000249,441,263,178
114000250,462,278,184
114000251,318,114,204
114000252,50,23,27
114000253,47,28,19
114000254,24,15,9
114000255,249,99,150
114000256,280,1246,-966
114000257,329,540,-211
114000258,181,137,44
114000259,73,107,-34
114000260,1,21,-20
114000261,35,16,19
114000262,135,57,78
114000263,7,2,5
114000264,847,246,601
114000265,0,0,0
114000267,5,1050,-1045
114000268,6,444,-438
114000270,185,2,183
114000271,223,22,201
114000283,1015,207,808
114000285,12,88,-76
114000288,66,120,-54
114000289,1168,88,1080
114000293,119,313,-194
114000294,145,132,13
114000395,857,23,834
114000396,523,474,49
114000402,505,112,393
114000403,184,146,38
114000405,176,156,20
114000423,309,113,196
114000424,262,57,205
114000425,784,96,688
114000426,205,689,-484
114000427,79,46,33
114000428,103,154,-51
114000429,12,95,-83
114000432,78,29,49
114000434,17,40,-23
114000435,0,62,-62
114900001,520,347,173
114900002,412,71,341
114900003,520,427,93
114900004,149,202,-53
114900005,392,266,126
114900006,74,32,42
114900007,258,18,240
114900008,121,105,16
114900010,806,1282,-476
114900011,155,81,74
114900013,171,93,78
114900018,656,25,631
114900020,118,49,69
114900022,0,301,-301
114900025,365,91,274
114900026,90,110,-20
114900029,133,14,119
114900030,219,114,105
114900031,331,24,307
114900032,308,14,294
114900034,39,39,0
114900035,103,152,-49
114900036,143,215,-72
114900039,394,159,235
114900040,59,39,20
114900041,799,129,670
114900042,856,208,648
114900044,137,15,122
114900047,122,1966,-1844
114900048,47,80,-33
114900049,16,60,-44
114900050,32,110,-78
114900051,11,118,-107
114900052,70,128,-58
114900053,75,129,-54
114900054,32,30,2
114900057,115,8,107
114900058,0,36,-36
114900059,51,41,10
114900063,39,47,-8
114900064,1529,121,1408
114900065,386,409,-23
114900067,39,233,-194
114900068,25,62,-37
114900069,84,51,33
114900070,411,232,179
114900072,1,116,-115
114900073,0,52,-52
114900074,568,166,402
114900075,176,7,169
114900076,1,96,-95
114900080,781,149,632
114900082,1670,1909,-239
114900083,415,592,-177
114900090,274,164,110
114900091,58,81,-23
114900097,144,0,144
114900098,2,79,-77
114900099,173,1,172
115000001,2445,1324,1121
115000002,2823,3640,-817
115000003,2740,1085,1655
115000004,3385,4367,-982
115000005,1240,1052,188
115000006,778,1194,-416
115000007,194,144,50
115000008,262,363,-101
115000009,196,141,55
115000010,186,104,82
115000013,25,157,-132
115000015,25,241,-216
115000016,19,121,-102
115000019,50,320,-270
115000020,66,585,-519
115000021,158,242,-84
115000022,316,197,119
115000023,210,374,-164
115000024,562,239,323
115000025,573,481,92
115000026,117,198,-81
115000027,199,194,5
115000028,100,376,-276
115000029,474,48,426
115000030,334,638,-304
115000031,743,130,613
115000032,3,147,-144
115000033,109,30,79
115000034,38,441,-403
115000035,672,36,636
115000036,1,195,-194
115000037,443,10,433
115000038,27,103,-76
115000039,2022,2600,-578
115000040,2458,1702,756
115000041,940,2615,-1675
115000042,276,416,-140
115000043,3227,2001,1226
115000044,2510,2117,393
115000045,1771,717,1054
115000046,2244,2000,244
115000047,2020,917,1103
115000048,1309,1097,212
115000049,918,1706,-788
115000050,2417,967,1450
115000051,1220,2384,-1164
115000052,905,859,46
115000053,1374,1372,2
115000054,379,488,-109
115000055,173,626,-453
115000056,213,470,-257
115000057,622,874,-252
115000058,478,280,198
115000059,285,142,143
115000061,75,104,-29
115000062,174,213,-39
115000063,276,172,104
115000064,132,44,88
115000065,70,386,-316
115000067,206,13,193
115000069,91,186,-95
115000070,32,407,-375
115000071,30,8,22
115000072,3,64,-61
115000073,886,41,845
115000075,68,21,47
115000076,1541,1151,390
115000077,1444,839,605
115000078,1108,549,559
115000079,836,859,-23
115000080,1939,999,940
115000081,256,349,-93
115000082,2946,2557,389
115000083,1292,680,612
115000084,2107,897,1210
115000085,676,376,300
115000086,976,390,586
115000087,350,704,-354
115000088,1176,427,749
115000089,842,618,224
115000090,254,532,-278
115000091,146,402,-256
115000092,494,347,147
115000093,448,0,448
115000094,3223,4290,-1067
115000095,2449,4489,-2040
115000096,678,614,64
115000097,1027,613,414
115000098,951,364,587
115000099,1973,1187,786
115000100,886,207,679
115000101,374,610,-236
115000102,417,170,247
115000103,179,350,-171
115000105,31,72,-41
115000106,557,226,331
115000107,157,201,-44
115000108,1398,1206,192
115000109,2264,3473,-1209
115000110,772,1282,-510
115000111,314,692,-378
115000112,450,517,-67
115000113,317,390,-73
115000114,821,382,439
115000116,1883,1508,375
115000117,1479,1737,-258
115000118,1248,1413,-165
115000119,1027,1333,-306
115000120,429,1031,-602
115000121,617,508,109
115000122,674,1043,-369
115000123,459,1151,-692
115000124,498,561,-63
115000125,280,442,-162
115000126,62,209,-147
115000127,201,65,136
115000128,200,477,-277
115000129,160,279,-119
115000130,318,298,20
115000131,714,161,553
115000132,316,188,128
115000133,459,124,335
115000134,246,156,90
115000135,155,76,79
115000136,176,150,26
115000137,69,123,-54
115000138,337,177,160
115000139,222,127,95
115000140,333,147,186
115000141,190,81,109
115000142,183,70,113
115000143,832,376,456
115000144,512,44,468
115000145,165,134,31
115000146,354,241,113
115000147,309,218,91
115000148,157,257,-100
115000149,392,124,268
115000150,440,288,152
115000151,798,305,493
115000152,414,342,72
115000153,891,366,525
115000154,561,156,405
115000155,418,472,-54
115000156,603,509,94
115000157,275,521,-246
115000158,141,354,-213
115000159,418,421,-3
115000160,194,198,-4
115000161,94,275,-181
115000162,321,527,-206
115000163,367,523,-156
115000164,448,507,-59
115000165,162,393,-231
115000167,117,65,52
115000168,237,237,0
115000169,262,360,-98
115000170,68,136,-68
115000171,165,180,-15
115000172,375,367,8
115000173,160,431,-271
115000174,46,240,-194
115000175,158,61,97
115000176,66,53,13
115000177,62,50,12
115000178,6,75,-69
115000179,30,12,18
115000180,83,170,-87
115000181,544,79,465
115000182,698,166,532
115000183,325,343,-18
115000186,375,131,244
115000187,126,388,-262
115000188,239,313,-74
115000189,123,273,-150
115000190,430,247,183
115000191,59,277,-218
115000194,70,104,-34
115000195,140,250,-110
115000196,177,72,105
115000197,205,129,76
115000198,279,72,207
115000199,393,82,311
115000200,303,65,238
115000201,144,153,-9
115000206,208,24,184
115000207,88,184,-96
115000208,136,229,-93
115000209,398,203,195
115000210,127,96,31
115000211,137,110,27
115000212,636,198,438
115000224,200,48,152
115000225,50,41,9
115000229,92,79,13
115000230,62,255,-193
115000231,192,562,-370
115000232,1516,202,1314
115000233,88,96,-8
115000234,17,171,-154
115000241,63,124,-61
115000242,105,79,26
115000243,45,54,-9
115000244,26,94,-68
115000246,34,16,18
115000247,37,25,12
115000248,35,21,14
115000249,15,14,1
115000250,233,16,217
115000251,256,49,207
115000252,86,128,-42
115000253,27,354,-327
115000258,242,59,183
115000259,226,71,155
115000261,38,8,30
115000262,7,14,-7
115000263,23,24,-1
115000264,28,19,9
115000267,55,70,-15
115000268,21,60,-39
115000269,74,51,23
115000270,4,5,-1
115000272,79,94,-15
115000273,338,12,326
115000280,1590,170,1420
115000281,166,405,-239
115000282,390,181,209
115000284,120,109,11
115000296,963,8,955
115000297,70,103,-33
115000298,85,641,-556
115000300,176,65,111
115000302,447,72,375
115000303,666,62,604
115000304,572,69,503
115000305,64,236,-172
115000306,104,93,11
115000307,78,104,-26
115000308,11,8,3
115000310,995,301,694
115000311,976,727,249
115000313,84,255,-171
115000314,315,160,155
115000315,549,658,-109
115000316,64,96,-32
115000317,160,324,-164
115000318,514,187,327
115000319,44,163,-119
115000320,10,238,-228
115000321,112,4,108
115000322,44,106,-62
115000449,83,99,-16
115000557,18,1177,-1159
115000558,377,83,294
115000587,540,219,321
115000588,1343,1389,-46
115000589,2580,1523,1057
115000590,611,811,-200
115000591,1028,454,574
115000592,319,948,-629
115000593,941,477,464
115000594,255,1683,-1428
115000609,149,102,47
115000617,469,2020,-1551
115000624,284,26,258
115000633,208,879,-671
115000634,2086,567,1519
115000635,494,147,347
115000638,181,247,-66
115000641,22,208,-186
115000642,122,183,-61
115000643,67,207,-140
115000644,69,169,-100
115000646,577,1100,-523
115000647,146,389,-243
115000648,1766,824,942
115000893,1222,929,293
115000894,99,498,-399
115000895,169,808,-639
115000896,796,384,412
115000897,348,84,264
115000898,263,191,72
115000899,161,842,-681
115000900,36,322,-286
115000901,35,76,-41
115000912,353,61,292
115000913,1,5,-4
115000915,1,0,1
115000916,2,1,1
115000917,0,1,-1
115000918,25,375,-350
115000919,3,13,-10
115000920,12,33,-21
115000921,222,66,156
115000922,399,649,-250
115000923,124,1405,-1281
115000925,75,69,6
115000927,50,60,-10
115000933,82,388,-306
115000934,129,84,45
115000935,109,52,57
115000936,22,588,-566
115000937,547,151,396
115000938,63,274,-211
115000939,77,192,-115
115000940,8,11,-3
115000941,3,22,-19
115000942,12,101,-89
115000943,13,58,-45
115000944,1,4,-3
115900001,108,7,101
115900002,69,51,18
115900003,157,52,105
115900004,0,13,-13
115900005,191,7,184
115900006,56,66,-10
115900008,94,2,92
115900009,46,93,-47
115900010,274,55,219
115900011,260,102,158
115900012,125,12,113
115900013,165,87,78
115900014,82,43,39
115900015,167,25,142
115900016,70,26,44
115900017,15,11,4
115900018,97,23,74
115900019,28,4,24
115900020,89,1,88
115900021,399,200,199
115900022,515,7,508
115900023,7,4,3
115900025,26,138,-112
115900026,432,74,358
115900027,0,78,-78
115900028,253,39,214
115900029,24,113,-89
115900030,23,15,8
115900031,77,169,-92
115900032,265,412,-147
115900033,0,22,-22
115900034,25,89,-64
115900035,20,11,9
115900036,15,922,-907
115900037,23,106,-83
115900038,45,9,36
115900039,110,89,21
115900041,166,530,-364
115900042,30,6,24
115900043,59,21,38
115900044,81,127,-46
115900046,283,91,192
115900047,86,115,-29
115900049,137,111,26
115900051,11,28,-17
115900052,14,89,-75
115900053,210,94,116
115900054,238,17,221
115900055,26,57,-31
115900056,157,90,67
115900057,13,12,1
115900058,27,27,0
115900060,40,30,10
115900061,243,2,241
115900062,18,111,-93
115900063,37,2,35
115900064,105,117,-12
115900065,122,24,98
115900066,55,47,8
115900067,6,155,-149
115900068,1107,719,388
115900069,29,82,-53
115900070,149,43,106
115900071,2,100,-98
115900072,15,73,-58
115900073,66,77,-11
115900074,2,95,-93
115900075,24,93,-69
115900076,8,24,-16
115900077,5,83,-78
115900078,21,61,-40
115900079,345,12,333
115900080,117,96,21
115900081,19,40,-21
115900082,69,84,-15
115900084,362,12,350
115900085,33,37,-4
115900086,587,318,269
115900088,6,64,-58
115900089,322,286,36
115900090,420,6,414
115900091,1,10,-9
115900092,31,40,-9
115900093,10,5,5
115900094,2,66,-64
115900096,13,7,6
115900097,4,94,-90
115900098,203,165,38
115900099,47,45,2
115900100,14,136,-122
115900101,139,75,64
115900102,51,27,24
115900103,216,54,162
115900104,47,47,0
115900105,262,159,103
115900106,76,14,62
115900107,53,34,19
115900108,116,16,100
115900109,22,129,-107
115900110,3,6,-3
115900111,0,38,-38
115900112,32,266,-234
115900113,32,16,16
115900114,2,76,-74
115900115,82,82,0
115900116,66,305,-239
115900117,59,11,48
115900118,0,83,-83
115900119,94,84,10
115900120,19,120,-101
115900121,166,68,98
115900124,176,481,-305
115900125,281,22,259
115900126,567,57,510
115900127,499,29,470
115900128,5,100,-95
115900129,375,48,327
115900130,12,189,-177
115900131,240,30,210
115900132,546,12,534
115900134,306,30,276
115900135,219,576,-357
115900137,57,5,52
115900139,11,27,-16
115900140,264,23,241
115900141,0,15,-15
115900142,3,21,-18
115900143,145,197,-52
115900144,104,103,1
115900146,5,27,-22
115900147,192,148,44
115900148,89,4,85
115900149,98,18,80
115900150,90,14,76
115900151,10,41,-31
115900152,127,134,-7
115900153,79,71,8
115900154,207,228,-21
115900155,2,16,-14
115900156,449,634,-185
115900157,180,286,-106
115900158,3,2,1
115900159,135,128,7
115900160,3,8,-5
115900161,33,66,-33
115900163,144,72,72
115900164,476,3,473
115900166,72,60,12
115900168,108,48,60
115900171,51,172,-121
115900172,38,50,-12
115900173,170,50,120
115900174,99,132,-33
115900175,76,98,-22
115900178,5,180,-175
115900179,251,5,246
115900180,36,63,-27
115900181,153,68,85
115900182,342,82,260
115900183,4,23,-19
115900184,425,2,423
115900187,9,99,-90
115900189,0,110,-110
115900190,69,649,-580
115900191,19,81,-62
115900192,6,100,-94
115900193,101,51,50
115900194,573,62,511
115900195,281,1681,-1400
115900198,189,166,23
115900199,201,96,105
115900200,133,117,16
115900201,236,232,4
115900202,1,31,-30
115900203,8,17,-9
115900204,0,13,-13
115900205,75,12,63
115900206,195,62,133
115900207,49,4,45
115900208,113,42,71
115900209,9,78,-69
115900210,1,64,-63
115900211,0,49,-49
115900212,171,72,99
115900213,103,85,18
115900214,474,63,411
115900215,15,170,-155
115900216,5,59,-54
115900217,1,13,-12
115900218,2,16,-14
115900219,76,1,75
115900220,216,5,211
115900221,88,11,77
115900222,48,30,18
115900223,5,341,-336
115900224,360,1020,-660
115900225,26,15,11
115900226,18,16,2
115900227,10,23,-13
115900228,2,30,-28
115900229,3,16,-13
115900230,24,53,-29
115900231,103,6,97
115900232,38,2,36
115900233,73,12,61
115900234,39,17,22
115900235,13,25,-12
115900236,10,77,-67
115900237,11,18,-7
115900238,23,9,14
115900239,21,19,2
115900240,8,30,-22
115900241,178,31,147
115900242,164,269,-105
115900243,6,9,-3
115900244,5,13,-8
115900245,10,1,9
115900246,4,8,-4
115900247,8,8,0
115900248,5,4,1
115900249,17,9,8
115900250,12,14,-2
115900251,2,7,-5
115900252,4,2,2
115900253,8,7,1
115900254,6,39,-33
115900255,1,20,-19
115900256,19,102,-83
115900257,3,9,-6
115900258,0,2,-2
115900259,2,5,-3
115900260,7,1,6
115900261,4,1,3
115900262,0,0,0
115900263,21,0,21
115900264,3,3,0
115900265,2,0,2
115900266,4,5,-1
115900267,16,3,13
115900268,2,8,-6
115900269,435,135,300
115900270,241,107,134
115900271,121,0,121
115900272,15,4,11
115900273,8,16,-8
115900274,0,2,-2
115900275,0,2,-2
115900276,0,3,-3
115900277,0,27,-27
115900278,29,30,-1
115900279,11,101,-90
115900280,13,409,-396
115900281,126,292,-166
115900282,15,12,3
115900283,14,6,8
115900284,9,2,7
116000001,3487,1547,1940
116000002,2772,8305,-5533
116000003,771,810,-39
116000004,2149,3584,-1435
116000005,756,1360,-604
116000006,1537,2074,-537
116000007,1314,1409,-95
116000008,2649,1934,715
116000009,680,1023,-343
116000010,2164,1194,970
116000011,548,859,-311
116000012,1485,834,651
116000013,3333,2375,958
116000014,5439,11271,-5832
116000015,81,932,-851
116000016,1622,1987,-365
116000017,553,1030,-477
116000018,519,316,203
116000019,426,318,108
116000020,441,678,-237
116000021,425,159,266
116000022,306,247,59
116000023,698,531,167
116000024,325,439,-114
116000025,553,507,46
116000026,703,904,-201
116000027,251,296,-45
116000028,321,758,-437
116000029,287,489,-202
116000030,512,360,152
116000031,87,203,-116
116000032,261,95,166
116000033,325,304,21
116000034,523,591,-68
116000035,299,383,-84
116000036,519,1315,-796
116000037,277,336,-59
116000038,161,555,-394
116000039,181,566,-385
116000040,185,365,-180
116000041,59,466,-407
116000042,608,422,186
116000043,44,385,-341
116000044,24,28,-4
116000045,998,521,477
116000046,366,674,-308
116000047,970,1542,-572
116000048,1249,1211,38
116000049,1093,2561,-1468
116000050,1337,1022,315
116000051,4300,2889,1411
116000052,4212,3945,267
116000053,1501,587,914
116000054,809,1797,-988
116000055,712,729,-17
116000056,870,716,154
116000057,1625,994,631
116000058,2404,2753,-349
116000059,1282,2801,-1519
116000060,1273,750,523
116000061,462,860,-398
116000062,348,149,199
116000063,354,1034,-680
116000066,224,537,-313
116000067,196,262,-66
116000068,166,462,-296
116000069,580,227,353
116000078,507,682,-175
116000080,1291,478,813
116000082,3,8,-5
116000083,1343,367,976
116000084,880,1315,-435
116000085,1599,1391,208
116000086,944,647,297
116000087,2012,1598,414
116000088,514,426,88
116000089,165,37,128
116000090,68,84,-16
116000091,186,173,13
116000093,731,253,478
116000094,429,189,240
116000095,618,289,329
116000096,586,968,-382
116000097,677,281,396
116000098,81,4823,-4742
116000099,2525,183,2342
116000100,221,11,210
116000101,699,238,461
116000102,189,449,-260
116000103,355,136,219
116000104,137,491,-354
116000105,872,78,794
116000106,339,611,-272
116000107,1831,214,1617
116000108,103,147,-44
116000111,116,19,97
116000113,118,59,59
116000114,34,57,-23
116000115,301,91,210
116000116,134,145,-11
116000117,1087,968,119
116000118,931,636,295
116000119,2608,1139,1469
116000120,2114,1631,483
116000121,762,379,383
116000122,810,626,184
116000123,946,289,657
116000124,238,332,-94
116000125,1960,475,1485
116000126,207,687,-480
116000127,571,564,7
116000128,1621,649,972
116000129,1078,172,906
116000130,1009,554,455
116000133,1050,578,472
116000134,1247,724,523
116000135,2117,939,1178
116000136,623,878,-255
116000137,964,472,492
116000138,672,479,193
116000139,1053,1598,-545
116000140,89,131,-42
116000141,268,124,144
116000142,1215,286,929
116000143,1337,1342,-5
116000144,1767,1490,277
116000145,1607,673,934
116000146,607,93,514
116000147,148,99,49
116000148,490,533,-43
116000149,517,465,52
116000151,212,116,96
116000153,129,96,33
116000155,183,359,-176
116000156,554,488,66
116000157,88,10,78
116000158,276,205,71
116000159,20,3,17
116000160,33,39,-6
116000161,0,39,-39
116000162,20,110,-90
116000163,36,10,26
116000164,6,33,-27
116000177,128,105,23
116000194,249,340,-91
116000195,933,450,483
116000196,10,0,10
116000197,13,14,-1
116000198,1716,1022,694
116000200,372,480,-108
116000201,453,346,107
116000202,9,117,-108
116000203,2,56,-54
116000204,11,27,-16
116000205,0,98,-98
116000206,2,156,-154
116000207,8,39,-31
116000233,135,229,-94
116000287,128,171,-43
116000288,300,118,182
116000292,32,53,-21
116000296,10,79,-69
116000297,91,4,87
116000304,106,25,81
116000305,24,40,-16
116000346,127,61,66
116000352,102,36,66
116000354,13,10,3
116000357,5,24,-19
116000358,293,49,244
116000361,140,1,139
116000372,2192,4050,-1858
116000381,96,0,96
116000388,2,22,-20
116000389,550,261,289
116000445,422,185,237
116000446,560,161,399
116000447,13,215,-202
116000448,331,81,250
116000563,454,595,-141
116000565,30,143,-113
116000568,26,169,-143
116000579,15,60,-45
116000583,116,24,92
116000584,27,8,19
116000585,37,18,19
116000586,20,62,-42
116000587,312,362,-50
116000589,29,35,-6
116000590,68,36,32
116000591,218,116,102
116000592,27,31,-4
116000593,0,18,-18
116000594,606,177,429
116000595,540,45,495
116000596,122,3,119
116000597,320,92,228
116000598,9,63,-54
116000605,135,100,35
116000606,40,225,-185
116000607,2,27,-25
116000609,70,686,-616
116000611,167,191,-24
116000612,872,1519,-647
116000613,572,191,381
116000614,314,194,120
116000615,5,267,-262
116000616,47,39,8
116000617,102,17,85
116000618,9,28,-19
116000619,20,66,-46
116000620,173,292,-119
116000621,42,68,-26
116000622,82,89,-7
116000624,300,60,240
116000627,79,2,77
116000628,64,88,-24
116000629,13,108,-95
116000630,238,18,220
116000631,102,14,88
116000632,726,24,702
116000633,152,96,56
116000634,248,21,227
116000635,1883,2681,-798
116000636,458,1078,-620
116000637,324,2,322
116000638,128,134,-6
116000639,131,1,130
116000640,25,16,9
116000641,47,35,12
116000643,47,158,-111
116000644,92,166,-74
116000645,12,3,9
116900001,165,85,80
116900002,142,2,140
116900003,51,15,36
116900004,26,63,-37
116900005,262,51,211
116900006,77,87,-10
116900007,111,153,-42
116900008,460,91,369
116900009,15,3,12
116900010,800,450,350
116900011,5,17,-12
116900012,196,161,35
116900013,1,46,-45
116900014,144,24,120
116900015,466,33,433
116900016,222,3,219
116900017,35,190,-155
116900018,31,32,-1
116900019,3,99,-96
116900020,266,893,-627
116900023,53,6,47
116900024,496,29,467
116900025,899,298,601
116900026,48,307,-259
116900027,31,13,18
116900028,14,42,-28
116900029,1,61,-60
116900031,0,0,0
116900032,3,140,-137
116900033,14,4,10
116900034,18,32,-14
116900035,123,88,35
116900036,4,44,-40
116900038,14,0,14
116900041,18,1,17
116900042,249,119,130
116900043,21,27,-6
116900047,8,152,-144
116900049,22,151,-129
116900050,68,200,-132
116900051,111,48,63
116900052,80,36,44
116900055,3,5,-2
116900057,13,66,-53
116900058,13,169,-156
116900059,0,25,-25
116900060,108,125,-17
116900062,1,22,-21
116900064,89,130,-41
116900065,20,70,-50
116900067,75,35,40
116900068,74,94,-20
116900070,4,6,-2
116900072,29,121,-92
116900073,12,29,-17
116900074,5,15,-10
116900076,5,31,-26
116900077,10,29,-19
116900078,95,34,61
116900079,51,76,-25
116900080,5,5,0
116900081,158,710,-552
116900082,183,584,-401
116900083,21,29,-8
116900084,53,36,17
116900085,21,49,-28
116900086,50,75,-25
116900088,212,37,175
116900090,26,25,1
116900091,212,18,194
116900092,83,303,-220
116900093,1493,1019,474
116900094,1753,2638,-885
116900095,98,94,4
116900096,52,313,-261
116900097,1231,2322,-1091
116900098,471,278,193
116900099,240,424,-184
116900100,703,25,678
116900101,138,236,-98
116900103,8,0,8
116900104,35,70,-35
116900105,211,107,104
116900106,759,5,754
116900107,1169,1836,-667
116900110,34,8,26
116900111,626,174,452
116900112,268,265,3
116900113,489,1011,-522
116900116,37,649,-612
116900117,120,81,39
116900118,554,676,-122
116900120,361,26,335
116900121,86,2,84
116900122,804,227,577
116900123,219,222,-3
116900124,95,448,-353
116900125,328,59,269
116900126,31,352,-321
116900128,0,24,-24
116900129,0,134,-134
116900130,346,2397,-2051
116900131,53,173,-120
116900132,45,74,-29
116900133,81,70,11
116900134,124,108,16
116900136,194,100,94
116900137,147,64,83
116900138,106,80,26
116900139,57,172,-115
116900140,108,46,62
116900141,419,195,224
116900142,1,64,-63
116900143,174,117,57
116900144,44,75,-31
116900145,43,152,-109
116900147,198,902,-704
116900148,5,28,-23
116900149,51,245,-194
116900150,0,12,-12
116900151,37,18,19
116900153,86,57,29
116900154,136,343,-207
116900155,62,48,14
116900157,457,90,367
116900158,52,215,-163
116900159,26,308,-282
116900160,529,652,-123
116900161,2851,5422,-2571
116900162,6,36,-30
116900163,170,34,136
116900164,61,48,13
116900165,241,256,-15
116900166,51,19,32
116900167,374,23,351
116900168,267,29,238
116900169,208,808,-600
116900170,291,442,-151
116900171,17,53,-36
116900172,80,388,-308
116900173,185,23,162
116900174,86,63,23
116900175,128,220,-92
116900178,18,42,-24
116900179,46,332,-286
116900180,62,17,45
116900182,512,167,345
116900183,126,39,87
116900185,30,50,-20
116900186,43,65,-22
116900187,38,35,3
116900188,86,19,67
116900189,26,0,26
116900191,203,402,-199
116900192,269,60,209
116900194,98,1284,-1186
116900195,26,29,-3
116900196,9,46,-37
116900197,87,9,78
116900198,54,210,-156
116900200,62,9,53
116900201,135,10,125
116900202,21,18,3
116900203,98,6,92
116900204,52,114,-62
116900206,32,5,27
116900207,8,16,-8
116900208,31,18,13
116900209,25,20,5
116900210,469,202,267
116900211,128,2,126
116900212,93,17,76
116900213,171,47,124
116900214,143,69,74
116900215,39,44,-5
116900216,197,104,93
116900218,0,84,-84
116900219,658,146,512
116900220,138,99,39
116900221,65,199,-134
116900222,305,264,41
116900223,96,156,-60
116900226,68,13,55
116900227,142,41,101
116900228,223,84,139
116900230,33,103,-70
116900231,34,122,-88
116900232,8,160,-152
116900233,230,57,173
116900234,4,3,1
116900235,323,174,149
116900238,889,151,738
116900239,53,721,-668
116900240,2089,2159,-70
116900241,87,28,59
116900242,305,605,-300
116900243,0,6,-6
116900245,37,42,-5
116900246,159,83,76
116900247,734,46,688
116900248,68,54,14
116900249,295,16,279
116900250,327,25,302
116900251,213,464,-251
116900252,109,281,-172
116900254,23,48,-25
116900255,51,43,8
116900256,357,73,284
116900257,66,176,-110
116900258,4,74,-70
116900259,214,8,206
116900260,0,35,-35
116900261,87,2,85
116900262,231,204,27
116900263,1,12,-11
116900264,65,24,41
116900265,34,1,33
116900266,21,5,16
116900267,5,0,5
116900268,49,26,23
116900269,276,496,-220
116900271,389,210,179
116900272,225,162,63
116900273,41,133,-92
116900274,117,22,95
116900275,136,55,81
116900276,221,132,89
116900277,133,16,117
116900278,0,1,-1
116900279,0,16,-16
116900280,19,1,18
116900281,2134,3394,-1260
116900282,6,36,-30
116900283,10,39,-29
116900284,6,74,-68
116900285,104,147,-43
116900286,74,8,66
116900287,2,17,-15
116900288,77,49,28
116900289,21,1,20
116900290,4,0,4
116900291,13,6,7
116900292,0,23,-23
116900293,56,10,46
116900294,16,92,-76
116900295,69,120,-51
116900296,37,116,-79
116900297,2,87,-85
116900298,34,94,-60
116900299,5,108,-103
116900300,0,85,-85
116900301,16,281,-265
116900302,26,65,-39
116900303,68,95,-27
116900304,0,97,-97
116900305,6,12,-6
116900306,137,22,115
116900307,77,1,76
116900308,0,40,-40
116900309,53,15,38
116900310,20,14,6
116900311,2,112,-110
117000001,1738,1491,247
117000002,1286,1912,-626
117000003,4367,2480,1887
117000004,1836,3093,-1257
117000005,2120,1625,495
117000006,882,1730,-848
117000007,4159,885,3274
117000008,631,1769,-1138
117000009,3335,1369,1966
117000010,1327,1843,-516
117000011,1945,1028,917
117000012,1012,756,256
117000013,1598,639,959
117000014,965,1593,-628
117000015,1792,994,798
117000016,140,239,-99
117000017,129,341,-212
117000018,55,583,-528
117000019,51,45,6
117000020,278,1027,-749
117000021,926,460,466
117000022,160,197,-37
117000023,54,327,-273
117000024,64,315,-251
117000025,198,1223,-1025
117000026,1063,1606,-543
117000027,515,2558,-2043
117000028,690,1660,-970
117000030,169,306,-137
117000031,332,273,59
117000032,862,907,-45
117000033,1136,840,296
117000034,353,181,172
117000035,324,287,37
117000036,325,174,151
117000037,245,152,93
117000038,105,381,-276
117000039,245,184,61
117000040,205,382,-177
117000041,887,93,794
117000044,6,343,-337
117000045,456,75,381
117000046,308,819,-511
117000047,1141,473,668
117000048,1004,462,542
117000049,44,311,-267
117000050,112,870,-758
117000051,1985,55,1930
117000052,36,191,-155
117000053,467,21,446
117000054,1575,5,1570
117000055,36,1064,-1028
117000056,494,21,473
117000057,326,1131,-805
117000060,290,678,-388
117000061,1487,730,757
117000062,180,373,-193
117000063,1252,790,462
117000064,386,420,-34
117000066,353,614,-261
117000067,63,497,-434
117000074,50,119,-69
117000076,64,32,32
117000077,63,106,-43
117000078,68,366,-298
117000079,323,174,149
117000080,1,232,-231
117000081,724,105,619
117000082,23,48,-25
117000083,624,174,450
117000084,127,1,126
117000085,243,482,-239
117000086,555,190,365
117000087,42,354,-312
117000088,265,106,159
117000089,1479,160,1319
117000090,199,700,-501
117000091,743,146,597
117000092,243,573,-330
117000093,1267,530,737
117000094,831,1120,-289
117000095,2830,473,2357
117000096,531,1071,-540
117000097,1438,662,776
117000098,1256,1841,-585
117000099,3241,835,2406
117000100,147,219,-72
117000101,108,466,-358
117000102,1712,519,1193
117000103,482,735,-253
117000104,1364,469,895
117000105,417,697,-280
117000106,1296,453,843
117000107,318,662,-344
117000108,1656,706,950
117000109,859,1279,-420
117000110,1525,1030,495
117000111,2595,2643,-48
117000112,2786,974,1812
117000113,91,88,3
117000114,155,92,63
117000115,64,48,16
117000116,132,150,-18
117000117,845,726,119
117000118,186,114,72
117000119,112,345,-233
117000120,68,682,-614
117000121,23,631,-608
117000122,296,588,-292
117000123,1481,33,1448
117000124,74,116,-42
117000125,84,423,-339
117000126,62,12,50
117000127,96,248,-152
117000128,117,556,-439
117000129,205,1026,-821
117000130,81,0,81
117000131,0,51,-51
117000132,2256,8,2248
117000133,1730,16,1714
117000134,0,100,-100
117000135,8,110,-102
117000136,2,30,-28
117000137,146,125,21
117000138,2,412,-410
117000140,363,941,-578
117000141,1581,331,1250
117000181,180,91,89
117000182,613,565,48
117000195,73,331,-258
117000196,218,138,80
117000225,59,62,-3
117000226,1,107,-106
117000276,305,16,289
117000277,0,115,-115
117000310,895,1508,-613
117000315,76,347,-271
117000320,61,0,61
117000906,378,11,367
117000907,6,138,-132
117000909,34,34,0
117000910,245,114,131
117000911,52,89,-37
117000915,1,183,-182
117000916,64,2,62
117000917,944,20,924
117000918,60,47,13
117000919,0,29,-29
117000920,0,550,-550
117000921,0,444,-444
117000922,20,45,-25
117000924,364,517,-153
117000926,345,171,174
117000927,250,433,-183
117000928,0,85,-85
117000929,267,161,106
117000930,273,8,265
117000931,61,89,-28
117900002,54,263,-209
117900003,173,213,-40
117900005,2,87,-85
117900006,1,23,-22
117900007,103,58,45
117900008,0,12,-12
117900010,287,37,250
117900011,11,207,-196
117900012,65,44,21
117900013,0,108,-108
117900014,517,99,418
117900015,10,49,-39
117900016,568,596,-28
117900017,584,329,255
117900018,92,257,-165
117900019,475,159,316
117900020,36,378,-342
117900021,22,34,-12
117900023,937,51,886
117900024,29,33,-4
117900025,18,2,16
117900026,383,133,250
117900028,46,3,43
117900029,201,264,-63
117900031,70,129,-59
117900032,923,481,442
117900033,265,283,-18
117900034,54,18,36
117900035,313,150,163
117900036,204,161,43
117900037,159,55,104
117900038,23,51,-28
117900039,0,19,-19
117900040,89,119,-30
117900041,0,22,-22
117900042,1911,175,1736
117900043,5,43,-38
117900044,6,3160,-3154
117900045,106,109,-3
117900048,344,109,235
117900049,222,235,-13
117900050,2,158,-156
117900051,23,2,21
117900052,52,263,-211
117900053,1473,242,1231
117900054,0,15,-15
117900055,465,119,346
117900056,34,93,-59
117900057,546,814,-268
117900058,23,50,-27
117900059,89,58,31
117900060,1864,2236,-372
117900061,10,158,-148
117900063,343,97,246
117900065,358,583,-225
117900066,1,71,-70
117900067,509,92,417
117900069,755,136,619
117900070,63,85,-22
117900071,64,58,6
117900073,440,212,228
117900074,42,149,-107
117900075,59,46,13
117900076,20,40,-20
117900077,342,98,244
117900078,229,619,-390
117900080,96,24,72
117900081,188,179,9
117900082,362,253,109
117900083,399,188,211
117900086,101,19,82
117900087,123,21,102
117900088,1328,951,377
117900089,1731,506,1225
117900090,383,207,176
117900091,72,48,24
117900092,59,21,38
117900093,94,38,56
117900094,37,27,10
117900095,322,623,-301
117900096,110,139,-29
117900097,213,34,179
117900098,14,8,6
117900099,131,147,-16
117900100,227,2,225
117900101,383,1485,-1102
117900102,49,15,34
117900103,47,4,43
117900104,9,435,-426
117900105,78,98,-20
117900106,98,20,78
117900107,48,0,48
117900109,525,215,310
117900110,117,1,116
117900111,405,24,381
117900112,54,6,48
117900113,963,1110,-147
117900114,24,0,24
117900115,48,145,-97
117900116,548,454,94
117900117,505,128,377
117900118,95,0,95
117900119,176,29,147
117900120,178,8,170
117900121,61,22,39
117900122,729,3129,-2400
117900123,520,203,317
117900124,516,366,150
117900125,1037,1317,-280
117900126,118,210,-92
117900127,370,141,229
117900128,223,197,26
117900129,59,0,59
117900130,425,260,165
117900131,0,46,-46
117900132,30,25,5
117900133,9,39,-30
117900134,53,105,-52
117900135,22,67,-45
117900136,0,20,-20
117900137,23,119,-96
117900138,0,15,-15
117900139,93,51,42
117900140,2804,69,2735
117900141,95,144,-49
117900142,40,109,-69
117900144,18,385,-367
117900145,7,78,-71
117900146,104,112,-8
117900147,49,34,15
117900148,1405,1463,-58
117900149,143,73,70
117900150,20,20,0
117900151,23,45,-22
117900152,45,56,-11
117900153,6,56,-50
117900154,396,360,36
117900156,407,413,-6
117900157,46,385,-339
117900158,169,67,102
117900160,522,598,-76
117900161,1191,870,321
117900162,483,304,179
117900163,11,308,-297
117900165,0,5,-5
117900166,58,360,-302
117900168,181,78,103
117900169,1,79,-78
117900170,0,14,-14
117900171,1,11,-10
117900172,7,11,-4
117900173,58,98,-40
117900174,31,42,-11
117900175,1,13,-12
117900176,19,8,11
117900177,16,24,-8
117900178,38,18,20
117900180,144,26,118
117900181,61,336,-275
117900182,3,31,-28
117900183,69,129,-60
117900184,22,50,-28
117900185,45,42,3
117900186,35,10,25
117900187,13,4,9
117900188,128,26,102
117900189,34,26,8
117900190,12,0,12
117900191,38,0,38
117900192,107,2,105
117900193,0,26,-26
117900194,5,1,4
117900195,12,60,-48
117900196,8,16,-8
117900207,63,75,-12
117900208,6,12,-6
117900209,149,90,59
117900210,64,103,-39
117900211,0,52,-52
117900212,66,62,4
117900213,29,13,16
117900214,6,19,-13
117900215,68,33,35
117900216,60,30,30
117900217,26,195,-169
117900218,43,81,-38
117900219,2,160,-158
117900220,38,123,-85
117900222,131,154,-23
117900223,104,218,-114
118000001,444,1142,-698
118000002,642,874,-232
118000003,1496,2741,-1245
118000004,1268,1930,-662
118000005,1864,2993,-1129
118000006,1580,4434,-2854
118000007,2481,3090,-609
118000008,946,2303,-1357
118000009,1154,1789,-635
118000010,3757,2302,1455
118000011,1169,874,295
118000012,665,786,-121
118000013,1209,1088,121
118000014,1157,976,181
118000016,191,177,14
118000017,404,188,216
118000018,281,182,99
118000019,1062,1344,-282
118000020,614,1951,-1337
118000021,348,1863,-1515
118000022,622,396,226
118000023,422,216,206
118000024,384,662,-278
118000027,5473,6408,-935
118000029,438,553,-115
118000032,233,2305,-2072
118000033,1643,4089,-2446
118000034,2313,2056,257
118000035,1464,2040,-576
118000036,575,837,-262
118000037,493,723,-230
118000038,192,49,143
118000039,46,54,-8
118000040,1184,754,430
118000041,1658,872,786
118000045,324,196,128
118000046,462,516,-54
118000047,302,901,-599
118000048,797,1339,-542
118000051,1080,1861,-781
118000052,646,606,40
118000053,136,232,-96
118000054,1093,452,641
118000055,908,885,23
118000056,113,292,-179
118000057,92,259,-167
118000058,1227,1786,-559
118000059,1018,1285,-267
118000060,902,287,615
118000061,791,686,105
118000062,314,175,139
118000063,261,560,-299
118000064,362,885,-523
118000065,1101,993,108
118000066,718,1695,-977
118000067,263,413,-150
118000068,637,4435,-3798
118000069,1038,721,317
118000070,2557,1078,1479
118000071,1242,4632,-3390
118000072,471,1528,-1057
118000073,350,603,-253
118000074,377,647,-270
118000075,328,418,-90
118000076,854,2591,-1737
118000077,776,923,-147
118000078,1102,1878,-776
118000079,123,344,-221
118000080,505,746,-241
118000081,1264,1309,-45
118000082,217,828,-611
118000083,795,1216,-421
118000084,1675,1250,425
118000086,154,382,-228
118000087,1824,1292,532
118000088,793,1034,-241
118000089,2052,1632,420
118000090,749,1654,-905
118000091,509,2120,-1611
118000092,576,370,206
118000093,46,517,-471
118000096,345,433,-88
118000097,487,517,-30
118000098,192,83,109
118000099,575,314,261
118000101,1002,276,726
118000102,389,463,-74
118000107,956,249,707
118000108,302,2024,-1722
118000110,1,36,-35
118000111,1,125,-124
118000112,566,1,565
118000113,2,214,-212
118000114,408,4,404
118000115,2,10,-8
118000116,10,0,10
118000117,531,488,43
118000118,593,1028,-435
118000119,568,923,-355
118000120,889,635,254
118000121,35,658,-623
118000122,640,321,319
118000123,39,212,-173
118000125,792,535,257
118000126,372,1168,-796
118000127,833,540,293
118000128,293,798,-505
118000129,833,396,437
118000130,1018,1394,-376
118000131,234,345,-111
118000132,2086,1504,582
118000133,1036,325,711
118000135,350,390,-40
118000136,126,346,-220
118000137,332,45,287
118000138,304,234,70
118000139,394,57,337
118000140,1879,4114,-2235
118000141,1562,1031,531
118000142,1437,936,501
118000143,1847,1001,846
118000144,719,400,319
118000145,1169,728,441
118000146,1044,303,741
118000147,758,764,-6
118000148,618,715,-97
118000149,874,494,380
118000150,360,208,152
118000151,413,251,162
118000153,1140,749,391
118000154,1605,1174,431
118000155,1363,875,488
118000156,1207,1644,-437
118000157,382,212,170
118000158,198,300,-102
118000159,14,72,-58
118000160,372,243,129
118000161,435,307,128
118000162,1205,630,575
118000163,618,549,69
118000164,1333,1040,293
118000168,272,314,-42
118000169,616,582,34
118000170,1703,1704,-1
118000171,329,224,105
118000172,91,110,-19
118000173,714,839,-125
118000175,182,356,-174
118000176,230,457,-227
118000177,179,493,-314
118000178,37,40,-3
118000179,592,986,-394
118000180,499,506,-7
118000181,594,220,374
118000182,263,187,76
118000183,200,208,-8
118000184,866,447,419
118000185,660,1154,-494
118000186,542,863,-321
118000187,1336,301,1035
118000188,393,53,340
118000189,527,176,351
118000190,2,6,-4
118000191,12,5,7
118000192,21,79,-58
118000193,11,143,-132
118000194,702,490,212
118000195,252,1208,-956
118000196,74,215,-141
118000197,95,366,-271
118000198,255,737,-482
118000199,225,620,-395
118000200,41,164,-123
118000201,158,338,-180
118000202,30,61,-31
118000203,225,577,-352
118000204,45,284,-239
118000205,62,208,-146
118000206,125,144,-19
118000207,0,19,-19
118000208,872,757,115
118000209,1690,836,854
118000210,64,32,32
118000211,18,16,2
118000213,463,1657,-1194
118000214,207,425,-218
118000215,289,60,229
118000216,1691,585,1106
118000217,31,50,-19
118000218,83,31,52
118000219,183,137,46
118000220,3,28,-25
118000221,213,181,32
118000222,37,3,34
118000223,27,31,-4
118000224,47,36,11
118000225,54,490,-436
118000226,594,148,446
118000227,407,250,157
118000228,52,173,-121
118000229,29,87,-58
118000230,76,111,-35
118000231,30,132,-102
118000232,610,289,321
118000233,868,360,508
118000234,351,67,284
118000236,181,132,49
118000237,76,117,-41
118000238,156,77,79
118000239,239,139,100
118000240,144,80,64
118000241,159,69,90
118000242,278,153,125
118000243,212,82,130
118000244,59,38,21
118000246,4,18,-14
118000255,47,204,-157
118000256,178,156,22
118000259,4,33,-29
118000260,153,44,109
118000261,23,8,15
118000263,42,88,-46
118000266,87,102,-15
118000267,0,134,-134
118000268,160,2,158
118000270,59,4,55
118000271,228,119,109
118000272,67,14,53
118000273,129,43,86
118000274,54,118,-64
118000276,369,150,219
118000295,6,57,-51
118000298,97,113,-16
118000299,51,58,-7
118000301,1,81,-80
118000302,107,21,86
118000311,502,43,459
118000312,185,73,112
118000313,47,52,-5
118000314,93,22,71
118000315,14,21,-7
118000316,556,242,314
118000325,40,10,30
118000326,25,19,6
118000331,16,11,5
118000332,10,17,-7
118000333,15,20,-5
118000335,323,1,322
118000336,0,107,-107
118000407,167,31,136
118000457,4,46,-42
118000465,633,2222,-1589
118000480,40,34,6
118000489,8,252,-244
118000490,8,83,-75
118000492,274,126,148
118000510,20,26,-6
118000514,61,212,-151
118000515,359,568,-209
118000517,196,126,70
118000524,96,190,-94
118000525,363,358,5
118000530,27,89,-62
118000531,246,183,63
118000532,233,150,83
118000533,191,73,118
118000534,396,191,205
118000535,245,105,140
118000536,87,578,-491
118000537,28,177,-149
118000538,83,68,15
118000539,12,132,-120
118000540,117,68,49
118000541,109,46,63
118000542,69,145,-76
118000543,122,226,-104
118000546,52,93,-41
118000553,0,1,-1
118000560,674,1314,-640
118000562,41,66,-25
118000563,769,664,105
118000576,182,73,109
118000577,181,96,85
118000578,120,66,54
118000579,372,958,-586
118000583,0,0,0
118000595,210,101,109
118000596,0,128,-128
118000597,135,101,34
118000598,5,0,5
118000599,61,36,25
118000600,1,1,0
118000601,2,0,2
118000602,3,0,3
118000603,0,11,-11
118000605,53,83,-30
118000606,25,26,-1
118000607,221,142,79
118900001,201,720,-519
118900002,441,620,-179
118900003,214,3,211
118900004,62,13,49
118900005,37,14,23
118900006,82,1,81
118900007,1,0,1
118900008,795,27,768
118900009,52,30,22
118900010,47,4,43
118900011,111,9,102
118900012,236,103,133
118900013,359,133,226
118900015,102,21,81
118900016,1,6,-5
118900017,103,238,-135
118900018,570,18,552
118900019,12,5,7
118900020,41,126,-85
118900021,96,195,-99
118900022,108,71,37
118900023,80,39,41
118900024,49,69,-20
118900025,35,21,14
118900026,50,32,18
118900027,249,62,187
118900028,126,75,51
118900029,242,279,-37
118900030,343,40,303
118900031,120,28,92
118900032,176,76,100
118900033,207,382,-175
118900034,86,24,62
118900035,91,73,18
118900036,901,331,570
118900037,195,249,-54
118900038,278,55,223
118900039,367,53,314
118900040,146,119,27
118900041,485,134,351
118900042,136,51,85
118900045,245,116,129
118900046,410,251,159
118900047,193,180,13
118900048,62,215,-153
118900049,41,32,9
118900050,18,4,14
118900051,42,84,-42
118900052,137,230,-93
118900053,6,60,-54
118900054,179,35,144
118900055,74,41,33
118900056,27,164,-137
118900057,547,308,239
118900058,281,168,113
118900059,9,43,-34
118900062,257,124,133
118900064,145,476,-331
118900065,42,52,-10
118900066,42,38,4
118900067,1684,2607,-923
118900068,3,125,-122
118900069,369,124,245
118900071,7,28,-21
118900072,332,175,157
118900073,154,86,68
118900074,123,49,74
118900075,68,25,43
118900076,148,70,78
118900077,190,137,53
118900078,9,1,8
118900079,11,55,-44
118900080,9,51,-42
118900081,34,21,13
118900082,944,139,805
118900083,14,2,12
118900084,9,9,0
118900085,384,325,59
118900086,19,56,-37
118900087,57,263,-206
118900088,1,1,0
118900089,16,14,2
118900090,446,153,293
118900091,61,142,-81
118900092,78,25,53
118900093,50,9,41
118900096,40,82,-42
118900097,241,258,-17
118900099,75,143,-68
118900100,55,93,-38
118900101,51,104,-53
118900102,25,48,-23
118900103,26,111,-85
118900104,124,43,81
118900105,93,55,38
118900107,49,28,21
118900108,84,37,47
118900110,486,486,0
118900111,303,187,116
118900112,62,99,-37
118900113,166,131,35
118900114,8,57,-49
118900115,41,207,-166
118900116,83,182,-99
118900117,117,172,-55
118900118,200,151,49
118900119,152,142,10
118900120,73,193,-120
118900121,7,32,-25
118900122,6,732,-726
118900123,112,113,-1
118900124,85,66,19
118900126,17,231,-214
118900129,183,108,75
118900130,43,133,-90
118900131,188,102,86
118900132,168,111,57
118900133,2,58,-56
118900135,140,96,44
118900136,177,185,-8
118900137,4,24,-20
118900139,159,89,70
118900140,391,290,101
118900141,56,31,25
118900144,111,148,-37
118900145,16,29,-13
118900146,275,339,-64
118900147,77,189,-112
118900148,63,35,28
118900150,278,440,-162
118900152,429,304,125
118900157,27,81,-54
118900158,121,26,95
118900159,3,57,-54
118900161,43,10,33
118900163,22,32,-10
118900164,0,48,-48
118900165,27,21,6
118900166,34,0,34
118900167,58,45,13
118900168,14,108,-94
118900169,69,81,-12
118900170,77,20,57
118900171,16,25,-9
118900174,40,19,21
118900175,376,285,91
118900176,129,139,-10
118900177,40,38,2
118900178,39,99,-60
118900179,52,10,42
118900182,41,23,18
118900183,13,57,-44
118900184,120,28,92
118900185,141,34,107
118900186,69,76,-7
118900187,129,208,-79
118900188,191,158,33
118900189,42,619,-577
118900190,15,103,-88
118900191,151,16,135
118900192,153,9,144
118900193,546,0,546
118900195,110,250,-140
118900196,31,89,-58
118900197,171,20,151
118900198,29,7,22
118900199,67,11,56
118900200,11,17,-6
118900201,26,28,-2
118900202,4,15,-11
118900203,7,3,4
118900204,7,1,6
118900205,2,5,-3
118900206,1,5,-4
119000001,942,1511,-569
119000002,2726,2429,297
119000003,2449,466,1983
119000004,1543,920,623
119000005,1297,1483,-186
119000006,2412,1034,1378
119000007,2262,2207,55
119000008,1314,878,436
119000009,2146,3727,-1581
119000010,3077,2677,400
119000011,1711,1484,227
119000012,755,1755,-1000
119000013,1885,1083,802
119000014,842,1236,-394
119000019,162,94,68
119000020,1810,1013,797
119000021,3795,2110,1685
119000022,743,1735,-992
119000023,216,157,59
119000024,1046,9280,-8234
119000025,2174,542,1632
119000026,33,257,-224
119000027,76,224,-148
119000028,1012,326,686
119000029,58,156,-98
119000030,347,486,-139
119000031,678,384,294
119000032,1051,1165,-114
119000033,1631,711,920
119000034,705,471,234
119000035,31,154,-123
119000036,1632,366,1266
119000037,961,645,316
119000038,154,373,-219
119000039,309,201,108
119000040,517,402,115
119000041,410,811,-401
119000048,1612,1063,549
119000049,1558,879,679
119000050,905,1031,-126
119000051,1471,759,712
119000052,1351,1581,-230
119000053,1226,741,485
119000054,2518,1377,1141
119000055,3663,1740,1923
119000056,2158,1109,1049
119000057,1104,823,281
119000058,1301,744,557
119000059,806,687,119
119000060,1169,596,573
119000061,817,402,415
119000062,727,751,-24
119000063,577,331,246
119000064,630,617,13
119000065,1226,1942,-716
119000066,1446,909,537
119000067,1313,1072,241
119000068,1179,703,476
119000069,1333,1083,250
119000070,1959,585,1374
119000071,363,364,-1
119000072,2829,1789,1040
119000073,2271,4814,-2543
119000074,1012,979,33
119000075,2452,1199,1253
119000076,218,761,-543
119000077,242,297,-55
119000078,351,310,41
119000079,275,440,-165
119000080,434,124,310
119000081,198,161,37
119000082,593,145,448
119000083,525,311,214
119000084,221,216,5
119000085,434,142,292
119000086,340,533,-193
119000087,741,371,370
119000088,348,200,148
119000089,184,239,-55
119000090,106,83,23
119000091,136,416,-280
119000092,250,190,60
119000093,2487,1375,1112
119000094,2654,3098,-444
119000095,1472,1859,-387
119000097,1249,587,662
119000098,741,2137,-1396
119000099,1653,768,885
119000100,2849,2209,640
119000101,2330,1040,1290
119000102,483,1053,-570
119000103,769,389,380
119000104,1012,587,425
119000105,577,1662,-1085
119000106,262,435,-173
119000107,827,356,471
119000108,293,327,-34
119000109,86,416,-330
119000110,211,321,-110
119000111,24,468,-444
119000112,98,98,0
119000113,906,194,712
119000114,717,554,163
119000115,119,103,16
119000116,64,48,16
119000117,95,188,-93
119000118,3,1,2
119000123,2497,1954,543
119000124,674,109,565
119000125,3383,286,3097
119000126,1172,318,854
119000127,563,262,301
119000128,9,2,7
119000131,831,244,587
119000132,0,2,-2
119000133,1,1,0
119000134,885,308,577
119000135,152,103,49
119000136,236,57,179
119000137,242,111,131
119000138,528,69,459
119000139,136,62,74
119000140,243,227,16
119000284,711,1278,-567
119000285,1033,978,55
119000286,2706,2457,249
119000287,862,969,-107
119000288,1340,577,763
119000289,816,1244,-428
119000290,121,183,-62
119000291,12,127,-115
119000293,141,112,29
119000294,36,22,14
119000295,618,156,462
119000296,317,150,167
119000302,944,673,271
119000303,26,163,-137
119000314,888,8399,-7511
119000315,2,114,-112
119000316,174,48,126
119000317,92,92,0
119000319,764,98,666
119900001,114,957,-843
119900002,135,119,16
119900003,14,372,-358
119900004,123,989,-866
119900005,148,37,111
119900006,126,263,-137
119900007,604,159,445
119900008,47,37,10
119900009,357,317,40
119900010,346,495,-149
119900011,7,102,-95
119900012,3,46,-43
119900013,1420,1013,407
119900014,308,99,209
119900015,99,15,84
119900016,27,34,-7
119900017,28,51,-23
119900018,927,720,207
119900019,48,3,45
119900020,61,106,-45
119900021,70,24,46
119900022,78,559,-481
119900023,197,1551,-1354
119900025,171,18,153
119900026,292,121,171
119900027,15,10,5
119900028,166,79,87
119900029,4,2,2
119900030,276,208,68
119900031,40,349,-309
119900033,1127,268,859
119900034,349,32,317
119900037,138,20,118
119900038,21,280,-259
119900039,36,8,28
119900040,81,14,67
119900041,118,9,109
119900042,102,172,-70
119900043,104,60,44
119900044,68,805,-737
119900046,107,15,92
119900047,295,66,229
119900049,132,2,130
119900050,45,108,-63
119900051,865,6,859
119900052,53,8,45
119900053,168,96,72
119900054,172,6,166
119900055,817,306,511
119900057,218,19,199
119900058,202,2,200
119900059,19,25,-6
119900060,211,14,197
119900061,312,3,309
119900062,50,8,42
119900063,3,35,-32
119900065,140,3,137
119900067,58,6,52
119900068,452,4,448
119900069,66,12,54
119900070,748,2,746
119900071,474,21,453
119900073,915,314,601
119900074,18,11,7
119900075,1240,1351,-111
119900076,100,25,75
119900077,834,228,606
119900078,493,357,136
119900079,296,84,212
119900080,266,110,156
119900081,539,18,521
119900082,1129,104,1025
119900083,236,45,191
119900084,257,175,82
119900085,21,13,8
119900086,304,380,-76
119900087,340,186,154
119900088,8,14,-6
119900089,19,144,-125
119900090,64,21,43
119900091,59,264,-205
119900092,31,186,-155
119900093,588,90,498
119900094,21,114,-93
119900095,102,62,40
119900096,36,66,-30
119900097,188,116,72
119900098,8,20,-12
119900099,20,47,-27
119900100,604,1804,-1200
119900101,38,840,-802
119900102,44,95,-51
119900103,23,112,-89
119900104,14,47,-33
119900105,371,1788,-1417
119900106,8,42,-34
119900107,98,888,-790
119900108,2231,393,1838
119900109,11,56,-45
119900110,472,265,207
119900111,131,140,-9
119900112,517,361,156
119900113,34,83,-49
119900114,181,500,-319
119900115,220,354,-134
119900116,54,253,-199
119900117,250,242,8
119900118,73,300,-227
119900119,159,117,42
119900120,363,245,118
119900121,366,282,84
119900122,163,127,36
119900123,109,161,-52
119900124,196,248,-52
119900125,19,120,-101
119900126,1689,127,1562
119900127,745,490,255
119900128,252,263,-11
119900129,199,172,27
119900130,4,97,-93
119900131,27,91,-64
119900132,30,82,-52
119900133,18,40,-22
119900134,477,96,381
119900135,1,153,-152
119900136,70,141,-71
119900138,167,239,-72
119900139,6,88,-82
119900140,2,68,-66
119900141,40,523,-483
119900142,0,13,-13
119900143,15,97,-82
119900144,738,109,629
119900145,74,80,-6
119900146,104,69,35
119900147,1,89,-88
119900148,158,17,141
119900149,328,3125,-2797
119900150,82,54,28
119900151,686,389,297
119900152,85,116,-31
119900153,128,22,106
119900154,20,200,-180
119900155,8,11,-3
119900156,13,4,9
119900157,116,104,12
119900158,140,27,113
119900159,3,333,-330
119900160,5,23,-18
119900161,95,50,45
119900162,608,472,136
119900163,43,118,-75
119900164,2,1,1
119900165,106,37,69
119900166,33,36,-3
119900167,23,15,8
119900168,787,219,568
119900169,21,155,-134
119900170,94,153,-59
119900171,568,153,415
119900172,35,15,20
119900173,4,106,-102
119900174,0,41,-41
119900175,1193,267,926
119900177,6,74,-68
119900178,1,48,-47
119900179,69,431,-362
119900180,828,565,263
119900181,22,66,-44
119900182,0,76,-76
119900183,51,377,-326
119900184,507,136,371
119900185,42,142,-100
119900186,10,823,-813
119900187,1,110,-109
119900188,55,148,-93
119900189,162,229,-67
119900190,39,174,-135
119900191,103,186,-83
119900192,50,91,-41
119900193,310,71,239
119900194,7,35,-28
119900195,7,48,-41
119900196,228,108,120
119900197,128,102,26
119900198,84,110,-26
119900199,61,10,51
119900200,459,398,61
119900201,115,80,35
119900202,46,153,-107
119900203,128,342,-214
119900204,174,162,12
119900205,673,181,492
119900206,145,59,86
119900208,106,124,-18
119900209,360,1154,-794
119900210,49,14,35
119900211,60,2,58
119900212,593,258,335
119900213,7,26,-19
119900214,37,9,28
119900215,19,20,-1
119900216,24,22,2
119900217,8,5,3
119900218,4,75,-71
119900219,2,47,-45
119900220,2,27,-25
119900221,49,64,-15
119900222,12,41,-29
119900223,8,19,-11
119900224,6,11,-5
119900225,219,36,183
119900226,141,981,-840
119900227,242,113,129
119900228,38,91,-53
119900229,153,180,-27
119900230,737,176,561
119900231,227,61,166
119900232,88,91,-3
119900233,65,2,63
119900234,17,30,-13
119900235,4,14,-10
119900236,17,53,-36
119900237,21,147,-126
119900238,0,38,-38
119900240,68,53,15
119900241,113,98,15
119900242,510,752,-242
119900244,304,647,-343
119900245,81,130,-49
119900246,136,343,-207
119900247,16,77,-61
119900248,25,247,-222
119900249,179,83,96
119900253,801,242,559
119900254,67,602,-535
119900255,94,651,-557
119900256,603,191,412
119900257,95,0,95
119900258,171,5,166
119900259,8,31,-23
119900260,123,3,120
119900261,264,75,189
119900262,0,96,-96
119900263,881,208,673
119900264,74,66,8
119900265,321,187,134
119900266,300,94,206
119900267,149,176,-27
119900268,135,55,80
119900269,710,289,421
119900271,14,33,-19
119900272,202,222,-20
119900275,154,50,104
119900276,112,2,110
119900277,13,5,8
119900278,68,47,21
119900279,53,111,-58
119900280,276,54,222
119900281,0,191,-191
119900282,22,119,-97
119900283,25,104,-79
119900284,28,77,-49
119900285,11,75,-64
119900286,0,12,-12
119900288,1,7,-6
119900289,0,2,-2
119900290,4,4,0
119900291,0,26,-26
119900292,27,40,-13
119900293,16,21,-5
119900294,13,12,1
119900295,23,24,-1
119900296,46,41,5
119900297,0,10,-10
119900298,0,0,0
119900299,37,77,-40
119900300,133,63,70
119900301,19,41,-22
119900302,12,16,-4
119900303,134,55,79
119900304,65,13,52
119900305,5,58,-53
119900306,21,2,19
119900307,27,24,3
119900308,3,4,-1
119900309,13,60,-47
119900310,123,149,-26
119900311,110,37,73
119900312,86,28,58
119900313,177,120,57
119900314,169,258,-89
119900315,1537,657,880
119900318,4,32,-28
119900319,0,82,-82
119900320,119,195,-76
119900321,71,6,65
120000001,3774,14253,-10479
120000002,1753,1435,318
120000003,1637,934,703
120000004,1628,967,661
120000005,1687,1073,614
120000006,796,752,44
120000007,1793,2416,-623
120000008,662,777,-115
120000009,1246,590,656
120000010,1515,1513,2
120000011,773,913,-140
120000012,1209,1182,27
120000013,2378,1788,590
120000014,528,820,-292
120000015,1801,1032,769
120000016,2990,1639,1351
120000017,2767,2053,714
120000018,2020,9897,-7877
120000019,912,1085,-173
120000020,1896,2525,-629
120000021,1212,1776,-564
120000022,1800,2697,-897
120000023,958,1236,-278
120000024,774,1710,-936
120000025,1925,1253,672
120000026,2154,1169,985
120000027,1677,1359,318
120000028,629,3024,-2395
120000029,532,1339,-807
120000030,346,620,-274
120000031,1204,3113,-1909
120000032,3450,2303,1147
120000033,3059,1062,1997
120000034,1951,828,1123
120000035,1975,1113,862
120000036,2709,3768,-1059
120000037,436,1178,-742
120000038,2711,2382,329
120000039,523,670,-147
120000040,107,587,-480
120000041,362,925,-563
120000042,1222,903,319
120000043,2899,684,2215
120000044,4272,1006,3266
120000045,5492,618,4874
120000046,3918,1913,2005
120000047,394,4325,-3931
120000048,4394,2909,1485
120000049,2787,2159,628
120000050,2723,2566,157
120000051,1699,2263,-564
120000052,5015,1241,3774
120000053,1416,1155,261
120000054,1210,1910,-700
120000055,1171,2403,-1232
120000056,3132,2043,1089
120000057,3427,1628,1799
120000058,927,2623,-1696
120000059,3,996,-993
120000061,78,251,-173
120000062,98,235,-137
120000063,589,1250,-661
120000064,191,480,-289
120000065,399,679,-280
120000066,129,311,-182
120000067,25,312,-287
120000068,177,317,-140
120000069,454,302,152
120000070,74,274,-200
120000071,561,59,502
120000072,807,314,493
120000073,808,78,730
120000074,81,117,-36
120000075,506,261,245
120000076,1744,303,1441
120000077,1477,562,915
120000078,2042,926,1116
120000079,594,228,366
120000080,337,232,105
120000081,340,151,189
120000082,367,287,80
120000083,125,725,-600
120000084,230,231,-1
120000085,214,248,-34
120000086,229,241,-12
120000087,218,246,-28
120000088,654,668,-14
120000089,897,335,562
120000090,584,323,261
120000091,925,580,345
120000092,949,346,603
120000093,456,418,38
120000094,192,691,-499
120000095,706,210,496
120000096,208,348,-140
120000098,761,409,352
120000099,299,392,-93
120000100,532,422,110
120000101,486,255,231
120000102,589,813,-224
120000103,1224,827,397
120000104,1616,418,1198
120000105,2696,617,2079
120000106,2288,584,1704
120000107,3935,452,3483
120000108,1216,110,1106
120000109,1064,60,1004
120000110,75,488,-413
120000111,105,490,-385
120000112,563,1127,-564
120000113,580,945,-365
120000114,680,1233,-553
120000115,296,1088,-792
120000116,438,1022,-584
120000117,690,1011,-321
120000118,59,19,40
120000119,17,26,-9
120000120,61,96,-35
120000121,14,25,-11
120000122,221,483,-262
120000123,1785,5331,-3546
120000124,332,250,82
120000125,551,301,250
120000126,259,888,-629
120000127,942,1279,-337
120000128,1686,3437,-1751
120000129,175,218,-43
120000130,654,261,393
120000131,312,427,-115
120000134,251,352,-101
120000135,607,330,277
120000137,190,306,-116
120000138,1134,167,967
120000139,187,219,-32
120000140,996,181,815
120000141,300,160,140
120000142,713,287,426
120000143,2,49,-47
120000144,159,9,150
120000145,387,0,387
120000146,550,747,-197
120000149,418,556,-138
120000150,1308,7199,-5891
120000151,311,324,-13
120000152,511,88,423
120000153,198,301,-103
120000154,409,407,2
120000155,128,219,-91
120000156,450,912,-462
120000157,711,388,323
120000158,833,395,438
120000159,1466,1307,159
120000160,1642,1131,511
120000161,2069,1371,698
120000162,67,247,-180
120000163,684,589,95
120000164,507,171,336
120000165,616,305,311
120000166,1100,258,842
120000167,268,166,102
120000168,9,542,-533
120000169,56,2047,-1991
120000170,19,2154,-2135
120000171,23,788,-765
120000172,11,691,-680
120000173,396,2776,-2380
120000174,56,64,-8
120000175,74,96,-22
120000176,31,53,-22
120000177,471,60,411
120000178,14,24,-10
120000179,47,54,-7
120000180,72,59,13
120000181,30,920,-890
120000182,31,824,-793
120000183,4,300,-296
120000184,222,785,-563
120000186,29,1436,-1407
120000187,22,568,-546
120000188,32,801,-769
120000190,146,67,79
120000191,138,123,15
120000192,179,72,107
120000193,69,11,58
120000195,18,0,18
120000196,42,16,26
120000197,12,26,-14
120000198,173,24,149
120000199,74,2,72
120000200,233,3,230
120000201,19,50,-31
120000202,6,24,-18
120000203,49,95,-46
120000207,1,27,-26
120000208,10,59,-49
120000209,3,37,-34
120000210,30,24,6
120000211,154,4,150
120000212,247,0,247
120000213,119,76,43
120000214,1,91,-90
120000215,2,61,-59
120000216,102,22,80
120000217,192,623,-431
120000218,60,434,-374
120000219,1,221,-220
120000220,10,600,-590
120000225,1815,2,1813
120000226,350,3,347
120000227,686,50,636
120000228,11215,2891,8324
120000230,436,12,424
120000231,1330,749,581
120000233,301,4,297
120000235,228,373,-145
120000236,766,2,764
120000237,1,509,-508
120000238,2,1675,-1673
120000241,798,2485,-1687
120000412,128,3,125
120000413,209,41,168
120000414,132,0,132
120000415,1,14,-13
120000416,112,1,111
120000417,5,37,-32
120000418,136,15,121
120000419,1,55,-54
120000420,9,9,0
120000421,4316,2868,1448
120000422,60,1291,-1231
120000423,4,43,-39
120000424,137,57,80
120000436,118,723,-605
120000437,110,63,47
120000438,1201,178,1023
120000439,138,429,-291
120000443,229,0,229
120000444,1383,227,1156
120000445,1600,835,765
120000446,807,139,668
120000447,187,4,183
120000449,112,0,112
120000450,2,46,-44
120000451,79,121,-42
120000452,305,0,305
120000453,0,36,-36
120000454,31,45,-14
120000455,84,29,55
120000456,1695,2804,-1109
120000457,407,282,125
120000458,343,404,-61
120000459,82,42,40
120000665,300,185,115
120000668,110,1390,-1280
120000669,125,140,-15
120000670,76,1620,-1544
120000671,1339,413,926
120000672,79,372,-293
120900001,54,74,-20
120900002,54,273,-219
120900003,125,6,119
120900004,6,84,-78
120900005,11,550,-539
120900006,428,159,269
120900007,160,51,109
120900008,264,446,-182
120900009,391,16,375
120900010,435,113,322
120900011,87,154,-67
120900012,54,759,-705
120900013,316,100,216
120900014,3,174,-171
120900015,714,98,616
120900016,898,35,863
120900017,883,17,866
120900018,117,179,-62
120900019,473,397,76
120900020,503,1022,-519
120900021,669,187,482
120900022,13,168,-155
120900023,285,61,224
120900024,1039,340,699
120900025,867,775,92
120900026,67,73,-6
120900027,568,6,562
120900028,385,130,255
120900029,50,633,-583
120900030,1457,485,972
120900031,255,113,142
120900032,1215,87,1128
120900033,957,79,878
120900034,20,2037,-2017
120900035,14,23,-9
120900037,295,9,286
120900038,59,348,-289
120900039,74,43,31
120900040,396,6,390
120900041,61,20,41
120900042,662,23,639
120900043,59,28,31
120900044,10,196,-186
120900045,171,44,127
120900046,605,4,601
120900047,152,97,55
120900048,97,18,79
120900049,486,5,481
120900050,758,1473,-715
120900051,336,57,279
120900052,691,7,684
120900053,248,17,231
120900054,815,241,574
120900055,423,2,421
120900056,676,19,657
120900057,170,13,157
120900058,592,2,590
120900059,105,4,101
120900060,37,10,27
120900061,139,76,63
120900062,259,0,259
120900063,845,10,835
120900064,700,2,698
120900065,602,3,599
120900066,181,71,110
120900067,132,50,82
120900068,296,1,295
120900069,292,12,280
120900071,15,0,15
120900072,1029,11,1018
120900073,591,15,576
120900074,545,10,535
120900076,351,0,351
120900077,921,58,863
120900078,870,463,407
120900079,562,38,524
120900080,1019,466,553
120900081,1205,125,1080
120900082,252,342,-90
120900083,82,1,81
120900084,297,531,-234
120900085,40,75,-35
120900086,46,335,-289
120900087,356,356,0
120900088,118,563,-445
120900089,1197,2752,-1555
120900090,156,6,150
120900091,378,820,-442
120900092,432,187,245
120900093,861,94,767
120900094,245,91,154
120900095,190,1,189
120900096,23,82,-59
120900097,421,274,147
120900098,145,58,87
120900099,54,43,11
120900100,21,121,-100
120900101,227,88,139
120900102,46,53,-7
120900103,48,139,-91
120900104,17,26,-9
120900105,26,179,-153
120900106,571,184,387
120900107,101,75,26
120900108,7,173,-166
120900109,15,207,-192
120900110,7,138,-131
120900111,87,188,-101
120900112,13,323,-310
120900113,18,218,-200
120900114,19,87,-68
120900115,108,232,-124
120900116,343,124,219
120900117,7,143,-136
120900118,12,254,-242
120900119,6158,1872,4286
120900120,67,269,-202
120900121,37,215,-178
120900122,469,125,344
120900123,13,136,-123
120900124,0,181,-181
120900125,2,226,-224
120900126,822,444,378
120900127,13,191,-178
120900128,590,773,-183
120900129,20,155,-135
120900130,1,83,-82
120900131,141,45,96
120900132,1018,140,878
120900133,60,308,-248
120900134,333,214,119
120900135,4,231,-227
120900136,39,22,17
120900137,250,37,213
120900138,9,98,-89
120900139,0,215,-215
120900140,4,48,-44
120900141,121,141,-20
120900142,9,132,-123
120900143,2,311,-309
120900144,1,43,-42
120900145,172,446,-274
120900146,0,358,-358
120900147,32,219,-187
120900148,40,97,-57
120900149,0,81,-81
120900150,51,221,-170
120900151,101,247,-146
120900152,332,18,314
120900153,0,2,-2
120900154,0,97,-97
120900155,198,326,-128
120900156,240,185,55
120900157,4,6,-2
120900158,50,198,-148
120900159,9,22,-13
120900160,21,348,-327
120900161,41,192,-151
120900162,100,372,-272
120900163,227,695,-468
120900164,0,125,-125
120900165,9,966,-957
120900166,72,381,-309
120900167,98,48,50
120900169,59,107,-48
120900170,289,2571,-2282
120900171,337,121,216
120900172,136,1341,-1205
120900173,5,19,-14
120900174,7,51,-44
120900175,108,71,37
120900176,11,231,-220
120900177,2,1050,-1048
120900178,8,277,-269
120900179,350,228,122
120900180,34,141,-107
120900181,6,15,-9
120900182,24,106,-82
120900183,493,26,467
120900184,206,43,163
120900185,552,858,-306
120900186,0,177,-177
120900187,327,741,-414
120900188,142,2,140
120900189,85,1992,-1907
120900190,73,2,71
120900191,18,5,13
120900192,3801,7920,-4119
120900194,38,32,6
120900195,70,99,-29
120900196,338,18,320
120900197,665,147,518
120900198,138,297,-159
120900199,219,342,-123
120900200,24,92,-68
120900201,246,96,150
120900202,0,47,-47
120900203,29,59,-30
120900204,75,160,-85
120900205,19,9,10
120900206,23,27,-4
120900207,47,430,-383
121000001,371,733,-362
121000002,1433,1125,308
121000003,1908,923,985
121000004,1384,2175,-791
121000005,993,1623,-630
121000006,1738,1676,62
121000007,1242,3219,-1977
121000008,2935,3321,-386
121000009,2339,4009,-1670
121000010,3983,3866,117
121000011,3582,6481,-2899
121000012,7464,4904,2560
121000013,3371,4408,-1037
121000014,3573,3528,45
121000015,2600,5514,-2914
121000016,2620,2507,113
121000017,1018,1476,-458
121000018,1418,986,432
121000019,6078,6017,61
121000020,6720,11937,-5217
121000021,1314,1170,144
121000022,1736,2209,-473
121000023,1906,916,990
121000024,2973,3089,-116
121000025,210,904,-694
121000026,172,111,61
121000027,906,868,38
121000028,541,403,138
121000029,563,431,132
121000030,484,343,141
121000031,370,540,-170
121000032,133,110,23
121000034,219,201,18
121000035,110,129,-19
121000036,662,574,88
121000037,379,592,-213
121000038,249,548,-299
121000039,99,225,-126
121000041,435,253,182
121000042,177,228,-51
121000043,369,436,-67
121000044,1060,789,271
121000045,326,163,163
121000046,553,705,-152
121000047,262,209,53
121000049,737,452,285
121000050,205,1264,-1059
121000051,396,171,225
121000052,291,662,-371
121000053,245,75,170
121000054,24,330,-306
121000055,580,1223,-643
121000056,557,607,-50
121000057,168,367,-199
121000058,297,251,46
121000059,1708,807,901
121000060,323,723,-400
121000061,37,285,-248
121000062,116,290,-174
121000063,540,736,-196
121000064,479,614,-135
121000065,173,474,-301
121000066,465,719,-254
121000067,234,402,-168
121000068,350,281,69
121000069,109,640,-531
121000070,982,729,253
121000071,1005,1063,-58
121000072,829,496,333
121000073,773,884,-111
121000074,98,185,-87
121000075,16,220,-204
121000076,231,225,6
121000077,74,150,-76
121000078,41,135,-94
121000080,1040,345,695
121000081,2002,2444,-442
121000082,61,200,-139
121000083,84,140,-56
121000084,189,245,-56
121000085,160,369,-209
121000086,479,546,-67
121000087,63,145,-82
121000088,372,367,5
121000089,188,282,-94
121000090,216,296,-80
121000091,695,481,214
121000092,143,39,104
121000093,155,171,-16
121000094,212,406,-194
121000095,178,438,-260
121000096,2615,1588,1027
121000097,318,1401,-1083
121000098,465,448,17
121000099,589,439,150
121000100,791,157,634
121000101,283,135,148
121000102,243,110,133
121000103,165,98,67
121000104,209,57,152
121000105,326,77,249
121000106,239,179,60
121000107,1147,1682,-535
121000109,581,533,48
121000110,124,528,-404
121000114,2364,1640,724
121000115,1364,662,702
121000116,198,738,-540
121000117,187,256,-69
121000118,1262,171,1091
121000119,203,262,-59
121000120,207,291,-84
121000121,330,972,-642
121000123,517,401,116
121000127,90,54,36
121000128,744,134,610
121000129,738,234,504
121000130,559,319,240
121000131,719,859,-140
121000132,566,802,-236
121000135,151,221,-70
121000136,692,741,-49
121000137,319,230,89
121000138,468,974,-506
121000139,332,475,-143
121000141,158,107,51
121000142,440,795,-355
121000143,69,17,52
121000144,301,936,-635
121000145,464,592,-128
121000146,927,854,73
121000147,785,326,459
121000148,573,589,-16
121000149,1612,1127,485
121000152,263,253,10
121000153,1072,408,664
121000154,900,347,553
121000155,1270,817,453
121000156,323,679,-356
121000157,473,756,-283
121000158,295,219,76
121000159,175,246,-71
121000160,215,230,-15
121000161,142,183,-41
121000162,106,60,46
121000165,695,1463,-768
121000166,15,282,-267
121000168,252,176,76
121000169,58,111,-53
121000170,266,61,205
121000171,82,111,-29
121000172,624,464,160
121000173,967,760,207
121000174,341,447,-106
121000175,909,287,622
121000176,272,228,44
121000177,515,344,171
121000178,42,30,12
121000179,36,50,-14
121000181,301,277,24
121000182,79,200,-121
121000183,68,69,-1
121000184,17,108,-91
121000185,19,176,-157
121000186,149,428,-279
121000187,136,66,70
121000188,134,57,77
121000192,568,286,282
121000193,435,332,103
121000194,1265,1239,26
121000195,156,627,-471
121000196,423,177,246
121000197,129,605,-476
121000198,153,118,35
121000199,91,131,-40
121000200,449,78,371
121000201,4,95,-91
121000202,437,74,363
121000203,502,1130,-628
121000204,2115,509,1606
121000205,69,172,-103
121000206,55,32,23
121000207,1394,660,734
121000208,1,221,-220
121000209,427,73,354
121000210,566,150,416
121000211,269,92,177
121000212,429,296,133
121000213,8222,1759,6463
121000214,616,1234,-618
121000215,618,988,-370
121000216,324,374,-50
121000217,2272,2141,131
121000218,259,1075,-816
121000219,1021,388,633
121000220,84,48,36
121000221,67,218,-151
121000222,1629,1595,34
121000223,195,608,-413
121000224,153,388,-235
121000225,487,1924,-1437
121000226,730,917,-187
121000227,13,167,-154
121000228,15,406,-391
121000229,281,397,-116
121000230,51,1306,-1255
121000231,976,11,965
121000232,255,231,24
121000233,368,249,119
121000234,19,37,-18
121000235,33,37,-4
121000236,7,56,-49
121000237,14,14,0
121000238,7,74,-67
121000239,42,1,41
121000240,4,97,-93
121000241,59,9,50
121000242,65,483,-418
121000243,168,30,138
121000244,2,74,-72
121000245,31,2,29
121000246,2,98,-96
121000247,106,2,104
121000248,240,1128,-888
121000249,43,98,-55
121000250,352,247,105
121000251,6,151,-145
121000252,87,50,37
121000253,272,196,76
121000254,671,112,559
121000255,117,140,-23
121000256,231,129,102
121000257,34,59,-25
121000258,50,84,-34
121000259,34,57,-23
121000260,37,73,-36
121000261,50,52,-2
121000262,822,285,537
121000263,451,465,-14
121000271,485,1094,-609
121000273,13,7,6
121000274,8,51,-43
121000275,1,13,-12
121000276,5,16,-11
121000278,45,18,27
121000289,222,11,211
121000290,791,813,-22
121000294,144,39,105
121000297,323,696,-373
121000299,53,408,-355
121000300,766,883,-117
121000302,11,570,-559
121000303,363,139,224
121000304,311,55,256
121000305,231,140,91
121000306,149,122,27
121000308,115,179,-64
121000309,308,280,28
121000310,139,164,-25
121000311,23,263,-240
121000312,217,239,-22
121000313,147,197,-50
121000314,49,54,-5
121000315,13,42,-29
121000530,1273,1020,253
121000531,1360,1122,238
121000532,3831,5147,-1316
121000533,2205,2606,-401
121000918,31,49,-18
121000919,30,70,-40
121000938,37,128,-91
121000939,32,110,-78
121000956,1187,970,217
121000957,2,6,-4
121000958,12,42,-30
121000959,755,341,414
121000960,910,1295,-385
121000961,181,30,151
121000962,619,373,246
121000973,1,220,-219
121000976,6,68,-62
121000979,299,73,226
121000981,189,38,151
121000982,348,119,229
121000983,312,145,167
121000984,7,25,-18
121000985,672,203,469
121000986,302,48,254
121000987,172,380,-208
121000988,746,55,691
121001302,113,87,26
121001308,0,14,-14
121001309,17,244,-227
121001313,160,57,103
121001314,933,1182,-249
121001315,4089,2485,1604
121001326,391,266,125
121001327,143,175,-32
121001328,64,17,47
121900001,114,185,-71
121900002,18,23,-5
121900003,362,2,360
121900004,42,176,-134
121900005,15,8,7
121900006,54,17,37
121900007,1326,1034,292
121900008,40,257,-217
121900009,463,14,449
121900010,163,0,163
121900011,133,75,58
121900012,6,0,6
121900013,386,86,300
121900014,904,292,612
121900015,135,84,51
121900016,7,23,-16
121900017,569,572,-3
121900018,276,8,268
121900019,344,108,236
121900020,15,3,12
121900021,606,11,595
121900022,240,181,59
121900023,98,129,-31
121900024,213,43,170
121900025,397,388,9
121900026,152,44,108
121900027,231,78,153
121900028,122,4,118
121900029,62,150,-88
121900030,239,371,-132
121900031,619,4102,-3483
121900032,57,31,26
121900033,121,218,-97
121900034,135,72,63
121900035,1975,1447,528
121900036,79,413,-334
121900037,74,724,-650
121900038,17,36,-19
121900039,212,44,168
121900040,41,90,-49
121900041,76,202,-126
121900042,276,120,156
121900043,1,2,-1
121900044,46,17,29
121900046,100,144,-44
121900047,99,63,36
121900048,23,31,-8
121900050,16,54,-38
121900051,105,155,-50
121900052,89,28,61
121900053,395,216,179
121900054,262,793,-531
121900055,0,5,-5
121900058,190,73,117
121900059,241,144,97
121900060,97,275,-178
121900062,46,46,0
121900063,975,212,763
121900064,188,272,-84
121900066,36,11,25
121900067,18,13,5
121900069,106,55,51
121900070,63,125,-62
121900071,339,157,182
121900072,39,59,-20
121900073,140,284,-144
121900074,175,534,-359
121900075,234,437,-203
121900076,307,327,-20
121900078,55,24,31
121900079,0,0,0
121900080,502,167,335
121900082,47,61,-14
121900084,16,30,-14
121900086,12,32,-20
121900087,58,90,-32
121900088,607,1230,-623
121900089,178,159,19
121900090,28,28,0
121900091,71,39,32
121900092,47,63,-16
121900093,64,67,-3
121900094,19,3,16
121900095,304,103,201
121900096,492,418,74
121900097,490,141,349
121900098,0,0,0
121900099,160,33,127
121900100,24,191,-167
121900101,78,90,-12
121900102,4,50,-46
121900103,213,161,52
121900104,1183,240,943
121900105,233,121,112
121900106,5,8,-3
121900107,34,7,27
121900108,1,3,-2
121900109,161,82,79
121900110,440,302,138
121900111,528,156,372
121900112,60,86,-26
121900113,37,281,-244
121900114,28,27,1
121900117,70,74,-4
121900118,1200,553,647
121900119,111,54,57
121900120,30,562,-532
121900121,166,14,152
121900122,17,31,-14
121900123,105,240,-135
121900124,118,105,13
121900125,1160,596,564
121900127,20,65,-45
121900128,41,41,0
121900129,134,100,34
121900130,56,168,-112
121900131,146,86,60
121900132,27,57,-30
121900133,27,943,-916
121900134,12,183,-171
121900135,2273,237,2036
121900136,361,250,111
121900137,24,192,-168
121900138,44,60,-16
121900139,193,1593,-1400
121900140,43,54,-11
121900141,68,49,19
121900142,77,53,24
121900143,11,87,-76
121900144,59,266,-207
121900145,113,140,-27
121900146,290,436,-146
121900147,36,159,-123
121900148,128,215,-87
121900149,152,297,-145
121900150,49,109,-60
121900151,43,181,-138
121900152,61,79,-18
121900153,20,247,-227
121900154,9,269,-260
121900155,1,100,-99
121900156,103,131,-28
121900157,1,183,-182
121900158,57,104,-47
121900159,0,119,-119
121900160,2,181,-179
121900161,181,354,-173
121900162,63,128,-65
121900163,259,201,58
121900164,216,207,9
121900165,158,72,86
121900166,95,103,-8
121900167,60,108,-48
121900168,91,133,-42
121900169,6,152,-146
121900170,6,131,-125
121900171,574,337,237
121900172,445,121,324
121900173,441,211,230
121900174,28,22,6
121900175,41,184,-143
121900176,315,1188,-873
121900177,126,52,74
121900178,34,47,-13
121900179,291,199,92
121900180,1172,2880,-1708
121900182,471,454,17
121900183,337,1032,-695
121900184,29,470,-441
121900186,3,281,-278
121900187,21,84,-63
121900188,433,121,312
121900189,22,31,-9
121900190,191,271,-80
121900191,42,218,-176
121900192,110,1373,-1263
121900193,10,161,-151
121900194,2,167,-165
121900195,17,30,-13
121900196,609,535,74
121900197,196,644,-448
121900198,1371,1139,232
121900199,2,18,-16
121900200,30,103,-73
121900201,434,409,25
121900202,72,452,-380
121900203,55,723,-668
121900204,495,770,-275
121900205,9,74,-65
121900206,15,21,-6
121900207,37,21,16
121900208,62,260,-198
121900209,30,34,-4
121900210,1565,946,619
121900211,388,257,131
121900212,28,103,-75
121900213,217,33,184
121900214,13,255,-242
121900215,36,75,-39
121900216,16,175,-159
121900217,107,76,31
121900218,91,464,-373
121900220,77,12,65
121900221,219,337,-118
121900222,187,47,140
121900223,72,48,24
121900224,35,24,11
121900225,48,111,-63
121900226,129,30,99
121900227,284,529,-245
121900228,112,119,-7
121900230,42,232,-190
121900231,43,875,-832
121900232,66,228,-162
121900233,98,128,-30
121900234,152,93,59
121900235,340,104,236
121900236,153,106,47
121900237,139,267,-128
121900238,96,184,-88
121900239,125,10,115
121900240,178,61,117
121900241,41,43,-2
121900242,4,0,4
121900243,0,1,-1
121900244,10,2,8
121900245,167,50,117
121900246,2957,194,2763
121900248,782,654,128
121900250,107,321,-214
121900251,211,21,190
121900252,277,80,197
121900253,110,675,-565
121900254,297,264,33
121900255,360,41,319
121900258,2436,1148,1288
121900259,196,331,-135
121900260,49,42,7
121900261,117,503,-386
121900262,249,613,-364
121900263,201,144,57
121900264,648,578,70
121900265,192,102,90
121900266,456,74,382
121900267,60,23,37
121900269,97,474,-377
121900270,20,99,-79
121900271,63,110,-47
121900273,215,1130,-915
121900274,234,148,86
121900277,187,554,-367
121900278,68,573,-505
121900279,104,128,-24
121900280,42,294,-252
121900281,85,359,-274
121900284,49,6,43
121900286,70,45,25
121900287,9,21,-12
121900288,2,2,0
121900290,158,679,-521
121900291,296,633,-337
121900292,71,143,-72
121900293,564,2558,-1994
121900294,204,2,202
121900295,83,104,-21
121900296,29,85,-56
121900298,140,598,-458
121900299,0,3,-3
121900300,47,4,43
121900301,85,0,85
121900302,2,37,-35
121900303,178,210,-32
121900304,4,13,-9
121900305,3,2,1
121900306,209,2,207
121900307,75,0,75
121900308,11,97,-86
121900309,0,74,-74
121900310,13,147,-134
121900311,435,17,418
121900312,343,19,324
121900313,334,25,309
121900314,2,13,-11
121900315,10,0,10
121900316,0,6,-6
121900317,10,6,4
121900318,0,8,-8
121900319,12,84,-72
121900320,26,29,-3
121900321,16,1,15
121900322,2,4,-2
121900323,25,11,14
121900324,0,28,-28
121900325,12,1,11
121900326,6,7,-1
121900327,0,28,-28
121900328,0,16,-16
121900329,0,49,-49
121900330,1,174,-173
121900331,9,32,-23
121900332,48,14,34
121900333,40,1,39
121900334,45,36,9
122000001,785,3793,-3008
122000002,1505,918,587
122000003,827,1987,-1160
122000004,1184,972,212
122000005,2835,1673,1162
122000006,751,996,-245
122000007,480,1371,-891
122000008,866,1926,-1060
122000009,447,390,57
122000010,1711,2041,-330
122000011,3619,2073,1546
122000012,531,2695,-2164
122000013,445,1303,-858
122000014,2276,1012,1264
122000015,681,608,73
122000016,255,469,-214
122000017,715,783,-68
122000018,1157,1161,-4
122000019,555,1175,-620
122000020,119,277,-158
122000021,111,249,-138
122000022,765,1094,-329
122000023,531,1083,-552
122000024,330,1998,-1668
122000025,396,2067,-1671
122000026,307,1062,-755
122000027,396,730,-334
122000028,610,412,198
122000029,167,382,-215
122000030,119,101,18
122000031,114,230,-116
122000032,2665,1602,1063
122000033,224,2431,-2207
122000034,205,602,-397
122000035,97,386,-289
122000036,328,316,12
122000037,344,178,166
122000038,137,243,-106
122000039,562,377,185
122000040,89,194,-105
122000041,348,563,-215
122000042,274,375,-101
122000043,61,69,-8
122000044,62,87,-25
122000045,1118,654,464
122000046,597,815,-218
122000047,77,132,-55
122000048,1499,2481,-982
122000049,4013,2490,1523
122000050,547,718,-171
122000051,125,393,-268
122000052,246,394,-148
122000053,144,689,-545
122000054,1177,1300,-123
122000055,1077,3129,-2052
122000056,2012,1944,68
122000057,2291,3014,-723
122000058,635,1565,-930
122000059,822,2555,-1733
122000060,199,752,-553
122000061,144,538,-394
122000062,418,193,225
122000063,324,889,-565
122000064,1837,3690,-1853
122000065,1502,1835,-333
122000066,193,350,-157
122000067,688,835,-147
122000068,1073,585,488
122000069,665,718,-53
122000070,480,868,-388
122000071,1864,870,994
122000072,540,550,-10
122000073,202,1049,-847
122000074,1893,948,945
122000075,596,688,-92
122000076,4556,1440,3116
122000077,437,1351,-914
122000078,549,3160,-2611
122000079,354,1932,-1578
122000080,285,494,-209
122000081,84,162,-78
122000082,201,859,-658
122000083,1968,595,1373
122000084,1794,653,1141
122000085,183,438,-255
122000086,1551,3543,-1992
122000087,142,232,-90
122000088,73,184,-111
122000089,3007,1496,1511
122000090,86,489,-403
122000091,63,161,-98
122000092,45,32,13
122000093,1053,2114,-1061
122000094,3347,2113,1234
122000095,437,2320,-1883
122000096,328,1064,-736
122000098,1493,2394,-901
122000099,471,856,-385
122000100,501,424,77
122000101,213,307,-94
122000102,1382,686,696
122000103,977,910,67
122000104,753,115,638
122000105,326,227,99
122000106,330,820,-490
122000107,733,337,396
122000108,359,509,-150
122000109,365,113,252
122000110,324,380,-56
122000111,2461,943,1518
122000112,1020,1115,-95
122000113,557,608,-51
122000114,987,1837,-850
122000115,849,724,125
122000116,206,365,-159
122000117,776,300,476
122000118,375,483,-108
122000119,1738,1297,441
122000120,693,2266,-1573
122000121,644,1593,-949
122000122,289,877,-588
122000123,840,1051,-211
122000124,479,383,96
122000125,342,470,-128
122000126,250,447,-197
122000127,360,605,-245
122000128,226,288,-62
122000129,362,1279,-917
122000130,1801,1082,719
122000131,691,801,-110
122000132,182,307,-125
122000133,470,497,-27
122000134,803,617,186
122000135,443,341,102
122000136,570,505,65
122000137,1325,518,807
122000139,563,2233,-1670
122000140,363,433,-70
122000141,1881,886,995
122000142,98,902,-804
122000143,251,299,-48
122000144,828,740,88
122000145,462,583,-121
122000146,418,1200,-782
122000147,327,383,-56
122000148,471,979,-508
122000149,1158,1033,125
122000150,814,697,117
122000151,78,273,-195
122000152,212,233,-21
122000153,238,311,-73
122000154,139,189,-50
122000155,878,1763,-885
122000156,2362,2094,268
122000157,520,2656,-2136
122000158,245,559,-314
122000159,413,825,-412
122000160,1318,1604,-286
122000161,690,676,14
122000162,738,1164,-426
122000163,187,81,106
122000164,35,149,-114
122000165,450,762,-312
122000166,585,1274,-689
122000167,149,252,-103
122000168,114,535,-421
122000169,205,126,79
122000170,160,198,-38
122000171,16,51,-35
122000172,1325,771,554
122000173,874,1621,-747
122000174,937,761,176
122000175,438,240,198
122000176,196,658,-462
122000177,572,832,-260
122000178,2847,1817,1030
122000179,1428,2013,-585
122000180,540,782,-242
122000181,755,1214,-459
122000182,1077,772,305
122000183,1515,706,809
122000184,1602,2128,-526
122000185,656,1888,-1232
122000186,294,1062,-768
122000187,1233,811,422
122000188,271,260,11
122000189,207,248,-41
122000190,563,1119,-556
122000191,515,425,90
122000192,738,263,475
122000193,242,426,-184
122000194,315,106,209
122000195,82,377,-295
122000196,687,407,280
122000197,277,469,-192
122000198,267,1350,-1083
122000199,210,237,-27
122000200,563,383,180
122000201,669,1317,-648
122000202,560,1537,-977
122000203,1643,943,700
122000204,958,1099,-141
122000205,479,668,-189
122000206,2271,798,1473
122000207,1452,1034,418
122000208,1273,1129,144
122000209,1349,314,1035
122000210,1297,1353,-56
122000211,787,936,-149
122000212,559,442,117
122000213,668,996,-328
122000214,1208,1197,11
122000215,1214,1141,73
122000217,979,1303,-324
122000218,543,52,491
122000219,674,501,173
122000220,242,473,-231
122000221,63,197,-134
122000222,369,149,220
122000223,614,335,279
122000225,420,180,240
122000226,1048,988,60
122000227,142,1086,-944
122000228,232,179,53
122000229,32,293,-261
122000230,78,274,-196
122000231,226,555,-329
122000232,434,459,-25
122000233,1,40,-39
122000234,312,38,274
122000235,718,63,655
122000236,884,37,847
122000237,76,70,6
122000238,302,272,30
122000239,524,154,370
122000240,964,465,499
122000241,1589,370,1219
122000242,525,132,393
122000243,230,40,190
122000244,68,162,-94
122000245,84,80,4
122000246,326,122,204
122000247,404,284,120
122000248,528,692,-164
122000249,964,805,159
122000250,1369,904,465
122000251,54,399,-345
122000252,195,135,60
122000253,50,145,-95
122000254,186,77,109
122000255,467,604,-137
122000256,216,290,-74
122000257,141,108,33
122000258,239,179,60
122000259,28,290,-262
122000260,163,392,-229
122000261,10,245,-235
122000262,2,26,-24
122000263,224,482,-258
122000264,969,240,729
122000265,1554,668,886
122000266,2608,543,2065
122000267,150,93,57
122000268,101,203,-102
122000269,505,230,275
122000270,378,191,187
122000271,160,956,-796
122000272,231,691,-460
122000273,370,267,103
122000274,192,110,82
122000275,338,124,214
122000276,630,314,316
122000277,817,1073,-256
122000278,1436,404,1032
122000279,197,139,58
122000280,480,300,180
122000281,534,395,139
122000282,212,298,-86
122000283,253,157,96
122000284,193,60,133
122000285,213,53,160
122000286,41,98,-57
122000287,973,933,40
122000288,362,176,186
122000291,1566,552,1014
122000293,124,98,26
122000294,114,200,-86
122000295,918,171,747
122000296,22,405,-383
122000297,1168,2549,-1381
122000299,392,237,155
122000300,297,317,-20
122000301,4061,2111,1950
122000302,388,1499,-1111
122000303,1642,704,938
122000304,31,107,-76
122000305,980,319,661
122000306,37,266,-229
122000307,92,90,2
122000309,40,24,16
122000310,12,107,-95
122000311,115,103,12
122000312,112,220,-108
122000313,157,62,95
122000314,90,203,-113
122000315,214,25,189
122000316,692,167,525
122000317,1410,174,1236
122000318,173,425,-252
122000319,90,154,-64
122000320,163,529,-366
122000321,77,105,-28
122000322,1271,1430,-159
122000323,647,2058,-1411
122000324,1047,1369,-322
122000325,598,2366,-1768
122000326,80,63,17
122000327,312,448,-136
122000328,295,251,44
122000330,1044,858,186
122000333,16,55,-39
122000337,819,392,427
122000338,317,237,80
122000340,115,1226,-1111
122000342,988,444,544
122000343,333,406,-73
122000344,44,3,41
122000345,237,34,203
122000346,217,129,88
122000348,509,419,90
122000349,54,342,-288
122000351,154,208,-54
122000352,203,128,75
122000353,89,95,-6
122000355,148,184,-36
122000356,439,934,-495
122000357,52,18,34
122000358,0,5,-5
122000359,0,6,-6
122000360,0,5,-5
122000362,6,33,-27
122000364,197,153,44
122000365,0,31,-31
122000366,12,8,4
122000368,284,441,-157
122000370,11,12,-1
122000371,21,0,21
122000372,8,3,5
122000381,135,210,-75
122000382,59,158,-99
122000384,874,871,3
122000385,59,1,58
122000386,103,1076,-973
122000387,292,699,-407
122000388,576,500,76
122000389,115,818,-703
122000390,154,204,-50
122000391,83,379,-296
122000392,142,107,35
122000393,328,183,145
122000394,356,111,245
122000395,107,108,-1
122000396,188,85,103
122000397,15,26,-11
122000398,9,50,-41
122000399,128,57,71
122000400,59,567,-508
122000401,117,58,59
122000402,261,93,168
122000403,321,311,10
122000404,125,101,24
122000408,313,560,-247
122000503,9,72,-63
122000524,71,111,-40
122000544,66,1551,-1485
122000614,275,353,-78
122000616,106,2,104
122000640,60,44,16
122000641,165,125,40
122000642,959,572,387
122000643,51,106,-55
122000644,87,30,57
122000645,40,109,-69
122000651,414,1579,-1165
122000664,95,10,85
122000665,786,305,481
122000666,426,740,-314
122000673,40,101,-61
122000674,171,69,102
122000675,1498,383,1115
122000686,363,718,-355
122000687,1038,199,839
122000688,155,205,-50
122000689,744,129,615
122000690,2165,197,1968
122000691,689,557,132
122000692,847,202,645
122000693,279,596,-317
122000695,220,160,60
122000696,410,68,342
122000698,289,213,76
122000699,141,29,112
122000701,1215,160,1055
122000702,274,563,-289
122000703,116,25,91
122000712,0,0,0
122000717,81,37,44
122000718,601,1759,-1158
122000719,74,54,20
122000720,555,65,490
122000724,234,169,65
122900001,23,8,15
122900002,516,4061,-3545
122900003,276,20,256
122900004,1080,50,1030
122900005,88,68,20
122900006,328,514,-186
122900007,41,88,-47
122900008,140,110,30
122900009,430,207,223
122900010,133,90,43
122900012,117,271,-154
122900014,94,124,-30
122900015,419,720,-301
122900016,71,128,-57
122900017,140,442,-302
122900018,92,12,80
122900020,94,228,-134
122900021,30,211,-181
122900022,873,648,225
122900023,270,123,147
122900024,62,82,-20
122900025,14,219,-205
122900026,12,139,-127
122900027,22,295,-273
122900028,59,85,-26
122900029,3279,1713,1566
122900030,1092,347,745
122900031,35,201,-166
122900032,107,195,-88
122900033,136,61,75
122900034,2355,3100,-745
122900035,37,28,9
122900036,38,32,6
122900037,217,78,139
122900038,42,1767,-1725
122900039,75,359,-284
122900040,164,460,-296
122900041,194,261,-67
122900042,100,166,-66
122900043,191,179,12
122900044,50,224,-174
122900045,75,113,-38
122900046,110,188,-78
122900047,70,169,-99
122900048,21,121,-100
122900049,1332,104,1228
122900051,39,156,-117
122900052,159,69,90
122900053,23,20,3
122900055,173,44,129
122900057,133,47,86
122900061,320,93,227
122900062,411,443,-32
122900063,161,97,64
122900064,547,235,312
122900065,414,214,200
122900066,521,341,180
122900067,587,223,364
122900069,198,864,-666
122900070,281,49,232
122900071,92,197,-105
122900073,14,70,-56
122900074,598,165,433
122900075,0,47,-47
122900076,2,137,-135
122900077,5,51,-46
122900078,126,17,109
122900080,18,44,-26
122900081,85,78,7
122900082,782,96,686
122900083,117,90,27
122900084,9,83,-74
122900086,4,65,-61
122900087,386,285,101
122900088,16,315,-299
122900089,119,159,-40
122900090,3,191,-188
122900091,256,0,256
122900092,0,50,-50
122900093,0,91,-91
122900094,5,68,-63
122900095,96,17,79
122900096,218,61,157
122900097,30,43,-13
122900098,40,107,-67
122900099,126,17,109
122900100,35,343,-308
122900101,207,197,10
122900102,53,27,26
122900103,229,10,219
122900104,287,4,283
122900105,9,9,0
122900106,1,24,-23
122900107,9,52,-43
122900108,0,59,-59
122900109,209,74,135
123000001,621,493,128
123000002,1651,4008,-2357
123000003,2964,3116,-152
123000004,2030,2409,-379
123000005,2004,1912,92
123000006,1464,1437,27
123000007,3052,2163,889
123000008,1687,1998,-311
123000009,3191,2139,1052
123000010,2454,2524,-70
123000011,1136,907,229
123000012,445,1877,-1432
123000013,2302,828,1474
123000014,436,2278,-1842
123000015,1391,786,605
123000016,1908,2122,-214
123000017,2497,1469,1028
123000018,78,64,14
123000019,321,44,277
123000020,230,13,217
123000021,129,119,10
123000022,145,1209,-1064
123000023,1335,1393,-58
123000024,1304,600,704
123000025,262,93,169
123000026,37,68,-31
123000027,49,518,-469
123000028,812,917,-105
123000029,461,1059,-598
123000030,158,75,83
123000031,260,72,188
123000032,281,45,236
123000033,276,62,214
123000034,976,610,366
123000035,345,314,31
123000036,201,760,-559
123000037,207,116,91
123000038,48,208,-160
123000039,297,1162,-865
123000040,302,149,153
123000041,621,1131,-510
123000042,468,561,-93
123000043,1116,8302,-7186
123000044,1828,1368,460
123000045,2410,1433,977
123000046,248,903,-655
123000047,625,817,-192
123000048,36,734,-698
123000049,3099,5970,-2871
123000050,1182,1212,-30
123000051,90,138,-48
123000052,538,2527,-1989
123000053,1448,2253,-805
123000054,1151,864,287
123000055,1102,2267,-1165
123000056,818,720,98
123000057,2844,3245,-401
123000058,525,843,-318
123000059,183,272,-89
123000060,592,258,334
123000061,183,434,-251
123000063,608,614,-6
123000064,730,169,561
123000065,2010,1216,794
123000066,288,282,6
123000067,692,308,384
123000068,1240,1238,2
123000069,2581,1109,1472
123000070,149,347,-198
123000071,906,462,444
123000072,832,312,520
123000073,1440,534,906
123000074,833,577,256
123000075,283,846,-563
123000076,561,242,319
123000077,1327,1025,302
123000078,1391,1002,389
123000079,1380,1160,220
123000080,1453,622,831
123000081,107,159,-52
123000082,206,505,-299
123000083,584,191,393
123000084,484,369,115
123000085,348,64,284
123000086,641,83,558
123000087,266,113,153
123000088,1155,241,914
123000089,594,700,-106
123000090,1045,485,560
123000091,929,979,-50
123000092,636,751,-115
123000094,346,100,246
123000095,484,428,56
123000096,641,217,424
123000097,464,278,186
123000098,733,344,389
123000099,547,343,204
123000100,228,482,-254
123000101,352,443,-91
123000102,342,543,-201
123000104,251,388,-137
123000105,313,314,-1
123000106,295,305,-10
123000107,189,288,-99
123000108,291,622,-331
123000111,678,341,337
123000112,871,319,552
123000113,434,460,-26
123000114,242,452,-210
123000115,203,183,20
123000116,37,46,-9
123000117,1196,835,361
123000118,398,408,-10
123000119,186,353,-167
123000120,241,347,-106
123000121,336,516,-180
123000122,211,167,44
123000123,318,391,-73
123000124,271,266,5
123000125,911,871,40
123000126,723,2935,-2212
123000127,398,327,71
123000128,180,170,10
123000129,589,122,467
123000130,640,70,570
123000131,789,695,94
123000132,180,282,-102
123000133,110,191,-81
123000134,144,101,43
123000135,1745,695,1050
123000136,100,269,-169
123000137,67,143,-76
123000138,73,121,-48
123000139,398,73,325
123000140,45,271,-226
123000141,437,109,328
123000142,619,440,179
123000143,688,905,-217
123000144,6,18,-12
123000145,157,96,61
123000146,5,91,-86
123000147,48,101,-53
123000149,180,211,-31
123000150,76,200,-124
123000151,147,330,-183
123000152,27,209,-182
123000153,74,377,-303
123000154,757,1274,-517
123000155,1170,721,449
123000156,16,72,-56
123000157,392,509,-117
123000158,286,511,-225
123000159,2087,2305,-218
123000160,733,679,54
123000161,1092,679,413
123000162,794,1106,-312
123000163,423,95,328
123000164,1217,229,988
123000165,311,611,-300
123000166,36,70,-34
123000167,108,137,-29
123000168,207,125,82
123000169,545,136,409
123000170,65,25,40
123000171,610,4,606
123000172,111,207,-96
123000173,318,246,72
123000174,644,295,349
123000175,328,470,-142
123000176,570,173,397
123000177,198,381,-183
123000178,607,110,497
123000179,45,201,-156
123000180,1211,252,959
123000181,182,568,-386
123000182,209,139,70
123000183,149,396,-247
123000184,70,224,-154
123000185,651,336,315
123000186,49,279,-230
123000187,515,9,506
123000188,335,46,289
123000189,97,124,-27
123000190,33,189,-156
123000192,29,167,-138
123000193,87,443,-356
123000194,201,214,-13
123000195,295,65,230
123000196,238,173,65
123000197,137,72,65
123000198,41,986,-945
123000199,41,507,-466
123000200,527,17,510
123000201,916,22,894
123000202,62,328,-266
123000203,842,70,772
123000204,97,494,-397
123000205,303,674,-371
123000206,1918,249,1669
123000207,88,382,-294
123000208,413,193,220
123000209,1591,607,984
123000210,291,1019,-728
123000211,382,1027,-645
123000212,2644,380,2264
123000213,539,111,428
123000215,40,146,-106
123000216,98,592,-494
123000217,148,35,113
123000218,31,368,-337
123000219,370,86,284
123000220,359,83,276
123000221,137,36,101
123000222,245,158,87
123000223,346,82,264
123000224,293,166,127
123000225,159,22,137
123000226,75,165,-90
123000227,59,108,-49
123000228,216,28,188
123000229,482,768,-286
123000232,34,283,-249
123000233,528,104,424
123000234,71,378,-307
123000235,822,185,637
123000236,158,356,-198
123000237,234,69,165
123000238,37,197,-160
123000239,269,467,-198
123000240,58,432,-374
123000241,162,31,131
123000242,69,70,-1
123000243,599,635,-36
123000244,573,426,147
123000245,16,104,-88
123000249,186,372,-186
123000252,703,196,507
123000253,1157,466,691
123000254,470,457,13
123000255,654,517,137
123000256,13,76,-63
123000257,1239,766,473
123000258,513,354,159
123000259,291,228,63
123000260,395,179,216
123000261,156,62,94
123000262,83,100,-17
123000263,372,53,319
123000264,119,52,67
123000265,29,101,-72
123000266,308,308,0
123000267,448,250,198
123000268,31,46,-15
123000269,36,30,6
123000270,21,43,-22
123000271,50,53,-3
123000272,426,249,177
123000273,213,544,-331
123000274,761,588,173
123000275,182,429,-247
123000278,1371,1603,-232
123000279,97,52,45
123000280,275,163,112
123000281,256,67,189
123000282,73,183,-110
123000283,119,63,56
123000284,62,44,18
123000286,124,317,-193
123000287,350,225,125
123000288,929,693,236
123000289,239,885,-646
123000291,160,589,-429
123000294,165,207,-42
123000295,565,710,-145
123000296,563,366,197
123000297,604,305,299
123000298,618,155,463
123000299,268,174,94
123000300,882,686,196
123000301,72,236,-164
123000302,73,70,3
123000303,66,194,-128
123000305,535,657,-122
123000306,137,48,89
123000309,34,25,9
123000310,24,34,-10
123000311,21,64,-43
123000312,373,348,25
123000313,506,423,83
123000315,87,108,-21
123000316,50,33,17
123000317,155,57,98
123000318,75,126,-51
123000329,9,20,-11
123000337,338,674,-336
123000338,139,129,10
123000339,233,69,164
123000340,75,158,-83
123000342,26,65,-39
123000343,29,5,24
123000344,531,172,359
123000345,209,257,-48
123000346,367,39,328
123000352,490,563,-73
123000353,49,104,-55
123000354,539,6,533
123000355,1,394,-393
123000356,241,7,234
123000357,0,49,-49
123000359,3,55,-52
123000360,122,64,58
123000361,104,165,-61
123000362,262,54,208
123000363,73,77,-4
123000364,291,449,-158
123000365,20,179,-159
123000366,143,1316,-1173
123000367,221,421,-200
123000370,35,104,-69
123000371,381,24,357
123000372,207,23,184
123000373,18,151,-133
123000374,26,54,-28
123000375,308,61,247
123000376,605,414,191
123000377,216,10,206
123000378,6,129,-123
123000379,3,82,-79
123000380,20,231,-211
123000381,34,114,-80
123000382,383,113,270
123000383,48,610,-562
123000384,324,100,224
123000385,44,424,-380
123000436,6,942,-936
123000507,73,117,-44
123000508,79,847,-768
123000517,137,19,118
123000518,18,112,-94
123000519,107,74,33
123000520,14,136,-122
123000521,249,65,184
123000522,94,191,-97
123000541,5,6,-1
123000542,0,4,-4
123000565,937,33,904
123000566,280,183,97
123000567,45,94,-49
123000573,44,348,-304
123000574,570,26,544
123000575,1079,527,552
123000576,616,646,-30
123000577,43,496,-453
123000578,178,93,85
123000579,606,4205,-3599
123000580,113,54,59
123000582,287,24,263
123000583,10,158,-148
123000584,133,171,-38
123000585,0,32,-32
123000586,41,1,40
123000596,46,56,-10
123000597,32,170,-138
123000602,30,11,19
123000603,836,272,564
123000604,518,239,279
123000605,36,1,35
123000606,0,17,-17
123000609,9,168,-159
123000610,95,68,27
123000613,67,173,-106
123000614,192,27,165
123000615,50,112,-62
123000616,470,17,453
123000617,105,125,-20
123000618,51,357,-306
123000619,307,33,274
123000620,36,178,-142
123000622,339,14,325
123000624,141,62,79
123000630,1366,318,1048
123000631,153,393,-240
123000632,444,341,103
123000633,0,7,-7
123000634,38,156,-118
123000635,35,78,-43
123000636,46,222,-176
123000637,133,11,122
123000638,358,16,342
123000639,375,3086,-2711
123000640,11,185,-174
123000648,348,77,271
123000649,28,203,-175
123000650,74,43,31
123000651,9,51,-42
123000652,568,33,535
123000653,66,89,-23
123000654,72,97,-25
123000655,15,169,-154
123000656,90,24,66
123000657,11,69,-58
123000658,245,3,242
123000659,6,997,-991
123000660,447,3,444
123000661,472,35,437
123900001,742,36,706
123900002,24,898,-874
123900003,97,189,-92
123900005,154,119,35
123900006,272,39,233
124000001,1012,101,911
124000002,4,199,-195
124000003,806,114,692
124000004,37,223,-186
124000005,718,270,448
124000006,101,402,-301
124000007,298,93,205
124000008,7,274,-267
124000009,711,116,595
124000010,166,261,-95
124000011,791,205,586
124000012,182,212,-30
124000017,142,81,61
124000018,93,29,64
124000019,113,80,33
124000020,33,57,-24
124000021,73,74,-1
124000022,51,90,-39
124000023,494,141,353
124000024,756,249,507
124000025,532,325,207
124000026,521,245,276
124000027,799,497,302
124000028,922,368,554
124000031,1241,2954,-1713
124000032,950,499,451
124000033,768,494,274
124000034,275,542,-267
124000035,305,158,147
124000036,82,228,-146
124000037,215,913,-698
124000038,19,67,-48
124000039,347,297,50
124000040,218,735,-517
124000041,316,89,227
124000042,120,242,-122
124000043,80,120,-40
124000044,50,72,-22
124000045,723,312,411
124000046,171,351,-180
124000047,1243,444,799
124000048,572,408,164
124000049,1374,383,991
124000050,680,706,-26
124000051,814,279,535
124000052,454,391,63
124000053,398,1330,-932
124000054,499,254,245
124000055,861,2217,-1356
124000056,948,635,313
124000057,973,276,697
124000058,349,577,-228
124000059,637,832,-195
124000060,401,289,112
124000061,861,4488,-3627
124000062,2051,938,1113
124000063,826,797,29
124000064,1066,663,403
124000065,39,244,-205
124000066,121,63,58
124000067,147,81,66
124000068,88,147,-59
124000069,436,96,340
124000070,178,227,-49
124000071,93,85,8
124000072,95,159,-64
124000073,332,89,243
124000074,190,280,-90
124000075,319,19,300
124000076,9,50,-41
124000077,554,409,145
124000078,1465,1022,443
124000079,159,816,-657
124000080,462,151,311
124000081,144,302,-158
124000082,45,141,-96
124000083,26,71,-45
124000084,49,551,-502
124000085,63,20,43
124000086,16,72,-56
124000087,188,73,115
124000088,67,214,-147
124000089,587,152,435
124000090,111,137,-26
124000091,424,85,339
124000092,130,363,-233
124000093,74,82,-8
124000094,79,246,-167
124000095,71,53,18
124000096,97,92,5
124000097,96,92,4
124000098,84,83,1
124000099,171,62,109
124000100,35,100,-65
124000101,90,108,-18
124000102,75,15,60
124000103,117,67,50
124000104,100,29,71
124000105,118,77,41
124000106,120,27,93
124000107,24,180,-156
124000108,38,10,28
124000109,105,85,20
124000110,69,57,12
124000111,157,92,65
124000112,552,299,253
124000113,92,93,-1
124000114,288,184,104
124000115,277,419,-142
124000116,106,150,-44
124000117,21,42,-21
124000118,29,79,-50
124000119,548,358,190
124000120,299,320,-21
124000121,1106,628,478
124000122,317,809,-492
124000123,542,321,221
124000124,231,545,-314
124000125,340,296,44
124000126,201,275,-74
124000127,698,280,418
124000128,346,420,-74
124000129,1266,1063,203
124000130,460,341,119
124000131,608,409,199
124000132,491,479,12
124000133,722,517,205
124000134,527,402,125
124000135,1040,1183,-143
124000136,403,486,-83
124000137,637,506,131
124000138,554,711,-157
124000139,600,120,480
124000140,63,244,-181
124000141,687,24,663
124000142,52,242,-190
124000143,102,7,95
124000144,10,91,-81
124000145,98,68,30
124000146,22,102,-80
124000148,11,76,-65
124000149,831,282,549
124000150,180,397,-217
124000151,538,175,363
124000152,277,532,-255
124000153,582,567,15
124000154,358,349,9
124000155,843,681,162
124000156,591,535,56
124000169,133,268,-135
124000170,299,252,47
124000171,208,156,52
124000172,225,267,-42
124000173,397,154,243
124000174,306,261,45
124000175,10,34,-24
124000176,53,24,29
124000177,8,12,-4
124000178,43,44,-1
124000185,68,11,57
124000186,5,34,-29
124000187,7,36,-29
124000188,105,11,94
124000190,68,64,4
124000191,58,267,-209
124000192,762,322,440
124000193,209,527,-318
124000194,247,233,14
124000195,206,470,-264
124000196,562,446,116
124000197,36,19,17
124000198,42,39,3
124000201,212,311,-99
124000202,549,244,305
124000203,250,150,100
124000204,752,99,653
124000205,88,205,-117
124000206,777,137,640
124000207,1,19,-18
124000209,81,100,-19
124000210,612,85,527
124000211,669,6,663
124000212,1,159,-158
124000213,467,134,333
124000214,339,172,167
124000215,783,45,738
124000216,4,147,-143
124000329,101,549,-448
124000338,73,242,-169
124000339,896,57,839
124000341,1435,63,1372
124000344,13,1,12
124000357,1308,2648,-1340
124000358,1177,2278,-1101
124000359,1028,645,383
124000360,815,436,379
124000361,1290,601,689
124000362,668,738,-70
124000363,223,245,-22
124000364,384,369,15
124000365,595,567,28
124000366,1191,931,260
124000367,78,194,-116
124000368,383,402,-19
124000369,71,80,-9
124000370,25,251,-226
124000402,21,11,10
124000403,150,14,136
124000404,2,21,-19
124000405,584,460,124
124000406,329,341,-12
124000407,1,17,-16
124000411,7,85,-78
124000412,386,3,383
124000413,66,19,47
124000414,144,92,52
124000415,64,34,30
124000416,113,94,19
124000417,168,74,94
124000418,184,42,142
124000419,108,60,48
124000420,124,44,80
124000421,35,47,-12
124000422,13,12,1
124000423,98,17,81
124000424,3,34,-31
124000425,112,18,94
124000426,3,42,-39
124000427,167,3,164
124000428,3,41,-38
124000429,48,35,13
124000430,544,209,335
124000431,426,209,217
124000432,184,335,-151
124000439,40,1,39
124000443,4,16,-12
124000445,294,1540,-1246
124000446,555,177,378
124000447,14,144,-130
124000448,129,8,121
124000449,166,18,148
124000450,9,66,-57
124000451,7,48,-41
124000452,366,78,288
124000453,1709,2520,-811
124000454,971,2986,-2015
124000455,2,571,-569
124000456,967,6,961
124000457,7,180,-173
124000458,8,106,-98
124000459,311,0,311
124000460,2,77,-75
124900001,619,289,330
124900002,109,99,10
124900003,619,222,397
124900004,700,246,454
124900005,160,54,106
124900006,625,221,404
124900008,819,498,321
124900009,82,250,-168
124900010,115,162,-47
124900011,407,181,226
124900012,329,125,204
124900013,566,193,373
124900014,311,106,205
124900015,104,265,-161
124900016,66,55,11
124900017,414,2142,-1728
124900018,285,40,245
124900020,56,33,23
124900021,171,29,142
124900022,345,12,333
124900024,194,3,191
124900026,42,1,41
124900027,121,305,-184
124900028,137,40,97
124900030,2,38,-36
124900031,28,84,-56
124900033,70,104,-34
124900035,95,184,-89
124900036,0,44,-44
124900037,92,103,-11
124900038,125,152,-27
124900039,8,50,-42
124900040,43,59,-16
124900041,243,387,-144
124900042,68,27,41
124900043,218,197,21
124900044,69,0,69
124900045,270,532,-262
124900047,76,122,-46
124900050,309,195,114
124900052,100,210,-110
124900053,161,257,-96
124900054,837,402,435
124900055,1,80,-79
124900057,14,223,-209
124900060,26,95,-69
124900061,201,16,185
124900062,175,15,160
124900066,0,5,-5
124900067,16,137,-121
124900068,108,337,-229
124900070,31,14,17
124900072,243,142,101
124900075,306,362,-56
124900076,64,1111,-1047
124900077,46,101,-55
124900078,65,6,59
124900080,293,211,82
124900081,859,215,644
124900082,278,343,-65
124900083,313,380,-67
124900085,453,299,154
124900086,19,799,-780
124900087,166,40,126
124900088,121,56,65
124900089,608,73,535
124900090,298,170,128
124900091,173,135,38
124900092,153,131,22
124900093,240,112,128
124900094,299,133,166
124900095,73,293,-220
124900096,232,152,80
124900097,272,32,240
124900098,95,117,-22
124900099,168,266,-98
124900100,290,17,273
124900101,146,213,-67
124900102,200,8,192
124900103,92,95,-3
124900104,22,91,-69
124900105,64,54,10
124900106,228,18,210
124900107,68,19,49
124900108,192,120,72
124900111,1,133,-132
124900112,64,156,-92
124900113,40,155,-115
124900114,72,82,-10
124900115,33,19,14
124900116,116,142,-26
124900117,172,134,38
124900118,122,383,-261
124900119,241,99,142
124900120,52,147,-95
124900121,162,203,-41
124900122,90,109,-19
124900123,271,268,3
124900124,183,299,-116
124900125,607,1,606
124900126,5,214,-209
204000001,107,11,96
204000002,14,7,7
204000003,19,3,16
204000004,4,0,4
204000005,517,482,35
204000006,951,1039,-88
204000011,8,28,-20
204000012,39,82,-43
204000019,671,281,390
204000020,608,372,236
204000021,847,526,321
204000022,626,277,349
204000023,482,372,110
204000031,28,8,20
204000032,190,21,169
204000034,87,73,14
204000035,1,1,0
204000036,4,23,-19
204000037,2,31,-29
204000038,0,15,-15
204000039,10,19,-9
204000040,2,9,-7
204000041,6,16,-10
204000042,15,7,8
204000043,46,1,45
204000044,13,1,12
204000045,27,5,22
204000046,7,1,6
204000057,1,3,-2
204000062,37,22,15
204000068,44,314,-270
204000069,100,348,-248
204000070,78,36,42
204000080,41,57,-16
204000085,1461,844,617
204000086,1670,1017,653
204000087,52,7,45
204000088,4,43,-39
204000090,193,138,55
204000093,337,65,272
204000096,892,908,-16
204000097,319,14,305
204000099,761,1316,-555
204000100,1166,1507,-341
204000105,1223,690,533
204000110,215,598,-383
204000111,424,329,95
204000112,447,324,123
204000113,269,385,-116
204000114,620,650,-30
204000115,590,342,248
204000116,372,475,-103
204000119,1674,1897,-223
204000132,632,281,351
204000133,707,124,583
204000134,157,38,119
204000135,591,29,562
204000136,420,169,251
204000138,351,458,-107
204000140,198,109,89
204000141,124,71,53
204000144,6,23,-17
204000145,314,23,291
204000146,18,205,-187
204000147,40,169,-129
204000148,216,49,167
204000154,8,1,7
204000155,2,5,-3
204000177,65,26,39
204000179,2,1,1
204000180,0,2,-2
204000222,0,5,-5
204000235,64,4,60
204000236,33,124,-91
204000238,17,28,-11
204000240,240,72,168
204000263,509,567,-58
204000268,612,488,124
204000308,80,52,28
204000317,40,63,-23
204000322,31,5,26
204000323,3,7,-4
204000328,102,59,43
204000329,105,134,-29
204000330,125,60,65
204000331,137,130,7
204000352,106,1,105
205000001,678,927,-249
205000013,8,44,-36
205000014,15,39,-24
205000015,29,65,-36
205000016,12,65,-53
205000017,28,55,-27
205000022,328,510,-182
205000025,955,588,367
205000029,175,9,166
205000045,176,684,-508
205000046,149,522,-373
205000047,54,219,-165
205000048,270,481,-211
205000049,107,499,-392
205000050,489,172,317
205000059,0,132,-132
205000060,0,71,-71
205000061,1,134,-133
205000062,2,184,-182
205000063,34,136,-102
205000064,24,45,-21
205000065,48,329,-281
205000066,82,409,-327
205000067,39,518,-479
205000069,150,10,140
205000082,86,119,-33
205000110,59,120,-61
205000111,155,148,7
205000112,134,136,-2
205000113,134,192,-58
205000121,180,27,153
205000123,41,127,-86
205000126,434,84,350
205000127,825,135,690
205000128,415,38,377
205000129,799,49,750
205000130,81,11,70
205000131,34,6,28
205000132,62,2,60
205000133,32,0,32
205000134,244,0,244
205000137,62,110,-48
205000138,61,151,-90
205000139,29,58,-29
205000144,58,97,-39
205000145,170,177,-7
205000151,133,16,117
205000152,179,8,171
205000153,296,16,280
205000154,85,25,60
205000155,101,7,94
205000207,4,93,-89
205000233,11,0,11
205000234,0,1,-1
205000243,1,0,1
205000244,0,3,-3
205000245,6,66,-60
205000249,0,12,-12
205000250,0,5,-5
205000264,4,54,-50
206000027,6,5,1
206000028,4,3,1
206000043,3,24,-21
206000053,7,3,4
206000054,0,14,-14
206000055,2,9,-7
206000075,14,20,-6
206000076,23,11,12
206000077,24,10,14
206000078,13,8,5
206000079,28,12,16
206000082,168,43,125
206000100,18,206,-188
206000103,8,8,0
206000104,10,10,0
206000105,6,1,5
206000106,9,7,2
206000125,46,0,46
206000157,24,217,-193
206000170,0,70,-70
206000171,2,122,-120
206000172,5,101,-96
206000173,1,73,-72
206000174,12,23,-11
206000175,0,22,-22
206000176,11,46,-35
206000177,1,35,-34
206000178,1,111,-110
206000179,1,25,-24
206000180,4,43,-39
206000181,16,26,-10
206000182,13,42,-29
206000183,10,84,-74
206000184,5,122,-117
206000185,15,32,-17
206000186,69,246,-177
206000223,8,132,-124
206000226,8,2,6
206000227,22,1,21
206000237,36,103,-67
206000238,10,211,-201
206000239,191,835,-644
206000240,5,48,-43
206000241,0,25,-25
206000242,16,82,-66
206000243,10,59,-49
206000244,35,184,-149
206000245,839,63,776
206000246,283,21,262
206000247,277,11,266
206000248,428,12,416
206000252,34,53,-19
206000258,14,22,-8
206000315,27,7,20
206000317,485,93,392
206000318,749,51,698
206000319,1778,82,1696
206000320,298,42,256
206000321,314,7,307
206000322,440,14,426
206000323,139,6,133
206000324,203,2,201
206000325,120,13,107
206000326,117,10,107
206000327,78,12,66
206000328,175,0,175
206000329,252,3,249
206000330,50,8,42
206000331,223,0,223
206000332,81,4,77
206000333,685,3,682
206000334,301,2,299
206000335,0,12,-12
206000361,5,86,-81
206000392,3,12,-9
206000405,113,0,113
206000441,53,11,42
206000498,29,1,28
206000515,42,28,14
206000530,397,43,354
206000531,210,212,-2
206000532,1207,331,876
206000535,63,1282,-1219
206000536,12,89,-77
206000537,21,106,-85
206000613,1216,191,1025
206000784,356,31,325
207000001,92,410,-318
207000002,79,341,-262
207000003,133,84,49
207000007,1149,186,963
207000008,147,12,135
207000009,80,44,36
207000010,243,200,43
207000012,330,130,200
207000015,169,453,-284
207000019,188,52,136
207000021,344,141,203
207000022,190,114,76
207000023,209,59,150
207000024,3,34,-31
207000025,20,77,-57
207000026,36,27,9
207000027,8,32,-24
207000028,31,128,-97
207000029,107,259,-152
207000033,164,374,-210
207000034,208,105,103
207000039,395,77,318
207000040,509,27,482
207000041,29,20,9
207000042,151,49,102
207000043,163,98,65
207000051,97,108,-11
207000052,15,88,-73
207000053,321,346,-25
207000054,38,52,-14
207000055,189,45,144
207000056,244,175,69
207000057,105,172,-67
207000058,190,162,28
207000059,123,201,-78
207000060,56,150,-94
207000061,138,689,-551
207000062,506,36,470
207000063,441,68,373
207000064,258,80,178
207000065,260,137,123
207000066,333,122,211
207000067,49,61,-12
207000068,106,51,55
207000069,580,211,369
207000082,15,102,-87
207000083,90,105,-15
207000084,304,246,58
207000085,266,19,247
207000086,266,8,258
207000106,43,24,19
207000107,86,8,78
207000108,69,5,64
207000109,60,8,52
207000110,67,48,19
207000111,79,54,25
207000112,56,622,-566
207000114,16,29,-13
207000115,16,39,-23
207000116,18,266,-248
207000117,13,43,-30
207000118,5,24,-19
207000119,16,46,-30
207000123,193,16,177
207000124,83,15,68
207000125,59,18,41
207000126,48,37,11
207000134,110,84,26
207000135,29,101,-72
207000148,61,211,-150
207000149,52,15,37
207000152,91,282,-191
207000153,311,805,-494
207000154,281,128,153
207000159,79,74,5
207000160,89,170,-81
207000238,1,229,-228
207000242,0,59,-59
207000248,33,8,25
207000249,97,19,78
207000250,310,51,259
207000251,41,56,-15
207000252,28,27,1
207000278,112,88,24
207000279,28,57,-29
207000280,703,61,642
207000281,103,409,-306
207000282,70,105,-35
207000283,29,100,-71
207000284,16,395,-379
207000285,30,75,-45
207000291,18,31,-13
207000304,70,43,27
207000306,59,234,-175
207000310,84,44,40
207000353,159,0,159
207000356,9,24,-15
207000357,2,17,-15
207000358,1,14,-13
207000415,1,62,-61
207000416,319,62,257
207000417,38,2,36
207000418,90,89,1
207000438,0,1,-1
207000439,436,413,23
207000446,182,6,176
207000460,39,6,33
207000466,86,97,-11
207000467,321,47,274
207000468,48,105,-57
207000476,3,29,-26
207000477,531,40,491
207000478,2,20,-18
207000523,0,3,-3
207000524,72,0,72
207000527,119,99,20
207000530,453,2,451
207000531,303,16,287
207000532,48,19,29
207000534,205,47,158
207000535,29,216,-187
207000537,21,55,-34
207000540,6,57,-51
207000541,2,177,-175
207000548,10,92,-82
207000549,265,19,246
207000561,153,152,1
207000562,25,70,-45
207000567,141,133,8
207000568,246,18,228
207000569,529,189,340
207000584,115,130,-15
207000585,18,227,-209
207000587,175,28,147
207000616,0,51,-51
207000617,121,0,121
207000624,62,15,47
207000631,13,47,-34
208000001,473,903,-430
208000002,707,426,281
208000003,964,343,621
208000004,681,552,129
208000005,1,8,-7
208000019,540,503,37
208000020,126,296,-170
208000021,251,140,111
208000022,808,251,557
208000028,459,832,-373
208000033,519,332,187
208000034,739,850,-111
208000037,209,18,191
208000040,116,78,38
208000041,621,330,291
208000042,524,380,144
208000047,112,162,-50
208000064,1361,1094,267
208000066,1009,1603,-594
208000070,358,251,107
208000071,508,399,109
208000072,421,601,-180
208000080,219,254,-35
208000081,331,107,224
208000082,272,148,124
208000083,161,186,-25
208000084,5,4,1
208000085,520,311,209
208000086,391,677,-286
208000087,351,579,-228
208000089,1028,240,788
208000090,919,295,624
208000093,156,150,6
208000094,589,499,90
208000095,418,277,141
208000104,906,450,456
208000105,574,616,-42
208000114,115,277,-162
208000115,323,185,138
208000116,468,738,-270
208000117,89,136,-47
208000118,93,106,-13
208000155,478,847,-369
208000158,901,2292,-1391
208000186,1668,2521,-853
208000204,598,952,-354
208000205,1098,648,450
208000282,2125,2088,37
209000004,324,180,144
209000005,36,32,4
209000006,316,194,122
209000007,171,281,-110
209000010,251,111,140
209000011,83,208,-125
209000012,62,93,-31
209000013,175,162,13
209000014,305,404,-99
209000025,419,52,367
209000026,623,105,518
209000027,279,332,-53
209000028,246,274,-28
209000029,275,403,-128
209000030,273,761,-488
209000031,1728,794,934
209000034,152,223,-71
209000035,102,186,-84
209000036,200,109,91
209000037,252,139,113
209000038,122,91,31
209000039,40,89,-49
209000040,142,215,-73
209000041,126,234,-108
209000042,168,203,-35
209000043,354,493,-139
209000044,270,657,-387
209000045,644,247,397
209000046,461,269,192
209000047,268,128,140
209000048,355,225,130
209000049,78,44,34
209000050,113,64,49
209000051,203,108,95
209000052,128,110,18
209000062,49,32,17
209000063,38,27,11
209000064,22,32,-10
209000065,116,18,98
209000066,79,4,75
209000067,119,28,91
209000080,12,153,-141
209000082,59,28,31
209000091,17,38,-21
209000093,32,14,18
209000094,40,86,-46
209000110,19,85,-66
209000111,401,1283,-882
209000112,883,469,414
209000113,1348,548,800
209000114,673,448,225
209000115,55,68,-13
209000116,339,93,246
209000118,7,36,-29
209000119,9,14,-5
209000121,89,298,-209
209000135,29,93,-64
209000142,444,1144,-700
209000143,17,33,-16
209000144,23,72,-49
209000229,171,114,57
209000240,26,151,-125
209000259,43,38,5
209000260,28,438,-410
209000261,8,245,-237
209000262,0,152,-152
209000263,1,158,-157
209000264,0,164,-164
209000265,262,2,260
209000266,43,2,41
209000267,776,10,766
209000268,329,57,272
210000037,57,15,42
210000047,52,7,45
210000048,76,3,73
210000049,33,1,32
210000052,52,29,23
210000053,21,18,3
210000054,35,31,4
210000070,113,1,112
210000071,63,0,63
210000072,21,0,21
210000073,0,14,-14
210000074,0,53,-53
210000075,0,76,-76
210000076,4,126,-122
210000077,10,40,-30
210000078,38,36,2
210000079,19,29,-10
210000080,41,88,-47
210000081,116,17,99
210000082,80,4,76
210000083,61,2,59
210000084,35,0,35
210000085,1,30,-29
210000086,0,48,-48
210000099,24,148,-124
210000100,55,105,-50
210000101,45,104,-59
210000105,29,138,-109
210000159,1,164,-163
210000163,44,136,-92
210000164,168,192,-24
210000168,79,50,29
210000187,0,10,-10
210000188,0,9,-9
210000214,13,0,13
210000219,30,23,7
210000220,67,12,55
210000232,4,11,-7
210000233,22,36,-14
210000234,17,59,-42
210000235,50,38,12
210000245,1,17,-16
210000246,16,0,16
210000258,5,27,-22
210000259,223,48,175
210000282,35,150,-115
210000285,1,72,-71
210000286,4,60,-56
210000290,6,2,4
210000295,38,84,-46
210000296,24,10,14
210000320,147,26,121
210000321,64,17,47
210000338,41,28,13
210000339,103,690,-587
210000340,72,183,-111
210000341,162,197,-35
210000342,151,132,19
210000343,150,125,25
210000344,108,85,23
210000345,90,120,-30
210000346,47,74,-27
210000347,12,42,-30
210000348,80,37,43
210000349,50,18,32
210000350,79,28,51
210000351,141,54,87
210000352,46,30,16
210000353,30,31,-1
210000354,44,35,9
210000355,36,31,5
210000356,5,27,-22
210000357,31,31,0
210000358,123,115,8
210000359,59,70,-11
210000360,106,103,3
210000361,158,98,60
210000362,167,144,23
210000363,297,147,150
210000364,84,94,-10
210000365,113,50,63
210000366,105,46,59
210000367,60,15,45
210000368,115,28,87
210000369,16,13,3
210000370,27,19,8
210000372,5,21,-16
210000373,5,20,-15
210000374,43,15,28
210000375,41,20,21
210000376,34,60,-26
210000404,22,69,-47
210000439,21,19,2
210000472,63,0,63
210000482,34,97,-63
210000564,130,131,-1
210000567,0,43,-43
210000568,154,0,154
211000092,42,18,24
211000094,32,1,31
211000169,187,13,174
211000172,10,143,-133
211000209,0,17,-17
211000226,24,25,-1
211000270,44,6,38
211000275,23,7,16
211000276,73,11,62
211000279,6,27,-21
211000281,72,33,39
211000302,27,14,13
211507980,0,31,-31
211977296,32,9,23
212000003,96,17,79
212000004,9,30,-21
212000005,12,38,-26
212000006,25,43,-18
212000008,125,65,60
212000009,32,58,-26
212000012,64,41,23
212000013,33,32,1
212000014,190,73,117
212000015,319,150,169
212000016,339,296,43
212000027,446,173,273
212000028,306,249,57
212000029,162,118,44
212000030,51,20,31
212000031,66,24,42
212000048,30,157,-127
212000049,21,117,-96
212000050,16,5,11
212000051,174,63,111
212000052,182,94,88
212000053,213,203,10
212000054,277,55,222
212000055,305,79,226
212000056,7,20,-13
212000057,5,9,-4
212000058,94,39,55
212000070,95,69,26
212000077,127,230,-103
212000099,230,144,86
212000108,161,72,89
212000111,152,34,118
212000120,70,33,37
212000138,114,25,89
212000156,4,55,-51
212000158,11,13,-2
212000159,343,41,302
212000160,591,138,453
212000161,61,2,59
212000310,24,10,14
212000311,10,44,-34
212000374,21,2,19
213000001,33,221,-188
213000005,282,95,187
213000006,447,259,188
213000007,61,6,55
213000009,282,249,33
213000010,161,151,10
213000011,147,65,82
213000012,111,120,-9
213000014,77,18,59
213000015,180,8,172
213000016,326,1,325
213000017,65,0,65
213000018,2,37,-35
213000019,0,74,-74
213000020,72,157,-85
213000021,4,49,-45
213000023,218,126,92
213000033,219,1031,-812
213000034,262,130,132
213000035,115,145,-30
213000045,173,214,-41
213000046,133,153,-20
213000047,369,912,-543
213000056,88,11,77
213000069,3,0,3
213000073,0,9,-9
213000074,65,248,-183
213000075,415,1,414
213000076,11,3,8
213000085,6,34,-28
213000086,25,112,-87
213000091,240,9,231
213000092,37,5,32
213000099,110,931,-821
213000100,683,201,482
213000101,541,63,478
213000102,470,148,322
213000103,535,441,94
213000104,52,239,-187
213000105,57,955,-898
213000106,33,90,-57
213000107,167,247,-80
213000108,38,200,-162
213000109,9,106,-97
213000110,19,62,-43
213000111,3,40,-37
213000112,96,97,-1
213000115,33,4,29
213000116,35,271,-236
213000117,6,350,-344
213000118,388,195,193
213000119,36,287,-251
213000120,93,165,-72
213000122,71,201,-130
213000123,221,391,-170
213000124,135,473,-338
213000125,132,20,112
213000126,27,58,-31
213000127,43,162,-119
213000128,117,759,-642
213000129,139,639,-500
213000130,724,366,358
213000132,415,101,314
213000133,643,60,583
213000134,829,10,819
213000136,379,15,364
213000137,483,54,429
213000139,224,10,214
213000147,25,10,15
213000148,13,22,-9
213000149,26,11,15
213000150,1,151,-150
213000151,1,108,-107
213000152,1,88,-87
213000153,3,78,-75
213000154,31,92,-61
213000155,22,90,-68
213000156,83,242,-159
213000157,401,226,175
213000158,194,444,-250
213000159,224,274,-50
213000163,849,92,757
213000165,570,249,321
213000171,80,55,25
213000172,46,98,-52
213000173,2,62,-60
213000174,1,23,-22
213000175,31,19,12
213000176,3,75,-72
213000177,2,15,-13
213000178,28,1,27
213000179,168,48,120
213000180,200,49,151
213000182,46,2,44
213000184,87,238,-151
213000188,283,80,203
213000189,371,33,338
213000190,548,450,98
213000191,384,217,167
213000192,275,176,99
213000193,411,135,276
213000194,1,69,-68
213000195,16,240,-224
213000196,150,920,-770
213000197,408,385,23
213000198,49,3,46
213000200,103,411,-308
213000201,35,38,-3
213000202,6,308,-302
213000203,1464,400,1064
213000204,688,44,644
213000205,225,47,178
213000206,371,18,353
213000207,41,6,35
213000208,38,2,36
213000209,123,1,122
213000210,163,2,161
213000211,6,16,-10
213000212,18,24,-6
213000213,15,54,-39
213000218,840,1074,-234
213000219,365,9,356
213000220,342,7,335
213000223,133,191,-58
213000224,27,44,-17
213000225,53,13,40
213000226,69,18,51
213000227,757,175,582
213000228,438,102,336
213000229,31,21,10
213000230,507,17,490
213000232,86,469,-383
213000233,12,73,-61
213000234,3,87,-84
213000293,28,38,-10
213000294,79,24,55
213000295,25,80,-55
213000296,34,10,24
213000297,11,31,-20
213000298,9,46,-37
213000299,33,12,21
213000300,3,9,-6
213000303,3,22,-19
213000304,0,8,-8
213000305,0,34,-34
213000306,22,62,-40
213000307,59,100,-41
213000308,71,107,-36
213000309,130,44,86
213000310,337,152,185
213000311,147,564,-417
213000315,62,70,-8
213000316,131,31,100
213000322,12,11,1
213000323,20,27,-7
213000340,120,225,-105
213000341,574,67,507
213000346,124,154,-30
213000347,259,273,-14
213000348,0,132,-132
213000349,4,21,-17
213000350,281,500,-219
213000366,67,104,-37
213000367,320,13,307
213000379,24,102,-78
213000386,35,160,-125
213000406,131,162,-31
213000417,865,341,524
213000425,113,20,93
213000426,136,16,120
213000427,47,48,-1
213000428,30,65,-35
213000429,3,6,-3
213000430,67,207,-140
213000431,7,1,6
213000432,1,32,-31
213000433,12,58,-46
213000434,111,69,42
213000435,91,46,45
213000439,28,8,20
213000441,2,0,2
213000443,266,211,55
213000445,1,26,-25
213000446,0,27,-27
213000447,6,28,-22
213000448,7,112,-105
213000449,404,3,401
213000450,18,37,-19
213000451,248,56,192
213000452,14,15,-1
213000453,25,121,-96
213000455,61,1,60
213000456,1,90,-89
213000481,5,6,-1
213000482,42,0,42
213000489,107,61,46
213000491,5,154,-149
213000492,85,1,84
213000493,5,78,-73
213000494,99,49,50
213000496,243,69,174
213000497,26,113,-87
213000498,67,35,32
213000499,116,99,17
213000500,224,31,193
213000501,111,20,91
213000502,99,87,12
213000503,0,18,-18
213000504,2,18,-16
213000505,1,25,-24
213000506,0,3,-3
213000507,1,70,-69
213900244,44,0,44
213900245,0,6,-6
218000003,17,9,8
218000004,22,21,1
218000005,16,24,-8
218000006,44,20,24
218000007,11,5,6
218000012,106,113,-7
218000013,123,130,-7
218000014,251,363,-112
218000019,353,378,-25
218000020,210,264,-54
218000040,8,1,7
218000046,71,38,33
218000047,2,62,-60
218000048,11,28,-17
218000049,52,48,4
218000050,238,109,129
218000051,39,105,-66
218000052,0,31,-31
218000053,1,7,-6
218000054,4,19,-15
218000055,1,10,-9
218000056,9,10,-1
218000057,1,20,-19
218000064,1,6,-5
218000065,80,14,66
218000066,10,24,-14
218000067,79,39,40
218000068,92,55,37
218000069,262,61,201
218000070,164,118,46
218000071,157,159,-2
218000072,144,129,15
218000078,876,320,556
218000079,159,40,119
218000080,112,41,71
218000081,447,101,346
218000082,69,61,8
218000083,31,23,8
218000084,95,49,46
218000085,119,139,-20
218000086,65,58,7
218000087,151,97,54
218000090,9,91,-82
218000091,826,395,431
218000092,73,110,-37
218000093,76,25,51
218000094,346,413,-67
218000099,184,463,-279
218000100,263,175,88
218000101,235,115,120
218000102,436,98,338
218000103,92,66,26
218000104,72,17,55
218000105,20,9,11
218000106,28,8,20
218000107,97,17,80
218000108,1,16,-15
218000112,42,24,18
218000117,48,40,8
218000134,474,236,238
218000135,17,36,-19
218000136,120,58,62
218000137,125,70,55
218000138,30,77,-47
218000139,134,133,1
218000140,392,153,239
218000141,49,30,19
218000142,138,83,55
218000143,46,177,-131
218000144,35,69,-34
218000145,276,160,116
218000146,63,114,-51
218000151,4,5,-1
218000152,76,21,55
218000170,3,19,-16
218000171,56,4,52
218000172,13,10,3
218000173,11,10,1
218000174,13,5,8
218000176,236,44,192
218000177,356,150,206
218000178,98,106,-8
218000179,188,41,147
218000180,129,18,111
218000181,286,32,254
218000187,32,44,-12
218000188,16,28,-12
218000189,25,55,-30
218000190,0,3,-3
218000191,155,25,130
218000192,163,70,93
218000193,360,152,208
218000194,118,130,-12
218000195,120,45,75
218000196,291,144,147
218000197,339,188,151
218000198,39,64,-25
218000199,29,16,13
218000200,66,32,34
218000201,19,4,15
218000202,56,302,-246
218000207,4,8,-4
218000208,21,37,-16
218000211,27,28,-1
218000213,62,70,-8
218000214,4,20,-16
218000215,30,43,-13
218000217,2,42,-40
218000218,143,34,109
218000219,5,8,-3
218000220,33,234,-201
218000221,326,180,146
218000222,5,56,-51
218000223,22,239,-217
218000224,9,92,-83
218000225,237,16,221
218000226,177,37,140
218000232,43,45,-2
218000239,96,10,86
218000240,5,2,3
218000241,22,0,22
218000242,11,1,10
218000243,22,5,17
218000244,32,3,29
218000245,25,1,24
218000246,0,0,0
218000247,1,0,1
218000248,0,18,-18
218000249,0,3,-3
218000250,2,26,-24
218000251,4,83,-79
218000252,4,321,-317
218000253,0,173,-173
218000254,0,57,-57
218000255,3,16,-13
218000256,14,98,-84
218000267,294,704,-410
218000268,12,18,-6
218000269,4,7,-3
218000270,101,19,82
218000271,12,21,-9
218000273,30,4,26
218000274,11,6,5
218000275,39,58,-19
218000276,20,25,-5
218000278,16,27,-11
218000279,75,22,53
218000280,8,8,0
218000281,10,20,-10
218000282,355,481,-126
218000284,46,2,44
218000301,65,72,-7
218000302,42,21,21
218000303,9,60,-51
218000316,628,485,143
218000317,1229,429,800
218000318,767,360,407
218000319,1050,470,580
218000320,769,320,449
218000338,27,31,-4
218000345,47,68,-21
218000346,27,152,-125
218000459,19,102,-83
218000490,10,35,-25
218000501,88,21,67
218000502,60,29,31
218000503,97,13,84
218000504,129,15,114
218000505,27,85,-58
218000506,26,169,-143
218000508,2,6,-4
218000510,106,17,89
218000520,65,79,-14
218000521,14,30,-16
218000522,1,71,-70
218000523,96,6,90
218000524,8,131,-123
218000525,75,23,52
218000526,11,103,-92
218000529,30,94,-64
218000531,17,3,14
218000532,23,8,15
218000534,141,17,124
218000537,23,46,-23
218000538,63,207,-144
218000540,57,53,4
218000543,111,62,49
218000544,28,62,-34
218000545,90,72,18
218000546,35,57,-22
218000547,100,148,-48
218000548,79,67,12
218000549,425,245,180
218000550,138,126,12
218000551,69,580,-511
218000552,208,71,137
218000553,26,109,-83
218000554,31,34,-3
218000555,26,45,-19
218000556,232,97,135
218000557,314,118,196
218000558,32,0,32
218000559,0,25,-25
218000560,0,29,-29
218000561,13,0,13
218000562,17,123,-106
218000563,139,27,112
218000564,1,77,-76
218000565,76,16,60
218000566,35,16,19
218000567,1,97,-96
218000568,4,4,0
218000569,5,86,-81
218000570,25,9,16
218000571,1,79,-78
218000572,120,1,119
218000573,3,144,-141
218000574,20,13,7
218000575,99,0,99
218000576,3,46,-43
218000577,53,0,53
218000578,1,69,-68
218000579,13,3,10
218000581,4,62,-58
218000582,29,2,27
218000583,5,1,4
218000584,0,38,-38
218000585,24,3,21
218000586,8,16,-8
218000587,1,3,-2
218000588,1,4,-3
218000589,0,19,-19
218000590,3,1,2
218000591,8,6,2
218000592,2,17,-15
218000601,1,2,-1
218000602,2,3,-1
218000603,0,1,-1
218000604,5,0,5
218000605,0,38,-38
218000606,73,0,73
218000607,6,23,-17
218000608,43,12,31
218000609,2,27,-25
218000610,45,3,42
218000611,24,1,23
218000612,0,9,-9
218000613,35,0,35
218000614,0,11,-11
218000615,105,4,101
218000616,1,37,-36
218000617,7,2,5
218000618,0,6,-6
218000619,10,2,8
218000620,1,6,-5
218000621,0,3,-3
218000622,0,41,-41
218000623,21,1,20
218000624,0,6,-6
218000625,7,2,5
218000626,0,14,-14
218000628,194,45,149
218000631,32,6,26
218000632,3,108,-105
218000633,61,0,61
218000634,3,7,-4
218000635,8,6,2
218000636,788,530,258
218000637,873,221,652
218000638,203,17,186
218000639,8,51,-43
218000640,262,12,250
218000641,80,114,-34
218000652,27,20,7
218000653,197,33,164
218000663,7,133,-126
218000675,48,41,7
218000680,122,171,-49
218000681,399,84,315
218000691,240,58,182
218000693,394,100,294
218000718,27,527,-500
218000719,147,282,-135
218000720,7,177,-170
218000721,47,18,29
218001147,2,120,-118
218001214,19,65,-46
218001258,245,14,231
218001329,95,80,15
218001330,75,49,26
218001351,13,20,-7
218001352,21,13,8
218001353,8,4,4
218001354,4,18,-14
218001355,19,84,-65
218001356,342,45,297
218001357,33,76,-43
218001358,238,24,214
218001361,492,7,485
218001362,0,62,-62
219000001,25,30,-5
219000002,8,40,-32
219000003,39,27,12
219000004,29,42,-13
219000017,62,79,-17
219000020,122,18,104
219000022,102,1,101
219000023,39,0,39
219000029,0,30,-30
219000034,33,18,15
219000039,67,107,-40
219000040,35,73,-38
219000041,121,24,97
219000051,0,31,-31
219000052,0,33,-33
219000053,0,44,-44
219000055,269,1,268
219000056,7,0,7
219000057,51,0,51
219000062,28,63,-35
219000063,82,7,75
219000064,1,38,-37
219000110,245,101,144
219000111,32,41,-9
219000112,162,29,133
219000113,147,32,115
219000114,168,30,138
219000116,116,24,92
219000117,150,63,87
219000118,84,46,38
219000123,157,71,86
219000124,38,42,-4
219000125,29,8,21
219000126,48,136,-88
219000127,0,14,-14
219000128,11,98,-87
219000129,15,127,-112
219000130,205,493,-288
219000131,482,740,-258
219000133,22,68,-46
219000134,17,36,-19
219000135,20,41,-21
219000136,48,173,-125
219000138,36,10,26
219000139,43,11,32
219000140,41,3,38
219000141,37,63,-26
219000142,3,44,-41
219000143,6,36,-30
219000145,16,29,-13
219000146,4,24,-20
219000147,1,14,-13
219000148,8,14,-6
219000149,3,25,-22
219000150,1,23,-22
219000151,2,20,-18
219000157,176,116,60
219000158,107,154,-47
219000161,113,11,102
219000163,690,395,295
219000166,78,129,-51
219000167,119,132,-13
219000168,186,89,97
219000174,371,118,253
219000175,83,7,76
219000176,145,3,142
219000177,59,4,55
219000178,49,1,48
219000179,15,1,14
219000180,36,26,10
219000182,91,18,73
219000183,75,17,58
219000184,97,8,89
219000185,1,25,-24
219000186,91,14,77
219000187,8,38,-30
219000189,47,129,-82
219000190,74,143,-69
219000191,232,1195,-963
219000192,160,115,45
219000193,118,89,29
219000195,1,28,-27
219000196,8,55,-47
219000198,18,67,-49
219000199,27,139,-112
219000200,58,96,-38
219000201,34,124,-90
219000203,14,98,-84
219000204,100,234,-134
219000205,37,184,-147
219000207,83,166,-83
219000209,55,38,17
219000210,22,58,-36
219000213,18,77,-59
219000239,130,151,-21
219000240,167,277,-110
219000241,134,98,36
219000242,51,88,-37
219000243,78,140,-62
219000244,9,48,-39
219000245,27,32,-5
219000246,18,18,0
219000247,194,21,173
219000248,325,265,60
219000249,116,75,41
219000250,133,101,32
219000251,368,211,157
219000252,208,117,91
219000253,318,73,245
219000255,141,107,34
219000256,208,68,140
219000257,82,0,82
219000262,54,49,5
219000263,69,98,-29
219000267,1,38,-37
219000268,2,7,-5
219000269,3,2,1
219000270,19,1,18
219000271,153,2,151
219000278,1,5,-4
219000279,0,4,-4
219000283,0,2,-2
219000295,16,48,-32
219000296,33,166,-133
219000297,26,43,-17
219000298,31,51,-20
219000299,363,34,329
219000300,19,67,-48
219000301,124,203,-79
219000302,41,157,-116
219000307,20,13,7
219000308,62,42,20
219000311,172,58,114
219000312,386,156,230
219000313,372,51,321
219000314,40,162,-122
219000315,217,38,179
219000316,500,32,468
219000317,134,10,124
219000320,0,36,-36
219000321,0,9,-9
219000323,9,26,-17
219000325,2,4,-2
219000326,40,32,8
219000327,57,24,33
219000328,22,42,-20
219000329,188,104,84
219000330,27,22,5
219000331,32,32,0
219000332,84,60,24
219000333,27,12,15
219000335,71,2,69
219000337,31,1,30
219000338,54,1,53
219000344,25,61,-36
219000345,44,65,-21
219000346,17,42,-25
219000348,143,47,96
219000349,51,69,-18
219000350,86,276,-190
219000351,3,7,-4
219000352,303,48,255
219000353,133,38,95
219000354,185,43,142
219000355,147,50,97
219000356,323,1351,-1028
219000363,104,75,29
219000364,104,44,60
219000365,105,16,89
219000366,131,367,-236
219000368,209,451,-242
219000370,507,476,31
219000371,11,21,-10
219000382,7,29,-22
219000383,285,933,-648
219000385,235,417,-182
219000386,433,1431,-998
219000387,1,14,-13
219000390,1,1,0
219000391,10,1,9
219000397,33,38,-5
219000398,18,49,-31
219000401,8,52,-44
219000402,15,45,-30
219000403,79,233,-154
219000404,22,100,-78
219000407,8,25,-17
219000409,71,36,35
219000410,139,37,102
219000411,82,8,74
219000446,52,242,-190
219000447,1,18,-17
219000448,11,28,-17
219000452,52,58,-6
219000453,61,186,-125
219000454,137,223,-86
219000556,247,67,180
219000558,86,91,-5
219000590,18,109,-91
219000591,78,45,33
219000592,61,180,-119
219000595,0,4,-4
219000635,138,12,126
219000636,26,38,-12
219000657,12,16,-4
219000658,25,74,-49
219000673,0,14,-14
219000676,5,0,5
219000679,24,7,17
219000684,86,8,78
219000685,0,29,-29
219000686,1,2,-1
219000688,0,36,-36
219000689,9,100,-91
219000690,96,6,90
219000691,30,112,-82
219000692,96,15,81
219000693,0,14,-14
219000694,6,0,6
219000695,42,5,37
219000698,13,0,13
219000699,0,24,-24
219000727,0,53,-53
219000728,73,0,73
219000770,18,0,18
219000771,0,22,-22
219000788,257,311,-54
219001150,1,32,-31
219001151,0,5,-5
219001166,48,53,-5
219001167,0,38,-38
219001178,45,2,43
220000001,13,68,-55
220000002,2,78,-76
220000003,179,136,43
220000004,197,193,4
220000005,442,864,-422
220000006,118,429,-311
220000007,363,171,192
220000008,323,301,22
220000009,217,238,-21
220000010,90,44,46
220000011,302,2289,-1987
220000012,27,124,-97
220000014,127,32,95
220000015,46,317,-271
220000017,16,139,-123
220000018,3067,816,2251
220000019,59,292,-233
220000020,314,100,214
220000021,508,113,395
220000022,825,216,609
220000023,312,109,203
220000024,923,385,538
220000025,457,1009,-552
220000026,285,339,-54
220000027,8,77,-69
220000028,19,32,-13
220000029,39,41,-2
220000030,24,52,-28
220000031,410,263,147
220000064,13,731,-718
221000046,3,0,3
221000047,0,0,0
221000048,0,1,-1
221000049,0,8,-8
221000050,3,1,2
221000055,40,28,12
221000057,64,7,57
221000068,191,95,96
221000069,193,38,155
221000070,139,25,114
221000071,65,16,49
221000072,144,6,138
221000073,111,23,88
221000074,0,12,-12
221000075,9,12,-3
221000076,7,6,1
221000077,6,50,-44
221000081,9,3,6
221000082,80,5,75
221000083,10,4,6
221000084,9,2,7
221000085,8,34,-26
221000086,16,49,-33
221000087,1,63,-62
221000088,6,59,-53
221000089,16,110,-94
221000090,49,324,-275
221000098,108,13,95
221000099,167,13,154
221000100,103,4,99
221000101,214,29,185
221000102,134,9,125
221000109,3,49,-46
221000110,5,39,-34
221000111,15,102,-87
221000112,15,80,-65
221000113,7,84,-77
221000114,4,74,-70
221000120,16,11,5
221000121,2,47,-45
221000122,14,9,5
221000123,17,9,8
221000124,9,87,-78
221000155,64,19,45
221000156,35,37,-2
221000175,2,13,-11
221000176,0,1,-1
221000182,46,4,42
221000241,356,195,161
221000242,94,258,-164
221000243,411,165,246
221000244,179,394,-215
221000245,84,58,26
221000246,53,245,-192
221000247,108,70,38
221000248,163,103,60
221000267,24,355,-331
221000325,20,19,1
221000331,7,30,-23
221000338,17,15,2
221000378,175,29,146
221000381,25,74,-49
222000282,7,3,4
222000296,0,5,-5
222000568,237,8,229
222000569,134,44,90
222000570,99,16,83
222000571,295,12,283
222000577,12,48,-36
222000578,14,81,-67
222000579,27,58,-31
222000580,40,322,-282
222000599,0,79,-79
222000600,5,147,-142
222000601,3,417,-414
222000603,11,24,-13
222000604,1,27,-26
222000605,18,11,7
222000606,0,16,-16
222000607,3,5,-2
222000608,24,15,9
222000609,22,52,-30
222000616,477,16,461
222000617,0,13,-13
222000618,5,3,2
222000620,11,11,0
222000621,18,9,9
222000623,400,2,398
222000624,328,4,324
222000625,440,36,404
222000636,31,4,27
222000686,8,8,0
222000687,32,10,22
222001066,213,1,212
222001067,18,1,17
222001068,36,4,32
222001069,59,11,48
222001082,7,14,-7
222001083,17,12,5
222001084,0,26,-26
222001085,0,77,-77
222001111,35,37,-2
222001112,142,23,119
222001313,12,5,7
222001314,4,59,-55
222001464,256,27,229
222001465,5,59,-54
222001484,136,24,112
222001485,21,30,-9
222001494,586,81,505
222001495,54,73,-19
222001496,331,70,261
222001497,72,163,-91
222001502,19,34,-15
222001503,69,28,41
222001504,23,142,-119
222001505,283,9,274
222001506,46,217,-171
222001507,208,15,193
222001510,487,16,471
222001511,51,93,-42
222001514,438,91,347
222001515,87,217,-130
222001518,353,43,310
222001519,79,87,-8
222001527,146,31,115
222001528,17,100,-83
222001529,309,21,288
222001530,77,78,-1
222001533,116,100,16
222001534,299,64,235
222001535,290,220,70
222001536,27,91,-64
222001537,267,41,226
222001538,37,219,-182
222001563,836,57,779
222001564,57,172,-115
222001568,151,148,3
222001576,0,5,-5
222001579,0,4,-4
222001583,14,48,-34
222001584,96,6,90
222001596,300,817,-517
222001597,945,245,700
222001626,1,68,-67
222001650,27,96,-69
222001651,46,346,-300
222001914,211,29,182
222001915,26,188,-162
222001968,386,230,156
222001969,206,246,-40
222001970,119,256,-137
222001971,23,3,20
222001972,3,8,-5
225000001,268,164,104
225000002,461,135,326
225000003,636,55,581
225000004,390,118,272
225000005,90,28,62
225000006,1,159,-158
225000007,683,730,-47
225000010,280,14,266
225000011,133,861,-728
225000012,179,469,-290
225000013,58,89,-31
225000014,495,75,420
225000015,75,57,18
225000021,532,105,427
225000027,99,206,-107
225000032,534,79,455
225000042,51,274,-223
225000049,35,42,-7
225000050,82,9,73
225000053,2,137,-135
225000058,535,171,364
225000067,163,62,101
225000068,60,115,-55
225000069,63,229,-166
225000070,62,144,-82
225000071,17,43,-26
225000075,7,381,-374
225000076,34,66,-32
225000078,67,56,11
225000085,51,104,-53
225000086,196,52,144
225000087,173,9,164
225000088,17,96,-79
225000089,96,800,-704
225000090,27,326,-299
225000091,121,61,60
225000092,23,39,-16
225000093,164,138,26
225000094,13,107,-94
225000095,194,182,12
225000096,167,230,-63
225000098,482,250,232
225000099,238,141,97
225000100,308,147,161
225000104,84,173,-89
225000110,5,165,-160
225000111,136,446,-310
225000112,170,550,-380
225000113,115,422,-307
225000114,59,174,-115
225000115,749,363,386
225000116,451,157,294
225000117,651,223,428
225000118,804,195,609
225000119,255,57,198
225000120,537,26,511
225000121,171,16,155
225000123,410,10,400
225000125,414,78,336
225000126,515,114,401
225000127,349,921,-572
225000128,368,609,-241
225000132,417,29,388
225000133,221,36,185
225000134,545,150,395
225000135,35,9,26
225000136,277,16,261
225000137,201,30,171
225000138,429,67,362
225000143,39,150,-111
225000144,6,198,-192
225000145,31,37,-6
225000146,47,43,4
225000147,34,109,-75
225000148,10,62,-52
225000149,43,148,-105
225000151,39,86,-47
225000155,315,199,116
225000156,122,525,-403
225000157,278,196,82
225000158,63,140,-77
225000171,12,69,-57
225000180,50,26,24
225000181,0,48,-48
225000182,74,6,68
225000185,4,326,-322
225000187,25,236,-211
225000191,65,0,65
225000194,0,4,-4
225000208,0,43,-43
225000209,68,9,59
225000210,10,128,-118
225000217,0,16,-16
225000218,17,0,17
225000223,0,52,-52
225000224,36,0,36
225000225,0,20,-20
225000226,23,2,21
225000227,26,53,-27
225000228,7,5,2
225000229,0,45,-45
225000230,27,0,27
225000231,0,23,-23
225000232,142,0,142
225000241,50,0,50
225000242,0,22,-22
225000249,9,1,8
225000250,39,270,-231
225000251,328,22,306
226000042,93,291,-198
226000043,36,157,-121
226000044,59,183,-124
226000045,41,140,-99
226000046,429,86,343
226000047,342,96,246
226000048,302,67,235
226000049,267,161,106
226000070,0,9,-9
226000071,0,26,-26
226000072,0,15,-15
226000073,0,4,-4
226000074,0,4,-4
226000084,1,19,-18
226000085,1,13,-12
226000086,1,2,-1
226000087,1,10,-9
226000088,6,10,-4
226000090,279,73,206
226000091,7,34,-27
226000092,1,6,-5
226000093,10,1,9
226000094,7,4,3
226000095,11,5,6
226000105,1,6,-5
226000106,2,0,2
226000107,8,0,8
226000108,8,4,4
226000109,77,0,77
226000124,61,46,15
226000134,706,435,271
226000135,1200,422,778
226000136,464,304,160
226000137,1,136,-135
226000138,9,120,-111
226000139,0,7,-7
226000156,226,2,224
226000157,141,5,136
226000163,124,110,14
226000202,14,90,-76
226000231,440,5,435
226000232,20,7,13
227000037,448,21,427
227000038,174,35,139
227000049,0,51,-51
227000050,1,45,-44
227000055,53,1,52
227000056,37,0,37
227000084,5,58,-53
227000085,0,47,-47
227000088,23,2,21
227000089,74,1,73
227000090,28,3,25
227000091,13,1,12
227000093,94,0,94
227000094,1,0,1
227000130,17,152,-135
227000131,15,125,-110
227000132,12,83,-71
227000133,15,90,-75
227000134,12,151,-139
227000152,0,12,-12
227000153,0,93,-93
227000155,7,13,-6
227000156,0,8,-8
227000165,13,201,-188
227000196,27,77,-50
227000199,433,4,429
227000230,8,94,-86
227000232,318,25,293
227000241,503,27,476
227000242,39,252,-213
227000243,388,81,307
227000244,366,76,290
227000245,20,178,-158
227000246,45,207,-162
227000247,388,35,353
227000248,156,41,115
227000249,19,145,-126
227000251,82,261,-179
227000252,24,125,-101
227000253,217,27,190
227000262,416,56,360
227000266,826,17,809
227000267,17,504,-487
227000486,207,184,23
227000655,290,1,289
227000661,37,13,24
227000680,64,45,19
229000265,8,16,-8
229000296,1,16,-15
229000297,2,18,-16
229000298,2,60,-58
229000320,7,7,0
229000321,8,2,6
229000412,4,15,-11
229000414,3,30,-27
229000415,11,0,11
229000416,1,9,-8
229000417,0,3,-3
229000419,41,200,-159
229000440,228,46,182
229000442,21,0,21
229000443,0,2,-2
229000444,2,24,-22
229000445,65,6,59
229000446,65,6,59
229000847,47,1,46
229000848,13,0,13
229000849,78,1,77
229000851,46,1,45
229000854,0,6,-6
229000856,1,26,-25
229000857,0,9,-9
229000858,0,22,-22
229000919,4,35,-31
229000930,2,187,-185
229000937,105,8,97
229000966,42,43,-1
229000981,19,4,15
229000985,20,21,-1
229000986,1,2,-1
229000987,0,0,0
229000988,1,2,-1
229000989,20,3,17
229000990,0,0,0
229000991,0,0,0
229000992,12,4,8
229000993,63,15,48
229000998,12,31,-19
229000999,55,12,43
229001034,1,5,-4
229001035,4,2,2
229001037,29,2,27
229001042,10,16,-6
229001047,11,26,-15
229001050,52,24,28
229001200,13,4,9
229001338,0,4,-4
229001394,213,6,207
229001422,128,28,100
229001423,19,65,-46
229001431,44,58,-14
229001432,16,34,-18
229001444,140,46,94
229001445,10,80,-70
229001503,220,85,135
229001504,106,63,43
229001505,114,44,70
229001506,55,57,-2
229001509,43,9,34
229001545,118,9,109
229001546,9,37,-28
229001553,71,14,57
229001554,23,40,-17
229001559,0,1,-1
229001560,5,26,-21
229001630,60,3,57
229001631,4,12,-8
229001635,0,8,-8
229001636,4,0,4
229001658,0,62,-62
229001659,61,2,59
229001660,9,3,6
229001661,1,22,-21
229001662,22,0,22
229001663,0,23,-23
229002584,98,105,-7
229002831,53,52,1
229002841,4,5,-1
229002842,28,12,16
229002843,25,4,21
229002844,19,8,11
229002845,11,81,-70
229002846,11,16,-5
229002847,1,20,-19
229002848,10,13,-3
229002849,1,54,-53
229002850,5,0,5
229002851,47,103,-56
229002852,98,2,96
229002853,77,13,64
229002854,30,33,-3
229002855,9,17,-8
229002856,22,11,11
229002857,19,98,-79
229002858,13,9,4
229002859,12,94,-82
229002860,93,13,80
229002861,25,16,9
229002862,7,2,5
229002863,26,7,19
229002864,15,12,3
229002865,9,5,4
229002866,5,5,0
229002867,4,16,-12
229002868,9,4,5
229002869,22,81,-59
229002870,42,17,25
235000066,161,25,136
235000067,56,41,15
235000072,16,58,-42
235000073,58,256,-198
235000074,30,12,18
235000080,18,38,-20
235000081,79,60,19
235000082,235,11,224
235000083,173,15,158
235000084,43,41,2
235000085,154,23,131
235000089,12,14,-2
235000092,28,78,-50
235000093,6,6,0
235000097,0,7,-7
235000098,39,9,30
235000099,14,8,6
235000116,20,6,14
235000117,242,12,230
235000133,7,320,-313
235000134,14,135,-121
235000206,3,0,3
235000207,5,6,-1
235000208,2,5,-3
235000209,2,1,1
235000210,4,1,3
235000212,2,10,-8
235000213,1,7,-6
235000220,1,2,-1
235000221,32,16,16
235000238,11,152,-141
235000239,3,42,-39
235000242,251,604,-353
235000245,237,113,124
235000246,4,45,-41
235000284,0,174,-174
235000295,77,18,59
235000305,268,21,247
235000306,296,8,288
235000307,24,1,23
235000308,8,1,7
235000309,54,1,53
235000310,16,0,16
235000311,32,13,19
235000322,0,5,-5
235000323,0,25,-25
235000324,0,23,-23
235000325,0,7,-7
235000326,14,45,-31
235000351,5,61,-56
235000352,9,46,-37
235000353,3,25,-22
235000354,3,44,-41
235000355,5,101,-96
235000356,42,6,36
235000357,22,3,19
235000358,16,6,10
235000359,5,9,-4
235000360,18,0,18
235000361,39,2,37
235000381,57,58,-1
235000382,115,23,92
235000390,5,4,1
235000391,186,10,176
235000392,249,180,69
235000393,88,146,-58
235000395,77,25,52
235000396,336,25,311
235000400,48,48,0
235000401,6,76,-70
235000405,71,95,-24
235000406,26,81,-55
235000407,25,34,-9
235000409,99,41,58
235000410,25,84,-59
235000411,0,21,-21
235000485,0,9,-9
235000486,8,0,8
235000549,65,34,31
235000550,79,33,46
235000599,107,16,91
235000600,8,12,-4
235000601,10,12,-2
235000602,75,25,50
235000614,2,2,0
235000648,1,7,-6
235000649,14,7,7
235000685,0,8,-8
235000815,18,206,-188
235000834,0,6,-6
235000855,21,15,6
235000862,32,46,-14
235000891,0,9,-9
235000892,6,0,6
235000901,49,30,19
235000907,3,8,-5
235001010,85,21,64
235001029,153,136,17
235001030,290,108,182
235001078,48,74,-26
235001079,39,35,4
235001147,16,24,-8
235001166,10,27,-17
235001167,32,4,28
235001169,18,350,-332
235001188,0,4,-4
235001189,5,0,5
235001197,6,6,0
235001200,38,30,8
235001207,340,23,317
235001210,46,56,-10
235001215,16,69,-53
235001239,0,30,-30
235001244,0,9,-9
235016267,0,26,-26
277102712,0,0,0
277103813,0,0,0
277104249,0,1,-1
277104250,0,3,-3
277104251,0,7,-7
277104252,0,0,0
990011530,1,137,-136
990014944,1,154,-153
990015176,45,6,39
990016032,0,111,-111
990032570,0,25,-25
990070001,43,2,41
990070103,0,4,-4
990070601,0,25,-25
990070751,896,5,891
990070766,0,105,-105
990071180,280,119,161
990071343,17,1,16
990071387,0,7,-7
990071823,29,0,29
990072600,1,1027,-1026
990072964,1,197,-196
990073285,0,1,-1
990074393,1,326,-325
990074870,1342,9,1333
990075106,560,2,558
990075746,552,36,516
990076437,1355,16,1339
990076458,4,177,-173
997000007,251,16,235
997000041,1,102,-101
997000058,44,0,44
997000062,13,1,12
997000069,0,2,-2
997000070,0,8,-8
997000100,28,0,28
997000141,1,550,-549
997000198,11,348,-337
998000475,0,0,0
998000736,1,71,-70
998000965,0,5,-5
998001031,0,49,-49
998001700,0,13,-13
998001899,0,0,0
998001900,6,2,4
998003073,656,8,648
998101900,0,0,0
998102850,1,128,-127
998501927,357,953,-596
998501929,105,4,101
998501930,45,1,44
998501931,85,2,83
998501932,2,0,2
998501933,37,0,37
998501937,9,0,9
998501944,0,0,0
998501950,0,4,-4
998501970,37,1,36
998501971,0,30,-30
998501973,0,8,-8
998501974,1,142,-141
998501975,37,0,37
998501976,149,1,148
998501977,1,7,-6
998501978,11,1,10
998501979,0,6,-6
998501980,26,2,24
998501981,19,0,19
998501982,0,90,-90
998501983,0,2,-2
998502006,0,0,0
998502032,0,3,-3
998502062,4,0,4
998502063,0,0,0
998502173,35,0,35
998502269,0,1,-1
998502546,1,121,-120
998502578,2,0,2
998502599,5,275,-270
998502621,0,0,0
998601159,3,28,-25
998601292,0,5,-5
999033574,1,154,-153
999800001,20,3,17
999800002,0,13,-13
999800003,0,0,0
999800004,0,0,0
999800005,0,5,-5
