ID,insum,outsum,diff
100000001,407,466,-59
100000002,3462,885,2577
100000003,3862,2356,1506
100000004,853,717,136
100000005,1818,3197,-1379
100000006,809,98,711
100000007,2461,544,1917
100000008,191,383,-192
100000009,495,206,289
100000010,88,28,60
100000011,905,77,828
100000012,142,574,-432
100000013,67,167,-100
100000014,385,299,86
100000015,1892,1920,-28
100000016,982,1226,-244
100000017,829,721,108
100000018,1432,525,907
100000019,3688,1682,2006
100000020,1496,4940,-3444
100000021,4107,1915,2192
100000022,1644,1178,466
100000023,4727,1024,3703
100000025,1469,600,869
100000028,1546,680,866
100000029,165,174,-9
100000030,279,44,235
100000031,3013,4834,-1821
100000032,1965,2858,-893
100000033,881,1802,-921
100000034,430,306,124
100000035,1369,819,550
100000036,1734,962,772
100000037,519,435,84
100000038,1631,872,759
100000039,518,187,331
100000040,170,129,41
100000041,977,443,534
100000042,1022,358,664
100000043,923,308,615
100000044,389,553,-164
100000045,566,968,-402
100000046,548,915,-367
100000047,275,567,-292
100000048,415,585,-170
100000049,1490,1852,-362
100000051,482,864,-382
100000053,195,2,193
100000054,702,47,655
100000055,1688,224,1464
100000056,498,454,44
100000057,1459,604,855
100000058,874,1018,-144
100000059,14,88,-74
100000060,264,347,-83
100000061,1990,422,1568
100000062,1760,449,1311
100000063,599,227,372
100000064,1126,328,798
100000065,363,773,-410
100000066,200,625,-425
100000067,440,665,-225
100000068,494,1361,-867
100000069,311,1392,-1081
100000072,318,817,-499
100000073,972,989,-17
100000075,705,295,410
100000076,1780,1846,-66
100000077,386,117,269
100000078,36,26,10
100000079,46,44,2
100000080,29,51,-22
100000081,125,161,-36
100000102,2214,1320,894
100000103,2645,834,1811
100000104,3505,1698,1807
100000105,2459,1076,1383
100000106,1751,1677,74
100000107,436,568,-132
100000108,673,698,-25
100000109,2915,981,1934
100000116,1298,693,605
100000117,60,110,-50
100000118,1399,700,699
100000119,510,455,55
100000121,216,412,-196
100000122,625,680,-55
100000123,2616,3049,-433
100000124,5963,4600,1363
100000125,2448,906,1542
100000126,863,285,578
100000127,1374,282,1092
100000128,1887,1000,887
100000129,382,362,20
100000130,290,391,-101
100000131,2029,2141,-112
100000132,877,1733,-856
100000133,4509,2191,2318
100000135,472,806,-334
100000139,408,257,151
100000140,462,207,255
100000142,382,532,-150
100000143,1401,646,755
100000144,3520,839,2681
100000147,942,2107,-1165
100000150,38,312,-274
100000151,831,727,104
100000153,260,297,-37
100000154,96,106,-10
100000155,25,32,-7
100000156,306,251,55
100000157,76,59,17
100000158,182,68,114
100000159,359,332,27
100000165,1614,640,974
100000169,301,362,-61
100000174,786,375,411
100000179,118,428,-310
100000180,1197,776,421
100000181,499,247,252
100000188,71,197,-126
100000189,765,305,460
100000190,837,571,266
100000191,554,390,164
100000192,53,89,-36
100000193,237,178,59
100000330,1240,738,502
100000355,217,374,-157
100000362,5785,3317,2468
100000363,2982,4826,-1844
100000364,274,158,116
100000365,4348,4364,-16
100000366,6696,2552,4144
100000367,4457,3901,556
100000368,2912,1475,1437
100000369,815,1275,-460
100000370,159,520,-361
100000376,128,77,51
100000379,2390,1184,1206
100000380,4219,2226,1993
100000384,4409,3386,1023
100000385,4608,3435,1173
100000386,6508,3410,3098
100000387,4618,3784,834
100000388,6034,4135,1899
100000389,5571,4244,1327
100000390,6097,3984,2113
100000391,4782,4658,124
100000392,4271,2540,1731
100000393,2513,2720,-207
100000394,8466,4938,3528
100000395,4702,2659,2043
100000396,8771,2404,6367
100000397,4685,3954,731
100000398,10338,6723,3615
100000413,18,9,9
100000414,335,258,77
100900002,15,48,-33
100900003,249,143,106
100900004,22,542,-520
100900005,86,12,74
100900006,11,91,-80
100900007,360,13,347
100900008,1,308,-307
100900009,50,134,-84
100900010,34,80,-46
100900011,85,248,-163
100900012,1,199,-198
100900013,731,7,724
100900014,2,4,-2
100900015,73,83,-10
100900016,6,30,-24
100900017,664,38,626
100900018,0,30,-30
100900019,15,52,-37
100900020,327,7,320
100900021,340,2,338
100900022,5,22,-17
100900023,0,22,-22
100900024,682,10,672
100900025,2,2,0
100900026,57,105,-48
100900027,326,2032,-1706
100900028,117,135,-18
100900029,112,14,98
100900030,1,33,-32
100900031,491,14,477
100900032,200,0,200
100900033,173,133,40
100900034,402,0,402
100900035,469,1,468
100900036,9,0,9
100900037,100,182,-82
100900038,84,23,61
100900039,268,488,-220
100900040,275,612,-337
100900041,393,519,-126
100900042,1278,342,936
100900043,0,0,0
100900044,1864,413,1451
100900045,73,0,73
100900046,839,9,830
100900047,482,65,417
100900048,112,27,85
100900049,81,192,-111
100900050,3,10,-7
100900051,36,45,-9
100900052,204,25,179
100900053,212,20,192
100900054,10,62,-52
100900055,123,439,-316
100900056,209,210,-1
100900057,476,1029,-553
100900058,164,32,132
100900059,115,0,115
100900060,119,18,101
100900061,346,186,160
100900062,4,39,-35
100900063,170,455,-285
100900064,625,24,601
100900065,60,67,-7
100900066,84,133,-49
100900067,2,10,-8
100900068,85,59,26
100900069,724,6,718
100900070,229,6,223
100900071,882,227,655
100900072,4,42,-38
100900073,128,417,-289
100900074,16,10,6
100900075,1451,286,1165
100900076,10,22,-12
100900077,14,77,-63
100900078,84,212,-128
100900079,8,27,-19
100900080,20,112,-92
100900081,43,160,-117
100900082,108,601,-493
100900083,8,36,-28
100900085,20,68,-48
100900086,111,593,-482
100900088,81,481,-400
100900089,2,19,-17
100900090,79,251,-172
100900091,2,17,-15
100900092,172,206,-34
100900093,155,271,-116
100900094,66,404,-338
100900095,3,37,-34
100900096,21,114,-93
100900097,1,8,-7
100900098,16,25,-9
100900099,27,371,-344
100900100,8,263,-255
100900101,284,37,247
100900102,20,56,-36
100900103,20,11,9
100900104,16,108,-92
100900105,24,260,-236
100900106,21,0,21
100900107,1226,564,662
100900108,12,17,-5
100900109,11,34,-23
100900110,0,0,0
100900111,42,77,-35
100900112,0,17,-17
100900113,9,15,-6
100900114,12,28,-16
100900115,0,19,-19
100900116,552,567,-15
100900117,251,519,-268
100900118,12,73,-61
100900119,10,24,-14
100900120,1,15,-14
100900121,164,436,-272
100900122,142,156,-14
100900123,63,148,-85
100900124,4,1,3
100900125,10,55,-45
100900126,110,177,-67
100900127,19,6,13
100900128,61,128,-67
100900129,1,63,-62
100900131,57,198,-141
100900133,63,39,24
100900134,4,10,-6
100900135,0,67,-67
100900137,261,177,84
100900138,416,366,50
100900139,3,13,-10
100900140,0,386,-386
100900141,2,271,-269
100900142,5,7,-2
100900143,566,253,313
100900144,20,5,15
100900145,63,162,-99
100900146,0,0,0
100900147,84,201,-117
100900148,44,546,-502
100900149,42,97,-55
100900150,0,0,0
100900151,119,411,-292
100900152,53,2,51
100900153,2,138,-136
100900154,25,36,-11
100900155,10,6,4
100900156,8,6,2
100900157,6,142,-136
100900159,9,22,-13
100900160,10,1,9
100900161,42,12,30
100900162,10,195,-185
100900163,128,214,-86
100900164,38,59,-21
100900165,4,6,-2
100900166,24,3,21
100900167,5,62,-57
100900168,22,124,-102
100900169,102,791,-689
100900170,10,4,6
100900171,16,512,-496
100900172,1,16,-15
100900173,8,348,-340
100900174,251,44,207
100900176,989,111,878
100900177,489,116,373
100900178,431,156,275
100900179,91,96,-5
100900180,4,6,-2
100900181,81,37,44
100900182,21,11,10
100900184,11,114,-103
100900186,574,412,162
100900187,7,90,-83
100900188,27,8,19
100900189,644,166,478
100900191,1132,920,212
100900192,268,223,45
100900195,112,82,30
100900197,0,0,0
100900198,14,206,-192
100900199,0,0,0
100900200,614,393,221
100900201,43,495,-452
100900202,65,0,65
100900203,0,69,-69
100900204,161,145,16
100900205,102,412,-310
100900206,94,51,43
100900207,153,119,34
100900210,73,491,-418
100900211,252,96,156
100900213,62,22,40
100900214,607,144,463
100900215,2,45,-43
100900217,115,87,28
101000001,3018,1908,1110
101000002,3125,2867,258
101000003,580,1282,-702
101000004,7433,6241,1192
101000005,2902,3525,-623
101000006,5035,5096,-61
101000007,1672,2187,-515
101000009,2268,1468,800
101000010,796,1162,-366
101000011,1138,429,709
101000012,1880,658,1222
101000013,446,737,-291
101000014,438,520,-82
101000015,768,682,86
101000016,347,298,49
101000017,415,383,32
101000018,3222,1816,1406
101000020,3482,989,2493
101000021,750,354,396
101000023,1939,681,1258
101000025,155,318,-163
101000026,373,22,351
101000027,1390,1512,-122
101000028,789,144,645
101000029,115,958,-843
101000030,1673,68,1605
101000031,700,235,465
101000032,9680,2976,6704
101000033,2012,2156,-144
101000034,2210,1132,1078
101000035,658,224,434
101000036,1207,573,634
101000037,2811,1194,1617
101000039,2230,1187,1043
101000040,2560,2406,154
101000041,9461,5140,4321
101000042,435,827,-392
101000043,6830,4302,2528
101000045,1542,701,841
101000046,4329,885,3444
101000047,2158,1528,630
101000048,590,617,-27
101000049,606,1019,-413
101000050,1568,944,624
101000051,1606,1489,117
101000052,1234,671,563
101000053,790,1256,-466
101000054,1037,921,116
101000055,1206,935,271
101000056,45,88,-43
101000057,1668,736,932
101000058,1200,870,330
101000059,2099,1599,500
101000060,1214,444,770
101000061,821,1035,-214
101000062,657,497,160
101000063,609,700,-91
101000064,1332,671,661
101000065,317,294,23
101000066,976,607,369
101000067,1446,671,775
101000068,370,291,79
101000069,444,53,391
101000070,1231,716,515
101000071,1586,670,916
101000072,669,2420,-1751
101000073,759,570,189
101000074,5139,2362,2777
101000075,4496,2785,1711
101000077,972,852,120
101000078,864,1710,-846
101000079,678,340,338
101000080,646,315,331
101000081,1366,1258,108
101000082,3191,2778,413
101000083,2011,1977,34
101000084,1270,887,383
101000085,1314,1132,182
101000086,942,967,-25
101000087,752,1063,-311
101000088,830,1020,-190
101000089,775,1329,-554
101000090,1746,1252,494
101000091,312,983,-671
101000092,733,1052,-319
101000093,1124,861,263
101000094,681,972,-291
101000095,397,615,-218
101000096,378,540,-162
101000097,448,258,190
101000098,389,456,-67
101000099,1013,986,27
101000100,881,531,350
101000101,308,271,37
101000102,703,410,293
101000103,801,391,410
101000104,385,521,-136
101000105,1120,215,905
101000106,677,499,178
101000107,175,315,-140
101000108,856,273,583
101000109,218,69,149
101000110,26,517,-491
101000111,142,189,-47
101000113,143,506,-363
101000114,8218,2944,5274
101000115,155,113,42
101000116,115,129,-14
101000117,688,230,458
101000119,38,33,5
101000120,128,30,98
101000121,74,21,53
101000122,102,78,24
101000123,110,65,45
101000124,480,150,330
101000125,255,463,-208
101000128,470,216,254
101000130,201,233,-32
101000131,563,499,64
101000132,411,1038,-627
101000135,56,22,34
101000136,544,104,440
101000137,17,217,-200
101000141,1162,1894,-732
101000147,900,503,397
101000148,1406,11,1395
101000149,212,146,66
101000150,135,742,-607
101000151,158,83,75
101000152,279,319,-40
101000153,464,306,158
101000154,218,1051,-833
101000155,209,149,60
101000156,20,251,-231
101000157,40,19,21
101000160,128,54,74
101000163,229,191,38
101000164,551,361,190
101000165,199,359,-160
101000166,209,285,-76
101000168,832,355,477
101000252,940,423,517
101000254,395,69,326
101000258,15,9,6
101000261,138,53,85
101000262,962,1330,-368
101000263,174,507,-333
101000265,61,529,-468
101000266,281,222,59
101000269,24,8,16
101000290,888,2310,-1422
101000293,19,47,-28
101000294,407,379,28
101000295,109,470,-361
101000301,555,273,282
101000304,1611,2231,-620
101000305,2500,1300,1200
101000328,127,281,-154
101900001,86,90,-4
101900002,1,13,-12
101900003,65,82,-17
101900004,0,38,-38
101900005,3382,1370,2012
101900006,706,304,402
101900007,480,78,402
101900008,58,256,-198
101900009,24,458,-434
101900010,802,573,229
101900011,163,983,-820
101900012,115,255,-140
101900013,1112,157,955
101900017,11,102,-91
101900018,1054,183,871
101900019,318,127,191
101900020,17,43,-26
101900021,1,36,-35
101900022,112,850,-738
101900023,86,219,-133
101900026,90,46,44
101900027,25,116,-91
102000001,2582,3290,-708
102000002,3683,1045,2638
102000003,2740,5004,-2264
102000004,7157,2505,4652
102000005,954,1626,-672
102000006,1208,1528,-320
102000007,1147,3575,-2428
102000008,4113,1317,2796
102000009,3855,5564,-1709
102000010,4730,2649,2081
102000011,1834,1717,117
102000012,3072,2855,217
102000018,2600,2348,252
102000019,2219,1236,983
102000026,181,484,-303
102000029,224,201,23
102000030,97,245,-148
102000031,67,165,-98
102000032,302,339,-37
102000033,173,370,-197
102000034,436,330,106
102000035,526,545,-19
102000036,13,221,-208
102000037,159,54,105
102000038,167,221,-54
102000039,151,62,89
102000040,551,125,426
102000041,156,231,-75
102000042,171,168,3
102000043,268,188,80
102000044,392,337,55
102000045,623,815,-192
102000046,805,472,333
102000047,696,857,-161
102000048,310,622,-312
102000049,891,555,336
102000050,874,1011,-137
102000051,325,501,-176
102000052,971,662,309
102000053,829,783,46
102000054,432,762,-330
102000055,883,812,71
102000056,593,1061,-468
102000057,1202,480,722
102000058,909,1514,-605
102000059,1425,1149,276
102000060,1029,696,333
102000061,1369,1833,-464
102000062,1369,801,568
102000063,1012,1122,-110
102000064,503,596,-93
102000065,29,90,-61
102000066,911,782,129
102000067,1824,2446,-622
102000068,7320,2465,4855
102000069,63,1249,-1186
102000070,1801,44,1757
102000071,6494,7777,-1283
102000072,2792,3528,-736
102000073,565,463,102
102000074,633,725,-92
102000075,110,196,-86
102000076,125,424,-299
102000077,459,974,-515
102000078,682,870,-188
102000079,130,211,-81
102000080,189,202,-13
102000081,300,656,-356
102000082,639,269,370
102000083,490,305,185
102000084,176,333,-157
102000085,1308,999,309
102000086,784,1094,-310
102000087,772,1477,-705
102000088,211,277,-66
102000089,902,424,478
102000090,420,951,-531
102000091,1096,327,769
102000092,277,641,-364
102000093,456,621,-165
102000094,867,607,260
102000095,941,862,79
102000096,567,646,-79
102000097,803,613,190
102000098,470,588,-118
102000099,731,596,135
102000100,742,939,-197
102000101,960,551,409
102000102,312,1480,-1168
102000103,977,275,702
102000104,585,224,361
102000105,227,581,-354
102000106,667,558,109
102000107,854,565,289
102000108,563,183,380
102000109,525,564,-39
102000110,731,1334,-603
102000111,9,299,-290
102000112,119,91,28
102000113,8,39,-31
102000114,779,300,479
102000115,205,240,-35
102000116,546,264,282
102000117,336,336,0
102000118,1449,947,502
102000119,1780,595,1185
102000120,107,337,-230
102000121,836,318,518
102000122,322,634,-312
102000123,1050,841,209
102000124,747,795,-48
102000125,789,732,57
102000126,605,723,-118
102000127,1162,619,543
102000128,548,868,-320
102000129,1098,706,392
102000130,613,545,68
102000131,911,411,500
102000132,366,463,-97
102000133,1488,1788,-300
102000134,443,591,-148
102000135,548,693,-145
102000136,737,443,294
102000137,768,458,310
102000138,273,356,-83
102000139,152,296,-144
102000140,453,146,307
102000141,202,412,-210
102000142,679,319,360
102000143,171,408,-237
102000144,251,309,-58
102000145,238,362,-124
102000146,332,269,63
102000147,326,424,-98
102000148,149,406,-257
102000149,111,377,-266
102000150,223,103,120
102000151,91,256,-165
102000152,102,154,-52
102000153,1007,431,576
102000154,327,699,-372
102000155,130,278,-148
102000156,321,83,238
102000157,139,293,-154
102000158,550,374,176
102000159,925,313,612
102000161,3583,1919,1664
102000162,163,132,31
102000163,88,418,-330
102000164,973,1010,-37
102000165,320,135,185
102000166,128,160,-32
102000167,308,217,91
102000168,275,147,128
102000169,77,508,-431
102000170,480,129,351
102000171,152,96,56
102000172,150,234,-84
102000173,462,230,232
102000174,60,73,-13
102000175,91,80,11
102000176,48,22,26
102000178,254,478,-224
102000179,350,247,103
102000180,616,417,199
102000181,571,663,-92
102000182,496,512,-16
102000183,1537,1792,-255
102000184,1628,785,843
102000185,2076,1538,538
102000186,1069,1924,-855
102000187,780,1439,-659
102000188,801,1269,-468
102000189,2047,727,1320
102000190,498,2125,-1627
102000191,1082,443,639
102000192,812,1041,-229
102000193,38,147,-109
102000194,60,92,-32
102000195,235,288,-53
102000196,188,405,-217
102000197,525,376,149
102000198,141,723,-582
102000199,677,283,394
102000200,266,912,-646
102000201,926,505,421
102000202,4,135,-131
102000203,379,164,215
102000204,314,671,-357
102000205,745,461,284
102000206,510,491,19
102000207,564,375,189
102000208,378,397,-19
102000209,47,66,-19
102000210,497,525,-28
102000211,271,256,15
102000212,252,8,244
102000213,4,330,-326
102000214,225,6,219
102000215,2,331,-329
102000216,52,57,-5
102000217,11,136,-125
102000218,297,152,145
102000219,473,334,139
102000225,670,534,136
102000226,2440,678,1762
102000227,116,2,114
102000228,0,102,-102
102000229,19,50,-31
102000230,232,403,-171
102000231,207,391,-184
102000232,9,117,-108
102000233,318,575,-257
102000234,78,955,-877
102000236,244,55,189
102000237,476,84,392
102000238,161,214,-53
102000240,617,527,90
102000241,122,119,3
102000243,19,55,-36
102000245,32,90,-58
102000246,23,35,-12
102000247,1041,891,150
102000248,505,691,-186
102000249,119,136,-17
102000250,70,356,-286
102000254,59,316,-257
102000266,59,178,-119
102000271,21,0,21
102000286,388,304,84
102000297,1579,903,676
102000301,0,0,0
102000307,0,2,-2
102000316,342,364,-22
102900001,974,860,114
102900002,324,40,284
102900003,61,213,-152
102900005,343,288,55
102900006,421,210,211
102900007,403,25,378
102900008,143,60,83
102900009,452,189,263
102900010,635,499,136
102900011,1672,282,1390
102900012,296,80,216
102900013,34,71,-37
102900015,645,437,208
102900016,61,109,-48
102900017,115,521,-406
102900018,25,117,-92
102900019,341,321,20
102900020,103,33,70
102900021,12,98,-86
102900022,672,120,552
102900023,20,77,-57
102900024,39,52,-13
102900025,248,108,140
102900026,364,1438,-1074
102900027,53,56,-3
102900028,111,532,-421
102900029,149,139,10
102900030,419,234,185
102900031,158,143,15
102900032,82,89,-7
102900033,75,176,-101
102900034,338,120,218
102900035,138,259,-121
102900036,246,430,-184
102900037,197,551,-354
102900038,477,555,-78
102900039,14,366,-352
102900040,121,240,-119
102900041,61,212,-151
102900042,164,269,-105
102900043,114,251,-137
102900044,444,1716,-1272
102900045,100,538,-438
102900046,116,273,-157
102900047,54,424,-370
102900048,547,641,-94
102900049,96,274,-178
102900050,162,291,-129
102900051,203,190,13
102900053,292,632,-340
102900054,682,846,-164
102900055,61,140,-79
102900056,106,464,-358
102900057,7,54,-47
102900058,203,72,131
102900059,20,56,-36
102900060,98,405,-307
102900061,141,366,-225
102900062,161,853,-692
102900063,958,399,559
102900064,90,399,-309
102900065,1395,417,978
102900066,253,29,224
102900068,88,72,16
102900070,152,379,-227
102900072,27,62,-35
102900073,141,9,132
102900075,49,49,0
102900076,147,88,59
102900077,28,34,-6
102900078,25,74,-49
102900079,137,24,113
102900080,433,65,368
102900081,65,249,-184
102900082,2,209,-207
102900083,239,13,226
102900084,14,16,-2
102900085,335,106,229
102900086,25,50,-25
102900087,66,76,-10
102900088,38,30,8
102900089,264,111,153
102900090,4,307,-303
102900091,128,2,126
102900092,173,706,-533
102900094,0,56,-56
102900095,74,0,74
102900096,69,24,45
102900097,1,106,-105
103000001,1983,2454,-471
103000002,1957,2284,-327
103000003,2955,2524,431
103000004,733,697,36
103000005,1487,2646,-1159
103000006,483,1318,-835
103000007,323,679,-356
103000008,959,680,279
103000009,888,906,-18
103000010,197,169,28
103000011,1366,1115,251
103000012,1031,1310,-279
103000013,3872,2073,1799
103000014,1016,2093,-1077
103000015,1705,749,956
103000016,470,1123,-653
103000017,136,386,-250
103000018,576,362,214
103000019,184,210,-26
103000020,2819,1290,1529
103000021,1836,1583,253
103000022,799,1001,-202
103000023,558,1551,-993
103000024,60,123,-63
103000025,78,434,-356
103000026,1035,108,927
103000027,318,364,-46
103000028,427,290,137
103000029,203,194,9
103000030,1464,655,809
103000031,1248,1371,-123
103000032,1758,1643,115
103000033,2372,2392,-20
103000034,1287,921,366
103000035,346,1136,-790
103000036,338,491,-153
103000037,486,353,133
103000038,385,754,-369
103000039,328,350,-22
103000040,416,907,-491
103000041,1582,2428,-846
103000042,1081,637,444
103000043,375,958,-583
103000044,158,172,-14
103000046,231,420,-189
103000047,547,635,-88
103000048,137,192,-55
103000049,92,169,-77
103000050,536,529,7
103000051,319,412,-93
103000052,795,344,451
103000053,161,505,-344
103000054,2501,1378,1123
103000055,1784,2126,-342
103000056,510,1503,-993
103000057,423,293,130
103000058,523,719,-196
103000059,343,723,-380
103000060,823,653,170
103000061,283,813,-530
103000062,874,537,337
103000063,553,769,-216
103000064,141,204,-63
103000065,3,407,-404
103000066,215,13,202
103000069,328,375,-47
103000070,982,740,242
103000071,870,395,475
103000072,113,663,-550
103000073,499,124,375
103000074,493,100,393
103000075,104,634,-530
103000076,205,262,-57
103000077,36,280,-244
103000078,1046,499,547
103000079,923,434,489
103000080,940,306,634
103000081,437,843,-406
103000082,432,157,275
103000083,88,335,-247
103000084,127,4,123
103000085,1,107,-106
103000086,600,323,277
103000087,129,416,-287
103000088,331,318,13
103000089,190,327,-137
103000090,1551,777,774
103000091,564,447,117
103000092,194,241,-47
103000093,257,402,-145
103000094,152,93,59
103000095,57,364,-307
103000096,563,87,476
103000097,86,682,-596
103000098,900,154,746
103000099,342,616,-274
103000100,91,626,-535
103000101,741,147,594
103000102,86,654,-568
103000103,642,221,421
103000104,60,114,-54
103000105,99,94,5
103000106,9,128,-119
103000107,191,51,140
103000108,967,654,313
103000109,326,314,12
103000110,363,364,-1
103000111,442,354,88
103000112,276,174,102
103000113,659,659,0
103000114,1238,391,847
103000115,445,471,-26
103000116,492,448,44
103000117,337,421,-84
103000118,814,741,73
103000119,1217,552,665
103000120,78,84,-6
103000121,373,486,-113
103000122,425,408,17
103000125,10,294,-284
103000126,477,1,476
103000127,2,172,-170
103000128,138,2,136
103000129,1,74,-73
103000130,55,34,21
103000131,120,65,55
103000132,97,156,-59
103000133,12,64,-52
103000134,511,688,-177
103000135,483,236,247
103000136,656,374,282
103000137,418,490,-72
103000138,637,584,53
103000139,1,56,-55
103000140,95,30,65
103000141,77,112,-35
103000142,102,72,30
103000143,81,178,-97
103000144,190,47,143
103000145,63,26,37
103000150,130,43,87
103000152,198,213,-15
103000153,170,163,7
103000156,6,401,-395
103000157,328,0,328
103000159,103,28,75
103000162,105,25,80
103000163,17,22,-5
103000164,35,10,25
103000165,111,306,-195
103000166,191,241,-50
103000167,128,106,22
103000168,65,191,-126
103000169,131,369,-238
103000170,599,378,221
103000171,43,84,-41
103000172,396,334,62
103000173,395,492,-97
103000174,109,371,-262
103000175,259,335,-76
103000176,776,534,242
103000177,546,450,96
103000178,213,252,-39
103000179,159,73,86
103000183,166,103,63
103000185,114,45,69
103000186,119,171,-52
103000187,362,416,-54
103000188,13,72,-59
103000189,872,810,62
103000191,516,441,75
103000292,2189,1353,836
103000293,876,1442,-566
103000295,68,90,-22
103000296,426,0,426
103000297,19,9,10
103000504,50,13,37
103000505,3,12,-9
103000506,0,246,-246
103000507,259,1,258
103000508,49,34,15
103000509,263,505,-242
103000514,13,2,11
103900001,0,203,-203
103900002,1144,163,981
103900003,1040,27,1013
103900004,81,0,81
103900005,5,224,-219
103900006,2,0,2
103900007,27,0,27
103900008,15,0,15
103900009,210,454,-244
103900010,63,283,-220
103900011,188,163,25
103900012,6,26,-20
103900013,32,59,-27
103900014,36,9,27
103900015,44,10,34
103900016,146,170,-24
103900017,20,90,-70
103900018,670,266,404
103900019,49,260,-211
103900020,193,339,-146
103900021,480,84,396
103900022,798,590,208
103900023,121,2,119
103900024,89,273,-184
103900025,34,60,-26
103900026,117,1,116
103900027,596,239,357
103900028,9,250,-241
103900029,949,254,695
103900030,332,41,291
103900031,12,5,7
103900032,67,76,-9
103900033,96,16,80
103900034,23,196,-173
103900035,72,40,32
103900036,21,38,-17
103900037,85,48,37
103900038,65,166,-101
103900039,65,377,-312
103900040,19,130,-111
103900041,34,36,-2
103900042,56,367,-311
103900043,121,67,54
103900044,97,212,-115
103900045,244,167,77
103900047,47,17,30
103900048,61,27,34
103900049,203,1071,-868
103900050,7,82,-75
103900051,0,33,-33
103900052,165,463,-298
103900053,150,540,-390
103900054,85,378,-293
103900055,316,161,155
103900056,38,35,3
103900057,28,228,-200
103900058,198,637,-439
103900059,0,2,-2
103900060,32,167,-135
103900061,109,63,46
103900062,240,63,177
103900063,9,2,7
103900064,98,3,95
103900065,638,455,183
103900066,149,18,131
103900067,140,2,138
103900068,14,1,13
103900069,105,22,83
103900070,131,191,-60
103900071,16,113,-97
103900072,14,233,-219
103900073,26,31,-5
103900074,66,63,3
103900075,135,93,42
103900076,332,564,-232
103900077,60,76,-16
103900078,184,77,107
103900079,97,201,-104
103900080,15,25,-10
103900081,135,26,109
103900082,6,137,-131
103900083,1700,857,843
103900084,46,137,-91
103900085,91,103,-12
103900086,448,296,152
103900088,322,303,19
103900089,48,125,-77
103900090,3,139,-136
103900091,1071,276,795
103900092,567,397,170
103900093,87,295,-208
103900094,9,122,-113
103900095,278,194,84
103900096,35,207,-172
103900097,5,351,-346
103900098,161,85,76
103900099,80,170,-90
103900100,114,343,-229
103900101,56,940,-884
103900102,1,24,-23
103900104,17,32,-15
103900105,99,209,-110
103900106,0,24,-24
103900107,75,218,-143
103900108,42,326,-284
103900109,85,75,10
103900110,125,35,90
103900111,60,515,-455
103900112,51,90,-39
103900113,112,175,-63
103900114,351,313,38
103900115,193,140,53
103900116,5414,2474,2940
103900117,172,104,68
103900119,24,50,-26
103900120,36,112,-76
103900122,70,232,-162
103900123,1332,666,666
103900124,50,471,-421
103900125,67,89,-22
103900126,395,375,20
103900127,126,399,-273
103900128,48,117,-69
103900131,33,109,-76
103900133,766,99,667
103900134,0,8,-8
103900135,4,1,3
103900137,1,26,-25
103900138,89,282,-193
103900139,474,1281,-807
103900140,10,91,-81
103900141,204,44,160
103900142,93,106,-13
103900143,42,6,36
103900144,0,18,-18
103900145,97,194,-97
103900146,235,236,-1
103900147,281,96,185
103900148,162,161,1
103900149,277,672,-395
103900150,5447,2938,2509
103900151,48,125,-77
103900152,322,476,-154
103900153,6,2,4
103900154,655,1220,-565
103900155,33,171,-138
103900156,29,162,-133
103900157,17,174,-157
103900158,52,135,-83
103900159,105,64,41
103900160,76,37,39
103900161,64,171,-107
103900162,55,208,-153
103900163,5,417,-412
103900167,12,71,-59
103900168,95,101,-6
103900169,55,34,21
103900170,3,108,-105
103900171,2,43,-41
103900172,6,16,-10
103900173,8,21,-13
103900174,88,27,61
103900175,43,41,2
103900176,10,37,-27
103900177,5,53,-48
103900178,36,34,2
103900179,41,94,-53
103900180,6,47,-41
103900181,40,34,6
103900182,19,16,3
103900184,362,53,309
103900185,188,257,-69
103900187,29,66,-37
103900188,50,15,35
103900189,62,12,50
103900190,32,58,-26
103900191,34,41,-7
103900192,32,55,-23
103900193,115,94,21
103900194,49,210,-161
103900195,3,73,-70
103900196,44,39,5
103900197,8,20,-12
103900198,18,47,-29
103900199,116,45,71
103900200,125,88,37
103900201,86,171,-85
103900202,2,60,-58
103900203,39,18,21
103900204,0,68,-68
103900207,3,113,-110
103900208,82,1,81
103900209,2,76,-74
103900210,26,19,7
103900211,400,374,26
103900212,70,349,-279
103900213,72,220,-148
103900214,265,119,146
103900215,410,233,177
103900216,17,334,-317
103900217,290,3,287
103900218,19,437,-418
103900219,154,270,-116
103900233,13,1,12
103900235,25,25,0
103900236,25,6,19
103900242,4,23,-19
103900243,2,9,-7
103900244,59,190,-131
103900245,73,195,-122
103900246,59,23,36
103900247,28,117,-89
103900248,18,22,-4
103900249,20,33,-13
103900250,29,34,-5
103900251,2,32,-30
103900253,30,68,-38
103900254,8,21,-13
103900255,10,14,-4
103900256,27,32,-5
103900257,178,126,52
103900258,55,7,48
103900259,94,6,88
103900261,7,6,1
103900262,30,7,23
103900263,33,27,6
103900264,84,25,59
103900265,100,10,90
103900266,1,57,-56
103900267,12,71,-59
103900268,7,111,-104
103900269,182,67,115
103900270,36,182,-146
103900271,37,94,-57
103900272,47,85,-38
103900273,18,64,-46
103900274,83,5,78
103900275,19,6,13
103900276,1,93,-92
103900277,5,98,-93
103900278,11,77,-66
103900279,3,24,-21
103900280,2,96,-94
103900281,79,225,-146
103900282,1,23,-22
103900283,13,13,0
103900284,3,5,-2
103900285,17,38,-21
103900286,59,72,-13
103900287,3,26,-23
103900288,123,21,102
103900289,48,1,47
103900290,193,17,176
103900291,71,1,70
103900292,20,5,15
103900293,14,17,-3
103900294,14,11,3
104000001,1662,1696,-34
104000002,1423,2504,-1081
104000003,1880,2007,-127
104000004,2520,2466,54
104000005,1151,1807,-656
104000006,2558,2649,-91
104000007,3031,2883,148
104000008,213,295,-82
104000009,124,100,24
104000010,119,213,-94
104000011,529,362,167
104000012,134,370,-236
104000013,153,192,-39
104000014,240,708,-468
104000015,279,180,99
104000016,579,365,214
104000018,628,165,463
104000019,489,141,348
104000020,128,606,-478
104000021,239,620,-381
104000022,161,227,-66
104000023,611,350,261
104000024,238,298,-60
104000026,45,334,-289
104000027,212,308,-96
104000028,326,237,89
104000029,335,393,-58
104000030,257,209,48
104000031,987,401,586
104000032,191,314,-123
104000033,458,519,-61
104000034,283,334,-51
104000035,627,427,200
104000036,534,552,-18
104000037,289,239,50
104000038,131,327,-196
104000039,143,278,-135
104000040,338,324,14
104000041,1162,510,652
104000042,119,144,-25
104000043,300,432,-132
104000044,266,591,-325
104000045,899,1200,-301
104000046,1216,1600,-384
104000047,750,1117,-367
104000048,738,1538,-800
104000049,382,224,158
104000050,249,460,-211
104000051,124,559,-435
104000052,1392,1404,-12
104000053,597,435,162
104000054,286,363,-77
104000055,3072,2012,1060
104000056,1296,281,1015
104000057,216,565,-349
104000058,1211,1287,-76
104000059,369,864,-495
104000060,1068,1332,-264
104000061,1391,1171,220
104000062,505,222,283
104000064,517,307,210
104000065,234,522,-288
104000069,1071,902,169
104000070,83,430,-347
104000071,246,450,-204
104000072,608,312,296
104000075,57,252,-195
104000076,444,71,373
104000082,1638,2364,-726
104000083,766,152,614
104000084,129,508,-379
104000085,238,250,-12
104000086,222,374,-152
104000087,392,1309,-917
104000090,670,1129,-459
104000092,912,1936,-1024
104000094,699,1488,-789
104000095,1507,1658,-151
104000096,1065,273,792
104000097,1345,845,500
104000098,1621,899,722
104000100,1201,559,642
104000101,771,1317,-546
104000106,152,610,-458
104000107,576,335,241
104000108,308,375,-67
104000109,229,61,168
104000110,735,833,-98
104000111,2883,1565,1318
104000112,2141,502,1639
104000116,1,937,-936
104000117,108,578,-470
104000118,392,192,200
104000119,480,238,242
104000120,226,633,-407
104000121,213,589,-376
104000122,553,637,-84
104000123,788,988,-200
104000124,858,1861,-1003
104000125,2889,3381,-492
104000126,280,336,-56
104000127,1437,2615,-1178
104000128,599,416,183
104000129,302,35,267
104000130,1,157,-156
104000131,697,523,174
104000132,663,607,56
104000133,1144,732,412
104000134,817,1312,-495
104000135,364,1384,-1020
104000136,582,3081,-2499
104000137,1157,325,832
104000138,803,280,523
104000139,6018,2454,3564
104000141,917,1239,-322
104000142,530,770,-240
104000143,487,546,-59
104000144,79,178,-99
104000145,337,193,144
104000146,365,537,-172
104000147,110,329,-219
104000148,285,140,145
104000149,142,330,-188
104000150,816,431,385
104000151,394,480,-86
104000152,514,501,13
104000153,565,453,112
104000154,985,531,454
104000155,410,520,-110
104000157,841,1327,-486
104000158,314,310,4
104000159,659,355,304
104000160,1400,1483,-83
104000161,160,179,-19
104000162,53,120,-67
104000165,1303,1159,144
104000167,1122,1192,-70
104000168,367,4,363
104000169,74,43,31
104000170,486,567,-81
104000248,144,670,-526
104000251,57,220,-163
104000272,0,0,0
104000273,0,0,0
104000274,0,0,0
104000275,0,0,0
104000279,2922,1833,1089
104000290,104,228,-124
104000291,967,1391,-424
104000293,682,704,-22
104000294,18,0,18
104000295,507,688,-181
104000296,424,645,-221
104000297,783,1435,-652
104000298,1698,829,869
104000299,617,1383,-766
104000302,95,126,-31
104000303,162,139,23
104900001,130,315,-185
104900002,30,101,-71
104900003,47,222,-175
104900004,80,260,-180
104900005,177,142,35
104900006,196,69,127
104900007,238,199,39
104900009,121,262,-141
104900010,52,41,11
104900011,4,7,-3
104900012,206,62,144
104900013,94,22,72
104900014,2136,253,1883
104900015,76,6,70
104900016,225,174,51
104900017,181,146,35
104900018,6,143,-137
104900019,303,1709,-1406
104900020,50,292,-242
104900021,0,124,-124
104900022,18,197,-179
104900023,2,52,-50
104900024,43,142,-99
104900025,64,193,-129
104900026,1,72,-71
104900027,325,194,131
104900028,25,84,-59
104900029,36,82,-46
104900030,356,165,191
104900031,79,221,-142
104900032,40,106,-66
104900033,89,169,-80
104900034,275,110,165
104900035,233,125,108
104900036,134,70,64
104900037,126,211,-85
104900038,428,560,-132
104900039,589,282,307
104900040,311,82,229
104900041,175,142,33
104900042,107,214,-107
104900043,15,116,-101
104900044,409,139,270
104900045,315,35,280
104900046,144,93,51
104900047,192,102,90
104900048,164,63,101
104900049,23,19,4
104900050,192,68,124
104900051,198,27,171
104900052,42,1,41
104900053,340,85,255
104900054,107,24,83
104900055,100,0,100
104900056,142,13,129
104900057,32,0,32
104900058,540,126,414
104900059,183,18,165
104900061,185,479,-294
104900063,58,94,-36
104900064,0,71,-71
104900065,1,147,-146
104900066,3,178,-175
104900067,2,217,-215
104900068,18,167,-149
104900070,165,254,-89
104900071,0,537,-537
104900072,41,258,-217
104900073,44,129,-85
104900074,44,206,-162
104900075,47,36,11
104900076,62,212,-150
104900077,736,164,572
104900078,138,440,-302
104900079,100,309,-209
104900080,70,348,-278
104900082,10,399,-389
104900085,0,166,-166
104900089,150,0,150
104900091,306,434,-128
104900093,174,453,-279
104900097,2138,1539,599
104900098,68,42,26
104900099,17,346,-329
104900100,351,204,147
104900102,25,144,-119
104900103,286,46,240
104900106,59,125,-66
104900107,116,171,-55
104900108,36,187,-151
104900109,65,162,-97
104900110,9,46,-37
104900111,76,72,4
104900112,180,626,-446
104900113,533,326,207
104900114,312,418,-106
104900115,503,368,135
104900116,159,176,-17
104900118,13,66,-53
104900119,2,52,-50
104900120,54,215,-161
104900121,0,59,-59
104900122,3,70,-67
104900123,20,4,16
104900124,48,2,46
104900125,333,173,160
104900126,38,36,2
104900127,30,64,-34
104900128,49,118,-69
104900129,1382,1202,180
105000001,2054,1572,482
105000002,1933,1406,527
105000003,2927,3206,-279
105000004,494,1003,-509
105000005,594,929,-335
105000006,1118,1439,-321
105000007,922,1027,-105
105000008,1663,2042,-379
105000009,1536,2365,-829
105000010,3048,2377,671
105000011,2257,1886,371
105000012,3980,3056,924
105000013,845,1013,-168
105000014,1483,2000,-517
105000015,7648,9020,-1372
105000016,3236,1865,1371
105000017,1774,790,984
105000018,1202,1258,-56
105000019,1151,812,339
105000020,164,357,-193
105000021,292,113,179
105000022,256,52,204
105000023,485,274,211
105000028,62,106,-44
105000029,480,829,-349
105000030,3799,2650,1149
105000031,3,43,-40
105000033,1146,1968,-822
105000034,164,639,-475
105000037,556,310,246
105000038,1227,1354,-127
105000039,2566,1591,975
105000040,709,882,-173
105000041,509,1268,-759
105000042,2613,1215,1398
105000043,1787,1931,-144
105000044,477,380,97
105000045,323,827,-504
105000046,912,300,612
105000047,434,1413,-979
105000048,520,206,314
105000049,178,566,-388
105000050,523,364,159
105000051,211,500,-289
105000052,455,758,-303
105000053,101,199,-98
105000054,274,803,-529
105000055,560,339,221
105000056,998,1919,-921
105000057,977,760,217
105000058,1123,1222,-99
105000059,607,593,14
105000060,406,585,-179
105000061,387,449,-62
105000062,693,867,-174
105000063,261,542,-281
105000064,959,786,173
105000065,349,659,-310
105000066,1016,1428,-412
105000067,925,683,242
105000068,598,828,-230
105000069,1990,1367,623
105000070,746,665,81
105000071,250,524,-274
105000072,931,1556,-625
105000073,577,461,116
105000074,1097,769,328
105000075,524,741,-217
105000076,1091,920,171
105000077,2401,909,1492
105000078,1129,1085,44
105000079,1685,2744,-1059
105000080,1458,1116,342
105000081,3978,1060,2918
105000082,1068,1233,-165
105000083,4226,2180,2046
105000084,635,922,-287
105000085,1490,1329,161
105000086,692,1059,-367
105000087,1610,1684,-74
105000088,1252,1604,-352
105000089,2877,1872,1005
105000090,972,801,171
105000091,1590,1367,223
105000092,762,889,-127
105000093,332,185,147
105000094,183,174,9
105000095,83,439,-356
105000096,1056,778,278
105000097,728,614,114
105000098,816,597,219
105000099,833,659,174
105000100,927,960,-33
105000101,1675,1728,-53
105000102,1164,1171,-7
105000103,1356,1910,-554
105000104,1757,785,972
105000105,985,1817,-832
105000106,1124,1523,-399
105000107,1003,907,96
105000108,1148,1450,-302
105000109,1223,1388,-165
105000110,534,635,-101
105000111,553,717,-164
105000112,925,660,265
105000113,346,646,-300
105000114,2548,885,1663
105000115,300,1009,-709
105000116,540,484,56
105000117,813,1063,-250
105000118,401,347,54
105000119,559,998,-439
105000120,850,532,318
105000121,861,1045,-184
105000122,283,548,-265
105000123,1065,1181,-116
105000124,1315,757,558
105000125,650,1885,-1235
105000126,1640,1681,-41
105000127,1931,1979,-48
105000128,520,994,-474
105000129,714,296,418
105000130,366,1865,-1499
105000131,892,436,456
105000132,556,520,36
105000133,425,852,-427
105000134,469,573,-104
105000135,452,639,-187
105000136,133,348,-215
105000137,386,246,140
105000138,247,398,-151
105000139,969,995,-26
105000140,347,509,-162
105000141,283,606,-323
105000142,153,442,-289
105000143,197,615,-418
105000144,310,797,-487
105000145,430,396,34
105000146,436,855,-419
105000147,471,314,157
105000148,1105,558,547
105000149,1700,1665,35
105000150,1943,1439,504
105000151,344,334,10
105000152,157,503,-346
105000153,430,468,-38
105000154,501,545,-44
105000155,366,699,-333
105000156,849,696,153
105000157,754,1565,-811
105000158,1829,637,1192
105000159,260,983,-723
105000160,1479,544,935
105000161,601,1165,-564
105000162,404,1394,-990
105000163,1082,929,153
105000164,181,249,-68
105000165,996,3847,-2851
105000166,5170,724,4446
105000167,1775,1006,769
105000168,254,710,-456
105000169,401,344,57
105000170,188,1159,-971
105000171,917,265,652
105000172,143,40,103
105000173,183,34,149
105000174,48,36,12
105000175,50,131,-81
105000176,275,134,141
105000177,210,205,5
105000178,103,423,-320
105000179,407,139,268
105000180,119,103,16
105000181,52,249,-197
105000182,56,68,-12
105000183,2060,1623,437
105000184,1488,773,715
105000185,1069,678,391
105000186,677,816,-139
105000187,671,176,495
105000188,335,85,250
105000189,293,478,-185
105000190,261,313,-52
105000191,399,350,49
105000192,185,67,118
105000193,122,104,18
105000194,379,102,277
105000195,197,721,-524
105000196,67,188,-121
105000197,256,557,-301
105000198,651,300,351
105000199,365,599,-234
105000200,116,201,-85
105000201,94,29,65
105000203,10,207,-197
105000204,102,67,35
105000205,91,194,-103
105000207,579,218,361
105000208,214,372,-158
105000209,249,371,-122
105000211,182,18,164
105000212,1005,1143,-138
105000213,144,183,-39
105000214,120,298,-178
105000215,196,196,0
105000216,99,290,-191
105000217,92,285,-193
105000218,856,1122,-266
105000221,183,187,-4
105000222,421,46,375
105000223,310,176,134
105000226,73,206,-133
105000227,75,131,-56
105000228,331,1134,-803
105000229,116,359,-243
105000231,258,238,20
105000233,856,669,187
105000234,530,1161,-631
105000235,253,556,-303
105000237,599,86,513
105000243,19,58,-39
105000248,87,75,12
105000262,237,1338,-1101
105000269,84,240,-156
105000270,332,57,275
105000271,0,203,-203
105000282,99,51,48
105000287,317,74,243
105000288,522,299,223
105000289,3149,1676,1473
105000290,26,4,22
105000402,3483,2442,1041
105000426,500,476,24
105000438,4247,1402,2845
105000440,15,33,-18
105000446,10637,4854,5783
105000447,7116,2591,4525
105000454,320,654,-334
105000455,248,161,87
105000474,18,3,15
105000477,262,424,-162
105000478,1249,2955,-1706
105000479,129,105,24
105000480,8743,4606,4137
105000481,3725,2665,1060
105000482,5048,6267,-1219
105000483,1084,1602,-518
105000484,2273,2794,-521
105000485,1131,2165,-1034
105000486,3179,2319,860
105000488,10635,4862,5773
105000489,637,760,-123
105000549,135,156,-21
105000550,534,1443,-909
105000551,24,130,-106
105000552,2937,1931,1006
105000555,1426,859,567
105000556,37,30,7
105000557,52,234,-182
105900001,6,769,-763
105900002,1082,510,572
105900003,15,158,-143
105900004,214,132,82
105900005,3,154,-151
105900006,7,71,-64
105900007,50,18,32
105900008,48,536,-488
105900009,23,18,5
105900011,111,43,68
105900012,349,92,257
105900013,5,20,-15
105900014,7,48,-41
105900015,138,203,-65
105900016,283,448,-165
105900017,788,44,744
105900018,128,178,-50
105900019,42,259,-217
105900020,49,40,9
105900021,19,169,-150
105900022,187,159,28
105900023,2,73,-71
105900024,3,63,-60
105900025,138,39,99
105900026,195,21,174
105900027,3445,5221,-1776
105900028,307,145,162
105900029,1191,279,912
105900030,152,193,-41
105900031,327,169,158
105900032,49,120,-71
105900033,385,115,270
105900034,134,168,-34
105900035,104,119,-15
105900036,55,141,-86
105900037,98,87,11
105900038,108,253,-145
105900039,110,109,1
105900040,98,109,-11
105900041,138,189,-51
105900042,67,103,-36
105900043,1101,34,1067
105900044,5,326,-321
105900045,4,583,-579
105900046,4,195,-191
105900047,7,29,-22
105900048,82,454,-372
105900050,4409,1105,3304
105900051,15,833,-818
105900052,316,282,34
105900053,2397,1709,688
105900054,331,123,208
105900056,679,286,393
105900057,35,103,-68
105900058,14,24,-10
105900059,0,35,-35
106000001,4290,2020,2270
106000002,2433,4866,-2433
106000003,2211,3274,-1063
106000004,1603,2551,-948
106000005,2288,4760,-2472
106000006,5103,4182,921
106000007,434,565,-131
106000008,374,253,121
106000009,495,403,92
106000010,544,586,-42
106000011,799,912,-113
106000012,671,1310,-639
106000013,1326,1655,-329
106000014,1631,1710,-79
106000015,1238,1089,149
106000016,1196,2225,-1029
106000017,502,638,-136
106000018,538,483,55
106000019,252,290,-38
106000020,283,377,-94
106000021,261,491,-230
106000022,322,259,63
106000023,513,398,115
106000024,417,645,-228
106000025,93,210,-117
106000026,132,334,-202
106000027,884,1189,-305
106000028,526,516,10
106000029,733,1178,-445
106000030,612,364,248
106000034,172,607,-435
106000035,763,1362,-599
106000036,201,362,-161
106000037,1961,1489,472
106000038,430,87,343
106000039,157,64,93
106000040,181,759,-578
106000041,697,500,197
106000043,516,146,370
106000046,303,59,244
106000047,61,295,-234
106000049,844,169,675
106000050,265,755,-490
106000051,362,251,111
106000052,127,629,-502
106000053,231,132,99
106000054,309,419,-110
106000055,738,872,-134
106000056,266,476,-210
106000057,232,259,-27
106000058,112,243,-131
106000059,229,193,36
106000060,399,614,-215
106000061,190,388,-198
106000062,148,514,-366
106000063,543,500,43
106000064,67,424,-357
106000065,238,276,-38
106000066,111,335,-224
106000067,282,109,173
106000068,65,596,-531
106000069,180,72,108
106000070,403,775,-372
106000071,850,303,547
106000072,2906,1419,1487
106000073,1581,2654,-1073
106000074,507,711,-204
106000075,286,1430,-1144
106000076,1688,1986,-298
106000077,3452,1342,2110
106000078,702,971,-269
106000079,524,928,-404
106000080,1118,660,458
106000081,510,1051,-541
106000082,2010,785,1225
106000083,349,1319,-970
106000084,925,643,282
106000085,1323,1367,-44
106000086,549,844,-295
106000087,816,597,219
106000088,473,762,-289
106000089,733,405,328
106000090,234,544,-310
106000091,241,471,-230
106000092,451,252,199
106000093,316,93,223
106000094,103,244,-141
106000095,450,789,-339
106000096,860,656,204
106000097,767,901,-134
106000098,536,949,-413
106000099,166,722,-556
106000100,999,223,776
106000101,1106,549,557
106000102,156,493,-337
106000103,201,172,29
106000104,255,193,62
106000105,356,623,-267
106000106,775,462,313
106000107,172,402,-230
106000108,379,476,-97
106000109,149,306,-157
106000110,255,365,-110
106000111,145,380,-235
106000112,168,390,-222
106000113,585,495,90
106000114,250,465,-215
106000115,342,728,-386
106000116,541,466,75
106000117,842,615,227
106000118,904,1101,-197
106000119,1539,1000,539
106000120,637,920,-283
106000121,187,144,43
106000122,101,218,-117
106000123,337,161,176
106000124,43,266,-223
106000125,43,292,-249
106000126,273,154,119
106000127,577,764,-187
106000128,598,288,310
106000129,649,621,28
106000130,564,646,-82
106000131,111,722,-611
106000132,541,152,389
106000133,2204,1110,1094
106000134,693,1629,-936
106000135,556,810,-254
106000136,501,894,-393
106000137,84,963,-879
106000138,881,81,800
106000139,59,137,-78
106000140,34,69,-35
106000141,97,86,11
106000142,75,92,-17
106000143,85,94,-9
106000144,45,64,-19
106000145,180,269,-89
106000146,300,132,168
106000147,672,629,43
106000148,963,966,-3
106000149,434,630,-196
106000150,405,1775,-1370
106000151,3444,638,2806
106000152,1063,1439,-376
106000153,120,1087,-967
106000154,1259,269,990
106000155,73,218,-145
106000156,483,227,256
106000157,499,1499,-1000
106000158,2204,784,1420
106000159,2872,1505,1367
106000160,284,2025,-1741
106000161,1209,367,842
106000162,175,796,-621
106000163,271,419,-148
106000164,314,364,-50
106000165,160,542,-382
106000166,555,285,270
106000167,236,892,-656
106000168,336,257,79
106000169,218,526,-308
106000170,582,230,352
106000171,159,1030,-871
106000172,2167,1092,1075
106000173,808,2264,-1456
106000174,789,366,423
106000175,235,740,-505
106000176,1340,643,697
106000177,599,2147,-1548
106000178,2804,1395,1409
106000179,997,2112,-1115
106000180,676,1277,-601
106000181,589,1425,-836
106000182,934,580,354
106000183,930,649,281
106000184,1148,629,519
106000185,646,821,-175
106000186,771,154,617
106000187,217,923,-706
106000188,0,5,-5
106000189,6,42,-36
106000190,11,1,10
106000191,478,164,314
106000192,0,10,-10
106000193,288,198,90
106000194,122,261,-139
106000195,248,91,157
106000196,103,331,-228
106000197,374,257,117
106000198,101,256,-155
106000199,636,675,-39
106000200,137,160,-23
106000201,421,2000,-1579
106000202,3726,503,3223
106000203,57,169,-112
106000204,80,5,75
106000205,16,139,-123
106000206,82,34,48
106000207,45,606,-561
106000208,1106,159,947
106000209,1069,241,828
106000210,244,1034,-790
106000211,293,1163,-870
106000212,637,336,301
106000213,725,1560,-835
106000214,1945,476,1469
106000215,261,446,-185
106000216,1011,301,710
106000217,212,420,-208
106000218,434,332,102
106000219,143,305,-162
106000220,745,510,235
106000221,111,283,-172
106000222,25,99,-74
106000223,117,107,10
106000224,190,223,-33
106000225,50,78,-28
106000226,129,299,-170
106000228,33,79,-46
106000229,95,715,-620
106000231,691,88,603
106000232,90,348,-258
106000233,448,94,354
106000234,47,125,-78
106000235,335,72,263
106000236,173,61,112
106000237,7,15,-8
106000238,166,7,159
106000239,3,106,-103
106000240,36,17,19
106000241,16,598,-582
106000242,257,51,206
106000249,44,68,-24
106000250,49,504,-455
106000251,46,49,-3
106000252,5,59,-54
106000253,33,61,-28
106000254,46,48,-2
106000255,17,110,-93
106000256,65,42,23
106000257,97,189,-92
106000258,211,24,187
106000259,8,49,-41
106000260,27,4,23
106000261,4,30,-26
106000262,79,17,62
106000263,14,69,-55
106000264,137,5,132
106000265,15,102,-87
106000266,106,23,83
106000267,7,68,-61
106000268,476,44,432
106000269,72,32,40
106000270,119,415,-296
106000271,61,214,-153
106000272,199,51,148
106000273,20,219,-199
106000274,140,40,100
106000275,104,196,-92
106000276,128,35,93
106000277,132,204,-72
106000278,167,51,116
106000279,12,33,-21
106000280,96,70,26
106000281,94,53,41
106000282,84,60,24
106000283,80,52,28
106000284,42,83,-41
106000285,111,92,19
106000286,89,157,-68
106000287,114,76,38
106000288,89,184,-95
106000289,74,62,12
106000290,58,94,-36
106000291,80,89,-9
106000292,85,110,-25
106000293,93,101,-8
106000294,129,129,0
106000295,33,48,-15
106000296,41,102,-61
106000297,46,194,-148
106000298,127,68,59
106000299,68,122,-54
106000300,48,82,-34
106000301,89,111,-22
106000303,23,55,-32
106000304,20,31,-11
106000305,37,35,2
106000306,31,72,-41
106000307,23,14,9
106000308,18,97,-79
106000309,5,55,-50
106000310,343,625,-282
106000311,274,145,129
106000312,162,245,-83
106000313,127,163,-36
106000318,97,307,-210
106000319,906,215,691
106000320,3,35,-32
106000321,247,59,188
106000322,113,195,-82
106000324,14,112,-98
106000325,1206,798,408
106000326,842,1737,-895
106000327,119,125,-6
106000328,4,88,-84
106000329,62,216,-154
106000330,26,68,-42
106000428,102,201,-99
106000429,134,471,-337
106000430,344,1274,-930
106000431,1640,448,1192
106000432,2182,3060,-878
106000433,1896,1246,650
106000434,2557,1252,1305
106000435,1624,2702,-1078
106000436,11,198,-187
106000437,270,28,242
106000438,310,173,137
106000439,64,358,-294
106000440,452,661,-209
106000441,2,2,0
106000442,159,9,150
106000443,119,384,-265
106000450,4,158,-154
106000451,38,49,-11
106000454,6,175,-169
106000455,15,189,-174
106000456,119,33,86
106000457,13,875,-862
106000458,860,114,746
106000459,345,364,-19
106000460,1217,15,1202
106000461,101,1075,-974
106000462,6,33,-27
106000463,9,18,-9
106000464,8,433,-425
106000465,568,4,564
106000466,2,491,-489
106000467,381,481,-100
106000468,46,112,-66
106000469,160,0,160
106000470,200,1489,-1289
106000471,34,484,-450
106000472,111,21,90
106000473,26,24,2
106000474,395,588,-193
106000475,369,253,116
106000476,270,385,-115
106000477,43,177,-134
106000480,1,462,-461
106900001,1,8,-7
106900002,1,469,-468
106900003,61,230,-169
106900004,0,29,-29
106900006,0,4,-4
106900007,0,8,-8
106900008,275,186,89
106900009,286,324,-38
106900010,227,249,-22
106900012,1456,1047,409
106900013,87,39,48
106900014,32,2,30
106900015,19,4,15
106900016,219,4,215
106900017,2,0,2
106900018,1,0,1
106900019,19,0,19
106900020,1767,1048,719
106900021,135,129,6
106900022,504,1,503
106900023,8,156,-148
106900024,249,19,230
106900025,32,354,-322
106900026,2,631,-629
106900027,847,4,843
106900028,9,128,-119
106900029,173,15,158
106900030,12,152,-140
107000001,3339,2583,756
107000002,3392,4459,-1067
107000003,4059,5301,-1242
107000004,4168,4378,-210
107000005,3058,4379,-1321
107000006,4196,4526,-330
107000007,3861,8109,-4248
107000008,10693,8209,2484
107000009,4956,5704,-748
107000010,9639,9072,567
107000011,1346,1338,8
107000012,3991,3096,895
107000013,73,140,-67
107000014,59,248,-189
107000015,502,749,-247
107000016,538,986,-448
107000017,4504,754,3750
107000018,18,350,-332
107000020,2763,455,2308
107000021,1400,576,824
107000022,815,923,-108
107000023,1327,255,1072
107000024,437,1237,-800
107000025,145,399,-254
107000026,176,496,-320
107000027,1168,1036,132
107000028,1109,1367,-258
107000029,2561,2366,195
107000030,2586,2972,-386
107000031,3104,2291,813
107000032,450,888,-438
107000033,2809,4623,-1814
107000034,2782,1518,1264
107000035,321,213,108
107000036,421,1214,-793
107000037,86,788,-702
107000038,238,221,17
107000039,718,634,84
107000040,119,264,-145
107000041,1380,625,755
107000042,590,1575,-985
107000043,2386,993,1393
107000044,594,289,305
107000045,123,234,-111
107000046,679,394,285
107000047,450,801,-351
107000048,542,279,263
107000049,553,728,-175
107000050,960,583,377
107000051,452,323,129
107000052,1031,796,235
107000053,252,171,81
107000054,75,255,-180
107000055,246,151,95
107000056,507,762,-255
107000057,1657,284,1373
107000058,1811,1900,-89
107000059,2120,3210,-1090
107000060,3157,4603,-1446
107000061,4690,3417,1273
107000062,3175,2845,330
107000063,4183,4948,-765
107000064,3386,2008,1378
107000065,3664,4719,-1055
107000066,1298,2066,-768
107000067,820,976,-156
107000068,1106,602,504
107000069,632,426,206
107000070,1032,8,1024
107000071,2519,60,2459
107000072,73,2857,-2784
107000073,581,344,237
107000074,149,963,-814
107000075,1171,390,781
107000076,597,1352,-755
107000077,2584,1339,1245
107000078,2840,3436,-596
107000079,2201,959,1242
107000080,1135,2985,-1850
107000081,1254,605,649
107000082,481,1878,-1397
107000083,1066,434,632
107000084,428,1646,-1218
107000085,2475,3187,-712
107000086,3836,3450,386
107000087,2259,1916,343
107000088,3000,3686,-686
107000089,1230,1625,-395
107000090,829,1094,-265
107000091,1030,795,235
107000092,700,1016,-316
107000093,861,761,100
107000094,957,1274,-317
107000095,605,617,-12
107000096,528,865,-337
107000097,651,367,284
107000098,598,682,-84
107000099,401,275,126
107000100,216,284,-68
107000101,43,198,-155
107000102,230,288,-58
107000103,352,197,155
107000104,204,341,-137
107000105,385,122,263
107000106,195,232,-37
107000107,628,169,459
107000108,220,626,-406
107000109,511,226,285
107000110,99,387,-288
107000111,336,70,266
107000112,51,323,-272
107000113,609,149,460
107000114,109,644,-535
107000115,441,153,288
107000116,136,760,-624
107000117,133,577,-444
107000118,137,251,-114
107000119,1325,1366,-41
107000120,1548,413,1135
107000121,610,689,-79
107000122,1055,947,108
107000123,330,675,-345
107000124,453,1095,-642
107000125,674,658,16
107000126,799,849,-50
107000129,339,867,-528
107000130,707,242,465
107000131,331,741,-410
107000132,429,299,130
107000133,984,97,887
107000134,246,2,244
107000135,4,230,-226
107000136,671,6,665
107000137,18,363,-345
107000138,327,21,306
107000139,12,395,-383
107000140,1244,95,1149
107000141,107,745,-638
107000142,395,89,306
107000143,56,645,-589
107000144,327,433,-106
107000145,138,484,-346
107000146,122,360,-238
107000147,3800,1125,2675
107000150,657,1893,-1236
107000151,36,84,-48
107000152,419,1014,-595
107000153,181,387,-206
107000154,303,267,36
107000155,709,13,696
107000156,941,26,915
107000157,27,1667,-1640
107000158,496,29,467
107000159,58,1114,-1056
107000160,724,81,643
107000161,70,1365,-1295
107000162,221,327,-106
107000163,236,1,235
107000164,588,0,588
107000165,747,5,742
107000166,54,1074,-1020
107000167,430,258,172
107000168,733,464,269
107000169,868,896,-28
107000170,1571,661,910
107000171,532,1772,-1240
107000172,950,1224,-274
107000173,719,952,-233
107000174,730,3497,-2767
107000175,6220,1632,4588
107000176,1,1,0
107000177,2,1,1
107000178,9,35,-26
107000179,283,2266,-1983
107000180,1041,271,770
107000181,341,1290,-949
107000182,1379,842,537
107000183,151,852,-701
107000184,972,667,305
107000185,401,1250,-849
107000186,824,340,484
107000187,1132,1223,-91
107000188,510,526,-16
107000189,374,972,-598
107000190,497,642,-145
107000191,693,1130,-437
107000192,1392,708,684
107000193,327,409,-82
107000194,836,620,216
107000197,820,287,533
107000198,336,762,-426
107000199,434,604,-170
107000200,611,584,27
107000201,376,202,174
107000202,231,454,-223
107000203,1233,438,795
107000204,1502,547,955
107000205,1988,793,1195
107000206,643,852,-209
107000207,609,801,-192
107000208,881,364,517
107000209,1788,991,797
107000210,699,363,336
107000211,9,33,-24
107000212,7,238,-231
107000213,5,24,-19
107000214,8,119,-111
107000215,319,382,-63
107000216,318,240,78
107000217,137,95,42
107000219,76,90,-14
107000220,149,185,-36
107000222,240,696,-456
107000224,250,59,191
107000225,131,423,-292
107000226,252,61,191
107000227,85,252,-167
107000228,57,203,-146
107000229,122,179,-57
107000230,884,467,417
107000231,1557,1262,295
107000232,82,28,54
107000233,1412,779,633
107000234,0,25,-25
107000235,44,6,38
107000236,24,474,-450
107000237,17,4,13
107000238,9,1,8
107000239,2752,429,2323
107000240,33,920,-887
107000243,0,37,-37
107000244,2,69,-67
107000246,1,1037,-1036
107000249,2,1009,-1007
107000251,1,212,-211
107000252,4,955,-951
107000255,355,69,286
107000257,4,513,-509
107000258,0,187,-187
107000259,11,173,-162
107000260,574,0,574
107000262,10,521,-511
107000263,201,3,198
107000266,8,9,-1
107000267,75,113,-38
107000268,145,133,12
107000269,399,60,339
107000270,2,8,-6
107000271,3,677,-674
107000272,11,148,-137
107000273,2,179,-177
107000274,660,11,649
107000275,540,637,-97
107000280,642,35,607
107000281,31,897,-866
107000282,19,828,-809
107000290,4,22,-18
107000291,19,7,12
107000292,2,45,-43
107000293,205,3,202
107000294,0,37,-37
107000295,12,6,6
107000296,0,21,-21
107000444,207,2,205
107000496,5,17,-12
107000497,1346,2302,-956
107000500,261,260,1
107000501,140,163,-23
107000502,207,308,-101
107000505,375,721,-346
107000506,1,23,-22
107000508,5,559,-554
107000509,174,760,-586
107000510,19,20,-1
107000514,54,249,-195
107000515,24,183,-159
107000516,283,243,40
107000518,852,1002,-150
107000519,2172,931,1241
107000520,67,51,16
107000521,533,405,128
107000522,823,586,237
107900001,36,240,-204
107900002,38,7,31
107900003,231,95,136
107900004,1,2,-1
107900005,1041,2,1039
107900006,95,2,93
107900007,206,18,188
107900008,56,21,35
107900009,76,8,68
107900010,22,2,20
107900012,194,14,180
107900013,191,35,156
107900014,12,2,10
107900015,766,6,760
107900016,269,91,178
107900017,19,6,13
107900018,33,97,-64
107900019,12,46,-34
107900020,45,4,41
107900021,54,140,-86
107900023,5,1,4
107900024,0,6,-6
107900025,144,218,-74
107900026,56,58,-2
107900027,37,37,0
107900028,51,83,-32
107900030,153,23,130
107900031,43,83,-40
107900032,34,3,31
107900033,18,8,10
107900034,205,15,190
107900035,607,30,577
107900036,37,5,32
107900037,0,10,-10
107900038,150,222,-72
107900039,6,40,-34
107900040,41,44,-3
107900041,2,2,0
107900043,25,68,-43
107900044,9,13,-4
107900045,57,34,23
107900046,77,131,-54
107900047,5,21,-16
107900048,137,5,132
107900049,280,1143,-863
107900050,119,280,-161
107900051,68,57,11
107900052,31,15,16
107900053,27,98,-71
107900055,389,112,277
107900056,135,21,114
107900057,3,0,3
107900058,25,482,-457
107900060,34,22,12
107900061,21,13,8
107900063,57,84,-27
107900064,152,79,73
107900065,111,11,100
107900066,15,6,9
107900067,0,0,0
107900068,156,214,-58
107900069,63,1487,-1424
107900070,98,36,62
107900071,25,596,-571
107900072,57,198,-141
107900073,99,110,-11
107900074,934,241,693
107900076,106,36,70
107900077,46,1,45
107900079,4,8,-4
107900080,225,233,-8
107900081,23,119,-96
107900082,24,22,2
107900083,243,98,145
107900084,58,74,-16
107900086,44,107,-63
107900087,647,146,501
107900088,13,6,7
107900089,229,639,-410
107900090,445,1716,-1271
107900091,171,385,-214
107900093,55,60,-5
107900095,3384,1946,1438
107900097,12,35,-23
107900098,36,137,-101
107900100,888,926,-38
107900101,1016,188,828
107900102,29,3,26
107900103,48,179,-131
107900104,136,4,132
107900105,3,474,-471
107900106,3,944,-941
107900107,543,346,197
107900108,290,108,182
107900109,819,8,811
107900110,27,90,-63
107900111,17,741,-724
107900112,99,355,-256
107900113,164,82,82
107900114,133,122,11
107900115,1,42,-41
107900116,104,166,-62
107900117,299,332,-33
107900118,89,152,-63
107900119,57,193,-136
107900120,31,22,9
107900121,7,116,-109
107900122,3,41,-38
107900123,2,46,-44
107900124,27,14,13
107900125,35,190,-155
107900126,5,79,-74
107900127,296,249,47
107900128,90,71,19
107900129,33,25,8
107900130,58,17,41
107900131,556,173,383
107900132,116,383,-267
107900133,1,48,-47
107900134,18,34,-16
107900135,9,148,-139
107900136,29,22,7
107900137,147,99,48
107900138,35,38,-3
107900139,25,45,-20
107900141,38,28,10
107900142,51,770,-719
107900143,45,27,18
107900144,3,112,-109
107900145,1,64,-63
107900146,39,121,-82
107900147,35,24,11
107900148,102,68,34
107900149,918,177,741
107900150,92,627,-535
107900151,20,87,-67
107900152,9,130,-121
107900153,160,279,-119
107900154,45,24,21
107900155,43,39,4
107900156,2,340,-338
107900157,26,42,-16
107900158,650,25,625
107900159,19,607,-588
107900160,77,170,-93
107900161,34,180,-146
107900162,0,26,-26
107900163,70,16,54
107900164,6,33,-27
107900165,49,89,-40
107900166,6,201,-195
107900167,20,19,1
107900168,10,36,-26
107900169,0,117,-117
107900171,9,1340,-1331
107900172,0,242,-242
107900173,14,153,-139
107900174,89,8,81
107900175,28,8,20
107900176,19,45,-26
107900177,0,20,-20
107900178,1,164,-163
107900179,25,111,-86
107900180,493,336,157
107900181,226,218,8
107900182,54,1173,-1119
107900183,25,341,-316
107900184,64,221,-157
107900185,79,9,70
107900186,22,45,-23
107900187,0,102,-102
107900188,609,110,499
107900189,32,98,-66
107900190,69,75,-6
107900191,28,116,-88
107900193,5,58,-53
107900194,131,9,122
107900195,2442,377,2065
107900196,16,93,-77
107900197,878,214,664
107900199,2,946,-944
107900201,56,90,-34
107900203,28,54,-26
107900204,182,145,37
107900206,943,120,823
107900207,4,717,-713
107900208,4,521,-517
107900209,324,92,232
107900210,105,116,-11
107900213,417,359,58
107900214,9,101,-92
107900215,155,299,-144
107900216,159,63,96
107900217,21,73,-52
107900218,13,1075,-1062
107900219,32,79,-47
107900220,221,179,42
107900221,110,183,-73
107900223,79,485,-406
107900224,81,284,-203
107900225,5,514,-509
107900226,99,72,27
107900227,107,434,-327
107900228,10,66,-56
107900229,8,222,-214
107900230,27,106,-79
107900231,7,174,-167
107900232,71,155,-84
107900233,9,139,-130
107900234,94,91,3
107900235,13,96,-83
107900236,90,58,32
107900237,59,347,-288
107900238,22,86,-64
107900239,834,408,426
107900240,17,119,-102
107900241,15,70,-55
107900242,8,261,-253
107900243,5,59,-54
107900244,161,1,160
107900245,384,34,350
107900246,143,6,137
107900248,202,190,12
107900249,544,25,519
107900250,0,449,-449
107900251,84,1261,-1177
107900252,832,21,811
107900253,109,12,97
107900254,71,363,-292
107900255,230,70,160
107900256,1315,308,1007
107900257,146,109,37
107900258,81,179,-98
107900259,100,1150,-1050
107900261,2,255,-253
107900262,41,91,-50
107900264,260,7,253
107900265,114,133,-19
107900267,194,19,175
107900268,5,1,4
107900269,0,3,-3
107900270,0,0,0
107900271,0,4,-4
107900272,63,6,57
107900273,23,103,-80
107900274,31,0,31
107900275,14,0,14
107900276,1,74,-73
107900277,1,176,-175
107900278,197,299,-102
107900279,91,181,-90
107900280,1331,1760,-429
107900281,1467,1899,-432
107900282,73,315,-242
107900283,849,408,441
107900284,376,580,-204
107900285,86,76,10
107900286,84,42,42
107900287,136,154,-18
107900290,2,105,-103
107900291,335,7,328
107900292,100,219,-119
107900293,64,478,-414
107900295,49,53,-4
107900297,2,253,-251
107900298,750,673,77
107900299,2598,1753,845
107900301,467,546,-79
107900302,89,60,29
107900303,135,252,-117
107900304,146,358,-212
107900305,262,16,246
107900306,13,17,-4
107900307,66,229,-163
107900308,154,70,84
107900309,278,0,278
107900310,208,1,207
107900311,5,136,-131
107900312,47,1,46
107900313,1,109,-108
107900314,4,59,-55
107900315,0,38,-38
107900316,18,0,18
107900317,90,15,75
107900318,8,115,-107
107900319,1,133,-132
107900320,3,116,-113
107900321,101,10,91
107900322,0,126,-126
107900323,0,123,-123
107900324,97,2,95
107900325,66,0,66
107900326,169,222,-53
107900327,16,50,-34
107900328,133,2,131
107900329,190,80,110
107900330,7,333,-326
107900331,126,18,108
107900332,177,26,151
107900333,32,11,21
107900334,6,146,-140
107900335,33,43,-10
107900336,28,33,-5
107900337,950,660,290
107900338,1,110,-109
107900339,3,21,-18
107900340,0,55,-55
107900341,55,0,55
107900342,99,90,9
107900343,39,1,38
107900344,6,71,-65
107900345,60,19,41
107900346,9,2,7
107900347,16,4,12
107900348,2,3,-1
107900349,12,1,11
107900350,34,268,-234
107900351,1,163,-162
107900352,3,34,-31
107900353,19,8,11
107900354,21,88,-67
108000001,2567,3250,-683
108000002,2186,2861,-675
108000003,2874,2896,-22
108000004,12542,15576,-3034
108000005,7081,5315,1766
108000006,8869,8475,394
108000007,4197,3742,455
108000008,4494,6624,-2130
108000009,2746,3743,-997
108000010,2891,4884,-1993
108000011,9502,10553,-1051
108000012,16961,15537,1424
108000014,1033,582,451
108000015,760,250,510
108000016,319,686,-367
108000017,991,359,632
108000018,1566,515,1051
108000019,1595,716,879
108000020,1161,454,707
108000021,344,1630,-1286
108000022,392,1226,-834
108000023,1039,170,869
108000024,271,541,-270
108000025,244,288,-44
108000026,643,490,153
108000027,672,678,-6
108000028,617,210,407
108000029,472,822,-350
108000030,472,230,242
108000031,197,550,-353
108000032,1125,606,519
108000033,690,1180,-490
108000034,1296,422,874
108000035,739,2354,-1615
108000036,344,1024,-680
108000037,1368,357,1011
108000038,1916,487,1429
108000039,598,2209,-1611
108000040,1415,791,624
108000041,583,2385,-1802
108000042,239,225,14
108000043,227,309,-82
108000044,401,196,205
108000045,252,720,-468
108000046,1105,316,789
108000047,367,1059,-692
108000048,105,436,-331
108000049,735,258,477
108000050,153,636,-483
108000051,264,139,125
108000052,195,703,-508
108000053,403,176,227
108000054,462,976,-514
108000055,890,426,464
108000056,1192,1211,-19
108000057,512,960,-448
108000058,1843,3454,-1611
108000059,3336,2095,1241
108000060,179,532,-353
108000061,311,580,-269
108000062,639,502,137
108000063,299,514,-215
108000064,184,239,-55
108000065,421,480,-59
108000066,1370,695,675
108000067,1269,402,867
108000068,586,349,237
108000069,246,1044,-798
108000070,1333,671,662
108000071,623,1569,-946
108000072,1292,1080,212
108000073,1414,1792,-378
108000074,392,306,86
108000075,319,933,-614
108000076,533,428,105
108000077,568,675,-107
108000078,1612,1223,389
108000079,927,1852,-925
108000080,943,510,433
108000081,494,1791,-1297
108000082,852,1713,-861
108000083,1493,878,615
108000084,398,1181,-783
108000085,553,374,179
108000086,723,663,60
108000087,83,1437,-1354
108000088,570,190,380
108000089,262,298,-36
108000091,225,449,-224
108000092,134,90,44
108000093,159,571,-412
108000094,554,117,437
108000095,157,385,-228
108000096,221,172,49
108000097,120,381,-261
108000098,1237,1271,-34
108000099,1005,304,701
108000100,126,441,-315
108000101,931,1271,-340
108000102,1371,2891,-1520
108000106,937,1,936
108000107,1,551,-550
108000108,564,41,523
108000109,9,640,-631
108000110,177,354,-177
108000111,157,554,-397
108000112,53,156,-103
108000113,503,219,284
108000115,311,264,47
108000117,615,312,303
108000118,573,1439,-866
108000119,629,326,303
108000120,128,606,-478
108000121,189,511,-322
108000122,362,275,87
108000123,665,210,455
108000124,435,515,-80
108000125,451,289,162
108000126,223,425,-202
108000127,452,324,128
108000128,560,625,-65
108000129,359,1197,-838
108000130,301,260,41
108000131,810,410,400
108000132,2048,1439,609
108000133,844,457,387
108000134,555,696,-141
108000135,912,446,466
108000136,499,975,-476
108000137,364,337,27
108000138,382,1028,-646
108000139,387,314,73
108000140,84,15,69
108000141,45,78,-33
108000142,61,87,-26
108000143,34,499,-465
108000144,263,72,191
108000145,44,29,15
108000146,455,54,401
108000147,24,34,-10
108000148,405,81,324
108000149,12,16,-4
108000150,44,6,38
108000151,224,80,144
108000152,109,442,-333
108000153,404,154,250
108000154,45,20,25
108000155,39,39,0
108000156,705,534,171
108000157,119,638,-519
108000158,94,638,-544
108000159,620,176,444
108000160,3262,1010,2252
108000161,2368,1969,399
108000165,4,103,-99
108000172,5,350,-345
108000173,1938,1604,334
108000175,357,102,255
108000178,361,324,37
108000179,142,608,-466
108000181,57,34,23
108000182,332,109,223
108000183,72,285,-213
108000184,1025,1780,-755
108000185,134,521,-387
108000186,305,430,-125
108000187,86,568,-482
108000188,454,219,235
108000189,1876,5414,-3538
108000190,37,98,-61
108000192,161,586,-425
108000193,563,30,533
108000194,46,13,33
108000195,0,1010,-1010
108000196,133,140,-7
108000198,679,368,311
108000199,0,166,-166
108000200,349,421,-72
108000203,99,683,-584
108000204,119,49,70
108000205,330,445,-115
108000339,1171,364,807
108000364,303,688,-385
108000365,63,273,-210
108000367,100,290,-190
108000368,4,68,-64
108000369,1443,296,1147
108000371,14,602,-588
108000372,583,10,573
108000373,153,150,3
108000376,69,29,40
108000377,299,303,-4
108000378,7535,8823,-1288
108000379,12,189,-177
108000381,46,14,32
108000382,190,0,190
108000383,0,193,-193
108900001,70,1131,-1061
108900002,138,50,88
108900003,370,768,-398
108900004,186,367,-181
108900007,152,193,-41
108900008,70,108,-38
108900009,61,93,-32
108900010,174,134,40
108900011,479,437,42
108900012,215,399,-184
108900013,150,241,-91
108900014,6,101,-95
108900015,2,51,-49
108900016,1,210,-209
108900017,137,274,-137
108900018,85,356,-271
108900019,50,705,-655
108900020,51,200,-149
108900021,121,215,-94
108900022,60,2,58
108900023,20,36,-16
108900024,14,110,-96
108900025,61,95,-34
108900026,15,68,-53
108900027,1,104,-103
108900028,52,331,-279
108900029,69,216,-147
108900030,0,99,-99
108900031,96,333,-237
108900032,5,184,-179
108900033,0,43,-43
108900034,0,232,-232
108900035,271,1246,-975
108900038,10,338,-328
108900039,1,457,-456
108900040,8,126,-118
108900041,4690,2811,1879
108900042,12,303,-291
108900043,38,382,-344
108900044,4,486,-482
108900045,39,599,-560
108900046,38,762,-724
108900047,21,103,-82
108900048,112,925,-813
108900049,3432,804,2628
108900050,0,283,-283
108900051,1,163,-162
108900052,26,222,-196
108900053,95,130,-35
108900054,75,158,-83
108900055,65,323,-258
108900056,1,152,-151
108900057,2,130,-128
108900058,32,328,-296
108900059,264,17,247
108900060,53,104,-51
108900061,74,43,31
108900062,1,238,-237
108900063,23,262,-239
108900064,117,51,66
108900065,5,261,-256
108900066,250,89,161
108900067,29,159,-130
108900068,6,157,-151
108900069,27,89,-62
108900070,34,102,-68
108900071,65,74,-9
108900072,1662,390,1272
108900073,48,284,-236
108900074,114,356,-242
108900075,59,32,27
108900076,203,97,106
108900077,129,412,-283
108900078,29,157,-128
108900079,1063,214,849
108900080,16,598,-582
108900081,33,194,-161
108900082,29,90,-61
108900083,28,236,-208
108900085,1755,165,1590
108900086,56,269,-213
108900087,144,159,-15
108900088,894,339,555
108900089,13,142,-129
108900090,21,329,-308
108900091,137,80,57
108900092,388,347,41
108900093,58,76,-18
108900094,177,72,105
108900095,64,350,-286
108900096,333,30,303
108900097,262,234,28
108900098,2151,464,1687
108900099,322,243,79
108900100,73,94,-21
108900101,168,112,56
108900102,111,558,-447
108900103,48,99,-51
108900105,1,961,-960
108900106,337,352,-15
108900108,343,32,311
108900109,270,42,228
108900110,140,462,-322
108900111,388,537,-149
108900113,21,60,-39
108900114,71,22,49
108900115,45,80,-35
108900116,41,13,28
108900117,148,11,137
108900118,437,11,426
108900119,171,30,141
108900120,170,157,13
108900121,213,72,141
108900122,101,26,75
108900123,101,100,1
108900124,356,172,184
108900125,256,2,254
108900126,72,28,44
108900127,113,22,91
108900128,86,47,39
108900129,547,104,443
108900130,210,1,209
108900131,282,1,281
108900132,326,72,254
108900133,150,75,75
108900134,204,223,-19
108900135,121,5,116
108900136,27,0,27
108900137,100,0,100
108900138,589,18,571
108900140,218,208,10
108900141,260,15,245
108900142,70,5,65
108900143,28,0,28
108900144,76,0,76
108900145,118,1,117
108900146,60,0,60
108900147,161,0,161
108900148,75,24,51
108900150,233,10,223
108900151,171,0,171
108900152,119,1,118
108900153,107,331,-224
108900154,3601,319,3282
108900156,53,7,46
108900157,21,545,-524
108900158,257,15,242
108900159,5,277,-272
108900160,25,285,-260
108900161,14,381,-367
108900162,55,0,55
108900163,7,262,-255
108900164,70,86,-16
108900168,7478,2029,5449
108900169,45,76,-31
108900171,5774,2139,3635
108900172,169,43,126
108900173,184,290,-106
108900174,580,460,120
108900176,72,513,-441
108900177,5307,3559,1748
108900178,3547,2462,1085
108900180,92,217,-125
108900183,154,167,-13
108900184,429,175,254
108900185,119,288,-169
108900186,67,371,-304
108900189,350,153,197
108900190,25,2513,-2488
108900192,53,185,-132
108900195,99,247,-148
108900196,9,311,-302
108900199,251,339,-88
108900200,514,300,214
108900201,465,1294,-829
108900203,324,61,263
108900204,274,13,261
108900205,134,18,116
108900206,274,32,242
108900207,127,36,91
108900208,15,259,-244
108900209,256,442,-186
108900210,140,155,-15
108900211,121,345,-224
108900212,679,965,-286
108900215,89,465,-376
108900216,412,90,322
108900217,117,0,117
108900218,75,13,62
108900221,48,89,-41
108900224,25,111,-86
108900225,1,175,-174
108900227,73,154,-81
108900230,229,221,8
108900232,1,263,-262
108900233,249,46,203
108900234,210,89,121
108900235,161,502,-341
108900236,32,257,-225
108900240,43,68,-25
108900241,12,13,-1
108900245,4,672,-668
108900250,109,92,17
108900258,7,202,-195
108900259,73,91,-18
108900260,8,103,-95
108900261,78,131,-53
108900262,129,128,1
108900263,30,146,-116
108900264,618,261,357
108900265,835,259,576
108900266,816,388,428
108900267,8,62,-54
108900268,14,1,13
108900269,45,7,38
108900270,35,7,28
108900271,38,15,23
108900272,161,4,157
108900273,1056,607,449
108900274,58,41,17
109000001,3327,1228,2099
109000002,1911,1383,528
109000003,2153,522,1631
109000004,448,2207,-1759
109000005,2135,707,1428
109000006,776,2078,-1302
109000007,1207,669,538
109000008,441,1776,-1335
109000009,3171,1295,1876
109000010,1490,3532,-2042
109000011,2516,1687,829
109000012,1541,3310,-1769
109000013,2485,2397,88
109000014,1632,3063,-1431
109000015,4347,6666,-2319
109000016,6513,3697,2816
109000017,2017,1148,869
109000018,934,2874,-1940
109000019,2411,1380,1031
109000020,1110,1804,-694
109000023,182,31,151
109000024,13,180,-167
109000025,364,479,-115
109000026,752,342,410
109000027,75,329,-254
109000028,139,91,48
109000029,138,146,-8
109000030,92,548,-456
109000031,151,136,15
109000032,134,435,-301
109000033,365,141,224
109000034,40,32,8
109000035,21,47,-26
109000036,66,381,-315
109000037,194,1080,-886
109000038,602,354,248
109000039,713,499,214
109000040,2091,3856,-1765
109000041,3797,1566,2231
109000042,611,1071,-460
109000044,392,199,193
109000045,241,319,-78
109000046,228,91,137
109000047,89,346,-257
109000048,1165,365,800
109000049,239,475,-236
109000050,552,489,63
109000051,249,261,-12
109000052,452,930,-478
109000053,1213,344,869
109000054,129,390,-261
109000055,288,187,101
109000056,322,307,15
109000057,450,409,41
109000058,2013,369,1644
109000059,1138,1236,-98
109000060,939,305,634
109000061,1085,948,137
109000062,120,253,-133
109000063,132,159,-27
109000064,237,143,94
109000065,86,220,-134
109000066,347,72,275
109000067,46,314,-268
109000068,2160,11,2149
109000069,751,34,717
109000070,1,937,-936
109000071,365,66,299
109000072,110,600,-490
109000073,67,86,-19
109000074,31,212,-181
109000075,78,305,-227
109000076,156,287,-131
109000077,412,363,49
109000078,106,156,-50
109000079,149,185,-36
109000080,142,132,10
109000081,126,548,-422
109000082,578,218,360
109000083,230,782,-552
109000088,147,503,-356
109000089,181,60,121
109000090,166,440,-274
109000091,300,163,137
109000092,300,423,-123
109000093,191,192,-1
109000094,355,2,353
109000095,103,408,-305
109000096,516,275,241
109000097,86,187,-101
109000098,65,108,-43
109000099,728,202,526
109000100,194,557,-363
109000101,1040,614,426
109000102,317,658,-341
109000103,703,658,45
109000104,1107,539,568
109000105,443,1052,-609
109000106,1702,661,1041
109000107,601,1872,-1271
109000108,1319,511,808
109000109,333,1765,-1432
109000110,986,557,429
109000111,747,1732,-985
109000112,327,136,191
109000113,388,161,227
109000114,123,339,-216
109000115,1172,93,1079
109000116,12,587,-575
109000117,153,93,60
109000118,4,300,-296
109000119,968,303,665
109000120,155,853,-698
109000121,483,147,336
109000122,90,831,-741
109000123,50,196,-146
109000124,553,485,68
109000125,564,410,154
109000126,403,769,-366
109000127,1089,402,687
109000128,507,1462,-955
109000129,1480,644,836
109000130,960,2774,-1814
109000131,1216,824,392
109000132,1142,2635,-1493
109000133,393,1027,-634
109000134,683,1374,-691
109000135,1098,1493,-395
109000136,390,319,71
109000137,550,361,189
109000138,480,303,177
109000139,430,447,-17
109000140,271,663,-392
109000141,640,511,129
109000142,104,439,-335
109000143,66,79,-13
109000145,91,310,-219
109000146,75,96,-21
109000148,3044,1083,1961
109000149,27,57,-30
109000150,186,175,11
109000155,543,596,-53
109000156,1006,559,447
109000158,89,242,-153
109000159,92,421,-329
109000160,816,226,590
109000161,217,946,-729
109000162,1370,632,738
109000163,745,1529,-784
109000164,1043,2475,-1432
109000165,950,556,394
109000166,563,110,453
109000167,92,498,-406
109000170,53,42,11
109000171,74,61,13
109000172,52,58,-6
109000173,36,68,-32
109000174,96,54,42
109000175,133,285,-152
109000176,200,277,-77
109000177,19,92,-73
109000178,620,341,279
109000179,4548,3489,1059
109000180,4066,2405,1661
109000181,9,36,-27
109000182,33,33,0
109000183,28,48,-20
109000184,33,18,15
109000185,15,30,-15
109000188,430,1729,-1299
109000189,1931,914,1017
109000190,419,418,1
109000191,251,384,-133
109000192,281,187,94
109000193,146,301,-155
109000194,226,77,149
109000195,119,348,-229
109000196,240,123,117
109000197,117,326,-209
109000198,297,44,253
109000199,103,358,-255
109000206,167,29,138
109000207,94,34,60
109000208,96,67,29
109000209,132,113,19
109000210,153,486,-333
109000211,447,431,16
109000214,453,813,-360
109000215,160,97,63
109000216,245,187,58
109000217,170,92,78
109000218,303,160,143
109000221,609,1190,-581
109000222,940,236,704
109000223,253,218,35
109000224,50,192,-142
109000225,71,41,30
109000226,36,252,-216
109000227,830,911,-81
109000228,3,537,-534
109000231,4,300,-296
109000232,232,336,-104
109000236,179,805,-626
109000241,1888,2057,-169
109000242,1745,1525,220
109000293,55,199,-144
109000361,260,250,10
109000364,178,405,-227
109000396,2,534,-532
109000397,374,5,369
109000399,124,403,-279
109000400,98,250,-152
109000403,118,1039,-921
109000406,426,5,421
109000407,226,256,-30
109000408,1,473,-472
109000410,845,219,626
109000411,211,39,172
109000412,6,78,-72
109900001,89,1,88
109900002,743,15,728
109900003,163,0,163
109900005,16,4,12
109900006,286,209,77
109900007,572,605,-33
109900008,0,46,-46
109900009,108,461,-353
109900010,414,14,400
109900011,87,29,58
109900012,225,136,89
109900013,348,152,196
109900014,239,73,166
109900015,235,135,100
109900016,122,31,91
109900017,160,131,29
109900018,141,67,74
109900019,199,49,150
109900020,31,29,2
109900021,28,15,13
109900022,129,198,-69
109900023,10,1,9
109900024,7,1,6
109900025,15,23,-8
109900027,32,35,-3
109900028,1392,769,623
109900029,3,282,-279
109900030,23,1,22
109900031,0,73,-73
109900032,6,323,-317
109900033,3,356,-353
109900034,31,3,28
109900035,5,26,-21
109900036,33,68,-35
109900037,15,412,-397
109900038,36,153,-117
109900039,9,0,9
109900040,14,480,-466
109900041,58,331,-273
109900042,61,352,-291
109900044,67,272,-205
109900045,165,25,140
109900046,126,123,3
109900047,277,352,-75
109900048,4,105,-101
109900049,12,38,-26
109900050,1,213,-212
109900051,0,63,-63
109900052,91,335,-244
109900053,0,334,-334
109900054,386,173,213
109900055,30,238,-208
109900056,13,192,-179
109900057,10,215,-205
109900058,1,93,-92
109900060,257,120,137
109900061,58,268,-210
109900062,0,173,-173
109900064,497,224,273
109900065,118,126,-8
109900066,292,752,-460
109900067,2,298,-296
109900068,30,0,30
109900069,2,43,-41
109900071,0,39,-39
109900072,33,143,-110
109900073,261,428,-167
109900074,4,48,-44
109900075,25,15,10
109900076,28,335,-307
109900077,27,74,-47
109900078,67,189,-122
109900080,102,244,-142
109900081,26,200,-174
109900082,29,304,-275
109900083,26,97,-71
109900084,41,136,-95
109900085,200,646,-446
109900086,94,365,-271
109900087,110,249,-139
109900089,581,162,419
109900092,457,16,441
109900093,614,117,497
109900094,91,84,7
109900095,71,145,-74
109900096,32,2,30
109900097,74,2,72
109900098,312,32,280
109900099,138,0,138
109900100,47,3,44
109900101,243,6,237
109900102,311,32,279
109900103,22,28,-6
109900104,426,860,-434
109900105,386,23,363
109900106,283,58,225
109900107,320,74,246
109900108,84,242,-158
109900109,39,77,-38
109900111,238,803,-565
109900114,737,385,352
109900115,159,82,77
109900117,669,120,549
109900121,280,279,1
109900123,9,132,-123
109900125,0,131,-131
109900126,161,145,16
109900130,6332,1753,4579
109900131,57,134,-77
109900132,32,143,-111
109900134,39,53,-14
109900135,375,73,302
109900137,74,235,-161
109900140,162,250,-88
109900149,30,72,-42
109900150,3,69,-66
109900151,6,49,-43
109900152,0,37,-37
109900153,1,39,-38
109900154,46,0,46
109900155,40,11,29
109900157,38,264,-226
109900159,123,28,95
109900161,208,44,164
109900162,128,103,25
109900163,467,241,226
109900164,72,212,-140
109900165,201,3,198
109900166,6,157,-151
109900167,132,414,-282
109900168,130,482,-352
109900169,109,164,-55
109900170,207,573,-366
109900171,104,111,-7
109900172,154,190,-36
109900173,2713,1852,861
109900174,41,101,-60
109900175,51,72,-21
109900176,79,133,-54
109900177,48,197,-149
109900178,17,113,-96
109900179,56,18,38
109900180,19,29,-10
110000001,1021,565,456
110000002,640,613,27
110000003,631,681,-50
110000004,420,556,-136
110000005,421,1180,-759
110000006,359,329,30
110000007,99,135,-36
110000008,20,37,-17
110000009,51,47,4
110000010,47,48,-1
110000011,27,86,-59
110000012,521,401,120
110000013,53,423,-370
110000014,681,435,246
110000015,277,510,-233
110000016,231,1201,-970
110000017,2116,283,1833
110000018,2339,467,1872
110000019,12,102,-90
110000020,324,196,128
110000021,575,316,259
110000022,672,134,538
110000023,4,150,-146
110000024,620,314,306
110000025,234,5,229
110000026,8,284,-276
110000027,1007,310,697
110000028,808,640,168
110000029,497,748,-251
110000030,224,355,-131
110000031,264,429,-165
110000032,620,394,226
110000033,342,66,276
110000034,294,640,-346
110000035,809,533,276
110000036,875,635,240
110000037,193,338,-145
110000038,172,593,-421
110000039,599,2143,-1544
110000040,310,305,5
110000041,282,1076,-794
110000042,82,218,-136
110000043,592,211,381
110000044,145,89,56
110000045,659,61,598
110000046,23,28,-5
110000047,183,10,173
110000048,16,19,-3
110000049,51,7,44
110000050,19,19,0
110000051,62,18,44
110000052,36,39,-3
110000053,84,2,82
110000054,110,148,-38
110000055,331,23,308
110000056,222,48,174
110000057,282,570,-288
110000058,901,437,464
110000059,789,510,279
110000060,685,904,-219
110000061,792,680,112
110000062,532,776,-244
110000063,39,94,-55
110000064,99,58,41
110000065,50,70,-20
110000066,52,33,19
110000067,84,211,-127
110000068,274,227,47
110000069,171,83,88
110000071,82,107,-25
110000073,11,21,-10
110000075,9,82,-73
110000076,190,277,-87
110000077,353,747,-394
110000078,35,37,-2
110000080,292,587,-295
110000081,43,271,-228
110000082,44,321,-277
110000083,250,660,-410
110000084,941,687,254
110000085,1966,1528,438
110000086,1075,1795,-720
110000087,11,62,-51
110000088,85,199,-114
110000089,175,175,0
110000090,131,208,-77
110000091,1087,365,722
110000092,27,92,-65
110000093,42,12,30
110000094,401,261,140
110000095,149,517,-368
110000096,2119,1692,427
110000097,937,1098,-161
110000098,1715,585,1130
110000099,846,1377,-531
110000100,571,413,158
110000101,23,353,-330
110000102,79,36,43
110000104,318,92,226
110000105,74,281,-207
110000106,554,384,170
110000107,284,400,-116
110000108,102,56,46
110000109,210,290,-80
110000110,2869,3459,-590
110000111,5899,2450,3449
110000112,1384,1114,270
110000113,488,2000,-1512
110000114,124,504,-380
110000115,316,339,-23
110000116,47,46,1
110000117,142,354,-212
110000118,304,130,174
110000119,179,286,-107
110000120,289,142,147
110000121,63,296,-233
110000122,332,483,-151
110000123,503,360,143
110000124,4,939,-935
110000125,885,10,875
110000126,281,19,262
110000127,949,40,909
110000128,38,1080,-1042
110000129,3,602,-599
110000130,385,186,199
110000131,99,405,-306
110000132,0,713,-713
110000133,30,425,-395
110000134,28,415,-387
110000135,165,22,143
110000136,49,271,-222
110000137,429,552,-123
110000138,721,695,26
110000139,611,1249,-638
110000140,890,614,276
110000143,619,351,268
110000144,4980,1370,3610
110000145,1783,712,1071
110000146,1325,644,681
110000147,292,436,-144
110000148,418,196,222
110000151,781,775,6
110000152,816,435,381
110000153,58,55,3
110000154,7,18,-11
110000155,1371,3577,-2206
110000156,1160,1911,-751
110000157,1459,1410,49
110000160,289,340,-51
110000161,180,351,-171
110000166,303,89,214
110000167,621,561,60
110000168,722,426,296
110000169,753,317,436
110000170,101,81,20
110000171,476,156,320
110000172,134,739,-605
110000173,1140,1203,-63
110000174,157,953,-796
110000175,451,89,362
110000176,102,255,-153
110000177,150,757,-607
110000178,388,1139,-751
110000179,1057,290,767
110000180,151,213,-62
110000181,234,393,-159
110000182,302,152,150
110000183,8219,4835,3384
110000184,374,1753,-1379
110000185,1076,538,538
110000186,723,807,-84
110000191,646,364,282
110000192,402,10,392
110000193,760,6,754
110000194,18,959,-941
110000195,391,266,125
110000196,325,395,-70
110000197,97,143,-46
110000198,125,72,53
110000199,44,94,-50
110000200,1072,447,625
110000201,585,784,-199
110000202,997,544,453
110000203,616,652,-36
110000204,6,241,-235
110000205,106,47,59
110000206,444,1107,-663
110000207,600,337,263
110000208,102,132,-30
110000209,126,685,-559
110000210,805,545,260
110000211,531,703,-172
110000212,393,957,-564
110000213,140,101,39
110000214,189,121,68
110000215,151,335,-184
110000216,94,340,-246
110000217,227,216,11
110000218,113,330,-217
110000219,281,68,213
110000220,69,251,-182
110000221,261,89,172
110000222,69,211,-142
110000223,12,189,-177
110000224,132,23,109
110000225,216,529,-313
110000226,159,74,85
110000227,632,526,106
110000228,263,405,-142
110000229,0,272,-272
110000230,437,596,-159
110000231,138,166,-28
110000232,164,179,-15
110000233,192,202,-10
110000234,738,383,355
110000235,785,803,-18
110000236,482,775,-293
110000237,1591,1088,503
110000238,1050,1431,-381
110000239,1784,1096,688
110000240,2,71,-69
110000242,0,10,-10
110000243,91,127,-36
110000244,103,245,-142
110000245,32,303,-271
110000246,830,567,263
110000247,1311,4229,-2918
110000248,2420,1424,996
110000249,73,8,65
110000250,47,199,-152
110000251,339,518,-179
110000252,165,213,-48
110000253,1124,588,536
110000254,666,1209,-543
110000255,235,959,-724
110000256,463,306,157
110000257,663,381,282
110000258,7,330,-323
110000259,89,22,67
110000260,15,275,-260
110000263,682,118,564
110000264,241,387,-146
110000265,878,1439,-561
110000266,1500,2201,-701
110000267,18,153,-135
110000268,223,305,-82
110000269,4,53,-49
110000270,31,1,30
110000271,1301,255,1046
110000272,932,866,66
110000273,3057,1214,1843
110000274,153,1153,-1000
110000275,1641,435,1206
110000276,214,275,-61
110000277,243,327,-84
110000278,271,676,-405
110000279,758,709,49
110000280,368,385,-17
110000281,27,253,-226
110000282,222,33,189
110000283,87,111,-24
110000284,76,49,27
110000285,3,359,-356
110000286,25,1,24
110000287,37,0,37
110000288,1,57,-56
110000289,397,1200,-803
110000290,998,543,455
110000291,4032,1197,2835
110000292,1285,3688,-2403
110000293,541,688,-147
110000294,733,909,-176
110000295,114,726,-612
110000296,405,269,136
110000297,2462,288,2174
110000298,379,597,-218
110000299,554,96,458
110000301,245,22,223
110000302,321,925,-604
110000303,269,6,263
110000304,156,278,-122
110000305,856,11,845
110000306,125,1122,-997
110000307,1317,7,1310
110000308,405,4,401
110000309,8,740,-732
110000310,490,64,426
110000311,28,559,-531
110000312,404,69,335
110000313,2851,3103,-252
110000314,2,278,-276
110000315,2793,1925,868
110000316,528,1100,-572
110000317,505,266,239
110000318,5,100,-95
110000319,9,21,-12
110000320,62,35,27
110000321,8,45,-37
110000322,334,310,24
110000323,288,231,57
110000324,3001,1284,1717
110000325,2315,2190,125
110000327,384,198,186
110000328,173,339,-166
110000333,608,532,76
110000334,691,1076,-385
110000335,658,483,175
110000336,502,972,-470
110000337,1010,571,439
110000338,360,205,155
110000339,375,279,96
110000340,67,167,-100
110000341,437,494,-57
110000342,336,5,331
110000343,0,11,-11
110000344,149,130,19
110000345,273,70,203
110000346,2134,1454,680
110000347,872,716,156
110000348,32,23,9
110000349,13,12,1
110000350,26,2,24
110000351,695,755,-60
110000352,563,1292,-729
110000353,2154,670,1484
110000354,914,2298,-1384
110000355,69,82,-13
110000356,430,3,427
110000357,298,35,263
110000361,18,64,-46
110000362,39,18,21
110000363,243,146,97
110000364,141,288,-147
110000365,143,4,139
110000366,0,65,-65
110000367,323,160,163
110000368,1,54,-53
110000369,45,0,45
110000373,1,169,-168
110000374,99,12,87
110000375,104,842,-738
110000376,42,107,-65
110000377,66,477,-411
110000378,23,263,-240
110000379,2568,1456,1112
110000380,40,10,30
110000383,1,1105,-1104
110000384,3250,1087,2163
110000385,0,113,-113
110000387,40,6,34
110000388,57,224,-167
110000389,577,6,571
110000391,454,260,194
110000396,122,150,-28
110000397,112,163,-51
110000398,3,60,-57
110000399,193,1,192
110000587,64,49,15
110000589,212,224,-12
110000640,233,67,166
110000652,6,76,-70
110000653,283,430,-147
110000654,121,63,58
110000656,1,583,-582
110000674,15,7,8
110000675,5,4,1
110000676,2,15,-13
110000679,439,965,-526
110000682,99,153,-54
110000683,283,438,-155
110000684,0,33,-33
110000685,4,9,-5
110000686,2,19,-17
110000687,6,0,6
110000688,65,589,-524
110000689,57,42,15
110000692,177,145,32
110000693,108,210,-102
110000694,0,154,-154
110000695,177,515,-338
110000696,63,102,-39
110000698,40,664,-624
110000699,140,452,-312
110900001,238,5,233
110900002,182,124,58
110900003,583,658,-75
110900004,364,149,215
110900005,2529,1573,956
110900006,44,21,23
110900007,81,25,56
110900008,14,64,-50
110900009,316,93,223
110900010,5,64,-59
110900011,26,68,-42
110900012,4,98,-94
110900013,724,120,604
110900014,247,18,229
110900015,438,355,83
110900016,49,179,-130
110900017,267,26,241
110900018,332,40,292
110900019,198,26,172
110900020,71,304,-233
110900021,76,406,-330
110900022,71,296,-225
110900023,51,398,-347
110900024,29,311,-282
110900025,25,54,-29
110900027,44,153,-109
110900028,22,125,-103
110900029,12,242,-230
110900030,27,229,-202
110900031,18,127,-109
110900032,1,62,-61
110900033,38,151,-113
110900035,14,464,-450
110900036,70,26,44
110900037,52,24,28
110900038,779,138,641
110900039,5,199,-194
110900040,150,46,104
110900041,7,118,-111
110900042,67,37,30
110900043,13,114,-101
110900044,179,13,166
110900045,38,376,-338
110900046,41,243,-202
110900047,345,133,212
110900049,51,54,-3
110900050,23,2,21
110900052,10,152,-142
110900053,67,22,45
110900054,31,150,-119
110900055,19,2,17
110900056,53,80,-27
110900057,11,232,-221
110900058,122,111,11
110900059,599,508,91
110900060,340,94,246
110900061,19,42,-23
110900062,90,178,-88
110900063,39,98,-59
110900064,13,0,13
110900065,371,127,244
110900066,6,68,-62
110900067,238,376,-138
110900068,191,197,-6
110900069,3,11,-8
110900070,120,61,59
110900071,183,352,-169
110900073,1,12,-11
110900074,263,77,186
110900075,260,61,199
110900077,547,531,16
110900078,19,63,-44
110900079,2307,1049,1258
110900080,64,61,3
110900081,13,52,-39
110900082,92,93,-1
110900083,110,34,76
110900084,29,120,-91
110900085,40,259,-219
110900086,34,227,-193
110900087,268,43,225
110900088,25,0,25
110900090,14,18,-4
110900091,2,33,-31
110900093,119,62,57
110900095,34,31,3
110900097,17,26,-9
110900098,32,79,-47
110900099,35,320,-285
110900100,0,32,-32
110900102,109,9,100
110900105,377,224,153
110900108,19,49,-30
110900111,280,103,177
110900112,568,7,561
110900113,469,47,422
110900115,4,52,-48
110900116,497,1599,-1102
110900118,155,2121,-1966
110900119,3560,332,3228
110900120,15,99,-84
110900121,96,0,96
110900122,261,167,94
110900125,259,315,-56
110900127,502,919,-417
110900128,369,430,-61
110900129,284,600,-316
110900130,1180,530,650
110900131,196,29,167
110900132,202,41,161
110900133,39,159,-120
110900135,34,231,-197
110900136,224,20,204
110900139,9,0,9
110900140,0,0,0
110900141,267,94,173
110900142,46,127,-81
110900143,100,59,41
110900144,2,696,-694
110900145,110,21,89
110900146,260,86,174
110900147,131,255,-124
110900148,3,243,-240
110900149,1,44,-43
110900150,18,22,-4
110900151,4,68,-64
110900152,20,167,-147
110900153,115,32,83
111000001,628,528,100
111000002,894,785,109
111000003,1072,645,427
111000004,460,1064,-604
111000005,1389,1004,385
111000006,853,1711,-858
111000007,3545,2600,945
111000008,2276,3251,-975
111000009,444,700,-256
111000010,738,242,496
111000011,470,1043,-573
111000012,836,365,471
111000013,372,942,-570
111000014,1132,564,568
111000017,105,763,-658
111000018,225,377,-152
111000020,882,2441,-1559
111000021,67,94,-27
111000023,75,75,0
111000025,4114,3085,1029
111000029,72,102,-30
111000030,30,101,-71
111000031,1809,1126,683
111000032,598,329,269
111000033,261,318,-57
111000034,285,206,79
111000037,1756,1443,313
111000038,3604,2438,1166
111000039,1680,2235,-555
111000040,1783,2612,-829
111000041,2117,1904,213
111000042,3675,2660,1015
111000043,1445,2505,-1060
111000044,1492,973,519
111000045,1689,1844,-155
111000046,1180,1347,-167
111000047,1758,3174,-1416
111000049,464,472,-8
111000050,1614,1647,-33
111000051,449,1195,-746
111000052,511,1741,-1230
111000053,373,874,-501
111000054,305,904,-599
111000055,1100,1863,-763
111000056,135,576,-441
111000057,65,613,-548
111000058,288,67,221
111000059,407,237,170
111000060,2815,760,2055
111000061,380,339,41
111000062,638,287,351
111000063,1622,930,692
111000064,505,497,8
111000065,875,824,51
111000066,357,341,16
111000067,463,728,-265
111000068,614,1092,-478
111000069,1583,1941,-358
111000070,1212,964,248
111000071,228,503,-275
111000072,920,423,497
111000073,268,870,-602
111000074,1302,1459,-157
111000075,1066,643,423
111000076,418,532,-114
111000077,1673,1860,-187
111000078,3019,1863,1156
111000079,1304,770,534
111000080,518,637,-119
111000081,1426,3711,-2285
111000082,483,698,-215
111000084,708,430,278
111000085,1097,1436,-339
111000086,2405,1231,1174
111000087,662,752,-90
111000088,4353,2086,2267
111000089,732,889,-157
111000090,811,1325,-514
111000091,699,648,51
111000092,1041,1017,24
111000093,595,970,-375
111000094,1709,1003,706
111000095,573,2021,-1448
111000096,1712,6886,-5174
111000097,4197,1608,2589
111000098,714,1189,-475
111000099,537,1815,-1278
111000100,285,1695,-1410
111000101,360,653,-293
111000102,154,481,-327
111000104,605,189,416
111000107,106,565,-459
111000109,509,258,251
111000110,1252,744,508
111000111,1759,506,1253
111000112,1380,555,825
111000113,774,1295,-521
111000114,2339,3206,-867
111000115,5568,1120,4448
111000116,780,871,-91
111000117,433,819,-386
111000118,1331,862,469
111000119,804,1040,-236
111000120,319,547,-228
111000121,221,554,-333
111000122,627,864,-237
111000123,1012,2733,-1721
111000124,377,2478,-2101
111000125,205,1412,-1207
111000126,69,806,-737
111000127,737,126,611
111000128,1439,244,1195
111000129,2090,399,1691
111000130,1541,666,875
111000131,1160,501,659
111000132,947,579,368
111000133,169,155,14
111000134,118,137,-19
111000135,44,100,-56
111000136,329,350,-21
111000138,14,21,-7
111000140,5,10,-5
111000141,207,285,-78
111000142,12,92,-80
111000143,8,96,-88
111000144,20,179,-159
111000145,1866,23,1843
111000146,133,13,120
111000147,294,33,261
111000148,119,46,73
111000149,3,23,-20
111000150,10,9,1
111000151,1,26,-25
111000153,572,727,-155
111000154,923,153,770
111000155,99,163,-64
111000156,350,529,-179
111000157,256,760,-504
111000158,892,673,219
111000159,2099,591,1508
111000160,332,313,19
111000161,17,241,-224
111000162,92,138,-46
111000163,641,842,-201
111000164,638,3427,-2789
111000165,995,455,540
111000166,2264,455,1809
111000167,166,456,-290
111000168,219,423,-204
111000169,327,571,-244
111000170,517,417,100
111000171,448,657,-209
111000172,158,505,-347
111000173,453,945,-492
111000174,198,314,-116
111000175,75,262,-187
111000176,214,175,39
111000177,272,249,23
111000178,1165,302,863
111000179,207,182,25
111000180,195,457,-262
111000181,772,235,537
111000182,152,214,-62
111000183,217,311,-94
111000184,348,269,79
111000185,380,476,-96
111000186,280,266,14
111000187,78,247,-169
111000188,201,398,-197
111000189,1162,576,586
111000190,203,393,-190
111000191,140,326,-186
111000192,166,527,-361
111000193,336,389,-53
111000194,32,322,-290
111000195,130,356,-226
111000196,61,279,-218
111000197,276,152,124
111000198,436,148,288
111000199,156,193,-37
111000200,296,351,-55
111000201,442,243,199
111000202,173,166,7
111000203,265,220,45
111000204,487,822,-335
111000213,204,468,-264
111000214,1626,1580,46
111000215,1127,1477,-350
111000217,990,800,190
111000218,1026,925,101
111000219,449,271,178
111000220,1884,484,1400
111000221,761,104,657
111000224,111,359,-248
111000225,292,263,29
111000226,174,2,172
111000227,29,2,27
111000228,19,302,-283
111000229,44,732,-688
111000230,282,351,-69
111000231,833,917,-84
111000232,453,880,-427
111000233,652,722,-70
111000234,154,333,-179
111000239,124,136,-12
111000240,43,164,-121
111000241,21,309,-288
111000242,102,58,44
111000243,97,562,-465
111000244,350,98,252
111000245,892,547,345
111000246,403,437,-34
111000247,267,893,-626
111000248,518,552,-34
111000249,424,783,-359
111000250,50,99,-49
111000251,47,115,-68
111000253,6,6,0
111000255,19,5,14
111000257,37,19,18
111000260,84,757,-673
111000261,999,110,889
111000271,62,290,-228
111000273,3944,1659,2285
111000274,956,2036,-1080
111000275,126,78,48
111000276,298,2092,-1794
111000277,241,400,-159
111000278,529,238,291
111000291,709,3898,-3189
111000298,477,290,187
111000299,598,136,462
111000300,74,565,-491
111000302,247,105,142
111000303,89,206,-117
111000312,38,87,-49
111000315,40,173,-133
111000320,369,655,-286
111000321,310,94,216
111000322,350,445,-95
111000323,184,17,167
111000324,286,215,71
111000325,68,56,12
111000326,138,370,-232
111000327,370,404,-34
111000328,245,555,-310
111000329,1,36,-35
111000330,62,18,44
111000331,14,4,10
111000332,437,1285,-848
111000334,371,1277,-906
111000335,721,195,526
111000337,1004,356,648
111000338,75,108,-33
111000339,422,330,92
111000340,116,442,-326
111000341,1103,617,486
111000342,315,397,-82
111000344,790,712,78
111000345,262,44,218
111000346,14,122,-108
111000347,109,8,101
111000350,206,122,84
111000351,99,213,-114
111000352,146,72,74
111000353,109,210,-101
111000354,431,90,341
111000355,286,460,-174
111000358,123,1193,-1070
111000360,146,646,-500
111000361,116,298,-182
111000546,609,511,98
111000547,288,434,-146
111000548,108,252,-144
111000549,219,273,-54
111000550,138,691,-553
111000551,781,175,606
111000552,2173,133,2040
111000907,590,26,564
111000908,15,1,14
111000916,1395,340,1055
111000917,36,393,-357
111000918,164,805,-641
111000920,441,33,408
111000921,7,230,-223
111000922,386,257,129
111000924,29,631,-602
111000925,1842,1927,-85
111000926,914,2031,-1117
111000927,2468,4165,-1697
111000928,4051,3871,180
111000929,914,1105,-191
111000930,727,2462,-1735
111000931,1498,2186,-688
111000932,3828,2355,1473
111000933,2875,1882,993
111000934,1953,3076,-1123
111000935,1124,910,214
111000936,1045,2038,-993
111000937,795,1299,-504
111000938,1382,1905,-523
111000939,409,38,371
111000940,281,168,113
111000941,302,392,-90
111000943,309,277,32
111000944,189,411,-222
111000945,77,1509,-1432
111001109,328,249,79
111001110,175,606,-431
111001111,64,6,58
111001112,149,2,147
111001113,1,176,-175
111001114,929,95,834
111001115,137,322,-185
111001116,5003,3145,1858
111001117,750,2481,-1731
111001120,106,242,-136
111001121,179,287,-108
111001122,289,619,-330
111001123,218,169,49
111001124,116,228,-112
111001125,2,123,-121
111001126,12,0,12
111001127,0,39,-39
111001128,471,631,-160
111001129,1,139,-138
111900001,3,193,-190
111900002,4,659,-655
111900003,1,326,-325
111900004,28,108,-80
111900006,8,27,-19
111900007,57,1,56
111900008,84,1,83
111900009,81,5,76
111900010,349,379,-30
111900012,55,104,-49
111900013,2,9,-7
111900014,5337,2857,2480
111900015,0,50,-50
111900016,0,141,-141
111900017,1,124,-123
111900018,221,9,212
111900019,5,78,-73
111900020,2,23,-21
111900021,49,117,-68
111900022,10,70,-60
111900023,57,83,-26
111900024,286,210,76
111900025,0,52,-52
111900026,5,109,-104
111900027,2,137,-135
111900028,2,380,-378
111900029,0,84,-84
111900030,36,244,-208
111900032,1,273,-272
111900033,9,79,-70
111900034,388,406,-18
111900035,36,162,-126
111900036,2,259,-257
111900038,306,490,-184
111900039,42,385,-343
111900040,3,578,-575
111900042,16,75,-59
111900043,3,429,-426
111900044,275,179,96
111900046,33,147,-114
111900048,127,604,-477
111900049,22,184,-162
111900050,54,22,32
111900051,3,188,-185
111900052,456,342,114
111900053,1165,919,246
111900054,81,3,78
111900055,11,375,-364
111900056,176,181,-5
111900057,94,97,-3
111900058,302,615,-313
111900059,1401,409,992
111900060,273,2,271
111900061,9,177,-168
111900062,7,70,-63
111900063,235,156,79
111900064,116,325,-209
111900065,41,21,20
111900066,102,138,-36
111900067,1,279,-278
111900068,42,68,-26
111900069,33,19,14
111900070,101,101,0
111900071,0,154,-154
111900072,39,19,20
111900073,453,94,359
111900074,11,97,-86
111900075,90,2,88
111900076,144,59,85
111900077,11,3,8
111900078,149,14,135
111900079,30,27,3
111900080,197,224,-27
111900082,189,23,166
111900083,95,17,78
111900084,65,2,63
111900085,41,100,-59
111900086,17,3,14
111900087,37,1,36
111900088,356,10,346
111900089,32,0,32
111900090,54,13,41
111900091,161,1,160
111900092,81,2,79
111900093,312,5,307
111900094,25,0,25
111900095,152,13,139
111900096,86,1,85
111900097,37,0,37
111900098,164,0,164
111900099,28,0,28
111900100,115,1,114
111900101,58,25,33
111900102,325,481,-156
111900103,57,37,20
111900104,135,40,95
111900105,263,158,105
111900106,794,45,749
111900110,1374,295,1079
111900111,69,5,64
111900112,438,1625,-1187
111900113,216,61,155
111900118,213,73,140
111900119,224,106,118
111900122,84,65,19
111900123,12,33,-21
111900124,21,93,-72
111900125,433,14,419
111900126,235,2,233
111900127,2,733,-731
111900128,0,424,-424
111900129,192,3,189
111900130,96,9,87
111900131,431,1,430
111900132,27,955,-928
111900133,28,325,-297
111900134,12,214,-202
111900135,9,20,-11
111900136,68,137,-69
111900137,64,50,14
111900138,7,87,-80
111900139,12,83,-71
111900140,70,23,47
111900141,58,7,51
111900142,81,30,51
111900143,46,83,-37
111900144,3,75,-72
111900145,3,378,-375
111900146,3,219,-216
111900147,158,426,-268
111900148,28,616,-588
111900149,6,298,-292
111900150,12,138,-126
111900151,7,18,-11
111900152,68,78,-10
111900153,1585,375,1210
111900154,4,124,-120
111900155,26,44,-18
111900156,22,40,-18
111900157,41,14,27
111900158,377,38,339
111900159,218,11,207
111900160,180,0,180
111900161,98,0,98
111900162,86,155,-69
111900163,30,143,-113
111900164,56,38,18
111901113,288,264,24
111901114,155,242,-87
111901115,51,3,48
111901116,51,2,49
111901117,25,35,-10
111901118,69,175,-106
111901119,906,63,843
111901121,200,218,-18
111901122,4,495,-491
111901123,113,334,-221
111901124,109,1,108
111901125,348,243,105
111901127,488,254,234
111901128,7,48,-41
111901129,1,86,-85
111901130,8,138,-130
111901131,1,262,-261
111901132,266,18,248
111901133,25,3,22
111901134,26,3,23
111901135,11,5,6
111901138,232,40,192
111901139,12,32,-20
111901140,6,73,-67
111901141,4,98,-94
111901142,6,75,-69
111901143,2,58,-56
111901144,49,23,26
111901145,108,225,-117
111901146,437,20,417
111901147,576,11,565
111901148,19,33,-14
111901149,9,2,7
111901150,39,0,39
111901151,0,0,0
111901152,9,31,-22
112000001,1246,610,636
112000002,694,2232,-1538
112000003,841,753,88
112000004,540,913,-373
112000005,2273,2638,-365
112000006,2192,1659,533
112000007,1839,1409,430
112000008,1747,3289,-1542
112000009,2993,3193,-200
112000010,2332,2430,-98
112000011,1740,1650,90
112000012,3297,2254,1043
112000013,5648,2177,3471
112000014,3757,848,2909
112000015,5328,2112,3216
112000016,4299,730,3569
112000017,2387,1111,1276
112000024,2368,752,1616
112000026,3985,4891,-906
112000027,746,586,160
112000028,1776,1353,423
112000029,395,469,-74
112000030,148,68,80
112000031,1235,3107,-1872
112000032,396,58,338
112000033,2009,916,1093
112000034,335,53,282
112000035,107,266,-159
112000036,954,754,200
112000037,819,648,171
112000038,1055,574,481
112000039,66,78,-12
112000040,143,277,-134
112000041,482,506,-24
112000042,1083,334,749
112000050,1110,1412,-302
112000051,757,955,-198
112000054,1318,1553,-235
112000057,287,463,-176
112000058,332,597,-265
112000059,384,615,-231
112000061,2862,1594,1268
112000062,1369,480,889
112000063,952,1111,-159
112000064,4203,5381,-1178
112000065,2107,2242,-135
112000066,3093,1314,1779
112000067,785,598,187
112000068,2544,2068,476
112000069,752,1524,-772
112000070,2088,789,1299
112000071,926,2156,-1230
112000072,1631,821,810
112000073,1393,1692,-299
112000074,1300,940,360
112000075,1306,972,334
112000076,2880,2349,531
112000077,527,520,7
112000078,1425,558,867
112000079,1058,1195,-137
112000080,584,694,-110
112000081,1578,2015,-437
112000082,1203,732,471
112000083,645,1039,-394
112000084,1043,787,256
112000085,1042,931,111
112000086,1458,1330,128
112000087,282,703,-421
112000088,542,472,70
112000089,180,288,-108
112000090,244,277,-33
112000091,630,1279,-649
112000092,1472,1307,165
112000093,1738,1146,592
112000094,555,990,-435
112000095,730,959,-229
112000096,401,744,-343
112000097,1042,568,474
112000098,723,1003,-280
112000099,563,1049,-486
112000100,1311,880,431
112000101,734,1079,-345
112000102,931,607,324
112000103,432,1105,-673
112000105,730,1702,-972
112000106,1433,538,895
112000107,89,205,-116
112000108,264,1642,-1378
112000109,187,134,53
112000110,1708,643,1065
112000111,1085,2583,-1498
112000112,2949,607,2342
112000113,805,1587,-782
112000114,1926,888,1038
112000115,351,452,-101
112000116,418,924,-506
112000117,1010,973,37
112000118,854,825,29
112000119,388,845,-457
112000120,65,364,-299
112000121,78,462,-384
112000122,185,163,22
112000123,571,220,351
112000124,298,96,202
112000125,162,195,-33
112000126,176,503,-327
112000127,1605,1351,254
112000128,665,546,119
112000129,114,124,-10
112000130,155,66,89
112000131,63,356,-293
112000132,121,260,-139
112000133,311,188,123
112000134,277,315,-38
112000135,940,663,277
112000136,904,1040,-136
112000137,1383,1219,164
112000138,1763,957,806
112000139,889,471,418
112000140,1107,1106,1
112000141,681,327,354
112000142,161,698,-537
112000143,794,276,518
112000144,278,1311,-1033
112000145,1934,655,1279
112000146,567,2096,-1529
112000147,2041,1797,244
112000148,1701,2224,-523
112000149,372,556,-184
112000150,372,591,-219
112000151,364,371,-7
112000152,268,476,-208
112000153,222,273,-51
112000154,107,163,-56
112000155,84,65,19
112000157,553,458,95
112000158,263,459,-196
112000159,406,403,3
112000167,235,96,139
112000169,300,299,1
112000173,419,162,257
112000175,343,372,-29
112000176,2868,1549,1319
112000177,457,156,301
112000178,91,287,-196
112000179,161,81,80
112000180,211,342,-131
112000181,1306,1996,-690
112000182,854,1756,-902
112000183,38,56,-18
112000184,254,388,-134
112000185,381,525,-144
112000187,2920,1756,1164
112000195,89,15,74
112000196,136,1,135
112000197,80,88,-8
112000198,33,257,-224
112000199,1075,934,141
112000202,363,53,310
112000216,42,338,-296
112000230,77,8,69
112000231,3,217,-214
112000256,36,165,-129
112000313,87,102,-15
112000314,33,35,-2
112000337,251,534,-283
112000352,236,274,-38
112000392,1028,979,49
112000398,805,708,97
112000399,1727,1716,11
112000400,1445,2946,-1501
112000401,2599,2154,445
112000402,2079,2256,-177
112000403,1442,2163,-721
112000404,940,660,280
112000405,1592,2272,-680
112000406,3364,2534,830
112000407,5170,6277,-1107
112000408,7593,6725,868
112000409,1499,4533,-3034
112000410,284,166,118
112000411,3624,1061,2563
112000412,1359,460,899
112000413,8123,4105,4018
112000414,96,92,4
112000415,72,31,41
112000416,1757,1197,560
112000417,202,66,136
112000421,62,107,-45
112000422,303,321,-18
112000424,2112,1986,126
112000425,312,982,-670
112000426,112,314,-202
112000427,2,5,-3
112000428,248,320,-72
112000429,1855,2345,-490
112000430,1724,2467,-743
112000431,55,84,-29
112000432,510,1269,-759
112000433,538,625,-87
112000437,42,157,-115
112900001,39,6,33
112900002,260,1040,-780
112900003,67,315,-248
112900004,42,236,-194
112900005,164,189,-25
112900007,22,175,-153
112900008,2,21,-19
112900009,275,88,187
112900010,281,813,-532
112900011,196,265,-69
112900012,1,50,-49
112900013,2,114,-112
112900014,4,214,-210
112900015,257,642,-385
112900016,2,226,-224
112900017,47,143,-96
112900018,174,754,-580
112900019,34,161,-127
112900020,328,1026,-698
112900021,4,211,-207
112900022,6,85,-79
112900023,0,222,-222
112900024,20,171,-151
112900025,52,241,-189
112900026,10,264,-254
112900027,7,1171,-1164
112900028,14,68,-54
112900029,17,624,-607
112900030,136,203,-67
112900031,10,468,-458
112900032,151,283,-132
112900034,2,56,-54
112900035,8,415,-407
112900036,43,122,-79
112900037,123,182,-59
112900038,397,120,277
112900039,20,281,-261
112900040,11,225,-214
112900041,772,850,-78
112900042,37,268,-231
112900043,14,32,-18
112900044,465,350,115
112900045,337,332,5
112900046,183,37,146
112900047,14,24,-10
112900049,201,79,122
112900050,33,393,-360
112900051,221,466,-245
112900052,8,764,-756
112900053,182,69,113
112900054,132,59,73
112900055,66,19,47
112900056,296,149,147
112900057,19,447,-428
112900058,278,265,13
112900059,122,118,4
112900060,6,171,-165
112900061,80,125,-45
112900062,74,150,-76
112900063,113,4,109
112900064,158,144,14
112900065,29,11,18
112900066,151,111,40
112900067,375,157,218
112900068,47,39,8
112900069,1623,579,1044
112900071,8,3,5
112900072,193,1169,-976
112900073,334,59,275
112900074,64,230,-166
112900075,1271,665,606
112900076,87,27,60
112900078,249,364,-115
112900079,211,27,184
112900080,39,2,37
112900081,37,138,-101
112900082,321,26,295
112900083,82,101,-19
112900084,126,96,30
112900086,31,0,31
112900087,436,89,347
112900088,70,7,63
112900089,484,21,463
112900090,44,30,14
112900091,169,6,163
112900092,85,217,-132
112900093,974,19,955
112900095,26,1,25
112900096,345,107,238
112900097,50,242,-192
112900098,75,0,75
112900099,705,7,698
112900100,73,0,73
112900101,341,2,339
112900102,52,6,46
112900103,121,3,118
112900104,512,5,507
112900105,8,0,8
112900106,367,71,296
112900107,3,0,3
112900108,26,1,25
112900109,83,0,83
112900110,862,6,856
112900111,497,2,495
112900112,269,2,267
112900113,0,23,-23
112900114,92,33,59
112900115,927,1,926
112900116,103,6,97
112900117,119,118,1
112900118,31,64,-33
112900119,113,5,108
112900120,808,254,554
112900121,210,164,46
112900122,13,95,-82
112900123,100,11,89
112900124,23,90,-67
112900125,32,310,-278
112900126,145,221,-76
112900127,280,66,214
112900128,272,727,-455
112900129,3,842,-839
112900130,238,59,179
112900131,41,247,-206
112900132,66,423,-357
112900133,26,960,-934
112900134,3,243,-240
112900135,61,47,14
112900137,22,560,-538
112900138,2,246,-244
112900139,184,1021,-837
112900141,466,22,444
112900142,66,94,-28
112900143,89,499,-410
112900144,3,774,-771
112900145,65,448,-383
112900146,9,1021,-1012
112900147,3,1787,-1784
112900148,51,1,50
112900149,182,430,-248
112900151,22,78,-56
112900152,3811,950,2861
112900153,1911,1625,286
112900154,0,119,-119
112900155,150,16,134
112900156,356,1142,-786
112900157,206,69,137
112900158,25,21,4
112900159,154,74,80
112900160,55,213,-158
112900161,136,32,104
112900162,20,22,-2
112900163,74,29,45
112900164,22,159,-137
112900165,169,17,152
112900166,12,31,-19
112900167,7,37,-30
112900168,4,6,-2
112900169,12,7,5
112900170,58,78,-20
112900172,42,11,31
112900173,163,77,86
112900174,204,43,161
112900175,166,91,75
112900176,5,30,-25
112900177,242,37,205
112900178,600,1992,-1392
112900179,35,371,-336
112900180,1276,1346,-70
112900181,368,11,357
112900182,55,1155,-1100
112900183,90,202,-112
112900184,329,299,30
112900185,166,417,-251
112900186,1047,659,388
112900187,64,388,-324
112900188,694,193,501
112900189,3,23,-20
112900190,12,62,-50
112900192,424,383,41
112900193,851,247,604
112900194,29,106,-77
112900195,594,29,565
112900196,211,306,-95
112900197,145,342,-197
112900199,292,298,-6
112900200,392,171,221
112900201,103,64,39
112900202,261,760,-499
112900203,225,242,-17
112900204,957,553,404
112900205,9,22,-13
112900206,16,87,-71
112900207,12,0,12
112900208,82,253,-171
112900209,521,345,176
112900210,1,43,-42
112900211,85,33,52
112900212,1,138,-137
112900213,49,4,45
112900214,27,14,13
112900215,6,168,-162
112900216,34,113,-79
112900217,0,38,-38
112900218,52,2,50
112900219,65,15,50
112900220,2,0,2
112900221,10,132,-122
112900222,1,19,-18
112900223,669,14,655
112900224,211,414,-203
112900225,306,291,15
112900226,108,242,-134
112900227,309,641,-332
112900228,30,20,10
112900229,152,85,67
112900230,5817,3371,2446
112900232,175,160,15
112900233,56,129,-73
112900234,8,86,-78
112900235,117,17,100
112900236,157,8,149
112900237,239,341,-102
112900238,1,51,-50
112900239,832,273,559
112900240,3,93,-90
112900241,6,115,-109
112900242,3,118,-115
112900243,21,185,-164
112900244,6,118,-112
112900245,4,41,-37
112900246,2,12,-10
112900247,97,30,67
112900248,10,1,9
112900249,34,8,26
112900250,61,22,39
112900251,68,5,63
112900252,45,19,26
112900253,19,8,11
112900254,12,4,8
112900255,0,22,-22
112900256,5,34,-29
112900257,11,34,-23
112900258,20,21,-1
113000001,4058,4104,-46
113000002,2658,3048,-390
113000003,1466,1528,-62
113000004,1525,2210,-685
113000005,1193,797,396
113000006,881,1198,-317
113000007,1738,1064,674
113000008,1491,1485,6
113000009,710,736,-26
113000010,917,1248,-331
113000011,564,1255,-691
113000012,1305,680,625
113000013,1271,542,729
113000014,1517,1064,453
113000015,554,136,418
113000016,233,406,-173
113000017,43,276,-233
113000018,486,47,439
113000019,208,233,-25
113000020,568,72,496
113000021,1108,612,496
113000022,543,893,-350
113000025,109,296,-187
113000026,385,332,53
113000027,529,364,165
113000028,721,301,420
113000029,530,764,-234
113000030,397,573,-176
113000031,310,262,48
113000032,184,309,-125
113000033,227,325,-98
113000034,305,294,11
113000035,32,24,8
113000036,25,51,-26
113000037,64,32,32
113000038,9,29,-20
113000039,90,387,-297
113000040,67,55,12
113000042,682,545,137
113000051,759,2412,-1653
113000052,1781,804,977
113000053,299,384,-85
113000054,254,708,-454
113000055,1060,700,360
113000056,684,1003,-319
113000058,748,846,-98
113000059,909,594,315
113000060,169,492,-323
113000061,492,785,-293
113000062,812,169,643
113000063,127,146,-19
113000064,24,295,-271
113000065,171,809,-638
113000066,462,140,322
113000067,1509,1252,257
113000068,402,1329,-927
113000069,643,1132,-489
113000070,2140,949,1191
113000071,379,602,-223
113000072,613,423,190
113000073,342,1233,-891
113000074,829,337,492
113000075,1494,641,853
113000076,676,1581,-905
113000077,1030,433,597
113000078,640,1783,-1143
113000079,849,563,286
113000080,722,544,178
113000081,608,606,2
113000082,1003,653,350
113000083,484,884,-400
113000084,1358,1144,214
113000085,795,684,111
113000086,1017,1262,-245
113000087,790,777,13
113000088,1783,1133,650
113000089,694,1322,-628
113000090,222,478,-256
113000091,518,348,170
113000094,808,194,614
113000095,191,742,-551
113000096,139,683,-544
113000097,966,335,631
113000098,111,56,55
113000099,905,330,575
113000100,156,353,-197
113000101,304,511,-207
113000102,506,318,188
113000103,1938,535,1403
113000104,288,1811,-1523
113000105,531,311,220
113000106,298,503,-205
113000107,633,727,-94
113000108,717,1170,-453
113000109,498,1831,-1333
113000110,1062,349,713
113000111,170,494,-324
113000112,282,331,-49
113000113,1065,354,711
113000114,315,1022,-707
113000116,529,258,271
113000117,597,117,480
113000118,114,444,-330
113000119,320,227,93
113000120,75,241,-166
113000121,686,575,111
113000124,192,127,65
113000125,56,652,-596
113000127,2424,363,2061
113000128,312,395,-83
113000129,370,836,-466
113000133,2360,1157,1203
113000134,6,1000,-994
113000135,3300,3892,-592
113000137,1677,2544,-867
113000139,287,142,145
113000140,117,215,-98
113000141,192,122,70
113000142,591,776,-185
113000143,199,168,31
113000144,315,529,-214
113000145,43,105,-62
113000146,120,70,50
113000147,155,103,52
113000148,108,117,-9
113000149,107,116,-9
113000150,441,310,131
113000151,75,75,0
113000152,27,70,-43
113000153,1214,469,745
113000154,551,1302,-751
113000155,306,445,-139
113000156,104,381,-277
113000157,302,791,-489
113000158,637,246,391
113000159,722,721,1
113000160,702,957,-255
113000161,187,346,-159
113000162,560,396,164
113000163,94,64,30
113000164,32,74,-42
113000166,131,96,35
113000167,33,129,-96
113000168,72,118,-46
113000169,125,57,68
113000170,96,105,-9
113000171,78,85,-7
113000172,230,41,189
113000173,51,11,40
113000174,99,427,-328
113000175,374,119,255
113000176,479,161,318
113000177,153,442,-289
113000178,214,334,-120
113000179,265,155,110
113000180,623,1072,-449
113000181,1073,866,207
113000182,147,337,-190
113000183,146,509,-363
113000184,31,104,-73
113000189,492,628,-136
113000190,817,441,376
113000192,1584,1301,283
113000193,3526,1034,2492
113000194,1712,956,756
113000195,1936,564,1372
113000196,260,81,179
113000197,1252,874,378
113000198,65,279,-214
113000199,1025,235,790
113000201,420,175,245
113000202,2706,1410,1296
113000203,280,164,116
113000204,1639,1406,233
113000205,24,18,6
113000206,11,23,-12
113000207,63,20,43
113000208,23,32,-9
113000209,25,20,5
113000210,3,37,-34
113000211,260,276,-16
113000212,144,27,117
113000213,32,128,-96
113000214,146,241,-95
113000234,168,821,-653
113000410,156,190,-34
113000411,2265,3284,-1019
113000412,6284,2258,4026
113000413,2482,2485,-3
113000414,6276,10542,-4266
113000415,2073,2379,-306
113000416,7552,3720,3832
113000417,2113,2329,-216
113000418,3375,2418,957
113000419,1165,1359,-194
113000420,3266,4208,-942
113000421,3047,4969,-1922
113000422,10647,8704,1943
113000423,1660,3870,-2210
113000424,2771,7597,-4826
113000425,6,69,-63
113000428,46,13,33
113000430,18,30,-12
113000432,1947,266,1681
113000433,98,776,-678
113000434,42,164,-122
113000435,59,538,-479
113000436,52,1073,-1021
113000437,717,21,696
113000438,200,19,181
113000439,34,144,-110
113000440,103,39,64
113000441,173,165,8
113000442,143,196,-53
113000443,170,209,-39
113000444,179,250,-71
113000445,91,95,-4
113000446,45,118,-73
113000448,186,196,-10
113000449,208,958,-750
113000450,435,2454,-2019
113000451,1234,187,1047
113000452,303,523,-220
113000453,61,278,-217
113000454,1241,76,1165
113000455,104,175,-71
113000456,3460,2111,1349
113000468,1587,192,1395
113000469,80,39,41
113000470,376,44,332
113000471,13,391,-378
113000472,73,297,-224
113000474,368,506,-138
113000475,1597,1543,54
113000476,1729,1713,16
113000477,2119,1913,206
113000478,3492,5087,-1595
113000479,36,199,-163
113000485,0,0,0
113000486,2,0,2
113000487,0,0,0
113000489,0,0,0
113000490,0,0,0
113000491,3,6,-3
113000492,0,1,-1
113000493,0,0,0
113000495,199,182,17
113000496,126,112,14
113900001,2,180,-178
113900002,3,67,-64
113900003,0,76,-76
113900004,1,36,-35
113900005,1,46,-45
113900006,0,24,-24
113900007,57,0,57
113900008,101,1,100
113900009,186,0,186
113900010,187,0,187
113900011,71,0,71
113900012,28,1,27
113900013,703,7,696
113900014,446,0,446
113900015,1,27,-26
113900016,10,0,10
113900017,8,28,-20
113900018,324,147,177
113900019,70,51,19
113900020,102,0,102
113900022,11,0,11
113900023,25,0,25
113900024,40,60,-20
113900025,162,11,151
113900026,13,1,12
113900027,8,44,-36
113900028,24,435,-411
113900029,33,200,-167
113900030,207,1,206
113900031,5,1,4
113900032,27,0,27
113900033,80,47,33
113900035,29,0,29
113900036,13,55,-42
113900037,79,476,-397
113900038,49,119,-70
113900039,100,11,89
113900040,31,26,5
113900041,9,6,3
113900042,61,50,11
113900043,122,89,33
113900044,317,266,51
113900045,52,2,50
113900046,211,471,-260
113900047,32,59,-27
113900048,203,78,125
113900049,526,263,263
113900050,179,257,-78
113900051,198,268,-70
113900052,155,126,29
113900053,498,400,98
113900054,11,1,10
113900055,73,345,-272
113900056,17,93,-76
113900057,9,72,-63
113900058,64,173,-109
113900059,152,220,-68
113900060,56,139,-83
113900061,874,239,635
113900062,50,4,46
113900063,32,68,-36
113900064,18,116,-98
113900065,379,13,366
113900066,220,330,-110
113900067,113,215,-102
113900068,369,364,5
113900069,11,18,-7
113900070,200,512,-312
113900071,16,37,-21
113900072,47,159,-112
113900073,176,323,-147
113900074,77,231,-154
113900075,1007,1022,-15
113900076,67,2,65
113900077,58,179,-121
113900078,20,25,-5
113900079,3,21,-18
113900080,389,189,200
113900081,70,205,-135
113900082,73,187,-114
113900083,151,391,-240
113900084,194,88,106
113900085,45,212,-167
113900086,7,3,4
113900087,42,134,-92
113900088,30,100,-70
113900089,346,38,308
113900090,465,285,180
113900091,10,8,2
113900092,35,71,-36
113900093,63,480,-417
113900094,302,315,-13
113900095,69,102,-33
113900096,118,22,96
113900097,39,62,-23
113900098,476,67,409
113900099,0,49,-49
113900100,2,2,0
113900101,13,58,-45
113900102,91,97,-6
113900103,255,161,94
113900104,66,211,-145
113900105,72,202,-130
113900106,1,46,-45
113900107,2,25,-23
113900108,214,192,22
113900109,245,124,121
113900110,37,11,26
113900111,121,90,31
113900112,79,52,27
113900113,723,455,268
113900114,0,77,-77
113900115,0,90,-90
113900116,96,132,-36
113900117,63,23,40
113900118,193,234,-41
113900119,184,407,-223
113900120,26,15,11
113900121,31,51,-20
113900122,221,1442,-1221
113900123,307,206,101
113900124,1,43,-42
113900125,722,123,599
113900126,105,57,48
113900127,204,476,-272
113900128,145,69,76
113900129,6,136,-130
113900130,3,7,-4
113900131,164,83,81
113900132,38,43,-5
113900133,10,89,-79
113900135,260,344,-84
113900136,77,42,35
113900137,318,190,128
113900138,27,55,-28
113900139,240,109,131
113900140,241,225,16
113900141,392,268,124
113900142,104,54,50
113900143,7,32,-25
113900144,198,152,46
113900145,273,140,133
113900146,107,44,63
113900148,107,242,-135
113900149,106,83,23
113900150,573,450,123
113900151,287,147,140
113900152,25,50,-25
113900153,297,493,-196
113900154,0,77,-77
113900155,164,132,32
113900156,231,350,-119
113900157,31,217,-186
113900158,212,269,-57
113900159,18,110,-92
113900160,451,443,8
113900161,31,177,-146
113900162,414,457,-43
113900163,253,195,58
113900164,280,54,226
113900165,510,405,105
113900166,161,116,45
113900167,205,41,164
113900168,107,115,-8
113900169,163,330,-167
113900171,175,60,115
113900172,9,160,-151
113900173,31,534,-503
113900174,306,518,-212
113900175,241,99,142
113900176,221,412,-191
113900177,258,113,145
113900178,243,120,123
113900179,19,406,-387
113900180,98,88,10
113900181,395,124,271
113900182,596,811,-215
113900183,42,70,-28
113900184,9,368,-359
113900185,155,64,91
113900186,11,19,-8
113900187,35,108,-73
113900188,23,79,-56
113900189,238,73,165
113900190,198,97,101
113900191,56,112,-56
113900192,1507,1286,221
113900193,28,183,-155
113900194,1193,973,220
113900195,279,314,-35
113900196,3,76,-73
113900197,3,163,-160
113900198,24,162,-138
113900199,85,580,-495
113900200,2,152,-150
113900201,1,183,-182
113900202,10,175,-165
113900203,13,139,-126
113900204,42,428,-386
113900205,4,80,-76
113900206,2,97,-95
113900207,2,36,-34
113900208,0,40,-40
113900209,0,54,-54
113900210,421,535,-114
113900211,136,54,82
113900212,111,392,-281
113900214,401,292,109
113900215,13,113,-100
113900216,119,882,-763
113900217,64,223,-159
113900218,128,66,62
113900219,76,263,-187
113900220,86,73,13
113900221,224,141,83
113900222,981,549,432
113900223,98,895,-797
113900224,88,77,11
113900225,366,189,177
113900226,257,93,164
113900227,311,170,141
113900228,280,290,-10
113900229,56,532,-476
113900230,3476,2287,1189
113900231,173,149,24
113900232,67,94,-27
113900233,45,51,-6
113900234,245,314,-69
113900235,34,21,13
113900236,72,263,-191
113900237,62,2,60
113900238,191,479,-288
113900239,47,50,-3
113900240,5,101,-96
113900241,109,35,74
113900242,83,84,-1
113900243,95,348,-253
113900244,277,185,92
113900245,1103,234,869
113900246,20,18,2
113900247,153,358,-205
113900248,2111,1373,738
113900249,840,352,488
113900250,31,93,-62
113900251,534,174,360
113900252,479,13,466
113900253,531,65,466
113900254,812,134,678
113900255,348,14,334
113900256,338,15,323
113900257,33,464,-431
113900258,8,370,-362
113900259,426,144,282
113900260,154,8,146
113900261,26,101,-75
113900262,141,498,-357
113900263,161,618,-457
113900264,4,398,-394
113900265,133,274,-141
113900266,26,146,-120
113900267,91,411,-320
113900268,202,378,-176
113900269,82,97,-15
113900270,316,492,-176
113900271,550,966,-416
113900273,47,10,37
113900274,66,32,34
113900275,24,39,-15
113900276,1,183,-182
113900277,113,3,110
113900278,205,120,85
113900279,75,63,12
113900280,1128,441,687
113900281,477,917,-440
113900282,494,339,155
113900283,282,457,-175
113900284,673,97,576
113900285,79,19,60
113900286,11,87,-76
113900287,36,19,17
113900288,3,104,-101
113900289,884,93,791
113900290,432,131,301
113900291,92,178,-86
113900292,5,5,0
113900293,2,239,-237
113900294,377,41,336
113900295,319,281,38
113900296,928,218,710
113900297,2109,28,2081
113900298,31,1542,-1511
113900299,59,191,-132
113900300,2527,1399,1128
113900301,584,154,430
113900302,2328,799,1529
113900303,391,314,77
113900304,0,114,-114
113900305,62,0,62
113900306,30,0,30
113900307,35,0,35
113900308,50,96,-46
113900309,1,635,-634
113900310,0,16,-16
113900311,0,0,0
113900312,102,170,-68
113900313,15,7,8
113900314,0,15,-15
113900315,44,1,43
114000001,840,2634,-1794
114000002,208,339,-131
114000003,208,764,-556
114000004,287,254,33
114000005,191,206,-15
114000006,2799,1867,932
114000007,547,1009,-462
114000008,1624,1363,261
114000009,623,206,417
114000011,2172,2388,-216
114000012,1845,1657,188
114000013,1344,1428,-84
114000014,657,419,238
114000015,1567,409,1158
114000016,187,328,-141
114000017,77,214,-137
114000018,224,52,172
114000026,1349,1169,180
114000027,2363,1803,560
114000028,1999,2338,-339
114000038,227,161,66
114000039,177,250,-73
114000040,61,151,-90
114000042,154,153,1
114000043,374,221,153
114000044,236,240,-4
114000045,65,88,-23
114000046,2957,3891,-934
114000047,52,42,10
114000048,88,144,-56
114000049,1409,1279,130
114000050,1388,1786,-398
114000051,3105,1628,1477
114000052,3906,1150,2756
114000053,96,424,-328
114000054,226,691,-465
114000055,406,23,383
114000056,1137,640,497
114000057,5112,1909,3203
114000058,537,1211,-674
114000059,264,295,-31
114000060,581,769,-188
114000061,2860,2223,637
114000062,2116,1036,1080
114000063,3285,1565,1720
114000064,6028,3378,2650
114000065,1581,2148,-567
114000066,313,520,-207
114000067,27,573,-546
114000068,424,559,-135
114000069,767,385,382
114000070,1893,1438,455
114000071,545,360,185
114000072,376,230,146
114000073,10,50,-40
114000074,21,13,8
114000075,46,126,-80
114000076,12,104,-92
114000077,5,33,-28
114000078,258,570,-312
114000079,103,13,90
114000080,53,65,-12
114000081,69,92,-23
114000082,62,435,-373
114000083,66,182,-116
114000084,288,74,214
114000085,83,471,-388
114000086,189,403,-214
114000087,92,173,-81
114000088,45,51,-6
114000089,779,337,442
114000090,636,581,55
114000091,1183,544,639
114000092,843,373,470
114000093,1034,692,342
114000094,375,366,9
114000095,260,124,136
114000096,109,364,-255
114000097,154,733,-579
114000098,319,88,231
114000099,470,596,-126
114000100,994,592,402
114000101,387,917,-530
114000102,348,267,81
114000103,133,410,-277
114000104,10,209,-199
114000105,90,93,-3
114000106,722,653,69
114000107,282,96,186
114000108,2301,1211,1090
114000109,391,1139,-748
114000110,508,1502,-994
114000111,1176,527,649
114000112,537,2522,-1985
114000113,1310,375,935
114000114,1255,1611,-356
114000115,1774,857,917
114000116,570,1294,-724
114000117,1902,390,1512
114000118,1847,378,1469
114000119,1223,382,841
114000120,505,769,-264
114000121,436,672,-236
114000122,368,254,114
114000123,1415,283,1132
114000124,598,286,312
114000125,767,1290,-523
114000126,1269,168,1101
114000127,129,142,-13
114000128,898,330,568
114000130,448,422,26
114000131,197,60,137
114000132,542,512,30
114000133,929,1038,-109
114000134,47,140,-93
114000138,51,171,-120
114000139,453,259,194
114000144,578,373,205
114000145,57,152,-95
114000146,74,221,-147
114000147,952,1390,-438
114000148,1954,1566,388
114000149,349,243,106
114000150,1950,1302,648
114000151,1256,1467,-211
114000152,128,44,84
114000153,1179,1852,-673
114000154,940,785,155
114000155,1051,1805,-754
114000156,755,388,367
114000157,289,837,-548
114000158,1521,665,856
114000159,206,394,-188
114000160,102,308,-206
114000161,1288,2256,-968
114000162,879,1701,-822
114000163,6,106,-100
114000165,446,285,161
114000166,600,244,356
114000167,2891,1230,1661
114000168,703,625,78
114000169,1159,979,180
114000170,873,824,49
114000171,776,2267,-1491
114000174,232,435,-203
114000176,527,408,119
114000177,1818,972,846
114000178,70,29,41
114000179,1114,784,330
114000180,421,805,-384
114000181,1318,2635,-1317
114000182,3315,2144,1171
114000183,725,945,-220
114000184,4153,1275,2878
114000185,898,717,181
114000189,674,91,583
114000190,1951,277,1674
114000191,22,51,-29
114000192,234,1345,-1111
114000193,727,2797,-2070
114000194,1197,958,239
114000195,142,13,129
114000196,1,259,-258
114000197,953,53,900
114000198,867,255,612
114000199,1777,1390,387
114000200,571,1649,-1078
114000201,131,772,-641
114000202,848,588,260
114000203,557,712,-155
114000204,145,406,-261
114000205,248,1412,-1164
114000206,436,1095,-659
114000207,519,1668,-1149
114000208,382,2516,-2134
114000209,546,2258,-1712
114000210,292,1289,-997
114000211,900,1288,-388
114000212,562,609,-47
114000213,1201,562,639
114000214,55,193,-138
114000215,163,78,85
114000216,1012,234,778
114000217,232,198,34
114000218,94,306,-212
114000219,1019,197,822
114000220,25,1054,-1029
114000221,590,117,473
114000222,143,1080,-937
114000223,389,111,278
114000224,79,651,-572
114000225,169,519,-350
114000226,114,224,-110
114000227,644,447,197
114000228,590,746,-156
114000229,887,1036,-149
114000230,1325,1155,170
114000231,811,1085,-274
114000232,449,109,340
114000233,1384,124,1260
114000234,1065,845,220
114000235,1038,1314,-276
114000236,0,423,-423
114000237,111,881,-770
114000238,132,170,-38
114000239,136,1151,-1015
114000240,569,678,-109
114000241,224,988,-764
114000242,970,911,59
114000243,1063,736,327
114000244,479,346,133
114000245,294,683,-389
114000246,155,41,114
114000247,487,603,-116
114000248,787,511,276
114000249,453,444,9
114000250,361,644,-283
114000251,275,285,-10
114000252,103,67,36
114000253,44,99,-55
114000254,20,52,-32
114000255,419,147,272
114000256,1955,1504,451
114000257,648,1426,-778
114000258,171,398,-227
114000259,65,184,-119
114000260,0,22,-22
114000261,55,21,34
114000262,87,156,-69
114000263,10,3,7
114000264,892,436,456
114000265,0,0,0
114000267,2,1487,-1485
114000268,3,1472,-1469
114000270,85,23,62
114000271,405,54,351
114000283,840,349,491
114000285,20,225,-205
114000288,75,273,-198
114000289,1116,176,940
114000293,119,361,-242
114000294,145,229,-84
114000395,1468,58,1410
114000396,457,398,59
114000402,374,262,112
114000403,233,278,-45
114000405,81,431,-350
114000423,198,380,-182
114000424,168,121,47
114000425,564,384,180
114000426,268,695,-427
114000427,56,103,-47
114000428,290,132,158
114000429,4,163,-159
114000432,73,114,-41
114000434,42,109,-67
114000435,0,147,-147
114900001,501,912,-411
114900002,346,70,276
114900003,517,1498,-981
114900004,285,341,-56
114900005,409,860,-451
114900006,58,26,32
114900007,144,29,115
114900008,148,73,75
114900010,1931,1956,-25
114900011,124,107,17
114900013,204,115,89
114900018,656,36,620
114900020,223,60,163
114900022,57,507,-450
114900025,345,159,186
114900026,50,109,-59
114900029,127,22,105
114900030,309,184,125
114900031,294,43,251
114900032,269,49,220
114900034,44,205,-161
114900035,141,225,-84
114900036,230,658,-428
114900039,485,528,-43
114900040,79,105,-26
114900041,617,481,136
114900042,656,755,-99
114900044,92,30,62
114900047,212,1604,-1392
114900048,93,336,-243
114900049,37,258,-221
114900050,36,384,-348
114900051,10,320,-310
114900052,43,167,-124
114900053,53,258,-205
114900054,33,93,-60
114900057,216,11,205
114900058,0,46,-46
114900059,55,35,20
114900063,60,192,-132
114900064,1027,535,492
114900065,329,631,-302
114900067,48,431,-383
114900068,77,244,-167
114900069,226,133,93
114900070,437,359,78
114900072,5,284,-279
114900073,1,175,-174
114900074,431,623,-192
114900075,127,5,122
114900076,5,315,-310
114900080,1746,384,1362
114900082,3125,1752,1373
114900083,1141,1174,-33
114900090,266,198,68
114900091,95,211,-116
114900097,122,0,122
114900098,3,207,-204
114900099,193,3,190
115000001,5856,4153,1703
115000002,2811,3252,-441
115000003,4542,3422,1120
115000004,2965,4846,-1881
115000005,1348,2098,-750
115000006,632,1414,-782
115000007,102,210,-108
115000008,408,429,-21
115000009,171,258,-87
115000010,257,121,136
115000013,91,191,-100
115000015,120,346,-226
115000016,32,156,-124
115000019,40,390,-350
115000020,108,537,-429
115000021,256,436,-180
115000022,464,288,176
115000023,307,435,-128
115000024,872,470,402
115000025,605,519,86
115000026,147,397,-250
115000027,201,201,0
115000028,172,869,-697
115000029,405,110,295
115000030,596,996,-400
115000031,1102,176,926
115000032,13,280,-267
115000033,100,28,72
115000034,99,854,-755
115000035,831,66,765
115000036,1,359,-358
115000037,448,10,438
115000038,29,142,-113
115000039,2890,2547,343
115000040,5430,2803,2627
115000041,1007,2318,-1311
115000042,728,552,176
115000043,2838,1860,978
115000044,3301,3709,-408
115000045,2286,1879,407
115000046,1591,2112,-521
115000047,1555,1384,171
115000048,1292,2367,-1075
115000049,1460,3250,-1790
115000050,2495,1614,881
115000051,1487,2083,-596
115000052,2650,1686,964
115000053,1274,1425,-151
115000054,634,1309,-675
115000055,193,600,-407
115000056,317,491,-174
115000057,974,834,140
115000058,785,219,566
115000059,183,173,10
115000061,128,92,36
115000062,157,263,-106
115000063,241,371,-130
115000064,268,101,167
115000065,37,383,-346
115000067,202,20,182
115000069,98,353,-255
115000070,23,692,-669
115000071,112,9,103
115000072,10,59,-49
115000073,861,41,820
115000075,93,50,43
115000076,2925,2381,544
115000077,1562,2115,-553
115000078,907,1358,-451
115000079,1030,1745,-715
115000080,1938,2374,-436
115000081,423,938,-515
115000082,3286,3006,280
115000083,1915,2274,-359
115000084,1608,1008,600
115000085,556,899,-343
115000086,762,688,74
115000087,391,1339,-948
115000088,1239,480,759
115000089,1308,1130,178
115000090,415,675,-260
115000091,216,1009,-793
115000092,418,296,122
115000093,430,2,428
115000094,6254,4607,1647
115000095,4097,4755,-658
115000096,621,1539,-918
115000097,742,757,-15
115000098,765,710,55
115000099,2008,2964,-956
115000100,819,384,435
115000101,395,1450,-1055
115000102,339,187,152
115000103,261,736,-475
115000105,54,197,-143
115000106,476,241,235
115000107,189,443,-254
115000108,3156,2156,1000
115000109,3887,3081,806
115000110,1051,941,110
115000111,619,1681,-1062
115000112,566,472,94
115000113,549,776,-227
115000114,1570,690,880
115000116,3457,1668,1789
115000117,3345,2549,796
115000118,1589,1333,256
115000119,1493,1784,-291
115000120,501,986,-485
115000121,1517,793,724
115000122,3222,1396,1826
115000123,1380,1715,-335
115000124,1091,853,238
115000125,329,543,-214
115000126,126,221,-95
115000127,408,108,300
115000128,507,701,-194
115000129,177,291,-114
115000130,361,830,-469
115000131,714,276,438
115000132,216,367,-151
115000133,499,326,173
115000134,248,230,18
115000135,241,198,43
115000136,271,220,51
115000137,145,196,-51
115000138,201,262,-61
115000139,211,262,-51
115000140,247,264,-17
115000141,195,296,-101
115000142,228,263,-35
115000143,522,567,-45
115000144,394,99,295
115000145,311,373,-62
115000146,408,259,149
115000147,288,490,-202
115000148,209,1112,-903
115000149,416,227,189
115000150,633,936,-303
115000151,904,476,428
115000152,548,1250,-702
115000153,784,427,357
115000154,606,293,313
115000155,572,920,-348
115000156,868,523,345
115000157,734,774,-40
115000158,578,368,210
115000159,660,387,273
115000160,411,281,130
115000161,158,419,-261
115000162,549,561,-12
115000163,456,600,-144
115000164,578,618,-40
115000165,351,402,-51
115000167,149,65,84
115000168,544,298,246
115000169,509,273,236
115000170,140,143,-3
115000171,305,222,83
115000172,1151,559,592
115000173,236,373,-137
115000174,92,308,-216
115000175,235,83,152
115000176,119,46,73
115000177,86,54,32
115000178,18,212,-194
115000179,37,13,24
115000180,93,611,-518
115000181,491,104,387
115000182,623,279,344
115000183,200,836,-636
115000186,686,254,432
115000187,168,701,-533
115000188,296,340,-44
115000189,135,387,-252
115000190,578,313,265
115000191,131,398,-267
115000194,127,184,-57
115000195,282,289,-7
115000196,131,82,49
115000197,206,231,-25
115000198,251,182,69
115000199,269,167,102
115000200,245,97,148
115000201,161,364,-203
115000206,246,55,191
115000207,71,248,-177
115000208,290,491,-201
115000209,583,222,361
115000210,93,114,-21
115000211,192,171,21
115000212,1404,192,1212
115000224,470,73,397
115000225,48,67,-19
115000229,172,131,41
115000230,95,334,-239
115000231,240,1743,-1503
115000232,1067,264,803
115000233,161,148,13
115000234,29,278,-249
115000241,53,227,-174
115000242,79,334,-255
115000243,56,247,-191
115000244,3,92,-89
115000246,71,25,46
115000247,24,11,13
115000248,21,30,-9
115000249,17,21,-4
115000250,264,63,201
115000251,186,92,94
115000252,70,167,-97
115000253,8,361,-353
115000258,206,122,84
115000259,291,122,169
115000261,22,24,-2
115000262,6,18,-12
115000263,13,46,-33
115000264,28,48,-20
115000267,43,55,-12
115000268,25,116,-91
115000269,115,66,49
115000270,7,17,-10
115000272,59,151,-92
115000273,273,51,222
115000280,1348,132,1216
115000281,293,637,-344
115000282,557,509,48
115000284,322,117,205
115000296,1255,15,1240
115000297,145,98,47
115000298,63,390,-327
115000300,151,164,-13
115000302,501,145,356
115000303,511,105,406
115000304,497,80,417
115000305,109,653,-544
115000306,131,353,-222
115000307,75,193,-118
115000308,28,17,11
115000310,792,902,-110
115000311,680,1000,-320
115000313,102,583,-481
115000314,303,140,163
115000315,1013,450,563
115000316,67,95,-28
115000317,135,357,-222
115000318,751,273,478
115000319,76,315,-239
115000320,15,194,-179
115000321,310,5,305
115000322,36,200,-164
115000449,160,166,-6
115000557,39,844,-805
115000558,538,92,446
115000587,568,346,222
115000588,2165,2642,-477
115000589,2713,2195,518
115000590,811,1181,-370
115000591,1228,659,569
115000592,513,1465,-952
115000593,1218,491,727
115000594,905,2056,-1151
115000609,125,192,-67
115000617,1721,2760,-1039
115000624,208,92,116
115000633,321,1716,-1395
115000634,2013,637,1376
115000635,483,137,346
115000638,784,699,85
115000641,42,129,-87
115000642,305,257,48
115000643,119,414,-295
115000644,152,400,-248
115000646,758,1230,-472
115000647,102,369,-267
115000648,1465,1720,-255
115000893,2881,1283,1598
115000894,143,1041,-898
115000895,583,867,-284
115000896,1476,361,1115
115000897,443,118,325
115000898,534,134,400
115000899,543,1124,-581
115000900,111,470,-359
115000901,135,132,3
115000912,428,100,328
115000913,2,8,-6
115000915,7,0,7
115000916,11,0,11
115000917,0,8,-8
115000918,64,255,-191
115000919,8,9,-1
115000920,87,56,31
115000921,598,101,497
115000922,1276,671,605
115000923,630,1001,-371
115000925,97,75,22
115000927,56,49,7
115000933,385,278,107
115000934,115,189,-74
115000935,140,100,40
115000936,37,448,-411
115000937,1012,159,853
115000938,195,212,-17
115000939,249,188,61
115000940,62,17,45
115000941,24,24,0
115000942,91,111,-20
115000943,102,28,74
115000944,11,12,-1
115900001,80,49,31
115900002,54,77,-23
115900003,150,149,1
115900004,1,49,-48
115900005,121,6,115
115900006,69,189,-120
115900008,54,8,46
115900009,52,169,-117
115900010,177,148,29
115900011,298,239,59
115900012,118,52,66
115900013,323,127,196
115900014,90,111,-21
115900015,106,52,54
115900016,98,19,79
115900017,12,4,8
115900018,177,58,119
115900019,78,12,66
115900020,37,2,35
115900021,1039,128,911
115900022,1360,10,1350
115900023,32,1,31
115900025,23,176,-153
115900026,600,225,375
115900027,0,269,-269
115900028,562,62,500
115900029,12,370,-358
115900030,29,21,8
115900031,331,225,106
115900032,309,544,-235
115900033,0,30,-30
115900034,20,442,-422
115900035,45,16,29
115900036,96,488,-392
115900037,23,318,-295
115900038,45,11,34
115900039,148,202,-54
115900041,534,409,125
115900042,12,4,8
115900043,85,74,11
115900044,194,213,-19
115900046,166,189,-23
115900047,136,84,52
115900049,117,213,-96
115900051,0,65,-65
115900052,16,233,-217
115900053,168,180,-12
115900054,122,47,75
115900055,9,185,-176
115900056,156,233,-77
115900057,30,26,4
115900058,55,68,-13
115900060,50,85,-35
115900061,131,1,130
115900062,29,371,-342
115900063,92,9,83
115900064,111,201,-90
115900065,118,87,31
115900066,157,94,63
115900067,6,659,-653
115900068,2691,608,2083
115900069,26,145,-119
115900070,142,185,-43
115900071,11,484,-473
115900072,50,172,-122
115900073,68,64,4
115900074,6,263,-257
115900075,39,214,-175
115900076,9,70,-61
115900077,5,232,-227
115900078,39,93,-54
115900079,109,17,92
115900080,479,232,247
115900081,14,58,-44
115900082,124,119,5
115900084,200,19,181
115900085,32,47,-15
115900086,1405,458,947
115900088,18,46,-28
115900089,213,629,-416
115900090,224,36,188
115900091,4,48,-44
115900092,32,173,-141
115900093,10,28,-18
115900094,5,280,-275
115900096,1,17,-16
115900097,3,325,-322
115900098,157,344,-187
115900099,91,33,58
115900100,8,433,-425
115900101,63,225,-162
115900102,57,56,1
115900103,190,128,62
115900104,36,109,-73
115900105,117,481,-364
115900106,41,20,21
115900107,65,141,-76
115900108,96,49,47
115900109,47,333,-286
115900110,4,19,-15
115900111,1,88,-87
115900112,27,678,-651
115900113,38,19,19
115900114,3,150,-147
115900115,55,181,-126
115900116,94,666,-572
115900117,45,10,35
115900118,2,246,-244
115900119,109,100,9
115900120,29,300,-271
115900121,123,215,-92
115900124,164,447,-283
115900125,204,30,174
115900126,458,84,374
115900127,457,50,407
115900128,13,120,-107
115900129,507,34,473
115900130,23,194,-171
115900131,220,28,192
115900132,461,5,456
115900134,261,12,249
115900135,447,751,-304
115900137,23,4,19
115900139,48,24,24
115900140,173,28,145
115900141,6,22,-16
115900142,10,14,-4
115900143,212,191,21
115900144,45,132,-87
115900146,5,98,-93
115900147,193,189,4
115900148,47,7,40
115900149,55,16,39
115900150,45,41,4
115900151,10,61,-51
115900152,57,228,-171
115900153,95,204,-109
115900154,326,305,21
115900155,0,42,-42
115900156,478,662,-184
115900157,119,391,-272
115900158,21,20,1
115900159,113,256,-143
115900160,2,4,-2
115900161,40,143,-103
115900163,129,86,43
115900164,452,3,449
115900166,122,112,10
115900168,98,117,-19
115900171,76,282,-206
115900172,45,141,-96
115900173,157,98,59
115900174,166,217,-51
115900175,85,165,-80
115900178,12,684,-672
115900179,181,17,164
115900180,39,169,-130
115900181,115,171,-56
115900182,275,196,79
115900183,37,32,5
115900184,1532,19,1513
115900187,14,101,-87
115900189,0,134,-134
115900190,222,817,-595
115900191,31,300,-269
115900192,6,111,-105
115900193,135,70,65
115900194,475,43,432
115900195,579,1558,-979
115900198,175,248,-73
115900199,154,191,-37
115900200,205,256,-51
115900201,365,270,95
115900202,3,26,-23
115900203,3,7,-4
115900204,0,1,-1
115900205,161,28,133
115900206,156,128,28
115900207,20,25,-5
115900208,94,162,-68
115900209,5,151,-146
115900210,1,104,-103
115900211,5,143,-138
115900212,98,145,-47
115900213,118,50,68
115900214,313,161,152
115900215,13,56,-43
115900216,6,62,-56
115900217,2,36,-34
115900218,1,36,-35
115900219,45,13,32
115900220,69,13,56
115900221,41,9,32
115900222,44,12,32
115900223,3,174,-171
115900224,981,646,335
115900225,52,13,39
115900226,13,29,-16
115900227,13,26,-13
115900228,8,27,-19
115900229,14,50,-36
115900230,33,122,-89
115900231,95,1,94
115900232,60,0,60
115900233,62,10,52
115900234,28,17,11
115900235,15,32,-17
115900236,41,36,5
115900237,18,36,-18
115900238,14,21,-7
115900239,22,33,-11
115900240,9,46,-37
115900241,150,69,81
115900242,229,273,-44
115900243,11,3,8
115900244,7,10,-3
115900245,17,5,12
115900246,11,14,-3
115900247,31,10,21
115900248,8,5,3
115900249,1,11,-10
115900250,11,25,-14
115900251,1,11,-10
115900252,1,1,0
115900253,6,2,4
115900254,9,20,-11
115900255,1,15,-14
115900256,16,59,-43
115900257,5,2,3
115900258,0,1,-1
115900259,2,5,-3
115900260,11,1,10
115900261,13,1,12
115900262,4,0,4
115900263,7,2,5
115900264,3,4,-1
115900265,1,7,-6
115900266,4,6,-2
115900267,7,3,4
115900268,4,6,-2
115900269,329,380,-51
115900270,231,328,-97
115900271,58,1,57
115900272,11,7,4
115900273,2,8,-6
115900274,4,3,1
115900275,17,24,-7
115900276,0,32,-32
115900277,0,96,-96
115900278,23,123,-100
115900279,26,129,-103
115900280,18,266,-248
115900281,503,222,281
115900282,32,9,23
115900283,8,24,-16
115900284,10,12,-2
116000001,11069,4438,6631
116000002,3505,7406,-3901
116000003,1703,1619,84
116000004,2066,2495,-429
116000005,2306,2643,-337
116000006,2113,1451,662
116000007,2649,3457,-808
116000008,3033,1650,1383
116000009,1716,2630,-914
116000010,2354,1074,1280
116000011,907,1974,-1067
116000012,1171,906,265
116000013,9500,3711,5789
116000014,12827,8528,4299
116000015,215,953,-738
116000016,4294,2302,1992
116000017,13,615,-602
116000018,568,258,310
116000019,582,306,276
116000020,448,734,-286
116000021,351,322,29
116000022,320,345,-25
116000023,856,534,322
116000024,508,686,-178
116000025,571,511,60
116000026,1550,1902,-352
116000027,584,501,83
116000028,345,563,-218
116000029,672,563,109
116000030,629,416,213
116000031,141,313,-172
116000032,381,164,217
116000033,304,389,-85
116000034,594,823,-229
116000035,350,571,-221
116000036,1554,791,763
116000037,691,462,229
116000038,408,341,67
116000039,415,274,141
116000040,1128,215,913
116000041,257,375,-118
116000042,517,197,320
116000043,67,441,-374
116000044,14,96,-82
116000045,1400,1156,244
116000046,969,1183,-214
116000047,1631,2058,-427
116000048,1770,1452,318
116000049,1025,2074,-1049
116000050,1280,1198,82
116000051,5475,1838,3637
116000052,5404,4061,1343
116000053,1711,953,758
116000054,656,2131,-1475
116000055,521,908,-387
116000056,755,1057,-302
116000057,2582,1696,886
116000058,2587,1935,652
116000059,2866,3961,-1095
116000060,1915,846,1069
116000061,593,878,-285
116000062,810,237,573
116000063,549,1056,-507
116000066,207,456,-249
116000067,209,509,-300
116000068,186,200,-14
116000069,204,328,-124
116000078,347,981,-634
116000080,1449,1022,427
116000082,4,62,-58
116000083,1414,338,1076
116000084,1973,4106,-2133
116000085,1783,1369,414
116000086,2102,1611,491
116000087,1388,1216,172
116000088,615,975,-360
116000089,159,74,85
116000090,97,146,-49
116000091,217,203,14
116000093,438,256,182
116000094,429,718,-289
116000095,549,412,137
116000096,572,1114,-542
116000097,606,663,-57
116000098,147,4713,-4566
116000099,5653,301,5352
116000100,179,8,171
116000101,824,776,48
116000102,232,1281,-1049
116000103,448,245,203
116000104,138,1256,-1118
116000105,784,153,631
116000106,473,861,-388
116000107,1806,393,1413
116000108,276,144,132
116000111,140,36,104
116000113,139,83,56
116000114,34,148,-114
116000115,179,100,79
116000116,274,588,-314
116000117,1179,1598,-419
116000118,1084,1251,-167
116000119,2136,1842,294
116000120,2418,3789,-1371
116000121,666,464,202
116000122,1205,1802,-597
116000123,734,387,347
116000124,333,935,-602
116000125,2008,621,1387
116000126,258,1571,-1313
116000127,1047,1281,-234
116000128,1075,780,295
116000129,848,215,633
116000130,480,315,165
116000133,565,906,-341
116000134,1720,2128,-408
116000135,1733,1367,366
116000136,907,2145,-1238
116000137,903,566,337
116000138,599,417,182
116000139,1484,1696,-212
116000140,139,168,-29
116000141,269,656,-387
116000142,3038,2941,97
116000143,1569,1461,108
116000144,1233,2070,-837
116000145,1320,1192,128
116000146,341,249,92
116000147,293,79,214
116000148,393,381,12
116000149,503,431,72
116000151,598,612,-14
116000153,103,481,-378
116000155,218,265,-47
116000156,337,871,-534
116000157,42,26,16
116000158,286,330,-44
116000159,35,3,32
116000160,15,64,-49
116000161,4,79,-75
116000162,90,70,20
116000163,23,6,17
116000164,0,22,-22
116000177,280,54,226
116000194,92,326,-234
116000195,1348,673,675
116000196,10,4,6
116000197,4,10,-6
116000198,2372,891,1481
116000200,552,364,188
116000201,548,525,23
116000202,8,259,-251
116000203,5,102,-97
116000204,13,90,-77
116000205,0,205,-205
116000206,1,140,-139
116000207,1,68,-67
116000233,154,445,-291
116000287,119,480,-361
116000288,201,192,9
116000292,28,87,-59
116000296,20,136,-116
116000297,145,32,113
116000304,100,41,59
116000305,28,82,-54
116000346,127,80,47
116000352,64,26,38
116000354,22,12,10
116000357,44,54,-10
116000358,226,25,201
116000361,543,3,540
116000372,6093,2822,3271
116000381,54,0,54
116000388,1,44,-43
116000389,644,424,220
116000445,234,623,-389
116000446,397,643,-246
116000447,25,349,-324
116000448,558,199,359
116000563,1036,654,382
116000565,30,375,-345
116000568,33,125,-92
116000579,30,87,-57
116000583,122,83,39
116000584,18,25,-7
116000585,13,20,-7
116000586,152,109,43
116000587,404,509,-105
116000589,36,77,-41
116000590,31,65,-34
116000591,181,201,-20
116000592,14,108,-94
116000593,0,17,-17
116000594,480,415,65
116000595,459,139,320
116000596,67,5,62
116000597,302,53,249
116000598,15,138,-123
116000605,275,120,155
116000606,47,143,-96
116000607,4,29,-25
116000609,124,709,-585
116000611,75,546,-471
116000612,683,1701,-1018
116000613,482,284,198
116000614,367,600,-233
116000615,2,207,-205
116000616,32,110,-78
116000617,62,61,1
116000618,0,111,-111
116000619,33,56,-23
116000620,85,450,-365
116000621,31,93,-62
116000622,51,172,-121
116000624,126,73,53
116000627,97,74,23
116000628,62,421,-359
116000629,40,216,-176
116000630,183,31,152
116000631,72,43,29
116000632,499,110,389
116000633,139,236,-97
116000634,346,155,191
116000635,2523,1640,883
116000636,1169,1041,128
116000637,361,78,283
116000638,86,325,-239
116000639,62,4,58
116000640,38,21,17
116000641,30,171,-141
116000643,10,110,-100
116000644,10,568,-558
116000645,109,8,101
116900001,187,152,35
116900002,154,4,150
116900003,26,60,-34
116900004,30,21,9
116900005,218,57,161
116900006,112,100,12
116900007,56,146,-90
116900008,261,343,-82
116900009,11,2,9
116900010,617,1387,-770
116900011,9,15,-6
116900012,95,170,-75
116900013,7,159,-152
116900014,95,215,-120
116900015,283,64,219
116900016,151,0,151
116900017,6,530,-524
116900018,48,46,2
116900019,4,293,-289
116900020,723,550,173
116900023,44,6,38
116900024,366,44,322
116900025,613,804,-191
116900026,117,566,-449
116900027,21,38,-17
116900028,1,88,-87
116900029,1,38,-37
116900031,0,1,-1
116900032,6,337,-331
116900033,5,16,-11
116900034,8,55,-47
116900035,152,162,-10
116900036,4,76,-72
116900038,23,6,17
116900041,25,15,10
116900042,581,203,378
116900043,9,46,-37
116900047,29,105,-76
116900049,32,278,-246
116900050,106,447,-341
116900051,61,167,-106
116900052,155,44,111
116900055,0,10,-10
116900057,24,246,-222
116900058,27,376,-349
116900059,1,130,-129
116900060,123,159,-36
116900062,0,3,-3
116900064,49,695,-646
116900065,14,103,-89
116900067,58,81,-23
116900068,121,157,-36
116900070,0,0,0
116900072,18,329,-311
116900073,6,154,-148
116900074,6,34,-28
116900076,4,23,-19
116900077,6,175,-169
116900078,180,91,89
116900079,46,236,-190
116900080,4,10,-6
116900081,311,1049,-738
116900082,357,657,-300
116900083,59,42,17
116900084,160,31,129
116900085,37,144,-107
116900086,112,208,-96
116900088,278,66,212
116900090,139,49,90
116900091,210,80,130
116900092,61,609,-548
116900093,1166,1459,-293
116900094,3567,2505,1062
116900095,173,106,67
116900096,80,229,-149
116900097,3023,2154,869
116900098,693,232,461
116900099,712,517,195
116900100,693,23,670
116900101,233,473,-240
116900103,1,3,-2
116900104,104,102,2
116900105,208,118,90
116900106,783,3,780
116900107,3412,1707,1705
116900110,8,1,7
116900111,384,711,-327
116900112,185,743,-558
116900113,1741,970,771
116900116,102,378,-276
116900117,132,100,32
116900118,625,498,127
116900120,202,65,137
116900121,55,6,49
116900122,632,729,-97
116900123,77,641,-564
116900124,152,905,-753
116900125,202,140,62
116900126,119,368,-249
116900128,0,43,-43
116900129,0,286,-286
116900130,485,2453,-1968
116900131,71,220,-149
116900132,32,85,-53
116900133,75,118,-43
116900134,107,251,-144
116900136,191,173,18
116900137,253,125,128
116900138,173,173,0
116900139,87,327,-240
116900140,136,127,9
116900141,714,397,317
116900142,1,40,-39
116900143,184,290,-106
116900144,14,85,-71
116900145,61,177,-116
116900147,447,278,169
116900148,3,46,-43
116900149,30,185,-155
116900150,5,15,-10
116900151,29,18,11
116900153,104,51,53
116900154,469,419,50
116900155,58,60,-2
116900157,356,318,38
116900158,1485,256,1229
116900159,37,194,-157
116900160,843,289,554
116900161,5952,4104,1848
116900162,14,87,-73
116900163,93,126,-33
116900164,252,68,184
116900165,197,100,97
116900166,25,68,-43
116900167,310,77,233
116900168,271,75,196
116900169,467,262,205
116900170,141,363,-222
116900171,34,173,-139
116900172,164,193,-29
116900173,120,45,75
116900174,46,41,5
116900175,125,99,26
116900178,4,109,-105
116900179,76,200,-124
116900180,92,13,79
116900182,280,190,90
116900183,80,63,17
116900185,29,47,-18
116900186,107,248,-141
116900187,71,29,42
116900188,109,16,93
116900189,44,0,44
116900191,299,474,-175
116900192,141,102,39
116900194,119,874,-755
116900195,45,13,32
116900196,9,114,-105
116900197,88,9,79
116900198,175,177,-2
116900200,36,33,3
116900201,69,11,58
116900202,109,69,40
116900203,85,2,83
116900204,34,76,-42
116900206,12,37,-25
116900207,42,23,19
116900208,13,78,-65
116900209,32,81,-49
116900210,367,246,121
116900211,142,3,139
116900212,38,70,-32
116900213,163,106,57
116900214,104,162,-58
116900215,37,52,-15
116900216,353,205,148
116900218,10,236,-226
116900219,1176,401,775
116900220,107,150,-43
116900221,51,278,-227
116900222,274,295,-21
116900223,89,209,-120
116900226,50,52,-2
116900227,142,73,69
116900228,247,212,35
116900230,41,266,-225
116900231,34,346,-312
116900232,7,365,-358
116900233,148,82,66
116900234,3,7,-4
116900235,300,325,-25
116900238,1460,333,1127
116900239,31,1301,-1270
116900240,5329,3303,2026
116900241,53,87,-34
116900242,855,343,512
116900243,0,37,-37
116900245,23,11,12
116900246,74,17,57
116900247,470,12,458
116900248,52,32,20
116900249,241,51,190
116900250,247,44,203
116900251,373,460,-87
116900252,97,707,-610
116900254,24,87,-63
116900255,53,39,14
116900256,241,105,136
116900257,15,441,-426
116900258,2,288,-286
116900259,110,4,106
116900260,5,125,-120
116900261,43,0,43
116900262,102,134,-32
116900263,0,14,-14
116900264,77,53,24
116900265,37,0,37
116900266,24,29,-5
116900267,2,2,0
116900268,78,75,3
116900269,227,466,-239
116900271,1023,129,894
116900272,471,310,161
116900273,163,41,122
116900274,96,58,38
116900275,127,81,46
116900276,284,99,185
116900277,421,14,407
116900278,5,7,-2
116900279,0,17,-17
116900280,8,24,-16
116900281,5159,3060,2099
116900282,5,75,-70
116900283,16,98,-82
116900284,8,180,-172
116900285,224,152,72
116900286,185,26,159
116900287,3,52,-49
116900288,69,125,-56
116900289,16,17,-1
116900290,0,30,-30
116900291,18,11,7
116900292,0,25,-25
116900293,20,38,-18
116900294,40,105,-65
116900295,375,37,338
116900296,126,54,72
116900297,13,46,-33
116900298,72,32,40
116900299,121,38,83
116900300,24,52,-28
116900301,62,106,-44
116900302,48,44,4
116900303,313,53,260
116900304,2,77,-75
116900305,17,59,-42
116900306,169,104,65
116900307,76,0,76
116900308,3,111,-108
116900309,57,77,-20
116900310,11,37,-26
116900311,1,108,-107
117000001,1556,1319,237
117000002,1905,4190,-2285
117000003,5992,2707,3285
117000004,3526,4631,-1105
117000005,2101,1532,569
117000006,1255,3442,-2187
117000007,3149,1210,1939
117000008,1049,3692,-2643
117000009,4098,1674,2424
117000010,2632,4037,-1405
117000011,1672,1527,145
117000012,1132,1453,-321
117000013,1791,898,893
117000014,1410,2272,-862
117000015,2576,1242,1334
117000016,434,89,345
117000017,509,105,404
117000018,233,450,-217
117000019,211,14,197
117000020,431,1025,-594
117000021,1874,550,1324
117000022,421,77,344
117000023,536,216,320
117000024,391,78,313
117000025,713,536,177
117000026,3007,875,2132
117000027,2229,2539,-310
117000028,3262,1070,2192
117000030,546,458,88
117000031,334,291,43
117000032,1716,1100,616
117000033,1042,644,398
117000034,371,278,93
117000035,339,317,22
117000036,415,312,103
117000037,327,217,110
117000038,239,531,-292
117000039,367,192,175
117000040,228,901,-673
117000041,627,186,441
117000044,11,692,-681
117000045,423,62,361
117000046,456,744,-288
117000047,830,503,327
117000048,1765,1071,694
117000049,85,588,-503
117000050,126,1880,-1754
117000051,1692,130,1562
117000052,21,337,-316
117000053,431,52,379
117000054,1546,10,1536
117000055,122,3168,-3046
117000056,577,24,553
117000057,531,2030,-1499
117000060,417,1368,-951
117000061,1397,836,561
117000062,212,650,-438
117000063,1350,753,597
117000064,930,960,-30
117000066,871,712,159
117000067,113,389,-276
117000074,155,325,-170
117000076,64,24,40
117000077,124,109,15
117000078,136,674,-538
117000079,280,224,56
117000080,1,297,-296
117000081,902,113,789
117000082,67,69,-2
117000083,468,350,118
117000084,232,3,229
117000085,146,520,-374
117000086,753,432,321
117000087,103,512,-409
117000088,274,191,83
117000089,1267,277,990
117000090,225,1245,-1020
117000091,678,295,383
117000092,360,1331,-971
117000093,917,708,209
117000094,1238,3030,-1792
117000095,2886,792,2094
117000096,594,2608,-2014
117000097,1115,1217,-102
117000098,2715,4993,-2278
117000099,2438,1166,1272
117000100,103,227,-124
117000101,199,1199,-1000
117000102,1217,576,641
117000103,719,1716,-997
117000104,959,634,325
117000105,739,1662,-923
117000106,918,811,107
117000107,452,1800,-1348
117000108,1313,736,577
117000109,1634,2489,-855
117000110,1117,827,290
117000111,2961,4049,-1088
117000112,2889,1668,1221
117000113,108,277,-169
117000114,169,103,66
117000115,74,116,-42
117000116,78,220,-142
117000117,1268,625,643
117000118,269,162,107
117000119,1345,152,1193
117000120,353,341,12
117000121,166,964,-798
117000122,244,765,-521
117000123,1361,38,1323
117000124,799,34,765
117000125,369,71,298
117000126,99,11,88
117000127,171,206,-35
117000128,426,608,-182
117000129,437,559,-122
117000130,161,1,160
117000131,0,117,-117
117000132,1956,52,1904
117000133,958,60,898
117000134,0,51,-51
117000135,4,42,-38
117000136,2,28,-26
117000137,88,71,17
117000138,0,440,-440
117000140,427,1436,-1009
117000141,1215,531,684
117000181,443,452,-9
117000182,268,260,8
117000195,199,976,-777
117000196,195,88,107
117000225,158,11,147
117000226,11,110,-99
117000276,186,11,175
117000277,1,391,-390
117000310,1368,2257,-889
117000315,42,981,-939
117000320,97,0,97
117000906,254,4,250
117000907,8,273,-265
117000909,59,28,31
117000910,168,152,16
117000911,82,213,-131
117000915,7,545,-538
117000916,20,3,17
117000917,684,28,656
117000918,50,49,1
117000919,1,103,-102
117000920,2,1123,-1121
117000921,7,1525,-1518
117000922,52,112,-60
117000924,452,783,-331
117000926,798,88,710
117000927,1637,496,1141
117000928,2,135,-133
117000929,200,461,-261
117000930,159,22,137
117000931,420,114,306
117900002,118,353,-235
117900003,600,366,234
117900005,8,33,-25
117900006,0,20,-20
117900007,117,88,29
117900008,0,32,-32
117900010,557,94,463
117900011,76,33,43
117900012,63,82,-19
117900013,1,188,-187
117900014,780,184,596
117900015,20,87,-67
117900016,1023,496,527
117900017,540,408,132
117900018,160,52,108
117900019,292,301,-9
117900020,68,330,-262
117900021,35,71,-36
117900023,469,325,144
117900024,54,64,-10
117900025,63,10,53
117900026,313,321,-8
117900028,101,7,94
117900029,187,800,-613
117900031,316,53,263
117900032,790,458,332
117900033,181,689,-508
117900034,83,44,39
117900035,259,88,171
117900036,191,434,-243
117900037,70,49,21
117900038,19,298,-279
117900039,11,57,-46
117900040,100,356,-256
117900041,3,51,-48
117900042,3168,321,2847
117900043,50,54,-4
117900044,16,4017,-4001
117900045,89,91,-2
117900048,230,325,-95
117900049,246,498,-252
117900050,5,38,-33
117900051,49,6,43
117900052,60,275,-215
117900053,1238,723,515
117900054,2,18,-16
117900055,122,291,-169
117900056,278,36,242
117900057,964,1047,-83
117900058,68,22,46
117900059,402,74,328
117900060,1230,4625,-3395
117900061,39,219,-180
117900063,267,187,80
117900065,567,1155,-588
117900066,5,40,-35
117900067,302,171,131
117900069,558,222,336
117900070,274,12,262
117900071,42,111,-69
117900073,316,306,10
117900074,360,18,342
117900075,39,63,-24
117900076,19,71,-52
117900077,268,113,155
117900078,243,605,-362
117900080,155,33,122
117900081,485,348,137
117900082,281,253,28
117900083,247,431,-184
117900086,142,33,109
117900087,123,43,80
117900088,3485,1750,1735
117900089,1454,557,897
117900090,459,490,-31
117900091,152,187,-35
117900092,50,29,21
117900093,43,48,-5
117900094,45,14,31
117900095,352,570,-218
117900096,67,171,-104
117900097,84,64,20
117900098,23,9,14
117900099,218,233,-15
117900100,130,1,129
117900101,370,1292,-922
117900102,29,36,-7
117900103,42,0,42
117900104,119,114,5
117900105,133,227,-94
117900106,69,27,42
117900107,44,0,44
117900109,356,315,41
117900110,75,0,75
117900111,220,19,201
117900112,28,8,20
117900113,3155,1320,1835
117900114,14,0,14
117900115,288,48,240
117900116,789,748,41
117900117,355,290,65
117900118,25,0,25
117900119,92,272,-180
117900120,95,78,17
117900121,52,25,27
117900122,890,2306,-1416
117900123,566,404,162
117900124,536,680,-144
117900125,1459,1454,5
117900126,227,500,-273
117900127,368,381,-13
117900128,312,554,-242
117900129,72,0,72
117900130,703,392,311
117900131,4,99,-95
117900132,13,81,-68
117900133,9,99,-90
117900134,42,162,-120
117900135,18,188,-170
117900136,0,31,-31
117900137,25,263,-238
117900138,0,33,-33
117900139,89,107,-18
117900140,3444,41,3403
117900141,159,168,-9
117900142,357,28,329
117900144,107,99,8
117900145,27,26,1
117900146,203,74,129
117900147,43,46,-3
117900148,2069,1062,1007
117900149,63,171,-108
117900150,33,31,2
117900151,42,78,-36
117900152,132,59,73
117900153,20,89,-69
117900154,341,631,-290
117900156,902,754,148
117900157,91,567,-476
117900158,138,103,35
117900160,508,494,14
117900161,2371,1970,401
117900162,330,424,-94
117900163,262,60,202
117900165,0,5,-5
117900166,93,393,-300
117900168,97,79,18
117900169,3,79,-76
117900170,1,21,-20
117900171,2,13,-11
117900172,11,47,-36
117900173,94,55,39
117900174,30,51,-21
117900175,1,33,-32
117900176,8,28,-20
117900177,22,71,-49
117900178,85,36,49
117900180,197,39,158
117900181,127,241,-114
117900182,5,22,-17
117900183,39,142,-103
117900184,15,43,-28
117900185,25,31,-6
117900186,22,9,13
117900187,9,10,-1
117900188,112,18,94
117900189,57,50,7
117900190,14,0,14
117900191,30,0,30
117900192,129,1,128
117900193,2,56,-54
117900194,8,7,1
117900195,19,29,-10
117900196,9,28,-19
117900207,123,106,17
117900208,20,11,9
117900209,210,155,55
117900210,105,171,-66
117900211,3,123,-120
117900212,81,139,-58
117900213,40,17,23
117900214,2,19,-17
117900215,27,44,-17
117900216,61,18,43
117900217,126,210,-84
117900218,172,218,-46
117900219,17,81,-64
117900220,118,67,51
117900222,174,260,-86
117900223,186,197,-11
118000001,645,769,-124
118000002,1020,1835,-815
118000003,2225,2215,10
118000004,3671,2449,1222
118000005,4452,3972,480
118000006,5919,8169,-2250
118000007,4851,1940,2911
118000008,4535,2587,1948
118000009,2327,2533,-206
118000010,4118,3470,648
118000011,1111,1916,-805
118000012,895,1829,-934
118000013,2359,2084,275
118000014,1895,2555,-660
118000016,158,382,-224
118000017,283,306,-23
118000018,376,432,-56
118000019,2136,1209,927
118000020,1246,2022,-776
118000021,660,1889,-1229
118000022,1587,670,917
118000023,987,339,648
118000024,1272,883,389
118000027,14559,9029,5530
118000029,820,591,229
118000032,1561,2868,-1307
118000033,2898,3529,-631
118000034,4934,1959,2975
118000035,1546,2040,-494
118000036,1086,897,189
118000037,624,803,-179
118000038,108,70,38
118000039,59,165,-106
118000040,1455,1276,179
118000041,1871,1276,595
118000045,999,120,879
118000046,1270,296,974
118000047,1165,522,643
118000048,2483,1021,1462
118000051,1766,499,1267
118000052,1203,356,847
118000053,322,357,-35
118000054,1229,807,422
118000055,976,1219,-243
118000056,231,238,-7
118000057,154,322,-168
118000058,2902,921,1981
118000059,1982,627,1355
118000060,854,454,400
118000061,1041,936,105
118000062,571,209,362
118000063,330,345,-15
118000064,654,961,-307
118000065,3938,1414,2524
118000066,514,1018,-504
118000067,1483,684,799
118000068,1307,3041,-1734
118000069,2532,836,1696
118000070,5057,1372,3685
118000071,2552,4729,-2177
118000072,1732,924,808
118000073,2656,381,2275
118000074,789,521,268
118000075,1188,328,860
118000076,1027,1372,-345
118000077,1358,1026,332
118000078,1613,1617,-4
118000079,191,327,-136
118000080,1149,799,350
118000081,1650,939,711
118000082,278,927,-649
118000083,1372,1457,-85
118000084,2637,1438,1199
118000086,266,537,-271
118000087,4011,2259,1752
118000088,1452,1457,-5
118000089,2902,1780,1122
118000090,1443,2204,-761
118000091,921,1773,-852
118000092,1073,331,742
118000093,121,621,-500
118000096,484,570,-86
118000097,759,563,196
118000098,348,170,178
118000099,439,640,-201
118000101,868,378,490
118000102,328,1162,-834
118000107,1801,435,1366
118000108,444,1714,-1270
118000110,0,28,-28
118000111,2,420,-418
118000112,375,3,372
118000113,7,639,-632
118000114,400,3,397
118000115,17,30,-13
118000116,48,1,47
118000117,1146,675,471
118000118,649,672,-23
118000119,737,1037,-300
118000120,1505,1059,446
118000121,163,631,-468
118000122,1557,341,1216
118000123,65,247,-182
118000125,1545,837,708
118000126,683,1432,-749
118000127,1258,535,723
118000128,627,1076,-449
118000129,834,309,525
118000130,2487,3489,-1002
118000131,609,767,-158
118000132,1783,1265,518
118000133,918,335,583
118000135,478,343,135
118000136,89,447,-358
118000137,596,91,505
118000138,372,513,-141
118000139,325,102,223
118000140,1883,3462,-1579
118000141,1217,1476,-259
118000142,1442,1469,-27
118000143,1614,1021,593
118000144,1040,818,222
118000145,1874,2226,-352
118000146,1096,1039,57
118000147,803,1590,-787
118000148,568,1258,-690
118000149,654,925,-271
118000150,279,348,-69
118000151,311,365,-54
118000153,924,943,-19
118000154,1468,1552,-84
118000155,766,1159,-393
118000156,1856,1999,-143
118000157,480,369,111
118000158,140,379,-239
118000159,18,90,-72
118000160,382,358,24
118000161,359,672,-313
118000162,1379,846,533
118000163,650,766,-116
118000164,1747,1431,316
118000168,779,248,531
118000169,1023,1040,-17
118000170,3404,4641,-1237
118000171,297,536,-239
118000172,131,227,-96
118000173,949,1037,-88
118000175,211,309,-98
118000176,147,347,-200
118000177,193,405,-212
118000178,39,33,6
118000179,1237,927,310
118000180,618,602,16
118000181,707,305,402
118000182,276,230,46
118000183,217,239,-22
118000184,701,737,-36
118000185,830,759,71
118000186,554,849,-295
118000187,977,636,341
118000188,489,133,356
118000189,321,595,-274
118000190,16,7,9
118000191,24,11,13
118000192,227,171,56
118000193,185,371,-186
118000194,1817,806,1011
118000195,499,571,-72
118000196,387,147,240
118000197,860,188,672
118000198,874,496,378
118000199,1414,715,699
118000200,66,147,-81
118000201,413,302,111
118000202,39,48,-9
118000203,1019,417,602
118000204,210,269,-59
118000205,209,278,-69
118000206,197,205,-8
118000207,5,63,-58
118000208,1046,1358,-312
118000209,1669,2046,-377
118000210,58,36,22
118000211,21,30,-9
118000213,715,652,63
118000214,427,430,-3
118000215,364,46,318
118000216,1038,2470,-1432
118000217,21,113,-92
118000218,59,89,-30
118000219,325,254,71
118000220,2,31,-29
118000221,113,239,-126
118000222,47,9,38
118000223,26,59,-33
118000224,149,97,52
118000225,102,618,-516
118000226,1054,98,956
118000227,643,285,358
118000228,129,178,-49
118000229,126,59,67
118000230,83,178,-95
118000231,55,171,-116
118000232,516,779,-263
118000233,752,669,83
118000234,258,169,89
118000236,256,237,19
118000237,42,305,-263
118000238,191,167,24
118000239,241,270,-29
118000240,364,122,242
118000241,67,171,-104
118000242,209,468,-259
118000243,177,160,17
118000244,45,128,-83
118000246,37,27,10
118000255,85,254,-169
118000256,135,211,-76
118000259,4,32,-28
118000260,103,81,22
118000261,29,46,-17
118000263,54,144,-90
118000266,850,300,550
118000267,0,100,-100
118000268,328,0,328
118000270,105,21,84
118000271,177,289,-112
118000272,62,19,43
118000273,110,62,48
118000274,89,186,-97
118000276,293,279,14
118000295,5,71,-66
118000298,134,342,-208
118000299,82,159,-77
118000301,0,46,-46
118000302,49,57,-8
118000311,259,76,183
118000312,210,135,75
118000313,21,159,-138
118000314,49,41,8
118000315,16,83,-67
118000316,514,437,77
118000325,56,51,5
118000326,7,32,-25
118000331,30,48,-18
118000332,12,23,-11
118000333,13,50,-37
118000335,239,0,239
118000336,0,254,-254
118000407,88,70,18
118000457,10,45,-35
118000465,3550,3542,8
118000480,12,91,-79
118000489,34,217,-183
118000490,58,214,-156
118000492,187,215,-28
118000510,71,8,63
118000514,150,183,-33
118000515,530,613,-83
118000517,311,221,90
118000524,432,205,227
118000525,683,608,75
118000530,11,76,-65
118000531,262,257,5
118000532,223,267,-44
118000533,294,122,172
118000534,438,300,138
118000535,209,133,76
118000536,718,1034,-316
118000537,16,82,-66
118000538,37,57,-20
118000539,26,56,-30
118000540,194,102,92
118000541,124,43,81
118000542,64,116,-52
118000543,117,149,-32
118000546,31,22,9
118000553,0,1,-1
118000557,0,0,0
118000560,2328,1356,972
118000562,14,188,-174
118000563,1757,1360,397
118000576,205,143,62
118000577,175,182,-7
118000578,193,127,66
118000579,556,800,-244
118000583,0,0,0
118000595,201,98,103
118000596,0,45,-45
118000597,157,147,10
118000598,0,1,-1
118000599,45,32,13
118000600,2,3,-1
118000601,2,0,2
118000602,3,9,-6
118000603,0,29,-29
118000605,52,290,-238
118000606,36,36,0
118900001,512,780,-268
118900002,805,686,119
118900003,160,11,149
118900004,60,40,20
118900005,41,6,35
118900006,100,6,94
118900007,8,1,7
118900008,1222,40,1182
118900009,26,17,9
118900010,69,22,47
118900011,121,25,96
118900012,365,175,190
118900013,350,88,262
118900015,120,43,77
118900016,2,17,-15
118900017,258,297,-39
118900018,553,21,532
118900019,24,3,21
118900020,197,116,81
118900021,137,258,-121
118900022,119,72,47
118900023,99,88,11
118900024,64,74,-10
118900025,29,20,9
118900026,35,64,-29
118900027,300,267,33
118900028,101,130,-29
118900029,214,177,37
118900030,189,53,136
118900031,127,85,42
118900032,212,177,35
118900033,277,312,-35
118900034,90,23,67
118900035,93,151,-58
118900036,839,610,229
118900037,414,172,242
118900038,271,166,105
118900039,299,150,149
118900040,152,152,0
118900041,551,190,361
118900042,169,90,79
118900045,287,176,111
118900046,777,285,492
118900047,518,184,334
118900048,179,134,45
118900049,55,35,20
118900050,21,107,-86
118900051,119,101,18
118900052,245,149,96
118900053,37,73,-36
118900054,99,53,46
118900055,20,71,-51
118900056,96,280,-184
118900057,551,359,192
118900058,250,264,-14
118900059,16,94,-78
118900060,68,143,-75
118900062,261,105,156
118900064,637,440,197
118900065,27,148,-121
118900066,78,83,-5
118900067,3911,2860,1051
118900068,10,201,-191
118900069,268,228,40
118900071,2,48,-46
118900072,325,333,-8
118900073,80,113,-33
118900074,104,152,-48
118900075,40,100,-60
118900076,115,76,39
118900077,110,172,-62
118900078,46,8,38
118900079,44,177,-133
118900080,11,119,-108
118900081,73,12,61
118900082,460,107,353
118900083,21,3,18
118900084,6,20,-14
118900085,515,854,-339
118900086,27,72,-45
118900087,13,129,-116
118900088,1,5,-4
118900089,22,12,10
118900090,338,372,-34
118900091,154,104,50
118900092,77,53,24
118900093,119,12,107
118900096,74,88,-14
118900097,185,517,-332
118900099,53,190,-137
118900100,102,176,-74
118900101,31,297,-266
118900102,13,80,-67
118900103,17,54,-37
118900104,96,108,-12
118900105,142,102,40
118900107,101,55,46
118900108,84,57,27
118900110,827,395,432
118900111,318,441,-123
118900112,59,98,-39
118900113,215,404,-189
118900114,20,35,-15
118900115,80,252,-172
118900116,106,182,-76
118900117,58,120,-62
118900118,192,318,-126
118900119,96,176,-80
118900120,65,270,-205
118900121,8,168,-160
118900122,10,577,-567
118900123,95,160,-65
118900124,46,211,-165
118900126,25,245,-220
118900129,216,149,67
118900130,71,153,-82
118900131,83,218,-135
118900132,273,180,93
118900133,18,104,-86
118900135,123,150,-27
118900136,172,402,-230
118900137,4,30,-26
118900139,174,341,-167
118900140,275,489,-214
118900141,60,125,-65
118900144,99,343,-244
118900145,25,119,-94
118900146,163,570,-407
118900147,156,123,33
118900148,39,34,5
118900150,434,607,-173
118900152,416,738,-322
118900157,79,166,-87
118900158,53,63,-10
118900159,1,125,-124
118900161,68,4,64
118900163,145,87,58
118900164,6,81,-75
118900165,20,106,-86
118900166,21,2,19
118900167,77,104,-27
118900168,30,85,-55
118900169,69,233,-164
118900170,86,73,13
118900171,5,38,-33
118900174,40,36,4
118900175,265,370,-105
118900176,91,216,-125
118900177,34,42,-8
118900178,34,136,-102
118900179,25,36,-11
118900181,59,75,-16
118900182,79,27,52
118900183,15,77,-62
118900184,190,52,138
118900185,113,153,-40
118900186,78,65,13
118900187,173,225,-52
118900188,268,232,36
118900189,24,519,-495
118900190,1,283,-282
118900191,115,47,68
118900192,125,16,109
118900193,372,11,361
118900195,233,500,-267
118900196,45,107,-62
118900197,88,41,47
118900198,6,16,-10
118900199,30,33,-3
118900200,16,6,10
118900201,22,16,6
118900202,13,49,-36
118900203,5,20,-15
118900204,14,37,-23
118900205,4,8,-4
118900206,1,18,-17
119000001,1244,1054,190
119000002,2966,2017,949
119000003,1719,1111,608
119000004,1625,1272,353
119000005,1268,1568,-300
119000006,2114,1479,635
119000007,2204,2512,-308
119000008,1772,1636,136
119000009,2722,3172,-450
119000010,5812,3820,1992
119000011,2963,1924,1039
119000012,2395,2640,-245
119000013,1813,1305,508
119000014,1995,2907,-912
119000019,210,131,79
119000020,1569,1041,528
119000021,3009,1952,1057
119000022,2055,1725,330
119000023,342,216,126
119000024,1292,7005,-5713
119000025,6908,1136,5772
119000026,112,246,-134
119000027,199,378,-179
119000028,1912,959,953
119000029,78,277,-199
119000030,382,878,-496
119000031,681,516,165
119000032,1517,1993,-476
119000033,1250,959,291
119000034,951,861,90
119000035,26,262,-236
119000036,1538,976,562
119000037,948,1589,-641
119000038,132,783,-651
119000039,775,439,336
119000040,564,319,245
119000041,632,1009,-377
119000048,2636,2990,-354
119000049,1595,2603,-1008
119000050,1358,1887,-529
119000051,1579,951,628
119000052,1810,2638,-828
119000053,1538,1008,530
119000054,2618,3310,-692
119000055,3446,3137,309
119000056,1671,1845,-174
119000057,1193,2055,-862
119000058,1441,1760,-319
119000059,1073,1376,-303
119000060,1234,1055,179
119000061,825,734,91
119000062,998,1191,-193
119000063,402,354,48
119000064,1142,1356,-214
119000065,2078,3121,-1043
119000066,1728,954,774
119000067,1667,2168,-501
119000068,1295,982,313
119000069,1221,2197,-976
119000070,1826,988,838
119000071,523,486,37
119000072,4821,2691,2130
119000073,3830,5318,-1488
119000074,1153,2732,-1579
119000075,1584,2191,-607
119000076,431,636,-205
119000077,711,340,371
119000078,595,376,219
119000079,207,669,-462
119000080,386,168,218
119000081,243,302,-59
119000082,651,229,422
119000083,435,392,43
119000084,348,468,-120
119000085,443,286,157
119000086,342,474,-132
119000087,1694,991,703
119000088,285,167,118
119000089,110,345,-235
119000090,213,192,21
119000091,177,453,-276
119000092,629,356,273
119000093,3268,2539,729
119000094,2402,5080,-2678
119000095,1249,2169,-920
119000097,2029,1417,612
119000098,631,2014,-1383
119000099,2041,1651,390
119000100,2780,2620,160
119000101,3123,1402,1721
119000102,823,808,15
119000103,1351,338,1013
119000104,2137,1119,1018
119000105,664,1397,-733
119000106,313,1279,-966
119000107,601,403,198
119000108,283,925,-642
119000109,127,220,-93
119000110,542,236,306
119000111,82,426,-344
119000112,230,45,185
119000113,1944,213,1731
119000114,589,607,-18
119000115,124,105,19
119000116,125,66,59
119000117,97,269,-172
119000118,2,0,2
119000123,4097,740,3357
119000124,570,198,372
119000125,2500,813,1687
119000126,793,766,27
119000127,474,637,-163
119000128,17,4,13
119000131,774,791,-17
119000132,3,1,2
119000133,1,8,-7
119000134,1978,524,1454
119000135,67,144,-77
119000136,157,205,-48
119000137,110,388,-278
119000138,242,281,-39
119000139,194,195,-1
119000140,98,249,-151
119000284,1156,2601,-1445
119000285,2086,1998,88
119000286,7019,5329,1690
119000287,1132,2090,-958
119000288,1785,1309,476
119000289,2426,2968,-542
119000290,175,400,-225
119000291,36,344,-308
119000293,434,163,271
119000294,31,25,6
119000295,1276,308,968
119000296,213,206,7
119000302,2595,1300,1295
119000303,55,133,-78
119000314,1159,6858,-5699
119000315,1,465,-464
119000316,104,112,-8
119000317,58,332,-274
119000319,603,337,266
119900001,196,928,-732
119900002,129,258,-129
119900003,48,937,-889
119900004,342,565,-223
119900005,115,88,27
119900006,151,341,-190
119900007,1008,147,861
119900008,30,27,3
119900009,462,578,-116
119900010,1129,640,489
119900011,23,72,-49
119900012,22,65,-43
119900013,1421,757,664
119900014,612,163,449
119900015,57,19,38
119900016,17,73,-56
119900017,39,40,-1
119900018,1906,664,1242
119900019,28,9,19
119900020,116,220,-104
119900021,74,48,26
119900022,90,305,-215
119900023,584,983,-399
119900025,105,17,88
119900026,587,107,480
119900027,35,24,11
119900028,352,93,259
119900029,1,1,0
119900030,377,517,-140
119900031,47,276,-229
119900033,1629,258,1371
119900034,188,67,121
119900037,155,21,134
119900038,33,205,-172
119900039,27,3,24
119900040,221,11,210
119900041,48,30,18
119900042,116,117,-1
119900043,61,161,-100
119900044,136,593,-457
119900046,55,29,26
119900047,217,64,153
119900049,101,9,92
119900050,51,72,-21
119900051,817,18,799
119900052,21,40,-19
119900053,141,169,-28
119900054,103,4,99
119900055,977,343,634
119900057,111,70,41
119900058,153,4,149
119900059,83,70,13
119900060,165,8,157
119900061,211,7,204
119900062,35,34,1
119900063,4,38,-34
119900065,166,3,163
119900067,43,23,20
119900068,309,5,304
119900069,70,17,53
119900070,551,3,548
119900071,404,20,384
119900073,1700,518,1182
119900074,75,17,58
119900075,4674,2052,2622
119900076,69,71,-2
119900077,587,935,-348
119900078,373,677,-304
119900079,158,186,-28
119900080,391,255,136
119900081,408,34,374
119900082,804,39,765
119900083,300,112,188
119900084,629,231,398
119900085,61,49,12
119900086,285,1062,-777
119900087,541,174,367
119900088,21,38,-17
119900089,17,421,-404
119900090,126,37,89
119900091,85,967,-882
119900092,57,285,-228
119900093,741,230,511
119900094,31,192,-161
119900095,146,80,66
119900096,40,84,-44
119900097,524,137,387
119900098,35,46,-11
119900099,20,132,-112
119900100,2114,1841,273
119900101,224,708,-484
119900102,36,191,-155
119900103,37,224,-187
119900104,20,141,-121
119900105,603,804,-201
119900106,6,150,-144
119900107,264,2657,-2393
119900108,1430,553,877
119900109,38,173,-135
119900110,419,509,-90
119900111,142,508,-366
119900112,1727,466,1261
119900113,66,275,-209
119900114,150,1055,-905
119900115,140,1083,-943
119900116,185,335,-150
119900117,205,560,-355
119900118,34,923,-889
119900119,137,180,-43
119900120,445,488,-43
119900121,340,1094,-754
119900122,473,286,187
119900123,170,266,-96
119900124,170,724,-554
119900125,38,228,-190
119900126,3115,200,2915
119900127,2359,912,1447
119900128,357,587,-230
119900129,225,564,-339
119900130,28,197,-169
119900131,43,240,-197
119900132,7,243,-236
119900133,31,63,-32
119900134,1605,194,1411
119900135,0,364,-364
119900136,133,321,-188
119900138,315,353,-38
119900139,19,68,-49
119900140,7,107,-100
119900141,104,468,-364
119900142,0,11,-11
119900143,9,164,-155
119900144,1378,168,1210
119900145,91,170,-79
119900146,156,110,46
119900147,5,91,-86
119900148,111,29,82
119900149,943,2599,-1656
119900150,128,133,-5
119900151,1151,513,638
119900152,69,296,-227
119900153,120,61,59
119900154,9,742,-733
119900155,24,50,-26
119900156,15,4,11
119900157,88,191,-103
119900158,105,66,39
119900159,4,1330,-1326
119900160,14,123,-109
119900161,180,154,26
119900162,624,641,-17
119900163,76,133,-57
119900164,0,1,-1
119900165,86,224,-138
119900166,39,40,-1
119900167,129,89,40
119900168,637,354,283
119900169,78,203,-125
119900170,130,229,-99
119900171,767,390,377
119900172,80,14,66
119900173,17,482,-465
119900174,6,134,-128
119900175,865,622,243
119900177,16,205,-189
119900178,7,149,-142
119900179,63,293,-230
119900180,734,736,-2
119900181,33,70,-37
119900182,90,447,-357
119900183,151,698,-547
119900184,1819,382,1437
119900185,22,111,-89
119900186,43,541,-498
119900187,6,277,-271
119900188,50,427,-377
119900189,384,349,35
119900190,37,172,-135
119900191,226,112,114
119900192,38,150,-112
119900193,236,168,68
119900194,8,34,-26
119900195,21,135,-114
119900196,1029,337,692
119900197,124,138,-14
119900198,116,262,-146
119900199,94,16,78
119900200,459,556,-97
119900201,264,128,136
119900202,106,122,-16
119900203,134,433,-299
119900204,147,241,-94
119900205,518,595,-77
119900206,80,80,0
119900208,151,153,-2
119900209,424,880,-456
119900210,26,33,-7
119900211,76,10,66
119900212,308,649,-341
119900213,6,57,-51
119900214,9,71,-62
119900215,35,84,-49
119900216,17,45,-28
119900217,8,44,-36
119900218,12,53,-41
119900219,14,106,-92
119900220,1,106,-105
119900221,18,231,-213
119900222,18,173,-155
119900223,5,65,-60
119900224,13,19,-6
119900225,744,61,683
119900226,459,1149,-690
119900227,793,200,593
119900228,21,176,-155
119900229,242,277,-35
119900230,1308,547,761
119900231,162,187,-25
119900232,123,46,77
119900233,55,0,55
119900234,16,25,-9
119900235,16,27,-11
119900236,18,158,-140
119900237,42,340,-298
119900238,4,56,-52
119900240,70,92,-22
119900241,137,204,-67
119900242,1003,1228,-225
119900244,507,1215,-708
119900245,105,133,-28
119900246,187,383,-196
119900247,33,59,-26
119900248,59,149,-90
119900249,196,71,125
119900253,2621,328,2293
119900254,53,476,-423
119900255,73,294,-221
119900256,361,867,-506
119900257,70,0,70
119900258,50,3,47
119900259,9,116,-107
119900260,69,6,63
119900261,238,128,110
119900262,34,367,-333
119900263,851,432,419
119900264,94,167,-73
119900265,307,371,-64
119900266,243,222,21
119900267,162,356,-194
119900268,167,169,-2
119900269,660,1009,-349
119900271,11,83,-72
119900272,236,84,152
119900275,55,0,55
119900276,32,1,31
119900277,9,4,5
119900278,142,54,88
119900279,79,225,-146
119900280,752,195,557
119900281,1,181,-180
119900282,31,60,-29
119900283,6,252,-246
119900284,30,149,-119
119900285,22,79,-57
119900286,1,28,-27
119900288,3,18,-15
119900289,1,24,-23
119900290,2,18,-16
119900291,1,44,-43
119900292,8,25,-17
119900293,16,60,-44
119900294,56,53,3
119900295,12,38,-26
119900296,15,223,-208
119900297,1,13,-12
119900298,2,2,0
119900299,26,189,-163
119900300,143,167,-24
119900301,52,28,24
119900302,22,45,-23
119900303,159,151,8
119900304,126,24,102
119900305,14,98,-84
119900306,26,1,25
119900307,17,51,-34
119900308,2,16,-14
119900309,11,43,-32
119900310,263,258,5
119900311,47,108,-61
119900312,87,83,4
119900313,186,294,-108
119900314,119,339,-220
119900315,970,1912,-942
119900318,12,13,-1
119900319,0,235,-235
119900320,68,460,-392
119900321,43,0,43
120000001,5202,10573,-5371
120000002,2360,2704,-344
120000003,3133,1659,1474
120000004,2646,2230,416
120000005,4255,1842,2413
120000006,1255,1411,-156
120000007,3698,2878,820
120000008,967,1470,-503
120000009,3724,961,2763
120000010,1606,2574,-968
120000011,1009,2052,-1043
120000012,1301,2477,-1176
120000013,2344,2505,-161
120000014,607,1368,-761
120000015,2100,1410,690
120000016,2931,2321,610
120000017,2360,2091,269
120000018,3475,8530,-5055
120000019,823,1228,-405
120000020,2733,2726,7
120000021,1585,1876,-291
120000022,2184,3402,-1218
120000023,830,1504,-674
120000024,1155,2193,-1038
120000025,1962,2053,-91
120000026,1228,1712,-484
120000027,1427,1834,-407
120000028,680,515,165
120000029,2582,496,2086
120000030,311,773,-462
120000031,1537,5038,-3501
120000032,7369,3946,3423
120000033,4640,1931,2709
120000034,1625,1955,-330
120000035,1685,2046,-361
120000036,2249,4435,-2186
120000037,621,1256,-635
120000038,6416,2963,3453
120000039,456,880,-424
120000040,75,184,-109
120000041,1409,1288,121
120000042,1655,2609,-954
120000043,4139,1809,2330
120000044,4329,1584,2745
120000045,4422,1118,3304
120000046,2378,2269,109
120000047,1201,4227,-3026
120000048,6455,3534,2921
120000049,2705,2526,179
120000050,3747,3869,-122
120000051,2696,3663,-967
120000052,9786,2346,7440
120000053,1250,3131,-1881
120000054,1286,4731,-3445
120000055,1787,5182,-3395
120000056,3221,3413,-192
120000057,2260,587,1673
120000058,2962,317,2645
120000059,29,1409,-1380
120000061,134,616,-482
120000062,226,301,-75
120000063,1809,2348,-539
120000064,205,1263,-1058
120000065,618,1512,-894
120000066,239,364,-125
120000067,52,463,-411
120000068,158,1009,-851
120000069,554,1246,-692
120000070,82,945,-863
120000071,360,200,160
120000072,547,492,55
120000073,644,85,559
120000074,135,67,68
120000075,552,267,285
120000076,1481,425,1056
120000077,1438,638,800
120000078,2852,1038,1814
120000079,387,473,-86
120000080,228,337,-109
120000081,273,220,53
120000082,237,223,14
120000083,139,602,-463
120000084,375,346,29
120000085,220,364,-144
120000086,241,571,-330
120000087,204,695,-491
120000088,650,1189,-539
120000089,893,734,159
120000090,547,502,45
120000091,669,940,-271
120000092,964,672,292
120000093,367,509,-142
120000094,123,684,-561
120000095,967,531,436
120000096,253,829,-576
120000098,735,825,-90
120000099,312,811,-499
120000100,667,1024,-357
120000101,463,496,-33
120000102,404,665,-261
120000103,1175,719,456
120000104,1303,463,840
120000105,2124,672,1452
120000106,1884,674,1210
120000107,2604,642,1962
120000108,999,136,863
120000109,972,63,909
120000110,119,1098,-979
120000111,104,1408,-1304
120000112,1095,3454,-2359
120000113,778,2542,-1764
120000114,1133,3225,-2092
120000115,344,2834,-2490
120000116,739,2153,-1414
120000117,1240,1416,-176
120000118,36,18,18
120000119,42,60,-18
120000120,77,73,4
120000121,31,55,-24
120000122,258,348,-90
120000123,5208,4061,1147
120000124,387,329,58
120000125,421,706,-285
120000126,324,614,-290
120000127,2375,722,1653
120000128,3458,2595,863
120000129,280,321,-41
120000130,721,615,106
120000131,244,618,-374
120000134,354,976,-622
120000135,327,443,-116
120000137,210,1432,-1222
120000138,583,477,106
120000139,234,761,-527
120000140,655,528,127
120000141,266,580,-314
120000142,392,594,-202
120000143,5,94,-89
120000144,86,2,84
120000145,270,2,268
120000146,1480,799,681
120000149,630,1086,-456
120000150,3224,8707,-5483
120000151,377,533,-156
120000152,359,170,189
120000153,137,570,-433
120000154,511,437,74
120000155,96,224,-128
120000156,1886,595,1291
120000157,853,601,252
120000158,740,828,-88
120000159,1917,2473,-556
120000160,1931,1316,615
120000161,1641,2336,-695
120000162,90,277,-187
120000163,590,1297,-707
120000164,381,388,-7
120000165,474,885,-411
120000166,997,519,478
120000167,41,52,-11
120000168,5,136,-131
120000169,24,467,-443
120000170,23,308,-285
120000171,13,94,-81
120000172,106,67,39
120000173,2566,306,2260
120000174,364,13,351
120000175,431,17,414
120000176,293,21,272
120000177,980,110,870
120000178,66,6,60
120000179,260,14,246
120000180,421,51,370
120000181,52,262,-210
120000182,57,204,-147
120000183,3,133,-130
120000184,68,592,-524
120000186,103,153,-50
120000187,230,72,158
120000188,153,110,43
120000190,875,25,850
120000191,1176,22,1154
120000192,868,10,858
120000193,386,4,382
120000195,47,3,44
120000196,251,40,211
120000197,73,93,-20
120000198,93,69,24
120000199,72,0,72
120000200,60,2,58
120000201,20,16,4
120000202,2,54,-52
120000203,30,199,-169
120000207,0,59,-59
120000208,36,265,-229
120000209,9,66,-57
120000210,121,70,51
120000211,64,2,62
120000212,84,0,84
120000213,90,286,-196
120000214,4,391,-387
120000215,2,153,-151
120000216,48,10,38
120000217,683,1172,-489
120000218,153,795,-642
120000219,3,436,-433
120000220,3,1514,-1511
120000225,1060,4,1056
120000226,286,3,283
120000227,590,42,548
120000228,5498,2416,3082
120000230,333,13,320
120000231,940,2165,-1225
120000233,236,39,197
120000235,203,728,-525
120000236,677,1,676
120000237,2,1510,-1508
120000238,1,239,-238
120000241,1007,3118,-2111
120000412,197,11,186
120000413,109,161,-52
120000414,39,1,38
120000415,1,122,-121
120000416,56,1,55
120000417,3,55,-52
120000418,55,15,40
120000419,6,280,-274
120000420,30,37,-7
120000421,10299,5791,4508
120000422,108,660,-552
120000423,0,44,-44
120000424,63,109,-46
120000436,98,528,-430
120000437,181,147,34
120000438,3872,309,3563
120000439,122,370,-248
120000443,121,2,119
120000444,1445,556,889
120000445,1365,1120,245
120000446,704,248,456
120000447,148,11,137
120000449,48,2,46
120000450,2,161,-159
120000451,67,193,-126
120000452,91,0,91
120000453,0,263,-263
120000454,55,24,31
120000455,98,62,36
120000456,2132,3115,-983
120000457,817,623,194
120000458,562,866,-304
120000459,61,81,-20
120000665,1069,160,909
120000668,118,229,-111
120000669,46,237,-191
120000670,225,257,-32
120000671,883,432,451
120000672,111,629,-518
120900001,47,100,-53
120900002,251,226,25
120900003,349,19,330
120900004,9,80,-71
120900005,14,1520,-1506
120900006,272,166,106
120900007,107,132,-25
120900008,133,1258,-1125
120900009,711,54,657
120900010,346,92,254
120900011,306,247,59
120900012,444,869,-425
120900013,256,62,194
120900014,3,423,-420
120900015,647,64,583
120900016,716,47,669
120900017,2435,95,2340
120900018,112,418,-306
120900019,420,256,164
120900020,810,976,-166
120900021,426,117,309
120900022,39,248,-209
120900023,169,15,154
120900024,1586,471,1115
120900025,1782,932,850
120900026,200,168,32
120900027,742,27,715
120900028,268,66,202
120900029,222,363,-141
120900030,948,597,351
120900031,188,76,112
120900032,781,114,667
120900033,855,54,801
120900034,40,1806,-1766
120900035,43,219,-176
120900037,233,12,221
120900038,45,280,-235
120900039,53,37,16
120900040,146,8,138
120900041,121,23,98
120900042,466,61,405
120900043,51,20,31
120900044,15,324,-309
120900045,146,93,53
120900046,333,3,330
120900047,126,88,38
120900048,127,17,110
120900049,237,1,236
120900050,2013,1118,895
120900051,241,116,125
120900052,426,17,409
120900053,130,72,58
120900054,1855,516,1339
120900055,328,3,325
120900056,371,12,359
120900057,87,21,66
120900058,351,0,351
120900059,59,2,57
120900060,25,39,-14
120900061,265,184,81
120900062,213,2,211
120900063,386,2,384
120900064,347,2,345
120900065,265,1,264
120900066,97,193,-96
120900067,110,45,65
120900068,203,0,203
120900069,168,37,131
120900071,8,0,8
120900072,577,4,573
120900073,352,100,252
120900074,371,2,369
120900076,228,0,228
120900077,2667,286,2381
120900078,587,1281,-694
120900079,525,109,416
120900080,582,2083,-1501
120900081,794,176,618
120900082,479,431,48
120900083,78,3,75
120900084,179,262,-83
120900085,78,99,-21
120900086,112,225,-113
120900087,353,286,67
120900088,123,269,-146
120900089,3620,2085,1535
120900090,168,194,-26
120900091,644,671,-27
120900092,1632,749,883
120900093,2452,215,2237
120900094,537,175,362
120900095,453,15,438
120900096,30,141,-111
120900097,604,847,-243
120900098,331,239,92
120900099,49,48,1
120900100,73,338,-265
120900101,945,322,623
120900102,31,77,-46
120900103,50,198,-148
120900104,23,38,-15
120900105,27,654,-627
120900106,1448,595,853
120900107,220,132,88
120900108,4,710,-706
120900109,52,667,-615
120900110,4,599,-595
120900111,219,363,-144
120900112,18,986,-968
120900113,18,852,-834
120900114,41,164,-123
120900115,95,171,-76
120900116,196,432,-236
120900117,3,540,-537
120900118,6,891,-885
120900119,2546,4791,-2245
120900120,67,725,-658
120900121,135,478,-343
120900122,224,521,-297
120900123,8,382,-374
120900124,5,728,-723
120900125,21,821,-800
120900126,1756,1402,354
120900127,12,528,-516
120900128,1430,1511,-81
120900129,40,330,-290
120900130,0,190,-190
120900131,40,42,-2
120900132,627,298,329
120900133,184,951,-767
120900134,1117,421,696
120900135,7,607,-600
120900136,21,24,-3
120900137,169,76,93
120900138,13,224,-211
120900139,3,648,-645
120900140,4,31,-27
120900141,117,132,-15
120900142,23,552,-529
120900143,7,833,-826
120900144,1,172,-171
120900145,194,987,-793
120900146,2,966,-964
120900147,20,594,-574
120900148,60,119,-59
120900149,0,378,-378
120900150,43,637,-594
120900151,26,583,-557
120900152,130,32,98
120900153,13,77,-64
120900154,3,305,-302
120900155,117,1078,-961
120900156,164,369,-205
120900157,49,238,-189
120900158,79,694,-615
120900159,122,402,-280
120900160,35,681,-646
120900161,15,396,-381
120900162,28,503,-475
120900163,16,291,-275
120900164,0,5,-5
120900165,3,7,-4
120900166,101,187,-86
120900167,275,126,149
120900169,74,277,-203
120900170,1609,1914,-305
120900171,1043,322,721
120900172,1224,931,293
120900173,8,68,-60
120900174,4,73,-69
120900175,360,121,239
120900176,13,226,-213
120900177,0,867,-867
120900178,0,281,-281
120900179,1316,530,786
120900180,97,123,-26
120900181,100,44,56
120900182,8,259,-251
120900183,225,37,188
120900184,145,46,99
120900185,12,257,-245
120900186,1,545,-544
120900187,248,752,-504
120900188,162,12,150
120900189,104,931,-827
120900190,49,9,40
120900191,4,24,-20
120900192,10962,5052,5910
120900194,55,62,-7
120900195,124,264,-140
120900196,529,29,500
120900197,453,120,333
120900198,282,561,-279
120900199,232,284,-52
120900200,80,88,-8
120900201,487,191,296
120900202,1,141,-140
120900203,36,70,-34
120900204,152,262,-110
120900205,31,79,-48
120900206,5,6,-1
120900207,65,1286,-1221
121000001,449,733,-284
121000002,1701,1157,544
121000003,2341,1531,810
121000004,1998,3246,-1248
121000005,1647,2197,-550
121000006,2409,1771,638
121000007,2407,2406,1
121000008,5212,2711,2501
121000009,4245,4161,84
121000010,6171,4158,2013
121000011,5806,8327,-2521
121000012,10653,6340,4313
121000013,4644,5957,-1313
121000014,6956,5944,1012
121000015,3472,5827,-2355
121000016,3849,3056,793
121000017,1230,2212,-982
121000018,1387,1125,262
121000019,14720,8150,6570
121000020,8954,11133,-2179
121000021,5066,4398,668
121000022,1972,1914,58
121000023,3857,3145,712
121000024,3367,3709,-342
121000025,319,924,-605
121000026,293,140,153
121000027,1178,1024,154
121000028,633,358,275
121000029,870,421,449
121000030,367,222,145
121000031,632,521,111
121000032,193,89,104
121000034,388,197,191
121000035,254,114,140
121000036,729,655,74
121000037,434,344,90
121000038,438,561,-123
121000039,292,311,-19
121000041,537,386,151
121000042,231,323,-92
121000043,332,226,106
121000044,1089,533,556
121000045,742,575,167
121000046,614,790,-176
121000047,683,312,371
121000049,1430,488,942
121000050,192,714,-522
121000051,1367,343,1024
121000052,618,649,-31
121000053,257,75,182
121000054,28,300,-272
121000055,1072,884,188
121000056,527,787,-260
121000057,106,241,-135
121000058,631,244,387
121000059,1659,1129,530
121000060,425,837,-412
121000061,167,133,34
121000062,136,304,-168
121000063,474,474,0
121000064,579,739,-160
121000065,350,245,105
121000066,571,525,46
121000067,606,430,176
121000068,615,259,356
121000069,648,460,188
121000070,1870,1117,753
121000071,1429,1093,336
121000072,1072,689,383
121000073,810,673,137
121000074,123,136,-13
121000075,58,179,-121
121000076,1310,365,945
121000077,100,93,7
121000078,142,140,2
121000080,1720,472,1248
121000081,2169,2277,-108
121000082,0,0,0
121000083,321,228,93
121000084,430,338,92
121000085,464,721,-257
121000086,147,659,-512
121000087,81,219,-138
121000088,328,457,-129
121000089,307,264,43
121000090,314,241,73
121000091,1100,601,499
121000092,160,76,84
121000093,147,169,-22
121000094,380,501,-121
121000095,316,415,-99
121000096,1913,1951,-38
121000097,837,1433,-596
121000098,335,810,-475
121000099,567,671,-104
121000100,630,254,376
121000101,363,302,61
121000102,259,294,-35
121000103,180,260,-80
121000104,199,143,56
121000105,318,207,111
121000106,211,321,-110
121000107,2204,3445,-1241
121000109,1120,970,150
121000110,305,589,-284
121000114,2727,2001,726
121000115,815,715,100
121000116,279,816,-537
121000117,659,187,472
121000118,1023,183,840
121000119,339,268,71
121000120,238,412,-174
121000121,475,632,-157
121000123,1642,694,948
121000127,147,104,43
121000128,1114,429,685
121000129,804,479,325
121000130,462,807,-345
121000131,2687,1783,904
121000132,2403,1500,903
121000135,281,238,43
121000136,1761,491,1270
121000137,438,151,287
121000138,960,596,364
121000139,657,101,556
121000141,308,86,222
121000142,1564,1255,309
121000143,70,21,49
121000144,890,1324,-434
121000145,637,1071,-434
121000146,1155,781,374
121000147,892,457,435
121000148,942,885,57
121000149,2027,1159,868
121000152,468,580,-112
121000153,1489,602,887
121000154,782,649,133
121000155,961,1011,-50
121000156,349,1030,-681
121000157,852,1500,-648
121000158,309,430,-121
121000159,187,425,-238
121000160,496,757,-261
121000161,126,256,-130
121000162,66,178,-112
121000165,912,1334,-422
121000166,19,729,-710
121000168,488,264,224
121000169,72,138,-66
121000170,217,116,101
121000171,82,158,-76
121000172,543,473,70
121000173,966,883,83
121000174,249,364,-115
121000175,702,357,345
121000176,350,233,117
121000177,969,568,401
121000178,130,58,72
121000179,191,66,125
121000181,421,412,9
121000182,102,166,-64
121000183,64,73,-9
121000184,273,74,199
121000185,30,135,-105
121000186,213,338,-125
121000187,187,184,3
121000188,159,163,-4
121000192,676,308,368
121000193,568,486,82
121000194,1500,1846,-346
121000195,247,753,-506
121000196,762,243,519
121000197,241,544,-303
121000198,189,72,117
121000199,86,305,-219
121000200,346,81,265
121000201,13,151,-138
121000202,731,99,632
121000203,784,1840,-1056
121000204,2142,644,1498
121000205,144,222,-78
121000206,120,26,94
121000207,2038,274,1764
121000208,4,288,-284
121000209,216,172,44
121000210,440,406,34
121000211,157,111,46
121000212,305,528,-223
121000213,7074,2310,4764
121000214,595,2215,-1620
121000215,1042,650,392
121000216,394,632,-238
121000217,3398,2431,967
121000218,510,1215,-705
121000219,1816,686,1130
121000220,202,30,172
121000221,98,164,-66
121000222,1483,1672,-189
121000223,908,258,650
121000224,472,195,277
121000225,2097,1178,919
121000226,4903,1009,3894
121000227,27,185,-158
121000228,19,468,-449
121000229,240,284,-44
121000230,51,1362,-1311
121000231,744,24,720
121000232,279,290,-11
121000233,505,342,163
121000234,14,47,-33
121000235,83,69,14
121000236,10,33,-23
121000237,26,11,15
121000238,3,69,-66
121000239,42,4,38
121000240,12,166,-154
121000241,167,19,148
121000242,60,171,-111
121000243,476,190,286
121000244,7,67,-60
121000245,75,25,50
121000246,1,88,-87
121000247,99,2,97
121000248,1432,378,1054
121000249,495,311,184
121000250,694,120,574
121000251,33,298,-265
121000252,98,64,34
121000253,289,234,55
121000254,543,131,412
121000255,236,193,43
121000256,470,141,329
121000257,184,120,64
121000258,256,39,217
121000259,61,63,-2
121000260,140,55,85
121000261,286,49,237
121000262,606,766,-160
121000263,543,580,-37
121000271,234,1195,-961
121000273,108,6,102
121000274,18,32,-14
121000275,7,18,-11
121000276,3,23,-20
121000278,74,37,37
121000279,34,20,14
121000280,100,23,77
121000289,219,27,192
121000290,1077,981,96
121000294,148,117,31
121000297,959,1156,-197
121000299,253,225,28
121000300,621,737,-116
121000302,76,626,-550
121000303,429,282,147
121000304,394,38,356
121000305,151,87,64
121000306,93,97,-4
121000308,123,297,-174
121000309,444,552,-108
121000310,228,360,-132
121000311,54,658,-604
121000312,211,147,64
121000313,287,401,-114
121000314,254,173,81
121000315,227,357,-130
121000530,1239,1181,58
121000531,1167,1236,-69
121000532,5008,5075,-67
121000533,2551,2713,-162
121000919,78,41,37
121000938,180,143,37
121000939,341,155,186
121000956,1187,1065,122
121000957,3,14,-11
121000958,114,34,80
121000959,811,760,51
121000960,2593,1865,728
121000961,191,177,14
121000962,219,568,-349
121000973,0,108,-108
121000976,19,147,-128
121000979,341,87,254
121000981,394,290,104
121000982,326,143,183
121000983,605,465,140
121000984,22,50,-28
121000985,515,551,-36
121000986,261,167,94
121000987,256,1132,-876
121000988,788,219,569
121001302,283,97,186
121001308,3,7,-4
121001309,47,82,-35
121001311,0,0,0
121001313,236,354,-118
121001314,2387,2943,-556
121001315,3245,1927,1318
121001326,363,367,-4
121001327,132,102,30
121001328,233,39,194
121900001,107,159,-52
121900002,61,25,36
121900003,307,5,302
121900004,155,289,-134
121900005,13,3,10
121900006,68,15,53
121900007,1317,1897,-580
121900008,903,143,760
121900009,358,23,335
121900010,203,2,201
121900011,123,274,-151
121900012,3,1,2
121900013,1509,77,1432
121900014,1116,367,749
121900015,149,162,-13
121900016,1,36,-35
121900017,385,406,-21
121900018,263,8,255
121900019,291,185,106
121900020,34,4,30
121900021,646,30,616
121900022,245,187,58
121900023,127,201,-74
121900024,300,130,170
121900025,433,285,148
121900026,194,36,158
121900027,255,96,159
121900028,241,25,216
121900029,55,119,-64
121900030,479,441,38
121900031,750,5050,-4300
121900032,81,54,27
121900033,126,137,-11
121900034,330,73,257
121900035,1869,1827,42
121900036,53,242,-189
121900037,127,389,-262
121900038,26,116,-90
121900039,383,33,350
121900040,55,83,-28
121900041,73,130,-57
121900042,267,122,145
121900043,16,8,8
121900044,126,39,87
121900046,248,173,75
121900047,129,73,56
121900048,18,92,-74
121900050,25,35,-10
121900051,142,152,-10
121900052,131,40,91
121900053,290,350,-60
121900054,438,651,-213
121900055,0,12,-12
121900058,128,126,2
121900059,350,121,229
121900060,111,278,-167
121900062,104,64,40
121900063,986,370,616
121900064,233,459,-226
121900066,108,15,93
121900067,19,42,-23
121900069,160,92,68
121900070,163,54,109
121900071,239,192,47
121900072,50,150,-100
121900073,283,203,80
121900074,514,728,-214
121900075,522,337,185
121900076,389,553,-164
121900078,64,25,39
121900079,0,1,-1
121900080,578,284,294
121900082,45,111,-66
121900084,6,102,-96
121900086,6,29,-23
121900087,165,68,97
121900088,1160,2030,-870
121900089,132,311,-179
121900090,11,88,-77
121900091,69,122,-53
121900092,54,51,3
121900093,42,55,-13
121900094,18,7,11
121900095,197,120,77
121900096,1017,500,517
121900097,472,169,303
121900098,2,0,2
121900099,139,67,72
121900100,222,326,-104
121900101,101,105,-4
121900102,1,106,-105
121900103,645,197,448
121900104,1340,327,1013
121900105,345,129,216
121900106,2,1,1
121900107,32,10,22
121900108,2,20,-18
121900109,273,140,133
121900110,366,844,-478
121900111,944,116,828
121900112,121,110,11
121900113,54,357,-303
121900114,18,44,-26
121900117,184,29,155
121900118,1598,480,1118
121900119,92,110,-18
121900120,48,1332,-1284
121900121,357,47,310
121900122,25,55,-30
121900123,100,399,-299
121900124,113,122,-9
121900125,710,862,-152
121900127,14,68,-54
121900128,97,98,-1
121900129,579,189,390
121900130,68,211,-143
121900131,283,108,175
121900132,32,64,-32
121900133,94,625,-531
121900134,29,106,-77
121900135,1330,202,1128
121900136,225,329,-104
121900137,27,255,-228
121900138,105,134,-29
121900139,289,401,-112
121900140,48,169,-121
121900141,68,35,33
121900142,118,124,-6
121900143,2,93,-91
121900144,88,236,-148
121900145,97,161,-64
121900146,468,618,-150
121900147,66,142,-76
121900148,197,214,-17
121900149,265,525,-260
121900150,57,97,-40
121900151,68,201,-133
121900152,63,136,-73
121900153,85,472,-387
121900154,11,190,-179
121900155,0,62,-62
121900156,120,103,17
121900157,7,390,-383
121900158,61,68,-7
121900159,1,241,-240
121900160,7,275,-268
121900161,337,270,67
121900162,82,99,-17
121900163,351,527,-176
121900164,451,179,272
121900165,215,125,90
121900166,384,132,252
121900167,157,102,55
121900168,137,206,-69
121900169,3,230,-227
121900170,4,211,-207
121900171,560,384,176
121900172,390,191,199
121900173,631,183,448
121900174,23,66,-43
121900175,130,150,-20
121900176,457,1278,-821
121900177,134,65,69
121900178,54,46,8
121900179,257,123,134
121900180,3540,3092,448
121900182,628,196,432
121900183,595,615,-20
121900184,45,377,-332
121900186,1,265,-264
121900187,44,89,-45
121900188,398,424,-26
121900189,33,91,-58
121900190,240,453,-213
121900191,96,154,-58
121900192,282,581,-299
121900193,43,122,-79
121900194,6,82,-76
121900195,87,55,32
121900196,730,801,-71
121900197,261,1308,-1047
121900198,841,799,42
121900199,7,11,-4
121900200,80,176,-96
121900201,1015,558,457
121900202,132,436,-304
121900203,136,627,-491
121900204,752,929,-177
121900205,18,87,-69
121900206,16,27,-11
121900207,62,21,41
121900208,227,206,21
121900209,31,20,11
121900210,1052,837,215
121900211,285,516,-231
121900212,87,78,9
121900213,134,76,58
121900214,5,378,-373
121900215,80,70,10
121900216,52,94,-42
121900217,147,91,56
121900218,157,345,-188
121900220,84,3,81
121900221,146,557,-411
121900222,103,119,-16
121900223,102,26,76
121900224,50,27,23
121900225,105,82,23
121900226,163,428,-265
121900227,146,397,-251
121900228,169,301,-132
121900230,123,122,1
121900231,361,664,-303
121900232,190,316,-126
121900233,123,154,-31
121900234,232,217,15
121900235,499,164,335
121900236,370,99,271
121900237,211,276,-65
121900238,100,218,-118
121900239,108,10,98
121900240,154,60,94
121900241,44,32,12
121900242,2,0,2
121900243,9,0,9
121900244,8,1,7
121900245,144,69,75
121900246,1397,263,1134
121900248,1178,947,231
121900250,278,251,27
121900251,224,24,200
121900252,525,125,400
121900253,193,741,-548
121900254,546,236,310
121900255,230,52,178
121900258,2370,1910,460
121900259,336,522,-186
121900260,64,183,-119
121900261,185,448,-263
121900262,334,919,-585
121900263,177,229,-52
121900264,1590,1327,263
121900265,225,255,-30
121900266,249,165,84
121900267,59,26,33
121900269,152,516,-364
121900270,30,162,-132
121900271,35,103,-68
121900273,426,1574,-1148
121900274,278,191,87
121900277,456,904,-448
121900278,115,785,-670
121900279,141,173,-32
121900280,178,264,-86
121900281,397,200,197
121900284,32,7,25
121900286,84,115,-31
121900287,9,19,-10
121900288,7,1,6
121900290,129,223,-94
121900291,372,455,-83
121900292,154,155,-1
121900293,860,2245,-1385
121900294,169,2,167
121900295,112,173,-61
121900296,43,58,-15
121900298,237,540,-303
121900299,0,0,0
121900300,136,10,126
121900301,62,1,61
121900302,1,30,-29
121900303,325,254,71
121900304,1,9,-8
121900305,6,2,4
121900306,146,0,146
121900307,50,3,47
121900308,24,211,-187
121900309,11,178,-167
121900310,23,363,-340
121900311,338,28,310
121900312,283,10,273
121900313,416,9,407
121900314,6,38,-32
121900315,9,2,7
121900316,0,25,-25
121900317,6,4,2
121900318,2,16,-14
121900319,46,91,-45
121900320,26,59,-33
121900321,26,3,23
121900322,0,17,-17
121900323,8,10,-2
121900324,5,52,-47
121900325,7,11,-4
121900326,6,18,-12
121900327,7,76,-69
121900328,5,30,-25
121900329,1,233,-232
121900330,1,45,-44
121900331,135,37,98
121900332,40,19,21
121900333,38,1,37
121900334,103,66,37
122000001,1977,3718,-1741
122000002,4045,1281,2764
122000003,1752,2326,-574
122000004,2583,1160,1423
122000005,2152,1345,807
122000006,1723,762,961
122000007,1205,1638,-433
122000008,3610,3718,-108
122000009,367,359,8
122000010,1754,2121,-367
122000011,2823,1767,1056
122000012,1348,1119,229
122000013,1161,782,379
122000014,1394,1149,245
122000015,964,814,150
122000016,441,613,-172
122000017,802,874,-72
122000018,1067,926,141
122000019,647,1069,-422
122000020,125,140,-15
122000021,288,311,-23
122000022,1010,854,156
122000023,570,1510,-940
122000024,644,958,-314
122000025,1346,1173,173
122000026,1234,817,417
122000027,489,2567,-2078
122000028,548,352,196
122000029,326,346,-20
122000030,236,150,86
122000031,133,210,-77
122000032,1430,1998,-568
122000033,685,908,-223
122000034,538,448,90
122000035,289,607,-318
122000036,459,479,-20
122000037,284,198,86
122000038,195,231,-36
122000039,514,375,139
122000040,275,268,7
122000041,479,485,-6
122000042,281,413,-132
122000043,78,96,-18
122000044,92,131,-39
122000045,1063,407,656
122000046,668,666,2
122000047,182,168,14
122000048,2650,3540,-890
122000049,4578,2354,2224
122000050,1509,736,773
122000051,311,251,60
122000052,440,248,192
122000053,148,614,-466
122000054,2089,1654,435
122000055,2205,2474,-269
122000056,4265,3290,975
122000057,2725,3035,-310
122000058,3140,1140,2000
122000059,2590,1372,1218
122000060,636,518,118
122000061,553,351,202
122000062,1279,292,987
122000063,1219,587,632
122000064,2851,2317,534
122000065,3340,1892,1448
122000066,459,354,105
122000067,1895,1043,852
122000068,894,994,-100
122000069,851,566,285
122000070,552,1957,-1405
122000071,1029,1056,-27
122000072,388,270,118
122000073,417,453,-36
122000074,2343,1407,936
122000075,525,1008,-483
122000076,1552,920,632
122000077,1386,627,759
122000078,2577,2268,309
122000079,1852,1166,686
122000080,787,300,487
122000081,173,229,-56
122000082,1073,608,465
122000083,1159,2185,-1026
122000084,912,600,312
122000085,223,989,-766
122000086,1630,3827,-2197
122000087,322,131,191
122000088,242,231,11
122000089,4444,1981,2463
122000090,185,381,-196
122000091,390,49,341
122000092,206,9,197
122000093,967,812,155
122000094,4942,1774,3168
122000095,2098,2585,-487
122000096,2059,1323,736
122000098,1814,1200,614
122000099,1777,489,1288
122000100,837,491,346
122000101,330,695,-365
122000102,1428,1008,420
122000103,1987,1486,501
122000104,290,133,157
122000105,434,230,204
122000106,407,502,-95
122000107,783,365,418
122000108,402,562,-160
122000109,250,228,22
122000110,328,387,-59
122000111,2124,1079,1045
122000112,625,1217,-592
122000113,503,496,7
122000114,2147,995,1152
122000115,1580,1052,528
122000116,313,306,7
122000117,944,366,578
122000118,425,645,-220
122000119,2279,1607,672
122000120,2375,3019,-644
122000121,1973,2458,-485
122000122,1154,1416,-262
122000123,1561,1225,336
122000124,1111,660,451
122000125,354,502,-148
122000126,545,732,-187
122000127,1011,1015,-4
122000128,590,689,-99
122000129,447,1169,-722
122000130,2455,840,1615
122000131,1554,985,569
122000132,741,436,305
122000133,826,1084,-258
122000134,754,700,54
122000135,829,798,31
122000136,698,542,156
122000137,1186,645,541
122000139,1019,2429,-1410
122000140,834,487,347
122000141,2738,719,2019
122000142,286,558,-272
122000143,435,433,2
122000144,1667,1253,414
122000145,1386,844,542
122000146,525,642,-117
122000147,723,477,246
122000148,846,752,94
122000149,1641,1248,393
122000150,1207,858,349
122000151,58,48,10
122000152,533,575,-42
122000153,234,254,-20
122000154,293,194,99
122000155,1263,2118,-855
122000156,1113,966,147
122000157,2290,2018,272
122000158,344,479,-135
122000159,963,1221,-258
122000160,3461,1761,1700
122000161,1307,1097,210
122000162,1840,1652,188
122000163,194,38,156
122000164,47,88,-41
122000165,709,555,154
122000166,1167,838,329
122000167,178,178,0
122000168,142,400,-258
122000169,396,197,199
122000170,224,157,67
122000171,34,86,-52
122000172,1196,1117,79
122000173,1156,1756,-600
122000174,1512,798,714
122000175,1361,290,1071
122000176,273,546,-273
122000177,1518,995,523
122000178,2129,2050,79
122000179,1196,1934,-738
122000180,1133,919,214
122000181,2419,2406,13
122000182,1241,1042,199
122000183,1525,912,613
122000184,2230,1809,421
122000185,1162,1337,-175
122000186,406,652,-246
122000187,1748,879,869
122000188,324,210,114
122000189,211,267,-56
122000190,855,950,-95
122000191,684,480,204
122000192,856,239,617
122000193,416,513,-97
122000194,702,197,505
122000195,157,435,-278
122000196,1127,517,610
122000197,551,496,55
122000198,622,696,-74
122000199,335,245,90
122000200,1057,606,451
122000201,1001,1211,-210
122000202,1501,1504,-3
122000203,1672,1043,629
122000204,1746,1884,-138
122000205,1402,1139,263
122000206,1999,659,1340
122000207,1570,927,643
122000208,2036,1154,882
122000209,1982,386,1596
122000210,1970,1429,541
122000211,1258,879,379
122000212,668,421,247
122000213,806,985,-179
122000214,1452,1361,91
122000215,1417,1672,-255
122000217,1590,1200,390
122000218,586,64,522
122000219,1507,891,616
122000220,529,589,-60
122000221,100,323,-223
122000222,543,117,426
122000223,1312,452,860
122000225,781,305,476
122000226,2288,1443,845
122000227,249,2207,-1958
122000228,317,307,10
122000229,30,380,-350
122000230,56,487,-431
122000231,344,671,-327
122000232,659,896,-237
122000233,3,82,-79
122000234,388,191,197
122000235,896,180,716
122000236,794,120,674
122000237,117,96,21
122000238,267,232,35
122000239,527,113,414
122000240,1190,521,669
122000241,1252,460,792
122000242,671,154,517
122000243,250,56,194
122000244,73,417,-344
122000245,62,163,-101
122000246,244,176,68
122000247,529,617,-88
122000248,1273,1634,-361
122000249,1166,807,359
122000250,1741,1192,549
122000251,278,477,-199
122000252,540,106,434
122000253,59,202,-143
122000254,217,93,124
122000255,653,1392,-739
122000256,364,848,-484
122000257,205,295,-90
122000258,372,220,152
122000259,18,501,-483
122000260,233,800,-567
122000261,20,189,-169
122000262,0,82,-82
122000263,294,82,212
122000264,1056,448,608
122000265,2122,734,1388
122000266,4486,602,3884
122000267,293,140,153
122000268,146,337,-191
122000269,827,295,532
122000270,802,146,656
122000271,392,876,-484
122000272,326,833,-507
122000273,415,408,7
122000274,168,237,-69
122000275,327,242,85
122000276,424,308,116
122000277,960,1054,-94
122000278,1805,1065,740
122000279,135,258,-123
122000280,770,609,161
122000281,593,497,96
122000282,254,159,95
122000283,879,94,785
122000284,212,99,113
122000285,691,115,576
122000286,209,135,74
122000287,1138,1140,-2
122000288,631,222,409
122000291,1439,797,642
122000293,229,300,-71
122000294,86,180,-94
122000295,1165,186,979
122000296,61,589,-528
122000297,1674,1626,48
122000299,624,1082,-458
122000300,500,523,-23
122000301,8196,2702,5494
122000302,633,1326,-693
122000303,2317,1061,1256
122000304,64,169,-105
122000305,811,612,199
122000306,27,617,-590
122000307,105,108,-3
122000309,92,56,36
122000310,64,130,-66
122000311,211,134,77
122000312,157,101,56
122000313,146,63,83
122000314,124,223,-99
122000315,208,36,172
122000316,645,209,436
122000317,1155,225,930
122000318,179,299,-120
122000319,172,326,-154
122000320,417,1557,-1140
122000321,109,171,-62
122000322,1931,1996,-65
122000323,1425,1809,-384
122000324,1112,969,143
122000325,707,1134,-427
122000326,46,86,-40
122000327,422,653,-231
122000328,880,625,255
122000330,1510,607,903
122000333,20,126,-106
122000337,924,1519,-595
122000338,602,509,93
122000340,290,313,-23
122000342,1719,841,878
122000343,439,983,-544
122000344,28,25,3
122000345,304,150,154
122000346,334,490,-156
122000348,687,687,0
122000349,116,615,-499
122000351,127,195,-68
122000352,558,124,434
122000353,112,110,2
122000355,173,154,19
122000356,1600,1414,186
122000357,98,18,80
122000358,1,64,-63
122000359,0,27,-27
122000360,0,51,-51
122000362,9,72,-63
122000364,133,316,-183
122000365,1,37,-36
122000366,5,10,-5
122000368,375,499,-124
122000370,22,56,-34
122000371,25,1,24
122000372,98,0,98
122000381,45,292,-247
122000382,98,308,-210
122000384,2717,1412,1305
122000385,69,0,69
122000386,406,1049,-643
122000387,677,718,-41
122000388,1348,560,788
122000389,159,558,-399
122000390,614,288,326
122000391,217,57,160
122000392,150,171,-21
122000393,504,456,48
122000394,508,250,258
122000395,132,163,-31
122000396,326,114,212
122000399,139,62,77
122000400,236,493,-257
122000401,103,94,9
122000402,221,106,115
122000403,253,734,-481
122000404,71,225,-154
122000408,635,943,-308
122000503,10,99,-89
122000524,168,89,79
122000544,45,2847,-2802
122000614,389,320,69
122000616,338,2,336
122000640,80,113,-33
122000641,122,319,-197
122000642,1667,888,779
122000643,74,158,-84
122000644,287,112,175
122000645,299,353,-54
122000651,1578,661,917
122000664,262,63,199
122000665,1004,488,516
122000666,505,899,-394
122000673,72,260,-188
122000674,143,46,97
122000675,1853,1052,801
122000686,98,513,-415
122000687,1052,129,923
122000688,244,562,-318
122000689,547,103,444
122000690,1241,523,718
122000691,468,1749,-1281
122000692,1683,827,856
122000693,595,1897,-1302
122000695,289,264,25
122000696,255,219,36
122000698,411,680,-269
122000699,143,45,98
122000701,1966,517,1449
122000702,574,1377,-803
122000703,109,47,62
122000712,0,0,0
122000717,1190,140,1050
122000718,572,1528,-956
122000719,146,64,82
122000720,410,346,64
122000724,257,258,-1
122900001,17,2,15
122900002,1050,3731,-2681
122900003,440,51,389
122900004,414,19,395
122900005,78,29,49
122900006,1395,170,1225
122900007,91,43,48
122900008,893,45,848
122900009,505,314,191
122900010,142,100,42
122900012,247,214,33
122900014,165,267,-102
122900015,1524,608,916
122900016,159,174,-15
122900017,360,568,-208
122900018,123,12,111
122900020,502,289,213
122900021,55,690,-635
122900022,748,703,45
122900023,244,150,94
122900024,124,98,26
122900025,10,161,-151
122900026,65,283,-218
122900027,38,576,-538
122900028,124,168,-44
122900029,3910,2493,1417
122900030,905,454,451
122900031,92,221,-129
122900032,87,340,-253
122900033,290,81,209
122900034,3266,4569,-1303
122900035,10,8,2
122900036,38,88,-50
122900037,324,113,211
122900038,119,2724,-2605
122900039,99,422,-323
122900040,338,289,49
122900041,337,180,157
122900042,157,240,-83
122900043,365,120,245
122900044,98,275,-177
122900045,89,97,-8
122900046,212,68,144
122900047,215,172,43
122900048,31,222,-191
122900049,1506,109,1397
122900051,69,109,-40
122900052,111,202,-91
122900053,22,32,-10
122900055,252,127,125
122900057,294,48,246
122900061,490,210,280
122900062,464,677,-213
122900063,204,281,-77
122900064,1269,382,887
122900065,438,175,263
122900066,548,370,178
122900067,975,617,358
122900069,251,1773,-1522
122900070,379,37,342
122900071,110,347,-237
122900073,26,242,-216
122900074,534,464,70
122900075,0,30,-30
122900076,5,197,-192
122900077,4,115,-111
122900078,196,114,82
122900080,44,32,12
122900081,287,151,136
122900082,805,173,632
122900083,213,132,81
122900084,0,158,-158
122900086,6,102,-96
122900087,328,353,-25
122900088,27,79,-52
122900089,129,201,-72
122900090,17,540,-523
122900091,174,1,173
122900092,0,85,-85
122900093,1,210,-209
122900094,3,136,-133
122900095,132,4,128
122900096,259,228,31
122900097,28,18,10
122900098,69,72,-3
122900099,39,8,31
122900100,753,151,602
122900101,435,226,209
122900102,31,17,14
122900103,100,10,90
122900104,95,5,90
122900105,5,8,-3
122900106,4,63,-59
122900107,0,199,-199
122900108,7,200,-193
122900109,162,123,39
123000001,992,272,720
123000002,3117,2626,491
123000003,2487,2454,33
123000004,2492,3294,-802
123000005,2111,2168,-57
123000006,1921,2571,-650
123000007,3527,2644,883
123000008,2066,2198,-132
123000009,4275,2691,1584
123000010,3462,3170,292
123000011,2160,641,1519
123000012,1199,1964,-765
123000013,2712,760,1952
123000014,793,1945,-1152
123000015,3610,943,2667
123000016,1505,2724,-1219
123000017,2934,1750,1184
123000018,46,105,-59
123000019,207,225,-18
123000020,124,100,24
123000021,55,336,-281
123000022,281,2996,-2715
123000023,1244,1411,-167
123000024,1419,612,807
123000025,212,223,-11
123000026,50,86,-36
123000027,1028,270,758
123000028,1810,250,1560
123000029,2375,481,1894
123000030,266,382,-116
123000031,118,301,-183
123000032,307,210,97
123000033,267,85,182
123000034,1256,1111,145
123000035,315,345,-30
123000036,237,729,-492
123000037,196,263,-67
123000038,78,255,-177
123000039,343,1185,-842
123000040,759,323,436
123000041,1183,1024,159
123000042,900,513,387
123000043,1306,2861,-1555
123000044,4321,2132,2189
123000045,4847,2068,2779
123000046,700,1264,-564
123000047,1622,572,1050
123000048,47,471,-424
123000049,3077,5475,-2398
123000050,1604,1955,-351
123000051,92,207,-115
123000052,778,2361,-1583
123000053,1543,2460,-917
123000054,1291,1680,-389
123000055,1272,1722,-450
123000056,980,1054,-74
123000057,12324,5874,6450
123000058,821,839,-18
123000059,1397,2520,-1123
123000060,961,517,444
123000061,2053,1378,675
123000063,299,363,-64
123000064,744,284,460
123000065,3251,1816,1435
123000066,752,645,107
123000067,680,625,55
123000068,2387,2282,105
123000069,5540,3372,2168
123000070,147,208,-61
123000071,425,580,-155
123000072,678,683,-5
123000073,961,941,20
123000074,1432,1370,62
123000075,579,1239,-660
123000076,611,726,-115
123000077,1420,1695,-275
123000078,818,1230,-412
123000079,1295,1846,-551
123000080,2321,2232,89
123000081,159,494,-335
123000082,300,627,-327
123000083,987,402,585
123000084,541,686,-145
123000085,270,123,147
123000086,487,210,277
123000087,451,727,-276
123000088,1355,1677,-322
123000089,460,1057,-597
123000090,1072,799,273
123000091,1543,1819,-276
123000092,1474,1630,-156
123000094,488,349,139
123000095,386,694,-308
123000096,545,366,179
123000097,450,616,-166
123000098,665,493,172
123000099,562,720,-158
123000100,538,640,-102
123000101,594,572,22
123000102,434,518,-84
123000104,365,406,-41
123000105,488,462,26
123000106,424,392,32
123000107,426,503,-77
123000108,2313,970,1343
123000111,729,434,295
123000112,460,314,146
123000113,492,780,-288
123000114,409,585,-176
123000115,239,264,-25
123000116,34,130,-96
123000117,753,816,-63
123000118,268,394,-126
123000119,589,957,-368
123000120,744,935,-191
123000121,327,470,-143
123000122,306,222,84
123000123,441,704,-263
123000124,476,485,-9
123000125,777,1010,-233
123000126,1610,3301,-1691
123000127,856,741,115
123000128,374,315,59
123000129,565,188,377
123000130,488,84,404
123000131,635,771,-136
123000132,426,495,-69
123000133,293,344,-51
123000134,361,156,205
123000135,1309,732,577
123000136,207,802,-595
123000137,124,257,-133
123000138,82,315,-233
123000139,352,85,267
123000140,75,674,-599
123000141,632,83,549
123000142,997,893,104
123000143,1670,1847,-177
123000144,34,16,18
123000145,162,86,76
123000146,46,54,-8
123000147,109,69,40
123000149,390,369,21
123000150,164,181,-17
123000151,276,380,-104
123000152,136,392,-256
123000153,162,567,-405
123000154,1638,1647,-9
123000155,1944,766,1178
123000156,51,83,-32
123000157,616,689,-73
123000158,584,658,-74
123000159,1874,1274,600
123000160,892,722,170
123000161,997,633,364
123000162,769,1452,-683
123000163,344,112,232
123000164,770,270,500
123000165,293,1035,-742
123000166,34,166,-132
123000167,130,289,-159
123000168,185,247,-62
123000169,604,126,478
123000170,84,201,-117
123000171,475,51,424
123000172,134,514,-380
123000173,409,254,155
123000174,741,320,421
123000175,618,1065,-447
123000176,1074,350,724
123000177,279,804,-525
123000178,638,177,461
123000179,17,249,-232
123000180,1243,336,907
123000181,197,914,-717
123000183,162,455,-293
123000186,97,785,-688
123000187,521,2,519
123000188,248,58,190
123000189,133,123,10
123000190,1,62,-61
123000192,54,322,-268
123000193,177,914,-737
123000194,482,399,83
123000195,155,24,131
123000196,109,47,62
123000197,105,85,20
123000198,64,212,-148
123000199,47,523,-476
123000200,234,36,198
123000201,365,7,358
123000202,87,981,-894
123000203,510,94,416
123000204,79,1031,-952
123000205,559,1697,-1138
123000206,1645,214,1431
123000207,154,937,-783
123000208,820,184,636
123000209,1913,480,1433
123000210,560,2064,-1504
123000211,662,3157,-2495
123000212,2836,684,2152
123000213,836,299,537
123000215,155,175,-20
123000216,149,748,-599
123000217,157,71,86
123000218,89,525,-436
123000219,804,197,607
123000220,385,81,304
123000222,287,243,44
123000223,304,272,32
123000224,310,369,-59
123000225,219,87,132
123000226,74,325,-251
123000227,124,299,-175
123000228,282,80,202
123000229,1012,1606,-594
123000232,102,607,-505
123000233,581,226,355
123000234,170,581,-411
123000235,841,330,511
123000236,261,764,-503
123000237,292,75,217
123000238,94,543,-449
123000239,361,1154,-793
123000240,51,294,-243
123000241,916,128,788
123000243,1335,843,492
123000244,1136,748,388
123000245,52,205,-153
123000249,293,627,-334
123000252,553,140,413
123000253,856,435,421
123000254,630,822,-192
123000255,986,1029,-43
123000256,322,451,-129
123000257,1432,1306,126
123000258,1511,1341,170
123000259,333,211,122
123000260,294,353,-59
123000261,441,377,64
123000262,120,205,-85
123000263,310,120,190
123000264,138,88,50
123000265,64,180,-116
123000266,672,746,-74
123000267,522,384,138
123000268,55,71,-16
123000269,45,59,-14
123000270,25,34,-9
123000271,107,74,33
123000272,547,292,255
123000273,191,534,-343
123000274,917,510,407
123000275,287,839,-552
123000278,2918,3275,-357
123000279,60,61,-1
123000280,412,326,86
123000281,317,84,233
123000282,75,185,-110
123000283,70,62,8
123000284,68,125,-57
123000286,373,532,-159
123000287,798,301,497
123000288,1078,647,431
123000289,443,766,-323
123000291,219,736,-517
123000294,372,289,83
123000295,945,662,283
123000296,689,639,50
123000297,674,680,-6
123000298,479,470,9
123000299,219,396,-177
123000300,1877,1675,202
123000301,230,361,-131
123000302,65,186,-121
123000303,117,95,22
123000305,989,877,112
123000306,114,160,-46
123000309,55,83,-28
123000310,41,46,-5
123000311,31,154,-123
123000312,830,1425,-595
123000313,1028,1157,-129
123000315,63,314,-251
123000316,373,387,-14
123000317,232,75,157
123000318,62,218,-156
123000329,8,7,1
123000337,998,284,714
123000338,838,40,798
123000339,156,133,23
123000340,331,784,-453
123000342,13,107,-94
123000343,35,6,29
123000344,1372,462,910
123000345,1424,712,712
123000346,469,323,146
123000352,1325,702,623
123000353,23,126,-103
123000354,1073,52,1021
123000355,38,1108,-1070
123000356,345,6,339
123000357,4,163,-159
123000359,14,167,-153
123000360,132,120,12
123000361,372,286,86
123000362,266,102,164
123000363,94,161,-67
123000364,771,750,21
123000365,17,354,-337
123000366,746,2118,-1372
123000367,1000,2119,-1119
123000370,30,194,-164
123000371,303,29,274
123000372,423,24,399
123000373,18,278,-260
123000374,13,257,-244
123000375,312,62,250
123000376,720,524,196
123000377,261,16,245
123000378,11,196,-185
123000379,2,257,-255
123000380,74,309,-235
123000381,164,70,94
123000382,1052,189,863
123000383,211,1185,-974
123000384,399,89,310
123000385,457,654,-197
123000436,153,2312,-2159
123000507,575,280,295
123000508,531,910,-379
123000517,157,21,136
123000518,41,199,-158
123000519,296,32,264
123000520,48,215,-167
123000521,380,177,203
123000522,302,752,-450
123000541,8,3,5
123000542,0,21,-21
123000565,765,50,715
123000566,182,682,-500
123000567,56,241,-185
123000575,44,533,-489
123000576,623,28,595
123000577,158,585,-427
123000578,507,75,432
123000579,3712,3996,-284
123000580,89,42,47
123000582,235,31,204
123000583,20,316,-296
123000584,157,213,-56
123000585,0,67,-67
123000586,41,0,41
123000596,92,115,-23
123000597,81,120,-39
123000602,26,11,15
123000603,526,68,458
123000604,235,493,-258
123000605,1019,29,990
123000606,0,376,-376
123000609,26,263,-237
123000610,135,104,31
123000613,6,61,-55
123000615,76,132,-56
123000616,176,59,117
123000617,90,293,-203
123000618,83,403,-320
123000619,525,63,462
123000620,60,1424,-1364
123000622,949,67,882
123000624,157,61,96
123000630,1601,672,929
123000631,3580,2682,898
123000632,1896,1499,397
123000633,58,539,-481
123000634,64,79,-15
123000635,120,93,27
123000636,62,413,-351
123000637,177,19,158
123000638,462,88,374
123000639,1662,3507,-1845
123000640,28,658,-630
123000648,1028,364,664
123000649,284,911,-627
123000650,598,162,436
123000651,268,465,-197
123000652,535,71,464
123000653,102,360,-258
123000654,237,560,-323
123000655,154,323,-169
123000656,706,114,592
123000657,13,78,-65
123000658,181,8,173
123900001,1048,42,1006
123900002,25,1513,-1488
123900003,316,360,-44
123900005,166,114,52
123900006,204,35,169
124000001,1493,132,1361
124000002,11,779,-768
124000003,663,162,501
124000004,62,471,-409
124000005,741,415,326
124000006,261,1097,-836
124000007,387,113,274
124000008,9,460,-451
124000009,548,212,336
124000010,189,527,-338
124000011,704,219,485
124000012,254,488,-234
124000017,124,125,-1
124000018,52,87,-35
124000019,128,153,-25
124000020,49,179,-130
124000021,88,70,18
124000022,97,228,-131
124000023,682,147,535
124000024,964,519,445
124000025,584,380,204
124000026,619,481,138
124000027,1259,709,550
124000028,2192,972,1220
124000031,1432,2087,-655
124000032,2413,1246,1167
124000033,882,440,442
124000034,628,1161,-533
124000035,386,134,252
124000036,165,587,-422
124000037,414,879,-465
124000038,49,101,-52
124000039,1099,455,644
124000040,707,1031,-324
124000041,352,65,287
124000042,95,399,-304
124000043,107,108,-1
124000044,84,202,-118
124000045,716,524,192
124000046,283,689,-406
124000047,1151,912,239
124000048,985,1240,-255
124000049,1305,621,684
124000050,690,1776,-1086
124000051,876,476,400
124000052,766,927,-161
124000053,528,1319,-791
124000054,991,530,461
124000055,1196,1995,-799
124000056,2305,1566,739
124000057,800,507,293
124000058,472,1331,-859
124000059,493,906,-413
124000060,980,613,367
124000061,1279,4076,-2797
124000062,6233,1879,4354
124000063,1549,1811,-262
124000064,2176,1556,620
124000065,185,452,-267
124000066,346,82,264
124000067,109,210,-101
124000068,81,126,-45
124000069,594,288,306
124000070,240,524,-284
124000071,140,87,53
124000072,198,335,-137
124000073,771,191,580
124000074,272,673,-401
124000075,175,30,145
124000076,9,174,-165
124000077,1997,603,1394
124000078,2523,1109,1414
124000079,403,848,-445
124000080,355,177,178
124000081,137,413,-276
124000082,56,139,-83
124000083,69,102,-33
124000084,118,304,-186
124000085,118,43,75
124000086,64,73,-9
124000087,177,82,95
124000088,135,220,-85
124000089,753,283,470
124000090,112,365,-253
124000091,535,143,392
124000092,87,652,-565
124000093,77,60,17
124000094,96,425,-329
124000095,77,61,16
124000096,186,229,-43
124000097,117,132,-15
124000098,91,116,-25
124000099,334,97,237
124000100,73,106,-33
124000101,57,119,-62
124000102,154,71,83
124000103,88,81,7
124000104,142,53,89
124000105,58,77,-19
124000106,185,76,109
124000107,20,128,-108
124000108,70,40,30
124000109,85,110,-25
124000110,274,114,160
124000111,169,156,13
124000112,533,709,-176
124000113,85,77,8
124000114,312,472,-160
124000115,338,628,-290
124000116,124,99,25
124000117,63,80,-17
124000118,37,101,-64
124000119,765,404,361
124000120,407,395,12
124000121,1907,818,1089
124000122,439,1177,-738
124000123,818,440,378
124000124,432,957,-525
124000125,328,391,-63
124000126,258,558,-300
124000127,669,365,304
124000128,455,905,-450
124000129,1750,1311,439
124000130,768,681,87
124000131,822,446,376
124000132,810,867,-57
124000133,718,746,-28
124000134,803,732,71
124000135,1436,1437,-1
124000136,834,1056,-222
124000137,1121,503,618
124000138,1371,1201,170
124000139,684,44,640
124000140,80,567,-487
124000141,548,32,516
124000142,54,621,-567
124000143,139,13,126
124000144,3,171,-168
124000145,84,40,44
124000146,12,105,-93
124000148,9,88,-79
124000149,940,444,496
124000150,333,542,-209
124000151,675,424,251
124000152,772,1302,-530
124000153,543,605,-62
124000154,353,728,-375
124000155,995,833,162
124000156,1655,922,733
124000169,169,382,-213
124000170,394,387,7
124000171,277,237,40
124000172,241,503,-262
124000173,436,212,224
124000174,342,512,-170
124000175,3,72,-69
124000176,39,12,27
124000177,2,24,-22
124000178,20,29,-9
124000185,58,13,45
124000186,9,52,-43
124000187,9,95,-86
124000188,61,11,50
124000190,146,30,116
124000191,191,68,123
124000192,1725,325,1400
124000193,417,816,-399
124000194,362,410,-48
124000195,231,448,-217
124000196,999,937,62
124000197,54,44,10
124000198,34,27,7
124000201,453,807,-354
124000202,637,316,321
124000203,308,625,-317
124000204,725,354,371
124000205,56,511,-455
124000206,541,306,235
124000207,0,50,-50
124000209,151,320,-169
124000210,340,110,230
124000211,465,2,463
124000212,0,461,-461
124000213,317,330,-13
124000214,287,467,-180
124000215,469,49,420
124000216,5,405,-400
124000329,153,1683,-1530
124000338,58,734,-676
124000339,700,122,578
124000341,1223,127,1096
124000344,25,2,23
124000357,1243,2875,-1632
124000358,1324,2573,-1249
124000359,964,726,238
124000360,668,487,181
124000361,1396,674,722
124000362,1269,1375,-106
124000363,339,343,-4
124000364,631,822,-191
124000365,691,1153,-462
124000366,1882,1336,546
124000367,122,486,-364
124000368,449,355,94
124000369,97,104,-7
124000370,48,425,-377
124000402,35,7,28
124000403,104,9,95
124000404,9,109,-100
124000405,854,653,201
124000406,666,765,-99
124000407,2,34,-32
124000411,3,343,-340
124000412,360,8,352
124000413,374,36,338
124000414,70,114,-44
124000415,51,176,-125
124000416,164,292,-128
124000417,165,104,61
124000418,118,128,-10
124000419,100,135,-35
124000420,75,78,-3
124000421,47,228,-181
124000422,26,16,10
124000423,142,29,113
124000424,8,149,-141
124000425,109,16,93
124000426,7,159,-152
124000427,168,8,160
124000428,18,42,-24
124000429,65,81,-16
124000430,560,518,42
124000431,287,432,-145
124000432,151,635,-484
124000439,25,7,18
124000443,1,80,-79
124000445,497,733,-236
124000446,1695,79,1616
124000447,26,108,-82
124000448,42,11,31
124000449,130,7,123
124000450,22,219,-197
124000451,2,141,-139
124000452,508,75,433
124000453,2152,3462,-1310
124000454,3024,4476,-1452
124000455,11,1159,-1148
124000456,506,8,498
124000457,53,527,-474
124000458,21,267,-246
124000459,315,6,309
124000460,2,278,-276
124900001,403,311,92
124900002,131,317,-186
124900003,808,738,70
124900004,442,388,54
124900005,211,144,67
124900006,547,417,130
124900008,1105,524,581
124900009,158,230,-72
124900010,130,67,63
124900011,362,263,99
124900012,351,93,258
124900013,381,163,218
124900014,251,66,185
124900015,119,289,-170
124900016,67,55,12
124900017,642,1310,-668
124900018,46,31,15
124900020,69,64,5
124900021,220,41,179
124900022,44,13,31
124900024,159,35,124
124900026,203,26,177
124900027,100,249,-149
124900028,273,90,183
124900029,9,392,-383
124900030,7,70,-63
124900031,42,241,-199
124900032,147,163,-16
124900033,67,228,-161
124900034,0,58,-58
124900035,162,309,-147
124900036,2,27,-25
124900037,140,221,-81
124900038,250,388,-138
124900039,8,42,-34
124900040,130,85,45
124900041,260,1036,-776
124900042,106,5,101
124900043,402,1016,-614
124900044,42,3,39
124900045,509,1014,-505
124900047,151,141,10
124900048,193,121,72
124900050,176,233,-57
124900052,139,311,-172
124900053,97,260,-163
124900054,2189,390,1799
124900055,2,140,-138
124900057,12,599,-587
124900060,57,142,-85
124900061,91,13,78
124900062,146,17,129
124900066,0,11,-11
124900067,11,163,-152
124900068,164,326,-162
124900070,53,20,33
124900072,92,65,27
124900075,161,203,-42
124900076,32,869,-837
124900077,21,82,-61
124900078,73,8,65
124900079,595,156,439
124900080,281,666,-385
124900081,645,261,384
124900082,350,950,-600
124900083,219,565,-346
124900085,1173,260,913
124900086,44,914,-870
124900087,667,79,588
124900088,533,96,437
124900089,1386,42,1344
124900090,182,218,-36
124900091,253,385,-132
124900092,195,306,-111
124900093,249,160,89
124900094,259,204,55
124900095,76,377,-301
124900096,442,206,236
124900097,223,60,163
124900098,95,292,-197
124900099,479,416,63
124900100,263,74,189
124900101,118,254,-136
124900102,160,40,120
124900103,121,211,-90
124900104,92,188,-96
124900105,126,111,15
124900106,254,58,196
124900107,99,13,86
124900108,191,71,120
124900111,3,60,-57
124900112,39,405,-366
124900113,127,251,-124
124900114,170,121,49
124900115,39,32,7
124900116,130,93,37
124900117,285,65,220
124900118,161,181,-20
124900119,322,187,135
124900120,56,318,-262
124900121,139,317,-178
124900122,326,234,92
124900123,388,109,279
124900124,104,326,-222
124900125,913,5,908
124900126,1,632,-631
204000001,120,16,104
204000002,24,11,13
204000003,25,8,17
204000004,3,1,2
204000005,726,709,17
204000006,1324,1493,-169
204000011,9,50,-41
204000012,28,134,-106
204000019,585,600,-15
204000020,611,630,-19
204000021,1626,702,924
204000022,584,461,123
204000023,487,965,-478
204000031,130,24,106
204000032,621,28,593
204000034,30,68,-38
204000035,0,2,-2
204000036,10,20,-10
204000037,5,19,-14
204000038,0,14,-14
204000039,8,25,-17
204000040,5,17,-12
204000041,9,18,-9
204000042,23,13,10
204000043,34,2,32
204000044,29,2,27
204000045,25,2,23
204000046,10,4,6
204000057,6,15,-9
204000062,47,87,-40
204000068,75,263,-188
204000069,41,303,-262
204000070,103,137,-34
204000080,53,60,-7
204000085,2170,1859,311
204000086,2990,2297,693
204000087,40,13,27
204000088,4,96,-92
204000090,25,131,-106
204000093,57,63,-6
204000096,645,1151,-506
204000097,232,13,219
204000099,997,1567,-570
204000100,1069,2116,-1047
204000105,2448,1627,821
204000110,1202,1091,111
204000111,474,596,-122
204000112,721,556,165
204000113,528,597,-69
204000114,664,623,41
204000115,445,328,117
204000116,713,468,245
204000119,2124,2771,-647
204000132,628,416,212
204000133,889,470,419
204000134,201,207,-6
204000135,637,118,519
204000136,713,250,463
204000138,437,455,-18
204000140,290,181,109
204000141,169,83,86
204000144,14,37,-23
204000145,457,28,429
204000146,96,825,-729
204000147,200,220,-20
204000148,727,38,689
204000154,7,1,6
204000155,0,1,-1
204000177,58,45,13
204000179,6,3,3
204000180,0,61,-61
204000222,5,5,0
204000236,67,513,-446
204000238,18,27,-9
204000240,589,118,471
204000263,727,1170,-443
204000268,1075,775,300
204000308,21,5,16
204000317,11,66,-55
204000322,35,57,-22
204000323,147,38,109
204000328,327,175,152
204000329,185,391,-206
204000330,219,121,98
204000331,208,408,-200
205000001,1072,1879,-807
205000013,2,82,-80
205000014,40,98,-58
205000015,43,224,-181
205000016,13,188,-175
205000017,25,84,-59
205000022,374,959,-585
205000025,1600,1320,280
205000029,152,11,141
205000045,134,314,-180
205000046,86,702,-616
205000047,50,521,-471
205000048,406,1402,-996
205000049,193,1006,-813
205000050,1100,390,710
205000059,0,246,-246
205000060,1,109,-108
205000061,7,88,-81
205000062,2,88,-86
205000063,16,66,-50
205000064,18,107,-89
205000065,43,506,-463
205000066,115,956,-841
205000067,46,1024,-978
205000069,194,16,178
205000082,179,239,-60
205000110,110,314,-204
205000111,218,301,-83
205000112,179,195,-16
205000113,216,331,-115
205000121,233,89,144
205000123,44,198,-154
205000126,457,176,281
205000127,685,237,448
205000128,610,171,439
205000129,920,152,768
205000130,768,57,711
205000131,255,6,249
205000132,653,4,649
205000133,414,1,413
205000134,318,0,318
205000137,55,177,-122
205000138,183,320,-137
205000139,29,136,-107
205000144,68,60,8
205000145,249,206,43
205000151,176,61,115
205000152,188,31,157
205000153,225,72,153
205000154,86,60,26
205000155,147,17,130
205000207,12,122,-110
205000233,45,2,43
205000234,0,3,-3
205000243,14,0,14
205000244,0,8,-8
205000245,13,132,-119
205000249,0,23,-23
205000250,2,1,1
205000264,3,92,-89
206000027,6,3,3
206000028,4,1,3
206000043,14,44,-30
206000053,4,8,-4
206000054,0,30,-30
206000055,3,18,-15
206000075,6,7,-1
206000076,15,15,0
206000077,17,9,8
206000078,7,9,-2
206000079,17,12,5
206000082,254,41,213
206000100,34,330,-296
206000103,18,10,8
206000104,19,21,-2
206000105,11,11,0
206000106,7,26,-19
206000125,46,0,46
206000157,66,416,-350
206000170,2,124,-122
206000171,0,166,-166
206000172,4,396,-392
206000173,0,236,-236
206000174,7,73,-66
206000175,2,146,-144
206000176,17,138,-121
206000177,2,130,-128
206000178,7,108,-101
206000179,19,70,-51
206000180,6,102,-96
206000181,2,135,-133
206000182,13,144,-131
206000183,21,438,-417
206000184,5,241,-236
206000185,8,166,-158
206000186,102,948,-846
206000223,10,171,-161
206000226,6,5,1
206000227,15,2,13
206000237,21,228,-207
206000238,31,425,-394
206000239,280,1620,-1340
206000240,5,45,-40
206000241,0,66,-66
206000242,18,222,-204
206000243,6,173,-167
206000244,100,470,-370
206000245,528,71,457
206000246,140,23,117
206000247,114,5,109
206000248,290,20,270
206000252,62,37,25
206000258,38,28,10
206000315,28,3,25
206000317,316,108,208
206000318,335,87,248
206000319,842,99,743
206000320,104,37,67
206000321,107,8,99
206000322,290,14,276
206000323,102,13,89
206000324,122,8,114
206000325,102,11,91
206000326,100,10,90
206000327,337,7,330
206000328,129,10,119
206000329,192,11,181
206000330,18,8,10
206000331,120,4,116
206000332,39,11,28
206000333,423,0,423
206000334,190,1,189
206000335,0,11,-11
206000361,1,132,-131
206000392,3,14,-11
206000405,93,2,91
206000441,14,21,-7
206000498,27,5,22
206000515,74,51,23
206000530,157,52,105
206000531,141,168,-27
206000532,1274,260,1014
206000535,311,1379,-1068
206000536,23,166,-143
206000537,38,166,-128
206000613,919,215,704
206000784,315,31,284
207000001,156,503,-347
207000002,100,277,-177
207000003,206,141,65
207000007,800,275,525
207000008,74,17,57
207000009,59,47,12
207000010,519,435,84
207000012,241,224,17
207000015,316,1378,-1062
207000019,323,86,237
207000021,523,148,375
207000022,140,132,8
207000023,153,44,109
207000024,3,17,-14
207000025,27,69,-42
207000026,80,35,45
207000027,22,53,-31
207000028,52,159,-107
207000029,165,377,-212
207000033,259,329,-70
207000034,244,71,173
207000039,323,161,162
207000040,225,107,118
207000041,56,25,31
207000042,164,79,85
207000043,207,156,51
207000051,161,221,-60
207000052,23,146,-123
207000053,452,487,-35
207000054,45,117,-72
207000055,181,142,39
207000056,264,340,-76
207000057,180,248,-68
207000058,175,352,-177
207000059,95,651,-556
207000060,70,259,-189
207000061,221,356,-135
207000062,257,51,206
207000063,349,231,118
207000064,334,208,126
207000065,308,236,72
207000066,215,210,5
207000067,76,124,-48
207000068,150,87,63
207000069,633,367,266
207000082,11,281,-270
207000083,89,305,-216
207000084,233,265,-32
207000085,177,14,163
207000086,220,5,215
207000106,50,22,28
207000107,50,20,30
207000108,71,16,55
207000109,63,13,50
207000110,56,73,-17
207000111,65,79,-14
207000112,159,501,-342
207000114,21,35,-14
207000115,24,86,-62
207000116,30,386,-356
207000117,3,117,-114
207000118,5,57,-52
207000119,45,66,-21
207000123,201,22,179
207000124,42,20,22
207000125,70,78,-8
207000126,43,89,-46
207000134,84,161,-77
207000135,20,242,-222
207000148,41,217,-176
207000149,118,52,66
207000152,120,340,-220
207000153,897,1223,-326
207000154,431,137,294
207000159,145,216,-71
207000160,196,487,-291
207000238,1,218,-217
207000242,4,151,-147
207000248,46,15,31
207000249,187,46,141
207000250,626,58,568
207000251,80,80,0
207000252,54,67,-13
207000278,78,94,-16
207000279,34,149,-115
207000280,404,73,331
207000281,116,983,-867
207000282,145,66,79
207000283,108,165,-57
207000284,78,152,-74
207000285,137,50,87
207000291,14,106,-92
207000304,95,54,41
207000306,122,402,-280
207000310,48,52,-4
207000353,313,6,307
207000356,13,18,-5
207000357,21,8,13
207000358,9,10,-1
207000415,6,195,-189
207000417,81,5,76
207000418,111,180,-69
207000438,0,1,-1
207000439,1038,559,479
207000446,129,3,126
207000460,19,11,8
207000466,191,149,42
207000467,191,81,110
207000468,76,413,-337
207000476,9,49,-40
207000477,470,64,406
207000478,0,13,-13
207000523,0,9,-9
207000524,112,0,112
207000527,132,173,-41
207000530,448,19,429
207000531,330,16,314
207000532,49,15,34
207000534,458,25,433
207000535,79,345,-266
207000537,23,116,-93
207000540,8,216,-208
207000541,5,327,-322
207000548,6,261,-255
207000549,274,14,260
207000561,141,143,-2
207000562,33,169,-136
207000567,182,223,-41
207000568,194,74,120
207000569,362,673,-311
207000584,304,153,151
207000585,43,296,-253
207000587,95,34,61
207000616,0,169,-169
207000617,103,0,103
207000624,101,59,42
207000631,10,106,-96
207900008,207,155,52
208000001,549,830,-281
208000002,902,467,435
208000003,963,438,525
208000004,1173,640,533
208000005,11,13,-2
208000019,660,1041,-381
208000020,145,552,-407
208000021,236,348,-112
208000022,1168,464,704
208000028,1137,742,395
208000033,561,380,181
208000034,1018,1162,-144
208000037,332,28,304
208000040,116,176,-60
208000041,847,505,342
208000042,1199,691,508
208000047,146,290,-144
208000064,2208,1484,724
208000066,1707,1853,-146
208000070,271,400,-129
208000071,304,964,-660
208000072,287,1394,-1107
208000080,306,330,-24
208000081,285,143,142
208000082,295,344,-49
208000083,137,465,-328
208000084,50,13,37
208000085,1021,635,386
208000086,571,1201,-630
208000087,801,900,-99
208000089,1019,435,584
208000090,874,578,296
208000093,208,101,107
208000094,458,414,44
208000095,637,406,231
208000104,759,1108,-349
208000105,645,1219,-574
208000114,76,272,-196
208000115,496,322,174
208000116,524,925,-401
208000117,191,159,32
208000118,103,78,25
208000155,716,1148,-432
208000158,1369,3099,-1730
208000186,4048,3786,262
208000204,570,953,-383
208000205,1106,1027,79
208000282,6153,2672,3481
209000004,231,175,56
209000005,51,29,22
209000006,438,138,300
209000007,299,272,27
209000010,415,141,274
209000011,194,245,-51
209000012,100,124,-24
209000013,238,361,-123
209000014,575,995,-420
209000025,233,55,178
209000026,687,169,518
209000027,667,806,-139
209000028,401,596,-195
209000029,693,559,134
209000030,610,1182,-572
209000031,2474,1940,534
209000034,167,205,-38
209000035,103,184,-81
209000036,144,117,27
209000037,208,236,-28
209000038,83,148,-65
209000039,55,148,-93
209000040,206,538,-332
209000041,167,400,-233
209000042,146,427,-281
209000043,631,845,-214
209000044,191,734,-543
209000045,1692,490,1202
209000046,480,498,-18
209000047,535,195,340
209000048,499,313,186
209000049,116,147,-31
209000050,241,174,67
209000051,363,448,-85
209000052,200,362,-162
209000062,34,110,-76
209000063,91,76,15
209000064,42,90,-48
209000065,55,35,20
209000066,36,32,4
209000067,75,78,-3
209000080,35,264,-229
209000082,72,56,16
209000091,45,108,-63
209000093,37,23,14
209000094,227,180,47
209000110,28,88,-60
209000111,342,1235,-893
209000112,802,513,289
209000113,1403,418,985
209000114,449,362,87
209000115,80,197,-117
209000116,688,474,214
209000118,31,31,0
209000119,55,12,43
209000121,156,383,-227
209000135,46,155,-109
209000142,545,1213,-668
209000143,123,78,45
209000144,49,86,-37
209000229,274,171,103
209000240,75,403,-328
209000259,107,155,-48
209000260,36,718,-682
209000261,4,413,-409
209000262,0,380,-380
209000263,0,135,-135
209000264,0,48,-48
209000265,359,2,357
209000266,94,0,94
209000267,655,5,650
209000268,468,42,426
210000037,51,18,33
210000047,52,16,36
210000048,77,20,57
210000049,21,13,8
210000052,47,68,-21
210000053,44,55,-11
210000054,85,89,-4
210000070,90,1,89
210000071,69,0,69
210000072,24,0,24
210000073,0,31,-31
210000074,0,90,-90
210000075,1,60,-59
210000076,5,96,-91
210000077,16,33,-17
210000078,45,32,13
210000079,35,9,26
210000080,119,54,65
210000081,136,18,118
210000082,141,1,140
210000083,116,1,115
210000084,56,0,56
210000085,0,104,-104
210000086,2,113,-111
210000099,26,219,-193
210000100,42,175,-133
210000101,78,166,-88
210000105,44,194,-150
210000159,3,148,-145
210000163,159,216,-57
210000164,209,112,97
210000168,114,20,94
210000187,0,18,-18
210000188,1,24,-23
210000214,60,0,60
210000219,27,50,-23
210000220,87,43,44
210000232,1,19,-18
210000233,42,58,-16
210000234,21,138,-117
210000235,41,82,-41
210000245,0,42,-42
210000246,55,23,32
210000258,8,118,-110
210000259,287,48,239
210000282,106,204,-98
210000285,1,98,-97
210000286,7,172,-165
210000290,2,13,-11
210000295,56,133,-77
210000296,52,45,7
210000320,139,40,99
210000321,106,55,51
210000338,69,52,17
210000339,317,1039,-722
210000340,149,311,-162
210000341,177,186,-9
210000342,189,168,21
210000343,257,142,115
210000344,229,85,144
210000345,126,152,-26
210000346,91,92,-1
210000347,129,26,103
210000348,112,13,99
210000349,121,21,100
210000350,73,66,7
210000351,109,101,8
210000352,32,72,-40
210000353,26,87,-61
210000354,47,89,-42
210000355,39,69,-30
210000356,53,37,16
210000357,86,27,59
210000358,215,110,105
210000359,96,76,20
210000360,129,87,42
210000361,175,131,44
210000362,217,206,11
210000363,734,230,504
210000364,82,110,-28
210000365,118,74,44
210000366,118,36,82
210000367,129,32,97
210000368,164,55,109
210000369,21,15,6
210000370,43,23,20
210000372,33,47,-14
210000373,66,12,54
210000374,53,14,39
210000375,22,59,-37
210000376,61,132,-71
210000404,48,121,-73
210000439,24,38,-14
210000472,65,1,64
210000482,92,63,29
210000564,383,219,164
210000567,1,62,-61
210000568,265,1,264
211000092,29,74,-45
211000094,16,8,8
211000169,234,10,224
211000172,13,235,-222
211000209,1,17,-16
211000226,20,18,2
211000270,21,35,-14
211000275,22,16,6
211000276,64,26,38
211000279,14,47,-33
211000281,50,30,20
211000302,24,60,-36
211507980,2,32,-30
211977296,23,8,15
212000003,140,35,105
212000004,59,31,28
212000005,21,27,-6
212000006,55,48,7
212000008,174,210,-36
212000009,22,141,-119
212000012,56,60,-4
212000013,26,47,-21
212000014,219,157,62
212000015,245,268,-23
212000016,408,503,-95
212000027,410,412,-2
212000028,236,444,-208
212000029,171,268,-97
212000030,25,28,-3
212000031,43,59,-16
212000048,28,126,-98
212000049,20,94,-74
212000050,17,8,9
212000051,173,245,-72
212000052,184,405,-221
212000053,362,817,-455
212000054,153,151,2
212000055,184,244,-60
212000056,11,58,-47
212000057,9,37,-28
212000058,286,35,251
212000070,108,264,-156
212000077,158,753,-595
212000099,211,273,-62
212000108,157,136,21
212000111,199,115,84
212000120,97,106,-9
212000138,97,32,65
212000156,8,131,-123
212000158,11,22,-11
212000159,227,59,168
212000160,443,278,165
212000161,51,12,39
212000310,68,14,54
212000311,10,77,-67
212000374,26,12,14
213000001,20,357,-337
213000005,327,117,210
213000006,775,248,527
213000007,146,10,136
213000009,907,400,507
213000010,207,263,-56
213000011,268,111,157
213000012,112,325,-213
213000014,68,6,62
213000015,152,8,144
213000016,331,1,330
213000017,90,26,64
213000018,2,203,-201
213000019,0,179,-179
213000020,99,295,-196
213000021,10,135,-125
213000023,219,134,85
213000033,294,1459,-1165
213000034,741,258,483
213000035,115,301,-186
213000045,175,256,-81
213000046,253,194,59
213000047,671,1062,-391
213000056,100,42,58
213000069,142,2,140
213000073,0,15,-15
213000074,47,327,-280
213000075,534,8,526
213000076,72,1,71
213000085,12,40,-28
213000086,23,172,-149
213000091,108,18,90
213000092,65,14,51
213000099,154,1072,-918
213000100,1103,217,886
213000101,280,150,130
213000102,334,349,-15
213000103,748,807,-59
213000104,42,347,-305
213000105,1,152,-151
213000106,36,125,-89
213000107,149,599,-450
213000108,26,474,-448
213000109,3,270,-267
213000110,10,85,-75
213000111,15,65,-50
213000112,131,84,47
213000115,49,15,34
213000116,32,444,-412
213000117,5,723,-718
213000118,268,221,47
213000119,65,727,-662
213000120,110,447,-337
213000122,155,541,-386
213000123,363,1043,-680
213000124,111,1008,-897
213000125,89,33,56
213000126,48,114,-66
213000127,149,150,-1
213000128,426,943,-517
213000129,306,525,-219
213000130,306,252,54
213000132,203,104,99
213000133,330,104,226
213000134,667,32,635
213000136,458,43,415
213000137,430,86,344
213000139,725,37,688
213000147,98,7,91
213000148,35,9,26
213000149,51,8,43
213000150,0,80,-80
213000151,3,67,-64
213000152,8,78,-70
213000153,3,48,-45
213000154,21,212,-191
213000155,16,233,-217
213000156,90,660,-570
213000157,483,481,2
213000158,246,677,-431
213000159,327,628,-301
213000163,550,71,479
213000165,511,233,278
213000171,36,152,-116
213000172,50,304,-254
213000173,5,109,-104
213000174,0,23,-23
213000175,18,25,-7
213000176,7,120,-113
213000177,2,25,-23
213000178,28,6,22
213000179,120,37,83
213000180,152,107,45
213000184,93,355,-262
213000188,301,112,189
213000189,212,36,176
213000190,845,732,113
213000191,282,472,-190
213000192,175,401,-226
213000193,991,247,744
213000194,2,54,-52
213000195,11,457,-446
213000196,281,1079,-798
213000197,282,664,-382
213000198,96,1,95
213000200,119,914,-795
213000201,83,52,31
213000202,10,591,-581
213000203,3354,633,2721
213000204,761,66,695
213000205,199,93,106
213000206,398,65,333
213000207,129,11,118
213000208,138,1,137
213000209,163,1,162
213000210,598,3,595
213000211,2,21,-19
213000212,29,20,9
213000213,33,44,-11
213000218,219,574,-355
213000219,372,13,359
213000220,350,12,338
213000223,166,239,-73
213000224,36,72,-36
213000225,83,5,78
213000226,65,12,53
213000227,764,252,512
213000228,241,96,145
213000229,557,38,519
213000230,707,26,681
213000232,86,888,-802
213000233,4,29,-25
213000234,2,44,-42
213000293,30,61,-31
213000294,148,32,116
213000295,39,61,-22
213000296,83,16,67
213000297,7,126,-119
213000298,31,85,-54
213000299,37,54,-17
213000300,20,9,11
213000303,5,28,-23
213000304,5,4,1
213000305,8,11,-3
213000306,75,33,42
213000307,247,64,183
213000308,121,184,-63
213000309,146,49,97
213000310,251,123,128
213000311,302,532,-230
213000315,86,123,-37
213000316,507,76,431
213000322,17,33,-16
213000323,13,25,-12
213000340,150,649,-499
213000341,376,160,216
213000346,168,160,8
213000347,677,269,408
213000348,13,79,-66
213000349,24,11,13
213000350,293,968,-675
213000366,97,331,-234
213000367,213,43,170
213000379,125,39,86
213000386,13,238,-225
213000406,61,300,-239
213000417,919,409,510
213000425,84,35,49
213000426,81,34,47
213000427,25,143,-118
213000428,30,162,-132
213000429,33,12,21
213000430,52,554,-502
213000431,213,8,205
213000432,1,25,-24
213000433,17,117,-100
213000434,76,79,-3
213000435,56,67,-11
213000439,75,20,55
213000441,4,1,3
213000443,452,388,64
213000445,0,67,-67
213000446,0,21,-21
213000447,2,47,-45
213000448,11,120,-109
213000449,156,5,151
213000450,10,59,-49
213000451,148,88,60
213000452,27,21,6
213000453,45,262,-217
213000455,431,7,424
213000456,0,223,-223
213000481,55,7,48
213000482,53,5,48
213000489,361,71,290
213000491,1,180,-179
213000492,429,1,428
213000493,0,73,-73
213000494,162,99,63
213000495,0,8,-8
213000496,415,119,296
213000497,45,198,-153
213000498,71,147,-76
213000499,141,300,-159
213000500,185,55,130
213000501,108,20,88
213000502,192,81,111
213000503,0,31,-31
213000504,3,38,-35
213000505,6,94,-88
213000506,0,2,-2
213000507,1,86,-85
213900244,25,0,25
213900245,0,25,-25
218000003,31,23,8
218000004,26,31,-5
218000005,59,27,32
218000006,79,26,53
218000007,21,18,3
218000012,162,177,-15
218000013,95,152,-57
218000014,366,490,-124
218000019,725,547,178
218000020,267,428,-161
218000040,3,5,-2
218000046,39,120,-81
218000047,15,185,-170
218000048,69,146,-77
218000049,92,146,-54
218000050,246,277,-31
218000051,48,289,-241
218000052,0,115,-115
218000053,0,14,-14
218000054,5,20,-15
218000055,4,8,-4
218000056,8,26,-18
218000057,6,26,-20
218000064,3,5,-2
218000065,83,26,57
218000066,14,44,-30
218000067,51,95,-44
218000068,103,87,16
218000069,154,207,-53
218000070,203,231,-28
218000071,210,226,-16
218000072,276,164,112
218000078,721,938,-217
218000079,69,83,-14
218000080,62,95,-33
218000081,242,228,14
218000082,32,150,-118
218000083,33,82,-49
218000084,105,130,-25
218000085,133,314,-181
218000086,39,154,-115
218000087,116,177,-61
218000090,10,115,-105
218000091,746,533,213
218000092,63,176,-113
218000093,103,68,35
218000094,438,722,-284
218000099,172,627,-455
218000100,217,245,-28
218000101,220,136,84
218000102,345,249,96
218000103,94,151,-57
218000104,83,31,52
218000105,14,20,-6
218000106,8,11,-3
218000107,45,88,-43
218000108,3,54,-51
218000112,48,9,39
218000117,43,46,-3
218000134,356,591,-235
218000135,46,79,-33
218000136,95,61,34
218000137,149,144,5
218000138,33,103,-70
218000139,139,277,-138
218000140,341,182,159
218000141,81,40,41
218000142,199,134,65
218000143,63,161,-98
218000144,58,62,-4
218000145,251,361,-110
218000146,41,150,-109
218000151,3,29,-26
218000152,200,45,155
218000170,15,38,-23
218000171,41,12,29
218000172,51,18,33
218000173,66,7,59
218000174,29,4,25
218000176,150,10,140
218000177,261,173,88
218000178,87,193,-106
218000179,127,112,15
218000180,77,23,54
218000181,182,44,138
218000187,12,25,-13
218000188,35,52,-17
218000189,19,38,-19
218000190,2,7,-5
218000191,140,57,83
218000192,155,199,-44
218000193,335,304,31
218000194,79,263,-184
218000195,86,71,15
218000196,222,328,-106
218000197,177,302,-125
218000198,110,135,-25
218000199,39,17,22
218000200,57,40,17
218000201,10,10,0
218000202,66,233,-167
218000207,16,39,-23
218000208,60,39,21
218000211,98,11,87
218000213,96,78,18
218000214,1,27,-26
218000215,48,48,0
218000217,3,125,-122
218000218,90,67,23
218000219,42,14,28
218000220,117,268,-151
218000221,844,205,639
218000222,22,28,-6
218000223,30,253,-223
218000224,15,118,-103
218000225,191,22,169
218000226,150,53,97
218000232,26,65,-39
218000239,225,7,218
218000240,24,2,22
218000241,40,1,39
218000242,81,5,76
218000243,122,2,120
218000244,46,6,40
218000245,15,3,12
218000246,10,1,9
218000247,1,0,1
218000248,1,17,-16
218000249,0,2,-2
218000250,3,14,-11
218000251,6,31,-25
218000252,2,27,-25
218000253,4,14,-10
218000254,1,11,-10
218000255,3,14,-11
218000256,7,56,-49
218000267,597,933,-336
218000268,16,49,-33
218000269,3,10,-7
218000270,95,55,40
218000271,22,56,-34
218000273,9,10,-1
218000274,13,5,8
218000275,35,66,-31
218000276,7,47,-40
218000278,22,51,-29
218000279,67,74,-7
218000280,42,43,-1
218000281,11,16,-5
218000282,490,402,88
218000284,101,18,83
218000301,83,94,-11
218000302,76,45,31
218000303,32,50,-18
218000316,685,1101,-416
218000317,796,1227,-431
218000318,477,957,-480
218000319,887,1093,-206
218000320,704,596,108
218000338,49,26,23
218000345,139,60,79
218000346,96,163,-67
218000459,39,258,-219
218000490,32,30,2
218000501,136,32,104
218000502,34,74,-40
218000503,119,20,99
218000504,249,41,208
218000505,52,195,-143
218000506,26,312,-286
218000508,4,4,0
218000510,182,11,171
218000520,116,116,0
218000521,8,52,-44
218000522,0,96,-96
218000523,216,5,211
218000524,21,123,-102
218000525,132,8,124
218000526,46,107,-61
218000529,44,168,-124
218000531,8,29,-21
218000532,35,18,17
218000534,137,21,116
218000537,15,58,-43
218000538,104,137,-33
218000540,230,58,172
218000543,112,47,65
218000544,56,88,-32
218000545,60,75,-15
218000546,51,65,-14
218000547,86,98,-12
218000548,122,83,39
218000549,390,267,123
218000550,227,250,-23
218000551,114,990,-876
218000552,572,55,517
218000553,33,83,-50
218000554,55,22,33
218000555,51,42,9
218000556,218,257,-39
218000557,353,239,114
218000558,51,0,51
218000559,0,22,-22
218000560,0,13,-13
218000561,27,0,27
218000562,20,153,-133
218000563,184,9,175
218000564,8,78,-70
218000565,163,16,147
218000566,187,19,168
218000567,0,54,-54
218000568,5,4,1
218000569,4,93,-89
218000570,74,6,68
218000571,0,144,-144
218000572,130,2,128
218000573,11,63,-52
218000574,98,38,60
218000575,116,0,116
218000576,1,75,-74
218000577,144,0,144
218000578,1,69,-68
218000585,40,1,39
218000586,3,37,-34
218000587,36,37,-1
218000589,1,2,-1
218000590,6,7,-1
218000591,73,8,65
218000592,9,1,8
218000593,23,2,21
218000594,47,8,39
218000597,11,0,11
218000598,0,1,-1
218000599,94,4,90
218000600,7,1,6
218000601,27,3,24
218000602,61,26,35
218000603,0,6,-6
218000604,65,19,46
218000605,1,170,-169
218000606,451,0,451
218000607,16,33,-17
218000608,17,70,-53
218000609,10,63,-53
218000610,24,74,-50
218000611,84,29,55
218000612,8,79,-71
218000613,93,85,8
218000614,10,25,-15
218000615,218,34,184
218000616,8,140,-132
218000617,56,2,54
218000618,2,30,-28
218000619,49,22,27
218000620,1,12,-11
218000621,0,2,-2
218000622,0,5,-5
218000623,151,2,149
218000624,11,5,6
218000625,24,0,24
218000626,0,2,-2
218000628,160,45,115
218000631,74,17,57
218000632,1,108,-107
218000633,72,0,72
218000634,7,15,-8
218000635,16,8,8
218000636,730,1158,-428
218000637,647,594,53
218000638,90,35,55
218000639,7,136,-129
218000640,143,27,116
218000641,83,219,-136
218000652,49,80,-31
218000653,108,52,56
218000663,6,213,-207
218000675,43,53,-10
218000680,261,440,-179
218000681,509,148,361
218000691,142,280,-138
218000693,230,158,72
218000718,698,1058,-360
218000719,1480,418,1062
218000720,17,84,-67
218000721,230,23,207
218001147,9,343,-334
218001214,14,28,-14
218001258,313,15,298
218001329,200,117,83
218001330,222,137,85
218001351,28,24,4
218001352,16,11,5
218001353,25,18,7
218001354,16,13,3
218001355,50,319,-269
218001356,282,32,250
218001357,78,256,-178
218001358,292,15,277
218001361,313,8,305
218001362,0,343,-343
219000001,50,65,-15
219000002,70,51,19
219000003,43,27,16
219000004,44,45,-1
219000017,111,21,90
219000020,121,49,72
219000022,157,7,150
219000023,73,1,72
219000029,0,90,-90
219000034,80,14,66
219000039,62,50,12
219000040,42,32,10
219000041,133,31,102
219000051,0,42,-42
219000052,0,20,-20
219000053,0,142,-142
219000055,172,3,169
219000056,32,0,32
219000057,70,0,70
219000062,33,94,-61
219000063,83,15,68
219000064,0,50,-50
219000110,450,38,412
219000111,121,46,75
219000112,154,44,110
219000113,125,46,79
219000114,276,92,184
219000116,65,35,30
219000117,140,59,81
219000118,129,49,80
219000123,294,101,193
219000124,101,49,52
219000125,22,16,6
219000126,108,101,7
219000127,1,2,-1
219000128,29,116,-87
219000129,35,147,-112
219000130,645,655,-10
219000131,724,1043,-319
219000133,70,44,26
219000134,15,10,5
219000135,32,88,-56
219000136,104,261,-157
219000138,58,23,35
219000139,18,73,-55
219000140,31,2,29
219000141,18,162,-144
219000142,12,90,-78
219000143,19,94,-75
219000145,34,39,-5
219000146,6,27,-21
219000147,6,40,-34
219000148,10,41,-31
219000149,13,74,-61
219000150,2,83,-81
219000151,1,33,-32
219000157,242,134,108
219000158,190,207,-17
219000161,127,23,104
219000163,1441,521,920
219000166,133,150,-17
219000167,120,166,-46
219000168,290,139,151
219000174,395,119,276
219000175,43,2,41
219000176,76,3,73
219000177,33,3,30
219000178,20,12,8
219000179,23,4,19
219000180,29,30,-1
219000182,137,19,118
219000183,108,33,75
219000184,124,5,119
219000185,0,49,-49
219000186,69,33,36
219000187,55,74,-19
219000189,140,160,-20
219000190,102,241,-139
219000191,1096,1154,-58
219000192,160,147,13
219000193,271,153,118
219000195,3,72,-69
219000196,11,124,-113
219000198,31,122,-91
219000199,90,245,-155
219000200,57,209,-152
219000201,80,227,-147
219000203,40,141,-101
219000204,190,192,-2
219000205,76,135,-59
219000207,253,241,12
219000209,32,76,-44
219000210,40,120,-80
219000213,20,130,-110
219000239,193,249,-56
219000240,232,319,-87
219000241,85,171,-86
219000242,42,128,-86
219000243,75,216,-141
219000244,58,87,-29
219000245,42,67,-25
219000246,48,31,17
219000247,173,25,148
219000248,670,295,375
219000249,142,91,51
219000250,81,96,-15
219000251,425,168,257
219000252,190,143,47
219000253,344,57,287
219000255,127,109,18
219000256,202,113,89
219000257,102,0,102
219000262,102,149,-47
219000263,84,159,-75
219000267,2,159,-157
219000268,0,3,-3
219000269,16,2,14
219000270,5,0,5
219000271,148,7,141
219000278,0,10,-10
219000279,2,1,1
219000283,0,14,-14
219000295,16,89,-73
219000296,73,453,-380
219000297,12,174,-162
219000298,11,171,-160
219000299,384,78,306
219000300,26,234,-208
219000301,200,325,-125
219000302,38,288,-250
219000307,35,40,-5
219000308,49,35,14
219000311,183,44,139
219000312,505,118,387
219000313,270,54,216
219000314,44,474,-430
219000315,256,28,228
219000316,530,65,465
219000317,66,12,54
219000320,1,49,-48
219000321,1,19,-18
219000323,4,54,-50
219000325,1,15,-14
219000326,49,83,-34
219000327,68,31,37
219000328,58,50,8
219000329,247,130,117
219000330,42,31,11
219000331,39,25,14
219000332,95,79,16
219000333,10,6,4
219000335,59,0,59
219000337,17,2,15
219000338,68,2,66
219000344,17,102,-85
219000345,75,116,-41
219000346,33,111,-78
219000348,140,128,12
219000349,42,156,-114
219000350,109,131,-22
219000351,9,1,8
219000352,329,60,269
219000353,113,51,62
219000354,148,123,25
219000355,169,81,88
219000356,1275,1209,66
219000363,214,68,146
219000364,87,39,48
219000365,125,12,113
219000366,214,341,-127
219000368,358,473,-115
219000370,1121,466,655
219000371,17,25,-8
219000382,11,27,-16
219000383,688,697,-9
219000385,500,391,109
219000386,747,1205,-458
219000387,0,15,-15
219000390,9,1,8
219000391,1,1,0
219000397,69,59,10
219000398,66,50,16
219000401,8,86,-78
219000402,25,134,-109
219000403,132,344,-212
219000404,38,151,-113
219000407,4,37,-33
219000409,62,48,14
219000410,69,22,47
219000411,42,18,24
219000446,158,270,-112
219000447,2,28,-26
219000448,16,9,7
219000452,131,59,72
219000453,88,128,-40
219000454,238,225,13
219000556,245,95,150
219000558,154,161,-7
219000590,25,122,-97
219000591,51,101,-50
219000592,98,367,-269
219000595,5,12,-7
219000635,185,49,136
219000636,12,99,-87
219000657,37,17,20
219000658,28,55,-27
219000673,0,13,-13
219000676,10,5,5
219000679,72,3,69
219000684,96,3,93
219000685,3,66,-63
219000686,0,2,-2
219000688,0,64,-64
219000689,29,228,-199
219000690,120,31,89
219000691,51,211,-160
219000692,146,15,131
219000693,0,17,-17
219000694,0,0,0
219000695,19,3,16
219000698,18,0,18
219000699,0,16,-16
219000727,1,124,-123
219000728,135,0,135
219000770,40,1,39
219000771,0,30,-30
219000788,480,280,200
219001150,1,23,-22
219001151,1,1,0
219001166,42,22,20
219001167,5,97,-92
219001178,38,0,38
220000001,49,74,-25
220000002,17,92,-75
220000003,636,216,420
220000004,776,398,378
220000005,1378,1372,6
220000006,480,863,-383
220000007,442,698,-256
220000008,337,838,-501
220000009,254,333,-79
220000010,172,172,0
220000011,488,2742,-2254
220000012,131,666,-535
220000014,673,368,305
220000015,51,131,-80
220000017,17,184,-167
220000018,3547,1283,2264
220000019,67,213,-146
220000020,312,247,65
220000021,620,177,443
220000022,578,469,109
220000023,277,165,112
220000024,1276,389,887
220000025,602,784,-182
220000026,302,231,71
220000027,55,74,-19
220000028,52,27,25
220000029,466,425,41
220000030,306,100,206
220000031,376,339,37
220000064,23,801,-778
221000046,12,0,12
221000047,0,4,-4
221000048,0,0,0
221000049,0,2,-2
221000050,19,0,19
221000055,36,39,-3
221000057,73,10,63
221000068,227,104,123
221000069,259,59,200
221000070,139,24,115
221000071,51,12,39
221000072,136,9,127
221000073,160,42,118
221000074,4,17,-13
221000075,16,11,5
221000076,11,37,-26
221000077,19,96,-77
221000081,18,9,9
221000082,52,3,49
221000083,45,3,42
221000084,11,4,7
221000085,12,52,-40
221000086,12,117,-105
221000087,8,126,-118
221000088,13,153,-140
221000089,30,192,-162
221000090,112,448,-336
221000098,89,16,73
221000099,156,17,139
221000100,89,5,84
221000101,223,20,203
221000102,120,12,108
221000109,1,75,-74
221000110,7,101,-94
221000111,29,156,-127
221000112,6,165,-159
221000113,12,169,-157
221000114,10,149,-139
221000120,38,10,28
221000121,6,16,-10
221000122,12,21,-9
221000123,27,31,-4
221000124,33,152,-119
221000155,55,9,46
221000156,75,34,41
221000175,22,9,13
221000176,0,1,-1
221000182,34,6,28
221000241,596,220,376
221000242,176,425,-249
221000243,658,98,560
221000244,273,528,-255
221000245,125,108,17
221000246,36,275,-239
221000247,79,144,-65
221000248,100,208,-108
221000267,49,547,-498
221000325,134,21,113
221000331,7,69,-62
221000338,7,16,-9
221000378,199,26,173
221000381,47,77,-30
222000282,3,0,3
222000296,3,18,-15
222000568,237,23,214
222000569,121,38,83
222000570,97,10,87
222000571,130,5,125
222000577,21,137,-116
222000578,20,172,-152
222000579,37,143,-106
222000580,92,724,-632
222000599,1,108,-107
222000600,3,318,-315
222000601,11,896,-885
222000603,38,36,2
222000604,8,30,-22
222000605,8,24,-16
222000606,2,8,-6
222000607,7,4,3
222000608,34,6,28
222000609,65,179,-114
222000616,253,25,228
222000617,12,12,0
222000618,11,2,9
222000620,42,6,36
222000621,57,15,42
222000623,438,12,426
222000624,255,5,250
222000625,375,21,354
222000636,43,8,35
222000686,24,10,14
222000687,47,31,16
222001066,169,3,166
222001067,4,7,-3
222001068,36,20,16
222001069,24,25,-1
222001082,8,29,-21
222001083,12,56,-44
222001084,0,46,-46
222001085,0,102,-102
222001111,24,106,-82
222001112,70,13,57
222001313,21,7,14
222001314,9,113,-104
222001464,124,43,81
222001465,22,111,-89
222001484,66,54,12
222001485,20,44,-24
222001494,274,124,150
222001495,117,258,-141
222001496,234,109,125
222001497,147,469,-322
222001502,10,86,-76
222001503,105,76,29
222001504,21,282,-261
222001505,238,10,228
222001506,68,391,-323
222001507,205,18,187
222001510,308,43,265
222001511,43,336,-293
222001514,455,182,273
222001515,240,465,-225
222001518,270,46,224
222001519,66,246,-180
222001527,201,34,167
222001528,65,178,-113
222001529,139,39,100
222001530,43,160,-117
222001533,171,256,-85
222001534,215,61,154
222001535,306,241,65
222001536,86,239,-153
222001537,214,45,169
222001538,84,405,-321
222001563,406,74,332
222001564,61,569,-508
222001568,309,111,198
222001576,0,0,0
222001579,1,3,-2
222001583,16,119,-103
222001584,68,14,54
222001596,529,1030,-501
222001597,1139,235,904
222001626,0,102,-102
222001650,58,73,-15
222001651,52,113,-61
222001914,124,56,68
222001915,58,205,-147
222001968,406,245,161
222001969,433,605,-172
222001970,112,208,-96
222001971,12,10,2
222001972,0,18,-18
225000001,406,225,181
225000002,861,130,731
225000003,530,95,435
225000004,255,195,60
225000005,58,42,16
225000006,1,193,-192
225000007,1579,1452,127
225000010,310,7,303
225000011,344,840,-496
225000012,167,428,-261
225000013,78,124,-46
225000014,582,73,509
225000015,92,202,-110
225000021,546,139,407
225000027,184,449,-265
225000032,591,138,453
225000042,63,576,-513
225000049,42,60,-18
225000050,47,21,26
225000053,4,242,-238
225000058,579,128,451
225000067,137,136,1
225000068,121,309,-188
225000069,174,432,-258
225000070,104,309,-205
225000071,54,177,-123
225000075,25,959,-934
225000076,90,103,-13
225000078,64,51,13
225000085,38,145,-107
225000086,170,63,107
225000087,263,9,254
225000088,5,132,-127
225000089,378,928,-550
225000090,51,354,-303
225000091,192,131,61
225000092,20,79,-59
225000093,167,289,-122
225000094,12,243,-231
225000095,317,328,-11
225000096,367,441,-74
225000098,380,323,57
225000099,305,161,144
225000100,257,143,114
225000104,89,423,-334
225000110,10,369,-359
225000111,271,1011,-740
225000112,364,1194,-830
225000113,199,551,-352
225000114,49,266,-217
225000115,1885,553,1332
225000116,914,213,701
225000117,784,237,547
225000118,738,193,545
225000119,183,58,125
225000120,583,28,555
225000121,293,21,272
225000123,599,18,581
225000125,312,206,106
225000126,813,141,672
225000127,662,1020,-358
225000128,442,662,-220
225000132,250,29,221
225000133,184,20,164
225000134,421,157,264
225000135,48,11,37
225000136,218,16,202
225000137,151,91,60
225000138,338,73,265
225000143,99,202,-103
225000144,5,366,-361
225000145,33,58,-25
225000146,52,103,-51
225000147,19,282,-263
225000148,4,256,-252
225000149,87,407,-320
225000151,35,212,-177
225000155,445,521,-76
225000156,204,819,-615
225000157,196,411,-215
225000158,73,294,-221
225000171,6,143,-137
225000180,58,50,8
225000181,0,68,-68
225000182,84,15,69
225000185,8,376,-368
225000187,53,320,-267
225000191,129,1,128
225000194,0,14,-14
225000208,1,41,-40
225000209,64,14,50
225000210,1,207,-206
225000217,3,24,-21
225000218,49,2,47
225000223,0,57,-57
225000224,66,1,65
225000225,0,73,-73
225000226,45,3,42
225000227,57,142,-85
225000228,4,19,-15
225000229,0,95,-95
225000230,41,0,41
225000231,1,93,-92
225000232,124,0,124
225000241,66,1,65
225000242,2,46,-44
225000249,20,0,20
225000250,58,776,-718
225000251,301,9,292
226000042,167,279,-112
226000043,102,391,-289
226000044,159,622,-463
226000045,137,712,-575
226000046,346,91,255
226000047,379,87,292
226000048,356,99,257
226000049,226,137,89
226000070,0,11,-11
226000071,0,44,-44
226000072,0,24,-24
226000073,0,2,-2
226000074,0,5,-5
226000084,4,33,-29
226000085,0,23,-23
226000086,4,8,-4
226000087,40,15,25
226000088,26,18,8
226000090,223,94,129
226000091,14,35,-21
226000092,39,8,31
226000093,28,9,19
226000094,20,12,8
226000095,46,21,25
226000105,37,0,37
226000106,12,0,12
226000107,6,0,6
226000108,51,0,51
226000109,62,0,62
226000124,113,47,66
226000134,498,416,82
226000135,926,466,460
226000136,359,346,13
226000137,1,218,-217
226000138,8,313,-305
226000139,8,80,-72
226000156,122,0,122
226000157,160,9,151
226000163,216,365,-149
226000202,6,443,-437
226000231,337,9,328
226000232,75,14,61
227000037,221,32,189
227000038,300,51,249
227000049,1,32,-31
227000050,2,52,-50
227000055,89,0,89
227000056,27,0,27
227000084,1,73,-72
227000085,1,45,-44
227000088,73,3,70
227000089,152,1,151
227000090,40,1,39
227000091,21,0,21
227000093,115,1,114
227000094,22,0,22
227000130,36,50,-14
227000131,16,210,-194
227000132,24,206,-182
227000133,19,176,-157
227000134,27,301,-274
227000152,0,2,-2
227000153,0,42,-42
227000155,1,19,-18
227000156,0,9,-9
227000165,3,11,-8
227000196,19,312,-293
227000199,290,20,270
227000230,26,339,-313
227000232,256,35,221
227000241,237,30,207
227000242,28,444,-416
227000243,425,104,321
227000244,272,116,156
227000245,22,266,-244
227000246,75,484,-409
227000247,272,66,206
227000248,338,32,306
227000249,34,250,-216
227000251,154,252,-98
227000252,26,278,-252
227000253,106,32,74
227000262,258,43,215
227000266,702,38,664
227000267,45,949,-904
227000486,496,185,311
227000655,298,6,292
227000661,74,23,51
227000680,241,39,202
229000265,9,20,-11
229000296,0,9,-9
229000297,0,32,-32
229000298,4,94,-90
229000320,6,7,-1
229000321,8,5,3
229000412,32,41,-9
229000414,11,43,-32
229000415,26,0,26
229000416,1,6,-5
229000417,2,13,-11
229000419,87,209,-122
229000440,224,75,149
229000442,9,1,8
229000443,6,8,-2
229000444,1,14,-13
229000445,58,5,53
229000446,46,20,26
229000847,39,0,39
229000848,17,0,17
229000849,79,0,79
229000851,20,0,20
229000854,0,24,-24
229000856,1,105,-104
229000857,0,35,-35
229000858,1,75,-74
229000919,7,117,-110
229000930,1,261,-260
229000937,108,14,94
229000966,55,16,39
229000981,22,49,-27
229000985,7,20,-13
229000986,0,3,-3
229000987,0,1,-1
229000988,1,2,-1
229000989,6,7,-1
229000990,3,1,2
229000991,0,0,0
229000992,4,0,4
229000993,164,29,135
229000998,6,53,-47
229000999,57,8,49
229001034,0,6,-6
229001035,6,2,4
229001037,43,12,31
229001042,7,8,-1
229001047,5,36,-31
229001050,31,32,-1
229001200,10,7,3
229001338,3,21,-18
229001394,224,1,223
229001422,138,29,109
229001423,16,170,-154
229001431,78,53,25
229001432,51,100,-49
229001444,140,46,94
229001445,37,120,-83
229001503,175,88,87
229001504,135,194,-59
229001505,113,58,55
229001506,96,185,-89
229001509,40,19,21
229001545,59,7,52
229001546,3,112,-109
229001553,50,15,35
229001554,27,113,-86
229001559,0,4,-4
229001560,18,25,-7
229001630,64,10,54
229001631,6,34,-28
229001635,0,8,-8
229001636,2,8,-6
229001658,1,125,-124
229001659,94,3,91
229001660,15,15,0
229001661,6,13,-7
229001662,11,0,11
229001663,0,10,-10
229002584,123,134,-11
229002831,133,98,35
229002841,11,4,7
229002842,11,29,-18
229002843,72,21,51
229002844,32,24,8
229002845,13,45,-32
229002846,38,25,13
229002847,8,9,-1
229002848,16,6,10
229002849,1,62,-61
229002850,12,0,12
229002851,34,58,-24
229002852,119,21,98
229002853,105,24,81
229002854,14,28,-14
229002855,5,12,-7
229002856,32,8,24
229002857,3,21,-18
229002858,30,3,27
229002859,28,26,2
229002860,136,8,128
229002861,81,28,53
229002862,24,14,10
229002863,17,11,6
229002864,27,26,1
229002865,13,5,8
229002866,9,11,-2
229002867,6,30,-24
229002868,15,10,5
229002869,16,111,-95
229002870,46,11,35
235000066,345,79,266
235000067,101,128,-27
235000072,12,67,-55
235000073,45,337,-292
235000074,97,43,54
235000080,70,74,-4
235000081,87,93,-6
235000082,209,53,156
235000083,134,74,60
235000084,79,46,33
235000085,91,61,30
235000089,20,42,-22
235000092,21,131,-110
235000093,12,4,8
235000097,0,7,-7
235000098,53,11,42
235000099,27,31,-4
235000116,87,18,69
235000117,687,19,668
235000133,7,368,-361
235000134,5,159,-154
235000206,7,4,3
235000207,6,1,5
235000208,2,0,2
235000209,4,8,-4
235000210,7,1,6
235000212,7,19,-12
235000213,2,9,-7
235000220,8,0,8
235000221,50,6,44
235000238,7,70,-63
235000239,1,17,-16
235000242,242,419,-177
235000245,518,166,352
235000246,10,56,-46
235000284,7,134,-127
235000295,175,7,168
235000305,268,19,249
235000306,153,12,141
235000307,15,3,12
235000308,16,3,13
235000309,28,0,28
235000310,16,0,16
235000311,99,53,46
235000322,0,30,-30
235000323,0,58,-58
235000324,0,30,-30
235000325,0,4,-4
235000326,24,159,-135
235000351,4,45,-41
235000352,2,26,-24
235000353,3,19,-16
235000354,7,22,-15
235000355,15,68,-53
235000356,98,5,93
235000357,13,6,7
235000358,50,5,45
235000359,15,7,8
235000360,32,9,23
235000361,50,4,46
235000381,69,188,-119
235000382,126,38,88
235000390,6,1,5
235000391,104,46,58
235000392,168,261,-93
235000393,77,150,-73
235000395,56,24,32
235000396,345,62,283
235000400,55,69,-14
235000401,33,91,-58
235000405,82,192,-110
235000406,46,187,-141
235000407,44,68,-24
235000409,158,117,41
235000410,24,220,-196
235000411,0,61,-61
235000485,0,4,-4
235000486,5,0,5
235000549,106,96,10
235000550,58,95,-37
235000599,119,42,77
235000600,8,7,1
235000601,10,32,-22
235000602,54,82,-28
235000614,2,2,0
235000648,0,14,-14
235000649,36,4,32
235000685,0,3,-3
235000815,13,25,-12
235000834,0,10,-10
235000855,43,54,-11
235000862,51,126,-75
235000891,0,7,-7
235000892,24,2,22
235000901,46,61,-15
235000907,4,5,-1
235001010,55,64,-9
235001029,444,286,158
235001030,280,249,31
235001078,75,93,-18
235001079,48,76,-28
235001147,39,39,0
235001166,9,41,-32
235001167,37,32,5
235001169,38,258,-220
235001188,0,5,-5
235001189,3,2,1
235001197,10,20,-10
235001200,33,34,-1
235001207,344,52,292
235001210,108,184,-76
235001215,49,195,-146
235001239,1,41,-40
235001244,0,11,-11
235016267,0,56,-56
277102712,12,4,8
277103813,0,0,0
277104249,0,2,-2
277104250,0,13,-13
277104251,0,2,-2
277104252,0,0,0
990011530,0,173,-173
990014944,1,490,-489
990015176,39,0,39
990016032,1,203,-202
990032570,1,22,-21
990070001,69,1,68
990070103,0,7,-7
990070601,0,35,-35
990070751,474,0,474
990070766,2,416,-414
990071180,446,202,244
990071343,22,0,22
990071387,0,23,-23
990071823,13,2,11
990072600,2,694,-692
990072964,0,462,-462
990073285,0,4,-4
990074393,1,692,-691
990074870,1176,17,1159
990075106,1058,3,1055
990075746,377,4,373
990076437,926,33,893
990076458,3,646,-643
997000007,577,7,570
997000041,0,101,-101
997000058,24,0,24
997000062,32,2,30
997000069,0,4,-4
997000070,0,28,-28
997000100,14,0,14
997000141,6,836,-830
997000198,272,673,-401
998000475,0,32,-32
998000736,1,115,-114
998000965,1,8,-7
998001031,0,72,-72
998001700,0,23,-23
998001899,0,2,-2
998001900,4,0,4
998003073,714,10,704
998101900,0,0,0
998102850,2,87,-85
998501927,800,494,306
998501929,52,3,49
998501930,27,1,26
998501931,194,69,125
998501932,9,0,9
998501933,29,2,27
998501937,21,1,20
998501944,1,0,1
998501950,2,3,-1
998501970,64,25,39
998501971,1,57,-56
998501973,0,32,-32
998501974,1,239,-238
998501975,146,16,130
998501976,169,52,117
998501977,0,24,-24
998501978,46,0,46
998501979,0,7,-7
998501980,56,18,38
998501981,41,3,38
998501982,1,56,-55
998501983,0,1,-1
998502006,0,0,0
998502024,0,10,-10
998502032,0,4,-4
998502062,25,2,23
998502063,0,0,0
998502173,59,0,59
998502269,0,16,-16
998502546,0,119,-119
998502578,0,0,0
998502599,41,245,-204
998502621,0,1,-1
998601159,0,183,-183
998601292,0,24,-24
999033574,1,496,-495
999800001,11,2,9
999800002,0,3,-3
999800003,0,4,-4
999800004,0,4,-4
999800005,0,1,-1
