ID,insum,outsum,diff
100000001,418,237,181
100000002,983,489,494
100000003,4097,1058,3039
100000004,1208,439,769
100000005,1236,1471,-235
100000006,149,44,105
100000007,516,245,271
100000008,92,533,-441
100000009,170,118,52
100000010,13,29,-16
100000011,148,29,119
100000012,36,524,-488
100000013,26,162,-136
100000014,215,326,-111
100000015,795,526,269
100000016,636,1165,-529
100000017,325,1030,-705
100000018,1009,364,645
100000019,4655,1204,3451
100000020,1080,1338,-258
100000021,6035,1329,4706
100000022,902,478,424
100000023,5170,415,4755
100000025,1895,202,1693
100000028,1276,626,650
100000029,234,127,107
100000030,662,10,652
100000031,2626,2047,579
100000032,2497,1459,1038
100000033,430,1194,-764
100000034,558,156,402
100000035,1229,471,758
100000036,1882,660,1222
100000037,225,356,-131
100000038,625,542,83
100000039,328,107,221
100000040,59,47,12
100000041,280,275,5
100000042,215,162,53
100000043,222,101,121
100000044,258,595,-337
100000045,310,1259,-949
100000046,363,1143,-780
100000047,149,671,-522
100000048,235,562,-327
100000049,1137,2343,-1206
100000051,226,909,-683
100000053,9,4,5
100000054,50,13,37
100000055,308,178,130
100000056,136,372,-236
100000057,1049,532,517
100000058,454,997,-543
100000059,1,69,-68
100000060,189,193,-4
100000061,758,321,437
100000062,925,317,608
100000063,270,203,67
100000064,318,287,31
100000065,290,843,-553
100000066,114,778,-664
100000067,338,631,-293
100000068,353,1219,-866
100000069,144,1475,-1331
100000072,460,1036,-576
100000073,839,1095,-256
100000075,301,343,-42
100000076,1621,1032,589
100000077,558,32,526
100000078,85,10,75
100000079,40,25,15
100000080,6,6,0
100000081,8,12,-4
100000102,1552,610,942
100000103,2584,382,2202
100000104,3332,618,2714
100000105,3562,318,3244
100000106,1675,466,1209
100000107,230,176,54
100000108,589,938,-349
100000109,2582,877,1705
100000116,876,281,595
100000117,21,15,6
100000118,654,368,286
100000119,302,350,-48
100000121,113,641,-528
100000122,457,560,-103
100000123,3052,3435,-383
100000124,5415,3363,2052
100000125,2116,625,1491
100000126,489,184,305
100000127,1094,295,799
100000128,789,681,108
100000129,292,302,-10
100000130,171,394,-223
100000131,3135,1635,1500
100000132,1357,675,682
100000133,7437,2042,5395
100000135,236,363,-127
100000139,90,189,-99
100000140,61,127,-66
100000142,198,453,-255
100000143,1512,915,597
100000144,3115,1073,2042
100000147,622,1221,-599
100000150,9,406,-397
100000151,309,202,107
100000153,257,137,120
100000154,52,20,32
100000155,3,5,-2
100000156,30,48,-18
100000157,31,123,-92
100000158,63,73,-10
100000159,237,295,-58
100000165,880,585,295
100000169,432,192,240
100000174,1203,239,964
100000179,100,429,-329
100000180,306,705,-399
100000181,106,211,-105
100000188,55,316,-261
100000189,279,209,70
100000190,264,192,72
100000191,332,292,40
100000192,56,29,27
100000193,69,79,-10
100000330,1596,187,1409
100000355,145,360,-215
100000362,4382,2864,1518
100000363,1243,2507,-1264
100000364,241,148,93
100000365,2053,3280,-1227
100000366,3104,1933,1171
100000367,1471,2450,-979
100000368,1785,1630,155
100000369,434,600,-166
100000370,48,156,-108
100000376,65,66,-1
100000379,2052,874,1178
100000380,2362,1022,1340
100000384,4220,1116,3104
100000385,4718,1635,3083
100000386,6981,1495,5486
100000387,6504,1484,5020
100000388,9544,1444,8100
100000389,8097,1464,6633
100000390,9055,1447,7608
100000391,5693,1322,4371
100000392,2724,686,2038
100000393,865,543,322
100000394,4479,1602,2877
100000395,1785,498,1287
100000396,3406,1093,2313
100000397,1523,889,634
100000398,9023,6129,2894
100000413,27,2,25
100000414,337,152,185
100900002,0,44,-44
100900003,94,38,56
100900004,14,719,-705
100900005,68,4,64
100900006,2,152,-150
100900007,116,3,113
100900008,7,396,-389
100900009,10,12,-2
100900010,5,76,-71
100900011,22,350,-328
100900012,1,244,-243
100900013,140,1,139
100900014,2,7,-5
100900015,102,93,9
100900016,1,39,-38
100900017,185,23,162
100900018,0,5,-5
100900019,2,16,-14
100900020,134,3,131
100900021,309,0,309
100900022,6,10,-4
100900023,0,2,-2
100900024,277,1,276
100900025,13,3,10
100900026,8,137,-129
100900027,269,924,-655
100900028,29,67,-38
100900029,77,5,72
100900030,1,9,-8
100900031,87,9,78
100900032,53,0,53
100900033,167,57,110
100900034,150,0,150
100900035,302,1,301
100900036,9,2,7
100900037,12,256,-244
100900038,31,8,23
100900039,74,500,-426
100900040,63,827,-764
100900041,80,928,-848
100900042,170,332,-162
100900043,0,0,0
100900044,2518,170,2348
100900045,37,0,37
100900046,367,1,366
100900047,559,31,528
100900048,28,3,25
100900049,8,190,-182
100900050,0,16,-16
100900051,32,25,7
100900052,41,13,28
100900053,73,11,62
100900054,1,68,-67
100900055,92,151,-59
100900056,72,119,-47
100900057,396,225,171
100900058,66,15,51
100900059,8,0,8
100900060,15,8,7
100900061,238,189,49
100900062,2,54,-52
100900063,67,151,-84
100900064,264,14,250
100900065,28,30,-2
100900066,15,14,1
100900067,3,2,1
100900068,13,76,-63
100900069,192,0,192
100900070,26,0,26
100900071,466,197,269
100900072,2,50,-48
100900073,9,442,-433
100900074,0,12,-12
100900075,2254,162,2092
100900076,4,20,-16
100900077,0,94,-94
100900078,56,78,-22
100900079,1,32,-31
100900080,6,109,-103
100900081,4,23,-19
100900082,24,907,-883
100900083,0,26,-26
100900085,0,45,-45
100900086,65,270,-205
100900088,15,750,-735
100900089,0,24,-24
100900090,14,216,-202
100900091,1,7,-6
100900092,28,53,-25
100900093,51,72,-21
100900094,42,703,-661
100900095,0,21,-21
100900096,9,79,-70
100900097,0,6,-6
100900098,1,46,-45
100900099,20,515,-495
100900100,9,174,-165
100900101,335,15,320
100900102,0,3,-3
100900103,0,17,-17
100900104,15,97,-82
100900105,4,45,-41
100900106,27,0,27
100900107,1189,219,970
100900108,0,1,-1
100900109,2,37,-35
100900110,0,0,0
100900111,67,81,-14
100900112,0,1,-1
100900113,1,23,-22
100900114,0,14,-14
100900115,1,10,-9
100900116,381,180,201
100900117,97,178,-81
100900118,1,49,-48
100900119,4,21,-17
100900120,1,14,-13
100900121,179,146,33
100900122,72,101,-29
100900123,32,33,-1
100900124,4,0,4
100900125,17,66,-49
100900126,23,74,-51
100900127,0,6,-6
100900128,75,79,-4
100900129,0,56,-56
100900131,11,84,-73
100900133,8,25,-17
100900134,0,2,-2
100900135,0,75,-75
100900137,160,145,15
100900138,197,85,112
100900139,0,2,-2
100900140,1,733,-732
100900141,0,128,-128
100900142,0,3,-3
100900143,718,131,587
100900144,17,7,10
100900145,6,61,-55
100900146,1,3,-2
100900147,14,122,-108
100900148,24,855,-831
100900149,21,40,-19
100900150,1,1,0
100900151,69,466,-397
100900152,67,0,67
100900153,20,92,-72
100900154,10,10,0
100900155,1,3,-2
100900156,18,5,13
100900157,0,59,-59
100900159,0,15,-15
100900160,0,3,-3
100900161,104,2,102
100900162,2,118,-116
100900163,44,148,-104
100900164,1,14,-13
100900165,0,1,-1
100900166,27,1,26
100900167,12,53,-41
100900168,5,79,-74
100900169,141,942,-801
100900170,6,5,1
100900171,10,770,-760
100900172,0,6,-6
100900173,7,619,-612
100900174,99,23,76
100900176,815,25,790
100900177,861,111,750
100900178,90,88,2
100900179,53,9,44
100900180,0,2,-2
100900181,54,8,46
100900182,7,6,1
100900184,0,81,-81
100900186,822,448,374
100900187,0,175,-175
100900188,19,5,14
100900189,473,98,375
100900191,805,304,501
100900192,124,98,26
100900195,69,122,-53
100900197,0,0,0
100900198,14,123,-109
100900199,0,0,0
100900200,440,337,103
100900201,20,695,-675
100900202,1,0,1
100900203,0,22,-22
100900204,99,68,31
100900205,83,102,-19
100900206,23,5,18
100900207,95,18,77
100900210,33,506,-473
100900211,154,23,131
100900213,11,23,-12
100900214,628,33,595
100900215,1,13,-12
100900217,47,24,23
101000001,3443,2000,1443
101000002,2259,1897,362
101000003,453,950,-497
101000004,7232,4579,2653
101000005,3836,3080,756
101000006,5980,4198,1782
101000007,1493,1726,-233
101000009,797,2081,-1284
101000010,518,1312,-794
101000011,1700,457,1243
101000012,1385,182,1203
101000013,364,416,-52
101000014,422,415,7
101000015,563,691,-128
101000016,237,203,34
101000017,316,362,-46
101000018,3548,1351,2197
101000020,4140,739,3401
101000021,885,167,718
101000023,1508,459,1049
101000025,53,246,-193
101000026,400,16,384
101000027,971,856,115
101000028,609,86,523
101000029,6,341,-335
101000030,403,31,372
101000031,187,53,134
101000032,3531,1186,2345
101000033,2194,898,1296
101000034,2389,544,1845
101000035,1013,99,914
101000036,1314,239,1075
101000037,4319,638,3681
101000039,2879,429,2450
101000040,3362,1479,1883
101000041,6194,1745,4449
101000042,302,247,55
101000043,4001,1181,2820
101000045,717,183,534
101000046,1186,392,794
101000047,642,569,73
101000048,457,691,-234
101000049,353,443,-90
101000050,978,310,668
101000051,1314,479,835
101000052,1425,279,1146
101000053,691,803,-112
101000054,1336,711,625
101000055,1301,494,807
101000056,30,19,11
101000057,2011,258,1753
101000058,1477,337,1140
101000059,2691,842,1849
101000060,1692,101,1591
101000061,1078,310,768
101000062,1495,119,1376
101000063,423,130,293
101000064,1300,190,1110
101000065,132,166,-34
101000066,176,151,25
101000067,644,229,415
101000068,258,145,113
101000069,235,48,187
101000070,1264,375,889
101000071,1451,467,984
101000072,617,1807,-1190
101000073,381,366,15
101000074,2313,1101,1212
101000075,4716,1933,2783
101000077,567,775,-208
101000078,745,1162,-417
101000079,255,490,-235
101000080,401,481,-80
101000081,783,801,-18
101000082,2634,1828,806
101000083,1061,1038,23
101000084,1016,1044,-28
101000085,1150,787,363
101000086,1230,831,399
101000087,778,1195,-417
101000088,597,616,-19
101000089,654,790,-136
101000090,2108,1250,858
101000091,277,1670,-1393
101000092,517,893,-376
101000093,1058,437,621
101000094,382,937,-555
101000095,114,750,-636
101000096,155,504,-349
101000097,138,251,-113
101000098,275,411,-136
101000099,787,898,-111
101000100,651,385,266
101000101,265,257,8
101000102,684,193,491
101000103,625,324,301
101000104,227,235,-8
101000105,851,86,765
101000106,452,393,59
101000107,88,196,-108
101000108,1242,342,900
101000109,98,50,48
101000110,17,568,-551
101000111,45,131,-86
101000113,72,259,-187
101000114,1509,759,750
101000115,34,43,-9
101000116,22,41,-19
101000117,73,145,-72
101000119,110,10,100
101000120,139,3,136
101000121,50,3,47
101000122,49,36,13
101000123,45,15,30
101000124,141,270,-129
101000125,111,315,-204
101000128,579,233,346
101000130,156,144,12
101000131,352,604,-252
101000132,188,1584,-1396
101000135,42,8,34
101000136,121,27,94
101000137,17,105,-88
101000141,1776,800,976
101000147,790,541,249
101000148,2304,27,2277
101000149,35,5,30
101000150,17,993,-976
101000151,23,88,-65
101000152,306,258,48
101000153,620,377,243
101000154,54,1676,-1622
101000155,73,87,-14
101000156,11,244,-233
101000157,38,12,26
101000160,13,41,-28
101000163,43,50,-7
101000164,510,323,187
101000165,139,204,-65
101000166,155,268,-113
101000168,478,237,241
101000252,503,180,323
101000254,273,9,264
101000258,29,6,23
101000261,51,80,-29
101000262,508,768,-260
101000263,93,290,-197
101000265,11,315,-304
101000266,188,127,61
101000269,122,3,119
101000290,1036,902,134
101000293,5,69,-64
101000294,367,460,-93
101000295,109,285,-176
101000301,575,100,475
101000304,1423,2187,-764
101000305,1871,1307,564
101000328,82,451,-369
101900001,36,70,-34
101900002,0,19,-19
101900003,88,46,42
101900004,0,15,-15
101900005,4666,441,4225
101900006,725,86,639
101900007,231,17,214
101900008,91,106,-15
101900009,17,135,-118
101900010,790,228,562
101900011,127,399,-272
101900012,51,96,-45
101900013,693,19,674
101900017,7,25,-18
101900018,2069,62,2007
101900019,89,25,64
101900020,14,72,-58
101900021,0,8,-8
101900022,16,1319,-1303
101900023,22,270,-248
101900026,66,38,28
101900027,3,107,-104
102000001,1471,2885,-1414
102000002,2466,1099,1367
102000003,2325,2247,78
102000004,7068,1778,5290
102000005,1103,1261,-158
102000006,1906,1192,714
102000007,1035,2479,-1444
102000008,6072,1227,4845
102000009,3909,5082,-1173
102000010,5343,2058,3285
102000011,1264,1628,-364
102000012,2656,2870,-214
102000018,2813,1519,1294
102000019,2445,969,1476
102000026,172,277,-105
102000029,458,188,270
102000030,37,149,-112
102000031,24,194,-170
102000032,118,312,-194
102000033,101,421,-320
102000034,285,312,-27
102000035,619,367,252
102000036,2,142,-140
102000037,93,66,27
102000038,67,81,-14
102000039,98,54,44
102000040,370,38,332
102000041,76,128,-52
102000042,70,53,17
102000043,116,111,5
102000044,164,430,-266
102000045,510,862,-352
102000046,580,325,255
102000047,486,981,-495
102000048,108,678,-570
102000049,630,514,116
102000050,681,856,-175
102000051,214,355,-141
102000052,880,708,172
102000053,415,552,-137
102000054,228,709,-481
102000055,507,980,-473
102000056,361,1061,-700
102000057,893,318,575
102000058,846,1775,-929
102000059,1152,1200,-48
102000060,828,756,72
102000061,629,2578,-1949
102000062,553,1201,-648
102000063,853,1156,-303
102000064,434,532,-98
102000065,46,115,-69
102000066,736,945,-209
102000067,1590,2024,-434
102000068,8030,2450,5580
102000069,33,1310,-1277
102000070,2090,85,2005
102000071,6137,7546,-1409
102000072,2973,4149,-1176
102000073,172,569,-397
102000074,276,739,-463
102000075,62,302,-240
102000076,133,480,-347
102000077,128,1370,-1242
102000078,401,744,-343
102000079,46,311,-265
102000080,70,154,-84
102000081,202,772,-570
102000082,488,206,282
102000083,153,598,-445
102000084,66,474,-408
102000085,1101,1065,36
102000086,737,888,-151
102000087,425,1900,-1475
102000088,164,276,-112
102000089,627,487,140
102000090,293,1047,-754
102000091,1136,415,721
102000092,377,615,-238
102000093,627,507,120
102000094,838,370,468
102000095,591,580,11
102000096,866,435,431
102000097,997,496,501
102000098,434,559,-125
102000099,571,337,234
102000100,783,337,446
102000101,939,220,719
102000102,213,1411,-1198
102000103,827,229,598
102000104,994,359,635
102000105,77,945,-868
102000106,395,877,-482
102000107,420,446,-26
102000108,349,255,94
102000109,190,483,-293
102000110,352,1591,-1239
102000111,9,310,-301
102000112,70,82,-12
102000113,3,13,-10
102000114,994,238,756
102000115,158,126,32
102000116,395,194,201
102000117,172,438,-266
102000118,1861,771,1090
102000119,2750,405,2345
102000120,44,388,-344
102000121,539,325,214
102000122,134,581,-447
102000123,1032,630,402
102000124,550,701,-151
102000125,765,511,254
102000126,508,490,18
102000127,720,517,203
102000128,372,893,-521
102000129,612,827,-215
102000130,237,559,-322
102000131,531,478,53
102000132,207,292,-85
102000133,812,2868,-2056
102000134,242,614,-372
102000135,1193,433,760
102000136,882,224,658
102000137,679,551,128
102000138,122,295,-173
102000139,21,253,-232
102000140,136,131,5
102000141,83,526,-443
102000142,69,276,-207
102000143,41,374,-333
102000144,46,428,-382
102000145,96,362,-266
102000146,133,257,-124
102000147,162,178,-16
102000148,144,147,-3
102000149,66,625,-559
102000150,57,181,-124
102000151,71,346,-275
102000152,100,117,-17
102000153,602,167,435
102000154,363,478,-115
102000155,91,187,-96
102000156,365,24,341
102000157,42,119,-77
102000158,222,132,90
102000159,1363,133,1230
102000161,3539,713,2826
102000162,160,142,18
102000163,66,207,-141
102000164,702,343,359
102000165,289,89,200
102000166,88,102,-14
102000167,142,152,-10
102000168,119,108,11
102000169,47,219,-172
102000170,565,92,473
102000171,89,41,48
102000172,13,145,-132
102000173,170,189,-19
102000174,18,50,-32
102000175,37,137,-100
102000176,16,33,-17
102000178,98,569,-471
102000179,104,156,-52
102000180,238,724,-486
102000181,257,780,-523
102000182,321,833,-512
102000183,706,1959,-1253
102000184,688,954,-266
102000185,833,1735,-902
102000186,387,2080,-1693
102000187,347,1908,-1561
102000188,298,1423,-1125
102000189,2664,724,1940
102000190,449,1159,-710
102000191,1290,535,755
102000192,482,680,-198
102000193,19,173,-154
102000194,23,126,-103
102000195,170,326,-156
102000196,59,522,-463
102000197,213,469,-256
102000198,38,738,-700
102000199,233,374,-141
102000200,136,1122,-986
102000201,256,621,-365
102000202,2,160,-158
102000203,139,254,-115
102000204,163,1156,-993
102000205,383,892,-509
102000206,310,638,-328
102000207,442,386,56
102000208,152,542,-390
102000209,42,64,-22
102000210,119,671,-552
102000211,79,410,-331
102000212,40,23,17
102000213,5,314,-309
102000214,61,15,46
102000215,1,670,-669
102000216,19,22,-3
102000217,11,218,-207
102000218,100,41,59
102000219,306,352,-46
102000225,1091,778,313
102000226,1475,106,1369
102000227,45,1,44
102000228,0,80,-80
102000229,25,20,5
102000230,165,738,-573
102000231,181,400,-219
102000232,4,103,-99
102000233,311,424,-113
102000234,61,1266,-1205
102000236,221,35,186
102000237,403,155,248
102000238,154,243,-89
102000240,676,395,281
102000241,223,93,130
102000243,7,24,-17
102000245,5,152,-147
102000246,14,18,-4
102000247,797,805,-8
102000248,450,563,-113
102000249,58,141,-83
102000250,27,402,-375
102000254,27,598,-571
102000266,27,93,-66
102000271,12,0,12
102000286,333,220,113
102000297,1368,705,663
102000301,0,0,0
102000307,0,8,-8
102000316,75,236,-161
102900001,694,743,-49
102900002,270,38,232
102900003,20,362,-342
102900005,95,257,-162
102900006,326,247,79
102900007,252,26,226
102900008,146,87,59
102900009,378,97,281
102900010,460,432,28
102900011,1910,179,1731
102900012,277,33,244
102900013,7,54,-47
102900015,552,86,466
102900016,19,93,-74
102900017,44,477,-433
102900018,6,139,-133
102900019,192,354,-162
102900020,35,34,1
102900021,9,120,-111
102900022,194,24,170
102900023,14,65,-51
102900024,8,34,-26
102900025,208,96,112
102900026,394,814,-420
102900027,46,38,8
102900028,43,235,-192
102900029,94,77,17
102900030,190,114,76
102900031,47,129,-82
102900032,17,135,-118
102900033,52,186,-134
102900034,120,157,-37
102900035,44,546,-502
102900036,94,492,-398
102900037,133,604,-471
102900038,203,469,-266
102900039,5,231,-226
102900040,48,135,-87
102900041,15,99,-84
102900042,88,312,-224
102900043,54,272,-218
102900044,246,1780,-1534
102900045,28,543,-515
102900046,37,318,-281
102900047,47,701,-654
102900048,317,842,-525
102900049,51,272,-221
102900050,175,339,-164
102900051,64,154,-90
102900053,227,719,-492
102900054,704,424,280
102900055,37,59,-22
102900056,65,403,-338
102900057,0,15,-15
102900058,297,30,267
102900059,1,33,-32
102900060,25,370,-345
102900061,29,445,-416
102900062,34,1517,-1483
102900063,342,350,-8
102900064,88,379,-291
102900065,1430,479,951
102900066,205,35,170
102900068,46,65,-19
102900070,57,682,-625
102900072,2,23,-21
102900073,64,3,61
102900075,22,32,-10
102900076,244,44,200
102900077,32,30,2
102900078,35,86,-51
102900079,117,10,107
102900080,133,16,117
102900081,76,169,-93
102900082,5,224,-219
102900083,333,10,323
102900084,1,11,-10
102900085,54,50,4
102900086,9,13,-4
102900087,24,111,-87
102900088,5,23,-18
102900089,199,112,87
102900090,2,359,-357
102900091,31,1,30
102900092,32,877,-845
102900094,0,56,-56
102900095,91,1,90
102900096,21,6,15
102900097,0,89,-89
103000001,1751,2345,-594
103000002,1407,1678,-271
103000003,2392,1991,401
103000004,939,454,485
103000005,1831,1870,-39
103000006,389,1172,-783
103000007,443,690,-247
103000008,816,1121,-305
103000009,412,633,-221
103000010,237,164,73
103000011,1497,572,925
103000012,882,930,-48
103000013,6414,1627,4787
103000014,1115,864,251
103000015,2584,822,1762
103000016,371,492,-121
103000017,85,227,-142
103000018,963,286,677
103000019,82,102,-20
103000020,1411,1152,259
103000021,863,919,-56
103000022,704,1109,-405
103000023,321,766,-445
103000024,160,158,2
103000025,46,166,-120
103000026,1855,122,1733
103000027,229,130,99
103000028,624,138,486
103000029,469,61,408
103000030,1658,346,1312
103000031,1241,956,285
103000032,1507,1392,115
103000033,2221,1949,272
103000034,1441,561,880
103000035,348,612,-264
103000036,339,308,31
103000037,623,284,339
103000038,378,560,-182
103000039,170,380,-210
103000040,137,1272,-1135
103000041,1205,3127,-1922
103000042,466,714,-248
103000043,176,1346,-1170
103000044,67,269,-202
103000046,164,234,-70
103000047,362,595,-233
103000048,55,151,-96
103000049,77,156,-79
103000050,387,580,-193
103000051,185,426,-241
103000052,551,356,195
103000053,133,350,-217
103000054,1317,864,453
103000055,1213,1308,-95
103000056,407,2488,-2081
103000057,319,282,37
103000058,278,1006,-728
103000059,239,847,-608
103000060,647,715,-68
103000061,221,790,-569
103000062,787,773,14
103000063,515,652,-137
103000064,60,305,-245
103000065,1,365,-364
103000066,69,9,60
103000069,79,387,-308
103000070,341,1241,-900
103000071,514,337,177
103000072,78,1031,-953
103000073,251,105,146
103000074,316,85,231
103000075,113,977,-864
103000076,112,155,-43
103000077,25,323,-298
103000078,1162,251,911
103000079,1504,405,1099
103000080,813,138,675
103000081,384,434,-50
103000082,232,122,110
103000083,79,284,-205
103000084,93,2,91
103000085,0,67,-67
103000086,616,229,387
103000087,69,247,-178
103000088,256,219,37
103000089,110,283,-173
103000090,993,902,91
103000091,429,408,21
103000092,210,282,-72
103000093,222,475,-253
103000094,109,125,-16
103000095,15,365,-350
103000096,613,120,493
103000097,32,584,-552
103000098,914,68,846
103000099,228,442,-214
103000100,46,819,-773
103000101,363,125,238
103000102,62,695,-633
103000103,380,192,188
103000104,36,176,-140
103000105,27,136,-109
103000106,5,83,-78
103000107,275,53,222
103000108,673,541,132
103000109,342,161,181
103000110,255,308,-53
103000111,507,276,231
103000112,215,206,9
103000113,467,544,-77
103000114,864,206,658
103000115,237,391,-154
103000116,303,470,-167
103000117,109,458,-349
103000118,1100,968,132
103000119,1960,667,1293
103000120,32,52,-20
103000121,153,639,-486
103000122,203,174,29
103000125,4,441,-437
103000126,129,3,126
103000127,1,298,-297
103000128,40,0,40
103000129,3,160,-157
103000130,15,5,10
103000131,172,52,120
103000132,38,22,16
103000133,4,181,-177
103000134,436,301,135
103000135,741,172,569
103000136,676,279,397
103000137,534,420,114
103000138,815,382,433
103000139,2,55,-53
103000140,122,16,106
103000141,10,73,-63
103000142,91,49,42
103000143,46,156,-110
103000144,109,66,43
103000145,9,19,-10
103000150,85,28,57
103000152,297,147,150
103000153,124,191,-67
103000156,3,604,-601
103000157,123,3,120
103000159,46,37,9
103000162,66,12,54
103000163,4,9,-5
103000164,15,9,6
103000165,135,556,-421
103000166,75,137,-62
103000167,138,116,22
103000168,60,171,-111
103000169,82,196,-114
103000170,336,557,-221
103000171,27,44,-17
103000172,74,300,-226
103000173,108,709,-601
103000174,94,302,-208
103000175,181,514,-333
103000176,523,152,371
103000177,551,312,239
103000178,313,256,57
103000179,42,17,25
103000183,108,111,-3
103000185,90,70,20
103000186,46,153,-107
103000187,133,716,-583
103000188,9,102,-93
103000189,942,881,61
103000191,391,384,7
103000292,3729,516,3213
103000293,1420,560,860
103000295,133,71,62
103000296,61,8,53
103000297,6,5,1
103000504,160,17,143
103000505,7,3,4
103000506,2,198,-196
103000507,49,4,45
103000508,36,17,19
103000509,197,411,-214
103000514,16,2,14
103900001,3,369,-366
103900002,1739,120,1619
103900003,985,18,967
103900004,4,0,4
103900005,1,262,-261
103900006,1,1,0
103900007,8,0,8
103900008,1,0,1
103900009,87,219,-132
103900010,59,238,-179
103900011,44,310,-266
103900012,22,10,12
103900013,5,74,-69
103900014,8,22,-14
103900015,17,26,-9
103900016,169,321,-152
103900017,9,117,-108
103900018,728,121,607
103900019,32,65,-33
103900020,51,154,-103
103900021,641,27,614
103900022,468,583,-115
103900023,24,0,24
103900024,42,422,-380
103900025,15,64,-49
103900026,6,0,6
103900027,140,219,-79
103900028,8,148,-140
103900029,443,134,309
103900030,116,6,110
103900031,1,4,-3
103900032,15,20,-5
103900033,50,5,45
103900034,20,242,-222
103900035,28,38,-10
103900036,69,16,53
103900037,22,20,2
103900038,13,96,-83
103900039,18,441,-423
103900040,3,137,-134
103900041,7,13,-6
103900042,11,481,-470
103900043,28,115,-87
103900044,215,83,132
103900045,70,149,-79
103900047,23,16,7
103900048,30,17,13
103900049,170,1060,-890
103900050,1,48,-47
103900051,1,41,-40
103900052,68,735,-667
103900053,38,959,-921
103900054,15,507,-492
103900055,217,231,-14
103900056,3,44,-41
103900057,5,356,-351
103900058,30,708,-678
103900059,0,1,-1
103900060,8,187,-179
103900061,7,40,-33
103900062,37,39,-2
103900063,0,0,0
103900064,20,0,20
103900065,590,236,354
103900066,31,1,30
103900067,38,4,34
103900068,0,0,0
103900069,32,4,28
103900070,56,196,-140
103900071,8,130,-122
103900072,5,263,-258
103900073,30,7,23
103900074,9,99,-90
103900075,45,96,-51
103900076,120,655,-535
103900077,64,28,36
103900078,32,105,-73
103900079,23,253,-230
103900080,4,17,-13
103900081,117,8,109
103900082,2,95,-93
103900083,2266,236,2030
103900084,12,93,-81
103900085,70,65,5
103900086,130,148,-18
103900088,332,126,206
103900089,77,171,-94
103900090,3,173,-170
103900091,586,192,394
103900092,185,589,-404
103900093,73,436,-363
103900094,2,169,-167
103900095,94,156,-62
103900096,12,400,-388
103900097,2,457,-455
103900098,49,27,22
103900099,11,330,-319
103900100,64,282,-218
103900101,43,797,-754
103900102,2,21,-19
103900104,0,19,-19
103900105,67,146,-79
103900106,0,19,-19
103900107,11,197,-186
103900108,30,496,-466
103900109,11,100,-89
103900110,73,38,35
103900111,21,771,-750
103900112,5,37,-32
103900113,121,91,30
103900114,566,302,264
103900115,158,47,111
103900116,5878,620,5258
103900117,216,91,125
103900119,11,10,1
103900120,13,116,-103
103900122,9,322,-313
103900123,1433,451,982
103900124,37,652,-615
103900125,52,105,-53
103900126,140,435,-295
103900127,44,818,-774
103900128,13,220,-207
103900131,18,124,-106
103900133,538,11,527
103900134,0,1,-1
103900135,1,3,-2
103900137,0,50,-50
103900138,27,379,-352
103900139,694,639,55
103900140,0,25,-25
103900141,146,79,67
103900142,40,152,-112
103900143,6,0,6
103900144,0,40,-40
103900145,65,245,-180
103900146,142,280,-138
103900147,124,60,64
103900148,98,196,-98
103900149,26,735,-709
103900150,6381,1070,5311
103900151,12,138,-126
103900152,80,779,-699
103900153,2,1,1
103900154,759,504,255
103900155,8,214,-206
103900156,3,128,-125
103900157,4,144,-140
103900158,10,170,-160
103900159,27,42,-15
103900160,17,15,2
103900161,23,149,-126
103900162,57,303,-246
103900163,1,331,-330
103900167,4,31,-27
103900168,32,103,-71
103900169,7,22,-15
103900170,1,80,-79
103900171,0,55,-55
103900172,3,12,-9
103900173,2,1,1
103900174,29,29,0
103900175,17,14,3
103900176,4,6,-2
103900177,4,38,-34
103900178,13,55,-42
103900179,8,146,-138
103900180,1,101,-100
103900181,62,23,39
103900182,22,10,12
103900184,479,12,467
103900185,113,49,64
103900187,56,13,43
103900188,19,1,18
103900189,42,7,35
103900190,29,33,-4
103900191,11,25,-14
103900192,13,59,-46
103900193,129,71,58
103900194,11,308,-297
103900195,3,30,-27
103900196,11,14,-3
103900197,2,27,-25
103900198,7,45,-38
103900199,48,86,-38
103900200,72,168,-96
103900201,72,169,-97
103900202,5,35,-30
103900203,14,15,-1
103900204,0,115,-115
103900207,1,125,-124
103900208,5,0,5
103900209,3,69,-66
103900210,8,30,-22
103900211,165,588,-423
103900212,22,532,-510
103900213,104,172,-68
103900214,194,64,130
103900215,803,245,558
103900216,12,390,-378
103900217,181,7,174
103900218,19,168,-149
103900219,72,255,-183
103900233,13,2,11
103900235,14,3,11
103900236,13,1,12
103900242,0,3,-3
103900243,2,8,-6
103900244,17,329,-312
103900245,27,242,-215
103900246,12,21,-9
103900247,16,97,-81
103900248,2,29,-27
103900249,8,17,-9
103900250,32,14,18
103900251,1,39,-38
103900253,10,16,-6
103900254,1,19,-18
103900255,6,11,-5
103900256,23,13,10
103900257,100,55,45
103900258,12,0,12
103900259,45,4,41
103900261,5,3,2
103900262,20,1,19
103900263,42,27,15
103900264,42,12,30
103900265,23,2,21
103900266,0,21,-21
103900267,1,31,-30
103900268,1,114,-113
103900269,81,21,60
103900270,6,112,-106
103900271,14,181,-167
103900272,31,82,-51
103900273,3,29,-26
103900274,7,6,1
103900275,8,3,5
103900276,2,107,-105
103900277,2,97,-95
103900278,27,61,-34
103900279,8,12,-4
103900280,0,203,-203
103900281,109,26,83
103900282,3,4,-1
103900283,39,5,34
103900284,1,1,0
103900285,15,14,1
103900286,22,155,-133
103900287,1,4,-3
103900288,92,10,82
103900289,22,0,22
103900290,70,16,54
103900291,2,0,2
103900292,2,4,-2
103900293,18,6,12
103900294,8,14,-6
104000001,1697,2112,-415
104000002,1150,2317,-1167
104000003,1915,1936,-21
104000004,3111,2167,944
104000005,698,1632,-934
104000006,1957,2538,-581
104000007,2630,2605,25
104000008,241,614,-373
104000009,58,151,-93
104000010,101,200,-99
104000011,725,504,221
104000012,107,629,-522
104000013,51,112,-61
104000014,260,803,-543
104000015,117,119,-2
104000016,400,401,-1
104000018,356,102,254
104000019,220,82,138
104000020,184,1025,-841
104000021,175,749,-574
104000022,68,307,-239
104000023,350,269,81
104000024,178,373,-195
104000026,33,221,-188
104000027,194,468,-274
104000028,262,240,22
104000029,369,616,-247
104000030,114,273,-159
104000031,447,158,289
104000032,162,425,-263
104000033,250,333,-83
104000034,244,466,-222
104000035,266,406,-140
104000036,335,621,-286
104000037,208,329,-121
104000038,56,297,-241
104000039,93,433,-340
104000040,450,423,27
104000041,581,451,130
104000042,92,183,-91
104000043,142,426,-284
104000044,203,840,-637
104000045,610,1342,-732
104000046,1324,1583,-259
104000047,403,1351,-948
104000048,867,2038,-1171
104000049,332,296,36
104000050,113,476,-363
104000051,92,796,-704
104000052,726,1284,-558
104000053,499,649,-150
104000054,278,473,-195
104000055,4106,2593,1513
104000056,1676,249,1427
104000057,203,900,-697
104000058,870,1063,-193
104000059,230,957,-727
104000060,470,1172,-702
104000061,904,1470,-566
104000062,185,332,-147
104000064,785,303,482
104000065,108,280,-172
104000069,1257,463,794
104000070,49,241,-192
104000071,244,485,-241
104000072,834,390,444
104000075,34,281,-247
104000076,368,26,342
104000082,1454,1560,-106
104000083,660,210,450
104000084,81,478,-397
104000085,155,152,3
104000086,138,427,-289
104000087,286,524,-238
104000090,406,1578,-1172
104000092,336,2591,-2255
104000094,618,2313,-1695
104000095,1068,1387,-319
104000096,514,595,-81
104000097,878,1246,-368
104000098,824,1542,-718
104000100,634,728,-94
104000101,640,2242,-1602
104000106,230,687,-457
104000107,464,641,-177
104000108,343,536,-193
104000109,148,30,118
104000110,753,831,-78
104000111,4882,1093,3789
104000112,1983,487,1496
104000116,2,1316,-1314
104000117,43,1092,-1049
104000118,203,246,-43
104000119,300,199,101
104000120,140,1168,-1028
104000121,118,632,-514
104000122,272,678,-406
104000123,848,1835,-987
104000124,1339,2377,-1038
104000125,4989,1852,3137
104000126,148,467,-319
104000127,1777,5154,-3377
104000128,918,514,404
104000129,340,35,305
104000130,14,160,-146
104000131,1155,820,335
104000132,857,1170,-313
104000133,900,709,191
104000134,511,1088,-577
104000135,292,459,-167
104000136,744,889,-145
104000137,1687,161,1526
104000138,1247,308,939
104000139,9141,2574,6567
104000141,1126,2085,-959
104000142,545,1261,-716
104000143,352,877,-525
104000144,45,194,-149
104000145,328,155,173
104000146,511,590,-79
104000147,69,367,-298
104000148,90,114,-24
104000149,241,541,-300
104000150,208,456,-248
104000151,205,785,-580
104000152,274,887,-613
104000153,93,425,-332
104000154,1081,779,302
104000155,186,331,-145
104000157,1042,1969,-927
104000158,126,236,-110
104000159,279,263,16
104000160,1213,880,333
104000161,227,85,142
104000162,49,80,-31
104000165,1447,1102,345
104000167,661,737,-76
104000168,415,3,412
104000169,23,48,-25
104000170,893,165,728
104000248,110,775,-665
104000251,62,342,-280
104000272,0,0,0
104000273,0,0,0
104000274,0,0,0
104000275,0,0,0
104000279,3105,894,2211
104000290,26,352,-326
104000291,863,1380,-517
104000293,565,625,-60
104000294,3,0,3
104000295,388,717,-329
104000296,162,652,-490
104000297,749,1323,-574
104000298,1524,912,612
104000299,505,1257,-752
104000302,189,189,0
104000303,296,218,78
104900001,44,415,-371
104900002,16,61,-45
104900003,10,339,-329
104900004,45,346,-301
104900005,84,121,-37
104900006,60,53,7
104900007,105,204,-99
104900009,53,594,-541
104900010,16,5,11
104900011,0,0,0
104900012,93,7,86
104900013,16,2,14
104900014,3692,202,3490
104900015,32,1,31
104900016,38,323,-285
104900017,35,186,-151
104900018,1,212,-211
104900019,162,611,-449
104900020,32,224,-192
104900021,1,356,-355
104900022,6,195,-189
104900023,1,190,-189
104900024,14,145,-131
104900025,33,362,-329
104900026,2,148,-146
104900027,107,153,-46
104900028,22,100,-78
104900029,31,84,-53
104900030,172,124,48
104900031,213,217,-4
104900032,37,135,-98
104900033,48,199,-151
104900034,84,47,37
104900035,90,53,37
104900036,69,36,33
104900037,56,284,-228
104900038,397,125,272
104900039,828,71,757
104900040,45,35,10
104900041,78,70,8
104900042,63,446,-383
104900043,4,15,-11
104900044,143,109,34
104900045,192,42,150
104900046,33,101,-68
104900047,118,96,22
104900048,39,54,-15
104900049,9,1,8
104900050,42,60,-18
104900051,67,32,35
104900052,8,1,7
104900053,174,33,141
104900054,37,23,14
104900055,9,0,9
104900056,65,3,62
104900057,1,1,0
104900058,120,109,11
104900059,9,34,-25
104900061,173,499,-326
104900063,4,121,-117
104900064,0,76,-76
104900065,0,81,-81
104900066,0,205,-205
104900067,2,141,-139
104900068,9,196,-187
104900070,34,271,-237
104900071,1,755,-754
104900072,13,193,-180
104900073,11,278,-267
104900074,20,199,-179
104900075,39,63,-24
104900076,34,378,-344
104900077,1163,47,1116
104900078,87,924,-837
104900079,171,74,97
104900080,21,564,-543
104900082,4,248,-244
104900085,1,277,-276
104900089,24,0,24
104900091,327,892,-565
104900093,127,597,-470
104900097,2923,902,2021
104900098,20,41,-21
104900099,47,252,-205
104900100,749,104,645
104900102,12,225,-213
104900103,252,80,172
104900106,14,116,-102
104900107,24,321,-297
104900108,14,378,-364
104900109,30,39,-9
104900110,3,30,-27
104900111,101,66,35
104900112,104,1041,-937
104900113,247,387,-140
104900114,139,774,-635
104900115,160,591,-431
104900116,35,308,-273
104900118,12,83,-71
104900119,0,28,-28
104900120,177,37,140
104900121,1,150,-149
104900122,1,63,-62
104900123,8,1,7
104900124,5,0,5
104900125,215,111,104
104900126,87,60,27
104900127,21,22,-1
104900128,37,83,-46
104900129,2021,539,1482
105000001,1742,1711,31
105000002,1610,1773,-163
105000003,2086,3460,-1374
105000004,304,987,-683
105000005,403,1108,-705
105000006,553,1274,-721
105000007,546,1050,-504
105000008,473,1247,-774
105000009,783,2038,-1255
105000010,2717,2091,626
105000011,1146,1709,-563
105000012,3466,2845,621
105000013,408,815,-407
105000014,753,1462,-709
105000015,4661,3363,1298
105000016,2762,1360,1402
105000017,1315,927,388
105000018,924,682,242
105000019,1152,746,406
105000020,124,220,-96
105000021,222,109,113
105000022,61,14,47
105000023,229,182,47
105000028,18,133,-115
105000029,275,610,-335
105000030,3220,3174,46
105000031,7,17,-10
105000033,994,1914,-920
105000034,95,478,-383
105000037,423,473,-50
105000038,952,814,138
105000039,3092,1356,1736
105000040,271,452,-181
105000041,386,1112,-726
105000042,1278,669,609
105000043,1764,1561,203
105000044,185,189,-4
105000045,195,890,-695
105000046,286,264,22
105000047,323,1275,-952
105000048,293,205,88
105000049,222,735,-513
105000050,291,304,-13
105000051,164,586,-422
105000052,174,837,-663
105000053,121,177,-56
105000054,100,841,-741
105000055,263,401,-138
105000056,385,2217,-1832
105000057,804,1114,-310
105000058,1408,1358,50
105000059,438,368,70
105000060,380,629,-249
105000061,244,395,-151
105000062,752,1034,-282
105000063,219,740,-521
105000064,459,422,37
105000065,289,1127,-838
105000066,628,2055,-1427
105000067,445,398,47
105000068,414,902,-488
105000069,2549,502,2047
105000070,774,713,61
105000071,145,299,-154
105000072,723,815,-92
105000073,442,369,73
105000074,733,913,-180
105000075,327,676,-349
105000076,1039,1048,-9
105000077,1480,741,739
105000078,1079,881,198
105000079,1437,1632,-195
105000080,997,558,439
105000081,842,624,218
105000082,306,290,16
105000083,552,458,94
105000084,387,1045,-658
105000085,974,835,139
105000086,438,915,-477
105000087,2177,1673,504
105000088,1075,1171,-96
105000089,2647,2212,435
105000090,894,811,83
105000091,1796,1556,240
105000092,400,1123,-723
105000093,300,173,127
105000094,270,183,87
105000095,60,424,-364
105000096,791,632,159
105000097,838,783,55
105000098,405,379,26
105000099,538,856,-318
105000100,507,1245,-738
105000101,1189,1606,-417
105000102,781,1333,-552
105000103,860,1877,-1017
105000104,863,980,-117
105000105,576,1561,-985
105000106,621,1109,-488
105000107,560,757,-197
105000108,514,1568,-1054
105000109,626,1264,-638
105000110,401,788,-387
105000111,484,469,15
105000112,588,779,-191
105000113,226,381,-155
105000114,3730,700,3030
105000115,166,632,-466
105000116,280,417,-137
105000117,666,1663,-997
105000118,130,318,-188
105000119,271,1304,-1033
105000120,386,532,-146
105000121,499,1104,-605
105000122,169,350,-181
105000123,905,1337,-432
105000124,1019,995,24
105000125,530,1605,-1075
105000126,1356,1912,-556
105000127,1610,1572,38
105000128,240,1347,-1107
105000129,407,347,60
105000130,62,609,-547
105000131,383,327,56
105000132,412,384,28
105000133,276,993,-717
105000134,241,572,-331
105000135,287,621,-334
105000136,82,347,-265
105000137,249,252,-3
105000138,324,336,-12
105000139,770,1159,-389
105000140,140,405,-265
105000141,92,699,-607
105000142,65,500,-435
105000143,90,565,-475
105000144,233,639,-406
105000145,240,547,-307
105000146,366,629,-263
105000147,286,351,-65
105000148,760,645,115
105000149,1303,1056,247
105000150,1838,1181,657
105000151,142,233,-91
105000152,120,642,-522
105000153,439,325,114
105000154,702,933,-231
105000155,201,347,-146
105000156,708,867,-159
105000157,946,1942,-996
105000158,1381,556,825
105000159,324,1331,-1007
105000160,919,524,395
105000161,482,2310,-1828
105000162,261,1014,-753
105000163,1272,1338,-66
105000164,236,311,-75
105000165,1502,2608,-1106
105000166,8233,216,8017
105000167,2525,967,1558
105000168,129,989,-860
105000169,188,440,-252
105000170,62,1226,-1164
105000171,861,240,621
105000172,21,44,-23
105000173,34,11,23
105000174,8,16,-8
105000175,76,149,-73
105000176,52,61,-9
105000177,51,95,-44
105000178,93,563,-470
105000179,73,104,-31
105000180,55,127,-72
105000181,31,348,-317
105000182,28,90,-62
105000183,2579,1181,1398
105000184,1256,493,763
105000185,678,423,255
105000186,305,845,-540
105000187,385,280,105
105000188,71,89,-18
105000189,101,540,-439
105000190,82,282,-200
105000191,242,401,-159
105000192,60,112,-52
105000193,35,119,-84
105000194,145,114,31
105000195,145,1000,-855
105000196,61,64,-3
105000197,171,735,-564
105000198,406,192,214
105000199,147,128,19
105000200,74,225,-151
105000201,48,17,31
105000203,18,336,-318
105000204,89,84,5
105000205,76,274,-198
105000207,534,173,361
105000208,235,207,28
105000209,173,423,-250
105000211,56,24,32
105000212,596,1362,-766
105000213,152,78,74
105000214,15,172,-157
105000215,82,289,-207
105000216,63,346,-283
105000217,89,326,-237
105000218,365,940,-575
105000221,145,276,-131
105000222,32,53,-21
105000223,91,213,-122
105000226,16,311,-295
105000227,8,161,-153
105000228,130,389,-259
105000229,36,192,-156
105000231,102,160,-58
105000233,421,488,-67
105000234,370,931,-561
105000235,170,408,-238
105000237,285,30,255
105000243,4,34,-30
105000248,22,32,-10
105000262,91,1603,-1512
105000269,43,159,-116
105000270,122,118,4
105000271,1,262,-261
105000282,62,24,38
105000287,192,108,84
105000288,171,409,-238
105000289,528,655,-127
105000290,5,0,5
105000402,4052,907,3145
105000426,235,480,-245
105000438,456,437,19
105000440,7,36,-29
105000446,10104,3507,6597
105000447,4978,1989,2989
105000454,71,926,-855
105000455,302,219,83
105000474,6,0,6
105000477,125,318,-193
105000478,721,1319,-598
105000479,86,82,4
105000480,1004,1373,-369
105000481,1405,1516,-111
105000482,3304,2383,921
105000483,844,838,6
105000484,1921,2367,-446
105000485,622,1079,-457
105000486,2585,1810,775
105000488,2091,2048,43
105000489,306,610,-304
105000549,14,89,-75
105000550,408,880,-472
105000551,16,72,-56
105000552,3397,1868,1529
105000555,793,528,265
105000556,22,41,-19
105000557,41,293,-252
105900001,4,883,-879
105900002,1487,238,1249
105900003,12,77,-65
105900004,210,68,142
105900005,1,156,-155
105900006,3,23,-20
105900007,11,10,1
105900008,23,640,-617
105900009,7,13,-6
105900011,94,45,49
105900012,196,150,46
105900013,1,12,-11
105900014,5,105,-100
105900015,72,207,-135
105900016,73,859,-786
105900017,362,52,310
105900018,112,257,-145
105900019,38,525,-487
105900020,9,80,-71
105900021,38,243,-205
105900022,121,304,-183
105900023,1,95,-94
105900024,1,80,-79
105900025,28,21,7
105900026,149,15,134
105900027,3543,1664,1879
105900028,19,159,-140
105900029,1555,158,1397
105900030,99,259,-160
105900031,311,161,150
105900032,16,88,-72
105900033,53,112,-59
105900034,43,145,-102
105900035,102,129,-27
105900036,23,116,-93
105900037,87,48,39
105900038,71,302,-231
105900039,53,172,-119
105900040,37,73,-36
105900041,185,380,-195
105900042,15,88,-73
105900043,1579,26,1553
105900044,2,117,-115
105900045,1,368,-367
105900046,0,124,-124
105900047,14,18,-4
105900048,33,359,-326
105900050,925,282,643
105900051,5,893,-888
105900052,157,21,136
105900053,2999,821,2178
105900054,179,133,46
105900056,933,97,836
105900057,4,135,-131
105900058,6,39,-33
105900059,0,13,-13
106000001,2156,672,1484
106000002,2054,2798,-744
106000003,2458,1788,670
106000004,2112,1655,457
106000005,1498,3654,-2156
106000006,4706,3859,847
106000007,328,387,-59
106000008,307,250,57
106000009,297,242,55
106000010,308,435,-127
106000011,360,797,-437
106000012,430,1474,-1044
106000013,1091,1376,-285
106000014,1424,1670,-246
106000015,653,801,-148
106000016,876,2032,-1156
106000017,432,520,-88
106000018,451,547,-96
106000019,155,276,-121
106000020,188,460,-272
106000021,154,531,-377
106000022,217,372,-155
106000023,246,367,-121
106000024,336,914,-578
106000025,99,147,-48
106000026,108,502,-394
106000027,438,957,-519
106000028,305,712,-407
106000029,694,1537,-843
106000030,687,180,507
106000034,98,453,-355
106000035,341,583,-242
106000036,290,261,29
106000037,1127,1412,-285
106000038,314,41,273
106000039,126,12,114
106000040,141,462,-321
106000041,557,194,363
106000043,355,50,305
106000046,192,21,171
106000047,22,260,-238
106000049,243,81,162
106000050,228,735,-507
106000051,176,151,25
106000052,53,575,-522
106000053,74,63,11
106000054,293,457,-164
106000055,341,589,-248
106000056,183,634,-451
106000057,74,142,-68
106000058,86,199,-113
106000059,121,188,-67
106000060,370,556,-186
106000061,146,219,-73
106000062,122,550,-428
106000063,366,347,19
106000064,24,344,-320
106000065,135,54,81
106000066,57,375,-318
106000067,66,61,5
106000068,31,500,-469
106000069,84,71,13
106000070,216,516,-300
106000071,420,209,211
106000072,4584,988,3596
106000073,1412,1630,-218
106000074,211,566,-355
106000075,153,830,-677
106000076,840,1148,-308
106000077,2228,1207,1021
106000078,449,791,-342
106000079,342,850,-508
106000080,663,901,-238
106000081,293,889,-596
106000082,1972,879,1093
106000083,259,693,-434
106000084,558,524,34
106000085,1143,736,407
106000086,463,516,-53
106000087,419,422,-3
106000088,234,699,-465
106000089,435,363,72
106000090,186,604,-418
106000091,170,611,-441
106000092,354,194,160
106000093,157,67,90
106000094,49,340,-291
106000095,284,1224,-940
106000096,388,587,-199
106000097,333,1614,-1281
106000098,210,886,-676
106000099,86,882,-796
106000100,351,281,70
106000101,469,558,-89
106000102,65,533,-468
106000103,148,331,-183
106000104,133,137,-4
106000105,246,990,-744
106000106,285,386,-101
106000107,62,638,-576
106000108,190,364,-174
106000109,50,511,-461
106000110,93,206,-113
106000111,85,645,-560
106000112,60,246,-186
106000113,1152,602,550
106000114,193,258,-65
106000115,207,974,-767
106000116,342,438,-96
106000117,814,813,1
106000118,656,900,-244
106000119,2501,949,1552
106000120,441,648,-207
106000121,64,186,-122
106000122,36,276,-240
106000123,111,332,-221
106000124,11,322,-311
106000125,15,399,-384
106000126,72,273,-201
106000127,156,978,-822
106000128,295,480,-185
106000129,310,811,-501
106000130,426,851,-425
106000131,58,496,-438
106000132,984,142,842
106000133,4545,686,3859
106000134,674,463,211
106000135,270,1074,-804
106000136,414,208,206
106000137,61,1966,-1905
106000138,385,46,339
106000139,29,81,-52
106000140,17,114,-97
106000141,17,120,-103
106000142,16,70,-54
106000143,12,137,-125
106000144,23,43,-20
106000145,86,392,-306
106000146,91,160,-69
106000147,407,977,-570
106000148,420,991,-571
106000149,358,761,-403
106000150,375,1524,-1149
106000151,5449,535,4914
106000152,1114,756,358
106000153,58,984,-926
106000154,1487,225,1262
106000155,45,107,-62
106000156,329,257,72
106000157,335,1388,-1053
106000158,3393,619,2774
106000159,4631,948,3683
106000160,100,1319,-1219
106000161,1039,477,562
106000162,73,500,-427
106000163,106,576,-470
106000164,157,252,-95
106000165,98,754,-656
106000166,267,221,46
106000167,158,1467,-1309
106000168,84,214,-130
106000169,127,920,-793
106000170,193,218,-25
106000171,103,806,-703
106000172,1977,620,1357
106000173,473,2006,-1533
106000174,570,186,384
106000175,210,906,-696
106000176,558,426,132
106000177,419,2042,-1623
106000178,1995,1058,937
106000179,833,1543,-710
106000180,765,1731,-966
106000181,267,1997,-1730
106000182,328,515,-187
106000183,312,882,-570
106000184,401,1007,-606
106000185,295,964,-669
106000186,490,113,377
106000187,61,532,-471
106000188,1,1,0
106000189,3,28,-25
106000190,1,2,-1
106000191,399,114,285
106000192,0,26,-26
106000193,210,103,107
106000194,113,388,-275
106000195,90,75,15
106000196,51,339,-288
106000197,89,240,-151
106000198,44,323,-279
106000199,730,416,314
106000200,351,97,254
106000201,353,689,-336
106000202,6421,532,5889
106000203,151,164,-13
106000204,13,6,7
106000205,21,131,-110
106000206,22,16,6
106000207,55,845,-790
106000208,264,46,218
106000209,552,240,312
106000210,167,1248,-1081
106000211,310,1513,-1203
106000212,273,114,159
106000213,389,783,-394
106000214,1307,205,1102
106000215,135,426,-291
106000216,867,184,683
106000217,118,397,-279
106000218,268,264,4
106000219,74,252,-178
106000220,352,363,-11
106000221,38,264,-226
106000222,19,162,-143
106000223,55,124,-69
106000224,79,350,-271
106000225,47,49,-2
106000226,97,347,-250
106000228,11,91,-80
106000229,59,899,-840
106000231,244,112,132
106000232,66,478,-412
106000233,117,103,14
106000234,25,238,-213
106000235,154,58,96
106000236,36,53,-17
106000237,0,15,-15
106000238,3,3,0
106000239,1,41,-40
106000240,27,17,10
106000241,8,642,-634
106000242,167,12,155
106000249,24,33,-9
106000250,26,328,-302
106000251,11,15,-4
106000252,11,92,-81
106000253,4,32,-28
106000254,42,42,0
106000255,8,33,-25
106000256,71,106,-35
106000257,57,284,-227
106000258,64,10,54
106000259,0,34,-34
106000260,4,8,-4
106000261,0,54,-54
106000262,10,16,-6
106000263,2,68,-66
106000264,151,9,142
106000265,8,128,-120
106000266,81,8,73
106000267,1,106,-105
106000268,319,7,312
106000269,45,53,-8
106000270,92,385,-293
106000271,30,170,-140
106000272,83,51,32
106000273,4,139,-135
106000274,169,26,143
106000275,60,115,-55
106000276,65,55,10
106000277,87,107,-20
106000278,163,37,126
106000279,11,73,-62
106000280,26,154,-128
106000281,35,70,-35
106000282,38,46,-8
106000283,43,85,-42
106000284,43,101,-58
106000285,80,151,-71
106000286,42,176,-134
106000287,39,111,-72
106000288,40,184,-144
106000289,24,101,-77
106000290,43,103,-60
106000291,28,87,-59
106000292,62,160,-98
106000293,49,87,-38
106000294,111,129,-18
106000295,23,40,-17
106000296,39,112,-73
106000297,53,146,-93
106000298,174,34,140
106000299,55,114,-59
106000300,55,70,-15
106000301,42,88,-46
106000303,9,22,-13
106000304,41,39,2
106000305,12,8,4
106000306,46,104,-58
106000307,15,4,11
106000308,22,128,-106
106000309,23,43,-20
106000310,240,495,-255
106000311,131,90,41
106000312,87,295,-208
106000313,89,183,-94
106000318,138,134,4
106000319,238,22,216
106000320,0,44,-44
106000321,191,58,133
106000322,53,225,-172
106000324,17,145,-128
106000325,589,776,-187
106000326,610,1645,-1035
106000327,55,150,-95
106000328,1,97,-96
106000329,26,255,-229
106000330,27,51,-24
106000428,22,194,-172
106000429,54,595,-541
106000430,211,1514,-1303
106000431,562,260,302
106000432,1202,2356,-1154
106000433,997,565,432
106000434,1796,579,1217
106000435,1808,2276,-468
106000436,9,311,-302
106000437,75,32,43
106000438,101,55,46
106000439,41,642,-601
106000440,209,973,-764
106000441,0,0,0
106000442,139,0,139
106000443,46,600,-554
106000450,4,181,-177
106000451,22,4,18
106000454,6,64,-58
106000455,7,198,-191
106000456,72,28,44
106000457,6,991,-985
106000458,118,162,-44
106000459,14,461,-447
106000460,251,23,228
106000461,8,1879,-1871
106000462,1,6,-5
106000463,2,33,-31
106000464,4,602,-598
106000465,90,1,89
106000466,4,742,-738
106000467,549,567,-18
106000468,31,207,-176
106000469,231,0,231
106000470,172,975,-803
106000471,11,462,-451
106000472,49,8,41
106000473,18,28,-10
106000474,303,984,-681
106000475,174,208,-34
106000476,305,191,114
106000477,20,187,-167
106000480,0,31,-31
106900001,2,16,-14
106900002,1,592,-591
106900003,35,303,-268
106900004,0,60,-60
106900006,1,25,-24
106900007,0,26,-26
106900008,50,252,-202
106900009,127,484,-357
106900010,71,287,-216
106900012,1713,394,1319
106900013,37,6,31
106900014,14,0,14
106900015,5,1,4
106900016,35,0,35
106900017,1,0,1
106900018,2,0,2
106900019,3,0,3
106900020,2550,348,2202
106900021,14,59,-45
106900022,119,0,119
106900023,3,218,-215
106900024,56,5,51
106900025,8,417,-409
106900026,2,890,-888
106900027,126,1,125
106900028,5,106,-101
106900029,54,4,50
106900030,5,78,-73
107000001,1277,1142,135
107000002,2411,3027,-616
107000003,2192,3558,-1366
107000004,3830,5321,-1491
107000005,1236,2552,-1316
107000006,2592,6209,-3617
107000007,3481,3041,440
107000008,18415,9580,8835
107000009,2752,3429,-677
107000010,9185,10305,-1120
107000011,883,1013,-130
107000012,3572,3788,-216
107000013,53,174,-121
107000014,14,279,-265
107000015,295,817,-522
107000016,261,1268,-1007
107000017,1337,609,728
107000018,4,227,-223
107000020,577,276,301
107000021,460,786,-326
107000022,441,1284,-843
107000023,802,293,509
107000024,226,1765,-1539
107000025,114,322,-208
107000026,122,729,-607
107000027,879,668,211
107000028,877,1596,-719
107000029,969,1164,-195
107000030,2797,3125,-328
107000031,1436,1150,286
107000032,201,812,-611
107000033,3716,3000,716
107000034,4773,1812,2961
107000035,253,139,114
107000036,313,795,-482
107000037,82,494,-412
107000038,211,207,4
107000039,319,472,-153
107000040,82,301,-219
107000041,870,422,448
107000042,482,1177,-695
107000043,2406,523,1883
107000044,393,353,40
107000045,128,336,-208
107000046,261,205,56
107000047,223,857,-634
107000048,223,369,-146
107000049,300,730,-430
107000050,406,517,-111
107000051,387,228,159
107000052,746,554,192
107000053,224,130,94
107000054,33,235,-202
107000055,227,130,97
107000056,503,635,-132
107000057,1806,217,1589
107000058,1048,1525,-477
107000059,1545,2454,-909
107000060,2157,3447,-1290
107000061,4295,3445,850
107000062,1564,2286,-722
107000063,3195,5541,-2346
107000064,1676,1560,116
107000065,2387,5367,-2980
107000066,1082,1414,-332
107000067,413,717,-304
107000068,982,417,565
107000069,256,336,-80
107000070,149,0,149
107000071,714,9,705
107000072,57,3586,-3529
107000073,184,108,76
107000074,121,776,-655
107000075,489,133,356
107000076,551,1555,-1004
107000077,1087,270,817
107000078,1177,2783,-1606
107000079,934,246,688
107000080,862,2874,-2012
107000081,486,378,108
107000082,317,3020,-2703
107000083,474,197,277
107000084,297,2664,-2367
107000085,2264,2309,-45
107000086,3178,2103,1075
107000087,1842,1616,226
107000088,2160,2667,-507
107000089,901,1423,-522
107000090,752,953,-201
107000091,544,943,-399
107000092,409,1089,-680
107000093,555,812,-257
107000094,700,1294,-594
107000095,277,528,-251
107000096,465,878,-413
107000097,299,344,-45
107000098,335,931,-596
107000099,172,157,15
107000100,252,312,-60
107000101,28,141,-113
107000102,404,305,99
107000103,196,190,6
107000104,176,309,-133
107000105,184,126,58
107000106,95,283,-188
107000107,234,169,65
107000108,181,862,-681
107000109,194,81,113
107000110,64,538,-474
107000111,95,27,68
107000112,12,517,-505
107000113,156,85,71
107000114,47,867,-820
107000115,155,60,95
107000116,46,1049,-1003
107000117,43,163,-120
107000118,112,342,-230
107000119,1730,664,1066
107000120,2899,320,2579
107000121,246,592,-346
107000122,702,677,25
107000123,122,879,-757
107000124,261,795,-534
107000125,205,934,-729
107000126,387,1125,-738
107000129,100,1206,-1106
107000130,202,135,67
107000131,143,763,-620
107000132,131,303,-172
107000133,257,121,136
107000134,158,2,156
107000135,14,228,-214
107000136,352,0,352
107000137,15,361,-346
107000138,241,4,237
107000139,5,264,-259
107000140,346,18,328
107000141,82,844,-762
107000142,206,27,179
107000143,24,854,-830
107000144,235,193,42
107000145,122,579,-457
107000146,108,151,-43
107000147,4053,926,3127
107000150,941,813,128
107000151,21,34,-13
107000152,517,304,213
107000153,336,212,124
107000154,73,60,13
107000155,209,9,200
107000156,413,16,397
107000157,23,2719,-2696
107000158,281,15,266
107000159,14,1366,-1352
107000160,234,60,174
107000161,56,2101,-2045
107000162,61,150,-89
107000163,5,2,3
107000164,55,0,55
107000165,165,2,163
107000166,64,1386,-1322
107000167,161,187,-26
107000168,347,141,206
107000169,779,1104,-325
107000170,419,311,108
107000171,362,3184,-2822
107000172,489,407,82
107000173,788,1319,-531
107000174,691,900,-209
107000175,10837,1397,9440
107000176,0,0,0
107000177,0,0,0
107000178,2,42,-40
107000179,139,3402,-3263
107000180,347,335,12
107000181,145,1319,-1174
107000182,487,720,-233
107000183,70,1004,-934
107000184,267,799,-532
107000185,152,1264,-1112
107000186,223,220,3
107000187,679,1109,-430
107000188,334,279,55
107000189,189,789,-600
107000190,292,626,-334
107000191,499,1127,-628
107000192,989,1025,-36
107000193,278,258,20
107000194,729,682,47
107000197,282,175,107
107000198,109,719,-610
107000199,406,692,-286
107000200,943,439,504
107000201,202,161,41
107000202,174,436,-262
107000203,606,294,312
107000204,428,624,-196
107000205,2102,754,1348
107000206,598,381,217
107000207,590,525,65
107000208,1005,201,804
107000209,1556,227,1329
107000210,1211,108,1103
107000211,3,15,-12
107000212,5,69,-64
107000213,21,19,2
107000214,7,52,-45
107000215,166,519,-353
107000216,75,530,-455
107000217,40,163,-123
107000219,21,173,-152
107000220,24,314,-290
107000222,225,533,-308
107000224,131,25,106
107000225,78,507,-429
107000226,97,73,24
107000227,55,432,-377
107000228,82,101,-19
107000229,171,80,91
107000230,727,474,253
107000231,684,277,407
107000232,37,35,2
107000233,442,289,153
107000234,0,13,-13
107000235,45,6,39
107000236,7,212,-205
107000237,0,0,0
107000238,7,0,7
107000239,5802,315,5487
107000240,50,1286,-1236
107000243,0,59,-59
107000244,4,76,-72
107000246,4,1135,-1131
107000249,3,882,-879
107000251,1,318,-317
107000252,5,1539,-1534
107000255,686,74,612
107000257,3,670,-667
107000258,2,159,-157
107000259,3,239,-236
107000260,127,0,127
107000262,4,930,-926
107000263,103,1,102
107000266,1,2,-1
107000267,65,159,-94
107000268,143,172,-29
107000269,79,25,54
107000270,1,4,-3
107000271,4,1019,-1015
107000272,3,224,-221
107000273,2,303,-301
107000274,195,2,193
107000275,112,792,-680
107000280,155,13,142
107000281,11,1277,-1266
107000282,14,1699,-1685
107000290,0,53,-53
107000291,10,6,4
107000292,0,22,-22
107000293,27,6,21
107000294,1,46,-45
107000295,13,0,13
107000296,0,1,-1
107000444,85,4,81
107000496,1,7,-6
107000497,983,3395,-2412
107000500,250,382,-132
107000501,53,252,-199
107000502,105,447,-342
107000505,547,705,-158
107000506,0,11,-11
107000508,1,707,-706
107000509,133,445,-312
107000510,14,32,-18
107000514,13,239,-226
107000515,20,331,-311
107000516,65,162,-97
107000518,323,240,83
107000519,4154,1066,3088
107000520,14,1,13
107000521,263,543,-280
107000522,320,935,-615
107900001,27,309,-282
107900002,25,1,24
107900003,67,54,13
107900004,0,1,-1
107900005,184,1,183
107900006,26,0,26
107900007,53,12,41
107900008,27,49,-22
107900009,39,7,32
107900010,2,1,1
107900012,118,0,118
107900013,230,68,162
107900014,4,1,3
107900015,143,1,142
107900016,240,72,168
107900017,5,2,3
107900018,34,22,12
107900019,3,104,-101
107900020,81,7,74
107900021,14,111,-97
107900023,0,1,-1
107900024,0,15,-15
107900025,189,296,-107
107900026,11,123,-112
107900027,5,49,-44
107900028,11,62,-51
107900030,57,4,53
107900031,34,323,-289
107900032,0,3,-3
107900033,1,3,-2
107900034,115,2,113
107900035,282,12,270
107900036,25,1,24
107900037,1,35,-34
107900038,84,64,20
107900039,1,43,-42
107900040,10,16,-6
107900041,0,1,-1
107900043,14,163,-149
107900044,0,1,-1
107900045,14,19,-5
107900046,52,24,28
107900047,3,65,-62
107900048,34,2,32
107900049,174,122,52
107900050,64,301,-237
107900051,20,86,-66
107900052,3,2,1
107900053,11,59,-48
107900055,162,134,28
107900056,18,4,14
107900057,0,0,0
107900058,18,652,-634
107900060,1,38,-37
107900061,27,7,20
107900063,32,106,-74
107900064,141,8,133
107900065,49,14,35
107900066,2,10,-8
107900067,0,0,0
107900068,54,161,-107
107900069,12,322,-310
107900070,28,4,24
107900071,12,985,-973
107900072,19,134,-115
107900073,20,80,-60
107900074,903,94,809
107900076,58,71,-13
107900077,14,1,13
107900079,3,5,-2
107900080,54,216,-162
107900081,5,50,-45
107900082,5,11,-6
107900083,112,39,73
107900084,23,72,-49
107900086,28,59,-31
107900087,166,20,146
107900088,6,11,-5
107900089,207,538,-331
107900090,289,415,-126
107900091,89,460,-371
107900093,16,57,-41
107900095,2438,602,1836
107900097,6,18,-12
107900098,12,118,-106
107900100,673,253,420
107900101,1043,71,972
107900102,30,2,28
107900103,21,144,-123
107900104,46,1,45
107900105,2,691,-689
107900106,0,1678,-1678
107900107,952,83,869
107900108,203,26,177
107900109,221,1,220
107900110,4,92,-88
107900111,11,1203,-1192
107900112,31,140,-109
107900113,30,81,-51
107900114,35,192,-157
107900115,1,34,-33
107900116,37,218,-181
107900117,174,393,-219
107900118,51,104,-53
107900119,22,30,-8
107900120,12,2,10
107900121,0,141,-141
107900122,0,45,-45
107900123,1,14,-13
107900124,3,42,-39
107900125,18,197,-179
107900126,2,20,-18
107900127,307,41,266
107900128,52,38,14
107900129,15,29,-14
107900130,17,18,-1
107900131,144,17,127
107900132,85,399,-314
107900133,3,57,-54
107900134,12,0,12
107900135,1,178,-177
107900136,36,13,23
107900137,48,52,-4
107900138,6,7,-1
107900139,1,19,-18
107900141,19,1,18
107900142,35,1100,-1065
107900143,11,38,-27
107900144,1,130,-129
107900145,6,96,-90
107900146,45,73,-28
107900147,16,3,13
107900148,99,117,-18
107900149,1680,65,1615
107900150,54,801,-747
107900151,4,69,-65
107900152,16,265,-249
107900153,66,96,-30
107900154,16,7,9
107900155,14,18,-4
107900156,1,392,-391
107900157,18,123,-105
107900158,118,7,111
107900159,50,960,-910
107900160,15,103,-88
107900161,4,311,-307
107900162,1,33,-32
107900163,54,13,41
107900164,1,8,-7
107900165,31,48,-17
107900166,1,260,-259
107900167,4,2,2
107900168,10,43,-33
107900169,0,171,-171
107900171,7,1912,-1905
107900172,0,411,-411
107900173,4,160,-156
107900174,9,1,8
107900175,3,6,-3
107900176,3,38,-35
107900177,0,12,-12
107900178,0,235,-235
107900179,2,137,-135
107900180,1023,102,921
107900181,168,413,-245
107900182,20,1556,-1536
107900183,4,345,-341
107900184,20,265,-245
107900185,11,1,10
107900186,5,21,-16
107900187,0,112,-112
107900188,757,53,704
107900189,2,92,-90
107900190,123,32,91
107900191,18,191,-173
107900193,33,28,5
107900194,39,2,37
107900195,4197,296,3901
107900196,20,57,-37
107900197,345,59,286
107900199,1,1071,-1070
107900201,35,161,-126
107900203,19,40,-21
107900204,220,129,91
107900206,128,140,-12
107900207,3,750,-747
107900208,4,852,-848
107900209,222,79,143
107900210,33,129,-96
107900213,113,267,-154
107900214,1,152,-151
107900215,163,268,-105
107900216,12,43,-31
107900217,14,35,-21
107900218,7,1502,-1495
107900219,2,180,-178
107900220,85,28,57
107900221,150,264,-114
107900223,39,558,-519
107900224,110,222,-112
107900225,1,766,-765
107900226,28,121,-93
107900227,61,415,-354
107900228,7,73,-66
107900229,2,328,-326
107900230,12,157,-145
107900231,5,204,-199
107900232,12,278,-266
107900233,4,109,-105
107900234,29,141,-112
107900235,26,100,-74
107900236,23,90,-67
107900237,90,385,-295
107900238,9,104,-95
107900239,1231,304,927
107900240,6,171,-165
107900241,5,79,-74
107900242,5,390,-385
107900243,3,25,-22
107900244,71,0,71
107900245,93,17,76
107900246,18,6,12
107900248,66,225,-159
107900249,132,1,131
107900250,8,446,-438
107900251,11,1150,-1139
107900252,187,2,185
107900253,23,3,20
107900254,38,27,11
107900255,364,28,336
107900256,116,387,-271
107900257,29,17,12
107900258,23,194,-171
107900259,48,314,-266
107900261,0,396,-396
107900262,21,122,-101
107900264,58,1,57
107900265,31,235,-204
107900267,27,13,14
107900268,43,4,39
107900269,2,6,-4
107900270,0,0,0
107900271,0,0,0
107900272,79,5,74
107900273,5,36,-31
107900274,6,0,6
107900275,7,0,7
107900276,0,37,-37
107900277,0,139,-139
107900278,66,356,-290
107900279,67,42,25
107900280,1690,628,1062
107900281,3528,591,2937
107900282,72,66,6
107900283,1119,315,804
107900284,56,858,-802
107900285,19,123,-104
107900286,32,30,2
107900287,91,91,0
107900290,0,32,-32
107900291,134,3,131
107900292,70,221,-151
107900293,23,566,-543
107900295,13,104,-91
107900297,1,206,-205
107900298,538,867,-329
107900299,3810,722,3088
107900301,208,170,38
107900302,53,12,41
107900303,18,245,-227
107900304,64,447,-383
107900305,55,8,47
107900306,6,4,2
107900307,37,355,-318
107900308,86,11,75
107900309,9,0,9
107900310,0,0,0
107900311,87,38,49
107900312,1,0,1
107900313,2,43,-41
107900314,3,41,-38
107900315,0,32,-32
107900316,9,0,9
107900317,26,0,26
107900318,7,103,-96
107900319,3,191,-188
107900320,2,158,-156
107900321,14,1,13
107900322,2,208,-206
107900323,1,67,-66
107900324,72,0,72
107900325,29,0,29
107900326,45,347,-302
107900327,0,0,0
107900328,0,0,0
107900329,0,0,0
107900330,6,445,-439
107900331,40,29,11
107900332,59,38,21
107900333,27,4,23
107900334,8,301,-293
107900335,53,82,-29
107900336,8,25,-17
107900337,1252,223,1029
107900338,0,131,-131
107900339,0,21,-21
107900340,1,55,-54
107900341,8,1,7
107900342,39,81,-42
107900343,10,0,10
107900344,2,165,-163
107900345,30,19,11
107900346,6,0,6
107900347,1,0,1
107900348,1,2,-1
107900349,5,1,4
107900350,36,290,-254
107900351,1,228,-227
107900352,0,71,-71
107900353,3,5,-2
107900354,7,103,-96
108000001,1470,1805,-335
108000002,2216,3417,-1201
108000003,1778,1309,469
108000004,16125,12214,3911
108000005,2600,2056,544
108000006,3783,5125,-1342
108000007,2534,2510,24
108000008,3906,5011,-1105
108000009,1280,2285,-1005
108000010,1504,4813,-3309
108000011,6662,4669,1993
108000012,15462,12765,2697
108000014,264,228,36
108000015,224,269,-45
108000016,118,656,-538
108000017,345,308,37
108000018,578,305,273
108000019,649,381,268
108000020,596,264,332
108000021,228,1335,-1107
108000022,444,1382,-938
108000023,490,51,439
108000024,118,718,-600
108000025,106,173,-67
108000026,192,578,-386
108000027,154,765,-611
108000028,107,296,-189
108000029,101,912,-811
108000030,145,217,-72
108000031,57,413,-356
108000032,523,282,241
108000033,314,1182,-868
108000034,693,235,458
108000035,681,2151,-1470
108000036,197,1408,-1211
108000037,643,185,458
108000038,878,255,623
108000039,335,2759,-2424
108000040,659,297,362
108000041,561,2788,-2227
108000042,58,293,-235
108000043,97,350,-253
108000044,73,155,-82
108000045,102,731,-629
108000046,516,177,339
108000047,224,1114,-890
108000048,63,395,-332
108000049,192,160,32
108000050,145,810,-665
108000051,68,52,16
108000052,214,751,-537
108000053,120,54,66
108000054,335,926,-591
108000055,522,226,296
108000056,870,919,-49
108000057,365,435,-70
108000058,1489,1096,393
108000059,3400,1477,1923
108000060,120,337,-217
108000061,308,574,-266
108000062,249,298,-49
108000063,283,649,-366
108000064,91,275,-184
108000065,322,624,-302
108000066,1219,608,611
108000067,699,238,461
108000068,315,306,9
108000069,150,1046,-896
108000070,600,487,113
108000071,430,2068,-1638
108000072,555,548,7
108000073,946,1754,-808
108000074,136,222,-86
108000075,198,734,-536
108000076,308,246,62
108000077,570,737,-167
108000078,1010,772,238
108000079,807,1651,-844
108000080,361,450,-89
108000081,290,2893,-2603
108000082,814,1407,-593
108000083,828,534,294
108000084,306,1125,-819
108000085,283,231,52
108000086,647,658,-11
108000087,72,692,-620
108000088,419,152,267
108000089,183,151,32
108000091,94,567,-473
108000092,59,53,6
108000093,49,692,-643
108000094,234,85,149
108000095,79,479,-400
108000096,101,163,-62
108000097,84,581,-497
108000098,485,1216,-731
108000099,411,381,30
108000100,34,370,-336
108000101,528,570,-42
108000102,712,1131,-419
108000106,304,1,303
108000107,1,661,-660
108000108,256,9,247
108000109,6,677,-671
108000110,94,199,-105
108000111,65,639,-574
108000112,20,56,-36
108000113,485,287,198
108000115,513,403,110
108000117,570,204,366
108000118,273,474,-201
108000119,657,513,144
108000120,52,360,-308
108000121,169,609,-440
108000122,140,262,-122
108000123,153,346,-193
108000124,88,617,-529
108000125,87,467,-380
108000126,58,734,-676
108000127,92,451,-359
108000128,139,906,-767
108000129,74,1687,-1613
108000130,65,446,-381
108000131,350,97,253
108000132,908,1031,-123
108000133,247,257,-10
108000134,489,809,-320
108000135,335,189,146
108000136,834,1078,-244
108000137,75,317,-242
108000138,143,1079,-936
108000139,39,395,-356
108000140,28,26,2
108000141,7,182,-175
108000142,19,132,-113
108000143,6,791,-785
108000144,55,81,-26
108000145,15,35,-20
108000146,87,65,22
108000147,7,34,-27
108000148,70,53,17
108000149,8,18,-10
108000150,11,1,10
108000151,59,40,19
108000152,66,622,-556
108000153,57,84,-27
108000154,24,13,11
108000155,25,7,18
108000156,618,460,158
108000157,62,224,-162
108000158,59,212,-153
108000159,728,119,609
108000160,5298,414,4884
108000161,4098,553,3545
108000165,4,58,-54
108000172,4,104,-100
108000173,2723,680,2043
108000175,103,61,42
108000178,379,250,129
108000179,191,389,-198
108000181,66,32,34
108000182,256,54,202
108000183,15,318,-303
108000184,1203,666,537
108000185,65,647,-582
108000186,75,618,-543
108000187,28,737,-709
108000188,71,250,-179
108000189,1649,1480,169
108000190,16,74,-58
108000192,32,574,-542
108000193,349,15,334
108000194,18,7,11
108000195,1,1256,-1255
108000196,48,92,-44
108000198,232,359,-127
108000199,0,106,-106
108000200,80,682,-602
108000203,38,883,-845
108000204,26,20,6
108000205,449,460,-11
108000339,1229,170,1059
108000364,392,354,38
108000365,42,396,-354
108000367,59,320,-261
108000368,10,54,-44
108000369,1317,58,1259
108000371,6,707,-701
108000372,176,0,176
108000373,89,183,-94
108000376,40,9,31
108000377,151,283,-132
108000378,7948,4583,3365
108000379,22,120,-98
108000381,12,6,6
108000382,92,25,67
108000383,0,99,-99
108900001,55,1199,-1144
108900002,134,33,101
108900003,322,1199,-877
108900004,106,96,10
108900007,27,111,-84
108900008,34,117,-83
108900009,9,99,-90
108900010,44,152,-108
108900011,159,393,-234
108900012,60,480,-420
108900013,24,221,-197
108900014,0,53,-53
108900015,0,4,-4
108900016,0,167,-167
108900017,73,119,-46
108900018,33,510,-477
108900019,4,1261,-1257
108900020,16,322,-306
108900021,49,333,-284
108900022,19,2,17
108900023,2,33,-31
108900024,1,158,-157
108900025,22,114,-92
108900026,4,95,-91
108900027,1,138,-137
108900028,9,536,-527
108900029,13,231,-218
108900030,0,108,-108
108900031,17,693,-676
108900032,2,204,-202
108900033,0,42,-42
108900034,0,285,-285
108900035,97,1814,-1717
108900038,2,434,-432
108900039,0,641,-641
108900040,1,94,-93
108900041,5480,1032,4448
108900042,6,195,-189
108900043,23,432,-409
108900044,1,759,-758
108900045,7,627,-620
108900046,28,1020,-992
108900047,1,84,-83
108900048,55,1029,-974
108900049,5249,356,4893
108900050,1,297,-296
108900051,0,204,-204
108900052,3,306,-303
108900053,56,44,12
108900054,23,266,-243
108900055,25,449,-424
108900056,1,167,-166
108900057,0,174,-174
108900058,17,501,-484
108900059,75,5,70
108900060,13,53,-40
108900061,23,12,11
108900062,5,446,-441
108900063,5,424,-419
108900064,31,81,-50
108900065,4,347,-343
108900066,67,104,-37
108900067,7,229,-222
108900068,4,224,-220
108900069,9,119,-110
108900070,24,183,-159
108900071,22,35,-13
108900072,2179,148,2031
108900073,12,572,-560
108900074,31,519,-488
108900075,52,100,-48
108900076,64,45,19
108900077,170,603,-433
108900078,7,207,-200
108900079,599,313,286
108900080,5,135,-130
108900081,48,211,-163
108900082,8,101,-93
108900083,4,94,-90
108900085,2002,106,1896
108900086,21,409,-388
108900087,72,165,-93
108900088,309,117,192
108900089,5,48,-43
108900090,5,449,-444
108900091,108,100,8
108900092,139,162,-23
108900093,27,23,4
108900094,119,54,65
108900095,95,769,-674
108900096,540,23,517
108900097,119,171,-52
108900098,3009,166,2843
108900099,157,298,-141
108900100,26,104,-78
108900101,56,30,26
108900102,37,223,-186
108900103,26,26,0
108900105,1,229,-228
108900106,93,518,-425
108900108,84,28,56
108900109,71,20,51
108900110,31,482,-451
108900111,96,639,-543
108900113,26,11,15
108900114,6,4,2
108900115,17,22,-5
108900116,8,1,7
108900117,16,17,-1
108900118,100,5,95
108900119,43,29,14
108900120,83,47,36
108900121,123,15,108
108900122,13,19,-6
108900123,26,17,9
108900124,167,30,137
108900125,66,2,64
108900126,26,4,22
108900127,14,32,-18
108900128,12,6,6
108900129,220,35,185
108900130,58,2,56
108900131,42,0,42
108900132,66,28,38
108900133,42,22,20
108900134,30,208,-178
108900135,15,1,14
108900136,0,0,0
108900137,23,0,23
108900138,115,3,112
108900140,30,185,-155
108900141,35,0,35
108900142,7,0,7
108900143,12,0,12
108900144,15,0,15
108900145,31,1,30
108900146,15,1,14
108900147,25,0,25
108900148,86,25,61
108900150,91,2,89
108900151,9,1,8
108900152,6,0,6
108900153,31,458,-427
108900154,1700,154,1546
108900156,10,3,7
108900157,6,595,-589
108900158,34,23,11
108900159,2,358,-356
108900160,13,237,-224
108900161,0,524,-524
108900162,18,0,18
108900163,11,82,-71
108900164,31,105,-74
108900168,10500,874,9626
108900169,22,144,-122
108900171,7511,778,6733
108900172,92,22,70
108900173,158,228,-70
108900174,127,356,-229
108900176,77,703,-626
108900177,9136,1013,8123
108900178,5216,837,4379
108900180,23,100,-77
108900183,149,168,-19
108900184,61,83,-22
108900185,17,326,-309
108900186,4,375,-371
108900189,94,109,-15
108900190,23,2570,-2547
108900192,39,253,-214
108900195,24,356,-332
108900196,4,632,-628
108900199,43,308,-265
108900200,122,309,-187
108900201,119,1105,-986
108900203,176,2,174
108900204,116,1,115
108900205,82,8,74
108900206,59,19,40
108900207,64,30,34
108900208,13,394,-381
108900209,169,563,-394
108900210,85,156,-71
108900211,64,69,-5
108900212,529,292,237
108900215,71,737,-666
108900216,176,19,157
108900217,13,0,13
108900218,20,3,17
108900221,20,41,-21
108900224,22,87,-65
108900225,0,113,-113
108900227,18,39,-21
108900230,425,272,153
108900232,1,391,-390
108900233,105,16,89
108900234,154,20,134
108900235,122,558,-436
108900236,17,333,-316
108900240,27,73,-46
108900241,7,6,1
108900245,1,192,-191
108900250,35,81,-46
108900258,3,219,-216
108900259,1,64,-63
108900260,2,74,-72
108900261,109,117,-8
108900262,383,74,309
108900263,42,241,-199
108900264,251,188,63
108900265,1428,125,1303
108900266,1019,100,919
108900267,1,27,-26
108900268,7,3,4
108900269,8,3,5
108900270,16,2,14
108900271,2,0,2
108900272,22,1,21
108900273,754,187,567
108900274,10,43,-33
109000001,2130,628,1502
109000002,2880,1225,1655
109000003,1418,416,1002
109000004,431,2730,-2299
109000005,1107,685,422
109000006,497,2036,-1539
109000007,502,511,-9
109000008,306,1886,-1580
109000009,1726,733,993
109000010,1133,3448,-2315
109000011,1314,1133,181
109000012,1182,4140,-2958
109000013,1349,1200,149
109000014,873,3576,-2703
109000015,3356,2851,505
109000016,9750,3797,5953
109000017,1258,814,444
109000018,592,3307,-2715
109000019,1343,714,629
109000020,1388,2307,-919
109000023,117,6,111
109000024,5,135,-130
109000025,203,243,-40
109000026,632,334,298
109000027,46,195,-149
109000028,156,62,94
109000029,90,81,9
109000030,21,571,-550
109000031,68,32,36
109000032,60,524,-464
109000033,105,68,37
109000034,35,19,16
109000035,6,18,-12
109000036,63,299,-236
109000037,150,436,-286
109000038,406,223,183
109000039,397,204,193
109000040,3108,1316,1792
109000041,5042,767,4275
109000042,700,669,31
109000044,187,220,-33
109000045,117,518,-401
109000046,102,49,53
109000047,39,421,-382
109000048,796,339,457
109000049,160,362,-202
109000050,383,587,-204
109000051,196,235,-39
109000052,237,1952,-1715
109000053,228,180,48
109000054,104,674,-570
109000055,29,115,-86
109000056,124,669,-545
109000057,104,149,-45
109000058,820,369,451
109000059,228,853,-625
109000060,425,173,252
109000061,1531,268,1263
109000062,78,140,-62
109000063,159,221,-62
109000064,38,89,-51
109000065,36,392,-356
109000066,150,71,79
109000067,31,368,-337
109000068,110,4,106
109000069,278,5,273
109000070,6,707,-701
109000071,188,69,119
109000072,116,623,-507
109000073,17,42,-25
109000074,16,296,-280
109000075,37,417,-380
109000076,55,144,-89
109000077,416,420,-4
109000078,15,108,-93
109000079,95,300,-205
109000080,59,141,-82
109000081,44,636,-592
109000082,177,310,-133
109000083,119,1096,-977
109000088,50,342,-292
109000089,161,3,158
109000090,155,459,-304
109000091,147,38,109
109000092,317,596,-279
109000093,95,44,51
109000094,82,0,82
109000095,78,764,-686
109000096,224,106,118
109000097,75,80,-5
109000098,37,46,-9
109000099,337,268,69
109000100,86,609,-523
109000101,365,620,-255
109000102,216,886,-670
109000103,254,677,-423
109000104,557,396,161
109000105,201,1705,-1504
109000106,734,363,371
109000107,252,1926,-1674
109000108,730,298,432
109000109,394,2016,-1622
109000110,510,246,264
109000111,700,2112,-1412
109000112,252,161,91
109000113,87,162,-75
109000114,85,544,-459
109000115,660,106,554
109000116,8,477,-469
109000117,45,114,-69
109000118,11,411,-400
109000119,240,333,-93
109000120,74,1192,-1118
109000121,116,112,4
109000122,57,1181,-1124
109000123,22,265,-243
109000124,204,378,-174
109000125,207,299,-92
109000126,213,985,-772
109000127,431,258,173
109000128,241,2711,-2470
109000129,646,189,457
109000130,759,3445,-2686
109000131,573,277,296
109000132,812,2617,-1805
109000133,170,831,-661
109000134,422,1381,-959
109000135,567,992,-425
109000136,159,419,-260
109000137,58,288,-230
109000138,193,469,-276
109000139,134,400,-266
109000140,70,964,-894
109000141,206,500,-294
109000142,61,429,-368
109000143,63,38,25
109000145,48,112,-64
109000146,79,72,7
109000148,3806,366,3440
109000149,35,14,21
109000150,131,119,12
109000155,125,416,-291
109000156,968,853,115
109000158,10,200,-190
109000159,23,700,-677
109000160,279,331,-52
109000161,129,1616,-1487
109000162,800,960,-160
109000163,366,1525,-1159
109000164,710,2489,-1779
109000165,488,658,-170
109000166,215,115,100
109000167,57,955,-898
109000170,23,22,1
109000171,29,49,-20
109000172,41,56,-15
109000173,8,20,-12
109000174,27,47,-20
109000175,23,483,-460
109000176,94,347,-253
109000177,10,112,-102
109000178,228,365,-137
109000179,7295,1389,5906
109000180,4130,2529,1601
109000181,1,43,-42
109000182,15,44,-29
109000183,7,61,-54
109000184,4,15,-11
109000185,16,73,-57
109000188,297,2546,-2249
109000189,881,803,78
109000190,212,518,-306
109000191,195,715,-520
109000192,78,285,-207
109000193,110,569,-459
109000194,56,127,-71
109000195,29,471,-442
109000196,77,94,-17
109000197,55,516,-461
109000198,121,36,85
109000199,54,534,-480
109000206,101,32,69
109000207,53,33,20
109000208,53,36,17
109000209,82,100,-18
109000210,186,410,-224
109000211,136,281,-145
109000214,237,1507,-1270
109000215,34,76,-42
109000216,134,81,53
109000217,109,48,61
109000218,86,61,25
109000221,86,1088,-1002
109000222,282,46,236
109000223,146,152,-6
109000224,34,348,-314
109000225,24,55,-31
109000226,28,321,-293
109000227,346,1235,-889
109000228,3,241,-238
109000231,3,491,-488
109000232,73,566,-493
109000236,105,854,-749
109000241,907,1624,-717
109000242,610,1135,-525
109000293,27,143,-116
109000361,90,251,-161
109000364,126,598,-472
109000396,8,924,-916
109000397,117,2,115
109000399,105,476,-371
109000400,57,523,-466
109000403,21,168,-147
109000406,176,15,161
109000407,66,236,-170
109000408,3,769,-766
109000410,329,114,215
109000411,43,23,20
109000412,0,115,-115
109900001,29,0,29
109900002,166,7,159
109900003,18,0,18
109900005,6,4,2
109900006,136,175,-39
109900007,151,930,-779
109900008,0,22,-22
109900009,57,923,-866
109900010,124,8,116
109900011,30,22,8
109900012,43,99,-56
109900013,123,41,82
109900014,73,37,36
109900015,92,39,53
109900016,27,52,-25
109900017,34,49,-15
109900018,37,126,-89
109900019,22,82,-60
109900020,5,11,-6
109900021,6,13,-7
109900022,81,384,-303
109900023,18,4,14
109900024,0,0,0
109900025,7,28,-21
109900027,23,4,19
109900028,2616,246,2370
109900029,7,575,-568
109900030,8,1,7
109900031,0,27,-27
109900032,1,265,-264
109900033,4,555,-551
109900034,7,0,7
109900035,9,9,0
109900036,17,117,-100
109900037,7,569,-562
109900038,33,202,-169
109900039,0,0,0
109900040,14,791,-777
109900041,14,508,-494
109900042,1,448,-447
109900044,45,332,-287
109900045,21,20,1
109900046,35,70,-35
109900047,205,325,-120
109900048,0,92,-92
109900049,4,22,-18
109900050,2,330,-328
109900051,0,37,-37
109900052,19,259,-240
109900053,5,542,-537
109900054,161,56,105
109900055,12,197,-185
109900056,7,61,-54
109900057,5,269,-264
109900058,0,119,-119
109900060,140,184,-44
109900061,65,306,-241
109900062,0,329,-329
109900064,145,218,-73
109900065,70,110,-40
109900066,135,896,-761
109900067,2,517,-515
109900068,18,0,18
109900069,1,18,-17
109900071,0,33,-33
109900072,8,118,-110
109900073,49,663,-614
109900074,2,27,-25
109900075,9,22,-13
109900076,18,478,-460
109900077,19,55,-36
109900078,48,255,-207
109900080,60,287,-227
109900081,3,84,-81
109900082,20,471,-451
109900083,6,29,-23
109900084,13,127,-114
109900085,85,1186,-1101
109900086,74,128,-54
109900087,73,221,-148
109900089,130,57,73
109900092,55,2,53
109900093,173,70,103
109900094,10,77,-67
109900095,57,192,-135
109900096,5,0,5
109900097,41,0,41
109900098,101,8,93
109900099,22,0,22
109900100,8,0,8
109900101,88,1,87
109900102,129,8,121
109900103,2,25,-23
109900104,82,1259,-1177
109900105,186,17,169
109900106,66,52,14
109900107,67,37,30
109900108,29,596,-567
109900109,9,228,-219
109900111,115,1064,-949
109900114,268,235,33
109900115,36,55,-19
109900117,184,65,119
109900121,221,55,166
109900123,1,178,-177
109900125,1,194,-193
109900126,37,197,-160
109900130,11559,547,11012
109900131,74,112,-38
109900132,15,160,-145
109900134,30,21,9
109900135,367,63,304
109900137,18,421,-403
109900140,58,426,-368
109900149,25,31,-6
109900150,0,41,-41
109900151,2,42,-40
109900152,0,20,-20
109900153,0,35,-35
109900154,2,0,2
109900155,14,5,9
109900157,20,187,-167
109900159,46,22,24
109900161,106,23,83
109900162,38,22,16
109900163,526,221,305
109900164,21,306,-285
109900165,36,4,32
109900166,2,140,-138
109900167,69,493,-424
109900168,60,539,-479
109900169,17,79,-62
109900170,186,306,-120
109900171,21,64,-43
109900172,60,169,-109
109900173,3753,486,3267
109900174,23,130,-107
109900175,14,64,-50
109900176,68,201,-133
109900177,29,322,-293
109900178,0,128,-128
109900179,1,20,-19
109900180,5,3,2
110000001,558,396,162
110000002,336,358,-22
110000003,786,517,269
110000004,358,395,-37
110000005,686,774,-88
110000006,547,312,235
110000007,66,182,-116
110000008,20,52,-32
110000009,10,58,-48
110000010,13,72,-59
110000011,6,96,-90
110000012,565,418,147
110000013,20,269,-249
110000014,689,324,365
110000015,292,382,-90
110000016,220,637,-417
110000017,4032,252,3780
110000018,3495,436,3059
110000019,26,192,-166
110000020,423,211,212
110000021,307,298,9
110000022,320,43,277
110000023,4,142,-138
110000024,572,271,301
110000025,77,1,76
110000026,12,565,-553
110000027,280,257,23
110000028,470,664,-194
110000029,311,794,-483
110000030,139,290,-151
110000031,126,508,-382
110000032,415,508,-93
110000033,69,73,-4
110000034,133,1141,-1008
110000035,201,951,-750
110000036,168,963,-795
110000037,52,629,-577
110000038,102,714,-612
110000039,391,990,-599
110000040,275,479,-204
110000041,76,529,-453
110000042,47,246,-199
110000043,236,138,98
110000044,34,58,-24
110000045,146,33,113
110000046,1,6,-5
110000047,1,5,-4
110000048,3,21,-18
110000049,6,11,-5
110000050,8,23,-15
110000051,38,2,36
110000052,25,41,-16
110000053,12,4,8
110000054,53,112,-59
110000055,99,11,88
110000056,79,21,58
110000057,434,786,-352
110000058,448,524,-76
110000059,360,635,-275
110000060,343,848,-505
110000061,713,828,-115
110000062,496,540,-44
110000063,13,98,-85
110000064,45,80,-35
110000065,21,95,-74
110000066,39,41,-2
110000067,45,240,-195
110000068,72,508,-436
110000069,39,137,-98
110000071,47,239,-192
110000073,1,33,-32
110000075,5,147,-142
110000076,192,52,140
110000077,352,169,183
110000078,0,36,-36
110000080,218,546,-328
110000081,13,219,-206
110000082,25,141,-116
110000083,186,601,-415
110000084,370,288,82
110000085,3750,1162,2588
110000086,1287,376,911
110000087,2,43,-41
110000088,34,183,-149
110000089,117,231,-114
110000090,52,303,-251
110000091,1646,254,1392
110000092,15,103,-88
110000093,21,5,16
110000094,343,289,54
110000095,63,282,-219
110000096,3831,1614,2217
110000097,628,631,-3
110000098,805,344,461
110000099,743,1297,-554
110000100,160,863,-703
110000101,10,685,-675
110000102,15,34,-19
110000104,44,52,-8
110000105,22,267,-245
110000106,232,171,61
110000107,295,473,-178
110000108,108,8,100
110000109,227,306,-79
110000110,4394,1452,2942
110000111,9129,927,8202
110000112,1362,293,1069
110000113,910,501,409
110000114,45,195,-150
110000115,196,252,-56
110000116,28,62,-34
110000117,111,653,-542
110000118,182,271,-89
110000119,104,413,-309
110000120,137,134,3
110000121,61,219,-158
110000122,132,409,-277
110000123,205,270,-65
110000124,3,898,-895
110000125,526,1,525
110000126,101,22,79
110000127,274,17,257
110000128,24,1613,-1589
110000129,2,756,-754
110000130,67,73,-6
110000131,83,606,-523
110000132,4,776,-772
110000133,37,214,-177
110000134,21,262,-241
110000135,195,22,173
110000136,20,250,-230
110000137,215,567,-352
110000138,275,837,-562
110000139,378,1513,-1135
110000140,466,216,250
110000143,778,297,481
110000144,3552,696,2856
110000145,1046,526,520
110000146,1075,449,626
110000147,140,459,-319
110000148,310,376,-66
110000151,785,609,176
110000152,696,207,489
110000153,13,112,-99
110000154,3,13,-10
110000155,749,916,-167
110000156,578,638,-60
110000157,677,1019,-342
110000160,309,459,-150
110000161,172,511,-339
110000166,92,111,-19
110000167,374,334,40
110000168,417,221,196
110000169,154,238,-84
110000170,64,97,-33
110000171,349,229,120
110000172,139,804,-665
110000173,1041,1226,-185
110000174,40,1273,-1233
110000175,230,232,-2
110000176,44,315,-271
110000177,93,713,-620
110000178,373,418,-45
110000179,1391,269,1122
110000180,61,330,-269
110000181,69,296,-227
110000182,278,234,44
110000183,10062,3115,6947
110000184,402,1181,-779
110000185,380,480,-100
110000186,575,433,142
110000191,159,363,-204
110000192,66,2,64
110000193,167,1,166
110000194,6,1440,-1434
110000195,82,459,-377
110000196,133,592,-459
110000197,22,219,-197
110000198,26,50,-24
110000199,31,116,-85
110000200,1218,651,567
110000201,170,439,-269
110000202,486,303,183
110000203,461,793,-332
110000204,2,260,-258
110000205,14,53,-39
110000206,328,1569,-1241
110000207,202,273,-71
110000208,29,106,-77
110000209,56,835,-779
110000210,219,594,-375
110000211,258,683,-425
110000212,201,678,-477
110000213,23,52,-29
110000214,65,132,-67
110000215,41,685,-644
110000216,24,661,-637
110000217,94,179,-85
110000218,56,440,-384
110000219,93,50,43
110000220,10,414,-404
110000221,81,79,2
110000222,11,294,-283
110000223,13,45,-32
110000224,69,3,66
110000225,92,315,-223
110000226,133,21,112
110000227,209,298,-89
110000228,221,343,-122
110000229,0,229,-229
110000230,210,817,-607
110000231,67,115,-48
110000232,73,160,-87
110000233,101,239,-138
110000234,300,296,4
110000235,916,622,294
110000236,192,985,-793
110000237,716,865,-149
110000238,660,1296,-636
110000239,900,1171,-271
110000240,0,137,-137
110000242,0,16,-16
110000243,35,232,-197
110000244,73,241,-168
110000245,39,384,-345
110000246,299,633,-334
110000247,2402,3132,-730
110000248,3438,1134,2304
110000249,66,10,56
110000250,2,200,-198
110000251,52,467,-415
110000252,105,347,-242
110000253,902,354,548
110000254,1314,1459,-145
110000255,324,1232,-908
110000256,442,124,318
110000257,531,305,226
110000258,10,406,-396
110000259,98,31,67
110000260,11,421,-410
110000263,887,63,824
110000264,173,563,-390
110000265,770,1473,-703
110000266,1605,2017,-412
110000267,9,174,-165
110000268,225,310,-85
110000269,0,89,-89
110000270,21,0,21
110000271,2221,250,1971
110000272,437,747,-310
110000273,1983,923,1060
110000274,80,819,-739
110000275,2851,355,2496
110000276,89,201,-112
110000277,103,295,-192
110000278,196,907,-711
110000279,544,587,-43
110000280,105,410,-305
110000281,10,166,-156
110000282,157,34,123
110000283,26,64,-38
110000284,8,13,-5
110000285,1,164,-163
110000286,6,0,6
110000287,13,0,13
110000288,1,58,-57
110000289,266,833,-567
110000290,1338,576,762
110000291,6126,1220,4906
110000292,1034,3846,-2812
110000293,285,1097,-812
110000294,379,1073,-694
110000295,76,859,-783
110000296,136,333,-197
110000297,3111,247,2864
110000298,659,436,223
110000299,872,8,864
110000301,153,1,152
110000302,174,1480,-1306
110000303,112,2,110
110000304,73,339,-266
110000305,272,2,270
110000306,80,2173,-2093
110000307,364,1,363
110000308,133,8,125
110000309,9,1627,-1618
110000310,280,75,205
110000311,11,875,-864
110000312,671,32,639
110000313,4766,1469,3297
110000314,1,168,-167
110000315,1793,1046,747
110000316,567,1088,-521
110000317,331,198,133
110000318,0,66,-66
110000319,9,13,-4
110000320,8,66,-58
110000321,2,64,-62
110000322,50,535,-485
110000323,243,368,-125
110000324,4898,810,4088
110000325,1668,2202,-534
110000327,351,152,199
110000328,130,459,-329
110000333,556,595,-39
110000334,471,1318,-847
110000335,769,715,54
110000336,222,1309,-1087
110000337,362,512,-150
110000338,66,233,-167
110000339,117,288,-171
110000340,9,214,-205
110000341,146,515,-369
110000342,217,3,214
110000343,0,7,-7
110000344,62,194,-132
110000345,59,64,-5
110000346,1706,1299,407
110000347,830,805,25
110000348,5,20,-15
110000349,10,39,-29
110000350,19,4,15
110000351,347,827,-480
110000352,150,1200,-1050
110000353,3099,824,2275
110000354,427,1154,-727
110000355,47,91,-44
110000356,419,10,409
110000357,202,15,187
110000361,2,103,-101
110000362,22,48,-26
110000363,96,128,-32
110000364,69,362,-293
110000365,72,0,72
110000366,0,112,-112
110000367,199,261,-62
110000368,0,82,-82
110000369,6,2,4
110000373,3,309,-306
110000374,9,6,3
110000375,77,410,-333
110000376,37,111,-74
110000377,40,221,-181
110000378,32,249,-217
110000379,3438,536,2902
110000380,6,6,0
110000383,2,376,-374
110000384,1385,174,1211
110000385,1,151,-150
110000387,33,14,19
110000388,14,290,-276
110000389,146,3,143
110000391,131,394,-263
110000396,37,133,-96
110000397,25,182,-157
110000398,0,39,-39
110000399,196,0,196
110000587,34,77,-43
110000589,114,210,-96
110000640,90,163,-73
110000652,3,84,-81
110000653,101,476,-375
110000654,2,16,-14
110000656,0,574,-574
110000674,18,8,10
110000675,2,17,-15
110000676,0,23,-23
110000679,770,180,590
110000682,80,81,-1
110000683,262,476,-214
110000684,0,69,-69
110000685,3,9,-6
110000686,1,27,-26
110000687,10,1,9
110000688,30,259,-229
110000689,32,90,-58
110000692,54,247,-193
110000693,68,282,-214
110000694,1,97,-96
110000695,77,745,-668
110000696,115,133,-18
110000698,21,444,-423
110000699,64,400,-336
110900001,58,2,56
110900002,82,183,-101
110900003,131,1268,-1137
110900004,66,321,-255
110900005,4207,703,3504
110900006,49,4,45
110900007,13,9,4
110900008,4,68,-64
110900009,144,22,122
110900010,10,61,-51
110900011,8,65,-57
110900012,0,188,-188
110900013,277,97,180
110900014,85,30,55
110900015,759,123,636
110900016,8,264,-256
110900017,68,42,26
110900018,175,24,151
110900019,34,22,12
110900020,9,558,-549
110900021,34,582,-548
110900022,39,458,-419
110900023,31,334,-303
110900024,18,511,-493
110900025,2,38,-36
110900027,1,229,-228
110900028,15,142,-127
110900029,17,511,-494
110900030,6,319,-313
110900031,2,162,-160
110900032,0,121,-121
110900033,12,324,-312
110900035,13,353,-340
110900036,21,29,-8
110900037,22,20,2
110900038,926,70,856
110900039,6,195,-189
110900040,85,15,70
110900041,3,169,-166
110900042,42,33,9
110900043,2,242,-240
110900044,182,21,161
110900045,39,703,-664
110900046,119,305,-186
110900047,484,49,435
110900049,6,25,-19
110900050,1,0,1
110900052,5,305,-300
110900053,26,17,9
110900054,10,300,-290
110900055,8,0,8
110900056,26,84,-58
110900057,3,443,-440
110900058,34,182,-148
110900059,463,738,-275
110900060,102,33,69
110900061,31,45,-14
110900062,31,289,-258
110900063,9,62,-53
110900064,16,0,16
110900065,478,60,418
110900066,1,44,-43
110900067,437,166,271
110900068,208,268,-60
110900069,0,10,-10
110900070,80,38,42
110900071,136,181,-45
110900073,1,14,-13
110900074,107,74,33
110900075,110,42,68
110900077,85,200,-115
110900078,4,147,-143
110900079,2444,245,2199
110900080,15,21,-6
110900081,0,120,-120
110900082,24,217,-193
110900083,36,30,6
110900084,10,205,-195
110900085,19,261,-242
110900086,44,40,4
110900087,50,61,-11
110900088,4,1,3
110900090,13,9,4
110900091,0,39,-39
110900093,77,39,38
110900095,3,17,-14
110900097,1,23,-22
110900098,1,77,-76
110900099,25,371,-346
110900100,0,24,-24
110900102,3,9,-6
110900105,332,227,105
110900108,2,84,-82
110900111,107,43,64
110900112,153,1,152
110900113,423,15,408
110900115,0,76,-76
110900116,118,2337,-2219
110900118,114,429,-315
110900119,6468,184,6284
110900120,3,168,-165
110900121,34,0,34
110900122,68,129,-61
110900125,95,165,-70
110900127,546,326,220
110900128,401,225,176
110900129,165,84,81
110900130,1025,116,909
110900131,15,43,-28
110900132,87,16,71
110900133,16,266,-250
110900135,66,514,-448
110900136,93,9,84
110900139,0,0,0
110900140,0,0,0
110900141,124,65,59
110900142,24,224,-200
110900143,54,34,20
110900144,2,631,-629
110900145,34,3,31
110900146,221,12,209
110900147,159,155,4
110900148,0,268,-268
110900149,1,44,-43
110900150,6,10,-4
110900151,1,45,-44
110900152,9,428,-419
110900153,36,8,28
111000001,179,483,-304
111000002,687,784,-97
111000003,299,342,-43
111000004,391,1399,-1008
111000005,644,497,147
111000006,577,1721,-1144
111000007,2977,1088,1889
111000008,3563,3108,455
111000009,202,870,-668
111000010,354,244,110
111000011,412,885,-473
111000012,502,290,212
111000013,255,1438,-1183
111000014,737,523,214
111000017,73,367,-294
111000018,163,292,-129
111000020,2274,1327,947
111000021,57,119,-62
111000023,67,150,-83
111000025,6618,1386,5232
111000029,35,97,-62
111000030,20,53,-33
111000031,2039,467,1572
111000032,407,200,207
111000033,146,148,-2
111000034,231,167,64
111000037,3085,1496,1589
111000038,2790,1925,865
111000039,1090,2155,-1065
111000040,1103,2103,-1000
111000041,981,977,4
111000042,6652,2396,4256
111000043,1311,942,369
111000044,669,356,313
111000045,901,1128,-227
111000046,593,892,-299
111000047,1268,1844,-576
111000049,252,567,-315
111000050,1695,1748,-53
111000051,267,1072,-805
111000052,467,1316,-849
111000053,299,1053,-754
111000054,335,935,-600
111000055,852,1711,-859
111000056,72,740,-668
111000057,34,859,-825
111000058,96,131,-35
111000059,123,271,-148
111000060,1553,606,947
111000061,349,325,24
111000062,460,186,274
111000063,1654,740,914
111000064,368,602,-234
111000065,658,779,-121
111000066,245,244,1
111000067,188,654,-466
111000068,148,487,-339
111000069,1115,1556,-441
111000070,2330,1069,1261
111000071,156,559,-403
111000072,283,259,24
111000073,146,471,-325
111000074,1085,985,100
111000075,270,577,-307
111000076,188,709,-521
111000077,747,1068,-321
111000078,1504,1136,368
111000079,1079,660,419
111000080,265,698,-433
111000081,2164,2340,-176
111000082,398,646,-248
111000084,402,456,-54
111000085,577,1723,-1146
111000086,2853,1274,1579
111000087,711,837,-126
111000088,5722,1404,4318
111000089,334,832,-498
111000090,1078,1131,-53
111000091,447,780,-333
111000092,541,1305,-764
111000093,313,582,-269
111000094,1135,693,442
111000095,869,1169,-300
111000096,2980,3718,-738
111000097,6364,917,5447
111000098,305,1428,-1123
111000099,304,2735,-2431
111000100,203,2602,-2399
111000101,328,792,-464
111000102,44,818,-774
111000104,119,146,-27
111000107,45,825,-780
111000109,99,191,-92
111000110,387,474,-87
111000111,612,359,253
111000112,677,175,502
111000113,355,320,35
111000114,1186,606,580
111000115,8207,515,7692
111000116,874,583,291
111000117,513,630,-117
111000118,1547,906,641
111000119,797,1740,-943
111000120,236,598,-362
111000121,172,520,-348
111000122,264,660,-396
111000123,431,3099,-2668
111000124,220,3780,-3560
111000125,125,2288,-2163
111000126,46,1148,-1102
111000127,336,160,176
111000128,563,206,357
111000129,806,299,507
111000130,725,716,9
111000131,533,568,-35
111000132,323,306,17
111000133,55,110,-55
111000134,66,100,-34
111000135,17,124,-107
111000136,169,236,-67
111000138,10,10,0
111000140,0,0,0
111000141,54,160,-106
111000142,8,126,-118
111000143,2,103,-101
111000144,1,71,-70
111000145,17,3,14
111000146,9,1,8
111000147,86,5,81
111000148,47,46,1
111000149,1,18,-17
111000150,6,7,-1
111000151,0,15,-15
111000153,354,340,14
111000154,607,160,447
111000155,79,131,-52
111000156,311,153,158
111000157,86,221,-135
111000158,519,434,85
111000159,2253,559,1694
111000160,124,484,-360
111000161,3,170,-167
111000162,4,141,-137
111000163,186,575,-389
111000164,659,1480,-821
111000165,1127,322,805
111000166,1021,233,788
111000167,180,397,-217
111000168,191,361,-170
111000169,166,365,-199
111000170,329,311,18
111000171,345,1069,-724
111000172,71,762,-691
111000173,99,1388,-1289
111000174,57,552,-495
111000175,29,224,-195
111000176,114,210,-96
111000177,106,414,-308
111000178,370,439,-69
111000179,39,285,-246
111000180,103,314,-211
111000181,341,258,83
111000182,84,148,-64
111000183,176,205,-29
111000184,194,167,27
111000185,254,531,-277
111000186,117,377,-260
111000187,38,383,-345
111000188,97,417,-320
111000189,1812,515,1297
111000190,125,607,-482
111000191,71,535,-464
111000192,110,667,-557
111000193,381,411,-30
111000194,15,497,-482
111000195,48,493,-445
111000196,21,373,-352
111000197,149,232,-83
111000198,153,164,-11
111000199,47,181,-134
111000200,83,346,-263
111000201,201,238,-37
111000202,93,223,-130
111000203,185,142,43
111000204,261,234,27
111000213,129,412,-283
111000214,1010,1857,-847
111000215,583,1337,-754
111000217,620,704,-84
111000218,597,787,-190
111000219,343,226,117
111000220,2608,400,2208
111000221,484,101,383
111000224,156,414,-258
111000225,190,140,50
111000226,108,0,108
111000227,52,10,42
111000228,5,140,-135
111000229,28,193,-165
111000230,138,414,-276
111000231,198,1373,-1175
111000232,140,1000,-860
111000233,172,965,-793
111000234,22,129,-107
111000239,185,174,11
111000240,12,34,-22
111000241,30,501,-471
111000242,40,29,11
111000243,48,932,-884
111000244,40,95,-55
111000245,175,586,-411
111000246,139,604,-465
111000247,60,1181,-1121
111000248,151,243,-92
111000249,300,1086,-786
111000250,11,112,-101
111000251,34,155,-121
111000253,3,3,0
111000255,6,8,-2
111000257,24,18,6
111000260,28,1210,-1182
111000261,229,50,179
111000271,59,324,-265
111000273,6968,1334,5634
111000274,980,1549,-569
111000275,49,89,-40
111000276,295,2535,-2240
111000277,143,568,-425
111000278,268,292,-24
111000291,487,1828,-1341
111000298,168,293,-125
111000299,344,41,303
111000300,49,549,-500
111000302,101,69,32
111000303,50,292,-242
111000312,33,65,-32
111000315,41,237,-196
111000320,221,672,-451
111000321,143,37,106
111000322,102,521,-419
111000323,54,10,44
111000324,324,269,55
111000325,47,74,-27
111000326,59,346,-287
111000327,214,626,-412
111000328,115,415,-300
111000329,0,13,-13
111000330,24,25,-1
111000331,2,4,-2
111000332,191,892,-701
111000334,383,1869,-1486
111000335,147,59,88
111000337,165,392,-227
111000338,3,115,-112
111000339,66,628,-562
111000340,50,930,-880
111000341,555,107,448
111000342,28,222,-194
111000344,501,633,-132
111000345,109,21,88
111000346,22,60,-38
111000347,19,1,18
111000350,138,123,15
111000351,44,225,-181
111000352,62,122,-60
111000353,11,234,-223
111000354,157,144,13
111000355,102,646,-544
111000358,68,1833,-1765
111000360,53,1101,-1048
111000361,45,423,-378
111000546,110,739,-629
111000547,86,606,-520
111000548,33,181,-148
111000549,107,329,-222
111000550,23,175,-152
111000551,534,72,462
111000552,204,44,160
111000907,146,8,138
111000908,10,1,9
111000916,302,172,130
111000917,18,316,-298
111000918,58,1262,-1204
111000920,162,21,141
111000921,1,474,-473
111000922,117,415,-298
111000924,19,1081,-1062
111000925,860,1337,-477
111000926,728,2990,-2262
111000927,2422,1949,473
111000928,6232,2854,3378
111000929,543,737,-194
111000930,413,2087,-1674
111000931,792,1140,-348
111000932,2709,1849,860
111000933,2074,1206,868
111000934,1884,2263,-379
111000935,549,921,-372
111000936,586,2385,-1799
111000937,507,905,-398
111000938,1413,2592,-1179
111000939,116,62,54
111000940,150,267,-117
111000941,136,602,-466
111000943,94,275,-181
111000944,76,788,-712
111000945,18,2469,-2451
111001109,255,58,197
111001110,190,685,-495
111001111,6,4,2
111001112,58,2,56
111001113,18,77,-59
111001114,978,34,944
111001115,143,283,-140
111001116,4459,857,3602
111001117,509,354,155
111001120,49,324,-275
111001121,78,390,-312
111001122,196,974,-778
111001123,54,151,-97
111001124,72,509,-437
111001125,2,13,-11
111001126,0,0,0
111001127,0,91,-91
111001128,220,577,-357
111001129,1,69,-68
111900001,2,219,-217
111900002,2,674,-672
111900003,0,337,-337
111900004,16,116,-100
111900006,4,16,-12
111900007,28,6,22
111900008,28,0,28
111900009,16,0,16
111900010,121,401,-280
111900012,104,69,35
111900013,6,15,-9
111900014,7452,926,6526
111900015,0,58,-58
111900016,1,161,-160
111900017,0,153,-153
111900018,45,1,44
111900019,0,73,-73
111900020,2,41,-39
111900021,5,43,-38
111900022,4,24,-20
111900023,96,33,63
111900024,25,307,-282
111900025,0,31,-31
111900026,1,83,-82
111900027,6,253,-247
111900028,1,463,-462
111900029,3,116,-113
111900030,54,307,-253
111900032,6,447,-441
111900033,3,143,-140
111900034,101,493,-392
111900035,1,215,-214
111900036,1,319,-318
111900038,263,515,-252
111900039,32,297,-265
111900040,2,782,-780
111900042,39,53,-14
111900043,7,441,-434
111900044,120,229,-109
111900046,76,250,-174
111900048,26,961,-935
111900049,29,339,-310
111900050,27,0,27
111900051,3,224,-221
111900052,265,476,-211
111900053,1329,171,1158
111900054,16,0,16
111900055,14,616,-602
111900056,86,48,38
111900057,23,80,-57
111900058,54,743,-689
111900059,2109,199,1910
111900060,62,1,61
111900061,7,436,-429
111900062,4,21,-17
111900063,53,119,-66
111900064,70,323,-253
111900065,12,13,-1
111900066,34,115,-81
111900067,2,319,-317
111900068,11,6,5
111900069,26,4,22
111900070,40,141,-101
111900071,0,276,-276
111900072,6,4,2
111900073,121,12,109
111900074,5,199,-194
111900075,30,6,24
111900076,22,8,14
111900077,5,0,5
111900078,55,1,54
111900079,6,3,3
111900080,172,30,142
111900082,23,2,21
111900083,14,0,14
111900084,18,3,15
111900085,11,9,2
111900086,20,0,20
111900087,9,3,6
111900088,78,1,77
111900089,0,0,0
111900090,53,5,48
111900091,25,4,21
111900092,20,1,19
111900093,46,3,43
111900094,0,0,0
111900095,71,4,67
111900096,35,1,34
111900097,2,0,2
111900098,22,0,22
111900099,0,0,0
111900100,19,0,19
111900101,37,3,34
111900102,63,680,-617
111900103,34,32,2
111900104,42,53,-11
111900105,84,81,3
111900106,1309,37,1272
111900110,2760,97,2663
111900111,4,14,-10
111900112,769,429,340
111900113,359,45,314
111900118,66,7,59
111900119,161,22,139
111900122,42,6,36
111900123,7,17,-10
111900124,20,99,-79
111900125,87,4,83
111900126,36,1,35
111900127,1,834,-833
111900128,4,534,-530
111900129,37,4,33
111900130,23,2,21
111900131,31,0,31
111900132,25,1233,-1208
111900133,4,315,-311
111900134,23,317,-294
111900135,3,2,1
111900136,24,23,1
111900137,43,21,22
111900138,11,56,-45
111900139,12,172,-160
111900140,17,2,15
111900141,11,10,1
111900142,33,17,16
111900143,0,89,-89
111900144,4,132,-128
111900145,0,648,-648
111900146,6,398,-392
111900147,82,494,-412
111900148,32,971,-939
111900149,4,465,-461
111900150,9,158,-149
111900151,2,16,-14
111900152,95,22,73
111900153,1725,189,1536
111900154,2,56,-54
111900155,12,15,-3
111900156,14,23,-9
111900157,12,13,-1
111900158,90,13,77
111900159,66,9,57
111900160,27,0,27
111900161,16,0,16
111900162,107,41,66
111900163,16,196,-180
111900164,52,12,40
111901113,51,342,-291
111901114,9,374,-365
111901115,7,0,7
111901116,6,0,6
111901117,1,3,-2
111901118,73,12,61
111901119,1169,46,1123
111901121,138,275,-137
111901122,2,569,-567
111901123,46,396,-350
111901124,27,0,27
111901125,87,164,-77
111901127,708,62,646
111901128,5,61,-56
111901129,0,98,-98
111901130,4,189,-185
111901131,2,234,-232
111901132,34,3,31
111901133,9,1,8
111901134,13,0,13
111901135,1,1,0
111901138,39,29,10
111901139,4,53,-49
111901140,3,148,-145
111901141,2,235,-233
111901142,5,158,-153
111901143,4,100,-96
111901144,29,25,4
111901145,132,116,16
111901146,85,8,77
111901147,1156,13,1143
111901148,14,10,4
111901149,2,0,2
111901150,10,0,10
111901151,0,0,0
111901152,4,31,-27
112000001,832,646,186
112000002,505,2081,-1576
112000003,316,632,-316
112000004,408,1524,-1116
112000005,947,820,127
112000006,1023,1563,-540
112000007,803,907,-104
112000008,1470,2478,-1008
112000009,3488,3025,463
112000010,1392,1822,-430
112000011,1470,2264,-794
112000012,3480,1234,2246
112000013,4769,2361,2408
112000014,1738,613,1125
112000015,1804,1526,278
112000016,1491,756,735
112000017,817,867,-50
112000024,1511,506,1005
112000026,4139,4668,-529
112000027,378,294,84
112000028,1725,1571,154
112000029,124,361,-237
112000030,176,87,89
112000031,1052,1294,-242
112000032,489,30,459
112000033,1219,507,712
112000034,154,21,133
112000035,29,341,-312
112000036,442,591,-149
112000037,443,949,-506
112000038,501,829,-328
112000039,27,80,-53
112000040,119,318,-199
112000041,378,575,-197
112000042,695,258,437
112000050,380,996,-616
112000051,356,559,-203
112000054,1172,2133,-961
112000057,358,389,-31
112000058,243,410,-167
112000059,593,238,355
112000061,6557,980,5577
112000062,2030,267,1763
112000063,1585,407,1178
112000064,6171,6022,149
112000065,2703,2770,-67
112000066,2183,591,1592
112000067,765,603,162
112000068,1245,682,563
112000069,550,2164,-1614
112000070,1062,416,646
112000071,536,3290,-2754
112000072,443,730,-287
112000073,1104,1861,-757
112000074,760,570,190
112000075,527,688,-161
112000076,2596,3092,-496
112000077,244,722,-478
112000078,483,666,-183
112000079,483,1304,-821
112000080,290,909,-619
112000081,797,1690,-893
112000082,633,373,260
112000083,397,1670,-1273
112000084,516,502,14
112000085,674,1481,-807
112000086,814,1451,-637
112000087,105,991,-886
112000088,125,705,-580
112000089,86,292,-206
112000090,85,285,-200
112000091,677,1262,-585
112000092,684,654,30
112000093,1466,1266,200
112000094,228,756,-528
112000095,473,787,-314
112000096,145,701,-556
112000097,436,413,23
112000098,397,1530,-1133
112000099,332,341,-9
112000100,615,730,-115
112000101,538,1053,-515
112000102,330,518,-188
112000103,301,1512,-1211
112000105,480,2271,-1791
112000106,542,451,91
112000107,49,108,-59
112000108,140,1865,-1725
112000109,70,63,7
112000110,686,408,278
112000111,1020,3827,-2807
112000112,1252,313,939
112000113,871,2292,-1421
112000114,972,621,351
112000115,103,570,-467
112000116,110,931,-821
112000117,293,924,-631
112000118,459,786,-327
112000119,257,1056,-799
112000120,81,305,-224
112000121,31,604,-573
112000122,112,150,-38
112000123,202,137,65
112000124,81,70,11
112000125,89,104,-15
112000126,98,796,-698
112000127,1651,689,962
112000128,845,470,375
112000129,34,108,-74
112000130,33,61,-28
112000131,12,329,-317
112000132,37,376,-339
112000133,103,256,-153
112000134,227,387,-160
112000135,390,569,-179
112000136,529,1291,-762
112000137,636,1069,-433
112000138,888,1349,-461
112000139,525,147,378
112000140,817,1248,-431
112000141,191,187,4
112000142,107,1145,-1038
112000143,301,188,113
112000144,192,1938,-1746
112000145,853,526,327
112000146,458,2399,-1941
112000147,808,1063,-255
112000148,1233,2179,-946
112000149,103,830,-727
112000150,87,647,-560
112000151,256,657,-401
112000152,146,279,-133
112000153,193,294,-101
112000154,72,119,-47
112000155,83,45,38
112000157,444,388,56
112000158,95,611,-516
112000159,207,286,-79
112000167,52,8,44
112000169,283,185,98
112000173,246,178,68
112000175,99,310,-211
112000176,4739,1162,3577
112000177,100,52,48
112000178,34,440,-406
112000179,84,218,-134
112000180,215,175,40
112000181,909,1633,-724
112000182,316,2030,-1714
112000183,18,32,-14
112000184,95,581,-486
112000185,146,657,-511
112000187,1622,1657,-35
112000195,28,3,25
112000196,3,0,3
112000197,0,43,-43
112000198,18,361,-343
112000199,634,967,-333
112000202,100,24,76
112000216,71,150,-79
112000230,15,2,13
112000231,0,291,-291
112000256,29,118,-89
112000313,85,152,-67
112000314,5,6,-1
112000337,81,434,-353
112000352,138,96,42
112000392,1377,625,752
112000398,376,535,-159
112000399,2143,948,1195
112000400,1361,4125,-2764
112000401,2040,2888,-848
112000402,876,1444,-568
112000403,1509,1098,411
112000404,192,398,-206
112000405,934,1884,-950
112000406,2819,3207,-388
112000407,2224,4139,-1915
112000408,7449,6077,1372
112000409,1390,4416,-3026
112000410,66,51,15
112000411,4587,324,4263
112000412,665,151,514
112000413,9532,959,8573
112000414,80,150,-70
112000415,80,37,43
112000416,913,956,-43
112000417,97,82,15
112000421,33,139,-106
112000422,205,412,-207
112000424,2090,1030,1060
112000425,210,1341,-1131
112000426,62,190,-128
112000427,0,11,-11
112000428,33,423,-390
112000429,1405,2496,-1091
112000430,1417,2999,-1582
112000431,29,75,-46
112000432,312,2444,-2132
112000433,419,373,46
112000437,8,346,-338
112900001,17,0,17
112900002,70,1347,-1277
112900003,9,294,-285
112900004,7,244,-237
112900005,31,223,-192
112900007,10,118,-108
112900008,0,3,-3
112900009,124,58,66
112900010,49,624,-575
112900011,446,164,282
112900012,0,34,-34
112900013,0,119,-119
112900014,1,289,-288
112900015,214,747,-533
112900016,3,224,-221
112900017,17,172,-155
112900018,32,962,-930
112900019,28,117,-89
112900020,391,1335,-944
112900021,4,217,-213
112900022,7,55,-48
112900023,1,338,-337
112900024,13,241,-228
112900025,59,164,-105
112900026,0,241,-241
112900027,2,1237,-1235
112900028,6,91,-85
112900029,9,697,-688
112900030,278,122,156
112900031,2,585,-583
112900032,70,210,-140
112900034,0,82,-82
112900035,5,623,-618
112900036,11,85,-74
112900037,52,70,-18
112900038,85,58,27
112900039,19,354,-335
112900040,5,256,-251
112900041,946,366,580
112900042,23,375,-352
112900043,3,29,-26
112900044,369,267,102
112900045,491,246,245
112900046,178,57,121
112900047,13,6,7
112900049,16,34,-18
112900050,47,569,-522
112900051,224,601,-377
112900052,4,981,-977
112900053,316,72,244
112900054,236,15,221
112900055,44,5,39
112900056,77,39,38
112900057,4,710,-706
112900058,146,66,80
112900059,58,135,-77
112900060,2,157,-155
112900061,50,113,-63
112900062,21,120,-99
112900063,61,5,56
112900064,104,81,23
112900065,17,2,15
112900066,58,41,17
112900067,414,50,364
112900068,9,11,-2
112900069,2529,167,2362
112900071,13,2,11
112900072,110,196,-86
112900073,128,25,103
112900074,17,47,-30
112900075,2388,213,2175
112900076,27,3,24
112900078,16,89,-73
112900079,40,7,33
112900080,2,1,1
112900081,10,45,-35
112900082,134,7,127
112900083,11,18,-7
112900084,31,18,13
112900086,5,0,5
112900087,138,14,124
112900088,15,7,8
112900089,248,2,246
112900090,3,5,-2
112900091,34,3,31
112900092,73,49,24
112900093,174,1,173
112900095,1,1,0
112900096,135,46,89
112900097,27,430,-403
112900098,9,0,9
112900099,155,1,154
112900100,14,0,14
112900101,44,1,43
112900102,15,0,15
112900103,45,1,44
112900104,93,4,89
112900105,0,0,0
112900106,158,22,136
112900107,0,1,-1
112900108,0,0,0
112900109,11,0,11
112900110,162,7,155
112900111,112,0,112
112900112,77,0,77
112900113,1,16,-15
112900114,17,4,13
112900115,182,2,180
112900116,20,0,20
112900117,145,76,69
112900118,10,42,-32
112900119,8,6,2
112900120,526,110,416
112900121,214,100,114
112900122,10,116,-106
112900123,84,6,78
112900124,2,114,-112
112900125,19,142,-123
112900126,75,285,-210
112900127,96,9,87
112900128,453,745,-292
112900129,1,915,-914
112900130,73,38,35
112900131,18,238,-220
112900132,40,588,-548
112900133,23,1271,-1248
112900134,2,284,-282
112900135,28,8,20
112900137,14,903,-889
112900138,7,488,-481
112900139,113,977,-864
112900141,119,25,94
112900142,23,20,3
112900143,34,740,-706
112900144,7,1277,-1270
112900145,41,394,-353
112900146,4,1385,-1381
112900147,3,2315,-2312
112900148,5,0,5
112900149,52,488,-436
112900151,20,26,-6
112900152,5773,741,5032
112900153,1056,338,718
112900154,0,94,-94
112900155,21,3,18
112900156,76,2010,-1934
112900157,21,64,-43
112900158,3,3,0
112900159,85,23,62
112900160,22,205,-183
112900161,20,11,9
112900162,27,6,21
112900163,92,9,83
112900164,22,29,-7
112900165,36,13,23
112900166,7,19,-12
112900167,8,23,-15
112900168,0,3,-3
112900169,19,4,15
112900170,16,67,-51
112900172,51,2,49
112900173,133,93,40
112900174,87,13,74
112900175,90,21,69
112900176,6,13,-7
112900177,45,8,37
112900178,197,390,-193
112900179,39,580,-541
112900180,328,2094,-1766
112900181,134,17,117
112900182,11,1591,-1580
112900183,34,79,-45
112900184,239,219,20
112900185,116,284,-168
112900186,1060,340,720
112900187,14,81,-67
112900188,484,188,296
112900189,0,27,-27
112900190,1,51,-50
112900192,217,103,114
112900193,657,108,549
112900194,3,68,-65
112900195,289,11,278
112900196,151,476,-325
112900197,72,336,-264
112900199,54,260,-206
112900200,98,247,-149
112900201,36,89,-53
112900202,69,929,-860
112900203,26,308,-282
112900204,551,174,377
112900205,1,3,-2
112900206,2,40,-38
112900207,1,0,1
112900208,36,31,5
112900209,253,371,-118
112900210,0,7,-7
112900211,8,7,1
112900212,0,73,-73
112900213,1,5,-4
112900214,16,1,15
112900215,10,144,-134
112900216,21,93,-72
112900217,0,87,-87
112900218,8,0,8
112900219,7,0,7
112900220,1,0,1
112900221,1,140,-139
112900222,0,3,-3
112900223,226,3,223
112900224,69,605,-536
112900225,95,516,-421
112900226,97,62,35
112900227,56,1119,-1063
112900228,7,32,-25
112900229,16,50,-34
112900230,7033,1706,5327
112900232,85,62,23
112900233,11,153,-142
112900234,1,113,-112
112900235,10,2,8
112900236,26,10,16
112900237,30,573,-543
112900238,0,33,-33
112900239,347,229,118
112900240,2,120,-118
112900241,5,263,-258
112900242,1,321,-320
112900243,3,241,-238
112900244,1,191,-190
112900245,0,32,-32
112900246,2,9,-7
112900247,88,11,77
112900248,20,1,19
112900249,19,2,17
112900250,15,15,0
112900251,14,10,4
112900252,15,14,1
112900253,5,11,-6
112900254,3,3,0
112900255,1,22,-21
112900256,5,13,-8
112900257,12,10,2
112900258,6,11,-5
113000001,4707,4064,643
113000002,3326,2385,941
113000003,1716,1533,183
113000004,1896,1633,263
113000005,1142,884,258
113000006,759,1027,-268
113000007,1021,1131,-110
113000008,1033,1356,-323
113000009,517,947,-430
113000010,477,1201,-724
113000011,552,1418,-866
113000012,503,690,-187
113000013,485,326,159
113000014,1157,959,198
113000015,318,194,124
113000016,130,110,20
113000017,6,305,-299
113000018,107,21,86
113000019,15,245,-230
113000020,45,9,36
113000021,598,653,-55
113000022,279,1123,-844
113000025,37,275,-238
113000026,95,327,-232
113000027,497,245,252
113000028,610,273,337
113000029,593,435,158
113000030,728,484,244
113000031,407,167,240
113000032,225,135,90
113000033,270,207,63
113000034,553,200,353
113000035,18,15,3
113000036,15,43,-28
113000037,32,24,8
113000038,13,40,-27
113000039,48,406,-358
113000040,45,110,-65
113000042,826,567,259
113000051,511,1088,-577
113000052,2514,1010,1504
113000053,227,723,-496
113000054,88,502,-414
113000055,472,882,-410
113000056,441,2052,-1611
113000058,577,697,-120
113000059,1075,541,534
113000060,45,543,-498
113000061,602,557,45
113000062,1181,149,1032
113000063,56,268,-212
113000064,23,348,-325
113000065,139,1357,-1218
113000066,253,104,149
113000067,631,785,-154
113000068,343,2230,-1887
113000069,390,1441,-1051
113000070,621,601,20
113000071,172,678,-506
113000072,201,325,-124
113000073,392,1196,-804
113000074,684,268,416
113000075,1789,283,1506
113000076,1304,1167,137
113000077,1173,364,809
113000078,845,909,-64
113000079,621,505,116
113000080,525,445,80
113000081,652,770,-118
113000082,857,602,255
113000083,461,595,-134
113000084,1226,753,473
113000085,749,520,229
113000086,867,900,-33
113000087,988,661,327
113000088,1857,837,1020
113000089,736,1031,-295
113000090,207,186,21
113000091,787,198,589
113000094,464,118,346
113000095,216,1333,-1117
113000096,122,887,-765
113000097,330,248,82
113000098,25,13,12
113000099,724,197,527
113000100,93,378,-285
113000101,304,547,-243
113000102,355,164,191
113000103,2142,495,1647
113000104,230,1951,-1721
113000105,319,436,-117
113000106,219,566,-347
113000107,473,803,-330
113000108,723,1540,-817
113000109,412,2514,-2102
113000110,1172,322,850
113000111,86,419,-333
113000112,316,326,-10
113000113,1475,217,1258
113000114,314,619,-305
113000116,478,256,222
113000117,658,182,476
113000118,60,217,-157
113000119,126,364,-238
113000120,17,188,-171
113000121,184,821,-637
113000124,83,110,-27
113000125,17,355,-338
113000127,3680,486,3194
113000128,418,231,187
113000129,400,962,-562
113000133,4307,355,3952
113000134,4,381,-377
113000135,2099,1366,733
113000137,1894,980,914
113000139,266,77,189
113000140,230,177,53
113000141,221,67,154
113000142,620,273,347
113000143,402,138,264
113000144,361,407,-46
113000145,51,115,-64
113000146,63,54,9
113000147,44,100,-56
113000148,30,120,-90
113000149,88,73,15
113000150,478,258,220
113000151,122,22,100
113000152,23,75,-52
113000153,1608,269,1339
113000154,394,719,-325
113000155,159,176,-17
113000156,183,283,-100
113000157,249,553,-304
113000158,265,148,117
113000159,487,344,143
113000160,567,992,-425
113000161,151,649,-498
113000162,339,349,-10
113000163,33,31,2
113000164,44,106,-62
113000166,59,28,31
113000167,19,288,-269
113000168,36,259,-223
113000169,66,43,23
113000170,45,60,-15
113000171,79,102,-23
113000172,136,71,65
113000173,18,5,13
113000174,110,718,-608
113000175,194,109,85
113000176,205,98,107
113000177,125,491,-366
113000178,142,530,-388
113000179,224,52,172
113000180,417,1182,-765
113000181,538,926,-388
113000182,111,199,-88
113000183,118,410,-292
113000184,33,84,-51
113000189,694,473,221
113000190,1202,198,1004
113000192,2531,929,1602
113000193,4181,565,3616
113000194,1841,896,945
113000195,2352,295,2057
113000196,52,123,-71
113000197,948,670,278
113000198,23,313,-290
113000199,316,360,-44
113000201,300,136,164
113000202,2883,1332,1551
113000203,508,108,400
113000204,1454,803,651
113000205,14,17,-3
113000206,6,26,-20
113000207,37,12,25
113000208,14,37,-23
113000209,11,12,-1
113000210,3,19,-16
113000211,348,169,179
113000212,209,14,195
113000213,12,110,-98
113000214,108,172,-64
113000234,136,1556,-1420
113000410,43,62,-19
113000411,1832,2956,-1124
113000412,10953,1218,9735
113000413,4277,1045,3232
113000414,10476,4699,5777
113000415,2723,1620,1103
113000416,7689,2008,5681
113000417,2380,1450,930
113000418,2205,2188,17
113000419,1070,1259,-189
113000420,2901,1965,936
113000421,3413,2991,422
113000422,17214,4166,13048
113000423,2812,1651,1161
113000424,4518,4567,-49
113000425,12,72,-60
113000428,3,2,1
113000430,4,13,-9
113000432,663,106,557
113000433,146,937,-791
113000434,20,462,-442
113000435,8,1187,-1179
113000436,70,1450,-1380
113000437,185,25,160
113000438,48,21,27
113000439,13,208,-195
113000440,25,23,2
113000441,92,267,-175
113000442,109,340,-231
113000443,38,287,-249
113000444,86,377,-291
113000445,48,159,-111
113000446,29,135,-106
113000448,275,112,163
113000449,275,675,-400
113000450,604,1473,-869
113000451,1908,85,1823
113000452,303,241,62
113000453,246,200,46
113000454,639,46,593
113000455,92,104,-12
113000456,2522,1531,991
113000468,2809,260,2549
113000469,193,48,145
113000470,588,94,494
113000471,14,250,-236
113000472,46,238,-192
113000474,145,683,-538
113000475,952,1707,-755
113000476,643,2008,-1365
113000477,1292,2129,-837
113000478,2444,5460,-3016
113000479,12,268,-256
113000485,0,0,0
113000486,0,0,0
113000487,0,0,0
113000489,0,0,0
113000490,0,0,0
113000491,0,0,0
113000492,0,0,0
113000493,0,0,0
113000495,192,218,-26
113000496,30,110,-80
113900001,4,54,-50
113900002,0,116,-116
113900003,0,90,-90
113900004,1,12,-11
113900005,0,22,-22
113900006,0,33,-33
113900007,57,0,57
113900008,11,2,9
113900009,142,1,141
113900010,69,1,68
113900011,16,1,15
113900012,1,2,-1
113900013,304,2,302
113900014,283,1,282
113900015,0,39,-39
113900016,1,0,1
113900017,2,46,-44
113900018,284,31,253
113900019,26,28,-2
113900020,20,1,19
113900022,5,0,5
113900023,0,0,0
113900024,27,54,-27
113900025,305,8,297
113900026,12,0,12
113900027,5,92,-87
113900028,24,447,-423
113900029,12,321,-309
113900030,49,1,48
113900031,0,1,-1
113900032,3,0,3
113900033,32,65,-33
113900035,19,0,19
113900036,8,120,-112
113900037,14,574,-560
113900038,59,13,46
113900039,33,2,31
113900040,35,34,1
113900041,0,0,0
113900042,32,45,-13
113900043,131,80,51
113900044,75,34,41
113900045,10,2,8
113900046,208,645,-437
113900047,21,150,-129
113900048,277,19,258
113900049,866,105,761
113900050,107,377,-270
113900051,81,368,-287
113900052,117,187,-70
113900053,288,56,232
113900054,7,0,7
113900055,73,644,-571
113900056,39,154,-115
113900057,9,82,-73
113900058,23,200,-177
113900059,52,313,-261
113900060,112,204,-92
113900061,455,24,431
113900062,22,2,20
113900063,35,139,-104
113900064,9,185,-176
113900065,215,10,205
113900066,91,499,-408
113900067,25,291,-266
113900068,284,177,107
113900069,26,1,25
113900070,167,477,-310
113900071,48,53,-5
113900072,13,169,-156
113900073,121,317,-196
113900074,16,386,-370
113900075,484,544,-60
113900076,72,4,68
113900077,21,249,-228
113900078,41,27,14
113900079,0,56,-56
113900080,159,69,90
113900081,17,248,-231
113900082,106,163,-57
113900083,38,698,-660
113900084,126,42,84
113900085,24,414,-390
113900086,11,9,2
113900087,10,184,-174
113900088,13,40,-27
113900089,211,24,187
113900090,142,160,-18
113900091,4,10,-6
113900092,42,29,13
113900093,55,342,-287
113900094,80,475,-395
113900095,33,57,-24
113900096,78,24,54
113900097,0,127,-127
113900098,273,34,239
113900099,0,34,-34
113900100,0,0,0
113900101,34,18,16
113900102,58,42,16
113900103,171,155,16
113900104,48,107,-59
113900105,5,379,-374
113900106,1,78,-77
113900107,0,8,-8
113900108,159,88,71
113900109,202,77,125
113900110,4,4,0
113900111,23,65,-42
113900112,12,66,-54
113900113,311,241,70
113900114,1,98,-97
113900115,0,31,-31
113900116,38,82,-44
113900117,33,6,27
113900118,130,165,-35
113900119,213,82,131
113900120,22,7,15
113900121,8,32,-24
113900122,95,875,-780
113900123,134,120,14
113900124,0,23,-23
113900125,1338,101,1237
113900126,63,19,44
113900127,153,211,-58
113900128,81,18,63
113900129,9,31,-22
113900130,0,4,-4
113900131,34,54,-20
113900132,34,10,24
113900133,6,39,-33
113900135,150,457,-307
113900136,67,58,9
113900137,123,122,1
113900138,23,49,-26
113900139,474,26,448
113900140,301,62,239
113900141,140,539,-399
113900142,52,68,-16
113900143,2,11,-9
113900144,305,55,250
113900145,103,207,-104
113900146,14,44,-30
113900148,125,64,61
113900149,48,20,28
113900150,1658,153,1505
113900151,85,186,-101
113900152,9,64,-55
113900153,509,89,420
113900154,0,70,-70
113900155,187,23,164
113900156,157,625,-468
113900157,36,197,-161
113900158,252,69,183
113900159,5,127,-122
113900160,395,728,-333
113900161,8,155,-147
113900162,446,172,274
113900163,284,161,123
113900164,100,26,74
113900165,347,464,-117
113900166,181,39,142
113900167,124,17,107
113900168,83,71,12
113900169,75,382,-307
113900171,50,23,27
113900172,3,179,-176
113900173,33,628,-595
113900174,322,603,-281
113900175,117,34,83
113900176,61,620,-559
113900177,232,170,62
113900178,115,54,61
113900179,10,695,-685
113900180,73,105,-32
113900181,259,38,221
113900182,243,799,-556
113900183,13,57,-44
113900184,19,544,-525
113900185,104,77,27
113900186,6,16,-10
113900187,32,144,-112
113900188,8,76,-68
113900189,69,37,32
113900190,286,104,182
113900191,33,145,-112
113900192,2588,721,1867
113900193,4,290,-286
113900194,1843,845,998
113900195,269,506,-237
113900196,1,92,-91
113900197,1,361,-360
113900198,23,167,-144
113900199,168,539,-371
113900200,9,158,-149
113900201,1,265,-264
113900202,9,89,-80
113900203,2,248,-246
113900204,19,676,-657
113900205,19,85,-66
113900206,0,54,-54
113900207,2,26,-24
113900208,1,39,-38
113900209,0,22,-22
113900210,321,214,107
113900211,60,11,49
113900212,48,559,-511
113900214,465,269,196
113900215,12,113,-101
113900216,12,1516,-1504
113900217,11,301,-290
113900218,40,16,24
113900219,84,517,-433
113900220,66,49,17
113900221,137,97,40
113900222,1616,254,1362
113900223,29,1046,-1017
113900224,104,25,79
113900225,548,147,401
113900226,223,91,132
113900227,227,95,132
113900228,245,135,110
113900229,18,403,-385
113900230,3951,738,3213
113900231,44,148,-104
113900232,32,124,-92
113900233,13,39,-26
113900234,49,333,-284
113900235,25,13,12
113900236,55,281,-226
113900237,39,3,36
113900238,145,175,-30
113900239,31,34,-3
113900240,0,30,-30
113900241,49,35,14
113900242,32,124,-92
113900243,56,381,-325
113900244,536,169,367
113900245,1253,190,1063
113900246,5,0,5
113900247,108,93,15
113900248,3414,501,2913
113900249,935,138,797
113900250,10,85,-75
113900251,205,256,-51
113900252,186,12,174
113900253,233,4,229
113900254,288,35,253
113900255,136,8,128
113900256,171,7,164
113900257,30,827,-797
113900258,7,595,-588
113900259,185,276,-91
113900260,43,13,30
113900261,13,138,-125
113900262,88,802,-714
113900263,44,442,-398
113900264,2,701,-699
113900265,116,329,-213
113900266,32,287,-255
113900267,73,469,-396
113900268,56,169,-113
113900269,53,103,-50
113900270,122,220,-98
113900271,250,1417,-1167
113900273,6,0,6
113900274,16,5,11
113900275,16,29,-13
113900276,1,237,-236
113900277,22,0,22
113900278,212,121,91
113900279,86,121,-35
113900280,758,745,13
113900281,164,630,-466
113900282,503,156,347
113900283,143,251,-108
113900284,266,101,165
113900285,30,7,23
113900286,5,120,-115
113900287,7,17,-10
113900288,0,43,-43
113900289,1550,56,1494
113900290,368,32,336
113900291,110,95,15
113900292,0,2,-2
113900293,1,146,-145
113900294,162,13,149
113900295,680,189,491
113900296,1243,115,1128
113900297,257,14,243
113900298,1,1326,-1325
113900299,3,41,-38
113900300,3561,721,2840
113900301,746,219,527
113900302,2244,399,1845
113900303,562,63,499
113900304,0,129,-129
113900305,11,0,11
113900306,1,0,1
113900307,3,0,3
113900308,82,91,-9
113900309,3,748,-745
113900310,0,22,-22
113900311,14,3,11
113900312,28,68,-40
113900313,9,5,4
113900314,0,26,-26
113900315,26,0,26
114000001,872,3338,-2466
114000002,71,412,-341
114000003,133,1576,-1443
114000004,205,454,-249
114000005,146,295,-149
114000006,3796,1914,1882
114000007,374,1354,-980
114000008,1495,785,710
114000009,210,192,18
114000011,1653,3385,-1732
114000012,953,3038,-2085
114000013,640,2449,-1809
114000014,444,681,-237
114000015,412,661,-249
114000016,206,440,-234
114000017,64,145,-81
114000018,325,50,275
114000026,512,2130,-1618
114000027,871,2008,-1137
114000028,1093,1622,-529
114000038,54,202,-148
114000039,100,425,-325
114000040,49,200,-151
114000042,61,181,-120
114000043,52,300,-248
114000044,123,395,-272
114000045,38,120,-82
114000046,2202,4323,-2121
114000047,9,41,-32
114000048,89,342,-253
114000049,1315,1082,233
114000050,1660,954,706
114000051,4015,1326,2689
114000052,2365,1266,1099
114000053,11,434,-423
114000054,28,1465,-1437
114000055,85,12,73
114000056,890,315,575
114000057,9481,2147,7334
114000058,376,305,71
114000059,197,83,114
114000060,393,829,-436
114000061,3737,698,3039
114000062,1769,464,1305
114000063,3714,1484,2230
114000064,8992,1834,7158
114000065,1856,1681,175
114000066,211,667,-456
114000067,38,188,-150
114000068,435,245,190
114000069,470,252,218
114000070,2420,1061,1359
114000071,280,534,-254
114000072,59,502,-443
114000073,5,118,-113
114000074,5,36,-31
114000075,8,224,-216
114000076,41,186,-145
114000077,3,60,-57
114000078,48,1205,-1157
114000079,24,60,-36
114000080,57,108,-51
114000081,45,66,-21
114000082,58,681,-623
114000083,11,304,-293
114000084,46,69,-23
114000085,81,926,-845
114000086,77,847,-770
114000087,29,308,-279
114000088,33,60,-27
114000089,1498,525,973
114000090,508,330,178
114000091,1632,296,1336
114000092,945,169,776
114000093,563,485,78
114000094,263,418,-155
114000095,70,60,10
114000096,97,521,-424
114000097,128,1037,-909
114000098,217,34,183
114000099,62,1036,-974
114000100,347,698,-351
114000101,212,1530,-1318
114000102,108,241,-133
114000103,110,597,-487
114000104,5,354,-349
114000105,15,33,-18
114000106,740,211,529
114000107,40,91,-51
114000108,3603,1496,2107
114000109,169,343,-174
114000110,284,2022,-1738
114000111,435,272,163
114000112,188,2857,-2669
114000113,424,268,156
114000114,884,1988,-1104
114000115,809,321,488
114000116,172,551,-379
114000117,680,259,421
114000118,627,249,378
114000119,524,181,343
114000120,394,959,-565
114000121,330,526,-196
114000122,348,244,104
114000123,407,220,187
114000124,149,234,-85
114000125,620,1822,-1202
114000126,365,137,228
114000127,45,133,-88
114000128,428,436,-8
114000130,192,300,-108
114000131,53,14,39
114000132,512,878,-366
114000133,1137,1341,-204
114000134,34,295,-261
114000138,57,202,-145
114000139,684,96,588
114000144,292,185,107
114000145,99,195,-96
114000146,86,438,-352
114000147,579,515,64
114000148,2179,688,1491
114000149,252,107,145
114000150,2750,636,2114
114000151,1903,654,1249
114000152,211,16,195
114000153,1739,1457,282
114000154,977,682,295
114000155,1094,1077,17
114000156,736,309,427
114000157,304,628,-324
114000158,2813,538,2275
114000159,300,429,-129
114000160,185,165,20
114000161,1461,498,963
114000162,707,468,239
114000163,4,218,-214
114000165,231,116,115
114000166,567,115,452
114000167,5290,1020,4270
114000168,826,736,90
114000169,1718,272,1446
114000170,841,303,538
114000171,431,729,-298
114000174,187,380,-193
114000176,512,379,133
114000177,2027,656,1371
114000178,20,55,-35
114000179,1106,496,610
114000180,268,467,-199
114000181,967,1367,-400
114000182,5139,1823,3316
114000183,1180,1003,177
114000184,7837,1910,5927
114000185,656,664,-8
114000189,192,19,173
114000190,676,55,621
114000191,21,27,-6
114000192,248,1454,-1206
114000193,980,3092,-2112
114000194,795,1180,-385
114000195,16,10,6
114000196,0,362,-362
114000197,261,8,253
114000198,1126,394,732
114000199,1666,787,879
114000200,561,2722,-2161
114000201,104,1237,-1133
114000202,461,839,-378
114000203,334,1083,-749
114000204,74,427,-353
114000205,222,1879,-1657
114000206,219,1339,-1120
114000207,491,2432,-1941
114000208,354,3535,-3181
114000209,658,3625,-2967
114000210,313,1968,-1655
114000211,600,1397,-797
114000212,349,731,-382
114000213,741,600,141
114000214,42,241,-199
114000215,55,64,-9
114000216,369,166,203
114000217,64,280,-216
114000218,57,372,-315
114000219,416,249,167
114000220,10,1747,-1737
114000221,195,85,110
114000222,163,1308,-1145
114000223,198,38,160
114000224,115,728,-613
114000225,85,532,-447
114000226,23,232,-209
114000227,682,460,222
114000228,352,1024,-672
114000229,345,1221,-876
114000230,831,1562,-731
114000231,439,994,-555
114000232,238,107,131
114000233,723,90,633
114000234,742,1049,-307
114000235,435,1592,-1157
114000236,1,522,-521
114000237,35,1122,-1087
114000238,12,168,-156
114000239,110,1667,-1557
114000240,329,566,-237
114000241,228,1128,-900
114000242,715,830,-115
114000243,472,589,-117
114000244,292,261,31
114000245,255,556,-301
114000246,119,45,74
114000247,304,630,-326
114000248,365,422,-57
114000249,332,406,-74
114000250,144,396,-252
114000251,77,350,-273
114000252,41,114,-73
114000253,20,294,-274
114000254,3,77,-74
114000255,374,118,256
114000256,1423,254,1169
114000257,912,2361,-1449
114000258,73,477,-404
114000259,22,267,-245
114000260,0,17,-17
114000261,23,11,12
114000262,25,292,-267
114000263,7,1,6
114000264,189,570,-381
114000265,0,1,-1
114000267,4,1165,-1161
114000268,4,2152,-2148
114000270,59,10,49
114000271,229,73,156
114000283,281,402,-121
114000285,37,282,-245
114000288,29,484,-455
114000289,864,227,637
114000293,52,392,-340
114000294,100,333,-233
114000395,754,132,622
114000396,112,175,-63
114000402,148,309,-161
114000403,144,607,-463
114000405,59,711,-652
114000423,82,514,-432
114000424,86,256,-170
114000425,100,701,-601
114000426,151,304,-153
114000427,38,118,-80
114000428,308,34,274
114000429,8,234,-226
114000432,38,142,-104
114000434,15,132,-117
114000435,1,219,-218
114900001,230,1778,-1548
114900002,182,41,141
114900003,145,2354,-2209
114900004,87,90,-3
114900005,128,1011,-883
114900006,9,13,-4
114900007,37,4,33
114900008,32,22,10
114900010,3405,1491,1914
114900011,23,52,-29
114900013,36,37,-1
114900018,424,15,409
114900020,15,67,-52
114900022,2,557,-555
114900025,156,222,-66
114900026,18,34,-16
114900029,58,29,29
114900030,125,190,-65
114900031,45,23,22
114900032,30,25,5
114900034,39,484,-445
114900035,185,224,-39
114900036,164,1413,-1249
114900039,394,999,-605
114900040,39,277,-238
114900041,175,899,-724
114900042,269,1009,-740
114900044,29,7,22
114900047,139,1012,-873
114900048,53,242,-189
114900049,52,449,-397
114900050,48,759,-711
114900051,9,541,-532
114900052,66,173,-107
114900053,25,181,-156
114900054,16,136,-120
114900057,92,0,92
114900058,0,109,-109
114900059,23,15,8
114900063,31,380,-349
114900064,384,936,-552
114900065,89,652,-563
114900067,17,377,-360
114900068,46,340,-294
114900069,243,170,73
114900070,117,760,-643
114900072,8,270,-262
114900073,0,226,-226
114900074,79,1078,-999
114900075,34,1,33
114900076,5,406,-401
114900080,3512,406,3106
114900082,3959,1205,2754
114900083,332,502,-170
114900090,89,64,25
114900091,141,200,-59
114900097,36,1,35
114900098,4,190,-186
114900099,24,1,23
115000001,9288,6112,3176
115000002,1903,2346,-443
115000003,3528,4770,-1242
115000004,1301,3829,-2528
115000005,1036,3265,-2229
115000006,320,1343,-1023
115000007,68,149,-81
115000008,347,409,-62
115000009,96,288,-192
115000010,202,162,40
115000013,88,73,15
115000015,126,108,18
115000016,66,102,-36
115000019,7,286,-279
115000020,113,137,-24
115000021,231,382,-151
115000022,256,250,6
115000023,184,214,-30
115000024,871,473,398
115000025,481,343,138
115000026,98,363,-265
115000027,73,175,-102
115000028,117,516,-399
115000029,191,103,88
115000030,133,610,-477
115000031,448,91,357
115000032,4,287,-283
115000033,60,8,52
115000034,117,794,-677
115000035,492,14,478
115000036,3,390,-387
115000037,111,3,108
115000038,26,149,-123
115000039,2190,1440,750
115000040,5760,2670,3090
115000041,670,1415,-745
115000042,570,462,108
115000043,2885,1549,1336
115000044,3268,3943,-675
115000045,1524,3091,-1567
115000046,921,2072,-1151
115000047,887,2004,-1117
115000048,1144,3442,-2298
115000049,1270,2885,-1615
115000050,1788,1595,193
115000051,1700,986,714
115000052,3529,1777,1752
115000053,998,727,271
115000054,787,1504,-717
115000055,35,369,-334
115000056,134,197,-63
115000057,223,632,-409
115000058,191,188,3
115000059,147,191,-44
115000061,72,67,5
115000062,87,340,-253
115000063,63,333,-270
115000064,152,163,-11
115000065,15,147,-132
115000067,176,31,145
115000069,15,192,-177
115000070,23,369,-346
115000071,32,7,25
115000072,11,37,-26
115000073,968,24,944
115000075,9,57,-48
115000076,3354,3253,101
115000077,863,4172,-3309
115000078,363,2098,-1735
115000079,562,2536,-1974
115000080,935,3195,-2260
115000081,265,752,-487
115000082,2143,2273,-130
115000083,1238,3715,-2477
115000084,614,1134,-520
115000085,252,1307,-1055
115000086,235,1071,-836
115000087,372,1289,-917
115000088,961,573,388
115000089,1669,1266,403
115000090,671,361,310
115000091,329,1446,-1117
115000092,214,230,-16
115000093,251,0,251
115000094,7549,3437,4112
115000095,6620,3332,3288
115000096,373,2390,-2017
115000097,319,793,-474
115000098,365,994,-629
115000099,830,3317,-2487
115000100,323,475,-152
115000101,304,1724,-1420
115000102,239,105,134
115000103,271,1000,-729
115000105,53,250,-197
115000106,143,148,-5
115000107,81,739,-658
115000108,3844,2968,876
115000109,5243,1464,3779
115000110,702,519,183
115000111,584,1360,-776
115000112,363,258,105
115000113,543,670,-127
115000114,1370,700,670
115000116,2382,892,1490
115000117,2985,1217,1768
115000118,1212,1114,98
115000119,1501,1197,304
115000120,515,389,126
115000121,1665,580,1085
115000122,3625,379,3246
115000123,1817,550,1267
115000124,604,385,219
115000125,323,477,-154
115000126,76,184,-108
115000127,195,110,85
115000128,1129,551,578
115000129,173,105,68
115000130,186,1312,-1126
115000131,194,274,-80
115000132,60,622,-562
115000133,98,419,-321
115000134,47,261,-214
115000135,58,282,-224
115000136,76,230,-154
115000137,39,196,-157
115000138,81,278,-197
115000139,146,203,-57
115000140,75,204,-129
115000141,65,338,-273
115000142,91,321,-230
115000143,186,446,-260
115000144,233,90,143
115000145,126,570,-444
115000146,93,224,-131
115000147,176,604,-428
115000148,207,1606,-1399
115000149,240,156,84
115000150,482,1688,-1206
115000151,370,276,94
115000152,383,2093,-1710
115000153,386,321,65
115000154,257,259,-2
115000155,335,1409,-1074
115000156,521,409,112
115000157,638,779,-141
115000158,444,250,194
115000159,524,222,302
115000160,388,163,225
115000161,192,431,-239
115000162,504,375,129
115000163,565,473,92
115000164,365,446,-81
115000165,258,283,-25
115000167,73,69,4
115000168,512,226,286
115000169,462,276,186
115000170,108,124,-16
115000171,166,115,51
115000172,1612,445,1167
115000173,191,160,31
115000174,35,149,-114
115000175,104,84,20
115000176,36,29,7
115000177,45,39,6
115000178,4,312,-308
115000179,8,6,2
115000180,29,596,-567
115000181,171,69,102
115000182,190,328,-138
115000183,69,935,-866
115000186,315,231,84
115000187,52,720,-668
115000188,368,325,43
115000189,159,393,-234
115000190,419,262,157
115000191,138,255,-117
115000194,96,47,49
115000195,298,146,152
115000196,63,150,-87
115000197,88,484,-396
115000198,87,271,-184
115000199,74,349,-275
115000200,181,174,7
115000201,56,344,-288
115000206,35,43,-8
115000207,16,285,-269
115000208,458,671,-213
115000209,238,106,132
115000210,38,95,-57
115000211,125,129,-4
115000212,1190,232,958
115000224,101,52,49
115000225,44,26,18
115000229,219,116,103
115000230,47,378,-331
115000231,251,2796,-2545
115000232,601,289,312
115000233,28,238,-210
115000234,9,183,-174
115000241,25,263,-238
115000242,17,337,-320
115000243,19,365,-346
115000244,7,93,-86
115000246,18,12,6
115000247,9,6,3
115000248,10,4,6
115000249,9,8,1
115000250,70,41,29
115000251,48,120,-72
115000252,22,133,-111
115000253,17,122,-105
115000258,89,207,-118
115000259,201,123,78
115000261,1,25,-24
115000262,2,34,-32
115000263,2,34,-32
115000264,6,18,-12
115000267,25,53,-28
115000268,38,96,-58
115000269,60,36,24
115000270,2,5,-3
115000272,40,140,-100
115000273,69,9,60
115000280,2354,54,2300
115000281,538,78,460
115000282,357,225,132
115000284,312,81,231
115000296,320,24,296
115000297,57,27,30
115000298,35,73,-38
115000300,38,202,-164
115000302,89,141,-52
115000303,199,97,102
115000304,240,85,155
115000305,62,1339,-1277
115000306,53,792,-739
115000307,14,474,-460
115000308,58,15,43
115000310,449,1679,-1230
115000311,215,1572,-1357
115000313,115,783,-668
115000314,122,58,64
115000315,1460,203,1257
115000316,17,36,-19
115000317,71,499,-428
115000318,341,134,207
115000319,34,333,-299
115000320,5,98,-93
115000321,235,8,227
115000322,25,238,-213
115000449,187,75,112
115000557,26,354,-328
115000558,174,63,111
115000587,200,289,-89
115000588,2022,3952,-1930
115000589,2055,2471,-416
115000590,461,1433,-972
115000591,826,689,137
115000592,526,1118,-592
115000593,882,442,440
115000594,808,895,-87
115000609,108,101,7
115000617,1322,885,437
115000624,48,146,-98
115000633,242,1466,-1224
115000634,1661,388,1273
115000635,145,78,67
115000638,1273,640,633
115000641,110,66,44
115000642,264,217,47
115000643,116,567,-451
115000644,139,459,-320
115000646,490,637,-147
115000647,67,275,-208
115000648,551,1541,-990
115000893,3986,615,3371
115000894,28,1124,-1096
115000895,475,812,-337
115000896,1071,190,881
115000897,250,21,229
115000898,518,50,468
115000899,1072,821,251
115000900,78,294,-216
115000901,88,77,11
115000912,105,14,91
115000913,7,33,-26
115000915,3,0,3
115000916,7,5,2
115000917,0,1,-1
115000918,110,76,34
115000919,21,2,19
115000920,12,19,-7
115000921,1423,20,1403
115000922,1349,252,1097
115000923,539,607,-68
115000925,16,52,-36
115000927,4,24,-20
115000933,492,119,373
115000934,34,191,-157
115000935,21,92,-71
115000936,50,141,-91
115000937,1400,126,1274
115000938,298,90,208
115000939,431,105,326
115000940,3,4,-1
115000941,6,0,6
115000942,52,12,40
115000943,68,7,61
115000944,3,18,-15
115900001,14,98,-84
115900002,114,126,-12
115900003,40,92,-52
115900004,1,63,-62
115900005,34,4,30
115900006,38,400,-362
115900008,13,20,-7
115900009,31,191,-160
115900010,68,211,-143
115900011,101,285,-184
115900012,29,111,-82
115900013,295,134,161
115900014,71,150,-79
115900015,16,159,-143
115900016,16,16,0
115900017,0,1,-1
115900018,190,79,111
115900019,159,21,138
115900020,1,0,1
115900021,1907,77,1830
115900022,2219,10,2209
115900023,4,0,4
115900025,25,96,-71
115900026,934,398,536
115900027,0,416,-416
115900028,350,44,306
115900029,5,586,-581
115900030,14,7,7
115900031,205,52,153
115900032,180,553,-373
115900033,0,44,-44
115900034,15,624,-609
115900035,13,72,-59
115900036,202,223,-21
115900037,18,537,-519
115900038,4,5,-1
115900039,42,335,-293
115900041,193,213,-20
115900042,5,3,2
115900043,14,145,-131
115900044,158,226,-68
115900046,75,295,-220
115900047,26,23,3
115900049,61,181,-120
115900051,1,112,-111
115900052,14,414,-400
115900053,47,271,-224
115900054,56,46,10
115900055,10,171,-161
115900056,54,349,-295
115900057,9,0,9
115900058,14,62,-48
115900060,7,70,-63
115900061,42,0,42
115900062,10,419,-409
115900063,26,6,20
115900064,119,132,-13
115900065,16,111,-95
115900066,140,231,-91
115900067,4,748,-744
115900068,4020,89,3931
115900069,33,120,-87
115900070,70,245,-175
115900071,1,773,-772
115900072,89,356,-267
115900073,27,13,14
115900074,3,378,-375
115900075,10,316,-306
115900076,0,94,-94
115900077,4,360,-356
115900078,25,138,-113
115900079,55,8,47
115900080,274,169,105
115900081,7,77,-70
115900082,121,142,-21
115900084,76,12,64
115900085,50,41,9
115900086,1237,331,906
115900088,0,51,-51
115900089,45,777,-732
115900090,22,21,1
115900091,0,9,-9
115900092,34,247,-213
115900093,0,93,-93
115900094,6,464,-458
115900096,0,33,-33
115900097,7,634,-627
115900098,30,474,-444
115900099,3,84,-81
115900100,2,631,-629
115900101,31,439,-408
115900102,9,91,-82
115900103,75,228,-153
115900104,11,137,-126
115900105,34,656,-622
115900106,17,13,4
115900107,11,186,-175
115900108,23,51,-28
115900109,29,381,-352
115900110,0,13,-13
115900111,1,73,-72
115900112,14,635,-621
115900113,3,11,-8
115900114,1,107,-106
115900115,6,61,-55
115900116,73,979,-906
115900117,8,11,-3
115900118,2,426,-424
115900119,50,66,-16
115900120,9,348,-339
115900121,59,204,-145
115900124,109,194,-85
115900125,95,14,81
115900126,251,24,227
115900127,189,30,159
115900128,16,139,-123
115900129,284,19,265
115900130,28,177,-149
115900131,52,6,46
115900132,72,13,59
115900134,55,9,46
115900135,692,229,463
115900137,2,0,2
115900139,93,24,69
115900140,69,3,66
115900141,34,10,24
115900142,4,6,-2
115900143,34,187,-153
115900144,16,174,-158
115900146,7,179,-172
115900147,114,150,-36
115900148,10,9,1
115900149,11,25,-14
115900150,9,101,-92
115900151,8,47,-39
115900152,7,358,-351
115900153,12,156,-144
115900154,321,255,66
115900155,0,63,-63
115900156,375,397,-22
115900157,45,311,-266
115900158,30,3,27
115900159,14,266,-252
115900160,3,11,-8
115900161,3,144,-141
115900163,51,71,-20
115900164,115,0,115
115900166,89,165,-76
115900168,25,132,-107
115900171,62,210,-148
115900172,9,135,-126
115900173,89,148,-59
115900174,179,217,-38
115900175,40,163,-123
115900178,3,698,-695
115900179,55,20,35
115900180,18,387,-369
115900181,47,350,-303
115900182,102,319,-217
115900183,86,37,49
115900184,1483,17,1466
115900187,9,75,-66
115900189,0,47,-47
115900190,151,192,-41
115900191,29,493,-464
115900192,6,45,-39
115900193,51,33,18
115900194,151,6,145
115900195,228,445,-217
115900198,222,193,29
115900199,85,191,-106
115900200,291,232,59
115900201,165,134,31
115900202,0,0,0
115900203,1,1,0
115900204,0,1,-1
115900205,28,16,12
115900206,42,101,-59
115900207,3,26,-23
115900208,23,402,-379
115900209,0,114,-114
115900210,0,143,-143
115900211,1,169,-168
115900212,57,193,-136
115900213,19,27,-8
115900214,75,165,-90
115900215,21,16,5
115900216,4,69,-65
115900217,0,46,-46
115900218,0,38,-38
115900219,10,0,10
115900220,49,7,42
115900221,10,9,1
115900222,4,5,-1
115900223,2,27,-25
115900224,1634,157,1477
115900225,103,13,90
115900226,11,30,-19
115900227,7,26,-19
115900228,1,21,-20
115900229,4,37,-33
115900230,29,56,-27
115900231,53,3,50
115900232,5,3,2
115900233,55,8,47
115900234,24,5,19
115900235,0,11,-11
115900236,4,7,-3
115900237,8,27,-19
115900238,1,13,-12
115900239,0,16,-16
115900240,0,48,-48
115900241,45,38,7
115900242,151,115,36
115900243,7,6,1
115900244,0,7,-7
115900245,5,8,-3
115900246,2,0,2
115900247,6,1,5
115900248,3,2,1
115900249,1,3,-2
115900250,1,3,-2
115900251,0,1,-1
115900252,0,2,-2
115900253,8,4,4
115900254,5,4,1
115900255,0,13,-13
115900256,19,25,-6
115900257,1,7,-6
115900258,0,0,0
115900259,0,5,-5
115900260,5,0,5
115900261,2,1,1
115900262,1,1,0
115900263,18,0,18
115900264,16,8,8
115900265,1,1,0
115900266,0,4,-4
115900267,2,2,0
115900268,2,6,-4
115900269,100,304,-204
115900270,80,901,-821
115900271,19,0,19
115900272,2,0,2
115900273,7,3,4
115900274,6,12,-6
115900275,0,31,-31
115900276,0,47,-47
115900277,0,170,-170
115900278,4,69,-65
115900279,12,71,-59
115900280,14,61,-47
115900281,605,72,533
115900282,22,1,21
115900283,0,6,-6
115900284,4,15,-11
116000001,19030,4649,14381
116000002,2606,2658,-52
116000003,1295,2268,-973
116000004,937,997,-60
116000005,1761,2991,-1230
116000006,909,781,128
116000007,3037,3952,-915
116000008,1710,1069,641
116000009,1648,2902,-1254
116000010,811,611,200
116000011,691,2040,-1349
116000012,421,499,-78
116000013,17182,3715,13467
116000014,21598,4018,17580
116000015,410,418,-8
116000016,5957,899,5058
116000017,22,302,-280
116000018,559,354,205
116000019,282,217,65
116000020,227,1168,-941
116000021,118,225,-107
116000022,218,466,-248
116000023,297,354,-57
116000024,455,1522,-1067
116000025,417,354,63
116000026,1221,2084,-863
116000027,242,372,-130
116000028,212,430,-218
116000029,758,483,275
116000030,210,222,-12
116000031,123,173,-50
116000032,199,289,-90
116000033,171,466,-295
116000034,349,795,-446
116000035,258,455,-197
116000036,1429,171,1258
116000037,373,233,140
116000038,447,170,277
116000039,512,212,300
116000040,563,111,452
116000041,225,456,-231
116000042,216,189,27
116000043,44,502,-458
116000044,14,137,-123
116000045,1045,719,326
116000046,853,724,129
116000047,1726,1461,265
116000048,1787,1167,620
116000049,631,1589,-958
116000050,1112,1441,-329
116000051,1492,1622,-130
116000052,1815,3178,-1363
116000053,684,987,-303
116000054,448,2446,-1998
116000055,299,1757,-1458
116000056,290,935,-645
116000057,2619,2240,379
116000058,2530,1442,1088
116000059,2157,2800,-643
116000060,2589,651,1938
116000061,440,733,-293
116000062,577,194,383
116000063,354,1132,-778
116000066,119,195,-76
116000067,284,682,-398
116000068,83,134,-51
116000069,175,492,-317
116000078,151,1001,-850
116000080,681,1053,-372
116000082,2,93,-91
116000083,686,273,413
116000084,1601,3988,-2387
116000085,1155,653,502
116000086,2100,1693,407
116000087,750,662,88
116000088,572,1192,-620
116000089,59,69,-10
116000090,91,119,-28
116000091,71,87,-16
116000093,346,349,-3
116000094,229,636,-407
116000095,337,488,-151
116000096,311,799,-488
116000097,239,685,-446
116000098,207,2112,-1905
116000099,8518,276,8242
116000100,35,9,26
116000101,220,1432,-1212
116000102,130,1319,-1189
116000103,242,205,37
116000104,93,1533,-1440
116000105,271,176,95
116000106,169,1437,-1268
116000107,630,483,147
116000108,19,164,-145
116000111,23,11,12
116000113,73,30,43
116000114,35,117,-82
116000115,62,43,19
116000116,173,571,-398
116000117,658,1468,-810
116000118,638,1228,-590
116000119,1200,1333,-133
116000120,1680,4255,-2575
116000121,215,270,-55
116000122,1177,2596,-1419
116000123,181,322,-141
116000124,179,1156,-977
116000125,668,422,246
116000126,149,1450,-1301
116000127,862,1600,-738
116000128,675,441,234
116000129,314,220,94
116000130,182,226,-44
116000133,223,991,-768
116000134,844,2945,-2101
116000135,684,1203,-519
116000136,758,2529,-1771
116000137,309,537,-228
116000138,1159,250,909
116000139,1190,2163,-973
116000140,63,209,-146
116000141,232,975,-743
116000142,3618,3758,-140
116000143,1913,1244,669
116000144,885,2945,-2060
116000145,917,1506,-589
116000146,162,419,-257
116000147,126,122,4
116000148,186,303,-117
116000149,218,496,-278
116000151,338,1071,-733
116000153,48,347,-299
116000155,111,144,-33
116000156,365,790,-425
116000157,14,19,-5
116000158,248,438,-190
116000159,7,3,4
116000160,11,119,-108
116000161,3,49,-46
116000162,52,38,14
116000163,4,8,-4
116000164,1,10,-9
116000177,22,79,-57
116000194,40,227,-187
116000195,1041,543,498
116000196,2,14,-12
116000197,7,11,-4
116000198,1874,814,1060
116000200,675,164,511
116000201,385,662,-277
116000202,0,277,-277
116000203,3,89,-86
116000204,5,31,-26
116000205,0,107,-107
116000206,1,81,-80
116000207,1,53,-52
116000233,76,822,-746
116000287,33,534,-501
116000288,66,221,-155
116000292,16,183,-167
116000296,6,195,-189
116000297,72,30,42
116000304,24,56,-32
116000305,11,95,-84
116000346,60,207,-147
116000352,66,32,34
116000354,31,4,27
116000357,0,28,-28
116000358,55,16,39
116000361,573,4,569
116000372,10229,1501,8728
116000381,21,0,21
116000388,0,36,-36
116000389,339,563,-224
116000445,82,1034,-952
116000446,114,1037,-923
116000447,4,318,-314
116000448,418,207,211
116000563,844,344,500
116000565,84,448,-364
116000568,17,40,-23
116000579,14,119,-105
116000583,30,75,-45
116000584,2,34,-32
116000585,1,25,-24
116000586,228,41,187
116000587,210,444,-234
116000589,20,90,-70
116000590,22,46,-24
116000591,54,253,-199
116000592,4,131,-127
116000593,1,72,-71
116000594,98,578,-480
116000595,186,187,-1
116000596,22,7,15
116000597,39,39,0
116000598,6,230,-224
116000605,105,105,0
116000606,14,101,-87
116000607,2,60,-58
116000609,120,417,-297
116000611,26,653,-627
116000612,352,1663,-1311
116000613,111,250,-139
116000614,352,785,-433
116000615,1,63,-62
116000616,10,126,-116
116000617,39,159,-120
116000618,0,191,-191
116000619,7,43,-36
116000620,23,324,-301
116000621,13,38,-25
116000622,11,132,-121
116000624,17,72,-55
116000627,7,97,-90
116000628,24,549,-525
116000629,9,293,-284
116000630,81,34,47
116000631,27,37,-10
116000632,136,75,61
116000633,55,367,-312
116000634,114,300,-186
116000635,2832,1101,1731
116000636,1611,824,787
116000637,85,152,-67
116000638,46,442,-396
116000639,17,1,16
116000640,5,7,-2
116000641,26,232,-206
116000643,0,128,-128
116000644,6,1092,-1086
116000645,2,28,-26
116900001,88,140,-52
116900002,212,4,208
116900003,0,65,-65
116900004,23,15,8
116900005,82,24,58
116900006,131,144,-13
116900007,75,192,-117
116900008,124,478,-354
116900009,1,0,1
116900010,131,2135,-2004
116900011,3,13,-10
116900012,69,176,-107
116900013,10,185,-175
116900014,30,392,-362
116900015,73,51,22
116900016,32,0,32
116900017,3,877,-874
116900018,39,19,20
116900019,0,347,-347
116900020,1256,126,1130
116900023,21,6,15
116900024,138,70,68
116900025,190,1227,-1037
116900026,108,599,-491
116900027,5,25,-20
116900028,2,98,-96
116900029,0,4,-4
116900031,0,11,-11
116900032,4,377,-373
116900033,0,11,-11
116900034,2,64,-62
116900035,41,196,-155
116900036,2,87,-85
116900038,4,2,2
116900041,18,6,12
116900042,918,124,794
116900043,0,79,-79
116900047,92,11,81
116900049,32,263,-231
116900050,41,349,-308
116900051,29,222,-193
116900052,118,55,63
116900055,1,4,-3
116900057,18,309,-291
116900058,7,422,-415
116900059,2,157,-155
116900060,113,187,-74
116900062,0,4,-4
116900064,34,1118,-1084
116900065,5,78,-73
116900067,14,113,-99
116900068,63,503,-440
116900070,0,2,-2
116900072,5,444,-439
116900073,4,215,-211
116900074,1,26,-25
116900076,4,20,-16
116900077,5,231,-226
116900078,179,115,64
116900079,2,382,-380
116900080,24,10,14
116900081,117,1244,-1127
116900082,56,1129,-1073
116900083,14,72,-58
116900084,131,40,91
116900085,9,116,-107
116900086,21,268,-247
116900088,398,34,364
116900090,111,39,72
116900091,46,135,-89
116900092,23,850,-827
116900093,1561,1048,513
116900094,6918,1362,5556
116900095,91,219,-128
116900096,64,54,10
116900097,3388,874,2514
116900098,1032,91,941
116900099,401,260,141
116900100,211,3,208
116900101,241,740,-499
116900103,0,0,0
116900104,36,52,-16
116900105,228,24,204
116900106,150,2,148
116900107,4192,703,3489
116900110,3,0,3
116900111,85,1116,-1031
116900112,89,746,-657
116900113,2572,620,1952
116900116,49,142,-93
116900117,16,63,-47
116900118,1117,335,782
116900120,74,75,-1
116900121,20,17,3
116900122,184,946,-762
116900123,39,823,-784
116900124,75,759,-684
116900125,49,235,-186
116900126,123,326,-203
116900128,1,34,-33
116900129,1,352,-351
116900130,991,1604,-613
116900131,18,119,-101
116900132,14,61,-47
116900133,43,77,-34
116900134,59,220,-161
116900136,61,171,-110
116900137,145,166,-21
116900138,72,205,-133
116900139,44,397,-353
116900140,118,173,-55
116900141,289,254,35
116900142,4,3,1
116900143,112,447,-335
116900144,2,24,-22
116900145,46,377,-331
116900147,456,250,206
116900148,1,18,-17
116900149,8,69,-61
116900150,3,7,-4
116900151,77,11,66
116900153,26,40,-14
116900154,262,93,169
116900155,27,13,14
116900157,94,286,-192
116900158,48,40,8
116900159,28,177,-149
116900160,307,205,102
116900161,11540,2394,9146
116900162,3,141,-138
116900163,29,147,-118
116900164,31,31,0
116900165,46,61,-15
116900166,5,87,-82
116900167,98,48,50
116900168,79,82,-3
116900169,378,105,273
116900170,51,177,-126
116900171,9,175,-166
116900172,228,54,174
116900173,22,40,-18
116900174,6,22,-16
116900175,82,55,27
116900178,15,180,-165
116900179,40,43,-3
116900180,34,32,2
116900182,108,170,-62
116900183,53,58,-5
116900185,20,2,18
116900186,46,346,-300
116900187,11,5,6
116900188,83,18,65
116900189,2,0,2
116900191,82,235,-153
116900192,88,135,-47
116900194,21,296,-275
116900195,20,4,16
116900196,6,133,-127
116900197,23,2,21
116900198,345,41,304
116900200,12,43,-31
116900201,19,3,16
116900202,82,72,10
116900203,17,1,16
116900204,16,23,-7
116900206,8,30,-22
116900207,1,20,-19
116900208,7,118,-111
116900209,14,117,-103
116900210,119,133,-14
116900211,100,6,94
116900212,7,62,-55
116900213,121,186,-65
116900214,38,138,-100
116900215,15,68,-53
116900216,118,382,-264
116900218,0,370,-370
116900219,472,295,177
116900220,39,216,-177
116900221,25,218,-193
116900222,238,202,36
116900223,18,76,-58
116900226,3,67,-64
116900227,48,46,2
116900228,77,274,-197
116900230,13,403,-390
116900231,28,665,-637
116900232,8,606,-598
116900233,71,60,11
116900234,37,2,35
116900235,141,455,-314
116900238,1552,341,1211
116900239,18,554,-536
116900240,5999,1446,4553
116900241,20,122,-102
116900242,1342,168,1174
116900243,1,44,-43
116900245,4,1,3
116900246,11,21,-10
116900247,97,14,83
116900248,19,5,14
116900249,61,84,-23
116900250,61,36,25
116900251,415,93,322
116900252,21,887,-866
116900254,5,82,-77
116900255,104,19,85
116900256,69,140,-71
116900257,3,667,-664
116900258,3,404,-401
116900259,23,14,9
116900260,0,153,-153
116900261,5,7,-2
116900262,69,161,-92
116900263,0,9,-9
116900264,15,10,5
116900265,4,0,4
116900266,1,64,-63
116900267,7,0,7
116900268,18,1,17
116900269,220,458,-238
116900271,1967,38,1929
116900272,435,727,-292
116900273,212,22,190
116900274,80,72,8
116900275,69,120,-51
116900276,229,19,210
116900277,502,6,496
116900278,2,6,-4
116900279,0,20,-20
116900280,6,16,-10
116900281,7540,1200,6340
116900282,1,148,-147
116900283,7,155,-148
116900284,18,193,-175
116900285,360,78,282
116900286,171,2,169
116900287,1,106,-105
116900288,43,187,-144
116900289,1,14,-13
116900290,0,37,-37
116900291,3,2,1
116900292,0,2,-2
116900293,4,98,-94
116900294,14,100,-86
116900295,128,29,99
116900296,69,70,-1
116900297,1,22,-21
116900298,122,48,74
116900299,15,38,-23
116900300,3,111,-108
116900301,52,127,-75
116900302,22,22,0
116900303,431,41,390
116900304,0,68,-68
116900305,10,15,-5
116900306,26,145,-119
116900307,11,1,10
116900308,0,175,-175
116900309,6,91,-85
116900310,9,43,-34
116900311,0,81,-81
117000001,721,1057,-336
117000002,1463,4228,-2765
117000003,4607,1944,2663
117000004,3523,4365,-842
117000005,862,1137,-275
117000006,742,4970,-4228
117000007,1838,1284,554
117000008,945,4332,-3387
117000009,3412,949,2463
117000010,2329,3803,-1474
117000011,678,1626,-948
117000012,844,2196,-1352
117000013,757,1347,-590
117000014,683,2511,-1828
117000015,2610,1120,1490
117000016,505,76,429
117000017,434,204,230
117000018,110,198,-88
117000019,72,17,55
117000020,894,563,331
117000021,3177,606,2571
117000022,381,59,322
117000023,461,141,320
117000024,358,55,303
117000025,773,476,297
117000026,2538,534,2004
117000027,2494,1037,1457
117000028,2810,517,2293
117000030,843,653,190
117000031,350,257,93
117000032,1760,1337,423
117000033,789,684,105
117000034,313,359,-46
117000035,241,246,-5
117000036,334,348,-14
117000037,193,261,-68
117000038,266,404,-138
117000039,280,268,12
117000040,111,1382,-1271
117000041,312,117,195
117000044,26,1204,-1178
117000045,219,53,166
117000046,388,963,-575
117000047,322,541,-219
117000048,1842,1266,576
117000049,89,345,-256
117000050,51,2718,-2667
117000051,892,136,756
117000052,9,624,-615
117000053,69,74,-5
117000054,835,4,831
117000055,121,3343,-3222
117000056,236,3,233
117000057,599,2077,-1478
117000060,245,1939,-1694
117000061,691,617,74
117000062,158,471,-313
117000063,697,525,172
117000064,820,618,202
117000066,736,479,257
117000067,98,236,-138
117000074,140,117,23
117000076,64,26,38
117000077,150,36,114
117000078,98,604,-506
117000079,87,134,-47
117000080,0,425,-425
117000081,498,79,419
117000082,38,73,-35
117000083,154,135,19
117000084,230,4,226
117000085,107,427,-320
117000086,1035,654,381
117000087,124,509,-385
117000088,208,153,55
117000089,751,306,445
117000090,169,1771,-1602
117000091,288,366,-78
117000092,243,2154,-1911
117000093,429,597,-168
117000094,489,2876,-2387
117000095,1088,789,299
117000096,368,2858,-2490
117000097,446,1196,-750
117000098,2416,5965,-3549
117000099,1142,699,443
117000100,68,82,-14
117000101,191,1314,-1123
117000102,487,400,87
117000103,703,1923,-1220
117000104,523,358,165
117000105,706,2324,-1618
117000106,480,588,-108
117000107,350,2913,-2563
117000108,614,626,-12
117000109,1582,3521,-1939
117000110,747,444,303
117000111,2677,4349,-1672
117000112,1431,1667,-236
117000113,57,428,-371
117000114,68,139,-71
117000115,34,171,-137
117000116,52,163,-111
117000117,1002,175,827
117000118,168,220,-52
117000119,172,35,137
117000120,378,29,349
117000121,144,252,-108
117000122,578,552,26
117000123,1511,7,1504
117000124,582,24,558
117000125,454,35,419
117000126,52,42,10
117000127,186,312,-126
117000128,350,425,-75
117000129,702,367,335
117000130,80,0,80
117000131,0,278,-278
117000132,568,35,533
117000133,243,168,75
117000134,1,38,-37
117000135,3,22,-19
117000136,1,66,-65
117000137,29,33,-4
117000138,2,294,-292
117000140,355,1846,-1491
117000141,611,460,151
117000181,861,278,583
117000182,167,107,60
117000195,134,1391,-1257
117000196,35,24,11
117000225,97,5,92
117000226,11,75,-64
117000276,52,4,48
117000277,6,708,-702
117000310,2051,2331,-280
117000315,27,519,-492
117000320,55,0,55
117000906,64,8,56
117000907,4,548,-544
117000909,67,45,22
117000910,105,93,12
117000911,136,371,-235
117000915,7,669,-662
117000916,19,1,18
117000917,259,10,249
117000918,18,35,-17
117000919,29,156,-127
117000920,7,1805,-1798
117000921,7,2471,-2464
117000922,29,108,-79
117000924,227,588,-361
117000926,1363,93,1270
117000927,1467,197,1270
117000928,0,323,-323
117000929,140,631,-491
117000930,55,24,31
117000931,658,52,606
117900002,83,307,-224
117900003,477,180,297
117900005,0,1,-1
117900006,3,31,-28
117900007,45,170,-125
117900008,1,38,-37
117900010,157,208,-51
117900011,8,7,1
117900012,24,164,-140
117900013,1,395,-394
117900014,525,378,147
117900015,10,206,-196
117900016,1334,298,1036
117900017,394,743,-349
117900018,194,41,153
117900019,213,705,-492
117900020,58,137,-79
117900021,26,101,-75
117900023,701,82,619
117900024,72,127,-55
117900025,47,21,26
117900026,108,552,-444
117900028,36,1,35
117900029,102,1459,-1357
117900031,77,66,11
117900032,312,176,136
117900033,84,1238,-1154
117900034,27,50,-23
117900035,63,30,33
117900036,136,936,-800
117900037,30,98,-68
117900038,17,401,-384
117900039,2,101,-99
117900040,72,544,-472
117900041,9,104,-95
117900042,5147,403,4744
117900043,19,44,-25
117900044,34,2306,-2272
117900045,62,66,-4
117900048,83,318,-235
117900049,56,1085,-1029
117900050,8,27,-19
117900051,12,5,7
117900052,39,187,-148
117900053,392,612,-220
117900054,4,17,-13
117900055,133,111,22
117900056,211,40,171
117900057,649,1177,-528
117900058,72,10,62
117900059,252,49,203
117900060,222,5443,-5221
117900061,12,133,-121
117900063,98,212,-114
117900065,572,1093,-521
117900066,2,27,-25
117900067,146,381,-235
117900069,307,570,-263
117900070,147,3,144
117900071,46,123,-77
117900073,94,422,-328
117900074,137,3,134
117900075,24,78,-54
117900076,11,68,-57
117900077,96,74,22
117900078,207,182,25
117900080,142,61,81
117900081,737,469,268
117900082,122,104,18
117900083,98,881,-783
117900086,61,58,3
117900087,12,49,-37
117900088,2519,1433,1086
117900089,676,186,490
117900090,195,1029,-834
117900091,101,112,-11
117900092,14,53,-39
117900093,21,69,-48
117900094,14,4,10
117900095,167,1303,-1136
117900096,40,173,-133
117900097,33,48,-15
117900098,4,0,4
117900099,70,585,-515
117900100,49,0,49
117900101,302,673,-371
117900102,35,51,-16
117900103,7,0,7
117900104,6,144,-138
117900105,77,204,-127
117900106,35,54,-19
117900107,4,0,4
117900109,127,241,-114
117900110,16,0,16
117900111,99,2,97
117900112,27,6,21
117900113,4042,1127,2915
117900114,7,0,7
117900115,200,12,188
117900116,930,721,209
117900117,198,258,-60
117900118,8,0,8
117900119,21,267,-246
117900120,59,152,-93
117900121,19,30,-11
117900122,775,1099,-324
117900123,406,946,-540
117900124,311,523,-212
117900125,855,426,429
117900126,289,664,-375
117900127,190,688,-498
117900128,110,1043,-933
117900129,5,1,4
117900130,486,255,231
117900131,1,101,-100
117900132,6,87,-81
117900133,2,118,-116
117900134,19,163,-144
117900135,16,236,-220
117900136,0,92,-92
117900137,8,311,-303
117900138,0,57,-57
117900139,22,92,-70
117900140,6393,33,6360
117900141,149,285,-136
117900142,86,8,78
117900144,26,81,-55
117900145,34,3,31
117900146,111,61,50
117900147,7,36,-29
117900148,2426,877,1549
117900149,12,181,-169
117900150,13,81,-68
117900151,23,166,-143
117900152,136,111,25
117900153,1,87,-86
117900154,199,776,-577
117900156,513,466,47
117900157,46,360,-314
117900158,48,28,20
117900160,180,171,9
117900161,1821,2646,-825
117900162,90,364,-274
117900163,54,11,43
117900165,0,3,-3
117900166,111,106,5
117900168,114,108,6
117900169,1,163,-162
117900170,0,30,-30
117900171,1,13,-12
117900172,23,35,-12
117900173,117,42,75
117900174,29,35,-6
117900175,2,15,-13
117900176,3,38,-35
117900177,10,37,-27
117900178,40,17,23
117900180,165,6,159
117900181,135,65,70
117900182,0,20,-20
117900183,20,101,-81
117900184,1,25,-24
117900185,11,17,-6
117900186,8,7,1
117900187,0,2,-2
117900188,52,6,46
117900189,20,11,9
117900190,2,1,1
117900191,7,0,7
117900192,39,0,39
117900193,0,35,-35
117900194,0,1,-1
117900195,2,14,-12
117900196,0,14,-14
117900207,51,55,-4
117900208,12,27,-15
117900209,113,164,-51
117900210,119,91,28
117900211,9,174,-165
117900212,43,140,-97
117900213,4,5,-1
117900214,0,32,-32
117900215,11,69,-58
117900216,36,30,6
117900217,96,33,63
117900218,227,115,112
117900219,1,35,-34
117900220,40,48,-8
117900222,147,238,-91
117900223,178,158,20
118000001,508,299,209
118000002,1483,1636,-153
118000003,1251,730,521
118000004,3278,2270,1008
118000005,4814,929,3885
118000006,7558,5172,2386
118000007,5395,1096,4299
118000008,4290,2216,2074
118000009,1903,2166,-263
118000010,1423,3473,-2050
118000011,551,2991,-2440
118000012,712,2855,-2143
118000013,3200,2810,390
118000014,2017,4157,-2140
118000016,272,676,-404
118000017,84,290,-206
118000018,166,861,-695
118000019,1397,1224,173
118000020,1068,904,164
118000021,712,1202,-490
118000022,1935,517,1418
118000023,1267,316,951
118000024,1313,484,829
118000027,15891,3151,12740
118000029,1083,493,590
118000032,968,956,12
118000033,2126,1523,603
118000034,4246,1419,2827
118000035,1334,1069,265
118000036,1011,1108,-97
118000037,434,827,-393
118000038,96,150,-54
118000039,43,405,-362
118000040,1221,2612,-1391
118000041,1381,1450,-69
118000045,751,91,660
118000046,1816,345,1471
118000047,1484,278,1206
118000048,3151,683,2468
118000051,1812,411,1401
118000052,847,251,596
118000053,266,301,-35
118000054,1064,716,348
118000055,777,1126,-349
118000056,116,210,-94
118000057,136,224,-88
118000058,2803,978,1825
118000059,1529,673,856
118000060,498,794,-296
118000061,312,964,-652
118000062,341,148,193
118000063,227,378,-151
118000064,785,987,-202
118000065,5954,1239,4715
118000066,660,671,-11
118000067,1880,767,1113
118000068,1920,1938,-18
118000069,3325,1073,2252
118000070,9519,1024,8495
118000071,3880,3140,740
118000072,1957,562,1395
118000073,3177,239,2938
118000074,322,320,2
118000075,823,287,536
118000076,992,900,92
118000077,1109,872,237
118000078,1603,1643,-40
118000079,252,216,36
118000080,1287,751,536
118000081,1294,951,343
118000082,305,442,-137
118000083,2304,736,1568
118000084,2709,1148,1561
118000086,147,557,-410
118000087,6414,1998,4416
118000088,1679,1336,343
118000089,3729,1780,1949
118000090,2494,1731,763
118000091,1334,1236,98
118000092,1235,286,949
118000093,149,492,-343
118000096,320,494,-174
118000097,415,451,-36
118000098,188,220,-32
118000099,242,1041,-799
118000101,386,393,-7
118000102,302,1938,-1636
118000107,3841,319,3522
118000108,312,613,-301
118000110,3,19,-16
118000111,2,918,-916
118000112,137,3,134
118000113,12,1214,-1202
118000114,60,2,58
118000115,18,11,7
118000116,39,0,39
118000117,1190,842,348
118000118,632,537,95
118000119,402,1121,-719
118000120,1257,1289,-32
118000121,33,323,-290
118000122,653,90,563
118000123,37,212,-175
118000125,1551,1144,407
118000126,504,1510,-1006
118000127,1395,450,945
118000128,778,1027,-249
118000129,369,206,163
118000130,2534,3649,-1115
118000131,405,1165,-760
118000132,1674,1328,346
118000133,406,422,-16
118000135,232,222,10
118000136,55,563,-508
118000137,587,98,489
118000138,201,921,-720
118000139,60,108,-48
118000140,1453,2204,-751
118000141,876,1730,-854
118000142,669,2043,-1374
118000143,693,941,-248
118000144,1455,1081,374
118000145,976,3308,-2332
118000146,705,1795,-1090
118000147,578,2208,-1630
118000148,296,1776,-1480
118000149,420,1343,-923
118000150,98,261,-163
118000151,141,518,-377
118000153,388,1136,-748
118000154,527,1934,-1407
118000155,409,1261,-852
118000156,2054,2073,-19
118000157,213,325,-112
118000158,109,496,-387
118000159,5,53,-48
118000160,192,363,-171
118000161,188,897,-709
118000162,437,907,-470
118000163,271,508,-237
118000164,2426,1233,1193
118000168,1215,101,1114
118000169,798,1733,-935
118000170,3271,7492,-4221
118000171,154,694,-540
118000172,80,292,-212
118000173,610,1308,-698
118000175,144,219,-75
118000176,155,315,-160
118000177,116,536,-420
118000178,43,17,26
118000179,1554,576,978
118000180,545,848,-303
118000181,490,281,209
118000182,250,301,-51
118000183,137,194,-57
118000184,213,1213,-1000
118000185,946,455,491
118000186,434,620,-186
118000187,407,1201,-794
118000188,200,177,23
118000189,145,805,-660
118000190,5,5,0
118000191,17,21,-4
118000192,74,113,-39
118000193,25,190,-165
118000194,2706,854,1852
118000195,895,364,531
118000196,352,56,296
118000197,466,122,344
118000198,591,178,413
118000199,803,419,384
118000200,39,136,-97
118000201,482,177,305
118000202,35,21,14
118000203,2099,214,1885
118000204,199,85,114
118000205,443,262,181
118000206,71,141,-70
118000207,0,79,-79
118000208,721,1610,-889
118000209,1057,2512,-1455
118000210,18,45,-27
118000211,18,22,-4
118000213,538,501,37
118000214,618,161,457
118000215,331,86,245
118000216,716,2823,-2107
118000217,13,162,-149
118000218,43,122,-79
118000219,311,388,-77
118000220,2,17,-15
118000221,23,159,-136
118000222,46,20,26
118000223,11,16,-5
118000224,141,129,12
118000225,103,1035,-932
118000226,425,60,365
118000227,949,206,743
118000228,78,59,19
118000229,128,20,108
118000230,40,276,-236
118000231,52,194,-142
118000232,340,943,-603
118000233,390,731,-341
118000234,95,344,-249
118000236,87,360,-273
118000237,32,625,-593
118000238,53,313,-260
118000239,128,234,-106
118000240,470,36,434
118000241,45,219,-174
118000242,152,584,-432
118000243,38,178,-140
118000244,54,245,-191
118000246,26,12,14
118000255,38,167,-129
118000256,72,282,-210
118000259,2,16,-14
118000260,30,61,-31
118000261,2,66,-64
118000263,65,213,-148
118000266,67,423,-356
118000267,0,106,-106
118000268,148,4,144
118000270,8,27,-19
118000271,126,339,-213
118000272,34,15,19
118000273,48,61,-13
118000274,55,360,-305
118000276,109,225,-116
118000295,2,43,-41
118000298,93,444,-351
118000299,30,231,-201
118000301,0,71,-71
118000302,44,84,-40
118000311,66,124,-58
118000312,58,206,-148
118000313,21,135,-114
118000314,41,108,-67
118000315,3,87,-84
118000316,285,502,-217
118000325,6,76,-70
118000326,7,44,-37
118000331,0,45,-45
118000332,7,43,-36
118000333,10,56,-46
118000335,57,0,57
118000336,4,433,-429
118000407,12,57,-45
118000457,2,23,-21
118000465,3098,1738,1360
118000480,12,120,-108
118000489,43,84,-41
118000490,62,457,-395
118000492,87,181,-94
118000510,45,8,37
118000514,152,344,-192
118000515,321,283,38
118000517,314,119,195
118000524,668,90,578
118000525,686,981,-295
118000530,5,83,-78
118000531,65,271,-206
118000532,146,307,-161
118000533,233,131,102
118000534,281,483,-202
118000535,65,93,-28
118000536,301,148,153
118000537,5,28,-23
118000538,13,111,-98
118000539,6,38,-32
118000540,156,194,-38
118000541,78,97,-19
118000542,34,101,-67
118000543,69,175,-106
118000546,28,25,3
118000553,0,3,-3
118000557,0,0,0
118000560,3112,364,2748
118000562,11,473,-462
118000563,2075,1784,291
118000576,110,286,-176
118000577,210,179,31
118000578,163,141,22
118000579,837,732,105
118000583,0,0,0
118000595,100,56,44
118000596,0,60,-60
118000597,63,178,-115
118000598,4,0,4
118000599,20,59,-39
118000600,1,8,-7
118000601,0,0,0
118000602,2,7,-5
118000603,0,100,-100
118000605,30,715,-685
118000606,12,46,-34
118900001,1024,439,585
118900002,1273,390,883
118900003,50,11,39
118900004,6,69,-63
118900005,38,1,37
118900006,43,1,42
118900007,0,6,-6
118900008,780,51,729
118900009,8,4,4
118900010,15,0,15
118900011,55,15,40
118900012,212,182,30
118900013,497,16,481
118900015,38,6,32
118900016,1,42,-41
118900017,52,65,-13
118900018,904,6,898
118900019,27,14,13
118900020,46,56,-10
118900021,77,314,-237
118900022,90,109,-19
118900023,18,98,-80
118900024,30,138,-108
118900025,33,11,22
118900026,30,102,-72
118900027,311,141,170
118900028,41,173,-132
118900029,30,370,-340
118900030,67,72,-5
118900031,101,137,-36
118900032,60,180,-120
118900033,133,757,-624
118900034,49,4,45
118900035,43,314,-271
118900036,298,641,-343
118900037,102,257,-155
118900038,129,353,-224
118900039,74,237,-163
118900040,89,117,-28
118900041,96,242,-146
118900042,121,76,45
118900045,95,126,-31
118900046,939,85,854
118900047,882,168,714
118900048,101,128,-27
118900049,40,31,9
118900050,10,102,-92
118900051,52,41,11
118900052,74,217,-143
118900053,21,79,-58
118900054,25,110,-85
118900055,2,104,-102
118900056,45,59,-14
118900057,95,218,-123
118900058,154,404,-250
118900059,10,58,-48
118900060,14,138,-124
118900062,29,201,-172
118900064,542,226,316
118900065,5,81,-76
118900066,57,124,-67
118900067,7940,2178,5762
118900068,0,107,-107
118900069,95,259,-164
118900071,0,33,-33
118900072,197,384,-187
118900073,41,110,-69
118900074,73,88,-15
118900075,5,57,-52
118900076,92,43,49
118900077,59,134,-75
118900078,3,1,2
118900079,25,107,-82
118900080,3,34,-31
118900081,17,10,7
118900082,223,138,85
118900083,2,14,-12
118900084,4,12,-8
118900085,362,1051,-689
118900086,10,35,-25
118900087,73,101,-28
118900088,0,17,-17
118900089,14,5,9
118900090,252,544,-292
118900091,125,68,57
118900092,31,48,-17
118900093,48,10,38
118900096,26,70,-44
118900097,141,959,-818
118900099,48,253,-205
118900100,99,166,-67
118900101,11,429,-418
118900102,9,57,-48
118900103,17,15,2
118900104,17,64,-47
118900105,35,75,-40
118900107,73,62,11
118900108,10,53,-43
118900110,977,162,815
118900111,133,605,-472
118900112,16,102,-86
118900113,99,556,-457
118900114,12,82,-70
118900115,28,177,-149
118900116,35,163,-128
118900117,26,209,-183
118900118,96,514,-418
118900119,57,359,-302
118900120,71,392,-321
118900121,3,342,-339
118900122,4,309,-305
118900123,49,209,-160
118900124,13,146,-133
118900126,4,175,-171
118900129,95,130,-35
118900130,24,16,8
118900131,38,384,-346
118900132,159,169,-10
118900133,20,47,-27
118900135,91,256,-165
118900136,83,769,-686
118900137,3,11,-8
118900139,53,548,-495
118900140,301,1158,-857
118900141,16,365,-349
118900144,59,749,-690
118900145,66,179,-113
118900146,120,803,-683
118900147,73,102,-29
118900148,16,44,-28
118900150,596,283,313
118900152,189,930,-741
118900157,43,92,-49
118900158,20,99,-79
118900159,3,215,-212
118900161,57,2,55
118900163,248,59,189
118900164,2,111,-109
118900165,7,199,-192
118900166,3,10,-7
118900167,14,157,-143
118900168,10,23,-13
118900169,23,298,-275
118900170,23,51,-28
118900171,13,14,-1
118900174,20,29,-9
118900175,106,296,-190
118900176,44,183,-139
118900177,5,36,-31
118900178,6,71,-65
118900179,7,28,-21
118900181,26,44,-18
118900182,14,9,5
118900183,5,16,-11
118900184,60,12,48
118900185,61,181,-120
118900186,77,108,-31
118900187,80,276,-196
118900188,82,316,-234
118900189,7,294,-287
118900190,7,740,-733
118900191,65,23,42
118900192,45,21,24
118900193,88,12,76
118900195,200,955,-755
118900196,23,157,-134
118900197,61,118,-57
118900198,1,39,-38
118900199,5,42,-37
118900200,9,5,4
118900201,6,2,4
118900202,1,53,-52
118900203,0,15,-15
118900204,1,22,-21
118900205,0,14,-14
118900206,0,19,-19
119000001,674,925,-251
119000002,1275,2028,-753
119000003,657,1690,-1033
119000004,1050,1180,-130
119000005,981,1459,-478
119000006,1064,1440,-376
119000007,1722,2380,-658
119000008,1204,1974,-770
119000009,3010,1842,1168
119000010,9555,3097,6458
119000011,4903,1053,3850
119000012,4621,1896,2725
119000013,2470,1138,1332
119000014,1892,2844,-952
119000019,155,168,-13
119000020,651,1124,-473
119000021,1556,1736,-180
119000022,2883,1054,1829
119000023,269,117,152
119000024,2072,3522,-1450
119000025,12545,889,11656
119000026,283,180,103
119000027,490,238,252
119000028,1401,1043,358
119000029,119,219,-100
119000030,306,1128,-822
119000031,439,618,-179
119000032,1628,1448,180
119000033,825,1209,-384
119000034,725,879,-154
119000035,13,332,-319
119000036,767,1416,-649
119000037,544,2296,-1752
119000038,47,1218,-1171
119000039,243,735,-492
119000040,799,305,494
119000041,806,956,-150
119000048,3234,3846,-612
119000049,742,4157,-3415
119000050,1290,2470,-1180
119000051,1423,902,521
119000052,2407,2768,-361
119000053,1405,971,434
119000054,1880,3596,-1716
119000055,1674,3769,-2095
119000056,1001,2095,-1094
119000057,937,2637,-1700
119000058,1325,2129,-804
119000059,680,1553,-873
119000060,807,892,-85
119000061,575,832,-257
119000062,752,1265,-513
119000063,129,293,-164
119000064,1107,1633,-526
119000065,1499,2641,-1142
119000066,926,892,34
119000067,1263,2456,-1193
119000068,779,1018,-239
119000069,924,2500,-1576
119000070,1302,1223,79
119000071,540,802,-262
119000072,5781,3517,2264
119000073,3326,4418,-1092
119000074,401,3885,-3484
119000075,582,2512,-1930
119000076,299,645,-346
119000077,399,353,46
119000078,248,577,-329
119000079,100,930,-830
119000080,101,205,-104
119000081,87,380,-293
119000082,214,268,-54
119000083,176,248,-72
119000084,325,713,-388
119000085,530,409,121
119000086,152,329,-177
119000087,1293,943,350
119000088,151,255,-104
119000089,153,194,-41
119000090,151,170,-19
119000091,190,205,-15
119000092,717,443,274
119000093,3845,3803,42
119000094,1381,4283,-2902
119000095,616,3055,-2439
119000097,3435,1686,1749
119000098,432,1271,-839
119000099,1492,1650,-158
119000100,1586,1893,-307
119000101,1302,1971,-669
119000102,511,471,40
119000103,824,412,412
119000104,3270,1532,1738
119000105,402,611,-209
119000106,144,2351,-2207
119000107,233,442,-209
119000108,154,1756,-1602
119000109,31,294,-263
119000110,244,319,-75
119000111,8,344,-336
119000112,179,96,83
119000113,1731,151,1580
119000114,405,265,140
119000115,178,118,60
119000116,88,49,39
119000117,61,239,-178
119000118,1,4,-3
119000123,1513,633,880
119000124,210,244,-34
119000125,879,1229,-350
119000126,267,1163,-896
119000127,144,1135,-991
119000128,32,7,25
119000131,304,1496,-1192
119000132,3,12,-9
119000133,0,2,-2
119000134,2896,501,2395
119000135,30,245,-215
119000136,59,313,-254
119000137,41,549,-508
119000138,88,455,-367
119000139,67,310,-243
119000140,49,156,-107
119000284,1358,2160,-802
119000285,2320,1956,364
119000286,4990,3502,1488
119000287,1044,2090,-1046
119000288,1362,1747,-385
119000289,2303,4142,-1839
119000290,112,480,-368
119000291,46,461,-415
119000293,346,291,55
119000294,38,50,-12
119000295,2087,612,1475
119000296,110,150,-40
119000302,5100,1234,3866
119000303,7,139,-132
119000314,1150,3561,-2411
119000315,4,771,-767
119000316,25,108,-83
119000317,25,730,-705
119000319,190,416,-226
119900001,38,378,-340
119900002,42,271,-229
119900003,24,1334,-1310
119900004,279,196,83
119900005,25,156,-131
119900006,23,194,-171
119900007,314,30,284
119900008,6,22,-16
119900009,163,422,-259
119900010,445,672,-227
119900011,15,32,-17
119900012,4,30,-26
119900013,1002,412,590
119900014,475,162,313
119900015,41,21,20
119900016,10,72,-62
119900017,0,13,-13
119900018,824,85,739
119900019,8,12,-4
119900020,25,166,-141
119900021,48,36,12
119900022,50,112,-62
119900023,868,280,588
119900025,29,24,5
119900026,891,25,866
119900027,3,8,-5
119900028,68,16,52
119900029,0,8,-8
119900030,317,453,-136
119900031,15,100,-85
119900033,1610,60,1550
119900034,103,93,10
119900037,14,19,-5
119900038,9,60,-51
119900039,18,0,18
119900040,23,6,17
119900041,48,47,1
119900042,21,136,-115
119900043,12,190,-178
119900044,84,130,-46
119900046,9,67,-58
119900047,84,50,34
119900049,15,4,11
119900050,16,26,-10
119900051,168,4,164
119900052,1,59,-58
119900053,53,281,-228
119900054,36,2,34
119900055,287,140,147
119900057,23,43,-20
119900058,16,1,15
119900059,33,46,-13
119900060,44,5,39
119900061,31,3,28
119900062,11,15,-4
119900063,4,39,-35
119900065,54,3,51
119900067,27,14,13
119900068,51,1,50
119900069,19,4,15
119900070,116,1,115
119900071,80,2,78
119900073,1740,298,1442
119900074,12,11,1
119900075,6258,1077,5181
119900076,4,49,-45
119900077,114,1630,-1516
119900078,96,528,-432
119900079,16,334,-318
119900080,65,224,-159
119900081,76,12,64
119900082,162,4,158
119900083,227,39,188
119900084,264,75,189
119900085,112,38,74
119900086,44,1136,-1092
119900087,79,50,29
119900088,13,28,-15
119900089,6,588,-582
119900090,112,29,83
119900091,12,1404,-1392
119900092,8,356,-348
119900093,344,50,294
119900094,22,224,-202
119900095,100,33,67
119900096,26,50,-24
119900097,258,115,143
119900098,9,30,-21
119900099,5,221,-216
119900100,2658,987,1671
119900101,144,428,-284
119900102,29,299,-270
119900103,6,432,-426
119900104,9,211,-202
119900105,173,994,-821
119900106,5,263,-258
119900107,244,3847,-3603
119900108,1426,570,856
119900109,20,273,-253
119900110,271,738,-467
119900111,42,552,-510
119900112,3180,280,2900
119900113,22,546,-524
119900114,83,1979,-1896
119900115,57,1391,-1334
119900116,117,161,-44
119900117,85,1194,-1109
119900118,5,1375,-1370
119900119,34,326,-292
119900120,452,660,-208
119900121,56,1784,-1728
119900122,191,302,-111
119900123,102,277,-175
119900124,66,1056,-990
119900125,23,443,-420
119900126,5566,108,5458
119900127,2651,519,2132
119900128,117,809,-692
119900129,55,1015,-960
119900130,33,233,-200
119900131,3,297,-294
119900132,0,410,-410
119900133,2,19,-17
119900134,2198,230,1968
119900135,3,470,-467
119900136,126,563,-437
119900138,250,491,-241
119900139,0,44,-44
119900140,1,159,-158
119900141,77,227,-150
119900142,0,9,-9
119900143,3,200,-197
119900144,2222,180,2042
119900145,54,283,-229
119900146,72,72,0
119900147,1,79,-78
119900148,14,32,-18
119900149,1451,1308,143
119900150,132,173,-41
119900151,803,536,267
119900152,29,452,-423
119900153,27,40,-13
119900154,8,1221,-1213
119900155,3,17,-14
119900156,6,2,4
119900157,28,285,-257
119900158,27,47,-20
119900159,3,1824,-1821
119900160,6,257,-251
119900161,148,277,-129
119900162,302,281,21
119900163,74,57,17
119900164,0,0,0
119900165,19,221,-202
119900166,13,15,-2
119900167,48,73,-25
119900168,202,328,-126
119900169,83,92,-9
119900170,54,100,-46
119900171,293,555,-262
119900172,27,7,20
119900173,16,619,-603
119900174,4,256,-252
119900175,246,505,-259
119900177,20,262,-242
119900178,2,216,-214
119900179,24,121,-97
119900180,391,444,-53
119900181,23,15,8
119900182,3,435,-432
119900183,57,1180,-1123
119900184,2745,368,2377
119900185,4,51,-47
119900186,18,113,-95
119900187,3,669,-666
119900188,9,314,-305
119900189,192,110,82
119900190,24,80,-56
119900191,80,101,-21
119900192,4,212,-208
119900193,56,179,-123
119900194,2,3,-1
119900195,5,201,-196
119900196,1600,315,1285
119900197,38,159,-121
119900198,18,524,-506
119900199,73,7,66
119900200,107,561,-454
119900201,356,136,220
119900202,126,34,92
119900203,51,173,-122
119900204,58,227,-169
119900205,145,706,-561
119900206,17,123,-106
119900208,73,156,-83
119900209,107,264,-157
119900210,11,18,-7
119900211,33,8,25
119900212,74,740,-666
119900213,0,42,-42
119900214,1,68,-67
119900215,2,122,-120
119900216,2,101,-99
119900217,0,54,-54
119900218,1,56,-55
119900219,2,128,-126
119900220,4,98,-94
119900221,12,438,-426
119900222,6,280,-274
119900223,6,77,-71
119900224,11,27,-16
119900225,1081,18,1063
119900226,763,308,455
119900227,1189,273,916
119900228,12,213,-201
119900229,198,260,-62
119900230,1093,454,639
119900231,45,218,-173
119900232,68,20,48
119900233,4,0,4
119900234,3,12,-9
119900235,4,8,-4
119900236,15,137,-122
119900237,10,427,-417
119900238,2,65,-63
119900240,14,136,-122
119900241,69,202,-133
119900242,1272,413,859
119900244,517,737,-220
119900245,34,89,-55
119900246,117,123,-6
119900247,5,14,-9
119900248,15,29,-14
119900249,89,14,75
119900253,4026,232,3794
119900254,6,159,-153
119900255,32,454,-422
119900256,106,1494,-1388
119900257,15,0,15
119900258,10,0,10
119900259,3,232,-229
119900260,8,0,8
119900261,91,211,-120
119900262,1,313,-312
119900263,710,505,205
119900264,42,363,-321
119900265,66,460,-394
119900266,41,299,-258
119900267,57,380,-323
119900268,22,266,-244
119900269,138,1303,-1165
119900271,10,74,-64
119900272,59,19,40
119900275,16,0,16
119900276,7,0,7
119900277,3,6,-3
119900278,107,13,94
119900279,56,71,-15
119900280,1100,221,879
119900281,0,37,-37
119900282,14,9,5
119900283,1,404,-403
119900284,21,99,-78
119900285,14,17,-3
119900286,1,7,-6
119900288,1,46,-45
119900289,0,37,-37
119900290,0,24,-24
119900291,1,17,-16
119900292,3,5,-2
119900293,5,31,-26
119900294,6,37,-31
119900295,2,48,-46
119900296,5,143,-138
119900297,0,11,-11
119900298,1,0,1
119900299,20,277,-257
119900300,41,196,-155
119900301,26,4,22
119900302,4,9,-5
119900303,136,286,-150
119900304,18,2,16
119900305,27,74,-47
119900306,7,0,7
119900307,4,130,-126
119900308,3,6,-3
119900309,4,18,-14
119900310,127,277,-150
119900311,10,260,-250
119900312,19,84,-65
119900313,76,396,-320
119900314,16,205,-189
119900315,279,3037,-2758
119900318,3,12,-9
119900319,1,451,-450
119900320,15,865,-850
119900321,18,1,17
120000001,7753,5892,1861
120000002,1897,2874,-977
120000003,3245,1841,1404
120000004,2586,2298,288
120000005,5205,1721,3484
120000006,1470,1167,303
120000007,3160,2077,1083
120000008,1235,1349,-114
120000009,6387,920,5467
120000010,1410,4289,-2879
120000011,824,2501,-1677
120000012,1360,2992,-1632
120000013,1735,3273,-1538
120000014,444,1900,-1456
120000015,1972,1795,177
120000016,2089,2227,-138
120000017,1184,1563,-379
120000018,4760,4305,455
120000019,715,936,-221
120000020,2028,1971,57
120000021,2054,1459,595
120000022,2332,2489,-157
120000023,596,1569,-973
120000024,972,1943,-971
120000025,1278,2450,-1172
120000026,462,1993,-1531
120000027,684,1309,-625
120000028,312,276,36
120000029,1482,319,1163
120000030,95,556,-461
120000031,1522,3040,-1518
120000032,11199,3133,8066
120000033,1988,1883,105
120000034,811,2618,-1807
120000035,918,2454,-1536
120000036,1634,3101,-1467
120000037,366,589,-223
120000038,11423,2504,8919
120000039,369,1019,-650
120000040,28,71,-43
120000041,202,1975,-1773
120000042,901,4955,-4054
120000043,3416,2444,972
120000044,2325,1003,1322
120000045,2011,950,1061
120000046,971,1417,-446
120000047,1810,1995,-185
120000048,9101,2920,6181
120000049,2112,3105,-993
120000050,2141,4825,-2684
120000051,3491,3288,203
120000052,17886,2210,15676
120000053,950,6061,-5111
120000054,1398,8125,-6727
120000055,825,4693,-3868
120000056,2813,4859,-2046
120000057,1159,968,191
120000058,147,168,-21
120000059,24,782,-758
120000061,52,509,-457
120000062,226,206,20
120000063,1954,2899,-945
120000064,282,1887,-1605
120000065,323,1866,-1543
120000066,77,321,-244
120000067,29,506,-477
120000068,94,1365,-1271
120000069,335,1801,-1466
120000070,15,1183,-1168
120000071,69,167,-98
120000072,128,511,-383
120000073,134,90,44
120000074,11,32,-21
120000075,60,189,-129
120000076,360,272,88
120000077,551,311,240
120000078,3528,330,3198
120000079,152,931,-779
120000080,92,287,-195
120000081,148,203,-55
120000082,144,267,-123
120000083,128,247,-119
120000084,419,628,-209
120000085,317,541,-224
120000086,254,889,-635
120000087,126,1758,-1632
120000088,572,1361,-789
120000089,604,525,79
120000090,231,420,-189
120000091,411,738,-327
120000092,536,539,-3
120000093,133,553,-420
120000094,65,392,-327
120000095,583,852,-269
120000096,160,1464,-1304
120000098,424,1359,-935
120000099,174,794,-620
120000100,452,1122,-670
120000101,272,598,-326
120000102,222,295,-73
120000103,593,288,305
120000104,746,206,540
120000105,860,205,655
120000106,770,250,520
120000107,803,350,453
120000108,278,82,196
120000109,367,33,334
120000110,60,1239,-1179
120000111,84,1724,-1640
120000112,511,5478,-4967
120000113,453,3597,-3144
120000114,290,3064,-2774
120000115,316,2564,-2248
120000116,566,2519,-1953
120000117,1271,1960,-689
120000118,38,17,21
120000119,34,53,-19
120000120,27,25,2
120000121,17,45,-28
120000122,272,162,110
120000123,7337,1967,5370
120000124,179,566,-387
120000125,177,664,-487
120000126,172,617,-445
120000127,808,440,368
120000128,2153,1642,511
120000129,293,311,-18
120000130,647,833,-186
120000131,177,446,-269
120000134,218,1475,-1257
120000135,68,262,-194
120000137,69,2724,-2655
120000138,133,490,-357
120000139,63,1374,-1311
120000140,167,554,-387
120000141,69,685,-616
120000142,89,529,-440
120000143,3,155,-152
120000144,13,3,10
120000145,52,2,50
120000146,2257,427,1830
120000149,466,928,-462
120000150,5604,5287,317
120000151,317,487,-170
120000152,122,300,-178
120000153,43,804,-761
120000154,373,298,75
120000155,80,184,-104
120000156,2787,349,2438
120000157,665,644,21
120000158,603,767,-164
120000159,1831,2249,-418
120000160,1453,1202,251
120000161,690,2957,-2267
120000162,84,123,-39
120000163,149,1678,-1529
120000164,107,635,-528
120000165,104,1115,-1011
120000166,241,623,-382
120000167,7,17,-10
120000168,0,35,-35
120000169,145,162,-17
120000170,136,117,19
120000171,23,30,-7
120000172,17,32,-15
120000173,1486,108,1378
120000174,322,12,310
120000175,401,12,389
120000176,95,61,34
120000177,625,438,187
120000178,34,7,27
120000179,173,10,163
120000180,180,18,162
120000181,26,37,-11
120000182,55,32,23
120000183,0,116,-116
120000184,41,1282,-1241
120000186,37,55,-18
120000187,103,24,79
120000188,144,20,124
120000190,603,13,590
120000191,1445,7,1438
120000192,1654,6,1648
120000193,589,0,589
120000195,68,0,68
120000196,166,31,135
120000197,53,102,-49
120000198,70,195,-125
120000199,19,0,19
120000200,30,1,29
120000201,9,6,3
120000202,2,75,-73
120000203,16,534,-518
120000207,1,94,-93
120000208,39,383,-344
120000209,4,127,-123
120000210,125,93,32
120000211,18,0,18
120000212,24,0,24
120000213,29,432,-403
120000214,2,380,-378
120000215,1,98,-97
120000216,12,4,8
120000217,849,1925,-1076
120000218,233,1544,-1311
120000219,7,889,-882
120000220,16,3321,-3305
120000225,270,0,270
120000226,89,0,89
120000227,562,4,558
120000228,8862,1121,7741
120000230,47,16,31
120000231,247,2576,-2329
120000233,71,76,-5
120000235,73,907,-834
120000236,478,6,472
120000237,2,2449,-2447
120000238,3,67,-64
120000241,1040,2140,-1100
120000412,929,12,917
120000413,35,449,-414
120000414,7,2,5
120000415,2,171,-169
120000416,11,8,3
120000417,4,87,-83
120000418,15,9,6
120000419,7,477,-470
120000420,88,29,59
120000421,17747,5839,11908
120000422,223,309,-86
120000423,3,37,-34
120000424,23,246,-223
120000436,52,276,-224
120000437,203,203,0
120000438,6311,364,5947
120000439,60,158,-98
120000443,37,0,37
120000444,330,575,-245
120000445,1284,1231,53
120000446,935,336,599
120000447,49,23,26
120000449,36,10,26
120000450,2,404,-402
120000451,33,185,-152
120000452,45,1,44
120000453,0,210,-210
120000454,75,7,68
120000455,31,47,-16
120000456,3343,1547,1796
120000457,1080,1170,-90
120000458,471,859,-388
120000459,56,84,-28
120000665,449,142,307
120000668,71,126,-55
120000669,27,601,-574
120000670,173,303,-130
120000671,252,156,96
120000672,47,420,-373
120900001,18,16,2
120900002,19,67,-48
120900003,121,13,108
120900004,0,16,-16
120900005,6,2967,-2961
120900006,81,172,-91
120900007,35,182,-147
120900008,42,1044,-1002
120900009,192,60,132
120900010,101,31,70
120900011,165,81,84
120900012,1208,223,985
120900013,120,8,112
120900014,4,967,-963
120900015,126,64,62
120900016,124,47,77
120900017,3638,97,3541
120900018,26,467,-441
120900019,207,52,155
120900020,423,274,149
120900021,125,19,106
120900022,12,417,-405
120900023,49,23,26
120900024,1076,442,634
120900025,2179,535,1644
120900026,57,120,-63
120900027,246,79,167
120900028,90,17,73
120900029,51,113,-62
120900030,405,282,123
120900031,66,24,42
120900032,187,163,24
120900033,206,11,195
120900034,41,1079,-1038
120900035,26,256,-230
120900037,34,8,26
120900038,17,63,-46
120900039,27,18,9
120900040,38,1,37
120900041,87,19,68
120900042,86,49,37
120900043,14,2,12
120900044,2,360,-358
120900045,101,96,5
120900046,83,3,80
120900047,59,18,41
120900048,35,4,31
120900049,73,1,72
120900050,4431,628,3803
120900051,86,102,-16
120900052,70,1,69
120900053,35,43,-8
120900054,933,665,268
120900055,60,1,59
120900056,84,0,84
120900057,25,6,19
120900058,66,1,65
120900059,13,0,13
120900060,10,31,-21
120900061,146,219,-73
120900062,33,0,33
120900063,100,0,100
120900064,85,0,85
120900065,50,0,50
120900066,16,228,-212
120900067,137,17,120
120900068,30,0,30
120900069,45,63,-18
120900071,3,0,3
120900072,136,1,135
120900073,86,91,-5
120900074,83,0,83
120900076,31,0,31
120900077,3466,135,3331
120900078,115,1256,-1141
120900079,149,99,50
120900080,133,3174,-3041
120900081,250,206,44
120900082,460,213,247
120900083,4,1,3
120900084,64,63,1
120900085,89,72,17
120900086,214,77,137
120900087,127,34,93
120900088,83,101,-18
120900089,6209,650,5559
120900090,28,207,-179
120900091,241,132,109
120900092,526,998,-472
120900093,6123,274,5849
120900094,520,242,278
120900095,43,18,25
120900096,17,32,-15
120900097,511,1789,-1278
120900098,278,228,50
120900099,56,93,-37
120900100,21,619,-598
120900101,274,431,-157
120900102,10,107,-97
120900103,56,141,-85
120900104,73,41,32
120900105,26,1296,-1270
120900106,1353,736,617
120900107,500,198,302
120900108,3,1509,-1506
120900109,30,1102,-1072
120900110,3,311,-308
120900111,99,421,-322
120900112,3,1999,-1996
120900113,12,1311,-1299
120900114,43,294,-251
120900115,91,85,6
120900116,45,737,-692
120900117,0,689,-689
120900118,5,1339,-1334
120900119,3806,2140,1666
120900120,71,811,-740
120900121,40,432,-392
120900122,67,738,-671
120900123,2,727,-725
120900124,6,1025,-1019
120900125,1,1474,-1473
120900126,918,1169,-251
120900127,10,841,-831
120900128,832,761,71
120900129,53,550,-497
120900130,0,171,-171
120900131,13,59,-46
120900132,148,401,-253
120900133,167,1309,-1142
120900134,273,524,-251
120900135,3,784,-781
120900136,4,13,-9
120900137,36,112,-76
120900138,25,280,-255
120900139,4,941,-937
120900140,2,40,-38
120900141,23,63,-40
120900142,28,1163,-1135
120900143,4,1300,-1296
120900144,2,278,-276
120900145,39,998,-959
120900146,4,1195,-1191
120900147,2,288,-286
120900148,33,62,-29
120900149,2,399,-397
120900150,6,677,-671
120900151,13,798,-785
120900152,39,34,5
120900153,3,63,-60
120900154,1,423,-422
120900155,66,1355,-1289
120900156,23,434,-411
120900157,11,277,-266
120900158,30,594,-564
120900159,26,959,-933
120900160,17,478,-461
120900161,4,1157,-1153
120900162,14,1314,-1300
120900163,6,68,-62
120900164,0,0,0
120900165,0,2,-2
120900166,26,57,-31
120900167,53,41,12
120900169,6,516,-510
120900170,3570,819,2751
120900171,1180,394,786
120900172,936,137,799
120900173,1,42,-41
120900174,0,90,-90
120900175,351,168,183
120900176,1,122,-121
120900177,1,259,-258
120900178,0,101,-101
120900179,544,366,178
120900180,121,70,51
120900181,8,73,-65
120900182,7,146,-139
120900183,479,71,408
120900184,98,50,48
120900185,4,370,-366
120900186,1,802,-801
120900187,113,340,-227
120900188,32,7,25
120900189,119,245,-126
120900190,16,6,10
120900191,1,46,-45
120900192,16745,1277,15468
120900194,2,41,-39
120900195,75,405,-330
120900196,132,48,84
120900197,153,30,123
120900198,180,935,-755
120900199,164,72,92
120900200,85,55,30
120900201,722,156,566
120900202,4,216,-212
120900203,8,28,-20
120900204,369,469,-100
120900205,42,121,-79
120900206,6,5,1
120900207,37,1427,-1390
121000001,597,817,-220
121000002,1510,838,672
121000003,3773,1742,2031
121000004,2182,2460,-278
121000005,1964,2193,-229
121000006,2216,1188,1028
121000007,3063,2728,335
121000008,4291,2197,2094
121000009,7398,4150,3248
121000010,8576,2624,5952
121000011,9460,6129,3331
121000012,13950,2595,11355
121000013,6042,5013,1029
121000014,8726,5684,3042
121000015,4232,4681,-449
121000016,5454,3007,2447
121000017,1008,2392,-1384
121000018,1202,1124,78
121000019,14535,6588,7947
121000020,7891,5375,2516
121000021,4339,4673,-334
121000022,1029,1230,-201
121000023,4027,4100,-73
121000024,2022,2684,-662
121000025,307,481,-174
121000026,385,113,272
121000027,1075,624,451
121000028,382,379,3
121000029,509,576,-67
121000030,210,228,-18
121000031,315,634,-319
121000032,126,83,43
121000034,297,89,208
121000035,141,76,65
121000036,650,694,-44
121000037,350,387,-37
121000038,433,312,121
121000039,207,314,-107
121000041,228,439,-211
121000042,190,238,-48
121000043,464,308,156
121000044,1752,467,1285
121000045,641,595,46
121000046,282,779,-497
121000047,183,308,-125
121000049,1539,728,811
121000050,219,677,-458
121000051,783,574,209
121000052,333,683,-350
121000053,251,43,208
121000054,31,139,-108
121000055,1673,951,722
121000056,523,940,-417
121000057,13,127,-114
121000058,968,165,803
121000059,1761,558,1203
121000060,326,602,-276
121000061,69,132,-63
121000062,92,127,-35
121000063,394,252,142
121000064,357,498,-141
121000065,317,150,167
121000066,558,433,125
121000067,744,228,516
121000068,274,108,166
121000069,225,124,101
121000070,1385,1268,117
121000071,642,773,-131
121000072,969,888,81
121000073,588,585,3
121000074,73,88,-15
121000075,20,26,-6
121000076,698,226,472
121000077,230,63,167
121000078,50,58,-8
121000080,2771,608,2163
121000081,2034,1267,767
121000082,0,0,0
121000083,373,269,104
121000084,456,213,243
121000085,580,813,-233
121000086,116,580,-464
121000087,55,290,-235
121000088,258,534,-276
121000089,382,160,222
121000090,273,277,-4
121000091,1579,420,1159
121000092,83,96,-13
121000093,100,163,-63
121000094,393,314,79
121000095,442,461,-19
121000096,2125,1367,758
121000097,1206,1028,178
121000098,185,1044,-859
121000099,264,809,-545
121000100,183,485,-302
121000101,102,249,-147
121000102,90,600,-510
121000103,43,297,-254
121000104,90,228,-138
121000105,165,340,-175
121000106,78,324,-246
121000107,2768,5205,-2437
121000109,1404,1178,226
121000110,279,316,-37
121000114,2752,2229,523
121000115,723,674,49
121000116,584,534,50
121000117,1033,197,836
121000118,947,291,656
121000119,146,455,-309
121000120,181,380,-199
121000121,386,847,-461
121000123,2025,910,1115
121000127,57,162,-105
121000128,485,824,-339
121000129,317,615,-298
121000130,256,1088,-832
121000131,2464,1287,1177
121000132,1603,857,746
121000135,333,140,193
121000136,648,425,223
121000137,366,141,225
121000138,506,738,-232
121000139,285,96,189
121000141,113,116,-3
121000142,1785,544,1241
121000143,76,6,70
121000144,697,451,246
121000145,281,1370,-1089
121000146,970,872,98
121000147,429,593,-164
121000148,727,1021,-294
121000149,1579,1112,467
121000152,420,740,-320
121000153,1809,379,1430
121000154,609,321,288
121000155,977,874,103
121000156,313,702,-389
121000157,1199,1428,-229
121000158,258,422,-164
121000159,132,691,-559
121000160,500,1185,-685
121000161,63,396,-333
121000162,23,303,-280
121000165,1241,854,387
121000166,59,285,-226
121000168,130,221,-91
121000169,16,175,-159
121000170,103,63,40
121000171,41,107,-66
121000172,418,427,-9
121000173,913,458,455
121000174,175,321,-146
121000175,315,459,-144
121000176,264,189,75
121000177,319,527,-208
121000178,81,40,41
121000179,38,63,-25
121000181,249,241,8
121000182,37,141,-104
121000183,13,59,-46
121000184,18,66,-48
121000185,11,114,-103
121000186,104,226,-122
121000187,133,320,-187
121000188,43,343,-300
121000192,451,305,146
121000193,447,349,98
121000194,1789,1852,-63
121000195,325,975,-650
121000196,760,148,612
121000197,162,729,-567
121000198,136,56,80
121000199,36,445,-409
121000200,151,53,98
121000201,1,171,-170
121000202,276,49,227
121000203,545,2520,-1975
121000204,745,419,326
121000205,85,267,-182
121000206,55,51,4
121000207,980,412,568
121000208,6,336,-330
121000209,89,278,-189
121000210,144,576,-432
121000211,67,118,-51
121000212,143,872,-729
121000213,8710,2010,6700
121000214,656,1246,-590
121000215,1222,613,609
121000216,293,315,-22
121000217,3572,1483,2089
121000218,551,1677,-1126
121000219,1113,444,669
121000220,347,64,283
121000221,106,196,-90
121000222,1696,1835,-139
121000223,666,168,498
121000224,234,63,171
121000225,1179,680,499
121000226,1419,577,842
121000227,12,311,-299
121000228,19,944,-925
121000229,49,581,-532
121000230,73,1912,-1839
121000231,269,19,250
121000232,348,141,207
121000233,316,247,69
121000234,5,20,-15
121000235,16,27,-11
121000236,0,27,-27
121000237,25,8,17
121000238,0,58,-58
121000239,8,2,6
121000240,3,163,-160
121000241,77,8,69
121000242,9,96,-87
121000243,164,27,137
121000244,2,53,-51
121000245,4,2,2
121000246,2,95,-93
121000247,14,1,13
121000248,280,282,-2
121000249,155,325,-170
121000250,144,72,72
121000251,28,434,-406
121000252,43,25,18
121000253,76,568,-492
121000254,242,136,106
121000255,121,289,-168
121000256,198,138,60
121000257,67,64,3
121000258,43,39,4
121000259,20,23,-3
121000260,18,73,-55
121000261,17,36,-19
121000262,935,538,397
121000263,391,462,-71
121000271,166,1824,-1658
121000273,60,23,37
121000274,1,25,-24
121000275,2,68,-66
121000276,1,12,-11
121000278,21,60,-39
121000279,23,9,14
121000280,21,37,-16
121000289,162,19,143
121000290,1132,924,208
121000294,23,170,-147
121000297,873,737,136
121000299,96,200,-104
121000300,680,434,246
121000302,48,453,-405
121000303,306,338,-32
121000304,306,25,281
121000305,50,88,-38
121000306,29,95,-66
121000308,93,276,-183
121000309,449,686,-237
121000310,129,618,-489
121000311,50,634,-584
121000312,226,130,96
121000313,565,401,164
121000314,135,95,40
121000315,293,440,-147
121000530,614,1453,-839
121000531,750,1334,-584
121000532,4022,2730,1292
121000533,1968,1922,46
121000919,6,72,-66
121000938,259,156,103
121000939,423,83,340
121000956,243,1362,-1119
121000957,1,26,-25
121000958,22,34,-12
121000959,164,1230,-1066
121000960,1161,2470,-1309
121000961,116,30,86
121000962,183,539,-356
121000973,0,197,-197
121000976,20,172,-152
121000979,142,31,111
121000981,302,74,228
121000982,96,279,-183
121000983,190,743,-553
121000984,0,19,-19
121000985,209,809,-600
121000986,59,399,-340
121000987,143,1962,-1819
121000988,282,199,83
121001302,434,160,274
121001308,0,11,-11
121001309,92,30,62
121001311,0,0,0
121001313,118,619,-501
121001314,4220,3473,747
121001315,2892,1173,1719
121001326,332,346,-14
121001327,77,91,-14
121001328,220,46,174
121900001,58,135,-77
121900002,35,18,17
121900003,247,10,237
121900004,64,313,-249
121900005,4,5,-1
121900006,32,24,8
121900007,1670,1786,-116
121900008,269,19,250
121900009,383,7,376
121900010,328,4,324
121900011,77,388,-311
121900012,4,1,3
121900013,387,7,380
121900014,911,463,448
121900015,102,132,-30
121900016,6,19,-13
121900017,205,441,-236
121900018,235,11,224
121900019,207,197,10
121900020,24,0,24
121900021,463,19,444
121900022,118,142,-24
121900023,36,274,-238
121900024,229,15,214
121900025,277,218,59
121900026,153,24,129
121900027,107,90,17
121900028,139,14,125
121900029,8,169,-161
121900030,400,557,-157
121900031,747,2562,-1815
121900032,18,19,-1
121900033,144,104,40
121900034,176,56,120
121900035,2228,1339,889
121900036,16,294,-278
121900037,118,513,-395
121900038,5,59,-54
121900039,399,15,384
121900040,20,68,-48
121900041,56,139,-83
121900042,205,101,104
121900043,0,6,-6
121900044,169,8,161
121900046,181,136,45
121900047,61,42,19
121900048,4,70,-66
121900050,20,25,-5
121900051,71,155,-84
121900052,24,32,-8
121900053,138,212,-74
121900054,398,663,-265
121900055,0,6,-6
121900058,38,166,-128
121900059,169,95,74
121900060,48,276,-228
121900062,52,35,17
121900063,286,145,141
121900064,112,663,-551
121900066,36,17,19
121900067,8,11,-3
121900069,148,108,40
121900070,86,52,34
121900071,62,214,-152
121900072,20,94,-74
121900073,222,167,55
121900074,270,316,-46
121900075,379,188,191
121900076,126,587,-461
121900078,12,23,-11
121900079,1,0,1
121900080,299,345,-46
121900082,6,93,-87
121900084,1,98,-97
121900086,3,40,-37
121900087,239,99,140
121900088,1721,962,759
121900089,20,390,-370
121900090,1,66,-65
121900091,5,57,-52
121900092,61,91,-30
121900093,78,41,37
121900094,25,5,20
121900095,136,139,-3
121900096,1270,196,1074
121900097,71,149,-78
121900098,0,0,0
121900099,71,85,-14
121900100,103,131,-28
121900101,83,75,8
121900102,20,80,-60
121900103,421,129,292
121900104,605,179,426
121900105,74,44,30
121900106,1,0,1
121900107,2,44,-42
121900108,0,26,-26
121900109,371,131,240
121900110,56,1034,-978
121900111,395,116,279
121900112,147,62,85
121900113,45,90,-45
121900114,7,41,-34
121900117,67,15,52
121900118,2188,169,2019
121900119,55,103,-48
121900120,14,1454,-1440
121900121,317,56,261
121900122,6,12,-6
121900123,151,397,-246
121900124,58,215,-157
121900125,693,888,-195
121900127,15,52,-37
121900128,48,104,-56
121900129,1202,42,1160
121900130,77,241,-164
121900131,101,99,2
121900132,17,121,-104
121900133,22,17,5
121900134,8,127,-119
121900135,1948,169,1779
121900136,46,382,-336
121900137,25,187,-162
121900138,35,217,-182
121900139,282,461,-179
121900140,15,124,-109
121900141,12,9,3
121900142,32,96,-64
121900143,2,121,-119
121900144,145,243,-98
121900145,65,86,-21
121900146,488,603,-115
121900147,41,175,-134
121900148,91,197,-106
121900149,197,744,-547
121900150,71,138,-67
121900151,38,211,-173
121900152,76,125,-49
121900153,22,309,-287
121900154,3,120,-117
121900155,0,48,-48
121900156,89,71,18
121900157,2,393,-391
121900158,59,61,-2
121900159,1,171,-170
121900160,2,231,-229
121900161,611,224,387
121900162,54,95,-41
121900163,49,719,-670
121900164,335,132,203
121900165,62,158,-96
121900166,98,190,-92
121900167,85,62,23
121900168,158,93,65
121900169,4,329,-325
121900170,1,162,-161
121900171,362,412,-50
121900172,132,173,-41
121900173,609,139,470
121900174,17,29,-12
121900175,55,150,-95
121900176,369,1587,-1218
121900177,130,49,81
121900178,9,76,-67
121900179,133,87,46
121900180,5167,1410,3757
121900182,411,239,172
121900183,151,541,-390
121900184,39,480,-441
121900186,1,274,-273
121900187,15,83,-68
121900188,480,152,328
121900189,15,123,-108
121900190,117,419,-302
121900191,26,119,-93
121900192,453,416,37
121900193,23,172,-149
121900194,3,155,-152
121900195,47,75,-28
121900196,448,396,52
121900197,127,1830,-1703
121900198,871,742,129
121900199,4,28,-24
121900200,29,122,-93
121900201,784,468,316
121900202,78,207,-129
121900203,235,454,-219
121900204,830,561,269
121900205,2,73,-71
121900206,1,11,-10
121900207,97,11,86
121900208,83,215,-132
121900209,15,17,-2
121900210,768,657,111
121900211,204,476,-272
121900212,55,114,-59
121900213,63,77,-14
121900214,3,135,-132
121900215,22,51,-29
121900216,18,90,-72
121900217,198,53,145
121900218,303,313,-10
121900220,81,6,75
121900221,186,587,-401
121900222,40,204,-164
121900223,34,46,-12
121900224,24,36,-12
121900225,93,29,64
121900226,110,184,-74
121900227,75,311,-236
121900228,115,171,-56
121900230,51,35,16
121900231,136,129,7
121900232,75,268,-193
121900233,169,172,-3
121900234,70,327,-257
121900235,113,197,-84
121900236,178,99,79
121900237,129,188,-59
121900238,92,128,-36
121900239,48,33,15
121900240,91,77,14
121900241,8,37,-29
121900242,1,0,1
121900243,1,0,1
121900244,1,0,1
121900245,92,108,-16
121900246,774,370,404
121900248,847,607,240
121900250,339,208,131
121900251,150,7,143
121900252,687,96,591
121900253,163,803,-640
121900254,676,184,492
121900255,103,62,41
121900258,1863,1312,551
121900259,230,291,-61
121900260,17,69,-52
121900261,100,245,-145
121900262,341,420,-79
121900263,35,250,-215
121900264,1951,745,1206
121900265,44,279,-235
121900266,80,198,-118
121900267,14,13,1
121900269,46,115,-69
121900270,6,85,-79
121900271,19,108,-89
121900273,389,867,-478
121900274,75,154,-79
121900277,126,1559,-1433
121900278,45,692,-647
121900279,71,251,-180
121900280,66,189,-123
121900281,175,42,133
121900284,37,3,34
121900286,16,98,-82
121900287,2,5,-3
121900288,0,4,-4
121900290,160,208,-48
121900291,410,384,26
121900292,125,83,42
121900293,833,2660,-1827
121900294,157,1,156
121900295,28,176,-148
121900296,10,24,-14
121900298,212,247,-35
121900299,0,0,0
121900300,12,0,12
121900301,4,0,4
121900302,0,44,-44
121900303,138,498,-360
121900304,0,19,-19
121900305,1,6,-5
121900306,12,0,12
121900307,32,0,32
121900308,10,294,-284
121900309,12,256,-244
121900310,20,406,-386
121900311,125,5,120
121900312,67,6,61
121900313,99,16,83
121900314,0,25,-25
121900315,1,0,1
121900316,0,8,-8
121900317,1,2,-1
121900318,0,8,-8
121900319,18,15,3
121900320,41,45,-4
121900321,1,0,1
121900322,1,39,-38
121900323,17,12,5
121900324,0,34,-34
121900325,2,0,2
121900326,0,17,-17
121900327,4,65,-61
121900328,0,22,-22
121900329,4,188,-184
121900330,0,16,-16
121900331,13,2,11
121900332,65,16,49
121900333,3,0,3
121900334,51,35,16
122000001,1963,2216,-253
122000002,5024,1129,3895
122000003,1821,1128,693
122000004,2892,810,2082
122000005,2437,649,1788
122000006,2118,330,1788
122000007,1073,867,206
122000008,4983,2516,2467
122000009,725,133,592
122000010,1731,1452,279
122000011,3642,786,2856
122000012,1535,691,844
122000013,2394,1061,1333
122000014,1345,2047,-702
122000015,1111,823,288
122000016,333,724,-391
122000017,923,918,5
122000018,1011,929,82
122000019,548,1429,-881
122000020,89,178,-89
122000021,493,261,232
122000022,930,1085,-155
122000023,443,2381,-1938
122000024,1114,641,473
122000025,1912,643,1269
122000026,2534,494,2040
122000027,545,4561,-4016
122000028,697,258,439
122000029,335,154,181
122000030,311,70,241
122000031,195,111,84
122000032,1110,2277,-1167
122000033,845,490,355
122000034,483,383,100
122000035,303,505,-202
122000036,348,789,-441
122000037,304,231,73
122000038,270,392,-122
122000039,617,539,78
122000040,358,239,119
122000041,408,486,-78
122000042,240,413,-173
122000043,75,65,10
122000044,55,106,-51
122000045,1208,522,686
122000046,545,813,-268
122000047,183,134,49
122000048,2593,3035,-442
122000049,3900,1811,2089
122000050,1535,575,960
122000051,521,135,386
122000052,388,134,254
122000053,116,342,-226
122000054,2533,1736,797
122000055,2366,1659,707
122000056,5295,2558,2737
122000057,3706,1628,2078
122000058,5502,685,4817
122000059,3937,838,3099
122000060,1445,417,1028
122000061,865,169,696
122000062,1309,351,958
122000063,1038,330,708
122000064,3217,2142,1075
122000065,6022,2593,3429
122000066,871,554,317
122000067,1920,1126,794
122000068,681,1125,-444
122000069,623,559,64
122000070,320,2611,-2291
122000071,528,1399,-871
122000072,202,289,-87
122000073,505,362,143
122000074,1534,1023,511
122000075,313,958,-645
122000076,1073,728,345
122000077,1555,447,1108
122000078,3680,1160,2520
122000079,2032,724,1308
122000080,770,344,426
122000081,108,278,-170
122000082,1612,726,886
122000083,776,3270,-2494
122000084,554,566,-12
122000085,167,1195,-1028
122000086,1945,3436,-1491
122000087,237,65,172
122000088,175,139,36
122000089,5094,2458,2636
122000090,171,241,-70
122000091,310,82,228
122000092,97,10,87
122000093,775,447,328
122000094,6158,1139,5019
122000095,2281,1307,974
122000096,1811,1113,698
122000098,1407,737,670
122000099,2069,472,1597
122000100,1620,650,970
122000101,190,1081,-891
122000102,1384,1072,312
122000103,1387,1307,80
122000104,166,140,26
122000105,160,237,-77
122000106,622,390,232
122000107,548,365,183
122000108,217,823,-606
122000109,202,252,-50
122000110,296,556,-260
122000111,2234,950,1284
122000112,465,1219,-754
122000113,406,608,-202
122000114,1899,651,1248
122000115,1842,777,1065
122000116,291,439,-148
122000117,761,232,529
122000118,276,369,-93
122000119,2282,1075,1207
122000120,3978,1916,2062
122000121,4053,1791,2262
122000122,1674,1269,405
122000123,2634,880,1754
122000124,1738,509,1229
122000125,207,530,-323
122000126,618,578,40
122000127,1499,708,791
122000128,859,952,-93
122000129,303,504,-201
122000130,1751,240,1511
122000131,2256,311,1945
122000132,1135,358,777
122000133,951,1875,-924
122000134,377,456,-79
122000135,1094,913,181
122000136,218,160,58
122000137,693,444,249
122000139,1040,1948,-908
122000140,1018,374,644
122000141,4592,781,3811
122000142,504,487,17
122000143,808,199,609
122000144,2483,641,1842
122000145,1210,667,543
122000146,640,670,-30
122000147,988,382,606
122000148,1172,751,421
122000149,1833,690,1143
122000150,1618,741,877
122000151,104,53,51
122000152,790,557,233
122000153,292,234,58
122000154,511,227,284
122000155,2304,1736,568
122000156,1612,856,756
122000157,2920,1799,1121
122000158,324,382,-58
122000159,1592,1429,163
122000160,5542,569,4973
122000161,1894,585,1309
122000162,2085,1399,686
122000163,262,25,237
122000164,25,42,-17
122000165,756,643,113
122000166,842,932,-90
122000167,180,160,20
122000168,195,389,-194
122000169,433,154,279
122000170,187,312,-125
122000171,11,54,-43
122000172,1424,1380,44
122000173,1220,2088,-868
122000174,1377,711,666
122000175,1238,358,880
122000176,336,488,-152
122000177,1282,869,413
122000178,2629,2176,453
122000179,1892,2097,-205
122000180,1241,724,517
122000181,2670,1557,1113
122000182,1989,422,1567
122000183,1454,733,721
122000184,3090,1008,2082
122000185,1666,1008,658
122000186,527,802,-275
122000187,1571,1471,100
122000188,562,165,397
122000189,207,364,-157
122000190,1026,1161,-135
122000191,708,328,380
122000192,899,212,687
122000193,335,682,-347
122000194,583,159,424
122000195,165,354,-189
122000196,765,479,286
122000197,688,469,219
122000198,682,861,-179
122000199,379,330,49
122000200,1166,560,606
122000201,1249,1150,99
122000202,1161,1802,-641
122000203,2857,1267,1590
122000204,2251,1731,520
122000205,1497,780,717
122000206,2257,928,1329
122000207,751,1244,-493
122000208,1400,1594,-194
122000209,2186,309,1877
122000210,1340,1666,-326
122000211,827,1223,-396
122000212,360,341,19
122000213,719,998,-279
122000214,1130,1374,-244
122000215,1771,1716,55
122000217,1566,1273,293
122000218,453,132,321
122000219,2004,1125,879
122000220,602,821,-219
122000221,122,361,-239
122000222,523,94,429
122000223,933,695,238
122000225,696,493,203
122000226,709,1875,-1166
122000227,264,1650,-1386
122000228,315,552,-237
122000229,41,522,-481
122000230,85,1022,-937
122000231,185,743,-558
122000232,413,901,-488
122000233,0,109,-109
122000234,76,281,-205
122000235,387,254,133
122000236,267,163,104
122000237,70,80,-10
122000238,54,125,-71
122000239,312,82,230
122000240,588,272,316
122000241,502,333,169
122000242,155,97,58
122000243,77,76,1
122000244,31,606,-575
122000245,46,358,-312
122000246,137,116,21
122000247,412,1288,-876
122000248,1695,2345,-650
122000249,302,513,-211
122000250,1002,435,567
122000251,217,284,-67
122000252,427,44,383
122000253,24,252,-228
122000254,63,71,-8
122000255,461,1909,-1448
122000256,284,1404,-1120
122000257,101,558,-457
122000258,30,140,-110
122000259,8,834,-826
122000260,146,1058,-912
122000261,2,156,-154
122000262,1,68,-67
122000263,45,101,-56
122000264,340,491,-151
122000265,1523,658,865
122000266,3974,547,3427
122000267,77,164,-87
122000268,69,425,-356
122000269,584,250,334
122000270,586,110,476
122000271,330,1009,-679
122000272,217,883,-666
122000273,346,474,-128
122000274,73,336,-263
122000275,65,362,-297
122000276,90,362,-272
122000277,361,849,-488
122000278,447,1288,-841
122000279,61,467,-406
122000280,362,858,-496
122000281,237,612,-375
122000282,47,278,-231
122000283,95,61,34
122000284,70,125,-55
122000285,191,116,75
122000286,74,229,-155
122000287,477,1073,-596
122000288,168,171,-3
122000291,470,289,181
122000293,324,428,-104
122000294,26,114,-88
122000295,998,144,854
122000296,65,493,-428
122000297,2487,1267,1220
122000299,513,737,-224
122000300,375,489,-114
122000301,12239,1609,10630
122000302,693,534,159
122000303,3024,746,2278
122000304,16,122,-106
122000305,477,643,-166
122000306,15,630,-615
122000307,82,111,-29
122000309,37,55,-18
122000310,33,32,1
122000311,19,42,-23
122000312,62,13,49
122000313,18,35,-17
122000314,50,151,-101
122000315,112,25,87
122000316,191,137,54
122000317,610,222,388
122000318,237,128,109
122000319,176,511,-335
122000320,296,2294,-1998
122000321,69,357,-288
122000322,2433,2073,360
122000323,1575,1178,397
122000324,1323,1194,129
122000325,900,662,238
122000326,10,170,-160
122000327,166,404,-238
122000328,1476,972,504
122000330,1584,541,1043
122000333,8,271,-263
122000337,434,2845,-2411
122000338,213,708,-495
122000340,309,179,130
122000342,2767,1292,1475
122000343,381,1949,-1568
122000344,7,15,-8
122000345,113,270,-157
122000346,248,565,-317
122000348,216,769,-553
122000349,72,686,-614
122000351,90,172,-82
122000352,235,49,186
122000353,17,133,-116
122000355,91,251,-160
122000356,2081,1054,1027
122000357,7,10,-3
122000358,0,67,-67
122000359,0,38,-38
122000360,0,34,-34
122000362,8,149,-141
122000364,50,559,-509
122000365,0,18,-18
122000366,4,7,-3
122000368,415,937,-522
122000370,8,74,-66
122000371,2,0,2
122000372,3,0,3
122000381,26,352,-326
122000382,66,353,-287
122000384,4989,2196,2793
122000385,13,0,13
122000386,472,628,-156
122000387,464,812,-348
122000388,1439,326,1113
122000389,199,878,-679
122000390,457,376,81
122000391,167,42,125
122000392,163,218,-55
122000393,94,745,-651
122000394,210,296,-86
122000395,73,171,-98
122000396,199,131,68
122000399,46,103,-57
122000400,268,395,-127
122000401,64,118,-54
122000402,99,59,40
122000403,144,1156,-1012
122000404,43,160,-117
122000408,834,1156,-322
122000503,0,47,-47
122000524,185,75,110
122000544,34,1585,-1551
122000614,534,130,404
122000616,671,2,669
122000640,11,238,-227
122000641,17,460,-443
122000642,689,1212,-523
122000643,27,203,-176
122000644,305,122,183
122000645,291,246,45
122000651,2016,492,1524
122000664,191,40,151
122000665,1057,598,459
122000666,416,1124,-708
122000673,41,361,-320
122000674,48,57,-9
122000675,823,1254,-431
122000686,108,727,-619
122000687,374,80,294
122000688,111,782,-671
122000689,166,81,85
122000690,294,639,-345
122000691,188,2381,-2193
122000692,623,792,-169
122000693,526,2062,-1536
122000695,67,388,-321
122000696,62,306,-244
122000698,153,1187,-1034
122000699,104,36,68
122000701,1037,528,509
122000702,412,2494,-2082
122000703,85,33,52
122000712,0,1,-1
122000717,1553,133,1420
122000718,525,701,-176
122000719,32,29,3
122000720,130,362,-232
122000724,507,318,189
122900001,3,2,1
122900002,626,1143,-517
122900003,169,31,138
122900004,765,5,760
122900005,47,40,7
122900006,286,445,-159
122900007,38,21,17
122900008,256,100,156
122900009,504,113,391
122900010,129,125,4
122900012,535,213,322
122900014,78,184,-106
122900015,1543,169,1374
122900016,51,327,-276
122900017,644,613,31
122900018,140,9,131
122900020,242,299,-57
122900021,52,388,-336
122900022,241,982,-741
122900023,124,224,-100
122900024,126,98,28
122900025,18,136,-118
122900026,123,395,-272
122900027,31,552,-521
122900028,58,79,-21
122900029,4402,1203,3199
122900030,1134,262,872
122900031,75,91,-16
122900032,99,128,-29
122900033,105,129,-24
122900034,3041,3505,-464
122900035,10,5,5
122900036,10,141,-131
122900037,251,110,141
122900038,112,1121,-1009
122900039,129,363,-234
122900040,160,407,-247
122900041,92,238,-146
122900042,84,325,-241
122900043,245,135,110
122900044,64,234,-170
122900045,62,87,-25
122900046,36,95,-59
122900047,231,114,117
122900048,14,99,-85
122900049,2184,59,2125
122900051,120,89,31
122900052,17,113,-96
122900053,2,11,-9
122900055,142,53,89
122900057,223,16,207
122900061,325,34,291
122900062,229,291,-62
122900063,83,353,-270
122900064,645,540,105
122900065,184,102,82
122900066,217,233,-16
122900067,1491,757,734
122900069,91,519,-428
122900070,110,21,89
122900071,42,488,-446
122900073,27,227,-200
122900074,156,565,-409
122900075,0,63,-63
122900076,12,140,-128
122900077,2,133,-131
122900078,27,121,-94
122900080,46,14,32
122900081,95,99,-4
122900082,446,165,281
122900083,146,63,83
122900084,1,199,-198
122900086,4,15,-11
122900087,109,620,-511
122900088,24,52,-28
122900089,21,250,-229
122900090,8,618,-610
122900091,35,0,35
122900092,0,132,-132
122900093,2,429,-427
122900094,4,286,-282
122900095,50,3,47
122900096,37,384,-347
122900097,4,17,-13
122900098,94,114,-20
122900099,7,4,3
122900100,122,133,-11
122900101,553,123,430
122900102,5,9,-4
122900103,37,4,33
122900104,21,3,18
122900105,2,5,-3
122900106,1,69,-68
122900107,3,210,-207
122900108,4,237,-233
122900109,47,192,-145
123000001,1238,268,970
123000002,4027,1314,2713
123000003,2714,1562,1152
123000004,3393,2945,448
123000005,1564,1745,-181
123000006,2803,3128,-325
123000007,2409,1999,410
123000008,2375,2870,-495
123000009,3758,2374,1384
123000010,3200,3543,-343
123000011,2870,597,2273
123000012,1384,2210,-826
123000013,2311,830,1481
123000014,1283,2413,-1130
123000015,2829,419,2410
123000016,1928,2824,-896
123000017,3036,1537,1499
123000018,92,53,39
123000019,59,434,-375
123000020,49,147,-98
123000021,79,123,-44
123000022,360,750,-390
123000023,783,1097,-314
123000024,750,554,196
123000025,79,91,-12
123000026,20,157,-137
123000027,223,300,-77
123000028,289,801,-512
123000029,512,497,15
123000030,80,684,-604
123000031,116,402,-286
123000032,151,379,-228
123000033,126,95,31
123000034,559,497,62
123000035,96,201,-105
123000036,157,333,-176
123000037,160,334,-174
123000038,44,161,-117
123000039,507,571,-64
123000040,1234,344,890
123000041,639,330,309
123000042,741,541,200
123000043,1151,1590,-439
123000044,5608,1712,3896
123000045,6919,903,6016
123000046,594,502,92
123000047,2291,380,1911
123000048,32,209,-177
123000049,2214,2436,-222
123000050,875,1034,-159
123000051,94,136,-42
123000052,473,1159,-686
123000053,1836,1238,598
123000054,1360,1132,228
123000055,854,1160,-306
123000056,915,1425,-510
123000057,16202,4693,11509
123000058,650,588,62
123000059,1744,1313,431
123000060,1256,463,793
123000061,2854,516,2338
123000063,433,252,181
123000064,606,243,363
123000065,4940,2312,2628
123000066,1770,794,976
123000067,315,662,-347
123000068,3020,3026,-6
123000069,8914,4027,4887
123000070,174,208,-34
123000071,277,645,-368
123000072,889,1192,-303
123000073,703,920,-217
123000074,2107,2568,-461
123000075,523,1147,-624
123000076,410,1334,-924
123000077,1486,2775,-1289
123000078,581,1234,-653
123000079,590,2090,-1500
123000080,1936,3545,-1609
123000081,254,713,-459
123000082,288,678,-390
123000083,747,268,479
123000084,343,1054,-711
123000085,83,144,-61
123000086,124,542,-418
123000087,193,1187,-994
123000088,930,2768,-1838
123000089,355,1324,-969
123000090,882,1303,-421
123000091,1927,1498,429
123000092,1696,1890,-194
123000094,387,539,-152
123000095,129,576,-447
123000096,242,449,-207
123000097,230,1297,-1067
123000098,443,574,-131
123000099,392,1207,-815
123000100,406,652,-246
123000101,526,370,156
123000102,447,493,-46
123000104,321,246,75
123000105,556,578,-22
123000106,676,242,434
123000107,500,436,64
123000108,3679,738,2941
123000111,365,244,121
123000112,361,378,-17
123000113,795,1022,-227
123000114,388,434,-46
123000115,130,272,-142
123000116,24,242,-218
123000117,750,1068,-318
123000118,279,407,-128
123000119,690,1183,-493
123000120,702,1134,-432
123000121,308,453,-145
123000122,337,283,54
123000123,502,586,-84
123000124,731,468,263
123000125,914,532,382
123000126,2312,1044,1268
123000127,2370,739,1631
123000128,248,450,-202
123000129,163,141,22
123000130,196,51,145
123000131,412,369,43
123000132,462,678,-216
123000133,567,468,99
123000134,615,200,415
123000135,764,810,-46
123000136,177,1471,-1294
123000137,114,545,-431
123000138,57,540,-483
123000139,183,75,108
123000140,191,660,-469
123000141,794,53,741
123000142,914,1243,-329
123000143,929,2789,-1860
123000144,35,12,23
123000145,126,111,15
123000146,8,59,-51
123000147,48,119,-71
123000149,229,224,5
123000150,232,188,44
123000151,250,410,-160
123000152,42,294,-252
123000153,123,402,-279
123000154,1887,1391,496
123000155,2270,747,1523
123000156,30,60,-30
123000157,611,1043,-432
123000158,884,390,494
123000159,1877,960,917
123000160,414,407,7
123000161,671,238,433
123000162,234,857,-623
123000163,101,33,68
123000164,366,92,274
123000165,186,1579,-1393
123000166,36,220,-184
123000167,92,306,-214
123000168,128,363,-235
123000169,198,85,113
123000170,17,471,-454
123000171,75,83,-8
123000172,283,796,-513
123000173,294,93,201
123000174,533,104,429
123000175,1078,1516,-438
123000176,471,142,329
123000177,243,1120,-877
123000178,395,64,331
123000179,7,379,-372
123000180,792,269,523
123000181,206,843,-637
123000183,107,94,13
123000186,65,719,-654
123000187,206,3,203
123000188,185,33,152
123000189,127,187,-60
123000190,0,63,-63
123000192,17,378,-361
123000193,111,1087,-976
123000194,384,308,76
123000195,90,8,82
123000196,83,2,81
123000197,21,28,-7
123000198,7,161,-154
123000199,10,571,-561
123000200,92,32,60
123000201,150,4,146
123000202,37,1559,-1522
123000203,218,67,151
123000204,60,1410,-1350
123000205,321,2437,-2116
123000206,650,142,508
123000207,83,1329,-1246
123000208,223,96,127
123000209,953,186,767
123000210,279,1799,-1520
123000211,691,4538,-3847
123000212,1237,249,988
123000213,227,88,139
123000215,127,62,65
123000216,99,334,-235
123000217,112,29,83
123000218,110,256,-146
123000219,782,27,755
123000220,433,47,386
123000222,175,244,-69
123000223,127,368,-241
123000224,282,631,-349
123000225,113,63,50
123000226,141,412,-271
123000227,43,343,-300
123000228,136,53,83
123000229,971,1708,-737
123000232,83,519,-436
123000233,354,112,242
123000234,142,757,-615
123000235,195,297,-102
123000236,114,1010,-896
123000237,180,52,128
123000238,57,677,-620
123000239,327,1985,-1658
123000240,24,160,-136
123000241,1231,77,1154
123000243,918,1073,-155
123000244,686,466,220
123000245,36,116,-80
123000249,424,631,-207
123000252,375,77,298
123000253,422,263,159
123000254,377,1135,-758
123000255,645,738,-93
123000256,244,578,-334
123000257,1711,1459,252
123000258,1731,1803,-72
123000259,183,156,27
123000260,128,394,-266
123000261,199,661,-462
123000262,65,278,-213
123000263,229,80,149
123000264,177,30,147
123000265,64,171,-107
123000266,491,765,-274
123000267,187,215,-28
123000268,35,87,-52
123000269,32,45,-13
123000270,15,45,-30
123000271,19,111,-92
123000272,610,251,359
123000273,132,505,-373
123000274,661,275,386
123000275,204,1059,-855
123000278,3678,4021,-343
123000279,41,79,-38
123000280,360,356,4
123000281,192,82,110
123000282,51,296,-245
123000283,75,50,25
123000284,62,125,-63
123000286,375,499,-124
123000287,816,193,623
123000288,608,383,225
123000289,370,471,-101
123000291,339,734,-395
123000294,363,265,98
123000295,800,1013,-213
123000296,270,857,-587
123000297,240,975,-735
123000298,247,726,-479
123000299,118,624,-506
123000300,1152,1088,64
123000301,78,375,-297
123000302,75,150,-75
123000303,22,145,-123
123000305,919,1035,-116
123000306,25,273,-248
123000309,55,57,-2
123000310,73,47,26
123000311,24,288,-264
123000312,909,1995,-1086
123000313,339,503,-164
123000315,144,286,-142
123000316,326,190,136
123000317,111,29,82
123000318,34,308,-274
123000329,5,9,-4
123000337,148,369,-221
123000338,300,74,226
123000339,58,219,-161
123000340,232,1062,-830
123000342,8,276,-268
123000343,34,1,33
123000344,2104,453,1651
123000345,1067,873,194
123000346,318,543,-225
123000352,2033,642,1391
123000353,28,210,-182
123000354,556,19,537
123000355,19,1050,-1031
123000356,68,10,58
123000357,3,396,-393
123000359,4,263,-259
123000360,126,19,107
123000361,655,213,442
123000362,77,115,-38
123000363,88,251,-163
123000364,495,480,15
123000365,27,215,-188
123000366,505,1186,-681
123000367,961,3088,-2127
123000370,12,296,-284
123000371,50,7,43
123000372,88,15,73
123000373,9,419,-410
123000374,17,171,-154
123000375,106,11,95
123000376,482,483,-1
123000377,97,5,92
123000378,5,400,-395
123000379,0,288,-288
123000380,24,130,-106
123000381,58,18,40
123000382,718,15,703
123000383,188,523,-335
123000384,418,65,353
123000385,475,544,-69
123000436,64,1497,-1433
123000507,541,454,87
123000508,284,543,-259
123000517,72,15,57
123000518,23,188,-165
123000519,319,16,303
123000520,54,188,-134
123000521,229,157,72
123000522,310,1081,-771
123000541,4,1,3
123000542,0,38,-38
123000565,237,18,219
123000566,46,931,-885
123000567,90,249,-159
123000575,15,913,-898
123000576,501,12,489
123000577,153,411,-258
123000578,603,101,502
123000579,5661,2129,3532
123000580,66,23,43
123000582,195,28,167
123000583,18,408,-390
123000584,113,174,-61
123000585,1,130,-129
123000586,20,2,18
123000596,178,118,60
123000597,73,68,5
123000602,1,2,-1
123000603,251,43,208
123000604,619,964,-345
123000605,485,54,431
123000606,1,187,-186
123000609,8,289,-281
123000610,99,76,23
123000613,4,109,-105
123000615,43,216,-173
123000616,197,47,150
123000617,27,428,-401
123000618,49,532,-483
123000619,280,48,232
123000620,32,1965,-1933
123000622,771,34,737
123000624,165,50,115
123000630,1552,878,674
123000631,5624,3081,2543
123000632,3413,1846,1567
123000633,51,376,-325
123000634,64,27,37
123000635,253,121,132
123000636,15,532,-517
123000637,229,23,206
123000638,291,273,18
123000639,1190,2419,-1229
123000640,58,1086,-1028
123000648,338,155,183
123000649,347,1464,-1117
123000650,50,114,-64
123000651,216,640,-424
123000652,118,69,49
123000653,40,624,-584
123000654,290,482,-192
123000655,21,445,-424
123000656,340,198,142
123000657,3,52,-49
123000658,42,23,19
123900001,1425,53,1372
123900002,11,664,-653
123900003,276,495,-219
123900005,100,83,17
123900006,99,39,60
124000001,996,31,965
124000002,11,691,-680
124000003,221,80,141
124000004,50,712,-662
124000005,426,126,300
124000006,255,1642,-1387
124000007,469,70,399
124000008,17,471,-454
124000009,159,211,-52
124000010,91,676,-585
124000011,366,253,113
124000012,230,924,-694
124000017,35,77,-42
124000018,58,126,-68
124000019,52,70,-18
124000020,34,248,-214
124000021,54,47,7
124000022,113,305,-192
124000023,396,87,309
124000024,940,672,268
124000025,573,145,428
124000026,681,526,155
124000027,1470,249,1221
124000028,3174,886,2288
124000031,791,550,241
124000032,4733,1487,3246
124000033,576,313,263
124000034,1123,1332,-209
124000035,140,56,84
124000036,93,736,-643
124000037,149,190,-41
124000038,28,97,-69
124000039,1225,178,1047
124000040,589,290,299
124000041,148,70,78
124000042,43,244,-201
124000043,78,89,-11
124000044,92,222,-130
124000045,330,495,-165
124000046,122,847,-725
124000047,434,846,-412
124000048,376,2101,-1725
124000049,627,680,-53
124000050,449,2927,-2478
124000051,237,518,-281
124000052,274,1754,-1480
124000053,295,783,-488
124000054,745,816,-71
124000055,804,1086,-282
124000056,4315,1234,3081
124000057,568,411,157
124000058,306,1585,-1279
124000059,310,436,-126
124000060,1068,985,83
124000061,897,1936,-1039
124000062,9097,1525,7572
124000063,1316,1532,-216
124000064,2691,2022,669
124000065,237,199,38
124000066,407,65,342
124000067,39,183,-144
124000068,25,89,-64
124000069,161,219,-58
124000070,97,603,-506
124000071,46,86,-40
124000072,95,574,-479
124000073,371,111,260
124000074,160,928,-768
124000075,62,28,34
124000076,7,300,-293
124000077,1375,422,953
124000078,2022,247,1775
124000079,800,519,281
124000080,169,83,86
124000081,84,737,-653
124000082,7,88,-81
124000083,49,208,-159
124000084,47,160,-113
124000085,55,71,-16
124000086,44,65,-21
124000087,56,51,5
124000088,74,224,-150
124000089,213,264,-51
124000090,83,483,-400
124000091,313,133,180
124000092,101,989,-888
124000093,93,51,42
124000094,93,345,-252
124000095,40,61,-21
124000096,57,300,-243
124000097,53,87,-34
124000098,66,165,-99
124000099,94,93,1
124000100,24,161,-137
124000101,25,139,-114
124000102,113,116,-3
124000103,27,127,-100
124000104,99,135,-36
124000105,11,46,-35
124000106,126,143,-17
124000107,7,53,-46
124000108,56,51,5
124000109,99,27,72
124000110,116,96,20
124000111,153,144,9
124000112,308,748,-440
124000113,41,54,-13
124000114,184,705,-521
124000115,240,732,-492
124000116,54,69,-15
124000117,98,50,48
124000118,53,60,-7
124000119,585,587,-2
124000120,317,597,-280
124000121,2820,640,2180
124000122,569,886,-317
124000123,635,242,393
124000124,493,777,-284
124000125,303,221,82
124000126,334,593,-259
124000127,335,276,59
124000128,449,1050,-601
124000129,1192,1103,89
124000130,728,622,106
124000131,722,419,303
124000132,662,766,-104
124000133,430,647,-217
124000134,502,846,-344
124000135,1172,986,186
124000136,784,1180,-396
124000137,981,365,616
124000138,1069,983,86
124000139,436,27,409
124000140,91,482,-391
124000141,189,30,159
124000142,27,785,-758
124000143,27,15,12
124000144,6,183,-177
124000145,24,15,9
124000146,8,128,-120
124000148,5,15,-10
124000149,551,181,370
124000150,299,609,-310
124000151,494,223,271
124000152,558,1141,-583
124000153,394,303,91
124000154,366,892,-526
124000155,783,426,357
124000156,1058,925,133
124000169,194,245,-51
124000170,702,372,330
124000171,113,233,-120
124000172,333,703,-370
124000173,151,296,-145
124000174,177,865,-688
124000175,8,147,-139
124000176,8,9,-1
124000177,24,41,-17
124000178,14,10,4
124000185,6,13,-7
124000186,5,61,-56
124000187,9,188,-179
124000188,10,9,1
124000190,222,16,206
124000191,461,127,334
124000192,1579,177,1402
124000193,393,1135,-742
124000194,329,597,-268
124000195,163,296,-133
124000196,781,1390,-609
124000197,46,44,2
124000198,15,28,-13
124000201,232,1068,-836
124000202,250,47,203
124000203,107,971,-864
124000204,203,513,-310
124000205,42,644,-602
124000206,93,397,-304
124000207,4,70,-66
124000209,100,336,-236
124000210,130,138,-8
124000211,93,2,91
124000212,2,542,-540
124000213,86,380,-294
124000214,121,661,-540
124000215,115,17,98
124000216,0,666,-666
124000329,49,2495,-2446
124000338,14,1278,-1264
124000339,205,58,147
124000341,250,38,212
124000344,7,5,2
124000357,815,1853,-1038
124000358,881,1708,-827
124000359,540,420,120
124000360,243,358,-115
124000361,677,536,141
124000362,1113,1550,-437
124000363,303,653,-350
124000364,461,1133,-672
124000365,675,1269,-594
124000366,2587,1473,1114
124000367,102,620,-518
124000368,113,116,-3
124000369,31,82,-51
124000370,40,400,-360
124000402,7,12,-5
124000403,34,10,24
124000404,3,97,-94
124000405,686,438,248
124000406,729,734,-5
124000407,5,21,-16
124000411,8,471,-463
124000412,81,18,63
124000413,327,42,285
124000414,43,153,-110
124000415,50,332,-282
124000416,92,429,-337
124000417,84,93,-9
124000418,42,153,-111
124000419,50,205,-155
124000420,39,85,-46
124000421,20,378,-358
124000422,29,4,25
124000423,94,39,55
124000424,8,213,-205
124000425,18,7,11
124000426,3,254,-251
124000427,34,6,28
124000428,21,36,-15
124000429,10,48,-38
124000430,373,796,-423
124000431,288,669,-381
124000432,63,876,-813
124000439,20,3,17
124000443,4,61,-57
124000445,129,337,-208
124000446,3296,117,3179
124000447,13,71,-58
124000448,22,12,10
124000449,33,9,24
124000450,12,537,-525
124000451,1,276,-275
124000452,389,74,315
124000453,2287,1459,828
124000454,3884,2967,917
124000455,4,1144,-1140
124000456,127,11,116
124000457,4,697,-693
124000458,5,394,-389
124000459,101,5,96
124000460,1,337,-336
124900001,187,237,-50
124900002,80,499,-419
124900003,262,525,-263
124900004,126,340,-214
124900005,161,177,-16
124900006,107,367,-260
124900008,945,335,610
124900009,109,63,46
124900010,35,15,20
124900011,97,111,-14
124900012,188,58,130
124900013,110,100,10
124900014,78,50,28
124900015,67,66,1
124900016,17,29,-12
124900017,357,203,154
124900018,9,8,1
124900020,18,23,-5
124900021,43,9,34
124900022,12,9,3
124900024,121,2,119
124900026,71,4,67
124900027,39,67,-28
124900028,506,115,391
124900029,9,275,-266
124900030,4,137,-133
124900031,7,273,-266
124900032,215,102,113
124900033,80,339,-259
124900034,1,83,-82
124900035,96,270,-174
124900036,11,53,-42
124900037,79,288,-209
124900038,235,421,-186
124900039,0,24,-24
124900040,25,100,-75
124900041,191,1651,-1460
124900042,8,0,8
124900043,287,1241,-954
124900044,46,1,45
124900045,407,665,-258
124900047,87,164,-77
124900048,86,152,-66
124900050,114,207,-93
124900052,48,294,-246
124900053,15,279,-264
124900054,3648,254,3394
124900055,0,83,-83
124900057,13,664,-651
124900060,30,270,-240
124900061,9,0,9
124900062,15,1,14
124900066,1,11,-10
124900067,2,142,-140
124900068,156,111,45
124900070,10,17,-7
124900072,28,15,13
124900075,37,233,-196
124900076,53,232,-179
124900077,38,73,-35
124900078,40,1,39
124900079,601,32,569
124900080,100,944,-844
124900081,299,236,63
124900082,239,1186,-947
124900083,117,649,-532
124900085,1313,81,1232
124900086,19,222,-203
124900087,499,36,463
124900088,583,76,507
124900089,1253,14,1239
124900090,60,162,-102
124900091,159,594,-435
124900092,104,519,-415
124900093,86,124,-38
124900094,129,169,-40
124900095,31,234,-203
124900096,408,79,329
124900097,116,30,86
124900098,77,334,-257
124900099,368,223,145
124900100,103,17,86
124900101,35,453,-418
124900102,84,7,77
124900103,45,317,-272
124900104,9,236,-227
124900105,39,177,-138
124900106,139,26,113
124900107,26,3,23
124900108,171,20,151
124900111,0,30,-30
124900112,39,683,-644
124900113,115,71,44
124900114,229,23,206
124900115,24,30,-6
124900116,41,60,-19
124900117,650,107,543
124900118,104,72,32
124900119,143,56,87
124900120,19,301,-282
124900121,94,56,38
124900122,407,139,268
124900123,511,26,485
124900124,230,113,117
124900125,90,5,85
124900126,8,861,-853
204000001,32,41,-9
204000002,4,27,-23
204000003,3,1,2
204000004,2,1,1
204000005,352,212,140
204000006,512,551,-39
204000011,16,48,-32
204000012,16,139,-123
204000019,411,516,-105
204000020,254,824,-570
204000021,1775,739,1036
204000022,293,375,-82
204000023,188,1352,-1164
204000031,77,22,55
204000032,480,31,449
204000034,32,89,-57
204000035,0,2,-2
204000036,14,16,-2
204000037,7,42,-35
204000038,0,32,-32
204000039,5,35,-30
204000040,2,29,-27
204000041,6,34,-28
204000042,8,10,-2
204000043,11,5,6
204000044,18,2,16
204000045,9,5,4
204000046,6,2,4
204000057,5,34,-29
204000062,15,216,-201
204000068,18,131,-113
204000069,13,168,-155
204000070,24,80,-56
204000080,6,82,-76
204000085,1018,1597,-579
204000086,3066,2078,988
204000087,57,24,33
204000088,5,95,-90
204000090,14,284,-270
204000093,22,36,-14
204000096,375,571,-196
204000097,103,4,99
204000099,640,1100,-460
204000100,463,912,-449
204000105,1816,1158,658
204000110,458,1225,-767
204000111,366,734,-368
204000112,569,1009,-440
204000113,280,882,-602
204000114,300,352,-52
204000115,260,369,-109
204000116,366,519,-153
204000119,1121,1146,-25
204000132,212,173,39
204000133,328,253,75
204000134,109,130,-21
204000135,175,108,67
204000136,93,213,-120
204000138,96,165,-69
204000140,80,83,-3
204000141,60,41,19
204000144,6,17,-11
204000145,678,19,659
204000146,93,906,-813
204000147,56,234,-178
204000148,685,14,671
204000154,6,1,5
204000155,2,6,-4
204000177,36,51,-15
204000179,4,1,3
204000180,0,95,-95
204000222,5,7,-2
204000236,88,518,-430
204000238,33,10,23
204000240,550,54,496
204000263,535,1513,-978
204000268,797,245,552
204000308,7,6,1
204000317,20,79,-59
204000322,14,28,-14
204000323,152,35,117
204000328,289,154,135
204000329,267,404,-137
204000330,157,169,-12
204000331,96,662,-566
205000001,1027,1078,-51
205000013,17,136,-119
205000014,12,168,-156
205000015,32,285,-253
205000016,12,193,-181
205000017,33,104,-71
205000022,341,597,-256
205000025,1846,970,876
205000029,163,10,153
205000045,43,178,-135
205000046,50,653,-603
205000047,39,567,-528
205000048,109,1238,-1129
205000049,92,815,-723
205000050,1470,285,1185
205000059,1,321,-320
205000060,1,52,-51
205000061,3,44,-41
205000062,3,31,-28
205000063,18,99,-81
205000064,10,145,-135
205000065,59,846,-787
205000066,52,793,-741
205000067,53,1229,-1176
205000069,253,26,227
205000082,138,123,15
205000110,64,271,-207
205000111,209,365,-156
205000112,48,117,-69
205000113,227,179,48
205000121,143,31,112
205000123,68,222,-154
205000126,274,74,200
205000127,460,95,365
205000128,352,73,279
205000129,277,67,210
205000130,159,26,133
205000131,181,11,170
205000132,317,7,310
205000133,82,1,81
205000134,82,0,82
205000137,95,136,-41
205000138,326,293,33
205000139,15,73,-58
205000144,27,39,-12
205000145,191,69,122
205000151,33,20,13
205000152,60,20,40
205000153,98,23,75
205000154,35,51,-16
205000155,69,14,55
205000207,15,140,-125
205000233,4,2,2
205000234,0,1,-1
205000243,0,0,0
205000244,0,10,-10
205000245,19,269,-250
205000249,0,12,-12
205000250,4,0,4
205000264,3,121,-118
206000027,4,1,3
206000028,20,2,18
206000043,7,102,-95
206000053,8,13,-5
206000054,4,16,-12
206000055,3,32,-29
206000075,6,7,-1
206000076,12,16,-4
206000077,21,13,8
206000078,3,2,1
206000079,11,8,3
206000082,294,28,266
206000100,71,587,-516
206000103,37,28,9
206000104,21,17,4
206000105,24,15,9
206000106,32,38,-6
206000125,27,0,27
206000157,128,483,-355
206000170,2,155,-153
206000171,2,192,-190
206000172,5,966,-961
206000173,0,365,-365
206000174,5,147,-142
206000175,7,181,-174
206000176,23,481,-458
206000177,2,268,-266
206000178,1,160,-159
206000179,9,102,-93
206000180,26,221,-195
206000181,4,349,-345
206000182,47,344,-297
206000183,54,1088,-1034
206000184,3,398,-395
206000185,5,310,-305
206000186,234,1551,-1317
206000223,3,215,-212
206000226,11,4,7
206000227,7,2,5
206000237,18,354,-336
206000238,45,660,-615
206000239,660,1973,-1313
206000240,4,63,-59
206000241,0,116,-116
206000242,12,450,-438
206000243,32,417,-385
206000244,115,958,-843
206000245,336,59,277
206000246,39,10,29
206000247,69,17,52
206000248,136,23,113
206000252,55,25,30
206000258,17,52,-35
206000315,23,13,10
206000317,258,53,205
206000318,105,31,74
206000319,463,103,360
206000320,26,28,-2
206000321,29,19,10
206000322,120,9,111
206000323,50,14,36
206000324,55,11,44
206000325,67,7,60
206000326,48,4,44
206000327,108,14,94
206000328,42,3,39
206000329,73,13,60
206000330,14,5,9
206000331,60,9,51
206000332,17,13,4
206000333,178,2,176
206000334,69,2,67
206000335,0,20,-20
206000361,8,203,-195
206000392,11,44,-33
206000405,117,1,116
206000441,19,18,1
206000498,44,26,18
206000515,112,16,96
206000530,63,69,-6
206000531,140,45,95
206000532,1381,116,1265
206000535,356,1773,-1417
206000536,32,270,-238
206000537,12,154,-142
206000613,1004,150,854
206000784,481,30,451
207000001,199,342,-143
207000002,47,394,-347
207000003,105,297,-192
207000007,425,274,151
207000008,21,28,-7
207000009,41,38,3
207000010,476,709,-233
207000012,181,176,5
207000015,287,1971,-1684
207000019,140,48,92
207000021,386,167,219
207000022,50,91,-41
207000023,47,53,-6
207000024,5,9,-4
207000025,17,45,-28
207000026,126,55,71
207000027,11,76,-65
207000028,63,294,-231
207000029,234,396,-162
207000033,177,131,46
207000034,135,56,79
207000039,128,125,3
207000040,90,166,-76
207000041,20,46,-26
207000042,88,111,-23
207000043,95,173,-78
207000051,47,303,-256
207000052,3,254,-251
207000053,471,758,-287
207000054,26,152,-126
207000055,52,263,-211
207000056,196,530,-334
207000057,89,284,-195
207000058,65,544,-479
207000059,38,1219,-1181
207000060,34,365,-331
207000061,61,105,-44
207000062,78,56,22
207000063,96,178,-82
207000064,191,161,30
207000065,174,163,11
207000066,64,157,-93
207000067,13,109,-96
207000068,74,72,2
207000069,473,353,120
207000082,18,503,-485
207000083,39,446,-407
207000084,70,128,-58
207000085,152,19,133
207000086,72,9,63
207000106,19,40,-21
207000107,34,18,16
207000108,27,12,15
207000109,27,12,15
207000110,41,31,10
207000111,57,73,-16
207000112,104,129,-25
207000114,45,24,21
207000115,18,50,-32
207000116,13,173,-160
207000117,2,110,-108
207000118,0,81,-81
207000119,8,87,-79
207000123,162,22,140
207000124,53,9,44
207000125,89,12,77
207000126,102,14,88
207000134,56,366,-310
207000135,31,340,-309
207000148,59,97,-38
207000149,98,28,70
207000152,120,421,-301
207000153,1415,726,689
207000154,240,133,107
207000159,30,331,-301
207000160,61,581,-520
207000238,0,118,-118
207000242,2,171,-169
207000248,32,17,15
207000249,177,51,126
207000250,645,54,591
207000251,130,59,71
207000252,61,72,-11
207000278,26,63,-37
207000279,28,207,-179
207000280,242,98,144
207000281,87,1582,-1495
207000282,76,14,62
207000283,106,211,-105
207000284,38,69,-31
207000285,189,33,156
207000291,14,92,-78
207000304,57,58,-1
207000306,44,368,-324
207000310,27,43,-16
207000353,178,7,171
207000356,0,21,-21
207000357,4,2,2
207000358,10,7,3
207000415,5,212,-207
207000417,15,3,12
207000418,76,116,-40
207000438,1,4,-3
207000439,1075,208,867
207000446,61,4,57
207000460,5,12,-7
207000466,157,144,13
207000467,65,114,-49
207000468,31,579,-548
207000476,7,104,-97
207000477,108,159,-51
207000478,1,2,-1
207000523,0,15,-15
207000524,47,0,47
207000527,73,124,-51
207000530,98,8,90
207000531,90,14,76
207000532,31,17,14
207000534,702,24,678
207000535,48,109,-61
207000537,24,124,-100
207000540,7,233,-226
207000541,2,390,-388
207000548,5,355,-350
207000549,93,7,86
207000561,64,37,27
207000562,36,254,-218
207000567,127,226,-99
207000568,60,165,-105
207000569,84,1371,-1287
207000584,409,86,323
207000585,43,88,-45
207000587,36,49,-13
207000616,0,247,-247
207000617,31,0,31
207000624,48,42,6
207000631,10,33,-23
207900008,73,388,-315
208000001,240,588,-348
208000002,270,532,-262
208000003,556,514,42
208000004,676,692,-16
208000005,19,10,9
208000019,292,827,-535
208000020,84,409,-325
208000021,97,426,-329
208000022,421,700,-279
208000028,771,680,91
208000033,273,593,-320
208000034,900,1292,-392
208000037,462,79,383
208000040,58,187,-129
208000041,587,472,115
208000042,526,537,-11
208000047,58,447,-389
208000064,2358,1388,970
208000066,1088,577,511
208000070,140,494,-354
208000071,180,981,-801
208000072,266,1255,-989
208000080,114,375,-261
208000081,92,211,-119
208000082,156,338,-182
208000083,62,422,-360
208000084,25,23,2
208000085,806,639,167
208000086,431,946,-515
208000087,224,766,-542
208000089,413,612,-199
208000090,391,1006,-615
208000093,126,148,-22
208000094,228,495,-267
208000095,463,327,136
208000104,680,950,-270
208000105,431,1099,-668
208000114,39,120,-81
208000115,382,300,82
208000116,139,889,-750
208000117,61,139,-78
208000118,58,86,-28
208000155,380,1057,-677
208000158,1582,1793,-211
208000186,2560,1202,1358
208000204,282,891,-609
208000205,677,1428,-751
208000282,2958,753,2205
209000004,61,154,-93
209000005,15,18,-3
209000006,401,130,271
209000007,205,157,48
209000010,413,143,270
209000011,96,204,-108
209000012,113,187,-74
209000013,144,689,-545
209000014,724,1523,-799
209000025,126,41,85
209000026,447,62,385
209000027,378,1036,-658
209000028,323,1022,-699
209000029,666,919,-253
209000030,426,1559,-1133
209000031,3899,2183,1716
209000034,127,116,11
209000035,85,132,-47
209000036,92,102,-10
209000037,102,200,-98
209000038,46,143,-97
209000039,20,173,-153
209000040,266,373,-107
209000041,232,336,-104
209000042,191,351,-160
209000043,512,497,15
209000044,140,473,-333
209000045,708,282,426
209000046,183,354,-171
209000047,190,139,51
209000048,291,168,123
209000049,90,160,-70
209000050,273,266,7
209000051,199,380,-181
209000052,113,387,-274
209000062,41,190,-149
209000063,12,159,-147
209000064,12,153,-141
209000065,16,34,-18
209000066,23,55,-32
209000067,24,101,-77
209000080,25,207,-182
209000082,43,36,7
209000091,43,55,-12
209000093,74,18,56
209000094,192,78,114
209000110,9,18,-9
209000111,238,772,-534
209000112,345,380,-35
209000113,988,395,593
209000114,194,218,-24
209000115,101,215,-114
209000116,846,477,369
209000118,7,16,-9
209000119,21,8,13
209000121,76,592,-516
209000135,34,43,-9
209000142,626,798,-172
209000143,39,66,-27
209000144,22,60,-38
209000229,136,114,22
209000240,81,595,-514
209000259,149,165,-16
209000260,32,921,-889
209000261,2,600,-598
209000262,1,662,-661
209000263,0,99,-99
209000264,0,7,-7
209000265,194,0,194
209000266,14,6,8
209000267,170,8,162
209000268,373,19,354
210000037,37,29,8
210000047,40,27,13
210000048,31,28,3
210000049,32,40,-8
210000052,25,170,-145
210000053,18,75,-57
210000054,66,58,8
210000070,20,1,19
210000071,9,0,9
210000072,29,0,29
210000073,0,45,-45
210000074,1,111,-110
210000075,0,67,-67
210000076,8,205,-197
210000077,26,34,-8
210000078,57,27,30
210000079,31,8,23
210000080,98,44,54
210000081,125,11,114
210000082,39,0,39
210000083,90,0,90
210000084,23,0,23
210000085,0,88,-88
210000086,5,135,-130
210000099,41,279,-238
210000100,32,239,-207
210000101,102,293,-191
210000105,36,174,-138
210000159,0,120,-120
210000163,212,233,-21
210000164,365,68,297
210000168,208,24,184
210000187,1,13,-12
210000188,1,31,-30
210000214,11,0,11
210000219,8,51,-43
210000220,26,103,-77
210000232,5,29,-24
210000233,24,71,-47
210000234,13,179,-166
210000235,25,201,-176
210000245,0,44,-44
210000246,6,0,6
210000258,8,200,-192
210000259,124,13,111
210000282,35,222,-187
210000285,1,114,-113
210000286,8,225,-217
210000290,1,4,-3
210000295,38,149,-111
210000296,74,51,23
210000320,97,130,-33
210000321,31,58,-27
210000338,109,110,-1
210000339,758,484,274
210000340,138,179,-41
210000341,128,242,-114
210000342,130,198,-68
210000343,120,235,-115
210000344,234,121,113
210000345,181,153,28
210000346,54,95,-41
210000347,197,35,162
210000348,82,22,60
210000349,132,25,107
210000350,47,48,-1
210000351,49,95,-46
210000352,21,102,-81
210000353,14,119,-105
210000354,20,125,-105
210000355,33,96,-63
210000356,86,58,28
210000357,35,25,10
210000358,420,99,321
210000359,85,56,29
210000360,125,94,31
210000361,105,150,-45
210000362,148,150,-2
210000363,901,128,773
210000364,66,49,17
210000365,71,24,47
210000366,41,27,14
210000367,15,31,-16
210000368,48,32,16
210000369,15,30,-15
210000370,65,76,-11
210000372,43,20,23
210000373,60,18,42
210000374,46,18,28
210000375,29,82,-53
210000376,53,150,-97
210000404,121,176,-55
210000439,11,46,-35
210000472,109,2,107
210000482,85,53,32
210000564,602,57,545
210000567,3,10,-7
210000568,538,3,535
211000092,23,81,-58
211000094,30,16,14
211000169,304,7,297
211000172,13,129,-116
211000209,0,23,-23
211000226,9,19,-10
211000270,7,16,-9
211000275,12,29,-17
211000276,39,23,16
211000279,9,63,-54
211000281,23,79,-56
211000302,5,68,-63
211507980,0,12,-12
211977296,20,5,15
212000003,78,64,14
212000004,117,28,89
212000005,15,37,-22
212000006,22,86,-64
212000008,65,268,-203
212000009,15,155,-140
212000012,53,60,-7
212000013,4,36,-32
212000014,155,147,8
212000015,141,207,-66
212000016,313,480,-167
212000027,251,503,-252
212000028,123,329,-206
212000029,106,233,-127
212000030,5,33,-28
212000031,18,69,-51
212000048,23,76,-53
212000049,16,64,-48
212000050,5,12,-7
212000051,90,274,-184
212000052,78,441,-363
212000053,298,554,-256
212000054,104,127,-23
212000055,70,243,-173
212000056,10,50,-40
212000057,5,39,-34
212000058,259,35,224
212000070,57,317,-260
212000077,79,669,-590
212000099,95,205,-110
212000108,137,193,-56
212000111,76,142,-66
212000120,150,136,14
212000138,54,30,24
212000156,4,118,-114
212000158,9,14,-5
212000159,110,51,59
212000160,183,200,-17
212000161,15,7,8
212000310,4,23,-19
212000311,4,78,-74
212000374,6,10,-4
213000001,20,639,-619
213000005,193,84,109
213000006,910,97,813
213000007,57,3,54
213000009,447,105,342
213000010,170,86,84
213000011,171,47,124
213000012,130,351,-221
213000014,25,3,22
213000015,68,2,66
213000016,70,0,70
213000017,7,0,7
213000018,4,255,-251
213000019,0,209,-209
213000020,76,220,-144
213000021,4,87,-83
213000023,181,145,36
213000033,171,520,-349
213000034,263,238,25
213000035,77,59,18
213000045,57,303,-246
213000046,70,151,-81
213000047,295,612,-317
213000056,12,8,4
213000069,22,4,18
213000073,0,5,-5
213000074,59,459,-400
213000075,399,13,386
213000076,14,0,14
213000085,1,50,-49
213000086,9,293,-284
213000091,55,8,47
213000092,19,7,12
213000099,128,707,-579
213000100,1203,183,1020
213000101,112,198,-86
213000102,148,484,-336
213000103,713,707,6
213000104,44,447,-403
213000105,2,72,-70
213000106,9,216,-207
213000107,67,740,-673
213000108,16,591,-575
213000109,3,345,-342
213000110,2,81,-79
213000111,2,45,-43
213000112,164,110,54
213000115,31,6,25
213000116,52,563,-511
213000117,5,735,-730
213000118,134,290,-156
213000119,44,924,-880
213000120,52,799,-747
213000122,191,1051,-860
213000123,859,1175,-316
213000124,53,1582,-1529
213000125,88,9,79
213000126,35,75,-40
213000127,179,126,53
213000128,571,253,318
213000129,422,254,168
213000130,226,164,62
213000132,100,123,-23
213000133,103,106,-3
213000134,466,46,420
213000136,121,14,107
213000137,349,91,258
213000139,521,7,514
213000147,14,0,14
213000148,12,4,8
213000149,20,5,15
213000150,0,54,-54
213000151,0,64,-64
213000152,0,52,-52
213000153,0,40,-40
213000154,6,308,-302
213000155,27,333,-306
213000156,48,729,-681
213000157,703,584,119
213000158,222,407,-185
213000159,207,539,-332
213000163,291,136,155
213000165,433,143,290
213000171,16,292,-276
213000172,36,272,-236
213000173,1,87,-86
213000174,1,37,-36
213000175,5,56,-51
213000176,5,90,-85
213000177,1,20,-19
213000178,7,5,2
213000179,88,17,71
213000180,67,94,-27
213000184,57,414,-357
213000188,198,59,139
213000189,117,29,88
213000190,699,608,91
213000191,184,581,-397
213000192,86,748,-662
213000193,1553,104,1449
213000194,0,16,-16
213000195,8,549,-541
213000196,118,739,-621
213000197,200,157,43
213000198,11,0,11
213000200,116,993,-877
213000201,132,62,70
213000202,6,777,-771
213000203,2709,277,2432
213000204,435,22,413
213000205,57,16,41
213000206,145,41,104
213000207,19,18,1
213000208,61,1,60
213000209,49,3,46
213000210,159,0,159
213000211,0,15,-15
213000212,3,13,-10
213000213,6,20,-14
213000218,129,821,-692
213000219,369,5,364
213000220,367,6,361
213000223,202,76,126
213000224,22,26,-4
213000225,17,0,17
213000226,23,2,21
213000227,368,180,188
213000228,58,66,-8
213000229,686,18,668
213000230,332,13,319
213000232,81,495,-414
213000233,2,18,-16
213000234,3,47,-44
213000293,3,61,-58
213000294,46,5,41
213000295,9,86,-77
213000296,56,22,34
213000297,13,85,-72
213000298,15,65,-50
213000299,26,36,-10
213000300,38,5,33
213000303,8,18,-10
213000304,1,6,-5
213000305,3,9,-6
213000306,43,36,7
213000307,188,76,112
213000308,81,304,-223
213000309,73,44,29
213000310,131,143,-12
213000311,278,448,-170
213000315,47,147,-100
213000316,47,65,-18
213000322,4,26,-22
213000323,20,20,0
213000340,91,1026,-935
213000341,142,130,12
213000346,97,31,66
213000347,858,48,810
213000348,9,85,-76
213000349,67,8,59
213000350,184,1427,-1243
213000366,26,268,-242
213000367,113,54,59
213000379,117,79,38
213000386,0,193,-193
213000406,85,298,-213
213000417,669,274,395
213000425,48,29,19
213000426,63,64,-1
213000427,34,223,-189
213000428,21,269,-248
213000429,22,1,21
213000430,78,891,-813
213000431,94,1,93
213000432,3,10,-7
213000433,5,124,-119
213000434,15,122,-107
213000435,44,88,-44
213000439,18,9,9
213000441,0,0,0
213000443,219,272,-53
213000445,0,102,-102
213000446,1,11,-10
213000447,8,25,-17
213000448,2,39,-37
213000449,81,0,81
213000450,10,41,-31
213000451,42,61,-19
213000452,5,21,-16
213000453,37,320,-283
213000455,430,2,428
213000456,0,252,-252
213000481,16,7,9
213000482,97,6,91
213000489,333,33,300
213000491,2,85,-83
213000492,116,1,115
213000493,0,17,-17
213000494,59,98,-39
213000495,0,12,-12
213000496,86,160,-74
213000497,12,250,-238
213000498,37,192,-155
213000499,97,396,-299
213000500,103,77,26
213000501,32,19,13
213000502,54,12,42
213000503,3,43,-40
213000504,1,116,-115
213000505,2,172,-170
213000506,0,14,-14
213000507,1,171,-170
213900244,3,0,3
213900245,0,33,-33
218000003,18,9,9
218000004,16,10,6
218000005,12,37,-25
218000006,30,34,-4
218000007,3,30,-27
218000012,384,246,138
218000013,65,131,-66
218000014,506,285,221
218000019,917,373,544
218000020,326,401,-75
218000040,3,2,1
218000046,16,213,-197
218000047,7,247,-240
218000048,34,329,-295
218000049,62,195,-133
218000050,203,331,-128
218000051,44,383,-339
218000052,9,96,-87
218000053,2,12,-10
218000054,17,22,-5
218000055,0,10,-10
218000056,5,37,-32
218000057,0,35,-35
218000064,0,7,-7
218000065,13,44,-31
218000066,17,35,-18
218000067,19,117,-98
218000068,61,112,-51
218000069,98,304,-206
218000070,80,411,-331
218000071,180,431,-251
218000072,303,288,15
218000078,518,1332,-814
218000079,25,60,-35
218000080,49,85,-36
218000081,138,273,-135
218000082,11,134,-123
218000083,25,71,-46
218000084,62,208,-146
218000085,131,402,-271
218000086,30,177,-147
218000087,233,261,-28
218000090,3,47,-44
218000091,631,382,249
218000092,32,211,-179
218000093,42,127,-85
218000094,394,797,-403
218000099,256,292,-36
218000100,233,329,-96
218000101,89,183,-94
218000102,105,370,-265
218000103,41,209,-168
218000104,15,58,-43
218000105,24,16,8
218000106,26,15,11
218000107,29,108,-79
218000108,4,43,-39
218000112,55,17,38
218000117,20,44,-24
218000134,289,787,-498
218000135,7,86,-79
218000136,93,44,49
218000137,58,141,-83
218000138,3,93,-90
218000139,96,374,-278
218000140,131,288,-157
218000141,7,81,-74
218000142,53,97,-44
218000143,15,172,-157
218000144,11,49,-38
218000145,174,543,-369
218000146,19,94,-75
218000151,0,12,-12
218000152,49,37,12
218000170,0,11,-11
218000171,21,15,6
218000172,14,10,4
218000173,11,4,7
218000174,5,2,3
218000176,70,15,55
218000177,166,51,115
218000178,78,73,5
218000179,43,48,-5
218000180,33,25,8
218000181,74,15,59
218000187,2,23,-21
218000188,9,35,-26
218000189,5,40,-35
218000190,0,7,-7
218000191,72,217,-145
218000192,79,466,-387
218000193,230,570,-340
218000194,52,463,-411
218000195,67,122,-55
218000196,149,326,-177
218000197,90,428,-338
218000198,7,195,-188
218000199,17,35,-18
218000200,48,35,13
218000201,10,6,4
218000202,158,178,-20
218000207,11,48,-37
218000208,20,45,-25
218000211,21,10,11
218000213,67,53,14
218000214,1,18,-17
218000215,39,100,-61
218000217,2,127,-125
218000218,115,44,71
218000219,15,12,3
218000220,45,256,-211
218000221,519,159,360
218000222,25,26,-1
218000223,30,85,-55
218000224,8,30,-22
218000225,196,18,178
218000226,52,39,13
218000232,33,70,-37
218000239,26,2,24
218000240,2,0,2
218000241,1,0,1
218000242,0,0,0
218000243,0,1,-1
218000244,2,1,1
218000245,5,1,4
218000246,0,2,-2
218000247,1,0,1
218000248,0,16,-16
218000249,0,4,-4
218000250,4,9,-5
218000251,2,13,-11
218000252,0,34,-34
218000253,2,14,-12
218000254,0,21,-21
218000255,0,3,-3
218000256,4,31,-27
218000267,1031,1347,-316
218000268,0,70,-70
218000269,6,6,0
218000270,37,75,-38
218000271,58,70,-12
218000273,4,7,-3
218000274,21,9,12
218000275,4,24,-20
218000276,5,39,-34
218000278,13,19,-6
218000279,12,108,-96
218000280,2,57,-55
218000281,16,12,4
218000282,367,176,191
218000284,73,10,63
218000301,27,95,-68
218000302,45,37,8
218000303,18,95,-77
218000316,711,1710,-999
218000317,413,1683,-1270
218000318,239,1099,-860
218000319,608,1615,-1007
218000320,567,822,-255
218000338,52,13,39
218000345,176,54,122
218000346,56,120,-64
218000459,58,243,-185
218000490,52,58,-6
218000501,18,29,-11
218000502,12,171,-159
218000503,29,9,20
218000504,62,6,56
218000505,19,239,-220
218000506,37,207,-170
218000508,6,2,4
218000510,126,7,119
218000520,80,112,-32
218000521,4,93,-89
218000522,1,156,-155
218000523,60,26,34
218000524,21,58,-37
218000525,16,16,0
218000526,67,44,23
218000529,33,258,-225
218000531,3,21,-18
218000532,15,31,-16
218000534,45,9,36
218000537,35,57,-22
218000538,65,153,-88
218000540,149,52,97
218000543,54,40,14
218000544,69,91,-22
218000545,14,38,-24
218000546,50,101,-51
218000547,37,84,-47
218000548,66,185,-119
218000549,502,131,371
218000550,415,460,-45
218000551,313,254,59
218000552,663,40,623
218000553,106,72,34
218000554,29,20,9
218000555,14,47,-33
218000556,99,504,-405
218000557,161,136,25
218000558,12,0,12
218000559,0,21,-21
218000560,0,25,-25
218000561,21,1,20
218000562,13,177,-164
218000563,127,18,109
218000564,7,75,-68
218000565,197,15,182
218000566,362,7,355
218000567,0,47,-47
218000568,8,0,8
218000569,11,20,-9
218000570,186,4,182
218000571,0,119,-119
218000572,35,1,34
218000573,25,49,-24
218000574,139,65,74
218000575,49,1,48
218000576,0,104,-104
218000577,6,0,6
218000578,1,55,-54
218000585,7,2,5
218000586,1,41,-40
218000587,12,1,11
218000589,0,0,0
218000590,3,0,3
218000591,0,4,-4
218000592,0,0,0
218000593,1,0,1
218000594,3,3,0
218000597,0,0,0
218000598,0,0,0
218000599,0,0,0
218000600,0,0,0
218000601,1,0,1
218000602,0,3,-3
218000603,0,1,-1
218000604,9,6,3
218000605,0,18,-18
218000606,50,1,49
218000607,18,7,11
218000608,12,10,2
218000609,2,45,-43
218000610,4,24,-20
218000611,39,7,32
218000612,3,42,-39
218000613,33,12,21
218000614,13,39,-26
218000615,62,1,61
218000616,0,126,-126
218000617,13,2,11
218000618,0,33,-33
218000619,2,7,-5
218000620,2,12,-10
218000621,0,1,-1
218000622,0,0,0
218000623,4,0,4
218000624,0,3,-3
218000625,1,0,1
218000626,0,4,-4
218000628,36,48,-12
218000631,11,18,-7
218000632,2,47,-45
218000633,27,0,27
218000634,5,26,-21
218000635,3,9,-6
218000636,556,1453,-897
218000637,506,822,-316
218000638,31,33,-2
218000639,12,214,-202
218000640,56,18,38
218000641,22,300,-278
218000652,101,100,1
218000653,151,39,112
218000663,15,138,-123
218000675,37,53,-16
218000680,190,669,-479
218000681,273,114,159
218000691,97,525,-428
218000693,80,111,-31
218000718,975,230,745
218000719,1229,44,1185
218000720,9,21,-12
218000721,12,8,4
218001147,3,536,-533
218001214,11,15,-4
218001258,39,2,37
218001329,164,86,78
218001330,168,118,50
218001351,19,25,-6
218001352,5,15,-10
218001353,5,11,-6
218001354,1,29,-28
218001355,67,549,-482
218001356,93,4,89
218001357,17,358,-341
218001358,93,2,91
218001361,43,12,31
218001362,1,714,-713
219000001,12,123,-111
219000002,24,96,-72
219000003,31,41,-10
219000004,53,56,-3
219000017,79,29,50
219000020,42,14,28
219000022,96,2,94
219000023,74,3,71
219000029,0,71,-71
219000034,13,5,8
219000039,8,84,-76
219000040,11,28,-17
219000041,133,50,83
219000051,1,80,-79
219000052,0,23,-23
219000053,2,365,-363
219000055,32,1,31
219000056,9,2,7
219000057,27,0,27
219000062,12,243,-231
219000063,58,19,39
219000064,2,43,-41
219000110,157,81,76
219000111,88,36,52
219000112,151,69,82
219000113,165,52,113
219000114,362,17,345
219000116,64,45,19
219000117,118,128,-10
219000118,64,51,13
219000123,258,137,121
219000124,80,78,2
219000125,16,31,-15
219000126,98,156,-58
219000127,1,5,-4
219000128,24,128,-104
219000129,57,151,-94
219000130,2002,511,1491
219000131,1567,514,1053
219000133,32,26,6
219000134,5,23,-18
219000135,17,67,-50
219000136,98,165,-67
219000138,67,23,44
219000139,17,110,-93
219000140,16,5,11
219000141,10,212,-202
219000142,15,174,-159
219000143,12,198,-186
219000145,8,40,-32
219000146,12,73,-61
219000147,3,71,-68
219000148,6,46,-40
219000149,41,231,-190
219000150,2,130,-128
219000151,4,93,-89
219000157,258,192,66
219000158,124,287,-163
219000161,165,20,145
219000163,1768,589,1179
219000166,59,206,-147
219000167,79,310,-231
219000168,629,105,524
219000174,222,81,141
219000175,19,3,16
219000176,40,7,33
219000177,8,3,5
219000178,9,2,7
219000179,5,3,2
219000180,21,26,-5
219000182,49,35,14
219000183,13,41,-28
219000184,48,1,47
219000185,1,142,-141
219000186,10,51,-41
219000187,11,135,-124
219000189,215,111,104
219000190,183,208,-25
219000191,2202,584,1618
219000192,144,88,56
219000193,722,173,549
219000195,0,84,-84
219000196,4,143,-139
219000198,40,240,-200
219000199,145,253,-108
219000200,50,257,-207
219000201,121,303,-182
219000203,19,135,-116
219000204,100,244,-144
219000205,85,224,-139
219000207,493,164,329
219000209,17,113,-96
219000210,35,137,-102
219000213,17,315,-298
219000239,187,301,-114
219000240,171,300,-129
219000241,110,177,-67
219000242,87,216,-129
219000243,37,405,-368
219000244,4,113,-109
219000245,36,28,8
219000246,31,6,25
219000247,36,56,-20
219000248,266,179,87
219000249,125,86,39
219000250,78,95,-17
219000251,308,136,172
219000252,114,133,-19
219000253,115,27,88
219000255,69,76,-7
219000256,46,87,-41
219000257,111,0,111
219000262,139,330,-191
219000263,59,321,-262
219000267,9,220,-211
219000268,5,10,-5
219000269,0,0,0
219000270,6,0,6
219000271,72,1,71
219000278,1,17,-16
219000279,2,4,-2
219000283,0,14,-14
219000295,8,150,-142
219000296,40,746,-706
219000297,16,319,-303
219000298,16,316,-300
219000299,389,37,352
219000300,34,459,-425
219000301,217,393,-176
219000302,27,274,-247
219000307,53,101,-48
219000308,46,31,15
219000311,76,39,37
219000312,214,35,179
219000313,130,29,101
219000314,115,712,-597
219000315,62,33,29
219000316,146,15,131
219000317,34,9,25
219000320,2,69,-67
219000321,0,25,-25
219000323,2,72,-70
219000325,1,50,-49
219000326,75,184,-109
219000327,51,58,-7
219000328,32,59,-27
219000329,244,144,100
219000330,30,28,2
219000331,27,48,-21
219000332,77,87,-10
219000333,2,2,0
219000335,44,4,40
219000337,2,1,1
219000338,27,0,27
219000344,21,135,-114
219000345,76,200,-124
219000346,23,309,-286
219000348,37,240,-203
219000349,23,249,-226
219000350,13,77,-64
219000351,1,0,1
219000352,112,112,0
219000353,79,86,-7
219000354,65,147,-82
219000355,94,66,28
219000356,1828,298,1530
219000363,260,24,236
219000364,103,16,87
219000365,82,14,68
219000366,274,86,188
219000368,545,332,213
219000370,1130,277,853
219000371,37,15,22
219000382,8,23,-15
219000383,1031,583,448
219000385,656,405,251
219000386,1254,1183,71
219000387,0,4,-4
219000390,1,0,1
219000391,0,0,0
219000397,98,159,-61
219000398,42,33,9
219000401,17,95,-78
219000402,10,106,-96
219000403,52,198,-146
219000404,9,60,-51
219000407,2,19,-17
219000409,21,32,-11
219000410,36,33,3
219000411,29,13,16
219000446,283,416,-133
219000447,0,40,-40
219000448,0,5,-5
219000452,116,97,19
219000453,72,87,-15
219000454,312,236,76
219000556,106,52,54
219000558,50,287,-237
219000590,9,183,-174
219000591,21,52,-31
219000592,82,500,-418
219000595,1,20,-19
219000635,24,12,12
219000636,15,186,-171
219000657,17,49,-32
219000658,7,52,-45
219000673,0,6,-6
219000676,11,0,11
219000679,4,6,-2
219000684,21,6,15
219000685,8,126,-118
219000686,1,2,-1
219000688,2,123,-121
219000689,99,162,-63
219000690,258,13,245
219000691,81,98,-17
219000692,121,14,107
219000693,0,14,-14
219000694,8,0,8
219000695,4,1,3
219000698,4,0,4
219000699,0,15,-15
219000727,4,314,-310
219000728,54,3,51
219000770,22,1,21
219000771,0,34,-34
219000788,262,362,-100
219001150,1,4,-3
219001151,0,8,-8
219001166,36,3,33
219001167,0,55,-55
219001178,12,2,10
220000001,13,15,-2
220000002,10,122,-112
220000003,250,258,-8
220000004,504,544,-40
220000005,1493,1061,432
220000006,243,880,-637
220000007,208,884,-676
220000008,152,1165,-1013
220000009,128,476,-348
220000010,125,230,-105
220000011,507,1673,-1166
220000012,180,365,-185
220000014,378,298,80
220000015,27,140,-113
220000017,22,370,-348
220000018,4927,726,4201
220000019,49,216,-167
220000020,141,287,-146
220000021,307,174,133
220000022,291,478,-187
220000023,102,170,-68
220000024,1307,265,1042
220000025,342,336,6
220000026,191,136,55
220000027,12,71,-59
220000028,17,43,-26
220000029,609,421,188
220000030,139,132,7
220000031,67,282,-215
220000064,16,854,-838
221000046,6,0,6
221000047,0,4,-4
221000048,0,0,0
221000049,0,26,-26
221000050,4,0,4
221000055,45,39,6
221000057,39,3,36
221000068,268,83,185
221000069,188,35,153
221000070,126,21,105
221000071,39,5,34
221000072,121,23,98
221000073,88,62,26
221000074,1,8,-7
221000075,17,10,7
221000076,8,58,-50
221000077,40,100,-60
221000081,15,6,9
221000082,18,3,15
221000083,46,0,46
221000084,0,5,-5
221000085,21,60,-39
221000086,8,202,-194
221000087,8,188,-180
221000088,25,167,-142
221000089,35,194,-159
221000090,118,335,-217
221000098,72,7,65
221000099,93,7,86
221000100,50,3,47
221000101,224,13,211
221000102,81,12,69
221000109,4,111,-107
221000110,2,135,-133
221000111,20,163,-143
221000112,3,150,-147
221000113,12,162,-150
221000114,17,196,-179
221000120,10,11,-1
221000121,0,17,-17
221000122,8,18,-10
221000123,16,48,-32
221000124,18,241,-223
221000155,33,8,25
221000156,24,19,5
221000175,2,3,-1
221000176,1,7,-6
221000182,24,4,20
221000241,506,165,341
221000242,295,226,69
221000243,365,94,271
221000244,173,354,-181
221000245,59,139,-80
221000246,11,309,-298
221000247,39,161,-122
221000248,23,180,-157
221000267,46,647,-601
221000325,58,36,22
221000331,5,74,-69
221000338,1,9,-8
221000378,70,11,59
221000381,85,126,-41
222000282,1,0,1
222000296,0,14,-14
222000568,160,8,152
222000569,60,15,45
222000570,97,0,97
222000571,77,4,73
222000577,19,203,-184
222000578,14,191,-177
222000579,26,115,-89
222000580,89,646,-557
222000599,1,151,-150
222000600,1,292,-291
222000601,11,764,-753
222000603,9,6,3
222000604,18,27,-9
222000605,3,6,-3
222000606,0,8,-8
222000607,1,2,-1
222000608,2,5,-3
222000609,12,458,-446
222000616,56,26,30
222000617,0,5,-5
222000618,3,1,2
222000620,22,13,9
222000621,35,12,23
222000623,261,5,256
222000624,132,0,132
222000625,184,41,143
222000636,29,3,26
222000686,6,6,0
222000687,27,11,16
222001066,110,1,109
222001067,4,3,1
222001068,5,31,-26
222001069,11,21,-10
222001082,6,26,-20
222001083,2,61,-59
222001084,0,54,-54
222001085,1,80,-79
222001111,4,239,-235
222001112,19,24,-5
222001313,6,2,4
222001314,1,68,-67
222001464,40,24,16
222001465,19,277,-258
222001484,41,32,9
222001485,14,98,-84
222001494,71,78,-7
222001495,94,489,-395
222001496,83,48,35
222001497,82,639,-557
222001502,14,139,-125
222001503,25,54,-29
222001504,18,248,-230
222001505,149,10,139
222001506,29,163,-134
222001507,197,17,180
222001510,126,25,101
222001511,22,431,-409
222001514,513,69,444
222001515,224,610,-386
222001518,110,29,81
222001519,17,398,-381
222001527,224,20,204
222001528,67,154,-87
222001529,64,52,12
222001530,10,214,-204
222001533,101,356,-255
222001534,81,75,6
222001535,71,72,-1
222001536,83,441,-358
222001537,124,13,111
222001538,28,415,-387
222001563,123,88,35
222001564,34,833,-799
222001568,93,82,11
222001576,0,0,0
222001579,0,3,-3
222001583,10,263,-253
222001584,38,14,24
222001596,382,1328,-946
222001597,513,180,333
222001626,2,176,-174
222001650,41,57,-16
222001651,45,82,-37
222001914,117,46,71
222001915,28,187,-159
222001968,353,120,233
222001969,473,877,-404
222001970,91,187,-96
222001971,3,10,-7
222001972,2,33,-31
225000001,363,102,261
225000002,238,71,167
225000003,172,60,112
225000004,125,185,-60
225000005,6,45,-39
225000006,0,114,-114
225000007,3467,977,2490
225000010,170,28,142
225000011,383,429,-46
225000012,70,219,-149
225000013,23,103,-80
225000014,320,58,262
225000015,116,272,-156
225000021,368,104,264
225000027,207,551,-344
225000032,565,80,485
225000042,53,686,-633
225000049,40,65,-25
225000050,25,11,14
225000053,5,117,-112
225000058,393,119,274
225000067,148,260,-112
225000068,107,586,-479
225000069,275,514,-239
225000070,52,531,-479
225000071,18,294,-276
225000075,30,698,-668
225000076,79,75,4
225000078,32,23,9
225000085,17,67,-50
225000086,64,31,33
225000087,142,14,128
225000088,8,198,-190
225000089,552,344,208
225000090,24,390,-366
225000091,32,263,-231
225000092,17,69,-52
225000093,115,484,-369
225000094,16,571,-555
225000095,253,535,-282
225000096,110,353,-243
225000098,230,123,107
225000099,141,60,81
225000100,104,96,8
225000104,48,515,-467
225000110,11,510,-499
225000111,132,1075,-943
225000112,224,1044,-820
225000113,59,754,-695
225000114,39,398,-359
225000115,2991,418,2573
225000116,919,58,861
225000117,560,256,304
225000118,426,185,241
225000119,57,27,30
225000120,281,29,252
225000121,239,9,230
225000123,584,6,578
225000125,122,270,-148
225000126,1018,196,822
225000127,1032,416,616
225000128,294,287,7
225000132,135,19,116
225000133,152,23,129
225000134,380,44,336
225000135,41,4,37
225000136,66,13,53
225000137,52,51,1
225000138,214,29,185
225000143,55,173,-118
225000144,3,297,-294
225000145,30,44,-14
225000146,39,126,-87
225000147,7,435,-428
225000148,4,215,-211
225000149,45,484,-439
225000151,34,296,-262
225000155,185,283,-98
225000156,125,501,-376
225000157,85,352,-267
225000158,36,375,-339
225000171,2,233,-231
225000180,9,0,9
225000181,0,68,-68
225000182,48,1,47
225000185,10,301,-291
225000187,47,450,-403
225000191,41,1,40
225000194,0,14,-14
225000208,2,75,-73
225000209,23,14,9
225000210,7,125,-118
225000217,0,8,-8
225000218,1,0,1
225000223,0,67,-67
225000224,56,0,56
225000225,0,16,-16
225000226,27,0,27
225000227,36,53,-17
225000228,3,2,1
225000229,0,98,-98
225000230,3,0,3
225000231,0,141,-141
225000232,17,0,17
225000241,39,0,39
225000242,4,57,-53
225000249,14,18,-4
225000250,39,943,-904
225000251,188,33,155
226000042,155,208,-53
226000043,113,353,-240
226000044,137,703,-566
226000045,125,799,-674
226000046,215,31,184
226000047,188,63,125
226000048,188,36,152
226000049,155,73,82
226000070,0,20,-20
226000071,0,47,-47
226000072,0,6,-6
226000073,0,4,-4
226000074,0,17,-17
226000084,1,20,-19
226000085,2,11,-9
226000086,11,7,4
226000087,1,14,-13
226000088,1,7,-6
226000090,54,35,19
226000091,10,5,5
226000092,2,1,1
226000093,10,0,10
226000094,19,1,18
226000095,6,1,5
226000105,4,0,4
226000106,3,0,3
226000107,2,0,2
226000108,9,0,9
226000109,19,0,19
226000124,85,29,56
226000134,214,401,-187
226000135,643,423,220
226000136,129,252,-123
226000137,1,193,-192
226000138,6,390,-384
226000139,10,182,-172
226000156,37,4,33
226000157,68,1,67
226000163,199,448,-249
226000202,9,435,-426
226000231,147,6,141
226000232,15,5,10
227000037,60,7,53
227000038,137,20,117
227000049,0,19,-19
227000050,1,52,-51
227000055,13,0,13
227000056,8,0,8
227000084,1,20,-19
227000085,1,26,-25
227000088,15,3,12
227000089,31,0,31
227000090,4,0,4
227000091,4,1,3
227000093,16,0,16
227000094,10,0,10
227000130,23,54,-31
227000131,4,246,-242
227000132,35,249,-214
227000133,19,251,-232
227000134,21,356,-335
227000152,0,2,-2
227000153,0,42,-42
227000155,0,16,-16
227000156,0,9,-9
227000165,1,20,-19
227000196,31,376,-345
227000199,86,12,74
227000230,27,281,-254
227000232,159,23,136
227000241,195,4,191
227000242,54,393,-339
227000243,397,36,361
227000244,215,45,170
227000245,20,212,-192
227000246,49,465,-416
227000247,161,58,103
227000248,112,19,93
227000249,18,272,-254
227000251,158,306,-148
227000252,19,350,-331
227000253,51,19,32
227000262,239,7,232
227000266,263,15,248
227000267,74,1535,-1461
227000486,394,133,261
227000655,97,9,88
227000661,93,4,89
227000680,45,16,29
229000265,2,27,-25
229000296,0,15,-15
229000297,4,47,-43
229000298,4,98,-94
229000320,3,2,1
229000321,0,1,-1
229000412,19,18,1
229000414,4,30,-26
229000415,5,0,5
229000416,0,10,-10
229000417,2,17,-15
229000419,69,89,-20
229000440,157,41,116
229000442,4,4,0
229000443,0,7,-7
229000444,0,16,-16
229000445,7,3,4
229000446,16,12,4
229000847,6,0,6
229000848,2,0,2
229000849,84,1,83
229000851,4,0,4
229000854,5,76,-71
229000856,3,182,-179
229000857,0,54,-54
229000858,1,182,-181
229000919,11,97,-86
229000930,14,240,-226
229000937,56,19,37
229000966,28,20,8
229000981,26,98,-72
229000985,4,16,-12
229000986,0,0,0
229000987,0,0,0
229000988,2,0,2
229000989,2,2,0
229000990,0,0,0
229000991,0,0,0
229000992,6,1,5
229000993,68,6,62
229000998,22,45,-23
229000999,27,5,22
229001034,0,6,-6
229001035,2,0,2
229001037,26,17,9
229001042,5,11,-6
229001047,0,40,-40
229001050,13,35,-22
229001200,0,0,0
229001338,4,13,-9
229001394,258,2,256
229001422,87,19,68
229001423,23,191,-168
229001431,50,40,10
229001432,49,92,-43
229001444,45,25,20
229001445,21,83,-62
229001503,111,111,0
229001504,84,207,-123
229001505,95,64,31
229001506,87,257,-170
229001509,31,17,14
229001545,42,18,24
229001546,2,129,-127
229001553,33,11,22
229001554,14,122,-108
229001559,0,6,-6
229001560,1,6,-5
229001630,31,14,17
229001631,2,34,-32
229001635,0,6,-6
229001636,0,6,-6
229001658,2,61,-59
229001659,150,2,148
229001660,0,1,-1
229001661,0,25,-25
229001662,52,0,52
229001663,0,57,-57
229002584,85,52,33
229002831,141,38,103
229002841,0,25,-25
229002842,4,5,-1
229002843,3,8,-5
229002844,6,24,-18
229002845,1,25,-24
229002846,6,5,1
229002847,1,6,-5
229002848,1,0,1
229002849,0,31,-31
229002850,0,0,0
229002851,35,65,-30
229002852,31,20,11
229002853,28,4,24
229002854,9,21,-12
229002855,7,26,-19
229002856,31,5,26
229002857,0,22,-22
229002858,0,1,-1
229002859,10,13,-3
229002860,7,8,-1
229002861,5,17,-12
229002862,8,41,-33
229002863,1,26,-25
229002864,2,15,-13
229002865,1,2,-1
229002866,4,10,-6
229002867,0,4,-4
229002868,1,8,-7
229002869,7,57,-50
229002870,4,4,0
235000066,240,51,189
235000067,75,83,-8
235000072,23,41,-18
235000073,50,212,-162
235000074,19,89,-70
235000080,39,53,-14
235000081,52,144,-92
235000082,83,50,33
235000083,70,47,23
235000084,38,33,5
235000085,17,56,-39
235000089,7,24,-17
235000092,7,118,-111
235000093,4,5,-1
235000097,15,1,14
235000098,43,11,32
235000099,14,13,1
235000116,24,19,5
235000117,478,6,472
235000133,8,173,-165
235000134,2,67,-65
235000206,0,2,-2
235000207,0,7,-7
235000208,1,0,1
235000209,2,1,1
235000210,4,3,1
235000212,3,14,-11
235000213,0,3,-3
235000220,1,6,-5
235000221,10,17,-7
235000238,4,7,-3
235000239,0,6,-6
235000242,159,164,-5
235000245,807,184,623
235000246,20,56,-36
235000284,2,73,-71
235000295,37,1,36
235000305,57,6,51
235000306,24,2,22
235000307,1,0,1
235000308,4,0,4
235000309,7,0,7
235000310,2,0,2
235000311,18,3,15
235000322,0,25,-25
235000323,0,57,-57
235000324,1,10,-9
235000325,0,13,-13
235000326,6,299,-293
235000351,1,86,-85
235000352,23,33,-10
235000353,4,16,-12
235000354,5,34,-29
235000355,0,35,-35
235000356,10,5,5
235000357,6,1,5
235000358,3,3,0
235000359,3,2,1
235000360,17,5,12
235000361,7,1,6
235000381,28,329,-301
235000382,75,26,49
235000390,17,0,17
235000391,40,19,21
235000392,62,63,-1
235000393,74,60,14
235000395,21,25,-4
235000396,97,47,50
235000400,48,104,-56
235000401,23,147,-124
235000405,106,342,-236
235000406,21,254,-233
235000407,73,145,-72
235000409,229,212,17
235000410,51,198,-147
235000411,1,89,-88
235000485,0,4,-4
235000486,0,0,0
235000549,7,32,-25
235000550,19,161,-142
235000599,58,63,-5
235000600,5,7,-2
235000601,9,12,-3
235000602,28,69,-41
235000614,1,2,-1
235000648,2,30,-28
235000649,6,0,6
235000685,0,2,-2
235000815,4,6,-2
235000834,0,3,-3
235000855,27,11,16
235000862,15,205,-190
235000891,0,5,-5
235000892,3,5,-2
235000901,19,80,-61
235000907,1,9,-8
235001010,1,45,-44
235001029,499,299,200
235001030,288,50,238
235001078,62,65,-3
235001079,70,119,-49
235001147,42,48,-6
235001166,7,41,-34
235001167,5,31,-26
235001169,16,254,-238
235001188,0,3,-3
235001189,0,0,0
235001197,2,28,-26
235001200,17,17,0
235001207,130,57,73
235001210,44,415,-371
235001215,38,263,-225
235001239,0,49,-49
235001244,1,1,0
235016267,1,1,0
277102712,0,0,0
277103813,0,0,0
277104249,0,5,-5
277104250,0,6,-6
277104251,0,16,-16
277104252,0,0,0
990011530,1,252,-251
990014944,1,475,-474
990015176,9,0,9
990016032,0,294,-294
990032570,0,39,-39
990070001,26,1,25
990070103,0,0,0
990070601,0,28,-28
990070751,63,0,63
990070766,3,760,-757
990071180,210,152,58
990071343,46,1,45
990071387,0,2,-2
990071823,6,0,6
990072600,1,553,-552
990072964,1,597,-596
990073285,0,12,-12
990074393,2,1058,-1056
990074870,191,1,190
990075106,80,3,77
990075746,72,2,70
990076437,258,76,182
990076458,1,1495,-1494
997000007,64,4,60
997000041,0,109,-109
997000058,9,2,7
997000062,12,0,12
997000069,0,2,-2
997000070,0,59,-59
997000100,0,1,-1
997000141,1,135,-134
997000198,115,86,29
998000475,1,5,-4
998000736,0,339,-339
998000965,0,0,0
998001031,0,48,-48
998001700,1,29,-28
998001899,0,1,-1
998001900,4,1,3
998003073,159,3,156
998101900,0,0,0
998102850,0,78,-78
998501927,325,268,57
998501929,69,4,65
998501930,57,0,57
998501931,85,46,39
998501932,3,0,3
998501933,19,3,16
998501937,5,2,3
998501944,0,1,-1
998501950,0,6,-6
998501970,6,3,3
998501971,2,31,-29
998501973,0,54,-54
998501974,1,264,-263
998501975,90,2,88
998501976,82,43,39
998501977,1,38,-37
998501978,10,0,10
998501979,0,6,-6
998501980,71,14,57
998501981,5,8,-3
998501982,1,86,-85
998501983,0,2,-2
998502006,0,0,0
998502024,0,6,-6
998502032,0,3,-3
998502062,8,2,6
998502063,0,0,0
998502173,48,2,46
998502269,0,18,-18
998502546,0,105,-105
998502578,1,0,1
998502599,93,172,-79
998502621,0,0,0
998601159,1,343,-342
998601292,0,16,-16
999033574,4,827,-823
999800001,23,4,19
999800002,0,3,-3
999800003,3,2,1
999800004,0,6,-6
999800005,0,2,-2
